{"tonal": {"thpcp": [1, 0.558988511562, 0.179563850164, 0.120212435722, 0.122772440314, 0.192999765277, 0.302817225456, 0.278885960579, 0.252076804638, 0.30844143033, 0.289532154799, 0.349839359522, 0.450820535421, 0.340779066086, 0.282486110926, 0.428794562817, 0.367521673441, 0.16508051753, 0.111425183713, 0.14388012886, 0.312333881855, 0.480706632137, 0.382947176695, 0.277091115713, 0.220354512334, 0.140196561813, 0.235951587558, 0.366036713123, 0.309291929007, 0.229550153017, 0.240038588643, 0.217510461807, 0.216318920255, 0.269567012787, 0.391255050898, 0.798947393894], "hpcp": {"dmean2": [0.311793118715, 0.301346182823, 0.18575912714, 0.130836710334, 0.129583835602, 0.151277512312, 0.164474904537, 0.166971862316, 0.169548854232, 0.172307029366, 0.199164420366, 0.222524896264, 0.23466847837, 0.213749632239, 0.194152384996, 0.183978900313, 0.172126710415, 0.135367840528, 0.105790711939, 0.131616711617, 0.19944550097, 0.202464684844, 0.176648795605, 0.208904772997, 0.182004600763, 0.128744199872, 0.195717975497, 0.225301101804, 0.184103518724, 0.162017092109, 0.177206754684, 0.175190374255, 0.171745955944, 0.229311078787, 0.31089708209, 0.344444006681], "median": [0.207942545414, 0.0902527794242, 0.0118496771902, 0.00544989760965, 0.00488974759355, 0.00934478640556, 0.0148669052869, 0.0162573009729, 0.014451559633, 0.0109737049788, 0.0159033872187, 0.0313109010458, 0.037964772433, 0.0269349534065, 0.021418068558, 0.0159743726254, 0.0120936790481, 0.00934140570462, 0.00687153358012, 0.00935342907906, 0.0352030210197, 0.0581107400358, 0.048339612782, 0.019391560927, 0.0103466827422, 0.00806984677911, 0.0122812613845, 0.0205927565694, 0.0243518948555, 0.0191835165024, 0.0149315409362, 0.0122851934284, 0.0161482058465, 0.0210448633879, 0.0445952937007, 0.155852690339], "min": [0, 0, 0, 0, 0, 0, 0, 0, 0, 0, 0, 0, 0, 0, 0, 0, 0, 0, 0, 0, 0, 0, 0, 0, 0, 0, 0, 0, 0, 0, 0, 0, 0, 0, 0, 0], "dvar2": [0.138230800629, 0.134317338467, 0.103141665459, 0.0783459693193, 0.0794919133186, 0.0870693251491, 0.0875976681709, 0.0903055593371, 0.0937123373151, 0.100872904062, 0.118852056563, 0.120775483549, 0.109446451068, 0.105768673122, 0.104587867856, 0.0992109179497, 0.0957242697477, 0.0646916106343, 0.0587371475995, 0.0688791647553, 0.0988540276885, 0.0887419134378, 0.0687643066049, 0.114672891796, 0.100760661066, 0.0628523379564, 0.111273348331, 0.120592415333, 0.0798466950655, 0.0753377079964, 0.103362314403, 0.100326322019, 0.0918845310807, 0.141074225307, 0.171912610531, 0.147478550673], "dvar": [0.0587140992284, 0.0498203374445, 0.0361820310354, 0.0267736446112, 0.0275968573987, 0.0313260443509, 0.0371289141476, 0.0342797040939, 0.0346061550081, 0.0388192124665, 0.0438996255398, 0.0453501716256, 0.0461470894516, 0.0412951372564, 0.0380768179893, 0.0400525815785, 0.0385982878506, 0.0225920751691, 0.0205281730741, 0.0252169668674, 0.0380238518119, 0.0366560220718, 0.027202444151, 0.0417747683823, 0.0363585501909, 0.0220789723098, 0.0401000417769, 0.0467140264809, 0.0307672508061, 0.0276123788208, 0.0379771925509, 0.0378401651978, 0.0349091291428, 0.0489150322974, 0.0616937801242, 0.0579727143049], "dmean": [0.184129789472, 0.17382825911, 0.0995439663529, 0.0692128911614, 0.0687937438488, 0.0837661325932, 0.0961349904537, 0.0969777479768, 0.095687314868, 0.0973798856139, 0.111406482756, 0.126715704799, 0.137402534485, 0.123801998794, 0.108367912471, 0.103116557002, 0.0987318456173, 0.0750418454409, 0.0574743896723, 0.0727178901434, 0.115007214248, 0.119988270104, 0.103739194572, 0.115498945117, 0.100134149194, 0.0701876878738, 0.106774277985, 0.126179099083, 0.104277662933, 0.0907263085246, 0.0990915223956, 0.0981437787414, 0.0967756435275, 0.126727208495, 0.173384979367, 0.202032729983], "max": [1, 1, 1, 1, 1, 1, 1, 1, 1, 1, 1, 1, 1, 1, 1, 1, 1, 1, 1, 1, 1, 1, 1, 1, 1, 1, 1, 1, 1, 1, 1, 1, 1, 1, 1, 1], "var": [0.153408065438, 0.0686514824629, 0.0245193745941, 0.0166342984885, 0.0180353801697, 0.0273329224437, 0.0583402775228, 0.0446306206286, 0.0366897769272, 0.0633901134133, 0.0493536815047, 0.0513275116682, 0.0748716890812, 0.0481821484864, 0.0401057489216, 0.0924699306488, 0.0781386941671, 0.0185015778989, 0.0133852288127, 0.0179944392294, 0.041947606951, 0.0769286900759, 0.0539669618011, 0.041587933898, 0.0330845303833, 0.016774116084, 0.0336366929114, 0.0654304474592, 0.0466593913734, 0.0307358298451, 0.0405603274703, 0.0349414534867, 0.0312640331686, 0.0389327816665, 0.0562583953142, 0.110855527222], "mean": [0.383916288614, 0.214604794979, 0.0689374879003, 0.0461515113711, 0.0471343398094, 0.0740957558155, 0.116256467998, 0.107068859041, 0.0967763885856, 0.118415690958, 0.111156105995, 0.134309023619, 0.173077344894, 0.13083063066, 0.108451016247, 0.164621219039, 0.141097560525, 0.063377097249, 0.0427779443562, 0.0552379265428, 0.119910061359, 0.184551104903, 0.147019654512, 0.106379792094, 0.084597684443, 0.0538237430155, 0.0905856564641, 0.140527456999, 0.118742205203, 0.0881280452013, 0.0921547263861, 0.0835058093071, 0.0830483585596, 0.103491164744, 0.150209188461, 0.306728929281]}, "tuning_equal_tempered_deviation": 0.0604423098266, "chords_changes_rate": 0.0614692643285, "key_key": "D", "tuning_diatonic_strength": 0.640391945839, "key_scale": "major", "chords_number_rate": 0.00199900055304, "tuning_frequency": 439.238189697, "tuning_nontempered_energy_ratio": 0.727326869965, "chords_histogram": [16.0669670105, 15.367316246, 39.2303848267, 0.899550199509, 0.27486255765, 0.349825084209, 0, 0, 0.149925038218, 0.199900045991, 0, 0.0499750114977, 1.0994502306, 0.399800091982, 0, 0.599700152874, 0, 2.79860067368, 0.499750137329, 12.5687160492, 3.4982509613, 0, 0.0499750114977, 5.89705133438], "key_strength": 0.756763577461, "chords_key": "A", "chords_strength": {"dmean2": 0.0112809985876, "median": 0.552216470242, "min": -1, "dvar2": 0.000963046273682, "dvar": 0.000568399729673, "dmean": 0.0109549369663, "max": 0.802125275135, "var": 0.0234996955842, "mean": 0.548396348953}, "chords_scale": "major", "hpcp_entropy": {"dmean2": 1.10952186584, "median": 1.80702733994, "min": 0, "dvar2": 0.863017618656, "dvar": 0.324277788401, "dmean": 0.665263652802, "max": 4.50372314453, "var": 0.676424920559, "mean": 1.82551002502}}, "metadata": {"audio_properties": {"equal_loudness": 0, "codec": "flac", "downmix": "mix", "sample_rate": 44100, "analysis_sample_rate": 44100, "bit_rate": 0, "md5_encoded": "b91a48c5d0816c7c8c1bf54a66e64bae", "length": 185.773330688, "replay_gain": -12.9770355225, "lossless": true}, "version": {"essentia_build_sha": "70f2e5ece6736b2c40cc944ad0e695b16b925413", "essentia": "2.1-beta2", "extractor": "music 1.0", "essentia_git_sha": "v2.1_beta2"}, "tags": {"title": ["Call Out the Sun"], "barcode": ["0602537003099"], "media": ["CD"], "albumartist": ["Roman Lob"], "tracktotal": ["13"], "musicbrainz_releasegroupid": ["f81cce84-882c-4ff8-9d84-19c682b45b7f"], "releasetype": ["album"], "musicbrainz_recordingid": ["1124beb0-ac43-4345-bb45-ec46154a4fb0"], "mood": ["Sexy"], "musicbrainz_albumartistid": ["eca90009-116a-40f6-b4ec-85e7d7af2153"], "musicbrainz_discid": ["1vZqcIWgyUzCbauDW00T.FxFuE4-"], "originalyear": ["2012"], "musicbrainz_releasetrackid": ["99a65818-45e9-3e83-8db3-818874f3c9ad"], "discnumber": ["1"], "totaldiscs": ["1"], "catalognumber": ["3700309"], "releasecountry": ["DE"], "file_name": "01 Call Out the Sun.flac", "website": ["http://romanlob.de/"], "originaldate": ["2012-04-13"], "albumartistsort": ["Roman Lob"], "date": ["2012-04-13"], "genre": ["Indie", "Alternative", "Indie Rock"], "musicbrainz_albumid": ["d9c2f7cb-b16d-4dca-a054-f3428fbc3b2a"], "disctotal": ["1"], "releasestatus": ["official"], "musicbrainz_artistid": ["eca90009-116a-40f6-b4ec-85e7d7af2153"], "asin": ["B007MSGXF4"], "grouping": ["Rock"], "artist": ["Roman Lob"], "tracknumber": ["1"], "artistsort": ["Roman Lob"], "album": ["Changes"], "label": ["Universal Music Group", "USFB", "We Love Music"], "isrc": ["DEUM71201283"], "acoustid_id": ["30d19aa4-7904-443b-80c3-5ed463d479f0"], "script": ["Latn"], "totaltracks": ["13"]}}, "rhythm": {"bpm_histogram_first_peak_bpm": {"dmean2": 0, "median": 91, "min": 91, "dvar2": 0, "dvar": 0, "dmean": 0, "max": 91, "var": 0, "mean": 91}, "bpm": 90.9456176758, "bpm_histogram_second_peak_spread": {"dmean2": 0, "median": 0.222222268581, "min": 0.222222268581, "dvar2": 0, "dvar": 0, "dmean": 0, "max": 0.222222268581, "var": 0, "mean": 0.222222268581}, "bpm_histogram_first_peak_weight": {"dmean2": 0, "median": 0.83161509037, "min": 0.83161509037, "dvar2": 0, "dvar": 0, "dmean": 0, "max": 0.83161509037, "var": 0, "mean": 0.83161509037}, "onset_rate": 5.40920305252, "beats_position": [0.615328788757, 1.24226760864, 1.8575963974, 2.47292518616, 3.09986400604, 3.73841261864, 4.38857126236, 5.0387301445, 5.70049858093, 6.3622674942, 7.02403593063, 7.6858048439, 8.34757328033, 9.0093421936, 9.65950107574, 10.321269989, 10.9830379486, 11.6448068619, 12.3065757751, 12.9567346573, 13.6185035706, 14.2802715302, 14.9304304123, 15.5921993256, 16.2539672852, 16.904127121, 17.5658950806, 18.2276649475, 18.877822876, 19.5279808044, 20.2013607025, 20.8631286621, 21.5248966217, 22.1866664886, 22.8484344482, 23.4985942841, 24.1603622437, 24.8221302032, 25.4839000702, 26.1456680298, 26.8074378967, 27.4692058563, 28.1193637848, 28.7811336517, 29.4429016113, 30.0930614471, 30.7548294067, 31.4165973663, 32.0783653259, 32.7401351929, 33.3902931213, 34.0404510498, 34.7022209167, 35.3639907837, 36.0257606506, 36.6875267029, 37.3492965698, 38.0110664368, 38.672832489, 39.334602356, 39.9847602844, 40.6465301514, 41.3083000183, 41.9584579468, 42.6202278137, 43.281993866, 43.9437637329, 44.6055335999, 45.2556915283, 45.9174575806, 46.5792274475, 47.2409973145, 47.9027671814, 48.5645332336, 49.2263031006, 49.8764610291, 50.538230896, 51.2000007629, 51.8501586914, 52.5119247437, 53.1736946106, 53.8238525391, 54.4972343445, 55.1590003967, 55.8207702637, 56.4825401306, 57.1443061829, 57.794467926, 58.4446258545, 59.1063919067, 59.7681617737, 60.4299316406, 61.0916976929, 61.7534675598, 62.4152374268, 63.0770072937, 63.7387733459, 64.3889312744, 65.0390930176, 65.7008590698, 66.3626327515, 67.0127868652, 67.686164856, 68.3479385376, 69.0097045898, 69.659866333, 70.3216323853, 70.9833984375, 71.6335601807, 72.2953262329, 72.9570999146, 73.6188659668, 74.280632019, 74.9424057007, 75.6041717529, 76.2659378052, 76.9277114868, 77.5778656006, 78.2280273438, 78.889793396, 79.5515594482, 80.2133331299, 80.8750991821, 81.5252609253, 82.198638916, 82.8487930298, 83.5105667114, 84.1607208252, 84.8224945068, 85.4842605591, 86.1460266113, 86.807800293, 87.4695663452, 88.1313400269, 88.7931060791, 89.4548721313, 90.116645813, 90.7667999268, 91.428565979, 92.0787277222, 92.7404937744, 93.3906555176, 94.0524215698, 94.7141952515, 95.3875732422, 96.037727356, 96.6878890991, 97.3496551514, 98.011428833, 98.6731948853, 99.3349609375, 99.9851226807, 100.646888733, 101.308662415, 101.970428467, 102.632194519, 103.293968201, 103.955734253, 104.605895996, 105.25605011, 105.917823792, 106.579589844, 107.241355896, 107.903129578, 108.56489563, 109.226661682, 109.876823425, 110.538589478, 111.200363159, 111.850517273, 112.512290955, 113.174057007, 113.835823059, 114.497596741, 115.159362793, 115.821128845, 116.471290588, 117.144668579, 117.794830322, 118.456596375, 119.118362427, 119.76852417, 120.430290222, 121.092063904, 121.742218018, 122.403991699, 123.065757751, 123.727523804, 124.389297485, 125.039451599, 125.701225281, 126.362991333, 127.013153076, 127.674919128, 128.336685181, 128.998458862, 129.660217285, 130.321990967, 130.983764648, 131.633926392, 132.295684814, 132.957458496, 133.619232178, 134.280990601, 134.954376221, 135.604537964, 136.254684448, 136.91645813, 137.578231812, 138.239990234, 138.901763916, 139.551925659, 140.213699341, 140.875457764, 141.525619507, 142.187393188, 142.849151611, 143.510925293, 144.172698975, 144.834457397, 145.496231079, 146.146392822, 146.808166504, 147.469924927, 148.131698608, 148.79347229, 149.443618774, 150.093780518, 150.767166138, 151.417327881, 152.079086304, 152.740859985, 153.414230347, 154.06439209, 154.714553833, 155.387939453, 156.038085938, 156.699859619, 157.361633301, 158.011795044, 158.685165405, 159.335327148, 159.99710083, 160.658859253, 161.309020996, 161.970794678, 162.632553101, 163.282714844, 163.932876587, 164.594650269, 165.26802063, 165.929794312, 166.579956055, 167.241714478, 167.903488159, 168.565261841, 169.227020264, 169.888793945, 170.550567627, 171.223937988, 171.897323608, 172.55909729, 173.232467651, 173.917449951, 174.614059448, 175.310653687, 175.821487427, 176.320724487, 176.819946289, 177.168243408, 177.470108032, 177.795196533, 178.120269775, 178.456954956, 178.793640137, 179.141952515, 179.490249634, 179.86177063, 180.233291626, 180.604797363, 180.976318359, 181.336227417, 181.696136475, 182.056045532, 182.41595459, 182.775863647, 183.135772705, 183.507293701, 183.878814697, 184.250335693, 184.633468628, 185.016601562], "beats_loudness": {"dmean2": 0.0226934589446, "median": 0.037112891674, "min": 0, "dvar2": 0.000695407798048, "dvar": 0.000223515467951, "dmean": 0.0128971925005, "max": 0.154371127486, "var": 0.00039138738066, "mean": 0.0373549088836}, "danceability": 1.2425699234, "bpm_histogram_second_peak_weight": {"dmean2": 0, "median": 0.0240549817681, "min": 0.0240549817681, "dvar2": 0, "dvar": 0, "dmean": 0, "max": 0.0240549817681, "var": 0, "mean": 0.0240549817681}, "beats_count": 292, "bpm_histogram_second_peak_bpm": {"dmean2": 0, "median": 161, "min": 161, "dvar2": 0, "dvar": 0, "dmean": 0, "max": 161, "var": 0, "mean": 161}, "bpm_histogram_first_peak_spread": {"dmean2": 0, "median": 0.0656371116638, "min": 0.0656371116638, "dvar2": 0, "dvar": 0, "dmean": 0, "max": 0.0656371116638, "var": 0, "mean": 0.0656371116638}, "beats_loudness_band_ratio": {"dmean2": [0.333104729652, 0.237286433578, 0.255609840155, 0.177926421165, 0.175905197859, 0.0798689648509], "median": [0.227735266089, 0.185963958502, 0.123624645174, 0.105577841401, 0.122465878725, 0.0434922426939], "min": [0, 0, 0, 0, 0, 0], "dvar2": [0.0558611899614, 0.0370207242668, 0.0521022416651, 0.0277974456549, 0.0255532097071, 0.0155711239204], "dvar": [0.0192332286388, 0.0140653541312, 0.0181540530175, 0.00969963427633, 0.00903650000691, 0.00544787989929], "dmean": [0.181902900338, 0.13742749393, 0.144128978252, 0.0962821915746, 0.0973164439201, 0.0426131039858], "max": [0.960951626301, 0.713222384453, 0.717113435268, 0.542591571808, 0.616927981377, 0.621313631535], "var": [0.0355261601508, 0.024728698656, 0.0235615707934, 0.0102624259889, 0.0140889342874, 0.0036081331782], "mean": [0.284735739231, 0.232231840491, 0.181658521295, 0.131065681577, 0.153611674905, 0.0553468689322]}}, "lowlevel": {"barkbands_spread": {"dmean2": 7.95761585236, "median": 16.8274993896, "min": 0.326882511377, "dvar2": 101.219062805, "dvar": 49.0383529663, "dmean": 5.22742176056, "max": 110.411888123, "var": 168.122924805, "mean": 19.277765274}, "melbands_spread": {"dmean2": 9.99929332733, "median": 14.878903389, "min": 0.416634172201, "dvar2": 203.879577637, "dvar": 91.2269134521, "dmean": 6.46858549118, "max": 168.11126709, "var": 404.950164795, "mean": 20.7243213654}, "hfc": {"dmean2": 9.8588886261, "median": 19.8924102783, "min": 1.02616221763e-16, "dvar2": 160.993591309, "dvar": 83.2458343506, "dmean": 7.08042001724, "max": 137.05770874, "var": 317.963409424, "mean": 23.61028862}, "barkbands_kurtosis": {"dmean2": 7.95181465149, "median": 3.26177000999, "min": -1.89962017536, "dvar2": 242.243087769, "dvar": 96.1885681152, "dmean": 4.93815851212, "max": 319.514831543, "var": 204.160339355, "mean": 8.02391147614}, "gfcc": {"mean": [1.76526987553, 86.0099029541, -93.3548202515, 27.8905334473, -44.9405212402, 15.0274429321, -35.6605567932, 2.81084537506, -20.5007209778, 3.03462052345, -17.3426322937, -0.552687287331, -12.0491437912], "icov": [[0.00011773006554, -0.000234958090005, 0.000179712718818, -0.000317524623824, 0.000260795932263, -0.000513441045769, 0.000534944469109, -0.000444973091362, 0.000412408349803, -0.000486069184262, 0.000650731322821, -0.000490795820951, 0.000428653351264], [-0.000234958090005, 0.00179817550816, -0.000181700161193, 0.000349384237779, -0.000258447194938, 0.000962199817877, -0.00192660850007, 0.00124295451678, -0.00187725271098, 0.0018424699083, -0.00244985288009, 0.00143051927444, -0.00105337367859], [0.000179712718818, -0.000181700161193, 0.0018028835766, -0.00109465012792, 0.000381057354389, -0.00052111648256, 3.52330462192e-05, -0.000622580235358, 0.000181889583473, -0.00155371020082, 0.000710866530426, -0.0014952350175, 0.00139662949368], [-0.000317524623824, 0.000349384237779, -0.00109465012792, 0.00414995010942, -0.00203302456066, 0.00189188739751, -0.000619296741206, 6.43688617856e-05, -0.000698439311236, 0.000849444535561, -0.00199180049822, 0.00208259769715, -0.00204968289472], [0.000260795932263, -0.000258447194938, 0.000381057354389, -0.00203302456066, 0.00522695714608, -0.00188857293688, -0.000252164812991, -0.000187686673598, 6.39068312012e-05, 0.000253203732427, 0.000392072921386, -0.00143797614146, 0.000142777265864], [-0.000513441045769, 0.000962199817877, -0.00052111648256, 0.00189188739751, -0.00188857293688, 0.00850306544453, -0.0047155614011, 0.000845819246024, -0.000664350343868, -6.13906013314e-05, -0.00260542263277, 0.00199636793695, -0.00213338481262], [0.000534944469109, -0.00192660850007, 3.52330462192e-05, -0.000619296741206, -0.000252164812991, -0.0047155614011, 0.00963864382356, -0.00492830760777, 0.00209842785262, -0.00173045124393, 0.00145182164852, -0.000884077104274, 0.00135988299735], [-0.000444973091362, 0.00124295451678, -0.000622580235358, 6.43688617856e-05, -0.000187686673598, 0.000845819246024, -0.00492830760777, 0.0139321051538, -0.00595296407118, 0.00254653813317, -0.00156389572658, -0.00038187665632, -0.000471238687169], [0.000412408349803, -0.00187725271098, 0.000181889583473, -0.000698439311236, 6.39068312012e-05, -0.000664350343868, 0.00209842785262, -0.00595296407118, 0.0138407414779, -0.00679629296064, 0.00292250793427, -0.000697207986377, 0.000103127284092], [-0.000486069184262, 0.0018424699083, -0.00155371020082, 0.000849444535561, 0.000253203732427, -6.13906013314e-05, -0.00173045124393, 0.00254653813317, -0.00679629296064, 0.016769843176, -0.00796682480723, 0.00335844163783, -0.00162085529882], [0.000650731322821, -0.00244985288009, 0.000710866530426, -0.00199180049822, 0.000392072921386, -0.00260542263277, 0.00145182164852, -0.00156389572658, 0.00292250793427, -0.00796682480723, 0.0198185890913, -0.00799478776753, 0.00323343556374], [-0.000490795820951, 0.00143051927444, -0.0014952350175, 0.00208259769715, -0.00143797614146, 0.00199636793695, -0.000884077104274, -0.00038187665632, -0.000697207986377, 0.00335844163783, -0.00799478776753, 0.0172806605697, -0.00725232064724], [0.000428653351264, -0.00105337367859, 0.00139662949368, -0.00204968289472, 0.000142777265864, -0.00213338481262, 0.00135988299735, -0.000471238687169, 0.000103127284092, -0.00162085529882, 0.00323343556374, -0.00725232064724, 0.0137582113966]], "cov": [[25795.9316406, 751.818969727, -1344.56689453, 445.289672852, -800.599365234, 459.024963379, -768.137268066, 202.609725952, -262.68347168, 104.848579407, -376.59362793, 30.8158626556, -261.890960693], [751.818969727, 1026.9576416, 30.3288269043, 86.2127075195, 72.868347168, 75.7100906372, 194.724990845, 51.4546051025, 100.474533081, 5.72635889053, 88.0478897095, -4.51206684113, 35.3178062439], [-1344.56689453, 30.3288269043, 908.248291016, 190.302947998, 101.440727234, 41.1406898499, 141.326416016, 71.6812133789, 86.0408935547, 97.0726852417, 79.0387649536, 44.3341522217, -10.235458374], [445.289672852, 86.2127075195, 190.302947998, 413.369689941, 128.365814209, -3.93863940239, 29.1208553314, 40.8053512573, 35.1754150391, 25.924747467, 33.1749229431, 10.996263504, 32.3590927124], [-800.599365234, 72.868347168, 101.440727234, 128.365814209, 309.430999756, 65.7001495361, 106.244827271, 29.0753612518, 31.8130588531, 5.90732765198, 43.0855636597, 25.9857120514, 40.8492507935], [459.024963379, 75.7100906372, 41.1406898499, -3.93863940239, 65.7001495361, 231.026489258, 124.533355713, 46.5258102417, 19.5578575134, 35.8271789551, 29.4202232361, 10.1557350159, 13.6716194153], [-768.137268066, 194.724990845, 141.326416016, 29.1208553314, 106.244827271, 124.533355713, 275.034240723, 78.1448287964, 49.381565094, 28.0358695984, 52.242641449, 9.35146808624, 18.116853714], [202.609725952, 51.4546051025, 71.6812133789, 40.8053512573, 29.0753612518, 46.5258102417, 78.1448287964, 123.002487183, 52.5754737854, 20.5561504364, 16.2148799896, 14.5726823807, 5.72981119156], [-262.68347168, 100.474533081, 86.0408935547, 35.1754150391, 31.8130588531, 19.5578575134, 49.381565094, 52.5754737854, 129.085769653, 48.3502311707, 23.767583847, 3.83879876137, 13.1716966629], [104.848579407, 5.72635889053, 97.0726852417, 25.924747467, 5.90732765198, 35.8271789551, 28.0358695984, 20.5561504364, 48.3502311707, 106.262306213, 38.1428794861, 5.19003582001, 0.534892976284], [-376.59362793, 88.0478897095, 79.0387649536, 33.1749229431, 43.0855636597, 29.4202232361, 52.242641449, 16.2148799896, 23.767583847, 38.1428794861, 97.3348922729, 32.2494239807, 13.3393745422], [30.8158626556, -4.51206684113, 44.3341522217, 10.996263504, 25.9857120514, 10.1557350159, 9.35146808624, 14.5726823807, 3.83879876137, 5.19003582001, 32.2494239807, 93.9516830444, 39.2399978638], [-261.890960693, 35.3178062439, -10.235458374, 32.3590927124, 40.8492507935, 13.6716194153, 18.116853714, 5.72981119156, 13.1716966629, 0.534892976284, 13.3393745422, 39.2399978638, 107.022613525]]}, "spectral_energyband_middle_low": {"dmean2": 0.010615285486, "median": 0.0148706715554, "min": 1.63800327916e-22, "dvar2": 0.000266666815151, "dvar": 0.00010289248894, "dmean": 0.00670388061553, "max": 0.125218898058, "var": 0.000185061202501, "mean": 0.0172954015434}, "melbands_crest": {"dmean2": 5.38817024231, "median": 14.7679748535, "min": 1.00125002861, "dvar2": 23.7089748383, "dvar": 9.25908851624, "dmean": 3.31270670891, "max": 33.1052322388, "var": 25.735124588, "mean": 14.9948673248}, "spectral_kurtosis": {"dmean2": 2.24566936493, "median": 4.29541015625, "min": -1.26628303528, "dvar2": 8.66955089569, "dvar": 3.39616394043, "dmean": 1.4223408699, "max": 41.0412864685, "var": 7.08174800873, "mean": 4.73942661285}, "spectral_rms": {"dmean2": 0.00159798236564, "median": 0.00626799836755, "min": 3.13640628226e-12, "dvar2": 4.569336852e-06, "dvar": 2.07365201277e-06, "dmean": 0.00104262086097, "max": 0.0155908176675, "var": 6.9777815952e-06, "mean": 0.00623147469014}, "zerocrossingrate": {"dmean2": 0.0120405880734, "median": 0.04541015625, "min": 0.0029296875, "dvar2": 0.000178749032784, "dvar": 0.000155494373757, "dmean": 0.0105606308207, "max": 0.52734375, "var": 0.00326168094762, "mean": 0.057016082108}, "silence_rate_60dB": {"dmean2": 0.0135000003502, "median": 0, "min": 0, "dvar2": 0.0135685866699, "dvar": 0.00670382194221, "dmean": 0.00674915639684, "max": 1, "var": 0.0586907193065, "mean": 0.0626093447208}, "erbbands_kurtosis": {"dmean2": 1.81380486488, "median": 0.271494269371, "min": -1.80437803268, "dvar2": 6.07579803467, "dvar": 2.84357047081, "dmean": 1.17597270012, "max": 34.3113136292, "var": 7.49718999863, "mean": 1.09985113144}, "erbbands": {"dmean2": [0.47767996788, 3.43158936501, 7.30546188354, 11.7197227478, 21.9573383331, 17.9390640259, 13.4095115662, 12.056347847, 21.626159668, 23.3034057617, 23.6401004791, 21.9922389984, 23.7723236084, 22.8143405914, 27.8278713226, 25.1039562225, 38.9404602051, 39.3646316528, 41.2352523804, 24.4024829865, 35.1451721191, 19.4296760559, 12.291437149, 9.16575717926, 9.73000812531, 8.59461975098, 7.30460309982, 5.03756475449, 4.19318342209, 3.71994709969, 3.93702340126, 2.37537384033, 1.44689059258, 1.05350339413, 0.63795953989, 0.294097661972, 0.0977144613862, 0.0203844550997, 0.0024259404745, 0.000182494957699], "median": [0.283331751823, 1.78877472878, 2.64642000198, 4.74135398865, 8.38378047943, 11.8978595734, 8.69245815277, 6.62131214142, 8.55097866058, 10.0844268799, 8.63177108765, 8.05579948425, 9.43481445312, 10.2872276306, 10.2920589447, 10.4820384979, 12.9092416763, 12.7942466736, 13.8729915619, 8.97556114197, 10.7112903595, 9.32642841339, 6.66341686249, 4.41850662231, 4.47910404205, 3.68725895882, 3.85947704315, 3.35267853737, 2.18190717697, 1.89487886429, 1.95327043533, 0.949375867844, 0.684502720833, 0.434272170067, 0.198714733124, 0.0929888188839, 0.029705831781, 0.00575612718239, 0.00072072527837, 9.95246809907e-05], "min": [1.36273878598e-22, 3.96279895982e-22, 2.60114839799e-21, 4.12901298754e-21, 1.87564787172e-20, 2.48755828415e-20, 3.21663979969e-20, 1.02238076145e-19, 7.8589137529e-20, 1.87540986342e-19, 4.43252382657e-19, 4.16007922562e-19, 3.59072305519e-19, 4.9407575536e-19, 8.31622417346e-19, 1.34997706106e-18, 1.37532373618e-18, 1.26000514282e-18, 1.84610954931e-18, 3.36147672096e-18, 4.49693679446e-18, 4.62034924672e-18, 5.18020865995e-18, 5.71919747913e-18, 7.41484452938e-18, 9.26125724039e-18, 8.34515388481e-18, 1.01943260703e-17, 1.14118300529e-17, 1.121893567e-17, 1.23091406921e-17, 1.03874810152e-17, 9.55861543571e-18, 8.22208512609e-18, 6.25146669662e-18, 4.02484331218e-18, 2.34539948936e-18, 9.30793876467e-19, 2.3412677739e-19, 2.77526139471e-20], "dvar2": [0.87616109848, 47.0577545166, 315.951141357, 590.015930176, 1609.73046875, 760.572692871, 631.202087402, 845.162841797, 2161.8269043, 3370.84277344, 3758.50317383, 2813.26342773, 2675.78881836, 2332.32055664, 5107.25341797, 4542.37744141, 8274.72851562, 10539.6865234, 9454.85839844, 3274.85839844, 6930.59570312, 1564.51184082, 558.093444824, 392.49899292, 761.708618164, 548.064819336, 182.71937561, 93.7163925171, 70.5776519775, 62.1960983276, 79.5388259888, 29.5982131958, 11.4581832886, 6.38958692551, 1.68375170231, 0.238326355815, 0.0243618711829, 0.000986550701782, 1.51893327711e-05, 8.1843872124e-08], "dvar": [0.349697202444, 18.4681758881, 118.574668884, 220.356781006, 602.38067627, 280.539642334, 239.074295044, 371.717041016, 1076.37255859, 1678.07446289, 1800.73278809, 1454.67773438, 1283.54052734, 743.926879883, 2587.25390625, 1937.49438477, 4463.36474609, 4431.78857422, 4115.5, 1599.04614258, 2743.00854492, 658.008911133, 238.641235352, 178.560440063, 361.823486328, 240.708312988, 82.5146255493, 43.3913459778, 34.4058532715, 31.4832782745, 38.3004989624, 15.1528396606, 5.39426231384, 3.14191436768, 0.762772798538, 0.113938808441, 0.0113809751347, 0.000450944236945, 6.86497514835e-06, 3.6484884447e-08], "dmean": [0.314618587494, 2.15713238716, 4.29507446289, 6.94158744812, 13.1227254868, 10.9064283371, 8.25684261322, 7.81497764587, 14.4085006714, 15.9886455536, 16.4580001831, 15.5285568237, 15.6353206635, 13.6196432114, 18.9668159485, 16.0464038849, 26.2528114319, 25.7126159668, 26.3421363831, 15.9072704315, 22.7033119202, 12.4946718216, 7.83020544052, 5.91448116302, 6.14042043686, 5.42104148865, 4.6919875145, 3.37808823586, 2.82113432884, 2.59351539612, 2.73240971565, 1.67552435398, 1.01317870617, 0.741647481918, 0.447089344263, 0.20394089818, 0.0685069710016, 0.0142060089856, 0.00169846403878, 0.000126372164232], "max": [5.38483524323, 48.3401031494, 130.741836548, 170.423965454, 306.961669922, 254.126190186, 215.065231323, 389.65914917, 669.683410645, 695.442077637, 1038.20556641, 781.159851074, 1099.60888672, 479.047485352, 1690.45800781, 1552.71533203, 1909.84692383, 1521.02368164, 1664.36901855, 1493.59399414, 945.117919922, 406.87512207, 392.051513672, 547.753295898, 745.78527832, 405.419036865, 381.84362793, 164.245880127, 189.728179932, 219.698150635, 213.331222534, 115.230300903, 69.5129089355, 51.1588096619, 23.7387981415, 9.56718826294, 1.82822549343, 0.349169373512, 0.0420988015831, 0.0034400539007], "var": [0.509179592133, 30.5566139221, 108.594718933, 197.699645996, 630.12097168, 555.083984375, 540.405517578, 919.719604492, 4486.57275391, 4685.60546875, 7718.32910156, 5260.97021484, 4829.3203125, 1216.84606934, 7622.20947266, 3483.75170898, 12495.6337891, 10681.6201172, 6398.36572266, 3710.69067383, 6858.82568359, 1730.99816895, 529.055908203, 398.331451416, 818.38885498, 475.898620605, 167.185440063, 91.0980529785, 72.3686218262, 65.8377761841, 80.2852020264, 35.6328811646, 11.783000946, 7.46589183807, 1.50660181046, 0.237758249044, 0.018599819392, 0.000640606100205, 9.39015717449e-06, 4.87459175247e-08], "mean": [0.506110787392, 3.7287838459, 6.3348865509, 9.27702045441, 17.5291500092, 19.5613746643, 15.8721323013, 15.1429729462, 32.6669502258, 33.3319091797, 37.8669586182, 35.5382843018, 30.6465530396, 21.9472064972, 36.2408027649, 27.7091636658, 46.4792709351, 47.3887062073, 40.6390686035, 27.251707077, 40.9406204224, 24.8476982117, 15.1657152176, 10.7913341522, 9.7729845047, 8.62878990173, 7.59408283234, 6.03839063644, 4.38062953949, 4.05067253113, 4.21787309647, 2.53677797318, 1.58252000809, 1.13393723965, 0.610431075096, 0.271585375071, 0.0864480286837, 0.0168928056955, 0.00201458157972, 0.000180893723154]}, "spectral_strongpeak": {"dmean2": 0.956196606159, "median": 0.52501809597, "min": 0, "dvar2": 2.80559372902, "dvar": 1.11688494682, "dmean": 0.548304021358, "max": 12.7051525116, "var": 1.54838132858, "mean": 0.953229546547}, "spectral_energy": {"dmean2": 0.0251998752356, "median": 0.0402700006962, "min": 1.00829713911e-20, "dvar2": 0.00159324053675, "dvar": 0.000658149539959, "dmean": 0.0159173887223, "max": 0.249150425196, "var": 0.0012573050335, "mean": 0.0469541661441}, "average_loudness": 0.965249180794, "spectral_rolloff": {"dmean2": 635.570678711, "median": 689.0625, "min": 86.1328125, "dvar2": 1396241.25, "dvar": 646415, "dmean": 381.499938965, "max": 19659.8144531, "var": 4766298, "mean": 1306.67419434}, "spectral_centroid": {"dmean2": 377.031341553, "median": 968.903869629, "min": 122.492736816, "dvar2": 228130.96875, "dvar": 108816.726562, "dmean": 241.308746338, "max": 11661.8984375, "var": 1306309.25, "mean": 1186.63110352}, "pitch_salience": {"dmean2": 0.117128960788, "median": 0.500364422798, "min": 0.12467649579, "dvar2": 0.0111976973712, "dvar": 0.0046892487444, "dmean": 0.0734732374549, "max": 0.996090888977, "var": 0.014643356204, "mean": 0.509011566639}, "spectral_energyband_middle_high": {"dmean2": 0.0033907792531, "median": 0.00355907902122, "min": 1.21015109978e-21, "dvar2": 2.49267231993e-05, "dvar": 1.16420351333e-05, "dmean": 0.00229782052338, "max": 0.056977134198, "var": 5.0896218454e-05, "mean": 0.00637033954263}, "spectral_contrast_coeffs": {"dmean2": [0.0858485326171, 0.0768523365259, 0.0695591643453, 0.0531723611057, 0.0376566201448, 0.0307186935097], "median": [-0.639699816704, -0.691140711308, -0.755828499794, -0.774586319923, -0.795837938786, -0.772376954556], "min": [-0.985595822334, -0.995444655418, -0.996702492237, -0.986237704754, -0.987499058247, -0.96408700943], "dvar2": [0.00489883730188, 0.00408410327509, 0.00344330444932, 0.00185265974142, 0.000953581940848, 0.000708619249053], "dvar": [0.00195583584718, 0.00167067407165, 0.00134440208785, 0.000769689737353, 0.00043943329365, 0.000301957334159], "dmean": [0.0533566139638, 0.0487414300442, 0.0435263738036, 0.0337455868721, 0.0244326107204, 0.0198807921261], "max": [-0.291015416384, -0.409934043884, -0.492279887199, -0.548794865608, -0.63440656662, -0.63551735878], "var": [0.0104566635564, 0.00891927350312, 0.00690101785585, 0.00426227319986, 0.00245863082819, 0.00158251111861], "mean": [-0.633496046066, -0.690317988396, -0.749830126762, -0.770861506462, -0.791418194771, -0.773350596428]}, "melbands_skewness": {"dmean2": 1.43270540237, "median": 2.5924448967, "min": -2.93140792847, "dvar2": 2.77879595757, "dvar": 1.17349183559, "dmean": 0.906924426556, "max": 15.7446832657, "var": 4.34605264664, "mean": 3.06491303444}, "spectral_spread": {"dmean2": 994370.375, "median": 4892297, "min": 1630880.625, "dvar2": 1441425129470.0, "dvar": 748110741504, "dmean": 735988.0625, "max": 42994256, "var": 14462576754700.0, "mean": 5394878.5}, "dissonance": {"dmean2": 0.0345973894, "median": 0.462845146656, "min": 0.25780838728, "dvar2": 0.00113904778846, "dvar": 0.000432341941632, "dmean": 0.0209940224886, "max": 0.499935597181, "var": 0.00131530535873, "mean": 0.453206151724}, "spectral_skewness": {"dmean2": 0.341065526009, "median": 1.68634772301, "min": -0.0918927490711, "dvar2": 0.137103617191, "dvar": 0.0568566136062, "dmean": 0.220571622252, "max": 5.18686580658, "var": 0.195431053638, "mean": 1.70870232582}, "spectral_flux": {"dmean2": 0.0572062470019, "median": 0.0860790759325, "min": 6.45181547076e-11, "dvar2": 0.00534033449367, "dvar": 0.00230590905994, "dmean": 0.0369548648596, "max": 0.47165492177, "var": 0.00442691380158, "mean": 0.100753054023}, "spectral_contrast_valleys": {"dmean2": [0.696217775345, 0.638313412666, 0.626966178417, 0.541005194187, 0.509234309196, 0.511856257915], "median": [-6.53654766083, -6.83763217926, -7.36496925354, -7.54769897461, -7.56437301636, -9.86163902283], "min": [-28.3745155334, -27.8725299835, -27.7642803192, -27.5688514709, -27.4887981415, -27.412229538], "dvar2": [0.3749602139, 0.298243463039, 0.306671202183, 0.291450470686, 0.296062618494, 0.263820707798], "dvar": [0.193007647991, 0.140676409006, 0.149099111557, 0.156419277191, 0.152057290077, 0.159749791026], "dmean": [0.442212700844, 0.415234327316, 0.413424640894, 0.363102436066, 0.368529230356, 0.426831662655], "max": [-4.73235225677, -4.88285255432, -5.33458614349, -5.16465711594, -5.34998178482, -7.69150114059], "var": [5.81518411636, 5.19011974335, 5.00615358353, 5.11237668991, 4.99681806564, 4.38185310364], "mean": [-7.09843397141, -7.19636964798, -7.7236995697, -7.86631727219, -7.91617012024, -10.2080440521]}, "erbbands_flatness_db": {"dmean2": 0.0297315809876, "median": 0.135651677847, "min": 0.0324142426252, "dvar2": 0.000758385111112, "dvar": 0.000394505448639, "dmean": 0.0216444637626, "max": 0.394243210554, "var": 0.00175372534432, "mean": 0.139394566417}, "spectral_energyband_high": {"dmean2": 0.00057604018366, "median": 0.000422210781835, "min": 6.69471883694e-21, "dvar2": 9.36031369747e-07, "dvar": 5.14170210408e-07, "dmean": 0.000428790372098, "max": 0.0121820848435, "var": 1.43616512105e-06, "mean": 0.000788971898146}, "spectral_entropy": {"dmean2": 0.30274027586, "median": 7.51888942719, "min": 5.17763900757, "dvar2": 0.0989275202155, "dvar": 0.0508878789842, "dmean": 0.217104777694, "max": 9.820977211, "var": 0.254194408655, "mean": 7.50143623352}, "silence_rate_20dB": {"dmean2": 0, "median": 1, "min": 1, "dvar2": 0, "dvar": 0, "dmean": 0, "max": 1, "var": 0, "mean": 1}, "melbands_flatness_db": {"dmean2": 0.0466322042048, "median": 0.22222507, "min": 1.25115619198e-07, "dvar2": 0.00216071959585, "dvar": 0.00116203085054, "dmean": 0.0318821445107, "max": 0.620031237602, "var": 0.00670652557164, "mean": 0.225231319666}, "barkbands": {"dmean2": [0.000412290071836, 0.0151877747849, 0.00677988678217, 0.00470332521945, 0.00599587801844, 0.00144294928759, 0.00152139854617, 0.00126002286561, 0.00100169342477, 0.000947771884967, 0.000502537353896, 0.000794380553998, 0.000876540027093, 0.000868179369718, 0.000642280268949, 0.000613382610027, 0.000432375731179, 0.000219567562453, 0.000170050319866, 0.000181981376954, 0.000150219086208, 0.000113100461022, 0.00013105115795, 9.5036921266e-05, 9.03377949726e-05, 5.59234285902e-05, 1.59713326866e-05], "median": [0.000143465702422, 0.00947059132159, 0.00197555031627, 0.00148220208939, 0.00378194171935, 0.000755737302825, 0.000587059359532, 0.000290126656182, 0.00028601847589, 0.000316864054184, 0.000101550263935, 0.000232764519751, 0.00024928082712, 0.000252411758993, 0.000191686005564, 0.000167538019014, 0.000175505672814, 9.61510668276e-05, 8.1938051153e-05, 7.30594474589e-05, 9.60810793913e-05, 5.91136304138e-05, 6.992543058e-05, 4.17692936026e-05, 3.4134965972e-05, 1.8014019588e-05, 4.30513182437e-06], "min": [5.45579061672e-25, 4.37505216264e-24, 1.4246228414e-24, 1.56596699409e-24, 9.55731650174e-24, 1.28295738566e-23, 3.77129273566e-24, 1.74826517623e-23, 1.54587139362e-23, 1.83726146588e-23, 1.45927955201e-23, 3.58481934942e-23, 2.54368719537e-23, 2.39129457238e-23, 4.39431054503e-23, 5.79094838805e-23, 6.48130770302e-23, 8.94605500755e-23, 1.30774331642e-22, 1.90082775141e-22, 2.2365337574e-22, 3.3587362316e-22, 4.00949750593e-22, 6.16621646264e-22, 8.86608268712e-22, 1.27796799505e-21, 1.88778711071e-21], "dvar2": [6.32857961591e-07, 0.000873259443324, 0.000271212687949, 8.112215437e-05, 8.61902517499e-05, 9.55514769885e-06, 1.06071101982e-05, 1.09648617581e-05, 5.22306345374e-06, 4.58774229628e-06, 2.00185058929e-06, 4.47418506155e-06, 4.38802544522e-06, 4.42890086561e-06, 2.60176375377e-06, 2.07689686249e-06, 8.09654636669e-07, 2.87449495318e-07, 1.81480970696e-07, 2.40257008954e-07, 7.56327196427e-08, 5.01451253854e-08, 7.79933344575e-08, 4.75215813367e-08, 3.33401537489e-08, 7.64394059161e-09, 6.38344932469e-10], "dvar": [3.0988988442e-07, 0.000339831778547, 0.00010063888476, 3.14357312163e-05, 3.10261348204e-05, 4.24971676694e-06, 5.32944568477e-06, 5.24160486748e-06, 2.66522556558e-06, 1.59447392889e-06, 9.39116659993e-07, 2.12041300074e-06, 2.25853204938e-06, 1.99525470634e-06, 1.07916503111e-06, 8.51320066886e-07, 3.43558099303e-07, 1.23275697206e-07, 8.45151504336e-08, 1.05517031557e-07, 3.49976119196e-08, 2.49384957129e-08, 3.94271317816e-08, 2.36179271695e-08, 1.65399356433e-08, 3.69965347247e-09, 2.86784457293e-10], "dmean": [0.000296070298646, 0.00981275457889, 0.00391172990203, 0.00284379441291, 0.00358923291788, 0.000922405626625, 0.00102068227716, 0.000863204651978, 0.000702569028363, 0.000578578968998, 0.00033665614319, 0.000509776000399, 0.000586095731705, 0.000563560810406, 0.000403530342737, 0.000393422989873, 0.000275436585071, 0.0001400308538, 0.000107621199277, 0.000114892915008, 9.91995839286e-05, 7.61457704357e-05, 9.25063432078e-05, 6.70019289828e-05, 6.39622157905e-05, 3.95228998968e-05, 1.1084875041e-05], "max": [0.0076503995806, 0.197800248861, 0.115157917142, 0.0631408393383, 0.0823994874954, 0.0400049686432, 0.0428161211312, 0.0368303284049, 0.0310927815735, 0.0426843501627, 0.0277890842408, 0.0443239957094, 0.0386884585023, 0.035205911845, 0.0406392253935, 0.0170113872737, 0.0120504284278, 0.0112802069634, 0.011091966182, 0.00890916958451, 0.00752954185009, 0.00483155669644, 0.00584011944011, 0.00376153411344, 0.00333885964938, 0.00129976030439, 0.000262678804575], "var": [6.01437193382e-07, 0.000565209949855, 8.55302932905e-05, 3.20649050991e-05, 4.63860851596e-05, 1.11294993985e-05, 1.9299410269e-05, 2.1306113922e-05, 9.75753209786e-06, 3.93502205043e-06, 2.12815871237e-06, 4.96430584462e-06, 6.38791971141e-06, 4.32648175774e-06, 1.34727679324e-06, 1.84821442417e-06, 8.95905031939e-07, 1.93699975171e-07, 1.96114356754e-07, 2.18017532916e-07, 7.44043546774e-08, 5.4427427898e-08, 8.77303065749e-08, 5.34071418201e-08, 3.98350934461e-08, 7.02523994534e-09, 3.83559989325e-10], "mean": [0.000483913405333, 0.0170661490411, 0.00508358329535, 0.00351741793565, 0.00610152818263, 0.00174972938839, 0.00223360024393, 0.00188170920592, 0.00153473252431, 0.00093245273456, 0.000529625453055, 0.00084063783288, 0.00100462860428, 0.000953135546297, 0.00055512029212, 0.000667627435178, 0.000524233328179, 0.000239296525251, 0.00017788898549, 0.000178449932719, 0.000172053856659, 0.000118374628073, 0.000146106787724, 0.00010357939027, 9.39488891163e-05, 5.16178624821e-05, 1.27617977341e-05]}, "erbbands_skewness": {"dmean2": 0.605657756329, "median": 0.29418939352, "min": -3.56071329117, "dvar2": 0.356060385704, "dvar": 0.156988084316, "dmean": 0.399232417345, "max": 4.73182010651, "var": 0.804671823978, "mean": 0.357087433338}, "erbbands_spread": {"dmean2": 14.2068490982, "median": 35.0240707397, "min": 1.83692598343, "dvar2": 232.663269043, "dvar": 101.862663269, "dmean": 9.44777584076, "max": 166.08770752, "va