{"metadata": {"tags": {"label": ["Mastermix Music Factory"], "encoding": ["-naming=\"[artist] - [title]\" -front2back"], "genre": ["Mashup"], "bpm": ["128"], "initialkey": ["5A"], "discnumber": ["01"], "title": ["It's Not Right But It's Ok vs. Bluewater (Mashup)"], "tracknumber": ["03/13"], "artist": ["Whitney Houston vs. Black Rock"], "album": ["Mastermix Mashed Up Vol 11"], "musicbrainz_recordingid": ["1125b89c-f2c0-4b02-aa50-15c66c29b813"], "date": ["2006", "2006", "0101"], "musicip_puid": ["f8132faa-c009-251b-cfd8-f81059ca52fa"], "acoustid_id": ["7d4ef377-f524-453d-80f7-04f45146e376"], "media": ["CD >> High  (Lossy) [mp3] >> High  (Lossy) [mp3] >> High  (Lossy) [mp3]"], "file_name": "Whitney Houston vs. Black Rock - It's Not Right But It's Ok vs. Bluewater (Mashup) [VBR].mp3", "acoustid_fingerprint": ["AQADtEmSJKESSRIe-IWrHH3RB37xwxX84wrR3NCsEOLxwMdhtXCVoy_60PCHm4YfuD1OGNrDQAuewjisFq5y9OgDv8YPq4F76CFcoVYYaDlOPPADq4WroEfXEFaPH1YDF9rDQ8vRF33gh3jhB1ZxhWiOPjSMw-rhQg8P8ehDaIeWh-gLH1ZDXPBzPDR8HFYPsejDozn6og-aB9phFX6IC36Ovmie47AgVscPP0SPPkTzENrhwzJxwc_RF33g7_jhQ6ym40Fz9KHhH3pgWCYu-Dn6og_847AmiMeJ5niI5tBD-HgDH65y9OhDw8cPH2J_HEYfooEe4rAa-IWrHEUfGsZhFWKPh4aPPkRfaDkKv7Aa4srRoA9hfLAKsUcfCc3R1-iD5iEF7YXVww9xHX7wEP5xWD3EHn2I5uhD9IWWH4UPyySuww_6EM2PH1YHsccjwUePPoSfQ4dxk3B1-EFf9Dl8_BCrw8dDNEcfwg-hHz5x8TCjwg_6og98WCUOsc5xwehDozn0HMabw_3ho-hD-DghqnB94aFh9CGa19BzHFZP-CFcBUUfwnghHu7REw36EH0NSb9wUOrhh8cVNOhD-DhElYfr4w7hozrRQ8uPwvrhk7jgoyea4xDVwT36SGiO_uhzMDmk3LBgkiQumAv6EP1hiDruCz780OiD_tDyo7B-nIQr-EFf9IF1-NB9-MWD5kcfwc-h1zAsn7gKP-iLPvAhl3B1wQ-eozlxaHlI4TDekkhJwh3Cog9hHSfEw3WOw0cfCc2hB77xBq56mAuKdiEMnbAK18cdwrnR59By9EeRSifhE1cQ5mgXGO8gHu7RE82PPuih5UdvWCd84hF89ETDQYd1uD4eHu5RK9CO5heKVCfhExfS5-hDNMcPEe7xEP7RB_0gPngNC-mPPCr8oC_6QJTgH_cFvziaQ_vhxxKOVD_8HD_8IHzRNfAhnrhe-AweND8eQcvxHNZhLvgPv0cfdA1E4oQr-BcewoVmxWh-PEcqfD18wh1CdFoIH4f4wz1--OhDNC-0ozcs7XAVPESDriFEfPDhXngI99CsEIV_5BYsHT5xwUdOmBt-iHDxEP7RB_2g5egNCyaJ6_CDPkRzyILxC37ho4d2-BeQ6iRM8rjg5wgfotMGH-Lxwy_8HD36CH4gt4bxHGYOP-iLroEIc8RF-MfzwtADP_iR6oe54IeP8OgawTx-iNXhHz-MXkLzQltzNMcPMyN8FF1DGOLxHe7x0DC0h2hO_LB-5DtchXhg5I0E8zj8QywewtWOWiGaFz203fAPcyGuwLgJ_9Bh7jCuEK5QK4f2w8_xHqkEn8QFH-ElNNzxwhArPISPPjr6Q8tzdL3gHydc9fCDriF6iD9M43A1nPAP_fCDV4eZH-mT4YO1oSfCD84m-OhPTGQf6FuFR0WYiMMXnEk01E9g7jjyoZSDvLmF57iI8Efz5NCRqhGeHi-eNaidojmPK0cusfjxKTx0GW-OPrAaWvALq0HXGn3gF8_h48GhEz_84jl8nIcPd-gP7YGvHfnh4yR8wR3yGHp4hMer48wx6Ye5HJdd_EEeQfvxSkd-48lQsmmQPoN2Hc9I5DGOSlIGv8aP_rhSXJ9x8TgTHLWSZQp85GnRG3KOLM_RROQDxsph7vCWGP9hNxK6I2dOaCmPNM509MePX3iD2kZzDfVmNOuIWwjXkIIYL6iPN7qQZ0XzMAivoXlGQk8R5kqOKznuDM3I4CTyRA96PFFK9D4u6jE6ZcSZEFoe4Sb6SCv-4-pR0WgeHtrh8TR8Hn2CP0e4HPUkPC36I_3xMBq0HySyJA_67Agb8YYfFfcyQ5dW9BGRcxea7wjxLV2gBX1-IKfA1AnSB1r24M7wjIjTKDc88nivoJkUoj_CH66koCf0JOHR9CiDM4SUH80PXB_O5Kh-PFIOrWRQsvBH9DX0FX-Oy0cbMXiQM19xrmieHW80ieiPrrvxEqGVsKA-6MQR_jG6B00sHW0U-EQ-bQf1C2KaEN1XXBfqHX84o3gm9D3KIy-aM_CkoO9wh2hUHZWDXMO1Qx-atejRj4R4qmjahIZ-ouEI7ZFQ8oKfE-KJPkP1Cn9xKcPDVvAZaI9y5BaOCzUPx1mQ48lI9MPXo3pypHrgKkO_oM_hEeHDaIGuI__QPEUpZUel7PBXwt-IUA60JyTCKMeXo4Ej5vjUFHmXQ58o5D_cGAaUEEAYwBAAjDklBBDAOMGcEgI4AxFwFnDkjBBACMAA0oIhJIAQQAAEFAMMCQGEAAIgoAQwDDEGhABCIaCEAEJIIBgQACEElBAAie0AA0gJpYQAQgIgnEAWKMEgA0IIgJRgUAAhgCAAMcAAYggKIIQQCjEgAGIIMiAEEEgwIIQBQjLAgACIKKGAEIYJJyQyQgAhhGWACYCEJUAIAIkQQlgCBBKWAQIAYEIYIZAggEEBBBJCMCQEIggAIAQRxggHhBCIEMAAEkAggYAQFiFmBANMCMGAcFYopIRABCBhFBFCICUAJEYIIQRzwgjiCWEMMCGMQIAKIARkAAkBmFAECIEcAsAJAQAzAggEgDAAMcAAYoAZg4AQijEEGADMGCEMAww4YwQgjDEDGANCUCWQYMIygIQQDDEgAGJAECGEQQhAoTWCABghAFMACKQEMwgwZAQCgknGmELOEGAUYwIYZplQzhhBCAOSAckEIAYwJABDEhlBgGFCIEGYYEAIIYEgShgEBGDMCYMIEAQI4IkAQwGinGDKMWAoQMQAAAkiDEBkhCNCMaEQEIAZwJhyBjCjnVBMCCCY1cYCBJAghCAniFKMCUCAIYoYCgxwQAkFhCTCAmWEYgIJAAwRCBEDnDEEAWAIEEAARwgwgCkgFGCAEMkEEUAYgIgAQAAjGBMEMKaEEUAAIBQQQgEBgAEEUEAMUIwIgQAggCDAgBLCCEOIFAIAwwRgAACgCGGKK0AIFAQQwogFgCEkCBAAQKIEIwAogQAAAglDCBBCEUHUAo4QIY0QgjlgkTBAIGQMUUJgAgQ"], "language": ["eng"]}, "audio_properties": {"sample_rate": 44100, "downmix": "mix", "lossless": false, "analysis_sample_rate": 44100, "md5_encoded": "248eacd8601756843bc41e4a3c7c8886", "equal_loudness": 0, "replay_gain": -12.7314510345, "codec": "mp3", "bit_rate": 168402, "length": 273.789398193}, "version": {"extractor": "music 1.0", "essentia_build_sha": "2d9f1f26377add8aeb1075a9c2973f962c4f09fd", "essentia_git_sha": "v2.1_beta2-1-ge3940c0", "essentia": "2.1-beta2"}}, "rhythm": {"beats_loudness_band_ratio": {"dvar2": [0.019248297438, 0.0268408823758, 0.0154854515567, 0.00483871111646, 0.00202848785557, 0.0306855328381], "var": [0.1181056723, 0.0133879221976, 0.0101952059194, 0.00453011039644, 0.00264021684416, 0.0378164052963], "min": [6.34305570202e-06, 0.000112828121928, 2.90262087219e-05, 3.37162191499e-06, 1.72801867393e-06, 1.27164767036e-05], "dmean": [0.0733373463154, 0.054794497788, 0.0503692626953, 0.0272795613855, 0.0177258905023, 0.0753109529614], "mean": [0.608930587769, 0.0848124623299, 0.0811699330807, 0.0452255643904, 0.0402584969997, 0.164371073246], "max": [0.999890804291, 0.933116257191, 0.878008902073, 0.619696259499, 0.495542049408, 0.953608632088], "dmean2": [0.134095430374, 0.0951903536916, 0.0869398415089, 0.0484641753137, 0.031001009047, 0.135828226805], "median": [0.601396262646, 0.0386993810534, 0.0507652983069, 0.0307635441422, 0.0323501601815, 0.0655508935452], "dvar": [0.00764471013099, 0.00939913280308, 0.00577809009701, 0.00177613203414, 0.000771959777921, 0.0111534753814]}, "bpm_histogram_first_peak_weight": {"dvar2": 0, "var": 0, "min": 0.604130804539, "dmean": 0, "mean": 0.604130804539, "max": 0.604130804539, "dmean2": 0, "median": 0.604130804539, "dvar": 0}, "bpm": 128.02684021, "beats_count": 582, "bpm_histogram_first_peak_spread": {"dvar2": 0, "var": 0, "min": 0.37209302187, "dmean": 0, "mean": 0.37209302187, "max": 0.37209302187, "dmean2": 0, "median": 0.37209302187, "dvar": 0}, "danceability": 1.56395459175, "bpm_histogram_first_peak_bpm": {"dvar2": 0, "var": 0, "min": 129, "dmean": 0, "mean": 129, "max": 129, "dmean2": 0, "median": 129, "dvar": 0}, "beats_position": [0.383129239082, 0.801088392735, 1.23065757751, 1.69505667686, 2.15945577621, 2.62385487556, 3.09986400604, 3.5758728981, 4.04027223587, 4.5046710968, 4.96907043457, 5.4334692955, 5.90947818756, 6.38548755646, 6.84988641739, 7.31428575516, 7.77868461609, 8.25469398499, 8.73070240021, 9.19510173798, 9.65950107574, 10.1239004135, 10.5882987976, 11.0643081665, 11.5403175354, 12.0047159195, 12.4691152573, 12.933514595, 13.4095239639, 13.8855323792, 14.3499317169, 14.8143310547, 15.2787294388, 15.7547388077, 16.2307472229, 16.6951465607, 17.1595458984, 17.6239452362, 18.088344574, 18.5643539429, 19.0403633118, 19.5047607422, 19.96916008, 20.4335594177, 20.9095687866, 21.3855781555, 21.8499774933, 22.3143768311, 22.7787742615, 23.2547836304, 23.7307929993, 24.195192337, 24.6595916748, 25.1239910126, 25.5883903503, 26.0643978119, 26.5404071808, 27.0048065186, 27.4692058563, 27.9336051941, 28.409614563, 28.8856239319, 29.3500213623, 29.8144207001, 30.2788200378, 30.7548294067, 31.2308387756, 31.6952381134, 32.1596374512, 32.6240348816, 33.0884361267, 33.5644454956, 34.0404510498, 34.5048522949, 34.9692497253, 35.4336509705, 35.9096603394, 36.3856697083, 36.8500671387, 37.3144645691, 37.7788658142, 38.2548751831, 38.730884552, 39.1952819824, 39.6596832275, 40.124080658, 40.5884780884, 41.0644874573, 41.5404968262, 42.0048980713, 42.4692955017, 42.9336967468, 43.4097061157, 43.8857116699, 44.350112915, 44.8145103455, 45.2789115906, 45.743309021, 46.2193183899, 46.6953277588, 47.1597251892, 47.6241264343, 48.0885238647, 48.5645332336, 49.0405426025, 49.5049438477, 49.9693412781, 50.4337387085, 50.9097480774, 51.3857574463, 51.8501586914, 52.3145561218, 52.7789573669, 53.2549667358, 53.73097229, 54.1953735352, 54.6597709656, 55.1241722107, 55.5885696411, 56.06457901, 56.5405883789, 57.0049858093, 57.4693870544, 57.9337844849, 58.4097938538, 58.8858032227, 59.3502044678, 59.8146018982, 60.2789993286, 60.7434005737, 61.2194099426, 61.6954193115, 62.1598167419, 62.6242179871, 63.0886154175, 63.5646247864, 64.0406341553, 64.5050354004, 64.9694290161, 65.4338302612, 65.9098434448, 66.385848999, 66.8502502441, 67.3146438599, 67.779045105, 68.2434463501, 68.7194519043, 69.1954650879, 69.659866333, 70.1242599487, 70.5886611938, 71.064666748, 71.5406799316, 72.0050811768, 72.4694747925, 72.9338760376, 73.3982772827, 73.8742828369, 74.3502960205, 74.8146896362, 75.2790908813, 75.7434921265, 76.2194976807, 76.6955108643, 77.15990448, 77.6243057251, 78.0887069702, 78.5647125244, 79.040725708, 79.5051269531, 79.9695205688, 80.433921814, 80.8983230591, 81.3743286133, 81.8503417969, 82.3147354126, 82.7791366577, 83.2435379028, 83.719543457, 84.1955566406, 84.6599502563, 85.1243515015, 85.5887527466, 86.0647583008, 86.5407714844, 87.0051651001, 87.4695663452, 87.9455795288, 88.4331970215, 88.9324264526, 89.4432601929, 89.9541015625, 90.4649429321, 90.9757843018, 91.4634017944, 91.9277954102, 92.3921966553, 92.8682098389, 93.3442153931, 93.8086166382, 94.2730178833, 94.737411499, 95.2018127441, 95.6778182983, 96.1538314819, 96.6182327271, 97.0826263428, 97.5470275879, 98.0230331421, 98.4990463257, 98.9634475708, 99.4278411865, 99.8922424316, 100.368255615, 100.844261169, 101.308662415, 101.77305603, 102.237457275, 102.701858521, 103.177864075, 103.653877258, 104.118278503, 104.582672119, 105.047073364, 105.523078918, 105.999092102, 106.463493347, 106.927886963, 107.392288208, 107.868293762, 108.344306946, 108.808708191, 109.273101807, 109.737503052, 110.201904297, 110.677909851, 111.153923035, 111.61831665, 112.082717896, 112.547119141, 113.023124695, 113.499137878, 113.963539124, 114.427932739, 114.892333984, 115.368339539, 115.844352722, 116.308753967, 116.773147583, 117.237548828, 117.701950073, 118.177955627, 118.653968811, 119.118362427, 119.582763672, 120.047164917, 120.511566162, 120.987571716, 121.463577271, 121.927978516, 122.392379761, 122.856781006, 123.33278656, 123.808792114, 124.273193359, 124.737594604, 125.20199585, 125.666389465, 126.142402649, 126.618408203, 127.082809448, 127.547210693, 128.011611938, 128.487609863, 128.963623047, 129.428024292, 129.892425537, 130.356826782, 130.832824707, 131.308837891, 131.773239136, 132.237640381, 132.702041626, 133.17805481, 133.654052734, 134.118453979, 134.582855225, 135.04725647, 135.511657715, 135.98765564, 136.463668823, 136.928070068, 137.392471313, 137.856872559, 138.332870483, 138.808883667, 139.273284912, 139.737686157, 140.202087402, 140.666488647, 141.142486572, 141.618499756, 142.082901001, 142.547302246, 143.011703491, 143.487701416, 143.9637146, 144.428115845, 144.89251709, 145.356918335, 145.83291626, 146.308929443, 146.773330688, 147.237731934, 147.702133179, 148.166534424, 148.642532349, 149.118545532, 149.582946777, 150.047348022, 150.511749268, 150.987747192, 151.463760376, 151.928161621, 152.392562866, 152.856964111, 153.321365356, 153.797363281, 154.273376465, 154.73777771, 155.202178955, 155.6665802, 156.142578125, 156.618591309, 157.082992554, 157.547393799, 158.011795044, 158.487792969, 158.963806152, 159.428207397, 159.892608643, 160.357009888, 160.821395874, 161.297409058, 161.773422241, 162.237823486, 162.702224731, 163.166610718, 163.642623901, 164.118637085, 164.58303833, 165.047439575, 165.51184082, 165.987838745, 166.463851929, 166.928253174, 167.392654419, 167.857055664, 168.32144165, 168.797454834, 169.273468018, 169.737869263, 170.202270508, 170.666656494, 171.142669678, 171.618682861, 172.083084106, 172.547485352, 173.011871338, 173.476272583, 173.952285767, 174.42829895, 174.892700195, 175.35710144, 175.821487427, 176.29750061, 176.773513794, 177.237915039, 177.702316284, 178.166702271, 178.642715454, 179.118728638, 179.583129883, 180.047531128, 180.511917114, 180.976318359, 181.452331543, 181.928344727, 182.392745972, 182.857131958, 183.321533203, 183.797546387, 184.27355957, 184.737960815, 185.202362061, 185.666748047, 186.14276123, 186.618774414, 187.083175659, 187.547576904, 188.011962891, 188.476364136, 188.952377319, 189.428390503, 189.892791748, 190.357177734, 190.821578979, 191.285980225, 191.75038147, 192.226394653, 192.702392578, 193.166793823, 193.642807007, 194.11882019, 194.583221436, 195.047622681, 195.512008667, 195.976409912, 196.440811157, 196.905212402, 197.381225586, 197.857223511, 198.321624756, 198.786026001, 199.250427246, 199.714828491, 200.190841675, 200.6668396, 201.131240845, 201.59564209, 202.060043335, 202.536056519, 203.012054443, 203.476455688, 203.940856934, 204.405258179, 204.881271362, 205.357269287, 205.821670532, 206.286071777, 206.750473022, 207.214874268, 207.690887451, 208.166885376, 208.631286621, 209.095687866, 209.560089111, 210.024490356, 210.500488281, 210.976501465, 211.44090271, 211.905303955, 212.381317139, 212.857315063, 213.321716309, 213.786117554, 214.250518799, 214.714920044, 215.190933228, 215.666931152, 216.131332397, 216.595733643, 217.060134888, 217.536148071, 218.012145996, 218.476547241, 218.940948486, 219.405349731, 219.881362915, 220.35736084, 220.821762085, 221.28616333, 221.750564575, 222.21496582, 222.679367065, 223.15536499, 223.631378174, 224.119003296, 224.629837036, 225.140670776, 225.651519775, 226.173965454, 226.661590576, 227.137588501, 227.601989746, 228.066390991, 228.542404175, 229.0184021, 229.482803345, 229.94720459, 230.411605835, 230.887619019, 231.363616943, 231.828018188, 232.292419434, 232.756820679, 233.232833862, 233.708831787, 234.173233032, 234.637634277, 235.102035522, 235.578048706, 236.05406189, 236.518447876, 236.982849121, 237.447250366, 237.911651611, 238.387664795, 238.86366272, 239.328063965, 239.79246521, 240.256866455, 240.732879639, 241.208877563, 241.673278809, 242.137680054, 242.602081299, 243.078094482, 243.554092407, 244.018493652, 244.482894897, 244.947296143, 245.411697388, 245.887710571, 246.363708496, 246.828109741, 247.292510986, 247.756912231, 248.232925415, 248.70892334, 249.173324585, 249.63772583, 250.102127075, 250.578140259, 251.054138184, 251.518539429, 251.982940674, 252.447341919, 252.911743164, 253.387756348, 253.863754272, 254.328155518, 254.792556763, 255.256958008, 255.732971191, 256.208984375, 256.673370361, 257.137786865, 257.602172852, 258.078186035, 258.554199219, 259.018585205, 259.483001709, 259.947387695, 260.411773682, 260.887786865, 261.363800049, 261.828216553, 262.292602539, 262.756988525, 263.233001709, 263.709014893, 264.173431396, 264.637817383, 265.102203369, 265.566619873, 266.042633057, 266.51864624, 266.983032227, 267.447418213, 267.911834717, 268.3878479, 268.863861084, 269.32824707, 269.792633057, 270.280273438, 270.767883301, 271.255493164, 271.743133545, 272.230743408, 272.729980469, 273.229187012], "beats_loudness": {"dvar2": 0.000853783742059, "var": 0.00327079673298, "min": 7.28089277757e-09, "dmean": 0.0173397790641, "mean": 0.097238689661, "max": 0.206615298986, "dmean2": 0.0323012135923, "median": 0.0647196918726, "dvar": 0.000262413028395}, "bpm_histogram_second_peak_weight": {"dvar2": 0, "var": 0, "min": 0.015490533784, "dmean": 0, "mean": 0.015490533784, "max": 0.015490533784, "dmean2": 0, "median": 0.015490533784, "dvar": 0}, "bpm_histogram_second_peak_spread": {"dvar2": 0, "var": 0, "min": 0.25, "dmean": 0, "mean": 0.25, "max": 0.25, "dmean2": 0, "median": 0.25, "dvar": 0}, "bpm_histogram_second_peak_bpm": {"dvar2": 0, "var": 0, "min": 123, "dmean": 0, "mean": 123, "max": 123, "dmean2": 0, "median": 123, "dvar": 0}, "onset_rate": 4.72590970993}, "lowlevel": {"spectral_energyband_high": {"dvar2": 6.15329554421e-05, "var": 3.26603258145e-05, "min": 7.45804215633e-21, "dmean": 0.00302030262537, "mean": 0.00327408872545, "max": 0.0598717965186, "dmean2": 0.00470180623233, "median": 0.000758610258345, "dvar": 2.61548993876e-05}, "spectral_energyband_middle_low": {"dvar2": 0.000584796245676, "var": 0.000205117408768, "min": 2.37150419797e-22, "dmean": 0.00732885627076, "mean": 0.0110902115703, "max": 0.117949008942, "dmean2": 0.0121810147539, "median": 0.0069432426244, "dvar": 0.000222018934437}, "spectral_energy": {"dvar2": 0.000355021795258, "var": 0.00213287654333, "min": 1.03342404269e-20, "dmean": 0.014265996404, "mean": 0.0604254677892, "max": 0.210627779365, "dmean2": 0.0160399079323, "median": 0.0494212992489, "dvar": 0.000303879816784}, "spectral_spread": {"dvar2": 6035703070720.0, "var": 9704447148030.0, "min": 1225716.625, "dmean": 1505467.75, "mean": 6725491.5, "max": 41265016, "dmean2": 2167044.5, "median": 6373069, "dvar": 3486650204160.0}, "spectral_energyband_low": {"dvar2": 0.000733212567866, "var": 0.00224550091662, "min": 2.41650246483e-23, "dmean": 0.0132037401199, "mean": 0.0439061969519, "max": 0.208976000547, "dmean2": 0.0155816944316, "median": 0.0241687688977, "dvar": 0.000448916864116}, "spectral_rolloff": {"dvar2": 15559077, "var": 11816765, "min": 64.599609375, "dmean": 1533.62023926, "mean": 2224.52441406, "max": 20133.5449219, "dmean2": 2650.27099609, "median": 581.396484375, "dvar": 7065663}, "barkbands": {"dvar2": [1.00605302578e-06, 0.000490577775054, 0.00100393197499, 0.00025941079366, 0.000203276067623, 1.73737535079e-05, 3.25508381138e-06, 1.31991564558e-05, 1.41579657793e-05, 5.01557178723e-06, 8.78147545791e-07, 1.19560672829e-06, 3.49637701902e-07, 7.02063346125e-07, 6.62170350552e-07, 2.94337013429e-07, 2.12144968259e-07, 1.97927121803e-07, 2.73733547829e-07, 2.57839502638e-07, 5.41435383639e-07, 9.62163426266e-07, 7.86847579093e-07, 3.79555194741e-06, 6.86205294187e-06, 1.74611943748e-06, 1.0563835362e-09], "var": [4.80501194033e-06, 0.00184637785424, 0.00026034671464, 5.26570402144e-05, 4.45781624876e-05, 1.88665417227e-05, 1.74361423433e-06, 3.50204868482e-06, 1.22748606373e-05, 3.66090785064e-06, 6.83688313075e-07, 8.87318208243e-07, 2.50668023227e-07, 4.14289047512e-07, 4.53543577805e-07, 2.00379105308e-07, 1.64988037454e-07, 1.59219894158e-07, 3.15511414328e-07, 1.72390159037e-07, 2.26316416274e-07, 3.80045008797e-07, 4.78263018522e-07, 1.29145826122e-06, 3.93837399315e-06, 1.40842303153e-06, 3.80585785109e-10], "min": [5.81148464622e-24, 3.16323598891e-24, 3.04840150693e-24, 1.48281780063e-24, 2.48160447321e-23, 1.04747104586e-23, 3.8603322549e-24, 1.82604749257e-23, 2.7500025633e-23, 2.54836561385e-23, 3.82838425598e-23, 6.29188768464e-23, 4.12414303993e-23, 8.15831870244e-23, 5.07759945749e-23, 9.9179814988e-23, 8.82173494651e-23, 1.43329942783e-22, 1.49594672196e-22, 1.70804907883e-22, 3.64844331645e-22, 3.51391564773e-22, 4.29411953027e-22, 6.43220925272e-22, 1.05665557983e-21, 1.37924874858e-21, 2.19216170726e-21], "dmean": [0.000692490488291, 0.0124836144969, 0.00687944050878, 0.00302942446433, 0.00316745461896, 0.00144254486077, 0.000424809753895, 0.0005163057358, 0.00112294999417, 0.000528995296918, 0.000300557236187, 0.000293848948786, 0.000170585568412, 0.000232574690017, 0.000266693648882, 0.000201368049602, 0.000158863666002, 0.000179406779353, 0.00021019167616, 0.000192279083421, 0.000232649283134, 0.00035887179547, 0.000361594167771, 0.000649139052257, 0.000953218317591, 0.000480784015963, 1.01534951682e-05], "mean": [0.00142678560223, 0.034411650151, 0.00664955191314, 0.00232208776288, 0.00287190033123, 0.00255809910595, 0.000623127736617, 0.000657526950818, 0.00156211364083, 0.000739238690585, 0.000429915409768, 0.000450005696621, 0.000277245446341, 0.000319287210004, 0.000388654414564, 0.000303819804685, 0.000268147268798, 0.000312129297527, 0.000394416507334, 0.000319971877616, 0.000268113450147, 0.000373862654669, 0.000432857283158, 0.000623098690994, 0.000924960244447, 0.000508359691594, 8.36675462779e-06], "max": [0.0126069365069, 0.207217440009, 0.136128634214, 0.0795778483152, 0.0622262880206, 0.0783576369286, 0.065281175077, 0.0670121982694, 0.0696165263653, 0.0402925945818, 0.0141941169277, 0.0183805413544, 0.0125099206343, 0.0117970919237, 0.0116197597235, 0.00633564125746, 0.00785752572119, 0.00345008331351, 0.00649896357208, 0.00876840204, 0.00486512761563, 0.00501075945795, 0.00830113235861, 0.0119055332616, 0.0261406656355, 0.0152256544679, 0.000259197986452], "dmean2": [0.000704608275555, 0.0132058588788, 0.0121654085815, 0.00562684889883, 0.00582405179739, 0.00220637838356, 0.000699616211932, 0.000840371008962, 0.0017141016433, 0.000808630837128, 0.000482389645185, 0.000468347105198, 0.000275993166724, 0.000385812629247, 0.00043496809667, 0.000332052091835, 0.000264855654677, 0.00029404257657, 0.000340376165695, 0.000325556902681, 0.000389765627915, 0.000601264415309, 0.000567328592297, 0.00110242911614, 0.00149712176062, 0.000724555924535, 1.71078936546e-05], "median": [0.00046315943473, 0.0155522366986, 0.00102820491884, 0.000544075563084, 0.000941094127484, 0.00107000535354, 0.00022069622355, 0.000148795603309, 0.000337585341185, 0.000158509123139, 0.000135141148348, 0.00014418765204, 9.50091853156e-05, 7.8446137195e-05, 0.000136143382406, 0.000125691818539, 0.000122027915495, 0.000170377155882, 0.000201984032174, 0.000182977906661, 6.02858890488e-05, 9.527587099e-05, 0.000138014162076, 0.000164318742463, 0.00011891964823, 4.99275265611e-05, 9.53300798301e-08], "dvar": [1.10235305328e-06, 0.000387566833524, 0.000371749396436, 9.05460401555e-05, 7.09571540938e-05, 8.25162078399e-06, 1.32913930884e-06, 4.67204245069e-06, 6.70231293043e-06, 2.35046559283e-06, 3.84000884424e-07, 5.11460370944e-07, 1.45128055351e-07, 2.77857395758e-07, 2.60717229139e-07, 1.13846773786e-07, 8.17530718678e-08, 7.64829906075e-08, 1.17678048639e-07, 9.83418004807e-08, 2.07576675848e-07, 3.71466256865e-07, 3.47888118313e-07, 1.43100703554e-06, 3.1301628951e-06, 9.26577740756e-07, 4.15256745656e-10]}, "melbands_skewness": {"dvar2": 17.5555381775, "var": 15.2273101807, "min": -1.77785122395, "dmean": 1.70480763912, "mean": 4.99118900299, "max": 31.6826610565, "dmean2": 2.45699596405, "median": 3.84858798981, "dvar": 6.72728347778}, "barkbands_skewness": {"dvar2": 15.2370967865, "var": 16.3443584442, "min": -4.4110865593, "dmean": 1.53136193752, "mean": 3.36202001572, "max": 35.717010498, "dmean2": 2.11519503593, "median": 2.19567894936, "dvar": 6.79817152023}, "erbbands": {"dvar2": [0.326561689377, 37.6591186523, 858.316833496, 2205.94799805, 3047.43481445, 1758.70788574, 1075.05236816, 1063.27966309, 927.167724609, 3030.57983398, 4719.640625, 6673.41943359, 7826.92089844, 1106.13879395, 951.83013916, 2582.54638672, 544.907958984, 1904.60388184, 1195.10754395, 1640.68334961, 752.818359375, 556.280578613, 630.588439941, 767.66015625, 647.403198242, 463.484985352, 760.513427734, 808.038269043, 1030.09362793, 1422.52893066, 840.699951172, 1110.62866211, 1446.51818848, 911.116760254, 304.397247314, 69.6063613892, 5.067050457, 0.0379807390273, 1.92758325284e-05, 4.9627388421e-08], "var": [3.24357295036, 72.4242706299, 285.640960693, 507.937011719, 647.897888184, 431.58581543, 1107.35449219, 1096.26501465, 606.686706543, 841.446166992, 2396.48974609, 6051.73242188, 6448.57177734, 887.038330078, 924.094543457, 1821.77270508, 433.498657227, 1220.62231445, 751.234130859, 1053.12841797, 599.148620605, 467.095397949, 459.777496338, 739.074768066, 712.248779297, 335.835021973, 313.832641602, 364.372467041, 414.517211914, 596.849304199, 439.402709961, 454.583862305, 457.4480896, 477.422973633, 198.308822632, 52.3574523926, 3.12467217445, 0.0201806873083, 1.02353988041e-05, 3.05374321385e-08], "min": [1.32828159407e-22, 7.86309994111e-22, 4.91858798227e-21, 9.69467067801e-21, 4.26848719026e-20, 6.9052798429e-20, 1.24119316868e-19, 8.78422642043e-20, 1.39801213716e-19, 2.06015548336e-19, 5.26650438075e-19, 7.15213393139e-19, 6.11375446291e-19, 1.8211717082e-18, 1.88522630009e-18, 2.81318149949e-18, 1.80226690889e-18, 1.97941528849e-18, 4.02476307566e-18, 3.33557004456e-18, 4.31024957483e-18, 6.28986193911e-18, 6.22640271047e-18, 8.99103801378e-18, 1.00211218947e-17, 8.53350787337e-18, 1.3681651704e-17, 1.35837606688e-17, 1.34101751629e-17, 1.22580672524e-17, 1.19999058376e-17, 1.04901084866e-17, 1.22135268851e-17, 1.10823582247e-17, 7.17548492989e-18, 4.6958687687e-18, 2.5026425947e-18, 1.15312275773e-18, 2.83857263558e-19, 3.19402254917e-20], "dmean": [0.522576987743, 2.8936085701, 7.07234764099, 9.3961057663, 10.8157405853, 10.1569814682, 10.8219957352, 10.1727590561, 7.47893381119, 6.29939985275, 15.6264705658, 22.513092041, 21.5011863708, 9.92142963409, 10.0716695786, 12.2856798172, 7.41806697845, 11.6562767029, 10.6714477539, 12.371972084, 10.4204139709, 8.26615142822, 9.4215631485, 10.2634086609, 10.6296796799, 8.08571815491, 8.89644527435, 9.60756778717, 10.9190263748, 14.2820901871, 11.0896186829, 12.0196390152, 11.865486145, 10.9728240967, 6.14387607574, 2.89405488968, 0.78779643774, 0.0718726664782, 0.00160045863595, 8.82035601535e-05], "mean": [1.36650156975, 6.21838235855, 7.76365661621, 8.76737689972, 8.38654518127, 9.46734905243, 18.0456886292, 17.3070087433, 11.8999471664, 9.06861019135, 21.9337940216, 32.1249885559, 32.2317771912, 15.8277482986, 15.6454334259, 19.532459259, 13.440829277, 17.98802948, 15.8602352142, 19.8451080322, 17.4030151367, 15.1368980408, 16.4291057587, 19.4550514221, 20.0778141022, 14.4434566498, 10.8107175827, 10.8846750259, 11.9768400192, 14.9926309586, 12.9375171661, 12.5712032318, 10.6847162247, 10.4627351761, 6.19256591797, 3.08622837067, 0.767543435097, 0.066600471735, 0.00151595566422, 0.000145215060911], "max": [9.08620548248, 48.9317016602, 148.655151367, 212.16444397, 248.74786377, 316.874237061, 626.781494141, 902.221374512, 1163.95825195, 1219.63891602, 1111.80517578, 2046.85693359, 1156.6270752, 533.979064941, 565.79864502, 938.288391113, 353.896697998, 687.349975586, 601.651916504, 507.356079102, 312.801269531, 443.419128418, 211.173110962, 338.217163086, 255.127655029, 416.77822876, 183.417480469, 173.036193848, 221.280990601, 178.946899414, 282.147766113, 256.963165283, 246.45652771, 266.908294678, 193.883178711, 85.4361343384, 23.0880355835, 1.48837530613, 0.0418094918132, 0.00222342135385], "dmean2": [0.439425170422, 3.21993207932, 11.560295105, 17.0848693848, 19.9738063812, 18.5984210968, 16.820394516, 15.5765161514, 11.8982381821, 10.3014259338, 25.0866107941, 33.9944000244, 32.8593673706, 15.8548908234, 15.9746246338, 19.5100784302, 12.0391454697, 19.0061359406, 17.6706905365, 20.3114147186, 17.1225624084, 13.7036428452, 15.4765377045, 16.7886009216, 17.2546024323, 13.6549501419, 15.2306060791, 15.6936473846, 18.1508598328, 23.39686203, 17.7004356384, 19.8477802277, 20.2864894867, 17.4671993256, 9.45716094971, 4.38880062103, 1.20645523071, 0.1131580621, 0.00249485066161, 0.000130253087264], "median": [0.548774182796, 2.79429292679, 2.317684412, 1.99158298969, 2.24272227287, 2.90978121758, 7.12326860428, 6.88653421402, 4.54922866821, 2.95641112328, 5.15677165985, 7.39466428757, 7.09680604935, 5.55730962753, 5.56797218323, 6.54514789581, 5.43900823593, 5.24168014526, 6.29455804825, 8.04697799683, 7.66448354721, 7.56086206436, 8.98410224915, 11.4424991608, 10.2581119537, 8.84698581696, 3.26595020294, 2.51146245003, 3.07821917534, 3.88697075844, 4.3356924057, 4.06120491028, 1.99565541744, 1.30335021019, 0.787853717804, 0.332399636507, 0.0697614997625, 0.00347231631167, 0.000131428896566, 9.09109949134e-05], "dvar": [0.509513556957, 23.8363456726, 335.524200439, 787.940307617, 1078.22570801, 619.822753906, 500.068939209, 502.168304443, 381.705932617, 1106.18457031, 1820.56665039, 3260.56713867, 3648.64477539, 466.755584717, 433.581115723, 1120.9041748, 219.420059204, 759.967529297, 481.624267578, 654.174255371, 301.112121582, 217.770401001, 239.696212769, 313.155792236, 265.92489624, 176.267227173, 286.453918457, 319.275299072, 396.613311768, 566.438964844, 352.600097656, 439.037689209, 537.014953613, 399.581481934, 147.489425659, 35.7816543579, 2.37147045135, 0.0166817028075, 8.45043268782e-06, 2.25211920224e-08]}, "silence_rate_30dB": {"dvar2": 0.149565383792, "var": 0.159112945199, "min": 0, "dmean": 0.0866689309478, "mean": 0.801492393017, "max": 1, "dmean2": 0.17335255444, "median": 1, "dvar": 0.07915379107}, "melbands_spread": {"dvar2": 983.251953125, "var": 894.667541504, "min": 0.108775824308, "dmean": 11.8792772293, "mean": 22.4310379028, "max": 245.925827026, "dmean2": 18.7022171021, "median": 12.3920879364, "dvar": 398.777099609}, "melbands_crest": {"dvar2": 25.3071460724, "var": 73.5876617432, "min": 1.64998447895, "dmean": 3.3425116539, "mean": 20.6955242157, "max": 35.5290412903, "dmean2": 4.76314067841, "median": 19.6958694458, "dvar": 12.3943777084}, "zerocrossingrate": {"dvar2": 0.00113346730359, "var": 0.00590704753995, "min": 0.001953125, "dmean": 0.0254018884152, "mean": 0.0750089511275, "max": 0.52294921875, "dmean2": 0.0296951700002, "median": 0.048828125, "dvar": 0.000899222504813}, "barkbands_kurtosis": {"dvar2": 30437.3144531, "var": 26923.2773438, "min": -1.97017991543, "dmean": 34.5065574646, "mean": 56.4541358948, "max": 1600.47961426, "dmean2": 52.094543457, "median": 4.92077922821, "dvar": 13574.6347656}, "spectral_flux": {"dvar2": 0.00287145050243, "var": 0.00740833487362, "min": 6.60236032513e-11, "dmean": 0.0419673956931, "mean": 0.116259284317, "max": 0.462434947491, "dmean2": 0.0535675473511, "median": 0.089942522347, "dvar": 0.0023015064653}, "barkbands_crest": {"dvar2": 17.4449615479, "var": 46.5708847046, "min": 2.3324368, "dmean": 2.73097634315, "mean": 14.586435318, "max": 26.5628051758, "dmean2": 3.7449862957, "median": 13.7333421707, "dvar": 9.2031955719}, "barkbands_flatness_db": {"dvar2": 0.00482583325356, "var": 0.0181995537132, "min": 0.0263974983245, "dmean": 0.0420515350997, "mean": 0.20388405025, "max": 0.666235923767, "dmean2": 0.0512220934033, "median": 0.177636161447, "dvar": 0.00255989772268}, "spectral_entropy": {"dvar2": 0.432618707418, "var": 0.806825399399, "min": 4.67199325562, "dmean": 0.341658234596, "mean": 7.59376382828, "max": 9.81275463104, "dmean2": 0.500094234943, "median": 7.87091207504, "dvar": 0.224402338266}, "pitch_salience": {"dvar2": 0.0209893640131, "var": 0.0434938147664, "min": 0.0284588560462, "dmean": 0.0864094793797, "mean": 0.429598808289, "max": 0.969929277897, "dmean2": 0.127777174115, "median": 0.460559546947, "dvar": 0.0105254221708}, "erbbands_spread": {"dvar2": 1576.76721191, "var": 1217.09729004, "min": 2.86799502373, "dmean": 19.1459693909, "mean": 54.2569656372, "max": 208.301803589, "dmean2": 30.0208072662, "median": 49.8044013977, "dvar": 692.607177734}, "dynamic_complexity": 2.97707271576, "spectral_contrast_valleys": {"dvar2": [0.197663873434, 0.338094353676, 0.384507626295, 0.692099452019, 0.762603878975, 1.17252004147], "var": [2.39397168159, 1.76366662979, 1.88481676579, 2.36148834229, 2.51620554924, 2.82926607132], "min": [-28.1540355682, -27.6736450195, -27.3962020874, -27.4156417847, -27.3993434906, -27.2960071564], "dmean": [0.337123394012, 0.423493146896, 0.387606173754, 0.442638576031, 0.426814496517, 0.637367904186], "mean": [-7.01876688004, -7.15540313721, -7.81143140793, -8.1372718811, -7.92982816696, -9.58430099487], "max": [-5.21711158752, -4.85376691818, -5.4112534523, -5.39950037003, -5.47764492035, -6.87682914734], "dmean2": [0.528424501419, 0.64125430584, 0.60032838583, 0.688812732697, 0.649047970772, 0.849714398384], "median": [-6.64479446411, -7.00574207306, -7.49328804016, -7.75026941299, -7.43195915222, -9.21222114563], "dvar": [0.0914373323321, 0.16581441462, 0.177498102188, 0.317166686058, 0.367616146803, 0.641514718533]}, "hfc": {"dvar2": 5581.54199219, "var": 3364.37084961, "min": 1.09147686201e-16, "dmean": 30.1374416351, "mean": 42.944316864, "max": 627.69128418, "dmean2": 45.8098907471, "median": 23.1206512451, "dvar": 2429.35986328}, "spectral_kurtosis": {"dvar2": 31.7267017365, "var": 43.3984336853, "min": -1.21742331982, "dmean": 2.37526726723, "mean": 4.63881731033, "max": 61.9851112366, "dmean2": 3.62191724777, "median": 2.38703036308, "dvar": 16.0891418457}, "mfcc": {"mean": [-662.469909668, 101.901298523, 36.7571372986, 24.1980991364, 17.22697258, 7.78916931152, 8.41554355621, 10.5514431, 1.17098224163, 8.39994812012, 1.83237147331, 0.294454157352, 4.83688926697], "cov": [[15123.421875, -3028.62963867, -2556.91723633, -810.394592285, -363.561828613, -550.214416504, -469.918670654, -194.935577393, -198.869125366, -35.5540657043, -175.879989624, -341.462799072, -185.528091431], [-3028.62963867, 3087.93310547, 401.074615479, 203.828140259, 213.552444458, 91.0271377563, 250.848266602, 230.989318848, 79.0902481079, 225.375259399, 136.540512085, 153.61390686, 137.43057251], [-2556.91723633, 401.074615479, 2133.53491211, 482.587097168, 204.742614746, 352.891265869, 140.220291138, -43.6044273376, 129.667068481, -95.220489502, 96.900642395, 104.982910156, -1.91153120995], [-810.394592285, 203.828140259, 482.587097168, 717.413818359, 287.07611084, 94.7167282104, 130.373687744, 131.95098877, 68.7991104126, 79.6296463013, 59.8185539246, 83.8959350586, 85.4815368652], [-363.561828613, 213.552444458, 204.742614746, 287.07611084, 289.445343018, 92.4334411621, 88.6701965332, 113.945114136, 59.7323989868, 73.3210296631, 42.5029678345, 43.373046875, 54.3468437195], [-550.214416504, 91.0271377563, 352.891265869, 94.7167282104, 92.4334411621, 296.814727783, 122.981628418, 32.5865478516, 72.2485198975, -16.708190918, 52.0317153931, 68.4171218872, 4.38741636276], [-469.918670654, 250.848266602, 140.220291138, 130.373687744, 88.6701965332, 122.981628418, 210.8697052, 131.016464233, 38.0287857056, 88.2478713989, 60.4253768921, 31.2088756561, 44.0093765259], [-194.935577393, 230.989318848, -43.6044273376, 131.95098877, 113.945114136, 32.5865478516, 131.016464233, 203.195327759, 72.0808563232, 123.329315186, 51.445438385, 41.9554176331, 66.0896682739], [-198.869125366, 79.0902481079, 129.667068481, 68.7991104126, 59.7323989868, 72.2485198975, 38.0287857056, 72.0808563232, 142.9765625, 39.7054328918, 41.51404953, 49.0838432312, 23.3780555725], [-35.5540657043, 225.375259399, -95.220489502, 79.6296463013, 73.3210296631, -16.708190918, 88.2478713989, 123.329315186, 39.7054328918, 185.288726807, 69.3594589233, 15.4441146851, 53.1843948364], [-175.879989624, 136.540512085, 96.900642395, 59.8185539246, 42.5029678345, 52.0317153931, 60.4253768921, 51.445438385, 41.51404953, 69.3594589233, 94.8673171997, 53.9279975891, 29.5059337616], [-341.462799072, 153.61390686, 104.982910156, 83.8959350586, 43.373046875, 68.4171218872, 31.2088756561, 41.9554176331, 49.0838432312, 15.4441146851, 53.9279975891, 112.323516846, 53.8935127258], [-185.528091431, 137.43057251, -1.91153120995, 85.4815368652, 54.3468437195, 4.38741636276, 44.0093765259, 66.0896682739, 23.3780555725, 53.1843948364, 29.5059337616, 53.8935127258, 91.4127197266]], "icov": [[0.000105323670141, 8.4474326286e-05, 0.000100564480817, 2.71770531981e-05, -5.65301234019e-05, 1.42516582855e-05, 0.000100713936263, -1.22596238725e-05, -1.37818615258e-05, -1.64531356859e-05, -0.000164558790857, 0.000151160988025, 3.3845728467e-05], [8.4474326286e-05, 0.000484400894493, -3.46465458279e-05, 0.00019812741084, -0.000267902505584, 0.000266835268121, -0.000339910096955, 5.31678210791e-07, 0.000122739555081, -0.00043771462515, 0.000130770509713, -0.000587660761084, 9.44529892877e-05], [0.000100564480817, -3.46465458279e-05, 0.000922662438825, -0.000514755723998, -0.00011700046889, -0.000431241031038, -0.000280079228105, 0.000860175525304, -0.000651771842968, 0.000775633612648, -0.00100668729283, 0.00057028431911, 6.4182029746e-05], [2.71770531981e-05, 0.00019812741084, -0.000514755723998, 0.00290706404485, -0.00243192841299, 0.00102140707895, -0.00104707328137, 2.29121833399e-05, 0.00021540292073, -0.000337228906574, 0.000768638390582, -0.00156582740601, -0.000271403114311], [-5.65301234019e-05, -0.000267902505584, -0.00011700046889, -0.00243192841299, 0.00752752972767, -0.00262029166333, 0.00233191344887, -0.00301740388386, 0.000197229528567, -0.000754998764023, -9.41197649809e-05, 0.00209334795363, -0.00154589081649], [1.42516582855e-05, 0.000266835268121, -0.000431241031038, 0.00102140707895, -0.00262029166333, 0.00864921417087, -0.00680883182213, 0.00305929360911, -0.00267524272203, 0.00215350394137, -0.000127739855088, -0.00476917158812, 0.00315671903081], [0.000100713936263, -0.000339910096955, -0.000280079228105, -0.00104707328137, 0.00233191344887, -0.00680883182213, 0.0154454456642, -0.00905541144311, 0.00394099764526, -0.00122677639592, -0.00387494405732, 0.00575260259211, -0.00269488245249], [-1.22596238725e-05, 5.31678210791e-07, 0.000860175525304, 2.29121833399e-05, -0.00301740388386, 0.00305929360911, -0.00905541144311, 0.0172516461462, -0.00572230666876, -0.00457741273567, 0.00332672847435, -0.00320845399983, -0.00155066570733], [-1.37818615258e-05, 0.000122739555081, -0.000651771842968, 0.00021540292073, 0.000197229528567, -0.00267524272203, 0.00394099764526, -0.00572230666876, 0.0117008304223, -0.0012349440949, -0.0010500944918, -0.00216322531924, 0.00116377777886], [-1.64531356859e-05, -0.00043771462515, 0.000775633612648, -0.000337228906574, -0.000754998764023, 0.00215350394137, -0.00122677639592, -0.00457741273567, -0.0012349440949, 0.0155032007024, -0.0109051121399, 0.00661143939942, -0.00388021231629], [-0.000164558790857, 0.000130770509713, -0.00100668729283, 0.000768638390582, -9.41197649809e-05, -0.000127739855088, -0.00387494405732, 0.00332672847435, -0.0010500944918, -0.0109051121399, 0.0257731433958, -0.0127212787047, 0.00404627341777], [0.000151160988025, -0.000587660761084, 0.00057028431911, -0.00156582740601, 0.00209334795363, -0.00476917158812, 0.00575260259211, -0.00320845399983, -0.00216322531924, 0.00661143939942, -0.0127212787047, 0.0246498119086, -0.0125188687816], [3.3845728467e-05, 9.44529892877e-05, 6.4182029746e-05, -0.000271403114311, -0.00154589081649, 0.00315671903081, -0.00269488245249, -0.00155066570733, 0.00116377777886, -0.00388021231629, 0.00404627341777, -0.0125188687816, 0.0223418064415]]}, "silence_rate_20dB": {"dvar2": 0, "var": 0, "min": 1, "dmean": 0, "mean": 1, "max": 1, "dmean2": 0, "median": 1, "dvar": 0}, "melbands_kurtosis": {"dvar2": 38687.4296875, "var": 18876.4082031, "min": -1.89877772331, "dmean": 47.8259773254, "mean": 71.6486053467, "max": 1967.57507324, "dmean2": 71.8239517212, "median": 20.7418670654, "dvar": 14541.7421875}, "barkbands_spread": {"dvar2": 972.96673584, "var": 683.739196777, "min": 0.0844651162624, "dmean": 13.9165611267, "mean": 27.1486816406, "max": 123.978904724, "dmean2": 21.4167022705, "median": 19.1562538147, "dvar": 402.689147949}, "erbbands_skewness": {"dvar2": 1.87123370171, "var": 3.22776985168, "min": -4.56570577621, "dmean": 0.69664567709, "mean": 0.606360018253, "max": 11.781873703, "dmean2": 1.01241898537, "median": 0.180284112692, "dvar": 0.999061882496}, "average_loudness": 0.963567435741, "spectral_centroid": {"dvar2": 1086033.5, "var": 1003365.8125, "min": 64.3833007813, "dmean": 449.488433838, "mean": 1448.234375, "max": 11091.2998047, "dmean2": 722.073364258, "median": 1407.20996094, "dvar": 436045.625}, "dissonance": {"dvar2": 0.00140550674405, "var": 0.00125900958665, "min": 0.227965980768, "dmean": 0.0215839873999, "mean": 0.460312664509, "max": 0.500000119209, "dmean2": 0.0354842580855, "median": 0.471910625696, "dvar": 0.000534101622179}, "erbbands_flatness_db": {"dvar2": 0.00141468923539, "var": 0.00375516247004, "min": 0.0529648251832, "dmean": 0.023690527305, "mean": 0.141385570168, "max": 0.368350684643, "dmean2": 0.034260712564, "median": 0.127798378468, "dvar": 0.000755517045036}, "spectral_strongpeak": {"dvar2": 1.14946055412, "var": 0.514518380165, "min": 0, "dmean": 0.271515578032, "mean": 0.620469152927, "max": 17.0667476654, "dmean2": 0.425159901381, "median": 0.431515276432, "dvar": 0.431536078453}, "spectral_rms": {"dvar2": 1.48852188886e-06, "var": 9.34000672714e-06, "min": 3.17524587352e-12, "dmean": 0.000937383796554, "mean": 0.00704354327172, "max": 0.0143349403515, "dmean2": 0.0010917960899, "median": 0.00694376695901, "dvar": 1.12736825031e-06}, "silence_rate_60dB": {"dvar2": 0.0242792665958, "var": 0.0349744185805, "min": 0, "dmean": 0.0110244229436, "mean": 0.0362927168608, "max": 1, "dmean2": 0.022050715982