{"metadata": {"tags": {"replaygain_track_peak": ["0.999969"], "genre": ["Rap & Hip-Hop"], "musicmagic data": ["AQEAW55AiM6M5pnEgb/x8FWAcWCBgIB1yu2bZzspoBcBGIABgAHSjbn8rswIitSWgJuAAcs6gwy0Hh6FgAEF/vXQDMaf7buDgAKAAQ=="], "album": ["Lab Tested, Street Approved"], "musicbrainz album type": ["album"], "albumartistsort": ["Alchemist, The"], "musicbrainz album release country": ["US"], "musicbrainz_artistid": ["03f3deb7-0419-4bf9-a1e7-511946385717"], "musicbrainz trm id": ["6c5899db-fae2-427c-971d-36f913a1f176"], "albumartist": ["The Alchemist"], "musicbrainz album status": ["official"], "artist": ["The Alchemist"], "musicbrainz_albumid": ["8743ec59-2dfb-4e4a-9621-92ede24a754a"], "file_name": "03-The Alchemist-Still In Effect.mp3", "title": ["Still In Effect"], "tracknumber": ["3/8"], "musicbrainz_albumartistid": ["03f3deb7-0419-4bf9-a1e7-511946385717"], "musicmagic fingerprint": ["AS+0aCQp/xgWC2oK5gcMBqoHuAm1BM8EFQPwAzYDHAHBAcEB4ANfAmYFvglFAw4E8gJjA/sC/ASjAw4D6wRdA58CIQM3A+8CMQLOAsMBqwHBnS0KTUyHDOcNdgPgBZIApgDR/6kEMP0X/oQBXQJVAiwCTQEmBLsD7AH4+lkBdv85AA/+K/6H+yb/F/yx+3z+Fv8y/bT6Gf5O+9T+Bv6O/lkJdtGqCG8zHwnCID0ZYA+IKkUKYxUvErUb4hwHCXQEHQwTBRAC+gMQI14VpxLKGOIUbwzSDC0NKBDnDEUNPQuKCN4InAmACKQHKwovBjYGG8LaNtSoEAwy970AZA4+/h0YL/8wAUUBxw3iCKwDKgBMBCEEHgqdCLYD6P/6B8YBIQbWAeAEWQSfCGMD5wMzBGEERAMUA38DygG0BZ8CywM0DHD7Kv4nLIXwfSLCE8P7vzg37LYJfPRYAsfiBfew/2QFXALY9rT4Fe90zTnvw91o9CrppvLl79TuXe6t6a7zh/fR9MLxsffT9T/00PnW+TX4ufdM7u1Ifyd49hj7iRaC2vIRm/IHDwvf6NC6/bsAXPnH+A/9d/pz8cQOVui87hTrUv6uAW4P2Pr/C0YNdwfrAh0JDA75BXkMOAsnBCkFTwQfAU38fvPSDJrww/zO/RHqZQ6qHsUeiQVp5CADJwL9/CMGvhpVEq1W9M6iCqnglgI39rQDK/7Q+mv4Z/9CAcn+Wv4H/0cBSv/p/7EAzQATIBgTDQ=="], "replaygain_album_gain": ["-6.89 dB"], "replaygain_track_gain": ["-4.63 dB"], "date": ["2004"], "musicbrainz_recordingid": ["1125836a-82a5-42b4-8655-4bec7a7808f1"]}, "audio_properties": {"sample_rate": 44100, "downmix": "mix", "lossless": false, "analysis_sample_rate": 44100, "md5_encoded": "33d5683053c1dd1cd20d1883a3b7318f", "equal_loudness": 0, "replay_gain": -5.14262199402, "codec": "mp3", "bit_rate": 190898, "length": 161.463928223}, "version": {"extractor": "music 1.0", "essentia_build_sha": "ca57ba49d9b1854bd80e60cf9ccf267278fb7d6b", "essentia_git_sha": "v2.1_beta1-28-g21ef5f4-dirty", "essentia": "2.1-beta1"}}, "rhythm": {"beats_loudness_band_ratio": {"dvar2": [0.184248223901, 0.0205106306821, 0.026716100052, 0.0330543629825, 0.00919041689485, 0.0115683721378], "var": [0.172770112753, 0.0109362946823, 0.0101117538288, 0.0254269931465, 0.00964191928506, 0.0120398402214], "min": [0.00314966309816, 0.000128560030134, 5.19543646078e-05, 2.31587109738e-05, 1.19055648611e-05, 5.97162288614e-05], "dmean": [0.250559657812, 0.066196963191, 0.0770066455007, 0.103767871857, 0.0590353049338, 0.0605215355754], "mean": [0.542463719845, 0.0659317821264, 0.0736521780491, 0.144234746695, 0.0917068421841, 0.0934844687581], "max": [0.999696850777, 0.900130569935, 0.522274196148, 0.642320156097, 0.357544869184, 0.519216239452], "dmean2": [0.43375441432, 0.112269960344, 0.135243743658, 0.187292098999, 0.105962045491, 0.108742505312], "median": [0.692681968212, 0.0283473711461, 0.0403138399124, 0.0477329157293, 0.0436759628356, 0.0428540930152], "dvar": [0.110114075243, 0.00820574257523, 0.0108750816435, 0.0167701188475, 0.00529150478542, 0.00664275093004]}, "bpm_histogram_first_peak_weight": {"dvar2": 0, "var": 0, "min": 0.40000000596, "dmean": 0, "mean": 0.40000000596, "max": 0.40000000596, "dmean2": 0, "median": 0.40000000596, "dvar": 0}, "bpm": 101.144714355, "beats_count": 271, "bpm_histogram_first_peak_spread": {"dvar2": 0, "var": 0, "min": 0.600000023842, "dmean": 0, "mean": 0.600000023842, "max": 0.600000023842, "dmean2": 0, "median": 0.600000023842, "dvar": 0}, "danceability": 1.1510951519, "bpm_histogram_first_peak_bpm": {"dvar2": 0, "var": 0, "min": 101, "dmean": 0, "mean": 101, "max": 101, "dmean2": 0, "median": 101, "dvar": 0}, "beats_position": [0.557278871536, 1.1261677742, 1.70666658878, 2.29877543449, 2.89088439941, 3.48299312592, 4.08671188354, 4.67882061005, 5.27092981339, 5.86303853989, 6.44353723526, 7.03564596176, 7.6277551651, 8.2198638916, 8.82358264923, 9.42730140686, 10.0310201645, 10.6115188599, 11.1920175552, 11.7725172043, 12.3762359619, 12.9683446884, 13.5604534149, 14.1525621414, 14.756280899, 15.3483896255, 15.9288883209, 16.5209980011, 17.1131057739, 17.693605423, 18.2973232269, 18.9010429382, 19.5047607422, 20.0852603912, 20.6773700714, 21.2694778442, 21.8731975555, 22.4536952972, 23.0574150085, 23.6611328125, 24.2648525238, 24.8453502655, 25.4258499146, 26.0063495636, 26.5984573364, 27.1905670166, 27.7710647583, 28.3747844696, 28.9785022736, 29.5822219849, 30.1627197266, 30.7548294067, 31.3469390869, 31.9506568909, 32.5543746948, 33.1348762512, 33.7385940552, 34.3190917969, 34.8995895386, 35.4916992188, 36.0838088989, 36.6759185791, 37.2680282593, 37.8717460632, 38.4754638672, 39.0559616089, 39.6364631653, 40.2401809692, 40.8322906494, 41.4243965149, 42.0281181335, 42.6318359375, 43.2355537415, 43.8160552979, 44.3965530396, 44.9770507812, 45.5691604614, 46.1612701416, 46.7649879456, 47.3687057495, 47.9724235535, 48.5529251099, 49.1334228516, 49.7255325317, 50.3176422119, 50.9213600159, 51.5250778198, 52.1055755615, 52.7092971802, 53.3014030457, 53.8819046021, 54.4740142822, 55.0661201477, 55.6582298279, 56.2619476318, 56.8656692505, 57.4693870544, 58.0498847961, 58.6303825378, 59.2108840942, 59.8146018982, 60.4067115784, 60.9988212585, 61.6025390625, 62.2062568665, 62.7867546082, 63.3672561646, 63.95936203, 64.5514755249, 65.1435852051, 65.7356872559, 66.3394088745, 66.9431304932, 67.5236282349, 68.1041259766, 68.7078475952, 69.3115615845, 69.8920593262, 70.4957809448, 71.087890625, 71.6916122437, 72.2837142944, 72.8642196655, 73.4447174072, 74.0252151489, 74.6289291382, 75.2326507568, 75.8363723755, 76.4400863647, 77.0205917358, 77.6010894775, 78.1931991577, 78.7853012085, 79.3890228271, 79.9927444458, 80.584854126, 81.1769561768, 81.7690658569, 82.349571228, 82.9416732788, 83.533782959, 84.1258926392, 84.7296142578, 85.3333282471, 85.9254379272, 86.5175476074, 87.0980453491, 87.6785507202, 88.270652771, 88.8627624512, 89.4664840698, 90.0702056885, 90.6623077393, 91.2544174194, 91.8349151611, 92.4270248413, 93.0191345215, 93.6228561401, 94.2149658203, 94.8186798096, 95.4107894897, 95.9912872314, 96.5833969116, 97.1755065918, 97.767616272, 98.3597259521, 98.9634475708, 99.5671615601, 100.170883179, 100.75138092, 101.331878662, 101.923988342, 102.516098022, 103.108207703, 103.700317383, 104.304031372, 104.907752991, 105.488250732, 106.068748474, 106.660858154, 107.252967834, 107.845077515, 108.437187195, 109.040908813, 109.656234741, 110.248344421, 110.828842163, 111.409339905, 112.001449585, 112.593559265, 113.197273254, 113.800994873, 114.393104553, 114.985214233, 115.565711975, 116.146209717, 116.749931335, 117.342041016, 117.934150696, 118.537864685, 119.141586304, 119.733695984, 120.314193726, 120.906303406, 121.498413086, 122.090522766, 122.694236755, 123.297958374, 123.878456116, 124.458953857, 125.051063538, 125.643173218, 126.235282898, 126.827392578, 127.431106567, 128.034820557, 128.638549805, 129.219039917, 129.799545288, 130.3800354, 130.983764648, 131.575866699, 132.167984009, 132.771697998, 133.375411987, 133.955917358, 134.548019409, 135.140136719, 135.743850708, 136.335968018, 136.928070068, 137.531784058, 138.135513306, 138.716003418, 139.296508789, 139.88861084, 140.480728149, 141.0728302, 141.66494751, 142.268661499, 142.872375488, 143.452880859, 144.033370972, 144.625488281, 145.229202271, 145.82131958, 146.413421631, 147.005523682, 147.60925293, 148.20135498, 148.781860352, 149.373962402, 149.966079712, 150.558181763, 151.161895752, 151.765625, 152.369338989, 152.94984436, 153.530334473, 154.110839844, 154.714553833, 155.306671143, 155.898773193, 156.502487183, 157.106216431, 157.70993042, 158.313644409, 158.928970337, 159.544311523, 160.159637451, 160.76335144], "beats_loudness": {"dvar2": 0.116115577519, "var": 0.121310554445, "min": 7.48814272811e-05, "dmean": 0.212477475405, "mean": 0.268308460712, "max": 1.2310243845, "dmean2": 0.323341667652, "median": 0.048183940351, "dvar": 0.0723298639059}, "bpm_histogram_second_peak_weight": {"dvar2": 0, "var": 0, "min": 0, "dmean": 0, "mean": 0, "max": 0, "dmean2": 0, "median": 0, "dvar": 0}, "bpm_histogram_second_peak_spread": {"dvar2": 0, "var": 0, "min": 0, "dmean": 0, "mean": 0, "max": 0, "dmean2": 0, "median": 0, "dvar": 0}, "bpm_histogram_second_peak_bpm": {"dvar2": 0, "var": 0, "min": 0, "dmean": 0, "mean": 0, "max": 0, "dmean2": 0, "median": 0, "dvar": 0}, "onset_rate": 4.30385398865}, "lowlevel": {"spectral_energyband_high": {"dvar2": 2.37420340454e-06, "var": 3.0533244626e-06, "min": 1.01125813452e-12, "dmean": 0.000781184702646, "mean": 0.0016306185862, "max": 0.00778059475124, "dmean2": 0.00112122879364, "median": 0.00105940399226, "dvar": 1.08563460799e-06}, "spectral_energyband_middle_low": {"dvar2": 0.000148335209815, "var": 8.61266016727e-05, "min": 5.10260338485e-14, "dmean": 0.00382014247589, "mean": 0.00635940628126, "max": 0.124203190207, "dmean2": 0.00608605565503, "median": 0.00321593298577, "dvar": 5.76588900003e-05}, "spectral_energy": {"dvar2": 0.0367900766432, "var": 0.0482396110892, "min": 1.42016064707e-12, "dmean": 0.0450436025858, "mean": 0.0910639986396, "max": 1.61139631271, "dmean2": 0.0652673393488, "median": 0.0261066872627, "dvar": 0.0177818853408}, "spectral_spread": {"dvar2": 559397666816, "var": 656571432960, "min": 1381484.5, "dmean": 430426.71875, "mean": 3765667.25, "max": 9354511, "dmean2": 673902.6875, "median": 3740754.25, "dvar": 220637167616}, "spectral_energyband_low": {"dvar2": 0.032883092761, "var": 0.0386744104326, "min": 3.16692642434e-14, "dmean": 0.0383827462792, "mean": 0.0703282207251, "max": 1.47960412502, "dmean2": 0.0565760284662, "median": 0.00707149831578, "dvar": 0.0156769510359}, "spectral_rolloff": {"dvar2": 22828740, "var": 48790940, "min": 21.533203125, "dmean": 1378.26843262, "mean": 4746.11328125, "max": 19121.484375, "dmean2": 2400.53588867, "median": 1335.05859375, "dvar": 11447907}, "barkbands": {"dvar2": [0.0153221078217, 0.0201051197946, 0.000729089661036, 4.34897228843e-05, 3.91582470911e-05, 7.86790315033e-06, 2.92659638035e-06, 8.36266099213e-06, 4.62986008642e-06, 1.89094492953e-07, 5.13253326062e-06, 1.52735754e-06, 1.00447448403e-06, 9.08393019472e-07, 1.31263948333e-06, 6.56240899843e-07, 2.13749945033e-06, 5.6390518921e-07, 4.69354944244e-07, 7.78267050805e-08, 1.26907533371e-08, 1.32521360552e-09, 6.69252597785e-10, 5.53224188682e-10, 5.16360121328e-10, 1.89035205267e-08, 1.85256703844e-06], "var": [0.00896570272744, 0.0185681823641, 0.000149505329318, 1.17686631711e-05, 1.65372784977e-05, 4.51695859738e-06, 8.13952510725e-07, 7.28932309357e-06, 3.88292664866e-06, 7.75132207309e-08, 4.60698811366e-06, 4.98285942285e-07, 1.34983042699e-06, 3.20460173953e-07, 8.74107570326e-07, 6.39618804144e-07, 9.88469082586e-07, 6.0246418343e-07, 3.2553367646e-07, 6.82008263198e-08, 1.3966019452e-08, 9.09308295327e-10, 2.73161354647e-10, 2.23189855486e-10, 1.71185426945e-10, 1.52983581359e-08, 2.26690212912e-06], "min": [1.69881266715e-14, 1.04464996901e-14, 7.78772425508e-15, 1.17384146701e-14, 1.26497272536e-14, 7.46109310402e-15, 1.20061774548e-15, 8.13043791482e-16, 1.15465252851e-14, 2.86601830864e-14, 3.65203066356e-14, 3.21956443981e-14, 9.12376202827e-15, 7.17498909136e-15, 3.69929340795e-14, 4.71335684783e-14, 9.93672815742e-15, 4.73078844707e-14, 2.82477458037e-14, 4.10359205926e-14, 4.36420952816e-14, 7.25390477936e-14, 1.36974036714e-13, 1.69135010359e-13, 1.85162716865e-13, 1.03004647726e-13, 2.92107999031e-13], "dmean": [0.0219329148531, 0.0275730751455, 0.00341918715276, 0.0011708678212, 0.00152148667257, 0.000771352672018, 0.000328201655066, 0.000656827411149, 0.000634076946881, 0.000130501633976, 0.00062968803104, 0.000329445902025, 0.00033503305167, 0.000243598682573, 0.000422661280027, 0.000381061428925, 0.000540319888387, 0.000316565827234, 0.000279606087133, 0.00013075012248, 5.99837876507e-05, 1.59513219842e-05, 7.45342231312e-06, 6.18319609202e-06, 3.98186102757e-06, 6.73996692058e-05, 0.000641390506644], "mean": [0.0292796343565, 0.0458007715642, 0.00269544334151, 0.00114148121793, 0.00202802335843, 0.00104720820673, 0.000363916682545, 0.000800695852377, 0.000931384623982, 0.000147622951772, 0.000814791070297, 0.000356171687599, 0.000522342103068, 0.000265738897724, 0.000595258665271, 0.000617505167611, 0.000678431417327, 0.000541920133401, 0.00043276665383, 0.000234049352002, 0.000108303705929, 2.61809091171e-05, 9.81802622846e-06, 8.98165490071e-06, 3.59304613085e-06, 0.000105432365672, 0.00136608246248], "max": [1.06618332863, 1.31022918224, 0.208791971207, 0.0688420459628, 0.0643895566463, 0.0231483913958, 0.0142208505422, 0.0256610419601, 0.034034691751, 0.00321860355325, 0.0195461716503, 0.00629663933069, 0.010364045389, 0.00655129924417, 0.00759682059288, 0.00752213178203, 0.00793970283121, 0.00676572928205, 0.0051566013135, 0.00158490950707, 0.000620970851742, 0.000392396963434, 0.000315895595122, 0.000292819633614, 0.000289457471808, 0.000895295874216, 0.00715718744323], "dmean2": [0.034292280674, 0.0413545034826, 0.00627967808396, 0.00203569117002, 0.00254111015238, 0.00122430280317, 0.000550940341782, 0.00103020877577, 0.000972581037786, 0.000217426088057, 0.00097219622694, 0.000557666586246, 0.000510022568051, 0.000398789154133, 0.000690539600328, 0.000587854883634, 0.000880601990502, 0.000486260629259, 0.000447144848295, 0.000204977521207, 8.77092315932e-05, 2.4159973691e-05, 1.15647899293e-05, 9.60694978858e-06, 6.83010466673e-06, 8.9515466243e-05, 0.000943206716329], "median": [0.000789542798884, 0.00309020560235, 0.000339047022862, 0.000148756807903, 0.000563264999073, 0.00025556149194, 7.93108993093e-05, 8.50956348586e-05, 0.000159539544256, 5.18502529303e-05, 0.000125504171592, 0.000117521478387, 0.000138438728754, 9.61113910307e-05, 0.000212094280869, 0.000330514856614, 0.000232239166507, 0.000266642164206, 0.000219603418373, 0.00014948307944, 6.92251924193e-05, 1.66821373568e-05, 4.93877996632e-06, 5.46022874914e-06, 4.33495955576e-07, 6.04328888585e-05, 0.00085361051606], "dvar": [0.00635909056291, 0.0090476507321, 0.000249893346336, 1.55111538334e-05, 1.4269082385e-05, 3.06790502691e-06, 9.21227012896e-07, 3.85748580811e-06, 1.85809938102e-06, 7.3025617553e-08, 2.40687904807e-06, 5.81677568334e-07, 4.93234040277e-07, 3.57759631697e-07, 5.15838451065e-07, 2.82244172922e-07, 8.01910971404e-07, 2.17637634137e-07, 1.91459079701e-07, 3.1377730636e-08, 5.92686877354e-09, 5.50752166095e-10, 2.55936771776e-10, 2.10987352589e-10, 1.93839722051e-10, 8.99515129049e-09, 8.070078934e-07]}, "melbands_skewness": {"dvar2": 5.39146900177, "var": 12.3166093826, "min": -2.27612280846, "dmean": 1.15433132648, "mean": 2.97164273262, "max": 25.4063625336, "dmean2": 1.7073277235, "median": 2.36799478531, "dvar": 2.46544909477}, "barkbands_skewness": {"dvar2": 3.6250872612, "var": 6.96159553528, "min": -1.50313282013, "dmean": 0.897553324699, "mean": 2.33030343056, "max": 32.3465423584, "dmean2": 1.33916151524, "median": 1.70879685879, "dvar": 1.5850263834}, "erbbands": {"dvar2": [59.1620521545, 780.998291016, 1322.12976074, 662.341918945, 287.564819336, 720.30291748, 448.768615723, 547.794128418, 246.372238159, 1342.5456543, 3404.50268555, 3332.37890625, 457.638336182, 1067.2689209, 8698.38964844, 1292.62341309, 2151.19555664, 2338.55029297, 3802.39868164, 1493.72497559, 2907.1652832, 6986.34423828, 1092.20556641, 1844.6126709, 939.572937012, 211.795471191, 38.319442749, 12.3240642548, 1.94211089611, 0.944860994816, 0.501976788044, 0.270844370127, 0.144594624639, 0.0659500584006, 0.0256343483925, 0.0133288064972, 0.097336627543, 0.0470512807369, 0.0235480200499, 0.000897943158634], "var": [71.715713501, 234.503967285, 271.590057373, 158.772872925, 108.209182739, 313.4296875, 179.753128052, 418.306335449, 106.492866516, 856.016174316, 2951.9519043, 2776.9543457, 282.683532715, 457.895080566, 9265.68847656, 603.923950195, 2937.77172852, 867.96105957, 1695.07568359, 1240.61523438, 3213.91333008, 3141.26416016, 1155.43847656, 1726.68933105, 661.316772461, 168.91217041, 42.5292892456, 13.2385129929, 1.49051845074, 0.472559660673, 0.201302930713, 0.107969716191, 0.0573755316436, 0.0218693222851, 0.00858709588647, 0.0106810228899, 0.0887604504824, 0.0423785224557, 0.029109954834, 0.00103250402026], "min": [4.87748784504e-13, 1.84472706208e-12, 7.46979041122e-12, 2.6897577915e-11, 4.6200900744e-11, 3.71228707496e-11, 4.97167723656e-11, 5.78287626118e-11, 2.69003760239e-11, 1.39714455283e-11, 5.82778963976e-11, 2.62140587015e-10, 6.06670824688e-10, 1.04509889631e-09, 1.60143831529e-09, 1.39676825661e-09, 5.78593284395e-10, 2.0264445677e-10, 1.26809218681e-09, 2.62914312543e-09, 2.02312699926e-09, 6.31374175164e-10, 2.17925522072e-09, 2.25197527293e-09, 1.30769806095e-09, 2.04621897204e-09, 2.005792199e-09, 1.82857862185e-09, 2.55185117481e-09, 3.4707579033e-09, 3.19728510334e-09, 3.26674620688e-09, 3.02718428102e-09, 2.15453033192e-09, 1.09059739017e-09, 3.82237519414e-10, 1.83426968059e-10, 1.39135050703e-10, 4.78432536644e-11, 3.73087411659e-12], "dmean": [1.62665438652, 4.0156378746, 4.53292274475, 3.83833503723, 3.59934878349, 6.63484191895, 5.74724340439, 6.391061306, 4.02614164352, 8.0038061142, 13.9294548035, 16.0478000641, 6.38340950012, 8.7345533371, 26.6907958984, 11.1499710083, 15.3256206512, 12.8550643921, 18.7009868622, 18.2691059113, 23.8706989288, 29.2483940125, 16.0472583771, 16.5006217957, 12.6689414978, 6.59175348282, 3.26849007607, 1.82523369789, 0.632912039757, 0.355528771877, 0.198359951377, 0.135870784521, 0.100372195244, 0.046075694263, 0.0288545135409, 0.0553309619427, 0.160131365061, 0.108563564718, 0.0770454108715, 0.0133396564052], "mean": [2.78681898117, 4.6757774353, 3.74542164803, 3.62395167351, 4.41669034958, 8.57153320312, 7.40345144272, 8.93673038483, 4.899330616, 10.0922136307, 17.6047363281, 24.1147079468, 8.39224433899, 10.6246099472, 35.7994728088, 14.8917627335, 24.0597705841, 16.0773200989, 24.9203929901, 28.7761554718, 39.0307731628, 38.6079673767, 27.1744670868, 26.5555305481, 20.6283550262, 11.4567146301, 6.05376243591, 3.28765678406, 1.0971082449, 0.511469185352, 0.259148895741, 0.188429266214, 0.144317269325, 0.045600682497, 0.0281486995518, 0.0920991376042, 0.256259292364, 0.188010588288, 0.159661233425, 0.0276266038418], "max": [69.1814880371, 198.486862183, 266.491668701, 253.717071533, 199.762390137, 265.050231934, 212.437942505, 222.184539795, 132.06388855, 381.960510254, 648.121704102, 962.601074219, 308.844024658, 274.199554443, 913.518554688, 219.445983887, 522.014709473, 325.755767822, 339.902679443, 297.312408447, 496.724060059, 507.689239502, 230.290603638, 378.054107666, 217.252578735, 85.2084121704, 47.9891891479, 22.6696434021, 15.4722690582, 10.6486930847, 8.73520183563, 6.14051055908, 4.89006614685, 3.2960395813, 2.03166913986, 1.17727124691, 2.26303291321, 1.08420622349, 0.794392824173, 0.173373475671], "dmean2": [2.3472430706, 6.94634628296, 8.37216091156, 6.73268461227, 6.05358314514, 11.1434030533, 9.49725627899, 9.77738571167, 6.45243167877, 13.5252342224, 21.322177887, 24.771894455, 10.1795282364, 14.3915185928, 40.4199943542, 18.2264728546, 23.44190979, 20.9020957947, 31.1438026428, 28.8605232239, 36.4679107666, 47.2476348877, 24.3586769104, 26.0124320984, 20.5014648438, 10.4023609161, 4.87335824966, 2.70410680771, 0.948285996914, 0.541270911694, 0.308555245399, 0.210791006684, 0.158373102546, 0.0784863755107, 0.0489890538156, 0.0783036351204, 0.210214868188, 0.148234128952, 0.110791325569, 0.0201832428575], "median": [0.137247338891, 0.403349906206, 0.572058975697, 0.555865049362, 0.849035978317, 2.1915409565, 2.60094952583, 1.9806214571, 1.54024720192, 1.92719829082, 2.58926463127, 4.07516670227, 2.43132662773, 3.16548871994, 6.66007089615, 5.25922822952, 6.61749410629, 6.08542919159, 8.79800796509, 17.8290538788, 16.0231666565, 13.765791893, 14.2844839096, 11.6340465546, 11.7581701279, 7.46247148514, 4.07151460648, 2.06170701981, 0.714593887329, 0.296080768108, 0.131248146296, 0.107165239751, 0.0877728387713, 0.0119843129069, 0.00670021306723, 0.0628340467811, 0.150907635689, 0.120843723416, 0.111922547221, 0.0161701794714], "dvar": [30.795759201, 255.759292603, 447.824798584, 232.797042847, 107.309867859, 259.805267334, 170.051696777, 229.994827271, 91.2157592773, 503.132537842, 1625.19970703, 1328.9864502, 179.393600464, 401.73046875, 4379.21533203, 513.79486084, 1036.50073242, 920.234619141, 1423.5982666, 643.831604004, 1248.41699219, 2633.45703125, 441.509033203, 741.249267578, 373.470947266, 84.9677581787, 17.4771633148, 5.61841535568, 0.822643578053, 0.373561382294, 0.191870898008, 0.103046044707, 0.055042501539, 0.0247322320938, 0.00962770916522, 0.00606110459194, 0.0488533116877, 0.0222531035542, 0.0107721500099, 0.000377788557671]}, "silence_rate_30dB": {"dvar2": 0.100374154747, "var": 0.118567414582, "min": 0, "dmean": 0.0494679324329, "mean": 0.862544953823, "max": 1, "dmean2": 0.0989500954747, "median": 1, "dvar": 0.0470178164542}, "melbands_spread": {"dvar2": 354.663787842, "var": 645.92980957, "min": 0.0887405797839, "dmean": 9.89592647552, "mean": 27.2050800323, "max": 145.843444824, "dmean2": 14.8985061646, "median": 19.3762359619, "dvar": 170.721008301}, "melbands_crest": {"dvar2": 39.1553611755, "var": 104.023094177, "min": 2.57938146591, "dmean": 4.32177782059, "mean": 19.6831798553, "max": 38.9212150574, "dmean2": 6.75472688675, "median": 18.5097923279, "dvar": 18.262304306}, "zerocrossingrate": {"dvar2": 0.000724591256585, "var": 0.0130150755867, "min": 0.00048828125, "dmean": 0.0252160690725, "mean": 0.144496917725, "max": 0.50634765625, "dmean2": 0.0272174142301, "median": 0.11376953125, "dvar": 0.000756356574129}, "barkbands_kurtosis": {"dvar2": 3865.08203125, "var": 2019.20825195, "min": -1.6645616293, "dmean": 10.8342609406, "mean": 16.9300365448, "max": 1407.87658691, "dmean2": 16.8289470673, "median": 3.39835596085, "dvar": 1381.96105957}, "spectral_flux": {"dvar2": 0.0204694289714, "var": 0.0192117355764, "min": 0.000797342974693, "dmean": 0.0479682534933, "mean": 0.116737477481, "max": 1.02154874802, "dmean2": 0.0778882876039, "median": 0.0776109918952, "dvar": 0.0087346592918}, "barkbands_crest": {"dvar2": 18.0644245148, "var": 28.8399810791, "min": 2.44589352608, "dmean": 2.77148103714, "mean": 12.2618408203, "max": 26.1110706329, "dmean2": 4.28101444244, "median": 11.5678253174, "dvar": 7.1490445137}, "barkbands_flatness_db": {"dvar2": 0.00227924925275, "var": 0.00526058720425, "min": 0.0443825349212, "dmean": 0.0311105716974, "mean": 0.164023160934, "max": 0.627055764198, "dmean2": 0.0449063889682, "median": 0.15038870275, "dvar": 0.00103050062899}, "spectral_entropy": {"dvar2": 0.0878419131041, "var": 0.166524723172, "min": 5.04146146774, "dmean": 0.167578548193, "mean": 7.54051065445, "max": 8.81631088257, "dmean2": 0.24942907691, "median": 7.67760133743, "dvar": 0.0380350165069}, "pitch_salience": {"dvar2": 0.0156157631427, "var": 0.0400212854147, "min": 0.0392809547484, "dmean": 0.0898870676756, "mean": 0.485559940338, "max": 0.926030933857, "dmean2": 0.138520613313, "median": 0.501474678516, "dvar": 0.0071943551302}, "erbbands_spread": {"dvar2": 107.915184021, "var": 236.813323975, "min": 2.30452561378, "dmean": 6.48802375793, "mean": 27.0838069916, "max": 94.2968902588, "dmean2": 9.79069805145, "median": 24.1848583221, "dvar": 46.7751731873}, "dynamic_complexity": 4.51154470444, "spectral_contrast_valleys": {"dvar2": [0.355305343866, 0.461561948061, 0.385659962893, 0.317135483027, 0.440966248512, 0.793867528439], "var": [2.37863135338, 1.29000926018, 0.887117147446, 0.873632192612, 1.5138669014, 1.23735499382], "min": [-18.5206336975, -19.3348083496, -17.8474788666, -18.6619663239, -17.8945064545, -19.2113742828], "dmean": [0.45072221756, 0.502742826939, 0.44461145997, 0.397102236748, 0.418616235256, 0.583042502403], "mean": [-7.46552658081, -7.37553262711, -7.56837320328, -7.61919593811, -7.43295288086, -11.323843956], "max": [-4.32633399963, -4.67687225342, -5.27350139618, -5.53123950958, -5.72950315475, -8.2132434845], "dmean2": [0.6905143857, 0.778564572334, 0.677635908127, 0.571458280087, 0.566264092922, 0.873980462551], "median": [-6.98149728775, -7.16985797882, -7.48356056213, -7.46559095383, -7.02477312088, -11.159576416], "dvar": [0.18720459938, 0.219213709235, 0.190919056535, 0.164547458291, 0.235246807337, 0.305705755949]}, "hfc": {"dvar2": 1992.7677002, "var": 2201.99560547, "min": 1.26406103362e-08, "dmean": 20.2360153198, "mean": 46.7548713684, "max": 252.556747437, "dmean2": 30.0960693359, "median": 32.2328643799, "dvar": 848.673706055}, "spectral_kurtosis": {"dvar2": 70.8306732178, "var": 64.3100585938, "min": 1.62992763519, "dmean": 4.13034296036, "mean": 19.9653301239, "max": 69.6931991577, "dmean2": 6.50035858154, "median": 19.0686798096, "dvar": 27.0602016449}, "mfcc": {"mean": [-697.75189209, 132.846374512, -40.3908042908, 40.3753242493, 11.7311601639, 9.80003356934, 7.29846858978, 8.46109294891, 4.25639057159, 5.74352455139, -3.10677409172, 7.41564226151, 0.531171560287], "cov": [[9677.23828125, 59.7833213806, -398.901062012, 1317.29370117, -132.350784302, 26.2447013855, -104.292350769, 26.8127651215, 78.1203613281, 329.098022461, 47.7377548218, 7.1558265686, -306.22454834], [59.7833213806, 2198.80029297, 904.066772461, -498.526031494, 143.986114502, -3.86648750305, 9.84631729126, -77.0814743042, -78.138168335, -139.182052612, 40.2931861877, -45.2453384399, 174.025741577], [-398.901062012, 904.066772461, 1285.55151367, -0.47328594327, 333.537078857, 148.982406616, 95.2481994629, 44.7848243713, 37.7549934387, -16.7350063324, 115.287117004, -25.746963501, 102.880867004], [1317.29370117, -498.526031494, -0.47328594327, 768.024719238, 140.193618774, 107.711837769, 54.9330787659, 63.0857582092, 94.6001281738, 137.727493286, 27.5622386932, 8.20881652832, -127.325889587], [-132.350784302, 143.986114502, 333.537078857, 140.193618774, 270.67855835, 125.020706177, 81.486076355, 69.3446426392, 69.2373733521, 39.285320282, 54.4432296753, -11.2982845306, 11.0052099228], [26.2447013855, -3.86648750305, 148.982406616, 107.711837769, 125.020706177, 138.235122681, 65.6374588013, 53.7176818848, 32.272026062, 39.7252578735, 19.4017066956, -0.488930702209, -13.1698999405], [-104.292350769, 9.84631729126, 95.2481994629, 54.9330787659, 81.486076355, 65.6374588013, 101.427215576, 55.8024101257, 36.2325401306, 22.8118171692, 21.2294311523, -11.7953033447, -2.00273489952], [26.8127651215, -77.0814743042, 44.7848243713, 63.0857582092, 69.3446426392, 53.7176818848, 55.8024101257, 109.28187561, 53.3472061157, 36.4323043823, 13.9611968994, 5.80460882187, -3.53298950195], [78.1203613281, -78.138168335, 37.7549934387, 94.6001281738, 69.2373733521, 32.272026062, 36.2325401306, 53.3472061157, 97.8123321533, 66.8776855469, 35.945526123, 3.37715506554, -6.218354702], [329.098022461, -139.182052612, -16.7350063324, 137.727493286, 39.285320282, 39.7252578735, 22.8118171692, 36.4323043823, 66.8776855469, 117.13143158, 59.4175262451, 13.1440935135, -36.3999824524], [47.7377548218, 40.2931861877, 115.287117004, 27.5622386932, 54.4432296753, 19.4017066956, 21.2294311523, 13.9611968994, 35.945526123, 59.4175262451, 82.3779449463, 20.5978374481, 5.27311944962], [7.1558265686, -45.2453384399, -25.746963501, 8.20881652832, -11.2982845306, -0.488930702209, -11.7953033447, 5.80460882187, 3.37715506554, 13.1440935135, 20.5978374481, 52.8362693787, 18.6985397339], [-306.22454834, 174.025741577, 102.880867004, -127.325889587, 11.0052099228, -13.1698999405, -2.00273489952, -3.53298950195, -6.218354702, -36.3999824524, 5.27311944962, 18.6985397339, 78.7089385986]], "icov": [[0.000196858018171, -0.000207910110475, 0.000118354750157, -0.000488060584757, 0.000396813236875, -0.000143911922351, 0.0004194592766, -0.000328102527419, 0.000147217797348, -0.000242989874096, -0.000256643921603, 0.000275879632682, 4.86506323796e-05], [-0.000207910110475, 0.00109006103594, -0.000685596372932, 0.000948708562646, -0.000748621241655, 0.000505896867253, -0.000596261525061, 0.000865093723405, 0.0002955912787, -6.42783998046e-05, 0.000543170317542, 0.000109848166176, -0.000644046696834], [0.000118354750157, -0.000685596372932, 0.00211867806502, -0.00092596426839, -0.000461382500362, -0.00165864487644, 0.00109806936234, -0.000735377543606, 0.000173804655788, 0.00193805794697, -0.00381726375781, 0.00246236217208, -0.00192823400721], [-0.000488060584757, 0.000948708562646, -0.00092596426839, 0.00416421191767, -0.00286845862865, 0.00127941393293, -0.00202675722539, 0.00195128680207, -0.00101103074849, -0.00188067276031, 0.00404470460489, -0.00407109642401, 0.00434797722846], [0.000396813236875, -0.000748621241655, -0.000461382500362, -0.00286845862865, 0.0125805102289, -0.00820622034371, 0.00178574526217, -0.0025948623661, -0.00461622420698, 0.0054351198487, -0.0078395344317, 0.0057941027917, -0.00274372007698], [-0.000143911922351, 0.000505896867253, -0.00165864487644, 0.00127941393293, -0.00820622034371, 0.0198339223862, -0.00824777875096, -0.000357849436114, 0.00553115224466, -0.00958996079862, 0.0107910633087, -0.00746536813676, 0.00385198462754], [0.0004194592766, -0.000596261525061, 0.00109806936234, -0.00202675722539, 0.00178574526217, -0.00824777875096, 0.0211819317192, -0.00784452818334, -0.00194520456716, 0.00500794779509, -0.00916442181915, 0.00958817172796, -0.00270807440393], [-0.000328102527419, 0.000865093723405, -0.000735377543606, 0.00195128680207, -0.0025948623661, -0.000357849436114, -0.00784452818334, 0.0182224437594, -0.0063562290743, -0.00229293480515, 0.00680177100003, -0.00633558491245, 0.00133668305352], [0.000147217797348, 0.0002955912787, 0.000173804655788, -0.00101103074849, -0.00461622420698, 0.00553115224466, -0.00194520456716, -0.0063562290743, 0.0259248539805, -0.0154145164415, 0.00258938316256, 0.00336372503079, -0.00676040630788], [-0.000242989874096, -6.42783998046e-05, 0.00193805794697, -0.00188067276031, 0.0054351198487, -0.00958996079862, 0.00500794779509, -0.00229293480515, -0.0154145164415, 0.0363662466407, -0.0247686728835, 0.00243426952511, 0.00796241313219], [-0.000256643921603, 0.000543170317542, -0.00381726375781, 0.00404470460489, -0.0078395344317, 0.0107910633087, -0.00916442181915, 0.00680177100003, 0.00258938316256, -0.0247686728835, 0.0407124757767, -0.0170781817287, 0.00238664238714], [0.000275879632682, 0.000109848166176, 0.00246236217208, -0.00407109642401, 0.0057941027917, -0.00746536813676, 0.00958817172796, -0.00633558491245, 0.00336372503079, 0.00243426952511, -0.0170781817287, 0.036772236228, -0.0172736831009], [4.86506323796e-05, -0.000644046696834, -0.00192823400721, 0.00434797722846, -0.00274372007698, 0.00385198462754, -0.00270807440393, 0.00133668305352, -0.00676040630788, 0.00796241313219, 0.00238664238714, -0.0172736831009, 0.0319835618138]]}, "silence_rate_20dB": {"dvar2": 0.051156014204, "var": 0.0680769756436, "min": 0, "dmean": 0.0270348004997, "mean": 0.926527678967, "max": 1, "dmean2": 0.0540773756802, "median": 1, "dvar": 0.0263050403446}, "melbands_kurtosis": {"dvar2": 7083.44384766, "var": 5033.10253906, "min": -1.79396808147, "dmean": 17.8069496155, "mean": 28.0905380249, "max": 1172.52148438, "dmean2": 28.1758460999, "median": 6.26055812836, "dvar": 2769.21044922}, "barkbands_spread": {"dvar2": 329.478851318, "var": 527.720581055, "min": 0.132127076387, "dmean": 10.8341712952, "mean": 32.203289032, "max": 117.48690033, "dmean2": 16.1899719238, "median": 30.433631897, "dvar": 151.975982666}, "erbbands_skewness": {"dvar2": 0.318335264921, "var": 0.723707973957, "min": -2.58319830894, "dmean": 0.409874230623, "mean": -0.21902051568, "max": 9.28660106659, "dmean2": 0.598245739937, "median": -0.227499648929, "dvar": 0.136899784207}, "average_loudness": 0.505011379719, "spectral_centroid": {"dvar2": 216817.875, "var": 800813.0625, "min": 58.2404632568, "dmean": 282.570861816, "mean": 1768.88415527, "max": 3627.87695312, "dmean2": 415.719604492, "median": 1764.90930176, "dvar": 112760.648438}, "dissonance": {"dvar2": 0.00110806315206, "var": 0.000992964138277, "min": 0.232530385256, "dmean": 0.0158513821661, "mean": 0.474421739578, "max": 0.500000178814, "dmean2": 0.0260955300182, "median": 0.485620349646, "dvar": 0.000423429446528}, "erbbands_flatness_db": {"dvar2": 0.00105632341001, "var": 0.00306361308321, "min": 0.0367241725326, "dmean": 0.0229694321752, "mean": 0.153589203954, "max": 0.371786922216, "dmean2": 0.0340265780687, "median": 0.145842939615, "dvar": 0.000512572703883}, "spectral_strongpeak": {"dvar2": 0.836949467659, "var": 0.71924418211, "min": 0, "dmean": 0.398550778627, "mean": 0.599285781384, "max": 8.84654903412, "dmean2": 0.641778171062, "median": 0.309579670429, "dvar": 0.382759422064}, "spectral_rms": {"dvar2": 1.56044970936e-05, "var": 4.60672818008e-05, "min": 3.72226089951e-08, "dmean": 0.00163888803218, "mean": 0.0065403082408, "max": 0.0396496392787, "dmean2": 0.00226554111578, "median": 0.00504677509889, "dvar": 9.00424583961e-06}, "silence_rate_60dB": {"dvar2": 0.117730498314, "var": 0.131276682019, "min": 0, "dmean": 0.0615473091602, "mean": 0.155427753925, "max": 1, "dmean2": 0.123112328351, "median": 0, "dvar": 0.0577577389777}, "melbands": {"dvar2": [0.00265444582328, 0.000594302313402, 1.66174722835e-05, 2.56910243479e-06, 5.03938053953e-07, 2.58015518284e-07, 7.53743023552e-08, 2.12615091755e-07, 1.68501330222e-07, 1.45497438098e-07, 1.06530988475e-08, 1.43451019952e-08, 1.0593541333e-07, 2.32297541203e-08, 9.81712489079e-09, 1.08014734934e-08, 9.14801034924e-09, 9.76862946089e-09, 7.49040651726e-09, 2.04667838233e-09, 5.88567194981e-09, 1.15190115224e-08, 1.17199605576e-09, 1.37134703593e-09, 1.4114514002e-09, 7.5234951602e-10, 2.04718700325e-10, 9.40551109219e-11, 1.92514199027e-11, 1.19076215901e-11, 3.10460294625e-12, 6.84861781002e-13, 4.3450703105e-13, 2.62908103491e-13, 1.76050377076e-13, 1.28999458684e-13, 9.20083101505e-14, 7.42092070303e-14, 5.64113846239e-14, 4.40494740835e-14], "var": [0.003236861201, 0.000134219852043, 4.28795010521e-06, 1.06405923361e-06, 2.23055394599e-07, 1.80792270044e-07, 2.57640575541e-08, 1.65006127872e-07, 1.45700127518e-07, 1.19504434792e-07, 6.21304030446e-09, 5.73356917499e-09, 1.00621996069e-07, 1.02909343269e-08, 1.13579226024e-08, 1.09066675691e-08, 3.13174264299e-09, 4.02506383779e-09, 4.9300585836e-09, 1.56584611943e-09, 6.4738912009e-09, 4.56588944431e-09, 8.52747539248e-10, 1.31836763728e-09, 1.19356935446e-09, 5.01717944967e-10, 1.59806043398e-10, 6.58089208128e-11, 2.03873636723e-11, 1.00165622324e-11, 3.05414786343e-12, 4.94507104536e-13, 2.37674734494e-13, 1.20621977576e-13, 7.13999985438e-14, 4.75418586877e-14, 3.82788147967e-14, 3.1533051181e-14, 1.91435239785e-14, 1.45053324956e-14], "min": [4.45039114949e-15, 3.40645057057e-15, 5.34215463614e-15, 3.07787124373e-15, 1.66069046705e-15, 1.33039007514e-15, 3.61457731244e-16, 1.23634781866e-16, 7.01547838783e-16, 1.6778100617e-15, 3.15827034054e-15, 4.18355417176e-15, 5.24889757919e-15, 3.99557596143e-15, 2.36319799416e-15, 7.6978285425e-16, 2.91426423593e-16, 1.67360888416e-15, 3.36301302697e-15, 3.61491469625e-15, 2.01508968745e-15, 4.76477314533e-16, 1.21304562464e-15, 2.41696319873e-15, 1.82423474147e-15, 8.64063232873e-16, 1.14920295146e-15, 1.38613733681e-15, 1.26850373043e-15, 9.98626539704e-16, 1.13746847465e-15, 1.73082204222e-15, 9.26686337427e-16, 2.36415005919e-15, 1.30487341937e-15, 2.64037703241e-15, 2.03145499927e-15, 2.18140015972e-15, 2.40118593954e-15, 1.71856378141e-15], "dmean": [0.010954647325, 0.00321569154039, 0.000646673724987, 0.000364883395378, 0.00021527124045, 0.000140981675941, 6.20260179858e-05, 0.000105776394776, 0.000108355132397, 0.000102172220068, 3.00197370962e-05, 3.02918051602e-05, 9.14465126698e-05, 4.51175219496e-05, 3.08406633849e-05, 3.57797507604e-05, 2.35798834183e-05, 2.96104171866e-05, 3.28009446093e-05, 2.06794557016e-05, 3.20746221405e-05, 3.60268277291e-05, 1.59083756444e-05, 1.54072240548e-05, 1.39027160913e-05, 1.1077232557e-05, 6.330227734e-06, 4.31926855526e-06, 2.28466115004e-06, 1.70448709014e-06, 8.92224420568e-07, 3.74422967298e-07, 2.6712939416e-07, 1.76070656721e-07, 1.2182545106e-07, 8.82108395217e-08, 8.33824884694e-08, 7.84535885145e-08, 4.85140247974e-08, 3.65723167306e-08], "mean": [0.019496595487, 0.00314557808451, 0.000642457976937, 0.00048281767522, 0.000288130104309, 0.000196390785277, 7.21748365322e-05, 0.000132962639327, 0.000137135910336, 0.000150894251419, 3.65852756659e-05, 3.41908380506e-05, 0.000119210308185, 5.35395483894e-05, 4.23998390033e-05, 5.22793707205e-05, 2.57599385804e-05, 3.61683923984e-05, 4.46384292445e-05, 3.27641137119e-05, 5.03455885337e-05, 4.4031359721e-05, 2.31694066315e-05, 2.62789271801e-05, 2.08073724934e-05, 1.65905075846e-05, 1.08478297989e-05, 6.95609287504e-06, 4.08051437262e-06, 2.72694842351e-06, 1.54947156261e-06, 6.17809405412e-07, 3.90830564356e-07, 2.35640669644e-07, 1.5527447772e-07, 1.10000840436e-07, 1.17908648178e-07, 1.15754083652e-07, 5.56353292325e-08, 3.28263141114e-08], "max": [0.459233283997, 0.188571274281, 0.0388688109815, 0.0162460710853, 0.0059132152237, 0.00469701969996, 0.00232055294327, 0.00520706176758, 0.00445712916553, 0.00648684240878, 0.00157007097732, 0.00101863499731, 0.00296249403618, 0.000805438787211, 0.00113118172158, 0.000994982547127, 0.000668503635097, 0.00052974675782, 0.000820822664537, 0.000402201025281, 0.000682121666614, 0.000650559668429, 0.000250550714554, 0.000332185445586, 0.000328405556502, 0.000224301635171, 9.09312366275e-05, 5.92444557697e-05, 4.29156607424e-05, 2.22071066673e-05, 1.37979004649e-05, 8.92057414603e-06, 6.89681382937e-06, 5.70190059079e-06, 5.31614114152e-06, 4.13068755734e-06, 3.58935471922e-06, 3.45790749634e-06, 3.11650569529e-06, 2.6756808893e-06], "dmean2": [0.0158268287778, 0.00585054140538, 0.00112755107693, 0.000611791794654, 0.000353757030098, 0.000217574837734, 0.000101751676993, 0.000175530731212, 0.000165571196703, 0.000157537986524, 4.85836026201e-05, 5.11072757945e-05, 0.000140335148899, 7.43674318073e-05, 4.69410297228e-05, 5.48286952835e-05, 3.87776744901e-05, 4.94471751153e-05, 5.28439886693e-05, 3.33229618263e-05, 4.94369814987e-05, 5.92382857576e-05, 2.456681068e-05, 2.42640217039e-05, 2.21728096221e-05, 1.80012029887e-05, 1.03264364952e-05, 6.82811514707e-06, 3.52951155946e-06, 2.54177098213e-06, 1.36643802762e-06, 5.79242680487e-07, 4.10700351949e-07, 2.7257686952e-07, 1.90893686636e-07, 1.40391463788e-07, 1.29741181354e-07, 1.22723633922e-07, 8.10616924696e-08, 6.28052134743e-08], "median": [0.0012515297858, 0.000396103248931, 0.000108764157631, 0.000119532043755, 0.000111611036118, 4.36271657236e-05, 2.14854972e-05, 2.00621925615e-05, 1.99983387574e-05, 2.44154834945e-05, 9.70597193373e-06, 1.00902625491e-05, 1.9123639504e-05, 1.6327636331e-05, 9.81508856057e-06, 1.43012885019e-05, 9.08976016945e-06, 1.14198755909e-05, 1.94855947484e-05, 1.91305389308e-05, 1.54776389536e-05, 1.42652497743e-05, 1.10216651592e-05, 1.34866804729e-05, 7.97384745965e-06, 8.29472810437e-06, 6.7930664045e-06, 4.32761044067e-06, 2.67055224867e-06, 1.68905830833e-06, 9.12513428375e-07, 3.93437517232e-07, 2.26490072919e-07, 1.24249837086e-07, 7.44302965927e-08, 5.4866315935e-08, 6.91692676469e-08, 7.17093726621e-08, 2.52769414288e-08, 3.75632591698e-09], "dvar": [0.00132927566301, 0.000193567757378, 5.92464084548e-06, 9.32317618663e-07, 1.92025950696e-07, 1.05268746609e-07, 2.54912020381e-08, 8.76600125821e-08, 7.98520289891e-08, 5.80085419699e-08, 4.19821066799e-09, 5.31439248164e-09, 5.17102165531e-08, 9.2019645237e-09, 5.13417441894e-09, 4.79615236415e-09, 3.59166896224e-09, 3.70030051045e-09, 3.0716489352e-09, 8.39935565544e-10, 2.49272114061e-09, 4.25953716743e-09, 4.78994177655e-10, 5.13683706682e-10, 5.6595728104e-10, 