{"tonal": {"thpcp": [1, 0.646553277969, 0.227183654904, 0.144813418388, 0.118610322475, 0.270017385483, 0.399626851082, 0.278618842363, 0.187578678131, 0.193107903004, 0.190237015486, 0.360487431288, 0.383208245039, 0.229443877935, 0.35266327858, 0.483700245619, 0.353579372168, 0.188966736197, 0.130550339818, 0.149578899145, 0.460806369781, 0.746212124825, 0.481982201338, 0.235786989331, 0.232469081879, 0.171936139464, 0.15458381176, 0.17580473423, 0.22331404686, 0.478929460049, 0.684147775173, 0.4820920825, 0.252520173788, 0.185755997896, 0.20778618753, 0.619039237499], "hpcp": {"dmean2": [0.221991881728, 0.197033956647, 0.141996502876, 0.115973748267, 0.130257830024, 0.210276857018, 0.27704128623, 0.223091095686, 0.156987369061, 0.122344911098, 0.114329397678, 0.118026569486, 0.133571863174, 0.174949094653, 0.24666787684, 0.253254592419, 0.261707663536, 0.205912873149, 0.155460506678, 0.179972916842, 0.288765996695, 0.311902374029, 0.26790162921, 0.178811788559, 0.126436963677, 0.106727302074, 0.148244470358, 0.194896280766, 0.177268385887, 0.151052609086, 0.14409430325, 0.133853957057, 0.177072376013, 0.186464428902, 0.17020355165, 0.207015275955], "median": [0.0456594228745, 0.0508389919996, 0.026929859072, 0.0138420434669, 0.0130206784233, 0.0921090915799, 0.170078933239, 0.115532390773, 0.023977290839, 0.0143049824983, 0.0165091603994, 0.0202603023499, 0.0177689082921, 0.0335210971534, 0.073126450181, 0.0921801775694, 0.060126081109, 0.0374851673841, 0.0249372199178, 0.0252399612218, 0.153903484344, 0.278707057238, 0.176674813032, 0.0324997901917, 0.0134366843849, 0.0117460321635, 0.0322219803929, 0.0516152083874, 0.0372017323971, 0.0146549744532, 0.0113385692239, 0.0280161127448, 0.0443642437458, 0.0447164550424, 0.0337531194091, 0.0365960970521], "min": [0, 0, 0, 0, 0, 0, 0, 0, 0, 0, 0, 0, 0, 0, 0, 0, 0, 0, 0, 0, 0, 0, 0, 0, 0, 0, 0, 0, 0, 0, 0, 0, 0, 0, 0, 0], "dvar2": [0.115937918425, 0.092462696135, 0.0709739327431, 0.0632511228323, 0.0635136291385, 0.0779446959496, 0.10800947994, 0.0770473405719, 0.0694627538323, 0.0586188063025, 0.0537526085973, 0.0511907488108, 0.0611689388752, 0.0818564221263, 0.113118156791, 0.113102182746, 0.122670792043, 0.0990559384227, 0.0741373077035, 0.0750416517258, 0.107726454735, 0.120754085481, 0.087083928287, 0.0733473822474, 0.06186022982, 0.0532787851989, 0.0664960741997, 0.097031481564, 0.085611552, 0.0841420292854, 0.0799330621958, 0.063539750874, 0.0754555463791, 0.0829071998596, 0.0907743275166, 0.109934702516], "dvar": [0.0471294857562, 0.0359843336046, 0.0253298897296, 0.022850042209, 0.0231383219361, 0.03057779558, 0.0455798953772, 0.0289680529386, 0.0268709883094, 0.0233055837452, 0.0196113307029, 0.0185125134885, 0.0224947761744, 0.0293437354267, 0.0426132418215, 0.0490126125515, 0.0472997203469, 0.0354689359665, 0.0268181040883, 0.0270175300539, 0.0418633930385, 0.0518433898687, 0.0331306643784, 0.0273891426623, 0.0227080099285, 0.0189658328891, 0.0249696485698, 0.0384560599923, 0.0310527905822, 0.0312946662307, 0.030563114211, 0.0230589099228, 0.0299851484597, 0.0333406962454, 0.0327477417886, 0.0403898358345], "dmean": [0.130649626255, 0.114513777196, 0.0799970328808, 0.0642556399107, 0.0729097500443, 0.125884249806, 0.166822731495, 0.132452592254, 0.0896407291293, 0.0695177540183, 0.0660098269582, 0.0664956569672, 0.0744035393, 0.0972926542163, 0.142593368888, 0.150374919176, 0.153184905648, 0.114747069776, 0.0864427909255, 0.0995611399412, 0.169793620706, 0.186776742339, 0.16064992547, 0.102272950113, 0.0715740993619, 0.0592440478504, 0.0861060768366, 0.113490626216, 0.101101703942, 0.084851577878, 0.0815265476704, 0.0760355964303, 0.104559659958, 0.110161401331, 0.0960003435612, 0.119728080928], "max": [1, 1, 1, 1, 1, 1, 1, 1, 1, 1, 1, 1, 1, 1, 1, 1, 1, 1, 1, 1, 1, 1, 1, 1, 1, 1, 1, 1, 1, 1, 1, 1, 1, 1, 1, 1], "var": [0.0958716198802, 0.0487035773695, 0.0216897521168, 0.0178031940013, 0.0202939826995, 0.0529017038643, 0.104287482798, 0.0460693463683, 0.0375195480883, 0.0502725765109, 0.0244060214609, 0.0159955825657, 0.0223459731787, 0.0249262806028, 0.0714000761509, 0.125734910369, 0.0774035528302, 0.030550384894, 0.0223833657801, 0.0236824620515, 0.0715236440301, 0.138853639364, 0.0687648653984, 0.0257069673389, 0.0180188622326, 0.0145333474502, 0.0381891019642, 0.0714838132262, 0.036469321698, 0.0284837018698, 0.0320874676108, 0.0200375448912, 0.0557690560818, 0.0638514608145, 0.027297783643, 0.0540627688169], "mean": [0.200950354338, 0.146892428398, 0.0785050913692, 0.0542363524437, 0.0621416531503, 0.191439241171, 0.310009330511, 0.200236603618, 0.0979562848806, 0.0965778827667, 0.0714298337698, 0.0642209127545, 0.0730370208621, 0.0927744805813, 0.198968365788, 0.284225076437, 0.200282260776, 0.104907982051, 0.0771712139249, 0.0863235220313, 0.25717613101, 0.415443986654, 0.26860666275, 0.0943820849061, 0.0601618662477, 0.0492759458721, 0.112177096307, 0.166022568941, 0.115750521421, 0.0779284313321, 0.0802255198359, 0.0790328234434, 0.149762332439, 0.159201562405, 0.0953210815787, 0.14651183784]}, "tuning_equal_tempered_deviation": 0.0392941050231, "chords_changes_rate": 0.0546905398369, "key_key": "A", "tuning_diatonic_strength": 0.561481893063, "key_scale": "major", "chords_number_rate": 0.00155702605844, "tuning_frequency": 440.254241943, "tuning_nontempered_energy_ratio": 0.666078388691, "chords_histogram": [5.07979774475, 1.01206696033, 37.3102378845, 0.953678488731, 0.544959127903, 0, 0.058388479054, 0, 0, 0, 0, 0, 0, 0, 0, 0.739587366581, 0, 9.03075122833, 0.895290017128, 9.40054512024, 2.31607627869, 19.774230957, 11.9891004562, 0.895290017128], "key_strength": 0.697813868523, "chords_key": "E", "chords_strength": {"dmean2": 0.0093333479017, "median": 0.490912467241, "min": -1, "dvar2": 0.000797813001554, "dvar": 0.000426908722147, "dmean": 0.00939222984016, "max": 0.716949284077, "var": 0.0175873022527, "mean": 0.481705844402}, "chords_scale": "major", "hpcp_entropy": {"dmean2": 1.07435417175, "median": 1.84572029114, "min": 0, "dvar2": 0.788985490799, "dvar": 0.297074794769, "dmean": 0.644586801529, "max": 4.29748392105, "var": 0.641146540642, "mean": 1.82241976261}}, "metadata": {"audio_properties": {"equal_loudness": 0, "codec": "mp3", "downmix": "mix", "sample_rate": 44100, "analysis_sample_rate": 44100, "bit_rate": 206660, "md5_encoded": "462266cda078f5a24d109f3b64a7cb6a", "length": 238.550201416, "replay_gain": -15.3459434509, "lossless": false}, "version": {"essentia_build_sha": "70f2e5ece6736b2c40cc944ad0e695b16b925413", "essentia": "2.1-beta2", "extractor": "music 1.0", "essentia_git_sha": "v2.1_beta2"}, "tags": {"title": ["Blood Red Sky"], "artist": ["Seth Lakeman"], "tracknumber": ["4"], "albumartist": ["Seth Lakeman"], "date": ["2008"], "genre": ["Folk"], "language": ["eng"], "album": ["Poor Mans Heaven"], "label": ["Relentless"], "musicbrainz_recordingid": ["1128bc5b-6cd2-4d50-aea4-fec3be903d2d"], "file_name": "307996.mp3"}}, "rhythm": {"bpm_histogram_first_peak_bpm": {"dmean2": 0, "median": 172, "min": 172, "dvar2": 0, "dvar": 0, "dmean": 0, "max": 172, "var": 0, "mean": 172}, "bpm": 172.265716553, "bpm_histogram_second_peak_spread": {"dmean2": 0, "median": 0.324200868607, "min": 0.324200868607, "dvar2": 0, "dvar": 0, "dmean": 0, "max": 0.324200868607, "var": 0, "mean": 0.324200868607}, "bpm_histogram_first_peak_weight": {"dmean2": 0, "median": 0.442067742348, "min": 0.442067742348, "dvar2": 0, "dvar": 0, "dmean": 0, "max": 0.442067742348, "var": 0, "mean": 0.442067742348}, "onset_rate": 4.58162164688, "beats_position": [0.348299324512, 0.708208620548, 1.06811785698, 1.42802715302, 1.78793644905, 2.14784574509, 2.50775504112, 2.86766433716, 3.22757363319, 3.58748292923, 3.94739222527, 4.3073015213, 4.67882061005, 5.06195020676, 5.44507932663, 6.00235795975, 6.54802703857, 7.10530614853, 7.65097475052, 8.19664382935, 8.73070240021, 9.26476192474, 9.79882049561, 10.321269989, 10.8437185287, 11.3661680222, 11.8886165619, 12.4110651016, 12.933514595, 13.4559631348, 13.9784126282, 14.5008611679, 15.0233106613, 15.5341491699, 16.0565986633, 16.5790481567, 17.1014957428, 17.6239452362, 18.1580047607, 18.6804523468, 19.2029018402, 19.7253513336, 20.247800827, 20.7702484131, 21.2926979065, 21.8151473999, 22.3375968933, 22.8600444794, 23.3824939728, 23.9049434662, 24.4273910522, 24.9498405457, 25.4722900391, 25.9947395325, 26.5171871185, 27.0396366119, 27.5620861053, 28.0961437225, 28.6185932159, 29.1410427094, 29.6751022339, 30.1975498199, 30.7316093445, 31.2424488068, 31.7648983002, 32.2757377625, 32.7981834412, 33.3206329346, 33.843082428, 34.3655319214, 34.8879814148, 35.4104309082, 35.9444885254, 36.4785499573, 37.000995636, 37.5234451294, 38.0575065613, 38.5915641785, 39.1140136719, 39.6364631653, 40.1473007202, 40.6697502136, 41.192199707, 41.7146492004, 42.2370948792, 42.7479362488, 43.2703857422, 43.7928352356, 44.3152809143, 44.8377304077, 45.3601799011, 45.8826293945, 46.4166870117, 46.9507484436, 47.473197937, 47.9840354919, 48.5064849854, 49.0289344788, 49.5629920959, 50.0854415894, 50.5962791443, 51.1071205139, 51.6411781311, 52.1752357483, 52.6976852417, 53.2201347351, 53.7425842285, 54.2650337219, 54.7990913391, 55.3215408325, 55.8439903259, 56.3664398193, 56.8888893127, 57.4113349915, 57.9221763611, 58.4446258545, 58.9670753479, 59.4895210266, 60.01197052, 60.5228118896, 61.0568695068, 61.5793190002, 62.1249885559, 62.6358261108, 63.1582756042, 63.6923332214, 64.2147827148, 64.7372360229, 65.2480697632, 65.7705230713, 66.3045806885, 66.8270263672, 67.3494796753, 67.8835372925, 68.4059829712, 68.9284362793, 69.450881958, 69.9617233276, 70.4957809448, 71.0066223145, 71.5290679932, 72.0515213013, 72.57396698, 73.0964126587, 73.6188659668, 74.1413116455, 74.6753692627, 75.1978225708, 75.7202682495, 76.2427215576, 76.7767791748, 77.2992248535, 77.8100662231, 78.3325119019, 78.85496521, 79.3890228271, 79.9346923828, 80.503578186, 81.0724716187, 81.6181411743, 82.1521987915, 82.6746444702, 83.1970977783, 83.742767334, 84.2652130127, 84.7992706299, 85.3101119995, 85.8325576782, 86.3550109863, 86.8890686035, 87.4115142822, 87.9339675903, 88.44480896, 88.9672546387, 89.4897003174, 90.0121536255, 90.5345993042, 91.0686569214, 91.5911102295, 92.1135559082, 92.6476211548, 93.1700668335, 93.6925125122, 94.2149658203, 94.737411499, 95.2714691162, 95.7939224243, 96.316368103, 96.8272094727, 97.3380508423, 97.8488845825, 98.3713378906, 98.8937835693, 99.4162368774, 99.9386825562, 100.461128235, 100.983581543, 101.494422913, 102.02848053, 102.562538147, 103.096595764, 103.630653381, 104.141494751, 104.675552368, 105.198005676, 105.720451355, 106.231292725, 106.765350342, 107.299407959, 107.810249329, 108.332695007, 108.855148315, 109.377593994, 109.900039673, 110.422492981, 110.94493866, 111.479003906, 112.001449585, 112.523895264, 113.046348572, 113.56879425, 114.07963562, 114.602081299, 115.124534607, 115.646980286, 116.169433594, 116.703491211, 117.22593689, 117.748390198, 118.259223938, 118.793289185, 119.327346802, 119.861404419, 120.383850098, 120.906303406, 121.428749084, 121.951202393, 122.462036133, 122.984489441, 123.50693512, 124.017776489, 124.540222168, 125.062675476, 125.585121155, 126.107574463, 126.467483521, 126.827392578, 127.175689697, 127.523986816, 127.860679626, 128.197372437, 128.545669556, 128.893966675, 129.242263794, 129.590560913, 129.938858032, 130.28717041, 130.635467529, 130.995376587, 131.355285645, 131.703582764, 132.051879883, 132.400177002, 132.748474121, 133.09677124, 133.445083618, 133.804992676, 134.164901733, 134.513198853, 134.861495972, 135.209793091, 135.55809021, 135.906387329, 136.254684448, 136.602996826, 136.951293945, 137.299591064, 137.647888184, 137.996185303, 138.344482422, 138.692779541, 139.041091919, 139.389389038, 139.737686157, 140.085983276, 140.434280396, 140.782577515, 141.130874634, 141.479187012, 141.827484131, 142.17578125, 142.524078369, 142.872375488, 143.220672607, 143.568969727, 143.917282104, 144.265579224, 144.613876343, 144.962173462, 145.310470581, 145.6587677, 146.007064819, 146.355377197, 146.703674316, 147.051971436, 147.400268555, 147.748565674, 148.096862793, 148.445159912, 148.79347229, 149.141769409, 149.501678467, 149.861587524, 150.209884644, 150.558181763, 150.906478882, 151.254776001, 151.603088379, 151.951385498, 152.299682617, 152.647979736, 152.996276855, 153.344573975, 153.692871094, 154.041183472, 154.389480591, 154.73777771, 155.086074829, 155.434371948, 155.782669067, 156.142578125, 156.490875244, 156.839187622, 157.187484741, 157.53578186, 157.895690918, 158.243988037, 158.592285156, 158.940582275, 159.288879395, 159.637191772, 159.985488892, 160.333786011, 160.670471191, 161.007156372, 161.35546875, 161.703765869, 162.052062988, 162.400360107, 162.748657227, 163.096954346, 163.445251465, 163.793563843, 164.1534729, 164.513381958, 164.861679077, 165.209976196, 165.558273315, 165.906570435, 166.254867554, 166.603164673, 166.951477051, 167.29977417, 167.648071289, 167.996368408, 168.344665527, 168.692962646, 169.041259766, 169.389572144, 169.737869263, 170.086166382, 170.434463501, 170.78276062, 171.131057739, 171.479354858, 171.827667236, 172.175964355, 172.524261475, 172.872558594, 173.220855713, 173.580764771, 173.92906189, 174.265762329, 174.614059448, 174.962356567, 175.310653687, 175.658950806, 176.007247925, 176.355545044, 176.703857422, 177.052154541, 177.40045166, 177.748748779, 178.097045898, 178.445343018, 178.793640137, 179.141952515, 179.490249634, 179.838546753, 180.186843872, 180.535140991, 180.88343811, 181.231735229, 181.580047607, 181.928344727, 182.276641846, 182.624938965, 182.973236084, 183.321533203, 183.681442261, 184.029754639, 184.389663696, 184.737960815, 185.086257935, 185.434555054, 185.782852173, 186.131149292, 186.479446411, 186.827758789, 187.176055908, 187.524353027, 187.872650146, 188.220947266, 188.569244385, 188.929153442, 189.265853882, 189.614151001, 189.96244812, 190.310745239, 190.659042358, 191.007339478, 191.355636597, 191.692337036, 192.040634155, 192.388931274, 192.748840332, 193.097137451, 193.422225952, 193.770523071, 194.11882019, 194.478729248, 194.838638306, 195.186935425, 195.535232544, 195.883529663, 196.231826782, 196.58013916, 196.928436279, 197.288345337, 197.648254395, 197.996551514, 198.344848633, 198.693145752, 199.041442871, 199.38973999, 199.738052368, 200.086349487, 200.434646606, 200.782943726, 201.131240845, 201.479537964, 201.827835083, 202.176147461, 202.52444458, 202.872741699, 203.221038818, 203.569335938, 203.917633057, 204.265930176, 204.614242554, 204.962539673, 205.310836792, 205.659133911, 206.019042969, 206.355728149, 206.704025269, 207.052337646, 207.400634766, 207.748931885, 208.097229004, 208.445526123, 208.793823242, 209.142120361, 209.490432739, 209.850341797, 210.210250854, 210.558547974, 210.906845093, 211.255142212, 211.603439331, 211.940139771, 212.28843689, 212.62512207, 212.973419189, 213.344940186, 213.693237305, 214.029922485, 214.366622925, 214.714920044, 215.063217163, 215.411514282, 215.759811401, 216.108108521, 216.45640564, 216.804718018, 217.176239014, 217.512924194, 217.861221313, 218.209518433, 218.546203613, 218.894515991, 219.24281311, 219.591110229, 219.951019287, 220.299316406, 220.659225464, 221.007522583, 221.355819702, 221.704116821, 222.052429199, 222.400726318, 222.749023438, 223.097320557, 223.445617676, 223.793914795, 224.142211914, 224.490524292, 224.838821411, 225.18711853, 225.535415649, 225.883712769, 226.232009888, 226.580307007, 226.928619385, 227.288528442, 227.6484375, 227.996734619, 228.345031738, 228.716552734, 229.08807373, 229.459594727, 229.831100464, 230.20262146, 230.539321899, 230.87600708, 231.212692261, 231.549377441, 231.909286499, 232.269195557, 232.640716553, 233.012237549, 233.406982422, 233.801712036, 234.196456909, 234.602813721, 235.067199707, 235.543212891, 236.019226074, 236.495239258, 236.971237183, 237.447250366, 237.92326355], "beats_loudness": {"dmean2": 0.0270116627216, "median": 0.0268142446876, "min": 1.25280494312e-10, "dvar2": 0.000638177501969, "dvar": 0.000221876893193, "dmean": 0.0158055759966, "max": 0.0933410227299, "var": 0.00052544195205, "mean": 0.030908761546}, "danceability": 1.04372477531, "bpm_histogram_second_peak_weight": {"dmean2": 0, "median": 0.263814628124, "min": 0.263814628124, "dvar2": 0, "dvar": 0, "dmean": 0, "max": 0.263814628124, "var": 0, "mean": 0.263814628124}, "beats_count": 562, "bpm_histogram_second_peak_bpm": {"dmean2": 0, "median": 115, "min": 115, "dvar2": 0, "dvar": 0, "dmean": 0, "max": 115, "var": 0, "mean": 115}, "bpm_histogram_first_peak_spread": {"dmean2": 0, "median": 0, "min": 0, "dvar2": 0, "dvar": 0, "dmean": 0, "max": 0, "var": 0, "mean": 0}, "beats_loudness_band_ratio": {"dmean2": [0.392558932304, 0.328785300255, 0.30651140213, 0.185031965375, 0.108251534402, 0.0984754860401], "median": [0.196728050709, 0.226811170578, 0.187344938517, 0.0784618407488, 0.0482134260237, 0.0357530415058], "min": [0.00145149999298, 0.000177198671736, 0.00134120532311, 0.00476285256445, 0.000885583343916, 0.000123043224448], "dvar2": [0.11338236928, 0.0732273235917, 0.0700876861811, 0.0428923144937, 0.0181086435914, 0.0258958321065], "dvar": [0.0386083647609, 0.0259217992425, 0.0245362054557, 0.0160133838654, 0.00620788475499, 0.00898673292249], "dmean": [0.217161074281, 0.186296343803, 0.174378827214, 0.10457034409, 0.0615588836372, 0.0540458224714], "max": [0.947211503983, 0.902385532856, 0.912101149559, 0.822090625763, 0.577389955521, 0.821493625641], "var": [0.0530735217035, 0.0446537919343, 0.0329991653562, 0.0172787047923, 0.00602168869227, 0.00590846734121], "mean": [0.267334908247, 0.284377068281, 0.233377531171, 0.12252381444, 0.0726248174906, 0.0546640045941]}}, "lowlevel": {"barkbands_spread": {"dmean2": 9.20537662506, "median": 18.3487148285, "min": 0.592590332031, "dvar2": 138.562606812, "dvar": 67.4637832642, "dmean": 6.03968238831, "max": 137.720336914, "var": 258.02230835, "mean": 21.8799247742}, "melbands_spread": {"dmean2": 11.5392255783, "median": 18.891494751, "min": 1.07591629028, "dvar2": 311.716430664, "dvar": 153.39642334, "dmean": 7.57050037384, "max": 223.809356689, "var": 483.265411377, "mean": 24.0797348022}, "hfc": {"dmean2": 8.82251262665, "median": 14.4000253677, "min": 1.23516991347e-16, "dvar2": 155.526794434, "dvar": 78.4828796387, "dmean": 6.16657733917, "max": 130.051437378, "var": 342.175048828, "mean": 19.6951313019}, "barkbands_kurtosis": {"dmean2": 3.90286707878, "median": 2.02084207535, "min": -1.90229773521, "dvar2": 41.5707359314, "dvar": 17.5322608948, "dmean": 2.46898937225, "max": 127.031860352, "var": 42.8563766479, "mean": 3.58701491356}, "gfcc": {"mean": [-23.0951347351, 83.424987793, -112.75869751, 18.8473396301, -63.0162391663, 4.3522105217, -40.7181434631, 5.3134469986, -24.2510471344, 1.99761021137, -13.8605880737, 3.00202178955, -10.7279090881], "icov": [[7.13015760994e-05, -3.66748827219e-05, 0.00013432376727, -0.000142645076266, 9.69532775343e-05, -9.80677723419e-05, 9.56189105636e-05, -0.000296471524052, 0.000246380222961, -0.000317117752274, 0.000385177670978, -0.000127203835291, 0.000205829797778], [-3.66748827219e-05, 0.00100548879709, 0.000185522003449, 0.000278722989606, -0.00067193666473, 0.000337681121891, -0.00028463662602, 0.000112425259431, -0.000730875937734, 0.00110582401976, -0.00179069722071, 0.00088753295131, -0.000682603567839], [0.00013432376727, 0.000185522003449, 0.00215136329643, -0.000553955731448, -0.000378987868316, -0.000349460082361, -0.000192226521904, -0.000628862413578, 0.00044377183076, -0.000915527110919, 0.000658639124595, -0.00151231046766, 0.00053485087119], [-0.000142645076266, 0.000278722989606, -0.000553955731448, 0.00328737637028, -0.00101791729685, 2.66082788585e-05, -0.000101246871054, -0.000420665222919, -0.000831167795695, 0.000147749378812, -0.000315479177516, -0.000214478204725, -0.000909227819648], [9.69532775343e-05, -0.00067193666473, -0.000378987868316, -0.00101791729685, 0.00550931273028, -0.000840636494104, 1.53150795086e-05, -0.00125426915474, 0.000226168325753, -0.000892105337698, 0.000714535126463, 0.000283668457996, 0.000119421005365], [-9.80677723419e-05, 0.000337681121891, -0.000349460082361, 2.66082788585e-05, -0.000840636494104, 0.00685092387721, -0.00372738949955, 0.000727746693883, -0.00249180919491, 0.000169091028511, -0.000981868710369, -0.000548842072021, 0.00163030368276], [9.56189105636e-05, -0.00028463662602, -0.000192226521904, -0.000101246871054, 1.53150795086e-05, -0.00372738949955, 0.00897165108472, -0.00430112099275, 0.00243276916444, -0.000885108136572, -0.00119733554311, 0.00185732846148, -0.00131148507353], [-0.000296471524052, 0.000112425259431, -0.000628862413578, -0.000420665222919, -0.00125426915474, 0.000727746693883, -0.00430112099275, 0.0136797027662, -0.00580647308379, 0.0011231986573, 0.000120823679026, 7.93108774815e-05, -0.000100894205389], [0.000246380222961, -0.000730875937734, 0.00044377183076, -0.000831167795695, 0.000226168325753, -0.00249180919491, 0.00243276916444, -0.00580647308379, 0.0128729054704, -0.00464655458927, 0.00260370597243, -4.31054431829e-05, -0.000804819981568], [-0.000317117752274, 0.00110582401976, -0.000915527110919, 0.000147749378812, -0.000892105337698, 0.000169091028511, -0.000885108136572, 0.0011231986573, -0.00464655458927, 0.015994168818, -0.00753570813686, 0.00293113454245, -0.00135091342963], [0.000385177670978, -0.00179069722071, 0.000658639124595, -0.000315479177516, 0.000714535126463, -0.000981868710369, -0.00119733554311, 0.000120823679026, 0.00260370597243, -0.00753570813686, 0.0180061496794, -0.0073412633501, 0.00369905633852], [-0.000127203835291, 0.00088753295131, -0.00151231046766, -0.000214478204725, 0.000283668457996, -0.000548842072021, 0.00185732846148, 7.93108774815e-05, -4.31054431829e-05, 0.00293113454245, -0.0073412633501, 0.0192924235016, -0.00697761774063], [0.000205829797778, -0.000682603567839, 0.00053485087119, -0.000909227819648, 0.000119421005365, 0.00163030368276, -0.00131148507353, -0.000100894205389, -0.000804819981568, -0.00135091342963, 0.00369905633852, -0.00697761774063, 0.0157175995409]], "cov": [[22731.28125, -363.147399902, -895.612915039, 766.268615723, -135.489517212, 210.634490967, 0.906253039837, 443.807769775, 6.77402305603, 201.27255249, -395.313079834, -146.258865356, -210.787887573], [-363.147399902, 1488.6697998, -183.61579895, -89.5717391968, 141.826217651, -11.1970882416, 64.2479095459, 27.7642345428, 55.2014198303, -29.6270084381, 117.924125671, -33.2221641541, 33.8758468628], [-895.612915039, -183.61579895, 667.006286621, 139.672714233, 90.6087493896, 88.0938491821, 69.478263855, 51.92162323, 31.8296813965, 45.1423454285, 18.8994827271, 55.0068626404, 10.9226350784], [766.268615723, -89.5717391968, 139.672714233, 427.558288574, 95.4992675781, 65.3103408813, 47.3482322693, 78.4045181274, 57.213470459, 37.5624046326, -9.64344120026, 18.2696208954, 19.5480117798], [-135.489517212, 141.826217651, 90.6087493896, 95.4992675781, 248.222885132, 66.2603607178, 57.2347068787, 56.4910202026, 43.1680526733, 24.3721752167, 14.086605072, -2.62780308723, 6.57772731781], [210.634490967, -11.1970882416, 88.0938491821, 65.3103408813, 66.2603607178, 248.722717285, 122.052314758, 62.6237449646, 56.9419822693, 38.4139633179, 22.3933677673, 0.248661473393, -17.1227588654], [0.906253039837, 64.2479095459, 69.478263855, 47.3482322693, 57.2347068787, 122.052314758, 203.345840454, 76.1712722778, 28.0761928558, 29.2285995483, 26.6763210297, -7.84728002548, 1.70261991024], [443.807769775, 27.7642345428, 51.92162323, 78.4045181274, 56.4910202026, 62.6237449646, 76.1712722778, 138.941131592, 65.4634780884, 24.4638404846, -3.49310684204, -4.21732473373, 2.88997149467], [6.77402305603, 55.2014198303, 31.8296813965, 57.213470459, 43.1680526733, 56.9419822693, 28.0761928558, 65.4634780884, 131.230224609, 36.3564453125, 1.19881284237, -2.718085289, 9.41948604584], [201.27255249, -29.6270084381, 45.1423454285, 37.5624046326, 24.3721752167, 38.4139633179, 29.2285995483, 24.4638404846, 36.3564453125, 96.2210769653, 30.362197876, 0.958418250084, -1.44781243801], [-395.313079834, 117.924125671, 18.8994827271, -9.64344120026, 14.086605072, 22.3933677673, 26.6763210297, -3.49310684204, 1.19881284237, 30.362197876, 99.9758148193, 24.202589035, -1.24250125885], [-146.258865356, -33.2221641541, 55.0068626404, 18.2696208954, -2.62780308723, 0.248661473393, -7.84728002548, -4.21732473373, -2.718085289, 0.958418250084, 24.202589035, 76.6419372559, 27.2412796021], [-210.787887573, 33.8758468628, 10.9226350784, 19.5480117798, 6.57772731781, -17.1227588654, 1.70261991024, 2.88997149467, 9.41948604584, -1.44781243801, -1.24250125885, 27.2412796021, 83.2440414429]]}, "spectral_energyband_middle_low": {"dmean2": 0.00783009268343, "median": 0.00890130270272, "min": 2.54139833123e-22, "dvar2": 0.000140835269121, "dvar": 6.14581076661e-05, "dmean": 0.00511419260874, "max": 0.130685716867, "var": 0.000157600487, "mean": 0.0125897796825}, "melbands_crest": {"dmean2": 5.01462554932, "median": 12.0435705185, "min": 2.30619192123, "dvar2": 23.4805164337, "dvar": 8.95042419434, "dmean": 3.10018396378, "max": 34.6740760803, "var": 24.4079360962, "mean": 13.0262708664}, "spectral_kurtosis": {"dmean2": 2.56100726128, "median": 4.38845777512, "min": -1.25128698349, "dvar2": 12.4458827972, "dvar": 4.3079328537, "dmean": 1.57999002934, "max": 67.8123245239, "var": 25.9677124023, "mean": 5.36157655716}, "spectral_rms": {"dmean2": 0.00106603454333, "median": 0.00434435205534, "min": 3.24724166827e-12, "dvar2": 1.83161660061e-06, "dvar": 8.31354896036e-07, "dmean": 0.000717560120393, "max": 0.0114928539842, "var": 4.95132826472e-06, "mean": 0.00431939167902}, "zerocrossingrate": {"dmean2": 0.0138087151572, "median": 0.05419921875, "min": 0.00732421875, "dvar2": 0.000270439457381, "dvar": 0.000252539961366, "dmean": 0.011953195557, "max": 0.517578125, "var": 0.00195741350763, "mean": 0.0646096095443}, "silence_rate_60dB": {"dmean2": 0.0599630102515, "median": 0, "min": 0, "dvar2": 0.0633807703853, "dvar": 0.0290773231536, "dmean": 0.0299785863608, "max": 1, "var": 0.110292211175, "mean": 0.126228705049}, "erbbands_kurtosis": {"dmean2": 1.66912198067, "median": -0.132593631744, "min": -1.78229415417, "dvar2": 9.97718715668, "dvar": 4.29733181, "dmean": 1.06942856312, "max": 104.682868958, "var": 8.77088260651, "mean": 0.757013201714}, "erbbands": {"dmean2": [0.0594414919615, 0.856622993946, 3.32318949699, 4.45054244995, 6.02638339996, 9.41271305084, 17.9541835785, 18.9273681641, 21.6561260223, 34.8671188354, 27.6438961029, 45.728351593, 37.5327682495, 31.5880622864, 26.3990402222, 18.652671814, 31.574798584, 34.3111877441, 29.1992454529, 26.3377456665, 27.7791290283, 15.9439783096, 7.5152592659, 8.56120300293, 9.94736385345, 8.76205825806, 4.9400305748, 5.21424484253, 5.5572886467, 5.13973617554, 3.08205866814, 2.26952338219, 1.14430332184, 0.798995435238, 0.452777028084, 0.210492193699, 0.0689707025886, 0.0181319657713, 0.00270769256167, 7.90328194853e-05], "median": [0.00827058963478, 0.165551915765, 0.423315763474, 1.17412292957, 2.00460028648, 4.19714784622, 7.77353715897, 10.4451036453, 9.10803031921, 12.3220481873, 7.33201360703, 9.40937900543, 8.81346702576, 8.48731136322, 9.61120510101, 5.97327613831, 8.20206069946, 6.53682470322, 5.96193552017, 6.55197620392, 6.96473264694, 9.42079353333, 5.24177932739, 5.86684656143, 7.27076148987, 4.2368478775, 2.46039319038, 2.05671405792, 1.48434984684, 1.60839235783, 0.845173060894, 0.585439264774, 0.472603857517, 0.235802724957, 0.130342230201, 0.0487732663751, 0.0122572313994, 0.00253020250238, 0.000315713929012, 3.91173889511e-05], "min": [1.67255122162e-21, 2.53695389141e-20, 2.89617322828e-20, 5.46445206175e-20, 8.46766116883e-20, 7.48535834203e-20, 3.39132703263e-19, 3.92547038288e-19, 3.0526387063e-19, 6.72265710446e-19, 9.5152674493e-19, 1.07703589325e-18, 1.67244794279e-18, 2.33415645048e-18, 2.79010274681e-18, 2.83240393616e-18, 4.27301155802e-18, 4.48927213891e-18, 2.91462796379e-18, 9.09662265589e-18, 1.16596616362e-17, 9.3394373888e-18, 1.32706231761e-17, 1.21917422565e-17, 1.7329255162e-17, 1.98417732592e-17, 1.7474001843e-17, 1.24934026182e-17, 1.70045189427e-17, 2.01487201322e-17, 1.77288197938e-17, 1.25992627115e-17, 1.12338133404e-17, 1.32832062476e-17, 8.51247349757e-18, 5.81353205132e-18, 3.34654693808e-18, 1.69036157293e-18, 3.462797764e-19, 4.05771963148e-20], "dvar2": [0.0231676157564, 4.51915693283, 113.025939941, 113.692565918, 195.742904663, 257.519744873, 1269.72595215, 1491.86621094, 2395.96166992, 10502.7050781, 9012.22070312, 20670.8515625, 22156.7929688, 15157.6191406, 7765.46777344, 4134.61035156, 8776.57519531, 12512.4033203, 9024.67285156, 10113.6445312, 9033.5078125, 1297.35961914, 181.098205566, 205.455932617, 250.298919678, 374.141723633, 108.214485168, 169.561279297, 238.07850647, 216.187698364, 73.4794387817, 45.5060310364, 7.03747177124, 3.29327511787, 0.945209562778, 0.234855011106, 0.0277674943209, 0.00155882001854, 3.22821651935e-05, 2.36110064833e-08], "dvar": [0.00905347708613, 1.632619977, 42.072681427, 42.5491027832, 76.3864212036, 112.666534424, 545.106018066, 621.37286377, 1008.02471924, 4284.78564453, 3799.75390625, 9217.36816406, 9732.0703125, 6652.97802734, 3393.61914062, 1672.49291992, 3811.71728516, 5270.48388672, 3870.54785156, 4112.61767578, 3345.07763672, 615.29901123, 78.3577957153, 87.4326171875, 107.231674194, 154.098403931, 46.0371398926, 78.1216964722, 108.657676697, 98.5554962158, 38.297454834, 22.903470993, 3.45079231262, 1.70967972279, 0.471692174673, 0.112656489015, 0.0126573480666, 0.000675010785926, 1.37203360282e-05, 1.00476196252e-08], "dmean": [0.037397723645, 0.508437633514, 1.94660961628, 2.6449534893, 3.59813523293, 5.92395448685, 11.5235471725, 12.2096004486, 13.7290525436, 22.2198562622, 18.0605354309, 30.433801651, 25.0498256683, 21.1143074036, 17.6825141907, 11.9901590347, 20.5877609253, 22.2241363525, 18.7732028961, 16.4943141937, 17.6134777069, 10.6065101624, 4.83002281189, 5.52432584763, 6.43434143066, 5.54381036758, 3.17370653152, 3.37803435326, 3.62287998199, 3.41659808159, 2.10928440094, 1.55741369724, 0.785909414291, 0.547528982162, 0.30966129899, 0.141189038754, 0.0456165596843, 0.011630371213, 0.00173026206903, 5.13179293193e-05], "max": [1.41856050491, 17.046628952, 75.0607757568, 117.961463928, 172.263061523, 209.747329712, 424.380737305, 498.0987854, 650.994689941, 2731.73461914, 1640.00842285, 2052.26074219, 2729.12744141, 2640.4152832, 1654.7220459, 1470.05651855, 1674.6036377, 1625.51672363, 1295.54064941, 1688.11291504, 2257.30712891, 997.591369629, 154.130783081, 220.200897217, 233.722976685, 376.578460693, 170.767044067, 329.408111572, 246.236968994, 209.473937988, 141.515869141, 131.422897339, 64.8013687134, 31.9318237305, 16.4806232452, 7.05299568176, 2.18328762054, 0.644222855568, 0.0808932632208, 0.00189115549438], "var": [0.0153848454356, 2.35566043854, 39.3752479553, 47.8041687012, 84.6246261597, 277.368164062, 1080.32006836, 1395.46459961, 1647.20812988, 10828.8642578, 5568.54443359, 16257.1923828, 15146.0908203, 11969.5029297, 5945.65039062, 3216.63354492, 6705.86328125, 8480.38183594, 5912.37548828, 6408.23681641, 9208.37207031, 1385.60778809, 157.27015686, 229.914840698, 258.666931152, 296.246734619, 97.79246521, 167.243331909, 232.377975464, 189.101409912, 83.3741760254, 47.9624214172, 8.09950065613, 3.91314220428, 1.09298586845, 0.231279313564, 0.0212885010988, 0.00099558767397, 1.74342494574e-05, 1.33521789181e-08], "mean": [0.0688669160008, 0.912129342556, 2.30360388756, 3.58032345772, 4.75617551804, 9.9405002594, 19.0009651184, 23.5065288544, 22.6386070251, 36.755859375, 27.026758194, 49.1867980957, 40.9969024658, 40.3272171021, 28.7422084808, 20.323425293, 33.1719818115, 32.5208015442, 26.2598361969, 24.9881820679, 30.6313686371, 20.0011005402, 9.16056632996, 10.7250289917, 12.6592922211, 9.97207355499, 6.02105474472, 6.0574798584, 6.34389209747, 5.92977762222, 3.59348845482, 2.64155864716, 1.43539702892, 0.877710819244, 0.475771784782, 0.198702722788, 0.0580085068941, 0.0133212180808, 0.00182934245095, 7.62613708503e-05]}, "spectral_strongpeak": {"dmean2": 0.971749007702, "median": 0.532986044884, "min": 0, "dvar2": 2.72870826721, "dvar": 1.12559592724, "dmean": 0.590558886528, "max": 15.7701463699, "var": 2.18778848648, "mean": 1.15016245842}, "spectral_energy": {"dmean2": 0.0122793642804, "median": 0.0193452313542, "min": 1.08081931074e-20, "dvar2": 0.000362612336176, "dvar": 0.000152360415086, "dmean": 0.00801360979676, "max": 0.135387837887, "var": 0.000449989078334, "mean": 0.0241987276822}, "average_loudness": 0.685601949692, "spectral_rolloff": {"dmean2": 894.911315918, "median": 1098.19335938, "min": 107.666015625, "dvar2": 2187057.75, "dvar": 1053052.5, "dmean": 546.068725586, "max": 18970.7519531, "var": 3013230.25, "mean": 1609.80578613}, "spectral_centroid": {"dmean2": 390.856964111, "median": 1140.5826416, "min": 299.221191406, "dvar2": 214871.125, "dvar": 111430.320312, "dmean": 258.74798584, "max": 11438.4589844, "var": 456829.28125, "mean": 1280.31347656}, "pitch_salience": {"dmean2": 0.1104112342, "median": 0.570225715637, "min": 0.097754612565, "dvar2": 0.0103049678728, "dvar": 0.00400596903637, "dmean": 0.0688275396824, "max": 0.90041655302, "var": 0.0131186693907, "mean": 0.565219521523}, "spectral_energyband_middle_high": {"dmean2": 0.00308284442872, "median": 0.00280230422504, "min": 1.50780364215e-21, "dvar2": 3.82894104405e-05, "dvar": 1.7426260456e-05, "dmean": 0.00209981808439, "max": 0.100276440382, "var": 5.48623829673e-05, "mean": 0.00543474871665}, "spectral_contrast_coeffs": {"dmean2": [0.0792204141617, 0.0752011761069, 0.0594982504845, 0.0526457428932, 0.0407327190042, 0.0297575164586], "median": [-0.65109038353, -0.712022006512, -0.754625678062, -0.770182907581, -0.76730710268, -0.767104625702], "min": [-0.964480996132, -0.964300870895, -0.970273137093, -0.955656170845, -0.961880862713, -0.958207070827], "dvar2": [0.00448396895081, 0.00410694815218, 0.00265218736604, 0.00198690313846, 0.00117419834714, 0.000687500752974], "dvar": [0.00176422751974, 0.00158246001229, 0.00119834381621, 0.000932312977966, 0.000573634519242, 0.000306913309032], "dmean": [0.0488354451954, 0.0468435250223, 0.0390122309327, 0.034001018852, 0.02719774656, 0.0191611777991], "max": [-0.277115374804, -0.347822666168, -0.4339594841, -0.493253529072, -0.559725224972, -0.582275390625], "var": [0.00872070621699, 0.0059117958881, 0.00725364871323, 0.00509035447612, 0.00278137600981, 0.0017237974098], "mean": [-0.638345241547, -0.70660007, -0.742663383484, -0.758765876293, -0.767039299011, -0.770014047623]}, "melbands_skewness": {"dmean2": 0.96257853508, "median": 2.14022135735, "min": -6.19149827957, "dvar2": 1.22313952446, "dvar": 0.523540735245, "dmean": 0.634390175343, "max": 11.3512630463, "var": 1.65775239468, "mean": 2.25220942497}, "spectral_spread": {"dmean2": 901889.9375, "median": 4414860, "min": 1344640.75, "dvar2": 1114590019580.0, "dvar": 629560967168, "dmean": 647273.25, "max": 42148008, "var": 2383778676740.0, "mean": 4720725}, "dissonance": {"dmean2": 0.0324225388467, "median": 0.46755990386, "min": 0.184222370386, "dvar2": 0.00108159705997, "dvar": 0.000420133641455, "dmean": 0.0194602701813, "max": 0.500000178814, "var": 0.00100847147405, "mean": 0.459128469229}, "spectral_skewness": {"dmean2": 0.337720036507, "median": 1.64525043964, "min": -0.0549415536225, "dvar2": 0.115516453981, "dvar": 0.0502974912524, "dmean": 0.217161238194, "max": 6.90368890762, "var": 0.400735288858, "mean": 1.72020494938}, "spectral_flux": {"dmean2": 0.0366847738624, "median": 0.0644970983267, "min": 1.03962456699e-10, "dvar2": 0.00192842411343, "dvar": 0.000855740392581, "dmean": 0.0235703140497, "max": 0.297450661659, "var": 0.00265984446742, "mean": 0.0744878947735}, "spectral_contrast_valleys": {"dmean2": [0.611573278904, 0.516865432262, 0.494514167309, 0.505475401878, 0.461682260036, 0.519491493702], "median": [-7.46112966537, -6.56090497971, -7.43443489075, -7.95287036896, -7.75367593765, -10.1826162338], "min": [-27.6183891296, -27.4018859863, -26.8482532501, -27.2692909241, -27.2678337097, -27.3765144348], "dvar2": [0.272882580757, 0.196007937193, 0.192477867007, 0.220968648791, 0.227987781167, 0.317289531231], "dvar": [0.118795908988, 0.0917887240648, 0.0987000986934, 0.118894703686, 0.12657751143, 0.189943388104], "dmean": [0.376847594976, 0.324968963861, 0.32318970561, 0.345361530781, 0.337462455034, 0.417718708515], "max": [-5.32255077362, -4.89497852325, -5.35618591309, -5.92019701004, -5.83718299866, -7.75550842285], "var": [2.8124601841, 2.16296744347, 1.87285530567, 2.01538729668, 2.35674905777, 2.4087164402], "mean": [-7.79285526276, -6.8571600914, -7.64335632324, -8.18050670624, -8.0774269104, -10.4291238785]}, "erbbands_flatness_db": {"dmean2": 0.0288867838681, "median": 0.150823220611, "min": 0.0468997471035, "dvar2": 0.000793951272499, "dvar": 0.000415563903516, "dmean": 0.0209210440516, "max": 0.476919442415, "var": 0.00227230903693, "mean": 0.15512701869}, "spectral_energyband_high": {"dmean2": 0.000528692093212, "median": 0.000292503711535, "min": 7.87124068273e-21, "dvar2": 1.25797271266e-06, "dvar": 6.81789629198e-07, "dmean": 0.000369074114133, "max": 0.0116901043802, "var": 2.01193370231e-06, "mean": 0.000779894413427}, "spectral_entropy": {"dmean2": 0.283616691828, "median": 7.46734428406, "min": 5.27615308762, "dvar2": 0.0856394544244, "dvar": 0.0454557910562, "dmean": 0.20423386991, "max": 9.79748058319, "var": 0.240837141871, "mean": 7.46601819992}, "silence_rate_20dB": {"dmean2": 0, "median": 1, "min": 1, "dvar2": 0, "dvar": 0, "dmean": 0, "max": 1, "var": 0, "mean": 1}, "melbands_flatness_db": {"dmean2": 0.0382754690945, "median": 0.183377161622, "min": 0.00450093206018, "dvar2": 0.0014870086452, "dvar": 0.000693966634572, "dmean": 0.0259972903877, "max": 0.433724313974, "var": 0.00355872674845, "mean": 0.188592746854}, "barkbands": {"dmean2": [7.47593221604e-05, 0.0030879471451, 0.00303083844483, 0.00175813783426, 0.00244778092019, 0.00246767723002, 0.00187788100448, 0.00135750463232, 0.00212360569276, 0.00104244158138, 0.000842262641527, 0.000432264234405, 0.000773868872784, 0.00071224354906, 0.000524623959791, 0.000523215683643, 0.000324096530676, 0.000134034868097, 0.000203167815926, 0.000171379229869, 0.000125792328618, 0.00016111828154, 0.000114797105198, 8.37892657728e-05, 6.58460412524e-05, 4.11839682783e-05, 1.38928353408e-05], "median": [3.83157384931e-06, 0.000603754422627, 0.000268585048616, 0.000472230109153, 0.00110519886948, 0.00127491680905, 0.000765282369684, 0.000292133016046, 0.000377730524633, 0.000189525337191, 0.000184234930202, 0.000104095539427, 0.000168134298292, 0.000110039713036, 0.000117040413897, 0.000102312682429, 0.000168373429915, 7.28383165551e-05, 0.000146396283526, 8.15223538666e-05, 5.36579391337e-05, 4.52326494269e-05, 3.52349998138e-05, 2.95477839245e-05, 2.02655955945e-05, 8.14969553176e-06, 1.48685148815e-06], "min": [5.84771692899e-25, 9.89087182047e-23, 1.31939905184e-23, 2.86885234728e-23, 3.33596150173e-23, 4.07321386435e-23, 3.36319424235e-23, 4.04455170776e-23, 6.98019280581e-23, 3.01089180198e-23, 6.97261974112e-23, 8.72419198004e-23, 9.80355501568e-23, 7.95752962069e-23, 5.37438249844e-23, 2.11897253038e-22, 2.06288830655e-22, 2.43702938289e-22, 3.32902280742e-22, 3.44533473121e-22, 3.73246520701e-22, 5.36711626908e-22, 6.09223216445e-22, 6.09022833154e-22, 1.25471484943e-21, 1.75907853442e-21, 2.78044989318e-21], "dvar2": [6.20396960471e-08, 5.44351860299e-05, 9.69146713032e-05, 1.69800186995e-05, 1.84122181963e-05, 2.25598469115e-05, 2.01648126676e-05, 1.91204999282e-05, 3.99072778237e-05, 1.90061346075e-05, 1.07130072138e-05, 2.62132675743e-06, 4.97122573506e-06, 5.98851329414e-06, 3.43772285305e-06, 3.10774930767e-06, 6.68586096708e-07, 6.05351502259e-08, 9.82662626825e-08, 1.25372807247e-07, 7.63591785358e-08, 1.97474