{"tonal": {"thpcp": [1, 0.515647411346, 0.210558578372, 0.151437982917, 0.151619777083, 0.194897681475, 0.211207911372, 0.190453842282, 0.235588103533, 0.232340812683, 0.165418297052, 0.18364199996, 0.209227919579, 0.183565750718, 0.284164398909, 0.367459982634, 0.259114950895, 0.16867376864, 0.164656728506, 0.23232267797, 0.433339685202, 0.494023233652, 0.575277745724, 0.706573367119, 0.399639815092, 0.107369624078, 0.105523042381, 0.112300075591, 0.122290715575, 0.209185302258, 0.269049286842, 0.229285269976, 0.215514689684, 0.245131909847, 0.452404946089, 0.940284848213], "hpcp": {"dmean2": [0.397631406784, 0.368063151836, 0.316794097424, 0.193965137005, 0.148041963577, 0.142361015081, 0.13929989934, 0.143043786287, 0.159044891596, 0.178458705544, 0.165181189775, 0.135662034154, 0.143901348114, 0.151211678982, 0.145966634154, 0.177114516497, 0.207033231854, 0.191974684596, 0.159032285213, 0.159298464656, 0.18601500988, 0.245518326759, 0.250548154116, 0.25730535388, 0.28148829937, 0.186511054635, 0.100171640515, 0.0910417363048, 0.0965018123388, 0.113117963076, 0.15133741498, 0.182065397501, 0.186000317335, 0.203343525529, 0.228192791343, 0.331930994987], "median": [0.16739371419, 0.190011531115, 0.0631357058883, 0.00816487707198, 0.00258773798123, 0.00322071928531, 0.00618012994528, 0.00797001365572, 0.00931198429316, 0.00816186890006, 0.00764188263565, 0.00621220469475, 0.0066261170432, 0.00714534055442, 0.0079303830862, 0.00982940662652, 0.0126503845677, 0.0110337156802, 0.00536241475493, 0.00394637044519, 0.0135624790564, 0.0394615978003, 0.0432282499969, 0.0719155520201, 0.0351535826921, 0.0211631134152, 0.00192619417794, 0.00177096016705, 0.00158572918735, 0.00225360458717, 0.00372139154933, 0.00471722567454, 0.00523853255436, 0.004708933644, 0.00708651263267, 0.0452528521419], "min": [0, 0, 0, 0, 0, 0, 0, 0, 0, 0, 0, 0, 0, 0, 0, 0, 0, 0, 0, 0, 0, 0, 0, 0, 0, 0, 0, 0, 0, 0, 0, 0, 0, 0, 0, 0], "dvar2": [0.185080066323, 0.166418015957, 0.152401030064, 0.102729804814, 0.0863505080342, 0.0894230008125, 0.0763556584716, 0.0781577080488, 0.0941203683615, 0.104790143669, 0.0923269465566, 0.0738316997886, 0.0839931666851, 0.086684897542, 0.0750434175134, 0.0896548479795, 0.112382657826, 0.106680817902, 0.091942191124, 0.0972232744098, 0.102093942463, 0.131193816662, 0.136614412069, 0.113467775285, 0.159988999367, 0.0884404107928, 0.0589822009206, 0.0506275333464, 0.0574981048703, 0.069184243679, 0.0904072374105, 0.113633580506, 0.113780759275, 0.13817293942, 0.138186976314, 0.171694070101], "dvar": [0.0757346153259, 0.0684718713164, 0.0567399337888, 0.0370935611427, 0.0313209183514, 0.0316965170205, 0.0282668042928, 0.0285514965653, 0.0327771604061, 0.0389581695199, 0.0353503152728, 0.026272777468, 0.0307473056018, 0.0320913605392, 0.0272218268365, 0.0363452918828, 0.0495432242751, 0.0392988622189, 0.0324876904488, 0.0345119126141, 0.0373034104705, 0.0505705401301, 0.0564453750849, 0.0438293665648, 0.0684939175844, 0.0331699699163, 0.0205836184323, 0.0178378466517, 0.0205186344683, 0.0243934970349, 0.0344529189169, 0.0435756258667, 0.0409033596516, 0.0494588762522, 0.0494930520654, 0.0626462325454], "dmean": [0.226138487458, 0.212382048368, 0.17941467464, 0.105674497783, 0.0796403512359, 0.0765728205442, 0.0770880654454, 0.079612031579, 0.0865789353848, 0.098750680685, 0.0927682816982, 0.0744496956468, 0.0793519020081, 0.0833351910114, 0.081046320498, 0.101664960384, 0.118869505823, 0.107942521572, 0.0856826752424, 0.085337460041, 0.102746836841, 0.140980198979, 0.142836779356, 0.147565215826, 0.160886615515, 0.105669610202, 0.0540810078382, 0.0493776872754, 0.0520210638642, 0.0613582916558, 0.08463101089, 0.100041083992, 0.101574756205, 0.109039887786, 0.123594231904, 0.183691978455], "max": [1, 1, 1, 1, 1, 1, 1, 1, 1, 1, 1, 1, 1, 1, 1, 1, 1, 1, 1, 1, 1, 1, 1, 1, 1, 1, 1, 1, 1, 1, 1, 1, 1, 1, 1, 1], "var": [0.139323830605, 0.144204065204, 0.0686922222376, 0.0285461079329, 0.0231981147081, 0.0232203882188, 0.0298662893474, 0.0324326232076, 0.0255535021424, 0.0378274992108, 0.0371416024864, 0.0208511687815, 0.0270143300295, 0.0348008498549, 0.0236238054931, 0.0462817512453, 0.0715574100614, 0.0361057147384, 0.0236118268222, 0.0247377138585, 0.0338797606528, 0.0661235079169, 0.0872323289514, 0.0645833089948, 0.141173049808, 0.0467517338693, 0.0147877763957, 0.0144570115954, 0.0176008995622, 0.0181176420301, 0.036377619952, 0.0533506087959, 0.0363140776753, 0.0383043326437, 0.0387211404741, 0.060900695622], "mean": [0.343389034271, 0.365196824074, 0.188312798738, 0.076895326376, 0.055304672569, 0.0553710609674, 0.0711760148406, 0.0771324560046, 0.0695531368256, 0.0860360264778, 0.0848501250148, 0.0604102350771, 0.0670654773712, 0.0764093697071, 0.0670376271009, 0.103775940835, 0.134195223451, 0.0946279540658, 0.061599124223, 0.0601321160793, 0.0848435014486, 0.158254280686, 0.180415719748, 0.210089609027, 0.258038341999, 0.145947188139, 0.0392110459507, 0.0385366789997, 0.0410116314888, 0.0446601808071, 0.0763938054442, 0.0982559397817, 0.0837342515588, 0.0787052810192, 0.0895213931799, 0.165216848254]}, "tuning_equal_tempered_deviation": 0.222155943513, "chords_changes_rate": 0.0508333332837, "key_key": "A", "tuning_diatonic_strength": 0.612638354301, "key_scale": "minor", "chords_number_rate": 0.00111111113802, "tuning_frequency": 434.193115234, "tuning_nontempered_energy_ratio": 0.893066346645, "chords_histogram": [17.25, 0.902777791023, 1.23611116409, 2.79166674614, 0.291666656733, 1.77777779102, 1.90277779102, 39.4027786255, 0.152777776122, 0.527777791023, 0.0277777779847, 0, 0, 0, 0.25, 0.208333328366, 0.194444447756, 0.347222208977, 0.402777791023, 0, 0, 0.138888895512, 22.8472213745, 9.34722232819], "key_strength": 0.734038710594, "chords_key": "A", "chords_strength": {"dmean2": 0.0118391979486, "median": 0.577049970627, "min": -1, "dvar2": 0.000574069214053, "dvar": 0.000340497761499, "dmean": 0.0105475252494, "max": 0.811844825745, "var": 0.0182388033718, "mean": 0.557873785496}, "chords_scale": "major", "hpcp_entropy": {"dmean2": 1.12905430794, "median": 2.14206171036, "min": 0, "dvar2": 0.81630730629, "dvar": 0.295894891024, "dmean": 0.67091190815, "max": 4.43860435486, "var": 0.576956450939, "mean": 2.15113687515}}, "metadata": {"audio_properties": {"equal_loudness": 0, "codec": "mp3", "downmix": "mix", "sample_rate": 44100, "analysis_sample_rate": 44100, "bit_rate": 192015, "md5_encoded": "1cbf1fece4296560cf0eb34c147100cd", "length": 334.315093994, "replay_gain": -9.4213886261, "lossless": false}, "version": {"essentia_build_sha": "2d9f1f26377add8aeb1075a9c2973f962c4f09fd", "essentia": "2.1-beta2", "extractor": "music 1.0", "essentia_git_sha": "v2.1_beta2-1-ge3940c0"}, "tags": {"title": ["Babylon Insight"], "barcode": ["0826596013114"], "media": ["CD"], "albumartist": ["Dubphonic"], "musicbrainz_recordingid": ["112ccfef-9ec8-47c8-b35d-4ddfe4e1fe75"], "mood": ["Chill"], "musicbrainz_albumartistid": ["c4874baa-b052-4b11-ab57-140c552f6e39"], "originalyear": ["2003"], "discnumber": ["1/1"], "album": ["Smoke Signals"], "catalognumber": ["BASSCD017"], "contentgroup": ["Trip-Hop"], "musicbrainz album type": ["album"], "musicbrainz album status": ["official"], "file_name": "08 - Babylon Insight.mp3", "originaldate": ["2003-10"], "date": ["2003-10"], "genre": ["Reggae", "Dub"], "musicbrainz album release country": ["FR"], "musicbrainz_releasegroupid": ["d4166e86-ded4-3e48-be95-d5129d092ae4"], "musicbrainz_artistid": ["c4874baa-b052-4b11-ab57-140c552f6e39"], "asin": ["B0000C9ZT6"], "musicbrainz_albumid": ["7e0d01ba-a01d-4bf3-883a-429189548a01"], "artist": ["Dubphonic"], "artistsort": ["Dubphonic"], "tracknumber": ["8/9"], "label": ["Hammerbass"], "albumartistsort": ["Dubphonic"], "acoustid_id": ["4e0ff64c-4c65-4120-a2e1-078fad28e6ff"], "script": ["Latn"]}}, "rhythm": {"bpm_histogram_first_peak_bpm": {"dmean2": 0, "median": 133, "min": 133, "dvar2": 0, "dvar": 0, "dmean": 0, "max": 133, "var": 0, "mean": 133}, "bpm": 133.02696228, "bpm_histogram_second_peak_spread": {"dmean2": 0, "median": 0.5, "min": 0.5, "dvar2": 0, "dvar": 0, "dmean": 0, "max": 0.5, "var": 0, "mean": 0.5}, "bpm_histogram_first_peak_weight": {"dmean2": 0, "median": 0.703252017498, "min": 0.703252017498, "dvar2": 0, "dvar": 0, "dmean": 0, "max": 0.703252017498, "var": 0, "mean": 0.703252017498}, "onset_rate": 4.25325059891, "beats_position": [0.476009070873, 0.940408170223, 1.39319729805, 1.8575963974, 2.31038546562, 2.76317453384, 3.21596360207, 3.66875267029, 4.12154197693, 4.57433080673, 5.02712011337, 5.47990942001, 5.93269824982, 6.38548755646, 6.82666635513, 7.27945566177, 7.73224496841, 8.18503379822, 8.63782310486, 9.07900238037, 9.53179073334, 9.98458003998, 10.4373693466, 10.8901586533, 11.3313379288, 11.7725172043, 12.2253055573, 12.6780948639, 13.1308841705, 13.5952835083, 14.0480718613, 14.4892511368, 14.9304304123, 15.3716096878, 15.8243989944, 16.2771873474, 16.7299766541, 17.1827659607, 17.6355552673, 18.088344574, 18.5411338806, 18.9939231873, 19.4351024628, 19.8878898621, 20.3406791687, 20.7934684753, 21.246257782, 21.6874370575, 22.1402263641, 22.5930156708, 23.0458049774, 23.4985942841, 23.9513835907, 24.40417099, 24.8569602966, 25.3213596344, 25.774148941, 26.2153282166, 26.6565074921, 27.1092967987, 27.5620861053, 28.014875412, 28.4676647186, 28.9088420868, 29.3616313934, 29.8144207001, 30.2672100067, 30.7199993134, 31.17278862, 31.6255779266, 32.0667572021, 32.5311546326, 32.9839439392, 33.4251251221, 33.8779144287, 34.3307037354, 34.783493042, 35.2478904724, 35.7006797791, 36.1534690857, 36.5946464539, 37.0358276367, 37.4886169434, 37.94140625, 38.3941955566, 38.8469848633, 39.2997741699, 39.7409515381, 40.1821289063, 40.6233100891, 41.0760993958, 41.5288887024, 41.981678009, 42.4344673157, 42.8872566223, 43.340045929, 43.7928352356, 44.257232666, 44.6984100342, 45.1511993408, 45.6039886475, 46.0451698303, 46.497959137, 46.9507484436, 47.4035377502, 47.8563270569, 48.3207244873, 48.7619056702, 49.2146911621, 49.6674804688, 50.1202697754, 50.573059082, 51.0258483887, 51.4786376953, 51.9198188782, 52.3726081848, 52.8253974915, 53.2781867981, 53.73097229, 54.1837615967, 54.6365509033, 55.0777320862, 55.5305213928, 55.9833106995, 56.4361000061, 56.8888893127, 57.3532867432, 57.794467926, 58.247253418, 58.7000427246, 59.1412239075, 59.5940132141, 60.0468025208, 60.4879798889, 60.9407691956, 61.3935585022, 61.8463478088, 62.2991371155, 62.7519264221, 63.2047157288, 63.6575050354, 64.1102905273, 64.563079834, 65.0158691406, 65.4686584473, 65.9214477539, 66.3626327515, 66.8038101196, 67.2565994263, 67.7093887329, 68.1737823486, 68.6149673462, 69.0677566528, 69.5205459595, 69.9617233276, 70.4261245728, 70.8789138794, 71.3316955566, 71.7844848633, 72.2372741699, 72.6784591675, 73.1312484741, 73.5840377808, 74.0252151489, 74.4663925171, 74.9075698853, 75.3603591919, 75.824760437, 76.2775497437, 76.7303390503, 77.1831283569, 77.6359176636, 78.0887069702, 78.5414962769, 78.9942855835, 79.4470748901, 79.8998641968, 80.3410415649, 80.7938308716, 81.2466201782, 81.6994094849, 82.1521987915, 82.6049880981, 83.0577774048, 83.5105667114, 83.9633560181, 84.4045333862, 84.8573226929, 85.3101119995, 85.7512893677, 86.2040786743, 86.656867981, 87.1096572876, 87.5624465942, 88.0152359009, 88.4680252075, 88.9208145142, 89.3736038208, 89.8263931274, 90.2791824341, 90.7319717407, 91.1731491089, 91.6259384155, 92.0787277222, 92.5315170288, 92.972694397, 93.4254837036, 93.8782730103, 94.3194503784, 94.7722396851, 95.2250289917, 95.6894302368, 96.1422195435, 96.5950088501, 97.0361862183, 97.4889755249, 97.9417648315, 98.3829498291, 98.8357315063, 99.288520813, 99.7529220581, 100.194099426, 100.635284424, 101.09967804, 101.552467346, 102.005256653, 102.44644165, 102.899223328, 103.352012634, 103.793197632, 104.245986938, 104.698776245, 105.151565552, 105.604354858, 106.057144165, 106.509933472, 106.962722778, 107.415504456, 107.868293762, 108.321083069, 108.773872375, 109.226661682, 109.66784668, 110.109024048, 110.573425293, 111.014602661, 111.467391968, 111.920181274, 112.372970581, 112.825759888, 113.278549194, 113.731338501, 114.184127808, 114.636917114, 115.078094482, 115.542495728, 116.006889343, 116.448066711, 116.889251709, 117.342041016, 117.794830322, 118.23600769, 118.688796997, 119.141586304, 119.59437561, 120.047164917, 120.488342285, 120.941131592, 121.393920898, 121.846710205, 122.299499512, 122.752288818, 123.205078125, 123.646255493, 124.0990448, 124.551834106, 125.004623413, 125.45741272, 125.910202026, 126.362991333, 126.827392578, 127.268569946, 127.709747314, 128.162536621, 128.615325928, 129.068115234, 129.520904541, 129.985305786, 130.426483154, 130.867660522, 131.308837891, 131.750015259, 132.202804565, 132.655593872, 133.119995117, 133.572784424, 134.02557373, 134.489974976, 134.942764282, 135.38394165, 135.836730957, 136.289520264, 136.74230957, 137.195098877, 137.647888184, 138.10067749, 138.553466797, 139.017868042, 139.482269287, 139.923446655, 140.376235962, 140.81741333, 141.258590698, 141.711380005, 142.152557373, 142.60534668, 143.058135986, 143.510925293, 143.9637146, 144.416503906, 144.869293213, 145.310470581, 145.763259888, 146.216049194, 146.668838501, 147.121627808, 147.562805176, 148.003982544, 148.456771851, 148.909561157, 149.362350464, 149.815139771, 150.267929077, 150.720718384, 151.161895752, 151.614685059, 152.067474365, 152.520263672, 152.973052979, 153.425842285, 153.878631592, 154.331420898, 154.784210205, 155.225387573, 155.67817688, 156.130966187, 156.583755493, 157.0365448, 157.489334106, 157.942123413, 158.383300781, 158.836090088, 159.288879395, 159.741668701, 160.194458008, 160.635650635, 161.088439941, 161.541213989, 161.994003296, 162.446792603, 162.899581909, 163.352371216, 163.805160522, 164.257949829, 164.710739136, 165.163528442, 165.604721069, 166.045898438, 166.498687744, 166.951477051, 167.404266357, 167.857055664, 168.309844971, 168.762634277, 169.215423584, 169.668212891, 170.109390259, 170.573776245, 171.014968872, 171.467758179, 171.920547485, 172.373336792, 172.826126099, 173.267303467, 173.720092773, 174.17288208, 174.625671387, 175.078460693, 175.54284668, 175.984039307, 176.436828613, 176.88961792, 177.342407227, 177.795196533, 178.236373901, 178.67755127, 179.130340576, 179.583129883, 180.035919189, 180.488708496, 180.941497803, 181.394287109, 181.835464478, 182.288253784, 182.741043091, 183.193832397, 183.646621704, 184.099411011, 184.552200317, 184.993377686, 185.446166992, 185.898956299, 186.351745605, 186.804534912, 187.268936157, 187.710113525, 188.162902832, 188.615692139, 189.068481445, 189.521270752, 189.974060059, 190.426849365, 190.868026733, 191.32081604, 191.773605347, 192.226394653, 192.67918396, 193.120361328, 193.584762573, 194.025939941, 194.478729248, 194.931518555, 195.372695923, 195.837097168, 196.289886475, 196.742675781, 197.195465088, 197.648254395, 198.089431763, 198.530609131, 198.983398438, 199.436187744, 199.888977051, 200.341766357, 200.794555664, 201.247344971, 201.700134277, 202.152923584, 202.605712891, 203.058502197, 203.499679565, 203.964080811, 204.416870117, 204.869659424, 205.310836792, 205.75201416, 206.193191528, 206.645980835, 207.098770142, 207.551559448, 208.004348755, 208.457138062, 208.909927368, 209.362716675, 209.815505981, 210.268295288, 210.721084595, 211.173873901, 211.626663208, 212.067840576, 212.520629883, 212.973419189, 213.426208496, 213.878997803, 214.331787109, 214.784576416, 215.237365723, 215.690155029, 216.131332397, 216.572509766, 217.025299072, 217.478088379, 217.930877686, 218.383666992, 218.82484436, 219.277633667, 219.730422974, 220.18321228, 220.636001587, 221.100402832, 221.5415802, 221.994369507, 222.447158813, 222.89994812, 223.352737427, 223.817138672, 224.25831604, 224.699493408, 225.152282715, 225.605072021, 226.057861328, 226.510650635, 226.963439941, 227.427841187, 227.892242432, 228.345031738, 228.797821045, 229.250610352, 229.703399658, 230.156188965, 230.597366333, 231.05015564, 231.502944946, 231.944122314, 232.385299683, 232.826477051, 233.279266357, 233.732055664, 234.184844971, 234.626022339, 235.078811646, 235.531600952, 235.984390259, 236.425567627, 236.878356934, 237.33114624, 237.783935547, 238.236724854, 238.68951416, 239.142303467, 239.583480835, 240.036270142, 240.489059448, 240.941848755, 241.394638062, 241.835830688, 242.300216675, 242.753005981, 243.205795288, 243.646972656, 244.111373901, 244.55255127, 244.993743896, 245.458129883, 245.910919189, 246.352111816, 246.804885864, 247.257675171, 247.710464478, 248.163253784, 248.616043091, 249.057235718, 249.510025024, 249.962814331, 250.415603638, 250.868392944, 251.321166992, 251.773956299, 252.215148926, 252.679534912, 253.132324219, 253.585113525, 254.026306152, 254.479095459, 254.931884766, 255.373062134, 255.82585144, 256.278625488, 256.731414795, 257.184204102, 257.625396729, 258.078186035, 258.530975342, 258.983764648, 259.436553955, 259.889343262, 260.342132568, 260.794921875, 261.247711182, 261.688873291, 262.141662598, 262.594451904, 263.058868408, 263.511657715, 263.964447021, 264.405609131, 264.858398438, 265.311187744, 265.763977051, 266.205169678, 266.657958984, 267.110748291, 267.563537598, 268.004699707, 268.457489014, 268.91027832, 269.363067627, 269.815856934, 270.26864624, 270.721435547, 271.162628174, 271.61541748, 272.079803467, 272.532592773, 272.9737854, 273.41494751, 273.879364014, 274.33215332, 274.784942627, 275.226104736, 275.678894043, 276.13168335, 276.584472656, 277.037261963, 277.49005127, 277.942840576, 278.384033203, 278.825195313, 279.289611816, 279.742401123, 280.19519043, 280.636352539, 281.100769043, 281.55355835, 282.006347656, 282.447509766, 282.900299072, 283.353088379, 283.805877686, 284.258666992, 284.711456299, 285.152648926, 285.605438232, 286.046630859, 286.511016846, 286.963806152, 287.416595459, 287.857757568, 288.310546875, 288.763336182, 289.216125488, 289.668914795, 290.133331299, 290.574493408, 291.015686035, 291.468475342, 291.921264648, 292.374053955, 292.826843262, 293.268035889, 293.720825195, 294.173614502, 294.626403809, 295.079193115, 295.531982422, 295.984771729, 296.437530518, 296.890319824, 297.343109131, 297.795898438, 298.248687744, 298.701477051, 299.142669678, 299.595458984, 300.048248291, 300.501037598, 300.953826904, 301.395019531, 301.847808838, 302.300598145, 302.753387451, 303.206176758, 303.658966064, 304.111755371, 304.55291748, 305.005706787, 305.458496094, 305.899688721, 306.352478027, 306.805267334, 307.258056641, 307.710845947, 308.175231934, 308.616424561, 309.05758667, 309.510375977, 309.97479248, 310.427581787, 310.868743896, 311.321533203, 311.77432251, 312.215515137, 312.668304443, 313.109466553, 313.562255859, 314.026672363, 314.47946167, 314.932250977, 315.385040283, 315.83782959, 316.278991699, 316.720184326, 317.184570313, 317.648986816, 318.090148926, 318.531341553, 318.995727539, 319.448516846, 319.901306152, 320.342498779, 320.783660889, 321.236450195, 321.689239502, 322.142028809, 322.594818115, 323.059234619, 323.500396729, 323.941589355, 324.405975342, 324.858764648, 325.311553955, 325.752746582, 326.205535889, 326.658325195, 327.111114502, 327.563903809, 328.016693115, 328.457855225, 328.910644531, 329.351837158, 329.792999268, 330.280639648, 330.756652832, 331.232635498, 331.720275879, 332.207885742, 332.718719482, 333.229553223, 333.728790283], "beats_loudness": {"dmean2": 0.0747068524361, "median": 0.0656098350883, "min": 0, "dvar2": 0.0038648264017, "dvar": 0.00150861800648, "dmean": 0.0431942939758, "max": 0.249524176121, "var": 0.00247733271681, "mean": 0.0678781270981}, "danceability": 1.09585535526, "bpm_histogram_second_peak_weight": {"dmean2": 0, "median": 0.00406504049897, "min": 0.00406504049897, "dvar2": 0, "dvar": 0, "dmean": 0, "max": 0.00406504049897, "var": 0, "mean": 0.00406504049897}, "beats_count": 739, "bpm_histogram_second_peak_bpm": {"dmean2": 0, "median": 123, "min": 123, "dvar2": 0, "dvar": 0, "dmean": 0, "max": 123, "var": 0, "mean": 123}, "bpm_histogram_first_peak_spread": {"dmean2": 0, "median": 0.289041101933, "min": 0.289041101933, "dvar2": 0, "dvar": 0, "dmean": 0, "max": 0.289041101933, "var": 0, "mean": 0.289041101933}, "beats_loudness_band_ratio": {"dmean2": [0.392296761274, 0.364228546619, 0.142985120416, 0.0952855274081, 0.0980260297656, 0.0331621877849], "median": [0.707690119743, 0.196308016777, 0.0261219777167, 0.0129822520539, 0.0054058288224, 0.00353540270589], "min": [0, 0, 0, 0, 0, 0], "dvar2": [0.13845141232, 0.104149125516, 0.0438136979938, 0.0249543394893, 0.0398218221962, 0.00578473927453], "dvar": [0.0558390952647, 0.0405936986208, 0.0158978458494, 0.00869403872639, 0.0132734384388, 0.00209697941318], "dmean": [0.22564715147, 0.205599009991, 0.0797939524055, 0.0534827448428, 0.0521345511079, 0.0180650111288], "max": [0.998551845551, 0.973641991615, 0.864576280117, 0.963240504265, 0.872282207012, 0.486344158649], "var": [0.110492818058, 0.0669135227799, 0.0166549161077, 0.010557403788, 0.0089945346117, 0.00135930383112], "mean": [0.593054592609, 0.281621545553, 0.076501019299, 0.0536845996976, 0.0361209474504, 0.0129233952612]}}, "lowlevel": {"barkbands_spread": {"dmean2": 5.53205537796, "median": 3.9276843071, "min": 0.120675139129, "dvar2": 95.2192993164, "dvar": 39.5703086853, "dmean": 3.43710446358, "max": 98.2867202759, "var": 75.2980422974, "mean": 6.93466234207}, "melbands_spread": {"dmean2": 6.404337883, "median": 3.57042837143, "min": 0.114702910185, "dvar2": 158.482330322, "dvar": 62.8930702209, "dmean": 3.92613267899, "max": 157.243301392, "var": 200.72567749, "mean": 8.12839412689}, "hfc": {"dmean2": 8.99384975433, "median": 6.71787834167, "min": 1.07406351898e-16, "dvar2": 441.121948242, "dvar": 164.373199463, "dmean": 5.47394418716, "max": 181.738571167, "var": 184.253829956, "mean": 10.0804843903}, "barkbands_kurtosis": {"dmean2": 27.5164813995, "median": 10.480553627, "min": -1.94558560848, "dvar2": 3926.58813477, "dvar": 1349.52929688, "dmean": 16.6372241974, "max": 1083.06311035, "var": 2095.45239258, "mean": 24.8916606903}, "gfcc": {"mean": [-129.027481079, 154.434661865, -77.170753479, 14.0258083344, -32.91355896, 0.238332629204, -26.5480422974, -7.88797521591, -16.1993217468, -11.7526865005, -11.9051160812, 0.718199312687, -1.11160969734], "icov": [[8.26280374895e-05, -0.000109444466943, 4.03714548156e-05, -0.000136099595693, 9.95636364678e-05, -0.000124866259284, 0.000120668693853, -0.000120080658235, 7.70776096033e-05, -0.000249692006037, 0.000340592523571, -0.000158281764016, 0.000177889611223], [-0.000109444466943, 0.00128252513241, -0.000173254404217, 0.000628874578979, -0.000611692259554, 0.000680491386447, -0.000847242539749, 0.000723950332031, -0.00106687261723, 0.00193648540881, -0.0019490091363, 0.00180503353477, -0.000976535666268], [4.03714548156e-05, -0.000173254404217, 0.000627517001703, -0.000309918425046, 7.4260378824e-06, -0.000501126574818, 1.6668198441e-05, -0.000267355237156, 0.000288197537884, -0.000329548143782, 0.000249768665526, -0.000723521108739, 0.000901415827684], [-0.000136099595693, 0.000628874578979, -0.000309918425046, 0.00142844580114, -0.000477870227769, 9.33462943067e-05, -0.00071612955071, 0.00057223753538, -0.000827506475616, 0.00108130893204, -0.00101052410901, 0.00110873079393, -0.000705052982084], [9.95636364678e-05, -0.000611692259554, 7.4260378824e-06, -0.000477870227769, 0.00186743366066, -0.000509267731104, 0.00021625708905, -0.000462621013867, 0.000259794585872, -0.000371839647414, 0.000960120349191, -0.000615953817032, -3.30416551151e-05], [-0.000124866259284, 0.000680491386447, -0.000501126574818, 9.33462943067e-05, -0.000509267731104, 0.00329397199675, -0.00119441736024, 0.000274868129054, -0.00136887002736, 0.00155673583504, -0.000519230263308, -0.000552115961909, 0.00032736430876], [0.000120668693853, -0.000847242539749, 1.6668198441e-05, -0.00071612955071, 0.00021625708905, -0.00119441736024, 0.00466585299, -0.00181775575038, 3.29339018208e-05, -0.00141878705472, -5.8227138652e-05, 0.000763967924286, -0.000404146208894], [-0.000120080658235, 0.000723950332031, -0.000267355237156, 0.00057223753538, -0.000462621013867, 0.000274868129054, -0.00181775575038, 0.00627282168716, -0.00210151285864, 9.66651100498e-07, 0.000123757403344, -0.00105796812568, 0.000818168104161], [7.70776096033e-05, -0.00106687261723, 0.000288197537884, -0.000827506475616, 0.000259794585872, -0.00136887002736, 3.29339018208e-05, -0.00210151285864, 0.00707809254527, -0.00391435902566, 0.000668291992042, 0.000565405702218, -0.000259535212535], [-0.000249692006037, 0.00193648540881, -0.000329548143782, 0.00108130893204, -0.000371839647414, 0.00155673583504, -0.00141878705472, 9.66651100498e-07, -0.00391435902566, 0.0111065590754, -0.00492951693013, 0.00147205591202, -0.00038536512875], [0.000340592523571, -0.0019490091363, 0.000249768665526, -0.00101052410901, 0.000960120349191, -0.000519230263308, -5.8227138652e-05, 0.000123757403344, 0.000668291992042, -0.00492951693013, 0.0137676205486, -0.00491732126102, 8.59170468175e-05], [-0.000158281764016, 0.00180503353477, -0.000723521108739, 0.00110873079393, -0.000615953817032, -0.000552115961909, 0.000763967924286, -0.00105796812568, 0.000565405702218, 0.00147205591202, -0.00491732126102, 0.0129220914096, -0.0043405755423], [0.000177889611223, -0.000976535666268, 0.000901415827684, -0.000705052982084, -3.30416551151e-05, 0.00032736430876, -0.000404146208894, 0.000818168104161, -0.000259535212535, -0.00038536512875, 8.59170468175e-05, -0.0043405755423, 0.0122236413881]], "cov": [[17913.9082031, -880.156311035, 898.652587891, 1516.06469727, -328.947174072, 872.823730469, 50.5492782593, 445.502044678, 275.201141357, 241.481903076, -331.026184082, 40.65883255, -332.030029297], [-880.156311035, 2738.49682617, -623.356872559, -363.680450439, 422.380004883, -386.531433105, 257.611480713, -231.174926758, 142.528503418, -209.918640137, 168.938598633, -282.818145752, 186.853759766], [898.652587891, -623.356872559, 2947.77661133, 819.632995605, 248.517333984, 749.920898438, 252.840789795, 291.875274658, 118.834793091, 79.7931137085, -13.853966713, 158.132766724, -202.281341553], [1516.06469727, -363.680450439, 819.632995605, 1369.00976563, 236.098678589, 392.029052734, 240.327926636, 112.427482605, 170.534072876, 29.7103595734, -4.15083932877, -4.77365350723, -39.1447906494], [-328.947174072, 422.380004883, 248.517333984, 236.098678589, 754.589416504, 136.719085693, 127.900238037, 38.4183158875, 73.0678939819, -41.3275032043, 8.56857585907, -17.9066448212, 27.6873245239], [872.823730469, -386.531433105, 749.920898438, 392.029052734, 136.719085693, 642.604553223, 173.02947998, 151.693267822, 121.934516907, 31.8809890747, -15.7084875107, 71.2298049927, -68.5464324951], [50.5492782593, 257.611480713, 252.840789795, 240.327926636, 127.900238037, 173.02947998, 399.768859863, 117.676300049, 142.138290405, 45.7123069763, 43.614906311, -34.4738998413, 8.02496337891], [445.502044678, -231.174926758, 291.875274658, 112.427482605, 38.4183158875, 151.693267822, 117.676300049, 274.617034912, 105.832626343, 71.6345291138, -4.49300336838, 40.5086288452, -39.5184135437], [275.201141357, 142.528503418, 118.834793091, 170.534072876, 73.0678939819, 121.934516907, 142.138290405, 105.832626343, 272.678649902, 85.1242828369, 31.4071464539, -24.3648262024, 2.60279655457], [241.481903076, -209.918640137, 79.7931137085, 29.7103595734, -41.3275032043, 31.8809890747, 45.7123069763, 71.6345291138, 85.1242828369, 173.472229004, 34.4948997498, 21.7037563324, -13.9631414413], [-331.026184082, 168.938598633, -13.853966713, -4.15083932877, 8.56857585907, -15.7084875107, 43.614906311, -4.49300336838, 31.4071464539, 34.4948997498, 121.264770508, 19.315908432, 29.0435962677], [40.65883255, -282.818145752, 158.132766724, -4.77365350723, -17.9066448212, 71.2298049927, -34.4738998413, 40.5086288452, -24.3648262024, 21.7037563324, 19.315908432, 143.524124146, 10.0664834976], [-332.030029297, 186.853759766, -202.281341553, -39.1447906494, 27.6873245239, -68.5464324951, 8.02496337891, -39.5184135437, 2.60279655457, -13.9631414413, 29.0435962677, 10.0664834976, 122.0338974]]}, "spectral_energyband_middle_low": {"dmean2": 0.0139149818569, "median": 0.00796808023006, "min": 1.45835036852e-22, "dvar2": 0.000854921410792, "dvar": 0.000308383081574, "dmean": 0.00834864191711, "max": 0.268981158733, "var": 0.000353554351022, "mean": 0.0147774163634}, "melbands_crest": {"dmean2": 6.37939882278, "median": 17.9140262604, "min": 1.64880883694, "dvar2": 31.298828125, "dvar": 12.6866884232, "dmean": 3.86345648766, "max": 37.420627594, "var": 42.5741767883, "mean": 18.5262966156}, "spectral_kurtosis": {"dmean2": 17.9885749817, "median": 15.0519390106, "min": -1.28290891647, "dvar2": 555.61114502, "dvar": 230.78352356, "dmean": 11.3151025772, "max": 295.583465576, "var": 692.109741211, "mean": 23.8087329865}, "spectral_rms": {"dmean2": 0.00218988279812, "median": 0.00648266263306, "min": 3.12356520857e-12, "dvar2": 7.78256617195e-06, "dvar": 3.193867542e-06, "dmean": 0.00138818856794, "max": 0.019150853157, "var": 1.13730138764e-05, "mean": 0.0058571305126}, "zerocrossingrate": {"dmean2": 0.00826232135296, "median": 0.01708984375, "min": 0.00146484375, "dvar2": 0.000159429298947, "dvar": 0.000109203858301, "dmean": 0.00652468297631, "max": 0.5302734375, "var": 0.0019679737743, "mean": 0.0264833662659}, "silence_rate_60dB": {"dmean2": 0.0905744284391, "median": 0, "min": 0, "dvar2": 0.0947203189135, "dvar": 0.0432323180139, "dmean": 0.0452840663493, "max": 1, "var": 0.129360973835, "mean": 0.152649492025}, "erbbands_kurtosis": {"dmean2": 6.52178764343, "median": 1.72965550423, "min": -1.87651872635, "dvar2": 93.746307373, "dvar": 39.2542190552, "dmean": 4.03997182846, "max": 150.859008789, "var": 86.1511993408, "mean": 5.06255674362}, "erbbands": {"dmean2": [0.593469023705, 4.34643507004, 10.9507761002, 12.2869367599, 22.30037117, 32.6542739868, 18.6032524109, 17.1624889374, 17.2983531952, 12.9920902252, 14.6261434555, 14.5144281387, 13.2122325897, 17.1404800415, 15.5083932877, 12.8602724075, 4.83508729935, 9.40844535828, 23.7176399231, 18.2511672974, 21.770734787, 14.9712963104, 7.03022050858, 8.82040882111, 2.95094203949, 2.37281560898, 3.33124518394, 2.72577285767, 1.40760028362, 1.26941204071, 0.639367878437, 0.278241962194, 0.266644895077, 0.142511934042, 0.0690760090947, 0.0463475733995, 0.0264828223735, 0.0113585842773, 0.00299307447858, 0.000120802971651], "median": [0.179099604487, 1.9871160984, 3.94071102142, 4.40236759186, 6.76922082901, 7.58524465561, 4.71342134476, 3.55044865608, 2.77362513542, 2.04013800621, 1.75059604645, 1.63110041618, 1.20570290089, 2.22795057297, 2.53402328491, 1.99587738514, 0.525631427765, 0.538061916828, 0.648475468159, 0.636663198471, 0.701173007488, 0.386979073286, 0.200424283743, 0.155776545405, 0.0836633294821, 0.0826487839222, 0.066554762423, 0.0486680343747, 0.0340467654169, 0.0386211499572, 0.0162143427879, 0.0108190672472, 0.00638391450047, 0.00182350003161, 0.000786347896792, 0.000351910712197, 0.000189280355698, 4.96960310556e-05, 3.31564224325e-05, 5.68413088331e-05], "min": [1.00474777496e-22, 9.55116534305e-22, 4.87744947929e-21, 3.49467774101e-21, 1.04524198179e-20, 3.04061156482e-20, 5.18685638741e-20, 8.52116812224e-20, 6.32826191204e-20, 8.5438955558e-20, 3.20937909262e-19, 3.01284718293e-19, 4.38420200314e-19, 8.9272692128e-19, 4.88906393519e-19, 1.00102347503e-18, 1.7902690677e-18, 2.08654158847e-18, 2.08055073288e-18, 2.50203503054e-18, 3.66570920076e-18, 4.80229051759e-18, 4.81838372999e-18, 5.61492019598e-18, 8.43825554429e-18, 7.67619224392e-18, 1.12465957625e-17, 9.40150819479e-18, 8.99101237118e-18, 1.08632298086e-17, 1.1581711444e-17, 8.96533254907e-18, 1.02925595583e-17, 8.08026252853e-18, 6.96154624498e-18, 4.55821433424e-18, 2.35324033439e-18, 1.02905941772e-18, 2.48110627537e-19, 2.70942250316e-20], "dvar2": [1.12270629406, 53.365436554, 600.261047363, 1162.96350098, 2328.89501953, 4171.765625, 1495.78564453, 1255.14257813, 2201.98730469, 1340.00842285, 2473.84619141, 2676.30004883, 3329.01171875, 2435.69555664, 1844.99645996, 1920.78295898, 454.874084473, 2691.78515625, 21578.7597656, 9273.98242188, 13254.4501953, 6205.14257813, 1289.96105957, 2391.04370117, 203.987182617, 164.905761719, 461.249450684, 489.267425537, 112.892295837, 54.5474395752, 15.6865530014, 1.31790053844, 8.48353385925, 1.76310563087, 0.0537884049118, 0.0185238458216, 0.00652508344501, 0.00135326164309, 8.63115055836e-05, 9.3416460345e-08], "dvar": [0.381601631641, 19.5468120575, 221.325531006, 400.212249756, 837.956298828, 1608.10339355, 573.109741211, 482.318969727, 910.105773926, 513.6484375, 988.162475586, 1044.55810547, 1301.70092773, 971.443664551, 786.636169434, 775.41192627, 181.652618408, 1018.18878174, 8322.23730469, 4071.98999023, 5046.84033203, 2291.25463867, 459.612976074, 829.479980469, 77.9543914795, 64.5631484985, 168.51399231, 168.067947388, 38.5778503418, 19.0450077057, 5.35760641098, 0.482534021139, 3.09143066406, 0.62148141861, 0.0227544475347, 0.00879766605794, 0.0030078785494, 0.000602632353548, 4.06801518693e-05, 4.43720971077e-08], "dmean": [0.356088101864, 2.54843235016, 6.53786373138, 7.06516313553, 13.1001558304, 19.772726059, 11.0559997559, 10.2303304672, 10.5472974777, 7.89655160904, 8.86069583893, 8.78428077698, 7.90491867065, 10.369222641, 9.44115066528, 7.94042778015, 2.98835802078, 5.48856115341, 13.8209028244, 10.8156576157, 12.4844932556, 8.51551818848, 3.96855902672, 4.80312156677, 1.71894967556, 1.38352930546, 1.89455807209, 1.49864161015, 0.778367161751, 0.719784379005, 0.362299829721, 0.172411456704, 0.167664200068, 0.0883156061172, 0.0465824306011, 0.0325135216117, 0.0184895750135, 0.00786914862692, 0.00211467966437, 8.35820974316e-05], "max": [5.85307216644, 45.7952919006, 190.643066406, 263.919616699, 521.366577148, 649.686706543, 549.924072266, 526.440551758, 910.606689453, 823.38494873, 1248.1060791, 1527.84521484, 1928.80041504, 871.362060547, 851.401794434, 823.933959961, 632.145507813, 1620.63354492, 3912.60107422, 2632.1887207, 3291.73193359, 1363.70336914, 368.54473877, 454.238861084, 288.710876465, 290.772399902, 512.409912109, 353.5965271, 195.697311401, 152.06010437, 111.42729187, 34.583820343, 179.545791626, 80.2740631104, 11.8706388474, 2.5667181015, 1.11421120167, 0.505400717258, 0.0982978865504, 0.00320586049929], "var": [0.941903710365, 29.4314975739, 293.5206604, 356.796051025, 971.702636719, 2557.93164063, 661.937561035, 661.755493164, 1779.03808594, 910.618103027, 1825.95666504, 2113.24072266, 2310.74145508, 1433.38342285, 1041.57385254, 957.730407715, 218.954544067, 1189.1784668, 8623.55859375, 8535.47265625, 7330.29296875, 2217.09667969, 302.760681152, 486.866851807, 74.8640289307, 74.7792816162, 134.880493164, 99.8628005981, 24.7637577057, 14.1944446564, 3.80751156807, 0.612652420998, 2.7344789505, 0.605568766594, 0.0447934009135, 0.0166313704103, 0.00514877168462, 0.000873930461239, 5.59338222956e-05, 6.2665911571e-08], "mean": [0.639438807964, 3.99400663376, 11.1146631241, 10.7904500961, 18.9126033783, 29.8859081268, 13.9472074509, 12.7853517532, 14.9805402756, 11.5524215698, 12.3809347153, 12.1817588806, 9.47803974152, 12.5648241043, 11.1667966843, 9.2894487381, 3.34645032883, 5.8484287262, 13.8639411926, 13.0338697433, 11.8053627014, 7.46467685699, 3.11857271194, 3.34774065018, 1.5097976923, 1.28594899178, 1.54593169689, 1.11675012112, 0.620175123215, 0.583447635174, 0.307853132486, 0.181283250451, 0.172445312142, 0.0926256254315, 0.0556577257812, 0.0401830226183, 0.0224171690643, 0.00886561721563, 0.00230809138156, 0.000123279110994]}, "spectral_strongpeak": {"dmean2": 0.578400552273, "median": 0.482415437698, "min": 0, "dvar2": 0.83296495676, "dvar": 0.365576446056, "dmean": 0.342811375856, "max": 21.4224948883, "var": 0.843469142914, "mean": 0.668989062309}, "spectral_energy": {"dmean2": 0.0343378223479, "median": 0.0430755354464, "min": 1.00005764473e-20, "dvar2": 0.00295508070849, "dvar": 0.00112203496974, "dmean": 0.0208750162274, "max": 0.37592408061, "var": 0.00187469983939, "mean": 0.0468209274113}, "average_loudness": 0.908272624016, "spectral_rolloff": {"dmean2": 412.550323486, "median": 258.3984375, "min": 43.06640625, "dvar2": 1181352.125, "dvar": 466058.21875, "dmean": 235.785339355, "max": 19638.28125, "var": 2747180.25, "mean": 639.935913086}, "spectral_centroid": {"dmean2": 273.037445068, "median": 366.24130249, "min": 83.7206192017, "dvar2": 228299.34375, "dvar": 99983.2265625, "dmean": 171.536468506, "max": 12406.1679688, "var": 877962.9375, "mean": 577.69152832}, "pitch_salience": {"dmean2": 0.160035520792, "median": 0.503692984581, "min": 0.0293970946223, "dvar2": 0.0224799998105, "dvar": 0.00849642418325, "dmean": 0.0965676382184, "max": 0.977221667767, "var": 0.0234555732459, "mean": 0.496002495289}, "spectral_energyband_middle_high": {"dmean2": 0.00234654569067, "median": 0.000368193956092, "min": 1.25689488232e-21, "dvar2": 5.97869875492e-05, "dvar": 2.22854541789e-05, "dmean": 0.00139332131948, "max": 0.0857493802905, "var": 2.62672983808e-05, "mean": 0.0017781337956}, "spectral_contrast_coeffs": {"dmean2": [0.0913676545024, 0.0908975228667, 0.0671123638749, 0.0511062964797, 0.0406951010227, 0.0403445735574], "median": [-0.617218375206, -0.735461056232, -0.804267823696, -0.824775338173, -0.827776670456, -0.799199998379], "min": [-0.97694426775, -0.978102445602, -0.996179699898, -0.986088275909, -0.967704951763, -0.96411383152], "dvar2": [0.00551935704425, 0.0053185466677, 0.00283038197085, 0.00187214254402, 0.0012602081988, 0.00185526942369], "dvar": [0.00222762208432, 0.00203516311012, 0.00116891146172, 0.000783352123108, 0.000542306283023, 0.000820804445539], "dmean": [0.0568370372057, 0.0553482621908, 0.0416621491313, 0.0320086479187, 0.0258196219802, 0.0257865209132], "max": [-0.22957855463, -0.349384695292, -0.421778440475, -0.43979883194, -0.524549901485, -0.379293650389], "var": [0.0113805262372, 0.00732751516625, 0.00488443532959, 0.00336208986118, 0.00223718374036, 0.00357073266059], "mean": [-0.60886245966, -0.728318274021, -0.791113197803, -0.814203798771, -0.818893313408, -0.793289124966]}, "melbands_skewness": {"dmean2": 2.17282342911, "median": 2.92353463173, "min": -2.89596295357, "dvar2": 6.16332387924, "dvar": 2.50001573563, "dmean": 1.36909282207, "max": 35.2206840515, "var": 7.66367149353, "mean": 3.51732563972}, "spectral_spread": {"dmean2": 1263598.125, "median": 2530632.5, "min": 353241.65625, "dvar2": 2730927325180.0, "dvar": 1341003792380.0, "dmean": 856577.375, "max": 42714320, "var": 12871708704800.0, "mean": 3322079.5}, "dissonance": {"dmean2": 0.0620425380766, "median": 0.433114796877, "min": 0.111232280731, "dvar2": 0.00312127172947, "dvar": 0.00118374777958, "dmean": 0.0375348180532, "max": 0.500000119209, "var": 0.0031834251713, "mean": 0.420563846827}, "spectral_skewness": {"dmean2": 1.34293091297, "median": 3.04222679138, "min": -0.145959064364, "dvar2": 1.93052709103, "dvar": 0.810707747936, "dmean": 0.856367409229, "max": 13.7774009705, "var": 2.92675209045, "mean": 3.33105158806}, "spectral_flux": {"dmean2": 0.0620820894837, "median": 0.0752018019557, "min": 6.28501348188e-11, "dvar2": 0.00579341407865, "dvar": 0.00276752444915, "dmean": 0.0397370196879, "max": 0.589553952217, "var": 0.00565571710467, "mean": 0.0941582322121}, "spectral_contrast_valleys": {"dmean2": [0.782999098301, 0.838331580162, 0.745668292046, 0.727049946785, 0.692147195339, 0.744432032108], "median": [-6.72658443451, -7.26140737534, -7.98391532898, -8.90256404877, -9.33537387848, -12.3122167587], "min": [-28.2165184021, -28.2766551971, -27.9433860779, -27.6270656586, -27.538892746, -27.4436607361], "dvar2": [0.511226415634, 0.544032692909, 0.481225818396, 0.534440517426, 0.622847318649, 0.800685048103], "dvar": [0.226003482938, 0.236620783806, 0.215419963002, 0.256335675716, 0.318340688944, 0.428313076496], "dmean": [0.487649798393, 0.533962607384, 0.490747243166, 0.