{"tonal": {"thpcp": [1, 0.427823036909, 0.0475435629487, 0.0333134271204, 0.049981225282, 0.158957138658, 0.198907479644, 0.0938324555755, 0.0479548946023, 0.0731025189161, 0.223041877151, 0.527736067772, 0.512429952621, 0.26943179965, 0.370653599501, 0.43337854743, 0.198358044028, 0.0404779873788, 0.0288194473833, 0.063057154417, 0.500391542912, 0.831750750542, 0.398790955544, 0.0358542054892, 0.0332837514579, 0.0482106916606, 0.091948762536, 0.109615564346, 0.0807683244348, 0.104312762618, 0.112814880908, 0.0648682788014, 0.0614084079862, 0.0707941129804, 0.167062819004, 0.737644851208], "hpcp": {"dmean2": [0.111462317407, 0.0952642336488, 0.0401273556054, 0.0301207900047, 0.0544451139867, 0.108452826738, 0.122554384172, 0.0922123715281, 0.0370322726667, 0.0359974354506, 0.0393848605454, 0.0497027076781, 0.0571626909077, 0.0529000349343, 0.0421774201095, 0.0350239910185, 0.037714432925, 0.0387564525008, 0.0481442473829, 0.0957198143005, 0.157379895449, 0.160398349166, 0.129374861717, 0.0562546178699, 0.0390288121998, 0.0451162606478, 0.0632575303316, 0.0646761879325, 0.0515895746648, 0.0553997717798, 0.077829785645, 0.131111264229, 0.168723389506, 0.167819783092, 0.173791214824, 0.145469114184], "median": [0.0101127028465, 0.00586097547784, 0.00153405440506, 0.000957115145866, 0.003890754655, 0.114151522517, 0.168865948915, 0.0769366249442, 0.00121394637972, 0.000942428363487, 0.00121155322995, 0.00313309347257, 0.0039855632931, 0.00754544138908, 0.00772702042013, 0.00454918853939, 0.00184906634968, 0.00541609711945, 0.00655063614249, 0.0166842602193, 0.192951977253, 0.293918609619, 0.0985354483128, 0.00116687361151, 0.000590787851252, 0.00193578901235, 0.0129552772269, 0.0164282415062, 0.00752091407776, 0.000572662334889, 0.00054327462567, 0.00321942218579, 0.01259865053, 0.0132200028747, 0.015517950058, 0.016250114888], "min": [0, 0, 0, 0, 0, 0, 0, 0, 0, 0, 0, 0, 0, 0, 0, 0, 0, 0, 0, 0, 0, 0, 0, 0, 0, 0, 0, 0, 0, 0, 0, 0, 0, 0, 0, 0], "dvar2": [0.0561166778207, 0.0479525066912, 0.0189031809568, 0.014186732471, 0.0262571182102, 0.0360614433885, 0.0491969175637, 0.0307571999729, 0.0175526812673, 0.0195955000818, 0.0189384147525, 0.0231837965548, 0.0299996715039, 0.0298392381519, 0.020373634994, 0.0174218267202, 0.0185880158097, 0.018428651616, 0.023051019758, 0.0437700711191, 0.067758448422, 0.068058386445, 0.0533372536302, 0.0364288873971, 0.0272517763078, 0.0278757866472, 0.0314129292965, 0.0326338596642, 0.0286732874811, 0.0409639850259, 0.0571512281895, 0.0698954686522, 0.101330056787, 0.0909555032849, 0.0916149616241, 0.0821957290173], "dvar": [0.0272065829486, 0.0191254280508, 0.00667078001425, 0.00495844241232, 0.00983123108745, 0.0147323645651, 0.0235813502222, 0.0122686410323, 0.00636599585414, 0.00711453100666, 0.00695797381923, 0.00879715941846, 0.0117946425453, 0.0107370093465, 0.00746253645048, 0.00649293605238, 0.0066690784879, 0.00676896004006, 0.00850864872336, 0.0177441034466, 0.0275128353387, 0.0308838225901, 0.0207257065922, 0.0130072711036, 0.0093550523743, 0.0101878102869, 0.0126372957602, 0.0140254860744, 0.0109181776643, 0.0147075532004, 0.0211169533432, 0.0284511297941, 0.0423058494925, 0.0396036095917, 0.0353704020381, 0.032015491277], "dmean": [0.0705179348588, 0.0573538243771, 0.0221044756472, 0.0164889954031, 0.03034286201, 0.0679298266768, 0.0802927240729, 0.0569846816361, 0.0204766429961, 0.0194366872311, 0.022020701319, 0.0288991462439, 0.0338814407587, 0.030430296436, 0.024515664205, 0.0202309936285, 0.0216938853264, 0.0227932017297, 0.02810655348, 0.0571240149438, 0.0971199944615, 0.103019207716, 0.0807777792215, 0.0304247736931, 0.0210813563317, 0.0249303523451, 0.0383100323379, 0.0408209525049, 0.0302206203341, 0.0298183597624, 0.0426886826754, 0.077798396349, 0.0961580649018, 0.099405258894, 0.10153991729, 0.0836724564433], "max": [1, 1, 1, 1, 1, 1, 1, 1, 1, 1, 1, 1, 1, 1, 1, 1, 1, 1, 1, 1, 1, 1, 1, 1, 1, 1, 1, 1, 1, 1, 1, 1, 1, 1, 1, 1], "var": [0.104458518326, 0.0303022228181, 0.00440082931891, 0.00326529983431, 0.0081948293373, 0.0521933287382, 0.144691094756, 0.0383134223521, 0.0044717611745, 0.00494566140696, 0.00749392993748, 0.0149773955345, 0.0197360552847, 0.00959747564048, 0.016810612753, 0.02957688272, 0.00830160267651, 0.0058997021988, 0.00730614271015, 0.0243557430804, 0.0977636948228, 0.150286838412, 0.0399923808873, 0.00828977208585, 0.00583824282512, 0.00862924661487, 0.0232862830162, 0.029716745019, 0.0108842849731, 0.00993151869625, 0.0166953895241, 0.0415442548692, 0.132127314806, 0.120975613594, 0.045366384089, 0.0766590312123], "mean": [0.184870764613, 0.0846156403422, 0.0172671135515, 0.0122938100249, 0.0268989410251, 0.213457196951, 0.35480850935, 0.170116379857, 0.0152946999297, 0.0141981942579, 0.0205657333136, 0.0392235331237, 0.0467598438263, 0.0344541780651, 0.0444977730513, 0.0481246113777, 0.0276715327054, 0.0261956192553, 0.0301993768662, 0.0712657123804, 0.314664781094, 0.42658033967, 0.182500898838, 0.0202811490744, 0.0142108527943, 0.0213210079819, 0.0678079873323, 0.0848500207067, 0.0400270819664, 0.0204566158354, 0.031184097752, 0.095145277679, 0.225121840835, 0.21859253943, 0.114934310317, 0.158113539219]}, "tuning_equal_tempered_deviation": 0.0519288480282, "chords_changes_rate": 0.0337370224297, "key_key": "E", "tuning_diatonic_strength": 0.596426486969, "key_scale": "major", "chords_number_rate": 0.00194636674132, "tuning_frequency": 441.527557373, "tuning_nontempered_energy_ratio": 0.641582489014, "chords_histogram": [48.7024230957, 0.0216262973845, 0, 0, 0, 0, 0.324394464493, 0.281141877174, 1.75173008442, 1.88148784637, 0.108131490648, 3.84948086739, 0.237889274955, 0.865051925182, 0, 1.18944633007, 0, 3.48183393478, 0.45415225625, 0.086505189538, 2.59515571594, 0.194636672735, 27.551902771, 6.42301034927], "key_strength": 0.788845002651, "chords_key": "E", "chords_strength": {"dmean2": 0.00560725154355, "median": 0.536483287811, "min": -1, "dvar2": 0.000873667187989, "dvar": 0.000454919761978, "dmean": 0.00675117131323, "max": 0.795979440212, "var": 0.0408792160451, "mean": 0.518435180187}, "chords_scale": "major", "hpcp_entropy": {"dmean2": 0.715374171734, "median": 1.39847326279, "min": 0, "dvar2": 0.554227828979, "dvar": 0.214820057154, "dmean": 0.42785474658, "max": 3.91167330742, "var": 0.428760290146, "mean": 1.44903349876}}, "metadata": {"audio_properties": {"equal_loudness": 0, "codec": "flac", "downmix": "mix", "sample_rate": 44100, "analysis_sample_rate": 44100, "bit_rate": 0, "md5_encoded": "f3404e25797ebcea3c159c2326d93b26", "length": 214.666671753, "replay_gain": -9.98462104797, "lossless": true}, "version": {"essentia_build_sha": "70f2e5ece6736b2c40cc944ad0e695b16b925413", "essentia": "2.1-beta2", "extractor": "music 1.0", "essentia_git_sha": "v2.1_beta2"}, "tags": {"title": ["Steady Red Light"], "media": ["CD"], "albumartist": ["The Perishers"], "tracktotal": ["11"], "musicbrainz_releasegroupid": ["af079e12-8f99-39e8-8a39-6fe41e6d243b"], "releasetype": ["album"], "musicbrainz_recordingid": ["11342351-6c6b-4b49-ac6f-062a1f83c2a9"], "artistsort": ["Perishers, The"], "musicbrainz_albumartistid": ["75de3363-412c-4f17-ae66-9f4c0cd7629f"], "discnumber": ["1"], "album": ["From Nothing to One"], "catalognumber": ["NONSCD 91"], "releasecountry": ["SE"], "file_name": "06. Steady Red Light.flac", "originaldate": ["2002-03-25"], "albumartistsort": ["Perishers, The"], "date": ["2002-03-25"], "genre": ["Pop"], "musicip_puid": ["840c8d2c-c066-c8ba-2b5a-5f79bd0b24c8"], "musicbrainz_artistid": ["75de3363-412c-4f17-ae66-9f4c0cd7629f"], "asin": ["B000063CP0"], "musicbrainz_albumid": ["5ee5c9be-c791-4255-81d6-9abc77ad8044"], "tracknumber": ["6"], "disctotal": ["1"], "artist": ["The Perishers"], "label": ["NONS"], "releasestatus": ["official"], "totaldiscs": ["1"], "script": ["Latn"], "totaltracks": ["11"]}}, "rhythm": {"bpm_histogram_first_peak_bpm": {"dmean2": 0, "median": 117, "min": 117, "dvar2": 0, "dvar": 0, "dmean": 0, "max": 117, "var": 0, "mean": 117}, "bpm": 116.964927673, "bpm_histogram_second_peak_spread": {"dmean2": 0, "median": 0.411764740944, "min": 0.411764740944, "dvar2": 0, "dvar": 0, "dmean": 0, "max": 0.411764740944, "var": 0, "mean": 0.411764740944}, "bpm_histogram_first_peak_weight": {"dmean2": 0, "median": 0.517985582352, "min": 0.517985582352, "dvar2": 0, "dvar": 0, "dmean": 0, "max": 0.517985582352, "var": 0, "mean": 0.517985582352}, "onset_rate": 2.24985933304, "beats_position": [0.46439909935, 0.940408170223, 1.42802715302, 1.92725622654, 2.41487526894, 2.91410422325, 3.41333317757, 3.9125623703, 4.41179132462, 4.91102027893, 5.41024923325, 5.92108821869, 6.43192720413, 6.94276618958, 7.46521520615, 7.98766422272, 8.498503685, 9.02095222473, 9.54340076447, 10.0542402267, 10.5650787354, 11.0759181976, 11.5867567062, 12.0975961685, 12.6084346771, 13.1192741394, 13.6417226791, 14.1641721725, 14.6750106812, 15.1858501434, 15.7082986832, 16.2307472229, 16.7415866852, 17.2524261475, 17.7632656097, 18.2741031647, 18.784942627, 19.3073921204, 19.8994998932, 20.5032196045, 21.1069393158, 21.6990470886, 22.2911567688, 22.8716545105, 23.4637641907, 23.974603653, 24.497051239, 25.0078907013, 25.5187301636, 26.0063495636, 26.4939670563, 27.0048065186, 27.527256012, 28.0380954742, 28.537322998, 29.0481624603, 29.5590019226, 30.0698413849, 30.5806789398, 31.0915184021, 31.6023578644, 32.1131973267, 32.6240348816, 33.1232643127, 33.6224937439, 34.1333312988, 34.6557807922, 35.1782302856, 35.6890678406, 36.1999092102, 36.7107467651, 37.2331962585, 37.755645752, 38.2664833069, 38.7773246765, 39.2881622314, 39.8222198486, 40.3562812805, 40.91355896, 41.4708366394, 41.9932861328, 42.5157356262, 43.0497932434, 43.5722427368, 44.0946922302, 44.6171417236, 45.139591217, 45.650428772, 46.1728782654, 46.683719635, 47.1945571899, 47.7170066833, 48.2394561768, 48.7619056702, 49.2843513489, 49.8184127808, 50.3524703979, 50.8865280151, 51.4321975708, 51.9778671265, 52.5235366821, 53.0692062378, 53.6148757935, 54.1373214722, 54.6597709656, 55.182220459, 55.7046699524, 56.2271194458, 56.7495689392, 57.2604064941, 57.7712478638, 58.2704734802, 58.7697029114, 59.280544281, 59.7913818359, 60.3022193909, 60.8130607605, 61.3238983154, 61.8347396851, 62.34557724, 62.8564147949, 63.3788642883, 63.9013137817, 64.4237594604, 64.9462127686, 65.4686584473, 65.9911117554, 66.5019454956, 67.0127868652, 67.5236282349, 68.0344696045, 68.5336914062, 69.0329208374, 69.543762207, 70.0546035767, 70.5538330078, 71.064666748, 71.5871200562, 72.1095657349, 72.632019043, 73.1428527832, 73.6536941528, 74.1645355225, 74.6753692627, 75.1862106323, 75.697052002, 76.2078933716, 76.7187271118, 77.2295684814, 77.7404098511, 78.2512435913, 78.7620849609, 79.2729263306, 79.7721557617, 80.2946014404, 80.8170471191, 81.3278884888, 81.8387298584, 82.3379592896, 82.8604049683, 83.3828582764, 83.8936920166, 84.4045333862, 84.9153747559, 85.4262084961, 85.9370498657, 86.4478912354, 86.9703369141, 87.4927902222, 88.0036239624, 88.514465332, 89.0253067017, 89.5361404419, 90.0469818115, 90.5578231812, 91.0686569214, 91.579498291, 92.0903396606, 92.6127853394, 93.123626709, 93.6460723877, 94.1569137573, 94.667755127, 95.1785888672, 95.6894302368, 96.2002716064, 96.7227172852, 97.2335586548, 97.7560043335, 98.2668457031, 98.7776870728, 99.2769165039, 99.7993621826, 100.310203552, 100.821044922, 101.331878662, 101.842720032, 102.353561401, 102.864395142, 103.38684845, 103.909294128, 104.420135498, 104.930976868, 105.441810608, 105.952651978, 106.463493347, 106.974327087, 107.496780396, 108.007614136, 108.518455505, 109.017684937, 109.528526306, 110.039360046, 110.550201416, 111.061042786, 111.571876526, 112.105941772, 112.616775513, 113.127616882, 113.638458252, 114.160903931, 114.660133362, 115.170974731, 115.681808472, 116.192649841, 116.703491211, 117.22593689, 117.736778259, 118.259223938, 118.770065308, 119.280906677, 119.791740417, 120.302581787, 120.813423157, 121.324264526, 121.823486328, 122.345939636, 122.868385315, 123.367614746, 123.855232239, 124.366073608, 124.900131226, 125.422584534, 125.945030212, 126.455871582, 126.966712952, 127.477546692, 127.988388062, 128.499221802, 129.010070801, 129.520904541, 130.04335022, 130.565795898, 131.076644897, 131.587478638, 132.098312378, 132.620773315, 133.131607056, 133.630844116, 134.141677856, 134.652511597, 135.163360596, 135.685806274, 136.196640015, 136.707473755, 137.218322754, 137.717544556, 138.216781616, 138.739227295, 139.250061035, 139.760910034, 140.271743774, 140.794189453, 141.316635132, 141.839096069, 142.361541748, 142.86076355, 143.36000061, 143.870834351, 144.393280029, 144.915740967, 145.426574707, 145.937408447, 146.436645508, 146.959091187, 147.481536865, 147.992385864, 148.503219604, 149.014053345, 149.536499023, 150.058959961, 150.569793701, 151.069015503, 151.568252563, 152.079086304, 152.589935303, 153.112380981, 153.623214722, 154.134063721, 154.656509399, 155.178955078, 155.689788818, 156.200637817, 156.699859619, 157.210693359, 157.733154297, 158.243988037, 158.754821777, 159.265670776, 159.776504517, 160.287338257, 160.809799194, 161.320632935, 161.843078613, 162.353912354, 162.864761353, 163.375595093, 163.886444092, 164.397277832, 164.908111572, 165.418960571, 165.94140625, 166.440628052, 166.951477051, 167.450698853, 167.973144531, 168.48399353, 168.994827271, 169.505661011, 170.028121948, 170.550567627, 171.073013306, 171.572235107, 172.083084106, 172.582305908, 173.104751587, 173.627212524, 174.138046265, 174.648880005, 175.171340942, 175.682174683, 176.193008423, 176.703857422, 177.237915039, 177.725524902, 178.224761963, 178.723983765, 179.223220825, 179.745666504, 180.256500244, 180.767349243, 181.289794922, 181.789016724, 182.311477661, 182.83392334, 183.34475708, 183.843994141, 184.354827881, 184.865661621, 185.3881073, 185.910568237, 186.433013916, 186.943847656, 187.454696655, 187.977142334, 188.499588013, 189.010421753, 189.521270752, 190.020492554, 190.531341553, 191.042175293, 191.553009033, 192.063858032, 192.574691772, 193.097137451, 193.607971191, 194.11882019, 194.629653931, 195.140487671, 195.65133667, 196.16217041, 196.673019409, 197.207077026, 197.717910767, 198.228744507, 198.751205444, 199.262039185, 199.772872925, 200.283721924, 200.794555664, 201.317001343, 201.839447021, 202.350296021, 202.872741699, 203.395187378, 203.917633057, 204.440093994, 204.962539673, 205.484985352, 206.00743103, 206.529876709, 207.005889893, 207.481903076, 207.95791626, 208.445526123, 208.921539307, 209.39755249, 209.792282104, 210.187026978, 210.581771851, 210.999725342, 211.429290771, 211.847259521, 212.276824951, 212.694778442, 213.112747192, 213.542312622, 213.971878052], "beats_loudness": {"dmean2": 0.0242513082922, "median": 0.0193895939738, "min": 0, "dvar2": 0.000508599041495, "dvar": 0.000185240045539, "dmean": 0.014509126544, "max": 0.0939781740308, "var": 0.000422685814556, "mean": 0.0249081905931}, "danceability": 0.876189887524, "bpm_histogram_second_peak_weight": {"dmean2": 0, "median": 0.0239808149636, "min": 0.0239808149636, "dvar2": 0, "dvar": 0, "dmean": 0, "max": 0.0239808149636, "var": 0, "mean": 0.0239808149636}, "beats_count": 418, "bpm_histogram_second_peak_bpm": {"dmean2": 0, "median": 112, "min": 112, "dvar2": 0, "dvar": 0, "dmean": 0, "max": 112, "var": 0, "mean": 112}, "bpm_histogram_first_peak_spread": {"dmean2": 0, "median": 0.414634168148, "min": 0.414634168148, "dvar2": 0, "dvar": 0, "dmean": 0, "max": 0.414634168148, "var": 0, "mean": 0.414634168148}, "beats_loudness_band_ratio": {"dmean2": [0.281629502773, 0.322604030371, 0.272579371929, 0.0941593572497, 0.0317768007517, 0.0691274553537], "median": [0.257690191269, 0.513925671577, 0.182785779238, 0.0332259908319, 0.00735398661345, 0.00412519881502], "min": [0, 0, 0, 0, 0, 0], "dvar2": [0.0485680028796, 0.0612425543368, 0.049313403666, 0.0142432563007, 0.00281577953137, 0.0413931272924], "dvar": [0.0191630497575, 0.0214393883944, 0.0193495899439, 0.00479321274906, 0.000996553339064, 0.0131683209911], "dmean": [0.165523573756, 0.18754889071, 0.156400173903, 0.0513162501156, 0.0174659490585, 0.0355718359351], "max": [0.849298834801, 0.898078918457, 0.798143982887, 0.429296076298, 0.283227592707, 0.910411894321], "var": [0.0340622700751, 0.0428181141615, 0.0333535335958, 0.00403261557221, 0.000697563402355, 0.00712434435263], "mean": [0.286656141281, 0.491452097893, 0.227892100811, 0.0537848398089, 0.01458772365, 0.02153342776]}}, "lowlevel": {"barkbands_spread": {"dmean2": 3.10221505165, "median": 4.86983537674, "min": 0.683296620846, "dvar2": 54.0921554565, "dvar": 27.4482460022, "dmean": 2.10778260231, "max": 103.685424805, "var": 107.179046631, "mean": 8.08633613586}, "melbands_spread": {"dmean2": 3.98090147972, "median": 5.68737125397, "min": 0.979672968388, "dvar2": 155.359619141, "dvar": 86.7949142456, "dmean": 2.83203148842, "max": 172.984680176, "var": 511.012176514, "mean": 11.4561367035}, "hfc": {"dmean2": 2.79429101944, "median": 5.9804649353, "min": 1.05539074383e-16, "dvar2": 72.253112793, "dvar": 35.4866905212, "dmean": 2.02469611168, "max": 169.442169189, "var": 117.201477051, "mean": 9.19031333923}, "barkbands_kurtosis": {"dmean2": 6.13703393936, "median": 12.0359430313, "min": -1.92696690559, "dvar2": 93.0424880981, "dvar": 38.2355422974, "dmean": 4.02053785324, "max": 118.183143616, "var": 172.606658936, "mean": 14.8603553772}, "gfcc": {"mean": [-120.451721191, 127.190917969, -96.4220657349, -1.31261277199, -74.7618026733, -16.7421073914, -46.5499610901, -20.0689201355, -32.5733146667, -4.93877601624, -27.4916763306, -2.61049103737, -12.1155824661], "icov": [[0.000278302410152, -0.000530406308826, 0.000688409258146, -0.000478679692606, 0.000695934111718, -0.000444925972261, 0.000801849644631, -0.000630268827081, 0.000848306401167, -0.000596471480094, 0.000761410337873, -0.000638277793769, 0.000440398958744], [-0.000530406308826, 0.00212070974521, -0.000952958478592, 0.0020574091468, -0.0013894791482, 0.00124811590649, -0.0017396035837, 0.00227601919323, -0.0022724897135, 0.00208842032589, -0.00164039665833, 0.00177399453241, -0.000980249373242], [0.000688409258146, -0.000952958478592, 0.00348983774893, -0.000401843310101, 0.00110879424028, -0.00216900510713, 0.00176456314512, -0.00172694423236, 0.00208350247703, -0.00158659392036, 0.00197449023835, -0.00178204977419, 0.00121259118896], [-0.000478679692606, 0.0020574091468, -0.000401843310101, 0.00382744520903, -0.00100785540417, 0.00103535561357, -0.00125875021331, 0.0016023023054, -0.00203266344033, 0.000808020762634, -0.00101684452966, 0.00123125291429, -0.00121238129213], [0.000695934111718, -0.0013894791482, 0.00110879424028, -0.00100785540417, 0.00560385501012, -0.000729822379071, 0.0015140385367, -0.0017757944297, -0.000499257061165, -6.23953455943e-05, -3.97179683205e-05, -0.00157769571524, -0.000425083126174], [-0.000444925972261, 0.00124811590649, -0.00216900510713, 0.00103535561357, -0.000729822379071, 0.00851984135807, -0.00258691934869, -0.00121068104636, 0.000490851409268, 0.00170674023684, -0.00231269723736, 0.00229827687144, -0.000757899484597], [0.000801849644631, -0.0017396035837, 0.00176456314512, -0.00125875021331, 0.0015140385367, -0.00258691934869, 0.00811329018325, -0.00225035683252, 0.00166514294688, -0.00212760455906, 0.000319388374919, -0.00287945359014, 0.0010463190265], [-0.000630268827081, 0.00227601919323, -0.00172694423236, 0.0016023023054, -0.0017757944297, -0.00121068104636, -0.00225035683252, 0.0121877230704, -0.00448513543233, 0.000704956473783, -0.000762124429457, 0.00122364680283, 0.000290682539344], [0.000848306401167, -0.0022724897135, 0.00208350247703, -0.00203266344033, -0.000499257061165, 0.000490851409268, 0.00166514294688, -0.00448513543233, 0.013756332919, -0.00345785496756, 0.00231987610459, -0.00146460242104, 0.000235574421822], [-0.000596471480094, 0.00208842032589, -0.00158659392036, 0.000808020762634, -6.23953455943e-05, 0.00170674023684, -0.00212760455906, 0.000704956473783, -0.00345785496756, 0.0132373264059, -0.00261282967404, 0.00306934211403, 0.00062511395663], [0.000761410337873, -0.00164039665833, 0.00197449023835, -0.00101684452966, -3.97179683205e-05, -0.00231269723736, 0.000319388374919, -0.000762124429457, 0.00231987610459, -0.00261282967404, 0.0131765147671, -0.00174457242247, 0.00105122709647], [-0.000638277793769, 0.00177399453241, -0.00178204977419, 0.00123125291429, -0.00157769571524, 0.00229827687144, -0.00287945359014, 0.00122364680283, -0.00146460242104, 0.00306934211403, -0.00174457242247, 0.0154903307557, -0.0024638986215], [0.000440398958744, -0.000980249373242, 0.00121259118896, -0.00121238129213, -0.000425083126174, -0.000757899484597, 0.0010463190265, 0.000290682539344, 0.000235574421822, 0.00062511395663, 0.00105122709647, -0.0024638986215, 0.0137577196583]], "cov": [[32807.0742188, -225.501327515, -3466.23120117, 1738.43798828, -2971.29321289, -419.667907715, -1495.80126953, -158.286468506, -966.13067627, 374.875976562, -1043.27197266, -32.9668655396, -532.04675293], [-225.501327515, 2591.17749023, -124.232154846, -912.37121582, 404.997772217, -170.608642578, 135.106536865, -243.157409668, 158.577148438, -245.247436523, 147.205184937, -39.1797065735, 110.530838013], [-3466.23120117, -124.232154846, 875.877929688, -228.178771973, 207.725540161, 167.179504395, 121.105110168, 80.6801528931, 29.2629184723, -6.94509887695, 62.5689849854, 15.1371145248, 7.25655078888], [1738.43798828, -912.37121582, -228.178771973, 753.108459473, -225.346984863, -15.3142595291, -104.729476929, 45.2007522583, -51.1522903442, 99.7850494385, -87.7884368896, 6.91364192963, -30.6866779327], [-2971.29321289, 404.997772217, 207.725540161, -225.346984863, 552.468444824, -0.9225730896, 133.736953735, -1.6484348774, 147.740753174, -78.3610305786, 124.87902832, 11.6734046936, 86.2657928467], [-419.667907715, -170.608642578, 167.179504395, -15.3142595291, -0.9225730896, 193.38218689, 49.9038314819, 56.016242981, -26.2227954865, 7.68211698532, 19.1481513977, -4.89646148682, -11.4008150101], [-1495.80126953, 135.106536865, 121.105110168, -104.729476929, 133.736953735, 49.9038314819, 238.953292847, 17.2177658081, 46.0470046997, -14.3345508575, 70.3673095703, 13.1695613861, 22.7944164276], [-158.286468506, -243.157409668, 80.6801528931, 45.2007522583, -1.6484348774, 56.016242981, 17.2177658081, 136.159408569, 13.3374662399, 28.5475692749, -7.37192678452, 3.05735731125, -16.9521217346], [-966.13067627, 158.577148438, 29.2629184723, -51.1522903442, 147.740753174, -26.2227954865, 46.0470046997, 13.3374662399, 143.23828125, -8.46240234375, 33.4131965637, -0.372684776783, 29.7871074677], [374.875976562, -245.247436523, -6.94509887695, 99.7850494385, -78.3610305786, 7.68211698532, -14.3345508575, 28.5475692749, -8.46240234375, 117.36491394, -14.6298503876, -9.28535556793, -27.3125782013], [-1043.27197266, 147.205184937, 62.5689849854, -87.7884368896, 124.87902832, 19.1481513977, 70.3673095703, -7.37192678452, 33.4131965637, -14.6298503876, 129.757385254, 1.86053168774, 20.8622016907], [-32.9668655396, -39.1797065735, 15.1371145248, 6.91364192963, 11.6734046936, -4.89646148682, 13.1695613861, 3.05735731125, -0.372684776783, -9.28535556793, 1.86053168774, 76.6966934204, 10.5854473114], [-532.04675293, 110.530838013, 7.25655078888, -30.6866779327, 86.2657928467, -11.4008150101, 22.7944164276, -16.9521217346, 29.7871074677, -27.3125782013, 20.8622016907, 10.5854473114, 95.9440460205]]}, "spectral_energyband_middle_low": {"dmean2": 0.00492625357583, "median": 0.0120857991278, "min": 1.60244597339e-22, "dvar2": 7.85419761087e-05, "dvar": 3.43745159626e-05, "dmean": 0.00343601871282, "max": 0.111022330821, "var": 0.000314116798108, "mean": 0.0183506663889}, "melbands_crest": {"dmean2": 3.07070469856, "median": 14.7315273285, "min": 1.53525233269, "dvar2": 15.0629768372, "dvar": 5.64624786377, "dmean": 1.97713327408, "max": 32.3613319397, "var": 28.4366817474, "mean": 15.3430719376}, "spectral_kurtosis": {"dmean2": 11.3259601593, "median": 8.38459014893, "min": -1.29446840286, "dvar2": 365.053588867, "dvar": 157.187469482, "dmean": 6.68823766708, "max": 194.246109009, "var": 1074.39538574, "mean": 21.8011894226}, "spectral_rms": {"dmean2": 0.00051565252943, "median": 0.00375840603374, "min": 3.12462360673e-12, "dvar2": 5.67769404825e-07, "dvar": 2.68763301392e-07, "dmean": 0.00036963034654, "max": 0.010486299172, "var": 4.43703856945e-06, "mean": 0.00391463190317}, "zerocrossingrate": {"dmean2": 0.00671048648655, "median": 0.0244140625, "min": 0.00732421875, "dvar2": 0.000124362195493, "dvar": 0.000119759737572, "dmean": 0.00581606617197, "max": 0.537109375, "var": 0.00489496765658, "mean": 0.0407301336527}, "silence_rate_60dB": {"dmean2": 0.0497620068491, "median": 0, "min": 0, "dvar2": 0.0529080405831, "dvar": 0.024262541905, "dmean": 0.0248783119023, "max": 1, "var": 0.133277133107, "mean": 0.158338740468}, "erbbands_kurtosis": {"dmean2": 2.00930190086, "median": 2.45747661591, "min": -1.86804533005, "dvar2": 8.54167747498, "dvar": 3.61462235451, "dmean": 1.3386464119, "max": 41.6889801025, "var": 17.2307605743, "mean": 3.45684552193}, "erbbands": {"dmean2": [0.000763403309975, 0.0209965929389, 0.2682287395, 1.43614244461, 9.17723751068, 13.0515317917, 4.66989135742, 9.28210067749, 22.5901088715, 11.0969648361, 6.13038110733, 10.4884004593, 3.23001742363, 5.19665670395, 4.14868783951, 2.68052387238, 2.61437606812, 2.74507832527, 3.00089240074, 1.83237349987, 1.67035853863, 2.7388150692, 2.41936302185, 1.01348292828, 1.66830265522, 2.57958388329, 5.53605222702, 5.12945318222, 2.7016916275, 1.11100924015, 0.248655796051, 0.180321767926, 0.163651123643, 0.139699757099, 0.0810190215707, 0.0432602465153, 0.0133663984016, 0.00149285921361, 0.000132597051561, 1.16059545689e-05], "median": [0.000239884248003, 0.00847897399217, 0.194108337164, 1.56877231598, 8.27464771271, 13.5866622925, 8.62323665619, 17.2630577087, 8.76592063904, 12.1103343964, 3.86682772636, 4.74701499939, 2.32050180435, 3.96644639969, 3.28482294083, 2.42935371399, 1.37555360794, 1.36169290543, 1.60567438602, 0.753906726837, 0.858665108681, 0.879106283188, 0.693896055222, 0.280051201582, 0.396854996681, 0.375024974346, 0.419253647327, 0.650053977966, 0.511372745037, 0.29136890173, 0.0842845290899, 0.0391305834055, 0.0305096954107, 0.0257399901748, 0.0189466923475, 0.00935808382928, 0.00180454237852, 0.000140355114127, 2.61429795501e-05, 2.1286035917e-05], "min": [6.97776311423e-23, 1.76355989545e-22, 7.34271225709e-22, 3.48548020346e-21, 8.55165489769e-21, 2.66409752923e-20, 3.44685062652e-20, 8.5987188896e-20, 9.11692621762e-20, 1.37704982948e-19, 2.73996572722e-19, 2.40044763534e-19, 3.83208453516e-19, 7.46024423391e-19, 8.1308566171e-19, 1.09365922503e-18, 1.70696929168e-18, 1.81179106647e-18, 1.92792308857e-18, 2.93090336273e-18, 2.48535803542e-18, 3.84042008589e-18, 4.62958678621e-18, 6.18616947265e-18, 6.93531262545e-18, 7.08592856651e-18, 9.03527563294e-18, 7.9755745502e-18, 1.12567502317e-17, 1.07888480735e-17, 1.09450611322e-17, 1.01103531761e-17, 9.36311377948e-18, 8.19037515731e-18, 6.07379119617e-18, 4.13882466469e-18, 2.1391471735e-18, 9.09678850561e-19, 2.3425178506e-19, 2.5315405436e-20], "dvar2": [5.04701120008e-06, 0.00288306782022, 0.594109475613, 9.74592685699, 391.402770996, 715.21105957, 83.8644561768, 380.746368408, 3056.27514648, 591.055664062, 344.550262451, 2592.62084961, 142.822845459, 629.309814453, 200.62399292, 90.6586685181, 70.4495315552, 86.7375259399, 73.0907669067, 25.4042205811, 28.4163684845, 100.164718628, 500.456848145, 84.7685241699, 56.7580108643, 238.206832886, 1460.60437012, 1113.76379395, 193.198486328, 22.0013885498, 1.35829234123, 0.87987434864, 0.661198735237, 0.510551214218, 0.169417068362, 0.0473771728575, 0.00452881446108, 4.68117868877e-05, 2.5754840749e-07, 9.8364083545e-10], "dvar": [3.51229959961e-06, 0.00125821575057, 0.207303628325, 3.81216526031, 152.964599609, 284.36529541, 37.7384033203, 190.372924805, 1553.91882324, 313.50100708, 191.328887939, 1216.51269531, 67.7046508789, 262.797149658, 84.3633956909, 48.4531326294, 34.6146774292, 41.3944854736, 28.8666877747, 10.9976549149, 11.8558301926, 48.5204048157, 190.800018311, 37.1516914368, 25.2824573517, 117.001693726, 663.077575684, 492.712341309, 102.979995728, 10.8862476349, 0.692639112473, 0.456912189722, 0.35395103693, 0.260498255491, 0.0837719738483, 0.0208476986736, 0.00212875707075, 2.03303843591e-05, 1.1179513848e-07, 4.32048646859e-10], "dmean": [0.00056044163648, 0.0136346174404, 0.168706506491, 0.94939750433, 5.99668073654, 8.74623203278, 3.25206327438, 6.92509317398, 16.2855739594, 8.46652889252, 4.64053249359, 7.64697980881, 2.27878093719, 3.55844712257, 2.96377253532, 1.86833047867, 1.81234622002, 1.89441204071, 1.93606281281, 1.19617199898, 1.10504376888, 1.80298364162, 1.56451141834, 0.672253131866, 1.08868920803, 1.7462490797, 3.69248843193, 3.42614769936, 1.8638894558, 0.751622676849, 0.174866884947, 0.128400027752, 0.114589452744, 0.0972975641489, 0.0538944974542, 0.0285369232297, 0.00897255819291, 0.0010028971592, 8.89352813829e-05, 7.91018101154e-06], "max": [0.0310498848557, 0.70846927166, 9.40434646606, 43.2561950684, 223.274719238, 322.224700928, 149.101486206, 428.309112549, 1218.75024414, 461.631622314, 668.578430176, 1020.51678467, 649.58203125, 577.771240234, 333.81640625, 566.239562988, 247.451522827, 284.846435547, 183.100570679, 127.269874573, 107.836738586, 420.939086914, 865.174804688, 345.564239502, 185.689880371, 526.834411621, 737.677490234, 666.575805664, 470.049743652, 131.096130371, 30.1971569061, 22.1906795502, 33.0845527649, 17.1919994354, 10.7815752029, 5.44266462326, 1.78420162201, 0.193450808525, 0.0120850224048, 0.000598091923166], "var": [7.42632300899e-06, 0.00332517386414, 0.601862072945, 27.6376895905, 652.331481934, 1062.00231934, 158.590774536, 1044.39611816, 15685.7783203, 2049.51025391, 1220.73181152, 4044.05200195, 363.920593262, 519.794616699, 280.607757568, 189.404373169, 173.978591919, 149.975967407, 78.6922454834, 43.2902946472, 33.6873703003, 111.996528625, 177.948043823, 41.5410118103, 39.6238708496, 183.684661865, 852.514038086, 749.333251953, 213.338302612, 22.211233139, 1.3736512661, 0.928545415401, 0.815350174904, 0.538358449936, 0.149939998984, 0.0305278934538, 0.00336040556431, 2.68301355391e-05, 1.34034522148e-07, 9.28958021618e-10], "mean": [0.000934066541959, 0.0292778667063, 0.427309840918, 3.54576969147, 20.8428764343, 26.3159427643, 12.2211866379, 27.2005958557, 69.4465866089, 30.378610611, 16.3179512024, 23.1812114716, 6.84688997269, 9.96840572357, 8.19109153748, 5.59285020828, 5.30254602432, 4.41493940353, 4.48890113831, 2.86864447594, 2.68906331062, 3.8776345253, 2.6678879261, 1.13917589188, 1.87125110626, 2.65752577782, 4.80120182037, 4.90403461456, 3.04298710823, 1.42782580853, 0.321520030499, 0.213785484433, 0.197840198874, 0.162377566099, 0.0905059725046, 0.0477252081037, 0.013970753178, 0.00128750549629, 0.000118095209473, 2.88180362986e-05]}, "spectral_strongpeak": {"dmean2": 0.353888869286, "median": 0.656449496746, "min": 0, "dvar2": 0.500373244286, "dvar": 0.199272796512, "dmean": 0.214232608676, "max": 7.45474910736, "var": 0.584125041962, "mean": 0.873723685741}, "spectral_energy": {"dmean2": 0.00523228850216, "median": 0.0144787561148, "min": 1.00073538353e-20, "dvar2": 8.28900083434e-05, "dvar": 3.61132151738e-05, "dmean": 0.00366710615344, "max": 0.112711541355, "var": 0.000343234540196, "mean": 0.0202554613352}, "average_loudness": 0.435240358114, "spectral_rolloff": {"dmean2": 260.954498291, "median": 473.73046875, "min": 129.19921875, "dvar2": 718914.9375, "dvar": 365002.625, "dmean": 158.893051147, "max": 19595.2148438, "var": 6915995, "mean": 1047.7565918}, "spectral_centroid": {"dmean2": 152.619216919, "median": 440.984375, "min": 200.357589722, "dvar2": 150553.375, "dvar": 87773.8359375, "dmean": 106.912269592, "max": 11763.1259766, "var": 2329089, "mean": 785.030517578}, "pitch_salience": {"dmean2": 0.0607500858605, "median": 0.570411086082, "min": 0.189366698265, "dvar2": 0.0053252321668, "dvar": 0.00208851741627, "dmean": 0.0393734499812, "max": 0.901377975941, "var": 0.0102623552084, "mean": 0.565837979317}, "spectral_energyband_middle_high": {"dmean2": 0.000410487293266, "median": 0.000639720528852, "min": 1.12862726034e-21, "dvar2": 1.23767233617e-06, "dvar": 5.53116933588e-07, "dmean": 0.000291792763164, "max": 0.0234786383808, "var": 2.29346824199e-06, "mean": 0.00111563480459}, "spectral_contrast_coeffs": {"dmean2": [0.0618472211063, 0.0471420995891, 0.0408270582557, 0.0375543683767, 0.0310979429632, 0.0269164554775], "median": [-0.450565755367, -0.646696388721, -0.7472397089, -0.763011217117, -0.787148356438, -0.735882878304], "min": [-0.979568064213, -0.978996813297, -0.983399748802, -0.974315881729, -0.968930125237, -0.968153834343], "dvar2": [0.003425961826, 0.0023415221367, 0.00156042503659, 0.00108564319089, 0.000840563734528, 0.000705758924596], "dvar": [0.001284176833, 0.00094594527036, 0.000648572575301, 0.000478045054479, 0.000421675969847, 0.00036020562402], "dmean": [0.0371228419244, 0.0301932897419, 0.0260372757912, 0.0238766726106, 0.020475609228, 0.0181769300252], "max": [-0.186035111547, -0.378317177296, -0.518504440784, -0.54873508215, -0.51832062006, -0.555386722088], "var": [0.0140826841816, 0.00695440126583, 0.00517419353127, 0.00348255457357, 0.00406768126413, 0.00542500568554], "mean": [-0.467866659164, -0.651524543762, -0.742061793804, -0.764604270458, -0.783285737038, -0.751122534275]}, "melbands_skewness": {"dmean2": 0.665499329567, "median": 2.64602518082, "min": -1.51111757755, "dvar2": 0.747283995152, "dvar": 0.342732310295, "dmean": 0.451737582684, "max": 13.4238548279, "var": 2.15167570114, "mean": 2.78255844116}, "spectral_spread": {"dmean2": 695107.1875, "median": 3781761, "min": 521695.3125, "dvar2": 875667914752, "dvar": 444858564608, "dmean": 455976, "max": 43294300, "var": 28118985211900.0, "mean": 4232770.5}, "dissonance": {"dmean2": 0.0388740189373, "median": 0.415481120348, "min": 0.161222100258, "dvar2": 0.00142956280615, "dvar": 0.000588398484979, "dmean": 0.024244768545, "max": 0.499999940395, "var": 0.00285753887147, "mean": 0.407003164291}, "spectral_skewness": {"dmean2": 0.821012914181, "median": 2.3984181881, "min": -0.218266606331, "dvar2": 1.18857133389, "dvar": 0.525251805782, "dmean": 0.502806246281, "max": 11.9640340805, "var": 4.4668431282, "mean": 3.06707334518}, "spectral_flux": {"dmean2": 0.0181969106197, "median": 0.0274582765996, "min": 6.36368943652e-11, "dvar2": 0.000640414655209, "dvar": 0.000279588421108, "dmean": 0.0120881749317, "max": 0.223028093576, "var": 0.000949993787799, "mean": 0.035321585834}, "spectral_contrast_valleys": {"dmean2": [0.644888758659, 0.38634416461, 0.391908049583, 0.397532254457, 0.381953060627, 0.377973407507], "median": [-8.89010047913, -7.06815624237, -8.11129760742, -8.97801780701, -9.04960441589, -11.4368152618], "min": [-28.0741519928, -28.0846061707, -27.9018249512, -27.6703624725, -27.5848655701, -27.4216632843], "dvar2": [0.348223298788, 0.159241169691, 0.155584394932, 0.168066933751, 0.232555508614, 0.246593624353], "dvar": [0.131699457765, 0.0713080018759, 0.0748909860849, 0.0980407446623, 0.14868016541, 0.164249718189], "dmean": [0.387227773666, 0.246404647827, 0.255121350288, 0.276304274797, 0.283203125, 0.277835637331], "max": [-6.55340766907, -4.70351266861, -5.66217708588, -6.76161575317, -5.39530658722, -8.06274032593], "var": [7.1752371788, 8.69849586487, 7.73436498642, 7.56432008743, 8.39170074463, 6.50861024857], "mean": [-9.26068210602, -7.50921916962, -8.59961891174, -9.55016231537, -9.82177448273, -12.1786975861]}, "erbbands_flatness_db": {"dmean2": 0.0193742569536, "median": 0.21789380908, "min": 0.0377894192934, "dvar2": 0.000709293235559, "dvar": 0.000418221432483, "dmean": 0.0145104154944, "max": 0.404012799263, "var": 0.00393278338015, "mean": 0.225097686052}, "spectral_energyband_high": {"dmean2": 0.000244548427872, "median": 5.55458500457e-05, "min": 6.72515771023e-21, "dvar2": 2.05974311029e-06, "dvar": 1.01829493815e-06, "dmean": 0.000171169362147, "max": 0.0301369130611, "var": 1.77111064659e-06, "mean": 0.000294410099741}, "spectral_entropy": {"dmean2": 0.218241706491, "median": 6.55277347565, "min": 4.82429218292, "dvar2": 0.0900461375713, "dvar": 0.0520312078297, "dmean": 0.16136905551, "max": 9.82479953766, "var": 0.659911394119, "mean": 6.57802581787}, "silence_rate_20dB": {"dmean2": 0, "median": 1, "min": 1, "dvar2": 0, "dvar": 0, "dmean": 0, "max": 1, "var": 0, "mean": 1}, "melbands_flatness_db": {"dmean2": 0.0260497219861, "median": 0.308218240738, "min": 0.00343553093262, "dvar2": 0.00121106824372, "dvar": 0.000715480942745, "dmean": 0.0192155335099, "max": 0.563246428967, "var": 0.00858497340232, "mean": 0.308695733547}, "barkbands": {"dmean2": [1.63153799804e-06, 6.04598317295e-05, 0.000319274113281, 0.000768990023062, 0.00356601527892, 0.00100090180058, 0.0014495048672, 0.000273295532679, 0.000420359836426, 0.000176998233655, 0.000109727021481, 7.81655107858e-05, 6.33391973679e-05, 6.2385952333e-05, 4.73954569316e-05, 3.20564904541e-05, 4.99612942804e-05, 3.92062429455e-05, 2.36128162214e-05, 5.9024157963e-05, 0.000144249250297, 6.91443347023e-05, 1.34150541271e-05, 8.96496021596e-06, 1.15578322948e-05, 7.90650574345e-06, 7.71755310325e-07], "median": [3.90913612591e-08, 1.33361245389e-05, 0.000176915636985, 0.000542186899111, 0.00343940220773, 0.00158979441039, 0.000965269864537, 0.000146921927808, 0.0001884609228, 9.50773246586e-05, 6.18368503638e-05, 5.61460583413e-05, 2.36520627368e-05, 2.51169603871e-05, 2.0813800802e-05, 1.28033134388e-05, 1.61141942954e-05, 9.62233661994e-06, 4.89421472594e-06, 8.57235409057e-06, 1.50844207383e-05, 1.3336975826e-05, 3.78042295779e-06, 2.08417031899e-06, 2.56901967077e-06, 1.48140156853e-06, 7.81915403536e-08], "min": [9.92315528248e-26, 1.38453135248e-24, 5.76776341106e-25, 1.0300487175e-24, 6.46085403859e-24, 7.64610926564e-24, 6.528965078e-24, 2.98480787949e-24, 9.00999533937e-24, 1.26812766839e-23, 7.79539093676e-24, 2.216984238e-23, 2.65034418742e-23, 3.23347458618e-23, 4.52625384232e-23, 4.64309676416e-23, 6.84532346566e-23, 5.69340100395e-23, 1.3108110387e-22, 1.5057670936e-22, 2.37657991836e-22, 3.03460982017e-22, 3.10794485428e-22, 5.54531250073e-22, 8.25352777659e-22, 1.19970966111e-21, 1.85978837984e-21], "dvar2": [2.22455970311e-10, 2.80261893693e-08, 9.48258559674e-07, 3.04352579406e-06, 5.90922209085e-05, 4.00374801757e-06, 1.11344061224e-05, 5.96242784923e-07, 3.61554248229e-06, 5.66840299143e-07, 1.72547700572e-07, 5.69046143539e-08, 4.76728096999e-08, 3.91706613811e-08, 1.98270342366e-08, 9.82111281189e-09, 2.84369079395e-08, 1.32358479732e-07, 1.60094568713e-08, 1.33296907734e-07, 9.2339234925e-07, 1.30750038352e-07, 3.59695007113e-09, 1.91861948551e-09, 3.2375093717e-09, 1.53174173345e-09, 1.02446801042e-11], "dvar": [7.77209546721e-11, 1.31937394343e-08, 3.26184903088e-07, 1.21964615118e-06, 2.29202159971e-05, 1.99407759283e-06, 5.9828812482e-06, 3.32608408371e-07, 1.6941753529e-06, 2.43577744641e-07, 7.25992421735e-08, 2.96434059521e-08, 2.27779697326e-08, 1.77908852095e-08, 7.87639375943e-09, 4.02233002461e-09, 1.40944500515e-08, 5.12946378706e-08, 6.84659751116e-09, 6.68615598443e-08, 4.07428984772e-07, 6.83813183855e-08, 1.69049951815e-09, 1.08681985633e-09, 1.68450908777e-09, 7.0189803969e-10, 4.31215610094e-12], "dmean": [9.38081313961e-07, 3.97348412662e-05, 0.000197608940653, 0.000510088866577, 0.00236344547011, 0.000734443194233, 0.00106582790613, 0.000195472355699, 0.00030595442513, 0.000119915748655, 7.83353607403e-05, 5.3636609664e-05, 4.33943605458e-05, 4.14033820562e-05, 3.05092089548e-05, 2.08690471482e-05, 3.25959153997e-05, 2.51642486546e-05, 1.54041754286e-05, 3.98682932428e-05, 9.60546531132e-05, 4.63094074803e-05, 9.04819444258e-06, 6.39760537524e-06, 7.90616923041e-06, 5.27233078174e-06, 5.1039870641e-07], "max": [0.000332813098794, 0.00190478377044, 0.0124831