{"tonal": {"thpcp": [1, 0.604625225067, 0.451791256666, 0.394606143236, 0.239110335708, 0.243608728051, 0.268269568682, 0.203984513879, 0.299022614956, 0.320184797049, 0.221385210752, 0.27476015687, 0.243338674307, 0.171956121922, 0.306714504957, 0.328428596258, 0.194718196988, 0.163360312581, 0.194112047553, 0.318671733141, 0.671296477318, 0.738246202469, 0.440113127232, 0.324190557003, 0.259174466133, 0.213419109583, 0.247287288308, 0.195131525397, 0.183425471187, 0.327107787132, 0.342992663383, 0.264310598373, 0.293583959341, 0.315593600273, 0.431364864111, 0.885516881943], "hpcp": {"dmean2": [0.408698856831, 0.354714781046, 0.253132045269, 0.196430340409, 0.185200825334, 0.163434222341, 0.23144800961, 0.252151191235, 0.20146176219, 0.225616872311, 0.203278273344, 0.160493850708, 0.242338836193, 0.267367780209, 0.204009339213, 0.191889628768, 0.218875288963, 0.312170803547, 0.423531532288, 0.419491827488, 0.340459376574, 0.316805452108, 0.248689204454, 0.192146375775, 0.219566091895, 0.183959260583, 0.178962647915, 0.246397778392, 0.262257486582, 0.260898888111, 0.319323062897, 0.365233421326, 0.430798321962, 0.501680910587, 0.564917445183, 0.470260709524], "median": [0.0581117495894, 0.040804669261, 0.0288134291768, 0.0244458895177, 0.0228868871927, 0.0225713290274, 0.0197734162211, 0.0228612236679, 0.0318228304386, 0.0285674482584, 0.0264914780855, 0.0243747700006, 0.0290540568531, 0.033757455647, 0.0253536365926, 0.0157117452472, 0.0176441315562, 0.053966589272, 0.207272738218, 0.227169275284, 0.107963889837, 0.0303393322974, 0.0225964859128, 0.0310878232121, 0.0257673636079, 0.018818795681, 0.0193850453943, 0.041163854301, 0.0405965596437, 0.0283676199615, 0.0200617928058, 0.0247028246522, 0.0647818446159, 0.281961202621, 0.31901755929, 0.160318344831], "min": [0, 0, 0, 0, 0, 0, 0, 0, 0, 0, 0, 0, 0, 0, 0, 0, 0, 0, 0, 0, 0, 0, 0, 0, 0, 0, 0, 0, 0, 0, 0, 0, 0, 0, 0, 0], "dvar2": [0.20078215003, 0.198133766651, 0.148207217455, 0.0872413665056, 0.0809351280332, 0.0749259293079, 0.125665515661, 0.135898813605, 0.0845507234335, 0.107304550707, 0.0971442013979, 0.0856899395585, 0.117718502879, 0.126030057669, 0.105365283787, 0.119027942419, 0.127078264952, 0.143977865577, 0.150424614549, 0.130266457796, 0.119510777295, 0.171355798841, 0.129394412041, 0.0850568860769, 0.114678092301, 0.0953295826912, 0.103727936745, 0.120800949633, 0.130778342485, 0.143672585487, 0.209630295634, 0.216928422451, 0.21772582829, 0.187670618296, 0.216791257262, 0.189242571592], "dvar": [0.0768809020519, 0.0728482306004, 0.0515965223312, 0.031412422657, 0.0309015195817, 0.0268114805222, 0.0533527173102, 0.0557421483099, 0.0299273952842, 0.0378301814198, 0.0335094556212, 0.0288528501987, 0.0447139963508, 0.0468871705234, 0.0356984175742, 0.0397433340549, 0.0421540364623, 0.0500651933253, 0.0583443082869, 0.0505844019353, 0.0439233072102, 0.0611637756228, 0.0467965789139, 0.0313283130527, 0.0469409637153, 0.0362164638937, 0.0367336161435, 0.0476562306285, 0.0529759936035, 0.0524387769401, 0.0732709988952, 0.0776127278805, 0.0782947763801, 0.0779269859195, 0.0896029695868, 0.0692047774792], "dmean": [0.224697217345, 0.196401700377, 0.135648190975, 0.109210006893, 0.105237990618, 0.0909756496549, 0.12934820354, 0.142789706588, 0.109855793417, 0.123208202422, 0.110393993556, 0.0866472646594, 0.135127350688, 0.14878153801, 0.10855524987, 0.100385725498, 0.115582466125, 0.168373182416, 0.242994174361, 0.244612857699, 0.188996180892, 0.173706948757, 0.135859847069, 0.106147184968, 0.123811818659, 0.102547377348, 0.0976796969771, 0.141885653138, 0.150559321046, 0.142016157508, 0.171225756407, 0.193978950381, 0.234142571688, 0.293156027794, 0.324688732624, 0.262125253677], "max": [1, 1, 1, 1, 1, 1, 1, 1, 1, 1, 1, 1, 1, 1, 1, 1, 1, 1, 1, 1, 1, 1, 1, 1, 1, 1, 1, 1, 1, 1, 1, 1, 1, 1, 1, 1], "var": [0.0780741423368, 0.0685137063265, 0.036313008517, 0.030826067552, 0.0423720404506, 0.0228281486779, 0.0613886527717, 0.0643706470728, 0.0236592870206, 0.0430149994791, 0.0343372188509, 0.0196438264102, 0.0507433526218, 0.0525555983186, 0.023973537609, 0.0258857477456, 0.0300118084997, 0.0394317470491, 0.0776510313153, 0.0912152975798, 0.0467465110123, 0.0549372844398, 0.0413186885417, 0.0256953164935, 0.0451644957066, 0.0304344594479, 0.0254931747913, 0.0477303639054, 0.0548112653196, 0.0414955876768, 0.0591093748808, 0.0604179799557, 0.0667361021042, 0.118304893374, 0.137503519654, 0.0741538107395], "mean": [0.193403452635, 0.168923571706, 0.102358698845, 0.104284375906, 0.114841230214, 0.0873219892383, 0.12800604105, 0.137065172195, 0.0947709009051, 0.117619723082, 0.104168772697, 0.0736112296581, 0.131298795342, 0.140594184399, 0.0833552479744, 0.0699315220118, 0.0830957666039, 0.136417463422, 0.287369579077, 0.316029518843, 0.188404262066, 0.138779968023, 0.110947780311, 0.0913607627153, 0.105859100819, 0.0835321843624, 0.0785210430622, 0.140028774738, 0.14682880044, 0.113146461546, 0.125677853823, 0.135099768639, 0.184659302235, 0.379073351622, 0.428081452847, 0.2588288486]}, "tuning_equal_tempered_deviation": 0.225982561707, "chords_changes_rate": 0.0570134706795, "key_key": "G#", "tuning_diatonic_strength": 0.579935073853, "key_scale": "minor", "chords_number_rate": 0.000812819343992, "tuning_frequency": 434.193115234, "tuning_nontempered_energy_ratio": 0.944925963879, "chords_histogram": [45.6456108093, 0.383186250925, 0, 0.127728745341, 0, 7.75661849976, 0.0232234094292, 29.5169525146, 1.82303762436, 0.0580585226417, 0, 0, 0, 0, 0, 0, 0, 0, 0, 0.429633080959, 3.64607524872, 1.10311198235, 8.48815631866, 0.998606622219], "key_strength": 0.717765033245, "chords_key": "G#", "chords_strength": {"dmean2": 0.0117188962176, "median": 0.500616550446, "min": -1, "dvar2": 0.000566988426726, "dvar": 0.000301566673443, "dmean": 0.0100169014186, "max": 0.740619182587, "var": 0.014990825206, "mean": 0.4911236763}, "chords_scale": "minor", "hpcp_entropy": {"dmean2": 1.24105000496, "median": 2.36377835274, "min": 0, "dvar2": 1.02956569195, "dvar": 0.340436279774, "dmean": 0.711734592915, "max": 4.4351940155, "var": 0.579537630081, "mean": 2.34348464012}}, "metadata": {"audio_properties": {"equal_loudness": 0, "codec": "mp3", "downmix": "mix", "sample_rate": 44100, "analysis_sample_rate": 44100, "bit_rate": 128000, "md5_encoded": "eb34e5de785656ff8581bc931f51cb4c", "length": 399.856323242, "replay_gain": -11.1285476685, "lossless": false}, "version": {"essentia_build_sha": "2d9f1f26377add8aeb1075a9c2973f962c4f09fd", "essentia": "2.1-beta2", "extractor": "music 1.0", "essentia_git_sha": "v2.1_beta2-1-ge3940c0"}, "tags": {"title": ["Mets\u00e4-\u00e4ss\u00e4 mets\u00e4ss\u00e4"], "media": ["CD-R"], "albumartist": ["Huopatossu Mononen"], "musicbrainz_recordingid": ["1140d2ca-1333-4f07-af0c-ec57bd2c81fd"], "originalyear": ["2001"], "discnumber": ["1/1"], "album": ["Lapaluun paluu"], "catalognumber": ["MTMACD02"], "musicbrainz album release country": ["FI"], "musicbrainz album type": ["album"], "musicbrainz album status": ["official"], "file_name": "02 - Mets\u00e4-\u00e4ss\u00e4 mets\u00e4ss\u00e4.mp3", "musicbrainz_albumartistid": ["6330ce3d-5989-449a-9923-fd7718a1f229"], "date": ["2001"], "genre": ["Psytrance", "Psychedelic"], "musicbrainz_releasegroupid": ["cc04069c-ad02-4e15-bbc5-fef2077a2f64"], "script": ["Latn"], "originaldate": ["2001"], "musicbrainz_albumid": ["6b0b3435-3535-4224-bd28-628a60e7b633"], "artist": ["Huopatossu Mononen"], "artistsort": ["Huopatossu Mononen"], "tracknumber": ["2/9"], "label": ["M\u00e4 Tied\u00e4n Miss\u00e4 S\u00e4 J\u00e4tk\u00e4 Asut Records"], "albumartistsort": ["Huopatossu Mononen"], "acoustid_id": ["9ce2d8f0-5871-417e-8426-4040205d94dd"], "musicbrainz_artistid": ["6330ce3d-5989-449a-9923-fd7718a1f229"]}}, "rhythm": {"bpm_histogram_first_peak_bpm": {"dmean2": 0, "median": 140, "min": 140, "dvar2": 0, "dvar": 0, "dmean": 0, "max": 140, "var": 0, "mean": 140}, "bpm": 139.963470459, "bpm_histogram_second_peak_spread": {"dmean2": 0, "median": 0.166666671634, "min": 0.166666671634, "dvar2": 0, "dvar": 0, "dmean": 0, "max": 0.166666671634, "var": 0, "mean": 0.166666671634}, "bpm_histogram_first_peak_weight": {"dmean2": 0, "median": 0.745928347111, "min": 0.745928347111, "dvar2": 0, "dvar": 0, "dmean": 0, "max": 0.745928347111, "var": 0, "mean": 0.745928347111}, "onset_rate": 7.59745311737, "beats_position": [0.441179126501, 0.882358253002, 1.31192743778, 1.74149656296, 2.17106580734, 2.58902478218, 3.01859402657, 3.44816327095, 3.87773227692, 4.3073015213, 4.73687076569, 5.16644001007, 5.59600877762, 6.025578022, 6.45514726639, 6.88471651077, 7.31428575516, 7.74385452271, 8.17342376709, 8.59138298035, 9.02095222473, 9.45052146912, 9.8800907135, 10.3096599579, 10.7276191711, 11.1571884155, 11.5867567062, 12.0163259506, 12.445895195, 12.8754644394, 13.3050336838, 13.7346029282, 14.1641721725, 14.5937414169, 15.0233106613, 15.4412698746, 15.870839119, 16.3004074097, 16.7299766541, 17.1595458984, 17.5891151428, 18.0186843872, 18.4366436005, 18.8662128448, 19.2957820892, 19.7253513336, 20.154920578, 20.5844898224, 21.0140590668, 21.4436283112, 21.8731975555, 22.3027667999, 22.7323360443, 23.1619052887, 23.5914726257, 24.009431839, 24.4390010834, 24.8685703278, 25.2981395721, 25.7277088165, 26.1572780609, 26.5868473053, 27.0164165497, 27.4459857941, 27.8755550385, 28.3051242828, 28.7346935272, 29.1642627716, 29.593832016, 30.0234012604, 30.4413604736, 30.870929718, 31.3004989624, 31.7300682068, 32.1596374512, 32.5892066956, 33.0187759399, 33.4483451843, 33.8779144287, 34.2958717346, 34.725440979, 35.1550102234, 35.5845794678, 36.0141487122, 36.4437179565, 36.8732872009, 37.3028564453, 37.7324256897, 38.1503829956, 38.57995224, 39.0095214844, 39.4390907288, 39.8686599731, 40.2982292175, 40.7277984619, 41.1573677063, 41.5869369507, 42.0048980713, 42.4344673157, 42.8640365601, 43.2936058044, 43.7231750488, 44.1527442932, 44.5823135376, 45.011882782, 45.4414520264, 45.8594093323, 46.2889785767, 46.718547821, 47.1481170654, 47.5776863098, 48.0072555542, 48.4368247986, 48.866394043, 49.2959632874, 49.7255325317, 50.1551017761, 50.573059082, 51.0026283264, 51.4321975708, 51.8617668152, 52.2913360596, 52.720905304, 53.1504745483, 53.5800437927, 54.0096130371, 54.4275741577, 54.8571434021, 55.2867126465, 55.7162818909, 56.1458511353, 56.5754165649, 57.0049858093, 57.4229469299, 57.8525161743, 58.2820854187, 58.7116546631, 59.1412239075, 59.5707931519, 60.0003623962, 60.4299316406, 60.859500885, 61.2774581909, 61.7070274353, 62.1365966797, 62.5661659241, 62.9957351685, 63.4253044128, 63.8548736572, 64.2844467163, 64.714012146, 65.1319732666, 65.5615386963, 65.9911117554, 66.4206771851, 66.8502502441, 67.2682037354, 67.6977767944, 68.1273422241, 68.5685272217, 69.0097045898, 69.450881958, 69.8688430786, 70.2868041992, 70.7163696289, 71.145942688, 71.5755081177, 71.9934692383, 72.423034668, 72.8526077271, 73.2821731567, 73.7001342773, 74.1297073364, 74.5592727661, 74.9888458252, 75.4184112549, 75.8479766846, 76.2775497437, 76.6955108643, 77.1250762939, 77.554649353, 77.9842147827, 78.4137878418, 78.8433532715, 79.2729263306, 79.7024917603, 80.1320648193, 80.5500183105, 80.9795913696, 81.4091567993, 81.8387298584, 82.2682952881, 82.6978683472, 83.1274337769, 83.5570068359, 83.9865722656, 84.4161453247, 84.8457107544, 85.263671875, 85.6932373047, 86.1228103638, 86.5523757935, 86.9819488525, 87.4115142822, 87.8410873413, 88.270652771, 88.7002258301, 89.1181869507, 89.5477523804, 89.9773254395, 90.4068908691, 90.8364639282, 91.2660293579, 91.695602417, 92.1135559082, 92.5431289673, 92.972694397, 93.4022674561, 93.8318328857, 94.2614059448, 94.6909713745, 95.1205444336, 95.5501098633, 95.9680709839, 96.3976364136, 96.8272094727, 97.2567749023, 97.6863479614, 98.1159133911, 98.5454864502, 98.9750518799, 99.404624939, 99.8341903687, 100.263763428, 100.681724548, 101.111289978, 101.540863037, 101.970428467, 102.400001526, 102.829566956, 103.259140015, 103.688705444, 104.118278503, 104.536231995, 104.965805054, 105.395370483, 105.824943542, 106.254508972, 106.684082031, 107.113647461, 107.531608582, 107.961174011, 108.39074707, 108.8203125, 109.249885559, 109.679450989, 110.109024048, 110.538589478, 110.968162537, 111.397727966, 111.827301025, 112.245262146, 112.674827576, 113.104400635, 113.533966064, 113.963539124, 114.381492615, 114.811065674, 115.240631104, 115.670204163, 116.099769592, 116.529342651, 116.958908081, 117.38848114, 117.81804657, 118.247619629, 118.677185059, 119.106758118, 119.536323547, 119.954284668, 120.383850098, 120.813423157, 121.242988586, 121.672561646, 122.102127075, 122.531700134, 122.949661255, 123.379226685, 123.808792114, 124.238365173, 124.667930603, 125.097503662, 125.527069092, 125.956642151, 126.386207581, 126.804168701, 127.245346069, 127.674919128, 128.104492188, 128.522445679, 128.952011108, 129.381591797, 129.811157227, 130.240722656, 130.670288086, 131.099868774, 131.517822266, 131.947387695, 132.376953125, 132.806533813, 133.236099243, 133.665664673, 134.095230103, 134.524810791, 134.954376221, 135.372329712, 135.801895142, 136.23147583, 136.66104126, 137.090606689, 137.520172119, 137.949752808, 138.367706299, 138.797271729, 139.226852417, 139.656417847, 140.085983276, 140.515548706, 140.945129395, 141.374694824, 141.804260254, 142.233825684, 142.663391113, 143.092971802, 143.522537231, 143.940490723, 144.370071411, 144.799636841, 145.229202271, 145.6587677, 146.088348389, 146.517913818, 146.93586731, 147.365432739, 147.795013428, 148.224578857, 148.654144287, 149.083709717, 149.513290405, 149.942855835, 150.372421265, 150.790390015, 151.219955444, 151.649520874, 152.079086304, 152.508651733, 152.938232422, 153.367797852, 153.797363281, 154.226928711, 154.656509399, 155.086074829, 155.50402832, 155.933609009, 156.363174438, 156.792739868, 157.222305298, 157.651885986, 158.081451416, 158.511016846, 158.940582275, 159.370162964, 159.799728394, 160.217681885, 160.647247314, 161.076828003, 161.506393433, 161.935958862, 162.365524292, 162.79510498, 163.22467041, 163.65423584, 164.072189331, 164.50177002, 164.931335449, 165.360900879, 165.790466309, 166.220046997, 166.649612427, 167.079177856, 167.508743286, 167.926712036, 168.356277466, 168.785842896, 169.215423584, 169.644989014, 170.074554443, 170.504119873, 170.922088623, 171.351654053, 171.781219482, 172.210784912, 172.640365601, 173.06993103, 173.49949646, 173.92906189, 174.358642578, 174.776596069, 175.206161499, 175.635726929, 176.065307617, 176.494873047, 176.924438477, 177.354003906, 177.783584595, 178.213150024, 178.642715454, 179.072280884, 179.490249634, 179.919815063, 180.349380493, 180.778961182, 181.208526611, 181.638092041, 182.067657471, 182.4972229, 182.926803589, 183.379592896, 183.843994141, 184.296783447, 184.737960815, 185.190750122, 185.655151367, 186.107940674, 186.549118042, 186.99029541, 187.408248901, 187.837814331, 188.26739502, 188.696960449, 189.126525879, 189.556091309, 189.985671997, 190.415237427, 190.844802856, 191.262756348, 191.692337036, 192.121902466, 192.551467896, 192.981033325, 193.410614014, 193.840179443, 194.269744873, 194.699310303, 195.117279053, 195.546844482, 195.976409912, 196.405975342, 196.83555603, 197.26512146, 197.69468689, 198.124252319, 198.553833008, 198.983398438, 199.412963867, 199.830932617, 200.260498047, 200.690063477, 201.119628906, 201.549209595, 201.978775024, 202.408340454, 202.826293945, 203.255874634, 203.685440063, 204.115005493, 204.544570923, 204.974151611, 205.403717041, 205.833282471, 206.2628479, 206.68081665, 207.121994019, 207.53994751, 207.981124878, 208.399093628, 208.828659058, 209.258224487, 209.676193237, 210.117370605, 210.535324097, 210.976501465, 211.394470215, 211.835647583, 212.253601074, 212.683166504, 213.112747192, 213.542312622, 213.971878052, 214.401443481, 214.831008911, 215.2605896, 215.701766968, 216.154556274, 216.61895752, 217.060134888, 217.501312256, 217.942489624, 218.406890869, 218.859680176, 219.312469482, 219.742034912, 220.171600342, 220.60118103, 221.03074646, 221.46031189, 221.889877319, 222.319458008, 222.749023438, 223.178588867, 223.608154297, 224.026123047, 224.455688477, 224.885253906, 225.314819336, 225.744400024, 226.173965454, 226.603530884, 227.033096313, 227.462677002, 227.892242432, 228.321807861, 228.739776611, 229.169342041, 229.598907471, 230.040084839, 230.481262207, 230.922439575, 231.375228882, 231.828018188, 232.269195557, 232.710388184, 233.17477417, 233.639175415, 234.080352783, 234.521530151, 234.95111084, 235.38067627, 235.810241699, 236.239807129, 236.669387817, 237.098953247, 237.528518677, 237.958084106, 238.376052856, 238.805618286, 239.235183716, 239.664764404, 240.094329834, 240.523895264, 240.953460693, 241.371429443, 241.800994873, 242.230560303, 242.660125732, 243.089706421, 243.519271851, 243.94883728, 244.37840271, 244.807983398, 245.22593689, 245.655502319, 246.085067749, 246.514648438, 246.944213867, 247.373779297, 247.803344727, 248.232925415, 248.662490845, 249.092056274, 249.521621704, 249.939590454, 250.369155884, 250.798721313, 251.228302002, 251.657867432, 252.075820923, 252.505386353, 252.934967041, 253.364532471, 253.7940979, 254.22366333, 254.653244019, 255.082809448, 255.512374878, 255.941940308, 256.371520996, 256.789459229, 257.219055176, 257.648620605, 258.078186035, 258.507751465, 258.937316895, 259.366882324, 259.796447754, 260.226013184, 260.655609131, 261.085174561, 261.51473999, 261.94430542, 262.36227417, 262.7918396, 263.221405029, 263.650970459, 264.080535889, 264.510101318, 264.939666748, 265.357635498, 265.787200928, 266.216766357, 266.646331787, 267.075927734, 267.505493164, 267.935058594, 268.364624023, 268.794189453, 269.212158203, 269.641723633, 270.071289063, 270.500854492, 270.930419922, 271.359985352, 271.789550781, 272.219146729, 272.648712158, 273.078277588, 273.507843018, 273.925811768, 274.355377197, 274.784942627, 275.214508057, 275.644073486, 276.062042236, 276.491607666, 276.921173096, 277.350738525, 277.780303955, 278.209869385, 278.639465332, 279.069030762, 279.498596191, 279.928161621, 280.357727051, 280.775695801, 281.20526123, 281.63482666, 282.06439209, 282.49395752, 282.923522949, 283.353088379, 283.782684326, 284.212249756, 284.641815186, 285.071380615, 285.605438232, 286.13949585, 286.673553467, 287.207611084, 287.741668701, 288.275726318, 288.809783936, 289.343841553, 289.87789917, 290.411956787, 290.946014404, 291.480072021, 292.014129639, 292.559814453, 293.10546875, 293.639526367, 294.173614502, 294.707672119, 295.241729736, 295.775787354, 296.309844971, 296.843902588, 297.377960205, 297.912017822, 298.446075439, 298.980133057, 299.514190674, 300.048248291, 300.582305908, 301.116363525, 301.650421143, 302.196105957, 302.741760254, 303.275817871, 303.809875488, 304.343933105, 304.877990723, 305.41204834, 305.946105957, 306.480163574, 307.049072266, 307.629577637, 308.175231934, 308.72088623, 309.266571045, 309.800628662, 310.334686279, 310.868743896, 311.402801514, 311.960083008, 312.401275635, 312.842437744, 313.295227051, 313.736419678, 314.177581787, 314.607147217, 315.036743164, 315.466308594, 315.907470703, 316.371887207, 316.836273193, 317.265838623, 317.695404053, 318.13659668, 318.589385986, 319.042175293, 319.483337402, 319.901306152, 320.330871582, 320.760437012, 321.190002441, 321.619598389, 322.049163818, 322.478729248, 322.908294678, 323.337860107, 323.755828857, 324.185394287, 324.614959717, 325.044525146, 325.474090576, 325.903656006, 326.333221436, 326.762817383, 327.192382813, 327.610321045, 328.039916992, 328.469482422, 328.910644531, 329.328613281, 329.758178711, 330.187744141, 330.61730957, 331.046875, 331.46484375, 331.89440918, 332.323974609, 332.753540039, 333.183135986, 333.612701416, 334.042266846, 334.471832275, 334.901397705, 335.319366455, 335.760528564, 336.178497314, 336.608062744, 337.037628174, 337.467193604, 337.896759033, 338.32635498, 338.75592041, 339.173858643, 339.60345459, 340.03302002, 340.462585449, 340.892150879, 341.321716309, 341.751281738, 342.180847168, 342.610412598, 343.028381348, 343.469573975, 343.887512207, 344.317077637, 344.746673584, 345.176239014, 345.605804443, 346.035369873, 346.464935303, 346.894500732, 347.324066162, 347.742034912, 348.171600342, 348.601165771, 349.030731201, 349.460296631, 349.889892578, 350.319458008, 350.73739624, 351.166992188, 351.596557617, 352.026123047, 352.455688477, 352.885253906, 353.314819336, 353.744384766, 354.173950195, 354.591918945, 355.021484375, 355.451049805, 355.880615234, 356.310211182, 356.739776611, 357.169342041, 357.598907471, 358.0284729, 358.44644165, 358.88760376, 359.30557251, 359.735137939, 360.164703369, 360.594268799, 361.023834229, 361.441802979, 361.871368408, 362.300933838, 362.730529785, 363.160095215, 363.589660645, 364.019226074, 364.448791504, 364.878356934, 365.307922363, 365.737487793, 366.155456543, 366.59664917, 367.0262146, 367.467376709, 367.920166016, 368.38458252, 368.825744629, 369.266937256, 369.696502686, 370.126068115, 370.555633545, 370.985198975, 371.403167725, 371.832733154, 372.262298584, 372.691864014, 373.121429443, 373.551025391, 373.98059082, 374.41015625, 374.83972168, 375.25769043, 375.687255859, 376.116821289, 376.546386719, 376.975952148, 377.405517578, 377.835083008, 378.253051758, 378.682617188, 379.112182617, 379.541748047, 379.971343994, 380.400909424, 380.830474854, 381.248443604, 381.678009033, 382.107574463, 382.537139893, 382.966705322, 383.396270752, 383.825836182, 384.255401611, 384.684967041, 385.102935791, 385.532501221, 385.96206665, 386.391662598, 386.821228027, 387.250793457, 387.680358887, 388.109924316, 388.539489746, 388.957458496, 389.387023926, 389.816589355, 390.246154785, 390.675720215, 391.000823975, 391.325897217, 391.650970459, 391.987670898, 392.32434082, 392.66104126, 393.020935059, 393.346038818, 393.671112061, 393.996185303, 394.321258545, 394.646331787, 394.971435547, 395.308105469, 395.656402588, 396.016326904, 396.376220703, 396.747741699, 397.107666016, 397.455963135, 397.804260254, 398.152557373, 398.512451172, 398.860778809, 399.220672607], "beats_loudness": {"dmean2": 0.0267918724567, "median": 0.0545596033335, "min": 0, "dvar2": 0.000454897905001, "dvar": 0.000166472527781, "dmean": 0.0146400043741, "max": 0.123610429466, "var": 0.000737119466066, "mean": 0.0494629330933}, "danceability": 1.2504389286, "bpm_histogram_second_peak_weight": {"dmean2": 0, "median": 0.0434310548007, "min": 0.0434310548007, "dvar2": 0, "dvar": 0, "dmean": 0, "max": 0.0434310548007, "var": 0, "mean": 0.0434310548007}, "beats_count": 922, "bpm_histogram_second_peak_bpm": {"dmean2": 0, "median": 112, "min": 112, "dvar2": 0, "dvar": 0, "dmean": 0, "max": 112, "var": 0, "mean": 112}, "bpm_histogram_first_peak_spread": {"dmean2": 0, "median": 0.166262149811, "min": 0.166262149811, "dvar2": 0, "dvar": 0, "dmean": 0, "max": 0.166262149811, "var": 0, "mean": 0.166262149811}, "beats_loudness_band_ratio": {"dmean2": [0.192013040185, 0.106153398752, 0.0786063373089, 0.0621074847877, 0.0533342212439, 0.0588264353573], "median": [0.782640099525, 0.0643484666944, 0.0411531887949, 0.0366417244077, 0.0276824533939, 0.0402526557446], "min": [0, 0, 0, 0, 0, 0], "dvar2": [0.0394254624844, 0.0142921581864, 0.00783020164818, 0.00671836035326, 0.00774260330945, 0.00980651564896], "dvar": [0.0144213065505, 0.00556672783569, 0.00259420042858, 0.00297542056069, 0.00272717489861, 0.00330844754353], "dmean": [0.106686659157, 0.0606894120574, 0.0434723347425, 0.0365635491908, 0.0316247716546, 0.031784247607], "max": [0.99146604538, 0.904672503471, 0.429582268, 0.669649541378, 0.635222911835, 0.922642707825], "var": [0.0829652547836, 0.0139169152826, 0.00625631213188, 0.0115819908679, 0.00926940236241, 0.00388581771404], "mean": [0.668926000595, 0.103104881942, 0.0733485743403, 0.0738505274057, 0.0626687854528, 0.0514806136489]}}, "lowlevel": {"barkbands_spread": {"dmean2": 15.547085762, "median": 25.1923217773, "min": 0.0624717734754, "dvar2": 235.343215942, "dvar": 105.381668091, "dmean": 9.50168991089, "max": 102.834983826, "var": 333.403686523, "mean": 27.2335281372}, "melbands_spread": {"dmean2": 16.4178180695, "median": 19.9787902832, "min": 0.259957551956, "dvar2": 400.55670166, "dvar": 181.552978516, "dmean": 10.155749321, "max": 183.407775879, "var": 516.544067383, "mean": 24.9262866974}, "hfc": {"dmean2": 20.7269916534, "median": 17.3888282776, "min": 1.05896237737e-16, "dvar2": 565.134338379, "dvar": 246.825973511, "dmean": 13.5906391144, "max": 151.470336914, "var": 459.394714355, "mean": 23.4796676636}, "barkbands_kurtosis": {"dmean2": 11.8434829712, "median": 2.27417898178, "min": -1.9179469347, "dvar2": 1064.79260254, "dvar": 395.364227295, "dmean": 7.04524040222, "max": 831.216247559, "var": 450.946716309, "mean": 8.66536426544}, "gfcc": {"mean": [-12.0281181335, 74.9789352417, -97.7556686401, 39.9993019104, -61.9140434265, 22.0075645447, -38.5601501465, 6.26493024826, -27.3422622681, 3.92720794678, -18.1187915802, 3.70755410194, -13.8369131088], "icov": [[0.000204605210456, -0.000480889400933, 0.000316385092447, -0.000543105299585, 0.000415167101892, -0.000648736197036, 0.000653013470583, -0.000635439006146, 0.000718472991139, -0.000714552181307, 0.000685827399138, -0.000612099305727, 0.000268068397418], [-0.000480889400933, 0.0025691667106, -0.00118499039672, 0.0020034883637, -0.00159354682546, 0.00197704834864, -0.00195655738935, 0.00244999700226, -0.00244216551073, 0.00335450307466, -0.00293806148693, 0.00313156493939, -0.00132761523128], [0.000316385092447, -0.00118499039672, 0.00143525295425, -0.00140384433325, 0.000323984626448, -0.00115527852904, 0.000358190358384, -0.000891340489034, 0.00232089310884, -0.00235342234373, 0.00121573451906, -0.00166708510369, 0.00117657042574], [-0.000543105299585, 0.0020034883637, -0.00140384433325, 0.00422563124448, -0.00185822660569, 0.00205161003396, -0.00196430273354, 0.00179196661338, -0.00226541375741, 0.0020797427278, -0.000821668305434, 0.00154382491019, 0.000780064263381], [0.000415167101892, -0.00159354682546, 0.000323984626448, -0.00185822660569, 0.00688458140939, -0.00375969032757, 0.000436011177953, -0.00111419288442, -0.000894381955732, 0.00103969441261, 0.000575887330342, 0.00101056252606, -0.000587063201237], [-0.000648736197036, 0.00197704834864, -0.00115527852904, 0.00205161003396, -0.00375969032757, 0.0115379644558, -0.00491636246443, -0.00195659277961, 0.00148860004265, -0.00209458242171, 0.00048106777831, 0.00105323235039, -0.000478723231936], [0.000653013470583, -0.00195655738935, 0.000358190358384, -0.00196430273354, 0.000436011177953, -0.00491636246443, 0.0106768161058, -0.00401277607307, -0.0007196709048, 0.00199341098778, -0.000548739742953, -0.00177892111242, 0.000500954163726], [-0.000635439006146, 0.00244999700226, -0.000891340489034, 0.00179196661338, -0.00111419288442, -0.00195659277961, -0.00401277607307, 0.0156526956707, -0.00816190894693, 0.000973811431322, 0.000980375916697, 0.000199420595891, 0.0017089600442], [0.000718472991139, -0.00244216551073, 0.00232089310884, -0.00226541375741, -0.000894381955732, 0.00148860004265, -0.0007196709048, -0.00816190894693, 0.0196211393923, -0.0115558793768, -0.00189039122779, 0.00273500266485, -0.00284792901948], [-0.000714552181307, 0.00335450307466, -0.00235342234373, 0.0020797427278, 0.00103969441261, -0.00209458242171, 0.00199341098778, 0.000973811431322, -0.0115558793768, 0.0232354737818, -0.00789299514145, -0.00153126532678, 0.00108913297299], [0.000685827399138, -0.00293806148693, 0.00121573451906, -0.000821668305434, 0.000575887330342, 0.00048106777831, -0.000548739742953, 0.000980375916697, -0.00189039122779, -0.00789299514145, 0.0224109254777, -0.0102774491534, 0.000352879054844], [-0.000612099305727, 0.00313156493939, -0.00166708510369, 0.00154382491019, 0.00101056252606, 0.00105323235039, -0.00177892111242, 0.000199420595891, 0.00273500266485, -0.00153126532678, -0.0102774491534, 0.0269622467458, -0.0100387986749], [0.000268068397418, -0.00132761523128, 0.00117657042574, 0.000780064263381, -0.000587063201237, -0.000478723231936, 0.000500954163726, 0.0017089600442, -0.00284792901948, 0.00108913297299, 0.000352879054844, -0.0100387986749, 0.0209586434066]], "cov": [[20191.5253906, -2621.35083008, -951.951721191, 1351.46313477, -1012.75372314, 764.093200684, -934.07220459, 555.448669434, -586.740844727, 471.943237305, -663.762573242, 241.229003906, -432.577911377], [-2621.35083008, 2543.23583984, 318.068969727, -540.343078613, 443.163269043, -297.037475586, 288.97567749, -299.474487305, 126.443626404, -311.771087646, 208.499282837, -177.726516724, 164.768829346], [-951.951721191, 318.068969727, 1943.16540527, 417.526641846, 229.678039551, 197.017654419, 214.485595703, 32.2185668945, -95.7158126831, 20.2615642548, -25.9815273285, -2.43845081329, -103.910949707], [1351.46313477, -540.343078613, 417.526641846, 656.776000977, 25.4204959869, 139.54548645, 12.1976127625, 97.8002090454, -52.3813095093, 55.0310440063, -99.3856124878, 5.05819940567, -109.645179749], [-1012.75372314, 443.163269043, 229.678039551, 25.4204959869, 352.997528076, 56.3650856018, 161.653503418, 9.21566009521, 66.7546615601, -61.552028656, 26.8295707703, -60.4003257751, 16.6326179504], [764.093200684, -297.037475586, 197.017654419, 139.54548645, 56.3650856018, 257.098510742, 71.0762939453, 126.141616821, -8.66440677643, 65.9577789307, -47.4035797119, 17.5167369843, -44.7923088074], [-934.07220459, 288.97567749, 214.485595703, 12.1976127625, 161.653503418, 71.0762939453, 249.496627808, 45.7631378174, 67.7102355957, -29.7453651428, 37.5181274414, -24.4825611115, 12.6019659042], [555.448669434, -299.474487305, 32.2185668945, 97.8002090454, 9.21566009521, 126.141616821, 45.7631378174, 178.732116699, 50.512348175, 73.5703659058, -25.2851257324, 17.6650047302, -32.1238098145], [-586.740844727, 126.443626404, -95.7158126831, -52.3813095093, 66.7546615601, -8.66440677643, 67.7102355957, 50.512348175, 158.767547607, 44.7785301208, 61.3361244202, -6.57915687561, 33.8346443176], [471.943237305, -311.771087646, 20.2615642548, 55.0310440063, -61.552028656, 65.9577789307, -29.7453651428, 73.5703659058, 44.7785301208, 139.419799805, 16.4069232941, 46.867275238, -13.4645328522], [-663.762573242, 208.499282837, -25.9815273285, -99.3856124878, 26.8295707703, -47.4035797119, 37.5181274414, -25.2851257324, 61.3361244202, 16.4069232941, 112.946929932, 22.4635257721, 44.0282554626], [241.229003906, -177.726516724, -2.43845081329, 5.05819940567, -60.4003257751, 17.5167369843, -24.4825611115, 17.6650047302, -6.57915687561, 46.867275238, 22.4635257721, 81.4849700928, 18.7803325653], [-432.577911377, 164.768829346, -103.910949707, -109.645179749, 16.6326179504, -44.7923088074, 12.6019659042, -32.1238098145, 33.8346443176, -13.4645328522, 44.0282554626, 18.7803325653, 88.909576416]]}, "spectral_energyband_middle_low": {"dmean2": 0.0158704724163, "median": 0.00701731536537, "min": 1.58816809588e-22, "dvar2": 0.000619933882263, "dvar": 0.000246409152169, "dmean": 0.00956762488931, "max": 0.133585169911, "var": 0.000238286505919, "mean": 0.0118333632126}, "melbands_crest": {"dmean2": 6.42876672745, "median": 15.0452957153, "min": 1.68130469322, "dvar2": 26.615945816, "dvar": 11.6933097839, "dmean": 4.04030370712, "max": 34.118686676, "var": 38.1414871216, "mean": 15.4251394272}, "spectral_kurtosis": {"dmean2": 7.89963436127, "median": 2.02905392647, "min": -1.26082277298, "dvar2": 483.494689941, "dvar": 211.104919434, "dmean": 4.95357751846, "max": 182.016738892, "var": 326.504638672, "mean": 7.04480361938}, "spectral_rms": {"dmean2": 0.00216867029667, "median": 0.00482549145818, "min": 3.14760956015e-12, "dvar2": 3.33859679813e-06, "dvar": 1.80043480213e-06, "dmean": 0.00143853959162, "max": 0.0131860496476, "var": 6.33462877886e-06, "mean": 0.00510280160233}, "zerocrossingrate": {"dmean2": 0.020599456504, "median": 0.0712890625, "min": 0, "dvar2": 0.000577849219553, "dvar": 0.000407845596783, "dmean": 0.0170098003, "max": 0.53564453125, "var": 0.00310545321554, "mean": 0.0750348940492}, "silence_rate_60dB": {"dmean2": 0.101509869099, "median": 0, "min": 0, "dvar2": 0.132520258427, "dvar": 0.0481658093631, "dmean": 0.0507519878447, "max": 1, "var": 0.053003732115, "mean": 0.056149110198}, "erbbands_kurtosis": {"dmean2": 2.16271448135, "median": -0.352763652802, "min": -1.88345575333, "dvar2": 27.5768280029, "dvar": 10.1371803284, "dmean": 1.30571091175, "max": 172.777160645, "var": 11.5275382996, "mean": 0.448651254177}, "erbbands": {"dmean2": [0.146502315998, 2.15935897827, 7.3096370697, 18.0472221375, 25.7689819336, 23.0677204132, 26.9324817657, 19.7995948792, 24.8712692261, 14.3997888565, 19.7801265717, 15.6836585999, 17.3541164398, 20.9298820496, 18.8347492218, 26.082901001, 26.3154182434, 18.3031158447, 22.3632354736, 26.714307785, 24.6552734375, 26.8770580292, 19.7739334106, 17.9217185974, 19.9625873566, 17.7417812347, 17.502822876, 16.9364032745, 12.0740623474, 12.1646137238, 8.98392486572, 6.95866537094, 4.68290948868, 2.64613699913, 1.2025924921, 0.499631881714, 0.190481156111, 0.0181634090841, 0.000338887883117, 4.26262013207e-05], "median": [0.0423269942403, 0.660027146339, 3.21665477753, 3.80488300323, 5.42272567749, 4.33681678772, 3.96532154083, 5.67634487152, 9.61469459534, 4.81645154953, 5.56982517242, 5.50287342072, 6.98035621643, 9.01190757751, 7.01881313324, 9.97961235046, 8.61507034302, 7.11897706985, 8.05215263367, 7.39930438995, 6.77070140839, 7.2331662178, 6.43990325928, 7.03610181808, 6.83801651001, 5.99992370605, 6.05608654022, 6.43167114258, 6.20901679993, 6.20925807953, 4.97937965393, 3.72321414948, 2.26498699188, 1.21081185341, 0.58224272728, 0.270299494267, 0.0885258689523, 0.00738489395007, 0.000161276620929, 4.19730640715e-05], "min": [8.16377067793e-23, 6.41201441354e-22, 1.91353553066e-21, 8.29004044972e-21, 7.36910973916e-21, 1.85535803602e-20, 4.04021539112e-20, 6.76404133825e-20, 7.54011317494e-20, 1.17908470013e-19, 2.30957693367e-19, 4.29824837322e-19, 7.10880672789e-19, 6.60995426299e-19, 9.99858494531e-19, 1.15388076536e-18, 1.26553691316e-18, 2.12085283348e-18, 2.74142689008e-18, 2.8072675717e-18, 4.64072808188e-18, 4.02423202571e-18, 5.31631254435e-18, 5.2884237364e-18, 7.83031336283e-18, 6.91910195339e-18, 9.15125297227e-18, 8.47521066534e-18, 1.17006203114e-17, 1.11040344926e-17, 1.15765622447e-17, 1.11442602858e-17, 1.0194466691e-17, 7.84176733277e-18, 5.44048641636e-18, 4.03081803775e-18, 2.240951807e-18, 9.91963986163e-19, 2.60187386932e-19, 2.78564348075e-20], "dvar2": [0.0604346171021, 16.9428920746, 128.064910889, 1436.32739258, 2338.79589844, 2138.04150391, 3375.84228516, 1227.02429199, 1534.73022461, 678.629272461, 2910.50756836, 878.375610352, 640.306640625, 1070.99462891, 924.524414063, 1677.45141602, 1807.92016602, 803.179138184, 1248.70178223, 2279.20507813, 1797.97998047, 2185.03735352, 1002.06689453, 685.833129883, 918.969787598, 737.525024414, 689.103149414, 710.827209473, 293.761199951, 305.710296631, 192.132995605, 106.57334137, 43.6372375488, 12.2955217361, 2.61494278908, 0.425856798887, 0.0721084177494, 0.000784281699453, 2.47990186608e-07, 2.03893812945e-09], "dvar": [0.0457716993988, 8.50098323822, 65.9787063599, 519.518066406, 864.085998535, 767.437988281, 1191.19799805, 440.510314941, 574.843994141, 272.646911621, 1017.71734619, 326.822784424, 268.939361572, 467.703399658, 436.82635498, 729.823791504, 813.742553711, 352.140625, 622.230712891, 1110.63085938, 879.793884277, 918.202209473, 447.085479736, 284.364898682, 366.079589844, 297.209960938, 297.461700439, 283.468505859, 137.270278931, 120.70173645, 72.9076461792, 39.755241394, 16.3673706055, 4.6284828186, 1.00216650963, 0.165529951453, 0.0276575945318, 0.000300235464238, 9.53442409468e-08, 8.6718293657e-10], "dmean": [0.110346347094, 1.57707822323, 4.90407466888, 10.3290758133, 14.7891654968, 12.9590768814, 14.8131484985, 11.4950799942, 15.0928249359, 8.96315193176, 11.7608938217, 9.47939872742, 10.8724460602, 13.2705421448, 12.3976840973, 16.5603961945, 16.9127750397, 11.5760421753, 14.6432504654, 17.3715896606, 15.9342031479, 16.8505821228, 12.2591819763, 11.1372556686, 12.0571088791, 10.7281274796, 10.9970846176, 10.1545276642, 7.94643449783, 7.32789325714, 5.31657361984, 4.09894371033, 2.80287837982, 1.55239796638, 0.718571543694, 0.302054226398, 0.113678231835, 0.0108376741409, 0.000204667347134, 2.76913979178e-05], "max": [2.81509804726, 29.5247688293, 106.420555115, 165.01121521, 261.86907959, 302.72076416, 301.946868896, 289.567382813, 366.123046875, 383.234069824, 429.706512451, 237.278945923, 265.976074219, 445.491363525, 420.926574707, 275.680847168, 432.846740723, 217.778320313, 337.988464355, 400.521331787, 470.479553223, 377.270172119, 284.583984375, 198.263702393, 210.533432007, 274.313751221, 318.509887695, 258.359954834, 226.446746826, 155.757537842, 92.766166687, 73.9571380615, 46.0113105774, 19.6187877655, 11.1483688354, 4.14713478088, 1.76653206348, 0.221956074238, 0.00367925991304, 0.000278282881482], "var": [0.1407661587, 13.80372715, 100.581039429, 355.550384521, 643.82232666, 575.152160645, 801.35559082, 455.078521729, 859.890380859, 390.917358398, 755.497070313, 314.321136475, 391.838623047, 667.65814209, 877.731323242, 903.675170898, 1015.05737305, 474.399047852, 1068.86035156, 1797.38696289, 1623.55090332, 1202.16625977, 725.358276367, 367.19128418, 414.623474121, 397.156890869, 486.562713623, 404.902038574, 351.911682129, 224.470230103, 94.0891189575, 45.5866012573, 18.8716697693, 5.88300800323, 1.36717104912, 0.245404332876, 0.0334821157157, 0.00031088248943, 1.0740501466e-07, 1.90415838652e-09], "mean": [0.175716117024, 2.00165939331, 6.56871414185, 9.08291530609, 13.6504135132, 13.2946052551, 13.8339509964, 13.7761459351, 20.2315826416, 11.3169345856, 13.1981391907, 11.2704324722, 14.3675575256, 17.4719257355, 18.5432262421, 21.0601673126, 20.934015274, 14.784538269, 21.1133670807, 24.8094291687, 22.13879776, 20.9475250244, 16.076543808, 13.9881687164, 14.3795642853, 13.5370578766, 14.3973379135, 13.8667631149, 13.1574707031, 11.6432704926, 7.90563297272, 5.59390687943, 3.59155535698, 2.03798055649, 0.984466731548, 0.433120161295, 0.148794859648, 0.0127708083019, 0.000261057924945, 5.31362893526e-05]}, "spectral_strongpeak": {"dmean2": 0.648451030254, "median": 0.374595224857, "min": 0, "dvar2": 1.09425342083, "dvar": 0.442469269037, "dmean": 0.384491384029, "max": 12.3901786804, "var": 0.544130265713, "mean": 0.555340051651}, "spectral_energy": {"dmean2": 0.0258995778859, "median": 0.0238674990833, "min": 1.01551323982e-20, "dvar2": 0.000809222692624, "dvar": 0.000354623713065, "dmean": 0.0166885312647, "max": 0.178218692541, "var": 0.000857248262037, "mean": 0.0331825092435}, "average_loudness": 0.75592815876, "spectral_rolloff": {"dmean2": 1375.46447754, "median": 1055.12695313, "min": 21.533203125, "dvar2": 3317866.5, "dvar": 1565978.375, "dmean": 814.094970703, "max": 19616.7480469, "var": 4357724, "mean": 1662.41955566}, "spectral_centroid": {"dmean2": 635.13861084, "median": 1436.41711426, "min": 83.343788147, "dvar2": 392862.5625, "dvar": 181518.28125, "dmean": 397.8203125, "max": 11628.5605469, "var": 1073319, "mean": 1472.90820313}, "pitch_salience": {"dmean2": 0.174364075065, "median": 0.580037236214, "min": 0.0531817637384, "dvar2": 0.0221200641245, "dvar": 0.0105638997629, "dmean": 0.11074924469, "max": 0.943233251572, "var": 0.0221171844751, "mean": 0.550967156887}, "spectral_energyband_middle_high": {"dmean2": 0.00381573848426, "median": 0.00281883007847, "min": 1.11960400425e-21, "dvar2": 2.15621821553e-05, "dvar": 1.1372237168e-05, "dmean": 0.00252323364839, "max": 0.0290737692267, "var": 2.04440329981e-05, "mean": 0.00416216626763}, "spectral_contrast_coeffs": {"dmean2": [0.115362919867, 0.109269209206, 0.0830428004265, 0.0743178650737, 0.0522300973535, 0.0423728562891], "median": [-0.605531930923, -0.740823030472, -0.790615439415, -0.791011691093, -0.801809966564, -0.7725918293], "min": [-0.982451140881, -0.973291218281, -0.97916