{"tonal": {"thpcp": [1, 0.712424755096, 0.575734019279, 0.541245043278, 0.41567748785, 0.514541745186, 0.596875190735, 0.422203153372, 0.31202468276, 0.309813290834, 0.365409165621, 0.676155805588, 0.772288501263, 0.580710947514, 0.783121407032, 0.942883372307, 0.663639247417, 0.569300472736, 0.56474083662, 0.480915546417, 0.685002624989, 0.813758075237, 0.565224468708, 0.409295499325, 0.412928164005, 0.411382079124, 0.663629055023, 0.756460785866, 0.516356050968, 0.51316010952, 0.51771491766, 0.38072130084, 0.435666143894, 0.475771725178, 0.456388294697, 0.791677296162], "hpcp": {"dmean2": [0.179663300514, 0.167367398739, 0.171758383512, 0.188927695155, 0.167004823685, 0.138894334435, 0.133295565844, 0.148230329156, 0.204334124923, 0.221013322473, 0.222646445036, 0.252297013998, 0.262704908848, 0.244131043553, 0.198765560985, 0.193600445986, 0.207153737545, 0.222695097327, 0.225345253944, 0.194333389401, 0.158752813935, 0.14606256783, 0.171259209514, 0.210497871041, 0.208383008838, 0.188310563564, 0.171762421727, 0.157619580626, 0.141041383147, 0.152927786112, 0.172513261437, 0.182069793344, 0.224423870444, 0.24299582839, 0.229163199663, 0.198626175523], "median": [0.0255503449589, 0.0274311695248, 0.0358171761036, 0.039773222059, 0.0288565214723, 0.015405585058, 0.0110907405615, 0.0221007298678, 0.0426005125046, 0.0528516247869, 0.0524288937449, 0.057401869446, 0.0611782893538, 0.0604938715696, 0.0352708771825, 0.0299182850868, 0.0349396467209, 0.0547385774553, 0.0592961683869, 0.040345698595, 0.0172827355564, 0.0133053800091, 0.0218446794897, 0.0422474630177, 0.0460070557892, 0.0386103689671, 0.0235283505172, 0.0187305416912, 0.0204236283898, 0.0237554684281, 0.0255655627698, 0.0324503146112, 0.0597385428846, 0.0800098851323, 0.0680339932442, 0.0354067161679], "min": [0, 0, 0, 0, 0, 0, 0, 0, 0, 0, 0, 0, 0, 0, 0, 0, 0, 0, 0, 0, 0, 0, 0, 0, 0, 0, 0, 0, 0, 0, 0, 0, 0, 0, 0, 0], "dvar2": [0.0904117897153, 0.0776620134711, 0.0756934285164, 0.0886983275414, 0.0817777961493, 0.0749586299062, 0.0776429995894, 0.0668426156044, 0.0940872132778, 0.104395359755, 0.0998892784119, 0.121511273086, 0.126272797585, 0.115077532828, 0.105186834931, 0.100724063814, 0.111654616892, 0.104729406536, 0.106785833836, 0.0879337191582, 0.0818351581693, 0.0784022808075, 0.0896262228489, 0.101704575121, 0.0904438570142, 0.0829083845019, 0.0825560241938, 0.0739618316293, 0.0652430653572, 0.0703957304358, 0.0835211724043, 0.0802207589149, 0.0999591425061, 0.108435168862, 0.0949078351259, 0.0922745466232], "dvar": [0.0344127044082, 0.0290764179081, 0.0294152889401, 0.0341031290591, 0.0299737062305, 0.0269456561655, 0.0284430459142, 0.025075878948, 0.0372698009014, 0.0423738025129, 0.0388390012085, 0.0468702614307, 0.0520470254123, 0.0441243499517, 0.0394159853458, 0.0397398583591, 0.0418027602136, 0.0414351858199, 0.0441665016115, 0.0345935560763, 0.0316626615822, 0.0299391746521, 0.0331449136138, 0.0415356010199, 0.0395241566002, 0.0333296991885, 0.0320062451065, 0.0301772970706, 0.0250045657158, 0.0285163540393, 0.0335711017251, 0.0300378035754, 0.0388778634369, 0.0460022874177, 0.0373314581811, 0.0358596034348], "dmean": [0.103045701981, 0.0950923040509, 0.101100988686, 0.110618159175, 0.0959518700838, 0.0778174549341, 0.0756193995476, 0.0867819935083, 0.12042401731, 0.130674540997, 0.1283326298, 0.145842596889, 0.152969062328, 0.141461193562, 0.114382319152, 0.111802794039, 0.118103638291, 0.129538938403, 0.132528230548, 0.113454647362, 0.091468475759, 0.0850589722395, 0.0981812402606, 0.122828640044, 0.126960143447, 0.110778778791, 0.100396446884, 0.0925652608275, 0.0824706926942, 0.0904768258333, 0.100154489279, 0.104601301253, 0.131248131394, 0.145510241389, 0.134977206588, 0.115294784307], "max": [1, 1, 1, 1, 1, 1, 1, 1, 1, 1, 1, 1, 1, 1, 1, 1, 1, 1, 1, 1, 1, 1, 1, 1, 1, 1, 1, 1, 1, 1, 1, 1, 1, 1, 1, 1], "var": [0.0595962665975, 0.0332009419799, 0.0435392856598, 0.0565672442317, 0.0340803973377, 0.0268439240754, 0.0299774277955, 0.0274918042123, 0.0667891874909, 0.0809470787644, 0.0453066639602, 0.0757276341319, 0.102858252823, 0.0543934106827, 0.0585106089711, 0.0620987713337, 0.041968587786, 0.0625807419419, 0.0862155109644, 0.0504007972777, 0.0402128510177, 0.0458843298256, 0.0362250246108, 0.0677246302366, 0.0798932686448, 0.0417883098125, 0.0504347272217, 0.0561934746802, 0.0338385924697, 0.0410467945039, 0.0483746007085, 0.0364029556513, 0.0776875317097, 0.105859413743, 0.0593671649694, 0.0563153848052], "mean": [0.134094715118, 0.102985061705, 0.127478912473, 0.147877216339, 0.104601815343, 0.0773048400879, 0.0767569616437, 0.0905309692025, 0.167519167066, 0.191336274147, 0.143872484565, 0.194020152092, 0.233601540327, 0.164418160915, 0.141045510769, 0.139915853739, 0.11914794147, 0.169710993767, 0.201610460877, 0.140035673976, 0.101403914392, 0.102303914726, 0.101920865476, 0.164415642619, 0.18741491437, 0.127928406, 0.127136602998, 0.128265067935, 0.0943245887756, 0.107937298715, 0.117873549461, 0.113071262836, 0.196139886975, 0.247752323747, 0.176504895091, 0.142639443278]}, "tuning_equal_tempered_deviation": 0.0703734606504, "chords_changes_rate": 0.0851008147001, "key_key": "C#", "tuning_diatonic_strength": 0.598578453064, "key_scale": "major", "chords_number_rate": 0.00549882184714, "tuning_frequency": 439.745910645, "tuning_nontempered_energy_ratio": 0.789114654064, "chords_histogram": [20.5289344788, 5.73448562622, 20.4503803253, 2.12097406387, 2.22571349144, 1.09976434708, 3.16836857796, 0.837915658951, 3.95391464233, 3.58732652664, 3.3516626358, 1.09976434708, 4.21576309204, 2.09478926659, 1.51872217655, 2.43519234657, 4.32050275803, 4.13720846176, 0.864100575447, 1.80675566196, 0.91647028923, 1.30924320221, 1.41398274899, 6.80806493759], "key_strength": 0.839497685432, "chords_key": "C#", "chords_strength": {"dmean2": 0.013525233604, "median": 0.520722866058, "min": -1, "dvar2": 0.00112279120367, "dvar": 0.000608671805821, "dmean": 0.0130334384739, "max": 0.854842066765, "var": 0.0142248049378, "mean": 0.518658578396}, "chords_scale": "major", "hpcp_entropy": {"dmean2": 1.11500203609, "median": 1.85500335693, "min": 0, "dvar2": 0.825761377811, "dvar": 0.320688486099, "dmean": 0.660781800747, "max": 4.0448756218, "var": 0.763953328133, "mean": 1.75625824928}}, "metadata": {"audio_properties": {"equal_loudness": 0, "codec": "alac", "downmix": "mix", "sample_rate": 44100, "analysis_sample_rate": 44100, "bit_rate": 639571, "md5_encoded": "570b871d85953f6d2460e7c6fc63373b", "length": 177.306671143, "replay_gain": -10.574962616, "lossless": true}, "version": {"essentia_build_sha": "c0e182ba78c2de26e491b7b7a4a2c98c1ed34208", "essentia": "2.1-beta2", "extractor": "music 1.0", "essentia_git_sha": "v2.1_beta2-2-gbb40004"}, "tags": {"title": ["Chickery Chick"], "barcode": ["765387300524"], "media": ["CD"], "musicbrainz_releasegroupid": ["d0eb76ea-e469-4820-976e-4871caa3388e"], "musicbrainz_recordingid": ["114d3220-db51-4e09-a628-d040cf66b546"], "musicbrainz_albumartistid": ["e651adec-e027-42ee-89fa-9970c6f60fe7"], "discnumber": ["1/1"], "bpm": ["0"], "catalognumber": ["CDUS 3005"], "file_name": "10 Chickery Chick.m4a", "compilation": ["0"], "date": ["1999"], "genre": ["Jazz"], "album": ["Drumming Man"], "script": ["Latn"], "musicbrainz_albumid": ["d6540a5d-4e86-42f3-af57-9e79403576e7"], "tracknumber": ["10/24"], "encodedby": ["iTunes 10.7"], "artistsort": ["Krupa, Gene and His Orchestra"], "artist": ["Gene Krupa and His Orchestra"], "label": ["Vocalion"], "albumartistsort": ["Krupa, Gene and His Orchestra"], "musicbrainz_artistid": ["e651adec-e027-42ee-89fa-9970c6f60fe7"]}}, "rhythm": {"bpm_histogram_first_peak_bpm": {"dmean2": 0, "median": 152, "min": 152, "dvar2": 0, "dvar": 0, "dmean": 0, "max": 152, "var": 0, "mean": 152}, "bpm": 151.403900146, "bpm_histogram_second_peak_spread": {"dmean2": 0, "median": 0.346153855324, "min": 0.346153855324, "dvar2": 0, "dvar": 0, "dmean": 0, "max": 0.346153855324, "var": 0, "mean": 0.346153855324}, "bpm_histogram_first_peak_weight": {"dmean2": 0, "median": 0.259079903364, "min": 0.259079903364, "dvar2": 0, "dvar": 0, "dmean": 0, "max": 0.259079903364, "var": 0, "mean": 0.259079903364}, "onset_rate": 3.10739088058, "beats_position": [0.394739210606, 0.801088392735, 1.21904754639, 1.63700675964, 2.0549659729, 2.47292518616, 2.90249419212, 3.32045340538, 3.73841261864, 4.15637159348, 4.57433080673, 4.98067998886, 5.38702917099, 5.79337835312, 6.19972801208, 6.60607719421, 7.01242637634, 7.41877555847, 7.8251247406, 8.2198638916, 8.6146030426, 8.99773216248, 9.39247131348, 9.77560043335, 10.1703395844, 10.5534696579, 10.9482088089, 11.3429479599, 11.7376871109, 12.2717456818, 12.8058052063, 13.3514738083, 13.9087524414, 14.4660310745, 15.0697498322, 15.6734695435, 16.2771873474, 16.8925170898, 17.5194549561, 18.1463947296, 18.7733325958, 19.4118824005, 20.062040329, 20.7121982574, 21.339138031, 21.9660758972, 22.5814056396, 23.1735134125, 23.7656230927, 24.3809528351, 24.9962806702, 25.7044887543, 26.4126987457, 27.0860767365, 27.7594547272, 28.4212245941, 29.0829925537, 29.7447605133, 30.4065303802, 31.0682983398, 31.6371879578, 32.2176856995, 32.7981834412, 33.3786849976, 33.9591827393, 34.5280723572, 35.0853500366, 35.6542396545, 36.2231292725, 36.8036270142, 37.3260765076, 37.848526001, 38.3593635559, 38.7773246765, 39.1952819824, 39.6248512268, 40.0428123474, 40.4607696533, 40.8671188354, 41.2734680176, 41.6914291382, 42.0977783203, 42.5041275024, 42.9104766846, 43.3284339905, 43.7463951111, 44.164352417, 44.5823135376, 45.011882782, 45.4298400879, 45.8478012085, 46.2773704529, 46.718547821, 47.1597251892, 47.6125144958, 48.0653038025, 48.4948730469, 48.9244422913, 49.3424034119, 49.7603607178, 50.1783218384, 50.5498390198, 50.9213600159, 51.2928771973, 51.6643981934, 52.0707473755, 52.4770965576, 52.871837616, 53.2665748596, 53.661315918, 54.0676651001, 54.4740142822, 54.8803634644, 55.2983207703, 55.7278900146, 56.157459259, 56.5870285034, 57.0049858093, 57.4229469299, 57.8409042358, 58.2820854187, 58.7232627869, 59.1528320312, 59.5475730896, 59.9423103333, 60.3254394531, 60.7201805115, 61.1149177551, 61.5096588135, 61.9160079956, 62.3223571777, 62.7170982361, 63.1118354797, 63.5065765381, 63.9013137817, 64.2960510254, 64.6907958984, 65.0739212036, 65.4570541382, 65.8517913818, 66.2465286255, 66.6528778076, 67.0476150513, 67.4423599243, 67.8487091064, 68.2434463501, 68.6381835938, 69.0329208374, 69.416053772, 69.8107910156, 70.2055282593, 70.6002731323, 70.995010376, 71.4013595581, 71.7960968018, 72.1792297363, 72.57396698, 72.9803161621, 73.3750534058, 73.7581863403, 74.152923584, 74.5476608276, 74.9307937622, 75.3255310059, 75.7202682495, 76.1150131226, 76.5097503662, 76.9044876099, 77.2992248535, 77.6939697266, 78.0887069702, 78.4950561523, 78.9014053345, 79.3077545166, 79.7141036987, 80.1204528809, 80.503578186, 80.8867111206, 81.2698364258, 81.6529693604, 82.0360946655, 82.4308395386, 82.8255767822, 83.2203140259, 83.626663208, 84.0330123901, 84.4393615723, 84.8573226929, 85.2752838135, 85.6932373047, 86.0995864868, 86.598815918, 87.0980453491, 87.5972747803, 88.0965042114, 88.5957336426, 89.0949630737, 89.5709762573, 90.05859375, 90.5462112427, 90.9757843018, 91.4053497314, 91.8233108521, 92.2528762817, 92.6824493408, 93.1120147705, 93.5415878296, 93.9711532593, 94.4007263184, 94.830291748, 95.2366409302, 95.6546020508, 96.0841674805, 96.5021286011, 96.9200897217, 97.3264389038, 97.7327880859, 98.1275253296, 98.5222625732, 98.9170074463, 99.3233566284, 99.7180938721, 100.124443054, 100.530792236, 100.92552948, 101.331878662, 101.726615906, 102.132965088, 102.53931427, 102.945663452, 103.340408325, 103.735145569, 104.118278503, 104.513015747, 104.907752991, 105.302490234, 105.697235107, 106.080360413, 106.463493347, 106.858230591, 107.252967834, 107.647705078, 108.042449951, 108.437187195, 108.831924438, 109.226661682, 109.621406555, 110.016143799, 110.410881042, 110.805618286, 111.200363159, 111.583488464, 111.966621399, 112.361358643, 112.744483948, 113.127616882, 113.499137878, 113.870658875, 114.25378418, 114.636917114, 115.020042419, 115.403175354, 115.774688721, 116.157821655, 116.54094696, 116.924079895, 117.3072052, 117.690338135, 118.07346344, 118.468208313, 118.862945557, 119.2576828, 119.640815735, 120.035552979, 120.430290222, 120.813423157, 121.196548462, 121.591293335, 121.986030579, 122.369155884, 122.752288818, 123.147026062, 123.530158997, 123.913284302, 124.296417236, 124.69115448, 125.074279785, 125.45741272, 125.852149963, 126.246894836, 126.64163208, 127.036369324, 127.431106567, 127.82585144, 128.208984375, 128.603713989, 128.986846924, 129.381591797, 129.776321411, 130.171066284, 130.565795898, 130.97215271, 131.390106201, 131.796463013, 132.202804565, 132.597549438, 133.003890991, 133.421859741, 133.839813232, 134.234558105, 134.640899658, 135.04725647, 135.453598022, 135.859954834, 136.277908325, 136.684265137, 137.078994751, 137.485351562, 137.891693115, 138.298049927, 138.704391479, 139.110748291, 139.517089844, 139.911834717, 140.30657959, 140.701309204, 141.096054077, 141.50239563, 141.92036438, 142.326705933, 142.733062744, 143.127792358, 143.522537231, 143.917282104, 144.312011719, 144.729980469, 145.136322021, 145.542678833, 145.937408447, 146.33215332, 146.738494873, 147.156463623, 147.562805176, 147.992385864, 148.410339355, 148.828292847, 149.257858276, 149.675827026, 150.105392456, 150.534957886, 150.952926636, 151.382492065, 151.754013062, 152.125534058, 152.497055054, 152.86857605, 153.309753418, 153.750930786, 154.203720093, 154.668121338, 155.120910645, 155.562088013, 156.003265381, 156.432830811, 156.86239624, 157.28036499, 157.686706543, 158.093063354, 158.511016846, 158.917373657, 159.32371521, 159.730072021, 160.136413574, 160.542770386, 160.949111938, 161.35546875, 161.761810303, 162.168167114, 162.586120605, 162.992462158, 163.410430908, 163.816772461, 164.234741211, 164.652694702, 165.059051514, 165.465393066, 165.871749878, 166.278091431, 166.684448242, 167.090789795, 167.508743286, 167.903488159, 168.263397217, 168.623306274, 168.983215332, 169.34312439, 169.714645386, 170.086166382, 170.469299316, 170.852416992, 171.20072937, 171.549026489, 171.920547485, 172.292053223, 172.663574219, 173.046707153, 173.429840088, 173.812973022, 174.254150391, 174.695327759, 175.136505127, 175.589294434, 176.04208374, 176.494873047], "beats_loudness": {"dmean2": 0.0232030134648, "median": 0.0165161564946, "min": 0, "dvar2": 0.000695867754985, "dvar": 0.000252749188803, "dmean": 0.0135851232335, "max": 0.106836862862, "var": 0.000348506786395, "mean": 0.0212575662881}, "danceability": 1.00959455967, "bpm_histogram_second_peak_weight": {"dmean2": 0, "median": 0.123486682773, "min": 0.123486682773, "dvar2": 0, "dvar": 0, "dmean": 0, "max": 0.123486682773, "var": 0, "mean": 0.123486682773}, "beats_count": 414, "bpm_histogram_second_peak_bpm": {"dmean2": 0, "median": 144, "min": 144, "dvar2": 0, "dvar": 0, "dmean": 0, "max": 144, "var": 0, "mean": 144}, "bpm_histogram_first_peak_spread": {"dmean2": 0, "median": 0.442708313465, "min": 0.442708313465, "dvar2": 0, "dvar": 0, "dmean": 0, "max": 0.442708313465, "var": 0, "mean": 0.442708313465}, "beats_loudness_band_ratio": {"dmean2": [0.23826880753, 0.366771548986, 0.28818577528, 0.333650916815, 0.118673428893, 0.058631259948], "median": [0.0838979035616, 0.24292203784, 0.193166077137, 0.148323357105, 0.0436321757734, 0.0139605421573], "min": [0, 0, 0, 0, 0, 0], "dvar2": [0.068949200213, 0.10031349957, 0.0675709992647, 0.132583782077, 0.0164162497967, 0.0120408916846], "dvar": [0.0281058195978, 0.034477122128, 0.0227163881063, 0.0472573600709, 0.00606495048851, 0.00460992660373], "dmean": [0.140593007207, 0.211383655667, 0.164413422346, 0.192510336637, 0.0685826539993, 0.0335747562349], "max": [0.963514626026, 0.988943338394, 0.977804362774, 0.955790102482, 0.550702750683, 0.80747538805], "var": [0.0344523005188, 0.0544221103191, 0.0277854725718, 0.0578423887491, 0.00758907059208, 0.00822851061821], "mean": [0.155236512423, 0.308387726545, 0.227844700217, 0.233057886362, 0.079608798027, 0.0458094216883]}}, "lowlevel": {"barkbands_spread": {"dmean2": 5.51518630981, "median": 10.6651773453, "min": 0.107637599111, "dvar2": 94.3194885254, "dvar": 43.405708313, "dmean": 3.64637255669, "max": 98.0745315552, "var": 125.93611908, "mean": 13.5124731064}, "melbands_spread": {"dmean2": 7.92968273163, "median": 14.4607715607, "min": 0.210729300976, "dvar2": 238.149673462, "dvar": 126.241470337, "dmean": 5.35035848618, "max": 250.068664551, "var": 500.30670166, "mean": 20.0867042542}, "hfc": {"dmean2": 4.21233892441, "median": 5.4317908287, "min": 1.06950800374e-16, "dvar2": 48.17603302, "dvar": 34.9602203369, "dmean": 3.40980410576, "max": 165.233276367, "var": 385.140899658, "mean": 14.0046596527}, "barkbands_kurtosis": {"dmean2": 7.28203964233, "median": 2.30753040314, "min": -1.95976865292, "dvar2": 915.078186035, "dvar": 388.419219971, "dmean": 4.71291303635, "max": 709.914855957, "var": 610.530090332, "mean": 7.57693147659}, "gfcc": {"mean": [-122.639419556, 131.177383423, -149.746856689, 20.1721782684, -76.4415130615, 0.325187474489, -39.8531188965, -13.5012226105, -14.2256183624, -17.7722587585, 4.99426221848, -13.3036880493, 1.61925852299], "icov": [[0.000405150087317, -0.000825390161481, 0.00110837933607, -0.000754592649173, 0.00108345772605, -0.000836654624436, 0.000894754484762, -0.000553728139494, 0.00073378754314, -0.000253446894931, 0.000242001930019, -0.000287703733193, 0.000340074620908], [-0.000825390161481, 0.00284335156903, -0.0025714088697, 0.00192885275465, -0.0025673750788, 0.00263813254423, -0.00236085965298, 0.00206327624619, -0.00165438011754, 0.00133233249653, -0.000881374406163, 0.00198302720673, -0.00088005658472], [0.00110837933607, -0.0025714088697, 0.00389674212784, -0.00211704033427, 0.00284215249121, -0.00246420735493, 0.00260694068857, -0.00148427626118, 0.00191157904919, -0.00105439056642, 0.00151506706607, -0.00190687994473, 0.00151132070459], [-0.000754592649173, 0.00192885275465, -0.00211704033427, 0.00338817480952, -0.00215313606896, 0.00140641746111, -0.00138824956957, 0.000244055059738, -0.00204792409204, 0.000954312388785, 8.50757860462e-05, 0.0013699705014, -0.000536912411917], [0.00108345772605, -0.0025673750788, 0.00284215249121, -0.00215313606896, 0.00559378322214, -0.00210531288758, 0.00178420590237, -0.00205387105234, 0.00167563918512, -0.00146961095743, 0.00069671968231, -0.00138576375321, 0.00127118220553], [-0.000836654624436, 0.00263813254423, -0.00246420735493, 0.00140641746111, -0.00210531288758, 0.00512828817591, -0.00328533235006, 0.00186741154175, -0.0012249891879, 6.55016701785e-05, -0.00116200791672, 0.00190788379405, -0.000874233490322], [0.000894754484762, -0.00236085965298, 0.00260694068857, -0.00138824956957, 0.00178420590237, -0.00328533235006, 0.00696835899726, -0.00232984987088, 0.00240715546533, -0.00081207731273, 0.000503492541611, -0.000673723930959, 0.00165349338204], [-0.000553728139494, 0.00206327624619, -0.00148427626118, 0.000244055059738, -0.00205387105234, 0.00186741154175, -0.00232984987088, 0.00717890681699, -0.00172376469709, 0.00010505712271, -0.000261128065176, 3.54242220055e-05, -0.000640103651676], [0.00073378754314, -0.00165438011754, 0.00191157904919, -0.00204792409204, 0.00167563918512, -0.0012249891879, 0.00240715546533, -0.00172376469709, 0.00836577266455, -0.000924388470594, 3.49421061401e-05, -0.000753483036533, 0.000439417228336], [-0.000253446894931, 0.00133233249653, -0.00105439056642, 0.000954312388785, -0.00146961095743, 6.55016701785e-05, -0.00081207731273, 0.00010505712271, -0.000924388470594, 0.00848873984069, -0.000132430199301, -4.7104589612e-05, 0.00108303606976], [0.000242001930019, -0.000881374406163, 0.00151506706607, 8.50757860462e-05, 0.00069671968231, -0.00116200791672, 0.000503492541611, -0.000261128065176, 3.49421061401e-05, -0.000132430199301, 0.00801989622414, -0.00217640632764, 0.000145971454913], [-0.000287703733193, 0.00198302720673, -0.00190687994473, 0.0013699705014, -0.00138576375321, 0.00190788379405, -0.000673723930959, 3.54242220055e-05, -0.000753483036533, -4.7104589612e-05, -0.00217640632764, 0.0120487296954, -0.00228178803809], [0.000340074620908, -0.00088005658472, 0.00151132070459, -0.000536912411917, 0.00127118220553, -0.000874233490322, 0.00165349338204, -0.000640103651676, 0.000439417228336, 0.00108303606976, 0.000145971454913, -0.00228178803809, 0.0121163148433]], "cov": [[21784.4921875, 203.000061035, -4273.69482422, 899.542297363, -1508.69787598, 499.014587402, -383.771514893, -15.7200098038, -287.61920166, -366.545227051, 243.561752319, -509.758483887, 166.34072876], [203.000061035, 2117.22631836, 404.124633789, -476.304504395, 161.044509888, -470.316589355, 51.2654457092, -308.956817627, -19.2634830475, -184.118865967, 22.3777751923, -127.501266479, -4.70375728607], [-4273.69482422, 404.124633789, 1646.50732422, -47.591583252, 175.829727173, -93.2737579346, -9.31920719147, -37.0728302002, 32.6933059692, 60.5448570251, -138.419662476, 95.8601379395, -70.9210510254], [899.542297363, -476.304504395, -47.591583252, 711.077819824, -1.17748999596, 103.93775177, -36.1488685608, 146.653945923, 69.0956420898, 17.0505886078, -59.9292488098, -15.5738420486, -8.33437538147], [-1508.69787598, 161.044509888, 175.829727173, -1.17748999596, 448.145629883, -41.05210495, 65.5955123901, 36.4423789978, 24.4826087952, 41.2179145813, -10.7892284393, 21.996799469, -25.2469100952], [499.014587402, -470.316589355, -93.2737579346, 103.93775177, -41.05210495, 474.780456543, 96.2113647461, 39.3534355164, -25.5689086914, 62.2594070435, 15.2784824371, -12.6927671432, -11.6258487701], [-383.771514893, 51.2654457092, -9.31920719147, -36.1488685608, 65.5955123901, 96.2113647461, 258.795501709, 23.7018241882, -29.5036754608, 18.2819595337, 9.53689956665, -12.6643571854, -23.0135803223], [-15.7200098038, -308.956817627, -37.0728302002, 146.653945923, 36.4423789978, 39.3534355164, 23.7018241882, 227.956619263, 29.737493515, 35.8712806702, -12.0174121857, 25.93891716, -2.30728054047], [-287.61920166, -19.2634830475, 32.6933059692, 69.0956420898, 24.4826087952, -25.5689086914, -29.5036754608, 29.737493515, 158.047515869, 8.95720481873, -1.55786895752, 8.75959968567, 1.97721874714], [-366.545227051, -184.118865967, 60.5448570251, 17.0505886078, 41.2179145813, 62.2594070435, 18.2819595337, 35.8712806702, 8.95720481873, 152.891937256, -6.75309658051, 21.0956172943, -20.2508964539], [243.561752319, 22.3777751923, -138.419662476, -59.9292488098, -10.7892284393, 15.2784824371, 9.53689956665, -12.0174121857, -1.55786895752, -6.75309658051, 152.07258606, 13.3860082626, 11.0461730957], [-509.758483887, -127.501266479, 95.8601379395, -15.5738420486, 21.996799469, -12.6927671432, -12.6643571854, 25.93891716, 8.75959968567, 21.0956172943, 13.3860082626, 117.846473694, 12.1032104492], [166.34072876, -4.70375728607, -70.9210510254, -8.33437538147, -25.2469100952, -11.6258487701, -23.0135803223, -2.30728054047, 1.97721874714, -20.2508964539, 11.0461730957, 12.1032104492, 94.7132492065]]}, "spectral_energyband_middle_low": {"dmean2": 0.00332187651657, "median": 0.00497568072751, "min": 1.6786361791e-22, "dvar2": 2.81690026895e-05, "dvar": 1.30630733111e-05, "dmean": 0.0022591620218, "max": 0.109890565276, "var": 6.73579925206e-05, "mean": 0.00739507330582}, "melbands_crest": {"dmean2": 4.85348701477, "median": 12.3352975845, "min": 1.62387835979, "dvar2": 20.3372116089, "dvar": 8.39885044098, "dmean": 3.04307818413, "max": 36.9375534058, "var": 37.5169639587, "mean": 13.6312017441}, "spectral_kurtosis": {"dmean2": 6.47234916687, "median": 5.651222229, "min": -1.37831020355, "dvar2": 65.0065841675, "dvar": 25.1343841553, "dmean": 3.88765287399, "max": 92.9582290649, "var": 105.645217896, "mean": 9.16145515442}, "spectral_rms": {"dmean2": 0.00059635884827, "median": 0.00290286703967, "min": 3.14404817285e-12, "dvar2": 4.1430430997e-07, "dvar": 2.72196018614e-07, "dmean": 0.000460952112917, "max": 0.0112130260095, "var": 3.91592539017e-06, "mean": 0.00317408470437}, "zerocrossingrate": {"dmean2": 0.0086057735607, "median": 0.04052734375, "min": 0.0048828125, "dvar2": 0.000196223394596, "dvar": 0.000191858329345, "dmean": 0.00764515670016, "max": 0.53076171875, "var": 0.00300847459584, "mean": 0.0529580228031}, "silence_rate_60dB": {"dmean2": 0.124688930809, "median": 0, "min": 0, "dvar2": 0.120671972632, "dvar": 0.0584470555186, "dmean": 0.0623363032937, "max": 1, "var": 0.195346057415, "mean": 0.266203999519}, "erbbands_kurtosis": {"dmean2": 2.69343018532, "median": 0.578962802887, "min": -1.9016200304, "dvar2": 42.4198379517, "dvar": 20.8068218231, "dmean": 1.77418494225, "max": 180.408737183, "var": 53.58543396, "mean": 2.43460941315}, "erbbands": {"dmean2": [0.00213119830005, 0.0568049699068, 0.347294211388, 0.659529805183, 1.82223689556, 5.19315433502, 11.1616458893, 12.0685796738, 14.6359958649, 13.620100975, 14.4378519058, 15.0119857788, 18.9856910706, 22.9829273224, 28.0623931885, 29.1030158997, 36.2831459045, 19.3089389801, 20.6162815094, 11.0593395233, 11.3834447861, 10.2069835663, 6.61157560349, 5.86461925507, 5.76638555527, 4.03145837784, 3.59039568901, 1.99836289883, 1.46433711052, 1.08900797367, 1.05828928947, 0.441437065601, 0.389866828918, 0.0839974582195, 0.0127237439156, 0.000910163333174, 6.2233521021e-05, 1.7638081772e-05, 4.75593787996e-06, 5.68031873627e-06], "median": [0.000705096346792, 0.0160651467741, 0.0898925811052, 0.260823279619, 0.858248054981, 2.94318723679, 6.81138324738, 7.20179796219, 5.5241394043, 3.76902508736, 4.48980236053, 4.64308261871, 4.72482633591, 4.12072896957, 4.15413856506, 4.30354452133, 3.80039215088, 2.69865608215, 2.32032108307, 1.98380434513, 2.02261638641, 1.67093074322, 1.16820657253, 1.14411234856, 0.883042514324, 0.687168121338, 0.498603314161, 0.15912014246, 0.0801270157099, 0.122265942395, 0.200890615582, 0.0946726575494, 0.0349451526999, 0.00483041862026, 0.000375171424821, 6.54223404126e-05, 1.28339816001e-05, 5.08869834448e-06, 6.01922465648e-06, 1.04371511043e-05], "min": [9.11157127833e-23, 7.46919102022e-22, 2.40596204621e-21, 1.17811909601e-20, 1.32012274273e-20, 2.67871132265e-20, 5.13899688039e-20, 9.69448569329e-20, 6.95136608148e-20, 2.13371872318e-19, 2.43841625944e-19, 3.8370662304e-19, 7.7835059003e-19, 6.84513101692e-19, 1.1073093595e-18, 1.35292916527e-18, 1.97422142143e-18, 2.07032636692e-18, 2.66614332137e-18, 3.28183618517e-18, 5.13034042236e-18, 4.04232370648e-18, 5.67381421483e-18, 5.36268511667e-18, 6.37136487204e-18, 8.50622911113e-18, 7.98349232302e-18, 9.09459689057e-18, 1.231982952e-17, 1.19584020503e-17, 1.24572539983e-17, 1.2721084909e-17, 1.08050103555e-17, 7.85072487163e-18, 6.77050143789e-18, 4.08658324592e-18, 2.48143409738e-18, 1.01382295763e-18, 2.53758280717e-19, 2.79719492876e-20], "dvar2": [1.70163548319e-05, 0.0142733827233, 0.54663002491, 1.70857179165, 15.6836423874, 80.371055603, 394.085418701, 816.518554688, 2139.16259766, 1784.02197266, 1212.58569336, 1418.46496582, 2395.41870117, 4170.22705078, 6631.75878906, 8596.98730469, 14347.6005859, 2602.59692383, 4036.43432617, 735.736694336, 998.932861328, 1172.67907715, 379.397399902, 285.182037354, 240.12298584, 114.376480103, 87.4877319336, 31.8267745972, 20.0044822693, 8.38049507141, 6.41213703156, 1.20180404186, 1.26721942425, 0.070796251297, 0.00164005311672, 9.94179481495e-06, 6.98488591411e-08, 9.30724297632e-09, 2.49008758058e-10, 6.70375005507e-11], "dvar": [8.2272099462e-06, 0.007369809784, 0.343409091234, 0.697621703148, 5.77495527267, 31.0921134949, 171.499298096, 333.818145752, 1078.24291992, 716.215881348, 556.794372559, 673.424804688, 1058.40039062, 2734.44897461, 3486.88818359, 5476.83837891, 9211.9765625, 1630.69116211, 2038.25683594, 362.597869873, 438.416625977, 463.117156982, 147.231536865, 143.375259399, 109.823143005, 47.1278762817, 38.8003463745, 13.6025972366, 8.69323253632, 3.97742295265, 2.87457203865, 0.582003176212, 0.612262666225, 0.0344669260085, 0.000862815068103, 5.49446394871e-06, 3.79682489893e-08, 4.57962290312e-09, 1.33746888564e-10, 4.24586130143e-11], "dmean": [0.00142577465158, 0.0402534380555, 0.255451738834, 0.413026541471, 1.10227584839, 3.21290946007, 7.33742809296, 7.97240209579, 9.99495410919, 8.72413444519, 9.61882781982, 10.1711845398, 12.8321838379, 16.7322368622, 19.9526290894, 21.3545284271, 26.2831268311, 14.3071565628, 14.3704357147, 7.55701684952, 7.5663523674, 6.72355985641, 4.28591680527, 3.95990800858, 3.9322783947, 2.70129036903, 2.46661543846, 1.33570766449, 0.973598659039, 0.746625959873, 0.731002151966, 0.31345435977, 0.265094995499, 0.0584879852831, 0.00909908581525, 0.000678109237924, 4.6552013373e-05, 1.26066815938e-05, 3.69641861653e-06, 4.35812444266e-06], "max": [0.0903812348843, 1.70171153545, 10.2851448059, 21.2311668396, 93.0595245361, 101.588562012, 337.29498291, 513.650756836, 1508.18493652, 660.528015137, 542.762756348, 740.153808594, 1056.31713867, 2153.45361328, 2635.67504883, 3217.50634766, 5402.20800781, 1154.44677734, 1663.57250977, 759.126708984, 718.502868652, 753.303161621, 250.871017456, 609.049926758, 305.123077393, 161.491928101, 200.594696045, 106.471717834, 81.9084777832, 50.5483818054, 40.2976875305, 21.0428409576, 37.954536438, 9.28191661835, 0.789189457893, 0.0958905294538, 0.0142740830779, 0.0056464173831, 0.000812416139524, 0.000159162111231], "var": [1.96064265765e-05, 0.0158367678523, 0.822931885719, 1.47094345093, 8.94788455963, 77.8736038208, 575.68371582, 896.779663086, 3613.69067383, 1418.97912598, 1489.26306152, 1976.28161621, 7088.72802734, 11972.8320312, 10729.0712891, 21120.5546875, 33702.6679688, 6289.22949219, 5102.86035156, 1163.2454834, 1097.40490723, 1306.08093262, 407.75378418, 651.775512695, 519.852539062, 239.928283691, 177.351882935, 81.7576370239, 48.3968162537, 25.0224533081, 12.5665168762, 2.8380715847, 2.56832075119, 0.178158059716, 0.00522189633921, 3.994567669e-05, 2.73008339491e-07, 2.37693171812e-08, 8.59277982102e-10, 4.28369312244e-10], "mean": [0.00232740514912, 0.0612719990313, 0.397440761328, 0.717050075531, 1.83330380917, 6.137342453, 15.4133529663, 16.7213058472, 21.5314903259, 16.700094223, 19.0659618378, 20.2955245972, 31.7360954285, 37.6919403076, 39.1344070435, 44.326839447, 51.5420303345, 30.0576572418, 26.3319511414, 15.3508768082, 15.4853143692, 15.1852760315, 9.57715511322, 9.79140281677, 10.3580846786, 7.10631847382, 6.06847047806, 3.61211514473, 2.57054924965, 2.04303002357, 1.7310628891, 0.777945041656, 0.625624120235, 0.160443142056, 0.0261001940817, 0.0021141518373, 0.000149827217683, 3.6373246985e-05, 1.40043166539e-05, 1.80429597094e-05]}, "spectral_strongpeak": {"dmean2": 0.839913129807, "median": 0.701610445976, "min": 0, "dvar2": 1.48719263077, "dvar": 0.701479434967, "dmean": 0.534513890743, "max": 18.0506706238, "var": 2.59979367256, "mean": 1.26340591908}, "spectral_energy": {"dmean2": 0.00473503489047, "median": 0.00863730255514, "min": 1.01321644037e-20, "dvar2": 4.70772538392e-05, "dvar": 2.83716744889e-05, "dmean": 0.00358490645885, "max": 0.128875255585, "var": 0.000257461884758, "mean": 0.0143404901028}, "average_loudness": 0.569738566875, "spectral_rolloff": {"dmean2": 546.45300293, "median": 1033.59375, "min": 43.06640625, "dvar2": 1281486.625, "dvar": 647466.375, "dmean": 328.210540771, "max": 19422.9492188, "var": 4090304.5, "mean": 1504.46081543}, "spectral_centroid": {"dmean2": 247.438354492, "median": 922.641967773, "min": 142.597412109, "dvar2": 157406.359375, "dvar": 87912.984375, "dmean": 173.067611694, "max": 11771.5820312, "var": 1272917.125, "mean": 1165.07995605}, "pitch_salience": {"dmean2": 0.103220961988, "median": 0.6074873209, "min": 0.0443716533482, "dvar2": 0.0093196015805, "dvar": 0.0039274902083, "dmean": 0.0651233121753, "max": 0.878322541714, "var": 0.0173116009682, "mean": 0.586911082268}, "spectral_energyband_middle_high": {"dmean2": 0.00229284004308, "median": 0.00119705067482, "min": 1.22500531276e-21, "dvar2": 2.08703058888e-05, "dvar": 1.51210224431e-05, "dmean": 0.00183856615331, "max": 0.123103924096, "var": 0.000121659672004, "mean": 0.00614458695054}, "spectral_contrast_coeffs": {"dmean2": [0.0805122330785, 0.0705008730292, 0.0579710379243, 0.0502136982977, 0.0368182882667, 0.0235726498067], "median": [-0.6016061306, -0.710424721241, -0.764890134335, -0.770752072334, -0.787911474705, -0.76322722435], "min": [-0.973461449146, -0.973125636578, -0.974285304546, -0.972264230251, -0.968610584736, -0.964812159538], "dvar2": [0.00408336473629, 0.003320843447, 0.00240132561885, 0.00177062524017, 0.00111207948066, 0.000434905785369], "dvar": [0.00164345523808, 0.0014584895689, 0.00117725017481, 0.000972815789282, 0.000611915835179, 0.000250347569818], "dmean": [0.0497021786869, 0.0445139445364, 0.0374796129763, 0.0334215350449, 0.0248888973147, 0.0160103458911], "max": [-0.270378798246, -0.320199728012, -0.345300197601, -0.421035945415, -0.444120377302, -0.57813000679], "var": [0.011975533329, 0.00901827402413, 0.00877200253308, 0.00748883932829, 0.00491172727197, 0.00307342619635], "mean": [-0.606134474277, -0.704538345337, -0.747750580311, -0.756563067436, -0.782592058182, -0.765696465969]}, "melbands_skewness": {"dmean2": 0.89163172245, "median": 1.67366027832, "min": -2.94316315651, "dvar2": 1.19346213341, "dvar": 0.539735376835, "dmean": 0.593463897705, "max": 15.3855028152, "var": 2.7843079567, "mean": 1.93778371811}, "spectral_spread": {"dmean2": 554466.375, "median": 3018592.5, "min": 983838.125, "dvar2": 1095188021250.0, "dvar": 595092242432, "dmean": 370850.34375, "max": 42368360, "var": 12469566177300.0, "mean": 3519081.25}, "dissonance": {"dmean2": 0.0477061495185, "median": 0.449622064829, "min": 0.091841712594, "dvar2": 0.00234711542726, "dvar": 0.000855667225551, "dmean": 0.0283980648965, "max": 0.500000059605, "var": 0.00277827284299, "mean": 0.436302632093}, "spectral_skewness": {"dmean2": 0.584521889687, "median": 1.75626504421, "min": -0.505358695984, "dvar2": 0.362508773804, "dvar": 0.16160684824, "dmean": 0.368362098932, "max": 7.99444007874, "var": 1.21183407307, "mean": 2.03194665909}, "spectral_flux": {"dmean2": 0.0224508512765, "median": 0.0440733805299, "min": 6.51854681344e-11, "dvar2": 0.000618428515736, "dvar": 0.00027694835444, "dmean": 0.0144529156387, "max": 0.316391468048, "var": 0.0014453366166, "mean": 0.0524873286486}, "spectral_contrast_valleys": {"dmean2": [0.68697309494, 0.542806386948, 0.469387471676, 0.425317525864, 0.358537077904, 0.31067097187], "median": [-8.49309539795, -7.07971525192, -7.91940116882, -8.60969734192, -8.80610466003, -11.8021650314], "min": [-28.2013187408, -27.8561916351, -27.7746582031, -27.6796855927, -27.5203151703, -27.4031219482], "dvar2": [0.326267451048, 0.246701791883, 0.182370468974, 0.168518513441, 0.147935256362, 0.146790221334], "dvar": [0.146544739604, 0.120634891093, 0.0973670780659, 0.0918212458491, 0.0912781953812, 0.102451615036], "dmean": [0.425230532885, 0.343345165253, 0.302502989769, 0.279235690832, 0.254298448563, 0.24204851687], "max": [-6.2045788765, -4.52952861786, -5.43891143799, -5.79297113419, -5.93827533722, -8.76658344269], "var": [3.87125706673, 4.76375579834, 4.49622488022, 4.34500217438, 4.44283008575, 3.57392644882], "mean": [-8.8285741806, -7.44552993774, -8.16146945953, -8.78095149994, -8.94525051117, -11.8198251724]}, "erbbands_flatness_db": {"dmean2": 0.0233739800751, "median": 0.236206248403, "min": 0.0483560822904, "dvar2": 0.000582939945161, "dvar": 0.000311944721034, "dmean": 0.0163653325289, "max": 0.518745779991, "var": 0.00364706362598, "mean": 0.240306913853}, "spectral_energyband_high": {"dmean2": 0.000144527337397, "median": 3.89312226616e-05, "min": 6.96503766449e-21, "dvar2": 1.0673971218e-07, "dvar": 5.7527440589e-08, "dmean": 0.000108721957076, "max": 0.00795345939696, "var": 6.28212660558e-07, "mean": 0.000375038827769}, "spectral_entropy": {"dmean2": 0.243758544326, "median": 6.98527431488, "min": 3.49980378151, "dvar2": 0.0688420981169, "dvar": 0.0425750315189, "dmean": 0.172284513712, "max": 9.81965637207, "var": 0.568952739239, "mean": 6.95874547958}, "silence_rate_20dB": {"dmean2": 0, "median": 1, "min": 1, "dvar2": 0, "dvar": 0, "dmean": 0, "max": 1, "var": 0, "mean": 1}, "melbands_flatness_db": {"dmean2": 0.0313991978765, "median": 0.236265704036, "min": 0.00343107944354, "dvar2": 0.00105834007263, "dvar": 0.000606363348197, "dmean": 0.0224407743663, "max": 0.605351686478, "var": 0.00940536428243, "mean": 0.237750157714}, "barkbands": {"dmean2": [2.95432869279e-06, 0.0001910962892, 0.000344489060808, 0.000297041347949, 0.00140338647179, 0.0013878318714, 0.000968985026702, 0.000747389392927, 0.000656501099002, 0.000789921206888, 0.000632232695352, 0.000844308116939, 0.000820011715405, 0.000439340888988, 0.000318431295455, 0.000231957994401, 0.000187746874872, 0.000111243971332, 0.00013633556955, 9.69734101091e-05, 6.89160879119e-05, 3.53212017217e-05, 3.86696883652e-05, 2.00293980015e-05, 3.85724842999e-06, 6.5703424923e-08, 1.4365491019e-08], "median": [1.08861411263e-06, 4.94049672852e-05, 8.11847348814e-05, 7.9172423284e-05, 0.000915075652301, 0.000939313787967, 0.000279000872979, 0.000160261522979, 0.000155038767844, 0.000111216766527, 6.63656173856e-05, 8.13586593722e-05, 5.84889057791e-05, 3.7904974306e-05, 2.93270950351e-05, 3.15111756208e-05, 2.53379384958e-05, 1.94161202671e-05, 1.99744390557e-05, 1.36847111207e-05, 7.14204406904e-06, 2.08068172469e-06, 6.96971119396e-06, 2.96046823678e-06, 1.31529475311e-07, 6.26723251074e-09, 7.52582529628e-09], "min": [1.47602247884e-25, 4.40729330227e-24, 3.12270411838e-24, 2.7856279951e-24, 8.35130594984e-24, 7.78813183871e-24, 7.16100635172e-24, 1.1495342642e-23, 1.57164695038e-23, 1.91927901865e-23, 1.69290449562e-23, 2.67843931079e-23, 3.44294492442e-23, 4.07786151726e-23, 5.0443060563e-23, 7.13251806008e-23, 7.03280225513e-23, 9.37205251815e-23, 1.13449305332e-22, 1.80494934455e-22, 2.25296503586e-22, 3.51750931936e-22, 4.12264994712e-22, 6.55084030135e-22, 9.03335048154e-22, 1.34173501728e-21, 1.90688940909e-21], "dvar2": [1.87955657982e-11, 1.62983866403e-07, 5.14756209213e-07, 4.45035340135e-07, 5.35817798664e-06, 7.58265196055e-06, 9.04047101358e-06, 4.03890317102e-06, 2.49128606811e-06, 4.47020920546e-06, 3.9330184336e-06, 6.12769599684e-06, 6.59819943394e-06, 1.55345912844e-06, 9.85780275187e-07, 3.84755963978e-07, 3.318104973e-07, 1.05429784014e-07, 1.40292186757e-07, 6.38192219071e-08, 2.84997057065e-08, 1.06202238115e-08, 9.00496477385e-09, 2.54422505286e-09, 1.65351912718e-10, 8.47318092426e-14, 8.22528707607e-15], "dvar": [8.3666242337e-12, 7.85002285397e-08, 2.96925918519e-07, 1.77054545247e-07, 2.20158926822e-06, 3.16895102515e-06, 4.50672496299e-06, 1.65109975114e-06, 1.14999716061e-06, 2.0867778403e-06, 2.40618760472e-06, 3.40902033713e-06, 4.30994668932e-06, 8.3496888692e-07, 4.9472913588e-07, 1.60712431807e-07, 1.32407635078e-07, 4.03398310311e-08, 6.80583482904e-08, 2.65707651437e-08, 1.28758115281e-08, 4.7046997409e-09, 4.14607903565e-09, 1.34045452516e-09, 7.8783611579e-11, 4.03974508738e-14, 4.07258099721e-15], "dmean": [1.82510746072e-06, 0.000131927532493, 0.000247893418418, 0.000180572125828, 0.000880454666913, 0.000923581130337, 0.000652363116387, 0.000481505354401, 0.000444949953817, 0.0005344049423, 0.000451522646472, 0.000596926372964, 0.000585953006521, 0.00030279069324, 0.000215737498365, 0.000150506646605, 0.000121011828014, 7.12148903403e-05, 9.12986652111e-05, 6.39629724901e-05, 4.71178536827e-05, 2.35515199165e-05, 2.66098704742e-05, 1.42198732647e-05, 2.64946902462e-06, 4.53224267005e-08, 1.01994688251e-08], "max": [6.10401839367e-05, 0.00601299945265, 0.00921746343374, 0.0149842780083, 0.0311804376543, 0.0487046316266, 0.100795060396, 0.0269518084824, 0.0239480379969, 0.0433930158615, 0.053142812103, 0.064541913569, 0.102772161365, 0.0339668318629, 0.0350129380822, 0.0121489483863, 0.0111481454223, 0.00465414253995, 0.013080427423