{"tonal": {"thpcp": [1, 0.656388223171, 0.358852118254, 0.417815595865, 0.245998799801, 0.48567584157, 0.888061404228, 0.513150393963, 0.234918400645, 0.33529189229, 0.20246809721, 0.320925593376, 0.58890658617, 0.416977733374, 0.416578412056, 0.590805590153, 0.313938707113, 0.32621639967, 0.650762617588, 0.428714811802, 0.442758828402, 0.739324808121, 0.403692394495, 0.318629682064, 0.57759732008, 0.356794923544, 0.473434895277, 0.853497087955, 0.494399368763, 0.282282322645, 0.407174706459, 0.228523254395, 0.356211155653, 0.616646289825, 0.368378102779, 0.536469399929], "hpcp": {"dmean2": [0.104244962335, 0.0758927986026, 0.0785192549229, 0.107509598136, 0.092335306108, 0.0806030929089, 0.0989366322756, 0.0785218924284, 0.0714286342263, 0.0828171893954, 0.0739915296435, 0.0854593589902, 0.102313265204, 0.0861046537757, 0.0619831643999, 0.0697954073548, 0.0572096221149, 0.070175267756, 0.093650534749, 0.0854870527983, 0.109888583422, 0.134000942111, 0.12214936316, 0.105659484863, 0.0940808355808, 0.0755236893892, 0.0962669923902, 0.111582420766, 0.0859415829182, 0.0574282482266, 0.0706362575293, 0.0689838007092, 0.0877200439572, 0.102192558348, 0.11052595824, 0.105840787292], "median": [0.0118081960827, 0.00788808241487, 0.0101897316054, 0.010617416352, 0.0105730183423, 0.0151880718768, 0.0133683644235, 0.0136589482427, 0.00599751016125, 0.00381274684332, 0.00410058628768, 0.0142041239887, 0.0119043122977, 0.0149524677545, 0.00526431342587, 0.00426573865116, 0.00422647967935, 0.0121464757249, 0.0145641490817, 0.0107700191438, 0.0206348113716, 0.0271862559021, 0.0256070122123, 0.00861857645214, 0.00493783829734, 0.00541837885976, 0.0277898572385, 0.03341717273, 0.0245762914419, 0.00608580000699, 0.00345016084611, 0.00391380861402, 0.00470649637282, 0.00638904655352, 0.0107416696846, 0.016716344282], "min": [0, 0, 0, 0, 0, 0, 0, 0, 0, 0, 0, 0, 0, 0, 0, 0, 0, 0, 0, 0, 0, 0, 0, 0, 0, 0, 0, 0, 0, 0, 0, 0, 0, 0, 0, 0], "dvar2": [0.0494750402868, 0.0271849092096, 0.0236228648573, 0.0498038977385, 0.0351658165455, 0.0219403281808, 0.0431135967374, 0.0235147643834, 0.0259497668594, 0.0455604530871, 0.0320197120309, 0.0292696990073, 0.0538887493312, 0.0305125135928, 0.0210828967392, 0.032929006964, 0.0201778709888, 0.0189758948982, 0.0401516482234, 0.0360946170986, 0.0465808212757, 0.0672570317984, 0.0452191196382, 0.0549890957773, 0.0485230758786, 0.030886137858, 0.0381024368107, 0.0470351874828, 0.0240137465298, 0.0205143913627, 0.0351299233735, 0.0272333398461, 0.0384359546006, 0.0509606711566, 0.0515089668334, 0.0428240559995], "dvar": [0.0238014869392, 0.0113737164065, 0.00957326777279, 0.0247318539768, 0.0142627591267, 0.00933670438826, 0.0220527052879, 0.0101580405608, 0.0103057501838, 0.0209242943674, 0.0130565036088, 0.0120155122131, 0.0277534667403, 0.0137231918052, 0.00890654604882, 0.0171710047871, 0.00928095821291, 0.00872814282775, 0.0214654747397, 0.0144659196958, 0.0175841171294, 0.033512506634, 0.0198371876031, 0.0204726327211, 0.0216779373586, 0.012192918919, 0.0147628681734, 0.0250362679362, 0.0109155531973, 0.00768846273422, 0.0150165362284, 0.00995498057455, 0.0148315168917, 0.0248030200601, 0.020698517561, 0.0164885930717], "dmean": [0.0650297030807, 0.0459150932729, 0.0472687780857, 0.065246142447, 0.0552432984114, 0.0494931600988, 0.0629427731037, 0.0485361814499, 0.0427265912294, 0.0499668382108, 0.0437592156231, 0.0503288283944, 0.0621824152768, 0.0526472069323, 0.0379597730935, 0.0434158928692, 0.0348646193743, 0.0436898060143, 0.0590794757009, 0.0507293529809, 0.0653025135398, 0.0826210677624, 0.0747599154711, 0.0613515228033, 0.0561274625361, 0.0443297885358, 0.0574753023684, 0.070435218513, 0.0537954978645, 0.0343995504081, 0.043316707015, 0.039203401655, 0.0511903017759, 0.0624451525509, 0.0654776543379, 0.0626575350761], "max": [1, 1, 1, 1, 1, 1, 1, 1, 1, 1, 1, 1, 1, 1, 1, 1, 1, 1, 1, 1, 1, 1, 1, 1, 1, 1, 1, 1, 1, 1, 1, 1, 1, 1, 1, 1], "var": [0.0746319070458, 0.0227263867855, 0.0207157563418, 0.0926383808255, 0.0374246761203, 0.0305435676128, 0.095705062151, 0.0270895715803, 0.0244396999478, 0.0904352068901, 0.0367570966482, 0.0345880836248, 0.123555213213, 0.0370288342237, 0.0207889862359, 0.0552931129932, 0.0185739602894, 0.0256722364575, 0.0822656229138, 0.0297212339938, 0.0389327630401, 0.132805615664, 0.0541983097792, 0.0357225425541, 0.0541922152042, 0.0193567015231, 0.0314753465354, 0.106854580343, 0.0343063399196, 0.0158533025533, 0.0381481796503, 0.0129188746214, 0.0255835372955, 0.0784571617842, 0.0397099517286, 0.0311594046652], "mean": [0.138304010034, 0.0734911486506, 0.0763652846217, 0.152339592576, 0.100359544158, 0.103647165, 0.173071458936, 0.0945019498467, 0.0745892822742, 0.135212033987, 0.0835235342383, 0.110828243196, 0.199798509479, 0.115735903382, 0.0660805851221, 0.095317132771, 0.0534959100187, 0.083386875689, 0.144353166223, 0.0862350836396, 0.125584244728, 0.234093949199, 0.153656512499, 0.0840051099658, 0.0978081002831, 0.0575868301094, 0.113693773746, 0.207889795303, 0.12012540549, 0.0549929775298, 0.0784898027778, 0.0473965555429, 0.0751267373562, 0.137859463692, 0.0976119637489, 0.0975184887648]}, "tuning_equal_tempered_deviation": 0, "chords_changes_rate": 0.0501193329692, "key_key": "E", "tuning_diatonic_strength": 0.251276910305, "key_scale": "major", "chords_number_rate": 0.00340947834775, "tuning_frequency": 443.316436768, "tuning_nontempered_energy_ratio": 0.595921516418, "chords_histogram": [8.11455821991, 1.21036481857, 14.2004776001, 1.94340264797, 7.84180021286, 2.14797139168, 0.733037829399, 1.50017046928, 3.64814186096, 0.0340947844088, 3.20490956306, 2.47187185287, 3.73337888718, 0, 7.94408464432, 1.65359699726, 4.27889537811, 1.84111833572, 1.61950218678, 2.74463009834, 0.750085234642, 8.93283367157, 6.40981912613, 13.0412549973], "key_strength": 0.548952519894, "chords_key": "B", "chords_strength": {"dmean2": 0.00600117444992, "median": 0.452188909054, "min": 0.164716511965, "dvar2": 4.2041978304e-05, "dvar": 5.39493848919e-05, "dmean": 0.00905979331583, "max": 0.771800756454, "var": 0.0108070317656, "mean": 0.452521651983}, "chords_scale": "major", "hpcp_entropy": {"dmean2": 0.68618863821, "median": 1.48226678371, "min": 0, "dvar2": 0.505197405815, "dvar": 0.206646159291, "dmean": 0.410897791386, "max": 4.43882513046, "var": 0.505482017994, "mean": 1.43613135815}}, "metadata": {"audio_properties": {"equal_loudness": 0, "codec": "flac", "downmix": "mix", "sample_rate": 44100, "analysis_sample_rate": 44100, "bit_rate": 0, "md5_encoded": "c3e9f891543d2a1fe4f8286b3798f17a", "length": 272.333343506, "replay_gain": -4.14931678772, "lossless": true}, "version": {"essentia_build_sha": "70f2e5ece6736b2c40cc944ad0e695b16b925413", "essentia": "2.1-beta2", "extractor": "music 1.0", "essentia_git_sha": "v2.1_beta2"}, "tags": {"title": ["Sonata no. 11 in F minor, D. 625: II. Scherzo"], "barcode": ["4600317022311"], "media": ["CD"], "albumartist": ["Franz Schubert; \u0421\u0432\u044f\u0442\u043e\u0441\u043b\u0430\u0432 \u0422\u0435\u043e\u0444\u0438\u043b\u043e\u0432\u0438\u0447 \u0420\u0438\u0445\u0442\u0435\u0440"], "tracktotal": ["11"], "musicbrainz_releasegroupid": ["d11ae7f8-459d-4308-a043-9726eb9b2ecb"], "performer": ["\u0421\u0432\u044f\u0442\u043e\u0441\u043b\u0430\u0432 \u0422\u0435\u043e\u0444\u0438\u043b\u043e\u0432\u0438\u0447 \u0420\u0438\u0445\u0442\u0435\u0440 (piano)"], "releasetype": ["album", "compilation", "live"], "musicbrainz_recordingid": ["11509230-30ab-46ce-858f-273fe1634e3d"], "musicbrainz_albumartistid": ["f91e3a88-24ee-4563-8963-fab73d2765ed", "2014bfbb-c65d-45dc-9973-35bead3833fa"], "musicbrainz_releasetrackid": ["e1188709-5783-441e-89dc-50b36b26586b"], "discnumber": ["1"], "totaldiscs": ["4"], "catalognumber": ["MEL CD 10 0223 1"], "file_name": "CD1-06 - Sonata no. 11 in F minor, D. 625_ II. Scherzo.flac", "originaldate": ["2014"], "albumartistsort": ["Schubert, Franz; Richter, Sviatoslav Teofilovich"], "date": ["2014"], "genre": ["Unknown"], "disctotal": ["4"], "musicbrainz_artistid": ["f91e3a88-24ee-4563-8963-fab73d2765ed"], "asin": ["B00J587KHO"], "musicbrainz_albumid": ["1868d6cf-d91b-41f9-9cf1-4887f8227667"], "artist": ["Schubert"], "tracknumber": ["6"], "artistsort": ["Schubert, Franz"], "album": ["Richter plays Schubert"], "label": ["\u041c\u0435\u043b\u043e\u0434\u0438\u044f"], "releasestatus": ["official"], "acoustid_id": ["aaa6a1e1-a935-4a79-a550-61cb134a0399"], "script": ["Latn"], "totaltracks": ["11"]}}, "rhythm": {"bpm_histogram_first_peak_bpm": {"dmean2": 0, "median": 185, "min": 185, "dvar2": 0, "dvar": 0, "dmean": 0, "max": 185, "var": 0, "mean": 185}, "bpm": 184.570220947, "bpm_histogram_second_peak_spread": {"dmean2": 0, "median": 0, "min": 0, "dvar2": 0, "dvar": 0, "dmean": 0, "max": 0, "var": 0, "mean": 0}, "bpm_histogram_first_peak_weight": {"dmean2": 0, "median": 0.121478870511, "min": 0.121478870511, "dvar2": 0, "dvar": 0, "dmean": 0, "max": 0.121478870511, "var": 0, "mean": 0.121478870511}, "onset_rate": 2.79055905342, "beats_position": [0.650158703327, 1.33514738083, 2.02013611794, 2.69351458549, 3.35528349876, 3.99383211136, 4.60916090012, 5.23609972, 5.85142850876, 6.47836732864, 7.10530614853, 7.70902490616, 8.33596324921, 8.97451210022, 9.6014509201, 10.2399997711, 10.866938591, 11.4938774109, 12.1092061996, 12.7245349884, 13.3398637772, 13.9551925659, 14.5705213547, 15.2090702057, 15.8476190567, 16.5209980011, 17.1827659607, 17.8561439514, 18.5295238495, 19.1912918091, 19.8414516449, 20.5032196045, 21.153377533, 21.7919273376, 22.4420852661, 23.0922451019, 23.7307929993, 24.3112926483, 24.8801803589, 25.4606800079, 26.0295696259, 26.6216773987, 27.2137870789, 27.7942848206, 28.3980045319, 28.9901123047, 29.593832016, 30.1859397888, 30.778049469, 31.3817672729, 31.9738769531, 32.5543746948, 33.1348762512, 33.7385940552, 34.3423118591, 34.9460296631, 35.5497512817, 36.1418571472, 36.7455787659, 37.3725166321, 38.0110664368, 38.6612243652, 39.3113822937, 39.9615402222, 40.6233100891, 41.2618598938, 41.9004058838, 42.5389556885, 43.1658935547, 43.8044433594, 44.4313812256, 45.0815429688, 45.7317008972, 46.3934669495, 47.0668487549, 47.7866668701, 48.5180931091, 49.2030830383, 49.8996810913, 50.5846710205, 51.2464370728, 51.9082069397, 52.5699768066, 53.2201347351, 53.8819046021, 54.5552825928, 55.2054405212, 55.8439903259, 56.4825401306, 57.1094779968, 57.7248077393, 58.3517456055, 58.9902954102, 59.6172332764, 60.2557830811, 60.8827209473, 61.5096588135, 62.1365966797, 62.7403144836, 63.3556442261, 63.9709739685, 64.5863037109, 65.1784133911, 65.7821273804, 66.385848999, 66.9895706177, 67.5932846069, 68.1970062256, 68.8007278442, 69.4044418335, 70.0081634521, 70.6118774414, 71.2272109985, 71.8309249878, 72.423034668, 73.0267562866, 73.6188659668, 74.2225799561, 74.8263015747, 75.4184112549, 75.9989089966, 76.5794067383, 77.1715164185, 77.6010894775, 78.0422668457, 78.4834442139, 78.9130172729, 79.3309707642, 79.7605438232, 80.1785049438, 80.6080703735, 81.0376434326, 81.4555969238, 81.8271179199, 82.1870269775, 82.5469360352, 82.9184570312, 83.2783660889, 83.6382751465, 83.9981842041, 84.3464813232, 84.6831741333, 85.0082550049, 85.3333282471, 85.6584091187, 85.9718780518, 86.2853469849, 86.6104278564, 86.9122848511, 87.2141494751, 87.5276184082, 87.8410873413, 88.1545562744, 88.4680252075, 88.7814941406, 89.0949630737, 89.4200439453, 89.7567367554, 90.093421936, 90.4301147461, 90.9061203003, 91.3589096069, 91.8116989136, 92.2761001587, 92.7288894653, 93.181678772, 93.6460723877, 94.1104736328, 94.5632629395, 95.0276641846, 95.4804534912, 95.9448471069, 96.4208602905, 96.7575454712, 97.0942382812, 97.4309310913, 97.767616272, 98.104309082, 98.4409942627, 98.7776870728, 99.1027679443, 99.4278411865, 99.7529220581, 100.066390991, 100.391471863, 100.716552734, 101.041633606, 101.366706848, 101.680175781, 102.005256653, 102.330337524, 102.678634644, 103.026939392, 103.38684845, 103.72353363, 104.095054626, 104.478187561, 104.82648468, 105.174781799, 105.534690857, 105.906211853, 106.289337158, 106.649246216, 107.009155273, 107.392288208, 107.787025452, 108.193374634, 108.588119507, 108.98285675, 109.377593994, 109.772331238, 110.143852234, 110.503761292, 110.875282288, 111.235191345, 111.571876526, 111.920181274, 112.256866455, 112.593559265, 112.930244446, 113.255325317, 113.580406189, 113.917098999, 114.25378418, 114.59047699, 114.92716217, 115.26385498, 115.600540161, 115.960449219, 116.320358276, 116.691879272, 117.063400269, 117.434921265, 117.81804657, 118.201179504, 118.595916748, 118.979042053, 119.350563049, 119.698867798, 120.047164917, 120.418685913, 120.778594971, 121.150108337, 121.533241272, 121.904762268, 122.287887573, 122.682624817, 123.065757751, 123.437278748, 123.808792114, 124.157096863, 124.505393982, 124.853691101, 125.190383911, 125.527069092, 125.852149963, 126.177230835, 126.502311707, 126.838996887, 127.175689697, 127.500770569, 127.82585144, 128.150924683, 128.487609863, 128.835922241, 129.288711548, 129.729888916, 130.171066284, 130.612243652, 131.065032959, 131.517822266, 131.958999634, 132.41178894, 132.876190186, 133.352203369, 133.851425171, 134.350662231, 134.838272095, 135.38394165, 135.929611206, 136.475280762, 137.032562256, 137.601455688, 138.170333862, 138.704391479, 139.238449097, 139.760910034, 140.294967651, 140.829025269, 141.467575073, 142.106124878, 142.744674683, 143.383224487, 144.021759033, 144.602264404, 145.171157837, 145.751647949, 146.33215332, 146.924255371, 147.400268555, 147.8646698, 148.329071045, 148.677368164, 149.025665283, 149.373962402, 149.73387146, 150.105392456, 150.453689575, 150.790390015, 151.138687134, 151.475372314, 151.812057495, 152.160354614, 152.497055054, 152.845352173, 153.182037354, 153.518722534, 153.855422974, 154.192108154, 154.517181396, 154.853881836, 155.190567017, 155.527252197, 155.84072876, 156.165802002, 156.479278564, 156.804351807, 157.129425049, 157.45451355, 157.79119873, 158.13949585, 158.487792969, 158.847702026, 159.288879395, 159.718460083, 160.159637451, 160.577590942, 160.983947754, 161.390289307, 161.78503418, 162.110107422, 162.435195923, 162.771881104, 163.131790161, 163.491699219, 163.851608276, 164.211517334, 164.571426392, 164.931335449, 165.279632568, 165.627929688, 165.953018188, 166.278091431, 166.603164673, 166.928253174, 167.253326416, 167.578414917, 167.891876221, 168.205352783, 168.530426025, 168.855514526, 169.180587769, 169.505661011, 169.819137573, 170.132598877, 170.457687378, 170.78276062, 171.119445801, 171.45614624, 171.781219482, 172.106307983, 172.431381226, 172.756454468, 173.081542969, 173.406616211, 173.731704712, 174.056777954, 174.370239258, 174.68371582, 175.008789062, 175.322265625, 175.635726929, 175.96081543, 176.274276733, 176.599365234, 176.936050415, 177.284347534, 177.632644653, 177.969345093, 178.32925415, 178.67755127, 179.025848389, 179.385757446, 179.745666504, 180.1171875, 180.477096558, 180.837005615, 181.196914673, 181.533599854, 181.858688354, 182.183761597, 182.520446777, 182.857131958, 183.182220459, 183.507293701, 183.832382202, 184.157455444, 184.482528687, 184.807617188, 185.144302368, 185.492599487, 185.957000732, 186.421401978, 186.874191284, 187.338592529, 187.791381836, 188.244171143, 188.847885132, 189.451599121, 190.055328369, 190.670654297, 191.285980225, 191.889694214, 192.493423462, 193.097137451, 193.70085144, 194.304580688, 194.908294678, 195.488800049, 196.0809021, 196.673019409, 197.276733398, 197.868835449, 198.472564697, 199.076278687, 199.668380737, 200.248886108, 200.829391479, 201.433105469, 202.02520752, 202.675369263, 203.313919067, 203.940856934, 204.5677948, 205.194732666, 205.833282471, 206.483444214, 207.052337646, 207.586395264, 208.132064819, 208.689331055, 209.23500061, 209.815505981, 210.396011353, 210.976501465, 211.545394897, 212.091064453, 212.764434814, 213.437820435, 214.111190796, 214.772964478, 215.457962036, 216.131332397, 216.804718018, 217.489700317, 218.174682617, 218.836456299, 219.49822998, 220.159988403, 220.810150146, 221.46031189, 222.098861694, 222.737411499, 223.375961304, 224.026123047, 224.653060913, 225.279998779, 225.906936646, 226.533874512, 227.149200439, 227.764526367, 228.379852295, 228.995193481, 229.598907471, 230.20262146, 230.817947388, 231.433288574, 232.037002563, 232.640716553, 233.244445801, 233.84815979, 234.463485718, 235.078811646, 235.705749512, 236.30947876, 236.913192749, 237.516906738, 237.981307983, 238.445709229, 238.898498535, 239.351287842, 239.79246521, 240.245254517, 240.698043823, 241.127609253, 241.557189941, 241.99836731, 242.393096924, 242.787841797, 243.18258667, 243.588928223, 243.995285034, 244.390014648, 244.784759521, 245.179489136, 245.551010132, 245.922531128, 246.294052124, 246.653961182, 247.013870239, 247.373779297, 247.733688354, 248.081985474, 248.418685913, 248.755371094, 249.080444336, 249.405532837, 249.718994141, 250.032470703, 250.357543945, 250.671020508, 250.984481812, 251.309570312, 251.634643555, 251.936508179, 252.261581421, 252.563446045, 252.86529541, 253.190383911, 253.515457153, 253.840545654, 254.316543579, 254.792556763, 255.256958008, 255.872283936, 256.487609863, 257.114562988, 257.741485596, 258.345214844, 258.937316895, 259.541046143, 260.191192627, 260.841369629, 261.491516113, 262.153289795, 262.815063477, 263.488433838, 264.126983643, 264.765533447, 265.404083252, 266.054229736, 266.704406738, 267.354553223, 268.016326904, 268.678100586, 269.432739258, 270.18737793, 270.942047119, 271.696685791], "beats_loudness": {"dmean2": 0.0293605439365, "median": 0.0079473843798, "min": 8.15690839318e-07, "dvar2": 0.00250334804878, "dvar": 0.00100135337561, "dmean": 0.0177984535694, "max": 0.363161563873, "var": 0.00205812742934, "mean": 0.0253909900784}, "danceability": 1.07424759865, "bpm_histogram_second_peak_weight": {"dmean2": 0, "median": 0.0880281701684, "min": 0.0880281701684, "dvar2": 0, "dvar": 0, "dmean": 0, "max": 0.0880281701684, "var": 0, "mean": 0.0880281701684}, "beats_count": 569, "bpm_histogram_second_peak_bpm": {"dmean2": 0, "median": 178, "min": 178, "dvar2": 0, "dvar": 0, "dmean": 0, "max": 178, "var": 0, "mean": 178}, "bpm_histogram_first_peak_spread": {"dmean2": 0, "median": 0, "min": 0, "dvar2": 0, "dvar": 0, "dmean": 0, "max": 0, "var": 0, "mean": 0}, "beats_loudness_band_ratio": {"dmean2": [0.163259908557, 0.358950793743, 0.375970065594, 0.193064570427, 0.0875163897872, 0.00133566011209], "median": [0.054765265435, 0.338495641947, 0.38356423378, 0.0439314395189, 0.00334672443569, 8.2492675574e-05], "min": [0.000831427518278, 0.00656310049817, 0.00708415964618, 0.000432533706771, 2.48977048614e-05, 3.63688650395e-06], "dvar2": [0.0435691177845, 0.0904321745038, 0.0855045467615, 0.0907268822193, 0.0660264492035, 4.30264080933e-05], "dvar": [0.0172361563891, 0.0358156301081, 0.0359811708331, 0.034316521138, 0.0223739407957, 1.45388212331e-05], "dmean": [0.0952009111643, 0.211366385221, 0.218325868249, 0.107276640832, 0.045879714191, 0.000720026961062], "max": [0.907279253006, 0.973319470882, 0.985223352909, 0.945565462112, 0.937872231007, 0.0514953657985], "var": [0.0256386157125, 0.0664218664169, 0.0774718597531, 0.0308323986828, 0.0128452284262, 1.0177473996e-05], "mean": [0.112860679626, 0.371684014797, 0.427703201771, 0.106722518802, 0.0288619492203, 0.000594261393417]}}, "lowlevel": {"barkbands_spread": {"dmean2": 1.81715726852, "median": 3.72063159943, "min": 0.246345713735, "dvar2": 10.7807846069, "dvar": 4.38956069946, "dmean": 1.17517530918, "max": 56.2497291565, "var": 21.2242488861, "mean": 5.01700115204}, "melbands_spread": {"dmean2": 2.77818846703, "median": 5.69942903519, "min": 0.392606854439, "dvar2": 20.8647003174, "dvar": 9.7083234787, "dmean": 1.80572509766, "max": 74.8196640015, "var": 74.2365112305, "mean": 8.36330795288}, "hfc": {"dmean2": 2.95352339745, "median": 1.85429430008, "min": 1.27714711198e-05, "dvar2": 94.8414154053, "dvar": 61.4668884277, "dmean": 2.40713095665, "max": 250.963256836, "var": 254.837219238, "mean": 6.72144603729}, "barkbands_kurtosis": {"dmean2": 4.97811222076, "median": 3.91607475281, "min": -1.93285512924, "dvar2": 90.2724151611, "dvar": 36.4147872925, "dmean": 3.16966819763, "max": 150.478988647, "var": 104.312385559, "mean": 6.89814376831}, "gfcc": {"mean": [-254.379821777, 193.41468811, -111.578704834, -52.492023468, -49.9076766968, -26.5957565308, -39.2296562195, -15.4520988464, -19.2620372772, -4.95070266724, -10.4868879318, -9.69923496246, -7.0831656456], "icov": [[0.00376037997194, -0.00461648590863, 0.0049954992719, -0.00340557610616, 0.000846933748107, 0.00106581358705, -0.00422158557922, 0.00649436889216, -0.00668538548052, 0.00610259314999, -0.00466227391735, 0.00274334987625, -0.00124926818535], [-0.00461648590863, 0.00964061170816, -0.00775704393163, 0.00774607947096, -0.00531233940274, 0.00330823822878, 0.00143004965503, -0.00387330073863, 0.00625198334455, -0.0044061713852, 0.00599127309397, -0.00336415367201, 0.00245529809035], [0.0049954992719, -0.00775704393163, 0.0100763840601, -0.00710709532723, 0.00677677011117, -0.00307054608129, -0.000148901090142, 0.0046122088097, -0.00638627260923, 0.0070160459727, -0.00624439958483, 0.00407763570547, -0.00164370238781], [-0.00340557610616, 0.00774607947096, -0.00710709532723, 0.0107856206596, -0.00853409525007, 0.00619763461873, -0.00332360900939, -0.00127724651247, 0.0059657250531, -0.0084204915911, 0.0110833123326, -0.00820095557719, 0.00445900298655], [0.000846933748107, -0.00531233940274, 0.00677677011117, -0.00853409525007, 0.0149664441124, -0.0106375403702, 0.0105906873941, -0.00558507442474, 0.00138819671702, 0.00299546727911, -0.00572498282418, 0.00659494334832, -0.00372981955297], [0.00106581358705, 0.00330823822878, -0.00307054608129, 0.00619763461873, -0.0106375403702, 0.0149603197351, -0.0104799484834, 0.00738543830812, -0.000293167686323, -0.00339115341194, 0.00793723855168, -0.00670309504494, 0.00555677106604], [-0.00422158557922, 0.00143004965503, -0.000148901090142, -0.00332360900939, 0.0105906873941, -0.0104799484834, 0.0219873506576, -0.0185983814299, 0.0141022345051, -0.00683435657993, 0.00187520845793, 0.00301920087077, -0.000883781176526], [0.00649436889216, -0.00387330073863, 0.0046122088097, -0.00127724651247, -0.00558507442474, 0.00738543830812, -0.0185983814299, 0.0266559384763, -0.0211454443634, 0.0160613823682, -0.00831407122314, 0.00154340476729, -0.00014188849309], [-0.00668538548052, 0.00625198334455, -0.00638627260923, 0.0059657250531, 0.00138819671702, -0.000293167686323, 0.0141022345051, -0.0211454443634, 0.0318443328142, -0.0259294267744, 0.0206538401544, -0.00812965538353, 0.00519987335429], [0.00610259314999, -0.0044061713852, 0.0070160459727, -0.0084204915911, 0.00299546727911, -0.00339115341194, -0.00683435657993, 0.0160613823682, -0.0259294267744, 0.0386737622321, -0.0290272030979, 0.0162523258477, -0.00831481348723], [-0.00466227391735, 0.00599127309397, -0.00624439958483, 0.0110833123326, -0.00572498282418, 0.00793723855168, 0.00187520845793, -0.00831407122314, 0.0206538401544, -0.0290272030979, 0.03979120031, -0.0218681786209, 0.0144415302202], [0.00274334987625, -0.00336415367201, 0.00407763570547, -0.00820095557719, 0.00659494334832, -0.00670309504494, 0.00301920087077, 0.00154340476729, -0.00812965538353, 0.0162523258477, -0.0218681786209, 0.0254966486245, -0.0144338496029], [-0.00124926818535, 0.00245529809035, -0.00164370238781, 0.00445900298655, -0.00372981955297, 0.00555677106604, -0.000883781176526, -0.00014188849309, 0.00519987335429, -0.00831481348723, 0.0144415302202, -0.0144338496029, 0.0185262672603]], "cov": [[10159.4970703, 2618.11157227, -3356.4465332, -256.242126465, 868.239807129, -1169.49060059, 149.765655518, -647.956115723, -14.1759128571, -468.111297607, -116.266914368, -569.982421875, 70.1790618896], [2618.11157227, 1250.96179199, -574.817565918, -416.182922363, 145.491088867, -370.803894043, -75.4411697388, -201.098770142, -31.5914726257, -192.269378662, -20.5560894012, -182.369979858, -8.19158935547], [-3356.4465332, -574.817565918, 1513.26623535, 22.3229751587, -437.779602051, 320.189025879, -82.9726638794, 167.685333252, 1.03997409344, 112.563369751, 32.6358184814, 179.522109985, -43.4575271606], [-256.242126465, -416.182922363, 22.3229751587, 526.69909668, 120.053329468, 70.3993835449, 76.5625305176, 34.149520874, -9.0928850174, 38.8779754639, -45.4756622314, 61.3134384155, 23.2774047852], [868.239807129, 145.491088867, -437.779602051, 120.053329468, 380.024505615, 17.4859142303, -48.391002655, -71.6155319214, -23.3731422424, -36.1737480164, -32.6476707458, -53.8270988464, 13.7740354538], [-1169.49060059, -370.803894043, 320.189025879, 70.3993835449, 17.4859142303, 332.182861328, 34.0935630798, 48.8369255066, -33.0086898804, 56.8446846008, -5.72216892242, 55.6255645752, -29.7929019928], [149.765655518, -75.4411697388, -82.9726638794, 76.5625305176, -48.391002655, 34.0935630798, 221.889572144, 91.2058258057, -26.9902210236, -14.9466362, -9.80633163452, -16.6351795197, -18.825586319], [-647.956115723, -201.098770142, 167.685333252, 34.149520874, -71.6155319214, 48.8369255066, 91.2058258057, 207.389755249, 57.2234725952, 11.8510665894, -9.30209732056, 30.6397762299, -13.1298427582], [-14.1759128571, -31.5914726257, 1.03997409344, -9.0928850174, -23.3731422424, -33.0086898804, -26.9902210236, 57.2234725952, 137.164047241, 49.352432251, -20.4739017487, -15.3110437393, -2.46032714844], [-468.111297607, -192.269378662, 112.563369751, 38.8779754639, -36.1737480164, 56.8446846008, -14.9466362, 11.8510665894, 49.352432251, 124.507926941, 43.8836860657, 10.8715629578, -14.1189842224], [-116.266914368, -20.5560894012, 32.6358184814, -45.4756622314, -32.6476707458, -5.72216892242, -9.80633163452, -9.30209732056, -20.4739017487, 43.8836860657, 96.8456268311, 37.0857162476, -17.8276729584], [-569.982421875, -182.369979858, 179.522109985, 61.3134384155, -53.8270988464, 55.6255645752, -16.6351795197, 30.6397762299, -15.3110437393, 10.8715629578, 37.0857162476, 146.12348938, 52.937702179], [70.1790618896, -8.19158935547, -43.4575271606, 23.2774047852, 13.7740354538, -29.7929019928, -18.825586319, -13.1298427582, -2.46032714844, -14.1189842224, -17.8276729584, 52.937702179, 110.542327881]]}, "spectral_energyband_middle_low": {"dmean2": 0.00435979804024, "median": 0.00292605906725, "min": 7.50478079681e-09, "dvar2": 0.000215894513531, "dvar": 0.000131724591483, "dmean": 0.00335935503244, "max": 0.39689964056, "var": 0.000648865476251, "mean": 0.010347450152}, "melbands_crest": {"dmean2": 3.92853331566, "median": 15.2725849152, "min": 4.83910083771, "dvar2": 17.7729930878, "dvar": 7.18712282181, "dmean": 2.47918963432, "max": 38.2968788147, "var": 33.2798042297, "mean": 16.2521457672}, "spectral_kurtosis": {"dmean2": 34.7272415161, "median": 67.2959594727, "min": 1.94879817963, "dvar2": 997.994628906, "dvar": 371.1434021, "dmean": 20.5988883972, "max": 263.668548584, "var": 2049.02709961, "mean": 73.9842681885}, "spectral_rms": {"dmean2": 0.000526773394085, "median": 0.00190303509589, "min": 5.64322772334e-06, "dvar2": 8.82944220848e-07, "dvar": 6.398890946e-07, "dmean": 0.000431969005149, "max": 0.0201301835477, "var": 5.59198861083e-06, "mean": 0.00249991496094}, "zerocrossingrate": {"dmean2": 0.00317087210715, "median": 0.0244140625, "min": 0.00634765625, "dvar2": 2.25249477808e-05, "dvar": 1.7049977032e-05, "dmean": 0.0026296582073, "max": 0.12744140625, "var": 0.00019405320927, "mean": 0.0283356308937}, "silence_rate_60dB": {"dmean2": 0.147339701653, "median": 0, "min": 0, "dvar2": 0.137579590082, "dvar": 0.0682412385941, "dmean": 0.0736635699868, "max": 1, "var": 0.247146859765, "mean": 0.446632564068}, "erbbands_kurtosis": {"dmean2": 3.32354927063, "median": 2.28187608719, "min": -1.87949776649, "dvar2": 36.7476539612, "dvar": 18.4458217621, "dmean": 2.25783514977, "max": 125.876541138, "var": 81.0668640137, "mean": 5.35009813309}, "erbbands": {"dmean2": [0.000341908016708, 0.00515510514379, 0.0810815691948, 0.578419685364, 2.01453304291, 3.61526298523, 13.3879003525, 13.3854513168, 10.0779533386, 25.1132278442, 18.9001998901, 15.9607658386, 10.2493534088, 6.16991472244, 6.15789985657, 6.66468715668, 13.9179897308, 5.86238908768, 14.2930469513, 3.99521970749, 3.07755446434, 1.98956942558, 0.563972294331, 0.238474309444, 0.20582267642, 0.0957246497273, 0.0683712288737, 0.0235687457025, 0.0102235972881, 0.00287930574268, 0.00122549466323, 0.000203599702218, 7.27318401914e-05, 4.15992217313e-05, 2.57406809396e-05, 1.22249375636e-05, 5.14428484166e-06, 1.68755127561e-06, 2.56110524788e-06, 5.75949388804e-06], "median": [0.000133629771881, 0.000980363925919, 0.0137322265655, 0.094624131918, 0.454050421715, 1.06224703789, 1.75273919106, 3.2585709095, 3.56009435654, 5.06993961334, 3.70019435883, 2.53248929977, 1.70797729492, 1.17336511612, 1.03223657608, 0.875617265701, 0.745301902294, 0.412543773651, 0.267784416676, 0.194528728724, 0.0712923556566, 0.0393306314945, 0.0203356612474, 0.00798662006855, 0.00429340358824, 0.00207883957773, 0.000823380309157, 0.000380968151148, 0.000216930697206, 0.00015426214668, 0.000125457285321, 0.000106597406557, 8.65495385369e-05, 6.56586635159e-05, 4.43436874775e-05, 3.24016800732e-05, 1.53359687829e-05, 5.01402473674e-06, 2.75012052953e-06, 4.2863721319e-06], "min": [4.41139889062e-07, 1.58578609444e-06, 3.06104652736e-06, 4.72223518955e-06, 8.58492148836e-06, 1.23760592032e-05, 1.35650852826e-05, 8.51203640195e-06, 2.35398374571e-06, 1.53054270413e-06, 6.56472366245e-06, 1.35832260639e-05, 3.35852632816e-06, 3.17474746225e-06, 6.71348288961e-07, 4.21510003434e-06, 5.99067197982e-06, 1.68281057995e-05, 1.65944511537e-05, 6.55830172036e-06, 1.45948806676e-05, 8.15551356936e-06, 8.34572529129e-06, 6.03772696195e-06, 6.58214912619e-06, 3.24114580508e-06, 2.77803974313e-06, 2.85778082798e-06, 2.47660341302e-06, 4.38942470282e-06, 2.01584202841e-06, 1.44915622968e-06, 1.69882332557e-06, 8.10398489648e-07, 5.39919938092e-07, 4.13913198827e-07, 1.82579796615e-07, 7.46240544913e-08, 1.18853868969e-08, 1.34051514333e-09], "dvar2": [6.45146769784e-07, 0.000247168529313, 0.0919966101646, 5.22325515747, 50.5687789917, 128.834442139, 4241.359375, 2384.21582031, 1089.24719238, 12919.2724609, 9650.05566406, 9621.84765625, 2739.73852539, 837.709838867, 1088.58239746, 752.415649414, 14054.265625, 1084.86804199, 21187.5175781, 393.574066162, 893.007324219, 296.534973145, 10.4781847, 5.73841667175, 11.581612587, 0.409344047308, 0.702193140984, 0.0354226194322, 0.00846829265356, 0.000591969292145, 0.000201852191822, 2.36155142375e-06, 8.37138642851e-08, 1.19231069462e-08, 1.22860885909e-08, 4.00818406243e-10, 5.90636844988e-11, 5.68065343029e-12, 5.89432738729e-11, 3.21274340465e-10], "dvar": [2.60035790234e-07, 9.31402755668e-05, 0.0360554382205, 3.1006333828, 26.8211174011, 62.3082046509, 1383.92431641, 1160.98327637, 545.317138672, 6831.65917969, 6030.47167969, 5548.54296875, 1663.12011719, 534.326782227, 702.290100098, 386.197662354, 7476.609375, 609.848815918, 11447.5029297, 187.253112793, 476.352813721, 131.211471558, 5.12092113495, 2.11599111557, 3.97215628624, 0.207640483975, 0.273061394691, 0.019470680505, 0.00465225195512, 0.000292814424029, 9.84548387351e-05, 1.2056605101e-06, 4.05787652369e-08, 5.7702314038e-09, 5.40196953835e-09, 2.20553311725e-10, 3.54101574451e-11, 2.92295246167e-12, 3.85542500703e-11, 2.05590502955e-10], "dmean": [0.00020205261535, 0.00315918424167, 0.0515018962324, 0.421444177628, 1.43822491169, 2.35731768608, 8.44227695465, 9.23117923737, 6.87329673767, 17.3449783325, 14.7330789566, 12.2077035904, 8.23363876343, 4.69200086594, 4.89960670471, 4.90857696533, 10.9310760498, 4.61102771759, 11.3363609314, 2.8878455162, 2.29593038559, 1.36159813404, 0.390488564968, 0.160558193922, 0.127756416798, 0.0664861351252, 0.0467858016491, 0.0172376092523, 0.00776751339436, 0.00206895638257, 0.000867047114298, 0.000141493539559, 4.68566795462e-05, 2.68329495157e-05, 1.68277529156e-05, 7.91102593212e-06, 3.34261540047e-06, 1.06552761281e-06, 2.0210798084e-06, 4.55897770735e-06], "max": [0.0278537347913, 0.299046218395, 6.1252579689, 77.2398986816, 216.445892334, 387.363372803, 1090.30578613, 1598.6496582, 912.489929199, 4168.0625, 3996.57836914, 3670.71289062, 2601.39208984, 1539.61230469, 1313.38586426, 681.471252441, 4375.93994141, 1444.53039551, 7113.48291016, 368.418457031, 838.358398438, 629.240478516, 89.399017334, 101.185874939, 154.136901855, 26.3386993408, 32.024684906, 8.89228630066, 5.20799875259, 1.16477704048, 0.642260551453, 0.0816237777472, 0.00828293990344, 0.00297352136113, 0.00466394983232, 0.000533060985617, 0.000206769720535, 6.13751981291e-05, 0.000208731202292, 0.000474024360301], "var": [5.06254195898e-07, 0.000205044983886, 0.0621935278177, 10.6512050629, 91.7413253784, 206.791885376, 2961.27441406, 5467.24462891, 3510.56982422, 25351.4863281, 19121.3535156, 17007.7792969, 5574.95751953, 1311.63366699, 1983.73266602, 1092.47802734, 14876.1767578, 1607.35070801, 23503.6230469, 344.997558594, 816.834411621, 161.426544189, 11.0941114426, 2.60407829285, 3.25579881668, 0.56518548727, 0.304312229156, 0.0642184317112, 0.0124705415219, 0.000500597758219, 0.000141218988574, 1.95664961211e-06, 7.39319006016e-08, 1.37703759506e-08, 8.09336953012e-09, 8.60696847127e-10, 1.72003480903e-10, 1.1675563294e-11, 1.92500723695e-10, 1.01654562545e-09], "mean": [0.00031737217796, 0.00598472589627, 0.0893125236034, 0.89843583107, 3.17794418335, 5.4637336731, 17.4759731293, 23.7595558167, 20.2165222168, 41.1782646179, 35.5749435425, 29.5415782928, 19.0045642853, 9.27241516113, 10.2244873047, 10.1877498627, 19.6468429565, 9.47022438049, 19.131280899, 4.73512411118, 3.50363373756, 1.96048939228, 0.697254121304, 0.293824493885, 0.200802892447, 0.121123276651, 0.0663570389152, 0.030761057511, 0.0122859906405, 0.00280520878732, 0.00114289321937, 0.000273313198704, 0.000135400841828, 9.23153857002e-05, 6.08668269706e-05, 3.8469570427e-05, 1.81373379746e-05, 5.69174108023e-06, 6.92097000865e-06, 1.38742780109e-05]}, "spectral_strongpeak": {"dmean2": 0.567426860332, "median": 0.607066333294, "min": 0, "dvar2": 1.39150738716, "dvar": 0.699814200401, "dmean": 0.389881938696, "max": 25.2292442322, "var": 2.33519029617, "mean": 1.08788537979}, "spectral_energy": {"dmean2": 0.00505851116031, "median": 0.00371208135039, "min": 3.2642169856e-08, "dvar2": 0.000249527220149, "dvar": 0.000158710725373, "dmean": 0.0039944248274, "max": 0.415354907513, "var": 0.000789234531112, "mean": 0.012137603946}, "average_loudness": 0.013540731743, "spectral_rolloff": {"dmean2": 116.885627747, "median": 602.9296875, "min": 21.533203125, "dvar2": 56295.1796875, "dvar": 25790.109375, "dmean": 66.087562561, "max": 3316.11328125, "var": 147486.0625, "mean": 719.883972168}, "spectral_centroid": {"dmean2": 79.123085022, "median": 495.217285156, "min": 213.561279297, "dvar2": 18349.4277344, "dvar": 9590.41210938, "dmean": 53.2156257629, "max": 2472.72900391, "var": 78595.578125, "mean": 576.164672852}, "pitch_salience": {"dmean2": 0.094430796802, "median": 0.515981435776, "min": 0.089833304286, "dvar2": 0.00989598594606, "dvar": 0.00417637312785, "dmean": 0.0596067383885, "max": 0.842634141445, "var": 0.0195425134152, "mean": 0.507275164127}, "spectral_energyband_middle_high": {"dmean2": 0.000993905123323, "median": 0.000199137852178, "min": 1.6309824602e-09, "dvar2": 1.63477052411e-05, "dvar": 9.26609845919e-06, "dmean": 0.000809820543509, "max": 0.144062548876, "var": 2.42962250923e-05, "mean": 0.00173217372503}, "spectral_contrast_coeffs": {"dmean2": [0.0678824782372, 0.0580920279026, 0.0456577464938, 0.039625428617, 0.0266667660326, 0.0235308408737], "median": [-0.553770542145, -0.68601667881, -0.743713796139, -0.753531694412, -0.796835243702, -0.867506206036], "min": [-0.943333268166, -0.9445540905, -0.960974633694, -0.945533692837, -0.932443082333, -0.918809056282], "dvar2": [0.0031901053153, 0.00271031726152, 0.0017443636898, 0.00134025642183, 0.000605150475167, 0.000772180152126], "dvar": [0.00132392707746, 0.00115191889927, 0.000802440627012, 0.0006883937167, 0.000311658368446, 0.000350673450157], "dmean": [0.0423744022846, 0.0368472896516, 0.0300679188222, 0.0261170789599, 0.0176756326109, 0.0144376801327], "max": [-0.22201782465, -0.37267652154, -0.461144983768, -0.446799665689, -0.539574861526, -0.557167649269], "var": [0.0113383075222, 0.00832514744252, 0.00583168072626, 0.00583910755813, 0.0043643261306, 0.00249460642226], "mean": [-0.561081707478, -0.685078680515, -0.738194167614, -0.7502348423, -0.802723050117, -0.847934126854]}, "melbands_skewness": {"dmean2": 0.682349443436, "median": 0.973272204399, "min": -4.54104566574, "dvar2": 0.718275845051, "dvar": 0.308252245188, "dmean": 0.452559828758, "max": 14.7682714462, "var": 2.25673294067, "mean": 1.00022649765}, "spectral_spread": {"dmean2": 457039.15625, "median": 1110611.25, "min": 344282.59375, "dvar2": 236176097280, "dvar": 99342942208, "dmean": 267152.78125, "max": 10038362, "var": 1268752711680.0, "mean": 1411199.375}, "dissonance": {"dmean2": 0.0732967108488, "median": 0.389954447746, "min": 0.0879230722785, "dvar2": 0.00544099928811, "dvar": 0.00199966318905, "dmean": 0.0428742021322, "max": 0.500000059605, "var": 0.00708220759407, "mean": 0.372807651758}, "spectral_skewness": {"dmean2": 1.91582298279, "median": 5.96773910522, "min": 1.24422347546, "dvar2": 2.63584446907, "dvar": 0.945870935917, "dmean": 1.11987709999, "max": 13.4729585648, "var": 5.4975066185, "mean": 6.1473698616}, "spectral_flux": {"dmean2": 0.0198773611337, "median": 0.0173951685429, "min": 0.000297939492157, "dvar2": 0.00132062111516, "dvar": 0.000595475372393, "dmean": 0.0128185618669, "max": 0.418453037739, "var": 0.00125757837668, "mean": 0.0285808313638}, "spectral_contrast_valleys": {"dmean2": [0.66255146265, 0.513000428677, 0.481668353081, 0.484777361155, 0.390107423067, 0.278375059366], "median": [-9.7600402832, -7.3879108429, -8.7127866745, -10.0604562759, -11.5570697784, -14.1073093414], "min": [-14.7672843933, -13.1446676254, -13.4491081238, -14.3313646317, -14.4277715683, -16.5855426788], "dvar2": [0.28648725152, 0.236678183079, 0.22958317399, 0.272529780865, 0.2472307235, 0.0977987349033], "dvar": [0.106004342437, 0.127561703324, 0.123473927379, 0.14166380465, 0.122966587543, 0.034904692322], "dmean": [0.399580955505, 0.337396681309, 0.315585196018, 0.318371355534, 0.253982454538, 0.162177473307], "max": [-6.83767414093, -4.08825016022, -5.43092441559, -6.14169359207, -6.86511135101, -11.6634159088], "var": [0.88321352005, 1.95073401928, 2.01834416389, 2.07868671417, 1.15494740009, 0.13064879179], "mean": [-9.69522571564, -7.59727191925, -8.86782455444, -10.0645217896, -11.2848119736, -14.0282793045]}, "erbbands_flatness_db": {"dmean2": 0.0224019158632, "median": 0.362523376942, "min": 0.0293035078794, "dvar2": 0.000636150827631, "dvar": 0.000369464687537, "dmean": 0.0155893908814, "max": 0.553538501263, "var": 0.00540366815403, "mean": 0.356709361076}, "spectral_energyband_high": {"dmean2": 2.21686036639e-06, "median": 6.66071855449e-08, "min": 6.29363061666e-10, "dvar2": 3.28084476253e-10, "dvar": 1.55676666003e-10, "dmean": 1.61287141509e-06, "max": 0.000572082877625, "var": 3.35217853475e-10, "mean": 2.69370798378e-06}, "spectral_entropy": {"dmean2": 0.236554086208, "median": 5.71776580811, "min": 3.82670164108, "dvar2": 0.0780355855823, "dvar": 0.0373855009675, "dmean": 0.157743513584, "max": 8.50514984131, "var": 0.436325013638, "mean": 5.72358322144}, "silence_rate_20dB": {"dmean2": 0.00068212824408, "median": 1, "min": 0, "dvar2": 0.000852170109283, "dvar": 0.000340912520187, "dmean": 0.000341035047313, "max": 1, "var": 0.000255690509221, "mean": 0.999744236469}, "melbands_flatness_db": {"dmean2": 0.0278285834938, "median": 0.422388672829, "min": 0.129291221499, "dvar2": 0.000931192131247, "dvar": 0.000442143616965, "dmean": 0.0186511222273, "max": 0.625279545784, "var": 0.00492105493322, "mean": 0.421928018332}, "barkbands": {"d