{"tonal": {"thpcp": [1, 0.512079536915, 0.200624853373, 0.187280878425, 0.204806312919, 0.4172706604, 0.505487561226, 0.281370192766, 0.128126844764, 0.0967036262155, 0.376781851053, 0.762092888355, 0.595398724079, 0.372287333012, 0.75794929266, 0.8953769207, 0.490001887083, 0.268476516008, 0.202964648604, 0.176963925362, 0.319149553776, 0.436665147543, 0.352228671312, 0.225264370441, 0.158787459135, 0.17929661274, 0.383274018764, 0.531674087048, 0.432391613722, 0.518136560917, 0.606710255146, 0.397737711668, 0.270944654942, 0.257113516331, 0.292598426342, 0.762435376644], "hpcp": {"dmean2": [0.173439249396, 0.140269681811, 0.139246270061, 0.186933755875, 0.214913070202, 0.235398843884, 0.228268802166, 0.209603667259, 0.221895948052, 0.196665942669, 0.192050859332, 0.214117407799, 0.274292081594, 0.286850035191, 0.239538788795, 0.138657927513, 0.113575585186, 0.135024547577, 0.16696806252, 0.170249268413, 0.130631580949, 0.0905961096287, 0.0747082307935, 0.134102761745, 0.226936861873, 0.214424088597, 0.223618388176, 0.294948369265, 0.29661488533, 0.271541833878, 0.221434935927, 0.189572378993, 0.143968388438, 0.171214148402, 0.193376138806, 0.193278893828], "median": [0.0145991630852, 0.0103878965601, 0.0143700186163, 0.0364480167627, 0.0524353086948, 0.0496619455516, 0.03978484869, 0.0318916663527, 0.0302356947213, 0.023748351261, 0.0200233981013, 0.0323104560375, 0.155162587762, 0.217867985368, 0.093669809401, 0.0146459508687, 0.0108166476712, 0.0161438025534, 0.0422515496612, 0.0533444546163, 0.032171189785, 0.0116056958213, 0.00903845112771, 0.0435922108591, 0.107782274485, 0.1099807024, 0.0634089261293, 0.168442130089, 0.205383524299, 0.0889225006104, 0.0177105460316, 0.0124705974013, 0.0155381122604, 0.026249634102, 0.0333598554134, 0.0272444039583], "min": [0, 0, 0, 0, 0, 0, 0, 0, 0, 0, 0, 0, 0, 0, 0, 0, 0, 0, 0, 0, 0, 0, 0, 0, 0, 0, 0, 0, 0, 0, 0, 0, 0, 0, 0, 0], "dvar2": [0.113198511302, 0.0890318527818, 0.0801596567035, 0.0908409878612, 0.103686630726, 0.114259645343, 0.112308226526, 0.123812571168, 0.129821017385, 0.116852082312, 0.121226094663, 0.121678933501, 0.1093531847, 0.12001093477, 0.0995208248496, 0.0754236355424, 0.0654653459787, 0.0720866248012, 0.0763619169593, 0.0725602954626, 0.0582263767719, 0.042744576931, 0.033057641238, 0.0492854043841, 0.101372823119, 0.0892753377557, 0.0920992642641, 0.11572252214, 0.109455540776, 0.122944414616, 0.128298535943, 0.121340617537, 0.0727122798562, 0.0809291899204, 0.101379714906, 0.114825613797], "dvar": [0.0406313613057, 0.031240792945, 0.0287556536496, 0.0336162261665, 0.039116229862, 0.0423441566527, 0.0414270162582, 0.0450942888856, 0.0456251241267, 0.0423814617097, 0.0422120653093, 0.0425463058054, 0.0402943603694, 0.0493939332664, 0.0361880473793, 0.0265221633017, 0.0234705973417, 0.0255275852978, 0.0288023259491, 0.0284711178392, 0.0210999976844, 0.0151470499113, 0.0116322906688, 0.0182704944164, 0.0402588695288, 0.033586781472, 0.0332844518125, 0.0435092039406, 0.0423502214253, 0.0431134179235, 0.0458414629102, 0.0422484315932, 0.0254905279726, 0.0300064906478, 0.037475656718, 0.042515039444], "dmean": [0.0953101366758, 0.0749574154615, 0.076178714633, 0.108237020671, 0.123248651624, 0.133198663592, 0.129876255989, 0.118001177907, 0.124271437526, 0.108960621059, 0.104986727238, 0.116612426937, 0.161422088742, 0.172089233994, 0.138792842627, 0.0763215050101, 0.0622650682926, 0.0743350535631, 0.09754434973, 0.102156050503, 0.0759713277221, 0.0503394156694, 0.0408559888601, 0.0764982700348, 0.132020443678, 0.124560967088, 0.125791788101, 0.173968821764, 0.175734341145, 0.153226137161, 0.122144564986, 0.101135857403, 0.0783957093954, 0.0972672328353, 0.109865479171, 0.107759192586], "max": [1, 1, 1, 1, 1, 1, 1, 1, 1, 1, 1, 1, 1, 1, 1, 1, 1, 1, 1, 1, 1, 1, 1, 1, 1, 1, 1, 1, 1, 1, 1, 1, 1, 1, 1, 1], "var": [0.0327774733305, 0.0215858425945, 0.0218001697212, 0.0481252297759, 0.0819476246834, 0.0551027432084, 0.0769008621573, 0.114576607943, 0.0545211061835, 0.0372986495495, 0.0359365008771, 0.0362196341157, 0.0807518735528, 0.122522108257, 0.0466534532607, 0.0263409782201, 0.0308078695089, 0.0237497724593, 0.0578101836145, 0.0754246264696, 0.0300078168511, 0.0124040748924, 0.00828374084085, 0.032875046134, 0.112068422139, 0.0588115490973, 0.0344876162708, 0.07570938766, 0.0967189818621, 0.0497095920146, 0.0374924279749, 0.0282186511904, 0.0186448469758, 0.039607744664, 0.0675270557404, 0.0530006736517], "mean": [0.0809050798416, 0.0570294894278, 0.0643954798579, 0.137655213475, 0.190953999758, 0.155296102166, 0.186091914773, 0.217903718352, 0.142849937081, 0.09731143713, 0.0923438966274, 0.10508851707, 0.273833334446, 0.359156131744, 0.183916509151, 0.072055645287, 0.0672630742192, 0.0735574439168, 0.149865314364, 0.181548953056, 0.101055830717, 0.0460175424814, 0.0347317010164, 0.135323509574, 0.273710340261, 0.213841095567, 0.133709281683, 0.272222131491, 0.32158011198, 0.175987184048, 0.0964249894023, 0.0728959962726, 0.063557676971, 0.114624522626, 0.156830966473, 0.126505091786]}, "tuning_equal_tempered_deviation": 0.241520494223, "chords_changes_rate": 0.0548686236143, "key_key": "F#", "tuning_diatonic_strength": 0.645717918873, "key_scale": "major", "chords_number_rate": 0.0018547141226, "tuning_frequency": 434.193115234, "tuning_nontempered_energy_ratio": 0.951673567295, "chords_histogram": [22.2720241547, 8.54714107513, 19.3044815063, 4.42040205002, 1.99381756783, 1.34466767311, 0.479134470224, 0, 1.77743434906, 0.108191654086, 0.494590431452, 0, 0, 0, 0.633693993092, 1.74652242661, 0.0154559509829, 6.35239553452, 0, 0.510046362877, 0, 1.02009272575, 16.8160743713, 12.1638326645], "key_strength": 0.850379347801, "chords_key": "F#", "chords_strength": {"dmean2": 0.00803838297725, "median": 0.498136788607, "min": 0.205864191055, "dvar2": 5.8344561694e-05, "dvar": 6.06716821494e-05, "dmean": 0.00878940057009, "max": 0.779670476913, "var": 0.0138495750725, "mean": 0.499267190695}, "chords_scale": "major", "hpcp_entropy": {"dmean2": 0.973889350891, "median": 2.05890440941, "min": 0, "dvar2": 0.629080951214, "dvar": 0.240514218807, "dmean": 0.583883106709, "max": 4.57937908173, "var": 0.504855871201, "mean": 2.05221652985}}, "metadata": {"audio_properties": {"equal_loudness": 0, "codec": "mp3", "downmix": "mix", "sample_rate": 44100, "analysis_sample_rate": 44100, "bit_rate": 192000, "md5_encoded": "e71bc0d2c26b7bd1dd32f940e18b33d4", "length": 300.408172607, "replay_gain": -4.90409851074, "lossless": false}, "version": {"essentia_build_sha": "2d9f1f26377add8aeb1075a9c2973f962c4f09fd", "essentia": "2.1-beta2", "extractor": "music 1.0", "essentia_git_sha": "v2.1_beta2-1-ge3940c0"}, "tags": {"title": ["Goodnight L.A."], "language": ["eng"], "acoustid_fingerprint": ["AQADtMmoJ0mUZAgzEg_R2OiFKy-eH5WM98QHj8VxHC6PB2EOVdnC4kceHc1vVNXQOEefoy8P_yjyJB9UcS_i_OhNHD_yQzziCn_QlRb-ycgPPUTNJEJ6csKZHeaFHu-D_PB3PAtxKTmOOOHRCzfho09EPJGLXIFOH70uvDs0WUcbvWhELUN8NFyNPtmKE_CVIM8CXQnyH9V2BZaPH_5xPMmO68GTIz36KDlU8dD5oXEYdGHm4T3MiCFyZs-BpkY_BVd0_KgkJNRMIg1-_DCjpsFxHcfRyziSiTV-IVR6PHtwXCyaiuHRD482XMdFIe-JpDv-oenxaEaN4h768fgi4Ydf3EST6ajxdkSfw0U_5EsCHaHSw-uJwxGD36gcPDqmTZKFZse3SMiZQLMnhNlyXMGvomqyB1Mm4QmH3NDio1ZyfImhWmqEPPiLisdv-Dk-F0eyk0d8XHhiNIo0VDXOHCXROEd_-Cie40EyyYjD43lxeDeu4yc-HEUskjzuT9A2PmjSZMFzNKhFlN3h6zijIHyO83hylB033JnxHT76ZMh1CPHz4MlRSuHhKDvuHr1xzbhuPMeR3CHyCpd-XDnKD062iGij42jeDcUjE6f0IIxyaC_iTUGTX6hjo4uMJs5xEU8WhDk0GleWGrmUHM-LSs_xHemO6_ih66hU4tGkI-dx9IPrEOWm4wv6E_-RLzn0EcGJ9zjeI_ERczk84nBvHD_8HZXC4wuHXEcP8aygagrckYP-I42Po9HE4z0u9BR85il6HTlz6MhxKUd3B4dvCme44tHxMocv4YbVo1pwvLjIIkG-D_9x68iFRtsC7YiP60OuB5qPMA8-4_bwE82j4A-Rcjl-Bz7Csww6aTs8GX_gOlRwjUh36Dny6iiX8PiHPoH14xvhI7mPhlEpIWeQQ4vmoNpYIVdmNGfQ58Ul_YivI9kOT-PQ18E_9EPz4Ed-aJeINC76qCMuH4XVHE0kFw9e4vnRTNKR9xB7hHzw_Kj0TEfzHcePWnuKJoqORzxuOkXzItKz40ezH-qWYzRDhFZ2nEd-aBnR78inBD-OP-hy4kdKlOwFfT2eH73RH3mUYxRqCo08VEfD3biUIzp0w44U5NNx4T-eI9TiEj_0Iy139EMsH2eL8yhERcdxpdCT4fvhKnwh_jgN6DquwhcqXwhXDU6PE__w3biLw0ePD7dQSTbaD3HyQB8C_3hwpTqe40f4Qz9CZjiqDj_eB_mP5sO749HxDyEJxzn8OPiRfhY0HzmPD89RPSIeJDziCRf8w_xx4cfxEVXTIfmR6_il4Vry48rQt7BUnB82buHxhiCV6rj4oGry4E6L8vADXqgl5Xh6NGd69BKJuxgVJZyGh4yPSjB3TJwovPiK9Dl0HpGThTiPo3AcmkItfD--E-_hx3hQK0eyaMmP_Ed7oRmPP3h8lLsMVzlyPFCtFDGlB2_hdaiH9kHzx3iPH-U2mBmcByHVSFKQlEnSDhfKC_6MRzmuRCY8Th2q5_jxDXWO60hfJOfRa8R1nPox6UuFRlp2cEwfuE5xzMeHptJRJ1GC3kOzf_hyIWeOpNeHRsOnPPgu-Og_9IUnH8-xdcetB90DHhexh0Oe5fih_ULTNMczPAgajkGtDJ_QaP_QNTuO6svh6Xh149yEw2dOdCyOXBeeZkTxyDlMJUcuHb2HM7iTH6X6wdTgSd_wwNFztPFJRO6F5D96HY3D4LGS4NfRJ8cbok-kY01yPAua_uikjEQuQcsZhKuO8_gy_Oizww9qHTfeG_9EXD-mFwdjheiVHFP-4MlRSWgWpRa-ozm6Bz8eC8-Qizp-1MqOMHk6PD7O40cdG7_wJIGfDOGZQz1y8cKlo4cdeuh5nEGvC2GiIPlx5Q0298GtS_h0aNfBEmVy3NiexbhwESeeTYd6Hd2Uo4kbXniOKzyaZykmCj0f-EmO8C9uKMwWxYSqo4yaH7eCXDr6ZAitQ0t0PGpS5Dh8Fsf1o1V0HO6NXIHWXMgz9DgP3yif4hceHc3koI9wI-S1ISGzRXiOL1ZRXviJPx9iSkcyKocTnXjnwN2R7HvQZzl8J-gPXTli47kxZUwUtHvA8DfcC3mgWG8RahWe_rh3oSkf9OlRSrnQPIj3YH0CVdTBT4owSUsLUdfxI-SDh7jwr_jh58ihZ0Ms8ahyNFeKk8e-Fld0NBVzlDz6FOlnSFF6xHQs4auFhjlKS-AZ4YwqjHnS4DT6w9WFc-jT4fiPfMcV4Re0PfCLnBFqnfiu48OJsP8EMepihN5x_ajow18qoetxORiVJKk05HWFA16iWriiXNjRo3l46BfyKBEuHc2NWriSCz8-X_iDhg8m6ccPksGx5Ud-6BfyHVd6DufRrAuqD5eMMeQlZCXTFbUyaXAWXlhZhFqM88F_3Gi6xegl4zny6EXyFNeORrOFuw5-7CJw5Ud_XNeQa0jOFpUPJ7zw7zAdOSjlFMmVHNFhH7-O_OihJaeQo0mO_kIfhbBr9LgQvoWnHeqRfjm62XiP6wj5sGjcQB-OZo_xUHjxNhAfAcCUQhIAIQBziooLKXCAIEEEQQgZQIgxBHoBEADOCQ0IEYIYJQhQBBnlgBJEIEEAIQSIQAgiQghCAACMIYEIM0gIRghAAgCAALMQgaGIkk9QKBhBBBnAkAFASCqUMgQBJZFgRAFgJAKGEoSIEQYhAKhhggEmnAHAECSQAOMISwBwRjqjrERIAQSBAURhCAwCzAGigbAKGAQMFEoowBRSTLGCkCAOIEMAAoAqQBBS3AgCDAHGSWQUIAQAocQwRiBigEDKGSIBs4YBhQRxiAkBAFKAWQEUUgAII5wzQBIAnHFAAGVIQ0hIAgDRyiJDlEKOIAWIQIBYIQBQACFCABDAEGSCEcIAYBAAAABAHEGGK2YEMIQZKQBCgjMghSDCMGgMEwIAoZBSiAkGDADIQMMAFEACAhADhggFLCOIEwMYUEpIogxjQhhiDDgGACGAIoggIRgxjDCGCGGQSI0AZYIh5YwBggmIhDKCEGGMYBQxJpQhTBkgMAJMMBAoSEB4wAhAAAkACABIECQEJQgAopAATFQEjCAKFaAEIUSZQIBwxBkiDEGGMgIAAoQgabxQhhAghQSKKEAMQIYQABSRETQFhCGKCQMMIloJoZRDwBCChCBMKQCMWEAQGAgEhmFg2BFUACKQYgAQIIAQgCAhlGAOCIWAAIApIQQhChAuADKYKAaIEEANAxCjiCAChCRCKOUMoEQhxQQDglkAgMYEICMARQQAgYwRhgIQHRGCSGCEAUAIgoSjDgBqCAGCGJIsQQQ5wBgwASFhHCLEDGWAgwAQATQjCCABDEAEAIIEUQgIAwAwwAAKqAEAACkUiIIKhBgwlhAoFAFOCUU0IQQAioySQACgDEICEEUMEAQIpRAAghBFiUAaCKIEAYo4aAxwBgiAFDKMAmQMJMAYgIAgxhEBhlLKAIABEgQRwgA0RiFCGCDEIEIAYVgpUAhREiAnBAFGASKE4UAA"], "date": ["1987"], "genre": ["Rock Ballad"], "musicbrainz album type": ["Compilation"], "musicip_puid": ["2d8ceb63-f51d-6ad8-93cd-7b289946c99f"], "musicbrainz_recordingid": ["1151d583-09b7-4f39-bfe2-2cdb531d8f2e"], "musicbrainz_albumartistid": ["89ad4ac3-39f7-470e-963a-56509c546377"], "musicbrainz_albumid": ["92e2f462-9e39-4333-b277-737716d20e06"], "artist": ["Strangeways"], "tracknumber": ["11"], "bpm": ["87.94"], "album": ["Metal Ballads"], "musicbrainz album release country": ["Germany"], "acoustid_id": ["b43fd1ff-9fda-46aa-be9d-2aeee394fba2"], "musicbrainz_artistid": ["f050dc07-a382-4f03-af7f-ead70715ceaa"], "file_name": "Strangeways - Goodnight L.A..mp3"}}, "rhythm": {"bpm_histogram_first_peak_bpm": {"dmean2": 0, "median": 88, "min": 88, "dvar2": 0, "dvar": 0, "dmean": 0, "max": 88, "var": 0, "mean": 88}, "bpm": 87.931892395, "bpm_histogram_second_peak_spread": {"dmean2": 0, "median": 0.5, "min": 0.5, "dvar2": 0, "dvar": 0, "dmean": 0, "max": 0.5, "var": 0, "mean": 0.5}, "bpm_histogram_first_peak_weight": {"dmean2": 0, "median": 0.933789968491, "min": 0.933789968491, "dvar2": 0, "dvar": 0, "dmean": 0, "max": 0.933789968491, "var": 0, "mean": 0.933789968491}, "onset_rate": 3.37194848061, "beats_position": [0.731428563595, 1.47446703911, 2.24072551727, 2.94893407822, 3.63392281532, 4.31891155243, 5.00390005112, 5.6888885498, 6.37387752533, 7.05886602402, 7.73224496841, 8.4172334671, 9.10222244263, 9.77560043335, 10.4605894089, 11.1455783844, 11.8305664063, 12.5155553818, 13.1889343262, 13.873922348, 14.5589113235, 15.2322902679, 15.9172782898, 16.602268219, 17.2872562408, 17.9722442627, 18.6456241608, 19.3306121826, 20.0156002045, 20.7005901337, 21.3855781555, 22.0705661774, 22.7439460754, 23.4289340973, 24.102312088, 24.7873020172, 25.4722900391, 26.1572780609, 26.830657959, 27.5156459808, 28.2006340027, 28.8740139008, 29.5590019226, 30.2439899445, 30.9289798737, 31.6139678955, 32.2989578247, 32.9723358154, 33.6573219299, 34.3423118591, 35.0273017883, 35.7122879028, 36.3856697083, 37.0706558228, 37.755645752, 38.4406356812, 39.1256217957, 39.7989997864, 40.4839897156, 41.1689796448, 41.8539657593, 42.5389556885, 43.2239456177, 43.9089317322, 44.5823135376, 45.2672996521, 45.9522895813, 46.625667572, 47.3106575012, 47.9956436157, 48.6690254211, 49.3540115356, 50.0390014648, 50.7123794556, 51.3973693848, 52.0823554993, 52.7673454285, 53.4523353577, 54.1373214722, 54.8223114014, 55.5073013306, 56.1922874451, 56.8656692505, 57.5390472412, 58.2240333557, 58.8974151611, 59.5824012756, 60.2673912048, 60.952381134, 61.6373672485, 62.3223571777, 63.0189552307, 63.6923332214, 64.3657150269, 65.0507049561, 65.7356872559, 66.4206771851, 67.0940551758, 67.779045105, 68.4524230957, 69.1374130249, 69.8224029541, 70.5073928833, 71.1923828125, 71.8657608032, 72.5507507324, 73.2357330322, 73.9207229614, 74.6057128906, 75.2907028198, 75.975692749, 76.6490707397, 77.3224487305, 78.0074386597, 78.6924285889, 79.3774108887, 80.0624008179, 80.7473907471, 81.4323806763, 82.105758667, 82.7791366577, 83.4641265869, 84.1491165161, 84.8341064453, 85.5190887451, 86.1924667358, 86.865852356, 87.5624465942, 88.2474365234, 88.9324264526, 89.6174163818, 90.3023986816, 90.9990005493, 91.67237854, 92.3457565308, 93.03074646, 93.7157363892, 94.3891143799, 95.0741043091, 95.7474822998, 96.432472229, 97.1174621582, 97.802444458, 98.4758224487, 99.1608123779, 99.8341903687, 100.519180298, 101.192558289, 101.889160156, 102.574150085, 103.259140015, 103.932518005, 104.605895996, 105.290885925, 105.975868225, 106.660858154, 107.345848083, 108.019226074, 108.715827942, 109.400817871, 110.085800171, 110.759178162, 111.432563782, 112.12915802, 112.802536011, 113.475914001, 114.160903931, 114.857505798, 115.542495728, 116.227478027, 116.912467957, 117.597457886, 118.282447815, 118.967437744, 119.652427673, 120.314193726, 120.999183655, 121.695777893, 122.380767822, 123.065757751, 123.739135742, 124.424125671, 125.109115601, 125.79410553, 126.467483521, 127.15246582, 127.82585144, 128.51083374, 129.195831299, 129.880813599, 130.565795898, 131.239181519, 131.924163818, 132.609161377, 133.282531738, 133.979141235, 134.664123535, 135.349105835, 136.034103394, 136.719085693, 137.404083252, 138.089065552, 138.762451172, 139.435821533, 140.120819092, 140.805801392, 141.490783691, 142.17578125, 142.849151611, 143.53414917, 144.21913147, 144.89251709, 145.57749939, 146.262496948, 146.947479248, 147.632461548, 148.305847168, 148.979232788, 149.652603149, 150.337600708, 151.022583008, 151.707565308, 152.392562866, 153.077545166, 153.762542725, 154.447525024, 155.132507324, 155.817504883, 156.502487183, 157.187484741, 157.872467041, 158.545852661, 159.219223022, 159.892608643, 160.565979004, 161.262588501, 161.959182739, 162.644165039, 163.340774536, 164.025756836, 164.699142456, 165.372512817, 166.045898438, 166.719268799, 167.392654419, 168.077636719, 168.762634277, 169.447616577, 170.132598877, 170.817596436, 171.502578735, 172.187576294, 172.872558594, 173.557540894, 174.242538452, 174.915908813, 175.589294434, 176.274276733, 176.959274292, 177.632644653, 178.306030273, 178.991012573, 179.676010132, 180.37260437, 181.069198608, 181.742584229, 182.41595459, 183.08934021, 183.77432251, 184.459320068, 185.144302368, 185.829299927, 186.514282227, 187.199264526, 187.884262085, 188.569244385, 189.265853882, 189.939224243, 190.612609863, 191.297592163, 191.982574463, 192.655960083, 193.352554321, 194.025939941, 194.710922241, 195.3959198, 196.069290161, 196.742675781, 197.43927002, 198.11265564, 198.786026001, 199.459411621, 200.144393921, 200.829391479, 201.514373779, 202.199356079, 202.872741699, 203.546112061, 204.219497681, 204.90447998, 205.589477539, 206.286071777, 206.982666016, 207.656051636, 208.329421997, 209.002807617, 209.687789917, 210.372787476, 211.057769775, 211.742767334, 212.416137695, 213.101135254, 213.786117554, 214.471099854, 215.156097412, 215.829467773, 216.502853394, 217.187835693, 217.872833252, 218.557815552, 219.24281311, 219.916183472, 220.60118103, 221.28616333, 221.95954895, 222.64453125, 223.32951355, 224.014511108, 224.699493408, 225.384490967, 226.069473267, 226.742858887, 227.427841187, 228.112823486, 228.797821045, 229.482803345, 230.156188965, 230.841171265, 231.526168823, 232.211151123, 232.896133423, 233.569519043, 234.254501343, 234.927886963, 235.612869263, 236.297866821, 236.982849121, 237.66784668, 238.352828979, 239.0262146, 239.722808838, 240.396179199, 241.069564819, 241.742950439, 242.427932739, 243.112915039, 243.797912598, 244.471282959, 245.156280518, 245.841262817, 246.526260376, 247.211242676, 247.896224976, 248.581222534, 249.254592896, 249.939590454, 250.612960815, 251.286346436, 251.982940674, 252.667938232, 253.352920532, 254.026306152, 254.711288452, 255.373062134, 256.069641113, 256.754638672, 257.43963623, 258.136230469, 258.80960083, 259.483001709, 260.16796875, 260.852966309, 261.549560547, 262.234558105, 262.919555664, 263.604522705, 264.289520264, 264.962890625, 265.647888184, 266.332885742, 267.006256104, 267.691253662, 268.376220703, 269.061218262, 269.74621582, 270.419586182, 271.10458374, 271.789550781, 272.46295166, 273.147918701, 273.83291626, 274.517913818, 275.202911377, 275.876281738, 276.561279297, 277.246246338, 277.931243896, 278.616241455, 279.289611816, 279.974609375, 280.659576416, 281.344573975, 282.029571533, 282.702941895, 283.387939453, 284.072906494, 284.757904053, 285.442901611, 286.12789917, 286.812866211, 287.48626709, 288.171234131, 288.856231689, 289.541229248, 290.226196289, 290.899597168, 291.584564209, 292.269561768, 292.942932129, 293.627929688, 294.312927246, 294.997894287, 295.682891846, 296.356262207, 297.041259766, 297.726257324, 298.399627686, 299.084625244, 299.769622803], "beats_loudness": {"dmean2": 0.0297923367471, "median": 0.0405092872679, "min": 2.48517238788e-07, "dvar2": 0.000526187650394, "dvar": 0.000184607866686, "dmean": 0.0168964453042, "max": 0.100543811917, "var": 0.000496894703247, "mean": 0.0399225465953}, "danceability": 1.14139795303, "bpm_histogram_second_peak_weight": {"dmean2": 0, "median": 0.00228310492821, "min": 0.00228310492821, "dvar2": 0, "dvar": 0, "dmean": 0, "max": 0.00228310492821, "var": 0, "mean": 0.00228310492821}, "beats_count": 439, "bpm_histogram_second_peak_bpm": {"dmean2": 0, "median": 78, "min": 78, "dvar2": 0, "dvar": 0, "dmean": 0, "max": 78, "var": 0, "mean": 78}, "bpm_histogram_first_peak_spread": {"dmean2": 0, "median": 0.0619266070426, "min": 0.0619266070426, "dvar2": 0, "dvar": 0, "dmean": 0, "max": 0.0619266070426, "var": 0, "mean": 0.0619266070426}, "beats_loudness_band_ratio": {"dmean2": [0.307074546814, 0.255106955767, 0.144242540002, 0.102767363191, 0.0890821367502, 0.129335403442], "median": [0.554618060589, 0.127345770597, 0.0767698213458, 0.0346037074924, 0.0561846792698, 0.054174862802], "min": [0.08579172194, 0.00263807177544, 0.00154765159823, 0.000569361902308, 0.000777119828854, 0.000772700004745], "dvar2": [0.0496184006333, 0.0322517342865, 0.024378689006, 0.0195160936564, 0.0059288656339, 0.0176465790719], "dvar": [0.0169805772603, 0.0100895846263, 0.00911355577409, 0.0068491846323, 0.00205300748348, 0.00657242303714], "dmean": [0.175878435373, 0.13651278615, 0.0828589051962, 0.0574691295624, 0.0493536964059, 0.0681870132685], "max": [0.984134018421, 0.579674184322, 0.568949341774, 0.561909377575, 0.317511796951, 0.660631597042], "var": [0.0460540726781, 0.0125984642655, 0.0123507007957, 0.00691935745999, 0.00360682304017, 0.0048594372347], "mean": [0.57509970665, 0.152622669935, 0.113168202341, 0.067114636302, 0.0693117380142, 0.0717451870441]}}, "lowlevel": {"barkbands_spread": {"dmean2": 8.17853164673, "median": 21.8318958282, "min": 0.373184353113, "dvar2": 100.896575928, "dvar": 50.0119361877, "dmean": 5.27774095535, "max": 123.614181519, "var": 254.021469116, "mean": 22.7084026337}, "melbands_spread": {"dmean2": 8.36553001404, "median": 18.4251365662, "min": 0.271228909492, "dvar2": 116.089904785, "dvar": 51.7155532837, "dmean": 5.28363227844, "max": 161.816085815, "var": 297.189605713, "mean": 21.5461158752}, "hfc": {"dmean2": 9.62128925323, "median": 18.985622406, "min": 1.13867896414e-16, "dvar2": 273.058441162, "dvar": 136.956497192, "dmean": 6.43261003494, "max": 258.742370605, "var": 624.990356445, "mean": 24.274312973}, "barkbands_kurtosis": {"dmean2": 7.76076745987, "median": 2.5967669487, "min": -1.93124389648, "dvar2": 389.048461914, "dvar": 166.101211548, "dmean": 4.92469263077, "max": 396.847717285, "var": 349.39364624, "mean": 9.100689888}, "gfcc": {"mean": [-5.93999195099, 82.7062149048, -87.3707580566, 33.594039917, -47.9261932373, 11.33502388, -38.9757499695, 14.9484519958, -22.672334671, 7.19422626495, -22.2746810913, 0.788886129856, -15.6374959946], "icov": [[0.000133271794766, 1.34704805532e-05, 0.000191783517948, 6.5280306444e-05, 0.000145538477227, -9.58014134085e-05, 0.000140601812745, -0.000189981015865, 0.000206863391213, -0.000297747639706, 0.000259951222688, -0.000460960553028, 0.000175617999048], [1.34704805532e-05, 0.00163968093693, -0.000159337534569, 0.000776999862865, -0.000503487186506, 0.00126897217706, -0.00111641862895, 0.000793013721704, -0.00097195757553, 0.0010933871381, -0.001841817284, 0.00146239227615, -0.000918143661693], [0.000191783517948, -0.000159337534569, 0.00127853767481, -5.2150200645e-05, -7.46869627619e-05, -0.000464447308332, 0.000436155241914, 0.000185762022738, -0.00041496270569, -0.00048136265832, 0.000516831234563, -0.00144449423533, 0.00139830016997], [6.5280306444e-05, 0.000776999862865, -5.2150200645e-05, 0.00339913670905, -0.000236422609305, -0.000153649423737, 0.000281743006781, 0.00163679360412, -0.00190226454288, 0.00153794791549, -0.00150855840184, 0.000758026726544, -0.00021022305009], [0.000145538477227, -0.000503487186506, -7.46869627619e-05, -0.000236422609305, 0.00403366191313, -0.000340357248206, -0.00020643028256, 0.000137434457429, -0.00037417220301, 0.000143268625834, -0.000140596792335, -0.000109974411316, 0.000431452383054], [-9.58014134085e-05, 0.00126897217706, -0.000464447308332, -0.000153649423737, -0.000340357248206, 0.008345563896, -0.0025249205064, -0.00130042701494, 0.00256908265874, -0.000191716258996, -0.00133579096291, 0.00184244930279, -0.000904139480554], [0.000140601812745, -0.00111641862895, 0.000436155241914, 0.000281743006781, -0.00020643028256, -0.0025249205064, 0.00868891831487, -0.000922353297938, -0.00021704880055, 0.000376439857064, -0.000669128377922, 0.000759484188166, 0.00129850581288], [-0.000189981015865, 0.000793013721704, 0.000185762022738, 0.00163679360412, 0.000137434457429, -0.00130042701494, -0.000922353297938, 0.0102977603674, -0.00348690245301, 0.000239873872488, 0.000322835781844, 0.000795429863501, -0.00146033568308], [0.000206863391213, -0.00097195757553, -0.00041496270569, -0.00190226454288, -0.00037417220301, 0.00256908265874, -0.00021704880055, -0.00348690245301, 0.0128212291747, -0.00359857128933, 0.00175405165646, -0.0004314884427, 7.1091868449e-05], [-0.000297747639706, 0.0010933871381, -0.00048136265832, 0.00153794791549, 0.000143268625834, -0.000191716258996, 0.000376439857064, 0.000239873872488, -0.00359857128933, 0.0144592635334, -0.00476594176143, 0.000484766467707, -0.000362787948688], [0.000259951222688, -0.001841817284, 0.000516831234563, -0.00150855840184, -0.000140596792335, -0.00133579096291, -0.000669128377922, 0.000322835781844, 0.00175405165646, -0.00476594176143, 0.0165824908763, -0.00831428728998, 0.00354553828947], [-0.000460960553028, 0.00146239227615, -0.00144449423533, 0.000758026726544, -0.000109974411316, 0.00184244930279, 0.000759484188166, 0.000795429863501, -0.0004314884427, 0.000484766467707, -0.00831428728998, 0.0165238436311, -0.00501199951395], [0.000175617999048, -0.000918143661693, 0.00139830016997, -0.00021022305009, 0.000431452383054, -0.000904139480554, 0.00129850581288, -0.00146033568308, 7.1091868449e-05, -0.000362787948688, 0.00354553828947, -0.00501199951395, 0.013614397496]], "cov": [[16854.4765625, -2004.59545898, -2488.97460938, -727.63494873, -1030.56640625, 330.488647461, -364.130828857, 501.7550354, -448.467773438, 320.447357178, -214.949127197, 353.335083008, 231.892715454], [-2004.59545898, 1339.53161621, 273.955871582, -61.1572227478, 253.725036621, -176.417144775, 159.020492554, -104.92124939, 114.885734558, -73.0903091431, 91.4863357544, -82.2014312744, -15.6991539001], [-2488.97460938, 273.955871582, 1377.08959961, 142.281265259, 183.82901001, -38.9124565125, 5.63603115082, -107.732955933, 103.475273132, 3.5948946476, 72.3908615112, 34.5852165222, -115.726776123], [-727.63494873, -61.1572227478, 142.281265259, 411.880340576, 54.4013290405, -8.03980731964, -16.5091667175, -67.0622253418, 45.7157211304, -28.9686412811, 25.6965770721, -7.60628557205, -21.3713245392], [-1030.56640625, 253.725036621, 183.82901001, 54.4013290405, 332.892608643, -25.0964622498, 44.7728347778, -41.8374710083, 42.6776542664, -23.8093166351, 29.0933246613, -24.0653400421, -25.9035320282], [330.488647461, -176.417144775, -38.9124565125, -8.03980731964, -25.0964622498, 174.038909912, 25.8124065399, 31.5874042511, -44.8197212219, 8.34091091156, -5.28591060638, -4.16274499893, 1.29195272923], [-364.130828857, 159.020492554, 5.63603115082, -16.5091667175, 44.7728347778, 25.8124065399, 157.292160034, 3.33135199547, 8.48723888397, -14.6570644379, 13.4261808395, -30.0165138245, -14.7436332703], [501.7550354, -104.92124939, -107.732955933, -67.0622253418, -41.8374710083, 31.5874042511, 3.33135199547, 137.845352173, 7.8250412941, 15.0711784363, -23.2089481354, 0.831727385521, 21.0841636658], [-448.467773438, 114.885734558, 103.475273132, 45.7157211304, 42.6776542664, -44.8197212219, 8.48723888397, 7.8250412941, 118.608314514, 10.8230724335, 5.77489805222, -7.08621835709, -5.13173103333], [320.447357178, -73.0903091431, 3.5948946476, -28.9686412811, -23.8093166351, 8.34091091156, -14.6570644379, 15.0711784363, 10.8230724335, 94.027885437, 21.7971000671, 24.4708957672, 0.225002288818], [-214.949127197, 91.4863357544, 72.3908615112, 25.6965770721, 29.0933246613, -5.28591060638, 13.4261808395, -23.2089481354, 5.77489805222, 21.7971000671, 103.284393311, 39.2607078552, -15.0326862335], [353.335083008, -82.2014312744, 34.5852165222, -7.60628557205, -24.0653400421, -4.16274499893, -30.0165138245, 0.831727385521, -7.08621835709, 24.4708957672, 39.2607078552, 107.495162964, 19.7051105499], [231.892715454, -15.6991539001, -115.726776123, -21.3713245392, -25.9035320282, 1.29195272923, -14.7436332703, 21.0841636658, -5.13173103333, 0.225002288818, -15.0326862335, 19.7051105499, 96.734046936]]}, "spectral_energyband_middle_low": {"dmean2": 0.00718933762982, "median": 0.00952491629869, "min": 2.74466898006e-22, "dvar2": 0.000178513553692, "dvar": 6.73585236655e-05, "dmean": 0.00436837878078, "max": 0.167889386415, "var": 0.00010694048251, "mean": 0.0115384655073}, "melbands_crest": {"dmean2": 4.63947963715, "median": 12.8325242996, "min": 2.50350475311, "dvar2": 17.6469841003, "dvar": 6.73295068741, "dmean": 2.79321694374, "max": 33.4390258789, "var": 26.3348770142, "mean": 13.5392827988}, "spectral_kurtosis": {"dmean2": 2.97248029709, "median": 3.93382740021, "min": -1.21656119823, "dvar2": 40.4155921936, "dvar": 20.5070724487, "dmean": 1.91743588448, "max": 114.478935242, "var": 51.9467544556, "mean": 5.6180305481}, "spectral_rms": {"dmean2": 0.00109004566912, "median": 0.00501720141619, "min": 3.22833838655e-12, "dvar2": 1.50761547957e-06, "dvar": 6.47873832804e-07, "dmean": 0.000685889972374, "max": 0.0138924643397, "var": 3.18525917464e-06, "mean": 0.00484390091151}, "zerocrossingrate": {"dmean2": 0.0122748175636, "median": 0.0625, "min": 0.00244140625, "dvar2": 0.000235008395975, "dvar": 0.000186725592357, "dmean": 0.0099574578926, "max": 0.4912109375, "var": 0.00174331676681, "mean": 0.0630493015051}, "silence_rate_60dB": {"dmean2": 0.0108216740191, "median": 0, "min": 0, "dvar2": 0.0130213368684, "dvar": 0.00538226589561, "dmean": 0.00541041884571, "max": 1, "var": 0.0428849682212, "mean": 0.0449030064046}, "erbbands_kurtosis": {"dmean2": 1.80071556568, "median": -0.107717245817, "min": -1.86741161346, "dvar2": 12.0311470032, "dvar": 5.20450878143, "dmean": 1.12143003941, "max": 77.1540145874, "var": 15.2379770279, "mean": 1.02569496632}, "erbbands": {"dmean2": [0.103304870427, 0.956417024136, 3.54483747482, 7.53570365906, 11.1273145676, 9.67934894562, 8.65837287903, 16.0120735168, 17.0623016357, 16.466047287, 17.6395931244, 20.6684055328, 35.6841430664, 40.0845870972, 17.6845836639, 16.2895069122, 18.6204280853, 21.8340644836, 28.5254096985, 32.162021637, 19.060136795, 25.0217056274, 27.9587974548, 13.3635501862, 9.98140335083, 8.95158290863, 9.00184726715, 6.63974809647, 4.30567455292, 3.25401139259, 2.88297867775, 3.01851177216, 2.28732204437, 1.21454882622, 0.862646639347, 0.500479578972, 0.183243796229, 0.0371147282422, 0.00334401987493, 8.27993717394e-05], "median": [0.0791551023722, 0.650229454041, 2.04124426842, 5.28479099274, 4.7637553215, 3.83106780052, 5.87483215332, 8.22168827057, 7.68841266632, 10.5524902344, 11.1529436111, 9.82436466217, 11.230556488, 7.66424465179, 6.11290740967, 6.18660306931, 7.3406496048, 8.79521369934, 11.6568088531, 11.6033706665, 10.623260498, 11.8212203979, 14.0390119553, 8.15424919128, 6.10730028152, 5.39717197418, 4.86930131912, 3.93743467331, 2.76805996895, 1.79605185986, 1.51079320908, 1.47990584373, 1.15117001534, 0.572561860085, 0.375577390194, 0.238369077444, 0.0792275294662, 0.00976258516312, 0.000267656025244, 4.80359158246e-05], "min": [5.77109080269e-22, 3.57778919774e-21, 4.74239124165e-21, 6.7821572399e-21, 3.37725339461e-20, 5.19872869102e-20, 1.85982952884e-19, 2.21166382306e-19, 5.53565654436e-19, 5.44702465872e-19, 1.35341151496e-18, 1.0895516529e-18, 1.58244211015e-18, 2.27440898804e-18, 2.98835932808e-18, 3.29333606364e-18, 4.39753987693e-18, 5.35817326001e-18, 5.89300011995e-18, 8.1529535064e-18, 9.57518055466e-18, 9.50771901262e-18, 6.98031910898e-18, 1.1656546474e-17, 2.55257911605e-17, 1.89517236114e-17, 1.99367484828e-17, 1.56522473861e-17, 1.70483148474e-17, 1.49030268919e-17, 1.49991055744e-17, 1.25259943615e-17, 1.16218239135e-17, 1.17328034275e-17, 7.54061155126e-18, 4.47968263406e-18, 3.05993816161e-18, 1.16391550017e-18, 2.86224370127e-19, 3.23018649781e-20], "dvar2": [0.054575137794, 3.04274225235, 42.5123329163, 150.220794678, 881.145812988, 846.022155762, 290.150512695, 978.153991699, 1607.77087402, 1334.40332031, 1961.08044434, 2165.49438477, 7920.74511719, 10894.7460938, 2632.98266602, 2071.76757813, 2264.06860352, 3231.57055664, 3631.57446289, 5646.00634766, 1437.85852051, 5640.73876953, 4835.41308594, 779.609313965, 467.447662354, 325.348754883, 330.216186523, 220.880401611, 99.5002670288, 97.8169021606, 87.7032165527, 170.38621521, 78.3818588257, 25.7577419281, 15.1435985565, 2.72974538803, 0.279500752687, 0.0118994256482, 0.000128252082504, 6.4963998625e-08], "dvar": [0.0211981497705, 1.16133546829, 15.9177865982, 55.6203536987, 321.615875244, 305.185394287, 121.546798706, 388.492279053, 658.348022461, 540.112915039, 802.460754395, 885.021118164, 3105.27099609, 4372.28515625, 999.513549805, 793.563293457, 960.006164551, 1294.50756836, 1494.53588867, 2126.62597656, 586.727478027, 2172.12329102, 1781.17883301, 283.931304932, 174.798950195, 135.387741089, 144.336929321, 95.6537246704, 45.4823036194, 42.4968490601, 42.4279670715, 80.6994934082, 40.2812995911, 13.6494245529, 7.16624546051, 1.50990438461, 0.154183328152, 0.00551125314087, 5.47753552382e-05, 2.75697313867e-08], "dmean": [0.0638447254896, 0.58671104908, 2.10668921471, 4.37922286987, 6.39255428314, 5.64349460602, 5.51793289185, 9.85532188416, 10.8108263016, 10.7055463791, 11.9269704819, 13.4005279541, 22.4240703583, 25.1061477661, 11.1093626022, 10.1027431488, 11.686293602, 13.6137943268, 17.7403011322, 19.7596702576, 11.8865671158, 15.2704267502, 17.0861148834, 8.15187168121, 6.0706486702, 5.57274723053, 5.73435258865, 4.19893836975, 2.80508613586, 2.142983675, 1.92595338821, 2.04369688034, 1.56109535694, 0.852278888226, 0.590340852737, 0.351269185543, 0.126882344484, 0.0250211227685, 0.00214714906178, 5.39437969564e-05], "max": [1.99870181084, 16.3621101379, 47.5480041504, 95.5720901489, 313.739349365, 537.003295898, 400.681854248, 378.18548584, 813.784606934, 562.843200684, 861.873535156, 572.880004883, 1215.25512695, 1507.62658691, 1014.75823975, 660.749084473, 1080.98242188, 990.283691406, 1361.05639648, 1205.86743164, 579.67199707, 1896.91503906, 1110.06054688, 349.948242188, 424.577209473, 431.070739746, 289.51675415, 143.283477783, 155.803497314, 179.599014282, 238.135009766, 285.999267578, 226.951217651, 155.789505005, 108.852897644, 43.6405105591, 17.7164859772, 2.84481739998, 0.248178392649, 0.00577798066661], "var": [0.0373233631253, 1.93386864662, 17.4396038055, 66.4176483154, 262.147705078, 281.011047363, 286.983551025, 896.74810791, 1701.05603027, 1229.90625, 2206.2980957, 2395.40576172, 7483.15820313, 11713.9365234, 2388.38110352, 1724.13049316, 2654.10205078, 3144.54101563, 3776.87207031, 4917.73730469, 1699.87109375, 4674.83007813, 4039.91674805, 717.105163574, 498.501556396, 451.285583496, 422.151672363, 189.77961731, 90.3729019165, 67.0649185181, 99.0763092041, 170.135147095, 104.377281189, 37.1293563843, 14.0449018478, 4.422539711, 0.481030851603, 0.0117365512997, 7.63118077884e-05, 3.82870588567e-08], "mean": [0.148806020617, 1.08508205414, 3.33734488487, 7.58511209488, 8.57162380219, 8.26397705078, 10.5566139221, 18.2098999023, 22.267578125, 21.8078727722, 25.831237793, 27.5575733185, 42.1276283264, 45.750831604, 20.7723026276, 17.8876781464, 21.6113491058, 25.2982063293, 33.2466392517, 36.8745498657, 23.9633922577, 29.3251247406, 32.5293579102, 17.0595836639, 13.5666408539, 13.0915145874, 12.8808460236, 8.70005702972, 5.67712879181, 3.96976137161, 3.65218091011, 3.93868041039, 3.0564391613, 1.71305048466, 1.0885181427, 0.665259301662, 0.227311193943, 0.0363560728729, 0.00231248210184, 8.85535773705e-05]}, "spectral_strongpeak": {"dmean2": 1.10780894756, "median": 0.3859346807, "min": 0, "dvar2": 3.67354154587, "dvar": 1.39569544792, "dmean": 0.640494346619, "max": 16.4895992279, "var": 2.15558552742, "mean": 0.994749844074}, "spectral_energy": {"dmean2": 0.0125996563584, "median": 0.0258016195148, "min": 1.06827233794e-20, "dvar2": 0.000305514869979, "dvar": 0.000124511847389, "dmean": 0.00780088780448, "max": 0.197825580835, "var": 0.00031217513606, "mean": 0.0273146573454}, "average_loudness": 0.916152596474, "spectral_rolloff": {"dmean2": 679.34753418, "median": 839.794921875, "min": 64.599609375, "dvar2": 1793742, "dvar": 873697.75, "dmean": 401.93951416, "max": 18841.5527344, "var": 2575971.25, "mean": 1335.19897461}, "spectral_centroid": {"dmean2": 331.681213379, "median": 1191.58117676, "min": 118.872642517, "dvar2": 141798.859375, "dvar": 64772.4023438, "dmean": 210.328689575, "max": 10980.1347656, "var": 468447.9375, "mean": 1214.06335449}, "pitch_salience": {"dmean2": 0.107312105596, "median": 0.547248363495, "min": 0.110677599907, "dvar2": 0.00989476032555, "dvar": 0.00367546221241, "dmean": 0.0644931271672, "max": 0.959725916386, "var": 0.00977353658527, "mean": 0.544015288353}, "spectral_energyband_middle_high": {"dmean2": 0.00302406260744, "median": 0.00304425647482, "min": 1.95597175401e-21, "dvar2": 2.50101420534e-05, "dvar": 9.90071021079e-06, "dmean": 0.00190111272968, "max": 0.085188396275, "var": 5.32663907507e-05, "mean": 0.00605666311458}, "spectral_contrast_coeffs": {"dmean2": [0.0818740725517, 0.0707927644253, 0.062739059329, 0.0487751886249, 0.0328765437007, 0.0271424744278], "median": [-0.661248922348, -0.732228457928, -0.766010642052, -0.792952060699, -0.797719597816, -0.780397772789], "min": [-0.970035731792, -0.960298895836, -0.9634796381, -0.97462284565, -0.966815829277, -0.960627675056], "dvar2": [0.00485772266984, 0.00329702324234, 0.00261607114226, 0.00147510354873, 0.000687520659994, 0.000560779357329], "dvar": [0.00178907508962, 0.00124451774172, 0.00100110832136, 0.000570397591218, 0.00027398954262, 0.000268282135949], "dmean": [0.0489309951663, 0.0432925187051, 0.0385385863483, 0.0295394733548, 0.0200701095164, 0.01736927405], "max": [-0.343181073666, -0.411414265633, -0.434916198254, -0.529338002205, -0.5873503685, -0.631561696529], "var": [0.00501966942102, 0.00554860662669, 0.00674625020474, 0.00396953709424, 0.00251214182936, 0.00205782102421], "mean": [-0.658838748932, -0.72952991724, -0.76077902317, -0.785769402981, -0.794748961926, -0.782609522343]}, "melbands_skewness": {"dmean2": 1.23120319843, "median": 2.5242254734, "min": -0.325902700424, "dvar2": 2.49413061142, "dvar": 1.09524357319, "dmean": 0.788703918457, "max": 18.5229053497, "var": 5.0771112442, "mean": 3.12405967712}, "spectral_spread": {"dmean2": 953209.8125, "median": 5166946.5, "min": 1037162.8125, "dvar2": 1498718535680.0, "dvar": 848774889472, "dmean": 663603, "max": 41234588, "var": 3864163778560.0, "mean": 5432381}, "dissonance": {"dmean2": 0.0298680402339, "median": 0.472885191441, "min": 0.186995819211, "dvar2": 0.000950421614107, "dvar": 0.000369596527889, "dmean": 0.0180390980095, "max": 0.500000059605, "var": 0.0011139002163, "mean": 0.463480770588}, "spectral_skewness": {"dmean2": 0.360467463732, "median": 1.61341929436, "min": -0.0416638664901, "dvar2": 0.28332477808, "dvar": 0.154749065638, "dmean": 0.238512158394, "max": 9.21195888519, "var": 0.623039782047, "mean": 1.76794338226}, "spectral_flux": {"dmean2": 0.0338858664036, "median": 0.0766057744622, "min": 6.87472717642e-11, "dvar2": 0.00140674947761, "dvar": 0.00064332812326, "dmean": 0.0209613516927, "max": 0.329003870487, "var": 0.00190931302495, "mean": 0.0778838917613}, "spectral_contrast_valleys": {"dmean2": [0.556953191757, 0.552608072758, 0.550904273987, 0.442916244268, 0.384213924408, 0.428678512573], "median": [-6.80933761597, -6.55607891083, -7.28700828552, -7.49498796463, -7.30769443512, -9.64236736298], "min": [-27.2852611542, -27.3366317749, -27.3961582184, -27.0342216492, -27.3042469025, -27.2688846588], "dvar2": [0.222910374403, 0.265206724405, 0.341903299093, 0.215177983046, 0.223335251212, 0.291609853506], "dvar": [0.0863706171513, 0.103329896927, 0.140230312943, 0.105633512139, 0.129243955016, 0.20075160265], "dmean": [0.335022836924, 0.333994120359, 0.335277736187, 0.279987454414, 0.264809280634, 0.322179079056], "max": [-5.32734537125, -4.58874034882, -5.57225131989, -5.71444892883, -5.66132593155, -7.11658096313], "var": [1.05963408947, 1.49150085449, 1.98186409473, 1.80558204651, 1.88670921326, 2.08555722237], "mean": [-6.98173761368, -6.84529447556, -7.78225183487, -7.93766403198, -7.77682590485, -10.0838947296]}, "erbbands_flatness_db": {"dmean2": 0.0256129130721, "median": 0.130343317986, "min": 0.0288169421256, "dvar2": 0.000605351699051, "dvar": 0.000348314002622, "dmean": 0.017742279917, "max": 0.347337812185, "var": 0.00167794513982, "mean": 0.134256243706}, "spectral_energyband_high": {"dmean2": 0.000647615699563, "median": 0.000691278488375, "min": 7.18144636887e-21, "dvar2": 2.42475130108e-06, "dvar": 1.30707485368e-06, "dmean": 0.000450988358352, "max": 0.0278217382729, "var": 4.31475427831e-06, "mean": 0.00119589036331}, "spectral_entropy": {"dmean2": 0.265773594379, "median": 7.68932056427, "min": 4.74901723862, "dvar2": 0.0977286100388, "dvar": 0.0538824051619, "dmean": 0.180174782872, "max": 9.81380653381, "var": 0.354720801115, "mean": 7.51842308044}, "silence_rate_20dB": {"dmean2": 0, "median": 1, "min": 1, "dvar2": 0, "dvar": 0, "dmean": 0, "max": 1, "var": 0, "mean": 1}, "melbands_flatness_db": {"dmean2": 0.0385824814439, "median": 0.189134851098, "min"