{"tonal": {"thpcp": [1, 0.595212936401, 0.37639978528, 0.58828997612, 0.432142168283, 0.291773319244, 0.389234930277, 0.35297819972, 0.386421322823, 0.527258276939, 0.479279756546, 0.603754341602, 0.815763950348, 0.549070894718, 0.338241934776, 0.38578119874, 0.281849235296, 0.268614590168, 0.404243439436, 0.366102129221, 0.361040502787, 0.441719383001, 0.33132365346, 0.470128446817, 0.785090982914, 0.509943902493, 0.302981555462, 0.410136282444, 0.270957916975, 0.1882263273, 0.236008062959, 0.242384657264, 0.486981779337, 0.784871935844, 0.560327529907, 0.662045061588], "hpcp": {"dmean2": [0.117946438491, 0.102270357311, 0.0917099118233, 0.107178911567, 0.126147687435, 0.169885650277, 0.189155831933, 0.192268192768, 0.208639711142, 0.207606822252, 0.17365013063, 0.149754598737, 0.16604450345, 0.15227586031, 0.129107907414, 0.150508731604, 0.170239076018, 0.177194774151, 0.185705289245, 0.212139651179, 0.217070326209, 0.195498377085, 0.182960435748, 0.154598146677, 0.143580034375, 0.118436180055, 0.113105393946, 0.140401601791, 0.14819984138, 0.154126927257, 0.173027649522, 0.149648994207, 0.135990083218, 0.145214349031, 0.118763558567, 0.112637005746], "median": [0.00756735168397, 0.00863774307072, 0.00581162562594, 0.00481979874894, 0.0055877789855, 0.0252151768655, 0.0380288399756, 0.0296255908906, 0.0365460366011, 0.0419566743076, 0.0306202676147, 0.0103950975463, 0.00705621019006, 0.00877936650068, 0.00842304993421, 0.00765045545995, 0.00665526511148, 0.00855140108615, 0.0113747818395, 0.0119108557701, 0.0185663904995, 0.0191703103483, 0.0148346275091, 0.00806583184749, 0.00640478823334, 0.0062289936468, 0.0116351572797, 0.0144605245441, 0.0126504357904, 0.0115811768919, 0.0124781401828, 0.0120345186442, 0.0161233991385, 0.0189184434712, 0.01564739272, 0.00934019125998], "min": [0, 0, 0, 0, 0, 0, 0, 0, 0, 1.05617928057e-05, 9.1058182079e-06, 1.21093344205e-05, 6.25038819635e-06, 0, 0, 0, 0, 0, 0, 0, 7.26571715859e-06, 8.41425480758e-06, 9.82178789855e-06, 8.15791645437e-06, 2.95412610285e-06, 7.73491683503e-06, 1.12940288091e-05, 6.38715300738e-06, 0, 0, 0, 0, 0, 0, 0, 0], "dvar2": [0.0735621750355, 0.0549372322857, 0.0602288320661, 0.0732933431864, 0.0827945396304, 0.0951147675514, 0.0979632213712, 0.106124438345, 0.110902696848, 0.118815667927, 0.0891555547714, 0.0893200412393, 0.106067582965, 0.0930569246411, 0.0733263492584, 0.0928183123469, 0.123132415116, 0.130730822682, 0.127813130617, 0.140782952309, 0.13578812778, 0.113431841135, 0.120052650571, 0.1017402336, 0.0985867977142, 0.0710338279605, 0.0630139410496, 0.0892485007644, 0.0968392044306, 0.095228344202, 0.113611295819, 0.0945936217904, 0.0735687613487, 0.0859467685223, 0.0576781183481, 0.0678298920393], "dvar": [0.0282837375998, 0.0203514266759, 0.0210815537721, 0.0256613232195, 0.0301377512515, 0.0340308770537, 0.0395697429776, 0.0392022915184, 0.0386536233127, 0.0456101223826, 0.0322771258652, 0.030942350626, 0.040673840791, 0.0341830812395, 0.0263689644635, 0.0353662781417, 0.0448399782181, 0.0458976775408, 0.0468416884542, 0.0518825016916, 0.0498915612698, 0.0435554310679, 0.0420805215836, 0.0366981700063, 0.0363586656749, 0.0250477418303, 0.0221076589078, 0.0337047204375, 0.0348015166819, 0.0335850864649, 0.0421004034579, 0.0340827032924, 0.0270674973726, 0.0331215299666, 0.0211286172271, 0.0236820876598], "dmean": [0.0676329880953, 0.0579976178706, 0.0515570156276, 0.058898113668, 0.070208914578, 0.0977481231093, 0.110691197217, 0.109526082873, 0.117393158376, 0.119154334068, 0.0998080745339, 0.0841940119863, 0.0954109877348, 0.0856617689133, 0.0730221271515, 0.084225602448, 0.0939008891582, 0.0995414108038, 0.10552367568, 0.118708990514, 0.123619280756, 0.112796954811, 0.103489845991, 0.0862194448709, 0.0795406401157, 0.0663615465164, 0.0640131980181, 0.0800615251064, 0.0848063677549, 0.0878201648593, 0.0988410189748, 0.0849870592356, 0.0791111961007, 0.0855117067695, 0.0696035996079, 0.0634470507503], "max": [1, 1, 1, 1, 1, 1, 1, 1, 1, 1, 1, 1, 1, 1, 1, 1, 1, 1, 1, 1, 1, 1, 1, 1, 1, 1, 1, 1, 1, 1, 1, 1, 1, 1, 1, 1], "var": [0.0552491433918, 0.0228394679725, 0.0179905015975, 0.0279595013708, 0.0266145355999, 0.041604783386, 0.0946987494826, 0.0519365742803, 0.0551911331713, 0.122485719621, 0.0495472252369, 0.0347040630877, 0.0816913545132, 0.04569529742, 0.0261607449502, 0.0480388998985, 0.0411150828004, 0.0444918870926, 0.0683684274554, 0.0538302622736, 0.0625967755914, 0.105373129249, 0.0565882734954, 0.0360431298614, 0.0522348880768, 0.0294487830251, 0.0221707746387, 0.0472806245089, 0.0394055880606, 0.0361570939422, 0.0513906404376, 0.0330273322761, 0.0379997231066, 0.109578758478, 0.0458588153124, 0.0290205404162], "mean": [0.100210592151, 0.0662044659257, 0.04599025473, 0.0576649978757, 0.0592230223119, 0.11898662895, 0.191771581769, 0.136907547712, 0.161760687828, 0.244334861636, 0.145431265235, 0.0919675901532, 0.143739745021, 0.105587400496, 0.0712903961539, 0.0951036661863, 0.0862448811531, 0.0944162011147, 0.128827571869, 0.117104753852, 0.147518232465, 0.199319571257, 0.134157165885, 0.0826442986727, 0.0942597985268, 0.0688655972481, 0.0656319111586, 0.0987707674503, 0.0894515141845, 0.0882147848606, 0.107927441597, 0.0809539183974, 0.11486876756, 0.191825091839, 0.124597080052, 0.0740289539099]}, "tuning_equal_tempered_deviation": 0.0211604498327, "chords_changes_rate": 0.0775697380304, "key_key": "E", "tuning_diatonic_strength": 0.249737605453, "key_scale": "minor", "chords_number_rate": 0.00687810452655, "tuning_frequency": 455.253540039, "tuning_nontempered_energy_ratio": 0.648368895054, "chords_histogram": [3.74474596977, 7.26022148132, 0.229270160198, 0.726022183895, 5.27321338654, 4.92930841446, 4.12686300278, 9.32365322113, 4.81467342377, 6.80168151855, 0, 2.94230031967, 0.840657234192, 1.83416128159, 12.3041648865, 11.5781431198, 3.85938096046, 0.420328617096, 0.496751993895, 3.13335871696, 2.36912488937, 5.12036705017, 3.63011074066, 4.24149799347], "key_strength": 0.476729094982, "chords_key": "F", "chords_strength": {"dmean2": 0.0104553280398, "median": 0.456022828817, "min": 0.188429564238, "dvar2": 0.000134060363052, "dvar": 8.76969133969e-05, "dmean": 0.01020416338, "max": 0.653452813625, "var": 0.00657783960924, "mean": 0.44990208745}, "chords_scale": "minor", "hpcp_entropy": {"dmean2": 0.879752218723, "median": 1.48904597759, "min": 0.0354933068156, "dvar2": 0.707283139229, "dvar": 0.255040764809, "dmean": 0.518265247345, "max": 4.6618065834, "var": 0.580205500126, "mean": 1.45958685875}}, "metadata": {"audio_properties": {"equal_loudness": 0, "codec": "flac", "downmix": "mix", "sample_rate": 44100, "analysis_sample_rate": 44100, "bit_rate": 0, "md5_encoded": "88135325e20cd8357ad2bb2b08e23f6e", "length": 121.453330994, "replay_gain": -8.32086181641, "lossless": true}, "version": {"essentia_build_sha": "70f2e5ece6736b2c40cc944ad0e695b16b925413", "essentia": "2.1-beta2", "extractor": "music 1.0", "essentia_git_sha": "v2.1_beta2"}, "tags": {"title": ["F\u00eates galantes, second recueil (Verlaine): I. Les ing\u00e9nus"], "barcode": ["5099970490725"], "media": ["CD"], "albumartist": ["Alfred Cortot"], "tracktotal": ["30"], "musicbrainz_releasegroupid": ["58b8b2c6-f1e7-4d0f-b4f5-b43fbdaa7d95"], "performer": ["Maggie Teyte (soprano vocals vocal)", "Alfred Cortot (piano)"], "releasetype": ["album"], "musicbrainz_recordingid": ["1151306c-3fc4-409c-8a17-94fce698b8bc"], "composer": ["Claude Debussy"], "musicbrainz_albumartistid": ["c063351f-8877-415f-b4bd-c65f60cedb66"], "lyricist": ["Paul Verlaine"], "discnumber": ["37"], "catalognumber": ["7049072"], "releasecountry": ["XE"], "file_name": "CD37-20 - F\u00eates galantes, second recueil (Verlaine)_ I. Les ing\u00e9nus.flac", "compilation": ["1"], "originaldate": ["2012-11-05"], "albumartistsort": ["Cortot, Alfred"], "date": ["2012-11-05"], "genre": ["Unknown"], "musicbrainz_albumid": ["d657d65d-c90c-43e9-a4fd-c77711cca4cf"], "disctotal": ["40"], "musicbrainz_artistid": ["be50643c-0377-4968-b48c-47e06b2e2a3b"], "asin": ["B008V1IR4Q"], "musicbrainz_workid": ["4f788f60-e1be-4196-8fa0-d0925ddaaa2a"], "artist": ["Claude Debussy"], "tracknumber": ["20"], "artistsort": ["Debussy, Claude"], "album": ["Alfred Cortot Anniversary Edition"], "label": ["EMI Classics"], "releasestatus": ["official"], "totaldiscs": ["40"], "script": ["Latn"], "totaltracks": ["30"]}}, "rhythm": {"bpm_histogram_first_peak_bpm": {"dmean2": 0, "median": 112, "min": 112, "dvar2": 0, "dvar": 0, "dmean": 0, "max": 112, "var": 0, "mean": 112}, "bpm": 111.583023071, "bpm_histogram_second_peak_spread": {"dmean2": 0, "median": 0.466666698456, "min": 0.466666698456, "dvar2": 0, "dvar": 0, "dmean": 0, "max": 0.466666698456, "var": 0, "mean": 0.466666698456}, "bpm_histogram_first_peak_weight": {"dmean2": 0, "median": 0.0995671004057, "min": 0.0995671004057, "dvar2": 0, "dvar": 0, "dmean": 0, "max": 0.0995671004057, "var": 0, "mean": 0.0995671004057}, "onset_rate": 2.46964001656, "beats_position": [0.510838985443, 1.04489791393, 1.57895684242, 2.11301589012, 2.6470746994, 3.1811337471, 3.7151927948, 4.26086139679, 4.80653047562, 5.35219955444, 5.90947818756, 6.46675729752, 7.02403593063, 7.58131504059, 8.12698364258, 8.67265319824, 9.21832180023, 9.76399040222, 10.3096599579, 10.8437185287, 11.3893871307, 11.9234466553, 12.4691152573, 13.0147848129, 13.5488433838, 14.0945119858, 14.6169614792, 15.1394100189, 15.6618595123, 16.1843090057, 16.7183666229, 17.2408161163, 17.7516555786, 18.2741031647, 18.7965526581, 19.3886623383, 19.9807701111, 20.5728797913, 21.1069393158, 21.6526069641, 22.1982765198, 22.7671642303, 23.3360538483, 23.8933334351, 24.4506111145, 25.0195007324, 25.5883903503, 26.1572780609, 26.7261676788, 27.2950553894, 27.8523349762, 28.4212245941, 28.9901123047, 29.5357818604, 30.081451416, 30.6271190643, 31.1843986511, 31.6952381134, 32.2060775757, 32.7401351929, 33.2741928101, 33.8082542419, 34.3423118591, 34.8763694763, 35.422039032, 35.9677085876, 36.5249862671, 37.059047699, 37.5931053162, 38.1271629333, 38.6612243652, 39.1836738586, 39.7061233521, 40.2285690308, 40.7394104004, 41.2618598938, 41.7843093872, 42.3067550659, 42.8524246216, 43.374874115, 43.8857116699, 44.4081611633, 44.9306106567, 45.4414520264, 45.9522895813, 46.4631271362, 46.9855766296, 47.5196380615, 48.0072555542, 48.4832649231, 48.959274292, 49.4120635986, 49.8648529053, 50.3292503357, 50.7936515808, 51.2464370728, 51.6876182556, 52.1287956238, 52.5699768066, 52.999546051, 53.4291152954, 53.8702926636, 54.3114738464, 54.7410430908, 55.0777320862, 55.3912010193, 55.7278900146, 56.0529708862, 56.3896598816, 56.726348877, 57.0862579346, 57.4461669922, 57.8060760498, 58.1659851074, 58.5375061035, 58.9090232849, 59.2921524048, 59.6985015869, 60.104850769, 60.5111999512, 60.9175491333, 61.3122901917, 61.6954193115, 62.0785484314, 62.4500656128, 62.8215866089, 63.1931037903, 63.5646247864, 63.924533844, 64.2844467163, 64.655960083, 65.0274810791, 65.4106140137, 65.7821273804, 66.142036438, 66.5135574341, 66.9431304932, 67.3726959229, 67.8022689819, 68.2202224731, 68.6381835938, 69.0561447144, 69.474105835, 69.8920593262, 70.3100204468, 70.7395935059, 71.1691589355, 71.6103363037, 72.0515213013, 72.4926986694, 72.9338760376, 73.3750534058, 73.8162307739, 74.2574157715, 74.6985931396, 75.1397705078, 75.580947876, 76.0221328735, 76.4516983032, 76.8812713623, 77.276008606, 77.6591339111, 78.0306549072, 78.4021759033, 78.7853012085, 79.1800460815, 79.5747833252, 79.9811325073, 80.4455337524, 80.9215393066, 81.3859405518, 81.861946106, 82.349571228, 82.8255767822, 83.2783660889, 83.7543716431, 84.2303848267, 84.7296142578, 85.228843689, 85.7280731201, 86.2273025513, 86.7265319824, 87.2257614136, 87.7365951538, 88.2590484619, 88.7698822021, 89.2923355103, 89.8263931274, 90.3604507446, 90.8712921143, 91.3821334839, 91.8813552856, 92.3689804077, 92.8565979004, 93.3442153931, 93.8434448242, 94.3426742554, 94.830291748, 95.3875732422, 95.9448471069, 96.5021286011, 97.1058502197, 97.6979598999, 98.3248977661, 98.9634475708, 99.6019973755, 100.240539551, 100.867477417, 101.482810974, 102.10974884, 102.771514893, 103.433288574, 104.071838379, 104.710380554, 105.348930359, 106.045532227, 106.730522156, 107.508384705, 108.286254883, 109.133781433, 110.039360046, 110.94493866, 111.862129211, 112.779319763, 113.731338501, 114.718185425, 115.705032349, 116.633827209, 117.574241638, 118.503036499, 119.443443298, 120.383850098], "beats_loudness": {"dmean2": 0.0213291812688, "median": 0.0106580983847, "min": 1.25507012854e-05, "dvar2": 0.000599714636337, "dvar": 0.000259758788161, "dmean": 0.012835749425, "max": 0.130034193397, "var": 0.000600924890023, "mean": 0.0198685601354}, "danceability": 0.860841453075, "bpm_histogram_second_peak_weight": {"dmean2": 0, "median": 0.0692640691996, "min": 0.0692640691996, "dvar2": 0, "dvar": 0, "dmean": 0, "max": 0.0692640691996, "var": 0, "mean": 0.0692640691996}, "beats_count": 232, "bpm_histogram_second_peak_bpm": {"dmean2": 0, "median": 136, "min": 136, "dvar2": 0, "dvar": 0, "dmean": 0, "max": 136, "var": 0, "mean": 136}, "bpm_histogram_first_peak_spread": {"dmean2": 0, "median": 0.689189195633, "min": 0.689189195633, "dvar2": 0, "dvar": 0, "dmean": 0, "max": 0.689189195633, "var": 0, "mean": 0.689189195633}, "beats_loudness_band_ratio": {"dmean2": [0.0996902734041, 0.33487957716, 0.382161259651, 0.330848097801, 0.0708239004016, 0.0202981717885], "median": [0.0114556346089, 0.167043611407, 0.518735527992, 0.0842432528734, 0.008793274872, 0.00429837824777], "min": [8.30024218885e-05, 0.000845760689117, 0.00664007524028, 0.00120054546278, 0.000114205657155, 4.88070290885e-05], "dvar2": [0.0286856871098, 0.106384195387, 0.114013358951, 0.134092494845, 0.0127799874172, 0.00120363442693], "dvar": [0.0111284181476, 0.0393126383424, 0.0373385511339, 0.0462547242641, 0.00451722554862, 0.000412901106756], "dmean": [0.0566873289645, 0.190222576261, 0.221650421619, 0.185719668865, 0.0397492051125, 0.011536876671], "max": [0.885535597801, 0.962784647942, 0.98757225275, 0.931272566319, 0.406848073006, 0.1567427665], "var": [0.0221099369228, 0.0604959093034, 0.0793659687042, 0.0519853830338, 0.00361564499326, 0.000375383155188], "mean": [0.0710347518325, 0.256023555994, 0.490091532469, 0.187088146806, 0.0330138839781, 0.0114581380039]}}, "lowlevel": {"barkbands_spread": {"dmean2": 3.33676362038, "median": 5.03076887131, "min": 0.169059440494, "dvar2": 34.3197975159, "dvar": 12.9354047775, "dmean": 2.0990216732, "max": 63.0095596313, "var": 48.7473526001, "mean": 7.06253004074}, "melbands_spread": {"dmean2": 4.29309177399, "median": 7.16916179657, "min": 0.401698887348, "dvar2": 50.1232032776, "dvar": 18.7596206665, "dmean": 2.69479966164, "max": 76.0396575928, "var": 49.14320755, "mean": 8.96602916718}, "hfc": {"dmean2": 4.70944356918, "median": 3.26452875137, "min": 0.00032340787584, "dvar2": 116.144851685, "dvar": 48.1221160889, "dmean": 3.18978834152, "max": 144.769577026, "var": 255.225601196, "mean": 10.0631065369}, "barkbands_kurtosis": {"dmean2": 7.83767175674, "median": 5.41756677628, "min": -1.85928809643, "dvar2": 235.143783569, "dvar": 94.7200317383, "dmean": 4.86007261276, "max": 277.714660645, "var": 244.286407471, "mean": 10.0108604431}, "gfcc": {"mean": [-205.040496826, 164.999465942, -147.863418579, -12.4518985748, -62.2724113464, -47.2060928345, -7.11955404282, -7.97402334213, -20.8954772949, 0.724626243114, -5.55890655518, 0.585347533226, -12.2683143616], "icov": [[0.00682715373114, -0.00733931269497, 0.00663673132658, -0.00188340758905, -0.00232009892352, 0.00619569048285, -0.00902528408915, 0.00973690953106, -0.00901956204325, 0.00781698152423, -0.00500403298065, 0.0047108172439, -0.00173259014264], [-0.00733931269497, 0.0134030794725, -0.0102124568075, 0.00588847044855, -0.000890443858225, -0.00237349444069, 0.00674400338903, -0.00503851193935, 0.00747848208994, -0.004906963557, 0.00372707168572, -0.00257326569408, 0.00104510388337], [0.00663673132658, -0.0102124568075, 0.0115650640801, -0.00743179582059, 0.00527570862323, -0.00184358807746, -0.00305347424001, 0.00589575525373, -0.00987242627889, 0.0107254553586, -0.00729029858485, 0.00675589405, -0.0019915078301], [-0.00188340758905, 0.00588847044855, -0.00743179582059, 0.0113030653447, -0.0108908312395, 0.0113440081477, -0.00516725890338, 0.000150712803588, 0.00887645408511, -0.0132682956755, 0.0151375029236, -0.0123465787619, 0.00584534788504], [-0.00232009892352, -0.000890443858225, 0.00527570862323, -0.0108908312395, 0.0194527227432, -0.0193190369755, 0.017908141017, -0.0103807225823, -0.000532254867721, 0.00998228415847, -0.0134044112638, 0.0133568365127, -0.00581205496565], [0.00619569048285, -0.00237349444069, -0.00184358807746, 0.0113440081477, -0.0193190369755, 0.0290856789798, -0.0244394019246, 0.016767969355, -0.00130422483198, -0.0103968931362, 0.0168120171875, -0.0148693704978, 0.00778542319313], [-0.00902528408915, 0.00674400338903, -0.00305347424001, -0.00516725890338, 0.017908141017, -0.0244394019246, 0.0328524298966, -0.0263547152281, 0.0157200135291, -0.00373046915047, -0.00544020626694, 0.00742897065356, -0.00323277991265], [0.00973690953106, -0.00503851193935, 0.00589575525373, 0.000150712803588, -0.0103807225823, 0.016767969355, -0.0263547152281, 0.0340135134757, -0.0261618793011, 0.0202395357192, -0.0112743750215, 0.0056170374155, -0.000906460219994], [-0.00901956204325, 0.00747848208994, -0.00987242627889, 0.00887645408511, -0.000532254867721, -0.00130422483198, 0.0157200135291, -0.0261618793011, 0.0367362387478, -0.0365640595555, 0.0269677769393, -0.0165948402137, 0.00493597751483], [0.00781698152423, -0.004906963557, 0.0107254553586, -0.0132682956755, 0.00998228415847, -0.0103968931362, -0.00373046915047, 0.0202395357192, -0.0365640595555, 0.0495586767793, -0.0392610020936, 0.029133701697, -0.0114153306931], [-0.00500403298065, 0.00372707168572, -0.00729029858485, 0.0151375029236, -0.0134044112638, 0.0168120171875, -0.00544020626694, -0.0112743750215, 0.0269677769393, -0.0392610020936, 0.0477592349052, -0.0372996255755, 0.0179054290056], [0.0047108172439, -0.00257326569408, 0.00675589405, -0.0123465787619, 0.0133568365127, -0.0148693704978, 0.00742897065356, 0.0056170374155, -0.0165948402137, 0.029133701697, -0.0372996255755, 0.0419666096568, -0.0207992102951], [-0.00173259014264, 0.00104510388337, -0.0019915078301, 0.00584534788504, -0.00581205496565, 0.00778542319313, -0.00323277991265, -0.000906460219994, 0.00493597751483, -0.0114153306931, 0.0179054290056, -0.0207992102951, 0.0208358447999]], "cov": [[6659.99755859, 1501.92297363, -3055.37133789, -1629.65258789, 361.724884033, -1306.32666016, 233.649093628, 92.4568481445, -420.475494385, -578.613525391, 625.833190918, -448.417907715, 70.0777206421], [1501.92297363, 843.861755371, -216.251220703, -541.637573242, -55.292930603, -215.426300049, -22.4676246643, -124.104423523, -116.540657043, -201.839111328, 44.8658256531, -142.534912109, 6.22028255463], [-3055.37133789, -216.251220703, 2094.75756836, 811.595031738, -325.538909912, 610.87121582, -175.293731689, -193.84538269, 184.004043579, 171.434631348, -449.646972656, 136.368286133, -52.5129890442], [-1629.65258789, -541.637573242, 811.595031738, 1107.66491699, 186.882751465, 152.496017456, -181.852172852, -46.8588104248, 26.5519523621, 82.0744857788, -253.898925781, 91.9574432373, -27.9623451233], [361.724884033, -55.292930603, -325.538909912, 186.882751465, 393.520965576, -59.657875061, -117.734046936, 0.64858520031, -57.1250228882, -57.538898468, 4.55833768845, -40.3754615784, 0.919202923775], [-1306.32666016, -215.426300049, 610.87121582, 152.496017456, -59.657875061, 497.340332031, 50.1524276733, -86.8094863892, 43.1853942871, 122.802848816, -136.732925415, 70.4451904297, -35.8123970032], [233.649093628, -22.4676246643, -175.293731689, -181.852172852, -117.734046936, 50.1524276733, 316.29901123, 126.04082489, -99.1544113159, -36.0363922119, 104.399848938, -11.6228055954, -39.7767295837], [92.4568481445, -124.104423523, -193.84538269, -46.8588104248, 0.64858520031, -86.8094863892, 126.04082489, 232.862548828, 69.8226165771, 5.95642137527, 72.1535186768, 0.76808232069, -3.6810708046], [-420.475494385, -116.540657043, 184.004043579, 26.5519523621, -57.1250228882, 43.1853942871, -99.1544113159, 69.8226165771, 335.181182861, 197.562759399, -80.2357559204, 2.08409905434, 36.4680671692], [-578.613525391, -201.839111328, 171.434631348, 82.0744857788, -57.538898468, 122.802848816, -36.0363922119, 5.95642137527, 197.562759399, 235.415817261, -1.33031964302, 31.419960022, 2.78495025635], [625.833190918, 44.8658256531, -449.646972656, -253.898925781, 4.55833768845, -136.732925415, 104.399848938, 72.1535186768, -80.2357559204, -1.33031964302, 254.342315674, 44.2411651611, -6.38674926758], [-448.417907715, -142.534912109, 136.368286133, 91.9574432373, -40.3754615784, 70.4451904297, -11.6228055954, 0.76808232069, 2.08409905434, 31.419960022, 44.2411651611, 152.990692139, 49.1661109924], [70.0777206421, 6.22028255463, -52.5129890442, -27.9623451233, 0.919202923775, -35.8123970032, -39.7767295837, -3.6810708046, 36.4680671692, 2.78495025635, -6.38674926758, 49.1661109924, 111.095809937]]}, "spectral_energyband_middle_low": {"dmean2": 0.0063225068152, "median": 0.00451157707721, "min": 1.94868533754e-07, "dvar2": 0.000240217341343, "dvar": 8.98513026186e-05, "dmean": 0.0040100752376, "max": 0.19478020072, "var": 0.000307650509058, "mean": 0.0106127848849}, "melbands_crest": {"dmean2": 5.38244628906, "median": 15.7032794952, "min": 5.00146961212, "dvar2": 23.1770248413, "dvar": 8.90984249115, "dmean": 3.31860876083, "max": 35.6037445068, "var": 31.8940181732, "mean": 16.5144481659}, "spectral_kurtosis": {"dmean2": 14.5230264664, "median": 11.9286937714, "min": -1.15977787971, "dvar2": 236.922653198, "dvar": 86.5743865967, "dmean": 8.39788627625, "max": 137.560119629, "var": 283.273132324, "mean": 17.0078029633}, "spectral_rms": {"dmean2": 0.000724269484635, "median": 0.00238238181919, "min": 3.31283081323e-05, "dvar2": 9.99346639219e-07, "dvar": 4.51264071444e-07, "dmean": 0.000489003432449, "max": 0.0139616848901, "var": 5.27937345396e-06, "mean": 0.00289666862227}, "zerocrossingrate": {"dmean2": 0.00472801877186, "median": 0.0302734375, "min": 0.0078125, "dvar2": 2.90518200927e-05, "dvar": 2.01882576221e-05, "dmean": 0.00379433087073, "max": 0.10791015625, "var": 0.000157897738973, "mean": 0.032697390765}, "silence_rate_60dB": {"dmean2": 0.0948374792933, "median": 0, "min": 0, "dvar2": 0.0973167791963, "dvar": 0.0451607778668, "dmean": 0.0474096722901, "max": 1, "var": 0.237369060516, "mean": 0.387614667416}, "erbbands_kurtosis": {"dmean2": 4.29071378708, "median": 2.77860927582, "min": -1.89848661423, "dvar2": 47.992275238, "dvar": 23.1064529419, "dmean": 2.76825404167, "max": 196.300033569, "var": 154.593521118, "mean": 6.15026092529}, "erbbands": {"dmean2": [0.000430739135481, 0.00702281901613, 0.0278834160417, 0.128909558058, 0.820573806763, 2.09664964676, 6.82289171219, 14.7529191971, 21.242313385, 33.0266914368, 34.7377586365, 77.8300094604, 37.9085044861, 31.5844535828, 27.0482368469, 17.5675773621, 17.9694843292, 6.84016942978, 6.27372789383, 4.09553337097, 3.15165805817, 1.66553890705, 6.3960442543, 7.53008556366, 4.07256603241, 1.2388304472, 0.183631241322, 0.0913602486253, 0.0236990600824, 0.00495592178777, 0.000712784880307, 9.99651820166e-05, 2.9152022762e-05, 3.21577754221e-05, 2.73560326605e-05, 1.53623605001e-05, 6.51363461657e-06, 1.9487422378e-06, 3.58560055247e-06, 8.07292872196e-06], "median": [0.000219780980842, 0.00289803394116, 0.00783368945122, 0.0237309895456, 0.105117343366, 0.544885873795, 2.08622598648, 3.11046791077, 3.83920001984, 7.14181137085, 7.83061170578, 4.48542976379, 3.02755308151, 2.42261195183, 2.07256126404, 1.10467469692, 0.786570370197, 0.433765411377, 0.291462153196, 0.129775881767, 0.0775104090571, 0.0866113454103, 0.24146643281, 0.235956341028, 0.147913813591, 0.064159065485, 0.0224554426968, 0.0150541737676, 0.00864186324179, 0.00388234830461, 0.0011468466837, 0.000193775631487, 4.502270167e-05, 7.80908740126e-05, 7.41779076634e-05, 4.30595282523e-05, 1.77902056748e-05, 5.47301897313e-06, 3.90731565858e-06, 6.73065869705e-06], "min": [2.52579866356e-06, 3.76717216568e-05, 0.000104783801362, 8.16182655399e-05, 0.000189920247067, 0.000167644175235, 0.000166025056387, 0.000240141918766, 5.02527509525e-05, 0.000110839027911, 0.000299319071928, 0.000286469206912, 0.000195784959942, 0.000111096102046, 0.00010192488844, 0.00018729189469, 0.000333499861881, 5.78744256927e-05, 4.87837496621e-05, 0.000116673858429, 0.000189450729522, 0.000258424028289, 0.000321855564835, 0.000322591076838, 0.000448715436505, 0.000601174659096, 0.000351516704541, 0.000326197186951, 0.000199691756279, 6.90069282427e-05, 1.93132127606e-05, 2.72251782008e-06, 1.72846409896e-06, 1.6584824607e-06, 2.08219717024e-06, 1.0577895182e-06, 6.13623626577e-07, 1.76191093715e-07, 6.14085635675e-08, 5.58280133234e-09], "dvar2": [2.22848044018e-07, 0.0001372203551, 0.00510214362293, 0.134832054377, 6.88804388046, 29.5433502197, 274.085632324, 1753.33117676, 4393.17285156, 16055.359375, 16793.4121094, 178695.15625, 14734.40625, 19156.2070312, 11376.5048828, 9447.87792969, 6854.94140625, 734.875366211, 748.546630859, 575.765380859, 359.403015137, 31.0208301544, 281.70526123, 563.639648438, 147.206268311, 15.5595884323, 0.36212092638, 0.270943284035, 0.0134724369273, 0.000587501097471, 2.63799961431e-06, 2.71097473359e-08, 1.64971891703e-09, 1.01191288682e-09, 6.32777275023e-10, 2.33792735171e-10, 5.27512478143e-11, 4.64426457361e-12, 5.91427809504e-11, 3.19669984927e-10], "dvar": [8.00299702064e-08, 5.40781802556e-05, 0.00195840303786, 0.0516524910927, 2.40786266327, 11.3395528793, 109.17893219, 640.993225098, 1945.56530762, 6902.65087891, 8497.30664062, 65011.65625, 6870.75878906, 9298.28222656, 5209.78613281, 4351.81396484, 3165.98706055, 329.08215332, 319.309570312, 277.894317627, 151.036087036, 15.1270160675, 122.805595398, 227.816986084, 77.1334915161, 7.18169403076, 0.162764117122, 0.120027959347, 0.00583525793627, 0.000236758336541, 1.05638309833e-06, 1.11140305847e-08, 6.28038065997e-10, 3.91884941164e-10, 2.51633769377e-10, 9.61440649316e-11, 2.26437861517e-11, 2.03185710444e-12, 2.39103650074e-11, 1.26637644815e-10], "dmean": [0.000245307630394, 0.00419866992161, 0.0174505729228, 0.0813115313649, 0.494894087315, 1.32325053215, 4.24626207352, 8.9385881424, 13.9247531891, 21.0066661835, 24.1037006378, 48.8584671021, 25.1541500092, 22.3120250702, 18.8462505341, 12.4051551819, 11.9692993164, 4.38991355896, 4.06128263474, 2.74485349655, 1.99874269962, 1.13270187378, 4.10779094696, 4.8262090683, 2.74929499626, 0.838150382042, 0.119519390166, 0.0557547733188, 0.014665523544, 0.00308884051628, 0.000438562099589, 6.1508944782e-05, 1.77086676558e-05, 1.95268057723e-05, 1.67386751855e-05, 9.45991359913e-06, 4.09245421906e-06, 1.22173207728e-06, 2.35876655097e-06, 5.2757013691e-06], "max": [0.00465559819713, 0.18387529254, 1.54278433323, 6.42402935028, 30.1999969482, 93.4027938843, 285.138183594, 537.020141602, 930.74609375, 3015.41137695, 2669.48828125, 5867.16748047, 2006.08862305, 2443.82543945, 2555.71044922, 2300.01538086, 1570.84631348, 534.055969238, 455.640930176, 808.293395996, 376.543395996, 104.484092712, 227.515762329, 380.514465332, 307.847473145, 92.4284896851, 10.8858699799, 12.1467781067, 2.94023990631, 0.663477361202, 0.036269068718, 0.00438492558897, 0.000579663494136, 0.000462884810986, 0.000336751807481, 0.000224135466851, 0.000118557771202, 3.28973292198e-05, 0.000102946483821, 0.000230934223509], "var": [1.30112496777e-07, 0.000137130802614, 0.0123656690121, 0.299279153347, 5.15185403824, 36.7826194763, 260.121765137, 1295.55651855, 4780.68310547, 13964.4736328, 28022.6660156, 133320.921875, 20423.5742188, 19506.5039062, 18930.5175781, 7793.22314453, 4633.85693359, 612.247741699, 492.824401855, 434.592987061, 214.674331665, 51.4779319763, 319.925384521, 532.93145752, 279.79864502, 27.5699100494, 0.375844985247, 0.181175872684, 0.0119076026604, 0.000443923287094, 2.22109019887e-06, 3.04560252573e-08, 2.3534816318e-09, 1.87292670262e-09, 1.29486066314e-09, 5.45521683382e-10, 1.4329427922e-10, 1.35376588412e-11, 1.20386575708e-10, 5.93980031827e-10], "mean": [0.000330649694661, 0.00651375530288, 0.0437706559896, 0.227721825242, 0.905042648315, 2.78308439255, 8.09320545197, 14.969201088, 26.4882850647, 38.3636131287, 52.6718940735, 88.8808364868, 46.9849891663, 37.4415512085, 37.4432373047, 20.2265796661, 16.5560112, 7.37540769577, 5.69911336899, 4.11729097366, 2.78979444504, 2.28519749641, 7.37068462372, 9.47634887695, 6.11951398849, 1.81650745869, 0.218913838267, 0.0852303877473, 0.0273942518979, 0.00729255657643, 0.00146711606067, 0.000236773019424, 6.23226733296e-05, 8.90128867468e-05, 8.38739797473e-05, 4.99675734318e-05, 2.1970099624e-05, 6.82907375449e-06, 8.29308464745e-06, 1.63442218764e-05]}, "spectral_strongpeak": {"dmean2": 0.746371030807, "median": 0.750040054321, "min": 0, "dvar2": 1.23698925972, "dvar": 0.514953553677, "dmean": 0.474611252546, "max": 11.3562440872, "var": 2.35046935081, "mean": 1.31221294403}, "spectral_energy": {"dmean2": 0.00704533373937, "median": 0.0058176368475, "min": 1.12492193693e-06, "dvar2": 0.000243341171881, "dvar": 9.59608951234e-05, "dmean": 0.00458746869117, "max": 0.199801847339, "var": 0.000440378440544, "mean": 0.0140118682757}, "average_loudness": 0.0341053269804, "spectral_rolloff": {"dmean2": 299.905914307, "median": 689.0625, "min": 86.1328125, "dvar2": 470293.15625, "dvar": 172921.703125, "dmean": 167.866821289, "max": 4974.16992188, "var": 242324.359375, "mean": 823.159606934}, "spectral_centroid": {"dmean2": 181.888031006, "median": 694.627685547, "min": 228.890335083, "dvar2": 66714.484375, "dvar": 29754.1542969, "dmean": 118.841285706, "max": 3218.61328125, "var": 214808.25, "mean": 828.186462402}, "pitch_salience": {"dmean2": 0.111143000424, "median": 0.538175523281, "min": 0.0721400082111, "dvar2": 0.0109568210319, "dvar": 0.00429901015013, "dmean": 0.0680384933949, "max": 0.827179849148, "var": 0.0169648937881, "mean": 0.525926113129}, "spectral_energyband_middle_high": {"dmean2": 0.00204985728487, "median": 0.000425242644269, "min": 4.41414371721e-08, "dvar2": 2.98415325233e-05, "dvar": 1.49854749907e-05, "dmean": 0.00145268638153, "max": 0.110694296658, "var": 6.19724669377e-05, "mean": 0.00352565664798}, "spectral_contrast_coeffs": {"dmean2": [0.0799683406949, 0.0686646923423, 0.0570988841355, 0.0473133139312, 0.0355414710939, 0.0378634147346], "median": [-0.638513088226, -0.667006790638, -0.697376072407, -0.767049670219, -0.817934036255, -0.724822282791], "min": [-0.941480696201, -0.950113534927, -0.951413869858, -0.935783565044, -0.916339337826, -0.838142156601], "dvar2": [0.00403992692009, 0.00353792356327, 0.0026441803202, 0.00190178491175, 0.00125115329865, 0.00147295359056], "dvar": [0.00151601911057, 0.00149003171828, 0.00119436345994, 0.000932533410378, 0.000709437706973, 0.000558854429983], "dmean": [0.0481775961816, 0.0421718768775, 0.0363835208118, 0.0303727313876, 0.0238577481359, 0.0222763288766], "max": [-0.32304674387, -0.360714673996, -0.328443795443, -0.458199173212, -0.508588969707, -0.461262345314], "var": [0.0132418684661, 0.0115620736033, 0.0143631985411, 0.00917550642043, 0.0109798330814, 0.00150828901678], "mean": [-0.640310883522, -0.664578378201, -0.685518562794, -0.75891661644, -0.78308236599, -0.718351483345]}, "melbands_skewness": {"dmean2": 1.05130803585, "median": 1.58422958851, "min": -3.53629398346, "dvar2": 1.31415188313, "dvar": 0.526348173618, "dmean": 0.665477097034, "max": 9.83686351776, "var": 2.85951280594, "mean": 1.8401812315}, "spectral_spread": {"dmean2": 414136.53125, "median": 2043178.875, "min": 622465.625, "dvar2": 153624592384, "dvar": 72551882752, "dmean": 251124.15625, "max": 12688326, "var": 706692841472, "mean": 2256147.25}, "dissonance": {"dmean2": 0.079098187387, "median": 0.399111568928, "min": 0.0841824784875, "dvar2": 0.00535166123882, "dvar": 0.00187375722453, "dmean": 0.0462138131261, "max": 0.500000059605, "var": 0.00508833490312, "mean": 0.386960476637}, "spectral_skewness": {"dmean2": 1.11631166935, "median": 2.15723538399, "min": -0.528292655945, "dvar2": 1.07928419113, "dvar": 0.404982805252, "dmean": 0.659823596478, "max": 8.99880313873, "var": 2.07313513756, "mean": 2.47490930557}, "spectral_flux": {"dmean2": 0.0339301936328, "median": 0.0332773327827, "min": 0.00115127617028, "dvar2": 0.00216769403778, "dvar": 0.0007693329826, "dmean": 0.0203005727381, "max": 0.336163014174, "var": 0.00255068554543, "mean": 0.0506537146866}, "spectral_contrast_valleys": {"dmean2": [0.719240009785, 0.505807101727, 0.498788714409, 0.4653416574, 0.406741321087, 0.450606703758], "median": [-9.40031147003, -7.57890558243, -8.77704811096, -10.0018672943, -9.69795131683, -14.1124973297], "min": [-11.593082428, -11.6797151566, -12.1295213699, -12.6757707596, -11.9095916748, -14.8718833923], "dvar2": [0.310718238354, 0.178516373038, 0.192486852407, 0.176944762468, 0.164249837399, 0.224731445312], "dvar": [0.108049213886, 0.0720335096121, 0.0831431522965, 0.0736368075013, 0.0683241933584, 0.0726698040962], "dmean": [0.422667175531, 0.304033279419, 0.306797027588, 0.287304162979, 0.250145077705, 0.255909323692], "max": [-7.03329086304, -4.7393746376, -5.8001332283, -6.91151952744, -6.66094446182, -12.0589885712], "var": [0.407352268696, 1.30585861206, 1.33723318577, 0.923210680485, 0.603787779808, 0.15486651659], "mean": [-9.35069179535, -7.59645938873, -8.87368106842, -9.81191730499, -9.51914978027, -14.0102672577]}, "erbbands_flatness_db": {"dmean2": 0.0263821743429, "median": 0.338667780161, "min": 0.0933558419347, "dvar2": 0.000664980267175, "dvar": 0.000316762831062, "dmean": 0.0173072908074, "max": 0.493371874094, "var": 0.00641385558993, "mean": 0.32555642724}, "spectral_energyband_high": {"dmean2": 1.41616519613e-05, "median": 1.06288621282e-06, "min": 2.39632722554e-08, "dvar2": 2.74943334766e-09, "dvar": 1.05052844201e-09, "dmean": 8.67361723067e-06, "max": 0.000708290084731, "var": 1.58845214759e-09, "mean": 1.20805243569e-05}, "spectral_entropy": {"dmean2": 0.30107524991, "median": 6.28669691086, "min": 4.38813686371, "dvar2": 0.0792762041092, "dvar": 0.0335433110595, "dmean": 0.191469460726, "max": 8.44834709167, "var": 0.372645795345, "mean": 6.32836675644}, "silence_rate_20dB": {"dmean2": 0, "median": 1, "min": 1, "dvar2": 0, "dvar": 0, "dmean": 0, "max": 1, "var": 0, "mean": 1}, "melbands_flatness_db": {"dmean2": 0.0338994264603, "median": 0.363305538893, "min": 0.0992059931159, "dvar2": 0.00109449576121, "dvar": 0.000445692247013, "dmean": 0.0216702539474, "max": 0.555303454399, "var": 0.00397678138688, "mean": 0.359904199839}, "barkbands": {"dmean2": [5.37930816336e-07, 2.59885055129e-05, 3.02531498164e-05, 7.13221452315e-05, 0.000574059260543, 0.00151814555284, 0.00177964987233, 0.00176353694405, 0.00297283031978, 0.0011191040976, 0.000715169415344, 0.00049794674851, 0.000381849094993, 0.000152416614583, 0.000108772255771, 7.39408496884e-05, 3.54722724296e-05, 0.000164076729561, 0.000115706483484, 3.19225255225e-05, 2.66718552666e-06, 5.17280057011e-07, 3.70163135699e-08, 2.33367725144e-09, 2.83990964078e-09, 2.64362087776e-09, 2.00884398005e-09], "median": [2.23352088824e-07, 1.07126552393e-05, 5.64961010241e-06, 9.47052285483e-06, 0.00015388141037, 0.000349908950739, 0.000281414657366, 0.000331553048454, 0.000131264008814, 4.50660372735e-05, 2.8397740607e-05, 1.42190037877e-05, 1.07174200821e-05, 5.46678074897e-06, 2.9773264032e-06, 1.515352551e-06, 1.06687400603e-06, 4.39714358436e-06, 3.28254236592e-06, 1.12028965304e-06, 4.02925365961e-07, 2.14154056266e-07, 5.0267473739e-08, 3.31715854784e-09, 8.19509615724e-09, 8.83448159072e-09, 6.87916701381e-09], "min": [4.24975277191e-10, 1.07476736844e-07, 3.31764411499e-08, 7.13979497746e-09, 6.8261449826e-08, 1.54608006397e-08, 3.20379189844e-09, 1.30997630521e-08, 1.20935617076e-08, 4.69604399811e-09, 2.68384492408e-09, 3.65673602509e-09, 6.58252119479e-09, 3.41979167207e-10, 2.15366191547e-09, 1.6571892747e-09, 5.59203794381e-09, 7.55715046097e-09, 6.25278184785e-09, 1.3575746749e-08, 7.34165750416e-09, 5.17256504295e-09, 6.98597346638e-10, 1.00928210234e-10, 2.13613973732e-10, 2.98823465972e-10, 3.40946659794e-10], "dvar2": [3.6585621685e-13, 1.61913116248e-09, 6.53963816433e-09, 4.83436721765e-08, 2.08163532989e-06, 1.40690681292e-05, 2.9951614124e-05, 4.34566827607e-05, 0.000190964419744, 1.60399395099e-05, 7.18387809684e-06, 9.77744457487e-06, 3.17382659887e-06, 3.98388806389e-07, 3.50597304077e-07, 1.42174911844e-07, 2.47330618208e-08, 1.75646547973e-07, 1.04638175458e-07, 7.41776906565e-09, 1.47888049029e-10, 7.02194465768e-12, 9.83531798485e-15, 9.92012231472e-18, 7.28803525994e-18, 7.15913653226e-18, 5.73840998963e-18], "dvar": [1.32259424224e-13, 6.32595753558e-10, 2.52500775844e-09, 1.74900378624e-08, 8.07641754363e-07, 5.24400275026e-06, 1.35909085657e-05, 1.76140856638e-05, 6.79294316797e-05, 8.27787789603e-06, 3.51150833922e-06, 4.17282626586e-06, 1.40769634527e-06, 1.73250896296e-07, 1.54000872499e-07, 5.53116592528e-08, 9.38005140227e-09, 7.36966256909e-08, 4.51192434525e-08, 3.27334181982e-09, 6.27089491445e-11, 2.92364288161e-12, 3.78161247433e-15, 3.55531078108e-18, 2.61421395649e-18, 2.57881600295e-18, 1.93940580304e-18], "dmean": [3.13149541853e-07, 1.54269164341e-05, 1.91247636394e-05, 4.36794107372e-05, 0.000362952210708, 0.000922928098589, 0.00114092312288, 0.00113261572551, 0.00182966096327, 0.000753895379603, 0.000477483030409, 0.000340380502166, 0.000248089636443, 9.74354916252e-05, 7.08226434654e-05, 4.56557900179e-05, 2.25997609959e-05, 0.000101667574199, 7.4536401371e-05, 2.09332611121e-05, 1.60832428264e-06, 3.22660952179e-07, 2.23429381663e-08, 1.34712352384e-09, 1.67808100748e-09, 1.56039192678e-09, 1.17213150297e-09], "max": [4.71570092486e-06, 0.00060237996513, 0.00168486940674, 0.00386351998895, 0.0217557493597, 0.0457828529179, 0.0700753778219, 0.106239341199, 0.188505634665, 0.0878834724426, 0.0814046859741, 0.0812163949013, 0.0363128706813, 0.0116245085374, 0.0124249765649, 0.00561508769169, 0.00306531833485, 0.00597038073465, 0.00766820693389, 0.00153423775919, 0.000243036323809, 6.61780504743e-05, 1.96735936697e-06, 6.54683915968e-08, 3.08848697728e-08, 3.5074140925e-08, 3.27424629631e-08], "var": [1.71354792335e-13, 1.40687406169e-09, 1.77053820494e-08, 7.71342385519e-08, 2.67619225269e-06, 1.25207088786e-05, 2.75722686638e-05, 5.52757555852e-05, 0.000155492889462, 2.3769956897e-05, 1.89144320757e-05, 5.92810101807e-06, 1.87678801922e-06, 3.01681723158e-07, 2.20238788984e-07, 7.70438504105e-08, 1.70874141503e-08, 1.49288069906e-07, 1.70288046775e-07, 1.20357261935e-08, 8.80788428304e-11, 5.48932340555e-12, 5.09868899149e-15, 5.86379609483e-18, 7.83863562697e-18, 7.63623114853e-18, 4.65320031116e-18], "mean": [3.51237048335e-07, 2.2134387109e-05, 4.96389984619e-05, 0.000104262537207, 0.000791623489931, 0.00160895916633, 0.0019714878872, 0.00233535608277, 0.00335371610709, 0.00124961184338, 0.0010381200118, 0.000491334008984, 0.000315302255331, 0.00014181973529, 8.97390855243e-05, 5.64099864278e-05, 3.44116124325e-05, 0.000164041397511, 0.000152736887685, 3.77891301468e-05, 2.30752584685e-06, 5.97813993863e-07, 6.35713348629e-08, 3.88551413266e-09, 8.70291572141e-09, 9.46563005755e-09, 7.41800088022e-09]}, "erbbands_skewness": {"dmean2": 0.715920507908, "median": 1.23386645317, "min": -4.3911242485, "dvar2": 0.599054336548, "dvar": 0.262348502874, "dmean": 0.470123648643, "max": 11.1506738663, "var": 1.83116519451, "mean": 1.35036671162}, "erbbands_spread": {"dmean2": 6.11739683151, "median": 11.8883247375, "min": 0.5783020854, "dvar2": 65.8559417725, "dvar": 29.1684169769, "dmean": 3.93792724609, "max": 106.733123779, "var": 209.006744385, "mean": 16.8099994659}, "melbands_kurtosis": {"dmean2": 9.6006860733, "median": 7.3