{"metadata": {"tags": {"encoding": ["Lavf56.36.100"], "artist": ["\u00c1lvaro Torres"], "bpm": ["0"], "discnumber": ["0/0"], "title": ["Nada se compara contigo"], "tracknumber": ["1/0"], "album": ["30 Del Recuerdo"], "musicbrainz_recordingid": ["1164f753-d8e4-41c4-b988-4e07a4c3a9fb"], "artistsort": ["Torres, \u00c1lvaro"], "date": ["2008"], "file_name": "Alvaro Torres - Nada Se Compara Contigo.mp3", "musicbrainz_artistid": ["1f8c82a6-c2de-4c41-a568-4af536f83868"]}, "audio_properties": {"sample_rate": 44100, "downmix": "mix", "lossless": false, "analysis_sample_rate": 44100, "md5_encoded": "9335cdfc6056ec716a7c2915f9d25e44", "equal_loudness": 0, "replay_gain": -12.7921142578, "codec": "mp3", "bit_rate": 160015, "length": 287.921630859}, "version": {"extractor": "music 1.0", "essentia_build_sha": "70f2e5ece6736b2c40cc944ad0e695b16b925413", "essentia_git_sha": "v2.1_beta2", "essentia": "2.1-beta2"}}, "rhythm": {"beats_loudness_band_ratio": {"dvar2": [0.0530684776604, 0.0674491599202, 0.0323200821877, 0.0333279892802, 0.0235529188067, 0.0126111265272], "var": [0.0436119101942, 0.0404156073928, 0.0149938408285, 0.0168208815157, 0.0121822813526, 0.00336341676302], "min": [0, 0, 0, 0, 0, 0], "dmean": [0.183925136924, 0.2077152282, 0.11096585542, 0.0911496803164, 0.0698741823435, 0.0486016571522], "mean": [0.382491976023, 0.329687148333, 0.140551298857, 0.105211153626, 0.0821775868535, 0.044056892395], "max": [0.998197197914, 0.87481033802, 0.711600601673, 0.691775500774, 0.616269290447, 0.466740250587], "dmean2": [0.312783539295, 0.341572791338, 0.192021146417, 0.158694371581, 0.119298405945, 0.0890929847956], "median": [0.345410466194, 0.292956352234, 0.101725041866, 0.0568900406361, 0.0381424725056, 0.024146027863], "dvar": [0.0216954145581, 0.0262970924377, 0.0119239911437, 0.013473588042, 0.0094191506505, 0.00462978472933]}, "bpm_histogram_first_peak_weight": {"dvar2": 0, "var": 0, "min": 0.820097267628, "dmean": 0, "mean": 0.820097267628, "max": 0.820097267628, "dmean2": 0, "median": 0.820097267628, "dvar": 0}, "bpm": 129.364059448, "beats_count": 618, "bpm_histogram_first_peak_spread": {"dvar2": 0, "var": 0, "min": 0.145270228386, "dmean": 0, "mean": 0.145270228386, "max": 0.145270228386, "dmean2": 0, "median": 0.145270228386, "dvar": 0}, "danceability": 1.11527276039, "bpm_histogram_first_peak_bpm": {"dvar2": 0, "var": 0, "min": 129, "dmean": 0, "mean": 129, "max": 129, "dmean2": 0, "median": 129, "dvar": 0}, "beats_position": [0.510838985443, 1.03328800201, 1.52090704441, 1.99691605568, 2.46131515503, 2.92571425438, 3.39011335373, 3.85451245308, 4.31891155243, 4.78331041336, 5.24770975113, 5.71210861206, 6.17650794983, 6.64090681076, 7.10530614853, 7.56970500946, 8.03410434723, 8.498503685, 8.96290206909, 9.42730140686, 9.89170074463, 10.3444900513, 10.8088884354, 11.261677742, 11.7260770798, 12.1904764175, 12.6548748016, 13.1192741394, 13.5836734772, 14.0480718613, 14.512471199, 14.9768705368, 15.4412698746, 15.9056682587, 16.3816776276, 16.8576869965, 17.3453063965, 17.8445339203, 18.3437633514, 18.8546028137, 19.365442276, 19.8762817383, 20.3871192932, 20.8863487244, 21.3971881866, 21.8964176178, 22.3840351105, 22.8716545105, 23.3476638794, 23.8120632172, 24.2764625549, 24.7524719238, 25.2284793854, 25.7044887543, 26.1804981232, 26.6565074921, 27.0744667053, 27.4924259186, 27.921995163, 28.3980045319, 28.8740139008, 29.3500213623, 29.8144207001, 30.2788200378, 30.7548294067, 31.2192287445, 31.6836280823, 32.1364173889, 32.6008148193, 33.0652160645, 33.5296134949, 33.99401474, 34.4700202942, 34.9344215393, 35.4104309082, 35.8632202148, 36.3160095215, 36.7804069519, 37.2331962585, 37.6859855652, 38.1503829956, 38.6031723022, 39.0675735474, 39.520362854, 39.9847602844, 40.4375495911, 40.8903388977, 41.3431282043, 41.795917511, 42.2603149414, 42.7363243103, 43.2123336792, 43.6883430481, 44.164352417, 44.6403617859, 45.0931510925, 45.5575485229, 46.0219497681, 46.4863471985, 46.9507484436, 47.415145874, 47.8795471191, 48.3439445496, 48.80834198, 49.2727432251, 49.7371406555, 50.2015419006, 50.6659393311, 51.1303405762, 51.5947380066, 52.0591392517, 52.5235366821, 52.9879341125, 53.4523353577, 53.9167327881, 54.3811340332, 54.8455314636, 55.3099327087, 55.7743301392, 56.2387275696, 56.7031288147, 57.1675262451, 57.6319274902, 58.0847167969, 58.5375061035, 59.0019035339, 59.4663009644, 59.9307022095, 60.3950996399, 60.859500885, 61.3238983154, 61.7882995605, 62.252696991, 62.7170982361, 63.1814956665, 63.6458930969, 64.1102905273, 64.5746917725, 65.0390930176, 65.5034942627, 65.9678878784, 66.4322891235, 66.8966903687, 67.3610839844, 67.8254852295, 68.2898864746, 68.7542877197, 69.2186813354, 69.6830825806, 70.1474838257, 70.6002731323, 71.053062439, 71.5174560547, 71.9818572998, 72.4462585449, 72.91065979, 73.3750534058, 73.8394546509, 74.303855896, 74.7682495117, 75.2326507568, 75.697052002, 76.1614532471, 76.6142425537, 77.0786361694, 77.554649353, 78.0190429688, 78.4834442139, 78.947845459, 79.4122467041, 79.8650360107, 80.3178253174, 80.7822189331, 81.2466201782, 81.7110214233, 82.1754150391, 82.6398162842, 83.1042175293, 83.5686187744, 84.0330123901, 84.4974136353, 84.9618148804, 85.4262084961, 85.8906097412, 86.3550109863, 86.8194122314, 87.2838058472, 87.7482070923, 88.2126083374, 88.6770019531, 89.1414031982, 89.6058044434, 90.0702056885, 90.5345993042, 90.9990005493, 91.4634017944, 91.9277954102, 92.3921966553, 92.8565979004, 93.3209991455, 93.7853927612, 94.2497940063, 94.7141952515, 95.1785888672, 95.6313781738, 96.0957794189, 96.5601806641, 97.0129699707, 97.4773712158, 97.9417648315, 98.4061660767, 98.8705673218, 99.3349609375, 99.7993621826, 100.263763428, 100.728164673, 101.192558289, 101.656959534, 102.121360779, 102.585754395, 103.05015564, 103.514556885, 103.97895813, 104.443351746, 104.907752991, 105.372154236, 105.836547852, 106.300949097, 106.765350342, 107.229751587, 107.694145203, 108.158546448, 108.622947693, 109.087341309, 109.540130615, 109.992919922, 110.457321167, 110.921722412, 111.386123657, 111.850517273, 112.314918518, 112.779319763, 113.243713379, 113.708114624, 114.172515869, 114.636917114, 115.10131073, 115.565711975, 116.03011322, 116.494506836, 116.958908081, 117.423309326, 117.887710571, 118.352104187, 118.816505432, 119.280906677, 119.745300293, 120.209701538, 120.674102783, 121.138504028, 121.602897644, 122.067298889, 122.531700134, 122.99609375, 123.460494995, 123.92489624, 124.389297485, 124.853691101, 125.318092346, 125.782493591, 126.246894836, 126.699676514, 127.15246582, 127.616867065, 128.081268311, 128.545669556, 129.010070801, 129.474472046, 129.938858032, 130.403259277, 130.867660522, 131.332061768, 131.796463013, 132.260864258, 132.725265503, 133.189651489, 133.654052734, 134.118453979, 134.582855225, 135.04725647, 135.511657715, 135.97605896, 136.440444946, 136.904846191, 137.369247437, 137.833648682, 138.298049927, 138.762451172, 139.226852417, 139.691238403, 140.155639648, 140.620040894, 141.084442139, 141.548843384, 142.00163269, 142.454421997, 142.918823242, 143.383224487, 143.847610474, 144.312011719, 144.776412964, 145.240814209, 145.705215454, 146.169616699, 146.634017944, 147.098403931, 147.562805176, 148.027206421, 148.491607666, 148.956008911, 149.420410156, 149.884811401, 150.349197388, 150.813598633, 151.277999878, 151.742401123, 152.206802368, 152.671203613, 153.135604858, 153.599990845, 154.06439209, 154.528793335, 154.99319458, 155.457595825, 155.910385132, 156.363174438, 156.827575684, 157.291976929, 157.756362915, 158.22076416, 158.685165405, 159.14956665, 159.613967896, 160.078369141, 160.542770386, 161.007156372, 161.471557617, 161.935958862, 162.400360107, 162.864761353, 163.329162598, 163.793563843, 164.257949829, 164.722351074, 165.186752319, 165.651153564, 166.11555481, 166.579956055, 167.0443573, 167.497146606, 167.961532593, 168.425933838, 168.890335083, 169.34312439, 169.807525635, 170.27192688, 170.736328125, 171.20072937, 171.665115356, 172.129516602, 172.593917847, 173.058319092, 173.522720337, 173.987121582, 174.451522827, 174.915908813, 175.380310059, 175.844711304, 176.309112549, 176.773513794, 177.237915039, 177.702316284, 178.166702271, 178.631103516, 179.095504761, 179.559906006, 180.024307251, 180.477096558, 180.941497803, 181.405899048, 181.870285034, 182.323074341, 182.787475586, 183.251876831, 183.716278076, 184.180679321, 184.645080566, 185.109481812, 185.573867798, 186.038269043, 186.502670288, 186.967071533, 187.431472778, 187.895874023, 188.360275269, 188.824661255, 189.2890625, 189.753463745, 190.21786499, 190.682266235, 191.135055542, 191.587844849, 192.052246094, 192.516647339, 192.981033325, 193.44543457, 193.909835815, 194.374237061, 194.838638306, 195.303039551, 195.767440796, 196.231826782, 196.696228027, 197.160629272, 197.613418579, 198.066207886, 198.530609131, 198.995010376, 199.459411621, 199.923812866, 200.388198853, 200.852600098, 201.317001343, 201.781402588, 202.245803833, 202.710205078, 203.174606323, 203.63899231, 204.103393555, 204.5677948, 205.032196045, 205.49659729, 205.960998535, 206.42539978, 206.878189087, 207.330978394, 207.79536438, 208.259765625, 208.72416687, 209.188568115, 209.65296936, 210.117370605, 210.581771851, 211.046157837, 211.510559082, 211.974960327, 212.439361572, 212.903762817, 213.368164062, 213.832565308, 214.296951294, 214.761352539, 215.225753784, 215.690155029, 216.154556274, 216.607345581, 217.060134888, 217.524536133, 217.988937378, 218.453323364, 218.917724609, 219.382125854, 219.8465271, 220.310928345, 220.77532959, 221.228118896, 221.680908203, 222.145309448, 222.609695435, 223.07409668, 223.538497925, 224.00289917, 224.467300415, 224.93170166, 225.396102905, 225.860488892, 226.324890137, 226.789291382, 227.253692627, 227.718093872, 228.182495117, 228.646896362, 229.111282349, 229.564071655, 230.016860962, 230.481262207, 230.945663452, 231.410064697, 231.874465942, 232.338867188, 232.803268433, 233.267654419, 233.732055664, 234.196456909, 234.660858154, 235.125259399, 235.589660645, 236.05406189, 236.518447876, 236.982849121, 237.447250366, 237.911651611, 238.376052856, 238.840454102, 239.293243408, 239.746032715, 240.21043396, 240.674819946, 241.139221191, 241.603622437, 242.068023682, 242.532424927, 242.996826172, 243.461227417, 243.925613403, 244.390014648, 244.854415894, 245.318817139, 245.783218384, 246.247619629, 246.712020874, 247.164810181, 247.617584229, 248.081985474, 248.546386719, 249.010787964, 249.475189209, 249.939590454, 250.403991699, 250.868392944, 251.332778931, 251.808792114, 252.284805298, 252.749206543, 253.213607788, 253.677993774, 254.14239502, 254.606796265, 255.07119751, 255.535598755, 256, 256.464385986, 256.917175293, 257.381591797, 257.834381104, 258.29876709, 258.763183594, 259.22756958, 259.691955566, 260.15637207, 260.620758057, 261.085174561, 261.549560547, 262.013977051, 262.478363037, 262.931152344, 263.38394165, 263.848327637, 264.312744141, 264.777130127, 265.241546631, 265.705932617, 266.170349121, 266.634735107, 267.099121094, 267.563537598, 268.027923584, 268.492340088, 268.956726074, 269.409515381, 269.862304688, 270.326721191, 270.791107178, 271.255493164, 271.719909668, 272.184295654, 272.648712158, 273.113098145, 273.577514648, 274.041900635, 274.506286621, 274.970703125, 275.435089111, 275.899505615, 276.363891602, 276.828308105, 277.292694092, 277.757080078, 278.221496582, 278.685882568, 279.150299072, 279.614685059, 280.079101562, 280.543487549, 281.019500732, 281.495513916, 281.9715271, 282.459136963, 282.935150146, 283.41116333, 283.898773193, 284.386383057, 284.86239624, 285.350006104, 285.837646484, 286.336853027, 286.836090088, 287.335327148], "beats_loudness": {"dvar2": 0.000868313014507, "var": 0.000427115272032, "min": 0, "dmean": 0.0190713778138, "mean": 0.0290050189942, "max": 0.106633231044, "dmean2": 0.0345904044807, "median": 0.0252335127443, "dvar": 0.000272748467978}, "bpm_histogram_second_peak_weight": {"dvar2": 0, "var": 0, "min": 0.0145867094398, "dmean": 0, "mean": 0.0145867094398, "max": 0.0145867094398, "dmean2": 0, "median": 0.0145867094398, "dvar": 0}, "bpm_histogram_second_peak_spread": {"dvar2": 0, "var": 0, "min": 0.4375, "dmean": 0, "mean": 0.4375, "max": 0.4375, "dmean2": 0, "median": 0.4375, "dvar": 0}, "bpm_histogram_second_peak_bpm": {"dvar2": 0, "var": 0, "min": 123, "dmean": 0, "mean": 123, "max": 123, "dmean2": 0, "median": 123, "dvar": 0}, "onset_rate": 3.47295713425}, "lowlevel": {"spectral_energyband_high": {"dvar2": 1.5422534716e-06, "var": 1.45652006722e-06, "min": 7.16568873976e-21, "dmean": 0.000297078251606, "mean": 0.000510912621394, "max": 0.0329835377634, "dmean2": 0.000425557635026, "median": 0.000138399191201, "dvar": 7.51588970616e-07}, "spectral_energyband_middle_low": {"dvar2": 0.000101315032225, "var": 0.00010800959717, "min": 1.82277520287e-22, "dmean": 0.00420947140083, "mean": 0.01137416251, "max": 0.127445057034, "dmean2": 0.00673680286855, "median": 0.00898706912994, "dvar": 4.21779914177e-05}, "spectral_energy": {"dvar2": 0.000214356856304, "var": 0.000285173911834, "min": 9.86251483315e-21, "dmean": 0.00598531309515, "mean": 0.0201461426914, "max": 0.148601621389, "dmean2": 0.0093084005639, "median": 0.0161313321441, "dvar": 9.29585512495e-05}, "spectral_spread": {"dvar2": 1755899232260.0, "var": 13876563279900.0, "min": 677379.625, "dmean": 669422.1875, "mean": 4777466.5, "max": 42808104, "dmean2": 942788.75, "median": 4013908.5, "dvar": 943823192064}, "spectral_energyband_low": {"dvar2": 6.56353586237e-05, "var": 2.90572843369e-05, "min": 1.87731303844e-23, "dmean": 0.00155077350792, "mean": 0.00362253375351, "max": 0.0873429179192, "dmean2": 0.00254122633487, "median": 0.00225828634575, "dvar": 2.49430195254e-05}, "spectral_rolloff": {"dvar2": 1396557.125, "var": 3969839.25, "min": 21.533203125, "dmean": 339.678741455, "mean": 1409.59533691, "max": 19810.546875, "dmean2": 569.615356445, "median": 882.861328125, "dvar": 634602.375}, "barkbands": {"dvar2": [2.08674277857e-09, 4.72781066492e-05, 4.91637229061e-06, 1.09832562885e-05, 5.20694993611e-05, 7.68529025663e-06, 3.38404311151e-06, 1.06684747152e-05, 1.52062229972e-05, 8.8999631771e-06, 1.11446024675e-06, 1.39933281389e-05, 7.50791923565e-06, 9.0972007456e-06, 1.77311937932e-06, 3.49745141648e-06, 1.34301126309e-06, 6.18760452653e-07, 1.10349930083e-07, 1.36360299052e-07, 3.15059850209e-07, 6.87147618805e-08, 3.57950895591e-08, 3.70814632333e-08, 3.59941587647e-08, 4.26591029168e-08, 1.62469167009e-08], "var": [5.17235143604e-09, 1.61747266247e-05, 1.92023435375e-06, 9.500534361e-06, 4.42524906248e-05, 5.50745517103e-06, 2.44117131842e-06, 9.36453488976e-06, 7.78570574766e-06, 5.45518560102e-06, 1.97771601051e-06, 1.08592985271e-05, 8.75407476997e-06, 6.00464773015e-06, 1.30556691147e-06, 4.86016233481e-06, 1.84249961421e-06, 1.19754372463e-06, 1.55691438408e-07, 1.17221880203e-07, 1.93124535031e-07, 6.20687359287e-08, 3.87250196354e-08, 2.56863916803e-08, 2.23204796868e-08, 1.74303842471e-08, 4.81853934531e-09], "min": [4.920101307e-25, 7.45952394003e-25, 9.1668102377e-25, 1.12432430099e-24, 8.10529730996e-24, 8.04552058601e-24, 9.3225120533e-24, 5.71038778248e-24, 1.37298968634e-23, 8.06794159065e-24, 1.73750416684e-23, 2.56855761313e-23, 2.22576252438e-23, 2.8316099084e-23, 3.55730735203e-23, 4.48248720821e-23, 7.83325878457e-23, 9.77598906021e-23, 1.50733888317e-22, 1.73265939337e-22, 2.5403098294e-22, 2.90843726129e-22, 3.79466102026e-22, 5.55429163109e-22, 8.15341993933e-22, 1.18029464565e-21, 1.91357228527e-21], "dmean": [1.23081345009e-05, 0.00102757744025, 0.000422090757638, 0.00102367612999, 0.00257649156265, 0.000748826481868, 0.000407133862609, 0.000640028389171, 0.000608245376498, 0.000413611705881, 0.000188239078852, 0.000500408757944, 0.000394532922655, 0.000427543156547, 0.000209934063605, 0.000333998788847, 0.000238412991166, 0.00016600152594, 8.98376674741e-05, 6.90896486049e-05, 6.89344306011e-05, 4.83001640532e-05, 3.96356917918e-05, 4.08989326388e-05, 3.90435598092e-05, 4.49428334832e-05, 2.39751170739e-05], "mean": [4.03846715926e-05, 0.00219934177585, 0.000674007111229, 0.0018876233371, 0.0048258411698, 0.00156712706666, 0.00078644399764, 0.00114512327127, 0.00108068948612, 0.000814445083961, 0.000354952091584, 0.000819014152512, 0.000759069225751, 0.000611045164987, 0.000333049276378, 0.000622741237748, 0.000521826208569, 0.00035341543844, 0.000189745202078, 0.000113205256639, 0.000119597934827, 8.75193509273e-05, 6.74733964843e-05, 5.96120771661e-05, 5.2575564041e-05, 4.1741746827e-05, 1.8549604647e-05], "max": [0.000629096291959, 0.0707119852304, 0.0256808996201, 0.0397804230452, 0.0862507820129, 0.0585666485131, 0.0401686243713, 0.0687486380339, 0.0600822605193, 0.115108124912, 0.0315742306411, 0.107066228986, 0.0809397101402, 0.0846526622772, 0.0318051278591, 0.0374909713864, 0.0296636261046, 0.0240863189101, 0.00551861245185, 0.0110770873725, 0.0289464574307, 0.00538353109732, 0.00469469185919, 0.00265223137103, 0.00219799904153, 0.00194890378043, 0.00108438392635], "dmean2": [1.8563679987e-05, 0.00169932364952, 0.000698905729223, 0.00168256205507, 0.00421698810533, 0.00119300722145, 0.000628386624157, 0.000985003192909, 0.000953702023253, 0.00063313182909, 0.000283717847196, 0.000781335635111, 0.000600853993092, 0.000646190019324, 0.000324847438606, 0.000509195786435, 0.000370417023078, 0.000248065858614, 0.000139825933729, 0.000105744751636, 0.000104173268483, 7.14452835382e-05, 6.02623185841e-05, 6.09841627011e-05, 5.83918954362e-05, 7.10165986675e-05, 4.03293051932e-05], "median": [4.74665284855e-06, 0.00110308104195, 0.000238043750869, 0.000775999331381, 0.00272797467187, 0.000821731402539, 0.000348966364982, 0.000269195559667, 0.000292071374133, 0.000187639976502, 4.93047336931e-05, 0.000120277880342, 9.19558515307e-05, 9.13222829695e-05, 8.54716199683e-05, 9.13648837013e-05, 9.38928933465e-05, 5.68346731598e-05, 4.87826182507e-05, 2.89654017251e-05, 3.17066878779e-05, 1.94265394384e-05, 1.23672307382e-05, 1.10591699922e-05, 8.13276710687e-06, 3.14599969897e-06, 5.2507118653e-07], "dvar": [9.40049149634e-10, 1.70078892552e-05, 1.81311486358e-06, 4.17119599661e-06, 2.08220062632e-05, 2.98046961689e-06, 1.45061289913e-06, 4.62560046799e-06, 5.95992423769e-06, 3.32700847139e-06, 5.17518401466e-07, 5.74337673243e-06, 3.3423266359e-06, 4.23456503995e-06, 7.79223114478e-07, 1.67802079432e-06, 6.02699401497e-07, 2.97005385619e-07, 4.89468625631e-08, 6.29516634376e-08, 1.38154902629e-07, 3.29198002191e-08, 1.76923595774e-08, 1.66655933498e-08, 1.60270907656e-08, 1.80880110889e-08, 6.27346219417e-09]}, "melbands_skewness": {"dvar2": 1.32480382919, "var": 4.53802347183, "min": -2.04077529907, "dmean": 0.64051002264, "mean": 2.53778386116, "max": 38.4800453186, "dmean2": 0.987560927868, "median": 2.29107475281, "dvar": 0.571349442005}, "barkbands_skewness": {"dvar2": 0.739251971245, "var": 2.94091129303, "min": -2.18536329269, "dmean": 0.506333529949, "mean": 1.65703225136, "max": 25.7552776337, "dmean2": 0.777009010315, "median": 1.50428402424, "dvar": 0.325716197491}, "erbbands": {"dvar2": [0.00927564874291, 3.49069881439, 8.94082164764, 35.1125907898, 484.200531006, 702.915344238, 461.017059326, 538.034790039, 870.597961426, 897.778625488, 7341.24560547, 8305.15234375, 11406.5898438, 2933.1862793, 2101.71826172, 23473.1191406, 11720.3271484, 11343.3984375, 13104.3056641, 4481.5390625, 8895.31445312, 2005.24377441, 1909.89624023, 449.026245117, 245.188323975, 374.058685303, 725.114135742, 217.929916382, 94.7217102051, 47.6585121155, 28.8589305878, 16.8421287537, 10.3419313431, 5.04861736298, 1.70708870888, 0.435231506824, 0.171460136771, 0.0410188324749, 0.000388016778743, 7.39950465345e-08], "var": [0.00559992995113, 1.08595407009, 3.43460988998, 28.2420139313, 344.074462891, 575.702636719, 414.099578857, 397.621002197, 565.279907227, 881.196594238, 5193.18457031, 4428.43310547, 4140.09667969, 3750.2253418, 4439.36181641, 15764.2353516, 15852.8291016, 13864.2470703, 8010.99609375, 4195.20703125, 16094.4042969, 4968.95068359, 4596.04394531, 849.910949707, 375.72869873, 375.395477295, 366.661346436, 202.85168457, 84.6257781982, 48.8011283875, 29.3831748962, 13.1257839203, 7.10764694214, 3.12958097458, 1.02586376667, 0.223306700587, 0.0636925399303, 0.0128269167617, 0.000114764014143, 2.46827003281e-08], "min": [3.38957943082e-23, 4.51778393744e-22, 1.16461294913e-21, 8.55629244056e-21, 6.76670616845e-21, 3.24625254251e-20, 2.34911312965e-20, 1.03008491488e-19, 1.20733214257e-19, 9.91652035674e-20, 1.64025689093e-19, 3.71868789595e-19, 4.21337964237e-19, 5.41428485007e-19, 9.51710896014e-19, 1.42142881897e-18, 1.34536832088e-18, 1.80754494159e-18, 2.1842831108e-18, 2.15752050927e-18, 2.82986655963e-18, 4.7054640638e-18, 5.95609414835e-18, 6.7982463164e-18, 6.58886043359e-18, 8.39809840709e-18, 9.25693853041e-18, 1.05964185661e-17, 1.02975739272e-17, 1.20530588094e-17, 1.13080106142e-17, 8.45613422605e-18, 9.35776853836e-18, 6.60608026599e-18, 5.97858684357e-18, 4.1012272379e-18, 2.23684175334e-18, 9.17724629584e-19, 2.3796114727e-19, 2.59236642984e-20], "dmean": [0.0172075033188, 0.272111862898, 0.533103168011, 1.80001926422, 7.57461118698, 9.11028862, 6.57683610916, 5.52783441544, 5.73246097565, 6.81431150436, 15.3756113052, 13.7594566345, 11.8031625748, 12.5286617279, 10.0169534683, 18.0344734192, 15.7461538315, 17.9660663605, 14.3480081558, 9.97753620148, 18.6099815369, 11.2016143799, 9.16902256012, 4.91988134384, 4.13141822815, 3.17669129372, 3.10758185387, 2.35905265808, 1.77718889713, 1.42172157764, 1.13943338394, 0.880908191204, 0.667027890682, 0.444573670626, 0.277371704578, 0.148086041212, 0.0864075571299, 0.040174856782, 0.00365284155123, 5.6308497733e-05], "mean": [0.0515438616276, 0.521659314632, 0.922888875008, 3.57906222343, 13.0844631195, 16.0919284821, 12.6897706985, 12.405670166, 11.2214164734, 13.9491071701, 27.5588932037, 24.9379787445, 21.1375274658, 25.6340904236, 22.1464042664, 30.2415866852, 33.3600120544, 32.297668457, 24.5568580627, 19.1233711243, 38.7250366211, 29.2765960693, 22.3235015869, 11.4165630341, 9.12328624725, 5.78475284576, 5.02930498123, 4.26853227615, 3.19749641418, 2.44312787056, 1.87655258179, 1.37377893925, 0.939531743526, 0.619276344776, 0.350684702396, 0.156515643001, 0.0780041366816, 0.0322911776602, 0.00279342266731, 6.44588144496e-05], "max": [1.2442766428, 17.9268569946, 37.8900909424, 78.764251709, 233.781341553, 394.265594482, 388.600128174, 667.570922852, 637.565612793, 1078.31616211, 2086.59082031, 1780.13330078, 3041.77514648, 1375.7130127, 1052.06628418, 5050.77539062, 2845.1171875, 2944.38745117, 3419.73583984, 1918.03222656, 2224.60009766, 923.252197266, 1689.32373047, 736.672485352, 357.205535889, 570.832885742, 1275.08837891, 569.026428223, 218.202255249, 179.628234863, 124.073638916, 70.1791305542, 39.3679695129, 26.7645683289, 14.9122810364, 7.60802602768, 3.77555561066, 1.5184173584, 0.176412165165, 0.00222995760851], "dmean2": [0.0264264140278, 0.45687648654, 0.882458925247, 2.93951010704, 12.3790121078, 15.306435585, 10.559720993, 8.72047996521, 8.92892742157, 10.3238229752, 23.7326374054, 21.4875717163, 18.2717113495, 18.4063549042, 14.5794115067, 28.2569065094, 23.4896392822, 26.0970802307, 21.5822467804, 14.9989976883, 27.8344993591, 17.0348587036, 13.3824253082, 7.34737539291, 6.32803487778, 4.80921792984, 4.73755025864, 3.47190546989, 2.62714004517, 2.13883280754, 1.74205970764, 1.31563150883, 0.993618607521, 0.666285276413, 0.419613450766, 0.225830942392, 0.139117434621, 0.0665188655257, 0.00615860382095, 9.21627142816e-05], "median": [0.0289601925761, 0.230721130967, 0.381589800119, 1.64105451107, 6.99697971344, 8.39710044861, 6.47599649429, 6.55965089798, 5.02482748032, 6.47218608856, 7.36007118225, 7.6303691864, 6.08089208603, 7.14833164215, 4.7881269455, 4.75059318542, 4.72462368011, 4.51738357544, 5.31754350662, 4.57753658295, 5.57219552994, 5.30840396881, 3.58615803719, 2.78172230721, 2.21646547318, 1.57076263428, 1.38455545902, 1.13186097145, 0.768073320389, 0.462459534407, 0.332757681608, 0.276998460293, 0.153811335564, 0.101846583188, 0.0476152002811, 0.0151088610291, 0.00531975226477, 0.00143649266101, 7.53438434913e-05, 2.45904338954e-05], "dvar": [0.00378220598213, 1.23195254803, 3.39363574982, 13.3925933838, 188.980880737, 270.756866455, 182.820358276, 213.255447388, 365.342376709, 421.630554199, 3034.19799805, 3303.35546875, 4207.95214844, 1327.1595459, 1013.30078125, 9389.11328125, 5363.29052734, 5841.71044922, 5724.51855469, 2021.42932129, 4356.66503906, 896.199523926, 981.959838867, 216.972885132, 109.875541687, 175.983734131, 303.693878174, 109.353507996, 45.3304290771, 23.3443012238, 14.1206197739, 7.72108697891, 4.69375419617, 2.21175742149, 0.773265838623, 0.196333512664, 0.0704382061958, 0.0160547494888, 0.000149897823576, 2.9160172943e-08]}, "silence_rate_30dB": {"dvar2": 0.00177270337008, "var": 0.000483561132569, "min": 0, "dmean": 0.000645161315333, "mean": 0.999516189098, "max": 1, "dmean2": 0.00129042658955, "median": 1, "dvar": 0.000644762418233}, "melbands_spread": {"dvar2": 116.532646179, "var": 406.523712158, "min": 0.646599769592, "dmean": 5.35971260071, "mean": 22.3980884552, "max": 175.031600952, "dmean2": 8.19221591949, "median": 16.6441650391, "dvar": 56.9986839294}, "melbands_crest": {"dvar2": 21.4809741974, "var": 30.5638332367, "min": 1.5958660841, "dmean": 2.9662976265, "mean": 13.5304775238, "max": 39.956325531, "dmean2": 4.91688919067, "median": 12.3566713333, "dvar": 8.12467193604}, "zerocrossingrate": {"dvar2": 0.000218280212721, "var": 0.0026410408318, "min": 0, "dmean": 0.00913672707975, "mean": 0.0572244301438, "max": 0.52734375, "dmean2": 0.0112580349669, "median": 0.04833984375, "dvar": 0.00015994986461}, "barkbands_kurtosis": {"dvar2": 147.803253174, "var": 629.084228516, "min": -1.87577593327, "dmean": 3.30398225784, "mean": 7.01621723175, "max": 669.687194824, "dmean2": 5.20941114426, "median": 2.61533355713, "dvar": 72.0145950317}, "spectral_flux": {"dvar2": 0.00147942476906, "var": 0.00197860994376, "min": 6.40584738032e-11, "dmean": 0.0207141749561, "mean": 0.0648705586791, "max": 0.344263494015, "dmean2": 0.0329129584134, "median": 0.0560190454125, "dvar": 0.000643476028927}, "barkbands_crest": {"dvar2": 13.7267637253, "var": 16.6097888947, "min": 3.07857275009, "dmean": 2.40817642212, "mean": 10.467124939, "max": 26.8835487366, "dmean2": 3.93503093719, "median": 9.60647201538, "dvar": 5.10698699951}, "barkbands_flatness_db": {"dvar2": 0.000904966553207, "var": 0.00335852825083, "min": 0.0288050845265, "dmean": 0.0198201201856, "mean": 0.148412525654, "max": 0.514527738094, "dmean2": 0.0304279793054, "median": 0.13951125741, "dvar": 0.000403714220738}, "spectral_entropy": {"dvar2": 0.0778087303042, "var": 0.336020231247, "min": 4.68968057632, "dmean": 0.179164603353, "mean": 7.27613019943, "max": 9.82073974609, "dmean2": 0.264008104801, "median": 7.26249694824, "dvar": 0.0390427708626}, "pitch_salience": {"dvar2": 0.0097106192261, "var": 0.0109339999035, "min": 0.00452066538855, "dmean": 0.064963079989, "mean": 0.546382784843, "max": 0.965742945671, "dmean2": 0.106466241181, "median": 0.553938567638, "dvar": 0.00366506935097}, "erbbands_spread": {"dvar2": 165.287857056, "var": 338.064971924, "min": 2.24262237549, "dmean": 7.32973909378, "mean": 35.2169723511, "max": 124.523750305, "dmean2": 11.0598173141, "median": 32.249797821, "dvar": 76.3962097168}, "dynamic_complexity": 4.29546117783, "spectral_contrast_valleys": {"dvar2": [0.250743567944, 0.205035373569, 0.195882454515, 0.170731380582, 0.173492372036, 0.285896122456], "var": [4.74792098999, 4.68646669388, 4.51309347153, 4.40721178055, 4.50613355637, 4.07444381714], "min": [-28.4264354706, -28.204334259, -27.831363678, -27.7008953094, -27.5653991699, -27.3904266357], "dmean": [0.30317813158, 0.304844379425, 0.305829763412, 0.274458736181, 0.242323920131, 0.322446674109], "mean": [-7.73500585556, -7.24317836761, -8.09327983856, -8.5111284256, -8.45374393463, -10.798620224], "max": [-5.10876178741, -5.01613092422, -5.52159976959, -5.86459827423, -5.85759973526, -7.73727607727], "dmean2": [0.495740890503, 0.503445625305, 0.487467139959, 0.432472318411, 0.369074493647, 0.413399368525], "median": [-7.30443572998, -6.85056447983, -7.71317338943, -8.14421844482, -8.0576505661, -10.5625934601], "dvar": [0.116487435997, 0.0849943682551, 0.0880055502057, 0.0826348811388, 0.088606081903, 0.175079643726]}, "hfc": {"dvar2": 241.269714355, "var": 396.878143311, "min": 1.08872883567e-16, "dmean": 5.48501491547, "mean": 16.8038158417, "max": 170.006988525, "dmean2": 7.88068199158, "median": 9.51310062408, "dvar": 114.852622986}, "spectral_kurtosis": {"dvar2": 33.8344497681, "var": 68.991569519, "min": -1.25487208366, "dmean": 2.04754686356, "mean": 6.80778264999, "max": 167.728256226, "dmean2": 3.38699889183, "median": 5.51243972778, "dvar": 13.7123813629}, "mfcc": {"mean": [-686.447814941, 132.864242554, 4.78315782547, 21.3041992188, 5.13200092316, 0.773712098598, -5.24642086029, 0.678069591522, -2.12726521492, -4.78286314011, -4.07494163513, -2.53442239761, -6.98078107834], "cov": [[11663.7109375, -63.019985199, -957.997436523, 106.204063416, 80.8248214722, 8.03419017792, 12.6845359802, 121.360351562, -29.0091724396, 22.0392913818, 46.2375907898, 12.4494304657, 2.78249049187], [-63.019985199, 1441.97180176, -36.1375923157, -56.0201377869, -39.5732002258, 34.7155609131, 70.9300765991, -5.50129365921, -3.80959510803, 8.29104328156, 37.7962265015, -9.91119289398, -65.0515289307], [-957.997436523, -36.1375923157, 692.86517334, 16.9537353516, -7.32114362717, 19.9812355042, -15.0457859039, -30.8014793396, 10.4179353714, -11.7081689835, -67.177154541, 2.95849537849, 5.59570169449], [106.204063416, -56.0201377869, 16.9537353516, 373.833465576, 111.020423889, -43.8646430969, -97.9799194336, 48.1820678711, 45.7705307007, -43.7626266479, -43.0745811462, 54.0627174377, 53.8617324829], [80.8248214722, -39.5732002258, -7.32114362717, 111.020423889, 255.393203735, -29.2932090759, -49.2338829041, 49.9275016785, 21.7984676361, -10.8210735321, 2.08107376099, 22.1800346375, 29.7516498566], [8.03419017792, 34.7155609131, 19.9812355042, -43.8646430969, -29.2932090759, 192.648361206, 91.9261932373, -19.8539962769, 24.5545597076, 43.8374099731, 20.7887821198, 7.38044023514, -7.89558172226], [12.6845359802, 70.9300765991, -15.0457859039, -97.9799194336, -49.2338829041, 91.9261932373, 234.884231567, 44.2569236755, -25.6163768768, 49.5003128052, 50.9472923279, -17.7641048431, 5.39376115799], [121.360351562, -5.50129365921, -30.8014793396, 48.1820678711, 49.9275016785, -19.8539962769, 44.2569236755, 146.044662476, 4.82347679138, -4.61117982864, 19.1448574066, 6.99436855316, 41.5377426147], [-29.0091724396, -3.80959510803, 10.4179353714, 45.7705307007, 21.7984676361, 24.5545597076, -25.6163768768, 4.82347679138, 120.340507507, 15.8906373978, -20.6203308105, 31.970287323, 7.30309152603], [22.0392913818, 8.29104328156, -11.7081689835, -43.7626266479, -10.8210735321, 43.8374099731, 49.5003128052, -4.61117982864, 15.8906373978, 116.237564087, 42.8331451416, -11.8173303604, 2.83693981171], [46.2375907898, 37.7962265015, -67.177154541, -43.0745811462, 2.08107376099, 20.7887821198, 50.9472923279, 19.1448574066, -20.6203308105, 42.8331451416, 103.531524658, 5.79075431824, -4.99901819229], [12.4494304657, -9.91119289398, 2.95849537849, 54.0627174377, 22.1800346375, 7.38044023514, -17.7641048431, 6.99436855316, 31.970287323, -11.8173303604, 5.79075431824, 97.1613235474, 32.5258102417], [2.78249049187, -65.0515289307, 5.59570169449, 53.8617324829, 29.7516498566, -7.89558172226, 5.39376115799, 41.5377426147, 7.30309152603, 2.83693981171, -4.99901819229, 32.5258102417, 110.838317871]], "icov": [[9.85489823506e-05, 6.4594350988e-06, 0.000142109493027, -2.68424191745e-05, -1.28902556753e-05, -4.65793600597e-05, 1.66207082657e-05, -7.79772453825e-05, 7.12288310751e-05, -5.78541403229e-05, 9.31039394345e-05, -3.83084989153e-05, 4.79710324726e-05], [6.4594350988e-06, 0.000729719758965, 2.44125767495e-05, -1.84281361726e-05, 4.49111503258e-05, 1.36359403768e-06, -0.000221727212192, -1.06098341348e-05, -7.904197264e-05, 9.97776442091e-05, -0.000182430958375, -6.98293515597e-05, 0.000453562301118], [0.000142109493027, 2.44125767495e-05, 0.00177146086935, -4.10534739785e-05, -5.89136325289e-05, -0.000282308610622, -4.86799835926e-05, 7.86906457506e-05, 0.000278486695606, -0.000289724615868, 0.00131750223227, -0.000241679692408, 2.92695531243e-05], [-2.68424191745e-05, -1.84281361726e-05, -4.10534739785e-05, 0.00398409413174, -0.0010073997546, -9.81489356491e-05, 0.00126706412993, -0.00114310020581, -0.000516317260917, 0.000459719827631, 0.00100822478998, -0.00119736709166, -0.000894890574273], [-1.28902556753e-05, 4.49111503258e-05, -5.89136325289e-05, -0.0010073997546, 0.00491745816544, 1.44696841744e-05, 0.00102951005101, -0.00144069432281, -0.000357248383807, -4.78502588521e-05, -0.000877735903487, 1.06443276309e-05, -0.000327863934217], [-4.65793600597e-05, 1.36359403768e-06, -0.000282308610622, -9.81489356491e-05, 1.44696841744e-05, 0.00765032786876, -0.00343872164376, 0.00209345202893, -0.00203093094751, -0.00109624082688, -0.000318433711072, -0.0008715208387, 0.000391067529563], [1.66207082657e-05, -0.000221727212192, -4.86799835926e-05, 0.00126706412993, 0.00102951005101, -0.00343872164376, 0.00782968755811, -0.00343262846582, 0.001715801307, -0.0013349436922, -0.00114641804248, 0.000534560764208, -0.000647190026939], [-7.79772453825e-05, -1.06098341348e-05, 7.86906457506e-05, -0.00114310020581, -0.00144069432281, 0.00209345202893, -0.00343262846582, 0.0103564392775, -0.00173934409395, 0.0018640231574, -0.00234857620671, 0.00141072820406, -0.00308405677788], [7.12288310751e-05, -7.904197264e-05, 0.000278486695606, -0.000516317260917, -0.000357248383807, -0.00203093094751, 0.001715801307, -0.00173934409395, 0.0115789687261, -0.00374472793192, 0.00400449149311, -0.00403873063624, 0.00140692666173], [-5.78541403229e-05, 9.97776442091e-05, -0.000289724615868, 0.000459719827631, -4.78502588521e-05, -0.00109624082688, -0.0013349436922, 0.0018640231574, -0.00374472793192, 0.0128582399338, -0.00583268189803, 0.00335967773572, -0.00217894953676], [9.31039394345e-05, -0.000182430958375, 0.00131750223227, 0.00100822478998, -0.000877735903487, -0.000318433711072, -0.00114641804248, -0.00234857620671, 0.00400449149311, -0.00583268189803, 0.0155932186171, -0.00417271256447, 0.00229620793834], [-3.83084989153e-05, -6.98293515597e-05, -0.000241679692408, -0.00119736709166, 1.06443276309e-05, -0.0008715208387, 0.000534560764208, 0.00141072820406, -0.00403873063624, 0.00335967773572, -0.00417271256447, 0.0144543386996, -0.00431534368545], [4.79710324726e-05, 0.000453562301118, 2.92695531243e-05, -0.000894890574273, -0.000327863934217, 0.000391067529563, -0.000647190026939, -0.00308405677788, 0.00140692666173, -0.00217894953676, 0.00229620793834, -0.00431534368545, 0.0123566584662]]}, "silence_rate_20dB": {"dvar2": 0, "var": 0, "min": 1, "dmean": 0, "mean": 1, "max": 1, "dmean2": 0, "median": 1, "dvar": 0}, "melbands_kurtosis": {"dvar2": 627.739868164, "var": 2734.02636719, "min": -1.88847732544, "dmean": 6.73954677582, "mean": 15.5628213882, "max": 1549.30700684, "dmean2": 10.5945577621, "median": 7.33986091614, "dvar": 307.442016602}, "barkbands_spread": {"dvar2": 89.0515975952, "var": 163.243652344, "min": 0.510431230068, "dmean": 4.66186952591, "mean": 18.8864746094, "max": 100.800727844, "dmean2": 7.20113134384, "median": 15.9862804413, "dvar": 42.7718811035}, "erbbands_skewness": {"dvar2": 0.256703943014, "var": 0.921067535877, "min": -4.44207620621, "dmean": 0.346771448851, "mean": 0.35160073638, "max": 4.7850856781, "dmean2": 0.523006081581, "median": 0.433934628963, "dvar": 0.114947617054}, "average_loudness": 0.854215443134, "spectral_centroid": {"dvar2": 153105.515625, "var": 1259246.125, "min": 190.346481323, "dmean": 194.302261353, "mean": 1173.21459961, "max": 11707.78125, "dmean2": 298.358703613, "median": 948.276550293, "dvar": 76075.3984375}, "dissonance": {"dvar2": 0.00128325226251, "var": 0.00136947259307, "min": 0.105272255838, "dmean": 0.0216802097857, "mean": 0.451268553734, "max": 0.500000119209, "dmean2": 0.0360618010163, "median": 0.460119575262, "dvar": 0.000485560391098}, "erbbands_flatness_db": {"dvar2": 0.000676248339005, "var": 0.00240840180777, "min": 0.0239389035851, "dmean": 0.0185319781303, "mean": 0.163085117936, "max": 0.383783429861, "dmean2": 0.0257131159306, "median": 0.162122830749, "dvar": 0.000382596830605}, "spectral_strongpeak": {"dvar2": 3.64212584496, "var": 3.83738613129, "min": 0, "dmean": 0.622160792351, "mean": 1.24436807632, "max": 17.0516433716, "dmean2": 1.01536870003, "median": 0.536125421524, "dvar": 1.5852997303}, "spectral_rms": {"dvar2": 1.2070458979e-06, "var": 3.49041556547e-06, "min": 3.10192930369e-12, "dmean": 0.000591384305153, "mean": 0.0040204920806, "max": 0.0120406476781, "dmean2": 0.000906275876332, "median": 0.00396710028872, "dvar": 5.62738932786e-07}, "silence_rate_60dB": {"dvar2": 0.0354728996754, "var": 0.1027803123, "min": 0, "dmean": 0.0156451612711, "mean": 0.116280943155, "max": 1, "dmean2": 0.0312928445637, "median": 0, "dvar": 0.015399790369}, "melbands": {"dvar2": [2.15216050492e-06, 3.61020079254e-06, 1.75442050931e-06, 3.75525337404e-06, 4.75602604411e-07, 2.69924839813e-07, 1.76547459318e-07, 1.46754302932e-07, 4.88857210712e-07, 3.48948304918e-07, 3.02009198094e-07, 6.48176978757e-08, 2.02288994444e-08, 9.77415339776e-08, 2.25285688771e-07, 6.09658954431e-08, 4.47122587843e-08, 6.14685120581e-08, 1.26991981375e-08, 1.75904144584e-08, 1.79905246256e-08, 3.86350862414e-09, 1.65110747297e-09, 2.56017873568e-09, 3.72073372112e-10, 1.47886342061e-10, 1.17821696843e-10, 2.56629689721e-10, 2.55890114653e-10, 4.29932311974e-10, 6.01718674886e-11, 3.84085957483e-11, 3.00248055585e-11, 1.59419664969e-11, 1.23991190579e-11, 7.6665306048e-12, 7.34487904525e-12, 7.39675334871e-12, 2.66742487473e-12, 4.22071405604e-12], "var": [8.21345906843e-07, 1.31635090383e-06, 1.41295936373e-06, 2.93535867968e-06, 4.67776771984e-07, 1.92185865444e-07, 1.17063223115e-07, 1.54610859227e-07, 3.08662492898e-07, 1.78489429459e-07, 1.135968688e-07, 7.69689663116e-08, 4.92156537746e-08, 9.46705895899e-08, 1.78511328386e-07, 8.14893468259e-08, 4.55970443625e-08, 3.57494549519e-08, 9.98711602307e-09, 1.69939866623e-08, 2.8441355937e-08, 6.19793283363e-09, 3.08849812392e-09, 4.19151913178e-09, 5.09532194215e-10, 2.35240993351e-10, 1.21365473227e-10, 2.39040481853e-10, 1.27023266905e-10, 1.73187617025e-10, 6.27404656006e-11, 3.06634162506e-11, 2.08248765454e-11, 1.48267145089e-11, 1.1004700623e-11, 6.98577263744e-12, 4.69840659434e-12, 4.45116382988e-12, 2.13053099468e-12, 2.31010002794e-12], "min": [3.13316224462e-25, 5.41777097235e-25, 1.6662992544e-24, 1.28858318665e-24, 6.648335806e-25, 1.98453580154e-24, 2.00167636851e-24, 1.07085629491e-24, 1.33176129108e-24, 2.51939513098e-24, 1.70480572455e-24, 2.00147126467e-24, 3.14141550462e-24, 3.18844758901e-24, 3.4740061648e-24, 2.13466352598e-24, 3.0426126484e-24, 3.55364798407e-24, 2.07931250892e-24, 3.18665273323e-24, 2.92705103388e-24, 4.23518830744e-24, 2.4504102309e-24, 5.11712572757e-24, 4.10768432489e-24, 4.35633762095e-24, 3.54285478916e-24, 4.80340797291e-24, 4.84651409378e-24, 5.36666885873e-24, 5.60238878025e-24, 5.65478768259e-24, 5.3700877819e-24, 5.97759508703e-24, 5.18016636352e-24, 5.11713716606e-24, 5.06437223226e-24, 6.33975245115e-24, 5.48206106537e-24, 5.66519946325e-24], "dmean": [0.000226999545703, 0.000308393849991, 0.000453995453427, 0.000662567210384, 0.000234152554185, 0.000126712067868, 8.47236733534e-05, 8.79571234691e-05, 0.000123242105474, 8.63620371092e-05, 6.15820754319e-05, 5.54104371986e-05, 2.93004759442e-05, 5.36904117325e-05, 4.38590250269e-05, 3.71353344235e-05, 3.51836752088e-05, 2.78350780718e-05, 1.4604412172e-05, 1.662907016e-05, 2.57844349107e-05, 1.3695