{"tonal": {"thpcp": [1, 0.892026484013, 0.594140589237, 0.419883996248, 0.322743594646, 0.307692885399, 0.306166499853, 0.261265546083, 0.395446896553, 0.481770247221, 0.276976376772, 0.166730672121, 0.195982441306, 0.214091390371, 0.353571802378, 0.550677597523, 0.456238985062, 0.26841327548, 0.234212741256, 0.24736841023, 0.39100626111, 0.542401492596, 0.453180074692, 0.348351895809, 0.360827833414, 0.294891685247, 0.307685822248, 0.364892542362, 0.297217845917, 0.443568080664, 0.689667165279, 0.56832998991, 0.374725967646, 0.367025882006, 0.49950376153, 0.769909858704], "hpcp": {"dmean2": [0.245860040188, 0.221648126841, 0.19282618165, 0.183159947395, 0.160725429654, 0.165745049715, 0.201349496841, 0.177425324917, 0.24820227921, 0.318756043911, 0.288666427135, 0.241126418114, 0.239938110113, 0.295541584492, 0.364438712597, 0.38750526309, 0.389162480831, 0.345692485571, 0.263883084059, 0.220358476043, 0.208009511232, 0.183162420988, 0.16950045526, 0.229049503803, 0.244592919946, 0.157520309091, 0.109908759594, 0.123497217894, 0.143101796508, 0.203511342406, 0.244118362665, 0.20863007009, 0.16503995657, 0.148170366883, 0.148558244109, 0.208006054163], "median": [0.124348111451, 0.10551032424, 0.0752959176898, 0.0640075281262, 0.0536683611572, 0.0681614726782, 0.0794590711594, 0.0644279420376, 0.0984202772379, 0.154282286763, 0.125267803669, 0.0676215440035, 0.0619782805443, 0.102639786899, 0.21161223948, 0.309080511332, 0.247747182846, 0.114663332701, 0.052787989378, 0.0336473286152, 0.0435289777815, 0.0503241941333, 0.0453784801066, 0.0782239660621, 0.0915244072676, 0.0502046979964, 0.0284462012351, 0.0376358442008, 0.0375965647399, 0.0575412809849, 0.0921642407775, 0.0798066109419, 0.0501468293369, 0.0421862341464, 0.0465819351375, 0.0852686092257], "min": [0.000260307366261, 0.000292810233077, 0.000345997832483, 0.000234489678405, 0.0001116154599, 0.000300203217193, 0.00054979918059, 0.000536329171155, 0.00082064489834, 0.001777896774, 0.00039581450983, 0.00067142379703, 0.00022251449991, 0.000496185093652, 9.12967734621e-05, 0.000173185631866, 0.000139396375744, 8.93407559488e-05, 9.0226138127e-05, 4.55971239717e-05, 0.000128359111841, 0.00015659701603, 0.000167820006027, 0.000341959967045, 0.00031220872188, 0.000132396104163, 0.000194680411369, 0.000165017248946, 0.000191212951904, 0.000178539325134, 0.000237514512264, 0.000838395091705, 0.000536758627277, 0.000229711135034, 5.86470887356e-05, 0.00012386792514], "dvar2": [0.0943917185068, 0.0814702883363, 0.0725280642509, 0.0740904211998, 0.0643107444048, 0.0587991625071, 0.0821612849832, 0.0710754841566, 0.0956338047981, 0.128590941429, 0.107836157084, 0.106832697988, 0.109337434173, 0.122279129922, 0.138599529862, 0.137665718794, 0.150179684162, 0.148731157184, 0.128694236279, 0.115026220679, 0.104993388057, 0.0778738558292, 0.0752499997616, 0.0934330224991, 0.101499468088, 0.0546034835279, 0.0417933426797, 0.0465430654585, 0.0538809113204, 0.0820521488786, 0.10115929693, 0.0814262777567, 0.0676154270768, 0.0602332241833, 0.0610335953534, 0.0806414932013], "dvar": [0.0358924791217, 0.0293738171458, 0.027098307386, 0.0281918905675, 0.0245516169816, 0.0219629071653, 0.0300328060985, 0.0256105028093, 0.0347695536911, 0.0511752702296, 0.0413568615913, 0.0399936549366, 0.0416634939611, 0.0467302426696, 0.0521345101297, 0.0550882332027, 0.0580468699336, 0.0568803884089, 0.0482550598681, 0.042397364974, 0.0387913882732, 0.0299684945494, 0.02744734101, 0.033848002553, 0.0395314916968, 0.0210583601147, 0.0154993236065, 0.0170843023807, 0.0196710862219, 0.0307552758604, 0.0403019674122, 0.0314726494253, 0.0249965451658, 0.0224147271365, 0.0224051419646, 0.0296399667859], "dmean": [0.145333573222, 0.129594638944, 0.111959509552, 0.107328288257, 0.0941009521484, 0.0960290357471, 0.116536267102, 0.101634509861, 0.143176347017, 0.185538113117, 0.167637333274, 0.136873364449, 0.136880472302, 0.168935224414, 0.210918486118, 0.22743652761, 0.225962489843, 0.196859404445, 0.149266332388, 0.124368868768, 0.118179924786, 0.105995945632, 0.0963373780251, 0.131822183728, 0.143407508731, 0.0915157049894, 0.062580473721, 0.0707233473659, 0.081445582211, 0.117217250168, 0.144032850862, 0.123540632427, 0.0944138690829, 0.0839999765158, 0.0855223610997, 0.121582075953], "max": [1, 1, 1, 1, 1, 1, 1, 1, 1, 1, 1, 1, 1, 1, 1, 1, 1, 1, 1, 1, 1, 1, 1, 1, 1, 1, 1, 1, 1, 1, 1, 1, 1, 1, 1, 1], "var": [0.0636287927628, 0.0455978736281, 0.035320840776, 0.0468146651983, 0.0340959057212, 0.0284926239401, 0.0378950349987, 0.0275634955615, 0.044920951128, 0.0932475551963, 0.065953373909, 0.0471983216703, 0.0502926185727, 0.0608404092491, 0.0898014008999, 0.115892574191, 0.113129556179, 0.0849874690175, 0.0684589371085, 0.0525635406375, 0.043466925621, 0.0386934950948, 0.0292776785791, 0.0433880649507, 0.0635790452361, 0.0259839501232, 0.0151757160202, 0.0163481272757, 0.0194874964654, 0.0421302504838, 0.0844412818551, 0.0587625801563, 0.0291177965701, 0.0242108814418, 0.0257737711072, 0.0410470105708], "mean": [0.224053606391, 0.187198296189, 0.143896177411, 0.149049699306, 0.121812984347, 0.127097949386, 0.150728732347, 0.122773878276, 0.183227792382, 0.284885674715, 0.23476408422, 0.154790699482, 0.151609972119, 0.206333547831, 0.318032085896, 0.413077056408, 0.368475675583, 0.245425850153, 0.173444449902, 0.13331797719, 0.127100870013, 0.12647035718, 0.107922807336, 0.163350045681, 0.199008241296, 0.114412590861, 0.068872615695, 0.0809558480978, 0.0884362384677, 0.146052405238, 0.227472290397, 0.188461855054, 0.110875368118, 0.0967479124665, 0.102182216942, 0.161515712738]}, "tuning_equal_tempered_deviation": 0.0855985507369, "chords_changes_rate": 0.0544468127191, "key_key": "G", "tuning_diatonic_strength": 0.553355157375, "key_scale": "minor", "chords_number_rate": 0.00213136989623, "tuning_frequency": 440, "tuning_nontempered_energy_ratio": 0.781825244427, "chords_histogram": [11.3931407928, 11.7806625366, 18.7754306793, 2.86766123772, 0.600658774376, 2.90641355515, 0.600658774376, 19.4535942078, 3.58457660675, 5.6190662384, 0.523154437542, 0.794419705868, 1.87948071957, 0.0387521795928, 0.329393535852, 0, 0.0968804508448, 0, 0.620034873486, 0.465026170015, 1.0850610733, 0.871924042702, 15.0939741135, 0.620034873486], "key_strength": 0.633364677429, "chords_key": "G", "chords_strength": {"dmean2": 0.00989870261401, "median": 0.498249351978, "min": 0.192178577185, "dvar2": 7.74806467234e-05, "dvar": 6.57112250337e-05, "dmean": 0.0095659699291, "max": 0.803029537201, "var": 0.0103520015255, "mean": 0.495671093464}, "chords_scale": "major", "hpcp_entropy": {"dmean2": 1.10830950737, "median": 2.1318564415, "min": 0.0455225892365, "dvar2": 0.757552444935, "dvar": 0.278993904591, "dmean": 0.655646681786, "max": 4.2252779007, "var": 0.584057867527, "mean": 2.09262895584}}, "metadata": {"audio_properties": {"equal_loudness": 0, "codec": "mp3", "downmix": "mix", "sample_rate": 44100, "analysis_sample_rate": 44100, "bit_rate": 320000, "md5_encoded": "15907129a2fab3e85ccfa641b9491de4", "length": 239.595108032, "replay_gain": -13.4007263184, "lossless": false}, "version": {"essentia_build_sha": "70f2e5ece6736b2c40cc944ad0e695b16b925413", "essentia": "2.1-beta2", "extractor": "music 1.0", "essentia_git_sha": "v2.1_beta2"}, "tags": {"title": ["Whirlpool [Live]"], "artist": ["The Sound"], "albumartist": ["The Sound"], "date": ["2004"], "genre": ["Rock"], "album": ["The BBC Recordings"], "tracknumber": ["14"], "discnumber": ["2"], "musicbrainz_recordingid": ["116d16e6-00c6-4e54-a8a4-3972b051f0ec"], "file_name": "2187080.mp3"}}, "rhythm": {"bpm_histogram_first_peak_bpm": {"dmean2": 0, "median": 167, "min": 167, "dvar2": 0, "dvar": 0, "dmean": 0, "max": 167, "var": 0, "mean": 167}, "bpm": 163.977386475, "bpm_histogram_second_peak_spread": {"dmean2": 0, "median": 0.141104340553, "min": 0.141104340553, "dvar2": 0, "dvar": 0, "dmean": 0, "max": 0.141104340553, "var": 0, "mean": 0.141104340553}, "bpm_histogram_first_peak_weight": {"dmean2": 0, "median": 0.39687499404, "min": 0.39687499404, "dvar2": 0, "dvar": 0, "dmean": 0, "max": 0.39687499404, "var": 0, "mean": 0.39687499404}, "onset_rate": 3.88970756531, "beats_position": [0.394739210606, 0.789478421211, 1.19582760334, 1.60217678547, 2.00852608681, 2.41487526894, 2.79800438881, 3.1811337471, 3.55265307426, 3.93578219414, 4.31891155243, 4.69043064117, 5.07355976105, 5.45668935776, 5.8282084465, 6.19972801208, 6.57124710083, 6.94276618958, 7.31428575516, 7.6858048439, 8.05732440948, 8.42884349823, 8.78875255585, 9.16027164459, 9.53179073334, 9.89170074463, 10.2632198334, 10.6347389221, 11.0062580109, 11.3777770996, 11.749297142, 12.1208162308, 12.4923353195, 12.8638544083, 13.235373497, 13.6068935394, 13.9784126282, 14.3499317169, 14.7214508057, 15.0929698944, 15.4644899368, 15.8360090256, 16.2075271606, 16.5906581879, 16.9737873077, 17.3453063965, 17.7168254852, 18.088344574, 18.4598636627, 18.8313827515, 19.2029018402, 19.5860309601, 19.96916008, 20.3406791687, 20.7121982574, 21.0837192535, 21.4552383423, 21.826757431, 22.1866664886, 22.5465755463, 22.918094635, 23.2896137238, 23.6611328125, 24.0326519012, 24.40417099, 24.764081955, 25.1239910126, 25.4955101013, 25.8670291901, 26.2501583099, 26.6332874298, 27.0048065186, 27.3763256073, 27.747844696, 28.1309738159, 28.4908847809, 28.8624038696, 29.2339229584, 29.6286621094, 30.0001811981, 30.383310318, 30.7664394379, 31.1379585266, 31.5210876465, 31.9042167664, 32.2873458862, 32.6588668823, 33.0419960022, 33.4135131836, 33.7850341797, 34.1565513611, 34.5280723572, 34.8995895386, 35.2711105347, 35.6426315308, 36.0141487122, 36.3856697083, 36.7687988281, 37.1403160095, 37.5234451294, 37.8949661255, 38.2780952454, 38.6612243652, 39.0443534851, 39.427482605, 39.8106117249, 40.1937408447, 40.5652618408, 40.9367790222, 41.3199081421, 41.703037262, 42.0861663818, 42.4692955017, 42.8524246216, 43.2355537415, 43.6070747375, 43.9902038574, 44.3733329773, 44.7448501587, 45.1163711548, 45.4878921509, 45.8594093323, 46.2309303284, 46.6024475098, 46.9623565674, 47.322265625, 47.6937866211, 48.0653038025, 48.4368247986, 48.80834198, 49.1914749146, 49.5746040344, 49.9461212158, 50.3176422119, 50.6891593933, 51.0606803894, 51.4321975708, 51.8037185669, 52.1752357483, 52.5583648682, 52.941493988, 53.3130149841, 53.6845359802, 54.0560531616, 54.4275741577, 54.7990913391, 55.1706123352, 55.5421295166, 55.9136505127, 56.2851676941, 56.6566886902, 57.0165977478, 57.3765068054, 57.7480278015, 58.1195449829, 58.491065979, 58.8625831604, 59.222492218, 59.5824012756, 59.9539222717, 60.3138313293, 60.6853485107, 61.0452613831, 61.4051704407, 61.7650794983, 62.1249885559, 62.473285675, 62.8331947327, 63.2047157288, 63.5646247864, 63.924533844, 64.2844467163, 64.6443557739, 65.0042648315, 65.3641738892, 65.7356872559, 66.107208252, 66.4671173096, 66.8270263672, 67.1985473633, 67.5584564209, 67.9183654785, 68.2666625977, 68.6149673462, 69.0097045898, 69.3812255859, 69.7527389526, 70.1242599487, 70.4841690063, 70.8556900024, 71.2155990601, 71.5871200562, 71.9586410522, 72.3301544189, 72.701675415, 73.0615844727, 73.4214935303, 73.7814025879, 74.1413116455, 74.5128326416, 74.8843536377, 75.2558746338, 75.6157836914, 75.975692749, 76.3472061157, 76.7187271118, 77.0786361694, 77.4501571655, 77.8216781616, 78.1931991577, 78.5531082153, 78.924621582, 79.2961425781, 79.6676635742, 80.0391845703, 80.410697937, 80.7822189331, 81.1421279907, 81.5020370483, 81.8851699829, 82.2682952881, 82.6398162842, 83.0113372803, 83.3828582764, 83.7543716431, 84.1142807007, 84.4741897583, 84.8457107544, 85.2172317505, 85.5887527466, 85.9602737427, 86.3317871094, 86.7033081055, 87.0632171631, 87.4231262207, 87.7830352783, 88.1429443359, 88.5028533936, 88.8627624512, 89.2575073242, 89.6290206909, 90.000541687, 90.3720626831, 90.7435836792, 91.1150970459, 91.4750061035, 91.8349151611, 92.2064361572, 92.5779571533, 92.9378662109, 93.2977752686, 93.6692962646, 94.0408172607, 94.4123306274, 94.7722396851, 95.1321487427, 95.5036697388, 95.8751907349, 96.246711731, 96.6182327271, 96.9781417847, 97.3496551514, 97.709564209, 98.0810852051, 98.4526062012, 98.8125152588, 99.1724243164, 99.5439453125, 99.9038543701, 100.252151489, 100.612060547, 100.971969604, 101.331878662, 101.69178772, 102.051696777, 102.411605835, 102.771514893, 103.13142395, 103.491333008, 103.851242065, 104.211151123, 104.571060181, 104.930976868, 105.302490234, 105.662399292, 106.02230835, 106.382217407, 106.753738403, 107.113647461, 107.485168457, 107.845077515, 108.204986572, 108.56489563, 108.936416626, 109.296325684, 109.66784668, 110.039360046, 110.399269104, 110.759178162, 111.130699158, 111.502220154, 111.862129211, 112.222038269, 112.593559265, 112.965080261, 113.336593628, 113.708114624, 114.068023682, 114.427932739, 114.787841797, 115.147750854, 115.519271851, 115.879180908, 116.250701904, 116.610610962, 116.97052002, 117.330429077, 117.690338135, 118.050247192, 118.41015625, 118.781677246, 119.153198242, 119.5131073, 119.873016357, 120.232925415, 120.604438782, 120.975959778, 121.324264526, 121.684173584, 122.055686951, 122.415596008, 122.787117004, 123.147026062, 123.518547058, 123.878456116, 124.249977112, 124.621498108, 124.981407166, 125.341316223, 125.71282959, 126.084350586, 126.455871582, 126.827392578, 127.187301636, 127.547210693, 127.91872406, 128.290252686, 128.650161743, 129.010070801, 129.381591797, 129.729888916, 130.101409912, 130.449707031, 130.821228027, 131.169525146, 131.529434204, 131.889343262, 132.249252319, 132.609161377, 132.957458496, 133.317367554, 133.677276611, 134.048797607, 134.408706665, 134.768615723, 135.12852478, 135.488433838, 135.859954834, 136.219863892, 136.568161011, 136.928070068, 137.299591064, 137.671112061, 138.031021118, 138.390930176, 138.762451172, 139.133972168, 139.493881226, 139.853790283, 140.225296021, 140.585220337, 140.945129395, 141.316635132, 141.688156128, 142.059677124, 142.43119812, 142.802719116, 143.174240112, 143.557373047, 143.928878784, 144.288803101, 144.660308838, 145.031829834, 145.391738892, 145.751647949, 146.123168945, 146.471466064, 146.831375122, 147.19128418, 147.562805176, 147.934326172, 148.305847168, 148.665756226, 149.025665283, 149.397186279, 149.780319214, 150.140228271, 150.511749268, 150.883255005, 151.243179321, 151.603088379, 151.974594116, 152.334503174, 152.694412231, 153.065933228, 153.437454224, 153.80897522, 154.180496216, 154.552017212, 154.923538208, 155.295059204, 155.654968262, 156.014877319, 156.386398315, 156.746307373, 157.106216431, 157.45451355, 157.826034546, 158.185943604, 158.5574646, 158.917373657, 159.288879395, 159.660400391, 160.031921387, 160.391830444, 160.751739502, 161.11164856, 161.483169556, 161.843078613, 162.214599609, 162.586120605, 162.957641602, 163.317550659, 163.677459717, 164.048980713, 164.408889771, 164.768798828, 165.140319824, 165.51184082, 165.883346558, 166.254867554, 166.614776611, 166.974685669, 167.346206665, 167.706115723, 168.06602478, 168.414321899, 168.774230957, 169.134140015, 169.505661011, 169.865570068, 170.237091064, 170.597000122, 170.95690918, 171.328430176, 171.688339233, 172.048248291, 172.408157349, 172.768066406, 173.139587402, 173.49949646, 173.859405518, 174.219314575, 174.579223633, 174.93913269, 175.310653687, 175.670562744, 176.030471802, 176.401992798, 176.761901855, 177.121810913, 177.481719971, 177.841629028, 178.201538086, 178.561447144, 178.921356201, 179.281265259, 179.641174316, 180.001083374, 180.360992432, 180.720901489, 181.080810547, 181.440719604, 181.800628662, 182.16053772, 182.532058716, 182.891967773, 183.251876831, 183.60017395, 183.948471069, 184.308380127, 184.679901123, 185.039810181, 185.411331177, 185.771240234, 186.131149292, 186.49105835, 186.862579346, 187.222488403, 187.594009399, 187.953918457, 188.313827515, 188.685348511, 189.045257568, 189.405166626, 189.776687622, 190.13659668, 190.508117676, 190.868026733, 191.239547729, 191.611068726, 191.970977783, 192.330886841, 192.690795898, 193.050704956, 193.422225952, 193.793731689, 194.165252686, 194.536773682, 194.908294678, 195.268203735, 195.628112793, 195.988021851, 196.359542847, 196.719451904, 197.0909729, 197.450881958, 197.822402954, 198.182312012, 198.542221069, 198.913742065, 199.285263062, 199.645172119, 199.993469238, 200.353378296, 200.713287354, 201.061584473, 201.42149353, 201.781402588, 202.152923584, 202.512832642, 202.872741699, 203.232650757, 203.592559814, 203.952468872, 204.31237793, 204.672286987, 205.032196045, 205.403717041, 205.775238037, 206.146759033, 206.506668091, 206.866577148, 207.238098145, 207.609603882, 207.969512939, 208.329421997, 208.700942993, 209.060852051, 209.420761108, 209.769073486, 210.117370605, 210.477279663, 210.860397339, 211.231918335, 211.603439331, 211.963348389, 212.334869385, 212.694778442, 213.0546875, 213.414596558, 213.786117554, 214.146026611, 214.505935669, 214.865844727, 215.237365723, 215.59727478, 215.945571899, 216.305480957, 216.677001953, 217.048522949, 217.408432007, 217.779953003, 218.139862061, 218.499771118, 218.859680176, 219.219589233, 219.579498291, 219.939407349, 220.310928345, 220.682449341, 221.042358398, 221.402267456, 221.762176514, 222.13369751, 222.505218506, 222.865127563, 223.283081055, 223.701034546, 224.119003296, 224.502120972, 224.896865845, 225.291610718, 225.686340332, 226.092697144, 226.487426758, 226.882171631, 227.276916504, 227.671646118, 228.066390991, 228.461135864, 228.855865479, 229.250610352, 229.645339966, 230.0284729, 230.516098022, 230.992111206, 231.479721069, 231.967346191, 232.454956055, 232.942581177, 233.499862671, 234.057144165, 234.6144104, 235.241363525, 235.868301392, 236.495239258, 237.110565186, 237.725891113, 238.341217041, 238.956542969], "beats_loudness": {"dmean2": 0.0221761874855, "median": 0.0296377073973, "min": 0.000482377043227, "dvar2": 0.00030028593028, "dvar": 0.000101375509985, "dmean": 0.0128993522376, "max": 0.0936591178179, "var": 0.000160224793945, "mean": 0.0300010256469}, "danceability": 1.10168802738, "bpm_histogram_second_peak_weight": {"dmean2": 0, "median": 0.4375, "min": 0.4375, "dvar2": 0, "dvar": 0, "dmean": 0, "max": 0.4375, "var": 0, "mean": 0.4375}, "beats_count": 641, "bpm_histogram_second_peak_bpm": {"dmean2": 0, "median": 161, "min": 161, "dvar2": 0, "dvar": 0, "dmean": 0, "max": 161, "var": 0, "mean": 161}, "bpm_histogram_first_peak_spread": {"dmean2": 0, "median": 0, "min": 0, "dvar2": 0, "dvar": 0, "dmean": 0, "max": 0, "var": 0, "mean": 0}, "beats_loudness_band_ratio": {"dmean2": [0.328663885593, 0.175580129027, 0.232809051871, 0.133560284972, 0.115603879094, 0.0946279764175], "median": [0.416440099478, 0.0901289433241, 0.0858717784286, 0.0789291262627, 0.0895783081651, 0.0615333244205], "min": [4.39460272901e-05, 0.000134769434226, 0.000514171901159, 0.0092251393944, 0.00512490281835, 0.00310422503389], "dvar2": [0.0637953430414, 0.0377021543682, 0.0680497810245, 0.0215300638229, 0.0126827191561, 0.0119563909248], "dvar": [0.0246684197336, 0.0140809146687, 0.0261670313776, 0.00808413513005, 0.00476182531565, 0.00420921714976], "dmean": [0.195260182023, 0.104014791548, 0.137337774038, 0.0782495588064, 0.0691072046757, 0.0530106052756], "max": [0.932729482651, 0.802151322365, 0.827151894569, 0.815485835075, 0.792241752148, 0.523357152939], "var": [0.0554334186018, 0.0188717767596, 0.0329010076821, 0.0117027498782, 0.0107668964192, 0.00560583174229], "mean": [0.40922281146, 0.137522652745, 0.163871735334, 0.11685281992, 0.120835348964, 0.0830800384283]}}, "lowlevel": {"barkbands_spread": {"dmean2": 9.43037223816, "median": 27.2852210999, "min": 1.62457764149, "dvar2": 92.2824249268, "dvar": 37.7193908691, "dmean": 5.94776010513, "max": 96.424156189, "var": 163.525634766, "mean": 28.4067382812}, "melbands_spread": {"dmean2": 16.9195652008, "median": 33.3200759888, "min": 2.17085671425, "dvar2": 348.561340332, "dvar": 152.579025269, "dmean": 10.5881490707, "max": 206.416091919, "var": 520.536743164, "mean": 38.883480072}, "hfc": {"dmean2": 12.8900508881, "median": 26.7364635468, "min": 0.264183104038, "dvar2": 293.252105713, "dvar": 131.927398682, "dmean": 8.29516220093, "max": 254.099838257, "var": 373.347839355, "mean": 30.2258090973}, "barkbands_kurtosis": {"dmean2": 2.18582725525, "median": -0.0721645355225, "min": -1.8698040247, "dvar2": 10.6620759964, "dvar": 4.15909147263, "dmean": 1.31514024734, "max": 42.7491340637, "var": 8.24453926086, "mean": 0.781829535961}, "gfcc": {"mean": [37.4471855164, 54.9276580811, -134.365783691, 26.3116798401, -55.5386428833, 10.5212030411, -41.4146957397, 4.8514881134, -27.5869903564, -4.02363920212, -19.6531391144, -4.88262844086, -12.2507562637], "icov": [[0.00148694112431, 0.000404579448514, -0.00124589842744, -0.000392236106563, 0.00079972774256, 0.000578482169658, -0.000712197215762, -8.84259716258e-05, 0.000910112808924, -0.00128708756529, 0.000280404638033, 0.00119852495845, 0.000465205812361], [0.000404579448514, 0.00135387782939, -0.000618771999143, -0.000416787777795, 0.000319424783811, 0.000350285699824, 0.00014537012612, -0.000707445724402, -0.000450385501608, 0.000484731950564, -0.00176408002153, 0.0019359185826, -0.00064383278368], [-0.00124589842744, -0.000618771999143, 0.00269096973352, -0.000139529729495, -0.00134486588649, -0.000210100668482, 0.00103654095437, 0.00105134362821, -0.00145181000698, -4.81146489619e-05, 0.00090936612105, -0.00259011634625, 0.00133355567232], [-0.000392236106563, -0.000416787777795, -0.000139529729495, 0.00386792933568, -0.00124969915487, -0.00235691852868, 0.00230923201889, -0.000430445361417, 0.00042294798186, 0.000493587343954, -0.000742003496271, 0.000503509829286, -0.000823219888844], [0.00079972774256, 0.000319424783811, -0.00134486588649, -0.00124969915487, 0.00503924349323, 0.000344704283634, -0.00325251603499, -8.92725001904e-05, 0.00126119621564, -0.000522038317285, -0.000191555722267, 0.0015731806634, -0.00198913156055], [0.000578482169658, 0.000350285699824, -0.000210100668482, -0.00235691852868, 0.000344704283634, 0.00911261234432, -0.00452965963632, -0.000130816624733, 0.000689889537171, -0.0024437813554, 0.00338625092991, -0.00225960533135, 0.000991029781289], [-0.000712197215762, 0.00014537012612, 0.00103654095437, 0.00230923201889, -0.00325251603499, -0.00452965963632, 0.0136235384271, -0.00433882744983, -0.00307712540962, 0.0056759417057, -0.00574042927474, 0.00113899470307, 0.0010168197332], [-8.84259716258e-05, -0.000707445724402, 0.00105134362821, -0.000430445361417, -8.92725001904e-05, -0.000130816624733, -0.00433882744983, 0.0145389148965, -0.00102287449408, -0.00707919755951, 0.00386564363725, -0.00199679215439, 0.000763483112678], [0.000910112808924, -0.000450385501608, -0.00145181000698, 0.00042294798186, 0.00126119621564, 0.000689889537171, -0.00307712540962, -0.00102287449408, 0.0114324893802, -0.00493353046477, 0.000534603546839, 0.000605729874223, -0.00163756101392], [-0.00128708756529, 0.000484731950564, -4.81146489619e-05, 0.000493587343954, -0.000522038317285, -0.0024437813554, 0.0056759417057, -0.00707919755951, -0.00493353046477, 0.0220462419093, -0.0095324870199, 0.0026758024469, 0.00232186331414], [0.000280404638033, -0.00176408002153, 0.00090936612105, -0.000742003496271, -0.000191555722267, 0.00338625092991, -0.00574042927474, 0.00386564363725, 0.000534603546839, -0.0095324870199, 0.0242444742471, -0.0126918843016, 0.000832571822684], [0.00119852495845, 0.0019359185826, -0.00259011634625, 0.000503509829286, 0.0015731806634, -0.00225960533135, 0.00113899470307, -0.00199679215439, 0.000605729874223, 0.0026758024469, -0.0126918843016, 0.0267938561738, -0.0131378099322], [0.000465205812361, -0.00064383278368, 0.00133355567232, -0.000823219888844, -0.00198913156055, 0.000991029781289, 0.0010168197332, 0.000763483112678, -0.00163756101392, 0.00232186331414, 0.000832571822684, -0.0131378099322, 0.0216410309076]], "cov": [[1609.43603516, -159.032012939, 675.537719727, 120.874465942, -101.014297485, -42.7551193237, -90.1135864258, -12.9539108276, -36.7271308899, 94.6273345947, -85.6426773071, -120.919189453, -162.038208008], [-159.032012939, 1068.27941895, 172.395233154, 108.520896912, 27.897644043, -35.9878578186, -6.00635910034, 34.9001998901, 84.6774597168, 24.8230075836, 73.9147720337, -14.9886703491, 23.7698383331], [675.537719727, 172.395233154, 858.987670898, 152.077133179, 84.9757766724, -4.79627037048, -60.9068832397, -28.9147109985, 44.8459854126, 52.4836578369, -11.4051389694, -2.67132997513, -48.0484733582], [120.874465942, 108.520896912, 152.077133179, 386.699737549, 92.7529525757, 74.6075973511, -34.3324813843, 0.957109689713, -18.2654056549, 10.2823200226, -0.852007031441, 0.782006084919, 10.6792697906], [-101.014297485, 27.897644043, 84.9757766724, 92.7529525757, 311.120025635, 48.1161994934, 74.4177017212, 13.5256309509, 0.256805360317, -7.91001558304, 20.7804851532, 21.2117595673, 36.6585769653], [-42.7551193237, -35.9878578186, -4.79627037048, 74.6075973511, 48.1161994934, 164.664474487, 54.79296875, 24.9425010681, 3.39745640755, 6.92492818832, -4.45824861526, 12.0218439102, 3.39336633682], [-90.1135864258, -6.00635910034, -60.9068832397, -34.3324813843, 74.4177017212, 54.79296875, 146.591323853, 40.5286750793, 28.9376602173, -6.04106664658, 27.1311683655, 14.3100738525, 10.7003746033], [-12.9539108276, 34.9001998901, -28.9147109985, 0.957109689713, 13.5256309509, 24.9425010681, 40.5286750793, 101.78137207, 29.281003952, 33.432888031, 5.95700502396, -0.932836532593, -4.42594575882], [-36.7271308899, 84.6774597168, 44.8459854126, -18.2654056549, 0.256805360317, 3.39745640755, 28.9376602173, 29.281003952, 124.563232422, 33.9213562012, 21.1126270294, 9.04325866699, 7.78967571259], [94.6273345947, 24.8230075836, 52.4836578369, 10.2823200226, -7.91001558304, 6.92492818832, -6.04106664658, 33.432888031, 33.9213562012, 81.9785461426, 21.3088188171, -3.7671957016, -15.4139022827], [-85.6426773071, 73.9147720337, -11.4051389694, -0.852007031441, 20.7804851532, -4.45824861526, 27.1311683655, 5.95700502396, 21.1126270294, 21.3088188171, 86.5911102295, 48.6340141296, 30.844379425], [-120.919189453, -14.9886703491, -2.67132997513, 0.782006084919, 21.2117595673, 12.0218439102, 14.3100738525, -0.932836532593, 9.04325866699, -3.7671957016, 48.6340141296, 95.3687515259, 60.2212371826], [-162.038208008, 23.7698383331, -48.0484733582, 10.6792697906, 36.6585769653, 3.39336633682, 10.7003746033, -4.42594575882, 7.78967571259, -15.4139022827, 30.844379425, 60.2212371826, 94.2490310669]]}, "spectral_energyband_middle_low": {"dmean2": 0.0091412179172, "median": 0.00772410212085, "min": 2.98074633065e-06, "dvar2": 0.000156514215632, "dvar": 6.05922250543e-05, "dmean": 0.00553027866408, "max": 0.106669127941, "var": 0.000140973177622, "mean": 0.0119302244857}, "melbands_crest": {"dmean2": 6.05117940903, "median": 11.6224880219, "min": 2.78956246376, "dvar2": 28.151227951, "dvar": 11.035150528, "dmean": 3.65019726753, "max": 31.8640193939, "var": 27.4925174713, "mean": 12.5647783279}, "spectral_kurtosis": {"dmean2": 1.54597580433, "median": 3.91768479347, "min": -0.784605979919, "dvar2": 2.97235202789, "dvar": 1.00124144554, "dmean": 0.92448925972, "max": 16.7317657471, "var": 3.2915327549, "mean": 4.04033994675}, "spectral_rms": {"dmean2": 0.00128938339185, "median": 0.00463518453762, "min": 0.000370988476789, "dvar2": 1.74341334969e-06, "dvar": 7.2410955454e-07, "dmean": 0.000812285521533, "max": 0.0105215469375, "var": 2.03942340704e-06, "mean": 0.00470333918929}, "zerocrossingrate": {"dmean2": 0.0138498572633, "median": 0.08349609375, "min": 0.0185546875, "dvar2": 0.000196009365027, "dvar": 0.000162197800819, "dmean": 0.0113426614553, "max": 0.30078125, "var": 0.0013105457183, "mean": 0.089361526072}, "silence_rate_60dB": {"dmean2": 0.00649350648746, "median": 0, "min": 0, "dvar2": 0.00761713040993, "dvar": 0.00328443245962, "dmean": 0.00329489284195, "max": 1, "var": 0.00625767372549, "mean": 0.00629844982177}, "erbbands_kurtosis": {"dmean2": 1.3075158596, "median": 0.0263297557831, "min": -1.56003010273, "dvar2": 2.83066534996, "dvar": 1.1152933836, "dmean": 0.804781019688, "max": 21.8431415558, "var": 2.81003141403, "mean": 0.422205686569}, "erbbands": {"dmean2": [0.0793152526021, 0.968003153801, 2.48809337616, 6.31426286697, 8.62949848175, 9.64858531952, 18.1092071533, 12.1773338318, 14.2662773132, 23.3661556244, 73.8482131958, 30.4379997253, 15.4629211426, 30.393787384, 27.5214309692, 33.3175163269, 28.7342319489, 32.9834938049, 30.3469696045, 33.0408668518, 58.486656189, 29.5138893127, 20.8982906342, 22.3558959961, 33.4910392761, 12.7713413239, 10.4297590256, 9.26009654999, 8.65174198151, 6.35161304474, 5.86526966095, 3.95424938202, 2.80387425423, 1.3445122242, 0.514609575272, 0.222079306841, 0.0864092707634, 0.0288170743734, 0.00734377233312, 0.000521159847267], "median": [0.00450321380049, 0.0856665596366, 0.623684287071, 2.48079395294, 3.29278469086, 4.12758827209, 4.06856632233, 5.59948587418, 3.14191770554, 5.67527580261, 16.7402534485, 9.67270278931, 8.51338100433, 15.7292938232, 21.3444786072, 15.5905380249, 19.3778839111, 21.3999385834, 24.2698020935, 27.4090595245, 46.6676635742, 27.3276977539, 14.835773468, 19.0625076294, 32.7297821045, 13.9385452271, 9.39036273956, 6.66463088989, 5.30072689056, 3.42617702484, 3.214148283, 2.20383834839, 1.37478017807, 0.848103642464, 0.393095254898, 0.155730903149, 0.031245008111, 0.00386380264536, 0.000455989676993, 8.16300234874e-05], "min": [3.58846357074e-08, 2.55985071362e-07, 5.29082308276e-06, 0.000102405741927, 0.000522650836501, 0.00069443375105, 0.000691803463269, 0.00226685870439, 0.00344157288782, 0.00341238710098, 0.00670142844319, 0.00342435273342, 0.00781260058284, 0.106565333903, 0.176061674953, 0.210645973682, 0.0949747264385, 0.0848945006728, 0.214001521468, 0.262513399124, 0.358084589243, 0.500998735428, 0.403153926134, 0.242824196815, 0.125237435102, 0.038422010839, 0.0716674402356, 0.0336505658925, 0.0289796553552, 0.0188894569874, 0.012453016825, 0.00511466292664, 0.00126682524569, 0.00049096456496, 0.000256249215454, 0.000145134559716, 8.61948137754e-05, 3.53345640178e-05, 9.76006413111e-06, 1.66339339103e-06], "dvar2": [0.0344450362027, 4.94087123871, 21.2439231873, 166.893554688, 317.863800049, 361.160675049, 1791.31420898, 740.977966309, 1766.99829102, 4391.26464844, 27423.5136719, 7053.29003906, 1051.73620605, 5011.91455078, 2231.19506836, 7581.11962891, 2598.07836914, 5275.06640625, 1739.53637695, 3783.84887695, 7907.6640625, 1924.67663574, 6396.91113281, 1992.82568359, 2396.7512207, 400.049957275, 380.779754639, 378.51776123, 490.341400146, 366.852844238, 334.5078125, 150.343185425, 107.405151367, 23.2064743042, 3.57350254059, 0.46682536602, 0.0402815900743, 0.0043688537553, 0.00035105945426, 1.83531903986e-06], "dvar": [0.0135230375454, 1.83329498768, 7.65131664276, 60.8122215271, 113.588493347, 140.641067505, 778.640197754, 293.223052979, 672.399719238, 1960.74365234, 10751.6992188, 2680.36132812, 447.538818359, 2137.49975586, 1011.26202393, 3150.35961914, 1064.57727051, 2049.08496094, 683.759643555, 1477.1229248, 3144.78100586, 766.305114746, 3137.39282227, 825.397399902, 887.524108887, 152.550308228, 149.348648071, 160.049880981, 212.024002075, 160.333618164, 151.790878296, 70.5217819214, 49.1967201233, 9.77785015106, 1.44901847839, 0.189578339458, 0.0169338807464, 0.00169654749334, 0.000133459849167, 7.15710996246e-07], "dmean": [0.0461326427758, 0.553283393383, 1.39669299126, 3.62272000313, 4.89286661148, 5.6463098526, 11.3365030289, 7.40975999832, 8.6917514801, 14.9079122543, 46.0589866638, 18.7952041626, 9.84715461731, 19.1537513733, 17.7858695984, 21.2165679932, 18.0363121033, 20.5871963501, 18.5533275604, 20.2064819336, 35.9577865601, 17.9537467957, 12.9827880859, 13.584810257, 19.8282604218, 7.62413930893, 6.29438638687, 5.79590892792, 5.49752044678, 4.11425876617, 3.83136534691, 2.6085600853, 1.8547141552, 0.877489328384, 0.334260433912, 0.145009294152, 0.0561491027474, 0.0172657333314, 0.00427251774818, 0.000308129761834], "max": [1.48218047619, 18.5648899078, 25.8799247742, 85.7346725464, 137.933547974, 457.233917236, 624.663452148, 411.584381104, 551.511047363, 1055.24487305, 2405.12231445, 1590.23046875, 733.850280762, 2177.27709961, 895.607727051, 2196.64672852, 856.19708252, 1421.27966309, 713.658569336, 1358.94873047, 1399.51879883, 990.786010742, 2563.82104492, 954.760803223, 762.402709961, 362.222747803, 312.299713135, 218.891204834, 330.026306152, 346.99697876, 457.053283691, 237.395797729, 186.286590576, 91.3503265381, 55.6706733704, 16.7196025848, 5.18567466736, 0.827910602093, 0.227401733398, 0.0152914635837], "var": [0.0105737987906, 1.30719542503, 6.27221298218, 58.9916191101, 107.768470764, 199.274368286, 2034.11401367, 452.084289551, 1459.8527832, 4810.80859375, 24764.7636719, 5430.98779297, 1315.17456055, 7466.85644531, 2762.28613281, 8317.03320312, 2582.57104492, 4650.96875, 1490.0859375, 3635.94580078, 5884.48291016, 1591.07116699, 6175.91455078, 2381.84887695, 2441.32006836, 434.301452637, 282.497436523, 285.754882812, 394.489593506, 347.265808105, 281.373931885, 127.886917114, 80.3786773682, 13.7811441422, 1.69220304489, 0.232908010483, 0.0210609994829, 0.00150186312385, 0.000105005892692, 6.10141739799e-07], "mean": [0.0372260995209, 0.446009516716, 1.51309025288, 4.99914979935, 6.4124956131, 8.16644668579, 18.9869651794, 12.1108903885, 13.9988088608, 24.2454471588, 74.4670257568, 31.4735794067, 18.4628791809, 36.5107269287, 35.8925552368, 39.8606491089, 34.8934936523, 39.3349151611, 35.6078834534, 41.4265899658, 67.3164749146, 37.8712921143, 27.044675827, 32.2684249878, 44.4605369568, 19.1388721466, 13.6944284439, 11.6140365601, 10.9037256241, 8.31274223328, 7.41064739227, 4.78743648529, 3.28111290932, 1.64168655872, 0.650363445282, 0.277249246836, 0.0785877555609, 0.0167489591986, 0.00350959133357, 0.000299156177789]}, "spectral_strongpeak": {"dmean2": 1.48831176758, "median": 0.926197052002, "min": 0.0263736527413, "dvar2": 3.77183580399, "dvar": 1.53129327297, "dmean": 0.893321037292, "max": 17.7380371094, "var": 2.90863037109, "mean": 1.55145275593}, "spectral_energy": {"dmean2": 0.0140364514664, "median": 0.0220220573246, "min": 0.000141073265695, "dvar2": 0.000262171030045, "dvar": 0.000104790611658, "dmean": 0.00866097398102, "max": 0.113470524549, "var": 0.000212687577005, "mean": 0.0247647203505}, "average_loudness": 0.918147861958, "spectral_rolloff": {"dmean2": 1015.23986816, "median": 2282.51953125, "min": 107.666015625, "dvar2": 1721295.625, "dvar": 769120.5, "dmean": 610.873535156, "max": 11563.3300781, "var": 2192135, "mean": 2449.01708984}, "spectral_centroid": {"dmean2": 427.265167236, "median": 1831.40771484, "min": 333.636016846, "dvar2": 170942.3125, "dvar": 70847.484375, "dmean": 263.771972656, "max": 4578.43457031, "var": 407307.71875, "mean": 1886.90661621}, "pitch_salience": {"dmean2": 0.117772713304, "median": 0.568537592888, "min": 0.155878394842, "dvar2": 0.0112158218399, "dvar": 0.00405668281019, "dmean": 0.0705102607608, "max": 0.901085913181, "var": 0.010008636862, "mean": 0.56253182888}, "spectral_energyband_middle_high": {"dmean2": 0.00338763277978, "median": 0.00651824567467, "min": 0.000105712657387, "dvar2": 1.76012690645e-05, "dvar": 7.3957312452e-06, "dmean": 0.0021516259294, "max": 0.0788404271007, "var": 3.49330912286e-05, "mean": 0.00817990768701}, "spectral_contrast_coeffs": {"dmean2": [0.0973743200302, 0.0835185796022, 0.0631159618497, 0.050145663321, 0.037827309221, 0.0281500052661], "median": [-0.612301588058, -0.71496784687, -0.769611597061, -0.769483923912, -0.780398011208, -0.761145055294], "min": [-0.968377351761, -0.92192107439, -0.908261597157, -0.890267372131, -0.880462765694, -0.856415629387], "dvar2": [0.00603971024975, 0.00428222166374, 0.00241659581661, 0.00149798707571, 0.000903002219275, 0.000561983964872], "dvar": [0.00246025412343, 0.00163759978022, 0.000925654079765, 0.000556990096811, 0.000338043202646, 0.000220726869884], "dmean": [0.0602934025228, 0.0506076924503, 0.0387522764504, 0.0302048735321, 0.0227747373283, 0.0172343105078], "max": [-0.297613143921, -0.376541018486, -0.482747018337, -0.421839892864, -0.546926259995, -0.568674087524], "var": [0.0074791056104, 0.00869151484221, 0.00336807896383, 0.00200662203133, 0.00124329712708, 0.00110902974848], "mean": [-0.611046969891, -0.703241825104, -0.762661635876, -0.765187203884, -0.775010049343, -0.75791990757]}, "melbands_skewness": {"dmean2": 1.00338423252, "median": 1.53257966042, "min": -1.74804759026, "dvar2": 1.21148240566, "dvar": 0.501112818718, "dmean": 0.630479037762, "max": 9.48389816284, "var": 1.32436573505, "mean": 1.68279206753}, "spectral_spread": {"dmean2": 666291.25, "median": 4490782, "min": 1606055.375, "dvar2": 527998287872, "dvar": 263112900608, "dmean": 449318.6875, "max": 13552306, "var": 1207317430270.0, "mean": 4569693.5}, "dissonance": {"dmean2": 0.0223684608936, "median": 0.48276540637, "min": 0.321320354939, "dvar2": 0.000569801777601, "dvar": 0.000205730815651, "dmean": 0.0131015516818, "max": 0.500000178814, "var": 0.00043490176904, "mean": 0.476304292679}, "spectral_skewness": {"dmean2": 0.235426709056, "median": 1.43223524094, "min": 0.117103680968, "dvar2": 0.0473443977535, "dvar": 0.0187531393021, "dmean": 0.145746648312, "max": 2.71580243111, "var": 0.0944823026657, "mean": 1.43330609798}, "spectral_flux": {"dmean2": 0.0375630632043, "median": 0.0824414938688, "min": 0.00992555636913, "dvar2": 0.00134291790891, "dvar": 0.000669093918987, "dmean": 0.0241296757013, "max": 0.271681666374, "var": 0.00142816430889, "mean": 0.0898426473141}, "spectral_contrast_valleys": {"dmean2": [0.840782940388, 0.607038915157, 0.468696564436, 0.393635600805, 0.314945489168, 0.336701780558], "median": [-7.65451812744, -6.81376743317, -7.01005744934, -7.07753610611, -6.79125452042, -9.4115486145], "min": [-13.6757621765, -10.5146598816, -9.8704252243, -9.24175834656, -9.32888126373, -12.8389577866], "dvar2": [0.467091709375, 0.224048450589, 0.143665537238, 0.105364926159, 0.0925044193864, 0.151288554072], "dvar": [0.203004404902, 0.082194685936, 0.0534308068454, 0.0393384173512, 0.0363512970507, 0.0741625502706], "dmean": [0.533427536488, 0.360991686583, 0.284129023552, 0.238470718265, 0.192416369915, 0.231788679957], "max": [-5.41020917892, -5.046833992, -5.13218355179, -5.72960138321, -5.66424703598, -7.19986820221], "var": [0.872619152069, 0.388323307037, 0.175225779414, 0.184698298573, 0.231177851558, 0.464706361294], "mean": [-7.72124052048, -6.85980558395, -7.02196598053, -7.12726068497, -6.88385105133, -9.47706604004]}, "erbbands_flatness_db": {"dmean2": 0.0269497781992, "median": 0.144115000963, "min": 0.0494876876473, "dvar2": 0.000592158525251, "dvar": 0.000295605481369, "dmean": 0.0186612717807, "max": 0.385683178902, "var": 0.00219858065248, "mean": 0.152433604002}, "spectral_energyband_high": {"dmean2": 0.000882896885742, "median": 0.000857200764585, "min": 6.35852438791e-06, "dvar2": 3.9551973714e-06, "dvar": 1.91104277292e-06, "dmean": 0.000588527240325, "max": 0.0344389788806, "var": 4.43660701421e-06, "mean": 0.00143351382576}, "spectral_entropy": {"dmean2": 0.19319164753, "median": 7.83614873886, "min": 6.10678195953, "dvar2": 0.0326912738383, "dvar": 0.0145944170654, "dmean": 0.125335887074, "max": 8.73063087463, "var": 0.0909090340137, "mean": 7.81555891037}, "silence_rate_20dB": {"dmean2": 0, "median": 1, "min": 1, "dvar2": 0, "dvar": 0, "dmean": 0, "max": 1, "var": 0, "mean": 1}, "melbands_flatness_db": {"dmean2": 0.0396090857685, "median": 0.132795244455, "min": 0.0163408666849, "dvar2": 0.0015613802243, "dvar": 0.000607201363891, "dmean": 0.0243598837405, "max": 0.321489959955, "var": 0.00218121754006, "mean": 0.134732410312}, "barkbands": {"dmean2": [3.99352211389e-05, 0.00376916234381, 0.00225290213712, 0.0027019563131, 0.00301867094822, 0.00183503190055, 0.00114465458319, 0.00281202374026, 0.00142402027268, 0.000774653279223, 0.000798827852122, 0.000793285551481, 0.00