{"tonal": {"thpcp": [1, 0.724309802055, 0.33592158556, 0.317049771547, 0.274336606264, 0.331502199173, 0.433974534273, 0.336417496204, 0.282940298319, 0.372090607882, 0.420647770166, 0.602787494659, 0.759875833988, 0.560797393322, 0.606897294521, 0.892641961575, 0.711989283562, 0.452048271894, 0.394966065884, 0.342229306698, 0.443220585585, 0.594853818417, 0.462690502405, 0.322487652302, 0.32364025712, 0.311751067638, 0.52877342701, 0.730096638203, 0.563919425011, 0.487224578857, 0.597752213478, 0.494161486626, 0.453196108341, 0.533149778843, 0.445433616638, 0.634580373764], "hpcp": {"dmean2": [0.276740014553, 0.244123026729, 0.251134485006, 0.274549871683, 0.230543240905, 0.204086557031, 0.210176900029, 0.211829081178, 0.271603643894, 0.314993172884, 0.277525752783, 0.274713009596, 0.293109357357, 0.259466260672, 0.237622588873, 0.253980487585, 0.245001867414, 0.288875162601, 0.34840336442, 0.30290594697, 0.21260240674, 0.194999858737, 0.178232461214, 0.198431402445, 0.218146890402, 0.182976931334, 0.184725895524, 0.277146965265, 0.317590653896, 0.327842622995, 0.334079235792, 0.304298311472, 0.310197502375, 0.358434140682, 0.32055875659, 0.301907360554], "median": [0.0753630846739, 0.0667979121208, 0.0988908559084, 0.128572180867, 0.104783408344, 0.0692257881165, 0.0661450922489, 0.0637780278921, 0.116672277451, 0.16839081049, 0.135970324278, 0.104931250215, 0.0983361080289, 0.0838912129402, 0.0954282581806, 0.10285487771, 0.0944892093539, 0.15576261282, 0.261717438698, 0.198768854141, 0.0592604540288, 0.041074693203, 0.0420192182064, 0.0649430155754, 0.0797925293446, 0.0669611915946, 0.0580741688609, 0.05764362216, 0.0520736463368, 0.124797284603, 0.161867976189, 0.119003355503, 0.14689552784, 0.205632328987, 0.168400034308, 0.0873429253697], "min": [0, 0, 0, 0, 0, 0, 0, 0, 0, 0, 0, 0, 0, 0, 0, 0, 0, 0, 0, 0, 0, 0, 0, 0, 0, 0, 0, 0, 0, 0, 0, 0, 0, 0, 0, 0], "dvar2": [0.123586066067, 0.10397464782, 0.0982506498694, 0.106848850846, 0.0805577859282, 0.0825176313519, 0.089759580791, 0.0971216186881, 0.110510148108, 0.121819451451, 0.109763205051, 0.107555069029, 0.130208209157, 0.114881776273, 0.0882792547345, 0.0958790481091, 0.0916775465012, 0.104568399489, 0.122422918677, 0.0985259264708, 0.0858520269394, 0.0935024023056, 0.0857862904668, 0.0878317803144, 0.0881338492036, 0.0730638504028, 0.0760886371136, 0.160886645317, 0.182433798909, 0.141368314624, 0.134609282017, 0.12158562988, 0.111037351191, 0.135124474764, 0.120603628457, 0.135880708694], "dvar": [0.0456504561007, 0.0375359244645, 0.0356098003685, 0.0412510931492, 0.0302401501685, 0.0296489261091, 0.0320295505226, 0.0341222696006, 0.0394878722727, 0.0468284226954, 0.0388442762196, 0.0388942584395, 0.0510329864919, 0.0422280542552, 0.032518196851, 0.0375923588872, 0.0335681475699, 0.0382902175188, 0.0506906285882, 0.0373789183795, 0.0314420796931, 0.0357514545321, 0.0312418248504, 0.0314181409776, 0.0343741886318, 0.0265895035118, 0.0275452025235, 0.0602004788816, 0.0715803802013, 0.0537319108844, 0.0507946126163, 0.0431289561093, 0.0393087752163, 0.0547742433846, 0.0455314032733, 0.0494811795652], "dmean": [0.154422014952, 0.135208085179, 0.142794787884, 0.159190922976, 0.133771270514, 0.114012621343, 0.11580953002, 0.1164143309, 0.155142635107, 0.181609481573, 0.157814532518, 0.154694288969, 0.167672812939, 0.1470413059, 0.136373922229, 0.14859996736, 0.140037626028, 0.167595952749, 0.206730008125, 0.178594484925, 0.120301023126, 0.109468340874, 0.0997107625008, 0.112153954804, 0.127728104591, 0.105052523315, 0.103030897677, 0.152668088675, 0.179089233279, 0.188455909491, 0.192565992475, 0.172401502728, 0.177136301994, 0.209500879049, 0.18673555553, 0.169961377978], "max": [1, 1, 1, 1, 1, 1, 1, 1, 1, 1, 1, 1, 1, 1, 1, 1, 1, 1, 1, 1, 1, 1, 1, 1, 1, 1, 1, 1, 1, 1, 1, 1, 1, 1, 1, 1], "var": [0.0395136587322, 0.0303319767118, 0.0359318144619, 0.06306117028, 0.0370826385915, 0.0250329058617, 0.0277463421226, 0.0268402397633, 0.0475690923631, 0.0785747021437, 0.0469944812357, 0.0423524193466, 0.0811259374022, 0.057695582509, 0.0402112938464, 0.0603635162115, 0.0380811318755, 0.054489761591, 0.110085986555, 0.059861600399, 0.0325585417449, 0.0452104695141, 0.0317129120231, 0.0300406310707, 0.048764385283, 0.0292574744672, 0.0238509736955, 0.0511138550937, 0.0659796670079, 0.0649156495929, 0.0929506644607, 0.0539474524558, 0.0505774430931, 0.108110547066, 0.0723323822021, 0.0477623492479], "mean": [0.151859849691, 0.131583184004, 0.170413151383, 0.228714361787, 0.177899107337, 0.123992741108, 0.124435901642, 0.119864650071, 0.2033072263, 0.280713647604, 0.216820448637, 0.187332168221, 0.229828760028, 0.189999327064, 0.174248620868, 0.204989865422, 0.17126403749, 0.243988752365, 0.384488344193, 0.278488665819, 0.129157930613, 0.121901936829, 0.105479225516, 0.1274587363, 0.166858151555, 0.129348605871, 0.108787246048, 0.143064498901, 0.161734163761, 0.231764763594, 0.292163401842, 0.215620055795, 0.23334492743, 0.343210428953, 0.273751586676, 0.173807293177]}, "tuning_equal_tempered_deviation": 0.0353145487607, "chords_changes_rate": 0.0632704868913, "key_key": "G#", "tuning_diatonic_strength": 0.619468271732, "key_scale": "major", "chords_number_rate": 0.00163161708042, "tuning_frequency": 440, "tuning_nontempered_energy_ratio": 0.700079619884, "chords_histogram": [38.197971344, 24.2748374939, 10.7868022919, 5.76504707336, 0.108774475753, 0.0181290786713, 0, 0, 0.833937644958, 0, 0.725163161755, 0.0543872378767, 0.0725163146853, 0.543872356415, 0, 6.90717887878, 0.398839741945, 1.37781000137, 0.398839741945, 1.10587382317, 0.326323419809, 0.507614195347, 5.16678762436, 2.42929649353], "key_strength": 0.838821530342, "chords_key": "G#", "chords_strength": {"dmean2": 0.0116213969886, "median": 0.501472711563, "min": 0.196001455188, "dvar2": 0.000104368155007, "dvar": 8.73745157151e-05, "dmean": 0.0111611541361, "max": 0.803083777428, "var": 0.0120768807828, "mean": 0.498417556286}, "chords_scale": "major", "hpcp_entropy": {"dmean2": 1.16736030579, "median": 2.28738260269, "min": 0, "dvar2": 0.91207832098, "dvar": 0.332455128431, "dmean": 0.693060338497, "max": 4.61030483246, "var": 0.597527503967, "mean": 2.28058671951}}, "metadata": {"audio_properties": {"equal_loudness": 0, "codec": "flac", "downmix": "mix", "analysis_sample_rate": 44100, "bit_rate": 0, "md5_encoded": "8e909bcbbfcb27a619efefa4201219fb", "length": 256.106658936, "replay_gain": -16.7210960388, "lossless": true}, "version": {"essentia_build_sha": "eef087cf131c10083d474ad51def18efd0e38295", "essentia": "2.1-beta1", "extractor": "music 1.0", "essentia_git_sha": "v2.1_beta1-7-ge0e83e8-dirty"}, "tags": {"title": ["Grateful Journey"], "barcode": ["4988064172054"], "media": ["CD"], "albumartist": ["Do As Infinity"], "albumartistsort": ["Do As Infinity"], "tracktotal": ["11"], "language": ["jpn"], "releasetype": ["album"], "musicbrainz_recordingid": ["116ebce2-44f5-4107-aedf-15e8022979c4"], "replaygain_album_peak": ["0.99996948"], "musicbrainz_releasegroupid": ["9e306400-b6f2-3724-a46c-71100e88a5f1"], "musicbrainz_albumartistid": ["b128a994-2400-432d-b26a-8feede87daa8"], "musicbrainz_artistid": ["b128a994-2400-432d-b26a-8feede87daa8"], "originaldate": ["2002-12-16"], "replaygain_album_gain": ["-10.88 dB"], "ensemble": ["Do As Infinity"], "catalognumber": ["AVCD-17205"], "replaygain_track_gain": ["-11.40 dB"], "releasecountry": ["JP"], "file_name": "07 Grateful Journey.flac", "musicip_puid": ["6af0e632-64ad-c983-741e-787100bc5fad"], "replaygain_track_peak": ["0.99996948"], "producer": ["\u9577\u5c3e\u5927", "\u4e80\u7530\u8aa0\u6cbb"], "date": ["2002-12-16"], "genre": ["J-Pop"], "disctotal": ["1"], "format": ["CD"], "releasestatus": ["official"], "discnumber": ["1"], "asin": ["B00006YXT2"], "musicbrainz_albumid": ["9bf14eb1-5b75-4a6e-b350-ca5a9021dd92"], "artist": ["Do As Infinity"], "tracknumber": ["7"], "replaygain_reference_loudness": ["89.0 dB"], "artistsort": ["Do As Infinity"], "album": ["TRUE SONG"], "label": ["avex trax"], "isrc": ["JPB600258105"], "totaldiscs": ["1"], "script": ["Jpan"], "totaltracks": ["11"]}}, "rhythm": {"bpm_histogram_first_peak_bpm": {"dmean2": 0, "median": 172, "min": 172, "dvar2": 0, "dvar": 0, "dmean": 0, "max": 172, "var": 0, "mean": 172}, "bpm": 172.265197754, "bpm_histogram_second_peak_spread": {"dmean2": 0, "median": 0, "min": 0, "dvar2": 0, "dvar": 0, "dmean": 0, "max": 0, "var": 0, "mean": 0}, "bpm_histogram_first_peak_weight": {"dmean2": 0, "median": 0.565860211849, "min": 0.565860211849, "dvar2": 0, "dvar": 0, "dmean": 0, "max": 0.565860211849, "var": 0, "mean": 0.565860211849}, "onset_rate": 3.15077185631, "beats_position": [0.31346938014, 0.650158703327, 0.986848056316, 1.3235373497, 1.66022670269, 2.00852608681, 2.35682535172, 2.70512461662, 3.04181408882, 3.3785033226, 3.7151927948, 4.06349182129, 4.40018129349, 4.73687076569, 5.08516979218, 5.4334692955, 5.7701587677, 6.10684776306, 6.45514726639, 6.80344676971, 7.1517457962, 7.50004529953, 7.84834432602, 8.18503379822, 8.53333282471, 8.87002277374, 9.21832180023, 9.56662082672, 9.90331077576, 10.2399997711, 10.5882987976, 10.9365987778, 11.2732877731, 11.6099767685, 11.9582767487, 12.3065757751, 12.6432647705, 12.9799547195, 13.328253746, 13.6765527725, 14.0132427216, 14.3499317169, 14.6982307434, 15.0465307236, 15.3948297501, 15.7315187454, 16.0682086945, 16.4165077209, 16.7531967163, 17.0898857117, 17.4381847382, 17.786485672, 18.1347846985, 18.483083725, 18.8197727203, 19.1564617157, 19.4931507111, 19.8298416138, 20.1781406403, 20.5264396667, 20.8631286621, 21.1998176575, 21.548116684, 21.8964176178, 22.2331066132, 22.5697956085, 22.918094635, 23.2663936615, 23.614692688, 23.9629936218, 24.3112926483, 24.6595916748, 25.0078907013, 25.3445796967, 25.681268692, 26.0179595947, 26.3546485901, 26.7029476166, 27.0512466431, 27.3879356384, 27.7246246338, 28.0729255676, 28.4212245941, 28.7695236206, 29.1178226471, 29.4545116425, 29.7912006378, 30.1394996643, 30.476190567, 30.8128795624, 31.1611785889, 31.5094776154, 31.8461666107, 32.1828575134, 32.5311546326, 32.8794555664, 33.2161445618, 33.5528335571, 33.901134491, 34.2494316101, 34.5977325439, 34.9460296631, 35.2943305969, 35.6310195923, 35.9677085876, 36.3160095215, 36.6526985168, 36.9893875122, 37.3376846313, 37.6743774414, 38.0110664368, 38.3361434937, 38.6844444275, 39.0327415466, 39.3810424805, 39.7293434143, 40.0776405334, 40.4259414673, 40.7626304626, 41.1109275818, 41.4476165771, 41.795917511, 42.1442184448, 42.492515564, 42.8292045593, 43.1658935547, 43.5141944885, 43.8624954224, 44.2107925415, 44.5474815369, 44.8957824707, 45.2324714661, 45.5807685852, 45.9174575806, 46.2657585144, 46.6024475098, 46.9391365051, 47.2758255005, 47.6125144958, 47.9492073059, 48.297504425, 48.6458053589, 48.9824943542, 49.3191833496, 49.655872345, 49.9925613403, 50.3408622742, 50.6891593933, 51.0374603271, 51.3857574463, 51.7340583801, 52.0823554993, 52.4306564331, 52.7789573669, 53.1388664246, 53.4987754822, 53.8470726013, 54.1721534729, 54.4972343445, 54.8223114014, 55.1706123352, 55.5189094543, 55.8672103882, 56.2155075073, 56.5638084412, 56.912109375, 57.2487983704, 57.5854873657, 57.9337844849, 58.2820854187, 58.6303825378, 58.9554634094, 59.3037643433, 59.6520614624, 60.0003623962, 60.3486595154, 60.6853485107, 61.0220413208, 61.3703384399, 61.6954193115, 62.0437164307, 62.3920173645, 62.7403144836, 63.0886154175, 63.4253044128, 63.7619934082, 64.0986862183, 64.4353713989, 64.7836685181, 65.1087493896, 65.4570541382, 65.8053512573, 66.142036438, 66.4903411865, 66.8386383057, 67.1753311157, 67.5236282349, 67.871925354, 68.2202224731, 68.5685272217, 68.9168243408, 69.2535171509, 69.60181427, 69.9384994507, 70.2868041992, 70.6234893799, 70.971786499, 71.3084793091, 71.6567764282, 72.0050811768, 72.3533782959, 72.6784591675, 73.0267562866, 73.3750534058, 73.7117462158, 74.0484313965, 74.396736145, 74.7334213257, 75.0701141357, 75.4184112549, 75.766708374, 76.1150131226, 76.4400863647, 76.7883911133, 77.1250762939, 77.461769104, 77.8100662231, 78.1467590332, 78.4834442139, 78.831741333, 79.1800460815, 79.5167312622, 79.8534240723, 80.2017211914, 80.5500183105, 80.8983230591, 81.2466201782, 81.5949172974, 81.9432220459, 82.291519165, 82.6282043457, 82.9648971558, 83.3131942749, 83.649887085, 83.9865722656, 84.3348770142, 84.6831741333, 85.0314712524, 85.3797683716, 85.7164611816, 86.0531539917, 86.4014511108, 86.74974823, 87.0980453491, 87.4347381592, 87.7714233398, 88.1197280884, 88.4680252075, 88.8163223267, 89.1646270752, 89.5013122559, 89.849609375, 90.1979141235, 90.5345993042, 90.8829040527, 91.2312011719, 91.5678863525, 91.9045791626, 92.2528762817, 92.6011810303, 92.9378662109, 93.274559021, 93.6228561401, 93.9711532593, 94.3078460693, 94.64453125, 94.9928359985, 95.3411331177, 95.6778182983, 96.0145111084, 96.3628082275, 96.7111129761, 97.0477981567, 97.3844909668, 97.7327880859, 98.0810852051, 98.4293823242, 98.7660751343, 99.1027679443, 99.4510650635, 99.7993621826, 100.136054993, 100.472740173, 100.821044922, 101.169342041, 101.506027222, 101.842720032, 102.191017151, 102.527709961, 102.864395142, 103.21269989, 103.560997009, 103.89768219, 104.234375, 104.582672119, 104.930976868, 105.279273987, 105.627571106, 105.975868225, 106.312561035, 106.649246216, 106.997550964, 107.345848083, 107.694145203, 108.042449951, 108.367523193, 108.715827942, 109.052513123, 109.389205933, 109.714286804, 110.062583923, 110.410881042, 110.747573853, 111.084259033, 111.432563782, 111.780860901, 112.12915802, 112.477455139, 112.825759888, 113.162445068, 113.510749817, 113.847434998, 114.195732117, 114.544036865, 114.880722046, 115.217414856, 115.565711975, 115.914009094, 116.262313843, 116.610610962, 116.947296143, 117.283988953, 117.620681763, 117.957366943, 118.294059753, 118.630744934, 118.979042053, 119.327346802, 119.675643921, 120.02394104, 120.36063385, 120.697319031, 121.045623779, 121.393920898, 121.730613708, 122.067298889, 122.415596008, 122.763900757, 123.112197876, 123.460494995, 123.808792114, 124.157096863, 124.493782043, 124.830474854, 125.178771973, 125.527069092, 125.863761902, 126.200454712, 126.548751831, 126.89704895, 127.245346069, 127.593650818, 127.941947937, 128.290252686, 128.638549805, 128.963623047, 129.311920166, 129.660217285, 130.008529663, 130.345214844, 130.681900024, 131.018585205, 131.355285645, 131.703582764, 132.051879883, 132.388565063, 132.736862183, 133.073562622, 133.421859741, 133.77015686, 134.106842041, 134.44354248, 134.7918396, 135.12852478, 135.465209961, 135.81350708, 136.161804199, 136.4868927, 136.835189819, 137.160263062, 137.496963501, 137.833648682, 138.181945801, 138.53024292, 138.878540039, 139.226852417, 139.575149536, 139.923446655, 140.271743774, 140.620040894, 140.968338013, 141.316635132, 141.66494751, 142.00163269, 142.34992981, 142.68661499, 143.034912109, 143.383224487, 143.731521606, 144.056594849, 144.404891968, 144.753189087, 145.101501465, 145.438186646, 145.786483765, 146.123168945, 146.471466064, 146.808166504, 147.144851685, 147.493148804, 147.841445923, 148.178131104, 148.514831543, 148.863128662, 149.211425781, 149.5597229, 149.896408081, 150.233108521, 150.58140564, 150.929702759, 151.277999878, 151.614685059, 151.951385498, 152.288070679, 152.624755859, 152.973052979, 153.298141479, 153.646438599, 153.994735718, 154.343032837, 154.691329956, 155.039627075, 155.376327515, 155.713012695, 156.061309814, 156.409606934, 156.757904053, 157.106216431, 157.442901611, 157.779586792, 158.116271973, 158.464584351, 158.801269531, 159.137954712, 159.49786377, 159.83454895, 160.17124939, 160.50793457, 160.844619751, 161.19291687, 161.541213989, 161.889526367, 162.237823486, 162.586120605, 162.911193848, 163.259490967, 163.596191406, 163.932876587, 164.281173706, 164.629470825, 164.977767944, 165.326080322, 165.674377441, 166.011062622, 166.347747803, 166.696044922, 167.021133423, 167.369430542, 167.717727661, 168.06602478, 168.414321899, 168.762634277, 169.110931396, 169.459228516, 169.795913696, 170.132598877, 170.480911255, 170.829208374, 171.165893555, 171.502578735, 171.850875854, 172.187576294, 172.524261475, 172.872558594, 173.220855713, 173.569152832, 173.905853271, 174.242538452, 174.590835571, 174.93913269, 175.264221191, 175.612518311, 175.96081543, 176.309112549, 176.645797729, 176.982498169, 177.330795288, 177.679092407, 178.004165649, 178.352462769, 178.700775146, 179.049072266, 179.385757446, 179.722442627, 180.070739746, 180.419036865, 180.767349243, 181.115646362, 181.463943481, 181.812240601, 182.16053772, 182.508834839, 182.857131958, 183.193832397, 183.542129517, 183.878814697, 184.227111816, 184.563812256, 184.900497437, 185.248794556, 185.597091675, 185.945388794, 186.293685913, 186.630386353, 186.967071533, 187.303756714, 187.640457153, 187.977142334, 188.325439453, 188.662124634, 189.010421753, 189.358734131, 189.70703125, 190.043716431, 190.380401611, 190.717086792, 191.053787231, 191.402084351, 191.75038147, 192.098678589, 192.446975708, 192.783676147, 193.10874939, 193.44543457, 193.793731689, 194.130432129, 194.46711731, 194.815414429, 195.163711548, 195.512008667, 195.848709106, 196.185394287, 196.533691406, 196.881988525, 197.230285645, 197.578598022, 197.926895142, 198.275192261, 198.611877441, 198.948562622, 199.296859741, 199.645172119, 199.993469238, 200.341766357, 200.690063477, 201.038360596, 201.375045776, 201.711746216, 202.060043335, 202.408340454, 202.745025635, 203.081726074, 203.418411255, 203.755096436, 204.103393555, 204.440093994, 204.776779175, 205.125076294, 205.473373413, 205.810058594, 206.158370972, 206.495056152, 206.843353271, 207.180038452, 207.516723633, 207.853424072, 208.190109253, 208.538406372, 208.886703491, 209.23500061, 209.583312988, 209.919998169, 210.268295288, 210.604980469, 210.953277588, 211.301589966, 211.649887085, 211.986572266, 212.334869385, 212.671554565, 213.019866943, 213.356552124, 213.704849243, 214.041534424, 214.389831543, 214.738143921, 215.08644104, 215.423126221, 215.783035278, 216.119720459, 216.45640564, 216.781494141, 217.12979126, 217.478088379, 217.826385498, 218.163085938, 218.499771118, 218.836456299, 219.173141479, 219.521453857, 219.869750977, 220.218048096, 220.566345215, 220.914642334, 221.262939453, 221.611236572, 221.947937012, 222.284622192, 222.632919312, 222.969604492, 223.306304932, 223.654602051, 224.00289917, 224.351196289, 224.699493408, 225.047790527, 225.396102905, 225.744400024, 226.092697144, 226.429382324, 226.766067505, 227.102767944, 227.439453125, 227.787750244, 228.136047363, 228.472732544, 228.809432983, 229.157730103, 229.506027222, 229.842712402, 230.179412842, 230.527709961, 230.87600708, 231.224304199, 231.56098938, 231.897689819, 232.245986938, 232.582672119, 232.930969238, 233.267654419, 233.615966797, 233.952651978, 234.300949097, 234.637634277, 234.985931396, 235.322631836, 235.659317017, 236.007614136, 236.355911255, 236.704208374, 237.052505493, 237.389205933, 237.725891113, 238.074188232, 238.422485352, 238.759185791, 239.095870972, 239.444168091, 239.780853271, 240.117553711, 240.46585083, 240.814147949, 241.162445068, 241.499130249, 241.835830688, 242.184127808, 242.532424927, 242.880722046, 243.229019165, 243.565704346, 243.902404785, 244.250701904, 244.598999023, 244.935684204, 245.272369385, 245.620681763, 245.968978882, 246.305664062, 246.653961182, 246.990646362, 247.33895874, 247.675643921, 248.012329102, 248.360626221, 248.70892334, 249.057235718, 249.393920898, 249.730606079, 250.078903198, 250.415603638, 250.763900757, 251.112197876, 251.460494995, 251.797180176, 252.145477295, 252.482177734, 252.818862915, 253.167160034, 253.503845215, 253.840545654, 254.188842773, 254.548751831, 254.908660889, 255.268569946, 255.663299561], "beats_loudness": {"dmean2": 0.0156548917294, "median": 0.0301308240741, "min": 0, "dvar2": 0.000180237111636, "dvar": 5.95746023464e-05, "dmean": 0.00882598664612, "max": 0.0806753858924, "var": 9.47677326621e-05, "mean": 0.0307830218226}, "danceability": 1.17228138447, "bpm_histogram_second_peak_weight": {"dmean2": 0, "median": 0.393817216158, "min": 0.393817216158, "dvar2": 0, "dvar": 0, "dmean": 0, "max": 0.393817216158, "var": 0, "mean": 0.393817216158}, "beats_count": 745, "bpm_histogram_second_peak_bpm": {"dmean2": 0, "median": 178, "min": 178, "dvar2": 0, "dvar": 0, "dmean": 0, "max": 178, "var": 0, "mean": 178}, "bpm_histogram_first_peak_spread": {"dmean2": 0, "median": 0, "min": 0, "dvar2": 0, "dvar": 0, "dmean": 0, "max": 0, "var": 0, "mean": 0}, "beats_loudness_band_ratio": {"dmean2": [0.242815122008, 0.22232426703, 0.126434981823, 0.134482741356, 0.129872784019, 0.118275634944], "median": [0.357172846794, 0.0973880887032, 0.0736964195967, 0.124443002045, 0.173452541232, 0.140683725476], "min": [0, 0, 0, 0, 0, 0], "dvar2": [0.0431804172695, 0.0205496232957, 0.0143976816908, 0.0138155771419, 0.0141338128597, 0.00903535820544], "dvar": [0.0148739749566, 0.00664828298613, 0.00486949551851, 0.00502001680434, 0.00514378491789, 0.00292373565026], "dmean": [0.138786122203, 0.118214689195, 0.0704740211368, 0.0780156031251, 0.0762418955564, 0.0652943626046], "max": [0.870147764683, 0.522288560867, 0.503089785576, 0.607028365135, 0.69521021843, 0.464417934418], "var": [0.0219988692552, 0.00993509124964, 0.00595337059349, 0.00780795933679, 0.00831384304911, 0.0050043174997], "mean": [0.364736586809, 0.124013483524, 0.0960008651018, 0.14624941349, 0.187718868256, 0.148367196321]}}, "lowlevel": {"barkbands_spread": {"dmean2": 9.46739387512, "median": 38.7799682617, "min": 0.201972052455, "dvar2": 75.2033081055, "dvar": 30.6128005981, "dmean": 5.89602136612, "max": 81.2579193115, "var": 129.307785034, "mean": 38.4154701233}, "melbands_spread": {"dmean2": 18.3430690765, "median": 54.5284500122, "min": 0.326087445021, "dvar2": 320.903594971, "dvar": 127.806800842, "dmean": 11.436164856, "max": 161.807617188, "var": 418.211639404, "mean": 53.7276611328}, "hfc": {"dmean2": 10.8822469711, "median": 37.9021034241, "min": 1.09329480648e-16, "dvar2": 137.012741089, "dvar": 59.0383911133, "dmean": 6.95150661469, "max": 118.182106018, "var": 251.516540527, "mean": 37.940071106}, "barkbands_kurtosis": {"dmean2": 1.2018340826, "median": -0.894824743271, "min": -1.86248362064, "dvar2": 33.6251144409, "dvar": 19.0278205872, "dmean": 0.716624677181, "max": 372.847045898, "var": 28.2439937592, "mean": -0.425692498684}, "gfcc": {"mean": [53.2085723877, 48.04347229, -129.65171814, 37.0570907593, -38.8382225037, 14.2772836685, -31.7653942108, 6.9436879158, -28.0088043213, 1.84399557114, -18.6354217529, -4.79523420334, -13.930814743], "icov": [[0.000219382622163, -6.57116615912e-05, 0.000200787049835, -0.000108622174594, 0.000196975524887, -0.000525800627656, 0.000602167157922, -0.000578911101911, 0.000722127093468, -0.000747765006963, 0.000910560949706, -0.000619703438133, 0.000682729994878], [-6.57116615912e-05, 0.00168163876515, -8.27816402307e-05, -0.0011266238289, 0.000652841350529, 0.00123201042879, -0.00138471229002, -3.79423436243e-05, -3.12260017381e-05, 0.00195309822448, -0.0015073386021, 0.00293918070383, -0.00233368785121], [0.000200787049835, -8.27816402307e-05, 0.00217523961328, 0.000400757533498, -0.000709891377483, -0.000919927784707, 0.00133736862335, -0.0018856797833, 0.0012329146266, -0.00145401293412, 0.00225620064884, -0.00170351110864, 0.00184508296661], [-0.000108622174594, -0.0011266238289, 0.000400757533498, 0.0047633103095, -0.00159802939743, -0.00194056436885, 0.00141916587017, 0.000715501897503, -0.00263043749146, 0.000352653121809, 6.8090907007e-05, -0.00127468141727, 0.00251503055915], [0.000196975524887, 0.000652841350529, -0.000709891377483, -0.00159802939743, 0.0078607974574, -0.0014027786674, -0.00318422517739, -0.000946010346524, 0.000377180665964, -0.00200186460279, 0.00122204446234, -0.000733402906917, -0.000240376160946], [-0.000525800627656, 0.00123201042879, -0.000919927784707, -0.00194056436885, -0.0014027786674, 0.0137778371572, -0.00799183547497, -0.000360782461939, 0.00373857561499, -0.000439325202024, -0.00316014746204, 0.00498171942309, -0.00356740551069], [0.000602167157922, -0.00138471229002, 0.00133736862335, 0.00141916587017, -0.00318422517739, -0.00799183547497, 0.0172528568655, -0.00395960081369, -0.00195954064839, 0.000312778254738, 0.000956111878622, -0.00197177263908, 0.00367329642177], [-0.000578911101911, -3.79423436243e-05, -0.0018856797833, 0.000715501897503, -0.000946010346524, -0.000360782461939, -0.00395960081369, 0.0147577095777, -0.0057251858525, 0.00181721604895, 0.000555014121346, -0.00119330652524, -0.00417622271925], [0.000722127093468, -3.12260017381e-05, 0.0012329146266, -0.00263043749146, 0.000377180665964, 0.00373857561499, -0.00195954064839, -0.0057251858525, 0.024103904143, -0.0104919709265, -0.000999782816507, 0.000464585173177, 0.000217902517761], [-0.000747765006963, 0.00195309822448, -0.00145401293412, 0.000352653121809, -0.00200186460279, -0.000439325202024, 0.000312778254738, 0.00181721604895, -0.0104919709265, 0.0296259541065, -0.012793851085, 0.00192562351003, 0.0018386663869], [0.000910560949706, -0.0015073386021, 0.00225620064884, 6.8090907007e-05, 0.00122204446234, -0.00316014746204, 0.000956111878622, 0.000555014121346, -0.000999782816507, -0.012793851085, 0.0297224447131, -0.0107275471091, 0.000287407950964], [-0.000619703438133, 0.00293918070383, -0.00170351110864, -0.00127468141727, -0.000733402906917, 0.00498171942309, -0.00197177263908, -0.00119330652524, 0.000464585173177, 0.00192562351003, -0.0107275471091, 0.0313577018678, -0.0142966797575], [0.000682729994878, -0.00233368785121, 0.00184508296661, 0.00251503055915, -0.000240376160946, -0.00356740551069, 0.00367329642177, -0.00417622271925, 0.000217902517761, 0.0018386663869, 0.000287407950964, -0.0142966797575, 0.0327080376446]], "cov": [[8480.19921875, -345.09552002, 14.5330352783, 142.266799927, -128.751281738, 214.296081543, -213.536270142, 136.913116455, -243.268585205, 48.2253494263, -224.6275177, 21.5717849731, -139.190704346], [-345.09552002, 1117.12988281, -243.193695068, 185.871505737, -95.6880569458, -52.9669036865, 41.6324462891, -25.5104751587, 15.2685461044, -87.5618743896, 16.4197807312, -79.516418457, 41.8425674438], [14.5330352783, -243.193695068, 718.838378906, -66.4322433472, 111.670829773, 58.2595710754, 5.4679479599, 89.7141723633, -24.7057437897, 26.1017513275, -46.4326438904, 28.7527370453, -23.4081096649], [142.266799927, 185.871505737, -66.4322433472, 310.376953125, 50.8228912354, 41.3381271362, 22.0283203125, -1.58343982697, 30.3386535645, 4.83534526825, 9.33495616913, -13.658873558, -14.1464347839], [-128.751281738, -95.6880569458, 111.670829773, 50.8228912354, 212.47203064, 74.138633728, 70.8961486816, 43.7604103088, 16.2713851929, 26.2992839813, 2.46351623535, 11.1143684387, -3.82447242737], [214.296081543, -52.9669036865, 58.2595710754, 41.3381271362, 74.138633728, 147.190795898, 69.0057754517, 33.6566963196, -9.80230617523, 12.4907045364, -0.655510485172, -4.78953838348, -4.29563474655], [-213.536270142, 41.6324462891, 5.4679479599, 22.0283203125, 70.8961486816, 69.0057754517, 120.328414917, 36.2457504272, 17.5358333588, 4.48569726944, 9.31725883484, -3.43541407585, 2.63464546204], [136.913116455, -25.5104751587, 89.7141723633, -1.58343982697, 43.7604103088, 33.6566963196, 36.2457504272, 107.46383667, 16.8629283905, 8.58051872253, -4.45739173889, 14.0274324417, 9.60183906555], [-243.268585205, 15.2685461044, -24.7057437897, 30.3386535645, 16.2713851929, -9.80230617523, 17.5358333588, 16.8629283905, 72.0509033203, 25.674079895, 22.4224357605, 4.28247594833, 4.21384000778], [48.2253494263, -87.5618743896, 26.1017513275, 4.83534526825, 26.2992839813, 12.4907045364, 4.48569726944, 8.58051872253, 25.674079895, 62.3948707581, 23.8802433014, 11.2771844864, -5.91000890732], [-224.6275177, 16.4197807312, -46.4326438904, 9.33495616913, 2.46351623535, -0.655510485172, 9.31725883484, -4.45739173889, 22.4224357605, 23.8802433014, 61.5051689148, 16.9230327606, 11.4577026367], [21.5717849731, -79.516418457, 28.7527370453, -13.658873558, 11.1143684387, -4.78953838348, -3.43541407585, 14.0274324417, 4.28247594833, 11.2771844864, 16.9230327606, 55.5971374512, 18.5311031342], [-139.190704346, 41.8425674438, -23.4081096649, -14.1464347839, -3.82447242737, -4.29563474655, 2.63464546204, 9.60183906555, 4.21384000778, -5.91000890732, 11.4577026367, 18.5311031342, 47.6094703674]]}, "spectral_energyband_middle_low": {"dmean2": 0.00597073696554, "median": 0.00483171408996, "min": 2.02675532165e-22, "dvar2": 0.000106224921183, "dvar": 4.10263455706e-05, "dmean": 0.00363229727373, "max": 0.0584223903716, "var": 4.89849662699e-05, "mean": 0.00699620181695}, "melbands_crest": {"dmean2": 5.17717695236, "median": 10.3909549713, "min": 1.52695500851, "dvar2": 19.9582386017, "dvar": 8.27440166473, "dmean": 3.18636989594, "max": 35.6797561646, "var": 19.446395874, "mean": 11.2106294632}, "spectral_kurtosis": {"dmean2": 1.59467375278, "median": 3.92184400558, "min": -1.25387656689, "dvar2": 8.80190372467, "dvar": 3.70722603798, "dmean": 0.940289378166, "max": 153.305969238, "var": 8.25237560272, "mean": 4.1610212326}, "spectral_rms": {"dmean2": 0.00119207939133, "median": 0.00480035925284, "min": 3.15075916746e-12, "dvar2": 1.86911518085e-06, "dvar": 7.20765797269e-07, "dmean": 0.000734820496291, "max": 0.00958945974708, "var": 1.3097808278e-06, "mean": 0.00486805755645}, "zerocrossingrate": {"dmean2": 0.0133029520512, "median": 0.1025390625, "min": 0.0029296875, "dvar2": 0.000162316442584, "dvar": 0.000114755646791, "dmean": 0.0108401980251, "max": 0.521484375, "var": 0.00156854151282, "mean": 0.104681283236}, "silence_rate_60dB": {"dmean2": 0.00616556359455, "median": 0, "min": 0, "dvar2": 0.00757840182632, "dvar": 0.00307282200083, "dmean": 0.00308250216767, "max": 1, "var": 0.00987220648676, "mean": 0.00997189711779}, "erbbands_kurtosis": {"dmean2": 1.15093648434, "median": 0.622233867645, "min": -1.65095448494, "dvar2": 8.71455097198, "dvar": 3.50341391563, "dmean": 0.729699730873, "max": 153.020889282, "var": 4.2250328064, "mean": 0.859983563423}, "erbbands": {"dmean2": [0.11442745477, 1.21851301193, 4.14250278473, 6.15615987778, 9.93804645538, 7.31032371521, 7.8902387619, 6.64363908768, 11.9252634048, 20.1859836578, 16.0528850555, 16.2515068054, 18.2159080505, 23.2787075043, 22.1847343445, 28.3024044037, 30.9537391663, 53.789100647, 46.4474525452, 35.8691215515, 47.0366020203, 69.0426101685, 26.0868930817, 31.8879203796, 30.3365039825, 29.0886440277, 17.4656639099, 8.43251037598, 6.54520606995, 5.41222047806, 3.36758708954, 2.09672927856, 1.69230782986, 1.0862429142, 0.949111938477, 0.377027451992, 0.119381316006, 0.0302214995027, 0.00505032250658, 0.000247015355853], "median": [0.0248503349721, 0.40481865406, 1.53011333942, 3.88054513931, 3.57491159439, 2.36651396751, 2.82463121414, 2.88582491875, 4.66129112244, 4.09933137894, 5.8115696907, 8.17870616913, 12.1095762253, 15.3462696075, 16.6358966827, 23.2453556061, 31.1513023376, 49.4506759644, 42.1313896179, 36.7053031921, 49.5527801514, 63.1102027893, 30.7459430695, 38.4934997559, 45.2354660034, 44.6014137268, 27.7222003937, 11.8576059341, 8.37864112854, 7.29533290863, 4.73086595535, 2.92007040977, 2.22527337074, 1.25665855408, 0.658333539963, 0.274943739176, 0.0889154598117, 0.0206870716065, 0.00277595641091, 0.000152749533299], "min": [1.0215139722e-22, 8.71432351944e-22, 3.51331717367e-21, 8.11877609662e-21, 9.00295785443e-21, 1.60526837887e-20, 2.84964399571e-20, 3.82196604832e-20, 1.30784402202e-19, 1.43747989687e-19, 3.01522713665e-19, 3.83306474419e-19, 5.2863929046e-19, 8.01950001208e-19, 1.21746034878e-18, 1.22918377281e-18, 1.52649936833e-18, 2.14632399929e-18, 2.65751562079e-18, 2.99486551719e-18, 3.88092629331e-18, 3.60926280935e-18, 5.84792622119e-18, 6.1141559557e-18, 7.31843745617e-18, 1.10069507857e-17, 9.04392463343e-18, 9.68657365903e-18, 1.05785067971e-17, 1.28614872375e-17, 1.21051778054e-17, 1.11341264961e-17, 1.02142933831e-17, 8.39302613558e-18, 7.166614245e-18, 4.50729516368e-18, 2.44788241097e-18, 9.94305837874e-19, 2.52907292813e-19, 2.65870744588e-20], "dvar2": [0.0372375994921, 4.70542526245, 51.2946281433, 78.1781997681, 371.171234131, 271.328918457, 206.834777832, 152.099197388, 497.629241943, 3082.37817383, 994.180908203, 1155.46057129, 805.090393066, 2326.02294922, 1318.90063477, 1360.3605957, 1411.0333252, 4658.80322266, 3832.47070312, 1865.6940918, 3343.31518555, 7512.87402344, 1112.51293945, 1132.18432617, 1021.16918945, 914.757995605, 340.957183838, 128.050140381, 98.7261428833, 57.759979248, 22.0095500946, 7.78084611893, 5.2334446907, 2.73522996902, 2.78886771202, 0.467595368624, 0.0548758283257, 0.00356758804992, 0.000120884360513, 3.40889698691e-07], "dvar": [0.0146562345326, 1.7264020443, 17.9729919434, 28.4125347137, 154.546401978, 97.0606842041, 78.2192001343, 61.3942298889, 183.861251831, 1084.78625488, 387.813690186, 478.41418457, 345.008575439, 966.487915039, 633.488647461, 623.554504395, 587.1796875, 1823.4083252, 1586.43408203, 778.678588867, 1395.06359863, 3088.36987305, 529.887084961, 461.133911133, 400.642150879, 345.034210205, 128.329437256, 49.3708648682, 40.2842445374, 25.6253089905, 9.73055648804, 3.47386527061, 2.45779633522, 1.2431050539, 1.18961882591, 0.20551609993, 0.0245374366641, 0.00159952335525, 5.33191487193e-05, 1.45012933217e-07], "dmean": [0.0672484487295, 0.695925533772, 2.3145442009, 3.53501915932, 6.13543128967, 4.15399885178, 4.63891506195, 3.95603656769, 6.86441230774, 11.0944108963, 9.61640167236, 10.1961297989, 11.4608612061, 15.0477714539, 14.3349809647, 18.0412445068, 19.4163093567, 33.1985664368, 29.2497253418, 22.2502098083, 29.1376724243, 43.1175041199, 16.5179290771, 19.2098178864, 18.3339271545, 17.5433597565, 10.4742717743, 5.10832977295, 4.02153491974, 3.44598174095, 2.12591123581, 1.34070312977, 1.11913669109, 0.719048798084, 0.61252617836, 0.247734606266, 0.0795844346285, 0.0201640445739, 0.00337853096426, 0.000163410892128], "max": [0.85695117712, 13.6200428009, 50.5355072021, 76.7734069824, 156.68586731, 136.267501831, 147.733551025, 142.375427246, 369.689025879, 344.919281006, 424.476715088, 425.490539551, 369.275268555, 1004.32940674, 573.665893555, 655.475585938, 591.704284668, 719.269104004, 638.363037109, 700.321350098, 803.121826172, 1365.69665527, 717.319580078, 510.682159424, 619.260253906, 319.514007568, 275.691497803, 191.830001831, 199.333938599, 132.471389771, 98.7536697388, 39.3177146912, 25.2350597382, 17.3735466003, 18.175825119, 7.60894775391, 3.0459010601, 0.627632021904, 0.120345816016, 0.00776168936864], "var": [0.0131647409871, 1.40321099758, 15.766784668, 28.3598899841, 198.981414795, 74.9794464111, 117.551589966, 88.6530075073, 190.598129272, 687.77947998, 588.972839355, 730.34362793, 914.209960938, 2627.35498047, 1622.80847168, 2821.82226562, 1340.85668945, 4514.79150391, 3909.9675293, 2467.58056641, 3986.23925781, 8855.265625, 2539.44360352, 1271.34033203, 1103.23742676, 912.987609863, 320.392303467, 109.119613647, 84.3276519775, 59.0271339417, 29.2591838837, 13.9354486465, 9.39287090302, 3.82203006744, 2.57618165016, 0.442003279924, 0.0501745790243, 0.00325780571438, 8.84932014742e-05, 2.03643907071e-07], "mean": [0.0670775845647, 0.773523747921, 2.86247396469, 5.2687048912, 8.24970722198, 4.82412290573, 6.6771697998, 5.89645910263, 8.91002750397, 10.3491249084, 14.1458787918, 16.382894516, 23.6161212921, 31.7331161499, 27.9536056519, 42.7567977905, 41.1337890625, 71.3091659546, 62.5264015198, 51.0438919067, 67.3192062378, 92.2415542603, 43.2873077393, 46.0878868103, 50.7843933105, 49.9891204834, 30.1613006592, 13.7746276855, 10.2635908127, 8.8220911026, 5.91031169891, 3.87337708473, 3.13217616081, 1.90234553814, 1.27964448929, 0.530262708664, 0.17350679636, 0.0427594855428, 0.00635675201192, 0.000312471500365]}, "spectral_strongpeak": {"dmean2": 1.81571042538, "median": 0.422764778137, "min": 0, "dvar2": 5.85551786423, "dvar": 2.43689846992, "dmean": 1.03275859356, "max": 14.8016643524, "var": 3.33871340752, "mean": 1.35758662224}, "spectral_energy": {"dmean2": 0.0134900491685, "median": 0.0236195325851, "min": 1.01754653701e-20, "dvar2": 0.000291868578643, "dvar": 0.000110337728984, "dmean": 0.00813856255263, "max": 0.0942566841841, "var": 0.000140322707011, "mean": 0.0256330780685}, "average_loudness": 0.965941786766, "spectral_rolloff": {"dmean2": 903.429260254, "median": 3014.6484375, "min": 43.06640625, "dvar2": 1009495.1875, "dvar": 433110, "dmean": 545.658996582, "max": 19509.0820312, "var": 2050193.125, "mean": 3027.55053711}, "spectral_centroid": {"dmean2": 362.915008545, "median": 2458.98657227, "min": 108.803253174, "dvar2": 134083.75, "dvar": 58285.8867188, "dmean": 224.826950073, "max": 11866.0517578, "var": 535586.4375, "mean": 2400.34423828}, "pitch_salience": {"dmean2": 0.107224196196, "median": 0.588562488556, "min": 0.146254524589, "dvar2": 0.00871812645346, "dvar": 0.0032807730604, "dmean": 0.0649322271347, "max": 0.896420300007, "var": 0.00703233806416, "mean": 0.586556911469}, "spectral_energyband_middle_high": {"dmean2": 0.00343696610071, "median": 0.0106262490153, "min": 1.18637531172e-21, "dvar2": 1.10985793071e-05, "dvar": 4.56628004031e-06, "dmean": 0.00217077834532, "max": 0.0404679328203, "var": 2.41978759732e-05, "mean": 0.010821858421}, "spectral_contrast_coeffs": {"dmean2": [0.0962455719709, 0.075942158699, 0.0593566857278, 0.0525981225073, 0.0349570140243, 0.0260510966182], "median": [-0.652029752731, -0.779918551445, -0.787633836269, -0.762492060661, -0.780059933662, -0.751118242741], "min": [-0.978034496307, -0.97784113884, -0.975911021233, -0.971563756466, -0.967247366905, -0.963546454906], "dvar2": [0.00606539426371, 0.0035389221739, 0.00218931771815, 0.00170599250123, 0.000817945692688, 0.00049226131523], "dvar": [0.00229979516007, 0.00134904053994, 0.000844148511533, 0.000744350312743, 0.000378999684472, 0.000213270643144], "dmean": [0.0572799555957, 0.0458772815764, 0.0364761427045, 0.0328703001142, 0.0220643188804, 0.0165038444102], "max": [-0.294221788645, -0.367689400911, -0.508315742016, -0.487019300461, -0.553704619408, -0.545291185379], "var": [0.00575591390952, 0.00398287316784, 0.00356574775651, 0.00276042078622, 0.00141162879299, 0.00133228395134], "mean": [-0.64661437273, -0.771626293659, -0.779267132282, -0.758578360081, -0.776856303215, -0.747492432594]}, "melbands_skewness": {"dmean2": 0.930417895317, "median": 1.2235776186, "min": -1.43344569206, "dvar2": 1.03800082207, "dvar": 0.41681060195, "dmean": 0.587350010872, "max": 15.5217351913, "var": 0.968686163425, "mean": 1.4062435627}, "spectral_spread": {"dmean2": 595755.875, "median": 4333156, "min": 690880.9375, "dvar2": 709553029120, "dvar": 371436126208, "dmean": 404991.15625, "max": 43225388, "var": 6266265534460.0, "mean": 4537125.5}, "dissonance": {"dmean2": 0.0145348552614, "median": 0.490114569664, "min": 0.223374903202, "dvar2": 0.000308151211357, "dvar": 0.000111565241241, "dmean": 0.00849925726652, "max": 0.500000059605, "var": 0.000214152882108, "mean": 0.486321121454}, "spectral_skewness": {"dmean2": 0.222208037972, "median": 1.38582623005, "min": -0.145145744085, "dvar2": 0.0709252581, "dvar": 0.0292780008167, "dmean": 0.135678172112, "max": 9.43900871277, "var": 0.108395397663, "mean": 1.34835958481}, "spectral_flux": {"dmean2": 0.0359217151999, "median": 0.0884348899126, "min": 6.4936243882e-11, "dvar2": 0.00119710038416, "dvar": 0.000617557321675, "dmean": 0.0238891039044, "max": 0.263207823038, "var": 0.00127360434271, "mean": 0.0951750054955}, "spectral_contrast_valleys": {"dmean2": [0.69771361351, 0.642453074455, 0.489040404558, 0.424111247063, 0.300509750843, 0.306975930929], "median": [-7.13361644745, -6.71820735931, -6.9023733139, -6.82090616226, -6.37754154205, -9.195561409], "min": [-28.0178833008, -27.8861732483, -27.7591209412, -27.6827144623, -27.4365081787, -27.4124679565], "dvar2": [0.327496051788, 0.33837300539, 0.190018951893, 0.151450425386, 0.110394410789,