{"tonal": {"thpcp": [1, 0.642916440964, 0.514662384987, 0.43488240242, 0.296658575535, 0.276078432798, 0.309568881989, 0.41050952673, 0.52895539999, 0.465071499348, 0.295090466738, 0.236454039812, 0.263282328844, 0.399671763182, 0.606033742428, 0.571456074715, 0.443103969097, 0.59125649929, 0.602121710777, 0.341356873512, 0.247544974089, 0.266767680645, 0.310415565968, 0.453632414341, 0.480640798807, 0.339179754257, 0.311293244362, 0.33543279767, 0.316576391459, 0.378358870745, 0.380858331919, 0.292194634676, 0.27713727951, 0.327091515064, 0.46919927001, 0.890833199024], "hpcp": {"dmean2": [0.1963391155, 0.168491363525, 0.147631600499, 0.1574973315, 0.154725700617, 0.162927150726, 0.159376710653, 0.147138282657, 0.135688900948, 0.176735386252, 0.264845401049, 0.32345661521, 0.315809816122, 0.31467500329, 0.247754693031, 0.210102021694, 0.178730979562, 0.16767257452, 0.167047217488, 0.19801299274, 0.216286078095, 0.196263283491, 0.155378073454, 0.134709745646, 0.144871652126, 0.176672354341, 0.22775349021, 0.22845326364, 0.210475742817, 0.237505018711, 0.219755172729, 0.161552369595, 0.135347798467, 0.14343367517, 0.16791126132, 0.19415602088], "median": [0.0476923659444, 0.0359629541636, 0.0261867903173, 0.0255125537515, 0.0292092319578, 0.0453394800425, 0.0468038059771, 0.0297076925635, 0.025526188314, 0.0318399816751, 0.0584036931396, 0.141367539763, 0.142091736197, 0.0915420427918, 0.0605345070362, 0.0554691180587, 0.0302547365427, 0.0242883432657, 0.0287957638502, 0.035395026207, 0.056694984436, 0.0500585287809, 0.0273804366589, 0.0172790884972, 0.0190268754959, 0.0353702381253, 0.070752158761, 0.0697993710637, 0.0514323636889, 0.0595978274941, 0.0531066656113, 0.0318893417716, 0.0176978595555, 0.0194941200316, 0.0245937332511, 0.0398721806705], "min": [0, 0, 0, 0, 0, 0, 0, 0, 0, 0, 0, 0, 0, 0, 0, 0, 0, 0, 0, 0, 0, 0, 0, 0, 0, 0, 0, 0, 0, 0, 0, 0, 0, 0, 0, 0], "dvar2": [0.0870572850108, 0.0703328028321, 0.0624238923192, 0.0679931789637, 0.0638777390122, 0.0661692023277, 0.0591819435358, 0.063099950552, 0.0523259975016, 0.0817175805569, 0.12570540607, 0.139279991388, 0.141888931394, 0.145826593041, 0.115795813501, 0.0926146656275, 0.0850263312459, 0.082846365869, 0.076665148139, 0.094953328371, 0.0952959284186, 0.087478376925, 0.0676680505276, 0.0608945451677, 0.0632790401578, 0.0732652023435, 0.097474463284, 0.0949204042554, 0.0849232897162, 0.0976197943091, 0.0916075259447, 0.0655597373843, 0.0738893002272, 0.0715220570564, 0.0878486558795, 0.0915498137474], "dvar": [0.0387819483876, 0.0286902841181, 0.023819681257, 0.0269239172339, 0.0249801632017, 0.0259796716273, 0.0238951351494, 0.0237314533442, 0.0203525666147, 0.0311902407557, 0.0460727475584, 0.0535260178149, 0.0605762153864, 0.0521500557661, 0.0449694693089, 0.0366767011583, 0.0323556885123, 0.0317553393543, 0.0289914663881, 0.0360037088394, 0.0374228730798, 0.0356069505215, 0.0252893865108, 0.0234013888985, 0.02445855923, 0.0285705402493, 0.040155377239, 0.0400121323764, 0.0335124842823, 0.040096167475, 0.040904097259, 0.0263411328197, 0.0275958348066, 0.0274888146669, 0.0331250354648, 0.0361922346056], "dmean": [0.118670865893, 0.0999325290322, 0.0865733101964, 0.0932464078069, 0.0910259410739, 0.0963819026947, 0.095921061933, 0.0856079608202, 0.0783896222711, 0.102366954088, 0.150817275047, 0.189694866538, 0.18531408906, 0.181274145842, 0.141599714756, 0.122188806534, 0.102138876915, 0.0966996774077, 0.0971741899848, 0.115464679897, 0.129811152816, 0.117907389998, 0.0903763249516, 0.0776370689273, 0.0841222554445, 0.104439526796, 0.13532307744, 0.136874526739, 0.123463653028, 0.139623805881, 0.13218036294, 0.0955851972103, 0.0777677148581, 0.0831979811192, 0.0966899469495, 0.114623807371], "max": [1, 1, 1, 1, 1, 1, 1, 1, 1, 1, 1, 1, 1, 1, 1, 1, 1, 1, 1, 1, 1, 1, 1, 1, 1, 1, 1, 1, 1, 1, 1, 1, 1, 1, 1, 1], "var": [0.0674445778131, 0.0369927622378, 0.0386165678501, 0.0441867597401, 0.0354957282543, 0.0416378751397, 0.0401259623468, 0.0312597490847, 0.0319839604199, 0.0363775007427, 0.0544652976096, 0.110674776137, 0.139568641782, 0.0709016174078, 0.0658289939165, 0.0499296300113, 0.0326147824526, 0.0321516320109, 0.0339007414877, 0.0538684986532, 0.0666418597102, 0.0585441552103, 0.0314113125205, 0.0268767662346, 0.0290311854333, 0.0457429252565, 0.0815858840942, 0.0712451636791, 0.0498897358775, 0.078712746501, 0.0886849090457, 0.0363915897906, 0.0348859578371, 0.0351805053651, 0.0395991653204, 0.0601798146963], "mean": [0.162554755807, 0.114712029696, 0.105280689895, 0.113444797695, 0.107067480683, 0.127962574363, 0.128807902336, 0.0988214612007, 0.0937289968133, 0.11062373966, 0.158685177565, 0.301283568144, 0.338204234838, 0.217437058687, 0.174061000347, 0.147079065442, 0.100331187248, 0.0933708995581, 0.1046975106, 0.138836055994, 0.17889495194, 0.157289147377, 0.0998008474708, 0.0799697563052, 0.089043200016, 0.135170683265, 0.204963177443, 0.193268865347, 0.149859637022, 0.199965447187, 0.203640118241, 0.115448340774, 0.0837207585573, 0.0902219563723, 0.104983858764, 0.1534204036]}, "tuning_equal_tempered_deviation": 0.127705007792, "chords_changes_rate": 0.113844141364, "key_key": "F#", "tuning_diatonic_strength": 0.480472624302, "key_scale": "minor", "chords_number_rate": 0.00413582939655, "tuning_frequency": 445.884552002, "tuning_nontempered_energy_ratio": 0.839665055275, "chords_histogram": [15.9338264465, 8.20635604858, 2.220287323, 1.13191115856, 0.783630847931, 3.0256857872, 4.07052659988, 19.0030479431, 4.39703941345, 4.85415744781, 3.11275577545, 6.5302567482, 4.39703941345, 0.587723135948, 0.261210262775, 1.02307355404, 1.19721376896, 7.31388759613, 0.936003506184, 1.54549407959, 1.78493690491, 2.54680013657, 4.37527227402, 0.761863291264], "key_strength": 0.581358551979, "chords_key": "F#", "chords_strength": {"dmean2": 0.0143579477444, "median": 0.495473772287, "min": -1, "dvar2": 0.000802966766059, "dvar": 0.000498526031151, "dmean": 0.013626832515, "max": 0.798371076584, "var": 0.0194024462253, "mean": 0.495200306177}, "chords_scale": "major", "hpcp_entropy": {"dmean2": 1.04079270363, "median": 2.0203139782, "min": 0, "dvar2": 0.706249237061, "dvar": 0.260624915361, "dmean": 0.613793969154, "max": 4.27586364746, "var": 0.522596478462, "mean": 1.98114573956}}, "metadata": {"audio_properties": {"equal_loudness": 0, "codec": "mp3", "downmix": "mix", "sample_rate": 44100, "analysis_sample_rate": 44100, "bit_rate": 320039, "md5_encoded": "ece8ca36ecbcb2205ae3de42daede7cd", "length": 213.263671875, "replay_gain": -11.4184112549, "lossless": false}, "version": {"essentia_build_sha": "cead25079874084f62182a551b7393616cd33d87", "essentia": "2.1-beta2", "extractor": "music 1.0", "essentia_git_sha": "v2.1_beta2-1-ge3940c0"}, "tags": {"title": ["Pranto de poeta"], "media": ["Vinyl"], "albumartist": ["Cartola"], "musicbrainz_recordingid": ["11756516-19ad-4c98-a394-aad89699922e"], "musicbrainz_albumartistid": ["7c743881-aed4-47d4-93d5-9fdd6e2904bb"], "originalyear": ["1977"], "discnumber": ["1/1"], "album": ["Verde que te quero rosa"], "musicbrainz album type": ["album"], "musicbrainz album status": ["official"], "originaldate": ["1977"], "date": ["1977"], "file_name": "07 Cartola - Pranto de poeta.mp3", "musicbrainz_releasegroupid": ["f3f4f93b-0db9-34bb-bced-4a4cbbf1e34a"], "script": ["Latn"], "asin": ["B00009QP47"], "musicbrainz_albumid": ["7bb926aa-5f54-4bea-9a99-bd65e8f08e6d"], "artist": ["Cartola"], "artistsort": ["Cartola"], "tracknumber": ["7/12"], "musicbrainz album release country": ["BR"], "albumartistsort": ["Cartola"], "acoustid_id": ["c36d766f-e884-4a4c-997b-652aff37f0e5"], "musicbrainz_artistid": ["7c743881-aed4-47d4-93d5-9fdd6e2904bb"]}}, "rhythm": {"bpm_histogram_first_peak_bpm": {"dmean2": 0, "median": 108, "min": 108, "dvar2": 0, "dvar": 0, "dmean": 0, "max": 108, "var": 0, "mean": 108}, "bpm": 106.611534119, "bpm_histogram_second_peak_spread": {"dmean2": 0, "median": 0.21052634716, "min": 0.21052634716, "dvar2": 0, "dvar": 0, "dmean": 0, "max": 0.21052634716, "var": 0, "mean": 0.21052634716}, "bpm_histogram_first_peak_weight": {"dmean2": 0, "median": 0.461538463831, "min": 0.461538463831, "dvar2": 0, "dvar": 0, "dmean": 0, "max": 0.461538463831, "var": 0, "mean": 0.461538463831}, "onset_rate": 5.04043388367, "beats_position": [0.580498874187, 1.16099774837, 1.74149656296, 2.32199549675, 2.89088439941, 3.45977306366, 4.04027223587, 4.59755086899, 5.16644001007, 5.73532867432, 6.31582736969, 6.87310647964, 7.4303855896, 7.99927425385, 8.56816291809, 9.13705158234, 9.70594120026, 10.2632198334, 10.8321084976, 11.3893871307, 11.9582767487, 12.538775444, 13.0960540771, 13.6533327103, 14.2338323593, 14.8143310547, 15.3832197189, 15.9521083832, 16.5209980011, 17.0898857117, 17.6587753296, 18.2276649475, 18.8081626892, 19.3770523071, 19.9459400177, 20.5148296356, 21.0837192535, 21.6642169952, 22.2447166443, 22.8019943237, 23.3824939728, 23.9513835907, 24.5202713013, 25.0891609192, 25.6580486298, 26.2385482788, 26.8074378967, 27.3647155762, 27.9336051941, 28.5024929047, 29.0597724915, 29.6286621094, 30.1975498199, 30.7664394379, 31.3469390869, 31.9274368286, 32.5311546326, 33.1348762512, 33.7269821167, 34.3190917969, 34.8995895386, 35.4684791565, 36.0373687744, 36.5946464539, 37.1635360718, 37.7324256897, 38.3013153076, 38.8702049255, 39.4390907288, 40.0079803467, 40.5768699646, 41.1457595825, 41.7146492004, 42.2835350037, 42.8640365601, 43.432926178, 44.0018119812, 44.5590934753, 45.1279792786, 45.6968688965, 46.2541503906, 46.8230361938, 47.3919258118, 47.9724235535, 48.5413131714, 49.1102027893, 49.690700531, 50.2479820251, 50.8052597046, 51.3857574463, 51.9546470642, 52.5235366821, 53.0808143616, 53.6497039795, 54.2185935974, 54.7874832153, 55.3447608948, 55.9136505127, 56.4941482544, 57.0514259338, 57.608707428, 58.1659851074, 58.7348747253, 59.3037643433, 59.8610420227, 60.4299316406, 60.9988212585, 61.556098938, 62.1249885559, 62.6938781738, 63.2627639771, 63.831653595, 64.3889312744, 64.957824707, 65.5267105103, 66.107208252, 66.6644897461, 67.2333755493, 67.8022689819, 68.3711547852, 68.9284362793, 69.485710144, 70.0546035767, 70.6234893799, 71.1923828125, 71.7612686157, 72.3185501099, 72.8874359131, 73.4447174072, 74.0136032104, 74.5941009521, 75.1629943848, 75.731880188, 76.3007659912, 76.8696594238, 77.426940918, 77.9842147827, 78.5531082153, 79.1219940186, 79.6908798218, 80.2481613159, 80.8286590576, 81.4091567993, 82.0012664795, 82.6049880981, 83.2087097168, 83.8008117676, 84.3697052002, 84.9385910034, 85.4958724976, 86.0531539917, 86.6220397949, 87.1909255981, 87.7482070923, 88.3054885864, 88.8627624512, 89.4200439453, 89.9773254395, 90.5462112427, 91.1150970459, 91.67237854, 92.2296600342, 92.7869338989, 93.3558273315, 93.9247131348, 94.4819946289, 95.0508804321, 95.6197738647, 96.2002716064, 96.7575454712, 97.3264389038, 97.895324707, 98.4526062012, 99.0098876953, 99.5671615601, 100.136054993, 100.704940796, 101.26222229, 101.831108093, 102.400001526, 102.957275391, 103.514556885, 104.071838379, 104.629112244, 105.186393738, 105.743675232, 106.312561035, 106.881446838, 107.450340271, 108.007614136, 108.576507568, 109.15700531, 109.714286804, 110.271560669, 110.840454102, 111.409339905, 111.966621399, 112.523895264, 113.092788696, 113.6616745, 114.230567932, 114.787841797, 115.345123291, 115.914009094, 116.471290588, 117.028572083, 117.597457886, 118.166343689, 118.723625183, 119.280906677, 119.861404419, 120.441902161, 120.999183655, 121.55645752, 122.125350952, 122.694236755, 123.25151825, 123.808792114, 124.377685547, 124.94657135, 125.503852844, 126.061134338, 126.618408203, 127.187301636, 127.756187439, 128.313461304, 128.870742798, 129.43963623, 129.996917725, 130.554199219, 131.111465454, 131.680358887, 132.237640381, 132.794921875, 133.352203369, 133.921081543, 134.489974976, 135.04725647, 135.604537964, 136.161804199, 136.719085693, 137.276367188, 137.833648682, 138.390930176, 138.94821167, 139.505477905, 140.062759399, 140.620040894, 141.188934326, 141.74621582, 142.315093994, 142.872375488, 143.429656982, 143.986938477, 144.544219971, 145.113098145, 145.670379639, 146.239273071, 146.819763184, 147.377044678, 147.922714233, 148.468383789, 149.025665283, 149.582946777, 150.140228271, 150.697509766, 151.254776001, 151.812057495, 152.369338989, 152.926620483, 153.483901978, 154.041183472, 154.598449707, 155.155731201, 155.713012695, 156.270294189, 156.815963745, 157.361633301, 157.918914795, 158.47618103, 159.033462524, 159.590744019, 160.148025513, 160.705307007, 161.250976562, 161.796646118, 162.353912354, 162.911193848, 163.468475342, 164.025756836, 164.58303833, 165.140319824, 165.69758606, 166.254867554, 166.812149048, 167.369430542, 167.926712036, 168.48399353, 169.041259766, 169.59854126, 170.155822754, 170.713104248, 171.270385742, 171.839263916, 172.384933472, 172.942214966, 173.511108398, 174.080001831, 174.637283325, 175.194549561, 175.751831055, 176.309112549, 176.866394043, 177.40045166, 177.957733154, 178.515014648, 179.072280884, 179.629562378, 180.186843872, 180.744125366, 181.30140686, 181.858688354, 182.41595459, 182.973236084, 183.530517578, 184.076187134, 184.633468628, 185.202362061, 185.759628296, 186.31690979, 186.874191284, 187.431472778, 187.977142334, 188.52281189, 189.080093384, 189.648971558, 190.206253052, 190.751922607, 191.309204102, 191.878097534, 192.446975708, 193.004257202, 193.549926758, 194.11882019, 194.676101685, 195.22177124, 195.790649414, 196.347930908, 196.905212402, 197.450881958, 198.008163452, 198.577041626, 199.13432312, 199.679992676, 200.23727417, 200.806167603, 201.363449097, 201.920715332, 202.477996826, 203.03527832, 203.592559814, 204.149841309, 204.707122803, 205.264389038, 205.810058594, 206.355728149, 206.866577148, 207.389022827, 207.911468506, 208.433914185, 208.944763184, 209.467208862, 209.978042603, 210.488891602, 211.022949219, 211.545394897, 212.067840576, 212.590286255], "beats_loudness": {"dmean2": 0.0306166112423, "median": 0.0280935168266, "min": 0, "dvar2": 0.000568635936361, "dvar": 0.000208905548789, "dmean": 0.0177993942052, "max": 0.0855711102486, "var": 0.000301443476928, "mean": 0.0310479998589}, "danceability": 1.12485945225, "bpm_histogram_second_peak_weight": {"dmean2": 0, "median": 0.0795755982399, "min": 0.0795755982399, "dvar2": 0, "dvar": 0, "dmean": 0, "max": 0.0795755982399, "var": 0, "mean": 0.0795755982399}, "beats_count": 378, "bpm_histogram_second_peak_bpm": {"dmean2": 0, "median": 103, "min": 103, "dvar2": 0, "dvar": 0, "dmean": 0, "max": 103, "var": 0, "mean": 103}, "bpm_histogram_first_peak_spread": {"dmean2": 0, "median": 0.469512224197, "min": 0.469512224197, "dvar2": 0, "dvar": 0, "dmean": 0, "max": 0.469512224197, "var": 0, "mean": 0.469512224197}, "beats_loudness_band_ratio": {"dmean2": [0.51165574789, 0.269340664148, 0.356901824474, 0.208347320557, 0.132809653878, 0.0638305544853], "median": [0.188671648502, 0.186726719141, 0.269112884998, 0.107888273895, 0.0586040690541, 0.0272890292108], "min": [0, 0, 0, 0, 0, 0], "dvar2": [0.130353599787, 0.0459018573165, 0.0760132297873, 0.0360823236406, 0.0203871242702, 0.0127963991836], "dvar": [0.0431397221982, 0.0166227221489, 0.0246877409518, 0.0125379143283, 0.00691928016022, 0.00457890238613], "dmean": [0.278623223305, 0.157192200422, 0.203096628189, 0.118511192501, 0.0758998692036, 0.0353941246867], "max": [0.926184415817, 0.780297458172, 0.890414595604, 0.783115983009, 0.502823472023, 0.696611464024], "var": [0.0474089346826, 0.0262284334749, 0.0334706045687, 0.0173549354076, 0.00759935611859, 0.00307983323], "mean": [0.255660116673, 0.235134065151, 0.292875498533, 0.149479150772, 0.0848110243678, 0.0388781353831]}}, "lowlevel": {"barkbands_spread": {"dmean2": 7.71822166443, "median": 15.5984325409, "min": 0.944832026958, "dvar2": 77.7992782593, "dvar": 38.2567749023, "dmean": 5.29645299911, "max": 95.4788284302, "var": 113.476081848, "mean": 17.7401752472}, "melbands_spread": {"dmean2": 8.62650775909, "median": 18.1050338745, "min": 0.894149005413, "dvar2": 124.996040344, "dvar": 57.6877250671, "dmean": 5.69796991348, "max": 203.112350464, "var": 300.297454834, "mean": 21.3438205719}, "hfc": {"dmean2": 9.64627361298, "median": 16.4795684814, "min": 1.05582617171e-16, "dvar2": 135.920669556, "dvar": 67.81224823, "dmean": 6.89980792999, "max": 203.691741943, "var": 278.941345215, "mean": 20.2535018921}, "barkbands_kurtosis": {"dmean2": 3.43160319328, "median": 1.8166475296, "min": -1.89378190041, "dvar2": 28.0754032135, "dvar": 12.4428787231, "dmean": 2.1987683773, "max": 112.270645142, "var": 28.0935668945, "mean": 3.29097962379}, "gfcc": {"mean": [-19.8846111298, 99.0849380493, -124.377029419, 10.6600885391, -64.4080276489, 9.72578048706, -48.1589698792, 4.07539987564, -18.5265045166, -3.09415411949, -12.180015564, -1.83803963661, -12.1347885132], "icov": [[0.000166311408975, -0.000273280311376, 0.000314157805406, -0.000262192828814, 0.000319267826853, -0.000446116784588, 0.00053460727213, -0.00073878391413, 0.000615449273027, -0.000515686348081, 0.000501966977026, -0.000643841223791, 0.000577081518713], [-0.000273280311376, 0.00182308093645, -0.000321848492604, 0.00078006827971, -0.00110875465907, 0.000644757936243, -0.000875266559888, 0.00176040886436, -0.00214229733683, 0.00251289410517, -0.00301241921261, 0.00203401665203, -0.00185678375419], [0.000314157805406, -0.000321848492604, 0.0020479215309, -0.000514457235113, -0.000403980870033, -0.00155206618365, 0.0011983551085, -0.00142521515954, 0.0015366745647, -0.00159544846974, 0.00104819657281, -0.00255294283852, 0.00143898709211], [-0.000262192828814, 0.00078006827971, -0.000514457235113, 0.00336446030997, -0.00108914845623, 0.000110796827357, -0.000205108721275, 0.00104351108894, -0.0018359842943, 0.00128342187963, -0.00197886372916, 0.00108346657362, -0.0027608089149], [0.000319267826853, -0.00110875465907, -0.000403980870033, -0.00108914845623, 0.00551901757717, -0.000697322422639, 0.000644083658699, -0.00175224593841, -0.000659140700009, -0.000726236961782, 0.00118087569717, -0.00179531343747, 0.000723369943444], [-0.000446116784588, 0.000644757936243, -0.00155206618365, 0.000110796827357, -0.000697322422639, 0.00748631590977, -0.00369295082055, 0.000293888850138, 0.000733284337912, -0.00106306700036, -0.000488454010338, 0.00134778546635, -0.00225509540178], [0.00053460727213, -0.000875266559888, 0.0011983551085, -0.000205108721275, 0.000644083658699, -0.00369295082055, 0.00710007036105, -0.00440961727872, 0.00266736280173, -0.00092018826399, -0.00134936766699, -0.00073619763134, 0.000337920384482], [-0.00073878391413, 0.00176040886436, -0.00142521515954, 0.00104351108894, -0.00175224593841, 0.000293888850138, -0.00440961727872, 0.0135249672458, -0.00730603095144, 0.00218488345854, -0.00125402701087, 0.000657145574223, -0.000154898225446], [0.000615449273027, -0.00214229733683, 0.0015366745647, -0.0018359842943, -0.000659140700009, 0.000733284337912, 0.00266736280173, -0.00730603095144, 0.014801341109, -0.00644719228148, 0.000532708596438, -6.44641986582e-05, 0.000281570275547], [-0.000515686348081, 0.00251289410517, -0.00159544846974, 0.00128342187963, -0.000726236961782, -0.00106306700036, -0.00092018826399, 0.00218488345854, -0.00644719228148, 0.014404559508, -0.00504272710532, 0.00197170511819, -0.00170801125932], [0.000501966977026, -0.00301241921261, 0.00104819657281, -0.00197886372916, 0.00118087569717, -0.000488454010338, -0.00134936766699, -0.00125402701087, 0.000532708596438, -0.00504272710532, 0.0170785374939, -0.00700521795079, 0.0042707552202], [-0.000643841223791, 0.00203401665203, -0.00255294283852, 0.00108346657362, -0.00179531343747, 0.00134778546635, -0.00073619763134, 0.000657145574223, -6.44641986582e-05, 0.00197170511819, -0.00700521795079, 0.0172201450914, -0.00728176627308], [0.000577081518713, -0.00185678375419, 0.00143898709211, -0.0027608089149, 0.000723369943444, -0.00225509540178, 0.000337920384482, -0.000154898225446, 0.000281570275547, -0.00170801125932, 0.0042707552202, -0.00728176627308, 0.0157449096441]], "cov": [[18197.1796875, -355.256835938, -1163.73364258, 197.464859009, -825.357299805, 429.344665527, -566.125183105, 345.255004883, -363.029083252, 159.358230591, -268.904602051, 125.221298218, -298.282592773], [-355.256835938, 1698.05554199, -446.151641846, 0.241641908884, 184.378555298, -181.555679321, 81.8359909058, -80.01953125, 188.173553467, -165.73840332, 201.026367188, -98.0325317383, 95.8600540161], [-1163.73364258, -446.151641846, 1301.16943359, 150.358032227, 246.377334595, 292.768493652, 77.4366073608, 128.625320435, -15.8752126694, 163.597793579, 21.8343200684, 196.962631226, 30.9017219543], [197.464859009, 0.241641908884, 150.358032227, 457.616973877, 120.947669983, 69.2465438843, 15.8967933655, 43.2245254517, 66.4753112793, 36.8936576843, 48.1046981812, 56.3007774353, 79.53931427], [-825.357299805, 184.378555298, 246.377334595, 120.947669983, 337.419555664, 48.5831604004, 60.3409347534, 57.5537071228, 90.9734725952, 30.2265586853, 56.3625526428, 49.2166824341, 50.5382232666], [429.344665527, -181.555679321, 292.768493652, 69.2465438843, 48.5831604004, 316.845062256, 143.055511475, 89.8687973022, -25.7922401428, 82.2733230591, 15.2043361664, 66.9095458984, 25.4071350098], [-566.125183105, 81.8359909058, 77.4366073608, 15.8967933655, 60.3409347534, 143.055511475, 311.367095947, 82.5156326294, 17.8257102966, 25.7848987579, 67.0910186768, 23.2640800476, 32.996383667], [345.255004883, -80.01953125, 128.625320435, 43.2245254517, 57.5537071228, 89.8687973022, 82.5156326294, 166.28704834, 53.4302139282, 51.8070144653, 18.8590736389, 37.005065918, 0.488509267569], [-363.029083252, 188.173553467, -15.8752126694, 66.4753112793, 90.9734725952, -25.7922401428, 17.8257102966, 53.4302139282, 161.195053101, 34.7874526978, 47.3979454041, -4.95219087601, 26.617483139], [159.358230591, -165.73840332, 163.597793579, 36.8936576843, 30.2265586853, 82.2733230591, 25.7848987579, 51.8070144653, 34.7874526978, 138.312423706, 20.7812767029, 37.0516700745, 2.3634853363], [-268.904602051, 201.026367188, 21.8343200684, 48.1046981812, 56.3625526428, 15.2043361664, 67.0910186768, 18.8590736389, 47.3979454041, 20.7812767029, 120.746391296, 28.7411060333, 20.2829704285], [125.221298218, -98.0325317383, 196.962631226, 56.3007774353, 49.2166824341, 66.9095458984, 23.2640800476, 37.005065918, -4.95219087601, 37.0516700745, 28.7411060333, 121.963226318, 35.625328064], [-298.282592773, 95.8600540161, 30.9017219543, 79.53931427, 50.5382232666, 25.4071350098, 32.996383667, 0.488509267569, 26.617483139, 2.3634853363, 20.2829704285, 35.625328064, 108.241172791]]}, "spectral_energyband_middle_low": {"dmean2": 0.00846106279641, "median": 0.0116052087396, "min": 1.78551875382e-22, "dvar2": 0.000113612411951, "dvar": 4.71307357657e-05, "dmean": 0.00548386154696, "max": 0.127388060093, "var": 0.000156561509357, "mean": 0.0148428985849}, "melbands_crest": {"dmean2": 4.69456529617, "median": 11.5335216522, "min": 1.21798408031, "dvar2": 17.1044216156, "dvar": 6.8060336113, "dmean": 2.90048909187, "max": 32.0816688538, "var": 20.2149066925, "mean": 12.2698326111}, "spectral_kurtosis": {"dmean2": 4.52299070358, "median": 4.99631404877, "min": -1.28544306755, "dvar2": 37.1634483337, "dvar": 16.7491035461, "dmean": 3.02270650864, "max": 162.410385132, "var": 37.1096420288, "mean": 6.59291219711}, "spectral_rms": {"dmean2": 0.000996026443318, "median": 0.00472215469927, "min": 3.11910913764e-12, "dvar2": 9.58632767833e-07, "dvar": 4.73815902069e-07, "dmean": 0.000687611231115, "max": 0.0116397533566, "var": 3.18140678246e-06, "mean": 0.00464155012742}, "zerocrossingrate": {"dmean2": 0.0141469174996, "median": 0.05078125, "min": 0.0029296875, "dvar2": 0.00024028714688, "dvar": 0.000192784020328, "dmean": 0.0125079210848, "max": 0.52197265625, "var": 0.00273470114917, "mean": 0.0595656335354}, "silence_rate_60dB": {"dmean2": 0.03222996369, "median": 0, "min": 0, "dvar2": 0.0368522293866, "dvar": 0.0158533547074, "dmean": 0.0161132272333, "max": 1, "var": 0.0453082844615, "mean": 0.0475723929703}, "erbbands_kurtosis": {"dmean2": 1.8106585741, "median": 0.329849123955, "min": -1.8047760725, "dvar2": 6.18002462387, "dvar": 2.48219299316, "dmean": 1.13607215881, "max": 35.4234580994, "var": 5.40670347214, "mean": 0.962023258209}, "erbbands": {"dmean2": [0.040086183697, 0.431414216757, 0.844314575195, 3.46398925781, 7.31904840469, 8.21880435944, 10.6530981064, 24.5453891754, 34.7831535339, 38.8513412476, 51.2783737183, 41.6472358704, 32.8110237122, 37.0381278992, 42.4745635986, 44.3148803711, 27.2747592926, 36.9914894104, 21.0487251282, 22.6967735291, 18.6486110687, 14.848938942, 9.16066837311, 8.74488258362, 4.83803367615, 5.1382932663, 3.30033731461, 3.36101317406, 3.62638783455, 3.18208670616, 2.91150259972, 3.00438499451, 2.3558049202, 1.46416890621, 0.657381594181, 0.361809283495, 0.0823905915022, 0.0185528025031, 0.00141179258935, 5.8022513258e-05], "median": [0.00312917493284, 0.0679112970829, 0.394565016031, 1.20293426514, 3.27959346771, 4.7377166748, 5.4770321846, 14.110666275, 18.5836372375, 13.8581829071, 14.0610980988, 17.9746513367, 14.8331108093, 10.8142700195, 10.8772239685, 14.2341365814, 14.5067129135, 13.3302354813, 11.4339370728, 11.7328357697, 10.4968137741, 9.17049980164, 6.19779539108, 5.43206119537, 2.77229380608, 1.83498358727, 1.11537146568, 1.16133368015, 1.27650475502, 1.05856990814, 0.919840812683, 0.693785965443, 0.389170646667, 0.1601690799, 0.0500548183918, 0.016476675868, 0.0031930571422, 0.000469841528684, 4.08269479522e-05, 3.47629174939e-05], "min": [6.84593625281e-23, 4.75984533823e-22, 1.96639996506e-21, 8.81891178373e-21, 2.12519695342e-20, 2.26487900142e-20, 5.31849636579e-20, 1.03022902526e-19, 1.3119089685e-19, 2.1118412177e-19, 3.67294584205e-19, 3.48076800431e-19, 7.16338255375e-19, 5.83017213351e-19, 9.50085692906e-19, 1.16355743436e-18, 1.48844616502e-18, 1.29729775355e-18, 2.55609273114e-18, 3.04919287866e-18, 3.59670372611e-18, 3.58561371564e-18, 4.43550415832e-18, 6.3681798131e-18, 7.31646628477e-18, 9.344105169e-18, 8.73550703332e-18, 1.07023315989e-17, 1.07433440409e-17, 1.2913114061e-17, 9.24186647247e-18, 1.06132301849e-17, 9.79601875306e-18, 7.94217630579e-18, 6.37933144852e-18, 4.17769801758e-18, 2.05999322671e-18, 9.484945076e-19, 2.75491081294e-19, 2.76460272016e-20], "dvar2": [0.0147272553295, 0.997333586216, 2.96411514282, 66.4020996094, 156.606262207, 186.380722046, 500.666046143, 1951.4864502, 4277.11181641, 10738.0439453, 24273.296875, 7771.53564453, 5923.26513672, 6444.68701172, 8526.87304688, 14531.1572266, 3388.67871094, 9845.44042969, 2486.92211914, 2131.03540039, 1947.80895996, 963.106689453, 351.238769531, 311.460327148, 107.819763184, 200.033508301, 58.2512779236, 98.1376495361, 109.575881958, 73.475151062, 30.9948215485, 34.3958702087, 19.2125988007, 6.8513379097, 1.24001932144, 0.402652740479, 0.0214530397207, 0.00117043941282, 7.32986154617e-06, 1.01653530038e-08], "dvar": [0.00668207369745, 0.507695734501, 1.19469738007, 25.2687664032, 63.9109344482, 73.2999038696, 219.486953735, 817.462585449, 1727.42346191, 4128.52978516, 10335.9941406, 3273.56811523, 2225.7890625, 2358.25317383, 3210.41015625, 5428.76953125, 1469.23632812, 5049.59960938, 1093.27490234, 954.648681641, 978.367675781, 463.853088379, 169.231185913, 145.798782349, 52.5739822388, 79.2461624146, 23.9876918793, 49.8524589539, 61.0133018494, 35.719707489, 16.1758346558, 17.2991695404, 9.73016166687, 3.56304717064, 0.593338668346, 0.186596348882, 0.010023843497, 0.000540315348189, 3.37681854035e-06, 4.78253525671e-09], "dmean": [0.0272402521223, 0.295924931765, 0.513383746147, 2.11559224129, 4.55960655212, 5.08712911606, 6.80267000198, 15.6075000763, 22.1908416748, 24.5212478638, 33.7713050842, 27.1345100403, 20.3555774689, 22.0209732056, 25.5449886322, 27.2756137848, 17.6273212433, 24.4781723022, 13.8440256119, 14.8598508835, 12.6173238754, 9.93811225891, 6.20144510269, 5.84649372101, 3.19587445259, 3.24797344208, 2.05309247971, 2.20131826401, 2.47774934769, 2.17664241791, 2.01568841934, 2.06196045876, 1.61899244785, 0.993639111519, 0.443046748638, 0.240744426847, 0.0547775067389, 0.0121578397229, 0.000928644964006, 3.96091199946e-05], "max": [1.11938500404, 9.48504447937, 17.6510028839, 76.5469284058, 128.361480713, 186.727874756, 444.326782227, 578.088562012, 937.684875488, 2273.99169922, 2662.97192383, 1406.77148438, 1318.45996094, 866.014099121, 1146.35424805, 3218.02783203, 1104.99938965, 3040.97363281, 1098.53369141, 765.896240234, 1201.23388672, 556.254211426, 324.502716064, 371.469696045, 243.818740845, 270.879394531, 102.766273499, 278.682128906, 363.344360352, 221.244674683, 172.360198975, 177.042373657, 101.018257141, 57.343788147, 17.4598789215, 5.73429489136, 1.08067417145, 0.226975664496, 0.0170026905835, 0.000781079812441], "var": [0.0157776679844, 1.90517652035, 1.82675993443, 23.8967227936, 116.387535095, 164.340270996, 647.418823242, 1754.58825684, 3964.26000977, 9819.57324219, 22244.0800781, 8853.12304688, 4320.08691406, 3722.18774414, 7622.984375, 6826.83886719, 3268.71923828, 10770.5253906, 2824.33081055, 2927.13623047, 2724.65576172, 1284.85400391, 535.408996582, 476.891418457, 170.077087402, 116.233680725, 41.0723838806, 124.253036499, 162.617675781, 86.3980789185, 39.3137664795, 34.4787445068, 18.0629367828, 6.4637594223, 0.84012401104, 0.224333897233, 0.0121065489948, 0.00061318319058, 3.76014941139e-06, 6.29391827545e-09], "mean": [0.0705731883645, 0.838010251522, 0.887542068958, 2.65108537674, 7.22722053528, 9.11424541473, 13.0006093979, 27.118812561, 40.3168106079, 43.4142837524, 56.8069801331, 52.3613090515, 36.7814292908, 33.2477493286, 42.0554008484, 39.8550491333, 33.608291626, 42.2276611328, 27.4698581696, 31.201461792, 26.4328842163, 21.0759925842, 13.6991605759, 12.7024707794, 6.74020957947, 5.24719572067, 3.05673837662, 3.34694075584, 3.79411649704, 3.10098600388, 2.70259737968, 2.43990087509, 1.82397758961, 1.04928064346, 0.439741492271, 0.225836932659, 0.0510294511914, 0.0109614534304, 0.000837042694911, 6.00924540777e-05]}, "spectral_strongpeak": {"dmean2": 0.960493683815, "median": 0.791778326035, "min": 0, "dvar2": 1.76322543621, "dvar": 0.714671730995, "dmean": 0.580063462257, "max": 13.1845064163, "var": 1.434268713, "mean": 1.2137131691}, "spectral_energy": {"dmean2": 0.0105737345293, "median": 0.0228562150151, "min": 9.97206294994e-21, "dvar2": 0.00015000932035, "dvar": 6.82363461237e-05, "dmean": 0.00713898707181, "max": 0.138870954514, "var": 0.000293807242997, "mean": 0.0253434497863}, "average_loudness": 0.753533899784, "spectral_rolloff": {"dmean2": 595.834716797, "median": 1162.79296875, "min": 86.1328125, "dvar2": 1106640, "dvar": 511613.09375, "dmean": 362.060577393, "max": 19509.0820312, "var": 3884421, "mean": 1460.4921875}, "spectral_centroid": {"dmean2": 296.970672607, "median": 997.222900391, "min": 246.490478516, "dvar2": 119835.359375, "dvar": 61678.015625, "dmean": 198.101303101, "max": 11593.5087891, "var": 1135265.375, "mean": 1151.8638916}, "pitch_salience": {"dmean2": 0.103640213609, "median": 0.569759249687, "min": 0.154881775379, "dvar2": 0.00781018706039, "dvar": 0.00322199310176, "dmean": 0.0646274760365, "max": 0.99049448967, "var": 0.0120017854497, "mean": 0.566867411137}, "spectral_energyband_middle_high": {"dmean2": 0.00343499355949, "median": 0.0039439657703, "min": 1.1471625886e-21, "dvar2": 2.5016906875e-05, "dvar": 1.07299210867e-05, "dmean": 0.00226764846593, "max": 0.0836524516344, "var": 4.11057771998e-05, "mean": 0.00605788640678}, "spectral_contrast_coeffs": {"dmean2": [0.0853946134448, 0.0826836004853, 0.069651722908, 0.0545235201716, 0.0426522009075, 0.0318273827434], "median": [-0.604997575283, -0.67021381855, -0.727220654488, -0.737288355827, -0.760760068893, -0.800843954086], "min": [-0.978530704975, -0.990684151649, -0.989180743694, -0.982822597027, -0.984833240509, -0.964644253254], "dvar2": [0.00486541632563, 0.00443843333051, 0.00319152022712, 0.00193183787633, 0.00143194908742, 0.000779907102697], "dvar": [0.00183993112296, 0.0017711907858, 0.00127049011644, 0.00086704781279, 0.000735072128009, 0.000371746456949], "dmean": [0.0526574030519, 0.0512353926897, 0.0434011779726, 0.0359412394464, 0.0293979905546, 0.0217923875898], "max": [-0.307815492153, -0.382888883352, -0.443558394909, -0.514741718769, -0.510212421417, -0.619705796242], "var": [0.00994363054633, 0.00741243176162, 0.00546647841111, 0.00405384087935, 0.00377855845727, 0.00180787348654], "mean": [-0.605549514294, -0.668275654316, -0.724729478359, -0.737947285175, -0.756557643414, -0.795745313168]}, "melbands_skewness": {"dmean2": 0.886177837849, "median": 1.7896027565, "min": -1.69453763962, "dvar2": 0.844962239265, "dvar": 0.370233744383, "dmean": 0.579766988754, "max": 11.721868515, "var": 1.37175047398, "mean": 1.94513070583}, "spectral_spread": {"dmean2": 1403556.625, "median": 3992856.5, "min": 798331.3125, "dvar2": 2677359247360.0, "dvar": 1527033757700.0, "dmean": 1131011.75, "max": 48315100, "var": 15939899752400.0, "mean": 4835330}, "dissonance": {"dmean2": 0.0428962372243, "median": 0.451652735472, "min": 0.238514244556, "dvar2": 0.00147574453149, "dvar": 0.000561784545425, "dmean": 0.0258712396026, "max": 0.500000178814, "var": 0.00132855738048, "mean": 0.444224625826}, "spectral_skewness": {"dmean2": 0.489955306053, "median": 1.82259321213, "min": -0.0983791574836, "dvar2": 0.257864177227, "dvar": 0.11975467205, "dmean": 0.332660794258, "max": 9.98017597198, "var": 0.413821607828, "mean": 1.92346704006}, "spectral_flux": {"dmean2": 0.0334063954651, "median": 0.0755000039935, "min": 6.40160910392e-11, "dvar2": 0.00100801559165, "dvar": 0.000459346192656, "dmean": 0.0218294803053, "max": 0.258169859648, "var": 0.00147829623893, "mean": 0.0780540108681}, "spectral_contrast_valleys": {"dmean2": [0.716781914234, 0.594704627991, 0.556651473045, 0.50184482336, 0.516645371914, 0.66492754221], "median": [-7.82947206497, -6.671002388, -7.32236385345, -7.72559833527, -8.04241466522, -10.1542434692], "min": [-28.1973800659, -28.1134967804, -27.7120456696, -27.7310638428, -27.5045623779, -27.4162006378], "dvar2": [0.365023076534, 0.25877609849, 0.243215709925, 0.210396498442, 0.299098402262, 0.489237874746], "dvar": [0.190697982907, 0.120370455086, 0.118808820844, 0.10766672343, 0.158810585737, 0.298731505871], "dmean": [0.461606413126, 0.378929674625, 0.368668317795, 0.343830913305, 0.397236287594, 0.603843986988], "max": [-5.47804641724, -4.79650735855, -4.89451122284, -5.89680194855, -5.68711233139, -7.23945140839], "var": [4.68765878677, 4.57821989059, 4.37131404877, 4.16713142395, 4.26105260849, 4.04319524765], "mean": [-8.02164077759, -6.94176435471, -7.55874443054, -7.98578929901, -8.31175422668, -10.3851671219]}, "erbbands_flatness_db": {"dmean2": 0.0369848236442, "median": 0.17929930985, "min": 0.0436685271561, "dvar2": 0.00117157807108, "dvar": 0.000699472322594, "dmean": 0.0297850072384, "max": 0.404716014862, "var": 0.0029665462207, "mean": 0.17961139977}, "spectral_energyband_high": {"dmean2": 0.000567858631257, "median": 0.000198554160306, "min": 6.91993854965e-21, "dvar2": 9.90148691926e-07, "dvar": 5.49863443666e-07, "dmean": 0.000405050930567, "max": 0.0278007015586, "var": 1.40627855671e-06, "mean": 0.000561965687666}, "spectral_entropy": {"dmean2": 0.336902558804, "median": 7.38227462769, "min": 5.01363563538, "dvar2": 0.1110701859, "dvar": 0.0630047768354, "dmean": 0.26167422533, "max": 9.82176017761, "var": 0.290231257677, "mean": 7.3709321022}, "silence_rate_20dB": {"dmean2": 0, "median": 1, "min": 1, "dvar2": 0, "dvar": 0, "dmean": 0, "max": 1, "var": 0, "mean": 1}, "melbands_flatness_db": {"dmean2": 0.0398861803114, "median": 0.195209518075, "min": 0.000242032474489, "dvar2": 0.00151405460201, "dvar": 0.0008218169678, "dmean": 0.030040293932, "max": 0.523821055889, "var": 0.00428271852434, "mean": 0.201284483075}, "barkbands": {"dmean2": [8.95627272257e-06, 0.00175935216248, 0.000930706679355, 0.00151528196875, 0.00250758649781, 0.00260235904716, 0.0025316060055, 0.00224789930508, 0.00199243496172, 0.000852998055052, 0.00116212666035, 0.00116745440755, 0.000659492216073, 0.000689006526954, 0.000465624209028, 0.000376538402634, 0.0002907574235, 0.00018773235206, 0.000131541746669, 0.000102926729596, 7.76887609391e-05, 0.000102421749034, 0.000100597091659, 0.000142628181493, 0.000111077941256, 6.08691480011e-05, 9.02266856428e-06], "median": [8.14790439563e-07, 0.000233137019677, 0.000253219390288, 0.000468889309559, 0.00158448237926, 0.00157273968216, 0.0011390412692, 0.00040271593025, 0.00080983072985, 0.000282244873233, 0.000222177346586, 0.000294214114547, 0.000260429980699, 0.000227341079153, 0.00019274346414, 0.000176034751348, 0.000162791708135, 9.84428770607e-05, 7.64887372497e-05, 3.49720721715e-05, 2.68302210316e-05, 3.58094657713e-05, 3.38296886184e-05, 2.76277896774e-05, 1.036656613e-05, 2.39798373514e-06, 1.31448501861e-07], "min": [5.7542107807e-25, 1.76910715744e-24, 1.0959745136e-24, 7.75952231887e-25, 7.0498432284e-24, 9.39638177733e-24, 1.20779077431e-23, 9.69089116338e-24, 1.15958261664e-23, 1.44991135544e-23, 2.49392474506e-23, 2.51070649864e-23, 2.89254089363e-23, 2.09281847815e-23, 4.23827385798e-23, 6.56781986969e-23, 5.02971339173e-23, 8.91129148518e-23, 1.16442092145e-22, 1.65521723385e-22, 2.78364123313e-22, 2.53060747135e-22, 3.22103342929e-22, 5.6071677785e-22, 8.66197142811e-22, 1.27728944846e-21, 1.98948387793e-21], "dvar2": [8.89851359265e-10, 1.87958703464e-05, 4.77467983728e-06, 1.09992015496e-05, 1.50432888404e-05, 1.84682248801e-05, 2.75556540146e-05, 4.21550757892e-05, 1.5733348846e-05, 4.11991777582e-06, 6.41392534817e-06, 9.43688974075e-06, 2.17365482058e-06, 3.2027121506e-06, 1.1768619288e-06, 7.78788660227e-07, 3.62388334452e-07, 1.3912739405e-07, 7.34948031322e-08, 7.85251472735e-08, 3.73687356614e-08, 8.69810108384e-08, 3.63678154258e-08, 7.13649228601e-08, 3.64696575161e-08, 1.14079909963e-08, 2.9872065932e-10], "dvar": [3.53802709352e-10, 9.32012699195e-06, 1.88916828847e-06, 4.10489201386e-06, 6.05813238508e-06, 7.83122504799e-06, 1.07148816824e-05, 1.75747918547e-05, 6.69569271849e-06, 1.58256682425e-06, 2.3701502414e-06, 3.52904021383e-06, 9.03624822968e-07, 1.64491143551e-06, 4.85087582547e-07, 3.91965556901e-07, 1.74433381517e-07, 6.28118144164e-08, 3.75132316321e-08, 3.12708401395e-08, 1.82848420849e-08, 4.85536553185e-08, 1.90807671885e-08, 3.65041437078e-08, 1.83482136151e-08, 5.34821031906e-09, 1.368093e-10], "dmean": [5.40969176654e-06, 0.00120506784879, 0.000562228786293, 0.000915535259992, 0.00156093377154, 0.00165960635059, 0.00160573259927, 0.00144534464926, 0.00129116827156, 0.000518953194842, 0.000689556647558, 0.000713639485184, 0.000418823823566, 0.000453731656307, 0.000299208710203, 0.000255470484262, 0.000191195533262, 0.000122900426504, 8.80679654074e-05, 6.48542918498e-05, 5.01347603858e-05, 7.06202554284e-05, 6.98363874108e-05, 9.79836113402e-05, 7.5371521234e-05, 4.04960883316e-05, 5.87422618992e-06], "max": [0.0002351594012, 0.0404551401734, 0.0217221416533, 0.0286063142121, 0.0412182733417, 0.0473547279835, 0.103337422013, 0.10078021884, 0.0530744306743, 0.050843488425, 0.0328778587282, 0.0748802125454, 0.0201173238456, 0.0561653375626, 0.0165462624282, 0.0195662714541, 0.0118477949873, 0.0048882807605, 0.00824709422886, 0.00524166785181, 0.00456590764225, 0.00931350886822, 0.00528192194179, 0.00662325229496, 0.00381721765734, 0.000920054502785, 0.00011743556388], "var": [2.87921964048e-10, 3.14102435368e-05, 1.93275423044e-06, 4.01998340749e-06, 1.35455838972e-05, 1.81752293429e-05, 2.61006443907e-05, 3.80181445507e-05, 1.65819437825e-05, 3.04544369101e-06, 4.38044253315e-06, 4.8511165005e-06, 1.83704059964e-06, 3.41670647686e-06, 1.14536510409e-06, 1.19594574244e-06, 4.57719892211e-07, 1.74382535079e-07, 1.26583572069e-07, 4.61325129208e-08, 4.31956088676e-08, 1.32803236852e-07, 4.69182097618e-08, 7.14657701906e-08, 3.01632816502e-08, 6.47491393835e-09, 1.