{"metadata": {"tags": {"label": ["Drum & Bass Arena"], "originalyear": ["2013"], "asin": ["B00CVY81M2"], "album": ["Drum & Bass Arena 2013"], "musicbrainz album type": ["album/compilation"], "script": ["Latn"], "albumartistsort": ["Various Artists"], "musicbrainz_artistid": ["7ab552eb-c7ea-41ba-9e00-8351e23027b5"], "musicbrainz_releasegroupid": ["95b8ba09-8913-429f-886d-6b9bd4cab437"], "musicbrainz_recordingid": ["117ac2bf-7798-4486-a53a-d11d3d542326"], "albumartist": ["Various Artists"], "originaldate": ["2013"], "musicbrainz album status": ["official"], "artist": ["Original Sin"], "musicbrainz_albumid": ["1b4f7298-fbc4-4a7c-b8ef-1d0bb36cca04"], "artistsort": ["Original Sin"], "title": ["Therapy (remix)"], "tracknumber": ["20/36"], "musicbrainz_albumartistid": ["89ad4ac3-39f7-470e-963a-56509c546377"], "encoding": ["Lavf56.36.100"], "discnumber": ["1/1"], "date": ["2013"], "media": ["Digital Media"], "file_name": "Original Sin - Therapy - Remix.mp3"}, "audio_properties": {"sample_rate": 44100, "downmix": "mix", "lossless": false, "analysis_sample_rate": 44100, "md5_encoded": "beb1c249699c0e4f576e7a41f9f11549", "equal_loudness": 0, "replay_gain": -17.2866859436, "codec": "mp3", "bit_rate": 160011, "length": 366.18447876}, "version": {"extractor": "music 1.0", "essentia_build_sha": "70f2e5ece6736b2c40cc944ad0e695b16b925413", "essentia_git_sha": "v2.1_beta2", "essentia": "2.1-beta2"}}, "rhythm": {"beats_loudness_band_ratio": {"dvar2": [0.0468447990716, 0.0302799101919, 0.0151309613138, 0.0180412083864, 0.0121904984117, 0.00911312457174], "var": [0.0955977216363, 0.0186406318098, 0.0213805418462, 0.028438674286, 0.0111199263483, 0.00950635038316], "min": [1.11250274131e-05, 0.00100308365654, 0.00199036300182, 0.00423064688221, 0.00133370503318, 5.00051537529e-05], "dmean": [0.102333948016, 0.104691676795, 0.0563947111368, 0.0701336637139, 0.0588981546462, 0.038929309696], "mean": [0.379849582911, 0.168705806136, 0.128274381161, 0.187675982714, 0.123493641615, 0.0808784514666], "max": [0.958868384361, 0.700810551643, 0.68537312746, 0.805846810341, 0.792407274246, 0.568228363991], "dmean2": [0.179499939084, 0.184723064303, 0.09481087327, 0.11905708164, 0.100081726909, 0.0660608038306], "median": [0.395332038403, 0.133215427399, 0.054575510323, 0.136133134365, 0.0958913564682, 0.0375981628895], "dvar": [0.0185274779797, 0.010510334745, 0.00556639395654, 0.00653886189684, 0.00443616136909, 0.00333081046119]}, "bpm_histogram_first_peak_weight": {"dvar2": 0, "var": 0, "min": 0.40061634779, "dmean": 0, "mean": 0.40061634779, "max": 0.40061634779, "dmean2": 0, "median": 0.40061634779, "dvar": 0}, "bpm": 87.2953338623, "beats_count": 650, "bpm_histogram_first_peak_spread": {"dvar2": 0, "var": 0, "min": 0.257142782211, "dmean": 0, "mean": 0.257142782211, "max": 0.257142782211, "dmean2": 0, "median": 0.257142782211, "dvar": 0}, "danceability": 1.07045376301, "bpm_histogram_first_peak_bpm": {"dvar2": 0, "var": 0, "min": 88, "dmean": 0, "mean": 88, "max": 88, "dmean2": 0, "median": 88, "dvar": 0}, "beats_position": [0.684988677502, 1.38158726692, 2.07818579674, 2.77478456497, 3.47138309479, 4.15637159348, 4.82975053787, 5.50312900543, 6.18811798096, 6.87310647964, 7.58131504059, 8.28952407837, 8.98612213135, 9.69433116913, 10.4025392532, 11.1223583221, 11.8305664062, 12.5155553818, 13.1889343262, 13.8623123169, 14.5356912613, 15.1742401123, 15.8127889633, 16.4861679077, 17.1595458984, 17.8793640137, 18.5991840363, 19.3190021515, 20.0388202667, 20.758638382, 21.4784584045, 22.1982765198, 22.9413146973, 23.6843528748, 24.4273910522, 25.1704311371, 25.9134693146, 26.6565074921, 27.3879356384, 28.1193637848, 28.8159637451, 29.5125617981, 30.2091598511, 30.8941497803, 31.5791378021, 32.264125824, 32.9491157532, 33.6341018677, 34.3307037354, 35.0273017883, 35.7122879028, 36.4088897705, 37.093875885, 37.7672538757, 38.4290237427, 39.0907936096, 39.7525634766, 40.3330612183, 40.91355896, 41.4824485779, 41.9468460083, 42.4112472534, 42.8756446838, 43.3284339905, 43.7812232971, 44.2340126038, 44.7332420349, 45.2324714661, 45.7317008972, 46.2077102661, 46.683719635, 47.1597251892, 47.6357345581, 48.111743927, 48.5993652344, 49.0869827271, 49.5629920959, 50.0390014648, 50.5150108337, 50.8749198914, 51.2464370728, 51.6063499451, 51.9662590027, 52.3261680603, 52.6860771179, 53.0459861755, 53.4058952332, 53.7541923523, 54.1141014099, 54.4624023438, 54.8107032776, 55.1590003967, 55.5189094543, 55.8672103882, 56.2155075073, 56.5638084412, 56.912109375, 57.2604064941, 57.608707428, 57.9570045471, 58.3169136047, 58.6652145386, 59.0251235962, 59.37342453, 59.7565536499, 60.1396827698, 60.5228118896, 60.9756011963, 61.4283905029, 61.8811798096, 62.3339653015, 62.8331947327, 63.3324241638, 63.831653595, 64.3308868408, 64.8301086426, 65.3409500122, 65.8401794434, 66.351020813, 66.8618545532, 67.2798156738, 67.6977767944, 68.115737915, 68.5917434692, 69.0561447144, 69.5321502686, 69.9849395752, 70.4377288818, 70.8905181885, 71.3433074951, 71.7960968018, 72.2372741699, 72.6900634766, 73.1428527832, 73.5956420898, 74.060043335, 74.5244445801, 74.9772338867, 75.4300231934, 75.789932251, 76.1498413086, 76.5097503662, 76.8696594238, 77.2295684814, 77.5894775391, 77.9493865967, 78.2976837158, 78.6459884644, 78.9942855835, 79.3425827026, 79.6908798218, 80.0391845703, 80.375869751, 80.712562561, 81.0492477417, 81.3859405518, 81.7342376709, 82.08253479, 82.4308395386, 82.7791366577, 83.1274337769, 83.4757385254, 83.8240356445, 84.1723327637, 84.5206298828, 84.8689346313, 85.2172317505, 85.5655288696, 85.9138336182, 86.2621307373, 86.6104278564, 86.9587249756, 87.3070297241, 87.6553268433, 87.9920196533, 88.3403167725, 88.6770019531, 89.0253067017, 89.3619918823, 89.6986846924, 90.0469818115, 90.3952789307, 90.7319717407, 91.0802688599, 91.4169616699, 91.7652587891, 92.1135559082, 92.4618606567, 92.8101577759, 93.158454895, 93.5067520142, 93.8550567627, 94.2033538818, 94.5632629395, 94.9231719971, 95.2830810547, 95.6429901123, 96.0028991699, 96.3511962891, 96.7111129761, 97.0710220337, 97.4309310913, 97.7792282104, 98.1275253296, 98.4758224487, 98.8241271973, 99.1608123779, 99.5091171265, 99.8458023071, 100.194099426, 100.542404175, 100.890701294, 101.250610352, 101.610519409, 101.970428467, 102.330337524, 102.701858521, 103.061767578, 103.421676636, 103.781585693, 104.141494751, 104.501403809, 104.861312866, 105.209609985, 105.557914734, 105.906211853, 106.254508972, 106.61441803, 106.985939026, 107.345848083, 107.694145203, 108.042449951, 108.39074707, 108.739044189, 109.075737, 109.41242218, 109.760726929, 110.109024048, 110.457321167, 110.805618286, 111.165527344, 111.513832092, 111.87374115, 112.222038269, 112.570335388, 112.918640137, 113.278549194, 113.638458252, 114.009971619, 114.381492615, 114.903945923, 115.414779663, 115.937232971, 116.448066711, 116.97052002, 117.655509949, 118.340499878, 119.025482178, 119.710472107, 120.395462036, 121.080451965, 121.765441895, 122.450431824, 123.135414124, 123.832015991, 124.505393982, 125.20199585, 125.886978149, 126.571968079, 127.256958008, 127.941947937, 128.626937866, 129.311920166, 129.996917725, 130.681900024, 131.366897583, 132.051879883, 132.736862183, 133.421859741, 134.106842041, 134.7918396, 135.476821899, 136.161804199, 136.846801758, 137.531784058, 138.216781616, 138.901763916, 139.586761475, 140.271743774, 140.968338013, 141.653335571, 142.338317871, 143.02331543, 143.708297729, 144.393280029, 145.078277588, 145.763259888, 146.448257446, 147.144851685, 147.829833984, 148.514831543, 149.199813843, 149.884811401, 150.569793701, 151.254776001, 151.928161621, 152.613143921, 153.298141479, 153.983123779, 154.668121338, 155.353103638, 156.038085938, 156.734695435, 157.419677734, 158.104675293, 158.789657593, 159.474639893, 160.17124939, 160.856231689, 161.541213989, 162.226211548, 162.911193848, 163.596191406, 164.281173706, 164.966171265, 165.651153564, 166.336135864, 167.021133423, 167.706115723, 168.391113281, 169.076095581, 169.761077881, 170.446075439, 171.131057739, 171.827667236, 172.512649536, 173.197631836, 173.871017456, 174.555999756, 175.240997314, 175.925979614, 176.610977173, 177.307571411, 178.004165649, 178.67755127, 179.362533569, 180.047531128, 180.732513428, 181.417495728, 182.114105225, 182.787475586, 183.484085083, 184.157455444, 184.854049683, 185.539047241, 186.224029541, 186.9090271, 187.594009399, 188.278991699, 188.963989258, 189.648971558, 190.333969116, 191.018951416, 191.703948975, 192.388931274, 193.073913574, 193.758911133, 194.443893433, 195.140487671, 195.825485229, 196.510467529, 197.195465088, 197.880447388, 198.565444946, 199.250427246, 199.935409546, 200.620407104, 201.317001343, 202.001998901, 202.675369263, 203.360351562, 204.022125244, 204.683898926, 205.334060669, 205.984207153, 206.68081665, 207.377410889, 208.074005127, 208.770614624, 209.467208862, 210.163803101, 210.860397339, 211.557006836, 212.253601074, 212.961807251, 213.658401489, 214.343399048, 215.039993286, 215.643707275, 216.259048462, 216.87437439, 217.489700317, 218.105026245, 218.615875244, 219.126708984, 219.637542725, 220.055511475, 220.473464966, 220.891418457, 221.309387207, 221.646072388, 221.982757568, 222.319458008, 222.656143188, 222.981216431, 223.306304932, 223.631378174, 223.956451416, 224.281539917, 224.618225098, 224.954910278, 225.291610718, 225.628295898, 225.953369141, 226.278457642, 226.615142822, 226.951828003, 227.288528442, 227.613601685, 227.950286865, 228.275375366, 228.612060547, 228.971969604, 229.343490601, 229.715011597, 230.086532593, 230.527709961, 230.957275391, 231.38684082, 231.955734253, 232.524627686, 233.093505859, 233.697235107, 234.300949097, 234.904663086, 235.508392334, 236.123718262, 236.750656128, 237.365982056, 238.062576294, 238.759185791, 239.444168091, 240.140762329, 240.825759888, 241.510742188, 242.207336426, 242.915557861, 243.623764038, 244.320358276, 245.016952515, 245.713562012, 246.41015625, 247.106750488, 247.803344727, 248.499954224, 249.196548462, 249.8931427, 250.589752197, 251.274734497, 251.959716797, 252.644714355, 253.329696655, 254.014694214, 254.699676514, 255.384674072, 256.069641113, 256.766265869, 257.45123291, 258.136230469, 258.832824707, 259.529418945, 260.237640381, 260.945831299, 261.642456055, 262.327423096, 263.012420654, 263.709014893, 264.394012451, 265.102203369, 265.810424805, 266.495422363, 267.168792725, 267.830566406, 268.515563965, 269.188934326, 269.873931885, 270.558898926, 271.255493164, 271.940490723, 272.625488281, 273.31048584, 273.995452881, 274.680450439, 275.365447998, 276.038818359, 276.735412598, 277.432006836, 278.105377197, 278.802001953, 279.486968994, 280.171966553, 280.856964111, 281.541931152, 282.226928711, 282.91192627, 283.596923828, 284.281890869, 284.966888428, 285.651885986, 286.336853027, 287.021850586, 287.706848145, 288.391845703, 289.065216064, 289.761810303, 290.446807861, 291.131774902, 291.816772461, 292.50177002, 293.198364258, 293.883361816, 294.568328857, 295.253326416, 295.938323975, 296.623291016, 297.308288574, 297.993286133, 298.678283691, 299.363250732, 300.048248291, 300.744842529, 301.429840088, 302.114837646, 302.799804688, 303.484802246, 304.169799805, 304.854766846, 305.528167725, 306.213134766, 306.898132324, 307.583129883, 308.268127441, 308.953094482, 309.638092041, 310.334686279, 311.019683838, 311.704650879, 312.389648438, 313.074645996, 313.771240234, 314.456237793, 315.141204834, 315.826202393, 316.511199951, 317.19619751, 317.881164551, 318.566162109, 319.251159668, 319.936126709, 320.621124268, 321.306121826, 321.991119385, 322.676086426, 323.361083984, 324.046081543, 324.731048584, 325.42767334, 326.112640381, 326.797637939, 327.471008301, 328.167602539, 328.852600098, 329.537597656, 330.222564697, 330.907562256, 331.592559814, 332.277557373, 332.962524414, 333.647521973, 334.332519531, 335.017486572, 335.714111328, 336.387481689, 337.084075928, 337.757446289, 338.454040527, 339.139038086, 339.824035645, 340.509033203, 341.194000244, 341.878997803, 342.563995361, 343.248962402, 343.933959961, 344.61895752, 345.303924561, 345.988922119, 346.673919678, 347.358917236, 348.043884277, 348.740478516, 349.425476074, 350.110473633, 350.795471191, 351.480438232, 352.165435791, 352.85043335, 353.535400391, 354.057861328, 354.568695068, 355.079528809, 355.439453125, 355.799346924, 356.15927124, 356.519165039, 356.867462158, 357.215789795, 357.564086914, 357.923980713, 358.283905029, 358.632202148, 358.980499268, 359.328796387, 359.677093506, 360.025390625, 360.373687744, 360.721984863, 361.08190918, 361.441802979, 361.813323975, 362.173248291, 362.544769287, 362.881439209, 363.229736328, 363.578033447, 363.926330566, 364.286254883, 364.646148682, 365.006072998, 365.365966797], "beats_loudness": {"dvar2": 0.000485292519443, "var": 0.00101637304761, "min": 1.971852015e-08, "dmean": 0.00917114410549, "mean": 0.0314673818648, "max": 0.114895224571, "dmean2": 0.0160440728068, "median": 0.0142999682575, "dvar": 0.000181595634785}, "bpm_histogram_second_peak_weight": {"dvar2": 0, "var": 0, "min": 0.135593220592, "dmean": 0, "mean": 0.135593220592, "max": 0.135593220592, "dmean2": 0, "median": 0.135593220592, "dvar": 0}, "bpm_histogram_second_peak_spread": {"dvar2": 0, "var": 0, "min": 0, "dmean": 0, "mean": 0, "max": 0, "dmean2": 0, "median": 0, "dvar": 0}, "bpm_histogram_second_peak_bpm": {"dvar2": 0, "var": 0, "min": 172, "dmean": 0, "mean": 172, "max": 172, "dmean2": 0, "median": 172, "dvar": 0}, "onset_rate": 2.80446386337}, "lowlevel": {"spectral_energyband_high": {"dvar2": 4.62779871668e-06, "var": 4.54992732557e-06, "min": 7.54824119381e-21, "dmean": 0.000740926712751, "mean": 0.00166580209043, "max": 0.0125634269789, "dmean2": 0.00126301345881, "median": 0.000932387192734, "dvar": 1.73514376911e-06}, "spectral_energyband_middle_low": {"dvar2": 0.000298639381072, "var": 9.69039392658e-05, "min": 2.82214345132e-22, "dmean": 0.00371315842494, "mean": 0.00430695200339, "max": 0.0915895551443, "dmean2": 0.00641017081216, "median": 0.00175024894997, "dvar": 0.000111513545562}, "spectral_energy": {"dvar2": 0.000287607428618, "var": 0.000635374221019, "min": 1.03214538625e-20, "dmean": 0.00652704806998, "mean": 0.0266024712473, "max": 0.133061483502, "dmean2": 0.0103925000876, "median": 0.0165360495448, "dvar": 0.000116005183372}, "spectral_spread": {"dvar2": 579233972224, "var": 2364432449540.0, "min": 761676.0625, "dmean": 430551.46875, "mean": 3470899.25, "max": 47525356, "dmean2": 642222.875, "median": 3585873, "dvar": 353595293696}, "spectral_energyband_low": {"dvar2": 0.000290095602395, "var": 0.0003978011664, "min": 3.75866599136e-23, "dmean": 0.00521695660427, "mean": 0.0160988084972, "max": 0.126261755824, "dmean2": 0.00877877138555, "median": 0.00342051684856, "dvar": 0.000115066191938}, "spectral_rolloff": {"dvar2": 1743604.5, "var": 2184953.25, "min": 64.599609375, "dmean": 616.338439941, "mean": 1962.12768555, "max": 19035.3515625, "dmean2": 1040.08654785, "median": 1614.99023438, "dvar": 699695.5625}, "barkbands": {"dvar2": [1.37616314078e-06, 0.000196834866074, 0.00013120053336, 2.56443036051e-05, 0.00015939034347, 6.74934483413e-07, 1.19361959605e-06, 2.41960179892e-07, 2.38959756871e-07, 2.81439668015e-07, 3.92995531229e-07, 7.60662999255e-07, 4.14019240225e-07, 3.45805631241e-07, 4.08062874158e-07, 3.66083639847e-07, 5.03711589772e-07, 3.95700539002e-07, 4.7908383749e-07, 3.80948677048e-07, 3.93105239027e-07, 3.24823190567e-07, 1.63403186093e-07, 1.30393473796e-07, 5.40081082079e-08, 8.14567080454e-09, 5.54499363092e-11], "var": [2.76853666037e-06, 0.000237005704548, 6.27276458545e-05, 7.21994410924e-06, 4.88611112814e-05, 3.13281390163e-07, 4.18142207081e-07, 1.55786196387e-07, 1.69458402866e-07, 1.62990744457e-07, 1.9146720831e-07, 3.73869795567e-07, 2.11753004464e-07, 1.6532149516e-07, 2.80040552525e-07, 3.30492952116e-07, 3.05491056452e-07, 3.90758913227e-07, 4.79940126752e-07, 4.21314041432e-07, 3.92368121993e-07, 2.09137709817e-07, 1.2722404108e-07, 8.11842468806e-08, 4.02949495992e-08, 5.19877962901e-09, 1.83911046114e-11], "min": [4.36267809048e-24, 4.65648184045e-24, 1.49077293038e-23, 2.08153476954e-23, 6.44668018027e-24, 2.32694718834e-23, 4.85100010909e-23, 6.25981007588e-23, 7.86255266097e-23, 5.25604894503e-23, 3.64961701526e-23, 7.25815394111e-23, 5.96109685006e-23, 9.63355170407e-23, 7.79102190952e-23, 9.99741600542e-23, 8.55169713015e-23, 2.11608706651e-22, 2.12680989503e-22, 3.57355151268e-22, 4.83903839031e-22, 4.307479931e-22, 6.00585429347e-22, 6.93017309219e-22, 1.19230633404e-21, 1.50369964693e-21, 2.1774330052e-21], "dmean": [0.000284972367808, 0.00411535659805, 0.00266231130809, 0.00107403448783, 0.00223506405018, 0.000283298926661, 0.000289023009827, 0.000187016557902, 0.000198401117814, 0.000209957026527, 0.000226450880291, 0.000337357429089, 0.000249428121606, 0.000227302924031, 0.000258602522081, 0.00027521312586, 0.000258690939518, 0.000250851735473, 0.000249693257501, 0.000235008337768, 0.000219611130888, 0.000181266441359, 0.000127362814965, 0.000119764612464, 7.92085193098e-05, 2.99156599795e-05, 1.86273734926e-06], "mean": [0.000965116894804, 0.0118063474074, 0.00297953072004, 0.000963845930528, 0.00193392718211, 0.000382364029065, 0.000349626585376, 0.000274700374575, 0.000336424825946, 0.000346380402334, 0.000385553954402, 0.000501997885294, 0.000403102720156, 0.000382963073207, 0.000475693523185, 0.000575594254769, 0.000480337592307, 0.000583169574384, 0.000555586302653, 0.000525614421349, 0.000513538660016, 0.00031483406201, 0.000225449679419, 0.000182225296157, 0.000118852629384, 3.78456570616e-05, 1.77607262231e-06], "max": [0.0180269628763, 0.0988980531693, 0.0702890753746, 0.0409279987216, 0.0682028010488, 0.00578615861014, 0.0105753261596, 0.00447497423738, 0.00552587397397, 0.00539803970605, 0.00615544756874, 0.0102171041071, 0.00553432945162, 0.00407991372049, 0.00505447527394, 0.00532086100429, 0.00526446383446, 0.00468794163316, 0.00694236764684, 0.00448936317116, 0.00366625958122, 0.00361708598211, 0.00295928376727, 0.00267206318676, 0.00178501172923, 0.00062369753141, 5.65822192584e-05], "dmean2": [0.000473863008665, 0.0066250055097, 0.00433046324179, 0.00193227583077, 0.00395203521475, 0.00046882595052, 0.00048830837477, 0.000305319932522, 0.000332402880304, 0.000350630667526, 0.000385387364076, 0.000570003525354, 0.000423286459409, 0.000397087744204, 0.00043654977344, 0.000455244618934, 0.000440017553046, 0.000427135819336, 0.000415441289078, 0.000394772330765, 0.000366631516954, 0.000314300967148, 0.00020870139997, 0.000199367583264, 0.000127750987303, 4.84784504806e-05, 3.14539374813e-06], "median": [3.33208299708e-05, 0.0018354842905, 0.000362129008863, 0.00013891083654, 0.000230564546655, 0.000189209575183, 0.000144467339851, 0.000138204661198, 0.000212928047404, 0.000224380099098, 0.000264538801275, 0.000319810700603, 0.000273669516901, 0.000280410458799, 0.000341543287504, 0.000443854136392, 0.000339090358466, 0.000406568928156, 0.000336560071446, 0.000269170268439, 0.000279990548734, 0.000144069636008, 8.2468643086e-05, 6.21135695837e-05, 2.80288677459e-05, 6.0159518398e-06, 3.39299617735e-07], "dvar": [5.32298827238e-07, 7.94676452642e-05, 5.55721890123e-05, 9.14925749385e-06, 5.88042894378e-05, 2.55906769553e-07, 4.41479414803e-07, 9.30197785465e-08, 8.83870967527e-08, 1.04963781666e-07, 1.40915943803e-07, 2.88327441922e-07, 1.49468434074e-07, 1.18165480956e-07, 1.4817716476e-07, 1.39078636607e-07, 1.72334893023e-07, 1.38872565003e-07, 1.74285432308e-07, 1.46611000673e-07, 1.38252090665e-07, 1.18141066707e-07, 6.32989554106e-08, 4.9241506872e-08, 2.18170566058e-08, 3.38481909168e-09, 2.09684526686e-11]}, "melbands_skewness": {"dvar2": 2.59686517715, "var": 4.42497253418, "min": -1.24881362915, "dmean": 0.805635452271, "mean": 2.41817712784, "max": 13.9414672852, "dmean2": 1.31487619877, "median": 1.75455057621, "dvar": 1.07118725777}, "barkbands_skewness": {"dvar2": 0.983579933643, "var": 1.32915782928, "min": -2.62377691269, "dmean": 0.548554182053, "mean": 0.995357275009, "max": 13.110326767, "dmean2": 0.895961105824, "median": 0.84358382225, "dvar": 0.407084524632}, "erbbands": {"dvar2": [0.309108883142, 9.6918182373, 127.18132782, 112.894828796, 3520.85791016, 330.551574707, 24.154756546, 70.8454284668, 230.142730713, 179.946228027, 101.043334961, 120.019287109, 159.547012329, 456.565917969, 831.686340332, 766.218200684, 684.648986816, 697.539672852, 864.747558594, 1174.24804688, 1101.48999023, 1484.93371582, 870.226867676, 1459.53796387, 1038.9284668, 822.840026855, 644.770568848, 678.776000977, 474.770843506, 222.504501343, 113.709220886, 87.135345459, 25.4262542725, 9.44468212128, 1.81207764149, 0.313014864922, 0.0142842447385, 0.000495466112625, 1.63798915764e-06, 1.09922271285e-09], "var": [0.474933952093, 9.83465003967, 82.9649505615, 44.4150009155, 950.461669922, 138.366882324, 9.18606376648, 34.1430778503, 80.8039245605, 68.4479141235, 73.3606643677, 79.9982070923, 104.205703735, 237.359649658, 462.81060791, 360.683959961, 365.646759033, 399.31149292, 544.618225098, 867.889282227, 1032.71069336, 870.048400879, 890.493774414, 1254.16821289, 1130.31054688, 882.70690918, 797.433044434, 526.124572754, 292.616729736, 188.630966187, 78.7870178223, 46.011756897, 19.2706813812, 7.32287406921, 1.30607843399, 0.207635730505, 0.00951160304248, 0.000194004431251, 5.1342721008e-07, 1.81282178158e-09], "min": [1.79799348463e-22, 1.29949185659e-21, 1.32490568844e-20, 4.78836568161e-20, 3.7007288355e-20, 1.77645583002e-20, 4.714611544e-20, 2.48750529289e-19, 4.52771266954e-19, 1.39981231482e-18, 1.36947246732e-18, 1.71187778143e-18, 1.69157504689e-18, 1.27818853724e-18, 2.02875847319e-18, 2.58494623847e-18, 2.6955644814e-18, 3.61475652939e-18, 6.5382626227e-18, 3.83646119948e-18, 6.16426324849e-18, 6.47617568669e-18, 1.14785537498e-17, 1.27617896398e-17, 9.15302148442e-18, 1.68934451301e-17, 2.18137321349e-17, 1.68103482201e-17, 1.38936829105e-17, 1.97019234874e-17, 1.65631436397e-17, 1.52333283823e-17, 1.16066939529e-17, 1.25384326764e-17, 8.40059566536e-18, 5.63206185982e-18, 3.15801779403e-18, 1.16706199182e-18, 3.10595592515e-19, 3.1730063455e-20], "dmean": [0.135465860367, 0.92522507906, 2.87882995605, 2.81891989708, 9.64928436279, 4.23101520538, 1.5235042572, 2.89475560188, 3.93551588058, 4.02637004852, 3.80702853203, 4.19922924042, 4.88781929016, 8.36796283722, 11.3637037277, 10.5587921143, 10.4504566193, 10.2130451202, 12.5199394226, 13.6089878082, 14.6686687469, 13.2520332336, 11.9508991241, 13.8279600143, 11.5334157944, 10.7239809036, 9.73628616333, 8.88393783569, 6.88210058212, 4.92083406448, 3.33308744431, 2.92424845695, 1.73979818821, 1.01195263863, 0.475604951382, 0.188674733043, 0.0399661511183, 0.00626548845321, 0.000290629541269, 1.32203058456e-05], "mean": [0.480661869049, 2.04712462425, 3.82926011086, 3.01679062843, 7.69305372238, 4.14989614487, 1.97773575783, 3.83674120903, 4.80796051025, 5.53120422363, 6.12463521957, 7.1614356041, 8.91768932343, 14.6445426941, 19.7242927551, 17.5622081757, 17.9399490356, 18.9891433716, 23.4253005981, 27.1559677124, 32.1217346191, 26.3669776917, 28.8390407562, 31.2239742279, 27.8648662567, 24.3075675964, 22.7848396301, 18.0066509247, 11.8412027359, 9.15749931335, 5.68284893036, 4.24552631378, 2.79617524147, 1.6220446825, 0.644329786301, 0.241030320525, 0.0517926327884, 0.00678525678813, 0.000285108020762, 4.16729708377e-05], "max": [3.35629272461, 27.6231803894, 77.956413269, 73.3453445435, 306.11340332, 105.300041199, 43.4553070068, 67.4023895264, 171.293106079, 83.3762359619, 97.1999206543, 130.930801392, 183.770339966, 227.22177124, 366.639282227, 358.991790771, 285.606231689, 215.480148315, 229.569824219, 324.798370361, 352.121520996, 297.907775879, 260.024353027, 260.078826904, 276.331573486, 221.588653564, 168.280899048, 167.113021851, 110.812644958, 126.978897095, 75.0240783691, 70.9684295654, 35.1943206787, 26.9685001373, 10.6221981049, 3.58053064346, 0.906820654869, 0.127471521497, 0.00889799278229, 0.000258312735241], "dmean2": [0.226749882102, 1.44740581512, 4.5488858223, 4.64854860306, 17.4076137543, 7.08556461334, 2.58474063873, 4.78142404556, 6.68616914749, 6.74603223801, 6.30737304688, 7.07440805435, 8.07504177094, 14.1537294388, 19.1274528503, 18.0745239258, 17.7473373413, 17.6752281189, 21.5578727722, 22.605463028, 24.0516242981, 22.5855979919, 20.0572948456, 23.6593761444, 18.9310855865, 17.9416179657, 16.0770301819, 15.1822137833, 12.0374727249, 8.15965175629, 5.6308836937, 4.96264743805, 2.86156320572, 1.63706409931, 0.774359107018, 0.30751812458, 0.063323572278, 0.0102592315525, 0.000491767772473, 2.06044460356e-05], "median": [0.0417789146304, 0.397029936314, 0.558979868889, 0.658409714699, 0.631262421608, 0.697532117367, 0.96098190546, 1.81087064743, 2.11934661865, 2.62807846069, 3.30256652832, 4.54097414017, 6.13582134247, 10.207616806, 14.4717416763, 12.4678163528, 12.8514785767, 13.9483242035, 18.0891609192, 19.966802597, 25.1602363586, 20.0647830963, 22.0301742554, 20.2470111847, 16.9631252289, 12.8244876862, 12.7780132294, 9.08638381958, 5.50019454956, 3.64682292938, 2.22841453552, 1.53242206573, 0.839951276779, 0.391393959522, 0.148815318942, 0.0443902984262, 0.00729038799182, 0.00141764432192, 5.20814028278e-05, 2.59502885456e-05], "dvar": [0.110205732286, 4.17302370071, 55.3645439148, 45.2696876526, 1245.34777832, 136.034942627, 8.84042549133, 27.1600723267, 85.6599960327, 66.4224624634, 38.0292358398, 44.2087936401, 61.2111320496, 162.402496338, 318.995697021, 279.576538086, 248.432571411, 238.544815063, 303.346008301, 428.675689697, 421.059356689, 505.413757324, 312.341827393, 511.066436768, 369.072937012, 308.586914062, 247.896362305, 240.926528931, 170.754806519, 88.4462738037, 41.2481117249, 31.9823570251, 10.0846300125, 3.78449487686, 0.747654378414, 0.128559052944, 0.00612234929577, 0.00019115638861, 6.12076803463e-07, 4.75431138902e-10]}, "silence_rate_30dB": {"dvar2": 0.00114039564505, "var": 0.000443621102022, "min": 0, "dmean": 0.000507260148879, "mean": 0.999556183815, "max": 1, "dmean2": 0.00101458467543, "median": 1, "dvar": 0.000507021439262}, "melbands_spread": {"dvar2": 311.597869873, "var": 529.062255859, "min": 0.46112459898, "dmean": 9.10330581665, "mean": 31.328338623, "max": 190.119293213, "dmean2": 14.9856758118, "median": 24.4286651611, "dvar": 126.303855896}, "melbands_crest": {"dvar2": 38.6174697876, "var": 88.4117889404, "min": 1.8746740818, "dmean": 3.73855686188, "mean": 16.7643241882, "max": 36.4514884949, "dmean2": 6.0922164917, "median": 14.5026378632, "dvar": 16.6510810852}, "zerocrossingrate": {"dvar2": 0.000147215861944, "var": 0.00137033895589, "min": 0.0029296875, "dmean": 0.00970361102372, "mean": 0.0638219043612, "max": 0.61328125, "dmean2": 0.0122108701617, "median": 0.0556640625, "dvar": 0.000107185878733}, "barkbands_kurtosis": {"dvar2": 59.6045570374, "var": 33.4497833252, "min": -1.80838704109, "dmean": 1.95835518837, "mean": 1.52432453632, "max": 271.061950684, "dmean2": 3.31533288956, "median": 0.212100744247, "dvar": 26.8794956207}, "spectral_flux": {"dvar2": 0.00229149567895, "var": 0.00291069364175, "min": 1.01594559154e-10, "dmean": 0.0217573270202, "mean": 0.0757425874472, "max": 0.361850470304, "dmean2": 0.0358371026814, "median": 0.0628566294909, "dvar": 0.000972108275164}, "barkbands_crest": {"dvar2": 21.7876262665, "var": 31.1905212402, "min": 1.92913985252, "dmean": 2.75217747688, "mean": 10.7038888931, "max": 25.0146369934, "dmean2": 4.62766361237, "median": 9.40588474274, "dvar": 8.64567947388}, "barkbands_flatness_db": {"dvar2": 0.00159326731227, "var": 0.00441923364997, "min": 0.0254196282476, "dmean": 0.0227162241936, "mean": 0.144623875618, "max": 0.440142959356, "dmean2": 0.0371346324682, "median": 0.130126386881, "dvar": 0.000617899466306}, "spectral_entropy": {"dvar2": 0.0328937359154, "var": 0.281399399042, "min": 5.80154323578, "dmean": 0.10535210371, "mean": 7.71440076828, "max": 9.79127407074, "dmean2": 0.172099739313, "median": 7.9818944931, "dvar": 0.0124487839639}, "pitch_salience": {"dvar2": 0.0214710067958, "var": 0.0342439226806, "min": 0.0806274786592, "dmean": 0.0873089134693, "mean": 0.531817734241, "max": 0.883408248425, "dmean2": 0.137909948826, "median": 0.577637195587, "dvar": 0.0092095490545}, "erbbands_spread": {"dvar2": 230.357009888, "var": 299.396942139, "min": 3.08421254158, "dmean": 7.17287778854, "mean": 29.4729671478, "max": 125.475723267, "dmean2": 11.2648077011, "median": 26.1552047729, "dvar": 103.346473694}, "dynamic_complexity": 4.03901672363, "spectral_contrast_valleys": {"dvar2": [0.380693137646, 0.378012418747, 0.161293163896, 0.148006260395, 0.124793238938, 0.318306982517], "var": [2.98054385185, 0.672597169876, 0.609864294529, 1.09990942478, 2.48945856094, 6.30996274948], "min": [-26.7200088501, -27.5820560455, -27.0326652527, -27.5740261078, -27.250295639, -27.2925014496], "dmean": [0.41630885005, 0.400035709143, 0.278043776751, 0.24309207499, 0.205619052052, 0.321922779083], "mean": [-8.04976558685, -7.15561771393, -7.12811899185, -7.34402799606, -7.44308900833, -10.9643163681], "max": [-5.54865407944, -5.00535440445, -5.69228363037, -5.70887374878, -5.40713405609, -7.70765018463], "dmean2": [0.684114396572, 0.648946285248, 0.461253225803, 0.40515768528, 0.329066157341, 0.513585925102], "median": [-7.56048679352, -7.12199115753, -7.00231647491, -7.00680541992, -6.68800115585, -9.61944103241], "dvar": [0.162130028009, 0.159675404429, 0.0706966966391, 0.0660044178367, 0.0608562976122, 0.129361569881]}, "hfc": {"dvar2": 389.433227539, "var": 503.735046387, "min": 1.10484833588e-16, "dmean": 7.38879489899, "mean": 22.9256839752, "max": 117.604896545, "dmean2": 12.2716732025, "median": 18.0281944275, "dvar": 148.183258057}, "spectral_kurtosis": {"dvar2": 83.3487472534, "var": 73.1856689453, "min": -1.26729547977, "dmean": 2.97132468224, "mean": 6.9909658432, "max": 92.1748046875, "dmean2": 5.2571349144, "median": 3.41310143471, "dvar": 26.5098896027}, "mfcc": {"mean": [-664.427062988, 109.584762573, -29.1117019653, 18.1163578033, 3.23277044296, 8.06907749176, 6.70691204071, 6.6675992012, 2.67572975159, 2.41959476471, -0.705324351788, 2.64557409286, 1.75969052315], "cov": [[12769.4511719, -4982.67333984, 1632.07531738, 2281.63354492, 1263.4239502, 1530.83776855, 812.795959473, 816.887451172, 694.401184082, 480.499908447, 358.807434082, 237.83303833, 245.37399292], [-4982.67333984, 3564.61645508, -880.11114502, -998.52142334, -520.91204834, -703.06072998, -361.248413086, -354.715759277, -350.718353271, -216.928329468, -165.873931885, -125.513656616, -113.995429993], [1632.07531738, -880.11114502, 1104.16906738, 518.221618652, 407.702667236, 447.823913574, 243.919006348, 227.407989502, 229.204086304, 147.894454956, 133.411270142, 75.109916687, 51.16173172], [2281.63354492, -998.52142334, 518.221618652, 722.507019043, 387.572723389, 449.549041748, 266.247894287, 243.367874146, 228.415283203, 149.509475708, 123.506317139, 83.1476669312, 68.0076141357], [1263.4239502, -520.91204834, 407.702667236, 387.572723389, 463.276428223, 298.170379639, 180.074478149, 195.599502563, 153.871948242, 122.587837219, 92.2035217285, 80.6652832031, 57.1909255981], [1530.83776855, -703.06072998, 447.823913574, 449.549041748, 298.170379639, 489.168273926, 215.27911377, 234.432769775, 218.480606079, 145.045837402, 103.233123779, 71.7206954956, 44.4412269592], [812.795959473, -361.248413086, 243.919006348, 266.247894287, 180.074478149, 215.27911377, 210.076446533, 139.429626465, 127.126403809, 88.5577392578, 73.0166702271, 46.2764854431, 45.9591293335], [816.887451172, -354.715759277, 227.407989502, 243.367874146, 195.599502563, 234.432769775, 139.429626465, 192.232635498, 144.772918701, 103.195907593, 75.7292022705, 60.1345558167, 45.9157791138], [694.401184082, -350.718353271, 229.204086304, 228.415283203, 153.871948242, 218.480606079, 127.126403809, 144.772918701, 181.306472778, 111.006439209, 77.7853927612, 65.5996780396, 41.6509208679], [480.499908447, -216.928329468, 147.894454956, 149.509475708, 122.587837219, 145.045837402, 88.5577392578, 103.195907593, 111.006439209, 125.846717834, 87.5481185913, 52.610004425, 39.478729248], [358.807434082, -165.873931885, 133.411270142, 123.506317139, 92.2035217285, 103.233123779, 73.0166702271, 75.7292022705, 77.7853927612, 87.5481185913, 112.830680847, 57.5889282227, 41.1794586182], [237.83303833, -125.513656616, 75.109916687, 83.1476669312, 80.6652832031, 71.7206954956, 46.2764854431, 60.1345558167, 65.5996780396, 52.610004425, 57.5889282227, 101.937576294, 58.6607627869], [245.37399292, -113.995429993, 51.16173172, 68.0076141357, 57.1909255981, 44.4412269592, 45.9591293335, 45.9157791138, 41.6509208679, 39.478729248, 41.1794586182, 58.6607627869, 82.1882171631]], "icov": [[0.00026083283592, 0.000220074420213, 6.12616931903e-05, -0.000512353843078, -5.60297448828e-05, -0.000125716600451, 9.13021503948e-05, -0.000176514455234, 0.000298631930491, -0.000131881752168, 8.07144751889e-05, 0.00016354964464, -0.000178296584636], [0.000220074420213, 0.000663331593387, 0.000160085648531, 0.000135893176775, -0.000153294109623, 8.12454600236e-05, -7.5635027315e-05, -0.000182827876415, 0.000332657713443, -9.90720145637e-05, -8.45203685458e-05, 0.000105833962152, 0.000103899692476], [6.12616931903e-05, 0.000160085648531, 0.00173905026168, -0.000195381348021, -0.000861760752741, -0.000810228229966, -0.000229360317462, 0.000624730600975, -0.000764001044445, 0.000779560476076, -0.00100446131546, 0.000537690939382, 6.74956245348e-05], [-0.000512353843078, 0.000135893176775, -0.000195381348021, 0.00598396547139, -0.00145508837886, -0.00167254637927, -0.00207809149288, 0.000867412483785, -0.00156695803162, 0.00156678003259, -0.00130050175358, 0.000371574453311, -8.94844270078e-05], [-5.60297448828e-05, -0.000153294109623, -0.000861760752741, -0.00145508837886, 0.00533124990761, -2.56113271462e-05, -0.000478573638247, -0.0028291894123, 0.00219754758291, -0.00197846046649, 0.00128392467741, -0.00189573259559, 0.000393840513425], [-0.000125716600451, 8.12454600236e-05, -0.000810228229966, -0.00167254637927, -2.56113271462e-05, 0.00816731527448, -0.000848903146107, -0.00393204204738, -0.00247385376133, -0.000992534565739, 0.000890133786015, -0.000301955849864, 0.00214926945046], [9.13021503948e-05, -7.5635027315e-05, -0.000229360317462, -0.00207809149288, -0.000478573638247, -0.000848903146107, 0.0122537435964, -0.00310761737637, -0.00211568945087, 0.000564408546779, -0.00173133320641, 0.00259010423906, -0.00301934871823], [-0.000176514455234, -0.000182827876415, 0.000624730600975, 0.000867412483785, -0.0028291894123, -0.00393204204738, -0.00310761737637, 0.0204394515604, -0.00689897080883, -0.00173710868694, -0.000416292692535, 5.21888578078e-05, -0.00191749015357], [0.000298631930491, 0.000332657713443, -0.000764001044445, -0.00156695803162, 0.00219754758291, -0.00247385376133, -0.00211568945087, -0.00689897080883, 0.0226493999362, -0.0105172116309, 0.00326727679931, -0.0056483191438, 0.00215594912879], [-0.000131881752168, -9.90720145637e-05, 0.000779560476076, 0.00156678003259, -0.00197846046649, -0.000992534565739, 0.000564408546779, -0.00173710868694, -0.0105172116309, 0.028476016596, -0.0145974280313, 0.00284990714863, -0.00202582031488], [8.07144751889e-05, -8.45203685458e-05, -0.00100446131546, -0.00130050175358, 0.00128392467741, 0.000890133786015, -0.00173133320641, -0.000416292692535, 0.00326727679931, -0.0145974280313, 0.0231919195503, -0.00651870435104, -0.000442209013272], [0.00016354964464, 0.000105833962152, 0.000537690939382, 0.000371574453311, -0.00189573259559, -0.000301955849864, 0.00259010423906, 5.21888578078e-05, -0.0056483191438, 0.00284990714863, -0.00651870435104, 0.0221227053553, -0.0120089426637], [-0.000178296584636, 0.000103899692476, 6.74956245348e-05, -8.94844270078e-05, 0.000393840513425, 0.00214926945046, -0.00301934871823, -0.00191749015357, 0.00215594912879, -0.00202582031488, -0.000442209013272, -0.0120089426637, 0.0228723604232]]}, "silence_rate_20dB": {"dvar2": 0, "var": 0, "min": 1, "dmean": 0, "mean": 1, "max": 1, "dmean2": 0, "median": 1, "dvar": 0}, "melbands_kurtosis": {"dvar2": 584.723510742, "var": 410.245910645, "min": -1.79031968117, "dmean": 6.87005472183, "mean": 11.0269355774, "max": 597.241516113, "dmean2": 11.5197200775, "median": 3.22788977623, "dvar": 245.602005005}, "barkbands_spread": {"dvar2": 191.003326416, "var": 278.086486816, "min": 0.921287894249, "dmean": 7.18704366684, "mean": 28.2596416473, "max": 91.5058135986, "dmean2": 11.9801721573, "median": 25.6429290771, "dvar": 72.3828735352}, "erbbands_skewness": {"dvar2": 0.175641030073, "var": 0.421088695526, "min": -2.56324839592, "dmean": 0.291582852602, "mean": -0.382489919662, "max": 3.52501702309, "dmean2": 0.458908557892, "median": -0.437585771084, "dvar": 0.0707070305943}, "average_loudness": 0.682514250278, "spectral_centroid": {"dvar2": 279850.78125, "var": 819053.9375, "min": 155.952606201, "dmean": 262.414520264, "mean": 2005.06677246, "max": 10609.1972656, "dmean2": 407.700164795, "median": 2059.34936523, "dvar": 122116.4375}, "dissonance": {"dvar2": 0.000478227273561, "var": 0.000394403730752, "min": 0.344177275896, "dmean": 0.0102191222832, "mean": 0.481631755829, "max": 0.500000178814, "dmean2": 0.0174818392843, "median": 0.489077836275, "dvar": 0.000168204656802}, "erbbands_flatness_db": {"dvar2": 0.000417345698224, "var": 0.00613556569442, "min": 0.0631907060742, "dmean": 0.0144355092198, "mean": 0.184216588736, "max": 0.435625970364, "dmean2": 0.0223979782313, "median": 0.161386013031, "dvar": 0.00018624922086}, "spectral_strongpeak": {"dvar2": 0.887039363384, "var": 0.317744880915, "min": 0, "dmean": 0.315252751112, "mean": 0.552487552166, "max": 9.11358070374, "dmean2": 0.549993395805, "median": 0.434224158525, "dvar": 0.327103555202}, "spectral_rms": {"dvar2": 1.33596734031e-06, "var": 6.64496974423e-06, "min": 3.17328086551e-12, "dmean": 0.000559673062526, "mean": 0.00439415825531, "max": 0.0113936858252, "dmean2": 0.000879910716321, "median": 0.00401655677706, "dvar": 5.70510337639e-07}, "silence_rate_60dB": {"dvar2": 0.0651404261589, "var": 0.162185549736, "min": 0, "dmean": 0.0282797534019, "mean": 0.203588634729, "max": 1, "dmean2": 0.0565630942583, "median": 0, "dvar": 0.0274750478566}, "melbands": {"dvar2": [1.85535009223e-05, 1.8820657715e-05, 9.0699750217e-06, 9.86638406175e-06, 3.85048224416e-08, 3.10378780455e-08, 5.39235109898e-08, 1.7952743292e-08, 6.29051122303e-09, 5.00872943121e-09, 4.32286784147e-09, 7.72481456579e-09, 8.55588400128e-09, 1.1378380016e-08, 5.09757214218e-09, 3.38847416792e-09, 2.72835154469e-09, 2.5355744171e-09, 2.55229748447e-09, 2.19169971061e-09, 1.61963809031e-09, 1.64047941897e-09, 1.19990284375e-09, 1.20720211605e-09, 1.12941489494e-09, 7.25654203393e-10, 6.00497318537e-10, 4.40739389429e-10, 3.38009398249e-10, 3.44024336796e-10, 2.54871929117e-10, 1.91549290318e-10, 1.00599147068e-10, 7.25303428428e-11, 4.58941773473e-11, 3.52065217257e-11, 3.16113420162e-11, 1.34219467138e-11, 1.37225161789e-11, 5.49941299097e-12], "var": [2.31833237194e-05, 1.84152904694e-05, 2.91652531814e-06, 3.21745028486e-06, 1.31217792187e-08, 1.50393191234e-08, 1.89384206095e-08, 7.47298489756e-09, 4.93858909323e-09, 3.37563843544e-09, 2.77223977108e-09, 4.06191746904e-09, 4.4639194563e-09, 5.34949018416e-09, 2.38842146061e-09, 1.73841763207e-09, 1.49397272331e-09, 1.42039158213e-09, 1.75977654671e-09, 1.6122919666e-09, 1.52559598288e-09, 9.54298418065e-10, 7.85059073305e-10, 1.08697661982e-09, 8.47565406747e-10, 7.84772247187e-10, 5.26319932082e-10, 3.85347087573e-10, 3.64867774882e-10, 2.4950672084e-10, 1.72263273091e-10, 1.04704966919e-10, 6.84281728502e-11, 6.25705043333e-11, 2.87932143406e-11, 2.04806224063e-11, 1.57813883489e-11, 9.26177537441e-12, 9.98907380423e-12, 3.9356521514e-12], "min": [2.46120066479e-24, 5.12433946612e-24, 8.49124671898e-24, 1.44805339079e-24, 1.57281479979e-24, 5.3822737107