{"tonal": {"thpcp": [1, 0.720741569996, 0.277696102858, 0.113450244069, 0.0799471959472, 0.144644856453, 0.259141921997, 0.226260006428, 0.144228026271, 0.139638081193, 0.170937225223, 0.263175308704, 0.306033700705, 0.251152455807, 0.222326532006, 0.191739678383, 0.141876265407, 0.135645180941, 0.149734660983, 0.202663034201, 0.427626460791, 0.608237862587, 0.437103271484, 0.226932629943, 0.16353058815, 0.152735635638, 0.256900757551, 0.384346544743, 0.408930003643, 0.383062392473, 0.278127938509, 0.156179532409, 0.211493998766, 0.371288537979, 0.589465618134, 0.853205800056], "hpcp": {"dmean2": [0.390702962875, 0.29925969243, 0.211049631238, 0.103571541607, 0.0709110796452, 0.0894481688738, 0.157062485814, 0.163007155061, 0.129082754254, 0.121763683856, 0.139081314206, 0.174346372485, 0.201283290982, 0.180926382542, 0.156626075506, 0.140883505344, 0.116128131747, 0.11230044812, 0.132108777761, 0.173630774021, 0.262913048267, 0.325110018253, 0.283820509911, 0.232653796673, 0.186038345098, 0.178186908364, 0.26006475091, 0.291033327579, 0.267631500959, 0.290789812803, 0.215719133615, 0.1392275244, 0.167535826564, 0.263447105885, 0.34269785881, 0.362014114857], "median": [0.460733950138, 0.285503357649, 0.0603772588074, 0.0211279783398, 0.0158039983362, 0.0373850092292, 0.0696965456009, 0.0563899166882, 0.018426483497, 0.0171055067331, 0.0267220642418, 0.0749791115522, 0.0877908021212, 0.0593836940825, 0.0343020558357, 0.0264895446599, 0.0257600974292, 0.0301609318703, 0.0285485088825, 0.0331258811057, 0.116701282561, 0.196561917663, 0.131705090404, 0.0353501923382, 0.0173322483897, 0.0182899329811, 0.0383956693113, 0.0616662539542, 0.0879410803318, 0.0806813314557, 0.0553100481629, 0.0262860301882, 0.0337480716407, 0.0764614567161, 0.159935817122, 0.347168087959], "min": [0, 0, 0, 0, 0, 0, 0, 0, 0, 0, 0, 0, 0, 0, 0, 0, 0, 0, 0, 0, 0, 0, 0, 0, 0, 0, 0, 0, 0, 0, 0, 0, 0, 0, 0, 0], "dvar2": [0.132962197065, 0.0922395735979, 0.0734170600772, 0.0337949693203, 0.0202810261399, 0.018889805302, 0.0467864647508, 0.0621144510806, 0.0571408867836, 0.058507822454, 0.0619187690318, 0.059301301837, 0.0658262297511, 0.0705023705959, 0.0708023533225, 0.0666964426637, 0.050505451858, 0.0398935303092, 0.0535879954696, 0.074818380177, 0.0946175605059, 0.105717405677, 0.10103366524, 0.115642420948, 0.0872939378023, 0.0888887420297, 0.149215936661, 0.143679961562, 0.110433407128, 0.136195376515, 0.0891835466027, 0.0563438907266, 0.0718263611197, 0.0995829775929, 0.122748918831, 0.112332649529], "dvar": [0.0527154244483, 0.0364295952022, 0.0274140182883, 0.0122885070741, 0.00732138007879, 0.0075343423523, 0.0184632521123, 0.0227228850126, 0.0216004699469, 0.0223457664251, 0.0237283948809, 0.0231082122773, 0.0253391340375, 0.0264232177287, 0.0257528591901, 0.0234564710408, 0.0176947806031, 0.0143029652536, 0.0195202995092, 0.0281611662358, 0.0374367013574, 0.0436174236238, 0.0382175296545, 0.0417219102383, 0.0322309434414, 0.0319108180702, 0.0515031442046, 0.0542550086975, 0.0431345142424, 0.0520083121955, 0.0349849238992, 0.0212122313678, 0.0273329336196, 0.0380316227674, 0.0513862706721, 0.0483733378351], "dmean": [0.228197053075, 0.18117082119, 0.123220317066, 0.0592182986438, 0.0405286960304, 0.0534428544343, 0.0946496725082, 0.0953119024634, 0.073731996119, 0.0705426484346, 0.0808989703655, 0.102159582078, 0.117841891944, 0.10500716418, 0.0913129746914, 0.0802253931761, 0.0657279267907, 0.0635866001248, 0.0751381069422, 0.100133053958, 0.15614631772, 0.194619014859, 0.167356476188, 0.128927022219, 0.101454369724, 0.0968840196729, 0.144201621413, 0.167397648096, 0.158944517374, 0.169764220715, 0.125486522913, 0.0790588483214, 0.0960425063968, 0.152964890003, 0.203673809767, 0.215896978974], "max": [1, 1, 1, 1, 1, 1, 1, 1, 1, 1, 1, 1, 1, 1, 1, 1, 1, 1, 1, 1, 1, 1, 1, 1, 1, 1, 1, 1, 1, 1, 1, 1, 1, 1, 1, 1], "var": [0.129819348454, 0.0961964353919, 0.0373528189957, 0.0111322402954, 0.006026646588, 0.0114411506802, 0.02785955742, 0.0247304290533, 0.0225616227835, 0.0232052523643, 0.027616944164, 0.0297538377345, 0.0348182208836, 0.0321796424687, 0.0386823453009, 0.0351295545697, 0.0215429868549, 0.0137107921764, 0.0188085194677, 0.0318725667894, 0.0599070563912, 0.0863655433059, 0.055014450103, 0.0386950522661, 0.029921527952, 0.0265517197549, 0.046095084399, 0.0753569230437, 0.0714743062854, 0.0669735074043, 0.0421906076372, 0.0219233334064, 0.0330751352012, 0.0612721666694, 0.102013833821, 0.118742100894], "mean": [0.503782212734, 0.363096773624, 0.139898359776, 0.0571542158723, 0.0402759760618, 0.0728695094585, 0.130551084876, 0.113985769451, 0.0726595148444, 0.0703471824527, 0.0861151367426, 0.132583037019, 0.15417432785, 0.126526147127, 0.11200415343, 0.0965950414538, 0.0714747384191, 0.0683356299996, 0.0754336565733, 0.102098032832, 0.215430602431, 0.306419402361, 0.220204859972, 0.114324621856, 0.0823838040233, 0.0769454985857, 0.129422038794, 0.193626955152, 0.206011667848, 0.192980021238, 0.140115901828, 0.0786804705858, 0.106546916068, 0.18704855442, 0.296962291002, 0.429829895496]}, "tuning_equal_tempered_deviation": 0.116994678974, "chords_changes_rate": 0.0536975972354, "key_key": "A", "tuning_diatonic_strength": 0.759572386742, "key_scale": "major", "chords_number_rate": 0.00376825244166, "tuning_frequency": 441.527557373, "tuning_nontempered_energy_ratio": 0.758983790874, "chords_histogram": [46.6792259216, 5.18134737015, 12.953368187, 3.34432411194, 0, 0, 0, 0, 0.800753653049, 0, 3.90956187248, 0, 0, 0, 0, 0, 0, 7.20678281784, 0, 0.612341046333, 0, 0, 7.348092556, 11.9642019272], "key_strength": 0.771822750568, "chords_key": "A", "chords_strength": {"dmean2": 0.00891243480146, "median": 0.581085801125, "min": 0.309417188168, "dvar2": 5.38689564564e-05, "dvar": 4.45364821644e-05, "dmean": 0.00816908106208, "max": 0.848593115807, "var": 0.00850094482303, "mean": 0.578664779663}, "chords_scale": "major", "hpcp_entropy": {"dmean2": 1.09894526005, "median": 2.08022546768, "min": 0, "dvar2": 0.738982141018, "dvar": 0.274404704571, "dmean": 0.648086965084, "max": 4.06101465225, "var": 0.51966971159, "mean": 2.05492424965}}, "metadata": {"audio_properties": {"equal_loudness": 0, "codec": "mp3", "downmix": "mix", "sample_rate": 44100, "analysis_sample_rate": 44100, "bit_rate": 192051, "md5_encoded": "6bc95dcefdb23ed2f74ca1e41cb2cfe5", "length": 98.5338745117, "replay_gain": -6.23783302307, "lossless": false}, "version": {"essentia_build_sha": "2d9f1f26377add8aeb1075a9c2973f962c4f09fd", "essentia": "2.1-beta2", "extractor": "music 1.0", "essentia_git_sha": "v2.1_beta2-1-ge3940c0"}, "tags": {"title": ["Bop Crazy Baby"], "language": ["eng"], "acoustid_fingerprint": ["AQADAkmjKFoW43pQEelRNsrxF78CP7iCH42bot3xHX-RM4V6RRXCE42C6yglonkU44OPXNC8oRmRK0ejo1yk4EcfuBSaD-dvPEdy6kjN_HhX_Dnx4BRT_EeyH5HyFxePhkYvHvfR6Jj2OGieHFWToSnCCzpfhKlj4Q6JJh0eJseFhjlKMhx6Iu0q6HkQJtqLO0LzoUePZ2Hw-GiPd7iYo7qG5khO5M3wC2-CG8luhDObHL9x9Efz4sfRqjku9EdiTacQmdkiBXcpMLnQ39hz_MONG2Ou4O-RNb2hX0LobYP9REXoHzqi47HQ5KGCbs2F58iTo4mC5L_QRw9-_GgWnuh54UmOMA00ZUeT60MkMpjybwj94XOha8G7IjQ1Cc3xY3dOeCRxNDqJPsUffEmOXAyUZ0fY7LAYHdcH_0L6o9AX5JOSGz3C8Gh-RBq1oOaN5sZ98EHzCG7CTOi2CP1lUFF-5IeeBdHToeLxhMf1oNkloQyjHDUa80GeQkuOcImU4-LRH3lQGn1ciIx4eD9OaGQii-iLPDteofrwGd3RzEqH83iF5mhvfEqjIjnC_Ch3_MZ3Dc2Pkg2aKNnQH-cuhGcaJEus8fjRLq_gSU9wtnCV4-mRMzmSK5EejGZOHL2PMmOmIMy05dA7IzqVHd3joXku3JKIJ2KKT0NTdMel40ej7EEoqj30Iz-mB9QpHnuGZgpzXMkRpzp0qQnSp3iGZ1dwi8ET5diWHb-TgDylYMoZhMeZF554HPkS5UJzBWHT4z1eGaKaHbHIHK_xw8_xIt8OcYkiMohND42eGBV1PFIOT0PuQ1_TI8ySFf2F_Qm-5Xg4HSm_4MmhDzkfuGmQ64cqfrCS5ULEM_CJm3iS5AiTKoe2HbFutFxy-ER7Zrg-PC6SR0ifSDgeH98XfMmDJveIZO-R6-iPJu7xxIJ_vBKPJnQ6VMfD3PgOMQ-O8nA3w0d1PFkoisIVhF10NB9-1NDypRJ-5BOOI62kQGYyHzfyH8-Y44ln5IZPQr8Q5-gXF16mHz2eoI2Sj2jiozw8MkayZvOR52g8ofKGs2HwzMKbGVMOpssO5frwHA8m-fAloryHe8IVsbioLeB__Bz2fWii2wi3LQz0I88Fn9fw48d3xD_-IMkVoZnSo89wPbjT5WiSZxQmJ5yRKyd-Q4P4H8-F6hsenfjROKFKISwaTMumFCcqMSqR5tClKIfP4zgUOVocdGJWhPnwUTh9tFWMKR0e5kVzFT-oLwg_Fs8vaFeOHMy1GJVIfNj24Tpqr8gPneHRo3lCnPuho95wHncO_-iYfXhy9GgoPDeuoxd0HWEeBT8-nEsq-Ljwo9GDqkMOV8efBjpthOKO5vRwxkGfo7lwYQp6sHUEu8dDYfeQHOF13JbRL0a_w_9wXIeXJDn6INIPLZdw5FGUgy9CPkMjMR6E6EuH2kdD4sd3mFmZYE-L3wiPMOHx0EGjLTsqPTpyHck-1CbOHGWfoaktXFHwRcuPZNHDID-mxNdwZXHQGHUT5EJlBnp-PNIDOymq-9DxHM3YE-En_PB5fEf1CdeN8Df6ZIaWmPmQ63iOfDGallugLzma6MhzvDiPKyuSkckxpTryyBnOx3gZ7ImPE_EJUYka4Sb-NBPCH82XC7n1DFcMfXhT_GhulD30HPmL32h6o8wufAkrnPBxxsUZnMtxHk-O5BXChCr67Dj6wx0v_CesHZUZXBxCNjee7caP_sapLJB_5N_w4DzcI8-TQh9-5AzxHfmTQLuRyjSqC_WPI4XuG-lv_Pjx0kbjhAeSK4jRL_g8Cjf-YPqQPEeW9EcPRs7QKM0uxMoWGslMFackfHoOH9Nv5Dj1QHwWnBqeXEfJTRKaQ_3xqUIcDyHR7PgSC89oaPnR44emHGEi6_jaFaUK_7iJ5peMJ0h3HNdT-Mdd_NDyPcEPX0I-wnrxIg2F80HzPNB1BD_sDT-OM-zw4wqmpDv6IgxjTPoinIcWXcR_5Kh75Dm-KcUfIc_gK8eLqwmeLJGFI0wPTfhrhHzQkJFVvNKRi0YjBaqPnnFwe8NxaM_R5Mh7fCIeJUcz6kd99C98Eb1PPNOPFml-JBduVFdw8rikB9_Co_mPiZeRfCay5zj-OmDyjujCHFd64uFQw2cqlDWFhhHDSJhOfMmP5jH6EddR4g--zPjhdUb3Ez-eH7kKLc8LRRAzBkgqgEEEKaGAMEo4JIokkigKAGAMCAAMEUABQYAwDBABGDOEAGIEMgCJJIBzAigjDHMEMUqRMIAAAZghg2GBCYJIGYAEMkIRkAAgBgCBBADjGaKEIoAIQJAgGAkAAUMCCKQIgwAL4IhCjgjDEDBEASMMEUA5JIwiSAMhHBAOCSckcEIAaQRAikkACGCCKAsMZYJgoMCgDBhkgCJGCESIAYYAwhAgAFAlgBFCCMAIgUQZiYRCylogkADQIESQQAwIQAiwAAhKAAVAGEAUM8BYIYghxABAhDFICIQEM1wBg4AgECMGBJQGGKKYEUAIAwhSwjFgiGOGCEQFMcxQbg2AgCgqKMEEADIEIUBRggwhgigplBDAIsYkEwIhIAEzhBAFDAFCeKEAEAgQYaQwBgqjmACEGEQkMIAZJBBxDAsAFOOCMaEEYU4QAQiQGhimlJACcQMAMQwggRhggjFDoFFEIEcMMo4YoohACDAiCPWIIhAUIgIQRpEjWDCIDFAMCSQAJwgSpQAQxgAGhAJAECEFUgAogYywjAngiDHKACGUAMIYhpwwCBksEDBCIcKMUIIAY4QAQgAmmFEEMMMAcIhArxgwBAkghQILAGAIo4YASIQBRAgkigGKcGiEAQJYD4AIRChgkBMMGcQIJMQpoBEjRGABPBGAKgGoAcwxIhCBQgpDDBJAPCAAUsxAAYwA0BgGEADKQWAFcUYSCAgiACFHhCTMKAIAEeYpIIBRRiDSBEIECQaEcMQgIAQCRgEkBCIGACCAIgC5AAAEDAFHBEGECWCMUgZYIQQhCAA"], "date": ["1956"], "genre": ["Rockabilly"], "musicbrainz_releasegroupid": ["3ea7968b-0d7e-49ab-9ce9-9ef075aa38f3"], "musicbrainz album type": ["Album", "Compilation"], "musicbrainz_recordingid": ["117f66b2-20a1-4018-bacc-01dfc8e48a9a"], "musicbrainz_albumartistid": ["89ad4ac3-39f7-470e-963a-56509c546377"], "musicbrainz_albumid": ["90f3c472-2d68-43a2-9f0f-94c2f399c23b"], "artist": ["Vern Pullens"], "bpm": ["100.93"], "album": ["Rock-A-Billy Dynamite (Disc 4)"], "tracknumber": ["15/25"], "label": ["Documents"], "acoustid_id": ["513ee397-da2a-496b-a86d-8ceb9fc9b61c"], "musicbrainz_artistid": ["22a0d3f2-e956-4d99-a61b-72ff5a8a7df6"], "file_name": "Vern Pullens - Bop Crazy Baby.mp3"}}, "rhythm": {"bpm_histogram_first_peak_bpm": {"dmean2": 0, "median": 103, "min": 103, "dvar2": 0, "dvar": 0, "dmean": 0, "max": 103, "var": 0, "mean": 103}, "bpm": 102.057136536, "bpm_histogram_second_peak_spread": {"dmean2": 0, "median": 0.153846099973, "min": 0.153846099973, "dvar2": 0, "dvar": 0, "dmean": 0, "max": 0.153846099973, "var": 0, "mean": 0.153846099973}, "bpm_histogram_first_peak_weight": {"dmean2": 0, "median": 0.363636374474, "min": 0.363636374474, "dvar2": 0, "dvar": 0, "dmean": 0, "max": 0.363636374474, "var": 0, "mean": 0.363636374474}, "onset_rate": 4.04889154434, "beats_position": [0.603718817234, 1.21904754639, 1.83437633514, 2.4497051239, 3.05342388153, 3.65714287758, 4.26086139679, 4.85297060013, 5.45668935776, 6.06040811539, 6.66412687302, 7.27945566177, 7.89478445053, 8.498503685, 9.11383247375, 9.71755123138, 10.3444900513, 10.95981884, 11.5867567062, 12.1904764175, 12.7941951752, 13.4095239639, 14.0248527527, 14.6285715103, 15.2322902679, 15.8476190567, 16.4281177521, 17.0202255249, 17.6123352051, 18.2044448853, 18.784942627, 19.3770523071, 19.96916008, 20.549659729, 21.1417675018, 21.733877182, 22.3259868622, 22.918094635, 23.4985942841, 24.0790920258, 24.6595916748, 25.2516994476, 25.8438091278, 26.4243087769, 27.0048065186, 27.5969161987, 28.1890239716, 28.7695236206, 29.3500213623, 29.9537410736, 30.5458488464, 31.1379585266, 31.7300682068, 32.3337860107, 32.9491157532, 33.5528335571, 34.1565513611, 34.7486610413, 35.3407707214, 35.9328804016, 36.5249862671, 37.1287078857, 37.7324256897, 38.3361434937, 38.9398651123, 39.5435829163, 40.1473007202, 40.7510185242, 41.3547401428, 41.9468460083, 42.5389556885, 43.1310653687, 43.7231750488, 44.3152809143, 44.9073905945, 45.4995002747, 46.0916099548, 46.6721076965, 47.2642173767, 47.8447151184, 48.4368247986, 49.0173225403, 49.5978240967, 50.1667098999, 50.7355995178, 51.3044891357, 51.8965988159, 52.4770965576, 53.0575942993, 53.6380958557, 54.2185935974, 54.7874832153, 55.367980957, 55.9484786987, 56.5173683167, 57.0978660583, 57.6783676147, 58.2588653564, 58.8393630981, 59.4082527161, 59.977142334, 60.5576400757, 61.1381378174, 61.7186393738, 62.2991371155, 62.8796348572, 63.4601364136, 64.0406341553, 64.621131897, 65.2016296387, 65.7937393188, 66.385848999, 66.9663467407, 67.5468444824, 68.1389541626, 68.7310638428, 69.3115615845, 69.9036712646, 70.4957809448, 71.0762786865, 71.6683883667, 72.2604980469, 72.8526077271, 73.4447174072, 74.0484313965, 74.6405410767, 75.2326507568, 75.8015441895, 76.3936462402, 76.9857559204, 77.5778656006, 78.1583633423, 78.738861084, 79.3193664551, 79.8998641968, 80.491973877, 81.0840835571, 81.6645812988, 82.256690979, 82.8371887207, 83.4292984009, 84.0097961426, 84.6019058228, 85.170791626, 85.7512893677, 86.3317871094, 86.9122848511, 87.4927902222, 88.0732879639, 88.665397644, 89.2458953857, 89.8263931274, 90.4185028076, 90.9990005493, 91.579498291, 92.1599960327, 92.7404937744, 93.3209991455, 93.9131011963, 94.5052108765, 95.0973205566, 95.6778182983, 96.2583236694, 96.8388214111, 97.4193191528, 98.011428833], "beats_loudness": {"dmean2": 0.0121580800042, "median": 0.0240632724017, "min": 2.44908005698e-06, "dvar2": 8.63559616846e-05, "dvar": 2.99841667584e-05, "dmean": 0.0069867814891, "max": 0.0410124324262, "var": 5.77544487896e-05, "mean": 0.0236140023917}, "danceability": 1.26525270939, "bpm_histogram_second_peak_weight": {"dmean2": 0, "median": 0.0666666701436, "min": 0.0666666701436, "dvar2": 0, "dvar": 0, "dmean": 0, "max": 0.0666666701436, "var": 0, "mean": 0.0666666701436}, "beats_count": 166, "bpm_histogram_second_peak_bpm": {"dmean2": 0, "median": 98, "min": 98, "dvar2": 0, "dvar": 0, "dmean": 0, "max": 98, "var": 0, "mean": 98}, "bpm_histogram_first_peak_spread": {"dmean2": 0, "median": 0.60526317358, "min": 0.60526317358, "dvar2": 0, "dvar": 0, "dmean": 0, "max": 0.60526317358, "var": 0, "mean": 0.60526317358}, "beats_loudness_band_ratio": {"dmean2": [0.375714212656, 0.222915649414, 0.209156990051, 0.21092581749, 0.246121898293, 0.100781165063], "median": [0.27687177062, 0.1740244627, 0.0859119147062, 0.0460930168629, 0.232700675726, 0.0522785708308], "min": [0.00586251635104, 0.0200982112437, 0.0094225667417, 0.00531823514029, 0.0126527333632, 0.00346392532811], "dvar2": [0.0724192708731, 0.0260311588645, 0.0429598242044, 0.0802027657628, 0.0342183820903, 0.00877583492547], "dvar": [0.0279521998018, 0.0101253306493, 0.0161206014454, 0.0278537403792, 0.0139898816124, 0.00336386938579], "dmean": [0.21826402843, 0.128193750978, 0.120265610516, 0.112656958401, 0.146135091782, 0.057718154043], "max": [0.815998375416, 0.808181166649, 0.605465352535, 0.661021649837, 0.727365612984, 0.362249225378], "var": [0.0402911156416, 0.0165736675262, 0.0190173257142, 0.0199890714139, 0.0236777588725, 0.00462543964386], "mean": [0.318780750036, 0.199848040938, 0.141102299094, 0.102907396853, 0.239789023995, 0.0752938315272]}}, "lowlevel": {"barkbands_spread": {"dmean2": 8.41371440887, "median": 27.4948692322, "min": 1.36820304394, "dvar2": 68.7682037354, "dvar": 30.8040390015, "dmean": 5.43157529831, "max": 103.334060669, "var": 141.705810547, "mean": 27.9248962402}, "melbands_spread": {"dmean2": 15.5649690628, "median": 37.0233306885, "min": 1.34810161591, "dvar2": 251.440170288, "dvar": 121.027259827, "dmean": 10.0357503891, "max": 153.101089478, "var": 594.479187012, "mean": 42.5032501221}, "hfc": {"dmean2": 7.31737089157, "median": 18.5439453125, "min": 1.05860847641e-16, "dvar2": 80.1490478516, "dvar": 44.7051086426, "dmean": 5.29430007935, "max": 91.1070098877, "var": 241.504348755, "mean": 22.1014385223}, "barkbands_kurtosis": {"dmean2": 1.98081767559, "median": -0.653765320778, "min": -1.89348483086, "dvar2": 12.8208761215, "dvar": 5.8997964859, "dmean": 1.27496945858, "max": 53.0769920349, "var": 18.5347633362, "mean": 0.61598688364}, "gfcc": {"mean": [-57.2129707336, 140.692520142, -187.500793457, 61.0265922546, -40.0223083496, -16.891752243, -19.4506893158, -17.0046424866, -18.6382045746, -17.9830265045, -13.5239391327, -20.9889659882, -3.7943572998], "icov": [[0.00067089847289, -0.00174472096842, 0.00200849329121, -0.00150681158993, 0.00151099939831, -0.0018447265029, 0.00173556955997, -0.00172358436976, 0.00150585744996, -0.00103513593785, 0.000581291329581, -0.00025489521795, 3.08118433168e-05], [-0.00174472096842, 0.010037144646, -0.00543447257951, 0.00459200702608, -0.00607031723484, 0.0092838332057, -0.009681282565, 0.00855923071504, -0.00815704930574, 0.00668113632128, -0.00541231734678, 0.0036509023048, -0.00112189364154], [0.00200849329121, -0.00543447257951, 0.00928042922169, -0.00578385358676, 0.00400746101514, -0.00597951142117, 0.00528944144025, -0.00475387321785, 0.00395069178194, -0.00359297986142, 0.00242620124482, -0.00243978318758, 0.00144191971049], [-0.00150681158993, 0.00459200702608, -0.00578385358676, 0.00637615844607, -0.00417684018612, 0.00381597131491, -0.00367584847845, 0.00444506667554, -0.00429878989235, 0.0020296422299, -0.00144973001443, 0.00150721136015, -0.00238602980971], [0.00151099939831, -0.00607031723484, 0.00400746101514, -0.00417684018612, 0.00921714678407, -0.00527754053473, 0.00520695280284, -0.00640556775033, 0.00520580634475, -0.00434623053297, 0.00181778986007, -0.000828169926535, -0.00107543740887], [-0.0018447265029, 0.0092838332057, -0.00597951142117, 0.00381597131491, -0.00527754053473, 0.0149779906496, -0.0113563360646, 0.00751778809354, -0.00641715619713, 0.00577113823965, -0.00605148589239, 0.00181230134331, 0.000371093105059], [0.00173556955997, -0.009681282565, 0.00528944144025, -0.00367584847845, 0.00520695280284, -0.0113563360646, 0.014625501819, -0.00808412302285, 0.00803875457495, -0.00480512622744, 0.0031537625473, -0.00289116194472, 0.00101347977761], [-0.00172358436976, 0.00855923071504, -0.00475387321785, 0.00444506667554, -0.00640556775033, 0.00751778809354, -0.00808412302285, 0.0145011134446, -0.00681877788156, 0.00185244996101, -0.00253151752986, 0.00210292474367, 0.000367419386748], [0.00150585744996, -0.00815704930574, 0.00395069178194, -0.00429878989235, 0.00520580634475, -0.00641715619713, 0.00803875457495, -0.00681877788156, 0.0124404160306, -0.00493840686977, 0.00344692240469, -0.00308521464467, 0.00311042438261], [-0.00103513593785, 0.00668113632128, -0.00359297986142, 0.0020296422299, -0.00434623053297, 0.00577113823965, -0.00480512622744, 0.00185244996101, -0.00493840686977, 0.0171945113689, -0.00799641106278, 0.006255724933, -0.00407337909564], [0.000581291329581, -0.00541231734678, 0.00242620124482, -0.00144973001443, 0.00181778986007, -0.00605148589239, 0.0031537625473, -0.00253151752986, 0.00344692240469, -0.00799641106278, 0.0226626750082, -0.00969743914902, 0.00368776358664], [-0.00025489521795, 0.0036509023048, -0.00243978318758, 0.00150721136015, -0.000828169926535, 0.00181230134331, -0.00289116194472, 0.00210292474367, -0.00308521464467, 0.006255724933, -0.00969743914902, 0.0214836765081, -0.00563475163653], [3.08118433168e-05, -0.00112189364154, 0.00144191971049, -0.00238602980971, -0.00107543740887, 0.000371093105059, 0.00101347977761, 0.000367419386748, 0.00311042438261, -0.00407337909564, 0.00368776358664, -0.00563475163653, 0.0239997394383]], "cov": [[6790.86181641, -154.699417114, -943.184692383, 344.314758301, -267.913818359, 107.929069519, -104.389259338, 162.731658936, -193.172561646, 79.5707702637, -6.12645769119, -107.163291931, 77.5133743286], [-154.699417114, 979.764770508, 15.3784046173, -173.102584839, 51.0089225769, -112.821990967, 235.044631958, -211.067871094, 179.377731323, -156.375335693, 56.6347618103, -2.70930433273, -33.926235199], [-943.184692383, 15.3784046173, 434.7159729, 218.317169189, 62.1853408813, 35.9291000366, -8.63281345367, -17.5715274811, 61.3411407471, 16.5918312073, 7.39187192917, 27.6448974609, 0.60205322504], [344.314758301, -173.102584839, 218.317169189, 549.222839355, 90.9058761597, 33.2817840576, -84.3794631958, 24.7577915192, 30.7910690308, 70.2826309204, -10.7455234528, -1.36997389793, 48.9634399414], [-267.913818359, 51.0089225769, 62.1853408813, 90.9058761597, 239.766830444, -2.83321666718, 9.2060546875, 38.3295326233, -4.01417922974, 36.4697532654, 8.69157791138, -5.73002338409, 21.8716106415], [107.929069519, -112.821990967, 35.9291000366, 33.2817840576, -2.83321666718, 227.97984314, 107.48727417, 7.57552862167, -34.4085617065, 0.615010857582, 32.5781898499, 24.2466449738, -7.31883049011], [-104.389259338, 235.044631958, -8.63281345367, -84.3794631958, 9.2060546875, 107.48727417, 279.289886475, -23.6298160553, -20.1337070465, -39.9675178528, 39.8110580444, 17.5696220398, -15.5970115662], [162.731658936, -211.067871094, -17.5715274811, 24.7577915192, 38.3295326233, 7.57552862167, -23.6298160553, 183.109924316, -17.127368927, 61.5510559082, -8.89355564117, -9.25848484039, 5.09597253799], [-193.172561646, 179.377731323, 61.3411407471, 30.7910690308, -4.01417922974, -34.4085617065, -20.1337070465, -17.127368927, 199.597412109, -11.1196565628, 5.30475854874, 3.2320535183, -18.3382873535], [79.5707702637, -156.375335693, 16.5918312073, 70.2826309204, 36.4697532654, 0.615010857582, -39.9675178528, 61.5510559082, -11.1196565628, 120.018875122, 8.25249767303, -13.5976886749, 18.2995491028], [-6.12645769119, 56.6347618103, 7.39187192917, -10.7455234528, 8.69157791138, 32.5781898499, 39.8110580444, -8.89355564117, 5.30475854874, 8.25249767303, 71.404624939, 25.0153522491, -4.90195274353], [-107.163291931, -2.70930433273, 27.6448974609, -1.36997389793, -5.73002338409, 24.2466449738, 17.5696220398, -9.25848484039, 3.2320535183, -13.5976886749, 25.0153522491, 67.3218460083, 6.21742773056], [77.5133743286, -33.926235199, 0.60205322504, 48.9634399414, 21.8716106415, -7.31883049011, -15.5970115662, 5.09597253799, -18.3382873535, 18.2995491028, -4.90195274353, 6.21742773056, 54.182849884]]}, "spectral_energyband_middle_low": {"dmean2": 0.00411843182519, "median": 0.00487650278956, "min": 2.52125650351e-22, "dvar2": 2.07345092349e-05, "dvar": 9.07106823433e-06, "dmean": 0.00264573632739, "max": 0.0386901944876, "var": 2.8348482374e-05, "mean": 0.00647483905777}, "melbands_crest": {"dmean2": 5.5836019516, "median": 13.2103023529, "min": 1.9196511507, "dvar2": 20.854177475, "dvar": 8.91756916046, "dmean": 3.49997544289, "max": 31.8520317078, "var": 29.8585796356, "mean": 14.019859314}, "spectral_kurtosis": {"dmean2": 5.7262005806, "median": 3.85882329941, "min": -1.21085858345, "dvar2": 28.9646873474, "dvar": 10.0042533875, "dmean": 3.23358941078, "max": 74.0320739746, "var": 16.8309688568, "mean": 4.67568159103}, "spectral_rms": {"dmean2": 0.00073822948616, "median": 0.00408725719899, "min": 3.11958184979e-12, "dvar2": 4.53341385764e-07, "dvar": 2.47757469651e-07, "dmean": 0.000516346073709, "max": 0.00853852927685, "var": 1.39054327519e-06, "mean": 0.0040291394107}, "zerocrossingrate": {"dmean2": 0.0100606884807, "median": 0.06884765625, "min": 0.00830078125, "dvar2": 0.000117342096928, "dvar": 9.25937565626e-05, "dmean": 0.00850845035166, "max": 0.509765625, "var": 0.00111883482896, "mean": 0.0730720683932}, "silence_rate_60dB": {"dmean2": 0.0179118551314, "median": 0, "min": 0, "dvar2": 0.0204188320786, "dvar": 0.00887358561158, "dmean": 0.00895381718874, "max": 1, "var": 0.0252412576228, "mean": 0.0259128380567}, "erbbands_kurtosis": {"dmean2": 1.72135853767, "median": 0.682666301727, "min": -1.78807842731, "dvar2": 3.82381534576, "dvar": 1.67242670059, "dmean": 1.10918474197, "max": 17.7163982391, "var": 6.88479423523, "mean": 1.43638944626}, "erbbands": {"dmean2": [0.00344216451049, 0.235018581152, 1.62057685852, 2.60908770561, 8.88792896271, 7.11877155304, 2.94361567497, 3.70727705956, 8.07673931122, 8.49121284485, 15.2807312012, 20.2304153442, 14.8425559998, 22.7720870972, 21.1432380676, 30.5621204376, 25.429769516, 17.4221038818, 35.4531173706, 39.1167144775, 30.1421203613, 36.1239700317, 32.7901229858, 27.3579845428, 25.2034416199, 19.1886138916, 14.1697340012, 4.11402463913, 1.76379644871, 0.543758392334, 0.257098764181, 0.0742054879665, 0.0277588292956, 0.0131817227229, 0.00473031029105, 0.000517965876497, 6.9677735155e-05, 6.56171778246e-06, 3.7081051687e-06, 7.47805734136e-06], "median": [0.00218085385859, 0.121952094138, 1.08545660973, 1.78749895096, 4.81265354156, 5.48263597488, 1.83671104908, 2.1427719593, 3.38743591309, 2.17951178551, 2.67656445503, 5.25956535339, 4.02473497391, 5.68846940994, 6.4194226265, 6.65270805359, 8.56555175781, 11.5571632385, 25.7602329254, 22.4345264435, 21.7715187073, 28.7073516846, 27.1972255707, 24.9667415619, 20.8933563232, 14.1616296768, 8.48399066925, 3.38884711266, 1.27741420269, 0.31372320652, 0.0850274860859, 0.0280809663236, 0.00785618368536, 0.00206772959791, 0.000593072094489, 0.000110723645776, 1.93521882466e-05, 5.23406652064e-06, 1.10353821583e-05, 2.19650664803e-05], "min": [5.84093111987e-22, 1.93452059389e-21, 3.24462281898e-21, 6.01087957725e-21, 2.83887384564e-20, 8.08703336373e-20, 3.48757001389e-19, 6.71095508373e-19, 8.03055321301e-19, 5.99788868957e-19, 9.17652147883e-19, 8.26217205633e-19, 1.66960936912e-18, 1.74332677473e-18, 2.54977762075e-18, 2.70894660935e-18, 4.48498527538e-18, 5.17726844646e-18, 5.42858990479e-18, 1.34891527134e-17, 9.96913938346e-18, 5.19564136863e-18, 6.84267625506e-18, 8.73680818842e-18, 1.37719136525e-17, 1.38276011057e-17, 1.09168724713e-17, 1.76423479869e-17, 1.63518684763e-17, 1.81820965715e-17, 1.39262490112e-17, 1.2510672495e-17, 1.30822460265e-17, 1.12506969239e-17, 9.33426502843e-18, 5.78785471075e-18, 3.96392725033e-18, 1.45302639459e-18, 2.95145202841e-19, 2.53695469921e-20], "dvar2": [2.17957458517e-05, 0.11295453459, 4.92347764969, 14.0424747467, 143.807510376, 80.6099624634, 34.5986099243, 50.7999267578, 205.162658691, 560.81036377, 2360.09716797, 3186.18505859, 2778.16650391, 4577.24951172, 4314.28955078, 9685.2890625, 3729.42504883, 2337.54980469, 3294.87402344, 5961.14355469, 3101.22460938, 3404.38989258, 3604.36889648, 1694.35522461, 1454.10876465, 967.473327637, 623.419067383, 37.2699050903, 6.94606399536, 0.794312775135, 0.388308554888, 0.0233999863267, 0.00531990267336, 0.00154882390052, 0.000303513865219, 2.76931586995e-06, 3.09837133727e-08, 2.38251557372e-10, 1.38632733765e-11, 5.17767009822e-11], "dvar": [9.56467010838e-06, 0.0483136884868, 2.18202137947, 5.3672504425, 53.4647789001, 35.4747581482, 13.9034547806, 22.7466983795, 96.903717041, 286.328552246, 1079.87927246, 1481.88269043, 1272.05664063, 2267.31079102, 2977.09912109, 4908.54199219, 2521.63208008, 1219.12243652, 1571.68933105, 2587.86328125, 1493.14453125, 1535.95678711, 1491.85131836, 795.981018066, 772.701843262, 481.123382568, 295.154296875, 18.0486545563, 3.02406334877, 0.338457852602, 0.153033584356, 0.0105755385011, 0.00245757866651, 0.000721306132618, 0.000146579914144, 1.48218816776e-06, 1.66738889362e-08, 1.22500731781e-10, 7.86224470944e-12, 2.8740848243e-11], "dmean": [0.00222940812819, 0.149585783482, 1.06122267246, 1.6111215353, 5.32089471817, 4.64675569534, 1.87176191807, 2.37759447098, 5.10181570053, 5.61245059967, 10.2951660156, 13.007267952, 9.62990093231, 15.2985534668, 15.3908004761, 20.0807342529, 18.9432811737, 12.2562446594, 24.4298229218, 25.3456687927, 20.2194366455, 24.0930690765, 21.4237575531, 18.1665458679, 17.5815601349, 13.027964592, 9.42450141907, 2.760242939, 1.15444648266, 0.358579337597, 0.163187175989, 0.0496351793408, 0.0190319865942, 0.0091216461733, 0.00334805669263, 0.000373758433852, 5.04590243509e-05, 4.73838690596e-06, 2.62962976194e-06, 5.23456174051e-06], "max": [0.0467932075262, 3.20670032501, 31.500541687, 30.9111919403, 97.2955551147, 139.357788086, 82.9666748047, 143.093444824, 196.43270874, 420.937011719, 801.582885742, 1137.1817627, 1147.2598877, 1144.02404785, 2636.44726563, 3105.33764648, 1793.54760742, 1041.89868164, 762.228515625, 793.786132813, 933.905395508, 559.045898438, 723.264587402, 606.757629395, 580.511535645, 340.216644287, 272.990509033, 80.2470703125, 20.2917156219, 8.48169517517, 9.37405872345, 1.89411866665, 1.06742310524, 0.628501236439, 0.363897323608, 0.0508032590151, 0.00380301522091, 0.000258880842011, 4.26548394898e-05, 9.10213202587e-05], "var": [4.09432905144e-05, 0.1693572402, 8.39034080505, 8.93808174133, 82.9347381592, 103.615516663, 29.3980388641, 44.6031570435, 246.579788208, 846.057617188, 2821.18579102, 3617.4831543, 2390.91333008, 4866.00878906, 10744.53125, 17637.1523438, 8376.72070313, 3481.38305664, 8883.08496094, 6024.20458984, 4421.88964844, 4142.64990234, 4316.90185547, 2819.65600586, 2871.51245117, 1546.10046387, 833.459777832, 62.1860923767, 4.3772892952, 0.477296561003, 0.157592579722, 0.0188478566706, 0.00611959025264, 0.00210444326513, 0.00040228664875, 5.2339287322e-06, 5.75151766213e-08, 4.00197847084e-10, 4.25948928906e-11, 1.45959966336e-10], "mean": [0.00473049934953, 0.298071682453, 2.18373227119, 2.6970872879, 7.82940673828, 8.61564731598, 3.35404086113, 4.02483892441, 8.36664390564, 9.7058391571, 16.9020004272, 21.4917945862, 15.2940568924, 25.7149009705, 28.0798606873, 32.9130401611, 34.7777862549, 25.4318637848, 65.8335800171, 47.6250572205, 44.2355537415, 51.630065918, 49.2598342896, 43.0020523071, 40.315776825, 28.6820793152, 19.1792907715, 5.91890239716, 1.92005813122, 0.547725498676, 0.209613829851, 0.0777962952852, 0.0335492901504, 0.0167755316943, 0.00580634130165, 0.000698198738974, 9.62683770922e-05, 1.11909375846e-05, 1.18653269965e-05, 2.29518045671e-05]}, "spectral_strongpeak": {"dmean2": 1.71733236313, "median": 0.496867150068, "min": 0, "dvar2": 6.26211357117, "dvar": 2.59922480583, "dmean": 1.01053893566, "max": 13.5107412338, "var": 4.91937494278, "mean": 1.68620836735}, "spectral_energy": {"dmean2": 0.00617602607235, "median": 0.017123311758, "min": 9.97508571346e-21, "dvar2": 3.4735956433e-05, "dvar": 1.88406720554e-05, "dmean": 0.00429241266102, "max": 0.0747291371226, "var": 9.1090973001e-05, "mean": 0.0180650800467}, "average_loudness": 0.963193297386, "spectral_rolloff": {"dmean2": 674.749511719, "median": 2304.05273438, "min": 129.19921875, "dvar2": 923627.5625, "dvar": 414700.96875, "dmean": 415.62008667, "max": 19207.6171875, "var": 1658341.25, "mean": 2291.8112793}, "spectral_centroid": {"dmean2": 391.062957764, "median": 1982.14538574, "min": 207.860565186, "dvar2": 164233.421875, "dvar": 99982.96875, "dmean": 262.471710205, "max": 11080.5244141, "var": 504805.9375, "mean": 2008.81982422}, "pitch_salience": {"dmean2": 0.108641929924, "median": 0.537366747856, "min": 0.12843772769, "dvar2": 0.0077217258513, "dvar": 0.00326011469588, "dmean": 0.0690861791372, "max": 0.931400358677, "var": 0.0106178903952, "mean": 0.537233352661}, "spectral_energyband_middle_high": {"dmean2": 0.00326098152436, "median": 0.00645081745461, "min": 1.47685202189e-21, "dvar2": 1.73509906745e-05, "dvar": 1.10262708404e-05, "dmean": 0.00238439533859, "max": 0.0705171525478, "var": 5.73207107664e-05, "mean": 0.00836429279298}, "spectral_contrast_coeffs": {"dmean2": [0.0900941938162, 0.079084508121, 0.0640908256173, 0.0527461841702, 0.0466588959098, 0.0298833996058], "median": [-0.572319030762, -0.747698485851, -0.7917522192, -0.74325799942, -0.724446415901, -0.634097754955], "min": [-0.951632559299, -0.965530216694, -0.979997456074, -0.963187336922, -0.967494249344, -0.960193514824], "dvar2": [0.00491573382169, 0.00401787506416, 0.00289649120532, 0.00178536307067, 0.00144692056347, 0.000634582829662], "dvar": [0.0017696483992, 0.00158473395277, 0.00131323747337, 0.000762645795476, 0.000694929680321, 0.000260795030044], "dmean": [0.0539263747633, 0.0490688309073, 0.0405146852136, 0.0339475758374, 0.0308371968567, 0.018843062222], "max": [-0.326129376888, -0.472883284092, -0.490491807461, -0.529996931553, -0.55436694622, -0.519540607929], "var": [0.00494833057746, 0.00546421064064, 0.00575912138447, 0.00326258456334, 0.00325905694626, 0.0015563396737], "mean": [-0.570595979691, -0.73832565546, -0.772746682167, -0.740494072437, -0.723721325397, -0.63736897707]}, "melbands_skewness": {"dmean2": 0.945197999477, "median": 1.38923060894, "min": -1.56001532078, "dvar2": 0.850665748119, "dvar": 0.419072389603, "dmean": 0.635171473026, "max": 10.0755558014, "var": 2.4990029335, "mean": 1.70516121387}, "spectral_spread": {"dmean2": 373166.5, "median": 2491957.25, "min": 797021.4375, "dvar2": 497302142976, "dvar": 523876204544, "dmean": 248901.65625, "max": 41202348, "var": 1080274714620.0, "mean": 2584265.25}, "dissonance": {"dmean2": 0.0219971910119, "median": 0.482990294695, "min": 0.243093818426, "dvar2": 0.000775798514951, "dvar": 0.000289539457299, "dmean": 0.0130172409117, "max": 0.499999970198, "var": 0.000614394724835, "mean": 0.474611759186}, "spectral_skewness": {"dmean2": 0.577202439308, "median": 0.819655716419, "min": -0.0698209628463, "dvar2": 0.264696478844, "dvar": 0.0915133953094, "dmean": 0.331840455532, "max": 5.52061271667, "var": 0.196058109403, "mean": 0.879198849201}, "spectral_flux": {"dmean2": 0.0313444174826, "median": 0.0644961819053, "min": 1.05058191313e-10, "dvar2": 0.000804601586424, "dvar": 0.000347034278093, "dmean": 0.0195289961994, "max": 0.276209384203, "var": 0.000948911358137, "mean": 0.069716013968}, "spectral_contrast_valleys": {"dmean2": [0.782981395721, 0.626358151436, 0.556823968887, 0.49721083045, 0.484230160713, 0.404417574406], "median": [-7.89240694046, -7.20897960663, -7.42213249207, -7.50435209274, -7.3747010231, -12.0602931976], "min": [-27.6115169525, -27.1812553406, -27.0542011261, -27.1388626099, -27.2949848175, -27.3032302856], "dvar2": [0.38007158041, 0.270393282175, 0.246226087213, 0.184009969234, 0.19937632978, 0.139701634645], "dvar": [0.173988997936, 0.152171105146, 0.144650280476, 0.120519161224, 0.133901551366, 0.10721398145], "dmean": [0.4697458148, 0.39449006319, 0.356839507818, 0.331478089094, 0.337933391333, 0.313734084368], "max": [-6.25061130524, -5.32687473297, -5.52954721451, -5.97155618668, -5.76437854767, -10.0729703903], "var": [1.068405509, 0.882281661034, 0.959368169308, 0.921175718307, 0.98272806406, 0.869873166084], "mean": [-8.00468254089, -7.27074193954, -7.50179815292, -7.60244560242, -7.47068166733, -12.1075277328]}, "erbbands_flatness_db": {"dmean2": 0.0213622432202, "median": 0.242582663894, "min": 0.0325386039913, "dvar2": 0.000362305931048, "dvar": 0.000198551657377, "dmean": 0.0152011858299, "max": 0.420895785093, "var": 0.00134123722091, "mean": 0.244322702289}, "spectral_energyband_high": {"dmean2": 0.000362221093383, "median": 0.000296278944006, "min": 7.49424988738e-21, "dvar2": 3.30368550294e-07, "dvar": 1.60691655537e-07, "dmean": 0.00024259093334, "max": 0.00761143909767, "var": 5.76846673539e-07, "mean": 0.000558550935239}, "spectral_entropy": {"dmean2": 0.239103406668, "median": 7.28523874283, "min": 5.65811777115, "dvar2": 0.0387305766344, "dvar": 0.020370580256, "dmean": 0.169753044844, "max": 9.81762218475, "var": 0.0845219194889, "mean": 7.27575445175}, "silence_rate_20dB": {"dmean2": 0, "median": 1, "min": 1, "dvar2": 0, "dvar": 0, "dmean": 0, "max": 1, "var": 0, "mean": 1}, "melbands_flatness_db": {"dmean2": 0.0364745743573, "median": 0.201501175761, "min": 0.00490363547578, "dvar2": 0.00100692315027, "dvar": 0.00052770023467, "dmean": 0.0256156586111, "max": 0.481818258762, "var": 0.00290116737597, "mean": 0.202292487025}, "barkbands": {"dmean2": [7.36754827813e-07, 0.000725517224055, 0.00144109188113, 0.00151727546472, 0.00240255263634, 0.000434127025073, 0.000604002445471, 0.000613574753515, 0.000791026686784, 0.000723669712897, 0.000457063229987, 0.000813571561594, 0.000578436302021, 0.000417789648054, 0.00072898901999, 0.000736637739465, 0.000826320785563, 0.000623802305199, 0.000494698761031, 0.00033554204856, 0.000240756606217, 4.12144399888e-05, 9.54108963924e-06, 2.13161365537e-06, 8.64540595558e-07, 4.93106142585e-08, 1.9167472054e-09], "median": [2.68324473751e-08, 0.000327233923599, 0.000963900296483, 0.000582142150961, 0.00172490859404, 0.000239699264057, 0.000208345110877, 5.91964708292e-05, 0.000206353201065, 0.000150828098413, 9.73975475063e-05, 0.000158802853548, 0.000164880329976, 0.000191317638382, 0.000475462380564, 0.00035861696233, 0.000548331532627, 0.000472195417387, 0.000401071913075, 0.000229552650126, 0.000160303039593, 2.93452994811e-05, 3.51150697497e-06, 7.69675182255e-07, 1.18497709423e-07, 8.43205061329e-09, 3.39504674374e-10], "min": [2.59620781894e-23, 1.46496944794e-23, 1.7602796067e-24, 1.87434317435e-24, 2.61632913628e-23, 6.89738512996e-23, 5.76946928332e-23, 3.17384932352e-23, 2.91239620707e-23, 5.52904088772e-23, 4.52929852987e-23, 5.9504213532e-23, 9.38267752791e-23, 1.05140851885e-22, 1.74877083607e-22, 1.53986772037e-22, 9.65137175638e-23, 1.76893891708e-22, 2.004108829e-22, 3.40538075651e-22, 3.68703691629e-22, 4.46386674607e-22, 5.41354925305e-22, 7.28836441077e-22, 1.15083118309e-21, 1.87966716978e-21, 2.06260636135e-21], "dvar2": [5.80267691536e-12, 1.0694127468e-06, 3.52099550582e-06, 5.29666522198e-06, 8.72293185239e-06, 6.78517835695e-07, 1.33745493258e-06, 4.08131836593e-06, 3.95596543967e-06, 4.48108767159e-06, 2.51132360063e-06, 5.31384193891e-06, 2.02506794267e-06, 1.13745943509e-06, 1.50034009039e-06, 1.90927653421e-06, 1.99431406145e-06, 1.08756887585e-06, 5.16297575359e-07, 3.01536573488e-07, 1.75987992179e-07, 3.48899842351e-09, 4.35238539653e-10, 2.04939190618e-11, 6.85695380684e-12, 1.91222956388e-14, 1.24325072359e-17], "dvar": [2.16908500709e-12, 4.5870183385e-07, 1.60328784204e-06, 2.0064076125e-06, 3.45731723428e-06, 3.07289383272e-07, 6.73670285778e-07, 1.94156382349e-06, 1.84691953109e-06, 2.08352344089e-06, 1.64200912423e-06, 2.58931868302e-06, 1.27818918827e-06, 5.19331990745e-07, 7.023326134e-07, 9.18059811283e-07, 8.57574036672e-07, 4.58933698155e-07, 2.62188933675e-07, 1.47524715999e-07, 8.29332549301e-08, 1.54901347305e-09, 1.7543820563e-10, 9.73694389006e-12, 3.33060922592e-12, 1.02749687421e-14, 4.64874552997e-18], "dmean": [4.28970054145e-07, 0.000461633520899, 0.000944175408222, 0.000908125308342, 0.00148983171675, 0.000274413847364, 0.000395932991523, 0.000415185058955, 0.000500599679071, 0.000470511731692, 0.000317003636155, 0.000528920732904, 0.000420442986069, 0.000272281700745, 0.000485542142997, 0.000476887158584, 0.00054283690406, 0.000407411018386, 0.000341190985637, 0.000226383155677, 0.000159955074196, 2.72722627415e-05, 6.09752214586e-06, 1.45857427469e-06, 6.02337308919e-07, 3.56488421005e-08, 1.07477848843e-09], "max": [3.2024930988e-05, 0.00982252135873, 0.0281014014035, 0.019885873422, 0.0273248739541, 0.0148063572124, 0.0166301764548, 0.0292668156326, 0.0378257222474, 0.0293885581195, 0.0558786056936, 0.0602626986802, 0.0335181429982, 0.0176703948528, 0.0150635074824, 0.0170601904392, 0.0170355159789, 0.0105206640437, 0.0100152883679, 0.00890912581235, 0.00476903934032, 0.000476163782878, 0.000313747703331, 5.94336343056e-05, 4.11478358728e-05, 3.47942409462e-06, 4.03560527218e-08], "var": [1.77933254068e-12, 1.67507153037e-06, 6.51737036605e-06, 2.69370138994e-06, 7.59950626161e-06, 6.62102479509e-07, 1.7582979126e-06, 5.75816420678e-06, 4.94246387461e-06, 3.99448299504e-06, 5.70624342799e-06, 8.24445760372e-06, 4.2895644583e-06, 1.32367165406e-06, 2.96238954434e-06, 2.54843212133e-06, 2.1243631636e-06, 1.30301680201e-06, 1.00558918348e-06, 5.27216286628e-07, 1.95404822989e-07, 2.38903563599e-09, 1.96249225204e-10, 2.3421544218e-11, 1.08724253559e-11, 3.13629906822e-14, 5.1031348656e-18], "mean": [3.59533515848e-07, 0.000886321300641, 0.00190002564341, 0.00114212662447, 0.00257649621926, 0.000459869246697, 0.000623521103989, 0.000677338859532, 0.000834833539557, 0.00073509919457