{"tonal": {"thpcp": [1, 0.786992549896, 0.339280813932, 0.30549120903, 0.338817894459, 0.55417829752, 0.712603032589, 0.529251456261, 0.364672213793, 0.337772279978, 0.235416725278, 0.317037671804, 0.498696118593, 0.393374472857, 0.341646373272, 0.408688664436, 0.322546184063, 0.257743984461, 0.257592976093, 0.271261513233, 0.457976609468, 0.607727468014, 0.404468178749, 0.228156402707, 0.224283635616, 0.18268725276, 0.196941673756, 0.286946952343, 0.261536389589, 0.244277864695, 0.281980067492, 0.213134214282, 0.185663476586, 0.25411054492, 0.243930906057, 0.489223539829], "hpcp": {"dmean2": [0.167796835303, 0.153960645199, 0.118060171604, 0.0997084751725, 0.0839526280761, 0.076071344316, 0.0864644572139, 0.0930119007826, 0.104706175625, 0.118187330663, 0.0929623544216, 0.086503058672, 0.0909895300865, 0.120045863092, 0.210922092199, 0.197174489498, 0.270242273808, 0.215582773089, 0.173974379897, 0.174037009478, 0.219591125846, 0.250478595495, 0.244703561068, 0.217797338963, 0.178920552135, 0.153524786234, 0.15230679512, 0.155039697886, 0.164026677608, 0.150593712926, 0.129949405789, 0.129014164209, 0.114606156945, 0.111867077649, 0.14018855989, 0.16126704216], "median": [0.0739958658814, 0.0598131194711, 0.0287782456726, 0.0225905049592, 0.024074934423, 0.0265776012093, 0.0272819511592, 0.030853593722, 0.0382944643497, 0.0357188768685, 0.0306559167802, 0.0290372930467, 0.0243953242898, 0.0227194707841, 0.0459920726717, 0.0672222748399, 0.0633465051651, 0.0283533688635, 0.0199491214007, 0.0332801304758, 0.0840943753719, 0.090332493186, 0.0589302778244, 0.0257625356317, 0.0166232082993, 0.0156696606427, 0.0341865308583, 0.0436484217644, 0.0396681427956, 0.0319026820362, 0.0371190086007, 0.0350432097912, 0.0268261693418, 0.0291778109968, 0.0313242785633, 0.0489322692156], "min": [0, 0, 0, 0, 0, 0, 0, 0, 0, 0, 0, 0, 0, 0, 0, 0, 0, 0, 0, 0, 0, 0, 0, 0, 0, 0, 0, 0, 0, 0, 0, 0, 0, 0, 0, 0], "dvar2": [0.0746772959828, 0.060956120491, 0.0470160730183, 0.0429204963148, 0.0317206382751, 0.0242087990046, 0.0325520858169, 0.0377603136003, 0.0378171131015, 0.0538895353675, 0.0383459143341, 0.0464430935681, 0.0427233055234, 0.0749131366611, 0.10746768117, 0.126662790775, 0.142672777176, 0.140849769115, 0.11548653245, 0.0937972962856, 0.101915694773, 0.128745213151, 0.127050429583, 0.137410283089, 0.124105840921, 0.107551306486, 0.0912187546492, 0.0871851891279, 0.101086258888, 0.0840116515756, 0.0659503787756, 0.0594483017921, 0.051944963634, 0.0520882569253, 0.0677471160889, 0.0817523300648], "dvar": [0.030437907204, 0.0214394070208, 0.0172364991158, 0.0160713158548, 0.0114910108969, 0.00922156870365, 0.014221649617, 0.0144721241668, 0.0139113785699, 0.0189863499254, 0.013511525467, 0.0156134953722, 0.0168692395091, 0.0267415847629, 0.036848090589, 0.051411125809, 0.0494386330247, 0.0517532229424, 0.0435353927314, 0.034773837775, 0.0366915948689, 0.0491452217102, 0.047979593277, 0.048888925463, 0.0452312752604, 0.0377932488918, 0.0313486009836, 0.0334159098566, 0.0363429114223, 0.0300002656877, 0.0255347620696, 0.0214536041021, 0.0195085406303, 0.0198618676513, 0.0245251152664, 0.0301325656474], "dmean": [0.0982903689146, 0.088847361505, 0.0677433609962, 0.0584503486753, 0.0486765652895, 0.0456613488495, 0.0531896241009, 0.0548445694149, 0.0609047077596, 0.0681041777134, 0.0536157637835, 0.049455974251, 0.0533046238124, 0.0676615089178, 0.117418460548, 0.111788176, 0.149517208338, 0.119221501052, 0.0961719825864, 0.101214416325, 0.127683252096, 0.145571127534, 0.139066815376, 0.122811585665, 0.100028686225, 0.084638312459, 0.0855333358049, 0.0889981463552, 0.0919601544738, 0.0853620171547, 0.0744752138853, 0.075012922287, 0.0672669559717, 0.0638307482004, 0.0796951800585, 0.0936537533998], "max": [1, 1, 1, 1, 1, 1, 1, 1, 1, 1, 1, 1, 1, 1, 1, 1, 1, 1, 1, 1, 1, 1, 1, 1, 1, 1, 1, 1, 1, 1, 1, 1, 1, 1, 1, 1], "var": [0.0850865393877, 0.0326690636575, 0.017706617713, 0.0225855577737, 0.0129609005526, 0.0136758256704, 0.040437720716, 0.0296127162874, 0.0149508137256, 0.0212022606283, 0.0120904464275, 0.0135983768851, 0.0330816358328, 0.0314413011074, 0.0470856055617, 0.171782299876, 0.104279093444, 0.0485637411475, 0.0471907369792, 0.0357063598931, 0.051613856107, 0.088687621057, 0.0606974959373, 0.0496675595641, 0.0564242266119, 0.031400937587, 0.0311220549047, 0.0761240273714, 0.0543312802911, 0.0400823242962, 0.0616000033915, 0.0291983634233, 0.0262952912599, 0.0296200737357, 0.0264779496938, 0.060250736773], "mean": [0.199253067374, 0.13261128962, 0.0748046860099, 0.0735349357128, 0.0598969049752, 0.0645704418421, 0.0940800979733, 0.0857488438487, 0.0800903588533, 0.0924516245723, 0.0698794201016, 0.060872707516, 0.0833141580224, 0.0799766033888, 0.160399675369, 0.327865809202, 0.258027940989, 0.111238576472, 0.100160121918, 0.111086800694, 0.181696116924, 0.233638167381, 0.173523455858, 0.119563549757, 0.110743977129, 0.0771850943565, 0.103945814073, 0.163505405188, 0.128974035382, 0.112014167011, 0.133995041251, 0.105751864612, 0.0845054388046, 0.0844559296966, 0.0889373794198, 0.150154873729]}, "tuning_equal_tempered_deviation": 0.077405706048, "chords_changes_rate": 0.0515407696366, "key_key": "D", "tuning_diatonic_strength": 0.46503123641, "key_scale": "major", "chords_number_rate": 0.00463594216853, "tuning_frequency": 446.399932861, "tuning_nontempered_energy_ratio": 0.682297170162, "chords_histogram": [19.9890918732, 1.93618762493, 13.3351516724, 0, 0.272702485323, 0.0272702481598, 1.74529588223, 2.53613305092, 3.40878105164, 0, 0, 7.30842638016, 1.44532310963, 2.12707924843, 0, 7.52658843994, 0, 3.38151073456, 4.41778039932, 7.00845384598, 2.72702479362, 5.89037370682, 11.1808013916, 3.73602390289], "key_strength": 0.660657465458, "chords_key": "D", "chords_strength": {"dmean2": 0.00756255351007, "median": 0.500796675682, "min": 0.166479751468, "dvar2": 5.26888215973e-05, "dvar": 6.0656300775e-05, "dmean": 0.00870132353157, "max": 0.707493901253, "var": 0.00918124523014, "mean": 0.492866367102}, "chords_scale": "major", "hpcp_entropy": {"dmean2": 0.963120698929, "median": 1.75842106342, "min": 0, "dvar2": 0.606791257858, "dvar": 0.230303511024, "dmean": 0.576890766621, "max": 4.53125095367, "var": 0.461948752403, "mean": 1.77905786037}}, "metadata": {"audio_properties": {"equal_loudness": 0, "codec": "mp3", "downmix": "mix", "sample_rate": 44100, "analysis_sample_rate": 44100, "bit_rate": 192029, "md5_encoded": "c61f319977e211d4cc4a63d0f1cda5b3", "length": 170.240005493, "replay_gain": -5.84180450439, "lossless": false}, "version": {"essentia_build_sha": "2d9f1f26377add8aeb1075a9c2973f962c4f09fd", "essentia": "2.1-beta2", "extractor": "music 1.0", "essentia_git_sha": "v2.1_beta2-1-ge3940c0"}, "tags": {"title": ["The Magic Train"], "language": ["eng"], "acoustid_fingerprint": ["AQADtFycLEu0BLk14dYlaPyOZuGFHL_Qn2i2RMMz9MNbfDt6JkXIztCzI0wlDRf-40yKXoOXIGT1QPsRRhee40p-XHmM_vCJ8niiCzlOMXFRxTt86DlK4jlO4Qn6HfYPMXrwKMOR4yU68RqOP2imiGhj_COa44vg8OiinEi6C_kf9Dua4z4e4Y_wXahzpIqUHf8FaIly_MhFPEkYlD2MPsFnnBizkPgDNseU0yiPV8al7UdHa3COkvqKP_jwF5W0ZXCiHnW04nRxYSmPJOqyB_mP93CVHXUuNM-HStSywNyI_EqMbyVy4fLRL4MV9Mf3IqKeIBF_3MyFY79wJxJRbpqENo-EUGIOMSlPIXxwHz-mD82z41I8RDdqCmIu5M02uEel49GJ5kMffcKH48qkHMmiH6Eo_DzuC8_QMwrq4xRih0fi_iizHBePH41DMvjx48KPJv1RK0omnMUuLM-RLBF55GMuXMqON1PgUOlC9EUTf0fXTA0u57iSxDilh2hOHz-H8Ieax8gvY3wePOTBHc-P3SJRzhQSMqaONLoLJ80e1GI-4BPR82gQPSp-6CNRvgMjJfqQHz-6H806PMMf_EbzIBmPPMerHD08HTSH_kF5WJygPQd_XMLt48VHo8sD50F9PDpU4fmDNw9-aWjqCT1DvDfxovmQzFUQxkLXHv-KbwYjHS5l_FB8HI9RbcfTpcbDB017hNehL0eOGz0zHVNCawny5Id-PEmH5weT9cEpE9Gcy0O9q_iLiY2R0jcYyRd0IXojBcfjo0zg3aiaJMP5RMhTGTrZIz-uI0fCWcE-400CRoJvSqAeIyRzInmE3TnKX2ie6Hgm6ngeRUVIcwm0PMil7PiFfTnKRD8SJZHyRciPP8nxKyEe_pgS8TgcJnl0HHcwintALb3Qp0uEfbmQ44YuNOmNPtAohR1-pDtu5B8uwz_0I38Onzh-fMSPHylOXESP0PZx-Dm6qzQ-HM2CZNId5McnvB9OBv_yA42OUCeS_ODDDftjPDvRRI0udGa-4SUuNsL148YThDm0vcd1PE8k_KibHFrcC3mwPcPRZ2jqIBZhZkog_LBFCy9--DR-tCqaWYHyH5YXXDnOw89yXNxznPBDQz8OP9JxQcvRJyzyw7uO61jzG3ZzPOMR5kfP4JpmiBxTnMSPJnqGVuGDH_5SfMSPxlqOTuPRpmhC1cHRpIFm9XiOMJrRM_h0NNUSlOTxHGZE5NNC1EezZoc-wZMmChd-uGMFXR9WHdt7fCLaKBHC5Onw5fBu8HHw6IOrXhJ2GReuBieuvDi5BvnhL0Yu6sRp4RdMBt9hkcfZ4TLSZ4VeG-GPRsZhysaZ4y58lojrBt2hJd-D4zruoDm0K_gi5DteVI8TOHF09Ap-HNeRP8KzOvjy4mjqfOiLZ7h5qNoUzDn0R-gPJjcOdjr8HE86_GhYBb1wQzxxovkRidOyAVupDE93_GgYSehTZBfEqhXyHBes_fiSHD-siUEO3ciUDb_QkDxC6QLzQ0udHQ-uKDyOB9eGHuIk7Bduoo849NThqwgtHneEvnB2_Mh_-MdjEWLwNAr-Qd_RS8hjXBTu40TzIXcO5zx6QTteiN_hcFFm9DiadUFfTKfR_OhZ-Ogo9ASTJ8dV_MJzhE9wDz2K7HDa4Dr8o-WCH9VhZjsOHV7xw3rB74MP5UH448NPXNuP5kW3Rcf74Dle44YWKig7Hb9y7B1-cOmS49qDUtLh5XiwPVHRH0-W4EQvwb9wGp-SScWn4zy8Xgj1B8896MoR6gnc6PBx0cIffIsQJsw16NXwHx9HiDPO9Pg4D0f9QYyYI2ySE7iEXgiTC7Jz5NtR9YOP38Q5eCucjB-SvciPH95xJZnwEVfRvAgpHVdsPEYPLcd1HKEWNNZe5EXZY0ou_BykiDYaQ7G0Fzl84U-Pp0fFw-5Ri4mDH6d-fMMjRqgYo-nWHJ-LXaD3YHp2JP-RVomCOjm-SRnu5Hh7PMYtFY_CHM2kHL1wMTve4D-SiLoRK46JrswDzjl-9BEmKh_xhFWC_ESy5JNaPM9xHRP34y_RZwjj_NCj49ShKHliPILIBbnQ-yhv-Dv65cF5_MgVJLzw4bsVvHTQHK8Mv0MfxIeMXI9R0YafB62OD9dxR2hC1JES7AKP3UyC59B_ND_aJMxxSVdWdJ7g52jyBV-M98a3B88uoh-aDHnpIwnlOcIP8sqHi8dzPJYwpbki4beI9ItkJFOKKaES6eh93OiLZp9xkUKuhIYuhCnRnuCcoenRX8g3NHoHrcWLF7-RH-_Rw_JQzviNXNJRf4MyMUSebAlxH91JFD7R4-qDMmI8HH0CRRSs5Dn6mMEjNE9Qi7jwhMc_JHuRX8eZCqd0fIcnHdR3hOzSHMmY6djhJ1dw8-io4q9wOYqCZEyDMMdL3AvK_EIzfcGe47-RJ-rwvNCyfjFygfJRUT8-oUeWKPE36A05RLwTPMOPozyaJdmj4E2O-NGI5MbZCz_uYTK0nOAVnFly4iR6ZD-SPVEqXDta9cI2_ahe4RfyO4bebEHIo1GZHX-R_4IiJg-a5ooRv8WdJLiDKwST6scXw9Ne_LiYwxEVMBfuBHs6nEdOt7gE7XBvnPgC9_hhHtV5tDFuAiUAEUQhxgABQiAIrGJGMCCEAVQAJYgSRmgiECAUKIqQEgAIaMgghgBKAHLOICGAAAoJRBBQQBACgDSGIOUAYQ4QAwAwwEBEgCBcCUEUI4gAAwBCRBBhgXCEAOAMREQJhqAiFBklEVCQAEEIU8ARZogghAlGlREGGAucBVAJYgDURAlCCFICACIMIIAAIAwhzAghOANCCCOQYsQwZQhgBgojDHGCIEcgAcwZghhgRiFBjCNAIQKIIAoIAqAwhikrpTBHCQWIEIpIIYgRgBlIADBACGEI4oYxYRCQABBDjAQCIWKAIAIIgAgwygiClAJCGQCcAMQAgQSwwgmBgHQEYcOEdYIIIpwARBAEoXFEW7EFNAJ4JIxSCFEAACBAACEUEQQwpIhAVAAELAEUAACRDFIIhoWziggHCAZCAECAYSIIcIBCwBkGDGAIIAGIMwIIKIwUADjBjCBKMCQgEIo4IiRwwBgkGCLAOEAJAooSQZgQEAgnBBJKFAIEBQI6RikhxBAjhBKaWIUMMbAIhgREhiAliRFSKWOEQURAppRQxgFBCIVCMimcMkQAxawigAEigBGCAWcIUMIYAQxyThKgjDUICKMYEFgFpQBBEgBMnEJIYOYIAsoJYCZySgjMjCKGEAAoEkoKQAQTQgHIlDAMBCERkAARBCwCQBAhlDDEEmCEcEQIAwSigglGLDJCMWAckBAwRAHCSCmjjZAUGKKEEZ4AI4RRzCECDAPEWCUEIAQyIARgiABgkBGAAAAQZEwQpQAgACmCiFBGIIOIEZIBIQQBRBrgxACAMESAEQoBhoAWBhsKgDAIISCQYhAZIgxhQAAJBFDMGUEIMsAhxBCBBihgDEFEEEmMNUAQIgiBQhCABCBAI0wkEQwI5ggAXgkDjDACCGYIaQIRIhAQhhECjEHCGgIMZYBhgACABCGkCBAEWAYEMgYAIIwQQhgABDEKCUGBQIQAJKSjjjhCgGLOEQoAgAA"], "date": ["1968"], "genre": ["Rock"], "musicbrainz_releasegroupid": ["0de9873f-3c45-32a0-98a0-f1a85744ea72"], "musicbrainz album type": ["Album", "Compilation"], "musicbrainz_recordingid": ["1180e80d-c04e-4cab-9fb1-33ffbd7bf422"], "musicbrainz album release country": ["GB"], "musicbrainz_albumartistid": ["436b11a9-9415-4980-8991-98900946abcf"], "musicbrainz_albumid": ["549e2a5a-dc57-4c8d-ac14-9b0720d95d2c"], "artist": ["Flies"], "bpm": ["87.66"], "album": ["Complete Collection: 1965-1968"], "catalognumber": ["ADCD1030"], "tracknumber": ["10"], "label": ["ACEM"], "acoustid_id": ["6910272a-edf8-4d89-bbc5-bd4e1bf440ed"], "musicbrainz_artistid": ["436b11a9-9415-4980-8991-98900946abcf"], "file_name": "Flies - The Magic Train(1).mp3"}}, "rhythm": {"bpm_histogram_first_peak_bpm": {"dmean2": 0, "median": 172, "min": 172, "dvar2": 0, "dvar": 0, "dmean": 0, "max": 172, "var": 0, "mean": 172}, "bpm": 172.265686035, "bpm_histogram_second_peak_spread": {"dmean2": 0, "median": 0, "min": 0, "dvar2": 0, "dvar": 0, "dmean": 0, "max": 0, "var": 0, "mean": 0}, "bpm_histogram_first_peak_weight": {"dmean2": 0, "median": 0.48770493269, "min": 0.48770493269, "dvar2": 0, "dvar": 0, "dmean": 0, "max": 0.48770493269, "var": 0, "mean": 0.48770493269}, "onset_rate": 3.16574048996, "beats_position": [0.348299324512, 0.708208620548, 1.09133780003, 1.48607707024, 1.8575963974, 2.20589566231, 2.55419492722, 2.90249419212, 3.25079369545, 3.58748292923, 3.92417216301, 4.27247142792, 4.62077093124, 4.94585037231, 5.2941493988, 5.630838871, 5.9675283432, 6.31582736969, 6.66412687302, 7.01242637634, 7.3491153717, 7.6858048439, 8.03410434723, 8.38240337372, 8.73070240021, 9.07900238037, 9.42730140686, 9.76399040222, 10.1006803513, 10.4257593155, 10.7624483109, 11.0991382599, 11.4474372864, 11.7957363129, 12.144036293, 12.4807252884, 12.8290243149, 13.177324295, 13.5372333527, 13.873922348, 14.2106122971, 14.5589113235, 14.90721035, 15.2555103302, 15.5921993256, 15.9288883209, 16.2539672852, 16.5906581879, 16.9273471832, 17.2756462097, 17.6239452362, 17.9722442627, 18.3089332581, 18.6456241608, 18.9823131561, 19.3190021515, 19.667301178, 20.0272102356, 20.3755092621, 20.7121982574, 21.0604991913, 21.4087982178, 21.7570972443, 22.0937862396, 22.430475235, 22.7787742615, 23.1270751953, 23.4753742218, 23.8120632172, 24.1487522125, 24.4854412079, 24.8221302032, 25.1704311371, 25.5187301636, 25.8554191589, 26.2037181854, 26.5520172119, 26.9003162384, 27.2370071411, 27.5620861053, 27.9103851318, 28.2586841583, 28.6069831848, 28.9436721802, 29.2803630829, 29.6170520782, 29.9537410736, 30.290430069, 30.6271190643, 30.9754180908, 31.3237190247, 31.66040802, 32.0087051392, 32.357006073, 32.6936950684, 33.0419960022, 33.3902931213, 33.7385940552, 34.0868911743, 34.4235839844, 34.7602729797, 35.1085700989, 35.4568710327, 35.7935600281, 36.1302490234, 36.4669380188, 36.8036270142, 37.1403160095, 37.4770050049, 37.8253059387, 38.1736030579, 38.5219039917, 38.8702049255, 39.2185020447, 39.55519104, 39.8918800354, 40.2401809692, 40.5884780884, 40.9367790222, 41.2850799561, 41.6217689514, 41.9584579468, 42.3067550659, 42.6434440613, 42.9801368713, 43.3284339905, 43.6651229858, 44.0018119812, 44.350112915, 44.6868019104, 45.0351028442, 45.3717918396, 45.708480835, 46.0451698303, 46.3818588257, 46.718547821, 47.0552368164, 47.3919258118, 47.7286148071, 48.0653038025, 48.4136047363, 48.7619056702, 49.1102027893, 49.4585037231, 49.7951927185, 50.1318817139, 50.480178833, 50.8168716431, 51.1535606384, 51.5018577576, 51.8501586914, 52.1984558105, 52.5467567444, 52.8950538635, 53.2433547974, 53.5916557312, 53.9399528503, 54.2882537842, 54.6249427795, 54.9616317749, 55.2983207703, 55.6466217041, 55.9949188232, 56.3432197571, 56.6799087524, 57.0282058716, 57.3765068054, 57.7131958008, 58.0498847961, 58.3865737915, 58.7232627869, 59.0599517822, 59.3966445923, 59.7449417114, 60.0932426453, 60.4415397644, 60.7782287598, 61.1265296936, 61.463218689, 61.8115196228, 62.1482086182, 62.4848976135, 62.8215866089, 63.1582756042, 63.5065765381, 63.8548736572, 64.2031707764, 64.5514755249, 64.899772644, 65.2364578247, 65.5731506348, 65.9214477539, 66.258140564, 66.6064376831, 66.9431304932, 67.2914276123, 67.6397247314, 67.9764175415, 68.3131027222, 68.6497955322, 68.9864807129, 69.3231735229, 69.659866333, 70.0081634521, 70.3564605713, 70.7047576904, 71.029838562, 71.3781356812, 71.7148284912, 72.0631256104, 72.3998184204, 72.7481155396, 73.0964126587, 73.4331054688, 73.7697982788, 74.1180953979, 74.4663925171, 74.8146896362, 75.1629943848, 75.4996795654, 75.8363723755, 76.1846694946, 76.5329666138, 76.8812713623, 77.2295684814, 77.5778656006, 77.9145584106, 78.2512435913, 78.5879364014, 78.9362335205, 79.2845306396, 79.6328353882, 79.9695205688, 80.3178253174, 80.6661224365, 81.0028076172, 81.3395004272, 81.6877975464, 82.0360946655, 82.3611755371, 82.7094802856, 83.0577774048, 83.4060745239, 83.742767334, 84.0794525146, 84.4277572632, 84.7760543823, 85.112739563, 85.449432373, 85.7977294922, 86.1344223022, 86.4711074829, 86.8194122314, 87.1677093506, 87.5160064697, 87.8643035889, 88.2126083374, 88.5609054565, 88.9092025757, 89.2575073242, 89.6058044434, 89.942489624, 90.2791824341, 90.6274795532, 90.9641723633, 91.3008575439, 91.6491622925, 91.9858474731, 92.3109283447, 92.6476211548, 92.9843063354, 93.3326034546, 93.6692962646, 94.0175933838, 94.3542861938, 94.702583313, 95.039276123, 95.3759613037, 95.7126541138, 96.0609512329, 96.4092483521, 96.7575454712, 97.1174621582, 97.4657592773, 97.802444458, 98.1507492065, 98.4874343872, 98.8125152588, 99.1492080688, 99.497505188, 99.8458023071, 100.194099426, 100.530792236, 100.867477417, 101.215782166, 101.564079285, 101.912376404, 102.260681152, 102.608978271, 102.945663452, 103.282356262, 103.630653381, 103.97895813, 104.315643311, 104.652336121, 105.00063324, 105.348930359, 105.685623169, 106.02230835, 106.370613098, 106.707298279, 107.043991089, 107.392288208, 107.740585327, 108.088890076, 108.437187195, 108.773872375, 109.110565186, 109.447257996, 109.783943176, 110.132240295, 110.480545044, 110.828842163, 111.165527344, 111.502220154, 111.850517273, 112.198822021, 112.535507202, 112.872200012, 113.208885193, 113.545578003, 113.882263184, 114.218955994, 114.567253113, 114.915550232, 115.26385498, 115.6121521, 115.94884491, 116.28553009, 116.6222229, 116.958908081, 117.3072052, 117.655509949, 118.003807068, 118.352104187, 118.700408936, 119.048706055, 119.397003174, 119.733695984, 120.070381165, 120.418685913, 120.766983032, 121.115280151, 121.463577271, 121.788658142, 122.113739014, 122.450431824, 122.787117004, 123.112197876, 123.448883057, 123.797187805, 124.145484924, 124.493782043, 124.842086792, 125.20199585, 125.550292969, 125.898590088, 126.235282898, 126.583580017, 126.931877136, 127.268569946, 127.593650818, 127.91872406, 128.267028809, 128.603713989, 128.952011108, 129.300308228, 129.648620605, 129.985305786, 130.333602905, 130.681900024, 131.030197144, 131.378494263, 131.715194702, 132.051879883, 132.400177002, 132.748474121, 133.09677124, 133.445083618, 133.781768799, 134.118453979, 134.45513916, 134.7918396, 135.12852478, 135.465209961, 135.801895142, 136.138595581, 136.4868927, 136.835189819, 137.183486938, 137.531784058, 137.880081177, 138.216781616, 138.565078735, 138.901763916, 139.238449097, 139.575149536, 139.911834717, 140.248519897, 140.585220337, 140.933517456, 141.270202637, 141.606887817, 141.943572998, 142.291885376, 142.640182495, 142.988479614, 143.336776733, 143.673461914, 144.010162354, 144.346847534, 144.683532715, 145.031829834, 145.380126953, 145.728439331, 146.07673645, 146.425033569, 146.76171875, 147.098403931, 147.446716309, 147.795013428, 148.143310547, 148.479995728, 148.839904785, 149.211425781, 149.582946777, 149.954467773, 150.32598877, 150.697509766, 151.069015503, 151.440536499, 151.812057495, 152.171966553, 152.53187561, 152.903396606, 153.251693726, 153.599990845, 153.948303223, 154.296600342, 154.644897461, 154.99319458, 155.329879761, 155.6665802, 156.003265381, 156.339950562, 156.688247681, 157.0365448, 157.384857178, 157.721542358, 158.069839478, 158.406524658, 158.754821777, 159.103118896, 159.439819336, 159.776504517, 160.124801636, 160.473098755, 160.821395874, 161.169708252, 161.52961731, 161.889526367, 162.319091797, 162.760269165, 163.201446533, 163.631011963, 164.072189331, 164.50177002, 164.931335449, 165.360900879, 165.790466309, 166.220046997, 166.649612427, 167.090789795, 167.520355225, 167.961532593, 168.391113281, 168.832290649, 169.273468018, 169.714645386], "beats_loudness": {"dmean2": 0.011763763614, "median": 0.0232015550137, "min": 3.9289407141e-06, "dvar2": 8.82946114871e-05, "dvar": 2.72220095212e-05, "dmean": 0.00675194617361, "max": 0.0418829284608, "var": 4.30742038589e-05, "mean": 0.0231068115681}, "danceability": 1.10766804218, "bpm_histogram_second_peak_weight": {"dmean2": 0, "median": 0.403688520193, "min": 0.403688520193, "dvar2": 0, "dvar": 0, "dmean": 0, "max": 0.403688520193, "var": 0, "mean": 0.403688520193}, "beats_count": 489, "bpm_histogram_second_peak_bpm": {"dmean2": 0, "median": 178, "min": 178, "dvar2": 0, "dvar": 0, "dmean": 0, "max": 178, "var": 0, "mean": 178}, "bpm_histogram_first_peak_spread": {"dmean2": 0, "median": 0, "min": 0, "dvar2": 0, "dvar": 0, "dmean": 0, "max": 0, "var": 0, "mean": 0}, "beats_loudness_band_ratio": {"dmean2": [0.345317393541, 0.0929916799068, 0.0932312533259, 0.113852120936, 0.155721515417, 0.17000579834], "median": [0.475847005844, 0.0614700727165, 0.0353127643466, 0.0789219290018, 0.143046796322, 0.112988360226], "min": [0.0020585982129, 0.000656676129438, 0.000186186589417, 0.00111046270467, 0.00153197406325, 0.000465814489871], "dvar2": [0.0745765343308, 0.00568204978481, 0.00953377224505, 0.0146241225302, 0.019512783736, 0.0263053253293], "dvar": [0.0238668471575, 0.00202556396835, 0.00325916754082, 0.00553894648328, 0.00706103397533, 0.00867937318981], "dmean": [0.200966924429, 0.0522286631167, 0.0520768277347, 0.0654933825135, 0.0902676805854, 0.0977837592363], "max": [0.995205581188, 0.25487986207, 0.348578721285, 0.600319206715, 0.785171031952, 0.637397229671], "var": [0.0401661619544, 0.0025023992639, 0.00400117365643, 0.00618540681899, 0.0107440082356, 0.0117481760681], "mean": [0.490337342024, 0.071669369936, 0.059693172574, 0.0944467633963, 0.165386423469, 0.141588926315]}}, "lowlevel": {"barkbands_spread": {"dmean2": 9.40717315674, "median": 43.0222625732, "min": 0.959386348724, "dvar2": 90.936126709, "dvar": 36.6069107056, "dmean": 6.01229524612, "max": 143.64012146, "var": 182.828369141, "mean": 41.9170799255}, "melbands_spread": {"dmean2": 18.0740337372, "median": 45.6678123474, "min": 0.561191618443, "dvar2": 312.182128906, "dvar": 123.977630615, "dmean": 11.3486337662, "max": 185.754516602, "var": 480.356506348, "mean": 46.55626297}, "hfc": {"dmean2": 10.2775945663, "median": 24.2366485596, "min": 1.10405841148e-16, "dvar2": 147.410751343, "dvar": 65.7065353394, "dmean": 6.74595212936, "max": 175.163467407, "var": 231.690689087, "mean": 26.3052196503}, "barkbands_kurtosis": {"dmean2": 1.72568893433, "median": -1.25386285782, "min": -1.9428384304, "dvar2": 20.4761428833, "dvar": 9.83322143555, "dmean": 1.07425713539, "max": 320.110046387, "var": 177.845932007, "mean": 0.522622048855}, "gfcc": {"mean": [-22.2599487305, 110.952476501, -159.816925049, 80.0133132935, -28.2091884613, 2.94852685928, -16.9090251923, -5.01163196564, -10.5355844498, 3.31079697609, -5.80379152298, -10.2087898254, -10.4138422012], "icov": [[0.000816933985334, -0.00201141322032, 0.00240207836032, -0.00201674667187, 0.00164072727785, -0.00189518125262, 0.00205861520953, -0.00193123880308, 0.00216670986265, -0.00231155753136, 0.00215893844143, -0.00166406389326, 0.000935475633014], [-0.00201141322032, 0.0093088420108, -0.0070918626152, 0.00812281481922, -0.00536415120587, 0.00721698021516, -0.00803583767265, 0.00870790239424, -0.00786716770381, 0.00959292426705, -0.00887793209404, 0.0075255590491, -0.00511660519987], [0.00240207836032, -0.0070918626152, 0.0113381966949, -0.00694700004533, 0.00445414427668, -0.00862304121256, 0.00783952046186, -0.00812429841608, 0.00891296379268, -0.00913021247834, 0.00812897179276, -0.00687617994845, 0.00311392499134], [-0.00201674667187, 0.00812281481922, -0.00694700004533, 0.0111277187243, -0.00406813481823, 0.00639666151255, -0.00657292595133, 0.0077375182882, -0.00852218922228, 0.00915288273245, -0.00893435068429, 0.00572568131611, -0.00333842611872], [0.00164072727785, -0.00536415120587, 0.00445414427668, -0.00406813481823, 0.00668181618676, -0.00365679175593, 0.00502190506086, -0.00447765970603, 0.00523568084463, -0.00655845785514, 0.00456300005317, -0.00445491494611, 0.00208740145899], [-0.00189518125262, 0.00721698021516, -0.00862304121256, 0.00639666151255, -0.00365679175593, 0.0128942672163, -0.0087975403294, 0.007267201785, -0.00642017833889, 0.00637617008761, -0.00748007418588, 0.00669522024691, -0.00414511421695], [0.00205861520953, -0.00803583767265, 0.00783952046186, -0.00657292595133, 0.00502190506086, -0.0087975403294, 0.0147482696921, -0.0109071619809, 0.00719335861504, -0.00743751134723, 0.00683974986896, -0.00558467349038, 0.00405789492652], [-0.00193123880308, 0.00870790239424, -0.00812429841608, 0.0077375182882, -0.00447765970603, 0.007267201785, -0.0109071619809, 0.0201899651438, -0.0120785599574, 0.00902784522623, -0.00605334667489, 0.00472273305058, -0.00300599867478], [0.00216670986265, -0.00786716770381, 0.00891296379268, -0.00852218922228, 0.00523568084463, -0.00642017833889, 0.00719335861504, -0.0120785599574, 0.0208453759551, -0.0117703527212, 0.00766802066937, -0.00317633431405, -0.00195683469065], [-0.00231155753136, 0.00959292426705, -0.00913021247834, 0.00915288273245, -0.00655845785514, 0.00637617008761, -0.00743751134723, 0.00902784522623, -0.0117703527212, 0.0242904834449, -0.0142902145162, 0.0104493480176, -0.00295682554133], [0.00215893844143, -0.00887793209404, 0.00812897179276, -0.00893435068429, 0.00456300005317, -0.00748007418588, 0.00683974986896, -0.00605334667489, 0.00766802066937, -0.0142902145162, 0.0252822544426, -0.0147973615676, 0.00849955156446], [-0.00166406389326, 0.0075255590491, -0.00687617994845, 0.00572568131611, -0.00445491494611, 0.00669522024691, -0.00558467349038, 0.00472273305058, -0.00317633431405, 0.0104493480176, -0.0147973615676, 0.0229308232665, -0.00805724598467], [0.000935475633014, -0.00511660519987, 0.00311392499134, -0.00333842611872, 0.00208740145899, -0.00414511421695, 0.00405789492652, -0.00300599867478, -0.00195683469065, -0.00295682554133, 0.00849955156446, -0.00805724598467, 0.0184203125536]], "cov": [[5463.85595703, -8.69276809692, -772.868164063, 332.308532715, -728.020751953, -67.0591430664, -74.9103927612, -49.8016929626, 20.8319568634, -81.0499191284, -58.8901443481, -49.9782676697, -18.718208313], [-8.69276809692, 820.703735352, -44.7182197571, -271.701599121, 228.247848511, -106.08618927, 70.6356277466, -76.0128707886, 29.3302307129, -53.4880828857, 2.41402387619, -48.890838623, 81.053314209], [-772.868164063, -44.7182197571, 385.559082031, -7.53828668594, 68.1728668213, 119.811843872, -12.6195306778, 18.4429206848, -47.9766082764, 37.2305526733, 7.93771648407, 26.9997501373, -5.66319990158], [332.308532715, -271.701599121, -7.53828668594, 310.551971436, -101.343002319, 6.28165531158, -21.251958847, 5.19024848938, 20.5834064484, -5.07142114639, 24.1433830261, 20.4104709625, -17.2026824951], [-728.020751953, 228.247848511, 68.1728668213, -101.343002319, 419.382385254, -34.3916931152, -25.472869873, -31.2567176819, -23.5100440979, 30.0297603607, 26.447851181, 14.1086378098, 12.0187721252], [-67.0591430664, -106.08618927, 119.811843872, 6.28165531158, -34.3916931152, 209.197113037, 53.129737854, 18.9166622162, -4.36979389191, 25.3723087311, 4.31616401672, -4.98054456711, -3.38343071938], [-74.9103927612, 70.6356277466, -12.6195306778, -21.251958847, -25.472869873, 53.129737854, 177.573303223, 53.5551261902, 21.246799469, -5.14493560791, -4.84672451019, -11.4889001846, 4.81225967407], [-49.8016929626, -76.0128707886, 18.4429206848, 5.19024848938, -31.2567176819, 18.9166622162, 53.5551261902, 119.023956299, 41.6846923828, 0.768841743469, -15.5906972885, 0.135915890336, 6.46742916107], [20.8319568634, 29.3302307129, -47.9766082764, 20.5834064484, -23.5100440979, -4.36979389191, 21.246799469, 41.6846923828, 120.213447571, 13.3573198318, -14.5061101913, -20.7467918396, 35.2659683228], [-81.0499191284, -53.4880828857, 37.2305526733, -5.07142114639, 30.0297603607, 25.3723087311, -5.14493560791, 0.768841743469, 13.3573198318, 94.1789703369, 27.8448696136, -6.78262901306, -13.667224884], [-58.8901443481, 2.41402387619, 7.93771648407, 24.1433830261, 26.447851181, 4.31616401672, -4.84672451019, -15.5906972885, -14.5061101913, 27.8448696136, 93.5330657959, 35.2592544556, -21.6141471863], [-49.9782676697, -48.890838623, 26.9997501373, 20.4104709625, 14.1086378098, -4.98054456711, -11.4889001846, 0.135915890336, -20.7467918396, -6.78262901306, 35.2592544556, 85.3719482422, 5.70662355423], [-18.718208313, 81.053314209, -5.66319990158, -17.2026824951, 12.0187721252, -3.38343071938, 4.81225967407, 6.46742916107, 35.2659683228, -13.667224884, -21.6141471863, 5.70662355423, 87.4861450195]]}, "spectral_energyband_middle_low": {"dmean2": 0.00191281794105, "median": 0.00291110621765, "min": 2.50866527372e-22, "dvar2": 5.24687629877e-06, "dvar": 2.07424545806e-06, "dmean": 0.00118371413555, "max": 0.0167829636484, "var": 4.938836355e-06, "mean": 0.00339816231281}, "melbands_crest": {"dmean2": 4.28555583954, "median": 16.4894580841, "min": 2.07252120972, "dvar2": 21.0592918396, "dvar": 7.38557720184, "dmean": 2.58512997627, "max": 29.5385017395, "var": 19.4295368195, "mean": 16.3654842377}, "spectral_kurtosis": {"dmean2": 4.10469341278, "median": 3.21595478058, "min": -1.23720514774, "dvar2": 16.3396644592, "dvar": 5.45093202591, "dmean": 2.31349086761, "max": 35.5769042969, "var": 9.34049415588, "mean": 3.99810671806}, "spectral_rms": {"dmean2": 0.000746421166696, "median": 0.00471219234169, "min": 3.11169774843e-12, "dvar2": 5.5321572745e-07, "dvar": 1.99902316922e-07, "dmean": 0.000451401108876, "max": 0.00688800634816, "var": 6.30912666111e-07, "mean": 0.00460862321779}, "zerocrossingrate": {"dmean2": 0.0105147315189, "median": 0.07373046875, "min": 0.00439453125, "dvar2": 0.000147432030644, "dvar": 8.84237742866e-05, "dmean": 0.00873871613294, "max": 0.50146484375, "var": 0.000868389965035, "mean": 0.0738691687584}, "silence_rate_60dB": {"dmean2": 0.00163688440807, "median": 0, "min": 0, "dvar2": 0.00218001008034, "dvar": 0.000817473861389, "dmean": 0.00081833061995, "max": 1, "var": 0.0160967651755, "mean": 0.0163643807173}, "erbbands_kurtosis": {"dmean2": 2.23770284653, "median": 1.7682839632, "min": -1.73964214325, "dvar2": 7.01793003082, "dvar": 2.73969984055, "dmean": 1.41944408417, "max": 36.413230896, "var": 8.39207267761, "mean": 2.42673015594}, "erbbands": {"dmean2": [0.05840267241, 1.08046579361, 2.90927624702, 1.74178612232, 2.60243368149, 3.99212932587, 4.34755134583, 4.52481746674, 3.1011428833, 2.10799312592, 5.39817857742, 13.5045175552, 4.00615739822, 3.43284010887, 3.04066157341, 5.32572937012, 28.6470165253, 48.2915306091, 28.2659034729, 27.5722389221, 43.6055412292, 38.6160240173, 33.3287086487, 41.5667152405, 42.6643867493, 35.9694786072, 18.7488174438, 10.5373735428, 4.59021234512, 2.7797369957, 1.19516015053, 0.380427449942, 0.115548156202, 0.044408865273, 0.0120703950524, 0.00329574337229, 0.000904332438949, 0.000187087382074, 1.63198510563e-05, 9.03589261725e-06], "median": [0.0889214128256, 1.88931369781, 2.97429871559, 1.09230792522, 1.82591760159, 2.90849494934, 3.47226285934, 1.9207110405, 2.01128649712, 1.59900152683, 2.40603947639, 3.98270821571, 2.43102383614, 2.76433682442, 1.79139268398, 5.7610874176, 26.3152332306, 33.3819465637, 21.5409240723, 16.5036659241, 30.2368679047, 32.8936729431, 30.8081817627, 39.8105621338, 42.2179679871, 38.0735969543, 17.3748931885, 7.85018730164, 3.27586126328, 1.90270531178, 0.774760901928, 0.189888045192, 0.0520475432277, 0.0147911822423, 0.00414488092065, 0.0010998477228, 0.000299250561511, 6.5721986175e-05, 1.93078831217e-05, 2.89301242447e-05], "min": [5.19800613735e-23, 1.08927491515e-22, 5.46619810755e-21, 3.55327516714e-20, 8.60673155555e-20, 1.17208416721e-19, 1.09987634036e-19, 2.61025760332e-19, 2.62076822547e-19, 7.47556878873e-19, 3.58702995224e-19, 5.29566353132e-19, 7.92770674553e-19, 1.95706011205e-18, 1.31638959908e-18, 1.68503225504e-18, 1.99559039178e-18, 3.5098580336e-18, 5.52788383834e-18, 6.65292350408e-18, 7.00897760849e-18, 5.20831915229e-18, 1.34261943427e-17, 9.80000493643e-18, 1.03639650975e-17, 9.3131512433e-18, 1.36962820475e-17, 1.34592104296e-17, 1.57324491639e-17, 1.81928995503e-17, 1.3752753668e-17, 1.24301944389e-17, 1.42480801721e-17, 1.04711461982e-17, 7.89130635248e-18, 5.35434465455e-18, 3.04243191793e-18, 1.20192041681e-18, 2.93513330589e-19, 3.3882891472e-20], "dvar2": [0.00473521603271, 1.93947017193, 19.1607570648, 6.32101297379, 14.7017126083, 37.2388725281, 56.7083244324, 72.7374572754, 30.7048931122, 12.8343963623, 101.665245056, 628.477966309, 55.3725738525, 35.5531692505, 54.0813674927, 56.4950485229, 2000.67089844, 6049.75244141, 2024.97290039, 2142.36816406, 5324.75146484, 3294.00878906, 2374.18188477, 3565.96142578, 4614.10644531, 2607.31518555, 890.616210938, 454.786773682, 83.2564849854, 33.9325904846, 7.56749629974, 1.29721236229, 0.152066156268, 0.0401251576841, 0.0025533598382, 0.000159538481967, 1.64687990036e-05, 8.04575392976e-07, 2.66307798036e-09, 8.38167937833e-11], "dvar": [0.00173240771983, 0.673194169998, 6.44496297836, 2.28783583641, 5.49611520767, 13.0591993332, 20.7883663177, 25.0274600983, 11.6343126297, 5.29117631912, 46.5244865417, 321.581420898, 24.884935379, 16.2876319885, 21.8878479004, 26.9453735352, 915.137023926, 2608.42236328, 869.881469727, 980.997924805, 1877.39111328, 1433.65881348, 1041.42553711, 1644.24658203, 2047.59692383, 1146.11645508, 389.176086426, 183.543762207, 33.7494659424, 13.783747673, 3.11687254906, 0.5484983325, 0.065994374454, 0.0171100795269, 0.00109100388363, 7.119950169e-05, 7.32029184292e-06, 3.72579165742e-07, 1.18024268136e-09, 3.26513364957e-11], "dmean": [0.0353394970298, 0.641165971756, 1.68465471268, 1.00605499744, 1.58294224739, 2.38720297813, 2.61094474792, 2.63204026222, 1.90638327599, 1.32069432735, 3.52963924408, 9.19847393036, 2.58211135864, 2.28026604652, 1.93407893181, 3.69519519806, 19.2386054993, 31.5312995911, 18.0893764496, 17.7634849548, 26.4803066254, 25.0361976624, 21.2207241058, 27.2446327209, 27.4224281311, 23.5452136993, 12.2747793198, 6.79346084595, 3.02189040184, 1.84835147858, 0.80393242836, 0.2504542768, 0.0743926689029, 0.0295255612582, 0.00822002254426, 0.0022934677545, 0.000627289817203, 0.000128895582748, 1.03535403468e-05, 5.58021338293e-06], "max": [0.687520325184, 8.61472892761, 29.2298297882, 20.901052475, 34.6290130615, 51.2487220764, 74.4426879883, 53.3651885986, 63.7683486938, 77.8979492188, 121.5548172, 290.925231934, 103.595146179, 107.136520386, 127.704727173, 128.685501099, 1009.86608887, 1106.05224609, 683.990112305, 987.454162598, 942.591430664, 632.147338867, 519.85345459, 952.307800293, 1080.71398926, 574.566955566, 392.308074951, 260.456512451, 130.687408447, 80.0115356445, 36.6758499146, 17.2110500336, 6.39434909821, 4.28373622894, 0.943121433258, 0.247446268797, 0.0917097255588, 0.0167570598423, 0.000764835393056, 0.000104287035356], "var": [0.006481542252, 1.70442020893, 10.4136838913, 3.59763169289, 7.90494775772, 22.7993965149, 28.1969356537, 27.4148178101, 15.5843582153, 14.6319961548, 141.04486084, 1380.92236328, 96.9219284058, 46.123966217, 49.526763916, 110.135055542, 4520.09570313, 8459.58789063, 2373.66699219, 3085.53271484, 3283.23999023, 4569.34863281, 2650.37744141, 5450.56591797, 4303.07958984, 3117.16821289, 1246.95141602, 367.607879639, 65.055305481, 25.5757713318, 5.5335559845, 0.760982394218, 0.0929327979684, 0.0189874190837, 0.00125767313875, 9.76750598056e-05, 9.81033372227e-06, 4.92843071243e-07, 1.51210421961e-09, 7.91960524937e-11], "mean": [0.105099797249, 1.99237346649, 4.00657844543, 1.78410875797, 2.6689991951, 4.36275434494, 4.90635061264, 3.70439767838, 3.30838060379, 2.67884945869, 7.5361571312, 20.5138187408, 5.6164727211, 4.67038822174, 3.96654772758, 9.20896530151, 48.2462921143, 66.7058410645, 36.6814918518, 33.6972427368, 48.2450485229, 56.6837768555, 45.5398635864, 60.2115516663, 59.4490699768, 53.8828163147, 28.6539554596, 14.3267974854, 6.14532423019, 3.7122168541, 1.54857873917, 0.423875182867, 0.12234659493, 0.0430877692997, 0.0125125646591, 0.00357770128176, 0.000997321098112, 0.000208262790693, 2.62930043391e-05, 2.90618481813e-05]}, "spectral_strongpeak": {"dmean2": 0.834583759308, "median": 0.353054434061, "min": 0, "dvar2": 5.05130624771, "dvar": 1.96338272095, "dmean": 0.466904819012, "max": 18.1747913361, "var": 2.7722735405, "mean": 0.794112026691}, "spectral_energy": {"dmean2": 0.00715018669143, "median": 0.0227598752826, "min": 9.92473028588e-21, "dvar2": 5.07019867655e-05, "dvar": 1.82023159141e-05, "dmean": 0.00431012408808, "max": 0.0486307479441, "var": 3.71414498659e-05, "mean": 0.022417049855}, "average_loudness": 0.978353738785, "spectral_rolloff": {"dmean2": 834.493774414, "median": 2691.65039063, "min": 86.1328125, "dvar2": 875523.375, "dvar": 381775.125, "dmean": 496.01385498, "max": 19272.2167969, "var": 1411862.375, "mean": 2607.41357422}, "spectral_centroid": {"dmean2": 361.974975586, "median": 2585.72705078, "min": 306.874786377, "dvar2": 131796.171875, "dvar": 61258.9296875, "dmean": 240.18157959, "max": 11600.3681641, "var": 375798, "mean": 2511.87353516}, "pitch_salience": {"dmean2": 0.0966173633933, "median": 0.431628704071, "min": 0.0502083599567, "dvar2": 0.00916905235499, "dvar": 0.00337670370936, "dmean": 0.0590133108199, "max": 0.934606909752, "var": 0.00991961639374, "mean": 0.434803038836}, "spectral_energyband_middle_high": {"dmean2": 0.00327204354107, "median": 0.00696641299874, "min": 1.46506076017e-21, "dvar2": 1.17753706945e-05, "dvar": 4.84034217152e-06, "dmean": 0.00209047226235, "max": 0.037484344095, "var": 1.90576665773e-05, "mean": 0.00765273254365}, "spectral_contrast_coeffs": {"dmean2": [0.0739613547921, 0.0666354894638, 0.0593503378332, 0.0556371696293, 0.0384881831706, 0.0316060632467], "median": [-0.671237409115, -0.738489985466, -0.749511361122, -0.696926772594, -0.755558609962, -0.642052292824], "min": [-0.954711973667, -0.980731189251, -0.979622125626, -0.963647544384, -0.961807727814, -0.961346507072], "dvar2": [0.00347203318961, 0.00297367200255, 0.00226291548461, 0.00202659727074, 0.00101474998519, 0.00097493478097], "dvar": [0.00119113503024, 0.00110433122609, 0.000931741786189, 0.000789673882537, 0.000443416327471, 0.00042600161396], "dmean": [0.0432224348187, 0.0405812934041, 0.0374985225499, 0.0343810431659, 0.0241956990212, 0.0204497147352], "max": [-0.325395226479, -0.532298564911, -0.533693492413, -0.469357669353, -0.513688743114, -0.537536025047], "var": [0.0032113911584, 0.00350324576721, 0.00446830131114, 0.00314301275648, 0.00233145686798, 0.00263410317712], "mean": [-0.668361723423, -0.736259818077, -0.74410545826, -0.697194397449, -0.750851511955, -0.647928595543]}, "melbands_skewness": {"dmean2": 0.976846575737, "median": 1.98443138599, "min": -2.20450592041, "dvar2": 1.20065689087, "dvar": 0.425622373819, "dmean": 0.602760016918, "max": 21.4031124115, "var": 2.67060470581, "mean": 2.2464761734}, "spectral_spread": {"dmean2": 372120.625, "median": 2691932.25, "min": 1082132.5, "dvar2": 412245557248, "dvar": 208628285440, "dmean": 232228.203125, "max": 42234156, "var": 972745736192, "mean": 2745232.25}, "dissonance": {"dmean2": 0.0161753930151, "median": 0.486741900444, "min": 0.31681266427, "dvar2": 0.000332013267325, "dvar": 0.000119651653222, "dmean": 0.00945402681828, "max": 0.499987274408, "var": 0.000187253215699, "mean": 0.483221083879}, "spectral_skewness": {"dmean2": 0.458013147116, "median": 0.591719508171, "min": -0.163759708405, "dvar2": 0.17609860003, "dvar": 0.0602373331785, "dmean": 0.265742361546, "max": 3.23357748985, "var": 0.156589344144, "mean": 0.661206364632}, "spectral_flux": {"dmean2": 0.0224897898734, "median": 0.0641817450523, "min": 6.66915966896e-11, "dvar2": 0.000424504309194, "dvar": 0.000197037821636, "dmean": 0.0145671041682, "max": 0.191464528441, "var": 0.000571576820221, "mean": 0.0662205442786}, "spectral_contrast_valleys": {"dmean2": [0.619648218155, 0.565318882465, 0.528800487518, 0.456881284714, 0.377983242273, 0.369975060225], "median": [-7.0922627449, -7.40795898438, -8.17505455017, -7.718272686, -6.71258068085, -11.1536283493], "min": [-27.4643306732, -27.2528629303, -27.3955917358, -27.2656269073, -27.3227901459, -27.2957305908], "dvar2": [0.279124557972, 0.249707743526, 0.224295064807, 0.186022385955, 0.176271989942, 0.205805554986], "dvar": [0.10994952172, 0.109011255205, 0.0953220576048, 0.0839752927423, 0.0922802984715, 0.119490116835], "dmean": [0.366906136274, 0.346356272697, 0.323498308659, 0.278528362513, 0.252122551203, 0.281811803579], "max": [-5.77066802979, -5.39641189575, -6.56978225708, -6.32550239563, -5.37018585205, -8.61055278778], "var": [0.770119488239, 0.870864033699, 0.787780761719, 0.730080008507, 0.88008004427, 0.809884786606], "mean": [-7.22570466995, -7.47441911697, -8.27749538422, -7.81997728348, -6.87770414352, -11.2538042068]}, "erbbands_flatne