{"tonal": {"thpcp": [1, 0.562871694565, 0.162983953953, 0.128566458821, 0.174997195601, 0.453671753407, 0.561378598213, 0.376991569996, 0.599599719048, 0.651940226555, 0.29263445735, 0.240826621652, 0.304891914129, 0.282774925232, 0.416273653507, 0.478580087423, 0.308664888144, 0.246385991573, 0.289967596531, 0.352762579918, 0.778187572956, 0.950147986412, 0.485718339682, 0.281436234713, 0.299019426107, 0.21560767293, 0.231524795294, 0.255633383989, 0.196672096848, 0.347024679184, 0.411342531443, 0.220883578062, 0.21208332479, 0.257862120867, 0.224936485291, 0.646902263165], "hpcp": {"dmean2": [0.206189438701, 0.168388724327, 0.107523992658, 0.0865154415369, 0.0896251127124, 0.082535341382, 0.0813712403178, 0.0857018455863, 0.106214262545, 0.110293373466, 0.0934522226453, 0.0847351327538, 0.0903625413775, 0.102069154382, 0.161715686321, 0.163352787495, 0.159091040492, 0.100227050483, 0.0787935331464, 0.0958578214049, 0.128330513835, 0.137482911348, 0.149552598596, 0.169466346502, 0.15283216536, 0.124650277197, 0.102994993329, 0.115233078599, 0.125021189451, 0.150857165456, 0.15753684938, 0.142802432179, 0.125011086464, 0.135313794017, 0.167582541704, 0.197278991342], "median": [0.168747156858, 0.086185105145, 0.0101034343243, 0.00633740797639, 0.00863559171557, 0.0155268181115, 0.0160608701408, 0.0161889307201, 0.022857375443, 0.0263060387224, 0.0202636364847, 0.0132404379547, 0.0137368449941, 0.0195503234863, 0.0910638198256, 0.1329459548, 0.0758632570505, 0.0102605493739, 0.00508065382019, 0.0105808824301, 0.0395934768021, 0.0528770275414, 0.056590013206, 0.0538859553635, 0.05141466856, 0.0263369251043, 0.0103205163032, 0.012131514959, 0.0148314936087, 0.0225929804146, 0.0238572843373, 0.0175734832883, 0.0105195362121, 0.0118777938187, 0.0294815916568, 0.127946436405], "min": [0.000124524216517, 0.000118262971228, 1.22602768897e-05, 1.80336355697e-05, 4.04391685151e-05, 4.85020173073e-05, 2.47437237704e-05, 6.86789280735e-05, 4.66311867058e-05, 5.92824508203e-05, 6.01823085162e-05, 4.74680673506e-05, 4.50046791229e-05, 4.8485941079e-05, 8.0780191638e-05, 9.70209948719e-05, 0.000107714797196, 2.82811233774e-05, 2.13926869037e-05, 1.61028601724e-05, 2.01203311008e-05, 2.57150168181e-05, 7.39460301702e-05, 4.95779313496e-05, 1.59703449754e-05, 5.16745458299e-05, 5.72331082367e-05, 2.64256614173e-05, 4.7480691137e-05, 5.15412539244e-05, 4.36129812442e-05, 4.84016309201e-05, 2.41720645136e-05, 2.24405375775e-05, 5.18409397046e-05, 4.96435059176e-05], "dvar2": [0.0852670893073, 0.0664644390345, 0.05262998119, 0.0443930365145, 0.0413762144744, 0.0335372164845, 0.033268455416, 0.0372904166579, 0.0466856025159, 0.0459928102791, 0.0406938754022, 0.0373981408775, 0.041921004653, 0.0456869155169, 0.06272149086, 0.0711153298616, 0.0631214305758, 0.0455700419843, 0.0419642068446, 0.0487885698676, 0.0549558922648, 0.0573544800282, 0.0617924518883, 0.0774816125631, 0.0695246532559, 0.052362959832, 0.0504803135991, 0.060874029994, 0.0638923943043, 0.0794180482626, 0.0838393718004, 0.0776697397232, 0.0684184506536, 0.0737218260765, 0.0864517167211, 0.0793631747365], "dvar": [0.035895191133, 0.0246551539749, 0.0191801507026, 0.0176054909825, 0.0154457436875, 0.0126774022356, 0.0131805706769, 0.0130226239562, 0.0180214140564, 0.019179193303, 0.0146157331765, 0.0137004042044, 0.0159485060722, 0.0167381297797, 0.0240736734122, 0.0302838701755, 0.0236957278103, 0.0165808070451, 0.0149657735601, 0.0173235908151, 0.0218691620976, 0.0248247273266, 0.0221107080579, 0.0291737541556, 0.0284644458443, 0.018476869911, 0.0188586860895, 0.0230447091162, 0.0236143376678, 0.0298425983638, 0.032794136554, 0.0282663926482, 0.0255244784057, 0.0277007594705, 0.0309815239161, 0.0317971892655], "dmean": [0.126161426306, 0.0990014448762, 0.0618421733379, 0.0504763163626, 0.0518074706197, 0.0489344671369, 0.0488294064999, 0.0495237670839, 0.0628377199173, 0.0665769279003, 0.0540502183139, 0.0496661551297, 0.0528743341565, 0.0581119544804, 0.096043035388, 0.097731038928, 0.093186698854, 0.0564016737044, 0.0439601652324, 0.0540737099946, 0.0763245075941, 0.0837471857667, 0.0864549875259, 0.0984384715557, 0.0907216444612, 0.0713491216302, 0.0593055672944, 0.0667504221201, 0.0715523436666, 0.0878856480122, 0.0921224728227, 0.0821840390563, 0.071556404233, 0.0780777707696, 0.0959823057055, 0.118181064725], "max": [1, 1, 1, 1, 1, 1, 1, 1, 1, 1, 1, 1, 1, 1, 1, 1, 1, 1, 1, 1, 1, 1, 1, 1, 1, 1, 1, 1, 1, 1, 1, 1, 1, 1, 1, 1], "var": [0.124380201101, 0.0424923710525, 0.0412584282458, 0.0591342784464, 0.0250814948231, 0.0273515041918, 0.0346399359405, 0.0172932446003, 0.0493688471615, 0.0653692930937, 0.0194108560681, 0.0227342713624, 0.0366479754448, 0.0234863180667, 0.0696549788117, 0.15435744822, 0.0563491247594, 0.0157601218671, 0.0143085904419, 0.0176382381469, 0.0590117946267, 0.0857665985823, 0.0310740154237, 0.0865538045764, 0.105554707348, 0.0253788810223, 0.032023884356, 0.0484532043338, 0.0378837697208, 0.0601974837482, 0.0777952671051, 0.0365027040243, 0.0340384207666, 0.0437689200044, 0.0431893765926, 0.0927867665887], "mean": [0.32618239522, 0.166745364666, 0.0966160446405, 0.102652296424, 0.0740173384547, 0.0794816315174, 0.0877580270171, 0.0675168260932, 0.119132325053, 0.141212418675, 0.0758285373449, 0.0728074461222, 0.0885231420398, 0.0772198885679, 0.222079217434, 0.343296408653, 0.193231835961, 0.0559518076479, 0.0441364012659, 0.0600759088993, 0.15574388206, 0.192719265819, 0.129419848323, 0.205840423703, 0.223808735609, 0.100460357964, 0.0826749131083, 0.104668296874, 0.0970756188035, 0.142905250192, 0.164294824004, 0.105963550508, 0.0845834240317, 0.0995448306203, 0.121102124453, 0.26714900136]}, "tuning_equal_tempered_deviation": 0.0800979435444, "chords_changes_rate": 0.0384767428041, "key_key": "D", "tuning_diatonic_strength": 0.516422688961, "key_scale": "minor", "chords_number_rate": 0.00158123602159, "tuning_frequency": 441.527557373, "tuning_nontempered_energy_ratio": 0.68039393425, "chords_histogram": [24.3642120361, 10.5283966064, 4.00579786301, 6.70707607269, 0.988272488117, 4.94136238098, 0.988272488117, 15.7201213837, 0.724733173847, 13.954407692, 0.32942417264, 1.85795235634, 0.44801685214, 0.276716291904, 0.355778098106, 0.289893269539, 0.263539344072, 1.04098033905, 1.8447753191, 0, 0.527078688145, 0.237185403705, 2.05560684204, 7.55040168762], "key_strength": 0.788254857063, "chords_key": "D", "chords_strength": {"dmean2": 0.00633717747405, "median": 0.552558243275, "min": 0.240043416619, "dvar2": 4.6938421292e-05, "dvar": 4.93004445161e-05, "dmean": 0.00785391777754, "max": 0.777323544025, "var": 0.0101084867492, "mean": 0.54359382391}, "chords_scale": "minor", "hpcp_entropy": {"dmean2": 0.811712563038, "median": 1.64883971214, "min": 0.0358888581395, "dvar2": 0.538506448269, "dvar": 0.212019309402, "dmean": 0.489617079496, "max": 4.11122608185, "var": 0.599825322628, "mean": 1.6198759079}}, "metadata": {"audio_properties": {"equal_loudness": 0, "codec": "flac", "downmix": "mix", "sample_rate": 44100, "analysis_sample_rate": 44100, "bit_rate": 0, "md5_encoded": "baaa277fc663ec34939f74cfdf752916", "length": 352.386016846, "replay_gain": -6.55537796021, "lossless": true}, "version": {"essentia_build_sha": "70f2e5ece6736b2c40cc944ad0e695b16b925413", "essentia": "2.1-beta2", "extractor": "music 1.0", "essentia_git_sha": "v2.1_beta2"}, "tags": {"title": ["China Doll (alternate live version)"], "barcode": ["081227328221"], "media": ["CD"], "albumartist": ["Grateful Dead"], "tracktotal": ["16"], "musicbrainz_releasegroupid": ["388c8651-9c3e-359b-8ca4-ec7e4912817c"], "releasetype": ["album", "live"], "musicbrainz_recordingid": ["119fb1e1-6d97-43f7-9069-f6b54e074404"], "musicbrainz_albumartistid": ["6faa7ca7-0d99-4a5e-bfa6-1fd5037520c6"], "originalyear": ["1981"], "musicbrainz_releasetrackid": ["e5af0c0d-74ab-306a-b9c1-e93249a23b70"], "discnumber": ["2"], "album": ["Reckoning"], "catalognumber": ["8122-73282-2"], "releasecountry": ["US"], "file_name": "11. Grateful Dead - China Doll (Alternate Live Version).flac", "originaldate": ["1981-04-01"], "albumartistsort": ["Grateful Dead"], "date": ["2006-04-11"], "genre": ["Folk rock"], "disctotal": ["2"], "musicbrainz_artistid": ["6faa7ca7-0d99-4a5e-bfa6-1fd5037520c6"], "asin": ["B000EOTFEE"], "musicbrainz_albumid": ["9c9d224a-4359-4f53-bd0a-f0d8510260d8"], "tracknumber": ["11"], "artistsort": ["Grateful Dead"], "artist": ["Grateful Dead"], "label": ["Rhino"], "releasestatus": ["official"], "totaldiscs": ["2"], "script": ["Latn"], "totaltracks": ["16"]}}, "rhythm": {"bpm_histogram_first_peak_bpm": {"dmean2": 0, "median": 98, "min": 98, "dvar2": 0, "dvar": 0, "dmean": 0, "max": 98, "var": 0, "mean": 98}, "bpm": 98.6741409302, "bpm_histogram_second_peak_spread": {"dmean2": 0, "median": 0.363636374474, "min": 0.363636374474, "dvar2": 0, "dvar": 0, "dmean": 0, "max": 0.363636374474, "var": 0, "mean": 0.363636374474}, "bpm_histogram_first_peak_weight": {"dmean2": 0, "median": 0.52586209774, "min": 0.52586209774, "dvar2": 0, "dvar": 0, "dmean": 0, "max": 0.52586209774, "var": 0, "mean": 0.52586209774}, "onset_rate": 2.40921020508, "beats_position": [0.650158703327, 1.31192743778, 1.97369611263, 2.63546490669, 3.29723358154, 3.95900225639, 4.62077093124, 5.2941493988, 5.97913837433, 6.66412687302, 7.3491153717, 8.03410434723, 8.71909236908, 9.43891143799, 10.1587295532, 10.8785486221, 11.5983667374, 12.2485256195, 12.8986845016, 13.5488433838, 14.1990022659, 14.8491611481, 15.4064397812, 15.9521083832, 16.4977779388, 17.0434455872, 17.5891151428, 18.1347846985, 18.6920623779, 19.2377319336, 19.7950115204, 20.363899231, 20.9327888489, 21.4900684357, 22.0473461151, 22.616235733, 23.1851234436, 23.7540130615, 24.3229026794, 24.89179039, 25.4722900391, 26.0527877808, 26.6332874298, 27.2137870789, 27.8058948517, 28.409614563, 29.0017223358, 29.593832016, 30.1627197266, 30.7316093445, 31.3004989624, 31.869386673, 32.4382743835, 33.0071640015, 33.5876655579, 34.1681632996, 34.7602729797, 35.3407707214, 35.9212684631, 36.5133781433, 37.1054878235, 37.7092056274, 38.3129234314, 38.91664505, 39.520362854, 40.1124725342, 40.7161903381, 41.3199081421, 41.923625946, 42.5273475647, 43.1194534302, 43.7115631104, 44.3036727905, 44.8957824707, 45.4762802124, 46.0683898926, 46.6604995728, 47.2526054382, 47.8331069946, 48.4136047363, 49.0057144165, 49.6210403442, 50.2363700867, 50.8633079529, 51.4902496338, 52.1055755615, 52.720905304, 53.3362350464, 53.9399528503, 54.5436706543, 55.1357803345, 55.7278900146, 56.3083877563, 56.8888893127, 57.4693870544, 58.0614967346, 58.6536026001, 59.2457122803, 59.8378219604, 60.4299316406, 61.0336494446, 61.6373672485, 62.252696991, 62.8564147949, 63.4601364136, 64.0638504028, 64.6675720215, 65.2712936401, 65.8634033203, 66.4555053711, 67.0592269897, 67.6629486084, 68.2666625977, 68.8819961548, 69.485710144, 70.1010437012, 70.7163696289, 71.3316955566, 71.9354171753, 72.5507507324, 73.1428527832, 73.7465744019, 74.3502960205, 74.9540100098, 75.5461196899, 76.1382293701, 76.7419509888, 77.3572769165, 77.9609985352, 78.5647125244, 79.1684341431, 79.7837600708, 80.3874816895, 81.0028076172, 81.6181411743, 82.2218551636, 82.8139648438, 83.4176864624, 84.0097961426, 84.6019058228, 85.205619812, 85.8093414307, 86.4130630493, 87.0283889771, 87.6437149048, 88.2590484619, 88.8743743896, 89.5129241943, 90.1630859375, 90.7900238037, 91.4053497314, 92.0322875977, 92.6708374023, 93.2977752686, 93.9131011963, 94.5284347534, 95.1553726196, 95.7706985474, 96.3860321045, 96.9897460938, 97.5934677124, 98.1971893311, 98.8125152588, 99.4278411865, 100.043174744, 100.646888733, 101.250610352, 101.865936279, 102.469657898, 103.084983826, 103.700317383, 104.327255249, 104.954193115, 105.569519043, 106.1848526, 106.800178528, 107.415504456, 108.019226074, 108.64616394, 109.261497498, 109.876823425, 110.503761292, 111.130699158, 111.757637024, 112.38457489, 113.011520386, 113.638458252, 114.265396118, 114.880722046, 115.507659912, 116.122993469, 116.726707458, 117.330429077, 117.945755005, 118.561088562, 119.17641449, 119.791740417, 120.395462036, 120.999183655, 121.602897644, 122.206619263, 122.810340881, 123.425666809, 124.040992737, 124.644714355, 125.248435974, 125.852149963, 126.455871582, 127.047981262, 127.651695251, 128.267028809, 128.870742798, 129.474472046, 130.078186035, 130.693511963, 131.308837891, 131.924163818, 132.527893066, 133.131607056, 133.735321045, 134.350662231, 134.977600098, 135.616149902, 136.254684448, 136.870025635, 137.485351562, 138.10067749, 138.704391479, 139.308120728, 139.923446655, 140.527160645, 141.142486572, 141.757827759, 142.373153687, 142.976867676, 143.592193604, 144.207519531, 144.811248779, 145.414962769, 146.030288696, 146.645614624, 147.260955811, 147.876281738, 148.503219604, 149.118545532, 149.745483398, 150.372421265, 150.999359131, 151.603088379, 152.218414307, 152.833740234, 153.449066162, 154.06439209, 154.679718018, 155.295059204, 155.910385132, 156.502487183, 157.106216431, 157.721542358, 158.336868286, 158.952194214, 159.555908203, 160.159637451, 160.774963379, 161.378677368, 161.982406616, 162.597732544, 163.213058472, 163.828384399, 164.443710327, 165.059051514, 165.674377441, 166.289703369, 166.905029297, 167.508743286, 168.124084473, 168.727798462, 169.34312439, 169.958450317, 170.562179565, 171.165893555, 171.769607544, 172.373336792, 173.000274658, 173.615600586, 174.230926514, 174.846252441, 175.461578369, 176.076919556, 176.703857422, 177.31918335, 177.934509277, 178.549835205, 179.165161133, 179.780502319, 180.395828247, 181.022766113, 181.638092041, 182.253417969, 182.868743896, 183.484085083, 184.099411011, 184.714736938, 185.330062866, 185.945388794, 186.549118042, 187.152832031, 187.768157959, 188.383483887, 188.987213135, 189.590927124, 190.206253052, 190.809967041, 191.425308228, 192.040634155, 192.667572021, 193.294509888, 193.909835815, 194.525161743, 195.140487671, 195.755828857, 196.371154785, 196.974868774, 197.578598022, 198.19392395, 198.809249878, 199.424575806, 200.051513672, 200.6668396, 201.282180786, 201.897506714, 202.52444458, 203.139770508, 203.743484497, 204.358810425, 204.962539673, 205.577865601, 206.193191528, 206.808517456, 207.423858643, 208.050796509, 208.677734375, 209.304672241, 209.931610107, 210.558547974, 211.173873901, 211.789199829, 212.416137695, 213.043075562, 213.658401489, 214.296951294, 214.92388916, 215.550842285, 216.177780151, 216.793106079, 217.408432007, 218.023757935, 218.639083862, 219.254425049, 219.869750977, 220.461853027, 221.053970337, 221.657684326, 222.261398315, 222.876724243, 223.49206543, 224.095779419, 224.711105347, 225.326431274, 225.930160522, 226.557098389, 227.184036255, 227.810974121, 228.437911987, 229.053237915, 229.668563843, 230.260681152, 230.87600708, 231.479721069, 232.083435059, 232.687164307, 233.302490234, 233.917816162, 234.521530151, 235.125259399, 235.728973389, 236.344299316, 236.971237183, 237.598175049, 238.213516235, 238.828842163, 239.444168091, 240.059494019, 240.674819946, 241.301757812, 241.928695679, 242.544036865, 243.159362793, 243.774688721, 244.401626587, 245.016952515, 245.643890381, 246.259231567, 246.874557495, 247.489883423, 248.105209351, 248.70892334, 249.312652588, 249.916366577, 250.531692505, 251.147018433, 251.773956299, 252.412506104, 253.03944397, 253.666397095, 254.281723022, 254.885437012, 255.489151001, 256.09286499, 256.708190918, 257.323547363, 257.938873291, 258.554199219, 259.169525146, 259.773223877, 260.376953125, 260.980682373, 261.584381104, 262.188110352, 262.803436279, 263.407165527, 264.010864258, 264.602996826, 265.195098877, 265.798828125, 266.402526855, 267.006256104, 267.609985352, 268.202087402, 268.794189453, 269.386291504, 269.978393555, 270.570526123, 271.162628174, 271.743133545, 272.346832275, 272.950561523, 273.554290771, 274.146392822, 274.738494873, 275.319000244, 275.911102295, 276.503204346, 277.083709717, 277.675811768, 278.267944336, 278.848419189, 279.440551758, 280.032653809, 280.624755859, 281.21685791, 281.808959961, 282.401092529, 282.99319458, 283.573699951, 284.177398682, 284.78112793, 285.37322998, 285.965332031, 286.5574646, 287.16116333, 287.764892578, 288.356994629, 288.960723877, 289.552825928, 290.156555176, 290.748657227, 291.340759277, 291.932861328, 292.524993896, 293.117095947, 293.709197998, 294.312927246, 294.916625977, 295.520355225, 296.112457275, 296.716186523, 297.331512451, 297.935241699, 298.53894043, 299.142669678, 299.746398926, 300.338500977, 300.930603027, 301.511108398, 302.103210449, 302.6953125, 303.287445068, 303.879547119, 304.47164917, 305.063751221, 305.655853271, 306.24798584, 306.85168457, 307.432189941, 308.024291992, 308.616424561, 309.220123291, 309.812225342, 310.40435791, 310.984832764, 311.565338135, 312.157440186, 312.749572754, 313.341674805, 313.933776855, 314.514282227, 315.094787598, 315.686889648, 316.278991699, 316.87109375, 317.463226318, 318.055328369, 318.64743042, 319.239532471, 319.831634521, 320.42376709, 321.015869141, 321.607971191, 322.200073242, 322.792205811, 323.384307861, 323.976409912, 324.568511963, 325.149017334, 325.729522705, 326.310028076, 326.902130127, 327.494232178, 328.086334229, 328.701660156, 329.316986084, 329.955535889, 330.605712891, 331.255859375, 331.917633057, 332.579406738, 333.125061035, 333.647521973, 334.18157959, 334.704040527, 335.226470947, 335.748931885, 336.271362305, 336.793823242, 337.327880859, 337.896759033, 338.454040527, 339.022949219, 339.591827393, 340.160705566, 340.729614258, 341.298492432, 341.878997803, 342.459503174, 343.040008545, 343.620483398, 344.18939209, 344.769866943, 345.350372314, 345.930877686, 346.522979736, 347.115081787, 347.707214355, 348.299316406, 348.903045654, 349.448699951, 349.994384766, 350.540039062, 351.085693359, 351.631378174], "beats_loudness": {"dmean2": 0.0283306632191, "median": 0.0169203151017, "min": 0.00022281978454, "dvar2": 0.00113144470379, "dvar": 0.000444450008217, "dmean": 0.0165397319943, "max": 0.184461027384, "var": 0.000806539377663, "mean": 0.0266583114862}, "danceability": 0.932842850685, "bpm_histogram_second_peak_weight": {"dmean2": 0, "median": 0.0603448264301, "min": 0.0603448264301, "dvar2": 0, "dvar": 0, "dmean": 0, "max": 0.0603448264301, "var": 0, "mean": 0.0603448264301}, "beats_count": 581, "bpm_histogram_second_peak_bpm": {"dmean2": 0, "median": 103, "min": 103, "dvar2": 0, "dvar": 0, "dmean": 0, "max": 103, "var": 0, "mean": 103}, "bpm_histogram_first_peak_spread": {"dmean2": 0, "median": 0.355179727077, "min": 0.355179727077, "dvar2": 0, "dvar": 0, "dmean": 0, "max": 0.355179727077, "var": 0, "mean": 0.355179727077}, "beats_loudness_band_ratio": {"dmean2": [0.36706584692, 0.228110671043, 0.262233495712, 0.187079638243, 0.0614822544158, 0.118961393833], "median": [0.259207189083, 0.155177950859, 0.191186591983, 0.10820581764, 0.0336985960603, 0.0399727709591], "min": [0.000222585484153, 0.000803815142717, 0.00431554624811, 0.00325765064918, 0.00134640629403, 0.00116220361087], "dvar2": [0.0973562449217, 0.0484516471624, 0.0521798357368, 0.0291168633848, 0.00437567569315, 0.0217023510486], "dvar": [0.0355914756656, 0.0176098681986, 0.0190913993865, 0.0111606307328, 0.00153646979015, 0.00804676953703], "dmean": [0.215038105845, 0.134361565113, 0.153077825904, 0.106857687235, 0.0358432680368, 0.0667938068509], "max": [0.945380926132, 0.895607948303, 0.870329737663, 0.744291722775, 0.457960367203, 0.808095812798], "var": [0.0628520473838, 0.0275824274868, 0.0300839170814, 0.0235146991909, 0.00354767451063, 0.00665315845981], "mean": [0.311652690172, 0.204026162624, 0.242265820503, 0.159048140049, 0.0548183657229, 0.0657060369849]}}, "lowlevel": {"barkbands_spread": {"dmean2": 5.34261751175, "median": 13.3174743652, "min": 0.560778677464, "dvar2": 67.5629119873, "dvar": 32.3151779175, "dmean": 3.51859617233, "max": 95.7540969849, "var": 112.87562561, "mean": 15.9309082031}, "melbands_spread": {"dmean2": 5.78334236145, "median": 14.5914945602, "min": 0.780589103699, "dvar2": 73.3554840088, "dvar": 35.8192481995, "dmean": 3.79673218727, "max": 202.636199951, "var": 156.731140137, "mean": 17.3214321136}, "hfc": {"dmean2": 4.86569833755, "median": 5.8624162674, "min": 0.144200056791, "dvar2": 191.568435669, "dvar": 99.5177536011, "dmean": 3.48519253731, "max": 753.544067383, "var": 600.012084961, "mean": 13.384062767}, "barkbands_kurtosis": {"dmean2": 3.73020672798, "median": 3.64945077896, "min": -1.81819701195, "dvar2": 46.2788619995, "dvar": 19.7444381714, "dmean": 2.36231708527, "max": 165.562454224, "var": 56.5690803528, "mean": 5.76220083237}, "gfcc": {"mean": [-40.2040138245, 92.8832473755, -114.098083496, 16.2047271729, -68.4351196289, 7.42892456055, -32.8932800293, 3.50914645195, -23.6517486572, 0.204950004816, -14.6416606903, -3.20957779884, -10.0301628113], "icov": [[0.000562792643905, -0.000680761178955, 0.000747593701817, -0.000812441110611, 0.000853901728988, -0.00126016570721, 0.000981766264886, -0.0007986552082, 0.000812831742223, -0.000951895664912, 0.000952690432314, -0.00111096457113, 0.00102121650707], [-0.000680761178955, 0.00380836380646, -0.00246501318179, 0.00164674187545, -0.00206710677594, 0.00205506011844, -0.00267024361528, 0.00334238237701, -0.00362478452735, 0.0040269442834, -0.00398149713874, 0.0039756433107, -0.00234116706997], [0.000747593701817, -0.00246501318179, 0.0034806272015, -0.00294670253061, 0.00177187367808, -0.0020990204066, 0.00269425357692, -0.00145852332935, 0.00255453470163, -0.003589135129, 0.00296633248217, -0.00294884270988, 0.00299356342293], [-0.000812441110611, 0.00164674187545, -0.00294670253061, 0.00566079188138, -0.00208406499587, 0.00101842114236, -0.00177609035745, 0.0013183724368, -0.00173594243824, 0.00230769533664, -0.00211988878436, 0.00319499778561, -0.00368173210882], [0.000853901728988, -0.00206710677594, 0.00177187367808, -0.00208406499587, 0.00672019226477, -0.00187230133452, -0.000157063099323, -0.00207574944943, 0.00144856690895, -0.00183812680189, 0.00372186815366, -0.00363988569006, 0.00251558283344], [-0.00126016570721, 0.00205506011844, -0.0020990204066, 0.00101842114236, -0.00187230133452, 0.00846873316914, -0.00383444270119, 7.62156560086e-06, -0.000987394712865, 0.00172726262826, -0.00262494012713, 0.00401232158765, -0.00310354842804], [0.000981766264886, -0.00267024361528, 0.00269425357692, -0.00177609035745, -0.000157063099323, -0.00383444270119, 0.00967703480273, -0.00395672908053, 0.00173199258279, -0.00228224950843, 0.00133573624771, -0.00305925658904, 0.00290720514022], [-0.0007986552082, 0.00334238237701, -0.00145852332935, 0.0013183724368, -0.00207574944943, 7.62156560086e-06, -0.00395672908053, 0.013187808916, -0.00535066379234, 0.00202440028079, -0.00242340750992, 0.00250052358024, -0.00178869231604], [0.000812831742223, -0.00362478452735, 0.00255453470163, -0.00173594243824, 0.00144856690895, -0.000987394712865, 0.00173199258279, -0.00535066379234, 0.0145657109097, -0.00688720587641, 0.00232329778373, -0.00358958309516, 0.00187797960825], [-0.000951895664912, 0.0040269442834, -0.003589135129, 0.00230769533664, -0.00183812680189, 0.00172726262826, -0.00228224950843, 0.00202440028079, -0.00688720587641, 0.0159256123006, -0.00713931396604, 0.00315987342037, -0.00292834616266], [0.000952690432314, -0.00398149713874, 0.00296633248217, -0.00211988878436, 0.00372186815366, -0.00262494012713, 0.00133573624771, -0.00242340750992, 0.00232329778373, -0.00713931396604, 0.0176000855863, -0.00696238363162, 0.00158605678007], [-0.00111096457113, 0.0039756433107, -0.00294884270988, 0.00319499778561, -0.00363988569006, 0.00401232158765, -0.00305925658904, 0.00250052358024, -0.00358958309516, 0.00315987342037, -0.00696238363162, 0.0171010568738, -0.0079712420702], [0.00102121650707, -0.00234116706997, 0.00299356342293, -0.00368173210882, 0.00251558283344, -0.00310354842804, 0.00290720514022, -0.00178869231604, 0.00187797960825, -0.00292834616266, 0.00158605678007, -0.0079712420702, 0.0157334655523]], "cov": [[4282.2734375, -231.175308228, -14.4505767822, 322.915130615, -268.228057861, 481.291992188, -144.00642395, 144.491424561, -76.6221466064, 88.4024887085, -38.4993934631, -9.06283092499, -28.2865085602], [-231.175308228, 920.202880859, 388.609436035, 92.0926971436, 88.387298584, -57.042427063, 59.7448425293, -123.939567566, 60.9840545654, -69.4612045288, 51.3778572083, -79.2853164673, -16.5266361237], [-14.4505767822, 388.609436035, 1072.11560059, 361.775390625, -39.6532287598, 48.9102478027, -120.261306763, -82.340057373, -36.0128707886, 48.2500953674, -26.6463279724, -49.82371521, -40.9960212708], [322.915130615, 92.0926971436, 361.775390625, 391.705657959, 23.1221904755, 80.7814941406, -13.2125549316, -2.83883261681, -8.74455356598, 15.1470880508, -7.00979185104, -24.3758163452, 22.1479244232], [-268.228057861, 88.387298584, -39.6532287598, 23.1221904755, 248.281845093, 14.1704874039, 86.5343551636, 25.0299396515, 20.5973491669, -14.4057168961, -13.0008792877, 11.8802261353, -4.33855676651], [481.291992188, -57.042427063, 48.9102478027, 80.7814941406, 14.1704874039, 239.022720337, 54.0082740784, 58.1581878662, -4.90159845352, 21.8378791809, 2.20999407768, -14.1791467667, 8.62871646881], [-144.00642395, 59.7448425293, -120.261306763, -13.2125549316, 86.5343551636, 54.0082740784, 203.975158691, 54.1217041016, 31.2041835785, -1.1950545311, 20.3894767761, 8.67320632935, 1.69947135448], [144.491424561, -123.939567566, -82.340057373, -2.83883261681, 25.0299396515, 58.1581878662, 54.1217041016, 136.623672485, 33.6910324097, 24.7429485321, 6.42105388641, 14.5177621841, 7.4751534462], [-76.6221466064, 60.9840545654, -36.0128707886, -8.74455356598, 20.5973491669, -4.90159845352, 31.2041835785, 33.6910324097, 115.08165741, 36.0084877014, 24.5000858307, 14.9323072433, 10.7190275192], [88.4024887085, -69.4612045288, 48.2500953674, 15.1470880508, -14.4057168961, 21.8378791809, -1.1950545311, 24.7429485321, 36.0084877014, 115.013145447, 31.8202514648, 20.2622795105, 12.1013917923], [-38.4993934631, 51.3778572083, -26.6463279724, -7.00979185104, -13.0008792877, 2.20999407768, 20.3894767761, 6.42105388641, 24.5000858307, 31.8202514648, 96.2753982544, 30.2537326813, 21.6712474823], [-9.06283092499, -79.2853164673, -49.82371521, -24.3758163452, 11.8802261353, -14.1791467667, 8.67320632935, 14.5177621841, 14.9323072433, 20.2622795105, 30.2537326813, 108.854438782, 42.0069694519], [-28.2865085602, -16.5266361237, -40.9960212708, 22.1479244232, -4.33855676651, 8.62871646881, 1.69947135448, 7.4751534462, 10.7190275192, 12.1013917923, 21.6712474823, 42.0069694519, 98.9208984375]]}, "spectral_energyband_middle_low": {"dmean2": 0.00435230415314, "median": 0.0053960904479, "min": 2.57206684182e-05, "dvar2": 9.29198649828e-05, "dvar": 4.72024512419e-05, "dmean": 0.00289832148701, "max": 0.333566009998, "var": 0.000276999548078, "mean": 0.0101872356609}, "melbands_crest": {"dmean2": 3.97938036919, "median": 12.9455213547, "min": 3.52431988716, "dvar2": 16.0531787872, "dvar": 6.33039474487, "dmean": 2.48180055618, "max": 33.1005592346, "var": 27.282793045, "mean": 13.8657550812}, "spectral_kurtosis": {"dmean2": 2.24103212357, "median": 4.81271409988, "min": -0.554441690445, "dvar2": 5.52115774155, "dvar": 2.07177996635, "dmean": 1.34365177155, "max": 24.7443771362, "var": 7.19835567474, "mean": 5.23097753525}, "spectral_rms": {"dmean2": 0.000740241724998, "median": 0.00317146140151, "min": 0.000378687429475, "dvar2": 1.40531153647e-06, "dvar": 6.75650085213e-07, "dmean": 0.000497223634738, "max": 0.0185541156679, "var": 5.15305418958e-06, "mean": 0.00366816832684}, "zerocrossingrate": {"dmean2": 0.00973840337247, "median": 0.04638671875, "min": 0.005859375, "dvar2": 0.000159623246873, "dvar": 0.000131451277412, "dmean": 0.00811156257987, "max": 0.32080078125, "var": 0.000906648987439, "mean": 0.0531242415309}, "silence_rate_60dB": {"dmean2": 0.0516639202833, "median": 0, "min": 0, "dvar2": 0.0563800744712, "dvar": 0.0251652430743, "dmean": 0.025830257684, "max": 1, "var": 0.131555661559, "mean": 0.155827894807}, "erbbands_kurtosis": {"dmean2": 1.33701205254, "median": 0.696567296982, "min": -1.81589770317, "dvar2": 3.08629631996, "dvar": 1.35819530487, "dmean": 0.867519855499, "max": 25.6353111267, "var": 6.13706350327, "mean": 1.33048129082}, "erbbands": {"dmean2": [0.0244650822133, 0.581169068813, 2.59564781189, 3.60479664803, 3.91383910179, 4.23111629486, 5.94232988358, 10.013335228, 8.90386486053, 11.2156209946, 26.4405269623, 18.2884292603, 22.3020992279, 27.2173652649, 23.147146225, 19.8749084473, 14.9620246887, 20.8122444153, 10.6115207672, 5.61495256424, 4.65115833282, 4.88414096832, 5.14598798752, 4.22994709015, 4.61203241348, 3.9752061367, 3.06375813484, 3.26646852493, 2.79651379585, 1.96937704086, 1.33927047253, 0.976489961147, 0.612910866737, 0.391994059086, 0.218642234802, 0.175609409809, 0.0552546009421, 0.00604545651004, 0.000500134134199, 4.34666835645e-05], "median": [0.00403358507901, 0.086423613131, 0.438387185335, 1.34112429619, 1.5758330822, 2.07303476334, 4.07833003998, 5.96815252304, 7.28578519821, 5.5622215271, 7.5464849472, 7.93487501144, 6.13800811768, 8.10422611237, 6.10926580429, 4.0669927597, 3.72695994377, 3.58181929588, 3.29129600525, 2.16446089745, 2.08479619026, 2.01615333557, 1.62907242775, 1.47755300999, 1.80188238621, 1.40113008022, 1.23792350292, 0.970519423485, 0.778202116489, 0.489199817181, 0.340412288904, 0.304212778807, 0.15191334486, 0.0763504505157, 0.030653283, 0.00901329517365, 0.00199160538614, 0.000413488945924, 8.12640719232e-05, 1.97866611416e-05], "min": [2.22661287808e-06, 1.36353455673e-05, 4.91652572236e-05, 0.000101287965663, 0.000542507797945, 0.00116689910647, 0.00183352339081, 0.00408564414829, 0.00559523515403, 0.0239990893751, 0.0325317308307, 0.0435421280563, 0.0284399334341, 0.0460122413933, 0.0396946854889, 0.0374458767474, 0.049122761935, 0.0373198017478, 0.0364097207785, 0.0229703504592, 0.018643412739, 0.033011071384, 0.0305858124048, 0.0228677410632, 0.0181502830237, 0.0168062970042, 0.0169173702598, 0.0103317340836, 0.00592136429623, 0.00366256339476, 0.00198081950657, 0.00221687415615, 0.0018573832931, 0.00141732941847, 0.00102805765346, 0.000564032117836, 0.000341898703482, 0.000110868517368, 2.91977357847e-05, 2.6385594083e-06], "dvar2": [0.00742785260081, 4.21623516083, 90.2602005005, 128.708557129, 142.554870605, 148.542404175, 305.884490967, 795.0859375, 740.844604492, 2926.7331543, 18715.9335938, 6121.45800781, 4930.05810547, 6829.82519531, 7611.69775391, 10288.6630859, 5429.40820312, 29648.2714844, 1852.39160156, 600.944824219, 264.568481445, 220.500946045, 318.069641113, 190.042251587, 364.529998779, 366.267669678, 409.121948242, 1238.63757324, 429.663757324, 192.514511108, 95.7108230591, 26.1635723114, 8.56081104279, 3.71894359589, 0.793991923332, 0.846176683903, 0.0985843613744, 0.00152516644448, 2.3761211196e-05, 5.77372873067e-07], "dvar": [0.00326115381904, 1.65357708931, 37.6710090637, 53.0179595947, 58.0993995667, 60.2477722168, 144.153427124, 312.30065918, 346.303527832, 1744.07666016, 11031.6181641, 2846.15234375, 1804.39990234, 2613.86938477, 2961.55761719, 3924.27490234, 2725.64770508, 12862.734375, 1226.68920898, 356.988800049, 116.178947449, 98.7336425781, 146.802078247, 81.1512069702, 170.568649292, 166.462783813, 209.426208496, 581.359741211, 245.602249146, 88.3439941406, 49.1470870972, 11.1372127533, 3.65733957291, 1.42659282684, 0.32342851162, 0.350914031267, 0.0403788797557, 0.000586166512221, 9.48992055783e-06, 2.33452055909e-07], "dmean": [0.014896158129, 0.349681288004, 1.59253370762, 2.20993971825, 2.3800907135, 2.65308451653, 4.05815172195, 6.29372835159, 6.35842847824, 8.03177928925, 19.5764350891, 12.4566383362, 13.817949295, 16.8180503845, 14.5207300186, 12.7077255249, 9.69188785553, 13.6875934601, 7.0512213707, 3.56861376762, 3.03815817833, 3.14050197601, 3.30395674706, 2.65773057938, 2.9970805645, 2.67791247368, 2.11622977257, 2.33467960358, 1.98866152763, 1.33477926254, 0.938559651375, 0.654143929482, 0.429195314646, 0.26996281743, 0.14796115458, 0.115179277956, 0.0357382930815, 0.00376566313207, 0.000312548334477, 2.77827730315e-05], "max": [4.91205692291, 28.0826797485, 188.360336304, 178.753952026, 259.162078857, 255.43699646, 605.675170898, 561.456359863, 678.994262695, 4318.27539062, 8386.91015625, 3375.43969727, 2139.39038086, 3587.7109375, 2121.00292969, 3545.48095703, 5669.17578125, 10523.1582031, 3219.80615234, 2149.2565918, 650.28918457, 468.711608887, 836.683288574, 570.270874023, 1027.51623535, 676.868713379, 1288.78442383, 2618.2824707, 1442.21240234, 815.752868652, 605.492675781, 149.607635498, 111.729377747, 72.1133575439, 30.2862949371, 13.6427402496, 4.35015010834, 1.18319106102, 0.283910304308, 0.0427101887763], "var": [0.0298282392323, 2.27904486656, 63.7065887451, 92.0670394897, 139.914215088, 219.217056274, 634.377502441, 1074.55102539, 1753.28051758, 9043.52441406, 62538.0273438, 13297.453125, 5167.53662109, 8288.04199219, 8682.47167969, 9266.05175781, 23582.3945312, 33278.5546875, 5260.57958984, 872.533630371, 340.252563477, 337.995452881, 566.389892578, 231.683303833, 367.55380249, 434.563781738, 455.977874756, 1394.11877441, 799.266479492, 190.879333496, 104.177688599, 26.185754776, 6.83017730713, 2.53077793121, 0.447897613049, 0.331701010466, 0.035523481667, 0.000478227360873, 9.0844641818e-06, 2.5564369821e-07], "mean": [0.0428045801818, 0.543496489525, 2.60192036629, 4.19062185287, 4.70541572571, 6.53416776657, 11.6132669449, 16.0892047882, 19.972536087, 20.4970493317, 53.2652320862, 30.9356784821, 27.9160079956, 32.822971344, 30.7462749481, 25.9537677765, 22.880273819, 28.9767131805, 16.1469573975, 8.1951675415, 7.25154542923, 7.6660733223, 7.76473855972, 6.12053251266, 6.43718147278, 5.7418847084, 4.54122209549, 5.15616846085, 4.45055007935, 2.40468621254, 1.67119348049, 1.34469389915, 0.848208546638, 0.509108483791, 0.224084824324, 0.125758424401, 0.0344413742423, 0.00368018751033, 0.000357770855771, 4.96248285344e-05]}, "spectral_strongpeak": {"dmean2": 0.596617162228, "median": 0.491891652346, "min": 0, "dvar2": 1.49269294739, "dvar": 0.651669859886, "dmean": 0.361116737127, "max": 25.9743518829, "var": 2.10377645493, "mean": 0.926749110222}, "spectral_energy": {"dmean2": 0.00812797900289, "median": 0.0103096216917, "min": 0.000146989274072, "dvar2": 0.000359543075319, "dvar": 0.000166855534189, "dmean": 0.00539481360465, "max": 0.352861553431, "var": 0.000784723262768, "mean": 0.0190736930817}, "average_loudness": 0.0673038288951, "spectral_rolloff": {"dmean2": 512.913513184, "median": 861.328125, "min": 107.666015625, "dvar2": 1693810.625, "dvar": 712993.1875, "dmean": 304.376068115, "max": 13221.3867188, "var": 1317777.625, "mean": 1167.54528809}, "spectral_centroid": {"dmean2": 226.982589722, "median": 902.522094727, "min": 183.034713745, "dvar2": 81695.8359375, "dvar": 40973.3828125, "dmean": 150.914123535, "max": 4649.28662109, "var": 323138.9375, "mean": 1059.59460449}, "pitch_salience": {"dmean2": 0.0855813622475, "median": 0.540044426918, "min": 0.142750263214, "dvar2": 0.00659104110673, "dvar": 0.00259230472147, "dmean": 0.0529035367072, "max": 0.840347409248, "var": 0.0122128427029, "mean": 0.539961993694}, "spectral_energyband_middle_high": {"dmean2": 0.00182358943857, "median": 0.00120146409608, "min": 1.45812346091e-05, "dvar2": 2.83841072815e-05, "dvar": 1.24444504763e-05, "dmean": 0.00121214915998, "max": 0.219616010785, "var": 8.35315149743e-05, "mean": 0.00402855873108}, "spectral_contrast_coeffs": {"dmean2": [0.0692767649889, 0.0623784698546, 0.0570648759604, 0.0422293208539, 0.0308070722967, 0.0229837410152], "median": [-0.614885866642, -0.688536882401, -0.748103141785, -0.792545557022, -0.79078155756, -0.763151347637], "min": [-0.908332586288, -0.921808004379, -0.916014969349, -0.903092741966, -0.888867616653, -0.896713972092], "dvar2": [0.00321688037366, 0.00282881432213, 0.00206308648922, 0.00114878534805, 0.000683080870658, 0.000418432056904], "dvar": [0.00122769305017, 0.00108167715371, 0.000794871652033, 0.000469766877359, 0.00029593455838, 0.000190161576029], "dmean": [0.0416666790843, 0.0381474234164, 0.0346068516374, 0.0260064844042, 0.01936805062, 0.0147497775033], "max": [-0.256982952356, -0.329685240984, -0.454504609108, -0.436071157455, -0.571580648422, -0.546454966068], "var": [0.00863265711814, 0.00694702379405, 0.00424417294562, 0.00354630220681, 0.00197931728326, 0.00137235969305], "mean": [-0.611271739006, -0.684695363045, -0.741336166859, -0.781162798405, -0.786805212498, -0.760153949261]}, "melbands_skewness": {"dmean2": 0.755802512169, "median": 2.2052385807, "min": -1.50892555714, "dvar2": 0.775376200676, "dvar": 0.355368286371, "dmean": 0.488759875298, "max": 14.347899437, "var": 1.85062265396, "mean": 2.33110785484}, "spectral_spread": {"dmean2": 595593.3125, "median": 4336013.5, "min": 2086629.75, "dvar2": 715621007360, "dvar": 366626832384, "dmean": 407503.125, "max": 17154394, "var": 1636110696450.0, "mean": 4482635}, "dissonance": {"dmean2": 0.0364837981761, "median": 0.451645314693, "min": 0.256201446056, "dvar2": 0.00108995486517, "dvar": 0.000393659225665, "dmean": 0.0215716511011, "max": 0.500000178814, "var": 0.00123942224309, "mean": 0.44606885314}, "spectral_skewness": {"dmean2": 0.28126975894, "median": 1.75202488899, "min": 0.0545456372201, "dvar2": 0.0710320100188, "dvar": 0.0301476977766, "dmean": 0.175739243627, "max": 3.79048037529, "var": 0.168654680252, "mean": 1.77506530285}, "spectral_flux": {"dmean2": 0.0249082781374, "median": 0.0344608314335, "min": 0.00559091987088, "dvar2": 0.00171265273821, "dvar": 0.000696105707902, "dmean": 0.0154583789408, "max": 0.412572473288, "var": 0.00186575681437, "mean": 0.0488974116743}, "spectral_contrast_valleys": {"dmean2": [0.660705626011, 0.494013935328, 0.443534642458, 0.379079639912, 0.296156048775, 0.305451363325], "median": [-8.07622337341, -7.11037778854, -7.70162963867, -8.37611103058, -8.41706562042, -10.8348035812], "min": [-11.4842920303, -9.66729450226, -9.78813076019, -10.0733423233, -10.1566772461, -12.556769371], "dvar2": [0.309821665287, 0.171050772071, 0.125681608915, 0.097855374217, 0.0852265879512, 0.14009951055], "dvar": [0.12903226912, 0.0661366209388, 0.0482734516263, 0.0406071692705, 0.0440253615379, 0.0775666609406], "dmean": [0.4007371068, 0.300551384687, 0.266461998224, 0.232318282127, 0.194796189666, 0.224148526788], "max": [-4.99557495117, -4.31173658371, -4.90989589691, -5.69590902328, -5.53806638718, -7.50206518173], "var": [1.06709194183, 0.422202408314, 0.664982378483, 0.569533824921, 0.51347976923, 0.610928535461], "mean": [-8.1224193573, -7.13071060181, -7.59204149246, -8.26327037811, -8.29872226715, -10.7806453705]}, "erbbands_flatness_db": {"dmean2": 0.0195438805968, "median": 0.16079980135, "min": 0.0486904904246, "dvar2": 0.000390979868826, "dvar": 0.000194273889065, "dmean": 0.0132717946544, "max": 0.357017457485, "var": 0.00165695208125, "mean": 0.165563315153}, "spectral_energyband_high": {"dmean2": 0.000279808708001, "median": 0.000121354903968, "min": 2.10710732063e-06, "dvar2": 2.34946810451e-06, "dvar": 1.36277878937e-06, "dmean": 0.000205592179555, "max": 0.118408754468, "var": 4.31845910498e-06, "mean": 0.000477845838759}, "spectral_entropy": {"dmean2": 0.205764293671, "median": 7.30024385452, "min": 5.57426261902, "dvar2": 0.0530856996775, "dvar": 0.0250347517431, "dmean": 0.137399315834, "max": 8.62567615509, "var": 0.139427036047, "mean": 7.29367256165}, "silence_rate_20dB": {"dmean2": 0.00052718288498, "median": 1, "min": 0, "dvar2": 0.000658584816847, "dvar": 0.000263500463916, "dmean": 0.000263574067503, "max": 1, "var": 0.000197598186787, "mean": 0.999802350998}, "melbands_flatness_db": {"dmean2": 0.029172455892, "median": 0.206181704998, "min": 0.0401429086924, "dvar2": 0.00107587990351, "dvar": 0.000517904234584, "dmean": 0.0193885806948, "max": 0.443902939558, "var": 0.0032200247515, "mean": 0.208399817348}, "barkbands": {"dmean2"