{"metadata": {"tags": {"label": ["Sony Music"], "title": ["Darling"], "originalyear": ["2011"], "album": ["7 Khoon Maaf"], "musicbrainz album type": ["album/soundtrack"], "script": ["Latn"], "albumartistsort": ["Vishal Bhardwaj"], "musicbrainz album release country": ["IN"], "musicbrainz_artistid": ["8c71a37b-1b64-43e8-a24f-ada8db2f2d61/44032aa6-cffc-41b8-b898-1ec0e1ba8a27"], "musicbrainz_releasegroupid": ["bdbeee38-fe9e-47f9-b78e-76b8e38cc6f8"], "musicbrainz_recordingid": ["11a1833d-519b-4251-ac12-6c3e1b2e7357"], "albumartist": ["Vishal Bhardwaj"], "barcode": ["886978519726"], "originaldate": ["2011"], "musicbrainz album status": ["official"], "artist": ["Usha Uthup & Rekha Bhardwaj"], "musicbrainz_albumid": ["5df7a988-423f-472f-9563-8156a9986216"], "artistsort": ["Uthup, Usha & Bhardwaj, Rekha"], "catalognumber": ["88697851972"], "tracknumber": ["1/9"], "musicbrainz_albumartistid": ["f3100dc5-fbd9-4f07-9456-b5eb065a649f"], "encoding": ["Lavf56.36.100"], "discnumber": ["1/1"], "date": ["2011"], "media": ["CD"], "file_name": "Usha Uthup - Darling.mp3"}, "audio_properties": {"sample_rate": 44100, "downmix": "mix", "lossless": false, "analysis_sample_rate": 44100, "md5_encoded": "ecf6201f0b1a44747245d0ae7faddf11", "equal_loudness": 0, "replay_gain": -11.3277492523, "codec": "mp3", "bit_rate": 160020, "length": 208.143676758}, "version": {"extractor": "music 1.0", "essentia_build_sha": "70f2e5ece6736b2c40cc944ad0e695b16b925413", "essentia_git_sha": "v2.1_beta2", "essentia": "2.1-beta2"}}, "rhythm": {"beats_loudness_band_ratio": {"dvar2": [0.100160375237, 0.0180548354983, 0.0346687585115, 0.0551899001002, 0.0273552909493, 0.00625282060355], "var": [0.0778473541141, 0.00937675312161, 0.0146691622213, 0.0273889284581, 0.0125539163128, 0.00187445769552], "min": [0, 0, 0, 0, 0, 0], "dmean": [0.241081938148, 0.0746086388826, 0.10616107285, 0.132095649838, 0.0809643343091, 0.0265065487474], "mean": [0.524335801601, 0.106744721532, 0.1282800138, 0.14347346127, 0.0934213772416, 0.0339621342719], "max": [0.967358648777, 0.896883845329, 0.645079374313, 0.90246284008, 0.722746372223, 0.502674996853], "dmean2": [0.433487921953, 0.133281052113, 0.189061030746, 0.229488015175, 0.142635956407, 0.0471901483834], "median": [0.565026819706, 0.086517624557, 0.0902012586594, 0.0707136616111, 0.0498700030148, 0.0242902971804], "dvar": [0.0377423986793, 0.00735140359029, 0.0123219825327, 0.0205419044942, 0.00931670330465, 0.00230187224224]}, "bpm_histogram_first_peak_weight": {"dvar2": 0, "var": 0, "min": 0.715596318245, "dmean": 0, "mean": 0.715596318245, "max": 0.715596318245, "dmean2": 0, "median": 0.715596318245, "dvar": 0}, "bpm": 126.011528015, "beats_count": 437, "bpm_histogram_first_peak_spread": {"dvar2": 0, "var": 0, "min": 0.225806474686, "dmean": 0, "mean": 0.225806474686, "max": 0.225806474686, "dmean2": 0, "median": 0.225806474686, "dvar": 0}, "danceability": 1.0693051815, "bpm_histogram_first_peak_bpm": {"dvar2": 0, "var": 0, "min": 126, "dmean": 0, "mean": 126, "max": 126, "dmean2": 0, "median": 126, "dvar": 0}, "beats_position": [0.46439909935, 0.952018141747, 1.43963718414, 1.90403628349, 2.36843538284, 2.83283448219, 3.30884337425, 3.7732424736, 4.23764181137, 4.71365070343, 5.18965959549, 5.66566896439, 6.14167785645, 6.6176867485, 7.0936961174, 7.56970500946, 8.04571437836, 8.52172279358, 8.99773216248, 9.47374153137, 9.94974994659, 10.4257593155, 10.9017686844, 11.3777770996, 11.8537864685, 12.3297958374, 12.8058052063, 13.2818136215, 13.7578229904, 14.2338323593, 14.7214508057, 15.1974601746, 15.6734695435, 16.1494789124, 16.6254863739, 17.1014957428, 17.5775051117, 18.0535144806, 18.5295238495, 19.0055332184, 19.4815406799, 19.9459400177, 20.4219493866, 20.9095687866, 21.3855781555, 21.8731975555, 22.3608150482, 22.8484344482, 23.3360538483, 23.800453186, 24.2648525238, 24.7408618927, 25.2168693542, 25.681268692, 26.1456680298, 26.6216773987, 27.0976867676, 27.5736961365, 28.0497055054, 28.5257129669, 29.0017223358, 29.4777317047, 29.9537410736, 30.4413604736, 30.9173698425, 31.3933773041, 31.8577766418, 32.3453979492, 32.8097953796, 33.2858047485, 33.7618141174, 34.2378234863, 34.7138328552, 35.1898422241, 35.6658477783, 36.1418571472, 36.6178665161, 37.1054878235, 37.5814971924, 38.0575065613, 38.5335159302, 39.0095214844, 39.4855308533, 39.9615402222, 40.4259414673, 40.91355896, 41.3895683289, 41.88879776, 42.3764152527, 42.8640365601, 43.3516540527, 43.8392753601, 44.3036727905, 44.7680702209, 45.2324714661, 45.6968688965, 46.1612701416, 46.625667572, 47.1016769409, 47.5776863098, 48.0536956787, 48.5297050476, 49.0057144165, 49.4817237854, 49.9577331543, 50.4337387085, 50.9097480774, 51.3857574463, 51.8617668152, 52.3377761841, 52.813785553, 53.2897949219, 53.7658042908, 54.2418136597, 54.7178230286, 55.1938323975, 55.6698417664, 56.1458511353, 56.6218566895, 57.0978660583, 57.5738754272, 58.0498847961, 58.525894165, 59.0019035339, 59.4779129028, 59.9539222717, 60.4299316406, 60.9059410095, 61.3819503784, 61.8579597473, 62.3339653015, 62.8099746704, 63.2975959778, 63.7619934082, 64.2496109009, 64.7256240845, 65.2016296387, 65.6776428223, 66.1536483765, 66.6180496216, 67.1056671143, 67.5816802979, 68.0576858521, 68.5336914062, 69.0213165283, 69.508934021, 69.9849395752, 70.4493408203, 70.9137420654, 71.3781356812, 71.8541488647, 72.3301544189, 72.817779541, 73.2821731567, 73.7581863403, 74.2341918945, 74.7218093872, 75.1862106323, 75.6622238159, 76.1382293701, 76.6142425537, 77.0902481079, 77.5662536621, 78.0422668457, 78.5182723999, 78.9942855835, 79.4702911377, 79.9463043213, 80.433921814, 80.9099273682, 81.3859405518, 81.861946106, 82.3379592896, 82.8139648438, 83.2899780273, 83.7659835815, 84.2419967651, 84.7180023193, 85.1940155029, 85.6700210571, 86.1460266113, 86.6220397949, 87.0980453491, 87.5740585327, 88.0500640869, 88.5260772705, 89.0020828247, 89.4780960083, 89.9541015625, 90.4301147461, 90.9061203003, 91.3821334839, 91.8581390381, 92.3341445923, 92.8101577759, 93.2861633301, 93.7621765137, 94.2381820679, 94.7141952515, 95.1902008057, 95.6662139893, 96.1422195435, 96.6182327271, 97.0942382812, 97.5702438354, 98.046257019, 98.5222625732, 98.9982757568, 99.474281311, 99.9502944946, 100.426300049, 100.902313232, 101.378318787, 101.85433197, 102.330337524, 102.806350708, 103.282356262, 103.769973755, 104.257591248, 104.768432617, 105.267662048, 105.790107727, 106.324172974, 106.846618652, 107.36907196, 107.879905701, 108.379135132, 108.866752625, 109.354377747, 109.830383301, 110.306388855, 110.782402039, 111.258407593, 111.734420776, 112.222038269, 112.709655762, 113.197273254, 113.708114624, 114.218955994, 114.706573486, 115.194190979, 115.670204163, 116.146209717, 116.6222229, 117.098228455, 117.574241638, 118.050247192, 118.537864685, 119.00226593, 119.489883423, 119.954284668, 120.430290222, 120.906303406, 121.38230896, 121.858322144, 122.345939636, 122.82194519, 123.297958374, 123.773963928, 124.249977112, 124.725982666, 125.20199585, 125.678001404, 126.154014587, 126.630020142, 127.106025696, 127.593650818, 128.069656372, 128.545669556, 129.010070801, 129.486068726, 129.962081909, 130.438095093, 130.914108276, 131.390106201, 131.866119385, 132.342132568, 132.818145752, 133.294143677, 133.77015686, 134.246170044, 134.722167969, 135.198181152, 135.674194336, 136.161804199, 136.649429321, 137.125442505, 137.578231812, 138.042633057, 138.518630981, 138.994644165, 139.470657349, 139.946670532, 140.422668457, 140.898681641, 141.374694824, 141.850692749, 142.326705933, 142.802719116, 143.2787323, 143.754730225, 144.230743408, 144.706756592, 145.194366455, 145.670379639, 146.146392822, 146.622406006, 147.098403931, 147.574417114, 148.050430298, 148.526443481, 149.002441406, 149.466842651, 149.942855835, 150.418869019, 150.894866943, 151.370880127, 151.858505249, 152.334503174, 152.810516357, 153.286529541, 153.762542725, 154.238540649, 154.714553833, 155.190567017, 155.6665802, 156.142578125, 156.618591309, 157.094604492, 157.570602417, 158.046615601, 158.522628784, 158.998641968, 159.474639893, 159.950653076, 160.42666626, 160.902679443, 161.378677368, 161.854690552, 162.330703735, 162.80670166, 163.282714844, 163.758728027, 164.234741211, 164.710739136, 165.186752319, 165.662765503, 166.138778687, 166.614776611, 167.090789795, 167.566802979, 168.042816162, 168.518814087, 168.994827271, 169.482452393, 169.958450317, 170.434463501, 170.922088623, 171.421310425, 171.908935547, 172.384933472, 172.860946655, 173.3253479, 173.789749146, 174.265762329, 174.741760254, 175.217773438, 175.693786621, 176.169799805, 176.657409668, 177.133422852, 177.609436035, 178.08543396, 178.549835205, 179.025848389, 179.501861572, 179.977859497, 180.442260742, 180.918273926, 181.394287109, 181.858688354, 182.334686279, 182.810699463, 183.286712646, 183.762710571, 184.250335693, 184.726348877, 185.202362061, 185.666748047, 186.14276123, 186.618774414, 187.094787598, 187.582397461, 188.09324646, 188.592468262, 189.068481445, 189.54447937, 190.020492554, 190.496505737, 190.972518921, 191.436920166, 191.901306152, 192.354095459, 192.818496704, 193.294509888, 193.770523071, 194.246520996, 194.72253418, 195.198547363, 195.674560547, 196.150558472, 196.626571655, 197.0909729, 197.578598022, 198.054595947, 198.530609131, 199.006622314, 199.482620239, 199.993469238, 200.49269104, 200.991928101, 201.479537964, 201.932327271, 202.385116577, 202.849517822, 203.302307129, 203.697052002, 204.080184937, 204.474914551, 204.869659424, 205.24118042, 205.624298096, 206.00743103, 206.390563965, 206.773696899, 207.156814575, 207.53994751], "beats_loudness": {"dvar2": 0.00069075304782, "var": 0.000389763445128, "min": 9.38959188179e-11, "dmean": 0.0167677104473, "mean": 0.0285971406847, "max": 0.124530695379, "dmean2": 0.0294430460781, "median": 0.0262251328677, "dvar": 0.000248947530054}, "bpm_histogram_second_peak_weight": {"dvar2": 0, "var": 0, "min": 0.0160550456494, "dmean": 0, "mean": 0.0160550456494, "max": 0.0160550456494, "dmean2": 0, "median": 0.0160550456494, "dvar": 0}, "bpm_histogram_second_peak_spread": {"dvar2": 0, "var": 0, "min": 0.461538493633, "dmean": 0, "mean": 0.461538493633, "max": 0.461538493633, "dmean2": 0, "median": 0.461538493633, "dvar": 0}, "bpm_histogram_second_peak_bpm": {"dvar2": 0, "var": 0, "min": 120, "dmean": 0, "mean": 120, "max": 120, "dmean2": 0, "median": 120, "dvar": 0}, "onset_rate": 4.4822306633}, "lowlevel": {"spectral_energyband_high": {"dvar2": 8.0953793713e-07, "var": 4.29592574847e-07, "min": 6.90970299736e-21, "dmean": 0.00031615284388, "mean": 0.000432390661445, "max": 0.0103495568037, "dmean2": 0.000488919147756, "median": 0.000169000690221, "dvar": 3.33637274252e-07}, "spectral_energyband_middle_low": {"dvar2": 0.000171027699253, "var": 7.54473876441e-05, "min": 1.79814317888e-22, "dmean": 0.00404206849635, "mean": 0.00736663956195, "max": 0.095344491303, "dmean2": 0.00687846681103, "median": 0.00486109871417, "dvar": 6.15962417214e-05}, "spectral_energy": {"dvar2": 0.000593388744164, "var": 0.000440597883426, "min": 9.71371279577e-21, "dmean": 0.00920062605292, "mean": 0.0219427011907, "max": 0.162985876203, "dmean2": 0.0151743693277, "median": 0.016098793596, "dvar": 0.00022348650964}, "spectral_spread": {"dvar2": 1396618166270.0, "var": 4659631095810.0, "min": 713773.8125, "dmean": 684773.8125, "mean": 4224746, "max": 41572164, "dmean2": 950143.5, "median": 3807559.75, "dvar": 800231915520}, "spectral_energyband_low": {"dvar2": 0.000315514305839, "var": 0.00012054383842, "min": 2.5513978374e-23, "dmean": 0.00560084637254, "mean": 0.00836159009486, "max": 0.114116467535, "dmean2": 0.00973233580589, "median": 0.00525061506778, "dvar": 0.000114376060083}, "spectral_rolloff": {"dvar2": 1444894.75, "var": 2221704.25, "min": 64.599609375, "dmean": 450.289215088, "mean": 1390.80725098, "max": 19272.2167969, "dmean2": 747.241271973, "median": 1291.9921875, "dvar": 646167}, "barkbands": {"dvar2": [3.32962514449e-07, 5.8867251937e-05, 0.000153776476509, 5.87352988077e-05, 2.9918655855e-05, 2.83857434624e-06, 4.42920782007e-06, 2.85286546386e-06, 8.35856826598e-06, 1.69346349139e-05, 3.84274699172e-06, 3.97958865506e-06, 7.81994731369e-06, 6.46882062938e-06, 4.69749375043e-06, 5.25239329363e-07, 2.64913182946e-07, 2.3148150774e-07, 2.31525177696e-07, 1.15128308664e-07, 5.42487370581e-08, 1.99014369429e-08, 7.0921643669e-08, 2.07183994405e-08, 2.08446699901e-08, 9.84231096623e-09, 1.26314833593e-10], "var": [2.4708558044e-07, 2.58251948253e-05, 3.77591823053e-05, 1.40264901347e-05, 7.98385553935e-06, 2.04086154554e-06, 3.13073178404e-06, 1.92084598893e-06, 6.10742699791e-06, 2.58249328908e-05, 3.12440079142e-06, 9.71349891188e-06, 8.37169227452e-06, 1.19517753774e-05, 4.48090167993e-06, 5.09037761276e-07, 3.50652157977e-07, 2.34229105445e-07, 5.59149896162e-07, 1.31765872879e-07, 2.95578139742e-08, 1.31506912027e-08, 2.74401426026e-08, 9.07211372692e-09, 7.15399117723e-09, 2.29449592659e-09, 3.22089195592e-11], "min": [4.41742089578e-25, 9.91222028983e-24, 1.09394013993e-24, 3.77811598806e-24, 1.44817365264e-23, 1.24558005157e-23, 9.01692232697e-24, 2.07554415982e-23, 3.60219606189e-23, 2.6620597185e-23, 1.48822017649e-23, 1.97369038405e-23, 4.88744453628e-23, 6.73828072062e-23, 6.7963711755e-23, 6.40105909194e-23, 1.31048918346e-22, 1.5533263185e-22, 1.64960256369e-22, 2.56366440359e-22, 2.68236663903e-22, 4.22493150639e-22, 3.85000119049e-22, 5.94651680727e-22, 8.90932892547e-22, 1.30379487195e-21, 2.09675341101e-21], "dmean": [0.000199816495297, 0.00297076930292, 0.0027576785069, 0.00164512323681, 0.00134130159859, 0.000603950000368, 0.000470324739581, 0.000484558782773, 0.000756590685342, 0.000857068109326, 0.000384937564377, 0.000512027763762, 0.000613151758444, 0.000555225764401, 0.000470068771392, 0.000169670573086, 0.000147103433846, 0.000152898821398, 0.000167941150721, 0.00011023197294, 7.6011485362e-05, 5.16529180459e-05, 8.0372170487e-05, 3.75181880372e-05, 3.16519799526e-05, 1.78466943908e-05, 2.24832842832e-06], "mean": [0.000312463322189, 0.0041760369204, 0.00279837171547, 0.00189576111734, 0.0015526645584, 0.000920090591535, 0.000688137020916, 0.00067746307468, 0.00110849388875, 0.00173436885234, 0.000498271081597, 0.00100907497108, 0.00106359773781, 0.00101779750548, 0.000801332236733, 0.000262927409494, 0.000262338639004, 0.000270210206509, 0.000349475303665, 0.000199730726308, 0.0001017065224, 6.74708862789e-05, 8.50090291351e-05, 4.24996978836e-05, 3.15749493893e-05, 1.4157248188e-05, 1.60976026109e-06], "max": [0.00493048271164, 0.0534615851939, 0.0821696519852, 0.0682468563318, 0.0424057282507, 0.0270387027413, 0.0512777008116, 0.023092392832, 0.041028007865, 0.097428612411, 0.0777076557279, 0.0533258207142, 0.0635456517339, 0.064264588058, 0.0389494970441, 0.0170657299459, 0.0113444104791, 0.00683497358114, 0.0123036215082, 0.00592881301418, 0.0023220111616, 0.00162901112344, 0.00289883324876, 0.00221963878721, 0.00272996141575, 0.00237233610824, 0.000192506471649], "dmean2": [0.000339743128279, 0.00512849679217, 0.00490587810054, 0.00296187261119, 0.00239852676168, 0.000989902531728, 0.00076547981007, 0.000783883442637, 0.00119692378212, 0.00130765559152, 0.00059837475419, 0.000759827031288, 0.000941945705563, 0.000824113609269, 0.000720378069673, 0.000257674750173, 0.000224746574531, 0.00023465573031, 0.000247487769229, 0.000168087455677, 0.000120278426039, 7.90649937699e-05, 0.000130252286908, 5.98267179157e-05, 5.08362791152e-05, 2.99064886349e-05, 3.9040082811e-06], "median": [9.68836102402e-05, 0.0025627235882, 0.00102089368738, 0.0009131381521, 0.000803811824881, 0.000420210591983, 0.00020123552531, 0.000190830294741, 0.00029956252547, 0.000235596322455, 0.000101537392766, 0.000142944656545, 0.000159279807121, 0.000129461710458, 0.000166744895978, 8.72872333275e-05, 9.66252482613e-05, 0.000102863712527, 0.000106211700768, 7.12160326657e-05, 3.45731714333e-05, 2.05013129744e-05, 2.26351603487e-05, 1.10746213977e-05, 7.75619628257e-06, 1.8349101083e-06, 7.54024966909e-08], "dvar": [1.22081786458e-07, 1.95112988877e-05, 5.38308704563e-05, 2.01148959604e-05, 1.04378732431e-05, 1.12739917313e-06, 1.90220100649e-06, 1.16073977097e-06, 3.55545057573e-06, 7.63615298638e-06, 1.95875941245e-06, 1.97075155484e-06, 3.45536045643e-06, 3.09907659357e-06, 2.15020531869e-06, 2.49739969149e-07, 1.3941087218e-07, 1.04690570879e-07, 1.21463372693e-07, 5.06345969598e-08, 2.22131379957e-08, 8.93097151788e-09, 2.85661396759e-08, 8.33236235565e-09, 8.09721889539e-09, 3.54648421741e-09, 4.70240270334e-11]}, "melbands_skewness": {"dvar2": 2.2045981884, "var": 3.58055305481, "min": -1.90218698978, "dmean": 0.886277973652, "mean": 2.38790225983, "max": 13.4250640869, "dmean2": 1.37493515015, "median": 1.98093688488, "dvar": 0.980606555939}, "barkbands_skewness": {"dvar2": 1.17007184029, "var": 2.0165810585, "min": -4.01781177521, "dmean": 0.657195746899, "mean": 1.37289083004, "max": 10.6271066666, "dmean2": 1.01324021816, "median": 1.07490372658, "dvar": 0.520256519318}, "erbbands": {"dvar2": [0.0417033359408, 3.65651202202, 110.653007507, 560.651428223, 370.619537354, 387.294250488, 201.485824585, 254.688781738, 848.066040039, 756.908691406, 1637.58288574, 4236.2890625, 12817.7128906, 15346.1601562, 3187.8359375, 7877.3125, 15420.5400391, 14409.1630859, 14513.7080078, 4685.34765625, 1443.1048584, 436.436126709, 423.980834961, 702.738647461, 471.207733154, 231.665893555, 121.120689392, 55.7296485901, 30.4821796417, 31.0760040283, 63.585231781, 13.7334890366, 6.45485115051, 3.33753466606, 1.01981341839, 0.312828272581, 0.0218320842832, 0.000836741412058, 3.4520655845e-06, 2.41763764564e-09], "var": [0.0213154442608, 1.55299973488, 32.9342803955, 125.716743469, 101.008674622, 99.581703186, 79.5597381592, 181.910263062, 653.293334961, 411.137878418, 1160.55310059, 2552.40600586, 15697.7509766, 29844.3828125, 4016.78759766, 19595.7207031, 18694.5644531, 28163.7695312, 17847.6992188, 3487.81933594, 1997.60314941, 664.288146973, 550.254638672, 958.04864502, 1618.31286621, 305.188201904, 81.7547454834, 31.8617362976, 20.9620018005, 16.0760631561, 23.5865097046, 6.27077674866, 2.40740323067, 1.10597527027, 0.335254877806, 0.0747257769108, 0.00525260623544, 0.00022089468257, 8.22400920697e-07, 1.10868425551e-09], "min": [2.17355539413e-22, 1.88027341885e-21, 2.02063865827e-21, 8.79089023268e-21, 2.06712063492e-20, 2.85099398032e-20, 8.09264979084e-20, 1.09024692406e-19, 1.54477439885e-19, 3.2407008035e-19, 4.79831498416e-19, 6.9236795709e-19, 1.09999542852e-18, 6.83693469103e-19, 7.75991522622e-19, 9.92785273113e-19, 2.37979841552e-18, 3.07004279318e-18, 2.88328340205e-18, 4.55973676016e-18, 5.20026158595e-18, 7.30678661724e-18, 8.15386588661e-18, 7.0221479782e-18, 7.62102839605e-18, 1.02477611107e-17, 1.0812354065e-17, 1.26205717112e-17, 1.3855919634e-17, 1.18898080981e-17, 1.2037357267e-17, 8.97363661524e-18, 1.07699668489e-17, 8.4410969097e-18, 7.40656527863e-18, 4.73128657458e-18, 2.53170806706e-18, 9.38409211379e-19, 2.69322278478e-19, 2.92474165557e-20], "dmean": [0.0822416320443, 0.717252075672, 2.6849424839, 4.78589725494, 4.93384695053, 4.33707809448, 3.85959935188, 5.43516159058, 7.49254465103, 5.96645593643, 11.871591568, 16.9734153748, 24.1314144135, 22.207277298, 15.6237955093, 22.1843318939, 27.8043136597, 26.3146972656, 28.1891517639, 13.5693788528, 9.49344158173, 6.9243927002, 7.55717754364, 8.08772945404, 7.88321876526, 5.09667873383, 3.56579065323, 2.53560447693, 2.03366398811, 1.83228337765, 2.36636734009, 0.983019948006, 0.607872128487, 0.37900197506, 0.21058960259, 0.0937356725335, 0.0299330316484, 0.0062840837054, 0.000340689119184, 1.61461139214e-05], "mean": [0.120483137667, 0.939037203789, 3.0251057148, 5.35139226913, 5.74188041687, 4.77341461182, 5.07689476013, 8.18764209747, 11.6076660156, 8.38412952423, 17.534740448, 24.8480014801, 43.1196670532, 47.1226615906, 25.9236907959, 46.7517700195, 51.7916297913, 51.9823875427, 53.153842926, 22.6003437042, 16.4632949829, 13.3246059418, 14.4326696396, 15.8925123215, 17.3695583344, 9.77276992798, 5.4177274704, 3.30247402191, 2.62673377991, 2.2686150074, 2.4434440136, 1.1375067234, 0.630980908871, 0.373640358448, 0.2084762007, 0.0802944302559, 0.0228422805667, 0.00474026333541, 0.000247098767431, 3.09913048113e-05], "max": [1.08869659901, 13.0712881088, 70.4722976685, 163.527893066, 194.495788574, 160.452331543, 247.878479004, 211.188339233, 764.319030762, 708.217224121, 507.764160156, 946.184082031, 3642.81469727, 4824.71142578, 1437.56384277, 2477.41308594, 3412.54931641, 3156.68725586, 1889.53833008, 2085.97192383, 1176.69543457, 489.495910645, 302.73147583, 794.467041016, 783.59753418, 388.540435791, 156.237121582, 61.6293296814, 74.7733154297, 75.090385437, 98.6145629883, 86.2682266235, 40.7160644531, 38.373298645, 22.5575828552, 13.7742013931, 2.96586036682, 0.691620349884, 0.0300198532641, 0.000682971614879], "dmean2": [0.141089916229, 1.24478852749, 4.70339727402, 8.68377590179, 8.76968288422, 7.79756784439, 6.62016773224, 8.90159225464, 12.2108898163, 9.78614234924, 19.0491485596, 26.7650299072, 36.8222389221, 32.6287117004, 23.7685127258, 32.2607154846, 42.1972236633, 39.0982551575, 42.5127601624, 20.6718082428, 13.8147954941, 10.4906139374, 11.477347374, 11.9200372696, 11.5320482254, 7.68248462677, 5.55311965942, 3.98743748665, 3.10732913017, 2.87798285484, 3.82403612137, 1.5573682785, 0.985287487507, 0.614296972752, 0.341219753027, 0.155897572637, 0.0505336076021, 0.0105958292261, 0.000598886166699, 2.66966089839e-05], "median": [0.0677700564265, 0.505897760391, 1.22897732258, 2.65397882462, 3.08497095108, 2.24312520027, 2.44115066528, 3.47524666786, 3.77622699738, 3.14341211319, 5.66715574265, 7.96908950806, 7.83407497406, 7.823117733, 6.65949630737, 7.96304225922, 8.91573143005, 9.5578289032, 10.6613864899, 7.43904876709, 5.85010051727, 5.43801879883, 6.0654001236, 5.77360773087, 5.18028593063, 3.68776965141, 2.03409361839, 1.0942864418, 0.767646610737, 0.670248150826, 0.629374861717, 0.289450109005, 0.161303654313, 0.0920435786247, 0.0475577637553, 0.0137618677691, 0.00250508985482, 0.000364773994079, 2.33954724536e-05, 2.11575224967e-05], "dvar": [0.0139466375113, 1.22934091091, 39.7623672485, 192.159744263, 128.287200928, 136.733688354, 70.3020401001, 102.107894897, 349.8074646, 320.273284912, 658.719299316, 1763.17077637, 6026.99755859, 8461.82128906, 1574.77807617, 3817.17626953, 6998.29785156, 6854.30078125, 6576.95458984, 2143.67822266, 780.73626709, 228.595489502, 203.827911377, 365.997650146, 250.178131104, 106.491294861, 50.8912391663, 23.4449005127, 13.9679298401, 13.0116605759, 25.5132064819, 5.62101650238, 2.53693699837, 1.27794909477, 0.394017130136, 0.11304473877, 0.00794934481382, 0.000313735596137, 1.26117561194e-06, 9.00374719226e-10]}, "silence_rate_30dB": {"dvar2": 0.00489267567173, "var": 0.00278082559817, "min": 0, "dmean": 0.00200803205371, "mean": 0.997211396694, "max": 1, "dmean2": 0.00401651253924, "median": 1, "dvar": 0.00200388114899}, "melbands_spread": {"dvar2": 252.286987305, "var": 325.05480957, "min": 0.438980698586, "dmean": 7.85070228577, "mean": 24.7086105347, "max": 247.457931519, "dmean2": 12.1454324722, "median": 22.5360355377, "dvar": 109.571151733}, "melbands_crest": {"dvar2": 22.9413318634, "var": 24.2337779999, "min": 1.66767370701, "dmean": 3.51055526733, "mean": 13.4904966354, "max": 33.8173065186, "dmean2": 5.7791185379, "median": 12.9076766968, "dvar": 8.81552028656}, "zerocrossingrate": {"dvar2": 0.000180003160494, "var": 0.00149072299246, "min": 0.0029296875, "dmean": 0.0099982181564, "mean": 0.0555520802736, "max": 0.5283203125, "dmean2": 0.0117089981213, "median": 0.05224609375, "dvar": 0.000147585262312}, "barkbands_kurtosis": {"dvar2": 136.906051636, "var": 107.406761169, "min": -1.93204569817, "dmean": 3.67531704903, "mean": 4.55708694458, "max": 206.526031494, "dmean2": 5.93281888962, "median": 0.97481584549, "dvar": 55.9463539124}, "spectral_flux": {"dvar2": 0.00223512598313, "var": 0.00273325154558, "min": 6.63129134937e-11, "dmean": 0.025334302336, "mean": 0.0799134969711, "max": 0.354258298874, "dmean2": 0.0399079397321, "median": 0.0713223218918, "dvar": 0.00113921856973}, "barkbands_crest": {"dvar2": 17.1753559113, "var": 15.9542016983, "min": 2.33341002464, "dmean": 2.82706832886, "mean": 9.50210189819, "max": 25.625415802, "dmean2": 4.70775079727, "median": 8.75844764709, "dvar": 6.31723880768}, "barkbands_flatness_db": {"dvar2": 0.00149989279453, "var": 0.00386567553505, "min": 0.0251204557717, "dmean": 0.0275735948235, "mean": 0.141603201628, "max": 0.430141746998, "dmean2": 0.0411332324147, "median": 0.130413472652, "dvar": 0.000727528415155}, "spectral_entropy": {"dvar2": 0.0930931344628, "var": 0.292707502842, "min": 5.24135637283, "dmean": 0.211116030812, "mean": 7.45487737656, "max": 9.81326675415, "dmean2": 0.297597408295, "median": 7.54738950729, "dvar": 0.0491350255907}, "pitch_salience": {"dvar2": 0.0132137639448, "var": 0.0122441565618, "min": 0.127482816577, "dmean": 0.0791430100799, "mean": 0.56643307209, "max": 0.983304738998, "dmean2": 0.131428301334, "median": 0.57451736927, "dvar": 0.00489584030584}, "erbbands_spread": {"dvar2": 245.818817139, "var": 353.277160645, "min": 2.74443364143, "dmean": 8.90885257721, "mean": 33.9090042114, "max": 195.615280151, "dmean2": 13.4474725723, "median": 30.9270381927, "dvar": 112.033126831}, "dynamic_complexity": 4.39122009277, "spectral_contrast_valleys": {"dvar2": [0.404670655727, 0.376868158579, 0.320267915726, 0.25808262825, 0.312801063061, 0.523739695549], "var": [2.9984266758, 2.45596218109, 2.41549539566, 2.43412518501, 2.52353286743, 2.36719369888], "min": [-28.0984306335, -27.8483467102, -27.6886138916, -27.5084209442, -27.4584617615, -27.3619155884], "dmean": [0.446874409914, 0.434466958046, 0.390018284321, 0.36555108428, 0.37704667449, 0.503231287003], "mean": [-7.42821311951, -7.20237112045, -7.62072277069, -8.06501960754, -8.09370326996, -10.7483844757], "max": [-5.49266767502, -4.83327817917, -5.39962387085, -5.72813034058, -5.35276937485, -7.84949350357], "dmean2": [0.726786792278, 0.693331897259, 0.616366684437, 0.547636091709, 0.525173544884, 0.644589185715], "median": [-6.93246269226, -6.95127820969, -7.38711833954, -7.78187608719, -7.82918262482, -10.5194311142], "dvar": [0.173926025629, 0.161617219448, 0.143267840147, 0.133644908667, 0.167287960649, 0.270389825106]}, "hfc": {"dvar2": 211.071685791, "var": 422.447235107, "min": 1.07154352979e-16, "dmean": 6.53396987915, "mean": 17.0668563843, "max": 194.536315918, "dmean2": 9.59062862396, "median": 9.29097270966, "dvar": 97.1019058228}, "spectral_kurtosis": {"dvar2": 22.276134491, "var": 27.1436424255, "min": -1.50527179241, "dmean": 2.05177664757, "mean": 5.52969360352, "max": 107.782035828, "dmean2": 3.34528422356, "median": 4.54739809036, "dvar": 8.05626296997}, "mfcc": {"mean": [-679.345397949, 126.499717712, -8.13445281982, 21.1887512207, 4.71094322205, 8.8482170105, 6.53671979904, 7.45032310486, -2.85993719101, 7.96473693848, 0.865595400333, -2.10881757736, -1.32516515255], "cov": [[11229.5185547, -36.9594993591, -592.989074707, 144.580627441, -109.993927002, 226.868377686, 129.854522705, 139.364547729, -20.7896194458, 332.582092285, 81.6738586426, -45.8038330078, -127.431991577], [-36.9594993591, 1226.84350586, 202.149139404, 175.820999146, 99.8703689575, 69.8234939575, 142.767227173, 81.6166610718, 41.0848464966, 26.8940753937, 11.6619358063, 7.0439696312, -24.7977142334], [-592.989074707, 202.149139404, 1026.67419434, 221.056671143, 185.938949585, 126.973167419, 16.5391330719, 44.6736755371, 110.600273132, -65.1111679077, -18.7201805115, 54.0993309021, -44.6603889465], [144.580627441, 175.820999146, 221.056671143, 330.570556641, 126.362518311, 23.7507362366, 0.496828228235, 52.7108955383, 82.672416687, -1.91378712654, -23.9411849976, 24.132062912, -0.679825603962], [-109.993927002, 99.8703689575, 185.938949585, 126.362518311, 250.583724976, 36.5790977478, 3.82949209213, 39.4289321899, 62.3980865479, 11.8301515579, -13.2330436707, 0.129481166601, 4.83228683472], [226.868377686, 69.8234939575, 126.973167419, 23.7507362366, 36.5790977478, 227.657394409, 80.2909469604, 23.0731697083, 22.3145008087, 18.7418308258, 38.1676368713, -7.31220817566, -17.8313236237], [129.854522705, 142.767227173, 16.5391330719, 0.496828228235, 3.82949209213, 80.2909469604, 199.806930542, 39.8153648376, -43.6505012512, 42.026714325, 12.5044927597, -14.9759645462, -5.60196447372], [139.364547729, 81.6166610718, 44.6736755371, 52.7108955383, 39.4289321899, 23.0731697083, 39.8153648376, 117.674514771, 40.4260787964, 4.47762393951, 11.6863851547, 6.07151222229, 6.52089977264], [-20.7896194458, 41.0848464966, 110.600273132, 82.672416687, 62.3980865479, 22.3145008087, -43.6505012512, 40.4260787964, 146.440856934, 14.7166824341, 1.76513051987, 17.1844367981, -4.37691497803], [332.582092285, 26.8940753937, -65.1111679077, -1.91378712654, 11.8301515579, 18.7418308258, 42.026714325, 4.47762393951, 14.7166824341, 121.423568726, 14.3714332581, -15.727104187, -11.3549947739], [81.6738586426, 11.6619358063, -18.7201805115, -23.9411849976, -13.2330436707, 38.1676368713, 12.5044927597, 11.6863851547, 1.76513051987, 14.3714332581, 98.7482910156, 21.7685413361, -2.63872146606], [-45.8038330078, 7.0439696312, 54.0993309021, 24.132062912, 0.129481166601, -7.31220817566, -14.9759645462, 6.07151222229, 17.1844367981, -15.727104187, 21.7685413361, 83.8978424072, 17.1988296509], [-127.431991577, -24.7977142334, -44.6603889465, -0.679825603962, 4.83228683472, -17.8313236237, -5.60196447372, 6.52089977264, -4.37691497803, -11.3549947739, -2.63872146606, 17.1988296509, 77.3927688599]], "icov": [[0.000110574575956, 1.8383945644e-05, 7.99190383987e-05, -0.00012688060815, 7.42683478165e-05, -0.000155755333253, 9.68446329352e-05, -0.000191322702449, 0.000138072005939, -0.00028665427817, 3.1133673474e-05, -6.94144691806e-05, 0.000197807312361], [1.8383945644e-05, 0.000996064394712, -4.15858194174e-05, -0.000423037417931, -9.97253882815e-05, 0.000100822173408, -0.000732053595129, -0.000201568982447, -0.000129721855046, 1.63364529726e-05, -0.000165757810464, -2.30870118685e-05, 0.000309700262733], [7.99190383987e-05, -4.15858194174e-05, 0.0015825991286, -0.00053391646361, -0.000669773377012, -0.000759785354603, -0.000216986401938, 9.57254087552e-05, -0.000495469896123, 0.000867849797942, 0.000473453925224, -0.00103861850221, 0.00121608853806], [-0.00012688060815, -0.000423037417931, -0.00053391646361, 0.00480776373297, -0.00144213018939, 0.000225794923608, -2.69327883871e-05, -0.000649913039524, -0.00139385904185, 0.000253426638665, 0.00121045613196, -0.000947199878283, -0.00020533821953], [7.42683478165e-05, -9.97253882815e-05, -0.000669773377012, -0.00144213018939, 0.00575080094859, -0.00046368787298, 0.00042449706234, -0.000843127956614, -0.00071257725358, -0.0010928226402, 0.000380800687708, 0.00104965351056, -0.0010938893538], [-0.000155755333253, 0.000100822173408, -0.000759785354603, 0.000225794923608, -0.00046368787298, 0.00657974462956, -0.00299834110774, 0.000945721403696, -0.00177749735303, 0.000777770241257, -0.00271251820959, 0.00147877354175, 0.000180077331606], [9.68446329352e-05, -0.000732053595129, -0.000216986401938, -2.69327883871e-05, 0.00042449706234, -0.00299834110774, 0.0091539490968, -0.00374765088782, 0.00476518366486, -0.0035138069652, 0.000862166809384, 8.25917886687e-05, -0.000174520231667], [-0.000191322702449, -0.000201568982447, 9.57254087552e-05, -0.000649913039524, -0.000843127956614, 0.000945721403696, -0.00374765088782, 0.0120816631243, -0.00421220995486, 0.00205800565891, -0.00178554235026, 0.000592880358454, -0.00147768110037], [0.000138072005939, -0.000129721855046, -0.000495469896123, -0.00139385904185, -0.00071257725358, -0.00177749735303, 0.00476518366486, -0.00421220995486, 0.0117430808023, -0.00341224391013, 0.000603661988862, -0.00154706952162, 0.000750272884034], [-0.00028665427817, 1.63364529726e-05, 0.000867849797942, 0.000253426638665, -0.0010928226402, 0.000777770241257, -0.0035138069652, 0.00205800565891, -0.00341224391013, 0.0115294894204, -0.00173392589204, 0.00162131141406, 0.000935157120693], [3.1133673474e-05, -0.000165757810464, 0.000473453925224, 0.00121045613196, 0.000380800687708, -0.00271251820959, 0.000862166809384, -0.00178554235026, 0.000603661988862, -0.00173392589204, 0.0129950381815, -0.00462153833359, 0.00109594967216], [-6.94144691806e-05, -2.30870118685e-05, -0.00103861850221, -0.000947199878283, 0.00104965351056, 0.00147877354175, 8.25917886687e-05, 0.000592880358454, -0.00154706952162, 0.00162131141406, -0.00462153833359, 0.0155568094924, -0.00396250979975], [0.000197807312361, 0.000309700262733, 0.00121608853806, -0.00020533821953, -0.0010938893538, 0.000180077331606, -0.000174520231667, -0.00147768110037, 0.000750272884034, 0.000935157120693, 0.00109594967216, -0.00396250979975, 0.0153652392328]]}, "silence_rate_20dB": {"dvar2": 0, "var": 0, "min": 1, "dmean": 0, "mean": 1, "max": 1, "dmean2": 0, "median": 1, "dvar": 0}, "melbands_kurtosis": {"dvar2": 647.561401367, "var": 550.078430176, "min": -1.89434432983, "dmean": 8.86259174347, "mean": 13.2316255569, "max": 294.085906982, "dmean2": 14.2154664993, "median": 4.62115812302, "dvar": 274.333221436}, "barkbands_spread": {"dvar2": 112.067771912, "var": 153.938156128, "min": 0.307061433792, "dmean": 6.07674598694, "mean": 21.0195140839, "max": 125.942855835, "dmean2": 9.25515937805, "median": 19.9383029938, "dvar": 51.5282745361}, "erbbands_skewness": {"dvar2": 0.294110506773, "var": 0.489767491817, "min": -3.68696856499, "dmean": 0.370398849249, "mean": 0.215043857694, "max": 5.9793844223, "dmean2": 0.57152235508, "median": 0.207626879215, "dvar": 0.131966739893}, "average_loudness": 0.712463676929, "spectral_centroid": {"dvar2": 235729.453125, "var": 561538.875, "min": 142.383377075, "dmean": 281.51776123, "mean": 1367.24865723, "max": 11555.6269531, "dmean2": 424.805603027, "median": 1355.2890625, "dvar": 115806.585938}, "dissonance": {"dvar2": 0.00131907395553, "var": 0.000918679288588, "min": 0.191011458635, "dmean": 0.0216957218945, "mean": 0.463382840157, "max": 0.500000119209, "dmean2": 0.0367760248482, "median": 0.471274346113, "dvar": 0.000482786883367}, "erbbands_flatness_db": {"dvar2": 0.000949874287471, "var": 0.00321994465776, "min": 0.04014403373, "dmean": 0.0232482012361, "mean": 0.166068196297, "max": 0.439264386892, "dmean2": 0.0324552878737, "median": 0.158338397741, "dvar": 0.000504489231389}, "spectral_strongpeak": {"dvar2": 2.60680913925, "var": 3.12398815155, "min": 0, "dmean": 0.567447662354, "mean": 0.999181628227, "max": 14.939825058, "dmean2": 0.953564226627, "median": 0.251323610544, "dvar": 1.10508191586}, "spectral_rms": {"dvar2": 3.32144259119e-06, "var": 4.60990440843e-06, "min": 3.07844006363e-12, "dmean": 0.000898292695638, "mean": 0.00409848010167, "max": 0.0126099409536, "dmean2": 0.00142791203689, "median": 0.00396309746429, "dvar": 1.32060222313e-06}, "silence_rate_60dB": {"dvar2": 0.0880864933133, "var": 0.118207089603, "min": 0, "dmean": 0.0417224466801, "mean": 0.136977136135, "max": 1, "dmean2": 0.0834541991353, "median": 0, "dvar": 0.0399805381894}, "melbands": {"dvar2": [3.71438386537e-06, 1.6556805349e-05, 1.45303592944e-05, 1.94159997591e-06, 2.63133927092e-07, 1.20518407698e-07, 1.99409655011e-07, 8.85664022121e-08, 1.11566997418e-07, 1.8057473028e-07, 3.24152637177e-07, 2.91310698231e-07, 4.65444429665e-08, 5.52955512489e-08, 6.9739904518e-08, 8.55097539443e-08, 6.65612418516e-08, 4.7519641555e-08, 2.50483278563e-08, 3.84321863223e-09, 2.57643639756e-09, 7.28745119805e-10, 7.24909854366e-10, 4.90779195061e-10, 5.95204996401e-10, 4.68179495172e-10, 2.04345596e-10, 1.04665567879e-10, 5.69330242672e-11, 4.85235150671e-11, 1.578602353e-11, 1.26088089622e-11, 5.84668598258e-12, 1.43324059218e-11, 3.17937932925e-11, 9.45831434007e-12, 4.38881830184e-12, 3.02214785315e-12, 3.47230057207e-12, 2.33311764006e-12], "var": [1.71257954662e-06, 5.80533696848e-06, 3.37101027981e-06, 5.08783102759e-07, 9.67271205354e-08, 9.01858570046e-08, 1.50175168301e-07, 4.92231571059e-08, 7.78273303581e-08, 1.21381702911e-07, 3.96859348939e-07, 5.59710485959e-07, 4.01761539592e-08, 1.20403328197e-07, 1.15261023836e-07, 6.57705570006e-08, 1.37815987955e-07, 5.75220759913e-08, 1.61000084375e-08, 2.29710273025e-09, 3.27576921144e-09, 8.51742065766e-10, 1.14391729422e-09, 4.29216717723e-10, 7.2307143606e-10, 1.68813951706e-09, 2.53632920222e-10, 1.31133104375e-10, 4.69784801338e-11, 1.96021601728e-11, 1.03344693914e-11, 7.59019930241e-12, 4.30245119046e-12, 6.32461921377e-12, 1.13458461376e-11, 3.75525261928e-12, 2.07218400425e-12, 1.17383945446e-12, 1.09298594481e-12, 7.72940630771e-13], "min": [3.37175243654e-24, 2.56650215715e-24, 2.13725197583e-24, 2.01043686607e-24, 3.20407295139e-24, 2.77482750323e-24, 2.30211601641e-24, 3.79004238166e-24, 3.61110348481e-24, 4.56444977737e-24, 5.46292606082e-24, 2.59891467681e-24, 2.16664513037e-24, 3.02687329561e-24, 4.10046151445e-24, 3.2428989102e-24, 6.28599789135e-24, 4.41281927291e-24, 5.0688801779e-24, 5.63322771962e-24, 5.28702743389e-24, 7.42712147835e-24, 5.39323374972e-24, 5.53943807445e-24, 5.17372728638e-24, 5.748476748e-24, 5.92986821341e-24, 6.79379317806e-24, 5.52675831869e-24, 7.37890945527e-24, 5.84969667404e-24, 7.26870716453e-24, 6.16908436646e-24, 6.20591352111e-24, 5.76991838183e-24, 6.86783881807e-24, 4.12995860141e-24, 6.99463164251e-24, 6.40153998155e-24, 6.38799997298e-24], "dmean": [0.000770402955823, 0.0011977966642, 0.00080611940939, 0.00033930290374, 0.000137501803692, 0.000121174023661, 0.000111063520308, 7.20445241313e-05, 9.95143709588e-05, 0.00011141745199, 0.000122485987958, 9.496275743e-05, 5.20143512404e-05, 6.0101669078e-05, 5.99486156716e-05, 5.77521132072e-05, 5.30021789018e-05, 4.9881877203e-05, 2.80485201074e-05, 1.28105893964e-05, 1.20995036923e-05, 7.46501791582e-06, 8.91716263141e-06, 6.90395472702e-06, 7.00739656168e-06, 7.22278673493e-06, 4.57777923657e-06, 3.32759327648e-06, 2.42477017309e-06, 1.99169676307e-06, 1.36852486321e-06, 1.23474126212e-06, 9.02495912669e-07, 1.13981946015e-06, 1.64930975188e-06, 8.61519765749e-07, 5.01671934217e-07, 4.33434422575e-07, 3.79916116344e-07, 3.0462246059e-07], "mean": [0.00112094101496, 0.00149793224409, 0.00094764464302, 0.000385802210076, 0.000178938818863, 0.000184648306458, 0.000171242805663, 9.93763605948e-05, 0.00014562450815, 0.000162908749189, 0.000217891370994, 0.000200185459107, 7.39875904401e-05, 0.000116954128316, 0.000120329044876, 9.37161385082e-05, 9.97873430606e-05, 8.88035428943e-05, 4.46919257229e-05, 1.92301740753e-05, 1.96721794055e-05, 1.28665542434e-05, 1.57732210937e-05, 1.19831556731e-05, 1.23391782836e-05, 1.5146702026e-05, 8.51105960464e-06, 5.92176411374e-06, 3.74760929844e-06, 2.3374882403e-06, 1.76150274456e-06, 1.5256939605e-06, 1.20423658245e-06, 1.31475530907e-06, 1.62943138093e-06, 9.29308782815e-07, 5.9239306438e-07, 4.50892429171e-07, 3.63668505088e-07, 2.98411976019e-07], "max": [0.0124862641096, 0.0263897329569, 0.0304259397089, 0.00991504732519, 0.00745095219463, 0.00443543354049, 0.0114333899692, 0.00627952069044, 0.00411813752726, 0.00569265894592, 0.0183794908226, 0.0184123702347, 0.00475446414202, 0.00478751119226, 0.00636817887425, 0.00803278852254, 0.00726459082216, 0.00345438788645, 0.00291230343282, 0.00149482220877, 0.00145311257802, 0.000647560809739, 0.000735972484108, 0.000337173172738, 0.000752327556256, 0.000847677059937, 0.000262336980086, 0.00026361856726, 0.000116252544103, 7.77185123297e-05, 3.91133398807e-05, 5.31059886271e-05, 3.1600244256e-05, 4.77529356431e-05, 6.72199239489e-05, 5.27432457602e-05, 5.31193036295e-05, 2.81089487544e-05, 3.72677059204e-05, 3.5514774936e-05], "dmean2": [0.00132305163424, 0.00208123237826, 0.00145310745575, 0.00060649565421, 0.000237250395003, 0.000198085705051, 0.00018049623759, 0.000118219410069, 0.000158749055117, 0.000176393179572, 0.000187682438991, 0.00