{"tonal": {"thpcp": [1, 0.666873335838, 0.224301993847, 0.167390167713, 0.16821269691, 0.362590998411, 0.612878143787, 0.508683800697, 0.415432810783, 0.4303150177, 0.294235259295, 0.298877894878, 0.393737584352, 0.383791744709, 0.5452272892, 0.619389772415, 0.368470013142, 0.224476292729, 0.239751890302, 0.236923635006, 0.43349480629, 0.721530020237, 0.542363345623, 0.314389944077, 0.345503747463, 0.342717736959, 0.480047702789, 0.611666798592, 0.418805211782, 0.29997241497, 0.353246480227, 0.249896645546, 0.166904136539, 0.197075277567, 0.247114241123, 0.613164007664], "hpcp": {"dmean2": [0.246480748057, 0.197347611189, 0.180512785912, 0.201388388872, 0.214233890176, 0.240092858672, 0.259023070335, 0.20948728919, 0.174533128738, 0.191182866693, 0.184748679399, 0.222470507026, 0.289122670889, 0.258973449469, 0.19625158608, 0.190277665854, 0.205045729876, 0.239352047443, 0.248044863343, 0.213216751814, 0.168451949954, 0.163898363709, 0.145850554109, 0.124531880021, 0.138866469264, 0.18484647572, 0.277445405722, 0.341666430235, 0.298118531704, 0.187848910689, 0.152737632394, 0.148546844721, 0.21844394505, 0.321226328611, 0.297220349312, 0.268955618143], "median": [0.0289532542229, 0.0270359255373, 0.0354803316295, 0.0455782450736, 0.0456813015044, 0.0496988072991, 0.0614925548434, 0.0418398678303, 0.0209532603621, 0.0154853174463, 0.0183630827814, 0.063474714756, 0.118941381574, 0.0895749926567, 0.0260969027877, 0.0172176733613, 0.0241584256291, 0.0511399433017, 0.0609867312014, 0.0482145622373, 0.0275016184896, 0.0147890709341, 0.012123581022, 0.0127094965428, 0.0139974728227, 0.021454161033, 0.126379400492, 0.216541647911, 0.131681323051, 0.0214478671551, 0.00926605798304, 0.00951336789876, 0.0362316146493, 0.0697765573859, 0.0665815621614, 0.0395963415504], "min": [0, 0, 0, 0, 0, 0, 0, 0, 0, 0, 0, 0, 0, 0, 0, 0, 0, 0, 0, 0, 0, 0, 0, 0, 0, 0, 0, 0, 0, 0, 0, 0, 0, 0, 0, 0], "dvar2": [0.128725722432, 0.0915758088231, 0.0798662230372, 0.0869274064898, 0.095318891108, 0.111335739493, 0.116199970245, 0.0985853597522, 0.089152045548, 0.105710357428, 0.0914421677589, 0.0983257740736, 0.119563095272, 0.108331315219, 0.104927912354, 0.101435549557, 0.101024292409, 0.107186213136, 0.106086418033, 0.0913475453854, 0.0756300017238, 0.0819579139352, 0.0750109404325, 0.0597741492093, 0.0640471428633, 0.0858985036612, 0.106831863523, 0.136429026723, 0.121484220028, 0.0958807095885, 0.0870103240013, 0.0896663740277, 0.0990024507046, 0.166563421488, 0.138489544392, 0.136654242873], "dvar": [0.0495606660843, 0.0336868911982, 0.0306741856039, 0.0346993841231, 0.03641795367, 0.0476884134114, 0.0496252886951, 0.0375402569771, 0.0323820859194, 0.0390146039426, 0.0333993062377, 0.0361219421029, 0.0504409372807, 0.0417924113572, 0.0395038686693, 0.0417019426823, 0.039289791137, 0.0429575182498, 0.0458729565144, 0.0359090194106, 0.0290912874043, 0.0337059684098, 0.0277541689575, 0.0223499052227, 0.0255300942808, 0.0324319824576, 0.0416275039315, 0.0582995451987, 0.0459887348115, 0.0340614840388, 0.0305775180459, 0.0310233309865, 0.0376218594611, 0.066771671176, 0.054362423718, 0.0522046275437], "dmean": [0.140780821443, 0.110211960971, 0.103346817195, 0.117590613663, 0.122941270471, 0.141576960683, 0.155151426792, 0.121928423643, 0.0978530049324, 0.105572320521, 0.102643296123, 0.128354460001, 0.173107758164, 0.152342870831, 0.111307196319, 0.108980730176, 0.117555387318, 0.140971273184, 0.148995935917, 0.124200120568, 0.0978048816323, 0.095762014389, 0.0827790573239, 0.0696647241712, 0.0786063745618, 0.104246139526, 0.163346424699, 0.20192669332, 0.173586666584, 0.102740377188, 0.0817989334464, 0.0804085060954, 0.125008612871, 0.184930995107, 0.16998745501, 0.15139362216], "max": [1, 1, 1, 1, 1, 1, 1, 1, 1, 1, 1, 1, 1, 1, 1, 1, 1, 1, 1, 1, 1, 1, 1, 1, 1, 1, 1, 1, 1, 1, 1, 1, 1, 1, 1, 1], "var": [0.0698925107718, 0.0340033844113, 0.033188868314, 0.0507076941431, 0.0433976687491, 0.0863712355494, 0.0953066945076, 0.0431214012206, 0.0264465995133, 0.0333868712187, 0.0286234300584, 0.045416392386, 0.0961752012372, 0.0592575743794, 0.0440868809819, 0.0629340261221, 0.0490117333829, 0.0650253668427, 0.0929878205061, 0.049908388406, 0.0350136309862, 0.0615185573697, 0.0331033430994, 0.0195242129266, 0.0280304905027, 0.0304484851658, 0.0616049841046, 0.129416197538, 0.0698367133737, 0.0259382743388, 0.0230391435325, 0.0229163691401, 0.0421697199345, 0.0934578552842, 0.0646103695035, 0.0576585233212], "mean": [0.155315756798, 0.106199800968, 0.107875496149, 0.142113670707, 0.138523876667, 0.196791619062, 0.223559454083, 0.132993727922, 0.0810213536024, 0.0865348502994, 0.0855140313506, 0.156463444233, 0.260425448418, 0.195757910609, 0.113474331796, 0.124704398215, 0.123698830605, 0.173266023397, 0.220771953464, 0.151161462069, 0.108270548284, 0.127499014139, 0.0901964455843, 0.0602415464818, 0.0711313635111, 0.0891921818256, 0.221312358975, 0.360935002565, 0.240697935224, 0.0809584408998, 0.060416970402, 0.0607138499618, 0.130871787667, 0.221209168434, 0.183601781726, 0.149944245815]}, "tuning_equal_tempered_deviation": 0.0214009992778, "chords_changes_rate": 0.0681940689683, "key_key": "B", "tuning_diatonic_strength": 0.556707978249, "key_scale": "major", "chords_number_rate": 0.00404312647879, "tuning_frequency": 434.444000244, "tuning_nontempered_energy_ratio": 0.697661340237, "chords_histogram": [17.0619945526, 5.60646915436, 10.5660381317, 1.48247981071, 1.5363881588, 0.242587596178, 3.7196764946, 0, 0.673854470253, 0.323450148106, 2.42587590218, 0.13477088511, 0.215633422136, 0.0539083555341, 0, 0, 1.23989212513, 2.29110503197, 1.45552563667, 27.2776279449, 2.15633416176, 4.17789745331, 7.19676542282, 10.1617250443], "key_strength": 0.757305324078, "chords_key": "F#", "chords_strength": {"dmean2": 0.0107514029369, "median": 0.523921132088, "min": 0.253982722759, "dvar2": 9.1563728347e-05, "dvar": 7.86499367678e-05, "dmean": 0.0106184547767, "max": 0.753320217133, "var": 0.00986488442868, "mean": 0.525723338127}, "chords_scale": "minor", "hpcp_entropy": {"dmean2": 1.04320585728, "median": 1.98558008671, "min": 0, "dvar2": 0.743065774441, "dvar": 0.275388747454, "dmean": 0.62237238884, "max": 4.26346635818, "var": 0.478389263153, "mean": 1.93946623802}}, "metadata": {"audio_properties": {"equal_loudness": 0, "codec": "mp3", "downmix": "mix", "sample_rate": 44100, "analysis_sample_rate": 44100, "bit_rate": 128000, "md5_encoded": "f25cbc42376a42858847805c18b9c940", "length": 172.225311279, "replay_gain": -4.47978019714, "lossless": false}, "version": {"essentia_build_sha": "2d9f1f26377add8aeb1075a9c2973f962c4f09fd", "essentia": "2.1-beta2", "extractor": "music 1.0", "essentia_git_sha": "v2.1_beta2-1-ge3940c0"}, "tags": {"title": ["Clever Girl"], "language": ["eng"], "acoustid_fingerprint": ["AQADtBJNKQuDH8f4E-UDpgqPnOgKceYhxWrRJ8rhX4idDI7Qyulw9eiTwUU9Hs-Hr5he41pk9Ah_JEuVBU9xXbiko9GPPggXEf6SwU4yopTRolFkGzdDDeF1oenYCT_24DnRqkUzjXgR3xLuC5o4XWimoMdzaA-OJzpUCn0OH3kufJmF98fGKDz64jz68HB99EftFH4Oj0XYZVClRMenB7IR5ktxHU-P5-jx60F3hBkZqDTCw75xKfiHG3ORH-KW5Ojj4XyFpmJaVPnxxsR1S9C-whXzwE0EXwkiXTqO8cYvBmWyeRG-eEPiKUOaZ-jP4iF-zEmeFGeWangPL8eJvaiyBT5ulNZxBn_wnOj-wW6KTTpCKzuSE02oSBVaRXqC73hyPMrRVLmGf4O7Bz2qUAuDn0NPIXSaB82z4UqENJaC4-IVPKcSNE0YolZ-HI-XCMl_RF92PMROObiUKsOj4_ixLUke5OKK4ztF2NlxZ0fe6HimCz2a5qi8MnBpIWQPrT_CTMeOL6SC5tMpVGeRhPkR5t3RP-A_BZ_QjAxaXcerE3we9Dg1pMs-6DJy9MW5PHiWMvAy3DmeL5hy9Dc-oY5WuFTgR6HQa8eV4jneckb1BOH6QnUyhOnRM8OlHddJPKRxGtfRL2g-XAmHM3KCkj62S_CPHrxDFm5yBsFb_MUzB3mOJnoT9AV_9AUjUjmeuCmS_wij5EEfGvULSh4F_0f1L9iD_mgeEVeI18gD_TN6FamjJOgTaTjxS8ITx8OXbBtOIfyRLLGCHy-uy_j24z_s5jiOhuuJPkd-6MeTKMVXI0yMLkflBWF4XMiT8EHzLFWCw9WFJkwyXCu-JTqa3cRF_EGdMEa9mfDzoVeQy7ikEjmTow2aMQsT5LoQ9Dou6Sinh_jRRF2K8D30Ix_K5hoaRnzw46dw9II1RSHSStCkHF9QOYSWI6fwE5WkBQ-OPjnCnDm0ZvjyI1eOUDce49hK4bkhfYe45kEZ7niNfdlhNx9i48LhjkZUH4ekbP2Q_zgvPMP-IX2KH2qDcEcTh8fRL_LhKhc8o1-OH80YMqjxfAgfHg7yHN9hvfiTw1dY7EPDJNbxBvyFmm2IxomEnId-ZIoZ47PxI7zhitDyKDh0Eb8HMUniOLh2VHQQJj8aHdWPq3iSHP7RH1M-aXjgKXkxJw_xj8EvuHjS4c3xxMghJddROx3y8GDWEO5N3JmxXUfd4sdV_OGEZj3-oulCCfdo1MqKJpniFGcq_HgOXwq-49Lx9RqSjFF4ZGXh-_hgV8L3FF-JK1mN42B-uDyq0MfZCHOOWdqPn0h7nDgPNcmLCmEm5_iPo-QuYsrD49QbIVw0NG6gb0QYTmj36GgSsyh1RD-SpcpRal_AtenwUHiOaxOSPUhD5XiYEbWP-0HzOGC8qccvVJEqhIl0Yh-XQlcQ5gyqD92ow7lQL8ItPIuL045Q-YK7B-EY5lCvI2eGB9dcPA_OhGjSZEdlnHhmDo89NLvQLBz24KoGysl4PP5x_B0uZhIRpkfyBOxxJTr6B--Hp_nQjAzapDbOnPjQ_DjchIeTHYcvGZOLPFsc9Jug5caz41LmQD8PPTnh9MFHHqoJjVlYI8z6HD-aR8glQct-nMjJDX9j-PiMJ8dpobmC8Cu-HMnMzWiOH65yPFmWVPgufB_CfDE0NyjJQF9WI52OygmJMRtHw8-DG_tzXIZ_XBGNPKKJ50QaNbhx8ke-JN9wo_-gZSV-TcTZJlA5Eto85LmOXi_6DF5-4lfxY9Oawz_ESyr6XDjIJLrQh0dz3MmRIKSaTALFG82J50akK2iq7If-4NogNzuqIz02VyglHR9CthyuFTr4Hk2OM8ebB8zDQEtEHsf5oVkWVqgZ_JByxsiS47jy4D6mhEb4xdB35DgTod3x-XD9BP-Qoyd0GbmMS7iiI08MPauMfB-acwt6DVce4YkeXEdzJHu0HLkU48eaJMmJS_uI6biO5pLwCifxH4lTDdUzOKbR9oFcvImOsNONtMqD22jVIO8pHH16nEqIVG-g9fjxJwid7GiqDLGsCPpyxCJq83CTLMc_pM9iiKcR_nhy3Pim4LzQ7EGP5kcVNjLChIqhXUdoZzoat8IbnJmEqkl2NG2K_ELyEI8VtKHRbFIinJQTHMlyIhSVZUUjHhWVo-eG5sETPFPQ9EdJHs8yPBeLiscUN8d74od-UHXwB3lKQtERJuqC7oR_JE-RHieuisGraThqZTJq8biO9fjBw1FyXMclbHmC3IYe6ggzUTfOaCnyQ8uZI3xKo29i7AL8oMyPucf1QHkTBbyKP7iOg2GiV4LHXKjtZMOZE3xwHl-WC1Z-XMiha6BeBfnxoRYaKzPx4_A0hSQu5XhvNNyLWg-Y_GhvEbcznNAyST36aMIPzimPTUXcI_nRH4cfJSiVBY-O5I-NiM4M7sPkhDma0ngy4dFx_MLz4Dqm90OYXEnxRgefY1x0_IN-NLURnonx4R8e3AzOHveONA6LS_kS6LSQksGHJrcwkfnwGdUXhOmG9xt-9Ef6wGI0B5Ue49nxSEGPBjnZQEvixai2cyiP9BJe-MfRXAqeY2cOHE-OJmIWFS_hM0Ke_dBysUQuHd9RZo8G_2heXDsuHZ6DH_XhLeGOpjrxjAp87MlxZQdL5inMI5-gXkfU6ELTJLhSBV8VVCYuhXgSYiIPHz0bJQPPHFdw1HiiIK0WokmnPJAjy_iO98bHB42spEV47XhV4MpyfGHCdABIpRBSEAUEAoAKIQURRCgDFgGMCAUAIEQao6gQBihGlUSCEAEFAkgAS5BABiggjVACAASMQQEQihRzxhJnEDIEACQUEMJxIwwxQjAEDSGCM2i8Y0oxAYxACBjDpGKIOGOBcQAwAQwBQADAgEAGCcYIZMAIIIRAQggCLDOCKIIAYAAAIBAgChgCBFLKADKBEAAipIgiQRBiHJEAAgSIIAwiYogRSEgMAGEIGGYEEggogAgAAgkAhDHKQEKAkgIIRAgwSBAmBAIAGKEcAYIQA6hChCECABYCOIKhQYgoAJASCCEojAOOKC0EEcBYyggJUIgwEADECGMMYAgRYgwTyChJCBDAIMEMQgZaAIIgRBikpBCIIWQAQEQgS4yRyAjgnZCICKUAAQQiZCgwBDgHgBMQESkUEUgAAKSixChDgQIWMASYQYIAgACCgCGxCUMOOCAUgY4YJAwACgAADCFAEiWAYUhYoggBSBALEAdAEUaIIE4oQwphDCHIpEYECEMWAQABJIQBCAgCQBLuGACMAgQSAwgTQgAirCPGCCMQ0EhBAixRAgoAgCNGCCYMY0BAYAgBTAIAAACKGESQEIIIIIhRDCgGhCBCAACoAAwYAZACgAhiGAlCCkMIIJAgRwQiAApEDIUEEyCYkARBRohQEAhDDFEWECQUkAAQzQlADjgDBCCGIIFMAEAgy4AEAiDBAAAGSYaIIU4LKgyBTADoBJABGYEcAkQQYJxzADmomFFGWIAAM8ISwzhSBCiCiAIAAAWAEEwoAAkTAjGDjCKACQEgMoAwAZRSACnChBKEWAGYQUYpwAgUigpjgABMOsguYAgBgIRgAilHFACgSAKEA4oAZI0BQRgiGACAEaWFopQiRgEDggFBHGMACOMIMMAARZAxABDDgJBIAEYIM9ARI7EgDikGDCBEEEAEIAQ"], "date": ["1973"], "genre": ["R&B"], "musicbrainz album type": ["Album"], "musicip_puid": ["61260b13-f615-acee-f413-7bea6b7f1d20"], "musicbrainz_recordingid": ["11a7f851-7ebb-4baf-86d2-66035dcfe57d"], "musicbrainz_albumartistid": ["6c4d81f8-8a34-4cda-9a4b-538c539b50f4"], "musicbrainz_albumid": ["a1a6a0b8-2265-4359-a68b-e06b21168dab"], "artist": ["Tower of Power"], "tracknumber": ["02"], "bpm": ["87.45"], "album": ["Tower of Power"], "musicbrainz album release country": ["United States"], "acoustid_id": ["aaa5e641-e276-4010-953e-be6cd26662f5"], "musicbrainz_artistid": ["6c4d81f8-8a34-4cda-9a4b-538c539b50f4"], "file_name": "Tower of Power - Clever Girl.mp3"}}, "rhythm": {"bpm_histogram_first_peak_bpm": {"dmean2": 0, "median": 172, "min": 172, "dvar2": 0, "dvar": 0, "dmean": 0, "max": 172, "var": 0, "mean": 172}, "bpm": 172.265640259, "bpm_histogram_second_peak_spread": {"dmean2": 0, "median": 0, "min": 0, "dvar2": 0, "dvar": 0, "dmean": 0, "max": 0, "var": 0, "mean": 0}, "bpm_histogram_first_peak_weight": {"dmean2": 0, "median": 0.558704435825, "min": 0.558704435825, "dvar2": 0, "dvar": 0, "dmean": 0, "max": 0.558704435825, "var": 0, "mean": 0.558704435825}, "onset_rate": 4.15104866028, "beats_position": [0.394739210606, 0.766258478165, 1.13777780533, 1.49768710136, 1.8575963974, 2.21750569344, 2.57741498947, 2.92571425438, 3.27401351929, 3.61070299149, 3.94739222527, 4.29569149017, 4.6439909935, 4.99229001999, 5.34058952332, 5.6888885498, 6.03718805313, 6.38548755646, 6.73378658295, 7.08208608627, 7.4303855896, 7.77868461609, 8.12698364258, 8.47528362274, 8.82358264923, 9.17188167572, 9.52018165588, 9.86848068237, 10.2167797089, 10.5650787354, 10.9133787155, 11.261677742, 11.6099767685, 11.9582767487, 12.3065757751, 12.6780948639, 13.0380039215, 13.3863039017, 13.722992897, 14.0712919235, 14.4195919037, 14.7678909302, 15.1161899567, 15.4644899368, 15.8011789322, 16.1378688812, 16.4745578766, 16.8228569031, 17.1595458984, 17.5078449249, 17.8561439514, 18.2044448853, 18.5527439117, 18.9010429382, 19.2493419647, 19.5976409912, 19.9459400177, 20.2826309204, 20.6193199158, 20.9676189423, 21.3043079376, 21.640996933, 21.9892959595, 22.3375968933, 22.6858959198, 23.0341949463, 23.3824939728, 23.7307929993, 24.0790920258, 24.4157810211, 24.7524719238, 25.1007709503, 25.4374599457, 25.774148941, 26.1224479675, 26.4591369629, 26.7958278656, 27.1441268921, 27.4924259186, 27.8291149139, 28.1774139404, 28.5141029358, 28.8624038696, 29.2107028961, 29.5590019226, 29.9073009491, 30.2555999756, 30.6038990021, 30.9405899048, 31.2772789001, 31.6255779266, 31.9738769531, 32.3105659485, 32.6588668823, 32.9955558777, 33.332244873, 33.6805419922, 34.0172348022, 34.3655319214, 34.7138328552, 35.0505218506, 35.3988189697, 35.7355079651, 36.0838088989, 36.4321098328, 36.7804069519, 37.1287078857, 37.4770050049, 37.8253059387, 38.1736030579, 38.4986839294, 38.8469848633, 39.1952819824, 39.5435829163, 39.8918800354, 40.2401809692, 40.5884780884, 40.9251708984, 41.2618598938, 41.6101570129, 41.9584579468, 42.2951469421, 42.6434440613, 42.9917449951, 43.3516540527, 43.7115631104, 44.071472168, 44.4197731018, 44.7680702209, 45.1163711548, 45.4646720886, 45.8129692078, 46.1728782654, 46.532787323, 46.8810882568, 47.229385376, 47.5776863098, 47.9375953674, 48.297504425, 48.6458053589, 48.994102478, 49.3656234741, 49.7139205933, 50.0622215271, 50.4105224609, 50.7588195801, 51.1071205139, 51.4554176331, 51.8037185669, 52.152015686, 52.4887046814, 52.8253974915, 53.1736946106, 53.5336036682, 53.8935127258, 54.2418136597, 54.5901107788, 54.9384117126, 55.2867126465, 55.6350097656, 55.9833106995, 56.3316078186, 56.6799087524, 57.0165977478, 57.3532867432, 57.701587677, 58.0498847961, 58.39818573, 58.7464828491, 59.0831718445, 59.4198646545, 59.7681617737, 60.1164627075, 60.4647598267, 60.8130607605, 61.1613578796, 61.5096588135, 61.8463478088, 62.1946487427, 62.531337738, 62.8796348572, 63.227935791, 63.5646247864, 63.9013137817, 64.2380065918, 64.5746917725, 64.9229888916, 65.2828979492, 65.6312026978, 65.9794998169, 66.327796936, 66.6644897461, 67.0011749268, 67.3378677368, 67.686164856, 68.0344696045, 68.3827667236, 68.7310638428, 69.0677566528, 69.4044418335, 69.7527389526, 70.1010437012, 70.4493408203, 70.7976379395, 71.145942688, 71.4942398071, 71.8309249878, 72.1676177979, 72.515914917, 72.8526077271, 73.1892929077, 73.5375976563, 73.8858947754, 74.2341918945, 74.5824966431, 74.9307937622, 75.2674789429, 75.6041717529, 75.9524688721, 76.3007659912, 76.6490707397, 76.9973678589, 77.3224487305, 77.6707458496, 78.0190429688, 78.3673477173, 78.7156448364, 79.0639419556, 79.4238510132, 79.7837600708, 80.1320648193, 80.4803619385, 80.8286590576, 81.1885681152, 81.5484771729, 81.9083862305, 82.2682952881, 82.6282043457, 82.9881134033, 83.3480224609, 83.7079315186, 84.0678405762, 84.4161453247, 84.7760543823, 85.1243515015, 85.4842605591, 85.8441696167, 86.1924667358, 86.5639877319, 86.9238967896, 87.2838058472, 87.6321105957, 87.9804077148, 88.328704834, 88.6770019531, 89.0369110107, 89.3968200684, 89.7451248169, 90.093421936, 90.4533309937, 90.8132400513, 91.1731491089, 91.5330581665, 91.8813552856, 92.2296600342, 92.5779571533, 92.9378662109, 93.2977752686, 93.6576843262, 94.0292053223, 94.3891143799, 94.760635376, 95.1089324951, 95.4456253052, 95.7939224243, 96.1538314819, 96.5021286011, 96.8620376587, 97.2219467163, 97.5818557739, 97.9417648315, 98.2900695801, 98.6383666992, 98.9866638184, 99.3233566284, 99.6600418091, 100.008346558, 100.356643677, 100.704940796, 101.053237915, 101.389930725, 101.738227844, 102.074920654, 102.423217773, 102.771514893, 103.13142395, 103.46811676, 103.816413879, 104.164710999, 104.501403809, 104.838096619, 105.186393738, 105.523078918, 105.859771729, 106.208068848, 106.556373596, 106.916282654, 107.252967834, 107.601264954, 107.937957764, 108.274642944, 108.622947693, 108.971244812, 109.307937622, 109.644622803, 109.992919922, 110.329612732, 110.666305542, 111.014602661, 111.36289978, 111.711196899, 112.047889709, 112.38457489, 112.7212677, 113.05796051, 113.406257629, 113.754554749, 114.102851868, 114.451156616, 114.799453735, 115.136146545, 115.472831726, 115.809524536, 116.146209717, 116.482902527, 116.819587708, 117.167892456, 117.516189575, 117.852874756, 118.201179504, 118.537864685, 118.874557495, 119.222854614, 119.559547424, 119.907844543, 120.244529724, 120.581222534, 120.917915344, 121.254600525, 121.591293335, 121.904762268, 122.276275635, 122.624580383, 122.972877502, 123.297958374, 123.634643555, 123.971336365, 124.319633484, 124.667930603, 125.016235352, 125.364532471, 125.71282959, 126.037910461, 126.374603271, 126.722900391, 127.07119751, 127.419502258, 127.767799377, 128.127700806, 128.476013184, 128.824310303, 129.172607422, 129.532516479, 129.892425537, 130.240722656, 130.600631714, 130.948928833, 131.308837891, 131.65713501, 132.005432129, 132.353744507, 132.702041626, 133.050338745, 133.398635864, 133.746932983, 134.095230103, 134.44354248, 134.780227661, 135.116912842, 135.465209961, 135.81350708, 136.161804199, 136.510116577, 136.858413696, 137.195098877, 137.543395996, 137.880081177, 138.216781616, 138.553466797, 138.901763916, 139.250061035, 139.598358154, 139.935058594, 140.271743774, 140.608428955, 140.945129395, 141.293426514, 141.641723633, 141.978408813, 142.315093994, 142.663391113, 143.011703491, 143.348388672, 143.685073853, 144.021759033, 144.358459473, 144.706756592, 145.055053711, 145.40335083, 145.740036011, 146.07673645, 146.425033569, 146.773330688, 147.121627808, 147.458312988, 147.795013428, 148.131698608, 148.479995728, 148.816680908, 149.164993286, 149.513290405, 149.861587524, 150.209884644, 150.558181763, 150.894866943, 151.231567383, 151.568252563, 151.904937744, 152.253234863, 152.601531982, 152.938232422, 153.274917603, 153.623214722, 153.971511841, 154.31980896, 154.656509399, 154.99319458, 155.329879761, 155.67817688, 156.014877319, 156.363174438, 156.711471558, 157.048156738, 157.384857178, 157.733154297, 158.081451416, 158.418136597, 158.754821777, 159.103118896, 159.451431274, 159.788116455, 160.124801636, 160.461486816, 160.798187256, 161.146484375, 161.494781494, 161.843078613, 162.202987671, 162.562896729, 162.922805786, 163.282714844, 163.642623901, 164.014144897, 164.374053955, 164.733963013, 165.082260132, 165.442169189, 165.802078247, 166.173599243, 166.545120239, 166.905029297, 167.253326416, 167.601623535, 167.938323975, 168.275009155, 168.623306274, 168.971603394, 169.308303833, 169.644989014, 169.993286133, 170.341583252, 170.689880371, 171.049789429, 171.409698486, 171.781219482], "beats_loudness": {"dmean2": 0.0336885489523, "median": 0.0259664412588, "min": 3.72532099391e-07, "dvar2": 0.000839137763251, "dvar": 0.000290711439447, "dmean": 0.0189333092421, "max": 0.118026867509, "var": 0.000484363466967, "mean": 0.0292059406638}, "danceability": 1.21652340889, "bpm_histogram_second_peak_weight": {"dmean2": 0, "median": 0.275303632021, "min": 0.275303632021, "dvar2": 0, "dvar": 0, "dmean": 0, "max": 0.275303632021, "var": 0, "mean": 0.275303632021}, "beats_count": 495, "bpm_histogram_second_peak_bpm": {"dmean2": 0, "median": 178, "min": 178, "dvar2": 0, "dvar": 0, "dmean": 0, "max": 178, "var": 0, "mean": 178}, "bpm_histogram_first_peak_spread": {"dmean2": 0, "median": 0, "min": 0, "dvar2": 0, "dvar": 0, "dmean": 0, "max": 0, "var": 0, "mean": 0}, "beats_loudness_band_ratio": {"dmean2": [0.371541678905, 0.361416846514, 0.317763924599, 0.179143115878, 0.0432653352618, 0.0656820386648], "median": [0.301805377007, 0.190390452743, 0.243256375194, 0.0775879547, 0.0239411089569, 0.0290400460362], "min": [0.00159505323973, 0.00146027409937, 0.00147300655954, 0.00033864643774, 0.000255543563981, 0.00014302971249], "dvar2": [0.0757236033678, 0.0925864949822, 0.064016059041, 0.0456355661154, 0.00359987653792, 0.0156457964331], "dvar": [0.0293035395443, 0.0316237732768, 0.0250309016556, 0.0163392107934, 0.00126265431754, 0.00534550612792], "dmean": [0.217973977327, 0.207759618759, 0.184444621205, 0.101002141833, 0.0244340337813, 0.0367363840342], "max": [0.935895442963, 0.855682611465, 0.863825261593, 0.775678694248, 0.419462144375, 0.845312774181], "var": [0.0509406849742, 0.0376455672085, 0.038347158581, 0.0178359467536, 0.00112146185711, 0.00397802982479], "mean": [0.338876634836, 0.24611659348, 0.287208229303, 0.125249221921, 0.0313376970589, 0.0455287434161]}}, "lowlevel": {"barkbands_spread": {"dmean2": 7.03823423386, "median": 13.6794595718, "min": 0.372312754393, "dvar2": 95.6652679443, "dvar": 42.8739776611, "dmean": 4.58979654312, "max": 104.624008179, "var": 120.466804504, "mean": 15.9846754074}, "melbands_spread": {"dmean2": 8.90560913086, "median": 15.3196086884, "min": 0.33695936203, "dvar2": 277.388305664, "dvar": 132.358062744, "dmean": 5.82056903839, "max": 254.28503418, "var": 296.595214844, "mean": 18.3586444855}, "hfc": {"dmean2": 6.73123311996, "median": 8.82779979706, "min": 1.16398341169e-16, "dvar2": 132.927398682, "dvar": 71.4722290039, "dmean": 4.96973609924, "max": 272.08795166, "var": 267.813079834, "mean": 14.0507049561}, "barkbands_kurtosis": {"dmean2": 7.21949005127, "median": 3.37606334686, "min": -1.94320845604, "dvar2": 243.264038086, "dvar": 108.54258728, "dmean": 4.71866607666, "max": 240.398468018, "var": 259.229003906, "mean": 7.95530748367}, "gfcc": {"mean": [-75.4814682007, 131.220367432, -141.934783936, 47.7466125488, -90.9097976685, 11.6444129944, -28.6904582977, -6.87326145172, -13.3101530075, -12.6291646957, -0.0303098428994, -23.4535236359, 4.79189348221], "icov": [[0.000137874783832, -0.000357569602784, 0.0003528050147, -0.000335966033163, 0.000548366399016, -0.000333858333761, 0.00014495268988, -0.000163064600201, 0.000149517523823, -3.82322468795e-05, 0.000222103102715, -0.000161522053531, 0.000116990748211], [-0.000357569602784, 0.00543887261301, -0.00226124888286, 0.00317722675391, -0.0051218685694, 0.00354549940675, -0.00174930202775, 0.00175519404002, -0.00309630692936, 0.00387459085323, -0.00342233269475, 0.00321241235361, -0.00148153060582], [0.0003528050147, -0.00226124888286, 0.00297849089839, -0.00250068726018, 0.00253802537918, -0.00280066253617, 0.0018638643669, -0.00058771512704, 0.00033847571467, -7.50624603825e-05, 0.0020200505387, -0.00147444906179, 0.000555619248189], [-0.000335966033163, 0.00317722675391, -0.00250068726018, 0.00514525221661, -0.00401523150504, 0.0025226350408, -0.000914388801903, 0.000806689378805, -0.000773243315052, 0.000849885924254, -0.00124368211254, 0.00192792678718, -0.00057381921215], [0.000548366399016, -0.0051218685694, 0.00253802537918, -0.00401523150504, 0.00923131685704, -0.00399204017594, 0.000667505315505, -0.00116273888852, 0.0013678658288, -0.00151420070324, 0.00213400740176, -0.00297151436098, 0.00257900170982], [-0.000333858333761, 0.00354549940675, -0.00280066253617, 0.0025226350408, -0.00399204017594, 0.00911627151072, -0.00223375670612, -0.00179179897532, -2.30784480664e-05, 0.000797062646598, -0.00238254712895, 0.00259726680815, -0.000918898440432], [0.00014495268988, -0.00174930202775, 0.0018638643669, -0.000914388801903, 0.000667505315505, -0.00223375670612, 0.00704208528623, -0.000334090116667, -0.000268146453891, -8.15487728687e-05, 0.001231314498, -0.000873105658684, 0.00130075123161], [-0.000163064600201, 0.00175519404002, -0.00058771512704, 0.000806689378805, -0.00116273888852, -0.00179179897532, -0.000334090116667, 0.00976313557476, -0.00223351176828, 2.56181065197e-05, -0.000469781109132, 0.000685284787323, -0.000281200715108], [0.000149517523823, -0.00309630692936, 0.00033847571467, -0.000773243315052, 0.0013678658288, -2.30784480664e-05, -0.000268146453891, -0.00223351176828, 0.0115148685873, -0.00426451629028, 0.00104422145523, -0.00120292103384, 0.000462597730802], [-3.82322468795e-05, 0.00387459085323, -7.50624603825e-05, 0.000849885924254, -0.00151420070324, 0.000797062646598, -8.15487728687e-05, 2.56181065197e-05, -0.00426451629028, 0.0144846187904, -0.00483677396551, 0.00258625135757, -0.0005293712602], [0.000222103102715, -0.00342233269475, 0.0020200505387, -0.00124368211254, 0.00213400740176, -0.00238254712895, 0.001231314498, -0.000469781109132, 0.00104422145523, -0.00483677396551, 0.0167637430131, -0.00675903214142, 0.000200489332201], [-0.000161522053531, 0.00321241235361, -0.00147444906179, 0.00192792678718, -0.00297151436098, 0.00259726680815, -0.000873105658684, 0.000685284787323, -0.00120292103384, 0.00258625135757, -0.00675903214142, 0.0166911873966, -0.00541947130114], [0.000116990748211, -0.00148153060582, 0.000555619248189, -0.00057381921215, 0.00257900170982, -0.000918898440432, 0.00130075123161, -0.000281200715108, 0.000462597730802, -0.0005293712602, 0.000200489332201, -0.00541947130114, 0.0158771965653]], "cov": [[11751.3759766, -184.27355957, -1256.15588379, -113.272224426, -512.354858398, -35.1756362915, 62.2153205872, 78.5896377563, -96.8765335083, 7.7098402977, -1.36965882778, -42.4338226318, 2.17628955841], [-184.27355957, 1031.68066406, 61.7545051575, -172.24395752, 336.606323242, -151.034942627, 128.441345215, -117.151695251, 140.446487427, -158.821212769, 50.5078468323, -26.7810401917, -5.94201135635], [-1256.15588379, 61.7545051575, 1007.72369385, 301.629852295, 36.5716705322, 134.82862854, -135.996261597, 27.2285060883, 6.15416526794, -54.7633476257, -64.758934021, -10.0083770752, -0.462558269501], [-113.272224426, -172.24395752, 301.629852295, 443.456085205, 57.8601951599, 42.2243690491, -47.2191772461, 17.0988121033, -23.221862793, 7.73844385147, -36.6914176941, -14.9753170013, -16.263376236], [-512.354858398, 336.606323242, 36.5716705322, 57.8601951599, 325.626617432, 6.46655368805, 65.505317688, -19.4638729095, 42.127910614, -43.9872512817, 12.0571947098, -6.08776140213, -27.1583080292], [-35.1756362915, -151.034942627, 134.82862854, 42.2243690491, 6.46655368805, 211.270706177, 3.68610548973, 65.9095611572, -21.3837776184, 19.4411296844, -9.2905626297, -8.95108604431, -6.6508936882], [62.2153205872, 128.441345215, -135.996261597, -47.2191772461, 65.505317688, 3.68610548973, 198.732574463, -5.01510238647, 24.4809818268, -13.9504413605, 7.45801591873, -7.22228765488, -15.955655098], [78.5896377563, -117.151695251, 27.2285060883, 17.0988121033, -19.4638729095, 65.9095611572, -5.01510238647, 135.819747925, 6.15991210938, 25.2302513123, -4.78218269348, -1.86226832867, -1.96663796902], [-96.8765335083, 140.446487427, 6.15416526794, -23.221862793, 42.127910614, -21.3837776184, 24.4809818268, 6.15991210938, 123.30947876, 9.79975509644, 12.2806615829, -0.845027923584, -0.922126471996], [7.7098402977, -158.821212769, -54.7633476257, 7.73844385147, -43.9872512817, 19.4411296844, -13.9504413605, 25.2302513123, 9.79975509644, 113.436378479, 18.1656455994, 3.28291201591, 1.56716883183], [-1.36965882778, 50.5078468323, -64.758934021, -36.6914176941, 12.0571947098, -9.2905626297, 7.45801591873, -4.78218269348, 12.2806615829, 18.1656455994, 88.228843689, 30.6819286346, 12.0779571533], [-42.4338226318, -26.7810401917, -10.0083770752, -14.9753170013, -6.08776140213, -8.95108604431, -7.22228765488, -1.86226832867, -0.845027923584, 3.28291201591, 30.6819286346, 86.4220123291, 27.8978786469], [2.17628955841, -5.94201135635, -0.462558269501, -16.263376236, -27.1583080292, -6.6508936882, -15.955655098, -1.96663796902, -0.922126471996, 1.56716883183, 12.0779571533, 27.8978786469, 76.5893707275]]}, "spectral_energyband_middle_low": {"dmean2": 0.00956465303898, "median": 0.00823070388287, "min": 3.21578479059e-22, "dvar2": 0.00024204950023, "dvar": 0.000107543863123, "dmean": 0.00642612483352, "max": 0.176000773907, "var": 0.000218316490646, "mean": 0.0128029752523}, "melbands_crest": {"dmean2": 5.45532798767, "median": 12.3442277908, "min": 2.89308214188, "dvar2": 24.4957237244, "dvar": 9.68454170227, "dmean": 3.38050413132, "max": 33.2473716736, "var": 27.4784545898, "mean": 13.3119115829}, "spectral_kurtosis": {"dmean2": 3.33303880692, "median": 2.36533951759, "min": -1.15321624279, "dvar2": 19.4956893921, "dvar": 7.86994838715, "dmean": 1.98644375801, "max": 66.6298446655, "var": 16.1454372406, "mean": 3.38411855698}, "spectral_rms": {"dmean2": 0.00115764734801, "median": 0.0036850348115, "min": 3.19803146638e-12, "dvar2": 2.09828226616e-06, "dvar": 1.09615291422e-06, "dmean": 0.000858048268128, "max": 0.0131991356611, "var": 4.91030050398e-06, "mean": 0.00380678521469}, "zerocrossingrate": {"dmean2": 0.010195709765, "median": 0.0458984375, "min": 0.00390625, "dvar2": 0.000181294526556, "dvar": 0.00017792278959, "dmean": 0.00878425780684, "max": 0.52294921875, "var": 0.000963944883551, "mean": 0.0507780909538}, "silence_rate_60dB": {"dmean2": 0.143454223871, "median": 0, "min": 0, "dvar2": 0.137427344918, "dvar": 0.0665817335248, "dmean": 0.071717441082, "max": 1, "var": 0.153173670173, "mean": 0.18883946538}, "erbbands_kurtosis": {"dmean2": 2.56629538536, "median": 0.513898015022, "min": -1.89461326599, "dvar2": 21.4040870667, "dvar": 10.3265647888, "dmean": 1.68381536007, "max": 99.3600769043, "var": 23.4728851318, "mean": 1.98550450802}, "erbbands": {"dmean2": [0.0203710179776, 0.335135430098, 1.46111106873, 4.41163396835, 13.1975717545, 13.8426456451, 11.1736688614, 14.6136083603, 23.5770606995, 47.1620559692, 33.8628540039, 33.679725647, 37.3149108887, 31.1986236572, 24.611120224, 23.7263145447, 16.8642692566, 19.8146362305, 9.69804191589, 6.86434984207, 5.19906759262, 5.8096704483, 5.42616128922, 4.2644200325, 5.43959712982, 6.70258903503, 6.99170780182, 6.29662704468, 6.01905107498, 2.90683674812, 0.905449986458, 0.801950037479, 1.16734492779, 0.38234180212, 0.0335186012089, 0.00197729631327, 0.000201388480491, 1.14035965453e-05, 7.0158644121e-06, 1.34915171657e-05], "median": [0.00554261729121, 0.102325536311, 0.511256456375, 1.54893898964, 2.66736149788, 2.52949500084, 3.84305143356, 6.53071308136, 9.81508255005, 13.0713939667, 11.5183677673, 10.0276737213, 8.64993476868, 7.32312822342, 6.94612121582, 5.77277994156, 4.89760494232, 4.77557945251, 3.2051820755, 2.61665153503, 2.24888420105, 2.13010716438, 2.45273518562, 2.26883006096, 2.98414587975, 3.69525837898, 3.41199660301, 2.64517045021, 1.88722145557, 0.892046034336, 0.354465723038, 0.237430021167, 0.25331890583, 0.0869690254331, 0.00540781673044, 0.000231079815421, 2.61007298832e-05, 5.35145818503e-06, 8.83848770172e-06, 1.69064787769e-05], "min": [5.51413520314e-22, 7.65051593732e-21, 2.62029185345e-20, 3.44657048371e-20, 1.68119573966e-19, 5.83608285598e-19, 2.78689814572e-19, 2.84936889353e-19, 8.45453135682e-19, 9.672077112e-19, 5.26735172389e-19, 1.04076578115e-18, 8.64784449995e-19, 1.42111966022e-18, 2.83463959856e-18, 2.60735621562e-18, 6.02909614613e-18, 8.29923460746e-18, 7.143788196e-18, 5.37863894914e-18, 7.22447718321e-18, 6.62632716584e-18, 1.13689473556e-17, 1.469209749e-17, 1.33389615296e-17, 2.18585587066e-17, 1.60678245802e-17, 2.36560684998e-17, 1.64613772633e-17, 1.65668163216e-17, 1.9259479467e-17, 1.84460283983e-17, 1.51229394752e-17, 1.01838969772e-17, 6.99261514879e-18, 6.07558659169e-18, 2.98340679096e-18, 1.03538548825e-18, 3.05150779531e-19, 4.1533827462e-20], "dvar2": [0.00220935442485, 0.47946575284, 7.96637678146, 72.624458313, 842.374267578, 966.984436035, 722.793762207, 1098.65722656, 5709.34521484, 14781.7285156, 7091.42626953, 8934.78125, 15605.8339844, 7805.64599609, 4379.18896484, 5675.98095703, 2065.92138672, 4047.04833984, 1060.98022461, 265.114959717, 104.007469177, 210.478057861, 103.094429016, 50.9076728821, 100.060211182, 162.661590576, 236.600982666, 363.038818359, 751.786499023, 222.633712769, 11.4212293625, 22.9845046997, 68.9554595947, 3.00971603394, 0.0159751344472, 8.30298522487e-05, 2.78046036328e-06, 3.70331521005e-09, 1.96315075307e-10, 4.11613021445e-10], "dvar": [0.000929979665671, 0.196427538991, 3.33761048317, 30.8128242493, 328.763336182, 377.560821533, 326.553710938, 487.686553955, 2609.58886719, 6213.97119141, 3067.56030273, 4945.44287109, 7900.375, 4039.02392578, 1823.98156738, 2675.89135742, 866.107116699, 1767.3894043, 473.089324951, 112.645172119, 43.3627700806, 94.7006759644, 47.1349601746, 21.8578605652, 44.3296012878, 70.3494873047, 108.207824707, 168.731552124, 414.519439697, 105.442207336, 5.87945175171, 9.61563014984, 26.0874385834, 1.43385279179, 0.00720886792988, 3.65871710528e-05, 1.01560908661e-06, 1.53505719247e-09, 9.15306996863e-11, 1.95416627324e-10], "dmean": [0.0126846311614, 0.209482237697, 0.941063761711, 2.85030603409, 7.98060274124, 8.34081268311, 7.23898077011, 9.52055931091, 15.5532150269, 29.5959701538, 22.4426803589, 23.0336322784, 26.4035835266, 21.5333213806, 16.121006012, 15.8640594482, 10.7019929886, 12.8341178894, 6.30822610855, 4.35534334183, 3.26588726044, 3.66997337341, 3.4747273922, 2.74125576019, 3.53985977173, 4.3853354454, 4.60646247864, 4.18800067902, 4.09279966354, 1.95993030071, 0.627371191978, 0.523997008801, 0.745995104313, 0.261725187302, 0.0223718620837, 0.00126607215498, 0.000123318342958, 7.72556995798e-06, 5.04515173816e-06, 9.51788024395e-06], "max": [0.433009654284, 5.69438552856, 32.5772171021, 115.739608765, 200.224182129, 347.733276367, 579.278137207, 447.364532471, 2369.28759766, 1836.92114258, 1273.72766113, 2435.30322266, 2680.75708008, 2367.17285156, 1214.31677246, 1740.23974609, 713.596740723, 1020.80621338, 894.396118164, 405.344360352, 121.719680786, 329.093597412, 180.876876831, 81.2611160278, 189.81880188, 188.123794556, 280.871246338, 424.356536865, 956.39465332, 495.860198975, 127.742263794, 128.840621948, 227.357284546, 54.5092926025, 4.1898150444, 0.436751037836, 0.0691877380013, 0.00242192973383, 0.00037208510912, 0.000200664217118], "var": [0.00100030738395, 0.245096281171, 5.82865381241, 50.0179519653, 309.261230469, 396.539855957, 763.734313965, 807.245910645, 4235.05957031, 8360.36914063, 4759.11523438, 10483.0117188, 19662.90625, 14273.4960938, 3726.40795898, 4399.53613281, 1405.18774414, 3141.17456055, 786.539306641, 198.036315918, 85.2139053345, 156.825485229, 102.759216309, 66.150718689, 111.302902222, 201.871871948, 260.768890381, 307.193908691, 743.051025391, 186.656036377, 14.0440359116, 15.0972166061, 32.8335609436, 2.50295591354, 0.0134047949687, 6.07892870903e-05, 1.35138805035e-06, 2.90242185841e-09, 2.44003844907e-10, 5.78738001966e-10], "mean": [0.0154758067802, 0.293657571077, 1.57983231544, 4.51883077621, 8.761054039, 9.37621498108, 11.6270256042, 15.4351434708, 25.3655872345, 40.6184997559, 35.1663284302, 39.180431366, 47.4549102783, 38.5527801514, 27.6703643799, 24.9428730011, 17.0803546906, 20.5644359589, 10.4915723801, 7.3523607254, 5.63148164749, 6.05298042297, 6.10963249207, 5.57882022858, 7.22752094269, 8.96150779724, 9.04180240631, 7.47172641754, 6.47989273071, 3.06766271591, 1.07961201668, 0.826849520206, 1.04256701469, 0.381601512432, 0.030157295987, 0.00149018748198, 0.000138468138175, 1.35132786454e-05, 1.27264238472e-05, 2.39504715864e-05]}, "spectral_strongpeak": {"dmean2": 0.826920449734, "median": 0.535470485687, "min": 0, "dvar2": 1.54986608028, "dvar": 0.689051389694, "dmean": 0.525337219238, "max": 14.5121192932, "var": 1.59517276287, "mean": 1.02345359325}, "spectral_energy": {"dmean2": 0.0115834921598, "median": 0.0139189679176, "min": 1.04830901241e-20, "dvar2": 0.000310167321004, "dvar": 0.000145518177305, "dmean": 0.00810993928462, "max": 0.178572610021, "var": 0.0004040771164, "mean": 0.0198870357126}, "average_loudness": 0.809295237064, "spectral_rolloff": {"dmean2": 614.577941895, "median": 839.794921875, "min": 86.1328125, "dvar2": 1264992.625, "dvar": 623681.6875, "dmean": 372.290588379, "max": 19293.75, "var": 1395710.125, "mean": 1154.90979004}, "spectral_centroid": {"dmean2": 371.751800537, "median": 990.280273438, "min": 112.805793762, "dvar2": 228843.8125, "dvar": 126417.828125, "dmean": 248.137496948, "max": 10798.5283203, "var": 483191.75, "mean": 1127.73132324}, "pitch_salience": {"dmean2": 0.117613963783, "median": 0.578501939774, "min": 0.0868864059448, "dvar2": 0.0117560541257, "dvar": 0.0047252275981, "dmean": 0.073463447392, "max": 0.926344931126, "var": 0.0123171973974, "mean": 0.570527136326}, "spectral_energyband_middle_high": {"dmean2": 0.00219201552682, "median": 0.00149638787843, "min": 1.4524933098e-21, "dvar2": 2.0979619876e-05, "dvar": 1.23510899357e-05, "dmean": 0.0015848375624, "max": 0.0991636738181, "var": 5.45234688616e-05, "mean": 0.00406811386347}, "spectral_contrast_coeffs": {"dmean2": [0.0918350368738, 0.0775315314531, 0.0637083426118, 0.0501171350479, 0.0399389117956, 0.0439914464951], "median": [-0.614985644817, -0.727630913258, -0.747610270977, -0.789123535156, -0.80000436306, -0.734588861465], "min": [-0.99438393116, -0.957558572292, -0.958997964859, -0.954085171223, -0.959727466106, -0.963658154011], "dvar2": [0.00606654630974, 0.00433368748054, 0.00265166955069, 0.00161282659974, 0.00116899563, 0.0018098691944], "dvar": [0.00259573850781, 0.00183958816342, 0.00119739596266, 0.000695111521054, 0.000524118426256, 0.000828679127153], "dmean": [0.0581415630877, 0.0489706657827, 0.0409823320806, 0.031512632966, 0.0255761202425, 0.0294398013502], "max": [-0.274915605783, -0.363624602556, -0.403553128242, -0.546941459179, -0.450297862291, -0.401289522648], "var": [0.00760365324095, 0.00640208134428, 0.00637241266668, 0.00294525269419, 0.00269864453003, 0.00366847449914], "mean": [-0.613209664822, -0.721097230911, -0.740677237511, -0.787116348743, -0.79484051466, -0.731184482574]}, "melbands_skewness": {"dmean2": 1.17818915844, "median": 2.26506328583, "min": -5.44120311737, "dvar2": 1.97209405899, "dvar": 0.911782383919, "dmean": 0.791735470295, "max": 18.4949855804, "var": 3.44847273827, "mean": 2.56632852554}, "spectral_spread": {"dmean2": 718491.4375, "median": 4101880, "min": 1147289.75, "dvar2": 625569628160, "dvar": 387241279488, "dmean": 496039.5, "max": 39618284, "var": 1383676510210.0, "mean": 4252040.5}, "dissonance": {"dmean2": 0.043789550662, "median": 0.45366564393, "min": 0, "dvar2": 0.00167316454463, "dvar": 0.000661574129481, "dmean": 0.0264970120043, "max": 0.500000059605, "var": 0.0017071433831, "mean": 0.443429082632}, "spectral_skewness": {"dmean2": 0.442906051874, "median": 1.26378595829, "min": -0.499144136906, "dvar2": 0.20447127521, "dvar": 0.0897592157125, "dmean": 0.283177137375, "max": 6.16217136383, "var": 0.360550433397, "mean": 1.35650253296}, "spectral_flux": {"dmean2": 0.0401568561792, "median": 0.0613468550146, "min": 1.02386960021e-10, "dvar2": 0.00217783614062, "dvar": 0.000984170590527, "dmean": 0.0262598600239, "max": 0.331885457039, "var": 0.00248634372838, "mean": 0.0704703703523}, "spectral_contrast_valleys": {"dmean2": [0.790666699409, 0.681883573532, 0.604874789715, 0.536583006382, 0.482527732849, 0.608072936535], "median": [-7.81535053253, -6.72890949249, -7.60201454163, -8.17867946625, -8.03962230682, -10.7016878128], "min": [-26.9693927765, -26.9978313446, -27.2751483917, -27.3274307251, -27.3475399017, -27.1137046814], "dvar2": [0.445740669966, 0.424659192562, 0.325232744217, 0.26177752018, 0.252022653818, 0.421613097191], "dvar": [0.238584205508, 0.228913813829, 0.179604038596, 0.156826615334, 0.165310010314, 0.240775987506], "dmean": [0.524243056774, 0.460406452417, 0.408873289824, 0.375784724951, 0.367393195629, 0.475550591946], "max": [-5.50081062317, -4.61069822311, -5.27265930176, -6.01252269745, -6.1063041687, -7.33604383469], "var": [1.28133094311, 1.42254924774, 1.44722568989, 1.38838708401, 1.46600461006, 1.50420165062], "mean": [-7.97882461548, -6.91453