{"tonal": {"thpcp": [1, 0.660429060459, 0.309420317411, 0.245914742351, 0.239275544882, 0.253594368696, 0.25799703598, 0.247929111123, 0.218715623021, 0.195031553507, 0.189010933042, 0.200463324785, 0.219338208437, 0.299245655537, 0.429882019758, 0.361253499985, 0.214133307338, 0.180104374886, 0.177389472723, 0.211206689477, 0.316603153944, 0.417415618896, 0.384656667709, 0.38270303607, 0.444956511259, 0.40964782238, 0.336766570807, 0.30341976881, 0.326953291893, 0.371320366859, 0.356568038464, 0.362612724304, 0.414748698473, 0.422027885914, 0.456215202808, 0.768312871456], "hpcp": {"dmean2": [0.233499154449, 0.255113005638, 0.280169457197, 0.255528181791, 0.289627492428, 0.364154815674, 0.378088563681, 0.425597369671, 0.540393173695, 0.521016418934, 0.416958004236, 0.25418689847, 0.206680133939, 0.19424366951, 0.199996098876, 0.189643353224, 0.17577804625, 0.163400918245, 0.154490813613, 0.154705017805, 0.163391411304, 0.169698506594, 0.249720290303, 0.422045141459, 0.329342275858, 0.151054054499, 0.118877321482, 0.127808406949, 0.153903499246, 0.20803155005, 0.250470608473, 0.256504774094, 0.322615563869, 0.41185092926, 0.351055592299, 0.257929861546], "median": [0.00750335166231, 0.00884603988379, 0.0134925097227, 0.0153850466013, 0.0110482592136, 0.00928612612188, 0.0114446338266, 0.02625419572, 0.144286870956, 0.151503622532, 0.0949703454971, 0.0212070718408, 0.00953773315996, 0.00786760263145, 0.00750016048551, 0.00774617632851, 0.00881095044315, 0.00612602755427, 0.00432003103197, 0.00473866332322, 0.0075473273173, 0.0133192632347, 0.0138047728688, 0.0073707876727, 0.00724877603352, 0.00767936650664, 0.0051972605288, 0.00447320332751, 0.00535416882485, 0.0099012311548, 0.018958479166, 0.026763420552, 0.0241275243461, 0.0213862545788, 0.0222930219024, 0.0136613547802], "min": [1.50564858359e-06, 0, 0, 0, 1.46368779497e-06, 1.86569934613e-06, 1.76600349278e-06, 1.98816655939e-06, 1.78780487659e-06, 1.55827922299e-06, 2.6378502298e-06, 0, 0, 0, 0, 0, 2.55124518844e-06, 2.8376039154e-06, 2.18417108044e-06, 9.81873085948e-07, 0, 0, 0, 0, 0, 1.82258099812e-06, 1.18407001537e-06, 1.55100383381e-06, 2.27755435844e-06, 1.7765623852e-06, 1.31962337946e-06, 1.06786728793e-06, 1.27057910504e-06, 8.24374183139e-06, 7.1417766776e-06, 4.27237546319e-06], "dvar2": [0.141135811806, 0.147663474083, 0.166292250156, 0.143049806356, 0.179374426603, 0.247958898544, 0.231560096145, 0.246046826243, 0.263637006283, 0.254629969597, 0.1957975775, 0.1405069381, 0.117262981832, 0.104636877775, 0.120782911777, 0.10907100141, 0.0991003364325, 0.0930367410183, 0.0972345545888, 0.0980658233166, 0.0986210554838, 0.0999678000808, 0.114560753107, 0.320290505886, 0.193107619882, 0.0761732310057, 0.055650960654, 0.0589968897402, 0.0774628221989, 0.107477076352, 0.135682046413, 0.124019175768, 0.175160378218, 0.260448813438, 0.199153676629, 0.147035673261], "dvar": [0.0512759312987, 0.0549548007548, 0.0621112436056, 0.0534164346755, 0.0646592527628, 0.0889089778066, 0.0835631042719, 0.0877152010798, 0.0977015420794, 0.118224389851, 0.0736057832837, 0.0486738570035, 0.0408555753529, 0.0362877584994, 0.04154753685, 0.0384471267462, 0.0355126783252, 0.0320262052119, 0.0334360636771, 0.033965755254, 0.0340608023107, 0.0351048707962, 0.0419405549765, 0.118576325476, 0.0705487132072, 0.0277937855572, 0.0212024077773, 0.0217417124659, 0.0274822805077, 0.0418056100607, 0.0570169836283, 0.0483777560294, 0.0691197887063, 0.102243714035, 0.0764572769403, 0.052799385041], "dmean": [0.128233537078, 0.141391560435, 0.155334457755, 0.142660468817, 0.15732319653, 0.195349439979, 0.202867433429, 0.227619960904, 0.295429766178, 0.28888207674, 0.237333893776, 0.137651890516, 0.111944459379, 0.105745002627, 0.109138317406, 0.105703353882, 0.0981818288565, 0.0896536484361, 0.0840493440628, 0.0840847343206, 0.0895291566849, 0.0934020578861, 0.135238796473, 0.22045108676, 0.173566475511, 0.084427125752, 0.0677540525794, 0.0718860179186, 0.0865936130285, 0.119382247329, 0.146149083972, 0.148979172111, 0.176339492202, 0.2214910537, 0.191172093153, 0.143518611789], "max": [1, 1, 1, 1, 1, 1, 1, 1, 1, 1, 1, 1, 1, 1, 1, 1, 1, 1, 1, 1, 1, 1, 1, 1, 1, 1, 1, 1, 1, 1, 1, 1, 1, 1, 1, 1], "var": [0.0464165471494, 0.0493869781494, 0.0581445507705, 0.0526932254434, 0.0569919236004, 0.0739824399352, 0.0699397176504, 0.0717066898942, 0.0998453199863, 0.165560409427, 0.0849499553442, 0.041250128299, 0.0331942774355, 0.0313328355551, 0.0360155254602, 0.0360094495118, 0.0352311879396, 0.0297525841743, 0.0274124182761, 0.0264802034944, 0.0271010510623, 0.0295523907989, 0.0374103449285, 0.0903639271855, 0.0584287904203, 0.0296297185123, 0.0223990809172, 0.021661311388, 0.0263572800905, 0.0473703220487, 0.0711316913366, 0.0529194958508, 0.0583628714085, 0.0806123763323, 0.0662571042776, 0.0512866452336], "mean": [0.11040134728, 0.11896418035, 0.135107442737, 0.129739701748, 0.131939098239, 0.150909125805, 0.1535577178, 0.165996998549, 0.279555857182, 0.36385679245, 0.240301609039, 0.112584680319, 0.0894777476788, 0.0870620310307, 0.092272028327, 0.0938739776611, 0.0902106910944, 0.0795811638236, 0.0709635540843, 0.0687729120255, 0.0729399397969, 0.0798076987267, 0.108882561326, 0.156415492296, 0.1314445436, 0.0779138579965, 0.0655322000384, 0.06454436481, 0.0768489912152, 0.115198209882, 0.151879504323, 0.139959946275, 0.139249101281, 0.161900445819, 0.149053141475, 0.122534804046]}, "tuning_equal_tempered_deviation": 0.229531660676, "chords_changes_rate": 0.0811930373311, "key_key": "F", "tuning_diatonic_strength": 0.583681821823, "key_scale": "minor", "chords_number_rate": 0.00227837613784, "tuning_frequency": 441.272583008, "tuning_nontempered_energy_ratio": 0.857102096081, "chords_histogram": [10.894780159, 9.75559234619, 6.37945318222, 0.269262641668, 3.00331401825, 1.59486329556, 0.0414250195026, 7.64291620255, 4.74316501617, 33.264289856, 0.787075400352, 10.2319803238, 0.807787895203, 1.05633807182, 0.0828500390053, 0.144987568259, 0.642087817192, 8.01574134827, 0.0828500390053, 0, 0, 0, 0.414250195026, 0.144987568259], "key_strength": 0.661017000675, "chords_key": "C", "chords_strength": {"dmean2": 0.0178006682545, "median": 0.479550540447, "min": 0.162636727095, "dvar2": 0.000205448959605, "dvar": 0.000115214083053, "dmean": 0.0133458375931, "max": 0.724786877632, "var": 0.00840958021581, "mean": 0.473555892706}, "chords_scale": "major", "hpcp_entropy": {"dmean2": 1.31803929806, "median": 2.41475152969, "min": 0.0479315407574, "dvar2": 1.03221690655, "dvar": 0.377827972174, "dmean": 0.786579191685, "max": 4.77457475662, "var": 0.779512047768, "mean": 2.47686839104}}, "metadata": {"audio_properties": {"equal_loudness": 0, "codec": "flac", "downmix": "mix", "sample_rate": 44100, "analysis_sample_rate": 44100, "bit_rate": 0, "md5_encoded": "f086edfa008a3b93d87ed9236c1df4d2", "length": 224.130615234, "replay_gain": -12.5214271545, "lossless": true}, "version": {"essentia_build_sha": "ca57ba49d9b1854bd80e60cf9ccf267278fb7d6b", "essentia": "2.1-beta1", "extractor": "music 1.0", "essentia_git_sha": "v2.1_beta1-28-g21ef5f4-dirty"}, "tags": {"title": ["Dirty Vinyl Pusher (dirty vocal mix)"], "media": ["CD"], "albumartist": ["John Course"], "tracktotal": ["21"], "musicbrainz_releasegroupid": ["9330a5a4-6879-3fcd-b422-bf5e45d030cb"], "releasetype": ["album", "compilation"], "discid": ["3e12a015"], "musicbrainz_recordingid": ["11ad8150-8819-4896-b6b1-b381b2581dd8"], "musicbrainz_discid": ["xk_zyOOAMvyQcuMyCKf3wMLlrkw-"], "musicbrainz_albumartistid": ["e12ab599-a68a-402d-b513-135a04b7db1e"], "djmixer": ["Mark Dynamix", "John Course"], "musicbrainz_releasetrackid": ["a448717f-1bfc-311e-b342-002168dad6ce"], "discnumber": ["1"], "album": ["Ministry of Sound: Sessions One"], "catalognumber": ["MOSA038"], "releasecountry": ["AU"], "compilation": ["1"], "originaldate": ["2004-07-19"], "albumartistsort": ["Course, John"], "date": ["2004-07-19"], "file_name": "Disc 1 - 19_-_Dirty_Vinyl_Pusher__dirty_vocal_mix_.flac", "disctotal": ["2"], "musicbrainz_artistid": ["185cf258-6a26-4e41-939a-7076c5e997e5", "04c8fddd-dc33-424a-8581-c28eaee66eb9"], "asin": ["B0002IOQJQ"], "musicbrainz_albumid": ["139adb39-9dd9-45b9-b1c3-6a67c865fe25"], "tracknumber": ["19"], "artistsort": ["Mauro M.B.S. Presents Seven Saturdays"], "artist": ["Mauro M.B.S. Presents Seven Saturdays"], "label": ["Ministry of Sound (Australia)"], "releasestatus": ["official"], "totaldiscs": ["2"], "script": ["Latn"], "totaltracks": ["21"]}}, "rhythm": {"bpm_histogram_first_peak_bpm": {"dmean2": 0, "median": 129, "min": 129, "dvar2": 0, "dvar": 0, "dmean": 0, "max": 129, "var": 0, "mean": 129}, "bpm": 129.00352478, "bpm_histogram_second_peak_spread": {"dmean2": 0, "median": 0, "min": 0, "dvar2": 0, "dvar": 0, "dmean": 0, "max": 0, "var": 0, "mean": 0}, "bpm_histogram_first_peak_weight": {"dmean2": 0, "median": 0.918749988079, "min": 0.918749988079, "dvar2": 0, "dvar": 0, "dmean": 0, "max": 0.918749988079, "var": 0, "mean": 0.918749988079}, "onset_rate": 4.30976343155, "beats_position": [0.49922901392, 0.986848056316, 1.45124709606, 1.92725622654, 2.40326523781, 2.86766433716, 3.34367346764, 3.80807256699, 4.27247142792, 4.73687076569, 5.20126962662, 5.66566896439, 6.13006782532, 6.59446716309, 7.05886602402, 7.52326536179, 7.98766422272, 8.45206356049, 8.91646194458, 9.38086128235, 9.84526062012, 10.3096599579, 10.774058342, 11.2384576797, 11.7028570175, 12.1672563553, 12.6316547394, 13.0960540771, 13.5604534149, 14.0248527527, 14.5008611679, 14.9768705368, 15.4412698746, 15.9056682587, 16.3700675964, 16.8228569031, 17.2872562408, 17.7516555786, 18.2276649475, 18.6920623779, 19.1564617157, 19.6208610535, 20.0852603912, 20.549659729, 21.0140590668, 21.4784584045, 21.942855835, 22.4072551727, 22.8716545105, 23.3360538483, 23.800453186, 24.2648525238, 24.7292518616, 25.1936511993, 25.6580486298, 26.1224479675, 26.5868473053, 27.0512466431, 27.5156459808, 27.9800453186, 28.4444446564, 28.9088420868, 29.3732414246, 29.8376407623, 30.3020401001, 30.7664394379, 31.2308387756, 31.6952381134, 32.171245575, 32.6356468201, 33.111656189, 33.5760536194, 34.0404510498, 34.5048522949, 34.9692497253, 35.4336509705, 35.8980484009, 36.362449646, 36.8268470764, 37.2912483215, 37.755645752, 38.2200431824, 38.6844444275, 39.1488418579, 39.613243103, 40.0776405334, 40.5420417786, 41.006439209, 41.4708366394, 41.9352378845, 42.3996353149, 42.8640365601, 43.3284339905, 43.7928352356, 44.257232666, 44.7216300964, 45.1860313416, 45.650428772, 46.1148300171, 46.5792274475, 47.0552368164, 47.5312461853, 47.9956436157, 48.4600448608, 48.9244422913, 49.3888435364, 49.8532409668, 50.3176422119, 50.7820396423, 51.2464370728, 51.7108383179, 52.1752357483, 52.6396369934, 53.1040344238, 53.5568237305, 54.0096130371, 54.4740142822, 54.9384117126, 55.4028091431, 55.8672103882, 56.3432197571, 56.8076171875, 57.2836265564, 57.7480278015, 58.2124252319, 58.6768226624, 59.1412239075, 59.6056213379, 60.070022583, 60.5344200134, 60.9988212585, 61.463218689, 61.9276161194, 62.3920173645, 62.8680267334, 63.3440361023, 63.8084335327, 64.2728347778, 64.7372360229, 65.2016296387, 65.6660308838, 66.1304321289, 66.5948257446, 67.0592269897, 67.5236282349, 67.98802948, 68.4524230957, 68.9168243408, 69.3812255859, 69.8456192017, 70.3100204468, 70.7744216919, 71.238822937, 71.7032165527, 72.1676177979, 72.632019043, 73.0964126587, 73.5608139038, 74.0252151489, 74.489616394, 74.9540100098, 75.4184112549, 75.8828125, 76.3472061157, 76.8116073608, 77.276008606, 77.7520141602, 78.2164154053, 78.6924285889, 79.1568222046, 79.6212234497, 80.0856246948, 80.5500183105, 81.0144195557, 81.4788208008, 81.9432220459, 82.4076156616, 82.8720169067, 83.3364181519, 83.8008117676, 84.2652130127, 84.7296142578, 85.1940155029, 85.6584091187, 86.1228103638, 86.5872116089, 87.0516052246, 87.5160064697, 87.9804077148, 88.44480896, 88.9092025757, 89.3736038208, 89.8380050659, 90.3023986816, 90.7667999268, 91.2312011719, 91.695602417, 92.1599960327, 92.6243972778, 93.0887985229, 93.5531921387, 94.0175933838, 94.4819946289, 94.946395874, 95.4107894897, 95.8868026733, 96.3628082275, 96.8272094727, 97.2916107178, 97.7560043335, 98.2204055786, 98.6848068237, 99.1492080688, 99.6136016846, 100.07800293, 100.542404175, 101.006797791, 101.471199036, 101.935600281, 102.400001526, 102.864395142, 103.328796387, 103.793197632, 104.257591248, 104.733604431, 105.198005676, 105.662399292, 106.126800537, 106.602806091, 107.067207336, 107.531608582, 107.996009827, 108.460403442, 108.924804688, 109.389205933, 109.853607178, 110.318000793, 110.782402039, 111.246803284, 111.711196899, 112.175598145, 112.63999939, 113.104400635, 113.56879425, 114.033195496, 114.497596741, 114.961990356, 115.426391602, 115.890792847, 116.355194092, 116.819587708, 117.283988953, 117.748390198, 118.212783813, 118.677185059, 119.153198242, 119.629203796, 120.093605042, 120.557998657, 121.022399902, 121.486801147, 121.951202393, 122.415596008, 122.879997253, 123.344398499, 123.808792114, 124.273193359, 124.737594604, 125.20199585, 125.666389465, 126.13079071, 126.595191956, 127.059593201, 127.523986816, 127.988388062, 128.452789307, 128.917190552, 129.381591797, 129.845977783, 130.310379028, 130.774780273, 131.239181519, 131.703582764, 132.167984009, 132.632385254, 133.09677124, 133.561172485, 134.02557373, 134.489974976, 134.954376221, 135.418777466, 135.883178711, 136.359176636, 136.823577881, 137.299591064, 137.76399231, 138.228393555, 138.692779541, 139.157180786, 139.621582031, 140.085983276, 140.550384521, 141.014785767, 141.479187012, 141.943572998, 142.407974243, 142.872375488, 143.336776733, 143.801177979, 144.265579224, 144.729980469, 145.194366455, 145.6587677, 146.123168945, 146.58757019, 147.051971436, 147.516372681, 147.980773926, 148.445159912, 148.909561157, 149.373962402, 149.838363647, 150.302764893, 150.767166138, 151.243179321, 151.707565308, 152.183578491, 152.647979736, 153.112380981, 153.576782227, 154.041183472, 154.505569458, 154.969970703, 155.434371948, 155.898773193, 156.363174438, 156.827575684, 157.291976929, 157.756362915, 158.22076416, 158.685165405, 159.14956665, 159.613967896, 160.078369141, 160.542770386, 161.007156372, 161.471557617, 161.935958862, 162.400360107, 162.864761353, 163.329162598, 163.793563843, 164.257949829, 164.722351074, 165.186752319, 165.651153564, 166.127166748, 166.591567993, 167.067565918, 167.531967163, 167.996368408, 168.460769653, 168.925170898, 169.389572144, 169.85395813, 170.318359375, 170.78276062, 171.247161865, 171.71156311, 172.175964355, 172.640365601, 173.104751587, 173.569152832, 174.033554077, 174.497955322, 174.962356567, 175.426757812, 175.891159058, 176.355545044, 176.819946289, 177.284347534, 177.748748779, 178.213150024, 178.67755127, 179.141952515, 179.606338501, 180.070739746, 180.535140991, 180.999542236, 181.463943481, 181.939956665, 182.41595459, 182.880355835, 183.34475708, 183.809158325, 184.27355957, 184.737960815, 185.202362061, 185.666748047, 186.131149292, 186.595550537, 187.059951782, 187.524353027, 187.988754272, 188.453155518, 188.917541504, 189.381942749, 189.846343994, 190.310745239, 190.775146484, 191.239547729, 191.703948975, 192.168334961, 192.632736206, 193.097137451, 193.561538696, 194.025939941, 194.490341187, 194.954742432, 195.419128418, 195.883529663, 196.347930908, 196.812332153, 197.288345337, 197.752746582, 198.228744507, 198.693145752, 199.157546997, 199.621948242, 200.086349487, 200.550750732, 201.015136719, 201.479537964, 201.943939209, 202.408340454, 202.872741699, 203.337142944, 203.801544189, 204.265930176, 204.730331421, 205.194732666, 205.659133911, 206.123535156, 206.587936401, 207.052337646, 207.516723633, 207.981124878, 208.445526123, 208.909927368, 209.374328613, 209.838729858, 210.303131104, 210.76751709, 211.231918335, 211.69631958, 212.160720825, 212.62512207, 213.089523315, 213.553924561, 214.018310547, 214.482711792, 214.958724976, 215.434738159, 215.899139404, 216.363540649, 216.827926636, 217.292327881, 217.756729126, 218.221130371, 218.685531616, 219.149932861, 219.614334106, 220.078720093, 220.543121338, 221.007522583, 221.471923828, 221.936325073, 222.400726318, 222.865127563, 223.32951355, 223.782302856], "beats_loudness": {"dmean2": 0.0689822584391, "median": 0.167479529977, "min": 0.000258956948528, "dvar2": 0.00366864050739, "dvar": 0.00135229853913, "dmean": 0.0391394495964, "max": 0.281287997961, "var": 0.00615342939273, "mean": 0.146653026342}, "danceability": 1.32942283154, "bpm_histogram_second_peak_weight": {"dmean2": 0, "median": 0.00208333344199, "min": 0.00208333344199, "dvar2": 0, "dvar": 0, "dmean": 0, "max": 0.00208333344199, "var": 0, "mean": 0.00208333344199}, "beats_count": 481, "bpm_histogram_second_peak_bpm": {"dmean2": 0, "median": 123, "min": 123, "dvar2": 0, "dvar": 0, "dmean": 0, "max": 123, "var": 0, "mean": 123}, "bpm_histogram_first_peak_spread": {"dmean2": 0, "median": 0.0793319344521, "min": 0.0793319344521, "dvar2": 0, "dvar": 0, "dmean": 0, "max": 0.0793319344521, "var": 0, "mean": 0.0793319344521}, "beats_loudness_band_ratio": {"dmean2": [0.188667729497, 0.0634455904365, 0.0399403087795, 0.0861954987049, 0.0591714866459, 0.0676671937108], "median": [0.95091098547, 0.010152506642, 0.0029796725139, 0.00716366805136, 0.00665441527963, 0.0122857270762], "min": [0.000592344265897, 0.000155164671014, 1.76058674697e-05, 1.8740654923e-05, 2.29696070164e-05, 0.000396316987462], "dvar2": [0.053299702704, 0.0100619671866, 0.0103487065062, 0.0204296912998, 0.0145026063547, 0.00813853461295], "dvar": [0.0195102076977, 0.00310361385345, 0.00400512106717, 0.00752090057358, 0.00519964890555, 0.00219358620234], "dmean": [0.101487271488, 0.0335343964398, 0.022498825565, 0.0470402874053, 0.0338072739542, 0.034556388855], "max": [0.999095022678, 0.419110357761, 0.657903015614, 0.74745965004, 0.692088603973, 0.328439891338], "var": [0.0579408891499, 0.00360936927609, 0.00527677219361, 0.0103912129998, 0.00878181960434, 0.00215533701703], "mean": [0.842834055424, 0.0348596908152, 0.0220262166113, 0.0444672368467, 0.0395271927118, 0.0301560498774]}}, "lowlevel": {"barkbands_spread": {"dmean2": 14.0314798355, "median": 11.9878568649, "min": 0.0553970597684, "dvar2": 372.323364258, "dvar": 149.964630127, "dmean": 8.78726673126, "max": 111.778419495, "var": 311.562561035, "mean": 17.6159000397}, "melbands_spread": {"dmean2": 16.355430603, "median": 7.6424369812, "min": 0.11838696152, "dvar2": 643.040344238, "dvar": 295.427246094, "dmean": 10.4766559601, "max": 236.086151123, "var": 937.516601562, "mean": 21.0917682648}, "hfc": {"dmean2": 14.3546514511, "median": 16.789440155, "min": 0.00153953931294, "dvar2": 560.278991699, "dvar": 237.976409912, "dmean": 9.74464607239, "max": 134.328857422, "var": 398.467346191, "mean": 21.0559215546}, "barkbands_kurtosis": {"dmean2": 102.743774414, "median": 11.285528183, "min": -1.95906174183, "dvar2": 81748.328125, "dvar": 34289.734375, "dmean": 66.7608566284, "max": 4266.29248047, "var": 50207.5859375, "mean": 88.178527832}, "gfcc": {"mean": [-27.8795223236, 67.1959838867, -95.0620422363, 50.5630760193, -45.4146232605, 37.9224395752, -25.3814353943, 13.4631958008, -13.1916036606, 0.678842365742, -10.5742835999, 4.90560722351, -2.61198997498], "icov": [[0.000166284225998, -0.000242297377554, 6.09305388934e-05, -0.000244994909735, 0.000162069118232, -0.000195453947526, 0.000234302089666, -0.000329964852426, 0.000331423681928, -0.000283039815258, 0.000251932360698, -0.000141252836329, 0.000184107499081], [-0.000242297377554, 0.00157130521256, -0.000558803614695, 0.000904283544514, -0.000762858544476, 0.00093730923254, -0.000472930754768, 0.000415924791014, -0.000786561169662, 0.00112884596456, -0.00150316057261, 0.000836902821902, -0.00131936790422], [6.09305388934e-05, -0.000558803614695, 0.000995080335997, -0.000986871193163, 0.000344393454725, -0.000847710238304, 0.000144976787851, -0.000341762846801, 0.000232331978623, -0.000769827398472, 0.000809607096016, -0.000606690067798, 0.000853342935443], [-0.000244994909735, 0.000904283544514, -0.000986871193163, 0.00340778799728, -0.0018307211576, 0.00110505684279, -0.000814651313704, 0.00130336068105, -0.00114123465028, 0.000597533246037, -0.000596282072365, 0.00032066507265, -5.01317372255e-05], [0.000162069118232, -0.000762858544476, 0.000344393454725, -0.0018307211576, 0.00346277747303, -0.00162164028734, -2.92312142847e-05, -0.00130078440998, 0.00046493546688, 0.000102145982964, -0.000232098653214, 0.000247076299274, 0.000437367998529], [-0.000195453947526, 0.00093730923254, -0.000847710238304, 0.00110505684279, -0.00162164028734, 0.00535501632839, -0.00177075783722, -0.000107759842649, -0.00028857239522, 0.000709112500772, -0.000267772440566, 0.000100984689198, -0.00141719274689], [0.000234302089666, -0.000472930754768, 0.000144976787851, -0.000814651313704, -2.92312142847e-05, -0.00177075783722, 0.00430664326996, -0.00169467646629, -0.000391737179598, 0.000492118182592, -0.000834288541228, 0.0011720751645, 9.39503224799e-05], [-0.000329964852426, 0.000415924791014, -0.000341762846801, 0.00130336068105, -0.00130078440998, -0.000107759842649, -0.00169467646629, 0.00799569115043, -0.00286817993037, -0.000171046704054, 0.00217677815817, -0.0025945964735, -0.000494387291837], [0.000331423681928, -0.000786561169662, 0.000232331978623, -0.00114123465028, 0.00046493546688, -0.00028857239522, -0.000391737179598, -0.00286817993037, 0.01064073015, -0.00446867477149, -0.00267046992667, 0.00346668646671, -0.00280276895501], [-0.000283039815258, 0.00112884596456, -0.000769827398472, 0.000597533246037, 0.000102145982964, 0.000709112500772, 0.000492118182592, -0.000171046704054, -0.00446867477149, 0.0115885874256, -0.00505854468793, -0.000925615604501, 0.00353073235601], [0.000251932360698, -0.00150316057261, 0.000809607096016, -0.000596282072365, -0.000232098653214, -0.000267772440566, -0.000834288541228, 0.00217677815817, -0.00267046992667, -0.00505854468793, 0.014144923538, -0.00531179923564, -0.000850760377944], [-0.000141252836329, 0.000836902821902, -0.000606690067798, 0.00032066507265, 0.000247076299274, 0.000100984689198, 0.0011720751645, -0.0025945964735, 0.00346668646671, -0.000925615604501, -0.00531179923564, 0.0158527661115, -0.0064326422289], [0.000184107499081, -0.00131936790422, 0.000853342935443, -5.01317372255e-05, 0.000437367998529, -0.00141719274689, 9.39503224799e-05, -0.000494387291837, -0.00280276895501, 0.00353073235601, -0.000850760377944, -0.0064326422289, 0.0149615649134]], "cov": [[9624.86914062, 956.856811523, 931.328796387, 414.535552979, 53.4811973572, 111.655693054, -300.430908203, 258.755004883, -194.261077881, 93.4886627197, -135.148269653, 90.1475296021, -93.7183227539], [956.856811523, 1367.93530273, 459.706573486, 56.6551475525, 274.923309326, 54.3532524109, 188.956329346, 90.737701416, 147.573928833, -12.3606719971, 144.254745483, 16.0496921539, 127.414329529], [931.328796387, 459.706573486, 2229.3112793, 729.643005371, 441.253967285, 351.53894043, 270.793304443, 162.053833008, 106.574562073, 119.027557373, -0.193866446614, 3.88563227654, -78.0377960205], [414.535552979, 56.6551475525, 729.643005371, 737.148254395, 389.621398926, 138.633117676, 189.879501343, 44.6651115417, 83.1129150391, 48.5305404663, 22.3391571045, -25.1276817322, -42.6413230896], [53.4811973572, 274.923309326, 441.253967285, 389.621398926, 663.701721191, 246.687423706, 263.098632812, 129.467681885, 95.6378173828, 3.48526740074, 46.7506027222, -11.7235574722, 21.0262851715], [111.655693054, 54.3532524109, 351.53894043, 138.633117676, 246.687423706, 365.030456543, 210.332199097, 102.313522339, 47.7450218201, -3.42122030258, 9.13971138, 6.98787879944, 26.5341835022], [-300.430908203, 188.956329346, 270.793304443, 189.879501343, 263.098632812, 210.332199097, 456.683258057, 122.931106567, 111.164299011, 3.22552895546, 51.621837616, -18.1777534485, 34.160900116], [258.755004883, 90.737701416, 162.053833008, 44.6651115417, 129.467681885, 102.313522339, 122.931106567, 211.805480957, 67.4396209717, 19.3434562683, 7.28650999069, 25.6499271393, 27.3690490723], [-194.261077881, 147.573928833, 106.574562073, 83.1129150391, 95.6378173828, 47.7450218201, 111.164299011, 67.4396209717, 200.812759399, 78.3586349487, 81.7981872559, -3.83168411255, 34.9919776917], [93.4886627197, -12.3606719971, 119.027557373, 48.5305404663, 3.48526740074, -3.42122030258, 3.22552895546, 19.3434562683, 78.3586349487, 162.54309082, 65.9064483643, 13.0645484924, -22.9879837036], [-135.148269653, 144.254745483, -0.193866446614, 22.3391571045, 46.7506027222, 9.13971138, 51.621837616, 7.28650999069, 81.7981872559, 65.9064483643, 148.072799683, 38.5725708008, 38.6598358154], [90.1475296021, 16.0496921539, 3.88563227654, -25.1276817322, -11.7235574722, 6.98787879944, -18.1777534485, 25.6499271393, -3.83168411255, 13.0645484924, 38.5725708008, 101.805679321, 44.1298370361], [-93.7183227539, 127.414329529, -78.0377960205, -42.6413230896, 21.0262851715, 26.5341835022, 34.160900116, 27.3690490723, 34.9919776917, -22.9879837036, 38.6598358154, 44.1298370361, 119.275344849]]}, "spectral_energyband_middle_low": {"dmean2": 0.00909889116883, "median": 0.0021668644622, "min": 8.58403339521e-08, "dvar2": 0.000372800393961, "dvar": 0.000148831270053, "dmean": 0.00555094238371, "max": 0.114176332951, "var": 0.000133710636874, "mean": 0.00658330647275}, "melbands_crest": {"dmean2": 6.57446956635, "median": 22.5522041321, "min": 3.1015753746, "dvar2": 39.3707923889, "dvar": 18.4942092896, "dmean": 4.05058097839, "max": 36.6842079163, "var": 69.0861129761, "mean": 20.2946395874}, "spectral_kurtosis": {"dmean2": 2.11843895912, "median": 2.30040287971, "min": -1.32596886158, "dvar2": 6.54518699646, "dvar": 2.81113672256, "dmean": 1.34672355652, "max": 41.9194526672, "var": 6.19893932343, "mean": 2.83098316193}, "spectral_rms": {"dmean2": 0.00247639650479, "median": 0.0096498131752, "min": 3.2234183891e-05, "dvar2": 7.59025033403e-06, "dvar": 3.73392958863e-06, "dmean": 0.00168131571263, "max": 0.0180671811104, "var": 2.63190941041e-05, "mean": 0.00802426785231}, "zerocrossingrate": {"dmean2": 0.0185598470271, "median": 0.03759765625, "min": 0.001953125, "dvar2": 0.000414640002418, "dvar": 0.000341676030075, "dmean": 0.0156081560999, "max": 0.38427734375, "var": 0.00295364321209, "mean": 0.0552461370826}, "silence_rate_60dB": {"dmean2": 0.100911729038, "median": 0, "min": 0, "dvar2": 0.100680045784, "dvar": 0.0478991679847, "dmean": 0.0504506379366, "max": 1, "var": 0.13022570312, "mean": 0.153925836086}, "erbbands_kurtosis": {"dmean2": 2.94542431831, "median": -0.0733119249344, "min": -1.91788840294, "dvar2": 45.2035827637, "dvar": 19.1839256287, "dmean": 1.85066151619, "max": 105.773162842, "var": 29.1477012634, "mean": 1.14757215977}, "erbbands": {"dmean2": [1.58611214161, 8.91162109375, 13.3656349182, 18.0913562775, 9.08194732666, 7.0943813324, 18.8667106628, 26.5640258789, 17.3850574493, 12.4060173035, 14.7003183365, 16.0113620758, 33.5124740601, 47.9812202454, 24.6960220337, 18.05717659, 16.5657157898, 17.6164913177, 26.8652324677, 27.0045585632, 19.7416915894, 15.252530098, 14.7762012482, 12.1480417252, 11.5256710052, 11.1052684784, 8.61322879791, 8.73001670837, 9.21767807007, 10.6108312607, 9.87624454498, 7.11170148849, 2.7575750351, 1.25942373276, 0.506215214729, 0.196919441223, 0.0482316240668, 0.0068594715558, 0.000673734757584, 7.23783086869e-05], "median": [1.4180252552, 8.96244430542, 4.85722160339, 2.25790023804, 1.04689824581, 1.33886861801, 1.44521093369, 1.60891079903, 1.27679049969, 0.84669983387, 1.10685563087, 1.97161281109, 5.23677539825, 5.85013961792, 5.18015480042, 3.66253852844, 2.75724697113, 3.79148554802, 5.14926815033, 5.35366535187, 4.64987659454, 4.87357521057, 3.20590114594, 2.88331794739, 3.07464885712, 2.75486755371, 1.86041045189, 1.81819295883, 1.88806426525, 2.06089401245, 1.81393396854, 1.29003095627, 0.76199233532, 0.343615442514, 0.134484425187, 0.0494469888508, 0.0116768851876, 0.00151917687617, 0.000159039685968, 0.00012594537111], "min": [1.41641489648e-08, 6.91500190442e-08, 6.53150550534e-07, 2.87700800072e-06, 9.40964309848e-06, 2.88996216113e-05, 2.70539167104e-05, 2.37524618569e-05, 3.87353684346e-05, 9.66148800217e-05, 0.000102704259916, 0.000174626635271, 0.000234538674704, 0.000748440914322, 0.00111670640763, 0.000738785776775, 0.00155683269259, 0.00217535276897, 0.000231717684073, 0.000139043913805, 9.50732428464e-05, 0.000408462452469, 0.000432804023148, 0.00125579314772, 0.00188321049791, 0.0011463194387, 0.00140550197102, 0.00102480361238, 0.000492836581543, 0.000582236098126, 0.000291771255434, 0.000165881923749, 6.82989266352e-05, 3.59883124474e-05, 1.48937870108e-05, 4.76813193018e-06, 1.01755620108e-06, 3.85405058978e-07, 2.23724612169e-07, 1.31117801061e-08], "dvar2": [5.82444620132, 145.792495728, 591.596191406, 1811.34436035, 606.375793457, 305.096832275, 2565.57446289, 5148.70654297, 1877.38830566, 1235.04821777, 1616.66918945, 1771.27001953, 8803.5546875, 19980.8886719, 4609.11962891, 2360.97192383, 1908.71923828, 1617.44213867, 3711.6887207, 3936.8840332, 1555.73522949, 1096.50964355, 1671.82714844, 678.65802002, 721.512084961, 506.382293701, 373.70501709, 373.353271484, 263.903747559, 438.384216309, 388.611602783, 189.577972412, 34.8022880554, 8.69382095337, 0.901926875114, 0.0986879169941, 0.00417116703466, 0.00011037173681, 2.3615596092e-06, 1.12874012359e-08], "dvar": [2.66535878181, 78.4749221802, 297.717193604, 690.720092773, 223.040512085, 108.790077209, 889.98614502, 1783.05395508, 658.49786377, 428.29498291, 601.891052246, 668.400939941, 4153.14306641, 9893.24804688, 2150.02539062, 992.125061035, 758.359741211, 649.722839355, 1482.23718262, 1630.16577148, 668.154968262, 442.501342773, 640.190734863, 290.789733887, 268.172485352, 204.927719116, 154.070220947, 157.28477478, 111.16242218, 171.203826904, 153.86505127, 79.5573654175, 16.8548641205, 4.23711252213, 0.439765691757, 0.0501601547003, 0.00198381906375, 5.146784315e-05, 9.74171484813e-07, 4.85956697105e-09], "dmean": [1.08748805523, 6.65239286423, 8.39987659454, 10.5092830658, 5.1250872612, 4.0589427948, 10.332652092, 14.4857606888, 9.78442955017, 6.88886976242, 8.28951931, 9.21811676025, 20.6393947601, 30.182308197, 15.3244504929, 10.9360132217, 9.88457393646, 10.8212423325, 16.58852005, 17.2822551727, 12.4603099823, 9.71210575104, 9.11308097839, 7.61536741257, 6.91231822968, 6.99004602432, 5.44905948639, 5.51027917862, 5.91137647629, 6.53949642181, 6.50388288498, 4.50269317627, 1.91048467159, 0.84602612257, 0.354301780462, 0.134777784348, 0.0316834524274, 0.00432190997526, 0.000408788386267, 4.58867107227e-05], "max": [11.444434166, 71.7650756836, 176.268096924, 241.879745483, 251.627914429, 144.639419556, 357.542755127, 370.709442139, 241.579650879, 203.389953613, 353.341369629, 489.225280762, 1941.13928223, 2115.04248047, 1410.02258301, 749.051452637, 1024.3927002, 600.2734375, 649.555786133, 1003.11871338, 517.358398438, 536.868774414, 630.476135254, 280.752838135, 307.610443115, 197.776138306, 273.792938232, 371.721099854, 112.722816467, 114.441131592, 100.969497681, 173.356613159, 163.017044067, 76.4219436646, 22.5675258636, 9.2100315094, 1.18176472187, 0.178861737251, 0.0329959541559, 0.000974074995611], "var": [7.56252908707, 298.701782227, 493.773712158, 527.983947754, 159.933731079, 77.113861084, 551.865722656, 1094.22741699, 462.943817139, 298.678924561, 531.690856934, 542.67767334, 5049.81152344, 12774.3583984, 3126.49414062, 1322.17871094, 823.333984375, 957.910217285, 1762.11535645, 2133.21557617, 1111.55249023, 675.679931641, 834.827148438, 417.794158936, 256.537719727, 243.193939209, 224.141860962, 230.84413147, 147.002090454, 179.642929077, 176.335617065, 98.2615203857, 30.7881126404, 8.82449150085, 0.954154968262, 0.0995614379644, 0.0036683534272, 7.0012807555e-05, 9.91138335849e-07, 1.23071126623e-08], "mean": [2.2590007782, 14.8798618317, 13.221280098, 9.84955024719, 4.59914827347, 4.29194688797, 9.31399917603, 12.4276170731, 8.84280014038, 6.51743602753, 7.76300144196, 8.83782672882, 24.028219223, 35.8880386353, 19.6377029419, 13.2068309784, 11.3330869675, 13.3873662949, 19.5807247162, 20.947177887, 16.5241622925, 13.8978013992, 12.0135145187, 9.98016643524, 8.40906143188, 8.551404953, 7.17545127869, 7.07464599609, 7.28718805313, 7.78690338135, 7.57000589371, 5.20852088928, 2.61253643036, 1.22412323952, 0.491011917591, 0.179016426206, 0.0404699668288, 0.00489454204217, 0.000434728310211, 0.000127677427372]}, "spectral_strongpeak": {"dmean2": 0.612310647964, "median": 0.635985016823, "min": 0, "dvar2": 0.650159835815, "dvar": 0.259681075811, "dmean": 0.37160179019, "max": 8.21887588501, "var": 0.389895528555, "mean": 0.736702263355}, "spectral_energy": {"dmean2": 0.0486093908548, "median": 0.0954468697309, "min": 1.06501875052e-06, "dvar2": 0.00372435385361, "dvar": 0.00157516740728, "dmean": 0.0325631424785, "max": 0.334583640099, "var": 0.00726258056238, "mean": 0.0929753929377}, "average_loudness": 0.9311196208, "spectral_rolloff": {"dmean2": 1099.75415039, "median": 150.732421875, "min": 64.599609375, "dvar2": 4001534.75, "dvar": 1719787.375, "dmean": 644.241455078, "max": 13996.5820312, "var": 4141654.25, "mean": 1316.58215332}, "spectral_centroid": {"dmean2": 608.243164062, "median": 1177.22253418, "min": 67.9063034058, "dvar2": 423545.28125, "dvar": 192028.59375, "dmean": 388.056640625, "max": 5124.40820312, "var": 810907.125, "mean": 1357.16918945}, "pitch_salience": {"dmean2": 0.167513459921, "median": 0.343728810549, "min": 0.0128198871389, "dvar2": 0.028102029115, "dvar": 0.0134658869356, "dmean": 0.109494946897, "max": 0.926563858986, "var": 0.0567312724888, "mean": 0.392545104027}, "spectral_energyband_middle_high": {"dmean2": 0.00369647913612, "median": 0.00174092315137, "min": 4.18892625476e-07, "dvar2": 4.83313597215e-05, "dvar": 2.29326215049e-05, "dmean": 0.00239556399174, "max": 0.0872188210487, "var": 3.7648351281e-05, "mean": 0.00386416865513}, "spectral_contrast_coeffs": {"dmean2": [0.103201143444, 0.0980066508055, 0.0716135725379, 0.0526817105711, 0.038442928344, 0.0372488237917], "median": [-0.673982739449, -0.782352089882, -0.805959582329, -0.821349143982, -0.819861650467, -0.78834605217], "min": [-0.91917014122, -0.947959125042, -0.952795565128, -0.949824392796, -0.92045801878, -0.896674692631], "dvar2": [0.00732508441433, 0.00626194709912, 0.00348912202753, 0.00194514857139, 0.00101957912557, 0.00134081277065], "dvar": [0.00324024143629, 0.0023753400892, 0.00171904021408, 0.000864558096509, 0.000432902481407, 0.000572025426663], "dmean": [0.0635093674064, 0.0594934374094, 0.0453463084996, 0.0333781540394, 0.0240138098598, 0.0239555314183], "max": [-0.26740565896, -0.427533864975, -0.464771211147, -0.561471998692, -0.621598601341, -0.568619251251], "var": [0.00906358379871, 0.00570166436955, 0.00488951615989, 0.00352918845601, 0.00186749186832, 0.00196346407756], "mean": [-0.664534568787, -0.775292158127, -0.796518921852, -0.807150900364, -0.813113570213, -0.782881140709]}, "melbands_skewness": {"dmean2": 3.85816979408, "median": 5.68722248077, "min": -2.49189162254, "dvar2": 23.6828937531, "dvar": 10.499162674, "dmean": 2.56874513626, "max": 31.4449901581, "var": 36.5481452942, "mean": 6.93059444427}, "spectral_spread": {"dmean2": 1421454.25, "median": 5770576.5, "min": 1317157, "dvar2": 1842005934080.0, "dvar": 847778873344, "dmean": 974847.875, "max": 14157772, "var": 3269951225860.0, "mean": 5857955}, "dissonance": {"dmean2": 0.0264582987875, "median": 0.487068355083, "min": 0.248935163021, "dvar2": 0.000949255598243, "dvar": 0.000364145700587, "dmean": 0.0155306635424, "max": 0.500000119209, "var": 0.000501999806147, "mean": 0.479538470507}, "spectral_skewness": {"dmean2": 0.409251719713, "median": 1.30313253403, "min": -0.170414879918, "dvar2": 0.159012585878, "dvar": 0.0730975940824, "dmean": 0.270571470261, "max": 5.71015739441, "var": 0.233400464058, "mean": 1.33158183098}, "spectral_flux": {"dmean2": 0.0901588499546, "median": 0.0991368740797, "min": 0.00159444322344, "dvar2": 0.0081408591941, "dvar": 0.003828543704, "dmean": 0.0569285787642, "max": 0.46789765358, "var": 0.00912385527045, "mean": 0.127100005746}, "spectral_contrast_valleys": {"dmean2": [0.800004184246, 1.01371848583, 0.790265321732, 0.635692894459, 0.583859860897, 0.667560994625], "median": [-6.92420291901, -7.48009443283, -7.43978881836, -7.87302970886, -7.73341226578, -9.72785568237], "min": [-13.6870536804, -12.0089874268, -11.6305942535, -12.4148464203, -11.5918130875, -14.1528768539], "dvar2": [0.463808953762, 0.976776301861, 0.606775224209, 0.493306964636, 0.501596689224, 0.472434014082], "dvar": [0.263634890318, 0.442728340626, 0.287115454674, 0.236718043685, 0.254532694817, 0.276827991009], "dmean": [0.531369805336, 0.642164826393, 0.513779640198, 0.436036378145, 0.425772547722, 0.513163149357], "max": [-4.97757673264, -4.17636442184, -5.04587125778, -5.28082132339, -5.43772363663, -7.6312661171], "var": [2.48116159439, 1.45521581173, 1.04039096832, 0.917351782322, 0.949241816998, 1.07262420654], "mean": [-7.38376808167, -7.50953388214, -7.60191869736, -7.93424606323, -7.80502414703, -9.81482887268]}, "erbbands_flatness_db": {"dmean2": 0.0355014465749, "median": 0.132468193769, "min": 0.0509546585381, "dvar2": 0.0010403356282, "dvar": 0.000519411987625, "dmean": 0.0240628439933, "max": 0.426802963018, "var": 0.00240595056675, "mean": 0.142101332545}, "spectral_energyband_high": {"dmean2": 0.00114975136239, "median": 0.000340957543813, "min": 9.92682203105e-08, "dvar2": 4.14198075305e-06, "dvar": 1.78223615421e-06, "dmean": 0.000784689909779, "max": 0.0151202864945, "var": 2.68949520432e-06, "mean": 0.00105744774919}, "spectral_entropy": {"dmean2": 0.387508511543, "median": 7.81737995148, "min": 5.01045179367, "dvar2": 0.154332607985, "dvar": 0.0700290724635, "dmean": 0.258387714624, "max": 8.85033512115, "var": 0.218704864383, "mean": 7.74448108673}, "silence_rate_20dB": {"dmean2": 0, "median": 1, "min": 1, "dvar2": 0, "dvar": 0, "dmean": 0, "max": 1, "var": 0, "mean": 1}, "melbands_flatness_db": {"dmean2": 0.0768926590681, "median": 0.272157013416, "min": 0.0128205623478, "dvar2": 0.00659089209512, "dvar": 0.00327798095532, "dmean": 0.0556421168149, "max": 0.766580164433, "var": 0.0203972756863, "mean": 0.277185231447}, "barkbands": {"dmean2": [0.00232088332996, 0.0436251387, 0.0126760620624, 0.00436123227701, 0.00247619021684, 0.00319051207043, 0.00100524327718, 0.0006279645022, 0.000767246179748, 0.0013697053073, 0.00094755704049, 0.000450132589322, 0.000397306692321, 0.000408426189097, 0.00061012461083, 0.000377718155505, 0.000290305324597, 0.000271674187388, 0.000230396326515, 0.000247609044891, 0.000189374448382, 0.000278939900454, 0.000368084176444, 0.000212023922359, 8.53955498314e-05, 3.16401019518e-05, 4.26881888416e-06], "median": [0.000235696468735, 0.0523767992854, 0.0019393323455, 0.000266203191131, 0.0004162855912, 0.000206936063478, 7.06908540451e-05, 4.40849835286e-05, 7.84032599768e-05, 0.000195810265723, 0.000114086113172, 8.5339837824e-05, 5.39309403393e-05, 7.01244134689e-05, 0.000100949822809, 7.4013529229e-05, 8.08828335721e-05, 5.08534139954e-05, 5.89405899518e-05, 5.9420868638e-05, 4.29800857091e-05, 5.84337540204e-05, 6.39857025817e-05, 5.1846182032e-05, 2.43592548941e-05, 7.97877692094e-06, 4.7441795914e-07], "min": [1.21943885545e-10, 5.19777221264e-10, 1.43775102934e-10, 4.930777453e-10, 8.77255157405e-09, 2.13152606676e-09, 3.75257025453e-09, 5.53269741133e-09, 6.34614227835e-09, 5.44985523376e-09, 2.56118752873e-08, 1.73230159106e-08, 2.63997819161e-08, 2.70383093692e-08, 1.40540223903e-09, 1.86426518667e-09, 6.97016488971e-09, 5.45728306989e-09, 3.16517727583e-08, 2.1828357788e-08, 2.47915288298e-08, 1.72415255406e-08, 1.00563983807e-08, 6.00439742371e-09, 2.89920221164e-09, 6.22853324472e-10, 8.69973468265e-11], "dvar2": [1.92921925191e-05, 0.00374156981707, 0.000663349346723, 0.000102093974419, 3.77973883587e-05, 7.48724705772e-05,