{"tonal": {"thpcp": [1, 0.63009762764, 0.297130972147, 0.299589544535, 0.226901516318, 0.194778189063, 0.226465374231, 0.254005521536, 0.267298668623, 0.312031954527, 0.380028396845, 0.405725032091, 0.346043139696, 0.275610804558, 0.220697760582, 0.177297458053, 0.190277323127, 0.228675916791, 0.272577017546, 0.317734599113, 0.350864440203, 0.404087692499, 0.396485924721, 0.311456263065, 0.314502030611, 0.413607418537, 0.403668493032, 0.289428532124, 0.219701275229, 0.180739060044, 0.156120702624, 0.14712227881, 0.147551804781, 0.154521510005, 0.161982014775, 0.581789493561], "hpcp": {"dmean2": [0.316455006599, 0.251710772514, 0.22022369504, 0.20244410634, 0.215761244297, 0.241555139422, 0.261239916086, 0.304002463818, 0.343410670757, 0.382617354393, 0.342349082232, 0.315651208162, 0.311174482107, 0.326184988022, 0.297533661127, 0.236078232527, 0.18879544735, 0.164121106267, 0.139672204852, 0.12608101964, 0.120186716318, 0.129070132971, 0.138714984059, 0.331580758095, 0.572054982185, 0.356964796782, 0.24203760922, 0.254262834787, 0.211766958237, 0.194698899984, 0.232010796666, 0.266556352377, 0.281725466251, 0.314172416925, 0.3424000144, 0.35247695446], "median": [0.0534437038004, 0.0431343242526, 0.0298462081701, 0.0189434252679, 0.0187653657049, 0.0245117843151, 0.037960074842, 0.048265542835, 0.0548315532506, 0.0554037615657, 0.0475073158741, 0.0388848632574, 0.0484408326447, 0.0699327588081, 0.0685365200043, 0.0510023571551, 0.0396091341972, 0.0318397209048, 0.0278175882995, 0.0270856227726, 0.0307181254029, 0.0350787229836, 0.0370194427669, 0.212229564786, 0.334359079599, 0.249091014266, 0.0501840338111, 0.0460842438042, 0.0341883487999, 0.0253105945885, 0.0281469356269, 0.0343052111566, 0.0376395881176, 0.0447805076838, 0.0556653812528, 0.0608566254377], "min": [0, 0, 0, 0, 0, 0, 0, 0, 0, 0, 0, 0, 0, 0, 0, 0, 0, 0, 0, 0, 0, 0, 0, 0, 0, 0, 0, 0, 0, 0, 0, 0, 0, 0, 0, 0], "dvar2": [0.158434510231, 0.123420104384, 0.123556777835, 0.126139491796, 0.133706331253, 0.139881193638, 0.136760294437, 0.155554324389, 0.172084853053, 0.206338867545, 0.174743443727, 0.164454117417, 0.15274630487, 0.153991118073, 0.142004787922, 0.105220541358, 0.0876695737243, 0.0732964724302, 0.0590703710914, 0.0516609922051, 0.0407414399087, 0.0451187491417, 0.0477309897542, 0.093763679266, 0.263470709324, 0.105335958302, 0.10181505233, 0.122411772609, 0.0992679148912, 0.0964126586914, 0.121059179306, 0.146693319082, 0.150262013078, 0.16752423346, 0.181052833796, 0.18708974123], "dvar": [0.0592433437705, 0.0471867546439, 0.0458337366581, 0.0447215475142, 0.0468226894736, 0.0497758612037, 0.0494552217424, 0.0570413805544, 0.0626801177859, 0.0744832605124, 0.0665778964758, 0.0591169111431, 0.05479362607, 0.058267083019, 0.0535866841674, 0.0384683385491, 0.0309197083116, 0.0259748250246, 0.021203732118, 0.0186365507543, 0.0148062054068, 0.0160286482424, 0.0170212052763, 0.0363892577589, 0.10993912816, 0.0401484519243, 0.0384432338178, 0.0455406941473, 0.0357048399746, 0.0348937511444, 0.0442262925208, 0.0524542368948, 0.0539037398994, 0.0603485666215, 0.0665795505047, 0.0697284415364], "dmean": [0.177106723189, 0.139683812857, 0.120944447815, 0.10903518647, 0.116635531187, 0.131617978215, 0.144556567073, 0.167615935206, 0.189756497741, 0.211020663381, 0.190552949905, 0.173682674766, 0.171142950654, 0.18453502655, 0.168271780014, 0.132716089487, 0.106141000986, 0.0910122022033, 0.0780407711864, 0.0707142353058, 0.0679337978363, 0.0721845179796, 0.0774258896708, 0.187274590135, 0.3176869452, 0.202900886536, 0.138831630349, 0.143215537071, 0.117456942797, 0.107110992074, 0.127716779709, 0.145402699709, 0.153837248683, 0.172218471766, 0.190707117319, 0.196237877011], "max": [1, 1, 1, 1, 1, 1, 1, 1, 1, 1, 1, 1, 1, 1, 1, 1, 1, 1, 1, 1, 1, 1, 1, 1, 1, 1, 1, 1, 1, 1, 1, 1, 1, 1, 1, 1], "var": [0.0588106773794, 0.0448940955102, 0.0390318185091, 0.0324301831424, 0.0349430888891, 0.0404825806618, 0.0450103580952, 0.0533488020301, 0.058365713805, 0.0749571323395, 0.0775610804558, 0.0541301630437, 0.0499684251845, 0.0714704617858, 0.0703971460462, 0.0412394106388, 0.0278845503926, 0.0215700548142, 0.0174451004714, 0.0163440611213, 0.012910653837, 0.0130842393264, 0.0138679118827, 0.052207980305, 0.165897503495, 0.057219311595, 0.0433107502759, 0.0485063530505, 0.0326084792614, 0.0295850560069, 0.03811237216, 0.0422295071185, 0.0430518463254, 0.0531240180135, 0.0699973851442, 0.0767232179642], "mean": [0.160733565688, 0.128018453717, 0.102511897683, 0.0823528915644, 0.088381908834, 0.10621766746, 0.126609295607, 0.147584527731, 0.1629730165, 0.187694683671, 0.184163734317, 0.144668310881, 0.146083042026, 0.192116498947, 0.187499970198, 0.134436652064, 0.102049037814, 0.0839514806867, 0.0725165009499, 0.0683368220925, 0.0685363337398, 0.0717736929655, 0.0752390176058, 0.270235389471, 0.464489966631, 0.292674034834, 0.138014361262, 0.139156341553, 0.105393476784, 0.0904725119472, 0.105190895498, 0.117983013391, 0.124157555401, 0.144935712218, 0.17651937902, 0.188455209136]}, "tuning_equal_tempered_deviation": 0.292487502098, "chords_changes_rate": 0.104704707861, "key_key": "F", "tuning_diatonic_strength": 0.435214579105, "key_scale": "minor", "chords_number_rate": 0.00200200197287, "tuning_frequency": 434.193115234, "tuning_nontempered_energy_ratio": 0.83826816082, "chords_histogram": [6.20620632172, 0.0800800770521, 0.560560584068, 0, 0, 2.80280280113, 20.8408412933, 22.5425434113, 0.62062060833, 1.62162160873, 1.04104101658, 0.10010010004, 0.220220223069, 0.020020019263, 0.760760784149, 9.96996974945, 20.3803806305, 3.96396398544, 0, 0.180180177093, 0.020020019263, 0, 0.520520508289, 7.54754734039], "key_strength": 0.560742974281, "chords_key": "F", "chords_strength": {"dmean2": 0.0158554315567, "median": 0.483950197697, "min": -1, "dvar2": 0.00105057132896, "dvar": 0.000561893335544, "dmean": 0.0121761905029, "max": 0.793552696705, "var": 0.0309801287949, "mean": 0.475909560919}, "chords_scale": "major", "hpcp_entropy": {"dmean2": 1.18006289005, "median": 2.86418032646, "min": 0, "dvar2": 0.850004017353, "dvar": 0.310698419809, "dmean": 0.696792423725, "max": 4.71416187286, "var": 0.692465662956, "mean": 2.74464631081}}, "metadata": {"audio_properties": {"equal_loudness": 0, "codec": "mp3", "downmix": "mix", "sample_rate": 44100, "analysis_sample_rate": 44100, "bit_rate": 128000, "md5_encoded": "3151ad097353cd6c8eed5970ff9e62ce", "length": 231.915100098, "replay_gain": -0.715742111206, "lossless": false}, "version": {"essentia_build_sha": "e76a03f03bb3900de42a1fa0d9be1e72f12def64", "essentia": "2.1-beta1", "extractor": "music 1.0", "essentia_git_sha": "v2.1_beta1-28-g21ef5f4-dirty"}, "tags": {"title": ["Lonely Tonight"], "replaygain_album_gain": ["+0.56 dB"], "albumartist": ["Taggy Tones"], "date": ["1995"], "file_name": "12 - Taggy Tones - Lonely Tonight.mp3", "replaygain_track_gain": ["+0.12 dB"], "replaygain_track_peak": ["0.626960"], "acoustid_id": ["ec50d812-a83f-4ed2-82d9-96d7d4a63e28"], "musicbrainz_recordingid": ["11b08e2d-90ab-428d-9891-b1c5b9ae802a"], "musicbrainz_albumartistid": ["3c175337-a5a2-405b-90c8-c6bcdada8721"], "musicbrainz_albumid": ["1bab5b0b-5821-4f5a-b67e-68c07aabf134"], "artist": ["Taggy Tones"], "tracknumber": ["12/17"], "replaygain_album_peak": ["0.671103"], "album": ["Lost in the Desert"], "discnumber": ["1/1"], "musicbrainz_artistid": ["3c175337-a5a2-405b-90c8-c6bcdada8721"], "musicbrainz_releasegroupid": ["a0b91c3a-50d1-411b-ad4d-d169576c55ce"]}}, "rhythm": {"bpm_histogram_first_peak_bpm": {"dmean2": 0, "median": 108, "min": 108, "dvar2": 0, "dvar": 0, "dmean": 0, "max": 108, "var": 0, "mean": 108}, "bpm": 108.625, "bpm_histogram_second_peak_spread": {"dmean2": 0, "median": 0.388888865709, "min": 0.388888865709, "dvar2": 0, "dvar": 0, "dmean": 0, "max": 0.388888865709, "var": 0, "mean": 0.388888865709}, "bpm_histogram_first_peak_weight": {"dmean2": 0, "median": 0.410926371813, "min": 0.410926371813, "dvar2": 0, "dvar": 0, "dmean": 0, "max": 0.410926371813, "var": 0, "mean": 0.410926371813}, "onset_rate": 3.38891673088, "beats_position": [0.545668900013, 1.10294783115, 1.64861679077, 2.20589566231, 2.76317453384, 3.19274377823, 3.61070299149, 4.04027223587, 4.45823097229, 4.87619018555, 5.2941493988, 5.72371864319, 6.10684776306, 6.5015873909, 6.8963265419, 7.31428575516, 7.6858048439, 8.04571437836, 8.4172334671, 8.78875255585, 9.18349170685, 9.56662082672, 9.94974994659, 10.4954195023, 11.0410881042, 11.5867567062, 12.144036293, 12.689704895, 13.235373497, 13.7926530838, 14.3383216858, 14.8839902878, 15.4180498123, 15.9637184143, 16.5209980011, 17.0782756805, 17.6471652985, 18.2044448853, 18.7617225647, 19.3190021515, 19.8762817383, 20.4219493866, 20.9676189423, 21.5016784668, 22.0589561462, 22.6046257019, 23.1502952576, 23.707572937, 24.2648525238, 24.8221302032, 25.37940979, 25.9250793457, 26.470746994, 27.0280265808, 27.5736961365, 28.1193637848, 28.6534233093, 29.2107028961, 29.7563705444, 30.3020401001, 30.8593196869, 31.4165973663, 31.962266922, 32.5079345703, 33.0419960022, 33.5992736816, 34.1565513611, 34.7138328552, 35.2594985962, 35.8051681519, 36.3508377075, 36.8965072632, 37.4421768188, 37.9878463745, 38.545124054, 39.0907936096, 39.6364631653, 40.1937408447, 40.7510185242, 41.3083000183, 41.8539657593, 42.3880271912, 42.9336967468, 43.4909744263, 44.0482521057, 44.6055335999, 45.1628112793, 45.7200889587, 46.2773704529, 46.8230361938, 47.380317688, 47.9259872437, 48.4832649231, 49.0405426025, 49.6094322205, 50.1783218384, 50.7588195801, 51.3393173218, 51.931427002, 52.5235366821, 53.1156463623, 53.696144104, 54.2534217834, 54.8107032776, 55.3563690186, 55.9136505127, 56.4709281921, 57.0282058716, 57.5738754272, 58.1195449829, 58.6536026001, 59.2108840942, 59.7681617737, 60.3370513916, 60.9059410095, 61.4748306274, 62.0437164307, 62.6242179871, 63.2047157288, 63.7852134705, 64.3657150269, 64.9346008301, 65.5034942627, 66.0723800659, 66.6644897461, 67.2217712402, 67.7674331665, 68.3131027222, 68.8703842163, 69.4044418335, 69.9384994507, 70.4957809448, 71.029838562, 71.5871200562, 72.1444015503, 72.701675415, 73.2589569092, 73.8162307739, 74.3735122681, 74.9307937622, 75.4764633179, 76.0337371826, 76.5794067383, 77.1134643555, 77.6591339111, 78.2048034668, 78.7620849609, 79.3193664551, 79.8766403198, 80.433921814, 80.9795913696, 81.5252609253, 82.0593185425, 82.6166000366, 83.1622695923, 83.7079315186, 84.2536010742, 84.7876663208, 85.3333282471, 85.8906097412, 86.4478912354, 86.993560791, 87.5508346558, 88.0965042114, 88.6421737671, 89.1878433228, 89.7451248169, 90.3023986816, 90.8596801758, 91.4169616699, 91.9742355347, 92.5315170288, 93.0771865845, 93.6228561401, 94.1801376343, 94.737411499, 95.2830810547, 95.8287506104, 96.374420166, 96.9200897217, 97.4773712158, 98.011428833, 98.5570983887, 99.1027679443, 99.6600418091, 100.217323303, 100.762992859, 101.308662415, 101.865936279, 102.423217773, 102.980499268, 103.537773132, 104.095054626, 104.640724182, 105.186393738, 105.743675232, 106.300949097, 106.858230591, 107.415504456, 107.961174011, 108.506843567, 109.040908813, 109.58657074, 110.132240295, 110.677909851, 111.223579407, 111.780860901, 112.326530457, 112.883804321, 113.429473877, 113.986755371, 114.544036865, 115.10131073, 115.658592224, 116.215873718, 116.761543274, 117.3072052, 117.841270447, 118.398544312, 118.955825806, 119.489883423, 120.012336731, 120.569610596, 121.115280151, 121.672561646, 122.206619263, 122.763900757, 123.321174622, 123.878456116, 124.43573761, 124.981407166, 125.527069092, 126.084350586, 126.64163208, 127.198905945, 127.7445755, 128.290252686, 128.859130859, 129.416412354, 129.962081909, 130.507751465, 131.053421021, 131.610702515, 132.167984009, 132.713653564, 133.25932312, 133.816589355, 134.37387085, 134.931152344, 135.488433838, 136.045715332, 136.602996826, 137.160263062, 137.717544556, 138.27482605, 138.808883667, 139.354553223, 139.900222778, 140.445892334, 140.99156189, 141.548843384, 142.106124878, 142.663391113, 143.220672607, 143.766342163, 144.312011719, 144.857681274, 145.40335083, 145.960632324, 146.517913818, 147.063583374, 147.620864868, 148.178131104, 148.723800659, 149.269470215, 149.815139771, 150.360809326, 150.906478882, 151.463760376, 152.02104187, 152.578323364, 153.112380981, 153.658050537, 154.215332031, 154.761001587, 155.306671143, 155.852325439, 156.397994995, 156.932067871, 157.45451355, 158.011795044, 158.569061279, 159.114730835, 159.648788452, 160.194458008, 160.751739502, 161.309020996, 161.86630249, 162.423583984, 162.96925354, 163.514923096, 164.072189331, 164.617858887, 165.175140381, 165.720809937, 166.278091431, 166.835372925, 167.392654419, 167.938323975, 168.48399353, 169.029663086, 169.575332642, 170.132598877, 170.678268433, 171.223937988, 171.781219482, 172.338500977, 172.895782471, 173.464660645, 174.033554077, 174.579223633, 175.124893188, 175.682174683, 176.239456177, 176.796737671, 177.342407227, 177.888076782, 178.422134399, 178.979400635, 179.513473511, 180.059127808, 180.62802124, 181.185302734, 181.742584229, 182.299865723, 182.857131958, 183.402801514, 183.93687439, 184.482528687, 185.028198242, 185.573867798, 186.131149292, 186.676818848, 187.222488403, 187.779769897, 188.325439453, 188.871109009, 189.428390503, 189.96244812, 190.508117676, 191.053787231, 191.622665405, 192.168334961, 192.725616455, 193.282897949, 193.840179443, 194.385848999, 194.931518555, 195.488800049, 196.046066284, 196.603347778, 197.149017334, 197.69468689, 198.240356445, 198.786026001, 199.343307495, 199.877365112, 200.446258545, 201.003540039, 201.560806274, 202.118087769, 202.663757324, 203.20942688, 203.755096436, 204.289154053, 204.846435547, 205.392105103, 205.937774658, 206.495056152, 207.052337646, 207.609603882, 208.166885376, 208.735778809, 209.31628418, 209.885162354, 210.465667725, 211.046157837, 211.638275146, 212.230377197, 212.822494507, 213.391372681, 213.937042236, 214.49432373, 215.039993286, 215.59727478, 216.166168213, 216.735046387, 217.292327881, 217.837997437, 218.372055054, 218.917724609, 219.451782227, 220.009063721, 220.554733276, 221.100402832, 221.657684326, 222.21496582, 222.760635376, 223.306304932, 223.851974487, 224.420852661, 224.978134155, 225.547027588, 226.115921021, 226.696411133, 227.40461731, 228.124435425, 228.84425354, 229.401535034, 229.970428467, 230.539321899, 231.108200073], "beats_loudness": {"dmean2": 0.0787541866302, "median": 0.0605598427355, "min": 0, "dvar2": 0.00507008377463, "dvar": 0.00176275055856, "dmean": 0.0431240014732, "max": 0.286070972681, "var": 0.00226901145652, "mean": 0.0688191056252}, "danceability": 1.15420627594, "bpm_histogram_second_peak_weight": {"dmean2": 0, "median": 0.0261282660067, "min": 0.0261282660067, "dvar2": 0, "dvar": 0, "dmean": 0, "max": 0.0261282660067, "var": 0, "mean": 0.0261282660067}, "beats_count": 422, "bpm_histogram_second_peak_bpm": {"dmean2": 0, "median": 103, "min": 103, "dvar2": 0, "dvar": 0, "dmean": 0, "max": 103, "var": 0, "mean": 103}, "bpm_histogram_first_peak_spread": {"dmean2": 0, "median": 0.544736862183, "min": 0.544736862183, "dvar2": 0, "dvar": 0, "dmean": 0, "max": 0.544736862183, "var": 0, "mean": 0.544736862183}, "beats_loudness_band_ratio": {"dmean2": [0.291689276695, 0.135197281837, 0.0675073191524, 0.0966970920563, 0.0906446278095, 0.0567206591368], "median": [0.686062216759, 0.0635918825865, 0.024085206911, 0.0783241093159, 0.0729050710797, 0.0274617783725], "min": [0, 0, 0, 0, 0, 0], "dvar2": [0.0544908344746, 0.0282381176949, 0.00736194010824, 0.00914276763797, 0.00848430022597, 0.00703361723572], "dvar": [0.0201378297061, 0.0101020345464, 0.00247572455555, 0.00304871844128, 0.00335895526223, 0.00247761141509], "dmean": [0.165526494384, 0.078524582088, 0.0367114543915, 0.0543230287731, 0.0506706163287, 0.0307002719492], "max": [0.993972361088, 0.835462808609, 0.358092546463, 0.480574905872, 0.605452537537, 0.428254902363], "var": [0.0470147915184, 0.0128608830273, 0.00225983606651, 0.00390269374475, 0.0046306932345, 0.00189669732936], "mean": [0.660767555237, 0.101340204477, 0.0407225266099, 0.0879046693444, 0.0826895385981, 0.0378279387951]}}, "lowlevel": {"barkbands_spread": {"dmean2": 9.96541404724, "median": 16.2617969513, "min": 0.411739915609, "dvar2": 106.366722107, "dvar": 43.0501899719, "dmean": 6.1660451889, "max": 104.982276917, "var": 116.588851929, "mean": 17.8329486847}, "melbands_spread": {"dmean2": 11.5404949188, "median": 13.3920173645, "min": 0.222525835037, "dvar2": 180.415283203, "dvar": 71.5625991821, "dmean": 7.073346138, "max": 178.879272461, "var": 369.219146729, "mean": 18.0106658936}, "hfc": {"dmean2": 25.6000900269, "median": 34.7069129944, "min": 1.06138899441e-16, "dvar2": 1228.71728516, "dvar": 490.02230835, "dmean": 15.8486680984, "max": 636.753234863, "var": 1787.97570801, "mean": 44.7442970276}, "barkbands_kurtosis": {"dmean2": 12.2451171875, "median": 4.57145833969, "min": -1.6373244524, "dvar2": 794.505981445, "dvar": 297.375152588, "dmean": 7.58759593964, "max": 601.193847656, "var": 579.874267578, "mean": 11.1799459457}, "gfcc": {"mean": [-52.5765075684, 125.845115662, -100.042510986, 1.08157289028, 10.4344415665, 1.4338581562, -8.07866668701, -15.1339206696, -8.42122459412, -10.4475812912, -6.81286668777, -6.33798885345, -2.88656282425], "icov": [[0.000142390388646, -0.000435711815953, 0.000805555959232, -0.000736943038646, 0.000775954918936, -0.000362358259736, 0.000229038967518, -6.04099586781e-05, 0.000183820651728, 2.076023884e-05, -0.000286915106699, 0.000291558390018, -0.000196542547201], [-0.000435711815953, 0.00320658436976, -0.00216869870201, 0.00328473723494, -0.0028467879165, 0.000504761235788, -0.000302121101413, 0.00156418129336, -0.00212986581028, 0.00121131923515, 0.000140004907735, 0.000980118988082, 0.00040621808148], [0.000805555959232, -0.00216869870201, 0.00759756285697, -0.00504345446825, 0.00697086378932, -0.00422714604065, 0.00118428736459, -0.000374531984562, 3.03955084746e-06, 0.000977107789367, -0.00398384639993, 0.00446058157831, -0.00211243005469], [-0.000736943038646, 0.00328473723494, -0.00504345446825, 0.0125766731799, -0.00927959289402, 0.00543108675629, -0.00290207006037, -0.00272131315432, 0.00515204807743, -0.00893741194159, 0.0105291195214, -0.010011379607, 0.00768777262419], [0.000775954918936, -0.0028467879165, 0.00697086378932, -0.00927959289402, 0.0153942052275, -0.0077518937178, -0.000676409923472, 0.00250085233711, -0.00784278288484, 0.0131494151428, -0.0131682101637, 0.00934064388275, -0.00643599452451], [-0.000362358259736, 0.000504761235788, -0.00422714604065, 0.00543108675629, -0.0077518937178, 0.00890924967825, 0.00039994387771, -0.00538143329322, 0.00728366849944, -0.00797586422414, 0.00973311066628, -0.00889374036342, 0.00364068197086], [0.000229038967518, -0.000302121101413, 0.00118428736459, -0.00290207006037, -0.000676409923472, 0.00039994387771, 0.0097309499979, 0.00179977365769, -0.00482271006331, 0.00318584567867, -0.00144041376188, 0.00122580770403, -0.000354581687134], [-6.04099586781e-05, 0.00156418129336, -0.000374531984562, -0.00272131315432, 0.00250085233711, -0.00538143329322, 0.00179977365769, 0.0134812509641, -0.00944961793721, 0.00557613838464, -0.00596569338813, 0.00691187381744, -0.00376759190112], [0.000183820651728, -0.00212986581028, 3.03955084746e-06, 0.00515204807743, -0.00784278288484, 0.00728366849944, -0.00482271006331, -0.00944961793721, 0.0295599382371, -0.0226520244032, 0.012597380206, -0.0109860580415, 0.00533364061266], [2.076023884e-05, 0.00121131923515, 0.000977107789367, -0.00893741194159, 0.0131494151428, -0.00797586422414, 0.00318584567867, 0.00557613838464, -0.0226520244032, 0.0411047041416, -0.0243065133691, 0.0121725341305, -0.00624109199271], [-0.000286915106699, 0.000140004907735, -0.00398384639993, 0.0105291195214, -0.0131682101637, 0.00973311066628, -0.00144041376188, -0.00596569338813, 0.012597380206, -0.0243065133691, 0.0419789291918, -0.0209905374795, 0.00513679347932], [0.000291558390018, 0.000980118988082, 0.00446058157831, -0.010011379607, 0.00934064388275, -0.00889374036342, 0.00122580770403, 0.00691187381744, -0.0109860580415, 0.0121725341305, -0.0209905374795, 0.0375658608973, -0.0164242666215], [-0.000196542547201, 0.00040621808148, -0.00211243005469, 0.00768777262419, -0.00643599452451, 0.00364068197086, -0.000354581687134, -0.00376759190112, 0.00533364061266, -0.00624109199271, 0.00513679347932, -0.0164242666215, 0.0267033614218]], "cov": [[26950.2519531, 2035.3963623, -2381.07739258, 235.754226685, 48.9187202454, -329.624053955, -181.038635254, -370.309814453, -180.89163208, -151.934921265, -118.337432861, -41.5461921692, -88.9258880615], [2035.3963623, 954.908752441, -225.730453491, -232.712005615, 180.213928223, -13.0124769211, 21.5090579987, -106.425338745, 24.4532699585, -85.7259140015, 3.4913008213, -60.5084648132, 17.2651729584], [-2381.07739258, -225.730453491, 654.06262207, -6.9128112793, -230.35710144, 204.83493042, -121.010955811, 115.611228943, -36.1160087585, 74.0639419556, -9.69977092743, -10.7426929474, -9.31999874115], [235.754226685, -232.712005615, -6.9128112793, 287.238983154, 42.7406959534, -38.284362793, 65.0765457153, 21.6498241425, 11.923324585, 25.3629665375, -13.0900945663, 28.4937343597, -34.9369087219], [48.9187202454, 180.213928223, -230.35710144, 42.7406959534, 347.125274658, 20.5988063812, 118.802749634, -20.1347522736, 44.9553184509, -64.6632080078, 23.5168514252, 9.84021472931, 24.1188926697], [-329.624053955, -13.0124769211, 204.83493042, -38.284362793, 20.5988063812, 385.01864624, -92.5403213501, 115.471717834, -39.0750389099, 13.047709465, -15.8284463882, 19.8203678131, 18.6227073669], [-181.038635254, 21.5090579987, -121.010955811, 65.0765457153, 118.802749634, -92.5403213501, 191.969650269, -35.1842880249, 50.0570335388, -19.4246520996, 7.82951879501, 4.76933956146, -4.24329996109], [-370.309814453, -106.425338745, 115.611228943, 21.6498241425, -20.1347522736, 115.471717834, -35.1842880249, 150.434188843, 21.3110694885, 29.3714294434, 2.55489325523, 4.69832181931, 6.97420310974], [-180.89163208, 24.4532699585, -36.1160087585, 11.923324585, 44.9553184509, -39.0750389099, 50.0570335388, 21.3110694885, 91.271812439, 30.9796695709, 14.549123764, 8.4535369873, 3.25177502632], [-151.934921265, -85.7259140015, 74.0639419556, 25.3629665375, -64.6632080078, 13.047709465, -19.4246520996, 29.3714294434, 30.9796695709, 77.9673309326, 21.9183044434, 12.0329170227, 0.484512478113], [-118.337432861, 3.4913008213, -9.69977092743, -13.0900945663, 23.5168514252, -15.8284463882, 7.82951879501, 2.55489325523, 14.549123764, 21.9183044434, 54.941822052, 23.1212921143, 16.2365150452], [-41.5461921692, -60.5084648132, -10.7426929474, 28.4937343597, 9.84021472931, 19.8203678131, 4.76933956146, 4.69832181931, 8.4535369873, 12.0329170227, 23.1212921143, 61.7422142029, 26.6087703705], [-88.9258880615, 17.2651729584, -9.31999874115, -34.9369087219, 24.1188926697, 18.6227073669, -4.24329996109, 6.97420310974, 3.25177502632, 0.484512478113, 16.2365150452, 26.6087703705, 62.7604560852]]}, "spectral_energyband_middle_low": {"dmean2": 0.00758883822709, "median": 0.00606122333556, "min": 1.57049458237e-22, "dvar2": 0.000149081301061, "dvar": 6.33192466921e-05, "dmean": 0.00485116103664, "max": 0.173606216908, "var": 0.000169825842022, "mean": 0.0101614641026}, "melbands_crest": {"dmean2": 8.73743629456, "median": 18.0468482971, "min": 1.6317551136, "dvar2": 49.679069519, "dvar": 18.6381645203, "dmean": 5.20979642868, "max": 38.5487861633, "var": 51.236164093, "mean": 18.888425827}, "spectral_kurtosis": {"dmean2": 11.7727909088, "median": 19.1196079254, "min": -1.25134038925, "dvar2": 156.525634766, "dvar": 59.0221443176, "dmean": 7.32497024536, "max": 92.4235305786, "var": 117.767372131, "mean": 21.3740673065}, "spectral_rms": {"dmean2": 0.00224124686792, "median": 0.00595110841095, "min": 3.13033171433e-12, "dvar2": 5.07956656293e-06, "dvar": 2.19201137952e-06, "dmean": 0.00144838180859, "max": 0.0201638750732, "var": 8.20542300062e-06, "mean": 0.00612173229456}, "zerocrossingrate": {"dmean2": 0.0368315726519, "median": 0.10986328125, "min": 0.00390625, "dvar2": 0.00128652155399, "dvar": 0.000901547202375, "dmean": 0.0287777464837, "max": 0.74853515625, "var": 0.0081370845437, "mean": 0.128217607737}, "silence_rate_60dB": {"dmean2": 0.0228296779096, "median": 0, "min": 0, "dvar2": 0.0249118693173, "dvar": 0.0112834237516, "dmean": 0.011413696222, "max": 1, "var": 0.0580403991044, "mean": 0.0618680566549}, "erbbands_kurtosis": {"dmean2": 1.87900984287, "median": 0.224126175046, "min": -1.80247759819, "dvar2": 4.72697591782, "dvar": 1.89604079723, "dmean": 1.15136277676, "max": 34.6754188538, "var": 4.15591955185, "mean": 0.761608719826}, "erbbands": {"dmean2": [0.951702833176, 2.34163093567, 7.95473003387, 10.8967685699, 12.0324640274, 15.8831996918, 18.316778183, 8.34750556946, 5.80876636505, 9.87387752533, 12.9379644394, 15.0821065903, 15.3794679642, 16.8289165497, 30.8128852844, 36.9423484802, 42.2026176453, 42.0884132385, 51.3970909119, 40.5549697876, 33.3684463501, 31.8215084076, 21.0487861633, 12.8980779648, 6.28369140625, 5.77265071869, 2.36891841888, 1.2969520092, 0.518141627312, 0.283259779215, 0.164333149791, 0.102804899216, 0.0715830996633, 0.0485957935452, 0.0303322933614, 0.0168550349772, 0.00835072435439, 0.00520223844796, 0.00575752183795, 0.00273345690221], "median": [0.328019946814, 1.0476911068, 2.8361685276, 5.41989469528, 6.65848684311, 4.7332482338, 3.13038015366, 2.47543072701, 1.97307324409, 2.9308693409, 2.95760273933, 3.92954659462, 6.44028949738, 9.40972137451, 15.5301380157, 23.2345085144, 28.0140171051, 18.9655799866, 23.8167076111, 12.9633750916, 14.7426118851, 9.3355140686, 2.44249510765, 1.59516751766, 1.07513225079, 0.59455293417, 0.386861890554, 0.244351267815, 0.145337179303, 0.0879315435886, 0.0442377477884, 0.0219529345632, 0.0126871643588, 0.00869062449783, 0.00560637982562, 0.00330713018775, 0.00228709657677, 0.00207727099769, 0.00222037476487, 0.00326087977737], "min": [4.8431197042e-23, 5.07221608134e-22, 1.49796451456e-21, 3.93662523656e-21, 7.41894737107e-21, 3.14126910561e-20, 6.27671886636e-20, 6.27445187449e-20, 6.15734765668e-20, 1.07467815708e-19, 1.62604954692e-19, 2.05466339183e-19, 2.36978585949e-19, 5.252115057e-19, 9.42716134033e-19, 1.34905310031e-18, 1.05697128332e-18, 1.6276869251e-18, 1.6766714236e-18, 2.79495085238e-18, 3.07467872693e-18, 3.67788157707e-18, 4.71227630974e-18, 6.1351688248e-18, 5.90789764278e-18, 7.57450114095e-18, 8.55510225044e-18, 1.05373355365e-17, 1.07995650256e-17, 1.12100426512e-17, 1.06112896192e-17, 1.0327960407e-17, 8.74752348607e-18, 8.34832033219e-18, 5.87907122562e-18, 4.16740995871e-18, 2.12814339661e-18, 8.93816007954e-19, 2.46872131365e-19, 2.73795910338e-20], "dvar2": [2.10551309586, 10.0586462021, 184.751678467, 360.057769775, 317.228271484, 1755.77111816, 2795.40332031, 386.56036377, 221.951385498, 704.102539062, 1727.06738281, 1859.31445312, 1141.89257812, 941.968566895, 5225.40087891, 3764.51318359, 3873.49707031, 7119.60986328, 9813.00097656, 11710.6816406, 4025.17431641, 5904.50244141, 2482.76147461, 806.628356934, 296.565704346, 263.512878418, 34.8785247803, 9.36785507202, 0.954937398434, 0.24324221909, 0.073004797101, 0.0316867679358, 0.0161771960557, 0.00744916917756, 0.0028965852689, 0.00089078664314, 0.000201261093025, 6.89783992129e-05, 0.000139125142596, 1.86168199434e-05], "dvar": [0.787158668041, 3.68650627136, 67.2079315186, 140.856231689, 125.209625244, 707.26739502, 1268.19641113, 156.999954224, 90.8832931519, 291.119476318, 769.609069824, 782.936950684, 499.542053223, 429.771240234, 2137.73999023, 1443.69238281, 1559.74182129, 2856.96557617, 3870.04760742, 4376.06201172, 1589.12084961, 2191.62060547, 962.872253418, 334.836303711, 121.971405029, 97.395690918, 12.9574861526, 3.6449368, 0.413628786802, 0.108630895615, 0.0307786297053, 0.0130128487945, 0.00663622980937, 0.00305531919003, 0.00118827470578, 0.000365693296771, 8.31642755657e-05, 3.08477865474e-05, 5.48307543795e-05, 7.17645616533e-06], "dmean": [0.569241166115, 1.36911296844, 4.60069227219, 6.57412862778, 7.2570514679, 9.98216247559, 11.9829139709, 5.23994922638, 3.62751817703, 6.11971855164, 8.26470088959, 9.52530288696, 9.61604976654, 10.506357193, 18.7778606415, 22.5093593597, 25.7414264679, 26.0251045227, 31.7136936188, 24.3809146881, 20.5962162018, 19.394317627, 13.0116033554, 8.26818084717, 4.00047016144, 3.37316060066, 1.43564176559, 0.812288403511, 0.333783745766, 0.18209259212, 0.101366452873, 0.0621937923133, 0.0430558249354, 0.0292405299842, 0.0182658564299, 0.0101634860039, 0.00509204249829, 0.00334748975001, 0.00359978061169, 0.00170136906672], "max": [10.7775421143, 21.0007953644, 121.692619324, 216.148986816, 218.887054443, 609.713562012, 1055.40380859, 338.071105957, 330.823303223, 482.497344971, 1016.95257568, 894.987304688, 707.925292969, 977.768859863, 1703.32434082, 753.331420898, 1084.65209961, 1299.48400879, 1091.08093262, 1450.96447754, 918.182861328, 868.871154785, 460.62097168, 280.798034668, 516.262451172, 157.16506958, 59.7639656067, 40.5514984131, 11.3204593658, 7.92847776413, 3.28567004204, 2.32375144958, 1.66216671467, 1.12621462345, 0.701905786991, 0.389946877956, 0.187026381493, 0.101926594973, 0.125171020627, 0.0467863976955], "var": [0.984890341759, 4.18002510071, 67.9201660156, 164.058639526, 219.538665771, 1166.25744629, 3416.80200195, 241.702774048, 138.703109741, 543.294799805, 1224.80773926, 1156.87084961, 995.691772461, 1088.93347168, 4770.61523438, 2279.97167969, 2577.30371094, 3550.00585938, 4763.66210938, 3706.73950195, 1913.73413086, 1965.01989746, 985.719604492, 442.413452148, 145.792129517, 78.8517456055, 12.5572853088, 4.05678415298, 0.616786122322, 0.175021857023, 0.0376673601568, 0.0139172729105, 0.00687786890194, 0.00317075173371, 0.00123750767671, 0.000383495906135, 9.32961775106e-05, 5.27535048604e-05, 7.59363829275e-05, 2.03329545911e-05], "mean": [0.696253061295, 1.71568417549, 5.59795808792, 9.24811553955, 11.2183532715, 14.5636844635, 17.412563324, 7.41761493683, 5.18505334854, 9.0339307785, 11.4813375473, 13.6560935974, 15.0162973404, 17.6383590698, 30.5952262878, 37.3696861267, 42.0903511047, 37.8530654907, 45.3487625122, 29.9289035797, 29.2315292358, 23.5007839203, 14.0312128067, 9.80483436584, 4.93748950958, 3.30874156952, 1.62319791317, 0.951667129993, 0.426225394011, 0.231026813388, 0.113229162991, 0.063071154058, 0.0415243804455, 0.0282307881862, 0.0177756845951, 0.0100503768772, 0.00558135937899, 0.00468228198588, 0.00560637470335, 0.00458481814712]}, "spectral_strongpeak": {"dmean2": 0.928337275982, "median": 0.207389563322, "min": 0, "dvar2": 28.2639808655, "dvar": 9.85497665405, "dmean": 0.517578005791, "max": 104.866844177, "var": 6.48219776154, "mean": 0.517819344997}, "spectral_energy": {"dmean2": 0.0344652533531, "median": 0.0363010838628, "min": 1.00439509228e-20, "dvar2": 0.00195359950885, "dvar": 0.000813600607216, "dmean": 0.0218192022294, "max": 0.416746407747, "var": 0.00169739406556, "mean": 0.0468230545521}, "average_loudness": 0.827613115311, "spectral_rolloff": {"dmean2": 2726.53637695, "median": 904.39453125, "min": 21.533203125, "dvar2": 47490728, "dvar": 18557738, "dmean": 1447.35986328, "max": 22028.4667969, "var": 26751494, "mean": 2319.31713867}, "spectral_centroid": {"dmean2": 423.542144775, "median": 880.433776855, "min": 134.626968384, "dvar2": 225728.78125, "dvar": 98247.1875, "dmean": 270.685791016, "max": 11788.7460938, "var": 1778502.375, "mean": 1123.45910645}, "pitch_salience": {"dmean2": 0.162282049656, "median": 0.541393995285, "min": 0.0603676661849, "dvar2": 0.0179743766785, "dvar": 0.00666733831167, "dmean": 0.0974115803838, "max": 0.861149430275, "var": 0.0171386860311, "mean": 0.525418758392}, "spectral_energyband_middle_high": {"dmean2": 0.00438373396173, "median": 0.00371867860667, "min": 1.10365422124e-21, "dvar2": 6.12420917605e-05, "dvar": 2.60852866631e-05, "dmean": 0.0028641759418, "max": 0.0909202545881, "var": 4.37914495706e-05, "mean": 0.00565861631185}, "spectral_contrast_coeffs": {"dmean2": [0.0953918844461, 0.0762164518237, 0.0602978877723, 0.0496480055153, 0.0543237775564, 0.0689340755343], "median": [-0.678337991238, -0.805332839489, -0.820469975471, -0.811745464802, -0.78847682476, -0.817532837391], "min": [-0.984100461006, -0.981510937214, -0.979683816433, -0.972894012928, -0.968212544918, -0.965506672859], "dvar2": [0.00572019536048, 0.00371660059318, 0.00224129599519, 0.00158090656623, 0.00232041231357, 0.00536969536915], "dvar": [0.00212646089494, 0.00136337231379, 0.000817193591502, 0.000572588818613, 0.000912051997148, 0.00223190849647], "dmean": [0.0578287951648, 0.0458184033632, 0.0360621586442, 0.0292019955814, 0.033502984792, 0.0427259206772], "max": [-0.319787353277, -0.45942980051, -0.504528820515, -0.577946305275, -0.628105998039, -0.484653383493], "var": [0.00805444270372, 0.00470598088577, 0.00266585848294, 0.00173633475788, 0.00288943550549, 0.00523248733953], "mean": [-0.678050041199, -0.797753214836, -0.816656172276, -0.811272919178, -0.793854832649, -0.796777069569]}, "melbands_skewness": {"dmean2": 1.70899546146, "median": 2.93032097816, "min": -1.23356068134, "dvar2": 3.11462974548, "dvar": 1.22146809101, "dmean": 1.05901491642, "max": 27.4861030579, "var": 4.57814741135, "mean": 3.34880828857}, "spectral_spread": {"dmean2": 995780.25, "median": 2729947.5, "min": 1067987.625, "dvar2": 1242779746300.0, "dvar": 526568226816, "dmean": 612917.8125, "max": 43481140, "var": 22274245656600.0, "mean": 3448968.75}, "dissonance": {"dmean2": 0.0239325538278, "median": 0.483740389347, "min": 0.252081036568, "dvar2": 0.000666773179546, "dvar": 0.000249325821642, "dmean": 0.0142016327009, "max": 0.500000119209, "var": 0.000498001056258, "mean": 0.476611316204}, "spectral_skewness": {"dmean2": 0.782224655151, "median": 2.92480015755, "min": -0.0777984634042, "dvar2": 0.581396639347, "dvar": 0.231170162559, "dmean": 0.504998743534, "max": 7.71092700958, "var": 0.754176080227, "mean": 2.96254181862}, "spectral_flux": {"dmean2": 0.0582983829081, "median": 0.107452772558, "min": 6.18183282342e-11, "dvar2": 0.00345508824103, "dvar": 0.00150060886517, "dmean": 0.0361030139029, "max": 0.487404972315, "var": 0.00363430147991, "mean": 0.11580145359}, "spectral_contrast_valleys": {"dmean2": [0.657665908337, 0.673349201679, 0.520686924458, 0.508775889874, 0.72944444418, 1.23912000656], "median": [-6.50258541107, -6.86969661713, -6.83165502548, -6.93751811981, -8.03442955017, -11.2433691025], "min": [-28.1208667755, -28.0524616241, -27.9517536163, -27.7713527679, -27.6039981842, -27.4094257355], "dvar2": [0.277714014053, 0.320856392384, 0.202439337969, 0.236093908548, 0.551048517227, 1.10727488995], "dvar": [0.120800077915, 0.141039922833, 0.0978355333209, 0.124090045691, 0.249848946929, 0.437741100788], "dmean": [0.40449282527, 0.419676959515, 0.328488171101, 0.335362970829, 0.487826883793, 0.76186811924], "max": [-5.00368309021, -4.80485677719, -5.19899082184, -4.8661236763, -5.81681585312, -8.728099823], "var": [7.29473352432, 7.15395784378, 7.09279346466, 7.17434406281, 6.763712883, 4.98100709915], "mean": [-6.97258996964, -7.27064704895, -7.28372764587, -7.40910291672, -8.35959434509, -11.5796136856]}, "erbbands_flatness_db": {"dmean2": 0.0454824082553, "median": 0.174162402749, "min": 0.0504292286932, "dvar2": 0.00149751303252, "dvar": 0.000584472785704, "dmean": 0.0285726934671, "max": 0.358118325472, "var": 0.00172342138831, "mean": 0.175325676799}, "spectral_energyband_high": {"dmean2": 0.000170509549207, "median": 7.01922108419e-05, "min": 6.91265225167e-21, "dvar2": 1.0650884974e-07, "dvar": 4.19296242171e-08, "dmean": 0.000106721832708, "max": 0.00232797814533, "var": 5.74023211186e-08, "mean": 0.000164073775522}, "spectral_entropy": {"dmean2": 0.34128934145, "median": 7.3680062294, "min": 5.10200500488, "dvar2": 0.0998985618353, "dvar": 0.0413865558803, "dmean": 0.217020228505, "max": 9.81975078583, "var": 0.214222490788, "mean": 7.34927272797}, "silence_rate_20dB": {"dmean2": 0, "median": 1, "min": 1, "dvar2": 0, "dvar": 0, "dmean": 0, "max": 1, "var": 0, "mean": 1}, "melbands_flatness_db": {"dmean2": 0.073654346168, "median": 0.296432465315, "min": 0.00279563316144, "dvar2": 0.00393018359318, "dvar": 0.00151552143507, "dmean": 0.0458622276783, "max": 0.607197761536, "var": 0.00574508076534, "mean": 0.297217488289}, "barkbands": {"dmean2": [0.0124634876847, 0.0160991381854, 0.00837603397667, 0.00323634990491, 0.0044968649745, 0.00133219605777, 0.000483186013298, 0.000571007316466, 0.000678789743688, 0.0005265607615, 0.000661392288748, 0.000930297304876, 0.000889108458068, 0.000939377991017, 0.000882214459125, 0.000706054153852, 0.000588321359828, 0.000356577918865, 0.00016929746198, 0.000112355563033, 4.11608089053e-05, 1.30428325065e-05, 6.42514896754e-06, 4.50360266768e-06, 4.30244062954e-06, 4.52858694189e-06, 0.00011246962822], "median": [0.00386275863275, 0.00745484698564, 0.00287443120033, 0.00164722884074, 0.0018952509854, 0.00031629492878, 0.000150515712448, 0.000125708931591, 0.000169324572198, 0.000247814023169, 0.000280628097244, 0.000508660334162, 0.000557021819986, 0.000375678209821, 0.000327788409777, 0.000246949348366, 0.00016713324294, 3.39850193996e-05, 2.57794690697e-05, 1.30540911414e-05, 7.69924099586e-06, 3.84229588235e-06, 1.71237513769e-06, 8.5594876964e-07, 7.79330434852e-07, 1.20745198728e-06, 9.00634840946e-05], "min": [2.58940338088e-25, 1.45888652178e-24, 1.87191898014e-25, 7.43235458438e-25, 9.40360222119e-24, 9.8808922567e-24, 2.3981194025e-24, 4.6390953461e-24, 1.01592307831e-23, 9.73388250499e-24, 9.56704394556e-24, 2.68997624376e-23, 1.91820916549e-23, 3.00343580425e-23, 3.75516281785e-23, 4.40448306418e-23, 6.34991376847e-23, 7.68089692716e-23, 1.14932679379e-22, 1.4844205175e-22, 2.59816804363e-22, 2.94596129196e-22, 3.83834422444e-22, 4.84576478636e-22, 8.48699021486e-22, 1.17469067875e-21, 1.91777422545e-21], "dvar2": [0.000390922272345, 0.000520011002664, 0.000223388662562, 2.55848899542e-05, 9.30488095037e-05, 1.17320250865e-05, 1.64134792158e-06, 3.04383161165e-06, 2.98229156215e-06, 9.97534129965e-07, 2.92502272714e-06, 2.54593760474e-06, 1.64025084359e-06, 3.4048064208e-06, 2.88629280476e-06, 3.14085536957e-06, 1.95118332158e-06, 6.50376932754e-07, 1.56099162041e-07, 9.13819278026e-08, 8.44642134012e-09, 5.70411995415e-10, 1.14324355538e-10, 6.32852589777e-11, 5.8337647213e-11, 5.87440582289e-11, 3.19854080999e-08], "dvar": [0.000178690534085, 0.000195137326955, 8.23194641271e-05, 9.8882110251e-06, 3.81518620998e-05, 4.99929956277e-06, 6.68729967401e-07, 1.35727123052e-06, 1.24828227399e-06, 4.64519843035e-07, 1.29510453917e-06, 9.79807168733e-07, 6.61933995616e-07, 1.35599270834e-06, 1.15052694127e-06, 1.15946158985e-06, 7.26313544419e-07, 2.57345988075e-07, 6.72294504511e-08, 3.40262076293e-08, 3.2662923477e-09, 2.53267962158e-10, 4.83062478907e-11, 2.59529932267e-11, 2.39264302815e-11, 2.42677492684e-11, 1.23759038573e-08], "dmean": [0.00794041249901, 0.00959116686136, 0.00484609464183, 0.00195659301244, 0.00282687041909, 0.000846503477078, 0.000300656683976, 0.000357331038686, 0.000429949723184, 0.000329273607349, 0.000406698876759, 0.000563359353691, 0.000540573615581, 0.000577762431931, 0.00053781067254, 0.000424695375841, 0.00035733479308, 0.000222373564611, 0.000108654887299, 6.61136436975e-05, 2.55440390902e-05, 8.40609300212e-06, 3.9647416088e-06, 2.71261956186e-06, 2.58910222328e-06, 2.76018204204e-06, 6.9833258749e-05], "max": [0.297560244799, 0.183351486921, 0.115599654615, 0.0710109695792, 0.133654072881, 0.0712232589722, 0.0346325524151, 0.0379474759102, 0.0381009280682, 0.0272438358516, 0.0493602566421, 0.0235058981925, 0.0193950217217, 0.022762959823, 0.0190667919815, 0.0263158362359, 0.0176943987608, 0.00740823196247, 0.00933653116226, 0.0028006026987, 0.000910733186174, 0.000301310268696, 0.00012678890198, 0.00010351761739, 9.9624201539e-05, 0.0001