{"tonal": {"thpcp": [1, 0.743269622326, 0.756041765213, 0.86889821291, 0.72891241312, 0.577125966549, 0.523223698139, 0.584491431713, 0.856295764446, 0.850975453854, 0.545852124691, 0.433473467827, 0.416674077511, 0.444391191006, 0.631257593632, 0.649764478207, 0.415434390306, 0.284251302481, 0.253340154886, 0.298792630434, 0.53421497345, 0.649345695972, 0.51235216856, 0.59603536129, 0.63782286644, 0.403112530708, 0.275605171919, 0.263934463263, 0.478357553482, 0.812334895134, 0.68369024992, 0.357969194651, 0.27117651701, 0.281338483095, 0.454865574837, 0.875612258911], "hpcp": {"dmean2": [0.330611437559, 0.28809222579, 0.298963576555, 0.321014940739, 0.307621032, 0.262797117233, 0.243849366903, 0.231466650963, 0.243020474911, 0.27572503686, 0.272930413485, 0.20687353611, 0.162631288171, 0.151438862085, 0.158218592405, 0.212929397821, 0.240982919931, 0.228257492185, 0.228324517608, 0.228765934706, 0.189049139619, 0.150764837861, 0.148055866361, 0.262279897928, 0.403774559498, 0.292755693197, 0.173010826111, 0.152420058846, 0.15848018229, 0.226195916533, 0.328580081463, 0.36655652523, 0.350570470095, 0.335794180632, 0.322295486927, 0.344224244356], "median": [0.0377878211439, 0.0352170467377, 0.0365823283792, 0.0530095398426, 0.059341236949, 0.0423084162176, 0.0259947478771, 0.0236540753394, 0.0289386101067, 0.046789702028, 0.0494840368629, 0.0317604802549, 0.0190579984337, 0.0169297643006, 0.0241432245821, 0.0484369434416, 0.0600883923471, 0.0548031814396, 0.051720622927, 0.0491101592779, 0.0345519036055, 0.0205016117543, 0.0192080382258, 0.030386256054, 0.0541805252433, 0.0559322349727, 0.0274850428104, 0.0179139804095, 0.0177778676152, 0.0292505118996, 0.0706721395254, 0.0873809084296, 0.0725835859776, 0.0567777305841, 0.0450863055885, 0.0421629622579], "min": [0, 0, 0, 0, 0, 0, 0, 0, 0, 0, 0, 0, 0, 0, 0, 0, 0, 0, 0, 0, 0, 0, 0, 0, 0, 0, 0, 0, 0, 0, 0, 0, 0, 0, 0, 0], "dvar2": [0.195643633604, 0.165569901466, 0.179229319096, 0.179448410869, 0.161055758595, 0.142684966326, 0.153163686395, 0.14616946876, 0.145340636373, 0.152020663023, 0.158710598946, 0.113467127085, 0.0999120771885, 0.0904196798801, 0.0797265768051, 0.0976610407233, 0.114198245108, 0.0997136682272, 0.104467064142, 0.111113063991, 0.0844133645296, 0.0716032385826, 0.0714918151498, 0.111251875758, 0.249271139503, 0.120815552771, 0.0803090333939, 0.0787197202444, 0.0803484395146, 0.109037704766, 0.160620421171, 0.183593079448, 0.173911377788, 0.175429493189, 0.181084156036, 0.194264128804], "dvar": [0.0705642849207, 0.06086589396, 0.0648521706462, 0.068988032639, 0.062248237431, 0.051401682198, 0.0541978180408, 0.051937840879, 0.0511712431908, 0.0567402988672, 0.0597221776843, 0.0406876578927, 0.035168942064, 0.031679160893, 0.0285354126245, 0.0362774729729, 0.0433362089097, 0.0357948020101, 0.037442304194, 0.0413167215884, 0.030303504318, 0.0254338532686, 0.0252607315779, 0.0395007357001, 0.0897090956569, 0.0457400493324, 0.02862178348, 0.0281036067754, 0.0287451371551, 0.0388274304569, 0.0594946183264, 0.0687810331583, 0.0601585507393, 0.0635269880295, 0.0688654854894, 0.0709715485573], "dmean": [0.180434182286, 0.158024817705, 0.164222106338, 0.179954454303, 0.17382799089, 0.145127996802, 0.132220253348, 0.126132950187, 0.132708460093, 0.153230160475, 0.152570679784, 0.114075295627, 0.0879046469927, 0.0816904008389, 0.0869235247374, 0.121412143111, 0.138579249382, 0.128086492419, 0.128721565008, 0.129907265306, 0.105069316924, 0.0826049372554, 0.0809397548437, 0.143614113331, 0.223280265927, 0.164219200611, 0.0966716259718, 0.0832475498319, 0.087150759995, 0.127188906074, 0.188520118594, 0.207268089056, 0.195702970028, 0.186189055443, 0.17970483005, 0.190542414784], "max": [1, 1, 1, 1, 1, 1, 1, 1, 1, 1, 1, 1, 1, 1, 1, 1, 1, 1, 1, 1, 1, 1, 1, 1, 1, 1, 1, 1, 1, 1, 1, 1, 1, 1, 1, 1], "var": [0.056682433933, 0.0502339862287, 0.0575083419681, 0.0950562879443, 0.0887725353241, 0.0470777153969, 0.0429135896266, 0.0410728305578, 0.0414174385369, 0.0626395866275, 0.0655930116773, 0.033058103174, 0.024502273649, 0.0208538156003, 0.0212180335075, 0.041130695492, 0.0558313131332, 0.0332617610693, 0.0500820577145, 0.0610822848976, 0.0257464069873, 0.0185644384474, 0.0177440755069, 0.0336339585483, 0.0877269357443, 0.0564854294062, 0.0252890065312, 0.0205804444849, 0.0213045179844, 0.0358090214431, 0.0827959924936, 0.09887611866, 0.0599067509174, 0.0686818435788, 0.101637743413, 0.0741608738899], "mean": [0.141771346331, 0.128530219197, 0.143580675125, 0.210349589586, 0.209042653441, 0.134088918567, 0.106483027339, 0.102356247604, 0.109164968133, 0.155068814754, 0.159615039825, 0.102051712573, 0.0698265060782, 0.0622331649065, 0.0733985975385, 0.1312302351, 0.15951217711, 0.125859633088, 0.146416455507, 0.156681582332, 0.0990248396993, 0.0677025839686, 0.0648356676102, 0.11750882864, 0.199550569057, 0.167948931456, 0.0879353508353, 0.0666146799922, 0.0691109746695, 0.111738011241, 0.215094700456, 0.245650619268, 0.182584643364, 0.185722127557, 0.21344538033, 0.179057791829]}, "tuning_equal_tempered_deviation": 0.229242414236, "chords_changes_rate": 0.0763849467039, "key_key": "D#", "tuning_diatonic_strength": 0.601710855961, "key_scale": "major", "chords_number_rate": 0.00189071660861, "tuning_frequency": 434.193115234, "tuning_nontempered_energy_ratio": 0.921084463596, "chords_histogram": [8.20571041107, 24.9007377625, 8.33806037903, 1.83399510384, 2.57137465477, 0.132350161672, 1.7394592762, 0.0378143303096, 6.22045755386, 0.189071655273, 0.58612215519, 0.207978829741, 0, 0.0945358276367, 0.170164495707, 0.85082244873, 0, 0.113442994654, 0, 0.529400646687, 0.0567214973271, 9.45358276367, 16.1845340729, 17.5836639404], "key_strength": 0.590114414692, "chords_key": "G", "chords_strength": {"dmean2": 0.0156346317381, "median": 0.515961408615, "min": 0.218717232347, "dvar2": 0.000225339012104, "dvar": 0.000142171149491, "dmean": 0.0137803470716, "max": 0.843976974487, "var": 0.0086228037253, "mean": 0.517658114433}, "chords_scale": "minor", "hpcp_entropy": {"dmean2": 1.14624476433, "median": 2.36015176773, "min": 0, "dvar2": 0.841190576553, "dvar": 0.301579743624, "dmean": 0.684167146683, "max": 4.64210033417, "var": 0.629395484924, "mean": 2.36308455467}}, "metadata": {"audio_properties": {"equal_loudness": 0, "codec": "mp3", "downmix": "mix", "sample_rate": 44100, "analysis_sample_rate": 44100, "bit_rate": 160017, "md5_encoded": "d52d6488f9ec622e92bab87c7e085f30", "length": 245.551025391, "replay_gain": -15.7724819183, "lossless": false}, "version": {"essentia_build_sha": "70f2e5ece6736b2c40cc944ad0e695b16b925413", "essentia": "2.1-beta2", "extractor": "music 1.0", "essentia_git_sha": "v2.1_beta2"}, "tags": {"title": ["Meet Me Half Way"], "date": ["2010"], "file_name": "Haste The Day - Meet Me Half Way.mp3", "musicbrainz_recordingid": ["11b2e88e-be50-40fb-a20d-e660051fb3ba"], "artistsort": ["Haste the Day"], "encoding": ["Lavf56.36.100"], "artist": ["Haste the Day"], "tracknumber": ["12/0"], "bpm": ["0"], "album": ["Attack Of The Wolf King (Deluxe Edition)"], "discnumber": ["0/0"], "musicbrainz_artistid": ["bcbc08d6-4615-4f40-963c-5158ebe2b9e0"]}}, "rhythm": {"bpm_histogram_first_peak_bpm": {"dmean2": 0, "median": 140, "min": 140, "dvar2": 0, "dvar": 0, "dmean": 0, "max": 140, "var": 0, "mean": 140}, "bpm": 139.933914185, "bpm_histogram_second_peak_spread": {"dmean2": 0, "median": 0.272727251053, "min": 0.272727251053, "dvar2": 0, "dvar": 0, "dmean": 0, "max": 0.272727251053, "var": 0, "mean": 0.272727251053}, "bpm_histogram_first_peak_weight": {"dmean2": 0, "median": 0.745200693607, "min": 0.745200693607, "dvar2": 0, "dvar": 0, "dmean": 0, "max": 0.745200693607, "var": 0, "mean": 0.745200693607}, "onset_rate": 3.52252292633, "beats_position": [0.359909296036, 0.719818592072, 1.07972788811, 1.43963718414, 1.79954648018, 2.15945577621, 2.51936507225, 2.86766433716, 3.22757363319, 3.59909296036, 3.97061228752, 4.34213161469, 4.77170038223, 5.20126962662, 5.630838871, 6.06040811539, 6.5015873909, 6.94276618958, 7.38394546509, 7.8251247406, 8.26630401611, 8.6958732605, 9.12544155121, 9.55501079559, 9.98458003998, 10.4141492844, 10.8437185287, 11.2732877731, 11.7028570175, 12.1208162308, 12.5503854752, 12.9799547195, 13.4095239639, 13.8390922546, 14.2570514679, 14.6866207123, 15.1161899567, 15.5341491699, 15.9637184143, 16.3932876587, 16.8228569031, 17.2524261475, 17.6819953918, 18.1115646362, 18.5411338806, 18.970703125, 19.4002723694, 19.8298416138, 20.2594108582, 20.6889801025, 21.1185474396, 21.548116684, 21.9892959595, 22.4072551727, 22.8368244171, 23.2663936615, 23.6843528748, 24.1139221191, 24.5434913635, 24.9730606079, 25.3910198212, 25.8205890656, 26.2501583099, 26.6797275543, 27.1092967987, 27.5388660431, 27.9684352875, 28.3980045319, 28.8275737762, 29.2571430206, 29.686712265, 30.1162815094, 30.5458488464, 30.9754180908, 31.4049873352, 31.8345565796, 32.264125824, 32.6936950684, 33.1232643127, 33.5528335571, 33.9824028015, 34.4119720459, 34.8415412903, 35.2711105347, 35.6890678406, 36.118637085, 36.5482063293, 36.96616745, 37.3957366943, 37.8253059387, 38.2664833069, 38.6960525513, 39.1256217957, 39.5435829163, 39.9731521606, 40.402721405, 40.8322906494, 41.2618598938, 41.6914291382, 42.1209983826, 42.550567627, 42.9801368713, 43.4097061157, 43.8392753601, 44.2688446045, 44.6984100342, 45.1163711548, 45.5459403992, 45.9755096436, 46.3934669495, 46.8346481323, 47.2642173767, 47.6937866211, 48.111743927, 48.5413131714, 48.9708824158, 49.4004516602, 49.8300209045, 50.2712020874, 50.6891593933, 51.1187286377, 51.5482978821, 51.9662590027, 52.3842163086, 52.8253974915, 53.2665748596, 53.696144104, 54.1257133484, 54.5552825928, 54.9848518372, 55.4028091431, 55.8323783875, 56.2619476318, 56.6915168762, 57.1210861206, 57.550655365, 57.9802246094, 58.39818573, 58.8277549744, 59.2573242188, 59.6868934631, 60.1164627075, 60.5460319519, 60.9756011963, 61.4051704407, 61.8347396851, 62.2643089294, 62.6938781738, 63.1118354797, 63.5414047241, 63.9709739685, 64.4005432129, 64.8301086426, 65.2712936401, 65.6892471313, 66.1188201904, 66.5483856201, 66.9779586792, 67.4075241089, 67.8254852295, 68.2550582886, 68.6846237183, 69.1141967773, 69.543762207, 69.9733352661, 70.4029006958, 70.8324737549, 71.2504272461, 71.6800003052, 72.1095657349, 72.5391387939, 72.9687042236, 73.3982772827, 73.8278427124, 74.2574157715, 74.6985931396, 75.1165542603, 75.5461196899, 75.975692749, 76.4052581787, 76.8348312378, 77.2643966675, 77.6823577881, 78.1119232178, 78.5414962769, 78.9710617065, 79.4006347656, 79.8302001953, 80.2481613159, 80.677734375, 81.1072998047, 81.5484771729, 81.9780502319, 82.4076156616, 82.8255767822, 83.2551422119, 83.684715271, 84.1142807007, 84.5438537598, 84.9734191895, 85.4029922485, 85.8325576782, 86.2621307373, 86.6800918579, 87.1096572876, 87.5392303467, 87.9687957764, 88.3983688354, 88.8395462036, 89.2575073242, 89.6870727539, 90.116645813, 90.5462112427, 90.9757843018, 91.4053497314, 91.8349151611, 92.2644882202, 92.6940536499, 93.1120147705, 93.5415878296, 93.9711532593, 94.4007263184, 94.8186798096, 95.2482528687, 95.6778182983, 96.1073913574, 96.5369567871, 96.9665298462, 97.3960952759, 97.825668335, 98.2668457031, 98.6848068237, 99.1143722534, 99.5439453125, 99.9735107422, 100.403083801, 100.832649231, 101.26222229, 101.69178772, 102.121360779, 102.550926208, 102.980499268, 103.410064697, 103.839637756, 104.269203186, 104.698776245, 105.116729736, 105.546302795, 105.975868225, 106.393829346, 106.823402405, 107.252967834, 107.694145203, 108.112106323, 108.541679382, 108.971244812, 109.41242218, 109.830383301, 110.25995636, 110.68952179, 111.119087219, 111.548660278, 111.978225708, 112.407798767, 112.825759888, 113.266937256, 113.696502686, 114.126075745, 114.555641174, 114.985214233, 115.403175354, 115.832740784, 116.262313843, 116.691879272, 117.121452332, 117.551017761, 117.98059082, 118.398544312, 118.828117371, 119.2576828, 119.687255859, 120.116821289, 120.546394348, 120.975959778, 121.417137146, 121.835098267, 122.264671326, 122.694236755, 123.123809814, 123.553375244, 123.971336365, 124.400901794, 124.830474854, 125.260040283, 125.689613342, 126.119178772, 126.548751831, 126.978317261, 127.40789032, 127.82585144, 128.25541687, 128.6849823, 129.126159668, 129.544128418, 129.973693848, 130.403259277, 130.832824707, 131.262405396, 131.691970825, 132.121536255, 132.551101685, 132.980682373, 133.398635864, 133.839813232, 134.257781982, 134.698959351, 135.12852478, 135.55809021, 135.97605896, 136.40562439, 136.835189819, 137.264755249, 137.682723999, 138.112289429, 138.541854858, 138.971420288, 139.401000977, 139.830566406, 140.260131836, 140.689697266, 141.119277954, 141.548843384, 141.978408813, 142.407974243, 142.837554932, 143.267120361, 143.696685791, 144.126251221, 144.544219971, 144.9737854, 145.40335083, 145.82131958, 146.25088501, 146.680450439, 147.110015869, 147.539596558, 147.969161987, 148.398727417, 148.828292847, 149.257858276, 149.687438965, 150.117004395, 150.546569824, 150.976135254, 151.405715942, 151.835281372, 152.264846802, 152.694412231, 153.12399292, 153.55355835, 153.971511841, 154.401092529, 154.830657959, 155.260223389, 155.689788818, 156.119369507, 156.548934937, 156.978500366, 157.408065796, 157.826034546, 158.255599976, 158.685165405, 159.114730835, 159.544311523, 159.973876953, 160.403442383, 160.833007812, 161.262588501, 161.692153931, 162.12171936, 162.55128479, 162.980865479, 163.39881897, 163.828384399, 164.257949829, 164.699142456, 165.117095947, 165.546661377, 165.976226807, 166.405807495, 166.835372925, 167.264938354, 167.694503784, 168.124084473, 168.553649902, 168.983215332, 169.412780762, 169.84236145, 170.27192688, 170.70149231, 171.131057739, 171.549026489, 171.978591919, 172.408157349, 172.837722778, 173.267303467, 173.685256958, 174.114822388, 174.544403076, 174.973968506, 175.403533936, 175.833099365, 176.262680054, 176.680633545, 177.110198975, 177.539764404, 177.969345093, 178.398910522, 178.828475952, 179.258041382, 179.68762207, 180.1171875, 180.54675293, 180.976318359, 181.405899048, 181.835464478, 182.265029907, 182.694595337, 183.124176025, 183.553741455, 183.971694946, 184.401260376, 184.830841064, 185.260406494, 185.689971924, 186.119537354, 186.549118042, 186.978683472, 187.408248901, 187.826202393, 188.255783081, 188.685348511, 189.11491394, 189.54447937, 189.974060059, 190.403625488, 190.833190918, 191.262756348, 191.692337036, 192.121902466, 192.551467896, 192.981033325, 193.399002075, 193.840179443, 194.258132935, 194.687713623, 195.117279053, 195.546844482, 195.976409912, 196.405975342, 196.83555603, 197.26512146, 197.69468689, 198.11265564, 198.542221069, 198.971786499, 199.401351929, 199.830932617, 200.260498047, 200.690063477, 201.119628906, 201.549209595, 201.978775024, 202.408340454, 202.837905884, 203.267486572, 203.697052002, 204.126617432, 204.556182861, 204.985748291, 205.415328979, 205.844894409, 206.2628479, 206.692428589, 207.121994019, 207.551559448, 207.981124878, 208.399093628, 208.828659058, 209.258224487, 209.687789917, 210.117370605, 210.546936035, 210.976501465, 211.406066895, 211.835647583, 212.253601074, 212.683166504, 213.124343872, 213.553924561, 213.971878052, 214.401443481, 214.831008911, 215.2605896, 215.690155029, 216.119720459, 216.549285889, 216.978866577, 217.408432007, 217.837997437, 218.267562866, 218.685531616, 219.115097046, 219.544662476, 219.985839844, 220.403808594, 220.833374023, 221.262939453, 221.692520142, 222.122085571, 222.540039062, 222.981216431, 223.410797119, 223.840362549, 224.25831604, 224.699493408, 225.117462158, 225.535415649, 225.953369141, 226.394546509, 226.835739136, 227.253692627, 227.671646118, 228.112823486, 228.542404175, 228.971969604, 229.389923096, 229.831100464, 230.260681152, 230.690246582, 231.119812012, 231.549377441, 231.97895813, 232.40852356, 232.826477051, 233.267654419, 233.708831787, 234.150024414, 234.591201782, 235.055603027, 235.508392334, 235.97277832, 236.413970947, 236.855148315, 237.296325684, 237.725891113, 238.097412109, 238.468933105, 238.840454102, 239.211975098, 239.560272217, 239.908569336, 240.256866455, 240.605163574, 240.97668457, 241.359817505, 241.742950439, 242.126068115, 242.602081299, 243.078094482, 243.554092407, 244.030105591, 244.506118774, 244.982131958], "beats_loudness": {"dmean2": 0.0449938625097, "median": 0.0642015486956, "min": 4.502937756e-08, "dvar2": 0.00123509892728, "dvar": 0.00038849937846, "dmean": 0.0245839189738, "max": 0.179970771074, "var": 0.000787525845226, "mean": 0.0622023791075}, "danceability": 1.17102754116, "bpm_histogram_second_peak_weight": {"dmean2": 0, "median": 0.0139616057277, "min": 0.0139616057277, "dvar2": 0, "dvar": 0, "dmean": 0, "max": 0.0139616057277, "var": 0, "mean": 0.0139616057277}, "beats_count": 574, "bpm_histogram_second_peak_bpm": {"dmean2": 0, "median": 161, "min": 161, "dvar2": 0, "dvar": 0, "dmean": 0, "max": 161, "var": 0, "mean": 161}, "bpm_histogram_first_peak_spread": {"dmean2": 0, "median": 0.210720837116, "min": 0.210720837116, "dvar2": 0, "dvar": 0, "dmean": 0, "max": 0.210720837116, "var": 0, "mean": 0.210720837116}, "beats_loudness_band_ratio": {"dmean2": [0.330672889948, 0.196926265955, 0.108856856823, 0.111531294882, 0.105417877436, 0.0870755836368], "median": [0.691809356213, 0.0910923182964, 0.0592404082417, 0.043936226517, 0.0483982637525, 0.0327883735299], "min": [0.000227749231271, 0.00102602352854, 0.00238244794309, 0.000451158266515, 0.000606632209383, 1.9097490167e-06], "dvar2": [0.0660593956709, 0.0247254446149, 0.0184868406504, 0.0182017795742, 0.0163540635258, 0.00628989934921], "dvar": [0.0213632024825, 0.00845130253583, 0.00645365938544, 0.00669883284718, 0.00571338180453, 0.0019755216781], "dmean": [0.179184317589, 0.108098305762, 0.0616646669805, 0.0627005770802, 0.0570883154869, 0.0445899218321], "max": [0.975401520729, 0.784821689129, 0.877660095692, 0.874998509884, 0.763485372066, 0.440963745117], "var": [0.0401437133551, 0.0151679189876, 0.00752195343375, 0.00848215632141, 0.0065117967315, 0.00179052213207], "mean": [0.65200483799, 0.129260346293, 0.0832947939634, 0.0739539042115, 0.0695334076881, 0.0444474890828]}}, "lowlevel": {"barkbands_spread": {"dmean2": 10.9901094437, "median": 25.8726863861, "min": 0.798247158527, "dvar2": 138.303817749, "dvar": 63.0042037964, "dmean": 6.85357999802, "max": 108.782531738, "var": 189.495574951, "mean": 26.5065250397}, "melbands_spread": {"dmean2": 13.4231548309, "median": 21.368396759, "min": 0.780243754387, "dvar2": 250.054550171, "dvar": 123.215499878, "dmean": 8.53056144714, "max": 281.61151123, "var": 301.416137695, "mean": 24.0220127106}, "hfc": {"dmean2": 11.4800739288, "median": 26.5076179504, "min": 1.27668882156e-16, "dvar2": 257.902038574, "dvar": 122.639976501, "dmean": 7.44487953186, "max": 189.091186523, "var": 378.298400879, "mean": 29.1143913269}, "barkbands_kurtosis": {"dmean2": 5.02864837646, "median": 1.35760784149, "min": -1.87801229954, "dvar2": 58.6432418823, "dvar": 24.8381919861, "dmean": 3.03735899925, "max": 179.898757935, "var": 48.0458221436, "mean": 3.44267082214}, "gfcc": {"mean": [29.5736484528, 89.5753860474, -117.516532898, 44.6508674622, -47.0780677795, 17.6529865265, -36.0276756287, 9.5443611145, -20.0939483643, 3.24383807182, -14.9653844833, 0.980647027493, -9.42734241486], "icov": [[0.000305225432385, -0.000226332747843, 0.000417073606513, -0.000534843769856, 0.000298793340335, -0.000693813199177, 0.000453850894701, -0.000664293940645, 0.00075687962817, -0.000803275208455, 0.000842954264954, -0.000665266939905, 0.000375436735339], [-0.000226332747843, 0.00269358907826, -0.000325989647536, 0.000716414826456, -0.00184473127592, 0.00198227982037, -0.00200289161876, 0.00137751700822, -0.0017831082223, 0.00260937935673, -0.00286348210648, 0.00258240499534, -0.00123298040126], [0.000417073606513, -0.000325989647536, 0.00278251594864, -0.00140188680962, -0.000221602429519, -0.00120659836102, 0.00100881315302, -0.00139030604623, 0.00159729481675, -0.00170362426434, 0.00233614630997, -0.00258561503142, 0.00243559549563], [-0.000534843769856, 0.000716414826456, -0.00140188680962, 0.00290983519517, -0.00103171693627, 0.00159336649813, -0.000688278698362, 0.000376758805942, -0.00143708614632, 0.00121196592227, -0.00241050473414, 0.00236343592405, -0.00175711058546], [0.000298793340335, -0.00184473127592, -0.000221602429519, -0.00103171693627, 0.00694435182959, -0.00262911361642, -0.00024949022918, 2.89516028715e-05, -0.000554503581952, -0.00196073460393, 0.00227444176562, -0.000976729323156, -0.000394235103158], [-0.000693813199177, 0.00198227982037, -0.00120659836102, 0.00159336649813, -0.00262911361642, 0.00752765964717, -0.00327176460996, -0.00117827916984, -7.18376322766e-05, 0.00166990119033, -0.00248423684388, 0.00179284357, -0.000817275431473], [0.000453850894701, -0.00200289161876, 0.00100881315302, -0.000688278698362, -0.00024949022918, -0.00327176460996, 0.00825023371726, -0.00253871339373, 0.00125892227516, 2.52488935075e-05, -0.000852839672007, -0.00154378346633, 0.00101550552063], [-0.000664293940645, 0.00137751700822, -0.00139030604623, 0.000376758805942, 2.89516028715e-05, -0.00117827916984, -0.00253871339373, 0.0127926599234, -0.00664058653638, -0.000553705904167, 0.000202272771276, -0.000993252149783, -0.000878137478139], [0.00075687962817, -0.0017831082223, 0.00159729481675, -0.00143708614632, -0.000554503581952, -7.18376322766e-05, 0.00125892227516, -0.00664058653638, 0.0152724189684, -0.00701672211289, 0.0017945501022, 0.00212190812454, -0.00137453363277], [-0.000803275208455, 0.00260937935673, -0.00170362426434, 0.00121196592227, -0.00196073460393, 0.00166990119033, 2.52488935075e-05, -0.000553705904167, -0.00701672211289, 0.0197399314493, -0.00852164719254, -0.0002493817301, 0.00269305380061], [0.000842954264954, -0.00286348210648, 0.00233614630997, -0.00241050473414, 0.00227444176562, -0.00248423684388, -0.000852839672007, 0.000202272771276, 0.0017945501022, -0.00852164719254, 0.0200871713459, -0.00917772948742, -4.51002597401e-05], [-0.000665266939905, 0.00258240499534, -0.00258561503142, 0.00236343592405, -0.000976729323156, 0.00179284357, -0.00154378346633, -0.000993252149783, 0.00212190812454, -0.0002493817301, -0.00917772948742, 0.0228986088187, -0.00779148098081], [0.000375436735339, -0.00123298040126, 0.00243559549563, -0.00175711058546, -0.000394235103158, -0.000817275431473, 0.00101550552063, -0.000878137478139, -0.00137453363277, 0.00269305380061, -4.51002597401e-05, -0.00779148098081, 0.0192380938679]], "cov": [[11029.3671875, -2153.26293945, 738.838928223, 1219.46008301, -230.360168457, 1053.59619141, -367.570983887, 816.326171875, -180.369613647, 514.435119629, -199.100524902, 314.768798828, -196.586929321], [-2153.26293945, 1543.87451172, -502.651580811, -204.627944946, 237.208267212, -338.610412598, 285.504943848, -253.34576416, 118.641197205, -199.152908325, 129.008743286, -145.494689941, 127.489845276], [738.838928223, -502.651580811, 829.628540039, 286.287536621, 30.4543933868, 196.311767578, -86.8715515137, 163.708862305, -32.8947105408, 117.005744934, -61.3000526428, 77.9760131836, -91.7895889282], [1219.46008301, -204.627944946, 286.287536621, 693.491821289, 58.6686592102, 75.1654510498, -25.7941818237, 125.661987305, 43.8744506836, 81.9248504639, 10.427819252, 21.2627944946, 1.97781765461], [-230.360168457, 237.208267212, 30.4543933868, 58.6686592102, 245.988372803, 48.2116584778, 91.3276443481, 13.1510076523, 51.2560386658, 2.56153154373, 20.1258945465, -11.5291347504, 22.7511692047], [1053.59619141, -338.610412598, 196.311767578, 75.1654510498, 48.2116584778, 360.176300049, 47.9713935852, 150.420852661, -15.7690763474, 73.7720718384, -8.44409942627, 56.0351295471, -28.4075584412], [-367.570983887, 285.504943848, -86.8715515137, -25.7941818237, 91.3276443481, 47.9713935852, 240.281494141, 10.3489522934, 33.026550293, -22.5772266388, 54.173286438, -4.78473711014, 29.5213356018], [816.326171875, -253.34576416, 163.708862305, 125.661987305, 13.1510076523, 150.420852661, 10.3489522934, 208.591506958, 47.5524635315, 84.1209564209, -7.15697193146, 44.4733276367, -16.1649475098], [-180.369613647, 118.641197205, -32.8947105408, 43.8744506836, 51.2560386658, -15.7690763474, 33.026550293, 47.5524635315, 131.937820435, 32.594871521, 21.4510936737, -16.1375656128, 18.4817409515], [514.435119629, -199.152908325, 117.005744934, 81.9248504639, 2.56153154373, 73.7720718384, -22.5772266388, 84.1209564209, 32.594871521, 122.813308716, 19.5090484619, 37.4148674011, -21.5801582336], [-199.100524902, 129.008743286, -61.3000526428, 10.427819252, 20.1258945465, -8.44409942627, 54.173286438, -7.15697193146, 21.4510936737, 19.5090484619, 101.604881287, 24.5713920593, 26.7256851196], [314.768798828, -145.494689941, 77.9760131836, 21.2627944946, -11.5291347504, 56.0351295471, -4.78473711014, 44.4733276367, -16.1375656128, 37.4148674011, 24.5713920593, 87.8024520874, 10.2565355301], [-196.586929321, 127.489845276, -91.7895889282, 1.97781765461, 22.7511692047, -28.4075584412, 29.5213356018, -16.1649475098, 18.4817409515, -21.5801582336, 26.7256851196, 10.2565355301, 81.310218811]]}, "spectral_energyband_middle_low": {"dmean2": 0.010974323377, "median": 0.0105069279671, "min": 2.89754971862e-22, "dvar2": 0.000386117520975, "dvar": 0.000151431115228, "dmean": 0.00670069549233, "max": 0.146660000086, "var": 0.000182588686584, "mean": 0.0135983712971}, "melbands_crest": {"dmean2": 6.5663189888, "median": 15.5308475494, "min": 1.93580174446, "dvar2": 28.6772003174, "dvar": 11.6163005829, "dmean": 4.07703638077, "max": 33.8762435913, "var": 26.7631645203, "mean": 15.9525518417}, "spectral_kurtosis": {"dmean2": 2.90774917603, "median": 3.01218891144, "min": -1.21201109886, "dvar2": 97.4634780884, "dvar": 34.7599449158, "dmean": 1.73143839836, "max": 322.707458496, "var": 216.315948486, "mean": 4.97960805893}, "spectral_rms": {"dmean2": 0.00201008561999, "median": 0.00625278055668, "min": 3.30782753619e-12, "dvar2": 5.45345073988e-06, "dvar": 2.23189658755e-06, "dmean": 0.00126274232753, "max": 0.0133362961933, "var": 5.77349192099e-06, "mean": 0.00625645834953}, "zerocrossingrate": {"dmean2": 0.0132712386549, "median": 0.0546875, "min": 0.0048828125, "dvar2": 0.000247979827691, "dvar": 0.000224251256441, "dmean": 0.0112844454125, "max": 0.7080078125, "var": 0.00171084480826, "mean": 0.0614974461496}, "silence_rate_60dB": {"dmean2": 0.00945715885609, "median": 0, "min": 0, "dvar2": 0.0112590491772, "dvar": 0.00470627145842, "dmean": 0.00472813239321, "max": 1, "var": 0.0338482894003, "mean": 0.0350794233382}, "erbbands_kurtosis": {"dmean2": 1.20420980453, "median": -0.345351099968, "min": -1.7953312397, "dvar2": 3.41806268692, "dvar": 1.56368851662, "dmean": 0.774816513062, "max": 38.3308143616, "var": 4.49552106857, "mean": 0.212928384542}, "erbbands": {"dmean2": [0.675903201103, 5.10581874847, 8.98689746857, 12.2680568695, 25.6049308777, 14.0179262161, 15.7278366089, 18.9305458069, 23.141160965, 20.7588005066, 20.0314540863, 21.6537628174, 25.8446655273, 26.2986125946, 21.8624343872, 30.1975688934, 28.0632572174, 41.8552322388, 34.3670349121, 34.4141464233, 33.069065094, 28.8286361694, 21.613576889, 21.5101928711, 15.4752340317, 13.7732496262, 11.2565956116, 10.7674942017, 8.49238395691, 6.37780618668, 4.85535860062, 4.16455507278, 2.95548963547, 1.77134692669, 0.911111295223, 0.325558841228, 0.081040032208, 0.0148145910352, 0.00104690983426, 4.69503247587e-05], "median": [0.445772379637, 1.8829420805, 3.07837629318, 5.18941402435, 6.62546634674, 6.1699924469, 8.14087295532, 9.38487434387, 9.26112174988, 8.65288257599, 10.2790393829, 10.4489173889, 11.7914848328, 12.1357860565, 11.9568004608, 17.3651351929, 16.2388076782, 24.9568004608, 22.4259109497, 24.1377754211, 33.8897094727, 32.6729927063, 21.1006240845, 25.1504631042, 20.0097465515, 15.4202270508, 10.5794487, 9.09398651123, 7.27363348007, 4.23503828049, 3.12309455872, 2.61153721809, 1.57844567299, 0.664766311646, 0.298832982779, 0.114590108395, 0.0276379156858, 0.00418512802571, 0.00015199034533, 5.73622673983e-05], "min": [1.08702922379e-21, 4.08586913702e-21, 6.1141410406e-21, 4.72445208524e-20, 1.19505458508e-19, 2.55831583073e-19, 5.48167887349e-19, 5.23978231106e-19, 5.11092101331e-19, 3.01674320362e-19, 4.09564288988e-19, 1.19823108788e-18, 1.58294565634e-18, 1.48888488094e-18, 2.28527214423e-18, 6.31894974535e-18, 5.45330482072e-18, 6.94582154154e-18, 4.3868192026e-18, 1.05644372821e-17, 9.19410589108e-18, 1.10247558483e-17, 9.69150365548e-18, 8.23490807995e-18, 9.04432002576e-18, 1.31258616058e-17, 1.57954306957e-17, 1.50835590606e-17, 1.58991459097e-17, 2.37207126647e-17, 1.98216793878e-17, 2.08140694753e-17, 2.07909051095e-17, 1.61487145723e-17, 7.67512931683e-18, 6.08234134857e-18, 3.3819331043e-18, 1.42210524592e-18, 3.57406079422e-19, 3.84310083608e-20], "dvar2": [0.833383321762, 70.1488189697, 209.571655273, 336.669952393, 3544.80761719, 675.669494629, 500.538452148, 1006.14282227, 2040.56774902, 1359.62609863, 1051.53417969, 1526.06066895, 2096.3815918, 2416.85424805, 2021.9597168, 2918.83886719, 2702.63256836, 5383.84912109, 3769.15795898, 4029.3996582, 2129.35229492, 1338.09655762, 955.571960449, 762.172546387, 399.510742188, 339.961883545, 296.569854736, 329.524261475, 199.014633179, 172.516387939, 103.33972168, 101.756515503, 69.0858154297, 42.9666976929, 12.1747674942, 1.53225433826, 0.123117111623, 0.00281619466841, 1.36238295454e-05, 5.57207435747e-09], "dvar": [0.342428416014, 25.3574962616, 79.6037139893, 133.0675354, 1302.20300293, 253.909194946, 181.90071106, 367.629821777, 754.744750977, 531.163208008, 422.390838623, 650.292419434, 952.95501709, 1085.12121582, 993.813171387, 1229.06054688, 1141.19848633, 2433.29101562, 1679.02160645, 1840.61181641, 912.553405762, 594.435058594, 398.666992188, 287.919952393, 149.134094238, 127.412307739, 112.264198303, 131.937652588, 101.757827759, 81.5320892334, 49.2490272522, 50.6250419617, 40.4636726379, 20.9835109711, 6.25470161438, 0.777268469334, 0.0525648258626, 0.00132470927201, 6.36326558379e-06, 2.62551735908e-09], "dmean": [0.426327377558, 2.97091269493, 5.26782751083, 7.372174263, 14.9203290939, 8.33448696136, 9.2659778595, 11.2396879196, 13.5669603348, 12.3796463013, 12.4188346863, 13.4348363876, 16.5891685486, 16.8294887543, 14.4275712967, 19.1159267426, 17.52085495, 26.3462238312, 22.060333252, 22.160867691, 20.3937759399, 17.8860454559, 13.2227230072, 12.9511260986, 9.16365623474, 8.15317249298, 6.61230516434, 6.56066274643, 5.33498668671, 3.97499084473, 3.09648537636, 2.73442363739, 2.02396011353, 1.18432736397, 0.622815608978, 0.218860924244, 0.053394973278, 0.00977394077927, 0.000664108956698, 2.98841314361e-05], "max": [4.67177295685, 34.987411499, 146.910888672, 152.871047974, 429.642547607, 226.052841187, 216.751327515, 235.462127686, 480.472137451, 288.876861572, 332.677185059, 469.033752441, 595.889526367, 657.917785645, 775.174499512, 859.047241211, 645.249389648, 885.776977539, 953.996154785, 926.288269043, 650.606933594, 606.37677002, 468.921173096, 291.900695801, 221.93927002, 189.644439697, 205.970214844, 224.187164307, 371.732116699, 249.170181274, 240.642288208, 197.361709595, 162.65083313, 130.031448364, 69.5911483765, 26.4618396759, 6.92453479767, 0.916804969311, 0.0716823115945, 0.00132072274573], "var": [0.503156960011, 23.1870346069, 85.1778793335, 189.137451172, 1084.96362305, 263.249450684, 260.535003662, 418.575408936, 783.506347656, 680.515258789, 892.597595215, 1904.16711426, 2562.24121094, 3553.56494141, 2824.12426758, 3421.92651367, 2305.76171875, 5120.73486328, 3348.26367188, 4323.02490234, 1953.51196289, 1738.67944336, 834.264343262, 581.008605957, 299.296203613, 246.477539062, 165.330047607, 191.85559082, 224.301147461, 152.50604248, 93.5965576172, 106.886299133, 99.9710998535, 38.5997276306, 11.3630237579, 1.46451413631, 0.0751807242632, 0.00198192638345, 8.93528249435e-06, 5.02077845965e-09], "mean": [0.624483168125, 3.5408744812, 6.2039847374, 9.89330387115, 16.6366825104, 11.1800012589, 13.6459197998, 16.0199604034, 18.143201828, 17.3528347015, 20.6630592346, 24.5058784485, 29.7714138031, 33.6606216431, 27.3632049561, 35.138874054, 31.6526184082, 46.3929252625, 40.4302406311, 42.0431976318, 43.187286377, 40.6696777344, 27.7520484924, 28.5011787415, 21.38372612, 17.4759559631, 12.9742460251, 12.2177648544, 10.493188858, 7.1441693306, 5.57196617126, 5.04110622406, 3.68358111382, 1.94471764565, 1.00290453434, 0.355174273252, 0.082869052887, 0.014575981535, 0.000854608428199, 7.25955032976e-05]}, "spectral_strongpeak": {"dmean2": 0.654891967773, "median": 0.355931699276, "min": 0, "dvar2": 1.3929066658, "dvar": 0.537073194981, "dmean": 0.377372711897, "max": 10.0726985931, "var": 0.833756506443, "mean": 0.621985197067}, "spectral_energy": {"dmean2": 0.0319318287075, "median": 0.040074698627, "min": 1.12152661352e-20, "dvar2": 0.00175996171311, "dvar": 0.000686482118908, "dmean": 0.0194301027805, "max": 0.182303220034, "var": 0.00102594261989, "mean": 0.0460395999253}, "average_loudness": 0.924958407879, "spectral_rolloff": {"dmean2": 1078.91015625, "median": 1184.32617188, "min": 64.599609375, "dvar2": 2652494.5, "dvar": 1233466.875, "dmean": 641.294677734, "max": 18755.4199219, "var": 2508073, "mean": 1447.1842041}, "spectral_centroid": {"dmean2": 405.999816895, "median": 1585.14160156, "min": 205.151779175, "dvar2": 162119.28125, "dvar": 76907.6171875, "dmean": 259.949920654, "max": 10772.9238281, "var": 282416.21875, "mean": 1551.47998047}, "pitch_salience": {"dmean2": 0.147030472755, "median": 0.542432308197, "min": 0.101747237146, "dvar2": 0.0179370678961, "dvar": 0.00693099154159, "dmean": 0.0906830653548, "max": 0.88439822197, "var": 0.0144483111799, "mean": 0.534359514713}, "spectral_energyband_middle_high": {"dmean2": 0.00285097328015, "median": 0.00650668842718, "min": 1.38344998195e-21, "dvar2": 9.05961951503e-06, "dvar": 4.06556182497e-06, "dmean": 0.00184629927389, "max": 0.0264617819339, "var": 2.27842156164e-05, "mean": 0.00740435998887}, "spectral_contrast_coeffs": {"dmean2": [0.0925019308925, 0.0832250937819, 0.0633512660861, 0.050809673965, 0.0359380431473, 0.0289520733058], "median": [-0.679808974266, -0.745950818062, -0.791088223457, -0.791824698448, -0.795558512211, -0.744948267937], "min": [-0.943247497082, -0.968394517899, -0.964247107506, -0.954844772816, -0.97007983923, -0.967017114162], "dvar2": [0.00588890351355, 0.00433891639113, 0.00247625261545, 0.0016210086178, 0.000864088360686, 0.000665663625114], "dvar": [0.00231989030726, 0.00159984419588, 0.000972223060671, 0.000661122903693, 0.00035757094156, 0.000279857049463], "dmean": [0.0572323612869, 0.0502254739404, 0.0385550782084, 0.0312720313668, 0.0219909213483, 0.0180537700653], "max": [-0.288612365723, -0.429702937603, -0.450448423624, -0.491949141026, -0.580675840378, -0.559974193573], "var": [0.00765211228281, 0.00433012051508, 0.0045453091152, 0.00286638480611, 0.00133649550844, 0.00175261474214], "mean": [-0.665040552616, -0.741001009941, -0.778474509716, -0.782660365105, -0.791276752949, -0.747810840607]}, "melbands_skewness": {"dmean2": 1.64665794373, "median": 2.87746191025, "min": -2.74798226357, "dvar2": 3.15261459351, "dvar": 1.3038444519, "dmean": 1.02960944176, "max": 20.2533016205, "var": 3.35989832878, "mean": 3.10791540146}, "spectral_spread": {"dmean2": 665488.75, "median": 4544777, "min": 216842.8125, "dvar2": 738162245632, "dvar": 457610690560, "dmean": 462103.125, "max": 40527764, "var": 2570016784380.0, "mean": 4625074}, "dissonance": {"dmean2": 0.0234952457249, "median": 0.481810808182, "min": 0.0806977525353, "dvar2": 0.00072538718814, "dvar": 0.000264121190412, "dmean": 0.0138373728842, "max": 0.500000119209, "var": 0.000841848494019, "mean": 0.474911957979}, "spectral_skewness": {"dmean2": 0.339987009764, "median": 1.28387117386, "min": -0.0834875702858, "dvar2": 0.366126000881, "dvar": 0.124829575419, "dmean": 0.208382740617, "max": 14.1908597946, "var": 0.630960583687, "mean": 1.42595016956}, "spectral_flux": {"dmean2": 0.0608060285449, "median": 0.109029084444, "min": 1.05902155101e-10, "dvar2": 0.00411859573796, "dvar": 0.00199968274683, "dmean": 0.0384192727506, "max": 0.367062419653, "var": 0.00410359492525, "mean": 0.120038539171}, "spectral_contrast_valleys": {"dmean2": [0.658009767532, 0.612165153027, 0.515990972519, 0.409165412188, 0.377273380756, 0.394706040621], "median": [-6.35829401016, -6.36504745483, -6.908244133, -6.91243839264, -6.6959695816, -9.41011333466], "min": [-27.5757236481, -27.0437107086, -27.2339782715, -27.2514762878, -27.327539444, -27.2331848145], "dvar2": [0.339131772518, 0.286986112595, 0.186387553811, 0.127270311117, 0.151249989867, 0.214015647769], "dvar": [0.144416823983, 0.115624725819, 0.0819614678621, 0.0607942640781, 0.0731574520469, 0.108159214258], "dmean": [0.405254006386, 0.370231062174, 0.319357961416, 0.257517397404, 0.241207331419, 0.266662508249], "max": [-4.88749027252, -4.43576812744, -5.17594766617, -5.78550434113, -5.45264577866, -7.40977811813], "var": [1.9412548542, 0.934742629528, 0.965870082378, 1.02415335178, 1.46565008163, 2.41350769997], "mean": [-6.79136419296, -6.55769491196, -7.0967540741, -7.16860246658, -7.0733590126, -9.81974411011]}, "erbbands_flatness_db": {"dmean2": 0.0208360459656, "median": 0.124023705721, "min": 0.0371894724667, "dvar2": 0.00040558463661, "dvar": 0.000208140030736, "dmean": 0.0139930630103, "max": 0.527966201305, "var": 0.00376897724345, "mean": 0.140919476748}, "spectral_energyband_high": {"dmean2": 0.000934565498028, "median": 0.00096975301858, "min": 8.41367729411e-21, "dvar2": 2.53530674854e-06, "dvar": 1.30297939904e-06, "dmean": 0.000610710121691, "max": 0.0176889356226, "var": 3.36516086463e-06, "mean": 0.00142004108056}, "spectral_entropy": {"dmean2": 0.175567194819, "median": 7.89045143127, "min": 4.56270503998, "dvar2": 0.0317127220333, "dvar": 0.0156474728137, "dmean": 0.116848058999, "max": 9.8009557724, "var": 0.212410762906, "mean": 7.77780103683}, "silence_rate_20dB": {"dmean2": 0, "median": 1, "min": 1, "dvar2": 0, "dvar": 0, "dmean": 0, "max": 1, "var": 0, "mean": 1}, "melbands_flatness_db": {"dmean2": 0.0472357831895, "median": 0.185351476073, "min": 0.00523556256667, "dvar2": 0.00192126678303, "dvar": 0.000805507297628, "dmean": 0.0295368079096, "max": 0.645488321781, "var": 0.00434342864901, "mean": 0.196725904942}, "barkbands": {"dmean2": [0.000783633906394, 0.0222706384957, 0.00785237271339, 0.0052241422236, 0.0058208857663, 0.00230248295702, 0.00164653128013, 0.000878841616213, 0.000983079196885, 0.000871636846568, 0.000692359230015, 0.000715166330338, 0.000670223089401, 0.00085469847545, 0.000716839742381, 0.000679570715874, 0.000600642350037, 0.00038350050454, 0.000380988698453, 0.000303840846755, 0.000267793540843, 0.000225333744311, 0.000172331172507, 0.000182497431524, 0.000134675530717, 5.32897029188e-05, 6.76809304423e-06], "median": [0.000467875332106, 0.0112967472523, 0.00249652238563, 0.00163036352023, 0.00215531024151, 0.00129083544016, 0.000615695200395, 0.000380233337637, 0.000437589478679, 0.000332641619025, 0.000280102220131, 0.000373436807422, 0.000298952130834, 0.000457538786577, 0.000382423982956, 0.000526068673935, 0.000614822027273, 0.000332113355398, 0.000477338966448, 0.000324896362145, 0.000242893525865, 0.000187717581866, 0.000114026530355, 0.00011267849186, 5.03307455801e-05, 1.88849735423e-05, 9.09955133466e-07], "min": [6.41940531447e-24, 2.49866327475e-23, 4.87713649083e-24, 1.78005201086e-23, 9.60025293863e-23, 5.5654433475e-23, 3.39694802276e-23, 9.42011150222e-24, 5.70527809374e-23, 4.00673024498e-23, 4.93533344194e-23, 1.23899642355e-22, 1.34924371092e-22, 1.12282422281e-22, 1.36823960773e-22, 1.72013064137e-22, 1.96515714942e-22, 1.76946171098e-22, 1.61627943822e-22, 2.54309520259e-22, 3.97344466929e-22, 4.89720154661e-22, 7.9970078807e-22, 1.10897091655e-21, 1.28491390901e-21, 1.77215004797e-21, 2.59059336335e-21], "dvar2": [1.06497566321e-06, 0