{"tonal": {"thpcp": [1, 0.816137254238, 0.299001425505, 0.20025318861, 0.219900518656, 0.421964764595, 0.588032007217, 0.431535005569, 0.349225342274, 0.450013071299, 0.366191267967, 0.378329724073, 0.624727725983, 0.525377035141, 0.464255958796, 0.658858418465, 0.503526568413, 0.290375828743, 0.286752164364, 0.274915456772, 0.489564329386, 0.752780497074, 0.563022017479, 0.281801313162, 0.209968730807, 0.210507914424, 0.432953119278, 0.663345813751, 0.527566492558, 0.387052446604, 0.422306329012, 0.340542048216, 0.27155610919, 0.38653421402, 0.461910486221, 0.610132277012], "hpcp": {"dmean2": [0.131686806679, 0.148340597749, 0.164378806949, 0.17581897974, 0.161751702428, 0.0999769493937, 0.0709165781736, 0.0766385942698, 0.0994978919625, 0.117635726929, 0.114521682262, 0.104259721935, 0.118286512792, 0.105135180056, 0.106437072158, 0.120674997568, 0.142821311951, 0.136067062616, 0.126567050815, 0.124892435968, 0.104513160884, 0.0938157960773, 0.114562623203, 0.147544726729, 0.170950785279, 0.155973359942, 0.10973957926, 0.0987425297499, 0.104347549379, 0.15299962461, 0.18062029779, 0.154284536839, 0.145171314478, 0.135333284736, 0.117620132864, 0.11790009588], "median": [0.00690492242575, 0.00766482017934, 0.0232416205108, 0.02805865556, 0.022248795256, 0.00758223375306, 0.00218640174717, 0.00265118177049, 0.00523797329515, 0.00897691398859, 0.00835515279323, 0.00813305936754, 0.00596729014069, 0.00600293278694, 0.00923307612538, 0.0114910518751, 0.0122635643929, 0.0135387098417, 0.0085992757231, 0.00783161260188, 0.00448920857161, 0.00214014993981, 0.00316231767647, 0.0126710673794, 0.0256290845573, 0.0186095312238, 0.00521992705762, 0.00201377156191, 0.00339638534933, 0.0086561832577, 0.0123989079148, 0.010826443322, 0.00897532328963, 0.00616691820323, 0.00446355948225, 0.00396541040391], "min": [0, 0, 0, 0, 0, 0, 0, 0, 0, 0, 0, 0, 0, 0, 0, 0, 0, 0, 0, 0, 0, 0, 0, 0, 0, 0, 0, 0, 0, 0, 0, 0, 0, 0, 0, 0], "dvar2": [0.0807141289115, 0.087875880301, 0.0743557438254, 0.0872890949249, 0.0772651210427, 0.0451863780618, 0.0367897748947, 0.0374985709786, 0.0501532517374, 0.0625324770808, 0.0599221363664, 0.0493074767292, 0.063914462924, 0.0553842931986, 0.049777444452, 0.0640423670411, 0.0804989784956, 0.0690135210752, 0.0672044530511, 0.0631466805935, 0.0567833036184, 0.0523903518915, 0.0699374899268, 0.0807005912066, 0.0881041511893, 0.0783182606101, 0.0598940625787, 0.064729206264, 0.0675516352057, 0.0949669405818, 0.116173118353, 0.0881841778755, 0.0889635011554, 0.0823657214642, 0.0741920992732, 0.0765179470181], "dvar": [0.0309577118605, 0.0371905528009, 0.0305743589997, 0.0408119298518, 0.0336062461138, 0.0170186329633, 0.0142238773406, 0.0140481358394, 0.0209255255759, 0.0269959513098, 0.0233203023672, 0.0190896485001, 0.0263142324984, 0.0219690557569, 0.0190717857331, 0.0284953527153, 0.0310471840203, 0.0254993550479, 0.0302171967924, 0.0267758965492, 0.0212243478745, 0.021155230701, 0.0253485441208, 0.0318402796984, 0.0391754694283, 0.0332077667117, 0.0229176376015, 0.0242186300457, 0.0246722996235, 0.0353440269828, 0.0441507063806, 0.0351769626141, 0.033066406846, 0.032674998045, 0.0274811163545, 0.0267777405679], "dmean": [0.0754927694798, 0.0869920626283, 0.0990299731493, 0.105217702687, 0.097349062562, 0.0580581873655, 0.0404797308147, 0.0439442396164, 0.0583130158484, 0.0693564862013, 0.0673730075359, 0.0604883357882, 0.0694691240788, 0.0617122277617, 0.0618245564401, 0.0714358612895, 0.0829787999392, 0.0790383666754, 0.075430303812, 0.0738282501698, 0.0600310526788, 0.0538982562721, 0.0646132007241, 0.0858531743288, 0.101457588375, 0.0925956144929, 0.0633007735014, 0.0549079142511, 0.0577658079565, 0.0874966830015, 0.105118259788, 0.0896880701184, 0.0831222161651, 0.0784052535892, 0.0661943033338, 0.0649170130491], "max": [1, 1, 1, 1, 1, 1, 1, 1, 1, 1, 1, 1, 1, 1, 1, 1, 1, 1, 1, 1, 1, 1, 1, 1, 1, 1, 1, 1, 1, 1, 1, 1, 1, 1, 1, 1], "var": [0.0409572832286, 0.0538023300469, 0.0517324656248, 0.120436660945, 0.0888300016522, 0.0219822451472, 0.0205756668001, 0.0195195116103, 0.0511492714286, 0.0769645422697, 0.0438098311424, 0.0317117683589, 0.0520309619606, 0.0389365591109, 0.0288745183498, 0.0813125371933, 0.053787920624, 0.0411903113127, 0.0870426222682, 0.0562487132847, 0.0267226379365, 0.0341513827443, 0.0263417009264, 0.0515860170126, 0.0872424021363, 0.0572034344077, 0.0240802746266, 0.0228378959, 0.0202666707337, 0.043581392616, 0.0791239142418, 0.0571170300245, 0.0359843969345, 0.0465048141778, 0.0386649221182, 0.0258137974888], "mean": [0.086545445025, 0.103422276676, 0.136609300971, 0.223901122808, 0.182734042406, 0.0669467523694, 0.0448369123042, 0.0492359735072, 0.0944783836603, 0.13166102767, 0.09662117064, 0.0781919434667, 0.100758433342, 0.0819906368852, 0.0847084522247, 0.13987724483, 0.117632508278, 0.103947430849, 0.147519141436, 0.112740166485, 0.0650154724717, 0.064204134047, 0.061553876847, 0.109613999724, 0.16854840517, 0.1260612607, 0.0630956292152, 0.0470122359693, 0.0471329577267, 0.0969386920333, 0.14852386713, 0.118122726679, 0.0866614803672, 0.0945548638701, 0.0762477442622, 0.0608017146587]}, "tuning_equal_tempered_deviation": 0.0400199256837, "chords_changes_rate": 0.0739225298166, "key_key": "D#", "tuning_diatonic_strength": 0.50889569521, "key_scale": "major", "chords_number_rate": 0.00145480991341, "tuning_frequency": 438.984558105, "tuning_nontempered_energy_ratio": 0.75061661005, "chords_histogram": [5.73740673065, 7.33769798279, 23.4860877991, 5.33733415604, 4.08256053925, 0.654664456844, 2.34588098526, 0.300054550171, 1.90943813324, 5.11911249161, 1.05473721027, 0.190943807364, 0.945626497269, 0.609201669693, 0, 0.345517367125, 0.245499178767, 1.88216042519, 1.57301330566, 16.0665569305, 2.57319521904, 5.01909446716, 2.40952897072, 10.7746858597], "key_strength": 0.832432687283, "chords_key": "A#", "chords_strength": {"dmean2": 0.0106535255909, "median": 0.465908378363, "min": -1, "dvar2": 0.000725673045963, "dvar": 0.000430593005149, "dmean": 0.0117485811934, "max": 0.823748528957, "var": 0.020938552916, "mean": 0.467234581709}, "chords_scale": "major", "hpcp_entropy": {"dmean2": 0.969374358654, "median": 1.74032616615, "min": 0, "dvar2": 0.663927614689, "dvar": 0.259136259556, "dmean": 0.572955727577, "max": 4.28438901901, "var": 0.558159291744, "mean": 1.722666502}}, "metadata": {"audio_properties": {"equal_loudness": 0, "codec": "flac", "downmix": "mix", "sample_rate": 44100, "analysis_sample_rate": 44100, "bit_rate": 0, "md5_encoded": "d41f8db6f8882d6259dea0d0d2b4b20a", "length": 510.693328857, "replay_gain": -14.5359325409, "lossless": true}, "version": {"essentia_build_sha": "2d9f1f26377add8aeb1075a9c2973f962c4f09fd", "essentia": "2.1-beta2", "extractor": "music 1.0", "essentia_git_sha": "v2.1_beta2-1-ge3940c0"}, "tags": {"title": ["Hittin' The Jug"], "media": ["CD"], "albumartist": ["Gene Ammons"], "tracktotal": ["7"], "musicbrainz_releasegroupid": ["83154955-d843-3265-a23e-96244ff7f409"], "performer": ["Gene Ammons (tenor saxophone)", "Doug Watkins (bass)", "Art Taylor (drums)", "Ray Barretto (congas)", "Tommy Flanagan (piano)"], "releasetype": ["album"], "musicbrainz_recordingid": ["11bb973b-5251-43ea-86ba-4e192e634f7c"], "musicbrainz_albumartistid": ["00dbf694-d614-44cc-91d3-21bf18800e3d"], "musicbrainz_releasetrackid": ["f6d7a504-bd3b-34b0-94f3-cb9e0cd76ff1"], "discnumber": ["1"], "totaldiscs": ["1"], "album": ["Boss Tenor"], "catalognumber": ["PRCD-8102-2"], "releasecountry": ["US"], "file_name": "01 - Hittin' The Jug.flac", "albumartistsort": ["Ammons, Gene"], "date": ["2006"], "genre": ["Jazz"], "disctotal": ["1"], "musicbrainz_artistid": ["00dbf694-d614-44cc-91d3-21bf18800e3d"], "originaldate": ["1991-07-01"], "musicbrainz_albumid": ["dcc6e787-288c-39bd-a8ae-0a81be46493f"], "tracknumber": ["1"], "artistsort": ["Ammons, Gene"], "artist": ["Gene Ammons"], "label": ["Prestige"], "releasestatus": ["official"], "acoustid_id": ["81522ee4-50c6-4cef-a844-5f24c05e0c87"], "script": ["Latn"], "totaltracks": ["7"]}}, "rhythm": {"bpm_histogram_first_peak_bpm": {"dmean2": 0, "median": 136, "min": 136, "dvar2": 0, "dvar": 0, "dmean": 0, "max": 136, "var": 0, "mean": 136}, "bpm": 135.360977173, "bpm_histogram_second_peak_spread": {"dmean2": 0, "median": 0.262931019068, "min": 0.262931019068, "dvar2": 0, "dvar": 0, "dmean": 0, "max": 0.262931019068, "var": 0, "mean": 0.262931019068}, "bpm_histogram_first_peak_weight": {"dmean2": 0, "median": 0.166284397244, "min": 0.166284397244, "dvar2": 0, "dvar": 0, "dmean": 0, "max": 0.166284397244, "var": 0, "mean": 0.166284397244}, "onset_rate": 2.98798942566, "beats_position": [0.824308395386, 1.66022670269, 2.49614500999, 3.33206343651, 4.17959165573, 5.02712011337, 5.87464857101, 6.74539661407, 7.61614513397, 8.48689365387, 9.35764122009, 10.22838974, 11.110748291, 11.9814968109, 12.8638544083, 13.7462129593, 14.6285715103, 15.4993190765, 16.3700675964, 17.2524261475, 18.1347846985, 18.9939231873, 19.853061676, 20.7238082886, 21.5945568085, 22.4653053284, 23.3476638794, 24.2300224304, 25.1239910126, 26.0063495636, 26.8887062073, 27.7594547272, 28.6302032471, 29.500951767, 30.3600902557, 31.2076187134, 32.0667572021, 32.9258956909, 33.7850341797, 34.6441726685, 35.5265312195, 36.3856697083, 37.244808197, 38.1039466858, 38.9630813599, 39.8222198486, 40.7045783997, 41.5869369507, 42.4692955017, 43.340045929, 44.2107925415, 45.0815429688, 45.9406776428, 46.8114280701, 47.6821746826, 48.5529251099, 49.4120635986, 50.2712020874, 51.1419487, 52.0126991272, 52.8834457397, 53.7425842285, 54.5901107788, 55.4492492676, 56.3083877563, 57.1675262451, 58.0266647339, 58.8858032227, 59.7565536499, 60.6156921387, 61.4864387512, 62.34557724, 63.2163238525, 64.0870742798, 64.9462127686, 65.8169631958, 66.6877059937, 67.5468444824, 68.4175949097, 69.2883453369, 70.1474838257, 71.0066223145, 71.8657608032, 72.724899292, 73.5956420898, 74.4663925171, 75.3255310059, 76.1846694946, 77.0554199219, 77.9261627197, 78.8085250854, 79.6908798218, 80.5732421875, 81.4555969238, 82.3379592896, 83.2203140259, 84.1142807007, 84.9850311279, 85.8673934937, 86.6104278564, 87.3534698486, 88.0152359009, 88.6886138916, 89.3271636963, 89.965713501, 90.6158676147, 91.0918807983, 91.579498291, 92.0787277222, 92.5779571533, 93.065574646, 93.5531921387, 93.9827651978, 94.4239425659, 94.830291748, 95.2714691162, 95.7126541138, 96.1654434204, 96.6298370361, 97.0942382813, 97.5586395264, 98.0230331421, 98.4990463257, 98.9866638184, 99.474281311, 99.9154663086, 100.345031738, 100.774604797, 101.204170227, 101.622131348, 102.040092468, 102.44644165, 102.87600708, 103.305580139, 103.735145569, 104.187934875, 104.652336121, 105.139953613, 105.639183044, 106.138412476, 106.649246216, 107.078819275, 107.519996643, 107.949569702, 108.379135132, 108.808708191, 109.238273621, 109.66784668, 110.085800171, 110.51537323, 110.94493866, 111.386123657, 111.850517273, 112.314918518, 112.779319763, 113.197273254, 113.615234375, 114.044807434, 114.474372864, 114.892333984, 115.310295105, 115.728248596, 116.146209717, 116.564170837, 116.982131958, 117.423309326, 117.876098633, 118.328887939, 118.793289185, 119.246078491, 119.710472107, 120.163261414, 120.627662659, 121.068840027, 121.510017395, 121.939590454, 122.369155884, 122.798728943, 123.228294373, 123.634643555, 124.040992737, 124.447341919, 124.853691101, 125.271652222, 125.689613342, 126.107574463, 126.537139893, 126.955101013, 127.384666443, 127.802627563, 128.220581055, 128.638549805, 129.068115234, 129.509292603, 129.938858032, 130.3800354, 130.821228027, 131.250793457, 131.691970825, 132.133148193, 132.574325562, 133.01550293, 133.468292236, 133.909469604, 134.350662231, 134.803451538, 135.233016968, 135.674194336, 136.115371704, 136.556549072, 136.99772644, 137.42729187, 137.868484497, 138.309661865, 138.739227295, 139.180404663, 139.621582031, 140.062759399, 140.503936768, 140.945129395, 141.386306763, 141.815872192, 142.245437622, 142.68661499, 143.127792358, 143.580581665, 144.033370972, 144.46295166, 144.89251709, 145.345306396, 145.798095703, 146.239273071, 146.680450439, 147.121627808, 147.562805176, 148.015594482, 148.468383789, 148.921173096, 149.373962402, 149.826751709, 150.418869019, 151.010971069, 151.603088379, 152.183578491, 152.764083862, 153.344573975, 153.936691284, 154.528793335, 155.120910645, 155.713012695, 156.293518066, 156.897232056, 157.524169922, 158.13949585, 158.766433716, 159.404983521, 160.043533325, 160.705307007, 161.36706543, 162.005615234, 162.644165039, 163.294326782, 164.072189331, 164.850067139, 165.69758606, 166.568344116, 167.415863037, 168.286621094, 169.157363892, 170.028121948, 170.898864746, 171.757995605, 172.617141724, 173.476272583, 174.312194824, 175.159729004, 176.007247925, 176.866394043, 177.725524902, 178.584671021, 179.44380188, 180.302947998, 181.150466919, 182.009613037, 182.857131958, 183.716278076, 184.575408936, 185.434555054, 186.270477295, 187.106384277, 187.942306519, 188.789840698, 189.648971558, 190.508117676, 191.367248535, 192.214782715, 193.062316895, 193.909835815, 194.757369995, 195.604888916, 196.452423096, 197.299957275, 198.159088135, 199.018234253, 199.888977051, 200.74810791, 201.607254028, 202.454788208, 203.302307129, 204.13822937, 204.974151611, 205.798446655, 206.645980835, 207.493515015, 208.329421997, 209.165344238, 210.024490356, 210.883621216, 211.742767334, 212.601898193, 213.461044312, 214.343399048, 215.225753784, 216.084899902, 216.944030762, 217.80317688, 218.673919678, 219.544662476, 220.403808594, 221.274551392, 222.145309448, 223.004440308, 223.863571167, 224.711105347, 225.558639526, 226.417770386, 227.276916504, 228.136047363, 229.0184021, 229.889160156, 230.783126831, 231.665481567, 232.501403809, 233.33732605, 234.173233032, 235.009155273, 235.856689453, 236.692596436, 237.540130615, 238.387664795, 239.235183716, 240.117553711, 240.97668457, 241.835830688, 242.694961548, 243.554092407, 244.413238525, 245.260772705, 246.096679688, 246.793289185, 247.478271484, 248.163253784, 248.848251343, 249.521621704, 250.218231201, 250.903213501, 251.634643555, 252.35446167, 253.074279785, 253.805709839, 254.513916016, 255.222122192, 255.988388062, 256.754638672, 257.509277344, 258.263946533, 259.088256836, 259.935791016, 260.794921875, 261.642456055, 262.489959717, 263.360717773, 264.219848633, 265.07901001, 265.949737549, 266.820495605, 267.702850342, 268.561981201, 269.421142578, 270.280273438, 271.174224854, 272.068206787, 272.9737854, 273.82131958, 274.657226563, 275.516357422, 276.375518799, 277.234649658, 278.058959961, 278.894866943, 279.753997803, 280.61315918, 281.472290039, 282.331420898, 283.190551758, 284.049713135, 284.908843994, 285.779571533, 286.65032959, 287.532684326, 288.415039063, 289.320617676, 290.249420166, 291.166625977, 292.07220459, 292.977783203, 293.894958496, 294.800537109, 295.7293396, 296.65814209, 297.459228516, 298.260314941, 299.049804688, 299.816040039, 300.570709229, 301.3253479, 302.068389893, 302.811431885, 303.577667236, 304.332336426, 305.075378418, 305.81842041, 306.410522461, 307.014221191, 307.60635376, 308.082366943, 308.558349609, 309.034362793, 309.510375977, 309.98638916, 310.450775146, 310.91519165, 311.379577637, 311.843994141, 312.28515625, 312.71472168, 313.144317627, 313.585479736, 314.026672363, 314.47946167, 314.932250977, 315.350189209, 315.779754639, 316.209350586, 316.650512695, 317.068481445, 317.498046875, 317.927612305, 318.357177734, 318.786743164, 319.227935791, 319.6690979, 320.110290527, 320.551483154, 320.969421387, 321.410614014, 321.851776123, 322.30456543, 322.885070801, 323.477172852, 324.0809021, 324.67300415, 325.265106201, 325.85723877, 326.44934082, 327.064666748, 327.679992676, 328.306945801, 328.910644531, 329.514373779, 330.071655273, 330.594085693, 331.128143311, 331.662200928, 332.184661865, 332.718719482, 333.2527771, 333.786834717, 334.320892334, 334.762084961, 335.191650391, 335.632843018, 336.085632324, 336.538421631, 336.99118042, 337.443969727, 337.896759033, 338.34954834, 338.802337646, 339.255126953, 339.719543457, 340.183929443, 340.648345947, 341.089508057, 341.530700684, 341.98348999, 342.436279297, 342.900665283, 343.365081787, 343.829467773, 344.305480957, 344.769866943, 345.245880127, 345.710296631, 346.186309814, 346.673919678, 347.161529541, 347.649139404, 348.136779785, 348.601165771, 349.088806152, 349.553192139, 350.017578125, 350.481994629, 350.946380615, 351.410797119, 351.863586426, 352.316375732, 352.769165039, 353.245178223, 353.697967529, 354.150756836, 354.603546143, 355.067932129, 355.532318115, 356.008331299, 356.484344482, 356.913909912, 357.355102539, 357.807891846, 358.249053955, 358.667022705, 359.073364258, 359.479736328, 359.909301758, 360.350463867, 360.791656494, 361.279266357, 361.755279541, 362.208068848, 362.660858154, 363.113647461, 363.578033447, 364.042449951, 364.506835938, 364.971252441, 365.435638428, 365.900024414, 366.364440918, 366.817230225, 367.270019531, 367.711181641, 368.175598145, 368.639984131, 369.104400635, 369.580413818, 370.056396484, 370.520812988, 370.985198975, 371.437988281, 371.890777588, 372.331970215, 372.773132324, 373.191101074, 373.620666504, 374.050231934, 374.479797363, 374.93258667, 375.385375977, 375.838165283, 376.29095459, 376.743743896, 377.184936523, 377.62612915, 378.078918457, 378.531707764, 378.972869873, 379.42565918, 379.878448486, 380.331237793, 380.760803223, 381.213592529, 381.643157959, 382.084350586, 382.537139893, 382.989929199, 383.442718506, 383.895507813, 384.348297119, 384.801086426, 385.242248535, 385.695037842, 386.147827148, 386.612243652, 387.053405762, 387.494598389, 387.935760498, 388.388549805, 388.841339111, 389.282531738, 389.723724365, 390.176513672, 390.629302979, 391.058868408, 391.488433838, 391.917999268, 392.370788574, 392.811950684, 393.253143311, 393.694335938, 394.135498047, 394.576690674, 395.017852783, 395.47064209, 395.911834717, 396.352996826, 396.794189453, 397.223754883, 397.66494751, 398.106109619, 398.558898926, 399.011688232, 399.452880859, 399.905670166, 400.358459473, 400.811248779, 401.252410889, 401.705200195, 402.146392822, 402.587554932, 403.028747559, 403.481536865, 403.934326172, 404.387115479, 404.828277588, 405.281066895, 405.722259521, 406.175048828, 406.627838135, 407.069030762, 407.510192871, 407.939758301, 408.392547607, 408.833740234, 409.286529541, 409.72769165, 410.15725708, 410.598449707, 411.051239014, 411.50402832, 411.945220947, 412.386383057, 412.804351807, 413.245513916, 413.686706543, 414.127868652, 414.569061279, 415.010253906, 415.451416016, 415.892608643, 416.473114014, 417.053588867, 417.645721436, 418.237823486, 418.829925537, 419.422027588, 420.002532959, 420.58303833, 421.175140381, 421.767242432, 422.220031738, 422.672821045, 423.114013672, 423.555175781, 424.007965088, 424.460754395, 424.901947021, 425.354736328, 425.807525635, 426.248687744, 426.689880371, 427.142669678, 427.595458984, 428.036621094, 428.477813721, 428.919006348, 429.360168457, 429.801361084, 430.242523193, 430.68371582, 431.11328125, 431.54284668, 431.984039307, 432.413604736, 432.843170166, 433.284332275, 433.725524902, 434.178314209, 434.631103516, 435.083892822, 435.536682129, 435.989471436, 436.442260742, 436.883453369, 437.336242676, 437.789031982, 438.230194092, 438.729431152, 439.217041016, 439.704650879, 440.203887939, 440.71472168, 441.22555542, 441.64352417, 442.06149292, 442.47946167, 442.943847656, 443.396636963, 443.861022949, 444.313812256, 444.77822876, 445.242614746, 445.70703125, 446.171417236, 446.63583374, 447.088623047, 447.541412354, 447.99420166, 448.458587646, 448.911376953, 449.375762939, 449.828552246, 450.281341553, 450.734130859, 451.186920166, 451.639709473, 452.069274902, 452.522064209, 452.974853516, 453.485717773, 453.996551514, 454.507385254, 454.983398438, 455.471008301, 455.958618164, 456.446258545, 456.922271729, 457.409881592, 457.885894775, 458.361907959, 458.837890625, 459.313903809, 459.789916992, 460.265930176, 460.73034668, 461.194732666, 461.659118652, 462.123535156, 462.61114502, 463.087158203, 463.563171387, 464.05078125, 464.526794434, 465.002807617, 465.478820801, 465.966430664, 466.442443848, 466.906829834, 467.359619141, 467.812408447, 468.265197754, 468.717987061, 469.170776367, 469.623565674, 470.064758301, 470.50592041, 470.947113037, 471.388305664, 471.841094971, 472.28225708, 472.735046387, 473.176239014, 473.605804443, 474.035369873, 474.464935303, 474.90612793, 475.358917236, 475.811706543, 476.26449585, 476.717285156, 477.158447266, 477.611236572, 478.064025879, 478.516815186, 478.969604492, 479.410797119, 479.875183105, 480.339569092, 480.780761719, 481.210327148, 481.663116455, 482.115905762, 482.568695068, 483.009887695, 483.462677002, 483.892242432, 484.321807861, 484.739776611, 485.169342041, 485.598907471, 486.04006958, 486.492858887, 486.945648193, 487.38684082, 487.828033447, 488.269195557, 488.710388184, 489.221221924, 489.720458984, 490.242889404, 490.695678711, 491.148468018, 491.612884521, 492.077270508, 492.530059814, 492.971252441, 493.412414551, 493.84197998, 494.283172607, 494.724334717, 495.188751221, 495.653137207, 496.117553711, 496.570343018, 497.034729004, 497.487518311, 497.951904297, 498.416320801, 498.880706787, 499.356719971, 499.832733154, 500.308746338, 500.784759521, 501.272369385, 501.771606445, 502.247619629, 502.688781738, 503.129974365, 503.571136475, 504.012329102, 504.453491211, 504.894683838, 505.335876465, 505.765441895, 506.195007324, 506.624572754, 507.042541504, 507.472106934, 507.890045166, 508.342834473, 508.7840271, 509.225219727, 509.678009033], "beats_loudness": {"dmean2": 0.0262312423438, "median": 0.0120372371748, "min": 0, "dvar2": 0.000505594536662, "dvar": 0.000174213884748, "dmean": 0.0146665675566, "max": 0.096282556653, "var": 0.000237859800109, "mean": 0.0166220124811}, "danceability": 1.18279290199, "bpm_histogram_second_peak_weight": {"dmean2": 0, "median": 0.196100920439, "min": 0.196100920439, "dvar2": 0, "dvar": 0, "dmean": 0, "max": 0.196100920439, "var": 0, "mean": 0.196100920439}, "beats_count": 873, "bpm_histogram_second_peak_bpm": {"dmean2": 0, "median": 70, "min": 70, "dvar2": 0, "dvar": 0, "dmean": 0, "max": 70, "var": 0, "mean": 70}, "bpm_histogram_first_peak_spread": {"dmean2": 0, "median": 0.598337948322, "min": 0.598337948322, "dvar2": 0, "dvar": 0, "dmean": 0, "max": 0.598337948322, "var": 0, "mean": 0.598337948322}, "beats_loudness_band_ratio": {"dmean2": [0.53149241209, 0.323280930519, 0.214526027441, 0.118989787996, 0.0923596099019, 0.0823194906116], "median": [0.689580917358, 0.103709168732, 0.0500947199762, 0.00832367036492, 0.00320647610351, 0.00572611391544], "min": [0, 0, 0, 0, 0, 0], "dvar2": [0.190010860562, 0.0969259142876, 0.0570126250386, 0.0305821746588, 0.0189122725278, 0.0149323586375], "dvar": [0.0722059160471, 0.0363746285439, 0.0205878224224, 0.0110152019188, 0.00663024699315, 0.00522786099464], "dmean": [0.302394807339, 0.178487867117, 0.118928596377, 0.0667325183749, 0.0526524297893, 0.0448312312365], "max": [0.999080955982, 0.973800599575, 0.924918532372, 0.81338006258, 0.452380359173, 0.71051889658], "var": [0.128542780876, 0.0386148653924, 0.0214584432542, 0.0115334680304, 0.00699437875301, 0.00423170486465], "mean": [0.587128996849, 0.174206689, 0.115098848939, 0.0648224577308, 0.0472077056766, 0.0366246365011]}}, "lowlevel": {"barkbands_spread": {"dmean2": 5.45462703705, "median": 6.48483514786, "min": 0.191202223301, "dvar2": 139.044433594, "dvar": 57.8283157349, "dmean": 3.4501926899, "max": 122.766700745, "var": 132.766708374, "mean": 10.8991336823}, "melbands_spread": {"dmean2": 5.19428253174, "median": 5.53813076019, "min": 0.221494495869, "dvar2": 87.52734375, "dvar": 42.098110199, "dmean": 3.4248008728, "max": 161.9269104, "var": 325.977050781, "mean": 12.6088132858}, "hfc": {"dmean2": 3.21290183067, "median": 1.20253825188, "min": 1.06519356201e-16, "dvar2": 73.9350280762, "dvar": 48.8266296387, "dmean": 2.43989896774, "max": 132.67300415, "var": 275.678344727, "mean": 7.41717576981}, "barkbands_kurtosis": {"dmean2": 24.4679470062, "median": 13.8515033722, "min": -1.89316403866, "dvar2": 3567.4609375, "dvar": 1457.76306152, "dmean": 15.8254966736, "max": 1337.56848145, "var": 4126.87158203, "mean": 39.1366958618}, "gfcc": {"mean": [-151.273422241, 99.3031692505, -64.388053894, 17.0819911957, -41.186870575, -3.84936285019, -26.1594486237, 0.796325981617, -14.0432090759, -3.24507069588, -10.4560070038, -2.40745377541, -15.2591514587], "icov": [[0.000194353371626, -0.000247312535066, 0.000351962342393, -0.000399049487896, 0.000530790246557, -0.000656714779325, 0.000712354376446, -0.000538506021257, 0.000726322294213, -0.000610647839494, 0.000608429370914, -0.000436922622612, 0.000458077178337], [-0.000247312535066, 0.00148676300887, -0.000524034141563, 0.00112605583854, -0.00124032387976, 0.00106222194154, -0.00122023955919, 0.00105913146399, -0.00106558261905, 0.000622442807071, -0.00116893113591, 0.000947361520957, -0.000354856369086], [0.000351962342393, -0.000524034141563, 0.00110410898924, -0.000915955402888, 0.000811957404949, -0.00199139211327, 0.00231771008112, -0.0014898693189, 0.000812360376585, -0.00098040944431, 0.00225029303692, -0.00189217308071, 0.00139935011975], [-0.000399049487896, 0.00112605583854, -0.000915955402888, 0.0033282651566, -0.00190584152006, 0.00158324744552, -0.00321017322131, 0.000971469504293, -0.000804906128906, 0.00148045097012, -0.00138008513022, 5.83874998483e-06, 1.91423278011e-05], [0.000530790246557, -0.00124032387976, 0.000811957404949, -0.00190584152006, 0.00732949981466, -0.00421277061105, 0.000734059198294, -0.00196058629081, 0.00300317839719, -0.00080856482964, -0.000116331808385, 7.92358478066e-05, 0.000759490474593], [-0.000656714779325, 0.00106222194154, -0.00199139211327, 0.00158324744552, -0.00421277061105, 0.0115763163194, -0.00666552828625, 0.002045373898, -0.00279728183523, -1.71770498127e-05, -0.000137929571792, 0.00204770104028, -0.00157823006157], [0.000712354376446, -0.00122023955919, 0.00231771008112, -0.00321017322131, 0.000734059198294, -0.00666552828625, 0.0171704441309, -0.00853225216269, 0.00268434011377, -6.88173240633e-05, 0.00314826890826, -0.00292712380178, 0.000460910930997], [-0.000538506021257, 0.00105913146399, -0.0014898693189, 0.000971469504293, -0.00196058629081, 0.002045373898, -0.00853225216269, 0.0177123304456, -0.0102612813935, 0.00482281111181, -0.00474888505414, 0.00323361670598, -0.000408222083934], [0.000726322294213, -0.00106558261905, 0.000812360376585, -0.000804906128906, 0.00300317839719, -0.00279728183523, 0.00268434011377, -0.0102612813935, 0.0244969446212, -0.0187068823725, 0.00696938578039, -0.00244659744203, 0.001828241162], [-0.000610647839494, 0.000622442807071, -0.00098040944431, 0.00148045097012, -0.00080856482964, -1.71770498127e-05, -6.88173240633e-05, 0.00482281111181, -0.0187068823725, 0.0305742938071, -0.0179379731417, 0.00597953889519, -0.00195215723943], [0.000608429370914, -0.00116893113591, 0.00225029303692, -0.00138008513022, -0.000116331808385, -0.000137929571792, 0.00314826890826, -0.00474888505414, 0.00696938578039, -0.0179379731417, 0.030684877187, -0.0158165488392, 0.00545036559924], [-0.000436922622612, 0.000947361520957, -0.00189217308071, 5.83874998483e-06, 7.92358478066e-05, 0.00204770104028, -0.00292712380178, 0.00323361670598, -0.00244659744203, 0.00597953889519, -0.0158165488392, 0.0324005186558, -0.0143299801275], [0.000458077178337, -0.000354856369086, 0.00139935011975, 1.91423278011e-05, 0.000759490474593, -0.00157823006157, 0.000460910930997, -0.000408222083934, 0.001828241162, -0.00195215723943, 0.00545036559924, -0.0143299801275, 0.0245888456702]], "cov": [[17055.1992188, 525.640441895, -5338.02685547, 98.9753112793, -627.225036621, -361.040771484, -138.369445801, -236.102783203, -358.586730957, 44.8816719055, 143.113571167, -44.4508209229, -38.9623413086], [525.640441895, 1057.71960449, 36.4777412415, -280.928375244, 49.0966415405, -8.84953594208, -33.2036056519, -18.3918533325, 39.3490219116, 51.5810546875, 27.727514267, -22.6057395935, -16.3034095764], [-5338.02685547, 36.4777412415, 4116.02734375, 341.265777588, 263.297637939, 444.787445068, 0.878962039948, 199.623626709, 182.387588501, -14.2391290665, -173.05305481, 16.2214603424, -77.7028198242], [98.9753112793, -280.928375244, 341.265777588, 654.495361328, 152.18182373, 108.803352356, 135.141433716, 68.9462966919, -31.7727870941, -58.5002784729, -25.9677238464, 18.4160232544, -10.7281045914], [-627.225036621, 49.0966415405, 263.297637939, 152.18182373, 276.919036865, 124.651107788, 86.0033340454, 51.0174942017, -3.48769187927, -20.2712669373, -9.67917823792, -4.17413282394, -5.66428184509], [-361.040771484, -8.84953594208, 444.787445068, 108.803352356, 124.651107788, 219.55657959, 84.9588470459, 64.5581207275, 36.3884315491, 2.79603099823, -26.4542999268, -6.47307777405, -9.47010040283], [-138.369445801, -33.2036056519, 0.878962039948, 135.141433716, 86.0033340454, 84.9588470459, 151.102294922, 70.0611724854, 8.60362815857, -16.3758983612, -7.73473358154, 1.8395730257, 3.9174888134], [-236.102783203, -18.3918533325, 199.623626709, 68.9462966919, 51.0174942017, 64.5581207275, 70.0611724854, 128.632095337, 65.5504074097, 22.3679485321, 3.84855556488, -3.34331130981, -9.7905921936], [-358.586730957, 39.3490219116, 182.387588501, -31.7727870941, -3.48769187927, 36.3884315491, 8.60362815857, 65.5504074097, 136.875869751, 86.1792907715, 23.2899703979, -1.65221107006, -9.19693470001], [44.8816719055, 51.5810546875, -14.2391290665, -58.5002784729, -20.2712669373, 2.79603099823, -16.3758983612, 22.3679485321, 86.1792907715, 114.833488464, 55.3961143494, 4.79051542282, -4.52998447418], [143.113571167, 27.727514267, -173.05305481, -25.9677238464, -9.67917823792, -26.4542999268, -7.73473358154, 3.84855556488, 23.2899703979, 55.3961143494, 83.2283172607, 26.4738960266, 6.05906391144], [-44.4508209229, -22.6057395935, 16.2214603424, 18.4160232544, -4.17413282394, -6.47307777405, 1.8395730257, -3.34331130981, -1.65221107006, 4.79051542282, 26.4738960266, 56.5456924438, 26.7767086029], [-38.9623413086, -16.3034095764, -77.7028198242, -10.7281045914, -5.66428184509, -9.47010040283, 3.9174888134, -9.7905921936, -9.19693470001, -4.52998447418, 6.05906391144, 26.7767086029, 59.5071220398]]}, "spectral_energyband_middle_low": {"dmean2": 0.00209343340248, "median": 0.00157237565145, "min": 1.56327909255e-22, "dvar2": 1.99074547709e-05, "dvar": 9.26346911001e-06, "dmean": 0.0014550241176, "max": 0.100085243583, "var": 3.26814624714e-05, "mean": 0.00377799733542}, "melbands_crest": {"dmean2": 4.30366802216, "median": 15.9233112335, "min": 1.53367114067, "dvar2": 20.4388446808, "dvar": 8.55433750153, "dmean": 2.70644044876, "max": 34.4740180969, "var": 40.7195396423, "mean": 16.9121303558}, "spectral_kurtosis": {"dmean2": 4.22186040878, "median": 7.89651679993, "min": -1.26598882675, "dvar2": 34.1728668213, "dvar": 16.2112369537, "dmean": 2.67452692986, "max": 102.129356384, "var": 79.9667282104, "mean": 10.3239383698}, "spectral_rms": {"dmean2": 0.000612468633335, "median": 0.00206102523953, "min": 3.12966427947e-12, "dvar2": 7.03795535628e-07, "dvar": 4.26776807672e-07, "dmean": 0.000460052979179, "max": 0.00993426889181, "var": 2.8563692922e-06, "mean": 0.00250826473348}, "zerocrossingrate": {"dmean2": 0.0103304134682, "median": 0.02880859375, "min": 0.00244140625, "dvar2": 0.00026372805587, "dvar": 0.000182407035027, "dmean": 0.00827596057206, "max": 0.52685546875, "var": 0.00242461916059, "mean": 0.0401182696223}, "silence_rate_60dB": {"dmean2": 0.168780982494, "median": 0, "min": 0, "dvar2": 0.155403643847, "dvar": 0.077255807817, "dmean": 0.0843866541982, "max": 1, "var": 0.240447536111, "mean": 0.40218231082}, "erbbands_kurtosis": {"dmean2": 4.99840784073, "median": 2.06268930435, "min": -1.81980061531, "dvar2": 129.415390015, "dvar": 59.6792602539, "dmean": 3.31104922295, "max": 172.286865234, "var": 177.710952759, "mean": 6.76210308075}, "erbbands": {"dmean2": [0.0145895471796, 0.325976371765, 1.01721274853, 1.0043040514, 1.91151785851, 3.85914444923, 2.89683365822, 4.22320222855, 5.16435194016, 5.72683286667, 8.64430427551, 6.61752033234, 5.0604557991, 6.5927233696, 5.1029343605, 7.01231861115, 6.98918199539, 8.66073989868, 6.70537567139, 4.97126150131, 7.03297901154, 7.30244922638, 6.18239736557, 7.47856330872, 7.82507944107, 5.55053806305, 2.64803695679, 1.10295033455, 0.549831211567, 0.533552825451, 0.234199211001, 0.137281343341, 0.0779014378786, 0.0459888800979, 0.0212089475244, 0.0115029430017, 0.00632171845064, 0.00245119002648, 0.000918978592381, 0.000145610436448], "median": [0.00436947215348, 0.107366792858, 0.496572136879, 0.57672727108, 0.402247041464, 0.532061874866, 0.799426317215, 1.14134132862, 0.966143906116, 0.973787248135, 0.865308046341, 0.604355931282, 0.347535967827, 0.308550059795, 0.279422789812, 0.286710053682, 0.229006379843, 0.189564973116, 0.155249625444, 0.109793908894, 0.121431976557, 0.124476589262, 0.0583077184856, 0.0509587973356, 0.0772240012884, 0.0399662815034, 0.0289488453418, 0.0339831635356, 0.024749038741, 0.0262656304985, 0.0184775125235, 0.0162734724581, 0.0100524825975, 0.00548911513761, 0.002814571606, 0.00171663449146, 0.00104044529144, 0.000506244308781, 0.000181369512575, 2.49566728598e-05], "min": [5.70811925518e-23, 5.07136284939e-22, 1.54736088923e-21, 2.42396150441e-21, 9.2929767476e-21, 2.3474760552e-20, 3.62297288856e-20, 7.58920763676e-20, 7.17417558053e-20, 1.85463108643e-19, 3.21668568237e-19, 3.45585642619e-19, 6.29746714106e-19, 4.22582018029e-19, 7.03786565061e-19, 1.2075695434e-18, 1.59473318687e-18, 1.66183159662e-18, 2.39589803858e-18, 2.7552412199e-18, 3.79350529668e-18, 4.12253954638e-18, 4.35434367816e-18, 5.60163815689e-18, 5.99875557486e-18, 6.33181653978e-18, 9.29508065564e-18, 1.03456951593e-17, 9.06915364211e-18, 1.14708684148e-17, 1.00683836862e-17, 1.02448395088e-17, 1.00093122371e-17, 8.23737804126e-18, 5.50241370651e-18, 3.89508390308e-18, 2.21463340146e-18, 9.57110317463e-19, 2.50866845037e-19, 2.77994788987e-20], "dvar2": [0.0013177790679, 0.684816300869, 8.08230304718, 5.72456979752, 51.4920425415, 236.776138306, 47.7172622681, 132.01473999, 267.756164551, 383.714782715, 1231.07055664, 697.603820801, 626.177856445, 1363.27209473, 984.677368164, 1210.81530762, 760.815368652, 1224.97509766, 2020.00695801, 686.595397949, 756.998168945, 610.906066895, 493.401794434, 637.838623047, 681.320922852, 418.87612915, 135.630661011, 18.1919975281, 3.74005270004, 2.93636083603, 0.46862077713, 0.195858418941, 0.0693709328771, 0.0304820798337, 0.00806571450084, 0.00211848551407, 0.000720335170627, 0.000112140631245, 1.34404081109e-05, 3.74981397044e-07], "dvar": [0.00058755336795, 0.38359361887, 4.47687101364, 3.37097930908, 19.7729129791, 105.832023621, 19.0468711853, 61.0522079468, 115.325340271, 231.214904785, 710.946289063, 419.038696289, 380.038116455, 738.628662109, 498.648773193, 705.303833008, 431.354278564, 653.508850098, 849.397399902, 395.054656982, 448.734619141, 361.106811523, 280.050109863, 367.706695557, 400.342285156, 253.097091675, 80.0302047729, 11.4216480255, 2.31689119339, 1.79543030262, 0.276408046484, 0.0870687589049, 0.0289860609919, 0.0119010461494, 0.00315927970223, 0.000835142214783, 0.000289181189146, 4.67021782242e-05, 5.61500655749e-06, 1.48771590602e-07], "dmean": [0.00976156629622, 0.228465542197, 0.74130988121, 0.742552042007, 1.20549118519, 2.58104419708, 1.83974039555, 2.77724123001, 3.43216586113, 4.14529561996, 6.02481079102, 4.76919174194, 3.86227416992, 4.78397703171, 3.64177775383, 5.1041841507, 4.98720121384, 6.12861680984, 4.64549446106, 3.65976905823, 5.10003519058, 5.19403934479, 4.55587530136, 5.41963863373, 5.72940731049, 4.07610797882, 1.94025659561, 0.815920293331, 0.401583433151, 0.37940838933, 0.162951231003, 0.0878635644913, 0.0490208975971, 0.0277143903077, 0.012622969225, 0.00698571000248, 0.00398011785001, 0.00158597785048, 0.000584289315157, 8.67386188474e-05], "max": [0.472059547901, 13.9111423492, 48.3403434753, 47.3025894165, 176.531707764, 402.00881958, 127.241073608, 241.193588257, 386.084838867, 1118.40270996, 1413.76062012, 1145.47766113, 977.945983887, 1439.12731934, 1638.92419434, 2182.90649414, 1426.52392578, 854.635192871, 2185.54052734, 1791.02954102, 1095.04711914, 659.668334961, 574.658874512, 465.556671143, 582.085510254, 418.044250488, 229.354553223, 125.917388916, 59.3199615479, 44.1296234131, 20.4603404999, 15.1234416962, 8.03544807434, 5.65301179886, 3.76275801659, 1.02812612057, 0.556853830814, 0.26495462656, 0.079970151186, 0.0135387489572], "var": [0.00160491571296, 1.04708528519, 11.6324205399, 14.8426446915, 25.0264663696, 172.985321045, 55.1659202576, 219.531661987, 412.894195557, 1145.86218262, 2819.34960938, 1605.06420898, 1103.47827148, 2287.73388672, 1186.8918457, 2069.55517578, 1542.21484375, 2040.87512207, 1530.45922852, 1253.25598145, 1715.27453613, 1402.02197266, 1157.0300293, 1564.14819336, 1785.86218262, 1109.98828125, 328.004760742, 43.7989234924, 8.81014537811, 7.02639865875, 1.11189806461, 0.190174639225, 0.0511664748192, 0.0149210169911, 0.00329466816038, 0.000892203999683, 0.000309882219881, 5.5595581216e-05, 6.0131533246e-06, 1.36480949209e-07], "mean": [0.0227384828031, 0.499801933765, 1.58638083935, 1.92602229118, 1.8500213623, 4.04440164566, 3.52681708336, 5.83330202103, 7.46779584885, 9.4873380661, 12.6922693253, 10.3843221664, 7.54365968704, 10.0508527756, 7.28732299805, 10.1032514572, 10.5155496597, 12.6177597046, 9.24382591248, 7.38335895538, 11.2367391586, 11.8619022369, 10.4213132858, 12.8481740952, 14.0104017258, 9.87435436249, 4.42882490158, 1.72585713863, 0.874891400337, 0.802960634232, 0.337704539299, 0.149469107389, 0.0764949098229, 0.0379671156406, 0.0159989707172, 0.00906848814338, 0.00521589256823, 0.00218118261546, 0.000730718660634, 9.36738870223e-05]}, "spectral_strongpeak": {"dmean2": 0.384344518185, "median": 0.248759254813, "min": 0, "dvar2": 0.836604237556, "dvar": 0.361190468073, "dmean": 0.244042992592, "max": 13.3396339417, "var": 0.878622889519, "mean": 0.552628993988}, "spectral_energy": {"dmean2": 0.00407948764041, "median": 0.00435402104631, "min": 1.00396680013e-20, "dvar2": 4.94588421134e-05, "dvar": 2.89973158942e-05, "dmean": 0.00302916858345, "max": 0.101156942546, "var": 0.000145458296174, "mean": 0.00937644392252}, "average_loudness": 0.440115481615, "spectral_rolloff": {"dmean2": 472.928436279, "median": 409.130859375, "min": 86.1328125, "dvar2": 3124451, "dvar": 1213904.875, "dmean": 279.588897705, "max": 19832.0800781, "var": 4067266.75, "mean": 979.708374023}, "spectral_centroid": {"dmean2": 219.962738037, "median": 445.348571777, "min": 91.7083816528, "dvar2": 143303.671875, "dvar": 76136.375, "dmean": 148.293731689, "max": 11845.2822266, "var": 1282647.375, "mean": 826.498596191}, "pitch_salience": {"dmean2": 0.108932875097, "median": 0.494856536388, "min": 0.0323839634657, "dvar2": 0.0125179318711, "dvar": 0.00537318270653, "dmean": 0.0692798420787, "max": 0.889163851738, "var": 0.0258190706372, "mean": 0.484521925449}, "spectral_energyband_middle_high": {"dmean2": 0.0010770187946, "median": 5.53418576601e-05, "min": 1.14173330706e-21, "dvar2": 1.19800542961e-05, "dvar": 7.61439332564e-06, "dmean": 0.000819354958367, "max": 0.0904555544257, "var": 3.81750360248e-05, "mean": 0.00230591744184}, "spectral_contrast_coeffs": {"dmean2": [0.0716535821557, 0.0694491937757, 0.0557870604098, 0.0468391776085, 0.0362976826727, 0.0244881715626], "median": [-0.642469167709, -0.736733198166, -0.792039096355, -0.816050350666, -0.834644138813, -0.828185141087], "min": [-0.980134665966, -0.976833343506, -0.980242908001, -0.972264289856, -0.96706444025, -0.965226233006], "dvar2": [0.00385360908695, 0.00336685916409, 0.00232329033315, 0.00193830882199, 0.00150632672012, 0.000823999173008], "dvar": [0.00158698193263, 0.001409370685, 0.00111303071026, 0.00103081646375, 0.00090