{"tonal": {"thpcp": [1, 0.667648077011, 0.365058422089, 0.341028362513, 0.298277318478, 0.396599501371, 0.571911811829, 0.606482625008, 0.469169646502, 0.279275149107, 0.226193487644, 0.435541212559, 0.577091693878, 0.44687089324, 0.684159398079, 0.988186955452, 0.619386732578, 0.24212911725, 0.213443145156, 0.228837683797, 0.423660159111, 0.653783023357, 0.521337866783, 0.351530432701, 0.306073337793, 0.259452372789, 0.437635958195, 0.588660597801, 0.45072260499, 0.420967668295, 0.591792702675, 0.514647245407, 0.331627100706, 0.322842240334, 0.348619520664, 0.691678404808], "hpcp": {"dmean2": [0.244377464056, 0.22948731482, 0.243123158813, 0.282293647528, 0.298366308212, 0.236147522926, 0.212326601148, 0.248518422246, 0.32133179903, 0.341307282448, 0.282442867756, 0.245666071773, 0.224440604448, 0.194770663977, 0.208867698908, 0.24989926815, 0.282568067312, 0.270059496164, 0.187916636467, 0.161359488964, 0.219629779458, 0.254211395979, 0.250046104193, 0.306089282036, 0.326234191656, 0.273435413837, 0.195686787367, 0.169892758131, 0.167862221599, 0.207830831409, 0.273369848728, 0.271930068731, 0.262535661459, 0.221561193466, 0.190323501825, 0.218461930752], "median": [0.124407909811, 0.103929042816, 0.0752375274897, 0.0583222098649, 0.0467958860099, 0.0489333793521, 0.0509095005691, 0.056618321687, 0.176859214902, 0.261395215988, 0.175291344523, 0.0623309090734, 0.057151120156, 0.0582305304706, 0.0848994851112, 0.120823822916, 0.130304157734, 0.0970318838954, 0.0559182241559, 0.0404425337911, 0.0865081697702, 0.11069906503, 0.0810693651438, 0.159763842821, 0.251581341028, 0.145218044519, 0.0329276546836, 0.0341790504754, 0.0419698655605, 0.0993659570813, 0.155096456409, 0.119877167046, 0.0614573545754, 0.0522003285587, 0.044337503612, 0.0833689644933], "min": [0, 0, 0, 0, 0, 0, 0, 0, 0, 0, 0, 0, 0, 0, 0, 0, 0, 0, 0, 0, 0, 0, 0, 0, 0, 0, 0, 0, 0, 0, 0, 0, 0, 0, 0, 0], "dvar2": [0.0971090272069, 0.0871121734381, 0.106155596673, 0.147305935621, 0.159476235509, 0.117434084415, 0.099903665483, 0.117424890399, 0.12644200027, 0.124943137169, 0.100977614522, 0.119052179158, 0.110716044903, 0.0904637053609, 0.0842925831676, 0.0990313738585, 0.106082320213, 0.107697345316, 0.0795340687037, 0.0756694898009, 0.0896520912647, 0.096637122333, 0.106563061476, 0.121483713388, 0.12891189754, 0.104437828064, 0.0966599956155, 0.0887455940247, 0.079464673996, 0.0751749053597, 0.102171964943, 0.115145340562, 0.139851301908, 0.11062271893, 0.0879554748535, 0.0885801464319], "dvar": [0.039099033922, 0.0317714177072, 0.0388201139867, 0.0567666143179, 0.0589527562261, 0.0421763472259, 0.0367492437363, 0.0425461903214, 0.0446538701653, 0.0501601211727, 0.036888256669, 0.0424545332789, 0.0400987192988, 0.032195687294, 0.0309286620468, 0.038422267884, 0.0413592420518, 0.0402610264719, 0.028120258823, 0.0266346279532, 0.0331509970129, 0.0388057082891, 0.038972619921, 0.0443391054869, 0.0537443272769, 0.0391867421567, 0.0346388593316, 0.0314715690911, 0.0282970797271, 0.0283484496176, 0.0404411889613, 0.0428770333529, 0.0506916120648, 0.0398774109781, 0.0313160568476, 0.0341202989221], "dmean": [0.142852976918, 0.132844954729, 0.138648241758, 0.160461112857, 0.166415929794, 0.131586179137, 0.118565276265, 0.138570010662, 0.183956444263, 0.19877256453, 0.165411919355, 0.136481404305, 0.124912522733, 0.10861351341, 0.120285861194, 0.147743657231, 0.16940972209, 0.158249914646, 0.104464441538, 0.0891649723053, 0.127112776041, 0.14740395546, 0.143197268248, 0.17595821619, 0.191663444042, 0.161052599549, 0.10781531781, 0.0933741182089, 0.092732720077, 0.120384782553, 0.160230308771, 0.155731275678, 0.144128724933, 0.121664606035, 0.104720398784, 0.125821441412], "max": [1, 1, 1, 1, 1, 1, 1, 1, 1, 1, 1, 1, 1, 1, 1, 1, 1, 1, 1, 1, 1, 1, 1, 1, 1, 1, 1, 1, 1, 1, 1, 1, 1, 1, 1, 1], "var": [0.0708381086588, 0.0381088405848, 0.0444252304733, 0.1026494205, 0.0829104483128, 0.0377965942025, 0.0365903787315, 0.0393180176616, 0.063752822578, 0.11029907316, 0.0587128065526, 0.0403489992023, 0.0398297682405, 0.0281975306571, 0.035815037787, 0.0653736963868, 0.0654319450259, 0.0459386557341, 0.0233424566686, 0.0207360070199, 0.0443598255515, 0.0719921812415, 0.0490440689027, 0.0718893110752, 0.124456360936, 0.0598441362381, 0.0276804715395, 0.0227008704096, 0.021051729098, 0.0343397557735, 0.0700578168035, 0.0496141463518, 0.0404826924205, 0.0332720950246, 0.025145098567, 0.0487530715764], "mean": [0.22913479805, 0.175442740321, 0.163860708475, 0.230353966355, 0.200325265527, 0.129085093737, 0.125665605068, 0.135699346662, 0.269234240055, 0.389247715473, 0.25988048315, 0.142098158598, 0.132744506001, 0.116103760898, 0.154375448823, 0.222615376115, 0.236071974039, 0.182623207569, 0.108707219362, 0.0880452990532, 0.169533416629, 0.224631622434, 0.173943474889, 0.266307473183, 0.384649515152, 0.241094872355, 0.0942482054234, 0.0830822587013, 0.0890745446086, 0.164908751845, 0.254483550787, 0.202929571271, 0.136832416058, 0.119138345122, 0.100991249084, 0.170348793268]}, "tuning_equal_tempered_deviation": 0.043298009783, "chords_changes_rate": 0.0745841562748, "key_key": "F", "tuning_diatonic_strength": 0.669828295708, "key_scale": "major", "chords_number_rate": 0.00196744757704, "tuning_frequency": 441.272583008, "tuning_nontempered_energy_ratio": 0.666378259659, "chords_histogram": [29.565372467, 7.60150241852, 16.1151847839, 1.05526745319, 0.465033084154, 0.214630663395, 0.840636730194, 0, 2.55768203735, 0.214630663395, 0.0536576658487, 0, 0, 0, 0, 1.23412632942, 0.393489539623, 13.5932750702, 0, 2.73654079437, 0.0178858879954, 5.11536407471, 11.3217668533, 6.90395259857], "key_strength": 0.87342441082, "chords_key": "F", "chords_strength": {"dmean2": 0.0107615794986, "median": 0.47169777751, "min": -1, "dvar2": 0.000743299897294, "dvar": 0.000411984015955, "dmean": 0.00987480487674, "max": 0.718931078911, "var": 0.0123204095289, "mean": 0.468285292387}, "chords_scale": "major", "hpcp_entropy": {"dmean2": 1.00806367397, "median": 2.20873045921, "min": 0, "dvar2": 0.659669697285, "dvar": 0.244894728065, "dmean": 0.597733199596, "max": 4.27928209305, "var": 0.541544795036, "mean": 2.16494464874}}, "metadata": {"audio_properties": {"equal_loudness": 0, "codec": "flac", "downmix": "mix", "analysis_sample_rate": 44100, "bit_rate": 0, "md5_encoded": "a131511b4c8a9a2264302d28e9cfd2d5", "length": 259.57333374, "replay_gain": -16.8104896545, "lossless": true}, "version": {"essentia_build_sha": "eef087cf131c10083d474ad51def18efd0e38295", "essentia": "2.1-beta1", "extractor": "music 1.0", "essentia_git_sha": "v2.1_beta1-7-ge0e83e8-dirty"}, "tags": {"title": ["\u541b\u304c\u3044\u306a\u3044\u672a\u6765"], "barcode": ["4988064381401"], "media": ["CD"], "albumartist": ["Do As Infinity"], "language": ["jpn"], "releasetype": ["album"], "musicbrainz_recordingid": ["3bdec872-bfd2-4a37-b3db-45418c7a482c"], "encoded-by": ["Winamp 5.601"], "artistsort": ["Do As Infinity"], "musicbrainz_albumartistid": ["b128a994-2400-432d-b26a-8feede87daa8"], "musicbrainz_workid": ["21d0e253-4ad1-414a-b284-932e8997da2b"], "gracenoteextdata": ["GNXDWEcxAZtCtYwITYwWRiiTSEg0vICxEpByW7nMZaUnbgx9QTIN6KuFPdL83EsX8l2B2UE3hbQUgXl9D4ee7zQDMoyFVDtNwLhh9W+oU8Z0VM94B6ON/iDGCvlWBTvvvxfUt6Dz1GNavL++XBbSxc51/23f6b5snSaDeTUfZacX1Za4iEX+z0wXSH3Paw3l1VutfY9Ha8ORSYXCsBfVBYTdrDngYJlO7RbRHGSEc3QDBD09v1Or97VQ3XLC"], "replaygain_track_gain": ["-11.42 dB"], "isrc": ["JPB600966801"], "date": ["2011-01-19"], "musicip_puid": ["1d6cfcd5-ffac-4b01-b7ad-6f7b59f26b0c"], "asin": ["B0049R8TP8"], "musicbrainz_albumid": ["e9fcc413-0d7a-46dc-a191-6eba33b4f74e"], "replaygain_reference_loudness": ["89.0 dB"], "composer": ["\u5927\u897f\u514b\u5df3"], "tracknumber": ["12"], "label": ["avex trax"], "musicbrainz_artistid": ["b128a994-2400-432d-b26a-8feede87daa8"], "totaltracks": ["12"], "tracktotal": ["12"], "replaygain_track_peak": ["0.93551636"], "replaygain_album_peak": ["0.96511841"], "lyricist": ["\u4e95\u4e0a\u30ab\u30ce", "\u68ee\u6708\u30ad\u30e3\u30b9", "\u4f34\u90fd\u7f8e\u5b50"], "discnumber": ["1"], "album": ["EIGHT"], "catalognumber": ["AVCD-38140"], "releasecountry": ["JP"], "genre": ["Pop/Rock"], "replaygain_album_gain": ["-10.98 dB"], "file_name": "12 \u541b\u304c\u3044\u306a\u3044\u672a\u6765.flac", "musicbrainz_releasegroupid": ["9fa02077-d121-4af0-9eb0-b5a3c905c898"], "format": ["CD"], "script": ["Jpan"], "originaldate": ["2011-01-19"], "album artist": ["Do As Infinity"], "artist": ["Do As Infinity"], "disctotal": ["1"], "gracenotefileid": ["3CD3N28Q226856002U24866DC1D4FCF7A06930D09AF3556C9ABC0P5"], "albumartistsort": ["Do As Infinity"], "totaldiscs": ["1"], "releasestatus": ["official"]}}, "rhythm": {"bpm_histogram_first_peak_bpm": {"dmean2": 0, "median": 140, "min": 140, "dvar2": 0, "dvar": 0, "dmean": 0, "max": 140, "var": 0, "mean": 140}, "bpm": 139.921936035, "bpm_histogram_second_peak_spread": {"dmean2": 0, "median": 0, "min": 0, "dvar2": 0, "dvar": 0, "dmean": 0, "max": 0, "var": 0, "mean": 0}, "bpm_histogram_first_peak_weight": {"dmean2": 0, "median": 0.681518137455, "min": 0.681518137455, "dvar2": 0, "dvar": 0, "dmean": 0, "max": 0.681518137455, "var": 0, "mean": 0.681518137455}, "onset_rate": 2.83141517639, "beats_position": [0.49922901392, 0.940408170223, 1.39319729805, 1.84598636627, 2.29877543449, 2.73995471001, 3.16952371597, 3.59909296036, 4.02866220474, 4.45823097229, 4.8994102478, 5.31736946106, 5.75854873657, 6.18811798096, 6.6176867485, 7.03564596176, 7.45360517502, 7.8831744194, 8.31274318695, 8.74231243134, 9.17188167572, 9.6014509201, 10.0310201645, 10.47219944, 10.9017686844, 11.3313379288, 11.7609071732, 12.1904764175, 12.6084346771, 13.0263938904, 13.4559631348, 13.8855323792, 14.3151016235, 14.7446708679, 15.1742401123, 15.6038093567, 16.0333786011, 16.4629478455, 16.8925170898, 17.3220863342, 17.7516555786, 18.181224823, 18.5991840363, 19.0171432495, 19.4467124939, 19.8762817383, 20.3058490753, 20.7354183197, 21.1649875641, 21.5945568085, 22.0241260529, 22.4536952972, 22.8832645416, 23.312833786, 23.7307929993, 24.1487522125, 24.5667114258, 25.0078907013, 25.4490699768, 25.8902492523, 26.3314285278, 26.7493877411, 27.1673469543, 27.5969161987, 28.0264854431, 28.4560546875, 28.8856239319, 29.3035831451, 29.7331504822, 30.1627197266, 30.5922889709, 31.0218582153, 31.4630374908, 31.8809967041, 32.3105659485, 32.7401351929, 33.1697044373, 33.5992736816, 34.0172348022, 34.4468002319, 34.8763694763, 35.3059387207, 35.7355079651, 36.1650772095, 36.5946464539, 37.0242156982, 37.4537849426, 37.8717460632, 38.3013153076, 38.730884552, 39.1604537964, 39.5900230408, 40.0312004089, 40.4607696533, 40.8903388977, 41.3199081421, 41.7494773865, 42.1790466309, 42.6086158752, 43.0265769958, 43.4445343018, 43.8741035461, 44.3036727905, 44.7332420349, 45.1628112793, 45.5923805237, 46.0219497681, 46.4515190125, 46.8810882568, 47.3106575012, 47.7402267456, 48.16979599, 48.5993652344, 49.0289344788, 49.4585037231, 49.8764610291, 50.2944221497, 50.723991394, 51.1535606384, 51.5831298828, 52.0126991272, 52.4422683716, 52.871837616, 53.3014030457, 53.73097229, 54.1605415344, 54.5901107788, 55.0080718994, 55.4376411438, 55.8672103882, 56.3083877563, 56.7379570007, 57.1675262451, 57.5970954895, 58.0266647339, 58.4562339783, 58.8858032227, 59.3037643433, 59.7333335876, 60.162902832, 60.5924720764, 61.0220413208, 61.4516105652, 61.8811798096, 62.2991371155, 62.7287063599, 63.1582756042, 63.5994529724, 64.0290222168, 64.4585952759, 64.899772644, 65.3177337646, 65.7356872559, 66.1536483765, 66.5832214355, 67.0127868652, 67.4539642334, 67.8835372925, 68.3131027222, 68.7426757812, 69.1722412109, 69.60181427, 70.0429916382, 70.4725646973, 70.8905181885, 71.3084793091, 71.7496566772, 72.1792297363, 72.608795166, 73.0383682251, 73.4679336548, 73.8975067139, 74.3270721436, 74.7450332642, 75.1629943848, 75.5925598145, 76.0221328735, 76.4516983032, 76.8812713623, 77.310836792, 77.7404098511, 78.1699752808, 78.5995483398, 79.040725708, 79.4586868286, 79.8882522583, 80.3178253174, 80.7357788086, 81.1653518677, 81.5949172974, 82.0244903564, 82.4540557861, 82.8836288452, 83.3015823364, 83.7311553955, 84.1607208252, 84.5902938843, 85.019859314, 85.449432373, 85.8789978027, 86.3085708618, 86.74974823, 87.1793212891, 87.6088867188, 88.0268478394, 88.456413269, 88.8859863281, 89.3155517578, 89.7451248169, 90.1630859375, 90.5810394287, 91.0222167969, 91.451789856, 91.8813552856, 92.3109283447, 92.7404937744, 93.181678772, 93.6112442017, 94.0408172607, 94.458770752, 94.8767318726, 95.3179092407, 95.7358703613, 96.1654434204, 96.5950088501, 97.0361862183, 97.4541473389, 97.8837203979, 98.3132858276, 98.7428588867, 99.1724243164, 99.590385437, 100.019950867, 100.449523926, 100.879089355, 101.308662415, 101.726615906, 102.156188965, 102.585754395, 103.015327454, 103.433288574, 103.862854004, 104.304031372, 104.733604431, 105.163169861, 105.59274292, 106.02230835, 106.463493347, 106.893058777, 107.322631836, 107.740585327, 108.170158386, 108.599723816, 109.029296875, 109.458862305, 109.888435364, 110.318000793, 110.747573853, 111.177139282, 111.595100403, 112.024665833, 112.454238892, 112.883804321, 113.31337738, 113.74294281, 114.172515869, 114.602081299, 115.031654358, 115.449615479, 115.879180908, 116.308753967, 116.738319397, 117.156280518, 117.585845947, 118.015419006, 118.444984436, 118.886169434, 119.315734863, 119.745300293, 120.174873352, 120.604438782, 121.034011841, 121.463577271, 121.881538391, 122.31111145, 122.74067688, 123.170249939, 123.599815369, 124.029388428, 124.458953857, 124.876914978, 125.306480408, 125.736053467, 126.165618896, 126.595191956, 127.036369324, 127.454330444, 127.872291565, 128.301864624, 128.731430054, 129.160995483, 129.590560913, 130.020126343, 130.449707031, 130.879272461, 131.320449829, 131.750015259, 132.167984009, 132.5859375, 133.01550293, 133.445083618, 133.874649048, 134.304214478, 134.733779907, 135.163360596, 135.592926025, 136.022491455, 136.452056885, 136.881637573, 137.311203003, 137.740768433, 138.158721924, 138.588302612, 139.017868042, 139.45904541, 139.88861084, 140.31817627, 140.747756958, 141.177322388, 141.606887817, 142.036453247, 142.454421997, 142.883987427, 143.313552856, 143.731521606, 144.161087036, 144.590652466, 145.008621216, 145.449798584, 145.902587891, 146.366973877, 146.842987061, 147.307388306, 147.771789551, 148.236190796, 148.677368164, 149.106933594, 149.536499023, 149.966079712, 150.395645142, 150.813598633, 151.243179321, 151.672744751, 152.102310181, 152.53187561, 152.96144104, 153.37940979, 153.80897522, 154.226928711, 154.656509399, 155.086074829, 155.527252197, 155.968429565, 156.409606934, 156.850784302, 157.291976929, 157.733154297, 158.197555542, 158.650344849, 159.114730835, 159.567520142, 160.00869751, 160.438278198, 160.867843628, 161.297409058, 161.726974487, 162.144943237, 162.586120605, 163.015686035, 163.445251465, 163.874832153, 164.304397583, 164.745574951, 165.163528442, 165.593109131, 166.022674561, 166.45223999, 166.88180542, 167.311386108, 167.740951538, 168.170516968, 168.600082397, 169.029663086, 169.459228516, 169.888793945, 170.318359375, 170.747940063, 171.177505493, 171.607070923, 172.036636353, 172.466217041, 172.895782471, 173.313735962, 173.731704712, 174.17288208, 174.614059448, 175.055236816, 175.484802246, 175.914367676, 176.343948364, 176.773513794, 177.191467285, 177.609436035, 178.039001465, 178.468566895, 178.898132324, 179.327713013, 179.757278442, 180.186843872, 180.616409302, 181.034378052, 181.463943481, 181.90512085, 182.334686279, 182.764266968, 183.193832397, 183.623397827, 184.041351318, 184.459320068, 184.888885498, 185.318450928, 185.748016357, 186.177597046, 186.607162476, 187.036727905, 187.361816406, 187.686889648, 188.000366211, 188.313827515, 188.638900757, 188.952377319, 189.265853882, 189.590927124, 189.916000366, 190.241088867, 190.566162109, 190.89125061, 191.216323853, 191.541397095, 191.866485596, 192.191558838, 192.516647339, 192.85333252, 193.282897949, 193.712463379, 194.142044067, 194.559997559, 194.97795105, 195.407531738, 195.837097168, 196.266662598, 196.684616089, 197.114196777, 197.543762207, 197.973327637, 198.402893066, 198.832473755, 199.262039185, 199.679992676, 200.097961426, 200.527526855, 200.957092285, 201.386657715, 201.816238403, 202.245803833, 202.675369263, 203.093322754, 203.522903442, 203.952468872, 204.382034302, 204.811599731, 205.24118042, 205.67074585, 206.100311279, 206.529876709, 206.959457397, 207.400634766, 207.818588257, 208.236557007, 208.666122437, 209.095687866, 209.525253296, 209.954818726, 210.384399414, 210.813964844, 211.243530273, 211.673095703, 212.091064453, 212.520629883, 212.950195312, 213.379776001, 213.809341431, 214.23890686, 214.66847229, 215.109649658, 215.539230347, 215.968795776, 216.386749268, 216.816329956, 217.245895386, 217.675460815, 218.105026245, 218.534591675, 218.952560425, 219.382125854, 219.800079346, 220.241271973, 220.670837402, 221.112014771, 221.5415802, 221.982757568, 222.423934937, 222.865127563, 223.31791687, 223.770706177, 224.223495483, 224.664672852, 225.117462158, 225.570251465, 226.011428833, 226.452606201, 226.882171631, 227.323348999, 227.752914429, 228.182495117, 228.600448608, 229.0184021, 229.447982788, 229.877548218, 230.318725586, 230.748291016, 231.177871704, 231.607437134, 232.037002563, 232.454956055, 232.896133423, 233.325714111, 233.755279541, 234.173233032, 234.602813721, 235.03237915, 235.46194458, 235.89151001, 236.30947876, 236.727432251, 237.156997681, 237.586578369, 238.027755737, 238.457321167, 238.886886597, 239.316452026, 239.746032715, 240.163986206, 240.593551636, 241.023132324, 241.452697754, 241.882263184, 242.311828613, 242.741394043, 243.159362793, 243.588928223, 244.018493652, 244.448074341, 244.877639771, 245.3072052, 245.73677063, 246.166351318, 246.595916748, 247.037094116, 247.455047607, 247.884628296, 248.314193726, 248.743759155, 249.173324585, 249.602905273, 250.032470703, 250.462036133, 250.891601562, 251.321166992, 251.750747681, 252.168701172, 252.598266602, 253.03944397, 253.469024658, 253.886978149, 254.316543579, 254.757720947, 255.198913574, 255.628479004, 256.058044434, 256.487609863, 256.917175293, 257.346740723, 257.77633667, 258.194274902, 258.612243652, 259.030212402], "beats_loudness": {"dmean2": 0.0102539733052, "median": 0.0287357997149, "min": 0, "dvar2": 8.26234972919e-05, "dvar": 3.09879069391e-05, "dmean": 0.00586284603924, "max": 0.0556349083781, "var": 6.49543071631e-05, "mean": 0.0287900827825}, "danceability": 1.00964605808, "bpm_histogram_second_peak_weight": {"dmean2": 0, "median": 0.021452145651, "min": 0.021452145651, "dvar2": 0, "dvar": 0, "dmean": 0, "max": 0.021452145651, "var": 0, "mean": 0.021452145651}, "beats_count": 607, "bpm_histogram_second_peak_bpm": {"dmean2": 0, "median": 185, "min": 185, "dvar2": 0, "dvar": 0, "dmean": 0, "max": 185, "var": 0, "mean": 185}, "bpm_histogram_first_peak_spread": {"dmean2": 0, "median": 0.275438606739, "min": 0.275438606739, "dvar2": 0, "dvar": 0, "dmean": 0, "max": 0.275438606739, "var": 0, "mean": 0.275438606739}, "beats_loudness_band_ratio": {"dmean2": [0.192340686917, 0.171377748251, 0.13412463665, 0.145699426532, 0.157020509243, 0.0701082423329], "median": [0.303570896387, 0.17413751781, 0.107633508742, 0.113496400416, 0.18769274652, 0.0967958718538], "min": [0, 0, 0, 0, 0, 0], "dvar2": [0.0294740311801, 0.0189597904682, 0.0202844440937, 0.0189203601331, 0.019496595487, 0.00443572178483], "dvar": [0.0108859362081, 0.00676372647285, 0.00762551510707, 0.00785712525249, 0.00685812626034, 0.00148664868902], "dmean": [0.11181730032, 0.0974631756544, 0.0756652802229, 0.085568651557, 0.0925629511476, 0.0397583693266], "max": [0.912392258644, 0.582531273365, 0.993249297142, 0.713334918022, 0.635337948799, 0.320959746838], "var": [0.0146332764998, 0.0128606474027, 0.0129910605028, 0.0111872237176, 0.0108520137146, 0.00213799951598], "mean": [0.309717863798, 0.178298652172, 0.131000131369, 0.144181728363, 0.202283471823, 0.101439476013]}}, "lowlevel": {"barkbands_spread": {"dmean2": 7.87378740311, "median": 37.923500061, "min": 0.386098951101, "dvar2": 53.4830207825, "dvar": 21.937166214, "dmean": 4.87712192535, "max": 105.535919189, "var": 102.754920959, "mean": 37.1949615479}, "melbands_spread": {"dmean2": 15.4371347427, "median": 47.951210022, "min": 0.435418695211, "dvar2": 220.175521851, "dvar": 85.0617141724, "dmean": 9.53076839447, "max": 154.866394043, "var": 336.878234863, "mean": 47.7524490356}, "hfc": {"dmean2": 8.35233592987, "median": 34.938369751, "min": 1.08665929595e-16, "dvar2": 73.32371521, "dvar": 32.2787742615, "dmean": 5.38196516037, "max": 102.496665955, "var": 203.50970459, "mean": 34.4853973389}, "barkbands_kurtosis": {"dmean2": 1.27385663986, "median": -0.977170109749, "min": -1.8662173748, "dvar2": 31.8110904694, "dvar": 12.4801492691, "dmean": 0.782294511795, "max": 260.603790283, "var": 16.8984203339, "mean": -0.237783685327}, "gfcc": {"mean": [41.6268005371, 64.3589248657, -126.731933594, 38.3158073425, -38.366355896, 11.3051099777, -29.875120163, 11.378824234, -27.6685180664, -1.09899175167, -21.4209461212, -3.59805178642, -11.6135864258], "icov": [[0.000143613811815, -6.09398339293e-05, 0.000306544709019, -0.000268751755357, 0.000133868627017, -0.000112558482215, 0.000438304850832, -0.00016473296273, 0.000571727810893, -0.000547382689547, 0.00059885403607, -0.00037047592923, 0.000389152992284], [-6.09398339293e-05, 0.00320594804361, 0.000945803825743, 0.00014310789993, 0.000145715661347, 0.000818556465674, -0.000777974666562, 0.000179406677489, -0.00125922518782, 0.000732270244043, -0.00155826716218, 0.00196252204478, -0.00145211757626], [0.000306544709019, 0.000945803825743, 0.00357711338438, -4.81838760606e-05, -0.000302144733723, -0.00022130337311, 0.00204793759622, -0.000371916481527, -0.000204261043109, -0.00114465074148, -3.95657625631e-05, -0.0016044320073, 0.000501326285303], [-0.000268751755357, 0.00014310789993, -4.81838760606e-05, 0.00458245864138, -0.00155179924332, -0.00129071681295, 0.00141322589479, 0.00061237817863, -0.00103105243761, 0.0018225411186, 6.77024509059e-05, -0.0018014741363, 0.00121111259796], [0.000133868627017, 0.000145715661347, -0.000302144733723, -0.00155179924332, 0.00738909235224, -0.000384360842872, -0.00289861462079, -0.00112093053758, 0.00145036738832, -0.00320033193566, 0.00187487376388, -0.00106714549474, 0.000652014801744], [-0.000112558482215, 0.000818556465674, -0.00022130337311, -0.00129071681295, -0.000384360842872, 0.00970654096454, -0.0027425813023, -0.00133709574584, 0.00360823562369, -0.000983593054116, -0.00284985848702, 0.0061270063743, -0.00356629071757], [0.000438304850832, -0.000777974666562, 0.00204793759622, 0.00141322589479, -0.00289861462079, -0.0027425813023, 0.0115879084915, 0.000886263209395, -0.00238799466752, -0.00143859349191, 0.00383030762896, -0.0025808182545, 0.00403917673975], [-0.00016473296273, 0.000179406677489, -0.000371916481527, 0.00061237817863, -0.00112093053758, -0.00133709574584, 0.000886263209395, 0.00893363542855, -0.0034047565423, 0.00207463442348, -0.000937708420679, 0.00117856136058, -0.00136786547955], [0.000571727810893, -0.00125922518782, -0.000204261043109, -0.00103105243761, 0.00145036738832, 0.00360823562369, -0.00238799466752, -0.0034047565423, 0.0184725020081, -0.00646894657984, 0.00220431643538, -0.000244590482907, 0.00246280804276], [-0.000547382689547, 0.000732270244043, -0.00114465074148, 0.0018225411186, -0.00320033193566, -0.000983593054116, -0.00143859349191, 0.00207463442348, -0.00646894657984, 0.0260342080146, -0.008509487845, 0.00407320354134, 0.0017442337703], [0.00059885403607, -0.00155826716218, -3.95657625631e-05, 6.77024509059e-05, 0.00187487376388, -0.00284985848702, 0.00383030762896, -0.000937708420679, 0.00220431643538, -0.008509487845, 0.0228190217167, -0.00543911475688, 0.00101846840698], [-0.00037047592923, 0.00196252204478, -0.0016044320073, -0.0018014741363, -0.00106714549474, 0.0061270063743, -0.0025808182545, 0.00117856136058, -0.000244590482907, 0.00407320354134, -0.00543911475688, 0.0217908527702, -0.0048678885214], [0.000389152992284, -0.00145211757626, 0.000501326285303, 0.00121111259796, 0.000652014801744, -0.00356629071757, 0.00403917673975, -0.00136786547955, 0.00246280804276, 0.0017442337703, 0.00101846840698, -0.0048678885214, 0.0218421369791]], "cov": [[16995.5253906, -0.661291539669, -1120.80114746, 1115.84619141, -145.402084351, 185.576644897, -545.44934082, 2.26614356041, -537.002441406, -36.0812416077, -260.766204834, 86.0849990845, -108.567909241], [-0.661291539669, 423.615631104, -159.245498657, -53.1238365173, -24.9731311798, -13.8856048584, 43.9188499451, -1.02092516422, 31.1235351562, -0.213775113225, 8.28758335114, -41.2014160156, 12.006939888], [-1120.80114746, -159.245498657, 467.803375244, -31.9958496094, 13.0692453384, -22.4543819427, -49.9311027527, 14.8867702484, 26.264957428, 12.1797857285, 34.7496261597, 36.0229568481, 9.00215339661], [1115.84619141, -53.1238365173, -31.9958496094, 339.378875732, 40.4851799011, 27.959936142, -55.47813797, -7.27021312714, -37.7586936951, -16.245267868, -18.9209537506, 31.990940094, -14.7686214447], [-145.402084351, -24.9731311798, 13.0692453384, 40.4851799011, 186.387390137, 19.4837093353, 61.4514656067, 9.62842082977, 7.00041675568, 19.7231960297, -12.3848552704, 4.31231832504, -15.5839662552], [185.576644897, -13.8856048584, -22.4543819427, 27.959936142, 19.4837093353, 159.359024048, 12.4014596939, 18.9535484314, -33.5112953186, 7.84375858307, 8.2533082962, -34.9926567078, 14.035654068], [-545.44934082, 43.9188499451, -49.9311027527, -55.47813797, 61.4514656067, 12.4014596939, 163.354232788, -7.80642604828, 38.2729682922, 15.0148830414, -14.0586938858, -12.8604192734, -21.3718738556], [2.26614356041, -1.02092516422, 14.8867702484, -7.27021312714, 9.62842082977, 18.9535484314, -7.80642604828, 126.975914001, 15.3183679581, -1.6666264534, 3.44817352295, -8.79444694519, 8.44100379944], [-537.002441406, 31.1235351562, 26.264957428, -37.7586936951, 7.00041675568, -33.5112953186, 38.2729682922, 15.3183679581, 91.9922409058, 17.2991847992, 3.02580237389, -3.63823246956, -11.3773021698], [-36.0812416077, -0.213775113225, 12.1797857285, -16.245267868, 19.7231960297, 7.84375858307, 15.0148830414, -1.6666264534, 17.2991847992, 54.1426734924, 14.6113405228, -8.89737415314, -9.87766647339], [-260.766204834, 8.28758335114, 34.7496261597, -18.9209537506, -12.3848552704, 8.2533082962, -14.0586938858, 3.44817352295, 3.02580237389, 14.6113405228, 62.0240859985, 5.33254289627, 6.76989984512], [86.0849990845, -41.2014160156, 36.0229568481, 31.990940094, 4.31231832504, -34.9926567078, -12.8604192734, -8.79444694519, -3.63823246956, -8.89737415314, 5.33254289627, 69.5428924561, 5.48262214661], [-108.567909241, 12.006939888, 9.00215339661, -14.7686214447, -15.5839662552, 14.035654068, -21.3718738556, 8.44100379944, -11.3773021698, -9.87766647339, 6.76989984512, 5.48262214661, 59.3434829712]]}, "spectral_energyband_middle_low": {"dmean2": 0.00556630454957, "median": 0.00687951222062, "min": 1.71749357402e-22, "dvar2": 7.00419113855e-05, "dvar": 2.62482262769e-05, "dmean": 0.00332289957441, "max": 0.0544788762927, "var": 3.01755280816e-05, "mean": 0.00818974338472}, "melbands_crest": {"dmean2": 5.0886964798, "median": 10.4888114929, "min": 1.57221460342, "dvar2": 23.3966617584, "dvar": 8.29946327209, "dmean": 2.99830555916, "max": 33.0294303894, "var": 15.875330925, "mean": 11.3104095459}, "spectral_kurtosis": {"dmean2": 1.76721131802, "median": 4.25482749939, "min": -1.2381772995, "dvar2": 12.7802438736, "dvar": 3.98049116135, "dmean": 1.03710103035, "max": 179.675262451, "var": 68.0853118896, "mean": 4.96289157867}, "spectral_rms": {"dmean2": 0.000913183786906, "median": 0.00508368434384, "min": 3.14749853784e-12, "dvar2": 9.2702072152e-07, "dvar": 3.45398376567e-07, "dmean": 0.000540767912753, "max": 0.0081876879558, "var": 1.24268490254e-06, "mean": 0.00500500807539}, "zerocrossingrate": {"dmean2": 0.0096733244136, "median": 0.08544921875, "min": 0.01123046875, "dvar2": 7.85794181866e-05, "dvar": 5.14054154337e-05, "dmean": 0.0076034986414, "max": 0.52001953125, "var": 0.00165655976161, "mean": 0.0881063342094}, "silence_rate_60dB": {"dmean2": 0.000715691538062, "median": 0, "min": 0, "dvar2": 0.000894075899851, "dvar": 0.00035779440077, "dmean": 0.000357813754817, "max": 1, "var": 0.0323284603655, "mean": 0.0334525927901}, "erbbands_kurtosis": {"dmean2": 1.20259165764, "median": 0.393240571022, "min": -1.61178815365, "dvar2": 3.21001148224, "dvar": 1.55621016026, "dmean": 0.780565798283, "max": 109.046936035, "var": 9.44676971436, "mean": 0.896798312664}, "erbbands": {"dmean2": [0.0504786148667, 0.95270383358, 3.92781186104, 4.88199138641, 10.5227413177, 9.20222377777, 9.51389312744, 8.01974487305, 8.84260654449, 8.80281925201, 6.9194726944, 23.2838153839, 30.1496715546, 25.9290657043, 33.3276748657, 22.9099655151, 32.3466644287, 28.9226932526, 41.7320899963, 41.1009902954, 53.3503036499, 50.3043479919, 34.1347808838, 50.8051795959, 25.2596702576, 17.3688335419, 15.9414672852, 8.77912902832, 6.67040872574, 4.40546321869, 2.23904538155, 1.48177552223, 1.3453066349, 0.820578336716, 0.325658917427, 0.122145906091, 0.0392945110798, 0.0129111111164, 0.00164808449335, 5.5562453781e-05], "median": [0.0455330349505, 0.70187163353, 2.41263055801, 4.75214672089, 5.83956336975, 3.80199480057, 3.72661924362, 3.78130054474, 5.30362462997, 6.84120225906, 5.53502845764, 18.9677562714, 18.0263900757, 14.3706331253, 22.3429737091, 17.7362365723, 28.3005199432, 27.1615409851, 30.6455078125, 38.4457817078, 60.8028488159, 55.5153808594, 36.1020965576, 59.2149734497, 38.7585868835, 26.0148124695, 25.1876926422, 13.8501358032, 7.52557945251, 3.46898531914, 2.22562289238, 1.94235610962, 1.49863874912, 0.843122184277, 0.367278337479, 0.144157767296, 0.0463144294918, 0.0113703319803, 0.0013034704607, 8.54894387885e-05], "min": [1.28335034883e-22, 4.8291065684e-22, 2.00946222843e-21, 9.24307610779e-21, 8.6878206203e-21, 1.84104522648e-20, 3.57639874267e-20, 1.25965545221e-19, 1.77097469217e-19, 2.2313140155e-19, 2.93603002137e-19, 3.92227255433e-19, 5.7013475419e-19, 7.05878608228e-19, 9.59505005336e-19, 1.18626829846e-18, 1.62964465481e-18, 2.23340771302e-18, 3.19711055657e-18, 3.72060669648e-18, 3.60878552614e-18, 3.3443232698e-18, 4.43218468252e-18, 6.45281197029e-18, 7.19998353809e-18, 9.51903897931e-18, 9.63502128171e-18, 1.09671038412e-17, 9.96913276601e-18, 1.11955521012e-17, 1.25777336817e-17, 1.17063245489e-17, 1.06810159817e-17, 7.41274431781e-18, 6.73181089192e-18, 4.19270638261e-18, 2.4016996766e-18, 1.03384424397e-18, 2.56568161559e-19, 2.81907482532e-20], "dvar2": [0.00322349695489, 1.5402494669, 34.9083480835, 36.9732398987, 374.183227539, 333.280975342, 288.902252197, 235.093704224, 394.566955566, 359.858642578, 267.699188232, 2251.45947266, 3730.10302734, 3169.20117188, 3511.09350586, 2144.42822266, 2089.08251953, 2166.07714844, 5631.00927734, 4634.13476562, 5352.77880859, 5405.38867188, 3044.89208984, 3732.22119141, 771.648071289, 422.971313477, 301.436737061, 108.000572205, 104.296844482, 73.8200378418, 13.1043996811, 4.21388530731, 4.79896974564, 2.20044898987, 0.329986810684, 0.0401963889599, 0.00348380324431, 0.000560486572795, 9.21470473259e-06, 1.08223332518e-08], "dvar": [0.00115485407878, 0.523177742958, 12.3500127792, 13.0855932236, 134.511383057, 121.618537903, 111.286651611, 98.2661895752, 153.157730103, 139.092422485, 108.886451721, 941.651123047, 1657.98608398, 1363.13842773, 1674.42382812, 1081.02429199, 980.472961426, 1125.65588379, 2568.12890625, 2085.2878418, 2167.26953125, 2387.79345703, 1463.79528809, 1546.73510742, 308.523071289, 161.910476685, 109.960319519, 39.6695289612, 37.5101737976, 26.320690155, 5.24020576477, 1.83247053623, 2.15460038185, 1.09823811054, 0.162060186267, 0.0182596873492, 0.00156589294784, 0.000235444502323, 3.92800711779e-06, 4.50498438553e-09], "dmean": [0.0303001441061, 0.547568559647, 2.23467612267, 2.85225844383, 6.03636837006, 5.29723596573, 5.70422935486, 4.94570922852, 5.54815196991, 5.53954029083, 4.33508968353, 15.1896104813, 19.04063797, 16.6976852417, 22.0917758942, 15.4978532791, 20.8272132874, 19.0418567657, 26.9307041168, 26.5099201202, 32.9864883423, 31.5337295532, 21.9381523132, 31.6342391968, 15.6614561081, 10.5666503906, 9.5553150177, 5.25067806244, 3.90253043175, 2.53625488281, 1.36743438244, 0.946712374687, 0.876733481884, 0.539128303528, 0.217398196459, 0.0823295712471, 0.0268376152962, 0.00886318646371, 0.0011327737011, 3.88742519135e-05], "max": [0.382274925709, 7.0820069313, 28.2779178619, 34.4554443359, 136.383331299, 124.081375122, 147.156600952, 186.825393677, 235.465484619, 398.021606445, 334.002746582, 662.365539551, 734.349121094, 871.47479248, 1157.44458008, 799.497192383, 804.047058105, 786.432312012, 1114.79589844, 827.556640625, 998.274353027, 1281.18969727, 1028.91418457, 929.14074707, 284.837402344, 239.801254272, 179.433990479, 115.877388, 92.6624145508, 105.624198914, 68.8407058716, 32.8369140625, 27.7282161713, 38.670425415, 11.286028862, 3.97168564796, 0.815133988857, 0.520371079445, 0.0435237064958, 0.00215831212699], "var": [0.00194595521316, 0.643531262875, 11.3089361191, 15.8876142502, 107.074966431, 98.283164978, 139.263122559, 154.26210022, 167.74671936, 211.89781189, 125.815208435, 1780.62792969, 2901.69677734, 2487.95947266, 6786.24609375, 3585.96777344, 3386.53637695, 3303.70507812, 10017.9619141, 5185.44287109, 4985.9453125, 7863.48779297, 5216.75537109, 4300.06347656, 901.01751709, 440.854278564, 375.978179932, 125.701019287, 74.9913711548, 33.080368042, 12.5464010239, 5.50850343704, 5.97056484222, 2.89821958542, 0.396995663643, 0.0423020273447, 0.00405327556655, 0.000477179128211, 8.28720658319e-06, 9.28186505433e-09], "mean": [0.0554999224842, 0.909229576588, 3.33754086494, 5.6182012558, 8.60583972931, 6.89713716507, 8.53474903107, 7.79776859283, 8.77888011932, 10.7946414948, 8.20105266571, 31.8470420837, 34.2527770996, 30.8052082062, 47.4710464478, 33.6186408997, 44.1394805908, 41.9979286194, 61.0119018555, 59.5469207764, 77.9484558105, 78.8826065063, 56.6102371216, 74.1550750732, 43.8162269592, 29.3746814728, 27.967710495, 15.6770009995, 9.55648517609, 5.08492898941, 3.23885560036, 2.53439664841, 2.20215582848, 1.32196187973, 0.526465475559, 0.19747979939, 0.0653170794249, 0.0192242320627, 0.00239354092628, 0.000116250113933]}, "spectral_strongpeak": {"dmean2": 1.66979289055, "median": 0.371629208326, "min": 0, "dvar2": 6.88603544235, "dvar": 2.71184325218, "dmean": 0.954954862595, "max": 18.8254127502, "var": 4.08029842377, "mean": 1.27116656303}, "spectral_energy": {"dmean2": 0.0101681277156, "median": 0.0264899432659, "min": 1.01544158853e-20, "dvar2": 0.000129613050376, "dvar": 4.78337060486e-05, "dmean": 0.00594775704667, "max": 0.0687141939998, "var": 8.85237168404e-05, "mean": 0.0269501078874}, "average_loudness": 0.970417559147, "spectral_rolloff": {"dmean2": 703.42779541, "median": 2605.51757812, "min": 64.599609375, "dvar2": 864982.5625, "dvar": 326757, "dmean": 413.277130127, "max": 19832.0800781, "var": 2714665.75, "mean": 2633.72583008}, "spectral_centroid": {"dmean2": 343.071746826, "median": 2249.23291016, "min": 298.19342041, "dvar2": 125361.15625, "dvar": 52789.5507812, "dmean": 213.276184082, "max": 11765.8652344, "var": 578355.5, "mean": 2205.69750977}, "pitch_salience": {"dmean2": 0.101490326226, "median": 0.564599692822, "min": 0.13819155097, "dvar2": 0.00839166715741, "dvar": 0.0031161562074, "dmean": 0.061262127012, "max": 0.992617249489, "var": 0.00721246376634, "mean": 0.563943564892}, "spectral_energyband_middle_high": {"dmean2": 0.00323373032734, "median": 0.0105272587389, "min": 1.24514289956e-21, "dvar2": 1.05591852844e-05, "dvar": 5.13213126396e-06, "dmean": 0.00214269943535, "max": 0.0355389676988, "var": 3.07446098304e-05, "mean": 0.0108964182436}, "spectral_contrast_coeffs": {"dmean2": [0.0853858962655, 0.0713970065117, 0.062858261168, 0.0509424060583, 0.0363217815757, 0.0297193620354], "median": [-0.653038620949, -0.753124594688, -0.742350697517, -0.76024222374, -0.770630717278, -0.725695371628], "min": [-0.977529764175, -0.991100311279, -0.993219435215, -0.989698886871, -0.982422590256, -0.967200517654], "dvar2": [0.00515126436949, 0.00336951203644, 0.00257079582661, 0.00160591467284, 0.000833671248984, 0.000653874478303], "dvar": [0.00182408490218, 0.00126693886705, 0.0010537316557, 0.000642929750029, 0.000340915546985, 0.000276208418654], "dmean": [0.0504423752427, 0.0433999337256, 0.0394546128809, 0.0317737348378, 0.0223903693259, 0.0188691113144], "max": [-0.34582182765, -0.506958127022, -0.501527667046, -0.548339605331, -0.583232581615, -0.584115564823], "var": [0.00416040839627, 0.0035232687369, 0.00426907697693, 0.00284817581996, 0.0017071031034, 0.00226811226457], "mean": [-0.65129083395, -0.750033199787, -0.737945735455, -0.756784677505, -0.769442677498, -0.729838550091]}, "melbands_skewness": {"dmean2": 0.868827223778, "median": 1.46285843849, "min": -2.6944205761, "dvar2": 0.81906080246, "dvar": 0.325531452894, "dmean": 0.532873809338, "max": 11.6897659302, "var": 0.98818308115, "mean": 1.61952877045}, "spectral_spread": {"dmean2": 528781.5625, "median": 4022135.5, "min": 560115.125, "dvar2": 655999827968, "dvar": 322921037824, "dmean": 348107.34375, "max": 42216956, "var": 7172536139780.0, "mean": 4292989.5}, "dissonance": {"dmean2": 0.0178720969707, "median": 0.485661149025, "min": 0.20697657764, "dvar2": 0.000367741391528, "dvar": 0.000131683555082, "dmean": 0.010565944016, "max": 0.499952882528, "var": 0.000353209528839, "mean": 0.481035500765}, "spectral_skewness": {"dmean2": 0.238953277469, "median": 1.3563785553, "min": -0.0431227497756, "dvar2": 0.0859616696835, "dvar": 0.0285638961941, "dmean": 0.144611477852, "max": 11.3372449875, "var": 0.369309961796, "mean": 1.39574062824}, "spectral_flux": {"dmean2": 0.0323116928339, "median": 0.086092017591, "min": 6.34626032281e-11, "dvar2": 0.000879354949575, "dvar": 0.000409206084441, "dmean": 0.0207234658301, "max": 0.205629318953, "var": 0.00110047555063, "mean": 0.0899612605572}, "spectral_contrast_valleys": {"dmean2": [0.618667423725, 0.567807376385, 0.475862056017, 0.388866782188, 0.302064269781, 0.331362485886], "median": [-6.87290096283, -6.79562091827, -6.95952510834, -6.94236516953, -6.49720287323, -9.52321720123], "min": [-28.115190506, -28.1565685272, -27.7316989899, -27.6406230927, -27.5292778015, -27.3496513367], "dvar2": [0.256195187569, 0.227476090193, 0.167853713036, 0.12124658376, 0.091407418251, 0.138924211264], "dvar": [0.0955120995641, 0.0926914438605, 0.0707962140441, 0.0543402172625, 0.0441185124218, 0.0697071105242], "dmean": [0.365813821554, 0.346002757549, 0.292077988386, 0.240712150931, 0.189400464296, 0.220753073692], "max": [-5.71923112869, -5.24335241318, -5.57155370712, -5.90063524246, -5.66951036453, -7.94764328003], "var": [3.06906819344, 2.90047550201, 2.81099033356, 2.97616243362, 3.20612311363, 2.5524661541], "mean": [-7.13599538803, -6.99849700928, -7.18023204803, -7.20010471344, -6.80702209473, -9.78741168976]}, "erbbands_flatness_db": {"dmean2": 0.0189809966832, "median": 0.138058632612, "min": 0.0318703241646, "dvar2": 0.000299632461974, "dvar": 0.000146509439219, "dmean": 0.0127926263958, "max": 0.541168749332, "var": 0.00170762708876, "mean": 0.141578316689}, "spectral_energyband_high": {"dmean2": 0.000626119901426, "median": 0.00139087240677, "min": 7.08101339469e-21, "dvar2": 5.61083425055e-07, "dvar": 2.16349775428e-07, "dmean": 0.00038352329284, "max": 0.00745709473267, "var": 8.286435218e-07, "mean": 0.00151226320304}, "spectral_entropy": {"dmean2": 0.141970232129, "median": 7.84523868561, "min": 4.21763277054, "dvar2": 0.0192055199295, "dvar": 0.00895699486136, "dmean": 0.0923707336187, "max": 9.83102798462, "var": 0.118490532041, "mean": 7.8073554039}, "silence_rate_20dB": {"dmean2": 0, "median": 1, "min": 1, "dvar2": 0, "dvar": 0, "dm