{"tonal": {"thpcp": [1, 0.595759212971, 0.23464179039, 0.205027937889, 0.255723267794, 0.454531669617, 0.594141304493, 0.423690855503, 0.238599419594, 0.206328600645, 0.200293853879, 0.308790445328, 0.457055360079, 0.4012568295, 0.478179901838, 0.626184105873, 0.429954349995, 0.282629877329, 0.343486607075, 0.371127188206, 0.565590023994, 0.825070381165, 0.621068358421, 0.374544799328, 0.412726163864, 0.371708154678, 0.377743601799, 0.483934372663, 0.439482957125, 0.41822129488, 0.554170429707, 0.487561553717, 0.336477339268, 0.381106734276, 0.456020206213, 0.777880370617], "hpcp": {"dmean2": [0.211551457644, 0.234230399132, 0.238709434867, 0.243371576071, 0.243572920561, 0.204273432493, 0.217936858535, 0.268842130899, 0.330991029739, 0.319518119097, 0.259061068296, 0.166835263371, 0.139976724982, 0.160290122032, 0.211716875434, 0.220056653023, 0.212058275938, 0.150643408298, 0.129920393229, 0.129802465439, 0.163622379303, 0.199567258358, 0.193141892552, 0.217303022742, 0.218818157911, 0.198835849762, 0.1745262146, 0.183239266276, 0.203650891781, 0.271662771702, 0.28120136261, 0.261272400618, 0.221188634634, 0.196777358651, 0.20504976809, 0.205838546157], "median": [0.0395223274827, 0.0394955687225, 0.0436667539179, 0.0440434888005, 0.0402084998786, 0.0384615249932, 0.0384060330689, 0.0549393631518, 0.13595302403, 0.164113581181, 0.0996986627579, 0.0250367410481, 0.0188933778554, 0.0253629628569, 0.0504622124135, 0.0645326450467, 0.0456867963076, 0.0244258567691, 0.0179070234299, 0.0175143517554, 0.0362982042134, 0.0515469834208, 0.0548571720719, 0.0577774718404, 0.0618064031005, 0.0503558292985, 0.0253339260817, 0.0216591432691, 0.0306368470192, 0.0869732052088, 0.114635787904, 0.0902507901192, 0.0475276447833, 0.0324185714126, 0.0328100919724, 0.0401789806783], "min": [0, 0, 0, 0, 0, 0, 0, 0, 0, 0, 0, 0, 0, 0, 0, 0, 0, 0, 0, 0, 0, 0, 0, 0, 0, 0, 0, 0, 0, 0, 0, 0, 0, 0, 0, 0], "dvar2": [0.104741021991, 0.115015663207, 0.114972598851, 0.120855219662, 0.120717354119, 0.0953705236316, 0.102542281151, 0.129082486033, 0.138895004988, 0.138394907117, 0.103116117418, 0.0781954303384, 0.070177026093, 0.0711648091674, 0.0916010141373, 0.091474942863, 0.0983018353581, 0.0660339668393, 0.0592183060944, 0.058140873909, 0.0679084733129, 0.0887134075165, 0.0750461220741, 0.0945971161127, 0.099459245801, 0.0814260020852, 0.0823052227497, 0.0974927768111, 0.0953295603395, 0.116934403777, 0.123159199953, 0.106884710491, 0.103706724942, 0.0943063050508, 0.0998308360577, 0.0937888845801], "dvar": [0.0404983945191, 0.0426182076335, 0.0399339832366, 0.0455524735153, 0.0447418577969, 0.0346677079797, 0.0380119383335, 0.0480101555586, 0.0526111349463, 0.0598182864487, 0.0370346345007, 0.0276269502938, 0.0253661870956, 0.0255298167467, 0.0341421738267, 0.0376429632306, 0.0363865941763, 0.0236884187907, 0.0213660839945, 0.0208592563868, 0.0245107989758, 0.0338807180524, 0.027801759541, 0.0342588052154, 0.0404626019299, 0.0299693439156, 0.0304906014353, 0.0364487208426, 0.0345120690763, 0.0428184606135, 0.0496014207602, 0.0396482571959, 0.0364527143538, 0.0355641432106, 0.0363084189594, 0.0336309149861], "dmean": [0.121205747128, 0.132729396224, 0.133438616991, 0.138092160225, 0.137812942266, 0.114253312349, 0.122253678739, 0.151052311063, 0.190546438098, 0.185930997133, 0.148258671165, 0.0915691256523, 0.0777186453342, 0.0898914709687, 0.121914200485, 0.130207061768, 0.1204238832, 0.0840788856149, 0.0719395503402, 0.0719832330942, 0.0923402905464, 0.115205869079, 0.112215749919, 0.124277032912, 0.126897260547, 0.114333689213, 0.0980485826731, 0.102840736508, 0.113870002329, 0.155031621456, 0.161813020706, 0.148761048913, 0.122651264071, 0.111480094492, 0.114809140563, 0.114916786551], "max": [1, 1, 1, 1, 1, 1, 1, 1, 1, 1, 1, 1, 1, 1, 1, 1, 1, 1, 1, 1, 1, 1, 1, 1, 1, 1, 1, 1, 1, 1, 1, 1, 1, 1, 1, 1], "var": [0.0728672295809, 0.0543150231242, 0.0463099181652, 0.0830808356404, 0.0662094131112, 0.0335287339985, 0.0453152023256, 0.0534393191338, 0.0813803374767, 0.132943212986, 0.0544485747814, 0.0216077975929, 0.020676670596, 0.0250529833138, 0.0533191822469, 0.0805958658457, 0.0480373948812, 0.0218579471111, 0.0201805178076, 0.0190884266049, 0.0284464601427, 0.0567168295383, 0.0378658212721, 0.0519803874195, 0.0935547500849, 0.0428442768753, 0.0308182388544, 0.0506519824266, 0.0480224564672, 0.0568120367825, 0.113544255495, 0.0671345964074, 0.0360651388764, 0.0590104237199, 0.0462818853557, 0.0400781147182], "mean": [0.163433074951, 0.148421064019, 0.141240626574, 0.187153026462, 0.164658039808, 0.113634265959, 0.128706395626, 0.154005974531, 0.26270377636, 0.337717443705, 0.201198279858, 0.0792426243424, 0.0692415088415, 0.0863622054458, 0.153503268957, 0.200651884079, 0.143087789416, 0.0805791839957, 0.0696807652712, 0.0676427260041, 0.104283921421, 0.154355570674, 0.135511428118, 0.161489695311, 0.211473286152, 0.145203083754, 0.0954490378499, 0.116001419723, 0.125336125493, 0.191009610891, 0.278640657663, 0.209745615721, 0.126490309834, 0.139384821057, 0.125532329082, 0.127570599318]}, "tuning_equal_tempered_deviation": 0.0247605051845, "chords_changes_rate": 0.0632258057594, "key_key": "C", "tuning_diatonic_strength": 0.591905653477, "key_scale": "major", "chords_number_rate": 0.00243727606721, "tuning_frequency": 440.763122559, "tuning_nontempered_energy_ratio": 0.720996975899, "chords_histogram": [23.8566303253, 4.25806474686, 4.53046607971, 3.56989240646, 1.59139788151, 1.73476707935, 1.04659497738, 0.874551951885, 1.01792109013, 0, 0.731182813644, 0.544802844524, 0.874551951885, 0.301075279713, 0.817204296589, 10.1075267792, 2.13620066643, 5.60573482513, 1.37634408474, 8.65949821472, 3.32616496086, 5.50537633896, 11.5555553436, 5.97849464417], "key_strength": 0.764008820057, "chords_key": "C", "chords_strength": {"dmean2": 0.0102657033131, "median": 0.50545156002, "min": 0.191539525986, "dvar2": 8.81494706846e-05, "dvar": 7.43404598325e-05, "dmean": 0.0106133399531, "max": 0.887484431267, "var": 0.0115440115333, "mean": 0.502271652222}, "chords_scale": "major", "hpcp_entropy": {"dmean2": 1.21222710609, "median": 2.18334531784, "min": 0, "dvar2": 0.956917583942, "dvar": 0.343528240919, "dmean": 0.710406661034, "max": 4.58471536636, "var": 0.683300197124, "mean": 2.15770578384}}, "metadata": {"audio_properties": {"equal_loudness": 0, "codec": "mp3", "downmix": "mix", "sample_rate": 44100, "analysis_sample_rate": 44100, "bit_rate": 128000, "md5_encoded": "1cdd58ce9090be0ffd22e24363cdf6c9", "length": 323.839996338, "replay_gain": -10.3206253052, "lossless": false}, "version": {"essentia_build_sha": "c0e182ba78c2de26e491b7b7a4a2c98c1ed34208", "essentia": "2.1-beta2", "extractor": "music 1.0", "essentia_git_sha": "v2.1_beta2-2-gbb40004"}, "tags": {"title": ["Brasilidade"], "media": ["CD"], "albumartist": ["BossaCucaNova"], "length": ["323893"], "musicbrainz_recordingid": ["11c8127b-ad64-4daf-92f2-7eadc751f3e7"], "composer": ["Bossacucanova/Roberto Menescal"], "musicbrainz_albumartistid": ["94dd9440-a937-4106-9ffa-f6d128ce94c8/ebc52916-ae5b-450b-b06f-6b7a9bfb3e24"], "originalyear": ["2001"], "discnumber": ["1/1"], "album": ["Brasilidade"], "contentgroup": ["Jazz"], "musicbrainz album type": ["album"], "musicbrainz album status": ["official"], "file_name": "08 Brasilidade.mp3", "asin": ["B000058THC"], "date": ["2001"], "genre": ["Jazz; Bossa Nova; Latin; Lounge; World"], "musicbrainz album release country": ["US"], "musicbrainz_releasegroupid": ["83124d5d-b5a5-3856-bfa1-9c2fb658316c"], "musicbrainz_artistid": ["94dd9440-a937-4106-9ffa-f6d128ce94c8/ebc52916-ae5b-450b-b06f-6b7a9bfb3e24"], "artistwebpage": ["http://www.bossacucanova.com/"], "originaldate": ["2001"], "musicbrainz_albumid": ["8ceba27a-3195-4c14-bd4b-636253e2ff9e"], "artist": ["BossaCucaNova & Roberto Menescal"], "artistsort": ["Bossacucanova & Menescal, Roberto"], "tracknumber": ["8/12"], "label": ["Warner Strategic UK"], "albumartistsort": ["Bossacucanova"], "script": ["Latn"]}}, "rhythm": {"bpm_histogram_first_peak_bpm": {"dmean2": 0, "median": 123, "min": 123, "dvar2": 0, "dvar": 0, "dmean": 0, "max": 123, "var": 0, "mean": 123}, "bpm": 123.976173401, "bpm_histogram_second_peak_spread": {"dmean2": 0, "median": 0.153846144676, "min": 0.153846144676, "dvar2": 0, "dvar": 0, "dmean": 0, "max": 0.153846144676, "var": 0, "mean": 0.153846144676}, "bpm_histogram_first_peak_weight": {"dmean2": 0, "median": 0.640834569931, "min": 0.640834569931, "dvar2": 0, "dvar": 0, "dmean": 0, "max": 0.640834569931, "var": 0, "mean": 0.640834569931}, "onset_rate": 6.95052719116, "beats_position": [0.510838985443, 1.02167797089, 1.53251695633, 2.0549659729, 2.57741498947, 3.09986400604, 3.62231278419, 4.12154197693, 4.62077093124, 5.10838985443, 5.59600877762, 6.07201814651, 6.5596370697, 7.03564596176, 7.52326536179, 8.01088428497, 8.498503685, 8.98612213135, 9.47374153137, 9.94974994659, 10.4373693466, 10.9133787155, 11.4009971619, 11.8886165619, 12.3762359619, 12.8638544083, 13.3398637772, 13.8158731461, 14.3034915924, 14.7911109924, 15.2787294388, 15.7663488388, 16.2539672852, 16.7648067474, 17.2640361786, 17.7748756409, 18.2973232269, 18.8197727203, 19.3306121826, 19.8414516449, 20.3406791687, 20.8282985687, 21.3159179688, 21.8035373688, 22.2911567688, 22.7787742615, 23.2547836304, 23.7307929993, 24.2184123993, 24.7060317993, 25.1936511993, 25.6696586609, 26.1456680298, 26.6332874298, 27.1209068298, 27.6085262299, 28.0961437225, 28.5721530914, 29.0597724915, 29.5357818604, 30.0234012604, 30.5110206604, 30.9986381531, 31.4862575531, 31.962266922, 32.4382743835, 32.9258956909, 33.4135131836, 33.901134491, 34.3887519836, 34.8763694763, 35.3523788452, 35.8283882141, 36.3160095215, 36.8036270142, 37.2912483215, 37.7672538757, 38.2432632446, 38.730884552, 39.2185020447, 39.7061233521, 40.1937408447, 40.6813583374, 41.1573677063, 41.6333770752, 42.1209983826, 42.6086158752, 43.0962333679, 43.5838546753, 44.071472168, 44.5474815369, 45.0234909058, 45.5111083984, 45.9987297058, 46.4863471985, 46.9623565674, 47.4383659363, 47.9259872437, 48.4136047363, 48.901222229, 49.3772315979, 49.8532409668, 50.3408622742, 50.8284797668, 51.3160972595, 51.8037185669, 52.2913360596, 52.7789573669, 53.2549667358, 53.73097229, 54.2185935974, 54.7062110901, 55.1938323975, 55.6698417664, 56.1458511353, 56.6334686279, 57.1210861206, 57.608707428, 58.0847167969, 58.5607261658, 59.0483436584, 59.5359611511, 60.0235824585, 60.5111999512, 60.9988212585, 61.4864387512, 61.9624481201, 62.438457489, 62.9260749817, 63.4136962891, 63.9013137817, 64.3773193359, 64.8533325195, 65.3409500122, 65.8285675049, 66.316192627, 66.8038101196, 67.2914276123, 67.7674331665, 68.2434463501, 68.7310638428, 69.2186813354, 69.7062988281, 70.1823120117, 70.6583175659, 71.145942688, 71.6335601807, 72.1211776733, 72.608795166, 73.0964126587, 73.5724258423, 74.060043335, 74.5360565186, 75.0236740112, 75.5112915039, 75.9989089966, 76.4749221802, 76.9509277344, 77.4385452271, 77.9261627197, 78.4137878418, 78.9014053345, 79.3890228271, 79.8650360107, 80.3410415649, 80.8286590576, 81.3162765503, 81.8039016724, 82.291519165, 82.7791366577, 83.2551422119, 83.742767334, 84.2187728882, 84.7063903809, 85.1940155029, 85.6816329956, 86.1576385498, 86.6336517334, 87.1212692261, 87.6088867188, 88.0848999023, 88.5609054565, 89.0485229492, 89.5361404419, 90.023765564, 90.5113830566, 90.9873886108, 91.4634017944, 91.9510192871, 92.4386367798, 92.9262542725, 93.4138793945, 93.9014968872, 94.3891143799, 94.8651199341, 95.3527450562, 95.8287506104, 96.316368103, 96.8039855957, 97.2916107178, 97.767616272, 98.2436294556, 98.7312469482, 99.2188644409, 99.7064819336, 100.194099426, 100.67011261, 101.146118164, 101.633743286, 102.121360779, 102.608978271, 103.096595764, 103.584213257, 104.06022644, 104.536231995, 105.023849487, 105.511474609, 105.999092102, 106.486709595, 106.962722778, 107.438728333, 107.926345825, 108.413963318, 108.90158844, 109.377593994, 109.853607178, 110.34122467, 110.828842163, 111.316459656, 111.804077148, 112.291702271, 112.767707825, 113.243713379, 113.731338501, 114.218955994, 114.706573486, 115.18258667, 115.658592224, 116.146209717, 116.633827209, 117.121452332, 117.609069824, 118.096687317, 118.572692871, 119.048706055, 119.536323547, 120.02394104, 120.511566162, 120.999183655, 121.475189209, 121.951202393, 122.438819885, 122.926437378, 123.414054871, 123.901672363, 124.389297485, 124.86530304, 125.341316223, 125.828933716, 126.316551208, 126.804168701, 127.280181885, 127.767799377, 128.25541687, 128.731430054, 129.219039917, 129.706665039, 130.194290161, 130.670288086, 131.14630127, 131.633926392, 132.121536255, 132.609161377, 133.09677124, 133.572784424, 134.060409546, 134.536407471, 135.024032593, 135.511657715, 135.999267578, 136.4868927, 136.962905884, 137.438903809, 137.926528931, 138.414154053, 138.901763916, 139.389389038, 139.865386963, 140.341400146, 140.829025269, 141.316635132, 141.804260254, 142.280273438, 142.756271362, 143.243896484, 143.731521606, 144.21913147, 144.706756592, 145.194366455, 145.670379639, 146.146392822, 146.634017944, 147.121627808, 147.597640991, 148.073654175, 148.561264038, 149.04888916, 149.536499023, 150.024124146, 150.511749268, 150.987747192, 151.463760376, 151.951385498, 152.438995361, 152.926620483, 153.414230347, 153.901855469, 154.377868652, 154.853881836, 155.341491699, 155.829116821, 156.316726685, 156.804351807, 157.28036499, 157.756362915, 158.243988037, 158.731613159, 159.219223022, 159.706848145, 160.194458008, 160.670471191, 161.146484375, 161.634094238, 162.12171936, 162.609344482, 163.096954346, 163.572967529, 164.048980713, 164.536590576, 165.024215698, 165.51184082, 165.987838745, 166.475463867, 166.96307373, 167.439086914, 167.926712036, 168.414321899, 168.901947021, 169.389572144, 169.877182007, 170.364807129, 170.840820312, 171.316818237, 171.792831421, 172.280456543, 172.756454468, 173.24407959, 173.731704712, 174.219314575, 174.706939697, 175.194549561, 175.670562744, 176.146575928, 176.634185791, 177.121810913, 177.609436035, 178.097045898, 178.573059082, 179.049072266, 179.536682129, 180.024307251, 180.511917114, 180.999542236, 181.47555542, 181.951568604, 182.439178467, 182.926803589, 183.414413452, 183.902038574, 184.378051758, 184.854049683, 185.341674805, 185.829299927, 186.31690979, 186.804534912, 187.292144775, 187.779769897, 188.255783081, 188.731781006, 189.219406128, 189.70703125, 190.194641113, 190.670654297, 191.158279419, 191.634277344, 192.121902466, 192.609527588, 193.097137451, 193.584762573, 194.060760498, 194.536773682, 195.024398804, 195.512008667, 195.999633789, 196.475646973, 196.951644897, 197.43927002, 197.926895142, 198.414505005, 198.902130127, 199.38973999, 199.865753174, 200.341766357, 200.829391479, 201.317001343, 201.804626465, 202.292236328, 202.768249512, 203.244262695, 203.731872559, 204.219497681, 204.707122803, 205.194732666, 205.67074585, 206.146759033, 206.634368896, 207.121994019, 207.609603882, 208.085617065, 208.561630249, 209.049255371, 209.536865234, 210.024490356, 210.51210022, 210.999725342, 211.475738525, 211.95173645, 212.439361572, 212.926986694, 213.414596558, 213.90222168, 214.389831543, 214.865844727, 215.34185791, 215.829467773, 216.317092896, 216.804718018, 217.280715942, 217.756729126, 218.244354248, 218.731964111, 219.219589233, 219.707214355, 220.18321228, 220.659225464, 221.146850586, 221.634460449, 222.122085571, 222.609695435, 223.085708618, 223.561721802, 224.049331665, 224.536956787, 225.024581909, 225.512191772, 225.988204956, 226.46421814, 226.951828003, 227.439453125, 227.927078247, 228.41468811, 228.902313232, 229.389923096, 229.865936279, 230.341949463, 230.829559326, 231.317184448, 231.80480957, 232.292419434, 232.768432617, 233.244445801, 233.732055664, 234.219680786, 234.707290649, 235.194915771, 235.670928955, 236.14692688, 236.634552002, 237.122177124, 237.609786987, 238.097412109, 238.573425293, 239.049423218, 239.53704834, 240.024673462, 240.512283325, 240.999908447, 241.475906372, 241.951919556, 242.439544678, 242.927154541, 243.414779663, 243.902404785, 244.37840271, 244.854415894, 245.342041016, 245.829650879, 246.317276001, 246.804885864, 247.280899048, 247.756912231, 248.244537354, 248.732147217, 249.219772339, 249.707382202, 250.183395386, 250.659408569, 251.147018433, 251.634643555, 252.122268677, 252.60987854, 253.097503662, 253.573516846, 254.049514771, 254.537139893, 255.024749756, 255.512374878, 255.988388062, 256.464385986, 256.952026367, 257.43963623, 257.927246094, 258.414855957, 258.902496338, 259.378509521, 259.854522705, 260.342132568, 260.829742432, 261.317352295, 261.804992676, 262.281005859, 262.756988525, 263.244628906, 263.73223877, 264.219848633, 264.707489014, 265.183502197, 265.659484863, 266.147125244, 266.634735107, 267.122344971, 267.598358154, 268.074371338, 268.561981201, 269.049621582, 269.537231445, 270.024841309, 270.512481689, 271.000091553, 271.476104736, 271.95211792, 272.439727783, 272.927337646, 273.40335083, 273.879364014, 274.366973877, 274.85458374, 275.342224121, 275.829833984, 276.317443848, 276.805084229, 277.281097412, 277.757080078, 278.244720459, 278.732330322, 279.219940186, 279.707580566, 280.183563232, 280.671203613, 281.147216797, 281.63482666, 282.122436523, 282.610076904, 283.097686768, 283.573699951, 284.049713135, 284.537322998, 285.024932861, 285.512542725, 286.000183105, 286.476196289, 286.952209473, 287.439819336, 287.927429199, 288.415039062, 288.891052246, 289.36706543, 289.854675293, 290.342315674, 290.829925537, 291.3175354, 291.805175781, 292.281188965, 292.757171631, 293.244812012, 293.732421875, 294.220031738, 294.707672119, 295.183654785, 295.659667969, 296.14730835, 296.634918213, 297.122528076, 297.610168457, 298.09777832, 298.573791504, 299.049804688, 299.537414551, 300.025024414, 300.512634277, 301.000274658, 301.476287842, 301.952270508, 302.439910889, 302.927520752, 303.415130615, 303.891143799, 304.367156982, 304.854766846, 305.342407227, 305.83001709, 306.317626953, 306.805267334, 307.28125, 307.757263184, 308.244903564, 308.732513428, 309.220123291, 309.707763672, 310.183746338, 310.659759521, 311.147399902, 311.635009766, 312.122619629, 312.610229492, 313.086242676, 313.562255859, 314.049865723, 314.537506104, 315.036743164, 315.41986084, 315.802978516, 316.186126709, 316.534423828, 316.882720947, 317.231018066, 317.579315186, 317.939208984, 318.299133301, 318.670654297, 319.030548096, 319.402069092, 319.785217285, 320.168334961, 320.551483154, 320.94619751, 321.329345703, 321.712463379, 322.095581055, 322.478729248, 322.861846924, 323.256591797], "beats_loudness": {"dmean2": 0.0294602122158, "median": 0.0308112427592, "min": 1.99240535181e-08, "dvar2": 0.000877827114891, "dvar": 0.000328916008584, "dmean": 0.0184727013111, "max": 0.13921302557, "var": 0.000650683126878, "mean": 0.0351508483291}, "danceability": 1.14650082588, "bpm_histogram_second_peak_weight": {"dmean2": 0, "median": 0.0163934417069, "min": 0.0163934417069, "dvar2": 0, "dvar": 0, "dmean": 0, "max": 0.0163934417069, "var": 0, "mean": 0.0163934417069}, "beats_count": 672, "bpm_histogram_second_peak_bpm": {"dmean2": 0, "median": 157, "min": 157, "dvar2": 0, "dvar": 0, "dmean": 0, "max": 157, "var": 0, "mean": 157}, "bpm_histogram_first_peak_spread": {"dmean2": 0, "median": 0.324960768223, "min": 0.324960768223, "dvar2": 0, "dvar": 0, "dmean": 0, "max": 0.324960768223, "var": 0, "mean": 0.324960768223}, "beats_loudness_band_ratio": {"dmean2": [0.456312179565, 0.30848711729, 0.167542755604, 0.0974496752024, 0.0577700473368, 0.137134954333], "median": [0.362202048302, 0.31054097414, 0.113805755973, 0.0510039180517, 0.031316306442, 0.0704879462719], "min": [5.49550350115e-05, 6.48534842185e-05, 0.000117808616778, 0.00158837263007, 0.000346128130332, 0.000899547012523], "dvar2": [0.130137786269, 0.0610000491142, 0.0248583201319, 0.0146672604606, 0.00852593779564, 0.0161977261305], "dvar": [0.0403329581022, 0.0210809055716, 0.010256989859, 0.00585805624723, 0.00319028226659, 0.00617541512474], "dmean": [0.250368744135, 0.177842974663, 0.0981715843081, 0.0568417347968, 0.0325741246343, 0.0747503712773], "max": [0.939422428608, 0.898994803429, 0.855940103531, 0.926583111286, 0.756492674351, 0.78790897131], "var": [0.0585149861872, 0.0378293581307, 0.0168667118996, 0.0121432403103, 0.00542928138748, 0.00846906378865], "mean": [0.372617781162, 0.328027695417, 0.15049842, 0.0868650823832, 0.0516394041479, 0.0928814783692]}}, "lowlevel": {"barkbands_spread": {"dmean2": 13.2026567459, "median": 20.670085907, "min": 1.32792174816, "dvar2": 166.858764648, "dvar": 76.4654464722, "dmean": 8.74180030823, "max": 138.21963501, "var": 213.244537354, "mean": 23.370891571}, "melbands_spread": {"dmean2": 13.2321853638, "median": 16.264081955, "min": 0.89069634676, "dvar2": 303.379486084, "dvar": 130.139862061, "dmean": 8.44216823578, "max": 218.055084229, "var": 360.199371338, "mean": 21.5026893616}, "hfc": {"dmean2": 16.1557807922, "median": 13.8953380585, "min": 1.20782993986e-16, "dvar2": 407.091552734, "dvar": 180.762924194, "dmean": 10.9106025696, "max": 250.435317993, "var": 321.482055664, "mean": 19.3585758209}, "barkbands_kurtosis": {"dmean2": 6.60347366333, "median": 3.45138263702, "min": -1.91453683376, "dvar2": 78.5884399414, "dvar": 34.0082130432, "dmean": 4.24988508224, "max": 107.8516922, "var": 72.057182312, "mean": 6.36239051819}, "gfcc": {"mean": [0.94719350338, 72.2950134277, -101.607719421, 34.6589355469, -74.9260482788, 12.4881811142, -41.5293083191, -0.398890674114, -30.3661975861, 2.91418719292, -19.4771347046, 1.1718300581, -14.1798286438], "icov": [[0.000293460587272, -0.000456156878499, 0.000258479296463, -0.000307571579469, 0.000466532277642, -0.000707546132617, 0.000649961933959, -0.000604084460065, 0.000545917428099, -0.000673391215969, 0.00125928188208, -0.000853330187965, 0.000824061920866], [-0.000456156878499, 0.00256063882262, -0.00142512575258, 0.000772024854086, -0.0012084672926, 0.00100526050664, -0.001495617209, 0.00242931488901, -0.00211063795723, 0.00317161250859, -0.0035119287204, 0.00343761220574, -0.00281307450496], [0.000258479296463, -0.00142512575258, 0.00231986446306, -0.00144646957051, 0.00118561589625, -0.00100938940886, 0.000853739387821, -0.00107585790101, 0.0010035187006, -0.00218900362961, 0.00263062445447, -0.00286555406637, 0.00314378831536], [-0.000307571579469, 0.000772024854086, -0.00144646957051, 0.00352214672603, -0.00103489577305, 0.000164094366482, -0.000667664513458, 0.0011468345765, -0.000543922767974, 0.00100976903923, -0.00192698033061, 0.00274658552371, -0.00267871608958], [0.000466532277642, -0.0012084672926, 0.00118561589625, -0.00103489577305, 0.00516313267872, -0.00285733072087, -4.05956816394e-05, -0.000372601934941, 0.000334000098519, -0.00112383184023, 0.00257858843543, -0.00194368057419, 0.00240526488051], [-0.000707546132617, 0.00100526050664, -0.00100938940886, 0.000164094366482, -0.00285733072087, 0.00756538100541, -0.00269972672686, -0.000604519736953, -0.000967278669123, 0.000836363062263, -0.00230713770725, 0.00160610605963, -0.00207084859721], [0.000649961933959, -0.001495617209, 0.000853739387821, -0.000667664513458, -4.05956816394e-05, -0.00269972672686, 0.0099471071735, -0.00495210662484, 0.00160059018526, -0.000147289320012, 1.83874672075e-05, -0.00155992794316, 0.00239755446091], [-0.000604084460065, 0.00242931488901, -0.00107585790101, 0.0011468345765, -0.000372601934941, -0.000604519736953, -0.00495210662484, 0.0133183514699, -0.00646711140871, 0.00234757293947, 0.000844451773446, -0.000810786092188, -0.00190215138718], [0.000545917428099, -0.00211063795723, 0.0010035187006, -0.000543922767974, 0.000334000098519, -0.000967278669123, 0.00160059018526, -0.00646711140871, 0.0144596276805, -0.00611027795821, -0.0002167684288, 0.00189073150977, -0.000697447569109], [-0.000673391215969, 0.00317161250859, -0.00218900362961, 0.00100976903923, -0.00112383184023, 0.000836363062263, -0.000147289320012, 0.00234757293947, -0.00611027795821, 0.0152875296772, -0.00683958735317, 0.00285529834218, 0.000847910530865], [0.00125928188208, -0.0035119287204, 0.00263062445447, -0.00192698033061, 0.00257858843543, -0.00230713770725, 1.83874672075e-05, 0.000844451773446, -0.0002167684288, -0.00683958735317, 0.0197059512138, -0.0101507212967, 0.00359580502845], [-0.000853330187965, 0.00343761220574, -0.00286555406637, 0.00274658552371, -0.00194368057419, 0.00160610605963, -0.00155992794316, -0.000810786092188, 0.00189073150977, 0.00285529834218, -0.0101507212967, 0.0212913155556, -0.010101296939], [0.000824061920866, -0.00281307450496, 0.00314378831536, -0.00267871608958, 0.00240526488051, -0.00207084859721, 0.00239755446091, -0.00190215138718, -0.000697447569109, 0.000847910530865, 0.00359580502845, -0.010101296939, 0.0212625339627]], "cov": [[9552.625, 81.6452255249, 960.576782227, 451.600738525, -239.756011963, 574.536682129, -291.599395752, 263.413330078, -165.470458984, 140.570877075, -495.493804932, 17.5017986298, -223.957138062], [81.6452255249, 1211.56079102, 274.219055176, 140.061630249, 108.38457489, 11.841501236, 60.5933418274, -135.969528198, 58.3192367554, -113.344429016, 86.7606506348, -88.256942749, 53.9560928345], [960.576782227, 274.219055176, 1029.19030762, 290.218566895, -55.0998382568, 101.20967865, -30.7030639648, 15.6533508301, -12.5022439957, 73.7161407471, -60.8554611206, 1.46008777618, -87.9699325562], [451.600738525, 140.061630249, 290.218566895, 446.016204834, 49.7827720642, 75.9632263184, 5.13399648666, -13.4715328217, 4.40799474716, 7.78808879852, -8.58097839355, -28.9825725555, 1.80694687366], [-239.756011963, 108.38457489, -55.0998382568, 49.7827720642, 312.270233154, 109.378829956, 72.0062789917, 14.7606983185, 25.3381996155, -13.1927070618, 7.94703292847, -10.8657369614, 1.43071484566], [574.536682129, 11.841501236, 101.20967865, 75.9632263184, 109.378829956, 259.82989502, 68.206161499, 73.6591110229, 20.9991321564, 15.3280649185, -17.0184459686, 7.39156532288, -7.79616212845], [-291.599395752, 60.5933418274, -30.7030639648, 5.13399648666, 72.0062789917, 68.206161499, 173.684204102, 57.2347373962, 24.7958946228, -15.5683774948, 26.7956848145, 6.85522270203, 8.69685935974], [263.413330078, -135.969528198, 15.6533508301, -13.4715328217, 14.7606983185, 73.6591110229, 57.2347373962, 159.147186279, 41.798992157, 17.1163806915, -26.1147441864, 22.446144104, -3.1533536911], [-165.470458984, 58.3192367554, -12.5022439957, 4.40799474716, 25.3381996155, 20.9991321564, 24.7958946228, 41.798992157, 118.401298523, 33.5314903259, 24.9877796173, -13.1096162796, 8.74766731262], [140.570877075, -113.344429016, 73.7161407471, 7.78808879852, -13.1927070618, 15.3280649185, -15.5683774948, 17.1163806915, 33.5314903259, 121.143218994, 14.2600975037, 4.17332696915, -28.2499694824], [-495.493804932, 86.7606506348, -60.8554611206, -8.58097839355, 7.94703292847, -17.0184459686, 26.7956848145, -26.1147441864, 24.9877796173, 14.2600975037, 116.864295959, 24.4154338837, 22.7714862823], [17.5017986298, -88.256942749, 1.46008777618, -28.9825725555, -10.8657369614, 7.39156532288, 6.85522270203, 22.446144104, -13.1096162796, 4.17332696915, 24.4154338837, 89.6949005127, 24.8483829498], [-223.957138062, 53.9560928345, -87.9699325562, 1.80694687366, 1.43071484566, -7.79616212845, 8.69685935974, -3.1533536911, 8.74766731262, -28.2499694824, 22.7714862823, 24.8483829498, 83.2673339844]]}, "spectral_energyband_middle_low": {"dmean2": 0.0109099606052, "median": 0.010722800158, "min": 1.93941049652e-22, "dvar2": 0.00027318217326, "dvar": 0.000105528939457, "dmean": 0.00668080430478, "max": 0.163236618042, "var": 0.000187825309695, "mean": 0.0143614029512}, "melbands_crest": {"dmean2": 5.42780017853, "median": 12.831237793, "min": 2.50131797791, "dvar2": 24.1131839752, "dvar": 9.10490512848, "dmean": 3.28007149696, "max": 38.9531822205, "var": 23.9329032898, "mean": 13.5726261139}, "spectral_kurtosis": {"dmean2": 2.07807898521, "median": 1.99390149117, "min": -1.20825684071, "dvar2": 10.7808465958, "dvar": 4.00191116333, "dmean": 1.28597044945, "max": 59.3313713074, "var": 8.49505329132, "mean": 2.68083572388}, "spectral_rms": {"dmean2": 0.00144113122951, "median": 0.00457207858562, "min": 3.22468592627e-12, "dvar2": 2.69203269454e-06, "dvar": 1.20857691854e-06, "dmean": 0.000959281169344, "max": 0.0147290956229, "var": 4.83236954096e-06, "mean": 0.0046290368773}, "zerocrossingrate": {"dmean2": 0.0198651626706, "median": 0.0634765625, "min": 0.00537109375, "dvar2": 0.000301795691485, "dvar": 0.000221656402573, "dmean": 0.0166764482856, "max": 0.51904296875, "var": 0.00156375195365, "mean": 0.0709340199828}, "silence_rate_60dB": {"dmean2": 0.0596586838365, "median": 0, "min": 0, "dvar2": 0.0679951384664, "dvar": 0.0289336740971, "dmean": 0.0298272036016, "max": 1, "var": 0.0717307701707, "mean": 0.077788926661}, "erbbands_kurtosis": {"dmean2": 1.88156378269, "median": -0.347713112831, "min": -1.83047819138, "dvar2": 8.34226512909, "dvar": 3.73236560822, "dmean": 1.22399199009, "max": 58.0447311401, "var": 6.46812725067, "mean": 0.381290763617}, "erbbands": {"dmean2": [0.0363833159208, 0.884439051151, 5.41001605988, 8.36850833893, 16.9199371338, 26.5542373657, 17.7612171173, 19.1455860138, 19.4385471344, 16.8641700745, 20.518289566, 20.3744888306, 23.5307865143, 23.6647987366, 26.5243721008, 17.7354240417, 18.239397049, 30.6378726959, 18.3316516876, 19.5867805481, 10.3999185562, 12.7465858459, 12.2850427628, 12.1468715668, 14.8110713959, 16.887512207, 17.3313159943, 12.3038311005, 12.7651758194, 8.97895240784, 7.02434206009, 4.98199176788, 2.90355443954, 1.88618254662, 1.08833503723, 0.634548842907, 0.201895162463, 0.0324000380933, 0.000660368124954, 3.93953960156e-05], "median": [0.0166576504707, 0.298650443554, 1.34173560143, 2.80538630486, 7.15726661682, 10.6026096344, 9.20728969574, 11.7991495132, 10.0859594345, 7.84589672089, 7.94444561005, 7.6824054718, 8.17117500305, 7.31266212463, 7.54829311371, 5.78994989395, 6.99228000641, 6.12216758728, 5.14237117767, 4.77960920334, 3.43448829651, 4.3281879425, 4.29448318481, 4.34595394135, 4.52556419373, 5.45851325989, 5.77232646942, 5.40161514282, 5.60596942902, 4.17968463898, 3.60998058319, 2.24069452286, 1.16905045509, 0.537899851799, 0.242926180363, 0.0804340690374, 0.0216928645968, 0.00587488058954, 0.000141356096719, 3.37024248438e-05], "min": [5.84848247511e-22, 6.30001999491e-21, 7.78578097011e-21, 1.75252462248e-20, 3.09850483729e-20, 1.10658761857e-19, 1.2889844333e-19, 5.4220872312e-19, 4.46286739638e-19, 2.74364952438e-19, 3.59424400116e-19, 3.33817163098e-19, 9.0722429549e-19, 2.00227649267e-18, 2.24777025679e-18, 2.71126188788e-18, 1.73078196036e-18, 3.30413821526e-18, 2.66838601481e-18, 4.66143530775e-18, 6.22325611542e-18, 6.92195448573e-18, 1.02652948582e-17, 1.75210220977e-17, 8.98763002966e-18, 1.11381027533e-17, 1.09564315569e-17, 1.72318132858e-17, 2.26991297189e-17, 1.7094651851e-17, 1.68719599409e-17, 1.44542962988e-17, 1.40212424327e-17, 1.33333003055e-17, 7.44089079251e-18, 5.95547004058e-18, 3.36710010156e-18, 1.30514862815e-18, 3.31576641012e-19, 3.54343042538e-20], "dvar2": [0.00408045202494, 3.21581435204, 153.022232056, 365.609344482, 992.17376709, 2262.39257812, 863.915649414, 1033.70373535, 1457.92504883, 1085.02783203, 1620.28479004, 1205.17224121, 2606.87817383, 1850.68908691, 3731.42016602, 1646.03881836, 1187.16015625, 4295.78613281, 1145.82202148, 1976.6204834, 394.251800537, 589.006713867, 453.99118042, 524.584960938, 876.214477539, 653.608459473, 831.701660156, 282.382537842, 412.455169678, 186.439056396, 101.805992126, 100.657211304, 18.0774841309, 7.62646150589, 2.35046482086, 0.846519589424, 0.0968342870474, 0.00243814243004, 9.88388592305e-07, 2.39722330875e-09], "dvar": [0.00175306957681, 1.19715642929, 55.5705566406, 132.246185303, 366.515563965, 837.226867676, 351.02053833, 438.203277588, 640.028381348, 471.496124268, 649.240722656, 500.534088135, 1294.90026855, 737.809509277, 1723.99743652, 675.97442627, 505.068450928, 1582.49047852, 503.825592041, 902.096923828, 163.289154053, 239.4896698, 183.548080444, 206.814941406, 384.023345947, 276.760742188, 346.940216064, 124.934310913, 173.88079834, 79.474937439, 45.7341461182, 44.758556366, 7.96167135239, 3.25784039497, 0.984591066837, 0.374614387751, 0.0438838452101, 0.00106607680209, 4.32941448025e-07, 1.07063402588e-09], "dmean": [0.0238771829754, 0.536478161812, 3.16643643379, 4.90529680252, 10.1168785095, 15.400343895, 10.948559761, 12.0441713333, 12.2695922852, 10.5725688934, 12.605219841, 12.473195076, 15.2347974777, 14.4700603485, 16.788274765, 10.9622955322, 11.2814302444, 17.5860080719, 11.544383049, 12.5346956253, 6.5298204422, 7.86564493179, 7.51122236252, 7.56581830978, 9.4700088501, 10.59815979, 11.0897426605, 7.98852586746, 8.28485202789, 5.9380645752, 4.60313463211, 3.24710178375, 1.88881444931, 1.22803425789, 0.690817475319, 0.404311954975, 0.128182500601, 0.0202115364373, 0.00041397602763, 2.59559183178e-05], "max": [0.586569190025, 17.2949638367, 107.680145264, 227.157989502, 276.86239624, 510.889953613, 439.155700684, 538.593017578, 752.765075684, 843.703674316, 653.217529297, 551.645935059, 1368.5838623, 621.61328125, 1743.59130859, 731.663208008, 803.897949219, 765.157287598, 518.991821289, 746.294311523, 385.25592041, 576.672119141, 363.741333008, 397.26776123, 535.926818848, 250.018829346, 620.479003906, 190.669998169, 243.377700806, 266.077758789, 380.023284912, 601.727661133, 137.571060181, 21.0011711121, 8.80343437195, 5.75204372406, 2.49524855614, 0.366506457329, 0.00619416404516, 0.000323973974446], "var": [0.00323207397014, 1.75308871269, 63.0259933472, 174.946060181, 464.335357666, 939.960144043, 744.730407715, 1149.93908691, 1577.48742676, 909.54309082, 957.770202637, 912.962219238, 2765.00439453, 1305.39331055, 3768.125, 969.772216797, 806.238037109, 1477.38867188, 1304.87683105, 1726.35107422, 300.136474609, 444.710357666, 213.785003662, 214.17527771, 480.202758789, 303.108947754, 358.269042969, 154.843795776, 228.883682251, 104.701202393, 68.2220840454, 80.0469207764, 12.9032506943, 3.63367629051, 1.01190507412, 0.395600020885, 0.0465594939888, 0.00107213354204, 4.40139615421e-07, 1.70661706989e-09], "mean": [0.0390322804451, 0.841006457806, 4.79919099808, 8.22902297974, 14.6856851578, 20.8441963196, 18.4121074677, 22.6335353851, 22.5328044891, 16.5335731506, 18.4201145172, 18.1699581146, 22.8907527924, 20.5883865356, 25.9688301086, 15.6112155914, 16.6458930969, 19.5675945282, 18.4970359802, 18.3120555878, 9.11159515381, 10.4688272476, 9.37290668488, 9.27230739594, 10.7875165939, 11.8296251297, 12.3376197815, 9.68691635132, 10.5682735443, 7.50593519211, 5.95794487, 4.08717823029, 2.2350332737, 1.28553712368, 0.662237226963, 0.358160108328, 0.113976404071, 0.0186936184764, 0.000400644843467, 4.58436552435e-05]}, "spectral_strongpeak": {"dmean2": 0.602415978909, "median": 0.518515408039, "min": 0, "dvar2": 0.682309985161, "dvar": 0.2632394135, "dmean": 0.352655112743, "max": 8.23806190491, "var": 0.38449588418, "mean": 0.669648468494}, "spectral_energy": {"dmean2": 0.0171165205538, "median": 0.0214264970273, "min": 1.06585638894e-20, "dvar2": 0.000621450191829, "dvar": 0.00025629758602, "dmean": 0.0109722884372, "max": 0.222369924188, "var": 0.000558933825232, "mean": 0.0269168633968}, "average_loudness": 0.794965684414, "spectral_rolloff": {"dmean2": 1294.69970703, "median": 882.861328125, "min": 43.06640625, "dvar2": 3250652.75, "dvar": 1475699.375, "dmean": 777.800537109, "max": 19143.0175781, "var": 2951789.75, "mean": 1539.79260254}, "spectral_centroid": {"dmean2": 535.59753418, "median": 1090.9519043, "min": 216.166931152, "dvar2": 276903.875, "dvar": 134162.140625, "dmean": 352.873779297, "max": 11157.6835938, "var": 499340.34375, "mean": 1253.32250977}, "pitch_salience": {"dmean2": 0.126556590199, "median": 0.609653711319, "min": 0.0590918362141, "dvar2": 0.01276831422, "dvar": 0.00489368196577, "dmean": 0.0774408355355, "max": 0.875322937965, "var": 0.0115623651072, "mean": 0.596925854683}, "spectral_energyband_middle_high": {"dmean2": 0.00285115954466, "median": 0.00198990805075, "min": 1.36665221764e-21, "dvar2": 1.55032812472e-05, "dvar": 6.5897947934e-06, "dmean": 0.00183314667083, "max": 0.0459266006947, "var": 1.71845222212e-05, "mean": 0.00355481379665}, "spectral_contrast_coeffs": {"dmean2": [0.0936118885875, 0.0827594101429, 0.0682245418429, 0.0552777834237, 0.0366814732552, 0.036588203162], "median": [-0.585032820702, -0.736850857735, -0.78649866581, -0.804953694344, -0.818890929222, -0.763267338276], "min": [-0.963931679726, -0.958234846592, -0.969155728817, -0.961554050446, -0.956942617893, -0.961314737797], "dvar2": [0.0060496381484, 0.00422515301034, 0.00281864171848, 0.00201667449437, 0.000881390704308, 0.000888771668542], "dvar": [0.00240152608603, 0.00162458769046, 0.0011225042399, 0.000806750031188, 0.000344429456163, 0.000361021113349], "dmean": [0.0577457435429, 0.0502104610205, 0.0422920770943, 0.0339193977416, 0.0224342104048, 0.0226780008525], "max": [-0.277623564005, -0.438389480114, -0.487063229084, -0.575296163559, -0.509944319725, -0.582611918449], "var": [0.008798497729, 0.00587136484683, 0.00371135608293, 0.00236954144202, 0.000895184988622, 0.00122067157645], "mean": [-0.587938845158, -0.73193103075, -0.779795587063, -0.799237191677, -0.816075265408, -0.76131105423]}, "melbands_skewness": {"dmean2": 1.44735217094, "median": 3.18662452698, "min": -4.13693237305, "dvar2": 2.05863666534, "dvar": 0.8542278409, "dmean": 0.937960743904, "max": 12.5276441574, "var": 3.11545062065, "mean": 3.37924313545}, "spectral_spread": {"dmean2": 1241507.75, "median": 5753296, "min": 797431.25, "dvar2": 1417571860480.0, "dvar": 683510530048, "dmean": 846278.6875, "max": 42825456, "var": 1767955759100.0, "mean": 5732002}, "dissonance": {"dmean2": 0.0312751121819, "median": 0.472247898579, "min": 0.219924390316, "dvar2": 0.000869404058903, "dvar": 0.000341379607562, "dmean": 0.0188783984631, "max": 0.500000059605, "var": 0.000743314507417, "mean": 0.465474963188}, "spectral_skewness": {"dmean2": 0.377990841866, "median": 1.24447274208, "min": -0.357582300901, "dvar2": 0.147746548057, "dvar": 0.0650549456477, "dmean": 0.252738088369, "max": 5.93682956696, "var": 0.176616936922, "mean": 1.30013680458}, "spectral_flux": {"dmean2": 0.0425999201834, "median": 0.0745722949505, "min": 1.05585006016e-10, "dvar2": 0.00201739463955, "dvar": 0.000998346600682, "dmean": 0.0283292531967, "max": 0.378771811724, "var": 0.00250501837581, "mean": 0.0841702446342}, "spectral_contrast_valleys": {"dmean2": [0.747253119946, 0.666656076908, 0.661493718624, 0.644551694393, 0.626985192299, 0.718543350697], "median": [-7.24130487442, -6.56666946411, -7.29731082916, -7.73667478561, -7.43008756638, -9.47627639771], "min": [-27.6154403687, -27.2592964172, -27.2032680511, -27.3333835602, -27.3360290527, -27.2827205658], "dvar2": [0.413971304893, 0.337079703808, 0.345243126154, 0.348189592361, 0.355364143848, 0.458473026752], "dvar": [0.19096878171, 0.151665434241, 0.160904616117, 0.165570318699, 0.17881514132, 0.203663900495], "dmean": [0.476899385452, 0.423558592796, 0.428545296192, 0.428980439901, 0.447285026312, 0.544362306595], "max": [-5.1170759201, -4.62959289551, -5.21285533905, -5.63757753372, -5.62129592896, -7.66469335556], "var": [2.06098842621, 1.10361135006, 1.05567657948, 0.911756932735, 0.833861768246, 1.34296739101], "mean": [-7.58025884628, -6.69929933548, -7.38727092743, -7.81871175766, -7.51711702347, -9.68662834167]}, "erbbands_flatness_db": {"dmean2": 0.0328557752073, "median": 0.125937700272, "min": 0.0442343614995, "dvar2": 0.000843925750814, "dvar": 0.000407614919823, "dmean": 0.0231251083314, "max": 0.487696796656, "var": 0.00228181667626, "mean": 0.135238781571}, "spectral_energyband_high": {"dmean2": 0.0014421021333, "median": 0.000714514404535, "min": 7.74073113067e-21, "dvar2": 3.24077586811e-06, "dvar": 1.48081289808e-06, "dmean": 0.000971353030764, "max": 0.0317355617