{"tonal": {"thpcp": [1, 0.730635046959, 0.130788758397, 0.0595548376441, 0.041668061167, 0.112842261791, 0.268345028162, 0.240373715758, 0.117799729109, 0.0987781956792, 0.0794571191072, 0.121800512075, 0.276008546352, 0.211903780699, 0.0922996625304, 0.215412408113, 0.177714750171, 0.0300147105008, 0.00728261983022, 0.00888291932642, 0.174384146929, 0.780003845692, 0.764607012272, 0.178543880582, 0.0663147941232, 0.0541593879461, 0.0597906075418, 0.185387194157, 0.165258154273, 0.0458594337106, 0.0552440397441, 0.0459009446204, 0.0691769197583, 0.242208108306, 0.224912181497, 0.408791154623], "hpcp": {"dmean2": [0.0912058502436, 0.0742499083281, 0.0738799273968, 0.0960207208991, 0.0843653157353, 0.0428140424192, 0.0280871652067, 0.0369363501668, 0.0206023864448, 0.00994209665805, 0.0120432162657, 0.0573396123946, 0.133510619402, 0.129734873772, 0.0622416809201, 0.0200027897954, 0.0251655727625, 0.0328656099737, 0.0601356998086, 0.0578874461353, 0.0261017978191, 0.017353894189, 0.0185584630817, 0.0267882887274, 0.0620841048658, 0.0743316486478, 0.112418808043, 0.151100516319, 0.161380827427, 0.111223809421, 0.07662345469, 0.0517609715462, 0.0638806000352, 0.114065006375, 0.155819579959, 0.13434073329], "median": [0.000739650393371, 0.000379656412406, 0.00220268662088, 0.00310874544084, 0.00246677850373, 0.00177660572808, 0.000319627841236, 0.000291466654744, 0.000289862364298, 0.000105584076664, 7.2591486969e-05, 0.0327958017588, 0.148133486509, 0.140571683645, 0.0184574499726, 0.00019424968923, 0.000279867759673, 0.000774479121901, 0.00136117008515, 0.00125586753711, 0.000548815645743, 0.000157422182383, 0.000107884428871, 0.00177951902151, 0.00304942205548, 0.00337556493469, 0.124604776502, 0.290949732065, 0.211250022054, 0.00991909299046, 0.000334835320245, 0.000279025291093, 0.00456003798172, 0.0160195529461, 0.016115039587, 0.00372364954092], "min": [0, 0, 0, 0, 0, 0, 0, 0, 0, 0, 0, 0, 0, 0, 0, 0, 0, 0, 0, 0, 0, 0, 0, 0, 0, 0, 0, 0, 0, 0, 0, 0, 0, 0, 0, 0], "dvar2": [0.0473041497171, 0.0491664856672, 0.0366644561291, 0.0515789277852, 0.0440178066492, 0.0198979210109, 0.012102406472, 0.0223358795047, 0.00763073423877, 0.00324611691758, 0.00423631351441, 0.0158615373075, 0.0537928193808, 0.0528528429568, 0.0222975853831, 0.00928270537406, 0.0138421142474, 0.0102683492005, 0.0287844184786, 0.0256890971214, 0.0144347483292, 0.00921542476863, 0.0117546413094, 0.0100613050163, 0.033398270607, 0.0374913103878, 0.0399359427392, 0.0713064447045, 0.0662167668343, 0.0623021498322, 0.0535774305463, 0.0312601663172, 0.0275426991284, 0.052754137665, 0.0828034505248, 0.0921972319484], "dvar": [0.0188122875988, 0.0177579447627, 0.0132715282962, 0.0235976409167, 0.0189586356282, 0.00629733875394, 0.00554318726063, 0.00770360743627, 0.00249354029074, 0.00109472661279, 0.00147845293395, 0.00604205206037, 0.0270653534681, 0.025994470343, 0.00860045943409, 0.00372078106739, 0.00535924965516, 0.00372713780962, 0.0149166276678, 0.0129632726312, 0.00482733175159, 0.00363379972987, 0.0044602509588, 0.0036637338344, 0.0159955900162, 0.0162340532988, 0.0153286457062, 0.0350974723697, 0.0281869936734, 0.0226331017911, 0.0192906782031, 0.0109573733062, 0.0103062707931, 0.0225978419185, 0.0328550562263, 0.0345769487321], "dmean": [0.053189881146, 0.0414592027664, 0.0415409766138, 0.058860976249, 0.0508937351406, 0.0238578021526, 0.0165303833783, 0.0213389061391, 0.0110976640135, 0.00524731073529, 0.00636288896203, 0.0344307087362, 0.0879187434912, 0.0842881426215, 0.0370799712837, 0.010943165049, 0.0144731951877, 0.0191377382725, 0.038722217083, 0.0384284891188, 0.014910553582, 0.00964494235814, 0.0105170216411, 0.0167354308069, 0.0409223474562, 0.0457391552627, 0.0679977983236, 0.0973303467035, 0.100649245083, 0.062366977334, 0.0411763451993, 0.0276339910924, 0.0371581017971, 0.0687223821878, 0.091489225626, 0.0738790333271], "max": [1, 1, 1, 1, 1, 1, 1, 1, 1, 0.658971190453, 0.75048404932, 1, 1, 1, 1, 1, 1, 0.861090540886, 1, 1, 1, 1, 1, 1, 1, 1, 1, 1, 1, 1, 1, 1, 1, 1, 1, 1], "var": [0.0186708588153, 0.0182812642306, 0.0164231099188, 0.0743837505579, 0.0473140068352, 0.0110650910065, 0.0742020010948, 0.0524130612612, 0.00245156139135, 0.000591023184825, 0.000865779060405, 0.0127219771966, 0.150630742311, 0.151472061872, 0.0169696491212, 0.022526729852, 0.0157439094037, 0.00498390663415, 0.0537278279662, 0.0436677373946, 0.00481731444597, 0.0172608103603, 0.0115624628961, 0.00579540571198, 0.0714434236288, 0.0578461587429, 0.0346515886486, 0.180120185018, 0.10421949625, 0.0187174901366, 0.0134674841538, 0.00811716355383, 0.0147305391729, 0.0645276978612, 0.0431647002697, 0.0255373045802], "mean": [0.0450959466398, 0.036275152117, 0.055606495589, 0.126008242369, 0.0967420116067, 0.0421382524073, 0.098343834281, 0.0811334401369, 0.013702839613, 0.00332478876226, 0.00405538547784, 0.0796128958464, 0.356100976467, 0.349071741104, 0.0815119668841, 0.0302751865238, 0.0247257892042, 0.0272966511548, 0.0846361964941, 0.0754465386271, 0.0209365487099, 0.0252209734172, 0.0209555011243, 0.0315818563104, 0.110577076674, 0.102680832148, 0.186628475785, 0.45653745532, 0.333562254906, 0.0597099661827, 0.0271890144795, 0.0190230309963, 0.0515167191625, 0.122509554029, 0.109739601612, 0.053779989481]}, "tuning_equal_tempered_deviation": 0.110857255757, "chords_changes_rate": 0.0399999991059, "key_key": "F#", "tuning_diatonic_strength": 0.61221575737, "key_scale": "major", "chords_number_rate": 0.00335877854377, "tuning_frequency": 436.960693359, "tuning_nontempered_energy_ratio": 0.768252789974, "chords_histogram": [26.6564884186, 0.488549619913, 4.67175579071, 2.53435111046, 0.0305343512446, 0, 0.30534350872, 0, 0.519083976746, 0, 0, 0, 0, 0, 0, 9.77099227905, 2.38167929649, 28.2748088837, 1.03816795349, 2.01526713371, 0.488549619913, 7.57251930237, 5.40458011627, 7.84732818604], "key_strength": 0.795668542385, "chords_key": "F#", "chords_strength": {"dmean2": 0.00564413703978, "median": 0.497935682535, "min": -1, "dvar2": 0.00119128474034, "dvar": 0.000614655204117, "dmean": 0.00629463838413, "max": 0.646362483501, "var": 0.0303333029151, "mean": 0.46829611063}, "chords_scale": "minor", "hpcp_entropy": {"dmean2": 0.610995471478, "median": 1.62813305855, "min": 0, "dvar2": 0.425182908773, "dvar": 0.174317955971, "dmean": 0.374285578728, "max": 4.02587509155, "var": 0.571257591248, "mean": 1.53758656979}}, "metadata": {"audio_properties": {"equal_loudness": 0, "codec": "mp3", "downmix": "mix", "sample_rate": 44100, "analysis_sample_rate": 44100, "bit_rate": 192000, "md5_encoded": "73b0f6f7b2cf564562671aa61ba1dea9", "length": 152.006530762, "replay_gain": -5.91940498352, "lossless": false}, "version": {"essentia_build_sha": "70f2e5ece6736b2c40cc944ad0e695b16b925413", "essentia": "2.1-beta2", "extractor": "music 1.0", "essentia_git_sha": "v2.1_beta2"}, "tags": {"title": ["Sparrow/Homecoming"], "artist": ["Mick Harvey"], "tracknumber": ["4"], "albumartist": ["Mick Harvey"], "date": ["2006"], "genre": ["Soundtrack"], "length": ["152040"], "album": ["Motion Picture Music 1994-2005"], "label": ["Mute/Fine Line"], "musicbrainz_recordingid": ["11cbe7da-8703-453e-be9a-d3afb933d556"], "file_name": "26845.mp3"}}, "rhythm": {"bpm_histogram_first_peak_bpm": {"dmean2": 0, "median": 105, "min": 105, "dvar2": 0, "dvar": 0, "dmean": 0, "max": 105, "var": 0, "mean": 105}, "bpm": 104.5962677, "bpm_histogram_second_peak_spread": {"dmean2": 0, "median": 0.117647051811, "min": 0.117647051811, "dvar2": 0, "dvar": 0, "dmean": 0, "max": 0.117647051811, "var": 0, "mean": 0.117647051811}, "bpm_histogram_first_peak_weight": {"dmean2": 0, "median": 0.361788630486, "min": 0.361788630486, "dvar2": 0, "dvar": 0, "dmean": 0, "max": 0.361788630486, "var": 0, "mean": 0.361788630486}, "onset_rate": 2.22995448112, "beats_position": [0.394739210606, 0.812698423862, 1.23065757751, 1.64861679077, 2.06657600403, 2.49614500999, 2.92571425438, 3.3785033226, 3.84290242195, 4.3073015213, 4.8994102478, 5.4915189743, 6.07201814651, 6.65251684189, 7.22140598297, 7.77868461609, 8.35918331146, 8.92807197571, 9.49696159363, 10.077460289, 10.6579589844, 11.2384576797, 11.807346344, 12.3762359619, 12.9451246262, 13.5140132904, 14.0829019547, 14.6517915726, 15.2206802368, 15.7895689011, 16.3584575653, 16.9389572144, 17.5078449249, 18.088344574, 18.6688423157, 19.2493419647, 19.8298416138, 20.4103393555, 20.9676189423, 21.5248966217, 22.0937862396, 22.6626758575, 23.2315635681, 23.800453186, 24.3809528351, 24.9498405457, 25.5187301636, 26.0992279053, 26.6681175232, 27.2370071411, 27.8175048828, 28.3980045319, 28.9785022736, 29.5473918915, 30.1162815094, 30.68516922, 31.265668869, 31.8345565796, 32.4150543213, 32.9955558777, 33.5644454956, 34.1333312988, 34.7138328552, 35.2943305969, 35.8632202148, 36.4204978943, 36.9893875122, 37.5698852539, 38.1387748718, 38.7076644897, 39.2881622314, 39.8686599731, 40.4491615295, 41.0180473328, 41.5869369507, 42.1674385071, 42.7479362488, 43.3168258667, 43.8624954224, 44.4197731018, 45.0002708435, 45.5575485229, 46.1380500793, 46.718547821, 47.2990455627, 47.8911552429, 48.4716529846, 49.052154541, 49.6442604065, 50.2363700867, 50.8284797668, 51.4089775085, 51.9778671265, 52.5467567444, 53.1272544861, 53.696144104, 54.2650337219, 54.8455314636, 55.4144210815, 55.9833106995, 56.5638084412, 57.1443061829, 57.7248077393, 58.2936935425, 58.8625831604, 59.4430847168, 60.0235824585, 60.6040802002, 61.1729698181, 61.741859436, 62.3223571777, 63.0305671692, 63.7387733459, 64.5979156494, 65.4570541382, 66.316192627, 67.1753311157, 68.0344696045, 68.9052124023, 69.7759628296, 70.6351013184, 71.4942398071, 72.3533782959, 73.1892929077, 74.0368270874, 74.9191818237, 75.789932251, 76.6490707397, 77.4849853516, 78.3441238403, 79.2032623291, 80.0391845703, 80.8983230591, 81.7458496094, 82.5933761597, 83.4525146484, 84.3116531372, 85.170791626, 86.0299301147, 86.8890686035, 87.7482070923, 88.6189575195, 89.4897003174, 90.3488388062, 91.2079772949, 92.0671157837, 92.9262542725, 93.6228561401, 94.3078460693, 94.9928359985, 95.5501098633, 96.1190032959, 96.6995010376, 97.2683868408, 97.8372802734, 98.4061660767, 98.9866638184, 99.555557251, 100.124443054, 100.704940796, 101.273826599, 101.85433197, 102.458045959, 103.073379517, 103.653877258, 104.257591248, 104.861312866, 105.465034485, 106.068748474, 106.672470093, 107.264579773, 107.856689453, 108.460403442, 109.029296875, 109.598182678, 110.167076111, 110.724349976, 111.293243408, 111.862129211, 112.431015015, 112.999908447, 113.580406189, 114.149291992, 114.729797363, 115.310295105, 115.86756897, 116.448066711, 117.028572083, 117.597457886, 118.166343689, 118.735237122, 119.304122925, 119.884620667, 120.465126038, 121.022399902, 121.602897644, 122.171791077, 122.74067688, 123.321174622, 123.890068054, 124.458953857, 125.02784729, 125.596733093, 126.177230835, 126.757728577, 127.338226318, 127.907119751, 128.476013184, 129.044891357, 129.61378479, 130.194290161, 130.774780273, 131.343673706, 131.912567139, 132.481445312, 133.050338745, 133.619232178, 134.188110352, 134.757003784, 135.337509155, 135.917999268, 136.4868927, 137.055786133, 137.624664307, 138.205169678, 138.77406311, 139.342941284, 139.911834717, 140.503936768, 141.084442139, 141.66494751, 142.245437622, 142.802719116, 143.36000061, 143.917282104, 144.497772217, 145.066665649, 145.635559082, 146.216049194, 146.784942627, 147.365432739, 147.94593811, 148.538040161, 149.153381348, 149.780319214, 150.40725708, 151.034194946], "beats_loudness": {"dmean2": 0.064348064363, "median": 0.0103176962584, "min": 0, "dvar2": 0.0161698684096, "dvar": 0.00549404276535, "dmean": 0.035407230258, "max": 0.530508637428, "var": 0.00397998234257, "mean": 0.0312074944377}, "danceability": 0.933313548565, "bpm_histogram_second_peak_weight": {"dmean2": 0, "median": 0.12195122242, "min": 0.12195122242, "dvar2": 0, "dvar": 0, "dmean": 0, "max": 0.12195122242, "var": 0, "mean": 0.12195122242}, "beats_count": 247, "bpm_histogram_second_peak_bpm": {"dmean2": 0, "median": 70, "min": 70, "dvar2": 0, "dvar": 0, "dmean": 0, "max": 70, "var": 0, "mean": 70}, "bpm_histogram_first_peak_spread": {"dmean2": 0, "median": 0.51891887188, "min": 0.51891887188, "dvar2": 0, "dvar": 0, "dmean": 0, "max": 0.51891887188, "var": 0, "mean": 0.51891887188}, "beats_loudness_band_ratio": {"dmean2": [0.298294454813, 0.360578089952, 0.265713632107, 0.105107083917, 0.0598702132702, 0.00580271054059], "median": [0.206577211618, 0.407515972853, 0.056573599577, 0.0100079486147, 0.00346406502649, 0.000644688960165], "min": [0, 0, 0, 0, 0, 0], "dvar2": [0.0893101394176, 0.122406929731, 0.0857480019331, 0.0419901870191, 0.0197086352855, 0.000249276490649], "dvar": [0.0345539450645, 0.0428519584239, 0.0357791557908, 0.0160197447985, 0.00663815392181, 8.79457147676e-05], "dmean": [0.172046214342, 0.213434889913, 0.153595298529, 0.0571123287082, 0.0327964387834, 0.00321250082925], "max": [0.896695315838, 0.986870288849, 0.996922016144, 0.951699256897, 0.783262848854, 0.0990653261542], "var": [0.0713152885437, 0.0992374569178, 0.0846790373325, 0.0621591061354, 0.00890593603253, 5.80275409447e-05], "mean": [0.273388832808, 0.419873178005, 0.202155083418, 0.117064796388, 0.0396335981786, 0.00236932677217]}}, "lowlevel": {"barkbands_spread": {"dmean2": 1.75454998016, "median": 3.24689626694, "min": 0.075685761869, "dvar2": 15.1830606461, "dvar": 6.74796915054, "dmean": 1.15447390079, "max": 86.3894577026, "var": 31.3664531708, "mean": 4.7870388031}, "melbands_spread": {"dmean2": 2.75959944725, "median": 4.45244550705, "min": 0.18116889894, "dvar2": 39.8277168274, "dvar": 17.7561283112, "dmean": 1.78033518791, "max": 165.611709595, "var": 314.603118896, "mean": 8.24657058716}, "hfc": {"dmean2": 2.46083521843, "median": 1.78923797607, "min": 1.09324352128e-16, "dvar2": 308.114898682, "dvar": 144.28163147, "dmean": 1.71531105042, "max": 712.422363281, "var": 216.939865112, "mean": 4.98146486282}, "barkbands_kurtosis": {"dmean2": 16.2058372498, "median": 9.84368228912, "min": -1.77848136425, "dvar2": 4074.69946289, "dvar": 2031.91442871, "dmean": 11.0442113876, "max": 2326.41308594, "var": 7186.35351562, "mean": 24.9144134521}, "gfcc": {"mean": [-253.827468872, 144.612045288, -77.1484069824, -36.1559715271, -47.569568634, -13.8019361496, -25.4655952454, -12.3649635315, -19.9044322968, -8.16015720367, -17.4452800751, 0.356936603785, -5.40397119522], "icov": [[0.000168387181475, -0.000466188997962, 0.000364839070244, -0.000246995070484, 0.00041465027607, -0.000231422411161, 0.000238858498051, -0.000150425184984, 0.000449598795967, -0.000228573189816, 0.000562149914913, -0.000357434153557, 0.000380631478038], [-0.000466188997962, 0.00232720049098, -0.00124783196952, 0.000867789902259, -0.00128318241332, 0.00171391724143, -0.000552653335035, 0.00109981372952, -0.00162200303748, 0.00170244649053, -0.00177137018181, 0.0018403044669, -0.00107231654692], [0.000364839070244, -0.00124783196952, 0.00145112280734, -0.000855119142216, 0.000999731710181, -0.000260417262325, 0.000287117320113, -0.000646763306577, 0.00118134485092, -0.000759812828619, 0.00157444062643, -0.000996619579382, 0.000775199907366], [-0.000246995070484, 0.000867789902259, -0.000855119142216, 0.00132416398264, -0.000666433421429, 6.14519085502e-05, 5.83991204621e-05, -0.000206021082704, -0.000729267252609, 0.00178658496588, -0.0020278680604, 0.00170391832944, -0.000847867806442], [0.00041465027607, -0.00128318241332, 0.000999731710181, -0.000666433421429, 0.00339869456366, -0.00189951807261, 0.000241474044742, 0.000865636800881, 0.000189615966519, 3.96821924369e-05, 0.00159447605256, -0.0015372952912, 0.00198648590595], [-0.000231422411161, 0.00171391724143, -0.000260417262325, 6.14519085502e-05, -0.00189951807261, 0.00515845464543, -0.00177493796218, 0.000750056351535, 0.00034447730286, -0.000835093029309, 0.000934362004045, 0.0008384748362, 7.71841405367e-06], [0.000238858498051, -0.000552653335035, 0.000287117320113, 5.83991204621e-05, 0.000241474044742, -0.00177493796218, 0.00571797927842, -0.00385291595012, 0.00106728705578, 0.000434666406363, 0.000118815099995, 6.81288947817e-05, 0.000588779919781], [-0.000150425184984, 0.00109981372952, -0.000646763306577, -0.000206021082704, 0.000865636800881, 0.000750056351535, -0.00385291595012, 0.00828102696687, -0.00446968572214, 0.00107972102705, 0.00243382458575, -0.000899566104636, 0.00123388320208], [0.000449598795967, -0.00162200303748, 0.00118134485092, -0.000729267252609, 0.000189615966519, 0.00034447730286, 0.00106728705578, -0.00446968572214, 0.0124953854829, -0.00508969277143, 0.00153148884419, 0.000453628221294, -0.00119519792497], [-0.000228573189816, 0.00170244649053, -0.000759812828619, 0.00178658496588, 3.96821924369e-05, -0.000835093029309, 0.000434666406363, 0.00107972102705, -0.00508969277143, 0.0112666320056, -0.00519414199516, 0.000781652459409, 0.00017342659703], [0.000562149914913, -0.00177137018181, 0.00157444062643, -0.0020278680604, 0.00159447605256, 0.000934362004045, 0.000118815099995, 0.00243382458575, 0.00153148884419, -0.00519414199516, 0.0133316405118, -0.00757383927703, 0.00441812537611], [-0.000357434153557, 0.0018403044669, -0.000996619579382, 0.00170391832944, -0.0015372952912, 0.0008384748362, 6.81288947817e-05, -0.000899566104636, 0.000453628221294, 0.000781652459409, -0.00757383927703, 0.0138442870229, -0.00487996358424], [0.000380631478038, -0.00107231654692, 0.000775199907366, -0.000847867806442, 0.00198648590595, 7.71841405367e-06, 0.000588779919781, 0.00123388320208, -0.00119519792497, 0.00017342659703, 0.00441812537611, -0.00487996358424, 0.0128091722727]], "cov": [[26223.0058594, 4648.70947266, -1304.02246094, 1183.45153809, -1279.9395752, -1240.0682373, -1244.59594727, -703.943847656, -491.241699219, -696.849609375, -173.645202637, -330.509460449, -10.9734611511], [4648.70947266, 2645.36816406, 1022.29705811, 298.658416748, -292.920959473, -854.951477051, -404.594818115, -278.363891602, -58.3011398315, -318.37411499, 6.9233622551, -141.46635437, 75.1592178345], [-1304.02246094, 1022.29705811, 2682.54003906, 1085.72277832, -356.416381836, -405.954589844, 86.6344146729, 250.688400269, 0.482359141111, -292.059448242, -160.580673218, -159.47756958, 59.8704948425], [1183.45153809, 298.658416748, 1085.72277832, 2027.50402832, -77.433013916, -55.0171890259, 48.7026023865, 177.977264404, -45.8818435669, -343.316375732, -96.4868392944, -203.915664673, 6.95274066925], [-1279.9395752, -292.920959473, -356.416381836, -77.433013916, 656.26159668, 299.194824219, 60.8809127808, -80.3755645752, -10.488658905, 28.0418815613, 2.69286346436, 17.0791950226, -62.834941864], [-1240.0682373, -854.951477051, -405.954589844, -55.0171890259, 299.194824219, 605.212524414, 234.268875122, 99.2758865356, -1.92796528339, 77.5875549316, -72.2507171631, -3.42101049423, -58.505569458], [-1244.59594727, -404.594818115, 86.6344146729, 48.7026023865, 60.8809127808, 234.268875122, 433.646484375, 269.915985107, 43.6362800598, -16.8958721161, -104.623374939, -37.8785247803, -28.4658374786], [-703.943847656, -278.363891602, 250.688400269, 177.977264404, -80.3755645752, 99.2758865356, 269.915985107, 381.352996826, 88.798324585, -39.791217804, -131.873214722, -52.1720542908, -8.07888889313], [-491.241699219, -58.3011398315, 0.482359141111, -45.8818435669, -10.488658905, -1.92796528339, 43.6362800598, 88.798324585, 140.48550415, 54.6309776306, -10.3240423203, -3.77586317062, 12.2100782394], [-696.849609375, -318.37411499, -292.059448242, -343.316375732, 28.0418815613, 77.5875549316, -16.8958721161, -39.791217804, 54.6309776306, 233.826156616, 101.201782227, 76.7245407104, -14.525636673], [-173.645202637, 6.9233622551, -160.580673218, -96.4868392944, 2.69286346436, -72.2507171631, -104.623374939, -131.873214722, -10.3240423203, 101.201782227, 220.218170166, 101.967704773, -13.2347021103], [-330.509460449, -141.46635437, -159.47756958, -203.915664673, 17.0791950226, -3.42101049423, -37.8785247803, -52.1720542908, -3.77586317062, 76.7245407104, 101.967704773, 153.738235474, 20.2609634399], [-10.9734611511, 75.1592178345, 59.8704948425, 6.95274066925, -62.834941864, -58.505569458, -28.4658374786, -8.07888889313, 12.2100782394, -14.525636673, -13.2347021103, 20.2609634399, 107.010307312]]}, "spectral_energyband_middle_low": {"dmean2": 0.00565351732075, "median": 0.00330025888979, "min": 2.00030386886e-22, "dvar2": 0.000533744285349, "dvar": 0.000271478376817, "dmean": 0.003892702749, "max": 0.682019293308, "var": 0.00101969880052, "mean": 0.0131000140682}, "melbands_crest": {"dmean2": 3.57361388206, "median": 18.2157897949, "min": 1.60218238831, "dvar2": 17.8832035065, "dvar": 7.20568323135, "dmean": 2.29139566422, "max": 35.8187675476, "var": 38.6729011536, "mean": 18.5959014893}, "spectral_kurtosis": {"dmean2": 25.7794361115, "median": 39.5574417114, "min": -1.24918353558, "dvar2": 1039.32055664, "dvar": 442.50881958, "dmean": 16.124797821, "max": 502.374969482, "var": 2608.35009766, "mean": 56.922164917}, "spectral_rms": {"dmean2": 0.000576588150579, "median": 0.00210492685437, "min": 3.1406977713e-12, "dvar2": 1.72315321834e-06, "dvar": 8.49172238304e-07, "dmean": 0.00040143384831, "max": 0.0259599555284, "var": 7.22253844287e-06, "mean": 0.00280651263893}, "zerocrossingrate": {"dmean2": 0.00436036800966, "median": 0.0224609375, "min": 0.00390625, "dvar2": 0.000104019840364, "dvar": 6.196727918e-05, "dmean": 0.00347696221434, "max": 0.5263671875, "var": 0.00441110180691, "mean": 0.0370229482651}, "silence_rate_60dB": {"dmean2": 0.0672166198492, "median": 0, "min": 0, "dvar2": 0.068196952343, "dvar": 0.032474052161, "dmean": 0.0336031764746, "max": 1, "var": 0.245579183102, "mean": 0.433414787054}, "erbbands_kurtosis": {"dmean2": 6.09472990036, "median": 3.82472705841, "min": -1.72243702412, "dvar2": 263.331420898, "dvar": 127.205978394, "dmean": 4.29712200165, "max": 408.526153564, "var": 1344.33435059, "mean": 13.4904680252}, "erbbands": {"dmean2": [0.00164494954515, 0.101484023035, 1.10041499138, 1.58940172195, 9.25531673431, 14.2476663589, 9.86221694946, 7.07060718536, 6.35027694702, 1.65502083302, 2.91701126099, 4.35911417007, 5.79828691483, 1.64562273026, 0.805988907814, 1.60153996944, 0.875490009785, 1.52950310707, 2.87892723083, 3.25994706154, 3.57618141174, 3.25260138512, 0.528145611286, 0.789457976818, 0.38444018364, 1.02143526077, 1.12451577187, 2.01055073738, 0.597397327423, 0.198935210705, 0.306196153164, 0.0693704336882, 0.0836110115051, 0.0585163682699, 0.0222210902721, 0.00554269459099, 0.00154909386765, 0.000459196453448, 2.61096047325e-05, 7.99738973001e-06], "median": [0.000434937363025, 0.0118713807315, 0.0653162896633, 0.0424026176333, 0.171568214893, 2.09683942795, 3.70946216583, 6.01908779144, 1.86185216904, 0.50202691555, 0.810165405273, 2.07626914978, 2.85038518906, 0.774151027203, 0.434979021549, 0.607692122459, 0.252873450518, 0.187504962087, 0.196168899536, 0.113351516426, 0.0398247949779, 0.0198930539191, 0.00984390918165, 0.00832099840045, 0.00430361088365, 0.00174187496305, 0.00176669238135, 0.00115628272761, 0.000661677564494, 0.000535930681508, 0.000451066094683, 0.000360093079507, 0.000296194746625, 0.000214540399611, 0.000147625076352, 8.68499191711e-05, 0.000159778894158, 0.000807506090496, 2.39302353293e-05, 5.46792944078e-06], "min": [7.96927291967e-23, 4.77772887806e-22, 2.55380058781e-21, 2.08946307407e-21, 7.79555527227e-21, 1.03444864805e-20, 4.83564551596e-20, 3.10937483064e-20, 9.06294298913e-20, 1.5542569906e-19, 2.29561050601e-19, 4.49323578161e-19, 5.42212755625e-19, 8.28990587131e-19, 6.47894332962e-19, 1.33114515704e-18, 1.85525982125e-18, 2.09611475649e-18, 2.57748837807e-18, 2.76021464333e-18, 3.55625955724e-18, 4.29473621604e-18, 4.93517294709e-18, 7.53255481209e-18, 7.60123892707e-18, 7.72292960289e-18, 9.97051746636e-18, 1.06321709665e-17, 1.16320611007e-17, 1.0800185411e-17, 1.08177828514e-17, 9.393068471e-18, 9.1293682548e-18, 7.69084492129e-18, 4.87153339307e-18, 3.96098414171e-18, 2.21299206832e-18, 1.00758953133e-18, 2.48222529564e-19, 2.82330895608e-20], "dvar2": [1.6955900719e-05, 0.0765895470977, 20.8743286133, 61.1301307678, 2568.69091797, 5559.50439453, 1661.46240234, 2998.91748047, 5292.984375, 168.248260498, 987.509338379, 311.688812256, 591.453857422, 88.7979202271, 32.6736869812, 119.745361328, 30.029466629, 240.687591553, 2431.97045898, 6812.54345703, 4754.46826172, 5724.45654297, 95.2252349854, 148.231414795, 27.8202342987, 1444.65393066, 1277.3671875, 4069.39013672, 287.769104004, 12.8648138046, 70.7436218262, 1.04803454876, 1.70194530487, 2.01017189026, 0.255604892969, 0.00751394405961, 0.000699636351783, 4.23533019784e-05, 8.86050983695e-08, 9.55211021392e-10], "dvar": [6.46495982437e-06, 0.0294924639165, 8.07363796234, 26.8017292023, 1271.89526367, 2649.85620117, 554.821105957, 2103.79174805, 5694.38818359, 116.986030579, 544.370727539, 182.146652222, 283.996704102, 78.3076324463, 16.5357017517, 59.9664726257, 17.0250320435, 104.047180176, 1318.70251465, 2801.42529297, 1793.29772949, 3470.56396484, 53.9352264404, 51.4075012207, 10.9927015305, 498.763366699, 458.421234131, 1427.71923828, 102.226676941, 4.55815219879, 24.9636974335, 0.412031918764, 0.612813532352, 0.851052045822, 0.105385407805, 0.00312618142925, 0.000264100497589, 1.59414921654e-05, 3.22810862485e-08, 4.60849913786e-10], "dmean": [0.000968098291196, 0.0598590821028, 0.667297244072, 1.00278317928, 5.77698278427, 9.0756521225, 6.32468175888, 6.07956361771, 6.51677942276, 1.33163523674, 2.15358710289, 3.84346747398, 4.35209178925, 1.38562071323, 0.683900475502, 1.17391383648, 0.655136346817, 1.09232103825, 2.14272618294, 2.06714129448, 2.14817690849, 2.04572582245, 0.354228168726, 0.46447584033, 0.239186286926, 0.56002509594, 0.631285250187, 1.08634912968, 0.329837113619, 0.11107032001, 0.170174613595, 0.0435724183917, 0.0476037189364, 0.0358432717621, 0.0135743850842, 0.00336641003378, 0.000907870358787, 0.000286710594082, 1.53884557221e-05, 5.41662711839e-06], "max": [0.064239948988, 5.43609619141, 110.56993866, 262.544555664, 1621.47424316, 2517.2956543, 506.1456604, 3200.62866211, 4543.66650391, 506.51663208, 1136.59191895, 334.551025391, 602.641052246, 564.742370605, 261.503417969, 575.307128906, 284.770080566, 408.32623291, 2712.60522461, 3720.88085938, 1983.66784668, 3918.9140625, 520.956848145, 297.683624268, 192.085128784, 1332.85229492, 1308.33007812, 1699.73461914, 449.505828857, 109.413414001, 292.170227051, 38.2539482117, 35.2601280212, 55.0399360657, 18.1079463959, 3.22811985016, 0.740714371204, 0.195738464594, 0.00615910254419, 0.00075687514618], "var": [1.95245374925e-05, 0.0696347504854, 16.207233429, 345.777618408, 2926.54980469, 7649.31787109, 2044.92089844, 15839.9462891, 29987.1660156, 506.210510254, 1844.00854492, 862.032165527, 1008.6262207, 388.028717041, 66.1158065796, 148.029403687, 41.7103996277, 132.597915649, 1728.3338623, 2486.14672852, 1306.8067627, 5691.15234375, 75.072303772, 31.0440120697, 9.29441642761, 278.66027832, 282.429443359, 827.15612793, 61.5476303101, 2.75862884521, 14.9734153748, 0.356987893581, 0.393232613802, 0.707784056664, 0.0854551717639, 0.00271686934866, 0.000189489568584, 1.10727496576e-05, 2.10390336264e-08, 1.47598666622e-09], "mean": [0.00224906718358, 0.1224604249, 1.37020218372, 4.86902236938, 11.888376236, 22.338092804, 21.4680080414, 30.6191921234, 20.1785907745, 4.12228012085, 6.49822759628, 14.0477304459, 13.4973754883, 4.24788951874, 2.10690641403, 2.84008216858, 1.43684196472, 1.58800208569, 2.6046333313, 1.93163537979, 1.78542113304, 2.34421014786, 0.39652043581, 0.413690149784, 0.240295603871, 0.366744488478, 0.442724645138, 0.64957511425, 0.213597804308, 0.0823123753071, 0.116164460778, 0.0420994758606, 0.0358064323664, 0.0266031809151, 0.00995825231075, 0.00254813279025, 0.00076305604307, 0.000841088534798, 3.1816703995e-05, 1.7669162844e-05]}, "spectral_strongpeak": {"dmean2": 0.292745709419, "median": 0.644218504429, "min": 0, "dvar2": 0.330876350403, "dvar": 0.157852709293, "dmean": 0.193726241589, "max": 9.55309391022, "var": 0.739953458309, "mean": 0.834235429764}, "spectral_energy": {"dmean2": 0.00676266336814, "median": 0.00454148650169, "min": 1.01105817752e-20, "dvar2": 0.000630935770459, "dvar": 0.000314595265081, "dmean": 0.00460922112688, "max": 0.690767288208, "var": 0.0011523385765, "mean": 0.0154765732586}, "average_loudness": 0.035610627383, "spectral_rolloff": {"dmean2": 151.030654907, "median": 538.330078125, "min": 107.666015625, "dvar2": 246406.84375, "dvar": 140122.03125, "dmean": 88.7468948364, "max": 20284.2773438, "var": 6226859, "mean": 994.841125488}, "spectral_centroid": {"dmean2": 91.8797225952, "median": 428.120269775, "min": 133.416351318, "dvar2": 98261.34375, "dvar": 51127.6757812, "dmean": 60.8792037964, "max": 11713.2685547, "var": 1979759.875, "mean": 732.581481934}, "pitch_salience": {"dmean2": 0.0783192068338, "median": 0.438004374504, "min": 0.0235114917159, "dvar2": 0.00896960776299, "dvar": 0.00362899247557, "dmean": 0.0496966987848, "max": 0.991754174232, "var": 0.0166096221656, "mean": 0.4337233603}, "spectral_energyband_middle_high": {"dmean2": 0.000324803462718, "median": 0.000109877146315, "min": 1.11137208293e-21, "dvar2": 9.80991899269e-06, "dvar": 5.38103950021e-06, "dmean": 0.000245404837187, "max": 0.12551510334, "var": 8.2432434283e-06, "mean": 0.000476762623293}, "spectral_contrast_coeffs": {"dmean2": [0.0658194869757, 0.0540310256183, 0.052014708519, 0.0449659787118, 0.0303583499044, 0.0246768519282], "median": [-0.576218485832, -0.596989274025, -0.643034219742, -0.721297740936, -0.80582678318, -0.855577230453], "min": [-0.980987548828, -0.980609595776, -0.983452260494, -0.971747338772, -0.967861890793, -0.964759588242], "dvar2": [0.00296618440188, 0.00246922019869, 0.00275578955188, 0.00194086856209, 0.000927529705223, 0.000785880314652], "dvar": [0.00116997549776, 0.00106429541484, 0.00134663796052, 0.000855439458974, 0.000489446334541, 0.000413388945162], "dmean": [0.0393971204758, 0.0335413739085, 0.0340792648494, 0.0290144030005, 0.0211197119206, 0.0168275758624], "max": [-0.193706423044, -0.249971821904, -0.386674195528, -0.505090534687, -0.584583103657, -0.55638384819], "var": [0.0238272510469, 0.0243640337139, 0.0114384358749, 0.0091812685132, 0.00572418607771, 0.00335590727627], "mean": [-0.59310990572, -0.633479475975, -0.644877552986, -0.738624572754, -0.797302901745, -0.831726193428]}, "melbands_skewness": {"dmean2": 0.87812435627, "median": 1.46159791946, "min": -6.96900033951, "dvar2": 1.56945168972, "dvar": 0.679159343243, "dmean": 0.569036126137, "max": 15.825012207, "var": 3.56398272514, "mean": 1.43771660328}, "spectral_spread": {"dmean2": 735714.5, "median": 1710245, "min": 301814.75, "dvar2": 1769041166340.0, "dvar": 854765666304, "dmean": 447521, "max": 42472032, "var": 26685468573700.0, "mean": 2661243}, "dissonance": {"dmean2": 0.0749292299151, "median": 0.329454243183, "min": 0.0400985889137, "dvar2": 0.00523595465347, "dvar": 0.00202249293216, "dmean": 0.045284781605, "max": 0.499999970198, "var": 0.00908329058439, "mean": 0.321444571018}, "spectral_skewness": {"dmean2": 1.41918635368, "median": 4.99390602112, "min": -0.0922447293997, "dvar2": 2.08517241478, "dvar": 0.97508263588, "dmean": 0.893873870373, "max": 20.1587257385, "var": 7.4031329155, "mean": 5.54332780838}, "spectral_flux": {"dmean2": 0.0230355765671, "median": 0.0110404491425, "min": 6.33029670349e-11, "dvar2": 0.002777853515, "dvar": 0.00115532299969, "dmean": 0.0146180782467, "max": 0.614561259747, "var": 0.00164338713512, "mean": 0.0246902052313}, "spectral_contrast_valleys": {"dmean2": [0.781605958939, 0.605948984623, 0.619058132172, 0.644855678082, 0.533019065857, 0.429739296436], "median": [-9.18265914917, -9.06330871582, -9.76114082336, -11.0633649826, -11.6345758438, -13.5581016541], "min": [-28.3517837524, -27.8101959229, -27.8002490997, -27.742641449, -27.5097885132, -27.3744525909], "dvar2": [0.462648719549, 0.349033772945, 0.402174949646, 0.523676276207, 0.458169907331, 0.420639723539], "dvar": [0.199454382062, 0.168848991394, 0.20723362267, 0.275300621986, 0.250675052404, 0.205920681357], "dmean": [0.473241835833, 0.37676024437, 0.401840209961, 0.435111880302, 0.372349739075, 0.273701518774], "max": [-5.49285793304, -5.50939941406, -6.29487419128, -5.89627933502, -5.22308969498, -7.78055381775], "var": [7.80880022049, 7.20734167099, 6.42536687851, 5.66127252579, 5.18985462189, 3.86468648911], "mean": [-9.72922420502, -9.41465759277, -10.1064920425, -11.2436094284, -11.7437210083, -13.7405767441]}, "erbbands_flatness_db": {"dmean2": 0.0256666913629, "median": 0.329929292202, "min": 0.0783939510584, "dvar2": 0.00109452474862, "dvar": 0.000593688746449, "dmean": 0.0190312732011, "max": 0.628240525723, "var": 0.00752443401143, "mean": 0.322285085917}, "spectral_energyband_high": {"dmean2": 8.43760135467e-05, "median": 7.46802811591e-07, "min": 6.87264142851e-21, "dvar2": 6.20338505541e-06, "dvar": 2.21791697186e-06, "dmean": 4.82716495753e-05, "max": 0.0834711492062, "var": 1.35588663852e-06, "mean": 3.38397003361e-05}, "spectral_entropy": {"dmean2": 0.315948992968, "median": 5.4368262291, "min": 3.09961128235, "dvar2": 0.194884523749, "dvar": 0.0918887853622, "dmean": 0.219594866037, "max": 9.82823467255, "var": 0.91308182478, "mean": 5.46487665176}, "silence_rate_20dB": {"dmean2": 0.00183318054769, "median": 1, "min": 0, "dvar2": 0.00183013814967, "dvar": 0.00091569556389, "dmean": 0.000916450284421, "max": 1, "var": 0.00122020731214, "mean": 0.998778223991}, "melbands_flatness_db": {"dmean2": 0.035138592124, "median": 0.412465035915, "min": 0.00265720789321, "dvar2": 0.0021098558791, "dvar": 0.00108202407137, "dmean": 0.0249346513301, "max": 0.828215062618, "var": 0.0140682151541, "mean": 0.423319756985}, "barkbands": {"dmean2": [8.70440430845e-07, 0.000277793471469, 0.00113463890739, 0.000614890421275, 0.00412933062762, 0.000851097924169, 0.000290591269732, 0.000138343806611, 0.000230142322835, 0.000100920042314, 2.49208806054e-05, 5.17949374625e-05, 1.65226483659e-05, 4.65552075184e-05, 7.82361021265e-05, 4.09630774811e-05, 6.03250664426e-05, 7.318732969e-06, 1.36739618029e-05, 1.91276485566e-05, 3.55962511094e-05, 1.85886001418e-05, 9.45640385908e-06, 4.14205987909e-06, 4.22417360824e-06, 1.00153056337e-06, 2.0541743595e-07], "median": [1.32406881903e-07, 3.24225402437e-05, 4.61084709968e-05, 6.47581873636e-06, 0.000754958658945, 0.000696236733347, 9.24157666304e-06, 1.85663429875e-05, 0.000108767620986, 1.89745514945e-05, 1.66014410752e-06, 2.09889876714e-05, 3.518003723e-06, 3.62877199223e-06, 2.08336041396e-06, 3.19032039897e-07, 1.74282533294e-07, 1.47329330957e-07, 1.01884403136e-07, 3.98813284619e-08, 3.8597171681e-08, 1.68753331309e-08, 1.57639128417e-08, 1.67610494373e-08, 1.92321252257e-08, 1.32980302325e-08, 5.07663344251e-07], "min": [1.50136229349e-25, 2.20374782254e-24, 3.0411736675e-25, 4.45969003524e-25, 4.63216599191e-24, 5.56198529684e-24, 5.72975234555e-24, 5.64665216008e-24, 1.70461892229e-23, 1.63236746752e-23, 1.47835657528e-23, 2.23978768242e-23, 3.67305691266e-23, 3.49016550712e-23, 4.39865464427e-23, 5.25645094855e-23, 7.8598976707e-23, 8.18501123112e-23, 1.43340646048e-22, 1.43929742129e-22, 2.51514125377e-22, 3.46257052157e-22, 3.62984639393e-22, 5.13551175602e-22, 7.93154529978e-22, 1.29863690808e-21, 2.0108589035e-21], "dvar2": [8.35117218434e-12, 4.69675171644e-07, 2.78452971543e-05, 1.08406657091e-05, 0.000423035293352, 2.3118682293e-05, 1.59567607625e-05, 2.41632255893e-06, 8.31246154576e-07, 2.61402561819e-07, 3.31847616053e-08, 1.27267028915e-07, 1.37400872902e-08, 1.62652881386e-07, 4.58636850453e-06, 6.44560088858e-07, 2.04381876756e-06, 1.60789443981e-08, 2.92817450287e-08, 4.95390565902e-07, 1.17705735647e-06, 2.7629903343e-07, 6.27205523074e-08, 3.61299723473e-09, 1.01469508351e-08, 2.40490599657e-10, 3.38439324309e-12], "dvar": [4.22634887157e-12, 1.74789619223e-07, 1.05748122223e-05, 5.39333450433e-06, 0.000205047006602, 1.49316147144e-05, 1.69691829797e-05, 1.47247351379e-06, 4.870128123e-07, 1.44872885244e-07, 3.43513768541e-08, 6.18611366576e-08, 6.96920166021e-09, 6.42542659079e-08, 2.10709072235e-06, 2.24232451274e-07, 1.3215128547e-06, 5.99353544573e-09, 1.05451896104e-08, 1.71108638369e-07, 4.20789518785e-07, 9.75320872953e-08, 2.2116939391e-08, 1.33341226949e-09, 4.22249879506e-09, 9.60404394901e-11, 1.24499282411e-12], "dmean": [5.34784646788e-07, 0.000161311414558, 0.000690574175678, 0.000389524357161, 0.00262517342344, 0.000646227737889, 0.000304587447317, 0.000101307421573, 0.000205462463782, 6.44629326416e-05, 2.2423801056e-05, 3.92422334698e-05, 1.15718066809e-05, 3.29435169988e-05, 5.39190077689e-05, 2.42700243689e-05, 4.44273027824e-05, 4.49373646916e-06, 8.18057924334e-06, 1.04928667497e-05, 1.99993355636e-05, 1.01456753328e-05, 5.23469407199e-06, 2.43831004809e-06, 2.58216527982e-06, 5.97830421611e-07, 1.30561076617e-07], "max": [0.000123520047055, 0.00921184942126, 0.122143223882, 0.145259946585, 0.644380152225, 0.260816693306, 0.249660432339, 0.0639083981514, 0.0221375282854, 0.0252631790936, 0.0137054119259, 0.0159390717745, 0.00367589271627, 0.00993288960308, 0.108256213367, 0.0209462307394, 0.0861367657781, 0.00339839118533, 0.00385897513479, 0.0246997084469, 0.0350384898484, 0.0142053328454, 0.00864394195378, 0.00159709027503, 0.00373738235794, 0.000482677831315, 4.5582302846e-05], "var": [1.65113703959e-11, 5.86725150242e-07, 2.53472171607e-05, 8.92297466635e-05, 0.000513878709171, 0.000112254572741, 8.76341509866e-05, 5.68126324652e-06, 2.3053055429e-06, 5.00207931964e-07, 1.65307568523e-07, 1.74670432784e-07, 1.35797986189e-08, 6.7872974796e-08, 2.22842231778e-06, 1.33041169192e-07, 2.06984464057e-06, 4.52619675073e-09, 7.16753367769e-09, 9.58726289468e-08, 2.55952500083e-07, 5.75777576728e-08, 1.32594930591e-08, 9.41906885821e-10, 3.43562378546e-09, 7.72555630579e-11, 8.59825665528e-13], "mean": [7.36497156595e-07, 0.000337245932315, 0.00153918843716, 0.00208430550992, 0.00620717462152, 0.00296435412019, 0.000764640222769, 0.000310743344016, 0.000741397554521, 0.000131759123178, 6.0548838519e-05, 0.000101245044789, 2.43480008066e-05, 4.52702952316e-05, 5.16671534569e-05, 2.0048360966e-05, 4.45577315986e-05, 4.93791776535e-06, 7.44527187635e-06, 6.902113455e-06, 1.31720562422e-05, 6.4345458668e-06, 3.53529185304e-06, 2.0811860395e-06, 1.87754949366e-06, 4.41166378096e-07, 4.95892777508e-07]}, "erbbands_skewness": {"dmean2": 0.6944693923, "median": 1.20211863518, "min": -4.56289434433, "dvar2": 1.32021403313, "dvar": 0.573512256145, "dmean": 0.4906424582, "max": 14.5482234955, "var": 2.83551239967, "mean": 1.35485267639}, "erbbands_spread": {"dmean2": 3.5360045433, "median": 8.4304561615, "min": 0.24723751843, "dvar2": 56.307434082, "dvar": 24.0408725739, "dmean": 2.44801807404, "max": 104.377632141, "var": 89.2245635986, "mean": 10.6004590988}, "melbands_kurtosis": {"dmean2": 9.31422424316, "median": 6.63616657257, "min": -1.85266542435, "dvar2": 531.67364502, "dvar": 214.986557007, "dmean": 5.88012647629, "max": 393.613067627, "var": 407.682067871, "mean": 12.4028158188}, "melbands": {"dmean2": [4.10208085668e-05, 0.000423187710112, 0.000423627410783, 0.000974061549641, 0.000380821496947, 0.000157557398779, 8.57779887156e-05, 2.1081072191e-05, 2.0706504074e-05, 3.29345202772e-05, 2.91881078738e-05, 6.7429241426e-06, 2.54633118857e-06, 4.45781370217e-06, 4.24098425356e-06, 1.87469254342e-06, 3.22508662975e-06, 4.38603456132e-06, 7.97892425908e-06, 1.768249831e-06, 5.48127763977e-06, 4.30340196544e-06, 7.91075024154e-07, 3.68130145034e-07, 7.15698945442e-07, 3.60154160717e-07, 1.55189070483e-07, 8.91531158231e-07, 7.67220001308e-07, 3.91935316202e-07, 1.65076698977e-06, 3.92264354332e-07, 6.45955111622e-08, 1.24505262988e-07, 2.58331425584e-07, 3.91051635518e-08, 3.92484906797e-08, 5.81229180341e-08, 5.30399439924e-08, 5.42963611849e-08], "median": [6.1968476075e-06, 2.79991891148e-05, 8.56894803292e-06, 5.97954531258e-05, 0.0