{"tonal": {"thpcp": [1, 0.526645958424, 0.144399657845, 0.10373968631, 0.109596535563, 0.445108175278, 0.767613351345, 0.483980596066, 0.303409099579, 0.439685106277, 0.317825585604, 0.208601474762, 0.244903668761, 0.180744990706, 0.267333060503, 0.391959220171, 0.241290166974, 0.104107625782, 0.0964718312025, 0.142905846238, 0.569163203239, 0.932569146156, 0.567401766777, 0.162138462067, 0.0912674665451, 0.0755203813314, 0.146494656801, 0.193042770028, 0.153400406241, 0.368376940489, 0.571846842766, 0.359104663134, 0.234945088625, 0.218921452761, 0.205348879099, 0.69556003809], "hpcp": {"dmean2": [0.0975094810128, 0.103942245245, 0.207305401564, 0.2678386271, 0.244375690818, 0.196178108454, 0.186921536922, 0.169308930635, 0.139252409339, 0.118891656399, 0.0982036441565, 0.117672353983, 0.140222802758, 0.128085136414, 0.0945221111178, 0.0935956984758, 0.122443266213, 0.238808989525, 0.271441489458, 0.248452425003, 0.136935636401, 0.072834700346, 0.0676413401961, 0.113836787641, 0.125268638134, 0.100175738335, 0.164611205459, 0.205470114946, 0.184213250875, 0.142962291837, 0.145685434341, 0.164923205972, 0.273746222258, 0.281502455473, 0.231703296304, 0.138207405806], "median": [0.00914623960853, 0.011324416846, 0.112628772855, 0.207859650254, 0.128368496895, 0.0460132099688, 0.0387972705066, 0.0376483052969, 0.0346595793962, 0.0264857336879, 0.0233094990253, 0.0569426417351, 0.0609006993473, 0.0366523079574, 0.0137897692621, 0.0117129338905, 0.0218533724546, 0.164985775948, 0.290355831385, 0.165188848972, 0.0184990204871, 0.00767359463498, 0.00662937946618, 0.0198442675173, 0.0299590751529, 0.0318501405418, 0.0739888250828, 0.10943120718, 0.0723770260811, 0.0394773930311, 0.0336307436228, 0.0350198112428, 0.215445384383, 0.330614030361, 0.141574710608, 0.0140552781522], "min": [0, 0, 0, 0, 0, 0, 0, 0, 0, 0, 0, 0, 0, 0, 0, 0, 0, 0, 0, 0, 0, 0, 0, 0, 0, 0, 0, 0, 0, 0, 0, 0, 0, 0, 0, 0], "dvar2": [0.0472038127482, 0.0428106039762, 0.0678219273686, 0.0957256928086, 0.089239872992, 0.0764559134841, 0.0843809768558, 0.0719328001142, 0.0586462877691, 0.0551504865289, 0.0407470576465, 0.0346388481557, 0.0517896078527, 0.0522676259279, 0.0499401725829, 0.0499597787857, 0.0512098148465, 0.0806757733226, 0.0882496163249, 0.0845838040113, 0.0505808927119, 0.0241850540042, 0.0316040813923, 0.06670062989, 0.0654082074761, 0.0417366027832, 0.0612956993282, 0.07708414644, 0.0730119869113, 0.058191947639, 0.0736335143447, 0.0836982801557, 0.111432164907, 0.108725100756, 0.106497228146, 0.0741162598133], "dvar": [0.0174126960337, 0.0155530069023, 0.0259819235653, 0.0403984561563, 0.0332782045007, 0.0279847234488, 0.0373344086111, 0.0283536240458, 0.0213753134012, 0.0218059699982, 0.0153805892915, 0.0129271447659, 0.0207771044225, 0.0186034869403, 0.0173053704202, 0.0176649838686, 0.0182215943933, 0.0316031686962, 0.0410114265978, 0.0348022021353, 0.0187726933509, 0.00894444342703, 0.0111302649602, 0.026813166216, 0.0265564788133, 0.0151625014842, 0.0233343727887, 0.0345181263983, 0.0286767631769, 0.0213878490031, 0.0263315662742, 0.0285346060991, 0.0424941591918, 0.0484530515969, 0.0384591221809, 0.0270432271063], "dmean": [0.0541386418045, 0.0575665235519, 0.124971248209, 0.163943603635, 0.143680930138, 0.113117359579, 0.112659543753, 0.101343162358, 0.0794300511479, 0.0686524286866, 0.0564823001623, 0.0692104175687, 0.0834179222584, 0.0734228938818, 0.0515943467617, 0.0509766936302, 0.068393997848, 0.14578653872, 0.169426381588, 0.151698380709, 0.0785465314984, 0.0410016998649, 0.037491440773, 0.0642218217254, 0.0721234604716, 0.0582003518939, 0.100190341473, 0.128851249814, 0.110645085573, 0.0833090990782, 0.0831387415528, 0.0916352197528, 0.166245043278, 0.171256020665, 0.137209802866, 0.0770173147321], "max": [1, 1, 1, 1, 1, 1, 1, 1, 1, 1, 1, 1, 1, 1, 1, 1, 1, 1, 1, 1, 1, 1, 1, 1, 1, 1, 1, 1, 1, 1, 1, 1, 1, 1, 1, 1], "var": [0.0150580191985, 0.0124223502353, 0.045019172132, 0.110975325108, 0.0506340190768, 0.0385300815105, 0.092353515327, 0.0476821064949, 0.022660298273, 0.0523767545819, 0.0273380670696, 0.0242455396801, 0.0684947371483, 0.027400540188, 0.0119973737746, 0.0122395642102, 0.0150385256857, 0.0602582469583, 0.126834586263, 0.0619326531887, 0.0182015821338, 0.00965228769928, 0.00866212043911, 0.0241590235382, 0.0280717872083, 0.0137728871778, 0.0439007505774, 0.0960158258677, 0.0431941151619, 0.0278623178601, 0.0281138680875, 0.0232815667987, 0.0823201313615, 0.142323359847, 0.0597808733582, 0.0214954838157], "mean": [0.0457173995674, 0.0482984744012, 0.19615624845, 0.338282167912, 0.213287070394, 0.13371039927, 0.193766340613, 0.140063643456, 0.0919293016195, 0.107927441597, 0.0796531289816, 0.117811925709, 0.172733858228, 0.106334991753, 0.0458795465529, 0.0425145030022, 0.0629776716232, 0.250826478004, 0.410977095366, 0.250050246716, 0.0714533552527, 0.0402209721506, 0.0332813374698, 0.0645592361689, 0.0850726813078, 0.0676025524735, 0.162341296673, 0.252009153366, 0.158255070448, 0.103538759053, 0.0964772477746, 0.0904959067702, 0.306528747082, 0.440693438053, 0.232089415193, 0.063635982573]}, "tuning_equal_tempered_deviation": 0.00784504786134, "chords_changes_rate": 0.0555987544358, "key_key": "G#", "tuning_diatonic_strength": 0.52980953455, "key_scale": "minor", "chords_number_rate": 0.0021384137217, "tuning_frequency": 438.731048584, "tuning_nontempered_energy_ratio": 0.632325708866, "chords_histogram": [30.7542762756, 10.5948677063, 20.4898910522, 2.89657855034, 0.835925340652, 5.73483657837, 1.06920683384, 13.0637636185, 0.835925340652, 1.7690513134, 0.991446316242, 0.0777604952455, 0, 2.39113521576, 0.50544321537, 0.0972006246448, 0.0388802476227, 0, 0, 0, 0, 1.7884914875, 6.02643871307, 0.0388802476227], "key_strength": 0.734705865383, "chords_key": "G#", "chords_strength": {"dmean2": 0.00665952078998, "median": 0.480610758066, "min": -1, "dvar2": 0.000822852889542, "dvar": 0.00042422109982, "dmean": 0.00672349939123, "max": 0.67114764452, "var": 0.0442954897881, "mean": 0.449251353741}, "chords_scale": "minor", "hpcp_entropy": {"dmean2": 0.831545650959, "median": 1.86676859856, "min": 0, "dvar2": 0.547792375088, "dvar": 0.206627249718, "dmean": 0.502875745296, "max": 4.28388166428, "var": 0.531596541405, "mean": 1.80833208561}}, "metadata": {"audio_properties": {"equal_loudness": 0, "codec": "flac", "downmix": "mix", "sample_rate": 44100, "analysis_sample_rate": 44100, "bit_rate": 0, "md5_encoded": "ab0bceeea7436ddcddac9d556a5a5966", "length": 238.800003052, "replay_gain": -12.6023769379, "lossless": true}, "version": {"essentia_build_sha": "2d9f1f26377add8aeb1075a9c2973f962c4f09fd", "essentia": "2.1-beta2", "extractor": "music 1.0", "essentia_git_sha": "v2.1_beta2-1-ge3940c0"}, "tags": {"title": ["Stem (Le Couturier version)"], "media": ["CD"], "albumartist": ["DJ Shadow"], "tracktotal": ["17"], "musicbrainz_releasegroupid": ["68b0ee14-c067-4d45-8990-deea491dbc2b"], "releasetype": ["album", "remix"], "musicbrainz_recordingid": ["11d55dc0-0ed4-47cd-ba20-5bd27f679320"], "originalyear": ["2010"], "musicbrainz_releasetrackid": ["bdb2266a-f7d4-30e7-845e-56362d92d1e4"], "discnumber": ["1"], "album": ["The DJ Shadow Remix Project"], "catalognumber": ["RP-007"], "releasecountry": ["US"], "musicbrainz_albumartistid": ["efa2c11a-1a35-4b60-bc1b-66d37de88511"], "albumartistsort": ["Shadow, DJ"], "date": ["2010-07"], "file_name": "a6bcc8304e028ecb9ac15a4df5e2.flac", "disctotal": ["1"], "acoustid_id": ["00e0a6bc-c830-4e02-8ecb-9ac15a4df5e2"], "musicbrainz_artistid": ["efa2c11a-1a35-4b60-bc1b-66d37de88511"], "originaldate": ["2010-07"], "musicbrainz_albumid": ["74e2ecad-14da-48bc-bf16-892bc9b5954d"], "tracknumber": ["17"], "artistsort": ["Shadow, DJ"], "artist": ["DJ Shadow"], "label": ["DJShadow.com"], "releasestatus": ["official"], "totaldiscs": ["1"], "script": ["Latn"], "totaltracks": ["17"]}}, "rhythm": {"bpm_histogram_first_peak_bpm": {"dmean2": 0, "median": 110, "min": 110, "dvar2": 0, "dvar": 0, "dmean": 0, "max": 110, "var": 0, "mean": 110}, "bpm": 109.836898804, "bpm_histogram_second_peak_spread": {"dmean2": 0, "median": 0.133333340287, "min": 0.133333340287, "dvar2": 0, "dvar": 0, "dmean": 0, "max": 0.133333340287, "var": 0, "mean": 0.133333340287}, "bpm_histogram_first_peak_weight": {"dmean2": 0, "median": 0.765517234802, "min": 0.765517234802, "dvar2": 0, "dvar": 0, "dmean": 0, "max": 0.765517234802, "var": 0, "mean": 0.765517234802}, "onset_rate": 3.67645168304, "beats_position": [0.522448956966, 1.06811785698, 1.6137868166, 2.15945577621, 2.70512461662, 3.26240348816, 3.8196823597, 4.37696123123, 4.87619018555, 5.3754196167, 5.94430828094, 6.51319694519, 7.08208608627, 7.63936471939, 8.20825386047, 8.77714252472, 9.33442115784, 9.8800907135, 10.4257593155, 10.9714279175, 11.5170974731, 12.0743761063, 12.6316547394, 13.177324295, 13.722992897, 14.268661499, 14.8143310547, 15.3599996567, 15.9056682587, 16.4513378143, 16.99700737, 17.5426750183, 18.088344574, 18.6340141296, 19.179681778, 19.7253513336, 20.2710208893, 20.8050785065, 21.3507480621, 21.8964176178, 22.4420852661, 22.9877548218, 23.5334243774, 24.0790920258, 24.6247615814, 25.1704311371, 25.7044887543, 26.2385482788, 26.7842178345, 27.3298854828, 27.8639450073, 28.409614563, 28.9552822113, 29.500951767, 30.0466213226, 30.5922889709, 31.1379585266, 31.6836280823, 32.2292976379, 32.7749671936, 33.3206329346, 33.8663024902, 34.4119720459, 34.9576416016, 35.5033111572, 36.0489807129, 36.5946464539, 37.1403160095, 37.6859855652, 38.2316551208, 38.7773246765, 39.3229942322, 39.8686599731, 40.4143295288, 40.9599990845, 41.5056686401, 42.0513381958, 42.5970077515, 43.1426734924, 43.6883430481, 44.2340126038, 44.7912902832, 45.3253517151, 45.8710212708, 46.4166870117, 46.9507484436, 47.4964179993, 48.0536956787, 48.5993652344, 49.14503479, 49.690700531, 50.2363700867, 50.7820396423, 51.3160972595, 51.8617668152, 52.4074363708, 52.9531059265, 53.4987754822, 54.0444450378, 54.5901107788, 55.1473922729, 55.6930618286, 56.2387275696, 56.7727890015, 57.3184585571, 57.8641242981, 58.4214057922, 58.9670753479, 59.5127410889, 60.0584106445, 60.6040802002, 61.1381378174, 61.683807373, 62.2294769287, 62.7867546082, 63.3324241638, 63.8780937195, 64.4121551514, 64.957824707, 65.5034942627, 66.049156189, 66.5948257446, 67.1404953003, 67.686164856, 68.2318344116, 68.7775039673, 69.3231735229, 69.8688430786, 70.4145126343, 70.9601821899, 71.5058517456, 72.0515213013, 72.5855789185, 73.1428527832, 73.6769180298, 74.2341918945, 74.7798614502, 75.3255310059, 75.8712005615, 76.4284820557, 76.9741516113, 77.5082092285, 78.0538787842, 78.5995483398, 79.1452102661, 79.6908798218, 80.2365493774, 80.7822189331, 81.3278884888, 81.8735580444, 82.4076156616, 82.9532852173, 83.4989547729, 84.0446243286, 84.5902938843, 85.1359634399, 85.6816329956, 86.2273025513, 86.7729721069, 87.3186416626, 87.8643035889, 88.421585083, 88.9556427002, 89.5013122559, 90.0469818115, 90.5926513672, 91.1383209229, 91.6839904785, 92.2296600342, 92.7753295898, 93.3209991455, 93.8666687012, 94.4123306274, 94.9580001831, 95.5036697388, 96.0493392944, 96.5950088501, 97.1406784058, 97.6863479614, 98.2320175171, 98.7776870728, 99.3233566284, 99.8690261841, 100.41469574, 100.960357666, 101.506027222, 102.051696777, 102.597366333, 103.143035889, 103.688705444, 104.234375, 104.780044556, 105.325714111, 105.871383667, 106.417053223, 106.962722778, 107.508384705, 108.05405426, 108.599723816, 109.145393372, 109.691062927, 110.236732483, 110.782402039, 111.316459656, 111.862129211, 112.407798767, 112.953468323, 113.499137878, 114.044807434, 114.59047699, 115.147750854, 115.705032349, 116.250701904, 116.807983398, 117.353645325, 117.887710571, 118.421768188, 118.967437744, 119.5131073, 120.058776855, 120.604438782, 121.150108337, 121.695777893, 122.22983551, 122.787117004, 123.33278656, 123.878456116, 124.412513733, 124.958183289, 125.515464783, 126.061134338, 126.595191956, 127.140861511, 127.686531067, 128.232192993, 128.777862549, 129.311920166, 129.857589722, 130.403259277, 130.960540771, 131.494598389, 132.040267944, 132.5859375, 133.131607056, 133.677276611, 134.234558105, 134.7918396, 135.325897217, 135.871566772, 136.417236328, 136.962905884, 137.508575439, 138.042633057, 138.599899292, 139.145568848, 139.691238403, 140.225296021, 140.770965576, 141.316635132, 141.873916626, 142.419586182, 142.965255737, 143.510925293, 144.056594849, 144.590652466, 145.136322021, 145.681991577, 146.239273071, 146.784942627, 147.330612183, 147.876281738, 148.421951294, 148.956008911, 149.501678467, 150.047348022, 150.604629517, 151.150299072, 151.695953369, 152.230026245, 152.775695801, 153.321365356, 153.878631592, 154.435913086, 154.969970703, 155.50402832, 156.061309814, 156.595367432, 157.141036987, 157.686706543, 158.232376099, 158.778045654, 159.32371521, 159.869384766, 160.42666626, 160.960723877, 161.506393433, 162.052062988, 162.597732544, 163.155014038, 163.700683594, 164.234741211, 164.780410767, 165.326080322, 165.871749878, 166.417419434, 166.96307373, 167.508743286, 168.054412842, 168.600082397, 169.145751953, 169.691421509, 170.225479126, 170.771148682, 171.316818237, 171.862487793, 172.408157349, 172.953826904, 173.49949646, 174.045166016, 174.590835571, 175.136505127, 175.682174683, 176.239456177, 176.785125732, 177.330795288, 177.888076782, 178.422134399, 178.956192017, 179.501861572, 180.047531128, 180.604797363, 181.138870239, 181.684524536, 182.230194092, 182.775863647, 183.321533203, 183.867202759, 184.412872314, 184.95854187, 185.504211426, 186.038269043, 186.595550537, 187.141220093, 187.686889648, 188.232559204, 188.77822876, 189.323898315, 189.869567871, 190.403625488, 190.960906982, 191.506576538, 192.052246094, 192.597915649, 193.143585205, 193.689254761, 194.234924316, 194.780578613, 195.326248169, 195.871917725, 196.41758728, 196.963256836, 197.508926392, 198.054595947, 198.600265503, 199.145935059, 199.691604614, 200.23727417, 200.782943726, 201.328613281, 201.874282837, 202.419952393, 202.965621948, 203.511291504, 204.05696106, 204.602630615, 205.148300171, 205.682357788, 206.228027344, 206.773696899, 207.330978394, 207.87663269, 208.422302246, 208.956375122, 209.502029419, 210.047698975, 210.59336853, 211.139038086, 211.684707642, 212.230377197, 212.776046753, 213.321716309, 213.867385864, 214.41305542, 214.958724976, 215.504394531, 216.050064087, 216.595733643, 217.141403198, 217.687072754, 218.221130371, 218.766799927, 219.312469482, 219.858139038, 220.403808594, 220.949478149, 221.495147705, 222.040817261, 222.586486816, 223.132156372, 223.677825928, 224.223495483, 224.76914978, 225.314819336, 225.860488892, 226.406158447, 226.951828003, 227.497497559, 228.043167114, 228.58883667, 229.146118164, 229.703399658, 230.272293091, 230.817947388, 231.363616943, 231.909286499, 232.454956055, 233.012237549, 233.581130981, 234.161621094, 234.730514526, 235.299407959, 235.868301392, 236.437179565, 237.006072998, 237.574966431, 238.155456543], "beats_loudness": {"dmean2": 0.038606479764, "median": 0.0273180902004, "min": 4.44817099821e-10, "dvar2": 0.00223071849905, "dvar": 0.000727368169464, "dmean": 0.0224227569997, "max": 0.148969456553, "var": 0.00122643331997, "mean": 0.0386991836131}, "danceability": 1.17821645737, "bpm_histogram_second_peak_weight": {"dmean2": 0, "median": 0.0298850573599, "min": 0.0298850573599, "dvar2": 0, "dvar": 0, "dmean": 0, "max": 0.0298850573599, "var": 0, "mean": 0.0298850573599}, "beats_count": 436, "bpm_histogram_second_peak_bpm": {"dmean2": 0, "median": 105, "min": 105, "dvar2": 0, "dvar": 0, "dmean": 0, "max": 105, "var": 0, "mean": 105}, "bpm_histogram_first_peak_spread": {"dmean2": 0, "median": 0.203349262476, "min": 0.203349262476, "dvar2": 0, "dvar": 0, "dmean": 0, "max": 0.203349262476, "var": 0, "mean": 0.203349262476}, "beats_loudness_band_ratio": {"dmean2": [0.370983481407, 0.230088293552, 0.271693855524, 0.0986004024744, 0.0647527351975, 0.0548147819936], "median": [0.267038673162, 0.211447834969, 0.238077312708, 0.0636600255966, 0.0313498526812, 0.0147219384089], "min": [3.76957832486e-05, 2.41386405833e-05, 9.86570303212e-05, 9.26306965994e-05, 0.000304466928355, 0.000105041268398], "dvar2": [0.102067396045, 0.0342664532363, 0.0523539334536, 0.0138538694009, 0.00706194341183, 0.00855048559606], "dvar": [0.0361101999879, 0.0113699100912, 0.0164294149727, 0.00468894140795, 0.0031622920651, 0.00343850674108], "dmean": [0.213308155537, 0.130794242024, 0.152262911201, 0.0552715472877, 0.0390797704458, 0.0308235380799], "max": [0.965197682381, 0.675112247467, 0.764621436596, 0.561880886555, 0.950206637383, 0.998061180115], "var": [0.0638289153576, 0.0217059664428, 0.0327751301229, 0.00546105066314, 0.0205562859774, 0.0186597146094], "mean": [0.347558706999, 0.238557636738, 0.266696572304, 0.0834216475487, 0.070847325027, 0.0488333106041]}}, "lowlevel": {"barkbands_spread": {"dmean2": 5.40892648697, "median": 11.7774677277, "min": 0.627305567265, "dvar2": 47.3234901428, "dvar": 22.2687664032, "dmean": 3.663012743, "max": 95.7479629517, "var": 99.957321167, "mean": 14.6056928635}, "melbands_spread": {"dmean2": 8.26493263245, "median": 14.2634763718, "min": 0.468291938305, "dvar2": 176.261795044, "dvar": 79.5615921021, "dmean": 5.42621707916, "max": 197.71144104, "var": 559.69708252, "mean": 21.8407096863}, "hfc": {"dmean2": 4.97008275986, "median": 11.0831947327, "min": 7.27165619385e-11, "dvar2": 66.1799850464, "dvar": 34.5673141479, "dmean": 3.55982851982, "max": 108.041717529, "var": 179.68951416, "mean": 13.9321136475}, "barkbands_kurtosis": {"dmean2": 4.6253156662, "median": 2.89148664474, "min": -1.96945083141, "dvar2": 122.079177856, "dvar": 50.7183074951, "dmean": 2.86405992508, "max": 246.037490845, "var": 705.432373047, "mean": 8.08908462524}, "gfcc": {"mean": [-92.7923583984, 126.998069763, -131.50038147, 24.2666378021, -60.58335495, -8.61571598053, -28.6851158142, -1.11213541031, -14.8212041855, -5.80447769165, -13.6722393036, -8.7481174469, -10.9887008667], "icov": [[0.00017623740132, -0.000529128359631, 0.000381145859137, -0.000300243525999, 0.00038791022962, -0.000677656033076, 0.000789653335232, -0.000966266961768, 0.000411351735238, -0.00027099030558, 0.000288298819214, -0.000255505059613, -0.00011530311167], [-0.000529128359631, 0.00253810826689, -0.000796219275799, 0.000875289784744, -0.00114969548304, 0.00217124237679, -0.00315763382241, 0.00352664478123, -0.00124208477791, 0.0015738660004, -0.00144891673699, 0.00243476615287, -0.000627453613561], [0.000381145859137, -0.000796219275799, 0.0024545523338, -0.000429501815233, 3.33036769007e-05, -0.00305444304831, 0.00144405593164, -0.00237188255414, 0.0011917501688, 0.00011168140918, 0.000576259684749, -0.00110529176891, -0.000525353883859], [-0.000300243525999, 0.000875289784744, -0.000429501815233, 0.00362275517546, -0.00068721343996, -2.76922819467e-05, -0.00124591880012, 0.0016712063225, -0.00157294946257, -0.000225514711929, -0.000505051983055, -9.21995160752e-05, 0.00054219836602], [0.00038791022962, -0.00114969548304, 3.33036769007e-05, -0.00068721343996, 0.00405907072127, -0.000805953808594, 0.00036959600402, -0.000348416244378, -0.000524886301719, -0.00439766049385, 0.00232802331448, 0.000355203315848, -0.00209139753133], [-0.000677656033076, 0.00217124237679, -0.00305444304831, -2.76922819467e-05, -0.000805953808594, 0.00864401552826, -0.0016551570734, 0.00198631640524, -0.00122459384147, -0.000397841242375, -0.00254692137241, 0.00170993758366, 0.000986016821116], [0.000789653335232, -0.00315763382241, 0.00144405593164, -0.00124591880012, 0.00036959600402, -0.0016551570734, 0.0130731714889, -0.00884689670056, -0.000805389310699, 0.00438183313236, -0.00325970514677, -0.00172180566005, 0.00260603916831], [-0.000966266961768, 0.00352664478123, -0.00237188255414, 0.0016712063225, -0.000348416244378, 0.00198631640524, -0.00884689670056, 0.0178227424622, -0.00443599931896, -0.00117384444457, 0.00151210092008, -0.000736702873837, 0.000371811765945], [0.000411351735238, -0.00124208477791, 0.0011917501688, -0.00157294946257, -0.000524886301719, -0.00122459384147, -0.000805389310699, -0.00443599931896, 0.0154781891033, -0.00559094920754, -0.000310509436531, 0.0030264321249, -0.00648883124813], [-0.00027099030558, 0.0015738660004, 0.00011168140918, -0.000225514711929, -0.00439766049385, -0.000397841242375, 0.00438183313236, -0.00117384444457, -0.00559094920754, 0.017465306446, -0.00443382514641, -4.72137253382e-05, 0.0033386668656], [0.000288298819214, -0.00144891673699, 0.000576259684749, -0.000505051983055, 0.00232802331448, -0.00254692137241, -0.00325970514677, 0.00151210092008, -0.000310509436531, -0.00443382514641, 0.0163568556309, -0.00647404976189, 0.00290917232633], [-0.000255505059613, 0.00243476615287, -0.00110529176891, -9.21995160752e-05, 0.000355203315848, 0.00170993758366, -0.00172180566005, -0.000736702873837, 0.0030264321249, -4.72137253382e-05, -0.00647404976189, 0.0212376154959, -0.00675423862413], [-0.00011530311167, -0.000627453613561, -0.000525353883859, 0.00054219836602, -0.00209139753133, 0.000986016821116, 0.00260603916831, 0.000371811765945, -0.00648883124813, 0.0033386668656, 0.00290917232633, -0.00675423862413, 0.0168218947947]], "cov": [[37660.4257813, 4991.72460938, -3614.83789063, 508.087310791, -2940.51708984, 42.5687294006, -232.299301147, 140.497741699, -624.572692871, -651.552124023, 42.8929443359, -248.703552246, -239.018966675], [4991.72460938, 2564.14331055, -1064.28063965, -228.536346436, -273.288208008, -523.125915527, 311.761657715, -188.233428955, -23.3466739655, -325.805633545, 32.4877319336, -204.578659058, 24.4318408966], [-3614.83789063, -1064.28063965, 1429.08874512, 145.483398438, 395.144012451, 467.073516846, -102.680297852, 127.287994385, 60.470489502, 187.771652222, -4.27577114105, 108.888343811, 40.827911377], [508.087310791, -228.536346436, 145.483398438, 406.843231201, 91.8049850464, 151.31539917, -45.5967521667, 35.1572723389, 51.7543258667, 91.6232833862, 10.4891395569, 22.8700695038, 4.3672542572], [-2940.51708984, -273.288208008, 395.144012451, 91.8049850464, 867.771972656, 56.7916755676, -60.8586883545, -12.2034988403, 203.583099365, 233.733032227, -71.6358718872, -16.0778388977, 131.361587524], [42.5687294006, -523.125915527, 467.073516846, 151.31539917, 56.7916755676, 391.642059326, -85.2666778564, 79.4337844849, 11.3182497025, 108.856201172, 21.5827484131, 49.1936798096, -15.172208786], [-232.299301147, 311.761657715, -102.680297852, -45.5967521667, -60.8586883545, -85.2666778564, 229.097732544, 31.0127182007, 9.44678497314, -84.4208297729, 49.3709983826, -10.2487239838, -22.7003669739], [140.497741699, -188.233428955, 127.287994385, 35.1572723389, -12.2034988403, 79.4337844849, 31.0127182007, 129.144088745, 22.6071681976, 27.8070526123, 5.57687902451, 28.2927074432, -3.45114254951], [-624.572692871, -23.3466739655, 60.470489502, 51.7543258667, 203.583099365, 11.3182497025, 9.44678497314, 22.6071681976, 148.474472046, 77.5686187744, -9.24121856689, -9.81567764282, 57.2865867615], [-651.552124023, -325.805633545, 187.771652222, 91.6232833862, 233.733032227, 108.856201172, -84.4208297729, 27.8070526123, 77.5686187744, 180.340835571, -4.04856014252, 16.5251998901, 22.8986740112], [42.8929443359, 32.4877319336, -4.27577114105, 10.4891395569, -71.6358718872, 21.5827484131, 49.3709983826, 5.57687902451, -9.24121856689, -4.04856014252, 99.3902740479, 23.1051673889, -27.5815029144], [-248.703552246, -204.578659058, 108.888343811, 22.8700695038, -16.0778388977, 49.1936798096, -10.2487239838, 28.2927074432, -9.81567764282, 16.5251998901, 23.1051673889, 81.8119888306, 11.1948928833], [-239.018966675, 24.4318408966, 40.827911377, 4.3672542572, 131.361587524, -15.172208786, -22.7003669739, -3.45114254951, 57.2865867615, 22.8986740112, -27.5815029144, 11.1948928833, 107.485290527]]}, "spectral_energyband_middle_low": {"dmean2": 0.00691579887643, "median": 0.0114868413657, "min": 2.53005995105e-17, "dvar2": 0.000122555342386, "dvar": 4.77903886349e-05, "dmean": 0.00436317548156, "max": 0.133144587278, "var": 0.000185877244803, "mean": 0.0143041312695}, "melbands_crest": {"dmean2": 4.70279121399, "median": 11.0938568115, "min": 3.32508826256, "dvar2": 19.702829361, "dvar": 7.29565048218, "dmean": 2.84215760231, "max": 32.7865905762, "var": 25.2358493805, "mean": 12.435842514}, "spectral_kurtosis": {"dmean2": 5.56995296478, "median": 5.07891511917, "min": -0.623824238777, "dvar2": 57.2485961914, "dvar": 19.2405357361, "dmean": 3.22081184387, "max": 89.1294937134, "var": 65.0368270874, "mean": 7.40731191635}, "spectral_rms": {"dmean2": 0.000951346533839, "median": 0.00416870741174, "min": 2.031190105e-09, "dvar2": 1.80237213954e-06, "dvar": 8.82040922079e-07, "dmean": 0.000656720076222, "max": 0.0156915411353, "var": 7.89540899859e-06, "mean": 0.00432094791904}, "zerocrossingrate": {"dmean2": 0.00790817197412, "median": 0.0390625, "min": 0.0048828125, "dvar2": 7.31951149646e-05, "dvar": 6.86423809384e-05, "dmean": 0.00696003716439, "max": 0.78125, "var": 0.0112025598064, "mean": 0.0614780075848}, "silence_rate_60dB": {"dmean2": 0.0396732799709, "median": 0, "min": 0, "dvar2": 0.0386879369617, "dvar": 0.0194443054497, "dmean": 0.0198347102851, "max": 1, "var": 0.166523471475, "mean": 0.211063578725}, "erbbands_kurtosis": {"dmean2": 2.71673631668, "median": 0.647800564766, "min": -1.87508523464, "dvar2": 66.6097869873, "dvar": 27.8978729248, "dmean": 1.75755429268, "max": 188.81401062, "var": 173.677841187, "mean": 3.33467102051}, "erbbands": {"dmean2": [0.104921132326, 1.16138720512, 5.07723665237, 4.77612066269, 9.20499610901, 11.8384656906, 11.5609951019, 12.0555887222, 24.8031711578, 33.928604126, 28.3339252472, 24.8226604462, 33.2545928955, 19.5610027313, 11.0423364639, 10.0582895279, 9.18339920044, 8.87843894958, 12.8288469315, 6.3028254509, 7.24914693832, 6.84747600555, 7.32684707642, 10.3944206238, 7.27045345306, 3.67551374435, 2.76912260056, 2.28336691856, 2.20425128937, 2.08962845802, 1.481153965, 0.991362512112, 0.399236112833, 0.115483544767, 0.0383134111762, 0.0119268633425, 0.00386378495023, 0.000503751973156, 4.30763320765e-05, 1.49185143528e-05], "median": [0.00318200793117, 0.0656354725361, 0.392520397902, 1.57475566864, 3.4637389183, 5.61978721619, 6.48553466797, 7.93747425079, 21.4448280334, 22.9491500854, 22.6950492859, 20.0869979858, 30.7194194794, 14.9115047455, 8.8163061142, 7.63148784637, 6.82655715942, 6.64970874786, 5.47124004364, 4.26929759979, 5.70473432541, 4.86111783981, 4.70668458939, 4.48685359955, 3.26019382477, 2.26618623734, 1.62018156052, 0.78438693285, 0.555952370167, 0.30752658844, 0.119055986404, 0.0581650286913, 0.0227354988456, 0.00866763200611, 0.00273819523863, 0.00117185548879, 0.000376345589757, 6.58997014398e-05, 1.91178314708e-05, 2.21393929678e-05], "min": [2.42418553103e-16, 1.32929348511e-15, 4.31669462206e-15, 9.90786381568e-15, 1.84569715875e-14, 2.91028052352e-14, 3.9983106073e-14, 4.82858483828e-14, 5.10113293566e-14, 4.70300644403e-14, 3.93109752649e-14, 3.64507923357e-14, 5.03090577281e-14, 9.05234613939e-14, 1.58501724658e-13, 2.5306609564e-13, 3.8127489989e-13, 5.28678825978e-13, 5.79262495175e-13, 4.06416030387e-13, 3.08074095748e-13, 8.13141058393e-13, 1.21364864773e-12, 5.15683795579e-13, 1.95757310101e-13, 3.05699720095e-13, 3.21559293949e-13, 4.90225806997e-13, 2.27157905658e-13, 2.78868155781e-13, 5.83563633614e-13, 5.13589008561e-13, 3.5296586617e-13, 1.16763543279e-12, 1.52426227022e-12, 3.6251661395e-12, 1.59708639542e-12, 1.01382769367e-12, 1.79998458629e-13, 1.99483035342e-14], "dvar2": [0.10861235857, 12.7331380844, 272.731292725, 119.580108643, 303.294921875, 473.549530029, 616.364318848, 788.286254883, 2425.23095703, 4993.70654297, 4931.66064453, 4606.12158203, 5440.33007813, 3365.87133789, 737.568237305, 806.886352539, 440.33706665, 377.256500244, 914.421936035, 219.230865479, 161.820419312, 251.820007324, 427.644348145, 1065.79821777, 368.178131104, 79.5127792358, 41.3558120728, 37.118057251, 46.0652313232, 39.3376274109, 21.7054634094, 7.54654455185, 1.24984562397, 0.115952312946, 0.0106942206621, 0.00101525941864, 0.00015235428873, 2.62942148765e-06, 2.39314825734e-08, 7.87752141296e-10], "dvar": [0.0481670387089, 5.72999715805, 107.581733704, 42.955947876, 99.7622833252, 189.085922241, 246.850265503, 364.518798828, 1032.72802734, 2047.11291504, 2003.06945801, 1876.73620605, 2593.10668945, 1555.35900879, 306.215820313, 328.29864502, 183.697128296, 152.501419067, 374.287322998, 105.723251343, 71.4109649658, 95.1405181885, 165.35597229, 425.668151855, 181.280548096, 44.1610336304, 21.9210395813, 18.0996208191, 20.7181224823, 18.3503074646, 11.0421924591, 3.76912593842, 0.64410752058, 0.0617417283356, 0.00580168841407, 0.000594173558056, 7.80622285674e-05, 1.38460279686e-06, 1.32046302781e-08, 3.64559687993e-10], "dmean": [0.0692176744342, 0.751586437225, 3.05814647675, 2.82359337807, 5.17507791519, 7.23004245758, 7.30494976044, 7.79418134689, 16.0781764984, 20.9831523895, 18.4041614532, 15.9465150833, 22.1096630096, 12.9351768494, 6.89891290665, 6.12332439423, 5.70542573929, 5.6341676712, 8.18642711639, 4.01237487793, 4.56911945343, 4.2464966774, 4.66319656372, 6.63671398163, 4.91436767578, 2.58004283905, 1.99187719822, 1.58452999592, 1.53611421585, 1.44435298443, 1.05838763714, 0.705984294415, 0.29852360487, 0.0883791297674, 0.0290472917259, 0.00913928635418, 0.00287476484664, 0.000367047177861, 3.00153569697e-05, 1.01701971289e-05], "max": [2.75626850128, 34.3537521362, 144.926589966, 84.0184249878, 189.443710327, 382.457397461, 724.282043457, 1177.72045898, 967.82019043, 1449.4251709, 1468.09228516, 1778.38867188, 1461.53918457, 1518.04907227, 731.380371094, 855.789855957, 370.960571289, 418.620361328, 505.194763184, 596.397338867, 249.295272827, 230.986587524, 390.921447754, 456.458465576, 478.846130371, 294.989654541, 138.120986938, 100.953277588, 97.0535507202, 93.5378341675, 118.271095276, 39.3312988281, 17.6646881104, 11.456111908, 1.5851931572, 0.59605461359, 0.370584219694, 0.0515446662903, 0.00672553246841, 0.000296593643725], "var": [0.105693615973, 10.5394563675, 175.748748779, 58.3969459534, 116.423988342, 434.71875, 750.255432129, 802.335632324, 3538.81274414, 4194.17578125, 5601.39599609, 4048.34619141, 8049.53857422, 3623.51049805, 606.961975098, 552.521118164, 418.792541504, 479.748199463, 1674.36535645, 301.950897217, 225.191986084, 217.563995361, 269.219940186, 793.086975098, 510.528137207, 96.1731719971, 42.3493537903, 33.8169708252, 31.1692371368, 28.2163982391, 17.5175609589, 6.19096469879, 1.16517472267, 0.122881807387, 0.0126401456073, 0.00135446281638, 0.000130013446324, 2.37252220359e-06, 2.52139962242e-08, 1.39594269477e-09], "mean": [0.111810743809, 1.18668973446, 4.98079919815, 4.53266143799, 7.13329076767, 12.4063434601, 15.311252594, 16.9437885284, 37.6698989868, 41.5445404053, 45.6409683228, 38.1498718262, 54.1848869324, 29.117477417, 15.8633022308, 13.4830112457, 13.031255722, 14.1201400757, 20.188117981, 8.45635700226, 10.4452781677, 9.18379306793, 9.42912387848, 12.4562044144, 9.60656166077, 4.97590351105, 3.6336581707, 2.60646009445, 2.33037948608, 2.05107545853, 1.45574164391, 0.949382781982, 0.414385974407, 0.132262811065, 0.0452295653522, 0.014684041962, 0.00416175369173, 0.000550760771148, 5.9713376686e-05, 3.41062150255e-05]}, "spectral_strongpeak": {"dmean2": 0.720143854618, "median": 0.669979214668, "min": 1.50595866444e-07, "dvar2": 0.805560767651, "dvar": 0.328630805016, "dmean": 0.428004473448, "max": 8.06875228882, "var": 0.85268843174, "mean": 0.934615433216}, "spectral_energy": {"dmean2": 0.0124294348061, "median": 0.0178125742823, "min": 4.22887678719e-15, "dvar2": 0.000578359293286, "dvar": 0.000260931556113, "dmean": 0.00832404661924, "max": 0.252380102873, "var": 0.000934886687901, "mean": 0.027230322361}, "average_loudness": 0.69275200367, "spectral_rolloff": {"dmean2": 405.351867676, "median": 818.26171875, "min": 64.599609375, "dvar2": 551891.125, "dvar": 263424.0625, "dmean": 246.789749146, "max": 21511.6699219, "var": 9305823, "mean": 1545.32971191}, "spectral_centroid": {"dmean2": 258.578186035, "median": 925.363769531, "min": 162.929031372, "dvar2": 87663.7734375, "dvar": 48878.546875, "dmean": 177.620788574, "max": 8487.12792969, "var": 1272456.625, "mean": 1209.89306641}, "pitch_salience": {"dmean2": 0.106056563556, "median": 0.602174520493, "min": 0.0807152613997, "dvar2": 0.00953624770045, "dvar": 0.00368880596943, "dmean": 0.0639528185129, "max": 0.988400280476, "var": 0.0145885134116, "mean": 0.585461556911}, "spectral_energyband_middle_high": {"dmean2": 0.0015827016905, "median": 0.00268795690499, "min": 8.81233424512e-17, "dvar2": 7.60273269407e-06, "dvar": 3.8872199184e-06, "dmean": 0.00107633310836, "max": 0.0801512375474, "var": 1.90888185898e-05, "mean": 0.00369881209917}, "spectral_contrast_coeffs": {"dmean2": [0.0908820554614, 0.0661456733942, 0.0524208545685, 0.043245036155, 0.0313804484904, 0.0236639101058], "median": [-0.610362410545, -0.747479319572, -0.757122755051, -0.778570890427, -0.783077597618, -0.740563392639], "min": [-0.943192124367, -0.987891495228, -0.983396053314, -0.968294858932, -0.965399205685, -0.948638796806], "dvar2": [0.00518967630342, 0.00310864415951, 0.00194046890829, 0.0012888207566, 0.000673723581713, 0.000434618530562], "dvar": [0.00182266090997, 0.00116580631584, 0.000743283191696, 0.000510944635607, 0.000259981228737, 0.000175296721864], "dmean": [0.0530397109687, 0.040205296129, 0.0326022431254, 0.0268659573048, 0.0190815292299, 0.0149282915518], "max": [-0.337139457464, -0.464772611856, -0.460953623056, -0.45320853591, -0.621966421604, -0.562046766281], "var": [0.0100184464827, 0.00523913744837, 0.00565840210766, 0.00531313987449, 0.00214911601506, 0.00360627821647], "mean": [-0.622167110443, -0.747596502304, -0.757373988628, -0.764925122261, -0.784236490726, -0.740502297878]}, "melbands_skewness": {"dmean2": 0.837687015533, "median": 1.78371477127, "min": -4.67141532898, "dvar2": 0.928021788597, "dvar": 0.428334593773, "dmean": 0.543674409389, "max": 16.1757984161, "var": 2.34908461571, "mean": 1.93209826946}, "spectral_spread": {"dmean2": 494493.78125, "median": 2951675.75, "min": 718896.0625, "dvar2": 261448384512, "dvar": 135531675648, "dmean": 342269, "max": 22713022, "var": 8019043680260.0, "mean": 3682396.5}, "dissonance": {"dmean2": 0.029619095847, "median": 0.468684196472, "min": 0.317431688309, "dvar2": 0.000740884628613, "dvar": 0.000275936705293, "dmean": 0.0178929436952, "max": 0.500000178814, "var": 0.00061200192431, "mean": 0.464501917362}, "spectral_skewness": {"dmean2": 0.513609886169, "median": 1.62611365318, "min": 0.115159131587, "dvar2": 0.276830852032, "dvar": 0.0976591706276, "dmean": 0.313349187374, "max": 7.12858915329, "var": 0.602066993713, "mean": 1.74521017075}, "spectral_flux": {"dmean2": 0.0319928042591, "median": 0.0552357546985, "min": 1.24549351312e-05, "dvar2": 0.00238339765929, "dvar": 0.000996798975393, "dmean": 0.0203095022589, "max": 0.407650619745, "var": 0.00287944474258, "mean": 0.0653149560094}, "spectral_contrast_valleys": {"dmean2": [0.773722529411, 0.510880470276, 0.45790925622, 0.433925688267, 0.352287352085, 0.387599259615], "median": [-7.76285505295, -6.10581016541, -7.17110443115, -8.06583690643, -7.93803024292, -11.5882892609], "min": [-22.2441635132, -21.6770401001, -22.2675743103, -22.2655735016, -22.0253105164, -23.4953765869], "dvar2": [0.384008944035, 0.19607950747, 0.16625508666, 0.164865031838, 0.121434040368, 0.183717012405], "dvar": [0.159993827343, 0.0895865261555, 0.079965531826, 0.0768527239561, 0.0655075833201, 0.0996229201555], "dmean": [0.471211194992, 0.327021598816, 0.304156750441, 0.291939198971, 0.240801677108, 0.288812041283], "max": [-4.96534442902, -4.44218349457, -5.46199655533, -5.73897123337, -5.62246179581, -8.20340633392], "var": [4.8326587677, 5.06384468079, 4.59804487228, 3.93783998489, 4.12420940399, 3.6464176178], "mean": [-8.15604019165, -6.86218595505, -7.88705158234, -8.56287002563, -8.53868865967, -11.807352066]}, "erbbands_flatness_db": {"dmean2": 0.0238266959786, "median": 0.204810351133, "min": 0.0481154322624, "dvar2": 0.000535675790161, "dvar": 0.000253557256656, "dmean": 0.0166374817491, "max": 0.460574567318, "var": 0.00343637424521, "mean": 0.206884145737}, "spectral_energyband_high": {"dmean2": 0.000227109805564, "median": 8.86367051862e-05, "min": 2.36396837062e-15, "dvar2": 3.44802288055e-07, "dvar": 1.89027289821e-07, "dmean": 0.000169738690602, "max": 0.0101846363395, "var": 3.6682823179e-07, "mean": 0.000286762951873}, "spectral_entropy": {"dmean2": 0.222628548741, "median": 7.18720149994, "min": 4.71229982376, "dvar2": 0.0525709986687, "dvar": 0.0253223255277, "dmean": 0.154501870275, "max": 9.50134563446, "var": 0.347703337669, "mean": 7.2040014267}, "silence_rate_20dB": {"dmean2": 0, "median": 1, "min": 1, "dvar2": 0, "dvar": 0, "dmean": 0, "max": 1, "var": 0, "mean": 1}, "melbands_flatness_db": {"dmean2": 0.0334430150688, "median": 0.229475319386, "min": 0.0255191009492, "dvar2": 0.00102021207567, "dvar": 0.000533949176315, "dmean": 0.0225477069616, "max": 0.516947209835, "var": 0.00491737341508, "mean": 0.232000738382}, "barkbands": {"dmean2": [0.000140044678119, 0.00443429546431, 0.00431893253699, 0.00185496441554, 0.00320283370093, 0.0014872031752, 0.00243477383628, 0.00104812846985, 0.00144230213482, 0.000935350370128, 0.000362025253708, 0.000342618819559, 0.000204802956432, 0.000309145194478, 0.000136884540552, 0.000141349373735, 0.00012415315723, 0.000152984634042, 0.000186012330232, 8.45942267915e-05, 6.07437941653e-05, 5.885300925e-05, 5.77246464672e-05, 3.355681838e-05, 7.08563175067e-06, 2.10089910979e-06, 2.39078275399e-07], "median": [1.48598860505e-06, 0.000214638057514, 0.000344435626175, 0.00056584860431, 0.00170408328995, 0.0009460975416, 0.00182208814658, 0.000742427713703, 0.00108692073263, 0.000692068657372, 0.000204939744435, 0.000215280320845, 0.000118921263493, 0.000112585097668, 5.46840165043e-05, 8.84694527485e-05, 8.63202003529e-05, 8.2838916569e-05, 7.61306582717e-05, 4.83565636387e-05, 2.96992348012e-05, 1.41286291182e-05, 5.1400807024e-06, 1.94613517124e-06, 5.50177787773e-07, 2.23776211783e-07, 5.48495009411e-08], "min": [4.50356085681e-18, 6.59159798782e-18, 4.16743518772e-18, 3.88500594809e-18, 8.22362450921e-18, 5.74562796766e-18, 3.47074148961e-18, 1.88851868573e-18, 1.6062986194e-18, 2.02225972871e-18, 3.17889438512e-18, 5.78310958916e-18, 8.55062224024e-18, 1.10002779196e-17, 9.9102714208e-18, 4.93151308647e-18, 1.34883520026e-17, 2.15729894894e-17, 3.59091180746e-18, 6.04468229683e-18, 1.24892998024e-17, 4.49632302645e-18, 2.0535213656e-17, 1.79021935415e-17, 1.53233157068e-16, 1.16740092494e-15, 1.28414207622e-15], "dvar2": [2.42595149302e-07, 0.000175728855538, 0.000182015064638, 1.384267307e-05, 2.93259890896e-05, 9.70241580944e-06, 2.11011065403e-05, 7.35059165891e-06, 1.22460178318e-05, 4.76072455058e-06, 1.5681101786e-06, 7.16729061878e-07, 2.28944358582e-07, 5.8262753555e-07, 1.24430030723e-07, 7.25166486859e-08, 7.4132572081e-08, 2.63020581315e-07, 2.79022543737e-07, 4.34475424527e-08, 2.24658283088e-08, 3.30795408843e-08, 3.0958819508e-08, 8.63415738905e-09, 3.96744498365e-10, 3.70031089103e-11, 7.04492020276e-13], "dvar": [1.25850448285e-07, 8.032702317e-05, 7.1363603638e-05, 4.77660978504e-06, 1.06055313154e-05, 4.42909413323e-06, 8.80348397914e-06, 3.00392207464e-06, 5.19031209478e-06, 2.19889079744e-06, 6.79117363234e-07, 2.78426654177e-07, 9.59264170319e-08, 2.35181360608e-07, 5.80263979089e-08, 3.00778744133e-08, 2.91126305285e-08, 9.90635200537e-08, 1.21242649698e-07, 2.32994334937e-08, 1.11489484311e-08, 1.50619889894e-08, 1.55640158539e-08, 4.38352643073e-09, 2.2313387249e-10, 2.09681664393e-11, 3.80373575519e-13], "dmean": [9.97315582936e-05, 0.00287992460653, 0.00259287236258, 0.00108221871778, 0.00188481947407, 0.00096323620528, 0.00153545069043, 0.000662911159452, 0.000944379600696, 0.000620306935161, 0.000238287582761, 0.00