{"tonal": {"thpcp": [1, 0.667462289333, 0.31960517168, 0.281670868397, 0.304378777742, 0.377592384815, 0.409538060427, 0.318156480789, 0.250113427639, 0.244166597724, 0.254387140274, 0.355511188507, 0.430481433868, 0.400056481361, 0.663282692432, 0.865586042404, 0.552900493145, 0.29045149684, 0.249681636691, 0.249886542559, 0.349371373653, 0.491891205311, 0.496651560068, 0.441837668419, 0.375108331442, 0.309127986431, 0.419549793005, 0.508422672749, 0.441562175751, 0.497449755669, 0.566712141037, 0.461189568043, 0.38114720583, 0.377638727427, 0.409429699183, 0.73580300808], "hpcp": {"dmean2": [0.191684037447, 0.168432995677, 0.148471146822, 0.133920907974, 0.135717302561, 0.174383461475, 0.208085134625, 0.215420752764, 0.29607373476, 0.339663863182, 0.27318239212, 0.203512310982, 0.180064380169, 0.169766545296, 0.208733916283, 0.272354900837, 0.294142961502, 0.321652233601, 0.31272688508, 0.275166779757, 0.270611047745, 0.277173966169, 0.264283329248, 0.28504511714, 0.266412734985, 0.258362531662, 0.244859471917, 0.241768151522, 0.27390730381, 0.333182841539, 0.355885177851, 0.30104264617, 0.209856972098, 0.192366018891, 0.204153358936, 0.200426131487], "median": [0.0710613429546, 0.0627430975437, 0.0574267245829, 0.0577321499586, 0.0647829473019, 0.0886016190052, 0.101150490344, 0.0935889780521, 0.147123485804, 0.177095741034, 0.115891188383, 0.0539910122752, 0.0439607016742, 0.0458250567317, 0.0755288004875, 0.103102751076, 0.0977481752634, 0.0621497631073, 0.0460835173726, 0.0455058254302, 0.0846393406391, 0.107223510742, 0.101894207299, 0.101852580905, 0.0927787125111, 0.0823513567448, 0.0852789357305, 0.087903894484, 0.0937401875854, 0.193184375763, 0.250682234764, 0.174105793238, 0.0697633773088, 0.0579407513142, 0.0645475536585, 0.0774013847113], "min": [0, 0, 0, 0, 0, 0, 0, 0, 0, 0, 0, 0, 0, 0, 0, 0, 0, 0, 0, 0, 0, 0, 0, 0, 0, 0, 0, 0, 0, 0, 0, 0, 0, 0, 0, 0], "dvar2": [0.0714386552572, 0.0595407634974, 0.0529276579618, 0.0417950488627, 0.0405120663345, 0.0581148937345, 0.0718061551452, 0.0750655457377, 0.105751127005, 0.150075241923, 0.103402502835, 0.0862813070416, 0.0763280615211, 0.0646395236254, 0.0870982781053, 0.113730825484, 0.130692139268, 0.166565656662, 0.181431874633, 0.153926566243, 0.121966585517, 0.110581740737, 0.104526601732, 0.127430260181, 0.127122938633, 0.127275541425, 0.109990239143, 0.108939416707, 0.118497915566, 0.123839318752, 0.141630217433, 0.108397699893, 0.0863324403763, 0.0849375873804, 0.0970618575811, 0.0833229199052], "dvar": [0.0282237790525, 0.0229319278151, 0.0194585956633, 0.0154587421566, 0.0148679111153, 0.0212202593684, 0.027201063931, 0.0275688748807, 0.0401822924614, 0.0609601922333, 0.039352402091, 0.030976165086, 0.0275008454919, 0.0237817596644, 0.0320808663964, 0.0426275320351, 0.0500243715942, 0.0635223165154, 0.0682310312986, 0.0552869141102, 0.0449293218553, 0.0431543178856, 0.0382653698325, 0.0461027473211, 0.0487372428179, 0.0460431687534, 0.0396082364023, 0.0397266596556, 0.0434049367905, 0.0474929586053, 0.060152631253, 0.040633328259, 0.0310400091112, 0.0313481353223, 0.034947887063, 0.0308334752917], "dmean": [0.112155295908, 0.0990836173296, 0.0856539681554, 0.0769818872213, 0.0777943730354, 0.100427500904, 0.121746689081, 0.126481577754, 0.175286337733, 0.198657900095, 0.160863518715, 0.115775026381, 0.101243875921, 0.096595518291, 0.118588067591, 0.154938966036, 0.169302046299, 0.184259027243, 0.175167113543, 0.151249408722, 0.155118390918, 0.161295667291, 0.15068256855, 0.160616904497, 0.15085786581, 0.145943000913, 0.138832464814, 0.137057706714, 0.154194205999, 0.19649836421, 0.20855653286, 0.176078900695, 0.118765302002, 0.10739479959, 0.114086605608, 0.115907453001], "max": [1, 1, 1, 1, 1, 1, 1, 1, 1, 1, 1, 1, 1, 1, 1, 1, 1, 1, 1, 1, 1, 1, 1, 1, 1, 1, 1, 1, 1, 1, 1, 1, 1, 1, 1, 1], "var": [0.0542445406318, 0.0318941213191, 0.0185239389539, 0.0162816327065, 0.0172772370279, 0.0284765232354, 0.0425814054906, 0.0354420542717, 0.0759550333023, 0.130736738443, 0.0579524189234, 0.0288841109723, 0.0244843643159, 0.0228711981326, 0.0355881489813, 0.0599168092012, 0.0632234364748, 0.06535564363, 0.0595794133842, 0.0421575084329, 0.047222238034, 0.0594706982374, 0.0414336286485, 0.0560809187591, 0.0890138074756, 0.0582655183971, 0.0378598831594, 0.0374338291585, 0.0409700088203, 0.0777131617069, 0.131230384111, 0.0668739676476, 0.029898410663, 0.027964329347, 0.0305113382638, 0.0398132130504], "mean": [0.165023937821, 0.128201603889, 0.10078356415, 0.0983872786164, 0.102505654097, 0.143253743649, 0.173463106155, 0.161203324795, 0.267270714045, 0.348789125681, 0.222792044282, 0.117037847638, 0.100609570742, 0.100692138076, 0.140779688954, 0.198208257556, 0.200126454234, 0.178039118648, 0.151150435209, 0.12456355989, 0.169058188796, 0.204869627953, 0.177928104997, 0.200448080897, 0.228357464075, 0.185836985707, 0.153583809733, 0.152170062065, 0.164980277419, 0.296492874622, 0.402951419353, 0.268954873085, 0.128785356879, 0.113499678671, 0.122649863362, 0.15215139091]}, "tuning_equal_tempered_deviation": 0.0375276394188, "chords_changes_rate": 0.0722940191627, "key_key": "C", "tuning_diatonic_strength": 0.731561660767, "key_scale": "major", "chords_number_rate": 0.0044426494278, "tuning_frequency": 441.782684326, "tuning_nontempered_energy_ratio": 0.733390271664, "chords_histogram": [49.3537979126, 1.21163165569, 12.5605812073, 1.57512116432, 0.646203577518, 0, 0.16155089438, 0.646203577518, 1.21163165569, 1.17124390602, 0, 0.363489508629, 0, 0.201938614249, 0.16155089438, 2.50403881073, 0, 7.79483032227, 0.121163167059, 0.242326334119, 0.726979017258, 8.40064620972, 8.31987094879, 2.62520194054], "key_strength": 0.8704636693, "chords_key": "C", "chords_strength": {"dmean2": 0.0127229467034, "median": 0.554406166077, "min": 0.205186918378, "dvar2": 0.000132766057504, "dvar": 0.00011170750804, "dmean": 0.0117904394865, "max": 0.771310448647, "var": 0.0107085304335, "mean": 0.549228668213}, "chords_scale": "major", "hpcp_entropy": {"dmean2": 1.24251019955, "median": 2.2487449646, "min": 0, "dvar2": 0.943809390068, "dvar": 0.341232597828, "dmean": 0.74168998003, "max": 4.57871055603, "var": 0.715143561363, "mean": 2.24398803711}}, "metadata": {"audio_properties": {"equal_loudness": 0, "codec": "flac", "downmix": "mix", "sample_rate": 44100, "analysis_sample_rate": 44100, "bit_rate": 0, "md5_encoded": "8a9dc6df50dfa90e589ae16e2fe5c4e5", "length": 114.893333435, "replay_gain": -16.1850013733, "lossless": true}, "version": {"essentia_build_sha": "2d9f1f26377add8aeb1075a9c2973f962c4f09fd", "essentia": "2.1-beta2", "extractor": "music 1.0", "essentia_git_sha": "v2.1_beta2-1-ge3940c0"}, "tags": {"title": ["McMicken"], "barcode": ["675640916327"], "media": ["CD"], "albumartist": ["Tweens"], "tracktotal": ["11"], "musicbrainz_releasegroupid": ["6c077654-754e-4f42-9ce0-aa496a9008cc"], "releasetype": ["album"], "musicbrainz_recordingid": ["11e6172c-690e-4b49-acd6-ddf9d27582bf"], "originalyear": ["2014"], "musicbrainz_releasetrackid": ["8b152590-bd7f-4e3f-9814-4a23883ab22f"], "discnumber": ["1"], "album": ["Tweens"], "catalognumber": ["FKR 074-2"], "releasecountry": ["US"], "musicbrainz_albumartistid": ["549276f8-7b9e-4904-8adc-9f089991a174"], "albumartistsort": ["Tweens"], "date": ["2014-04-08"], "file_name": "8bcd62254cf09b830c8657d8a3e9.flac", "disctotal": ["1"], "acoustid_id": ["27638bcd-6225-4cf0-9b83-0c8657d8a3e9"], "musicbrainz_artistid": ["549276f8-7b9e-4904-8adc-9f089991a174"], "originaldate": ["2014-04-08"], "musicbrainz_albumid": ["48e95f88-10ce-4654-a28d-942bf839c87f"], "tracknumber": ["2"], "artistsort": ["Tweens"], "artist": ["Tweens"], "label": ["Frenchkiss Records"], "releasestatus": ["official"], "totaldiscs": ["1"], "script": ["Latn"], "totaltracks": ["11"]}}, "rhythm": {"bpm_histogram_first_peak_bpm": {"dmean2": 0, "median": 101, "min": 101, "dvar2": 0, "dvar": 0, "dmean": 0, "max": 101, "var": 0, "mean": 101}, "bpm": 101.208274841, "bpm_histogram_second_peak_spread": {"dmean2": 0, "median": 0.428571432829, "min": 0.428571432829, "dvar2": 0, "dvar": 0, "dmean": 0, "max": 0.428571432829, "var": 0, "mean": 0.428571432829}, "bpm_histogram_first_peak_weight": {"dmean2": 0, "median": 0.41752576828, "min": 0.41752576828, "dvar2": 0, "dvar": 0, "dmean": 0, "max": 0.41752576828, "var": 0, "mean": 0.41752576828}, "onset_rate": 2.86297178268, "beats_position": [0.557278871536, 1.1261677742, 1.69505667686, 2.26394557953, 2.83283448219, 3.39011335373, 3.94739222527, 4.5046710968, 5.08516979218, 5.66566896439, 6.24616765976, 6.83827638626, 7.4303855896, 8.01088428497, 8.60299301147, 9.19510173798, 9.78721046448, 10.379319191, 10.9830379486, 11.5867567062, 12.1904764175, 12.7941951752, 13.3863039017, 13.9784126282, 14.5705213547, 15.1742401123, 15.7663488388, 16.3700675964, 16.9737873077, 17.5775051117, 18.181224823, 18.784942627, 19.3886623383, 20.0039901733, 20.6193199158, 21.2230377197, 21.826757431, 22.4188652039, 23.010974884, 23.5914726257, 24.195192337, 24.7989120483, 25.4026298523, 25.9831295013, 26.5868473053, 27.1673469543, 27.7710647583, 28.3631744385, 28.9552822113, 29.5357818604, 30.1394996643, 30.7316093445, 31.3237190247, 31.9042167664, 32.4963264465, 33.0884361267, 33.6921539307, 34.2958717346, 34.8879814148, 35.4684791565, 36.0489807129, 36.6294784546, 37.2215881348, 37.8253059387, 38.4174156189, 39.0095214844, 39.6016311646, 40.1937408447, 40.7974586487, 41.4011802673, 42.0048980713, 42.6086158752, 43.2123336792, 43.8160552979, 44.4197731018, 45.011882782, 45.6039886475, 46.1844902039, 46.7765960693, 47.3687057495, 47.9492073059, 48.5413131714, 49.1334228516, 49.7255325317, 50.3176422119, 50.9097480774, 51.5018577576, 52.0823554993, 52.6744651794, 53.2549667358, 53.8470726013, 54.4159622192, 54.9964599609, 55.5885696411, 56.1806793213, 56.7727890015, 57.3532867432, 57.9337844849, 58.525894165, 59.1063919067, 59.6985015869, 60.2906112671, 60.894329071, 61.4864387512, 62.0901565552, 62.7054862976, 63.3092041016, 63.9129257202, 64.5282516479, 65.1319732666, 65.7356872559, 66.3394088745, 66.9431304932, 67.5352401733, 68.1273422241, 68.7078475952, 69.2883453369, 69.8804550171, 70.4725646973, 71.064666748, 71.6683883667, 72.2604980469, 72.8526077271, 73.4447174072, 74.060043335, 74.6521530151, 75.2442626953, 75.8363723755, 76.4168701172, 77.0089797974, 77.6010894775, 78.2048034668, 78.8085250854, 79.4122467041, 80.0043487549, 80.5964584351, 81.2001800537, 81.7806777954, 82.3727874756, 82.9648971558, 83.5570068359, 84.1491165161, 84.7412261963, 85.3333282471, 85.9138336182, 86.5059356689, 87.0980453491, 87.7017669678, 88.2938766479, 88.8859863281, 89.4780960083, 90.05859375, 90.6507034302, 91.2312011719, 91.8116989136, 92.3921966553, 92.972694397, 93.5531921387, 94.1569137573, 94.737411499, 95.3179092407, 95.9216308594, 96.5137405396, 97.1058502197, 97.6979598999, 98.2900695801, 98.8937835693, 99.474281311, 100.054779053, 100.635284424, 101.227394104, 101.819496155, 102.400001526, 103.003715515, 103.595825195, 104.187934875, 104.768432617, 105.372154236, 105.975868225, 106.567977905, 107.160087585, 107.740585327, 108.332695007, 108.948028564, 109.563354492, 110.062583923, 110.561813354, 111.061042786, 111.502220154, 111.943397522, 112.38457489, 112.837364197, 113.290153503, 113.74294281, 114.195732117], "beats_loudness": {"dmean2": 0.0119595043361, "median": 0.0338519327343, "min": 4.314443941e-11, "dvar2": 8.93933029147e-05, "dvar": 3.4755699744e-05, "dmean": 0.00685090012848, "max": 0.0548920072615, "var": 0.000120207907457, "mean": 0.0320186428726}, "danceability": 0.942827284336, "bpm_histogram_second_peak_weight": {"dmean2": 0, "median": 0.0206185560673, "min": 0.0206185560673, "dvar2": 0, "dvar": 0, "dmean": 0, "max": 0.0206185560673, "var": 0, "mean": 0.0206185560673}, "beats_count": 195, "bpm_histogram_second_peak_bpm": {"dmean2": 0, "median": 133, "min": 133, "dvar2": 0, "dvar": 0, "dmean": 0, "max": 133, "var": 0, "mean": 133}, "bpm_histogram_first_peak_spread": {"dmean2": 0, "median": 0.552486181259, "min": 0.552486181259, "dvar2": 0, "dvar": 0, "dmean": 0, "max": 0.552486181259, "var": 0, "mean": 0.552486181259}, "beats_loudness_band_ratio": {"dmean2": [0.229203790426, 0.108284078538, 0.140293940902, 0.11496258527, 0.11109148711, 0.0673557370901], "median": [0.409037262201, 0.0765056014061, 0.133270725608, 0.0921135991812, 0.159740582108, 0.0751593261957], "min": [0, 0, 0, 0, 0, 0], "dvar2": [0.0339180603623, 0.0117665547878, 0.0164921600372, 0.0175297576934, 0.00797393079847, 0.00415864540264], "dvar": [0.0128957200795, 0.00505346618593, 0.00581947807223, 0.00683998502791, 0.00269395392388, 0.00161822675727], "dmean": [0.13851994276, 0.0596670508385, 0.0804874226451, 0.0681358352304, 0.0655100643635, 0.0400919392705], "max": [0.863657534122, 0.74246686697, 0.534508228302, 0.622298896313, 0.345978975296, 0.304405301809], "var": [0.0192353576422, 0.0164079200476, 0.00831112265587, 0.00850024074316, 0.005229532253, 0.0021817504894], "mean": [0.401567161083, 0.11809309572, 0.156237348914, 0.11762341857, 0.161661162972, 0.0838418230414]}}, "lowlevel": {"barkbands_spread": {"dmean2": 8.08829498291, "median": 33.467086792, "min": 1.61421251297, "dvar2": 59.9683761597, "dvar": 23.9674015045, "dmean": 5.07476472855, "max": 113.400863647, "var": 111.351249695, "mean": 33.3389167786}, "melbands_spread": {"dmean2": 14.0635957718, "median": 39.5717697144, "min": 1.94518959522, "dvar2": 185.840148926, "dvar": 74.4799041748, "dmean": 8.81918811798, "max": 161.592987061, "var": 281.412719727, "mean": 40.0789260864}, "hfc": {"dmean2": 8.46062374115, "median": 31.6963882446, "min": 1.12138030143e-16, "dvar2": 70.5099105835, "dvar": 33.8089904785, "dmean": 5.72667217255, "max": 93.6227722168, "var": 202.957565308, "mean": 32.108455658}, "barkbands_kurtosis": {"dmean2": 1.3158056736, "median": -0.731093764305, "min": -1.83084094524, "dvar2": 5.04782295227, "dvar": 1.90420329571, "dmean": 0.794769883156, "max": 46.8212127686, "var": 10.4328155518, "mean": 0.113442651927}, "gfcc": {"mean": [27.0416278839, 82.4527740479, -133.50592041, 39.0421638489, -47.5775489807, 3.71757102013, -30.8166446686, 12.0167064667, -19.7882537842, -2.54518294334, -16.1304016113, -6.61089944839, -16.369052887], "icov": [[0.000121839591884, -0.000128391184262, 0.000428160390584, -0.000155510686454, 0.000147475147969, -2.70611053566e-05, 0.000189998216229, -0.000432433094829, 0.000453976826975, -0.000333907548338, 0.000683925289195, -0.000766077369917, 0.000683472550008], [-0.000128391184262, 0.00213246094063, 0.000122795347124, -0.000362861464964, -0.000930327631067, 0.00152937253006, -0.000471383391414, 0.000701942364685, -0.000215497289901, 0.0013830375392, -0.00299655506387, 0.0037218213547, -0.00318102072924], [0.000428160390584, 0.000122795347124, 0.00397785566747, -0.000119884556625, -0.00126136117615, 0.000325437984429, 0.00204255967401, -0.00153481657617, 0.000769454461988, -0.00116670341231, 0.00358817400411, -0.00419158441946, 0.00193467456847], [-0.000155510686454, -0.000362861464964, -0.000119884556625, 0.00754093797877, 0.000360165315215, -0.00294268899597, 0.00178785831667, -0.000248131487751, -0.00581383425742, 0.00509654544294, -0.00337496446446, 0.00157139019575, 0.00084229168715], [0.000147475147969, -0.000930327631067, -0.00126136117615, 0.000360165315215, 0.0087985387072, 0.000574053323362, -0.00686079403386, -0.00114634272177, 0.0045335390605, -0.00455423817039, -0.000811903155409, 0.000801842368674, 0.00141177978367], [-2.70611053566e-05, 0.00152937253006, 0.000325437984429, -0.00294268899597, 0.000574053323362, 0.0089070321992, -0.00309154717252, -0.000146090911585, 0.00216362299398, -0.000216676387936, -0.00156911998056, 0.00155028933659, -0.00122155051213], [0.000189998216229, -0.000471383391414, 0.00204255967401, 0.00178785831667, -0.00686079403386, -0.00309154717252, 0.0199532136321, -0.00312956701964, -0.00794627331197, 0.00664285104722, 0.000164738332387, -0.00328040542081, 0.00168172840495], [-0.000432433094829, 0.000701942364685, -0.00153481657617, -0.000248131487751, -0.00114634272177, -0.000146090911585, -0.00312956701964, 0.0124226715416, -0.00370754906908, -0.003292853944, 0.000324001710396, 0.00589407933876, -0.00502021517605], [0.000453976826975, -0.000215497289901, 0.000769454461988, -0.00581383425742, 0.0045335390605, 0.00216362299398, -0.00794627331197, -0.00370754906908, 0.0260151214898, -0.0102120470256, 0.000995062408037, 0.00106921570841, -3.08333146677e-05], [-0.000333907548338, 0.0013830375392, -0.00116670341231, 0.00509654544294, -0.00455423817039, -0.000216676387936, 0.00664285104722, -0.003292853944, -0.0102120470256, 0.0319449231029, -0.0152126215398, -0.00168558582664, 0.00436259293929], [0.000683925289195, -0.00299655506387, 0.00358817400411, -0.00337496446446, -0.000811903155409, -0.00156911998056, 0.000164738332387, 0.000324001710396, 0.000995062408037, -0.0152126215398, 0.0336351543665, -0.0150352632627, 0.00138359307311], [-0.000766077369917, 0.0037218213547, -0.00419158441946, 0.00157139019575, 0.000801842368674, 0.00155028933659, -0.00328040542081, 0.00589407933876, 0.00106921570841, -0.00168558582664, -0.0150352632627, 0.0406317561865, -0.015110168606], [0.000683472550008, -0.00318102072924, 0.00193467456847, 0.00084229168715, 0.00141177978367, -0.00122155051213, 0.00168172840495, -0.00502021517605, -3.08333146677e-05, 0.00436259293929, 0.00138359307311, -0.015110168606, 0.0276108123362]], "cov": [[20969.2773438, 451.396850586, -2105.40429688, 507.217773438, -731.74395752, 181.233856201, -224.950698853, 206.465179443, -141.241378784, -98.5569000244, -191.870895386, -93.0115127563, -264.210357666], [451.396850586, 935.354614258, -225.380859375, 64.7135696411, 73.6792755127, -92.6121444702, 49.8611946106, 3.55947804451, 18.8964118958, -31.489068985, 62.6004638672, -47.7524147034, 75.8782119751], [-2105.40429688, -225.380859375, 605.640808105, -119.483657837, 118.420150757, -47.4670333862, -14.7701873779, 4.0033249855, -16.5173130035, 37.852191925, -17.3716602325, 40.5405464172, -2.11133384705], [507.217773438, 64.7135696411, -119.483657837, 239.924346924, -64.2870025635, 72.9033889771, 3.73347353935, 14.5934457779, 46.1696128845, -29.2812652588, 10.1282501221, -20.8535728455, -2.35013985634], [-731.74395752, 73.6792755127, 118.420150757, -64.2870025635, 236.088851929, -24.4610424042, 70.8922042847, 29.9931144714, -4.98841953278, 34.9478378296, 23.6064739227, 3.37968254089, 3.38633942604], [181.233856201, -92.6121444702, -47.4670333862, 72.9033889771, -24.4610424042, 160.674194336, 18.8494567871, 11.349981308, 8.81165409088, -8.41979408264, 1.70385456085, -3.5778298378, -5.48236227036], [-224.950698853, 49.8611946106, -14.7701873779, 3.73347353935, 70.8922042847, 18.8494567871, 95.3398132324, 29.7241401672, 24.5231494904, -0.803203642368, 9.73196792603, -3.82777404785, 6.61233854294], [206.465179443, 3.55947804451, 4.0033249855, 14.5934457779, 29.9931144714, 11.349981308, 29.7241401672, 118.154876709, 26.4396934509, 16.8576545715, -1.17187225819, -11.0774354935, 4.57718992233], [-141.241378784, 18.8964118958, -16.5173130035, 46.1696128845, -4.98841953278, 8.81165409088, 24.5231494904, 26.4396934509, 68.4139785767, 13.8139162064, 12.6579036713, -5.08557987213, 3.85709476471], [-98.5569000244, -31.489068985, 37.852191925, -29.2812652588, 34.9478378296, -8.41979408264, -0.803203642368, 16.8576545715, 13.8139162064, 63.2305183411, 26.8008747101, 13.071931839, -6.15716314316], [-191.870895386, 62.6004638672, -17.3716602325, 10.1282501221, 23.6064739227, 1.70385456085, 9.73196792603, -1.17187225819, 12.6579036713, 26.8008747101, 61.6619644165, 17.3666572571, 13.1260566711], [-93.0115127563, -47.7524147034, 40.5405464172, -20.8535728455, 3.37968254089, -3.5778298378, -3.82777404785, -11.0774354935, -5.08557987213, 13.071931839, 17.3666572571, 46.2050704956, 14.8289518356], [-264.210357666, 75.8782119751, -2.11133384705, -2.35013985634, 3.38633942604, -5.48236227036, 6.61233854294, 4.57718992233, 3.85709476471, -6.15716314316, 13.1260566711, 14.8289518356, 60.1678237915]]}, "spectral_energyband_middle_low": {"dmean2": 0.00571832293645, "median": 0.0098417121917, "min": 1.8530501698e-22, "dvar2": 3.67802895198e-05, "dvar": 1.45669009726e-05, "dmean": 0.00354225211777, "max": 0.0427570678294, "var": 3.68918517779e-05, "mean": 0.010926105082}, "melbands_crest": {"dmean2": 5.5020980835, "median": 11.0819044113, "min": 1.61469328403, "dvar2": 26.563583374, "dvar": 10.100153923, "dmean": 3.33521556854, "max": 25.4220542908, "var": 20.1274375916, "mean": 11.6794061661}, "spectral_kurtosis": {"dmean2": 2.05572080612, "median": 3.98989105225, "min": -1.25274312496, "dvar2": 5.30614995956, "dvar": 1.8059732914, "dmean": 1.20408844948, "max": 28.6164417267, "var": 6.4978055954, "mean": 4.51198291779}, "spectral_rms": {"dmean2": 0.000811218458693, "median": 0.00533001357689, "min": 3.18374601856e-12, "dvar2": 8.19637932636e-07, "dvar": 3.31806916165e-07, "dmean": 0.000512525555678, "max": 0.00833635777235, "var": 1.95176335183e-06, "mean": 0.00510372268036}, "zerocrossingrate": {"dmean2": 0.0109334345907, "median": 0.0771484375, "min": 0.0107421875, "dvar2": 0.000117673793284, "dvar": 8.78470455064e-05, "dmean": 0.00875571463257, "max": 0.52294921875, "var": 0.00186531804502, "mean": 0.081137150526}, "silence_rate_60dB": {"dmean2": 0.000808407436125, "median": 0, "min": 0, "dvar2": 0.000807701551821, "dvar": 0.00040396899567, "dmean": 0.000404122052714, "max": 1, "var": 0.0454042293131, "mean": 0.0476767681539}, "erbbands_kurtosis": {"dmean2": 0.885777235031, "median": -0.327283740044, "min": -1.58564996719, "dvar2": 0.721161961555, "dvar": 0.309387415648, "dmean": 0.558310985565, "max": 12.8381977081, "var": 1.38255894184, "mean": -0.0548525713384}, "erbbands": {"dmean2": [0.0709647238255, 1.2882065773, 3.71657514572, 7.35622119904, 8.64905452728, 5.89457416534, 7.92822694778, 9.35429668427, 14.3199892044, 24.241601944, 28.8262767792, 32.172618866, 44.8545227051, 25.9452800751, 34.9563903809, 33.9128799438, 29.0679035187, 36.4193611145, 40.014377594, 59.5086097717, 39.0715332031, 34.695514679, 53.8334884644, 37.6770095825, 33.2534751892, 20.7410850525, 9.0622625351, 6.60981893539, 4.56991577148, 2.78269982338, 2.26979851723, 2.22527813911, 0.970734000206, 0.457757145166, 0.293336182833, 0.154261961579, 0.0465110987425, 0.00988691765815, 0.00158156396355, 9.26813590922e-05], "median": [0.0371118113399, 0.618545055389, 2.14222741127, 3.39201593399, 6.44184446335, 4.67087745667, 4.87090969086, 5.97124099731, 10.7120447159, 18.7108802795, 20.1702213287, 20.7110424042, 25.4614448547, 15.7930393219, 15.7117996216, 16.7323570251, 19.0762271881, 31.6337661743, 28.5577659607, 43.5788040161, 36.3603630066, 38.9303779602, 68.6536560059, 52.151008606, 44.2217025757, 28.200012207, 12.3817548752, 8.52235984802, 5.88021326065, 3.75117206573, 2.7798166275, 1.80464494228, 0.922950387001, 0.350178420544, 0.114709228277, 0.0468792170286, 0.0154471807182, 0.00267201056704, 0.000282911001705, 5.45773509657e-05], "min": [2.6092120963e-22, 1.09363384497e-21, 6.44502459473e-21, 7.01936016628e-21, 3.71574313297e-20, 4.53301211845e-20, 1.22502398491e-19, 9.95045608761e-20, 2.27354210275e-19, 1.97582209346e-19, 2.55605917862e-19, 6.38653174556e-19, 3.77461383566e-19, 1.23193239059e-18, 1.3536787977e-18, 1.326982474e-18, 1.97895971877e-18, 3.40473123596e-18, 4.14743271973e-18, 4.36976315196e-18, 4.91644764597e-18, 7.50642086782e-18, 5.78657588952e-18, 7.61715305488e-18, 8.08507010225e-18, 1.24994526172e-17, 1.05403654991e-17, 1.18911572296e-17, 1.41499964038e-17, 1.45350274722e-17, 1.39431532742e-17, 1.28513104344e-17, 1.33791889772e-17, 1.0302881118e-17, 8.16869558063e-18, 4.6155160304e-18, 2.7996304199e-18, 1.10973134433e-18, 2.75411258365e-19, 3.18344174591e-20], "dvar2": [0.0133512690663, 4.59958362579, 43.0503387451, 109.635345459, 115.863418579, 55.4844894409, 220.282165527, 248.050933838, 388.527801514, 1003.72961426, 1719.63806152, 3371.56616211, 5616.62548828, 3359.92407227, 6505.56982422, 5780.84472656, 3002.12817383, 2483.69335938, 5037.14306641, 8902.87402344, 3851.17700195, 3130.49560547, 2971.96313477, 1794.71362305, 1658.23449707, 469.380401611, 139.395355225, 78.215675354, 36.1757507324, 19.9794330597, 13.889591217, 20.3644218445, 9.05223751068, 1.82996034622, 1.38019657135, 0.407380849123, 0.0183510370553, 0.000551640870981, 1.50228534039e-05, 4.89841234241e-08], "dvar": [0.00485842721537, 1.65225040913, 15.3196277618, 42.7401008606, 42.0730667114, 21.3809127808, 89.4533615112, 112.645645142, 149.274963379, 394.655181885, 676.283447266, 1354.77929688, 2442.10180664, 1662.64953613, 2558.48461914, 2664.60961914, 1227.25036621, 1058.03076172, 2044.87353516, 3318.26074219, 1595.38793945, 1226.8807373, 1188.07897949, 706.42175293, 675.033874512, 184.572006226, 58.81590271, 32.1402549744, 16.8221588135, 8.83281803131, 6.01111221313, 8.95530223846, 4.20326375961, 0.888591587543, 0.633373022079, 0.179018184543, 0.0080649163574, 0.000244370719884, 6.64864501232e-06, 2.20070148771e-08], "dmean": [0.04224813357, 0.759392559528, 2.16721820831, 4.36527061462, 5.13030815125, 3.57436084747, 4.91680192947, 5.88429307938, 8.6631155014, 14.9121828079, 17.4872493744, 19.6438274384, 28.8476905823, 16.9323940277, 21.8468952179, 21.6215782166, 17.9015312195, 22.0758209229, 24.5715103149, 35.8899803162, 24.0380249023, 21.3634109497, 32.5672302246, 23.0729789734, 20.453578949, 12.7814569473, 5.62264919281, 4.10244369507, 3.05065536499, 1.83683359623, 1.45915150642, 1.42856562138, 0.633941471577, 0.302253991365, 0.19522793591, 0.102376259863, 0.0312861800194, 0.00673053879291, 0.00105194270145, 6.13883530605e-05], "max": [0.734894633293, 11.7073059082, 34.2718544006, 59.7805519104, 88.0617752075, 68.8828735352, 201.488067627, 245.770858765, 237.758880615, 317.734191895, 547.887390137, 656.744812012, 1163.77111816, 1033.70703125, 988.04473877, 1103.9152832, 739.032165527, 718.377990723, 1038.89453125, 1078.53417969, 715.262695313, 1079.64416504, 644.532165527, 370.828277588, 523.256408691, 179.328094482, 110.092498779, 102.545791626, 69.5233306885, 110.321395874, 58.8313827515, 61.5784988403, 44.1449775696, 22.9477539063, 20.48072052, 11.9583797455, 1.89350032806, 0.292053043842, 0.0426891408861, 0.00178307224996], "var": [0.00497259292752, 1.85008823872, 15.8664665222, 49.5252380371, 60.6198921204, 47.5579948425, 129.012756348, 194.836334229, 255.772140503, 677.380737305, 2043.11877441, 2467.49755859, 9519.65136719, 4019.31713867, 6936.58642578, 5369.69189453, 2845.27270508, 1845.25854492, 4110.02734375, 6835.55175781, 2468.39135742, 1958.55175781, 2434.79394531, 1406.13720703, 1225.56469727, 431.721710205, 125.157180786, 95.5546112061, 78.7800979614, 27.7006626129, 16.5868988037, 20.4429073334, 7.93673849106, 1.95082902908, 1.07643890381, 0.252687692642, 0.0128293437883, 0.000534916762263, 1.28314741232e-05, 3.57280356411e-08], "mean": [0.0586735755205, 1.09218049049, 3.51285552979, 5.87937259674, 8.62258720398, 6.77413511276, 8.14530086517, 9.63067436218, 14.8268671036, 25.6608295441, 31.8157577515, 33.3741989136, 56.0810165405, 31.1953659058, 39.5388679504, 35.8297462463, 33.0015220642, 41.157661438, 48.1319618225, 66.8747177124, 48.843547821, 48.4792289734, 76.526222229, 57.9451141357, 49.9615325928, 31.8733654022, 14.5234155655, 11.1027536392, 8.77373218536, 5.13534069061, 3.86392331123, 3.28292775154, 1.44857060909, 0.618099927902, 0.316902905703, 0.153276965022, 0.0495887473226, 0.0113588469103, 0.00164664164186, 0.000120018914458]}, "spectral_strongpeak": {"dmean2": 1.17208504677, "median": 0.420772016048, "min": 0, "dvar2": 3.3125705719, "dvar": 1.25774240494, "dmean": 0.663912534714, "max": 10.0929384232, "var": 1.65588700771, "mean": 0.938974440098}, "spectral_energy": {"dmean2": 0.00935435481369, "median": 0.0291192680597, "min": 1.03896445642e-20, "dvar2": 0.000129194158944, "dvar": 5.02707116539e-05, "dmean": 0.00582126714289, "max": 0.0712322294712, "var": 0.000137177194119, "mean": 0.0286997444928}, "average_loudness": 0.968111097813, "spectral_rolloff": {"dmean2": 789.98248291, "median": 2497.8515625, "min": 107.666015625, "dvar2": 714826.375, "dvar": 317649.5, "dmean": 487.406494141, "max": 19422.9492188, "var": 2914387.5, "mean": 2514.32299805}, "spectral_centroid": {"dmean2": 356.606536865, "median": 2079.40966797, "min": 273.280578613, "dvar2": 133501.390625, "dvar": 64514.8515625, "dmean": 225.651489258, "max": 11277.3984375, "var": 406501.84375, "mean": 2042.48620605}, "pitch_salience": {"dmean2": 0.108070425689, "median": 0.61520922184, "min": 0.243899509311, "dvar2": 0.0103523852304, "dvar": 0.00371735845692, "dmean": 0.0643466711044, "max": 0.963380336761, "var": 0.00725815445185, "mean": 0.606517851353}, "spectral_energyband_middle_high": {"dmean2": 0.00362707930617, "median": 0.00902386102825, "min": 1.33303588836e-21, "dvar2": 1.41978835018e-05, "dvar": 6.71026236887e-06, "dmean": 0.00243080337532, "max": 0.0402003526688, "var": 3.76048628823e-05, "mean": 0.0103043261915}, "spectral_contrast_coeffs": {"dmean2": [0.0851899906993, 0.0771459043026, 0.0654375106096, 0.0498942174017, 0.0350957773626, 0.0271358136088], "median": [-0.641911864281, -0.773023366928, -0.776673257351, -0.792386651039, -0.771251142025, -0.72859442234], "min": [-0.971975922585, -0.969995260239, -0.974732041359, -0.967413187027, -0.965646982193, -0.96315741539], "dvar2": [0.00505490368232, 0.00352676538751, 0.00273011415266, 0.00149321439676, 0.000740022747777, 0.000606285466347], "dvar": [0.00185578176752, 0.00128503737506, 0.00100777577609, 0.00057463219855, 0.000270359858405, 0.000279696396319], "dmean": [0.0515947118402, 0.0457883812487, 0.0402425341308, 0.0298484396189, 0.0209596958011, 0.0172153674066], "max": [-0.337945252657, -0.549140453339, -0.541061282158, -0.61331063509, -0.640450298786, -0.626069545746], "var": [0.00590657955036, 0.00304730213247, 0.00378413312137, 0.0019976249896, 0.00122851785272, 0.0019240649417], "mean": [-0.640092551708, -0.769473314285, -0.769195199013, -0.788932859898, -0.773063719273, -0.736006081104]}, "melbands_skewness": {"dmean2": 0.841993451118, "median": 1.662317276, "min": -1.56374561787, "dvar2": 0.977600336075, "dvar": 0.365993082523, "dmean": 0.524139523506, "max": 7.47655057907, "var": 0.90447217226, "mean": 1.79314172268}, "spectral_spread": {"dmean2": 510540.46875, "median": 3562885, "min": 1937334.5, "dvar2": 801864679424, "dvar": 573302898688, "dmean": 346886.53125, "max": 43602168, "var": 3955554779140.0, "mean": 3795518.75}, "dissonance": {"dmean2": 0.0173409301788, "median": 0.486867785454, "min": 0.36203622818, "dvar2": 0.000251133809797, "dvar": 9.0270084911e-05, "dmean": 0.0101648373529, "max": 0.5, "var": 0.000217605149373, "mean": 0.483027398586}, "spectral_skewness": {"dmean2": 0.27172139287, "median": 1.22064232826, "min": -0.0428536981344, "dvar2": 0.0703671574593, "dvar": 0.0269236564636, "dmean": 0.16587369144, "max": 4.02404880524, "var": 0.148585289717, "mean": 1.29437077045}, "spectral_flux": {"dmean2": 0.0283534582704, "median": 0.0936522036791, "min": 6.68144151117e-11, "dvar2": 0.000769823906012, "dvar": 0.000379305158276, "dmean": 0.0189454518259, "max": 0.231790855527, "var": 0.00134858174715, "mean": 0.0949160009623}, "spectral_contrast_valleys": {"dmean2": [0.669090390205, 0.565459132195, 0.485283434391, 0.376612514257, 0.278783589602, 0.292375504971], "median": [-6.95065689087, -6.17968559265, -6.70843696594, -6.77354812622, -6.45837593079, -9.66948890686], "min": [-28.2230701447, -28.1372852325, -27.509469986, -27.4235801697, -27.385559082, -27.3242855072], "dvar2": [0.318593859673, 0.219005271792, 0.169799983501, 0.118039898574, 0.0918071717024, 0.136693507433], "dvar": [0.147845238447, 0.115864597261, 0.0987277105451, 0.084346100688, 0.0824516117573, 0.100399523973], "dmean": [0.402039080858, 0.336360096931, 0.295326948166, 0.234162703156, 0.175925686955, 0.208058938384], "max": [-5.56371831894, -4.98053026199, -5.62908554077, -5.68926715851, -5.65636634827, -7.93904972076], "var": [2.54001808167, 2.81346106529, 2.71655058861, 2.7096517086, 2.76473903656, 2.24754452705], "mean": [-7.24423456192, -6.46615743637, -7.00748825073, -7.0709271431, -6.7976231575, -10.0503444672]}, "erbbands_flatness_db": {"dmean2": 0.0190355628729, "median": 0.143928781152, "min": 0.0368886403739, "dvar2": 0.000308830203721, "dvar": 0.00015246446128, "dmean": 0.0127676930279, "max": 0.270706087351, "var": 0.00104082748294, "mean": 0.146734789014}, "spectral_energyband_high": {"dmean2": 0.000441309210146, "median": 0.000952039554249, "min": 7.44968957085e-21, "dvar2": 2.89027269673e-07, "dvar": 1.3852135794e-07, "dmean": 0.000298197992379, "max": 0.00780582195148, "var": 6.96206029716e-07, "mean": 0.00109377317131}, "spectral_entropy": {"dmean2": 0.112916603684, "median": 7.84085655212, "min": 5.90415811539, "dvar2": 0.0103777572513, "dvar": 0.00516306748614, "dmean": 0.073719240725, "max": 9.81222343445, "var": 0.0987632647157, "mean": 7.79421710968}, "silence_rate_20dB": {"dmean2": 0, "median": 1, "min": 1, "dvar2": 0, "dvar": 0, "dmean": 0, "max": 1, "var": 0, "mean": 1}, "melbands_flatness_db": {"dmean2": 0.0321865528822, "median": 0.133294567466, "min": 0.00221677217633, "dvar2": 0.00118561438285, "dvar": 0.00046211364679, "dmean": 0.0202256180346, "max": 0.411527454853, "var": 0.00280916807242, "mean": 0.142856106162}, "barkbands": {"dmean2": [0.000105052400613, 0.00471444288269, 0.00326753919944, 0.00320906657726, 0.00196919078007, 0.001085042255, 0.00116799667012, 0.00139307626523, 0.00133617012762, 0.00136581750121, 0.000880670442712, 0.000787128927186, 0.000659733370412, 0.000817419146188, 0.00102704309393, 0.000908437243197, 0.000702689983882, 0.00103723141365, 0.000708111154381, 0.000456892594229, 0.000188266509213, 0.000115746726806, 7.6627053204e-05, 8.05455783848e-05, 3.88386106351e-05, 2.83322024188e-05, 9.13002804737e-06], "median": [1.9949833586e-05, 0.00237458478659, 0.00193015462719, 0.00112952571362, 0.00191877095494, 0.000703363970388, 0.000868217495736, 0.000975474715233, 0.000783136114478, 0.000719648436643, 0.000329590664478, 0.00033505767351, 0.000394236296415, 0.000607324647717, 0.000639529549517, 0.000682777259499, 0.000633070478216, 0.00129053741693, 0.000892717507668, 0.000600709870923, 0.000243615650106, 0.000155095971422, 9.88849715213e-05, 7.10269960109e-05, 2.19714020204e-05, 9.06860896066e-06, 1.47787659444e-06], "min": [4.03899544486e-24, 2.94028634494e-24, 4.08959022231e-24, 2.23790826075e-24, 1.299749e-23, 1.82050022268e-23, 1.80555004635e-23, 7.49080148606e-24, 2.3109285788e-23, 2.35147981586e-23, 1.85423033727e-23, 3.51705809093e-23, 4.81940370548e-23, 7.0957457823e-23, 7.08430414373e-23, 7.09273233364e-23, 1.0968925347e-22, 1.00784560018e-22, 1.34700814222e-22, 2.66628372155e-22, 2.59486517768e-22, 4.1973355111e-22, 4.88363515853e-22, 7.00992907541e-22, 1.03146241698e-21, 1.50635900433e-21, 2.14736087019e-21], "dvar2": [2.93321473777e-08, 5.98598962824e-05, 3.25988257828e-05, 2.049811701e-05, 5.58122292205e-06, 3.32492209054e-06, 2.2546882974e-06, 3.21563857142e-06, 4.96838310937e-06, 5.24362712895e-06, 3.95993356506e-06, 3.30760940415e-06, 1.54953875153e-06, 1.23836866806e-06, 2.65629137175e-06, 1.78247626081e-06, 1.21127345665e-06, 1.06315656012e-06, 6.48669981729e-07, 2.29066714041e-07, 6.77028069163e-08, 2.4551583877e-08, 1.50262575715e-08, 3.64662078312e-08, 1.69288103535e-08, 8.96462637456e-09, 4.95438134962e-10], "dvar": [1.32301201106e-08, 2.16172411456e-05, 1.13874484668e-05, 8.17750242277e-06, 2.07417406273e-06, 1.51062306486e-06, 8.53699134495e-07, 1.27359862745e-06, 2.02353635359e-06, 2.39068936025e-06, 1.58020577601e-06, 1.5780085505e-06, 6.45800184884e-07, 5.17194905569e-07, 1.01920477391e-06, 7.11215875526e-07, 4.76982336295e-07, 4.18191632434e-07, 2.67053252401e-07, 9.09207713562e-08, 2.81647576372e-08, 1.07430251362e-08, 6.81413503401e-09, 1.68636145048e-08, 8.20424972403e-09, 3.94833721273e-09, 2.20381574101e-10], "dmean": [6.64001781843e-05, 0.00278140511364, 0.00186760048382, 0.00191866303794, 0.00118863920216, 0.000687033112627, 0.000703848956618, 0.000856460887007, 0.000810364785139, 0.000880509614944, 0.000542324676644, 0.000508147582877, 0.000398370815674, 0.000498944777064, 0.000614969583694, 0.000550242490135, 0.000423907273216, 0.000622767372988, 0.000434195942944, 0.000281403335975, 0.000117324932944, 7.6698124758e-05, 5.00186652062e-05, 5.27136435267e-05, 2.61088571278e-05, 1.89402744581e-05, 6.0974994085e-06], "max": [0.00132717576344, 0.0451714769006, 0.0309635028243, 0.0247447453439, 0.0197630506009, 0.0273891314864, 0.0147955510765, 0.0193576663733, 0.0219856128097, 0.029823442921, 0.0236404146999, 0.0294943470508, 0.0174900963902, 0.0131779490039, 0.0154499672353, 0.011580793187, 0.0175083149225, 0.00969522632658, 0.00790839269757, 0.00346133904532, 0.00291095580906, 0.00216291681863, 0.00212784553878, 0.00239670556039, 0.00206431606784, 0.00154327636119, 0.000229255572776], "var": [1.78817263219e-08, 2.42783480644e-05, 1.03971206045e-05, 1.04913970063e-05, 3.98984138883e-06, 2.58506520368e-06, 1.39683311318e-06, 3.42670909959e-06, 3.95923370888e-06, 8.1122152551e-06, 3.6015983369e-06, 3.07516756948e-06, 1.39028452395e-06, 9.59355247687e-07, 1.81684811196e-06, 1.15908244425e-06, 7.70241797454e-07, 8.55482824136e-07, 5.20336243426e-07, 2.14615695882e-07, 6.45788915676e-08, 4.79806629983e-08, 2.10861355043e-08, 3.62133150134e-08, 1.67250497896e-08, 6.03801764143e-09, 4.39423247789e-10], "mean": [7.29146486265e-05, 0.00401614047587, 0.00282324873842, 0.00242780847475, 0.00239655328915, 0.00114181044046, 0.0011869535083, 0.00149956031237, 0.00132687808946, 0.00163765612524, 0.00089023495093, 0.000792990787886, 0.000687580613885, 0.000872883072589, 0.00105083989911, 0.000999364070594, 0.000849595293403, 0.00143878231756, 0.00102580769453, 0.000692085595801, 0.000299273437122, 0.00022332680237, 0.000138321192935, 0.000121335826407, 4.82762297906e-05, 2.98890445265e-05, 9.58892815106e-06]}, "erbbands_skewness": {"dmean2": 0.449117600918, "median": -0.340716004372, "min": -1.93756604195, "dvar2": 0.131662994623, "dvar": 0.0563678555191, "dmean": 0.289687216282, "max": 3.14120316505, "var": 0.35894921422, "mean": -0.278669863939}, "erbbands_spread": {"dmean2": 8.75334835052, "median": 34.9440765381, "min": 8.8438835144, "dvar2": 65.6905136108, "dvar": 27.4738826752, "dmean": 5.55637407303, "max": 103.914367676, "var": 129.116958618, "mean": 35.5123825073}, "melbands_kurtosis": {"dmean2": 4.45988035202, "median": 2.3952794075, "min": -1.527790308, "dvar2": 59.6283531189, "dvar": 21.6585636139, "dmean": 2.69384646416, "max": 68.5291748047, "var": 42.0956993103, "mean": 4.30014848709}, "melbands": {"dmean2": [0.000976655748673, 0.00184231973253, 0.00127487676218, 0.000471361388918, 0.000270456715953, 0.000209405305213, 0.000220822563278, 0.000271601282293, 0.000234836814343, 0.000201973874937, 0.00022741923749, 0.000108273838123, 0.000121170014609, 9.61242840276e-05, 7.58719688747e-05, 6.2795872509e-05, 7.84387229942e-05, 7.06166174496e-05, 7.24590136087e-05, 8.0372497905e-05, 4.70455815957e-05, 4.13974994444e-05, 5.24779279658e-05, 5.64605179534e-05, 3.26885055983e-05, 3.20847102557e-05, 2.39949840761e-05, 1.23912686831e-05, 6.94526488587e-06, 5.07503364133e-06, 4.34478488387e-06, 3.14609678753e-06, 2.03279296329e-06, 1.69534757788e-06, 1.47080231727e-06, 1.25775875404e-06, 1.73019236627e-06, 7.27566657588e-07, 5.57856424166e-07, 3.7651011553e-07], "median": [0.000530630000867, 0.00107876851689, 0.000738358474337, 0.000436982139945, 0.000184702919796, 0.000136786577059, 0.000171754014445, 0.000210971411434, 0.000159407863976, 0.000122899044072, 0.000120678982057, 5.67116148886e-05, 4.68685902888e-05, 4.11916553276e-05, 3.63462895621e-05, 4.1895047616e-05, 5.86275709793e-05, 4.4624604925e-05, 4.8849862651e-05, 5.71391428821e-05, 3.53207760782e-05, 3.33122661687e-05, 5.41975969099e-05, 6.11404466326e-05, 3.73385701096e-05, 3.41020277119e-05, 2.78623774648e-05, 1.50679788931e-05, 