{"tonal": {"thpcp": [1, 0.732486784458, 0.540121495724, 0.525087296963, 0.508899331093, 0.438444018364, 0.425680249929, 0.450865834951, 0.466731071472, 0.518304347992, 0.607791244984, 0.702994585037, 0.803066015244, 0.868143200874, 0.839691102505, 0.726470053196, 0.558577775955, 0.509605109692, 0.598098754883, 0.753960967064, 0.797382175922, 0.636342465878, 0.476931333542, 0.333029687405, 0.266885310411, 0.287402302027, 0.280516922474, 0.604118824005, 0.992970347404, 0.757423341274, 0.402722120285, 0.304738461971, 0.286440104246, 0.374655872583, 0.633631885052, 0.962064683437], "hpcp": {"dmean2": [0.335181206465, 0.277395039797, 0.269642233849, 0.295567959547, 0.282085686922, 0.3055998981, 0.338603705168, 0.357600450516, 0.422065734863, 0.452677577734, 0.427721500397, 0.380914330482, 0.281407356262, 0.242060065269, 0.261279404163, 0.270786911249, 0.277540445328, 0.243019163609, 0.189840376377, 0.132574558258, 0.115125030279, 0.127761051059, 0.13508336246, 0.295924931765, 0.482894212008, 0.333645373583, 0.201446384192, 0.164314046502, 0.149964362383, 0.220033496618, 0.326505720615, 0.424059003592, 0.463007569313, 0.378582507372, 0.332493156195, 0.318878918886], "median": [0.0256238542497, 0.0249896738678, 0.0204689223319, 0.0176930483431, 0.0158943943679, 0.0162607822567, 0.0254833884537, 0.0366232134402, 0.0494784899056, 0.0614082291722, 0.059726536274, 0.0522561259568, 0.0511847473681, 0.056113306433, 0.0774401128292, 0.108541607857, 0.11898239702, 0.0974066779017, 0.0640487521887, 0.0437504351139, 0.0297239739448, 0.0233075544238, 0.0197151657194, 0.0325085669756, 0.0380460619926, 0.0326911434531, 0.0160582698882, 0.017824601382, 0.021863322705, 0.0300201624632, 0.0489353574812, 0.0676050186157, 0.0667378082871, 0.0489896833897, 0.0272945929319, 0.02258374542], "min": [0, 0, 0, 0, 0, 0, 0, 0, 0, 0, 0, 0, 0, 0, 0, 0, 0, 0, 0, 0, 0, 0, 0, 0, 0, 0, 0, 0, 0, 0, 0, 0, 0, 0, 0, 0], "dvar2": [0.228946805, 0.166523560882, 0.175767496228, 0.205435842276, 0.170859158039, 0.190558627248, 0.204488933086, 0.19303406775, 0.229579597712, 0.239197969437, 0.22683814168, 0.220382928848, 0.155245363712, 0.119473978877, 0.120995163918, 0.110015414655, 0.116889178753, 0.0968818664551, 0.0756246596575, 0.0497651994228, 0.0479811020195, 0.0612341687083, 0.0561520271003, 0.112494558096, 0.275192826986, 0.148778066039, 0.125056028366, 0.0921479836106, 0.0615347325802, 0.117953911424, 0.158028438687, 0.191953763366, 0.220966532826, 0.18401914835, 0.207363367081, 0.206315934658], "dvar": [0.0801056921482, 0.0589929223061, 0.0627204477787, 0.0735106393695, 0.0631009787321, 0.0707352161407, 0.0739471688867, 0.0738028660417, 0.085945494473, 0.0887110084295, 0.0829551443458, 0.0796345844865, 0.0573242194951, 0.0421083010733, 0.0421152934432, 0.0397301651537, 0.0413101427257, 0.0338567122817, 0.0267551187426, 0.0174262784421, 0.0166570097208, 0.0219339765608, 0.0200704447925, 0.0415762327611, 0.104812353849, 0.0542976260185, 0.0446049310267, 0.0330584533513, 0.021971071139, 0.041760277003, 0.0582798682153, 0.0766826942563, 0.0839944183826, 0.0688516050577, 0.0722878649831, 0.0743191540241], "dmean": [0.177772581577, 0.147171735764, 0.143029689789, 0.15502692759, 0.151764288545, 0.165802642703, 0.185515299439, 0.197486191988, 0.232231363654, 0.247799232602, 0.236179471016, 0.20784150064, 0.153656288981, 0.132971256971, 0.145008206367, 0.153538987041, 0.15842205286, 0.136775568128, 0.105661660433, 0.074408762157, 0.0640532970428, 0.0715596824884, 0.0756670460105, 0.164762616158, 0.261963903904, 0.185333698988, 0.111718483269, 0.0908404290676, 0.0828686282039, 0.118172287941, 0.180278763175, 0.238892778754, 0.259691655636, 0.212362393737, 0.180178001523, 0.17191234231], "max": [1, 1, 1, 1, 1, 1, 1, 1, 1, 1, 1, 1, 1, 1, 1, 1, 1, 1, 1, 1, 1, 1, 1, 1, 1, 1, 1, 1, 1, 1, 1, 1, 1, 1, 1, 1], "var": [0.0564192384481, 0.0420023538172, 0.0446955151856, 0.0518136918545, 0.0498973838985, 0.0591316856444, 0.0639895126224, 0.0728636831045, 0.0829736143351, 0.0860902369022, 0.0819028094411, 0.0702906847, 0.0462453141809, 0.0320685841143, 0.033950984478, 0.0403464436531, 0.0422709882259, 0.0285368133336, 0.0212731044739, 0.0133775249124, 0.0127846328542, 0.0197631511837, 0.0177320316434, 0.0452307984233, 0.116913735867, 0.0725170150399, 0.0440510883927, 0.0263387262821, 0.017081912607, 0.0287754442543, 0.0519769266248, 0.0931454971433, 0.0963274464011, 0.0658143311739, 0.0557167232037, 0.0576320625842], "mean": [0.121618449688, 0.104780808091, 0.10173048079, 0.107749409974, 0.111540943384, 0.123866088688, 0.145251974463, 0.168003976345, 0.191919386387, 0.207471743226, 0.200672164559, 0.173614218831, 0.133490771055, 0.121787123382, 0.142935618758, 0.180184096098, 0.190561041236, 0.152075231075, 0.113978631794, 0.0795885398984, 0.0637811347842, 0.0686843544245, 0.0670388638973, 0.144374325871, 0.237303346395, 0.181011542678, 0.096243865788, 0.0728274062276, 0.0684544071555, 0.0895365029573, 0.151427447796, 0.229917407036, 0.23898331821, 0.175052121282, 0.129080027342, 0.125487104058]}, "tuning_equal_tempered_deviation": 0.26078081131, "chords_changes_rate": 0.0456365086138, "key_key": "C", "tuning_diatonic_strength": 0.550850152969, "key_scale": "major", "chords_number_rate": 0.00400320254266, "tuning_frequency": 434.193115234, "tuning_nontempered_energy_ratio": 0.899114727974, "chords_histogram": [0, 0, 69.2554016113, 0.560448348522, 0, 0, 0, 3.60288238525, 0, 0, 0, 0, 0, 0, 0, 0, 0.160128101707, 0, 0, 2.5620496273, 7.0456366539, 16.8134498596, 0, 0], "key_strength": 0.669480323792, "chords_key": "G", "chords_strength": {"dmean2": 0.0105147976428, "median": 0.537035107613, "min": 0.279705345631, "dvar2": 7.06985301804e-05, "dvar": 4.67703830509e-05, "dmean": 0.00816669873893, "max": 0.683284699917, "var": 0.0044822525233, "mean": 0.527737855911}, "chords_scale": "major", "hpcp_entropy": {"dmean2": 0.98941129446, "median": 3.05158877373, "min": 0, "dvar2": 0.679515302181, "dvar": 0.254481077194, "dmean": 0.576678037643, "max": 4.31869697571, "var": 0.398590117693, "mean": 2.92250967026}}, "metadata": {"audio_properties": {"equal_loudness": 0, "codec": "mp3", "downmix": "mix", "sample_rate": 44100, "analysis_sample_rate": 44100, "bit_rate": 192086, "md5_encoded": "62b5dccfa3ff045e8ee002154c38721a", "length": 57.9395904541, "replay_gain": -10.4133529663, "lossless": false}, "version": {"essentia_build_sha": "2d9f1f26377add8aeb1075a9c2973f962c4f09fd", "essentia": "2.1-beta2", "extractor": "music 1.0", "essentia_git_sha": "v2.1_beta2-1-ge3940c0"}, "tags": {"title": ["Systeemin lumoissa"], "media": ["12\" Vinyl"], "albumartist": ["Uutuus"], "musicbrainz_recordingid": ["11ea7e62-aaac-4c3e-a895-53fcc68ec12e"], "originalyear": ["1996"], "discnumber": ["1/1"], "album": ["Loppu on l\u00e4hell\u00e4"], "catalognumber": ["GEN1206"], "contentgroup": ["Punk"], "musicbrainz album type": ["album"], "musicbrainz album status": ["official"], "file_name": "14 - Systeemin lumoissa.mp3", "musicbrainz_albumartistid": ["ee03fdd5-12e3-4cb6-b7d6-8e94865d7bb3"], "date": ["1996"], "genre": ["Punk", "Hardcore Punk", "Hardcore"], "musicbrainz album release country": ["BE"], "musicbrainz_releasegroupid": ["ec1b470e-ec68-46c3-a1ba-b05cfc408190"], "script": ["Latn"], "originaldate": ["1996"], "musicbrainz_albumid": ["73156e4e-bb23-45c8-b4bb-ebbe6993c7cf"], "artist": ["Uutuus"], "artistsort": ["Uutuus"], "tracknumber": ["14/23"], "label": ["Genet Records"], "albumartistsort": ["Uutuus"], "acoustid_id": ["86fa1e3c-d4b7-4b3d-a651-42ffab59c6ee"], "musicbrainz_artistid": ["ee03fdd5-12e3-4cb6-b7d6-8e94865d7bb3"]}}, "rhythm": {"bpm_histogram_first_peak_bpm": {"dmean2": 0, "median": 133, "min": 133, "dvar2": 0, "dvar": 0, "dmean": 0, "max": 133, "var": 0, "mean": 133}, "bpm": 133.631500244, "bpm_histogram_second_peak_spread": {"dmean2": 0, "median": 0, "min": 0, "dvar2": 0, "dvar": 0, "dmean": 0, "max": 0, "var": 0, "mean": 0}, "bpm_histogram_first_peak_weight": {"dmean2": 0, "median": 0.253521114588, "min": 0.253521114588, "dvar2": 0, "dvar": 0, "dmean": 0, "max": 0.253521114588, "var": 0, "mean": 0.253521114588}, "onset_rate": 2.20853376389, "beats_position": [0.348299324512, 0.696598649025, 1.04489791393, 1.39319729805, 1.72988653183, 2.06657600403, 2.39165520668, 2.71673464775, 3.04181408882, 3.3785033226, 3.7151927948, 4.05188179016, 4.38857126236, 4.72526073456, 5.06195020676, 5.39863920212, 5.73532867432, 6.06040811539, 6.38548755646, 6.71056699753, 7.03564596176, 7.36072540283, 7.6858048439, 8.0224943161, 8.34757328033, 8.67265319824, 8.99773216248, 9.32281208038, 9.65950107574, 9.99619007111, 10.3328800201, 10.6695690155, 11.0062580109, 11.3313379288, 11.656416893, 11.9814968109, 12.3181858063, 12.6548748016, 13.0031747818, 13.3863039017, 13.7578229904, 14.1293420792, 14.5008611679, 14.9536504745, 15.4064397812, 15.8476190567, 16.2887973785, 16.7299766541, 17.1711559296, 17.5891151428, 18.0186843872, 18.4482536316, 18.8894329071, 19.3422222137, 19.7834014893, 20.2129707336, 20.6541500092, 21.1069393158, 21.5597267151, 22.0009059906, 22.430475235, 22.8716545105, 23.312833786, 23.7540130615, 24.0674819946, 24.3809528351, 24.7176418304, 25.0427207947, 25.37940979, 25.7044887543, 26.0295696259, 26.343038559, 26.6565074921, 26.9815864563, 27.3066654205, 27.6549663544, 28.0032653809, 28.3515644073, 28.6998634338, 29.0481624603, 29.4080715179, 29.8492507935, 30.3020401001, 30.7432193756, 31.1843986511, 31.6255779266, 32.0667572021, 32.5079345703, 32.9491157532, 33.3902931213, 33.843082428, 34.3074836731, 34.7602729797, 35.2130622864, 35.6774597168, 36.1302490234, 36.5830383301, 37.0358276367, 37.5002250671, 37.94140625, 38.3941955566, 38.8469848633, 39.3113822937, 39.7757797241, 40.216960907, 40.6697502136, 41.1225395203, 41.5637168884, 42.0048980713, 42.4576873779, 42.9104766846, 43.3516540527, 43.8044433594, 44.257232666, 44.7100219727, 45.1511993408, 45.6039886475, 46.0567779541, 46.5095672607, 46.9507484436, 47.3919258118, 47.8447151184, 48.2858963013, 48.7270736694, 49.1798629761, 49.6326522827, 50.0854415894, 50.5266189575, 50.9910202026, 51.4438095093, 51.8965988159, 52.3377761841, 52.7905654907, 53.2433547974, 53.696144104, 54.1489334106, 54.5901107788, 55.0429000854, 55.5073013306, 55.9600906372, 56.4244880676, 56.912109375, 57.3881187439], "beats_loudness": {"dmean2": 0.0292423032224, "median": 0.0410776026547, "min": 0.00376148894429, "dvar2": 0.000574005825911, "dvar": 0.000176282861503, "dmean": 0.0172268860042, "max": 0.0947834178805, "var": 0.000269182724878, "mean": 0.042594216764}, "danceability": 1.26430237293, "bpm_histogram_second_peak_weight": {"dmean2": 0, "median": 0.147887319326, "min": 0.147887319326, "dvar2": 0, "dvar": 0, "dmean": 0, "max": 0.147887319326, "var": 0, "mean": 0.147887319326}, "beats_count": 143, "bpm_histogram_second_peak_bpm": {"dmean2": 0, "median": 185, "min": 185, "dvar2": 0, "dvar": 0, "dmean": 0, "max": 185, "var": 0, "mean": 185}, "bpm_histogram_first_peak_spread": {"dmean2": 0, "median": 0.526315808296, "min": 0.526315808296, "dvar2": 0, "dvar": 0, "dmean": 0, "max": 0.526315808296, "var": 0, "mean": 0.526315808296}, "beats_loudness_band_ratio": {"dmean2": [0.309201896191, 0.142384976149, 0.0664420872927, 0.032655891031, 0.0609562844038, 0.194753393531], "median": [0.675935328007, 0.0567277632654, 0.0185795463622, 0.0140368081629, 0.0469704158604, 0.148274302483], "min": [0.165022581816, 0.00872963201255, 0.00150860077702, 0.00149566633627, 0.00219022645615, 0.00676049664617], "dvar2": [0.0632569715381, 0.0176260564476, 0.00796281918883, 0.00172816321719, 0.00275260559283, 0.0290801636875], "dvar": [0.022114533931, 0.00596869643778, 0.00251979846507, 0.000622324354481, 0.0009981689509, 0.0110195307061], "dmean": [0.176704242826, 0.079707197845, 0.0355819985271, 0.0181290432811, 0.0338451489806, 0.111768983305], "max": [0.960174620152, 0.373305439949, 0.251965343952, 0.152252525091, 0.212780550122, 0.672065138817], "var": [0.0337127149105, 0.00680014817044, 0.00177433690988, 0.000523522263393, 0.00153837783728, 0.0164402537048], "mean": [0.653830230236, 0.0906660184264, 0.0327105559409, 0.0203135125339, 0.0546503067017, 0.18287871778]}}, "lowlevel": {"barkbands_spread": {"dmean2": 21.8665332794, "median": 57.2205505371, "min": 1.92516851425, "dvar2": 327.637207031, "dvar": 130.436172485, "dmean": 13.2074651718, "max": 115.726470947, "var": 505.863586426, "mean": 54.4302597046}, "melbands_spread": {"dmean2": 32.0890464783, "median": 33.9221382141, "min": 0.985618650913, "dvar2": 953.422851563, "dvar": 380.909118652, "dmean": 19.1826648712, "max": 177.738037109, "var": 811.620422363, "mean": 40.2091331482}, "hfc": {"dmean2": 26.754032135, "median": 53.7349853516, "min": 1.11802988907e-16, "dvar2": 1016.78955078, "dvar": 388.550354004, "dmean": 16.1786308289, "max": 221.140380859, "var": 1132.88415527, "mean": 56.5168533325}, "barkbands_kurtosis": {"dmean2": 5.24662733078, "median": -0.280627429485, "min": -1.92611479759, "dvar2": 150.351730347, "dvar": 52.3057250977, "dmean": 3.100481987, "max": 191.662918091, "var": 124.382705688, "mean": 2.89573740959}, "gfcc": {"mean": [57.5263557434, 36.9205741882, -85.3884429932, 76.0455245972, -52.7056045532, 24.8415279388, -35.7815132141, 17.7660865784, -25.9172172546, 9.14129734039, -18.8000640869, 2.64939522743, -3.64520740509], "icov": [[0.000405332975788, 1.2217049516e-05, 0.000798043678515, -0.000644259271212, 0.000809800811112, -0.00098566734232, 0.000819745648187, -0.000775948923547, 0.000937940843869, -0.00118741893675, 0.00113492284436, -0.000700469361618, 0.000434932910139], [1.2217049516e-05, 0.00353808165528, 0.000663764716592, -0.000494259758852, 0.000196800130652, 0.000924990919884, -0.00311965332367, 0.00554073788226, -0.00435633165762, 0.00418986752629, -0.00338915851898, 0.00303384894505, -0.00199147174135], [0.000798043678515, 0.000663764716592, 0.00696539599448, -0.00188611610793, -0.00135090108961, -0.00272268964909, 0.00256793107837, -0.00157133722678, 0.000401668105042, -0.00223914650269, 0.00177713308949, -0.00449527008459, 0.00494115753099], [-0.000644259271212, -0.000494259758852, -0.00188611610793, 0.0106707094237, -0.00651856511831, 0.00254875514656, 0.0021589519456, -0.00290473550558, -0.0001926535042, 0.0020264943596, -0.00679800705984, 0.00743171060458, -0.00537706911564], [0.000809800811112, 0.000196800130652, -0.00135090108961, -0.00651856511831, 0.0195985306054, -0.00255378498696, -0.0034606391564, 0.00382854510099, -0.00106549682096, -0.0048420461826, 0.00266631855629, -0.000495628046338, 0.000412976980442], [-0.00098566734232, 0.000924990919884, -0.00272268964909, 0.00254875514656, -0.00255378498696, 0.0200045723468, -0.00918815750629, -0.000832230027299, 0.000323479034705, 0.00432227225974, -0.00322744436562, 8.42560693854e-05, 0.00270004756749], [0.000819745648187, -0.00311965332367, 0.00256793107837, 0.0021589519456, -0.0034606391564, -0.00918815750629, 0.0266179982573, -0.0157829914242, -0.000320989027387, 0.00572401005775, -0.000407921907026, -0.00696646049619, 0.00182880053762], [-0.000775948923547, 0.00554073788226, -0.00157133722678, -0.00290473550558, 0.00382854510099, -0.000832230027299, -0.0157829914242, 0.0369752906263, -0.0162586085498, -0.000675371091347, 0.00338709843345, 0.000839077518322, -0.00500899553299], [0.000937940843869, -0.00435633165762, 0.000401668105042, -0.0001926535042, -0.00106549682096, 0.000323479034705, -0.000320989027387, -0.0162586085498, 0.0454618148506, -0.0245756525546, -0.000733190681785, 0.00884092971683, -0.00240465835668], [-0.00118741893675, 0.00418986752629, -0.00223914650269, 0.0020264943596, -0.0048420461826, 0.00432227225974, 0.00572401005775, -0.000675371091347, -0.0245756525546, 0.0462328903377, -0.0197577159852, -0.00150370947085, 0.00711755594239], [0.00113492284436, -0.00338915851898, 0.00177713308949, -0.00679800705984, 0.00266631855629, -0.00322744436562, -0.000407921907026, 0.00338709843345, -0.000733190681785, -0.0197577159852, 0.046551246196, -0.018832648173, -0.00693106791005], [-0.000700469361618, 0.00303384894505, -0.00449527008459, 0.00743171060458, -0.000495628046338, 8.42560693854e-05, -0.00696646049619, 0.000839077518322, 0.00884092971683, -0.00150370947085, -0.018832648173, 0.0431552566588, -0.0144712207839], [0.000434932910139, -0.00199147174135, 0.00494115753099, -0.00537706911564, 0.000412976980442, 0.00270004756749, 0.00182880053762, -0.00500899553299, -0.00240465835668, 0.00711755594239, -0.00693106791005, -0.0144712207839, 0.0347033813596]], "cov": [[5503.36425781, -752.786376953, -345.674468994, -87.941619873, -268.471343994, 166.184783936, -119.238685608, 131.184738159, -130.286727905, 47.9304122925, -161.952789307, 18.8420677185, -104.443145752], [-752.786376953, 850.104064941, -173.007614136, 109.200683594, 36.4411277771, -81.0523376465, 43.5514717102, -104.067001343, 40.8650588989, -70.1915740967, 70.4854431152, -45.4787864685, 100.66885376], [-345.674468994, -173.007614136, 285.104949951, 12.4783477783, 48.7938270569, 29.1900253296, -7.98213243484, 23.8005466461, 12.357134819, 38.1535606384, 1.63871920109, 18.1768665314, -42.3141059875], [-87.941619873, 109.200683594, 12.4783477783, 199.821578979, 61.6851005554, -36.8932723999, -18.4240531921, -1.40082371235, 30.3302879333, 17.6399993896, 37.3635597229, -21.4496383667, 36.4598236084], [-268.471343994, 36.4411277771, 48.7938270569, 61.6851005554, 89.2437057495, -2.40531849861, 8.7164516449, -1.31278550625, 19.892780304, 14.7396240234, 17.3138046265, -3.72192573547, 6.80382204056], [166.184783936, -81.0523376465, 29.1900253296, -36.8932723999, -2.40531849861, 90.6031417847, 38.1098060608, 26.9152889252, -8.60932826996, -4.24328327179, -10.3715486526, 14.4238014221, -17.5336093903], [-119.238685608, 43.5514717102, -7.98213243484, -18.4240531921, 8.7164516449, 38.1098060608, 87.0196914673, 30.1760101318, 8.47653102875, -13.4517354965, 6.12994813919, 14.520195961, 9.60184383392], [131.184738159, -104.067001343, 23.8005466461, -1.40082371235, -1.31278550625, 26.9152889252, 30.1760101318, 68.3013458252, 19.3934440613, 18.4742145538, -3.29869937897, 9.46817970276, -4.1879734993], [-130.286727905, 40.8650588989, 12.357134819, 30.3302879333, 19.892780304, -8.60932826996, 8.47653102875, 19.3934440613, 54.3517799377, 29.918926239, 19.1787967682, -6.58720302582, 8.41703891754], [47.9304122925, -70.1915740967, 38.1535606384, 17.6399993896, 14.7396240234, -4.24328327179, -13.4517354965, 18.4742145538, 29.918926239, 59.7583618164, 19.4848766327, 6.24140501022, -7.48663330078], [-161.952789307, 70.4854431152, 1.63871920109, 37.3635597229, 17.3138046265, -10.3715486526, 6.12994813919, -3.29869937897, 19.1787967682, 19.4848766327, 53.6801643372, 16.4328670502, 26.33852005], [18.8420677185, -45.4787864685, 18.1768665314, -21.4496383667, -3.72192573547, 14.4238014221, 14.520195961, 9.46817970276, -6.58720302582, 6.24140501022, 16.4328670502, 47.0969314575, 11.9507608414], [-104.443145752, 100.66885376, -42.3141059875, 36.4598236084, 6.80382204056, -17.5336093903, 9.60184383392, -4.1879734993, 8.41703891754, -7.48663330078, 26.33852005, 11.9507608414, 60.1108474731]]}, "spectral_energyband_middle_low": {"dmean2": 0.0071331881918, "median": 0.00531494850293, "min": 2.19266425583e-22, "dvar2": 8.41115397634e-05, "dvar": 3.11526382575e-05, "dmean": 0.00415568845347, "max": 0.0611727423966, "var": 3.02984954033e-05, "mean": 0.00678787659854}, "melbands_crest": {"dmean2": 7.20318937302, "median": 17.2141056061, "min": 2.00527048111, "dvar2": 30.8163757324, "dvar": 11.257317543, "dmean": 4.37327575684, "max": 38.0942573547, "var": 23.4547920227, "mean": 17.4335956573}, "spectral_kurtosis": {"dmean2": 0.708940625191, "median": 1.31381082535, "min": -1.23046684265, "dvar2": 0.447468578815, "dvar": 0.158978655934, "dmean": 0.424189984798, "max": 5.75130319595, "var": 0.358480334282, "mean": 1.35469591618}, "spectral_rms": {"dmean2": 0.00196510995738, "median": 0.00601280620322, "min": 3.13651968981e-12, "dvar2": 2.52514428212e-06, "dvar": 9.43194208958e-07, "dmean": 0.00119638862088, "max": 0.0108344005421, "var": 2.05562969313e-06, "mean": 0.00610629329458}, "zerocrossingrate": {"dmean2": 0.0242369510233, "median": 0.1083984375, "min": 0.00537109375, "dvar2": 0.000613365555182, "dvar": 0.000417117786128, "dmean": 0.0188569296151, "max": 0.5126953125, "var": 0.002566290088, "mean": 0.11069650948}, "silence_rate_60dB": {"dmean2": 0.0012024048483, "median": 0, "min": 0, "dvar2": 0.00120094383601, "dvar": 0.000800652371254, "dmean": 0.00080128206173, "max": 1, "var": 0.00991178583354, "mean": 0.010012014769}, "erbbands_kurtosis": {"dmean2": 2.00756931305, "median": 0.856000423431, "min": -1.8083884716, "dvar2": 4.57249259949, "dvar": 1.74556791782, "dmean": 1.23676109314, "max": 15.7036504745, "var": 4.47300958633, "mean": 1.1728117466}, "erbbands": {"dmean2": [0.68525326252, 4.47437763214, 8.34794521332, 8.39259815216, 14.9897155762, 12.1820869446, 8.3006734848, 9.40181255341, 6.77990198135, 6.1248998642, 6.74639606476, 19.1503334045, 7.98933315277, 8.54353523254, 14.1322174072, 7.55902528763, 11.4632558823, 11.4361133575, 11.8732671738, 8.56672382355, 20.6438884735, 37.7974090576, 21.1714324951, 24.6889190674, 19.0278739929, 20.1409454346, 98.1942672729, 62.6124076843, 18.4817657471, 14.1531658173, 14.5277776718, 10.8473949432, 12.6669425964, 8.1633682251, 2.82719182968, 0.740506231785, 0.184332102537, 0.0230338890105, 0.00178483570926, 7.23679695511e-05], "median": [0.381709039211, 2.70426440239, 4.75200366974, 5.18925285339, 4.4564447403, 5.04805660248, 5.32897186279, 4.15074157715, 3.4275727272, 3.24049830437, 2.98032951355, 3.80174636841, 2.94216442108, 2.68358826637, 3.56479620934, 3.9855632782, 3.84111118317, 6.72666978836, 7.42651700974, 6.35212850571, 19.3255462646, 35.8770484924, 22.9783477783, 24.9922904968, 17.7472076416, 22.7485179901, 101.303657532, 81.6036453247, 20.0147533417, 13.5134325027, 17.9404258728, 10.7386341095, 16.7961292267, 10.7521352768, 2.56600761414, 0.777763187885, 0.219522759318, 0.0270279031247, 0.00115578866098, 0.000101994868601], "min": [8.47046780719e-22, 4.81233525934e-21, 7.22090708461e-21, 6.41243141678e-20, 1.07226052787e-19, 4.74871626528e-20, 4.00034205442e-20, 9.59344041159e-20, 3.82478311529e-19, 5.79687966482e-19, 9.09351804026e-19, 9.99860872676e-19, 8.30504999736e-19, 7.96937441792e-19, 1.91031220653e-18, 3.08450211708e-18, 3.49182632343e-18, 4.06781948091e-18, 3.73855610218e-18, 6.34476191636e-18, 4.53760512928e-18, 7.76282369665e-18, 1.05695451224e-17, 1.34806617045e-17, 1.00653851565e-17, 1.29423085736e-17, 1.39185645033e-17, 2.17303357855e-17, 1.97007406191e-17, 1.39342842437e-17, 1.23231341066e-17, 1.36279470028e-17, 1.40285662899e-17, 1.06561170181e-17, 6.92543939765e-18, 5.17993734471e-18, 2.22346293411e-18, 1.18996662298e-18, 3.03315524245e-19, 3.71791803637e-20], "dvar2": [0.467615157366, 20.6908092499, 94.7120132446, 75.3699035645, 567.38092041, 326.853546143, 98.0593490601, 285.747894287, 158.370773315, 73.1208572388, 216.011627197, 2343.86621094, 229.146499634, 420.455963135, 1524.78881836, 124.012138367, 517.773620605, 291.022583008, 371.982513428, 145.525268555, 603.998413086, 2421.23901367, 723.565551758, 854.414245605, 502.747344971, 515.219848633, 17573.171875, 5772.71972656, 614.956115723, 374.70880127, 301.677093506, 357.111206055, 405.619476318, 172.179351807, 46.5397186279, 2.89443254471, 0.0922672525048, 0.00135243928526, 1.06079123725e-05, 1.41641631757e-08], "dvar": [0.180195376277, 7.64716100693, 33.8274116516, 26.8045845032, 213.053329468, 119.334846497, 32.7976036072, 106.976623535, 58.5709495544, 26.6096153259, 79.5652923584, 935.164855957, 101.717063904, 182.227767944, 584.415100098, 51.9538269043, 231.782058716, 109.878433228, 155.995849609, 52.8178291321, 213.777740479, 863.184387207, 274.453186035, 307.201751709, 185.42364502, 189.150466919, 6370.79736328, 2074.86108398, 224.45350647, 142.223648071, 112.708343506, 148.245269775, 158.64390564, 71.6244354248, 19.6297836304, 1.21157717705, 0.0376316085458, 0.000582939712331, 4.3021395868e-06, 5.71468117272e-09], "dmean": [0.413561105728, 2.64673042297, 4.83390951157, 4.78438711166, 8.64397716522, 6.99739742279, 4.85447120667, 5.49873590469, 3.89146065712, 3.52612781525, 3.92452144623, 11.7584352493, 4.94910573959, 5.33440303802, 8.96358108521, 4.61376190186, 7.03179693222, 6.84583997726, 7.27806901932, 5.00939416885, 12.0790081024, 22.4480743408, 12.661356926, 14.5429954529, 11.0077152252, 11.7495651245, 57.0008506775, 37.3369102478, 10.6095933914, 8.31902980804, 8.50891017914, 6.5408821106, 7.54826164246, 4.97231674194, 1.79180967808, 0.462050020695, 0.116007171571, 0.0145244859159, 0.00108948012348, 4.41337069788e-05], "max": [3.53554677963, 21.4222583771, 65.5355758667, 47.7965660095, 154.161453247, 122.441299438, 81.1809158325, 174.754959106, 127.481834412, 85.9916763306, 148.068939209, 417.695404053, 205.893859863, 268.99130249, 475.852233887, 97.8834838867, 264.347564697, 161.910934448, 192.162017822, 108.74307251, 179.881408691, 357.412261963, 241.239944458, 206.068084717, 187.408599854, 142.270599365, 1020.61932373, 643.768859863, 183.857925415, 148.477478027, 124.518356323, 160.371643066, 170.80531311, 128.192962646, 53.3320655823, 16.181312561, 3.02127337456, 0.423248499632, 0.0314966514707, 0.00131697568577], "var": [0.245463237166, 9.43354225159, 41.6143989563, 34.0785675049, 176.336181641, 99.10572052, 79.7086257935, 113.69821167, 49.1694641113, 29.5085945129, 66.0363082886, 1219.34289551, 184.27482605, 737.953918457, 1334.30725098, 89.6613616943, 344.63079834, 166.427536011, 248.258361816, 70.8889465332, 493.88369751, 1767.53942871, 663.371337891, 597.334350586, 284.946716309, 376.052825928, 9380.74609375, 3901.81811523, 328.291687012, 232.755584717, 228.709777832, 268.318878174, 290.89956665, 150.677947998, 36.7245750427, 2.41933298111, 0.12463939935, 0.00224804482423, 8.76304511621e-06, 1.16861658128e-08], "mean": [0.536133229733, 3.55776143074, 6.68171739578, 6.79990196228, 8.96048736572, 8.09848499298, 8.45527744293, 7.1079750061, 4.99553823471, 4.77206373215, 4.95247125626, 13.7267189026, 7.04132556915, 9.64569282532, 13.77156353, 7.29903936386, 9.27839851379, 11.1349430084, 11.9249801636, 8.98399353027, 26.0397109985, 48.1999435425, 30.4828453064, 31.8149681091, 22.1623802185, 27.2227172852, 123.737335205, 92.6368026733, 23.1515731812, 16.5765991211, 19.9205513, 13.9399261475, 19.2590618134, 12.8187332153, 3.87159204483, 1.1440486908, 0.322354763746, 0.0415025316179, 0.00216692057438, 0.000126447499497]}, "spectral_strongpeak": {"dmean2": 0.363359451294, "median": 0.273856163025, "min": 0, "dvar2": 0.316367119551, "dvar": 0.112754873931, "dmean": 0.207778394222, "max": 5.6193985939, "var": 0.0912825837731, "mean": 0.336661159992}, "spectral_energy": {"dmean2": 0.0260287113488, "median": 0.0370576865971, "min": 1.00837000209e-20, "dvar2": 0.000516276049893, "dvar": 0.000196586217498, "dmean": 0.0156746152788, "max": 0.120318837464, "var": 0.000322863867041, "mean": 0.0403258986771}, "average_loudness": 0.972310841084, "spectral_rolloff": {"dmean2": 2621.42456055, "median": 4349.70703125, "min": 21.533203125, "dvar2": 6775798, "dvar": 2881118.25, "dmean": 1526.39038086, "max": 19056.8847656, "var": 6332995, "mean": 3516.92553711}, "spectral_centroid": {"dmean2": 669.904541016, "median": 2961.89355469, "min": 310.242126465, "dvar2": 375922.71875, "dvar": 198065.703125, "dmean": 411.866577148, "max": 11558.2001953, "var": 623923.75, "mean": 2804.36572266}, "pitch_salience": {"dmean2": 0.184172570705, "median": 0.555424869061, "min": 0.0840941667557, "dvar2": 0.0208574794233, "dvar": 0.00782820954919, "dmean": 0.109531328082, "max": 0.92378282547, "var": 0.0153308585286, "mean": 0.540344774723}, "spectral_energyband_middle_high": {"dmean2": 0.00208060606383, "median": 0.00299659138545, "min": 1.43357539031e-21, "dvar2": 5.2541158766e-06, "dvar": 1.984328037e-06, "dmean": 0.00128052034415, "max": 0.018539827317, "var": 7.08882089384e-06, "mean": 0.00374861829914}, "spectral_contrast_coeffs": {"dmean2": [0.10078830272, 0.0819488167763, 0.0595130808651, 0.0444375909865, 0.0327577404678, 0.0322702154517], "median": [-0.705404400826, -0.783550262451, -0.82933986187, -0.824117422104, -0.798142075539, -0.72353887558], "min": [-0.958085417747, -0.970500171185, -0.971476435661, -0.967568933964, -0.962280511856, -0.959613263607], "dvar2": [0.00633249804378, 0.00416197581217, 0.00236406736076, 0.00118150527123, 0.000692265515681, 0.000735706009436], "dvar": [0.00226654810831, 0.0014597583795, 0.000878847087733, 0.0004234603839, 0.000247404386755, 0.000287459697574], "dmean": [0.0599567815661, 0.0482127256691, 0.0363469272852, 0.0264187995344, 0.0193736553192, 0.0196868926287], "max": [-0.40535223484, -0.533253729343, -0.594509422779, -0.696816563606, -0.684382379055, -0.596991419792], "var": [0.00385707453825, 0.00278951530345, 0.00280743022449, 0.000943859515246, 0.000595839053858, 0.00138338829856], "mean": [-0.701032996178, -0.77974152565, -0.818508505821, -0.82195520401, -0.798509597778, -0.723949670792]}, "melbands_skewness": {"dmean2": 2.14867711067, "median": 3.82703495026, "min": -0.173551425338, "dvar2": 3.26295018196, "dvar": 1.25515913963, "dmean": 1.31801438332, "max": 17.1318893433, "var": 4.61580133438, "mean": 4.25853300095}, "spectral_spread": {"dmean2": 892613.1875, "median": 6054469, "min": 3731234.25, "dvar2": 1481976578050.0, "dvar": 1053796204540.0, "dmean": 572869.6875, "max": 42173556, "var": 2620111192060.0, "mean": 6240898}, "dissonance": {"dmean2": 0.0108673833311, "median": 0.492237299681, "min": 0.291252017021, "dvar2": 0.000156676134793, "dvar": 6.51916998322e-05, "dmean": 0.00635682791471, "max": 0.500000178814, "var": 8.2250640844e-05, "mean": 0.489998847246}, "spectral_skewness": {"dmean2": 0.14977620542, "median": 0.83002114296, "min": -0.0807132795453, "dvar2": 0.0198441762477, "dvar": 0.00824107974768, "dmean": 0.0890156626701, "max": 1.66513669491, "var": 0.0189295858145, "mean": 0.841966509819}, "spectral_flux": {"dmean2": 0.047728985548, "median": 0.114856414497, "min": 1.00417625604e-10, "dvar2": 0.00168148742523, "dvar": 0.000671124842484, "dmean": 0.0294334925711, "max": 0.281571149826, "var": 0.00144129176624, "mean": 0.117248632014}, "spectral_contrast_valleys": {"dmean2": [0.665066659451, 0.653317689896, 0.584587395191, 0.501233696938, 0.350612163544, 0.327194333076], "median": [-6.31966638565, -6.78582668304, -7.41939878464, -7.44940042496, -6.47509479523, -8.3223028183], "min": [-27.8041038513, -27.3990592957, -27.0016784668, -27.3072948456, -27.3369064331, -27.303352356], "dvar2": [0.429113358259, 0.441267162561, 0.364700675011, 0.320417761803, 0.243867769837, 0.221679031849], "dvar": [0.315315485001, 0.304319173098, 0.264493763447, 0.249470070004, 0.222995996475, 0.192197158933], "dmean": [0.401280015707, 0.3991355896, 0.362077832222, 0.3102850914, 0.219001576304, 0.209542170167], "max": [-5.32134008408, -5.49980640411, -5.7712802887, -5.86450910568, -5.59855556488, -7.26904678345], "var": [0.697684645653, 0.738135278225, 0.791044056416, 0.753573596478, 0.822800517082, 1.02957427502], "mean": [-6.39266204834, -6.847905159, -7.45187091827, -7.49871253967, -6.57760953903, -8.59598445892]}, "erbbands_flatness_db": {"dmean2": 0.0199522618204, "median": 0.107800297439, "min": 0.0399716496468, "dvar2": 0.000283152709017, "dvar": 0.000107836793177, "dmean": 0.0121572297066, "max": 0.180019408464, "var": 0.000307400332531, "mean": 0.108344614506}, "spectral_energyband_high": {"dmean2": 0.00369362463243, "median": 0.00640474772081, "min": 7.62154118987e-21, "dvar2": 1.92383267859e-05, "dvar": 7.23495122656e-06, "dmean": 0.00220219092444, "max": 0.0313872136176, "var": 1.83184492926e-05, "mean": 0.00678473711014}, "spectral_entropy": {"dmean2": 0.153041318059, "median": 8.20709228516, "min": 7.11545228958, "dvar2": 0.0221165399998, "dvar": 0.00990701001137, "dmean": 0.0938559174538, "max": 9.808177948, "var": 0.0527817383409, "mean": 8.16662406921}, "silence_rate_20dB": {"dmean2": 0, "median": 1, "min": 1, "dvar2": 0, "dvar": 0, "dmean": 0, "max": 1, "var": 0, "mean": 1}, "melbands_flatness_db": {"dmean2": 0.0608861595392, "median": 0.164239510894, "min": 0.00687270052731, "dvar2": 0.00225464673713, "dvar": 0.000890045717824, "dmean": 0.0371062122285, "max": 0.439263999462, "var": 0.00360056385398, "mean": 0.172332748771}, "barkbands": {"dmean2": [0.000698004907463, 0.0201369449496, 0.00736639043316, 0.00267714355141, 0.00424562674016, 0.00114359904546, 0.00040020130109, 0.000302611617371, 0.000737135007512, 0.000226722768275, 0.000357222335879, 0.000203257688554, 0.000252985337283, 0.000270629563602, 0.000181900846655, 0.000284925976302, 0.000703085912392, 0.00044598345994, 0.000401121331379, 0.000471685023513, 0.00223153992556, 0.000475423468743, 0.000487863610033, 0.000635806238279, 0.000548840500414, 0.000110284643597, 9.9677581602e-06], "median": [0.000437138776761, 0.0128826498985, 0.00383204873651, 0.00125498161651, 0.00166216446087, 0.00062109855935, 0.000220485613681, 0.000128304498503, 0.000165094970725, 7.35127323424e-05, 7.70813858253e-05, 8.65033143782e-05, 7.57655143389e-05, 0.000166037556482, 9.06331406441e-05, 0.000242388268816, 0.000646554399282, 0.000442482531071, 0.000409136118833, 0.000471104111057, 0.00265906844288, 0.000480398797663, 0.000561689783353, 0.000764317810535, 0.000669118191581, 0.000133242530865, 6.48082732368e-06], "min": [1.69304578061e-24, 2.44851002275e-23, 7.03651305683e-24, 3.33400796658e-23, 2.07145801811e-23, 8.26829727222e-24, 3.23639652698e-23, 4.30974118501e-23, 6.12127789677e-23, 1.47969811213e-23, 2.00413268415e-23, 8.34564981715e-23, 8.83349149835e-23, 7.03355703724e-23, 9.69947901873e-23, 8.1905080139e-23, 1.43317156926e-22, 1.91869715485e-22, 1.86023574601e-22, 2.58652496154e-22, 4.87438794167e-22, 4.97660361527e-22, 4.41439595342e-22, 7.8960533748e-22, 1.21568085064e-21, 1.31016907001e-21, 2.36015146718e-21], "dvar2": [5.36973004728e-07, 0.000398511037929, 7.07187427906e-05, 1.02099475043e-05, 4.53063221357e-05, 2.77486742561e-06, 3.30739965193e-07, 4.01621150559e-07, 3.0519761367e-06, 2.06582214446e-07, 8.71625729815e-07, 1.45109439131e-07, 2.40584427047e-07, 1.63429930922e-07, 9.46087297393e-08, 1.22561402804e-07, 8.41389294237e-07, 3.2481159451e-07, 1.99277664592e-07, 2.80158218402e-07, 8.49904336064e-06, 4.1528443262e-07, 3.8270229652e-07, 1.14255738026e-06, 1.01290470411e-06, 4.72609826829e-08, 2.87077528416e-10], "dvar": [2.54506204556e-07, 0.000150377629325, 2.52147819992e-05, 3.51193421011e-06, 1.6970845536e-05, 1.0130145256e-06, 1.20525896818e-07, 1.4363365608e-07, 1.24093560316e-06, 9.29849690579e-08, 3.50885841272e-07, 6.07212271575e-08, 1.05203703527e-07, 6.46087983114e-08, 3.63093697331e-08, 4.28898125904e-08, 2.9618988151e-07, 1.20129300285e-07, 7.32107565682e-08, 1.01871123093e-07, 3.11102871819e-06, 1.52230413164e-07, 1.40671900795e-07, 4.66186776293e-07, 4.30595093803e-07, 1.97883114339e-08, 1.14453869993e-10], "dmean": [0.000446868682047, 0.0120468297973, 0.00423918943852, 0.00153087882791, 0.00247494922951, 0.000665722531267, 0.000231027122936, 0.000172981395735, 0.000452246749774, 0.000135515903821, 0.000227101787459, 0.000123769335914, 0.000155037167133, 0.000161004500114, 0.000108146858111, 0.000166285652085, 0.000416851486079, 0.000266435643425, 0.00023464464175, 0.000276504259091, 0.00130720960442, 0.000276655278867, 0.000286281632725, 0.000380787736503, 0.000339931371855, 6.96259667166e-05, 6.06069215792e-06], "max": [0.00480024470016, 0.0988405421376, 0.0590276867151, 0.017905363813, 0.0404325649142, 0.0159203950316, 0.00632411893457, 0.00870043598115, 0.0175146348774, 0.00578470341861, 0.0117326471955, 0.00470156501979, 0.00553381862119, 0.00410131039098, 0.00281595205888, 0.00257237907499, 0.00681247795001, 0.00505788531154, 0.00310636893846, 0.00405533798039, 0.0257685501128, 0.00551377190277, 0.00527066132054, 0.00947943981737, 0.0086771948263, 0.00212862435728, 0.000174058834091], "var": [4.71204174346e-07, 0.000198814464966, 3.13217969961e-05, 4.1302300815e-06, 1.41926520882e-05, 1.21156961086e-06, 1.12506384653e-07, 1.1115660925e-07, 1.74340652848e-06, 2.68461519681e-07, 9.8004454685e-07, 8.73030501225e-08, 1.54164041533e-07, 1.04471737927e-07, 4.17367616024e-08, 8.00190420591e-08, 6.05760931194e-07, 2.46175488883e-07, 1.37567454317e-07, 1.88120381495e-07, 5.18365550306e-06, 2.31921674754e-07, 2.61281428493e-07, 8.53631092923e-07, 8.9341540388e-07, 5.25290175801e-08, 2.54754800588e-10], "mean": [0.000644777319394, 0.0168649796396, 0.00552339851856, 0.00189610128291, 0.00282866903581, 0.000963771133684, 0.000304771674564, 0.000211004313314, 0.000543281494174, 0.000203842035262, 0.000350821530446, 0.000174429631443, 0.000193665473489, 0.000263625173829, 0.000154554727487, 0.000324491091305, 0.000877259008121, 0.000587326823734, 0.00049920543097, 0.000576827325858, 0.0031510584522, 0.000569584954064, 0.000644417072181, 0.000919262005482, 0.000846754817758, 0.000195959582925, 1.20742652143e-05]}, "erbbands_skewness": {"dmean2": 0.548570156097, "median": -1.23737466335, "min": -3.29642391205, "dvar2": 0.220298290253, "dvar": 0.0888439416885, "dmean": 0.337231993675, "max": 1.44012844563, "var": 0.441047817469, "mean": -1.08322417736}, "erbbands_spread": {"dmean2": 20.1937274933, "median": 53.6246528625, "min": 10.9156417847, "dvar2": 264.40335083, "dvar": 103.684570313, "dmean": 12.4716558456, "max": 159.237289429, "var": 393.758911133, "mean": 56.2926445007}, "melbands_kurtosis": {"dmean2": 24.7683200836, "median": 14.7217960358, "min": -1.68935382366, "dvar2": 921.37286377, "dvar": 353.963287354, "dmean": 15.0472383499, "max": 473.15335083, "var": 1449.22753906, "mean": 26.0217933655}, "melbands": {"dmean2": [0.00576810911298, 0.00452293548733, 0.00150417629629, 0.00107985420618, 0.000293794495519, 0.000208563054912, 9.90410990198e-05, 6.80367666064e-05, 6.22483785264e-05, 0.000122145793284, 3.90766763303e-05, 3.45311527781e-05, 4.90655074827e-05, 2.41584948526e-05, 2.49531367444e-05, 2.43000686169e-05, 2.37099811784e-05, 2.27786968026e-05, 1.29318723339e-05, 1.5050050024e-05, 3.00844258163e-05, 4.60534247395e-05, 2.58127383859e-05, 2.21878308366e-05, 2.17219057959e-05, 1.59197825269e-05, 1.09236289063e-05, 1.44136674862e-05, 5.58381325391e-05, 7.16086287866e-05, 2.8901918995e-05, 1.13747628347e-05, 9.00069517229e-06, 8.55371126818e-06, 9.23067545955e-06, 7.73869487602e-06, 7.06650916982e-06, 8.69613813848e-06, 1.10288856376e-05, 6.48281866233e-06], "median": [0.00355867645703, 0.00314613361843, 0.000965853978414, 0.000336430122843, 0.000204050491448, 0.00010182159167, 5.13323211635e-05, 3.36970770149e-05, 2.29868364841e-05, 2.43905378738e-05, 1.38206669362e-05, 1.00711376945e-05, 1.1190706573e-05, 9.26996472117e-06, 1.07953756014e-05, 6.92496905685e-06, 1.31936276375e-05, 1.34161664391e-05, 6.44955525786e-06, 1.09919792521e-05, 2.5212248147e-05, 3.9288377593e-05, 2.33978371398e-05, 2.06507374969e-05, 2.00764552574e-05, 1.36376056616e-05, 9.02163355931e-06, 1.40543515954e-05, 5.338529445e-05, 7.55216169637e-05, 3.53001232725e-05, 1.00898114397e-05, 7.32290527594e-06, 6.7327364377e-06, 1.02594094642e-05, 8.41609653435e-06, 5.5532495935e-06, 9.68223139353e-06, 1.51351259774e-05, 6.55650228509e-06], "min": [7.90089398309e-24, 4.23597322404e-24, 1.31187631647e-23, 5.39161027397e-24, 1.48865527272e-24, 2.00059365691e-24, 6.34140077601e-24, 7.08116416178e-24, 6.08755125317e-24, 7.88914468876e-24, 3.81096533945e-24, 2.768099703e-24, 4.76702965227e-24, 7.31387418452e-24, 8.63625749716e-24, 8.18842747215e-24, 6.79005318851e-24, 5.47676031451e-24, 8.3019003802e-24, 5.18371032114e-24, 4.77760669928e-24, 9.0148878547e-24, 7.87222125577e-24, 9.49000773386e-24, 9.42533455027e-24, 9.3927561726e-24, 6.5334012373e-24, 8.73790301366e-24, 5.98040777059e-24, 9.83299498912e-24, 1.270268558e-23, 1.05464265923e-23, 8.00187606756e-24, 7.12235611167e-24, 7.40922537986e-24, 6.65158127838e-24, 6.8689944993e-24, 9.55034612678e-24, 7.90961720698e-24, 8.92586805699e-24], "dva