{"metadata": {"tags": {"bpm": ["154.03"], "musicip_puid": ["7c789f07-02be-e708-69f9-8becb22c0fef"], "musicbrainz_albumid": ["bb572612-98ed-4cea-8893-2cdc5dee7c81"], "genre": ["Country"], "musicbrainz_artistid": ["166c939c-a97e-44b9-b405-23d49a72df4e"], "title": ["Bring It on Back"], "tracknumber": ["03"], "artist": ["SHeDAISY"], "musicbrainz_albumartistid": ["166c939c-a97e-44b9-b405-23d49a72df4e"], "album": ["Fortuneteller's Melody"], "musicbrainz album type": ["Album"], "musicbrainz_recordingid": ["11edad3b-7f2e-4423-98a3-07971406113d"], "musicbrainz album release country": ["United States"], "date": ["2006"], "acoustid_id": ["a72c4626-7ed2-467c-a8fc-c486ba580db7"], "file_name": "SHeDAISY - Bring It on Back.mp3", "acoustid_fingerprint": ["AQADtEkZJ8rCoDLjwRYPn0R45AuPB0f16Mjr4sPhFB98HI6OC8_So76Fa9_xIxQSPjl8HrUSC8-D20ezUmEGcymqMsUf_MiPhs9R_oFMNNbw44bOwdeDX_BRyMOHND9uXDt6NA--C82L4rnxHB_6EaemIR9k9Qf843mhB3l2WD5-Hs4xbcqFC1WRfAifHfvxasU99ME7-fiUmcNzdDeS_kGOJmKPPvjRXUbz4JpKvMd79EH6EbqKXnih68iPP4EfHceP5wjjxIN2I7eBJ5fwHLUSpWjSZDQ6RUiW7Mhx5eiHXzb8o2SOuxMu70hGIdyBHz_xKMdzBt-OvD00hMEbPXgYXYit4xiexWAeND_GH0-w5wL5eNiPPh8a-jjyHs0XC021UMIZnHmK_sjxo5921MXT4EetHOGdCngE90Wv46l2Y_zBYz-Sa0eYoo_xnPhHHU274XvgiTQqd0W7HJHSQzf4JkekjBKNPhZx7miOThlxKXnwo0-I5sqFCx6PR8kj5ISYRkc-4Y-C30IZPoIrXEefJEJyIuQnPC9uGqcyOPdxJUh3Q-cMP9AoI26SoeuOJmKy48flKTgzI2Eo5BeaeAlRK9hv7A8uRSS-90jecEN-dFPROMyOE09zSXiPfwiP73A0TPugT7iIPYiPH82PsEuGUglPuDp6aNmDsCR-IYdGJQuco8uHPkeqG52InILW6MgJbyq-Cw6loWQeYnrQPOPwgxeSxchimD2udxPWrUTVxEU6HtqD_OjD4EFyC6HG4x6OslEqNEcOVQ9y9Id5_ENzHf12OCe6H5W0o3dx_LiFtkOTZuGCp8FRpFeOj9ATPIf4HX6MZ_iO54QeBk6TEaHmYT-6g0nEUErxH5EcKUdSUTJ-mNNRqYuOh8cpj0Nz_GhihhJKZse25EaoF1K-Cz7CR8eciDnORMdFNE6Depfwr8errHiOL0JyPUKeXcFRc2hGHk9E4T0elHMoPJeQykclGX-GMJOi40fecBBHxjg1uO6GhxZx6JuOU0FMHdgD8xlRh3mCSyY85seTgH6DK5gktYSl8UHIp2hyTC9-6MuOzFkunEV_TPkb4iL-RfiHUIcehGOOs8a_43-GpwuaoQ8jPIpk3EcX5kF8QuSDPDNxKosH6xUcH7Uy4mGOJ_hZtCMHi0mOV0X-4Qu0H_8QqbvQfAarUFTRtCf61JhPfEeTRdGPbjnKI38OMceLL4rwLIcm6fiPPEcz2UQkR4f2w9GFXFyMJjr4BHlySFcS5B9KHuYyCpUkxsGuE0evw0fOHKqkBCkfCe-xH_6igXJ44Tz-EOs_VI6Q_AhpXDVK4qNR5Ug_Gpp1HTnKZcGfEvGRDFeOP2hzoY-OH9-M8D2SZezxqNgL_pgy6Q2uJNsRHsmDrq3RPHBIjEryoOwR5oR0REpyXHnwZTFOEqGX44RO5Md1VMyOH95PoO2Dj0UeQaOMNCJ8tHvwo7le9GFUtHzh13jDInwO_TjC_vCZDz9SF7XjQMd7GaqZI8fxaUUfNFvjBE8ePEMz-uiDr3gseNosJD9ynniWDO0T-LBTVMOPZCODnCzOo6eJo9s7WOHR4-YR6DLCHy1zvAp-nOitEg-ujAlxFXnGH0J6HSWLX6jUDD5xscIVXKLx3UinnbAPfayg-mjUHjkTcXhOnKKIJpMr1LqEa2GHJzt6pGECfUc-PAnR4zyHJ7NQq0OPPHuQPNFRT3h4NMedB9eQLDtiJonQVDnw4zleBVcmJRLyQ_1mhIn5oNsxSolE3MibJ7jwdOiJLImU5Pik4z-egQ_249vRPPzQh5mE68hnJKQTnPGGH81RK8WjIy-14UclD-8nnEmPhD38EMczuOFxLTwm5pNwZ-Cl4y0StkJMB_aL7wo-jKLwRceTUKJx5WgiHtMePMUl4YqWI4QW7siXDweZXcVoCc2TDEWzo80T5Eu-QkspGb10XEQuF2ee4OIRvoeW58jxJFGOSsdV4jx8fHiiI49QZYpi_EeIBv3RVFmO82ioPEGlnki2I5Sz4HgSS_iFJyFxJc7xfMdfEX-RMMc6XMrxMHnwD8_BGzlzOM2xNjeOfWGPzNhxlmh-aJZ2_MKPa0GzVCK6Tw5yoXkQfhaOy0dLGj-UHZUU5NGOXseP4wpBuQlc9MeRrM-QaWKwxUyM_ni8SHhT3DzKPEiRjEyOGz3mXcOJDy6Voy-yNCtEPkQW_bh2ofnRf4h-6Dryo8qfoTF-HDfzIczjog9xVNATGnoOk0rQ60KuoA8eCXd2uCpyK0cPzZtgp8f1E8-V4jy2HXqKXPnxElT05MebFuaKUvmxH__x4zz60BK2yRaeBPmgJQ-DcN5B5coWPMQeBq5OPLiXhId_dAor5DnUHjln4XiTI4wOTQ51fEFoRYPHHsjx6MclFaI1FbVkHM17vPHwHSq1HI-CC_4ObZFE5MlbHA2XmJi45rjVYMp_9AtmNQme6EfsExJf4vsRkrlwpthx9UG1RcfXHJ_h_9gfnImRp8Q3SOuJI08cTEeTcXjpxPjxZUGtTPiPn8gTHeIrhHoofEefKPANxxlRbczx47nQXUcO0es8hNZ0PDlu3A--ZQ6m9ChXCd_BWEXzLfgxka6C87iU42pipCehScfNE_V4WFK-oNoBB7RwTAwBoBXlUSYMEAQQBwAwyjAgiARKACAEIUgYQKSyRpGimDAIMGEEBcALIQxCggkCgHMGDGGMIU4RACggghCBHQOIGEQIFsQIRYQGRACmlFXCMCCJUEgBIgwwQDAiJRKICAKAUMAIQCgDQALCHBDCCcAAEoIZIJBFDgAABAAKEACAAVhYoRCQAAgikAIAKENEQMwYQpAixBoDABEECoAQIUAQgpSgBjBsCAAEGEKAIAAQAwggBgqGCBPIYUeRAIpDqIwSAgklGBOGAUeAAIAxAi2DgIrEmAMKWCAYEIAYJDRhCJgiDKJOGMSYAdIIRhBwQhiiEAFESKEkAEoQQQAyAhBiECFEARKUEcwBYgBQ0BiACBMOAUCAoYAIAQRSQAgimACIGCWEMwYAYgBggAFjDECAGCUYUIgxIwgBwCCiDCMCGCiEcCIIZowAECCDHHDECKAUIwQJY5QQChgmDGEAEAGdQVQQ4QSRylHECHDIAECcNAQA4DhgSBmACGHIIKWINAICRRAyBikkABBAEYMgEEA4pAQCxhICgTGKUqEUYoxCRBAiDGACBBCGEKQgIAECIYgwDitHDDOMGCEYAEBQowlhUCCimCLESEMBEQRAwQwBQCnijBCcCiMcAIIxoBAAAiDHDDNKCUONEIAwAB4iSlAAFBJGOmIQIRYiohAxDBGJBCGIEEIQMYIQCQhUDmhEBAKCCOMoMIQwJYUCQggFACMiICKgoIAJQwgAghOgkFNSAOCRUEQQSgkQxhmGhAPBCCaAAA5sxYFTAAEFBDEGCEUUA4JhAAQAAglmgFEKAGAwQEAAYRwhBgEKABCCCCGEAJYpYZQxwhDBAEFGIUdUEAAQIAEAAAVBjELCCoAEEAgYoYwARgAhCHMEEGKEAMYQBhBDjAsgjSKGGQUUMU4gwzADBDDAFBMCOCgEGAAJRYAFQggA"], "language": ["eng"]}, "audio_properties": {"sample_rate": 44100, "downmix": "mix", "lossless": false, "analysis_sample_rate": 44100, "md5_encoded": "9c8a166d399e68e0eaffd22f283cb13f", "equal_loudness": 0, "replay_gain": -5.44798278809, "codec": "mp3", "bit_rate": 192000, "length": 225.35836792}, "version": {"extractor": "music 1.0", "essentia_build_sha": "2d9f1f26377add8aeb1075a9c2973f962c4f09fd", "essentia_git_sha": "v2.1_beta2-1-ge3940c0", "essentia": "2.1-beta2"}}, "rhythm": {"beats_loudness_band_ratio": {"dvar2": [0.0698889270425, 0.0388213805854, 0.0405879206955, 0.0395587421954, 0.030909858644, 0.0057642548345], "var": [0.0595600344241, 0.0207210723311, 0.0150048965588, 0.0144394356757, 0.0131280543283, 0.00218346202746], "min": [0.000523630995303, 0.0034656052012, 0.000145484445966, 9.44586499827e-05, 4.97814107803e-05, 2.41083871515e-05], "dmean": [0.227144256234, 0.126210868359, 0.1073743999, 0.0870198383927, 0.0812473446131, 0.0422399975359], "mean": [0.51733404398, 0.159833014011, 0.123344689608, 0.0951113626361, 0.0978834480047, 0.0536153689027], "max": [0.994147181511, 0.873986840248, 0.802651584148, 0.89070892334, 0.711443662643, 0.413116395473], "dmean2": [0.378370732069, 0.216002508998, 0.183868706226, 0.153625354171, 0.144187688828, 0.0716624110937], "median": [0.516403317451, 0.124331496656, 0.0853059440851, 0.0539297014475, 0.0595257282257, 0.0429914034903], "dvar": [0.031837284565, 0.0137666044757, 0.0152056608349, 0.0141960466281, 0.0113295316696, 0.00208605220541]}, "bpm_histogram_first_peak_weight": {"dvar2": 0, "var": 0, "min": 0.548161149025, "dmean": 0, "mean": 0.548161149025, "max": 0.548161149025, "dmean2": 0, "median": 0.548161149025, "dvar": 0}, "bpm": 153.887756348, "beats_count": 572, "bpm_histogram_first_peak_spread": {"dvar2": 0, "var": 0, "min": 0.0157232880592, "dmean": 0, "mean": 0.0157232880592, "max": 0.0157232880592, "dmean2": 0, "median": 0.0157232880592, "dvar": 0}, "danceability": 1.10208141804, "bpm_histogram_first_peak_bpm": {"dvar2": 0, "var": 0, "min": 152, "dmean": 0, "mean": 152, "max": 152, "dmean2": 0, "median": 152, "dvar": 0}, "beats_position": [0.406349211931, 0.847528338432, 1.28870749474, 1.69505667686, 2.08979582787, 2.48453521729, 2.86766433716, 3.25079369545, 3.64553284645, 4.04027223587, 4.42340135574, 4.80653047562, 5.20126962662, 5.59600877762, 5.99074840546, 6.37387752533, 6.7570066452, 7.1517457962, 7.5464849472, 7.92961454391, 8.31274318695, 8.70748329163, 9.10222244263, 9.49696159363, 9.89170074463, 10.2748298645, 10.6579589844, 11.0526981354, 11.4474372864, 11.8421764374, 12.2253055573, 12.6084346771, 13.0031747818, 13.3863039017, 13.7694330215, 14.1641721725, 14.5589113235, 14.9420404434, 15.3251695633, 15.7199087143, 16.114648819, 16.50938797, 16.8925170898, 17.2756462097, 17.6703853607, 18.0651245117, 18.4482536316, 18.8313827515, 19.2261219025, 19.6208610535, 20.0039901733, 20.3871192932, 20.7818584442, 21.1765975952, 21.5713367462, 21.9544658661, 22.3375968933, 22.7323360443, 23.1270751953, 23.5218143463, 23.9049434662, 24.2996826172, 24.6828117371, 25.0775508881, 25.4606800079, 25.8554191589, 26.2385482788, 26.6332874298, 27.0280265808, 27.4227657318, 27.8175048828, 28.2006340027, 28.5837631226, 28.9668922424, 29.3500213623, 29.7447605133, 30.1394996643, 30.5342407227, 30.9173698425, 31.3004989624, 31.6952381134, 32.0899772644, 32.4847145081, 32.8678436279, 33.2509727478, 33.6457138062, 34.028842926, 34.4235839844, 34.8067131042, 35.2014503479, 35.5961914063, 35.9793205261, 36.362449646, 36.7571868896, 37.151927948, 37.5350570679, 37.9181861877, 38.3129234314, 38.7076644897, 39.1024017334, 39.4971427917, 39.8802719116, 40.2634010315, 40.6581382751, 41.0528793335, 41.4476165771, 41.830745697, 42.2138786316, 42.6086158752, 43.0033569336, 43.3864860535, 43.7696151733, 44.164352417, 44.5590934753, 44.953830719, 45.3369598389, 45.7200889587, 46.1148300171, 46.5095672607, 46.8926963806, 47.2758255005, 47.6705665588, 48.0653038025, 48.4484329224, 48.8315620422, 49.2263031006, 49.6210403442, 50.0157814026, 50.4105224609, 50.8052597046, 51.1883888245, 51.5715179443, 51.9662590027, 52.3493881226, 52.7325172424, 53.1272544861, 53.5219955444, 53.9167327881, 54.3114738464, 54.6946029663, 55.0777320862, 55.4492492676, 55.8439903259, 56.2387275696, 56.6334686279, 57.0165977478, 57.3997268677, 57.794467926, 58.1892051697, 58.583946228, 58.9786834717, 59.3618125916, 59.7449417114, 60.1396827698, 60.5344200134, 60.9175491333, 61.3006782532, 61.6954193115, 62.0901565552, 62.4848976135, 62.8796348572, 63.2743759155, 63.6458930969, 64.0406341553, 64.4353713989, 64.8185043335, 65.2016296387, 65.5963668823, 65.9794998169, 66.3742370605, 66.7573699951, 67.1521072388, 67.5468444824, 67.929977417, 68.3131027222, 68.7078475952, 69.1025848389, 69.4973220825, 69.8804550171, 70.2635803223, 70.6583175659, 71.053062439, 71.4477996826, 71.8309249878, 72.2140579224, 72.608795166, 72.9919281006, 73.3750534058, 73.7697982788, 74.1645355225, 74.5592727661, 74.9424057007, 75.3255310059, 75.7202682495, 76.1150131226, 76.4981384277, 76.8812713623, 77.276008606, 77.6707458496, 78.0654830933, 78.4602279663, 78.8433532715, 79.2264862061, 79.6212234497, 80.0159606934, 80.410697937, 80.7938308716, 81.1769561768, 81.5717010498, 81.954826355, 82.3379592896, 82.7326965332, 83.1274337769, 83.5221786499, 83.9169158936, 84.3000411987, 84.6831741333, 85.077911377, 85.4610443115, 85.8441696167, 86.2389068604, 86.6336517334, 87.0283889771, 87.4115142822, 87.7946472168, 88.1893844604, 88.5841217041, 88.9788665771, 89.3736038208, 89.7683410645, 90.1630859375, 90.5462112427, 90.9293441772, 91.3124694824, 91.695602417, 92.0903396606, 92.4850769043, 92.8798141479, 93.2629470825, 93.6460723877, 94.0408172607, 94.4239425659, 94.8070755005, 95.2018127441, 95.5965499878, 95.9796829224, 96.374420166, 96.7575454712, 97.1522903442, 97.5470275879, 97.9301605225, 98.3132858276, 98.7080230713, 99.1027679443, 99.4858932495, 99.8690261841, 100.263763428, 100.658500671, 101.053237915, 101.447982788, 101.831108093, 102.214241028, 102.597366333, 102.992103577, 103.38684845, 103.781585693, 104.164710999, 104.559455872, 104.942581177, 105.33732605, 105.732063293, 106.115188599, 106.509933472, 106.904670715, 107.299407959, 107.682540894, 108.065666199, 108.448799133, 108.831924438, 109.226661682, 109.621406555, 110.016143799, 110.410881042, 110.794013977, 111.177139282, 111.571876526, 111.966621399, 112.349746704, 112.732879639, 113.127616882, 113.522354126, 113.905487061, 114.288612366, 114.683357239, 115.078094482, 115.472831726, 115.855964661, 116.250701904, 116.633827209, 117.028572083, 117.411697388, 117.794830322, 118.189567566, 118.58430481, 118.979042053, 119.362174988, 119.745300293, 120.140045166, 120.53478241, 120.929519653, 121.312652588, 121.695777893, 122.090522766, 122.473648071, 122.856781006, 123.25151825, 123.646255493, 124.040992737, 124.43573761, 124.830474854, 125.225212097, 125.608345032, 125.991470337, 126.374603271, 126.757728577, 127.15246582, 127.535598755, 127.91872406, 128.313461304, 128.708206177, 129.10295105, 129.486068726, 129.86920166, 130.263946533, 130.647079468, 131.030197144, 131.424942017, 131.81968689, 132.214416504, 132.597549438, 132.980682373, 133.375411987, 133.77015686, 134.164901733, 134.559631348, 134.942764282, 135.337509155, 135.720626831, 136.115371704, 136.498504639, 136.881637573, 137.276367188, 137.671112061, 138.065841675, 138.460586548, 138.855331421, 139.250061035, 139.644805908, 140.027938843, 140.411056519, 140.794189453, 141.177322388, 141.572067261, 141.966796875, 142.34992981, 142.733062744, 143.11618042, 143.510925293, 143.905670166, 144.30039978, 144.695144653, 145.089889526, 145.473007202, 145.867752075, 146.239273071, 146.634017944, 147.028747559, 147.411880493, 147.795013428, 148.189743042, 148.584487915, 148.979232788, 149.362350464, 149.745483398, 150.140228271, 150.534957886, 150.929702759, 151.324447632, 151.707565308, 152.090698242, 152.473831177, 152.856964111, 153.251693726, 153.63482666, 154.017959595, 154.412689209, 154.807434082, 155.202178955, 155.596908569, 155.991653442, 156.374786377, 156.757904053, 157.152648926, 157.53578186, 157.930511475, 158.313644409, 158.696777344, 159.079910278, 159.474639893, 159.869384766, 160.264129639, 160.658859253, 161.053604126, 161.448348999, 161.843078613, 162.226211548, 162.609344482, 163.004074097, 163.39881897, 163.781951904, 164.16506958, 164.559814453, 164.942947388, 165.337677002, 165.732421875, 166.127166748, 166.510284424, 166.893417358, 167.276550293, 167.671295166, 168.06602478, 168.449157715, 168.832290649, 169.227020264, 169.621765137, 170.01651001, 170.399627686, 170.794372559, 171.177505493, 171.572235107, 171.955368042, 172.338500977, 172.73324585, 173.127975464, 173.511108398, 173.894241333, 174.288970947, 174.68371582, 175.078460693, 175.473190308, 175.856323242, 176.239456177, 176.634185791, 177.017318726, 177.40045166, 177.795196533, 178.189926147, 178.584671021, 178.979400635, 179.374145508, 179.745666504, 180.128799438, 180.511917114, 180.906661987, 181.30140686, 181.696136475, 182.079269409, 182.474014282, 182.857131958, 183.251876831, 183.646621704, 184.0181427, 184.412872314, 184.807617188, 185.21395874, 185.597091675, 185.980224609, 186.363357544, 186.758087158, 187.152832031, 187.547576904, 187.93069458, 188.313827515, 188.708572388, 189.103302002, 189.486434937, 189.869567871, 190.264297485, 190.659042358, 191.053787231, 191.448516846, 191.843261719, 192.238006592, 192.632736206, 193.027481079, 193.399002075, 193.770523071, 194.153640747, 194.54838562, 194.931518555, 195.326248169, 195.720993042, 196.115737915, 196.510467529, 196.893600464, 197.288345337, 197.671463013, 198.054595947, 198.437728882, 198.832473755, 199.227203369, 199.621948242, 200.016693115, 200.399810791, 200.782943726, 201.16607666, 201.560806274, 201.943939209, 202.338684082, 202.733413696, 203.128158569, 203.511291504, 203.894424438, 204.289154053, 204.683898926, 205.07862854, 205.461761475, 205.856506348, 206.239639282, 206.622756958, 207.017501831, 207.400634766, 207.79536438, 208.190109253, 208.584854126, 208.97958374, 209.362716675, 209.757461548, 210.140579224, 210.523712158, 210.906845093, 211.301589966, 211.69631958, 212.091064453, 212.474197388, 212.857315063, 213.252059937, 213.64680481, 214.041534424, 214.424667358, 214.819412231, 215.202529907, 215.59727478, 215.992019653, 216.398361206, 216.804718018, 217.222671509, 217.640625, 218.046981812, 218.534591675, 219.022216797, 219.509841919, 219.997451782, 220.485076904, 220.972686768, 221.506759644, 222.040817261, 222.574874878, 223.120544434, 223.654602051, 224.200271606, 224.745941162], "beats_loudness": {"dvar2": 0.00047858664766, "var": 0.000357259414159, "min": 2.72122792921e-06, "dmean": 0.0158270709217, "mean": 0.0360003747046, "max": 0.107290387154, "dmean2": 0.0258270073682, "median": 0.0360238775611, "dvar": 0.000184296106454}, "bpm_histogram_second_peak_weight": {"dvar2": 0, "var": 0, "min": 0.401050776243, "dmean": 0, "mean": 0.401050776243, "max": 0.401050776243, "dmean2": 0, "median": 0.401050776243, "dvar": 0}, "bpm_histogram_second_peak_spread": {"dvar2": 0, "var": 0, "min": 0.0296609960496, "dmean": 0, "mean": 0.0296609960496, "max": 0.0296609960496, "dmean2": 0, "median": 0.0296609960496, "dvar": 0}, "bpm_histogram_second_peak_bpm": {"dvar2": 0, "var": 0, "min": 157, "dmean": 0, "mean": 157, "max": 157, "dmean2": 0, "median": 157, "dvar": 0}, "onset_rate": 3.10596370697}, "lowlevel": {"spectral_energyband_high": {"dvar2": 6.2626889985e-07, "var": 7.61451929066e-07, "min": 8.05476976555e-21, "dmean": 0.000265292823315, "mean": 0.000758253678214, "max": 0.0133704803884, "dmean2": 0.000404920079745, "median": 0.000542486202903, "dvar": 2.74425104863e-07}, "spectral_energyband_middle_low": {"dvar2": 0.000112502493721, "var": 6.98623989592e-05, "min": 3.43660576441e-22, "dmean": 0.00361185218208, "mean": 0.00912930257618, "max": 0.0761044621468, "dmean2": 0.00579724181443, "median": 0.00685861520469, "dvar": 4.4691554649e-05}, "spectral_energy": {"dvar2": 0.000506888260134, "var": 0.000323355692672, "min": 1.10842266706e-20, "dmean": 0.00759423850104, "mean": 0.0249243658036, "max": 0.139540761709, "dmean2": 0.0121001005173, "median": 0.0219287499785, "dvar": 0.000205960459425}, "spectral_spread": {"dvar2": 570032652288, "var": 2000842784770.0, "min": 894131.8125, "dmean": 433755.78125, "mean": 4425332.5, "max": 40014908, "dmean2": 600860.3125, "median": 4265183.5, "dvar": 401328046080}, "spectral_energyband_low": {"dvar2": 0.000387196254451, "var": 0.000160441879416, "min": 6.72157138447e-23, "dmean": 0.00463910447434, "mean": 0.00845286529511, "max": 0.124975070357, "dmean2": 0.00750575214624, "median": 0.00579423783347, "dvar": 0.000157804097398}, "spectral_rolloff": {"dvar2": 1040074.9375, "var": 1497668.375, "min": 64.599609375, "dmean": 378.430145264, "mean": 1524.52709961, "max": 18841.5527344, "dmean2": 618.096313477, "median": 1291.9921875, "dvar": 507506.90625}, "barkbands": {"dvar2": [1.37913343679e-06, 0.00015318642545, 9.08512447495e-05, 2.06228778552e-05, 2.64352438535e-05, 7.61532464821e-06, 4.32395836469e-06, 1.94718109015e-06, 4.02878958994e-06, 4.63997594125e-06, 1.77474157681e-06, 1.74555225385e-06, 1.30790385811e-06, 1.60413799222e-06, 1.97374856725e-06, 2.04587058761e-06, 2.70385999102e-06, 6.29117209883e-07, 3.10525166469e-07, 1.55084535436e-07, 6.48227356237e-08, 5.99858793748e-08, 4.37653966401e-08, 1.30021327038e-08, 8.58486082222e-09, 2.77150369321e-09, 2.45370113117e-10], "var": [8.06282230315e-07, 6.83390389895e-05, 2.30241948884e-05, 6.92217054166e-06, 1.75013301487e-05, 6.63595574224e-06, 3.53288896804e-06, 2.57749820776e-06, 4.84034853798e-06, 7.86033433542e-06, 7.12235532774e-06, 2.81051302409e-06, 2.1890584776e-06, 1.47379603277e-06, 1.91234607883e-06, 2.92704476124e-06, 4.72885994895e-06, 7.30904162083e-07, 3.21768482081e-07, 2.10540903822e-07, 4.71806842484e-08, 3.74683821747e-08, 4.5042096275e-08, 1.50354484418e-08, 9.28626242569e-09, 2.50228793242e-09, 1.6891683885e-10], "min": [3.63556014502e-24, 6.4942011612e-24, 5.10655538587e-23, 1.24287772965e-23, 6.0955471473e-23, 2.76731711354e-23, 8.25792974666e-23, 5.80245439767e-23, 8.92853030477e-23, 3.65929192095e-23, 8.18970590014e-23, 1.00389107201e-22, 1.84344462076e-22, 7.94132326225e-23, 9.50688904169e-23, 1.43621543639e-22, 2.12824902975e-22, 2.95797368717e-22, 2.11531928397e-22, 3.62742200349e-22, 5.45270149263e-22, 4.92114606255e-22, 8.27411086155e-22, 7.81569104153e-22, 1.34720731382e-21, 1.75200468615e-21, 2.29140742684e-21], "dmean": [0.000269196374575, 0.00299827824347, 0.00186340510845, 0.00109781860374, 0.00160972087178, 0.000917736906558, 0.000574843201321, 0.000397024617996, 0.000603328808211, 0.000567024399061, 0.000353591982275, 0.000353964074748, 0.000259782624198, 0.000250424840488, 0.000329869741108, 0.000379165809136, 0.000453600514447, 0.000260642613284, 0.000220518617425, 0.000149709900143, 8.52743614814e-05, 5.9495538153e-05, 4.41225638497e-05, 3.29396825691e-05, 2.60275664914e-05, 1.4212604583e-05, 4.7514945436e-06], "mean": [0.00030631176196, 0.00515174213797, 0.0025994151365, 0.00126074207947, 0.00295332400128, 0.00156465056352, 0.00105542608071, 0.000798029417638, 0.00133547140285, 0.00110438885167, 0.000908931600861, 0.000724275072571, 0.000494647130836, 0.000427321792813, 0.000562043685932, 0.000699748459738, 0.00101973011624, 0.000561956490856, 0.000466923986096, 0.000369478599168, 0.000182171395863, 0.000112864770927, 9.31516115088e-05, 7.70938931964e-05, 5.70201300434e-05, 2.95697827823e-05, 7.96810309112e-06], "max": [0.00962451752275, 0.0822308063507, 0.0571243911982, 0.0357844606042, 0.0411993041635, 0.0335363261402, 0.0227689519525, 0.0336119830608, 0.0254733972251, 0.03624529019, 0.0370782762766, 0.0276152137667, 0.0277285687625, 0.0207172371447, 0.029791764915, 0.0254774261266, 0.0296541471034, 0.0129407625645, 0.00847102701664, 0.00532400654629, 0.00450100004673, 0.00339641841128, 0.0040116449818, 0.00209439266473, 0.0021524017211, 0.00158224976622, 0.000252297206316], "dmean2": [0.000399106822442, 0.00486905453727, 0.00328159914352, 0.00184150447603, 0.00262382510118, 0.00154553574976, 0.000937733566388, 0.000588109658565, 0.000927082670387, 0.000829792756122, 0.000507420743816, 0.000537006941158, 0.000396321818698, 0.000391363282688, 0.000518811924849, 0.000563821056858, 0.000691966211889, 0.000424443685915, 0.000358680117643, 0.000238198786974, 0.000140175718116, 9.70590335783e-05, 6.80215016473e-05, 5.05018979311e-05, 3.85225357604e-05, 2.06518943742e-05, 7.21611013432e-06], "median": [4.61820600322e-05, 0.00342949363403, 0.0015542616602, 0.000505149422679, 0.00159669097047, 0.000776893983129, 0.00040976292803, 0.000348514964571, 0.000606979127042, 0.00026173927472, 0.000165764125995, 0.000221831083763, 0.000185848140973, 0.000146834601765, 0.000206989236176, 0.00017370506248, 0.000329648028128, 0.000287978589768, 0.00030056227115, 0.000244686059887, 0.000125470338389, 6.72705718898e-05, 4.22766170232e-05, 4.29524297942e-05, 3.09315946652e-05, 1.46983693412e-05, 2.88102819468e-06], "dvar": [6.11375867265e-07, 6.50184883852e-05, 3.26384069922e-05, 7.9025830928e-06, 1.03701968328e-05, 3.07483537654e-06, 1.70349449036e-06, 9.49762807068e-07, 1.79247433607e-06, 2.28418343795e-06, 1.03681850305e-06, 8.21867502054e-07, 6.2381366206e-07, 6.98001201727e-07, 8.71212762377e-07, 1.05851790977e-06, 1.26087343233e-06, 2.57731159081e-07, 1.23373681049e-07, 6.69725110924e-08, 2.45939997257e-08, 2.4239247054e-08, 2.00126795136e-08, 6.28760288279e-09, 4.2712104964e-09, 1.30316624158e-09, 1.05422406915e-10]}, "melbands_skewness": {"dvar2": 1.69284784794, "var": 4.0042924881, "min": -2.17810368538, "dmean": 0.645400106907, "mean": 2.51929593086, "max": 24.4869441986, "dmean2": 0.965494096279, "median": 2.07105445862, "dvar": 0.810781002045}, "barkbands_skewness": {"dvar2": 0.932981550694, "var": 3.02238130569, "min": -3.03155517578, "dmean": 0.484957903624, "mean": 1.47131168842, "max": 22.3414802551, "dmean2": 0.722539842129, "median": 1.09791696072, "dvar": 0.441662371159}, "erbbands": {"dvar2": [0.0986579284072, 12.063706398, 134.773727417, 82.2080535889, 466.012969971, 287.920288086, 366.834136963, 820.11315918, 966.393615723, 810.399047852, 1016.79431152, 1755.67993164, 2933.98974609, 4756.9453125, 1316.22924805, 1497.35241699, 2165.00366211, 1905.81433105, 5344.71435547, 2313.22314453, 7277.48339844, 4516.71777344, 2078.42895508, 909.890563965, 346.874023438, 341.683074951, 179.376922607, 65.2665023804, 100.80329895, 53.6140213013, 36.8740005493, 10.9185171127, 3.12582564354, 1.37875270844, 0.407867908478, 0.0727095156908, 0.00941794831306, 0.000445453712018, 9.9118997241e-06, 8.75611938511e-09], "var": [0.0562282800674, 4.10973501205, 33.0534095764, 27.5852642059, 200.443557739, 241.478347778, 411.582183838, 652.355285645, 688.663757324, 681.369140625, 1131.24389648, 1657.33789063, 5207.45214844, 13486.0732422, 3631.04492188, 2489.62841797, 4542.97558594, 1599.84179688, 4744.31396484, 2794.39404297, 15504.3574219, 7288.77392578, 2616.70629883, 1094.65307617, 491.325653076, 448.401153564, 170.779327393, 39.1637611389, 50.5979881287, 47.9171943665, 36.5172920227, 11.6989746094, 3.137362957, 1.52552247047, 0.3894931674, 0.0748752206564, 0.00695286970586, 0.000312466931064, 6.88541103955e-06, 6.18292217425e-09], "min": [1.89257184872e-22, 2.20009121086e-21, 3.56282264087e-20, 6.85041321137e-20, 8.56873617734e-20, 2.06810688624e-19, 3.50996980638e-19, 1.880718295e-19, 7.35388069785e-19, 1.84643380411e-18, 1.43234667248e-18, 1.78975538854e-18, 1.27736280419e-18, 3.02108342029e-18, 1.82948239182e-18, 5.10763100582e-18, 7.94522942943e-18, 5.39800572882e-18, 4.18692811244e-18, 8.00807861237e-18, 6.50148286394e-18, 1.2830113104e-17, 1.68975280936e-17, 1.13837621604e-17, 1.15629989642e-17, 2.1434428465e-17, 1.93713457187e-17, 2.21372391637e-17, 1.89042732227e-17, 2.06753132363e-17, 2.17654578743e-17, 1.98990422817e-17, 1.18694404298e-17, 1.39410158395e-17, 1.03731732721e-17, 5.63015893082e-18, 3.57329906427e-18, 1.35540884595e-18, 3.06935421702e-19, 3.57361799409e-20], "dmean": [0.0778466314077, 0.771502137184, 2.17520284653, 2.48701643944, 5.33174085617, 5.27386665344, 6.04282522202, 9.49983310699, 8.02007579803, 8.29147624969, 8.45851612091, 12.3012895584, 17.0437450409, 17.3679656982, 10.9979228973, 10.8979635239, 10.9416875839, 9.75740242004, 15.3725786209, 13.3719768524, 23.2957210541, 20.1071720123, 14.5683822632, 11.4899511337, 7.47325992584, 6.93516254425, 4.90066480637, 2.3610098362, 2.27377533913, 1.46804153919, 1.28551137447, 0.85208016634, 0.509935736656, 0.333886265755, 0.169936567545, 0.0774805396795, 0.0235700830817, 0.00587156508118, 0.00096947333077, 3.10516625177e-05], "mean": [0.12882450223, 1.21896147728, 3.0765786171, 3.44316601753, 7.19298553467, 9.21732139587, 11.6511907578, 15.3726530075, 14.6525812149, 16.8026256561, 17.5590248108, 25.7552165985, 38.1866645813, 46.9307327271, 27.8336372375, 22.7112922668, 22.9733867645, 19.098449707, 28.0661888123, 27.0783901215, 54.5611915588, 50.6834564209, 34.0057373047, 27.5019321442, 18.928894043, 17.0471725464, 11.204331398, 4.98886919022, 4.13175296783, 2.96469259262, 2.65317893028, 1.87840247154, 1.16264641285, 0.725595235825, 0.352031290531, 0.160234615207, 0.0462528727949, 0.0108707863837, 0.00160743843298, 7.12360342732e-05], "max": [2.27915430069, 22.4955692291, 71.1456298828, 80.4602966309, 158.411376953, 187.185150146, 248.613525391, 409.781799316, 456.558837891, 493.160369873, 866.853271484, 690.06036377, 1046.07324219, 1650.37023926, 1231.01623535, 872.196166992, 1364.24328613, 1060.93798828, 1131.3873291, 875.943054199, 1699.82250977, 1093.94641113, 690.049926758, 646.506164551, 417.206420898, 274.499084473, 197.506484985, 103.68258667, 142.283111572, 168.326965332, 116.687896729, 76.4542541504, 44.4587631226, 33.5981216431, 18.8890953064, 7.46091747284, 2.67422318459, 0.467822134495, 0.0466873757541, 0.00117587205023], "dmean2": [0.120046399534, 1.29827284813, 3.85476589203, 4.20741891861, 8.64408779144, 8.73060798645, 9.68583965302, 16.2946567535, 13.0210123062, 13.0995197296, 12.3745441437, 18.8028907776, 24.8213882446, 24.9595165253, 16.2570114136, 15.8664865494, 16.1253242493, 14.9436416626, 24.0483036041, 20.3626270294, 34.2885856628, 31.5069561005, 23.4932422638, 18.4958438873, 11.9668254852, 10.9384975433, 7.99418544769, 3.86129331589, 3.74060678482, 2.31478095055, 1.96550381184, 1.31348276138, 0.777224183083, 0.502219855785, 0.254666566849, 0.112735673785, 0.0354022309184, 0.00890530925244, 0.00147382507566, 4.72699503007e-05], "median": [0.0715482532978, 0.813510358334, 1.79493439198, 1.89832699299, 2.71696305275, 4.45375394821, 5.43931913376, 7.41036176682, 6.75015258789, 7.99439382553, 8.43218421936, 12.4072885513, 15.4776039124, 10.6971788406, 10.8158378601, 8.14165210724, 9.34683132172, 9.02369689941, 10.9102058411, 10.2226009369, 13.0846910477, 20.693025589, 18.2361488342, 17.7675056458, 12.8840551376, 11.2155704498, 7.66669082642, 3.53452730179, 2.41716885567, 1.50076055527, 1.1632245779, 0.919113397598, 0.678336322308, 0.403753638268, 0.181077674031, 0.0786920562387, 0.0228573624045, 0.00470661045983, 0.000557122984901, 4.65390803583e-05], "dvar": [0.0444994159043, 4.78761386871, 48.1172714233, 31.2766647339, 183.993606567, 117.378540039, 156.744598389, 318.990814209, 376.95489502, 322.31741333, 485.61038208, 756.807006836, 1445.75817871, 2196.99145508, 641.69140625, 770.497253418, 1112.79248047, 844.191223145, 2274.92529297, 1108.59924316, 3682.09692383, 1890.51696777, 860.409423828, 375.037689209, 147.905456543, 146.169570923, 70.090965271, 25.0774078369, 38.7610931396, 23.1982517242, 16.9795131683, 5.25713014603, 1.42787468433, 0.68625420332, 0.199509426951, 0.0361613556743, 0.00417019845918, 0.000191000654013, 4.26824590249e-06, 3.72284203465e-09]}, "silence_rate_30dB": {"dvar2": 0, "var": 0, "min": 1, "dmean": 0, "mean": 1, "max": 1, "dmean2": 0, "median": 1, "dvar": 0}, "melbands_spread": {"dvar2": 144.882614136, "var": 369.94909668, "min": 0.320416808128, "dmean": 6.17734050751, "mean": 27.7152671814, "max": 233.090499878, "dmean2": 9.40119075775, "median": 25.5577640533, "dvar": 67.9789505005}, "melbands_crest": {"dvar2": 17.7536315918, "var": 28.3456230164, "min": 1.71433603764, "dmean": 2.61567616463, "mean": 13.6295471191, "max": 33.4601707458, "dmean2": 4.23269128799, "median": 12.5382423401, "dvar": 7.35797452927}, "zerocrossingrate": {"dvar2": 0.000142517033964, "var": 0.000971410074271, "min": 0.001953125, "dmean": 0.0081665115431, "mean": 0.0606395825744, "max": 0.49755859375, "dmean2": 0.00958621129394, "median": 0.0615234375, "dvar": 0.000121690616652}, "barkbands_kurtosis": {"dvar2": 253.715118408, "var": 788.749572754, "min": -1.93071579933, "dmean": 3.29847121239, "mean": 6.65128803253, "max": 912.515625, "dmean2": 4.98868751526, "median": 0.716044425964, "dvar": 149.355453491}, "spectral_flux": {"dvar2": 0.00224374514073, "var": 0.00259672733955, "min": 1.05281651452e-10, "dmean": 0.0243273694068, "mean": 0.0767542719841, "max": 0.323318123817, "dmean2": 0.0382153466344, "median": 0.0643599405885, "dvar": 0.00106575991958}, "barkbands_crest": {"dvar2": 11.7709522247, "var": 19.6656665802, "min": 2.25533890724, "dmean": 2.12615013123, "mean": 9.65107536316, "max": 26.4852828979, "dmean2": 3.42660355568, "median": 8.57768058777, "dvar": 4.72790288925}, "barkbands_flatness_db": {"dvar2": 0.000907783862203, "var": 0.00630899332464, "min": 0.0237401630729, "dmean": 0.0174792930484, "mean": 0.130239650607, "max": 0.475590407848, "dmean2": 0.0256380382925, "median": 0.100519321859, "dvar": 0.000468172394903}, "spectral_entropy": {"dvar2": 0.0610551424325, "var": 0.336139023304, "min": 4.14917039871, "dmean": 0.141495496035, "mean": 7.47513246536, "max": 9.80437469482, "dmean2": 0.198654666543, "median": 7.63316869736, "dvar": 0.0356459096074}, "pitch_salience": {"dvar2": 0.00860652234405, "var": 0.0104422187433, "min": 0.0629853978753, "dmean": 0.059414435178, "mean": 0.520593702793, "max": 0.866013467312, "dmean2": 0.0963083058596, "median": 0.525925934315, "dvar": 0.0034376741387}, "erbbands_spread": {"dvar2": 180.622116089, "var": 392.677215576, "min": 1.20474529266, "dmean": 7.14916992188, "mean": 37.276473999, "max": 173.850326538, "dmean2": 10.6184530258, "median": 34.9246520996, "dvar": 88.7249832153}, "dynamic_complexity": 3.34820461273, "spectral_contrast_valleys": {"dvar2": [0.25362944603, 0.267150908709, 0.217669084668, 0.190573096275, 0.169309809804, 0.209547802806], "var": [0.916063725948, 1.08572506905, 1.44697618484, 1.48697566986, 1.68015646935, 1.95148801804], "min": [-27.2623653412, -26.9182834625, -27.5355682373, -27.099899292, -27.40675354, -27.247089386], "dmean": [0.343668490648, 0.343227922916, 0.316151618958, 0.284722566605, 0.243190124631, 0.261423677206], "mean": [-7.06403255463, -6.9699420929, -7.64995384216, -8.03684520721, -7.53914451599, -10.2369403839], "max": [-5.04415512085, -4.64381933212, -5.27981042862, -5.8200969696, -5.47997045517, -7.86997127533], "dmean2": [0.565781831741, 0.556321561337, 0.495776474476, 0.435441076756, 0.353626340628, 0.345490723848], "median": [-6.87917661667, -6.75512456894, -7.35784006119, -7.73124456406, -7.16334629059, -9.82685565948], "dvar": [0.112609751523, 0.118271201849, 0.107836924493, 0.0986926630139, 0.0969161912799, 0.137112975121]}, "hfc": {"dvar2": 96.0118331909, "var": 295.843322754, "min": 1.20706284565e-16, "dmean": 4.35414886475, "mean": 21.6598491669, "max": 105.289535522, "dmean2": 6.66231536865, "median": 16.8954944611, "dvar": 42.4431304932}, "spectral_kurtosis": {"dvar2": 31.8728561401, "var": 49.3913803101, "min": -1.19805943966, "dmean": 1.68429458141, "mean": 5.79756832123, "max": 99.2933502197, "dmean2": 2.79719734192, "median": 4.29746818542, "dvar": 11.2971000671}, "mfcc": {"mean": [-646.428344727, 120.54045105, 0.618307650089, 31.6064758301, 7.13663053513, -1.67173159122, 7.80391645432, 4.77993774414, 1.96920025349, 2.43183779716, -2.31303215027, 1.68639028072, -0.812376081944], "cov": [[9995.18164063, -1357.3927002, -1456.64074707, -263.940551758, -271.03616333, -316.72857666, -152.78515625, 472.681884766, 217.287216187, 130.396362305, -132.956771851, -99.4256134033, -91.428604126], [-1357.3927002, 1086.94750977, 98.8741912842, 1.33523547649, -24.3398513794, -24.9951438904, 125.084289551, -116.863136292, -57.5743675232, -29.7255973816, 0.823925495148, -6.88316202164, -32.7512741089], [-1456.64074707, 98.8741912842, 805.900085449, 93.888381958, 33.7707138062, 110.986320496, -5.83546876907, -95.651222229, -27.0302124023, -55.1111221313, 54.2440109253, 17.8726615906, 4.67773199081], [-263.940551758, 1.33523547649, 93.888381958, 267.18963623, 97.516166687, 14.5075244904, -50.9104995728, -13.1386356354, 7.38176870346, -26.634557724, 20.2762680054, 34.0829277039, 3.00964665413], [-271.03616333, -24.3398513794, 33.7707138062, 97.516166687, 200.233230591, 21.8845615387, -67.8614654541, 0.39688616991, 15.0964317322, -20.790353775, -0.310687333345, 31.5105667114, 1.94801223278], [-316.72857666, -24.9951438904, 110.986320496, 14.5075244904, 21.8845615387, 221.847366333, 51.1406974792, -7.62509155273, -20.2624340057, -7.76301288605, 42.9811134338, -11.3287773132, 16.8428421021], [-152.78515625, 125.084289551, -5.83546876907, -50.9104995728, -67.8614654541, 51.1406974792, 187.093032837, 4.19033193588, -6.24940681458, 13.9517402649, 11.8846540451, -23.4862918854, -1.02073323727], [472.681884766, -116.863136292, -95.651222229, -13.1386356354, 0.39688616991, -7.62509155273, 4.19033193588, 145.19569397, 44.3799057007, 13.9573106766, -6.8766040802, 10.697218895, 24.1010417938], [217.287216187, -57.5743675232, -27.0302124023, 7.38176870346, 15.0964317322, -20.2624340057, -6.24940681458, 44.3799057007, 117.647483826, 19.2803173065, 11.0750818253, -2.99018716812, -0.805682182312], [130.396362305, -29.7255973816, -55.1111221313, -26.634557724, -20.790353775, -7.76301288605, 13.9517402649, 13.9573106766, 19.2803173065, 92.1265563965, 15.7831106186, -5.05786800385, 0.296762466431], [-132.956771851, 0.823925495148, 54.2440109253, 20.2762680054, -0.310687333345, 42.9811134338, 11.8846540451, -6.8766040802, 11.0750818253, 15.7831106186, 104.421951294, 14.0505571365, 4.77771377563], [-99.4256134033, -6.88316202164, 17.8726615906, 34.0829277039, 31.5105667114, -11.3287773132, -23.4862918854, 10.697218895, -2.99018716812, -5.05786800385, 14.0505571365, 85.4476470947, 31.056842804], [-91.428604126, -32.7512741089, 4.67773199081, 3.00964665413, 1.94801223278, 16.8428421021, -1.02073323727, 24.1010417938, -0.805682182312, 0.296762466431, 4.77771377563, 31.056842804, 77.771697998]], "icov": [[0.000199354151846, 0.000184137548786, 0.000272187753581, -2.69227825811e-06, 0.000297696882626, 5.35484687134e-05, 0.000144527919474, -0.000358774937922, -0.000111059758638, 6.18657213636e-05, 3.13410782837e-05, 3.16971672873e-05, 0.000373694434529], [0.000184137548786, 0.00133795675356, 0.000179665730684, -5.27767369931e-05, 8.04329756647e-05, 0.000527206924744, -0.000912829418667, 0.000482079660287, 0.00015349953901, 0.000352567876689, -1.6689149561e-05, -0.000136142683914, 0.000549221062101], [0.000272187753581, 0.000179665730684, 0.00194262200966, -0.000349259382347, 0.000567268521991, -0.000629090878647, 0.000363600003766, 0.000425121863373, -0.000367035274394, 0.000825394119602, -0.000423271354521, -0.000219302179175, 0.000394005095586], [-2.69227825811e-06, -5.27767369931e-05, -0.000349259382347, 0.00494793429971, -0.0019272333011, 7.55698192734e-06, 0.000521822599694, 0.00017746197409, -0.000282411609078, 0.000810616707895, -0.000809086370282, -0.000991997658275, 0.00024245287932], [0.000297696882626, 8.04329756647e-05, 0.000567268521991, -0.0019272333011, 0.0077865999192, -0.00163709872868, 0.0025470117107, -0.000560402637348, -0.00145307788625, 0.000705930986442, 0.00108257087413, -0.00205794814974, 0.00152846227866], [5.35484687134e-05, 0.000527206924744, -0.000629090878647, 7.55698192734e-06, -0.00163709872868, 0.00652117701247, -0.00225240178406, -0.000267360708676, 0.00152553699445, 0.000523705617525, -0.0025247214362, 0.00224128109403, -0.00172157736961], [0.000144527919474, -0.000912829418667, 0.000363600003766, 0.000521822599694, 0.0025470117107, -0.00225240178406, 0.00793234352022, -0.00122411700431, -0.000358285964467, -0.000623981934041, -0.00013246339222, 0.000747915531974, 0.000359029829269], [-0.000358774937922, 0.000482079660287, 0.000425121863373, 0.00017746197409, -0.000560402637348, -0.000267360708676, -0.00122411700431, 0.0103367799893, -0.00306388316676, -0.000118457966892, 0.000848789990414, -0.00115324091166, -0.00302154594101], [-0.000111059758638, 0.00015349953901, -0.000367035274394, -0.000282411609078, -0.00145307788625, 0.00152553699445, -0.000358285964467, -0.00306388316676, 0.0107799079269, -0.00163406168576, -0.00181130343117, 0.00159820041154, 0.000208846555324], [6.18657213636e-05, 0.000352567876689, 0.000825394119602, 0.000810616707895, 0.000705930986442, 0.000523705617525, -0.000623981934041, -0.000118457966892, -0.00163406168576, 0.0127075640485, -0.00245575699955, 0.00036372555769, -2.21936243179e-05], [3.13410782837e-05, -1.6689149561e-05, -0.000423271354521, -0.000809086370282, 0.00108257087413, -0.0025247214362, -0.00013246339222, 0.000848789990414, -0.00181130343117, -0.00245575699955, 0.0120246168226, -0.00288756517693, 0.000746473437175], [3.16971672873e-05, -0.000136142683914, -0.000219302179175, -0.000991997658275, -0.00205794814974, 0.00224128109403, 0.000747915531974, -0.00115324091166, 0.00159820041154, 0.00036372555769, -0.00288756517693, 0.0164607539773, -0.00641590310261], [0.000373694434529, 0.000549221062101, 0.000394005095586, 0.00024245287932, 0.00152846227866, -0.00172157736961, 0.000359029829269, -0.00302154594101, 0.000208846555324, -2.21936243179e-05, 0.000746473437175, -0.00641590310261, 0.0172897744924]]}, "silence_rate_20dB": {"dvar2": 0, "var": 0, "min": 1, "dmean": 0, "mean": 1, "max": 1, "dmean2": 0, "median": 1, "dvar": 0}, "melbands_kurtosis": {"dvar2": 709.073791504, "var": 1204.88110352, "min": -1.88270354271, "dmean": 7.14973163605, "mean": 15.4535932541, "max": 875.489257813, "dmean2": 10.9428987503, "median": 5.2236199379, "dvar": 340.745422363}, "barkbands_spread": {"dvar2": 79.6378326416, "var": 208.157211304, "min": 0.103093974292, "dmean": 4.76108169556, "mean": 24.9493141174, "max": 103.433410645, "dmean2": 7.20040178299, "median": 25.4785938263, "dvar": 39.0846061707}, "erbbands_skewness": {"dvar2": 0.272838294506, "var": 0.984711289406, "min": -3.2299349308, "dmean": 0.318810582161, "mean": 0.19319331646, "max": 9.86746692657, "dmean2": 0.475535422564, "median": 0.0717268809676, "dvar": 0.140114232898}, "average_loudness": 0.866649329662, "spectral_centroid": {"dvar2": 140997.359375, "var": 485934.25, "min": 137.163116455, "dmean": 216.22996521, "mean": 1508.58850098, "max": 11246.5498047, "dmean2": 331.183929443, "median": 1616.28710938, "dvar": 70125.0546875}, "dissonance": {"dvar2": 0.000846986018587, "var": 0.00152199843433, "min": 0.201102137566, "dmean": 0.0161995384842, "mean": 0.459157198668, "max": 0.499965071678, "dmean2": 0.0267616230994, "median": 0.471722722054, "dvar": 0.000333072675858}, "erbbands_flatness_db": {"dvar2": 0.000487153942231, "var": 0.00265088165179, "min": 0.0364352278411, "dmean": 0.0150496969, "mean": 0.149754226208, "max": 0.402127563953, "dmean2": 0.0207217019051, "median": 0.142478808761, "dvar": 0.000287730101263}, "spectral_strongpeak": {"dvar2": 3.95571422577, "var": 4.26221418381, "min": 0, "dmean": 0.643400371075, "mean": 1