{"tonal": {"thpcp": [1, 0.497633963823, 0.10810174793, 0.0657679215074, 0.0941576212645, 0.343283385038, 0.527614474297, 0.368795126677, 0.411538779736, 0.507862329483, 0.267268627882, 0.114126555622, 0.0883982628584, 0.0758138224483, 0.282957345247, 0.413571953773, 0.211301863194, 0.0628588795662, 0.0605268366635, 0.142025247216, 0.664155423641, 0.914925932884, 0.416050255299, 0.230951085687, 0.34959936142, 0.199020788074, 0.0900521054864, 0.111632354558, 0.0912743136287, 0.173851504922, 0.240987479687, 0.146021917462, 0.0882100984454, 0.0851548090577, 0.116173364222, 0.655072927475], "hpcp": {"dmean2": [0.126478731632, 0.139656275511, 0.0989718586206, 0.0682685673237, 0.0719050019979, 0.0423137620091, 0.0398524291813, 0.0560784637928, 0.082065589726, 0.084196396172, 0.082144126296, 0.0631509423256, 0.0705327913165, 0.0932051241398, 0.172194108367, 0.159319028258, 0.1785415411, 0.0978085696697, 0.0645110309124, 0.0855848044157, 0.123742341995, 0.131584435701, 0.181126266718, 0.180445075035, 0.14306178689, 0.122635707259, 0.0771874040365, 0.0542997270823, 0.0568761341274, 0.0817834064364, 0.0706265121698, 0.0693101361394, 0.0444227568805, 0.0523935779929, 0.108645617962, 0.168187826872], "median": [0.139414578676, 0.0679189041257, 0.0136494934559, 0.00702306069434, 0.00667748600245, 0.00780626107007, 0.00693664606661, 0.00804756395519, 0.0129750752822, 0.0143818389624, 0.00832588970661, 0.00420513376594, 0.00340232299641, 0.00977311469615, 0.13985453546, 0.228700518608, 0.104170054197, 0.00578158441931, 0.00257340143435, 0.00171450595371, 0.0201014950871, 0.0410886481404, 0.0451986938715, 0.024540476501, 0.019462371245, 0.018098000437, 0.0112313590944, 0.00771123869345, 0.00581254158169, 0.00865728221834, 0.00810037925839, 0.00846934411675, 0.0062404172495, 0.00361286941916, 0.00842677801847, 0.0947727560997], "min": [0, 0, 0, 0, 0, 0, 0, 0, 0, 0, 0, 0, 0, 0, 0, 0, 0, 0, 0, 0, 0, 0, 0, 0, 0, 0, 0, 0, 0, 0, 0, 0, 0, 0, 0, 0], "dvar2": [0.0499568320811, 0.0571687407792, 0.0371295325458, 0.029166419059, 0.0260922349989, 0.0141565557569, 0.0150039773434, 0.0258597601205, 0.0435854569077, 0.0405465997756, 0.0484231300652, 0.0414897166193, 0.0544721409678, 0.0447074882686, 0.0716143548489, 0.0699603110552, 0.0796483680606, 0.0498464629054, 0.0412133485079, 0.0504090599716, 0.0634707584977, 0.0663816034794, 0.0843517109752, 0.0897541567683, 0.0699846297503, 0.0533317513764, 0.0403815209866, 0.0299338195473, 0.0293155387044, 0.0446298532188, 0.0381635650992, 0.033744815737, 0.0210954993963, 0.0295063666999, 0.057938195765, 0.0727044567466], "dvar": [0.0221290271729, 0.0210827961564, 0.0128417629749, 0.0121389580891, 0.00914062187076, 0.00542744854465, 0.00612116325647, 0.00922133401036, 0.0168224703521, 0.0164939537644, 0.016155462712, 0.0164554491639, 0.0207849666476, 0.0163970235735, 0.0283483024687, 0.0301244612783, 0.0307899899781, 0.0175227299333, 0.013885455206, 0.0172629654408, 0.0251875538379, 0.0275828950107, 0.0303894486278, 0.0364113971591, 0.0308334287256, 0.020187202841, 0.0134357241914, 0.0104048661888, 0.0107144732028, 0.0183883309364, 0.0167790967971, 0.0127950524911, 0.00756304338574, 0.0104857143015, 0.0198820773512, 0.0272887647152], "dmean": [0.0788439065218, 0.0824597850442, 0.0559537522495, 0.0414343960583, 0.0409749411047, 0.024803744629, 0.0242326036096, 0.0316203273833, 0.048432841897, 0.0513768866658, 0.0474179238081, 0.036057561636, 0.0388632938266, 0.0523205734789, 0.105656132102, 0.0976846069098, 0.105855233967, 0.053678046912, 0.0344516821206, 0.0466884486377, 0.0741998180747, 0.0791695713997, 0.104367941618, 0.105373851955, 0.085352525115, 0.072028875351, 0.0422429181635, 0.0298563316464, 0.0322433039546, 0.0495848655701, 0.0426127612591, 0.0413548313081, 0.0249463263899, 0.0287369377911, 0.0611143186688, 0.100477032363], "max": [1, 1, 1, 1, 1, 1, 1, 1, 1, 1, 1, 1, 1, 1, 1, 1, 1, 1, 1, 1, 1, 1, 1, 1, 1, 1, 1, 1, 1, 1, 1, 1, 1, 1, 1, 1], "var": [0.155673936009, 0.0420428365469, 0.0273717995733, 0.0745703876019, 0.0230304580182, 0.0094078918919, 0.014213568531, 0.00834212172776, 0.0233120694757, 0.039120208472, 0.019047645852, 0.0155577389523, 0.0166763458401, 0.0133913243189, 0.0769468843937, 0.152733549476, 0.0500516779721, 0.0129410196096, 0.00878610368818, 0.0131509937346, 0.0567712001503, 0.102680198848, 0.0454131253064, 0.0694585517049, 0.106731116772, 0.0358248502016, 0.0131892422214, 0.0106232604012, 0.00930158328265, 0.0523377917707, 0.107887052, 0.029356226325, 0.00573768978938, 0.0073249260895, 0.0163569096476, 0.0935145094991], "mean": [0.362011283636, 0.164619758725, 0.0913810580969, 0.138326942921, 0.0787471085787, 0.0356311649084, 0.0441698841751, 0.0361147597432, 0.068788304925, 0.0953521803021, 0.0577768944204, 0.0349023342133, 0.0336934402585, 0.0459666363895, 0.259194523096, 0.395672768354, 0.196900203824, 0.0427729189396, 0.0260225757957, 0.0372556075454, 0.135827884078, 0.208762690425, 0.14592218399, 0.162834689021, 0.200947284698, 0.105750918388, 0.0451567694545, 0.0349767841399, 0.0299974642694, 0.111958518624, 0.16363915801, 0.0836063921452, 0.0248715467751, 0.0239488203079, 0.0561955198646, 0.262788206339]}, "tuning_equal_tempered_deviation": 0.0264157615602, "chords_changes_rate": 0.0468595847487, "key_key": "D", "tuning_diatonic_strength": 0.53198081255, "key_scale": "minor", "chords_number_rate": 0.00164419598877, "tuning_frequency": 441.272583008, "tuning_nontempered_energy_ratio": 0.62925940752, "chords_histogram": [28.7241039276, 6.92206525803, 13.6797103882, 2.48273587227, 0.509700775146, 7.00427484512, 0.427490949631, 6.56034183502, 0, 5.96843147278, 0.443932920694, 3.38704371452, 0, 0, 0.0164419598877, 0, 0, 0, 0.476816833019, 0.147977635264, 0.18086156249, 0.147977635264, 10.473528862, 12.4465637207], "key_strength": 0.847263991833, "chords_key": "D", "chords_strength": {"dmean2": 0.00580281717703, "median": 0.507845759392, "min": -1, "dvar2": 0.000656323041767, "dvar": 0.000352118484443, "dmean": 0.00739695224911, "max": 0.763714253902, "var": 0.0363129265606, "mean": 0.483987480402}, "chords_scale": "minor", "hpcp_entropy": {"dmean2": 0.71116322279, "median": 1.53722429276, "min": 0, "dvar2": 0.503771364689, "dvar": 0.194974198937, "dmean": 0.426355153322, "max": 4.06151390076, "var": 0.53120559454, "mean": 1.48467504978}}, "metadata": {"audio_properties": {"equal_loudness": 0, "codec": "mp3", "downmix": "mix", "sample_rate": 44100, "analysis_sample_rate": 44100, "bit_rate": 164715, "md5_encoded": "2b3186ee65a3c26041d1b01d269bea5b", "length": 282.383666992, "replay_gain": -13.1704082489, "lossless": false}, "version": {"essentia_build_sha": "2d9f1f26377add8aeb1075a9c2973f962c4f09fd", "essentia": "2.1-beta2", "extractor": "music 1.0", "essentia_git_sha": "v2.1_beta2-1-ge3940c0"}, "tags": {"title": ["Fause Fause"], "barcode": ["766397445625"], "media": ["CD"], "albumartist": ["Kris Drever"], "language": ["eng"], "musicbrainz_recordingid": ["11f7e291-8b7a-4b34-bf3a-16f0e292fc93"], "musicbrainz_albumartistid": ["3cdacc7c-65c3-4745-9e62-9381796fe91c"], "discnumber": ["1/1"], "album": ["Black Water"], "catalognumber": ["7 4456 2"], "musicbrainz album release country": ["GB"], "musicbrainz album type": ["album"], "musicbrainz album status": ["official"], "file_name": "08 Fause Fause.mp3", "originaldate": ["2006"], "date": ["2006"], "genre": ["Folk"], "musicip_puid": ["30e1d5c7-0191-331b-f4eb-1fc6717bcacc"], "musicbrainz_artistid": ["3cdacc7c-65c3-4745-9e62-9381796fe91c"], "asin": ["B000HDRA8K"], "musicbrainz_albumid": ["e0f077b2-2c12-464e-8996-1bf7b0230bfc"], "artist": ["Kris Drever"], "artistsort": ["Drever, Kris"], "tracknumber": ["8/12"], "label": ["Reveal Records"], "albumartistsort": ["Drever, Kris"], "script": ["Latn"], "musicbrainz_releasegroupid": ["d871cd6c-7505-38a0-8489-e1eb998bc7b7"]}}, "rhythm": {"bpm_histogram_first_peak_bpm": {"dmean2": 0, "median": 112, "min": 112, "dvar2": 0, "dvar": 0, "dmean": 0, "max": 112, "var": 0, "mean": 112}, "bpm": 111.672515869, "bpm_histogram_second_peak_spread": {"dmean2": 0, "median": 0.269230782986, "min": 0.269230782986, "dvar2": 0, "dvar": 0, "dmean": 0, "max": 0.269230782986, "var": 0, "mean": 0.269230782986}, "bpm_histogram_first_peak_weight": {"dmean2": 0, "median": 0.327137559652, "min": 0.327137559652, "dvar2": 0, "dvar": 0, "dmean": 0, "max": 0.327137559652, "var": 0, "mean": 0.327137559652}, "onset_rate": 1.78823673725, "beats_position": [0.568888902664, 1.14938771725, 1.72988653183, 2.32199549675, 2.90249419212, 3.48299312592, 4.06349182129, 4.60916090012, 5.14321994781, 5.6888885498, 6.2229475975, 6.7570066452, 7.26784563065, 7.77868461609, 8.3011341095, 8.84680271149, 9.39247131348, 9.93814086914, 10.47219944, 11.0062580109, 11.5403175354, 12.0743761063, 12.6084346771, 13.1424942017, 13.6765527725, 14.2222223282, 14.7678909302, 15.3251695633, 15.8824491501, 16.4861679077, 17.0898857117, 17.693605423, 18.2508831024, 18.8197727203, 19.3886623383, 19.9459400177, 20.5148296356, 21.0721092224, 21.6177768707, 22.1750564575, 22.7207260132, 23.2780036926, 23.8120632172, 24.3345127106, 24.8569602966, 25.3910198212, 25.9366893768, 26.4939670563, 27.0512466431, 27.6085262299, 28.1658039093, 28.6998634338, 29.2223129272, 29.7563705444, 30.290430069, 30.8360996246, 31.3701572418, 31.9042167664, 32.4382743835, 32.9723358154, 33.5180053711, 34.0520629883, 34.5861206055, 35.1201820374, 35.6658477783, 36.211517334, 36.7571868896, 37.2912483215, 37.8253059387, 38.3593635559, 38.8934249878, 39.427482605, 39.9615402222, 40.4956016541, 41.0180473328, 41.5521087646, 42.0861663818, 42.6202278137, 43.1658935547, 43.6999549866, 44.2340126038, 44.7680702209, 45.3021316528, 45.83618927, 46.3702468872, 46.9043083191, 47.4267578125, 47.9724235535, 48.5297050476, 49.0637626648, 49.5862121582, 50.1086616516, 50.6427192688, 51.1767807007, 51.7108383179, 52.2448959351, 52.7905654907, 53.3246231079, 53.9167327881, 54.4972343445, 55.08934021, 55.6698417664, 56.2503395081, 56.9237174988, 57.5970954895, 58.305305481, 59.0135154724, 59.7217216492, 60.4183197021, 61.0336494446, 61.648979187, 62.252696991, 62.8796348572, 63.5181846619, 64.0754623413, 64.621131897, 65.1551895142, 65.6892471313, 66.2233123779, 66.7573699951, 67.2798156738, 67.813873291, 68.3479385376, 68.8936004639, 69.4392700195, 69.9733352661, 70.5189971924, 71.064666748, 71.5987319946, 72.1211776733, 72.6552352905, 73.1196365356, 73.5840377808, 74.0368270874, 74.4431762695, 74.8495254517, 75.2558746338, 75.6506118774, 76.0569610596, 76.4633102417, 76.8696594238, 77.252784729, 77.6475296021, 78.0306549072, 78.4137878418, 78.8781814575, 79.3309707642, 79.7837600708, 80.2365493774, 80.7473907471, 81.2582321167, 81.7806777954, 82.291519165, 82.8139648438, 83.3364181519, 83.8588638306, 84.3813171387, 84.8457107544, 85.3333282471, 85.8093414307, 86.2737426758, 86.7265319824, 87.1793212891, 87.6785507202, 88.1893844604, 88.7002258301, 89.2226715088, 89.7451248169, 90.2791824341, 90.8016281128, 91.3008575439, 91.8116989136, 92.3573684692, 92.9030380249, 93.460319519, 93.9479370117, 94.4239425659, 94.8999557495, 95.4107894897, 95.9216308594, 96.432472229, 96.9665298462, 97.5005874634, 98.0346450806, 98.5919265747, 99.1492080688, 99.7064819336, 100.240539551, 100.786209106, 101.331878662, 101.889160156, 102.44644165, 103.026939392, 103.607437134, 104.164710999, 104.710380554, 105.25605011, 105.790107727, 106.335777283, 106.881446838, 107.403900146, 107.926345825, 108.448799133, 108.994468689, 109.551742554, 110.109024048, 110.666305542, 111.211967468, 111.746032715, 112.268478394, 112.802536011, 113.348205566, 113.882263184, 114.416320801, 114.950386047, 115.496055603, 116.03011322, 116.564170837, 117.098228455, 117.632286072, 118.166343689, 118.700408936, 119.246078491, 119.791740417, 120.325805664, 120.87147522, 121.417137146, 121.962806702, 122.508476257, 123.065757751, 123.623039246, 124.18031311, 124.737594604, 125.248435974, 125.770881653, 126.281723022, 126.804168701, 127.326622009, 127.83745575, 128.359909058, 128.882354736, 129.404800415, 129.938858032, 130.472915649, 131.018585205, 131.564254761, 132.121536255, 132.655593872, 133.189651489, 133.723709106, 134.246170044, 134.780227661, 135.314285278, 135.836730957, 136.370788574, 136.904846191, 137.438903809, 137.961364746, 138.507034302, 139.041091919, 139.586761475, 140.13243103, 140.666488647, 141.200546265, 141.734603882, 142.268661499, 142.802719116, 143.336776733, 143.870834351, 144.393280029, 144.915740967, 145.449798584, 145.99546814, 146.529525757, 147.063583374, 147.597640991, 148.143310547, 148.677368164, 149.22303772, 149.757095337, 150.291152954, 150.825210571, 151.359268188, 151.904937744, 152.438995361, 152.984664917, 153.507110596, 154.041183472, 154.575241089, 155.109298706, 155.643356323, 156.17741394, 156.699859619, 157.233917236, 157.767974854, 158.313644409, 158.859313965, 159.381759644, 159.915817261, 160.449890137, 160.983947754, 161.506393433, 162.052062988, 162.586120605, 163.131790161, 163.665847778, 164.199905396, 164.745574951, 165.291244507, 165.848526001, 166.417419434, 166.939865112, 167.462310791, 167.996368408, 168.530426025, 169.064483643, 169.586929321, 170.109390259, 170.643447876, 171.107849121, 171.583847046, 172.059860229, 172.55909729, 173.046707153, 173.534332275, 174.0103302, 174.474731445, 174.950744629, 175.484802246, 176.007247925, 176.541305542, 177.075378418, 177.609436035, 178.143493652, 178.700775146, 179.258041382, 179.815322876, 180.37260437, 180.941497803, 181.429107666, 181.90512085, 182.369522095, 182.83392334, 183.298324585, 183.751113892, 184.215499878, 184.668289185, 185.121078491, 185.573867798, 186.003448486, 186.444625854, 186.874191284, 187.292144775, 187.710113525, 188.128067017, 188.546035767, 189.010421753, 189.486434937, 189.96244812, 190.496505737, 191.030563354, 191.564620972, 192.098678589, 192.632736206, 193.166793823, 193.712463379, 194.258132935, 194.792190552, 195.326248169, 195.848709106, 196.382766724, 196.928436279, 197.462493896, 197.996551514, 198.530609131, 199.064666748, 199.598724365, 200.132781982, 200.678451538, 201.212509155, 201.758178711, 202.292236328, 202.826293945, 203.348754883, 203.8828125, 204.405258179, 204.939315796, 205.473373413, 206.00743103, 206.541488647, 207.075546265, 207.609603882, 208.143676758, 208.666122437, 209.200180054, 209.745849609, 210.279907227, 210.813964844, 211.348022461, 211.882080078, 212.427749634, 212.973419189, 213.519088745, 214.041534424, 214.575592041, 215.109649658, 215.643707275, 216.177780151, 216.711837769, 217.245895386, 217.779953003, 218.31401062, 218.836456299, 219.358901978, 219.892959595, 220.415420532, 220.937866211, 221.46031189, 221.982757568, 222.528427124, 223.062484741, 223.596542358, 224.142211914, 224.699493408, 225.245162964, 225.79083252, 226.359725952, 226.928619385, 227.497497559, 228.066390991, 228.635284424, 229.250610352, 229.877548218, 230.504486084, 231.13142395, 231.758361816, 232.373687744, 233.012237549, 233.581130981, 234.150024414, 234.718902588, 235.299407959, 235.879898071, 236.379135132, 236.866760254, 237.342758179, 237.818771362, 238.306396484, 238.794006348, 239.293243408, 239.804077148, 240.30329895, 240.744491577, 241.174057007, 241.592010498, 242.021575928, 242.439544678, 242.857498169, 243.287063599, 243.716644287, 244.157821655, 244.598999023, 245.040176392, 245.469741821, 245.89932251, 246.328887939, 246.816497803, 247.304122925, 247.803344727, 248.349014282, 248.883071899, 249.417144775, 249.951202393, 250.496871948, 251.030929565, 251.576599121, 252.122268677, 252.656326294, 253.190383911, 253.736053467, 254.281723022, 254.827392578, 255.373062134, 255.883895874, 256.394744873, 256.905578613, 257.45123291, 258.008514404, 258.565795898, 259.134674072, 259.703582764, 260.249237061, 260.783294678, 261.317352295, 261.828216553, 262.350646973, 262.87310791, 263.39553833, 263.929595947, 264.475280762, 265.032562256, 265.58984375, 266.123901367, 266.657958984, 267.192016602, 267.737670898, 268.283355713, 268.82901001, 269.281799316, 269.722991943, 270.17578125, 270.640167236, 271.10458374, 271.557373047, 272.010162354, 272.47454834, 272.938964844, 273.39175415, 273.844543457, 274.297332764, 274.76171875, 275.214508057, 275.678894043, 276.13168335, 276.526428223, 276.921173096, 277.315917969, 277.710662842, 278.058959961, 278.395629883, 278.732330322, 279.069030762, 279.428924561, 279.788848877, 280.148742676, 280.508666992, 280.868560791, 281.228485107, 281.588378906], "beats_loudness": {"dmean2": 0.0336745642126, "median": 0.0287516079843, "min": 0, "dvar2": 0.000834820850287, "dvar": 0.000270128570264, "dmean": 0.0183662604541, "max": 0.11184874177, "var": 0.000482235191157, "mean": 0.0316393151879}, "danceability": 0.920115351677, "bpm_histogram_second_peak_weight": {"dmean2": 0, "median": 0.0353159867227, "min": 0.0353159867227, "dvar2": 0, "dvar": 0, "dmean": 0, "max": 0.0353159867227, "var": 0, "mean": 0.0353159867227}, "beats_count": 539, "bpm_histogram_second_peak_bpm": {"dmean2": 0, "median": 117, "min": 117, "dvar2": 0, "dvar": 0, "dmean": 0, "max": 117, "var": 0, "mean": 117}, "bpm_histogram_first_peak_spread": {"dmean2": 0, "median": 0.50282484293, "min": 0.50282484293, "dvar2": 0, "dvar": 0, "dmean": 0, "max": 0.50282484293, "var": 0, "mean": 0.50282484293}, "beats_loudness_band_ratio": {"dmean2": [0.338296502829, 0.321896761656, 0.17835688591, 0.085412569344, 0.0500113405287, 0.0469420738518], "median": [0.372637182474, 0.361686885357, 0.111708559096, 0.0374248921871, 0.0142915574834, 0.00452628079802], "min": [0, 0, 0, 0, 0, 0], "dvar2": [0.0700486898422, 0.0602065436542, 0.0309149734676, 0.00992193538696, 0.00802335515618, 0.0178973395377], "dvar": [0.0251871645451, 0.0196865256876, 0.0111756175756, 0.00388679630123, 0.00287311151624, 0.00723384413868], "dmean": [0.194680169225, 0.189230546355, 0.102572694421, 0.0490580946207, 0.0283860489726, 0.0257903598249], "max": [0.980013012886, 0.867307782173, 0.697372376919, 0.538467943668, 0.701362729073, 0.997629642487], "var": [0.055926579982, 0.0369732826948, 0.0160435922444, 0.00471395161003, 0.00233929627575, 0.0107725504786], "mean": [0.398326456547, 0.385709106922, 0.150386914611, 0.0607967823744, 0.0298873782158, 0.0256633106619]}}, "lowlevel": {"barkbands_spread": {"dmean2": 3.45290470123, "median": 7.89345407486, "min": 0.461306065321, "dvar2": 51.9523620605, "dvar": 29.4497509003, "dmean": 2.35869598389, "max": 132.465393066, "var": 129.550003052, "mean": 10.7968263626}, "melbands_spread": {"dmean2": 4.23150348663, "median": 8.48819446564, "min": 0.598099946976, "dvar2": 113.974990845, "dvar": 57.8319778442, "dmean": 2.83687829971, "max": 228.725006104, "var": 387.512573242, "mean": 13.1549434662}, "hfc": {"dmean2": 3.3283598423, "median": 10.0460548401, "min": 1.04794711094e-16, "dvar2": 74.0647506714, "dvar": 42.3523597717, "dmean": 2.3251285553, "max": 197.394363403, "var": 178.270980835, "mean": 12.5145559311}, "barkbands_kurtosis": {"dmean2": 4.71230220795, "median": 5.55133056641, "min": -1.9671536684, "dvar2": 225.387649536, "dvar": 89.1985244751, "dmean": 3.0401237011, "max": 557.240234375, "var": 504.485748291, "mean": 8.73862838745}, "gfcc": {"mean": [-95.8479919434, 157.151367188, -116.08631897, 17.9182071686, -46.2786941528, -13.259926796, -39.3524513245, -7.80438804626, -28.2395763397, -8.67906570435, -5.75144147873, -11.7780475616, -12.3831853867], "icov": [[0.000235870291363, -0.000416356517235, 0.00037912427797, -0.000558040745091, 0.000707564176992, -0.00042487483006, 0.000711276428774, -0.000446767749963, 0.00056780903833, 3.14634860388e-07, 0.000584493565839, -0.000114318841952, 0.000412744208006], [-0.000416356517235, 0.00168170593679, -9.79729375103e-05, 0.00170094519854, -0.00163522036746, 0.00142037041951, -0.00166663504206, 0.00159183109645, -0.000704859965481, 0.000843232613988, -0.00130926666316, 0.000751783256419, -0.00119234190788], [0.00037912427797, -9.79729375103e-05, 0.00246229046024, -7.86338277976e-05, 0.000364666455425, -0.00111284956802, 0.000649620895274, -0.000591781339608, 0.0012805146398, 0.000383953243727, 0.000566453265492, -0.00100711465348, -0.000131464999868], [-0.000558040745091, 0.00170094519854, -7.86338277976e-05, 0.00570719223469, -0.00162661157083, 0.00136416975874, -0.00127451377921, 0.00264436239377, -0.00225291610695, 0.000227280674153, -0.00139510876033, 0.00134925241582, -0.00170044600964], [0.000707564176992, -0.00163522036746, 0.000364666455425, -0.00162661157083, 0.00649613654241, -0.000221122609219, 0.00157126109116, -0.00130058918148, -4.90735183121e-05, -0.000258448533714, 0.00174334540498, -0.00122020987328, 0.000202746203286], [-0.00042487483006, 0.00142037041951, -0.00111284956802, 0.00136416975874, -0.000221122609219, 0.00760615570471, -0.00195544096641, 0.000621054961812, -0.00147603370715, -0.000167638325365, 0.000601573323365, 0.000300633051665, 0.000676458585076], [0.000711276428774, -0.00166663504206, 0.000649620895274, -0.00127451377921, 0.00157126109116, -0.00195544096641, 0.00595411751419, -0.000725716876332, 0.000939999939874, 0.000635962409433, 0.000822865928058, -5.53878126084e-05, 0.000611066527199], [-0.000446767749963, 0.00159183109645, -0.000591781339608, 0.00264436239377, -0.00130058918148, 0.000621054961812, -0.000725716876332, 0.00707671605051, 0.00140625296626, 0.000646564410999, -0.0019255731022, 0.000791653466877, -0.000255396094872], [0.00056780903833, -0.000704859965481, 0.0012805146398, -0.00225291610695, -4.90735183121e-05, -0.00147603370715, 0.000939999939874, 0.00140625296626, 0.00992711260915, -0.000182862422662, 0.0032737441361, 0.000726617872715, -0.000530210032593], [3.14634860388e-07, 0.000843232613988, 0.000383953243727, 0.000227280674153, -0.000258448533714, -0.000167638325365, 0.000635962409433, 0.000646564410999, -0.000182862422662, 0.0120773557574, -0.000889410322998, -0.000543815142009, -0.000262989284238], [0.000584493565839, -0.00130926666316, 0.000566453265492, -0.00139510876033, 0.00174334540498, 0.000601573323365, 0.000822865928058, -0.0019255731022, 0.0032737441361, -0.000889410322998, 0.0135358357802, -0.00210739905015, 0.00122611457482], [-0.000114318841952, 0.000751783256419, -0.00100711465348, 0.00134925241582, -0.00122020987328, 0.000300633051665, -5.53878126084e-05, 0.000791653466877, 0.000726617872715, -0.000543815142009, -0.00210739905015, 0.0140360128134, -0.00114782340825], [0.000412744208006, -0.00119234190788, -0.000131464999868, -0.00170044600964, 0.000202746203286, 0.000676458585076, 0.000611066527199, -0.000255396094872, -0.000530210032593, -0.000262989284238, 0.00122611457482, -0.00114782340825, 0.0174424014986]], "cov": [[29160.5136719, 1145.34240723, -3117.72363281, 740.152770996, -1945.30932617, 190.381469727, -1792.97766113, 585.480529785, -801.753173828, -36.0605621338, -329.692108154, -382.541900635, -503.378479004], [1145.34240723, 2460.09301758, -523.272888184, -112.398422241, 295.979400635, -317.026611328, 338.819732666, -350.561340332, 119.328315735, -147.068908691, 41.4339561462, -92.1700820923, 110.448448181], [-3117.72363281, -523.272888184, 938.358886719, -173.753372192, 118.052528381, 94.3190155029, 97.1159210205, 96.7044067383, -46.9981613159, 10.9527521133, 40.9291648865, 100.771141052, 23.612947464], [740.152770996, -112.398422241, -173.753372192, 349.473449707, -17.8969745636, -10.5025119781, -48.5695457458, -103.087432861, 84.0762634277, 11.5516786575, -34.9714431763, -37.972328186, 11.05930233], [-1945.30932617, 295.979400635, 118.052528381, -17.8969745636, 371.657287598, -75.6171340942, 141.359893799, -99.5627059937, 102.491378784, -14.7341899872, 10.2925844193, 19.2578849792, 61.0497398376], [190.381469727, -317.026611328, 94.3190155029, -10.5025119781, -75.6171340942, 206.177230835, -22.2561378479, 53.8760757446, -16.68359375, 16.4228897095, -25.330537796, 7.43295574188, -30.0279026031], [-1792.97766113, 338.819732666, 97.1159210205, -48.5695457458, 141.359893799, -22.2561378479, 383.604309082, -99.4378051758, 72.5231552124, -34.1371650696, 22.620223999, 0.860818505287, 46.0674438477], [585.480529785, -350.561340332, 96.7044067383, -103.087432861, -99.5627059937, 53.8760757446, -99.4378051758, 298.470367432, -131.470092773, 11.0033321381, 24.8366641998, 20.6850757599, -44.4327888489], [-801.753173828, 119.328315735, -46.9981613159, 84.0762634277, 102.491378784, -16.68359375, 72.5231552124, -131.470092773, 204.988998413, -2.80173707008, -35.0817909241, -20.3462619781, 37.2776107788], [-36.0605621338, -147.068908691, 10.9527521133, 11.5516786575, -14.7341899872, 16.4228897095, -34.1371650696, 11.0033321381, -2.80173707008, 93.9585876465, 1.52119600773, 8.44971656799, -5.31941270828], [-329.692108154, 41.4339561462, 40.9291648865, -34.9714431763, 10.2925844193, -25.330537796, 22.620223999, 24.8366641998, -35.0817909241, 1.52119600773, 100.13117981, 18.518989563, 1.10353076458], [-382.541900635, -92.1700820923, 100.771141052, -37.972328186, 19.2578849792, 7.43295574188, 0.860818505287, 20.6850757599, -20.3462619781, 8.44971656799, 18.518989563, 88.7557754517, 3.61761832237], [-503.378479004, 110.448448181, 23.612947464, 11.05930233, 61.0497398376, -30.0279026031, 46.0674438477, -44.4327888489, 37.2776107788, -5.31941270828, 1.10353076458, 3.61761832237, 77.4532699585]]}, "spectral_energyband_middle_low": {"dmean2": 0.00630733463913, "median": 0.0166368409991, "min": 1.38899157203e-22, "dvar2": 9.6225325251e-05, "dvar": 4.33169807366e-05, "dmean": 0.00422536348924, "max": 0.131583243608, "var": 0.000256761966739, "mean": 0.0192315746099}, "melbands_crest": {"dmean2": 3.95037293434, "median": 13.6798658371, "min": 1.50217676163, "dvar2": 14.5559511185, "dvar": 5.53464698792, "dmean": 2.45305204391, "max": 36.6874160767, "var": 24.7465724945, "mean": 14.4458770752}, "spectral_kurtosis": {"dmean2": 10.1694192886, "median": 10.4375362396, "min": -1.37676310539, "dvar2": 169.841964722, "dvar": 57.0854034424, "dmean": 5.88009643555, "max": 141.450912476, "var": 182.804260254, "mean": 14.2511081696}, "spectral_rms": {"dmean2": 0.000706089835148, "median": 0.00482801673934, "min": 3.09941937567e-12, "dvar2": 6.71748694003e-07, "dvar": 3.20744476312e-07, "dmean": 0.000468996760901, "max": 0.0119143109769, "var": 4.57438864032e-06, "mean": 0.00457667373121}, "zerocrossingrate": {"dmean2": 0.00614469079301, "median": 0.0244140625, "min": 0.0048828125, "dvar2": 0.000137640759931, "dvar": 0.000148266146425, "dmean": 0.0052019096911, "max": 0.802734375, "var": 0.00685263285413, "mean": 0.0409607477486}, "silence_rate_60dB": {"dmean2": 0.0269714668393, "median": 0, "min": 0, "dvar2": 0.0329901874065, "dvar": 0.0133038386703, "dmean": 0.0134846242145, "max": 1, "var": 0.110148563981, "mean": 0.126037985086}, "erbbands_kurtosis": {"dmean2": 1.06077551842, "median": -0.00144521589391, "min": -1.85011649132, "dvar2": 3.6273522377, "dvar": 2.02002739906, "dmean": 0.70912104845, "max": 94.4960784912, "var": 12.0916433334, "mean": 0.814119935036}, "erbbands": {"dmean2": [0.00553258229047, 0.325520455837, 2.22385764122, 5.68678808212, 9.47189044952, 7.87594175339, 14.8100395203, 23.285451889, 13.2432508469, 12.9651985168, 12.6792535782, 8.26821136475, 4.84078407288, 4.80200338364, 10.430975914, 10.0005874634, 8.75417900085, 6.66756820679, 7.75925111771, 4.56360673904, 5.74218559265, 5.44460010529, 3.57753968239, 2.59702777863, 6.30025529861, 2.68321657181, 0.98722165823, 0.437818437815, 0.654749453068, 1.03683662415, 0.744224965572, 1.09218776226, 0.722326338291, 0.35464733839, 0.147779494524, 0.0427574329078, 0.0065666991286, 0.00144786096644, 0.000234243285377, 1.43220031532e-05], "median": [0.00364789366722, 0.179650709033, 1.92326498032, 4.78523492813, 7.54274463654, 10.7739877701, 15.8195676804, 18.5850372314, 14.1073942184, 11.4197797775, 10.201956749, 6.12606954575, 4.64001512527, 3.33032774925, 5.21044397354, 7.26116800308, 5.91877698898, 5.613468647, 3.83936452866, 2.57924985886, 3.31651258469, 2.71204400063, 2.30179047585, 1.75642585754, 2.26018953323, 1.03068184853, 0.401418924332, 0.143937170506, 0.0722787752748, 0.0814410075545, 0.0355944037437, 0.033293992281, 0.0164170470089, 0.00697833485901, 0.00337437540293, 0.00127620308194, 0.000343721912941, 3.4250839235e-05, 1.70741896e-05, 2.87550519715e-05], "min": [6.10720398713e-23, 5.2578753158e-22, 2.45389611257e-21, 3.01198433016e-21, 1.55572946902e-20, 1.87126219888e-20, 3.95981828234e-20, 7.95522342559e-20, 7.74773421622e-20, 2.00284608407e-19, 2.04666507229e-19, 2.9027453075e-19, 4.45764788671e-19, 6.39596625744e-19, 6.48192169682e-19, 1.49184411958e-18, 1.92898663604e-18, 2.1054666537e-18, 2.55511024736e-18, 3.35565357624e-18, 3.90949835244e-18, 4.96100290249e-18, 4.14184428751e-18, 5.27809762723e-18, 7.64736665393e-18, 7.59631637525e-18, 7.4328787211e-18, 1.00926175966e-17, 1.06826413916e-17, 1.19204824367e-17, 1.16236916873e-17, 1.09602498226e-17, 9.93328441263e-18, 9.18580265209e-18, 6.04209735741e-18, 4.13530749272e-18, 2.25598622823e-18, 9.66074163568e-19, 2.30187691614e-19, 2.80005128681e-20], "dvar2": [6.15388489678e-05, 0.220004692674, 11.1497592926, 111.627662659, 434.237060547, 268.214630127, 862.334411621, 3187.98852539, 1019.22290039, 907.069458008, 1034.21069336, 468.558929443, 157.641845703, 221.147506714, 818.618835449, 638.27532959, 604.270507813, 296.00402832, 450.920776367, 316.663299561, 306.961791992, 237.072525024, 95.7541351318, 119.371604919, 452.543914795, 432.685974121, 31.5324401855, 8.78690624237, 31.8406352997, 117.516784668, 59.1542625427, 88.0281143188, 43.2333831787, 11.0797967911, 1.84594357014, 0.140482693911, 0.00251080584712, 8.86514753802e-05, 2.67112932306e-06, 2.61443533489e-09], "dvar": [2.50826924457e-05, 0.0914953351021, 4.25725698471, 45.2162971497, 185.051712036, 122.210838318, 408.04699707, 1178.36279297, 510.662750244, 392.925994873, 519.898254395, 274.171905518, 83.4208984375, 106.289100647, 391.773529053, 310.141784668, 284.827667236, 135.000549316, 217.740356445, 136.624542236, 130.51348877, 112.582008362, 44.8123321533, 57.4271774292, 220.256530762, 162.958450317, 12.7888031006, 4.08472394943, 16.8357582092, 76.5130310059, 31.5088806152, 46.6795692444, 24.8987503052, 5.16109991074, 0.885235846043, 0.0773508772254, 0.00149018911179, 5.36724110134e-05, 1.50311348079e-06, 1.38222899793e-09], "dmean": [0.00332700507715, 0.194767951965, 1.35212182999, 3.66220021248, 6.28301668167, 5.35143995285, 10.4338169098, 14.8147134781, 9.22623825073, 8.65513801575, 8.90590286255, 6.11270332336, 3.29540753365, 3.46777653694, 7.1019949913, 6.99654006958, 6.28107070923, 4.53820848465, 5.33547067642, 3.11086010933, 3.71112418175, 3.60486888885, 2.41291308403, 1.83813428879, 4.50896644592, 1.74231052399, 0.648050844669, 0.300930500031, 0.46980458498, 0.763816177845, 0.520045936108, 0.765154778957, 0.516142368317, 0.251413941383, 0.10633598268, 0.0313945189118, 0.00476812617853, 0.00107718200888, 0.000171494233655, 9.86789746094e-06], "max": [0.154229700565, 10.3800373077, 66.7613372803, 122.531951904, 291.532012939, 327.205963135, 469.221008301, 1127.80871582, 648.538818359, 542.746398926, 673.917297363, 627.565002441, 594.323974609, 377.09588623, 653.07220459, 728.748901367, 499.173858643, 387.11831665, 565.703979492, 588.139282227, 598.257751465, 375.935638428, 210.424057007, 514.758239746, 468.71572876, 529.301208496, 112.218193054, 81.0179824829, 204.469039917, 761.850341797, 250.425888062, 234.376693726, 238.7915802, 106.98009491, 59.5004310608, 17.4662837982, 2.68248224258, 0.364308834076, 0.0533289201558, 0.00151485856622], "var": [9.3724062026e-05, 0.402718991041, 14.9367370605, 96.683052063, 530.661499023, 755.144714355, 3523.33959961, 4919.57958984, 2772.56787109, 1758.16955566, 2905.14208984, 2359.4152832, 490.226348877, 608.264892578, 2048.46582031, 1690.37353516, 1230.96289063, 433.87298584, 1414.72460938, 444.027282715, 408.790435791, 633.86920166, 225.871459961, 128.652587891, 1026.91845703, 149.473724365, 17.2339630127, 6.93443155289, 36.6428909302, 157.896942139, 56.806388855, 95.3105697632, 48.8334083557, 8.07564258575, 1.69482278824, 0.166175067425, 0.00400115409866, 0.000159466362675, 4.34051980847e-06, 4.17516377027e-09], "mean": [0.00637988187373, 0.359677612782, 3.09245896339, 7.90276432037, 15.7862758636, 19.640542984, 38.5603675842, 42.3710441589, 32.2115440369, 25.848493576, 28.4599533081, 23.0810470581, 10.442656517, 11.5442714691, 20.425737381, 19.456243515, 17.1147556305, 12.4836778641, 15.4099149704, 9.44112300873, 9.86067008972, 11.099861145, 7.67189741135, 5.61293554306, 13.6488456726, 3.60829782486, 1.3363609314, 0.596085727215, 0.743717670441, 1.18676304817, 0.791096329689, 1.09339189529, 0.738379061222, 0.366959959269, 0.17038102448, 0.0510020107031, 0.00826914422214, 0.00171493692324, 0.00027800333919, 3.72378563043e-05]}, "spectral_strongpeak": {"dmean2": 0.470944166183, "median": 0.692005157471, "min": 0, "dvar2": 0.500587403774, "dvar": 0.202296048403, "dmean": 0.282980799675, "max": 12.2093524933, "var": 0.651958107948, "mean": 0.899624586105}, "spectral_energy": {"dmean2": 0.00770972296596, "median": 0.0238924901932, "min": 9.84656010241e-21, "dvar2": 0.000113761772809, "dvar": 5.1887553127e-05, "dmean": 0.00511259399354, "max": 0.145499572158, "var": 0.000389304943383, "mean": 0.0261582769454}, "average_loudness": 0.753836989403, "spectral_rolloff": {"dmean2": 325.080291748, "median": 473.73046875, "min": 129.19921875, "dvar2": 960814.8125, "dvar": 505791.125, "dmean": 194.657150269, "max": 19595.2148438, "var": 7251245, "mean": 1113.85437012}, "spectral_centroid": {"dmean2": 155.145935059, "median": 555.265075684, "min": 178.389572144, "dvar2": 81097.4375, "dvar": 46101.5, "dmean": 106.96799469, "max": 11878.2070313, "var": 1482311.75, "mean": 821.713867188}, "pitch_salience": {"dmean2": 0.0827498137951, "median": 0.591956675053, "min": 0.112538702786, "dvar2": 0.00657602911815, "dvar": 0.00240427185781, "dmean": 0.0510754697025, "max": 0.858779966831, "var": 0.0103326430544, "mean": 0.58503729105}, "spectral_energyband_middle_high": {"dmean2": 0.000775410910137, "median": 0.00166032777634, "min": 1.23788951918e-21, "dvar2": 1.99033070203e-06, "dvar": 1.02752574094e-06, "dmean": 0.000548511976376, "max": 0.0218842308968, "var": 9.61282967182e-06, "mean": 0.00273913424462}, "spectral_contrast_coeffs": {"dmean2": [0.0751725360751, 0.0548379831016, 0.0405534245074, 0.036718647927, 0.0299014020711, 0.0253987405449], "median": [-0.566015481949, -0.643067240715, -0.766191780567, -0.735012948513, -0.73012638092, -0.776087105274], "min": [-0.980998814106, -0.979224860668, -0.977845609188, -0.969120621681, -0.966786444187, -0.964696228504], "dvar2": [0.00378031446598, 0.00242225313559, 0.0012552809203, 0.00108671071939, 0.000828669173643, 0.000589615607169], "dvar": [0.00133952673059, 0.00094014586648, 0.000529499491677, 0.000479282636661, 0.000400944816647, 0.000257545820205], "dmean": [0.0446591861546, 0.0330688171089, 0.025384420529, 0.0233506988734, 0.0194615162909, 0.0162652768195], "max": [-0.250243961811, -0.362540632486, -0.438069552183, -0.48614102602, -0.52540653944, -0.582596182823], "var": [0.00833599455655, 0.0088280364871, 0.00545061007142, 0.00476995902136, 0.0048930728808, 0.00359940389171], "mean": [-0.573140799999, -0.645057439804, -0.758680164814, -0.734328329563, -0.729474306107, -0.772433459759]}, "melbands_skewness": {"dmean2": 0.694555878639, "median": 2.62933778763, "min": -0.984460890293, "dvar2": 0.704376339912, "dvar": 0.290134131908, "dmean": 0.444489628077, "max": 10.4791898727, "var": 1.32064759731, "mean": 2.70455384254}, "spectral_spread": {"dmean2": 563591.3125, "median": 2584394.75, "min": 582206.125, "dvar2": 1035333009410.0, "dvar": 596378910720, "dmean": 369161.1875, "max": 44677484, "var": 20102183387100.0, "mean": 3339686}, "dissonance": {"dmean2": 0.0339336507022, "median": 0.441860646009, "min": 0.240023463964, "dvar2": 0.00108522106893, "dvar": 0.000411821034504, "dmean": 0.0203542802483, "max": 0.500000059605, "var": 0.00148537079804, "mean": 0.435184240341}, "spectral_skewness": {"dmean2": 0.784669160843, "median": 2.33756756783, "min": -0.121869958937, "dvar2": 0.675330936909, "dvar": 0.235156461596, "dmean": 0.463980615139, "max": 9.54570960999, "var": 1.16881012917, "mean": 2.50233364105}, "spectral_flux": {"dmean2": 0.0245191417634, "median": 0.0444869026542, "min": 6.22164889053e-11, "dvar2": 0.000837931351271, "dvar": 0.000335463060765, "dmean": 0.0150711555034, "max": 0.240262940526, "var": 0.0012095621787, "mean": 0.0510271452367}, "spectral_contrast_valleys": {"dmean2": [0.67460745573, 0.44417911768, 0.375059187412, 0.366152048111, 0.335739731789, 0.434417486191], "median": [-7.4198679924, -6.95612430573, -7.72648763657, -8.5781955719, -8.88679122925, -12.088095665], "min": [-28.2356567383, -27.9824771881, -27.8369541168, -27.7264995575, -27.4781360626, -27.3959541321], "dvar2": [0.293476819992, 0.172880455852, 0.125316753983, 0.132934480906, 0.152512595057, 0.288617193699], "dvar": [0.106407344341, 0.0728863477707, 0.0573788322508, 0.0638490915298, 0.0789343044162, 0.146945849061], "dmean": [0.395695626736, 0.264956951141, 0.229997828603, 0.229941964149, 0.218458041549, 0.288325369358], "max": [-5.57400512695, -4.75187301636, -5.61303138733, -6.26876831055, -5.61887598038, -7.31455135345], "var": [5.99010467529, 6.24479150772, 5.72720432281, 5.45978021622, 5.427775383, 4.89247894287], "mean": [-7.80861568451, -7.37293100357, -8.10972595215, -9.00921535492, -9.31707286835, -12.426653862]}, "erbbands_flatness_db": {"dmean2": 0.0184216517955, "median": 0.221026211977, "min": 0.0407622270286, "dvar2": 0.000521125562955, "dvar": 0.000251445104368, "dmean": 0.0122720785439, "max": 0.370786935091, "var": 0.0019258079119, "mean": 0.219799548388}, "spectral_energyband_high": {"dmean2": 0.000141819386045, "median": 2.64153386524e-05, "min": 6.92510762068e-21, "dvar2": 8.94991785572e-07, "dvar": 5.56856150524e-07, "dmean": 0.000102588943264, "max": 0.0271742530167, "var": 1.33506898692e-06, "mean": 0.000185269018402}, "spectral_entropy": {"dmean2": 0.201247379184, "median": 6.63243436813, "min": 4.46999645233, "dvar2": 0.0578141286969, "dvar": 0.0302321352065, "dmean": 0.134821295738, "max": 9.82489681244, "var": 0.376427739859, "mean": 6.67127227783}, "silence_rate_20dB": {"dmean2": 0, "median": 1, "min": 1, "dvar2": 0, "dvar": 0, "dmean": 0, "max": 1, "var": 0, "mean": 1}, "melbands_flatness_db": {"dmean2": 0.0274776984006, "median": 0.292835742235, "min": 0.00309691717848, "dvar2": 0.000988964922726, "dvar": 0.000480059854453, "dmean": 0.0185234714299, "max": 0.53621327877, "var": 0.00676024705172, "mean": 0.296591371298}, "barkbands": {"dmean2": [7.25217603303e-07, 0.00102468580008, 0.00215723947622, 0.00282753701322, 0.00255446694791, 0.0026234483812, 0.000936483789701, 0.000683296413627, 0.00031164669781, 0.000166877885931, 0.000226722899242, 0.000254391634371, 0.000189108570339, 0.000125959006255, 0.000147757149534, 9.51904075919e-05, 0.000124343525385, 5.79877378186e-05, 0.000105841936602, 6.52547169011e-05, 1.55406887643e-05, 2.10512953345e-05, 2.67705472652e-05, 4.91717437399e-05, 2.50540688285e-05, 5.65734217162e-06, 1.16743137824e-06], "median": [3.55799443241e-08, 0.000466588244308, 0.00189941609278, 0.0017257364234, 0.00350995990448, 0.00276774959639, 0.000816232059151, 0.0004259061825, 0.000195763845113, 0.000114681264677, 8.94987679203e-05, 0.000148541017552, 0.00010822006152, 7.66035227571e-05, 6.04325323366e-05, 3.97297117161e-05, 5.85212510487e-05, 3.36424127454e-05, 4.00845856348e-05, 1.74577216967e-05, 6.09022708886e-06, 2.1910743726e-06, 1.44369198551e-06, 1.29644718072e-06, 5.63168555345e-07, 2.11306797837e-07, 5.18680831618e-09], "min": [6.39818653384e-25, 2.34337837214e-24, 5.94421581834e-25, 7.05228583759e-25, 5.5049080549e-24, 9.23522459414e-24, 2.64092368938e-24, 4.90342883037e-24, 1.67837178448e-23, 1.51471296559e-23, 1.2874341713e-23, 2.95057739043e-23, 3.22826778867e-23, 3.59447563799e-23, 3.49029803575e-23, 5.4046633976e-23, 7.10907311398e-23, 7.00558402954e-23, 1.17906722857e-22, 1.41816