{"tonal": {"thpcp": [1, 0.814350903034, 0.65455943346, 0.68152141571, 0.845567047596, 0.826754450798, 0.729917764664, 0.663461387157, 0.546624481678, 0.506405651569, 0.501825928688, 0.471380770206, 0.480292141438, 0.530705094337, 0.50389444828, 0.405405074358, 0.32306048274, 0.285140812397, 0.298329085112, 0.334233790636, 0.440466850996, 0.565158724785, 0.595344364643, 0.555925190449, 0.522546589375, 0.48397654295, 0.406105905771, 0.371862024069, 0.402267515659, 0.447497040033, 0.470406234264, 0.457557141781, 0.467078387737, 0.553925037384, 0.761692941189, 0.99471527338], "hpcp": {"dmean2": [0.174593433738, 0.167488515377, 0.177040979266, 0.193030834198, 0.224488273263, 0.257579773664, 0.26689556241, 0.248882770538, 0.255253732204, 0.259865313768, 0.223873183131, 0.208443760872, 0.20937474072, 0.211772680283, 0.222167432308, 0.235505133867, 0.249382302165, 0.29418066144, 0.343978255987, 0.387502193451, 0.382517665625, 0.35897102952, 0.332809746265, 0.345543563366, 0.442348539829, 0.367302596569, 0.32952812314, 0.323293179274, 0.276145130396, 0.266021847725, 0.287272363901, 0.258452028036, 0.233890727162, 0.248397439718, 0.249909877777, 0.217086791992], "median": [0.0327981710434, 0.0301023814827, 0.0260014683008, 0.0283593647182, 0.0470172427595, 0.0635040849447, 0.0667329579592, 0.0557578876615, 0.0527044422925, 0.0526789054275, 0.0452553406358, 0.0381425097585, 0.0421641990542, 0.0501715689898, 0.0534759610891, 0.0531366057694, 0.0565779879689, 0.0630106627941, 0.11086140573, 0.156500250101, 0.161842942238, 0.12057608366, 0.0849220231175, 0.102060116827, 0.118349507451, 0.131060481071, 0.0985505208373, 0.0823521018028, 0.0671116113663, 0.0493026301265, 0.0458547025919, 0.0498634576797, 0.0549305826426, 0.0567080676556, 0.046247638762, 0.0357653647661], "min": [0, 0, 0, 0, 0, 0, 0, 0, 0, 0, 0, 0, 0, 0, 0, 0, 0, 0, 0, 0, 0, 0, 0, 0, 0, 0, 0, 0, 0, 0, 0, 0, 0, 0, 0, 0], "dvar2": [0.0719411820173, 0.0741240754724, 0.0835908874869, 0.0896618515253, 0.0953228771687, 0.104353696108, 0.109793156385, 0.107100650668, 0.112083747983, 0.115640647709, 0.0962826833129, 0.0957230180502, 0.0935135856271, 0.0865367650986, 0.0924779996276, 0.10086106509, 0.112806089222, 0.137523263693, 0.145169436932, 0.155551493168, 0.148772671819, 0.143511429429, 0.149855881929, 0.136011093855, 0.208262830973, 0.140874907374, 0.14528208971, 0.146797299385, 0.121195606887, 0.124862991273, 0.144179672003, 0.117567442358, 0.100911051035, 0.107574820518, 0.121293857694, 0.103111661971], "dvar": [0.0262611098588, 0.0268201045692, 0.0313008613884, 0.0338311232626, 0.0369470119476, 0.0416739284992, 0.0424767024815, 0.0410097725689, 0.0422708950937, 0.043063044548, 0.0356522165239, 0.0354605205357, 0.0344990827143, 0.0326801389456, 0.0355698689818, 0.0384588055313, 0.0426500961185, 0.0514947809279, 0.0549698993564, 0.0617077685893, 0.0611883550882, 0.055998954922, 0.0552636645734, 0.0503942221403, 0.079945974052, 0.0543343387544, 0.0546691380441, 0.0556660741568, 0.0450751185417, 0.0476495064795, 0.053981885314, 0.0447034090757, 0.0384903326631, 0.0412718318403, 0.0462878271937, 0.0393980406225], "dmean": [0.0985688865185, 0.0942368432879, 0.0994730070233, 0.108379036188, 0.128216654062, 0.149784833193, 0.153949171305, 0.143896847963, 0.14576973021, 0.147232979536, 0.126710787416, 0.116434909403, 0.119142144918, 0.1214043051, 0.128291159868, 0.13341397047, 0.140974268317, 0.16576346755, 0.197859436274, 0.223338082433, 0.222009241581, 0.208037719131, 0.189392149448, 0.195881158113, 0.249009907246, 0.213595435023, 0.190950974822, 0.18417404592, 0.158019065857, 0.150809288025, 0.161519348621, 0.146443799138, 0.13342602551, 0.142630770802, 0.143731847405, 0.122739583254], "max": [1, 1, 1, 1, 1, 1, 1, 1, 1, 1, 1, 1, 1, 1, 1, 1, 1, 1, 1, 1, 1, 1, 1, 1, 1, 1, 1, 1, 1, 1, 1, 1, 1, 1, 1, 1], "var": [0.0273515153676, 0.0225184746087, 0.0283749457449, 0.032777082175, 0.0423910431564, 0.055087801069, 0.0605759769678, 0.0596749223769, 0.053936060518, 0.045811638236, 0.0346247106791, 0.0345346294343, 0.0368025191128, 0.0410879403353, 0.0445092990994, 0.0422838926315, 0.0434362776577, 0.0552756898105, 0.0720667093992, 0.100083738565, 0.0989027619362, 0.0773309096694, 0.0640632733703, 0.0563578009605, 0.0891387313604, 0.0745106488466, 0.0731391236186, 0.0690493509173, 0.0504333563149, 0.0533186197281, 0.0547368265688, 0.0467820316553, 0.0453567504883, 0.0549755953252, 0.0560278743505, 0.0435981303453], "mean": [0.0955647081137, 0.0843476653099, 0.0882489010692, 0.0988698899746, 0.130294755101, 0.16717992723, 0.176109164953, 0.164448544383, 0.154574811459, 0.143165379763, 0.120130427182, 0.11000072211, 0.118994988501, 0.132374361157, 0.139151141047, 0.135350242257, 0.138166725636, 0.163856878877, 0.225316822529, 0.294247299433, 0.295810580254, 0.240893617272, 0.193625599146, 0.201601237059, 0.250127673149, 0.244562715292, 0.215917393565, 0.19625890255, 0.161697298288, 0.149800151587, 0.148445427418, 0.139439418912, 0.142075493932, 0.156988188624, 0.1490573138, 0.119923107326]}, "tuning_equal_tempered_deviation": 0.208639413118, "chords_changes_rate": 0.104795739055, "key_key": "D#", "tuning_diatonic_strength": 0.462255001068, "key_scale": "minor", "chords_number_rate": 0.00333037297241, "tuning_frequency": 434.193115234, "tuning_nontempered_energy_ratio": 0.891139686108, "chords_histogram": [17.650976181, 0.510657191277, 2.24245119095, 3.24156308174, 0.244227349758, 8.43694496155, 5.63943147659, 4.06305503845, 0.155417412519, 7.48223781586, 2.06483125687, 0.333037286997, 0, 2.02042627335, 7.4600353241, 0.643872141838, 0.666074573994, 0.11101243645, 0, 1.55417406559, 3.28596806526, 6.61634111404, 3.90763759613, 21.669626236], "key_strength": 0.505301296711, "chords_key": "B", "chords_strength": {"dmean2": 0.0178311746567, "median": 0.457251310349, "min": -1, "dvar2": 0.00110387976747, "dvar": 0.000563533802051, "dmean": 0.0147700710222, "max": 0.876951277256, "var": 0.0366753414273, "mean": 0.450424939394}, "chords_scale": "major", "hpcp_entropy": {"dmean2": 1.23071920872, "median": 2.33438634872, "min": 0, "dvar2": 0.948046088219, "dvar": 0.34167316556, "dmean": 0.717839539051, "max": 4.7034330368, "var": 0.663449525833, "mean": 2.27154874802}}, "metadata": {"audio_properties": {"equal_loudness": 0, "codec": "mp3", "downmix": "mix", "sample_rate": 44100, "analysis_sample_rate": 44100, "bit_rate": 112000, "md5_encoded": "ce9ee0042834178e1b019ab883db59b0", "length": 209.110198975, "replay_gain": -7.01459884644, "lossless": false}, "version": {"essentia_build_sha": "5a811adb4c06fd6d02ca903f7349a26d851abfa8", "essentia": "2.1-beta1", "extractor": "music 1.0", "essentia_git_sha": "v2.1_beta1-34-gf95df8b"}, "tags": {"title": ["Stone Free Again"], "language": ["eng"], "media": ["Vinyl"], "albumartist": ["Jimi Hendrix"], "musicbrainz_releasegroupid": ["ee86146e-ab9b-33b0-9bf7-65bc75e244fb"], "musicbrainz_recordingid": ["11fec5d4-de4c-4894-855a-00ebba787b6a"], "musicbrainz_albumartistid": ["06fb1c8b-566e-4cb2-985b-b467c90781d4"], "acoustid_fingerprint": ["AQADtErUXIoioQ8c86iV6EjcCWGOBz6qrcZ_9EbTI5aUEzouZMF3pLrx4G8hF4ejHn7wIz_8A8ePC1bx4zxO-MFxDkee5agoppCbIBQu4sddnPBIfDuq44pMjA9-vMcfhGseiNeRRnvRbkmOM7OEN0-CboqSw3GGXsLz4DrCLZGeQEu3xIi940cpCk3a_Ph2ET_S6XieQj9-Gb6gikG-Hw_pBJeEHE1_aJRoPFmeIjbTZWgcHuGhO8FzXEoOx43xPTjxQ9xzXIty45I-6I4Y-MipEc2e6WhzNGOOWpIVPNLxG1WH9NAXBukyOsadS7DYBxUXZcBT_Kh1oXlSBR-S5TxCJXLwHhf9YPojuGLwEBWP4zgfvDreHPWI9NArPFEb7LWC79CUhriWBnd86NKDkA0aLjx-XLnQ00GTPMcV5EtyJDf84kcTdZnQTqivIn2h2cenHCGlLEV46EckOYelx0IlSThK2ci8HCcPZX-geQueyYh_WI6MmzGaXkIl5UieZRSeY1oFLQePK8uRJxzKnWheI6ZyTIeWSEefK7AkPcg3CakqVD905HrQOEF_CjcuIVnGxQjPHE2ooMuaini2H7_RHJVbnMo4JE9y5Dz24PiHUodlhkE1RRfOMYgeQqSMnceTk6hco6GoKsHqvfiO97CyUPiWC7eOfsGUHRpjTGn04HSO5xwidUEz7jjf4wtaPkUs6_gLpa3xREYahLhwHj9EOnmQ87gEU8aPB36LONB3hIm6HC2nooePbznywXE1PDqMUM6NojmPvCVuiUQjpTkqWTn2o4cP5niOq5GE5smhKUGYoxZT4zoa5uj-BKzEnKiOHT8cvkfZHZ80tPuRRkvYob-xH5GZ-WioBiGZC6qfIM6kB82lHe_x6agknA9OvcjjQssVhBal49OxTxeajAPZGk2OIz8UZeqF0An2oA8-oxae5Li45LgOJpEVo095JOcRXcSPXTrc49Lx56j0wUkTbcPJHG2UI-uC59B-NFYk4zr0xMeUJ4h9uGOJh0ezYPaDyjmaL8fZHKyIZMyOMD92KfiPPy2-C1cQJlNudM2h08SXQMuW7Ghz7J_xNEd1UIefDLnywdURSY6M9nHwHhqZ49ER-kez78jX4t2h6Nbhe0Gm6kHIJcMk5RDjHPnSw2KTonhyNF9QU8ihVZPEopEXG9-JqzE0ZuHQlSki2viF0Emig5ocaFk-BUVzSUSucMrwHl5ysBeDi02wPdmE4wscUT06PWieC7HPQH-R6xTMZRpOhnh07AfzFc0ZlGii5DgbCqdQT5OG5uCP18aXB7F--D724BZxuNJxRjlU-mg-_IGWUCt6aFE8jCcHzXi-odQX_DgZfXCNK6h1NLmIJz0uEt-S4m1kKD8U5czRHxqjHs0apcdjHYxEoVn0Bceho3HCI8RtCV96XFKIkpmFLD9exnhmaC_SD33S4w_yMA1ONgu0cEd4BX9wGryO8IP3CkKvgznE3ujKeIid6ah1w85RSsmxz0PlHM2P_LiSVin0Ir2IOzxeyUHkb3gTDv7Aa9KEZ_jxC12ow9EjQztyScTRzsywKyx6PNkQ5kflELqOHl5njLsLKy-oNEe_H7s-PHvw7GjK4x_OI8yT40YfNNdxZiWuO0ieIz-mH_3B5CFKDbsiVBLS5CuSsXmO49fQB3PX42EkpGcg5UecSjomXdXxRsVx4qrxjviDPjeS-AithKCeY7rw4JTwLBcqXUJz4caf4El2HO9xfcjJC0npNfiPPmhO4k_w5DeepRn6wA_6sDiPWgkrbEelksguQtsxPsiLMiMrXMpSNHnQ8cR99PCPSCzXQdeF_PgERhSPJyKcPPCKiblxHb2iLcIdNEeuQ2GSU4ilo2nCGNSJNM6F_oKckE4wSoed4CJ0hMf449_gc0RbCV-yDuEJKVaRRwHZ47vQpJgYlD2cBi7RhUVO6HrRSOoRiirKHmEO_VWR98GP5-ij4DSS98iPW3nwTIa_4zzKLHOQTJJaBVF_VE1EXMPB8kqKhjOJUgqJbD0S78fVH20HjxF6HSNF5E1kEdcZtCem7OJwZcf1BFJ07bCYI82PNxkxZY3m4TsumUGuGRrloEmK-Bc8BhGZPEjEKTzRxMf040mOU6mGXrnRM4cuynjxHn0zOBSPkvmCH28RbwkU8QUl5EqiCpbya7hIUTGmH0-IkhqaJUkinBeao3IWxCkPXZjzwPvxB12jHPex9Qq-HE-UC7EZWMdtCX9g48pylMecMcEdhOkPPvnwwzf07NAb_Xikwz2q_8hrND9CSlkmqEoSFH6CXpnwPML5QGqSpghT9DmqVPgD5nhuJLEe5MGDXkIz_3iW5zie4zvSL1WI_LjC4M9x-YiZQz9-DuEfoTItPGV2NE-M1h9-5ri-II8eqJ0SbIr8I9-F93jwLU_QpEykHKUOPrLwJ2DyoDeacA-qZCWYB65yTCQ_tA88kSLC58G3QEseogsTfEB96AmDPnsQ_0OjLmiTJMpx4bnw9EJzhEz4YVakZLgO5oeWSY8QVsKlH_PxaMyMGxWb4wsXfDtCZjS0PBRy3BKah8Ga_HBEpujVJsV-ofl0hNcPffGRjpmF5_hzVGLmoFF14UdeQQ_S50HOT_gYaDxeHWlEUviRPpaQTLTxEJ80Tej54MzR1MnxIle2Fcn4YApfnCGuHcZ_okkS6wj_ITmP5scVNMefY9eywYk44aIe9HAd3Cp89MmIsju2ZeuG_sgeHToVhOyIKcs-3F5CvHGIM0bTo9rxHFErEZq-gl9R-yEUah86RUcT9cg_HL2JphIPoYShAhNBFCBIGGQYIY4BAyEAyAIAgSEKZIsoUsgZhQwRwhChDDAEICYIMEwQAByQBAIgDLCAOIYcMcQAoRQAwghFCCNEGa2QYEIQQRAQQCBGBBEAAEEpMMYBYAwAxCgMRRMIAEQBIU4AA4ABhCIiCABCSCGFUAQgAwgBoBICECIOGAcoIAUB4AAhQRACjBPGAECREAYAIhgAVBgEAADCKaSYEFoYggBAkiAAhAAAAGIIU4wYQgEQiBDIAALAQuOEAwYAAQhARIuQFAISKSMIAAQzJQARRihhECAICECoEUIBoQghRABElRVGOcSAEkwIgggBACkGDACIACkFEwACZ5ViggAhhBHKCAKIAAABAhhURggEBRBMCUENIoYIQAgQxCDAlCFEoOIIRMAAo5gzCCAGGCCCKKKIIkIJqARAAhFjHEDACWKMIYIha5QhBhGhFBECIAUFAMIAAgARIQECJAJIMEWAYUQRBYhgVgAgDFCGCWEAEsIBQ4AQAgDCDANQAGnM4MAYZIBwgghghBKMMaIYBIQKowwBBDGlBCEMMAJQMgAwB5ACgliDKFMCCAIYY4QwiAVQyBJiBAFEIUsIIAAoiwAxmkAjCUXAaAQEEoYJRgwyADHGkAJAGMk8MYI4QZgSiBhCkDOCACSAAIIwYAgjgAGEJDAQCQMEAEYgAAwAiCCDBAEMGUUQMgoYYZFBhAgAgDBACSKZEAAAJCgSVjAAADAKKEUQAQQghZigAAjCFDIMAECYAgQABIhhhigBgRAFKOOQEIQAhyBCQggghIOCEEEIIcAARIhAQhEAiCCIDCCAYUhhoRABgCACBBFACEAYAIQCqKxAxAABiHBEIQ8AIkAowIQACiBnABCAIAiIAMYgICxSSABCiDKCECQAAAIYgBBzjCBAAFBUCSYMYMQAAQRjhiBhjDGEAgI"], "country": ["United States"], "album": ["Crash Landing"], "musicbrainz album release country": ["US"], "musicbrainz original album id": ["b42499f8-585d-3f36-9235-0a007ef2582e"], "musicbrainz album type": ["Album"], "musicbrainz album status": ["Official"], "discnumber": ["01/01"], "artists": ["Jimi Hendrix"], "date": ["1975"], "genre": ["Other", "(12)"], "url": [""], "musicbrainz release track id": ["f98e9b3a-1aef-3044-bf3c-1d5438377d39"], "musicbrainz_artistid": ["06fb1c8b-566e-4cb2-985b-b467c90781d4"], "musicbrainz_albumid": ["b42499f8-585d-3f36-9235-0a007ef2582e"], "originalalbum": ["Crash Landing"], "tracknumber": ["07/08"], "file_name": "Jimi Hendrix - 07-Stone Free Again.mp3", "artistsort": ["Hendrix, Jimi"], "artist": ["Jimi Hendrix"], "label": ["Warner Bros. Records"], "albumartistsort": ["Hendrix, Jimi"], "acoustid_id": ["f1ba9993-0a0d-4da9-96bc-deea84b0304c"], "script": ["Latin"]}}, "rhythm": {"bpm_histogram_first_peak_bpm": {"dmean2": 0, "median": 148, "min": 148, "dvar2": 0, "dvar": 0, "dmean": 0, "max": 148, "var": 0, "mean": 148}, "bpm": 147.158203125, "bpm_histogram_second_peak_spread": {"dmean2": 0, "median": 0.399999976158, "min": 0.399999976158, "dvar2": 0, "dvar": 0, "dmean": 0, "max": 0.399999976158, "var": 0, "mean": 0.399999976158}, "bpm_histogram_first_peak_weight": {"dmean2": 0, "median": 0.47128713131, "min": 0.47128713131, "dvar2": 0, "dvar": 0, "dmean": 0, "max": 0.47128713131, "var": 0, "mean": 0.47128713131}, "onset_rate": 3.63409399986, "beats_position": [0.31346938014, 0.66176867485, 1.03328800201, 1.40480720997, 1.77632653713, 2.15945577621, 2.54258489609, 2.97215414047, 3.40172338486, 3.83129239082, 4.26086139679, 4.7020406723, 5.14321994781, 5.58439922333, 6.01396799088, 6.43192720413, 6.84988641739, 7.26784563065, 7.6858048439, 8.10376358032, 8.51011276245, 8.91646194458, 9.32281208038, 9.72916126251, 10.1471195221, 10.5650787354, 10.9830379486, 11.3893871307, 11.7957363129, 12.202085495, 12.6200447083, 13.0263938904, 13.4443531036, 13.8623123169, 14.268661499, 14.6866207123, 15.0929698944, 15.5109291077, 15.9172782898, 16.3352375031, 16.7415866852, 17.1595458984, 17.5658950806, 17.9722442627, 18.3785934448, 18.784942627, 19.2029018402, 19.6208610535, 20.0388202667, 20.45677948, 20.8747386932, 21.2926979065, 21.6990470886, 22.1170063019, 22.523355484, 22.9297046661, 23.3360538483, 23.7540130615, 24.1719722748, 24.589931488, 24.9962806702, 25.4026298523, 25.8089790344, 26.2153282166, 26.6100673676, 27.0280265808, 27.4343757629, 27.8407249451, 28.2586841583, 28.6650333405, 29.0713825226, 29.4777317047, 29.8840808868, 30.3020401001, 30.7083892822, 31.1147384644, 31.5210876465, 31.9274368286, 32.3453979492, 32.7633552551, 33.1697044373, 33.5760536194, 33.9824028015, 34.3887519836, 34.7951011658, 35.2014503479, 35.60779953, 36.0141487122, 36.4321098328, 36.8384590149, 37.244808197, 37.6627655029, 38.0691146851, 38.4754638672, 38.8934249878, 39.2997741699, 39.7061233521, 40.1124725342, 40.5188217163, 40.9367790222, 41.3547401428, 41.761089325, 42.1790466309, 42.585395813, 42.9917449951, 43.3980941772, 43.8044433594, 44.2107925415, 44.6055335999, 45.011882782, 45.4182319641, 45.8129692078, 46.2077102661, 46.6024475098, 47.0204086304, 47.4267578125, 47.8331069946, 48.2394561768, 48.6458053589, 49.0405426025, 49.4468917847, 49.8532409668, 50.2595901489, 50.6659393311, 51.0722885132, 51.4786376953, 51.8849868774, 52.2913360596, 52.6860771179, 53.0808143616, 53.4755554199, 53.8819046021, 54.2882537842, 54.6946029663, 55.1009521484, 55.4956893921, 55.8904304504, 56.2851676941, 56.6915168762, 57.0978660583, 57.4926071167, 57.8989562988, 58.305305481, 58.7116546631, 59.1063919067, 59.5011329651, 59.9074821472, 60.3138313293, 60.7201805115, 61.1381378174, 61.5444869995, 61.9508361816, 62.34557724, 62.7635345459, 63.1582756042, 63.5530128479, 63.9709739685, 64.3773193359, 64.7836685181, 65.2016296387, 65.6079788208, 66.0259399414, 66.4322891235, 66.8502502441, 67.2682037354, 67.6745529175, 68.0809020996, 68.4872512817, 68.8936004639, 69.3115615845, 69.7179107666, 70.1242599487, 70.5306091309, 70.9485702515, 71.3665313721, 71.7844848633, 72.1908340454, 72.608795166, 73.0151443481, 73.4214935303, 73.8162307739, 74.2225799561, 74.6405410767, 75.0701141357, 75.4996795654, 75.9292526245, 76.3588180542, 76.7767791748, 77.217956543, 77.6475296021, 78.0654830933, 78.4834442139, 78.9014053345, 79.3193664551, 79.7257156372, 80.1320648193, 80.5384140015, 80.9563674927, 81.3627166748, 81.7806777954, 82.198638916, 82.6166000366, 83.0113372803, 83.4176864624, 83.8240356445, 84.2303848267, 84.6483459473, 85.0546951294, 85.4726486206, 85.8789978027, 86.2853469849, 86.7033081055, 87.1212692261, 87.5276184082, 87.9339675903, 88.3519287109, 88.7582778931, 89.1646270752, 89.5825805664, 89.9889297485, 90.3952789307, 90.8132400513, 91.2195892334, 91.6259384155, 92.0322875977, 92.4386367798, 92.8565979004, 93.274559021, 93.6809082031, 94.0872573853, 94.5052108765, 94.9115600586, 95.3179092407, 95.7242584229, 96.1422195435, 96.5485687256, 96.9665298462, 97.3844909668, 97.7908401489, 98.1971893311, 98.6151428223, 99.0331039429, 99.4510650635, 99.8690261841, 100.286979675, 100.704940796, 101.122901917, 101.540863037, 101.947212219, 102.36516571, 102.771514893, 103.189476013, 103.607437134, 104.025398254, 104.431747437, 104.849700928, 105.25605011, 105.662399292, 106.068748474, 106.486709595, 106.893058777, 107.299407959, 107.71736908, 108.123718262, 108.530067444, 108.936416626, 109.342765808, 109.737503052, 110.132240295, 110.550201416, 110.94493866, 111.351287842, 111.757637024, 112.163986206, 112.570335388, 112.965080261, 113.359817505, 113.766166687, 114.172515869, 114.567253113, 114.961990356, 115.356735229, 115.751472473, 116.146209717, 116.54094696, 116.947296143, 117.353645325, 117.748390198, 118.143127441, 118.549476624, 118.955825806, 119.350563049, 119.756912231, 120.163261414, 120.569610596, 120.975959778, 121.393920898, 121.788658142, 122.183395386, 122.578140259, 122.984489441, 123.390838623, 123.797187805, 124.203536987, 124.598274231, 125.016235352, 125.410972595, 125.817321777, 126.235282898, 126.653244019, 127.059593201, 127.477546692, 127.895507812, 128.313461304, 128.731430054, 129.149383545, 129.567337036, 129.985305786, 130.391647339, 130.79800415, 131.215957642, 131.633926392, 132.040267944, 132.446624756, 132.864578247, 133.2709198, 133.677276611, 134.083618164, 134.489974976, 134.896316528, 135.30267334, 135.720626831, 136.126983643, 136.533325195, 136.951293945, 137.357635498, 137.76399231, 138.181945801, 138.599899292, 139.02947998, 139.45904541, 139.876998901, 140.294967651, 140.701309204, 141.107666016, 141.525619507, 141.943572998, 142.361541748, 142.767883301, 143.185852051, 143.592193604, 143.998550415, 144.393280029, 144.788024902, 145.194366455, 145.600723267, 146.007064819, 146.413421631, 146.808166504, 147.214508057, 147.632461548, 148.038818359, 148.445159912, 148.863128662, 149.269470215, 149.675827026, 150.093780518, 150.511749268, 150.91809082, 151.336044312, 151.730789185, 152.137145996, 152.543487549, 152.94984436, 153.356185913, 153.762542725, 154.157272339, 154.56362915, 154.969970703, 155.364715576, 155.759460449, 156.165802002, 156.572158813, 156.966888428, 157.361633301, 157.779586792, 158.185943604, 158.592285156, 158.987030029, 159.381759644, 159.776504517, 160.17124939, 160.565979004, 160.972335815, 161.36706543, 161.773422241, 162.168167114, 162.574508667, 162.980865479, 163.387207031, 163.793563843, 164.211517334, 164.617858887, 165.024215698, 165.418960571, 165.813690186, 166.208435059, 166.603164673, 166.997909546, 167.404266357, 167.81060791, 168.228561401, 168.646530151, 169.052871704, 169.459228516, 169.877182007, 170.295150757, 170.713104248, 171.107849121, 171.525802612, 171.932144165, 172.338500977, 172.744842529, 173.151199341, 173.557540894, 173.963897705, 174.358642578, 174.764984131, 175.171340942, 175.589294434, 175.995635986, 176.401992798, 176.796737671, 177.203079224, 177.597824097, 178.004165649, 178.410522461, 178.805252075, 179.199996948, 179.594741821, 180.001083374, 180.407440186, 180.813781738, 181.22013855, 181.614868164, 182.021224976, 182.41595459, 182.822311401, 183.228652954, 183.646621704, 184.041351318, 184.436096191, 184.830841064, 185.225570679, 185.620315552, 186.038269043, 186.444625854, 186.850967407, 187.24571228, 187.652053833, 188.058410645, 188.476364136, 188.894332886, 189.300674438, 189.70703125, 190.124984741, 190.519729614, 190.937683105, 191.355636597, 191.785217285, 192.203170776, 192.621124268, 193.027481079, 193.491882324, 193.956283569, 194.409072876, 194.861862183, 195.314651489, 195.779037476, 196.255050659, 196.731063843, 197.207077026, 197.671463013, 198.135864258, 198.600265503, 199.064666748, 199.540679932, 200.016693115, 200.49269104, 200.991928101, 201.491149902, 201.990386963, 202.477996826, 202.965621948, 203.46484375, 203.917633057, 204.358810425, 204.800003052, 205.264389038, 205.728790283, 206.193191528, 206.657592773, 207.121994019, 207.586395264, 208.050796509, 208.515182495], "beats_loudness": {"dmean2": 0.0302497260273, "median": 0.0334989391267, "min": 0, "dvar2": 0.000892837182619, "dvar": 0.000343620864442, "dmean": 0.0180037617683, "max": 0.148715928197, "var": 0.000695354479831, "mean": 0.0374776870012}, "danceability": 1.09192121029, "bpm_histogram_second_peak_weight": {"dmean2": 0, "median": 0.0297029707581, "min": 0.0297029707581, "dvar2": 0, "dvar": 0, "dmean": 0, "max": 0.0297029707581, "var": 0, "mean": 0.0297029707581}, "beats_count": 506, "bpm_histogram_second_peak_bpm": {"dmean2": 0, "median": 129, "min": 129, "dvar2": 0, "dvar": 0, "dmean": 0, "max": 129, "var": 0, "mean": 129}, "bpm_histogram_first_peak_spread": {"dmean2": 0, "median": 0.469933152199, "min": 0.469933152199, "dvar2": 0, "dvar": 0, "dmean": 0, "max": 0.469933152199, "var": 0, "mean": 0.469933152199}, "beats_loudness_band_ratio": {"dmean2": [0.297911226749, 0.201546579599, 0.243365958333, 0.179392263293, 0.0360638462007, 0.168498590589], "median": [0.286861896515, 0.11989711225, 0.116829141974, 0.119864225388, 0.0158759988844, 0.1503444314], "min": [0, 0, 0, 0, 0, 0], "dvar2": [0.0619019754231, 0.0394497364759, 0.05548106879, 0.0384507402778, 0.00359332165681, 0.0174438431859], "dvar": [0.0231042522937, 0.0138297155499, 0.0206570681185, 0.0135438414291, 0.00126023637131, 0.00624023284763], "dmean": [0.177259117365, 0.115307018161, 0.140249356627, 0.103975340724, 0.0193745829165, 0.0981500074267], "max": [0.968682527542, 0.699497818947, 0.819088280201, 0.943054258823, 0.345617979765, 0.526037931442], "var": [0.0484109446406, 0.018006041646, 0.0268330425024, 0.0171090234071, 0.000930992886424, 0.0111899636686], "mean": [0.334820091724, 0.163404330611, 0.177278384566, 0.150494158268, 0.0222857724875, 0.168833300471]}}, "lowlevel": {"barkbands_spread": {"dmean2": 6.67562007904, "median": 13.6633329391, "min": 0.170464098454, "dvar2": 55.211555481, "dvar": 24.7488193512, "dmean": 4.36747550964, "max": 113.033653259, "var": 81.2724914551, "mean": 14.9651470184}, "melbands_spread": {"dmean2": 6.9271478653, "median": 14.149518013, "min": 0.300790518522, "dvar2": 53.5357437134, "dvar": 23.0793781281, "dmean": 4.41257715225, "max": 158.527267456, "var": 275.230834961, "mean": 16.5675182343}, "hfc": {"dmean2": 44.6746711731, "median": 67.8889312744, "min": 1.10195168172e-16, "dvar2": 3570.25, "dvar": 1694.81689453, "dmean": 30.1777114868, "max": 838.647094727, "var": 9431.11328125, "mean": 98.8296508789}, "barkbands_kurtosis": {"dmean2": 10.157494545, "median": 4.61382865906, "min": -1.81285822392, "dvar2": 831.765136719, "dvar": 341.888793945, "dmean": 6.37188482285, "max": 773.093200684, "var": 1003.51916504, "mean": 11.3784036636}, "gfcc": {"mean": [-75.1932144165, 127.155349731, -88.5925750732, -23.4396209717, -17.8893928528, -13.7006530762, -1.82743930817, -20.1569976807, -5.64302873611, -5.99138355255, 2.07108521461, -3.8038482666, -7.41767263412], "icov": [[8.79368235474e-05, -0.000242076159338, 0.000401443074225, -0.000277430954156, 0.000186191944522, -0.000123749632621, 0.000110308923468, 6.46817306915e-06, 0.000190381004359, -8.71238589752e-05, -7.2134353104e-05, 0.000114133952593, 2.26320580055e-07], [-0.000242076159338, 0.00240112096071, -0.00136451213621, 0.00143339985516, -3.78179975087e-05, 0.00052781967679, -0.000729278544895, 0.00122754462063, -0.00202010711655, 0.00207516551018, -0.00146115384996, 0.00135516969021, -0.000511683814693], [0.000401443074225, -0.00136451213621, 0.00441897241399, -0.00334267551079, 0.00114542839583, -0.00208036019467, 0.00185363425408, -8.76048216014e-05, -0.000224577903282, 0.00041437233449, -0.00144580379128, 0.00218906160444, -0.00169735250529], [-0.000277430954156, 0.00143339985516, -0.00334267551079, 0.00598051957786, -0.00350413937122, 0.00238146283664, -0.000790925172623, -0.00113393482752, 0.00151781865861, -0.00245068967342, 0.00572152249515, -0.00529335159808, 0.00318834162317], [0.000186191944522, -3.78179975087e-05, 0.00114542839583, -0.00350413937122, 0.0083331419155, -0.00281904940493, -0.00187005638145, 0.00381668377668, -0.00497472053394, 0.00673222122714, -0.00666049821302, 0.00558725837618, -0.00282744853757], [-0.000123749632621, 0.00052781967679, -0.00208036019467, 0.00238146283664, -0.00281904940493, 0.0082583995536, -0.00148563680705, -0.00431898469105, 0.00671817362309, -0.0044698943384, 0.00176240468863, -0.000265051465249, -0.000308266055072], [0.000110308923468, -0.000729278544895, 0.00185363425408, -0.000790925172623, -0.00187005638145, -0.00148563680705, 0.0088747004047, -0.000543388014194, -0.00489006843418, 0.00370852136984, 0.00171678536572, -0.00428530573845, 0.0024363193661], [6.46817306915e-06, 0.00122754462063, -8.76048216014e-05, -0.00113393482752, 0.00381668377668, -0.00431898469105, -0.000543388014194, 0.0113398274407, -0.00611178390682, 0.00190716271754, -0.00254078023136, 0.00417642435059, -0.00256637856364], [0.000190381004359, -0.00202010711655, -0.000224577903282, 0.00151781865861, -0.00497472053394, 0.00671817362309, -0.00489006843418, -0.00611178390682, 0.0253583136946, -0.0177246313542, 0.00646805809811, -0.00272957095876, 0.00329744094051], [-8.71238589752e-05, 0.00207516551018, 0.00041437233449, -0.00245068967342, 0.00673222122714, -0.0044698943384, 0.00370852136984, 0.00190716271754, -0.0177246313542, 0.030968805775, -0.0157506298274, 0.00403493084013, 0.00170100200921], [-7.2134353104e-05, -0.00146115384996, -0.00144580379128, 0.00572152249515, -0.00666049821302, 0.00176240468863, 0.00171678536572, -0.00254078023136, 0.00646805809811, -0.0157506298274, 0.0286834668368, -0.0130382021889, 0.00369007280096], [0.000114133952593, 0.00135516969021, 0.00218906160444, -0.00529335159808, 0.00558725837618, -0.000265051465249, -0.00428530573845, 0.00417642435059, -0.00272957095876, 0.00403493084013, -0.0130382021889, 0.0281410068274, -0.0132768424228], [2.26320580055e-07, -0.000511683814693, -0.00169735250529, 0.00318834162317, -0.00282744853757, -0.000308266055072, 0.0024363193661, -0.00256637856364, 0.00329744094051, 0.00170100200921, 0.00369007280096, -0.0132768424228, 0.0221752282232]], "cov": [[27282.9589844, 2116.55249023, -2687.5949707, -1046.33618164, -644.149963379, -468.733886719, 7.32013893127, -378.59197998, -100.877670288, 0.715770244598, 112.899604797, -62.6957855225, -181.360809326], [2116.55249023, 931.42980957, -149.642486572, -296.377441406, 3.1516020298, -94.5616226196, 38.1270446777, -114.621643066, 37.1628875732, -37.2422447205, 48.9479103088, -46.7727432251, -4.55577278137], [-2687.5949707, -149.642486572, 781.132080078, 324.906066895, 64.3903884888, 150.06489563, -101.185348511, 79.2960128784, -30.6267528534, 2.14787483215, -25.6125717163, -16.9586391449, 38.7377700806], [-1046.33618164, -296.377441406, 324.906066895, 586.733825684, 156.547119141, -18.8649520874, 58.6094818115, 11.1436824799, 11.774433136, -23.0832176208, -78.1883087158, 41.2079849243, -14.0674953461], [-644.149963379, 3.1516020298, 64.3903884888, 156.547119141, 293.828369141, 5.24447107315, 104.160804749, -55.2756233215, 23.2482242584, -53.530506134, -7.2028427124, 1.63884341717, 5.02513694763], [-468.733886719, -94.5616226196, 150.06489563, -18.8649520874, 5.24447107315, 250.794189453, -37.0635719299, 84.4864959717, -54.5478363037, 8.93375587463, 7.19482421875, -16.3928165436, 26.4403991699], [7.32013893127, 38.1270446777, -101.185348511, 58.6094818115, 104.160804749, -37.0635719299, 219.94392395, -20.3609390259, 55.0147857666, -29.900604248, -18.2514419556, 25.9687252045, -16.3491344452], [-378.59197998, -114.621643066, 79.2960128784, 11.1436824799, -55.2756233215, 84.4864959717, -20.3609390259, 162.488922119, 18.8973121643, 36.3732528687, 1.68338799477, -13.6868162155, 2.92014980316], [-100.877670288, 37.1628875732, -30.6267528534, 11.774433136, 23.2482242584, -54.5478363037, 55.0147857666, 18.8973121643, 110.549720764, 47.3291015625, 8.96529388428, -0.97622525692, -26.975446701], [0.715770244598, -37.2422447205, 2.14787483215, -23.0832176208, -53.530506134, 8.93375587463, -29.900604248, 36.3732528687, 47.3291015625, 94.6765899658, 37.5035095215, -2.29215025902, -18.4959774017], [112.899604797, 48.9479103088, -25.6125717163, -78.1883087158, -7.2028427124, 7.19482421875, -18.2514419556, 1.68338799477, 8.96529388428, 37.5035095215, 76.2804641724, 15.8338489532, 4.3680973053], [-62.6957855225, -46.7727432251, -16.9586391449, 41.2079849243, 1.63884341717, -16.3928165436, 25.9687252045, -13.6868162155, -0.97622525692, -2.29215025902, 15.8338489532, 73.9736862183, 29.2184143066], [-181.360809326, -4.55577278137, 38.7377700806, -14.0674953461, 5.02513694763, 26.4403991699, -16.3491344452, 2.92014980316, -26.975446701, -18.4959774017, 4.3680973053, 29.2184143066, 75.3191680908]]}, "spectral_energyband_middle_low": {"dmean2": 0.00828203372657, "median": 0.00843814574182, "min": 1.66067173369e-22, "dvar2": 0.000155649497174, "dvar": 6.77176722093e-05, "dmean": 0.00544538674876, "max": 0.165122792125, "var": 0.000259721942712, "mean": 0.0136277452111}, "melbands_crest": {"dmean2": 6.09162044525, "median": 12.140748024, "min": 1.00076651573, "dvar2": 30.3624477386, "dvar": 11.722363472, "dmean": 3.69232153893, "max": 37.1056060791, "var": 30.538602829, "mean": 13.2123937607}, "spectral_kurtosis": {"dmean2": 15.5017557144, "median": 26.3290424347, "min": -1.27564954758, "dvar2": 309.834197998, "dvar": 119.859176636, "dmean": 9.80672073364, "max": 168.902938843, "var": 264.035766602, "mean": 29.6995105743}, "spectral_rms": {"dmean2": 0.0011824980611, "median": 0.0048232623376, "min": 3.13444712893e-12, "dvar2": 1.31676563342e-06, "dvar": 6.54019117974e-07, "dmean": 0.000816832995042, "max": 0.0139967026189, "var": 5.21779475093e-06, "mean": 0.00476644327864}, "zerocrossingrate": {"dmean2": 0.0438557341695, "median": 0.234375, "min": 0, "dvar2": 0.00145712133963, "dvar": 0.00100968650077, "dmean": 0.0354288555682, "max": 0.669921875, "var": 0.0117684332654, "mean": 0.246254384518}, "silence_rate_60dB": {"dmean2": 0.0555247068405, "median": 0, "min": 0, "dvar2": 0.0602290779352, "dvar": 0.0269944705069, "dmean": 0.0277592707425, "max": 1, "var": 0.0852001607418, "mean": 0.0940379723907}, "erbbands_kurtosis": {"dmean2": 2.57650732994, "median": 0.649351835251, "min": -1.73470258713, "dvar2": 14.8175420761, "dvar": 6.19755125046, "dmean": 1.59495723248, "max": 57.6705818176, "var": 13.0776987076, "mean": 1.66165006161}, "erbbands": {"dmean2": [0.150495961308, 0.991099774837, 1.95136857033, 2.81827020645, 5.45713233948, 7.73118686676, 17.8949241638, 30.6442642212, 40.0074081421, 37.7225494385, 44.9773864746, 42.0976371765, 39.9357757568, 38.8531150818, 41.7181930542, 61.5873947144, 53.0152244568, 22.0860443115, 9.90489387512, 4.19143390656, 2.66349720955, 2.47803401947, 1.81089389324, 1.67432630062, 1.01065731049, 0.694548368454, 0.534490406513, 0.357369929552, 0.253169804811, 0.161435961723, 0.103602148592, 0.0583974011242, 0.042079217732, 0.028899686411, 0.0184096321464, 0.0106292525306, 0.0058912448585, 0.00543035008013, 0.00408834218979, 0.00670022377744], "median": [0.0378190800548, 0.413254499435, 0.909049034119, 1.34447348118, 2.33340883255, 2.67103004456, 5.5664191246, 9.34128952026, 8.93659305573, 9.61454677582, 10.8297367096, 12.3845643997, 10.9313030243, 9.29112434387, 13.9256515503, 29.1682891846, 25.9957122803, 12.8296108246, 5.97899055481, 3.23249220848, 2.23460292816, 2.06607365608, 1.42883229256, 1.14527857304, 0.569094121456, 0.39634475112, 0.266675025225, 0.180230692029, 0.118217810988, 0.0743638500571, 0.0369865931571, 0.0122596332803, 0.0072252987884, 0.00516568683088, 0.00356547953561, 0.00226566172205, 0.00204469403252, 0.00270518916659, 0.00303721916862, 0.00570831308141], "min": [7.20519297538e-23, 5.66210430438e-22, 2.77164373161e-21, 3.33152444312e-21, 8.31702317823e-21, 1.36288717261e-20, 4.55435143955e-20, 2.91634964977e-20, 1.10466597461e-19, 1.44860715632e-19, 2.43217544021e-19, 3.84878014185e-19, 5.90792194121e-19, 4.7404712779e-19, 8.88466113944e-19, 1.53982162908e-18, 1.36104132553e-18, 1.81893790696e-18, 2.62006191663e-18, 2.97781318886e-18, 3.17773405752e-18, 3.39067661017e-18, 4.30869902478e-18, 6.52332291365e-18, 6.98632030433e-18, 7.11897525916e-18, 1.03996678671e-17, 8.9662697447e-18, 7.70355703294e-18, 9.51767661284e-18, 1.09492483205e-17, 1.07817070233e-17, 8.86639926627e-18, 8.16906863909e-18, 6.06197119881e-18, 3.95647766174e-18, 2.3453852205e-18, 9.97735845682e-19, 2.49940635395e-19, 2.89105084772e-20], "dvar2": [0.0984825789928, 2.39560103416, 8.34394168854, 17.1295642853, 86.1093673706, 233.733703613, 1629.30688477, 5202.63330078, 13143.0224609, 8844.3203125, 9843.95214844, 9535.90136719, 11504.7890625, 15767.8037109, 10198.5234375, 17372.7695312, 9803.46875, 1984.45776367, 602.13470459, 43.2011108398, 15.8880186081, 14.5036592484, 7.15032672882, 7.27179527283, 3.12458372116, 1.34071648121, 0.790357232094, 0.445922762156, 0.241443932056, 0.0675709098577, 0.0243999771774, 0.0113438786939, 0.00594712467864, 0.00275748525746, 0.00108809315134, 0.000347127701389, 8.65065012476e-05, 6.90678498358e-05, 4.25051111961e-05, 0.000131562483148], "dvar": [0.0380123220384, 0.938770115376, 3.27876138687, 6.2987537384, 32.6995315552, 105.273910522, 704.78729248, 2212.06958008, 5845.54150391, 3495.25463867, 4237.88916016, 3892.8203125, 4638.29248047, 6885.63623047, 4193.56835938, 6583.27099609, 3858.66894531, 816.06854248, 261.897888184, 17.1538505554, 6.40919733047, 5.73804855347, 3.11616826057, 3.16658067703, 1.61501383781, 0.69952750206, 0.373724848032, 0.204206004739, 0.111859716475, 0.0297897607088, 0.0101142236963, 0.00443314388394, 0.00232139462605, 0.00107683276292, 0.000425531674409, 0.00013617076911, 3.47636378137e-05, 3.39864782291e-05, 2.13979292312e-05, 6.16864126641e-05], "dmean": [0.0895444154739, 0.597922801971, 1.18238830566, 1.65833520889, 3.22668552399, 4.84899044037, 11.2841901779, 19.4045524597, 26.0580368042, 23.62591362, 28.7315750122, 26.8449382782, 25.1878986359, 24.8132381439, 26.1953887939, 38.3379821777, 33.2312469482, 13.9309482574, 6.43520784378, 2.63265776634, 1.69474136829, 1.58585369587, 1.17955076694, 1.10925614834, 0.68224966526, 0.473742991686, 0.361340582371, 0.241268321872, 0.169003322721, 0.106262736022, 0.0658329352736, 0.035181440413, 0.0252438150346, 0.0173736494035, 0.0110965492204, 0.00643183058128, 0.00366858579218, 0.00372265186161, 0.00287587963976, 0.00460425484926], "max": [2.09830904007, 13.5573644638, 25.5795726776, 48.587184906, 194.261047363, 201.122024536, 1108.76293945, 1190.84741211, 2122.47998047, 1748.04553223, 1509.24133301, 1338.76159668, 1744.86462402, 2621.69458008, 1621.09155273, 2220.76318359, 1401.16369629, 871.303710938, 519.16595459, 99.2867126465, 51.457244873, 60.8878974915, 37.5278053284, 58.9369621277, 50.5122375488, 28.897644043, 12.6191282272, 19.622303009, 15.2460050583, 7.03895330429, 1.16288590431, 0.759939789772, 0.554130911827, 0.380987375975, 0.243149355054, 0.140711918473, 0.0736529603601, 0.116328127682, 0.0687412470579, 0.131896212697], "var": [0.031943757087, 1.13462769985, 4.47181558609, 10.5553655624, 59.3205909729, 238.25038147, 1714.69946289, 4266.66064453, 13232.1660156, 6654.81591797, 10537.4921875, 7182.08837891, 6871.97021484, 13299.4140625, 9255.38378906, 13445.3330078, 7621.61328125, 1526.48498535, 502.702850342, 40.9078788757, 15.4070396423, 14.5013227463, 7.92123842239, 7.12552595139, 3.79658174515, 1.62282073498, 0.795680880547, 0.449966162443, 0.203132420778, 0.0506142415106, 0.0143721615896, 0.00465371692553, 0.00241479114629, 0.00113357999362, 0.000456357287476, 0.000150409206981, 4.50486004411e-05, 7.45612560422e-05, 4.8311183491e-05, 0.000249172881013], "mean": [0.0928873717785, 0.788298130035, 1.63101160526, 2.40887928009, 4.65152072906, 7.65820932388, 18.7845458984, 30.4838218689, 41.3951950073, 36.1195220947, 45.3292579651, 41.6153450012, 37.2690696716, 39.5576248169, 45.5221595764, 65.8431930542, 58.2128982544, 25.2812404633, 11.6800575256, 5.22367954254, 3.38659238815, 3.23764538765, 2.33326077461, 2.05028104782, 1.19489300251, 0.818823933601, 0.588621258736, 0.406419992447, 0.266655832529, 0.157183304429, 0.0841139182448, 0.0361425206065, 0.0249604955316, 0.0173977091908, 0.0113388281316, 0.00676837936044, 0.0045159868896, 0.00587869575247, 0.00549327395856, 0.0121845165268]}, "spectral_strongpeak": {"dmean2": 4.66002035141, "median": 0.486267983913, "min": 0, "dvar2": 238.595031738, "dvar": 83.6972961426, "dmean": 2.5163860321, "max": 138.430099487, "var": 65.8341140747, "mean": 2.2924220562}, "spectral_energy": {"dmean2": 0.0137038417161, "median": 0.0238454565406, "min": 1.00703778894e-20, "dvar2": 0.000275054218946, "dvar": 0.000126355414977, "dmean": 0.00922805164009, "max": 0.20080538094, "var": 0.000578842416871, "mean": 0.0286352876574}, "average_loudness": 0.801598906517, "spectral_rolloff": {"dmean2": 7309.05859375, "median": 2239.453125, "min": 21.533203125, "dvar2": 129917472, "dvar": 54846564, "dmean": 3759.01049805, "max": 22050, "var": 101223080, "mean": 10588.8730469}, "spectral_centroid": {"dmean2": 198.408294678, "median": 695.890014648, "min": 94.8092498779, "dvar2": 69115.3125, "dvar": 35940.3046875, "dmean": 131.95022583, "max": 11710.1103516, "var": 1548748.125, "mean": 869.831176758}, "pitch_salience": {"dmean2": 0.127220720053, "median": 0.59693223238, "min": 0.0601793304086, "dvar2": 0.0117658544332, "dvar": 0.00453487457708, "dmean": 0.0770173445344, "max": 0.996096491814, "var": 0.0144358193502, "mean": 0.579894483089}, "spectral_energyband_middle_high": {"dmean2": 0.00332833384164, "median": 0.00304982811213, "min": 1.04299892081e-21, "dvar2": 3.50730333594e-05, "dvar": 1.51295662363e-05, "dmean": 0.00222790148109, "max": 0.105640560389, "var": 5.12449878443e-05, "mean": 0.00546355545521}, "spectral_contrast_coeffs": {"dmean2": [0.0887772589922, 0.0885217934847, 0.0657978579402, 0.0553722158074, 0.0358836948872, 0.0627610757947], "median": [-0.69048666954, -0.748989105225, -0.801111340523, -0.774595856667, -0.834026694298, -0.808850169182], "min": [-0.980308353901, -0.996613740921, -0.998899757862, -0.987842381001, -0.98852878809, -0.965030372143], "dvar2": [0.00492144096643, 0.00481653772295, 0.00281983870082, 0.00189595809206, 0.000920062710065, 0.0033717690967], "dvar": [0.00180413678754, 0.00183913263027, 0.00105336518027, 0.000746376812458, 0.000355353142368, 0.00146129389759], "dmean": [0.0535676851869, 0.0540382899344, 0.0400219038129, 0.0341916792095, 0.0222077406943, 0.0397980473936], "max": [-0.372439146042, -0.371315598488, -0.500435292721, -0.544766664505, -0.680317759514, -0.504384219646], "var": [0.00632031355053, 0.00705678481609, 0.00414089020342, 0.00416382215917, 0.00165063946042, 0.00442298268899], "mean": [-0.688240706921, -0.742855548859, -0.796565771103, -0.779223442078, -0.83739978075, -0.79605448246]}, "melbands_skewness": {"dmean2": 1.08244562149, "median": 1.27483046055, "min": -3.0020430088, "dvar2": 1.50491678715, "dvar": 0.649716794491, "dmean": 0.695336341858, "max": 15.9163236618, "var": 2.85555362701, "mean": 1.68144583702}, "spectral_spread": {"dmean2": 922137.5, "median": 3035254.75, "min": 899862.9375, "dvar2": 1027367632900.0, "dvar": 462583922688, "dmean": 582351.625, "max": 42879968, "var": 19979430789100.0, "mean": 3628143}, "dissonance": {"dmean2": 0.0517615228891, "median": 0.458018511534, "min": 0.181025743484, "dvar2": 0.00225518806837, "dvar": 0.000848474446684, "dmean": 0.0307542905211, "max": 0.500000178814, "var": 0.00166356714908, "mean": 0.448121577501}, "spectral_skewness": {"dmean2": 0.970613956451, "median": 3.73658466339, "min": -0.0831598490477, "dvar2": 1.02658843994, "dvar": 0.414546281099, "dmean": 0.633594930172, "max": 10.6640396118, "var": 1.48623621464, "mean": 3.84693360329}, "spectral_flux": {"dmean2": 0.0344408154488, "median": 0.0900693535805, "min": 6.34098606955e-11, "dvar2": 0.00110644102097, "dvar": 0.000490022415761, "dmean": 0.0219402927905, "max": 0.308112710714, "var": 0.00230608740821, "mean": 0.0909726694226}, "spectral_contrast_valleys": {"dmean2": [0.701512873173, 0.62547826767, 0.533709764481, 0.475988000631, 0.540433764458, 1.14677727222], "median": [-7.12241697311, -6.36782693863, -6.82787227631, -7.5