{"tonal": {"thpcp": [1, 0.819647490978, 0.59805136919, 0.415175527334, 0.323788076639, 0.30115801096, 0.283568173647, 0.285942137241, 0.26984128356, 0.253185272217, 0.271219432354, 0.302008628845, 0.335625231266, 0.346326082945, 0.337141931057, 0.356965601444, 0.39670675993, 0.404148250818, 0.369812518358, 0.354362785816, 0.368502169847, 0.397663861513, 0.445858925581, 0.637260377407, 0.770649671555, 0.560226857662, 0.371242940426, 0.372758746147, 0.375232219696, 0.40701302886, 0.53865146637, 0.666493117809, 0.702696979046, 0.733324348927, 0.826054573059, 0.970983564854], "hpcp": {"dmean2": [0.461826145649, 0.406132549047, 0.355369478464, 0.260238677263, 0.196952670813, 0.183943420649, 0.17168559134, 0.165168434381, 0.159147411585, 0.145386666059, 0.151526555419, 0.168696314096, 0.180808871984, 0.173240229487, 0.171615898609, 0.191460996866, 0.217545330524, 0.223779112101, 0.196240290999, 0.197033792734, 0.199049785733, 0.204538658261, 0.254572331905, 0.3105917871, 0.373457312584, 0.296093970537, 0.221395716071, 0.217359393835, 0.192150503397, 0.220887422562, 0.326722949743, 0.347020000219, 0.321560323238, 0.360189259052, 0.409376502037, 0.476320207119], "median": [0.0973381102085, 0.0717932730913, 0.0421878062189, 0.0270268972963, 0.0198074337095, 0.0174472779036, 0.0169532094151, 0.0172915011644, 0.0187683273107, 0.0188796985894, 0.0197326373309, 0.0203640107065, 0.0237523075193, 0.0282381437719, 0.0265945140272, 0.0257969666272, 0.028792494908, 0.0314353890717, 0.0301768928766, 0.0249457173049, 0.0231132879853, 0.0280114784837, 0.0302340202034, 0.0474314801395, 0.0447727106512, 0.0346329584718, 0.0187750961632, 0.0170758627355, 0.0167914740741, 0.0219404157251, 0.031015496701, 0.0432281754911, 0.0551814995706, 0.0644388720393, 0.0808741226792, 0.105930656195], "min": [2.7831260013e-05, 4.73539366794e-05, 7.07958752173e-05, 4.97679939144e-05, 1.48876915773e-05, 1.36501621455e-05, 3.58444849553e-05, 5.23753187736e-05, 8.01923233666e-05, 6.67761487421e-05, 6.25755346846e-05, 6.00420644332e-05, 4.45324476459e-05, 3.05284047499e-05, 3.02617881971e-05, 5.29579956492e-05, 8.53733217809e-05, 6.69076252962e-05, 0.000105665014416, 1.64212797245e-05, 1.68706574186e-05, 2.41904799623e-05, 3.69755107386e-05, 2.12924423977e-05, 4.20446303906e-05, 4.79406844534e-05, 4.97733781231e-05, 1.77705042006e-05, 3.23176609527e-05, 5.07290096721e-05, 6.28433190286e-05, 0.000200911454158, 0.000208237950574, 0.000189266502275, 3.84723862226e-05, 4.22034172516e-05], "dvar2": [0.221342548728, 0.208041161299, 0.210509553552, 0.144498094916, 0.105604343116, 0.0981356203556, 0.0862186178565, 0.0813009366393, 0.0857259556651, 0.0682524293661, 0.0715166032314, 0.0882481262088, 0.0878267213702, 0.0812926515937, 0.0762257128954, 0.0960256382823, 0.109031058848, 0.123614691198, 0.0898410305381, 0.098106123507, 0.103977739811, 0.107174038887, 0.148008853197, 0.140901118517, 0.201139822602, 0.143023565412, 0.131195545197, 0.13607686758, 0.106353826821, 0.108815602958, 0.18937137723, 0.18206487596, 0.138748019934, 0.165567100048, 0.176754042506, 0.211905270815], "dvar": [0.0930110886693, 0.0787262842059, 0.0759677812457, 0.0511766709387, 0.0382524766028, 0.0365119464695, 0.0313960239291, 0.031161557883, 0.0311770457774, 0.0250094123185, 0.0269977264106, 0.0324756130576, 0.0330848731101, 0.031027989462, 0.0289180744439, 0.0359241627157, 0.0412735044956, 0.0461981035769, 0.0340744890273, 0.0371221676469, 0.0407043732703, 0.0406308807433, 0.054171949625, 0.0561924949288, 0.086735650897, 0.0556164123118, 0.0489566512406, 0.0516384541988, 0.0427446439862, 0.0437298603356, 0.073363237083, 0.0769299268723, 0.0607799477875, 0.066322311759, 0.0742975175381, 0.0867951288819], "dmean": [0.265482872725, 0.230906158686, 0.193783268332, 0.142595022917, 0.108074255288, 0.101598739624, 0.0952745899558, 0.0922610759735, 0.0885053798556, 0.0813627764583, 0.0848171189427, 0.0949332341552, 0.103315033019, 0.100456751883, 0.0989626273513, 0.108288899064, 0.121618166566, 0.12607704103, 0.112121492624, 0.111543312669, 0.112621545792, 0.116813406348, 0.141258880496, 0.176199570298, 0.208300769329, 0.165662512183, 0.124120503664, 0.122236743569, 0.111011140049, 0.125119447708, 0.180764347315, 0.195961803198, 0.186521142721, 0.20425927639, 0.231005996466, 0.272020459175], "max": [1, 1, 1, 1, 1, 1, 1, 1, 1, 1, 1, 1, 1, 1, 1, 1, 1, 1, 1, 1, 1, 1, 1, 1, 1, 1, 1, 1, 1, 1, 1, 1, 1, 1, 1, 1], "var": [0.113249965012, 0.0888829380274, 0.0671397820115, 0.0414393618703, 0.0310794282705, 0.0298933908343, 0.0247208401561, 0.027554705739, 0.025012254715, 0.0201973300427, 0.0234928112477, 0.0273924767971, 0.0290395412594, 0.0295106545091, 0.0276576727629, 0.0334387868643, 0.0383296087384, 0.0405383594334, 0.0324071273208, 0.0337707288563, 0.0388365723193, 0.0411369875073, 0.0500547103584, 0.0642937421799, 0.101454354823, 0.0559134557843, 0.0428370200098, 0.0453829243779, 0.0445743650198, 0.0451642982662, 0.0656301900744, 0.0811789184809, 0.0771947652102, 0.0775451883674, 0.0862267389894, 0.100746802986], "mean": [0.269297152758, 0.220728740096, 0.161053523421, 0.111805588007, 0.0871952101588, 0.0811009928584, 0.0763640999794, 0.0770034044981, 0.0726674869657, 0.0681820735335, 0.0730386227369, 0.0813300609589, 0.0903829187155, 0.093264631927, 0.0907913595438, 0.0961298197508, 0.106831997633, 0.108835972846, 0.0995894595981, 0.09542889148, 0.0992365851998, 0.107089743018, 0.120068542659, 0.171612411737, 0.207533761859, 0.150867491961, 0.0999746695161, 0.100382871926, 0.101048968732, 0.109607450664, 0.145057305694, 0.179484695196, 0.189234301448, 0.197482153773, 0.222454145551, 0.261483103037]}, "tuning_equal_tempered_deviation": 0.207227572799, "chords_changes_rate": 0.151022106409, "key_key": "D", "tuning_diatonic_strength": 0.525605976582, "key_scale": "minor", "chords_number_rate": 0.00625782227144, "tuning_frequency": 434.193115234, "tuning_nontempered_energy_ratio": 0.877273023129, "chords_histogram": [21.8606586456, 2.58656644821, 5.590321064, 1.12640798092, 0, 5.71547746658, 0.250312894583, 5.04797649384, 5.08969545364, 9.55360889435, 16.0200252533, 0.458906978369, 0.333750516176, 0, 0, 0.500625789165, 0.125156447291, 14.935336113, 2.62828540802, 3.12891125679, 1.29328322411, 0.208594068885, 2.21109724045, 1.3350020647], "key_strength": 0.492595762014, "chords_key": "D", "chords_strength": {"dmean2": 0.0231849197298, "median": 0.476544767618, "min": 0.226480767131, "dvar2": 0.000358654389856, "dvar": 0.000215166452108, "dmean": 0.0185888819396, "max": 0.786411106586, "var": 0.00944687332958, "mean": 0.480196893215}, "chords_scale": "minor", "hpcp_entropy": {"dmean2": 1.42719233036, "median": 2.17683386803, "min": 0.0417553298175, "dvar2": 1.2416960001, "dvar": 0.476485937834, "dmean": 0.870928704739, "max": 4.73430490494, "var": 0.896835029125, "mean": 2.28755474091}}, "metadata": {"audio_properties": {"equal_loudness": 0, "codec": "flac", "downmix": "mix", "sample_rate": 44100, "analysis_sample_rate": 44100, "bit_rate": 0, "md5_encoded": "a2892dfe89331563d1d351761bfd74b3", "length": 111.266670227, "replay_gain": -13.191362381, "lossless": true}, "version": {"essentia_build_sha": "2d9f1f26377add8aeb1075a9c2973f962c4f09fd", "essentia": "2.1-beta2", "extractor": "music 1.0", "essentia_git_sha": "v2.1_beta2-1-ge3940c0"}, "tags": {"title": ["Mona Lisa"], "media": ["CD"], "albumartist": ["DJ Spinbad"], "tracktotal": ["27"], "musicbrainz_releasegroupid": ["b64fcbeb-6be3-3cc4-83f6-bc49b7706fd1"], "releasetype": ["album", "compilation", "dj-mix"], "musicbrainz_recordingid": ["1702fa65-146f-4dae-b648-a1f01f380178"], "musicbrainz_albumartistid": ["290035b3-24a0-4117-be41-4b2406748853"], "originalyear": ["2004"], "djmixer": ["DJ Spinbad"], "musicbrainz_releasetrackid": ["7448ea04-d0d2-35eb-bed6-e1d4c7e6d7db"], "discnumber": ["1"], "totaldiscs": ["1"], "catalognumber": ["FABRIC 28"], "releasecountry": ["US"], "file_name": "21 - Slick Rick - Mona Lisa.flac", "compilation": ["1"], "originaldate": ["2004-02-02"], "albumartistsort": ["Spinbad, DJ"], "date": ["2004-03-30"], "genre": ["Hip Hop;Hip-Hop;Old School;Rap;Old School Rap;Hip-Hop;Old School;Hip Hop;Rap;East Coast Rap"], "disctotal": ["1"], "musicbrainz_artistid": ["486af4f0-a79b-468f-be73-527cd4caf6ea"], "asin": ["B00013PHIG"], "musicbrainz_albumid": ["7c00965f-4af4-3232-8ac2-b83dd08bf53f"], "artist": ["Slick Rick"], "tracknumber": ["21"], "artistsort": ["Slick Rick"], "album": ["FabricLive 14: DJ Spinbad"], "label": ["fabric"], "releasestatus": ["official"], "acoustid_id": ["afb49e26-1fe0-4573-b7e3-64335dad3ce3"], "script": ["Latn"], "totaltracks": ["27"]}}, "rhythm": {"bpm_histogram_first_peak_bpm": {"dmean2": 0, "median": 108, "min": 108, "dvar2": 0, "dvar": 0, "dmean": 0, "max": 108, "var": 0, "mean": 108}, "bpm": 108.240608215, "bpm_histogram_second_peak_spread": {"dmean2": 0, "median": 0, "min": 0, "dvar2": 0, "dvar": 0, "dmean": 0, "max": 0, "var": 0, "mean": 0}, "bpm_histogram_first_peak_weight": {"dmean2": 0, "median": 0.678391933441, "min": 0.678391933441, "dvar2": 0, "dvar": 0, "dmean": 0, "max": 0.678391933441, "var": 0, "mean": 0.678391933441}, "onset_rate": 5.05923557281, "beats_position": [0.487619042397, 0.986848056316, 1.52090704441, 2.06657600403, 2.62385487556, 3.1811337471, 3.73841261864, 4.29569149017, 4.85297060013, 5.41024923325, 5.9675283432, 6.53641700745, 7.10530614853, 7.66258478165, 8.2198638916, 8.77714252472, 9.33442115784, 9.89170074463, 10.4489793777, 11.0062580109, 11.5867567062, 12.144036293, 12.7013149261, 13.2585935593, 13.8158731461, 14.3731517792, 14.9304304123, 15.4993190765, 16.0682086945, 16.6254863739, 17.1827659607, 17.7400455475, 18.3089332581, 18.877822876, 19.4351024628, 19.9923801422, 20.549659729, 21.1069393158, 21.6758270264, 22.2447166443, 22.8019943237, 23.3592739105, 23.9165534973, 24.4738311768, 25.0311107635, 25.5883903503, 26.1456680298, 26.7029476166, 27.2602272034, 27.8175048828, 28.3747844696, 28.932062149, 29.4893417358, 30.0466213226, 30.6038990021, 31.1611785889, 31.7184581757, 32.2757377625, 32.8330154419, 33.3902931213, 33.9475746155, 34.4932403564, 35.0505218506, 35.5961914063, 36.1534690857, 36.7107467651, 37.2680282593, 37.8253059387, 38.3825836182, 38.9398651123, 39.4971427917, 40.0544204712, 40.6116981506, 41.1573677063, 41.703037262, 42.2603149414, 42.8175964355, 43.374874115, 43.9321517944, 44.4894332886, 45.046710968, 45.6039886475, 46.1612701416, 46.718547821, 47.2758255005, 47.8214950562, 48.3671646118, 48.9244422913, 49.4817237854, 50.0390014648, 50.5962791443, 51.1535606384, 51.7108383179, 52.2681159973, 52.8253974915, 53.3826751709, 53.9399528503, 54.485622406, 55.0429000854, 55.5885696411, 56.1458511353, 56.7031288147, 57.2604064941, 57.8176841736, 58.3749656677, 58.9322433472, 59.4895210266, 60.0468025208, 60.5924720764, 61.1381378174, 61.6954193115, 62.252696991, 62.8099746704, 63.3672561646, 63.924533844, 64.4818115234, 65.0390930176, 65.5963668823, 66.1536483765, 66.7109298706, 67.2682037354, 67.813873291, 68.3595428467, 68.9168243408, 69.474105835, 70.0313796997, 70.5886611938, 71.1343307495, 71.6800003052, 72.2372741699, 72.7945556641, 73.3518371582, 73.8975067139, 74.4431762695, 75.0004501343, 75.5577316284, 76.1150131226, 76.6490707397, 77.2063446045, 77.7636260986, 78.3092956543, 78.85496521, 79.4122467041, 79.9695205688, 80.5151901245, 81.0608596802, 81.6181411743, 82.16381073, 82.7094802856, 83.2667541504, 83.8124237061, 84.3580932617, 84.9153747559, 85.4610443115, 86.0067138672, 86.5639877319, 87.1212692261, 87.6553268433, 88.2126083374, 88.7698822021, 89.3155517578, 89.8612213135, 90.4068908691, 90.9525604248, 91.5098419189, 92.0671157837, 92.6127853394, 93.158454895, 93.7157363892, 94.2497940063, 94.8070755005, 95.3643493652, 95.9100189209, 96.4556884766, 97.0129699707, 97.5586395264, 98.104309082, 98.6615829468, 99.2072525024, 99.7529220581, 100.310203552, 100.855873108, 101.401542664, 101.958816528, 102.516098022, 103.05015564, 103.607437134, 104.153106689, 104.698776245, 105.25605011, 105.801719666, 106.347389221, 106.904670715, 107.46194458, 108.007614136, 108.553283691, 109.098953247, 109.644622803, 110.201904297, 110.759178162], "beats_loudness": {"dmean2": 0.0614501982927, "median": 0.0303958617151, "min": 0.00317843677476, "dvar2": 0.00164566771127, "dvar": 0.000467937119538, "dmean": 0.0428895503283, "max": 0.110374480486, "var": 0.00107224867679, "mean": 0.040938667953}, "danceability": 2.11295032501, "bpm_histogram_second_peak_weight": {"dmean2": 0, "median": 0.00502512557432, "min": 0.00502512557432, "dvar2": 0, "dvar": 0, "dmean": 0, "max": 0.00502512557432, "var": 0, "mean": 0.00502512557432}, "beats_count": 200, "bpm_histogram_second_peak_bpm": {"dmean2": 0, "median": 103, "min": 103, "dvar2": 0, "dvar": 0, "dmean": 0, "max": 103, "var": 0, "mean": 103}, "bpm_histogram_first_peak_spread": {"dmean2": 0, "median": 0.31472080946, "min": 0.31472080946, "dvar2": 0, "dvar": 0, "dmean": 0, "max": 0.31472080946, "var": 0, "mean": 0.31472080946}, "beats_loudness_band_ratio": {"dmean2": [0.742484688759, 0.791684389114, 0.162331208587, 0.155632957816, 0.119089983404, 0.408371388912], "median": [0.203404188156, 0.204692229629, 0.0224859751761, 0.0258858129382, 0.0543341338634, 0.280991613865], "min": [0.00446469336748, 0.000304314307868, 0.00011498767708, 0.00019718024123, 0.00159872160293, 0.00874012615532], "dvar2": [0.209522336721, 0.0711661428213, 0.0295467376709, 0.042104486376, 0.00784736219794, 0.0589331649244], "dvar": [0.0968154445291, 0.0226410254836, 0.011668250896, 0.0156329162419, 0.00294331740588, 0.0183415226638], "dmean": [0.414785027504, 0.395363539457, 0.0921820476651, 0.0850455313921, 0.0670030117035, 0.255596578121], "max": [0.959265172482, 0.655363857746, 0.505498766899, 0.563091874123, 0.418645173311, 0.900375723839], "var": [0.10797008872, 0.0499252788723, 0.0101669616997, 0.0106971971691, 0.00352651905268, 0.0409014709294], "mean": [0.362341195345, 0.24437251687, 0.0689383000135, 0.0614533722401, 0.0596351586282, 0.283730149269]}}, "lowlevel": {"barkbands_spread": {"dmean2": 21.6860809326, "median": 30.5269298553, "min": 0.369615912437, "dvar2": 543.426635742, "dvar": 241.958633423, "dmean": 14.377954483, "max": 117.33228302, "var": 498.827514648, "mean": 34.9669189453}, "melbands_spread": {"dmean2": 40.1450653076, "median": 32.1145935059, "min": 0.263527274132, "dvar2": 2649.57250977, "dvar": 1366.98620605, "dmean": 26.8721599579, "max": 297.530700684, "var": 2924.28320313, "mean": 51.1496582031}, "hfc": {"dmean2": 17.3717403412, "median": 8.46947860718, "min": 0.0295138955116, "dvar2": 509.312103271, "dvar": 273.095336914, "dmean": 12.9941120148, "max": 117.982177734, "var": 497.17565918, "mean": 18.5921115875}, "barkbands_kurtosis": {"dmean2": 11.0520629883, "median": 0.397424608469, "min": -1.97429609299, "dvar2": 1064.02697754, "dvar": 478.187225342, "dmean": 6.95367527008, "max": 512.797180176, "var": 776.152587891, "mean": 7.09455013275}, "gfcc": {"mean": [-56.5315170288, 54.0509262085, -115.426101685, 56.3176765442, -68.83203125, 19.1437129974, -37.5818748474, 9.39744758606, -16.2940425873, -6.40362739563, -4.67336654663, -0.665474116802, -9.7709903717], "icov": [[0.000230462173931, 0.000139446536195, -0.000114270915219, 0.000329818663886, -0.000167600315763, 6.22619554633e-05, 2.2240124963e-05, -1.21747962112e-05, 3.35665135935e-05, -0.000224216957577, 0.00027676083846, -0.000254472193774, 0.000382220372558], [0.000139446536195, 0.00141827913467, -0.000366089603631, 0.00140985194594, -0.00169577391353, 0.0020052397158, -0.00146849907469, 0.000570407486521, -0.000207950986805, 0.000192944251467, -0.000903687847313, 0.00121537246741, -0.000338290235959], [-0.000114270915219, -0.000366089603631, 0.0027837457601, -0.00279897334985, 0.00233058817685, -0.00218199961819, 0.000269176729489, 0.00129634072073, -0.00142103328835, 0.000556621758733, 0.000218850240344, -0.0013137551723, 5.99871600571e-05], [0.000329818663886, 0.00140985194594, -0.00279897334985, 0.00591043150052, -0.00473222369328, 0.00367751927115, -0.00138976261951, -0.000272603734629, 0.00110706454143, -0.00258089276031, 0.000911428360268, -0.000550793134607, -0.000324669497786], [-0.000167600315763, -0.00169577391353, 0.00233058817685, -0.00473222369328, 0.00903828442097, -0.0049494439736, 0.0026620500721, 0.00024743314134, -0.00334870186634, 0.00231733173132, -0.00349670602009, 0.00261997431517, -0.00227615074255], [6.22619554633e-05, 0.0020052397158, -0.00218199961819, 0.00367751927115, -0.0049494439736, 0.010157501325, -0.00596900749952, 8.4335799329e-05, 0.0025145332329, -0.00451435754076, 0.00231931684539, 0.000428521278081, 0.000301885273075], [2.2240124963e-05, -0.00146849907469, 0.000269176729489, -0.00138976261951, 0.0026620500721, -0.00596900749952, 0.00840930175036, -0.00400977954268, 1.57839585881e-05, 0.00340288924053, -0.0038831664715, -0.000538135645911, 0.000157246773597], [-1.21747962112e-05, 0.000570407486521, 0.00129634072073, -0.000272603734629, 0.00024743314134, 8.4335799329e-05, -0.00400977954268, 0.0100724995136, -0.00574815645814, 0.00115395907778, 0.00115470518358, -0.00266572739929, 0.00123919756152], [3.35665135935e-05, -0.000207950986805, -0.00142103328835, 0.00110706454143, -0.00334870186634, 0.0025145332329, 1.57839585881e-05, -0.00574815645814, 0.0120143983513, -0.00633109593764, -0.000503048358951, 0.00414285715669, -0.00225857854821], [-0.000224216957577, 0.000192944251467, 0.000556621758733, -0.00258089276031, 0.00231733173132, -0.00451435754076, 0.00340288924053, 0.00115395907778, -0.00633109593764, 0.0141963157803, -0.00528385583311, 0.00110483926255, 0.000720897514839], [0.00027676083846, -0.000903687847313, 0.000218850240344, 0.000911428360268, -0.00349670602009, 0.00231931684539, -0.0038831664715, 0.00115470518358, -0.000503048358951, -0.00528385583311, 0.0173926241696, -0.0107005303726, 0.00444473186508], [-0.000254472193774, 0.00121537246741, -0.0013137551723, -0.000550793134607, 0.00261997431517, 0.000428521278081, -0.000538135645911, -0.00266572739929, 0.00414285715669, 0.00110483926255, -0.0107005303726, 0.023852866143, -0.010826994665], [0.000382220372558, -0.000338290235959, 5.99871600571e-05, -0.000324669497786, -0.00227615074255, 0.000301885273075, 0.000157246773597, 0.00123919756152, -0.00225857854821, 0.000720897514839, 0.00444473186508, -0.010826994665, 0.0184352099895]], "cov": [[6286.64501953, -1689.76391602, 345.413757324, -276.174285889, -489.287780762, 245.470550537, -254.041717529, -123.632514954, -236.524414063, 85.5368804932, -274.831268311, 33.2501106262, -167.823791504], [-1689.76391602, 2790.49926758, -912.767028809, -530.70715332, 446.879547119, -348.381317139, 284.072845459, 122.763198853, 220.116073608, -182.487045288, 254.99786377, -155.719543457, 11.2383842468], [345.413757324, -912.767028809, 1238.45812988, 663.008789063, -78.288734436, 230.36390686, -10.5018720627, -72.1113204956, 16.3663291931, 167.699325562, -29.2425422668, 130.951370239, 54.6394386292], [-276.174285889, -530.70715332, 663.008789063, 794.903381348, 199.561828613, 57.4276733398, -66.6590805054, -11.8823337555, 119.566802979, 177.966384888, 26.7650814056, 70.4553833008, 75.5103912354], [-489.287780762, 446.879547119, -78.288734436, 199.561828613, 415.713378906, 12.1423749924, 39.7494773865, 68.2870254517, 188.352844238, 68.6414794922, 100.905418396, -36.0643730164, 43.1960258484], [245.470550537, -348.381317139, 230.36390686, 57.4276733398, 12.1423749924, 334.672332764, 187.272094727, 65.8559570313, 1.22071564198, 66.6413955688, 12.7951211929, 39.423248291, -3.61390447617], [-254.041717529, 284.072845459, -10.5018720627, -66.6590805054, 39.7494773865, 187.272094727, 428.822265625, 177.216171265, 40.4068946838, -28.4191589355, 110.533622742, 47.7137413025, 3.04551458359], [-123.632514954, 122.763198853, -72.1113204956, -11.8823337555, 68.2870254517, 65.8559570313, 177.216171265, 232.011352539, 118.335105896, 17.7265205383, 55.9969940186, 15.103972435, 4.2612786293], [-236.524414063, 220.116073608, 16.3663291931, 119.566802979, 188.352844238, 1.22071564198, 40.4068946838, 118.335105896, 259.351745605, 105.427970886, 64.4774703979, -27.7989578247, 21.7117862701], [85.5368804932, -182.487045288, 167.699325562, 177.966384888, 68.6414794922, 66.6413955688, -28.4191589355, 17.7265205383, 105.427970886, 174.298477173, 34.4986724854, 8.20278549194, 6.50144863129], [-274.831268311, 254.99786377, -29.2425422668, 26.7650814056, 100.905418396, 12.7951211929, 110.533622742, 55.9969940186, 64.4774703979, 34.4986724854, 146.982620239, 39.4597167969, 12.7735738754], [33.2501106262, -155.719543457, 130.951370239, 70.4553833008, -36.0643730164, 39.423248291, 47.7137413025, 15.103972435, -27.7989578247, 8.20278549194, 39.4597167969, 105.001144409, 39.1740913391], [-167.823791504, 11.2383842468, 54.6394386292, 75.5103912354, 43.1960258484, -3.61390447617, 3.04551458359, 4.2612786293, 21.7117862701, 6.50144863129, 12.7735738754, 39.1740913391, 86.4948883057]]}, "spectral_energyband_middle_low": {"dmean2": 0.0123791275546, "median": 0.00161568738986, "min": 5.9508661252e-06, "dvar2": 0.000871708791237, "dvar": 0.000345754291629, "dmean": 0.00739313475788, "max": 0.107434205711, "var": 0.000276060192846, "mean": 0.0065717510879}, "melbands_crest": {"dmean2": 7.32127523422, "median": 14.7515916824, "min": 3.42244410515, "dvar2": 51.384601593, "dvar": 21.9068470001, "dmean": 4.7403717041, "max": 35.6652069092, "var": 74.15650177, "mean": 17.1415786743}, "spectral_kurtosis": {"dmean2": 2.43164896965, "median": 1.46751475334, "min": -1.00439119339, "dvar2": 9.95409488678, "dvar": 4.03402423859, "dmean": 1.53254246712, "max": 30.1516857147, "var": 7.27385473251, "mean": 2.3703110218}, "spectral_rms": {"dmean2": 0.00143884902354, "median": 0.00257390714251, "min": 0.000212692830246, "dvar2": 4.93232619192e-06, "dvar": 2.4255880362e-06, "dmean": 0.00105585344136, "max": 0.0111209852621, "var": 5.66444668948e-06, "mean": 0.00332420272753}, "zerocrossingrate": {"dmean2": 0.0357748828828, "median": 0.080078125, "min": 0.001953125, "dvar2": 0.0012865999015, "dvar": 0.000994855770841, "dmean": 0.0331560485065, "max": 0.35595703125, "var": 0.00521077867597, "mean": 0.10251288116}, "silence_rate_60dB": {"dmean2": 0.264662921429, "median": 0, "min": 0, "dvar2": 0.230942234397, "dvar": 0.114805005491, "dmean": 0.132303833961, "max": 1, "var": 0.174787536263, "mean": 0.225745886564}, "erbbands_kurtosis": {"dmean2": 3.86809444427, "median": -0.0710498616099, "min": -1.83284926414, "dvar2": 38.4282951355, "dvar": 19.4397354126, "dmean": 2.50046467781, "max": 71.9488677979, "var": 37.5261726379, "mean": 1.82309389114}, "erbbands": {"dmean2": [0.0983851924539, 0.671237468719, 1.22990214825, 1.92328023911, 21.808380127, 42.9573707581, 9.31067085266, 5.87404298782, 8.81344127655, 7.45991897583, 7.98917007446, 14.6594724655, 9.01998329163, 7.46436929703, 8.02947807312, 9.94782733917, 10.0094423294, 12.0886774063, 8.45177555084, 5.87524223328, 7.21729946136, 8.72962665558, 6.82907676697, 11.0547542572, 9.22216415405, 7.56187486649, 8.11991024017, 7.99638652802, 11.6681909561, 28.0011081696, 21.4147796631, 14.9819774628, 6.58523082733, 2.30456829071, 0.6005859375, 0.14602202177, 0.0325682088733, 0.00648244982585, 0.000991413602605, 6.17070691078e-05], "median": [0.0112036941573, 0.0529218316078, 0.103609643877, 0.159296661615, 0.747793138027, 0.792973101139, 0.46868544817, 0.740962862968, 1.00544035435, 1.082721591, 1.79733669758, 1.99840641022, 1.46549320221, 1.18001568317, 1.18748569489, 1.37796211243, 1.99638390541, 1.86396241188, 1.41328704357, 1.22455334663, 2.2620267868, 4.38048744202, 4.24305725098, 6.25065612793, 4.89657878876, 3.42764639854, 3.48273301125, 2.01239299774, 1.53827369213, 2.83681511879, 2.36155939102, 1.48517239094, 0.586908280849, 0.208727017045, 0.0707615241408, 0.0144777642563, 0.00263217138126, 0.000276161474176, 3.1162504456e-05, 1.44337445818e-05], "min": [4.53255997854e-05, 3.80610654247e-05, 0.000119702672237, 0.000793290091679, 0.00254934770055, 0.00505884317681, 0.00247741211206, 0.000821759866085, 0.000927145127207, 0.00139980390668, 0.00245679542422, 0.00314176082611, 0.00270373024978, 0.00295921973884, 0.00175351556391, 0.00288030947559, 0.00366010563448, 0.00333367963322, 0.00457147462294, 0.00453436467797, 0.0059698689729, 0.013363965787, 0.0201603937894, 0.0154973631725, 0.0340785197914, 0.0297537408769, 0.030069405213, 0.0121995350346, 0.0114513961598, 0.0101940399036, 0.00554637983441, 0.00283891404979, 0.00086187798297, 0.000366048101569, 8.05343297543e-05, 2.03840354516e-05, 9.26519351196e-06, 2.17317392526e-06, 4.50951716857e-07, 1.05814052631e-07], "dvar2": [0.102900184691, 7.72082996368, 34.7909965515, 55.5512466431, 3113.16552734, 13331.5429688, 549.541259766, 168.038146973, 305.398376465, 221.162887573, 258.194854736, 1109.85217285, 434.675048828, 345.725616455, 386.98336792, 493.584533691, 549.828308105, 566.278564453, 336.949981689, 222.305786133, 163.758972168, 169.34526062, 87.1302642822, 269.369445801, 214.395904541, 158.351028442, 107.921279907, 139.675445557, 275.293579102, 1781.85095215, 990.465576172, 491.68963623, 86.4406890869, 9.87786388397, 0.652689635754, 0.0455673523247, 0.00242731045, 0.000100825331174, 2.41144675783e-06, 8.30286062126e-09], "dvar": [0.0999469533563, 3.59555673599, 12.4642181396, 19.1173400879, 1205.60119629, 5105.79443359, 203.996398926, 63.8397903442, 121.547279358, 87.8345031738, 108.469421387, 500.551605225, 217.242767334, 179.577529907, 173.604293823, 271.765167236, 269.002593994, 254.587615967, 150.393630981, 113.607902527, 72.1053085327, 81.7486801147, 42.952293396, 125.227828979, 103.517074585, 90.7757797241, 64.9808959961, 69.9020385742, 141.655502319, 840.650390625, 470.869537354, 229.194274902, 40.7380943298, 4.76404380798, 0.32994928956, 0.0222078021616, 0.00113467511255, 4.82193099742e-05, 1.14387842132e-06, 4.00340116613e-09], "dmean": [0.0933380872011, 0.453836679459, 0.69951415062, 1.06729340553, 12.6530761719, 24.9132385254, 5.50797939301, 3.51894760132, 5.34420442581, 4.50483369827, 5.03734636307, 9.67998790741, 6.16895961761, 5.13261651993, 5.27317667007, 6.72009754181, 6.88272619247, 8.18844890594, 5.67996025085, 4.26815891266, 4.77726411819, 6.13226032257, 4.94600820541, 7.80017805099, 6.67160415649, 5.56555891037, 5.91619110107, 5.73855304718, 8.18195819855, 19.1420116425, 15.0203304291, 10.4100646973, 4.5971159935, 1.61810159683, 0.43067201972, 0.103742070496, 0.02256417647, 0.00435666227713, 0.000659358571284, 4.28392304457e-05], "max": [4.67923021317, 23.3777637482, 42.4881019592, 50.6424179077, 204.434310913, 400.944580078, 161.245727539, 88.2762451172, 117.004905701, 137.798126221, 255.609619141, 550.244445801, 420.80291748, 311.692138672, 282.050109863, 439.469238281, 419.617584229, 299.060760498, 283.238494873, 349.116394043, 151.835784912, 163.691009521, 94.3071212769, 126.789604187, 234.988494873, 195.179000854, 119.746963501, 88.8458938599, 116.868331909, 223.153915405, 239.901763916, 125.391319275, 78.4866104126, 17.1775360107, 4.4579167366, 1.7803580761, 0.302753329277, 0.0630049332976, 0.010802927427, 0.000494555977639], "var": [0.601122200489, 8.53705787659, 8.23700618744, 10.7440166473, 892.262023926, 3687.52563477, 161.478240967, 58.5613899231, 132.905059814, 112.408737183, 170.073898315, 888.216552734, 411.267547607, 418.694519043, 314.076477051, 685.848144531, 458.133636475, 428.108581543, 274.277679443, 212.461044312, 115.566558838, 201.539505005, 104.44506073, 220.214447021, 198.347290039, 150.965927124, 123.759658813, 116.325553894, 226.605514526, 1114.84436035, 713.268676758, 330.013305664, 63.8042068481, 7.40118789673, 0.526544630527, 0.0319091156125, 0.00150252180174, 6.26322289463e-05, 1.46796924128e-06, 5.78291547981e-09], "mean": [0.277686238289, 0.954398036003, 0.63190728426, 0.853778362274, 9.2883348465, 17.7984600067, 4.72780704498, 3.45917630196, 5.44208669662, 4.87317323685, 6.48065185547, 12.9510068893, 8.71854019165, 7.8855304718, 7.21742486954, 9.12062549591, 9.25098609924, 10.5267181396, 7.76107025146, 6.21438932419, 6.58631849289, 10.2385587692, 8.31477928162, 11.6469249725, 9.98833751678, 7.74599838257, 8.26888370514, 7.04151630402, 9.33827114105, 19.9633598328, 16.8295249939, 11.5119628906, 5.08533573151, 1.76560723782, 0.487071335316, 0.115565665066, 0.0234298855066, 0.00422420119867, 0.00062394811539, 5.1694787544e-05]}, "spectral_strongpeak": {"dmean2": 1.09824442863, "median": 0.420198559761, "min": 0, "dvar2": 3.87282419205, "dvar": 1.43575799465, "dmean": 0.637576818466, "max": 13.6792125702, "var": 1.23937010765, "mean": 0.78210413456}, "spectral_energy": {"dmean2": 0.0155002595857, "median": 0.00679062306881, "min": 4.6369194024e-05, "dvar2": 0.000926944368985, "dvar": 0.000406500970712, "dmean": 0.0104249175638, "max": 0.126768231392, "var": 0.000647923967335, "mean": 0.0171326175332}, "average_loudness": 0.975320875645, "spectral_rolloff": {"dmean2": 2540.93896484, "median": 2088.72070313, "min": 43.06640625, "dvar2": 7406248.5, "dvar": 4224580.5, "dmean": 1568.52368164, "max": 9905.2734375, "var": 8325189.5, "mean": 3152.84765625}, "spectral_centroid": {"dmean2": 964.590454102, "median": 1964.7668457, "min": 285.893341064, "dvar2": 966436.6875, "dvar": 512262.09375, "dmean": 651.559509277, "max": 6514.11523438, "var": 1250467.625, "mean": 2165.86401367}, "pitch_salience": {"dmean2": 0.165457248688, "median": 0.58486443758, "min": 0.039372254163, "dvar2": 0.0303403139114, "dvar": 0.0115010375157, "dmean": 0.100722290576, "max": 0.87811422348, "var": 0.0328951850533, "mean": 0.538367033005}, "spectral_energyband_middle_high": {"dmean2": 0.00115475174971, "median": 0.0011261831969, "min": 3.08520588987e-06, "dvar2": 2.00451268029e-06, "dvar": 1.15383340926e-06, "dmean": 0.000871139171068, "max": 0.0185867063701, "var": 4.3959944378e-06, "mean": 0.00187720311806}, "spectral_contrast_coeffs": {"dmean2": [0.103368766606, 0.0973410606384, 0.0778239220381, 0.0615035966039, 0.0451854243875, 0.0292342752218], "median": [-0.66350632906, -0.72120398283, -0.789159059525, -0.804329633713, -0.811904668808, -0.775098264217], "min": [-0.878184497356, -0.939659714699, -0.946832835674, -0.9527374506, -0.897967636585, -0.876404821873], "dvar2": [0.00889331940562, 0.0060697067529, 0.00438648508862, 0.00256428890862, 0.00154438160826, 0.00054939975962], "dvar": [0.00429616728798, 0.00277674081735, 0.00230104266666, 0.00136916874908, 0.000768474536017, 0.000256767380051], "dmean": [0.0670764297247, 0.0624194703996, 0.054377797991, 0.0429358296096, 0.0296228211373, 0.0196116063744], "max": [-0.258608192205, -0.411449760199, -0.442088156939, -0.516798615456, -0.579082429409, -0.658898949623], "var": [0.0118793342263, 0.00826740916818, 0.0105416821316, 0.00535488128662, 0.00236114510335, 0.000780184171163], "mean": [-0.644290924072, -0.715990364552, -0.768519163132, -0.786758244038, -0.80131316185, -0.776029348373]}, "melbands_skewness": {"dmean2": 2.34281134605, "median": 2.03279423714, "min": -2.23994278908, "dvar2": 7.85885906219, "dvar": 3.82161951065, "dmean": 1.57492828369, "max": 31.508272171, "var": 13.9388198853, "mean": 3.23674082756}, "spectral_spread": {"dmean2": 1396676.75, "median": 5249411.5, "min": 1673469.375, "dvar2": 1660856827900.0, "dvar": 985392414720, "dmean": 997767.5625, "max": 16134827, "var": 2913327644670.0, "mean": 5270412.5}, "dissonance": {"dmean2": 0.0341851115227, "median": 0.471634954214, "min": 0.192647784948, "dvar2": 0.00128482445143, "dvar": 0.000537822314072, "dmean": 0.0215688552707, "max": 0.499991804361, "var": 0.00120518752374, "mean": 0.461720436811}, "spectral_skewness": {"dmean2": 0.43016988039, "median": 0.918767988682, "min": -0.365763932467, "dvar2": 0.180783286691, "dvar": 0.0862876176834, "dmean": 0.287909835577, "max": 4.35930919647, "var": 0.234252110124, "mean": 0.982846975327}, "spectral_flux": {"dmean2": 0.0511412285268, "median": 0.0544117279351, "min": 0.00367817096412, "dvar2": 0.00483915908262, "dvar": 0.00227090576664, "dmean": 0.033450640738, "max": 0.306029587984, "var": 0.0037328726612, "mean": 0.073372349143}, "spectral_contrast_valleys": {"dmean2": [0.73302924633, 0.953594505787, 0.827392160892, 0.64160579443, 0.548431873322, 0.799513816833], "median": [-8.18696594238, -8.16825866699, -8.5807800293, -8.6168718338, -7.55007791519, -9.81659603119], "min": [-11.2178659439, -10.576341629, -10.775434494, -10.9170284271, -10.0027599335, -12.9554643631], "dvar2": [0.41094955802, 0.957619130611, 0.633890211582, 0.33969566226, 0.314747184515, 0.881529092789], "dvar": [0.178946793079, 0.386105418205, 0.271369636059, 0.189348205924, 0.188467532396, 0.496252596378], "dmean": [0.463314980268, 0.613697469234, 0.544310450554, 0.461529165506, 0.433825105429, 0.704667925835], "max": [-5.62575435638, -4.9754152298, -5.73884963989, -6.2148900032, -5.99139261246, -7.68308925629], "var": [0.800056576729, 0.870130956173, 0.808639466763, 0.696600079536, 0.670499026775, 1.71693110466], "mean": [-8.26957321167, -8.04189682007, -8.48398208618, -8.54721069336, -7.69924402237, -9.86051177979]}, "erbbands_flatness_db": {"dmean2": 0.0376621261239, "median": 0.155473560095, "min": 0.0714204534888, "dvar2": 0.00125257938635, "dvar": 0.000670650042593, "dmean": 0.0260097179562, "max": 0.333686351776, "var": 0.00202358956449, "mean": 0.164762854576}, "spectral_energyband_high": {"dmean2": 0.00207935692742, "median": 0.000343516236171, "min": 2.16067269321e-06, "dvar2": 7.79053243605e-06, "dvar": 4.08724145018e-06, "dmean": 0.00152176665142, "max": 0.0137550132349, "var": 6.95097742209e-06, "mean": 0.00180644798093}, "spectral_entropy": {"dmean2": 0.371808409691, "median": 7.95923709869, "min": 6.2582859993, "dvar2": 0.136270523071, "dvar": 0.079291254282, "dmean": 0.271914333105, "max": 8.84688091278, "var": 0.249111935496, "mean": 7.86702871323}, "silence_rate_20dB": {"dmean2": 0, "median": 1, "min": 1, "dvar2": 0, "dvar": 0, "dmean": 0, "max": 1, "var": 0, "mean": 1}, "melbands_flatness_db": {"dmean2": 0.0579807534814, "median": 0.167231187224, "min": 0.0258054509759, "dvar2": 0.00292491074651, "dvar": 0.00148511247244, "dmean": 0.0400744304061, "max": 0.547765791416, "var": 0.00774050457403, "mean": 0.178652614355}, "barkbands": {"dmean2": [0.000324821798131, 0.00268113682978, 0.00104398059193, 0.000644339539576, 0.0107539528981, 0.000692028086632, 0.00063544238219, 0.000323323474731, 0.000621310435236, 0.00027250740095, 0.000197673740331, 0.000259321270278, 0.000245033676038, 0.000243160669925, 0.000150018953718, 0.000121005723486, 0.000164568031323, 0.000124557947856, 0.000244597671553, 0.000147629980347, 0.00020265384228, 0.000352607836248, 0.000937114586122, 0.000533558661118, 0.000137409326271, 2.21680766117e-05, 5.40714745512e-06], "median": [0.000103167913039, 0.000305697292788, 6.46433982183e-05, 4.8625326599e-05, 0.000309706083499, 7.99915724201e-05, 5.85943926126e-05, 3.52611459675e-05, 7.48609891161e-05, 2.861455323e-05, 1.91752878891e-05, 2.85917594738e-05, 3.50635345967e-05, 2.61736786342e-05, 2.09514128073e-05, 3.06542933686e-05, 6.94742630003e-05, 7.52005944378e-05, 0.000123628386064, 7.19395538908e-05, 6.53973474982e-05, 4.89702506457e-05, 9.02951287571e-05, 5.14755920449e-05, 1.36881253638e-05, 1.88177091331e-06, 1.11344299114e-07], "min": [8.3013276253e-08, 2.45966703005e-07, 1.8527835266e-08, 3.90976069298e-08, 1.03373952243e-06, 8.52799928452e-08, 5.39739666294e-08, 5.94069931026e-08, 1.17495495999e-07, 9.03871466562e-08, 3.50679769667e-08, 5.75424436988e-08, 5.25092751502e-08, 5.19304030888e-08, 6.66417960815e-08, 9.13090332233e-08, 1.76172932242e-07, 3.18105634278e-07, 6.21684876023e-07, 5.66404935398e-07, 4.63071046397e-07, 3.37454963528e-07, 2.36118538055e-07, 8.58171063101e-08, 2.10796518019e-08, 4.93309881833e-09, 1.98419636277e-09], "dvar2": [3.17831450047e-07, 0.000103130732896, 2.79615178442e-05, 5.73936813453e-06, 0.000805275165476, 2.51759911407e-06, 1.50038431457e-06, 4.93785023536e-07, 1.65700168964e-06, 3.83923548952e-07, 2.74578894732e-07, 3.81053780529e-07, 2.93292515607e-07, 2.56671455645e-07, 1.35667633572e-07, 5.28793151489e-08, 6.06720433893e-08, 2.99359754763e-08, 1.23936189311e-07, 6.10090609143e-08, 7.41980272778e-08, 2.67543128984e-07, 2.00556155505e-06, 6.15520434621e-07, 3.45492807696e-08, 1.10578157742e-09, 7.08588326903e-11], "dvar": [1.84557606531e-07, 6.53429233353e-05, 9.565592336e-06, 1.96788505491e-06, 0.000312486983603, 9.56258872975e-07, 5.88903446896e-07, 2.03765523565e-07, 7.44071371628e-07, 1.97973889726e-07, 1.26479037021e-07, 1.89286069485e-07, 1.4190383979e-07, 1.06704604264e-07, 6.45738822413e-08, 2.46719285002e-08, 2.90334707387e-08, 1.46700100956e-08, 5.82702774921e-08, 3.3368728225e-08, 4.13327185811e-08, 1.37658062727e-07, 9.44360408539e-07, 2.83784828525e-07, 1.68497003017e-08, 5.24713827943e-10, 3.37689043395e-11], "dmean": [0.000211376056541, 0.00210982421413, 0.00056852720445, 0.000355756754288, 0.00628830119967, 0.000420404190663, 0.000379693374271, 0.000199545072974, 0.000407359126257, 0.000184650038136, 0.000128510553623, 0.000171797437361, 0.000164962315466, 0.000158992450451, 0.000103232559923, 8.11540303403e-05, 0.000113743946713, 9.03251420823e-05, 0.000169796854607, 0.000110256529297, 0.000148359002196, 0.000246251118369, 0.000653579016216, 0.000369507295545, 9.70589389908e-05, 1.55828547577e-05, 3.5719438074e-06], "max": [0.00750405155122, 0.117178075016, 0.036122623831, 0.0165909528732, 0.101432725787, 0.0138052823022, 0.00808991119266, 0.0129544092342, 0.0184369515628, 0.0107364505529, 0.00708237057552, 0.00932244956493, 0.00931763742119, 0.00500874221325, 0.00772999227047, 0.00313074188307, 0.00319433305413, 0.00258076936007, 0.00364356511272, 0.00432183034718, 0.00278855115175, 0.00377148436382, 0.00790161732584, 0.00460327789187, 0.000951916503254, 0.000246309238719, 5.77186983719e-05], "var": [7.16290514902e-07, 0.00029544683639, 5.25851646671e-06, 1.10547580334e-06, 0.000232383157709, 9.61780415309e-07, 6.2838245185e-07, 3.78476329388e-07, 1.36932635542e-06, 4.07697399396e-07, 2.26013625593e-07, 4.1675238549e-07, 2.37068832121e-07, 1.65842507727e-07, 1.08186725356e-07, 4.02665598642e-08, 6.78392453324e-08, 3.27410774048e-08, 1.07156964191e-07, 5.58164359177e-08, 7.43435037975e-08, 2.13868503351e-07, 1.32643401685e-06, 4.11496017705e-07, 2.63937920408e-08, 7.16951720214e-10, 4.30090199566e-11], "mean": [0.000409562431742, 0.00609347037971, 0.000419011281338, 0.00028458039742, 0.00461709266528, 0.000425685459049, 0.000378737284336, 0.000237179599935, 0.000547792238649, 0.000253759761108, 0.000161844160175, 0.000227343800361, 0.000204167925403, 0.000192188599613, 0.000133769586682, 0.000107200663479, 0.000182354167919, 0.000142861943459, 0.00024848090834, 0.000153921893798, 0.000191246217582, 0.00027890963247, 0.000706659338903, 0.000407759274822, 0.00010702094005, 1.66842182807e-05, 3.3226767755e-06]}, "erbbands_skewness": {"dmean2": 1.10331487656, "median": -0.260405063629, "min": -6.84428119659, "dvar2": 1.1488929987, "dvar": 0.583560585976, "dmean": 0.75309330225, "max": 3.61943411827, "var": 1.67143964767, "mean": -0.448421984911}, "erbbands_spread": {"dmean2": 30.1103954315, "median": 42.2695999146, "min": 2.91069936752, "dvar2": 933.78326416, "dvar": 407.022033691, "dmean": 19.5562610626, "max": 170.933776855, "var": 805.066162109, "mean": 47.5459823608}, "melbands_kurtosis": {"dmean2": 35.5022506714, "median": 4.42093992233, "min": -1.9518507719, "dvar2": 9861.48925781, "dvar": 4494.73046875, "dmean": 22.6808547974, "max": 1580.08618164, "var": 9008.58984375, "mean": 30.3942203522}, "melbands": {"dmean2": [0.000780647969805, 0.000670370471198, 0.000580378982704, 0.00292594707571, 0.00051173963584, 0.000130509215523, 0.000130102576804, 7.80309419497e-05, 7.56551962695e-05, 9.0114743216e-05, 4.54367109342e-05, 3.1452091207e-05, 2.64080772467e-05, 3.09789320454e-05, 2.4855022275e-05, 2.49236290983e-05, 2.37378008023e-05, 1.51533577082e-05, 1.11999752335e-05, 7.09873302185e-06, 9.49998229771e-06, 9.52877508098e-06, 8.3626664491e-06, 5.646