{"metadata": {"tags": {"album": ["splitting the dna-bootleg"], "genre": ["Crossover"], "artist": ["Linkin Park"], "date": ["2001"], "tracknumber": ["13"], "title": ["13. Forgotten (live)"], "file_name": "1540497.mp3", "musicbrainz_recordingid": ["17091705-0f73-4e81-98bd-8c9451c9b92c"]}, "audio_properties": {"sample_rate": 44100, "downmix": "mix", "lossless": false, "analysis_sample_rate": 44100, "md5_encoded": "8aa495f854bf5bdf80fcc78be14bf297", "equal_loudness": 0, "replay_gain": -11.4829998016, "codec": "mp3", "bit_rate": 192000, "length": 206.706939697}, "version": {"extractor": "music 1.0", "essentia_build_sha": "70f2e5ece6736b2c40cc944ad0e695b16b925413", "essentia_git_sha": "v2.1_beta2", "essentia": "2.1-beta2"}}, "rhythm": {"beats_loudness_band_ratio": {"dvar2": [0.130118399858, 0.0660157129169, 0.0665495470166, 0.0343579463661, 0.0177959073335, 0.00389156863093], "var": [0.0565241724253, 0.0316843613982, 0.0205598603934, 0.012573800981, 0.00896661262959, 0.00125544052571], "min": [0.00670317607, 0.0112133165821, 0.00812327582389, 0.00187778426334, 0.00101046625059, 3.90485074604e-05], "dmean": [0.289228051901, 0.169997230172, 0.148374468088, 0.0971425846219, 0.0795173346996, 0.0204697307199], "mean": [0.389061272144, 0.260426431894, 0.165469914675, 0.0964103788137, 0.107700206339, 0.0251065026969], "max": [0.935862541199, 0.906329512596, 0.819517314434, 0.68944054842, 0.581887960434, 0.524381160736], "dmean2": [0.529845654964, 0.289952427149, 0.272078871727, 0.177352204919, 0.142209619284, 0.0357160046697], "median": [0.371931642294, 0.216294676065, 0.125177398324, 0.051556237042, 0.07521019876, 0.0187363252044], "dvar": [0.0391991436481, 0.0218173675239, 0.0212435293943, 0.0124014224857, 0.00635773781687, 0.00146012869664]}, "bpm_histogram_first_peak_weight": {"dvar2": 0, "var": 0, "min": 0.33962264657, "dmean": 0, "mean": 0.33962264657, "max": 0.33962264657, "dmean2": 0, "median": 0.33962264657, "dvar": 0}, "bpm": 108.928390503, "beats_count": 372, "bpm_histogram_first_peak_spread": {"dvar2": 0, "var": 0, "min": 0.585526287556, "dmean": 0, "mean": 0.585526287556, "max": 0.585526287556, "dmean2": 0, "median": 0.585526287556, "dvar": 0}, "danceability": 1.09304749966, "bpm_histogram_first_peak_bpm": {"dvar2": 0, "var": 0, "min": 110, "dmean": 0, "mean": 110, "max": 110, "dmean2": 0, "median": 110, "dvar": 0}, "beats_position": [0.557278871536, 1.11455774307, 1.67183673382, 2.22911548615, 2.77478456497, 3.32045340538, 3.87773227692, 4.43501138687, 4.99229001999, 5.54956912994, 6.10684776306, 6.66412687302, 7.22140598297, 7.77868461609, 8.33596324921, 8.88163280487, 9.45052146912, 10.0194101334, 10.5882987976, 11.1571884155, 11.7260770798, 12.294965744, 12.8638544083, 13.4327430725, 14.0016326904, 14.5589113235, 15.1277999878, 15.696688652, 16.2655773163, 16.8344669342, 17.4033565521, 17.9722442627, 18.5411338806, 19.1100215912, 19.667301178, 20.2245807648, 20.7818584442, 21.3507480621, 21.9196376801, 22.4769153595, 23.0341949463, 23.6030826569, 24.1719722748, 24.7292518616, 25.286529541, 25.8554191589, 26.4243087769, 26.9931964874, 27.5504760742, 28.1193637848, 28.6766433716, 29.2339229584, 29.7795906067, 30.3252601624, 30.8825397491, 31.4282073975, 31.9738769531, 32.5079345703, 33.053604126, 33.5992736816, 34.1449432373, 34.690612793, 35.2246704102, 35.7703399658, 36.304397583, 36.8500671387, 37.4073448181, 37.9646263123, 38.5219039917, 39.0675735474, 39.613243103, 40.1589126587, 40.7045783997, 41.2502479553, 41.795917511, 42.3415870667, 42.8756446838, 43.4213142395, 43.9785919189, 44.5242614746, 45.0699310303, 45.6272087097, 46.1844902039, 46.7417678833, 47.2990455627, 47.8795471191, 48.4484329224, 49.0173225403, 49.5978240967, 50.1783218384, 50.7588195801, 51.327709198, 51.8965988159, 52.4538764954, 53.0111541748, 53.5684356689, 54.1257133484, 54.6829910278, 55.2170524597, 55.7627182007, 56.3083877563, 56.8656692505, 57.4229469299, 57.9802246094, 58.5375061035, 59.094783783, 59.6520614624, 60.2093429565, 60.7550086975, 61.3006782532, 61.8579597473, 62.4152374268, 62.9609069824, 63.5065765381, 64.0638504028, 64.621131897, 65.1784133911, 65.7356872559, 66.29296875, 66.8502502441, 67.4075241089, 67.964805603, 68.5220870972, 69.0793609619, 69.6366424561, 70.1939239502, 70.7628097534, 71.3084793091, 71.8773651123, 72.4346466064, 73.0035324097, 73.5724258423, 74.1413116455, 74.7102050781, 75.2790908813, 75.8363723755, 76.3936462402, 76.9509277344, 77.5082092285, 78.0770950317, 78.6343765259, 79.1800460815, 79.7257156372, 80.2713851929, 80.8054428101, 81.3395004272, 81.8735580444, 82.4192276001, 82.9648971558, 83.4989547729, 84.0330123901, 84.5786819458, 85.112739563, 85.6584091187, 86.2040786743, 86.74974823, 87.2954177856, 87.8410873413, 88.386756897, 88.9208145142, 89.4664840698, 90.000541687, 90.5345993042, 91.0802688599, 91.6259384155, 92.1599960327, 92.6940536499, 93.2397232056, 93.7853927612, 94.3194503784, 94.8767318726, 95.4340133667, 95.9796829224, 96.5369567871, 97.1058502197, 97.6631240845, 98.2204055786, 98.7892990112, 99.3581848145, 99.9038543701, 100.461128235, 101.006797791, 101.564079285, 102.121360779, 102.678634644, 103.235916138, 103.781585693, 104.350471497, 104.907752991, 105.465034485, 106.02230835, 106.579589844, 107.148475647, 107.71736908, 108.286254883, 108.855148315, 109.424034119, 109.981315613, 110.550201416, 111.119087219, 111.687980652, 112.245262146, 112.790924072, 113.336593628, 113.882263184, 114.427932739, 114.985214233, 115.542495728, 116.088157654, 116.645439148, 117.191108704, 117.748390198, 118.305664062, 118.862945557, 119.420227051, 119.977500916, 120.53478241, 121.092063904, 121.649337769, 122.206619263, 122.763900757, 123.309570312, 123.855232239, 124.412513733, 124.969795227, 125.527069092, 126.084350586, 126.630020142, 127.175689697, 127.732971191, 128.290252686, 128.847518921, 129.393188477, 129.950469971, 130.496139526, 131.041809082, 131.587478638, 132.121536255, 132.655593872, 133.189651489, 133.735321045, 134.280990601, 134.826660156, 135.372329712, 135.929611206, 136.475280762, 137.020950317, 137.578231812, 138.123901367, 138.681182861, 139.238449097, 139.795730591, 140.341400146, 140.887069702, 141.432739258, 141.978408813, 142.524078369, 143.069747925, 143.61541748, 144.172698975, 144.71836853, 145.264038086, 145.82131958, 146.378585815, 146.93586731, 147.493148804, 148.038818359, 148.584487915, 149.141769409, 149.699050903, 150.233108521, 150.790390015, 151.336044312, 151.870117188, 152.415786743, 152.94984436, 153.483901978, 154.017959595, 154.552017212, 155.097686768, 155.643356323, 156.17741394, 156.711471558, 157.245529175, 157.779586792, 158.313644409, 158.847702026, 159.381759644, 159.915817261, 160.449890137, 160.983947754, 161.52961731, 162.075286865, 162.620956421, 163.166610718, 163.712280273, 164.257949829, 164.792022705, 165.326080322, 165.860137939, 166.382583618, 166.928253174, 167.462310791, 168.019592285, 168.565261841, 169.122543335, 169.668212891, 170.213867188, 170.759536743, 171.305206299, 171.850875854, 172.39654541, 172.942214966, 173.487884521, 174.033554077, 174.579223633, 175.124893188, 175.658950806, 176.204620361, 176.750289917, 177.295959473, 177.841629028, 178.398910522, 178.944580078, 179.490249634, 180.024307251, 180.558364868, 181.092422485, 181.638092041, 182.183761597, 182.717819214, 183.251876831, 183.785934448, 184.331604004, 184.87727356, 185.411331177, 185.945388794, 186.479446411, 187.013504028, 187.547576904, 188.09324646, 188.638900757, 189.172973633, 189.70703125, 190.252700806, 190.798370361, 191.332427979, 191.878097534, 192.42376709, 192.957824707, 193.503494263, 194.049163818, 194.594833374, 195.140487671, 195.697769165, 196.255050659, 196.812332153, 197.369613647, 197.926895142, 198.495773315, 199.076278687, 199.656768799, 200.248886108, 200.840988159, 201.433105469, 202.10647583, 202.756637573, 203.406799316, 204.05696106, 204.707122803, 205.345672607, 205.984207153], "beats_loudness": {"dvar2": 0.000861590960994, "var": 0.000516961154062, "min": 7.43373493606e-06, "dmean": 0.0202270243317, "mean": 0.039463236928, "max": 0.148948475718, "dmean2": 0.035516217351, "median": 0.0375260487199, "dvar": 0.00029327761149}, "bpm_histogram_second_peak_weight": {"dvar2": 0, "var": 0, "min": 0.13477088511, "dmean": 0, "mean": 0.13477088511, "max": 0.13477088511, "dmean2": 0, "median": 0.13477088511, "dvar": 0}, "bpm_histogram_second_peak_spread": {"dvar2": 0, "var": 0, "min": 0.152542412281, "dmean": 0, "mean": 0.152542412281, "max": 0.152542412281, "dmean2": 0, "median": 0.152542412281, "dvar": 0}, "bpm_histogram_second_peak_bpm": {"dvar2": 0, "var": 0, "min": 105, "dmean": 0, "mean": 105, "max": 105, "dmean2": 0, "median": 105, "dvar": 0}, "onset_rate": 3.92304348946}, "lowlevel": {"spectral_energyband_high": {"dvar2": 2.88099812451e-07, "var": 3.00826769717e-07, "min": 8.0205338586e-21, "dmean": 0.000170091778273, "mean": 0.000364904553862, "max": 0.014163617976, "dmean2": 0.000253195059486, "median": 0.000237243832089, "dvar": 1.31365837319e-07}, "spectral_energyband_middle_low": {"dvar2": 0.000258617685176, "var": 0.000179274109541, "min": 2.88974037431e-22, "dmean": 0.00736844399944, "mean": 0.016469117254, "max": 0.146506726742, "dmean2": 0.0121524650604, "median": 0.0137129202485, "dvar": 9.79667747742e-05}, "spectral_energy": {"dvar2": 0.00257331551984, "var": 0.00103508925531, "min": 1.06069515351e-20, "dmean": 0.0167538803071, "mean": 0.0343433097005, "max": 0.28039637208, "dmean2": 0.0280652102083, "median": 0.0289311110973, "dvar": 0.000948925327975}, "spectral_spread": {"dvar2": 635282522112, "var": 1320635072510.0, "min": 1191648.875, "dmean": 441212.71875, "mean": 3519475, "max": 39561464, "dmean2": 625060.9375, "median": 3336901.5, "dvar": 467191463936}, "spectral_energyband_low": {"dvar2": 0.0024400157854, "var": 0.000691500143148, "min": 5.9037832654e-23, "dmean": 0.0116585474461, "mean": 0.0128404684365, "max": 0.253896772861, "dmean2": 0.0201249942183, "median": 0.00466033164412, "dvar": 0.000882871507201}, "spectral_rolloff": {"dvar2": 930320.8125, "var": 817697.75, "min": 43.06640625, "dmean": 379.039794922, "mean": 1163.68554688, "max": 18432.421875, "dmean2": 633.816345215, "median": 968.994140625, "dvar": 425916.1875}, "barkbands": {"dvar2": [1.48808985614e-05, 0.00140299054328, 0.000199615489691, 3.35960357916e-05, 0.000113520451123, 4.74757653137e-05, 1.47982473209e-05, 2.2675967557e-05, 1.62687101692e-05, 3.80266692446e-06, 2.07678181141e-06, 1.31600734221e-06, 1.87210775948e-06, 2.58247882812e-06, 3.73117654817e-06, 2.68152302851e-06, 6.31292948583e-07, 1.93348853372e-07, 4.83746980251e-08, 1.80881620793e-08, 3.43787078805e-08, 8.03207527156e-08, 1.48058365568e-08, 8.10458011813e-09, 1.49418766249e-09, 1.74825931509e-10, 1.24096414822e-15], "var": [4.02661225962e-06, 0.000315970246447, 8.91812305781e-05, 2.13908715523e-05, 5.83831460972e-05, 2.35346687987e-05, 6.77188927511e-06, 9.36427568377e-06, 6.39259633317e-06, 1.77440335847e-06, 1.4045581338e-06, 1.01927969354e-06, 1.59016656198e-06, 2.21473692363e-06, 3.49463175553e-06, 3.13980126521e-06, 6.40958319309e-07, 1.84589609376e-07, 5.67494353731e-08, 1.70023568558e-08, 2.54149590262e-08, 5.68914657606e-08, 1.06528235122e-08, 5.98273519614e-09, 1.18721255049e-09, 6.00775471038e-11, 3.33730584172e-16], "min": [8.88428167665e-24, 2.53525979432e-23, 2.87368459364e-23, 4.28735489024e-24, 8.30303113343e-23, 6.79597043416e-23, 1.18554134691e-23, 3.23133708868e-23, 8.33446376951e-23, 3.55199200725e-23, 1.82143148876e-22, 1.01130402949e-22, 9.93750044195e-23, 9.39115115621e-23, 8.64011960238e-23, 1.30285654399e-22, 1.33597204127e-22, 1.31522020319e-22, 2.11033317818e-22, 2.31253375297e-22, 4.07967810615e-22, 5.5096039861e-22, 7.00580629899e-22, 7.18684596399e-22, 1.16740720805e-21, 2.24986442123e-21, 2.32442740253e-21], "dmean": [0.000732755812351, 0.00703440327197, 0.00414325948805, 0.00203319313005, 0.00408695172518, 0.00198548496701, 0.00109258759767, 0.00120798218995, 0.000928079767618, 0.000472988554975, 0.000333529576892, 0.000324347638525, 0.000406197854318, 0.000550116063096, 0.00059928605333, 0.00046166422544, 0.000284705136437, 0.000161644420587, 9.60999896051e-05, 5.39733591722e-05, 5.71125092392e-05, 6.73542017466e-05, 2.57902847807e-05, 2.0327997845e-05, 1.02777721622e-05, 2.02387354875e-06, 1.94694926847e-09], "mean": [0.000539820000995, 0.00545772630721, 0.00532269617543, 0.00288186897524, 0.00633816048503, 0.00284845824353, 0.00152070028707, 0.00143942318391, 0.00126492057461, 0.000593500211835, 0.000460255861981, 0.000519859197084, 0.000641203543637, 0.000966014165897, 0.00109591113869, 0.000908274203539, 0.00058193760924, 0.000328129943227, 0.000216219719732, 0.00011257269216, 0.000100510391349, 0.000108016800368, 4.16396323999e-05, 3.5049914004e-05, 1.73648732016e-05, 3.00729038827e-06, 1.46399903311e-09], "max": [0.020295701921, 0.211717858911, 0.156424164772, 0.059294976294, 0.0985794439912, 0.0789167657495, 0.0384780690074, 0.0468072965741, 0.0492189079523, 0.0274443980306, 0.0259743705392, 0.0218046028167, 0.0138840368018, 0.0212371814996, 0.0255047697574, 0.0281519331038, 0.0117140673101, 0.00795816443861, 0.00360259064473, 0.00207428634167, 0.00351312058046, 0.00787348486483, 0.00409339182079, 0.00161943130661, 0.000860084895976, 0.000405043741921, 1.61166997259e-06], "dmean2": [0.00128231430426, 0.012604678981, 0.00705514010042, 0.00340573210269, 0.00671802507713, 0.00331253162585, 0.0018226102693, 0.00201596086845, 0.00152882910334, 0.000759356713388, 0.000534988124855, 0.000535081140697, 0.000654896255583, 0.000889684830327, 0.000954260525759, 0.00074729899643, 0.000464244629256, 0.000257115083514, 0.000156341004185, 8.84042165126e-05, 9.06079367269e-05, 0.000105606377474, 3.92513793486e-05, 3.00330975733e-05, 1.48124854604e-05, 3.08157814288e-06, 3.55953866382e-09], "median": [1.94597341761e-05, 0.000941282021813, 0.00204100133851, 0.00119774742052, 0.00410589203238, 0.00140078435652, 0.000720590935089, 0.000379345117835, 0.000473157211673, 0.00021670415299, 0.000148052931763, 0.000188295249245, 0.000195359214558, 0.000445801008027, 0.000380960671464, 0.000372286274796, 0.000345028354786, 0.000180922404979, 0.000163912380231, 8.39520507725e-05, 6.28104317002e-05, 5.03607516293e-05, 1.95737775357e-05, 1.59170667757e-05, 6.86950033923e-06, 1.01060550151e-06, 3.84425824507e-10], "dvar": [5.55369524591e-06, 0.000499173416756, 7.27507140255e-05, 1.27741232063e-05, 4.31786938861e-05, 1.82408766705e-05, 5.77018226977e-06, 8.65687979967e-06, 6.22271409156e-06, 1.56028852416e-06, 9.10629182727e-07, 5.04011950397e-07, 7.576823009e-07, 1.02066474028e-06, 1.52077291204e-06, 1.11863505481e-06, 2.45585823677e-07, 7.99155088771e-08, 1.92688869305e-08, 7.37942285056e-09, 1.39332669846e-08, 3.36162173653e-08, 6.62468746526e-09, 3.71691033507e-09, 7.00970670398e-10, 6.13694442486e-11, 4.7575230727e-16]}, "melbands_skewness": {"dvar2": 2.73110365868, "var": 3.2222032547, "min": -1.88182651997, "dmean": 0.951509416103, "mean": 2.68506813049, "max": 18.2913341522, "dmean2": 1.47674453259, "median": 2.3400888443, "dvar": 1.15580153465}, "barkbands_skewness": {"dvar2": 1.38707268238, "var": 1.88030612469, "min": -2.92821240425, "dmean": 0.71672219038, "mean": 1.64095234871, "max": 11.9208927155, "dmean2": 1.11322343349, "median": 1.43722987175, "dvar": 0.586872458458}, "erbbands": {"dvar2": [1.54127752781, 61.4944267273, 265.311462402, 275.63961792, 377.696502686, 2499.70556641, 4811.16796875, 2591.68530273, 1947.1932373, 6674.37548828, 11076.4443359, 9543.77929688, 2777.59936523, 3109.72192383, 2336.15063477, 1432.54626465, 2732.12573242, 6792.67333984, 6317.40722656, 10402.8388672, 5170.38476562, 1930.3684082, 603.015563965, 222.881729126, 68.0742111206, 48.4959335327, 52.0638237, 69.0337677002, 93.8214187622, 104.171218872, 7.3097076416, 5.41196537018, 1.89699053764, 0.390675514936, 0.0464085824788, 0.0101456446573, 2.02470782824e-05, 1.33249251633e-08, 5.99325367112e-10, 3.045139918e-09], "var": [0.326498448849, 14.3767337799, 104.201698303, 162.039550781, 189.665008545, 1249.20153809, 2444.56518555, 1352.1784668, 838.501831055, 2872.80517578, 5474.22705078, 3304.17089844, 1633.53051758, 1910.22460938, 1858.73852539, 1072.94091797, 2176.37158203, 6304.83642578, 5964.109375, 9673.57617188, 7250.27392578, 2185.05200195, 605.320556641, 274.682983398, 75.4906539917, 44.826385498, 40.194442749, 42.16173172, 65.6614685059, 53.9504852295, 6.06383609772, 3.80074930191, 1.25447750092, 0.261645197868, 0.0351698584855, 0.00488169305027, 1.46672173287e-05, 9.94092363982e-09, 3.30781735336e-10, 1.29253818759e-09], "min": [9.99095340445e-22, 5.40345072275e-21, 2.28346035373e-20, 2.91917111114e-20, 4.63289094625e-20, 2.74861803643e-19, 8.0190895237e-19, 4.02331111519e-19, 1.81141981747e-19, 4.97905498198e-19, 1.06733223748e-18, 1.9772689616e-18, 8.49163919609e-19, 2.6615042857e-18, 8.33419126015e-18, 3.91637511846e-18, 3.8361146108e-18, 5.27359197443e-18, 3.99592301002e-18, 5.93990126068e-18, 6.84788997446e-18, 7.34128501187e-18, 8.11449953408e-18, 7.38050495343e-18, 1.18549895845e-17, 1.15571640322e-17, 1.35104385521e-17, 1.85649653898e-17, 1.82193412058e-17, 2.12938871702e-17, 1.70513026238e-17, 1.61453280948e-17, 1.18001839059e-17, 1.33446368158e-17, 9.02424931538e-18, 7.60450132741e-18, 4.63537084665e-18, 1.2069638404e-18, 3.43376269052e-19, 3.34296514263e-20], "dmean": [0.210870310664, 1.54791843891, 4.5517706871, 5.68078517914, 7.40515327454, 18.2060813904, 20.0471439362, 13.2087640762, 11.5667181015, 21.7270736694, 27.2609424591, 19.7272853851, 14.9763374329, 13.5838918686, 12.182097435, 11.8223562241, 15.6818132401, 26.8957214355, 26.0821800232, 29.1193161011, 21.7388820648, 15.8736925125, 8.91113471985, 6.34252166748, 3.63208794594, 2.67916727066, 2.26688122749, 2.35115742683, 2.47206377983, 1.64541900158, 0.624027788639, 0.524153530598, 0.297870874405, 0.153389498591, 0.0522113777697, 0.0188232269138, 0.00115828216076, 2.97839324048e-05, 8.71194060892e-06, 1.85796125152e-05], "mean": [0.144671753049, 1.30956315994, 5.63257741928, 8.56564712524, 11.5911884308, 26.3827877045, 28.2745018005, 19.6474132538, 16.7006320953, 29.0741653442, 35.6823196411, 26.1619281769, 21.3657646179, 19.7498912811, 19.3422451019, 19.521194458, 26.7310371399, 49.7458724976, 50.8084030151, 56.5755119324, 46.985118866, 34.3837165833, 19.4404354095, 14.3478507996, 8.25111961365, 5.59642219543, 4.44502210617, 3.8039855957, 3.87419724464, 2.59208154678, 1.04692423344, 0.849862992764, 0.518614113331, 0.255385607481, 0.0840929672122, 0.0294873658568, 0.00190625549294, 5.40918190381e-05, 2.13225739571e-05, 4.02346959163e-05], "max": [5.99624490738, 47.1169967651, 131.365936279, 214.334991455, 189.841766357, 472.304412842, 763.17791748, 954.231201172, 514.595825195, 871.663085938, 1163.08911133, 1425.88061523, 801.329223633, 925.017883301, 994.177856445, 413.123260498, 726.532592773, 1193.98352051, 910.720092773, 1541.46984863, 1536.32434082, 540.985595703, 442.483276367, 190.642166138, 165.000793457, 127.860290527, 130.439743042, 163.568664551, 227.557266235, 355.711334229, 73.2646102905, 44.6067123413, 28.5792560577, 15.2966413498, 4.40907430649, 2.98716568947, 0.090694963932, 0.00252458802424, 0.00029840687057, 0.000314136850648], "dmean2": [0.387063115835, 2.74867892265, 7.80739498138, 9.48091888428, 12.5527019501, 30.2433052063, 33.1000061035, 21.9242668152, 19.2987957001, 36.0640220642, 45.2982711792, 32.683807373, 24.0072307587, 21.3535823822, 19.4351387024, 19.242313385, 25.1231575012, 42.8787574768, 41.7632789612, 46.1274719238, 34.8114395142, 25.8018875122, 14.0048332214, 10.27430439, 5.91044569016, 4.34379053116, 3.64399027824, 3.74233222008, 3.91002559662, 2.59450268745, 0.951255023479, 0.785976469517, 0.450512856245, 0.226297110319, 0.0760420933366, 0.0276172123849, 0.00167860044166, 4.21194927185e-05, 1.39214544106e-05, 3.0977120332e-05], "median": [0.0145755428821, 0.273459017277, 2.0334405899, 4.12451553345, 7.4116063118, 15.1065750122, 14.4642868042, 10.079202652, 8.91882133484, 12.2630844116, 9.10296440125, 10.4503326416, 9.12260627747, 7.31149339676, 6.30788421631, 8.03869152069, 9.94990921021, 21.2458362579, 24.2567825317, 20.7334365845, 21.0384426117, 20.363368988, 10.8746156693, 10.0443916321, 6.59852266312, 4.11197185516, 3.10340738297, 2.1573677063, 1.86771726608, 1.09474134445, 0.497660636902, 0.378949999809, 0.233691424131, 0.104202196002, 0.0308423899114, 0.00994204171002, 0.000686905346811, 2.36800533457e-05, 1.87110272236e-05, 3.47225141013e-05], "dvar": [0.544257700443, 21.9000778198, 95.8879013062, 103.337844849, 139.060028076, 952.585754395, 1898.41809082, 1009.82006836, 765.704650879, 2561.48657227, 4282.74316406, 3632.69506836, 1153.80541992, 1324.86462402, 989.683349609, 558.743591309, 1114.00488281, 2692.3112793, 2536.5378418, 4200.31640625, 2187.90551758, 746.977722168, 251.866394043, 88.6467285156, 28.2695503235, 19.6909332275, 20.894657135, 28.0361309052, 39.5993652344, 41.0680732727, 3.37781143188, 2.46060371399, 0.834331989288, 0.17291559279, 0.0217901580036, 0.00394482631236, 8.75245677889e-06, 5.80044812182e-09, 2.28549082437e-10, 1.1247298648e-09]}, "silence_rate_30dB": {"dvar2": 0.102102652192, "var": 0.0323477499187, "min": 0, "dmean": 0.0440301038325, "mean": 0.966531872749, "max": 1, "dmean2": 0.0880700945854, "median": 1, "dvar": 0.0420942865312}, "melbands_spread": {"dvar2": 134.049575806, "var": 205.585998535, "min": 0.696754336357, "dmean": 6.66826248169, "mean": 20.5548763275, "max": 151.458175659, "dmean2": 10.352347374, "median": 17.1676864624, "dvar": 59.7071838379}, "melbands_crest": {"dvar2": 28.0657024384, "var": 26.7259254456, "min": 2.80505132675, "dmean": 3.79161691666, "mean": 13.5874462128, "max": 37.5319328308, "dmean2": 6.24621200562, "median": 12.7589130402, "dvar": 10.7009401321}, "zerocrossingrate": {"dvar2": 0.000115781789646, "var": 0.000462034484372, "min": 0.00634765625, "dmean": 0.0076112751849, "mean": 0.0457869507372, "max": 0.509765625, "dmean2": 0.00922803301364, "median": 0.0439453125, "dvar": 9.59334429353e-05}, "barkbands_kurtosis": {"dvar2": 155.221588135, "var": 117.54863739, "min": -1.88624501228, "dmean": 4.28918409348, "mean": 5.18079900742, "max": 187.620849609, "dmean2": 6.97084331512, "median": 1.77760386467, "dvar": 64.251701355}, "spectral_flux": {"dvar2": 0.00457676965743, "var": 0.00455241510645, "min": 1.02990053985e-10, "dmean": 0.0340464413166, "mean": 0.10626925528, "max": 0.474660485983, "dmean2": 0.0531857870519, "median": 0.097120039165, "dvar": 0.00223525450565}, "barkbands_crest": {"dvar2": 20.5089168549, "var": 17.9811611176, "min": 2.66296815872, "dmean": 3.04136157036, "mean": 9.79211711884, "max": 26.5668754578, "dmean2": 5.04942560196, "median": 8.82727241516, "dvar": 7.75388479233}, "barkbands_flatness_db": {"dvar2": 0.00135194417089, "var": 0.00242119561881, "min": 0.057140622288, "dmean": 0.0250452961773, "mean": 0.166692659259, "max": 0.409990906715, "dmean2": 0.0395879819989, "median": 0.156490445137, "dvar": 0.000567554845475}, "spectral_entropy": {"dvar2": 0.0708344131708, "var": 0.178312942386, "min": 4.99310731888, "dmean": 0.16960503161, "mean": 7.41773796082, "max": 9.79159450531, "dmean2": 0.255536407232, "median": 7.52377891541, "dvar": 0.0355848446488}, "pitch_salience": {"dvar2": 0.0135602289811, "var": 0.0117915719748, "min": 0.0595760010183, "dmean": 0.0831675752997, "mean": 0.586452484131, "max": 0.974763572216, "dmean2": 0.13649712503, "median": 0.597874999046, "dvar": 0.00510255713016}, "erbbands_spread": {"dvar2": 193.744049072, "var": 288.329864502, "min": 2.84293556213, "dmean": 8.52722740173, "mean": 35.6731071472, "max": 148.138046265, "dmean2": 12.9698581696, "median": 32.944984436, "dvar": 91.2088775635}, "dynamic_complexity": 3.2949898243, "spectral_contrast_valleys": {"dvar2": [0.449160277843, 0.30328348279, 0.251776099205, 0.174309521914, 0.162470728159, 0.135634556413], "var": [1.00592660904, 0.690144300461, 0.774722933769, 0.929266452789, 1.09977912903, 1.18363106251], "min": [-26.9165477753, -27.0715351105, -27.1954612732, -27.5769424438, -27.2656269073, -27.3366336823], "dmean": [0.494276314974, 0.389886945486, 0.341829717159, 0.280048370361, 0.261389195919, 0.26344576478], "mean": [-7.21719408035, -6.60347366333, -7.32447052002, -7.27620029449, -7.62135601044, -10.6336660385], "max": [-4.76785373688, -4.50942850113, -5.14532423019, -5.26345300674, -6.06336736679, -8.3796415329], "dmean2": [0.793228626251, 0.635180175304, 0.541999936104, 0.433751314878, 0.390576213598, 0.355642974377], "median": [-7.08477306366, -6.46223688126, -7.16992092133, -6.99876594543, -7.18756198883, -10.3564491272], "dvar": [0.211420565844, 0.142623022199, 0.130359247327, 0.0990240648389, 0.101058602333, 0.0950879752636]}, "hfc": {"dvar2": 109.43952179, "var": 212.294509888, "min": 1.20001314925e-16, "dmean": 5.77967882156, "mean": 19.7227497101, "max": 122.669067383, "dmean2": 9.00120067596, "median": 17.3962287903, "dvar": 45.4742202759}, "spectral_kurtosis": {"dvar2": 26.5261440277, "var": 21.5953845978, "min": -1.15411829948, "dmean": 2.50926852226, "mean": 5.96049070358, "max": 63.9574050903, "dmean2": 4.21613550186, "median": 4.89819812775, "dvar": 9.58016586304}, "mfcc": {"mean": [-651.356933594, 141.657745361, -11.249751091, 26.2695026398, 11.9316682816, 6.7162566185, -12.1697034836, -2.1025493145, -1.45556414127, -2.49558949471, -1.43000113964, -5.54872989655, -7.26062107086], "cov": [[7946.77294922, -861.899108887, -502.020904541, 280.751281738, 153.029418945, 175.543716431, -15.6840410233, -99.8025817871, 60.6683006287, 149.606704712, -0.815538764, 91.2646560669, 8.12478637695], [-861.899108887, 800.901977539, -80.7597122192, -60.3581809998, -24.0993747711, -36.7880325317, -13.5375652313, -0.582838177681, -31.9607505798, -41.7776679993, 3.05191802979, -4.39088582993, 1.25135457516], [-502.020904541, -80.7597122192, 591.464477539, 98.1212158203, 35.181678772, 61.9476928711, -13.1086158752, -8.789727211, 8.2978925705, -34.5077171326, -9.08769702911, 43.7272148132, 15.9042158127], [280.751281738, -60.3581809998, 98.1212158203, 315.372711182, 101.620819092, 35.334690094, -26.1750812531, -14.710647583, 47.4615707397, 27.0303325653, -5.45506811142, 9.33768844604, 30.7621021271], [153.029418945, -24.0993747711, 35.181678772, 101.620819092, 224.7394104, 6.00138139725, -9.4396314621, -10.6663694382, 37.4996986389, 24.6707134247, -20.8327732086, 5.42598247528, 9.29024410248], [175.543716431, -36.7880325317, 61.9476928711, 35.334690094, 6.00138139725, 191.551025391, 86.1668777466, 36.8766021729, 0.18460945785, 3.08349943161, 23.723897934, -3.46062541008, 5.24662017822], [-15.6840410233, -13.5375652313, -13.1086158752, -26.1750812531, -9.4396314621, 86.1668777466, 205.005096436, 73.7432632446, -5.25920534134, 9.42819976807, 24.0639057159, 0.387470006943, 4.810297966], [-99.8025817871, -0.582838177681, -8.789727211, -14.710647583, -10.6663694382, 36.8766021729, 73.7432632446, 118.291534424, 20.2824783325, 5.43103122711, 22.6004371643, 0.670007407665, 8.41295528412], [60.6683006287, -31.9607505798, 8.2978925705, 47.4615707397, 37.4996986389, 0.18460945785, -5.25920534134, 20.2824783325, 116.114654541, 46.6157493591, 1.58189046383, 18.3336620331, 10.4170179367], [149.606704712, -41.7776679993, -34.5077171326, 27.0303325653, 24.6707134247, 3.08349943161, 9.42819976807, 5.43103122711, 46.6157493591, 99.5765304565, 26.6765899658, 3.87072610855, 5.34620809555], [-0.815538764, 3.05191802979, -9.08769702911, -5.45506811142, -20.8327732086, 23.723897934, 24.0639057159, 22.6004371643, 1.58189046383, 26.6765899658, 80.8452377319, 15.1804275513, 2.00127625465], [91.2646560669, -4.39088582993, 43.7272148132, 9.33768844604, 5.42598247528, -3.46062541008, 0.387470006943, 0.670007407665, 18.3336620331, 3.87072610855, 15.1804275513, 83.5441894531, 27.5401477814], [8.12478637695, 1.25135457516, 15.9042158127, 30.7621021271, 9.29024410248, 5.24662017822, 4.810297966, 8.41295528412, 10.4170179367, 5.34620809555, 2.00127625465, 27.5401477814, 74.5289382935]], "icov": [[0.000184054428246, 0.000194696491235, 0.000262645655312, -0.000151504485984, -4.44348552264e-05, -0.000274305959465, 7.44438293623e-05, 0.000149691841216, 9.48055894696e-05, -0.000129372143419, 0.000132047061925, -0.000402190809837, 0.000127401770442], [0.000194696491235, 0.0015290469164, 0.000452066131402, -1.32386849145e-05, -0.000108323423774, -0.000104413149529, 0.000141416909173, 0.000124701269669, 0.000178170754225, 0.000500716385432, -0.000176395871677, -0.000377969146939, -5.66699345654e-05], [0.000262645655312, 0.000452066131402, 0.00240143551491, -0.000726634229068, -0.000152492968482, -0.0011193061946, 0.000395643495722, 0.000270965014352, 5.92564283579e-05, 0.000768166792113, 0.000359741097782, -0.00170914095361, 0.000351443421096], [-0.000151504485984, -1.32386849145e-05, -0.000726634229068, 0.00449335249141, -0.00151158322114, -0.00066582695581, 0.000620443141088, 0.000452064588899, -0.00117005733773, -0.000249633507337, -0.000324816995999, 0.00100077991374, -0.00171826942824], [-4.44348552264e-05, -0.000108323423774, -0.000152492968482, -0.00151158322114, 0.00558866746724, 2.58007657976e-05, -0.000234685066971, 0.000252143159742, -0.000807760341559, -0.00108339823782, 0.00172577309422, -0.000215065418161, 0.000175089429831], [-0.000274305959465, -0.000104413149529, -0.0011193061946, -0.00066582695581, 2.58007657976e-05, 0.00766590656713, -0.00301984418184, -0.00053096935153, -0.00011907004955, 0.000757938541938, -0.00193316908553, 0.00175514770672, -0.000377076707082], [7.44438293623e-05, 0.000141416909173, 0.000395643495722, 0.000620443141088, -0.000234685066971, -0.00301984418184, 0.00774866575375, -0.00396412005648, 0.00141526886728, -0.00113572622649, 0.000198521636776, -0.000757119851187, -3.71213582184e-06], [0.000149691841216, 0.000124701269669, 0.000270965014352, 0.000452064588899, 0.000252143159742, -0.00053096935153, -0.00396412005648, 0.0124374283478, -0.00343034346588, 0.001818682882, -0.00273460987955, 0.0011617760174, -0.00141185009852], [9.48055894696e-05, 0.000178170754225, 5.92564283579e-05, -0.00117005733773, -0.000807760341559, -0.00011907004955, 0.00141526886728, -0.00343034346588, 0.0128702037036, -0.00611083814874, 0.00262580509298, -0.00313908117823, 0.000590840354562], [-0.000129372143419, 0.000500716385432, 0.000768166792113, -0.000249633507337, -0.00108339823782, 0.000757938541938, -0.00113572622649, 0.001818682882, -0.00611083814874, 0.0154602015391, -0.00593627430499, 0.00188519363292, -0.000897602003533], [0.000132047061925, -0.000176395871677, 0.000359741097782, -0.000324816995999, 0.00172577309422, -0.00193316908553, 0.000198521636776, -0.00273460987955, 0.00262580509298, -0.00593627430499, 0.0167940463871, -0.004312006291, 0.00146395142656], [-0.000402190809837, -0.000377969146939, -0.00170914095361, 0.00100077991374, -0.000215065418161, 0.00175514770672, -0.000757119851187, 0.0011617760174, -0.00313908117823, 0.00188519363292, -0.004312006291, 0.016577327624, -0.00588357727975], [0.000127401770442, -5.66699345654e-05, 0.000351443421096, -0.00171826942824, 0.000175089429831, -0.000377076707082, -3.71213582184e-06, -0.00141185009852, 0.000590840354562, -0.000897602003533, 0.00146395142656, -0.00588357727975, 0.0163198374212]]}, "silence_rate_20dB": {"dvar2": 0, "var": 0, "min": 1, "dmean": 0, "mean": 1, "max": 1, "dmean2": 0, "median": 1, "dvar": 0}, "melbands_kurtosis": {"dvar2": 840.73425293, "var": 586.473510742, "min": -1.78766942024, "dmean": 9.92147445679, "mean": 14.4850721359, "max": 451.943847656, "dmean2": 16.0011425018, "median": 6.99063062668, "dvar": 350.993408203}, "barkbands_spread": {"dvar2": 74.8086013794, "var": 96.5830535889, "min": 0.535104691982, "dmean": 4.87412691116, "mean": 17.8080005646, "max": 86.9255828857, "dmean2": 7.68436145782, "median": 17.2506752014, "dvar": 32.7784919739}, "erbbands_skewness": {"dvar2": 0.375239014626, "var": 0.764470458031, "min": -4.2921462059, "dmean": 0.415067762136, "mean": 0.14700165391, "max": 5.3863325119, "dmean2": 0.647458136082, "median": 0.0726425126195, "dvar": 0.164949163795}, "average_loudness": 0.904815614223, "spectral_centroid": {"dvar2": 122314.109375, "var": 251111.8125, "min": 195.186279297, "dmean": 218.269134521, "mean": 1076.63964844, "max": 10986.1611328, "dmean2": 334.304840088, "median": 1040.53417969, "dvar": 62318.3671875}, "dissonance": {"dvar2": 0.00103896320798, "var": 0.000997576629743, "min": 0.0675319209695, "dmean": 0.018679689616, "mean": 0.463304817677, "max": 0.499999940395, "dmean2": 0.0313585661352, "median": 0.472207009792, "dvar": 0.000403936544899}, "erbbands_flatness_db": {"dvar2": 0.000659454904962, "var": 0.00178132811561, "min": 0.0831620246172, "dmean": 0.0190793536603, "mean": 0.187363415956, "max": 0.389551639557, "dmean2": 0.0282060038298, "median": 0.183293521404, "dvar": 0.000332756782882}, "spectral_strongpeak": {"dvar2": 2.46431303024, "var": 1.08611619473, "min": 0, "dmean": 0.589424014091, "mean": 0.880545377731, "max": 11.4980478287, "dmean2": 1.01483428478, "median": 0.561180353165, "dvar": 0.921024024487}, "spectral_rms": {"dvar2": 6.71842144584e-06, "var": 6.04886236033e-06, "min": 3.21686882861e-12, "dmean": 0.00118886027485, "mean": 0.00523992395028, "max": 0.0165395718068, "dmean2": 0.00190262543038, "median": 0.00531276501715, "dvar": 2.60433125732e-06}, "silence_rate_60dB": {"dvar2": 0.030075840652, "var": 0.0805752202868, "min": 0, "dmean": 0.0132539588958, "mean": 0.0883872434497, "max": 1, "dmean2": 0.0265108961612, "median": 0, "dvar": 0.0130781214684}, "melbands": {"dvar2": [0.00011491792975, 7.91075726738e-05, 6.87616466166e-06, 5.25772475157e-06, 4.98693361806e-06, 1.27533803607e-06, 4.84469012463e-07, 8.40205814256e-07, 7.89520697708e-07, 3.2242272141e-07, 7.43869179587e-08, 5.95264957326e-08, 3.04155989284e-08, 1.95052649588e-08, 1.34208892888e-08, 2.23528378029e-08, 2.78432281675e-08, 1.82595254472e-08, 2.7583029194e-08, 2.0433962078e-08, 7.37423455632e-09, 3.10826586691e-09, 9.32256827291e-10, 5.06542752188e-10, 1.82300424756e-10, 6.82236975247e-11, 2.69061769392e-11, 2.60831529986e-11, 2.45101300367e-11, 2.23060823284e-11, 2.96029520341e-11, 3.23454318885e-11, 4.93455103168e-11, 2.66468843518e-11, 2.5723687503e-12, 2.70806337424e-12, 2.15784703474e-12, 1.38535645629e-12, 4.78435596262e-13, 2.8262310027e-13], "var": [2.55125360127e-05, 2.51388883044e-05, 4.3005779844e-06, 2.5805381938e-06, 2.6023637929e-06, 6.55690996609e-07, 2.12098058228e-07, 3.47339181417e-07, 4.24222179163e-07, 1.14579137289e-07, 4.31487592323e-08, 3.32139080683e-08, 2.26867857833e-08, 1.55772337251e-08, 7.33034433154e-09, 2.03187546788e-08, 2.3206126798e-08, 1.55814525726e-08, 2.49281359999e-08, 1.91383957571e-08, 8.90719942248e-09, 2.86022783236e-09, 9.00170049611e-10, 3.99681732155e-10, 1.89607704537e-10, 6.42594796818e-11, 2.35777005558e-11, 2.07913825045e-11, 1.60503468155e-11, 1.57025226155e-11, 1.54052864215e-11, 2.02093307367e-11, 2.93889669545e-11, 1.23858119941e-11, 1.92643318832e-12, 1.86849060529e-12, 1.32629898817e-12, 7.51607272514e-13, 3.50081454711e-13, 1.59526553209e-13], "min": [8.64727709514e-24, 1.039940343e-23, 5.46730936644e-24, 8.93675907065e-24, 2.62864404387e-23, 9.71040284901e-24, 2.84173927686e-24, 6.27227762805e-24, 1.11462196267e-23, 1.09685137194e-23, 3.80331496639e-24, 8.69916126574e-24, 2.70910990724e-23, 1.72871893849e-23, 5.39394096352e-24, 1.02952682684e-23, 9.96791860291e-24, 5.93092449816e-24, 8.40262214058e-24, 8.16840933782e-24, 7.58958974836e-24, 6.51642613391e-24, 9.4966657199e-24, 5.88549833736e-24, 5.69124765034e-24, 8.36835638944e-24, 9.60689640963e-24, 7.09532579275e-24, 6.41892726476e-24, 1.12779333654e-23, 1.05146749409e-23, 9.6182875611e-24, 1.24044598702e-23, 1.11761071998e-23, 8.65754333097e-24, 1.17156146949e-23, 9.2736042549e-24, 7.11035280414e-24, 1.0492289435e-23, 1.16927550836e-23], "dmean": [0.00192180019803, 0.00225905212574, 0.000958382501267, 0.000881424872205, 0.000717047019862, 0.000308816990582, 0.000190976803424, 0.00023994842195, 0.000228066724958, 0.000119722360978, 7.64009237173e-05, 5.79550287512e-05, 4.32128254033e-05, 3.53261530108e-05, 3.47036984749e-05, 4.37109047198e-05, 5.37404703209e-05, 4.38978604507e-05, 4.82441864733e-05, 3.64442785212e-05, 2.50646298809e-05, 1.9076431272e-05, 1.17231184049e-05, 7.22945424059e-06, 5.60374382985e-06, 3.55561655851e-06, 2.09699373954e-06, 1.89980687537e-06, 1.52630843786e-06, 1.49325205712e-06, 1.42297426464e-06, 1.45349451941e-06, 1.44087357512e-06, 7.49207401896e-07, 3.49107040165e-07, 3.84040703238e-07, 3.15538528639e-07, 2.34359276874e-07, 1.71835438323e-07, 1.23796354501e-07], "mean": [0.0014128916664, 0.00256470544264, 0.00155310321134, 0.00134481163695, 0.00106505863369, 0.000458985421574, 0.00027349308948, 0.000308900664095, 0.000299906736473, 0.000157819362357, 0.000105355371488, 7.95868400019e-05, 6.42750892439e-05, 5.65730624658e-05, 5.01842550875e-05, 7.21754549886e-05, 9.37857475947e-05, 7.77231907705e-05, 8.60018772073e-05, 6.83183898218e-05, 4.98685039929e-05, 3.72045069525e-05, 2.29192828556e-05, 1.41797854667e-05, 1.15217353596e-05, 7.20280604583e-06, 4.09970152759e-06, 3.57990234079e-06, 2.79269897874e-06, 2.47732145908e-06, 2.06556364901e-06, 2.1469747935e-06, 2.16057446778e-06, 1.12201280444e-06, 5.47729541722e-07, 5.83267876664e-07, 4.8497906846e-07, 3.78178270921e-07, 2.9223960496e-07, 1.85913719974e-07], "max": [0.0564594902098, 0.0491195134819, 0.0340598411858, 0.0212067253888, 0.0236433576792, 0.0189936328679, 0.007114357315, 0.0102639198303, 0.0111228823662, 0.00945919379592, 0.00392973981798, 0.00389997870661, 0.0026475857012, 0.00277339224704, 0.00128484459128, 0.00169632385951, 0.0025352712255, 0.00150867423508, 0.00204599276185, 0.00230713118799, 0.00171629188117, 0.000735307461582, 0.000383287551813, 0.000535900646355, 0.0001652030478, 0.000131759094074, 7.96039166744e-05, 9.10702947294e-05, 9.5471565146e-05, 9.4316979812e-05, 0.000113585258077, 0.00013350530935, 0.000181420065928, 0.000183619238669, 4.32756569353e-05, 2.87736438622e-05, 3.13551317959e-05, 2.39480286837e-05, 1.18546322483e-05, 1.32911491164e-05], "dmean2": [0.00345863378607, 0.00390549236909, 0.00159384903964, 0.0014650807716, 0.00117353140377, 0.000514214858413, 0.000319011334796, 0.000398689386202, 0.000378015072783, 0.000197530040168, 0.000122405530419, 9.16526769288e-05, 6.9168760092e-05, 5.76644924877e-05, 5.68413524888e-05, 6.97657160345e-05, 8.64129542606e-05, 7.16198774171e-05, 7.71552658989e-05, 5.85294910707e-05, 4.0577200707e-05, 3.13591808663e-05, 1.87618115888e-05, 1.15763778012e-05, 9.219439562e-06, 5.87517888562e-06, 3.43413603332e-06, 3.10036784867e-06, 2.48603441833e-06, 2.40430199483e-06, 2.2885560611e-06, 2.33772334468e-06, 2.30975433624e-06, 1.19281094157e-06, 5.4942722727e-07, 5.90144054513e-07, 4.81787935769e-07, 3.63870299225e-07, 2.57575322848e-07, 1.88847607774e-07], "median": [0.000200039212359, 0.00086492014816, 0.000859151070472, 0.000893340795301, 0.000609726994298, 0.000240837558522, 0.00014436065976, 0.000124156154925, 6.79926743032e-05, 6.21564831818e-05, 4.14739406551e-05, 2.81677857856e-05, 2.03837516892e-05, 1.75714576471e-05, 2.21505415539e-05, 2.21633708861e-05, 3.97811745643e-05, 3.69166773453e-05, 2.78112802334e-05, 2.54103724728e-05, 2.28549033636e-05, 2.10691632674e-05, 1.26533050206e-05, 7.6316355262e-06, 7.85969041317e-06, 5.42374255019e-06, 2.95388008453e-06, 2.49775439443e-06, 1.93413848137e-06, 1.50023106471e-06, 1.0292595789e-06, 1.00866395769e-06, 8.82649032974e-07, 4.57288308553e-07, 2.47860668878e-07, 2.47693975552e-07, 2.12543710632e-07, 1.6631690869e-07, 1.23296814536e-07, 7.05664433553e-08], "dvar": [4.09266212955e-05, 2.84483667201e-05, 2.58879731518e-06, 1.96176961254e-06, 1.96505220629e-06, 4.93917525546e-07, 1.90043721204e-07, 3.2129560168e-07, 3.07501011321e-07, 1.22769776567e-07, 3.1098423392e-08, 2.50263045842e-08, 1.32977211464e-08, 7.51386775022e-09, 5.21976240009e-09, 9.05491415182e-09, 1.10378657325e-08, 7.26370563697e-0