{"tonal": {"thpcp": [1, 0.55355244875, 0.10592892766, 0.0862813517451, 0.0768191888928, 0.0817923769355, 0.160610467196, 0.174358457327, 0.115370050073, 0.130540519953, 0.126744195819, 0.083710603416, 0.0873129665852, 0.0939451605082, 0.0840979442, 0.123961851001, 0.139084890485, 0.105163253844, 0.108342245221, 0.125446021557, 0.148157715797, 0.224102884531, 0.215591073036, 0.116314038634, 0.0752089172602, 0.0719189196825, 0.085063457489, 0.103409513831, 0.103026948869, 0.0936046987772, 0.125261977315, 0.144858300686, 0.112583078444, 0.0982550531626, 0.104481987655, 0.562470257282], "hpcp": {"dmean2": [0.0840958431363, 0.0933738127351, 0.0892578735948, 0.114353120327, 0.13179294765, 0.129536539316, 0.145359843969, 0.172170311213, 0.193432688713, 0.224700883031, 0.205587103963, 0.143168345094, 0.108725979924, 0.105713136494, 0.105758704245, 0.116241693497, 0.127331390977, 0.124920763075, 0.137006357312, 0.153663694859, 0.127802833915, 0.102803893387, 0.112334482372, 0.199853256345, 0.226206943393, 0.211944893003, 0.129571542144, 0.110590420663, 0.101357981563, 0.100653767586, 0.158260270953, 0.164811953902, 0.120936326683, 0.133174151182, 0.132023394108, 0.0964074879885], "median": [0.0014166906476, 0.00160821108148, 0.00259408983402, 0.00413871183991, 0.00461089797318, 0.00338843418285, 0.00238248007372, 0.00219738087617, 0.00422840286046, 0.00795219279826, 0.00713484873995, 0.00302091659978, 0.00130748283118, 0.00125944544561, 0.00166037085, 0.00197091465816, 0.00183818116784, 0.00234906282276, 0.00331528671086, 0.00377853633836, 0.00297650578432, 0.0015966759529, 0.00226041069254, 0.509013831615, 1, 0.489630281925, 0.00424761231989, 0.00197798851877, 0.00181056314614, 0.00327266287059, 0.00673473626375, 0.00739741232246, 0.00466787628829, 0.00374210439622, 0.00330879795365, 0.00200003245845], "min": [0, 0, 0, 0, 0, 0, 0, 0, 0, 0, 0, 0, 0, 0, 0, 0, 0, 0, 0, 0, 0, 0, 0, 0, 0, 0, 0, 0, 0, 0, 0, 0, 0, 0, 0, 0], "dvar2": [0.0416635386646, 0.0537918806076, 0.0432680733502, 0.0529300458729, 0.0676190182567, 0.0703750550747, 0.0955319851637, 0.12068721652, 0.131491050124, 0.143046408892, 0.135268718004, 0.0901078209281, 0.0699716731906, 0.0634170845151, 0.0638159513474, 0.070022135973, 0.0854988843203, 0.0820454135537, 0.0806114450097, 0.0954630672932, 0.0747210234404, 0.0555548779666, 0.0525675863028, 0.0776483640075, 0.13682693243, 0.0850657969713, 0.0612572357059, 0.0570580400527, 0.0530436933041, 0.0445126704872, 0.0822699442506, 0.0878106057644, 0.0581286102533, 0.0705229341984, 0.0725368112326, 0.0503943711519], "dvar": [0.0164914093912, 0.0207561776042, 0.0155548239127, 0.0206227395684, 0.0271292347461, 0.0260781794786, 0.0337310694158, 0.044864770025, 0.0479955710471, 0.0511011518538, 0.047605201602, 0.0316232703626, 0.0245419573039, 0.021947581321, 0.0225240234286, 0.0253941882402, 0.0305183529854, 0.0288537498564, 0.0296098385006, 0.0365456491709, 0.0279082357883, 0.0206443276256, 0.019652467221, 0.0336653664708, 0.062399264425, 0.035826716572, 0.0229306705296, 0.0209081023932, 0.0187557563186, 0.0158314164728, 0.0342820212245, 0.036736574024, 0.0213528648019, 0.0267371274531, 0.0276383534074, 0.0188570655882], "dmean": [0.0498980246484, 0.0548371523619, 0.0510116443038, 0.0676849260926, 0.0772337466478, 0.0733409151435, 0.0806795805693, 0.0950130596757, 0.107790350914, 0.127446979284, 0.116321906447, 0.0795574709773, 0.0587018094957, 0.0577200911939, 0.0585652589798, 0.0652064159513, 0.0709474906325, 0.0689352080226, 0.0785790756345, 0.0879882872105, 0.0729918479919, 0.0595317222178, 0.065084554255, 0.11580555886, 0.125971242785, 0.123934909701, 0.0733363181353, 0.061809334904, 0.0561464168131, 0.0567262805998, 0.0937379002571, 0.0981051102281, 0.0694936439395, 0.07702280581, 0.0755960121751, 0.0548863001168], "max": [1, 1, 1, 1, 1, 1, 1, 1, 1, 1, 1, 1, 1, 1, 1, 1, 1, 1, 1, 1, 1, 1, 1, 1, 1, 1, 1, 1, 1, 1, 1, 1, 1, 1, 1, 1], "var": [0.0238458197564, 0.0290615744889, 0.0181393381208, 0.0314878299832, 0.0387035310268, 0.0258631017059, 0.0318834446371, 0.0418608188629, 0.0421934425831, 0.071514941752, 0.0735109299421, 0.0329425483942, 0.0212921630591, 0.0185257643461, 0.0220321919769, 0.0281659327447, 0.0300069265068, 0.0257466752082, 0.036465909332, 0.0469193868339, 0.0317567773163, 0.0283638667315, 0.0279640015215, 0.0635407716036, 0.184858158231, 0.0576770119369, 0.0255994666368, 0.0225995704532, 0.0198666583747, 0.0162780825049, 0.0480544492602, 0.0546805225313, 0.0273758508265, 0.0396510176361, 0.0393691696227, 0.0216306596994], "mean": [0.0573296248913, 0.0616843216121, 0.0552186444402, 0.0813932567835, 0.0913230329752, 0.0690501108766, 0.0711374357343, 0.0823677554727, 0.097280241549, 0.147145777941, 0.141556933522, 0.0763717070222, 0.0493821166456, 0.0472219064832, 0.055852599442, 0.0678986087441, 0.0676474124193, 0.0614607743919, 0.082246914506, 0.09511385113, 0.0739219635725, 0.0645141899586, 0.0686027929187, 0.369317531586, 0.656599223614, 0.363462120295, 0.0695528537035, 0.0566522665322, 0.0504394210875, 0.0537048093975, 0.105456709862, 0.114483632147, 0.0757518857718, 0.0857128053904, 0.0832201391459, 0.0549643151462]}, "tuning_equal_tempered_deviation": 0.136294797063, "chords_changes_rate": 0.0603543743491, "key_key": "A#", "tuning_diatonic_strength": 0.50302785635, "key_scale": "major", "chords_number_rate": 0.00203026947565, "tuning_frequency": 434.193115234, "tuning_nontempered_energy_ratio": 0.742820680141, "chords_histogram": [7.19822835922, 0.719822824001, 9.15466976166, 7.3274269104, 2.52860832214, 0.719822824001, 0.609080851078, 0.110741972923, 0, 0, 0.166112959385, 0, 0, 1.32890367508, 0.0184569954872, 0.0184569954872, 0, 13.252122879, 1.42118859291, 45.2565536499, 3.24843120575, 4.24510908127, 1.8826135397, 0.79365080595], "key_strength": 0.583826541901, "chords_key": "F", "chords_strength": {"dmean2": 0.00976940337569, "median": 0.450479120016, "min": -1, "dvar2": 0.000768469239119, "dvar": 0.000405657396186, "dmean": 0.00802729465067, "max": 0.739615619183, "var": 0.0121246064082, "mean": 0.451262325048}, "chords_scale": "minor", "hpcp_entropy": {"dmean2": 1.07134497166, "median": 2.00102066994, "min": 0, "dvar2": 0.721911251545, "dvar": 0.26411858201, "dmean": 0.630880832672, "max": 4.50964069366, "var": 0.605068266392, "mean": 2.02779984474}}, "metadata": {"audio_properties": {"equal_loudness": 0, "codec": "mp3", "downmix": "mix", "sample_rate": 44100, "analysis_sample_rate": 44100, "bit_rate": 189798, "md5_encoded": "352f0982e16a15313396d8a8e1840945", "length": 251.559188843, "replay_gain": -10.9070320129, "lossless": false}, "version": {"essentia_build_sha": "70f2e5ece6736b2c40cc944ad0e695b16b925413", "essentia": "2.1-beta2", "extractor": "music 1.0", "essentia_git_sha": "v2.1_beta2"}, "tags": {"title": ["Calle F"], "artist": ["Mala"], "date": ["2012-09-10 07:00"], "file_name": "2041518.mp3", "album": ["Mala in Cuba"], "tracknumber": ["13"], "discnumber": ["1"], "musicbrainz_recordingid": ["170d9b1e-efa2-4fc7-ac25-20cdb043bfd2"]}}, "rhythm": {"bpm_histogram_first_peak_bpm": {"dmean2": 0, "median": 70, "min": 70, "dvar2": 0, "dvar": 0, "dmean": 0, "max": 70, "var": 0, "mean": 70}, "bpm": 70.0494003296, "bpm_histogram_second_peak_spread": {"dmean2": 0, "median": 0.333333313465, "min": 0.333333313465, "dvar2": 0, "dvar": 0, "dmean": 0, "max": 0.333333313465, "var": 0, "mean": 0.333333313465}, "bpm_histogram_first_peak_weight": {"dmean2": 0, "median": 0.743827164173, "min": 0.743827164173, "dvar2": 0, "dvar": 0, "dmean": 0, "max": 0.743827164173, "var": 0, "mean": 0.743827164173}, "onset_rate": 5.66427898407, "beats_position": [0.835918366909, 1.68344664574, 2.54258489609, 3.3785033226, 4.21442174911, 5.01551008224, 5.83981847763, 6.67573690414, 7.51165533066, 8.35918331146, 9.21832180023, 10.077460289, 10.9365987778, 11.7957363129, 12.6432647705, 13.4907932281, 14.3499317169, 15.2090702057, 16.0682086945, 16.9273471832, 17.786485672, 18.6456241608, 19.5047607422, 20.363899231, 21.2230377197, 22.0705661774, 22.918094635, 23.7772331238, 24.6363716125, 25.4955101013, 26.3546485901, 27.2137870789, 28.0729255676, 28.932062149, 29.7912006378, 30.6503391266, 31.5094776154, 32.3686180115, 33.2161445618, 34.0636711121, 34.9228096008, 35.7819480896, 36.6410865784, 37.5002250671, 38.3593635559, 39.2185020447, 40.0776405334, 40.9251708984, 41.7843093872, 42.6318359375, 43.4909744263, 44.350112915, 45.2092514038, 46.0683898926, 46.9275283813, 47.7866668701, 48.6458053589, 49.5049438477, 50.3640823364, 51.2116088867, 52.0591392517, 52.9182739258, 53.7774124146, 54.6365509033, 55.4956893921, 56.3548278809, 57.2139663696, 58.0731048584, 58.9322433472, 59.7913818359, 60.6389122009, 61.4864387512, 62.34557724, 63.2047157288, 64.0638504028, 64.9229888916, 65.7821273804, 66.6412658691, 67.5004043579, 68.3595428467, 69.2186813354, 70.0778198242, 70.936958313, 71.7844848633, 72.632019043, 73.4911575317, 74.3502960205, 75.2094345093, 76.068572998, 76.9277114868, 77.7868499756, 78.6459884644, 79.5051269531, 80.3642578125, 81.2117919922, 82.0593185425, 82.9184570312, 83.77759552, 84.6367340088, 85.4958724976, 86.3550109863, 87.2025375366, 88.0500640869, 88.9092025757, 89.7683410645, 90.6274795532, 91.486618042, 92.3457565308, 93.2048950195, 94.0640335083, 94.9231719971, 95.7823104858, 96.6414489746, 97.5005874634, 98.3597259521, 99.2188644409, 100.07800293, 100.937141418, 101.796279907, 102.655418396, 103.502944946, 104.350471497, 105.209609985, 106.068748474, 106.927886963, 107.787025452, 108.64616394, 109.505302429, 110.364440918, 111.211967468, 112.059501648, 112.918640137, 113.777778625, 114.636917114, 115.496055603, 116.355194092, 117.214332581, 118.07346344, 118.932601929, 119.780136108, 120.639274597, 121.498413086, 122.345939636, 123.205078125, 124.064216614, 124.923355103, 125.782493591, 126.64163208, 127.500770569, 128.359909058, 129.219039917, 130.066574097, 130.925704956, 131.773239136, 132.632385254, 133.491516113, 134.350662231, 135.209793091, 135.952835083, 136.695877075, 137.438903809, 138.193557739, 138.808883667, 139.424209595, 140.027938843, 140.631652832, 141.270202637, 141.92036438, 142.570526123, 143.255508423, 143.917282104, 144.544219971, 145.182769775, 145.809707642, 146.448257446, 147.156463623, 147.8646698, 148.642532349, 149.420410156, 150.291152954, 151.161895752, 152.02104187, 152.880172729, 153.739318848, 154.610061646, 155.457595825, 156.316726685, 157.175872803, 158.035003662, 158.882537842, 159.730072021, 160.600814819, 161.471557617, 162.330703735, 163.189834595, 164.048980713, 164.908111572, 165.755645752, 166.603164673, 167.462310791, 168.32144165, 169.180587769, 170.039718628, 170.898864746, 171.757995605, 172.628753662, 173.476272583, 174.335418701, 175.194549561, 176.04208374, 176.9012146, 177.760360718, 178.619491577, 179.467025757, 180.326171875, 181.185302734, 182.044433594, 182.891967773, 183.739501953, 184.598632812, 185.457778931, 186.31690979, 187.176055908, 188.035186768, 188.894332886, 189.741851807, 190.600997925, 191.460128784, 192.330886841, 193.178405762, 194.03755188, 194.896682739, 195.755828857, 196.603347778, 197.462493896, 198.321624756, 199.192382812, 200.039901733, 200.899047852, 201.758178711, 202.617324829, 203.46484375, 204.31237793, 205.171508789, 206.030654907, 206.889785767, 207.748931885, 208.608062744, 209.467208862, 210.326339722, 211.18548584, 212.044616699, 212.903762817, 213.751281738, 214.598815918, 215.457962036, 216.317092896, 217.176239014, 218.035369873, 218.894515991, 219.753646851, 220.61277771, 221.471923828, 222.331054688, 223.190200806, 224.037734985, 224.896865845, 225.756011963, 226.626754761, 227.369796753, 228.112823486, 228.84425354, 229.482803345, 230.109741211, 230.667022705, 231.212692261, 231.758361816, 232.176315308, 232.605895996, 233.035461426, 233.465026855, 233.894592285, 234.324172974, 234.753738403, 235.183303833, 235.612869263, 236.05406189, 236.495239258, 236.936416626, 237.377593994, 237.795547485, 238.213516235, 238.631469727, 239.061035156, 239.490600586, 239.920181274, 240.349746704, 240.779312134, 241.208877563, 241.638458252, 242.068023682, 242.462768555, 242.84588623, 243.229019165, 243.6121521, 243.94883728, 244.297134399, 244.645431519, 244.982131958, 245.330429077, 245.678726196, 246.027023315, 246.363708496, 246.712020874, 247.048706055, 247.385391235, 247.722076416, 248.070373535, 248.430297852, 248.790206909, 249.150115967, 249.510025024, 249.869934082, 250.22984314, 250.589752197], "beats_loudness": {"dmean2": 0.12093795836, "median": 0.16950917244, "min": 2.72609546048e-10, "dvar2": 0.0103754419833, "dvar": 0.00362118449993, "dmean": 0.0647909119725, "max": 0.458142995834, "var": 0.0109967170283, "mean": 0.151831060648}, "danceability": 1.30042588711, "bpm_histogram_second_peak_weight": {"dmean2": 0, "median": 0.0493827164173, "min": 0.0493827164173, "dvar2": 0, "dvar": 0, "dmean": 0, "max": 0.0493827164173, "var": 0, "mean": 0.0493827164173}, "beats_count": 325, "bpm_histogram_second_peak_bpm": {"dmean2": 0, "median": 140, "min": 140, "dvar2": 0, "dvar": 0, "dmean": 0, "max": 140, "var": 0, "mean": 140}, "bpm_histogram_first_peak_spread": {"dmean2": 0, "median": 0.0203252434731, "min": 0.0203252434731, "dvar2": 0, "dvar": 0, "dmean": 0, "max": 0.0203252434731, "var": 0, "mean": 0.0203252434731}, "beats_loudness_band_ratio": {"dmean2": [0.194662943482, 0.0831281617284, 0.09449300915, 0.0975762233138, 0.0380118265748, 0.0332300066948], "median": [0.939132452011, 0.0225027855486, 0.019119117409, 0.00756767624989, 0.00188874045853, 0.00398409087211], "min": [6.14661166765e-06, 4.55367116956e-05, 0.000266305869445, 0.000274787249509, 6.53888200759e-05, 2.37101585299e-06], "dvar2": [0.101532824337, 0.0138281723484, 0.0229362472892, 0.0299599245191, 0.00825777463615, 0.0090430052951], "dvar": [0.0404590629041, 0.00518227973953, 0.0101211359724, 0.0110020507127, 0.00341482879594, 0.0031211504247], "dmean": [0.107921563089, 0.0466572009027, 0.058322571218, 0.0553979277611, 0.0225410591811, 0.0188313983381], "max": [0.998079717159, 0.600440859795, 0.892996311188, 0.888077378273, 0.712586820126, 0.492642968893], "var": [0.145933702588, 0.0047024153173, 0.0418043211102, 0.0291891600937, 0.0132455639541, 0.00247109076008], "mean": [0.723310291767, 0.041158054024, 0.108390539885, 0.0900364890695, 0.0369223803282, 0.0166414752603]}}, "lowlevel": {"barkbands_spread": {"dmean2": 9.11177825928, "median": 5.1444606781, "min": 0.0704957097769, "dvar2": 252.746307373, "dvar": 110.789276123, "dmean": 5.74091339111, "max": 127.295265198, "var": 258.675354004, "mean": 10.7985019684}, "melbands_spread": {"dmean2": 7.83839797974, "median": 4.12786912918, "min": 0.0644886791706, "dvar2": 244.470718384, "dvar": 125.406211853, "dmean": 5.30845975876, "max": 172.611785889, "var": 371.653961182, "mean": 11.3497753143}, "hfc": {"dmean2": 14.0818319321, "median": 12.012506485, "min": 1.08433849185e-16, "dvar2": 591.174621582, "dvar": 243.504333496, "dmean": 9.26636505127, "max": 202.996261597, "var": 524.196411133, "mean": 18.557390213}, "barkbands_kurtosis": {"dmean2": 75.5693817139, "median": 18.2300815582, "min": -1.88292086124, "dvar2": 21867.9492188, "dvar": 8528.68164062, "dmean": 48.4010276794, "max": 1911.8918457, "var": 14564.3544922, "mean": 70.3664016724}, "gfcc": {"mean": [-102.346214294, 94.6084060669, -78.8609008789, 11.9189891815, -46.3313179016, 22.3369541168, -10.6649208069, 9.74966526031, -4.45497751236, 10.1546726227, -4.41752767563, 7.40872526169, -0.732346653938], "icov": [[5.53886638954e-05, -6.75643386785e-05, 6.07239853707e-05, -0.000193407278857, 7.97767570475e-05, -4.7870533308e-05, -1.63881304616e-06, 9.57290831138e-05, -0.000146353617311, -0.00012459649588, 0.000233315615333, -0.000295878300676, 0.00019540732319], [-6.75643386785e-05, 0.000780748901889, -0.000180541173904, 0.000499536283314, -0.000184582037036, 0.000304334243992, 0.000135468304507, -6.06273351877e-05, -0.000882515159901, 0.00164073042106, -0.00136976432987, 0.0021860091947, -0.00118879694492], [6.07239853707e-05, -0.000180541173904, 0.000852417317219, -0.000614578602836, 0.000467533711344, -0.000435427326011, -0.00126479263417, 0.00130500423256, -0.00124828831758, 0.00038643393782, 0.00157528871205, -0.00175036978908, 0.00100215990096], [-0.000193407278857, 0.000499536283314, -0.000614578602836, 0.00233264942653, -0.00117370439693, -0.000611140334513, 0.000804653100204, -0.000710493943188, 0.00104288198054, -0.000573412398808, -0.00115741998889, 0.00261358055286, -0.0025829996448], [7.97767570475e-05, -0.000184582037036, 0.000467533711344, -0.00117370439693, 0.00308255408891, -0.00109190645162, 0.00043590873247, -0.000329563015839, -0.00200754078105, 0.00329162506387, -0.00234213517979, -0.000112904439447, 0.00120257586241], [-4.7870533308e-05, 0.000304334243992, -0.000435427326011, -0.000611140334513, -0.00109190645162, 0.00727904913947, -0.00434264726937, 0.00107596325688, 0.000653165741824, -0.00448213750497, 0.00396029977128, -0.00232759700157, 0.000578074192163], [-1.63881304616e-06, 0.000135468304507, -0.00126479263417, 0.000804653100204, 0.00043590873247, -0.00434264726937, 0.0106468163431, -0.00567541411147, -0.000155407848069, 0.00346354930662, -0.00721306866035, 0.00649973750114, -0.00404739286751], [9.57290831138e-05, -6.06273351877e-05, 0.00130500423256, -0.000710493943188, -0.000329563015839, 0.00107596325688, -0.00567541411147, 0.0124152628705, -0.00619866792113, -0.00166727986652, 0.0058992751874, -0.00623219134286, 0.00541746523231], [-0.000146353617311, -0.000882515159901, -0.00124828831758, 0.00104288198054, -0.00200754078105, 0.000653165741824, -0.000155407848069, -0.00619866792113, 0.0167159214616, -0.0080399196595, -0.00345143373124, 0.00446712737903, -0.00496176164597], [-0.00012459649588, 0.00164073042106, 0.00038643393782, -0.000573412398808, 0.00329162506387, -0.00448213750497, 0.00346354930662, -0.00166727986652, -0.0080399196595, 0.0220756419003, -0.0117858787999, 0.00174849457107, 0.000703185971361], [0.000233315615333, -0.00136976432987, 0.00157528871205, -0.00115741998889, -0.00234213517979, 0.00396029977128, -0.00721306866035, 0.0058992751874, -0.00345143373124, -0.0117858787999, 0.0269784033298, -0.0136771751568, -8.7684878963e-05], [-0.000295878300676, 0.0021860091947, -0.00175036978908, 0.00261358055286, -0.000112904439447, -0.00232759700157, 0.00649973750114, -0.00623219134286, 0.00446712737903, 0.00174849457107, -0.0136771751568, 0.0280050225556, -0.0122583685443], [0.00019540732319, -0.00118879694492, 0.00100215990096, -0.0025829996448, 0.00120257586241, 0.000578074192163, -0.00404739286751, 0.00541746523231, -0.00496176164597, 0.000703185971361, -8.7684878963e-05, -0.0122583685443, 0.0201380271465]], "cov": [[31175.8515625, -344.703918457, 933.582214355, 3416.83032227, 393.485412598, 1082.58947754, 279.313140869, 184.329391479, 613.945983887, 735.61706543, 262.321350098, 289.543823242, 323.889373779], [-344.703918457, 3745.52490234, -35.6560211182, -602.484375, 332.120422363, -418.286315918, 133.37612915, -28.1766719818, 228.889404297, -321.329101562, 55.5205192566, -266.469360352, 81.1624755859], [933.582214355, -35.6560211182, 3222.27685547, 907.059814453, -3.77513241768, 677.813415527, 594.125610352, 33.5939102173, 262.910247803, 116.543968201, 16.6674785614, 77.1209106445, 143.690597534], [3416.83032227, -602.484375, 907.059814453, 1419.10046387, 343.748809814, 478.729125977, 250.933776855, 79.45652771, 185.119979858, 219.62991333, 126.111862183, 96.4510955811, 160.151382446], [393.485412598, 332.120422363, -3.77513241768, 343.748809814, 637.890686035, 102.155029297, 120.431602478, 79.5278091431, 143.86831665, 5.6200094223, 104.391403198, -0.541699051857, 57.2276229858], [1082.58947754, -418.286315918, 677.813415527, 478.729125977, 102.155029297, 465.752807617, 256.203643799, 83.5812911987, 122.582611084, 151.489471436, 58.8912696838, 70.4561004639, 70.0707473755], [279.313140869, 133.37612915, 594.125610352, 250.933776855, 120.431602478, 256.203643799, 368.66897583, 124.600784302, 169.656707764, 79.9171218872, 91.9269104004, 20.576166153, 85.7489929199], [184.329391479, -28.1766719818, 33.5939102173, 79.45652771, 79.5278091431, 83.5812911987, 124.600784302, 180.979248047, 106.725837708, 60.331287384, 36.4062690735, 18.8689994812, 10.109167099], [613.945983887, 228.889404297, 262.910247803, 185.119979858, 143.86831665, 122.582611084, 169.656707764, 106.725837708, 228.263870239, 105.699325562, 104.217773438, 25.9536495209, 80.2949523926], [735.61706543, -321.329101562, 116.543968201, 219.62991333, 5.6200094223, 151.489471436, 79.9171218872, 60.331287384, 105.699325562, 180.000030518, 92.8765487671, 67.4248275757, 52.6166000366], [262.321350098, 55.5205192566, 16.6674785614, 126.111862183, 104.391403198, 58.8912696838, 91.9269104004, 36.4062690735, 104.217773438, 92.8765487671, 144.695281982, 62.0285224915, 77.6585159302], [289.543823242, -266.469360352, 77.1209106445, 96.4510955811, -0.541699051857, 70.4561004639, 20.576166153, 18.8689994812, 25.9536495209, 67.4248275757, 62.0285224915, 107.464706421, 56.7887535095], [323.889373779, 81.1624755859, 143.690597534, 160.151382446, 57.2276229858, 70.0707473755, 85.7489929199, 10.109167099, 80.2949523926, 52.6166000366, 77.6585159302, 56.7887535095, 126.635269165]]}, "spectral_energyband_middle_low": {"dmean2": 0.00555833661929, "median": 0.00171120080631, "min": 2.00971049873e-22, "dvar2": 0.000140797972563, "dvar": 5.57090461371e-05, "dmean": 0.00339812831953, "max": 0.0921348184347, "var": 0.000127916966449, "mean": 0.00632212171331}, "melbands_crest": {"dmean2": 4.77842617035, "median": 24.988986969, "min": 1.6752730608, "dvar2": 34.1453475952, "dvar": 18.7205085754, "dmean": 3.2705476284, "max": 37.6743659973, "var": 122.437690735, "mean": 24.288684845}, "spectral_kurtosis": {"dmean2": 9.39998245239, "median": 4.52981424332, "min": -1.26544046402, "dvar2": 321.359985352, "dvar": 118.19669342, "dmean": 5.8419380188, "max": 276.148986816, "var": 368.909088135, "mean": 11.4340162277}, "spectral_rms": {"dmean2": 0.00265323510394, "median": 0.00899677444249, "min": 3.14007175296e-12, "dvar2": 1.46956454046e-05, "dvar": 8.26675750432e-06, "dmean": 0.00208457070403, "max": 0.0222598649561, "var": 4.3989643018e-05, "mean": 0.00894180312753}, "zerocrossingrate": {"dmean2": 0.0137889757752, "median": 0.0205078125, "min": 0.00146484375, "dvar2": 0.000493506668136, "dvar": 0.000373677263269, "dmean": 0.0112394830212, "max": 0.5185546875, "var": 0.00301233562641, "mean": 0.0365040153265}, "silence_rate_60dB": {"dmean2": 0.0871411412954, "median": 0, "min": 0, "dvar2": 0.0898738279939, "dvar": 0.0416636765003, "dmean": 0.0435665510595, "max": 1, "var": 0.168056741357, "mean": 0.213751733303}, "erbbands_kurtosis": {"dmean2": 4.42643976212, "median": 0.84759759903, "min": -1.77038013935, "dvar2": 92.745765686, "dvar": 40.9550323486, "dmean": 2.78080892563, "max": 160.478210449, "var": 56.2959747314, "mean": 2.84325218201}, "erbbands": {"dmean2": [2.22202110291, 8.30196475983, 9.08516120911, 4.80887508392, 3.6484375, 6.19122409821, 8.75110244751, 20.8026943207, 22.4010944366, 12.2793731689, 10.6879482269, 13.6503705978, 25.3419551849, 16.9887294769, 16.0928668976, 14.4483203888, 28.9418849945, 14.3009815216, 15.2854576111, 18.2028274536, 6.50418949127, 8.86305332184, 5.95876455307, 8.34865760803, 6.45669698715, 5.19986391068, 5.42881250381, 6.49650144577, 7.08400392532, 6.43205213547, 6.06438016891, 3.4854927063, 2.2661883831, 1.12964236736, 0.712476193905, 0.42203360796, 0.236831098795, 0.0966054871678, 0.0225749313831, 0.000758027832489], "median": [1.3802832365, 7.07054138184, 1.16222929955, 0.221077591181, 0.275298148394, 0.925242066383, 1.30602562428, 1.8944671154, 3.16030859947, 2.20299077034, 2.32304096222, 3.65091180801, 6.28584718704, 3.59079694748, 2.67188692093, 1.78369820118, 2.06399893761, 1.32371139526, 1.21532535553, 1.12537693977, 0.661592066288, 0.458347707987, 0.365204721689, 0.333837896585, 0.393504261971, 0.30277594924, 0.389195233583, 0.427805393934, 0.406360894442, 0.338052302599, 0.208704084158, 0.120108135045, 0.0802085101604, 0.0429038666189, 0.0184271968901, 0.00732001196593, 0.00263400096446, 0.000710610416718, 0.000156020309078, 0.000166433746926], "min": [4.66147375226e-23, 3.73912975637e-22, 1.36202487317e-21, 1.04983751939e-20, 2.01505866265e-20, 2.65773857827e-20, 5.51202916414e-20, 1.00395085429e-19, 1.58010728947e-19, 1.18324011949e-19, 2.88426583412e-19, 3.67318830937e-19, 6.90234813387e-19, 5.87234542005e-19, 7.80231495346e-19, 2.002177231e-18, 1.90149280684e-18, 2.00051273681e-18, 2.61266692195e-18, 2.52755789514e-18, 4.49299445166e-18, 3.88743455037e-18, 5.79173005192e-18, 6.68016669755e-18, 9.34584142111e-18, 7.89041299742e-18, 1.0938652964e-17, 1.01500719076e-17, 1.01785806874e-17, 1.0554892445e-17, 1.27014583946e-17, 1.01715248368e-17, 9.75674835348e-18, 9.13164713739e-18, 6.67925721247e-18, 3.91522409664e-18, 2.60463375743e-18, 9.88632102655e-19, 2.58419701963e-19, 2.83338020315e-20], "dvar2": [12.3869762421, 292.174407959, 789.966796875, 335.803344727, 103.385940552, 174.588272095, 497.470794678, 4697.72900391, 3355.00219727, 797.652832031, 684.186035156, 1049.01452637, 9009.08105469, 2120.50463867, 2348.97729492, 3505.81884766, 16743.1933594, 2874.47167969, 2592.00805664, 4067.11303711, 592.548217773, 1480.1315918, 685.890319824, 1498.41296387, 570.765197754, 225.459289551, 178.394836426, 156.299255371, 216.650634766, 162.248184204, 187.720458984, 56.911693573, 26.119342804, 5.22261190414, 2.2414393425, 0.863152086735, 0.31737869978, 0.0575082376599, 0.00334575190209, 3.79303673981e-06], "dvar": [7.6546049118, 122.454566956, 350.650787354, 123.731552124, 39.0751647949, 64.1856689453, 188.65776062, 1718.83813477, 1186.61071777, 341.683349609, 304.676818848, 462.928314209, 5303.92675781, 1007.64733887, 890.547424316, 1506.50720215, 7451.27929688, 1145.68981934, 978.203552246, 1580.91882324, 240.462127686, 515.44317627, 302.099456787, 515.887939453, 222.987579346, 89.6405792236, 70.2217178345, 66.039352417, 84.5722808838, 66.0546722412, 74.568939209, 22.7294769287, 10.4158706665, 2.2217977047, 0.936103582382, 0.351402312517, 0.126204624772, 0.0229210704565, 0.00132741266862, 1.48031824665e-06], "dmean": [1.68242442608, 5.53763151169, 6.16821527481, 2.8414041996, 2.13494944572, 3.61794114113, 5.19376659393, 12.0070724487, 12.722992897, 7.61537313461, 6.98288726807, 8.70501041412, 18.1882266998, 11.3343925476, 9.79835987091, 9.015209198, 18.6895713806, 8.95437812805, 9.04642391205, 11.1119194031, 4.01097536087, 5.40033531189, 3.83873081207, 5.03843402863, 3.98102259636, 3.20087552071, 3.37641525269, 4.09901428223, 4.33202171326, 3.98440885544, 3.69368171692, 2.11805820465, 1.3965960741, 0.707230448723, 0.437752783298, 0.256281226873, 0.142293781042, 0.0581718236208, 0.0134393181652, 0.000460034876596], "max": [23.5094661713, 94.2856063843, 170.320892334, 130.414611816, 108.271255493, 193.669677734, 327.988189697, 676.489013672, 496.337158203, 474.136657715, 520.561218262, 683.242858887, 1930.84228516, 842.59753418, 827.042541504, 1592.83398438, 3393.46166992, 1067.26660156, 500.423065186, 978.226074219, 635.115844727, 531.864868164, 711.665222168, 748.139160156, 396.497406006, 222.521408081, 193.020141602, 178.096832275, 149.465103149, 74.1949157715, 74.3896484375, 46.6970558167, 34.2247238159, 25.5584068298, 15.5399055481, 7.48824644089, 3.94325447083, 1.34215438366, 0.377774506807, 0.0140886362642], "var": [33.7099685669, 298.296447754, 873.195007324, 95.4390869141, 41.9967155457, 110.349906921, 240.962020874, 1423.37402344, 1349.51135254, 1047.75793457, 931.119995117, 1350.28088379, 18034.5136719, 2230.66992188, 1495.27294922, 3168.15356445, 17473.1875, 2515.21606445, 1153.80383301, 3265.15258789, 422.596038818, 1102.98010254, 762.852355957, 1020.03283691, 415.931335449, 201.926391602, 131.400375366, 108.906265259, 92.767906189, 67.4434585571, 63.1353607178, 19.9492206573, 9.62341690063, 2.65136814117, 1.05782616138, 0.334846019745, 0.111448541284, 0.0188264232129, 0.00103778403718, 1.18967261642e-06], "mean": [4.73411989212, 12.6120872498, 11.5960359573, 3.25463485718, 2.48859667778, 4.79690361023, 6.37208414078, 12.6956825256, 16.2920303345, 14.4536485672, 13.8681745529, 16.852312088, 35.728225708, 17.9954204559, 13.9697694778, 14.5162115097, 29.980052948, 14.2199554443, 11.1537885666, 16.2400360107, 6.24196100235, 8.83185863495, 6.42029094696, 7.74777126312, 5.7493724823, 4.5134062767, 4.18913412094, 4.52895736694, 4.16192960739, 3.68720912933, 3.07014226913, 1.78584551811, 1.221960783, 0.650477826595, 0.385094702244, 0.210598275065, 0.11200414598, 0.0444161705673, 0.00987748708576, 0.00044572915067]}, "spectral_strongpeak": {"dmean2": 0.458568811417, "median": 0.599236905575, "min": 0, "dvar2": 1.08541142941, "dvar": 0.450328588486, "dmean": 0.297611713409, "max": 14.5818872452, "var": 0.72990322113, "mean": 0.683250665665}, "spectral_energy": {"dmean2": 0.0611664839089, "median": 0.0829654932022, "min": 1.01065516931e-20, "dvar2": 0.00945215858519, "dvar": 0.00458462769166, "dmean": 0.044649194926, "max": 0.507889151573, "var": 0.0153378332034, "mean": 0.127043440938}, "average_loudness": 0.938559710979, "spectral_rolloff": {"dmean2": 675.692626953, "median": 107.666015625, "min": 43.06640625, "dvar2": 3713335.75, "dvar": 1804680, "dmean": 417.572998047, "max": 19552.1484375, "var": 5266176, "mean": 974.043762207}, "spectral_centroid": {"dmean2": 477.495605469, "median": 709.14630127, "min": 55.8528327942, "dvar2": 407719.75, "dvar": 190840.75, "dmean": 313.506378174, "max": 11453.2919922, "var": 918667.6875, "mean": 1022.69616699}, "pitch_salience": {"dmean2": 0.124051608145, "median": 0.259556561708, "min": 0.0072438842617, "dvar2": 0.0175618398935, "dvar": 0.00870726909488, "dmean": 0.0840594172478, "max": 0.951833367348, "var": 0.0677838176489, "mean": 0.339204072952}, "spectral_energyband_middle_high": {"dmean2": 0.00219407374971, "median": 0.000566751346923, "min": 1.10607326005e-21, "dvar2": 2.91379892587e-05, "dvar": 1.24501966638e-05, "dmean": 0.00144524779171, "max": 0.0965879634023, "var": 4.54290966445e-05, "mean": 0.00310462457128}, "spectral_contrast_coeffs": {"dmean2": [0.0889916867018, 0.0823580920696, 0.0638698264956, 0.054500747472, 0.0398978441954, 0.034474119544], "median": [-0.689000964165, -0.776625275612, -0.790399849415, -0.818046271801, -0.830218017101, -0.787799954414], "min": [-0.979153931141, -0.97797960043, -0.98147380352, -0.971242129803, -0.965843260288, -0.963820099831], "dvar2": [0.00612464360893, 0.00453269854188, 0.00268475967459, 0.00224088155665, 0.00141490495298, 0.00107022735756], "dvar": [0.00267284992151, 0.00167018570937, 0.00109258107841, 0.000894362863619, 0.000649581837934, 0.000435719121015], "dmean": [0.0564135201275, 0.0494577214122, 0.0396091714501, 0.0331709608436, 0.025313584134, 0.0218588598073], "max": [-0.287852495909, -0.469902694225, -0.49356096983, -0.476328879595, -0.515988409519, -0.572077155113], "var": [0.0105058755726, 0.00490743853152, 0.00551426131278, 0.00530479475856, 0.00492797791958, 0.00260963430628], "mean": [-0.680922210217, -0.768950998783, -0.779090583324, -0.799948871136, -0.81241184473, -0.790914773941]}, "melbands_skewness": {"dmean2": 4.2283911705, "median": 5.1774892807, "min": -2.23152542114, "dvar2": 30.5147457123, "dvar": 14.2454395294, "dmean": 2.97546458244, "max": 46.6564102173, "var": 58.2642784119, "mean": 7.42342615128}, "spectral_spread": {"dmean2": 1996767.5, "median": 4707247.5, "min": 340090.875, "dvar2": 5500462694400.0, "dvar": 2761590308860.0, "dmean": 1434977.625, "max": 44711260, "var": 12928589758500.0, "mean": 5292323}, "dissonance": {"dmean2": 0.0463012382388, "median": 0.466856449842, "min": 0.211293280125, "dvar2": 0.00197074352764, "dvar": 0.000732546672225, "dmean": 0.0274173449725, "max": 0.500000119209, "var": 0.0013774796389, "mean": 0.455921828747}, "spectral_skewness": {"dmean2": 0.902602851391, "median": 1.75393223763, "min": -0.0874818190932, "dvar2": 1.22327172756, "dvar": 0.50524866581, "dmean": 0.599978864193, "max": 12.3656482697, "var": 2.09428954124, "mean": 2.23255300522}, "spectral_flux": {"dmean2": 0.0995966494083, "median": 0.0744171962142, "min": 6.28477825337e-11, "dvar2": 0.0176854021847, "dvar": 0.00744296237826, "dmean": 0.0628436282277, "max": 0.587165951729, "var": 0.0111200138927, "mean": 0.10683041811}, "spectral_contrast_valleys": {"dmean2": [0.795104682446, 0.733724117279, 0.718976616859, 0.72066193819, 0.790817379951, 1.04422283173], "median": [-7.44004487991, -7.15147686005, -7.70484209061, -8.46883487701, -8.86152076721, -10.9300632477], "min": [-28.5701503754, -27.7941761017, -27.8003482819, -27.6018753052, -27.5121002197, -27.4387626648], "dvar2": [0.500671446323, 0.454303771257, 0.515552401543, 0.605077385902, 0.816751360893, 1.38501238823], "dvar": [0.250765681267, 0.234765455127, 0.256525039673, 0.303513795137, 0.393940627575, 0.633601009846], "dmean": [0.521041572094, 0.477082192898, 0.475523561239, 0.502772688866, 0.580675423145, 0.811638355255], "max": [-4.68585252762, -4.49070119858, -5.25885629654, -5.56133031845, -6.07614994049, -7.87152242661], "var": [6.04574632645, 4.13635158539, 3.21092987061, 3.6700463295, 3.86572623253, 4.34990262985], "mean": [-8.09685707092, -7.51284980774, -8.03915596008, -8.84126091003, -9.24868774414, -11.2344675064]}, "erbbands_flatness_db": {"dmean2": 0.050401084125, "median": 0.157959997654, "min": 0.029607469216, "dvar2": 0.00267697288655, "dvar": 0.00136518408544, "dmean": 0.0366597250104, "max": 0.431786745787, "var": 0.0074117956683, "mean": 0.176246732473}, "spectral_energyband_high": {"dmean2": 0.00103062344715, "median": 5.42325142305e-05, "min": 7.03960912762e-21, "dvar2": 4.42607006335e-06, "dvar": 1.81995733328e-06, "dmean": 0.000639955571387, "max": 0.0144253810868, "var": 2.03164768209e-06, "mean": 0.000620378938038}, "spectral_entropy": {"dmean2": 0.574879229069, "median": 7.28709936142, "min": 3.84648084641, "dvar2": 0.380716323853, "dvar": 0.190779447556, "dmean": 0.408906936646, "max": 9.81896591187, "var": 0.594636201859, "mean": 7.24465179443}, "silence_rate_20dB": {"dmean2": 0.0406166352332, "median": 1, "min": 0, "dvar2": 0.0500426180661, "dvar": 0.0198937486857, "dmean": 0.0203064419329, "max": 1, "var": 0.0161592364311, "mean": 0.983571767807}, "melbands_flatness_db": {"dmean2": 0.08106444031, "median": 0.356934130192, "min": 0.00418705726042, "dvar2": 0.00712934136391, "dvar": 0.00355445360765, "dmean": 0.0603963881731, "max": 0.804011523724, "var": 0.0215768106282, "mean": 0.362314969301}, "barkbands": {"dmean2": [0.00770457508042, 0.0499289222062, 0.00584477232769, 0.0013103436213, 0.00154126062989, 0.00200929725543, 0.00121745944489, 0.000520718866028, 0.000606458517723, 0.000780054950155, 0.000463724718429, 0.000330611946993, 0.000697686919011, 0.000213888735743, 0.000449118088, 0.00015301485837, 0.00015681021614, 0.000113919311843, 0.000143801589729, 0.000120792530652, 0.000149969331687, 0.000201483941055, 0.000190972496057, 0.00015152816195, 9.39064921113e-05, 0.000125072503579, 0.000107692889287], "median": [0.00064675451722, 0.0529016777873, 6.63647078909e-05, 3.76393290935e-05, 0.000216338958126, 0.000207654200494, 0.000202704934054, 8.83725224412e-05, 0.000154151057359, 0.000161001371453, 6.9875655754e-05, 3.66948770534e-05, 4.0917431761e-05, 1.9931469069e-05, 2.06411823456e-05, 1.22388810269e-05, 8.02887461759e-06, 6.80403900333e-06, 7.24968504073e-06, 6.41073847873e-06, 1.06506231532e-05, 1.09376815089e-05, 7.84171425039e-06, 5.50165486857e-06, 2.96996154248e-06, 1.52286690991e-06, 3.83746424859e-07], "min": [2.2132581324e-24, 1.20814067356e-24, 3.89530097971e-25, 3.20172530133e-24, 1.02006231036e-23, 8.82826387491e-24, 9.74516873796e-24, 9.38809006035e-24, 1.55601961585e-23, 2.15868678602e-23, 2.06138252885e-23, 3.84639331936e-23, 3.45694625886e-23, 4.41353981846e-23, 4.790713781e-23, 5.2996502339e-23, 4.96051640639e-23, 9.74869005527e-23, 1.51608425828e-22, 1.58567529542e-22, 2.4470821214e-22, 2.40041109076e-22, 4.54014719747e-22, 4.47933195391e-22, 8.95510759665e-22, 1.31649631507e-21, 2.12802996623e-21], "dvar2": [0.000167194200912, 0.0065787746571, 0.000375220697606, 2.46931103902e-05, 9.90051103145e-06, 3.80671262974e-05, 7.96507811174e-06, 1.79828816727e-06, 2.05721153179e-06, 6.7848859544e-06, 1.87701334653e-06, 1.54135523189e-06, 9.34360650717e-06, 5.72033286517e-07, 2.37417202698e-06, 3.41673143112e-07, 4.49883060583e-07, 2.75800829286e-07, 3.00046451684e-07, 1.20450124541e-07, 9.16716302868e-08, 1.66784971611e-07, 1.68605140516e-07, 1.1276446088e-07, 3.64891903359e-08, 8.48623358252e-08, 7.36587182359e-08], "dvar": [0.000111227549496, 0.003031544853, 0.000151127664139, 8.82516997081e-06, 3.7567497202e-06, 1.40087877298e-05, 2.87377997665e-06, 8.22544905077e-07, 8.87630619673e-07, 3.83952783523e-06, 7.33910098916e-07, 6.66147343509e-07, 4.02972682423e-06, 2.38279966425e-07, 9.16474448331e-07, 1.44457047213e-07, 1.54846034661e-07, 1.09169192797e-07, 1.11082677279e-07, 4.79265089837e-08, 3.83709810592e-08, 6.57705570006e-08, 6.86339802769e-08, 4.54137634165e-08, 1.54734731694e-08, 3.3989458359e-08, 2.93195956402e-08], "dmean": [0.0057679428719, 0.0358993299305, 0.00378921302035, 0.000744284712709, 0.000912953226361, 0.00117223954294, 0.000698728079442, 0.000339695252478, 0.000384052807931, 0.000563222914934, 0.000283175031655, 0.000205477670534, 0.000451204628916, 0.000132090775878, 0.000267964176601, 9.45130377659e-05, 9.5982933999e-05, 7.2212300438e-05, 8.80442894413e-05, 7.39212991903e-05, 9.47048611124e-05, 0.000123221892864, 0.000117880241305, 9.36929791351e-05, 5.80831256229e-05, 7.53647400416e-05, 6.43114472041e-05], "max": [0.106733091176, 0.458578884602, 0.122253462672, 0.035862326622, 0.0413676202297, 0.0699077993631, 0.0320864990354, 0.0248438771814, 0.0247999448329, 0.0488798506558, 0.0281908996403, 0.0324931368232, 0.0752738490701, 0.0119882244617, 0.0195940937847, 0.0108600603417, 0.0122442776337, 0.0137242367491, 0.00896705593914, 0.00512783182785, 0.00427821837366, 0.00289674894884, 0.00241032498889, 0.00216634897515, 0.00218716193922, 0.00199508643709, 0.00162515754346], "var": [0.000508692814037, 0.00956278759986, 0.000247630669037, 6.24713129582e-06, 6.62992079015e-06, 1.27385092128e-05, 4.51693904324e-06, 2.53376379078e-06, 2.52846598414e-06, 1.22485953398e-05, 1.2727966805e-06, 1.22971812289e-06, 9.02499141375e-06, 5.25672533058e-07, 1.45901719861e-06, 2.54099688846e-07, 3.20841365919e-07, 2.16483826421e-07, 2.22585100573e-07, 1.15924649435e-07, 7.34931049351e-08, 6.72271553981e-08, 6.40487414216e-08, 4.1762426406e-08, 1.83215593808e-08, 3.01333820119e-08, 2.31739445411e-08], "mean": [0.0166992601007, 0.0946683734655, 0.00592669798061, 0.000693292648066, 0.00121572660282, 0.00131053535733, 0.00101119233295, 0.000665651343297, 0.000722946948372, 0.00103731022682, 0.000402631208999, 0.000286387105007, 0.000688760366756, 0.00019363615138, 0.000327977759298, 0.000132733519422, 0.000149615792907, 0.000106153391243, 0.000130155007355, 0.00010484703671, 0.000111413814011, 0.00011524551519, 0.000103049394966, 8.11853897176e-05, 5.2329407481e-05, 5.97168182139e-05, 4.72956780868e-05]}, "erbbands_skewness": {"dmean2": 0.998071014881, "median": 0.448964297771, "min": -3.73312735558, "dvar2": 1.14771294594, "dvar": 0.543054401875, "dmean": 0.661862432957, "max": 10.9172000885, "var": 1.48161649704, "mean": 0.610929369926}, "erbbands_spread": {"dmean2": 27.5865097046, "median": 31.6433544159, "min": 1.46376812458, "dvar2": 1072.0559082, "dvar": 546.760070801, "dmean": 18.7520370483, "max": 177.865631104, "var": 1270.53540039, "mean": 42.5167198181}, "melbands_kurtosis": {"dmean2": 201.087341309, "median": 37.6661262512, "min": -1.72049248219, "dvar2": 187776.6875, "dvar": 77601.5078125, "dmean": 132.618164062, "max": 3604.60595703, "var": 138225.3125, "mean": 193.907699585}, "melbands": {"dmean2": [0.016236519441, 0.00680357404053, 0.000798089022283, 0.000324624532368, 0.000297896302072, 0.000451570