{"tonal": {"thpcp": [1, 0.524282097816, 0.337482482195, 0.22069939971, 0.207933649421, 0.451463729143, 0.470926821232, 0.337108939886, 0.433972090483, 0.360103547573, 0.232652455568, 0.390512913465, 0.424786686897, 0.538582861423, 0.935161590576, 0.778305530548, 0.30410939455, 0.180140212178, 0.201512426138, 0.360218524933, 0.798720896244, 0.86960798502, 0.475004345179, 0.316141366959, 0.28692305088, 0.28331977129, 0.444840580225, 0.478150844574, 0.376740187407, 0.598719954491, 0.64986371994, 0.318624764681, 0.141445398331, 0.143473833799, 0.29770976305, 0.870329678059], "hpcp": {"dmean2": [0.19111597538, 0.196744590998, 0.150599852204, 0.113703772426, 0.123590305448, 0.166172534227, 0.221499294043, 0.234426692128, 0.201100483537, 0.157268330455, 0.141087532043, 0.148916736245, 0.153596699238, 0.161150634289, 0.17237713933, 0.206916317344, 0.191123083234, 0.155028343201, 0.0892102718353, 0.0998103320599, 0.150433704257, 0.192912638187, 0.200391381979, 0.191805377603, 0.197291299701, 0.131190687418, 0.0979363024235, 0.13751809299, 0.141731828451, 0.127092778683, 0.119954966009, 0.120779298246, 0.115576773882, 0.138631433249, 0.167649418116, 0.195475921035], "median": [0.0654063820839, 0.0573391914368, 0.0184797681868, 0.0046974979341, 0.00480195134878, 0.0146716311574, 0.0648292303085, 0.0782584026456, 0.0327196009457, 0.006298141554, 0.00594393769279, 0.00832867529243, 0.0167143903673, 0.0179851353168, 0.0217804722488, 0.0307725649327, 0.0336374491453, 0.0115879829973, 0.00315595464781, 0.00307518662885, 0.0142841208726, 0.0770609676838, 0.0890538841486, 0.0364846438169, 0.00444194069132, 0.00343447830528, 0.00757969776168, 0.0271474421024, 0.0294210594147, 0.0199046526104, 0.00688059441745, 0.00494306348264, 0.010975509882, 0.0158216264099, 0.0239016413689, 0.0366511940956], "min": [0, 0, 0, 0, 0, 0, 0, 0, 0, 0, 0, 0, 0, 0, 0, 0, 0, 0, 0, 0, 0, 0, 0, 0, 0, 0, 0, 0, 0, 0, 0, 0, 0, 0, 0, 0], "dvar2": [0.0968307107687, 0.0870159491897, 0.0834211781621, 0.0713841468096, 0.0792580917478, 0.0887610018253, 0.109281778336, 0.111090794206, 0.104759328067, 0.0983896106482, 0.0892805531621, 0.095922395587, 0.087312810123, 0.0937107428908, 0.0933148190379, 0.114314481616, 0.0977235287428, 0.0978840067983, 0.0504423119128, 0.0655849203467, 0.0936718210578, 0.0888725444674, 0.0923159196973, 0.0872606784105, 0.150743246078, 0.0704353898764, 0.0560984201729, 0.0704518705606, 0.0683522075415, 0.0577649958432, 0.0633737370372, 0.0665489584208, 0.0639346539974, 0.0823471769691, 0.0947226881981, 0.094415538013], "dvar": [0.0388341769576, 0.0356457792222, 0.0299470517784, 0.0258723963052, 0.0288267098367, 0.033723320812, 0.0430583693087, 0.0455724522471, 0.0396772623062, 0.0362753123045, 0.0328276641667, 0.0354406908154, 0.034472219646, 0.0372153036296, 0.0350549742579, 0.0457212515175, 0.0417640991509, 0.0356398522854, 0.0187225006521, 0.0232208836824, 0.0337239019573, 0.0364489667118, 0.0410384610295, 0.0343240536749, 0.0587262846529, 0.0273143202066, 0.0208310931921, 0.0282633658499, 0.0283626075834, 0.0219908002764, 0.0260073021054, 0.0263731852174, 0.0234580915421, 0.0310414209962, 0.0351593159139, 0.0354399196804], "dmean": [0.112058050931, 0.117002338171, 0.0834218114614, 0.0621935762465, 0.067733310163, 0.0946500748396, 0.131295502186, 0.139869749546, 0.114717014134, 0.0877791047096, 0.0789326131344, 0.0821664109826, 0.0896558687091, 0.0943441390991, 0.0981228500605, 0.118728756905, 0.113432198763, 0.0868934318423, 0.0488984175026, 0.0533555150032, 0.0829196944833, 0.116307258606, 0.120712868869, 0.112401634455, 0.108576320112, 0.0729769766331, 0.0554424002767, 0.0812844336033, 0.0848062634468, 0.0741992741823, 0.0697591677308, 0.0690964534879, 0.0647581070662, 0.079833433032, 0.09433183074, 0.112848244607], "max": [1, 1, 1, 1, 1, 1, 1, 1, 1, 1, 1, 1, 1, 1, 1, 1, 1, 1, 1, 1, 1, 1, 1, 1, 1, 1, 1, 1, 1, 1, 1, 1, 1, 1, 1, 1], "var": [0.118450157344, 0.079684689641, 0.0277800187469, 0.0199520196766, 0.0233077760786, 0.0365817807615, 0.086288690567, 0.0948685705662, 0.0458176806569, 0.040374353528, 0.0363978147507, 0.032673984766, 0.0524743646383, 0.0593373738229, 0.0370346829295, 0.0703348070383, 0.0784333497286, 0.0342728421092, 0.0148159870878, 0.0162595286965, 0.0306587573141, 0.0926686376333, 0.116901673377, 0.0460923165083, 0.053034093231, 0.0250822473317, 0.0210003629327, 0.0499022267759, 0.0516593828797, 0.0264761727303, 0.0626733675599, 0.0459261648357, 0.0203209314495, 0.0439406856894, 0.044818289578, 0.0482402592897], "mean": [0.246288225055, 0.204977929592, 0.080091573298, 0.0474425069988, 0.0530711896718, 0.0948687121272, 0.210354611278, 0.229023739696, 0.125099211931, 0.0832603648305, 0.0755653008819, 0.0746163278818, 0.117155149579, 0.125927880406, 0.0992199331522, 0.157681494951, 0.171150937676, 0.083914399147, 0.0372516736388, 0.0377858914435, 0.0784061402082, 0.229213804007, 0.263364344835, 0.13807721436, 0.0888808518648, 0.0581243522465, 0.0547623112798, 0.118899449706, 0.124025329947, 0.0887824743986, 0.114292778075, 0.0948384329677, 0.0612723603845, 0.102847181261, 0.111873663962, 0.141843527555]}, "tuning_equal_tempered_deviation": 0.19006742537, "chords_changes_rate": 0.046141281724, "key_key": "A", "tuning_diatonic_strength": 0.594936311245, "key_scale": "major", "chords_number_rate": 0.00224581453949, "tuning_frequency": 434.193115234, "tuning_nontempered_energy_ratio": 0.947722971439, "chords_histogram": [27.9910163879, 2.47039604187, 16.7619438171, 0.265414446592, 0, 0, 0.530828893185, 0.204164966941, 1.24540627003, 0.163331970572, 0, 0, 0, 0, 0, 1.89873421192, 0.163331970572, 5.77786874771, 0.326663941145, 8.20743179321, 7.86035108566, 17.7623519897, 3.69538593292, 4.67537784576], "key_strength": 0.789096951485, "chords_key": "A", "chords_strength": {"dmean2": 0.00909904297441, "median": 0.521346867085, "min": 0.242031961679, "dvar2": 8.19952474558e-05, "dvar": 7.82309216447e-05, "dmean": 0.00992074329406, "max": 0.785335958004, "var": 0.00836102757603, "mean": 0.522830069065}, "chords_scale": "major", "hpcp_entropy": {"dmean2": 0.951235532761, "median": 1.75943374634, "min": 0, "dvar2": 0.685644984245, "dvar": 0.263511151075, "dmean": 0.564747989178, "max": 3.96462869644, "var": 0.547022163868, "mean": 1.72998309135}}, "metadata": {"audio_properties": {"equal_loudness": 0, "codec": "flac", "downmix": "mix", "sample_rate": 44100, "analysis_sample_rate": 44100, "bit_rate": 0, "md5_encoded": "f2480506d0e4c58711594c0aabd599f6", "length": 227.386672974, "replay_gain": -13.6827220917, "lossless": true}, "version": {"essentia_build_sha": "70f2e5ece6736b2c40cc944ad0e695b16b925413", "essentia": "2.1-beta2", "extractor": "music 1.0", "essentia_git_sha": "v2.1_beta2"}, "tags": {"title": ["Passport"], "media": ["CD"], "albumartist": ["Emi Meyer"], "tracktotal": ["9"], "releasetype": ["album"], "musicbrainz_recordingid": ["1713b181-3f07-41a7-8ec8-3747f15393ad"], "musicbrainz_albumartistid": ["a62e3e91-7f94-47cd-91f1-a547b79d51f4"], "musicbrainz_releasetrackid": ["4d40e1c5-0af7-4804-846e-b13904854eae"], "album": ["Passport"], "releasecountry": ["XW"], "date": ["2010"], "file_name": "03 - Passport.flac", "musicbrainz_releasegroupid": ["9c532fb7-e68e-48af-b33d-f47a0bd1c642"], "originaldate": ["2010"], "musicbrainz_albumid": ["5da21da8-3832-417d-a247-25c00f901ab3"], "artist": ["Emi Meyer"], "totaltracks": ["9"], "artistsort": ["Meyer, Emi"], "tracknumber": ["3"], "albumartistsort": ["Meyer, Emi"], "acoustid_id": ["ac5bc53a-4df9-48d0-a7a4-26660047620c"], "musicbrainz_artistid": ["a62e3e91-7f94-47cd-91f1-a547b79d51f4"], "releasestatus": ["official"]}}, "rhythm": {"bpm_histogram_first_peak_bpm": {"dmean2": 0, "median": 92, "min": 92, "dvar2": 0, "dvar": 0, "dmean": 0, "max": 92, "var": 0, "mean": 92}, "bpm": 91.4570236206, "bpm_histogram_second_peak_spread": {"dmean2": 0, "median": 0, "min": 0, "dvar2": 0, "dvar": 0, "dmean": 0, "max": 0, "var": 0, "mean": 0}, "bpm_histogram_first_peak_weight": {"dmean2": 0, "median": 0.444767445326, "min": 0.444767445326, "dvar2": 0, "dvar": 0, "dmean": 0, "max": 0.444767445326, "var": 0, "mean": 0.444767445326}, "onset_rate": 2.74840497971, "beats_position": [0.638548731804, 1.28870749474, 1.95047616959, 2.62385487556, 3.29723358154, 3.97061228752, 4.63238096237, 5.30575942993, 5.97913837433, 6.66412687302, 7.3491153717, 8.03410434723, 8.70748329163, 9.38086128235, 10.0426301956, 10.71600914, 11.3893871307, 12.051156044, 12.7013149261, 13.3630838394, 14.0248527527, 14.6750106812, 15.3251695633, 15.9753284454, 16.6254863739, 17.298866272, 17.9490242004, 18.6107940674, 19.2609519958, 19.9343299866, 20.6077098846, 21.3043079376, 21.9892959595, 22.6858959198, 23.3941040039, 24.102312088, 24.8105201721, 25.5071201324, 26.1921081543, 26.8770961761, 27.5620861053, 28.2586841583, 28.932062149, 29.6054420471, 30.2788200378, 30.9521980286, 31.6255779266, 32.2989578247, 32.9723358154, 33.6341018677, 34.2958717346, 34.9576416016, 35.6194114685, 36.269569397, 36.9197273254, 37.5698852539, 38.2432632446, 38.9050331116, 39.5668029785, 40.216960907, 40.8787307739, 41.5404968262, 42.2022666931, 42.8640365601, 43.5490226746, 44.22240448, 44.8957824707, 45.5575485229, 46.2309303284, 46.9043083191, 47.5660743713, 48.2162361145, 48.8780021667, 49.5049438477, 50.1551017761, 50.8052597046, 51.4321975708, 52.0823554993, 52.7325172424, 53.3826751709, 54.0212249756, 54.6713829041, 55.3099327087, 55.9600906372, 56.6102485657, 57.2604064941, 57.9105644226, 58.5607261658, 59.2108840942, 59.8610420227, 60.5111999512, 61.1613578796, 61.8115196228, 62.4616775513, 63.1118354797, 63.7619934082, 64.4005432129, 65.0507049561, 65.7124710083, 66.3626327515, 67.0127868652, 67.6629486084, 68.3363265991, 69.0097045898, 69.6714706421, 70.3100204468, 70.9601821899, 71.6103363037, 72.2604980469, 72.8990478516, 73.5492019653, 74.18775177, 74.8379135132, 75.4648513794, 76.1150131226, 76.7419509888, 77.403717041, 78.0654830933, 78.738861084, 79.4122467041, 80.0856246948, 80.7357788086, 81.3859405518, 82.047706604, 82.7094802856, 83.3596343994, 84.0097961426, 84.6367340088, 85.3101119995, 85.9834899902, 86.6220397949, 87.2605895996, 87.8991394043, 88.537689209, 89.1646270752, 89.7915649414, 90.4301147461, 91.0918807983, 91.7536468506, 92.4154205322, 93.0887985229, 93.7505645752, 94.4123306274, 95.0624923706, 95.7358703613, 96.3976364136, 97.0942382812, 97.7792282104, 98.4409942627, 99.1027679443, 99.7645339966, 100.449523926, 101.122901917, 101.796279907, 102.44644165, 103.108207703, 103.769973755, 104.443351746, 105.116729736, 105.790107727, 106.463493347, 107.125259399, 107.787025452, 108.448799133, 109.087341309, 109.74911499, 110.410881042, 111.061042786, 111.734420776, 112.396186829, 113.05796051, 113.708114624, 114.358276367, 115.031654358, 115.705032349, 116.366798401, 117.028572083, 117.701950073, 118.375328064, 119.037094116, 119.698867798, 120.337409973, 120.975959778, 121.626121521, 122.253059387, 122.891609192, 123.530158997, 124.168708801, 124.807250977, 125.434196472, 126.061134338, 126.688072205, 127.315010071, 127.965164185, 128.615325928, 129.253875732, 129.892425537, 130.54258728, 131.192733765, 131.842895508, 132.481445312, 133.119995117, 133.77015686, 134.408706665, 135.04725647, 135.674194336, 136.301132202, 136.939682007, 137.58984375, 138.228393555, 138.878540039, 139.528701782, 140.178863525, 140.829025269, 141.455963135, 142.082901001, 142.721450806, 143.371612549, 144.010162354, 144.63710022, 145.264038086, 145.902587891, 146.541137695, 147.168075562, 147.795013428, 148.433563232, 149.060501099, 149.687438965, 150.32598877, 150.976135254, 151.626296997, 152.264846802, 152.903396606, 153.55355835, 154.215332031, 154.888702393, 155.562088013, 156.223846436, 156.874008179, 157.53578186, 158.197555542, 158.847702026, 159.49786377, 160.159637451, 160.809799194, 161.459945679, 162.098495483, 162.748657227, 163.39881897, 164.048980713, 164.699142456, 165.34928894, 165.999450684, 166.661224365, 167.322982788, 167.98475647, 168.646530151, 169.296691895, 169.946838379, 170.585388184, 171.247161865, 171.897323608, 172.55909729, 173.220855713, 173.871017456, 174.544403076, 175.194549561, 175.856323242, 176.518096924, 177.179855347, 177.83001709, 178.480178833, 179.118728638, 179.768890381, 180.407440186, 181.034378052, 181.661315918, 182.299865723, 182.926803589, 183.576965332, 184.227111816, 184.865661621, 185.515823364, 186.154373169, 186.792922974, 187.431472778, 188.058410645, 188.696960449, 189.323898315, 189.96244812, 190.589385986, 191.227935791, 191.866485596, 192.5050354, 193.131973267, 193.770523071, 194.397460938, 195.024398804, 195.65133667, 196.278274536, 196.905212402, 197.543762207, 198.182312012, 198.809249878, 199.459411621, 200.097961426, 200.73651123, 201.375045776, 202.013595581, 202.640533447, 203.267486572, 203.894424438, 204.521362305, 205.148300171, 205.775238037, 206.402175903, 207.02911377, 207.656051636, 208.282989502, 208.886703491, 209.513641357, 210.128982544, 210.76751709, 211.394470215, 212.033004761, 212.671554565, 213.31010437, 213.948654175, 214.587203979, 215.225753784, 215.864303589, 216.502853394, 217.187835693, 217.88444519, 218.650695801, 219.405349731, 220.218048096, 221.03074646, 221.831832886, 222.621307373, 223.457229614, 224.293151855, 225.129058838, 225.964981079, 226.80090332], "beats_loudness": {"dmean2": 0.0476589649916, "median": 0.0449744835496, "min": 3.50229889534e-08, "dvar2": 0.00158975180238, "dvar": 0.000551786099095, "dmean": 0.0265433900058, "max": 0.147800430655, "var": 0.000830848293845, "mean": 0.0460815802217}, "danceability": 1.02091443539, "bpm_histogram_second_peak_weight": {"dmean2": 0, "median": 0.0261627919972, "min": 0.0261627919972, "dvar2": 0, "dvar": 0, "dmean": 0, "max": 0.0261627919972, "var": 0, "mean": 0.0261627919972}, "beats_count": 345, "bpm_histogram_second_peak_bpm": {"dmean2": 0, "median": 86, "min": 86, "dvar2": 0, "dvar": 0, "dmean": 0, "max": 86, "var": 0, "mean": 86}, "bpm_histogram_first_peak_spread": {"dmean2": 0, "median": 0.524844706059, "min": 0.524844706059, "dvar2": 0, "dvar": 0, "dmean": 0, "max": 0.524844706059, "var": 0, "mean": 0.524844706059}, "beats_loudness_band_ratio": {"dmean2": [0.514041483402, 0.325380861759, 0.323786824942, 0.176124766469, 0.0381636954844, 0.0614641197026], "median": [0.392891079187, 0.241910725832, 0.132242828608, 0.0486726127565, 0.0169060453773, 0.00944242998958], "min": [0.000573354947846, 0.000702482589986, 0.0016700855922, 0.000475606153486, 0.000184885488125, 0.0001121359237], "dvar2": [0.135426431894, 0.0665120854974, 0.0835287570953, 0.0455837100744, 0.000991531880572, 0.00590389873832], "dvar": [0.0471328794956, 0.0255660377443, 0.0292443986982, 0.016582030803, 0.000376497249817, 0.00203052884899], "dmean": [0.283263415098, 0.189753517509, 0.183739349246, 0.0964445322752, 0.0211553573608, 0.0333955027163], "max": [0.984611332417, 0.985639154911, 0.95785266161, 0.819891989231, 0.0981187969446, 0.265921920538], "var": [0.08129799366, 0.0402570255101, 0.0324366241693, 0.0158477090299, 0.000469231308671, 0.00152426178101], "mean": [0.422819942236, 0.285099744797, 0.199841529131, 0.0928402543068, 0.0232676267624, 0.0258301328868]}}, "lowlevel": {"barkbands_spread": {"dmean2": 4.15551042557, "median": 8.61307525635, "min": 0.196895226836, "dvar2": 48.2807312012, "dvar": 24.0311737061, "dmean": 2.7513923645, "max": 116.591087341, "var": 87.5720748901, "mean": 10.8464860916}, "melbands_spread": {"dmean2": 4.1993727684, "median": 9.63162708282, "min": 0.377952933311, "dvar2": 51.2956390381, "dvar": 25.6371364594, "dmean": 2.76960992813, "max": 251.412536621, "var": 100.897789001, "mean": 11.8101062775}, "hfc": {"dmean2": 5.36629295349, "median": 10.1897754669, "min": 1.08316224102e-16, "dvar2": 64.3780670166, "dvar": 34.6106834412, "dmean": 3.89283204079, "max": 94.8063735962, "var": 241.550338745, "mean": 15.5858030319}, "barkbands_kurtosis": {"dmean2": 6.79799699783, "median": 4.83623361588, "min": -1.91945421696, "dvar2": 215.087112427, "dvar": 90.2637176514, "dmean": 4.26175785065, "max": 348.206420898, "var": 464.409942627, "mean": 9.98225307465}, "gfcc": {"mean": [-55.9435958862, 123.374504089, -88.6697616577, 3.26995587349, -49.9612388611, 3.27642464638, -29.5801296234, 2.92963767052, -18.9623146057, 0.713982999325, -12.8638887405, -4.33939218521, -4.58582353592], "icov": [[9.63246566243e-05, -2.87313323497e-05, 0.000221212598262, -0.000116127972433, 9.90624466795e-05, -0.000219108580495, 0.000214013896766, -0.000197400251636, 0.000337941048201, -0.000367288099369, 0.000273156008916, -0.000181023686309, 0.000227398370043], [-2.87313323497e-05, 0.00124849018175, -0.000296928483294, 0.000794015824795, -0.00103870697785, 0.000285920948954, -9.35361313168e-05, 0.000586365640629, -0.00158846355043, 0.00164954352658, -0.00193769088946, 0.00190657156054, -0.00131315959152], [0.000221212598262, -0.000296928483294, 0.00194643891882, -0.00090774637647, 0.000172428917722, -0.00122635625303, 0.000685623381287, -0.00078225042671, 0.000599966617301, -0.00183428858873, 0.00183379370719, -0.00200293236412, 0.00201722001657], [-0.000116127972433, 0.000794015824795, -0.00090774637647, 0.00354792946018, -0.00107973080594, 0.000743180338759, -0.000648102839477, -1.04461423689e-06, -0.00163528125267, 0.000783566676546, -0.000962687190622, 0.0008553477237, -0.00104894419201], [9.90624466795e-05, -0.00103870697785, 0.000172428917722, -0.00107973080594, 0.00530757941306, -0.0013966812985, -0.000419992866227, -0.000647299573757, 0.000458233611425, -0.000996898394078, 0.00184260448441, -0.00132344570011, 0.000717868446372], [-0.000219108580495, 0.000285920948954, -0.00122635625303, 0.000743180338759, -0.0013966812985, 0.00640133954585, -0.00238134898245, 6.55192852719e-05, 0.000361384241842, 0.000619637547061, -0.00103485141881, 0.00144478096627, -0.00105138821527], [0.000214013896766, -9.35361313168e-05, 0.000685623381287, -0.000648102839477, -0.000419992866227, -0.00238134898245, 0.00588764669374, -0.00148962100502, -0.000874587567523, 0.000335113378242, 0.000438095594291, 0.000108792512037, 0.00057511968771], [-0.000197400251636, 0.000586365640629, -0.00078225042671, -1.04461423689e-06, -0.000647299573757, 6.55192852719e-05, -0.00148962100502, 0.00925820879638, -0.00330691644922, 0.00163036433514, -0.000265783077339, 0.00135156151373, -0.000982166850008], [0.000337941048201, -0.00158846355043, 0.000599966617301, -0.00163528125267, 0.000458233611425, 0.000361384241842, -0.000874587567523, -0.00330691644922, 0.0133102769032, -0.00529373902828, 0.00326718366705, -0.00122912274674, 0.000780610891525], [-0.000367288099369, 0.00164954352658, -0.00183428858873, 0.000783566676546, -0.000996898394078, 0.000619637547061, 0.000335113378242, 0.00163036433514, -0.00529373902828, 0.0164350550622, -0.0072333458811, 0.00189269590192, -0.00168180419132], [0.000273156008916, -0.00193769088946, 0.00183379370719, -0.000962687190622, 0.00184260448441, -0.00103485141881, 0.000438095594291, -0.000265783077339, 0.00326718366705, -0.0072333458811, 0.0159743931144, -0.00656275823712, 0.00115139514674], [-0.000181023686309, 0.00190657156054, -0.00200293236412, 0.0008553477237, -0.00132344570011, 0.00144478096627, 0.000108792512037, 0.00135156151373, -0.00122912274674, 0.00189269590192, -0.00656275823712, 0.0176842976362, -0.00671947002411], [0.000227398370043, -0.00131315959152, 0.00201722001657, -0.00104894419201, 0.000717868446372, -0.00105138821527, 0.00057511968771, -0.000982166850008, 0.000780610891525, -0.00168180419132, 0.00115139514674, -0.00671947002411, 0.0171184893698]], "cov": [[18264.2304688, -1450.28686523, -1599.56506348, -82.1114120483, -525.866516113, 38.1197662354, -616.128295898, -20.0465106964, -521.886474609, 169.504257202, -25.4170780182, 38.8959503174, -69.0388946533], [-1450.28686523, 1819.10388184, -151.181304932, -237.455505371, 246.834121704, 15.3228960037, 104.358161926, -28.0358066559, 146.396209717, -96.6201095581, 91.9663238525, -112.436805725, 81.0606994629], [-1599.56506348, -151.181304932, 1104.27331543, 248.199630737, 116.768112183, 136.463989258, 56.8353271484, 82.3237838745, 70.325302124, 63.1731796265, -67.8489685059, 49.5454292297, -71.956817627], [-82.1114120483, -237.455505371, 248.199630737, 422.321136475, 66.6008605957, 25.0848884583, 54.2796020508, 55.6446304321, 48.3094482422, 26.5054416656, -27.1895008087, 16.8394012451, -11.5375118256], [-525.866516113, 246.834121704, 116.768112183, 66.6008605957, 285.791046143, 78.1861038208, 87.3985061646, 36.9216156006, 48.6160011292, -9.0340795517, -19.4889469147, -12.6777477264, 1.47078239918], [38.1197662354, 15.3228960037, 136.463989258, 25.0848884583, 78.1861038208, 231.047515869, 96.1558074951, 33.2940673828, 6.51554679871, 0.434222340584, -14.1845207214, -11.0470438004, -7.91972923279], [-616.128295898, 104.358161926, 56.8353271484, 54.2796020508, 87.3985061646, 96.1558074951, 264.209320068, 58.0332374573, 53.6148071289, -18.6460399628, -19.0605163574, -23.5022563934, -2.70775103569], [-20.0465106964, -28.0358066559, 82.3237838745, 55.6446304321, 36.9216156006, 33.2940673828, 58.0332374573, 143.458221436, 42.0611534119, -1.74561452866, -23.3659610748, -9.53990840912, -5.6604809761], [-521.886474609, 146.396209717, 70.325302124, 48.3094482422, 48.6160011292, 6.51554679871, 53.6148071289, 42.0611534119, 127.823791504, 15.9490003586, -7.79928922653, -10.090470314, 4.11114311218], [169.504257202, -96.6201095581, 63.1731796265, 26.5054416656, -9.0340795517, 0.434222340584, -18.6460399628, -1.74561452866, 15.9490003586, 95.9243011475, 29.3556175232, 19.1838703156, -0.299184858799], [-25.4170780182, 91.9663238525, -67.8489685059, -27.1895008087, -19.4889469147, -14.1845207214, -19.0605163574, -23.3659610748, -7.79928922653, 29.3556175232, 107.071304321, 28.8315601349, 20.322599411], [38.8959503174, -112.436805725, 49.5454292297, 16.8394012451, -12.6777477264, -11.0470438004, -23.5022563934, -9.53990840912, -10.090470314, 19.1838703156, 28.8315601349, 91.1175231934, 22.3188781738], [-69.0388946533, 81.0606994629, -71.956817627, -11.5375118256, 1.47078239918, -7.91972923279, -2.70775103569, -5.6604809761, 4.11114311218, -0.299184858799, 20.322599411, 22.3188781738, 79.7190704346]]}, "spectral_energyband_middle_low": {"dmean2": 0.0085333334282, "median": 0.0130252204835, "min": 1.97053099612e-22, "dvar2": 0.000177148584044, "dvar": 7.46374571463e-05, "dmean": 0.0054865940474, "max": 0.11019821465, "var": 0.000198636640562, "mean": 0.0161754768342}, "melbands_crest": {"dmean2": 4.64153671265, "median": 14.0961532593, "min": 1.71716547012, "dvar2": 20.6808662415, "dvar": 8.5355463028, "dmean": 2.90836024284, "max": 35.4725723267, "var": 34.3617515564, "mean": 15.3329401016}, "spectral_kurtosis": {"dmean2": 6.101790905, "median": 9.65018844604, "min": -1.32999312878, "dvar2": 74.5695037842, "dvar": 28.2440605164, "dmean": 3.71006941795, "max": 111.722244263, "var": 126.35925293, "mean": 13.0231180191}, "spectral_rms": {"dmean2": 0.00114822178148, "median": 0.00491291331127, "min": 3.12522425473e-12, "dvar2": 2.65206062977e-06, "dvar": 1.21221023619e-06, "dmean": 0.000755166634917, "max": 0.0135042946786, "var": 5.57800694878e-06, "mean": 0.0048997416161}, "zerocrossingrate": {"dmean2": 0.00726692331955, "median": 0.03076171875, "min": 0.00244140625, "dvar2": 0.000138211398735, "dvar": 0.00011809298303, "dmean": 0.00613111304119, "max": 0.521484375, "var": 0.00102965452243, "mean": 0.0367581956089}, "silence_rate_60dB": {"dmean2": 0.0171568635851, "median": 0, "min": 0, "dvar2": 0.018700633198, "dvar": 0.00850427802652, "dmean": 0.00857755541801, "max": 1, "var": 0.0881681442261, "mean": 0.0977128818631}, "erbbands_kurtosis": {"dmean2": 2.53138780594, "median": 1.45630741119, "min": -1.83184981346, "dvar2": 24.3610572815, "dvar": 11.0308456421, "dmean": 1.65202867985, "max": 190.337921143, "var": 37.2954483032, "mean": 2.92687606812}, "erbbands": {"dmean2": [0.223533406854, 1.56186079979, 3.65235042572, 4.34199285507, 9.62770843506, 13.0607938766, 18.1988201141, 17.4074764252, 18.1031455994, 25.2188014984, 43.518611908, 40.8688354492, 17.8749923706, 28.1038036346, 27.3549766541, 13.9877882004, 12.1711864471, 14.5329828262, 12.8738908768, 7.89316225052, 4.93048524857, 4.23312473297, 4.24418640137, 3.14808082581, 2.10060811043, 3.04391264915, 2.5116956234, 1.62421512604, 1.11467194557, 0.867844223976, 0.845045387745, 0.621069073677, 0.312637478113, 0.273365855217, 0.150453403592, 0.0800428837538, 0.026217026636, 0.00821657851338, 0.00168199965265, 0.000145264595631], "median": [0.0426182746887, 0.430659472942, 0.995098352432, 1.53883528709, 5.04699039459, 8.46531486511, 13.9753770828, 9.74979019165, 7.39334487915, 9.76472663879, 14.9474391937, 13.8126726151, 7.88077831268, 10.7914447784, 8.28134822845, 4.57485485077, 4.08286952972, 6.51610183716, 4.60747051239, 3.85982060432, 2.53203868866, 1.76463484764, 1.69585251808, 1.00604271889, 0.877207756042, 0.977700650692, 0.779912650585, 0.421970874071, 0.155750229955, 0.136906206608, 0.199915736914, 0.147033810616, 0.0689318627119, 0.066324532032, 0.0301351677626, 0.0104410629719, 0.00395064614713, 0.00141345860902, 0.000281460525002, 5.77384635108e-05], "min": [3.93179155132e-22, 1.75811625033e-21, 2.62094337935e-21, 1.43908084678e-20, 2.0882361972e-20, 3.98625284214e-20, 6.58673646642e-20, 1.34310750702e-19, 2.08853139728e-19, 2.30986308646e-19, 3.23417486546e-19, 5.42304986264e-19, 8.08258339053e-19, 9.72789215781e-19, 1.64602127998e-18, 1.83163409539e-18, 2.63661442107e-18, 2.28729666877e-18, 3.11237893091e-18, 4.87182621501e-18, 3.28027632933e-18, 4.94732671183e-18, 7.36211341969e-18, 8.67806347568e-18, 8.77813744054e-18, 7.84987783868e-18, 9.91629743157e-18, 1.30962022178e-17, 1.23939482116e-17, 1.18084904536e-17, 1.08590252495e-17, 1.2432049805e-17, 9.89525478396e-18, 8.83260976542e-18, 7.52478675896e-18, 3.708270952e-18, 2.75954834935e-18, 9.65692936703e-19, 2.67622448169e-19, 2.91206705139e-20], "dvar2": [0.42535468936, 17.1683883667, 128.469955444, 136.4815979, 610.092041016, 613.031433105, 1052.8215332, 1554.26403809, 2708.08569336, 4475.04492188, 19347.921875, 18608.6289062, 3522.14575195, 8837.3046875, 7289.26855469, 2250.6809082, 1924.17077637, 1314.78283691, 1136.35717773, 626.03503418, 183.173477173, 241.771759033, 121.161010742, 84.2547454834, 32.0633506775, 61.2424926758, 60.9102210999, 38.2897377014, 16.8445167542, 15.3036842346, 12.5580530167, 8.75106143951, 1.9879142046, 1.55605113506, 0.468120008707, 0.121327035129, 0.00880741048604, 0.000639840378426, 2.53801808867e-05, 1.94809899767e-07], "dvar": [0.194660440087, 6.26496171951, 44.5660133362, 48.2919158936, 220.691818237, 242.297912598, 416.706481934, 746.075805664, 1293.70263672, 2409.30126953, 9837.57128906, 8558.98339844, 2124.46923828, 5201.49316406, 4696.72167969, 1437.44519043, 1164.84509277, 812.124572754, 533.169250488, 343.660217285, 83.6756057739, 112.064048767, 64.7557830811, 40.0993461609, 14.1241493225, 28.6199836731, 27.9215126038, 16.684967041, 8.25933551788, 7.38964605331, 6.9414305687, 4.46923780441, 1.1136687994, 0.943861842155, 0.29639056325, 0.0652523487806, 0.00498330313712, 0.000336233555572, 1.25665392261e-05, 9.54030596745e-08], "dmean": [0.145716711879, 0.931383371353, 2.08546233177, 2.46877813339, 5.69239234924, 8.07836151123, 11.5562114716, 11.6511478424, 11.807595253, 17.1539936066, 30.3693256378, 27.2805042267, 13.2560901642, 20.8876972198, 21.0257987976, 10.4871244431, 8.71956157684, 10.0994787216, 8.48871612549, 5.38396406174, 3.14150428772, 2.75596570969, 2.87807512283, 2.09756541252, 1.37865805626, 2.03651833534, 1.71274209023, 1.10544168949, 0.767813324928, 0.615752696991, 0.601697802544, 0.443417817354, 0.227424234152, 0.195331305265, 0.11043420434, 0.0580277442932, 0.0196811687201, 0.00603451998904, 0.00117224059068, 0.000100080644188], "max": [6.24982023239, 34.2139816284, 80.3407592773, 93.2775268555, 231.925109863, 305.032470703, 405.51852417, 821.180603027, 1215.4798584, 1424.15734863, 2499.26513672, 2430.16796875, 1631.43469238, 2787.30688477, 2063.78442383, 1346.79516602, 1617.8762207, 1015.98516846, 575.13458252, 867.045166016, 454.313446045, 534.404418945, 320.751251221, 210.456695557, 91.0387115479, 160.444046021, 138.855377197, 123.829063416, 64.2917785645, 95.8656768799, 162.524734497, 110.994895935, 36.5096664429, 33.1401824951, 21.9027843475, 11.0695753098, 2.72670245171, 0.411046147346, 0.090459600091, 0.00680074794218], "var": [0.244583293796, 6.55509233475, 35.236366272, 43.6985816956, 206.588775635, 390.942596436, 1066.26000977, 3226.14306641, 3870.11669922, 8148.75976562, 23823.2910156, 25994.9023438, 10595.8076172, 24154.40625, 34478.1132812, 7770.48046875, 7297.09130859, 3703.51245117, 1859.58996582, 1536.13220215, 242.544265747, 288.776306152, 248.061767578, 104.281417847, 30.2160816193, 66.513092041, 60.0714454651, 28.6605262756, 17.8546657562, 16.9167232513, 20.9437065125, 10.1204195023, 2.85339784622, 2.63283014297, 0.801123797894, 0.15249222517, 0.0133938780054, 0.000922625767998, 3.44321415469e-05, 2.52655382837e-07], "mean": [0.198901191354, 1.34665131569, 2.76767110825, 3.74804162979, 8.84586620331, 14.4611349106, 24.9158649445, 28.097278595, 22.9882144928, 35.1257705688, 60.9811058044, 66.0316467285, 32.5141906738, 50.9550895691, 59.5669021606, 24.4409179688, 21.5989646912, 22.2187252045, 18.4653320312, 11.9748306274, 6.92361211777, 5.62247848511, 6.05697107315, 4.01149892807, 2.83085942268, 4.01047134399, 3.32416677475, 1.96528029442, 1.35067713261, 1.08079862595, 1.13666188717, 0.838257551193, 0.439459741116, 0.386332184076, 0.213789656758, 0.111185289919, 0.0391017757356, 0.0116696003824, 0.00225327746011, 0.00021061571897]}, "spectral_strongpeak": {"dmean2": 0.796870291233, "median": 0.579498052597, "min": 0, "dvar2": 1.33070778847, "dvar": 0.635191559792, "dmean": 0.504827976227, "max": 9.43560409546, "var": 3.06114006042, "mean": 1.38011181355}, "spectral_energy": {"dmean2": 0.0149819897488, "median": 0.0247401334345, "min": 1.00112029716e-20, "dvar2": 0.000650329748169, "dvar": 0.000276143895462, "dmean": 0.0096041848883, "max": 0.186925113201, "var": 0.000646932923701, "mean": 0.0303250867873}, "average_loudness": 0.827650547028, "spectral_rolloff": {"dmean2": 317.520690918, "median": 581.396484375, "min": 43.06640625, "dvar2": 887349.875, "dvar": 386366.8125, "dmean": 187.046707153, "max": 19336.8164062, "var": 1133776.25, "mean": 755.992797852}, "spectral_centroid": {"dmean2": 165.891906738, "median": 611.939575195, "min": 148.78692627, "dvar2": 85378.9140625, "dvar": 41835.1679688, "dmean": 109.643547058, "max": 11454.7177734, "var": 278962.84375, "mean": 709.968566895}, "pitch_salience": {"dmean2": 0.101260192692, "median": 0.527430057526, "min": 0.0565838329494, "dvar2": 0.00954055227339, "dvar": 0.00388494087383, "dmean": 0.0628171563148, "max": 0.861940979958, "var": 0.0154807828367, "mean": 0.520257890224}, "spectral_energyband_middle_high": {"dmean2": 0.00182353355922, "median": 0.00143464107532, "min": 1.22747423282e-21, "dvar2": 1.44727409861e-05, "dvar": 9.19086505746e-06, "dmean": 0.00141594558954, "max": 0.0723874568939, "var": 8.19898050395e-05, "mean": 0.00492245238274}, "spectral_contrast_coeffs": {"dmean2": [0.0725013539195, 0.0685633271933, 0.0510238558054, 0.043673414737, 0.0319605842233, 0.0232921410352], "median": [-0.645544350147, -0.696426153183, -0.73229688406, -0.760907173157, -0.797522306442, -0.795326471329], "min": [-0.972921848297, -0.971865952015, -0.971031665802, -0.967854738235, -0.965560436249, -0.963213920593], "dvar2": [0.00426944764331, 0.00352572533302, 0.00188056007028, 0.00136969739106, 0.000797035114374, 0.000528582022525], "dvar": [0.00167077116203, 0.00149092881475, 0.000929797475692, 0.000628101581242, 0.000384393177228, 0.000240251625655], "dmean": [0.0449698008597, 0.0427187271416, 0.0332012586296, 0.0282341782004, 0.0207787007093, 0.0150297861546], "max": [-0.313763350248, -0.296672850847, -0.394129812717, -0.494594544172, -0.576930880547, -0.556184351444], "var": [0.00900437775999, 0.00824930239469, 0.00816661678255, 0.00492876861244, 0.00299563142471, 0.00159877352417], "mean": [-0.644554972649, -0.689177572727, -0.716135025024, -0.753683686256, -0.792152643204, -0.794646501541]}, "melbands_skewness": {"dmean2": 0.945599317551, "median": 2.09280395508, "min": -1.59040355682, "dvar2": 1.52599263191, "dvar": 0.678599119186, "dmean": 0.623919546604, "max": 16.3828163147, "var": 3.87355732918, "mean": 2.3177318573}, "spectral_spread": {"dmean2": 675033.125, "median": 3460093.5, "min": 809476.625, "dvar2": 1228484247550.0, "dvar": 682474012672, "dmean": 472923.09375, "max": 42599924, "var": 5456389996540.0, "mean": 3930636}, "dissonance": {"dmean2": 0.0492469109595, "median": 0.436112463474, "min": 0.180996194482, "dvar2": 0.00221715820953, "dvar": 0.000816594925709, "dmean": 0.0292491205037, "max": 0.4999332726, "var": 0.00255895173177, "mean": 0.424864113331}, "spectral_skewness": {"dmean2": 0.53980910778, "median": 2.47813773155, "min": -0.186501771212, "dvar2": 0.389662355185, "dvar": 0.16378878057, "dmean": 0.341523677111, "max": 8.46232509613, "var": 1.11053156853, "mean": 2.67947268486}, "spectral_flux": {"dmean2": 0.0428211800754, "median": 0.0569787099957, "min": 6.64813482043e-11, "dvar2": 0.00307776685804, "dvar": 0.00139747234061, "dmean": 0.0271663479507, "max": 0.375521659851, "var": 0.00335759250447, "mean": 0.0719792917371}, "spectral_contrast_valleys": {"dmean2": [0.543249547482, 0.504214823246, 0.440602630377, 0.416372448206, 0.386695325375, 0.322464823723], "median": [-7.02891635895, -6.59605979919, -7.5319852829, -8.33970832825, -8.5635175705, -11.0098056793], "min": [-27.8527965546, -27.6967430115, -27.837064743, -27.5176315308, -27.5571403503, -27.3941383362], "dvar2": [0.260994911194, 0.207225814462, 0.156514853239, 0.185787558556, 0.22125326097, 0.211386591196], "dvar": [0.11850990355, 0.090222530067, 0.0757789313793, 0.0944406613708, 0.118493713439, 0.125875398517], "dmean": [0.335405796766, 0.30743855238, 0.275223970413, 0.270042002201, 0.268493920565, 0.245272904634], "max": [-5.06533718109, -4.81877565384, -5.57766914368, -5.629778862, -5.9416680336, -7.7198638916], "var": [1.99988055229, 2.20510625839, 2.26053667068, 2.22477889061, 2.35061168671, 2.36460781097], "mean": [-7.28709840775, -6.91652965546, -7.8877620697, -8.71190643311, -8.85663127899, -11.2438049316]}, "erbbands_flatness_db": {"dmean2": 0.0239306632429, "median": 0.193923905492, "min": 0.0373681522906, "dvar2": 0.000716249865945, "dvar": 0.000415193411754, "dmean": 0.0173167474568, "max": 0.456227958202, "var": 0.00439828401431, "mean": 0.189718618989}, "spectral_energyband_high": {"dmean2": 0.000166335710674, "median": 6.8089706474e-05, "min": 6.98024437839e-21, "dvar2": 2.44380998993e-07, "dvar": 1.46374603105e-07, "dmean": 0.000127936553326, "max": 0.00998698733747, "var": 4.81314998524e-07, "mean": 0.000289963412797}, "spectral_entropy": {"dmean2": 0.254514396191, "median": 6.84223651886, "min": 4.16068792343, "dvar2": 0.0888880714774, "dvar": 0.0466393008828, "dmean": 0.176459461451, "max": 9.81157112122, "var": 0.426912724972, "mean": 6.84321784973}, "silence_rate_20dB": {"dmean2": 0, "median": 1, "min": 1, "dvar2": 0, "dvar": 0, "dmean": 0, "max": 1, "var": 0, "mean": 1}, "melbands_flatness_db": {"dmean2": 0.0339951664209, "median": 0.277288973331, "min": 0.00457435334101, "dvar2": 0.0014730412513, "dvar": 0.000713589775842, "dmean": 0.0227493457496, "max": 0.578931450844, "var": 0.00673674838617, "mean": 0.286994457245}, "barkbands": {"dmean2": [0.000597987440415, 0.00659397151321, 0.00323724769987, 0.00163492094725, 0.00372896017507, 0.0022195619531, 0.00145199720282, 0.0017862849636, 0.00171048520133, 0.000774780171923, 0.000743755314033, 0.000417055067373, 0.000299716513837, 0.000344995351043, 0.000196717039216, 9.98845862341e-05, 8.59177744132e-05, 8.73919925652e-05, 4.20264623244e-05, 6.70254739816e-05, 5.13400809723e-05, 2.9940121749e-05, 2.85781079583e-05, 2.34123745031e-05, 2.14665833482e-05, 1.52093880388e-05, 1.10169103209e-05], "median": [2.62764897343e-05, 0.00193753559142, 0.000655420823023, 0.000530169229023, 0.00274704163894, 0.00143452291377, 0.000467872829176, 0.000436968926806, 0.000476801971672, 0.000230340257986, 0.00013382078032, 0.000101006189652, 8.86878406163e-05, 0.000112099776743, 7.23767880118e-05, 4.20985124947e-05, 3.0523933674e-05, 2.6850919312e-05, 1.58035145432e-05, 2.12038466998e-05, 1.44228324643e-05, 3.75767285732e-06, 6.66506002744e-06, 5.44702015759e-06, 5.263530511e-06, 2.31883359447e-06, 1.64290986504e-06], "min": [3.14294239421e-25, 1.1908271094e-23, 1.90561855101e-24, 5.29370356374e-24, 1.11925084068e-23, 1.6692520791e-23, 1.38804967211e-23, 7.09076538786e-24, 2.33401411987e-23, 1.83260971089e-23, 3.20610048168e-23, 4.18367143048e-23, 6.40843399478e-23, 3.11605895133e-23, 7.62842063756e-23, 6.1616177191e-23, 6.39669006471e-23, 1.17748218613e-22, 1.78071831433e-22, 1.60424520734e-22, 3.07118090687e-22, 3.56011487644e-22, 4.04803178342e-22, 6.90528345778e-22, 9.97906773185e-22, 1.43192668364e-21, 2.03046546701e-21], "dvar2": [4.40384155809e-06, 0.000269253912847, 0.000102172249171, 1.49682773554e-05, 5.58431420359e-05, 1.92464449356e-05, 1.76989760803e-05, 2.93354187306e-05, 3.14912249451e-05, 7.28520080884e-06, 7.00430518918e-06, 2.33907553593e-06, 8.97292750324e-07, 7.78206128871e-07, 2.97498303325e-07, 8.51288035619e-08, 7.9150325405e-08, 5.53595818076e-08, 1.58779691617e-08, 2.87706427571e-08, 3.29702487534e-08, 1.30778561314e-08, 1.3028293111e-08, 1.10178435264e-08, 9.81494618912e-09, 3.90981247378e-09, 1.11740305897e-09], "dvar": [2.04169464268e-06, 0.000116460119898, 3.53352843376e-05, 5.32583680979e-06, 2.14257815969e-05, 8.60864929564e-06, 8.72829969012e-06, 1.50843970914e-05, 1.44741816257e-05, 4.35430047219e-06, 4.18710123995e-06, 1.52920085839e-06, 5.20376943314e-07, 4.25994954867e-07, 1.49558744056e-07, 3.78365925258e-08, 3.83527662962e-08, 2.87563821644e-08, 6.76378153486e-09, 1.33767477095e-08, 1.42914915457e-08, 6.27143803555e-09, 7.50470974253e-09, 6.05447558755e-09, 6.31776986282e-09, 2.10549000457e-09, 5.67963398534e-10], "dmean": [0.000399110896979, 0.00406077643856, 0.00184246606659, 0.000930045440327, 0.00227836589329, 0.00146659486927, 0.000958390999585, 0.00123682559934, 0.00113608664833, 0.000566569971852, 0.000547070289031, 0.000307155656628, 0.000206583135878, 0.000233194325119, 0.000129694526549, 6.42369777779e-05, 5.51951598027e-05, 5.90493109485e-05, 2.71607405011e-05, 4.45190271421e-05, 3.45275839209e-05, 2.07485318242e-05, 2.04127336474e-05, 1.70414532477e-05, 1.59668798005e-05, 1.14328558993e-05, 7.80986738391e-06], "max": [0.0160750038922, 0.143497884274, 0.0745979174972, 0.0396948195994, 0.0683236271143, 0.0681400075555, 0.073044590652, 0.0918851047754, 0.098823055625, 0.0649569481611, 0.0571624599397, 0.0448910072446, 0.030664762482, 0.0212255064398, 0.0135202035308, 0.00686341430992, 0.00786744337529, 0.00599793950096, 0.0020719668828, 0.00283420202322, 0.00358293973841, 0.00185372447595, 0.00446655834094, 0.00353063666262, 0.00309657445177, 0.00208921032026, 0.000535205821507], "var": [2.30270438806e-06, 0.000157179048983, 2.79282721749e-05, 6.60966315991e-06, 2.95833870041e-05, 3.33711614076e-05, 2.60724154941e-05, 3.82464531867e-05, 4.41563825007e-05, 1.73867174453e-05, 3.0058898119e-05, 8.35116043163e-06, 2.85219380203e-06, 1.56385078753e-06, 6.4209126549e-07, 8.29255526469e-08, 1.07070633248e-07, 9.92314994619e-08, 1.19183507508e-08, 3.13370946969e-08, 2.50242244704e-08, 1.34112267958e-08, 2.36064803261e-08, 1.50027315016e-08, 1.82406338922e-08, 5.13605025176e-09, 1.60522584114e-09], "mean": [0.000388396234484, 0.00633362680674, 0.0022952540312, 0.00145061674993, 0.00426161941141, 0.00345150055364, 0.00181306025479, 0.00237148301676, 0.00265005906112, 0.00118327571545, 0.0015462921001, 0.000665254774503, 0.000455349334516, 0.000466352619696, 0.000270683667623, 0.000124280559248, 0.000105626284494, 0.000113657377369, 5.05205171066e-05, 8.7764543423e-05, 6.152580