{"metadata": {"tags": {"album": ["Christmas with Yolanda Adams"], "label": ["Elektra"], "albumartist": ["Yolanda Adams"], "artist": ["Yolanda Adams"], "genre": ["Other"], "date": ["2000"], "tracknumber": ["10"], "title": ["Joy Medley"], "file_name": "251417.mp3", "musicbrainz_recordingid": ["17149d51-6732-4644-a62b-fe347b445ac0"], "length": ["283000"]}, "audio_properties": {"sample_rate": 44100, "downmix": "mix", "lossless": false, "analysis_sample_rate": 44100, "md5_encoded": "02ef881f48f30e22d908debed9b07376", "equal_loudness": 0, "replay_gain": -14.9842071533, "codec": "mp3", "bit_rate": 128000, "length": 283.454681396}, "version": {"extractor": "music 1.0", "essentia_build_sha": "70f2e5ece6736b2c40cc944ad0e695b16b925413", "essentia_git_sha": "v2.1_beta2", "essentia": "2.1-beta2"}}, "rhythm": {"beats_loudness_band_ratio": {"dvar2": [0.137060925364, 0.0471260771155, 0.0513743311167, 0.118091888726, 0.0122691029683, 0.0186315458268], "var": [0.0721858143806, 0.0197447594255, 0.0290599167347, 0.0604739524424, 0.00457533029839, 0.00523699773476], "min": [0.00345720676705, 0.00448539713398, 0.00334914703853, 0.00220662890933, 5.52393066755e-05, 0.000179363196366], "dmean": [0.289424329996, 0.143010407686, 0.138957768679, 0.191207394004, 0.0558285750449, 0.0811612680554], "mean": [0.35336497426, 0.178238257766, 0.165794163942, 0.212579965591, 0.0556948035955, 0.0651069432497], "max": [0.967216432095, 0.732315719128, 0.847597122192, 0.92217952013, 0.471133440733, 0.629305243492], "dmean2": [0.550514519215, 0.253272712231, 0.249200224876, 0.336283683777, 0.100726813078, 0.156596362591], "median": [0.303098797798, 0.134208679199, 0.10235477984, 0.088504627347, 0.037485640496, 0.0376408696175], "dvar": [0.0454952567816, 0.0146721899509, 0.0194021202624, 0.0435960330069, 0.00452516460791, 0.0059540849179]}, "bpm_histogram_first_peak_weight": {"dvar2": 0, "var": 0, "min": 0.222614839673, "dmean": 0, "mean": 0.222614839673, "max": 0.222614839673, "dmean2": 0, "median": 0.222614839673, "dvar": 0}, "bpm": 108.885955811, "beats_count": 567, "bpm_histogram_first_peak_spread": {"dvar2": 0, "var": 0, "min": 0.472803354263, "dmean": 0, "mean": 0.472803354263, "max": 0.472803354263, "dmean2": 0, "median": 0.472803354263, "dvar": 0}, "danceability": 0.993258833885, "bpm_histogram_first_peak_bpm": {"dvar2": 0, "var": 0, "min": 110, "dmean": 0, "mean": 110, "max": 110, "dmean2": 0, "median": 110, "dvar": 0}, "beats_position": [0.557278871536, 1.13777780533, 1.72988653183, 2.31038546562, 2.90249419212, 3.47138309479, 4.02866220474, 4.57433080673, 5.13160991669, 5.6888885498, 6.24616765976, 6.80344676971, 7.3491153717, 7.89478445053, 8.45206356049, 8.99773216248, 9.54340076447, 10.0890703201, 10.6347389221, 11.1920175552, 11.749297142, 12.294965744, 12.840634346, 13.3979139328, 13.9435825348, 14.4892511368, 15.0349206924, 15.5805892944, 16.1378688812, 16.6835365295, 17.2292060852, 17.786485672, 18.3321533203, 18.877822876, 19.4351024628, 19.9807701111, 20.5380496979, 21.0837192535, 21.640996933, 22.1866664886, 22.7323360443, 23.2896137238, 23.8468933105, 24.40417099, 24.9498405457, 25.4955101013, 26.0527877808, 26.6100673676, 27.1557369232, 27.7014045715, 28.2586841583, 28.804353714, 29.3500213623, 29.9073009491, 30.4529705048, 30.9986381531, 31.5559177399, 32.1131973267, 32.6704750061, 33.2161445618, 33.7618141174, 34.3190917969, 34.8763694763, 35.422039032, 35.9677085876, 36.5249862671, 37.0822677612, 37.6279373169, 38.1736030579, 38.7192726135, 39.2649421692, 39.8106117249, 40.3562812805, 40.91355896, 41.4592285156, 42.0048980713, 42.5621757507, 43.1194534302, 43.6651229858, 44.2107925415, 44.7680702209, 45.3253517151, 45.8826293945, 46.439907074, 46.9855766296, 47.5312461853, 48.0885238647, 48.6341934204, 49.1798629761, 49.7371406555, 50.2944221497, 50.8516998291, 51.3973693848, 51.9430389404, 52.5003166199, 53.0459861755, 53.5916557312, 54.1489334106, 54.7062110901, 55.2518806458, 55.7975502014, 56.3548278809, 56.912109375, 57.4693870544, 58.0150566101, 58.5607261658, 59.1180038452, 59.6636734009, 60.2093429565, 60.766620636, 61.3238983154, 61.8811798096, 62.438457489, 62.9957351685, 63.5530128479, 64.1102905273, 64.655960083, 65.2016296387, 65.7589111328, 66.3045806885, 66.8502502441, 67.4075241089, 67.9531936646, 68.4988632202, 69.0445327759, 69.5902023315, 70.1474838257, 70.7047576904, 71.2504272461, 71.7960968018, 72.3533782959, 72.8990478516, 73.4447174072, 73.9903869629, 74.5360565186, 75.0933303833, 75.638999939, 76.1846694946, 76.7419509888, 77.2876205444, 77.8332901001, 78.3905639648, 78.947845459, 79.4935150146, 80.0391845703, 80.584854126, 81.1305236816, 81.6877975464, 82.2334671021, 82.7791366577, 83.3364181519, 83.8936920166, 84.4509735107, 84.9966430664, 85.5423126221, 86.0995864868, 86.656867981, 87.2025375366, 87.7482070923, 88.3054885864, 88.8627624512, 89.3968200684, 89.942489624, 90.4881591797, 91.0454406738, 91.5911102295, 92.1367797852, 92.6824493408, 93.2281188965, 93.7737884521, 94.3194503784, 94.8651199341, 95.4107894897, 95.9448471069, 96.4905166626, 97.0477981567, 97.5934677124, 98.1507492065, 98.7080230713, 99.253692627, 99.7993621826, 100.345031738, 100.890701294, 101.447982788, 101.993652344, 102.53931427, 103.096595764, 103.653877258, 104.199546814, 104.74521637, 105.302490234, 105.859771729, 106.417053223, 106.962722778, 107.508384705, 108.042449951, 108.588119507, 109.133781433, 109.691062927, 110.236732483, 110.782402039, 111.339683533, 111.896957397, 112.454238892, 112.999908447, 113.545578003, 114.102851868, 114.660133362, 115.217414856, 115.774688721, 116.331970215, 116.877639771, 117.423309326, 117.98059082, 118.537864685, 119.095146179, 119.640815735, 120.186485291, 120.732154846, 121.277824402, 121.835098267, 122.392379761, 122.938049316, 123.483718872, 124.040992737, 124.575057983, 125.132331848, 125.678001404, 126.223670959, 126.769340515, 127.315010071, 127.872291565, 128.42956543, 128.986846924, 129.544128418, 130.101409912, 130.658676147, 131.215957642, 131.773239136, 132.33052063, 132.887802124, 133.445083618, 134.095230103, 134.757003784, 135.407165527, 136.068939209, 136.730697632, 137.380859375, 138.042633057, 138.646347046, 139.250061035, 139.865386963, 140.480728149, 141.107666016, 141.722991943, 142.326705933, 142.94203186, 143.545761108, 144.149475098, 144.753189087, 145.345306396, 145.937408447, 146.529525757, 147.121627808, 147.713745117, 148.305847168, 148.897949219, 149.490066528, 150.070556641, 150.66267395, 151.254776001, 151.835281372, 152.415786743, 152.996276855, 153.576782227, 154.157272339, 154.73777771, 155.318267822, 155.898773193, 156.479278564, 157.059768677, 157.640274048, 158.232376099, 158.824493408, 159.404983521, 159.985488892, 160.577590942, 161.169708252, 161.761810303, 162.342315674, 162.922805786, 163.514923096, 164.095413208, 164.675918579, 165.256408691, 165.836914062, 166.429016113, 167.021133423, 167.601623535, 168.182128906, 168.762634277, 169.34312439, 169.923629761, 170.504119873, 171.084625244, 171.665115356, 172.245620728, 172.826126099, 173.406616211, 173.987121582, 174.567611694, 175.148117065, 175.728607178, 176.309112549, 176.88961792, 177.470108032, 178.039001465, 178.607894897, 179.18838501, 179.768890381, 180.360992432, 180.941497803, 181.521987915, 182.102493286, 182.671386719, 183.251876831, 183.832382202, 184.412872314, 184.981765747, 185.55065918, 186.131149292, 186.711654663, 187.303756714, 187.895874023, 188.499588013, 189.103302002, 189.70703125, 190.264297485, 190.809967041, 191.344039917, 191.785217285, 192.226394653, 192.667572021, 193.120361328, 193.549926758, 193.979492188, 194.397460938, 194.815414429, 195.23336792, 195.65133667, 196.069290161, 196.475646973, 196.881988525, 197.299957275, 197.706298828, 198.11265564, 198.518997192, 198.925354004, 199.331695557, 199.738052368, 200.144393921, 200.550750732, 200.957092285, 201.363449097, 201.758178711, 202.152923584, 202.559265137, 202.965621948, 203.360351562, 203.766708374, 204.161453247, 204.5677948, 204.962539673, 205.357269287, 205.75201416, 206.146759033, 206.541488647, 206.936233521, 207.342575073, 207.737319946, 208.132064819, 208.538406372, 208.933151245, 209.327880859, 209.722625732, 210.117370605, 210.523712158, 210.93006897, 211.336410522, 211.742767334, 212.149108887, 212.555465698, 212.973419189, 213.379776001, 213.786117554, 214.180862427, 214.575592041, 214.970336914, 215.365081787, 215.759811401, 216.154556274, 216.560897827, 216.978866577, 217.396820068, 217.81477356, 218.221130371, 218.627471924, 219.022216797, 219.41696167, 219.823303223, 220.229660034, 220.636001587, 221.019134521, 221.425476074, 221.831832886, 222.226577759, 222.632919312, 223.027664185, 223.434005737, 223.840362549, 224.235092163, 224.629837036, 225.024581909, 225.430923462, 225.837280273, 226.232009888, 226.626754761, 227.044708252, 227.439453125, 227.834197998, 228.228927612, 228.623672485, 229.00680542, 229.401535034, 229.784667969, 230.191009521, 230.597366333, 230.992111206, 231.38684082, 231.793197632, 232.187927246, 232.594284058, 232.989013672, 233.383758545, 233.778503418, 234.173233032, 234.567977905, 234.962722778, 235.357452393, 235.752197266, 236.14692688, 236.541671753, 236.936416626, 237.33114624, 237.725891113, 238.120635986, 238.515365601, 238.910110474, 239.304855347, 239.711196899, 240.117553711, 240.512283325, 240.907028198, 241.313369751, 241.719726562, 242.114456177, 242.520812988, 242.927154541, 243.321899414, 243.716644287, 244.111373901, 244.506118774, 244.900863647, 245.295593262, 245.678726196, 246.061859131, 246.456588745, 246.851333618, 247.246078491, 247.640808105, 248.035552979, 248.430297852, 248.825027466, 249.219772339, 249.602905273, 249.986022949, 250.380767822, 250.775512695, 251.17024231, 251.553375244, 251.936508179, 252.331237793, 252.714370728, 253.097503662, 253.492233276, 253.886978149, 254.270111084, 254.653244019, 255.047973633, 255.442718506, 255.83744812, 256.232208252, 256.615325928, 256.998443604, 257.393188477, 257.78793335, 258.171051025, 258.577423096, 258.972137451, 259.366882324, 259.750030518, 260.144744873, 260.527893066, 260.922637939, 261.317352295, 261.712097168, 262.106842041, 262.501586914, 262.896331787, 263.291046143, 263.685791016, 264.080535889, 264.475280762, 264.881622314, 265.287963867, 265.694335938, 266.089050293, 266.483795166, 266.890167236, 267.296508789, 267.702850342, 268.097595215, 268.503936768, 268.91027832, 269.316650391, 269.722991943, 270.140960693, 270.558898926, 270.976867676, 271.406433105, 271.835998535, 272.242340088, 272.648712158, 273.055053711, 273.473022461, 273.890960693, 274.320526123, 274.738494873, 275.144836426, 275.562805176, 275.980773926, 276.398712158, 276.805084229, 277.211425781, 277.617767334, 278.000915527, 278.384033203, 278.767150879, 279.150299072, 279.591461182, 280.044250488, 280.497039795, 280.949829102, 281.402618408, 281.843811035, 282.284973145, 282.726165771], "beats_loudness": {"dvar2": 0.000764312630054, "var": 0.000365595857147, "min": 3.10152592498e-09, "dmean": 0.0150426095352, "mean": 0.0210954155773, "max": 0.113328963518, "dmean2": 0.026898695156, "median": 0.0158551987261, "dvar": 0.000261872046394}, "bpm_histogram_second_peak_weight": {"dvar2": 0, "var": 0, "min": 0.178445234895, "dmean": 0, "mean": 0.178445234895, "max": 0.178445234895, "dmean2": 0, "median": 0.178445234895, "dvar": 0}, "bpm_histogram_second_peak_spread": {"dvar2": 0, "var": 0, "min": 0.398809552193, "dmean": 0, "mean": 0.398809552193, "max": 0.398809552193, "dmean2": 0, "median": 0.398809552193, "dvar": 0}, "bpm_histogram_second_peak_bpm": {"dvar2": 0, "var": 0, "min": 152, "dmean": 0, "mean": 152, "max": 152, "dmean2": 0, "median": 152, "dvar": 0}, "onset_rate": 3.58769130707}, "lowlevel": {"spectral_energyband_high": {"dvar2": 2.66026404461e-07, "var": 7.11563643563e-07, "min": 7.14602785213e-21, "dmean": 0.00016553538444, "mean": 0.000431588006904, "max": 0.0149020217359, "dmean2": 0.000223827169975, "median": 0.000138041592436, "dvar": 1.49871340227e-07}, "spectral_energyband_middle_low": {"dvar2": 2.3029924705e-05, "var": 2.43392223638e-05, "min": 2.60366305937e-22, "dmean": 0.00193980499171, "mean": 0.00473187537864, "max": 0.0555306039751, "dmean2": 0.00315367942676, "median": 0.00324765150435, "dvar": 9.05841898202e-06}, "spectral_energy": {"dvar2": 0.000690856599249, "var": 0.000495007261634, "min": 1.0175704477e-20, "dmean": 0.00714865140617, "mean": 0.0179402306676, "max": 0.158017963171, "dmean2": 0.0116699496284, "median": 0.00928955804557, "dvar": 0.000250648416113}, "spectral_spread": {"dvar2": 1632085868540.0, "var": 4181434826750.0, "min": 942465, "dmean": 611635.6875, "mean": 4984405.5, "max": 49878084, "dmean2": 847694.25, "median": 4605223, "dvar": 884838891520}, "spectral_energyband_low": {"dvar2": 0.000688905303832, "var": 0.000169673745404, "min": 4.15024076749e-23, "dmean": 0.00436360528693, "mean": 0.00452724052593, "max": 0.143734201789, "dmean2": 0.00786351040006, "median": 0.00149869825691, "dvar": 0.000240144479903}, "spectral_rolloff": {"dvar2": 1910447.75, "var": 2326570.5, "min": 21.533203125, "dmean": 392.874542236, "mean": 1308.12414551, "max": 19530.6152344, "dmean2": 655.980285645, "median": 968.994140625, "dvar": 931261.8125}, "barkbands": {"dvar2": [4.36787701119e-07, 0.000335027172696, 7.58639507694e-05, 2.00888439394e-06, 4.21331060352e-06, 1.51427423134e-06, 2.40973213295e-06, 2.45406999966e-06, 6.55779012959e-06, 2.04426505661e-05, 3.42184539477e-05, 2.30467067013e-05, 6.63540095047e-06, 2.32627598962e-06, 1.01970510968e-06, 2.70369071131e-07, 2.06047531037e-07, 4.89018177063e-08, 5.04269124235e-08, 6.43535145173e-08, 2.13959783224e-08, 1.60904107815e-08, 2.28512249123e-08, 3.71796851084e-08, 1.78874444146e-08, 2.31930918915e-09, 1.59360181301e-11], "var": [2.43811854261e-07, 7.92898135842e-05, 1.71465781023e-05, 6.5886382572e-07, 2.00778640647e-06, 8.01188832611e-07, 1.86520333045e-06, 1.508925493e-06, 6.35760579826e-06, 4.82305767946e-05, 9.3447684776e-05, 6.96651331964e-05, 2.0187413611e-05, 4.57577743873e-06, 9.87632915894e-07, 3.32897428734e-07, 1.67067682355e-07, 7.71980808167e-08, 7.8403900261e-08, 1.00382052892e-07, 5.08589685921e-08, 1.61306079605e-08, 5.2632564973e-08, 5.46896146147e-08, 2.20861000599e-08, 2.44997533372e-09, 7.13952464856e-12], "min": [1.68455172081e-24, 1.32910914072e-23, 7.61458243956e-24, 2.27281752518e-24, 3.4531745571e-23, 1.70419230631e-23, 3.14223051627e-23, 1.35921301949e-23, 4.03000858366e-23, 3.34396149794e-23, 3.84995455303e-23, 2.41226028643e-23, 6.62131473648e-23, 4.86517530847e-23, 7.61176683722e-23, 1.18454911766e-22, 1.65472523708e-22, 1.37838865038e-22, 2.00269367564e-22, 1.93079297999e-22, 2.89018743756e-22, 3.95877463324e-22, 4.98809245928e-22, 5.65311760095e-22, 9.19771021913e-22, 1.53963464668e-21, 2.07484806896e-21], "dmean": [0.000146204300108, 0.00298026297241, 0.00138357642572, 0.000344810163369, 0.000654436182231, 0.00042896962259, 0.000408323307056, 0.000354685093043, 0.000593810051214, 0.000989201944321, 0.00104222714435, 0.000914099335205, 0.000390704546589, 0.000269557116553, 0.000179085734999, 0.000102540485386, 6.42557279207e-05, 6.53011738905e-05, 7.06413993612e-05, 7.00044838595e-05, 3.4168442653e-05, 2.86900649371e-05, 4.10731809097e-05, 3.58988763765e-05, 3.00845895254e-05, 1.23138834169e-05, 7.49445689507e-07], "mean": [0.000163192875334, 0.002809204394, 0.00132442265749, 0.000432873377576, 0.00104058813304, 0.000654553005006, 0.000683440011926, 0.000518636603374, 0.00102315912955, 0.00220157485455, 0.00230324594304, 0.00208026729524, 0.000827055424452, 0.00047005066881, 0.000303005392198, 0.000189821832464, 0.000114013761049, 0.000137186143547, 0.000148045510286, 0.000149732819409, 7.14118214091e-05, 5.30223915121e-05, 9.36646029004e-05, 7.24618657841e-05, 5.60957269045e-05, 1.87560090126e-05, 7.36931326628e-07], "max": [0.00658975867555, 0.113850690424, 0.061873011291, 0.014312681742, 0.0270263403654, 0.017181718722, 0.0292239803821, 0.0328129604459, 0.0418257042766, 0.0900945067406, 0.119325652719, 0.116067275405, 0.10395334661, 0.0562040507793, 0.0249336995184, 0.0122838104144, 0.020137084648, 0.0050781480968, 0.00653986865655, 0.00658046081662, 0.00804870761931, 0.00331896590069, 0.00429240940139, 0.00513355527073, 0.00344478641637, 0.00103830418084, 7.75391672505e-05], "dmean2": [0.000218584726099, 0.0054069715552, 0.00253386236727, 0.000605970039032, 0.00109366956167, 0.000706639373675, 0.000666172069032, 0.000594454468228, 0.000968153355643, 0.00144668156281, 0.00147813674994, 0.00125011976343, 0.000556620187126, 0.000388419692172, 0.000272743462119, 0.000153195331222, 0.000100090015621, 9.86943414318e-05, 0.000107134699647, 0.000106198618596, 5.13365048391e-05, 4.35277615907e-05, 5.64630827284e-05, 5.19520326634e-05, 4.30014661106e-05, 1.81657087523e-05, 1.24070334095e-06], "median": [2.75871952908e-05, 0.000819532899186, 0.000391020876123, 0.000197534653125, 0.000604362576269, 0.000370735884644, 0.000243227055762, 0.00012683805835, 0.000160902607604, 0.000118350006233, 7.17041111784e-05, 0.000102117614006, 6.75896299072e-05, 3.64698862541e-05, 3.56524033123e-05, 2.70185537374e-05, 2.12348531932e-05, 3.94505077566e-05, 4.88091900479e-05, 3.78381046175e-05, 1.45689928104e-05, 1.36636945172e-05, 2.40081117227e-05, 1.76543308044e-05, 1.37971292133e-05, 4.0519535105e-06, 6.64150974217e-08], "dvar": [2.06355039722e-07, 0.000115085917059, 2.62827015831e-05, 7.22456263702e-07, 1.60082697676e-06, 5.92234130181e-07, 9.28932308852e-07, 9.39803499023e-07, 2.58536488218e-06, 1.02414342109e-05, 1.82168223546e-05, 1.41595501191e-05, 3.93538357457e-06, 1.38326242904e-06, 4.57803110976e-07, 1.24614089714e-07, 1.04153102143e-07, 2.24320864106e-08, 2.4083803396e-08, 3.06081737733e-08, 1.0870033762e-08, 7.07674185918e-09, 1.29070008015e-08, 1.91862383758e-08, 8.90238371909e-09, 1.18661980242e-09, 6.50070405492e-12]}, "melbands_skewness": {"dvar2": 2.80943608284, "var": 4.98562002182, "min": -2.53808426857, "dmean": 0.729678988457, "mean": 1.98654949665, "max": 62.2257232666, "dmean2": 1.13624298573, "median": 1.75449848175, "dvar": 1.16925930977}, "barkbands_skewness": {"dvar2": 2.01783132553, "var": 4.85982465744, "min": -2.40979671478, "dmean": 0.610290050507, "mean": 1.47015571594, "max": 79.655708313, "dmean2": 0.944888174534, "median": 1.2175732851, "dvar": 0.874121963978}, "erbbands": {"dvar2": [0.201561495662, 21.1511573792, 120.047424316, 42.1288566589, 21.0532531738, 83.5639266968, 84.0900650024, 154.414123535, 301.577850342, 735.80065918, 1142.05603027, 1841.00598145, 8537.2890625, 28789.9335938, 55004.2578125, 32785.7773438, 7791.80908203, 3891.38037109, 4257.98730469, 642.508483887, 562.023742676, 203.225540161, 132.8462677, 144.980865479, 135.752380371, 149.868942261, 55.0400009155, 23.8557052612, 19.5532627106, 16.8917751312, 24.1183872223, 16.9495582581, 11.0663166046, 3.19623470306, 1.02678334713, 0.0576333142817, 0.00801652949303, 0.000323892832967, 1.27488505086e-07, 9.54906709261e-10], "var": [0.0626903325319, 4.33714580536, 25.127161026, 11.7837524414, 8.38940811157, 34.6903533936, 44.9369773865, 77.7187271118, 249.954544067, 504.064575195, 608.373962402, 2056.85253906, 12993.8896484, 102075.382812, 148173.59375, 92189.46875, 44720.9179688, 11069.6357422, 6476.90380859, 1015.63397217, 1256.90307617, 321.819030762, 197.586166382, 245.059402466, 201.065444946, 224.062088013, 129.644363403, 45.6814575195, 20.2733707428, 32.0678443909, 47.8128471375, 20.9316139221, 16.676322937, 4.42826318741, 0.880527734756, 0.0714244320989, 0.00719226337969, 0.000202084571356, 8.32312849752e-08, 9.00745311672e-10], "min": [1.74355816942e-22, 2.00874753307e-21, 6.04786965637e-21, 1.25350085687e-20, 2.03757703924e-20, 1.17677363505e-19, 1.06228259711e-19, 1.46734913029e-19, 2.59223747368e-19, 5.61030804368e-19, 5.04859295415e-19, 8.56026726958e-19, 1.10264023513e-18, 1.28863727594e-18, 1.30825831026e-18, 1.367754103e-18, 2.53081140328e-18, 2.59793586922e-18, 5.36810521763e-18, 5.92689136401e-18, 5.76162522711e-18, 1.04527356393e-17, 7.33235146125e-18, 9.35591482661e-18, 9.68769945184e-18, 8.66403118377e-18, 1.1560337097e-17, 1.07249219014e-17, 1.21873383469e-17, 1.61475680999e-17, 1.36632849857e-17, 1.25341594614e-17, 9.39769075626e-18, 8.97340996775e-18, 7.58127244145e-18, 4.52274069367e-18, 2.81177880797e-18, 1.02207005174e-18, 3.03979931223e-19, 3.04992413217e-20], "dmean": [0.0796775370836, 0.714810729027, 1.68974745274, 1.28550243378, 1.3501483202, 2.63213539124, 3.09795475006, 4.1365480423, 5.02986431122, 6.47661161423, 7.65705013275, 11.4639453888, 21.5684490204, 36.7891120911, 41.4455070496, 34.1536750793, 17.394405365, 11.9213705063, 11.3454885483, 5.34462213516, 5.18886852264, 3.04127001762, 2.95325422287, 3.85126781464, 3.14908957481, 3.23627090454, 1.79424142838, 1.0518528223, 0.995781838894, 1.09483098984, 1.23919701576, 0.774679481983, 0.608153164387, 0.352603703737, 0.225892528892, 0.0635697320104, 0.0218969043344, 0.00398326432332, 8.06694879429e-05, 1.01251480373e-05], "mean": [0.0845780596137, 0.613368690014, 1.54604506493, 1.52133107185, 1.96144592762, 3.72132515907, 4.89915752411, 6.11504364014, 8.79702091217, 10.7147989273, 11.5305252075, 20.9096508026, 44.1838607788, 97.3887405396, 98.6760101318, 75.9828643799, 41.9137954712, 24.4447231293, 21.6651496887, 10.5376091003, 11.2291870117, 6.50752496719, 6.65652561188, 8.78081703186, 7.36632299423, 7.00378036499, 3.99245262146, 2.19025373459, 1.86848974228, 2.32109808922, 2.79016566277, 1.61887025833, 1.17030572891, 0.670780539513, 0.383833289146, 0.104363307357, 0.0317970961332, 0.00506560970098, 0.000113458729174, 2.58498967014e-05], "max": [2.9877011776, 25.9800224304, 67.2528610229, 58.8721008301, 95.6601028442, 102.593406677, 99.5038146973, 209.034698486, 239.780670166, 549.192199707, 440.297271729, 659.316650391, 1932.35583496, 3714.23486328, 5901.01220703, 5141.50146484, 5664.98339844, 2983.29394531, 2721.140625, 818.426635742, 730.606262207, 552.254577637, 313.394622803, 315.831817627, 304.2890625, 465.952636719, 449.547027588, 217.224700928, 114.403251648, 101.775756836, 144.122802734, 117.809539795, 89.7776870728, 64.180519104, 23.8227481842, 5.66636896133, 2.13921570778, 0.31917488575, 0.00649470835924, 0.000218836721615], "dmean2": [0.137337625027, 1.33305478096, 3.12800931931, 2.30044126511, 2.30799126625, 4.42274856567, 5.18997764587, 6.80638170242, 8.25500011444, 10.611702919, 12.7217321396, 18.4582805634, 32.097328186, 51.6435241699, 56.6195411682, 44.245388031, 23.2033443451, 16.6563014984, 16.210018158, 7.75997209549, 7.4800491333, 4.47457933426, 4.47924232483, 5.83835840225, 4.75883150101, 4.86782407761, 2.65062642097, 1.59251332283, 1.50039637089, 1.57251894474, 1.75431406498, 1.14072084427, 0.875163197517, 0.495150983334, 0.33461523056, 0.0919677987695, 0.0325119197369, 0.00617285259068, 0.000124352998682, 1.58554794325e-05], "median": [0.0218593627214, 0.178146004677, 0.443429529667, 0.653243422508, 1.08066701889, 1.93979740143, 2.67747783661, 3.31412553787, 3.67989492416, 3.7349832058, 3.52796936035, 4.23086500168, 5.2047753334, 5.54410076141, 5.88177394867, 5.5495891571, 4.35346889496, 2.89442038536, 3.00289988518, 2.11770677567, 1.71097254753, 1.4124584198, 2.08927202225, 3.12140631676, 2.38289117813, 1.90066945553, 0.901839375496, 0.493164330721, 0.477939516306, 0.57402586937, 0.703988075256, 0.420020312071, 0.279160767794, 0.161366924644, 0.0863232538104, 0.0220806058496, 0.00702382391319, 0.00103987730108, 3.21445913869e-05, 1.42126218634e-05], "dvar": [0.0748457685113, 7.06153106689, 40.8315544128, 15.1298456192, 7.75842428207, 31.7249660492, 31.2441329956, 60.7622375488, 115.338684082, 283.777496338, 431.237060547, 737.516601562, 3976.60449219, 15428.7011719, 27645.6523438, 21688.3242188, 5699.72167969, 2282.79858398, 2278.74389648, 348.782165527, 314.670349121, 109.201469421, 59.1607513428, 69.306350708, 61.8530273438, 74.5524291992, 31.5784549713, 10.3282642365, 8.40847110748, 8.92293643951, 12.9184913635, 7.92168951035, 5.97340250015, 1.70215702057, 0.453922003508, 0.0305138602853, 0.00385667080991, 0.000144217920024, 5.72588554348e-08, 3.70569769315e-10]}, "silence_rate_30dB": {"dvar2": 0.00960014108568, "var": 0.00488982582465, "min": 0, "dmean": 0.00409567495808, "mean": 0.995085597038, "max": 1, "dmean2": 0.00819202139974, "median": 1, "dvar": 0.00407841056585}, "melbands_spread": {"dvar2": 177.711746216, "var": 284.281494141, "min": 0.101447284222, "dmean": 5.89099407196, "mean": 20.4498710632, "max": 232.166763306, "dmean2": 8.94482135773, "median": 17.4874324799, "dvar": 85.1443939209}, "melbands_crest": {"dvar2": 20.35572052, "var": 30.44049263, "min": 2.08524847031, "dmean": 3.09871816635, "mean": 13.9797277451, "max": 39.8886260986, "dmean2": 4.95921325684, "median": 13.0626630783, "dvar": 8.54865550995}, "zerocrossingrate": {"dvar2": 0.00022989664285, "var": 0.00160114851315, "min": 0, "dmean": 0.00957380048931, "mean": 0.0573158748448, "max": 0.52099609375, "dmean2": 0.0110599081963, "median": 0.0498046875, "dvar": 0.000212216895306}, "barkbands_kurtosis": {"dvar2": 3779.17919922, "var": 14202.1259766, "min": -1.93378019333, "dmean": 5.63461971283, "mean": 9.73851490021, "max": 7236.33935547, "dmean2": 8.71724510193, "median": 2.89782714844, "dvar": 2566.95605469}, "spectral_flux": {"dvar2": 0.0030583688058, "var": 0.00338866468519, "min": 6.43737840811e-11, "dmean": 0.0248421952128, "mean": 0.0688434317708, "max": 0.372793138027, "dmean2": 0.0396351777017, "median": 0.05095513165, "dvar": 0.00143605004996}, "barkbands_crest": {"dvar2": 17.3645248413, "var": 22.2750072479, "min": 2.24307203293, "dmean": 2.66672873497, "mean": 11.125743866, "max": 26.9146385193, "dmean2": 4.33492040634, "median": 10.099697113, "dvar": 6.58655261993}, "barkbands_flatness_db": {"dvar2": 0.00146787206177, "var": 0.00343751115724, "min": 0.0177687462419, "dmean": 0.0230181924999, "mean": 0.15478092432, "max": 0.569763302803, "dmean2": 0.0347641631961, "median": 0.147746220231, "dvar": 0.000631737988442}, "spectral_entropy": {"dvar2": 0.0707803145051, "var": 0.276428759098, "min": 5.54224920273, "dmean": 0.181390821934, "mean": 7.30268573761, "max": 9.79615020752, "dmean2": 0.261824220419, "median": 7.32430362701, "dvar": 0.0375273264945}, "pitch_salience": {"dvar2": 0.011983923614, "var": 0.0155922975391, "min": 0.0103729963303, "dmean": 0.0724711418152, "mean": 0.529323577881, "max": 0.935973703861, "dmean2": 0.11789572984, "median": 0.541153013706, "dvar": 0.00460950471461}, "erbbands_spread": {"dvar2": 240.479400635, "var": 495.31842041, "min": 1.80840194225, "dmean": 7.64713716507, "mean": 30.9373664856, "max": 157.81237793, "dmean2": 11.4350166321, "median": 25.4912109375, "dvar": 112.413291931}, "dynamic_complexity": 5.51767683029, "spectral_contrast_valleys": {"dvar2": [0.329639106989, 0.284993559122, 0.183246403933, 0.225023433566, 0.229779943824, 0.261023968458], "var": [1.32562100887, 1.26447963715, 1.53368902206, 1.65402448177, 1.78350532055, 2.21391701698], "min": [-27.7132225037, -27.4468364716, -27.35754776, -27.4181575775, -27.3582191467, -27.4124355316], "dmean": [0.380491316319, 0.351421684027, 0.307338148355, 0.31287330389, 0.277510344982, 0.328452855349], "mean": [-7.61767816544, -7.24233579636, -7.89371871948, -8.68301296234, -8.55784893036, -10.6765804291], "max": [-5.15010786057, -4.82281160355, -5.54019260406, -6.07713222504, -6.0398979187, -7.73410606384], "dmean2": [0.614357292652, 0.574275553226, 0.48772507906, 0.487184643745, 0.408244550228, 0.42871016264], "median": [-7.40656852722, -7.12613248825, -7.79028987885, -8.529255867, -8.38660240173, -10.4208602905], "dvar": [0.150836735964, 0.119280457497, 0.0845601409674, 0.10749335587, 0.115896262228, 0.166335329413]}, "hfc": {"dvar2": 82.5720977783, "var": 511.205535889, "min": 1.09598459931e-16, "dmean": 4.2087521553, "mean": 16.1315174103, "max": 186.775100708, "dmean2": 5.70867204666, "median": 7.48542547226, "dvar": 47.4147262573}, "spectral_kurtosis": {"dvar2": 12.8436832428, "var": 19.4202194214, "min": -1.48212885857, "dmean": 1.63480758667, "mean": 5.50040245056, "max": 68.2930831909, "dmean2": 2.59234189987, "median": 4.5678601265, "dvar": 5.45419073105}, "mfcc": {"mean": [-700.979675293, 123.990036011, 12.7158145905, 10.9858322144, 0.318899929523, 0.212337851524, 8.07527637482, 6.34151506424, -8.13105106354, 4.17785978317, -2.96605849266, -2.20716333389, 2.49444317818], "cov": [[9381.6953125, -1042.73071289, -1123.33618164, -577.604248047, -550.027404785, 32.7579574585, 216.999481201, 120.55632782, -179.704391479, 160.863082886, -81.3749847412, -68.4065551758, 55.6301460266], [-1042.73071289, 1333.07507324, 76.0602493286, 134.537246704, 88.0395507812, -29.5362052917, 109.280349731, 53.1557846069, 19.4011001587, 50.0356330872, 58.3782310486, -5.57498025894, -0.25707244873], [-1123.33618164, 76.0602493286, 750.375793457, 174.219482422, 111.127006531, 77.6723175049, -47.7683906555, -14.4704637527, 82.8140029907, -52.9500579834, 50.306678772, 56.8397674561, -21.7698707581], [-577.604248047, 134.537246704, 174.219482422, 353.888153076, 182.023178101, -34.6423110962, -61.4530296326, 22.0092201233, 65.3946914673, -33.6834487915, 12.4436264038, 51.3167915344, 6.74615764618], [-550.027404785, 88.0395507812, 111.127006531, 182.023178101, 313.894836426, -7.43752479553, -58.5421257019, 16.7456989288, 60.2820625305, -20.4205493927, -0.759440779686, 24.9973068237, 18.2826805115], [32.7579574585, -29.5362052917, 77.6723175049, -34.6423110962, -7.43752479553, 285.347137451, 85.5989837646, -24.2382717133, -12.2725067139, -0.614007532597, 25.303401947, 11.623210907, 17.8467082977], [216.999481201, 109.280349731, -47.7683906555, -61.4530296326, -58.5421257019, 85.5989837646, 225.239761353, 48.3920059204, -44.3939285278, 54.0198020935, 29.3279514313, -19.2429046631, 11.9570913315], [120.55632782, 53.1557846069, -14.4704637527, 22.0092201233, 16.7456989288, -24.2382717133, 48.3920059204, 148.93838501, 40.0796318054, 20.1349334717, -8.69973945618, -9.23655700684, 9.15673923492], [-179.704391479, 19.4011001587, 82.8140029907, 65.3946914673, 60.2820625305, -12.2725067139, -44.3939285278, 40.0796318054, 159.772903442, 12.7241039276, -2.65672445297, 18.8802509308, -9.51679039001], [160.863082886, 50.0356330872, -52.9500579834, -33.6834487915, -20.4205493927, -0.614007532597, 54.0198020935, 20.1349334717, 12.7241039276, 127.0887146, 30.6945266724, -22.0678291321, 0.423370450735], [-81.3749847412, 58.3782310486, 50.306678772, 12.4436264038, -0.759440779686, 25.303401947, 29.3279514313, -8.69973945618, -2.65672445297, 30.6945266724, 104.621292114, 33.1853523254, -9.58010196686], [-68.4065551758, -5.57498025894, 56.8397674561, 51.3167915344, 24.9973068237, 11.623210907, -19.2429046631, -9.23655700684, 18.8802509308, -22.0678291321, 33.1853523254, 125.872718811, 37.3496437073], [55.6301460266, -0.25707244873, -21.7698707581, 6.74615764618, 18.2826805115, 17.8467082977, 11.9570913315, 9.15673923492, -9.51679039001, 0.423370450735, -9.58010196686, 37.3496437073, 98.9712142944]], "icov": [[0.000157753776875, 0.00010927826952, 0.000183585856576, 3.93360714952e-05, 0.000150034669787, -4.89184239996e-05, -3.74201481463e-05, -0.000165482168086, 4.37402668467e-05, -0.000119415533845, 4.16329894506e-05, -8.7625841843e-05, -7.93486651673e-06], [0.00010927826952, 0.000945404812228, 7.94694933575e-05, -0.000290513999062, -4.91909268021e-05, 0.000225604249863, -0.000604020722676, -0.000111044013465, -3.29705580953e-05, -0.000171933395904, -0.000347647321178, 0.000158255192218, -6.5840438765e-05], [0.000183585856576, 7.94694933575e-05, 0.00198122556321, -0.000564084562939, 8.78302453202e-05, -0.000630621041637, 0.000108051310235, -3.64372972399e-05, -0.000648920889944, 0.000586446200032, -0.000744802586269, -0.000231763217016, 0.000409527303418], [3.93360714952e-05, -0.000290513999062, -0.000564084562939, 0.0048352140002, -0.00214723614044, 0.000534189923201, 0.000347914261511, -0.000544691400137, -0.000424031284638, 0.000595263205469, -0.000197534202016, -0.00115914037451, 0.000207159129786], [0.000150034669787, -4.91909268021e-05, 8.78302453202e-05, -0.00214723614044, 0.00499998126179, -0.00044072009041, 0.000836229708511, -0.000395865412429, -0.000701659242623, -2.74275516858e-05, -3.22105406667e-05, 0.000492064515129, -0.00108350790106], [-4.89184239996e-05, 0.000225604249863, -0.000630621041637, 0.000534189923201, -0.00044072009041, 0.00471673998982, -0.00248142122291, 0.00153477257118, -0.000672150985338, 0.000865899084602, -0.00064602936618, 0.000137885857839, -0.000941272999626], [-3.74201481463e-05, -0.000604020722676, 0.000108051310235, 0.000347914261511, 0.000836229708511, -0.00248142122291, 0.00796724203974, -0.00325170601718, 0.00243218848482, -0.00220493646339, -0.0011625449406, 0.000478214584291, -0.000398904405301], [-0.000165482168086, -0.000111044013465, -3.64372972399e-05, -0.000544691400137, -0.000395865412429, 0.00153477257118, -0.00325170601718, 0.00928034167737, -0.00306784175336, 0.000217831751797, 0.00080471241381, 0.000875886587892, -0.00109612022061], [4.37402668467e-05, -3.29705580953e-05, -0.000648920889944, -0.000424031284638, -0.000701659242623, -0.000672150985338, 0.00243218848482, -0.00306784175336, 0.00905382633209, -0.00267895869911, 0.00142786279321, -0.00191539013758, 0.00184539612383], [-0.000119415533845, -0.000171933395904, 0.000586446200032, 0.000595263205469, -2.74275516858e-05, 0.000865899084602, -0.00220493646339, 0.000217831751797, -0.00267895869911, 0.0112601444125, -0.00441095698625, 0.00304767210037, -0.00163260765839], [4.16329894506e-05, -0.000347647321178, -0.000744802586269, -0.000197534202016, -3.22105406667e-05, -0.00064602936618, -0.0011625449406, 0.00080471241381, 0.00142786279321, -0.00441095698625, 0.0140804499388, -0.00538621423766, 0.00356553075835], [-8.7625841843e-05, 0.000158255192218, -0.000231763217016, -0.00115914037451, 0.000492064515129, 0.000137885857839, 0.000478214584291, 0.000875886587892, -0.00191539013758, 0.00304767210037, -0.00538621423766, 0.0124044483528, -0.00557663850486], [-7.93486651673e-06, -6.5840438765e-05, 0.000409527303418, 0.000207159129786, -0.00108350790106, -0.000941272999626, -0.000398904405301, -0.00109612022061, 0.00184539612383, -0.00163260765839, 0.00356553075835, -0.00557663850486, 0.0133377574384]]}, "silence_rate_20dB": {"dvar2": 0, "var": 0, "min": 1, "dmean": 0, "mean": 1, "max": 1, "dmean2": 0, "median": 1, "dvar": 0}, "melbands_kurtosis": {"dvar2": 6324.90820312, "var": 8086.390625, "min": -1.83757662773, "dmean": 9.0307302475, "mean": 14.8487653732, "max": 5093.70800781, "dmean2": 14.8282823563, "median": 5.89172935486, "dvar": 2797.4543457}, "barkbands_spread": {"dvar2": 121.656509399, "var": 206.50743103, "min": 0.0632986053824, "dmean": 5.02047586441, "mean": 17.5935306549, "max": 118.130279541, "dmean2": 7.58924007416, "median": 14.0538139343, "dvar": 59.9045639038}, "erbbands_skewness": {"dvar2": 0.430397331715, "var": 0.918361246586, "min": -3.5685968399, "dmean": 0.426658779383, "mean": 0.935793340206, "max": 5.79580020905, "dmean2": 0.652669608593, "median": 0.851202964783, "dvar": 0.182258650661}, "average_loudness": 0.203782513738, "spectral_centroid": {"dvar2": 147129.625, "var": 357878.6875, "min": 124.738388062, "dmean": 197.618606567, "mean": 1142.36230469, "max": 11480.8642578, "dmean2": 296.189453125, "median": 1104.07592773, "dvar": 75373.0859375}, "dissonance": {"dvar2": 0.00226088427007, "var": 0.00162642018404, "min": 0.225812748075, "dmean": 0.0298450347036, "mean": 0.44388577342, "max": 0.500000059605, "dmean2": 0.0505724102259, "median": 0.453641265631, "dvar": 0.000811672478449}, "erbbands_flatness_db": {"dvar2": 0.000666757696308, "var": 0.00282912957482, "min": 0.0299286805093, "dmean": 0.0195366442204, "mean": 0.172198727727, "max": 0.357154279947, "dmean2": 0.0277177281678, "median": 0.169537141919, "dvar": 0.00036255735904}, "spectral_strongpeak": {"dvar2": 2.44855523109, "var": 6.09604549408, "min": 0, "dmean": 0.637835919857, "mean": 1.66728293896, "max": 16.7151641846, "dmean2": 1.01182985306, "median": 0.474885612726, "dvar": 1.07178449631}, "spectral_rms": {"dvar2": 3.51626727024e-06, "var": 4.65910034109e-06, "min": 3.15079603033e-12, "dmean": 0.000697015726473, "mean": 0.00358377979137, "max": 0.0124162742868, "dmean2": 0.00108600908425, "median": 0.00301047903486, "dvar": 1.35738787321e-06}, "silence_rate_60dB": {"dvar2": 0.112025998533, "var": 0.129835173488, "min": 0, "dmean": 0.0529161207378, "mean": 0.153329506516, "max": 1, "dmean2": 0.105840913951, "median": 0, "dvar": 0.0501226074994}, "melbands": {"dvar2": [2.02331757464e-05, 3.60736630682e-05, 1.06650566067e-06, 1.83039404078e-07, 1.23561378018e-07, 6.65035173597e-08, 7.88123557527e-08, 9.01355576843e-08, 7.4478535339e-08, 1.06176969439e-07, 2.34580369352e-07, 5.02986381434e-07, 5.68557766201e-07, 3.87587078876e-07, 1.60711053354e-07, 3.51109967767e-08, 1.75026642069e-08, 1.61774025287e-08, 4.1310217469e-09, 1.15386000754e-09, 1.11300890726e-09, 4.72902161874e-10, 1.23734397728e-10, 1.61383323372e-10, 1.39784059328e-10, 8.34509614189e-11, 1.45940717844e-10, 8.72561953247e-11, 3.3430806734e-11, 1.46845157561e-11, 1.28697955071e-11, 8.05583637992e-12, 6.16364077832e-12, 8.02478396233e-12, 1.32622220497e-11, 4.8002253214e-12, 9.38380709942e-12, 6.69391842303e-12, 4.75335959829e-12, 2.35020965363e-12], "var": [5.45603552382e-06, 7.3583255471e-06, 3.10541935278e-07, 8.46952588063e-08, 6.2498116904e-08, 3.44814417019e-08, 6.59373284861e-08, 6.38955839349e-08, 3.94512369439e-08, 1.18851509967e-07, 3.60514547992e-07, 1.7295477619e-06, 1.5709526906e-06, 1.21057757951e-06, 3.85912414913e-07, 1.44813668612e-07, 3.80804010547e-08, 2.68434749984e-08, 5.05579356158e-09, 1.20470322607e-09, 2.38874409142e-09, 5.48927570065e-10, 1.83859705238e-10, 2.0702235759e-10, 1.95368513034e-10, 1.22698837202e-10, 1.89962948149e-10, 9.63386176389e-11, 6.75121139548e-11, 1.63839428136e-11, 1.99953820862e-11, 6.77061618576e-12, 6.80215042279e-12, 1.35136441967e-11, 2.35257004849e-11, 7.13127560475e-12, 9.73010474276e-12, 9.00818308835e-12, 6.48939062209e-12, 2.54481115e-12], "min": [2.84110542712e-24, 2.74280231428e-24, 2.22943885286e-24, 6.84818198204e-24, 3.88911384502e-24, 2.81225362837e-24, 4.47100762543e-24, 5.31982827033e-24, 4.93399561273e-24, 5.73153832664e-24, 5.22745818036e-24, 4.78383317841e-24, 4.91574216024e-24, 2.46750603e-24, 3.39972465538e-24, 7.03295766073e-24, 3.79518220489e-24, 8.08560103088e-24, 6.78198866348e-24, 8.92696299593e-24, 5.53664866229e-24, 1.00600189025e-23, 6.78779231316e-24, 6.47908343081e-24, 7.55492010044e-24, 5.89356522898e-24, 7.45853313074e-24, 4.94911610413e-24, 7.30827406095e-24, 5.05216539861e-24, 5.27963107405e-24, 6.51087570859e-24, 8.54704916169e-24, 8.80948898536e-24, 8.10228701675e-24, 7.3721370844e-24, 7.96775310025e-24, 6.33963017771e-24, 7.46624819039e-24, 7.57139467159e-24], "dmean": [0.000761644798331, 0.000924816296902, 0.000220835281652, 0.000136336690048, 0.000114615846542, 8.77049606061e-05, 7.99428962637e-05, 7.25888894522e-05, 6.34040188743e-05, 8.10759011074e-05, 0.000114717768156, 0.000150654013851, 0.000139446885441, 0.000116740520753, 6.60261357552e-05, 3.22092346323e-05, 2.32028341998e-05, 2.06533895835e-05, 1.11770195872e-05, 6.67738595439e-06, 6.62167531118e-06, 3.74366868527e-06, 2.89972399514e-06, 3.37575784215e-06, 3.57259091288e-06, 2.57871374743e-06, 2.8312467748e-06, 2.3064171728e-06, 1.43225668126e-06, 7.86647945006e-07, 6.69349731197e-07, 6.05879336035e-07, 5.968303185e-07, 7.07297601821e-07, 8.57191878367e-07, 5.46409978597e-07, 5.1348007446e-07, 4.58928752778e-07, 3.99264109774e-07, 2.84170823761e-07], "mean": [0.000770059996285, 0.000828112242743, 0.000278656574665, 0.000201512943022, 0.000181630311999, 0.000131730994326, 0.000138861913001, 0.000119087373605, 9.2423571914e-05, 0.000145716781844, 0.000224513103603, 0.000391959649278, 0.000316994206514, 0.000273149256827, 0.000134141926537, 6.7008419137e-05, 4.2207302613e-05, 3.69899280486e-05, 1.9