{"tonal": {"thpcp": [1, 0.57083106041, 0.127736195922, 0.075653500855, 0.0795973166823, 0.173085168004, 0.259777963161, 0.172986090183, 0.0648498088121, 0.0473306104541, 0.0543953888118, 0.148392081261, 0.265917271376, 0.246616259217, 0.477631270885, 0.804573714733, 0.492561668158, 0.0993448123336, 0.0632112398744, 0.0811859890819, 0.250260204077, 0.485152095556, 0.359192490578, 0.119517996907, 0.0807563066483, 0.0935747474432, 0.222497135401, 0.349895089865, 0.269662618637, 0.236051976681, 0.272171527147, 0.17364102602, 0.114565975964, 0.13138975203, 0.181030675769, 0.626588344574], "hpcp": {"dmean2": [0.114964567125, 0.102109089494, 0.063182413578, 0.0520630404353, 0.0592575669289, 0.0883724018931, 0.123196452856, 0.140301659703, 0.178568691015, 0.171910643578, 0.175803497434, 0.0886603742838, 0.06718429178, 0.0840793251991, 0.133323609829, 0.161852031946, 0.160667851567, 0.109060287476, 0.0845678150654, 0.0993257462978, 0.144364058971, 0.160361811519, 0.172376319766, 0.162725761533, 0.126575112343, 0.121405608952, 0.112330600619, 0.108937285841, 0.16206420958, 0.259867995977, 0.222500011325, 0.232851073146, 0.123613201082, 0.0751424580812, 0.0795558467507, 0.105506442487], "median": [0.0295980758965, 0.0206433404237, 0.00522847520187, 0.00294196605682, 0.00323395081796, 0.0212329272181, 0.0398061238229, 0.0326103530824, 0.103726878762, 0.166390091181, 0.0940405055881, 0.0128312883899, 0.00524965208024, 0.00529122678563, 0.0365788936615, 0.0722436383367, 0.0476412847638, 0.0086744017899, 0.00370813324116, 0.00464937649667, 0.0217778552324, 0.0402501523495, 0.0386764481664, 0.0137765845284, 0.0076223956421, 0.00508127501234, 0.00865281186998, 0.0109795071185, 0.0178031027317, 0.183451026678, 0.323213636875, 0.16392621398, 0.0129826255143, 0.00425604963675, 0.00400849850848, 0.0152482604608], "min": [0, 0, 0, 0, 0, 0, 0, 0, 0, 0, 0, 0, 0, 0, 0, 0, 0, 0, 0, 0, 0, 0, 0, 0, 0, 0, 0, 0, 0, 0, 0, 0, 0, 0, 0, 0], "dvar2": [0.0507731847465, 0.044612634927, 0.0337126106024, 0.0312034133822, 0.0332496874034, 0.0375797711313, 0.0517936572433, 0.0654773414135, 0.0722502917051, 0.0768216699362, 0.0731997564435, 0.0386619381607, 0.0380143597722, 0.0446051508188, 0.0601737201214, 0.0655374526978, 0.0683862864971, 0.0562372691929, 0.0519231408834, 0.0566759929061, 0.0821797475219, 0.0779227539897, 0.0849593728781, 0.0868159234524, 0.0670073702931, 0.0717927962542, 0.0725318565965, 0.0582217611372, 0.0815477594733, 0.106424145401, 0.0976728796959, 0.0873679220676, 0.0633957609534, 0.0429055802524, 0.0466495007277, 0.0521829463542], "dvar": [0.0209500808269, 0.016675170511, 0.0119673730806, 0.0107175298035, 0.0115702645853, 0.0144725209102, 0.0208522584289, 0.0267037209123, 0.027848130092, 0.0333789438009, 0.0280146077275, 0.0139905698597, 0.0132701396942, 0.0165033396333, 0.0230067949742, 0.029319897294, 0.0278624780476, 0.0214039757848, 0.0194575823843, 0.0208321399987, 0.0298347081989, 0.0313016138971, 0.0327298231423, 0.0320892818272, 0.0256845634431, 0.0262772552669, 0.0248405952007, 0.0211037974805, 0.0311295241117, 0.0415451899171, 0.0421359948814, 0.0347850322723, 0.0236309207976, 0.0154800517485, 0.0161259379238, 0.0196030288935], "dmean": [0.0702894479036, 0.0609907023609, 0.0352690406144, 0.0283587314188, 0.0328076444566, 0.0525993034244, 0.0748908892274, 0.0839601010084, 0.107268631458, 0.104332730174, 0.106223195791, 0.049779124558, 0.0365005508065, 0.0469430200756, 0.0790839642286, 0.0998114049435, 0.0970192551613, 0.0623884685338, 0.0472381450236, 0.0552277863026, 0.0834886655211, 0.0977580696344, 0.101693861187, 0.0924362614751, 0.072668351233, 0.0688758194447, 0.0626003444195, 0.0617948621511, 0.0911072492599, 0.154444605112, 0.134428918362, 0.141006812453, 0.0691342130303, 0.0419150069356, 0.0442444570363, 0.0616250783205], "max": [1, 1, 1, 1, 1, 1, 1, 1, 1, 1, 1, 1, 1, 1, 1, 1, 1, 1, 1, 1, 1, 1, 1, 1, 1, 1, 1, 1, 1, 1, 1, 1, 1, 1, 1, 1], "var": [0.0480506978929, 0.0231683216989, 0.00895499251783, 0.0072910967283, 0.00804756302387, 0.0181055609137, 0.0418151430786, 0.0412351749837, 0.065232552588, 0.163874641061, 0.0696997791529, 0.0109913190827, 0.00917111709714, 0.013337418437, 0.0326099209487, 0.0953579172492, 0.0594205781817, 0.0193970631808, 0.0153422197327, 0.0165289398283, 0.036255326122, 0.0648010000587, 0.0407897941768, 0.047237329185, 0.0730178505182, 0.0357107780874, 0.0185993015766, 0.0196334682405, 0.0302760433406, 0.0836696997285, 0.163575977087, 0.0683353319764, 0.0193291381001, 0.0118373082951, 0.0128546729684, 0.0293107032776], "mean": [0.120192825794, 0.0800363793969, 0.0300043988973, 0.0218986999243, 0.0251673981547, 0.0686573386192, 0.123033329844, 0.114103227854, 0.220988154411, 0.372256308794, 0.227896079421, 0.0459643825889, 0.0292462725192, 0.0375627465546, 0.115789189935, 0.224467843771, 0.166189461946, 0.0552980154753, 0.0373639427125, 0.0432947166264, 0.102943912148, 0.161887779832, 0.124766208231, 0.109215401113, 0.125927016139, 0.0803394019604, 0.0530068390071, 0.0607907809317, 0.0837584063411, 0.2899068892, 0.462675213814, 0.264109373093, 0.0591003745794, 0.0350029990077, 0.0368277058005, 0.0800822153687]}, "tuning_equal_tempered_deviation": 0.029253968969, "chords_changes_rate": 0.0289327464998, "key_key": "C", "tuning_diatonic_strength": 0.688629329205, "key_scale": "major", "chords_number_rate": 0.00114964554086, "tuning_frequency": 439.238189697, "tuning_nontempered_energy_ratio": 0.636935830116, "chords_histogram": [40.4100418091, 0.287411391735, 34.0295066833, 0.0191607587039, 0.555661976337, 0, 0, 0, 0.19160759449, 0.0191607587039, 0.153286069632, 0, 0, 0, 0, 3.12320375443, 0, 3.54474043846, 0, 0, 0, 0.249089866877, 9.44625377655, 7.97087574005], "key_strength": 0.918066859245, "chords_key": "C", "chords_strength": {"dmean2": 0.00621651625261, "median": 0.565820336342, "min": 0.24672549963, "dvar2": 3.81519603252e-05, "dvar": 4.613573401e-05, "dmean": 0.00726147741079, "max": 0.812364339828, "var": 0.00715088192374, "mean": 0.559856712818}, "chords_scale": "major", "hpcp_entropy": {"dmean2": 0.823857009411, "median": 1.64586174488, "min": 0, "dvar2": 0.571958780289, "dvar": 0.218427211046, "dmean": 0.496477931738, "max": 3.87069964409, "var": 0.444156855345, "mean": 1.63744938374}}, "metadata": {"audio_properties": {"equal_loudness": 0, "codec": "mp3", "downmix": "mix", "sample_rate": 44100, "analysis_sample_rate": 44100, "bit_rate": 160017, "md5_encoded": "dfce90e530ec4bdfcabdea1db6284d5a", "length": 242.311843872, "replay_gain": -11.0085048676, "lossless": false}, "version": {"essentia_build_sha": "70f2e5ece6736b2c40cc944ad0e695b16b925413", "essentia": "2.1-beta2", "extractor": "music 1.0", "essentia_git_sha": "v2.1_beta2"}, "tags": {"title": ["Just Breathe"], "barcode": ["886919604825"], "media": ["CD"], "albumartist": ["Willie Nelson"], "musicbrainz_recordingid": ["1716914a-b660-4943-a9df-663c6e509350"], "encoding": ["Lavf56.36.100"], "musicbrainz_albumartistid": ["668fd73c-bf54-4310-a139-305517f05311"], "originalyear": ["2012"], "discnumber": ["1/1"], "album": ["Heroes"], "musicbrainz album release country": ["US"], "musicbrainz album type": ["album"], "musicbrainz album status": ["official"], "originaldate": ["2012"], "date": ["2012"], "file_name": "Willie Nelson - Just Breathe.mp3", "musicbrainz_releasegroupid": ["f5563f75-d4fe-42a9-9649-7462641a2ce6"], "script": ["Latn"], "asin": ["B0077PHOR8"], "musicbrainz_albumid": ["01d096ed-bbc3-44f1-b398-76a69153060a"], "artist": ["Willie Nelson with Lukas Nelson"], "artistsort": ["Nelson, Willie with Lukas Nelson"], "tracknumber": ["11/14"], "label": ["Legacy"], "albumartistsort": ["Nelson, Willie"], "musicbrainz_artistid": ["668fd73c-bf54-4310-a139-305517f05311/3e3dae82-05b5-41ff-97c9-d69648a16a80"]}}, "rhythm": {"bpm_histogram_first_peak_bpm": {"dmean2": 0, "median": 99, "min": 99, "dvar2": 0, "dvar": 0, "dmean": 0, "max": 99, "var": 0, "mean": 99}, "bpm": 99.7334365845, "bpm_histogram_second_peak_spread": {"dmean2": 0, "median": 0.400000035763, "min": 0.400000035763, "dvar2": 0, "dvar": 0, "dmean": 0, "max": 0.400000035763, "var": 0, "mean": 0.400000035763}, "bpm_histogram_first_peak_weight": {"dmean2": 0, "median": 0.657635450363, "min": 0.657635450363, "dvar2": 0, "dvar": 0, "dmean": 0, "max": 0.657635450363, "var": 0, "mean": 0.657635450363}, "onset_rate": 4.48986673355, "beats_position": [0.580498874187, 1.17260766029, 1.74149656296, 2.31038546562, 2.87927436829, 3.45977306366, 4.05188179016, 4.6439909935, 5.24770975113, 5.83981847763, 6.43192720413, 7.02403593063, 7.61614513397, 8.2198638916, 8.82358264923, 9.42730140686, 10.0310201645, 10.6347389221, 11.2268476486, 11.8189563751, 12.4110651016, 13.0031747818, 13.6068935394, 14.2106122971, 14.8027210236, 15.3948297501, 15.9985485077, 16.5906581879, 17.1827659607, 17.7748756409, 18.3669834137, 18.970703125, 19.5628108978, 20.154920578, 20.758638382, 21.3507480621, 21.942855835, 22.5349655151, 23.1270751953, 23.7307929993, 24.3229026794, 24.9150104523, 25.5187301636, 26.1108379364, 26.7029476166, 27.3066654205, 27.9103851318, 28.5024929047, 29.106212616, 29.6983222961, 30.290430069, 30.8825397491, 31.474647522, 32.0667572021, 32.6472549438, 33.2509727478, 33.843082428, 34.4351921082, 35.0389099121, 35.6310195923, 36.2231292725, 36.8268470764, 37.4305648804, 38.0226745605, 38.6147842407, 39.2068939209, 39.7989997864, 40.402721405, 40.9948310852, 41.5985488892, 42.1906585693, 42.7943763733, 43.3980941772, 44.0018119812, 44.6055335999, 45.1976394653, 45.7897491455, 46.3934669495, 46.9971885681, 47.6009063721, 48.2162361145, 48.8199539185, 49.4120635986, 49.9925613403, 50.5846710205, 51.1767807007, 51.7688865662, 52.3609962463, 52.9531059265, 53.5452156067, 54.1489334106, 54.7526512146, 55.3563690186, 55.9600906372, 56.5638084412, 57.1675262451, 57.7712478638, 58.3749656677, 58.9786834717, 59.5707931519, 60.162902832, 60.766620636, 61.3703384399, 61.9624481201, 62.5661659241, 63.1582756042, 63.7619934082, 64.3657150269, 64.9694290161, 65.5731506348, 66.1768722534, 66.7805862427, 67.3843078613, 67.98802948, 68.5917434692, 69.1954650879, 69.7875747681, 70.3796844482, 70.9833984375, 71.5871200562, 72.1908340454, 72.7945556641, 73.3982772827, 74.001991272, 74.6057128906, 75.2210388184, 75.8363723755, 76.4400863647, 77.0438079834, 77.6475296021, 78.2512435913, 78.85496521, 79.4470748901, 80.0391845703, 80.6428985596, 81.2466201782, 81.8503417969, 82.4540557861, 83.0577774048, 83.661491394, 84.2652130127, 84.8689346313, 85.4610443115, 86.0647583008, 86.6684799194, 87.2722015381, 87.8875274658, 88.4912490845, 89.0949630737, 89.7102966309, 90.3140106201, 90.9293441772, 91.5330581665, 92.1367797852, 92.7404937744, 93.3442153931, 93.9479370117, 94.551651001, 95.1553726196, 95.7590942383, 96.3628082275, 96.9665298462, 97.5702438354, 98.1739654541, 98.7776870728, 99.381401062, 99.9851226807, 100.588844299, 101.192558289, 101.796279907, 102.400001526, 103.003715515, 103.607437134, 104.211151123, 104.814872742, 105.41859436, 106.010704041, 106.602806091, 107.20652771, 107.810249329, 108.413963318, 109.017684937, 109.621406555, 110.225120544, 110.828842163, 111.420951843, 112.013061523, 112.616775513, 113.220497131, 113.82421875, 114.416320801, 115.031654358, 115.635368347, 116.239089966, 116.842811584, 117.458137512, 118.061859131, 118.66557312, 119.280906677, 119.884620667, 120.488342285, 121.092063904, 121.695777893, 122.299499512, 122.90322113, 123.50693512, 124.122268677, 124.737594604, 125.341316223, 125.945030212, 126.548751831, 127.15246582, 127.756187439, 128.359909058, 128.963623047, 129.567337036, 130.182678223, 130.774780273, 131.378494263, 131.993835449, 132.609161377, 133.212875366, 133.828201294, 134.45513916, 135.082077026, 135.73223877, 136.370788574, 137.044174194, 137.705932617, 138.379318237, 139.02947998, 139.679641724, 140.31817627, 140.979949951, 141.618499756, 142.233825684, 142.849151611, 143.464492798, 144.079818726, 144.683532715, 145.298858643, 145.914199829, 146.517913818, 147.121627808, 147.725341797, 148.317459106, 148.909561157, 149.513290405, 150.117004395, 150.720718384, 151.324447632, 151.928161621, 152.53187561, 153.135604858, 153.739318848, 154.343032837, 154.946762085, 155.562088013, 156.165802002, 156.769515991, 157.361633301, 157.953735352, 158.5574646, 159.172790527, 159.776504517, 160.380218506, 160.983947754, 161.587661743, 162.191375732, 162.79510498, 163.39881897, 164.002532959, 164.606262207, 165.209976196, 165.813690186, 166.417419434, 167.021133423, 167.636459351, 168.24017334, 168.843902588, 169.436004639, 170.039718628, 170.643447876, 171.247161865, 171.850875854, 172.454605103, 173.058319092, 173.662033081, 174.265762329, 174.869476318, 175.473190308, 176.076919556, 176.669021606, 177.261123657, 177.864852905, 178.456954956, 179.060684204, 179.664398193, 180.268112183, 180.860229492, 181.463943481, 182.067657471, 182.671386719, 183.275100708, 183.878814697, 184.482528687, 185.086257935, 185.689971924, 186.293685913, 186.885803223, 187.50112915, 188.10484314, 188.708572388, 189.312286377, 189.916000366, 190.519729614, 191.123443604, 191.727157593, 192.330886841, 192.946212769, 193.549926758, 194.165252686, 194.768981934, 195.372695923, 195.976409912, 196.58013916, 197.183853149, 197.799179077, 198.414505005, 199.029830933, 199.633560181, 200.23727417, 200.829391479, 201.433105469, 202.036819458, 202.640533447, 203.244262695, 203.847976685, 204.451690674, 205.055419922, 205.659133911, 206.2628479, 206.866577148, 207.481903076, 208.085617065, 208.689331055, 209.293060303, 209.896774292, 210.500488281, 211.104217529, 211.707931519, 212.311645508, 212.903762817, 213.507476807, 214.111190796, 214.714920044, 215.307022095, 215.899139404, 216.502853394, 217.106567383, 217.710296631, 218.31401062, 218.906112671, 219.49822998, 220.10194397, 220.705657959, 221.309387207, 221.913101196, 222.528427124, 223.120544434, 223.712646484, 224.281539917, 224.862030029, 225.4425354, 226.023040771, 226.591918945, 227.172424316, 227.718093872, 228.263763428, 228.809432983, 229.297042847, 229.784667969, 230.272293091, 230.748291016, 231.224304199, 231.711929321, 232.222763062, 232.733596802, 233.244445801, 233.766891479, 234.27772522, 234.788574219, 235.229751587, 235.670928955, 236.112106323, 236.553283691, 236.99446106, 237.435638428, 237.888427734, 238.341217041, 238.794006348, 239.258407593, 239.722808838, 240.175598145, 240.63999939, 241.104400635, 241.568786621], "beats_loudness": {"dmean2": 0.0255823340267, "median": 0.0134751815349, "min": 8.44630179131e-08, "dvar2": 0.000655234442092, "dvar": 0.000242326845182, "dmean": 0.0143279293552, "max": 0.109332561493, "var": 0.000416797585785, "mean": 0.0209446530789}, "danceability": 0.978938341141, "bpm_histogram_second_peak_weight": {"dmean2": 0, "median": 0.0147783253342, "min": 0.0147783253342, "dvar2": 0, "dvar": 0, "dmean": 0, "max": 0.0147783253342, "var": 0, "mean": 0.0147783253342}, "beats_count": 407, "bpm_histogram_second_peak_bpm": {"dmean2": 0, "median": 136, "min": 136, "dvar2": 0, "dvar": 0, "dmean": 0, "max": 136, "var": 0, "mean": 136}, "bpm_histogram_first_peak_spread": {"dmean2": 0, "median": 0.260387778282, "min": 0.260387778282, "dvar2": 0, "dvar": 0, "dmean": 0, "max": 0.260387778282, "var": 0, "mean": 0.260387778282}, "beats_loudness_band_ratio": {"dmean2": [0.355977028608, 0.32218053937, 0.209720373154, 0.144665107131, 0.082288980484, 0.0401681400836], "median": [0.38131403923, 0.34496113658, 0.121700830758, 0.0541315115988, 0.028790269047, 0.0126991150901], "min": [0.0112469540909, 0.0274587739259, 0.00968894828111, 0.00216728146188, 0.00111731258221, 0.000143055498484], "dvar2": [0.0793185457587, 0.051493704319, 0.0405044704676, 0.0303275566548, 0.0114971864969, 0.00457638176158], "dvar": [0.028507521376, 0.0177780166268, 0.0143146952614, 0.0111906062812, 0.0044708987698, 0.00154200883117], "dmean": [0.205676332116, 0.187821865082, 0.121700853109, 0.0812430530787, 0.0488401055336, 0.0221795830876], "max": [0.937514901161, 0.88342243433, 0.685582995415, 0.625045120716, 0.48479232192, 0.458562940359], "var": [0.0470343865454, 0.0348034761846, 0.0218029376119, 0.0116446148604, 0.00519841257483, 0.0010580024682], "mean": [0.398441165686, 0.357063055038, 0.169259861112, 0.0930487439036, 0.05506047979, 0.0216690879315]}}, "lowlevel": {"barkbands_spread": {"dmean2": 4.55993318558, "median": 11.1383342743, "min": 0.26045280695, "dvar2": 46.0666160583, "dvar": 21.9057750702, "dmean": 3.03728866577, "max": 88.6214294434, "var": 90.2506790161, "mean": 13.5583171844}, "melbands_spread": {"dmean2": 4.88334465027, "median": 11.4180374146, "min": 0.275775820017, "dvar2": 55.7675247192, "dvar": 28.352771759, "dmean": 3.26296329498, "max": 158.04397583, "var": 169.284484863, "mean": 14.9984970093}, "hfc": {"dmean2": 3.15801954269, "median": 4.35357713699, "min": 1.2460227878e-16, "dvar2": 44.5877532959, "dvar": 27.6555423737, "dmean": 2.44787621498, "max": 203.906524658, "var": 336.867858887, "mean": 10.1400403976}, "barkbands_kurtosis": {"dmean2": 4.32740688324, "median": 3.993663311, "min": -1.87307715416, "dvar2": 537.393737793, "dvar": 291.363311768, "dmean": 2.8201944828, "max": 1623.92504883, "var": 583.094421387, "mean": 6.67279863358}, "gfcc": {"mean": [-83.3177261353, 140.096099854, -121.158447266, 34.7374343872, -54.2912254333, 2.70027446747, -39.4922294617, -3.74349379539, -21.1734333038, -5.46882390976, -6.92290592194, -5.51165151596, -2.84501123428], "icov": [[0.000210557598621, -0.000351279013557, 0.000480627175421, -0.000398584728828, 0.00039879247197, -0.000397852389142, 0.000402780831791, -0.000780723174103, 0.00035316508729, -0.00048078133841, 0.000477511173813, 9.00880604604e-06, 0.000578830600716], [-0.000351279013557, 0.00414514774457, -0.00149376189802, 0.00216526212171, -0.00186379021034, 0.0022363641765, -0.00284699979238, 0.00341301597655, -0.00418968545273, 0.00385955953971, -0.00347060710192, 0.00287991319783, -0.00264329160564], [0.000480627175421, -0.00149376189802, 0.00339363119565, -0.00189066759776, 0.00159730715677, -0.00153706071433, 0.00108838500455, -0.00183237460442, 0.00153696991038, -0.00186570594087, 0.00201576342806, -0.00231440551579, 0.00212565576658], [-0.000398584728828, 0.00216526212171, -0.00189066759776, 0.00417183851823, -0.00157681584824, 0.00128089473583, -0.000911035807803, 0.00215202593245, -0.00290232500993, 0.00182265776675, -0.00141055253334, 0.000934577663429, -0.00221705413423], [0.00039879247197, -0.00186379021034, 0.00159730715677, -0.00157681584824, 0.00560844410211, -0.00117111590225, 0.00122285599355, -0.00216232798994, 0.000791194033809, -0.00220658676699, 0.00117674504872, -0.000549282180145, 0.00107869843487], [-0.000397852389142, 0.0022363641765, -0.00153706071433, 0.00128089473583, -0.00117111590225, 0.00604402087629, -0.00331149389967, 0.00286154611968, -0.00140678684693, 0.00049665075494, -0.00152989057824, 0.000936439319048, -0.0023854249157], [0.000402780831791, -0.00284699979238, 0.00108838500455, -0.000911035807803, 0.00122285599355, -0.00331149389967, 0.00850663613528, -0.00544007914141, 0.00397874694318, -0.00135971582495, 0.000983295147307, -0.000900809071027, 0.00160334783141], [-0.000780723174103, 0.00341301597655, -0.00183237460442, 0.00215202593245, -0.00216232798994, 0.00286154611968, -0.00544007914141, 0.0136582804844, -0.004995635245, 0.00146464712452, -0.0022713302169, 0.000549664022401, -0.00272863684222], [0.00035316508729, -0.00418968545273, 0.00153696991038, -0.00290232500993, 0.000791194033809, -0.00140678684693, 0.00397874694318, -0.004995635245, 0.0121631082147, -0.00425541773438, 0.00351582001895, -2.33975333686e-06, 0.00123784027528], [-0.00048078133841, 0.00385955953971, -0.00186570594087, 0.00182265776675, -0.00220658676699, 0.00049665075494, -0.00135971582495, 0.00146464712452, -0.00425541773438, 0.0120297232643, -0.00311536621302, 0.00190740672406, -0.00189704378136], [0.000477511173813, -0.00347060710192, 0.00201576342806, -0.00141055253334, 0.00117674504872, -0.00152989057824, 0.000983295147307, -0.0022713302169, 0.00351582001895, -0.00311536621302, 0.0131053840742, -0.00316265062429, 0.000745375000406], [9.00880604604e-06, 0.00287991319783, -0.00231440551579, 0.000934577663429, -0.000549282180145, 0.000936439319048, -0.000900809071027, 0.000549664022401, -2.33975333686e-06, 0.00190740672406, -0.00316265062429, 0.0153507841751, -0.00531127490103], [0.000578830600716, -0.00264329160564, 0.00212565576658, -0.00221705413423, 0.00107869843487, -0.0023854249157, 0.00160334783141, -0.00272863684222, 0.00123784027528, -0.00189704378136, 0.000745375000406, -0.00531127490103, 0.0152418445796]], "cov": [[10739.2783203, -429.694793701, -945.004394531, 321.130462646, -181.753479004, 156.852798462, -162.736862183, 367.303375244, 163.182556152, 268.539794922, -252.553039551, -300.336853027, -255.70539856], [-429.694793701, 1212.55859375, -203.010940552, -255.411941528, 160.885650635, -206.382598877, 120.10585022, -72.6096420288, 169.795394897, -209.64453125, 148.339996338, -139.415039062, 52.7269973755], [-945.004394531, -203.010940552, 642.96307373, 167.318725586, -79.175201416, 88.0303726196, -3.30538368225, -6.70816516876, -44.9458770752, 42.2387199402, -36.4033317566, 104.863128662, 1.10642802715], [321.130462646, -255.411941528, 167.318725586, 456.15802002, 17.4135932922, 17.487909317, -71.1337585449, 9.31468868256, 46.2313041687, 47.2288475037, -43.2697944641, 29.5052604675, 11.7038497925], [-181.753479004, 160.885650635, -79.175201416, 17.4135932922, 254.465667725, -21.8207569122, 3.02222108841, 7.92591762543, 51.9240493774, 2.61348962784, 19.0900440216, -23.9815502167, 14.8734235764], [156.852798462, -206.382598877, 88.0303726196, 17.487909317, -21.8207569122, 279.239471436, 64.9086074829, 10.3929891586, -46.186920166, 52.0527381897, -8.69133663177, 31.8398208618, 10.5476694107], [-162.736862183, 120.10585022, -3.30538368225, -71.1337585449, 3.02222108841, 64.9086074829, 217.25453186, 42.0026664734, -34.5942001343, -19.6129379272, 33.3268241882, 1.94421041012, 11.1496562958], [367.303375244, -72.6096420288, -6.70816516876, 9.31468868256, 7.92591762543, 10.3929891586, 42.0026664734, 128.173477173, 19.9359874725, 29.8695678711, -8.33713245392, 3.61891531944, -0.89010310173], [163.182556152, 169.795394897, -44.9458770752, 46.2313041687, 51.9240493774, -46.186920166, -34.5942001343, 19.9359874725, 167.36505127, 8.11383056641, -5.986536026, -39.5903587341, 6.46163606644], [268.539794922, -209.64453125, 42.2387199402, 47.2288475037, 2.61348962784, 52.0527381897, -19.6129379272, 29.8695678711, 8.11383056641, 148.127532959, -17.6832122803, 12.8672275543, -7.07825517654], [-252.553039551, 148.339996338, -36.4033317566, -43.2697944641, 19.0900440216, -8.69133663177, 33.3268241882, -8.33713245392, -5.986536026, -17.6832122803, 116.832992554, 6.54908323288, 21.2439174652], [-300.336853027, -139.415039062, 104.863128662, 29.5052604675, -23.9815502167, 31.8398208618, 1.94421041012, 3.61891531944, -39.5903587341, 12.8672275543, 6.54908323288, 111.939582825, 27.522644043], [-255.70539856, 52.7269973755, 1.10642802715, 11.7038497925, 14.8734235764, 10.5476694107, 11.1496562958, -0.89010310173, 6.46163606644, -7.07825517654, 21.2439174652, 27.522644043, 92.4238357544]]}, "spectral_energyband_middle_low": {"dmean2": 0.00422550085932, "median": 0.00573403947055, "min": 4.32510800611e-22, "dvar2": 4.69305050501e-05, "dvar": 2.16976986849e-05, "dmean": 0.00286255939864, "max": 0.126177698374, "var": 0.000138765972224, "mean": 0.00998117681593}, "melbands_crest": {"dmean2": 3.59405660629, "median": 12.3343582153, "min": 2.21005487442, "dvar2": 11.7615280151, "dvar": 4.60543107986, "dmean": 2.24465274811, "max": 32.3151283264, "var": 19.4848136902, "mean": 13.1139421463}, "spectral_kurtosis": {"dmean2": 5.58252716064, "median": 5.9076051712, "min": -1.12962281704, "dvar2": 38.8386154175, "dvar": 14.6770391464, "dmean": 3.44199776649, "max": 65.1156158447, "var": 33.1150054932, "mean": 7.41899776459}, "spectral_rms": {"dmean2": 0.000614356249571, "median": 0.00305563677102, "min": 3.33035400472e-12, "dvar2": 7.02924751295e-07, "dvar": 3.31568941192e-07, "dmean": 0.000428499508416, "max": 0.0130132138729, "var": 3.66302015209e-06, "mean": 0.00352742220275}, "zerocrossingrate": {"dmean2": 0.00699142925441, "median": 0.03173828125, "min": 0.00390625, "dvar2": 6.90320957801e-05, "dvar": 6.64432955091e-05, "dmean": 0.00581211876124, "max": 0.55419921875, "var": 0.000710381718818, "mean": 0.0369158759713}, "silence_rate_60dB": {"dmean2": 0.0440824143589, "median": 0, "min": 0, "dvar2": 0.0492358393967, "dvar": 0.021555300802, "dmean": 0.0220390949398, "max": 1, "var": 0.0925410538912, "mean": 0.10319057107}, "erbbands_kurtosis": {"dmean2": 1.15517878532, "median": -0.0518543720245, "min": -1.8473277092, "dvar2": 2.88170385361, "dvar": 1.23188185692, "dmean": 0.750895917416, "max": 41.8298568726, "var": 4.9763007164, "mean": 0.546117782593}, "erbbands": {"dmean2": [0.0159821175039, 0.275735616684, 0.970758616924, 2.67461657524, 6.65656900406, 6.36146211624, 7.72743988037, 10.6834974289, 9.85647106171, 16.7649993896, 12.2546215057, 12.7968521118, 13.717215538, 11.7153711319, 16.8502502441, 11.9968852997, 10.295217514, 16.2620277405, 15.0769090652, 7.61178350449, 4.81420946121, 6.03430318832, 6.04024124146, 3.27777457237, 3.07176136971, 3.16907501221, 1.48959255219, 1.14391553402, 1.07996082306, 0.784360468388, 0.585854172707, 0.32201308012, 0.136593952775, 0.0905334800482, 0.0341490767896, 0.0101070553064, 0.00271025532857, 0.000533119018655, 2.68145413429e-05, 6.84491078573e-06], "median": [0.0178123172373, 0.26140421629, 0.57154327631, 1.4328391552, 4.35191249847, 4.6817817688, 7.1009850502, 7.08619403839, 6.18645048141, 3.4897377491, 3.80052304268, 2.12555027008, 3.05300760269, 2.08305811882, 3.691218853, 2.64754319191, 2.71465849876, 3.91819739342, 2.87420606613, 2.57049202919, 2.32814669609, 2.50436997414, 1.85135924816, 1.10543739796, 0.832401752472, 0.909707188606, 0.525170207024, 0.323281526566, 0.238000407815, 0.143432438374, 0.0979992002249, 0.0589653290808, 0.035097874701, 0.0185253117234, 0.00519580533728, 0.00116349337623, 0.000247293181019, 3.69170156773e-05, 8.39156291477e-06, 1.14504446174e-05], "min": [5.04018757128e-22, 2.19517336362e-21, 3.39428515651e-21, 8.34353738648e-21, 3.52502501052e-20, 1.97719650575e-19, 6.60173674059e-19, 4.79195034634e-19, 8.98862016485e-19, 1.03338474514e-18, 1.77102926024e-18, 4.48728442389e-18, 9.40119097102e-19, 7.26720509435e-19, 1.29216085855e-18, 9.33941340057e-18, 5.35401502308e-18, 6.85854695588e-18, 6.30367668252e-18, 5.72444924884e-18, 8.28006635113e-18, 9.75305830076e-18, 9.02228062552e-18, 1.3180706162e-17, 1.60819065029e-17, 2.83760140146e-17, 2.3177180556e-17, 1.66917553357e-17, 1.91637250393e-17, 1.80036604785e-17, 2.1816585908e-17, 1.5210991197e-17, 1.45116629287e-17, 1.02810385868e-17, 9.36002095117e-18, 6.77240974356e-18, 3.27240136311e-18, 1.60552034584e-18, 3.48963382951e-19, 3.71306222768e-20], "dvar2": [0.0110727194697, 3.00277113914, 14.1815032959, 30.9978675842, 138.76008606, 176.968383789, 219.805435181, 682.826660156, 1060.97375488, 4011.86938477, 1594.7109375, 3126.14038086, 3451.00341797, 6929.43310547, 8792.94042969, 2236.94970703, 1709.79931641, 5379.38867188, 9617.01464844, 691.194763184, 195.755661011, 359.815246582, 405.188690186, 115.4034729, 107.412155151, 106.779296875, 12.6235342026, 6.62668228149, 11.9519224167, 6.74510908127, 9.78055095673, 5.86331939697, 0.525955319405, 0.145027592778, 0.0208367221057, 0.00174025935121, 0.000139579162351, 9.25136373553e-06, 1.738138522e-08, 1.90850446558e-10], "dvar": [0.00410631066188, 1.05028533936, 4.99526929855, 11.095621109, 51.2273864746, 65.9679870605, 93.5647201538, 317.211639404, 532.195800781, 1830.74853516, 793.542297363, 1535.87353516, 1553.05737305, 2961.49804688, 4739.83691406, 1160.33288574, 873.741210938, 2374.04150391, 3905.69750977, 303.031036377, 100.625694275, 163.608123779, 207.193252563, 58.2663993835, 57.2117614746, 59.9798774719, 6.14968347549, 3.0423514843, 5.78162670135, 3.54933857918, 5.63025808334, 3.18125295639, 0.355459988117, 0.0839893370867, 0.0102798221633, 0.000868654577062, 6.84776750859e-05, 4.20905826104e-06, 8.73617622688e-09, 8.5063248112e-11], "dmean": [0.00987143907696, 0.168528333306, 0.596017420292, 1.63037467003, 4.13337755203, 4.00356626511, 5.18553209305, 7.1963019371, 7.01178455353, 11.4194726944, 8.79110050201, 9.15426063538, 9.3803691864, 8.65109825134, 12.8003091812, 8.48368167877, 7.46290493011, 11.1290750504, 10.3144989014, 5.22964715958, 3.3417134285, 4.16076087952, 4.29555463791, 2.30421352386, 2.24506497383, 2.2811870575, 0.994464695454, 0.751479506493, 0.712252020836, 0.528032898903, 0.394285708666, 0.223113164306, 0.0986407324672, 0.0651340782642, 0.0241209287196, 0.00705958576873, 0.00189260451589, 0.000365044397768, 1.80937840923e-05, 4.76543209516e-06], "max": [1.82416009903, 26.0968914032, 47.1182785034, 70.3460464478, 183.956253052, 192.994689941, 276.541503906, 759.59777832, 1036.46166992, 1264.66821289, 911.215515137, 1503.56494141, 1296.81152344, 2707.94799805, 3834.48901367, 1477.68139648, 1056.02807617, 1677.75598145, 2873.29077148, 696.739746094, 446.030609131, 456.027984619, 1079.72290039, 336.096374512, 217.618453979, 309.478668213, 95.3322677612, 74.9515075684, 135.408355713, 93.1480865479, 213.924636841, 139.859390259, 43.5044021606, 16.3625335693, 4.24536848068, 1.08508479595, 0.285585016012, 0.157565936446, 0.00587546033785, 0.000200876049348], "var": [0.00452540162951, 0.828839659691, 5.39607715607, 26.4677791595, 145.138122559, 161.692398071, 317.944458008, 1271.58728027, 2183.39453125, 5364.69384766, 2375.22216797, 5161.10009766, 5339.13232422, 11730.1835938, 42937.9492188, 4123.31054688, 3446.34082031, 11162.9052734, 12482.6386719, 871.911193848, 310.228637695, 633.221862793, 1395.54382324, 238.585586548, 228.303466797, 259.073516846, 23.2810535431, 8.61951732635, 20.4205780029, 10.0377922058, 24.8560123444, 12.8328800201, 1.71246230602, 0.28644913435, 0.0279209464788, 0.001918218215, 0.000134254965815, 8.51357617648e-06, 1.78802110895e-08, 5.73548097904e-10], "mean": [0.0346440896392, 0.446856975555, 1.23733556271, 3.05531430244, 8.74282932281, 9.07859420776, 13.0883922577, 17.4872760773, 18.1023445129, 22.8505878448, 18.9340953827, 20.0473861694, 21.9856510162, 21.7426242828, 37.8559455872, 18.7109184265, 17.1836967468, 27.1232089996, 22.4543056488, 11.5692005157, 8.21144390106, 10.1052217484, 10.8907852173, 5.40709686279, 4.9232673645, 5.19381523132, 1.85343027115, 1.08761692047, 1.07729458809, 0.685866951942, 0.563700854778, 0.374866306782, 0.187915533781, 0.108719207346, 0.0353327766061, 0.00950455106795, 0.00251129548997, 0.000513147388119, 3.09042443405e-05, 1.96656892513e-05]}, "spectral_strongpeak": {"dmean2": 0.545352339745, "median": 0.410137474537, "min": 0, "dvar2": 1.14020466805, "dvar": 0.456864118576, "dmean": 0.331532746553, "max": 13.6412935257, "var": 1.57744646072, "mean": 0.791159272194}, "spectral_energy": {"dmean2": 0.00581373693421, "median": 0.0095703387633, "min": 1.13685385022e-20, "dvar2": 0.000143261102494, "dvar": 6.218047929e-05, "dmean": 0.00400147540495, "max": 0.173577323556, "var": 0.000394931994379, "mean": 0.0165083575994}, "average_loudness": 0.203818112612, "spectral_rolloff": {"dmean2": 310.408843994, "median": 559.86328125, "min": 86.1328125, "dvar2": 458996.875, "dvar": 223830.328125, "dmean": 186.526138306, "max": 18733.8867188, "var": 959147.75, "mean": 888.21875}, "spectral_centroid": {"dmean2": 220.717987061, "median": 711.706787109, "min": 99.9192886353, "dvar2": 93429.2734375, "dvar": 48309.0429688, "dmean": 149.826919556, "max": 10225.2763672, "var": 253422.609375, "mean": 855.815368652}, "pitch_salience": {"dmean2": 0.0824989750981, "median": 0.583000719547, "min": 0.0599215179682, "dvar2": 0.00585355143994, "dvar": 0.00228817830794, "dmean": 0.0515695996583, "max": 0.837938725948, "var": 0.00915962830186, "mean": 0.57703769207}, "spectral_energyband_middle_high": {"dmean2": 0.00124960858375, "median": 0.000946114945691, "min": 1.6828153496e-21, "dvar2": 1.75568457053e-05, "dvar": 1.05566759885e-05, "dmean": 0.000988694955595, "max": 0.141004115343, "var": 0.000122921555885, "mean": 0.00374167412519}, "spectral_contrast_coeffs": {"dmean2": [0.0650024116039, 0.0610504038632, 0.0480373427272, 0.0421463400126, 0.0363810732961, 0.0276959929615], "median": [-0.628174781799, -0.684306383133, -0.768693983555, -0.770323932171, -0.783426880836, -0.762570798397], "min": [-0.950993180275, -0.965936899185, -0.95824110508, -0.951838076115, -0.959549486637, -0.959908902645], "dvar2": [0.00293912296183, 0.0026608526241, 0.00158677971922, 0.00118656968698, 0.000891268195119, 0.000550745404325], "dvar": [0.00109684152994, 0.00108158041257, 0.000695153779816, 0.000530371558852, 0.000433860550402, 0.000243543865508], "dmean": [0.0398834459484, 0.0383148118854, 0.0307546239346, 0.027080912143, 0.0244866479188, 0.0177020020783], "max": [-0.337361991405, -0.407677739859, -0.44407787919, -0.518507838249, -0.557295143604, -0.612718999386], "var": [0.00595949776471, 0.00520007219166, 0.00471424451098, 0.00356304063462, 0.00245135091245, 0.00120003591292], "mean": [-0.623815834522, -0.684273481369, -0.755380272865, -0.76271045208, -0.778437495232, -0.764770567417]}, "melbands_skewness": {"dmean2": 0.789896130562, "median": 2.53535461426, "min": -1.17509448528, "dvar2": 0.911263167858, "dvar": 0.395226806402, "dmean": 0.521651148796, "max": 13.6713323593, "var": 2.2183599472, "mean": 2.6636133194}, "spectral_spread": {"dmean2": 755306.875, "median": 3177063.25, "min": 917428.625, "dvar2": 683318312960, "dvar": 429323583488, "dmean": 552384.6875, "max": 39421132, "var": 1491177308160.0, "mean": 3406484}, "dissonance": {"dmean2": 0.0319853127003, "median": 0.455349326134, "min": 0.216868788004, "dvar2": 0.00114239566028, "dvar": 0.000442538323114, "dmean": 0.0197724178433, "max": 0.499965637922, "var": 0.00139551539905, "mean": 0.446823239326}, "spectral_skewness": {"dmean2": 0.558634281158, "median": 1.80337667465, "min": 0.0915537774563, "dvar2": 0.275648742914, "dvar": 0.114175081253, "dmean": 0.364083021879, "max": 6.21943712234, "var": 0.433134138584, "mean": 1.8929117918}, "spectral_flux": {"dmean2": 0.022848540917, "median": 0.0364451296628, "min": 1.06623349039e-10, "dvar2": 0.000814890430775, "dvar": 0.00035294337431, "dmean": 0.0143538108096, "max": 0.322471380234, "var": 0.00142378674354, "mean": 0.0470595657825}, "spectral_contrast_valleys": {"dmean2": [0.493702411652, 0.474400997162, 0.421485632658, 0.412696540356, 0.446773082018, 0.587833046913], "median": [-7.33700895309, -7.23536968231, -8.03239345551, -8.47270202637, -8.4796962738, -11.4915819168], "min": [-27.1380996704, -27.2761077881, -27.2762298584, -27.3050765991, -27.1973514557, -27.1505832672], "dvar2": [0.191962450743, 0.168972268701, 0.128049969673, 0.126800537109, 0.168117538095, 0.365812093019], "dvar": [0.0823833867908, 0.0746729746461, 0.0615991801023, 0.0654247254133, 0.0987540781498, 0.21597468853], "dmean": [0.302717775106, 0.293780177832, 0.267287313938, 0.270570099354, 0.330039799213, 0.461550503969], "max": [-5.12063026428, -4.47974252701, -5.20363378525, -5.84513282776, -6.08898687363, -7.66698598862], "var": [1.17069077492, 1.15597474575, 1.09785699844, 1.29292154312, 1.31160891056, 1.41840958595], "mean": [-7.53308916092, -7.31513547897, -8.07126808167, -8.5577249527, -8.60614490509, -11.5786018372]}, "erbbands_flatness_db": {"dmean2": 0.0252937637269, "median": 0.193608373404, "min": 0.0330622568727, "dvar2": 0.000622056308202, "dvar": 0.000370883324649, "dmean": 0.0189427342266, "max": 0.381427586079, "var": 0.00212103314698, "mean": 0.193547919393}, "spectral_energyband_high": {"dmean2": 0.000109666558274, "median": 4.14567730331e-05, "min": 8.28272911014e-21, "dvar2": 7.34242107114e-08, "dvar": 4.75499817298e-08, "dmean": 7.71213963162e-05, "max": 0.015040403232, "var": 2.79442446072e-07, "mean": 0.00014263279445}, "spectral_entropy": {"dmean2": 0.292330682278, "median": 7.04452848434, "min": 5.05962228775, "dvar2": 0.0825667008758, "dvar": 0.0448755212128, "dmean": 0.212112590671, "max": 9.7804479599, "var": 0.188566505909, "mean": 7.0478219986}, "silence_rate_20dB": {"dmean2": 0, "median": 1, "min": 1, "dvar2": 0, "dvar": 0, "dmean": 0, "max": 1, "var": 0, "mean": 1}, "melbands_flatness_db": {"dmean2": 0.0335260219872, "median": 0.253077864647, "min": 0.00572085985914, "dvar2": 0.00111693271901, "dvar": 0.000577686005272, "dmean": 0.0239194333553, "max": 0.620604932308, "var": 0.00355196231976, "mean": 0.252742141485}, "barkbands": {"dmean2": [1.26369513964e-05, 0.00101133843418, 0.000927717483137, 0.00134336843621, 0.00204126466997, 0.00117714342196, 0.000779802969191, 0.000771874736529, 0.000559010310099, 0.000426979997428, 0.000482923031086, 0.000280783075141, 0.000256012252066, 0.000312933465466, 0.000273640675005, 9.59241224336e-05, 0.00012638377666, 0.000111209446914, 5.97530415689e-05, 6.53577735648e-05, 3.16469268e-05, 2.86547801807e-05, 2.08181572816e-05, 1.05061271825e-05, 6.27893041383e-06, 1.71880151356e-06, 1.87151073305e-07], "median": [4.07865172747e-06, 0.00101758213714, 0.000434145244071, 0.000552724115551, 0.00191623962019, 0.00107210117858, 0.000311754643917, 0.000193617699551, 6.54212053632e-05, 9.53740163823e-05, 7.87779936218e-05, 4.93959960295e-05, 5.38758686162e-05, 6.4338761149e-05, 5.2263665566e-05, 2.99349903798e-05, 4.79138579976e-05, 2.63079709839e-05, 1.6855483409e-05, 1.82484200195e-05, 9.50463072513e-06, 6.33097533864e-06, 3.5976925119e-06, 2.47875505011e-06, 1.16248259019e-06, 1.69627085711e-07, 6.21146822866e-09], "min": [1.01668866781e-24, 1.18837130652e-23, 2.99291658073e-24, 4.24747994363e-24, 6.75231234731e-23, 5.13192578367e-23, 6.73422723774e-23, 5.12735985675e-23, 1.87720610046e-22, 1.39459911089e-23, 1.99007628722e-23, 1.99451501821e-22, 1.07869950896e-22, 1.43756647113e-22, 1.02149952027e-22, 1.48496590438e-22, 1.74604579495e-22, 1.75687022875e-22, 2.52936271195e-22, 6.3991588838e-22, 4.34558405842e-22, 6.35608884542e-22, 6.65393747968e-22, 7.61249258925e-22, 1.17768961237e-21, 1.95356190385e-21, 2.50903024495e-21], "dvar2": [2.94094348874e-09, 4.25414145866e-05, 8.6831732915e-06, 7.29085695639e-06, 1.20558788694e-05, 6.26423752692e-06, 7.51873949412e-06, 6.77320667819e-06, 5.10463132741e-06, 5.82424445383e-06, 7.64955439081e-06, 1.31919694013e-06, 1.36909272896e-06, 1.8796713448e-06, 2.41344218921e-06, 9.12744226866e-08, 1.57103357878e-07, 1.45667499396e-07, 3.88674941121e-08, 4.26443733659e-08, 5.13394926571e-09, 6.5089196255e-09, 9.63784874131e-09, 4.8399040331e-09, 6.74182931704e-10, 5.45580629285e-11, 1.07927360625e-12], "dvar": [1.21896714944e-09, 1.50453633978e-05, 3.00387614516e-06, 2.76845389635e-06, 4.38421329818e-06, 2.84383440885e-06, 3.72722433895e-06, 3.15892771141e-06, 2.39559290094e-06, 2.41595444095e-06, 4.19191883338e-06, 6.78024491663e-07, 5.83618600558e-07, 8.45440524699e-07, 9.60021566243e-07, 4.22743191564e-08, 6.81618601561e-08, 6.99707314311e-08, 2.00687964025e-08, 2.37547865822e-08, 2.25997220937e-09, 3.52069862153e-09, 5.86651616175e-09, 2.81424528126e-09, 3.64152707988e-10, 2.68519251972e-11, 5.61400535434e-13], "dmean": [7.69693178881e-06, 0.000620522419922, 0.000563662033528, 0.000827474577818, 0.00128450198099, 0.000800850684755, 0.000547647243366, 0.000533639395144, 0.000390410335967, 0.000298012921121, 0.000360402133083, 0.000193552157725, 0.000176654226379, 0.000211216305615, 0.000183756317711, 6.4652900619e-05, 8.54157915455e-05, 7.65417280491e-05, 4.2130897782e-05, 4.75079796161e-05, 2.05116430152e-05, 1.90773262148e-05, 1.39464063977e-05, 7.57349243941e-06, 4.5378287723e-06, 1.20705408335e-06, 1.25528273998e-07], "max": [0.000714346882887, 0.101307407022, 0.0337611734867, 0.0399897545576, 0.040031824261, 0.0613438896835, 0.072696775198, 0.0559229254723, 0.0490465760231, 0.0753760263324, 0.0931295454502, 0.0315921455622, 0.0344948470592, 0.032886043191, 0.04268676042