{"metadata": {"tags": {"label": ["Rock Proper"], "genre": ["Americana, Country, Indie Folk"], "album": ["Whatever Happened I Apologize"], "musicbrainz album type": ["album"], "script": ["Latn"], "albumartistsort": ["Bennett, Jay"], "musicbrainz album release country": ["US"], "acoustid_id": ["e916fa08-4f3d-47c4-bd53-bef8f5470180"], "musicbrainz_artistid": ["89e00fb9-0553-48bb-b665-69ed0fc0a38d"], "musicbrainz_releasegroupid": ["9df6bb6c-3f5e-3fd7-b254-0acade6c993c"], "musicbrainz_recordingid": ["1717847a-0c6f-443f-bb0d-0a4bd453b1d4"], "musicbrainz album status": ["Official"], "albumartist": ["Jay Bennett"], "originaldate": ["2008"], "artist": ["Jay Bennett"], "bpm": ["116"], "musicbrainz_albumid": ["c0e7a74d-369a-417e-97b8-f206e76f02f0"], "artistsort": ["Bennett, Jay"], "title": ["Another Town Another Ride Another Window"], "tracknumber": ["1/10"], "musicbrainz_albumartistid": ["89e00fb9-0553-48bb-b665-69ed0fc0a38d"], "encodedby": ["iTunes v7.6"], "discnumber": ["1/1"], "date": ["2008"], "acoustid_fingerprint": ["AQADtEo0dgoVNKeFisoyPEp8_EayHHmDZj9u40mSNDgtOLmigheH5MqJsDt29JgeC3bwZQ-cXEL4DcnR8Bb6GN-Mhxma5DSqJ0Jy6cgDOiJenDncH69G4ZmF5hP0C82T4_fwRU7whBmqo0nyFXkyJNeHB_3hL8WboaE04YkeBT-RI-GDj8WbJ3iypLikw3mKpw2uIEebDy8uBc0VqE-EC42io5Vw6QkOscYzLeCO98L07GgYU3ieQv03hKmNNhHxK8PZBO-OhkWpC2-POF4YKFuR7yiZK7iEdFLRRyFxSOPyLDibJvCJR8nxQtZo9JvhYuR2-NAq4xp2PcHTHp6aHup45Dw-Phsa3igbBQeHMHUYJFuPOxvuhMTxXfjR7DaqZUesY8r5Q89MoHlxZcdP_EKvo3mM58rgLYE-_DZ-J_gjq8jjw9ODHw-L5uvxBE201EGYJLlS9Id-XMHROEefKIfeB-vBPofizBrq6bBlfBF6Hpd06GqyJHikJJsUhMnR5vjxUwmm5EXn8RiP3Iee5viPmckT4w4R5ziNPEyGhifaUsSrQXqRokdznHnwRGBuNEc-Hc8eqEsQZwT1bXhw9AitQNcRJvWYoUr0FBey5MbELIuh3wjJKHgy5EoOnTmUhxeaC3nwJMezK-D8FD8m_SyS5cjT4xl3XEffPESzHk_xwGd2XIqCeCGgeMinNviFW3DDEFeiIOePP0HPFGm34wdjHpeU40YuDslvBs-FkzmeHNfRHz6qtMefCn-C3JCaLNoxn0eoP2jkIdZTJI9yoc8YoYnE48J13PAZXDmuHInV410QJvfRK8EfPMkPV2Fx7FFVsMd_4rqOXJOUY0e0p8c7SsX_HM2OfDSkH_kDawo4sTeaJR8eHD4P4NSQS4KWS5aRL8QmXkSt4mh6o1VJ7NfwRjeqH0wSE1eY41mcouSDCTme9KjoBw3VINfxTkf9IfV0okmm5bhEpQn-4TveixCzC9czGfmMZnqOacxxoVk2VeiTWDFOXWCUH0yWtUFy5MqSo3EP5ngfXDm4hMyOt8f_oQx3HD1FfBe-YKu0HfkwJ1umQF-No3kQ6TvxJyEeG08WHdt4_EuNH1SVy_iiSBQe8ugbdJWEosmSBLkkB4f0IHcSTI9gRSbqhMF55NCPvMc5lUE_HQ1P5N5iJE_RZ_hW9MkV_EKX4RKDvIdCP0LIo4tONEzw_lh_41GFqxHM5MK_4nmQI2FlPMM1VjGuK8HJ4U_wI4-M69D1JdAyMuh7xOlx6YzRnlLQbFOO5iIi3cdDBvyDv9h4BiWFMHHRhVGO5ksqPDli_tBDG82DkNqF62ge9Di7C8_R8EavRZJwq3BS3FnxPDCXfNiP5zjSpOGg_sjN4HqEOgd94_CPssNTxKShL1eQh7h-lOG8gfpD_MGTDU0TxcWlgDmbwEcf_EmaIc6uBXoS5OiD5jy-RNjFLJhzkThyVJwe9ElkFGEmETmuPMebCt8IZ4fAKz-0ajqYVKFR8ghTXWD340c_URF-PQizNYP6HWF-9MU541HYYP5xFFPO7PgD7kmVBCvXGteCXCEhO4d74zveE-KRh8cjR8H5oy_M6OiaWTG-48cNP3wQP4F-5IT34D72PeBT7K_x6MUlJhzy_NCSR7GM6cXJE2dufAR5KPzQB80TXTh-JM_xx3By48zxD_-x7aBz7DrSSSRRKwuh5RPULg8u0kHYMR_KJqHwJQ8mK6kyhMlj6LyIsHvxp-CjHdeJ3viNH1TJ40IOxdKR68d1_HC-B_lT4_yha0g79riE6e8Q5sdPQ09-ZEmPyp1w4g5uIk8PP9ATBdmV4MfzY9yH8hFcHReuHxf6UMNJHt9yoduLqzk82QiP5JXQPWhyfBmNX7gPNxuO7wRKhmimhC52BMxnKHuS4Jdk5CHRB8fIBLkO_US8D1cT9NLhJtJRI18MvUX4w92xMfnwDg-sFaEzKPoRZiSu_LiyWNhc48dDXJkCR8k25P2xZ9BkBj6aOkPeg97xo7leVBSDy0KVP6CeGPmhD3ae4rKCWhE-5sRNR8Wq9EKlC6mjox5DnFdReBnZwPvh56i-oMooNE4Q-QeP6KgVJVvgS3rxSMTPBelp6Noy5Alw5sHMjEQPbsXlYNeFpF8eRCd6UIw5eGuOemaC6Rf8oRKXCDfyBPuPHzs9dM1iwUflHM-Oq_nQF0alW8F_PHmQz2QwJUevH2yv48ee4kgPXdGKe-WQt0SjN8R5fINfI_coQnSOkMyx48_xLM7hkVbwwWPw9HgwHU14XEdnZROO_MKhczhcPziK4-_RcBl6_Dj04NTRvYRufFEe5PDYoseMg05CEdcNLs4xetoRfoeW4wry2Ee_o3yM3MR7QVM3EWE0ecS1B0fcI92zBBeR_9ASKaeGPsLzDDkZ_C98PFGIVFNC4oGq50jH7MGj0_gexJQeJLtiNFfSCPeHJzwuJYe7KI_wOEdy5Dq-pCRqU0ETT8ezDReSM4h-8MeZRRNOxkKD9glY0TnORCFOH2HU5KhEytBZTG8Q_ThltBx4p0VjodQWnPgvhMqTDz6uK9CaPPjxHH-O64nB9UL4_GhCZTx-7Phx50ee1Ei2iYePXzmaSVKK37ge5Dk0PkaYMKFx5fiFbnHRhJKPPUIY9oN2K8iZ4jn-lOiTI8_RvIeOPEkZPD_uEJOWhPiPF82uCGc83DoST0lwrdmRctkaNOOFPriJ3PADHRcTxUF_fNThH71w5JyPH-h3-MGHDxUPIBRgSBGAFACMAOMYAQZAChRSgDCgLDEAAECAMMAAhJSQxDAjAAEEKIYcEQgZBUBjikAADTFgOCOAAAQA4hxRBgBiABMGCGAkAgARIwAxShgigHcISGUoMc4BIBBAThGkBDAACCKEAUAQpwgDhDECkeFUCEAIYwQg4hgDwEAmiUAIHEMQE0BIBoxikCihuEEKMKG4EYIZhpBBRgBjEMLEAEaAA8RKQACxAlCiACLAAYAEMYYJorAhiCICGCCEIEyAQAgIZRwCQAgiiBLeIQoQIIgQIyxDiAhxjAGCAICEQIAAIQAAyAEAlAjDEQIogEEYQgghzgAUkDCAGGAYMEwZBJQAjAEDAFCQAEOQRQAJAgQSQICBmBIWIEQEccYwCwBTRhAABWCSGqgwIgAAQQxSCAAgAXHGOUIIARAgophAjBgCBACMKESEAgQIAIQRDDCiDABMMGAQQoYCAhRhAAEKjDHIIKIcIgowZYAxiAAgCFOMCCCAEURYgpgixAEAEAEKSUAIYAYJJwQQAiCkhCOKYCCcAAQS4JAwkBjGgGBKEQFJAFAwJYAxgBhADFECAASIUIhKIgAjGghnGDAISAIkBFgBAgRCQCAigEDMIaOEkc4QBYhyCAhAgAEGMGGEIQoBwARAklACqAJGKGIUQoIJYgAyBmAlhGEGAQeBYBIooJwBCjBIhCBICIOIYw4wgpCEBAiDhTCAKQSgUEBCQpgBAAjDgBAEAIWQBoAaAIBhwApjAOCEGIEgEUI5ZChCggAmBDAIAWSAAIQIJy8BCDDgACBAAQEYMIox6xhygoChgWUICMGAQIgYA4xSjAAhjEOECAKYQIAYh4kjCAErhDIEYAQGEUYQBAgRRAgAgBTcECIAo4ABTggjChikHBQMMCAMIJgYwwRDBgiiCCBAEBAIAUQYRQAAiiGliECWWGGAUswgBAABQnEFgEGOCEoYEAAZhRSAgBgDDGCMCCGJsNBB"], "media": ["Digital Media"], "file_name": "01 Another Town Another Ride Another Window.mp3", "language": ["eng"]}, "audio_properties": {"sample_rate": 44100, "downmix": "mix", "lossless": false, "analysis_sample_rate": 44100, "md5_encoded": "c533ead254555cbcd01e88df03b08169", "equal_loudness": 0, "replay_gain": -14.1317024231, "codec": "mp3", "bit_rate": 320000, "length": 185.286529541}, "version": {"extractor": "music 1.0", "essentia_build_sha": "70f2e5ece6736b2c40cc944ad0e695b16b925413", "essentia_git_sha": "v2.1_beta2", "essentia": "2.1-beta2"}}, "rhythm": {"beats_loudness_band_ratio": {"dvar2": [0.0994297340512, 0.0718614310026, 0.117926955223, 0.0602980256081, 0.0196085758507, 0.222251459956], "var": [0.066743388772, 0.0346977002919, 0.0487317405641, 0.019132560119, 0.00514746503904, 0.0517398007214], "min": [0.000255541235674, 0.000195556262042, 0.000486021657707, 0.000518372398801, 0.000637362652924, 0.000121407545521], "dmean": [0.227532327175, 0.192205503583, 0.207011952996, 0.130963563919, 0.0527963936329, 0.132682323456], "mean": [0.325849086046, 0.211730927229, 0.247824504972, 0.139521226287, 0.0518098659813, 0.0841434970498], "max": [0.919958233833, 0.835321307182, 0.889279484749, 0.895066797733, 0.668407440186, 0.995697259903], "dmean2": [0.394282251596, 0.332621693611, 0.368743926287, 0.237718969584, 0.0948229059577, 0.253637343645], "median": [0.27308216691, 0.146935403347, 0.185996159911, 0.0967055112123, 0.0290507879108, 0.011122064665], "dvar": [0.0362422987819, 0.0257796850055, 0.0408403202891, 0.0202707573771, 0.00642764149234, 0.0788172930479]}, "bpm_histogram_first_peak_weight": {"dvar2": 0, "var": 0, "min": 0.311764717102, "dmean": 0, "mean": 0.311764717102, "max": 0.311764717102, "dmean2": 0, "median": 0.311764717102, "dvar": 0}, "bpm": 114.942527771, "beats_count": 341, "bpm_histogram_first_peak_spread": {"dvar2": 0, "var": 0, "min": 0.520361959934, "dmean": 0, "mean": 0.520361959934, "max": 0.520361959934, "dmean2": 0, "median": 0.520361959934, "dvar": 0}, "danceability": 0.975205540657, "bpm_histogram_first_peak_bpm": {"dvar2": 0, "var": 0, "min": 115, "dmean": 0, "mean": 115, "max": 115, "dmean2": 0, "median": 115, "dvar": 0}, "beats_position": [0.53405892849, 1.06811785698, 1.57895684242, 2.08979582787, 2.60063481331, 3.09986400604, 3.59909296036, 4.09832191467, 4.62077093124, 5.11999988556, 5.61922883987, 6.13006782532, 6.64090681076, 7.14013576508, 7.63936471939, 8.13859367371, 8.66104316711, 9.17188167572, 9.682721138, 10.1935596466, 10.7043991089, 11.2036275864, 11.7028570175, 12.2136955261, 12.7361450195, 13.2585935593, 13.7810430527, 14.3034915924, 14.8143310547, 15.3251695633, 15.8360090256, 16.3352375031, 16.9621772766, 17.5891151428, 18.2160549164, 18.8546028137, 19.4815406799, 20.1084804535, 20.7354183197, 21.3739681244, 22.0125160217, 22.8019943237, 23.5682544708, 24.3577327728, 25.158821106, 25.9018592834, 26.6216773987, 27.3414955139, 28.0729255676, 28.7811336517, 29.4893417358, 30.0698413849, 30.6387290955, 31.2308387756, 31.8113365173, 32.3802261353, 32.960723877, 33.5412254333, 34.121723175, 34.7022209167, 35.2827186584, 35.8051681519, 36.3392295837, 36.8732872009, 37.3841247559, 37.9065742493, 38.4290237427, 38.9514732361, 39.4739227295, 39.9847602844, 40.4956016541, 40.9948310852, 41.4940567017, 41.9932861328, 42.492515564, 43.0033569336, 43.5141944885, 44.0366439819, 44.5590934753, 45.0931510925, 45.6272087097, 46.1496582031, 46.6721076965, 47.1829452515, 47.6937866211, 48.2162361145, 48.7270736694, 49.2263031006, 49.7371406555, 50.2479820251, 50.7704315186, 51.2928771973, 51.8153266907, 52.3377761841, 52.8486175537, 53.3710632324, 53.9051246643, 54.4391822815, 55.0661201477, 55.6930618286, 56.3083877563, 56.912109375, 57.5042152405, 58.0963249207, 58.7000427246, 59.3037643433, 59.8494338989, 60.3718795776, 60.9059410095, 61.4167785645, 61.9276161194, 62.4500656128, 62.9725151062, 63.5181846619, 64.0754623413, 64.621131897, 65.1435852051, 65.6660308838, 66.1884765625, 66.6993179321, 67.2101593018, 67.7326049805, 68.2434463501, 68.7542877197, 69.26512146, 69.7759628296, 70.2868041992, 70.7976379395, 71.3549194336, 71.9122009277, 72.4694747925, 73.0267562866, 73.5840377808, 74.1413116455, 74.6985931396, 75.2558746338, 75.8131484985, 76.3820419312, 76.9741516113, 77.5198135376, 78.0654830933, 78.5995483398, 79.133605957, 79.6444396973, 80.1552810669, 80.677734375, 81.2001800537, 81.7342376709, 82.256690979, 82.7907485962, 83.3131942749, 83.8472518921, 84.3697052002, 84.8805389404, 85.4029922485, 85.9138336182, 86.4246673584, 86.935508728, 87.4579544067, 87.9920196533, 88.537689209, 89.0717468262, 89.5709762573, 90.0702056885, 90.5810394287, 91.1034927368, 91.6259384155, 92.1483917236, 92.6708374023, 93.181678772, 93.7041244507, 94.2265777588, 94.7490234375, 95.2714691162, 95.8055343628, 96.33959198, 96.8620376587, 97.3960952759, 97.918548584, 98.4409942627, 98.9634475708, 99.474281311, 99.9851226807, 100.49596405, 101.006797791, 101.529251099, 102.051696777, 102.562538147, 103.073379517, 103.584213257, 104.106666565, 104.629112244, 105.151565552, 105.67401123, 106.196456909, 106.718910217, 107.229751587, 107.752197266, 108.274642944, 108.797096252, 109.319541931, 109.830383301, 110.352828979, 110.863670349, 111.397727966, 111.943397522, 112.46585083, 113.011520386, 113.557182312, 114.102851868, 114.613693237, 115.124534607, 115.646980286, 116.169433594, 116.703491211, 117.237548828, 117.759994507, 118.282447815, 118.793289185, 119.315734863, 119.84979248, 120.36063385, 121.034011841, 121.71900177, 122.369155884, 123.019317627, 123.611427307, 124.203536987, 124.784034729, 125.318092346, 125.852149963, 126.362991333, 126.873832703, 127.396278381, 127.91872406, 128.441177368, 128.986846924, 129.497680664, 130.020126343, 130.54258728, 131.088256836, 131.622314453, 132.167984009, 132.713653564, 133.25932312, 133.804992676, 134.339050293, 134.861495972, 135.372329712, 135.894775391, 136.417236328, 136.928070068, 137.438903809, 137.949752808, 138.448974609, 138.94821167, 139.447433472, 139.946670532, 140.457504272, 140.968338013, 141.467575073, 141.978408813, 142.489242554, 143.011703491, 143.522537231, 144.033370972, 144.532608032, 145.031829834, 145.542678833, 146.065124512, 146.58757019, 147.121627808, 147.644073486, 148.166534424, 148.677368164, 149.188201904, 149.710647583, 150.233108521, 150.743942261, 151.277999878, 151.800445557, 152.322906494, 152.845352173, 153.367797852, 153.89024353, 154.412689209, 154.923538208, 155.445983887, 155.968429565, 156.479278564, 156.990112305, 157.512557983, 158.081451416, 158.650344849, 159.219223022, 159.788116455, 160.391830444, 160.914276123, 161.436737061, 161.982406616, 162.516464233, 163.038909912, 163.584579468, 164.141860962, 164.710739136, 165.256408691, 165.790466309, 166.324539185, 166.835372925, 167.357818604, 167.880264282, 168.414321899, 168.936782837, 169.459228516, 169.981674194, 170.504119873, 171.026565552, 171.549026489, 172.083084106, 172.593917847, 173.104751587, 173.603988647, 174.126434326, 174.637283325, 175.148117065, 175.647338867, 176.169799805, 176.692245483, 177.214691162, 177.737136841, 178.271194458, 178.816864014, 179.362533569, 180.001083374, 180.62802124, 181.254959106, 181.881896973, 182.508834839, 183.135772705, 183.762710571, 184.401260376], "beats_loudness": {"dvar2": 0.000857589242514, "var": 0.000483519164845, "min": 2.0065722417e-09, "dmean": 0.0164068024606, "mean": 0.0215623211116, "max": 0.102449692786, "dmean2": 0.0282345041633, "median": 0.0147070689127, "dvar": 0.00035007839324}, "bpm_histogram_second_peak_weight": {"dvar2": 0, "var": 0, "min": 0.0794117674232, "dmean": 0, "mean": 0.0794117674232, "max": 0.0794117674232, "dmean2": 0, "median": 0.0794117674232, "dvar": 0}, "bpm_histogram_second_peak_spread": {"dvar2": 0, "var": 0, "min": 0, "dmean": 0, "mean": 0, "max": 0, "dmean2": 0, "median": 0, "dvar": 0}, "bpm_histogram_second_peak_bpm": {"dvar2": 0, "var": 0, "min": 120, "dmean": 0, "mean": 120, "max": 120, "dmean2": 0, "median": 120, "dvar": 0}, "onset_rate": 3.59943509102}, "lowlevel": {"spectral_energyband_high": {"dvar2": 1.04381306301e-05, "var": 2.27914824791e-05, "min": 7.73930618282e-21, "dmean": 0.000552295474336, "mean": 0.000982844270766, "max": 0.0571583434939, "dmean2": 0.00074085284723, "median": 4.10821703554e-05, "dvar": 7.18680757927e-06}, "spectral_energyband_middle_low": {"dvar2": 6.89387670718e-05, "var": 0.00026070207241, "min": 3.7949657099e-22, "dmean": 0.003168432042, "mean": 0.0112457117066, "max": 0.116563178599, "dmean2": 0.00438621873036, "median": 0.00423500966281, "dvar": 3.87236104871e-05}, "spectral_energy": {"dvar2": 8.2944316091e-05, "var": 0.000365830695955, "min": 1.02589039832e-20, "dmean": 0.00398844154552, "mean": 0.0160793792456, "max": 0.123352669179, "dmean2": 0.00547365704551, "median": 0.00812406372279, "dvar": 4.71365565318e-05}, "spectral_spread": {"dvar2": 1584920920060.0, "var": 5206627057660.0, "min": 977427.25, "dmean": 663187.4375, "mean": 4013608, "max": 39401532, "dmean2": 953582.625, "median": 3672235.75, "dvar": 892379856896}, "spectral_energyband_low": {"dvar2": 4.96383108839e-06, "var": 6.22646530246e-06, "min": 4.34786683255e-23, "dmean": 0.000829364173114, "mean": 0.00165753473993, "max": 0.0340424478054, "dmean2": 0.00128603179473, "median": 0.0008303897921, "dvar": 2.1725361421e-06}, "spectral_rolloff": {"dvar2": 2833982.75, "var": 5862595.5, "min": 107.666015625, "dmean": 400.890594482, "mean": 1432.2479248, "max": 21468.6035156, "dmean2": 658.594909668, "median": 882.861328125, "dvar": 1475490.125}, "barkbands": {"dvar2": [7.90574691215e-13, 7.14631767096e-08, 1.1710939134e-06, 5.81215363127e-06, 5.85314228374e-06, 1.13801343105e-05, 3.42736857419e-05, 1.84365180758e-05, 2.53681400864e-06, 8.48503589168e-07, 1.20145614346e-06, 4.50590363243e-07, 1.37836650538e-06, 1.30641262786e-06, 1.35559582759e-06, 3.81931016591e-07, 2.43464683081e-07, 8.94842031585e-08, 3.01320390861e-08, 2.66091319645e-07, 5.82751852107e-07, 1.42792248425e-06, 9.53348603616e-07, 7.73619831307e-07, 8.53127403388e-07, 3.90629431024e-08, 1.87371695937e-09], "var": [3.1346024951e-13, 8.2731624218e-08, 1.09169752704e-06, 6.50842957839e-06, 1.10965984277e-05, 3.83516598959e-05, 8.47484261612e-05, 2.95701192954e-05, 5.26422218172e-06, 1.26503368847e-06, 3.09183474201e-06, 1.09971028905e-06, 1.26919030663e-06, 2.33577520703e-06, 1.59214744144e-06, 4.52793045724e-07, 2.36880751459e-07, 6.28739940112e-08, 2.22939515737e-08, 8.48915320262e-08, 4.78377558011e-07, 2.11378778658e-06, 1.53072551257e-06, 1.09262498427e-06, 9.51864478793e-07, 3.71661172949e-08, 4.11307699011e-09], "min": [2.66634323322e-23, 9.67525515137e-24, 5.72302217874e-24, 4.00659645417e-23, 4.72522885953e-23, 1.14341273513e-22, 1.97931922215e-23, 2.41782601566e-23, 1.27386824075e-22, 5.95176241674e-23, 7.98764706787e-23, 6.85279555615e-23, 9.07471443466e-23, 5.09247800525e-23, 9.11631012356e-23, 1.98510232989e-22, 1.41378389256e-22, 2.0569863648e-22, 2.11919795527e-22, 2.79169013872e-22, 4.99378235522e-22, 4.83381550003e-22, 7.01284066635e-22, 9.55472973217e-22, 1.0816193293e-21, 1.92288695289e-21, 2.24605143364e-21], "dmean": [1.84857000818e-07, 8.23480004328e-05, 0.00038399422192, 0.000817068794277, 0.000872164440807, 0.000767439429183, 0.00123904354405, 0.000879644707311, 0.00030864198925, 0.000245000002906, 0.000284470646875, 0.000133644061862, 0.000188824444194, 0.000215029635001, 0.000173892462044, 8.49038915476e-05, 9.46250656852e-05, 4.67525569547e-05, 3.18856218655e-05, 4.17938535975e-05, 9.7170493973e-05, 0.000161980729899, 0.000125048303744, 0.000110968721856, 0.000105815801362, 2.55078266491e-05, 5.58966848985e-06], "mean": [1.86639269373e-07, 0.00014542612189, 0.000753965228796, 0.00144470343366, 0.00222750706598, 0.00195170729421, 0.00289379199967, 0.00189434806816, 0.000664794701152, 0.000562314700801, 0.000701679848135, 0.000288435898256, 0.000328444119077, 0.00043374163215, 0.00032018130878, 0.00015739655646, 0.000171023741132, 7.53719214117e-05, 5.32102167199e-05, 5.46903393115e-05, 0.000138196293847, 0.000258304178715, 0.000196263426915, 0.000167131205671, 0.000151919506607, 3.57310964318e-05, 8.80511288415e-06], "max": [1.2495322153e-05, 0.00369762303308, 0.0111752552912, 0.0304407738149, 0.0298953987658, 0.0737997889519, 0.113201633096, 0.0660741254687, 0.0412662029266, 0.0142526850104, 0.0436330474913, 0.0253845266998, 0.0252396836877, 0.0430990345776, 0.0382799990475, 0.0159202646464, 0.00823986995965, 0.00991292670369, 0.00448849238455, 0.0177479572594, 0.0124690970406, 0.0314305610955, 0.0250140000135, 0.0197894908488, 0.0252078548074, 0.00404509902, 0.00259267445654], "dmean2": [3.17888805057e-07, 0.000128166095237, 0.000627514789812, 0.00125281920191, 0.00133460154757, 0.00107386684977, 0.00172602199018, 0.00122714566533, 0.000437581562437, 0.000360855367035, 0.000393523368984, 0.000189888887689, 0.000283029105049, 0.000306438654661, 0.000264975446044, 0.00012960715685, 0.000143321973155, 7.04947742634e-05, 4.90897473355e-05, 6.64736435283e-05, 0.000146558246342, 0.000227806696785, 0.000170250394149, 0.00015500166046, 0.000150824474986, 3.73015136574e-05, 7.59169961384e-06], "median": [2.29797123552e-08, 3.7762158172e-05, 0.000394031783799, 0.000471904146252, 0.000884255103301, 0.000253089587204, 0.000304620305542, 0.000285708811134, 0.00014063087292, 0.000145405167132, 0.000190346472664, 6.92195244483e-05, 3.65185296687e-05, 5.71408236283e-05, 4.99513771501e-05, 2.94240235235e-05, 2.56097555393e-05, 1.19704473036e-05, 1.08836538857e-05, 8.35609898786e-06, 7.67874462326e-06, 5.94277116761e-06, 4.46417470812e-06, 2.53002235695e-06, 1.88516435173e-06, 6.70306349093e-07, 4.38317215412e-07], "dvar": [2.92971430536e-13, 3.10184624652e-08, 4.46641166718e-07, 2.46621789302e-06, 2.5733536404e-06, 7.09376672603e-06, 1.85759017768e-05, 9.50593857851e-06, 1.31295951178e-06, 3.89807070178e-07, 7.18474211681e-07, 2.97898708368e-07, 6.22583172571e-07, 6.89514934038e-07, 6.35222249912e-07, 1.98200055479e-07, 1.0254278493e-07, 3.93567916035e-08, 1.32535724617e-08, 9.87592372326e-08, 2.70446577133e-07, 8.35358264339e-07, 5.57687144465e-07, 4.42059018724e-07, 4.46457448788e-07, 1.91727380638e-08, 1.32693100952e-09]}, "melbands_skewness": {"dvar2": 0.830235481262, "var": 2.11588549614, "min": -3.40632510185, "dmean": 0.541254520416, "mean": 2.16722154617, "max": 14.0356473923, "dmean2": 0.811651885509, "median": 1.97574532032, "dvar": 0.385801315308}, "barkbands_skewness": {"dvar2": 0.613960683346, "var": 2.55051660538, "min": -11.7529449463, "dmean": 0.480504691601, "mean": 1.55364882946, "max": 7.51712274551, "dmean2": 0.698774456978, "median": 1.50242888927, "dvar": 0.331528991461}, "erbbands": {"dvar2": [2.15371483137e-06, 0.00749873602763, 0.735024094582, 26.1358795166, 74.3607559204, 79.8791885376, 227.407318115, 1080.35986328, 5243.18505859, 13267.3134766, 6644.52050781, 1228.11816406, 952.344543457, 978.38684082, 1331.04370117, 862.706176758, 1926.38879395, 3555.34643555, 1861.0670166, 3580.92089844, 615.226745605, 749.169799805, 242.107894897, 57.1769104004, 302.533905029, 491.287200928, 562.201782227, 1415.61352539, 1931.66125488, 2258.68164062, 776.843322754, 383.524505615, 225.711715698, 133.373260498, 50.8398551941, 1.93016862869, 0.112349964678, 0.00370353483595, 6.47319538984e-05, 1.65751714576e-07], "var": [3.30443685925e-06, 0.00764297693968, 0.606844067574, 32.8801727295, 126.288719177, 165.899902344, 298.820220947, 3959.65136719, 13252.1865234, 34351.671875, 11386.0117188, 1984.68017578, 2550.7590332, 1544.69677734, 3414.55273438, 2347.47509766, 2308.02172852, 8255.79785156, 2474.28735352, 6271.48046875, 721.190795898, 791.117614746, 246.608444214, 54.2020492554, 111.686599731, 170.761657715, 337.634979248, 1289.19641113, 2491.23608398, 2144.96166992, 1237.04089355, 675.948791504, 283.558929443, 149.46383667, 42.2802429199, 1.81106615067, 0.100382432342, 0.00508179981261, 0.000133039720822, 3.55781821781e-07], "min": [8.33724043368e-22, 4.96862412945e-22, 5.64163350273e-21, 5.8460059214e-20, 1.42828875704e-19, 2.46563076008e-19, 6.37533688995e-19, 8.01579734486e-19, 3.1566109149e-19, 2.62379001965e-19, 1.00179761268e-18, 1.9865999725e-18, 2.37700151107e-18, 2.21050328866e-18, 4.18544166888e-18, 2.79909047776e-18, 4.15072407139e-18, 2.56594610659e-18, 4.1023919082e-18, 7.26962800977e-18, 1.03307537959e-17, 7.38519754905e-18, 7.14344905195e-18, 1.30050419512e-17, 1.7707180749e-17, 1.13917510707e-17, 1.82482280071e-17, 2.08131413787e-17, 1.78384940168e-17, 1.89029133378e-17, 2.00380681817e-17, 2.03464692382e-17, 1.54453926759e-17, 1.16661591399e-17, 8.29834786985e-18, 6.67517673051e-18, 3.77820328253e-18, 1.37098641464e-18, 2.48298397536e-19, 3.37990069569e-20], "dmean": [0.00051281938795, 0.0270931702107, 0.304011613131, 1.7919908762, 2.98153614998, 2.72320246696, 3.35795593262, 6.8864030838, 15.4092273712, 19.047542572, 17.5908412933, 6.41118812561, 7.06796741486, 8.4313583374, 9.60080909729, 5.60492277145, 7.06635808945, 11.9733543396, 8.16189575195, 7.69599294662, 4.05215597153, 5.27789354324, 2.86854243279, 1.53786551952, 1.67728292942, 2.02814531326, 2.91892886162, 4.66257858276, 5.94143533707, 4.82987499237, 3.54503965378, 2.51986694336, 1.81158268452, 1.29513049126, 0.759681820869, 0.168980449438, 0.0408423170447, 0.00759959407151, 0.00102070381399, 4.79834743601e-05], "mean": [0.00109123194125, 0.0521637834609, 0.624608814716, 3.36821460724, 6.75579118729, 6.8442492485, 8.05015659332, 17.897567749, 36.8308753967, 45.9895477295, 39.7945861816, 15.4561853409, 17.9276847839, 21.5565223694, 25.3002319336, 12.9352445602, 14.3815059662, 26.3303108215, 16.3197460175, 14.4033546448, 8.49159240723, 9.70023536682, 5.0964050293, 2.80714797974, 2.60177350044, 2.72502851486, 4.05032205582, 6.63661146164, 9.23441410065, 7.39347076416, 5.50138473511, 3.95752382278, 2.6100590229, 1.81678628922, 1.03241038322, 0.239195361733, 0.055632814765, 0.0112659810111, 0.00160155934282, 8.94918921404e-05], "max": [0.0238197688013, 1.05817472935, 7.51748609543, 78.5430603027, 125.787185669, 140.446014404, 289.996673584, 869.582458496, 1613.70251465, 2329.96435547, 1443.28967285, 903.785461426, 1072.95336914, 491.956726074, 1501.2668457, 1318.33166504, 1260.35791016, 2468.03588867, 1025.78930664, 2534.45800781, 941.159790039, 546.41229248, 491.149047852, 225.800674438, 636.067199707, 700.739196777, 604.256164551, 607.714477539, 1059.09460449, 1304.53393555, 766.397766113, 505.572021484, 369.10748291, 382.378570557, 159.339859009, 31.3323078156, 7.76439571381, 2.22505927086, 0.492570489645, 0.0293459221721], "dmean2": [0.00075648794882, 0.0430714674294, 0.50284165144, 2.72563433647, 4.59669113159, 4.12946653366, 5.07168912888, 9.45133113861, 21.8158130646, 25.5304889679, 24.6193084717, 9.18201351166, 10.1658229828, 12.1274166107, 13.2193622589, 7.86835622787, 10.3603668213, 17.1081600189, 11.9884977341, 11.1759653091, 6.04333353043, 7.89715003967, 4.19492530823, 2.321403265, 2.63344907761, 3.21053433418, 4.39564228058, 6.90986824036, 8.42441654205, 6.95835399628, 4.84059047699, 3.33786010742, 2.58014369011, 1.83767449856, 1.12128531933, 0.247121185064, 0.0600379407406, 0.0106416409835, 0.00137817545328, 6.48544883006e-05], "median": [0.000452740147011, 0.0211219079792, 0.351611405611, 1.37275576591, 2.43673634529, 2.64003515244, 2.50131726265, 1.96868622303, 4.12654876709, 5.62067174911, 7.16395664215, 3.73069238663, 5.42385149002, 6.73143911362, 8.12889003754, 3.33794260025, 1.90473937988, 3.49957680702, 2.58150982857, 2.35943198204, 1.77977442741, 1.54243946075, 0.846802949905, 0.59202170372, 0.521587729454, 0.411499500275, 0.338482290506, 0.266312539577, 0.230881661177, 0.15936537087, 0.125316739082, 0.0708190351725, 0.0368297770619, 0.0241341944784, 0.0107631171122, 0.00360900838859, 0.0011768268887, 0.00065820349846, 4.16158000007e-05, 1.36581284096e-05], "dvar": [1.07106541236e-06, 0.00305759604089, 0.26814827323, 11.6014099121, 31.047246933, 38.2282180786, 99.5068740845, 689.966674805, 2845.77929688, 7251.90917969, 3498.55688477, 601.377807617, 502.859954834, 454.323394775, 794.463745117, 591.385009766, 874.302001953, 1932.81945801, 892.547851562, 2044.65100098, 295.276763916, 335.759918213, 117.194107056, 25.5479602814, 114.828353882, 184.716156006, 241.759368896, 670.59173584, 1073.56115723, 1056.2623291, 453.991729736, 241.63470459, 124.8177948, 70.2689666748, 23.3880729675, 0.936409950256, 0.0540707074106, 0.00208176136948, 4.36460213677e-05, 1.19604521842e-07]}, "silence_rate_30dB": {"dvar2": 0.00624161027372, "var": 0.00237503391691, "min": 0, "dmean": 0.00250626564957, "mean": 0.997619330883, "max": 1, "dmean2": 0.00501315947622, "median": 1, "dvar": 0.00250001857057}, "melbands_spread": {"dvar2": 623.692932129, "var": 887.591308594, "min": 0.874405324459, "dmean": 6.55846214294, "mean": 20.5001430511, "max": 257.455413818, "dmean2": 9.99713134766, "median": 13.2662782669, "dvar": 312.812225342}, "melbands_crest": {"dvar2": 18.6611232758, "var": 27.4850940704, "min": 1.92443954945, "dmean": 2.75749063492, "mean": 14.256690979, "max": 31.9153671265, "dmean2": 4.37358617783, "median": 13.4115686417, "dvar": 7.35448265076}, "zerocrossingrate": {"dvar2": 0.00042574753752, "var": 0.00555304717273, "min": 0.00537109375, "dmean": 0.0105927661061, "mean": 0.0547586530447, "max": 0.7783203125, "dmean2": 0.0115332659334, "median": 0.03662109375, "dvar": 0.000472948915558}, "barkbands_kurtosis": {"dvar2": 60.7888526917, "var": 170.663070679, "min": -1.9323592186, "dmean": 2.83314871788, "mean": 6.54269552231, "max": 186.318572998, "dmean2": 4.38435077667, "median": 3.10287189484, "dvar": 25.6385269165}, "spectral_flux": {"dvar2": 0.00108783878386, "var": 0.0017016310012, "min": 1.0128625022e-10, "dmean": 0.016091901809, "mean": 0.0466620139778, "max": 0.285117357969, "dmean2": 0.024746729061, "median": 0.0349384471774, "dvar": 0.0004614321806}, "barkbands_crest": {"dvar2": 9.67420482635, "var": 16.588350296, "min": 2.8680536747, "dmean": 1.97952961922, "mean": 10.2457380295, "max": 25.0006828308, "dmean2": 3.08679890633, "median": 9.38637733459, "dvar": 4.0412569046}, "barkbands_flatness_db": {"dvar2": 0.0011520171538, "var": 0.00318490131758, "min": 0.0380343906581, "dmean": 0.0225576460361, "mean": 0.17844851315, "max": 0.37776055932, "dmean2": 0.032901622355, "median": 0.175879865885, "dvar": 0.000560872780625}, "spectral_entropy": {"dvar2": 0.126228228211, "var": 0.403132557869, "min": 5.43055677414, "dmean": 0.227470234036, "mean": 7.05069160461, "max": 9.80717277527, "dmean2": 0.320354014635, "median": 7.02429628372, "dvar": 0.0654925331473}, "pitch_salience": {"dvar2": 0.00816986616701, "var": 0.0155697157606, "min": 0.123578429222, "dmean": 0.0590977333486, "mean": 0.544627547264, "max": 0.920102596283, "dmean2": 0.0926311761141, "median": 0.551627218723, "dvar": 0.00333209638484}, "erbbands_spread": {"dvar2": 229.469573975, "var": 262.582092285, "min": 1.81615102291, "dmean": 6.50593662262, "mean": 27.9812145233, "max": 134.904327393, "dmean2": 9.82457065582, "median": 24.4041442871, "dvar": 99.3653945923}, "dynamic_complexity": 6.49497365952, "spectral_contrast_valleys": {"dvar2": [0.324871063232, 0.215758055449, 0.205833658576, 0.206968531013, 0.300794273615, 0.453616827726], "var": [1.39430975914, 1.67329382896, 1.52022850513, 1.77433240414, 2.07268810272, 2.88820075989], "min": [-26.9583568573, -27.4477558136, -27.5556964874, -27.2359485626, -27.0047550201, -27.1613922119], "dmean": [0.392269641161, 0.3239787817, 0.294075757265, 0.315666854382, 0.367066174746, 0.441770613194], "mean": [-8.62924861908, -7.48684549332, -8.0376329422, -8.77438735962, -9.09546089172, -11.4948406219], "max": [-6.4152879715, -4.93191432953, -5.59433746338, -6.03097581863, -6.12570476532, -6.82591295242], "dmean2": [0.623856365681, 0.513450443745, 0.454915881157, 0.469685584307, 0.509259462357, 0.591018855572], "median": [-8.52096748352, -7.27801561356, -7.90533781052, -8.58267879486, -8.87968063354, -11.412612915], "dvar": [0.147364005446, 0.116107277572, 0.112276226282, 0.118585988879, 0.168768659234, 0.273519337177]}, "hfc": {"dvar2": 649.060791016, "var": 1431.59509277, "min": 1.11127956588e-16, "dmean": 5.84866476059, "mean": 16.2170295715, "max": 507.33026123, "dmean2": 7.82376718521, "median": 4.79132318497, "dvar": 421.697753906}, "spectral_kurtosis": {"dvar2": 94.8993835449, "var": 126.28301239, "min": -1.19230413437, "dmean": 4.20986461639, "mean": 10.8306369781, "max": 89.2133865356, "dmean2": 6.78750753403, "median": 7.10067367554, "dvar": 37.9029388428}, "mfcc": {"mean": [-734.437744141, 148.980697632, 0.423315554857, 1.94822871685, -4.81681537628, 1.07568335533, -10.5493154526, -2.814234972, -2.96747779846, -6.65397405624, -8.85371303558, -8.66738319397, -6.51769256592], "cov": [[12313.5078125, -1958.57971191, -473.870819092, -112.094909668, -690.331420898, -204.32472229, -783.256408691, -355.919677734, -291.827636719, -265.286102295, 332.605285645, 50.973285675, 63.0647773743], [-1958.57971191, 2738.31494141, -633.695739746, -132.82585144, 239.877944946, -86.011680603, 133.223526001, 41.0921401978, 34.3339920044, 39.7488136292, -96.1853256226, 18.2600746155, 9.32626152039], [-473.870819092, -633.695739746, 764.657043457, 39.0558776855, -23.4560108185, 92.725692749, -25.7079143524, 45.4030380249, -36.1905784607, 16.0064964294, -4.95227861404, -2.42877626419, 19.8849887848], [-112.094909668, -132.82585144, 39.0558776855, 278.268310547, 62.7578773499, 0.751691818237, 17.8844604492, 4.08048295975, 42.6858634949, -3.05306482315, -33.3230056763, -23.6211967468, 12.9156932831], [-690.331420898, 239.877944946, -23.4560108185, 62.7578773499, 284.527160645, 15.7632789612, 17.3689174652, 11.1714553833, 49.9973487854, 5.80076408386, -31.5240364075, -15.4288244247, 16.5413856506], [-204.32472229, -86.011680603, 92.725692749, 0.751691818237, 15.7632789612, 156.896347046, 32.2195205688, 31.4655742645, 16.6022262573, 24.6474609375, -0.568255364895, 6.04629039764, -14.4731645584], [-783.256408691, 133.223526001, -25.7079143524, 17.8844604492, 17.3689174652, 32.2195205688, 256.225341797, 47.5049934387, 71.8561935425, 42.2057571411, -44.9536209106, -11.5111942291, -25.8079586029], [-355.919677734, 41.0921401978, 45.4030380249, 4.08048295975, 11.1714553833, 31.4655742645, 47.5049934387, 142.319442749, 7.17625045776, 19.9596652985, -27.214138031, -6.95254945755, -7.5178360939], [-291.827636719, 34.3339920044, -36.1905784607, 42.6858634949, 49.9973487854, 16.6022262573, 71.8561935425, 7.17625045776, 158.825683594, 9.6158952713, -31.3689060211, -20.2982826233, -19.2542991638], [-265.286102295, 39.7488136292, 16.0064964294, -3.05306482315, 5.80076408386, 24.6474609375, 42.2057571411, 19.9596652985, 9.6158952713, 150.072265625, -2.56052923203, 13.4914464951, -3.36977505684], [332.605285645, -96.1853256226, -4.95227861404, -33.3230056763, -31.5240364075, -0.568255364895, -44.9536209106, -27.214138031, -31.3689060211, -2.56052923203, 134.926712036, 25.1450309753, -5.11935043335], [50.973285675, 18.2600746155, -2.42877626419, -23.6211967468, -15.4288244247, 6.04629039764, -11.5111942291, -6.95254945755, -20.2982826233, 13.4914464951, 25.1450309753, 100.878379822, 12.2730016708], [63.0647773743, 9.32626152039, 19.8849887848, 12.9156932831, 16.5413856506, -14.4731645584, -25.8079586029, -7.5178360939, -19.2542991638, -3.36977505684, -5.11935043335, 12.2730016708, 112.694442749]], "icov": [[0.000150363630382, 0.000107154897705, 0.000196481356397, -6.18463263891e-06, 0.000255506398389, -5.83327118875e-06, 0.00033992601675, 0.000115909169836, 3.06051442749e-05, 8.93248434295e-05, -9.02198080439e-05, 2.03104082175e-05, -7.80577829573e-05], [0.000107154897705, 0.00062925380189, 0.000561203225516, 0.000329089030856, -0.000308514659991, 0.00017606127949, 3.19649298035e-05, -9.26562352106e-05, 0.000191919083591, -4.11205473938e-05, 0.0002737128234, -0.000147501414176, -0.000119688258565], [0.000196481356397, 0.000561203225516, 0.00207834527828, -3.89506421925e-05, 0.00017209078942, -0.000814708531834, 0.000528390926775, -0.000341710372595, 0.000530021265149, -4.62354946649e-05, 0.000218942732317, 6.5976571932e-05, -0.000458403606899], [-6.18463263891e-06, 0.000329089030856, -3.89506421925e-05, 0.00424926076084, -0.000974226335529, 0.000315932062222, -0.000162224925589, 1.26798449855e-05, -0.000742378761061, 2.84489760816e-05, 0.000740470655728, 0.000475195789477, -0.000500734546222], [0.000255506398389, -0.000308514659991, 0.00017209078942, -0.000974226335529, 0.00486534228548, -0.000652272603475, 0.000986072584055, 0.000157805814524, -0.00112286012154, 0.000128489366034, 3.44443214999e-05, 0.000459161557956, -0.000834169972222], [-5.83327118875e-06, 0.00017606127949, -0.000814708531834, 0.000315932062222, -0.000652272603475, 0.00766073353589, -0.000634466123302, -0.00116827525198, -0.000585197703913, -0.00074638746446, -0.000360749254469, -0.000723004573956, 0.000892654061317], [0.00033992601675, 3.19649298035e-05, 0.000528390926775, -0.000162224925589, 0.000986072584055, -0.000634466123302, 0.0060186390765, -0.000878098246176, -0.00186898105312, -0.000841273053084, 0.000771035382058, 9.49639797909e-05, 0.000506211828906], [0.000115909169836, -9.26562352106e-05, -0.000341710372595, 1.26798449855e-05, 0.000157805814524, -0.00116827525198, -0.000878098246176, 0.00826990231872, 0.000576219637878, -0.000447265367256, 0.00111074547749, 0.000382560334401, 0.000272906298051], [3.06051442749e-05, 0.000191919083591, 0.000530021265149, -0.000742378761061, -0.00112286012154, -0.000585197703913, -0.00186898105312, 0.000576219637878, 0.00827975664288, -4.22533303208e-05, 0.000942120328546, 0.000790181627963, 0.00102874531876], [8.93248434295e-05, -4.11205473938e-05, -4.62354946649e-05, 2.84489760816e-05, 0.000128489366034, -0.00074638746446, -0.000841273053084, -0.000447265367256, -4.22533303208e-05, 0.00733857275918, -0.000273131125141, -0.00100802665111, -6.93090478308e-05], [-9.02198080439e-05, 0.0002737128234, 0.000218942732317, 0.000740470655728, 3.44443214999e-05, -0.000360749254469, 0.000771035382058, 0.00111074547749, 0.000942120328546, -0.000273131125141, 0.00908510852605, -0.00177729560528, 0.000862686778419], [2.03104082175e-05, -0.000147501414176, 6.5976571932e-05, 0.000475195789477, 0.000459161557956, -0.000723004573956, 9.49639797909e-05, 0.000382560334401, 0.000790181627963, -0.00100802665111, -0.00177729560528, 0.0110955657437, -0.00136248127092], [-7.80577829573e-05, -0.000119688258565, -0.000458403606899, -0.000500734546222, -0.000834169972222, 0.000892654061317, 0.000506211828906, 0.000272906298051, 0.00102874531876, -6.93090478308e-05, 0.000862686778419, -0.00136248127092, 0.0097978906706]]}, "silence_rate_20dB": {"dvar2": 0, "var": 0, "min": 1, "dmean": 0, "mean": 1, "max": 1, "dmean2": 0, "median": 1, "dvar": 0}, "melbands_kurtosis": {"dvar2": 133.618133545, "var": 183.353927612, "min": -1.93944907188, "dmean": 4.35842990875, "mean": 10.1845941544, "max": 247.537017822, "dmean2": 6.75428056717, "median": 5.74550151825, "dvar": 55.7852249146}, "barkbands_spread": {"dvar2": 161.581924438, "var": 158.707885742, "min": 0.918085098267, "dmean": 4.33460998535, "mean": 14.1721992493, "max": 132.548080444, "dmean2": 6.66394376755, "median": 10.8101844788, "dvar": 71.6978302002}, "erbbands_skewness": {"dvar2": 0.336563706398, "var": 1.01712656021, "min": -6.25279760361, "dmean": 0.344911962748, "mean": 0.47733399272, "max": 7.19480037689, "dmean2": 0.50084900856, "median": 0.492008626461, "dvar": 0.189665094018}, "average_loudness": 0.460042208433, "spectral_centroid": {"dvar2": 288477.4375, "var": 800512.6875, "min": 169.69833374, "dmean": 200.842697144, "mean": 941.605285645, "max": 11257.0722656, "dmean2": 290.719604492, "median": 697.818237305, "dvar": 183087.859375}, "dissonance": {"dvar2": 0.00133945443667, "var": 0.00179490284063, "min": 0.233749076724, "dmean": 0.0236070677638, "mean": 0.433146685362, "max": 0.500000119209, "dmean2": 0.0382569245994, "median": 0.440256595612, "dvar": 0.000530215445906}, "erbbands_flatness_db": {"dvar2": 0.000952597067226, "var": 0.00258897594176, "min": 0.0185295175761, "dmean": 0.0203963033855, "mean": 0.192188903689, "max": 0.348138153553, "dmean2": 0.0284884218127, "median": 0.19177813828, "dvar": 0.000493438972626}, "spectral_strongpeak": {"dvar2": 1.87045037746, "var": 2.18574953079, "min": 0, "dmean": 0.429775834084, "mean": 1.02206730843, "max": 13.7334346771, "dmean2": 0.697151243687, "median": 0.437653183937, "dvar": 0.815802335739}, "spectral_rms": {"dvar2": 6.07184631463e-07, "var": 4.71758221465e-06, "min": 3.16365098181e-12, "dmean": 0.00044779581367, "mean": 0.0033120457083, "max": 0.0109701445326, "dmean2": 0.000611639290582, "median": 0.00281530036591, "dvar": 3.64210848147e-07}, "silence_rate_60dB": {"dvar2": 0.0889718905091, "var": 0.213802441955, "min": 0, "dmean": 0.0433583967388, "mean": 0.309735625982, "max": 1, "dmean2": 0.086727656424, "median": 0, "dvar": 0.0414805673063}, "melbands": {"dvar2": [1.61663249454e-09, 1.09073923227e-07, 7.78557193826e-07, 3.25365732579e-07, 2.12103117292e-07, 5.48094419628e-07, 1.15614273e-06, 1.34494518989e-06, 3.40333144777e-07, 4.92124279106e-08, 2.34357973028e-08, 1.78993264655e-08, 2.63661004141e-08, 6.13410078287e-09, 4.45281633787e-09, 1.72445560054e-08, 1.25830217357e-08, 6.18007245379e-09, 5.84854520369e-09, 2.90019896987e-09, 1.33282052062e-09, 9.26277832214e-10, 5.85042625456e-10, 7.27115173627e-11, 4.38647486389e-11, 5.66455944651e-11, 7.57445994815e-10, 1.47658663074e-10, 1.4276581306e-10, 5.38480482426e-10, 7.27173654624e-10, 7.45270178903e-10, 1.07251885151e-09, 5.84109260959e-10, 2.95756169555e-10, 2.9214985986e-10, 1.51281140393e-10, 1.63207211634e-10, 8.09585870565e-11, 1.15271688028e-10], "var": [2.10529660372e-09, 9.11461697228e-08, 1.031580382e-06, 5.75935928282e-07, 3.08567052798e-07, 2.0333673092e-06, 3.0219796372e-06, 3.24096140503e-06, 5.83829489642e-07, 9.2416264863e-08, 6.37761274902e-08, 2.58967176592e-08, 6.94579327387e-08, 1.30292203693e-08, 8.23515922121e-09, 1.99688781066e-08, 2.67725095426e-08, 7.39210914702e-09, 7.23758075694e-09, 5.90167381631e-09, 1.0528924399e-09, 9.17041387272e-10, 6.36924235575e-10, 7.76111813705e-11, 3.65200612806e-11, 3.80437764624e-11, 1.62194480069e-10, 6.36845576274e-11, 8.27272486625e-11, 3.19084536571e-10, 5.70195390903e-10, 7.43616002108e-10, 1.06657627175e-09, 5.47587031274e-10, 4.06326805535e-10, 4.0130504475e-10, 2.21322155047e-10, 1.81135856314e-10, 8.24309578928e-11, 1.24471655205e-10], "min": [6.90731736207e-24, 1.82364623942e-24, 1.40608729225e-23, 1.41713197602e-23, 1.92400539988e-23, 1.8854040692e-23, 4.24158991368e-24, 2.91414270568e-24, 9.68789033649e-24, 1.48634820956e-23, 1.23906066839e-23, 8.58076823223e-24, 1.36402443993e-23, 7.76838270595e-24, 9.04379960688e-24, 7.97366955704e-24, 4.55407586204e-24, 6.36015633846e-24, 7.84970874325e-24, 1.21494140398e-23, 1.10738818705e-23, 6.56957366525e-24, 7.36678545202e-24, 8.45885372363e-24, 1.02008061193e-23, 1.05604225625e-23, 1.31147675842e-23, 6.13441826841e-24, 9.83401814171e-24, 1.15377486489e-23, 1.21335263812e-23, 1.16466816624e-23, 6.77667489642e-24, 1.20873448861e-23, 1.15969605484e-23, 1.05405156575e-23, 1.28837536124e-23, 1.16167499131e-23, 8