{"tonal": {"thpcp": [1, 0.912815928459, 0.33804255724, 0.143876284361, 0.179981678724, 0.336474239826, 0.676646828651, 0.744022369385, 0.560648322105, 0.861993670464, 0.980725109577, 0.529248774052, 0.247273802757, 0.201906174421, 0.273228257895, 0.523272931576, 0.57042735815, 0.319836914539, 0.204456314445, 0.220328748226, 0.335946857929, 0.73487007618, 0.812726318836, 0.477669507265, 0.504661738873, 0.546686828136, 0.319599658251, 0.207302480936, 0.224889650941, 0.319162517786, 0.601340055466, 0.627856314182, 0.326163738966, 0.211975932121, 0.225982353091, 0.463447719812], "hpcp": {"dmean2": [0.17958894372, 0.148306205869, 0.153396725655, 0.18789562583, 0.19728590548, 0.147995680571, 0.117496535182, 0.12334985286, 0.162270262837, 0.228601977229, 0.248642966151, 0.213864296675, 0.189189180732, 0.177697494626, 0.149329319596, 0.122428059578, 0.131963908672, 0.156209081411, 0.189085260034, 0.190798923373, 0.140971496701, 0.118789352477, 0.115539327264, 0.197638988495, 0.306298077106, 0.260627835989, 0.149979129434, 0.106475561857, 0.137441143394, 0.212492182851, 0.296383470297, 0.305193334818, 0.262132048607, 0.298051685095, 0.298242121935, 0.242919668555], "median": [0.00886249169707, 0.00745255267248, 0.0106406472623, 0.0236429050565, 0.0298577602953, 0.0192988533527, 0.00824904441833, 0.00793285295367, 0.0179515071213, 0.0557407960296, 0.0712493658066, 0.0496676787734, 0.016187120229, 0.0136291962117, 0.0126574998721, 0.0115048028529, 0.0115515422076, 0.0172535181046, 0.0398050919175, 0.0432847365737, 0.0215701498091, 0.00640141358599, 0.00537812476978, 0.0261713955551, 0.0769322067499, 0.0803524106741, 0.0247150696814, 0.00477464217693, 0.00439413730055, 0.012751955539, 0.04453003034, 0.0555209331214, 0.054077014327, 0.0752846673131, 0.0813524052501, 0.0350661203265], "min": [0, 0, 0, 0, 0, 0, 0, 0, 0, 0, 0, 0, 0, 0, 0, 0, 0, 0, 0, 0, 0, 0, 0, 0, 0, 0, 0, 0, 0, 0, 0, 0, 0, 0, 0, 0], "dvar2": [0.117044791579, 0.0934838354588, 0.0902740433812, 0.0935677587986, 0.0965147539973, 0.0711690038443, 0.0675814524293, 0.0711394846439, 0.0831724703312, 0.110776260495, 0.108713313937, 0.0978299751878, 0.0943234413862, 0.0918351188302, 0.0742779001594, 0.068438462913, 0.0745280757546, 0.0844075903296, 0.0853239074349, 0.0854312032461, 0.0626615807414, 0.0648999810219, 0.0602009855211, 0.0784894376993, 0.157575532794, 0.105372004211, 0.0679564028978, 0.0618007332087, 0.0991319045424, 0.146667480469, 0.181967929006, 0.174156203866, 0.133316472173, 0.147228688002, 0.151142433286, 0.131665959954], "dvar": [0.0408704653382, 0.0327449813485, 0.0330774113536, 0.0373182184994, 0.0389298424125, 0.0267563685775, 0.0248283147812, 0.0261989869177, 0.0303640216589, 0.043764706701, 0.0445470958948, 0.0362031422555, 0.0352470837533, 0.036309659481, 0.0272074285895, 0.024345677346, 0.026835097, 0.0308049079031, 0.0346644856036, 0.0353659205139, 0.0239168703556, 0.0239144284278, 0.0224953126162, 0.0297687873244, 0.0635437145829, 0.0426022000611, 0.0247550681233, 0.0217305235565, 0.0346858352423, 0.052531465888, 0.0673863068223, 0.0659309923649, 0.0480078868568, 0.0564129650593, 0.0613828189671, 0.0477689690888], "dmean": [0.0956862866879, 0.0791454315186, 0.0851999223232, 0.10847337544, 0.114382453263, 0.0840726792812, 0.0647617131472, 0.0675773322582, 0.0913355946541, 0.131319105625, 0.145381554961, 0.121936157346, 0.107783161104, 0.100162610412, 0.083009570837, 0.0666925236583, 0.0721300765872, 0.0879391059279, 0.110699109733, 0.112484328449, 0.0812667310238, 0.0652008354664, 0.0632028803229, 0.111898392439, 0.175748646259, 0.152835339308, 0.0846779420972, 0.0564830638468, 0.0728827863932, 0.115521550179, 0.167603254318, 0.173875227571, 0.147896617651, 0.173580631614, 0.171578228474, 0.136070415378], "max": [1, 1, 1, 1, 1, 1, 1, 1, 1, 1, 1, 1, 1, 1, 1, 1, 1, 1, 1, 1, 1, 1, 1, 1, 1, 1, 1, 1, 1, 1, 1, 1, 1, 1, 1, 1], "var": [0.0278505310416, 0.0216204617172, 0.0283365994692, 0.061866030097, 0.0664247050881, 0.0280938223004, 0.0211331807077, 0.0260276291519, 0.0304054040462, 0.0859839469194, 0.0900016501546, 0.0373743660748, 0.0629419237375, 0.0798891559243, 0.030094563961, 0.0199812036008, 0.0216834619641, 0.0305023379624, 0.0684334337711, 0.0723067522049, 0.027799250558, 0.0242355316877, 0.0288393162191, 0.0373201854527, 0.120434477925, 0.0969545394182, 0.023961853236, 0.014101492241, 0.0220746714622, 0.0409074649215, 0.0785842910409, 0.085517950356, 0.0494585819542, 0.0915941894054, 0.118600457907, 0.0505923330784], "mean": [0.0661170855165, 0.053986504674, 0.0730568915606, 0.139914870262, 0.152523219585, 0.0855193063617, 0.0546683706343, 0.0589124076068, 0.0898268520832, 0.19649258256, 0.217310100794, 0.127721235156, 0.134938538074, 0.14617536962, 0.0854558721185, 0.0554293915629, 0.0601319186389, 0.0853389874101, 0.16078877449, 0.167878806591, 0.0872109979391, 0.0566789954901, 0.0604240894318, 0.123918555677, 0.267384111881, 0.24407248199, 0.0903872102499, 0.0384702309966, 0.048124242574, 0.0899678692222, 0.180924609303, 0.198939755559, 0.149908453226, 0.230483412743, 0.262230306864, 0.141512706876]}, "tuning_equal_tempered_deviation": 0.216580376029, "chords_changes_rate": 0.0339666828513, "key_key": "F", "tuning_diatonic_strength": 0.56204777956, "key_scale": "minor", "chords_number_rate": 0.00130140548572, "tuning_frequency": 434.193115234, "tuning_nontempered_energy_ratio": 0.941057264805, "chords_histogram": [27.9802188873, 13.7428426743, 8.6933889389, 16.4627799988, 0.42946383357, 0.611660599709, 0, 0.520562231541, 0, 4.12545537949, 1.41853201389, 0, 0, 0, 0, 1.1192086935, 1.90005207062, 0.806871414185, 0.247267052531, 0.0390421673656, 0.091098383069, 0.130140557885, 1.06715250015, 20.6142635345], "key_strength": 0.684539079666, "chords_key": "F", "chords_strength": {"dmean2": 0.00954103283584, "median": 0.615625739098, "min": -1, "dvar2": 0.000988085754216, "dvar": 0.000581603439059, "dmean": 0.0102774593979, "max": 0.835940480232, "var": 0.0369438827038, "mean": 0.589596390724}, "chords_scale": "minor", "hpcp_entropy": {"dmean2": 1.01459944248, "median": 1.80619847775, "min": 0, "dvar2": 0.679855108261, "dvar": 0.254846006632, "dmean": 0.600126206875, "max": 4.60283279419, "var": 0.520688831806, "mean": 1.76179051399}}, "metadata": {"audio_properties": {"equal_loudness": 0, "codec": "mp3", "downmix": "mix", "sample_rate": 44100, "analysis_sample_rate": 44100, "bit_rate": 223999, "md5_encoded": "f7fdfb1310bdfe5aae74f324eee60071", "length": 356.754272461, "replay_gain": -12.4936618805, "lossless": false}, "version": {"essentia_build_sha": "70f2e5ece6736b2c40cc944ad0e695b16b925413", "essentia": "2.1-beta2", "extractor": "music 1.0", "essentia_git_sha": "v2.1_beta2"}, "tags": {"title": ["\u00a4\u00b3\u00a4\u00ce\u00d0\u00c7\u00a4\u00cb\u00c9\u00fa\u00a4\u00de\u00a4\u00ec\u00a4\u00c6"], "artist": ["Game Music"], "albumartist": ["Original Soundtrack"], "date": ["2002"], "genre": ["Game"], "album": ["Memories Off Piano Collection Part 1"], "tracknumber": ["10"], "musicbrainz_recordingid": ["17178545-95b7-4bd2-8161-1c1c76b2e9f7"], "file_name": "396866.mp3"}}, "rhythm": {"bpm_histogram_first_peak_bpm": {"dmean2": 0, "median": 105, "min": 105, "dvar2": 0, "dvar": 0, "dmean": 0, "max": 105, "var": 0, "mean": 105}, "bpm": 105.038093567, "bpm_histogram_second_peak_spread": {"dmean2": 0, "median": 0.142857134342, "min": 0.142857134342, "dvar2": 0, "dvar": 0, "dmean": 0, "max": 0.142857134342, "var": 0, "mean": 0.142857134342}, "bpm_histogram_first_peak_weight": {"dmean2": 0, "median": 0.643086791039, "min": 0.643086791039, "dvar2": 0, "dvar": 0, "dmean": 0, "max": 0.643086791039, "var": 0, "mean": 0.643086791039}, "onset_rate": 4.99194717407, "beats_position": [0.603718817234, 1.21904754639, 1.84598636627, 2.46131515503, 3.06503391266, 3.66875267029, 4.27247142792, 4.85297060013, 5.4334692955, 6.00235795975, 6.57124710083, 7.1517457962, 7.72063493729, 8.28952407837, 8.85841274261, 9.42730140686, 9.99619007111, 10.5650787354, 11.1455783844, 11.7260770798, 12.294965744, 12.8638544083, 13.4327430725, 14.0016326904, 14.5705213547, 15.1394100189, 15.7199087143, 16.2771873474, 16.8576869965, 17.4381847382, 18.0070743561, 18.575963974, 19.1448516846, 19.7137413025, 20.2826309204, 20.851518631, 21.4204082489, 21.9892959595, 22.5697956085, 23.1502952576, 23.7191829681, 24.2880725861, 24.8569602966, 25.4258499146, 25.9947395325, 26.563627243, 27.1441268921, 27.7130146027, 28.2819042206, 28.8624038696, 29.4312915802, 30.0001811981, 30.5690689087, 31.1379585266, 31.7184581757, 32.2989578247, 32.8562355042, 33.4251251221, 33.99401474, 34.5745124817, 35.1434020996, 35.7122879028, 36.2927894592, 36.8616790771, 37.4305648804, 37.9994544983, 38.5683441162, 39.1488418579, 39.7177314758, 40.2866210938, 40.8671188354, 41.4360084534, 42.0048980713, 42.5737876892, 43.1426734924, 43.7231750488, 44.2804527283, 44.86095047, 45.4414520264, 46.0103378296, 46.5792274475, 47.1481170654, 47.7170066833, 48.2858963013, 48.8547821045, 49.4352836609, 50.0041732788, 50.573059082, 51.1419487, 51.7108383179, 52.2913360596, 52.8602256775, 53.4291152954, 53.9980049133, 54.5668907166, 55.1473922729, 55.7162818909, 56.2851676941, 56.8656692505, 57.4345550537, 58.0034446716, 58.5723342896, 59.1412239075, 59.7217216492, 60.2789993286, 60.859500885, 61.4399986267, 62.0088882446, 62.5777778625, 63.1466636658, 63.7155532837, 64.2844467163, 64.8533325195, 65.4222183228, 65.9911117554, 66.5716094971, 67.1404953003, 67.7093887329, 68.2898864746, 68.8587722778, 69.4276657104, 69.9965515137, 70.5654373169, 71.145942688, 71.7148284912, 72.2953262329, 72.8642196655, 73.4447174072, 74.001991272, 74.5592727661, 75.1397705078, 75.7202682495, 76.2775497437, 76.8580474854, 77.426940918, 77.9958267212, 78.5647125244, 79.133605957, 79.7141036987, 80.2946014404, 80.8518829346, 81.4207687378, 81.9896621704, 82.5701599121, 83.1506576538, 83.7079315186, 84.2884368896, 84.8689346313, 85.4262084961, 85.9951019287, 86.5639877319, 87.1444854736, 87.7133789062, 88.2822647095, 88.8511581421, 89.4316558838, 90.000541687, 90.5694351196, 91.1383209229, 91.7188186646, 92.2761001587, 92.8565979004, 93.4370956421, 94.0059814453, 94.5748748779, 95.1437606812, 95.7126541138, 96.281539917, 96.8504257202, 97.4193191528, 97.9882049561, 98.5687026978, 99.1492080688, 99.7180938721, 100.286979675, 100.855873108, 101.424758911, 101.993652344, 102.562538147, 103.143035889, 103.711929321, 104.280815125, 104.861312866, 105.441810608, 105.999092102, 106.567977905, 107.136871338, 107.71736908, 108.286254883, 108.855148315, 109.435646057, 110.00453186, 110.573425293, 111.142311096, 111.711196899, 112.291702271, 112.860588074, 113.429473877, 114.009971619, 114.578865051, 115.147750854, 115.705032349, 116.28553009, 116.866027832, 117.423309326, 118.003807068, 118.572692871, 119.141586304, 119.710472107, 120.27936554, 120.859863281, 121.428749084, 121.997642517, 122.56652832, 123.135414124, 123.715919495, 124.284805298, 124.853691101, 125.434196472, 126.014694214, 126.571968079, 127.140861511, 127.709747314, 128.278640747, 128.847518921, 129.428024292, 129.996917725, 130.565795898, 131.134689331, 131.703582764, 132.284072876, 132.852966309, 133.421859741, 134.002349854, 134.571243286, 135.151748657, 135.720626831, 136.289520264, 136.858413696, 137.42729187, 137.996185303, 138.565078735, 139.133972168, 139.71446228, 140.283355713, 140.852249146, 141.432739258, 142.00163269, 142.570526123, 143.139404297, 143.708297729, 144.288803101, 144.846069336, 145.426574707, 145.99546814, 146.575958252, 147.144851685, 147.702133179, 148.282623291, 148.863128662, 149.420410156, 150.000900269, 150.569793701, 151.138687134, 151.707565308, 152.27645874, 152.856964111, 153.425842285, 153.994735718, 154.56362915, 155.132507324, 155.713012695, 156.281906128, 156.850784302, 157.431289673, 158.000183105, 158.569061279, 159.137954712, 159.706848145, 160.287338257, 160.856231689, 161.425125122, 162.005615234, 162.586120605, 163.1434021, 163.700683594, 164.281173706, 164.850067139, 165.418960571, 165.987838745, 166.556732178, 167.137237549, 167.717727661, 168.275009155, 168.855514526, 169.4243927, 169.993286133, 170.562179565, 171.131057739, 171.699951172, 172.268844604, 172.849334717, 173.429840088, 173.998733521, 174.567611694, 175.136505127, 175.70539856, 176.285888672, 176.854782104, 177.423675537, 178.004165649, 178.573059082, 179.141952515, 179.710830688, 180.279724121, 180.860229492, 181.417495728, 181.998001099, 182.566894531, 183.135772705, 183.716278076, 184.285171509, 184.854049683, 185.422943115, 185.991836548, 186.560714722, 187.129608154, 187.710113525, 188.278991699, 188.847885132, 189.428390503, 190.008880615, 190.566162109, 191.135055542, 191.703948975, 192.284439087, 192.85333252, 193.422225952, 194.002716064, 194.571609497, 195.140487671, 195.709381104, 196.278274536, 196.847167969, 197.416046143, 197.996551514, 198.577041626, 199.145935059, 199.714828491, 200.283721924, 200.852600098, 201.42149353, 201.990386963, 202.570877075, 203.139770508, 203.70866394, 204.277542114, 204.846435547, 205.426940918, 205.995819092, 206.564712524, 207.145217896, 207.714096069, 208.282989502, 208.851882935, 209.420761108, 210.001266479, 210.570159912, 211.139038086, 211.707931519, 212.276824951, 212.857315063, 213.426208496, 213.995101929, 214.563980103, 215.144485474, 215.713378906, 216.28225708, 216.851150513, 217.431655884, 217.988937378, 218.56942749, 219.138320923, 219.707214355, 220.276092529, 220.844985962, 221.425476074, 222.005981445, 222.563262939, 223.143753052, 223.712646484, 224.281539917, 224.85043335, 225.419311523, 225.999816895, 226.568710327, 227.137588501, 227.706481934, 228.275375366, 228.855865479, 229.424758911, 229.993652344, 230.574142456, 231.143035889, 231.711929321, 232.280807495, 232.849700928, 233.430206299, 233.999084473, 234.567977905, 235.136871338, 235.705749512, 236.286254883, 236.855148315, 237.424026489, 237.992919922, 238.561813354, 239.130691528, 239.699584961, 240.30329895, 240.860580444, 241.429473877, 241.99836731, 242.567245483, 243.136138916, 243.705032349, 244.273925781, 244.854415894, 245.411697388, 245.9921875, 246.572692871, 247.141586304, 247.710464478, 248.27935791, 248.848251343, 249.428741455, 249.997634888, 250.56652832, 251.135421753, 251.704299927, 252.284805298, 252.85369873, 253.422576904, 253.991470337, 254.56036377, 255.129241943, 255.698135376, 256.278625488, 256.84753418, 257.416412354, 257.996917725, 258.565795898, 259.134674072, 259.703582764, 260.272460938, 260.852966309, 261.421844482, 261.990753174, 262.548034668, 263.128509521, 263.709014893, 264.277923584, 264.846801758, 265.427307129, 265.996185303, 266.565063477, 267.145568848, 267.726074219, 268.283355713, 268.852233887, 269.421142578, 270.001617432, 270.558898926, 271.127807617, 271.696685791, 272.277191162, 272.857696533, 273.426574707, 273.995452881, 274.564361572, 275.133239746, 275.70211792, 276.271026611, 276.851501465, 277.420410156, 277.98928833, 278.569793701, 279.138671875, 279.707580566, 280.27645874, 280.845336914, 281.425842285, 281.994720459, 282.56362915, 283.144134521, 283.713012695, 284.281890869, 284.850799561, 285.419677734, 286.000183105, 286.5574646, 287.137939453, 287.718444824, 288.287353516, 288.856231689, 289.413513184, 289.994018555, 290.562896729, 291.131774902, 291.700683594, 292.269561768, 292.850067139, 293.418945312, 293.987854004, 294.568328857, 295.148834229, 295.706115723, 296.274993896, 296.843902588, 297.412780762, 297.981658936, 298.562164307, 299.142669678, 299.723175049, 300.280456543, 300.849334717, 301.418212891, 301.987121582, 302.555999756, 303.136505127, 303.705383301, 304.274291992, 304.843170166, 305.41204834, 305.992553711, 306.573059082, 307.130340576, 307.710845947, 308.279724121, 308.860229492, 309.429107666, 309.99798584, 310.566894531, 311.135772705, 311.704650879, 312.27355957, 312.842437744, 313.422943115, 313.991821289, 314.56072998, 315.141204834, 315.710113525, 316.278991699, 316.847900391, 317.416778564, 317.985656738, 318.55456543, 319.135040283, 319.715545654, 320.284423828, 320.85333252, 321.422210693, 321.991119385, 322.571594238, 323.128875732, 323.709381104, 324.278259277, 324.847167969, 325.416046143, 325.984924316, 326.565429688, 327.134338379, 327.703216553, 328.272094727, 328.841003418, 329.421478271, 329.990386963, 330.559265137, 331.139770508, 331.708648682, 332.277557373, 332.846435547, 333.415313721, 333.995819092, 334.564697266, 335.133605957, 335.702484131, 336.282989502, 336.851867676, 337.420776367, 337.989654541, 338.570159912, 339.127441406, 339.70791626, 340.276824951, 340.857330322, 341.426208496, 341.99508667, 342.563995361, 343.132873535, 343.701751709, 344.2706604, 344.839538574, 345.420043945, 345.988922119, 346.557830811, 347.138305664, 347.707214355, 348.276092529, 348.844970703, 349.413879395, 349.994384766, 350.574859619, 351.166992188, 351.759094238, 352.293151855, 352.827209473, 353.36126709, 353.895324707, 354.440979004, 354.986663818, 355.532318115, 356.07800293], "beats_loudness": {"dmean2": 0.0896733626723, "median": 0.0545154102147, "min": 0, "dvar2": 0.00253336783499, "dvar": 0.000770947837736, "dmean": 0.0456252209842, "max": 0.142971917987, "var": 0.00110314891208, "mean": 0.0612238459289}, "danceability": 1.34510159492, "bpm_histogram_second_peak_weight": {"dmean2": 0, "median": 0.0096463020891, "min": 0.0096463020891, "dvar2": 0, "dvar": 0, "dmean": 0, "max": 0.0096463020891, "var": 0, "mean": 0.0096463020891}, "beats_count": 623, "bpm_histogram_second_peak_bpm": {"dmean2": 0, "median": 99, "min": 99, "dvar2": 0, "dvar": 0, "dmean": 0, "max": 99, "var": 0, "mean": 99}, "bpm_histogram_first_peak_spread": {"dmean2": 0, "median": 0.341021418571, "min": 0.341021418571, "dvar2": 0, "dvar": 0, "dmean": 0, "max": 0.341021418571, "var": 0, "mean": 0.341021418571}, "beats_loudness_band_ratio": {"dmean2": [0.852748036385, 0.356423616409, 0.258408069611, 0.175968468189, 0.106244146824, 0.156246528029], "median": [0.542084932327, 0.118706829846, 0.114740103483, 0.0633594617248, 0.0338387191296, 0.0309983566403], "min": [0, 0, 0, 0, 0, 0], "dvar2": [0.136196181178, 0.0623693354428, 0.0453924052417, 0.0248722378165, 0.00651575578377, 0.00943905487657], "dvar": [0.0436825230718, 0.0204743817449, 0.0149483913556, 0.00856859236956, 0.00216331216507, 0.00296179880388], "dmean": [0.430299520493, 0.183852016926, 0.137939319015, 0.0947938933969, 0.0543342232704, 0.078930079937], "max": [0.993625581264, 0.732368528843, 0.703673481941, 0.744094014168, 0.418636590242, 0.460433989763], "var": [0.0773658379912, 0.0224487725645, 0.016522500664, 0.0108469072729, 0.00221285806037, 0.00319534982555], "mean": [0.514788329601, 0.168098390102, 0.153824076056, 0.0951470285654, 0.0453748293221, 0.0544288642704]}}, "lowlevel": {"barkbands_spread": {"dmean2": 7.49722576141, "median": 17.9723873138, "min": 0.287128865719, "dvar2": 74.5084533691, "dvar": 36.9625015259, "dmean": 5.08010149002, "max": 119.054115295, "var": 133.937423706, "mean": 19.7985706329}, "melbands_spread": {"dmean2": 8.29585361481, "median": 17.3312149048, "min": 0.285004496574, "dvar2": 109.482246399, "dvar": 50.370300293, "dmean": 5.45593166351, "max": 219.611053467, "var": 297.384246826, "mean": 20.5596752167}, "hfc": {"dmean2": 8.90909481049, "median": 16.4223480225, "min": 1.05593800652e-16, "dvar2": 160.960800171, "dvar": 76.6687545776, "dmean": 6.41563987732, "max": 329.864715576, "var": 292.982208252, "mean": 21.2132740021}, "barkbands_kurtosis": {"dmean2": 5.85598182678, "median": 2.53067111969, "min": -1.90771567822, "dvar2": 316.919616699, "dvar": 187.505355835, "dmean": 3.81639552116, "max": 971.376953125, "var": 949.180541992, "mean": 6.60890388489}, "gfcc": {"mean": [-2.46026706696, 90.6331710815, -104.419181824, 25.1312522888, -52.7236671448, 7.86895036697, -22.3368473053, 7.00830364227, -16.1875991821, 6.07811069489, -8.88375854492, -2.70944643021, -6.46603155136], "icov": [[4.96297361678e-05, -2.71526550932e-05, 5.64009460504e-05, -6.2275743403e-05, 9.19594240258e-05, -2.86749436782e-05, -4.81770512124e-05, -3.1618430512e-05, 0.00010284367454, -7.95062951511e-05, 9.45673673414e-05, -4.96059328725e-05, 0.000126930579427], [-2.71526550932e-05, 0.00107544229832, 0.000444403733127, -0.000568087038118, -0.000362806778867, 9.7429343441e-05, -4.42455439043e-06, -6.88898726366e-05, -0.000165436606039, 5.59954605706e-05, -0.000265660695732, 0.00102923659142, -0.000589363393374], [5.64009460504e-05, 0.000444403733127, 0.00164753117133, -0.000510324316565, -0.000578539445996, 0.000149753250298, -0.000403237354476, 0.000609502429143, -0.000858566723764, 7.86899254308e-05, 0.000524720642716, -0.000349695939803, 0.000490874284878], [-6.2275743403e-05, -0.000568087038118, -0.000510324316565, 0.00322579359636, -0.000402526377002, -0.000671025423799, 0.000764686265029, -8.12290454633e-05, -0.000797653279733, 0.0012213709997, 5.11138978254e-07, -0.0014361103531, 0.000320294348057], [9.19594240258e-05, -0.000362806778867, -0.000578539445996, -0.000402526377002, 0.00424669776112, -0.000124073820189, -0.00276737730019, 0.000391957437387, -0.000368000968592, 0.000670196430292, -7.41820404073e-05, 0.000367398490198, -0.000652107642964], [-2.86749436782e-05, 9.7429343441e-05, 0.000149753250298, -0.000671025423799, -0.000124073820189, 0.00475248368457, -0.00181040458847, -0.000153265980771, 0.000848630617838, -0.00179639679845, 0.00147556362208, -0.00018143041234, 0.00102351326495], [-4.81770512124e-05, -4.42455439043e-06, -0.000403237354476, 0.000764686265029, -0.00276737730019, -0.00181040458847, 0.00820664875209, -0.0009948174702, -0.000921401544474, 0.000139841606142, -0.00121140666306, 0.00176254927646, -0.00117829733063], [-3.1618430512e-05, -6.88898726366e-05, 0.000609502429143, -8.12290454633e-05, 0.000391957437387, -0.000153265980771, -0.0009948174702, 0.00802397727966, -0.00334954028949, 0.00119375961367, 0.000611394643784, -0.00162244657986, 0.00130698876455], [0.00010284367454, -0.000165436606039, -0.000858566723764, -0.000797653279733, -0.000368000968592, 0.000848630617838, -0.000921401544474, -0.00334954028949, 0.0112139480188, -0.00259847030975, -8.9722489065e-05, 0.0011253306875, 0.000365534826415], [-7.95062951511e-05, 5.59954605706e-05, 7.86899254308e-05, 0.0012213709997, 0.000670196430292, -0.00179639679845, 0.000139841606142, 0.00119375961367, -0.00259847030975, 0.0116031160578, -0.00455091847107, 0.000110771296022, -0.000977202551439], [9.45673673414e-05, -0.000265660695732, 0.000524720642716, 5.11138978254e-07, -7.41820404073e-05, 0.00147556362208, -0.00121140666306, 0.000611394643784, -8.9722489065e-05, -0.00455091847107, 0.0131802754477, -0.00618683965877, 0.00360316131264], [-4.96059328725e-05, 0.00102923659142, -0.000349695939803, -0.0014361103531, 0.000367398490198, -0.00018143041234, 0.00176254927646, -0.00162244657986, 0.0011253306875, 0.000110771296022, -0.00618683965877, 0.0186320971698, -0.00715465843678], [0.000126930579427, -0.000589363393374, 0.000490874284878, 0.000320294348057, -0.000652107642964, 0.00102351326495, -0.00117829733063, 0.00130698876455, 0.000365534826415, -0.000977202551439, 0.00360316131264, -0.00715465843678, 0.0168013684452]], "cov": [[26116.0605469, 1012.44354248, -1626.83325195, 322.378723145, -918.378723145, 280.700164795, -261.576263428, 136.00982666, -325.836029053, 113.873016357, -90.3092422485, -12.5860509872, -174.351501465], [1012.44354248, 1279.4888916, -301.721466064, 191.043411255, 93.0991287231, 16.1800804138, 28.7958717346, 34.3848152161, 14.2741937637, -22.2338466644, -9.34784317017, -56.1492958069, 20.8696556091], [-1626.83325195, -301.721466064, 957.776184082, 107.362800598, 235.974990845, 11.3321027756, 110.504920959, -32.4050064087, 90.7941741943, -27.7771530151, -26.0888290405, 4.63486003876, -5.60609960556], [322.378723145, 191.043411255, 107.362800598, 416.134979248, 71.5581512451, 40.2170295715, 2.31000947952, 20.8019180298, 31.8012237549, -41.3788909912, -12.7011938095, 18.9914340973, -0.220007628202], [-918.378723145, 93.0991287231, 235.974990845, 71.5581512451, 424.361297607, 49.1913299561, 165.161987305, 0.0405975580215, 52.1104545593, -26.3084163666, -12.5581541061, -21.4406833649, 17.8982696533], [280.700164795, 16.1800804138, 11.3321027756, 40.2170295715, 49.1913299561, 263.801849365, 71.9053115845, 9.11459159851, -1.01887345314, 25.1499290466, -18.9856414795, -12.3059196472, -12.1619968414], [-261.576263428, 28.7958717346, 110.504920959, 2.31000947952, 165.161987305, 71.9053115845, 208.82182312, 20.0741233826, 37.1325683594, 2.65832471848, -1.02070820332, -21.122253418, 5.39801263809], [136.00982666, 34.3848152161, -32.4050064087, 20.8019180298, 0.0405975580215, 9.11459159851, 20.0741233826, 152.397506714, 42.7143554688, -8.38352394104, -3.58985638618, 3.58931899071, -9.39068603516], [-325.836029053, 14.2741937637, 90.7941741943, 31.8012237549, 52.1104545593, -1.01887345314, 37.1325683594, 42.7143554688, 123.465415955, 15.1919355392, 5.42508172989, -5.74503231049, -4.34304189682], [113.873016357, -22.2338466644, -27.7771530151, -41.3788909912, -26.3084163666, 25.1499290466, 2.65832471848, -8.38352394104, 15.1919355392, 118.125411987, 43.2702598572, 10.3114128113, -0.103135868907], [-90.3092422485, -9.34784317017, -26.0888290405, -12.7011938095, -12.5581541061, -18.9856414795, -1.02070820332, -3.58985638618, 5.42508172989, 43.2702598572, 111.415924072, 33.0784416199, -5.17360687256], [-12.5860509872, -56.1492958069, 4.63486003876, 18.9914340973, -21.4406833649, -12.3059196472, -21.122253418, 3.58931899071, -5.74503231049, 10.3114128113, 33.0784416199, 81.4228668213, 24.0887241364], [-174.351501465, 20.8696556091, -5.60609960556, -0.220007628202, 17.8982696533, -12.1619968414, 5.39801263809, -9.39068603516, -4.34304189682, -0.103135868907, -5.17360687256, 24.0887241364, 75.7367401123]]}, "spectral_energyband_middle_low": {"dmean2": 0.00810099579394, "median": 0.0105680506676, "min": 1.80725673114e-22, "dvar2": 0.000113168804091, "dvar": 4.72152059956e-05, "dmean": 0.00523914769292, "max": 0.0924024358392, "var": 0.000115000424557, "mean": 0.0134741561487}, "melbands_crest": {"dmean2": 5.62254905701, "median": 13.707865715, "min": 1.55889523029, "dvar2": 26.6238269806, "dvar": 11.1586608887, "dmean": 3.49585962296, "max": 39.9580726624, "var": 32.4939537048, "mean": 14.5290679932}, "spectral_kurtosis": {"dmean2": 2.32636332512, "median": 3.93700504303, "min": -1.27140033245, "dvar2": 9.5622215271, "dvar": 3.62263894081, "dmean": 1.43934726715, "max": 56.983127594, "var": 8.98379611969, "mean": 4.51354503632}, "spectral_rms": {"dmean2": 0.00150689401198, "median": 0.00523874722421, "min": 3.11511753892e-12, "dvar2": 2.71803719443e-06, "dvar": 1.3389472997e-06, "dmean": 0.00104779121466, "max": 0.012433825992, "var": 4.60135470348e-06, "mean": 0.00545038795099}, "zerocrossingrate": {"dmean2": 0.0116671696305, "median": 0.04833984375, "min": 0, "dvar2": 0.000174923276063, "dvar": 0.000152874577907, "dmean": 0.0100690172985, "max": 0.53173828125, "var": 0.00308298226446, "mean": 0.0579219907522}, "silence_rate_60dB": {"dmean2": 0.00937255937606, "median": 0, "min": 0, "dvar2": 0.0108498558402, "dvar": 0.00466481456533, "dmean": 0.00468597467989, "max": 1, "var": 0.0310557223856, "mean": 0.0320838205516}, "erbbands_kurtosis": {"dmean2": 1.54156088829, "median": 0.0362702608109, "min": -1.836769104, "dvar2": 6.69893884659, "dvar": 2.98897743225, "dmean": 1.00975370407, "max": 68.7269515991, "var": 7.74748897552, "mean": 0.724221885204}, "erbbands": {"dmean2": [0.331544458866, 2.60244870186, 7.1063580513, 6.05293607712, 7.71047735214, 11.1357975006, 12.3657646179, 16.2175159454, 26.2567157745, 27.4598464966, 33.5516471863, 37.0576057434, 37.7439460754, 28.9839801788, 33.96534729, 32.33203125, 33.3228530884, 26.5899295807, 23.4293613434, 17.4271240234, 11.5349206924, 10.8507318497, 11.0579938889, 12.4031362534, 8.8843870163, 9.90567874908, 8.88838768005, 6.02619695663, 3.72817635536, 2.56365871429, 2.37390255928, 1.54031515121, 0.831988692284, 0.452681541443, 0.28912332654, 0.171274065971, 0.0565893799067, 0.0160646531731, 0.00716384174302, 0.00105378311127], "median": [0.196771651506, 1.23192286491, 1.56419336796, 2.08103060722, 2.92146873474, 3.89586114883, 6.29746866226, 9.2795381546, 13.2817497253, 15.7016611099, 13.1587085724, 14.4043979645, 18.096698761, 10.9943447113, 11.2105522156, 10.2176122665, 11.4299087524, 11.2035894394, 8.84791755676, 7.84298229218, 7.21386051178, 6.58029222488, 5.58737134933, 6.24639225006, 6.37509918213, 6.99336957932, 5.949467659, 3.70534849167, 1.87602639198, 1.10991179943, 1.06228756905, 0.678770422935, 0.407985448837, 0.227816700935, 0.0907524377108, 0.0446706861258, 0.0137922633439, 0.00298524741083, 0.000603258609772, 9.68063759501e-05], "min": [9.73250578494e-23, 1.98804951423e-22, 1.69843504796e-21, 3.23257740521e-21, 1.39045910575e-20, 1.50977231585e-20, 4.97721392351e-20, 5.22227167297e-20, 1.21234253063e-19, 1.55980388284e-19, 2.59008887204e-19, 4.22671663728e-19, 4.69189819836e-19, 4.42311516409e-19, 6.76992737454e-19, 1.11780876301e-18, 1.57272583988e-18, 1.91631836496e-18, 2.16693196348e-18, 2.60756942143e-18, 3.48859122005e-18, 2.76953283293e-18, 5.43158305784e-18, 5.38903288713e-18, 6.79876950814e-18, 8.48979303236e-18, 9.21578464058e-18, 1.06592296987e-17, 1.07019469599e-17, 1.03360990371e-17, 1.10343842307e-17, 1.09488603728e-17, 9.77580907633e-18, 8.23319168018e-18, 6.37154643819e-18, 3.98039724351e-18, 2.23309814068e-18, 9.80637815625e-19, 2.50379713204e-19, 2.63287824658e-20], "dvar2": [0.366905868053, 20.0786571503, 194.738922119, 136.657272339, 202.340454102, 531.442016602, 586.134216309, 1203.67871094, 3475.94628906, 3241.67431641, 6119.52197266, 8563.79003906, 6537.32080078, 5377.38769531, 8166.50048828, 9861.39550781, 7194.3984375, 4450.00927734, 4626.83398438, 1760.51831055, 421.083282471, 403.26385498, 547.819702148, 586.360351562, 207.84437561, 275.79385376, 189.451705933, 84.8159561157, 53.7001914978, 57.777507782, 35.1576385498, 9.49195861816, 3.31122756004, 1.63947868347, 1.14835345745, 2.13364720345, 0.622885346413, 0.00161245872732, 0.000169612379977, 3.78195409212e-06], "dvar": [0.136225089431, 8.1398897171, 95.6323852539, 54.9200744629, 75.3032531738, 212.383148193, 259.686737061, 523.206481934, 1478.3092041, 1454.0189209, 2549.94140625, 3876.29296875, 2933.87939453, 2572.86816406, 3648.93359375, 4259.11132812, 2946.27416992, 1798.58618164, 1749.73779297, 708.686828613, 168.676651001, 151.109436035, 213.712051392, 261.485351562, 86.4240875244, 115.054252625, 83.3929519653, 41.0617866516, 24.9354362488, 30.8801250458, 18.1843605042, 4.64705133438, 1.66529762745, 0.885891437531, 0.596237897873, 0.842217803001, 0.230942204595, 0.000748918100726, 9.36901997193e-05, 2.04176785701e-06], "dmean": [0.190941303968, 1.58291137218, 4.59200954437, 3.71989941597, 4.51588487625, 6.90314626694, 8.14847660065, 10.6436510086, 17.56341362, 18.4892902374, 21.7463474274, 24.8266620636, 25.9061183929, 19.2901153564, 22.6409301758, 21.1614971161, 21.5633525848, 16.6261768341, 14.5822076797, 10.9922943115, 7.2012796402, 6.66267299652, 6.90126609802, 7.91515350342, 5.68763494492, 6.31873941422, 5.81441164017, 4.03720808029, 2.51212787628, 1.84318852425, 1.60997223854, 1.02757358551, 0.56916821003, 0.331859588623, 0.207857608795, 0.121766939759, 0.0386515930295, 0.0110051529482, 0.0048718964681, 0.000705145008396], "max": [4.26317071915, 26.4122428894, 109.386192322, 96.549621582, 118.291496277, 331.057373047, 345.476043701, 607.63482666, 808.981201172, 935.81652832, 1536.16137695, 1384.20019531, 1310.90710449, 1884.42211914, 1876.65991211, 2080.11083984, 2061.90063477, 1809.35693359, 1360.71008301, 795.924072266, 294.590484619, 378.617126465, 395.949829102, 524.2421875, 220.225219727, 239.341033936, 127.426338196, 117.206085205, 181.953552246, 287.669128418, 183.917114258, 99.8682403564, 58.7440185547, 34.75050354, 28.2568321228, 78.8102798462, 43.0285987854, 1.47713088989, 0.101180680096, 0.0138210933656], "var": [0.129870846868, 9.44727039337, 130.611358643, 57.5552139282, 77.8062057495, 452.545471191, 756.680603027, 1464.14709473, 3903.38378906, 3281.81079102, 4679.11865234, 9074.34570312, 7105.79638672, 9656.80273438, 8383.04785156, 12725.3603516, 9018.30957031, 5341.74023438, 5114.67041016, 1759.1237793, 472.855743408, 397.456573486, 673.512756348, 1029.23254395, 271.889343262, 222.390182495, 177.928070068, 75.5712432861, 54.9277267456, 72.1213378906, 50.4720497131, 13.3823757172, 3.92321157455, 1.87808060646, 1.21043407917, 0.934840857983, 0.177203431726, 0.00099360733293, 0.000122509605717, 2.5303440907e-06], "mean": [0.278481960297, 2.17139816284, 5.66957235336, 4.64074230194, 5.74377679825, 11.5794725418, 16.7242832184, 22.6002540588, 36.4069099426, 33.6244926453, 35.8521728516, 43.1128883362, 48.0605125427, 38.6847763062, 40.1959686279, 39.7936019897, 40.5864677429, 30.7367248535, 26.3434028625, 19.7973213196, 14.0589723587, 12.8056764603, 13.8463020325, 16.335483551, 12.3018541336, 12.2034301758, 10.9328804016, 6.9188284874, 4.46700048447, 3.40996026993, 3.18266487122, 2.05240702629, 1.10583770275, 0.59191519022, 0.309471100569, 0.167360529304, 0.0505167022347, 0.0122916791588, 0.00501255178824, 0.000717938470189]}, "spectral_strongpeak": {"dmean2": 1.01696443558, "median": 0.479872554541, "min": 0, "dvar2": 2.30923604965, "dvar": 0.955925107002, "dmean": 0.600717425346, "max": 12.7743740082, "var": 1.92600429058, "mean": 1.0662612915}, "spectral_energy": {"dmean2": 0.0198825839907, "median": 0.028130589053, "min": 9.94655606027e-21, "dvar2": 0.000599481980316, "dvar": 0.000287537870463, "dmean": 0.0134808681905, "max": 0.158465027809, "var": 0.000675845018122, "mean": 0.0351659096777}, "average_loudness": 0.945045053959, "spectral_rolloff": {"dmean2": 610.636901855, "median": 818.26171875, "min": 21.533203125, "dvar2": 1320380.5, "dvar": 625033.9375, "dmean": 369.84564209, "max": 19509.0820312, "var": 4623966, "mean": 1286.36083984}, "spectral_centroid": {"dmean2": 343.836273193, "median": 1167.93457031, "min": 146.397171021, "dvar2": 138709.984375, "dvar": 66754.46875, "dmean": 228.643569946, "max": 11885.8564453, "var": 1330387.625, "mean": 1337.09790039}, "pitch_salience": {"dmean2": 0.114827282727, "median": 0.506778657436, "min": 0.00327477324754, "dvar2": 0.0115558262914, "dvar": 0.00482255266979, "dmean": 0.0721882581711, "max": 0.926168262959, "var": 0.0134223792702, "mean": 0.505898058414}, "spectral_energyband_middle_high": {"dmean2": 0.00289482879452, "median": 0.00330249965191, "min": 1.18311121987e-21, "dvar2": 2.38055527007e-05, "dvar": 1.14870908874e-05, "dmean": 0.00199415092357, "max": 0.0733387023211, "var": 7.02916731825e-05, "mean": 0.00622283481061}, "spectral_contrast_coeffs": {"dmean2": [0.0819321721792, 0.0745592489839, 0.066352032125, 0.0545762702823, 0.036812312901, 0.0272622276098], "median": [-0.680683016777, -0.696827530861, -0.725438714027, -0.758146524429, -0.788054168224, -0.751235723495], "min": [-0.978576242924, -0.995511353016, -0.991494178772, -0.996589362621, -0.967436432838, -0.965540885925], "dvar2": [0.00470447400585, 0.00406449194998, 0.002918592887, 0.00192931748461, 0.000915434386116, 0.000526915246155], "dvar": [0.00200452934951, 0.00162493030075, 0.00129427679349, 0.000838994747028, 0.000397193070967, 0.000236143416259], "dmean": [0.051450625062, 0.0469661056995, 0.0428507179022, 0.034945294261, 0.0231088194996, 0.0176424905658], "max": [-0.31815585494, -0.297877311707, -0.427124977112, -0.453244715929, -0.556395292282, -0.596305310726], "var": [0.00785666704178, 0.00802733656019, 0.00759707344696, 0.00503467908129, 0.0023719847668, 0.0016395408893], "mean": [-0.67570078373, -0.694969177246, -0.720603466034, -0.752891719341, -0.78375595808, -0.754451096058]}, "melbands_skewness": {"dmean2": 1.22693610191, "median": 2.35073757172, "min": -1.97284400463, "dvar2": 2.25208258629, "dvar": 1.04426395893, "dmean": 0.822019517422, "max": 39.9086647034, "var": 4.97436141968, "mean": 2.69981813431}, "spectral_spread": {"dmean2": 689283.625, "median": 4516155, "min": 1364805.75, "dvar2": 855999250432, "dvar": 513537376256, "dmean": 511735.53125, "max": 42856556, "var": 15861022720000.0, "mean": 5062706.5}, "dissonance": {"dmean2": 0.0360683239996, "median": 0.45901414752, "min": 0.212543144822, "dvar2": 0.00113310304005, "dvar": 0.000428734929301, "dmean": 0.0218748524785, "max": 0.500000059605, "var": 0.00113255996257, "mean": 0.451806455851}, "spectral_skewness": {"dmean2": 0.328851550817, "median": 1.47733855247, "min": -0.0881550461054, "dvar2": 0.114144459367, "dvar": 0.0488554574549, "dmean": 0.213593006134, "max": 5.81940221786, "var": 0.231383427978, "mean": 1.53491270542}, "spectral_flux": {"dmean2": 0.0532621107996, "median": 0.0805632323027, "min": 6.28099100508e-11, "dvar2": 0.0034697172232, "dvar": 0.00139038730413, "dmean": 0.0342211090028, "max": 0.329476267099, "var": 0.00307980878279, "mean": 0.0930566489697}, "spectral_contrast_valleys": {"dmean2": [0.693494200706, 0.589934766293, 0.555871188641, 0.517116069794, 0.421962231398, 0.421371072531], "median": [-6.74686717987, -6.60593605042, -7.38938236237, -7.76055240631, -7.48755073547, -10.08943367], "min": [-28.2159385681, -28.1528263092, -28.0219306946, -27.6698074341, -27.5064296722, -27.4621124268], "dvar2": [0.426526904106, 0.298330456018, 0.262030243874, 0.231418251991, 0.216576188803, 0.28928565979], "dvar": [0.214307248592, 0.13417224586, 0.128190308809, 0.124604269862, 0.123049236834, 0.166145920753], "dmean": [0.449984818697, 0.368945896626, 0.36047154665, 0.351324260235, 0.306165784597, 0.33708140254], "max": [-5.17523479462, -4.38446807861, -5.00026512146, -5.35901737213, -5.76827335358, -7.58649349213], "var": [6.38972949982, 5.97489643097, 5.57285499573, 5.345682621, 5.5168223381, 4.63535737991], "mean": [-7.26389312744, -6.95519161224, -7.71941280365, -8.10983085632, -7.87729597092, -10.4154863358]}, "erbbands_flatness_db": {"dmean2": 0.0287944823503, "median": 0.142791301012, "min": 0.0264423079789, "dvar2": 0.000800992420409, "dvar": 0.000419928954216, "dmean": 0.0216326192021, "max": 0.419174581766, "var": 0.0021373713389, "mean": 0.147254794836}, "spectral_energyband_high": {"dmean2": 0.000530930003151, "median": 0.000404743652325, "min": 7.01461357128e-21, "dvar2": 9.17715397009e-07, "dvar": 4.60654064227e-07, "dmean": 0.000382952741347, "max": 0.025932688266, "var": 1.07053222109e-06, "mean": 0.00078972405754}, "spectral_entropy": {"dmean2": 0.244882196188, "median": 7.52804374695, "min": 4.69543457031, "dvar2": 0.0706615746021, "dvar": 0.0365875661373, "dmean": 0.176324248314, "max": 9.82133483887, "var": 0.258914113045, "mean": 7.51773118973}, "silence_rate_20dB": {"dmean2": 0, "median": 1, "min": 1, "dvar2": 0, "dvar": 0, "dmean": 0, "max": 1, "var": 0, "mean": 1}, "melbands_flatness_db": {"dmean2": 0.0389045067132, "median": 0.206625759602, "min": 0.00273557403125, "dvar2": 0.00148143130355, "dvar": 0.000718619499821, "dmean": 0.0265604630113, "max": 0.682153105736, "var": 0.00481921434402, "mean": 0.212547942996}, "barkbands": {"dmean2": [0.000924968568143, 0.0112003823742, 0.00601106556132, 0.00208914838731, 0.00305733666755, 0.00179269153159, 0.0017631467199, 0.00166179193184, 0.00154545577243, 0.00120764307212, 0.000883777043782, 0.000893444463145, 0.000701732991729, 0.000605822016951, 0.000376897573005, 0.000260501547018, 0.000202584647923, 0.000201287781238, 0.00022727920441, 0.000226644042414, 0.000175523018697, 9.97847964754e-05, 8.00012421678e-05, 5.66468879697e-05, 3.79632692784e-05, 3.41018203471e-05, 5.48302668903e-05], "median": [0.000110870540084, 0.00661726295948, 0.00108606461436, 0.000611925206613, 0.00125559407752, 0.000977816293016, 0.000917061697692, 0.000622859341092, 0.000576387275942, 0.00048875133507, 0.000236436520936, 0.000218266970478, 0.0001957344939, 0.000187256300705, 0.00010885388474, 0.00012981807231, 0.000106028215669, 9.50258545345e-05, 0.000125142483739, 0.000159145143698, 0.000118915020721, 4.91644168505e-05, 3.45396583725e-05, 2.87944