{"tonal": {"thpcp": [1, 0.615429997444, 0.161633402109, 0.0712711587548, 0.0755456164479, 0.315576314926, 0.641852855682, 0.469475209713, 0.353382796049, 0.558518826962, 0.375101327896, 0.213025867939, 0.257829040289, 0.181781545281, 0.343953311443, 0.571213543415, 0.368864953518, 0.149582460523, 0.169549152255, 0.207586482167, 0.600981116295, 0.995070934296, 0.641093075275, 0.362243622541, 0.452808439732, 0.297833293676, 0.236501455307, 0.339200675488, 0.247808486223, 0.24821408093, 0.368582040071, 0.257029592991, 0.243711799383, 0.394192695618, 0.353537380695, 0.645491600037], "hpcp": {"dmean2": [0.125565558672, 0.104646503925, 0.103476546705, 0.123946592212, 0.109128512442, 0.105530403554, 0.134000808001, 0.14131449163, 0.221939444542, 0.249132692814, 0.200524523854, 0.0949017181993, 0.0500226467848, 0.0490892566741, 0.118626140058, 0.18964728713, 0.162823557854, 0.128515973687, 0.152951702476, 0.123564831913, 0.0758348107338, 0.0674458444118, 0.073881007731, 0.142312720418, 0.182106643915, 0.12486538291, 0.0742565318942, 0.0876300185919, 0.110055938363, 0.201501563191, 0.252085059881, 0.218011081219, 0.149541392922, 0.127066805959, 0.108323454857, 0.10383041203], "median": [0.0227026864886, 0.0201316010207, 0.019423045218, 0.0183292478323, 0.0139103010297, 0.0191028565168, 0.018501682207, 0.0266592185944, 0.0809988230467, 0.124053612351, 0.0770803540945, 0.0124546233565, 0.00283504277468, 0.00412821210921, 0.0316810682416, 0.0627464205027, 0.0523952320218, 0.0337375551462, 0.0333077013493, 0.0262258760631, 0.0146247092634, 0.00931931007653, 0.00992518011481, 0.024381974712, 0.0370955094695, 0.0269534662366, 0.0121512059122, 0.00899442844093, 0.0150527246296, 0.080589145422, 0.149522721767, 0.0987632423639, 0.0245394837111, 0.00831088237464, 0.00933545827866, 0.018901258707], "min": [0, 0, 0, 0, 0, 0, 0, 0, 0, 0, 0, 0, 0, 0, 0, 0, 0, 0, 0, 0, 0, 0, 0, 0, 0, 0, 0, 0, 0, 0, 0, 0, 0, 0, 0, 0], "dvar2": [0.0550977103412, 0.0391027517617, 0.0383063852787, 0.0556886456907, 0.0466961450875, 0.0410624295473, 0.0621375851333, 0.0573087371886, 0.0868852436543, 0.106455311179, 0.0706631094217, 0.0385949872434, 0.021654445678, 0.018078410998, 0.0406428538263, 0.0786408409476, 0.0584264956415, 0.0413034707308, 0.0672579482198, 0.0447916984558, 0.0210746508092, 0.024688411504, 0.0239284485579, 0.0804014503956, 0.0837352648377, 0.0415984876454, 0.0226569846272, 0.0415924862027, 0.0446087606251, 0.0716395378113, 0.101461172104, 0.0753404200077, 0.062311578542, 0.06743735075, 0.0455235466361, 0.036401078105], "dvar": [0.0232422836125, 0.015876699239, 0.0150489294901, 0.024566013366, 0.0187502428889, 0.0160506200045, 0.02756293118, 0.0228230245411, 0.0337009429932, 0.0480072237551, 0.0294247400016, 0.0135606164113, 0.00746520189568, 0.00635705003515, 0.0156893376261, 0.0359051972628, 0.0242587495595, 0.0156899001449, 0.0307679753751, 0.0190532431006, 0.00819780863822, 0.0106386551633, 0.0087204547599, 0.0280726850033, 0.0354012362659, 0.017594197765, 0.0086271725595, 0.016264513135, 0.0168863162398, 0.0284212715924, 0.0444467887282, 0.0300095230341, 0.0240101777017, 0.0277600884438, 0.0188648402691, 0.0147741809487], "dmean": [0.0741658061743, 0.0625309571624, 0.0616790354252, 0.0735677331686, 0.0651188343763, 0.0629539862275, 0.0820601135492, 0.0840381905437, 0.130879670382, 0.151157334447, 0.121774286032, 0.0547187440097, 0.0277470592409, 0.0275226477534, 0.0721474438906, 0.11644884944, 0.0992129817605, 0.076722830534, 0.0930367335677, 0.0760090053082, 0.0455377921462, 0.0408913679421, 0.0422215946019, 0.082781560719, 0.10850225389, 0.0754429921508, 0.0433610007167, 0.050816193223, 0.0640828087926, 0.120761550963, 0.149732381105, 0.130537539721, 0.087286002934, 0.0742924213409, 0.0648852214217, 0.0623296387494], "max": [1, 1, 1, 1, 1, 1, 1, 1, 1, 1, 1, 1, 1, 1, 1, 1, 1, 1, 1, 1, 1, 1, 1, 1, 1, 1, 1, 1, 1, 1, 1, 1, 1, 1, 1, 1], "var": [0.0495134741068, 0.0261143688112, 0.0248500332236, 0.0616264678538, 0.0308334119618, 0.0221062060446, 0.0619572624564, 0.0426664724946, 0.0696331337094, 0.141558423638, 0.0635621696711, 0.0132072940469, 0.00622804230079, 0.00618257839233, 0.0265018027276, 0.0916397348046, 0.049530338496, 0.0332479476929, 0.0935157760978, 0.0445401966572, 0.020911840722, 0.0473544970155, 0.0167301334441, 0.0404436327517, 0.0864557921886, 0.0420075505972, 0.0107609042898, 0.0209817755967, 0.0209823381156, 0.0597948655486, 0.130093708634, 0.0616863928735, 0.0425482988358, 0.0876363441348, 0.0385864898562, 0.021846389398], "mean": [0.110705286264, 0.080877520144, 0.0810098946095, 0.120294511318, 0.0838870257139, 0.0795404836535, 0.128653094172, 0.115384370089, 0.210669785738, 0.326371073723, 0.200858548284, 0.052752468735, 0.0232608448714, 0.0246559046209, 0.102994978428, 0.209482207894, 0.153223127127, 0.115333922207, 0.182284384966, 0.122422225773, 0.0695254802704, 0.0841479450464, 0.0593282394111, 0.112256407738, 0.18642757833, 0.120386853814, 0.0488193891943, 0.0553359389305, 0.067750222981, 0.196142852306, 0.324762374163, 0.209234237671, 0.118225835264, 0.147783577442, 0.0972041711211, 0.0771872326732]}, "tuning_equal_tempered_deviation": 0.00582863809541, "chords_changes_rate": 0.0681470111012, "key_key": "C", "tuning_diatonic_strength": 0.592638075352, "key_scale": "minor", "chords_number_rate": 0.00535987736657, "tuning_frequency": 440.508575439, "tuning_nontempered_energy_ratio": 0.674615204334, "chords_histogram": [18.6830024719, 8.30780982971, 4.97702932358, 4.59418058395, 0.574272572994, 2.18223571777, 0.574272572994, 12.4425725937, 1.60796320438, 15.0842266083, 1.68453288078, 2.18223571777, 0, 2.22052073479, 0.153139352798, 0.99540579319, 1.64624810219, 0, 0.727411925793, 0, 0, 0, 16.0413475037, 5.32159280777], "key_strength": 0.855776548386, "chords_key": "C", "chords_strength": {"dmean2": 0.0101394811645, "median": 0.488680064678, "min": -1, "dvar2": 0.00151883682702, "dvar": 0.000793886836618, "dmean": 0.0102447671816, "max": 0.733916759491, "var": 0.0562814362347, "mean": 0.461299747229}, "chords_scale": "minor", "hpcp_entropy": {"dmean2": 0.947633683681, "median": 1.62077844143, "min": 0, "dvar2": 0.643123209476, "dvar": 0.240650236607, "dmean": 0.566585898399, "max": 3.71845126152, "var": 0.60482686758, "mean": 1.52009510994}}, "metadata": {"audio_properties": {"equal_loudness": 0, "codec": "flac", "downmix": "mix", "sample_rate": 44100, "analysis_sample_rate": 44100, "bit_rate": 0, "md5_encoded": "f2c455545395f5d4bc034f2344d6deec", "length": 121.226669312, "replay_gain": -8.59973716736, "lossless": true}, "version": {"essentia_build_sha": "70f2e5ece6736b2c40cc944ad0e695b16b925413", "essentia": "2.1-beta2", "extractor": "music 1.0", "essentia_git_sha": "v2.1_beta2"}, "tags": {"title": ["Fugue in C minor"], "barcode": ["747313205073"], "media": ["CD"], "albumartist": ["Johann Sebastian Bach, Leopold Stokowski; Bournemouth Symphony Orchestra, Jos\u00e9 Serebrier"], "albumartistsort": ["Bach, Johann Sebastian, Stokowski, Leopold; Bournemouth Symphony Orchestra, Serebrier, Jos\u00e9"], "tracktotal": ["17"], "language": ["zxx"], "performer": ["Bournemouth Symphony Orchestra (orchestra)"], "releasetype": ["album"], "musicbrainz_recordingid": ["1719467a-54b1-4da9-a949-1aa491ccc7ab"], "artistsort": ["Bach, Johann Sebastian"], "musicbrainz_releasegroupid": ["9d68ecc8-8d65-4edc-8ba9-083866009323"], "musicbrainz_discid": ["pCKubHRtN95u09j5jI7CWSTKlAg-"], "musicbrainz_albumartistid": ["24f1766e-9635-4d58-a4d4-9413f9f98a4c", "cf446851-7c71-4822-a3b9-333b87ff2b60", "4b507bc1-d715-4c52-94c1-9d6140bccbe2", "31dbc319-ea4c-4ddd-acf8-8716dbcd085c"], "musicbrainz_releasetrackid": ["6e69d6a6-b76f-3ac6-8adf-c1440ff10102"], "discnumber": ["1"], "composersort": ["Bach, Johann Sebastian"], "catalognumber": ["8.572050"], "releasecountry": ["CA"], "originaldate": ["2009-01-27"], "work": ["Fugue in C minor, no. 2, BWV 847"], "date": ["2009-01-27"], "file_name": "17. Bournemouth Symphony Orchestra, Jos\u00e9 Serebrier - Fugue in C minor.flac", "musicbrainz_albumid": ["c87ec418-e2d7-4545-993f-61642e16e892"], "disctotal": ["1"], "tracknumber": ["17"], "releasestatus": ["official"], "musicbrainz_artistid": ["24f1766e-9635-4d58-a4d4-9413f9f98a4c"], "asin": ["B001LKLKRK"], "musicbrainz_workid": ["472f0fa6-bc7d-4725-a37d-3158aee5c2a8"], "artist": ["Johann Sebastian Bach"], "arranger": ["Leopold Stokowski"], "composer": ["Johann Sebastian Bach"], "album": ["Bach Transcriptions 2"], "label": ["Naxos"], "totaltracks": ["17"], "totaldiscs": ["1"], "script": ["Latn"], "conductor": ["Jos\u00e9 Serebrier"]}}, "rhythm": {"bpm_histogram_first_peak_bpm": {"dmean2": 0, "median": 161, "min": 161, "dvar2": 0, "dvar": 0, "dmean": 0, "max": 161, "var": 0, "mean": 161}, "bpm": 164.043289185, "bpm_histogram_second_peak_spread": {"dmean2": 0, "median": 0, "min": 0, "dvar2": 0, "dvar": 0, "dmean": 0, "max": 0, "var": 0, "mean": 0}, "bpm_histogram_first_peak_weight": {"dmean2": 0, "median": 0.215686276555, "min": 0.215686276555, "dvar2": 0, "dvar": 0, "dmean": 0, "max": 0.215686276555, "var": 0, "mean": 0.215686276555}, "onset_rate": 2.07847046852, "beats_position": [0.359909296036, 0.743038535118, 1.13777780533, 1.52090704441, 1.89242625237, 2.26394557953, 2.62385487556, 2.9837641716, 3.34367346764, 3.7151927948, 4.07510185242, 4.43501138687, 4.78331041336, 5.13160991669, 5.47990942001, 5.83981847763, 6.19972801208, 6.5596370697, 6.91954612732, 7.26784563065, 7.61614513397, 7.96444416046, 8.32435321808, 8.68426322937, 9.04417228699, 9.4040813446, 9.77560043335, 10.1471195221, 10.5186395645, 10.8901586533, 11.261677742, 11.6215867996, 11.9814968109, 12.3414058685, 12.7013149261, 13.0612239838, 13.4327430725, 13.7926530838, 14.1641721725, 14.5356912613, 14.90721035, 15.2787294388, 15.6502494812, 16.0217685699, 16.3816776276, 16.7415866852, 17.1014957428, 17.4614048004, 17.8329238892, 18.1928348541, 18.5527439117, 18.9242630005, 19.2841720581, 19.6440811157, 20.0039901733, 20.3755092621, 20.7470283508, 21.1185474396, 21.4900684357, 21.8499774933, 22.221496582, 22.5930156708, 22.9645347595, 23.3360538483, 23.707572937, 24.0790920258, 24.4506111145, 24.8221302032, 25.1936511993, 25.553560257, 25.9134693146, 26.2733783722, 26.6332874298, 26.9815864563, 27.3298854828, 27.6781845093, 28.0264854431, 28.3747844696, 28.7230834961, 29.0829925537, 29.4429016113, 29.7912006378, 30.1394996643, 30.4878005981, 30.8360996246, 31.1843986511, 31.5326976776, 31.869386673, 32.2176856995, 32.5775947571, 32.9258956909, 33.2741928101, 33.6224937439, 33.9707946777, 34.3190917969, 34.6673927307, 35.0040817261, 35.3407707214, 35.6890678406, 36.0373687744, 36.3856697083, 36.7339668274, 37.0822677612, 37.4305648804, 37.7788658142, 38.1271629333, 38.4870758057, 38.8469848633, 39.1952819824, 39.55519104, 39.9151000977, 40.2750091553, 40.6349182129, 40.9948310852, 41.3547401428, 41.7146492004, 42.0861663818, 42.4576873779, 42.8292045593, 43.2123336792, 43.5838546753, 43.9553718567, 44.3268928528, 44.6868019104, 45.046710968, 45.4182319641, 45.7897491455, 46.1380500793, 46.4863471985, 46.8346481323, 47.1829452515, 47.5312461853, 47.8795471191, 48.2278442383, 48.5761451721, 48.9244422913, 49.2959632874, 49.6674804688, 50.0390014648, 50.4221305847, 50.8052597046, 51.1767807007, 51.5482978821, 51.931427002, 52.3145561218, 52.6976852417, 53.0808143616, 53.4639434814, 53.8470726013, 54.2185935974, 54.5901107788, 54.9616317749, 55.333152771, 55.7046699524, 56.06457901, 56.4244880676, 56.7960090637, 57.1675262451, 57.5390472412, 57.9105644226, 58.2820854187, 58.6536026001, 59.0251235962, 59.3966445923, 59.7565536499, 60.1280708313, 60.4879798889, 60.859500885, 61.2077980042, 61.5677070618, 61.9160079956, 62.2643089294, 62.6242179871, 62.9841270447, 63.3324241638, 63.6807250977, 64.0406341553, 64.3889312744, 64.7372360229, 65.0971450806, 65.4570541382, 65.8053512573, 66.1536483765, 66.5019454956, 66.8618545532, 67.2449874878, 67.6397247314, 68.022857666, 68.4059829712, 68.7891159058, 69.1722412109, 69.5553741455, 69.9501113892, 70.3448486328, 70.7395935059, 71.145942688, 71.6916122437, 72.2372741699, 72.7945556641, 73.3402252197, 73.8858947754, 74.4315643311, 74.9772338867, 75.5229034424, 76.0569610596, 76.5910186768, 77.1366882324, 77.7404098511, 78.3441238403, 78.9710617065, 79.5979995728, 80.2481613159, 80.8983230591, 81.5484771729, 82.2218551636, 82.8952331543, 83.5453948975, 84.1955566406, 84.8573226929, 85.5190887451, 86.1808624268, 86.7265319824, 87.2605895996, 87.6785507202, 88.0848999023, 88.5028533936, 88.9208145142, 89.3387756348, 89.7451248169, 90.1630859375, 90.5694351196, 90.9757843018, 91.3705215454, 91.7768707275, 92.1716079712, 92.5663452148, 92.9610900879, 93.3558273315, 93.7737884521, 94.1801376343, 94.5864868164, 94.9928359985, 95.3991851807, 95.8171386719, 96.2350997925, 96.6530609131, 97.0826263428, 97.5005874634, 97.918548584, 98.3365097046, 98.7428588867, 99.1492080688, 99.555557251, 99.8922424316, 100.217323303, 100.542404175, 100.867477417, 101.192558289, 101.51763916, 101.842720032, 102.179405212, 102.516098022, 102.864395142, 103.201087952, 103.537773132, 103.874465942, 104.234375, 104.594284058, 104.954193115, 105.302490234, 105.732063293, 106.161628723, 106.579589844, 107.020767212, 107.450340271, 107.879905701, 108.321083069, 108.762268066, 109.203445435, 109.644622803, 110.085800171, 110.526985168, 110.968162537, 111.409339905, 111.827301025, 112.245262146, 112.663215637, 113.034736633, 113.417869568, 113.789382935, 114.172515869, 114.544036865, 114.915550232, 115.287071228, 115.658592224, 116.018501282, 116.378410339, 116.749931335, 117.121452332, 117.539405823, 117.945755005, 118.352104187, 118.770065308, 119.199638367, 119.629203796, 120.047164917, 120.465126038], "beats_loudness": {"dmean2": 0.0113881835714, "median": 0.00285975099541, "min": 0, "dvar2": 0.000499612651765, "dvar": 0.000195029337192, "dmean": 0.00721449404955, "max": 0.16589795053, "var": 0.000536619627383, "mean": 0.0143935326487}, "danceability": 0.801150500774, "bpm_histogram_second_peak_weight": {"dmean2": 0, "median": 0.205882355571, "min": 0.205882355571, "dvar2": 0, "dvar": 0, "dmean": 0, "max": 0.205882355571, "var": 0, "mean": 0.205882355571}, "beats_count": 307, "bpm_histogram_second_peak_bpm": {"dmean2": 0, "median": 167, "min": 167, "dvar2": 0, "dvar": 0, "dmean": 0, "max": 167, "var": 0, "mean": 167}, "bpm_histogram_first_peak_spread": {"dmean2": 0, "median": 0.223529458046, "min": 0.223529458046, "dvar2": 0, "dvar": 0, "dmean": 0, "max": 0.223529458046, "var": 0, "mean": 0.223529458046}, "beats_loudness_band_ratio": {"dmean2": [0.139176174998, 0.234945431352, 0.31236359477, 0.234448820353, 0.0805297121406, 0.010005122982], "median": [0.0535586662591, 0.1803637743, 0.381602019072, 0.176266685128, 0.0443316176534, 0.00327478954569], "min": [0, 0, 0, 0, 0, 0], "dvar2": [0.0469507165253, 0.0413440093398, 0.0668924003839, 0.0527757927775, 0.00889034755528, 0.000433859415352], "dvar": [0.0181307177991, 0.0176065117121, 0.0249324664474, 0.0182994715869, 0.00310022314079, 0.000127308929223], "dmean": [0.0799123197794, 0.139428853989, 0.181938439608, 0.139145255089, 0.0470241345465, 0.00565028795972], "max": [0.999625623226, 0.891891539097, 0.939506709576, 0.823002099991, 0.389711469412, 0.0989222154021], "var": [0.058315679431, 0.0348876789212, 0.0539512261748, 0.0297863855958, 0.0047847032547, 0.000106698360469], "mean": [0.15178412199, 0.217719852924, 0.390334904194, 0.217411383986, 0.0684121698141, 0.00616219034418]}}, "lowlevel": {"barkbands_spread": {"dmean2": 5.03038024902, "median": 9.80178260803, "min": 0.00315368897282, "dvar2": 90.9379501343, "dvar": 33.5311851501, "dmean": 3.12688136101, "max": 117.756408691, "var": 60.2093353271, "mean": 11.3260784149}, "melbands_spread": {"dmean2": 6.11225938797, "median": 13.8246917725, "min": 0.000102376281575, "dvar2": 43.9509620667, "dvar": 18.1318054199, "dmean": 3.90655183792, "max": 159.399459839, "var": 382.913879395, "mean": 17.6529350281}, "hfc": {"dmean2": 3.45455694199, "median": 2.02539157867, "min": 1.04918960239e-16, "dvar2": 47.6062011719, "dvar": 19.1491317749, "dmean": 2.2669711113, "max": 108.751083374, "var": 220.069412231, "mean": 9.68672275543}, "barkbands_kurtosis": {"dmean2": 14.3050642014, "median": 0.948488354683, "min": -1.77789461613, "dvar2": 23735.2050781, "dvar": 10451.7675781, "dmean": 8.49389362335, "max": 5596.87744141, "var": 10339.5380859, "mean": 9.19114303589}, "gfcc": {"mean": [-213.802230835, 142.989334106, -149.446960449, -18.0711574554, -48.0611381531, -12.2965555191, -29.6713218689, -1.97643399239, -12.7448358536, 0.391882836819, -6.84615278244, -3.68798279762, -4.28340530396], "icov": [[0.000253597070696, -0.000696058210451, 0.00068759068381, -0.00101018860005, 0.000985436956398, -0.00108994008042, 0.000660647521727, -0.000201249713427, 0.000251765159192, -0.000238658612943, 0.000385554099921, -0.000422663171776, 0.00021872765501], [-0.000696058210451, 0.00280982698314, -0.00157108798157, 0.0034991344437, -0.00324070965871, 0.00298572843894, -0.0014650701778, 0.00130536349025, -0.00072324014036, 0.00182661728468, -0.00122270314023, 0.0019836362917, -0.000154882785864], [0.00068759068381, -0.00157108798157, 0.002841204172, -0.00246340595186, 0.00138996948954, -0.00361616467126, 0.00134652515408, 0.000445535231847, 0.000387060368666, 4.23739584221e-05, 0.00117330288049, -0.00128709396813, 0.000796790816821], [-0.00101018860005, 0.0034991344437, -0.00246340595186, 0.00725751928985, -0.00464195897803, 0.00277272472158, -0.00241662235931, 0.00160847324878, -0.00111093570013, 0.00260095694102, -0.000896642392036, 0.00126467680093, 0.000726545986254], [0.000985436956398, -0.00324070965871, 0.00138996948954, -0.00464195897803, 0.0114571359009, -0.00536973914132, 0.000257306732237, 0.000192430234165, 0.000865895766765, -0.0017907563597, 0.00160159694497, -0.000417392933741, 0.000841031491291], [-0.00108994008042, 0.00298572843894, -0.00361616467126, 0.00277272472158, -0.00536973914132, 0.0122240437195, -0.00471479166299, -0.000682823942043, 0.000936164578889, -0.00113244215026, 0.00127005856484, 0.00233836472034, -0.000482013827423], [0.000660647521727, -0.0014650701778, 0.00134652515408, -0.00241662235931, 0.000257306732237, -0.00471479166299, 0.014059247449, -0.00666045444086, -0.000696544535458, 0.00264872284606, -0.00428193807602, -0.000581270433031, 0.000576016667765], [-0.000201249713427, 0.00130536349025, 0.000445535231847, 0.00160847324878, 0.000192430234165, -0.000682823942043, -0.00666045444086, 0.0181490331888, -0.00701257493347, -0.00301945675164, 0.00625732447952, -0.00452518975362, 0.00290657812729], [0.000251765159192, -0.00072324014036, 0.000387060368666, -0.00111093570013, 0.000865895766765, 0.000936164578889, -0.000696544535458, -0.00701257493347, 0.0164754278958, -0.00715208239853, -0.00152866239659, 0.00370468245819, -0.00480794161558], [-0.000238658612943, 0.00182661728468, 4.23739584221e-05, 0.00260095694102, -0.0017907563597, -0.00113244215026, 0.00264872284606, -0.00301945675164, -0.00715208239853, 0.0204832423478, -0.0112901302055, 0.00097147928318, 0.00434431014583], [0.000385554099921, -0.00122270314023, 0.00117330288049, -0.000896642392036, 0.00160159694497, 0.00127005856484, -0.00428193807602, 0.00625732447952, -0.00152866239659, -0.0112901302055, 0.0250496864319, -0.0119697693735, 0.00370008777827], [-0.000422663171776, 0.0019836362917, -0.00128709396813, 0.00126467680093, -0.000417392933741, 0.00233836472034, -0.000581270433031, -0.00452518975362, 0.00370468245819, 0.00097147928318, -0.0119697693735, 0.0230814404786, -0.0114693632349], [0.00021872765501, -0.000154882785864, 0.000796790816821, 0.000726545986254, 0.000841031491291, -0.000482013827423, 0.000576016667765, 0.00290657812729, -0.00480794161558, 0.00434431014583, 0.00370008777827, -0.0114693632349, 0.0187579244375]], "cov": [[52961.7773438, 6495.48681641, -7133.56152344, 689.375427246, -1593.57177734, -270.563812256, -1485.54309082, -586.62713623, -854.708007812, -662.892150879, -690.483764648, -543.987915039, -348.566864014], [6495.48681641, 2418.1472168, -585.083190918, -356.274780273, -30.4631233215, -188.753829956, -264.530639648, -271.933868408, -208.416687012, -240.275466919, -143.238174438, -207.158111572, -66.5301055908], [-7133.56152344, -585.083190918, 2304.36669922, 354.985168457, 513.559020996, 428.248168945, 205.451522827, -61.0709686279, -74.7097473145, -113.054275513, -102.704986572, -80.5696716309, -64.1211547852], [689.375427246, -356.274780273, 354.985168457, 566.908813477, 134.032653809, 213.020950317, 41.2868881226, -14.3617525101, -64.694770813, -69.6716842651, -82.8551254272, -49.3561897278, -61.8763389587], [-1593.57177734, -30.4631233215, 513.559020996, 134.032653809, 279.093841553, 148.121582031, 73.385269165, -19.1644763947, -26.6343708038, -34.4109916687, -40.3511428833, -51.853805542, -39.2703361511], [-270.563812256, -188.753829956, 428.248168945, 213.020950317, 148.121582031, 291.975708008, 77.0029983521, 19.1548690796, -33.3641357422, -25.9760665894, -62.9459266663, -48.2402801514, -48.9319572449], [-1485.54309082, -264.530639648, 205.451522827, 41.2868881226, 73.385269165, 77.0029983521, 171.617538452, 82.0587692261, 57.8566169739, 40.146648407, 36.3736495972, 26.622587204, 0.149909168482], [-586.62713623, -271.933868408, -61.0709686279, -14.3617525101, -19.1644763947, 19.1548690796, 82.0587692261, 148.649536133, 94.6506271362, 79.052947998, 36.1939620972, 43.6892547607, 9.06935977936], [-854.708007812, -208.416687012, -74.7097473145, -64.694770813, -26.6343708038, -33.3641357422, 57.8566169739, 94.6506271362, 157.154144287, 102.781234741, 66.2118225098, 43.0231170654, 27.5411624908], [-662.892150879, -240.275466919, -113.054275513, -69.6716842651, -34.4109916687, -25.9760665894, 40.146648407, 79.052947998, 102.781234741, 157.816192627, 93.4626235962, 51.6510238647, 3.57971119881], [-690.483764648, -143.238174438, -102.704986572, -82.8551254272, -40.3511428833, -62.9459266663, 36.3736495972, 36.1939620972, 66.2118225098, 93.4626235962, 127.020095825, 75.5619049072, 24.3786029816], [-543.987915039, -207.158111572, -80.5696716309, -49.3561897278, -51.853805542, -48.2402801514, 26.622587204, 43.6892547607, 43.0231170654, 51.6510238647, 75.5619049072, 124.280883789, 63.6155204773], [-348.566864014, -66.5301055908, -64.1211547852, -61.8763389587, -39.2703361511, -48.9319572449, 0.149909168482, 9.06935977936, 27.5411624908, 3.57971119881, 24.3786029816, 63.6155204773, 101.358230591]]}, "spectral_energyband_middle_low": {"dmean2": 0.00309358839877, "median": 0.00175403559115, "min": 1.50075523938e-22, "dvar2": 4.98151421198e-05, "dvar": 2.09063146031e-05, "dmean": 0.00213141134009, "max": 0.158345758915, "var": 0.000241190253291, "mean": 0.00845285598189}, "melbands_crest": {"dmean2": 5.2442650795, "median": 12.1403017044, "min": 1.61763691902, "dvar2": 24.5638523102, "dvar": 9.82395267487, "dmean": 3.26220345497, "max": 40, "var": 48.3172798157, "mean": 13.9096412659}, "spectral_kurtosis": {"dmean2": 13.6416444778, "median": 13.7861223221, "min": -1.24770081043, "dvar2": 253.063079834, "dvar": 84.8733291626, "dmean": 7.78994846344, "max": 133.110717773, "var": 333.789123535, "mean": 20.0737476349}, "spectral_rms": {"dmean2": 0.000464125245344, "median": 0.00166757381521, "min": 3.09780673335e-12, "dvar2": 3.49291752855e-07, "dvar": 1.53113191459e-07, "dmean": 0.000322752603097, "max": 0.0140041438863, "var": 6.28854195384e-06, "mean": 0.00267578009516}, "zerocrossingrate": {"dmean2": 0.00815981533378, "median": 0.0390625, "min": 0, "dvar2": 0.000349158392055, "dvar": 0.000198028661544, "dmean": 0.00612759776413, "max": 0.529296875, "var": 0.00539618683979, "mean": 0.0523648448288}, "silence_rate_60dB": {"dmean2": 0.042911875993, "median": 1, "min": 0, "dvar2": 0.0498816817999, "dvar": 0.0209901966155, "dmean": 0.0214518290013, "max": 1, "var": 0.249860450625, "mean": 0.511872828007}, "erbbands_kurtosis": {"dmean2": 1.77474796772, "median": 0.117992162704, "min": -1.76777780056, "dvar2": 52.916267395, "dvar": 18.0354652405, "dmean": 1.09470748901, "max": 205.645523071, "var": 11.9947309494, "mean": 0.642332494259}, "erbbands": {"dmean2": [0.00321636465378, 0.0801640897989, 0.553621828556, 1.42659080029, 2.98460388184, 4.27247333527, 5.11404371262, 10.2503652573, 13.826382637, 16.705532074, 12.2315359116, 16.0940494537, 19.6898517609, 12.3665752411, 32.7611351013, 24.5185832977, 18.2753734589, 28.0576000214, 18.3965358734, 17.1783466339, 18.5113773346, 5.63045883179, 2.61847400665, 2.5975959301, 1.13301599026, 0.811906218529, 0.335791617632, 0.184749260545, 0.0966100841761, 0.0648630410433, 0.029322411865, 0.0146865183488, 0.00610132561997, 0.00435101194307, 0.00152137002442, 0.000468178128358, 0.000131747190608, 3.06173315039e-05, 5.3772805586e-06, 4.93735115015e-06], "median": [0.000282198248897, 0.00432157516479, 0.0211813934147, 0.0548080354929, 0.184706926346, 0.501320838928, 1.07338762283, 2.05099439621, 3.19513177872, 4.66440820694, 4.87840938568, 3.69487476349, 4.92269992828, 3.72545814514, 3.07316207886, 3.24639558792, 2.2425134182, 2.46265125275, 1.86519885063, 1.39413833618, 0.854951500893, 0.646203160286, 0.351044327021, 0.234380453825, 0.144459605217, 0.0702733770013, 0.0320500358939, 0.0136681329459, 0.00628225924447, 0.00317066116259, 0.0014796287287, 0.000772370840423, 0.000400936580263, 0.000281517044641, 0.000201825867407, 6.26954715699e-05, 1.87567748071e-05, 4.52779204352e-06, 2.48559808824e-06, 3.37629262503e-06], "min": [7.42629301663e-23, 5.25425488601e-22, 1.3430250636e-21, 3.84019407171e-21, 1.00994948085e-20, 2.99826734915e-20, 5.88726930927e-20, 6.83334744135e-20, 1.28540597242e-19, 7.22754876332e-20, 1.28167693882e-19, 4.5810379017e-19, 5.05205728996e-19, 5.3643050465e-19, 6.20212785462e-19, 1.15180371484e-18, 1.38022581529e-18, 1.82862853463e-18, 2.43186219725e-18, 2.17266142999e-18, 3.66100667898e-18, 4.82066757566e-18, 5.62900087796e-18, 5.18707508621e-18, 6.98747504846e-18, 8.5352002849e-18, 9.97751045126e-18, 1.03432979899e-17, 1.18724017364e-17, 1.14609157776e-17, 9.87837533638e-18, 1.09282445504e-17, 9.59435460126e-18, 8.26297928121e-18, 6.19196511361e-18, 4.13131717345e-18, 2.42140497995e-18, 8.10252826606e-19, 2.64896319364e-19, 2.63999086893e-20], "dvar2": [4.85381351609e-05, 0.0386458076537, 2.54372859001, 31.9389133453, 241.148590088, 290.683410645, 129.08114624, 1029.04589844, 1874.36975098, 1565.22619629, 835.766784668, 1951.51342773, 2466.15136719, 1750.90405273, 10854.0185547, 5380.20068359, 3049.27709961, 10935.0703125, 4667.92382812, 3109.30493164, 4627.18164062, 233.028945923, 46.4115943909, 39.514793396, 9.81539535522, 3.86054682732, 0.708220124245, 0.228216454387, 0.0818154066801, 0.0300666950643, 0.00653461134061, 0.00216819485649, 0.000290943484288, 0.000303899752907, 1.74215365405e-05, 1.83825591193e-06, 1.36331465228e-07, 1.22371526246e-08, 2.28491045529e-10, 9.82770670399e-11], "dvar": [1.99993282877e-05, 0.014970511198, 1.16292130947, 13.228553772, 75.5778045654, 112.372703552, 57.2242164612, 548.785400391, 1098.19750977, 672.620727539, 460.093719482, 1174.12426758, 1188.0871582, 811.535705566, 4171.51074219, 2427.2578125, 1223.04431152, 3779.20678711, 1698.21569824, 1220.23791504, 1925.71020508, 93.4768753052, 17.4398479462, 14.0192537308, 3.89304423332, 1.45770680904, 0.266915082932, 0.086041867733, 0.0315528102219, 0.0112876938656, 0.0027759198565, 0.00099483167287, 0.000149744213559, 0.00019782911113, 8.5776891865e-06, 1.0128616168e-06, 6.93727670864e-08, 9.50149647849e-09, 1.77807893409e-10, 4.15344633686e-11], "dmean": [0.00201647472568, 0.0503894835711, 0.360726833344, 0.903298795223, 1.73858892918, 2.73828172684, 3.37414979935, 7.07543230057, 9.80576896667, 11.2435331345, 8.63453292847, 12.1285715103, 13.8107910156, 8.61170291901, 20.8772182465, 16.273525238, 12.1481151581, 16.8027362823, 11.0755138397, 10.4873466492, 11.5625114441, 3.47934913635, 1.63060760498, 1.5399132967, 0.70319122076, 0.496383666992, 0.210932210088, 0.112922623754, 0.0602747835219, 0.0404938943684, 0.0189977567643, 0.00988774374127, 0.00426159147173, 0.00308658974245, 0.00105728174094, 0.000330828363076, 9.2412927188e-05, 2.33564533119e-05, 3.98262227463e-06, 3.36258858624e-06], "max": [0.117480285466, 2.37709903717, 44.1760292053, 139.157073975, 346.619384766, 354.138305664, 197.806777954, 1422.01721191, 1769.62438965, 499.139648438, 859.70300293, 1492.27050781, 1156.2434082, 1069.47644043, 1425.83300781, 1336.83862305, 844.40423584, 1802.73034668, 1047.92358398, 1106.6151123, 1273.3996582, 247.324417114, 86.7139053345, 57.3165359497, 58.1735572815, 22.5350971222, 11.4028520584, 8.52312278748, 5.40637111664, 2.57875943184, 2.01373124123, 1.41914618015, 0.608016312122, 0.912292659283, 0.176147028804, 0.0840623378754, 0.0133854113519, 0.00597129296511, 0.000751609681174, 0.000224268922466], "var": [6.24230015092e-05, 0.0503707416356, 6.85642194748, 67.4686660767, 141.464508057, 341.797546387, 411.618347168, 5846.68701172, 11569.3505859, 2229.79321289, 1885.6842041, 10118.3818359, 3796.38574219, 1920.18676758, 8244.92578125, 5812.37744141, 2948.21606445, 5455.27001953, 3136.44628906, 3525.84033203, 5239.88085938, 254.711288452, 57.9785575867, 37.2027702332, 12.7168540955, 4.98110961914, 1.16021561623, 0.368852108717, 0.13324226439, 0.0586563497782, 0.0184976253659, 0.0065702884458, 0.00153927016072, 0.00213578576222, 0.000107618972834, 1.39835156006e-05, 7.29582552594e-07, 5.67980045219e-08, 1.44362755083e-09, 7.32548965932e-10], "mean": [0.00384737248532, 0.098189085722, 0.801486253738, 2.01835250854, 2.99818921089, 5.93498802185, 9.2289056778, 18.9371833801, 25.8970756531, 23.3525333405, 20.863035202, 31.6896896362, 28.5235385895, 18.550245285, 36.5913696289, 29.9643783569, 23.3595161438, 26.7196407318, 19.6077365875, 21.116897583, 22.2671966553, 6.99109077454, 3.67787361145, 3.03235912323, 1.6299200058, 1.14936316013, 0.55064368248, 0.297792553902, 0.164779782295, 0.115366928279, 0.0583266541362, 0.0304247830063, 0.0146092986688, 0.0105456700549, 0.00380602153018, 0.00123201741371, 0.000349240755895, 8.21078574518e-05, 1.84938380698e-05, 1.67217149283e-05]}, "spectral_strongpeak": {"dmean2": 0.768699407578, "median": 0.513697266579, "min": 0, "dvar2": 2.11758065224, "dvar": 0.818695485592, "dmean": 0.46522462368, "max": 14.4120588303, "var": 1.65836751461, "mean": 0.983728349209}, "spectral_energy": {"dmean2": 0.00423696730286, "median": 0.00285032275133, "min": 9.83631647218e-21, "dvar2": 7.47436279198e-05, "dvar": 3.10800423904e-05, "dmean": 0.0028713317588, "max": 0.201018944383, "var": 0.000520299072377, "mean": 0.0137845389545}, "average_loudness": 0.00929921027273, "spectral_rolloff": {"dmean2": 456.66696167, "median": 1055.12695312, "min": 21.533203125, "dvar2": 2187451.75, "dvar": 769668.75, "dmean": 256.360015869, "max": 19810.546875, "var": 7726761, "mean": 1504.39343262}, "spectral_centroid": {"dmean2": 201.599014282, "median": 845.729614258, "min": 166.036178589, "dvar2": 78344.0390625, "dvar": 47408.1132812, "dmean": 129.744506836, "max": 11739.1630859, "var": 2491709, "mean": 1116.30688477}, "pitch_salience": {"dmean2": 0.11226156354, "median": 0.547996401787, "min": 4.90696838824e-05, "dvar2": 0.0102988574654, "dvar": 0.00393398152664, "dmean": 0.0698843374848, "max": 0.824862599373, "var": 0.0174917560071, "mean": 0.53526365757}, "spectral_energyband_middle_high": {"dmean2": 0.00217986549251, "median": 0.0007106855046, "min": 1.13678577341e-21, "dvar2": 2.05012638617e-05, "dvar": 8.25561346574e-06, "dmean": 0.00141014612745, "max": 0.062950566411, "var": 4.52850763395e-05, "mean": 0.00419954489917}, "spectral_contrast_coeffs": {"dmean2": [0.0722457394004, 0.0639293417335, 0.0532715320587, 0.045341424644, 0.0316688492894, 0.0196605864912], "median": [-0.653794288635, -0.725134015083, -0.7331417799, -0.735375642776, -0.756330907345, -0.77373623848], "min": [-0.984313070774, -0.99716681242, -0.981789886951, -0.993491470814, -0.989959657192, -0.964452445507], "dvar2": [0.00336529267952, 0.00273582874797, 0.00183444318827, 0.0013720872812, 0.000650947971735, 0.000258813786786], "dvar": [0.00124470668379, 0.00107688445132, 0.000765449192841, 0.000541124551091, 0.00029528408777, 0.000112330475531], "dmean": [0.0435355603695, 0.0404631122947, 0.0341539271176, 0.0284744165838, 0.0201482586563, 0.0127034662291], "max": [-0.322620719671, -0.358826577663, -0.452435404062, -0.473685801029, -0.559322416782, -0.644766867161], "var": [0.015124509111, 0.00963229872286, 0.00758669059724, 0.00706467684358, 0.00509955501184, 0.00369543256238], "mean": [-0.66613805294, -0.724815905094, -0.736686527729, -0.741282641888, -0.765826523304, -0.783796429634]}, "melbands_skewness": {"dmean2": 2.95421099663, "median": 1.1651468277, "min": -1.79524469376, "dvar2": 7935.54492188, "dvar": 2647.76782227, "dmean": 1.60845196247, "max": 2649.8215332, "var": 1346.78125, "mean": 2.11726021767}, "spectral_spread": {"dmean2": 410551.25, "median": 2042401.75, "min": 654916.5625, "dvar2": 1502222352380.0, "dvar": 715975163904, "dmean": 245749.046875, "max": 48254228, "var": 37063558692900.0, "mean": 3275178}, "dissonance": {"dmean2": 0.0547088757157, "median": 0.441548854113, "min": 0, "dvar2": 0.0025806282647, "dvar": 0.00093180447584, "dmean": 0.0324185453355, "max": 0.5, "var": 0.00197469349951, "mean": 0.43364778161}, "spectral_skewness": {"dmean2": 0.941422343254, "median": 2.45269012451, "min": -0.109691366553, "dvar2": 0.906278610229, "dvar": 0.301738530397, "dmean": 0.537180662155, "max": 9.02806758881, "var": 1.73901975155, "mean": 2.82765030861}, "spectral_flux": {"dmean2": 0.0136032700539, "median": 0.0243899282068, "min": 6.33481184176e-11, "dvar2": 0.000278232444543, "dvar": 0.000103601443698, "dmean": 0.00817009061575, "max": 0.272037863731, "var": 0.00112261075992, "mean": 0.0375740006566}, "spectral_contrast_valleys": {"dmean2": [0.655513226986, 0.489189147949, 0.401870191097, 0.335129141808, 0.261488497257, 0.218376889825], "median": [-9.2856092453, -7.23870658875, -8.27821826935, -9.1782913208, -10.0675983429, -13.5136089325], "min": [-28.187746048, -28.0791149139, -27.8912963867, -27.8493213654, -27.5474281311, -27.4332561493], "dvar2": [0.337342083454, 0.230543792248, 0.186581194401, 0.155360996723, 0.130180492997, 0.114262245595], "dvar": [0.154050037265, 0.113887920976, 0.0945298820734, 0.0828825682402, 0.0785668864846, 0.0672660320997], "dmean": [0.389313548803, 0.299483656883, 0.248379096389, 0.208806678653, 0.175510168076, 0.159437611699], "max": [-6.11867570877, -4.60315561295, -5.34311199188, -6.21134901047, -7.23559808731, -10.6775655746], "var": [11.0658521652, 12.4077596664, 11.5154409409, 10.8929548264, 9.63339519501, 6.37705802917], "mean": [-9.84883880615, -8.12664699554, -8.90301132202, -9.60925960541, -10.4470281601, -13.6143493652]}, "erbbands_flatness_db": {"dmean2": 0.024242380634, "median": 0.268211573362, "min": 0.0238574370742, "dvar2": 0.000503493996803, "dvar": 0.000219225010369, "dmean": 0.0162672009319, "max": 0.473471790552, "var": 0.00567986536771, "mean": 0.261072844267}, "spectral_energyband_high": {"dmean2": 1.49401839735e-05, "median": 1.53105759182e-06, "min": 6.92019865917e-21, "dvar2": 1.50475831795e-09, "dvar": 5.87221105075e-10, "dmean": 9.57253723755e-06, "max": 0.000633502670098, "var": 3.69785646548e-09, "mean": 3.14188291668e-05}, "spectral_entropy": {"dmean2": 0.196415483952, "median": 6.71531867981, "min": 4.89510297775, "dvar2": 0.0310591887683, "dvar": 0.0151348691434, "dmean": 0.132618695498, "max": 9.83140277863, "var": 0.475233972073, "mean": 6.78833389282}, "silence_rate_20dB": {"dmean2": 0, "median": 1, "min": 1, "dvar2": 0, "dvar": 0, "dmean": 0, "max": 1, "var": 0, "mean": 1}, "melbands_flatness_db": {"dmean2": 0.0329334773123, "median": 0.274819791317, "min": 0.00269248429686, "dvar2": 0.00152376585174, "dvar": 0.000611604074948, "dmean": 0.0221926495433, "max": 1, "var": 0.0058072283864, "mean": 0.276536345482}, "barkbands": {"dmean2": [1.708122727e-05, 0.000276869774098, 0.000633385847323, 0.000504690222442, 0.00124737143051, 0.00108593399636, 0.000961398647632, 0.000688193540554, 0.000653454102576, 0.000661017082166, 0.000721158226952, 0.000521966663655, 0.000430091051385, 0.000620469858404, 0.0002059420367, 0.000477754481835, 0.000121586672321, 4.6062443289e-05, 3.78485419787e-05, 1.72318832483e-05, 5.28905457031e-06, 2.45244200414e-06, 1.1220390661e-06, 4.84312295157e-07, 2.68267342562e-07, 7.02933533603e-08, 2.44282745143e-08], "median": [4.76747118228e-06, 1.51656149683e-05, 1.90825430764e-05, 1.96446799237e-05, 0.000152832319145, 0.000222178234253, 0.00025069253752, 0.000206791155506, 0.000130617554532, 0.000130883156089, 7.18571682228e-05, 6.51117952657e-05, 3.22812047671e-05, 3.27668240061e-05, 2.9442635423e-05, 1.33922058012e-05, 1.32562090585e-05, 4.84606789541e-06, 3.52529605152e-06, 1.52151619659e-06, 4.43201400913e-07, 1.62355874522e-07, 5.41015019451e-08, 2.93367712345e-08, 2.67630237971e-08, 1.06341122574e-08, 6.80642298079e-09], "min": [9.77605552667e-26, 3.69508956108e-24, 8.80840509048e-25, 1.00448883531e-24, 5.33539999017e-24, 7.07198813173e-24, 9.85073015999e-24, 3.62084197268e-24, 1.98520112683e-23, 1.46850259816e-23, 1.83515362954e-23, 1.99944732369e-23, 2.30067670025e-23, 2.86370865864e-23, 3.85225297816e-23, 5.99292139225e-23, 8.6253035324e-23, 9.11951920972e-23, 1.16562339791e-22, 1.71090147365e-22, 2.59430098436e-22, 3.11547626711e-22, 3.27168991144e-22, 5.79554170422e-22, 8.96520804546e-22, 1.28695803063e-21, 1.81288849119e-21], "dvar2": [6.59721388629e-10, 4.6125299491e-07, 4.16650618718e-06, 3.73482407667e-06, 3.19034515996e-05, 9.0889088824e-06, 6.42446457277e-06, 2.31338526646e-06, 2.74239027931e-06, 4.05296759709e-06, 4.35285210187e-06, 2.14914780372e-06, 1.9859319309e-06, 6.01798865318e-06, 3.69625439589e-07, 2.55104032476e-06, 1.35740521046e-07, 1.4028857187e-08, 8.36493274647e-09, 1.74834136057e-09, 1.60096519375e-10, 4.05319527941e-11, 9.04832112014e-12, 2.38823717746e-12, 8.53376776796e-13, 4.13993417726e-14, 7.19913715365e-15], "dvar": [2.5132146364e-10, 1.75675708647e-07, 2.01077818929e-06, 1.4566826394e-06, 1.06613952084e-05, 4.51620189779e-06, 3.75079866899e-06, 1.1704461258e-06, 1.6778965346e-06, 1.92918514585e-06, 1.71145495642e-06, 9.63108732321e-07, 8.11687414171e-07, 2.09183554034e-06, 1.3737630411e-07, 1.02534045254e-06, 5.42851275043e-08, 5.15962872427e-09, 3.01772429268e-09, 6.45199838001e-10, 6.23483764617e-11, 1.55011663228e-11, 3.63044815564e-12, 1.15737888023e-12, 6.01325304654e-13, 2.66204430461e-14, 6.02741741948e-15], "dmean": [1.00625247796e-05, 0.000173065622221, 0.000420145952376, 0.000307999085635, 0.000766006007325, 0.000735486857593, 0.000669614004437, 0.000478772359202, 0.000495384039823, 0.000460924580693, 0.000465011893539, 0.000342639425071, 0.000282916793367, 0.000369019107893, 0.00012638066255, 0.000296233862173, 7.46872319723e-05, 2.8298698453e-05, 2.2448861273e-05, 1.05441622509e-05, 3.29710178448e-06, 1.53444932494e-06, 7.24218352843e-07, 3.3599602034e-07, 1.96618699988e-07, 5.20612886135e-08, 1.83561805756e-08], "max": [0.000260518456344, 0.00782308261842, 0.0683535411954, 0.0399419590831, 0.121050447226, 0.112549081445, 0.0981601551175, 0.0323161706328, 0.055259693414, 0.0516715161502, 0.0287445522845, 0.0257639754564, 0.0196918733418, 0.0392804555595, 0.00993776135147, 0.0249684955925, 0.00727486889809, 0.00144077755976, 0.00101269537117, 0.00055815896485, 0.00018473660748, 0.00010547832062, 6.07049623795e-05, 4.59968141513e-05, 5.77971914026e-05, 1.20699887702e-05, 4.530370461e-06], "var": [3.26686205865e-10, 5.27895394953e-07, 1.43370816659e-05, 5.44256545254e-06, 2.49864642683e-05, 4.28500388807e-05, 3.70754023606e-05, 5.02721377416e-06, 1.41640757647e-05, 5.32470312464e-06, 3.93387927033e-06, 2.31665080719e-06, 1.79453718374e-06, 3.05592379846e-06, 3.01285865589e-07, 2.85332885142e-06, 1.22248863477e-07, 1.51095118639e-08, 9.11763287093e-09, 2.18410556307e-09, 3.15000997508e-10, 7.95925617081e-11, 2.49412452497e-11, 8.1661509152e-12, 9.591