{"tonal": {"thpcp": [1, 0.667738854885, 0.456663161516, 0.382826805115, 0.332949459553, 0.426030993462, 0.52228474617, 0.454227596521, 0.445809483528, 0.57272708416, 0.635874152184, 0.603313207626, 0.593894720078, 0.552345395088, 0.561587512493, 0.627640962601, 0.516492843628, 0.381490260363, 0.36515557766, 0.44005292654, 0.699613213539, 0.897247493267, 0.67904907465, 0.42985072732, 0.363739579916, 0.338515818119, 0.455139607191, 0.602685987949, 0.556055903435, 0.582305312157, 0.799427211285, 0.699237406254, 0.480907708406, 0.501837015152, 0.635747373104, 0.940320849419], "hpcp": {"dmean2": [0.243236541748, 0.245416894555, 0.242705911398, 0.242133483291, 0.216635555029, 0.187635734677, 0.193084567785, 0.224231243134, 0.293724358082, 0.317324906588, 0.273034602404, 0.223355442286, 0.19403783977, 0.187882348895, 0.212965488434, 0.248495042324, 0.258973300457, 0.2442163378, 0.283810645342, 0.264667063951, 0.226530969143, 0.233301892877, 0.286961376667, 0.361771285534, 0.311666429043, 0.240250617266, 0.214995533228, 0.202944532037, 0.182853162289, 0.220283567905, 0.256636738777, 0.226698815823, 0.200318932533, 0.21092505753, 0.232637926936, 0.24799567461], "median": [0.0751539096236, 0.072491876781, 0.0599878206849, 0.0636262968183, 0.0552764870226, 0.0414414852858, 0.0346370972693, 0.0425510630012, 0.0926974788308, 0.126702532172, 0.0986991375685, 0.0509259514511, 0.035812087357, 0.031491484493, 0.0432255715132, 0.0585725493729, 0.0562317408621, 0.0723050013185, 0.0980119407177, 0.0826491415501, 0.0522447116673, 0.0421067997813, 0.0759529024363, 0.107486948371, 0.112079150975, 0.0742214098573, 0.0529111996293, 0.0349583886564, 0.029985582456, 0.0357391089201, 0.0470986701548, 0.0456792712212, 0.0385677218437, 0.0458772331476, 0.0588543154299, 0.0670345053077], "min": [0, 0, 0, 0, 0, 0, 0, 0, 0, 0, 0, 0, 0, 0, 0, 0, 0, 0, 0, 0, 0, 0, 0, 0, 0, 0, 0, 0, 0, 0, 0, 0, 0, 0, 0, 0], "dvar2": [0.10136718303, 0.11356947571, 0.103198803961, 0.105173103511, 0.0919340923429, 0.0807353854179, 0.0949768722057, 0.103056661785, 0.127700418234, 0.125168338418, 0.11221704632, 0.103567607701, 0.0932901129127, 0.0923884287477, 0.102800145745, 0.113384194672, 0.128565445542, 0.101904042065, 0.122395299375, 0.109709911048, 0.0956718325615, 0.106193229556, 0.112853094935, 0.166327446699, 0.118572026491, 0.0930327996612, 0.0876221209764, 0.100907750428, 0.0854770764709, 0.106407105923, 0.135109901428, 0.111589603126, 0.0909238159657, 0.0923131033778, 0.102407366037, 0.108913391829], "dvar": [0.038556791842, 0.0419999249279, 0.0395437665284, 0.0418872348964, 0.0353526249528, 0.0300842579454, 0.0356619432569, 0.0392289459705, 0.0492757670581, 0.0525475405157, 0.0438565053046, 0.0379556640983, 0.0344394668937, 0.0345931872725, 0.0402603931725, 0.0485020987689, 0.0500951632857, 0.0390140116215, 0.0515518672764, 0.0450187213719, 0.0363839454949, 0.0445838272572, 0.0465654619038, 0.0679396390915, 0.0555841960013, 0.0389305725694, 0.0337197035551, 0.0376214087009, 0.0324966832995, 0.0408785492182, 0.051859125495, 0.0415024906397, 0.0351858362556, 0.0364528186619, 0.0396888442338, 0.0419817566872], "dmean": [0.141335904598, 0.140009641647, 0.139443427324, 0.142279714346, 0.125768050551, 0.107962720096, 0.111131161451, 0.128239512444, 0.17373162508, 0.191343441606, 0.161662235856, 0.12642967701, 0.109969995916, 0.105724588037, 0.125260472298, 0.146639227867, 0.149846553802, 0.143209040165, 0.168243125081, 0.155975967646, 0.131545200944, 0.13676482439, 0.167328253388, 0.209517106414, 0.186369046569, 0.145869165659, 0.124788321555, 0.116023369133, 0.103730581701, 0.126217454672, 0.147749662399, 0.130345538259, 0.115092426538, 0.122098773718, 0.135667771101, 0.144502148032], "max": [1, 1, 1, 1, 1, 1, 1, 1, 1, 1, 1, 1, 1, 1, 1, 1, 1, 1, 1, 1, 1, 1, 1, 1, 1, 1, 1, 1, 1, 1, 1, 1, 1, 1, 1, 1], "var": [0.0540945120156, 0.0496046282351, 0.052886813879, 0.0682689547539, 0.0483506433666, 0.0312884747982, 0.0329901762307, 0.0400602817535, 0.0641298219562, 0.0873565301299, 0.0565878264606, 0.0362122952938, 0.0324522256851, 0.0311508160084, 0.0456364229321, 0.0686967968941, 0.0575974360108, 0.0497176386416, 0.0859536901116, 0.0688920691609, 0.0412886030972, 0.0559259280562, 0.0592065528035, 0.102398097515, 0.114201776683, 0.0630613267422, 0.0375128537416, 0.035964962095, 0.0297686234117, 0.0418197326362, 0.0563130863011, 0.0421299859881, 0.0452144630253, 0.0663949772716, 0.0701288059354, 0.0583685860038], "mean": [0.170482844114, 0.158555731177, 0.161208763719, 0.180170014501, 0.148263931274, 0.109510228038, 0.104821205139, 0.126321166754, 0.200830295682, 0.257562994957, 0.194927170873, 0.123392537236, 0.104414731264, 0.097174026072, 0.130651935935, 0.173006460071, 0.159620881081, 0.167156010866, 0.22948281467, 0.200722411275, 0.138048902154, 0.144056856632, 0.182497024536, 0.269927591085, 0.287059038877, 0.191680476069, 0.131089285016, 0.109893895686, 0.0955761522055, 0.122296050191, 0.149926558137, 0.130390137434, 0.127973645926, 0.164406493306, 0.182533428073, 0.173186510801]}, "tuning_equal_tempered_deviation": 0.0885417312384, "chords_changes_rate": 0.0868232920766, "key_key": "A#", "tuning_diatonic_strength": 0.501327395439, "key_scale": "major", "chords_number_rate": 0.00265577109531, "tuning_frequency": 442.03793335, "tuning_nontempered_energy_ratio": 0.815559446812, "chords_histogram": [6.76200199127, 4.20837593079, 17.3442287445, 2.22676205635, 0.367722153664, 1.02145040035, 1.24616956711, 1.49131762981, 0.592441260815, 0, 0.776302337646, 0.592441260815, 6.1899895668, 2.67620015144, 0.0204290095717, 0.204290091991, 0.0612870268524, 0.429009199142, 0.122574053705, 7.55873346329, 24.7803878784, 18.3452510834, 2.0429008007, 0.939734399319], "key_strength": 0.666138887405, "chords_key": "G#", "chords_strength": {"dmean2": 0.0160356126726, "median": 0.495364874601, "min": 0.200553312898, "dvar2": 0.000213152859942, "dvar": 0.000148739884025, "dmean": 0.0143598411232, "max": 0.80999648571, "var": 0.0125273000449, "mean": 0.503880798817}, "chords_scale": "major", "hpcp_entropy": {"dmean2": 1.19605374336, "median": 2.17822003365, "min": 0, "dvar2": 0.924414694309, "dvar": 0.355663686991, "dmean": 0.719152450562, "max": 4.37725019455, "var": 0.691455066204, "mean": 2.13882040977}}, "metadata": {"audio_properties": {"equal_loudness": 0, "codec": "flac", "downmix": "mix", "sample_rate": 44100, "analysis_sample_rate": 44100, "bit_rate": 0, "md5_encoded": "486af66be125fde4c8392c77cd8a072d", "length": 227.266662598, "replay_gain": -11.8648490906, "lossless": true}, "version": {"essentia_build_sha": "2d9f1f26377add8aeb1075a9c2973f962c4f09fd", "essentia": "2.1-beta2", "extractor": "music 1.0", "essentia_git_sha": "v2.1_beta2-1-ge3940c0"}, "tags": {"title": ["Fame"], "barcode": ["081227291921"], "media": ["CD"], "albumartist": ["Various Artists"], "tracktotal": ["22"], "language": ["eng"], "releasetype": ["album", "compilation"], "musicbrainz_recordingid": ["17200a31-ce53-4be8-ada0-d2879ef10586"], "musicbrainz_workid": ["a0a52d8f-bacc-32d8-9117-331d6c99a755"], "musicbrainz_releasegroupid": ["fc5260ed-accd-3278-aabe-935e48af4f1f"], "musicbrainz_albumartistid": ["89ad4ac3-39f7-470e-963a-56509c546377"], "discnumber": ["5"], "catalognumber": ["R2 72919"], "releasecountry": ["US"], "writer": ["Carlos Alomar", "John Lennon", "David Bowie"], "file_name": "18 - Fame.flac", "compilation": ["1"], "originaldate": ["1998-06-16"], "date": ["1998-06-16"], "genre": ["Pop"], "disctotal": ["7"], "musicbrainz_artistid": ["5441c29d-3602-4898-b1a1-b77fa23b8e50"], "asin": ["B000006OIT"], "musicbrainz_albumid": ["dff08b8a-ea72-4b28-9394-3bc266d3b37b"], "artist": ["David Bowie"], "tracknumber": ["18"], "artistsort": ["Bowie, David"], "album": ["Have A Nice Decade: The '70s Pop Culture Box (Disc5)"], "label": ["Rhino"], "albumartistsort": ["Various Artists"], "acoustid_id": ["418302f7-7372-4eff-9189-ba520182a84f"], "script": ["Latn"], "releasestatus": ["official"]}}, "rhythm": {"bpm_histogram_first_peak_bpm": {"dmean2": 0, "median": 96, "min": 96, "dvar2": 0, "dvar": 0, "dmean": 0, "max": 96, "var": 0, "mean": 96}, "bpm": 95.9236984253, "bpm_histogram_second_peak_spread": {"dmean2": 0, "median": 0.615384638309, "min": 0.615384638309, "dvar2": 0, "dvar": 0, "dmean": 0, "max": 0.615384638309, "var": 0, "mean": 0.615384638309}, "bpm_histogram_first_peak_weight": {"dmean2": 0, "median": 0.580381453037, "min": 0.580381453037, "dvar2": 0, "dvar": 0, "dmean": 0, "max": 0.580381453037, "var": 0, "mean": 0.580381453037}, "onset_rate": 3.40096354485, "beats_position": [0.603718817234, 1.21904754639, 1.83437633514, 2.4497051239, 3.07664394379, 3.70358276367, 4.31891155243, 4.94585037231, 5.58439922333, 6.2229475975, 6.87310647964, 7.52326536179, 8.17342376709, 8.82358264923, 9.47374153137, 10.1122903824, 10.7392292023, 11.3661680222, 11.9931058884, 12.6200447083, 13.2585935593, 13.8855323792, 14.512471199, 15.1394100189, 15.7663488388, 16.4048976898, 17.0434455872, 17.6819953918, 18.3205432892, 18.9474830627, 19.574420929, 20.2129707336, 20.851518631, 21.4900684357, 22.1170063019, 22.7439460754, 23.3708839417, 24.009431839, 24.6479816437, 25.286529541, 25.9250793457, 26.563627243, 27.1905670166, 27.8175048828, 28.4560546875, 29.0946025848, 29.7215423584, 30.3600902557, 30.9986381531, 31.6255779266, 32.2525177002, 32.8794555664, 33.5180053711, 34.1565513611, 34.783493042, 35.4104309082, 36.0373687744, 36.6526985168, 37.2680282593, 37.8949661255, 38.5219039917, 39.1488418579, 39.7757797241, 40.402721405, 41.0296592712, 41.6565971375, 42.2835350037, 42.9104766846, 43.5374145508, 44.164352417, 44.7796821594, 45.4066200256, 46.0219497681, 46.6488876343, 47.2758255005, 47.9143753052, 48.5529251099, 49.1798629761, 49.8068008423, 50.4337387085, 51.0606803894, 51.6876182556, 52.3145561218, 52.941493988, 53.5684356689, 54.1953735352, 54.8223114014, 55.4492492676, 56.0761909485, 56.7031288147, 57.3300666809, 57.9453964233, 58.5723342896, 59.187664032, 59.7913818359, 60.4183197021, 61.0452613831, 61.6721992493, 62.2991371155, 62.9260749817, 63.5530128479, 64.1683425903, 64.7836685181, 65.4106140137, 66.0143280029, 66.6296615601, 67.2449874878, 67.8603134155, 68.4756469727, 69.1025848389, 69.7295227051, 70.3564605713, 70.9833984375, 71.6103363037, 72.2372741699, 72.8642196655, 73.5027618408, 74.1297073364, 74.7450332642, 75.3719711304, 75.9989089966, 76.6258468628, 77.252784729, 77.8797302246, 78.5066680908, 79.1219940186, 79.7373199463, 80.3526535034, 80.9679794312, 81.5949172974, 82.2218551636, 82.8487930298, 83.4757385254, 84.1026763916, 84.7180023193, 85.3449401855, 85.9718780518, 86.598815918, 87.2257614136, 87.8759155273, 88.514465332, 89.1414031982, 89.7683410645, 90.3952789307, 91.0222167969, 91.6491622925, 92.2761001587, 92.9030380249, 93.5415878296, 94.1685256958, 94.7838516235, 95.4107894897, 96.037727356, 96.6646728516, 97.2916107178, 97.9301605225, 98.5687026978, 99.1956481934, 99.8225860596, 100.449523926, 101.076461792, 101.69178772, 102.307121277, 102.934059143, 103.560997009, 104.187934875, 104.791656494, 105.41859436, 106.045532227, 106.672470093, 107.299407959, 107.926345825, 108.553283691, 109.168617249, 109.783943176, 110.410881042, 111.014602661, 111.629928589, 112.245262146, 112.848976135, 113.475914001, 114.102851868, 114.729797363, 115.356735229, 115.983673096, 116.610610962, 117.237548828, 117.864486694, 118.503036499, 119.129974365, 119.745300293, 120.372245789, 120.999183655, 121.626121521, 122.253059387, 122.879997253, 123.50693512, 124.122268677, 124.737594604, 125.364532471, 125.979858398, 126.606803894, 127.23374176, 127.872291565, 128.499221802, 129.126159668, 129.753097534, 130.3800354, 131.006988525, 131.633926392, 132.260864258, 132.887802124, 133.526351929, 134.153289795, 134.768615723, 135.395553589, 136.022491455, 136.649429321, 137.276367188, 137.914916992, 138.553466797, 139.180404663, 139.807342529, 140.434280396, 141.061218262, 141.676544189, 142.291885376, 142.918823242, 143.545761108, 144.172698975, 144.776412964, 145.40335083, 146.030288696, 146.657226563, 147.284164429, 147.911102295, 148.538040161, 149.153381348, 149.768707275, 150.395645142, 150.999359131, 151.626296997, 152.241622925, 152.856964111, 153.472290039, 154.099227905, 154.714553833, 155.341491699, 155.968429565, 156.595367432, 157.222305298, 157.849243164, 158.47618103, 159.103118896, 159.730072021, 160.357009888, 160.983947754, 161.61088562, 162.237823486, 162.864761353, 163.491699219, 164.118637085, 164.733963013, 165.34928894, 165.976226807, 166.591567993, 167.206893921, 167.833831787, 168.460769653, 169.08770752, 169.714645386, 170.341583252, 170.968521118, 171.583847046, 172.199172974, 172.826126099, 173.453063965, 174.080001831, 174.706939697, 175.322265625, 175.937591553, 176.564529419, 177.179855347, 177.806793213, 178.433731079, 179.049072266, 179.676010132, 180.302947998, 180.929885864, 181.545211792, 182.16053772, 182.787475586, 183.402801514, 184.029754639, 184.645080566, 185.260406494, 185.875732422, 186.502670288, 187.129608154, 187.756546021, 188.383483887, 188.998809814, 189.614151001, 190.241088867, 190.868026733, 191.483352661, 192.098678589, 192.725616455, 193.352554321, 193.967880249, 194.583221436, 195.210159302, 195.837097168, 196.464035034, 197.0909729, 197.717910767, 198.344848633, 198.960174561, 199.575500488, 200.202438354, 200.829391479, 201.456329346, 202.071655273, 202.69859314, 203.325531006, 203.940856934, 204.544570923, 205.171508789, 205.798446655, 206.42539978, 206.982666016, 207.528335571, 208.085617065, 208.64289856, 209.200180054, 209.734237671, 210.268295288, 210.813964844, 211.394470215, 211.963348389, 212.532241821, 213.089523315, 213.64680481, 214.204071045, 214.761352539, 215.330245972, 215.841079712, 216.351928711, 216.851150513, 217.361984253, 217.872833252, 218.383666992, 218.882904053, 219.382125854, 219.881362915, 220.380584717, 220.879821777, 221.425476074, 221.95954895, 222.493606567, 223.027664185, 223.57333374, 224.107391357, 224.641448975, 225.175506592, 225.732788086, 226.29006958, 226.835739136], "beats_loudness": {"dmean2": 0.0276386830956, "median": 0.027551529929, "min": 5.19788712072e-10, "dvar2": 0.000505167525262, "dvar": 0.000172269719769, "dmean": 0.015620296821, "max": 0.0893449708819, "var": 0.000320175488014, "mean": 0.0284504871815}, "danceability": 1.13591837883, "bpm_histogram_second_peak_weight": {"dmean2": 0, "median": 0.0272479560226, "min": 0.0272479560226, "dvar2": 0, "dvar": 0, "dmean": 0, "max": 0.0272479560226, "var": 0, "mean": 0.0272479560226}, "beats_count": 368, "bpm_histogram_second_peak_bpm": {"dmean2": 0, "median": 108, "min": 108, "dvar2": 0, "dvar": 0, "dmean": 0, "max": 108, "var": 0, "mean": 108}, "bpm_histogram_first_peak_spread": {"dmean2": 0, "median": 0.35258358717, "min": 0.35258358717, "dvar2": 0, "dvar": 0, "dmean": 0, "max": 0.35258358717, "var": 0, "mean": 0.35258358717}, "beats_loudness_band_ratio": {"dmean2": [0.94732439518, 0.239023908973, 0.393797039986, 0.12551791966, 0.143955051899, 0.363941162825], "median": [0.21414975822, 0.168735831976, 0.137607097626, 0.0592804178596, 0.0793231725693, 0.130694419146], "min": [0.0014319436159, 0.00073547026841, 0.00166060379706, 0.000226188843953, 4.03016529162e-05, 7.86791570135e-05], "dvar2": [0.228239819407, 0.0394409298897, 0.0522158406675, 0.0165513828397, 0.0159272085875, 0.0632304027677], "dvar": [0.0641456097364, 0.0123333046213, 0.0160265043378, 0.00628441246226, 0.00595814548433, 0.0201041754335], "dmean": [0.484244287014, 0.132841527462, 0.20625962317, 0.0719376727939, 0.0824296250939, 0.192385017872], "max": [0.940864145756, 0.956440746784, 0.763981938362, 0.666502177715, 0.498712301254, 0.96367251873], "var": [0.0961587876081, 0.0212732013315, 0.0248537082225, 0.00893421471119, 0.00842788536102, 0.0268562044948], "mean": [0.324709653854, 0.19841760397, 0.169331029058, 0.0862577706575, 0.0980668887496, 0.162383258343]}}, "lowlevel": {"barkbands_spread": {"dmean2": 10.5808458328, "median": 21.8672122955, "min": 0.306302577257, "dvar2": 161.51020813, "dvar": 77.8803100586, "dmean": 7.13386392593, "max": 139.106430054, "var": 382.405059814, "mean": 25.9463653564}, "melbands_spread": {"dmean2": 16.3920593262, "median": 28.370759964, "min": 0.3471981287, "dvar2": 455.02154541, "dvar": 215.537780762, "dmean": 11.0100545883, "max": 220.632354736, "var": 928.107055664, "mean": 35.5398216248}, "hfc": {"dmean2": 13.5063352585, "median": 5.24921798706, "min": 1.18966915642e-16, "dvar2": 1215.04699707, "dvar": 640.197631836, "dmean": 9.82852554321, "max": 559.79083252, "var": 1551.14648438, "mean": 20.036108017}, "barkbands_kurtosis": {"dmean2": 6.47287273407, "median": 0.369704842567, "min": -1.97091066837, "dvar2": 391.960205078, "dvar": 165.635818481, "dmean": 4.1643872261, "max": 373.608917236, "var": 242.991668701, "mean": 4.8467540741}, "gfcc": {"mean": [-109.11063385, 65.6273880005, -122.245483398, 18.6207294464, -42.0546836853, -10.9970054626, -32.2009277344, -6.30476427078, -24.4616203308, 0.443018853664, -11.4966030121, 1.2884272337, -11.0034074783], "icov": [[6.28955531283e-05, -8.15989005787e-06, 7.8697790741e-05, -7.87193275755e-05, 0.000126819722936, -0.000111058237962, 0.000134014539071, -6.18974881945e-05, 0.000100548939372, -1.03442635009e-05, 0.000166601603269, -2.8454387575e-05, 0.000267338095], [-8.15989005787e-06, 0.000601246196311, -6.68803913868e-05, 4.33302338934e-05, -0.00042561328155, 0.000433698529378, -0.000573417346459, 0.00113653112203, -0.00102610036265, 0.00138059735764, -0.00114613003097, 0.00144469982479, -0.00066387426341], [7.8697790741e-05, -6.68803913868e-05, 0.000806241820101, -0.000244691851549, -8.1061552919e-06, -0.000482422328787, 0.000306579982862, -0.000358884630259, 0.00077830941882, -0.000564682995901, 0.000150828447659, 0.000350903836079, 0.000494480889756], [-7.87193275755e-05, 4.33302338934e-05, -0.000244691851549, 0.00192214164417, -0.000681014498696, 0.000122748562717, -0.000227608004934, -0.000789652520325, 0.000257976585999, 3.23479653161e-05, -0.000301319581922, 0.00103709672112, -0.000774585525505], [0.000126819722936, -0.00042561328155, -8.1061552919e-06, -0.000681014498696, 0.00290597300045, -0.00124972558115, -0.00025456698495, 6.27799236099e-05, -0.000329749775119, 0.000198889712919, -0.000398102391046, -0.000513497681823, 0.000593689735979], [-0.000111058237962, 0.000433698529378, -0.000482422328787, 0.000122748562717, -0.00124972558115, 0.00392194697633, -0.00201954506338, 0.00120096851606, -0.00157259113621, 0.000741261872463, 0.00074091629358, -0.00108504644595, -0.000213037070353], [0.000134014539071, -0.000573417346459, 0.000306579982862, -0.000227608004934, -0.00025456698495, -0.00201954506338, 0.0065729576163, -0.00416494160891, 0.00365816499107, -0.0016312621301, 0.000633276475128, -0.00152003776748, 0.00188726221677], [-6.18974881945e-05, 0.00113653112203, -0.000358884630259, -0.000789652520325, 6.27799236099e-05, 0.00120096851606, -0.00416494160891, 0.0102921305224, -0.00619048438966, 0.0033908195328, -0.00180597393773, 0.00157309265342, -0.000536149949767], [0.000100548939372, -0.00102610036265, 0.00077830941882, 0.000257976585999, -0.000329749775119, -0.00157259113621, 0.00365816499107, -0.00619048438966, 0.0119108082727, -0.00695281801745, 0.00437882216647, -0.00208627316169, -1.00471352198e-05], [-1.03442635009e-05, 0.00138059735764, -0.000564682995901, 3.23479653161e-05, 0.000198889712919, 0.000741261872463, -0.0016312621301, 0.0033908195328, -0.00695281801745, 0.0158984791487, -0.0091337133199, 0.00411308510229, -0.00109288236126], [0.000166601603269, -0.00114613003097, 0.000150828447659, -0.000301319581922, -0.000398102391046, 0.00074091629358, 0.000633276475128, -0.00180597393773, 0.00437882216647, -0.0091337133199, 0.0160687547177, -0.00889334455132, 0.0032552361954], [-2.8454387575e-05, 0.00144469982479, 0.000350903836079, 0.00103709672112, -0.000513497681823, -0.00108504644595, -0.00152003776748, 0.00157309265342, -0.00208627316169, 0.00411308510229, -0.00889334455132, 0.018422562629, -0.0097858896479], [0.000267338095, -0.00066387426341, 0.000494480889756, -0.000774585525505, 0.000593689735979, -0.000213037070353, 0.00188726221677, -0.000536149949767, -1.00471352198e-05, -0.00109288236126, 0.0032552361954, -0.0097858896479, 0.0178643390536]], "cov": [[25759.7988281, -1843.82995605, -2061.41577148, 214.206817627, -1497.8659668, -86.4616546631, -564.357910156, 54.0209236145, -90.2460174561, -281.020690918, -622.45324707, -325.527130127, -359.815246582], [-1843.82995605, 3766.62109375, 248.365219116, 105.165481567, 572.254638672, -189.163879395, 58.7687301636, -273.741607666, -5.00489521027, -160.022705078, 73.2109375, -209.884124756, -8.55002498627], [-2061.41577148, 248.365219116, 1814.54614258, 291.073303223, 293.553497314, 210.407714844, 134.763793945, 26.7480869293, -84.1218643188, 34.8581542969, 34.6890411377, -79.9470748901, -66.2376174927], [214.206817627, 105.165481567, 291.073303223, 701.084289551, 207.237594604, 82.986907959, 100.727767944, 87.6067733765, -8.41950321198, -9.42512321472, -5.8442363739, -53.5877723694, -19.7364768982], [-1497.8659668, 572.254638672, 293.553497314, 207.237594604, 658.576721191, 212.555618286, 154.055633545, 10.104467392, 19.9544963837, -7.72861862183, 54.394908905, 11.1514167786, 4.95326566696], [-86.4616546631, -189.163879395, 210.407714844, 82.986907959, 212.555618286, 454.251434326, 153.794967651, 47.9602127075, 23.1372299194, -3.55603885651, -12.7649650574, 46.1249275208, 2.97165250778], [-564.357910156, 58.7687301636, 134.763793945, 100.727767944, 154.055633545, 153.794967651, 296.898101807, 87.5250473022, -29.9090309143, -2.39804673195, 25.2477817535, 17.5415058136, -15.9127759933], [54.0209236145, -273.741607666, 26.7480869293, 87.6067733765, 10.104467392, 47.9602127075, 87.5250473022, 198.247695923, 65.6762695313, 10.3992404938, -8.32318210602, 8.37134456635, -4.20800352097], [-90.2460174561, -5.00489521027, -84.1218643188, -8.41950321198, 19.9544963837, 23.1372299194, -29.9090309143, 65.6762695313, 169.05039978, 46.7954063416, -8.07938861847, 10.5825052261, 18.0985889435], [-281.020690918, -160.022705078, 34.8581542969, -9.42512321472, -7.72861862183, -3.55603885651, -2.39804673195, 10.3992404938, 46.7954063416, 126.628013611, 61.4161338806, 19.8738307953, 5.13348054886], [-622.45324707, 73.2109375, 34.6890411377, -5.8442363739, 54.394908905, -12.7649650574, 25.2477817535, -8.32318210602, -8.07938861847, 61.4161338806, 139.212661743, 57.5120811462, 15.8348903656], [-325.527130127, -209.884124756, -79.9470748901, -53.5877723694, 11.1514167786, 46.1249275208, 17.5415058136, 8.37134456635, 10.5825052261, 19.8738307953, 57.5120811462, 135.079940796, 60.2759437561], [-359.815246582, -8.55002498627, -66.2376174927, -19.7364768982, 4.95326566696, 2.97165250778, -15.9127759933, -4.20800352097, 18.0985889435, 5.13348054886, 15.8348903656, 60.2759437561, 93.904914856]]}, "spectral_energyband_middle_low": {"dmean2": 0.00446198508143, "median": 0.00204444420524, "min": 3.12587408493e-22, "dvar2": 0.000100941062556, "dvar": 4.32263113908e-05, "dmean": 0.00298589002341, "max": 0.0740092992783, "var": 7.03629339114e-05, "mean": 0.00510526355356}, "melbands_crest": {"dmean2": 5.94390392303, "median": 12.8552188873, "min": 2.01365709305, "dvar2": 30.4146347046, "dvar": 12.1891889572, "dmean": 3.69608187675, "max": 37.6515197754, "var": 35.4018287659, "mean": 13.9865732193}, "spectral_kurtosis": {"dmean2": 4.18008232117, "median": 5.58508729935, "min": -1.2275967598, "dvar2": 36.0897064209, "dvar": 15.3148002625, "dmean": 2.62490129471, "max": 72.2453079224, "var": 43.3009376526, "mean": 7.40926742554}, "spectral_rms": {"dmean2": 0.00089445716003, "median": 0.0024397871457, "min": 3.21086885378e-12, "dvar2": 1.68250778643e-06, "dvar": 9.13569863314e-07, "dmean": 0.000673336209729, "max": 0.00996189657599, "var": 4.01717170462e-06, "mean": 0.00274619273841}, "zerocrossingrate": {"dmean2": 0.018437743187, "median": 0.07177734375, "min": 0.0029296875, "dvar2": 0.000611053954344, "dvar": 0.000579041254241, "dmean": 0.0175012014806, "max": 0.5263671875, "var": 0.00565816881135, "mean": 0.0900075063109}, "silence_rate_60dB": {"dmean2": 0.173699811101, "median": 0, "min": 0, "dvar2": 0.158027276397, "dvar": 0.0793051943183, "dmean": 0.086841031909, "max": 1, "var": 0.224493101239, "mean": 0.340279906988}, "erbbands_kurtosis": {"dmean2": 3.1361374855, "median": 0.0259982664138, "min": -1.93551909924, "dvar2": 47.4411506653, "dvar": 20.1885490417, "dmean": 2.02173233032, "max": 90.0587539673, "var": 41.5329017639, "mean": 1.93840026855}, "erbbands": {"dmean2": [0.0309522822499, 0.325978159904, 1.07398760319, 1.72881221771, 3.08503437042, 5.39522409439, 5.56682109833, 9.73643016815, 18.7727298737, 14.307967186, 14.0743427277, 22.93009758, 11.8869781494, 10.3894271851, 12.0614500046, 14.2446632385, 17.0525875092, 24.4975452423, 21.8105754852, 18.4002304077, 14.4481887817, 21.3953132629, 20.900636673, 13.4966363907, 20.2683563232, 14.1320409775, 10.6967668533, 7.59539985657, 5.12953424454, 3.84628176689, 2.39669203758, 2.00613212585, 1.96424949169, 1.41026806831, 0.82881975174, 0.695898115635, 0.317352175713, 0.172065764666, 0.0328758582473, 0.00137742329389], "median": [0.000627552566584, 0.00567911472172, 0.0331800170243, 0.165533155203, 0.626509726048, 1.06995737553, 1.75812375546, 1.2673125267, 1.2736042738, 0.968416213989, 1.53312730789, 1.24302315712, 0.823762476444, 1.66200077534, 2.19845962524, 2.88499617577, 3.05352139473, 3.41547775269, 2.97824501991, 3.0451028347, 3.47640156746, 3.69046592712, 3.83865189552, 3.36465787888, 3.32151770592, 2.04667425156, 1.03733623028, 0.720423877239, 0.398109465837, 0.217998296022, 0.110119722784, 0.0543941482902, 0.0294154863805, 0.0156512986869, 0.00786540657282, 0.00322688906454, 0.00133060838562, 0.000503512565047, 0.000126740778796, 1.84635555343e-05], "min": [7.16835556924e-22, 3.63564781587e-21, 9.41230966786e-21, 7.10194655718e-20, 8.52177235183e-20, 2.09522173747e-19, 6.70552412602e-19, 4.08438341078e-19, 1.13115645957e-18, 3.79464065377e-19, 1.08912917041e-18, 1.07385600418e-18, 9.74041877421e-19, 1.46334940184e-18, 6.00379517274e-18, 3.14418464585e-18, 2.84662193012e-18, 5.45260502592e-18, 7.49850640372e-18, 1.19024606527e-17, 5.92184390791e-18, 1.0699391799e-17, 8.59924887973e-18, 1.04522955793e-17, 1.35907701973e-17, 9.44000766204e-18, 1.52638695449e-17, 1.98378176815e-17, 1.61388463076e-17, 1.49993322219e-17, 2.3312932475e-17, 1.89283392155e-17, 1.44188615357e-17, 1.01074762419e-17, 7.72733268529e-18, 5.79827635928e-18, 3.36780568662e-18, 1.86597160339e-18, 3.16342610767e-19, 3.63715386619e-20], "dvar2": [0.0107033010572, 1.01003301144, 10.5313911438, 19.7140884399, 53.4452133179, 200.985824585, 132.065170288, 804.123962402, 4192.33544922, 2162.6184082, 2765.97265625, 7236.21044922, 1664.73693848, 2048.49584961, 1991.37329102, 3094.67871094, 3863.88061523, 6289.52685547, 5804.17480469, 3410.11669922, 1090.23950195, 2542.25512695, 2919.50292969, 1062.45349121, 4809.72558594, 3065.39501953, 1465.82141113, 551.723327637, 176.153335571, 129.790267944, 82.4497528076, 84.1713409424, 84.9525375366, 84.8325958252, 11.637424469, 9.14689064026, 1.58022356033, 0.619487583637, 0.0197252258658, 3.41685699823e-05], "dvar": [0.00434356695041, 0.454494059086, 4.08395433426, 7.99479579926, 20.0922431946, 76.3092727661, 59.5255432129, 349.096984863, 1583.65478516, 1004.90179443, 1297.06396484, 3323.19360352, 820.568115234, 946.771850586, 882.435302734, 1213.12585449, 1598.14172363, 2607.04907227, 2402.9453125, 1277.60498047, 479.895935059, 1044.20458984, 1194.96838379, 459.86505127, 2190.55883789, 1205.32312012, 606.092041016, 252.168731689, 89.2354431152, 65.7331161499, 38.8962211609, 37.576713562, 37.44480896, 35.8880271912, 5.27618217468, 3.84324908257, 0.771161019802, 0.271708339453, 0.0101893087849, 1.76752109837e-05], "dmean": [0.019912565127, 0.208933621645, 0.65164399147, 1.09845423698, 1.93881618977, 3.27941393852, 3.61884331703, 6.20215320587, 11.1518316269, 9.46394062042, 9.61987876892, 15.3385486603, 7.61515712738, 7.00882720947, 7.90668106079, 9.14928817749, 11.0394172668, 15.4187202454, 14.1040267944, 11.6425380707, 9.35141944885, 13.8506479263, 13.6088247299, 8.94178962708, 14.17228508, 9.43057537079, 7.22109651566, 5.23774194717, 3.64733958244, 2.747215271, 1.70381724834, 1.38816666603, 1.32571136951, 0.974241197109, 0.56850540638, 0.455249190331, 0.21591861546, 0.1103278175, 0.0218330938369, 0.000932199996896], "max": [1.03503644466, 10.6641321182, 31.8245449066, 40.1199645996, 71.0911560059, 144.69631958, 245.525512695, 413.705657959, 636.917480469, 999.434204102, 986.692626953, 1687.55224609, 1353.0526123, 1444.27258301, 916.952331543, 1398.85986328, 1046.07641602, 1714.66247559, 2170.01342773, 1207.43725586, 706.671386719, 912.866821289, 806.031066895, 462.860687256, 1476.8515625, 1354.79907227, 711.813232422, 501.911499023, 236.96257019, 301.750244141, 298.324798584, 345.516235352, 312.639434814, 342.666107178, 92.714515686, 43.7976608276, 21.0188159943, 11.9379014969, 2.69193696976, 0.10810302943], "var": [0.00449556903914, 0.523044764996, 4.06108236313, 11.0317611694, 28.0957679749, 82.0652389526, 115.393066406, 462.929779053, 1355.03027344, 1959.59338379, 2230.99658203, 8450.04101563, 1625.88623047, 2365.08691406, 1577.42138672, 2301.10644531, 2974.04736328, 4356.5234375, 4657.09912109, 3052.62011719, 1449.41235352, 2772.96679688, 2218.21435547, 979.918273926, 5615.33837891, 1631.91552734, 1039.13928223, 530.422058105, 228.690750122, 208.074295044, 114.283287048, 56.5301055908, 56.2268180847, 48.6652412415, 8.35861206055, 5.10368490219, 1.52804839611, 0.377345770597, 0.0192905124277, 3.42195125995e-05], "mean": [0.0225496571511, 0.262537568808, 0.820016562939, 1.60514509678, 3.03271698952, 4.33693790436, 5.52713298798, 7.40633201599, 11.2802839279, 12.541062355, 13.1175851822, 22.5239486694, 10.1753673553, 10.3548851013, 11.8017692566, 13.1686487198, 16.4284553528, 21.8402233124, 22.1622524261, 20.07056427, 17.3724708557, 24.5772361755, 22.4490795135, 15.537569046, 24.9073085785, 15.126452446, 11.1939611435, 8.85706043243, 6.41948699951, 4.82321310043, 2.8631093502, 2.03468418121, 1.78462517262, 1.30727624893, 0.72731667757, 0.52182161808, 0.272943109274, 0.126912400126, 0.0271065179259, 0.00116715498734]}, "spectral_strongpeak": {"dmean2": 1.11844789982, "median": 0.326292693615, "min": 0, "dvar2": 4.85180473328, "dvar": 1.99961829185, "dmean": 0.674801766872, "max": 21.7797107697, "var": 3.88951992989, "mean": 1.08518600464}, "spectral_energy": {"dmean2": 0.00750526692718, "median": 0.00610137498006, "min": 1.05674213491e-20, "dvar2": 0.000189478014363, "dvar": 9.12607720238e-05, "dmean": 0.0053249639459, "max": 0.101720362902, "var": 0.000221665177378, "mean": 0.0118477065116}, "average_loudness": 0.56718981266, "spectral_rolloff": {"dmean2": 1323.22155762, "median": 1981.0546875, "min": 43.06640625, "dvar2": 5659429.5, "dvar": 2705346, "dmean": 837.717285156, "max": 18927.6855469, "var": 9467615, "mean": 2697.05126953}, "spectral_centroid": {"dmean2": 448.106628418, "median": 1746.01513672, "min": 132.20690918, "dvar2": 251927.125, "dvar": 137521.5625, "dmean": 321.59072876, "max": 10646.0908203, "var": 941828.1875, "mean": 1758.5880127}, "pitch_salience": {"dmean2": 0.12724879384, "median": 0.584199011326, "min": 0.0476673319936, "dvar2": 0.014271505177, "dvar": 0.00593471061438, "dmean": 0.0798964947462, "max": 0.908342957497, "var": 0.0166854839772, "mean": 0.570105373859}, "spectral_energyband_middle_high": {"dmean2": 0.00219850917347, "median": 0.00123360194266, "min": 1.49276494932e-21, "dvar2": 1.77909732884e-05, "dvar": 8.23223581392e-06, "dmean": 0.00152860884555, "max": 0.0644067600369, "var": 3.46536180587e-05, "mean": 0.00373853184283}, "spectral_contrast_coeffs": {"dmean2": [0.0823415890336, 0.0780953168869, 0.0631729513407, 0.052716858685, 0.0382960923016, 0.0324009694159], "median": [-0.65465593338, -0.740559101105, -0.806029677391, -0.79502928257, -0.790278494358, -0.759072065353], "min": [-0.952537000179, -0.961632192135, -0.966377258301, -0.968114495277, -0.959910809994, -0.961040258408], "dvar2": [0.00528758764267, 0.00420346111059, 0.00278699304909, 0.00199894746765, 0.00112589390483, 0.00115362508222], "dvar": [0.00226212176494, 0.00186840235256, 0.00118257501163, 0.000894509314094, 0.000565776368603, 0.000552606710698], "dmean": [0.0528552532196, 0.0496616847813, 0.0397075936198, 0.034041531384, 0.0255646631122, 0.021765217185], "max": [-0.289746671915, -0.336511522532, -0.374830126762, -0.480052351952, -0.531255424023, -0.520532488823], "var": [0.0126909809187, 0.00940942019224, 0.00713318446651, 0.00589712895453, 0.00487979874015, 0.0034468297381], "mean": [-0.64654815197, -0.729151844978, -0.789561569691, -0.782012164593, -0.784595012665, -0.760205507278]}, "melbands_skewness": {"dmean2": 1.30075526237, "median": 1.79413986206, "min": -6.61853170395, "dvar2": 2.30790567398, "dvar": 1.08716344833, "dmean": 0.872523963451, "max": 20.4169483185, "var": 3.93287944794, "mean": 2.08107471466}, "spectral_spread": {"dmean2": 879191.5, "median": 3477362.75, "min": 968892.4375, "dvar2": 1357130760190.0, "dvar": 793564676096, "dmean": 635428.375, "max": 40845968, "var": 3990714318850.0, "mean": 4102852.25}, "dissonance": {"dmean2": 0.0282909665257, "median": 0.477656245232, "min": 0.175329476595, "dvar2": 0.00121835630853, "dvar": 0.000498692388646, "dmean": 0.0172350369394, "max": 0.500000119209, "var": 0.00135610590223, "mean": 0.466306388378}, "spectral_skewness": {"dmean2": 0.469343304634, "median": 1.53591954708, "min": -1.05299627781, "dvar2": 0.329873114824, "dvar": 0.150279194117, "dmean": 0.307326763868, "max": 6.8617773056, "var": 0.58015871048, "mean": 1.70224654675}, "spectral_flux": {"dmean2": 0.0295452009887, "median": 0.0442698039114, "min": 1.02797964585e-10, "dvar2": 0.00167955912184, "dvar": 0.000791546946857, "dmean": 0.0196009911597, "max": 0.300043016672, "var": 0.0021984137129, "mean": 0.0556707084179}, "spectral_contrast_valleys": {"dmean2": [0.757760107517, 0.764869332314, 0.666253626347, 0.575519979, 0.476161569357, 0.493669271469], "median": [-9.04395103455, -7.78905725479, -8.37634849548, -8.26347446442, -8.13780403137, -11.2986526489], "min": [-27.2235355377, -27.3979568481, -27.3501911163, -27.0593681335, -27.1642360687, -27.2210788727], "dvar2": [0.478821456432, 0.563386619091, 0.418913125992, 0.347600787878, 0.318359017372, 0.390957891941], "dvar": [0.273166507483, 0.300831645727, 0.228098526597, 0.190537258983, 0.204514443874, 0.301216751337], "dmean": [0.505331337452, 0.517749607563, 0.461456149817, 0.404691457748, 0.371276021004, 0.424412786961], "max": [-5.43482494354, -4.39418649673, -5.36107206345, -5.84275627136, -5.28291559219, -6.8707242012], "var": [2.75596642494, 2.51397657394, 2.3671195507, 2.36320018768, 2.56134438515, 3.1122443676], "mean": [-8.93184375763, -8.03605270386, -8.57400417328, -8.57473564148, -8.41172218323, -11.3393564224]}, "erbbands_flatness_db": {"dmean2": 0.0333375632763, "median": 0.174054443836, "min": 0.0226236823946, "dvar2": 0.0012387476163, "dvar": 0.00068374548573, "dmean": 0.0242293477058, "max": 0.422175496817, "var": 0.00458597578108, "mean": 0.177588894963}, "spectral_energyband_high": {"dmean2": 0.000969236542005, "median": 7.13964618626e-05, "min": 7.75239082302e-21, "dvar2": 9.17105535336e-06, "dvar": 4.71641988042e-06, "dmean": 0.000705367361661, "max": 0.0519574172795, "var": 1.13029345812e-05, "mean": 0.00117923296057}, "spectral_entropy": {"dmean2": 0.272365361452, "median": 7.54180192947, "min": 4.72241592407, "dvar2": 0.092818506062, "dvar": 0.0541384443641, "dmean": 0.20447692275, "max": 9.80303859711, "var": 0.43776127696, "mean": 7.44433736801}, "silence_rate_20dB": {"dmean2": 0, "median": 1, "min": 1, "dvar2": 0, "dvar": 0, "dmean": 0, "max": 1, "var": 0, "mean": 1}, "melbands_flatness_db": {"dmean2": 0.0436366572976, "median": 0.176087707281, "min": 0.0049769631587, "dvar2": 0.0020441908855, "dvar": 0.00114846136421, "dmean": 0.0316175669432, "max": 0.565232634544, "var": 0.0105129703879, "mean": 0.197792246938}, "barkbands": {"dmean2": [2.43099930231e-05, 0.0012590889819, 0.00104888842907, 0.000628277193755, 0.00131042627618, 0.00109869404696, 0.00115452427417, 0.00067188218236, 0.00103517726529, 0.000284787936835, 0.000314794771839, 0.00034673337359, 0.00041890272405, 0.00050613185158, 0.000425097765401, 0.000295800971799, 0.000386385712773, 0.000358884077286, 0.000333924486768, 0.000327193294652, 0.000221346592298, 0.000143019773532, 8.95158009371e-05, 0.000106604617031, 0.000116493749374, 0.000180379342055, 0.00018401631678], "median": [1.79824132829e-06, 2.12657050724e-05, 2.89013405563e-05, 4.73548388982e-05, 0.000348953530192, 0.000176386573003, 7.54538414185e-05, 3.74308947357e-05, 5.21523470525e-05, 2.82664386759e-05, 4.71031416964e-05, 6.09989801887e-05, 5.84860936215e-05, 5.98550541326e-05, 4.53995817224e-05, 5.94148696109e-05, 6.15905810264e-05, 5.87354152231e-05, 6.12882577116e-05, 4.58030153823e-05, 2.04056523216e-05, 1.03780948848e-05, 4.23785741077e-06, 2.04532966563e-06, 1.24518771827e-06, 7.65748779941e-07, 6.74823809277e-07], "min": [9.15942294975e-24, 1.94715010552e-23, 1.10081555576e-23, 3.1133323325e-23, 6.48303941048e-23, 6.3756350516e-23, 5.92297846003e-23, 4.72637113012e-23, 4.0879223337e-23, 3.74022494775e-23, 1.00406998567e-22, 9.76801146765e-23, 6.69464977059e-23, 1.20545027133e-22, 1.65417303445e-22, 1.64128935814e-22, 2.10439677899e-22, 1.28837343642e-22, 2.8324385279e-22, 1.91688201746e-22, 5.2549369667e-22, 4.22269013168e-22, 7.07914688668e-22, 8.89696362544e-22, 1.03149846477e-21, 1.6157835287e-21, 2.71541968377e-21], "dvar2": [4.4038714897e-09, 1.60736180987e-05, 1.00856987046e-05, 2.43929798671e-06, 1.04914161057e-05, 7.95391770225e-06, 1.40253405334e-05, 5.78887556912e-06, 1.22619312606e-05, 1.29675208882e-06, 1.29258194193e-06, 2.03380568564e-06, 2.53486496149e-06, 2.57029546447e-06, 2.1672915409e-06, 5.11019152327e-07, 7.77102684424e-07, 8.17114823803e-07, 9.97015831672e-07, 1.33389744406e-06, 5.65506695693e-07, 1.42770161915e-07, 1.04924069433e-07, 2.35114896441e-07, 3.88590024158e-07, 5.41356030226e-07, 6.289715202e-07], "dvar": [2.50052090145e-09, 7.12847531759e-06, 3.82020016332e-06, 9.86929990177e-07, 3.94455173591e-06, 3.57263934347e-06, 5.49536434846e-06, 2.8050524179e-06, 5.71230657442e-06, 6.48941522741e-07, 5.96882557602e-07, 8.2554220171e-07, 1.05866615741e-06, 1.05872436507e-06, 8.73374972343e-07, 2.16142950649e-07, 3.14981463134e-07, 3.39921655268e-07, 4.47925231128e-07, 5.34260266249e-07, 2.46148402994e-07, 7.06686336116e-08, 4.87701043994e-08, 1.05239642778e-07, 1.70259625065e-07, 2.4752284844e-07, 3.10683077487e-07], "dmean": [1.80960196303e-05, 0.000825144175906, 0.000628171779681, 0.000407662184443, 0.000802407390438, 0.00070711231092, 0.000698033079971, 0.000458463095129, 0.000684105209075, 0.000185908924323, 0.000202684241231, 0.000221263602725, 0.000269793410553, 0.000317723635817, 0.000273013662081, 0.000189180107554, 0.000249924371019, 0.000233730606851, 0.000225534473429, 0.000219131834456, 0.000152344204253, 0.000101703146356, 6.33124582237e-05, 7.3007424362e-05, 8.0888858065e-05, 0.000120013224659, 0.000121728167869], "max": [0.00079763046233, 0.0449316836894, 0.0316594019532, 0.0190436840057, 0.0240486171097, 0.040814884007, 0.0423231720924, 0.0492313951254, 0.0552867613733, 0.0462034866214, 0.0291378647089, 0.0367129705846, 0.0274095702916, 0.0287854205817, 0.0363803133368, 0.015014543198, 0.0137835554779, 0.0144474748522, 0.0204672385007, 0.0230187252164, 0.0158185493201, 0.00808166898787, 0.0118077276275, 0.0168194118887, 0.0242053233087, 0.0105321332812, 0.0138615900651], "var": [4.98417795924e-09, 8.31420948089e-06, 3.71058968085e-06, 1.65859046319e-06, 4.4200019147e-06, 5.2682007663e-06, 5.86616897635e-06, 5.15901729159e-06, 1.39260810101e-05, 1.60427066476e-06, 1.08267033738e-06, 1.53738483277e-06, 1.94882568394e-06, 1.84971474937e-06, 1.5677