{"tonal": {"thpcp": [1, 0.816617190838, 0.611462175846, 0.530083477497, 0.598607063293, 0.719755172729, 0.663930952549, 0.49374383688, 0.472884535789, 0.510730922222, 0.494962006807, 0.533093452454, 0.563512504101, 0.540511906147, 0.60334032774, 0.636561453342, 0.534506201744, 0.480197519064, 0.514785826206, 0.589781165123, 0.821726799011, 0.849241793156, 0.513527214527, 0.309921771288, 0.269705533981, 0.266484200954, 0.371249973774, 0.446476310492, 0.401114791632, 0.502889573574, 0.692022025585, 0.60122936964, 0.422262966633, 0.390331685543, 0.457426577806, 0.789375841618], "hpcp": {"dmean2": [0.258791148663, 0.255292087793, 0.256071299314, 0.259260833263, 0.272546619177, 0.323635041714, 0.318539768457, 0.230045467615, 0.180148556828, 0.157871067524, 0.150247588754, 0.162093684077, 0.186131492257, 0.189020648599, 0.226993277669, 0.262622505426, 0.255644023418, 0.210489660501, 0.192839294672, 0.228063210845, 0.296081036329, 0.309666663408, 0.338983595371, 0.335655450821, 0.325280666351, 0.359361946583, 0.350651204586, 0.301292568445, 0.260112375021, 0.239023685455, 0.218941003084, 0.222010210156, 0.240032061934, 0.255164563656, 0.257692724466, 0.26573574543], "median": [0.0457156002522, 0.0360900983214, 0.0207345634699, 0.01934248209, 0.034982919693, 0.077587030828, 0.0738324895501, 0.0368378013372, 0.0150668434799, 0.0127057284117, 0.0144290504977, 0.0225616954267, 0.0283861085773, 0.0273140575737, 0.0316905006766, 0.036201864481, 0.0363274440169, 0.03023673594, 0.0269188471138, 0.0389359146357, 0.0886483043432, 0.109427258372, 0.0907964110374, 0.0476583838463, 0.0284020863473, 0.0275739450008, 0.0501301959157, 0.0530547350645, 0.0373248681426, 0.0270164757967, 0.0279069598764, 0.0333863869309, 0.0381954275072, 0.0405444093049, 0.037802811712, 0.0415860116482], "min": [0, 0, 0, 0, 0, 0, 0, 0, 0, 0, 0, 0, 0, 0, 0, 0, 0, 0, 0, 0, 0, 0, 0, 0, 0, 0, 0, 0, 0, 0, 0, 0, 0, 0, 0, 0], "dvar2": [0.128396004438, 0.124558769166, 0.130612999201, 0.129827231169, 0.131206229329, 0.152995571494, 0.152285471559, 0.108293525875, 0.0908759683371, 0.0826044306159, 0.0795736163855, 0.0753978863358, 0.0875742733479, 0.0919765606523, 0.111612856388, 0.139136195183, 0.134088933468, 0.101871579885, 0.0920569375157, 0.104985192418, 0.134345635772, 0.131655797362, 0.151716426015, 0.169631630182, 0.187919422984, 0.225012943149, 0.195824503899, 0.150056436658, 0.136342421174, 0.1277590096, 0.120011284947, 0.114837773144, 0.122780583799, 0.137275829911, 0.132369443774, 0.137864172459], "dvar": [0.0503396168351, 0.0469974391162, 0.0499551445246, 0.0512836687267, 0.0495430491865, 0.0589960329235, 0.0606085211039, 0.0411181785166, 0.0333802215755, 0.0304254926741, 0.0287851486355, 0.0290113203228, 0.0344060696661, 0.0345573797822, 0.0411466248333, 0.056059140712, 0.051166690886, 0.0375506393611, 0.0341503173113, 0.0385209843516, 0.0502589717507, 0.0542969033122, 0.0561627186835, 0.0621785409749, 0.0701358690858, 0.0839518085122, 0.0744025111198, 0.0576798990369, 0.0489402115345, 0.0463525280356, 0.0449810102582, 0.042637322098, 0.0464569739997, 0.0523975118995, 0.0492851324379, 0.0530555397272], "dmean": [0.147889450192, 0.144187808037, 0.142816305161, 0.14650799334, 0.154910668731, 0.18542021513, 0.183590948582, 0.130539163947, 0.0997203141451, 0.0869190692902, 0.08308981359, 0.0930351391435, 0.106755919755, 0.108131557703, 0.129130750895, 0.151246026158, 0.146088480949, 0.11936417222, 0.108619175851, 0.127604946494, 0.17034381628, 0.183389559388, 0.193267121911, 0.186765179038, 0.178034514189, 0.196205258369, 0.196004793048, 0.169159665704, 0.144338011742, 0.132293820381, 0.124373219907, 0.12536239624, 0.136982887983, 0.145075172186, 0.14547522366, 0.150842383504], "max": [1, 1, 1, 1, 1, 1, 1, 1, 1, 1, 1, 1, 1, 1, 1, 1, 1, 1, 1, 1, 1, 1, 1, 1, 1, 1, 1, 1, 1, 1, 1, 1, 1, 1, 1, 1], "var": [0.0643310248852, 0.0488229803741, 0.0485277175903, 0.0553588047624, 0.0563883036375, 0.0764175131917, 0.0848899260163, 0.0460804365575, 0.0269375927746, 0.0244638808072, 0.0228596031666, 0.0332880467176, 0.0430496037006, 0.0347843430936, 0.0457729101181, 0.0805657878518, 0.0614939033985, 0.0346917621791, 0.0320518910885, 0.0363941825926, 0.0628814920783, 0.0942266136408, 0.0646757632494, 0.0558742880821, 0.0558503419161, 0.0697859302163, 0.0741484314203, 0.0624345205724, 0.0422880277038, 0.0463144369423, 0.0558482073247, 0.0466868653893, 0.0495004989207, 0.0555807985365, 0.0496805943549, 0.0618097484112], "mean": [0.158527776599, 0.133112177253, 0.119587264955, 0.128201052547, 0.146877720952, 0.204640910029, 0.211493179202, 0.127887606621, 0.0771821886301, 0.0671668350697, 0.0663646012545, 0.0924552232027, 0.11118941009, 0.0998926833272, 0.12523843348, 0.1723395437, 0.149728745222, 0.105159379542, 0.0972072854638, 0.113916441798, 0.196584314108, 0.249037653208, 0.203368425369, 0.152277112007, 0.132010743022, 0.149075701833, 0.179246142507, 0.165343806148, 0.122960805893, 0.117766052485, 0.127191230655, 0.123264178634, 0.132760345936, 0.140335828066, 0.134607821703, 0.150254458189]}, "tuning_equal_tempered_deviation": 0.118389576674, "chords_changes_rate": 0.119384355843, "key_key": "A", "tuning_diatonic_strength": 0.547015190125, "key_scale": "major", "chords_number_rate": 0.00395174697042, "tuning_frequency": 445.369720459, "tuning_nontempered_energy_ratio": 0.82881295681, "chords_histogram": [10.2537441254, 7.98668861389, 19.4675540924, 0.707154750824, 5.80282878876, 1.45590686798, 0.561564087868, 2.7662229538, 1.26871883869, 0, 0.85274541378, 1.6222962141, 2.45424294472, 1.28951752186, 7.65391016006, 1.97587358952, 0.270382702351, 1.0191347599, 1.91347754002, 6.94675540924, 2.6414308548, 14.6838598251, 2.37104821205, 4.03494167328], "key_strength": 0.605553090572, "chords_key": "E", "chords_strength": {"dmean2": 0.0187714770436, "median": 0.48655372858, "min": -1, "dvar2": 0.00105386949144, "dvar": 0.000573520781472, "dmean": 0.0158726926893, "max": 0.800232470036, "var": 0.0283240042627, "mean": 0.481213003397}, "chords_scale": "major", "hpcp_entropy": {"dmean2": 1.18833971024, "median": 2.06864619255, "min": 0, "dvar2": 0.914434850216, "dvar": 0.323301672935, "dmean": 0.70272731781, "max": 4.39952039719, "var": 0.598079323769, "mean": 2.05159807205}}, "metadata": {"audio_properties": {"equal_loudness": 0, "codec": "flac", "downmix": "mix", "analysis_sample_rate": 44100, "bit_rate": 0, "md5_encoded": "6b30621c2079b69c885e94094036ad4d", "length": 223.199996948, "replay_gain": -8.3274974823, "lossless": true}, "version": {"essentia_build_sha": "7598a69e7b456135ce4c070efb04a3d0ebb71fdd", "essentia": "2.1-beta1", "extractor": "music 1.0", "essentia_git_sha": "v2.1_beta1-6-g5578087"}, "tags": {"title": ["Rock-autopsie"], "barcode": ["3300622650520"], "media": ["CD"], "albumartist": ["Hubert-F\u00e9lix Thi\u00e9faine"], "tracktotal": ["11"], "albumartistsort": ["Thi\u00e9faine, Hubert-F\u00e9lix"], "releasetype": ["album"], "musicbrainz_recordingid": ["17230704-fe1e-4ca6-83cb-98fe95940568"], "composer": ["Hubert-F\u00e9lix Thi\u00e9faine"], "musicbrainz_releasegroupid": ["a4ac3ba9-f4fc-3295-9c46-752070d4eece"], "musicbrainz_albumartistid": ["29e9c7d7-e79a-41d5-a255-c19ff04d5065"], "lyricist": ["Hubert-F\u00e9lix Thi\u00e9faine"], "artists": ["Hubert-F\u00e9lix Thi\u00e9faine"], "discnumber": ["1"], "totaldiscs": ["1"], "composersort": ["Thi\u00e9faine, Hubert-F\u00e9lix"], "catalognumber": ["STE CD 26505"], "releasecountry": ["FR"], "isrc": ["FR40F7800150"], "work": ["Rock autopsie"], "date": ["1989"], "file_name": "09 Rock-autopsie.flac", "musicbrainz_albumid": ["ce4e655f-5ba2-3ae7-ac3c-c944f67b9e9e"], "disctotal": ["1"], "musicbrainz_artistid": ["29e9c7d7-e79a-41d5-a255-c19ff04d5065"], "originaldate": ["1979"], "musicbrainz_workid": ["a861de52-c07b-4ba9-8ac1-522e9b2122c0"], "musicbrainz_releasetrackid": ["75bee5b9-8d5c-32d5-842b-e172223571b7"], "artist": ["Hubert-F\u00e9lix Thi\u00e9faine"], "tracknumber": ["9"], "artistsort": ["Thi\u00e9faine, Hubert-F\u00e9lix"], "album": ["Autorisation de d\u00e9lirer"], "label": ["Sterne"], "releasestatus": ["official"], "acoustid_id": ["622b72f9-d6af-4b63-a41b-5b3e64bfcd70"], "script": ["Latn"], "totaltracks": ["11"]}}, "rhythm": {"bpm_histogram_first_peak_bpm": {"dmean2": 0, "median": 117, "min": 117, "dvar2": 0, "dvar": 0, "dmean": 0, "max": 117, "var": 0, "mean": 117}, "bpm": 116.863243103, "bpm_histogram_second_peak_spread": {"dmean2": 0, "median": 0.272727310658, "min": 0.272727310658, "dvar2": 0, "dvar": 0, "dmean": 0, "max": 0.272727310658, "var": 0, "mean": 0.272727310658}, "bpm_histogram_first_peak_weight": {"dmean2": 0, "median": 0.642201840878, "min": 0.642201840878, "dvar2": 0, "dvar": 0, "dmean": 0, "max": 0.642201840878, "var": 0, "mean": 0.642201840878}, "onset_rate": 5.34914064407, "beats_position": [0.53405892849, 1.09133780003, 1.62539684772, 2.17106580734, 2.72834467888, 3.25079369545, 3.76163268089, 4.27247142792, 4.78331041336, 5.2941493988, 5.80498838425, 6.31582736969, 6.82666635513, 7.3491153717, 7.87156438828, 8.40562343597, 8.93968200684, 9.47374153137, 10.0078001022, 10.5186395645, 11.0294780731, 11.5519275665, 12.0743761063, 12.5852155685, 13.0960540771, 13.6068935394, 14.117732048, 14.6285715103, 15.1394100189, 15.6502494812, 16.1610889435, 16.6719264984, 17.1827659607, 17.693605423, 18.2044448853, 18.7152824402, 19.2261219025, 19.7369613647, 20.247800827, 20.758638382, 21.2694778442, 21.7803173065, 22.2911567688, 22.8019943237, 23.312833786, 23.8236732483, 24.3461227417, 24.8569602966, 25.37940979, 25.8786392212, 26.4010887146, 26.9119262695, 27.4227657318, 27.9336051941, 28.4444446564, 28.9552822113, 29.4661216736, 29.9769611359, 30.4878005981, 30.9986381531, 31.5094776154, 32.0203170776, 32.5311546326, 33.0419960022, 33.5528335571, 34.0636711121, 34.5861206055, 35.0853500366, 35.60779953, 36.1070289612, 36.6178665161, 37.1287078857, 37.6395454407, 38.1503829956, 38.6612243652, 39.1720619202, 39.6829032898, 40.1937408447, 40.7161903381, 41.2386398315, 41.7494773865, 42.2603149414, 42.7827644348, 43.3052139282, 43.8160552979, 44.3268928528, 44.8377304077, 45.3485717773, 45.8594093323, 46.3702468872, 46.8810882568, 47.3687057495, 47.8795471191, 48.4136047363, 48.9476623535, 49.4701118469, 50.0041732788, 50.5266189575, 51.0490684509, 51.5715179443, 52.0823554993, 52.5931968689, 53.1156463623, 53.6380958557, 54.1489334106, 54.6597709656, 55.1706123352, 55.6814498901, 56.1922874451, 56.7031288147, 57.2255783081, 57.7248077393, 58.2356452942, 58.7464828491, 59.280544281, 59.7913818359, 60.3022193909, 60.8130607605, 61.3238983154, 61.8347396851, 62.34557724, 62.8564147949, 63.3788642883, 63.889705658, 64.4005432129, 64.899772644, 65.4106140137, 65.9214477539, 66.4322891235, 66.9547348022, 67.4771881104, 67.98802948, 68.4988632202, 69.0097045898, 69.5321502686, 70.0546035767, 70.5654373169, 71.0762786865, 71.5871200562, 72.0979614258, 72.608795166, 73.1196365356, 73.6304779053, 74.1413116455, 74.6521530151, 75.1629943848, 75.6854400635, 76.2078933716, 76.7187271118, 77.2295684814, 77.7520141602, 78.2744674683, 78.7853012085, 79.2961425781, 79.8185958862, 80.3410415649, 80.8518829346, 81.3627166748, 81.8851699829, 82.3960113525, 82.9184570312, 83.4292984009, 83.9517440796, 84.4625854492, 84.9850311279, 85.4958724976, 86.0183181763, 86.5291595459, 87.0516052246, 87.5624465942, 88.0848999023, 88.5957336426, 89.1065750122, 89.6406326294, 90.1863021851, 90.7203598022, 91.2544174194, 91.788482666, 92.3109283447, 92.8333740234, 93.3442153931, 93.8666687012, 94.3891143799, 94.8999557495, 95.4107894897, 95.9216308594, 96.4440765381, 96.9665298462, 97.4773712158, 97.9882049561, 98.4990463257, 99.0098876953, 99.5207214355, 100.043174744, 100.565620422, 101.076461792, 101.587303162, 102.098136902, 102.608978271, 103.119819641, 103.630653381, 104.141494751, 104.652336121, 105.163169861, 105.67401123, 106.196456909, 106.718910217, 107.229751587, 107.740585327, 108.251426697, 108.762268066, 109.273101807, 109.783943176, 110.294784546, 110.805618286, 111.316459656, 111.827301025, 112.338134766, 112.848976135, 113.359817505, 113.870658875, 114.381492615, 114.892333984, 115.403175354, 115.902404785, 116.424850464, 116.935691833, 117.446525574, 117.957366943, 118.468208313, 118.990653992, 119.501495361, 120.012336731, 120.53478241, 121.045623779, 121.55645752, 122.067298889, 122.578140259, 123.088973999, 123.599815369, 124.110656738, 124.621498108, 125.143943787, 125.654785156, 126.177230835, 126.688072205, 127.198905945, 127.709747314, 128.220581055, 128.731430054, 129.242263794, 129.753097534, 130.263946533, 130.79800415, 131.332061768, 131.866119385, 132.400177002, 132.922622681, 133.445083618, 133.955917358, 134.466751099, 134.977600098, 135.488433838, 135.999267578, 136.510116577, 137.020950317, 137.531784058, 138.054244995, 138.576690674, 139.087524414, 139.598358154, 140.109207153, 140.620040894, 141.130874634, 141.653335571, 142.17578125, 142.68661499, 143.197463989, 143.708297729, 144.21913147, 144.729980469, 145.240814209, 145.763259888, 146.285705566, 146.796554565, 147.307388306, 147.818222046, 148.329071045, 148.851516724, 149.373962402, 149.884811401, 150.395645142, 150.906478882, 151.417327881, 151.928161621, 152.438995361, 152.94984436, 153.460678101, 153.971511841, 154.48236084, 154.99319458, 155.527252197, 156.072921753, 156.60697937, 157.152648926, 157.686706543, 158.209152222, 158.731613159, 159.254058838, 159.776504517, 160.287338257, 160.809799194, 161.332244873, 161.843078613, 162.37713623, 162.887985229, 163.410430908, 163.932876587, 164.443710327, 164.954559326, 165.477005005, 165.999450684, 166.521896362, 167.0443573, 167.55519104, 168.077636719, 168.600082397, 169.110931396, 169.621765137, 170.132598877, 170.655059814, 171.165893555, 171.688339233, 172.199172974, 172.710021973, 173.220855713, 173.731704712, 174.242538452, 174.753372192, 175.264221191, 175.775054932, 176.285888672, 176.808334351, 177.31918335, 177.83001709, 178.34085083, 178.851699829, 179.362533569, 179.884979248, 180.395828247, 180.906661987, 181.417495728, 181.928344727, 182.439178467, 182.950012207, 183.460861206, 183.960083008, 184.470932007, 184.981765747, 185.480987549, 185.991836548, 186.502670288, 187.013504028, 187.524353027, 188.035186768, 188.546035767, 189.056869507, 189.567703247, 190.078552246, 190.589385986, 191.100219727, 191.611068726, 192.121902466, 192.632736206, 193.143585205, 193.654418945, 194.165252686, 194.676101685, 195.186935425, 195.697769165, 196.208618164, 196.719451904, 197.230285645, 197.741134644, 198.251968384, 198.774414062, 199.296859741, 199.80770874, 200.330154419, 200.852600098, 201.363449097, 201.874282837, 202.385116577, 202.895965576, 203.406799316, 203.917633057, 204.428482056, 204.950927734, 205.473373413, 205.995819092, 206.529876709, 207.052337646, 207.586395264, 208.097229004, 208.619674683, 209.142120361, 209.65296936, 210.163803101, 210.686248779, 211.208709717, 211.719543457, 212.230377197, 212.741226196, 213.275283813, 213.797729492, 214.355010986, 214.91229248, 215.469558716, 215.85269165, 216.247436523, 216.642166138, 217.013687134, 217.38520813, 217.756729126, 218.128250122, 218.511383057, 218.894515991, 219.277633667, 219.660766602, 220.020675659, 220.380584717, 220.740493774, 221.100402832, 221.46031189, 221.820220947, 222.191741943, 222.563262939], "beats_loudness": {"dmean2": 0.0300920773298, "median": 0.0413632132113, "min": 3.41279537963e-09, "dvar2": 0.00118103576824, "dvar": 0.00038639138802, "dmean": 0.0169066600502, "max": 0.204549238086, "var": 0.000442545831902, "mean": 0.0429035164416}, "danceability": 1.49222350121, "bpm_histogram_second_peak_weight": {"dmean2": 0, "median": 0.0550458729267, "min": 0.0550458729267, "dvar2": 0, "dvar": 0, "dmean": 0, "max": 0.0550458729267, "var": 0, "mean": 0.0550458729267}, "beats_count": 437, "bpm_histogram_second_peak_bpm": {"dmean2": 0, "median": 112, "min": 112, "dvar2": 0, "dvar": 0, "dmean": 0, "max": 112, "var": 0, "mean": 112}, "bpm_histogram_first_peak_spread": {"dmean2": 0, "median": 0.268929481506, "min": 0.268929481506, "dvar2": 0, "dvar": 0, "dmean": 0, "max": 0.268929481506, "var": 0, "mean": 0.268929481506}, "beats_loudness_band_ratio": {"dmean2": [0.175593465567, 0.121925808489, 0.220597028732, 0.108470126987, 0.0633487924933, 0.19207277894], "median": [0.190599128604, 0.133432030678, 0.123569369316, 0.0277112051845, 0.0285325087607, 0.39486142993], "min": [0.0338490046561, 0.0013777136337, 0.00144138606265, 0.000527982891072, 4.26961596531e-05, 0.000998491421342], "dvar2": [0.0284173488617, 0.0112530523911, 0.042852178216, 0.0184925831854, 0.00466709258035, 0.0306113809347], "dvar": [0.0113021051511, 0.0037943252828, 0.0151405464858, 0.00686238054186, 0.00175863446202, 0.0116532137617], "dmean": [0.104787714779, 0.0705632641912, 0.125889986753, 0.0594569966197, 0.0362456440926, 0.114826194942], "max": [0.960297346115, 0.424401581287, 0.731622636318, 0.532751560211, 0.241792395711, 0.870314896107], "var": [0.0386220291257, 0.00644710939378, 0.0178830511868, 0.00584327150136, 0.0021662551444, 0.0296606849879], "mean": [0.255171507597, 0.144542708993, 0.167983338237, 0.0589892007411, 0.0456665344536, 0.383961588144]}}, "lowlevel": {"barkbands_spread": {"dmean2": 23.0375881195, "median": 27.2022514343, "min": 1.51130342484, "dvar2": 631.760253906, "dvar": 282.987243652, "dmean": 14.9326906204, "max": 149.652267456, "var": 787.533325195, "mean": 36.8310012817}, "melbands_spread": {"dmean2": 23.8663711548, "median": 21.0785903931, "min": 0.866770982742, "dvar2": 1554.68408203, "dvar": 738.739318848, "dmean": 14.9210968018, "max": 308.158111572, "var": 1557.71826172, "mean": 31.8498420715}, "hfc": {"dmean2": 69.4145889282, "median": 16.6909160614, "min": 1.32178328727e-07, "dvar2": 23782.6386719, "dvar": 10818.4658203, "dmean": 46.8991584778, "max": 2484.82617188, "var": 14737.9755859, "mean": 57.148525238}, "barkbands_kurtosis": {"dmean2": 7.59203481674, "median": 1.67685842514, "min": -1.96059179306, "dvar2": 185.979934692, "dvar": 69.466506958, "dmean": 4.48095941544, "max": 147.872970581, "var": 129.205062866, "mean": 4.84975099564}, "gfcc": {"mean": [-12.2184019089, 43.909362793, -72.2664260864, 6.12810993195, -55.0737838745, 2.59726929665, -40.2505836487, 18.3687534332, -26.899017334, -0.804966926575, -16.8238430023, 0.946490108967, -22.7606163025], "icov": [[6.6993998189e-05, -1.9438108211e-05, 3.20394574373e-05, -1.54783610924e-05, 0.000119324664411, -2.9156304663e-05, 6.06346948189e-05, -6.79845834384e-05, 3.67516622646e-05, 5.53320423933e-05, 0.000242687383434, 2.89486346006e-09, 0.00029856612673], [-1.9438108211e-05, 0.000732363550924, 0.000336829427397, 2.53832859016e-05, -0.000421838107286, 0.000167394042364, -0.000213247461943, -9.59891913226e-05, 0.000345770182321, -0.000333132746164, -0.000666237145197, 0.000318503589369, -0.000325086002704], [3.20394574373e-05, 0.000336829427397, 0.00147956039291, -0.000666391861159, 0.000166948884726, 0.000102994490589, -0.000546063645743, 0.000836739316583, -4.34247194789e-05, -0.000289222429274, 0.000497981905937, -0.00076829228783, -6.03243825026e-05], [-1.54783610924e-05, 2.53832859016e-05, -0.000666391861159, 0.00274739228189, -0.000543419562746, -0.00032744728378, 0.000586876820307, -0.000485357944854, -0.000231354570133, -0.000127877501654, -0.000672290625516, 0.000764819327742, -0.00137936673127], [0.000119324664411, -0.000421838107286, 0.000166948884726, -0.000543419562746, 0.00392347294837, 0.000277208106127, -0.000400707882363, -0.000486447272124, -0.00200355658308, 0.000584925350267, 0.000690692395438, -0.00128274632152, 0.00102129532024], [-2.9156304663e-05, 0.000167394042364, 0.000102994490589, -0.00032744728378, 0.000277208106127, 0.00428698211908, -0.00204328307882, -1.42441767821e-05, 0.000785520183854, -0.00228657131083, -0.000774615502451, 0.00065460940823, -0.00101365195587], [6.06346948189e-05, -0.000213247461943, -0.000546063645743, 0.000586876820307, -0.000400707882363, -0.00204328307882, 0.00501687731594, -0.000469154590974, 0.00125305633992, -0.00041869157576, 0.00029329690733, -0.000625646789558, -0.000655439507682], [-6.79845834384e-05, -9.59891913226e-05, 0.000836739316583, -0.000485357944854, -0.000486447272124, -1.42441767821e-05, -0.000469154590974, 0.00648468732834, -0.00223897863179, 0.00209121289663, -0.00181150413118, -0.000660052872263, 0.00176692381501], [3.67516622646e-05, 0.000345770182321, -4.34247194789e-05, -0.000231354570133, -0.00200355658308, 0.000785520183854, 0.00125305633992, -0.00223897863179, 0.00964068714529, -0.00465354928747, 0.000339998310665, 0.0017036680365, -0.00144648738205], [5.53320423933e-05, -0.000333132746164, -0.000289222429274, -0.000127877501654, 0.000584925350267, -0.00228657131083, -0.00041869157576, 0.00209121289663, -0.00465354928747, 0.0121200820431, -0.000908716523554, -0.00204047071747, 0.00244958722033], [0.000242687383434, -0.000666237145197, 0.000497981905937, -0.000672290625516, 0.000690692395438, -0.000774615502451, 0.00029329690733, -0.00181150413118, 0.000339998310665, -0.000908716523554, 0.0113253528252, -0.000689761131071, -0.000826359842904], [2.89486346006e-09, 0.000318503589369, -0.00076829228783, 0.000764819327742, -0.00128274632152, 0.00065460940823, -0.000625646789558, -0.000660052872263, 0.0017036680365, -0.00204047071747, -0.000689761131071, 0.0117822624743, -0.000569777737837], [0.00029856612673, -0.000325086002704, -6.03243825026e-05, -0.00137936673127, 0.00102129532024, -0.00101365195587, -0.000655439507682, 0.00176692381501, -0.00144648738205, 0.00244958722033, -0.000826359842904, -0.000569777737837, 0.0141158876941]], "cov": [[21192.5898438, 62.9535255432, -928.97668457, -485.411743164, -571.442749023, -348.40826416, -490.146789551, 240.624862671, -233.439743042, -256.15814209, -438.635223389, -148.863037109, -545.908325195], [62.9535255432, 1994.65454102, -671.458190918, -61.4484291077, 221.671875, -39.0330581665, 17.9597606659, 170.695404053, 13.6354970932, -2.03639698029, 149.234558105, -50.2522125244, 4.81594896317], [-928.97668457, -671.458190918, 1198.52246094, 213.916107178, -87.6985778809, 111.323959351, 140.329483032, -214.007675171, -25.5620231628, 68.992980957, -68.970664978, 76.7686691284, 62.3225326538], [-485.411743164, -61.4484291077, 213.916107178, 478.492095947, 60.0673561096, 44.3695869446, -11.8341703415, 7.6989865303, 48.6278038025, 22.2621631622, 30.5082302094, -10.2380199432, 56.3424987793], [-571.442749023, 221.671875, -87.6985778809, 60.0673561096, 373.300598145, -45.5442962646, -3.93115353584, 79.6740264893, 94.7462844849, 9.51935482025, 18.268409729, 20.4578227997, -7.79595804214], [-348.40826416, -39.0330581665, 111.323959351, 44.3695869446, -45.5442962646, 377.830474854, 173.64364624, -40.9823455811, -28.240064621, 74.5456848145, 30.7469768524, 7.19256305695, 41.16147995], [-490.146789551, 17.9597606659, 140.329483032, -11.8341703415, -3.93115353584, 173.64364624, 311.378875732, -30.8059005737, -43.666469574, 37.5479774475, 12.2670631409, 29.2585334778, 32.200592041], [240.624862671, 170.695404053, -214.007675171, 7.6989865303, 79.6740264893, -40.9823455811, -30.8059005737, 236.345672607, 53.7388000488, -26.7773132324, 39.3322677612, -8.01665592194, -28.9099712372], [-233.439743042, 13.6354970932, -25.5620231628, 48.6278038025, 94.7462844849, -28.240064621, -43.666469574, 53.7388000488, 168.083679199, 44.0786437988, 9.94920921326, -8.60428142548, 2.0669169426], [-256.15814209, -2.03639698029, 68.992980957, 22.2621631622, 9.51935482025, 74.5456848145, 37.5479774475, -26.7773132324, 44.0786437988, 125.352973938, 12.8001155853, 16.6683082581, 1.78691387177], [-438.635223389, 149.234558105, -68.970664978, 30.5082302094, 18.268409729, 30.7469768524, 12.2670631409, 39.3322677612, 9.94920921326, 12.8001155853, 120.391410828, 1.31207811832, 17.8324050903], [-148.863037109, -50.2522125244, 76.7686691284, -10.2380199432, 20.4578227997, 7.19256305695, 29.2585334778, -8.01665592194, -8.60428142548, 16.6683082581, 1.31207811832, 99.1883163452, 3.0235850811], [-545.908325195, 4.81594896317, 62.3225326538, 56.3424987793, -7.79595804214, 41.16147995, 32.200592041, -28.9099712372, 2.0669169426, 1.78691387177, 17.8324050903, 3.0235850811, 97.9729995728]]}, "spectral_energyband_middle_low": {"dmean2": 0.0164185706526, "median": 0.00627423496917, "min": 1.45449028256e-12, "dvar2": 0.00083969195839, "dvar": 0.000317581172567, "dmean": 0.00956534221768, "max": 0.169351756573, "var": 0.000282152672298, "mean": 0.0116591341794}, "melbands_crest": {"dmean2": 6.81069469452, "median": 13.0872707367, "min": 3.12891387939, "dvar2": 32.1340637207, "dvar": 12.3441438675, "dmean": 4.10208702087, "max": 34.6370849609, "var": 28.3132190704, "mean": 13.985616684}, "spectral_kurtosis": {"dmean2": 2.49528574944, "median": 3.81300282478, "min": -1.494784832, "dvar2": 7.5353269577, "dvar": 3.6518175602, "dmean": 1.71317386627, "max": 36.4173469543, "var": 11.2318592072, "mean": 4.21215581894}, "spectral_rms": {"dmean2": 0.00263956398703, "median": 0.00369998766109, "min": 1.4917640101e-07, "dvar2": 9.72630368778e-06, "dvar": 4.03097010349e-06, "dmean": 0.00169918173924, "max": 0.0183331537992, "var": 6.35813239569e-06, "mean": 0.00426118448377}, "zerocrossingrate": {"dmean2": 0.0417463183403, "median": 0.0888671875, "min": 0.00732421875, "dvar2": 0.00189979479183, "dvar": 0.00170497526415, "dmean": 0.037262365222, "max": 0.47265625, "var": 0.00881463289261, "mean": 0.124789528549}, "silence_rate_60dB": {"dmean2": 0.0794839784503, "median": 0, "min": 0, "dvar2": 0.0929453969002, "dvar": 0.0381583496928, "dmean": 0.0397378541529, "max": 1, "var": 0.0759435743093, "mean": 0.0827959254384}, "erbbands_kurtosis": {"dmean2": 2.79292416573, "median": 0.0858255624771, "min": -1.83574986458, "dvar2": 25.1792469025, "dvar": 11.408870697, "dmean": 1.80300545692, "max": 83.9429779053, "var": 20.4468669891, "mean": 1.38516521454}, "erbbands": {"dmean2": [0.133684679866, 2.39049172401, 7.96960163116, 13.8986358643, 22.662820816, 16.4755420685, 10.4661521912, 18.3267173767, 32.1233673096, 44.7968940735, 35.4638671875, 47.070438385, 30.1855354309, 21.7800865173, 16.8130874634, 13.7978029251, 10.9096736908, 12.1739501953, 12.4367551804, 10.6010522842, 7.61896181107, 12.6802434921, 16.8044185638, 22.2144412994, 10.7659931183, 5.26119422913, 6.1982421875, 7.95373868942, 8.60180950165, 10.611533165, 15.5338020325, 14.8879928589, 12.1260595322, 9.07669639587, 7.78085899353, 12.6175632477, 3.51726078987, 0.822911560535, 0.181241735816, 0.0095078907907], "median": [0.0054939663969, 0.108159139752, 0.554247617722, 1.27839207649, 1.97775197029, 3.0854716301, 2.22211408615, 3.73569273949, 8.2779006958, 10.3289413452, 8.30551147461, 9.12025165558, 6.05091762543, 3.92548894882, 4.6575756073, 4.76481723785, 3.17439413071, 2.75728106499, 2.98567056656, 2.8549041748, 3.109998703, 4.15567779541, 6.91700029373, 9.16692733765, 5.10032367706, 1.31037545204, 1.13477420807, 1.30448484421, 0.910539150238, 0.902205228806, 1.3997746706, 1.45412838459, 1.25750303268, 0.775287389755, 0.631644010544, 0.503798127174, 0.186469495296, 0.0233807582408, 0.00284622935578, 0.000140732125146], "min": [2.03783212527e-10, 5.94471416537e-10, 4.67205552024e-10, 1.15097797959e-09, 1.11332254527e-09, 1.21567755862e-09, 8.87266371485e-10, 2.80645373607e-09, 2.95135560435e-09, 2.15231787948e-09, 3.59441298947e-09, 2.84263923511e-09, 1.73042224993e-09, 1.50608803207e-09, 2.52704590586e-09, 1.8803727464e-09, 1.15970488768e-09, 1.03299591103e-09, 4.10811873408e-09, 3.02553337939e-09, 2.05268180231e-09, 8.48447267998e-09, 1.55707358118e-08, 8.5747577927e-09, 6.99093050116e-09, 1.00769748101e-08, 4.34366631552e-09, 9.59385726418e-09, 1.39271554289e-08, 1.50866110715e-08, 1.39735520932e-08, 4.07882438935e-08, 2.37010269188e-08, 1.50663694853e-08, 1.40019196238e-08, 9.90752813124e-09, 4.92580420897e-09, 1.80001202832e-09, 5.00268437786e-10, 3.15821049868e-11], "dvar2": [0.0742798671126, 26.7079696655, 303.402709961, 592.573181152, 2510.57763672, 1159.44116211, 457.396636963, 1842.09472656, 3873.21923828, 9231.546875, 10301.9082031, 15146.1669922, 10893.1279297, 3976.08398438, 1559.31030273, 901.167785645, 863.730712891, 1043.20568848, 852.06036377, 679.692626953, 209.091751099, 541.569519043, 863.268493652, 1289.92419434, 299.09375, 129.949142456, 154.284164429, 263.686431885, 424.13494873, 712.582092285, 4477.24853516, 7829.69384766, 4236.4296875, 608.972412109, 395.283813477, 1455.39343262, 78.6970596313, 4.6885342598, 0.244696348906, 0.000692958070431], "dvar": [0.0280323456973, 9.73564243317, 108.142791748, 214.61100769, 924.085632324, 430.787384033, 177.178649902, 652.227478027, 1564.21923828, 3914.10620117, 4465.08935547, 6287.11572266, 4753.73144531, 2352.60986328, 727.773925781, 385.594665527, 362.730194092, 508.715911865, 368.25289917, 298.966491699, 93.2076568604, 247.415771484, 398.876586914, 620.178222656, 125.128433228, 52.729927063, 67.1478881836, 116.730102539, 186.411697388, 315.098602295, 1881.77722168, 3290.31811523, 1670.22387695, 307.902435303, 186.008926392, 580.537841797, 33.9163551331, 2.0575594902, 0.107354715466, 0.000302506610751], "dmean": [0.0764081627131, 1.29997313023, 4.2636756897, 7.38034105301, 12.4575538635, 9.39363765717, 6.15927457809, 10.2342576981, 19.4609603882, 27.7573623657, 21.9993057251, 29.6140804291, 19.6982116699, 15.155954361, 10.9195299149, 8.71067333221, 6.97972536087, 8.08724880219, 8.03680419922, 6.94381380081, 4.99133634567, 8.31772136688, 11.105348587, 14.8211145401, 6.91382741928, 3.31828141212, 4.0440158844, 5.27819395065, 5.70356464386, 7.08427047729, 10.2514410019, 10.1114578247, 8.1784696579, 6.20295286179, 5.22554397583, 7.93672561646, 2.29625463486, 0.542645931244, 0.117026671767, 0.00609112158418], "max": [1.29787266254, 20.0119895935, 66.937210083, 174.996673584, 402.369781494, 204.416397095, 148.232727051, 312.396636963, 855.745178223, 1442.36193848, 2397.69433594, 1804.54260254, 2043.20581055, 1454.33789062, 912.468811035, 849.076904297, 722.861022949, 710.094909668, 434.065612793, 398.824432373, 272.795471191, 253.927062988, 398.107299805, 479.953918457, 246.070343018, 165.780395508, 114.021942139, 138.50553894, 317.032409668, 386.663970947, 2994.35546875, 2999.14404297, 2295.33227539, 433.826263428, 378.610748291, 322.501342773, 64.2396392822, 13.5549049377, 2.9988462925, 0.152585551143], "var": [0.0204478092492, 6.18408298492, 64.4898452759, 134.469985962, 621.908569336, 318.206634521, 153.595336914, 479.918151855, 2686.63671875, 7376.05664062, 7257.53369141, 9210.61914062, 8102.41650391, 8050.94970703, 1752.27978516, 850.402587891, 619.16595459, 1288.41247559, 712.1953125, 670.07598877, 204.231307983, 605.240478516, 1042.27661133, 1890.1607666, 270.482757568, 67.8470458984, 88.7862472534, 164.970413208, 293.223114014, 454.690246582, 2085.046875, 4895.01611328, 2171.14160156, 581.89630127, 307.921051025, 532.184875488, 36.173500061, 2.11487340927, 0.105340816081, 0.000291028030915], "mean": [0.0577193945646, 0.884621977806, 2.89938545227, 5.28079605103, 9.34752082825, 8.49636077881, 6.26280736923, 10.3312368393, 26.0216121674, 38.3176765442, 32.3428916931, 40.0856590271, 28.9140968323, 25.7069168091, 18.2201728821, 14.8793373108, 11.0498552322, 13.2213754654, 12.658164978, 11.1764011383, 8.58954715729, 14.3616390228, 20.415763855, 27.8577270508, 11.2669792175, 4.06602048874, 4.77037811279, 6.17916202545, 6.60050630569, 8.12824821472, 11.6494150162, 12.2542581558, 9.59664440155, 7.39507341385, 5.93661308289, 7.21700382233, 2.20223474503, 0.489363104105, 0.10042963177, 0.00515663344413]}, "spectral_strongpeak": {"dmean2": 1.26100182533, "median": 0.521009743214, "min": 0, "dvar2": 9.43659687042, "dvar": 3.47845029831, "dmean": 0.751354694366, "max": 36.8294372559, "var": 3.23635005951, "mean": 1.09528267384}, "spectral_energy": {"dmean2": 0.0339575223625, "median": 0.0140321552753, "min": 2.28099362315e-11, "dvar2": 0.00230759382248, "dvar": 0.000907433044631, "dmean": 0.0204765275121, "max": 0.344507128, "var": 0.000923538347706, "mean": 0.0251288488507}, "average_loudness": 0.926651716232, "spectral_rolloff": {"dmean2": 3522.90185547, "median": 1464.2578125, "min": 86.1328125, "dvar2": 23333006, "dvar": 11453424, "dmean": 2063.2421875, "max": 18195.5566406, "var": 21673562, "mean": 3788.77685547}, "spectral_centroid": {"dmean2": 647.822143555, "median": 1264.15039062, "min": 197.456359863, "dvar2": 638335.4375, "dvar": 306900.65625, "dmean": 408.548248291, "max": 7688.79980469, "var": 931466.25, "mean": 1480.09851074}, "pitch_salience": {"dmean2": 0.147876009345, "median": 0.596132040024, "min": 0.144176229835, "dvar2": 0.0175698194653, "dvar": 0.00702055869624, "dmean": 0.0912474766374, "max": 0.880176901817, "var": 0.0154606290162, "mean": 0.580800414085}, "spectral_energyband_middle_high": {"dmean2": 0.00219108397141, "median": 0.00192377180792, "min": 9.44680531717e-13, "dvar2": 1.28165129354e-05, "dvar": 6.65959532853e-06, "dmean": 0.00153189152479, "max": 0.0577212385833, "var": 2.30714376812e-05, "mean": 0.00353940855712}, "spectral_contrast_coeffs": {"dmean2": [0.114128373563, 0.089650221169, 0.0694520324469, 0.0581156425178, 0.0517018735409, 0.0319418348372], "median": [-0.639928221703, -0.727130889893, -0.76405197382, -0.778272330761, -0.775278568268, -0.814255475998], "min": [-0.925267755985, -0.957502543926, -0.969473958015, -0.94703567028, -0.943275868893, -0.929507493973], "dvar2": [0.0105792870745, 0.00552719784901, 0.00332845305093, 0.0022910325788, 0.00212803552859, 0.000732497603167], "dvar": [0.00418874714524, 0.0022590814624, 0.0014621107839, 0.00100073509384, 0.00104525254574, 0.00028699359973], "dmean": [0.0692522898316, 0.0552158467472, 0.0438878536224, 0.0369493030012, 0.0340327844024, 0.0196486357599], "max": [-0.261813998222, -0.404124855995, -0.389506459236, -0.509806156158, -0.481053173542, -0.671847581863], "var": [0.00940864998847, 0.00739517901093, 0.0071658026427, 0.00497908331454, 0.00664023449644, 0.00102101732045], "mean": [-0.632118344307, -0.718612551689, -0.751282453537, -0.770387649536, -0.758925914764, -0.815382003784]}, "melbands_skewness": {"dmean2": 1.95707452297, "median": 2.3280544281, "min": -3.73166275024, "dvar2": 5.17081165314, "dvar": 2.17189717293, "dmean": 1.23046064377, "max": 16.7556800842, "var": 4.00503206253, "mean": 2.77679991722}, "spectral_spread": {"dmean2": 2374717.25, "median": 7070978.5, "min": 1821724, "dvar2": 6316248006660.0, "dvar": 3196721037310.0, "dmean": 1678214.25, "max": 20826554, "var": 10078672388100.0, "mean": 7712637.5}, "dissonance": {"dmean2": 0.0407825745642, "median": 0.461013197899, "min": 0.245807245374, "dvar2": 0.00143219961319, "dvar": 0.000542472465895, "dmean": 0.0244972333312, "max": 0.499999910593, "var": 0.00115530227777, "mean": 0.453339010477}, "spectral_skewness": {"dmean2": 0.424242168665, "median": 1.76141381264, "min": -0.534438371658, "dvar2": 0.177494958043, "dvar": 0.0901455953717, "dmean": 0.292290985584, "max": 5.23823547363, "var": 0.36296543479, "mean": 1.68504011631}, "spectral_flux": {"dmean2": 0.0760799646378, "median": 0.0811315402389, "min": 2.15599939111e-05, "dvar2": 0.00580126885325, "dvar": 0.00330608338118, "dmean": 0.049098726362, "max": 0.459664940834, "var": 0.00616154214367, "mean": 0.10737966001}, "spectral_contrast_valleys": {"dmean2": [0.856927573681, 0.8232203722, 0.697923779488, 0.673085391521, 0.695896029472, 0.718235731125], "median": [-7.68897342682, -6.81726264954, -7.6590628624, -8.35439872742, -8.07918167114, -9.74276351929], "min": [-20.8460006714, -18.3895969391, -18.4110031128, -18.0617351532, -17.4069252014, -18.3801841736], "dvar2": [0.531341969967, 0.551806807518, 0.391029655933, 0.338905334473, 0.436211884022, 0.534667253494], "dvar": [0.243623673916, 0.233531668782, 0.172219842672, 0.150375932455, 0.2069298774, 0.299890935421], "dmean": [0.556713879108, 0.522645354271, 0.450608938932, 0.442959576845, 0.489007800817, 0.578790783882], "max": [-5.01976585388, -4.36412620544, -5.3735871315, -5.95236635208, -5.65177488327, -6.56602954865], "var": [1.98386347294, 2.293664217, 2.10249590874, 1.91542303562, 1.90116012096, 2.19148468971], "mean": [-7.83643388748, -7.04380512238, -7.88073301315, -8.56271743774, -8.23138618469, -9.78543949127]}, "erbbands_flatness_db": {"dmean2": 0.0395657084882, "median": 0.124333664775, "min": 0.0289269424975, "dvar2": 0.00129512161948, "dvar": 0.00067968951771, "dmean": 0.0287761874497, "max": 0.32748991251, "var": 0.00230535049923, "mean": 0.127276852727}, "spectral_energyband_high": {"dmean2": 0.00530886789784, "median": 0.000487444165628, "min": 9.71637006963e-12, "dvar2": 0.000155859917868, "dvar": 7.16280264896e-05, "dmean": 0.00359118380584, "max": 0.24776519835, "var": 0.000105070059362, "mean": 0.00402157334611}, "spectral_entropy": {"dmean2": 0.408333986998, "median": 7.63997650146, "min": 5.43767547607, "dvar2": 0.149646684527, "dvar": 0.07467892766, "dmean": 0.290288895369, "max": 9.14157581329, "var": 0.330846130848, "mean": 7.69062852859}, "silence_rate_20dB": {"dmean2": 0, "median": 1, "min": 1, "dvar2": 0, "dvar": 0, "dmean": 0, "max": 1, "var": 0, "mean": 1}, "melbands_flatness_db": {"dmean2": 0.0604727007449, "median": 0.182455360889, "min": 0.0239261668175, "dvar2": 0.00344464113005, "dvar": 0.00135660660453, "dmean": 0.0380404405296, "max": 0.503755092621, "var": 0.00437344238162, "mean": 0.191558018327}, "barkbands": {"dmean2": [0.000156687790877, 0.00867451634258, 0.00700678676367, 0.00594093557447, 0.00530778663233, 0.0018607149832, 0.00298890681006, 0.00154203223065, 0.00208663893864, 0.000764270080253, 0.000475117733004, 0.000390033208532, 0.000259966647718, 0.000274319259916, 0.000247113552177, 0.000154273351654, 0.000235507061007, 0.000350332673406, 0.000366439198842, 0.000117319701531, 0.000179193390068, 0.000245964707574, 0.000494676816743, 0.00070941215381, 0.000899329490494, 0.00231703231111, 0.00099207344465], "median": [9.05490087462e-05, 0.000388565618778, 0.00051111378707, 0.00042209631647, 0.000859015912283, 0.000388268497773, 0.00069962796988, 0.000256910541793, 0.000370753055904, 0.000109563952719, 8.28529009596e-05, 0.000103000289528, 5.15870997333e-05, 4.88732803205e-05, 4.69180304208e-05, 4.74937005492e-05, 6.44457759336e-05, 0.00013110411237, 0.000155265530339, 2.21001973841e-05, 3.29128160956e-05, 2.43650283664e-05, 4.50195657322e-05, 7.64358555898e-05, 7.94825173216e-05, 0.00010434120486, 1.60178024089e-05], "min": [5.61962455736e-12, 3.97338412172e-12, 1.10135038838e-13, 3.74928549578e-13, 3.44742789003e-13, 2.79265082196e-13, 1.77499386174e-13, 1.3609366455e-13, 1.24860164525e-13, 5.66881001233e-14, 4.08536729836e-14, 5.25339015724e-14, 2.34225413045e-14, 3.27803918992e-14, 8.18673267741e-14, 3.32703631897e-14, 1.20758587049e-13, 2.60498762318e-13, 1.51259714931e-13, 1.79173773799e-13, 1.61139344598e-13, 3.36919728228e-13, 4.8279116165e-13, 1.74598226502e-12, 1.59999411723e-12, 2.75481287088e-12, 2.7374784297e-12], "dvar2": [5.74561163091e-08, 0.000344414409483, 0.000235942541622, 0.000137821014505, 0.000125309161376, 1.79336675501e-05, 3.33138632413e-05, 1.92402894754e-05, 2.98968443531e-05, 7.71393115429e-06, 1.66136896951e-06, 7.77245588779e-07, 5.08740640726e-07, 4.50466245638e-07, 3.55404779384e-07, 1.03531952789e-07, 1.95827993821e-07, 3.63027311323e-07, 3.30606468424e-07, 6.71205526714e-08, 1.26515047327e-07, 3.55309367706e-07, 3.05298362946e-06, 1.80892657227e-05, 5.30954457645e-06, 3.94702074118e-05, 7.27370206732e-06], "dvar": [2.5544695248e-08, 0.000126692946651, 8.34313832456e-05, 4.96050197398e-05, 4.71114872198e-05, 6.4538821789e-06, 1.36337212098e-05, 8.26705763757e-06, 1.28387582663e-05, 4.00584985982e-06, 8.08510549177e-07, 3.26970308606e-07, 2.16050949575e-07, 2.06897283306e-07, 1.4835157458e-07, 4.46778791741e-08, 8.68790266395e-08, 1.66589870787e-07, 1.51789336655e-07, 2.71430344867e-08, 5.62280177974e-08, 1.58457226007e-07, 1.3140355577e-06, 7.33613615012e-06, 2.65982430392e-06, 1.64723096532e-05, 3.18779871122e-06], "dmean": [9.89943437162e-05, 0.00477253645658,