{"tonal": {"thpcp": [1, 0.650484502316, 0.151636913419, 0.17152492702, 0.151163548231, 0.0966493859887, 0.160376831889, 0.161027997732, 0.144680008292, 0.412363469601, 0.749495327473, 0.507605135441, 0.144279181957, 0.122182957828, 0.287350296974, 0.602806329727, 0.457776904106, 0.10422501713, 0.0389366559684, 0.049726638943, 0.249963447452, 0.653949797153, 0.578474700451, 0.439743310213, 0.800870716572, 0.636146128178, 0.174211516976, 0.0813123434782, 0.0870827436447, 0.225405916572, 0.424136012793, 0.322677284479, 0.104767620564, 0.066220536828, 0.0901851803064, 0.491334587336], "hpcp": {"dmean2": [0.0746801942587, 0.0631495118141, 0.11046718061, 0.118461236358, 0.110100135207, 0.0561198070645, 0.0300104320049, 0.0370703712106, 0.0903906002641, 0.117656387389, 0.121739193797, 0.138985365629, 0.115547440946, 0.118117637932, 0.0859193280339, 0.0550881139934, 0.0534067116678, 0.0842007175088, 0.0820441767573, 0.0780432596803, 0.0476047284901, 0.0350532010198, 0.0445967502892, 0.110326610506, 0.137762665749, 0.11961248517, 0.0690244063735, 0.0504284314811, 0.0365140140057, 0.0394343957305, 0.0471262633801, 0.0567777268589, 0.0679926648736, 0.111238375306, 0.0718837380409, 0.09590908885], "median": [0.00207845284604, 0.000728543847799, 0.00372113101184, 0.00391719117761, 0.00286755198613, 0.00093693571398, 0.000157373971888, 0.00028113994631, 0.00594000937417, 0.0201928801835, 0.0256310533732, 0.0333841480315, 0.0181753486395, 0.0106804380193, 0.00372503488325, 0.000346973945852, 0.000581896514632, 0.00297995912842, 0.00977842416614, 0.00929183512926, 0.00499903783202, 0.000789121026173, 0.00102391734254, 0.0236808750778, 0.0427648499608, 0.0336765870452, 0.00629648379982, 0.00115516909864, 0.00113360839896, 0.00188071187586, 0.00147522753105, 0.00205691391602, 0.00625573424622, 0.0224979873747, 0.0198828075081, 0.00742014078423], "min": [0, 0, 0, 0, 0, 0, 0, 0, 0, 0, 0, 0, 0, 0, 0, 0, 0, 0, 0, 0, 0, 0, 0, 0, 0, 0, 0, 0, 0, 0, 0, 0, 0, 0, 0, 0], "dvar2": [0.0442738160491, 0.0370449610054, 0.057913441211, 0.0647003278136, 0.0539922825992, 0.029020672664, 0.0218662749976, 0.0229429192841, 0.0435298271477, 0.0606971979141, 0.0495991259813, 0.0550063811243, 0.0650261417031, 0.049434825778, 0.0493854731321, 0.0390428341925, 0.035297151655, 0.0502720586956, 0.0404877476394, 0.0392125956714, 0.0177157800645, 0.016062522307, 0.0205914489925, 0.0480499304831, 0.0784212946892, 0.0477017983794, 0.0286032799631, 0.026223808527, 0.0140094636008, 0.0122635066509, 0.0201650485396, 0.0299686919898, 0.0366310887039, 0.0579242222011, 0.0371664091945, 0.0462260767817], "dvar": [0.0157750677317, 0.0133089022711, 0.0203694403172, 0.0241121184081, 0.0197011195123, 0.00973757356405, 0.0074128662236, 0.00800266116858, 0.0153763759881, 0.0231999624521, 0.019433349371, 0.0207130182534, 0.0237969942391, 0.0189084820449, 0.0169252175838, 0.0134235434234, 0.0120368469507, 0.0171094257385, 0.015860395506, 0.013788625598, 0.00624549435452, 0.00573611399159, 0.0071518747136, 0.0169539805502, 0.0309844035655, 0.0177677944303, 0.00999604072422, 0.00935650989413, 0.00526317534968, 0.00431506056339, 0.00755789829418, 0.0106018669903, 0.0126894153655, 0.0206881053746, 0.0142651321366, 0.0163561999798], "dmean": [0.0418748743832, 0.0352877192199, 0.0628958418965, 0.06950981915, 0.065207965672, 0.0311049688607, 0.0160905495286, 0.020261047408, 0.0517055056989, 0.0684491023421, 0.0718223229051, 0.0817158445716, 0.0672776475549, 0.0707995966077, 0.0485328175128, 0.0301922913641, 0.0295155532658, 0.0482960790396, 0.0493164733052, 0.0461112335324, 0.027000663802, 0.0197570174932, 0.0248808972538, 0.0634626597166, 0.081440217793, 0.0709020122886, 0.0393634177744, 0.029395326972, 0.0217900574207, 0.0227755270898, 0.0281166061759, 0.0325128883123, 0.038520090282, 0.0641488209367, 0.0420725569129, 0.0544743798673], "max": [1, 1, 1, 1, 1, 1, 1, 1, 1, 1, 1, 1, 1, 1, 1, 1, 1, 1, 1, 1, 1, 1, 1, 1, 1, 1, 1, 1, 1, 1, 1, 1, 1, 1, 1, 1], "var": [0.0178843792528, 0.0157783590257, 0.0287050325423, 0.101468257606, 0.0649074912071, 0.00831844750792, 0.00512564275414, 0.00540030701086, 0.0228484794497, 0.112846285105, 0.0848235562444, 0.0384277775884, 0.139374613762, 0.0905653834343, 0.0160844083875, 0.010330398567, 0.0109890950844, 0.0272460151464, 0.0713480934501, 0.0386742986739, 0.0065697892569, 0.00577870942652, 0.0094012087211, 0.0442178249359, 0.160515829921, 0.0724884942174, 0.0123325493187, 0.0254670344293, 0.0213430244476, 0.00648530200124, 0.0204975176603, 0.019091013819, 0.0133455451578, 0.0414011776447, 0.142540544271, 0.0783647447824], "mean": [0.0430307388306, 0.0364406220615, 0.085701175034, 0.179784789681, 0.136530295014, 0.0310847312212, 0.0116127161309, 0.0148307885975, 0.0745506882668, 0.19503813982, 0.172527968884, 0.131151840091, 0.238856777549, 0.18972826004, 0.051957949996, 0.0242511089891, 0.0259721111506, 0.0672264918685, 0.126497015357, 0.0962373241782, 0.0312465615571, 0.0197500325739, 0.0268974006176, 0.146538749337, 0.298246353865, 0.194004625082, 0.0452251583338, 0.0511566847563, 0.045083977282, 0.028825327754, 0.0478318072855, 0.0480260141194, 0.0431502871215, 0.122985899448, 0.22353425622, 0.151391386986]}, "tuning_equal_tempered_deviation": 0.128008857369, "chords_changes_rate": 0.0457570701838, "key_key": "C#", "tuning_diatonic_strength": 0.55688983202, "key_scale": "major", "chords_number_rate": 0.00154504401144, "tuning_frequency": 434.193115234, "tuning_nontempered_energy_ratio": 0.769674241543, "chords_histogram": [20.1449966431, 21.2859516144, 10.6251487732, 2.10363674164, 1.47373425961, 0, 2.43641543388, 0.297123849392, 8.14119338989, 0.855716645718, 3.6130259037, 0, 0.03565486148, 0, 0.0475398153067, 1.62823867798, 0.511053025723, 1.30734491348, 0, 0.511053025723, 0.106964580715, 4.42120265961, 2.38887572289, 18.0651302338], "key_strength": 0.673884868622, "chords_key": "F", "chords_strength": {"dmean2": 0.00567263131961, "median": 0.533269584179, "min": 0.22948166728, "dvar2": 4.4326778152e-05, "dvar": 4.65231896669e-05, "dmean": 0.00772459805012, "max": 0.842060744762, "var": 0.0116190584376, "mean": 0.533838093281}, "chords_scale": "minor", "hpcp_entropy": {"dmean2": 0.779701054096, "median": 1.67340064049, "min": 0, "dvar2": 0.472871273756, "dvar": 0.170950219035, "dmean": 0.455840826035, "max": 3.8068716526, "var": 0.355254352093, "mean": 1.67321014404}}, "metadata": {"audio_properties": {"equal_loudness": 0, "codec": "flac", "downmix": "mix", "sample_rate": 44100, "analysis_sample_rate": 44100, "bit_rate": 0, "md5_encoded": "5ec2c51c1584555121476fb5a31aeba5", "length": 390.666656494, "replay_gain": 1.75175666809, "lossless": true}, "version": {"essentia_build_sha": "70f2e5ece6736b2c40cc944ad0e695b16b925413", "essentia": "2.1-beta2", "extractor": "music 1.0", "essentia_git_sha": "v2.1_beta2"}, "tags": {"title": ["Cantique de Jean Racine, op. 11"], "barcode": ["730099576529"], "media": ["CD"], "albumartist": ["Gabriel Faur\u00e9, Louis Vierne, D\u00e9odat de S\u00e9verac; Lisa Beckley, Nicholas Gedge, Schola Cantorum of Oxford, Oxford Camerata, Jeremy Summerly"], "tracktotal": ["14"], "language": ["fra"], "performer": ["Schola Cantorum of Oxford (choir vocals)", "Colm Carey (organ)"], "releasetype": ["album"], "musicbrainz_recordingid": ["173baed0-2057-416f-974a-d2368edb016d"], "composer": ["Gabriel Faur\u00e9"], "musicbrainz_releasegroupid": ["d1dcdd6f-3383-3653-b9a4-e44257346589"], "musicbrainz_albumartistid": ["fa19a8b6-e7f4-40d4-af15-7a7c41ac7d8f", "5e9177ed-7d3b-4344-b29f-ee4f63775ad1", "56499953-dc43-4404-b643-868b6b2612da", "5ece609d-fa51-4a75-b5cb-4ac4960d3540", "e042bfaf-e05e-4e4f-8ebf-818253dbbfa8", "a2899cc9-c1b4-4a1b-a663-c9f30c93b8ec", "642641ac-471b-4f95-b3c7-8b68cabf82b7", "0d5d6c6b-f58a-4e73-989c-711d8122affe"], "musicbrainz_discid": ["NgvUKJBPHf0jxSWj0yb8s2gmDas-"], "originalyear": ["1994"], "lyricist": ["Jean Racine"], "producer": ["Jeremy Summerly", "Judy Lieber"], "discnumber": ["1"], "composersort": ["Faur\u00e9, Gabriel"], "catalognumber": ["8.550765"], "releasecountry": ["CA"], "file_name": "14. Colm Carey, Schola Cantorum of Oxford, Jeremy Summerly - Cantique de Jean Racine, Op. 11.flac", "originaldate": ["1994"], "work": ["Cantique de Jean Racine, op. 11"], "date": ["1994"], "genre": ["Classical"], "musicbrainz_albumid": ["98ff4ab2-fa10-4db3-84e2-d49c9f11bcc7"], "disctotal": ["1"], "albumartistsort": ["Faur\u00e9, Gabriel, Vierne, Louis, D\u00e9odat de S\u00e9verac; Beckley, Lisa, Gedge, Nicholas, Schola Cantorum of Oxford, Oxford Camerata, Summerly, Jeremy"], "releasestatus": ["official"], "musicbrainz_artistid": ["fa19a8b6-e7f4-40d4-af15-7a7c41ac7d8f"], "asin": ["B0000013Y0"], "musicbrainz_workid": ["38025091-ecfa-4015-b062-4a86b0f07364"], "musicbrainz_releasetrackid": ["2f19a9fd-e9ea-330f-9e5d-64098a80793c"], "artist": ["Gabriel Faur\u00e9"], "tracknumber": ["14"], "artistsort": ["Faur\u00e9, Gabriel"], "album": ["Faur\u00e9: Requiem / Faur\u00e9: Messe basse / Faur\u00e9: Cantique de Jean Racine / Vierne: Andantino / de S\u00e9verac: Tantum ergo"], "label": ["Naxos"], "totaltracks": ["14"], "totaldiscs": ["1"], "script": ["Latn"], "conductor": ["Jeremy Summerly"]}}, "rhythm": {"bpm_histogram_first_peak_bpm": {"dmean2": 0, "median": 129, "min": 129, "dvar2": 0, "dvar": 0, "dmean": 0, "max": 129, "var": 0, "mean": 129}, "bpm": 129.083953857, "bpm_histogram_second_peak_spread": {"dmean2": 0, "median": 0.322916686535, "min": 0.322916686535, "dvar2": 0, "dvar": 0, "dmean": 0, "max": 0.322916686535, "var": 0, "mean": 0.322916686535}, "bpm_histogram_first_peak_weight": {"dmean2": 0, "median": 0.0854591801763, "min": 0.0854591801763, "dvar2": 0, "dvar": 0, "dmean": 0, "max": 0.0854591801763, "var": 0, "mean": 0.0854591801763}, "onset_rate": 0.60662317276, "beats_position": [0.49922901392, 1.01006805897, 1.52090704441, 2.04335594177, 2.56580495834, 3.08825397491, 3.59909296036, 4.12154197693, 4.6439909935, 5.16644001007, 5.6888885498, 6.2229475975, 6.7570066452, 7.2910656929, 7.74385452271, 8.19664382935, 8.64943313599, 9.10222244263, 9.55501079559, 10.0078001022, 10.4838094711, 10.95981884, 11.4358272552, 11.900226593, 12.3762359619, 12.840634346, 13.3050336838, 13.7694330215, 14.2338323593, 14.6982307434, 15.1626300812, 15.6270294189, 16.1030387878, 16.5790481567, 17.0550556183, 17.5310649872, 18.0186843872, 18.5063037872, 18.9939231873, 19.4699325562, 19.9459400177, 20.4219493866, 20.8979587555, 21.3623580933, 21.8383674622, 22.3259868622, 22.8019943237, 23.2780036926, 23.7540130615, 24.2416324615, 24.7176418304, 25.2052612305, 25.6928787231, 26.1804981232, 26.6681175232, 27.1557369232, 27.6317462921, 28.1193637848, 28.6185932159, 29.1294326782, 29.6286621094, 30.1278915405, 30.6271190643, 31.1263484955, 31.6255779266, 32.1248054504, 32.6240348816, 33.1232643127, 33.6224937439, 34.121723175, 34.5861206055, 35.0621299744, 35.5381393433, 36.0373687744, 36.5249862671, 37.0126075745, 37.4886169434, 37.976234436, 38.4522438049, 38.9514732361, 39.4507026672, 39.9499320984, 40.3562812805, 40.7626304626, 41.1689796448, 41.5753288269, 41.9584579468, 42.3415870667, 42.7247161865, 43.1078453064, 43.4909744263, 43.8857116699, 44.2804527283, 44.6519737244, 45.0234909058, 45.3950119019, 45.7665290833, 46.1380500793, 46.5095672607, 46.8810882568, 47.2526054382, 47.6473464966, 48.0420837402, 48.4252128601, 48.80834198, 49.1798629761, 49.5629920959, 49.9461212158, 50.3292503357, 50.7123794556, 51.0839004517, 51.4670295715, 51.8501586914, 52.2332878113, 52.6164169312, 52.9879341125, 53.3594551086, 53.7425842285, 54.1257133484, 54.5088424683, 54.9848518372, 55.4492492676, 55.9136505127, 56.4709281921, 57.0282058716, 57.5738754272, 58.1195449829, 58.6652145386, 59.2108840942, 59.7681617737, 60.3138313293, 60.8711090088, 61.4167785645, 61.9624481201, 62.5081176758, 63.0537872314, 63.6110649109, 64.1567306519, 64.7024002075, 65.2480697632, 65.7821273804, 66.316192627, 66.8502502441, 67.3146438599, 67.779045105, 68.2434463501, 68.7078475952, 69.1606369019, 69.6134262085, 70.0778198242, 70.5422210693, 71.0066223145, 71.4710159302, 71.9354171753, 72.3998184204, 72.8526077271, 73.3053970337, 73.7465744019, 74.18775177, 74.6985931396, 75.2210388184, 75.7434921265, 76.2543258667, 76.7535552979, 77.252784729, 77.7404098511, 78.2396392822, 78.7272567749, 79.2264862061, 79.7141036987, 80.2133331299, 80.7590026855, 81.2930603027, 81.8735580444, 82.4656677246, 83.0461654663, 83.626663208, 84.2071609497, 84.7760543823, 85.3449401855, 85.9138336182, 86.4827194214, 87.0516052246, 87.6088867188, 88.1545562744, 88.7002258301, 89.2458953857, 89.7915649414, 90.3488388062, 90.9990005493, 91.6491622925, 92.2993164062, 92.9494781494, 93.5880279541, 94.2265777588, 94.853515625, 95.4920654297, 96.130607605, 96.7691574097, 97.4077072144, 98.046257019, 98.6848068237, 99.3349609375, 100.008346558, 100.67011261, 101.389930725, 102.098136902, 102.806350708, 103.514556885, 104.141494751, 104.768432617, 105.395370483, 106.02230835, 106.649246216, 107.218139648, 107.787025452, 108.367523193, 108.936416626, 109.516914368, 110.062583923, 110.596641541, 111.130699158, 111.687980652, 112.245262146, 112.814147949, 113.383033752, 113.940315247, 114.497596741, 115.054870605, 115.6121521, 116.20426178, 116.79637146, 117.376869202, 117.968978882, 118.561088562, 119.129974365, 119.698867798, 120.267753601, 120.813423157, 121.359092712, 121.927978516, 122.496871948, 123.07736969, 123.646255493, 124.226753235, 124.807250977, 125.376144409, 125.945030212, 126.432647705, 126.920272827, 127.40789032, 127.883895874, 128.359909058, 128.835922241, 129.323532104, 129.799545288, 130.28717041, 130.763168335, 131.215957642, 131.680358887, 132.144760132, 132.609161377, 133.073562622, 133.537963867, 134.002349854, 134.466751099, 134.931152344, 135.372329712, 135.825119019, 136.266296387, 136.707473755, 137.090606689, 137.485351562, 137.880081177, 138.27482605, 138.657958984, 139.041091919, 139.435821533, 139.795730591, 140.155639648, 140.515548706, 140.887069702, 141.386306763, 141.873916626, 142.373153687, 142.86076355, 143.36000061, 143.847610474, 144.335235596, 144.822860718, 145.310470581, 145.798095703, 146.297317505, 146.808166504, 147.284164429, 147.760177612, 148.236190796, 148.688980103, 149.130157471, 149.582946777, 150.024124146, 150.465301514, 150.894866943, 151.324447632, 151.754013062, 152.183578491, 152.601531982, 153.019500732, 153.449066162, 153.878631592, 154.31980896, 154.772598267, 155.225387573, 155.67817688, 156.130966187, 156.583755493, 157.024932861, 157.477722168, 157.918914795, 158.371704102, 158.81288147, 159.277282715, 159.741668701, 160.194458008, 160.658859253, 161.123260498, 161.599273682, 162.04045105, 162.481628418, 162.934417725, 163.375595093, 163.781951904, 164.188293457, 164.606262207, 164.954559326, 165.279632568, 165.604721069, 165.94140625, 166.278091431, 166.684448242, 167.102401733, 167.520355225, 168.031204224, 168.530426025, 169.041259766, 169.563720703, 170.086166382, 170.608612061, 171.131057739, 171.653518677, 172.175964355, 172.826126099, 173.476272583, 174.114822388, 174.753372192, 175.391921997, 176.030471802, 176.669021606, 177.31918335, 177.980941772, 178.654327393, 179.327713013, 179.977859497, 180.62802124, 181.266571045, 181.881896973, 182.508834839, 183.054504395, 183.60017395, 184.145843506, 184.703125, 185.248794556, 185.782852173, 186.31690979, 186.874191284, 187.454696655, 188.046798706, 188.615692139, 189.172973633, 189.730239868, 190.21786499, 190.717086792, 191.204711914, 191.680725098, 192.145126343, 192.609527588, 193.1900177, 193.758911133, 194.327789307, 194.896682739, 195.465576172, 196.046066284, 196.614959717, 197.183853149, 197.752746582, 198.321624756, 198.902130127, 199.47102356, 200.039901733, 200.608795166, 201.131240845, 201.642089844, 202.152923584, 202.663757324, 203.186203003, 203.697052002, 204.219497681, 204.730331421, 205.24118042, 205.75201416, 206.274459839, 206.889785767, 207.516723633, 208.155273438, 208.793823242, 209.432373047, 210.047698975, 210.663040161, 211.278366089, 211.893692017, 212.578674316, 213.263671875, 213.948654175, 214.633651733, 215.318634033, 216.015228271, 216.70022583, 217.315551758, 217.942489624, 218.557815552, 219.184753418, 219.800079346, 220.415420532, 221.042358398, 221.657684326, 222.273010254, 222.89994812, 223.526885986, 224.153823853, 224.792373657, 225.430923462, 226.069473267, 226.708023071, 227.393005371, 228.07800293, 228.762985229, 229.459594727, 230.144577026, 230.829559326, 231.502944946, 232.153106689, 232.838088989, 233.430206299, 234.02230835, 234.602813721, 235.148483276, 235.694152832, 236.239807129, 236.785476685, 237.33114624, 237.772338867, 238.213516235, 238.654693604, 239.095870972, 239.53704834, 239.978225708, 240.407791138, 240.907028198, 241.394638062, 241.893875122, 242.393096924, 242.880722046, 243.368347168, 243.855957031, 244.355194092, 244.842803955, 245.318817139, 245.794830322, 246.270828247, 246.688796997, 247.09513855, 247.489883423, 247.896224976, 248.27935791, 248.674102783, 249.068832397, 249.451965332, 249.846710205, 250.241439819, 250.636184692, 251.030929565, 251.42565918, 251.820404053, 252.215148926, 252.621490479, 253.016235352, 253.422576904, 253.828933716, 254.22366333, 254.606796265, 254.989929199, 255.373062134, 255.75617981, 256.139312744, 256.534057617, 256.92880249, 257.323547363, 257.718261719, 258.113006592, 258.507751465, 258.902496338, 259.297241211, 259.691955566, 260.086700439, 260.469848633, 260.864562988, 261.247711182, 261.665649414, 262.083618164, 262.501586914, 262.919555664, 263.337493896, 263.767059326, 264.196624756, 264.579772949, 264.951293945, 265.334411621, 265.705932617, 266.077453613, 266.448974609, 266.820495605, 267.192016602, 267.633178711, 268.074371338, 268.515563965, 268.956726074, 269.397918701, 269.839080811, 270.280273438, 270.721435547, 271.162628174, 271.603790283, 272.079803467, 272.544219971, 273.008605957, 273.438171387, 273.856140137, 274.274108887, 274.692047119, 275.1796875, 275.667297363, 276.166534424, 276.712188721, 277.257873535, 277.791931152, 278.32598877, 278.860046387, 279.405700684, 279.962982178, 280.520263672, 281.077545166, 281.62322998, 282.168884277, 282.714538574, 283.271820068, 283.817504883, 284.339935303, 284.86239624, 285.396453857, 285.930511475, 286.464569092, 286.952209473, 287.439819336, 287.927429199, 288.391845703, 288.856231689, 289.320617676, 289.808258057, 290.29586792, 290.783477783, 291.259490967, 291.723907471, 292.176696777, 292.641082764, 293.128692627, 293.616333008, 294.103942871, 294.591552734, 295.079193115, 295.543579102, 296.031188965, 296.495605469, 296.971618652, 297.343109131, 297.714630127, 298.086151123, 298.457672119, 298.910461426, 299.351654053, 299.804443359, 300.257232666, 300.721618652, 301.174407959, 301.627197266, 302.09161377, 302.544403076, 302.997192383, 303.473205566, 303.949188232, 304.425201416, 304.912841797, 305.40045166, 305.888061523, 306.364074707, 306.85168457, 307.339324951, 307.826934814, 308.314544678, 308.802185059, 309.278167725, 309.754180908, 310.230194092, 310.682983398, 311.135772705, 311.600189209, 312.064575195, 312.436096191, 312.79598999, 313.155914307, 313.515808105, 313.887329102, 314.247253418, 314.607147217, 314.967071533, 315.326965332, 315.675262451, 316.046783447, 316.406707764, 316.766601562, 317.126525879, 317.486419678, 317.846343994, 318.22946167, 318.612609863, 318.995727539, 319.378845215, 319.761993408, 320.145111084, 320.528259277, 320.922973633, 321.317718506, 321.700866699, 322.083984375, 322.513549805, 322.943115234, 323.372680664, 323.802276611, 324.231842041, 324.661407471, 325.10256958, 325.578582764, 326.066192627, 326.553833008, 327.029846191, 327.505859375, 327.981842041, 328.446258545, 328.910644531, 329.375061035, 329.839447021, 330.303863525, 330.768249512, 331.232635498, 331.685424805, 332.149841309, 332.614227295, 333.090240479, 333.566253662, 334.030639648, 334.483428955, 334.936218262, 335.389007568, 335.865020752, 336.341033936, 336.828643799, 337.31628418, 337.792297363, 338.268280029, 338.744293213, 339.208709717, 339.673095703, 340.137512207, 340.613494873, 341.077911377, 341.553924561, 342.111206055, 342.668487549, 343.225738525, 343.794647217, 344.363525391, 344.909210205, 345.466491699, 346.023742676, 346.58102417, 347.138305664, 347.695587158, 348.241271973, 348.78692627, 349.367431641, 349.947937012, 350.528442383, 351.0625, 351.608154297, 352.142211914, 352.676269531, 353.210327148, 353.767608643, 354.313293457, 354.858947754, 355.404632568, 355.950286865, 356.49597168, 357.053222656, 357.598907471, 358.144561768, 358.701843262, 359.259124756, 359.81640625, 360.373687744, 360.930969238, 361.523071289, 362.126800537, 362.707305908, 363.287780762, 363.87991333, 364.483612061, 365.087341309, 365.66784668, 366.248352051, 366.828826904, 367.397735596, 367.96661377, 368.547119141, 369.127624512, 369.708099365, 370.288604736, 370.869110107, 371.449615479, 372.03012085, 372.610595703, 373.191101074, 373.759979248, 374.340484619, 374.92098999, 375.489868164, 376.058776855, 376.627655029, 377.196533203, 377.765441895, 378.345947266, 378.926422119, 379.4140625, 379.901672363, 380.389282227, 380.818847656, 381.248443604, 381.678009033, 382.13079834, 382.583587646, 383.024749756, 383.477539062, 383.930328369, 384.383117676, 384.835906982, 385.288696289, 385.753112793, 386.217498779, 386.681884766, 387.134674072, 387.587463379, 388.040252686, 388.493041992, 388.945831299, 389.398620605, 389.863037109], "beats_loudness": {"dmean2": 0.0137948356569, "median": 0.00655731232837, "min": 1.02946096092e-08, "dvar2": 0.00132120947819, "dvar": 0.000545725342818, "dmean": 0.00812902953476, "max": 0.33145186305, "var": 0.000924931955524, "mean": 0.0144802806899}, "danceability": 0.847254395485, "bpm_histogram_second_peak_weight": {"dmean2": 0, "median": 0.0829081609845, "min": 0.0829081609845, "dvar2": 0, "dvar": 0, "dmean": 0, "max": 0.0829081609845, "var": 0, "mean": 0.0829081609845}, "beats_count": 785, "bpm_histogram_second_peak_bpm": {"dmean2": 0, "median": 123, "min": 123, "dvar2": 0, "dvar": 0, "dmean": 0, "max": 123, "var": 0, "mean": 123}, "bpm_histogram_first_peak_spread": {"dmean2": 0, "median": 0.619318187237, "min": 0.619318187237, "dvar2": 0, "dvar": 0, "dmean": 0, "max": 0.619318187237, "var": 0, "mean": 0.619318187237}, "beats_loudness_band_ratio": {"dmean2": [0.199194386601, 0.161782667041, 0.179864317179, 0.0746901035309, 0.0119700655341, 0.00190530135296], "median": [0.76037311554, 0.0884738638997, 0.0612852349877, 0.00563788134605, 0.00100253953133, 0.000110080931336], "min": [0.00190747599117, 0.00208496069536, 0.000356920994818, 3.32181625708e-05, 8.82761287357e-06, 3.93632490159e-06], "dvar2": [0.0486535057425, 0.03189259395, 0.0567960180342, 0.0245236679912, 0.00194429373369, 3.28615242324e-05], "dvar": [0.0206449087709, 0.0134299127385, 0.0214298795909, 0.0097375838086, 0.000648731831461, 1.1345708117e-05], "dmean": [0.119799427688, 0.0971340164542, 0.1054122895, 0.0453081950545, 0.00696314964443, 0.00110317755025], "max": [0.9916857481, 0.836433708668, 0.952311217785, 0.780987679958, 0.391543477774, 0.0413404926658], "var": [0.109815835953, 0.0231606140733, 0.0595253668725, 0.0137931481004, 0.000661254511215, 1.31280748974e-05], "mean": [0.627724289894, 0.146748796105, 0.189829945564, 0.0527101419866, 0.008614432998, 0.00137103640009]}}, "lowlevel": {"barkbands_spread": {"dmean2": 1.98780715466, "median": 4.00241756439, "min": 0.242004737258, "dvar2": 19.0550346375, "dvar": 6.9048538208, "dmean": 1.25940799713, "max": 122.992301941, "var": 24.0250549316, "mean": 5.26298332214}, "melbands_spread": {"dmean2": 2.42891860008, "median": 4.19077682495, "min": 0.226366087794, "dvar2": 18.2636623383, "dvar": 7.18523740768, "dmean": 1.55055427551, "max": 138.608825684, "var": 45.6806488037, "mean": 6.57824754715}, "hfc": {"dmean2": 4.4532160759, "median": 0.793606162071, "min": 1.2026674064e-16, "dvar2": 431.731811523, "dvar": 182.215698242, "dmean": 2.99038290977, "max": 515.96484375, "var": 624.04083252, "mean": 8.06368637085}, "barkbands_kurtosis": {"dmean2": 7.43275117874, "median": 4.61436986923, "min": -1.81376266479, "dvar2": 354.974304199, "dvar": 122.320526123, "dmean": 4.56731891632, "max": 330.806518555, "var": 332.133117676, "mean": 9.93644046783}, "gfcc": {"mean": [-235.422470093, 198.083602905, -73.6092987061, 6.00628662109, -27.4627494812, -10.2773189545, -19.2718582153, 9.38052749634, -8.0476026535, -10.1209211349, 7.43618297577, -1.7411352396, -6.88100194931], "icov": [[0.000478201342048, -0.00100433256011, 0.00101320422255, -0.000924038467929, 0.00122498709243, -0.00119443133008, 0.000774798216298, -0.000491053273436, -0.000220251240535, 0.000515560095664, -0.000805893098004, 0.00117320986465, -0.000521937094163], [-0.00100433256011, 0.00496792141348, -0.00308470032178, 0.00437452131882, -0.00404046755284, 0.00442561414093, -0.00216394406743, 0.00295839132741, -0.00181369495112, 0.00236839102581, -0.00161130190827, -0.00093107536668, -0.00013515727187], [0.00101320422255, -0.00308470032178, 0.00402882881463, -0.00367241795175, 0.00275334552862, -0.00259200087748, -0.000434573332313, 0.00113432435319, -0.00124681554735, -0.000414058798924, 0.00163374445401, -9.48929155129e-05, -0.00133341946639], [-0.000924038467929, 0.00437452131882, -0.00367241795175, 0.00958529766649, -0.00597321381792, 0.00278708804399, 0.00210176082328, -0.000452498759842, -6.97702416801e-05, 0.00113302643877, 0.000199846268515, -0.00195448566228, -0.00071608700091], [0.00122498709243, -0.00404046755284, 0.00275334552862, -0.00597321381792, 0.0104823056608, -0.00656729796901, 0.00233710184693, 0.000352558068698, -0.00461671128869, 0.00392306037247, -0.00319650466554, 0.00357711943798, -0.00175732176285], [-0.00119443133008, 0.00442561414093, -0.00259200087748, 0.00278708804399, -0.00656729796901, 0.0178075339645, -0.0102891689166, 0.0032559284009, 0.00479396851733, -0.00796107761562, 0.00666540814564, -0.00466387579218, 0.00257221399806], [0.000774798216298, -0.00216394406743, -0.000434573332313, 0.00210176082328, 0.00233710184693, -0.0102891689166, 0.0140438741073, -0.00760686211288, 0.0012738086516, 0.00498118065298, -0.00546771008521, 0.00467335758731, -0.00315157673322], [-0.000491053273436, 0.00295839132741, 0.00113432435319, -0.000452498759842, 0.000352558068698, 0.0032559284009, -0.00760686211288, 0.0172086898237, -0.0107682961971, 0.00558791775256, -0.00059969216818, -0.00571899535134, 0.00235749199055], [-0.000220251240535, -0.00181369495112, -0.00124681554735, -6.97702416801e-05, -0.00461671128869, 0.00479396851733, 0.0012738086516, -0.0107682961971, 0.0235930867493, -0.0151078570634, 0.00377628696151, 0.00267150462605, 0.000361533981049], [0.000515560095664, 0.00236839102581, -0.000414058798924, 0.00113302643877, 0.00392306037247, -0.00796107761562, 0.00498118065298, 0.00558791775256, -0.0151078570634, 0.0218689385802, -0.0125381220132, 0.00645637419075, -0.00453890953213], [-0.000805893098004, -0.00161130190827, 0.00163374445401, 0.000199846268515, -0.00319650466554, 0.00666540814564, -0.00546771008521, -0.00059969216818, 0.00377628696151, -0.0125381220132, 0.0234436187893, -0.0141595341265, 0.00471382029355], [0.00117320986465, -0.00093107536668, -9.48929155129e-05, -0.00195448566228, 0.00357711943798, -0.00466387579218, 0.00467335758731, -0.00571899535134, 0.00267150462605, 0.00645637419075, -0.0141595341265, 0.0237607937306, -0.0082931984216], [-0.000521937094163, -0.00013515727187, -0.00133341946639, -0.00071608700091, -0.00175732176285, 0.00257221399806, -0.00315157673322, 0.00235749199055, 0.000361533981049, -0.00453890953213, 0.00471382029355, -0.0082931984216, 0.014972820878]], "cov": [[15831.3417969, 227.068237305, -5371.00488281, -965.031860352, -1018.33306885, -835.580749512, -538.981872559, 775.305603027, -30.1130256653, -296.727355957, 731.438659668, -306.03225708, -671.059204102], [227.068237305, 1259.52185059, 605.96875, -170.384796143, 201.371536255, -111.261024475, 118.024085999, -129.077728271, 42.5387420654, -110.77129364, 60.8249740601, 20.2306518555, 110.464904785], [-5371.00488281, 605.96875, 2760.39160156, 444.621429443, 479.438201904, 317.359710693, 235.628265381, -412.034545898, 60.3946800232, 93.5875549316, -289.993713379, 108.733444214, 379.993713379], [-965.031860352, -170.384796143, 444.621429443, 385.858673096, 181.141372681, 37.6070823669, -90.9646453857, -60.1668815613, 43.9382781982, 45.019695282, -71.0750198364, 25.3582382202, 77.0063705444], [-1018.33306885, 201.371536255, 479.438201904, 181.141372681, 326.724243164, 60.4603996277, 8.1266412735, -82.1700744629, 61.2095222473, 18.0264492035, -40.0964622498, 9.24290752411, 82.017791748], [-835.580749512, -111.261024475, 317.359710693, 37.6070823669, 60.4603996277, 216.313812256, 129.59413147, -42.43592453, -25.3841075897, 38.1822738647, -61.0315132141, 9.06987953186, 40.2495574951], [-538.981872559, 118.024085999, 235.628265381, -90.9646453857, 8.1266412735, 129.59413147, 270.356842041, 37.1738548279, -41.8806343079, -51.0249671936, -6.19331550598, 31.2409477234, 33.4516525269], [775.305603027, -129.077728271, -412.034545898, -60.1668815613, -82.1700744629, -42.43592453, 37.1738548279, 194.881240845, 21.46210289, -35.4561080933, 61.0439071655, 16.207616806, -60.431678772], [-30.1130256653, 42.5387420654, 60.3946800232, 43.9382781982, 61.2095222473, -25.3841075897, -41.8806343079, 21.46210289, 134.31010437, 88.9380111694, 15.2480268478, -18.857460022, 14.6370296478], [-296.727355957, -110.77129364, 93.5875549316, 45.019695282, 18.0264492035, 38.1822738647, -51.0249671936, -35.4561080933, 88.9380111694, 178.726623535, 19.8425102234, -17.0311393738, 25.8950443268], [731.438659668, 60.8249740601, -289.993713379, -71.0750198364, -40.0964622498, -61.0315132141, -6.19331550598, 61.0439071655, 15.2480268478, 19.8425102234, 140.323913574, 36.4413871765, -26.6612491608], [-306.03225708, 20.2306518555, 108.733444214, 25.3582382202, 9.24290752411, 9.06987953186, 31.2409477234, 16.207616806, -18.857460022, -17.0311393738, 36.4413871765, 102.710334778, 44.670715332], [-671.059204102, 110.464904785, 379.993713379, 77.0063705444, 82.017791748, 40.2495574951, 33.4516525269, -60.431678772, 14.6370296478, 25.8950443268, -26.6612491608, 44.670715332, 141.816329956]]}, "spectral_energyband_middle_low": {"dmean2": 0.00553025258705, "median": 0.00142502202652, "min": 2.34403719721e-22, "dvar2": 0.000641157850623, "dvar": 0.000282130524283, "dmean": 0.00377682992257, "max": 0.68905878067, "var": 0.000641456921585, "mean": 0.00844802055508}, "melbands_crest": {"dmean2": 3.68707680702, "median": 19.1630992889, "min": 1.00010418892, "dvar2": 16.918718338, "dvar": 6.61811542511, "dmean": 2.31081271172, "max": 38.5818061829, "var": 51.2502174377, "mean": 19.6505088806}, "spectral_kurtosis": {"dmean2": 21.8853034973, "median": 33.2846221924, "min": -1.2640568018, "dvar2": 425.66583252, "dvar": 146.606521606, "dmean": 12.5975284576, "max": 231.295959473, "var": 1183.13171387, "mean": 43.59815979}, "spectral_rms": {"dmean2": 0.000554357480723, "median": 0.00255976291373, "min": 3.2641270329e-12, "dvar2": 1.14635292903e-06, "dvar": 5.1275316082e-07, "dmean": 0.000376468640752, "max": 0.0265426728874, "var": 4.86607950734e-06, "mean": 0.00306021189317}, "zerocrossingrate": {"dmean2": 0.00316102895886, "median": 0.01123046875, "min": 0, "dvar2": 0.000110565139039, "dvar": 4.75336964882e-05, "dmean": 0.00227885856293, "max": 0.52099609375, "var": 0.000310719711706, "mean": 0.0166260842234}, "silence_rate_60dB": {"dmean2": 0.0668093189597, "median": 0, "min": 0, "dvar2": 0.0762684717774, "dvar": 0.0322909243405, "dmean": 0.0334026739001, "max": 1, "var": 0.180100485682, "mean": 0.235647216439}, "erbbands_kurtosis": {"dmean2": 2.94041156769, "median": 2.08917212486, "min": -1.82812321186, "dvar2": 19.4562854767, "dvar": 8.63471794128, "dmean": 1.90007686615, "max": 62.0424957275, "var": 27.7834205627, "mean": 3.60720968246}, "erbbands": {"dmean2": [0.0246887151152, 0.142878651619, 0.183917745948, 0.425868421793, 0.715909302235, 1.36013936996, 2.50178790092, 6.34037256241, 11.7833480835, 24.7013454437, 32.9733200073, 93.435333252, 19.0121593475, 16.8274688721, 25.2164325714, 19.8071498871, 41.371055603, 10.0079011917, 3.25712680817, 2.25190234184, 1.27903902531, 3.08343839645, 3.88314080238, 2.02223348618, 0.714594841003, 0.271264702082, 0.0339362099767, 0.00831986032426, 0.0069353398867, 0.00572968786582, 0.00633143913001, 0.00408324459568, 0.00264367996715, 0.00166912365239, 0.000575541635044, 0.000169358463609, 4.3074869609e-05, 6.92943876857e-06, 3.58044644599e-06, 7.65875120123e-06], "median": [0.0506098866463, 0.494899481535, 0.41526466608, 0.570591449738, 0.751098871231, 0.890550017357, 1.33465874195, 1.56769239902, 1.44154727459, 1.67899179459, 0.829125523567, 0.385956048965, 0.313320100307, 0.246179580688, 0.237489849329, 0.114723816514, 0.0759331285954, 0.0504228249192, 0.0380215160549, 0.0198361091316, 0.0281642265618, 0.0444640181959, 0.0523468703032, 0.0336797535419, 0.00821321364492, 0.00179637398105, 0.000755020068027, 0.00045591435628, 0.000335057266057, 0.000276692386251, 0.00023816342582, 0.000155289148097, 0.000113772577606, 7.2509617894e-05, 3.32019699272e-05, 1.72019972524e-05, 7.24629717297e-06, 2.80261201624e-06, 3.48274488715e-06, 7.36945276003e-06], "min": [3.74030837768e-22, 3.20597211824e-21, 1.16012185924e-20, 2.62067183954e-20, 8.40747990186e-20, 3.15061398471e-20, 1.46899496122e-19, 2.5935588947e-19, 2.77651754602e-19, 1.49413065359e-19, 5.01966644813e-19, 7.70548208902e-19, 1.40982357838e-18, 1.64409498313e-18, 2.24156847015e-18, 1.37965981695e-18, 8.18810165139e-19, 4.08651872583e-18, 4.05133501207e-18, 3.21960387217e-18, 3.97111503626e-18, 7.12231541448e-18, 9.18801370587e-18, 1.1299852959e-17, 1.5958497773e-17, 1.47187724104e-17, 1.67443177005e-17, 1.23168392621e-17, 1.39228526076e-17, 1.26719404544e-17, 1.65565146143e-17, 1.44601858248e-17, 1.48119361085e-17, 1.10754281055e-17, 8.69505045674e-18, 3.99297245677e-18, 2.51306755196e-18, 1.26271477971e-18, 4.05774612711e-19, 3.73171935102e-20], "dvar2": [0.00266633671708, 0.0961585789919, 0.341890335083, 1.01058673859, 1.49181640148, 7.58931016922, 42.0811195374, 428.762329102, 1389.53735352, 7257.48779297, 16895.7949219, 524297.3125, 17356.3183594, 8481.02539062, 15037.4365234, 16599.4785156, 110524.15625, 4113.01953125, 326.969421387, 301.068756104, 38.61743927, 137.559371948, 315.514312744, 64.5003204346, 9.54668712616, 1.28466451168, 0.0251155924052, 0.0014104724396, 0.00145776651334, 0.000691749271937, 0.00103835668415, 0.000660864461679, 0.00100394524634, 0.000469375925604, 5.00384085171e-05, 2.45997853199e-06, 2.36389666952e-07, 3.03455127693e-09, 1.9990778477e-10, 9.69149649421e-10], "dvar": [0.00102751376107, 0.0346038527787, 0.128372833133, 0.360308349133, 0.575686335564, 2.86977815628, 18.7578201294, 197.648666382, 649.857849121, 3694.78149414, 7544.37304688, 229182.9375, 7789.80078125, 3378.29638672, 5749.48535156, 5821.16845703, 44901.3320312, 1630.62988281, 119.462600708, 111.113059998, 15.3103933334, 46.5880699158, 108.379447937, 22.0442523956, 3.34644460678, 0.453976809978, 0.00894859433174, 0.000592614233028, 0.000583350250963, 0.000308127899189, 0.000512562459335, 0.000355091760866, 0.00049253803445, 0.000281051994534, 3.21014558722e-05, 2.10032521863e-06, 1.60768578894e-07, 2.34545716182e-09, 9.16386896921e-11, 4.1929115735e-10], "dmean": [0.0163324866444, 0.0937900692225, 0.120177976787, 0.276532620192, 0.451474517584, 0.875429570675, 1.70082890987, 4.3492732048, 7.98334884644, 17.8208141327, 22.0314655304, 61.4962158203, 12.5142946243, 10.3428268433, 15.555975914, 11.9487495422, 25.3622283936, 6.13340902328, 1.92711997032, 1.34846246243, 0.759660542011, 1.78188955784, 2.28535914421, 1.18821239471, 0.421091109514, 0.159673571587, 0.0201811939478, 0.00525564933196, 0.00435553304851, 0.00366298714653, 0.00413188198581, 0.00275917653926, 0.00186938326806, 0.00131758663338, 0.000467545236461, 0.000143156939885, 3.52643946826e-05, 5.58308420295e-06, 2.50159860116e-06, 5.17432454217e-06], "max": [0.575340509415, 5.92548036575, 26.3408908844, 26.4364929199, 24.5122489929, 44.0532226562, 128.300918579, 509.442169189, 1138.00354004, 2472.74438477, 3171.43212891, 20452.5, 5586.96191406, 3052.82226562, 2405.5715332, 3712.83569336, 10370.4628906, 1505.96899414, 492.801116943, 583.163757324, 208.454711914, 228.166778564, 397.006835938, 136.450683594, 73.9038391113, 29.0768489838, 4.51742219925, 1.38174319267, 2.07321000099, 1.34673476219, 1.81606936455, 1.96410739422, 3.14766645432, 2.3146777153, 0.667223095894, 0.147150889039, 0.0483651272953, 0.0051722493954, 0.000371329573682, 0.000832860008813], "var": [0.0170783959329, 0.244684159756, 1.28787124157, 1.81066071987, 2.08623576164, 16.2856254578, 52.3279724121, 521.873596191, 1652.10876465, 11604.7285156, 18983.5625, 409194.5625, 19565.6132812, 7265.04492188, 11244.0419922, 9650.85058594, 88485.8515625, 3292.73388672, 331.748931885, 362.840576172, 59.2944717407, 177.981643677, 352.455078125, 93.5527496338, 15.592165947, 1.70080089569, 0.0313763171434, 0.00335060618818, 0.00250287051313, 0.00222467584535, 0.0031951169949, 0.00231896317564, 0.00210118619725, 0.00128856278025, 0.000169653663761, 1.51211825141e-05, 9.04008231828e-07, 1.35199353934e-08, 3.63079788457e-10, 1.29552313322e-09], "mean": [0.108821243048, 0.585492968559, 0.639945149422, 0.972844839096, 1.16266024113, 2.46728301048, 3.57495117188, 8.20439624786, 14.7536096573, 34.942943573, 38.9863700867, 92.4510498047, 20.8746833801, 16.6336612701, 23.8648338318, 18.6841049194, 38.2410964966, 9.82480049133, 3.6765639782, 2.64494609833, 1.83562278748, 4.2228307724, 5.54806184769, 3.10177969933, 1.14802014828, 0.387412250042, 0.0539032071829, 0.0164626725018, 0.0130807943642, 0.0121073191985, 0.0130446525291, 0.00890305452049, 0.00542537355796, 0.00331443664618, 0.00120522896759, 0.000404803431593, 0.000105402228655, 1.79235848918e-05, 8.66154641699e-06, 1.66871795955e-05]}, "spectral_strongpeak": {"dmean2": 0.537339150906, "median": 0.211890846491, "min": 0, "dvar2": 1.9263510704, "dvar": 0.773756623268, "dmean": 0.337834060192, "max": 23.0709514618, "var": 2.88060760498, "mean": 0.837821543217}, "spectral_energy": {"dmean2": 0.00668478943408, "median": 0.00671619549394, "min": 1.09208883879e-20, "dvar2": 0.000723407545593, "dvar": 0.000313572469167, "dmean": 0.00451705232263, "max": 0.722126305103, "var": 0.000948237604462, "mean": 0.0145866572857}, "average_loudness": 0.008246621117, "spectral_rolloff": {"dmean2": 143.336868286, "median": 301.46484375, "min": 21.533203125, "dvar2": 234374.15625, "dvar": 90067.7109375, "dmean": 79.564743042, "max": 18863.0859375, "var": 292899.40625, "mean": 429.884185791}, "spectral_centroid": {"dmean2": 88.6486358643, "median": 391.094909668, "min": 111.306770325, "dvar2": 41002.9375, "dvar": 17100.1074219, "dmean": 55.7154579163, "max": 11112.1855469, "var": 104712.382812, "mean": 482.641906738}, "pitch_salience": {"dmean2": 0.0896605849266, "median": 0.425017684698, "min": 0.0566473156214, "dvar2": 0.00750577216968, "dvar": 0.00273510697298, "dmean": 0.0551390424371, "max": 0.996097505093, "var": 0.0146125564352, "mean": 0.423823446035}, "spectral_energyband_middle_high": {"dmean2": 0.00195505958982, "median": 3.74194896722e-05, "min": 1.4381533584e-21, "dvar2": 7.28660015739e-05, "dvar": 2.8628455766e-05, "dmean": 0.00120794540271, "max": 0.216802626848, "var": 7.70342085161e-05, "mean": 0.00244099879637}, "spectral_contrast_coeffs": {"dmean2": [0.0527707599103, 0.0623422153294, 0.0516996346414, 0.038760792464, 0.0249978676438, 0.0144112538546], "median": [-0.70601350069, -0.66717261076, -0.747797727585, -0.80917596817, -0.798552751541, -0.8527790308], "min": [-0.964115142822, -0.998766422272, -0.998976051807, -0.987366557121, -0.988092899323, -0.962301254272], "dvar2": [0.00192504015286, 0.00268165767193, 0.00196227990091, 0.00114594283514, 0.000422608078225, 0.000124548212625], "dvar": [0.000682312296703, 0