{"tonal": {"thpcp": [1, 0.665776968002, 0.309532225132, 0.258136183023, 0.215724349022, 0.206890955567, 0.208053275943, 0.426179349422, 0.790591776371, 0.661744475365, 0.365955352783, 0.385725736618, 0.348866164684, 0.260062128305, 0.396211236715, 0.525455355644, 0.450929731131, 0.488127976656, 0.54857480526, 0.391434907913, 0.430890440941, 0.609171569347, 0.468720436096, 0.32020843029, 0.325603425503, 0.472381651402, 0.676007986069, 0.542559146881, 0.528736233711, 0.74093824625, 0.564601957798, 0.307127326727, 0.326891720295, 0.405507177114, 0.414918720722, 0.703381001949], "hpcp": {"dmean2": [0.245794549584, 0.216692581773, 0.19912327826, 0.20643094182, 0.26255056262, 0.315150350332, 0.250923752785, 0.284180849791, 0.324793070555, 0.274307101965, 0.204962864518, 0.204580590129, 0.236544638872, 0.259447336197, 0.291162729263, 0.322754621506, 0.263224035501, 0.221800521016, 0.197017714381, 0.158453658223, 0.140965163708, 0.144738078117, 0.191482782364, 0.278786897659, 0.291069567204, 0.236345797777, 0.23056332767, 0.182485118508, 0.159930258989, 0.192328795791, 0.213051795959, 0.236433729529, 0.269343882799, 0.272432208061, 0.216946601868, 0.220064684749], "median": [0.0598369240761, 0.0585257261992, 0.0286106131971, 0.0286806486547, 0.076489649713, 0.139390468597, 0.118023835123, 0.0889595448971, 0.113762512803, 0.103067360818, 0.0387195795774, 0.0377305150032, 0.0460070222616, 0.0609782785177, 0.200075179338, 0.255136996508, 0.150714606047, 0.0326920822263, 0.0188445169479, 0.0178759694099, 0.014318190515, 0.0169488359243, 0.0511174537241, 0.127883806825, 0.147160083055, 0.0615057013929, 0.0533030480146, 0.0467634871602, 0.038113951683, 0.0439235530794, 0.0567775629461, 0.0605816096067, 0.0833136588335, 0.0751551389694, 0.0570749491453, 0.0629653781652], "min": [0, 0, 0, 0, 0, 0, 0, 0, 0, 0, 0, 0, 0, 0, 0, 0, 0, 0, 0, 0, 0, 0, 0, 0, 0, 0, 0, 0, 0, 0, 0, 0, 0, 0, 0, 0], "dvar2": [0.105344124138, 0.0836814194918, 0.0973930582404, 0.0931367576122, 0.10378857702, 0.126917004585, 0.094430565834, 0.136486783624, 0.161188557744, 0.117174729705, 0.0836613923311, 0.0879351422191, 0.0942955687642, 0.12273774296, 0.0988478660583, 0.115218751132, 0.0982767343521, 0.101837962866, 0.101796902716, 0.0767430961132, 0.0668281987309, 0.0670295357704, 0.0694686993957, 0.105249598622, 0.11120864749, 0.0960656180978, 0.0966581627727, 0.0646779537201, 0.0650372207165, 0.0779435634613, 0.0832952111959, 0.088686786592, 0.108372569084, 0.0978296920657, 0.0814758613706, 0.0876706317067], "dvar": [0.0414487048984, 0.0324069932103, 0.0387246273458, 0.0359298884869, 0.0399897731841, 0.057859800756, 0.0375530570745, 0.0500668101013, 0.0602783188224, 0.0424796938896, 0.030785607174, 0.0321750603616, 0.0365624092519, 0.0455334149301, 0.0378932282329, 0.0487216114998, 0.0368827357888, 0.0373492538929, 0.0373116768897, 0.0280234087259, 0.0250322911888, 0.0249448735267, 0.0277667045593, 0.0461619980633, 0.0430265031755, 0.0344220176339, 0.0354493893683, 0.0240550525486, 0.0242971237749, 0.0291856247932, 0.0342476144433, 0.03317906335, 0.0409103967249, 0.0452554039657, 0.032044839114, 0.0322892554104], "dmean": [0.143155515194, 0.125030368567, 0.114609725773, 0.120048902929, 0.151714891195, 0.18423871696, 0.148609280586, 0.162227526307, 0.190343752503, 0.157937467098, 0.11587831378, 0.117145374417, 0.13621622324, 0.147555351257, 0.17019712925, 0.193164691329, 0.155108198524, 0.125551432371, 0.111529536545, 0.0893436521292, 0.080242075026, 0.0814334750175, 0.111084468663, 0.168664067984, 0.174261555076, 0.133403524756, 0.131427794695, 0.104874745011, 0.0904349908233, 0.110809922218, 0.12472153455, 0.136687532067, 0.159598648548, 0.165764585137, 0.128137379885, 0.127602115273], "max": [1, 1, 1, 1, 1, 1, 1, 1, 1, 1, 1, 1, 1, 1, 1, 1, 1, 1, 1, 1, 1, 1, 1, 1, 1, 1, 1, 1, 1, 1, 1, 1, 1, 1, 1, 1], "var": [0.0987088903785, 0.0559332631528, 0.0477091446519, 0.0445764996111, 0.0532226003706, 0.0932632982731, 0.0586999095976, 0.0591393113136, 0.109499692917, 0.0633393228054, 0.0345268957317, 0.0403018072248, 0.0514968000352, 0.0519273690879, 0.0600413158536, 0.122178629041, 0.069395698607, 0.0383848585188, 0.0353133454919, 0.0259768627584, 0.0285400040448, 0.0261622089893, 0.0443524159491, 0.119497694075, 0.0708591639996, 0.0376211442053, 0.0406060479581, 0.0337018072605, 0.0294620655477, 0.0478534810245, 0.0844586864114, 0.0526412837207, 0.0554154701531, 0.0760242044926, 0.0427672900259, 0.0451825782657], "mean": [0.228741645813, 0.176002770662, 0.120237074792, 0.122262872756, 0.177377551794, 0.253838479519, 0.203728929162, 0.198538482189, 0.278219550848, 0.212005928159, 0.115325167775, 0.122746616602, 0.152266427875, 0.155800431967, 0.264116942883, 0.375496268272, 0.249996766448, 0.116228200495, 0.0969291776419, 0.0810036882758, 0.077686779201, 0.0781232267618, 0.160028755665, 0.296864271164, 0.248482584953, 0.137414872646, 0.144838571548, 0.130997940898, 0.0976523607969, 0.148775845766, 0.197306528687, 0.169322431087, 0.183290228248, 0.205987796187, 0.146982342005, 0.161797747016]}, "tuning_equal_tempered_deviation": 0.153991147876, "chords_changes_rate": 0.0995260700583, "key_key": "G", "tuning_diatonic_strength": 0.362847447395, "key_scale": "major", "chords_number_rate": 0.00301594147459, "tuning_frequency": 436.456176758, "tuning_nontempered_energy_ratio": 0.799785196781, "chords_histogram": [27.121931076, 1.55105555058, 0.560103416443, 0.990952193737, 2.99439907074, 4.11460590363, 1.42180097103, 0.150797069073, 0.581645846367, 1.96036195755, 6.87203788757, 0.603188276291, 0.990952193737, 2.17578625679, 0, 0.473933637142, 1.35717368126, 4.54545450211, 4.91167593002, 27.0788459778, 0.430848777294, 0.301594138145, 3.10211110115, 5.70874643326], "key_strength": 0.387725174427, "chords_key": "G", "chords_strength": {"dmean2": 0.0134908854961, "median": 0.392722070217, "min": -1, "dvar2": 0.00105963344686, "dvar": 0.000545142334886, "dmean": 0.0120349572971, "max": 0.798850357533, "var": 0.0443353876472, "mean": 0.384847640991}, "chords_scale": "major", "hpcp_entropy": {"dmean2": 0.935675263405, "median": 2.27078199387, "min": 0, "dvar2": 0.597914934158, "dvar": 0.218029990792, "dmean": 0.547194361687, "max": 4.45004940033, "var": 0.551094293594, "mean": 2.18637609482}}, "metadata": {"audio_properties": {"equal_loudness": 0, "codec": "mp3", "downmix": "mix", "sample_rate": 44100, "analysis_sample_rate": 44100, "bit_rate": 164277, "md5_encoded": "c5b1d73e3e44176208079f6e28636f4f", "length": 215.51020813, "replay_gain": -14.8019180298, "lossless": false}, "version": {"essentia_build_sha": "70f2e5ece6736b2c40cc944ad0e695b16b925413", "essentia": "2.1-beta2", "extractor": "music 1.0", "essentia_git_sha": "v2.1_beta2"}, "tags": {"title": ["Vurdalak Acid"], "releasedate": ["2002"], "date": ["2002"], "file_name": "The Best of Messer Chups: Cocktail Draculina-13-Vurdalak Acid.mp3", "musicip_puid": [""], "musicbrainz_recordingid": ["1744a895-f607-4996-8c4a-b19ecb082941"], "taggingdate": ["2007-07-18T09:03:22"], "musicbrainz album status": ["official"], "musicbrainz_albumartistid": ["050c59c3-12d7-4d7e-b890-9ebcf0caa85d"], "musicbrainz_albumid": ["acf215d0-7dbc-4af9-96ee-c5b54e0d8e5c"], "artist": ["Messer Chups"], "tracknumber": ["13/18"], "artistsort": ["Messer Chups"], "album": ["The Best of Messer Chups: Cocktail Draculina"], "musicbrainz album release country": ["RU"], "musicbrainz album type": ["compilation"], "musicbrainz_artistid": ["050c59c3-12d7-4d7e-b890-9ebcf0caa85d"]}}, "rhythm": {"bpm_histogram_first_peak_bpm": {"dmean2": 0, "median": 133, "min": 133, "dvar2": 0, "dvar": 0, "dmean": 0, "max": 133, "var": 0, "mean": 133}, "bpm": 133.368209839, "bpm_histogram_second_peak_spread": {"dmean2": 0, "median": 0.263157904148, "min": 0.263157904148, "dvar2": 0, "dvar": 0, "dmean": 0, "max": 0.263157904148, "var": 0, "mean": 0.263157904148}, "bpm_histogram_first_peak_weight": {"dmean2": 0, "median": 0.533477306366, "min": 0.533477306366, "dvar2": 0, "dvar": 0, "dmean": 0, "max": 0.533477306366, "var": 0, "mean": 0.533477306366}, "onset_rate": 4.68153476715, "beats_position": [0.696598649025, 1.39319729805, 2.10140585899, 2.80961441994, 3.50621318817, 4.19120168686, 4.841360569, 5.4915189743, 6.13006782532, 6.76861667633, 7.39555549622, 8.0224943161, 8.62621307373, 9.21832180023, 9.82204055786, 10.4489793777, 11.0759181976, 11.6912469864, 12.1672563553, 12.6432647705, 13.1308841705, 13.572063446, 14.0016326904, 14.4428119659, 14.8491611481, 15.2903394699, 15.7431287766, 16.2075271606, 16.6603164673, 17.1247158051, 17.5891151428, 18.0535144806, 18.5063037872, 18.9590930939, 19.4118824005, 19.8646717072, 20.3174591064, 20.7702484131, 21.2230377197, 21.6642169952, 22.1053962708, 22.5581855774, 23.010974884, 23.4637641907, 23.9049434662, 24.3577327728, 24.7989120483, 25.2516994476, 25.7044887543, 26.1572780609, 26.6100673676, 27.0512466431, 27.5040359497, 27.9568252563, 28.409614563, 28.8624038696, 29.3151912689, 29.7447605133, 30.1627197266, 30.5806789398, 30.9870281219, 31.4514274597, 31.9158267975, 32.3802261353, 32.8446235657, 33.2974128723, 33.750202179, 34.2146034241, 34.6673927307, 35.1201820374, 35.572971344, 36.0257606506, 36.4669380188, 36.9197273254, 37.3609046936, 37.8136940002, 38.2664833069, 38.7192726135, 39.1720619202, 39.6248512268, 40.0660324097, 40.5188217163, 40.9599990845, 41.4011802673, 41.8423576355, 42.2951469421, 42.7479362488, 43.1891136169, 43.6419029236, 44.0830841064, 44.5358734131, 44.9886627197, 45.4414520264, 45.8826293945, 46.3354187012, 46.7882080078, 47.229385376, 47.6821746826, 48.1349639893, 48.5877532959, 49.0405426025, 49.4933319092, 49.934513092, 50.3756904602, 50.8284797668, 51.2812690735, 51.7340583801, 52.1752357483, 52.6280250549, 53.0808143616, 53.5336036682, 53.9863929749, 54.4275741577, 54.8687515259, 55.3099327087, 55.7627182007, 56.2155075073, 56.668296814, 57.1210861206, 57.5622673035, 58.0150566101, 58.4678459167, 58.9090232849, 59.3502044678, 59.8029937744, 60.2441711426, 60.6969604492, 61.1497497559, 61.6025390625, 62.0553283691, 62.5081176758, 62.9492950439, 63.3904762268, 63.8432655334, 64.2960510254, 64.748840332, 65.2016296387, 65.6544189453, 66.107208252, 66.5483856201, 66.9895706177, 67.4423599243, 67.8835372925, 68.3363265991, 68.7775039673, 69.2186813354, 69.6714706421, 70.1242599487, 70.5770492554, 71.029838562, 71.4826278687, 71.9354171753, 72.3765945435, 72.8293838501, 73.2821731567, 73.7233581543, 74.1645355225, 74.6173248291, 75.0701141357, 75.5345077515, 76.0569610596, 76.5794067383, 77.0902481079, 77.6010894775, 78.1003189087, 78.6111526489, 79.133605957, 79.6560516357, 80.2481613159, 80.7938308716, 81.3627166748, 81.9316101074, 82.5004959106, 83.0577774048, 83.6150588989, 84.1839447021, 84.7644424438, 85.3333282471, 85.9138336182, 86.4595031738, 87.0167770386, 87.5740585327, 88.0384597778, 88.4912490845, 88.9440383911, 89.4084320068, 89.8612213135, 90.3140106201, 90.7667999268, 91.2079772949, 91.6607666016, 92.1135559082, 92.5663452148, 93.0191345215, 93.460319519, 93.9131011963, 94.3658905029, 94.8070755005, 95.2482528687, 95.7010421753, 96.1538314819, 96.6066207886, 97.0477981567, 97.5005874634, 97.95337677, 98.4061660767, 98.8473434448, 99.3001327515, 99.7529220581, 100.194099426, 100.646888733, 101.09967804, 101.564079285, 102.02848053, 102.504486084, 102.992103577, 103.491333008, 103.97895813, 104.443351746, 104.907752991, 105.360542297, 105.813331604, 106.254508972, 106.707298279, 107.160087585, 107.601264954, 108.05405426, 108.506843567, 108.948028564, 109.389205933, 109.841995239, 110.294784546, 110.747573853, 111.188751221, 111.641540527, 112.082717896, 112.535507202, 112.988296509, 113.429473877, 113.882263184, 114.33505249, 114.776237488, 115.229019165, 115.681808472, 116.122993469, 116.575782776, 117.016960144, 117.469749451, 117.910926819, 118.363716125, 118.816505432, 119.269294739, 119.722084045, 120.163261414, 120.61605072, 121.068840027, 121.510017395, 121.962806702, 122.415596008, 122.856781006, 123.309570312, 123.762359619, 124.203536987, 124.656326294, 125.109115601, 125.561904907, 126.014694214, 126.455871582, 126.89704895, 127.349838257, 127.802627563, 128.243804932, 128.6849823, 129.137771606, 129.590560913, 130.04335022, 130.496139526, 130.937316895, 131.390106201, 131.842895508, 132.284072876, 132.736862183, 133.189651489, 133.630844116, 134.083618164, 134.536407471, 134.977600098, 135.430389404, 135.871566772, 136.312744141, 136.765533447, 137.218322754, 137.671112061, 138.123901367, 138.576690674, 139.017868042, 139.470657349, 139.923446655, 140.364624023, 140.805801392, 141.258590698, 141.711380005, 142.152557373, 142.60534668, 143.058135986, 143.499313354, 143.952102661, 144.404891968, 144.857681274, 145.310470581, 145.751647949, 146.192825317, 146.634017944, 147.086807251, 147.539596558, 147.980773926, 148.433563232, 148.886352539, 149.339141846, 149.791931152, 150.233108521, 150.685897827, 151.138687134, 151.579864502, 152.032653809, 152.485443115, 152.926620483, 153.37940979, 153.832199097, 154.284988403, 154.726165771, 155.16734314, 155.620132446, 156.072921753, 156.52571106, 156.966888428, 157.419677734, 157.872467041, 158.313644409, 158.754821777, 159.207611084, 159.660400391, 160.113189697, 160.565979004, 161.007156372, 161.459945679, 161.901138306, 162.353912354, 162.80670166, 163.259490967, 163.712280273, 164.16506958, 164.617858887, 165.070648193, 165.51184082, 165.953018188, 166.394195557, 166.835372925, 167.276550293, 167.7293396, 168.182128906, 168.623306274, 169.076095581, 169.528884888, 169.970062256, 170.411239624, 170.864028931, 171.316818237, 171.769607544, 172.222396851, 172.686798096, 173.151199341, 173.627212524, 174.103210449, 174.579223633, 175.055236816, 175.53125, 176.007247925, 176.47164917, 176.924438477, 177.377227783, 177.83001709, 178.282806396, 178.735595703, 179.18838501, 179.629562378, 180.082351685, 180.535140991, 180.976318359, 181.417495728, 181.870285034, 182.323074341, 182.764266968, 183.217056274, 183.669830322, 184.111022949, 184.563812256, 185.016601562, 185.457778931, 185.910568237, 186.363357544, 186.804534912, 187.24571228, 187.698501587, 188.151290894, 188.6040802, 189.056869507, 189.498046875, 189.950836182, 190.403625488, 190.844802856, 191.297592163, 191.75038147, 192.203170776, 192.644348145, 193.097137451, 193.549926758, 194.002716064, 194.443893433, 194.896682739, 195.349472046, 195.790649414, 196.231826782, 196.673019409, 197.125808716, 197.578598022, 198.03137207, 198.484161377, 198.925354004, 199.378143311, 199.830932617, 200.283721924, 200.73651123, 201.177688599, 201.618865967, 202.060043335, 202.501220703, 202.95401001, 203.406799316, 203.847976685, 204.300765991, 204.753555298, 205.217956543, 205.682357788, 206.158370972, 206.564712524, 206.971069336, 207.377410889, 207.7837677, 208.248153687, 208.712554932, 209.188568115, 209.618133545, 210.047698975, 210.488891602, 210.93006897, 211.394470215, 211.858856201, 212.311645508, 212.787658691, 213.275283813, 213.751281738, 214.23890686, 214.714920044], "beats_loudness": {"dmean2": 0.0257303677499, "median": 0.033064737916, "min": 0, "dvar2": 0.000792635313701, "dvar": 0.00028894879506, "dmean": 0.0143036805093, "max": 0.127778798342, "var": 0.000384600658435, "mean": 0.0323688648641}, "danceability": 0.986430943012, "bpm_histogram_second_peak_weight": {"dmean2": 0, "median": 0.0302375815809, "min": 0.0302375815809, "dvar2": 0, "dvar": 0, "dmean": 0, "max": 0.0302375815809, "var": 0, "mean": 0.0302375815809}, "beats_count": 464, "bpm_histogram_second_peak_bpm": {"dmean2": 0, "median": 126, "min": 126, "dvar2": 0, "dvar": 0, "dmean": 0, "max": 126, "var": 0, "mean": 126}, "bpm_histogram_first_peak_spread": {"dmean2": 0, "median": 0.369897961617, "min": 0.369897961617, "dvar2": 0, "dvar": 0, "dmean": 0, "max": 0.369897961617, "var": 0, "mean": 0.369897961617}, "beats_loudness_band_ratio": {"dmean2": [0.199057459831, 0.233785405755, 0.345389902592, 0.37525460124, 0.113010019064, 0.0708702206612], "median": [0.149117916822, 0.131809741259, 0.308062136173, 0.145259782672, 0.0232002772391, 0.013913013041], "min": [0, 0, 0, 0, 0, 0], "dvar2": [0.0339614339173, 0.0620888844132, 0.0757832229137, 0.10118881613, 0.0418671630323, 0.00960768386722], "dvar": [0.0116847744212, 0.0208595599979, 0.028128920123, 0.0348379574716, 0.0149988457561, 0.00323552265763], "dmean": [0.110388234258, 0.140634149313, 0.198873713613, 0.210772767663, 0.0641935169697, 0.0379539951682], "max": [0.881702363491, 0.997137784958, 0.998646914959, 0.912293791771, 0.962500989437, 0.760300397873], "var": [0.0171720329672, 0.0263329483569, 0.0455834753811, 0.0491004809737, 0.0150495944545, 0.00273861293681], "mean": [0.167293563485, 0.183832988143, 0.34045830369, 0.231105685234, 0.0647526532412, 0.0313529185951]}}, "lowlevel": {"barkbands_spread": {"dmean2": 5.37685060501, "median": 9.78411388397, "min": 0.0300787091255, "dvar2": 46.7230682373, "dvar": 21.0509109497, "dmean": 3.5543179512, "max": 79.8386993408, "var": 82.5542831421, "mean": 12.4870958328}, "melbands_spread": {"dmean2": 6.96748924255, "median": 15.2002506256, "min": 0.14695520699, "dvar2": 70.6276473999, "dvar": 32.597694397, "dmean": 4.61467695236, "max": 161.342086792, "var": 465.497680664, "mean": 19.6995277405}, "hfc": {"dmean2": 7.00068330765, "median": 14.7681846619, "min": 1.05032297218e-16, "dvar2": 75.514175415, "dvar": 44.5812759399, "dmean": 5.20350313187, "max": 182.575180054, "var": 271.858734131, "mean": 18.2410430908}, "barkbands_kurtosis": {"dmean2": 7.64827156067, "median": 1.84354114532, "min": -1.95439064503, "dvar2": 872.436950684, "dvar": 410.335876465, "dmean": 5.03817605972, "max": 1975.29650879, "var": 9203.64160156, "mean": 13.5166845322}, "gfcc": {"mean": [-99.8409194946, 134.222930908, -107.701896667, -5.34653997421, -65.9298171997, 4.29525327682, -28.3947906494, 9.5614938736, -14.9007530212, 0.920990467072, -9.93317508698, 0.466475188732, -5.20163583755], "icov": [[0.00015049133799, -0.000357222306775, 0.00038761284668, -0.000325330416672, 0.00055810197955, -0.000288338836981, 0.00028397879214, -0.000206501237699, 0.000117773764941, -0.000418653158704, 0.000482619245304, -0.000685551553033, 0.00018463183369], [-0.000357222306775, 0.00153131317347, -0.000878946040757, 0.00113172549754, -0.00132888834924, 0.000598852348048, -0.000694205227774, 0.000672857800964, -0.000529490353074, 0.001341813826, -0.00202343566343, 0.00231434335001, -0.000971345347352], [0.00038761284668, -0.000878946040757, 0.00180338160135, -0.00106599077117, 0.00145758374128, -0.000902463449165, 0.000613579002675, -0.000758755835705, 0.000359778670827, -0.00120204186533, 0.000932146562263, -0.00175004918128, 0.000456707668491], [-0.000325330416672, 0.00113172549754, -0.00106599077117, 0.00197217729874, -0.00109526177403, 0.000237518106587, -0.000220094821998, 0.000268631469226, 0.000392074027332, -7.47790545574e-05, -0.00121987576131, 0.00207218178548, -0.00142462411895], [0.00055810197955, -0.00132888834924, 0.00145758374128, -0.00109526177403, 0.00433098291978, -0.00092756684171, 0.00117688020691, 0.00107167137321, -0.000451361382147, -0.000998104922473, 0.00135100341868, -0.00261402549222, 0.000452041975223], [-0.000288338836981, 0.000598852348048, -0.000902463449165, 0.000237518106587, -0.00092756684171, 0.0038452167064, -0.00254885712638, 0.000786606280599, 0.00138782244176, -0.00169525772799, 0.00122660235502, 0.000189282465726, -0.000757103029173], [0.00028397879214, -0.000694205227774, 0.000613579002675, -0.000220094821998, 0.00117688020691, -0.00254885712638, 0.0044321231544, -0.00201323884539, -0.00067076086998, 0.00157375307754, -0.00139395683073, -0.000810322701, 0.000301275897073], [-0.000206501237699, 0.000672857800964, -0.000758755835705, 0.000268631469226, 0.00107167137321, 0.000786606280599, -0.00201323884539, 0.00719691580161, -0.00187891593669, 0.00116395531222, -0.00016500079073, 0.000462883966975, -0.000309675087919], [0.000117773764941, -0.000529490353074, 0.000359778670827, 0.000392074027332, -0.000451361382147, 0.00138782244176, -0.00067076086998, -0.00187891593669, 0.00675241556019, -0.00490135885775, 0.00217034830712, 0.000456759269582, -0.00118741556071], [-0.000418653158704, 0.001341813826, -0.00120204186533, -7.47790545574e-05, -0.000998104922473, -0.00169525772799, 0.00157375307754, 0.00116395531222, -0.00490135885775, 0.0116791706532, -0.00606243032962, 0.00315387872979, 0.00301030301489], [0.000482619245304, -0.00202343566343, 0.000932146562263, -0.00121987576131, 0.00135100341868, 0.00122660235502, -0.00139395683073, -0.00016500079073, 0.00217034830712, -0.00606243032962, 0.0118340970948, -0.00602750992402, -4.21997938247e-05], [-0.000685551553033, 0.00231434335001, -0.00175004918128, 0.00207218178548, -0.00261402549222, 0.000189282465726, -0.000810322701, 0.000462883966975, 0.000456759269582, 0.00315387872979, -0.00602750992402, 0.01205398608, -0.00257989717647], [0.00018463183369, -0.000971345347352, 0.000456707668491, -0.00142462411895, 0.000452041975223, -0.000757103029173, 0.000301275897073, -0.000309675087919, -0.00118741556071, 0.00301030301489, -4.21997938247e-05, -0.00257989717647, 0.0104194115847]], "cov": [[39216.84375, 1001.57873535, -2005.37316895, 2512.34472656, -2725.44726562, 1708.50378418, -322.630981445, 585.928222656, -505.854766846, 655.173950195, -309.993774414, 331.356536865, -67.158531189], [1001.57873535, 2648.94482422, -529.50189209, -1156.3416748, 332.408477783, -382.882720947, 143.355636597, -101.441177368, 197.422073364, -199.233474731, 170.06010437, -86.0725631714, 104.337745667], [-2005.37316895, -529.50189209, 1651.67272949, 695.184204102, -244.295410156, 366.923034668, 150.27911377, 129.373275757, -98.7125854492, 133.443115234, 55.5971488953, 52.8687896729, 9.09982299805], [2512.34472656, -1156.3416748, 695.184204102, 1739.94372559, -308.74810791, 458.401153564, -101.846542358, 66.0674667358, -184.315216064, 253.030899048, -28.8738040924, 12.8816194534, 15.6849212646], [-2725.44726562, 332.408477783, -244.295410156, -308.74810791, 703.522949219, -227.485244751, -132.430831909, -207.336990356, 91.1490631104, -41.1792106628, 32.8313903809, -18.827665329, 16.1481819153], [1708.50378418, -382.882720947, 366.923034668, 458.401153564, -227.485244751, 701.427062988, 251.327133179, 75.6042556763, -149.617843628, 90.1049041748, -22.5673103333, 71.9774017334, 11.0886249542], [-322.630981445, 143.355636597, 150.27911377, -101.846542358, -132.430831909, 251.327133179, 539.823120117, 146.648712158, -24.866147995, -80.3724441528, 60.8382568359, 53.5150184631, 45.2099685669], [585.928222656, -101.441177368, 129.373275757, 66.0674667358, -207.336990356, 75.6042556763, 146.648712158, 246.71472168, 25.6160106659, -3.6598982811, -8.57156944275, 11.8695383072, 7.98507213593], [-505.854766846, 197.422073364, -98.7125854492, -184.315216064, 91.1490631104, -149.617843628, -24.866147995, 25.6160106659, 286.426116943, 74.4099121094, -0.867194354534, -63.0388793945, -11.3202466965], [655.173950195, -199.233474731, 133.443115234, 253.030899048, -41.1792106628, 90.1049041748, -80.3724441528, -3.6598982811, 74.4099121094, 240.078216553, 37.9865379333, -23.1303939819, -57.3420524597], [-309.993774414, 170.06010437, 55.5971488953, -28.8738040924, 32.8313903809, -22.5673103333, 60.8382568359, -8.57156944275, -0.867194354534, 37.9865379333, 171.185440063, 53.0457992554, 12.6380834579], [331.356536865, -86.0725631714, 52.8687896729, 12.8816194534, -18.827665329, 71.9774017334, 53.5150184631, 11.8695383072, -63.0388793945, -23.1303939819, 53.0457992554, 163.220809937, 30.5282535553], [-67.158531189, 104.337745667, 9.09982299805, 15.6849212646, 16.1481819153, 11.0886249542, 45.2099685669, 7.98507213593, -11.3202466965, -57.3420524597, 12.6380834579, 30.5282535553, 130.559448242]]}, "spectral_energyband_middle_low": {"dmean2": 0.00688877608627, "median": 0.0111527247354, "min": 1.50266238951e-22, "dvar2": 9.00250306586e-05, "dvar": 4.11191831517e-05, "dmean": 0.00448567280546, "max": 0.175973713398, "var": 0.000186041521374, "mean": 0.0141399744898}, "melbands_crest": {"dmean2": 4.24833774567, "median": 9.7868719101, "min": 1.00197386742, "dvar2": 17.9516010284, "dvar": 6.830950737, "dmean": 2.60604381561, "max": 35.5791664124, "var": 32.5031585693, "mean": 11.3556289673}, "spectral_kurtosis": {"dmean2": 18.1149520874, "median": 11.2355890274, "min": -1.27219116688, "dvar2": 1099.96459961, "dvar": 434.985656738, "dmean": 11.459236145, "max": 428.167022705, "var": 1317.28088379, "mean": 23.6797199249}, "spectral_rms": {"dmean2": 0.000928673776798, "median": 0.00482473894954, "min": 3.12310225424e-12, "dvar2": 9.92999503069e-07, "dvar": 5.40007079053e-07, "dmean": 0.000669371918775, "max": 0.0133546693251, "var": 4.52533549833e-06, "mean": 0.00459337141365}, "zerocrossingrate": {"dmean2": 0.00869536213577, "median": 0.03759765625, "min": 0.00390625, "dvar2": 0.000116912378871, "dvar": 8.19719498395e-05, "dmean": 0.00715919630602, "max": 0.5263671875, "var": 0.00531844841316, "mean": 0.0537047311664}, "silence_rate_60dB": {"dmean2": 0.0387889221311, "median": 0, "min": 0, "dvar2": 0.0435289442539, "dvar": 0.019019164145, "dmean": 0.0193923730403, "max": 1, "var": 0.105199933052, "mean": 0.119465686381}, "erbbands_kurtosis": {"dmean2": 5.77240514755, "median": 3.16518831253, "min": -1.90359127522, "dvar2": 90.1289291382, "dvar": 38.8973121643, "dmean": 3.70165634155, "max": 189.256530762, "var": 200.760131836, "mean": 7.05430459976}, "erbbands": {"dmean2": [0.0530430749059, 0.55779248476, 1.32584679127, 2.77868771553, 4.74456548691, 7.73612833023, 11.47352314, 17.1260452271, 28.7330741882, 36.5393028259, 54.8050346375, 54.6855163574, 47.5642089844, 61.2485313416, 72.4866333008, 31.7353286743, 21.0378570557, 25.842508316, 26.9849147797, 15.4273109436, 8.81506156921, 6.57851648331, 4.50668430328, 3.34102129936, 3.40843176842, 4.01252555847, 2.20336651802, 2.11256241798, 1.58002746105, 1.76574468613, 0.944621801376, 0.673947632313, 0.42957291007, 0.336292773485, 0.155604511499, 0.0415384024382, 0.0113040367141, 0.00267933588475, 6.06723187957e-05, 1.18312082122e-05], "median": [0.0468966029584, 0.483464568853, 0.728863358498, 0.764507472515, 1.41005814075, 2.83902144432, 6.40699100494, 13.3999671936, 17.1152572632, 23.0687770844, 26.3283061981, 23.138174057, 20.2760486603, 11.2296094894, 7.9255771637, 4.93711328506, 3.8090467453, 2.78710603714, 1.47589552402, 1.23812830448, 1.07640087605, 0.986115336418, 0.657147109509, 0.369663000107, 0.340850442648, 0.256493896246, 0.228757157922, 0.21276499331, 0.141874566674, 0.127319544554, 0.0813602805138, 0.0588752664626, 0.0381405465305, 0.0216816645116, 0.00949724856764, 0.00299666053616, 0.000915619253647, 0.000142850985867, 2.19599205593e-05, 2.99447110592e-05], "min": [3.50289235788e-23, 3.14974034587e-22, 1.15074626379e-21, 3.66146934113e-21, 1.05777578755e-20, 1.76127221902e-20, 2.70041350462e-20, 3.36094565808e-20, 5.48237603165e-20, 1.19513833712e-19, 3.03672245884e-19, 2.64259390292e-19, 4.52162875613e-19, 7.48218571664e-19, 5.36411582893e-19, 1.02069920667e-18, 1.55640411882e-18, 1.39310119171e-18, 2.04950436975e-18, 2.03812505286e-18, 2.6239540082e-18, 4.28578115872e-18, 4.26240627538e-18, 5.39418084567e-18, 5.76461424426e-18, 7.13570746859e-18, 7.52953560286e-18, 7.95287754137e-18, 1.03443675345e-17, 1.13867400106e-17, 1.12187379738e-17, 9.19967612533e-18, 9.58910448591e-18, 7.63890955935e-18, 6.26889332417e-18, 4.32283347349e-18, 2.09607050233e-18, 8.85037346908e-19, 2.37117087003e-19, 2.59487042834e-20], "dvar2": [0.00676836771891, 1.03308069706, 6.81926870346, 33.4297866821, 92.0472259521, 331.17364502, 426.393707275, 963.342773438, 4338.81640625, 6684.82763672, 18653.5449219, 17030.2929688, 7282.22119141, 30619.2285156, 27167.0410156, 8762.03125, 6690.74462891, 7004.39453125, 16826.7558594, 4659.48925781, 1445.24414062, 558.403808594, 380.976898193, 81.2133483887, 71.6993789673, 97.7508010864, 26.7411804199, 25.2868404388, 10.4979372025, 13.217045784, 3.35155701637, 1.52007591724, 0.511178910732, 0.420256704092, 0.0792788565159, 0.00519582210109, 0.000715471629519, 3.67499305867e-05, 1.68755125429e-08, 1.80456247167e-10], "dvar": [0.00269171409309, 0.391354292631, 2.63332462311, 11.4799871445, 33.4392318726, 116.320381165, 176.479537964, 429.252441406, 1798.66235352, 2923.41015625, 7799.16308594, 7276.36035156, 3212.26367188, 14568.6484375, 13652.5185547, 3681.75170898, 2995.44506836, 3015.2277832, 7458.11523438, 2889.0690918, 826.210754395, 346.982452393, 197.585662842, 34.280872345, 31.0436267853, 36.1053924561, 11.5480890274, 11.6938152313, 4.66514444351, 6.38404798508, 1.78616011143, 0.76786416769, 0.262417018414, 0.195575475693, 0.0377266779542, 0.00275063468143, 0.000309127499349, 1.51901667778e-05, 6.88839341123e-09, 9.51669854032e-11], "dmean": [0.0330308526754, 0.341867536306, 0.802737474442, 1.53726959229, 2.68197274208, 4.59061193466, 7.17948818207, 10.9422130585, 17.6888427734, 23.0576019287, 35.1641464233, 36.4175682068, 30.9276313782, 41.0546836853, 50.0863189697, 20.0835552216, 13.7976675034, 16.3648033142, 17.6921977997, 11.277305603, 6.66436052322, 4.65772390366, 3.1341817379, 2.19253563881, 2.22752070427, 2.50969672203, 1.43346524239, 1.44009971619, 1.0392332077, 1.13527989388, 0.666404366493, 0.472558349371, 0.293871194124, 0.223894998431, 0.103047192097, 0.0281980484724, 0.0074764736928, 0.00172148412094, 3.91207286157e-05, 8.27233543532e-06], "max": [0.740597486496, 8.8194770813, 17.9032764435, 42.1804580688, 108.519714355, 242.71131897, 380.954742432, 1011.15673828, 1504.74060059, 1914.81921387, 2650.40600586, 4622.70458984, 1127.70397949, 6210.96484375, 4563.48681641, 1984.40490723, 2920.35644531, 1707.56652832, 2126.96777344, 1642.10461426, 1264.2869873, 1451.47924805, 948.846130371, 67.1892929077, 171.34967041, 80.4628219604, 88.6719818115, 112.890434265, 33.4256477356, 31.1916675568, 22.6917762756, 16.2275218964, 9.33997058868, 4.80480575562, 1.66046726704, 0.594962060452, 0.254538714886, 0.0471356511116, 0.0010132167954, 0.00021517300047], "var": [0.00484790606424, 0.538441181183, 3.32806181908, 9.68352890015, 29.6242866516, 137.28527832, 603.192260742, 3156.33129883, 7113.90283203, 9857.24902344, 22131.5859375, 20961.7519531, 8261.61523438, 41688.8007812, 83144.0703125, 4395.703125, 4542.36962891, 4859.11083984, 12163.1669922, 7139.89794922, 2920.18408203, 2239.16674805, 1440.50146484, 50.3281364441, 58.8815460205, 100.622817993, 27.6288986206, 54.5616378784, 16.9763584137, 15.8519287109, 4.73776006699, 3.24883985519, 0.728330016136, 0.294682055712, 0.0530194193125, 0.0043764365837, 0.000413603615016, 3.08929556923e-05, 1.2825348783e-08, 5.58528556738e-10], "mean": [0.0629317611456, 0.637372016907, 1.30742371082, 1.77159130573, 3.06833481789, 6.30944108963, 14.2147626877, 24.5368976593, 36.130317688, 47.632434845, 70.0186767578, 77.5760421753, 61.4556388855, 100.65322113, 119.320358276, 26.7980918884, 19.8191070557, 21.4741859436, 25.2710533142, 18.4607181549, 12.4729070663, 9.30045604706, 6.39650535583, 3.22950363159, 3.50561857224, 4.42959165573, 2.52261304855, 2.97358393669, 1.8943400383, 1.8015550375, 1.02607607841, 0.841256678104, 0.466451764107, 0.276564747095, 0.117950692773, 0.033100746572, 0.00930244103074, 0.0024572131224, 6.46265616524e-05, 3.23140193359e-05]}, "spectral_strongpeak": {"dmean2": 1.27028763294, "median": 0.893294692039, "min": 0, "dvar2": 2.74767017365, "dvar": 1.1357126236, "dmean": 0.762765586376, "max": 13.5266876221, "var": 3.78766703606, "mean": 1.69243955612}, "spectral_energy": {"dmean2": 0.0094372453168, "median": 0.0238600578159, "min": 9.99761184487e-21, "dvar2": 0.000124021724332, "dvar": 6.53061288176e-05, "dmean": 0.00666074408218, "max": 0.182805880904, "var": 0.000382945785532, "mean": 0.0262649152428}, "average_loudness": 0.700846612453, "spectral_rolloff": {"dmean2": 346.783325195, "median": 947.4609375, "min": 107.666015625, "dvar2": 446348.875, "dvar": 206388.421875, "dmean": 211.267990112, "max": 19681.3476562, "var": 7671945, "mean": 1439.22277832}, "spectral_centroid": {"dmean2": 231.730789185, "median": 768.543579102, "min": 190.711181641, "dvar2": 113498.054688, "dvar": 54211.3085938, "dmean": 156.532104492, "max": 12170.2412109, "var": 2537252, "mean": 1120.24975586}, "pitch_salience": {"dmean2": 0.110953234136, "median": 0.647818207741, "min": 0.0292203258723, "dvar2": 0.0101962080225, "dvar": 0.0039082900621, "dmean": 0.0673347115517, "max": 0.996088385582, "var": 0.0211601816118, "mean": 0.61265784502}, "spectral_energyband_middle_high": {"dmean2": 0.00423175608739, "median": 0.00276215188205, "min": 1.05734937353e-21, "dvar2": 5.1208811783e-05, "dvar": 2.72742818197e-05, "dmean": 0.00306805269793, "max": 0.179078400135, "var": 0.000142325981869, "mean": 0.00820056069642}, "spectral_contrast_coeffs": {"dmean2": [0.0879393592477, 0.0767695754766, 0.0750133469701, 0.0525735020638, 0.0368078388274, 0.0294461287558], "median": [-0.699087321758, -0.722330451012, -0.729063153267, -0.810550332069, -0.816854953766, -0.80392152071], "min": [-0.98184877634, -0.996675729752, -0.998925447464, -0.988578915596, -0.989218652248, -0.96696716547], "dvar2": [0.00622561248019, 0.00401223357767, 0.00439170887694, 0.00225088070147, 0.00101954268757, 0.000850558863021], "dvar": [0.0024011968635, 0.0015414460795, 0.0020117929671, 0.00109029689338, 0.000458721042378, 0.000362472230336], "dmean": [0.053085770458, 0.0468863397837, 0.0490831695497, 0.0334970131516, 0.0235132072121, 0.0187905076891], "max": [-0.237747445703, -0.24599686265, -0.339661449194, -0.476381152868, -0.455340147018, -0.524287283421], "var": [0.0101153226569, 0.0086962338537, 0.0124200955033, 0.00644143624231, 0.00482868449762, 0.0031877879519], "mean": [-0.682329773903, -0.720289289951, -0.720580816269, -0.793628692627, -0.801168084145, -0.802007496357]}, "melbands_skewness": {"dmean2": 0.998745441437, "median": 0.754657387733, "min": -4.87308359146, "dvar2": 1.35507273674, "dvar": 0.655248105526, "dmean": 0.678958654404, "max": 15.0134477615, "var": 3.25578355789, "mean": 1.10024881363}, "spectral_spread": {"dmean2": 1175876.5, "median": 2950928, "min": 178681.421875, "dvar2": 2547474497540.0, "dvar": 1213871161340.0, "dmean": 820317.6875, "max": 43331216, "var": 34639938846700.0, "mean": 4126998.75}, "dissonance": {"dmean2": 0.071376003325, "median": 0.440451532602, "min": 0.0565444715321, "dvar2": 0.00580072356388, "dvar": 0.00221261917613, "dmean": 0.0433799624443, "max": 0.500000238419, "var": 0.00570318801329, "mean": 0.416947007179}, "spectral_skewness": {"dmean2": 1.20497989655, "median": 2.64223361015, "min": -0.143823444843, "dvar2": 2.4443860054, "dvar": 1.01370501518, "dmean": 0.788940489292, "max": 17.2359523773, "var": 4.3211016655, "mean": 3.0901799202}, "spectral_flux": {"dmean2": 0.0382695682347, "median": 0.0773965641856, "min": 6.40555664067e-11, "dvar2": 0.00149988790508, "dvar": 0.000611128110904, "dmean": 0.0240653194487, "max": 0.397880107164, "var": 0.00204248889349, "mean": 0.078445032239}, "spectral_contrast_valleys": {"dmean2": [0.612519860268, 0.592929661274, 0.618930339813, 0.526906967163, 0.538812577724, 0.664649367332], "median": [-7.12961053848, -6.26903915405, -7.29505395889, -8.26756000519, -8.80767059326, -11.1869096756], "min": [-28.2448425293, -28.1225662231, -28.0067272186, -27.8018341064, -27.5308609009, -27.5368309021], "dvar2": [0.292351394892, 0.273238092661, 0.321436285973, 0.26980343461, 0.385664343834, 0.686906754971], "dvar": [0.127965062857, 0.127352282405, 0.147874951363, 0.148688226938, 0.226735547185, 0.355185061693], "dmean": [0.38084885478, 0.374677360058, 0.392115294933, 0.356373250484, 0.397232741117, 0.51221382618], "max": [-5.55136680603, -4.72158145905, -4.85882663727, -5.58134412766, -6.17042541504, -8.52496433258], "var": [11.1061534882, 10.8491210938, 10.1528587341, 9.19115543365, 9.5850687027, 8.55778598785], "mean": [-8.16653633118, -6.97165250778, -7.8612818718, -8.76499176025, -9.27037811279, -11.7075366974]}, "erbbands_flatness_db": {"dmean2": 0.0422054603696, "median": 0.244949966669, "min": 0.0753006786108, "dvar2": 0.00195716996677, "dvar": 0.00113350746688, "dmean": 0.031713295728, "max": 0.671503782272, "var": 0.0110501237214, "mean": 0.255209892988}, "spectral_energyband_high": {"dmean2": 0.000192613049876, "median": 2.53091238847e-05, "min": 6.93455880541e-21, "dvar2": 1.06721351756e-07, "dvar": 6.29143386277e-08, "dmean": 0.000134805319249, "max": 0.00444933073595, "var": 2.74278164625e-07, "mean": 0.000266355840722}, "spectral_entropy": {"dmean2": 0.375753194094, "median": 6.79226303101, "min": 2.70804786682, "dvar2": 0.194438755512, "dvar": 0.101916074753, "dmean": 0.269741892815, "max": 9.82837200165, "var": 0.892376482487, "mean": 6.83798933029}, "silence_rate_20dB": {"dmean2": 0, "median": 1, "min": 1, "dvar2": 0, "dvar": 0, "dmean": 0, "max": 1, "var": 0, "mean": 1}, "melbands_flatness_db": {"dmean2": 0.0468609817326, "median": 0.287083536386, "min": 5.95379731294e-07, "dvar2": 0.00293953181244, "dvar": 0.00157750933431, "dmean": 0.0342430248857, "max": 0.800509631634, "var": 0.0144840357825, "mean": 0.286312669516}, "barkbands": {"dmean2": [0.000273503566859, 0.00227160658687, 0.00136128044687, 0.0011049604509, 0.00203851563856, 0.00176208268385, 0.00221667904407, 0.00234483648092, 0.00207455223426, 0.00185694009997, 0.00212739617564, 0.000791370926891, 0.000497603672557, 0.00047907413682, 0.000423168414272, 0.000175876644789, 0.000114799571747, 7.75425578468e-05, 6.46156768198e-05, 8.740388148e-05, 5.46257979295e-05, 5.20415123901e-05, 3.97498588427e-05, 2.7901813155e-05, 2.64153841272e-05, 7.03086834619e-06, 6.63549883484e-07], "median": [9.25220374484e-05, 0.00211959541775, 0.000389947614167, 0.00024254861637, 0.000955191673711, 0.00129214127082, 0.00137519405689, 0.00145251082722, 0.000925304659177, 0.000294149125693, 0.000212898594327, 8.81013475009e-05, 7.50629478716e-05, 3.42126768373e-05, 2.26117099373e-05, 1.64698121807e-05, 1.65087240021e-05, 9.49747118284e-06, 6.87333340466e-06, 5.19018294654e-06, 5.20390176462e-06, 4.73357067676e-06, 2.9012212508e-06, 2.45242449637e-06, 1.61893365203e-06, 5.96988456891e-07, 2.24194476317e-08], "min": [6.81159574724e-26, 2.78262677379e-24, 1.9976811578e-25, 1.31334000844e-24, 5.81028084448e-24, 3.77723167499e-24, 5.11284576273e-24, 7.12912059393e-24, 9.75422407229e-24, 8.89081896697e-24, 7.78464586237e-24, 1.26051350405e-23, 3.2280169309e-23, 2.94456279935e-23, 4.05945865452e-23, 3.43761885114e-23, 6.51511449489e-23, 9.26854513214e-23, 1.02445957882e-22, 1.59745797433e-22, 1.85606311359e-22, 2.92628520772e-22, 3.73762524086e-22, 5.45422317376e-22, 7.86793912944e-22, 1.17263171392e-21, 1.8139856768e-21], "dvar2": [2.16402952447e-07, 1.58989460033e-05, 8.57830491441e-06, 6.40228699922e-06, 1.47073997141e-05, 9.62194553722e-06, 2.4098682843e-05, 3.15875004162e-05, 2.41035595536e-05, 2.244422285e-05, 2.5220831958e-05, 5.66708058614e-06, 3.77391484108e-06, 2.98433087664e-06, 3.53965515387e-06, 6.58583189761e-07, 1.53880634457e-07, 1.35071829277e-07, 2.41895854458e-08, 4.563927547e-08, 1.66172657856e-08, 1.18720517861e-08, 5.95912474921e-09, 2.21530105371e-09, 2.44938269667e-09, 1.74013831122e-10, 3.03360071438e-12], "dvar": [6.56016112544e-08, 6.04063370702e-06, 2.98880286209e-06, 2.2709566565e-06, 5.36541529073e-06, 4.33082550444e-06, 1.0216778719e-05, 1.38269278978e-05, 1.11049066618e-05, 1.02723843156e-05, 1.16842793432e-05, 2.39056339524e-06, 1.84685438853e-06, 1.32449406465e-06, 1.85711178347e-06, 3.64272210618e-07, 9.05262993456e-08, 7.74373489776e-08, 1.13064757556e-08, 1.72187100134e-08, 7.26631199655e-09, 4.78140460558e-09, 3.28702642882e-09, 1.15552323265e-09, 1.14672271678e-09, 8.84225817566e-11, 1.11506214418e-12], "dmean": [0.000151456872118, 0.00138726131991, 0.000795901811216, 0.000607119989581, 0.00122218404431, 0.00113120372407, 0.00135973375291, 0.00149847951252, 0.00135519308969, 0.00121820240747, 0.0014314489672, 0.000487732031615, 0.000326598528773, 0.000298781786114, 0.000290393218165, 0.000129605832626, 7.80711707