{"metadata": {"tags": {"albumartist": ["Kanye West"], "artist": ["Kanye West"], "genre": ["Rap & Hip-Hop"], "musicbrainz_albumid": ["1f9c78dd-f0db-4d18-beb5-e2cc5fb4975f"], "musicbrainz_recordingid": ["0a884b25-6370-41cc-80f5-06f54b7f49c3"], "title": ["Cold"], "tracknumber": ["6"], "tracktotal": ["12"], "musicbrainz_albumartistid": ["164f0d73-1234-4e2c-8743-d77bf2191051"], "album": ["Cruel Summer"], "date": ["2012"], "file_name": "06 - Cold.flac"}, "audio_properties": {"sample_rate": 44100, "downmix": "mix", "lossless": true, "analysis_sample_rate": 44100, "md5_encoded": "ffb4fe07e377ad9f15d645b773757cb1", "equal_loudness": 0, "replay_gain": -15.9298868179, "codec": "flac", "bit_rate": 0, "length": 216.293334961}, "version": {"extractor": "music 1.0", "essentia_build_sha": "70f2e5ece6736b2c40cc944ad0e695b16b925413", "essentia_git_sha": "v2.1_beta2", "essentia": "2.1-beta2"}}, "rhythm": {"beats_loudness_band_ratio": {"dvar2": [0.16960068047, 0.0255033671856, 0.0194769781083, 0.013314996846, 0.132717102766, 0.0746178030968], "var": [0.0728763192892, 0.0101674459875, 0.00932185724378, 0.0115666976199, 0.0317310243845, 0.0215468239039], "min": [0.00164426735137, 6.6295338911e-05, 0.000120645439893, 0.00295596173964, 0.00131992122624, 0.00147041375749], "dmean": [0.298665970564, 0.0771172866225, 0.0684618428349, 0.0858928859234, 0.215775474906, 0.124116249382], "mean": [0.483394682407, 0.0699289366603, 0.0686720609665, 0.130120739341, 0.142935812473, 0.119209378958], "max": [0.984228312969, 0.811966538429, 0.675861299038, 0.569309234619, 0.662305593491, 0.802375078201], "dmean2": [0.571466386318, 0.138596624136, 0.12056338042, 0.148726522923, 0.422913104296, 0.23419046402], "median": [0.419325441122, 0.0353422351182, 0.0312307849526, 0.103190928698, 0.0453505143523, 0.0559648871422], "dvar": [0.052777916193, 0.00981584843248, 0.00772244110703, 0.00559881003574, 0.0378024689853, 0.0236881133169]}, "bpm_histogram_first_peak_weight": {"dvar2": 0, "var": 0, "min": 0.637540400028, "dmean": 0, "mean": 0.637540400028, "max": 0.637540400028, "dmean2": 0, "median": 0.637540400028, "dvar": 0}, "bpm": 80.0928115845, "beats_count": 310, "bpm_histogram_first_peak_spread": {"dvar2": 0, "var": 0, "min": 0.100456655025, "dmean": 0, "mean": 0.100456655025, "max": 0.100456655025, "dmean2": 0, "median": 0.100456655025, "dvar": 0}, "danceability": 1.45296537876, "bpm_histogram_first_peak_bpm": {"dvar2": 0, "var": 0, "min": 81, "dmean": 0, "mean": 81, "max": 81, "dmean2": 0, "median": 81, "dvar": 0}, "beats_position": [0.766258478165, 1.53251695633, 2.28716540337, 3.04181408882, 3.79646253586, 4.53950119019, 5.2941493988, 6.03718805313, 6.79183673859, 7.53487491608, 8.28952407837, 9.03256225586, 9.78721046448, 10.5418596268, 11.2965078354, 12.0395460129, 12.782585144, 13.5372333527, 14.2802715302, 15.0349206924, 15.7895689011, 16.5326080322, 17.2756462097, 18.0302944183, 18.784942627, 19.5395908356, 20.2826309204, 21.037279129, 21.7803173065, 22.5349655151, 23.2780036926, 24.0326519012, 24.7756919861, 25.5303401947, 26.2849884033, 27.0512466431, 27.7942848206, 28.537322998, 29.2803630829, 30.0466213226, 30.7896595001, 31.5443077087, 32.2873458862, 33.0419960022, 33.7850341797, 34.539680481, 35.2943305969, 36.0373687744, 36.7804069519, 37.5466651917, 38.2897033691, 39.0443534851, 39.7873916626, 40.5420417786, 41.2850799561, 42.0513381958, 42.7943763733, 43.5490226746, 44.2920608521, 45.046710968, 45.7897491455, 46.5443992615, 47.287437439, 48.0420837402, 48.7851219177, 49.5397720337, 50.2944221497, 51.0374603271, 51.7804985046, 52.5467567444, 53.2897949219, 54.0444450378, 54.7874832153, 55.5421295166, 56.2851676941, 57.0514259338, 57.794467926, 58.5491142273, 59.2921524048, 60.0468025208, 60.801448822, 61.5444869995, 62.2991371155, 63.042175293, 63.7968254089, 64.5398635864, 65.2945098877, 66.0375518799, 66.7921981812, 67.5468444824, 68.3014984131, 69.0445327759, 69.7991790771, 70.5422210693, 71.2852630615, 72.0282974243, 72.7713394165, 73.5375976562, 74.303855896, 75.0468902588, 75.789932251, 76.5329666138, 77.2876205444, 78.0422668457, 78.796913147, 79.5399551392, 80.2946014404, 81.0376434326, 81.7922897339, 82.5469360352, 83.2899780273, 84.0446243286, 84.7876663208, 85.5423126221, 86.2853469849, 87.0516052246, 87.7946472168, 88.537689209, 89.2807235718, 90.0469818115, 90.7900238037, 91.544670105, 92.2877044678, 93.0423583984, 93.7853927612, 94.551651001, 95.2946929932, 96.037727356, 96.7807693481, 97.5470275879, 98.2900695801, 99.0447158813, 99.7877502441, 100.542404175, 101.285438538, 102.040092468, 102.79473877, 103.537773132, 104.280815125, 105.047073364, 105.790107727, 106.544761658, 107.287796021, 108.042449951, 108.785484314, 109.528526306, 110.283172607, 111.037818909, 111.780860901, 112.547119141, 113.290153503, 114.044807434, 114.787841797, 115.542495728, 116.28553009, 117.040176392, 117.794830322, 118.561088562, 119.315734863, 120.070381165, 120.825035095, 121.568069458, 122.299499512, 123.042533875, 123.785575867, 124.540222168, 125.28326416, 126.026298523, 126.780952454, 127.535598755, 128.290252686, 129.044891357, 129.78793335, 130.54258728, 131.285614014, 132.040267944, 132.794921875, 133.537963867, 134.292602539, 135.04725647, 135.790298462, 136.533325195, 137.299591064, 138.042633057, 138.797271729, 139.540313721, 140.294967651, 141.037994385, 141.792648315, 142.547302246, 143.301940918, 144.04498291, 144.799636841, 145.542678833, 146.297317505, 147.040359497, 147.795013428, 148.538040161, 149.292694092, 150.047348022, 150.790390015, 151.533416748, 152.288070679, 153.042724609, 153.785751343, 154.528793335, 155.24861145, 155.956817627, 156.665023804, 157.384857178, 158.104675293, 158.847702026, 159.590744019, 160.333786011, 161.088439941, 161.843078613, 162.586120605, 163.340774536, 164.095413208, 164.850067139, 165.418960571, 165.976226807, 166.533508301, 167.090789795, 167.659683228, 168.228561401, 168.785842896, 169.366348267, 169.923629761, 170.480911255, 171.03817749, 171.607070923, 172.175964355, 172.73324585, 173.290512085, 173.871017456, 174.42829895, 174.985580444, 175.554458618, 176.100128174, 176.657409668, 177.214691162, 177.783584595, 178.352462769, 178.909744263, 179.478637695, 180.047531128, 180.604797363, 181.162078857, 181.719360352, 182.276641846, 182.845535278, 183.414413452, 183.983306885, 184.552200317, 185.109481812, 185.666748047, 186.224029541, 186.781311035, 187.361816406, 187.919082642, 188.487976074, 189.056869507, 189.614151001, 190.171432495, 190.72869873, 191.285980225, 191.866485596, 192.43536377, 193.004257202, 193.573150635, 194.153640747, 194.72253418, 195.291427612, 195.860321045, 196.429199219, 197.00970459, 197.601806641, 198.19392395, 198.786026001, 199.366531372, 199.923812866, 200.481079102, 201.049972534, 201.618865967, 202.187744141, 202.768249512, 203.348754883, 203.929244995, 204.509750366, 205.090240479, 205.682357788, 206.2628479, 206.831741333, 207.412246704, 207.981124878, 208.550018311, 209.107299805, 209.676193237, 210.233459473, 210.790740967, 211.359634399, 211.928527832, 212.485794067, 213.043075562, 213.611968994, 214.180862427, 214.738143921, 215.295410156, 215.864303589], "beats_loudness": {"dvar2": 0.000831501733046, "var": 0.000789825513493, "min": 0.00724687427282, "dmean": 0.0203913208097, "mean": 0.0573424249887, "max": 0.12030056119, "dmean2": 0.0336260907352, "median": 0.0546422302723, "dvar": 0.000342569052009}, "bpm_histogram_second_peak_weight": {"dvar2": 0, "var": 0, "min": 0.116504855454, "dmean": 0, "mean": 0.116504855454, "max": 0.116504855454, "dmean2": 0, "median": 0.116504855454, "dvar": 0}, "bpm_histogram_second_peak_spread": {"dvar2": 0, "var": 0, "min": 0.5, "dmean": 0, "mean": 0.5, "max": 0.5, "dmean2": 0, "median": 0.5, "dvar": 0}, "bpm_histogram_second_peak_bpm": {"dvar2": 0, "var": 0, "min": 108, "dmean": 0, "mean": 108, "max": 108, "dmean2": 0, "median": 108, "dvar": 0}, "onset_rate": 4.57223749161}, "lowlevel": {"spectral_energyband_high": {"dvar2": 1.31820224851e-05, "var": 1.92406678252e-05, "min": 6.85161372083e-11, "dmean": 0.00134929805063, "mean": 0.00243600131944, "max": 0.0537324734032, "dmean2": 0.00188116240315, "median": 0.00109569064807, "dvar": 7.18530554877e-06}, "spectral_energyband_middle_low": {"dvar2": 6.72037858749e-05, "var": 4.27491868322e-05, "min": 5.16818711308e-14, "dmean": 0.00352478935383, "mean": 0.00672382442281, "max": 0.0757998377085, "dmean2": 0.0055686486885, "median": 0.00478499149904, "dvar": 2.64347363554e-05}, "spectral_energy": {"dvar2": 0.000480219750898, "var": 0.000823822745588, "min": 1.10801590125e-10, "dmean": 0.00955465715379, "mean": 0.0428742170334, "max": 0.152590513229, "dmean2": 0.0130585692823, "median": 0.0340995825827, "dvar": 0.000241183923208}, "spectral_spread": {"dvar2": 1679852568580.0, "var": 4397300187140.0, "min": 1468136.125, "dmean": 807072.0625, "mean": 6277140, "max": 21703882, "dmean2": 1131707.25, "median": 5886810.5, "dvar": 950021849088}, "spectral_energyband_low": {"dvar2": 0.000522808171809, "var": 0.000824054877739, "min": 4.21467924444e-15, "dmean": 0.00639889203012, "mean": 0.0255650039762, "max": 0.141497462988, "dmean2": 0.00830180943012, "median": 0.0109765762463, "dvar": 0.000254889513599}, "spectral_rolloff": {"dvar2": 3982150.25, "var": 5362869, "min": 64.599609375, "dmean": 733.549377441, "mean": 1871.24194336, "max": 21447.0703125, "dmean2": 1188.97265625, "median": 1141.25976562, "dvar": 2100682}, "barkbands": {"dvar2": [2.12018107959e-06, 0.000447704514954, 8.11271384009e-05, 1.4534980437e-05, 1.15762113637e-05, 1.18474563351e-05, 1.34292449729e-05, 9.45244391914e-06, 6.06882395005e-06, 8.22962738312e-06, 2.38365464611e-06, 2.93556604447e-06, 2.14897681872e-06, 2.39536257141e-06, 4.08882078773e-06, 9.45328247326e-06, 1.97214058062e-06, 4.48744685855e-07, 6.83576899974e-07, 2.45518378961e-07, 2.81113585743e-07, 5.53556333216e-07, 6.6848969027e-07, 1.85730436897e-06, 1.25102394577e-06, 1.47787943661e-07, 1.66201519214e-09], "var": [9.47610351432e-06, 0.00063244253397, 1.74647193489e-05, 2.98206919069e-06, 1.1128816368e-05, 8.53308210935e-06, 8.08744243841e-06, 4.20668902734e-06, 5.18381602888e-06, 8.31211946206e-06, 2.55805730376e-06, 2.52613654084e-06, 1.21597781799e-06, 2.61090667664e-06, 2.26241763812e-06, 6.58421276967e-06, 1.41985765367e-06, 3.62501140216e-07, 3.4871140997e-07, 2.29670959584e-07, 1.48386973819e-07, 4.66460306825e-07, 6.64660433358e-07, 2.11820292861e-06, 2.31767580772e-06, 1.87257469975e-07, 1.09642683821e-09], "min": [2.87905704678e-16, 2.15500203381e-16, 7.47746180397e-16, 1.57491578152e-15, 1.24384194266e-15, 2.64063220109e-15, 3.14727204123e-15, 2.54132097615e-15, 1.86312329463e-15, 4.06884346433e-15, 4.86523993497e-15, 7.30075061414e-15, 6.94152436472e-15, 8.58389880308e-15, 1.29900218932e-14, 4.24994927285e-15, 1.02996792342e-14, 7.33504443707e-15, 7.63586649423e-15, 7.85300762542e-15, 1.82608732958e-14, 8.18751601348e-14, 1.46195731844e-13, 1.14623024614e-12, 3.77421097847e-12, 1.54512565936e-11, 5.65296628952e-11], "dmean": [0.000575098558329, 0.00567191792652, 0.00132696621586, 0.000616598990746, 0.00126641138922, 0.00072218378773, 0.000911603099667, 0.000808390788734, 0.000672325200867, 0.00124070351012, 0.000428872735938, 0.000476768473163, 0.000406790612033, 0.000540468550753, 0.000426175043685, 0.000798887456767, 0.000474511791253, 0.000217910608626, 0.000212404353078, 0.000172480431502, 0.000171506893821, 0.000272384466371, 0.00030058217817, 0.00038134213537, 0.000276455743005, 7.70696715335e-05, 1.45655303641e-05], "mean": [0.00251215649769, 0.0212739463896, 0.00158441578969, 0.000480003509438, 0.00207217759453, 0.000969181943219, 0.00109503557906, 0.000908583402634, 0.000936142518185, 0.00236644060351, 0.00066651328234, 0.000711035449058, 0.000618857971858, 0.000851407530718, 0.000613608455751, 0.00118446559645, 0.000763590855058, 0.000354932504706, 0.000302426866256, 0.000271911820164, 0.000234494145843, 0.000411676010117, 0.000508114229888, 0.00058622949291, 0.000449427607236, 0.000118850228318, 2.50673947448e-05], "max": [0.0146807143465, 0.128666341305, 0.0720991119742, 0.0427127145231, 0.0378287807107, 0.0587717853487, 0.0457746945322, 0.0322558283806, 0.0341391712427, 0.0591945536435, 0.0267412494868, 0.0217256769538, 0.0247696246952, 0.0175572745502, 0.0169697329402, 0.0243228767067, 0.010266222991, 0.00772363925353, 0.00662113819271, 0.00715112080798, 0.006705859676, 0.0134042743593, 0.0138999531046, 0.02206787467, 0.0289439242333, 0.0162978600711, 0.00051623408217], "dmean2": [0.000669196480885, 0.00739122042432, 0.0024955063127, 0.00112829625141, 0.00195133278612, 0.00114026677329, 0.00141638109926, 0.00132553477306, 0.0010357121937, 0.00185092480388, 0.000652186921798, 0.000741660827771, 0.00066178344423, 0.000836234074086, 0.000700732693076, 0.00118080619723, 0.000716973328963, 0.00034058833262, 0.000339582853485, 0.000264660338871, 0.000261572509771, 0.000405412225518, 0.000439513823949, 0.000559185806196, 0.000380820187274, 0.000112273468403, 2.19671583181e-05], "median": [0.00110552576371, 0.0083101503551, 5.69377407373e-05, 7.91926286183e-05, 0.000709851738065, 0.000234163249843, 0.000230360979913, 0.000218501663767, 0.000172619620571, 0.00114216422662, 0.000221153823077, 0.000228372780839, 0.000213161358261, 0.000177650639671, 0.000114671594929, 0.00019542031805, 0.000335167889716, 0.000119510361401, 0.00010441813356, 9.22689505387e-05, 9.37295408221e-05, 0.00018349828315, 0.000249626522418, 0.000179280788871, 0.000101017038105, 3.84406157536e-05, 1.88935155165e-05], "dvar": [1.33682260639e-06, 0.000211014630622, 2.75824950222e-05, 5.01239128425e-06, 5.05150183017e-06, 5.19618470207e-06, 5.93872437094e-06, 3.74755336452e-06, 2.90705816042e-06, 4.12046529163e-06, 1.18906359603e-06, 1.30708349388e-06, 8.86780242126e-07, 1.25156770991e-06, 1.60121589943e-06, 3.99805412599e-06, 8.31480065244e-07, 1.92207366467e-07, 2.66150863126e-07, 1.07602637911e-07, 1.19661336839e-07, 2.52289737546e-07, 3.24714704902e-07, 9.41476343996e-07, 7.51998982196e-07, 7.95276946519e-08, 7.391934842e-10]}, "melbands_skewness": {"dvar2": 4.62147474289, "var": 7.27426290512, "min": -1.90858113766, "dmean": 1.02886211872, "mean": 3.2002594471, "max": 21.9430541992, "dmean2": 1.51139891148, "median": 2.3086836338, "dvar": 2.23330998421}, "barkbands_skewness": {"dvar2": 1.58179652691, "var": 2.72280097008, "min": -11.8865461349, "dmean": 0.650470077991, "mean": 1.60118329525, "max": 11.5172491074, "dmean2": 0.960415124893, "median": 1.21275436878, "dvar": 0.75636690855}, "erbbands": {"dvar2": [0.68917286396, 25.7936229706, 108.814041138, 152.543167114, 123.145584106, 210.366195679, 387.252044678, 1240.63696289, 2564.49902344, 3514.62011719, 3755.93041992, 3468.06860352, 4882.36865234, 7057.20556641, 3501.0612793, 4608.45605469, 3011.4230957, 6613.12646484, 6701.89794922, 15990.671875, 29109.7617188, 4739.72900391, 1538.78125, 1864.28259277, 1162.12255859, 503.801544189, 198.114456177, 819.953674316, 756.116760254, 610.536865234, 565.98638916, 732.966674805, 695.259643555, 187.741699219, 75.2872314453, 9.35410690308, 0.154533997178, 0.00214480073191, 7.51951156417e-05, 2.05207570048e-07], "var": [1.91143286228, 12.6614923477, 26.8555583954, 30.1922473907, 38.4168395996, 260.429840088, 276.179199219, 889.3125, 1475.0847168, 2477.99731445, 1586.52429199, 2668.3581543, 5038.75976562, 8106.31445312, 3361.34838867, 4022.88232422, 1923.31640625, 8496.99316406, 4017.12109375, 9830.28808594, 22098.8789062, 4219.00244141, 1296.84521484, 777.059570312, 1019.39880371, 431.452575684, 137.872619629, 388.229675293, 576.639221191, 604.159057617, 562.224243164, 670.104492188, 783.621398926, 327.395935059, 118.660446167, 11.6607494354, 0.23215252161, 0.00200411351398, 4.83807816636e-05, 1.34616556124e-07], "min": [2.59114358117e-14, 6.19392436104e-14, 6.90868423667e-13, 5.01220375967e-12, 4.740596804e-12, 6.31021146794e-12, 1.74298665778e-11, 2.42310286419e-11, 5.0554057468e-11, 6.41865588458e-11, 8.09681141578e-11, 6.18093284888e-11, 2.06320932561e-10, 1.02952174563e-10, 2.11400785766e-10, 4.03858863018e-10, 4.36524622005e-10, 3.21313226026e-10, 7.82757303419e-10, 5.95990534702e-10, 4.50682241526e-10, 5.6806298554e-10, 4.30916413663e-10, 5.04112585009e-10, 3.69535096967e-10, 3.15267784101e-10, 6.05627548111e-10, 8.78161154905e-10, 2.60301602495e-09, 2.87821544376e-09, 5.16638332115e-09, 1.62561804018e-08, 2.46490721167e-08, 3.52861526665e-08, 3.15465911171e-08, 4.3075431222e-08, 2.99492342037e-08, 2.22676579398e-08, 7.2206871593e-09, 9.10772013363e-10], "dmean": [0.260910540819, 1.09288597107, 1.63467383385, 1.83615279198, 2.73007941246, 5.20582294464, 5.63744497299, 6.43594646454, 10.1825857162, 16.8197917938, 14.972158432, 14.67740345, 23.1604156494, 36.7387084961, 16.3746833801, 18.6438312531, 15.8419046402, 26.8068523407, 19.1453514099, 27.02227211, 45.5245513916, 24.5692214966, 13.1004009247, 9.56367206573, 10.7328882217, 7.65284824371, 5.52056598663, 8.31924629211, 9.95260906219, 8.96102428436, 8.44036960602, 8.34263706207, 6.38601779938, 3.61665534973, 1.73092412949, 0.556230902672, 0.0964956730604, 0.0146367484704, 0.0027938853018, 0.00016632664483], "mean": [1.10597407818, 2.72437620163, 2.44869995117, 1.48449158669, 3.22645449638, 8.54743480682, 7.32503318787, 8.93137645721, 12.4526042938, 21.5596065521, 17.5862846375, 20.7022190094, 44.6467094421, 71.1183547974, 28.5559520721, 29.4265613556, 26.1681423187, 44.7071075439, 29.2073745728, 41.8191795349, 70.7828445435, 43.8746566772, 23.4842319489, 14.2861404419, 17.3299503326, 12.2394142151, 8.1270980835, 11.3169746399, 14.863442421, 15.1735725403, 13.7400398254, 12.6116571426, 9.52649211884, 5.70913553238, 2.76497030258, 0.867704808712, 0.150109529495, 0.0233170762658, 0.00462266849354, 0.000317517900839], "max": [5.93963098526, 27.4111156464, 77.2888183594, 117.500701904, 110.602867126, 173.774215698, 216.610061646, 572.69708252, 813.504150391, 640.236938477, 739.62878418, 970.155822754, 1718.0357666, 1501.51586914, 955.656738281, 1118.05505371, 833.772583008, 991.851745605, 869.609985352, 1043.51818848, 1628.89123535, 644.649291992, 426.716278076, 451.041778564, 402.677215576, 269.866943359, 119.002738953, 439.072540283, 407.804992676, 548.818115234, 401.69418335, 357.960998535, 473.844116211, 288.360809326, 340.013885498, 133.907592773, 15.1647195816, 0.889917850494, 0.0740443468094, 0.00554928788915], "dmean2": [0.300149142742, 1.65039277077, 2.97765398026, 3.43031263351, 4.65297651291, 7.82018518448, 8.87955284119, 10.0714664459, 15.7548427582, 26.4392051697, 24.5355567932, 22.4326610565, 33.7905082703, 54.5034980774, 24.5561561584, 28.8538684845, 25.2663803101, 41.2203102112, 29.7605342865, 43.0361099243, 66.580657959, 36.2173728943, 19.9467411041, 15.2528553009, 16.4161643982, 11.7179431915, 8.29164600372, 12.94414711, 14.8249177933, 13.1815500259, 12.3525352478, 12.3066129684, 9.37563037872, 5.02780532837, 2.45940089226, 0.813555896282, 0.138218358159, 0.0210936367512, 0.00430271634832, 0.000248716154601], "median": [0.458057761192, 1.53370630741, 0.34643727541, 0.384462893009, 1.13835120201, 2.13170862198, 1.91601717472, 2.46259260178, 3.14811420441, 5.44175672531, 5.32381629944, 4.53725624084, 25.1431922913, 33.7610397339, 11.9183521271, 10.1763019562, 10.2501745224, 9.36165809631, 8.03236103058, 8.46255111694, 13.3030853271, 20.2253189087, 9.85297870636, 5.84592294693, 5.69255828857, 4.49640464783, 3.75051021576, 4.5077085495, 6.6979765892, 8.41118240356, 6.00988197327, 4.42486715317, 2.4970946312, 1.23758029938, 0.640050530434, 0.227386429906, 0.0551583021879, 0.0120118660852, 0.00291088782251, 0.000276033824775], "dvar": [0.404872536659, 9.88571929932, 37.5924758911, 52.1089248657, 43.8826942444, 100.203720093, 172.075790405, 562.054504395, 1125.43664551, 1589.11181641, 1457.56713867, 1636.30407715, 2456.93530273, 3723.60058594, 1670.77075195, 2062.18432617, 1278.90673828, 3665.41625977, 2752.53686523, 6436.45214844, 12754.9335938, 2081.90527344, 653.722106934, 700.932189941, 504.654968262, 213.885070801, 91.1373443604, 335.257751465, 343.138031006, 287.969207764, 276.74822998, 343.965911865, 352.223602295, 109.533859253, 43.2830734253, 4.97819519043, 0.089048653841, 0.00104033667594, 3.32634081133e-05, 8.92008245046e-08]}, "silence_rate_30dB": {"dvar2": 0.109151132405, "var": 0.0456751734018, "min": 0, "dmean": 0.0511003769934, "mean": 0.952018022537, "max": 1, "dmean2": 0.102211721241, "median": 1, "dvar": 0.0484945960343}, "melbands_spread": {"dvar2": 462.439056396, "var": 735.587280273, "min": 0.380680948496, "dmean": 10.2348957062, "mean": 32.170539856, "max": 295.255645752, "dmean2": 14.6719303131, "median": 26.4282569885, "dvar": 237.044128418}, "melbands_crest": {"dvar2": 23.2936649323, "var": 62.7165641785, "min": 4.07251548767, "dmean": 2.96920013428, "mean": 21.7119235992, "max": 36.4792709351, "dmean2": 4.28816604614, "median": 20.8030014038, "dvar": 11.8498754501}, "zerocrossingrate": {"dvar2": 0.000431783206295, "var": 0.00318198977038, "min": 0.00146484375, "dmean": 0.0162521917373, "mean": 0.0745023563504, "max": 0.76806640625, "dmean2": 0.0174139309675, "median": 0.06298828125, "dvar": 0.000421467993874}, "barkbands_kurtosis": {"dvar2": 172.820129395, "var": 170.568664551, "min": -1.94680833817, "dmean": 3.89900112152, "mean": 5.30177211761, "max": 225.212432861, "dmean2": 6.14936542511, "median": 1.12206411362, "dvar": 77.2855148315}, "spectral_flux": {"dvar2": 0.00379182863981, "var": 0.00319137517363, "min": 8.4448574853e-06, "dmean": 0.0333693474531, "mean": 0.0945231467485, "max": 0.365208804607, "dmean2": 0.0525509528816, "median": 0.0842931121588, "dvar": 0.00194412982091}, "barkbands_crest": {"dvar2": 15.6295614243, "var": 28.8737125397, "min": 2.64489340782, "dmean": 2.26337957382, "mean": 12.5039196014, "max": 24.679807663, "dmean2": 3.44603705406, "median": 11.2953224182, "dvar": 7.19695806503}, "barkbands_flatness_db": {"dvar2": 0.00106555072125, "var": 0.00316560384817, "min": 0.0223734136671, "dmean": 0.0209620725363, "mean": 0.139611646533, "max": 0.466282695532, "dmean2": 0.0303638856858, "median": 0.129777401686, "dvar": 0.000555306207389}, "spectral_entropy": {"dvar2": 0.0773875713348, "var": 0.186516135931, "min": 4.5643286705, "dmean": 0.193290695548, "mean": 7.87528181076, "max": 9.46940231323, "dmean2": 0.27047380805, "median": 7.86868190765, "dvar": 0.0420437753201}, "pitch_salience": {"dvar2": 0.0167441219091, "var": 0.0199032295495, "min": 0.0278474800289, "dmean": 0.0705755278468, "mean": 0.432266891003, "max": 0.831051230431, "dmean2": 0.112199865282, "median": 0.449531018734, "dvar": 0.00719721848145}, "erbbands_spread": {"dvar2": 445.473175049, "var": 477.551849365, "min": 4.64568328857, "dmean": 11.7382526398, "mean": 40.9022941589, "max": 163.667449951, "dmean2": 17.8937644958, "median": 35.9727478027, "dvar": 193.268798828}, "dynamic_complexity": 1.84174418449, "spectral_contrast_valleys": {"dvar2": [0.509911179543, 0.381874889135, 0.226190701127, 0.23199377954, 0.198746025562, 0.290578395128], "var": [0.976809799671, 0.754149794579, 0.641829490662, 0.747008502483, 0.611722230911, 0.816687524319], "min": [-21.1817436218, -18.8072662354, -19.5194225311, -18.9913787842, -18.8968276978, -18.8470020294], "dmean": [0.417771965265, 0.409614384174, 0.326937884092, 0.299696296453, 0.304371953011, 0.38764411211], "mean": [-7.57476949692, -7.20676279068, -7.08766269684, -7.52265405655, -7.4735827446, -9.25466823578], "max": [-5.01280736923, -4.89993095398, -5.24857568741, -5.18237066269, -5.39507198334, -6.95845985413], "dmean2": [0.666388869286, 0.659673333168, 0.524134218693, 0.462116569281, 0.425161898136, 0.495321005583], "median": [-7.54283714294, -7.08989238739, -6.96106767654, -7.48557758331, -7.47904491425, -9.25839710236], "dvar": [0.227147892118, 0.162634715438, 0.100841298699, 0.116600997746, 0.113607689738, 0.180118307471]}, "hfc": {"dvar2": 1195.56726074, "var": 1745.53295898, "min": 1.99810074264e-06, "dmean": 14.8425016403, "mean": 37.3205451965, "max": 603.489074707, "dmean2": 20.5831775665, "median": 27.6241207123, "dvar": 622.552246094}, "spectral_kurtosis": {"dvar2": 2.47504973412, "var": 4.60839033127, "min": -1.33626937866, "dmean": 0.99061691761, "mean": 2.81176948547, "max": 22.5949878693, "dmean2": 1.45032703876, "median": 2.60467457771, "dvar": 1.22301495075}, "mfcc": {"mean": [-616.774719238, 86.8587112427, 11.573882103, 7.42693185806, 11.3996391296, 13.8125553131, 3.62884807587, 23.3657455444, 10.6882629395, 6.05248737335, 1.16627657413, 5.06438827515, 5.93949317932], "cov": [[2950.70629883, -342.132720947, -271.884918213, 18.6810054779, -52.3285140991, -49.1467056274, -109.750526428, -178.02142334, -42.2901954651, 82.0528869629, 101.85723114, -14.431640625, 88.0962905884], [-342.132720947, 949.758483887, -214.815933228, -16.1940612793, 7.20499849319, -15.2104082108, -34.8734474182, -6.46870231628, -47.0038528442, -17.7561683655, 9.00954723358, 10.198340416, -14.4633617401], [-271.884918213, -214.815933228, 792.280578613, 66.1135940552, -25.8210678101, 82.7476425171, 114.628089905, 55.1965827942, 37.1535758972, -39.5195503235, -16.5080070496, 16.6957626343, -14.8296432495], [18.6810054779, -16.1940612793, 66.1135940552, 295.580444336, 52.6787261963, 28.6865711212, -22.9164810181, -1.59148061275, -9.48511505127, -13.3696460724, -41.3321723938, -25.6100673676, -5.02949380875], [-52.3285140991, 7.20499849319, -25.8210678101, 52.6787261963, 237.000610352, 49.958278656, -33.9028968811, -25.1791248322, -5.54049730301, 27.9996032715, -26.6191444397, -18.7703876495, -1.64905834198], [-49.1467056274, -15.2104082108, 82.7476425171, 28.6865711212, 49.958278656, 245.30329895, 107.269706726, 9.99152565002, 45.3111839294, 47.6559295654, 54.8266830444, 22.1610851288, -14.4120941162], [-109.750526428, -34.8734474182, 114.628089905, -22.9164810181, -33.9028968811, 107.269706726, 272.389770508, 89.5438308716, 67.5080032349, 33.4494476318, 14.9456567764, 15.3325195312, -13.3809499741], [-178.02142334, -6.46870231628, 55.1965827942, -1.59148061275, -25.1791248322, 9.99152565002, 89.5438308716, 217.062393188, 97.5741424561, -4.8441491127, -18.7083873749, -10.8621196747, 26.6506500244], [-42.2901954651, -47.0038528442, 37.1535758972, -9.48511505127, -5.54049730301, 45.3111839294, 67.5080032349, 97.5741424561, 171.360702515, 57.7797241211, 23.080997467, 8.64120578766, 6.73426818848], [82.0528869629, -17.7561683655, -39.5195503235, -13.3696460724, 27.9996032715, 47.6559295654, 33.4494476318, -4.8441491127, 57.7797241211, 161.888595581, 78.7776870728, 22.8605651855, 3.73457598686], [101.85723114, 9.00954723358, -16.5080070496, -41.3321723938, -26.6191444397, 54.8266830444, 14.9456567764, -18.7083873749, 23.080997467, 78.7776870728, 178.285324097, 65.9621582031, 15.1454772949], [-14.431640625, 10.198340416, 16.6957626343, -25.6100673676, -18.7703876495, 22.1610851288, 15.3325195312, -10.8621196747, 8.64120578766, 22.8605651855, 65.9621582031, 105.382102966, 25.2023563385], [88.0962905884, -14.4633617401, -14.8296432495, -5.02949380875, -1.64905834198, -14.4120941162, -13.3809499741, 26.6506500244, 6.73426818848, 3.73457598686, 15.1454772949, 25.2023563385, 125.767669678]], "icov": [[0.000424555386417, 0.000177396010258, 0.000155687579536, -0.000102124002296, 0.00016618972586, 3.85287021345e-05, -2.53162420449e-06, 0.000392330781324, -5.03489209223e-05, -9.30311871343e-05, -0.000245970004471, 0.000320221472066, -0.000368614360923], [0.000177396010258, 0.00123041670304, 0.000398576288717, -4.75605083921e-05, 2.55930863204e-05, -6.57767450321e-05, 4.95633794344e-05, -0.000124961137772, 0.00034814683022, 0.000124319718452, -0.00019077018078, -0.000134678106406, 0.000114512826258], [0.000155687579536, 0.000398576288717, 0.00160638976377, -0.000390320172301, 0.000191530634766, -0.00033264682861, -0.000455537403468, -3.73149441657e-06, -0.00012656574836, 0.00057605461916, -6.31804959994e-06, -0.000327200134052, 8.33033845993e-05], [-0.000102124002296, -4.75605083921e-05, -0.000390320172301, 0.00385000510141, -0.000552689074539, -0.000747274258174, 0.000641590100713, -0.0002738837793, 0.00024577244767, -0.000115351969725, 0.000855025544297, 0.000390977918869, 1.63758213603e-05], [0.00016618972586, 2.55930863204e-05, 0.000191530634766, -0.000552689074539, 0.00540672056377, -0.00176489166915, 0.00119175377768, 0.000355181458872, 0.000288715353236, -0.0016973343445, 0.00165884685703, 0.000467129662866, -0.000451236934168], [3.85287021345e-05, -6.57767450321e-05, -0.00033264682861, -0.000747274258174, -0.00176489166915, 0.006380781997, -0.00257360748947, 0.000891989388037, -0.00101538619492, 0.000205589138204, -0.00211815210059, -5.14439343533e-05, 0.00045520925778], [-2.53162420449e-06, 4.95633794344e-05, -0.000455537403468, 0.000641590100713, 0.00119175377768, -0.00257360748947, 0.0059680598788, -0.00217508734204, 3.4688753658e-05, -0.00126124953385, 0.00109954224899, -0.000736050307751, 0.000846680544782], [0.000392330781324, -0.000124961137772, -3.73149441657e-06, -0.0002738837793, 0.000355181458872, 0.000891989388037, -0.00217508734204, 0.00827043410391, -0.00455292453989, 0.00156512332615, 4.94779887958e-05, 0.0015989637468, -0.00230671837926], [-5.03489209223e-05, 0.00034814683022, -0.00012656574836, 0.00024577244767, 0.000288715353236, -0.00101538619492, 3.4688753658e-05, -0.00455292453989, 0.00995503552258, -0.00349829439074, 0.000357002776582, -0.000587795453612, 0.000571741198655], [-9.30311871343e-05, 0.000124319718452, 0.00057605461916, -0.000115351969725, -0.0016973343445, 0.000205589138204, -0.00126124953385, 0.00156512332615, -0.00349829439074, 0.0101234288886, -0.00420827278867, 0.000591259275097, -4.67614954687e-05], [-0.000245970004471, -0.00019077018078, -6.31804959994e-06, 0.000855025544297, 0.00165884685703, -0.00211815210059, 0.00109954224899, 4.94779887958e-05, 0.000357002776582, -0.00420827278867, 0.0103672556579, -0.00479930825531, -0.000111569570436], [0.000320221472066, -0.000134678106406, -0.000327200134052, 0.000390977918869, 0.000467129662866, -5.14439343533e-05, -0.000736050307751, 0.0015989637468, -0.000587795453612, 0.000591259275097, -0.00479930825531, 0.0136584769934, -0.00282477471046], [-0.000368614360923, 0.000114512826258, 8.33033845993e-05, 1.63758213603e-05, -0.000451236934168, 0.00045520925778, 0.000846680544782, -0.00230671837926, 0.000571741198655, -4.67614954687e-05, -0.000111569570436, -0.00282477471046, 0.00940841156989]]}, "silence_rate_20dB": {"dvar2": 0, "var": 0, "min": 1, "dmean": 0, "mean": 1, "max": 1, "dmean2": 0, "median": 1, "dvar": 0}, "melbands_kurtosis": {"dvar2": 2439.06542969, "var": 1709.36962891, "min": -1.82653224468, "dmean": 13.7172012329, "mean": 21.8423595428, "max": 624.747436523, "dmean2": 21.68009758, "median": 6.34904670715, "dvar": 1022.37487793}, "barkbands_spread": {"dvar2": 220.513946533, "var": 380.052612305, "min": 0.522795975208, "dmean": 8.59099960327, "mean": 31.873041153, "max": 123.776916504, "dmean2": 12.4453392029, "median": 28.1348209381, "dvar": 115.459823608}, "erbbands_skewness": {"dvar2": 0.439008653164, "var": 0.743716537952, "min": -4.57673788071, "dmean": 0.456905603409, "mean": 0.251239269972, "max": 6.34121179581, "dmean2": 0.67181712389, "median": 0.239245921373, "dvar": 0.211934089661}, "average_loudness": 0.954428851604, "spectral_centroid": {"dvar2": 462177.6875, "var": 637620.1875, "min": 193.351745605, "dmean": 393.703887939, "mean": 1758.9095459, "max": 8380.27441406, "dmean2": 570.250854492, "median": 1646.02148438, "dvar": 222640.140625}, "dissonance": {"dvar2": 0.00116290675942, "var": 0.000880507461261, "min": 0.229070499539, "dmean": 0.020155729726, "mean": 0.464245289564, "max": 0.499997407198, "dmean2": 0.0338272824883, "median": 0.472731232643, "dvar": 0.000459191884147}, "erbbands_flatness_db": {"dvar2": 0.000673386792187, "var": 0.00134790688753, "min": 0.0570110194385, "dmean": 0.0187580026686, "mean": 0.138963788748, "max": 0.352890402079, "dmean2": 0.0275040697306, "median": 0.137274131179, "dvar": 0.000323080515955}, "spectral_strongpeak": {"dvar2": 2.82988977432, "var": 1.34628379345, "min": 0, "dmean": 0.424714356661, "mean": 0.805854439735, "max": 24.3155250549, "dmean2": 0.736981332302, "median": 0.421224057674, "dvar": 1.15033876896}, "spectral_rms": {"dvar2": 1.94628546524e-06, "var": 4.24051950176e-06, "min": 3.28784295789e-07, "dmean": 0.000710756808985, "mean": 0.00613091792911, "max": 0.0122011806816, "dmean2": 0.000958799326327, "median": 0.00576783157885, "dvar": 1.03183151623e-06}, "silence_rate_60dB": {"dvar2": 0.00779852084816, "var": 0.00384967005812, "min": 0, "dmean": 0.00322061195038, "mean": 0.00386431952938, "max": 1, "dmean2": 0.00633455021307, "median": 0, "dvar": 0.00320981862023}, "melbands": {"dvar2": [3.97910225729e-05, 3.03351935145e-05, 4.44134593636e-06, 6.14686030076e-07, 4.08461460211e-07, 5.29824262685e-07, 5.30193631221e-07, 4.06094386562e-07, 2.26180148388e-07, 1.43817189269e-07, 1.29000369498e-07, 1.41680018828e-07, 4.66994940496e-08, 4.26904129824e-08, 3.36177201632e-08, 1.99047676119e-08, 2.21274607526e-08, 1.75727965512e-08, 3.21013153837e-08, 3.40611876481e-08, 4.31700364345e-08, 7.19711801267e-09, 2.28892882426e-09, 8.9693980021e-10, 1.59184654347e-09, 7.38586192206e-10, 6.01134031442e-10, 2.23362800478e-10, 7.449585393e-11, 1.2915540859e-10, 3.44749562231e-10, 2.63773558551e-10, 2.6521648766e-10, 1.98951910502e-10, 1.73293407402e-10, 3.63526625469e-10, 3.02168456923e-10, 4.05700334438e-10, 2.90452994989e-10, 1.4708537166e-10], "var": [8.12913203845e-05, 9.24064534047e-06, 8.96267522421e-07, 5.42520183444e-07, 3.52495135303e-07, 4.04976162827e-07, 3.13331128154e-07, 2.66732826049e-07, 1.04927366351e-07, 1.18659762904e-07, 1.34121975748e-07, 1.58002052331e-07, 4.99382188934e-08, 3.4650774694e-08, 2.30326619999e-08, 2.0575935622e-08, 2.65412900546e-08, 1.11710383166e-08, 1.71813336891e-08, 2.15747917309e-08, 3.09909928831e-08, 5.3992637028e-09, 2.20301532572e-09, 6.45129338839e-10, 5.83691484035e-10, 5.67991931266e-10, 6.56915633002e-10, 1.47632225889e-10, 5.36347320723e-11, 7.25869989116e-11, 1.56220494874e-10, 1.86628421051e-10, 2.17157486437e-10, 1.86041973493e-10, 1.70712596836e-10, 2.92690455206e-10, 2.52954490687e-10, 3.94252047675e-10, 3.83925613523e-10, 2.19484624919e-10], "min": [4.75396500493e-16, 3.65980437196e-16, 7.64798118295e-16, 3.27542108519e-16, 4.963361608e-16, 6.06690207207e-16, 6.63102707373e-16, 7.08369048047e-16, 5.72512057208e-16, 2.74183215067e-16, 8.92151745377e-16, 2.97292417921e-16, 6.87636063778e-16, 7.94119434314e-16, 8.74885666961e-16, 6.26132313264e-16, 4.03365003947e-16, 1.21224602554e-15, 8.21398924474e-16, 4.99149210158e-16, 6.00529471884e-16, 6.49986825702e-16, 3.84065993518e-16, 4.42746212642e-16, 3.68136691912e-16, 3.23590673351e-16, 2.15834344644e-16, 1.67821182002e-16, 3.08158977131e-16, 3.67226369722e-16, 5.20766708582e-16, 1.28519334999e-15, 1.65619896896e-15, 1.54436150317e-15, 2.33137094292e-15, 4.65138063293e-15, 1.23278471104e-14, 1.63073053054e-14, 2.15527330141e-14, 3.06278643398e-14], "dmean": [0.00183818757068, 0.00099792634137, 0.000339152757078, 0.000265672453679, 0.00021246788674, 0.000141603581142, 0.000165490229847, 0.000186540273717, 0.000113769790914, 9.90472253761e-05, 0.000123994643218, 0.00016506605607, 5.84931949561e-05, 5.40499859198e-05, 4.36585687567e-05, 4.63596807094e-05, 4.95443455293e-05, 3.26851113641e-05, 3.59548175766e-05, 4.49260296591e-05, 5.51964549231e-05, 2.84485995508e-05, 1.83924094017e-05, 9.08586207515e-06, 8.23772643344e-06, 8.01068563305e-06, 7.95022879174e-06, 4.86070575789e-06, 3.58595593752e-06, 3.71159921997e-06, 5.38311542186e-06, 5.88301054449e-06, 5.43572377865e-06, 5.12688438903e-06, 4.67887002742e-06, 5.99088616582e-06, 5.00210353493e-06, 4.79702339362e-06, 3.93914979213e-06, 2.94966207548e-06], "mean": [0.00739559158683, 0.00197925721295, 0.000300162209896, 0.000424941565143, 0.000301458552713, 0.000196377499378, 0.000204695345019, 0.000237070707954, 0.000130073938635, 0.000136996473884, 0.000238360720687, 0.000315859826514, 9.41488906392e-05, 8.14097511466e-05, 6.35403412161e-05, 7.46098885429e-05, 7.9629222455e-05, 4.54873625131e-05, 5.14664534421e-05, 6.46536718705e-05, 8.27151161502e-05, 4.59463117295e-05, 3.1096937164e-05, 1.4687928342e-05, 1.08576641651e-05, 1.19135083878e-05, 1.25938731799e-05, 6.9713873927e-06, 5.09408755534e-06, 4.83960911879e-06, 7.11073926141e-06, 8.50618016557e-06, 7.82097868068e-06, 8.90871979209e-06, 7.5838183875e-06, 8.36851268105e-06, 7.3571586654e-06, 6.78099377183e-06, 5.89516685068e-06, 4.48642686024e-06], "max": [0.0412033237517, 0.0343582928181, 0.0210591331124, 0.00819895882159, 0.00773218460381, 0.0120895002037, 0.0105627607554, 0.00635703792796, 0.00614711549133, 0.0062243626453, 0.00893342494965, 0.00734309805557, 0.00340161449276, 0.00273709138855, 0.00403098436072, 0.0013219214743, 0.00196356442757, 0.00182786316145, 0.0015142026823, 0.00138541543856, 0.0019398285076, 0.000883533852175, 0.000582875509281, 0.000459465751192, 0.000422224577051, 0.0003736980143, 0.000356715987436, 0.000162144031492, 7.7351280197e-05, 0.000155712870765, 0.000298790808301, 0.000245801755227, 0.000309299153741, 0.000327474845108, 0.000244705443038, 0.000273693731287, 0.000285672635073, 0.000352180009941, 0.00042185705388, 0.000294188706903], "dmean2": [0.00226104236208, 0.00167646759655, 0.00062427733792, 0.000412429275457, 0.00032913684845, 0.000220810034079, 0.00025513410219, 0.000295289384667, 0.000186260876944, 0.000150781255797, 0.000182070740266, 0.000245455070399, 8.81851956365e-05, 8.32983932924e-05, 6.91316527082e-05, 7.24633428035e-05, 7.6159281889e-05, 5.13520353707e-05, 5.86490241403e-05, 6.77493662806e-05, 8.21327703306e-05, 4.30403379141e-05, 2.76884602499e-05, 1.44670530062e-05, 1.34569354486e-05, 1.25695032693e-05, 1.19640490084e-05, 7.64707328926e-06, 5.40133351024e-06, 5.68617133467e-06, 8.52224820846e-06, 8.83119264472e-06, 8.25676124805e-06, 7.59917475079e-06, 6.91574359735e-06, 9.07717821974e-06, 7.54324810259e-06, 7.20962680134e-06, 5.65473783354e-06, 4.17305955125e-06], "median": [0.00294379610568, 0.00123907648958, 0.000100711753475, 0.000125214079162, 8.68471106514e-05, 4.88430341647e-05, 5.23908311152e-05, 6.06299254287e-05, 3.25631444866e-05, 2.35599909502e-05, 0.000132217537612, 0.000145204074215, 3.16367077176e-05, 2.80978292722e-05, 2.17787237489e-05, 2.06535078178e-05, 1.52018292283e-05, 1.06978222902e-05, 9.23765583138e-06, 1.15848743008e-05, 1.44337991514e-05, 1.81257346412e-05, 1.3286077774e-05, 5.05399384565e-06, 3.85125622415e-06, 3.82398229704e-06, 3.38905920216e-06, 2.43588010562e-06, 2.27350074056e-06, 1.61045409186e-06, 2.81559141513e-06, 3.74769797418e-06, 2.99407702187e-06, 5.09319716002e-06, 3.32853278451e-06, 2.61730974671e-06, 2.52389827438e-06, 1.78129585038e-06, 1.20029312711e-06, 9.44884277487e-07], "dvar": [2.09145782719e-05, 1.08893955257e-05, 1.51779124735e-06, 2.58194830849e-07, 1.87312338085e-07, 2.41197426476e-07, 2.33529789284e-07, 1.79052207727e-07, 9.02499976974e-08, 6.88320582753e-08, 6.47225846251e-08, 7.45204857822e-08, 2.32633290409e-08, 1.90265971867e-08, 1.43649350193e-08, 1.01587049883e-08, 1.18981100528e-08, 7.53249818075e-09, 1.25540751128e-08, 1.39100420071e-08, 1.87488602421e-08, 3.05323055727e-09, 1.0337011247e-09, 3.63199165188e-10, 5.92181692571e-10, 3.14157394543e-10, 2.79033962602e-10, 9.03650071438e-11, 3.42157552291e-11, 5.61134923249e-11, 1.37676661738e-10, 1.1919287779e-10, 1.16700760167e-10, 9.12940764652e-11, 8.44118108745e-11, 1.68696542846e-10, 1.35506439403e-10, 1.97797681012e-10, 1.53051959995e-10, 7.94643378876e-11]}, "spectral_skewness": {"dvar2": 0.078001216054, "var": 0.206795305014, "min": -0.327013999224, "dmean": 0.212623715401, "mean": 1.36534976959, "max": 3.83072948456, "dmean2": 0.295120865107, "median": 1.42280423641, "dvar": 0.0461060851812}, "melbands_flatness_db": {"dvar2": 0.00178277399391, "var": 0.00496846856549, "min": 0.0364676937461, "dmean": 0.0264213588089, "mean": 0.207179546356, "max": 0.55188