{"tonal": {"thpcp": [1, 0.738268792629, 0.508138775826, 0.447235673666, 0.445696383715, 0.578047990799, 0.63529163599, 0.502652168274, 0.370415300131, 0.295149117708, 0.300008744001, 0.536323726177, 0.802292108536, 0.80509352684, 0.754094600677, 0.569506883621, 0.305277019739, 0.24271851778, 0.266827642918, 0.353390902281, 0.612683832645, 0.721817672253, 0.558004438877, 0.454736143351, 0.488705247641, 0.639988660812, 0.895830988884, 0.978121578693, 0.818626761436, 0.661062419415, 0.553348779678, 0.513590931892, 0.680031120777, 0.814047694206, 0.764834225178, 0.908352851868], "hpcp": {"dmean2": [0.320750057697, 0.316331028938, 0.294212162495, 0.262104809284, 0.247502893209, 0.271906197071, 0.293616741896, 0.301608592272, 0.343514978886, 0.313265711069, 0.27829298377, 0.249027445912, 0.214667439461, 0.196679592133, 0.226304605603, 0.235397219658, 0.217930167913, 0.186403274536, 0.168802306056, 0.169932991266, 0.224186703563, 0.27808380127, 0.30466607213, 0.314801484346, 0.242072194815, 0.169480532408, 0.163293078542, 0.174564406276, 0.213262572885, 0.2583809793, 0.255059361458, 0.235561236739, 0.222177222371, 0.249437227845, 0.318667113781, 0.336514681578], "median": [0.127567604184, 0.112031571567, 0.0831251591444, 0.0665597170591, 0.0654823035002, 0.0955211147666, 0.103489726782, 0.122762151062, 0.124475166202, 0.119356550276, 0.0965550839901, 0.0726126655936, 0.0652387887239, 0.0630489736795, 0.0720972791314, 0.0630779415369, 0.0597162097692, 0.0388336628675, 0.0280811861157, 0.0323330461979, 0.0683143660426, 0.0935074463487, 0.115441188216, 0.0924759805202, 0.0495584458113, 0.0258288476616, 0.021576937288, 0.0234976820648, 0.0292254909873, 0.0450585186481, 0.0764117985964, 0.0773811340332, 0.0543363206089, 0.0582254864275, 0.0784378796816, 0.112836487591], "min": [0, 0, 0, 0, 0, 0, 0, 0, 0, 0, 0, 0, 0, 0, 0, 0, 0, 0, 0, 0, 0, 0, 0, 0, 0, 0, 0, 0, 0, 0, 0, 0, 0, 0, 0, 0], "dvar2": [0.135701701045, 0.126948356628, 0.125825792551, 0.116075478494, 0.113101877272, 0.126031205058, 0.128364712, 0.122372992337, 0.142634406686, 0.128176629543, 0.11002702266, 0.0990969538689, 0.0820713192225, 0.0769219249487, 0.0925095975399, 0.102717906237, 0.0894187837839, 0.0908477529883, 0.089582927525, 0.0784930512309, 0.0965979099274, 0.127460867167, 0.128793850541, 0.140446320176, 0.10480247438, 0.077011488378, 0.0935194119811, 0.104164995253, 0.115792155266, 0.131165906787, 0.11368381232, 0.0923517495394, 0.0921158716083, 0.109801240265, 0.152630373836, 0.145256578922], "dvar": [0.0528875254095, 0.0479600206017, 0.04830140993, 0.0437884293497, 0.0427963659167, 0.04626910761, 0.0491980649531, 0.0460442304611, 0.0532541535795, 0.0528928823769, 0.0408546514809, 0.0350296199322, 0.0294751785696, 0.0277208443731, 0.0340730622411, 0.0393576398492, 0.033394228667, 0.0333911702037, 0.0323884300888, 0.0280990302563, 0.0353911407292, 0.0510373562574, 0.0484697967768, 0.0538866966963, 0.0413573868573, 0.027272798121, 0.0323134213686, 0.0368433967233, 0.0418564975262, 0.0519883148372, 0.046449445188, 0.0349469892681, 0.0343039408326, 0.0396055541933, 0.0554121918976, 0.0564301237464], "dmean": [0.186249136925, 0.182660669088, 0.167896166444, 0.151463449001, 0.142125368118, 0.156534716487, 0.169765159488, 0.173981174827, 0.201075196266, 0.183400720358, 0.162138953805, 0.141315281391, 0.12179607898, 0.112148933113, 0.130264505744, 0.136296778917, 0.125807598233, 0.105695679784, 0.0935226380825, 0.0953491702676, 0.127979010344, 0.159221306443, 0.176301449537, 0.182527333498, 0.140611216426, 0.0944777950644, 0.0886512696743, 0.0952135697007, 0.118382871151, 0.148870110512, 0.147752553225, 0.137022331357, 0.126711249352, 0.14053593576, 0.180415436625, 0.193151637912], "max": [1, 1, 1, 1, 1, 1, 1, 1, 1, 1, 1, 1, 1, 1, 1, 1, 1, 1, 1, 1, 1, 1, 1, 1, 1, 1, 1, 1, 1, 1, 1, 1, 1, 1, 1, 1], "var": [0.104065656662, 0.0750506520271, 0.0598951727152, 0.0484614558518, 0.0421036779881, 0.0562912151217, 0.0803827941418, 0.0579703226686, 0.0831463560462, 0.110202081501, 0.0639925897121, 0.0355465710163, 0.0299938879907, 0.0293303616345, 0.0465078689158, 0.0613286085427, 0.0407487303019, 0.0326526872814, 0.026102758944, 0.0224597640336, 0.0420659519732, 0.088623598218, 0.0673347786069, 0.0739606097341, 0.0601939074695, 0.0239663496614, 0.0216128733009, 0.0248896796256, 0.033214867115, 0.074208214879, 0.0819760710001, 0.0423849262297, 0.0368564091623, 0.0404360368848, 0.0599479563534, 0.0919188261032], "mean": [0.278653085232, 0.233215257525, 0.188327386975, 0.157641291618, 0.146314844489, 0.193731307983, 0.23191075027, 0.217890515924, 0.258776962757, 0.284885942936, 0.210322394967, 0.14476159215, 0.127411156893, 0.12697263062, 0.164677739143, 0.180985659361, 0.143198534846, 0.10552611202, 0.0840838328004, 0.0854682773352, 0.15279109776, 0.228561744094, 0.229359835386, 0.214830949903, 0.16224449873, 0.0869691297412, 0.0691470950842, 0.0760154426098, 0.100676104426, 0.174545019865, 0.205635711551, 0.158967614174, 0.129547938704, 0.139225259423, 0.182323768735, 0.25520965457]}, "tuning_equal_tempered_deviation": 0.184540957212, "chords_changes_rate": 0.0935474783182, "key_key": "A", "tuning_diatonic_strength": 0.705959260464, "key_scale": "minor", "chords_number_rate": 0.00253592571244, "tuning_frequency": 445.369720459, "tuning_nontempered_energy_ratio": 0.839382052422, "chords_histogram": [27.2471122742, 11.7216119766, 9.35474777222, 7.07241487503, 0.648069858551, 0.0281769521534, 0.084530852735, 5.29726696014, 5.18455886841, 16.2017478943, 0.648069858551, 0, 0, 0, 0, 0, 0.140884757042, 0, 0.140884757042, 0, 0, 0, 1.21160888672, 15.0183153152], "key_strength": 0.691755950451, "chords_key": "A", "chords_strength": {"dmean2": 0.0141174299642, "median": 0.537696540356, "min": -1, "dvar2": 0.000899643753655, "dvar": 0.000480646122014, "dmean": 0.0111120613292, "max": 0.768525838852, "var": 0.0224401541054, "mean": 0.52600890398}, "chords_scale": "minor", "hpcp_entropy": {"dmean2": 1.21084070206, "median": 2.5254752636, "min": 0, "dvar2": 0.909445226192, "dvar": 0.329493969679, "dmean": 0.713011026382, "max": 4.49528646469, "var": 0.619896769524, "mean": 2.49536752701}}, "metadata": {"audio_properties": {"equal_loudness": 0, "codec": "mp3", "downmix": "mix", "sample_rate": 44100, "analysis_sample_rate": 44100, "bit_rate": 128000, "md5_encoded": "b6ecd2f447e989bbc128e177c9fb5c3e", "length": 164.75428772, "replay_gain": -13.7356796265, "lossless": false}, "version": {"essentia_build_sha": "2d9f1f26377add8aeb1075a9c2973f962c4f09fd", "essentia": "2.1-beta2", "extractor": "music 1.0", "essentia_git_sha": "v2.1_beta2-1-ge3940c0"}, "tags": {"title": ["Fantastic"], "barcode": ["7350018390055"], "media": ["CD"], "albumartist": ["Kitchen and the Plastic Spoons"], "musicbrainz_recordingid": ["175aef96-daa3-4283-b2ab-fa9997a53dc6"], "musicbrainz_albumartistid": ["8331af0d-7f5a-4b6f-9002-a059bdc28877"], "discnumber": ["1/1"], "album": ["Best Off"], "catalognumber": ["IWR005"], "musicbrainz album release country": ["SE"], "musicbrainz album type": ["album/compilation"], "musicbrainz album status": ["official"], "file_name": "04 Fantastic.mp3", "date": ["2007"], "genre": ["Ok\u00e4nd"], "musicbrainz_releasegroupid": ["ec4919b7-0932-415b-9e9e-8eb62c2bfb18"], "script": ["Latn"], "originaldate": ["2007"], "musicbrainz_albumid": ["356bf78c-f9dc-4899-833a-718fd0350031"], "artist": ["Kitchen and the Plastic Spoons"], "artistsort": ["Kitchen and the Plastic Spoons"], "tracknumber": ["4/20"], "label": ["Ill Wind Records"], "albumartistsort": ["Kitchen and the Plastic Spoons"], "acoustid_id": ["cede15b4-f8f5-42b7-80d0-d7561e775c09"], "musicbrainz_artistid": ["8331af0d-7f5a-4b6f-9002-a059bdc28877"]}}, "rhythm": {"bpm_histogram_first_peak_bpm": {"dmean2": 0, "median": 123, "min": 123, "dvar2": 0, "dvar": 0, "dmean": 0, "max": 123, "var": 0, "mean": 123}, "bpm": 123.175109863, "bpm_histogram_second_peak_spread": {"dmean2": 0, "median": 0, "min": 0, "dvar2": 0, "dvar": 0, "dmean": 0, "max": 0, "var": 0, "mean": 0}, "bpm_histogram_first_peak_weight": {"dmean2": 0, "median": 0.455357134342, "min": 0.455357134342, "dvar2": 0, "dvar": 0, "dmean": 0, "max": 0.455357134342, "var": 0, "mean": 0.455357134342}, "onset_rate": 4.5761089325, "beats_position": [0.476009070873, 0.952018141747, 1.4164172411, 1.90403628349, 2.38004541397, 2.85605430603, 3.33206343651, 3.80807256699, 4.27247142792, 4.74848079681, 5.22448968887, 5.71210861206, 6.18811798096, 6.66412687302, 7.14013576508, 7.6277551651, 8.11537361145, 8.6146030426, 9.10222244263, 9.56662082672, 10.0542402267, 10.5418596268, 11.0294780731, 11.505487442, 11.9814968109, 12.4691152573, 12.9567346573, 13.4443531036, 13.9319725037, 14.4195919037, 14.90721035, 15.3948297501, 15.8824491501, 16.3700675964, 16.8576869965, 17.3453063965, 17.8329238892, 18.3205432892, 18.8197727203, 19.3073921204, 19.8066215515, 20.2942390442, 20.7818584442, 21.2694778442, 21.7570972443, 22.2447166443, 22.7323360443, 23.219953537, 23.707572937, 24.195192337, 24.6828117371, 25.1704311371, 25.6580486298, 26.1456680298, 26.6332874298, 27.1209068298, 27.620136261, 28.1193637848, 28.6069831848, 29.0946025848, 29.5822219849, 30.081451416, 30.5806789398, 31.0682983398, 31.5559177399, 32.0551452637, 32.5543746948, 33.0419960022, 33.5296134949, 34.028842926, 34.5280723572, 35.0156898499, 35.514919281, 36.0141487122, 36.5017662048, 36.9893875122, 37.4886169434, 37.9878463745, 38.4754638672, 38.9630813599, 39.462310791, 39.9615402222, 40.4491615295, 40.9367790222, 41.4243965149, 41.9120178223, 42.3764152527, 42.8408164978, 43.3284339905, 43.8044433594, 44.2804527283, 44.7680702209, 45.2556915283, 45.743309021, 46.2309303284, 46.7301597595, 47.229385376, 47.7170066833, 48.204624176, 48.7038536072, 49.2030830383, 49.7023124695, 50.2015419006, 50.6891593933, 51.1883888245, 51.6876182556, 52.1752357483, 52.6628570557, 53.1504745483, 53.6497039795, 54.1257133484, 54.6017227173, 55.0777320862, 55.5653495789, 56.0413589478, 56.5173683167, 57.0165977478, 57.515827179, 58.0034446716, 58.491065979, 58.9902954102, 59.4895210266, 59.977142334, 60.4763717651, 60.9756011963, 61.463218689, 61.9508361816, 62.4616775513, 62.9492950439, 63.4485244751, 63.9477539063, 64.4353713989, 64.9346008301, 65.4338302612, 65.9330596924, 66.4322891235, 66.9199066162, 67.4191360474, 67.9183654785, 68.4175949097, 68.9168243408, 69.4044418335, 69.8920593262, 70.3912887573, 70.8905181885, 71.3781356812, 71.8773651123, 72.3649902344, 72.8642196655, 73.3634490967, 73.8626708984, 74.3619003296, 74.8611297607, 75.3487548828, 75.8479766846, 76.3472061157, 76.8348312378, 77.3340606689, 77.8332901001, 78.3209075928, 78.831741333, 79.3309707642, 79.8302001953, 80.3178253174, 80.8054428101, 81.3046722412, 81.7806777954, 82.2450790405, 82.7326965332, 83.2203140259, 83.7079315186, 84.1955566406, 84.6831741333, 85.170791626, 85.6584091187, 86.1460266113, 86.6452560425, 87.1328811646, 87.6321105957, 88.1313400269, 88.6305618286, 89.1297912598, 89.6290206909, 90.116645813, 90.6158676147, 91.1150970459, 91.6143264771, 92.1135559082, 92.6011810303, 93.0887985229, 93.5648040771, 94.0408172607, 94.5168228149, 95.0044403076, 95.4804534912, 95.9680709839, 96.4556884766, 96.9433059692, 97.4309310913, 97.918548584, 98.4061660767, 98.8937835693, 99.3930130005, 99.8922424316, 100.379859924, 100.867477417, 101.355102539, 101.842720032, 102.330337524, 102.829566956, 103.328796387, 103.816413879, 104.304031372, 104.791656494, 105.290885925, 105.790107727, 106.277732849, 106.77696228, 107.252967834, 107.740585327, 108.22820282, 108.715827942, 109.203445435, 109.691062927, 110.17868042, 110.666305542, 111.153923035, 111.641540527, 112.12915802, 112.616775513, 113.104400635, 113.56879425, 114.044807434, 114.532424927, 115.008430481, 115.496055603, 115.972061157, 116.45967865, 116.935691833, 117.411697388, 117.887710571, 118.363716125, 118.839729309, 119.327346802, 119.814964294, 120.302581787, 120.778594971, 121.254600525, 121.730613708, 122.206619263, 122.682624817, 123.158638, 123.646255493, 124.122268677, 124.598274231, 125.074279785, 125.550292969, 126.026298523, 126.502311707, 126.978317261, 127.454330444, 127.930335999, 128.406341553, 128.893966675, 129.381591797, 129.86920166, 130.333602905, 130.809616089, 131.285614014, 131.761627197, 132.237640381, 132.713653564, 133.189651489, 133.665664673, 134.141677856, 134.62928772, 135.105300903, 135.581314087, 136.057327271, 136.533325195, 137.020950317, 137.508575439, 137.984573364, 138.460586548, 138.94821167, 139.424209595, 139.900222778, 140.364624023, 140.852249146, 141.32824707, 141.804260254, 142.291885376, 142.779495239, 143.255508423, 143.731521606, 144.207519531, 144.683532715, 145.171157837, 145.647155762, 146.123168945, 146.610794067, 147.086807251, 147.562805176, 148.038818359, 148.514831543, 148.990829468, 149.466842651, 149.942855835, 150.418869019, 150.894866943, 151.370880127, 151.858505249, 152.346115112, 152.833740234, 153.321365356, 153.785751343, 154.273376465, 154.761001587, 155.236999512, 155.713012695, 156.200637817, 156.688247681, 157.175872803, 157.651885986, 158.127883911, 158.627120972, 159.103118896, 159.590744019, 160.078369141, 160.577590942, 161.076828003, 161.576049805, 162.086883545, 162.597732544, 163.120178223, 163.642623901, 164.16506958], "beats_loudness": {"dmean2": 0.0227975025773, "median": 0.0377366393805, "min": 0, "dvar2": 0.000357481068932, "dvar": 0.000130077474751, "dmean": 0.0132347662002, "max": 0.0883374065161, "var": 0.00021841088892, "mean": 0.0395062938333}, "danceability": 1.18752026558, "bpm_histogram_second_peak_weight": {"dmean2": 0, "median": 0.0297619048506, "min": 0.0297619048506, "dvar2": 0, "dvar": 0, "dmean": 0, "max": 0.0297619048506, "var": 0, "mean": 0.0297619048506}, "beats_count": 337, "bpm_histogram_second_peak_bpm": {"dmean2": 0, "median": 129, "min": 129, "dvar2": 0, "dvar": 0, "dmean": 0, "max": 129, "var": 0, "mean": 129}, "bpm_histogram_first_peak_spread": {"dmean2": 0, "median": 0.520376205444, "min": 0.520376205444, "dvar2": 0, "dvar": 0, "dmean": 0, "max": 0.520376205444, "var": 0, "mean": 0.520376205444}, "beats_loudness_band_ratio": {"dmean2": [0.416383564472, 0.103321887553, 0.126929685473, 0.141259253025, 0.177202194929, 0.1090785712], "median": [0.493640929461, 0.0945589914918, 0.0988288223743, 0.091248139739, 0.0986429154873, 0.0786975771189], "min": [0, 0, 0, 0, 0, 0], "dvar2": [0.0898442417383, 0.00768418749794, 0.0108888410032, 0.0192469228059, 0.0313716158271, 0.0120326671749], "dvar": [0.0400866605341, 0.00282389274798, 0.00426005851477, 0.00675695901737, 0.0126685518771, 0.00503235217184], "dmean": [0.257007718086, 0.0611963160336, 0.0789255946875, 0.0847474485636, 0.108764372766, 0.0654755160213], "max": [0.939084410667, 0.438092797995, 0.725814044476, 0.529212296009, 0.707555353642, 0.406666368246], "var": [0.0625413060188, 0.00448887376115, 0.00677425926551, 0.0069017522037, 0.0149665772915, 0.00708307698369], "mean": [0.442932218313, 0.107670478523, 0.115946963429, 0.109785810113, 0.134695619345, 0.108035385609]}}, "lowlevel": {"barkbands_spread": {"dmean2": 10.4929933548, "median": 28.5910720825, "min": 0.813109278679, "dvar2": 100.405044556, "dvar": 47.6037063599, "dmean": 7.07418346405, "max": 92.3188934326, "var": 152.270050049, "mean": 28.3819942474}, "melbands_spread": {"dmean2": 14.9013261795, "median": 31.7788486481, "min": 0.543870925903, "dvar2": 222.288925171, "dvar": 104.732780457, "dmean": 9.84644508362, "max": 163.270629883, "var": 531.253234863, "mean": 34.6522865295}, "hfc": {"dmean2": 15.1811990738, "median": 22.7977333069, "min": 1.03703706188e-16, "dvar2": 341.399902344, "dvar": 161.3543396, "dmean": 10.8372936249, "max": 127.654533386, "var": 488.094116211, "mean": 27.8041610718}, "barkbands_kurtosis": {"dmean2": 3.55815243721, "median": 0.102607406676, "min": -1.84192836285, "dvar2": 65.1770248413, "dvar": 26.6841163635, "dmean": 2.19371962547, "max": 183.8646698, "var": 44.9836654663, "mean": 1.99291157722}, "gfcc": {"mean": [1.57080423832, 94.6976470947, -130.926956177, 47.1171569824, -59.2056007385, 20.2418899536, -40.4298629761, 7.76599550247, -27.3398017883, 10.2625865936, -18.1799545288, -11.2879190445, -0.653268635273], "icov": [[0.000326298584696, -0.000652726099361, 0.000830289849546, -0.00116190582048, 0.000607691297773, -0.000850135402288, 0.00082216586452, -0.000783066439908, 0.000942396582104, -0.00112001085654, 0.000502003589645, -0.000181037758011, 0.000594631128479], [-0.000652726099361, 0.00268821115606, -0.00148350349627, 0.00192225514911, -0.00178725284059, 0.00297031877562, -0.00213451031595, 0.00248908204958, -0.0022707269527, 0.00251530390233, -0.00146894494537, 0.0020116395317, -0.0025838946458], [0.000830289849546, -0.00148350349627, 0.00393341807649, -0.00306304660626, 0.000186063203728, -0.00199610507116, 0.00184434733819, -0.0023317085579, 0.00240655289963, -0.00333078438416, 0.00118956516962, -0.00111871177796, 0.00242678681388], [-0.00116190582048, 0.00192225514911, -0.00306304660626, 0.0086696529761, -0.00258063571528, 0.0015161318006, -0.00308418343775, 0.00129572267178, -0.0027847320307, 0.00419318396598, -0.00146758032497, 0.000114050220873, -0.00105685729068], [0.000607691297773, -0.00178725284059, 0.000186063203728, -0.00258063571528, 0.00784361176193, -0.00297396956012, 0.000235451312619, 0.00049460248556, -0.00179335125722, -0.000566525384784, 0.000862013956066, 4.89537414978e-05, 0.000833654543385], [-0.000850135402288, 0.00297031877562, -0.00199610507116, 0.0015161318006, -0.00297396956012, 0.0102205099538, -0.00193894421682, 0.00111481989734, -0.00147200631909, 0.000199966190848, -0.00273490138352, 0.00432018842548, -0.00425867782906], [0.00082216586452, -0.00213451031595, 0.00184434733819, -0.00308418343775, 0.000235451312619, -0.00193894421682, 0.0081124426797, -0.00320081948303, 0.00244243233465, -0.00272450572811, 0.000783103401773, -0.00357634969987, 0.00352170667611], [-0.000783066439908, 0.00248908204958, -0.0023317085579, 0.00129572267178, 0.00049460248556, 0.00111481989734, -0.00320081948303, 0.0115922894329, -0.00396933918819, 0.00261655612849, 2.66401293629e-05, -0.00139748398215, -7.64236538089e-05], [0.000942396582104, -0.0022707269527, 0.00240655289963, -0.0027847320307, -0.00179335125722, -0.00147200631909, 0.00244243233465, -0.00396933918819, 0.0142025258392, -0.00552426557988, 4.94437836096e-06, 0.00190868077334, -0.00292607978918], [-0.00112001085654, 0.00251530390233, -0.00333078438416, 0.00419318396598, -0.000566525384784, 0.000199966190848, -0.00272450572811, 0.00261655612849, -0.00552426557988, 0.0180832426995, -0.000747336423956, -0.00311362138018, 0.00107921939343], [0.000502003589645, -0.00146894494537, 0.00118956516962, -0.00146758032497, 0.000862013956066, -0.00273490138352, 0.000783103401773, 2.66401293629e-05, 4.94437836096e-06, -0.000747336423956, 0.0129211945459, -0.00163462408818, -0.000155623740284], [-0.000181037758011, 0.0020116395317, -0.00111871177796, 0.000114050220873, 4.89537414978e-05, 0.00432018842548, -0.00357634969987, -0.00139748398215, 0.00190868077334, -0.00311362138018, -0.00163462408818, 0.0193016212434, -0.00704124337062], [0.000594631128479, -0.0025838946458, 0.00242678681388, -0.00105685729068, 0.000833654543385, -0.00425867782906, 0.00352170667611, -7.64236538089e-05, -0.00292607978918, 0.00107921939343, -0.000155623740284, -0.00704124337062, 0.023063313216]], "cov": [[23065.921875, 11.8764877319, -2199.49316406, 1066.4329834, -1262.58666992, 545.933959961, -682.975830078, 480.957977295, -698.756530762, 322.603973389, -328.258911133, -109.004882813, -199.977203369], [11.8764877319, 1608.37304688, -100.766433716, -48.3558158875, 305.325531006, -188.712814331, 42.8056106567, -259.938446045, 191.288879395, -141.885696411, 100.679176331, -129.416519165, 127.071411133], [-2199.49316406, -100.766433716, 742.69152832, 53.4933319092, 162.108032227, 19.8087177277, 97.4280014038, 42.8135375977, 33.746963501, 34.8690490723, 5.74306678772, 39.8819389343, -32.3500289917], [1066.4329834, -48.3558158875, 53.4933319092, 265.723175049, 10.6642827988, 58.5279922485, 27.2481365204, 56.980884552, -16.7703018188, 13.6431264877, -10.1722583771, 8.23551750183, -20.2355880737], [-1262.58666992, 305.325531006, 162.108032227, 10.6642827988, 314.206176758, 3.46454024315, 58.428150177, -73.3149261475, 115.009086609, -34.6745910645, 41.0197143555, -30.1652908325, 37.5898399353], [545.933959961, -188.712814331, 19.8087177277, 58.5279922485, 3.46454024315, 188.983612061, -15.1981258392, 39.4984512329, -10.0531635284, 35.5477218628, 3.39320135117, -10.9970359802, -3.67119884491], [-682.975830078, 42.8056106567, 97.4280014038, 27.2481365204, 58.428150177, -15.1981258392, 215.294784546, 26.8182849884, 11.8612909317, 4.83917856216, 9.96276664734, 35.7653427124, -12.0380191803], [480.957977295, -259.938446045, 42.8135375977, 56.980884552, -73.3149261475, 39.4984512329, 26.8182849884, 169.779983521, -29.5170631409, 35.4563064575, -28.035741806, 37.2236824036, -31.2340946198], [-698.756530762, 191.288879395, 33.746963501, -16.7703018188, 115.009086609, -10.0531635284, 11.8612909317, -29.5170631409, 149.084762573, -9.28357982635, 30.6089076996, -21.3878746033, 40.230670929], [322.603973389, -141.885696411, 34.8690490723, 13.6431264877, -34.6745910645, 35.5477218628, 4.83917856216, 35.4563064575, -9.28357982635, 94.2121124268, -12.6332378387, 23.640203476, -18.5159072876], [-328.258911133, 100.679176331, 5.74306678772, -10.1722583771, 41.0197143555, 3.39320135117, 9.96276664734, -28.035741806, 30.6089076996, -12.6332378387, 96.3664703369, -3.76957535744, 20.1761054993], [-109.004882813, -129.416519165, 39.8819389343, 8.23551750183, -30.1652908325, -10.9970359802, 35.7653427124, 37.2236824036, -21.3878746033, 23.640203476, -3.76957535744, 84.0132751465, 0.0181169845164], [-199.977203369, 127.071411133, -32.3500289917, -20.2355880737, 37.5898399353, -3.67119884491, -12.0380191803, -31.2340946198, 40.230670929, -18.5159072876, 20.1761054993, 0.0181169845164, 71.0382156372]]}, "spectral_energyband_middle_low": {"dmean2": 0.00511883711442, "median": 0.0086074937135, "min": 1.47248031884e-22, "dvar2": 2.93355369649e-05, "dvar": 1.10562359623e-05, "dmean": 0.00308916857466, "max": 0.035338267684, "var": 2.30494406424e-05, "mean": 0.00873110070825}, "melbands_crest": {"dmean2": 5.25307750702, "median": 11.2497262955, "min": 1.60772836208, "dvar2": 21.2311534882, "dvar": 8.16952133179, "dmean": 3.19921517372, "max": 36.0970802307, "var": 23.5163936615, "mean": 11.9505062103}, "spectral_kurtosis": {"dmean2": 2.50818681717, "median": 2.88314223289, "min": -1.27179896832, "dvar2": 18.2908306122, "dvar": 7.45049953461, "dmean": 1.55979132652, "max": 59.5174980164, "var": 11.8565731049, "mean": 3.6755130291}, "spectral_rms": {"dmean2": 0.00135027058423, "median": 0.00486107356846, "min": 3.13130077423e-12, "dvar2": 2.03865579351e-06, "dvar": 9.34977720135e-07, "dmean": 0.000906186120119, "max": 0.010710737668, "var": 2.94409915114e-06, "mean": 0.00486749876291}, "zerocrossingrate": {"dmean2": 0.0139800533652, "median": 0.07080078125, "min": 0.00634765625, "dvar2": 0.000164654571563, "dvar": 0.000163329750649, "dmean": 0.0128525448963, "max": 0.5263671875, "var": 0.00340395001695, "mean": 0.0778648629785}, "silence_rate_60dB": {"dmean2": 0.0214235372841, "median": 0, "min": 0, "dvar2": 0.0223728921264, "dvar": 0.0105952993035, "dmean": 0.0107102589682, "max": 1, "var": 0.0431837178767, "mean": 0.0452303774655}, "erbbands_kurtosis": {"dmean2": 1.4891680479, "median": -0.527299940586, "min": -1.69512891769, "dvar2": 5.53987455368, "dvar": 2.32253575325, "dmean": 0.939995348454, "max": 33.2346687317, "var": 5.69131946564, "mean": 0.329329282045}, "erbbands": {"dmean2": [0.173231706023, 2.06325912476, 4.32330989838, 5.16010856628, 5.90627574921, 8.7700843811, 9.87232875824, 6.58901262283, 13.3782424927, 24.0411300659, 22.4304351807, 28.691116333, 21.1544857025, 27.2984046936, 26.7406387329, 26.3013782501, 48.5735740662, 32.111579895, 129.424194336, 66.3759155273, 31.7685337067, 20.1074485779, 20.3407115936, 20.636554718, 33.9656486511, 34.2969551086, 26.5531616211, 15.6372184753, 8.46876716614, 4.22033548355, 2.25838160515, 1.64007878304, 2.04601836205, 1.36248028278, 0.542309820652, 0.169826358557, 0.0233797710389, 0.000747649406549, 3.67956163245e-05, 2.05038268177e-05], "median": [0.0396710000932, 0.554448723793, 1.67256224155, 3.02423286438, 5.329454422, 8.51717853546, 10.2953395844, 6.95155382156, 6.75591993332, 11.3765172958, 12.6199569702, 14.4218416214, 9.39794158936, 11.0137176514, 12.5678758621, 13.1467437744, 15.7064008713, 17.2010498047, 24.3310489655, 26.3301677704, 21.2451953888, 12.7070856094, 10.8283462524, 11.1084861755, 16.1565666199, 19.4892120361, 16.3456516266, 10.0661144257, 5.37979078293, 2.70266294479, 1.57800221443, 1.09673571587, 1.25102102757, 0.745839416981, 0.256562501192, 0.06021810323, 0.00530068250373, 0.000177355512278, 2.99684543279e-05, 3.45412554452e-05], "min": [4.66328245254e-23, 8.48165271887e-22, 1.66718595772e-21, 6.80381580102e-21, 1.45270767802e-20, 2.00270523719e-20, 5.60195145154e-20, 7.64848223624e-20, 1.14348413904e-19, 1.65873778603e-19, 2.99263709262e-19, 4.36448098336e-19, 3.74475985337e-19, 5.11132736578e-19, 7.41698475582e-19, 1.09468110328e-18, 1.74234160262e-18, 1.59832273714e-18, 2.18590748673e-18, 2.97661708569e-18, 3.38585745592e-18, 4.82584738066e-18, 6.19665895e-18, 6.81574242713e-18, 5.76721696805e-18, 6.83369720951e-18, 1.00067124084e-17, 1.04739586123e-17, 1.20795095638e-17, 1.12486703314e-17, 1.06000474074e-17, 1.13879088168e-17, 9.54352104389e-18, 8.63239483406e-18, 6.07789938868e-18, 4.09511685471e-18, 2.29803678185e-18, 9.80427815147e-19, 2.52084429049e-19, 2.61429237063e-20], "dvar2": [0.106494821608, 17.2425422668, 52.7723808289, 69.3302536011, 57.4296760559, 103.807388306, 131.108764648, 59.4244499207, 360.620361328, 1216.37890625, 966.514465332, 1493.73132324, 983.267944336, 2125.18066406, 1672.23083496, 1539.49230957, 11165.6650391, 5121.31347656, 103950.445313, 16242.8164063, 2401.35449219, 895.08190918, 1004.1472168, 964.532043457, 2350.49194336, 2341.56103516, 1397.79943848, 495.983795166, 142.825164795, 40.9607849121, 10.7544374466, 6.27589654922, 15.9377269745, 5.04349136353, 0.752912044525, 0.0818047448993, 0.00198332918808, 2.26193355957e-06, 4.05040045948e-09, 5.58929291739e-10], "dvar": [0.0438321977854, 6.33875799179, 21.254240036, 26.7183551788, 20.3381023407, 39.3272819519, 49.5646133423, 21.3734493256, 131.091079712, 446.540374756, 363.123413086, 587.284973145, 395.548828125, 826.529724121, 644.893615723, 587.381469727, 4276.64160156, 2033.32214355, 43926.8828125, 6876.71826172, 969.98626709, 349.579742432, 406.548980713, 406.648498535, 1026.15466309, 1023.93334961, 623.47064209, 218.524978638, 66.1651687622, 21.2231578827, 5.54159784317, 2.85906481743, 6.9258108139, 2.48759579659, 0.400958389044, 0.0422714948654, 0.000967765692621, 1.05349306523e-06, 1.94369009776e-09, 2.5997531905e-10], "dmean": [0.106924362481, 1.20314526558, 2.63223791122, 3.09602546692, 3.50097155571, 5.32713794708, 5.96805953979, 3.90645956993, 7.84002399445, 14.0556125641, 13.2469015121, 17.2973861694, 12.8539476395, 16.714799881, 16.0690326691, 15.9251394272, 29.2398109436, 19.6570968628, 82.6514129639, 41.7357368469, 19.4979496002, 12.4021720886, 12.7456521988, 13.3184013367, 22.0298156738, 22.3777370453, 17.4773769379, 10.3504304886, 5.77097797394, 3.0827422142, 1.64101850986, 1.13365757465, 1.43256556988, 0.980406045914, 0.397268950939, 0.122806631029, 0.0161741804332, 0.000508337863721, 2.61367622443e-05, 1.39177273013e-05], "max": [2.23228049278, 24.6962661743, 47.4240989685, 80.600769043, 53.863067627, 94.5288162231, 94.765586853, 65.3899002075, 139.613098145, 348.527526855, 249.135314941, 255.861404419, 226.425323486, 548.247497559, 292.933654785, 399.28225708, 1347.48681641, 1575.51647949, 3253.85253906, 1667.55224609, 705.068237305, 297.090118408, 221.1590271, 263.671966553, 307.913757324, 411.100128174, 282.729858398, 268.75213623, 116.87084198, 64.4025421143, 42.1698532104, 31.1525840759, 75.2582626343, 24.6955013275, 9.28974819183, 2.42565965652, 0.374228090048, 0.0130585953593, 0.000633859250229, 0.00014002044918], "var": [0.0570337213576, 5.60738801956, 28.1384525299, 35.0371055603, 37.1621627808, 97.7779464722, 104.659584045, 38.4409561157, 154.126861572, 526.307861328, 450.354614258, 753.00793457, 490.954772949, 1183.12243652, 824.060302734, 809.744750977, 6674.87011719, 2974.453125, 103146.476563, 15638.2773438, 1764.85510254, 466.811950684, 483.411193848, 516.899353027, 1578.16601563, 1607.10900879, 1134.58483887, 397.639770508, 132.792114258, 48.7047576904, 12.8265209198, 6.53905630112, 12.7428817749, 5.60629940033, 1.01919353008, 0.104434870183, 0.00194859795738, 1.90166974789e-06, 3.75061981472e-09, 5.57673185408e-10], "mean": [0.131625786424, 1.36575376987, 3.7505004406, 4.95912027359, 6.75986337662, 11.0076322556, 12.4198246002, 8.03006649017, 10.7291822433, 18.5284690857, 19.0615558624, 23.4816646576, 17.5063152313, 23.1142692566, 22.4001178741, 23.3682594299, 43.685508728, 32.8026809692, 138.445449829, 71.9170150757, 33.3219833374, 19.6040992737, 17.9361534119, 18.8106689453, 31.1871566772, 33.3922233582, 27.2646656036, 16.5848922729, 9.16388320923, 4.98314189911, 2.69855213165, 1.94846248627, 2.41885852814, 1.65971910954, 0.6988504529, 0.206689342856, 0.0244636405259, 0.00074726738967, 5.09164929099e-05, 3.82057623938e-05]}, "spectral_strongpeak": {"dmean2": 1.28654491901, "median": 0.430842280388, "min": 0, "dvar2": 5.71044301987, "dvar": 2.29710698128, "dmean": 0.753696978092, "max": 17.3537406921, "var": 3.83056569099, "mean": 1.09136176109}, "spectral_energy": {"dmean2": 0.0154833914712, "median": 0.0242207869887, "min": 1.00501701255e-20, "dvar2": 0.000355527881766, "dvar": 0.00015387381427, "dmean": 0.0101055921987, "max": 0.117587894201, "var": 0.0002944576554, "mean": 0.0273025427014}, "average_loudness": 0.962031662464, "spectral_rolloff": {"dmean2": 974.606689453, "median": 1808.7890625, "min": 64.599609375, "dvar2": 1316425.125, "dvar": 688374.75, "dmean": 623.031982422, "max": 19616.7480469, "var": 5335683, "mean": 2126.96044922}, "spectral_centroid": {"dmean2": 516.321594238, "median": 1816.59460449, "min": 213.826477051, "dvar2": 274216.9375, "dvar": 154819.96875, "dmean": 365.153900146, "max": 11631.28125, "var": 1523195.25, "mean": 1883.23596191}, "pitch_salience": {"dmean2": 0.135143265128, "median": 0.634324491024, "min": 0.0643019899726, "dvar2": 0.0155997322872, "dvar": 0.00603818055242, "dmean": 0.0817420557141, "max": 0.854065358639, "var": 0.0146206216887, "mean": 0.61598020792}, "spectral_energyband_middle_high": {"dmean2": 0.00529685430229, "median": 0.0049787000753, "min": 1.15101889412e-21, "dvar2": 5.08673983859e-05, "dvar": 2.14940027945e-05, "dmean": 0.00352717703208, "max": 0.0666005387902, "var": 7.75933658588e-05, "mean": 0.00818181969225}, "spectral_contrast_coeffs": {"dmean2": [0.0796905979514, 0.0769351348281, 0.0630012750626, 0.0539741180837, 0.0386196263134, 0.0435166954994], "median": [-0.637679159641, -0.771263897419, -0.805842399597, -0.78974711895, -0.799346745014, -0.733709156513], "min": [-0.982108652592, -0.978631258011, -0.979854404926, -0.971995234489, -0.968127429485, -0.964999496937], "dvar2": [0.00409636646509, 0.00364076741971, 0.00248200818896, 0.00188507593703, 0.00101028743666, 0.0014155167155], "dvar": [0.00154689652845, 0.00131750304718, 0.000888216367457, 0.00075132335769, 0.000386167870602, 0.000582649372518], "dmean": [0.0487172938883, 0.0457384884357, 0.0373611710966, 0.0330790318549, 0.0235962159932, 0.0277402549982], "max": [-0.397552758455, -0.52590483427, -0.555516421795, -0.507152736187, -0.639969348907, -0.56064581871], "var": [0.00587459187955, 0.0032612150535, 0.00213553500362, 0.00415728520602, 0.00138081680052, 0.00253212591633], "mean": [-0.640867471695, -0.769218206406, -0.80341899395, -0.776264071465, -0.797720134258, -0.73717713356]}, "melbands_skewness": {"dmean2": 1.19684827328, "median": 2.12523341179, "min": -1.98680448532, "dvar2": 1.98855102062, "dvar": 0.829868674278, "dmean": 0.762668848038, "max": 25.9767665863, "var": 2.8912563324, "mean": 2.32197809219}, "spectral_spread": {"dmean2": 772723.5625, "median": 4278524.5, "min": 1174560.875, "dvar2": 1046627483650.0, "dvar": 607996411904, "dmean": 575195.4375, "max": 42669588, "var": 17015454564400.0, "mean": 4790991.5}, "dissonance": {"dmean2": 0.0194919649512, "median": 0.482738912106, "min": 0.335423797369, "dvar2": 0.000379778066417, "dvar": 0.000139300216688, "dmean": 0.0118006402627, "max": 0.499995142221, "var": 0.000252698402619, "mean": 0.478956669569}, "spectral_skewness": {"dmean2": 0.365573853254, "median": 1.22950279713, "min": -0.0756145939231, "dvar2": 0.174258619547, "dvar": 0.07722479105, "dmean": 0.243206053972, "max": 5.5893034935, "var": 0.222523286939, "mean": 1.30770397186}, "spectral_flux": {"dmean2": 0.0394162200391, "median": 0.091872997582, "min": 6.29206270419e-11, "dvar2": 0.00176013167948, "dvar": 0.000794844178017, "dmean": 0.0263060834259, "max": 0.294653445482, "var": 0.00199704850093, "mean": 0.0950262397528}, "spectral_contrast_valleys": {"dmean2": [0.655724227428, 0.646005809307, 0.619134426117, 0.530412614346, 0.544336616993, 0.535560786724], "median": [-6.95629358292, -6.37481784821, -6.84824180603, -6.98265028, -6.86616897583, -9.61959838867], "min": [-28.3307361603, -28.2031574249, -27.6995983124, -27.7400913239, -27.6274204254, -27.463634491], "dvar2": [0.313860595226, 0.338513553143, 0.305646508932, 0.267796248198, 0.362217664719, 0.320471644402], "dvar": [0.145360574126, 0.16486556828, 0.161891058087, 0.140331208706, 0.21717838943, 0.25239059329], "dmean": [0.408003389835, 0.402139186859, 0.403365820646, 0.3448998034, 0.41740334034, 0.449393570423], "max": [-5.39060163498, -4.95313930511, -5.21665239334, -5.66827726364, -5.42096376419, -8.03926372528], "var": [5.83315563202, 5.96131849289, 5.77800655365, 5.65139245987, 6.00137233734, 4.92283058167], "mean": [-7.3264131546, -6.77897691727, -7.20192241669, -7.36414813995, -7.32531309128, -10.13667202]}, "erbbands_flatness_db": {"dmean2": 0.0268341507763, "median": 0.144147902727, "min": 0.0450925640762, "dvar2": 0.000674685346894, "dvar": 0.000382119062124, "dmean": 0.0195304322988, "max": 0.311683982611, "var": 0.00164790067356, "mean": 0.153812944889}, "spectral_energyband_high": {"dmean2": 0.00111664831638, "median": 0.00105461489875, "min": 7.09117220659e-21, "dvar2": 2.16036619349e-06, "dvar": 1.14097019832e-06, "dmean": 0.000806883152109, "max": 0.0143590895459, "var": 2.88959040518e-06, "mean": 0.00153043936007}, "spectral_entropy": {"dmean2": 0.218287855387, "median": 7.89637565613, "min": 6.05895614624, "dvar2": 0.0562115348876, "dvar": 0.0365877300501, "dmean": 0.164208307862, "max": 9.83024787903, "var": 0.183785930276, "mean": 7.80523967743}, "silence_rate_20dB": {"dmean2": 0, "median": 1, "min": 1, "dvar2": 0, "dvar": 0, "dmean": 0, "max": 1, "var": 0, "mean": 1}, "melbands_flatness_db": {"dmean2": 0.047114290297, "median": 0.15129968524, "min": 0.00360049796291, "dvar2": 0.0021711285226, "dvar": 0.00113754975609, "dmean": 0.0331589728594, "max": 0.514298319817, "var": 0.00528122857213, "mean": 0.16473069787}, "barkbands": {"dmean2": [0.00015984995116, 0.00799001287669, 0.00360256317072, 0.00188012397848, 0.00230650906451, 0.000834479054902, 0.00124461471569, 0.00111040310003, 0.00113190151751, 0.000764122931287, 0.000698564806953, 0.000659825222101, 0.000995656242594, 0.000916644115932, 0.00251423707232, 0.000712542794645, 0.000364761945093, 0.00037222285755, 0.000563399284147, 0.000731308828108, 0.000502447364852, 0.000217215478187, 8.6581792857e-05, 0.000100107696198, 9.45265128394e-05, 2.12702962017e-05, 7.41990433539e-08], "median": [2.49053646257e-05, 0.00209306948818, 0.00133456068579, 0.000983471050858, 0.0027529746294, 0.000871598138474, 0.000609434384387, 0.000572024087887, 0.000537799671292, 0.000290367519483, 0.000297324149869, 0.000266566552455, 0.000313616561471, 0.000332431518473, 0.000465242366772, 0.000394088914618, 0.000220108093345, 0.000182764488272, 0.000270382151939, 0.000414737442043, 0.00031666396535, 0.000135690454044, 6.04440756433e-05, 6.69258952257e-05, 5.07777949679e-05, 6.2945391619e-06, 5.39284783496e-10], "min": [7.03250169912e-25, 2.59194509071e-24, 8.86857940033e-25, 1.58764390569e-24, 6.76886517346e-24, 4.70562945257e-24, 8.79945940781e-24, 5.63042095252e-24, 1.45442427091e-23, 1.05685359969e-23, 1.36038084918e-23, 2.26604034225e-23, 2.87598080997e-23, 3.26762153487e-23, 4.02402081384e-23, 5.80914772468e-23, 6.44452154129e-23, 1.10025951926e-22, 1.22434380556e-22, 1.60260248339e-22, 2.93683044786e-22, 3.16962317477e-22, 3.50978605556e-22, 5.45719686383e-22, 8.4946703122e-22, 1.33974087788e-21, 1.93567472895e-21], "dvar2": [1.20118926361e-07, 0.000249334814725, 3.33337411575e-05, 9.0987286967e-06, 6.45975933367e-06, 9.51398362758e-07, 3.17729427479e-06, 2.17563206206e-06, 2.4142766506e-06, 1.31515128032e-06, 1.16468993383e-06, 9.6375697467e-07, 4.35339461546e-06, 5.73351690036e-06, 3.50538575731e-05, 1.68884128016e-06, 2.83279121049e-07, 3.25414163171e-07, 6.53394693018e-07, 1.03330569345e-06, 5.09253766268e-07, 9.15764246656e-08, 1.5775089679e-08, 3.0941794904e-08, 2.31944881079e-08, 1.37111666465e-09, 7.15237466692e-14], "dvar": [4.4143039446e-08, 9.4436800282e-05, 1.38206487463e-05, 3.40670180776e-06, 2.33263153859e-06, 3.49999140781e-07, 1.15811405976e-06, 7.98055793894e-07, 9.50411788381e-07, 5.19802540566e-07, 4.36899341594e-07, 3.69942370071e-07, 1.68657777522e-06, 2.33060291066e-06, 1.44428477142e-05, 7.73234546614e-07, 1.09696074446e-07, 1.31985586904e-07, 2.84272658746e-07, 4.55892433138e-07, 2.26969063988e-07, 4.3368547864e-08, 8.32919422322e-09, 1.39046463232e-08, 1.21782415263e-08, 6.93677393304e-10, 2.5349708972e-14], "dmean": [9.52579939622e-05, 0.00478412117809, 0.00221266504377, 0.00110199209303, 0.0013885818189, 0.000501446193084, 0.000732665881515, 0.000651657290291, 0.000680608733092, 0.0004617885279, 0.000416998227593, 0.000395778624807, 0.000600246537942, 0.000554084719624, 0.00158190669026, 0.000444031029474, 0.000221937254537, 0.000233521554037, 0.000365309533663, 0.000475833920063, 0.000330929731717, 0.000149277009768, 6.36039985693e-05, 7.01208991813e-05, 6.96607967257e-05, 1.5007816728e-05, 4.00934041522e-08], "max": [0.00274488516152, 0.0995464548469, 0.0439438819885, 0.0268827788532, 0.0206456128508, 0.00892155431211, 0.0158271417022, 0.0114095490426, 0.00993894040585, 0.00973641313612, 0.0072645675391, 0.0088723981753, 0.0286084283143, 0.0373128429055, 0.0579885207117, 0.0280344355851, 0.00446851877496, 0.00372417946346, 0.00596715882421, 0.00662976270542, 0.00757026486099, 0.00255777267739, 0.00137066969182, 0.00302412128076, 0.00185585673898, 0.000281952670775, 2.68288317784e-06], "var": [4.17484855575e-08, 9.38084340305e-05, 2.17133365368e-05, 4.5395545385e-06, 5.31322939423e-06, 7.11954442068e-07, 1.28592694182e-06, 9.87773205452e-07, 1.16277522011e-06, 6.74233433529e-07, 5.62225011436e-07, 4.79423135857e-07, 2.78595780401e-06, 2.99069665743e-06, 3.7269317545e-05, 1.62952699156e-06, 1.5269887399e-07, 1.54638655658e-07, 4.14807800553e-07, 7.14905468158e-07, 4.16058526298e-07, 9.250923938e-08, 1.95073859288e-08, 2.91068520397e-08, 3.06114458226e-08, 1.56819701669e-09, 1.55945152218e-14], "mean": [9.31679533096e-05, 0.00559460744262, 0.00329241435975, 0.00167366443202, 0.00309920683503, 0.00104452320375, 0.000961520301644, 0.000887301634066, 0.000903063861188, 0.000607292458881, 0.000564017274883, 0.000524127797689, 0.00089352222858, 0.000744432560168, 0.00270184571855, 0.000703700992744, 0.000342616694979, 0.000313108612318, 0.000511153310072, 0.000708972103894, 0.000527312920894, 0.000237214713707, 0.000103975711681, 0.000122476209071, 0.000123170379084, 2.41845009441e-05, 2.4604659643e-08]}, "erbbands_skewness": {"dmean2": 0.519371271133, "median": -0.175920858979, "min": -3.0151438713