{"tonal": {"thpcp": [1, 0.722490549088, 0.347607403994, 0.240741357207, 0.253810107708, 0.30740866065, 0.306130349636, 0.226848393679, 0.216022193432, 0.208940446377, 0.181571155787, 0.28506347537, 0.331331014633, 0.307650834322, 0.599176883698, 0.734380960464, 0.438097625971, 0.244656831026, 0.200611889362, 0.229056954384, 0.473715245724, 0.649541258812, 0.480783551931, 0.365695208311, 0.371616363525, 0.308611571789, 0.324497193098, 0.375716865063, 0.452148020267, 0.70589864254, 0.718204796314, 0.420933842659, 0.28946813941, 0.30257204175, 0.388777136803, 0.737357854843], "hpcp": {"dmean2": [0.266833305359, 0.245286747813, 0.236978784204, 0.271383851767, 0.249504715204, 0.218824610114, 0.231182903051, 0.285655587912, 0.352015256882, 0.322195678949, 0.281516820192, 0.243394657969, 0.255516916513, 0.310715168715, 0.383691251278, 0.407933741808, 0.385791510344, 0.287356674671, 0.211173638701, 0.208651572466, 0.201784044504, 0.182492062449, 0.157443404198, 0.156502231956, 0.142656728625, 0.119870916009, 0.163013994694, 0.189623385668, 0.21654394269, 0.304526984692, 0.311799347401, 0.235457718372, 0.179626092315, 0.154248327017, 0.167602539062, 0.230779498816], "median": [0.14970651269, 0.11500659585, 0.0835533738136, 0.0599987953901, 0.0441134944558, 0.0536701157689, 0.0622868686914, 0.0931113213301, 0.132945895195, 0.106808811426, 0.0727819800377, 0.0516596883535, 0.0542682819068, 0.072932317853, 0.200076133013, 0.308168172836, 0.174542680383, 0.0571322962642, 0.041841764003, 0.0462588407099, 0.0682649314404, 0.0625437423587, 0.044587790966, 0.0346549153328, 0.0311156772077, 0.0384094119072, 0.0688990727067, 0.074159309268, 0.0684007108212, 0.146912932396, 0.183562964201, 0.115350320935, 0.0492419600487, 0.0378775447607, 0.0435031801462, 0.109303347766], "min": [0, 0, 0, 0, 0, 0, 0, 0, 0, 0, 0, 0, 0, 0, 0, 0, 0, 0, 0, 0, 0, 0, 0, 0, 0, 0, 0, 0, 0, 0, 0, 0, 0, 0, 0, 0], "dvar2": [0.0927994996309, 0.0827088728547, 0.0845308825374, 0.122413396835, 0.114167846739, 0.094001069665, 0.100624464452, 0.112056843936, 0.15013448894, 0.143794953823, 0.119645319879, 0.108940266073, 0.120139651, 0.143256917596, 0.148698464036, 0.170077905059, 0.159786686301, 0.134201228619, 0.0938265994191, 0.091037131846, 0.0776653960347, 0.073661416769, 0.0659210160375, 0.0648186579347, 0.0586479231715, 0.0358587279916, 0.0507501922548, 0.0608268864453, 0.0757383406162, 0.113549761474, 0.118533410132, 0.0795220881701, 0.0711987912655, 0.0571448765695, 0.0619410127401, 0.0802298635244], "dvar": [0.037864394486, 0.0310607235879, 0.0320321321487, 0.0484242253006, 0.0425702705979, 0.0348771698773, 0.0380343943834, 0.0418075844646, 0.0571756996214, 0.0554201379418, 0.0446004532278, 0.0400256849825, 0.0436606220901, 0.051089245826, 0.0561002641916, 0.0678336247802, 0.0602462477982, 0.0492167174816, 0.0339908413589, 0.0328136943281, 0.0291147120297, 0.0272246822715, 0.0233229082078, 0.0243522059172, 0.0221897978336, 0.0129416352138, 0.01994208619, 0.0250886566937, 0.0269264802337, 0.0416594520211, 0.0481050089002, 0.0285435896367, 0.0258687436581, 0.0205411426723, 0.0225182883441, 0.0313446633518], "dmean": [0.159915611148, 0.144055083394, 0.137592300773, 0.154974862933, 0.140600591898, 0.122194178402, 0.130804747343, 0.162233546376, 0.200737431645, 0.182977214456, 0.159187868237, 0.133355677128, 0.140229582787, 0.171851485968, 0.221831426024, 0.235704243183, 0.219759494066, 0.159850984812, 0.116270765662, 0.115245871246, 0.11388425529, 0.104405649006, 0.0877277776599, 0.0879195854068, 0.0810126513243, 0.0675449892879, 0.0952156335115, 0.109748579562, 0.121511436999, 0.176541060209, 0.185689896345, 0.136111602187, 0.100718192756, 0.0866063386202, 0.094999589026, 0.137432530522], "max": [1, 1, 1, 1, 1, 1, 1, 1, 1, 1, 1, 1, 1, 1, 1, 1, 1, 1, 1, 1, 1, 1, 1, 1, 1, 1, 1, 1, 1, 1, 1, 1, 1, 1, 1, 1], "var": [0.0855267718434, 0.0484662055969, 0.0360949859023, 0.0518795959651, 0.0400363095105, 0.0435326397419, 0.0553454756737, 0.0529099106789, 0.105986379087, 0.122853390872, 0.0540212951601, 0.0324095934629, 0.0355170331895, 0.0462895445526, 0.0929515957832, 0.138454124331, 0.0983409285545, 0.0443367250264, 0.0260702818632, 0.0263615325093, 0.0314319655299, 0.0354545749724, 0.0221006330103, 0.0251809805632, 0.0265251863748, 0.012206973508, 0.0247307624668, 0.0359564200044, 0.0268582068384, 0.0741957575083, 0.102420926094, 0.0384236425161, 0.0233561955392, 0.0172858964652, 0.0206621978432, 0.0534024089575], "mean": [0.274255156517, 0.203000754118, 0.154407113791, 0.156907200813, 0.13030475378, 0.137012124062, 0.158638551831, 0.190909996629, 0.298050880432, 0.303246885538, 0.177730470896, 0.122221834958, 0.127754688263, 0.164152979851, 0.311333864927, 0.422228991985, 0.305056452751, 0.146769925952, 0.101647980511, 0.107165984809, 0.129796847701, 0.129257112741, 0.0957819670439, 0.091210834682, 0.0882207155228, 0.0766646042466, 0.120362065732, 0.139897555113, 0.129899099469, 0.252989858389, 0.310076922178, 0.184977516532, 0.103301204741, 0.0847041532397, 0.096714489162, 0.200016304851]}, "tuning_equal_tempered_deviation": 0.0693336203694, "chords_changes_rate": 0.0665251240134, "key_key": "G", "tuning_diatonic_strength": 0.664229989052, "key_scale": "major", "chords_number_rate": 0.0046001416631, "tuning_frequency": 442.03793335, "tuning_nontempered_energy_ratio": 0.771358370781, "chords_histogram": [20.6652507782, 14.1542816162, 20.1698513031, 1.02618539333, 1.76928520203, 0, 1.0969568491, 0.672328352928, 3.57395601273, 0, 0, 0, 0, 0, 0.389242738485, 5.83864116669, 0, 13.6234960556, 0.212314218283, 4.77707004547, 2.68931341171, 2.86624193192, 6.22788381577, 0.247699931264], "key_strength": 0.784137964249, "chords_key": "G", "chords_strength": {"dmean2": 0.0109511315823, "median": 0.533518910408, "min": 0.291156321764, "dvar2": 8.25411043479e-05, "dvar": 7.15637215762e-05, "dmean": 0.0105982059613, "max": 0.752001345158, "var": 0.00692251650617, "mean": 0.535353958607}, "chords_scale": "major", "hpcp_entropy": {"dmean2": 1.20812165737, "median": 2.16256570816, "min": 0, "dvar2": 0.842919111252, "dvar": 0.308819711208, "dmean": 0.711887359619, "max": 4.54873418808, "var": 0.600526988506, "mean": 2.11409974098}}, "metadata": {"audio_properties": {"equal_loudness": 0, "codec": "vorbis", "downmix": "mix", "sample_rate": 44100, "analysis_sample_rate": 44100, "bit_rate": 320000, "md5_encoded": "3fa49ee82cbcc0c29efff5fee0fae5a4", "length": 131.153564453, "replay_gain": -13.4614543915, "lossless": false}, "version": {"essentia_build_sha": "cead25079874084f62182a551b7393616cd33d87", "essentia": "2.1-beta2", "extractor": "music 1.0", "essentia_git_sha": "v2.1_beta2-1-ge3940c0"}, "tags": {"title": ["Stupid After All"], "barcode": ["710995003725"], "media": ["CD"], "albumartist": ["Cletus"], "tracktotal": ["9"], "albumartistsort": ["Cletus"], "performer": ["Chris Lewey (bass)", "Bryan Jones (drums)", "Kevin Lewey (guitar)", "Johnny Puke (vocal)", "Chris Lewey (vocal)", "Bryan Jones (vocal)", "Kevin Lewey (vocal)"], "releasetype": ["album"], "musicbrainz_recordingid": ["175b13d0-5358-4c94-b702-e5c20af8ffb5"], "musicbrainz_releasegroupid": ["d6e53f14-f171-32e9-9a0c-6711650ca521"], "musicbrainz_albumartistid": ["3be2f1f7-fad9-4610-8417-cbf89234f3af"], "discnumber": ["1"], "catalognumber": ["JFR037"], "releasecountry": ["US"], "engineer": ["Jeff Hansell"], "producer": ["Mass Giorgini"], "date": ["1997"], "file_name": "02 Stupid After All.ogg", "disctotal": ["1"], "musicbrainz_artistid": ["3be2f1f7-fad9-4610-8417-cbf89234f3af"], "asin": ["B000005ESY"], "musicbrainz_albumid": ["8afdf719-2d55-4141-b66c-9aecc9a70f21"], "artist": ["Cletus"], "tracknumber": ["2"], "artistsort": ["Cletus"], "album": ["Protein Packed"], "label": ["Johann's Face Records"], "releasestatus": ["official"], "totaldiscs": ["1"], "script": ["Latn"], "totaltracks": ["9"]}}, "rhythm": {"bpm_histogram_first_peak_bpm": {"dmean2": 0, "median": 101, "min": 101, "dvar2": 0, "dvar": 0, "dmean": 0, "max": 101, "var": 0, "mean": 101}, "bpm": 100.824905396, "bpm_histogram_second_peak_spread": {"dmean2": 0, "median": 0, "min": 0, "dvar2": 0, "dvar": 0, "dmean": 0, "max": 0, "var": 0, "mean": 0}, "bpm_histogram_first_peak_weight": {"dmean2": 0, "median": 0.399082571268, "min": 0.399082571268, "dvar2": 0, "dvar": 0, "dmean": 0, "max": 0.399082571268, "var": 0, "mean": 0.399082571268}, "onset_rate": 3.77374243736, "beats_position": [0.580498874187, 1.16099774837, 1.764716506, 2.34521532059, 2.93732428551, 3.52943301201, 4.1099319458, 4.69043064117, 5.28253936768, 5.87464857101, 6.46675729752, 7.04725599289, 7.63936471939, 8.2198638916, 8.80036258698, 9.39247131348, 9.98458003998, 10.5650787354, 11.1455783844, 11.7260770798, 12.3181858063, 12.9102945328, 13.5140132904, 14.117732048, 14.7214508057, 15.301949501, 15.9056682587, 16.4861679077, 17.0782756805, 17.6703853607, 18.2508831024, 18.8429927826, 19.4351024628, 20.0156002045, 20.6077098846, 21.1998176575, 21.7803173065, 22.3724250793, 22.9645347595, 23.5566444397, 24.1487522125, 24.7292518616, 25.3097496033, 25.8902492523, 26.470746994, 27.0512466431, 27.6317462921, 28.2122440338, 28.7927436829, 29.3732414246, 29.9769611359, 30.5806789398, 31.1843986511, 31.7881164551, 32.391834259, 32.9839439392, 33.5760536194, 34.1681632996, 34.7718811035, 35.3639907837, 35.9677085876, 36.5598182678, 37.151927948, 37.7440338135, 38.3477554321, 38.9630813599, 39.5668029785, 40.1589126587, 40.7510185242, 41.3547401428, 41.9468460083, 42.5389556885, 43.1310653687, 43.7231750488, 44.3152809143, 44.9073905945, 45.5111083984, 46.1032180786, 46.6953277588, 47.2990455627, 47.9027671814, 48.5064849854, 49.0985946655, 49.690700531, 50.2944221497, 50.8865280151, 51.4786376953, 52.0591392517, 52.6628570557, 53.2665748596, 53.8702926636, 54.4740142822, 55.0777320862, 55.6814498901, 56.2851676941, 56.8888893127, 57.4809951782, 58.0731048584, 58.6652145386, 59.2573242188, 59.8378219604, 60.4183197021, 60.9988212585, 61.5793190002, 62.1598167419, 62.7635345459, 63.3672561646, 63.95936203, 64.5514755249, 65.1435852051, 65.7472991943, 66.3394088745, 66.9431304932, 67.5468444824, 68.1389541626, 68.7310638428, 69.3347854614, 69.9268951416, 70.5189971924, 71.1111068726, 71.7032165527, 72.2953262329, 72.8874359131, 73.4679336548, 74.060043335, 74.6521530151, 75.2442626953, 75.8363723755, 76.4284820557, 77.0205917358, 77.6126937866, 78.2048034668, 78.8085250854, 79.4006347656, 79.9927444458, 80.5964584351, 81.2001800537, 81.8039016724, 82.4192276001, 83.0113372803, 83.626663208, 84.2303848267, 84.8341064453, 85.4378204346, 86.0415420532, 86.6336517334, 87.2373657227, 87.8178634644, 88.421585083, 89.0136947632, 89.6058044434, 90.1979141235, 90.8132400513, 91.428565979, 92.0438995361, 92.6476211548, 93.251335144, 93.8550567627, 94.4703826904, 95.0857162476, 95.6894302368, 96.2931518555, 96.8852615356, 97.4773712158, 98.0810852051, 98.6848068237, 99.2769165039, 99.8690261841, 100.472740173, 101.053237915, 101.656959534, 102.260681152, 102.864395142, 103.46811676, 104.071838379, 104.675552368, 105.25605011, 105.859771729, 106.463493347, 107.067207336, 107.694145203, 108.321083069, 108.936416626, 109.563354492, 110.17868042, 110.782402039, 111.386123657, 111.978225708, 112.570335388, 113.174057007, 113.777778625, 114.358276367, 114.961990356, 115.565711975, 116.169433594, 116.773147583, 117.376869202, 117.98059082, 118.572692871, 119.164802551, 119.76852417, 120.372245789, 120.975959778, 121.579681396, 122.171791077, 122.763900757, 123.367614746, 123.959724426, 124.551834106, 125.155555725, 125.759269714, 126.339767456, 126.920272827, 127.500770569, 128.081268311, 128.661773682, 129.253875732, 129.845977783, 130.438095093], "beats_loudness": {"dmean2": 0.0165179334581, "median": 0.0378415025771, "min": 4.95301856063e-06, "dvar2": 0.000209411999094, "dvar": 6.46596599836e-05, "dmean": 0.00961094535887, "max": 0.0767029747367, "var": 8.03739239927e-05, "mean": 0.0378929898143}, "danceability": 1.59378933907, "bpm_histogram_second_peak_weight": {"dmean2": 0, "median": 0.0137614682317, "min": 0.0137614682317, "dvar2": 0, "dvar": 0, "dmean": 0, "max": 0.0137614682317, "var": 0, "mean": 0.0137614682317}, "beats_count": 219, "bpm_histogram_second_peak_bpm": {"dmean2": 0, "median": 96, "min": 96, "dvar2": 0, "dvar": 0, "dmean": 0, "max": 96, "var": 0, "mean": 96}, "bpm_histogram_first_peak_spread": {"dmean2": 0, "median": 0.595348834991, "min": 0.595348834991, "dvar2": 0, "dvar": 0, "dmean": 0, "max": 0.595348834991, "var": 0, "mean": 0.595348834991}, "beats_loudness_band_ratio": {"dmean2": [0.180066064, 0.117698229849, 0.180082991719, 0.153866574168, 0.130523562431, 0.0511685833335], "median": [0.181545302272, 0.0972395390272, 0.322582393885, 0.150663256645, 0.123261839151, 0.0716606900096], "min": [0.000215860258322, 0.00602839328349, 0.0442810691893, 0.0111268796027, 0.00766979344189, 0.00880882143974], "dvar2": [0.0415385738015, 0.011993852444, 0.0235093999654, 0.0152832521126, 0.00900071021169, 0.00412287563086], "dvar": [0.0131033863872, 0.00471242982894, 0.00895501766354, 0.00589659949765, 0.00306839542463, 0.00180181092583], "dmean": [0.101759441197, 0.0687041431665, 0.105033107102, 0.0901782810688, 0.0727129131556, 0.0301965493709], "max": [0.792212605476, 0.449054569006, 0.652955651283, 0.438158214092, 0.355952680111, 0.495711773634], "var": [0.0124711459503, 0.00599175412208, 0.0154776554555, 0.0085412338376, 0.00378815643489, 0.00168049358763], "mean": [0.195351451635, 0.122209876776, 0.337498933077, 0.172409683466, 0.131987407804, 0.0772683620453]}}, "lowlevel": {"barkbands_spread": {"dmean2": 8.13321399689, "median": 28.1572036743, "min": 0.400153279305, "dvar2": 75.7572021484, "dvar": 33.5437965393, "dmean": 5.17123603821, "max": 96.7715682983, "var": 95.9374008179, "mean": 29.4055614471}, "melbands_spread": {"dmean2": 12.2181777954, "median": 32.2523803711, "min": 0.866987705231, "dvar2": 184.390563965, "dvar": 70.1060943604, "dmean": 7.59859514236, "max": 205.79675293, "var": 217.602340698, "mean": 34.1606025696}, "hfc": {"dmean2": 12.3709135056, "median": 29.9499015808, "min": 6.75034925735e-08, "dvar2": 295.585845947, "dvar": 122.519393921, "dmean": 8.04854679108, "max": 222.857696533, "var": 221.986221313, "mean": 30.9689083099}, "barkbands_kurtosis": {"dmean2": 1.90188229084, "median": -0.108649134636, "min": -1.85391044617, "dvar2": 210.301986694, "dvar": 97.1730651855, "dmean": 1.22512018681, "max": 608.608581543, "var": 89.1314468384, "mean": 0.662661135197}, "gfcc": {"mean": [51.2870292664, 76.4368057251, -128.055343628, 31.6499633789, -50.5260658264, 8.39464378357, -33.0275650024, 11.1682806015, -26.5056552887, -2.09408354759, -21.068561554, -5.89410877228, -11.0901947021], "icov": [[0.000282327906461, -0.000323790096445, 0.000164051321917, -4.0750936023e-05, 0.000365616433555, -0.000379762233933, 0.000362085818779, -0.00050336989807, 0.000726166472305, -0.000610424089245, 0.00102805614006, -0.000583950488362, 0.000659896351863], [-0.000323790096445, 0.00363718206063, 0.000140786738484, 5.94297898715e-06, -0.00107167765964, 0.00150624371599, -0.002103026025, 0.00175206339918, -0.00217896350659, 0.00330547546037, -0.00470096245408, 0.00411468138918, -0.00251760380343], [0.000164051321917, 0.000140786738484, 0.00461582792923, -0.00156869739294, 0.000197076136828, -0.00149222288746, 0.00307447323576, -0.00357639347203, 0.00318559841253, -0.00298275100067, 0.00345534808002, -0.00458919722587, 0.00355559983291], [-4.0750936023e-05, 5.94297898715e-06, -0.00156869739294, 0.00613015005365, -0.00162656302564, -0.000265073846094, -0.00253924401477, 0.00140351138543, -0.0035395976156, 0.0034418143332, -0.00237111980096, 0.00317841116339, -0.00372837297618], [0.000365616433555, -0.00107167765964, 0.000197076136828, -0.00162656302564, 0.00942379049957, -0.00192326051183, -0.00205519958399, -0.000367804808775, 0.00300095393322, -0.00525962095708, 0.00628954358399, -0.00208711996675, -0.00117697683163], [-0.000379762233933, 0.00150624371599, -0.00149222288746, -0.000265073846094, -0.00192326051183, 0.0124163776636, -0.00526536721736, -0.000587530201301, -0.000547915289644, 0.00457593612373, -0.0078796222806, 0.00608816603199, -0.00112673512194], [0.000362085818779, -0.002103026025, 0.00307447323576, -0.00253924401477, -0.00205519958399, -0.00526536721736, 0.0151956118643, -0.00834229588509, 0.00519311847165, -0.000764680735301, 0.00187983224168, -0.00425761006773, 0.00661875726655], [-0.00050336989807, 0.00175206339918, -0.00357639347203, 0.00140351138543, -0.000367804808775, -0.000587530201301, -0.00834229588509, 0.0222323779017, -0.00903380475938, 0.000677352480125, 0.000834010075778, 0.00361294276081, -0.00450512534007], [0.000726166472305, -0.00217896350659, 0.00318559841253, -0.0035395976156, 0.00300095393322, -0.000547915289644, 0.00519311847165, -0.00903380475938, 0.019797552377, -0.00874835532159, 0.00376570201479, -0.00278758932836, 0.00540112284943], [-0.000610424089245, 0.00330547546037, -0.00298275100067, 0.0034418143332, -0.00525962095708, 0.00457593612373, -0.000764680735301, 0.000677352480125, -0.00874835532159, 0.0271994378418, -0.0149127151817, 0.00590009009466, -0.00118758995086], [0.00102805614006, -0.00470096245408, 0.00345534808002, -0.00237111980096, 0.00628954358399, -0.0078796222806, 0.00187983224168, 0.000834010075778, 0.00376570201479, -0.0149127151817, 0.0335419438779, -0.0144467195496, 0.00379789737053], [-0.000583950488362, 0.00411468138918, -0.00458919722587, 0.00317841116339, -0.00208711996675, 0.00608816603199, -0.00425761006773, 0.00361294276081, -0.00278758932836, 0.00590009009466, -0.0144467195496, 0.0319988951087, -0.0120688695461], [0.000659896351863, -0.00251760380343, 0.00355559983291, -0.00372837297618, -0.00117697683163, -0.00112673512194, 0.00661875726655, -0.00450512534007, 0.00540112284943, -0.00118758995086, 0.00379789737053, -0.0120688695461, 0.0237486530095]], "cov": [[4802.50927734, 70.8781051636, 74.5861206055, -163.884750366, -111.891662598, 48.4475746155, -17.3125762939, 57.2883682251, -109.971618652, 1.59714591503, -108.226135254, -23.8130893707, -120.085250854], [70.8781051636, 574.071594238, -229.544494629, 116.03792572, 35.3570251465, 39.4507102966, 99.8719024658, -21.7420272827, 26.1285839081, -53.4271430969, 52.4538459778, -56.5065002441, 37.4186706543], [74.5861206055, -229.544494629, 424.923919678, -14.5067873001, 8.97809791565, -2.09184741974, -55.319858551, 43.9413375854, -27.3837566376, 37.2945098877, -37.2948989868, 43.7939682007, -31.8909797668], [-163.884750366, 116.03792572, -14.5067873001, 270.517028809, 64.8530807495, 62.221157074, 79.5395278931, 19.802324295, 22.8665733337, -30.6927185059, 10.0141878128, -22.9109992981, 29.2711925507], [-111.891662598, 35.3570251465, 8.97809791565, 64.8530807495, 163.785293579, 40.2226867676, 61.039768219, 16.7873401642, -15.6546916962, 0.747937262058, -14.8062362671, -4.87068271637, 15.3831634521], [48.4475746155, 39.4507102966, -2.09184741974, 62.221157074, 40.2226867676, 147.681564331, 85.3289489746, 28.6085014343, -8.4411907196, -17.2231884003, 15.0728693008, -22.195274353, -9.06807041168], [-17.3125762939, 99.8719024658, -55.319858551, 79.5395278931, 61.039768219, 85.3289489746, 164.184265137, 41.3662528992, -7.55939722061, -21.8572750092, 7.35402441025, -21.2903175354, -10.3689060211], [57.2883682251, -21.7420272827, 43.9413375854, 19.802324295, 16.7873401642, 28.6085014343, 41.3662528992, 78.5791397095, 21.1453075409, 6.17756938934, -10.1126403809, -6.39453935623, -7.93230009079], [-109.971618652, 26.1285839081, -27.3837566376, 22.8665733337, -15.6546916962, -8.4411907196, -7.55939722061, 21.1453075409, 87.6766433716, 20.6480121613, 8.43936634064, -9.16910457611, -6.45980119705], [1.59714591503, -53.4271430969, 37.2945098877, -30.6927185059, 0.747937262058, -17.2231884003, -21.8572750092, 6.17756938934, 20.6480121613, 66.2475280762, 14.8823051453, 7.75559234619, -9.44876003265], [-108.226135254, 52.4538459778, -37.2948989868, 10.0141878128, -14.8062362671, 15.0728693008, 7.35402441025, -10.1126403809, 8.43936634064, 14.8823051453, 60.9354705811, 11.1756458282, 6.49655771255], [-23.8130893707, -56.5065002441, 43.7939682007, -22.9109992981, -4.87068271637, -22.195274353, -21.2903175354, -6.39453935623, -9.16910457611, 7.75559234619, 11.1756458282, 58.0975952148, 18.1545982361], [-120.085250854, 37.4186706543, -31.8909797668, 29.2711925507, 15.3831634521, -9.06807041168, -10.3689060211, -7.93230009079, -6.45980119705, -9.44876003265, 6.49655771255, 18.1545982361, 69.6821594238]]}, "spectral_energyband_middle_low": {"dmean2": 0.00819960050285, "median": 0.0118355657905, "min": 5.92541987698e-11, "dvar2": 9.64406717685e-05, "dvar": 3.89938395529e-05, "dmean": 0.00512780481949, "max": 0.065679885447, "var": 6.27584086033e-05, "mean": 0.0135464966297}, "melbands_crest": {"dmean2": 5.14055156708, "median": 10.1683111191, "min": 3.725897789, "dvar2": 19.8381557465, "dvar": 7.35499095917, "dmean": 3.11152148247, "max": 38.1828727722, "var": 19.4727859497, "mean": 11.0644207001}, "spectral_kurtosis": {"dmean2": 1.59397375584, "median": 3.91581821442, "min": -0.366292238235, "dvar2": 2.49468922615, "dvar": 0.915544986725, "dmean": 0.960612773895, "max": 28.1586742401, "var": 2.15292143822, "mean": 4.01483249664}, "spectral_rms": {"dmean2": 0.00134008238092, "median": 0.00530064897612, "min": 6.00407929596e-07, "dvar2": 2.0573211259e-06, "dvar": 8.26663438147e-07, "dmean": 0.000837401195895, "max": 0.0116537651047, "var": 1.56752651037e-06, "mean": 0.00533202989027}, "zerocrossingrate": {"dmean2": 0.0120264329016, "median": 0.072265625, "min": 0, "dvar2": 0.000181028357474, "dvar": 0.000136336602736, "dmean": 0.00973934866488, "max": 0.32470703125, "var": 0.00067926797783, "mean": 0.0759565979242}, "silence_rate_60dB": {"dmean2": 0.00495750689879, "median": 0, "min": 0, "dvar2": 0.00493295118213, "dvar": 0.00247221137397, "dmean": 0.00247831479646, "max": 1, "var": 0.0141312265769, "mean": 0.0143362833187}, "erbbands_kurtosis": {"dmean2": 0.770063102245, "median": -0.392285346985, "min": -1.67343628407, "dvar2": 1.06203961372, "dvar": 0.432212650776, "dmean": 0.476989269257, "max": 16.1748905182, "var": 1.02808392048, "mean": -0.14644767344}, "erbbands": {"dmean2": [0.14713601768, 1.38669407368, 3.46880507469, 7.40401554108, 7.92257642746, 10.3166751862, 14.0743141174, 10.9973592758, 15.2433443069, 46.8299942017, 44.8703918457, 37.290184021, 51.9093093872, 52.2810401917, 40.1388168335, 36.1680221558, 24.2947635651, 42.4038276672, 51.6624984741, 34.1119689941, 41.4155769348, 32.8378791809, 28.8974437714, 30.1459674835, 23.6449489594, 17.8967914581, 10.851934433, 8.09167957306, 4.79962396622, 3.57159543037, 2.59966182709, 1.97913062572, 1.43920600414, 1.51291954517, 0.921031475067, 0.350497990847, 0.0923526957631, 0.0150673436001, 0.00177725218236, 9.37046133913e-05], "median": [0.0361391343176, 0.471159994602, 1.90340864658, 6.01702308655, 7.05478811264, 8.04403400421, 6.84840583801, 5.2208032608, 8.48114490509, 14.7364387512, 16.6981754303, 22.1952610016, 28.5697212219, 29.2337417603, 24.5674209595, 20.152929306, 18.4582462311, 28.6911373138, 35.4664344788, 28.124584198, 38.4125976562, 34.1536254883, 31.1650276184, 33.179725647, 27.729850769, 18.5919532776, 12.5241031647, 9.90792560577, 4.2756652832, 2.97230005264, 2.17084908485, 1.58229637146, 1.02992224693, 0.640582501888, 0.278037577868, 0.0994341298938, 0.029925076291, 0.00534327793866, 0.000709222746082, 7.98905675765e-05], "min": [5.95342841692e-09, 2.12891855256e-08, 3.63917571633e-08, 4.64394744881e-08, 6.51957421383e-08, 6.71733104696e-08, 6.95706532383e-08, 8.43294429842e-08, 7.19523640669e-08, 7.81007116757e-08, 7.17536323691e-08, 7.03912590438e-08, 7.29127194177e-08, 7.08210450284e-08, 6.65937349709e-08, 6.05214154348e-08, 5.27368406722e-08, 4.68804124409e-08, 4.33727116445e-08, 4.18521857171e-08, 3.67425876391e-08, 3.03343092867e-08, 2.77598442011e-08, 2.52547405211e-08, 2.09486543667e-08, 1.92408027289e-08, 1.60900626156e-08, 1.44826586279e-08, 1.20945804483e-08, 1.02975192817e-08, 8.35963920309e-09, 6.29567642463e-09, 4.36217995059e-09, 2.81591638895e-09, 1.72817282706e-09, 9.97798177416e-10, 4.9166926086e-10, 1.74044348378e-10, 3.74018940819e-11, 4.09452506622e-12], "dvar2": [0.103193193674, 8.75067138672, 31.34907341, 67.9245452881, 92.4863128662, 178.613937378, 642.591247559, 521.473266602, 812.328796387, 8269.12792969, 6872.85693359, 4709.17529297, 8050.75927734, 8571.71484375, 4673.01416016, 3863.01171875, 1679.43273926, 4598.58300781, 5502.45458984, 2432.20263672, 3105.91821289, 1698.1685791, 1355.39709473, 1438.91516113, 891.638183594, 531.122009277, 186.730041504, 96.3422088623, 60.283164978, 82.3268280029, 58.9333076477, 51.6707458496, 32.4451637268, 33.989315033, 12.3955516815, 2.36972546577, 0.13114015758, 0.00265654432587, 2.03766358027e-05, 3.77910680527e-08], "dvar": [0.0386546701193, 3.17216825485, 11.0638599396, 24.4023895264, 34.6155281067, 66.4701690674, 305.975372314, 195.389205933, 395.134063721, 3559.32202148, 3006.70996094, 1853.26416016, 3057.7175293, 3420.43017578, 1962.73571777, 1490.43457031, 691.995727539, 1951.06262207, 2428.40600586, 1055.36157227, 1263.0020752, 687.058532715, 586.192932129, 559.337463379, 335.017181396, 212.651000977, 71.7627105713, 36.9404029846, 24.6815338135, 34.3001594543, 24.1035461426, 20.7701568604, 12.1602344513, 12.9281768799, 5.13035392761, 0.959476113319, 0.0546308904886, 0.00110794929788, 8.7999715106e-06, 1.72629501805e-08], "dmean": [0.0830697417259, 0.774934351444, 1.96717333794, 4.34730625153, 4.66297149658, 6.18074464798, 8.94953155518, 6.62822008133, 9.58689212799, 29.5167312622, 29.4690570831, 23.0569343567, 31.341545105, 33.6821022034, 25.6590652466, 22.3130397797, 15.3565149307, 27.2426071167, 33.2285728455, 21.8562927246, 25.7197952271, 20.4168930054, 18.153345108, 18.580116272, 14.4031572342, 10.8053674698, 6.47087430954, 4.83251476288, 2.96514010429, 2.25811910629, 1.64768254757, 1.24211156368, 0.887394368649, 0.953244805336, 0.582152366638, 0.225184932351, 0.0602008625865, 0.0101028112695, 0.00119478825945, 6.54564937577e-05], "max": [1.73300254345, 15.9621229172, 41.598613739, 60.3470535278, 91.1710510254, 135.605209351, 342.200775146, 236.637664795, 829.149108887, 1013.92175293, 747.041320801, 979.170959473, 658.756103516, 994.800720215, 1047.35864258, 508.273834229, 510.817108154, 681.907958984, 710.467163086, 419.057403564, 523.909423828, 470.523712158, 590.995239258, 362.847290039, 389.400939941, 276.721405029, 154.736434937, 98.6020202637, 94.9320220947, 235.868606567, 164.929489136, 130.944473267, 109.621070862, 96.4314498901, 76.506439209, 30.6296081543, 5.88681793213, 0.828335940838, 0.053801510483, 0.00288351858035], "var": [0.0277422480285, 2.17288208008, 9.21482563019, 35.8481903076, 60.2257232666, 104.801063538, 804.840270996, 197.172164917, 1028.56347656, 5237.62890625, 5537.54638672, 2289.60180664, 4103.60644531, 8064.42333984, 6724.52246094, 2688.4375, 1216.2277832, 4128.19238281, 5901.22070312, 1930.52526855, 2212.77783203, 1312.25378418, 1132.76757812, 1089.71105957, 658.021911621, 406.126098633, 145.692901611, 83.098449707, 40.7967224121, 44.2524795532, 28.7672710419, 23.0074729919, 11.7877817154, 12.1335630417, 5.15622520447, 0.942700266838, 0.05966437608, 0.00125272572041, 1.145900751e-05, 2.66271200644e-08], "mean": [0.0804868414998, 0.844795584679, 2.70979166031, 7.36088418961, 8.97873306274, 10.8218917847, 15.9416646957, 9.4993724823, 15.902718544, 40.9654159546, 46.5581626892, 36.9123268127, 49.085319519, 62.145236969, 50.4768486023, 39.2776145935, 28.8491535187, 51.1178474426, 65.1288375854, 43.0874900818, 52.4768981934, 44.6327095032, 40.7039337158, 41.8533325195, 34.1225090027, 24.0100498199, 15.9180860519, 12.4539766312, 6.09597969055, 4.59347057343, 3.26289224625, 2.40685677528, 1.67848801613, 1.36369991302, 0.736429214478, 0.286577999592, 0.0808730199933, 0.0142221543938, 0.00175120669883, 0.000132475863211]}, "spectral_strongpeak": {"dmean2": 1.27106416225, "median": 0.542053043842, "min": 0, "dvar2": 2.30392718315, "dvar": 0.937193036079, "dmean": 0.739511787891, "max": 8.30907154083, "var": 1.42426109314, "mean": 1.10894811153}, "spectral_energy": {"dmean2": 0.0163693707436, "median": 0.028799302876, "min": 3.69501901298e-10, "dvar2": 0.00038119679084, "dvar": 0.000147689701407, "dmean": 0.00997855514288, "max": 0.139205500484, "var": 0.000188391990378, "mean": 0.0307480078191}, "average_loudness": 0.979703843594, "spectral_rolloff": {"dmean2": 886.066833496, "median": 1873.38867188, "min": 21.533203125, "dvar2": 1601024.75, "dvar": 679322.375, "dmean": 536.370178223, "max": 12532.3242188, "var": 1189556.5, "mean": 2025.60888672}, "spectral_centroid": {"dmean2": 342.951477051, "median": 1735.90979004, "min": 318.438476562, "dvar2": 100344.953125, "dvar": 40701.2851562, "dmean": 216.939834595, "max": 4577.15527344, "var": 180556.5625, "mean": 1770.0826416}, "pitch_salience": {"dmean2": 0.111120216548, "median": 0.61134916544, "min": 0.0698225423694, "dvar2": 0.00975568406284, "dvar": 0.00378653616644, "dmean": 0.06761687994, "max": 0.873993515968, "var": 0.00906027294695, "mean": 0.604755699635}, "spectral_energyband_middle_high": {"dmean2": 0.00436329096556, "median": 0.00897713750601, "min": 1.01006139216e-11, "dvar2": 3.00428600895e-05, "dvar": 1.23478994283e-05, "dmean": 0.00288189202547, "max": 0.050297126174, "var": 3.57542194251e-05, "mean": 0.00994379352778}, "spectral_contrast_coeffs": {"dmean2": [0.0830014497042, 0.0804932713509, 0.0633805841208, 0.0524150058627, 0.0347602963448, 0.028523331508], "median": [-0.629512548447, -0.749123811722, -0.762793898582, -0.770478904247, -0.786952257156, -0.739508509636], "min": [-0.958202719688, -0.977499902248, -0.970252811909, -0.943711936474, -0.954257428646, -0.921435773373], "dvar2": [0.004518577829, 0.00430106930435, 0.00251310877502, 0.0017453331966, 0.000792495091446, 0.000575591053348], "dvar": [0.0016839109594, 0.0017230847152, 0.00102434982546, 0.000763082585763, 0.000325099710608, 0.000245069386438], "dmean": [0.0505371242762, 0.0493350103498, 0.0394097752869, 0.0329854488373, 0.0214183218777, 0.0181032437831], "max": [-0.331232905388, -0.356440752745, -0.42530632019, -0.477482110262, -0.556696295738, -0.580944240093], "var": [0.00503077544272, 0.00649139750749, 0.00359904672951, 0.00283576361835, 0.00116324902046, 0.00115647877101], "mean": [-0.625866413116, -0.737094700336, -0.757303714752, -0.764982521534, -0.781838417053, -0.739598810673]}, "melbands_skewness": {"dmean2": 0.856107711792, "median": 1.70661306381, "min": -0.895557284355, "dvar2": 0.838678538799, "dvar": 0.344777971506, "dmean": 0.5428378582, "max": 14.6172599792, "var": 0.967037022114, "mean": 1.86648190022}, "spectral_spread": {"dmean2": 626075.9375, "median": 4061525, "min": 2035462.125, "dvar2": 752818192384, "dvar": 398757756928, "dmean": 432255.9375, "max": 23007670, "var": 1184314294270.0, "mean": 4288196.5}, "dissonance": {"dmean2": 0.0220109224319, "median": 0.482014238834, "min": 0.212287575006, "dvar2": 0.000420245632995, "dvar": 0.000166355035617, "dmean": 0.0129557494074, "max": 0.500000059605, "var": 0.000375818111934, "mean": 0.477769076824}, "spectral_skewness": {"dmean2": 0.240450739861, "median": 1.38579559326, "min": 0.432599753141, "dvar2": 0.0459472090006, "dvar": 0.0188071504235, "dmean": 0.151994720101, "max": 3.61200785637, "var": 0.0695424601436, "mean": 1.3798443079}, "spectral_flux": {"dmean2": 0.041140396148, "median": 0.0916488319635, "min": 7.92182909208e-05, "dvar2": 0.00137479603291, "dvar": 0.00075401639333, "dmean": 0.0271359421313, "max": 0.300652831793, "var": 0.00152497168165, "mean": 0.0993836447597}, "spectral_contrast_valleys": {"dmean2": [0.652572870255, 0.591389596462, 0.514075160027, 0.420813977718, 0.322297662497, 0.326513439417], "median": [-6.86801099777, -6.34182071686, -6.63808012009, -6.98754167557, -6.64632749557, -9.5562286377], "min": [-19.2025814056, -18.5636634827, -19.2781658173, -19.8154830933, -19.4950046539, -21.3694992065], "dvar2": [0.289609253407, 0.250900536776, 0.210973054171, 0.132090553641, 0.0922521129251, 0.137014195323], "dvar": [0.114017985761, 0.105614840984, 0.0937396138906, 0.0621002614498, 0.0444088988006, 0.0678027048707], "dmean": [0.391535311937, 0.366669356823, 0.331457018852, 0.269905358553, 0.205961450934, 0.221916422248], "max": [-5.40273809433, -4.49916410446, -4.74770116806, -5.4099612236, -5.38426733017, -7.25781059265], "var": [0.793152749538, 0.749143362045, 0.800157546997, 0.546019613743, 0.518647909164, 0.567399740219], "mean": [-7.03713703156, -6.44528198242, -6.75134897232, -7.07796478271, -6.73164844513, -9.64845371246]}, "erbbands_flatness_db": {"dmean2": 0.0201852954924, "median": 0.136363402009, "min": 0.0529374107718, "dvar2": 0.00034856190905, "dvar": 0.000174109562067, "dmean": 0.0136120701209, "max": 0.313732564449, "var": 0.00111825834028, "mean": 0.138985127211}, "spectral_energyband_high": {"dmean2": 0.000702508143149, "median": 0.000951192574576, "min": 2.25285068378e-12, "dvar2": 1.71480053268e-06, "dvar": 7.02720058143e-07, "dmean": 0.000442596967332, "max": 0.0237016882747, "var": 1.02165063254e-06, "mean": 0.0011658181902}, "spectral_entropy": {"dmean2": 0.144698679447, "median": 7.83237791061, "min": 5.73116350174, "dvar2": 0.0220603235066, "dvar": 0.0110520441085, "dmean": 0.0965814068913, "max": 9.01794052124, "var": 0.0657470822334, "mean": 7.81382274628}, "silence_rate_20dB": {"dmean2": 0, "median": 1, "min": 1, "dvar2": 0, "dvar": 0, "dmean": 0, "max": 1, "var": 0, "mean": 1}, "melbands_flatness_db": {"dmean2": 0.0321974791586, "median": 0.138048261404, "min": 0.0414758361876, "dvar2": 0.000989741529338, "dvar": 0.000392598798499, "dmean": 0.0202421415597, "max": 0.404350459576, "var": 0.00132102123462, "mean": 0.143135502934}, "barkbands": {"dmean2": [0.000151657353854, 0.00571337388828, 0.00356018845923, 0.00261215632781, 0.00279197702184, 0.00158067047596, 0.00181848788634, 0.00232589058578, 0.00191462237854, 0.00171483203303, 0.00109831604641, 0.000921867962461, 0.000581999251153, 0.0010019200854, 0.000960296427365, 0.000805356772617, 0.00069707253715, 0.000536185223609, 0.000508436816745, 0.000365427898942, 0.00022617779905, 0.000130469008582, 9.61340701906e-05, 8.59703359311e-05, 0.000129774853121, 5.84206973144e-05, 1.04646178443e-05], "median": [2.0135565137e-05, 0.00179052213207, 0.00208022771403, 0.001855379669, 0.00272749294527, 0.000729784020223, 0.000647211330943, 0.000791225524154, 0.000970969733316, 0.00087509478908, 0.000524374074303, 0.000437171023805, 0.000353138195351, 0.000574366655201, 0.000480258633615, 0.000653335242532, 0.000600659870543, 0.000516218366101, 0.000615694094449, 0.00036198014277, 0.000289811228868, 0.00011361509678, 8.07201358839e-05, 6.78745273035e-05, 4.88970872539e-05, 1.79463404493e-05, 4.23813116868e-06], "min": [1.4050779984e-10, 1.28236699037e-10, 2.93833603282e-11, 1.60952657452e-11, 2.07487672876e-11, 1.00333187938e-11, 5.24312798039e-12, 3.10509257195e-12, 3.28055443054e-12, 2.22463822537e-12, 1.63407221782e-12, 1.43051000732e-12, 1.1692695423e-12, 8.58604745461e-13, 8.14355690087e-13, 7.02701460388e-13, 5.28770766322e-13, 5.19579767665e-13, 4.4048093081e-13, 4.04518730795e-13, 3.73219088013e-13, 3.37742285311e-13, 2.95542290727e-13, 2.80803510869e-13, 2.44961060984e-13, 2.60981340705e-13, 2.65496554862e-13], "dvar2": [7.68751320379e-08, 0.000151925414684, 2.49196600635e-05, 9.66884999798e-06, 1.10477076305e-05, 8.89926741365e-06, 1.1475482097e-05, 2.01078692044e-05, 1.12629149953e-05, 8.25248935143e-06, 3.33311368195e-06, 2.38681104747e-06, 8.89991611075e-07, 2.35759648604e-06, 2.05836295208e-06, 1.204121304e-06, 8.12444284293e-07, 4.54401970273e-07, 3.75971524136e-07, 2.17566679339e-07, 7.37355563274e-08, 4.31784243915e-08, 8.13358127516e-08, 1.16546196693e-07, 2.19502737764e-07, 5.99876699425e-08, 7.18169246294e-10], "dvar": [3.14950057145e-08, 5.5823380535e-05, 8.78282571648e-06, 3.4443057757e-06, 4.18853687734e-06, 3.73150942323e-06, 5.00511623613e-06, 8.45950671646e-06, 4.46639842266e-06, 3.1729841794e-06, 1.4396844108e-06, 9.35345269681e-07, 3.76667685487e-07, 9.70373662312e-07, 8.76395176874e-07, 5.10025586209e-07, 3.30385518055e-07, 1.95060181341e-07, 1.45523216588e-07, 8.50296402177e-08, 2.81779897193e-08, 1.80313346476e-08, 3.35771872528e-08, 4.48123032015e-08, 8.7450402475e-08, 2.4253683506e-08, 3.09702069545e-10], "dmean": [9.26689172047e-05, 0.00322869420052, 0.00204377551563, 0.00152168271597, 0.00168611609843, 0.000988992978819, 0.00113106460776, 0.00150828261394, 0.00116873241495, 0.00107383134309, 0.000701413897332, 0.000567871553358, 0.000366349384421, 0.000631098053418, 0.000608128029853, 0.000501560803968, 0.000429952167906, 0.000338506215485, 0.000312241725624, 0.000221026944928, 0.000135630602017, 8.07605683804e-05, 6.09089183854e-05, 5.34690334462e-05, 8.26767136459e-05, 3.79075136152e-05, 7.11247412255e-06], "max": [0.00224395189434, 0.0669535398483, 0.0377579629421, 0.0240677185357, 0.0347469747066, 0.0355939902365, 0.0480283610523, 0.057506237179, 0.0338711924851, 0.0243132784963, 0.0193499419838, 0.0127952257171, 0.009331388399, 0.0145151503384, 0.0131993424147, 0.0109443478286, 0.0102581996471, 0.00930975098163, 0.00626264885068, 0.00432637613267, 0.00248575932346, 0.00276436982676, 0.00602886406705, 0.00638565979898, 0.00712101254612, 0.00451139360666, 0.000368437933503], "var": [3.83410991844e-08, 3.9227266825e-05, 8.68007464305e-06, 5.02895045429e-06, 7.1961590038e-06, 6.49476123726e-06, 8.84203109308e-06, 1.26953418658e-05, 5.39766233487e-06, 6.1355476646e-06, 3.99989130528e-06, 1.70619205164e-06, 7.0037816613e-07, 1.87540115348e-06, 2.00162844521e-06, 8.03933289717e-07, 6.35559786133e-07, 3.72417076733e-07, 3.3626105278e-07, 1.54941730557e-07, 6.98204658534e-08, 3.12187928841e-08, 4.05228561817e-08, 4.53735928829e-08, 8.80242936319e-08, 2.46071465426e-08, 4.04571043333e-10], "mean": [9.95005029836e-05, 0.00341602624394, 0.0028561106883, 0.00243875826709, 0.00338853173889, 0.00156403868459, 0.00163939164486, 0.00222540460527, 0.0017139504198, 0.00181833002716, 0.00122844194993, 0.000935868709348, 0.000616371165961, 0.00108436122537, 0.00107325788122, 0.00092398567358, 0.000851889140904, 0.000695919268765, 0.000766444136389, 0.00047744839685, 0.000366495049093, 0.000165484088939, 0.000121747252706, 0.00010533616296, 0.000113835769298, 5.0156875659e-05, 1.05121298475e-05]}, "erbbands_skewness": {"dmean2": 0.454033255577, "median": -0.0656274631619, "min": -2.73770213127, "dvar2": 0.165204003453, "dvar": 0.0709733143449, "dmean": 0.293545484543, "max": 3.35432648659, "var": 0.262478679419, "mean": -0.0353521741927}, "erbbands_spread": {"dmean2": 8.93594551086, "median": 34.9633865356, "min": 8.50909614563, "dvar2": 73.8944168091, "dvar": 32.3143348694, "dmean": 5.8460483551, "max": 110.44947052, "var": 142.987045288, "mean": 36.4696807861}, "melbands_kurtosis": {"dmean2": 5.00900650024, "median": 3.09738659859, "min": -1.78179419041, "dvar2": 110.007049561, "dvar": 48.3141555786, "dmean": 3.14060759544, "max": 305.376647949, "var": 64.7201690674, "mean": 4.93188381195}, "melbands": {"dmean2": [0.00146792957094, 0.00181380717549, 0.00117793888785, 0.000644977786578, 0.000458100956166, 0.000258044601651, 0.00027248475817, 0.000513457052875, 0.000371625472326, 0.000244527473114, 0.000261566718109, 0.000218398869038, 0.000140374293551, 0.000119935000839, 7.32733678888e-05, 5.22319642187e-05, 9.13284602575e-05, 8.90059309313e-05, 6.59402139718e-05, 5.66956950934e-05, 5.16292784596e-05, 3.59151708835e-05, 3.60899502994e-05, 2.74929425359e-05, 2.77622748399e-05, 1.73935241037e-05, 1.6338266505e-05, 1.30288226501e-05, 7.25593372408e-06, 7.02729857949e-06, 4.3147301767e-06, 3.05906610265e-06, 2.49077015724e-06, 2.04074740395e-06, 1.61434309121e-06, 1.54940050834e-06, 1.15365594411e-06, 1.02345802588e-06, 1.15837224257e-06, 1.41712382629e-06], "median": [0.000428738858318, 0.000943915103562, 0.00110717117786, 0.000595793942921, 0.00026758844615, 0.000123