{"tonal": {"thpcp": [1, 0.58950394392, 0.247969031334, 0.215624377131, 0.282792329788, 0.650543034077, 0.93644118309, 0.697686135769, 0.579424977303, 0.612429797649, 0.412791550159, 0.277956277132, 0.260435760021, 0.288687437773, 0.497647851706, 0.64484077692, 0.526160478592, 0.529575824738, 0.638271987438, 0.600538432598, 0.583904862404, 0.533514261246, 0.314817607403, 0.185481846333, 0.198817506433, 0.226508527994, 0.27322229743, 0.26654741168, 0.26994356513, 0.474708467722, 0.556940674782, 0.342746585608, 0.213276073337, 0.242286846042, 0.367832511663, 0.781509637833], "hpcp": {"dmean2": [0.210619181395, 0.152488261461, 0.11463612318, 0.130872026086, 0.174563571811, 0.232451558113, 0.261355817318, 0.223429858685, 0.155270174146, 0.156444266438, 0.183408498764, 0.239232346416, 0.24353325367, 0.279101073742, 0.234656333923, 0.201955214143, 0.188577055931, 0.153935998678, 0.141603857279, 0.142004519701, 0.186892569065, 0.206688717008, 0.214304298162, 0.274621039629, 0.342487543821, 0.291133821011, 0.238588422537, 0.208533555269, 0.146991163492, 0.0972367450595, 0.0955280587077, 0.0962699279189, 0.107474170625, 0.121258325875, 0.13567198813, 0.197211697698], "median": [0.060780659318, 0.0385490432382, 0.0211171805859, 0.0191276669502, 0.0323475450277, 0.086172029376, 0.120801329613, 0.0699300691485, 0.0208792425692, 0.0137968789786, 0.0172507315874, 0.0521246790886, 0.0781690329313, 0.0797217935324, 0.0531852766871, 0.0454620085657, 0.0295397862792, 0.0248587243259, 0.0263714194298, 0.0255861729383, 0.0388733670115, 0.0597680546343, 0.0624014660716, 0.0635221004486, 0.0590121671557, 0.0579684525728, 0.0663905292749, 0.0642544403672, 0.0378540232778, 0.0171562880278, 0.0164140611887, 0.017502265051, 0.0227888971567, 0.0252054966986, 0.0253302380443, 0.0460662320256], "min": [0, 0, 0, 0, 0, 0, 0, 0, 0, 0, 0, 0, 0, 0, 0, 0, 0, 0, 0, 0, 0, 0, 0, 0, 0, 0, 0, 0, 0, 0, 0, 0, 0, 0, 0, 0], "dvar2": [0.0925484076142, 0.0639455094934, 0.0492680445313, 0.0652978345752, 0.0845994576812, 0.0932979658246, 0.118139885366, 0.0976377278566, 0.0849777683616, 0.0982441753149, 0.114871948957, 0.118419885635, 0.127738893032, 0.138404875994, 0.117248207331, 0.092731051147, 0.101433545351, 0.0834807008505, 0.0644411891699, 0.061691686511, 0.0798831954598, 0.0868817716837, 0.087464928627, 0.120516821742, 0.158345416188, 0.135084614158, 0.10349393636, 0.0877386853099, 0.059077527374, 0.0402274727821, 0.0410218127072, 0.0407671518624, 0.0448654405773, 0.049404039979, 0.0574927143753, 0.0929502472281], "dvar": [0.0371897667646, 0.0240969434381, 0.0181755851954, 0.0245651770383, 0.032934140414, 0.0398905649781, 0.0486982874572, 0.0370093397796, 0.0314406678081, 0.0354180559516, 0.0414478890598, 0.0460094995797, 0.0549818612635, 0.0492332875729, 0.0436424911022, 0.0387067310512, 0.0388368964195, 0.0309724416584, 0.0240062922239, 0.0235508922487, 0.0317533239722, 0.0363149121404, 0.0340464822948, 0.0455786585808, 0.0659974962473, 0.0543839670718, 0.0412280894816, 0.0353307835758, 0.0229313373566, 0.0151675762609, 0.0154627673328, 0.0161526147276, 0.018004566431, 0.0187196303159, 0.0209943410009, 0.035510007292], "dmean": [0.124113678932, 0.0891589596868, 0.0652623847127, 0.0754049494863, 0.09992146492, 0.139644607902, 0.153110787272, 0.1297570467, 0.0863436535001, 0.0849068909883, 0.101242281497, 0.139331430197, 0.141744092107, 0.161137223244, 0.135502994061, 0.118475668132, 0.10860093683, 0.0873805433512, 0.0798938944936, 0.0810459032655, 0.110894910991, 0.124011322856, 0.126447230577, 0.159166768193, 0.199826270342, 0.173692420125, 0.139204055071, 0.124255076051, 0.0857723578811, 0.0558353289962, 0.05533131212, 0.0578533671796, 0.0635912120342, 0.0710225775838, 0.0783000662923, 0.114302359521], "max": [1, 1, 1, 1, 1, 1, 1, 1, 1, 1, 1, 1, 1, 1, 1, 1, 1, 1, 1, 1, 1, 1, 1, 1, 1, 1, 1, 1, 1, 1, 1, 1, 1, 1, 1, 1], "var": [0.0611866526306, 0.0273168291897, 0.0157013144344, 0.0240826681256, 0.0381334796548, 0.0899771079421, 0.124416850507, 0.0565679073334, 0.0237354394048, 0.0239888373762, 0.0333371050656, 0.0745687261224, 0.136563032866, 0.0713357925415, 0.0662723854184, 0.0834521949291, 0.0473426803946, 0.0282270982862, 0.0221262481064, 0.0258008539677, 0.057083401829, 0.0790674909949, 0.0491948984563, 0.0496237948537, 0.0757682621479, 0.0666648074985, 0.0647999420762, 0.0529210418463, 0.0248857382685, 0.0141316233203, 0.0174232162535, 0.0215849429369, 0.0296094305813, 0.0226674582809, 0.0214704889804, 0.0506382957101], "mean": [0.168531626463, 0.103715963662, 0.0645378679037, 0.0733165964484, 0.111307024956, 0.236486747861, 0.302602469921, 0.178385347128, 0.0750360414386, 0.0652484670281, 0.0855736583471, 0.196855932474, 0.283369421959, 0.211121544242, 0.175335422158, 0.185322761536, 0.124911740422, 0.0841102600098, 0.0788085013628, 0.0873575359583, 0.150589466095, 0.19513040781, 0.159217461944, 0.160250946879, 0.193142682314, 0.181724414229, 0.176691055298, 0.161442726851, 0.0952645838261, 0.0561272650957, 0.0601626671851, 0.0685420408845, 0.082677744329, 0.0806579068303, 0.0816855877638, 0.143647953868]}, "tuning_equal_tempered_deviation": 0.0459504835308, "chords_changes_rate": 0.0745704472065, "key_key": "F#", "tuning_diatonic_strength": 0.497777044773, "key_scale": "minor", "chords_number_rate": 0.00446735415608, "tuning_frequency": 438.224517822, "tuning_nontempered_energy_ratio": 0.715097308159, "chords_histogram": [4.91408920288, 27.7319583893, 2.646048069, 7.45704460144, 0.343642622232, 2.37113404274, 0.44673538208, 0.412371128798, 11.683848381, 1.85567009449, 0.99656355381, 0, 0, 1.89003431797, 0, 1.23711335659, 2.2336769104, 0.0343642607331, 0.790378034115, 0, 3.29896903038, 0.44673538208, 24.7079029083, 4.50171804428], "key_strength": 0.492333203554, "chords_key": "A", "chords_strength": {"dmean2": 0.0117426617071, "median": 0.437112748623, "min": -1, "dvar2": 0.00149563699961, "dvar": 0.000783170922659, "dmean": 0.0111739905551, "max": 0.786823928356, "var": 0.0494975298643, "mean": 0.424498081207}, "chords_scale": "major", "hpcp_entropy": {"dmean2": 1.05775427818, "median": 2.26992583275, "min": 0, "dvar2": 0.790350019932, "dvar": 0.285526961088, "dmean": 0.627002537251, "max": 4.32210874557, "var": 0.634436488152, "mean": 2.20882439613}}, "metadata": {"audio_properties": {"equal_loudness": 0, "codec": "flac", "downmix": "mix", "sample_rate": 44100, "analysis_sample_rate": 44100, "bit_rate": 0, "md5_encoded": "39ebcae9db4d2698dd2ed604bb650ab6", "length": 135.066665649, "replay_gain": -11.8752880096, "lossless": true}, "version": {"essentia_build_sha": "70f2e5ece6736b2c40cc944ad0e695b16b925413", "essentia": "2.1-beta2", "extractor": "music 1.0", "essentia_git_sha": "v2.1_beta2"}, "tags": {"title": ["Boston (version II)"], "barcode": ["090771111623"], "albumartist": ["The Byrds"], "tracktotal": ["20"], "language": ["English"], "musicbrainz_recordingid": ["175b4739-c942-4617-96c5-6514a6b6fa59"], "artistsort": ["Byrds, The"], "musicbrainz_albumartistid": ["2819834e-4e08-47b0-a2c4-b7672318e8f0"], "musicbrainz_releasetrackid": ["0d052e2d-eb60-3d39-8a1c-f68f3ad75acd"], "discnumber": ["1"], "album": ["The Preflyte Sessions"], "catalognumber": ["SC 11116"], "releasecountry": ["US"], "file_name": "08-Boston (version II).flac", "compilation": ["1"], "acoustid_fingerprint": ["AQADtEqYZEmcREmQZ7HwZRdK_XAuGZ1JEtIWc_hb_GgPX1qPidqC_KhlwZEVyvgyq4glHcnxLMNH9KGD-Xh5lFyOU0Y-xvBJlMyP72iiE32W47egOo9QykEYVsF7vD5qB_5x5vhHIhHdI6ak4UkCO9imLUWvKSHacRN89MZ_PBEqaskRRs5xS3mg3UF6uA4mLlFw6Th-3EwR54WUTDrCH8cn9ImMW9LwGz5zPMf7wzmsaqi-I9d06BfCihemTMee4-zBYzpRO8cT5UiW-ArCF0czos2GK1-Ei0Sz58cx7oHlHdyD9BmNRA4VB0-ko9dxo4d5Gd9y4fuCpLmJNHRiuAcf_IQvlN_wqEmDX0Ov5Ye_8HjhRD1yHpqm5giO01Fg-_iC82iio2MKTkJ-JHGWF-9RhUMTis2x8yjJ0jDz4MsFPzl64T6eg50mCmE4RovQH49o6C_y4ice2bgq42GHaj-m7Me19OiPI-TS4gvqo_lDnKnRMNRRHbo0HT_hfNRxoTFjoY8C_UHzQTuDLy1CvkRTnBnR54EjB1d4nCJMzNMfuOKD54OfCL0ilO2NhtHx1SEeL3CO5NORTwl-Gw3fEBP14Tr2H5XgREs61D_45Mj1Q_vR7OiroUlOqIsSVtC-aDTSL2hX4akPTmSKJzv6oNld4Tdu9IuMEzl3mFEO9Sw6jamQH6do9MrRfNipHDd-nNTwHLGOZJtU4YfZVcZz4RT84WMWD7sS-MFzKcjVQ7PxDTmNWw_qHs0VfDt-FK4OP6B_xMmhUjKiM8OlHT-8ONHwloErKUed4kfSHGGiPFOGD-4xPQlqxkbz4GOPKzPyecug3Rwy3bh7dHRwh-Vw52jGBD2-I_8DNW04hDpOwz_yE8mZYnWEm_hxnfg8JC9itTY25QKfDRuXrMOVospkI4f2R0g_HS_MPENv9IcvpcOTYwvp4w1iD0KuBOaPOk3xKMfMnQOanwitGmofhItpbLlhKjtePAd1deib4OQRlJTgH4-ew2l4SPFy_EQe0UHvo5n-Cf_xHHVyONLR_Yh46LmQq2i8D1V2nEElZvCCPceVHPeOI5MaTJKEP2ES6LrQL_A_hD--ltiVo84T4rXxHU1-ZO2hZ8qEahFb-CO0CywZIpdOXMkc7E04lEdz7fjFBHkm7mhyr9D7IH1I1A-KxsKeMLg0o9aJZsyP50AsMSc-IV-LTtmPJtSxKwyu4EL_wM9wbYW9H0nTuIgWPNlxJxTMBz0R6oeY7Mh5CXS-wBd-3EeYLfEUJNeL4_TR5HgZnLokhM-hR0kSjcgvgTyu4w8ad0Of48jRSzzSKkDlCPkPOT0u8kGYp2jjDy_xoD985im2D6F0IZmyGRu3hEFt9ehNwU_MwBUj9PjCIbx8NNM-PN80NJOg6cd5nIzR3Eft48cPLf8Q6jnxLD3yC3xC-GI0PA4xJYfmuCJ0iWhJIh15_Hipo6KYE3EanNCZHNeNPjO8C3pi9EX94zoqv5Cp48eqfrgYHR_0HPzR5_AeqM0RPTkeiYRRPUQ9Fo2P68FzJMtbI9J1PAt41A-muDiVKMGP3Dq08CNuXDoS-nCoLEXPo8qPbQyY6xmeG0-E6EqhFc14XFmOJx-aHiOVF42PJ8TM6FAt9IhW5-hz4ssT_JgSM0f-I3l2jPLRZylxikdzlA_yT0jeowmfoG_wzQafoGcQrVyMhA5qRcWtoMm-oSe-4-GP5JIe_Mf044MoNghpDeceHE2dEf1xIZSQLOqS40uOEwdT7sKPi3TgF-WPD_MP5zk-PUYl5thz5D60J6pi9DnCbJOH_xHejMKP7ifCuAa3KMtxCp8QPUlwOhE6z4GjfmhxUkZO6Ml49EuQ_iiPPerwMEGY9kJ1ldC6Xgjz4MYlquhDzfCLygb7HO-HpMtHIudRNonhyDv248eNHz5RHz_eoukR_tih9yCi_yi14TuOC7FFQ9QnxDzxfPAevCGabjlwGb2K5tA1NWii7aguHu3CBs2P5zVCKtkhVjly6sd2JjA_gZOkx7CYKEIyHfl0_Md1JQiVo6EO_QhTHn0yfJK14Qnz4SQbhGfROFGgWE4RKlpyXCcxsTtO9EfTqniO78iiHGJMDnlIRke9eZif4mrwSUe5PfiyFg-Z4yfSH8kexbijJeiLyglePngSb3iW4OmooDITYoqjFsnrDNlxNJeMnsGTePiEKV9yVDoXoVN1NFE5FQ-FPgyRj1DELBGF8IkaNNuNPXiz4kKTTMSkH9emI9EzHWGYCns0C2WDSYHzHfOLxw-ufPBP9MOo44rAJGIYBn0ufEc-pgn0I3wYNA9uBk2lEw-Pwz-esIh2QWRd9JEqPILWE82OZ2mEw2eMxzGurqNgOhn0o_kTlFpWfAj_oPmKT8GjlGiO6if644fTHenIHPmO9_CZHrXyYBcpNF8GL1GiPCh3hvjxL0gkIWaiY5bCB7-DG82THbV4PPiPKn-ENNehNZKEWQkPvUJzonwQhi8qSs_wJUmSHmFyKoKma0NeBhyV42sqNPXRf_iMM9uHektg7kR6qNxCYtXRnEfOpcK549-GpkZL4j964zt-6Mf1wNKO68H7GM8VzC2e48lxpBdq5VD3IYwa9BbxHbdWNNPR88eZZUcPc0IR-QlUiTriHP3xw1WWSUV_XIqP9vCJWsFMHEm95MiPRtuFStyF5-iJZ8HhvSgzIvmHHFWeoIm44_i4CVeO3vCmeTjK53iCLwhX6FIR_zD340IffJiCMjv-IBSdI2kuHGf0IMzxbkSZaAmxnUM-nMGlHe2Pd0eu5wBFiEFCCeQkAAgaBhkYzjDhDBDAWCGAgIQoBShhAgAGlRQOGMQMAIoi6qoACDAlDiJEAGAsAcgAIQBCwBlIHFYAACBIEUwA4BQwwBhhrAVIEUEwVgAI4gAAAAhiFEGgKcOIdgwgQhBgRACHgAMAMAMBAUwoAQRAiigBjUKAGWSEMECIQohghjCghAIEAEaIAYYAbIQhQliFhABACSIAUMILCRgQClBjDBFMMGQcAQaAQCjxjAIDFDMYIYMYMAAAIABB0CKBgDAECWiIYhgCBwEyBgnhAAAUOA0IAIgJAw1iVhiBkGOECQAcIUIJoJAQHgCjCBEMCMsscEQIAgAg0hECAACOCCqMNUAgJIRjQiEBmDWAGAKAAkYQRKAwEBFjhDBEAAEAEIYIAZwRQjBAFDFAASQGEkgQRRAzAEEECCEECYIMIUYAQSAQBFHgCEOECGGAIAAgRSgiAAgDBHDGEAEAQIYQJJhD1AFmCBDGEAMwAMgpIZAxyBANABDIKUSEAE5BwhgRTjElJCOQQGEcwwpIIoigQCrBEBFGCiQMQso4wAhQQAhioACAEEOAAIBKAgFBAGFKgBBAAUCEIAIJBAxXgDFDNBgCASWUEcQAYQgAQgAFADACDCIEkQIQYogiwEAAgACAEoGEEhAoApAxghKNAGUAWOEBBMIoipxxhEHgGALIGAAUYIQIIoAxCCFHBFCWcSCRAQQ4AgTiRjpFABQAQqQAEAgowSgCQkgilHJAKA-EAEpJxDRRCEFAgACQGECQQAYIYIgjigDABEMIYIWFQoKBAQCgBhgBhDXYEGOEkIQJRQAxBgCAFAAGGECBE8gAAgQBAAEokADGAECAEZIQgRAQBBhmiBCaGQuIAcYAggQjhlDGImLKAQCEAIQoIJAwxhnkgAAUMGIA8YKBSZQoThtkBBVOAQWMIUQ5S4BCoBlEGGNAICQMAAA"], "date": ["1969"], "genre": ["Rock > Folk-Rock"], "musicbrainz_albumid": ["d651c756-74e8-4329-bdf0-fcf70a72b60d"], "disctotal": ["2"], "initialkey": ["12B"], "musicbrainz_artistid": ["2819834e-4e08-47b0-a2c4-b7672318e8f0"], "grouping": ["Rock"], "artist": ["The Byrds"], "tracknumber": ["8"], "composer": ["Gene Clark"], "bpm": ["110.000000"], "label": ["Sundazed Music"], "albumartistsort": ["Byrds, The"], "acoustid_id": ["46fbdadb-800a-4c4d-8af3-86f7e9c247d9"], "script": ["Latin"], "musicbrainz_releasegroupid": ["2b62cb9d-7d25-3179-b958-59bd3dd22339"]}}, "rhythm": {"bpm_histogram_first_peak_bpm": {"dmean2": 0, "median": 167, "min": 167, "dvar2": 0, "dvar": 0, "dmean": 0, "max": 167, "var": 0, "mean": 167}, "bpm": 165.197540283, "bpm_histogram_second_peak_spread": {"dmean2": 0, "median": 0, "min": 0, "dvar2": 0, "dvar": 0, "dmean": 0, "max": 0, "var": 0, "mean": 0}, "bpm_histogram_first_peak_weight": {"dmean2": 0, "median": 0.440860211849, "min": 0.440860211849, "dvar2": 0, "dvar": 0, "dmean": 0, "max": 0.440860211849, "var": 0, "mean": 0.440860211849}, "onset_rate": 3.27948737144, "beats_position": [0.336689323187, 0.684988677502, 1.04489791393, 1.39319729805, 1.75310659409, 2.11301589012, 2.47292518616, 2.83283448219, 3.1811337471, 3.52943301201, 3.88934230804, 4.2492518425, 4.59755086899, 4.94585037231, 5.2941493988, 5.64244890213, 6.00235795975, 6.3622674942, 6.72217655182, 7.08208608627, 7.4303855896, 7.77868461609, 8.12698364258, 8.47528362274, 8.82358264923, 9.18349170685, 9.54340076447, 9.90331077576, 10.2632198334, 10.6115188599, 10.95981884, 11.3197278976, 11.6796369553, 12.0395460129, 12.3994560242, 12.7593650818, 13.1192741394, 13.479183197, 13.8390922546, 14.1990022659, 14.5589113235, 14.90721035, 15.2671203613, 15.6154193878, 15.9753284454, 16.3236274719, 16.6835365295, 17.0434455872, 17.391746521, 17.7400455475, 18.088344574, 18.4366436005, 18.784942627, 19.1448516846, 19.5047607422, 19.853061676, 20.2129707336, 20.5728797913, 20.94439888, 21.3043079376, 21.6642169952, 22.0125160217, 22.3724250793, 22.7323360443, 23.0922451019, 23.4521541595, 23.8120632172, 24.1835823059, 24.5434913635, 24.9034004211, 25.2749195099, 25.6348285675, 26.0063495636, 26.3778686523, 26.7493877411, 27.1209068298, 27.4924259186, 27.8639450073, 28.2238540649, 28.5721530914, 28.932062149, 29.2803630829, 29.6402721405, 29.988571167, 30.3368701935, 30.6967792511, 31.0682983398, 31.4398174286, 31.7997264862, 32.1596374512, 32.5195465088, 32.8794555664, 33.2509727478, 33.5992736816, 33.9591827393, 34.3190917969, 34.6790008545, 35.0505218506, 35.4104309082, 35.7703399658, 36.1302490234, 36.5017662048, 36.8732872009, 37.244808197, 37.6047172546, 37.9646263123, 38.3245353699, 38.6844444275, 39.0559616089, 39.427482605, 39.7873916626, 40.1473007202, 40.5072097778, 40.8671188354, 41.2270278931, 41.5985488892, 41.9584579468, 42.3299751282, 42.6898841858, 43.0614051819, 43.4213142395, 43.7928352356, 44.164352417, 44.5358734131, 44.8957824707, 45.2556915283, 45.6156005859, 45.9755096436, 46.347026825, 46.718547821, 47.0900688171, 47.473197937, 47.8563270569, 48.2510643005, 48.6341934204, 49.0289344788, 49.4120635986, 49.8068008423, 50.1899299622, 50.5846710205, 50.9794082642, 51.3741493225, 51.7572784424, 52.1404075623, 52.5119247437, 52.8834457397, 53.2665748596, 53.6380958557, 54.0096130371, 54.392742157, 54.7642631531, 55.1125602722, 55.4608612061, 55.8091583252, 56.1690673828, 56.5405883789, 56.9004974365, 57.2487983704, 57.5970954895, 57.9570045471, 58.305305481, 58.6652145386, 59.0251235962, 59.37342453, 59.7333335876, 60.0816307068, 60.4299316406, 60.766620636, 61.1149177551, 61.4748306274, 61.8347396851, 62.1830368042, 62.5429458618, 62.9028549194, 63.2511558533, 63.5994529724, 63.9477539062, 64.2960510254, 64.6443557739, 64.9926528931, 65.3409500122, 65.6892471313, 66.049156189, 66.4206771851, 66.7805862427, 67.1288909912, 67.4771881104, 67.813873291, 68.1621780396, 68.4988632202, 68.8471679688, 69.1954650879, 69.543762207, 69.8920593262, 70.2403640747, 70.5886611938, 70.936958313, 71.2852630615, 71.6335601807, 71.9818572998, 72.3301544189, 72.6784591675, 73.0383682251, 73.3982772827, 73.7581863403, 74.1180953979, 74.4663925171, 74.8146896362, 75.1629943848, 75.5112915039, 75.8712005615, 76.2311096191, 76.5794067383, 76.9277114868, 77.276008606, 77.6359176636, 77.9958267212, 78.3557357788, 78.7156448364, 79.075553894, 79.4354629517, 79.7837600708, 80.1436691284, 80.503578186, 80.8634872437, 81.2233963013, 81.5717010498, 81.9316101074, 82.291519165, 82.6514282227, 83.0113372803, 83.3712463379, 83.7311553955, 84.1026763916, 84.4741897583, 84.8457107544, 85.2172317505, 85.5887527466, 85.9718780518, 86.3317871094, 86.7033081055, 87.0748291016, 87.4347381592, 87.8062591553, 88.1661682129, 88.5260772705, 88.8859863281, 89.2458953857, 89.6058044434, 89.9773254395, 90.3488388062, 90.7203598022, 91.0686569214, 91.428565979, 91.788482666, 92.1483917236, 92.5199050903, 92.8798141479, 93.251335144, 93.6228561401, 93.9827651978, 94.3426742554, 94.702583313, 95.0624923706, 95.4224014282, 95.7823104858, 96.1422195435, 96.5137405396, 96.8736495972, 97.2451705933, 97.6050796509, 97.976600647, 98.3365097046, 98.7080230713, 99.0679321289, 99.4278411865, 99.7877502441, 100.147659302, 100.507568359, 100.867477417, 101.215782166, 101.575691223, 101.935600281, 102.307121277, 102.678634644, 103.05015564, 103.421676636, 103.793197632, 104.164710999, 104.536231995, 104.907752991, 105.279273987, 105.650794983, 106.010704041, 106.370613098, 106.730522156, 107.090431213, 107.450340271, 107.79863739, 108.158546448, 108.518455505, 108.878364563, 109.249885559, 109.621406555, 109.981315613, 110.34122467, 110.701133728, 111.049430847, 111.409339905, 111.769248962, 112.117546082, 112.477455139, 112.825759888, 113.174057007, 113.522354126, 113.870658875, 114.230567932, 114.59047699, 114.950386047, 115.310295105, 115.658592224, 116.006889343, 116.355194092, 116.703491211, 117.05178833, 117.400085449, 117.759994507, 118.119903564, 118.468208313, 118.816505432, 119.164802551, 119.5131073, 119.861404419, 120.209701538, 120.569610596, 120.929519653, 121.277824402, 121.626121521, 121.97441864, 122.322715759, 122.671020508, 123.019317627, 123.379226685, 123.739135742, 124.087432861, 124.43573761, 124.784034729, 125.132331848, 125.480628967, 125.828933716, 126.188842773, 126.548751831, 126.908660889, 127.268569946, 127.640090942, 128.011611938, 128.383132935, 128.76625061, 129.149383545, 129.555740356, 129.962081909, 130.356826782, 130.739959717, 131.123077393, 131.506210327, 131.889343262, 132.272476196, 132.655593872, 133.038726807, 133.421859741, 133.816589355, 134.19972229, 134.582855225], "beats_loudness": {"dmean2": 0.0216887053102, "median": 0.0284641142935, "min": 0, "dvar2": 0.000386959378375, "dvar": 0.000137174298288, "dmean": 0.0127472542226, "max": 0.0932248607278, "var": 0.000325544999214, "mean": 0.02904959023}, "danceability": 1.0432343483, "bpm_histogram_second_peak_weight": {"dmean2": 0, "median": 0.284946233034, "min": 0.284946233034, "dvar2": 0, "dvar": 0, "dmean": 0, "max": 0.284946233034, "var": 0, "mean": 0.284946233034}, "beats_count": 373, "bpm_histogram_second_peak_bpm": {"dmean2": 0, "median": 172, "min": 172, "dvar2": 0, "dvar": 0, "dmean": 0, "max": 172, "var": 0, "mean": 172}, "bpm_histogram_first_peak_spread": {"dmean2": 0, "median": 0, "min": 0, "dvar2": 0, "dvar": 0, "dmean": 0, "max": 0, "var": 0, "mean": 0}, "beats_loudness_band_ratio": {"dmean2": [0.386805355549, 0.165296018124, 0.153738081455, 0.137163981795, 0.192722246051, 0.11519896239], "median": [0.473336398602, 0.0467161312699, 0.0504966080189, 0.0371851027012, 0.121818393469, 0.0488390028477], "min": [0, 0, 0, 0, 0, 0], "dvar2": [0.0998753681779, 0.027877913788, 0.0292852967978, 0.0338457711041, 0.0206325501204, 0.0259972084314], "dvar": [0.0366237051785, 0.0098594725132, 0.0111843356863, 0.0114572942257, 0.00782787520438, 0.00879921019077], "dmean": [0.223000884056, 0.0905638635159, 0.0867081955075, 0.0786585509777, 0.110951565206, 0.0631750449538], "max": [0.938131809235, 0.544078290462, 0.689146697521, 0.590047061443, 0.773732364178, 0.81090182066], "var": [0.0770808756351, 0.0109167192131, 0.017179524526, 0.0123896952718, 0.0144201684743, 0.00646150717512], "mean": [0.494141101837, 0.0909566804767, 0.111199200153, 0.0833215862513, 0.151923015714, 0.0720736905932]}}, "lowlevel": {"barkbands_spread": {"dmean2": 10.2220554352, "median": 28.5116119385, "min": 2.48803567886, "dvar2": 113.457336426, "dvar": 51.4378700256, "dmean": 6.67248249054, "max": 98.2645950317, "var": 187.577178955, "mean": 30.4629268646}, "melbands_spread": {"dmean2": 16.5370521545, "median": 29.0616264343, "min": 0.910128116608, "dvar2": 389.634857178, "dvar": 183.74446106, "dmean": 10.8823804855, "max": 208.790634155, "var": 805.100708008, "mean": 36.3218765259}, "hfc": {"dmean2": 7.44748449326, "median": 15.3853902817, "min": 1.06523465634e-16, "dvar2": 128.850021362, "dvar": 77.2555618286, "dmean": 5.56317806244, "max": 359.76940918, "var": 522.835021973, "mean": 21.565196991}, "barkbands_kurtosis": {"dmean2": 2.99610590935, "median": 0.195503115654, "min": -1.87736582756, "dvar2": 33.4570350647, "dvar": 13.8135919571, "dmean": 1.93454027176, "max": 117.470214844, "var": 24.9724178314, "mean": 1.86918342113}, "gfcc": {"mean": [-44.9012031555, 72.6425170898, -125.373596191, 49.8023490906, -40.5780754089, 3.66764712334, -31.9073314667, 9.04842567444, -22.6969585419, -1.23049378395, -24.3876190186, -9.09885692596, -16.894487381], "icov": [[9.10101953195e-05, -7.40676114219e-05, 0.000231974277995, -0.000116655224701, 0.000305945141008, -0.00031354566454, 0.000430232728831, -0.000392299640225, 0.000226049509365, -0.000219067544094, 0.000508334545884, -0.000514089770149, 0.000418630166678], [-7.40676114219e-05, 0.00170371017884, 0.000633778457996, 0.000100325472886, -0.000213762104977, 0.000694334798027, -0.000716114591341, 0.000381613121135, 4.8056608648e-06, 0.000160380077432, -0.00120061088819, 0.00130431656726, -0.000251826219028], [0.000231974277995, 0.000633778457996, 0.00228689890355, -0.000158012408065, 0.00059518852504, -0.00118237233255, 0.000632453244179, -0.000111666347948, 6.85429677105e-06, -0.000406335078878, 0.000530078832526, -0.000904021493625, 0.000834254722577], [-0.000116655224701, 0.000100325472886, -0.000158012408065, 0.00246570073068, -0.00154860934708, -0.00053759716684, 0.00135085510556, -0.00037344978773, 0.000506148324348, 0.00183090707287, -0.0012872973457, 0.00294640101492, -0.00142846780363], [0.000305945141008, -0.000213762104977, 0.00059518852504, -0.00154860934708, 0.00631277356297, -0.00122241594363, -0.000674957467709, -0.000342378567439, -0.00140641618054, -0.000110410903289, 0.00133563217241, -0.00033731223084, -0.00156337814406], [-0.00031354566454, 0.000694334798027, -0.00118237233255, -0.00053759716684, -0.00122241594363, 0.0110380612314, -0.00581008894369, 0.000408322841395, 0.00163405749481, -0.000631516042631, 0.000839464424644, 0.00115586665925, 0.00194313505199], [0.000430232728831, -0.000716114591341, 0.000632453244179, 0.00135085510556, -0.000674957467709, -0.00581008894369, 0.0129863535985, -0.00643397029489, 0.000917939760257, 0.00281938607804, -0.00314275128767, 0.000943583028857, 0.0021224366501], [-0.000392299640225, 0.000381613121135, -0.000111666347948, -0.00037344978773, -0.000342378567439, 0.000408322841395, -0.00643397029489, 0.0178949087858, -0.00515768118203, -0.00192797312047, 0.00156987493392, 0.00184290751349, -0.0015670141438], [0.000226049509365, 4.8056608648e-06, 6.85429677105e-06, 0.000506148324348, -0.00140641618054, 0.00163405749481, 0.000917939760257, -0.00515768118203, 0.0179957021028, -0.00637203780934, -0.0011545374291, 0.000979075673968, -0.000741825206205], [-0.000219067544094, 0.000160380077432, -0.000406335078878, 0.00183090707287, -0.000110410903289, -0.000631516042631, 0.00281938607804, -0.00192797312047, -0.00637203780934, 0.0216730441898, -0.00599507009611, -0.000901102030184, 0.000372192414943], [0.000508334545884, -0.00120061088819, 0.000530078832526, -0.0012872973457, 0.00133563217241, 0.000839464424644, -0.00314275128767, 0.00156987493392, -0.0011545374291, -0.00599507009611, 0.024313153699, -0.0102242035791, 0.00112883013207], [-0.000514089770149, 0.00130431656726, -0.000904021493625, 0.00294640101492, -0.00033731223084, 0.00115586665925, 0.000943583028857, 0.00184290751349, 0.000979075673968, -0.000901102030184, -0.0102242035791, 0.0237478334457, -0.0101151326671], [0.000418630166678, -0.000251826219028, 0.000834254722577, -0.00142846780363, -0.00156337814406, 0.00194313505199, 0.0021224366501, -0.0015670141438, -0.000741825206205, 0.000372192414943, 0.00112883013207, -0.0101151326671, 0.0226832907647]], "cov": [[47609.7851562, 1730.18579102, -3784.85449219, 638.962402344, -1935.53613281, 227.014587402, -1290.14648438, 315.986602783, -666.311523438, 135.075271606, -799.132873535, 125.533309937, -618.573852539], [1730.18579102, 864.617736816, -438.89630127, 40.0966415405, -21.095407486, -41.544216156, 5.00239944458, 16.2591247559, -17.2119655609, -6.49396896362, 3.09915065765, -37.4069976807, -18.1969184875], [-3784.85449219, -438.89630127, 903.215209961, -70.9692306519, 89.1296615601, 51.3821563721, 79.8864440918, -30.8041706085, 42.7428245544, 2.0858476162, 45.939655304, 11.5048742294, 23.6369094849], [638.962402344, 40.0966415405, -70.9692306519, 732.532409668, 160.254364014, 57.0314445496, -37.9081497192, 11.1233329773, -42.116394043, -80.1852416992, -53.2943649292, -104.402481079, 3.90317583084], [-1935.53613281, -21.095407486, 89.1296615601, 160.254364014, 308.25970459, 27.6727848053, 77.7447433472, 8.3838300705, 35.2509269714, -25.8495769501, 15.4215221405, -37.2612190247, 38.6745986938], [227.014587402, -41.544216156, 51.3821563721, 57.0314445496, 27.6727848053, 165.219192505, 78.7945022583, 27.1289653778, -20.5921401978, -17.1596412659, -22.1071205139, -35.3565101624, -35.7518692017], [-1290.14648438, 5.00239944458, 79.8864440918, -37.9081497192, 77.7447433472, 78.7945022583, 193.0962677, 43.0689849854, 15.1637630463, -17.3118839264, 22.6992454529, -30.8459396362, -12.0482177734], [315.986602783, 16.2591247559, -30.8041706085, 11.1233329773, 8.3838300705, 27.1289653778, 43.0689849854, 85.0057067871, 18.3323097229, 6.83072376251, -8.92337608337, -14.3709640503, -9.19829559326], [-666.311523438, -17.2119655609, 42.7428245544, -42.116394043, 35.2509269714, -20.5921401978, 15.1637630463, 18.3323097229, 86.1163101196, 28.6617240906, 22.8997173309, 7.20927000046, 16.344121933], [135.075271606, -6.49396896362, 2.0858476162, -80.1852416992, -25.8495769501, -17.1596412659, -17.3118839264, 6.83072376251, 28.6617240906, 72.2218856812, 22.2524909973, 27.1322097778, 4.83272647858], [-799.132873535, 3.09915065765, 45.939655304, -53.2943649292, 15.4215221405, -22.1071205139, 22.6992454529, -8.92337608337, 22.8997173309, 22.2524909973, 77.7379760742, 34.6900177002, 21.9377117157], [125.533309937, -37.4069976807, 11.5048742294, -104.402481079, -37.2612190247, -35.3565101624, -30.8459396362, -14.3709640503, 7.20927000046, 27.1322097778, 34.6900177002, 93.2104034424, 32.2536354065], [-618.573852539, -18.1969184875, 23.6369094849, 3.90317583084, 38.6745986938, -35.7518692017, -12.0482177734, -9.19829559326, 16.344121933, 4.83272647858, 21.9377117157, 32.2536354065, 74.6421966553]]}, "spectral_energyband_middle_low": {"dmean2": 0.00418574362993, "median": 0.00599501887336, "min": 1.23843828869e-22, "dvar2": 3.47591558238e-05, "dvar": 1.51689073391e-05, "dmean": 0.00270779291168, "max": 0.0547159053385, "var": 6.38538404019e-05, "mean": 0.0082268808037}, "melbands_crest": {"dmean2": 4.89862298965, "median": 15.5355577469, "min": 1.62248885632, "dvar2": 22.3422813416, "dvar": 8.84137630463, "dmean": 3.07994747162, "max": 29.6946868896, "var": 38.9459609985, "mean": 15.351187706}, "spectral_kurtosis": {"dmean2": 2.08762478828, "median": 3.94443869591, "min": -1.26575565338, "dvar2": 5.7670583725, "dvar": 1.98694479465, "dmean": 1.21473193169, "max": 38.9622421265, "var": 5.47744083405, "mean": 4.12924718857}, "spectral_rms": {"dmean2": 0.000778547604568, "median": 0.00436649471521, "min": 3.06542746915e-12, "dvar2": 6.51033928989e-07, "dvar": 3.31987990876e-07, "dmean": 0.000549535208847, "max": 0.0095482012257, "var": 3.62114406016e-06, "mean": 0.00419242540374}, "zerocrossingrate": {"dmean2": 0.0130086317658, "median": 0.064453125, "min": 0.01220703125, "dvar2": 0.000249556585914, "dvar": 0.000208374360227, "dmean": 0.0111800208688, "max": 0.5302734375, "var": 0.0057759322226, "mean": 0.0802092179656}, "silence_rate_60dB": {"dmean2": 0.0254470426589, "median": 0, "min": 0, "dvar2": 0.0296137947589, "dvar": 0.0125583019108, "dmean": 0.0127213336527, "max": 1, "var": 0.0995064526796, "mean": 0.1120660007}, "erbbands_kurtosis": {"dmean2": 1.54017353058, "median": 0.234827756882, "min": -1.8242841959, "dvar2": 2.95138406754, "dvar": 1.2860211134, "dmean": 0.986835598946, "max": 19.0745334625, "var": 4.53296327591, "mean": 0.825969338417}, "erbbands": {"dmean2": [0.0223564524204, 0.577600479126, 2.93266677856, 5.24450111389, 4.20527935028, 5.09209489822, 5.58741235733, 5.59782838821, 8.76495361328, 15.2263412476, 24.3623256683, 18.4533138275, 14.8097848892, 14.2764930725, 12.2214164734, 12.679441452, 16.7337684631, 26.6838092804, 28.0107269287, 53.5444641113, 23.9770774841, 22.6805019379, 31.5468559265, 14.5462665558, 22.0495433807, 11.2732524872, 8.24959373474, 6.89339828491, 4.10352134705, 2.76087021828, 2.16228175163, 1.61877965927, 1.00687885284, 0.667123556137, 0.351828247309, 0.117727011442, 0.0415953658521, 0.0116270622239, 0.00149846146815, 5.97051548539e-05], "median": [0.00912753120065, 0.2632817626, 2.17695760727, 4.66598033905, 3.08241558075, 1.73428416252, 1.41787838936, 1.44355475903, 1.97847533226, 3.41259145737, 4.15872097015, 3.9000992775, 3.61334013939, 4.40406227112, 2.87746620178, 4.11748409271, 6.34852838516, 7.15597248077, 10.65965271, 24.9309959412, 17.2286243439, 21.1542930603, 26.0371818542, 17.6771335602, 22.1581935883, 11.4438991547, 8.01231384277, 6.5375328064, 3.40599298477, 1.74126505852, 0.880589723587, 0.635703146458, 0.277132451534, 0.16565617919, 0.074225127697, 0.0307945124805, 0.00854079797864, 0.00129405083135, 0.000145714060636, 3.35832010023e-05], "min": [3.44635122581e-23, 1.84905096055e-22, 8.32574452148e-22, 2.80165932108e-21, 7.39318279525e-21, 1.79436332093e-20, 3.92296253929e-20, 5.36859960022e-20, 1.20946161566e-19, 1.60613569067e-19, 2.39055352124e-19, 3.16144423462e-19, 4.34125788766e-19, 6.20091138213e-19, 4.05189304879e-19, 9.52963144064e-19, 1.36187781193e-18, 2.18119131647e-18, 2.27126528812e-18, 2.79239072839e-18, 4.18470878686e-18, 4.50731625679e-18, 5.91698587617e-18, 6.53800330158e-18, 6.85799191769e-18, 7.99418280526e-18, 8.22797217051e-18, 9.42180555266e-18, 1.16375238015e-17, 1.09552768128e-17, 1.03479045588e-17, 1.11238917904e-17, 9.79906856798e-18, 8.09699887386e-18, 6.35581553089e-18, 4.29102300227e-18, 2.35159920805e-18, 9.99594210326e-19, 2.48354025432e-19, 2.60880373646e-20], "dvar2": [0.00136313482653, 0.883774697781, 22.3440074921, 67.1536636353, 49.6544456482, 107.492599487, 251.956771851, 223.907974243, 931.67578125, 2051.61816406, 5038.18896484, 4166.87988281, 1973.57275391, 1793.34777832, 1778.86621094, 1542.36657715, 1877.12683105, 6843.02197266, 6880.66552734, 10069.234375, 1911.70117188, 1011.84173584, 2031.72338867, 372.681732178, 923.990356445, 286.771148682, 245.766189575, 349.500701904, 200.767745972, 66.0901107788, 103.588562012, 47.3701820374, 25.3666305542, 9.90579319, 2.11291694641, 0.182018667459, 0.0220394134521, 0.00164853036404, 4.14442802139e-05, 6.51493081705e-08], "dvar": [0.000532272213604, 0.385927438736, 9.16615390778, 29.7022914886, 18.4877300262, 43.2135772705, 94.1491928101, 107.108413696, 421.720550537, 1005.6026001, 2075.06005859, 1721.89233398, 884.842163086, 778.577514648, 817.509094238, 741.90637207, 882.163085938, 3160.35644531, 3045.31958008, 4101.41601562, 890.368408203, 463.576446533, 906.717651367, 174.886703491, 361.040313721, 125.549797058, 108.953445435, 184.666061401, 106.968284607, 36.8538284302, 52.0602722168, 26.519657135, 13.0057229996, 5.43953037262, 1.07810139656, 0.0997294709086, 0.0121302390471, 0.000806112657301, 1.91154886124e-05, 3.1170898751e-08], "dmean": [0.0133741684258, 0.37411916256, 1.9062795639, 3.35957312584, 2.47256183624, 3.08676075935, 3.62246060371, 3.82637929916, 5.85640907288, 10.3262081146, 15.2724123001, 12.2925958633, 10.0829677582, 9.44009971619, 8.14800071716, 8.50270271301, 11.2321529388, 17.7760677338, 18.8266963959, 33.4227638245, 15.9721422195, 14.7996883392, 20.7654323578, 9.60353279114, 13.7624769211, 7.2287735939, 5.30061626434, 4.48446941376, 2.82029128075, 1.90866816044, 1.53773319721, 1.13681042194, 0.701543748379, 0.473224371672, 0.243241325021, 0.0815651416779, 0.0285526756197, 0.00751980580389, 0.000961556099355, 3.95863098674e-05], "max": [0.240501508117, 6.56022405624, 55.0704307556, 71.0571136475, 68.545135498, 204.008575439, 278.058685303, 221.377532959, 594.02911377, 960.404724121, 815.638183594, 1070.78027344, 784.023864746, 654.905212402, 905.330749512, 711.428894043, 717.812866211, 1513.64099121, 1888.15734863, 1150.32434082, 741.254760742, 387.509490967, 532.927612305, 244.484786987, 301.393463135, 287.231872559, 354.797637939, 597.731933594, 608.98248291, 286.695709229, 403.959655762, 153.853897095, 170.181945801, 99.9136199951, 35.293006897, 13.5211305618, 5.46268081665, 1.01630008221, 0.149495407939, 0.0067832339555], "var": [0.000686773913912, 0.658707082272, 23.0825328827, 104.806465149, 24.6992073059, 152.921768188, 252.263900757, 351.350311279, 995.692504883, 2299.64941406, 4419.58935547, 3434.44067383, 2513.78857422, 2298.88134766, 2892.64550781, 2440.37231445, 2214.3828125, 7203.88427734, 6301.82421875, 7930.01025391, 3510.71435547, 1433.34729004, 2615.19799805, 534.876220703, 804.8125, 348.440429688, 312.944274902, 610.506530762, 427.3828125, 160.416610718, 219.054794312, 98.6063308716, 38.1002235413, 19.156709671, 3.50823950768, 0.3459623456, 0.0421431064606, 0.00218892307021, 3.89368578908e-05, 6.84420413677e-08], "mean": [0.0187723655254, 0.584395885468, 4.02869176865, 9.05885028839, 4.27109098434, 5.46865653992, 7.72452068329, 8.25379085541, 11.0458030701, 18.8980960846, 26.4601097107, 23.5055427551, 20.6710319519, 19.351266861, 16.4416542053, 17.4010829926, 20.7140407562, 31.9184932709, 33.1206970215, 53.7940292358, 33.3184356689, 33.0157394409, 43.7834396362, 23.8902435303, 29.5261440277, 16.5074882507, 11.7555856705, 10.115852356, 6.47861385345, 4.21285295486, 3.11217331886, 2.19320893288, 1.21957087517, 0.853514015675, 0.424740403891, 0.146284401417, 0.0498344115913, 0.0109745655209, 0.00134261907078, 7.8381068306e-05]}, "spectral_strongpeak": {"dmean2": 0.876365840435, "median": 0.462756097317, "min": 0, "dvar2": 2.9027557373, "dvar": 1.07709491253, "dmean": 0.503901422024, "max": 11.7183790207, "var": 1.42265462875, "mean": 0.851331174374}, "spectral_energy": {"dmean2": 0.00763501552865, "median": 0.0195429362357, "min": 9.63176698516e-21, "dvar2": 8.11496865936e-05, "dvar": 3.96443610953e-05, "dmean": 0.00532557303086, "max": 0.093447342515, "var": 0.000241873742198, "mean": 0.0217274967581}, "average_loudness": 0.889831185341, "spectral_rolloff": {"dmean2": 976.610229492, "median": 1981.0546875, "min": 129.19921875, "dvar2": 1546609.375, "dvar": 802143.75, "dmean": 610.939575195, "max": 19724.4140625, "var": 8893413, "mean": 2416.19726562}, "spectral_centroid": {"dmean2": 439.660888672, "median": 1889.72131348, "min": 318.74987793, "dvar2": 236085.75, "dvar": 113399.234375, "dmean": 291.958709717, "max": 11700.9199219, "var": 2377657.5, "mean": 2127.93920898}, "pitch_salience": {"dmean2": 0.107291705906, "median": 0.500758171082, "min": 0.107151135802, "dvar2": 0.00979693606496, "dvar": 0.00431325053796, "dmean": 0.0682631209493, "max": 0.946788787842, "var": 0.0205688476562, "mean": 0.488698333502}, "spectral_energyband_middle_high": {"dmean2": 0.00259304884821, "median": 0.00375084299594, "min": 1.19342533008e-21, "dvar2": 1.32695158754e-05, "dvar": 7.15372107152e-06, "dmean": 0.00188632751815, "max": 0.0466849468648, "var": 4.38240131189e-05, "mean": 0.00613190094009}, "spectral_contrast_coeffs": {"dmean2": [0.0824969857931, 0.0669835358858, 0.051439486444, 0.0490229837596, 0.033944837749, 0.0287334937602], "median": [-0.607837200165, -0.785026967525, -0.802462220192, -0.770081758499, -0.763599038124, -0.714925527573], "min": [-0.979507744312, -0.97912812233, -0.976218283176, -0.972709417343, -0.969579875469, -0.967437505722], "dvar2": [0.00454193120822, 0.0029316234868, 0.00179068173748, 0.00155995984096, 0.000738657836337, 0.000647383974865], "dvar": [0.00166878232267, 0.00117692968342, 0.000713720568456, 0.000638956902549, 0.000300747138681, 0.000284492765786], "dmean": [0.0495351292193, 0.0408575609326, 0.0321176163852, 0.0304876137525, 0.0211309045553, 0.0182153992355], "max": [-0.343618869781, -0.434253364801, -0.49457809329, -0.550020635128, -0.595876097679, -0.607131004333], "var": [0.00882033538073, 0.00874815694988, 0.00527014443651, 0.00404600566253, 0.00239271647297, 0.00286605162546], "mean": [-0.615905106068, -0.767392754555, -0.790752530098, -0.768977284431, -0.768369615078, -0.725003898144]}, "melbands_skewness": {"dmean2": 1.16913509369, "median": 2.30025649071, "min": -2.05237603188, "dvar2": 1.5402392149, "dvar": 0.767284929752, "dmean": 0.806068003178, "max": 14.4209718704, "var": 4.1188492775, "mean": 2.75412034988}, "spectral_spread": {"dmean2": 645710.8125, "median": 3795075, "min": 1236035.125, "dvar2": 975776251904, "dvar": 534653435904, "dmean": 429692.53125, "max": 42556744, "var": 32897287323600.0, "mean": 4775970.5}, "dissonance": {"dmean2": 0.015581891872, "median": 0.48825353384, "min": 0.172584027052, "dvar2": 0.000453001237474, "dvar": 0.000166721845744, "dmean": 0.00930620636791, "max": 0.499999880791, "var": 0.000350384507328, "mean": 0.481671750546}, "spectral_skewness": {"dmean2": 0.275790899992, "median": 1.16454613209, "min": -0.0852818638086, "dvar2": 0.0709184557199, "dvar": 0.0276533216238, "dmean": 0.169410765171, "max": 4.41393184662, "var": 0.159924790263, "mean": 1.18758285046}, "spectral_flux": {"dmean2": 0.0257667116821, "median": 0.0620234422386, "min": 6.13425074625e-11, "dvar2": 0.000729773251805, "dvar": 0.000322279403917, "dmean": 0.0164320338517, "max": 0.245563179255, "var": 0.00152819266077, "mean": 0.0668687522411}, "spectral_contrast_valleys": {"dmean2": [0.710342407227, 0.54195946455, 0.456965178251, 0.40411221981, 0.322476148605, 0.376442581415], "median": [-7.51223754883, -6.9747262001, -7.55224704742, -7.5320854187, -7.06950569153, -10.2832756042], "min": [-28.3040161133, -28.1129817963, -27.8456058502, -27.7250156403, -27.5317192078, -27.4522514343], "dvar2": [0.361862659454, 0.224911868572, 0.178791552782, 0.149592220783, 0.133448451757, 0.228978946805], "dvar": [0.155849546194, 0.102682687342, 0.0897994190454, 0.0867220461369, 0.0845365226269, 0.121999196708], "dmean": [0.429426819086, 0.333177626133, 0.289845049381, 0.270621240139, 0.226381003857, 0.265211611986], "max": [-5.81001853943, -5.26247167587, -5.41383361816, -5.68144607544, -5.51988315582, -7.08842802048], "var": [10.6655445099, 11.27272892, 10.7474555969, 10.6216211319, 11.0080156326, 8.52525234222], "mean": [-8.20873260498, -7.67256450653, -8.22252750397, -8.23710250854, -7.82067394257, -10.8851709366]}, "erbbands_flatness_db": {"dmean2": 0.0219624470919, "median": 0.150655537844, "min": 0.0581159777939, "dvar2": 0.000401511351811, "dvar": 0.000193065759959, "dmean": 0.014616118744, "max": 0.333047926426, "var": 0.00111829629168, "mean": 0.152381792665}, "spectral_energyband_high": {"dmean2": 0.000448598118965, "median": 0.000479215988889, "min": 7.11127657288e-21, "dvar2": 1.42617170695e-06, "dvar": 9.57159500103e-07, "dmean": 0.000324174499838, "max": 0.0469105318189, "var": 5.50440154257e-06, "mean": 0.000872201984748}, "spectral_entropy": {"dmean2": 0.161733850837, "median": 7.65614509583, "min": 6.52094650269, "dvar2": 0.0261224731803, "dvar": 0.0131563581526, "dmean": 0.109129466116, "max": 9.82540893555, "var": 0.169334858656, "mean": 7.71440410614}, "silence_rate_20dB": {"dmean2": 0, "median": 1, "min": 1, "dvar2": 0, "dvar": 0, "dmean": 0, "max": 1, "var": 0, "mean": 1}, "melbands_flatness_db": {"dmean2": 0.0363554283977, "median": 0.171249896288, "min": 0.00313956802711, "dvar2": 0.00132501113694, "dvar": 0.000648151501082, "dmean": 0.02499929443, "max": 0.414993971586, "var": 0.00358913931996, "mean": 0.173322468996}, "barkbands": {"dmean2": [2.79311989289e-05, 0.00199864036404, 0.00301259127446, 0.00170345290098, 0.00135142286308, 0.000724424666259, 0.000791233789641, 0.00106552126817, 0.000856052793097, 0.000505793548655, 0.000353273702785, 0.000354824936949, 0.00045900978148, 0.0005791321164, 0.000905214925297, 0.0005033