{"tonal": {"thpcp": [1, 0.898498415947, 0.292616635561, 0.101086944342, 0.101455673575, 0.141752868891, 0.201395615935, 0.225947037339, 0.253007918596, 0.382582962513, 0.390560388565, 0.239795997739, 0.187952205539, 0.188766658306, 0.188324302435, 0.207031816244, 0.213544338942, 0.187986403704, 0.174518808722, 0.18645375967, 0.242611452937, 0.403009146452, 0.476388841867, 0.443518459797, 0.522127985954, 0.503128111362, 0.3023455441, 0.196297645569, 0.220887571573, 0.310230433941, 0.396723210812, 0.310997009277, 0.158152252436, 0.120042793453, 0.148842617869, 0.424327999353], "hpcp": {"dmean2": [0.139354228973, 0.138336926699, 0.134424135089, 0.129830121994, 0.125891700387, 0.124330960214, 0.137968957424, 0.156042978168, 0.191381379962, 0.243306919932, 0.275965243578, 0.27608910203, 0.251154750586, 0.236738875508, 0.204889968038, 0.159763485193, 0.164618909359, 0.183466732502, 0.169682189822, 0.157701328397, 0.120146088302, 0.103878118098, 0.127881452441, 0.229762926698, 0.279260486364, 0.275314420462, 0.169125810266, 0.0888273343444, 0.0842283964157, 0.103263214231, 0.125653713942, 0.143954411149, 0.158785566688, 0.181921631098, 0.182986393571, 0.154558941722], "median": [0.008102202788, 0.00905701238662, 0.00885132700205, 0.0114259682596, 0.0114039573818, 0.00939925480634, 0.0077737509273, 0.00684815458953, 0.0108075058088, 0.0213361214846, 0.032005790621, 0.0288517996669, 0.0195673014969, 0.0158504229039, 0.0118938591331, 0.0081140557304, 0.00836718920618, 0.0101098278537, 0.0113551430404, 0.00912567228079, 0.00594700314105, 0.00382943614386, 0.00451718783006, 0.0415504015982, 0.140240341425, 0.114521726966, 0.0253286771476, 0.00324611039832, 0.00335837365128, 0.00505998823792, 0.0091646052897, 0.0107208648697, 0.0136626530439, 0.0158763676882, 0.0172620378435, 0.0117844184861], "min": [0, 0, 0, 0, 0, 0, 0, 0, 0, 0, 0, 0, 0, 0, 0, 0, 0, 0, 0, 0, 0, 0, 0, 0, 0, 0, 0, 0, 0, 0, 0, 0, 0, 0, 0, 0], "dvar2": [0.0823217853904, 0.0808752700686, 0.0823663175106, 0.0736128762364, 0.0702501758933, 0.0650465488434, 0.0821007117629, 0.100398957729, 0.119828857481, 0.148860648274, 0.154366314411, 0.156879618764, 0.151734560728, 0.143161207438, 0.120955429971, 0.0988688245416, 0.0946395099163, 0.114072628319, 0.101148709655, 0.0915272757411, 0.0723450481892, 0.0698019117117, 0.0772338435054, 0.115482158959, 0.14516530931, 0.123869277537, 0.0792358070612, 0.0465205684304, 0.0468549467623, 0.058849260211, 0.0683211311698, 0.0843961313367, 0.0819743275642, 0.0968836545944, 0.0994014441967, 0.0889182016253], "dvar": [0.0301406159997, 0.0290972962976, 0.0303058158606, 0.0278792753816, 0.0270968135446, 0.024673929438, 0.0299400258809, 0.0366284102201, 0.0434652008116, 0.0537033751607, 0.0595145188272, 0.0597302131355, 0.0554510839283, 0.0542385391891, 0.0450833030045, 0.0355813317001, 0.0344318710268, 0.043245498091, 0.0400510281324, 0.0356081165373, 0.0262391958386, 0.0245068203658, 0.0272598005831, 0.04410308972, 0.0613750591874, 0.0501957982779, 0.0292469132692, 0.0168004147708, 0.0167960356921, 0.0222343578935, 0.0260561611503, 0.0299351476133, 0.0309807639569, 0.0390487648547, 0.0380149669945, 0.0329904071987], "dmean": [0.0779822096229, 0.0778099745512, 0.0758664384484, 0.0742224007845, 0.0727035552263, 0.0703175440431, 0.0760480314493, 0.0858538597822, 0.106527663767, 0.135310724378, 0.155521243811, 0.156694382429, 0.141233757138, 0.134934023023, 0.11593285948, 0.0875653997064, 0.0910879224539, 0.104008339345, 0.0969615653157, 0.090849339962, 0.0670702531934, 0.0564653910697, 0.0697585120797, 0.132386386395, 0.15899503231, 0.159997463226, 0.0955234318972, 0.048525840044, 0.0466690696776, 0.0580649040639, 0.0721849054098, 0.0818416625261, 0.0911530181766, 0.105945914984, 0.10606585443, 0.0876063778996], "max": [1, 1, 1, 1, 1, 1, 1, 1, 1, 1, 1, 1, 1, 1, 1, 1, 1, 1, 1, 1, 1, 1, 1, 1, 1, 1, 1, 1, 1, 1, 1, 1, 1, 1, 1, 1], "var": [0.0277333874255, 0.0263072662055, 0.0277350191027, 0.0291141495109, 0.0335724279284, 0.0249208305031, 0.024937832728, 0.0293224509805, 0.0374345034361, 0.0684482827783, 0.0800865367055, 0.0700635537505, 0.0952834412456, 0.0962922722101, 0.0449833348393, 0.0285750310868, 0.0333884693682, 0.0548471100628, 0.0810336694121, 0.057118948549, 0.0222234111279, 0.0179245416075, 0.0215097367764, 0.0529740229249, 0.16459171474, 0.141013339162, 0.0310962107033, 0.0124193858355, 0.0129028866068, 0.0212593693286, 0.0283661596477, 0.0334296151996, 0.0336400680244, 0.0629625692964, 0.0648154690862, 0.0334620885551], "mean": [0.0688662305474, 0.0691646486521, 0.0690025687218, 0.0758570581675, 0.0782432630658, 0.068878762424, 0.0639441981912, 0.0683171972632, 0.0888935402036, 0.147663712502, 0.174550250173, 0.162506446242, 0.191309198737, 0.184347599745, 0.110780283809, 0.0719240233302, 0.0809338465333, 0.113669328392, 0.145360529423, 0.113950200379, 0.0579474456608, 0.0439840257168, 0.0545363649726, 0.155475005507, 0.366402894258, 0.329212427139, 0.107215583324, 0.0370385497808, 0.0371736511588, 0.0519386604428, 0.0737919360399, 0.0827876478434, 0.0927028283477, 0.140179499984, 0.143102452159, 0.0878619477153]}, "tuning_equal_tempered_deviation": 0.225347071886, "chords_changes_rate": 0.0717957243323, "key_key": "F", "tuning_diatonic_strength": 0.599968373775, "key_scale": "minor", "chords_number_rate": 0.00165809981991, "tuning_frequency": 434.193115234, "tuning_nontempered_energy_ratio": 0.885299444199, "chords_histogram": [25.1533737183, 5.4219865799, 4.11208772659, 0.149228990078, 1.02802193165, 4.84165143967, 0.762725889683, 10.4791908264, 0.397943943739, 1.16066992283, 0, 0.447686940432, 0.198971971869, 0, 0, 0.812468886375, 1.21041285992, 0, 0.431105941534, 0.0497429929674, 0, 0.0994859859347, 15.9011774063, 27.3420658112], "key_strength": 0.655465960503, "chords_key": "C#", "chords_strength": {"dmean2": 0.0119542991742, "median": 0.537892878056, "min": -1, "dvar2": 0.000731177569833, "dvar": 0.0003925456258, "dmean": 0.0107082091272, "max": 0.806517839432, "var": 0.0271752048284, "mean": 0.522988975048}, "chords_scale": "major", "hpcp_entropy": {"dmean2": 1.17790532112, "median": 2.04130768776, "min": 0, "dvar2": 0.974775314331, "dvar": 0.381725847721, "dmean": 0.701523900032, "max": 4.72445249557, "var": 0.933415949345, "mean": 2.10939598083}}, "metadata": {"audio_properties": {"equal_loudness": 0, "codec": "flac", "downmix": "mix", "sample_rate": 44100, "analysis_sample_rate": 44100, "bit_rate": 0, "md5_encoded": "3d31d4100b30511abb6899cbbb22f0df", "length": 280, "replay_gain": -6.94071006775, "lossless": true}, "version": {"essentia_build_sha": "70f2e5ece6736b2c40cc944ad0e695b16b925413", "essentia": "2.1-beta2", "extractor": "music 1.0", "essentia_git_sha": "v2.1_beta2"}, "tags": {"title": ["Kochaj"], "barcode": ["743218765223"], "media": ["CD"], "albumartist": ["Krawczyk & Bregovi\u0107"], "tracktotal": ["10"], "language": ["pol"], "releasetype": ["album"], "musicbrainz_recordingid": ["17632892-701a-46a2-8aa2-52d5e01dd682"], "musicbrainz_releasegroupid": ["744a8a61-98b7-384e-adaa-4ab4bb966597"], "musicbrainz_albumartistid": ["6f9bc2d7-7a87-4795-b5a8-ea681774d9c8", "883ece23-2779-4091-b527-62eb07ee79d4"], "musicbrainz_artistid": ["6f9bc2d7-7a87-4795-b5a8-ea681774d9c8", "883ece23-2779-4091-b527-62eb07ee79d4"], "discnumber": ["1"], "catalognumber": ["74321 876522"], "owner": ["-=udachee=-"], "file_name": "09. Kochaj.flac", "originaldate": ["2001"], "albumartistsort": ["Krzysztof Krawczyk & Bregovi\u0107, Goran"], "date": ["2001"], "genre": ["Pop", "Folk"], "disctotal": ["1"], "tracknumber": ["9"], "releasecountry": ["PL"], "asin": ["B000062WSC"], "musicbrainz_albumid": ["81583a25-5245-4961-b9d6-289abca77b33"], "artist": ["Krawczyk & Bregovi\u0107"], "encodedby": ["-=udachee=-"], "artistsort": ["Krzysztof Krawczyk & Bregovi\u0107, Goran"], "album": ["Daj mi drugie \u017cycie"], "label": ["BMG Poland"], "releasestatus": ["official"], "totaldiscs": ["1"], "script": ["Latn"], "totaltracks": ["10"]}}, "rhythm": {"bpm_histogram_first_peak_bpm": {"dmean2": 0, "median": 88, "min": 88, "dvar2": 0, "dvar": 0, "dmean": 0, "max": 88, "var": 0, "mean": 88}, "bpm": 88.0714111328, "bpm_histogram_second_peak_spread": {"dmean2": 0, "median": 0, "min": 0, "dvar2": 0, "dvar": 0, "dmean": 0, "max": 0, "var": 0, "mean": 0}, "bpm_histogram_first_peak_weight": {"dmean2": 0, "median": 0.677419364452, "min": 0.677419364452, "dvar2": 0, "dvar": 0, "dmean": 0, "max": 0.677419364452, "var": 0, "mean": 0.677419364452}, "onset_rate": 5.20675134659, "beats_position": [0.49922901392, 1.01006805897, 1.52090704441, 2.02013611794, 2.51936507225, 3.01859402657, 3.51782298088, 4.01705217361, 4.52789115906, 5.05034017563, 5.5727891922, 5.94430828094, 6.28099775314, 6.6176867485, 6.96598625183, 7.31428575516, 7.66258478165, 8.01088428497, 8.35918331146, 8.70748329163, 9.10222244263, 9.49696159363, 9.90331077576, 10.3096599579, 10.6579589844, 10.9946479797, 11.3313379288, 11.6680269241, 12.0047159195, 12.3414058685, 12.6780948639, 13.0147848129, 13.3514738083, 13.6881628036, 14.0248527527, 14.3499317169, 14.6750106812, 15.0000905991, 15.3367795944, 15.6734695435, 16.0101585388, 16.4745578766, 16.9273471832, 17.4033565521, 17.8793640137, 18.3553733826, 18.8081626892, 19.272562027, 19.7485713959, 20.2245807648, 20.8050785065, 21.339138031, 21.8731975555, 22.4188652039, 22.9645347595, 23.5102043152, 24.0790920258, 24.6479816437, 25.2168693542, 25.774148941, 26.3314285278, 26.9003162384, 27.4575958252, 28.014875412, 28.5605430603, 29.1178226471, 29.6751022339, 30.2323799133, 30.778049469, 31.3817672729, 31.9854869843, 32.6008148193, 33.2858047485, 33.9591827393, 34.5977325439, 35.2246704102, 35.8516082764, 36.4785499573, 37.093875885, 37.6975975037, 38.2897033691, 38.8818130493, 39.462310791, 40.0544204712, 40.7161903381, 41.4011802673, 42.0861663818, 42.771156311, 43.467754364, 44.1527442932, 44.86095047, 45.5575485229, 46.2309303284, 46.8926963806, 47.5544662476, 48.2278442383, 48.901222229, 49.5746040344, 50.2479820251, 50.9213600159, 51.5947380066, 52.2913360596, 52.9763259888, 53.661315918, 54.3346939087, 55.0312919617, 55.7046699524, 56.3896598816, 57.0746459961, 57.7712478638, 58.4446258545, 59.1180038452, 59.8029937744, 60.4879798889, 61.1613578796, 61.8463478088, 62.531337738, 63.2163238525, 63.889705658, 64.5746917725, 65.2596817017, 65.9446716309, 66.6180496216, 67.2914276123, 67.9764175415, 68.6614074707, 69.3347854614, 70.0197753906, 70.7047576904, 71.4013595581, 72.0747375488, 72.7481155396, 73.4331054688, 74.1180953979, 74.8030853271, 75.488067627, 76.1730575562, 76.8580474854, 77.5314254761, 78.2048034668, 78.889793396, 79.5747833252, 80.2481613159, 80.9331512451, 81.6181411743, 82.3031311035, 82.9765090942, 83.649887085, 84.3348770142, 85.0314712524, 85.7048492432, 86.3782272339, 87.0748291016, 87.7714233398, 88.4331970215, 89.1065750122, 89.7915649414, 90.4881591797, 91.1615371704, 91.8349151611, 92.5199050903, 93.2048950195, 93.8782730103, 94.551651001, 95.2482528687, 95.9448471069, 96.6182327271, 97.2916107178, 97.976600647, 98.6615829468, 99.3349609375, 100.019950867, 100.704940796, 101.401542664, 102.074920654, 102.748298645, 103.433288574, 104.118278503, 104.791656494, 105.476638794, 106.161628723, 106.858230591, 107.531608582, 108.204986572, 108.878364563, 109.574966431, 110.248344421, 110.933334351, 111.61831665, 112.30330658, 112.97668457, 113.6616745, 114.358276367, 115.031654358, 115.705032349, 116.378410339, 117.063400269, 117.748390198, 118.421768188, 119.106758118, 119.791740417, 120.488342285, 121.161720276, 121.846710205, 122.531700134, 123.216690063, 123.878456116, 124.563446045, 125.248435974, 125.945030212, 126.618408203, 127.291786194, 127.976776123, 128.661773682, 129.335144043, 130.020126343, 130.705123901, 131.40171814, 132.07510376, 132.748474121, 133.43347168, 134.118453979, 134.7918396, 135.465209961, 136.15020752, 136.846801758, 137.508575439, 138.193557739, 138.878540039, 139.563537598, 140.248519897, 140.933517456, 141.618499756, 142.303482056, 142.988479614, 143.661849976, 144.346847534, 145.031829834, 145.705215454, 146.390197754, 147.075195312, 147.748565674, 148.433563232, 149.118545532, 149.803527832, 150.488525391, 151.161895752, 151.835281372, 152.520263672, 153.20526123, 153.878631592, 154.56362915, 155.24861145, 155.945205688, 156.618591309, 157.303573608, 157.988571167, 158.661941528, 159.335327148, 160.020309448, 160.705307007, 161.390289307, 162.063674927, 162.748657227, 163.433654785, 164.118637085, 164.792022705, 165.465393066, 166.150375366, 166.835372925, 167.520355225, 168.205352783, 168.890335083, 169.575332642, 170.248703003, 170.922088623, 171.607070923, 172.292053223, 172.965438843, 173.650421143, 174.335418701, 175.032012939, 175.70539856, 176.390380859, 177.075378418, 177.748748779, 178.422134399, 179.107116699, 179.792098999, 180.488708496, 181.162078857, 181.835464478, 182.520446777, 183.205444336, 183.878814697, 184.563812256, 185.248794556, 185.922180176, 186.595550537, 187.280548096, 187.965530396, 188.662124634, 189.335510254, 190.020492554, 190.705490112, 191.402084351, 192.075454712, 192.748840332, 193.433822632, 194.11882019, 194.792190552, 195.47718811, 196.16217041, 196.847167969, 197.52053833, 198.205535889, 198.890518188, 199.575500488, 200.248886108, 200.945480347, 201.630477905, 202.315460205, 202.988845825, 203.662216187, 204.335601807, 205.032196045, 205.705581665, 206.378952026, 207.075546265, 207.772155762, 208.445526123, 209.118911743, 209.792282104, 210.477279663, 211.162261963, 211.847259521, 212.532241821, 213.205612183, 213.878997803, 214.563980103, 215.248977661, 215.945571899, 216.61895752, 217.292327881, 217.977325439, 218.662307739, 219.335693359, 220.009063721, 220.705657959, 221.402267456, 222.075637817, 222.749023438, 223.422393799, 224.119003296, 224.792373657, 225.477371216, 226.162353516, 226.858947754, 227.532333374, 228.205703735, 228.890701294, 229.575683594, 230.249069214, 230.922439575, 231.607437134, 232.304031372, 232.989013672, 233.662399292, 234.335784912, 235.03237915, 235.694152832, 236.367523193, 237.052505493, 237.74911499, 238.422485352, 239.10748291, 239.79246521, 240.489059448, 241.162445068, 241.835830688, 242.520812988, 243.205795288, 243.879180908, 244.564163208, 245.249160767, 245.945755005, 246.619140625, 247.292510986, 247.977508545, 248.662490845, 249.335861206, 250.020858765, 250.705841064, 251.402450562, 252.075820923, 252.749206543, 253.434188843, 254.119186401, 254.792556763, 255.477539062, 256.162536621, 256.84753418, 257.520904541, 258.194274902, 258.879272461, 259.56427002, 260.237640381, 260.922637939, 261.619232178, 262.304199219, 262.977600098, 263.662567139, 264.335968018, 265.020935059, 265.705932617, 266.390930176, 267.075927734, 267.749298096, 268.422668457, 269.107666016, 269.792633057, 270.477630615, 271.162628174, 271.847625732, 272.532592773, 273.229187012, 273.937408447, 274.645629883, 275.295776367, 275.945922852, 276.584472656, 277.234649658, 277.884796143, 278.534973145, 279.185119629], "beats_loudness": {"dmean2": 0.165643945336, "median": 0.0339187756181, "min": 0, "dvar2": 0.0367438904941, "dvar": 0.0140188420191, "dmean": 0.0957947745919, "max": 0.60914927721, "var": 0.0122296093032, "mean": 0.0820558816195}, "danceability": 1.19160759449, "bpm_histogram_second_peak_weight": {"dmean2": 0, "median": 0.0345622114837, "min": 0.0345622114837, "dvar2": 0, "dvar": 0, "dmean": 0, "max": 0.0345622114837, "var": 0, "mean": 0.0345622114837}, "beats_count": 435, "bpm_histogram_second_peak_bpm": {"dmean2": 0, "median": 178, "min": 178, "dvar2": 0, "dvar": 0, "dmean": 0, "max": 178, "var": 0, "mean": 178}, "bpm_histogram_first_peak_spread": {"dmean2": 0, "median": 0.164772689342, "min": 0.164772689342, "dvar2": 0, "dvar": 0, "dmean": 0, "max": 0.164772689342, "var": 0, "mean": 0.164772689342}, "beats_loudness_band_ratio": {"dmean2": [0.481439739466, 0.214690998197, 0.166420966387, 0.103016339242, 0.118378259242, 0.459246635437], "median": [0.475901395082, 0.0656803101301, 0.0213924068958, 0.0211583189666, 0.033109895885, 0.111270599067], "min": [0, 0, 0, 0, 0, 0], "dvar2": [0.187061086297, 0.0628367885947, 0.0591473951936, 0.0258600693196, 0.0270649436861, 0.164224684238], "dvar": [0.0743592754006, 0.0234747137874, 0.0208865180612, 0.00956764630973, 0.0102662183344, 0.0603074543178], "dmean": [0.291078925133, 0.125984162092, 0.091805011034, 0.0585888512433, 0.0683882012963, 0.256479859352], "max": [0.99072343111, 0.939344584942, 0.953292489052, 0.766744732857, 0.727883458138, 0.952182352543], "var": [0.131750449538, 0.0309041589499, 0.0186285320669, 0.0103091560304, 0.0125196026638, 0.059609990567], "mean": [0.461318135262, 0.139765396714, 0.0819141864777, 0.0590441823006, 0.0714349225163, 0.211132392287]}}, "lowlevel": {"barkbands_spread": {"dmean2": 15.0037536621, "median": 17.6729621887, "min": 0.449822306633, "dvar2": 368.851287842, "dvar": 176.202713013, "dmean": 9.85577964783, "max": 109.976173401, "var": 399.703094482, "mean": 23.4812374115}, "melbands_spread": {"dmean2": 18.8742465973, "median": 14.03865242, "min": 0.214607492089, "dvar2": 991.048156738, "dvar": 502.725463867, "dmean": 12.6049919128, "max": 267.720672607, "var": 1485.34838867, "mean": 29.3058376312}, "hfc": {"dmean2": 21.1931648254, "median": 13.4594860077, "min": 1.07591283013e-16, "dvar2": 2226.59814453, "dvar": 966.533203125, "dmean": 14.3228931427, "max": 447.722045898, "var": 1326.80212402, "mean": 24.3052349091}, "barkbands_kurtosis": {"dmean2": 15.444691658, "median": 4.29117679596, "min": -1.93952596188, "dvar2": 1415.91674805, "dvar": 552.587768555, "dmean": 9.70526409149, "max": 422.51373291, "var": 824.697937012, "mean": 13.8346910477}, "gfcc": {"mean": [-44.0670509338, 59.8086395264, -99.9977416992, 46.8009643555, -55.7303161621, 13.3341093063, -41.8044281006, 0.997354149818, -25.3821601868, 1.46563792229, -13.190694809, -3.14082932472, -12.7935295105], "icov": [[9.67704254435e-05, -0.000181893949048, 0.000165380552062, -0.000244514259975, 0.000274386140518, -0.000330437906086, 0.000306152389385, -0.00029454936157, 0.000293592747767, -0.00020979787223, 0.000255028047832, -0.000167674879776, 0.000281921093119], [-0.000181893949048, 0.000966051127762, -0.000325343804434, 0.000593301781919, -0.00084430037532, 0.00071796082193, -0.000914425880183, 0.00104278023355, -0.00102964695543, 0.00090801960323, -0.000855352729559, 0.000898507831153, -0.000773517240304], [0.000165380552062, -0.000325343804434, 0.00153512961697, -0.0010987946298, 0.000347203604179, -0.00109851907473, -2.5194389309e-05, -4.53754691989e-05, 0.000217425273149, -1.05514718598e-05, 0.000475076201838, -0.000970994064119, 0.000838175415993], [-0.000244514259975, 0.000593301781919, -0.0010987946298, 0.00340553116985, -0.00148354086559, -0.00153081212193, 0.000262810761342, 0.000848894589581, -0.00107977318112, 0.000986959785223, -0.000409199681599, 0.000343514140695, -0.000406761595514], [0.000274386140518, -0.00084430037532, 0.000347203604179, -0.00148354086559, 0.00379592040554, -0.00107831391506, 0.000453516753623, -0.000389146909583, -8.12168291304e-05, -0.000251348799793, 0.000114497277536, 0.000698230403941, 0.000264279457042], [-0.000330437906086, 0.00071796082193, -0.00109851907473, -0.00153081212193, -0.00107831391506, 0.00787376239896, -0.00360310799442, -0.000532890611794, 0.000294643687084, -0.000303962500766, -0.000604469852988, 0.000468654063297, -0.00119230884593], [0.000306152389385, -0.000914425880183, -2.5194389309e-05, 0.000262810761342, 0.000453516753623, -0.00360310799442, 0.00731648597866, -0.00340562779456, -0.00020779951592, 0.000437843438704, 0.000720616313629, -0.000933878181968, 0.000224344330491], [-0.00029454936157, 0.00104278023355, -4.53754691989e-05, 0.000848894589581, -0.000389146909583, -0.000532890611794, -0.00340562779456, 0.0101333754137, -0.0053785876371, 0.00134572945535, -7.26644748283e-06, 5.66893286305e-05, 0.00151261861902], [0.000293592747767, -0.00102964695543, 0.000217425273149, -0.00107977318112, -8.12168291304e-05, 0.000294643687084, -0.00020779951592, -0.0053785876371, 0.0127792079002, -0.00579458102584, -0.00119525962509, 0.00125445076264, -3.01162672258e-05], [-0.00020979787223, 0.00090801960323, -1.05514718598e-05, 0.000986959785223, -0.000251348799793, -0.000303962500766, 0.000437843438704, 0.00134572945535, -0.00579458102584, 0.0119314249605, -0.00493874400854, 0.000152186461492, 0.000903152511455], [0.000255028047832, -0.000855352729559, 0.000475076201838, -0.000409199681599, 0.000114497277536, -0.000604469852988, 0.000720616313629, -7.26644748283e-06, -0.00119525962509, -0.00493874400854, 0.0125572923571, -0.00545337609947, 0.0009954465786], [-0.000167674879776, 0.000898507831153, -0.000970994064119, 0.000343514140695, 0.000698230403941, 0.000468654063297, -0.000933878181968, 5.66893286305e-05, 0.00125445076264, 0.000152186461492, -0.00545337609947, 0.014507365413, -0.0065451823175], [0.000281921093119, -0.000773517240304, 0.000838175415993, -0.000406761595514, 0.000264279457042, -0.00119230884593, 0.000224344330491, 0.00151261861902, -3.01162672258e-05, 0.000903152511455, 0.0009954465786, -0.0065451823175, 0.0127301178873]], "cov": [[27801.703125, 1220.0378418, -444.317443848, 1558.27502441, -661.355712891, 992.971740723, -342.878631592, 360.946136475, -331.183319092, -55.5273246765, -437.152252197, -182.283859253, -449.0128479], [1220.0378418, 2205.12280273, 100.076530457, -39.4364433289, 356.611785889, -18.4296398163, 153.993835449, -65.1363220215, 106.482421875, -64.697227478, 49.6888694763, -88.2663497925, 50.5917816162], [-444.317443848, 100.076530457, 1834.18029785, 987.341247559, 412.631652832, 643.060302734, 367.710601807, 130.251190186, 86.6069412231, -58.1892051697, -3.8779695034, 58.1592636108, -9.05187129974], [1558.27502441, -39.4364433289, 987.341247559, 1132.58679199, 380.302093506, 575.059814453, 215.796173096, 117.661178589, 59.9744377136, -41.1531219482, -27.400390625, 8.62588596344, -27.9044208527], [-661.355712891, 356.611785889, 412.631652832, 380.302093506, 557.31427002, 221.43963623, 153.457473755, 47.6116485596, 90.273475647, -10.9433031082, 20.7750816345, -33.3267936707, 4.33727073669], [992.971740723, -18.4296398163, 643.060302734, 575.059814453, 221.43963623, 520.317749023, 251.1927948, 140.786087036, 59.8298149109, -8.73504257202, -8.22003555298, 15.3463907242, -14.8006286621], [-342.878631592, 153.993835449, 367.710601807, 215.796173096, 153.457473755, 251.1927948, 346.952270508, 141.852416992, 90.2655792236, -5.90272760391, 11.8083248138, 9.7574300766, 1.73216807842], [360.946136475, -65.1363220215, 130.251190186, 117.661178589, 47.6116485596, 140.786087036, 141.852416992, 219.377807617, 101.718406677, 31.7309532166, 6.82720136642, -9.22842216492, -40.4261016846], [-331.183319092, 106.482421875, 86.6069412231, 59.9744377136, 90.273475647, 59.8298149109, 90.2655792236, 101.718406677, 186.82119751, 86.0676956177, 58.704826355, -8.45663833618, -14.5316915512], [-55.5273246765, -64.697227478, -58.1892051697, -41.1531219482, -10.9433031082, -8.73504257202, -5.90272760391, 31.7309532166, 86.0676956177, 161.718215942, 76.56590271, 13.8049879074, -14.601395607], [-437.152252197, 49.6888694763, -3.8779695034, -27.400390625, 20.7750816345, -8.22003555298, 11.8083248138, 6.82720136642, 58.704826355, 76.56590271, 145.62689209, 49.5332946777, 18.6465854645], [-182.283859253, -88.2663497925, 58.1592636108, 8.62588596344, -33.3267936707, 15.3463907242, 9.7574300766, -9.22842216492, -8.45663833618, 13.8049879074, 49.5332946777, 122.305717468, 56.1843338013], [-449.0128479, 50.5917816162, -9.05187129974, -27.9044208527, 4.33727073669, -14.8006286621, 1.73216807842, -40.4261016846, -14.5316915512, -14.601395607, 18.6465854645, 56.1843338013, 123.003463745]]}, "spectral_energyband_middle_low": {"dmean2": 0.00662225810811, "median": 0.0085957730189, "min": 1.12088488716e-22, "dvar2": 0.0001534291805, "dvar": 6.04100423516e-05, "dmean": 0.00422560377046, "max": 0.105839826167, "var": 0.000147827508044, "mean": 0.011699247174}, "melbands_crest": {"dmean2": 4.87128019333, "median": 15.7829647064, "min": 1.29791808128, "dvar2": 25.0193939209, "dvar": 10.7850046158, "dmean": 3.11464834213, "max": 38.6743736267, "var": 39.1460533142, "mean": 16.2536582947}, "spectral_kurtosis": {"dmean2": 1.89004707336, "median": 2.29405736923, "min": -1.26021385193, "dvar2": 4.47973585129, "dvar": 1.75034308434, "dmean": 1.18151903152, "max": 21.3912677765, "var": 6.73018884659, "mean": 2.98792457581}, "spectral_rms": {"dmean2": 0.0017679517623, "median": 0.00457458849996, "min": 3.13870826031e-12, "dvar2": 1.42133831105e-05, "dvar": 6.31587408861e-06, "dmean": 0.00118415465113, "max": 0.0375027619302, "var": 1.71153496922e-05, "mean": 0.00531157944351}, "zerocrossingrate": {"dmean2": 0.0212008338422, "median": 0.05224609375, "min": 0.00146484375, "dvar2": 0.000627354951575, "dvar": 0.00055967445951, "dmean": 0.018960447982, "max": 0.52392578125, "var": 0.00600065942854, "mean": 0.0758707299829}, "silence_rate_60dB": {"dmean2": 0.0600431263447, "median": 0, "min": 0, "dvar2": 0.0624061003327, "dvar": 0.0291223544627, "dmean": 0.0300190728158, "max": 1, "var": 0.125645786524, "mean": 0.14734660089}, "erbbands_kurtosis": {"dmean2": 2.16497540474, "median": -0.123216867447, "min": -1.88836884499, "dvar2": 11.5414762497, "dvar": 5.36688184738, "dmean": 1.40767478943, "max": 56.8625831604, "var": 11.6460523605, "mean": 0.916996538639}, "erbbands": {"dmean2": [1.1558226347, 7.19092273712, 6.44035673141, 9.65023231506, 9.54086017609, 8.0512304306, 8.09797954559, 7.29089736938, 11.9935026169, 15.4509334564, 15.6743564606, 9.03244495392, 7.0369553566, 7.92130279541, 11.9647884369, 10.1891050339, 14.7776212692, 15.7298555374, 15.7323989868, 12.2374763489, 13.812669754, 13.3901510239, 11.5909318924, 18.0007858276, 19.9083251953, 17.4971466064, 17.6333065033, 18.0376014709, 23.0067386627, 20.12200737, 16.4048938751, 12.3091478348, 6.74603748322, 3.58651614189, 1.16271853447, 0.365669041872, 0.137872368097, 0.0217886194587, 0.00230867159553, 9.35757925618e-05], "median": [0.0310732163489, 0.499097704887, 1.28191351891, 3.27767324448, 5.8769159317, 3.98333263397, 2.98052883148, 2.53625440598, 2.2598938942, 3.17456269264, 2.23700833321, 1.37531518936, 1.62666463852, 1.81667625904, 2.72580385208, 2.81207370758, 3.53418779373, 4.87424278259, 4.94543790817, 4.04826545715, 4.31902599335, 4.64069080353, 4.1884932518, 4.22988462448, 5.06731891632, 4.12657546997, 2.88551974297, 2.27748274803, 1.93330025673, 1.57013487816, 1.44432806969, 0.996294498444, 0.683625757694, 0.318349599838, 0.134650811553, 0.0392447859049, 0.00973066687584, 0.0017024918925, 0.000162139069289, 4.03527519666e-05], "min": [9.9294824597e-23, 2.64434379583e-22, 2.0007576469e-21, 4.779051741e-21, 1.44453377648e-20, 2.13321705107e-20, 4.35718809379e-20, 4.54633360373e-20, 8.70365062772e-20, 1.86348269447e-19, 1.23527740559e-19, 2.17898501898e-19, 4.26263979881e-19, 5.13787159164e-19, 8.30644948356e-19, 9.35813105026e-19, 1.54743293149e-18, 1.62658057103e-18, 1.81707943892e-18, 2.4459951984e-18, 3.5427235737e-18, 3.49748547959e-18, 5.48169531371e-18, 4.32089456214e-18, 7.53185419011e-18, 7.1191613748e-18, 9.78444566911e-18, 1.03329954554e-17, 9.2521987855e-18, 1.19063268949e-17, 9.84108189847e-18, 1.02097968293e-17, 9.11709703041e-18, 7.90206383634e-18, 5.45071946772e-18, 3.74721668319e-18, 2.23401238205e-18, 8.69984003928e-19, 2.45905234777e-19, 2.69000136866e-20], "dvar2": [31.9535636902, 1082.18115234, 579.195068359, 753.28918457, 459.343597412, 275.045623779, 351.055938721, 300.200775146, 1310.41308594, 1903.81152344, 3192.23413086, 1056.15209961, 369.522277832, 939.832641602, 1222.38354492, 976.229248047, 2080.96459961, 1503.24694824, 2078.19677734, 1109.53088379, 1162.33837891, 1183.94042969, 1141.80383301, 1695.49108887, 1675.25805664, 1753.64916992, 1958.65454102, 2886.90722656, 4588.01953125, 3591.0949707, 2019.12219238, 1061.30065918, 393.25668335, 90.219291687, 8.27819538116, 0.776536762714, 0.104788161814, 0.00206435495056, 3.72086797142e-05, 4.70991352586e-08], "dvar": [12.4173870087, 400.836273193, 206.594406128, 288.150360107, 180.318603516, 122.192253113, 161.348709106, 135.969497681, 644.825378418, 909.406738281, 1474.08972168, 556.943969727, 218.717208862, 463.209686279, 557.515991211, 431.093200684, 917.624938965, 629.574401855, 1006.27325439, 526.327453613, 472.540588379, 466.504760742, 444.632568359, 695.46295166, 719.248779297, 729.45300293, 813.389099121, 1152.03320312, 1840.39941406, 1458.95129395, 879.541320801, 501.873779297, 187.00894165, 38.9184761047, 3.47971129417, 0.311780542135, 0.0396772176027, 0.00083230168093, 1.38750729093e-05, 1.88832398607e-08], "dmean": [0.684211492538, 4.1588139534, 3.8638484478, 5.86062812805, 5.90308475494, 5.14517116547, 5.3366932869, 4.8604798317, 8.26780986786, 10.429646492, 10.9295473099, 6.39026212692, 5.00961017609, 5.44255208969, 7.81521701813, 6.60661888123, 9.51938438416, 10.2329978943, 10.6277484894, 8.21538543701, 8.78045940399, 8.38695335388, 7.32367801666, 11.462015152, 12.8853406906, 11.2956237793, 11.3451480865, 11.4557523727, 14.3716211319, 12.8278532028, 11.0532083511, 8.16250610352, 4.49962997437, 2.28576469421, 0.732314109802, 0.226893186569, 0.0816255062819, 0.0128436665982, 0.00135103578214, 5.89682458667e-05], "max": [53.1957969666, 281.41897583, 429.68069458, 297.796813965, 255.320220947, 209.106445312, 252.696914673, 296.061096191, 850.75604248, 740.355285645, 993.562133789, 657.759094238, 524.945556641, 884.842529297, 937.723388672, 822.012817383, 803.052185059, 546.436096191, 1159.2244873, 1199.34716797, 538.285339355, 629.27130127, 1159.50390625, 512.016845703, 488.474029541, 361.444885254, 407.04586792, 772.689025879, 1053.03857422, 797.093261719, 406.365142822, 608.537902832, 463.55480957, 137.613388062, 41.0402641296, 8.60275745392, 2.7545580864, 0.685248315334, 0.0763595551252, 0.00183056865353], "var": [11.1051626205, 305.636779785, 188.047241211, 410.337493896, 428.9609375, 316.611236572, 339.243225098, 403.02432251, 1768.06970215, 3921.93969727, 2864.64868164, 994.44732666, 720.421447754, 1415.53930664, 1012.87835693, 700.534729004, 1376.28894043, 1230.68115234, 2518.4765625, 1860.2989502, 1270.40710449, 570.4296875, 501.082244873, 1184.86328125, 1429.15551758, 872.528930664, 861.41394043, 1059.62426758, 1662.00048828, 1417.49536133, 1214.41760254, 787.952636719, 283.523742676, 47.9201545715, 4.15555858612, 0.335139453411, 0.0342325493693, 0.000910587550607, 1.1755117157e-05, 2.26575540552e-08], "mean": [0.697462975979, 4.71969461441, 6.34676170349, 10.6859741211, 13.3413686752, 9.71942234039, 9.69545650482, 10.9037055969, 15.9423627853, 23.6174755096, 18.6842689514, 9.23860168457, 9.29726696014, 10.0085906982, 11.854716301, 9.93883514404, 13.2769107819, 17.4355297089, 18.7716445923, 16.3242092133, 15.5326013565, 12.4932966232, 10.824344635, 16.9599437714, 19.1808414459, 14.3109016418, 12.6497793198, 11.7944908142, 13.6615362167, 12.5206727982, 13.3571481705, 9.35072231293, 5.18726348877, 2.34372401237, 0.783633291721, 0.22996622324, 0.0710667148232, 0.01154902298, 0.00120917800814, 8.68126226123e-05]}, "spectral_strongpeak": {"dmean2": 0.69364631176, "median": 0.528959870338, "min": 0, "dvar2": 1.95837450027, "dvar": 0.770289242268, "dmean": 0.416708827019, "max": 14.6174974442, "var": 1.35214531422, "mean": 0.867921054363}, "spectral_energy": {"dmean2": 0.0412644445896, "median": 0.0214500315487, "min": 1.00977766316e-20, "dvar2": 0.0260796062648, "dvar": 0.0102650178596, "dmean": 0.0257305800915, "max": 1.44161868095, "var": 0.0109110353515, "mean": 0.0464615859091}, "average_loudness": 0.671647548676, "spectral_rolloff": {"dmean2": 1469.20666504, "median": 645.99609375, "min": 43.06640625, "dvar2": 5399501.5, "dvar": 2696800.75, "dmean": 886.613586426, "max": 19745.9472656, "var": 9507769, "mean": 2116.07788086}, "spectral_centroid": {"dmean2": 617.945068359, "median": 1202.02929688, "min": 157.030349731, "dvar2": 541307, "dvar": 289516.875, "dmean": 425.436065674, "max": 11765.8125, "var": 2076885.75, "mean": 1591.04943848}, "pitch_salience": {"dmean2": 0.117830350995, "median": 0.510863184929, "min": 0.0431872494519, "dvar2": 0.0143819600344, "dvar": 0.00621019676328, "dmean": 0.0760454535484, "max": 0.989741146564, "var": 0.0221303105354, "mean": 0.513339698315}, "spectral_energyband_middle_high": {"dmean2": 0.00198997580446, "median": 0.00161217537243, "min": 1.12160500989e-21, "dvar2": 1.26188069771e-05, "dvar": 5.21441279488e-06, "dmean": 0.00132785260212, "max": 0.0330370031297, "var": 1.43021052281e-05, "mean": 0.00303378724493}, "spectral_contrast_coeffs": {"dmean2": [0.073794670403, 0.0759579911828, 0.0595332458615, 0.0508841834962, 0.0391230136156, 0.03270740062], "median": [-0.596193015575, -0.703209042549, -0.804838836193, -0.793565750122, -0.798472166061, -0.776703059673], "min": [-0.981799244881, -0.994861245155, -0.990595638752, -0.996221840382, -0.980325222015, -0.967155218124], "dvar2": [0.00443657068536, 0.00412361091003, 0.00250408588909, 0.00193713174667, 0.001075202832, 0.000806611555163], "dvar": [0.00183861539699, 0.00189558882266, 0.00112029083539, 0.000901428167708, 0.000501590315253, 0.00033631597762], "dmean": [0.045918982476, 0.048518653959, 0.0379176549613, 0.0327784009278, 0.0253653079271, 0.0201982874423], "max": [-0.182631343603, -0.337503790855, -0.470753073692, -0.492729753256, -0.546846449375, -0.593540728092], "var": [0.0147788720205, 0.0130030922592, 0.00660330057144, 0.0065321684815, 0.00375684234314, 0.00167814118322], "mean": [-0.596583664417, -0.693760097027, -0.790122926235, -0.780376374722, -0.789138138294, -0.776297688484]}, "melbands_skewness": {"dmean2": 2.02152252197, "median": 3.53102898598, "min": -1.98729467392, "dvar2": 6.86786460876, "dvar": 3.25223469734, "dmean": 1.35796749592, "max": 39.8017997742, "var": 12.2489910126, "mean": 4.2759847641}, "spectral_spread": {"dmean2": 1130903.75, "median": 5574964, "min": 1978628.75, "dvar2": 1667226533890.0, "dvar": 754777980928, "dmean": 741543.8125, "max": 43085544, "var": 16631753343000.0, "mean": 5929541.5}, "dissonance": {"dmean2": 0.0265010539442, "median": 0.472736656666, "min": 0.255489230156, "dvar2": 0.00085685524391, "dvar": 0.000353317445843, "dmean": 0.0165798850358, "max": 0.5, "var": 0.00108914985321, "mean": 0.462546914816}, "spectral_skewness": {"dmean2": 0.351106464863, "median": 1.24614846706, "min": -0.0910967290401, "dvar2": 0.117203913629, "dvar": 0.0532614886761, "dmean": 0.234001651406, "max": 3.20678067207, "var": 0.240974262357, "mean": 1.26375925541}, "spectral_flux": {"dmean2": 0.0621151961386, "median": 0.0690169110894, "min": 6.33692057161e-11, "dvar2": 0.0135739455, "dvar": 0.00577734783292, "dmean": 0.0387509353459, "max": 1.10416769981, "var": 0.0107089206576, "mean": 0.0903886035085}, "spectral_contrast_valleys": {"dmean2": [0.630926787853, 0.708238005638, 0.608689963818, 0.574299454689, 0.548966109753, 0.647980988026], "median": [-7.4156961441, -7.53949546814, -8.02807044983, -8.13212585449, -7.78402996063, -9.86771392822], "min": [-28.3424816132, -28.0652351379, -27.8044223785, -27.7933750153, -27.6686611176, -27.3969459534], "dvar2": [0.324876248837, 0.427376836538, 0.327548623085, 0.303758949041, 0.31969705224, 0.548930883408], "dvar": [0.168895900249, 0.203075155616, 0.161731183529, 0.158961683512, 0.172121345997, 0.279025048018], "dmean": [0.395495504141, 0.452439397573, 0.403352946043, 0.3956797719, 0.401861995459, 0.502694308758], "max": [-4.31409835815, -4.56502342224, -5.49184322357, -5.7098903656, -5.27354717255, -6.98057031631], "var": [7.83797550201, 5.9934091568, 5.59220552444, 5.48334503174, 5.69174003601, 5.49480581284], "mean": [-8.2022151947, -7.98010253906, -8.41294193268, -8.4879655838, -8.06951808929, -10.1407976151]}, "erbbands_flatness_db": {"dmean2": 0.0283450614661, "median": 0.140810519457, "min": 0.0458097532392, "dvar2": 0.000750191335101, "dvar": 0.000382231984986, "dmean": 0.0197235774249, "max": 0.364307016134, "var": 0.00259952060878, "mean": 0.15144328773}, "spectral_energyband_high": {"dmean2": 0.00245410320349, "median": 0.000333215168212, "min": 7.150790603e-21, "dvar2": 3.90615059587e-05, "dvar": 1.66789905052e-05, "dmean": 0.00162809342146, "max": 0.0626556947827, "var": 1.98184534383e-05, "mean": 0.00186859234236}, "spectral_entropy": {"dmean2": 0.370854347944, "median": 7.58139514923, "min": 5.01959085464, "dvar2": 0.151897311211, "dvar": 0.079883903265, "dmean": 0.267141908407, "max": 9.82562637329, "var": 0.37034457922, "mean": 7.59815263748}, "silence_rate_20dB": {"dmean2": 0.0344999171793, "median": 1, "min": 0, "dvar2": 0.0349682532251, "dvar": 0.016948249191, "dmean": 0.0172485280782, "max": 1, "var": 0.0195826347917, "mean": 0.980016589165}, "melbands_flatness_db": {"dmean2": 0.0561440102756, "median": 0.223519742489, "min": 0.00283677433617, "dvar2": 0.00369300413877, "dvar": 0.00185436813626, "dmean": 0.0396329089999, "max": 0.534981429577, "var": 0.00892561115324, "mean": 0.224461480975}, "barkbands": {"dmean2": [0.00271722488105, 0.0336091816425, 0.00477606058121, 0.00365106551908, 0.00246349046938, 0.000854777812492, 0.000926599779632, 0.000884588051122, 0.000404415040975, 0.000259036198258, 0.000280080566881, 0.000281580141746, 0.000331605115207, 0.000378804223146, 0.000267659605015, 0.000258531566942, 0.000250450277235, 0.000248816009844, 0.000405805098126, 0.000396985589759, 0.000419522752054, 0.000649715249892, 0.000576928141527, 0.000466510857223, 0.000239318556851, 7.13001136319e-05, 1.18021671369e-05], "median": [5.15276678925e-06, 0.00192348076962, 0.000996744958684, 0.00121205230244, 0.00182450003922, 0.000287276518065, 0.000137524213642, 9.14582633413e-05, 4.52832973679e-05, 4.9849259085e-05, 5.43422356714e-05, 5.62469722354e-05, 6.39546778984e-05, 9.19652811717e-05, 6.98484946042e-05, 6.89106673235e-05, 7.58344685892e-05, 6.75552146276e-05, 9.35723874136e-05, 8.71341908351e-05, 5.728162796e-05, 5.45136281289e-05, 5.12672486366e-05, 4.22794255428e-05, 2.42691803578e-05, 5.9077201513e-06, 7.75005844389e-07], "min": [3.99963596955e-25, 2.60750438599e-24, 1.63394215222e-24, 1.78918859786e-24, 8.09727222797e-24, 7.48646669539e-24, 8.38216618845e-24, 1.91918656415e-24, 8.42190821199e-24, 1.00467936494e-23, 1.3352456897e-23, 1.07159733112e-23, 2.60432929973e-23, 3.02866262936e-23, 2.45178631986e-23, 5.50228840561e-23, 5.91787295225e-23, 9.41977860291e-23, 9.9220558076e-23, 1.35608597487e-22, 2.22293732949e-22, 2.84330814765e-22, 3.23563783211e-22, 5.9560341301e-22, 7.97695491027e-22, 1.26863797935e-21, 1.92399019695e-21], "dvar2": [0.000127711653477, 0.0252053383738, 0.000302151980577, 9.12710311241e-05, 2.02619557967e-05, 3.30971897711e-06, 6.61808280711e-06, 7.25990730643e-06, 2.20003585127e-06, 6.68533516546e-07, 6.69219502925e-07, 8.10547305719e-07, 1.00793988622e-06, 1.07369783109e-06, 6.92411674663e-07, 3.67504469523e-07, 4.01825076324e-07, 4.45684264605e-07, 7.03728346707e-07, 8.3138621676e-07, 1.31500689804e-06, 3.9635228859e-06, 2.48343667408e-06, 1.6112431922e-06, 3.6319252672e-07, 2.7655548962e-08, 9.15507392119e-10], "dvar": [6.22285151621e-05, 0.00961021333933, 0.000109006738057, 3.40702972608e-05, 8.54422614793e-06, 1.48201922912e-06, 3.260986432e-06, 3.52763208866e-06, 1.12253496809e-06, 3.49433236124e-07, 3.61478157629e-07, 3.54344564357e-07, 4.39937281271e-07, 4.56196346477e-07, 3.34991312911e-07, 1.60085576795e-07, 1.57490532615e-07, 1.75419785364e-07, 2.96095009844e-07, 3.44780886508e-07, 5.37651317245e-07, 1.57303236392e-06, 1.06770676211e-06, 7.90384035554e-07, 1.54790953388e-07, 1.08341167149e-08, 3.46148554264e-10], "dmean": [0.0018350816099, 0.0198389999568, 0.00288521754555, 0.0021975687705, 0.00155540392734, 0.000566053960938, 0.0006401319406, 0.000619028229266, 0.000281077402178, 0.000178185873665, 0.000185991841136, 0.000178710790351, 0.00021098209254, 0.000243958609644, 0.000178504167707, 0.000168392492924, 0.000155191955855, 0.000156766574946, 0.000258863845374, 0.00025567371631, 0.0