{"tonal": {"thpcp": [1, 0.827494502068, 0.689993023872, 0.759135603905, 0.571802258492, 0.446112930775, 0.465133428574, 0.477841556072, 0.704033136368, 0.980995893478, 0.76506537199, 0.448978930712, 0.40683400631, 0.441473811865, 0.64746850729, 0.893076896667, 0.799699187279, 0.642238140106, 0.669582724571, 0.710676789284, 0.814126372337, 0.946854412556, 0.810920476913, 0.677065491676, 0.768548190594, 0.667008280754, 0.472908705473, 0.394922405481, 0.381495982409, 0.629758894444, 0.987228572369, 0.818426370621, 0.494197010994, 0.434102445841, 0.432503551245, 0.685381710529], "hpcp": {"dmean2": [0.297982871532, 0.253899514675, 0.189889848232, 0.181067928672, 0.206645175815, 0.262245774269, 0.323875010014, 0.323214709759, 0.317904770374, 0.34076115489, 0.343856990337, 0.361295282841, 0.35669234395, 0.325082659721, 0.287450999022, 0.295279055834, 0.281185179949, 0.224359065294, 0.18614166975, 0.183418542147, 0.245291680098, 0.312064945698, 0.275587081909, 0.21322928369, 0.200466930866, 0.192854613066, 0.251001387835, 0.328370004892, 0.288212388754, 0.29934233427, 0.323637217283, 0.246494352818, 0.203172504902, 0.195616349578, 0.193224713206, 0.247509926558], "median": [0.1577064991, 0.12409131974, 0.0674602016807, 0.0603624619544, 0.0673764795065, 0.109586685896, 0.150826498866, 0.139055788517, 0.0948379784822, 0.0887727290392, 0.0974414944649, 0.132874131203, 0.166491642594, 0.137545138597, 0.11561319977, 0.116067931056, 0.102502450347, 0.07075663656, 0.0577293038368, 0.0544016957283, 0.0921263247728, 0.145294994116, 0.128542721272, 0.0746840834618, 0.0604448579252, 0.0637602061033, 0.117503255606, 0.163854002953, 0.144886136055, 0.0996866822243, 0.0828013420105, 0.0723599344492, 0.0666570588946, 0.071714669466, 0.0759050548077, 0.11671961844], "min": [0, 0, 0, 0, 0, 0, 0, 0, 0, 0, 0, 0, 0, 0, 0, 0, 0, 0, 0, 0, 0, 0, 0, 0, 0, 0, 0, 0, 0, 0, 0, 0, 0, 0, 0, 0], "dvar2": [0.110060296953, 0.0844996273518, 0.0641571506858, 0.0644571185112, 0.080480851233, 0.097824268043, 0.125445321202, 0.12440533936, 0.135351151228, 0.155305728316, 0.15118996799, 0.154905602336, 0.143246978521, 0.129739493132, 0.114720515907, 0.122782185674, 0.124350503087, 0.0963018089533, 0.0825202390552, 0.0746827796102, 0.0932582467794, 0.121338948607, 0.101582221687, 0.0783475115895, 0.0745648369193, 0.0731449052691, 0.0874826461077, 0.12785603106, 0.100756704807, 0.131338402629, 0.167838394642, 0.104459114373, 0.0841173380613, 0.0697197765112, 0.0653272420168, 0.082249507308], "dvar": [0.0452450029552, 0.0324975624681, 0.0242121722549, 0.0238246768713, 0.0288114082068, 0.0365511216223, 0.0494817048311, 0.0461741499603, 0.0501328334212, 0.0594545416534, 0.0582730285823, 0.0585390739143, 0.0542848818004, 0.0484596937895, 0.0423582531512, 0.048528060317, 0.0459839217365, 0.034124918282, 0.0295326933265, 0.0271390005946, 0.035872798413, 0.0510974265635, 0.0387328118086, 0.0292276777327, 0.0279789678752, 0.0267389826477, 0.0330015942454, 0.0539273619652, 0.0380003452301, 0.0508548170328, 0.0708988308907, 0.0410558208823, 0.0303525514901, 0.0255935247988, 0.0243388880044, 0.0309122148901], "dmean": [0.175533622503, 0.150371268392, 0.109973244369, 0.103646665812, 0.117014840245, 0.152829691768, 0.191987559199, 0.186083674431, 0.178828477859, 0.193062767386, 0.19603715837, 0.205193758011, 0.206243380904, 0.186115220189, 0.163602292538, 0.172721281648, 0.161805078387, 0.125931143761, 0.104785650969, 0.103574678302, 0.144709616899, 0.185223296285, 0.162899598479, 0.122315168381, 0.113698199391, 0.110072486103, 0.148531392217, 0.194528460503, 0.170994386077, 0.172826126218, 0.186480179429, 0.144624203444, 0.115875266492, 0.112969078124, 0.11248292774, 0.145394474268], "max": [1, 1, 1, 1, 1, 1, 1, 1, 1, 1, 1, 1, 1, 1, 1, 1, 1, 1, 1, 1, 1, 1, 1, 1, 1, 1, 1, 1, 1, 1, 1, 1, 1, 1, 1, 1], "var": [0.0958228036761, 0.0614230260253, 0.0301662515849, 0.0271258577704, 0.0295567475259, 0.0477279573679, 0.0795916467905, 0.0635745376348, 0.0537518449128, 0.0638326108456, 0.0664155632257, 0.0692848265171, 0.082163117826, 0.0655592232943, 0.0492135919631, 0.0704437568784, 0.0548086836934, 0.0343641415238, 0.0282028503716, 0.0263862274587, 0.0490325689316, 0.101461462677, 0.06980702281, 0.0343190133572, 0.0323969312012, 0.0304138809443, 0.0476559624076, 0.0968385636806, 0.0637593790889, 0.0608932115138, 0.0920033305883, 0.0507067590952, 0.0315810777247, 0.0307196229696, 0.0310418885201, 0.0506036356091], "mean": [0.289967089891, 0.226141393185, 0.132711172104, 0.120253793895, 0.130492776632, 0.191381588578, 0.263979613781, 0.236378610134, 0.189835578203, 0.197918206453, 0.210064977407, 0.240643069148, 0.279875397682, 0.239695444703, 0.20013000071, 0.227170869708, 0.197157248855, 0.139784440398, 0.116732910275, 0.112764261663, 0.186146914959, 0.291809380054, 0.241914078593, 0.146076932549, 0.128313913941, 0.127841308713, 0.202588155866, 0.295584410429, 0.244594469666, 0.203951179981, 0.224388644099, 0.169015839696, 0.131864026189, 0.137486189604, 0.141242519021, 0.20810122788]}, "tuning_equal_tempered_deviation": 0.0901559516788, "chords_changes_rate": 0.0507719703019, "key_key": "D", "tuning_diatonic_strength": 0.555831551552, "key_scale": "major", "chords_number_rate": 0.00178147270344, "tuning_frequency": 436.708374023, "tuning_nontempered_energy_ratio": 0.763782083988, "chords_histogram": [12.2179336548, 21.7488117218, 16.7606887817, 0.222684085369, 2.36045122147, 0.504750609398, 0.311757713556, 0.0593824237585, 0.861045122147, 0.148456051946, 0, 0.118764847517, 0, 0, 0.133610457182, 1.1728028059, 1.32125890255, 1.24703085423, 0.578978598118, 4.43883609772, 1.4697149992, 14.8456058502, 3.26603317261, 16.2114009857], "key_strength": 0.669320762157, "chords_key": "F#", "chords_strength": {"dmean2": 0.0116872293875, "median": 0.577087044716, "min": 0.255985468626, "dvar2": 0.000101659308712, "dvar": 8.26270043035e-05, "dmean": 0.0109578259289, "max": 0.870628595352, "var": 0.00841235369444, "mean": 0.568786621094}, "chords_scale": "minor", "hpcp_entropy": {"dmean2": 1.1399089098, "median": 2.41270542145, "min": 0, "dvar2": 0.803085803986, "dvar": 0.294568777084, "dmean": 0.68201571703, "max": 4.72971582413, "var": 0.598951458931, "mean": 2.39249253273}}, "metadata": {"audio_properties": {"equal_loudness": 0, "codec": "mp3", "downmix": "mix", "sample_rate": 44100, "analysis_sample_rate": 44100, "bit_rate": 192016, "md5_encoded": "28f70646bddd0c27297edf09a37d0d1a", "length": 312.737945557, "replay_gain": -4.51143455505, "lossless": false}, "version": {"essentia_build_sha": "2d9f1f26377add8aeb1075a9c2973f962c4f09fd", "essentia": "2.1-beta2", "extractor": "music 1.0", "essentia_git_sha": "v2.1_beta2-1-ge3940c0"}, "tags": {"title": ["Young Turks"], "language": ["eng"], "acoustid_fingerprint": ["AQADtEyTJFkkRQmu4845NOqRv0LS1kfF45PQRyxmHk8uPGCeoWmqDfmUGVL4WPiFUs6gF9_RRy-afcJz4TMHsZaF1xN--Eug7_hNNI6UQXse4UczC19y2Ed76DrRXAivg9fRcDXuCHl4NDu-oM_R_PiHw50U5GODjEWTJ0bPC09UNLzR09CeH35QNcSPZiSPjmGK8OnRlJKMvPBD3Djx9BAf445Q_giTh8eP5jF64smF5kO5TmDOHk324j-eoC-amHh2bHnw5bhu-MGeHflRHw3l4xGaF52WHr2Oxjb0KEdPZMke4ldx1GKKd-gb5O8gPUHjBiG59HhuMOnRh8O1Hc1ldFKDz0f6SMcPPTnSOsfxMIe_pOBznAhDNR16FxoZ-An67AiTBn2IWTrC_mge_DO652hKpXjQH80p4qHRXCu0KcrxuSh1NHmEo_STocmULEdJKMqRTzm-5PCVEI9yVKIUB81xKV_xo8nRPj3ybvCkLNDRQ9IT5bgfeGvRG9fRjFIjaHqILzn6Iwwf3MvRciGYfCjlI10z1CJ2NBzfoF-KH9rRzIrRK2iuHDppDs8MRz_yHX3QnMb-40R6nGHAKRGX4juaLlIR7trQfEZ__DqaB6WUUWGQeEKWr_AoBZeSw1F_9Me3HZ-SHY0YHuGhBaG2HJfgR7h55HngC3LU5EbOWPAjvDkQ5r1RNsenw69wMcEP9wat3JDiHc1T_Cr6C03o4OyLQ9xZPDnyHY26wBGTI3y34MoVHA2fQuNxsUcjHb0ulDeaM1xwqLKPN_BpXAryo3wUNBcqHw2dWHh59GhCB7mS7NByohKzyEa-52ijHE1q7Bpy-IwK7cmO5hb-49GNbRmDZwt0_KBc4-aOJpIKrSNyKSeaMx36ZGPwI8xToWx0gb6M6oJY5WgcHYf-IhIZNLYi4cKTZTkD7ziV40c0-1AePAtOCVpSJsaankGThcpx_qiVYcqzQMePMHFYHV1X5HCeQE92VJZSNPwh-8Z5pBGZ40GO_RDzTCPC9Wiu4eFwnmj6oruGmJeh3YafxbBzoU-gY8-RXsJrdGGiqEGYZXlwDtqJVB_6EdWHJnfwrAgXJhMU5Uf8o08GL4fXC-GZ4hn0o4k-tGpuPBG0aGKEUPRxGXaTEhePx0g5xoHODLF_WD8uKYzxIN2aE_qRMwJzZggjH9eyCg0vfEs3UHuHPscpoeFylC_O48wFv8eFQ4uNo8FvDdd37Enh14EuHOnx40eqFg9-iGeOXAqHPkHzyPiQOu2Gm9B1odo_hNkz_A8uRMo_1GJUNFGDViDzhMgjEr6DP0P7sGiqG2_g0MKD5yP6sGDyqKi-I8wVXNKhW0eTp0LJtMJ16HIxJVNz5LHQKMd_NM5R6sh3BqqTz7CeH3cUPDoOLQ9uHc2l4ooPjwwzqOaD6MqN6lGExuHxMAe9D2E-ovSgvwjfBY3CHG0ER3wQPqOg5QmY4w-ePvAY5tCjIz2OJsnRX8KVHXe6oNmP_sgXHOLkIY8U9DuadSlGIxqVMDu-CT_EbAyFTxgPzf7RiGGOZzk0EpHSE2eCJhRDhSgzengOX0f-Qc-VoNkSIgSvw3mOL8ij5OgiZU7QnOlwNM9RfZSIn9CYOHAaFulj4nMYXBLhJyZaJYqHRz3y9CipQ8sY5Ed1W2i6Iz86vVCU-Yiv4dsQ9tC3mCjvIT_2bEaThwi3H3ciSHmyIP_Rj8WHPHHQE1pocXg-_AizE5F-9LmgZVKPOL3w7TKaPUFtDxPX41HxoyT-4T9ODc1kJEeo43swS9nx48fDHI6J_PjxHI0b9PnQ_Gg5H72Uoclx8cI39McUrg70Hs2NzqNUxJaCpuJDnOmGMEyTgv3xBBfSPcTFo5UO3nLxGE8X5IeyLC9CbjNe9LCbFcX5CEd68dCF_PiPZrwi48mOVwv647iOMxU-aehz4X-QIFfhkaioL_hy_EEYN9BOI0cPqxmuoAmbC88RKWeIntAX_EdVNOpk_GguQ0fDWzg9BvoDXzlOG2yWI9bh4-sRHk3cQ1eWo1EQatOHkhGaD_wuHG9a4XmO5kSf4pvQH6cedGGWGHlVNNGTDtozXDqhqUXz4tuFLMlRStnxEa5zPMMnwQ_4HRd8BXl2QR8a1whFJQqsC8_CDOdhN8Z_XLnAkj1qB2EMXdIRPmASL3iO7g8caXKO9ihXSfCXwp4R_tCZ44lKOE8JudFxHuEVNFxmoXeD5ikeSS16gsnwJROOMNC-4ETYMUTz4xQah9mC3iOeHUy-ZAiP5jm0XsRJRHqL5sGPT0cfhBl5nIEGS0c_oQ-asXj2CM3Wox1zfAm0_KjF4M2KSof541KIME45zEx0_Giyp-izFM_hH3_wXAg_MDleoxeaazZePIfNQ9ePG2H2oR4Yib3RmDE-IczRZ8Q_D4ri5mizHe_RK4e5KMbhig_6THjwHs0JrWNwJmi2Hn14VD5cHg-2EVdg20G9iTj14dOhTTmaf5CeB84GPsfFG30ILXWEX0HYGE6bwwoToVYW7Ed5hPkEnReO9BceBk8QPoaWJ8oRRlIoog_-47wOX8iX6pB3hKGDPsuKcqHRfImQM4EWN5oRTuOD50L1o6myHDfyBIoyHqE4fuiF5sgrJWBvaN2DZj_Oo3lukBeafMSzGz9y9ML06DhtXMm84joRbodz_ehX6MclF3qUXPiLHH5YnKeK63iQSj-UEz_RVDt6h8MhziNix2Cy9QiVh8H3Q891pJSP9_gpNFWWGj2H8GgqqAqjF_mL50F441LhmAbL5MLxNQFGAWAKCGYJEAwMIAwzDAhBGDLMEUAAEcII5AAAhAmCABPIECIMQQgwZoRgQgghkCNCCAUoMQIJQQxhDgnFHAFIGMIEU8YoJJAxChnBABBOACGccQUQQAAjTBGCjAKESKMAFQYQBIQRQDAAkANCMKEQA4oBAILAChFKDEWEMGEBAF4ChQATwBAiFABEAC6IgIIQABgRDCiABGCEMACFQMQApIQiQAFigHDQEAWUMkQoIQQQQCAFmAEGICKEEAIJZggQAhECIFAACAHIUIA4IogSQgoBlABECCAEAsAIxThDgggEAFIIMAKERQgJIQBiBlFCAGBAAAQJQMQQAAg1gnmDjAKECCCVAgJBQwAwUgHCDEGCMMGEYEg6wJBDwgEhCEAMCCCYAQABBYghwAkBFICPEGKEAQooxBxiAAOHkDCOGGAEAAQkApAiDBhBGQEIOCIoMYYZQBQBgBhAgCAAAGNEAkIJAQQxQhgjkALICEQIMwIZhZgAAigklFAEJAKMcMRRAYQxQDCqDCPCEGUQEwxAJABBQABgAAWCCAMQExIQRoQyxiAAgACGGeQYYYoYIYggQAhgnAMCCaC4NQQoBJAAhDHFrCAKEGEEw4oAoAgRQCGBhAIUUONMQUISQpABgAihgJAyIkYAIgIYYZhwggkDGAJCIAacIAYQCJRhQCgnlCFAEECoYgQA4IQEhABBDBAGESKYQUAYogAiDEgiCCIASEUBEcAJBRBgxhBhBHKSOUKQEYoJYAACliBHDVKCACEYIIAQIDhwhDAFACMIGOCERQwAwSQgBggIjFAAACCMQQwoQQgQQCCmGAJEMWIAMUQgAJwgRholAEJAMQSAAsAAQwgDTAABGDCMMW-EMEAgJ5gARCIGmEFCQGKANAAIAw0BADAFhCDKCQGAEsApYpBAADhClBCSCMGIksAQ"], "date": ["1982"], "genre": ["Pop"], "musicbrainz_releasegroupid": ["47ab7b8f-426f-3999-bb91-65f45ae52827"], "musicbrainz album type": ["Album", "Live"], "musicbrainz_recordingid": ["17640c67-13f6-4113-9b94-5e01663e9bbe"], "musicbrainz album release country": ["CA"], "musicbrainz_albumartistid": ["a35237a0-4f47-40a6-b6f3-1e786db23402"], "musicbrainz_albumid": ["46a95b21-8eb8-42a3-930e-508c1eb044ef"], "artist": ["Rod Stewart (Absolutely Live) 10"], "bpm": ["81.97"], "album": ["Absolutely Live"], "catalognumber": ["CD 23743"], "tracknumber": ["10"], "label": ["Warner Bros. Records"], "acoustid_id": ["2cf31718-c8ce-42a1-a53f-1c8812173c52"], "musicbrainz_artistid": ["a35237a0-4f47-40a6-b6f3-1e786db23402"], "file_name": "Rod Stewart (Absolutely Live) 10 - Young Turks.mp3"}}, "rhythm": {"bpm_histogram_first_peak_bpm": {"dmean2": 0, "median": 167, "min": 167, "dvar2": 0, "dvar": 0, "dmean": 0, "max": 167, "var": 0, "mean": 167}, "bpm": 164.075393677, "bpm_histogram_second_peak_spread": {"dmean2": 0, "median": 0.150943428278, "min": 0.150943428278, "dvar2": 0, "dvar": 0, "dmean": 0, "max": 0.150943428278, "var": 0, "mean": 0.150943428278}, "bpm_histogram_first_peak_weight": {"dmean2": 0, "median": 0.422062337399, "min": 0.422062337399, "dvar2": 0, "dvar": 0, "dmean": 0, "max": 0.422062337399, "var": 0, "mean": 0.422062337399}, "onset_rate": 3.26459288597, "beats_position": [0.383129239082, 0.777868449688, 1.17260766029, 1.5673469305, 1.9620860815, 2.35682535172, 2.73995471001, 3.11147379875, 3.48299312592, 3.85451245308, 4.21442174911, 4.57433080673, 4.93424034119, 5.2941493988, 5.65405893326, 6.01396799088, 6.37387752533, 6.73378658295, 7.10530614853, 7.47682523727, 7.83673477173, 8.19664382935, 8.56816291809, 8.93968200684, 9.287981987, 9.64789104462, 10.0078001022, 10.379319191, 10.7392292023, 11.0991382599, 11.4590473175, 11.8189563751, 12.1788663864, 12.538775444, 12.8986845016, 13.2585935593, 13.6185035706, 13.9784126282, 14.3383216858, 14.6982307434, 15.0581407547, 15.4180498123, 15.7779588699, 16.1378688812, 16.4977779388, 16.8576869965, 17.2175960541, 17.5775051117, 17.9374141693, 18.2973232269, 18.6572322845, 19.0171432495, 19.3886623383, 19.760181427, 20.1200904846, 20.4799995422, 20.8399085999, 21.1998176575, 21.5597267151, 21.9196376801, 22.2911567688, 22.6510658264, 23.010974884, 23.3708839417, 23.7307929993, 24.102312088, 24.4738311768, 24.8453502655, 25.2052612305, 25.5651702881, 25.9366893768, 26.3082084656, 26.6797275543, 27.0512466431, 27.4227657318, 27.7942848206, 28.1658039093, 28.537322998, 28.9088420868, 29.2803630829, 29.6518821716, 30.0117912292, 30.3717002869, 30.7432193756, 31.1147384644, 31.4862575531, 31.8461666107, 32.2060775757, 32.5775947571, 32.9491157532, 33.3206329346, 33.6921539307, 34.0520629883, 34.4119720459, 34.7718811035, 35.1317901611, 35.5033111572, 35.8748283386, 36.2347373962, 36.5946464539, 36.96616745, 37.3376846313, 37.7092056274, 38.0807266235, 38.4406356812, 38.8121528625, 39.1836738586, 39.5435829163, 39.9151000977, 40.2866210938, 40.6581382751, 41.0296592712, 41.4011802673, 41.7726974487, 42.1326065063, 42.5041275024, 42.8756446838, 43.2471656799, 43.6070747375, 43.9785919189, 44.350112915, 44.7216300964, 45.0931510925, 45.4646720886, 45.8245811462, 46.1960983276, 46.5560073853, 46.9275283813, 47.287437439, 47.6473464966, 48.018863678, 48.3787727356, 48.7386856079, 49.1102027893, 49.4817237854, 49.841632843, 50.2015419006, 50.573059082, 50.9445800781, 51.3160972595, 51.6876182556, 52.0475273132, 52.4074363708, 52.7789573669, 53.1504745483, 53.510383606, 53.8702926636, 54.2418136597, 54.6133308411, 54.9732398987, 55.333152771, 55.6930618286, 56.0529708862, 56.4244880676, 56.7960090637, 57.1559181213, 57.5274353027, 57.8873443604, 58.247253418, 58.6071662903, 58.9786834717, 59.3385925293, 59.6985015869, 60.070022583, 60.4299316406, 60.7898406982, 61.1497497559, 61.5096588135, 61.8811798096, 62.252696991, 62.6242179871, 62.9957351685, 63.3672561646, 63.7387733459, 64.0986862183, 64.4585952759, 64.8301086426, 65.2016296387, 65.5731506348, 65.9446716309, 66.3045806885, 66.6644897461, 67.0360107422, 67.3959197998, 67.7558288574, 68.1273422241, 68.4988632202, 68.8703842163, 69.2419052124, 69.6134262085, 69.9849395752, 70.3564605713, 70.7163696289, 71.0762786865, 71.4361877441, 71.7960968018, 72.1676177979, 72.5391387939, 72.91065979, 73.2821731567, 73.6536941528, 74.0252151489, 74.396736145, 74.7682495117, 75.1397705078, 75.4996795654, 75.859588623, 76.2194976807, 76.5794067383, 76.9393157959, 77.2992248535, 77.6707458496, 78.0306549072, 78.3905639648, 78.7504730225, 79.1219940186, 79.4819030762, 79.8534240723, 80.2249450684, 80.584854126, 80.9447631836, 81.3046722412, 81.6529693604, 82.012878418, 82.3843994141, 82.7559204102, 83.1158294678, 83.4757385254, 83.835647583, 84.1955566406, 84.5438537598, 84.9153747559, 85.2868881226, 85.6584091187, 86.0299301147, 86.4014511108, 86.7613601685, 87.1212692261, 87.4927902222, 87.8643035889, 88.2242126465, 88.5841217041, 88.9556427002, 89.3271636963, 89.6986846924, 90.05859375, 90.4185028076, 90.7900238037, 91.1499328613, 91.521446228, 91.8813552856, 92.2528762817, 92.6243972778, 92.9959182739, 93.36743927, 93.7389526367, 94.1220855713, 94.5052108765, 94.8767318726, 95.2482528687, 95.6313781738, 96.0028991699, 96.3860321045, 96.7575454712, 97.1406784058, 97.5238113403, 97.895324707, 98.2668457031, 98.6383666992, 99.0214920044, 99.3930130005, 99.7761459351, 100.147659302, 100.519180298, 100.902313232, 101.273826599, 101.656959534, 102.02848053, 102.400001526, 102.771514893, 103.13142395, 103.491333008, 103.862854004, 104.222763062, 104.582672119, 104.954193115, 105.325714111, 105.697235107, 106.068748474, 106.44026947, 106.811790466, 107.171699524, 107.531608582, 107.891517639, 108.251426697, 108.611335754, 108.971244812, 109.33115387, 109.691062927, 110.062583923, 110.422492981, 110.782402039, 111.142311096, 111.502220154, 111.87374115, 112.245262146, 112.616775513, 112.988296509, 113.359817505, 113.719726563, 114.07963562, 114.439544678, 114.811065674, 115.18258667, 115.542495728, 115.902404785, 116.262313843, 116.633827209, 116.993736267, 117.365257263, 117.725166321, 118.085075378, 118.444984436, 118.816505432, 119.188026428, 119.547935486, 119.907844543, 120.27936554, 120.639274597, 121.010787964, 121.370697021, 121.742218018, 122.102127075, 122.462036133, 122.833557129, 123.205078125, 123.564987183, 123.92489624, 124.296417236, 124.667930603, 125.02784729, 125.387756348, 125.759269714, 126.13079071, 126.490699768, 126.850608826, 127.210517883, 127.570426941, 127.930335999, 128.301864624, 128.661773682, 129.033279419, 129.404800415, 129.776321411, 130.147842407, 130.519363403, 130.879272461, 131.239181519, 131.599090576, 131.958999634, 132.318908691, 132.678817749, 133.038726807, 133.398635864, 133.758544922, 134.118453979, 134.489974976, 134.861495972, 135.233016968, 135.604537964, 135.97605896, 136.335968018, 136.707473755, 137.067382813, 137.438903809, 137.798812866, 138.158721924, 138.518630981, 138.878540039, 139.238449097, 139.598358154, 139.958267212, 140.31817627, 140.689697266, 141.061218262, 141.432739258, 141.792648315, 142.152557373, 142.524078369, 142.895599365, 143.267120361, 143.638641357, 144.010162354, 144.370071411, 144.729980469, 145.101501465, 145.461410522, 145.83291626, 146.192825317, 146.564346313, 146.93586731, 147.307388306, 147.678909302, 148.050430298, 148.421951294, 148.79347229, 149.164993286, 149.536499023, 149.90802002, 150.279541016, 150.66267395, 151.045806885, 151.417327881, 151.788833618, 152.160354614, 152.53187561, 152.903396606, 153.274917603, 153.646438599, 154.017959595, 154.389480591, 154.761001587, 155.144119263, 155.527252197, 155.898773193, 156.270294189, 156.641815186, 157.013336182, 157.384857178, 157.756362915, 158.127883911, 158.499404907, 158.870925903, 159.242446899, 159.602355957, 159.962265015, 160.333786011, 160.705307007, 161.076828003, 161.448348999, 161.819854736, 162.191375732, 162.55128479, 162.911193848, 163.271102905, 163.631011963, 163.990921021, 164.350830078, 164.722351074, 165.09387207, 165.453781128, 165.813690186, 166.185211182, 166.556732178, 166.916641235, 167.276550293, 167.636459351, 167.996368408, 168.356277466, 168.716186523, 169.076095581, 169.436004639, 169.807525635, 170.167434692, 170.538955688, 170.898864746, 171.270385742, 171.641906738, 172.001815796, 172.361724854, 172.721633911, 173.081542969, 173.453063965, 173.824569702, 174.184494019, 174.544403076, 174.904312134, 175.264221191, 175.635726929, 176.007247925, 176.367156982, 176.72706604, 177.098587036, 177.470108032, 177.83001709, 178.189926147, 178.549835205, 178.909744263, 179.281265259, 179.641174316, 180.001083374, 180.37260437, 180.744125366, 181.115646362, 181.47555542, 181.835464478, 182.195373535, 182.555282593, 182.91519165, 183.275100708, 183.635009766, 183.994918823, 184.366439819, 184.737960815, 185.109481812, 185.480987549, 185.852508545, 186.224029541, 186.595550537, 186.967071533, 187.326980591, 187.686889648, 188.046798706, 188.406707764, 188.766616821, 189.126525879, 189.486434937, 189.857955933, 190.21786499, 190.589385986, 190.960906982, 191.332427979, 191.703948975, 192.075454712, 192.446975708, 192.806884766, 193.178405762, 193.538314819, 193.886611938, 194.246520996, 194.606430054, 194.954742432, 195.314651489, 195.674560547, 196.034469604, 196.394378662, 196.765899658, 197.137405396, 197.508926392, 197.880447388, 198.251968384, 198.611877441, 198.971786499, 199.343307495, 199.714828491, 200.086349487, 200.446258545, 200.806167603, 201.177688599, 201.537597656, 201.897506714, 202.26902771, 202.640533447, 203.012054443, 203.383575439, 203.755096436, 204.126617432, 204.498138428, 204.869659424, 205.24118042, 205.601089478, 205.960998535, 206.320907593, 206.68081665, 207.052337646, 207.412246704, 207.772155762, 208.143676758, 208.515182495, 208.886703491, 209.258224487, 209.618133545, 209.978042603, 210.349563599, 210.721084595, 211.092605591, 211.452514648, 211.812423706, 212.183944702, 212.54385376, 212.903762817, 213.263671875, 213.623580933, 213.98348999, 214.355010986, 214.714920044, 215.074829102, 215.446350098, 215.806259155, 216.177780151, 216.537689209, 216.897598267, 217.257507324, 217.617416382, 217.977325439, 218.337234497, 218.708755493, 219.068664551, 219.428573608, 219.800079346, 220.171600342, 220.543121338, 220.914642334, 221.28616333, 221.646072388, 222.005981445, 222.365890503, 222.725799561, 223.085708618, 223.445617676, 223.805526733, 224.165435791, 224.525344849, 224.885253906, 225.256774902, 225.628295898, 225.999816895, 226.371337891, 226.742858887, 227.114364624, 227.47428894, 227.845794678, 228.217315674, 228.577224731, 228.937133789, 229.297042847, 229.656951904, 230.016860962, 230.37677002, 230.748291016, 231.13142395, 231.502944946, 231.897689819, 232.292419434, 232.675552368, 233.058685303, 233.441802979, 233.824935913, 234.196456909, 234.567977905, 234.939498901, 235.311019897, 235.694152832, 236.077270508, 236.460403442, 236.843536377, 237.226669312, 237.609786987, 237.992919922, 238.376052856, 238.759185791, 239.142303467, 239.525436401, 239.908569336, 240.291702271, 240.674819946, 241.057952881, 241.429473877, 241.812606812, 242.184127808, 242.578857422, 242.961990356, 243.345123291, 243.716644287, 244.099761963, 244.482894897, 244.866027832, 245.249160767, 245.632278442, 246.015411377, 246.398544312, 246.781677246, 247.164810181, 247.536315918, 247.907836914, 248.290969849, 248.674102783, 249.057235718, 249.440353394, 249.81187439, 250.195007324, 250.578140259, 250.961257935, 251.344390869, 251.727523804, 252.110656738, 252.482177734, 252.86529541, 253.236816406, 253.608337402, 253.979858398, 254.351379395, 254.722900391, 255.094421387, 255.465942383, 255.83744812, 256.220581055, 256.603729248, 256.986846924, 257.35836792, 257.729888916, 258.101409912, 258.472930908, 258.844451904, 259.2159729, 259.575866699, 259.947387695, 260.318908691, 260.690429688, 261.061950684, 261.43347168, 261.804992676, 262.164886475, 262.524810791, 262.896331787, 263.256225586, 263.616149902, 263.964447021, 264.32434082, 264.684265137, 265.032562256, 265.392456055, 265.752380371, 266.11227417, 266.460571289, 266.820495605, 267.168792725, 267.528717041, 267.88861084, 268.248535156, 268.608428955, 268.956726074, 269.316650391, 269.676544189, 270.024841309, 270.384765625, 270.744659424, 271.092956543, 271.452880859, 271.812774658, 272.161071777, 272.520996094, 272.880889893, 273.240814209, 273.600708008, 273.960632324, 274.320526123, 274.668823242, 275.028747559, 275.388671875, 275.748565674, 276.10848999, 276.468383789, 276.828308105, 277.188201904, 277.548126221, 277.90802002, 278.267944336, 278.627838135, 278.987762451, 279.34765625, 279.707580566, 280.067474365, 280.427398682, 280.775695801, 281.147216797, 281.518737793, 281.890258789, 282.250152588, 282.610076904, 282.958374023, 283.306671143, 283.666564941, 284.038085938, 284.409606934, 284.76953125, 285.141052246, 285.512542725, 285.884063721, 286.255584717, 286.627105713, 286.998626709, 287.358551025, 287.718444824, 288.08996582, 288.449890137, 288.809783936, 289.181304932, 289.552825928, 289.924346924, 290.29586792, 290.667388916, 291.038909912, 291.410430908, 291.781951904, 292.1534729, 292.536590576, 292.908111572, 293.291229248, 293.662750244, 294.045898438, 294.417419434, 294.812133789, 295.218505859, 295.624847412, 295.938323975, 296.24017334, 296.565246582, 296.901947021, 297.238647461, 297.575317383, 297.923614502, 298.260314941, 298.747924805, 299.247161865, 299.734771729, 300.338500977, 300.942230225, 301.534332275, 302.207702637, 302.869476318, 303.54284668, 304.216217041, 304.936035156, 305.655853271, 306.375671387, 307.107116699, 307.757263184, 308.395812988, 309.034362793, 309.661315918, 310.288238525, 310.91519165, 311.542114258, 312.169067383], "beats_loudness": {"dmean2": 0.0242933295667, "median": 0.0355305150151, "min": 0.000847471354064, "dvar2": 0.000399163283873, "dvar": 0.000140757183544, "dmean": 0.0143398139626, "max": 0.0888102129102, "var": 0.000272160366876, "mean": 0.0353357754648}, "danceability": 1.22093427181, "bpm_histogram_second_peak_weight": {"dmean2": 0, "median": 0.431654661894, "min": 0.431654661894, "dvar2": 0, "dvar": 0, "dmean": 0, "max": 0.431654661894, "var": 0, "mean": 0.431654661894}, "beats_count": 835, "bpm_histogram_second_peak_bpm": {"dmean2": 0, "median": 161, "min": 161, "dvar2": 0, "dvar": 0, "dmean": 0, "max": 161, "var": 0, "mean": 161}, "bpm_histogram_first_peak_spread": {"dmean2": 0, "median": 0, "min": 0, "dvar2": 0, "dvar": 0, "dmean": 0, "max": 0, "var": 0, "mean": 0}, "beats_loudness_band_ratio": {"dmean2": [0.444955080748, 0.435717076063, 0.103682607412, 0.139406308532, 0.164889216423, 0.195943653584], "median": [0.461252599955, 0.116425715387, 0.0535607673228, 0.0773638859391, 0.122815392911, 0.114924669266], "min": [0.00121718796436, 6.45664331387e-05, 0.00295525067486, 0.00505395419896, 0.00992419011891, 0.00798554904759], "dvar2": [0.0996707975864, 0.0539438463748, 0.0140061443672, 0.0222743395716, 0.0195401515812, 0.0146224368364], "dvar": [0.0311392098665, 0.0155419791117, 0.00480646267533, 0.00903835240752, 0.00663855439052, 0.00484716473147], "dmean": [0.237963914871, 0.219891756773, 0.0568517968059, 0.0822017714381, 0.0946426466107, 0.101710990071], "max": [0.948713243008, 0.56180357933, 0.85658454895, 0.927847862244, 0.85695540905, 0.599393308163], "var": [0.0610397644341, 0.0227985102683, 0.00441142776981, 0.0182567033917, 0.0133020626381, 0.00809994898736], "mean": [0.451568007469, 0.175363138318, 0.0699029490352, 0.127029240131, 0.149803176522, 0.125783830881]}}, "lowlevel": {"barkbands_spread": {"dmean2": 9.21641731262, "median": 33.7971115112, "min": 3.72194266319, "dvar2": 75.0052719116, "dvar": 35.8000679016, "dmean": 5.93265962601, "max": 94.0578536987, "var": 150.718643188, "mean": 33.5867156982}, "melbands_spread": {"dmean2": 16.2467784882, "median": 42.2252235413, "min": 2.52203392982, "dvar2": 236.555740356, "dvar": 118.244735718, "dmean": 10.5611114502, "max": 189.556350708, "var": 394.319366455, "mean": 43.4969520569}, "hfc": {"dmean2": 8.36603736877, "median": 21.6516876221, "min": 1.13795554506e-16, "dvar2": 111.473686218, "dvar": 58.9558982849, "dmean": 5.82839584351, "max": 151.428451538, "var": 271.827178955, "mean": 25.0090866089}, "barkbands_kurtosis": {"dmean2": 1.77824664116, "median": -0.656535983086, "min": -1.87327110767, "dvar2": 9.64043331146, "dvar": 4.35571479797, "dmean": 1.12368488312, "max": 43.2529220581, "var": 6.52640533447, "mean": 0.129572063684}, "gfcc": {"mean": [16.7458820343, 66.601852417, -144.36567688, 48.2088775635, -51.456867218, 12.6385602951, -27.5016059875, 0.734442353249, -27.3737239838, -0.820773601532, -20.5235176086, 3.07008886337, -13.6096343994], "icov": [[0.000635728647467, -0.000368735258235, -0.000237014348386, -0.000299778039334, 0.0006608691765, -0.000507551012561, 0.000751528306864, -0.000481996015878, 0.000480066315504, -0.000159676288604, 0.000668255903292, -0.000931451038923, 0.00101752043702], [-0.000368735258235, 0.00237309816293, -0.000579959189054, -0.000881765387021, -0.000949809269514, 0.00237936363555, -0.00253629102372, 0.00261269602925, -0.00132031936664, 0.00138856901322, -0.0018301398959, 0.00144380435813, -0.00064639467746], [-0.000237014348386, -0.000579959189054, 0.00225661345758, -0.00135908799712, 6.6759857873e-05, -0.000579098123126, 0.00108290335629, -0.00086034956621, 0.00165204226505, -0.00287196529098, 0.00225126859732, -0.00113521935418, 0.00144763058051], [-0.000299778039334, -0.000881765387021, -0.00135908799712, 0.00617241626605, -0.00184220692609, -0.000225290234084, 0.000876445556059, 4.54490655102e-05, -0.0031724316068, 0.00433282041922, -0.00161895947531, 0.00249365041964, -0.00219140341505], [0.0006608691765, -0.000949809269514, 6.6759857873e-05, -0.00184220692609, 0.00679665151983, -0.00184491311666, -0.00118778925389, -0.000984508893453, 0.00171470630448, -0.00392499612644, 0.00293796160258, -0.0029224336613, 0.0014506012667], [-0.000507551012561, 0.00237936363555, -0.000579098123126, -0.000225290234084, -0.00184491311666, 0.0102193802595, -0.006149048917, 0.00216352962889, 0.000965141691267, -0.00124707689974, -0.00278562353924, 0.00432638218626, -0.00327154272236], [0.000751528306864, -0.00253629102372, 0.00108290335629, 0.000876445556059, -0.00118778925389, -0.006149048917, 0.0131875211373, -0.00617215782404, 0.000231569705647, 0.00255167135037, 0.000146932492498, -0.00182864407543, 0.00218198006041], [-0.000481996015878, 0.00261269602925, -0.00086034956621, 4.54490655102e-05, -0.000984508893453, 0.00216352962889, -0.00617215782404, 0.0149316405877, -0.00637103384361, 0.0015996156726, 0.000841760251205, -0.00360131752677, 0.00228269631043], [0.000480066315504, -0.00132031936664, 0.00165204226505, -0.0031724316068, 0.00171470630448, 0.000965141691267, 0.000231569705647, -0.00637103384361, 0.018943073228, -0.00855989009142, -0.000384159735404, 0.00350673892535, -0.00419607246295], [-0.000159676288604, 0.00138856901322, -0.00287196529098, 0.00433282041922, -0.00392499612644, -0.00124707689974, 0.00255167135037, 0.0015996156726, -0.00855989009142, 0.0194644480944, -0.00558401877061, -0.00101675454061, 0.00049370637862], [0.000668255903292, -0.0018301398959, 0.00225126859732, -0.00161895947531, 0.00293796160258, -0.00278562353924, 0.000146932492498, 0.000841760251205, -0.000384159735404, -0.00558401877061, 0.0184855964035, -0.008535169065, 0.00313253910281], [-0.000931451038923, 0.00144380435813, -0.00113521935418, 0.00249365041964, -0.0029224336613, 0.00432638218626, -0.00182864407543, -0.00360131752677, 0.00350673892535, -0.00101675454061, -0.008535169065, 0.0240939613432, -0.0100692659616], [0.00101752043702, -0.00064639467746, 0.00144763058051, -0.00219140341505, 0.0014506012667, -0.00327154272236, 0.00218198006041, 0.00228269631043, -0.00419607246295, 0.00049370637862, 0.00313253910281, -0.0100692659616, 0.0223839432001]], "cov": [[3159.36572266, 513.716247559, 1016.98571777, 303.451019287, -142.153060913, -142.583724976, -252.197998047, -41.1536750793, -115.998832703, -17.3335857391, -140.387145996, -6.26444149017, -152.225753784], [513.716247559, 1202.38208008, 299.838378906, 386.468200684, 69.5382232666, -154.196166992, 38.5873985291, -125.023544312, 33.6029548645, -99.5953521729, 10.0360641479, -68.1761932373, -11.8182868958], [1016.98571777, 299.838378906, 1103.54870605, 239.824249268, 76.7286987305, -51.694683075, -128.137969971, -10.5496416092, -53.4033317566, 74.0722808838, -106.239356995, -5.98731136322, -83.8931732178], [303.451019287, 386.468200684, 239.824249268, 368.035858154, 55.7641296387, -38.8167304993, -11.3658504486, -31.2900943756, 30.8662185669, -52.6415519714, -17.9528541565, -41.5685310364, 3.65909814835], [-142.153060913, 69.5382232666, 76.7286987305, 55.7641296387, 244.782073975, 57.344417572, 67.3747634888, 26.5957870483, 8.27701568604, 37.4730834961, -6.06507205963, 15.1376590729, 0.588687896729], [-142.583724976, -154.196166992, -51.694683075, -38.8167304993, 57.344417572, 189.601287842, 83.0529937744, 23.5566711426, -2.99593734741, 24.6974563599, 15.9561109543, 0.0944093614817, 11.7717018127], [-252.197998047, 38.5873985291, -128.137969971, -11.3658504486, 67.3747634888, 83.0529937744, 180.592559814, 52.9533843994, 17.399269104, -16.1205406189, 22.4198646545, 5.88220739365, 7.64682149887], [-41.1536750793, -125.023544312, -10.5496416092, -31.2900943756, 26.5957870483, 23.5566711426, 52.9533843994, 123.824768066, 27.5073661804, 16.8550853729, -1.32464563847, 24.6832294464, -4.11701154709], [-115.998832703, 33.6029548645, -53.4033317566, 30.8662185669, 8.27701568604, -2.99593734741, 17.399269104, 27.5073661804, 92.595161438, 24.0622768402, 18.0144386292, -2.84317541122, 20.270488739], [-17.3335857391, -99.5953521729, 74.0722808838, -52.6415519714, 37.4730834961, 24.6974563599, -16.1205406189, 16.8550853729, 24.0622768402, 107.786659241, 17.930524826, 22.5211830139, -1.24343848228], [-140.387145996, 10.0360641479, -106.239356995, -17.9528541565, -6.06507205963, 15.9561109543, 22.4198646545, -1.32464563847, 18.0144386292, 17.930524826, 89.4648666382, 24.3527126312, 13.8755636215], [-6.26444149017, -68.1761932373, -5.98731136322, -41.5685310364, 15.1376590729, 0.0944093614817, 5.88220739365, 24.6832294464, -2.84317541122, 22.5211830139, 24.3527126312, 73.3006744385, 19.1118946075], [-152.225753784, -11.8182868958, -83.8931732178, 3.65909814835, 0.588687896729, 11.7717018127, 7.64682149887, -4.11701154709, 20.270488739, -1.24343848228, 13.8755636215, 19.1118946075, 68.8768768311]]}, "spectral_energyband_middle_low": {"dmean2": 0.00475659780204, "median": 0.0052266381681, "min": 3.72505395347e-22, "dvar2": 5.08962002641e-05, "dvar": 2.50311877608e-05, "dmean": 0.00309804803692, "max": 0.0633723139763, "var": 4.75120468764e-05, "mean": 0.00691825337708}, "melbands_crest": {"dmean2": 5.03805732727, "median": 10.4395122528, "min": 2.24664735794, "dvar2": 16.9647827148, "dvar": 7.33102321625, "dmean": 3.08486771584, "max": 32.0898780823, "var": 18.9227466583, "mean": 11.1281509399}, "spectral_kurtosis": {"dmean2": 1.83233249187, "median": 2.94604611397, "min": -1.18593919277, "dvar2": 3.44245266914, "dvar": 1.13622844219, "dmean": 1.06215810776, "max": 23.1946258545, "var": 2.80451774597, "mean": 3.21663689613}, "spectral_rms": {"dmean2": 0.00101525569335, "median": 0.00407295953482, "min": 3.1856253746e-12, "dvar2": 1.14699855658e-06, "dvar": 6.83915800437e-07, "dmean": 0.000691557885148, "max": 0.00977450422943, "var": 2.28751764553e-06, "mean": 0.00420866161585}, "zerocrossingrate": {"dmean2": 0.0130926305428, "median": 0.087890625, "min": 0.017578125, "dvar2": 0.000202013645321, "dvar": 0.000171647494426, "dmean": 0.0112948166206, "max": 0.49658203125, "var": 0.000966529245488, "mean": 0.0914854928851}, "silence_rate_60dB": {"dmean2": 0.0175230167806, "median": 0, "min": 0, "dvar2": 0.0201852880418, "dvar": 0.00868364050984, "dmean": 0.00876085832715, "max": 1, "var": 0.0527768991888, "mean": 0.0559020042419}, "erbbands_kurtosis": {"dmean2": 1.06750655174, "median": -0.105921819806, "min": -1.67100965977, "dvar2": 1.67299973965, "dvar": 0.661710262299, "dmean": 0.664419531822, "max": 24.6505374908, "var": 1.66612946987, "mean": 0.194577723742}, "erbbands": {"dmean2": [0.119241684675, 1.1116617918, 2.3074657917, 4.88946056366, 10.4909229279, 6.95493555069, 7.57826948166, 7.48461341858, 8.8981962204, 8.11499404907, 7.92885971069, 14.6988334656, 14.8556900024, 23.2670497894, 16.8016834259, 23.8539028168, 32.767364502, 28.5008907318, 35.0594825745, 27.8924541473, 26.2799568176, 26.3456897736, 36.4974365234, 30.530412674, 20.428812027, 16.795124054, 16.6359786987, 11.879117012, 8.98023414612, 5.28829717636, 2.87548613548, 1.34568703175, 0.799071013927, 0.495130032301, 0.34143820405, 0.114624813199, 0.0302728787065, 0.0106018045917, 0.000775862659793, 2.40388908423e-05], "median": [0.0187700092793, 0.204900592566, 0.8288808465, 2.46400761604, 3.82753181458, 4.16267871857, 3.84568977356, 3.54868268967, 3.04945325851, 2.57788276672, 4.70156955719, 8.80079650879, 9.01030063629, 10.9058856964, 12.3054599762, 16.5126647949, 16.8194313049, 16.1709423065, 19.2957706451, 19.6617584229, 17.8503875732, 22.09790802, 33.1326446533, 27.2020530701, 20.7002372742, 17.5327720642, 15.3035802841, 11.0753250122, 8.80426216125, 4.67229557037, 2.27679204941, 0.829895317554, 0.358872890472, 0.157834529877, 0.0913375020027, 0.0319187268615, 0.00911433901638, 0.00291199027561, 0.000102663805592, 2.8709991966e-05], "min": [9.9544936418e-22, 1.91793618806e-21, 1.34738981458e-20, 2.37205963683e-20, 6.02109291521e-20, 2.69325121912e-19, 3.14854642092e-19, 4.21219367217e-19, 6.50109005655e-19, 6.83875655632e-19, 1.1742690097e-18, 4.14037935065e-18, 2.18620837368e-18, 2.7306146055e-18, 3.11566635346e-18, 2.2346586169e-18, 3.10949537929e-18, 4.80471208883e-18, 6.04181652959e-18, 6.49110877829e-18, 9.88900543444e-18, 6.9698097793e-18, 9.54468405984e-18, 1.18193993115e-17, 1.29006600297e-17, 1.37115848889e-17, 1.99795699687e-17, 2.30642472413e-17, 1.68798429721e-17, 2.00749654001e-17, 1.46036305235e-17, 1.67504024411e-17, 1.46609524856e-17, 1.39850681702e-17, 1.09589081357e-17, 5.60230527805e-18, 3.17173058743e-18, 1.15823731885e-18, 2.64794782944e-19, 3.49467329815e-20], "dvar2": [0.0567462220788, 4.70609140396, 20.1034355164, 51.8265571594, 493.964233398, 115.667770386, 174.648544312, 184.741714478, 343.60256958, 419.54977417, 210.533493042, 821.860046387, 879.696411133, 3331.50805664, 679.685668945, 1320.61035156, 4873.55371094, 3824.41430664, 4364.46875, 2317.79077148, 2661.61645508, 1494.86291504, 2665.80566406, 2096.95849609, 726.174987793, 488.024932861, 549.86517334, 310.066955566, 265.266296387, 89.9679260254, 32.7057228088, 9.75224304199, 5.0992102623, 2.84826612473, 1.17961025238, 0.0497150532901, 0.00323234242387, 0.000623312836979, 5.1461061048e-06, 2.39790742818e-09], "dvar": [0.0268318913877, 2.48687148094, 7.95468044281, 20.1328239441, 243.011489868, 47.7556419373, 71.5930633545, 83.4385910034, 147.463775635, 163.985076904, 93.4183578491, 376.815155029, 364.720245361, 1225.59130859, 295.809753418, 579.56829834, 1920.14453125, 1707.1060791, 1798.34020996, 902.331054688, 998.628173828, 569.221191406, 1053.75061035, 894.004699707, 285.148529053, 193.82913208, 223.091339111, 132.853912354, 134.033172607, 43.0621566772, 16.3927650452, 5.13899183273, 2.5369784832, 1.38939774036, 0.566044449806, 0.0261049550027, 0.00168030918576, 0.000289207993774, 2.27176110457e-06, 1.08958708722e-09], "dmean": [0.0793200805783, 0.730025529861, 1.37260866165, 2.93477702141, 6.7793340683, 4.2497344017, 4.66546583176, 4.70360898972, 5.40289020538, 4.82955789566, 5.1222858429, 9.68953895569, 9.39153194427, 14.5070095062, 10.6295366287, 14.791970253, 20.0993556976, 18.0982837677, 21.7215118408, 17.0777282715, 15.9870052338, 16.0564861298, 22.5185775757, 18.9392204285, 12.4192371368, 10.3299207687, 10.368771553, 7.52331876755, 5.78953456879, 3.58614039421, 2.00650906563, 0.967675745487, 0.576364636421, 0.347699791193, 0.24271003902, 0.0855461061001, 0.0223932936788, 0.00732110999525, 0.000490520498715, 1.64624143508e-05], "max": [1.42972302437, 16.7137928009, 27.7282485962, 74.7721633911, 215.386672974, 103.660041809, 181.696243286, 211.664108276, 355.356811523, 562.402526855, 239.183868408, 510.217376709, 591.339416504, 1014.90496826, 590.246032715, 1004.22583008, 1185.66833496, 1474.95605469, 1525.39074707, 689.133666992, 1199.01208496, 474.700500488, 737.752380371, 784.235534668, 256.206573486, 215.828689575, 341.062194824, 332.830657959, 631.647460938, 159.208892822, 136.788543701, 62.7191696167, 45.206363678, 27.2588348389, 29.0074729919, 3.93347454071, 0.784419834614, 0.723544538021, 0.0662350654602, 0.00142527848948], "var": [0.0335645489395, 3.41188836098, 7.65093898773, 23.8191680908, 314.86428833, 79.4661712646, 140.699417114, 195.563217163, 250.192687988, 360.981628418, 205.319290161, 794.890625, 836.091247559, 2933.50341797, 757.590393066, 1662.44909668, 5136.34130859, 3621.14453125, 4166.04052734, 1947.0213623, 4264.98095703, 1319.5982666, 2773.82885742, 2297.73852539, 703.781188965, 510.5418396, 594.086120605, 360.988220215, 296.849487305, 103.262947083, 37.0536422729, 11.1893568039, 4.6381483078, 2.34885907173, 0.952372729778, 0.0524409487844, 0.00348073546775, 0.000492353807203, 3.05901698994e-06, 1.76036096811e-09], "mean": [0.0843056738377, 0.857935369015, 1.6575293541, 4.00724077225, 8.88419246674, 7.10