{"tonal": {"thpcp": [1, 0.695018768311, 0.401532053947, 0.333313256502, 0.214254200459, 0.238031879067, 0.332039535046, 0.245240688324, 0.314432740211, 0.507054269314, 0.378976732492, 0.438657194376, 0.766540706158, 0.602830648422, 0.278446912766, 0.205729559064, 0.142523169518, 0.159540310502, 0.242774128914, 0.223475366831, 0.452695995569, 0.742020666599, 0.509796202183, 0.425509274006, 0.561963021755, 0.347239494324, 0.325242131948, 0.531031489372, 0.445245355368, 0.306732356548, 0.232734337449, 0.140292018652, 0.237982854247, 0.386899590492, 0.379425525665, 0.68798917532], "hpcp": {"dmean2": [0.12426610291, 0.112254038453, 0.136479347944, 0.154999062419, 0.155657157302, 0.149803683162, 0.171843037009, 0.146379590034, 0.122864082456, 0.0764716044068, 0.0660156831145, 0.0585245005786, 0.0536871366203, 0.0835148319602, 0.137912392616, 0.145051330328, 0.156323522329, 0.125400096178, 0.1240818277, 0.104816146195, 0.10473703593, 0.0957281962037, 0.108058080077, 0.134754672647, 0.111884191632, 0.0763495117426, 0.108081221581, 0.146343588829, 0.168542683125, 0.217224732041, 0.214577645063, 0.226226225495, 0.187428459525, 0.123772144318, 0.0995837301016, 0.103632770479], "median": [0.030982196331, 0.0310159996152, 0.0413077920675, 0.0608841851354, 0.0517934933305, 0.0765298455954, 0.074932590127, 0.0479100905359, 0.0214563086629, 0.0107333082706, 0.00811367854476, 0.00883608870208, 0.00875048711896, 0.0180616304278, 0.05340744555, 0.0643870383501, 0.0546503141522, 0.0503523349762, 0.0320531204343, 0.0349812433124, 0.0250618048012, 0.016048906371, 0.0200989618897, 0.0323735922575, 0.0253797229379, 0.0155675280839, 0.0363464653492, 0.0532420948148, 0.0604957677424, 0.115928664804, 0.160522446036, 0.120898455381, 0.046450689435, 0.0198944751173, 0.0117735555395, 0.0264866352081], "min": [0, 0, 0, 0, 0, 0, 0, 0, 0, 0, 0, 0, 0, 0, 0, 0, 0, 0, 0, 0, 0, 0, 4.64488366561e-05, 0, 0, 0, 0, 0, 0, 0, 0, 0, 0, 0, 0, 0], "dvar2": [0.0464533232152, 0.0382173880935, 0.047669518739, 0.0548049584031, 0.061358910054, 0.0441848263144, 0.0665931031108, 0.052432268858, 0.0607546158135, 0.0348894372582, 0.0339210927486, 0.022617449984, 0.0191267114133, 0.0299488045275, 0.0424667187035, 0.0504017435014, 0.0486936978996, 0.0365270040929, 0.0482053235173, 0.0300314985216, 0.0325418524444, 0.0428608618677, 0.0412208996713, 0.0523996502161, 0.0457281246781, 0.0292013082653, 0.0370094031096, 0.0538108125329, 0.0641945451498, 0.0751355364919, 0.0829953402281, 0.083061657846, 0.0745015740395, 0.0524103082716, 0.0400047637522, 0.0333167873323], "dvar": [0.0176072530448, 0.013510032557, 0.0165444016457, 0.0232249628752, 0.0221866220236, 0.0162843894213, 0.0269628819078, 0.0209377780557, 0.0209826901555, 0.0130401467904, 0.0121076656505, 0.00801272876561, 0.0073191919364, 0.0109062492847, 0.0169605538249, 0.0221990682185, 0.0193167123944, 0.0145180774853, 0.0202533490956, 0.0118236793205, 0.0125970486552, 0.0155452145264, 0.0155764138326, 0.0209616590291, 0.016652667895, 0.0100687062368, 0.0139372600242, 0.0214635748416, 0.0240774676204, 0.0281066261232, 0.032854065299, 0.0314131826162, 0.0269810315222, 0.0194980408996, 0.0143769793212, 0.0130083104596], "dmean": [0.0739449635148, 0.0649601370096, 0.0795638039708, 0.0957363471389, 0.0911243036389, 0.0889784768224, 0.10322342813, 0.0879781097174, 0.0716462954879, 0.0447916761041, 0.0385214313865, 0.0336810164154, 0.0307803973556, 0.049741409719, 0.0833233073354, 0.0905620977283, 0.094510614872, 0.0764931589365, 0.075276106596, 0.0635681077838, 0.0619555711746, 0.0571299269795, 0.0637312605977, 0.0775790289044, 0.0647995471954, 0.0431701168418, 0.0636968016624, 0.0892184972763, 0.100283131003, 0.131577804685, 0.129235103726, 0.133816108108, 0.10883706063, 0.0712543800473, 0.0575662925839, 0.0621256902814], "max": [1, 1, 1, 1, 1, 1, 1, 1, 1, 1, 1, 1, 1, 1, 1, 1, 1, 1, 1, 0.990210771561, 1, 1, 1, 1, 1, 1, 1, 1, 1, 1, 1, 1, 1, 1, 1, 1], "var": [0.0385893136263, 0.0188168436289, 0.0259575787932, 0.0653329789639, 0.0394710041583, 0.0324885994196, 0.113483697176, 0.08119982481, 0.0359506569803, 0.0360496751964, 0.0195192322135, 0.0196300279349, 0.050549082458, 0.0275538936257, 0.0437411516905, 0.118751831353, 0.056420493871, 0.0425635017455, 0.0998186841607, 0.0333062559366, 0.0350025370717, 0.104929432273, 0.0748104900122, 0.0364342331886, 0.0233798660338, 0.0102637270465, 0.0184968076646, 0.0413556210697, 0.0361240506172, 0.0710530355573, 0.141347050667, 0.074905410409, 0.0423920527101, 0.0544966906309, 0.02325075306, 0.0227982886136], "mean": [0.114681392908, 0.0847023949027, 0.108600273728, 0.175128817558, 0.130892783403, 0.151505500078, 0.264751464128, 0.20820851624, 0.0961713120341, 0.0710558518767, 0.0492253266275, 0.0551027916372, 0.0838504806161, 0.0771849825978, 0.156354293227, 0.256282627583, 0.176075831056, 0.146964415908, 0.194093450904, 0.119931221008, 0.112333670259, 0.183410182595, 0.153780952096, 0.105940677226, 0.0803828909993, 0.0484547242522, 0.0821956470609, 0.133629217744, 0.131047785282, 0.237620964646, 0.34538474679, 0.240048885345, 0.138683050871, 0.115121312439, 0.0740001350641, 0.0822125822306]}, "tuning_equal_tempered_deviation": 0.00375426793471, "chords_changes_rate": 0.0252873562276, "key_key": "G", "tuning_diatonic_strength": 0.435296207666, "key_scale": "major", "chords_number_rate": 0.00747126433998, "tuning_frequency": 441.017791748, "tuning_nontempered_energy_ratio": 0.661460757256, "chords_histogram": [5.9770116806, 1.2068965435, 0, 2.81609201431, 0.517241358757, 0, 3.27586197853, 5.86206912994, 13.7356319427, 7.18390798569, 0.4022988379, 2.75862073898, 1.03448271751, 0, 0, 0, 2.18390798569, 30.1149425507, 0, 0, 0, 3.62068963051, 0.4022988379, 18.9080467224], "key_strength": 0.611698448658, "chords_key": "G", "chords_strength": {"dmean2": 0.0057181417942, "median": 0.621407985687, "min": 0.28907507658, "dvar2": 3.17912308674e-05, "dvar": 4.83817311761e-05, "dmean": 0.00739083997905, "max": 0.800453662872, "var": 0.00949094258249, "mean": 0.611152410507}, "chords_scale": "minor", "hpcp_entropy": {"dmean2": 0.914377987385, "median": 1.71028864384, "min": 0.0465353131294, "dvar2": 0.535242199898, "dvar": 0.194801524282, "dmean": 0.548996508121, "max": 3.68807339668, "var": 0.49609670043, "mean": 1.695094347}}, "metadata": {"audio_properties": {"equal_loudness": 0, "codec": "flac", "downmix": "mix", "sample_rate": 44100, "analysis_sample_rate": 44100, "bit_rate": 0, "md5_encoded": "b2d2ba128c1b4133c4da8b8d1ac2c1ee", "length": 80.7333297729, "replay_gain": -6.92903518677, "lossless": true}, "version": {"essentia_build_sha": "70f2e5ece6736b2c40cc944ad0e695b16b925413", "essentia": "2.1-beta2", "extractor": "music 1.0", "essentia_git_sha": "v2.1_beta2"}, "tags": {"title": ["Race to Old New York"], "barcode": ["5099708969721"], "albumartist": ["Elliot Goldenthal"], "tracktotal": ["18"], "language": ["eng"], "releasetype": ["soundtrack"], "musicbrainz_recordingid": ["176522a2-594e-4f49-97c7-3c10ee8cf828"], "arranger": ["Elliot Goldenthal", "Robert Elhai"], "musicbrainz_albumartistid": ["2c16f7ca-e331-47fc-af91-4f236cba4c6d"], "album": ["Final Fantasy: The Spirits Within"], "catalognumber": ["SK 89697"], "releasecountry": ["FR"], "isrc": ["USSM10105800"], "compilation": ["1"], "producer": ["Elliot Goldenthal", "Tesse Gohl"], "date": ["2001"], "file_name": "02 Race to Old New York.flac", "albumartistsort": ["Goldenthal, Elliot"], "musicbrainz_artistid": ["2c16f7ca-e331-47fc-af91-4f236cba4c6d"], "asin": ["B00005LNC2"], "musicbrainz_albumid": ["c80d4c7b-d75b-4103-a1c4-e328138dacc3"], "artist": ["Elliot Goldenthal"], "artistsort": ["Goldenthal, Elliot"], "tracknumber": ["2"], "label": ["Sony Classical"], "releasestatus": ["official"], "script": ["Latn"], "totaltracks": ["18"]}}, "rhythm": {"bpm_histogram_first_peak_bpm": {"dmean2": 0, "median": 82, "min": 82, "dvar2": 0, "dvar": 0, "dmean": 0, "max": 82, "var": 0, "mean": 82}, "bpm": 83.4493865967, "bpm_histogram_second_peak_spread": {"dmean2": 0, "median": 0.555555582047, "min": 0.555555582047, "dvar2": 0, "dvar": 0, "dmean": 0, "max": 0.555555582047, "var": 0, "mean": 0.555555582047}, "bpm_histogram_first_peak_weight": {"dmean2": 0, "median": 0.315384626389, "min": 0.315384626389, "dvar2": 0, "dvar": 0, "dmean": 0, "max": 0.315384626389, "var": 0, "mean": 0.315384626389}, "onset_rate": 0.755442380905, "beats_position": [0.719818592072, 1.45124709606, 2.18267560005, 2.91410422325, 3.64553284645, 4.37696123123, 5.10838985443, 5.83981847763, 6.58285713196, 7.32589578629, 8.05732440948, 8.80036258698, 9.54340076447, 10.2864398956, 10.9830379486, 11.6796369553, 12.3762359619, 13.0728340149, 13.7694330215, 14.4776411057, 15.2206802368, 15.9521083832, 16.6951465607, 17.4381847382, 18.181224823, 18.9126529694, 19.6324710846, 20.3522891998, 21.0837192535, 21.8151473999, 22.5465755463, 23.2780036926, 23.9978218079, 24.7292518616, 25.4374599457, 26.1456680298, 26.8538761139, 27.5620861053, 28.2702941895, 28.9785022736, 29.686712265, 30.3949203491, 31.1031284332, 31.8113365173, 32.5195465088, 33.2277526855, 33.935962677, 34.63256073, 35.3407707214, 36.0722007751, 36.8036270142, 37.5234451294, 38.2432632446, 38.9979133606, 39.7409515381, 40.5188217163, 41.2850799561, 42.0513381958, 42.8175964355, 43.5258026123, 44.2340126038, 44.919002533, 45.6156005859, 46.3121986389, 47.0204086304, 47.7286148071, 48.4368247986, 49.14503479, 49.8532409668, 50.573059082, 51.2928771973, 52.024307251, 52.7557373047, 53.4871635437, 54.2185935974, 54.9500198364, 55.6814498901, 56.4012680054, 57.0978660583, 57.794467926, 58.491065979, 59.187664032, 59.7797737122, 60.3718795776, 60.9872093201, 61.6025390625, 62.2062568665, 62.7635345459, 63.32081604, 63.8780937195, 64.3541030884, 64.8301086426, 65.3061218262, 65.7124710083, 66.1188201904, 66.5251693726, 66.9315185547, 67.3378677368, 67.7558288574, 68.1737823486, 68.5801315308, 68.9864807129, 69.3812255859, 69.7875747681, 70.1823120117, 70.5770492554, 70.971786499, 71.3316955566, 71.6800003052, 72.0282974243, 72.3765945435, 72.7365036011, 73.0964126587, 73.4447174072, 73.8046264648, 74.152923584, 74.5360565186, 74.9191818237, 75.3023147583, 75.6854400635, 76.0801773071, 76.4749221802, 76.8696594238, 77.2643966675, 77.6359176636, 77.9958267212, 78.3673477173, 78.7272567749, 79.098777771, 79.4702911377, 79.8418121338], "beats_loudness": {"dmean2": 0.0148838777095, "median": 0.0105611132458, "min": 2.3191114451e-06, "dvar2": 0.000325065746438, "dvar": 0.000117773553939, "dmean": 0.00912063103169, "max": 0.105894900858, "var": 0.000487092736876, "mean": 0.0211390014738}, "danceability": 0.830597579479, "bpm_histogram_second_peak_weight": {"dmean2": 0, "median": 0.0615384615958, "min": 0.0615384615958, "dvar2": 0, "dvar": 0, "dmean": 0, "max": 0.0615384615958, "var": 0, "mean": 0.0615384615958}, "beats_count": 131, "bpm_histogram_second_peak_bpm": {"dmean2": 0, "median": 148, "min": 148, "dvar2": 0, "dvar": 0, "dmean": 0, "max": 148, "var": 0, "mean": 148}, "bpm_histogram_first_peak_spread": {"dmean2": 0, "median": 0.481012642384, "min": 0.481012642384, "dvar2": 0, "dvar": 0, "dmean": 0, "max": 0.481012642384, "var": 0, "mean": 0.481012642384}, "beats_loudness_band_ratio": {"dmean2": [0.301343739033, 0.220038071275, 0.200866624713, 0.117462381721, 0.090661264956, 0.0160169471055], "median": [0.352908372879, 0.249309629202, 0.189693883061, 0.0915507301688, 0.0529939942062, 0.0092105185613], "min": [0.0570885762572, 0.0142928333953, 0.0214736629277, 0.00661772256717, 0.000241862595431, 6.80769007886e-05], "dvar2": [0.0574043728411, 0.0264957826585, 0.0302592944354, 0.0199758280069, 0.0132734458894, 0.000318814039929], "dvar": [0.0188052337617, 0.00908432807773, 0.010399450548, 0.00626319088042, 0.00465154834092, 0.000130290296511], "dmean": [0.181857675314, 0.126208230853, 0.127853021026, 0.0654571577907, 0.0542795620859, 0.00966078974307], "max": [0.92586016655, 0.564562141895, 0.717237234116, 0.594624519348, 0.415405124426, 0.0669442713261], "var": [0.0499433912337, 0.0154674602672, 0.0221981704235, 0.00587021326646, 0.00509651983157, 0.000215617692447], "mean": [0.413757830858, 0.252140969038, 0.220333367586, 0.106692053378, 0.0720839053392, 0.0139755085111]}}, "lowlevel": {"barkbands_spread": {"dmean2": 4.74397134781, "median": 15.5469417572, "min": 1.03710973263, "dvar2": 22.6061000824, "dvar": 9.09866714478, "dmean": 3.04382920265, "max": 73.2725830078, "var": 58.3844871521, "mean": 16.8897380829}, "melbands_spread": {"dmean2": 5.96556425095, "median": 17.1699180603, "min": 1.02753937244, "dvar2": 36.4298629761, "dvar": 14.7687253952, "dmean": 3.84550714493, "max": 77.9459152222, "var": 99.4764175415, "mean": 19.1810493469}, "hfc": {"dmean2": 3.56120061874, "median": 4.98376083374, "min": 6.52378585073e-05, "dvar2": 32.9646263123, "dvar": 13.5602455139, "dmean": 2.25036668777, "max": 91.2785873413, "var": 191.148971558, "mean": 11.7566795349}, "barkbands_kurtosis": {"dmean2": 2.14512085915, "median": 1.19760632515, "min": -1.64506590366, "dvar2": 11.8080911636, "dvar": 4.64946222305, "dmean": 1.35769307613, "max": 79.8869247437, "var": 40.0645904541, "mean": 2.47396326065}, "gfcc": {"mean": [-68.947013855, 148.646896362, -135.232620239, 24.830373764, -44.3188018799, -2.35953831673, -28.9914188385, 2.31299185753, -14.1595077515, -3.92288851738, -9.81217575073, -3.9523897171, -7.24402618408], "icov": [[0.000493172148708, -0.00100345606916, 0.00105153629556, -0.000931589631364, 0.0017198350979, -0.00174251920544, 0.00134772364981, -0.00123516132589, 0.00104523613118, -0.000755939341616, 0.000688529165927, -0.000652585877106, 0.000449504732387], [-0.00100345606916, 0.00764978677034, -0.000802605238277, 0.00424746004865, -0.0080874171108, 0.00640012929216, -0.00529868621379, 0.00608156993985, -0.00634425552562, 0.00588954985142, -0.00546784466133, 0.00596029963344, -0.00435202009976], [0.00105153629556, -0.000802605238277, 0.00496321963146, -0.000750466133468, 0.00138630717993, -0.00483971042559, 0.00137753633317, -0.00107637548354, 0.000959149387199, -0.000375019124476, 0.000516068481375, -0.000881696585566, 0.000700083328411], [-0.000931589631364, 0.00424746004865, -0.000750466133468, 0.00745175778866, -0.00628677336499, 0.00343521474861, -0.00270044291392, 0.000279092462733, -0.00231024809182, 0.00360864703543, -0.00330002093688, 0.00117374840192, -0.00194099894725], [0.0017198350979, -0.0080874171108, 0.00138630717993, -0.00628677336499, 0.0186625644565, -0.00901489146054, 0.00223303982057, -0.00359322247095, 0.00249309372157, -0.00443405145779, 0.00509677594528, -0.005272064358, 0.00500875758007], [-0.00174251920544, 0.00640012929216, -0.00483971042559, 0.00343521474861, -0.00901489146054, 0.020517103374, -0.00636130850762, 0.0018019877607, 0.000705020793248, -0.000422821409302, -0.00152679812163, 0.00352578307502, -0.00176102097612], [0.00134772364981, -0.00529868621379, 0.00137753633317, -0.00270044291392, 0.00223303982057, -0.00636130850762, 0.0221137627959, -0.00899323262274, 0.00118980382103, 0.0017079799436, -0.00204867287539, -0.0014823806705, 0.000299121893477], [-0.00123516132589, 0.00608156993985, -0.00107637548354, 0.000279092462733, -0.00359322247095, 0.0018019877607, -0.00899323262274, 0.0253079719841, -0.0127305863425, 0.00110717187636, -9.25462227315e-05, 0.00204196106642, -0.00142110313755], [0.00104523613118, -0.00634425552562, 0.000959149387199, -0.00231024809182, 0.00249309372157, 0.000705020793248, 0.00118980382103, -0.0127305863425, 0.0312188882381, -0.0142044238746, 0.00255440291949, -0.000257564883213, -0.0013627903536], [-0.000755939341616, 0.00588954985142, -0.000375019124476, 0.00360864703543, -0.00443405145779, -0.000422821409302, 0.0017079799436, 0.00110717187636, -0.0142044238746, 0.0336769111454, -0.0147153204307, 0.00346894864924, 0.00180096609984], [0.000688529165927, -0.00546784466133, 0.000516068481375, -0.00330002093688, 0.00509677594528, -0.00152679812163, -0.00204867287539, -9.25462227315e-05, 0.00255440291949, -0.0147153204307, 0.0318518951535, -0.0115223648027, 0.00101908296347], [-0.000652585877106, 0.00596029963344, -0.000881696585566, 0.00117374840192, -0.005272064358, 0.00352578307502, -0.0014823806705, 0.00204196106642, -0.000257564883213, 0.00346894864924, -0.0115223648027, 0.0273249316961, -0.0127014694735], [0.000449504732387, -0.00435202009976, 0.000700083328411, -0.00194099894725, 0.00500875758007, -0.00176102097612, 0.000299121893477, -0.00142110313755, -0.0013627903536, 0.00180096609984, 0.00101908296347, -0.0127014694735, 0.028437834233]], "cov": [[13488.9560547, -1930.36962891, -1931.8302002, 936.937561035, -1062.35217285, 391.903686523, -661.380615234, 405.262786865, -364.566192627, 159.687561035, -178.617599487, 172.093292236, -102.852645874], [-1930.36962891, 1258.34265137, 69.9083404541, -322.859039307, 322.422912598, -242.833572388, 206.832901001, -156.061706543, 159.961303711, -84.9805145264, 80.4439239502, -104.063598633, 81.2126464844], [-1931.8302002, 69.9083404541, 590.339477539, -85.7661361694, 138.411514282, 56.2025184631, 77.2503204346, -30.0994548798, 21.895898819, -8.0550069809, 12.2553653717, -8.76171779633, -5.16061401367], [936.937561035, -322.859039307, -85.7661361694, 319.806732178, -37.3339996338, 65.4103317261, -34.5943756104, 74.7359848022, -28.4988670349, 18.2143688202, -7.28590297699, 43.6772766113, -8.30472564697], [-1062.35217285, 322.422912598, 138.411514282, -37.3339996338, 214.294189453, -24.0506916046, 86.9411315918, -30.2977638245, 52.798500061, -16.6012458801, 22.5851898193, -20.4141731262, 12.1718187332], [391.903686523, -242.833572388, 56.2025184631, 65.4103317261, -24.0506916046, 135.693847656, -20.5398960114, 38.3290634155, -33.8338432312, 21.3339061737, -16.2712192535, 15.5847330093, -20.9343032837], [-661.380615234, 206.832901001, 77.2503204346, -34.5943756104, 86.9411315918, -20.5398960114, 110.304924011, -2.56480526924, 40.1163749695, -13.5258350372, 22.8682460785, -11.8626871109, 16.6320400238], [405.262786865, -156.061706543, -30.0994548798, 74.7359848022, -30.2977638245, 38.3290634155, -2.56480526924, 89.0587005615, 9.49973392487, 22.1152305603, -5.99120998383, 13.4656848907, -6.97586536407], [-364.566192627, 159.961303711, 21.895898819, -28.4988670349, 52.798500061, -33.8338432312, 40.1163749695, 9.49973392487, 77.7469100952, 13.2365913391, 19.6105976105, -12.2171106339, 13.1445035934], [159.687561035, -84.9805145264, -8.0550069809, 18.2143688202, -16.6012458801, 21.3339061737, -13.5258350372, 22.1152305603, 13.2365913391, 55.7995033264, 14.8882961273, 8.44745826721, -8.25522041321], [-178.617599487, 80.4439239502, 12.2553653717, -7.28590297699, 22.5851898193, -16.2712192535, 22.8682460785, -5.99120998383, 19.6105976105, 14.8882961273, 55.4768447876, 15.0162611008, 13.525431633], [172.093292236, -104.063598633, -8.76171779633, 43.6772766113, -20.4141731262, 15.5847330093, -11.8626871109, 13.4656848907, -12.2171106339, 8.44745826721, 15.0162611008, 67.3034820557, 18.3113250732], [-102.852645874, 81.2126464844, -5.16061401367, -8.30472564697, 12.1718187332, -20.9343032837, 16.6320400238, -6.97586536407, 13.1445035934, -8.25522041321, 13.525431633, 18.3113250732, 53.6617202759]]}, "spectral_energyband_middle_low": {"dmean2": 0.0050534135662, "median": 0.0044381194748, "min": 7.16779924304e-09, "dvar2": 9.08389192773e-05, "dvar": 3.50268310285e-05, "dmean": 0.00321977981366, "max": 0.11107891798, "var": 0.000166037891177, "mean": 0.0104325674474}, "melbands_crest": {"dmean2": 3.62850832939, "median": 11.0662879944, "min": 3.70270228386, "dvar2": 10.5704803467, "dvar": 4.22885370255, "dmean": 2.35004734993, "max": 30.9123668671, "var": 20.2443199158, "mean": 11.9986934662}, "spectral_kurtosis": {"dmean2": 6.39910316467, "median": 6.58244562149, "min": 2.15482378006, "dvar2": 64.2688140869, "dvar": 20.5316677094, "dmean": 3.62819743156, "max": 107.866783142, "var": 125.624160767, "mean": 9.9129524231}, "spectral_rms": {"dmean2": 0.000604511820711, "median": 0.00301555031911, "min": 7.72300700191e-06, "dvar2": 5.46968124127e-07, "dvar": 2.15057923469e-07, "dmean": 0.000396679184632, "max": 0.0108310934156, "var": 4.24456311521e-06, "mean": 0.00370706059039}, "zerocrossingrate": {"dmean2": 0.0058933692053, "median": 0.03857421875, "min": 0.00341796875, "dvar2": 4.48216669611e-05, "dvar": 2.76470091194e-05, "dmean": 0.00458692293614, "max": 0.27490234375, "var": 0.000378040393116, "mean": 0.0417712107301}, "silence_rate_60dB": {"dmean2": 0.0471806675196, "median": 0, "min": 0, "dvar2": 0.0518608316779, "dvar": 0.0230280663818, "dmean": 0.0235835481435, "max": 1, "var": 0.114339537919, "mean": 0.131684869528}, "erbbands_kurtosis": {"dmean2": 0.845261752605, "median": -0.449447393417, "min": -1.75509428978, "dvar2": 1.02231502533, "dvar": 0.415109723806, "dmean": 0.526910305023, "max": 14.4709320068, "var": 1.24624443054, "mean": -0.214357018471}, "erbbands": {"dmean2": [0.0284497514367, 0.343869239092, 1.31071674824, 2.74097919464, 7.31467914581, 7.08122873306, 11.3154993057, 12.7427463531, 16.1025886536, 27.3082504272, 27.5536441803, 13.6041126251, 15.5558404922, 18.547492981, 14.9226665497, 28.9617538452, 18.9009189606, 17.0816192627, 14.1254234314, 18.5021858215, 14.2374858856, 17.8460197449, 8.73412132263, 10.3566884995, 4.19721031189, 3.63705563545, 1.52526903152, 1.04683589935, 0.705793201923, 0.444579720497, 0.28383398056, 0.159942060709, 0.0935841873288, 0.0521988235414, 0.0236010048538, 0.00547837186605, 0.00133317778818, 0.00016385652998, 1.55524576257e-05, 7.16810745871e-06], "median": [0.0202589612454, 0.269431591034, 0.788723111153, 1.11674714088, 2.43799853325, 3.38460683823, 5.00378513336, 5.32645845413, 6.62660503387, 8.34537696838, 11.4208106995, 7.15029144287, 6.13054037094, 8.57330513, 5.93629074097, 8.49472427368, 5.48533725739, 5.47948598862, 4.93456935883, 6.73846387863, 6.05208778381, 7.86396455765, 3.68732500076, 3.2504529953, 2.11857008934, 1.33723592758, 0.666019797325, 0.375428855419, 0.240325018764, 0.129880428314, 0.0626351609826, 0.0293107070029, 0.0142753180116, 0.0071136970073, 0.00254154670984, 0.00087045377586, 0.000228870849242, 4.98694207636e-05, 1.18480475066e-05, 1.16840965347e-05], "min": [1.97956040893e-07, 1.56275075369e-06, 1.27437238007e-06, 4.26205770054e-06, 1.5120088392e-05, 6.68429038342e-06, 5.22399841429e-06, 4.22012681156e-06, 6.04223851042e-06, 1.13961300485e-06, 1.06130073618e-06, 1.59719820658e-06, 1.4049614947e-05, 2.46285526373e-06, 1.46535376189e-06, 7.83063057952e-07, 5.22454911334e-07, 8.28262500363e-07, 5.34293235432e-07, 4.58895300426e-07, 6.27283213817e-07, 5.65127834307e-07, 7.33332853997e-07, 7.20789557818e-07, 7.70311430642e-07, 6.11937934991e-07, 7.64271590015e-07, 6.21585115823e-07, 8.79528556652e-07, 7.63303262374e-07, 7.98501503141e-07, 7.95535186171e-07, 5.70411316403e-07, 4.9503239552e-07, 4.35361897644e-07, 2.44407942773e-07, 9.72760432205e-08, 9.07308006504e-08, 1.11810869896e-07, 3.54685560922e-08], "dvar2": [0.00206215633079, 0.384329855442, 8.32944107056, 44.5601539612, 293.881378174, 304.555969238, 440.242218018, 1295.88793945, 1165.2532959, 8069.39355469, 2836.56396484, 529.581359863, 1319.81640625, 1845.65234375, 1739.18310547, 5633.91699219, 2744.63378906, 1904.59204102, 1181.51416016, 1970.12194824, 1067.74414062, 1363.68200684, 329.187530518, 935.195007324, 67.1175613403, 106.063407898, 13.2706861496, 7.57110357285, 4.44167137146, 1.50105595589, 1.17417943478, 0.318617105484, 0.141102701426, 0.0512015484273, 0.0116467485204, 0.000421751843533, 3.82815596822e-05, 3.7543804865e-07, 2.66799493609e-09, 1.48031781277e-10], "dvar": [0.00092123018112, 0.163424909115, 3.41026806831, 15.2677774429, 100.955307007, 116.530548096, 190.655303955, 472.372711182, 419.397827148, 3588.92944336, 1397.62536621, 226.012496948, 633.762634277, 730.873046875, 742.437561035, 2099.46459961, 991.498657227, 794.805969238, 536.49407959, 772.928344727, 399.648620605, 515.895141602, 124.892448425, 327.72958374, 26.0661010742, 38.5834999084, 4.84705686569, 2.80536627769, 1.56554782391, 0.649833798409, 0.393785208464, 0.127787917852, 0.052075304091, 0.0209387782961, 0.00452274177223, 0.000222243208555, 1.92468378373e-05, 2.24180269015e-07, 1.59351565276e-09, 6.08390629542e-11], "dmean": [0.0185147337615, 0.229358464479, 0.854573369026, 1.63909363747, 4.39977884293, 4.5007185936, 7.45348072052, 7.8169426918, 9.68057727814, 17.4028511047, 18.7447032928, 8.89570331573, 10.1435890198, 11.782626152, 9.49627304077, 17.4963378906, 11.2770767212, 10.6969642639, 9.05036067963, 11.2285175323, 8.51963424683, 10.6891975403, 5.21168899536, 6.10198402405, 2.51590490341, 2.15773177147, 0.917080581188, 0.639994323254, 0.430325865746, 0.277340739965, 0.173797547817, 0.0991530045867, 0.0607542023063, 0.0344171859324, 0.0151140391827, 0.00380970025435, 0.000978935742751, 0.000115679416922, 1.1192495549e-05, 4.68506596008e-06], "max": [1.01467752457, 8.68617248535, 31.5698623657, 64.3493118286, 153.143035889, 233.816986084, 333.002319336, 548.884155273, 410.317199707, 1905.57421875, 844.372314453, 227.783370972, 874.377990723, 598.255859375, 1000.69042969, 854.275024414, 702.344238281, 612.965759277, 589.295715332, 592.171691895, 473.622009277, 474.088378906, 241.642852783, 484.766357422, 113.748970032, 122.721351624, 62.2552909851, 38.4656295776, 39.5791320801, 29.4393615723, 17.9971904755, 10.2872514725, 7.46137094498, 5.48629570007, 2.76364660263, 0.422945141792, 0.150091558695, 0.0217821113765, 0.00203830236569, 0.000174903078005], "var": [0.00868269708008, 0.710121691227, 7.59688234329, 27.0855751038, 149.218963623, 245.176620483, 941.035766602, 1007.78277588, 1109.38037109, 7887.90869141, 5602.84912109, 816.69744873, 2177.53515625, 1766.84191895, 1561.50915527, 3957.74560547, 2080.17578125, 2088.16186523, 1418.87683105, 1769.51147461, 958.913391113, 1428.63171387, 378.485626221, 628.822509766, 88.5829772949, 101.069877625, 14.760436058, 10.5091352463, 5.95910787582, 3.54468488693, 1.48064935207, 0.593511819839, 0.289094269276, 0.105736285448, 0.0270904880017, 0.00162613764405, 0.000135422975291, 1.95675670511e-06, 1.76712671163e-08, 6.62861487921e-10], "mean": [0.0544964708388, 0.592405617237, 1.7670661211, 2.84641957283, 6.59474134445, 8.34425354004, 16.1457099915, 15.1350355148, 18.8490638733, 30.3261451721, 39.0105361938, 20.5944976807, 20.6933574677, 24.353143692, 18.7459335327, 28.8551559448, 21.1952457428, 20.588312149, 17.7951946259, 21.0616226196, 16.9413452148, 21.1417713165, 11.5333375931, 11.1539239883, 5.83989953995, 4.58981227875, 2.18348574638, 1.63217103481, 1.14518797398, 0.808986544609, 0.47365796566, 0.282201379538, 0.188960820436, 0.107037097216, 0.04816711694, 0.0126914978027, 0.0030980266165, 0.000405492290156, 4.84885240439e-05, 2.36138675973e-05]}, "spectral_strongpeak": {"dmean2": 0.651993811131, "median": 0.325489938259, "min": 0, "dvar2": 1.34014570713, "dvar": 0.514085948467, "dmean": 0.386144608259, "max": 8.96946048737, "var": 0.89893245697, "mean": 0.715440809727}, "spectral_energy": {"dmean2": 0.00628115423024, "median": 0.00932088308036, "min": 6.11359567415e-08, "dvar2": 0.000117323528684, "dvar": 4.56916095573e-05, "dmean": 0.00404869671911, "max": 0.120245404541, "var": 0.000370047608158, "mean": 0.0184365529567}, "average_loudness": 0.489266365767, "spectral_rolloff": {"dmean2": 480.91104126, "median": 925.927734375, "min": 86.1328125, "dvar2": 1829683.125, "dvar": 665245.8125, "dmean": 280.311645508, "max": 19444.4824219, "var": 730246.6875, "mean": 1085.9329834}, "spectral_centroid": {"dmean2": 242.694030762, "median": 979.535644531, "min": 184.452529907, "dvar2": 47422.1601562, "dvar": 19546.8945312, "dmean": 153.389160156, "max": 2803.88061523, "var": 194898.984375, "mean": 1051.64257812}, "pitch_salience": {"dmean2": 0.0898085534573, "median": 0.583452224731, "min": 0.184515535831, "dvar2": 0.00543371075764, "dvar": 0.00207883282565, "dmean": 0.0561166964471, "max": 0.816659927368, "var": 0.00882559735328, "mean": 0.574515163898}, "spectral_energyband_middle_high": {"dmean2": 0.00172511523124, "median": 0.00166440824978, "min": 5.46153344771e-10, "dvar2": 8.76971716934e-06, "dvar": 3.48986327481e-06, "dmean": 0.00108114536852, "max": 0.0391049869359, "var": 2.66826100415e-05, "mean": 0.00403025839478}, "spectral_contrast_coeffs": {"dmean2": [0.0691036507487, 0.0705996975303, 0.0557383038104, 0.0456508658826, 0.0340848900378, 0.0208853688091], "median": [-0.669223189354, -0.735894680023, -0.766823470592, -0.780081748962, -0.751725316048, -0.73906236887], "min": [-0.916712343693, -0.920157909393, -0.923459947109, -0.929735422134, -0.936119794846, -0.916001319885], "dvar2": [0.00312258535996, 0.00296105304733, 0.00183028017636, 0.00115515245125, 0.000719283416402, 0.000271489523584], "dvar": [0.00114561629016, 0.00107900996227, 0.000677235715557, 0.00042056341772, 0.000259092106717, 9.81599587249e-05], "dmean": [0.0422564856708, 0.0421341843903, 0.0333890654147, 0.0273950435221, 0.0205355808139, 0.0125521281734], "max": [-0.359021425247, -0.416498601437, -0.58269149065, -0.580033659935, -0.591193437576, -0.622815966606], "var": [0.0050594015047, 0.00445134332404, 0.00264781550504, 0.0025717834942, 0.00320127839223, 0.00163303350564], "mean": [-0.666756987572, -0.730823099613, -0.766881942749, -0.775254189968, -0.748345971107, -0.74147850275]}, "melbands_skewness": {"dmean2": 0.630168020725, "median": 1.8205126524, "min": -0.681792974472, "dvar2": 0.308122456074, "dvar": 0.12784999609, "dmean": 0.406116038561, "max": 7.67354488373, "var": 0.914257109165, "mean": 2.00410938263}, "spectral_spread": {"dmean2": 297783.625, "median": 2715984, "min": 853093.1875, "dvar2": 62892982272, "dvar": 28918704128, "dmean": 182905.71875, "max": 14283240, "var": 680510881792, "mean": 2764583}, "dissonance": {"dmean2": 0.0351574495435, "median": 0.459534108639, "min": 0.266286253929, "dvar2": 0.00100991886575, "dvar": 0.000356397707947, "dmean": 0.0206207055598, "max": 0.499992519617, "var": 0.000788004253991, "mean": 0.454120993614}, "spectral_skewness": {"dmean2": 0.532042980194, "median": 1.74645018578, "min": 0.905376195908, "dvar2": 0.306521564722, "dvar": 0.0979985520244, "dmean": 0.305139422417, "max": 8.34402942657, "var": 0.786065757275, "mean": 1.98843383789}, "spectral_flux": {"dmean2": 0.0158441904932, "median": 0.0415021628141, "min": 0.000122552213725, "dvar2": 0.000353137409547, "dvar": 0.000123546589748, "dmean": 0.00940170791, "max": 0.199907749891, "var": 0.00126058852766, "mean": 0.0542735606432}, "spectral_contrast_valleys": {"dmean2": [0.546473145485, 0.509673237801, 0.403718620539, 0.317327558994, 0.228490233421, 0.183179393411], "median": [-7.28104305267, -6.74236965179, -7.56125736237, -7.96101951599, -8.37320518494, -11.8966560364], "min": [-13.186293602, -13.8100833893, -15.2299575806, -15.7332572937, -15.5699672699, -16.6233234406], "dvar2": [0.183906599879, 0.155988842249, 0.0931534394622, 0.0573337189853, 0.0315610170364, 0.0267783794552], "dvar": [0.0650794357061, 0.0541156306863, 0.0335030853748, 0.0206492487341, 0.0127201331779, 0.0143501255661], "dmean": [0.330245494843, 0.29945319891, 0.239230558276, 0.187161535025, 0.14109864831, 0.124515712261], "max": [-5.41709423065, -4.88745164871, -5.65114784241, -6.1163611412, -6.42799711227, -9.16346740723], "var": [0.742840409279, 1.00033152103, 1.19619166851, 1.31943047047, 1.61515569687, 1.59488761425], "mean": [-7.34991598129, -6.7469420433, -7.55571556091, -8.02730846405, -8.55864238739, -11.971323967]}, "erbbands_flatness_db": {"dmean2": 0.0172586329281, "median": 0.189836099744, "min": 0.0523231811821, "dvar2": 0.000196236971533, "dvar": 8.49510106491e-05, "dmean": 0.0111916521564, "max": 0.324914634228, "var": 0.00138970441185, "mean": 0.194453343749}, "spectral_energyband_high": {"dmean2": 5.44122922292e-05, "median": 3.41993109032e-05, "min": 1.41685296828e-09, "dvar2": 1.4707008944e-08, "dvar": 6.43022746161e-09, "dmean": 3.54532821802e-05, "max": 0.00294627551921, "var": 8.09764912901e-08, "mean": 0.000148050952703}, "spectral_entropy": {"dmean2": 0.149010330439, "median": 7.20048522949, "min": 5.37361574173, "dvar2": 0.0157767813653, "dvar": 0.00647898204625, "dmean": 0.0948201343417, "max": 7.9939827919, "var": 0.126658722758, "mean": 7.13243436813}, "silence_rate_20dB": {"dmean2": 0, "median": 1, "min": 1, "dvar2": 0, "dvar": 0, "dmean": 0, "max": 1, "var": 0, "mean": 1}, "melbands_flatness_db": {"dmean2": 0.0226853191853, "median": 0.229327693582, "min": 0.0907217487693, "dvar2": 0.000394913484342, "dvar": 0.000172330823261, "dmean": 0.0153706353158, "max": 0.557931125164, "var": 0.00510443933308, "mean": 0.237187385559}, "barkbands": {"dmean2": [0.000111234519864, 0.00131011824124, 0.00126503081992, 0.00136131851468, 0.00222136662342, 0.00158351729624, 0.00143033766653, 0.00133492506575, 0.000634640629869, 0.000458492722828, 0.000557954772376, 0.000639653822873, 0.000368336768588, 0.000330703420332, 0.000413186207879, 0.000182514777407, 0.000424178026151, 0.000165603531059, 0.000140611169627, 7.75828375481e-05, 3.29669856001e-05, 2.19253488467e-05, 9.0962912509e-06, 6.50264792057e-06, 3.30558850692e-06, 7.88299644228e-07, 9.87156951737e-08], "median": [4.39346258645e-05, 0.00108198286034, 0.000622005551122, 0.000382880563848, 0.00106671499088, 0.000763819552958, 0.000548233685549, 0.000392082845792, 0.000309052236844, 0.000158779279445, 0.000201774717425, 0.000163017975865, 9.26798966248e-05, 0.000103613929241, 0.000130386775709, 7.34030400054e-05, 0.000150547828525, 6.67988060741e-05, 4.55106019217e-05, 3.03539018205e-05, 1.20034128486e-05, 6.00186285737e-06, 2.54717588177e-06, 1.02032072391e-06, 4.63308765575e-07, 1.43623594795e-07, 3.81618008305e-08], "min": [1.62433633211e-09, 6.68103350421e-09, 5.63655844221e-10, 2.5950728233e-09, 3.33426997123e-09, 5.43581513135e-10, 2.88960549932e-10, 4.50864935664e-11, 7.9659535912e-11, 3.51130680087e-10, 2.86875783545e-11, 2.1987111784e-11, 8.00309037791e-12, 1.31896941286e-11, 9.27290882968e-12, 8.41503516175e-12, 9.79891515152e-12, 1.2000050259e-11, 1.20142541749e-11, 1.23544837555e-11, 1.67031215248e-11, 2.45596147586e-11, 3.1048739968e-11, 3.56270325741e-11, 5.35582515837e-11, 6.1425926845e-11, 1.52135859466e-09], "dvar2": [2.14109938668e-08, 5.34141963726e-06, 8.45969316288e-06, 1.18052248581e-05, 2.78572315437e-05, 1.35512655106e-05, 1.87420555449e-05, 9.27776272874e-06, 1.32164166189e-06, 9.7455051673e-07, 1.89613842849e-06, 2.28663111557e-06, 1.02359172161e-06, 7.13243991868e-07, 8.58745750065e-07, 2.1088354174e-07, 9.9606177173e-07, 1.03456670786e-07, 1.52217424443e-07, 3.26301652365e-08, 7.14461778628e-09, 4.3340571132e-09, 7.53466622427e-10, 6.54686527213e-10, 1.64457933383e-10, 8.801413591e-12, 1.61079062957e-13], "dvar": [7.2609922519e-09, 2.28174235417e-06, 3.41256145475e-06, 3.98628208131e-06, 1.00009119706e-05, 5.10304289492e-06, 6.691742783e-06, 5.46022056369e-06, 5.66805965718e-07, 5.03399462559e-07, 7.58874193707e-07, 8.57646796248e-07, 3.71678964939e-07, 2.97363726531e-07, 3.3375860653e-07, 8.08816622566e-08, 3.69899879615e-07, 3.85740754894e-08, 5.43270672893e-08, 1.17603828897e-08, 2.57750709665e-09, 1.64055879992e-09, 2.73969041897e-10, 2.45999332016e-10, 7.33808638853e-11, 4.83937325976e-12, 9.31349859431e-14], "dmean": [6.291209138e-05, 0.000873307988513, 0.000810654251836, 0.000803651928436, 0.00138407351915, 0.00101631577127, 0.000852795899846, 0.000906934612431, 0.000413961155573, 0.000306786881993, 0.000357422686648, 0.000386967003578, 0.000219961671974, 0.000206623619306, 0.000256941450061, 0.000110872795631, 0.000254857441178, 9.91000997601e-05, 8.22803049232e-05, 4.63902688352e-05, 1.96234686882e-05, 1.33604598886e-05, 5.6822177612e-06, 4.1715493353e-06, 2.19398179979e-06, 5.71129135096e-07, 7.00150408761e-08], "max": [0.00111114059109, 0.0358995348215, 0.0364621281624, 0.0301028229296, 0.0617679543793, 0.0536856800318, 0.0858235955238, 0.0953830778599, 0.0141929397359, 0.0228425115347, 0.0194422267377, 0.016935762018, 0.0134412227198, 0.0125111183152, 0.00998109485954, 0.0091136470437, 0.0146100111306, 0.00350213376805, 0.00511561427265, 0.00195004919078, 0.00150661903899, 0.00100362324156, 0.000459757255157, 0.000536604900844, 0.000299232400721, 6.73307586112e-05, 1.62310898304e-05], "var": [8.32229751779e-09, 1.19536916827e-05, 6.7879755079e-06, 5.96570998823e-06, 1.96073433472e-05, 1.79304770427e-05, 1.07387459138e-05, 1.8339143935e-05, 2.09385439121e-06, 2.09999188883e-06, 1.49901200075e-06, 1.69122836269e-06, 8.14034024188e-07, 7.49330126837e-07, 7.06100024672e-07, 2.12706510183e-07, 8.69590564889e-07, 1.04690045077e-07, 9.8472156651e-08, 3.08716785469e-08, 7.30774951663e-09, 6.23625018292e-09, 1.52626622452e-09, 1.38498157387e-09, 5.5262378007e-10, 3.81217661605e-11, 6.58845807772e-13], "mean": [7.29625171516e-05, 0.00239297305234, 0.00150175846647, 0.00117509870324, 0.00258486508392, 0.00225692684762, 0.00152133533265, 0.00170275638811, 0.000905522087123, 0.000633222050965, 0.000621025683358, 0.000628966197837, 0.000394611910451, 0.000368181354133, 0.000445245415904, 0.000211547579966, 0.000460198207293, 0.000194036358153, 0.000149992425577, 9.52650952968e-05, 4.61593699583e-05, 3.42266830557e-05, 1.68094611581e-05, 1.31504848468e-05, 7.59906197345e-06, 1.89553361452e-06, 2.38092056293e-07]}, "erbbands_skewness": {"dmean2": 0.465464562178, "median": 0.21038338542, "min": -2.13824534416, "dvar2": 0.140266641974, "dvar": 0.0569025613368, "dmean": 0.289463967085, "max": 3.37034368515, "var": 0.27880448103, "mean": 0.219740971923}, "erbbands_spread": {"dmean2": 7.14046430588, "median": 28.612613678, "min": 5.24983406067, "dvar2": 35.4452590942, "dvar": 13.8899459839, "dmean": 4.54246807098, "max": 66.4478530884, "var": 81.6129989624, "mean": 29.3255615234}, "melbands_kurtosis": {"dmean2": 4.11344385147, "median": 4.31655025482, "min": -1.36982476711, "dvar2": 30.6965942383, "dvar": 12.7494010925, "dmean": 2.63650798798, "max": 111.482582092, "var": 66.9142456055, "mean": 6.56684446335}, "melbands": {"dmean2": [0.000302299013129, 0.000575066718739, 0.000570774136577, 0.000514335813932, 0.00035504141124, 0.000289999530651, 0.000267320865532, 0.000289996212814, 0.000216416548938, 8.39038548293e-05, 7.8494544141e-05, 7.32930857339e-05, 6.07292931818e-05, 6.41775914119e-05, 6.75233241054e-05, 3.32561648975e-05, 3.46893903043e-05, 2.08793426282e-05, 3.20252474921e-05, 1.68615133589e-05, 2.09412010008e-05, 2.29252091231e-05, 1.16530191008e-05, 8.77394631971e-06, 9.26756183617e-06, 3.60704029845e-06, 3.47236209564e-06, 2.32507113651e-06, 9.25940582874e-07, 1.07065659449e-06, 7.11974678325e-07, 4.87076306399e-07, 3.88910763149e-07, 2.57838934203e-07, 2.14063533122e-07, 1.07995319354e-07, 9.90713573401e-08, 8.30641440075e-08, 6.70959039439e-08, 5.11216704524e-08], "median": [0.000245393312071, 0.000441746815341, 0.000245007919148, 0.00022055694717, 0.000174518238055, 0.000130956977955, 0.000109339518531, 8.29649798106e-05, 9.10198141355e-05, 4.07384286518e-05, 2.87539805868e-05, 3.25063156197e-05, 2.31645044551e-05, 1.39514322655e-05, 1.97836197913e-05, 7.67473648011e-06, 9.99301300908e-06, 6.10908955423e-06, 1.0400975043e-05, 5.7939778344e-06, 5.92641345065e-06, 9.07113280846e-06, 3.30989587383e-06, 3.1877038964e-06, 2.35163588513e-06, 1.21114703688e-06, 1.40920906233e-06, 5.72480416849e-07, 4.20500043674e-07, 2.17226599375e-07, 1.65852497958e-07, 1.29681652083e-07, 7.8515412838e-08, 6.01891088081e-08, 3.6253595681e-08, 2.39790427514e-08, 1.40645628477e-08, 9.06124952849e-09, 9.10418407329e-09, 4.78286388272e-09], "min": [2.60853605383e-09, 1.20066601106e-09, 1.15451659344e-09, 8.39659897167e-10, 1.81881565364e-10, 1.01087173354e-10, 8.25361654022e-11, 9.76917331752e-12, 7.25574982041e-12, 1.24862620243e-11, 6.97474994427e-11, 8.66180738246e-12, 3.37869792907e-12, 3.18737028958e-12, 1.1100330724e-12, 1.05768703258e-12, 1.32618146065e-12, 7.87663066281e-13, 6.29640274381e-13, 6.19281752615e-13, 6.36559977906e-13, 4.40411297925e-13, 4.73065705532e-13, 6.12961721311e-13, 4.64774052578e-13, 4.97248238678e-13, 3.57892182687e-13, 4.00625