{"tonal": {"thpcp": [1, 0.733754038811, 0.492507845163, 0.5312692523, 0.654439210892, 0.699931263924, 0.671857535839, 0.606942534447, 0.469962775707, 0.432795584202, 0.484394192696, 0.554775118828, 0.750397324562, 0.909907817841, 0.851999759674, 0.809445202351, 0.756504058838, 0.607037365437, 0.565552651882, 0.612927615643, 0.603066623211, 0.655735731125, 0.689304351807, 0.636186361313, 0.618725955486, 0.573359131813, 0.504386126995, 0.557563722134, 0.695264577866, 0.664214372635, 0.616890609264, 0.631352186203, 0.675296962261, 0.771715581417, 0.766465961933, 0.878104388714], "hpcp": {"dmean2": [0.324561178684, 0.366568982601, 0.353147357702, 0.374722182751, 0.343785583973, 0.283319652081, 0.249844387174, 0.256361484528, 0.274607032537, 0.303756564856, 0.307759344578, 0.28787446022, 0.269264340401, 0.251041263342, 0.222449719906, 0.235211759806, 0.271212518215, 0.272270649672, 0.258335530758, 0.244509875774, 0.271431803703, 0.302102953196, 0.261221557856, 0.281607031822, 0.333994567394, 0.263493448496, 0.195721372962, 0.20701391995, 0.233978301287, 0.2319265306, 0.2532325387, 0.235836923122, 0.191808342934, 0.185178011656, 0.214542120695, 0.256136804819], "median": [0.0753466263413, 0.0988837778568, 0.0877143889666, 0.0805157274008, 0.0704003423452, 0.0515614375472, 0.0361766070127, 0.0329391360283, 0.0409478582442, 0.0501777529716, 0.0536170601845, 0.0561629906297, 0.0540439784527, 0.0543110445142, 0.0499926432967, 0.0556758269668, 0.0652143210173, 0.0610917657614, 0.0555630773306, 0.0573407225311, 0.0713082700968, 0.0793646723032, 0.0707854926586, 0.0961672887206, 0.0766824632883, 0.0635756850243, 0.03300460428, 0.0316325649619, 0.0295645706356, 0.047126416117, 0.0578485317528, 0.0498079881072, 0.0282303038985, 0.0236745420843, 0.0283494908363, 0.0389320664108], "min": [0, 0, 0, 0, 0, 0, 0, 0, 0, 0, 0, 0, 0, 0, 0, 0, 0, 0, 0, 0, 0, 0, 0, 0, 0, 0, 0, 0, 0, 0, 0, 0, 0, 0, 0, 0], "dvar2": [0.167010694742, 0.172731786966, 0.172628894448, 0.20760256052, 0.1874345541, 0.157030984759, 0.137389436364, 0.145236089826, 0.159586876631, 0.177191346884, 0.174947172403, 0.15859799087, 0.146965101361, 0.1341920048, 0.117912255228, 0.124026916921, 0.143622845411, 0.139321222901, 0.127138599753, 0.108975738287, 0.117870137095, 0.141454309225, 0.107991814613, 0.10598615557, 0.169902577996, 0.109284296632, 0.0902804136276, 0.0980226099491, 0.113797150552, 0.105791650712, 0.116330936551, 0.108101733029, 0.0956104621291, 0.0963643044233, 0.116362407804, 0.144576489925], "dvar": [0.0636644884944, 0.0692297369242, 0.068799495697, 0.0780139416456, 0.0707562044263, 0.0577355027199, 0.0505729466677, 0.0541442297399, 0.057207249105, 0.0650549903512, 0.0663971081376, 0.0583586990833, 0.0548799708486, 0.0486430339515, 0.0412601530552, 0.0432936325669, 0.0524044148624, 0.0504189170897, 0.0453227050602, 0.0411330685019, 0.0455207191408, 0.0587916821241, 0.0428726822138, 0.0431618206203, 0.0717899501324, 0.0431867949665, 0.0339684784412, 0.0364640876651, 0.0421845950186, 0.0400638952851, 0.0428422391415, 0.0399014428258, 0.0347419790924, 0.0346776731312, 0.0422677658498, 0.0531575269997], "dmean": [0.18167360127, 0.208319157362, 0.199454471469, 0.206197082996, 0.188825830817, 0.156475707889, 0.138892352581, 0.142305314541, 0.152860194445, 0.168764457107, 0.172137707472, 0.161681607366, 0.151744037867, 0.140573292971, 0.124358840287, 0.131291523576, 0.153615608811, 0.151877090335, 0.144592702389, 0.138459801674, 0.155489385128, 0.175253808498, 0.154255062342, 0.162672922015, 0.186297222972, 0.148766919971, 0.111667737365, 0.117838896811, 0.132846668363, 0.133530765772, 0.145183652639, 0.133937045932, 0.107237070799, 0.102670252323, 0.118355497718, 0.141037985682], "max": [1, 1, 1, 1, 1, 1, 1, 1, 1, 1, 1, 1, 1, 1, 1, 1, 1, 1, 1, 1, 1, 1, 1, 1, 1, 1, 1, 1, 1, 1, 1, 1, 1, 1, 1, 1], "var": [0.060277748853, 0.0762792080641, 0.0726193711162, 0.070763900876, 0.0689911022782, 0.053539108485, 0.05011112988, 0.0618118792772, 0.0527272112668, 0.0614179708064, 0.0663995444775, 0.0555000267923, 0.0539985597134, 0.0460547618568, 0.0360163711011, 0.0390349514782, 0.0606269724667, 0.0553646981716, 0.0447965413332, 0.049155138433, 0.0490426048636, 0.0669239088893, 0.0622149184346, 0.0652318149805, 0.107711687684, 0.0549865402281, 0.0406861454248, 0.0430014580488, 0.0622656233609, 0.0658781602979, 0.0527997463942, 0.0473178327084, 0.0362140387297, 0.0316835716367, 0.0381601862609, 0.0460128299892], "mean": [0.179429382086, 0.217570349574, 0.203723803163, 0.193548470736, 0.180889591575, 0.145150229335, 0.135230720043, 0.146558657289, 0.144200772047, 0.15679462254, 0.16482129693, 0.152120113373, 0.147945120931, 0.137097343802, 0.120605036616, 0.133320465684, 0.166246458888, 0.158821970224, 0.147506266832, 0.150964200497, 0.161471948028, 0.184526845813, 0.183271601796, 0.209965750575, 0.239112511277, 0.175449773669, 0.117764785886, 0.127033129334, 0.156484603882, 0.167362317443, 0.16064953804, 0.145127549767, 0.1123739779, 0.103486835957, 0.115824714303, 0.132653668523]}, "tuning_equal_tempered_deviation": 0.281946092844, "chords_changes_rate": 0.0931044518948, "key_key": "A#", "tuning_diatonic_strength": 0.500902354717, "key_scale": "major", "chords_number_rate": 0.00261856266297, "tuning_frequency": 434.193115234, "tuning_nontempered_energy_ratio": 0.92106205225, "chords_histogram": [9.70322990417, 11.7253417969, 5.64445734024, 9.84870529175, 4.11696243286, 6.41547870636, 2.5603723526, 3.44777417183, 7.12830972672, 1.71661329269, 4.20424795151, 0.392784416676, 4.01512956619, 0.494617402554, 2.61856269836, 1.87663662434, 0.392784416676, 6.82281064987, 0.130928128958, 0.596450388432, 0.82921153307, 3.63689255714, 1.2801861763, 10.4015130997], "key_strength": 0.737242400646, "chords_key": "D", "chords_strength": {"dmean2": 0.0145097747445, "median": 0.442224740982, "min": -1, "dvar2": 0.000693953013979, "dvar": 0.000375744566554, "dmean": 0.0121241277084, "max": 0.83233833313, "var": 0.0118884500116, "mean": 0.444016218185}, "chords_scale": "minor", "hpcp_entropy": {"dmean2": 1.18386745453, "median": 2.49108552933, "min": 0, "dvar2": 0.866173267365, "dvar": 0.310918718576, "dmean": 0.699307620525, "max": 4.62745046616, "var": 0.657216250896, "mean": 2.44937682152}}, "metadata": {"audio_properties": {"equal_loudness": 0, "codec": "mp3", "downmix": "mix", "sample_rate": 44100, "analysis_sample_rate": 44100, "bit_rate": 192000, "md5_encoded": "dd3992f41f2bbcb53e3e0cee7312a4af", "length": 319.164093018, "replay_gain": -6.60349464417, "lossless": false}, "version": {"essentia_build_sha": "2d9f1f26377add8aeb1075a9c2973f962c4f09fd", "essentia": "2.1-beta2", "extractor": "music 1.0", "essentia_git_sha": "v2.1_beta2-1-ge3940c0"}, "tags": {"title": ["Where's My Money"], "barcode": ["7 31453 74842 2"], "media": ["(CD)"], "albumartist": ["Saga"], "length": ["319200"], "musicbrainz_recordingid": ["17696b83-70af-482b-a647-da76aaf18d50"], "composer": ["Saga/Stretch"], "musicbrainz_albumartistid": ["cc5b8e90-07fd-416d-bd90-8a524b29d1f7"], "discnumber": ["01/01"], "originalartist": ["Saga"], "album": ["Pleasure & The Pain"], "catalognumber": ["537 484-2"], "musicbrainz album release country": ["DE"], "musicbrainz album type": ["Album"], "musicbrainz album status": ["Official"], "file_name": "04. Where's My Money_5-19.mp3", "acoustid_fingerprint": ["AQADtGGiTImSJPiP4xPU5YW94cbhopvCo9wF6xcepDl64z16wjfMoI2PHWGcSJkM7oeZCp_wAPjgF4dPHMeJw8dxnMAJH_DhE8ePSziO49Lh48cJnwd8-MSB47iAwyd-nIfh47Ak4cRxHT_gHtZG4zhw-Meh4xBO-DiO_wCOm4Zx4haOw8eJ4zhwnLhxHD9OGIdx-IdPHLh1HMd3_LAo4vhh-MHhH29w4h-Ow_Yh4rhhGT-qnah-nPBDfHhJHD7OI_CP67i44--A-0fP40aoBxp-XDzCZ8cZ3PB15Diu44QPnBJ85ITF43gONPrxoTn-44er4NaO8kfdInh4iIBt3MNhHLhh4jR-WCZ8XIRv_MBZHPmHzkd-9PChazP8o83RE3qPI42O469xXEK6ElqvIb_RJ0ETXnhR88N1BZ_Q8sc_9NuGNOTw4Z6Co39wHD_RD-ahfyI-vISPkxCO1jl6HvpxCUcOf8dxOPqKHscz40ZsaHsQkvlw_Cjh0-hx9AusIz-8KVD_4t1xTccPt5CPlwibHS96C_6Bzjtu4Q4rtM6RHtC-o-LgH9p-PEd_-Oh7YUcvQtRxA_6F9uiP3NjwHfCOvviPa0ZedMehlYdQPfA__DiF_xCPXshXotyONsPPgLHyozm4sCuuE-eu4gM7FNcP1w_eCZy5oj9yvA-0w06HFxdeHj06Hmb1oUD54FaOovwNU8Jz5N1xGs-K6_jh7-iR88J56E3xHz1SSkfxKoh04sc96IfzHT2Kx1B-fMQZD8fFWbj0wE4Rzgf6oMH1H9_R5OiP63j24EuGPEcP8bBwzcfHFSYflPih-bi54Xuhf3A2Bv-PHFdMnHrxHxf8oTf-IF8uyA--7MiPJr5QHeGhNw4-H6F-4hyaBzOi99DnIA9n9B-YlwJ1FaemFb_wfEI_-YjHg4amtoPLdQJPoR_kH8epCll-4C04fzg1IudwQ_yBFzBfyBtw5Bd8IT2OH-Jx9Cn6A9Ye6EN4vEevE18P0sgP__ihwz9Gu_AJ7Qzx40fPwzKHWkdxPIdfHDi2o-dxHO2OA_xxHz8-HD8Ov8cPx8cLHy8O8cdl3BWs4jl-_AGoC_okXMMf3IeDEzsZ6LB15McL50c4s_hkXFJ0XNeEwr9QK-h9-PgL_wqe4xzO4UEVES908viwIz_6G9eQjlGLH7rxHxlDfnB25Dp0Bdl_9Cg_-Kh1_NGM6xt65NBOXDvi_ejzobl2ZL2hn_hxHUwqonyKozUO37hwXPjA6ziO7_CNw4WO4ziO4zh0_LiCIz0C48cHUS0u_LjhQ8dx-AB8nMeHFyaPHxeMQ_nx7Uh__Djh9fjxLQYi8SL03MiTHTWnSHC-4qWF9zLOocd39B3cC88pOLuAU5fgF0XuE9qnEz5KGTs6-jC7YYdPiAoX1ILe5UZ_mMdxS0Y-Hf1RcSzeo3l2XMeP60F4CS9z6Al6hGR0_McjIb3Q-Tj6Ez5ylCcueUQPK2SJPjeuF81xkYd99GiXowmPkyd-NOF29DS-4_mQb8mLH9pxDd1Raod59HtwCdrKHB9-_Dn-wbwPXThyNjaO04Z_lPhxH_kiH_LxZUfYEb9g68j_CJo4Hj941JfRGD8UUS_SWjx64XtwVJ9hNUclqcaNhkp49MHRc_go-JgunD9-ZDl86Fzg9QtO2Dou_PDxQ0c95Thk-kZDEnWDcNHxLrgi_CsOD8XxHbElQ35QLkcu_DDxxTiKkyaakaiFo_lCXMZf5FKBRzBHPD3S9egONEGP_oc_VJSO80YudA9xNfAO_-gPOR36wsyHskP3S3gUTP6EeVrwC2XGHNuNn4je4ymP8zgP8-jxC_nRK0oh_zg-HvmP_DquLQ-cQ0q5CtfR_OiL6RCfoz_y5DguL2h-9DR-hOIuiOKGHz_yawjvYzK0fEc-_A3xCx-Nwjl--PhTpOgtQIPBE3hh-MSP47gE_8Kh44B1AAAMOVAQpIQwyiEBhEEACWmAGc46I6xzRijhhHFOWCeEEUYIJZxz0gkjnBLWKSecAs6YpZxwTpgrhHHCGSeGEdZaJ6wzwlmjhHDCOKugMyoAYZVAQDBTgVUOAaAYMIJ65wSAQDBCgBECUECcUMAQJYRwwjlhLMPOESOIB8AwDJQgCgjqrLMGCu2Mc4QZ4RgCSgECDCKGGKSMIEAJAZgiRBnimEoCcYaIUMAJYCghymglGlHOOAYeFcQ4I0wVRiFgDALKEUAIYYJAAgAgQgkijFFCAeAAs0JKpigUhDkiGICEAKGMQEQQkIwhxACKCCDcEASsERYJTiBRnAghhCBSCOEEJEgJQYwwxghCECGECCEkAJo6AZQTDCgMBBAOAaEgEYoJoBQAyAAABGHIAEAIiwIAQIjQQBpBiCHAEGKEAcJYAYAQCCiAlDAASEIJIIEYxgyzQoniDBNCCaNMEIoRwQQRCBinGEAGCAGYQkwQwRgCjpMCqGOUMGEYMo4xFZBTkgnmAXSAASsYEkg4Aw0H6gqCAVOAQAAkANAIABx0ygEgTBdSKIMQAxQQIZwBAikIlBKIWAURABAoIIQRjDBDHFKKjCeQeI4pMgayRimzDHBWO2OccUKI55Q2hjEjjITICKsEoEYhpQAACCBBBADIKoAMIMQYAAgQRggggBVECGUgY0AQB6QiQggjgAGKSeWUsJIoIRAjSADFESPIESEUEooAIoiiShBAjFOKAOEIIIoDCIRiBiAjDDGOUECAMJAhAwABTCAjOEBKIWCAIJAAEQBVAjFPhRRUMKKARCAZwpgjTgwniDTAKWGoIggIxoAQRijBFACAOMOMQw4QIAQyhgCCFAiAEEcIIwIAQYQlWBhgFEMCIVOAIN4QR4xiAijhiACIGWSYB4gZJyRx5AlDpjMA"], "date": ["1997"], "genre": ["Rock"], "musicbrainz_releasegroupid": ["d1b183a9-3160-3f66-b063-52051803b686"], "musicbrainz_artistid": ["cc5b8e90-07fd-416d-bd90-8a524b29d1f7"], "originaldate": ["1997"], "musicbrainz_albumid": ["3b3857ee-2c3f-4fca-aa06-c81cbb706810"], "originalalbum": ["Pleasure & The Pain"], "tracknumber": ["04/10"], "artistsort": ["Saga"], "language": ["eng"], "artist": ["Saga"], "label": ["Steamhammer/SPV"], "albumartistsort": ["Saga"], "acoustid_id": ["5e8fdb43-03d9-4916-8feb-9c8b38b17e58"], "script": ["Latin"]}}, "rhythm": {"bpm_histogram_first_peak_bpm": {"dmean2": 0, "median": 140, "min": 140, "dvar2": 0, "dvar": 0, "dmean": 0, "max": 140, "var": 0, "mean": 140}, "bpm": 138.9425354, "bpm_histogram_second_peak_spread": {"dmean2": 0, "median": 0.466666668653, "min": 0.466666668653, "dvar2": 0, "dvar": 0, "dmean": 0, "max": 0.466666668653, "var": 0, "mean": 0.466666668653}, "bpm_histogram_first_peak_weight": {"dmean2": 0, "median": 0.68801087141, "min": 0.68801087141, "dvar2": 0, "dvar": 0, "dmean": 0, "max": 0.68801087141, "var": 0, "mean": 0.68801087141}, "onset_rate": 3.73141932487, "beats_position": [0.441179126501, 0.882358253002, 1.33514738083, 1.78793644905, 2.24072551727, 2.69351458549, 3.15791368484, 3.62231278419, 4.06349182129, 4.5046710968, 4.93424034119, 5.36380958557, 5.79337835312, 6.2229475975, 6.66412687302, 7.0936961174, 7.52326536179, 7.95283412933, 8.38240337372, 8.82358264923, 9.25315189362, 9.682721138, 10.1122903824, 10.5418596268, 10.9830379486, 11.412607193, 11.8421764374, 12.2717456818, 12.7013149261, 13.1308841705, 13.5604534149, 13.9900226593, 14.4195919037, 14.8607711792, 15.2903394699, 15.7199087143, 16.1610889435, 16.5906581879, 17.0202255249, 17.4497947693, 17.8793640137, 18.3205432892, 18.7501125336, 19.179681778, 19.6092510223, 20.0388202667, 20.4799995422, 20.9095687866, 21.339138031, 21.7687072754, 22.1982765198, 22.6278457642, 23.0574150085, 23.4985942841, 23.9281635284, 24.3577327728, 24.7873020172, 25.2168693542, 25.6464385986, 26.076007843, 26.5171871185, 26.9467563629, 27.3763256073, 27.8175048828, 28.2470741272, 28.6766433716, 29.106212616, 29.5357818604, 29.9653511047, 30.3949203491, 30.8244895935, 31.2540588379, 31.6836280823, 32.1131973267, 32.5311546326, 32.9723358154, 33.4019050598, 33.8314743042, 34.2610435486, 34.7022209167, 35.1317901611, 35.5613594055, 35.9909286499, 36.4321098328, 36.8616790771, 37.2912483215, 37.7208137512, 38.1503829956, 38.57995224, 39.0095214844, 39.4390907288, 39.8686599731, 40.309841156, 40.7394104004, 41.1689796448, 41.6101570129, 42.0397262573, 42.4692955017, 42.8988647461, 43.3284339905, 43.7696151733, 44.1991844177, 44.6287536621, 45.0583229065, 45.4878921509, 45.9174575806, 46.347026825, 46.7765960693, 47.2061653137, 47.6473464966, 48.076915741, 48.5064849854, 48.9360542297, 49.3656234741, 49.7951927185, 50.2247619629, 50.6659393311, 51.0955085754, 51.5250778198, 51.9546470642, 52.3842163086, 52.8253974915, 53.2433547974, 53.6729240417, 54.1024932861, 54.5436706543, 54.9732398987, 55.4028091431, 55.8439903259, 56.2735595703, 56.7031288147, 57.1326980591, 57.5622673035, 57.9918365479, 58.4214057922, 58.8625831604, 59.3037643433, 59.7449417114, 60.1861228943, 60.6156921387, 61.0452613831, 61.4864387512, 61.9160079956, 62.34557724, 62.7751464844, 63.2047157288, 63.6342849731, 64.0638504028, 64.5050354004, 64.9346008301, 65.3641738892, 65.7937393188, 66.2233123779, 66.6644897461, 67.0940551758, 67.5236282349, 67.9531936646, 68.3827667236, 68.8123321533, 69.2419052124, 69.6830825806, 70.1126480103, 70.5538330078, 71.0066223145, 71.4826278687, 71.9470291138, 72.423034668, 72.8758239746, 73.3286132813, 73.7814025879, 74.245803833, 74.6985931396, 75.1513824463, 75.6041717529, 76.0569610596, 76.5097503662, 76.9625396729, 77.403717041, 77.8448944092, 78.2744674683, 78.7156448364, 79.1452102661, 79.5747833252, 80.0043487549, 80.433921814, 80.8634872437, 81.2930603027, 81.7226257324, 82.1521987915, 82.5933761597, 83.0229492188, 83.4525146484, 83.8936920166, 84.3232650757, 84.7528305054, 85.1940155029, 85.6235809326, 86.0531539917, 86.4827194214, 86.9122848511, 87.3418579102, 87.7714233398, 88.2126083374, 88.6421737671, 89.0717468262, 89.5013122559, 89.9308853149, 90.3604507446, 90.7900238037, 91.2195892334, 91.6491622925, 92.0903396606, 92.5315170288, 92.9610900879, 93.3906555176, 93.8202285767, 94.2497940063, 94.6793670654, 95.1089324951, 95.5384979248, 95.9680709839, 96.4092483521, 96.8388214111, 97.2683868408, 97.709564209, 98.1391372681, 98.5687026978, 99.0098876953, 99.439453125, 99.8690261841, 100.298591614, 100.728164673, 101.157730103, 101.587303162, 102.016868591, 102.44644165, 102.87600708, 103.305580139, 103.746757507, 104.176322937, 104.605895996, 105.035461426, 105.465034485, 105.894599915, 106.324172974, 106.753738403, 107.183311462, 107.612876892, 108.042449951, 108.483627319, 108.913192749, 109.342765808, 109.783943176, 110.201904297, 110.643081665, 111.072654724, 111.502220154, 111.943397522, 112.38457489, 112.825759888, 113.255325317, 113.684898376, 114.126075745, 114.555641174, 114.985214233, 115.426391602, 115.86756897, 116.297142029, 116.726707458, 117.156280518, 117.585845947, 118.027030945, 118.456596375, 118.886169434, 119.327346802, 119.76852417, 120.1980896, 120.627662659, 121.045623779, 121.463577271, 121.904762268, 122.334327698, 122.763900757, 123.205078125, 123.634643555, 124.064216614, 124.493782043, 124.934967041, 125.364532471, 125.79410553, 126.223670959, 126.653244019, 127.082809448, 127.523986816, 127.953559875, 128.383132935, 128.812698364, 129.242263794, 129.683441162, 130.113006592, 130.54258728, 130.97215271, 131.40171814, 131.831283569, 132.260864258, 132.702041626, 133.131607056, 133.561172485, 134.002349854, 134.431930542, 134.861495972, 135.291061401, 135.720626831, 136.15020752, 136.579772949, 137.009338379, 137.438903809, 137.868484497, 138.298049927, 138.739227295, 139.180404663, 139.63319397, 140.097595215, 140.573608398, 141.037994385, 141.50239563, 141.966796875, 142.43119812, 142.895599365, 143.36000061, 143.824401855, 144.265579224, 144.706756592, 145.14793396, 145.589111328, 146.018676758, 146.448257446, 146.877822876, 147.307388306, 147.736953735, 148.178131104, 148.607711792, 149.037277222, 149.47845459, 149.90802002, 150.337600708, 150.767166138, 151.196731567, 151.637908936, 152.079086304, 152.508651733, 152.938232422, 153.367797852, 153.797363281, 154.226928711, 154.656509399, 155.086074829, 155.515640259, 155.956817627, 156.386398315, 156.827575684, 157.257141113, 157.686706543, 158.116271973, 158.545852661, 158.987030029, 159.416595459, 159.846160889, 160.275741577, 160.705307007, 161.134872437, 161.564437866, 162.005615234, 162.435195923, 162.864761353, 163.294326782, 163.723892212, 164.16506958, 164.594650269, 165.024215698, 165.453781128, 165.883346558, 166.312927246, 166.742492676, 167.172058105, 167.601623535, 168.031204224, 168.460769653, 168.901947021, 169.331512451, 169.761077881, 170.202270508, 170.631835938, 171.061401367, 171.490966797, 171.920547485, 172.350112915, 172.779678345, 173.220855713, 173.650421143, 174.09161377, 174.521179199, 174.950744629, 175.380310059, 175.809890747, 176.239456177, 176.669021606, 177.098587036, 177.528152466, 177.957733154, 178.387298584, 178.816864014, 179.246429443, 179.676010132, 180.105575562, 180.535140991, 180.976318359, 181.405899048, 181.835464478, 182.265029907, 182.706207275, 183.135772705, 183.565353394, 183.994918823, 184.436096191, 184.865661621, 185.29524231, 185.713195801, 186.154373169, 186.595550537, 187.025115967, 187.454696655, 187.884262085, 188.313827515, 188.743392944, 189.172973633, 189.614151001, 190.032104492, 190.47328186, 190.89125061, 191.332427979, 191.761993408, 192.191558838, 192.632736206, 193.050704956, 193.491882324, 193.921447754, 194.351013184, 194.768981934, 195.210159302, 195.639724731, 196.069290161, 196.510467529, 196.928436279, 197.369613647, 197.810791016, 198.251968384, 198.693145752, 199.13432312, 199.575500488, 200.016693115, 200.446258545, 200.887435913, 201.317001343, 201.758178711, 202.187744141, 202.617324829, 203.046890259, 203.476455688, 203.906021118, 204.335601807, 204.765167236, 205.194732666, 205.624298096, 206.053878784, 206.483444214, 206.913009644, 207.354187012, 207.7837677, 208.21333313, 208.654510498, 209.095687866, 209.536865234, 209.966430664, 210.396011353, 210.813964844, 211.231918335, 211.661499023, 212.091064453, 212.532241821, 212.961807251, 213.391372681, 213.832565308, 214.262130737, 214.691696167, 215.121261597, 215.550842285, 215.992019653, 216.433197021, 216.862762451, 217.292327881, 217.721893311, 218.151473999, 218.581039429, 219.010604858, 219.451782227, 219.881362915, 220.310928345, 220.740493774, 221.181671143, 221.611236572, 222.040817261, 222.47038269, 222.89994812, 223.341125488, 223.770706177, 224.188659668, 224.606613159, 225.024581909, 225.454147339, 225.883712769, 226.313278198, 226.742858887, 227.172424316, 227.601989746, 228.043167114, 228.472732544, 228.902313232, 229.331878662, 229.761444092, 230.20262146, 230.632202148, 231.061767578, 231.491333008, 231.920898438, 232.362075806, 232.791656494, 233.221221924, 233.650787354, 234.080352783, 234.509933472, 234.939498901, 235.38067627, 235.810241699, 236.239807129, 236.680999756, 237.110565186, 237.540130615, 237.969696045, 238.399276733, 238.828842163, 239.258407593, 239.687973022, 240.117553711, 240.547119141, 240.97668457, 241.40625, 241.847427368, 242.277008057, 242.718185425, 243.136138916, 243.577316284, 244.006881714, 244.436462402, 244.866027832, 245.295593262, 245.725158691, 246.15473938, 246.595916748, 247.025482178, 247.455047607, 247.884628296, 248.314193726, 248.743759155, 249.173324585, 249.614501953, 250.044082642, 250.473648071, 250.914825439, 251.356002808, 251.785568237, 252.215148926, 252.633102417, 253.062667847, 253.492233276, 253.921813965, 254.351379395, 254.780944824, 255.210510254, 255.651702881, 256.081268311, 256.51083374, 256.94039917, 257.3699646, 257.811157227, 258.240722656, 258.670288086, 259.111480713, 259.56427002, 260.028656006, 260.493041992, 260.969055176, 261.43347168, 261.886260986, 262.350646973, 262.815063477, 263.267852783, 263.73223877, 264.196624756, 264.672637939, 265.125427246, 265.554992676, 265.996185303, 266.43737793, 266.866943359, 267.296508789, 267.726074219, 268.155639648, 268.585205078, 269.014770508, 269.444335938, 269.873931885, 270.303497314, 270.733062744, 271.162628174, 271.603790283, 272.03338623, 272.46295166, 272.90411377, 273.333679199, 273.763275146, 274.192840576, 274.622406006, 275.051971436, 275.493133545, 275.922729492, 276.352294922, 276.781860352, 277.211425781, 277.640991211, 278.082183838, 278.511749268, 278.941314697, 279.370880127, 279.800445557, 280.230010986, 280.659576416, 281.089141846, 281.530334473, 281.959899902, 282.401092529, 282.830657959, 283.260223389, 283.689788818, 284.119354248, 284.548919678, 284.978485107, 285.408081055, 285.837646484, 286.278808594, 286.708374023, 287.137939453, 287.5675354, 287.99710083, 288.438262939, 288.867828369, 289.297424316, 289.726989746, 290.156555176, 290.586120605, 291.015686035, 291.456878662, 291.898040771, 292.327606201, 292.757171631, 293.186737061, 293.616333008, 294.045898438, 294.475463867, 294.916625977, 295.346221924, 295.775787354, 296.205352783, 296.634918213, 297.076080322, 297.50567627, 297.935241699, 298.364807129, 298.794372559, 299.235565186, 299.665130615, 300.106292725, 300.559082031, 301.023498535, 301.487884521, 301.929077148, 302.370239258, 302.799804688, 303.252593994, 303.705383301, 304.146575928, 304.599365234, 305.040527344, 305.481719971, 305.934509277, 306.32925415, 306.723999023, 307.118713379, 307.513458252, 307.919799805, 308.326171875, 308.732513428, 309.173675537, 309.614868164, 310.044433594, 310.473999023, 310.903564453, 311.3331604, 311.76272583, 312.19229126, 312.621856689, 313.051422119, 313.480987549, 313.910552979, 314.340118408, 314.769714355, 315.199279785, 315.628845215, 316.058410645, 316.487976074, 316.917541504, 317.347106934, 317.776672363, 318.206237793, 318.63583374], "beats_loudness": {"dmean2": 0.0376614518464, "median": 0.0684689357877, "min": 0, "dvar2": 0.00180023023859, "dvar": 0.00066971720662, "dmean": 0.0213721450418, "max": 0.250724077225, "var": 0.00242084939964, "mean": 0.074813939631}, "danceability": 1.55506908894, "bpm_histogram_second_peak_weight": {"dmean2": 0, "median": 0.0326975472271, "min": 0.0326975472271, "dvar2": 0, "dvar": 0, "dmean": 0, "max": 0.0326975472271, "var": 0, "mean": 0.0326975472271}, "beats_count": 735, "bpm_histogram_second_peak_bpm": {"dmean2": 0, "median": 133, "min": 133, "dvar2": 0, "dvar": 0, "dmean": 0, "max": 133, "var": 0, "mean": 133}, "bpm_histogram_first_peak_spread": {"dmean2": 0, "median": 0.254061996937, "min": 0.254061996937, "dvar2": 0, "dvar": 0, "dmean": 0, "max": 0.254061996937, "var": 0, "mean": 0.254061996937}, "beats_loudness_band_ratio": {"dmean2": [0.144639387727, 0.0355569720268, 0.0565386153758, 0.0530695989728, 0.0496597029269, 0.0448064394295], "median": [0.93468695879, 0.0138613730669, 0.0124321561307, 0.0104812020436, 0.0126793095842, 0.00896834302694], "min": [0, 0, 0, 0, 0, 0], "dvar2": [0.0528997480869, 0.00402566278353, 0.0108582507819, 0.00941836368293, 0.00761532085016, 0.0132018513978], "dvar": [0.023942777887, 0.00155615026597, 0.00449610128999, 0.00419954629615, 0.00293813506141, 0.0048977737315], "dmean": [0.0803561210632, 0.0205020327121, 0.0328273847699, 0.0324459113181, 0.0293226055801, 0.0255253892392], "max": [0.996600031853, 0.373899906874, 0.698988080025, 0.715931952, 0.583348274231, 0.835741698742], "var": [0.0957101434469, 0.00291981059127, 0.00999234057963, 0.00864534080029, 0.00759951397777, 0.0111381532624], "mean": [0.778064608574, 0.030474036932, 0.0505063682795, 0.050401724875, 0.0540976971388, 0.0453145615757]}}, "lowlevel": {"barkbands_spread": {"dmean2": 15.5808324814, "median": 28.6910190582, "min": 0.56963467598, "dvar2": 426.960449219, "dvar": 181.129241943, "dmean": 10.0602474213, "max": 145.573806763, "var": 547.520812988, "mean": 31.8876285553}, "melbands_spread": {"dmean2": 13.6770095825, "median": 21.5553913116, "min": 0.24758169055, "dvar2": 302.712432861, "dvar": 133.891891479, "dmean": 8.85786628723, "max": 179.176834106, "var": 641.514099121, "mean": 27.0285758972}, "hfc": {"dmean2": 7.03173160553, "median": 14.6291837692, "min": 1.07194110588e-16, "dvar2": 91.8334884644, "dvar": 42.9588928223, "dmean": 4.83294725418, "max": 142.547042847, "var": 270.854797363, "mean": 18.1952762604}, "barkbands_kurtosis": {"dmean2": 21.7793083191, "median": 1.55509412289, "min": -1.96850883961, "dvar2": 2524.07788086, "dvar": 1466.63293457, "dmean": 15.1488523483, "max": 572.895080566, "var": 4187.81738281, "mean": 24.1991653442}, "gfcc": {"mean": [-45.3252983093, 69.7276077271, -98.4222564697, 25.7568054199, -17.1686496735, -11.2051525116, -4.68889045715, -10.1785707474, -4.95278501511, -13.5828094482, -5.77666854858, -9.15895652771, 2.62413525581], "icov": [[0.000104306811409, -0.000232854188653, 0.000168172293343, -0.000220311645535, 0.000144678604556, -8.7223801529e-05, 7.41001131246e-05, -5.85373381909e-05, 0.000200416179723, 1.15114917207e-05, 0.000110855929961, 2.60865763266e-05, 4.39803116024e-05], [-0.000232854188653, 0.00156848470215, -0.000838625186589, 0.000858271610923, -0.000597357051447, 0.000905446300749, -0.000645257066935, -0.000956412462983, 0.000360270496458, 0.00034739045077, -0.00106998637784, 0.00131586613134, -0.00128936616238], [0.000168172293343, -0.000838625186589, 0.00151338777505, -0.000916887889616, -0.000552812765818, -0.00100327888504, 0.000704307924025, 0.00164898892399, -0.000619347090833, -0.000634476542473, 0.000924865307752, -0.00176710600499, 0.000901126186363], [-0.000220311645535, 0.000858271610923, -0.000916887889616, 0.00275267986581, -0.000308127288008, -4.39343275502e-05, -0.00150218605995, 0.000387026724638, 0.00105848349631, -0.00283838203177, 0.00048500590492, -0.000162456388352, -0.000408852676628], [0.000144678604556, -0.000597357051447, -0.000552812765818, -0.000308127288008, 0.00466930679977, -0.000803782430012, -0.000767154502682, 0.000605962995905, -0.00223869993351, 0.00233585806563, -0.00183122267481, 4.30172840424e-05, 0.00161476351786], [-8.7223801529e-05, 0.000905446300749, -0.00100327888504, -4.39343275502e-05, -0.000803782430012, 0.00609955564141, -0.00128983263858, -0.00577415293083, 0.00228691077791, 0.000366111518815, -0.000468294980237, 0.00137968943454, -0.00198162393644], [7.41001131246e-05, -0.000645257066935, 0.000704307924025, -0.00150218605995, -0.000767154502682, -0.00128983263858, 0.00788833200932, -0.000100191966339, -0.004391270224, 0.00210632220842, -0.000536032021046, -0.000125948063214, -0.00113674241584], [-5.85373381909e-05, -0.000956412462983, 0.00164898892399, 0.000387026724638, 0.000605962995905, -0.00577415293083, -0.000100191966339, 0.0135568995029, -0.00552265439183, -0.00379383168183, 0.00430319970474, -0.00444769347087, 0.00432624807581], [0.000200416179723, 0.000360270496458, -0.000619347090833, 0.00105848349631, -0.00223869993351, 0.00228691077791, -0.004391270224, -0.00552265439183, 0.0186306573451, -0.00364633346908, -0.00647391565144, 0.00850428454578, -0.00638279365376], [1.15114917207e-05, 0.00034739045077, -0.000634476542473, -0.00283838203177, 0.00233585806563, 0.000366111518815, 0.00210632220842, -0.00379383168183, -0.00364633346908, 0.0180846862495, -0.00594225944951, -0.00218583852984, 0.00358739052899], [0.000110855929961, -0.00106998637784, 0.000924865307752, 0.00048500590492, -0.00183122267481, -0.000468294980237, -0.000536032021046, 0.00430319970474, -0.00647391565144, -0.00594225944951, 0.0220199842006, -0.00916126463562, -3.83723963751e-05], [2.60865763266e-05, 0.00131586613134, -0.00176710600499, -0.000162456388352, 4.30172840424e-05, 0.00137968943454, -0.000125948063214, -0.00444769347087, 0.00850428454578, -0.00218583852984, -0.00916126463562, 0.0261941328645, -0.0153609225526], [4.39803116024e-05, -0.00128936616238, 0.000901126186363, -0.000408852676628, 0.00161476351786, -0.00198162393644, -0.00113674241584, 0.00432624807581, -0.00638279365376, 0.00358739052899, -3.83723963751e-05, -0.0153609225526, 0.0223913043737]], "cov": [[20062.2753906, 1186.20959473, -2092.33666992, 442.908294678, -1084.42712402, 109.99772644, -239.369613647, 400.781066895, -507.972930908, -11.2011032104, -388.042633057, -235.849502563, -185.925537109], [1186.20959473, 1562.10852051, 520.745910645, -222.077957153, 324.045562744, -80.6368179321, 148.682846069, -22.2400455475, 116.224510193, -70.7805480957, 100.009536743, -3.27484440804, 86.3448486328], [-2092.33666992, 520.745910645, 2039.98608398, 560.02734375, 482.327911377, 139.785888672, 107.182373047, -148.860137939, 97.9611053467, 108.79447937, 142.013671875, 170.828063965, 101.943283081], [442.908294678, -222.077957153, 560.02734375, 874.276794434, 32.1746101379, 151.591903687, 75.8391494751, 6.263235569, -20.1689929962, 156.002639771, 24.1875572205, 89.5437316895, 24.2307739258], [-1084.42712402, 324.045562744, 482.327911377, 32.1746101379, 476.411712646, 51.018951416, 142.215927124, -27.1324615479, 127.859207153, -17.4809131622, 91.9899902344, 22.4521427155, 39.3948135376], [109.99772644, -80.6368179321, 139.785888672, 151.591903687, 51.018951416, 350.130706787, 75.1623916626, 146.488510132, 21.7335128784, 43.2863922119, -1.01614332199, 23.2802791595, 10.3320159912], [-239.369613647, 148.682846069, 107.182373047, 75.8391494751, 142.215927124, 75.1623916626, 239.025497437, 37.9528694153, 101.649032593, 3.48929977417, 52.2591629028, 17.4609603882, 47.7855529785], [400.781066895, -22.2400455475, -148.860137939, 6.263235569, -27.1324615479, 146.488510132, 37.9528694153, 186.873428345, 33.1730918884, 35.0149536133, -16.1990127563, -8.77369499207, -17.4214515686], [-507.972930908, 116.224510193, 97.9611053467, -20.1689929962, 127.859207153, 21.7335128784, 101.649032593, 33.1730918884, 142.803283691, 18.2904262543, 59.2992401123, 1.67894172668, 33.8635406494], [-11.2011032104, -70.7805480957, 108.79447937, 156.002639771, -17.4809131622, 43.2863922119, 3.48929977417, 35.0149536133, 18.2904262543, 109.703598022, 28.3836250305, 29.0364303589, 0.525782287121], [-388.042633057, 100.009536743, 142.013671875, 24.1875572205, 91.9899902344, -1.01614332199, 52.2591629028, -16.1990127563, 59.2992401123, 28.3836250305, 103.35861969, 49.0065231323, 46.45936203], [-235.849502563, -3.27484440804, 170.828063965, 89.5437316895, 22.4521427155, 23.2802791595, 17.4609603882, -8.77369499207, 1.67894172668, 29.0364303589, 49.0065231323, 106.185897827, 66.8139572144], [-185.925537109, 86.3448486328, 101.943283081, 24.2307739258, 39.3948135376, 10.3320159912, 47.7855529785, -17.4214515686, 33.8635406494, 0.525782287121, 46.45936203, 66.8139572144, 105.686790466]]}, "spectral_energyband_middle_low": {"dmean2": 0.0058429595083, "median": 0.00336347334087, "min": 1.82020742907e-22, "dvar2": 0.000142044300446, "dvar": 5.35632934771e-05, "dmean": 0.00357338390313, "max": 0.147652894258, "var": 6.79819277138e-05, "mean": 0.00582622690126}, "melbands_crest": {"dmean2": 7.54690790176, "median": 15.9559774399, "min": 1.58883810043, "dvar2": 40.4491195679, "dvar": 15.4346666336, "dmean": 4.54962301254, "max": 34.610370636, "var": 60.0299835205, "mean": 16.7288913727}, "spectral_kurtosis": {"dmean2": 3.62582349777, "median": 5.10849285126, "min": -1.2597976923, "dvar2": 47.0668792725, "dvar": 20.1566772461, "dmean": 2.23959445953, "max": 117.772949219, "var": 110.96710968, "mean": 7.71673631668}, "spectral_rms": {"dmean2": 0.00180406903382, "median": 0.00384128000587, "min": 3.12488381525e-12, "dvar2": 5.57303110327e-06, "dvar": 3.15465194944e-06, "dmean": 0.00133482168894, "max": 0.0198327545077, "var": 1.11441777335e-05, "mean": 0.00473194895312}, "zerocrossingrate": {"dmean2": 0.0308991968632, "median": 0.09619140625, "min": 0.00439453125, "dvar2": 0.00192398764193, "dvar": 0.00138909637462, "dmean": 0.0259990058839, "max": 0.845703125, "var": 0.0154591342434, "mean": 0.127238124609}, "silence_rate_60dB": {"dmean2": 0.0963259339333, "median": 0, "min": 0, "dvar2": 0.108000263572, "dvar": 0.0458403266966, "dmean": 0.0481594651937, "max": 1, "var": 0.134582012892, "mean": 0.160253152251}, "erbbands_kurtosis": {"dmean2": 2.403393507, "median": -0.334768116474, "min": -1.89330613613, "dvar2": 55.9549636841, "dvar": 27.2139091492, "dmean": 1.50925076008, "max": 270.850250244, "var": 42.482334137, "mean": 0.824980735779}, "erbbands": {"dmean2": [0.424335986376, 4.94384241104, 16.578868866, 13.3610744476, 6.40112829208, 4.9139251709, 5.30459260941, 4.7597899437, 4.95340442657, 5.16730690002, 7.46396923065, 18.7806949615, 39.1428260803, 25.7963352203, 10.8261528015, 12.8162021637, 12.6159925461, 17.4930820465, 15.9878978729, 13.722278595, 17.0333251953, 17.4081401825, 17.3805789948, 14.5130653381, 9.38578128815, 6.99557638168, 11.3110847473, 5.30855417252, 2.20680761337, 1.35801291466, 0.789527535439, 0.552334725857, 0.341925948858, 0.179540887475, 0.086182244122, 0.0377207659185, 0.0132327852771, 0.0030826991424, 0.00622557522729, 0.00176602264401], "median": [0.0512957498431, 0.396417886019, 0.863177418709, 1.23344933987, 1.71948075294, 1.88155388832, 2.66916632652, 2.60784673691, 2.16372942924, 2.38724255562, 3.16731762886, 4.07521390915, 4.45047235489, 9.3657245636, 4.90950965881, 4.17190885544, 4.74662923813, 4.46869039536, 7.8492307663, 6.79553699493, 6.91611814499, 9.9551076889, 10.787320137, 7.88515377045, 6.44150495529, 5.93863010406, 5.8032283783, 4.52295589447, 1.67835831642, 0.592042088509, 0.35606533289, 0.19351670146, 0.0982804968953, 0.0482618957758, 0.0206324122846, 0.00817228946835, 0.0027400678955, 0.00148157880176, 0.0131510598585, 0.00459344824776], "min": [2.20116325389e-22, 1.40844674998e-21, 3.28589622349e-21, 1.06001482976e-20, 1.58571783584e-20, 2.9233293093e-20, 2.74904881658e-20, 7.36131226942e-20, 1.77227517519e-19, 1.74374326017e-19, 1.8883684232e-19, 4.17460503417e-19, 4.86097805147e-19, 6.50092100151e-19, 9.32042815794e-19, 1.28979625937e-18, 1.64421937041e-18, 2.52533464044e-18, 3.67977499349e-18, 2.89955507867e-18, 4.3860040161e-18, 3.50614647419e-18, 5.46018654983e-18, 7.33456913248e-18, 7.45842867586e-18, 8.70935571825e-18, 1.07588396153e-17, 1.08608417382e-17, 8.76922456944e-18, 1.26005605578e-17, 1.21536547252e-17, 1.07656572379e-17, 1.05689363174e-17, 7.7646906433e-18, 5.66247108709e-18, 4.20028501138e-18, 2.288157557e-18, 9.90726420569e-19, 2.31335353015e-19, 2.69126637339e-20], "dvar2": [0.888525724411, 125.701126099, 1770.18127441, 1162.94482422, 205.310348511, 102.271156311, 85.204284668, 92.0792617798, 212.057220459, 261.636444092, 282.072265625, 3725.11889648, 32835.2929688, 5934.68652344, 755.317871094, 976.867004395, 954.391479492, 2611.26318359, 1126.0402832, 1008.23822021, 1021.53149414, 1089.00769043, 1347.24499512, 750.345581055, 424.144012451, 137.465148926, 511.477081299, 73.6870880127, 17.5253505707, 7.95115852356, 4.43456315994, 3.0219783783, 1.52560913563, 0.445575922728, 0.0789894461632, 0.011128176935, 0.00106167735066, 4.50005900348e-05, 0.00015026750043, 9.7935926533e-06], "dvar": [0.352495789528, 54.3053207397, 730.102600098, 468.022186279, 77.0481109619, 37.4579391479, 30.7100467682, 34.5578918457, 76.2484588623, 93.7277832031, 111.310447693, 1243.3770752, 11114.4003906, 2405.24169922, 271.808166504, 354.0390625, 349.164398193, 938.847900391, 430.965484619, 400.430877686, 371.316009521, 405.947174072, 511.403106689, 279.964599609, 155.21786499, 58.2350730896, 212.373565674, 32.6824951172, 7.22943592072, 3.38619112968, 1.85679578781, 1.14953005314, 0.567632377148, 0.16537694633, 0.0314112007618, 0.00478031719103, 0.000484053889522, 2.15159216168e-05, 5.19933637406e-05, 3.36125503964e-06], "dmean": [0.277630895376, 3.20193648338, 10.0312633514, 8.07405376434, 3.83098483086, 2.91889691353, 3.1926574707, 2.9715692997, 2.98741483688, 3.11897587776, 4.63349199295, 11.0791597366, 22.9249095917, 16.2561645508, 6.55198907852, 7.67076921463, 7.60889911652, 10.4511785507, 9.79151439667, 8.54754543304, 10.3517093658, 10.6988420486, 10.7776346207, 8.83308506012, 5.87412643433, 4.52881765366, 6.8370847702, 3.31015467644, 1.40635633469, 0.879279792309, 0.538359701633, 0.348019272089, 0.216656133533, 0.114464335144, 0.0561243221164, 0.0253312010318, 0.00900083594024, 0.00208897422999, 0.00363719370216, 0.0010282836156], "max": [7.89428853989, 77.3849182129, 244.189071655, 431.118255615, 136.44367981, 133.461776733, 117.261398315, 278.404632568, 311.940673828, 351.795135498, 359.467132568, 837.971130371, 2561.99633789, 1677.29956055, 669.978149414, 519.297302246, 398.680206299, 693.394836426, 541.661376953, 469.464874268, 473.782623291, 512.628173828, 901.278076172, 687.817993164, 680.870483398, 211.894668579, 162.221847534, 76.6128540039, 85.4808425903, 45.5945701599, 39.3515548706, 31.9962158203, 25.0743293762, 10.9347572327, 5.96544408798, 2.84282803535, 1.11118125916, 0.105134040117, 0.108528256416, 0.0277386885136], "var": [0.668975293636, 71.2732925415, 629.441894531, 447.464355469, 76.4468917847, 40.5057106018, 29.436044693, 43.9718704224, 92.9736862183, 111.684959412, 227.329696655, 2227.6171875, 16981.640625, 4993.33984375, 650.742492676, 828.999267578, 895.993835449, 2006.76208496, 1436.4128418, 1250.98657227, 1193.70544434, 1434.78674316, 1742.99182129, 750.278076172, 411.766265869, 166.971557617, 352.239715576, 74.673248291, 13.4926233292, 6.44105482101, 2.9066016674, 1.23264086246, 0.539004743099, 0.165399506688, 0.0397989675403, 0.00735268602148, 0.000842555426061, 3.73826005671e-05, 0.000181176728802, 1.04137779999e-05], "mean": [0.411278486252, 3.79190206528, 8.49474334717, 7.9086022377, 4.51711511612, 3.7714703083, 4.21713352203, 4.49510145187, 4.82682800293, 5.34171104431, 8.29720020294, 19.0913543701, 34.8632125854, 27.5800380707, 12.2507333755, 14.2233533859, 14.6084022522, 18.7787876129, 21.0072956085, 19.0937519073, 22.864074707, 24.8448448181, 25.1055145264, 20.0245761871, 13.8249263763, 9.82442092896, 11.8414373398, 7.02771806717, 2.83320474625, 1.60977327824, 0.990773797035, 0.554340839386, 0.315077751875, 0.170084044337, 0.0852558985353, 0.0378730297089, 0.0132851917297, 0.00361192715354, 0.0168829951435, 0.00489326193929]}, "spectral_strongpeak": {"dmean2": 1.22282361984, "median": 0.380521982908, "min": 0, "dvar2": 10.8617238998, "dvar": 3.90011835098, "dmean": 0.684725403786, "max": 25.5856552124, "var": 4.04110050201, "mean": 0.953635334969}, "spectral_energy": {"dmean2": 0.0288949087262, "median": 0.0151243191212, "min": 1.00090211212e-20, "dvar2": 0.00283858622424, "dvar": 0.00135507201776, "dmean": 0.0200169123709, "max": 0.403171569109, "var": 0.00241036922671, "mean": 0.034373767674}, "average_loudness": 0.846668720245, "spectral_rolloff": {"dmean2": 1986.14611816, "median": 1765.72265625, "min": 64.599609375, "dvar2": 26568678, "dvar": 10056181, "dmean": 1093.41723633, "max": 19401.4160156, "var": 24486182, "mean": 3076.93041992}, "spectral_centroid": {"dmean2": 483.693603516, "median": 1806.37805176, "min": 106.289489746, "dvar2": 272372.09375, "dvar": 135603.953125, "dmean": 319.568817139, "max": 11384.7255859, "var": 1095547.5, "mean": 1724.53601074}, "pitch_salience": {"dmean2": 0.175808906555, "median": 0.530209362507, "min": 0.04155382514, "dvar2": 0.032638695091, "dvar": 0.0129119483754, "dmean": 0.108875446022, "max": 0.853170752525, "var": 0.039022102952, "mean": 0.48262912035}, "spectral_energyband_middle_high": {"dmean2": 0.00165912520606, "median": 0.00206590560265, "min": 1.31301351311e-21, "dvar2": 1.11020081022e-05, "dvar": 4.94163350595e-06, "dmean": 0.00113224773668, "max": 0.0730414539576, "var": 4.26286751463e-05, "mean": 0.00422118417919}, "spectral_contr