{"tonal": {"thpcp": [1, 0.706843733788, 0.455311268568, 0.440329253674, 0.469367951155, 0.614925742149, 0.730071246624, 0.617729842663, 0.534597933292, 0.55872797966, 0.474957466125, 0.455792367458, 0.531455755234, 0.491725593805, 0.534717142582, 0.643498897552, 0.568520843983, 0.48393702507, 0.483379423618, 0.452143907547, 0.54283541441, 0.656777203083, 0.510876476765, 0.370495647192, 0.378094673157, 0.327972024679, 0.346626222134, 0.49508112669, 0.530405461788, 0.51805138588, 0.462364912033, 0.308518081903, 0.242711678147, 0.25344195962, 0.315808713436, 0.716117620468], "hpcp": {"dmean2": [0.282365232706, 0.269758194685, 0.246797278523, 0.254237949848, 0.241739019752, 0.218122407794, 0.211217880249, 0.202484175563, 0.23304502666, 0.239881917834, 0.230969011784, 0.237437099218, 0.245971098542, 0.231997981668, 0.239281564951, 0.252857148647, 0.236856341362, 0.184126600623, 0.161478996277, 0.143397629261, 0.149042293429, 0.176737636328, 0.192472666502, 0.22397300601, 0.174718290567, 0.123637013137, 0.109982095659, 0.115342661738, 0.154699862003, 0.248227655888, 0.295599937439, 0.273204088211, 0.218952894211, 0.203392341733, 0.238917604089, 0.265322655439], "median": [0.0222024209797, 0.0157274287194, 0.00941382162273, 0.00610274076462, 0.00472468975931, 0.00660125585273, 0.00697571504861, 0.00820560008287, 0.00911089964211, 0.0114849302918, 0.0115656843409, 0.00749689294025, 0.00618184590712, 0.00606024824083, 0.0122990496457, 0.0157501511276, 0.0123280640692, 0.00688766501844, 0.00444999523461, 0.00419948343188, 0.00777713395655, 0.0118360593915, 0.0155182238668, 0.0111993402243, 0.00812803488225, 0.00348078436218, 0.00322143780068, 0.0032747995574, 0.00775486975908, 0.0246637277305, 0.0389295779169, 0.027215320617, 0.00618067756295, 0.00494981510565, 0.00677560269833, 0.017438210547], "min": [0, 0, 0, 0, 0, 0, 0, 0, 0, 0, 0, 0, 0, 0, 0, 0, 0, 0, 0, 0, 0, 0, 0, 0, 0, 0, 0, 0, 0, 0, 0, 0, 0, 0, 0, 0], "dvar2": [0.156283915043, 0.154527038336, 0.145636260509, 0.163610383868, 0.158594042063, 0.137032300234, 0.126800522208, 0.11571200937, 0.144006729126, 0.142353281379, 0.13207142055, 0.145102977753, 0.159048587084, 0.144263595343, 0.133526653051, 0.151714190841, 0.132907912135, 0.107069768012, 0.0933396741748, 0.0803275257349, 0.084286339581, 0.102154359221, 0.0994922444224, 0.139829307795, 0.0970073789358, 0.0693309381604, 0.0600228235126, 0.0622058324516, 0.0834575220942, 0.124273024499, 0.161318287253, 0.15443636477, 0.129731550813, 0.118416152894, 0.144883230329, 0.148466691375], "dvar": [0.0604874640703, 0.0581383444369, 0.0551647432148, 0.0622478201985, 0.0575997531414, 0.0490747615695, 0.0475482456386, 0.0443053431809, 0.0517975762486, 0.054768551141, 0.050137963146, 0.05361854285, 0.0583079718053, 0.0520568266511, 0.0493375211954, 0.0585996210575, 0.0486928075552, 0.037983737886, 0.0350925847888, 0.0291008744389, 0.0292564332485, 0.0397910699248, 0.039770334959, 0.0493073239923, 0.0369380526245, 0.0261577647179, 0.0215389877558, 0.0223005395383, 0.0292881485075, 0.04698747769, 0.0660127773881, 0.0549199022353, 0.0462196581066, 0.0437489375472, 0.0526917688549, 0.0558268502355], "dmean": [0.159399464726, 0.150305688381, 0.136704519391, 0.139453545213, 0.131264090538, 0.118128396571, 0.116466701031, 0.112579286098, 0.13016179204, 0.134261697531, 0.129749774933, 0.130514070392, 0.134815722704, 0.12681132555, 0.132900744677, 0.13983720541, 0.130420655012, 0.100534744561, 0.0896425768733, 0.0794794932008, 0.0824301764369, 0.100052833557, 0.109505549073, 0.123521514237, 0.0972243100405, 0.0698503926396, 0.060291968286, 0.0629045218229, 0.0841137543321, 0.142357960343, 0.168747410178, 0.153641209006, 0.119996495545, 0.109810054302, 0.129563301802, 0.147569552064], "max": [1, 1, 1, 1, 1, 1, 1, 1, 1, 1, 1, 1, 1, 1, 1, 1, 1, 1, 1, 1, 1, 1, 1, 1, 1, 1, 1, 1, 1, 1, 1, 1, 1, 1, 1, 1], "var": [0.0807812213898, 0.0661957114935, 0.0598389729857, 0.0693365558982, 0.0556618869305, 0.0474737808108, 0.0615133568645, 0.0535522326827, 0.0571492165327, 0.0766913741827, 0.0608679689467, 0.0524861551821, 0.0557374507189, 0.0491182096303, 0.0551913008094, 0.0785193368793, 0.051186606288, 0.0347473695874, 0.0405413135886, 0.0335100218654, 0.0305095463991, 0.0550274550915, 0.0559226796031, 0.0564799495041, 0.0536363534629, 0.0332729257643, 0.0234897974879, 0.0251476280391, 0.0286098457873, 0.0696476474404, 0.118518874049, 0.0691690593958, 0.04887573421, 0.0500186532736, 0.0515943355858, 0.0639234781265], "mean": [0.17106808722, 0.144744589925, 0.12526537478, 0.130919456482, 0.111290596426, 0.106799885631, 0.124529108405, 0.115219652653, 0.125293299556, 0.150782719254, 0.133214086294, 0.113394662738, 0.113264001906, 0.105944991112, 0.127195551991, 0.153894051909, 0.119707033038, 0.0868134200573, 0.0885939970613, 0.0768494158983, 0.0812204107642, 0.116005912423, 0.124283000827, 0.121388226748, 0.108339950442, 0.0722910240293, 0.0568714663386, 0.0593857504427, 0.0739993453026, 0.167798519135, 0.234316974878, 0.165625482798, 0.106687158346, 0.103176616132, 0.109980881214, 0.144087538123]}, "tuning_equal_tempered_deviation": 0.0245934445411, "chords_changes_rate": 0.0850475877523, "key_key": "C", "tuning_diatonic_strength": 0.533238172531, "key_scale": "major", "chords_number_rate": 0.00260976352729, "tuning_frequency": 442.03793335, "tuning_nontempered_energy_ratio": 0.725510954857, "chords_histogram": [22.4286155701, 3.65366911888, 9.13417243958, 0.552655816078, 1.05925703049, 1.76542830467, 5.80288600922, 0.675468206406, 0.859686851501, 0.13816395402, 0.0153515506536, 0.0460546500981, 0.537304282188, 1.08996009827, 2.7325758934, 1.41234266758, 1.42769420147, 14.4611606598, 1.50445199013, 6.87749481201, 1.22812402248, 7.56831455231, 2.87073993683, 12.1584281921], "key_strength": 0.665169656277, "chords_key": "C", "chords_strength": {"dmean2": 0.0134293520823, "median": 0.431017756462, "min": 0.179137989879, "dvar2": 0.000147320984979, "dvar": 0.000104967955849, "dmean": 0.0125193595886, "max": 0.707580327988, "var": 0.0088420715183, "mean": 0.435977637768}, "chords_scale": "major", "hpcp_entropy": {"dmean2": 0.985894501209, "median": 1.89267957211, "min": 0, "dvar2": 0.633822143078, "dvar": 0.235961720347, "dmean": 0.582641065121, "max": 4.62396144867, "var": 0.584756851196, "mean": 1.94965469837}}, "metadata": {"audio_properties": {"equal_loudness": 0, "codec": "mp3", "downmix": "mix", "sample_rate": 44100, "analysis_sample_rate": 44100, "bit_rate": 320028, "md5_encoded": "c4e4717d7ce86152c8fa807fe60a8d02", "length": 302.419586182, "replay_gain": -8.09591293335, "lossless": false}, "version": {"essentia_build_sha": "2d9f1f26377add8aeb1075a9c2973f962c4f09fd", "essentia": "2.1-beta2", "extractor": "music 1.0", "essentia_git_sha": "v2.1_beta2-1-ge3940c0"}, "tags": {"title": ["This Can't Be Love"], "language": ["eng"], "albumartist": ["Ahmad Jamal"], "genre": ["Jazz"], "musicbrainz_releasegroupid": ["27e6f350-303e-446e-aa2e-b5b3aa2c20d9"], "musicbrainz album type": ["Album"], "musicbrainz_recordingid": ["176ccec5-ba8a-420e-9e40-f42f7eadc787"], "musicbrainz_artistid": ["cf816800-4e0e-4d80-9cca-50a725e93787"], "musicbrainz_albumartistid": ["cf816800-4e0e-4d80-9cca-50a725e93787"], "musicbrainz_albumid": ["ae408343-c9f3-41b6-a529-83c63fc429cb"], "artist": ["Ahmad Jamal"], "tracknumber": ["11/18"], "artistsort": ["Jamal, Ahmad"], "album": ["Complete Trio Argo Sessions 1956-62"], "albumartistsort": ["Jamal, Ahmad"], "discnumber": ["03/09"], "script": ["Latin"], "musicbrainz album status": ["Official"], "file_name": "11. This Can't Be Love_5-02.mp3"}}, "rhythm": {"bpm_histogram_first_peak_bpm": {"dmean2": 0, "median": 91, "min": 91, "dvar2": 0, "dvar": 0, "dmean": 0, "max": 91, "var": 0, "mean": 91}, "bpm": 90.9854812622, "bpm_histogram_second_peak_spread": {"dmean2": 0, "median": 0.17647062242, "min": 0.17647062242, "dvar2": 0, "dvar": 0, "dmean": 0, "max": 0.17647062242, "var": 0, "mean": 0.17647062242}, "bpm_histogram_first_peak_weight": {"dmean2": 0, "median": 0.658848643303, "min": 0.658848643303, "dvar2": 0, "dvar": 0, "dmean": 0, "max": 0.658848643303, "var": 0, "mean": 0.658848643303}, "onset_rate": 4.15289115906, "beats_position": [0.650158703327, 1.30031740665, 1.95047616959, 2.60063481331, 3.25079369545, 3.90095233917, 4.5627207756, 5.22448968887, 5.87464857101, 6.52480697632, 7.17496585846, 7.83673477173, 8.48689365387, 9.13705158234, 9.78721046448, 10.4257593155, 11.0875282288, 11.7376871109, 12.3994560242, 13.0612239838, 13.7462129593, 14.4079818726, 15.0697498322, 15.7315187454, 16.4048976898, 17.0782756805, 17.7516555786, 18.4366436005, 19.1100215912, 19.760181427, 20.4335594177, 21.0837192535, 21.733877182, 22.3724250793, 23.010974884, 23.6495227814, 24.3112926483, 24.9730606079, 25.6348285675, 26.2849884033, 26.9467563629, 27.6085262299, 28.2586841583, 28.9088420868, 29.5706119537, 30.2323799133, 30.8825397491, 31.5326976776, 32.171245575, 32.8214035034, 33.4599533081, 34.1101112366, 34.7602729797, 35.4104309082, 36.0489807129, 36.6875267029, 37.3376846313, 37.9878463745, 38.638004303, 39.2881622314, 39.9383201599, 40.6116981506, 41.2734680176, 41.9352378845, 42.6086158752, 43.2703857422, 43.9321517944, 44.5939216614, 45.2440795898, 45.9058494568, 46.5560073853, 47.2061653137, 47.8563270569, 48.5064849854, 49.1566429138, 49.8068008423, 50.4569587708, 51.1187286377, 51.7688865662, 52.4074363708, 53.0343742371, 53.6729240417, 54.3114738464, 54.9384117126, 55.5769615173, 56.2271194458, 56.854057312, 57.4809951782, 58.1195449829, 58.7580947876, 59.3966445923, 60.0468025208, 60.708568573, 61.3819503784, 62.0553283691, 62.7170982361, 63.3788642883, 64.0406341553, 64.6907958984, 65.3409500122, 66.0027160645, 66.6644897461, 67.3262557983, 67.98802948, 68.6381835938, 69.2883453369, 69.9268951416, 70.5770492554, 71.2155990601, 71.8657608032, 72.515914917, 73.1660766602, 73.8278427124, 74.4780044556, 75.1281585693, 75.7783203125, 76.4400863647, 77.0902481079, 77.7404098511, 78.3905639648, 79.040725708, 79.6908798218, 80.3410415649, 80.9912033081, 81.6529693604, 82.3147354126, 82.9765090942, 83.6382751465, 84.3000411987, 84.9618148804, 85.6119689941, 86.2621307373, 86.9122848511, 87.5740585327, 88.235824585, 88.8975982666, 89.5593643188, 90.2095184326, 90.8712921143, 91.5330581665, 92.1832199097, 92.8333740234, 93.4835357666, 94.1336975098, 94.7838516235, 95.4340133667, 96.0841674805, 96.7343292236, 97.3844909668, 98.0346450806, 98.6848068237, 99.346572876, 99.9967346191, 100.658500671, 101.320266724, 102.005256653, 102.701858521, 103.398452759, 104.083442688, 104.780044556, 105.488250732, 106.161628723, 106.835006714, 107.508384705, 108.181770325, 108.855148315, 109.528526306, 110.201904297, 110.875282288, 111.525436401, 112.187210083, 112.848976135, 113.510749817, 114.172515869, 114.822669983, 115.484443665, 116.146209717, 116.79637146, 117.458137512, 118.119903564, 118.781677246, 119.443443298, 120.116821289, 120.79019928, 121.463577271, 122.136962891, 122.810340881, 123.483718872, 124.145484924, 124.807250977, 125.469024658, 126.13079071, 126.780952454, 127.442718506, 128.104492188, 128.76625061, 129.43963623, 130.101409912, 130.751556396, 131.413330078, 132.07510376, 132.725265503, 133.375411987, 134.037185669, 134.698959351, 135.372329712, 136.045715332, 136.719085693, 137.392471313, 138.065841675, 138.739227295, 139.401000977, 140.062759399, 140.73614502, 141.386306763, 142.048065186, 142.709838867, 143.383224487, 144.04498291, 144.706756592, 145.368530273, 146.030288696, 146.680450439, 147.330612183, 147.992385864, 148.654144287, 149.315917969, 149.97769165, 150.627838135, 151.277999878, 151.928161621, 152.589935303, 153.251693726, 153.925079346, 154.586837769, 155.260223389, 155.92199707, 156.583755493, 157.245529175, 157.907302856, 158.569061279, 159.219223022, 159.880996704, 160.542770386, 161.19291687, 161.854690552, 162.528076172, 163.189834595, 163.863220215, 164.536590576, 165.209976196, 165.871749878, 166.533508301, 167.183670044, 167.857055664, 168.530426025, 169.180587769, 169.830749512, 170.492507935, 171.154281616, 171.804443359, 172.454605103, 173.104751587, 173.75491333, 174.416687012, 175.078460693, 175.740219116, 176.401992798, 177.052154541, 177.713912964, 178.375686646, 179.037460327, 179.69921875, 180.360992432, 181.022766113, 181.696136475, 182.369522095, 183.042892456, 183.716278076, 184.366439819, 185.028198242, 185.689971924, 186.340133667, 186.99029541, 187.640457153, 188.290603638, 188.940765381, 189.614151001, 190.287521362, 190.960906982, 191.622665405, 192.296051025, 192.969436646, 193.631195068, 194.29296875, 194.954742432, 195.628112793, 196.301498413, 196.974868774, 197.636642456, 198.298416138, 198.971786499, 199.633560181, 200.295318604, 200.957092285, 201.618865967, 202.26902771, 202.930786133, 203.592559814, 204.242721558, 204.881271362, 205.531417847, 206.193191528, 206.843353271, 207.493515015, 208.155273438, 208.817047119, 209.467208862, 210.117370605, 210.76751709, 211.44090271, 212.102676392, 212.764434814, 213.426208496, 214.087982178, 214.761352539, 215.434738159, 216.096496582, 216.758270264, 217.431655884, 218.093414307, 218.755187988, 219.41696167, 220.078720093, 220.728881836, 221.390655518, 222.052429199, 222.702575684, 223.364349365, 224.026123047, 224.699493408, 225.36126709, 226.023040771, 226.684799194, 227.346572876, 227.996734619, 228.646896362, 229.308654785, 229.970428467, 230.632202148, 231.293960571, 231.944122314, 232.594284058, 233.267654419, 233.929428101, 234.591201782, 235.252960205, 235.914733887, 236.576507568, 237.238265991, 237.900039673, 238.561813354, 239.211975098, 239.873733521, 240.535507202, 241.208877563, 241.870651245, 242.532424927, 243.19418335, 243.855957031, 244.517730713, 245.179489136, 245.829650879, 246.491424561, 247.153198242, 247.814956665, 248.476730347, 249.138504028, 249.800262451, 250.450424194, 251.112197876, 251.773956299, 252.43572998, 253.097503662, 253.759277344, 254.421035767, 255.082809448, 255.74458313, 256.394744873, 257.044891357, 257.695037842, 258.345214844, 258.995361328, 259.65713501, 260.318908691, 260.992279053, 261.665649414, 262.339050293, 263.000823975, 263.674194336, 264.347564697, 265.032562256, 265.705932617, 266.379302979, 267.04107666, 267.702850342, 268.364624023, 269.049621582, 269.722991943, 270.419586182, 271.092956543, 271.766357422, 272.451324463, 273.147918701, 273.74005127, 274.308929443, 274.85458374, 275.423492432, 275.992370605, 276.53805542, 277.083709717, 277.617767334, 278.105377197, 278.604614258, 279.103851318, 279.614685059, 280.125518799, 280.636352539, 281.112365723, 281.588378906, 282.06439209, 282.48236084, 282.900299072, 283.318267822, 283.736236572, 284.165802002, 284.606964111, 285.024932861, 285.431274414, 285.837646484, 286.255584717, 286.673553467, 287.091522217, 287.509460449, 287.927429199, 288.345397949, 288.763336182, 289.181304932, 289.599273682, 290.052062988, 290.504852295, 290.969238281, 291.480072021, 291.990936279, 292.50177002, 293.082275391, 293.674377441, 294.254882813, 294.846984863, 295.427490234, 296.066040039, 296.704589844, 297.343109131, 297.993286133, 298.631835938, 299.258758545, 299.89730835, 300.535858154, 301.174407959, 301.801361084], "beats_loudness": {"dmean2": 0.114634722471, "median": 0.0424333587289, "min": 4.73215600039e-08, "dvar2": 0.0117824850604, "dvar": 0.00389889185317, "dmean": 0.0622290857136, "max": 0.286608427763, "var": 0.00392206013203, "mean": 0.0644047632813}, "danceability": 1.3113822937, "bpm_histogram_second_peak_weight": {"dmean2": 0, "median": 0.0298507455736, "min": 0.0298507455736, "dvar2": 0, "dvar": 0, "dmean": 0, "max": 0.0298507455736, "var": 0, "mean": 0.0298507455736}, "beats_count": 470, "bpm_histogram_second_peak_bpm": {"dmean2": 0, "median": 144, "min": 144, "dvar2": 0, "dvar": 0, "dmean": 0, "max": 144, "var": 0, "mean": 144}, "bpm_histogram_first_peak_spread": {"dmean2": 0, "median": 0.248175159097, "min": 0.248175159097, "dvar2": 0, "dvar": 0, "dmean": 0, "max": 0.248175159097, "var": 0, "mean": 0.248175159097}, "beats_loudness_band_ratio": {"dmean2": [0.318705260754, 0.230923429132, 0.141294375062, 0.0909196063876, 0.0375515073538, 0.00419933767989], "median": [0.84967648983, 0.105437852442, 0.0254609137774, 0.00683563947678, 0.00165453180671, 0.00036226818338], "min": [0.00657061766833, 0.00300647947006, 0.00038589866017, 5.31364421477e-05, 1.49707202581e-05, 1.05223016362e-05], "dvar2": [0.09847792238, 0.0495312176645, 0.0448289886117, 0.0352293662727, 0.00832389201969, 0.000122872923384], "dvar": [0.0366343855858, 0.0172515846789, 0.0164541825652, 0.0126886675134, 0.00300122029148, 4.38498864241e-05], "dmean": [0.182567894459, 0.132511749864, 0.0805568471551, 0.050145290792, 0.0214291326702, 0.00242419657297], "max": [0.99493086338, 0.878493607044, 0.946311414242, 0.987235188484, 0.495802044868, 0.0600330978632], "var": [0.0819112583995, 0.0263446420431, 0.0172012615949, 0.0147432116792, 0.00714392634109, 6.76117415424e-05], "mean": [0.729729712009, 0.162075161934, 0.0800005346537, 0.0518794842064, 0.0288928616792, 0.00290059135295]}}, "lowlevel": {"barkbands_spread": {"dmean2": 4.1355547905, "median": 3.78844738007, "min": 0.115074127913, "dvar2": 46.924156189, "dvar": 20.9636592865, "dmean": 2.57827281952, "max": 151.222671509, "var": 64.8753204346, "mean": 6.26003599167}, "melbands_spread": {"dmean2": 4.73960971832, "median": 3.26493644714, "min": 0.234781831503, "dvar2": 86.0983505249, "dvar": 42.1472320557, "dmean": 2.9806702137, "max": 131.952972412, "var": 134.067276001, "mean": 7.39625740051}, "hfc": {"dmean2": 4.97891616821, "median": 3.36554527283, "min": 1.19484333659e-16, "dvar2": 122.068725586, "dvar": 52.674823761, "dmean": 3.38370418549, "max": 226.642059326, "var": 110.145744324, "mean": 6.97246789932}, "barkbands_kurtosis": {"dmean2": 27.6010112762, "median": 13.3574485779, "min": -1.93669688702, "dvar2": 2491.18066406, "dvar": 1047.47851563, "dmean": 17.3947429657, "max": 738.91986084, "var": 2377.4987793, "mean": 29.015668869}, "gfcc": {"mean": [-141.37562561, 151.496887207, -55.1289100647, 4.71807050705, -17.9260196686, -2.31317615509, -25.340927124, -2.16611599922, -17.7401542664, -0.582858920097, -17.1034202576, -3.60538077354, -11.9187726974], "icov": [[0.000174247616087, -0.000142229924677, 8.04190567578e-05, 7.20542084309e-06, -0.000124746322399, 0.000271239579888, -0.000372475507902, 0.000138357820106, 0.000217643450014, -0.000517504522577, 0.000927849672735, -0.000662112026475, 0.000483765412355], [-0.000142229924677, 0.00142086076085, -0.000503755582031, 0.000991573906504, -0.000926779059228, 0.00120091380086, -0.0012005782919, 0.00117628625594, -0.0018266516272, 0.0021418784745, -0.00279535655864, 0.00217393250205, -0.00151028053369], [8.04190567578e-05, -0.000503755582031, 0.00134923309088, -0.00171813950874, 0.0016624404816, -0.00217519444413, 0.00104608677793, -0.000686781888362, -0.000228664372116, 0.00085797481006, -0.000636364915408, 0.000751042040065, 0.000348967849277], [7.20542084309e-06, 0.000991573906504, -0.00171813950874, 0.00491345860064, -0.00457221269608, 0.00467291474342, -0.00371001078747, 0.00227287318558, 0.000914039148483, -0.00315579306334, 0.00347172445618, -0.00240567373112, 0.00058133713901], [-0.000124746322399, -0.000926779059228, 0.0016624404816, -0.00457221269608, 0.00971327908337, -0.00882366672158, 0.00657123606652, -0.00106045196299, -0.00574947707355, 0.00852976739407, -0.0077509470284, 0.00395340658724, -0.000958111835644], [0.000271239579888, 0.00120091380086, -0.00217519444413, 0.00467291474342, -0.00882366672158, 0.0169883333147, -0.0123880254105, 0.0062193069607, 0.00279324315488, -0.00949943251908, 0.00893694162369, -0.00623190635815, 0.00159980671015], [-0.000372475507902, -0.0012005782919, 0.00104608677793, -0.00371001078747, 0.00657123606652, -0.0123880254105, 0.0202809479088, -0.0133444480598, 0.00375091680326, 0.00667434092611, -0.0119786923751, 0.00991621706635, -0.00441391393542], [0.000138357820106, 0.00117628625594, -0.000686781888362, 0.00227287318558, -0.00106045196299, 0.0062193069607, -0.0133444480598, 0.0230624862015, -0.0144772864878, 0.0045113870874, 0.00370434462093, -0.00727757019922, 0.00355369271711], [0.000217643450014, -0.0018266516272, -0.000228664372116, 0.000914039148483, -0.00574947707355, 0.00279324315488, 0.00375091680326, -0.0144772864878, 0.0273843966424, -0.0171577371657, 0.0100113488734, -0.000795141793787, -0.00279711512849], [-0.000517504522577, 0.0021418784745, 0.00085797481006, -0.00315579306334, 0.00852976739407, -0.00949943251908, 0.00667434092611, 0.0045113870874, -0.0171577371657, 0.0313687995076, -0.0236068945378, 0.0139866424724, -0.00506509467959], [0.000927849672735, -0.00279535655864, -0.000636364915408, 0.00347172445618, -0.0077509470284, 0.00893694162369, -0.0119786923751, 0.00370434462093, 0.0100113488734, -0.0236068945378, 0.0381962023675, -0.0237939879298, 0.0124526405707], [-0.000662112026475, 0.00217393250205, 0.000751042040065, -0.00240567373112, 0.00395340658724, -0.00623190635815, 0.00991621706635, -0.00727757019922, -0.000795141793787, 0.0139866424724, -0.0237939879298, 0.0297204870731, -0.0136816473678], [0.000483765412355, -0.00151028053369, 0.000348967849277, 0.00058133713901, -0.000958111835644, 0.00159980671015, -0.00441391393542, 0.00355369271711, -0.00279711512849, -0.00506509467959, 0.0124526405707, -0.0136816473678, 0.0196934938431]], "cov": [[7397.00341797, 551.817810059, -710.778137207, -179.044662476, -34.8902778625, -164.039077759, 47.2594566345, 28.5583076477, -13.3447771072, -70.8360977173, -107.274475098, 15.216463089, -46.1501960754], [551.817810059, 1656.06567383, 165.653793335, -200.249923706, 147.844573975, -14.8838863373, 135.922409058, 54.6456871033, 90.7975234985, -62.5885009766, 80.9439620972, -66.7377243042, 44.679901123], [-710.778137207, 165.653793335, 1628.33300781, 481.385864258, 33.9978637695, 162.625610352, 101.116096497, -11.0972747803, -10.3736419678, 19.1716079712, 3.54852986336, -62.9477272034, -42.3093490601], [-179.044662476, -200.249923706, 481.385864258, 572.688842773, 176.578216553, 33.0864830017, -11.3043909073, -35.6130065918, 0.846915364265, 11.9156742096, -15.0765523911, -1.02174389362, -14.590297699], [-34.8902778625, 147.844573975, 33.9978637695, 176.578216553, 341.470275879, 88.603477478, -20.7474060059, -13.4604110718, 48.3197555542, -13.9448804855, 18.9364261627, 5.71261167526, 8.84547138214], [-164.039077759, -14.8838863373, 162.625610352, 33.0864830017, 88.603477478, 183.774917603, 73.7401123047, -12.693608284, -6.79421281815, 26.0822486877, 17.9848804474, -3.35365962982, -0.729505896568], [47.2594566345, 135.922409058, 101.116096497, -11.3043909073, -20.7474060059, 73.7401123047, 170.310012817, 64.526802063, -7.27963542938, -8.81420993805, 28.3468494415, -8.38271522522, 0.283932477236], [28.5583076477, 54.6456871033, -11.0972747803, -35.6130065918, -13.4604110718, -12.693608284, 64.526802063, 122.525192261, 51.5378456116, -17.8959522247, -5.96145439148, 12.4770011902, 12.6211481094], [-13.3447771072, 90.7975234985, -10.3736419678, 0.846915364265, 48.3197555542, -6.79421281815, -7.27963542938, 51.5378456116, 107.436668396, 30.7132530212, -12.1826944351, -10.0025262833, 23.3341503143], [-70.8360977173, -62.5885009766, 19.1716079712, 11.9156742096, -13.9448804855, 26.0822486877, -8.81420993805, -17.8959522247, 30.7132530212, 98.0661315918, 33.4284973145, -11.3974590302, -4.76591396332], [-107.274475098, 80.9439620972, 3.54852986336, -15.0765523911, 18.9364261627, 17.9848804474, 28.3468494415, -5.96145439148, -12.1826944351, 33.4284973145, 94.9304504395, 34.7015380859, -12.9368534088], [15.216463089, -66.7377243042, -62.9477272034, -1.02174389362, 5.71261167526, -3.35365962982, -8.38271522522, 12.4770011902, -10.0025262833, -11.3974590302, 34.7015380859, 90.9883041382, 28.9914016724], [-46.1501960754, 44.679901123, -42.3093490601, -14.590297699, 8.84547138214, -0.729505896568, 0.283932477236, 12.6211481094, 23.3341503143, -4.76591396332, -12.9368534088, 28.9914016724, 85.2043685913]]}, "spectral_energyband_middle_low": {"dmean2": 0.0105293653905, "median": 0.00366899627261, "min": 1.96110038488e-22, "dvar2": 0.00091918167891, "dvar": 0.000341690058121, "dmean": 0.00652842083946, "max": 0.339421093464, "var": 0.000433092936873, "mean": 0.0103790434077}, "melbands_crest": {"dmean2": 5.5385184288, "median": 18.1312580109, "min": 2.11274266243, "dvar2": 23.8924751282, "dvar": 9.62661743164, "dmean": 3.41469836235, "max": 34.729473114, "var": 41.1321105957, "mean": 18.1755924225}, "spectral_kurtosis": {"dmean2": 13.8226079941, "median": 22.8573570251, "min": -1.1988427639, "dvar2": 226.080703735, "dvar": 94.1915054321, "dmean": 8.7060213089, "max": 156.009155273, "var": 331.400848389, "mean": 27.4336128235}, "spectral_rms": {"dmean2": 0.00190345500596, "median": 0.00401316583157, "min": 3.23919710499e-12, "dvar2": 7.09823825673e-06, "dvar": 3.35951017405e-06, "dmean": 0.00132181239314, "max": 0.0250105950981, "var": 1.14927488539e-05, "mean": 0.00472074886784}, "zerocrossingrate": {"dmean2": 0.00653717247769, "median": 0.0146484375, "min": 0.001953125, "dvar2": 9.48851084104e-05, "dvar": 6.23194937361e-05, "dmean": 0.00511801242828, "max": 0.50146484375, "var": 0.000563367269933, "mean": 0.0218715593219}, "silence_rate_60dB": {"dmean2": 0.127149879932, "median": 0, "min": 0, "dvar2": 0.133381083608, "dvar": 0.0595197677612, "dmean": 0.0635700598359, "max": 1, "var": 0.146667852998, "mean": 0.178565949202}, "erbbands_kurtosis": {"dmean2": 5.57136964798, "median": 1.93715524673, "min": -1.95942914486, "dvar2": 88.1901702881, "dvar": 38.5534324646, "dmean": 3.53128623962, "max": 148.608291626, "var": 97.6303482056, "mean": 5.25209856033}, "erbbands": {"dmean2": [0.220289990306, 2.97108602524, 13.419801712, 19.949552536, 19.6445484161, 14.2187719345, 7.88588953018, 9.9094543457, 10.3405427933, 7.09796714783, 8.33568286896, 10.546339035, 7.99789810181, 5.14898633957, 4.79028558731, 15.9110269547, 6.0094127655, 5.89695882797, 2.83039522171, 7.70256662369, 3.92533445358, 4.20791101456, 2.2127828598, 0.59978723526, 0.312318176031, 0.21136726439, 0.166120558977, 0.147558584809, 0.0975209847093, 0.0825034305453, 0.0498569868505, 0.0390268936753, 0.0351544879377, 0.0301806926727, 0.0301682800055, 0.0267918519676, 0.021170951426, 0.0110052973032, 0.0028118675109, 0.000228446646361], "median": [0.048997707665, 0.870895981789, 3.65010476112, 3.62632036209, 3.45904374123, 3.63017058372, 2.10258698463, 2.28829240799, 1.92356348038, 1.19042301178, 1.06994533539, 1.01459717751, 0.91506165266, 0.683060526848, 0.489905655384, 0.621016383171, 0.673857569695, 0.515531659126, 0.350420475006, 0.283290266991, 0.245489403605, 0.172508716583, 0.100570738316, 0.0543909929693, 0.0427715815604, 0.0309722498059, 0.0200149640441, 0.0134922908619, 0.0080731920898, 0.00461046583951, 0.00293768523261, 0.00206963671371, 0.00164312543347, 0.00127906224225, 0.00101616792381, 0.000755195273086, 0.000477631692775, 0.000206992670428, 6.66869382258e-05, 3.05574285449e-05], "min": [3.08058286668e-22, 8.16915929211e-22, 1.66444279174e-21, 1.72500337838e-21, 2.6166372338e-20, 1.05418921643e-19, 1.02280753495e-19, 1.04198313251e-19, 1.4517415246e-19, 4.13598810727e-19, 3.56620283689e-19, 7.94051408635e-19, 9.81472027273e-19, 2.48741978309e-18, 3.33843829333e-18, 1.83531194719e-18, 1.99615184062e-18, 5.2789305981e-18, 5.84067432876e-18, 1.08759932054e-17, 7.91880679912e-18, 1.10340905815e-17, 7.41968684469e-18, 7.98832553934e-18, 8.31814312908e-18, 1.15082296815e-17, 1.31577295661e-17, 1.58481452618e-17, 1.87175008035e-17, 2.29680494448e-17, 1.35432883758e-17, 1.64160957422e-17, 1.95232524751e-17, 1.34882527409e-17, 7.52724017666e-18, 5.91964360748e-18, 3.26353626169e-18, 1.3008413953e-18, 3.48716340292e-19, 3.44999940584e-20], "dvar2": [0.224820479751, 34.6817855835, 908.014526367, 4593.24169922, 3029.46533203, 1064.20532227, 634.975097656, 668.713806152, 970.418640137, 464.122589111, 1186.90197754, 2964.45922852, 1160.71057129, 853.245239258, 893.169128418, 44091.8046875, 1212.32397461, 2265.48242188, 249.040313721, 4044.38696289, 490.335296631, 321.239532471, 192.694320679, 6.62312316895, 1.19766068459, 0.489116996527, 0.332831919193, 0.360647141933, 0.146946668625, 0.0902635157108, 0.03899711743, 0.0265336595476, 0.0173051897436, 0.0132244164124, 0.0147700579837, 0.0136813195422, 0.0109867081046, 0.00299467681907, 0.000239083296037, 1.3061583104e-06], "dvar": [0.093429364264, 15.0017213821, 367.030487061, 1557.4230957, 1181.04919434, 511.42388916, 213.712432861, 273.980957031, 463.693115234, 199.983016968, 594.413146973, 1980.9342041, 591.819152832, 442.448486328, 426.938415527, 18791.65625, 607.305236816, 945.362304688, 99.8136825562, 1904.0345459, 220.908035278, 138.659744263, 92.4877624512, 2.73526453972, 0.534033834934, 0.216672435403, 0.142276704311, 0.146882876754, 0.0575721077621, 0.0340192206204, 0.0143025368452, 0.00951625406742, 0.00623648893088, 0.00475757336244, 0.00518409674987, 0.00473794573918, 0.00376686453819, 0.00102663610596, 8.1584083091e-05, 4.46768694928e-07], "dmean": [0.135422751307, 1.87698447704, 8.73646736145, 11.6078176498, 11.7884311676, 8.95409584045, 4.56696224213, 6.20923900604, 6.94736766815, 4.60868501663, 5.77476930618, 8.04757595062, 5.61509370804, 3.69878578186, 3.15115642548, 10.7679662704, 4.25654315948, 3.95861077309, 1.82224738598, 5.43047523499, 2.63520503044, 2.69117641449, 1.47370827198, 0.385616064072, 0.207194343209, 0.139316380024, 0.108175806701, 0.0944365635514, 0.0602426193655, 0.0498490594327, 0.0296281185001, 0.0226342473179, 0.0204942598939, 0.0175071656704, 0.0171415358782, 0.0149616030976, 0.0116410255432, 0.00599429244176, 0.0015217444161, 0.000129254622152], "max": [4.33905220032, 55.4375648499, 342.3800354, 704.132141113, 633.946472168, 525.94720459, 305.476287842, 443.111602783, 697.465637207, 359.708862305, 1158.43933105, 3671.15649414, 974.889465332, 1559.39953613, 1326.08129883, 8705.29394531, 989.33807373, 2137.70336914, 487.310821533, 1956.98962402, 681.393005371, 202.88633728, 258.435333252, 43.7920379639, 33.1774559021, 12.5398807526, 11.1406431198, 15.7033920288, 11.0247116089, 4.33150911331, 3.78447151184, 2.65562081337, 1.96102392673, 1.82679402828, 2.2520210743, 1.91432702541, 1.99480187893, 1.16836845875, 0.303617656231, 0.0209335647523], "var": [0.121074870229, 25.5482139587, 641.30267334, 1252.41882324, 1163.98522949, 787.471130371, 219.429992676, 737.572875977, 1721.12084961, 514.846435547, 1707.49438477, 8215.2734375, 1984.50976563, 1330.77197266, 869.745422363, 22005.6503906, 1004.97229004, 1226.94580078, 107.277664185, 2282.20092773, 265.534515381, 155.813323975, 109.733802795, 3.08159637451, 0.787462413311, 0.31038710475, 0.173320919275, 0.149152517319, 0.0518491715193, 0.0268237888813, 0.010306709446, 0.00664937356487, 0.00436632568017, 0.00319783110172, 0.00343023566529, 0.00300777307712, 0.00225191563368, 0.000652200775221, 4.9824542657e-05, 2.88599807163e-07], "mean": [0.172775879502, 2.94530677795, 13.3140220642, 13.3043575287, 13.0859222412, 12.602686882, 6.55546379089, 10.8806438446, 13.7018136978, 8.94027233124, 11.5537338257, 17.6794757843, 12.1045513153, 8.18252182007, 4.97308254242, 13.2993888855, 6.4801940918, 5.62122583389, 2.53985714912, 6.26623439789, 3.20363759995, 3.04760789871, 1.69923388958, 0.479296892881, 0.288269966841, 0.191394627094, 0.136620149016, 0.106736458838, 0.0632601901889, 0.0456458590925, 0.0266448929906, 0.0201484970748, 0.0179553069174, 0.0146847181022, 0.0141088785604, 0.0119549259543, 0.00883724633604, 0.00456148991361, 0.00116744975094, 0.000128708546981]}, "spectral_strongpeak": {"dmean2": 0.519182085991, "median": 0.4093734622, "min": 0, "dvar2": 1.22135555744, "dvar": 0.531077206135, "dmean": 0.327924370766, "max": 19.5945224762, "var": 0.790837645531, "mean": 0.627852857113}, "spectral_energy": {"dmean2": 0.0275722425431, "median": 0.0165081396699, "min": 1.07547082876e-20, "dvar2": 0.0037228288129, "dvar": 0.00153048697393, "dmean": 0.0183195210993, "max": 0.641168117523, "var": 0.00262922374532, "mean": 0.0346226766706}, "average_loudness": 0.614711105824, "spectral_rolloff": {"dmean2": 244.930328369, "median": 236.865234375, "min": 64.599609375, "dvar2": 390856.5, "dvar": 170649.40625, "dmean": 138.722900391, "max": 18863.0859375, "var": 666878.4375, "mean": 476.123260498}, "spectral_centroid": {"dmean2": 171.592987061, "median": 312.444824219, "min": 90.6839065552, "dvar2": 87911.921875, "dvar": 49698.140625, "dmean": 110.377609253, "max": 11163.8564453, "var": 203679.203125, "mean": 458.805999756}, "pitch_salience": {"dmean2": 0.154092788696, "median": 0.459832549095, "min": 0.0559136159718, "dvar2": 0.0182169489563, "dvar": 0.00714784953743, "dmean": 0.0950034111738, "max": 0.922682642937, "var": 0.0270501468331, "mean": 0.460785418749}, "spectral_energyband_middle_high": {"dmean2": 0.00095230655279, "median": 0.000196184351807, "min": 1.32620468108e-21, "dvar2": 2.42276764766e-05, "dvar": 1.08191534309e-05, "dmean": 0.000679575197864, "max": 0.176568582654, "var": 1.62607448146e-05, "mean": 0.00113877351396}, "spectral_contrast_coeffs": {"dmean2": [0.0937327519059, 0.0712932571769, 0.0543036833405, 0.0438477061689, 0.0311994496733, 0.0234249904752], "median": [-0.636200785637, -0.757792294025, -0.800780534744, -0.824514508247, -0.851713895798, -0.83103787899], "min": [-0.955886423588, -0.976897418499, -0.981981217861, -0.987730979919, -0.963093161583, -0.960708498955], "dvar2": [0.00583047326654, 0.00318896304816, 0.00204047444277, 0.0013838383602, 0.000918890233152, 0.000447063794127], "dvar": [0.00225140852854, 0.00124577363022, 0.000921842583921, 0.000682497571688, 0.000449857267085, 0.000210142563446], "dmean": [0.0568065829575, 0.0438361726701, 0.0345732569695, 0.0282561518252, 0.0200313795358, 0.0156433619559], "max": [-0.25956466794, -0.38362044096, -0.459496706724, -0.456543207169, -0.558756709099, -0.68536311388], "var": [0.007868074812, 0.00493908859789, 0.0066805370152, 0.00458364095539, 0.00271278480068, 0.00104463472962], "mean": [-0.631788015366, -0.753322482109, -0.784749925137, -0.808116614819, -0.836104691029, -0.826137006283]}, "melbands_skewness": {"dmean2": 1.63642942905, "median": 3.01391124725, "min": -6.64370250702, "dvar2": 2.79780125618, "dvar": 1.22628796101, "dmean": 1.04002177715, "max": 14.8896198273, "var": 4.62225294113, "mean": 3.25664114952}, "spectral_spread": {"dmean2": 1104444.25, "median": 2431349.5, "min": 621313.75, "dvar2": 1991913897980.0, "dvar": 957607247872, "dmean": 710836.6875, "max": 40334100, "var": 2325963079680.0, "mean": 2801984.75}, "dissonance": {"dmean2": 0.0562636181712, "median": 0.435335993767, "min": 0.123778194189, "dvar2": 0.00293282116763, "dvar": 0.00107800215483, "dmean": 0.0335182920098, "max": 0.500000119209, "var": 0.00258216029033, "mean": 0.425323665142}, "spectral_skewness": {"dmean2": 0.989467561245, "median": 3.77243590355, "min": -0.0309071131051, "dvar2": 0.867816150188, "dvar": 0.374029815197, "dmean": 0.631916582584, "max": 10.2226448059, "var": 1.7609307766, "mean": 3.91548299789}, "spectral_flux": {"dmean2": 0.0582958720624, "median": 0.055103238672, "min": 1.04311170812e-10, "dvar2": 0.0065817059949, "dvar": 0.00290937023237, "dmean": 0.0361572504044, "max": 0.721476018429, "var": 0.00560556538403, "mean": 0.0784925445914}, "spectral_contrast_valleys": {"dmean2": [0.739811718464, 0.612825274467, 0.605131089687, 0.551251113415, 0.470182180405, 0.512155234814], "median": [-7.08624172211, -7.50057601929, -8.59595108032, -9.21475791931, -9.78846740723, -12.6354942322], "min": [-27.9493122101, -27.058473587, -27.5087394714, -27.3225898743, -27.2588291168, -27.3363189697], "dvar2": [0.370836079121, 0.304472982883, 0.319938927889, 0.286174088717, 0.247190266848, 0.441968530416], "dvar": [0.182408034801, 0.14469486475, 0.16057510674, 0.146795421839, 0.140975028276, 0.233799770474], "dmean": [0.463869035244, 0.385291516781, 0.389393180609, 0.362578690052, 0.337863057852, 0.369071573019], "max": [-4.65803432465, -4.19117021561, -5.32628250122, -6.02413797379, -6.78502511978, -9.0884847641], "var": [1.35739636421, 1.08524119854, 1.05808222294, 0.999222993851, 0.863653898239, 0.673431098461], "mean": [-7.27556943893, -7.42703819275, -8.57009887695, -9.15227508545, -9.66594314575, -12.356420517]}, "erbbands_flatness_db": {"dmean2": 0.0436416640878, "median": 0.226262360811, "min": 0.0333531014621, "dvar2": 0.00199726643041, "dvar": 0.000973653979599, "dmean": 0.0296839810908, "max": 0.490481883287, "var": 0.00367686222307, "mean": 0.223179116845}, "spectral_energyband_high": {"dmean2": 4.04518868891e-05, "median": 2.14658325604e-06, "min": 7.92918936984e-21, "dvar2": 2.98510371977e-08, "dvar": 1.0674183315e-08, "dmean": 2.35308652918e-05, "max": 0.00257582869381, "var": 7.83656073367e-09, "mean": 2.18983223021e-05}, "spectral_entropy": {"dmean2": 0.454723387957, "median": 6.15922737122, "min": 4.18630933762, "dvar2": 0.210951641202, "dvar": 0.0934604555368, "dmean": 0.297335267067, "max": 9.79997634888, "var": 0.492838650942, "mean": 6.21294307709}, "silence_rate_20dB": {"dmean2": 0.00522113032639, "median": 1, "min": 0, "dvar2": 0.0073439637199, "dvar": 0.00260377139784, "dmean": 0.00261036469601, "max": 1, "var": 0.00153289840091, "mean": 0.998464584351}, "melbands_flatness_db": {"dmean2": 0.0606552064419, "median": 0.419558346272, "min": 0.0115201799199, "dvar2": 0.00313760899007, "dvar": 0.00149051425979, "dmean": 0.0402698069811, "max": 0.710079371929, "var": 0.0126789361238, "mean": 0.415645718575}, "barkbands": {"dmean2": [6.59962825011e-05, 0.0112904775888, 0.0141227478161, 0.00609350483865, 0.00470310635865, 0.00110748049337, 0.000577637576498, 0.000367546075722, 0.000434630492236, 0.000245949457167, 9.82821438811e-05, 0.000342836865457, 0.000112450979941, 0.000102909594716, 8.4233666712e-05, 0.000102707388578, 8.93625838216e-05, 2.9624599847e-05, 8.49316165841e-06, 4.68151847599e-06, 3.85466273656e-06, 2.77735261989e-06, 1.92742163563e-06, 1.98423163056e-06, 3.47230275111e-06, 1.03298543763e-05, 1.70844487002e-05], "median": [1.23375029943e-05, 0.00301470793784, 0.00282101123594, 0.000672633759677, 0.00119097158313, 0.000274826656096, 0.000107570245746, 4.21994409407e-05, 3.68273176719e-05, 2.23348324653e-05, 9.48830347625e-06, 1.14008762466e-05, 1.23105373859e-05, 7.25705376681e-06, 5.08636640006e-06, 3.51164726453e-06, 2.90983984996e-06, 1.36665175887e-06, 8.66467530614e-07, 6.51435357213e-07, 4.01925660753e-07, 2.06618835819e-07, 1.09577776186e-07, 9.70904920905e-08, 1.27067508515e-07, 2.38063961433e-07, 3.52781540869e-07], "min": [3.03022240459e-24, 5.96443018182e-24, 1.37431461768e-24, 3.81565980139e-25, 2.00877434172e-23, 1.21148311666e-23, 1.51810916956e-23, 1.31576689957e-23, 4.07930103064e-23, 3.83396276476e-23, 6.14619201742e-23, 4.83379379057e-23, 5.32778164487e-23, 1.07640676363e-22, 1.63475304601e-22, 2.00561649996e-22, 1.71284775127e-22, 1.41273906207e-22, 1.64113764442e-22, 2.11679805107e-22, 3.85457582643e-22, 5.88353819156e-22, 4.98423574987e-22, 1.0499720978e-21, 1.09473961338e-21, 1.67364497411e-21, 2.30846742113e-21], "dvar2": [1.91821083462e-08, 0.000520364032127, 0.0011553671211, 0.000573523226194, 0.00014198126155, 8.35128139443e-06, 2.90653656521e-06, 1.71662259163e-06, 5.25389441464e-06, 1.17260094612e-06, 3.21230118061e-07, 1.75916011358e-05, 4.41755901193e-07, 8.24242135877e-07, 2.68621960231e-07, 5.29859050857e-07, 1.53921035917e-07, 3.38257031274e-08, 1.1936253097e-09, 2.3617202638e-10, 2.10035142056e-10, 1.05180725241e-10, 5.46489277442e-11, 5.81972907365e-11, 1.76332143331e-10, 2.26623475541e-09, 7.97998378488e-09], "dvar": [8.83305784072e-09, 0.000222994480282, 0.0004453084548, 0.000191339669982, 6.496412243e-05, 3.44526984009e-06, 1.25750352709e-06, 8.33918534227e-07, 3.11452868118e-06, 6.34410810108e-07, 1.82826255468e-07, 7.53020094635e-06, 2.13729435927e-07, 3.41799562875e-07, 1.29616310574e-07, 2.41334902285e-07, 6.70642634759e-08, 1.58078190537e-08, 5.27078491963e-10, 1.06669527378