{"tonal": {"thpcp": [1, 0.592324316502, 0.126855805516, 0.102821268141, 0.0994774103165, 0.216449782252, 0.329394578934, 0.249140441418, 0.254003018141, 0.336739987135, 0.2265163064, 0.108329735696, 0.0967999026179, 0.133502081037, 0.523289501667, 0.868163824081, 0.501029729843, 0.102270670235, 0.0615686178207, 0.0687371864915, 0.234064608812, 0.387346237898, 0.243431866169, 0.148477062583, 0.257326692343, 0.286490142345, 0.304601252079, 0.304394990206, 0.199684783816, 0.214008957148, 0.286560565233, 0.236495062709, 0.179031416774, 0.182624638081, 0.195650279522, 0.58096987009], "hpcp": {"dmean2": [0.151623174548, 0.125907823443, 0.139688193798, 0.149018645287, 0.136773735285, 0.121810637414, 0.119850635529, 0.13373221457, 0.193434149027, 0.233163848519, 0.19623413682, 0.0989472568035, 0.0761621892452, 0.0803502053022, 0.112682104111, 0.123833924532, 0.127278089523, 0.136143192649, 0.152219042182, 0.120552524924, 0.0743408575654, 0.0655614957213, 0.103477738798, 0.194447413087, 0.222055882215, 0.176295518875, 0.0851384550333, 0.0557980686426, 0.0600213222206, 0.113616071641, 0.150615826249, 0.116965405643, 0.106005549431, 0.142779678106, 0.156108185649, 0.175744816661], "median": [0.0279892552644, 0.0159873478115, 0.0122845815495, 0.0141134094447, 0.0106265246868, 0.0066986377351, 0.00488770613447, 0.00893885828555, 0.128116190434, 0.207898959517, 0.124238140881, 0.00733896205202, 0.00256771058775, 0.00518347648904, 0.0101477969438, 0.0117492265999, 0.0176588278264, 0.0222146678716, 0.0184664279222, 0.0112394699827, 0.00986278988421, 0.00653445813805, 0.0100864972919, 0.0917827561498, 0.152224183083, 0.0726335793734, 0.00401726970449, 0.00191468838602, 0.00326321856119, 0.0289996061474, 0.0470680035651, 0.0317794196308, 0.00624769786373, 0.00498209428042, 0.01074161008, 0.0292778853327], "min": [0, 0, 0, 0, 0, 0, 0, 0, 0, 0, 0, 0, 0, 0, 0, 0, 0, 0, 0, 0, 0, 0, 0, 0, 0, 0, 0, 0, 0, 0, 0, 0, 0, 0, 0, 0], "dvar2": [0.0742160156369, 0.0592681989074, 0.0670597702265, 0.0744673684239, 0.0678659379482, 0.0675863921642, 0.0623726435006, 0.0644477158785, 0.0691357403994, 0.107184775174, 0.076123200357, 0.0448061078787, 0.0435397922993, 0.0414654202759, 0.0528043322265, 0.0613314732909, 0.0529777146876, 0.0585221797228, 0.0742101296782, 0.0553860329092, 0.0281813107431, 0.0263993367553, 0.0400258377194, 0.0761535838246, 0.10236826539, 0.0664573907852, 0.0439372733235, 0.0250137802213, 0.0222540367395, 0.0445369295776, 0.0648612752557, 0.0433844178915, 0.0495199523866, 0.0817501097918, 0.0793127939105, 0.0903013199568], "dvar": [0.0306591279805, 0.023582233116, 0.0261051058769, 0.0312117785215, 0.0274358484894, 0.0265377834439, 0.0252525769174, 0.0264271050692, 0.0276625417173, 0.0475484244525, 0.0300140231848, 0.0166370701045, 0.0168329644948, 0.0149535024539, 0.0208656303585, 0.0281680822372, 0.0216217264533, 0.0234778299928, 0.0323719121516, 0.0220675840974, 0.0101746637374, 0.00962962303311, 0.0145915793255, 0.0298456214368, 0.0446342453361, 0.0264337118715, 0.0157643500715, 0.00963678024709, 0.00865518022329, 0.0171544048935, 0.0270607154816, 0.0171502511948, 0.019650651142, 0.0340430252254, 0.031871240586, 0.0349403358996], "dmean": [0.0895580500364, 0.07310911268, 0.08017282933, 0.0875871479511, 0.0804433301091, 0.0705626904964, 0.0706881582737, 0.0765381380916, 0.115210987628, 0.137662142515, 0.116044893861, 0.055544860661, 0.0426800921559, 0.0454234480858, 0.0663623586297, 0.072566665709, 0.0751060992479, 0.0808389261365, 0.0884861797094, 0.0709547549486, 0.0426269210875, 0.0372637473047, 0.05778644979, 0.116212807596, 0.132440686226, 0.105772323906, 0.0476412400603, 0.0314163528383, 0.0338432714343, 0.0660199820995, 0.0876074805856, 0.0691693872213, 0.0617957860231, 0.0831923410296, 0.0908002629876, 0.101837903261], "max": [1, 1, 1, 1, 1, 1, 1, 1, 1, 1, 1, 1, 1, 1, 1, 1, 1, 1, 1, 1, 1, 1, 1, 1, 1, 1, 1, 1, 1, 1, 1, 1, 1, 1, 1, 1], "var": [0.0566104874015, 0.0288918185979, 0.0322193093598, 0.0563974641263, 0.0417843982577, 0.0345957130194, 0.0345513783395, 0.0369547493756, 0.0623504817486, 0.166851982474, 0.0660010203719, 0.0168220512569, 0.0206905920058, 0.0132119776681, 0.0336368829012, 0.0788391977549, 0.0388058722019, 0.037066873163, 0.069111160934, 0.0374434888363, 0.00943622644991, 0.0104665309191, 0.0152106350288, 0.0652886480093, 0.153713479638, 0.0675729364157, 0.0136747621, 0.00889651570469, 0.00758375925943, 0.0265867654234, 0.0659680441022, 0.0268641021103, 0.0211546085775, 0.0569268390536, 0.0542626231909, 0.0478115864098], "mean": [0.123428158462, 0.0809695497155, 0.0867778137326, 0.116196535528, 0.0958956331015, 0.0725948810577, 0.074051886797, 0.0793336108327, 0.235575631261, 0.405486822128, 0.24017970264, 0.051438357681, 0.0416926704347, 0.0403367802501, 0.087767533958, 0.133565157652, 0.101023167372, 0.10299488157, 0.136543631554, 0.0918493792415, 0.0439262799919, 0.0392510853708, 0.0541333332658, 0.21218700707, 0.352028995752, 0.203160956502, 0.0414694100618, 0.0249652639031, 0.0278720222414, 0.0949101150036, 0.157063797116, 0.0987084135413, 0.0602054931223, 0.104342587292, 0.116167977452, 0.12351179868]}, "tuning_equal_tempered_deviation": 0.0240110084414, "chords_changes_rate": 0.0662951022387, "key_key": "F", "tuning_diatonic_strength": 0.599125087261, "key_scale": "major", "chords_number_rate": 0.00234672916122, "tuning_frequency": 434.695007324, "tuning_nontempered_energy_ratio": 0.647140920162, "chords_histogram": [28.0727481842, 0.176004692912, 4.42945146561, 0.0586682297289, 0, 0.293341159821, 0, 0, 0.850689351559, 0.14667057991, 0.0293341148645, 0.14667057991, 0, 0.0586682297289, 0, 2.08272218704, 0.997359931469, 27.6034030914, 2.75740695, 16.0457611084, 0, 0.792021095753, 13.4350252151, 2.02405405045], "key_strength": 0.759881436825, "chords_key": "F", "chords_strength": {"dmean2": 0.00878952629864, "median": 0.50229382515, "min": -1, "dvar2": 0.00126367167104, "dvar": 0.000616708188318, "dmean": 0.00960379559547, "max": 0.755316138268, "var": 0.0165686551481, "mean": 0.494871139526}, "chords_scale": "major", "hpcp_entropy": {"dmean2": 0.903817713261, "median": 1.51319146156, "min": 0, "dvar2": 0.684909641743, "dvar": 0.261175602674, "dmean": 0.531839609146, "max": 4.12844562531, "var": 0.51334130764, "mean": 1.45547616482}}, "metadata": {"audio_properties": {"equal_loudness": 0, "codec": "flac", "downmix": "mix", "sample_rate": 44100, "analysis_sample_rate": 44100, "bit_rate": 0, "md5_encoded": "be2a5bfeef468f90d0e09e70499852cf", "length": 158.240005493, "replay_gain": -12.6573371887, "lossless": true}, "version": {"essentia_build_sha": "2d9f1f26377add8aeb1075a9c2973f962c4f09fd", "essentia": "2.1-beta2", "extractor": "music 1.0", "essentia_git_sha": "v2.1_beta2-1-ge3940c0"}, "tags": {"title": ["My Life Is Ruined (Landlady)"], "media": ["CD"], "albumartist": ["Muddy Waters"], "tracktotal": ["25"], "musicbrainz_releasegroupid": ["0d67ddbc-057d-37ed-8466-d3a0b1ec65f0"], "releasetype": ["album", "compilation"], "musicbrainz_recordingid": ["fd57f421-3682-4f7a-a081-d6110e75c68e"], "musicbrainz_albumartistid": ["f86f1f07-d182-45ce-ae93-ef610880ca72"], "discnumber": ["1"], "album": ["Hoochie Coochie Man: The Complete Chess Masters, Vol.2: 1952-1958 (Disc1)"], "catalognumber": ["B0002758-02"], "releasecountry": ["US"], "file_name": "05 - My Life Is Ruined (Landlady).flac", "date": ["2004"], "genre": ["Blues"], "disctotal": ["2"], "musicbrainz_artistid": ["f86f1f07-d182-45ce-ae93-ef610880ca72"], "originaldate": ["2004-12"], "musicbrainz_albumid": ["1c524ec5-17e2-4947-b243-f7d3364391f8"], "artist": ["Muddy Waters"], "artistsort": ["Muddy Waters"], "tracknumber": ["5"], "label": ["Hip-O Select"], "albumartistsort": ["Muddy Waters"], "acoustid_id": ["3556e329-4131-4bc0-bf97-efa2b0074455"], "script": ["Latn"], "releasestatus": ["official"]}}, "rhythm": {"bpm_histogram_first_peak_bpm": {"dmean2": 0, "median": 81, "min": 81, "dvar2": 0, "dvar": 0, "dmean": 0, "max": 81, "var": 0, "mean": 81}, "bpm": 81.3155212402, "bpm_histogram_second_peak_spread": {"dmean2": 0, "median": 0.5, "min": 0.5, "dvar2": 0, "dvar": 0, "dmean": 0, "max": 0.5, "var": 0, "mean": 0.5}, "bpm_histogram_first_peak_weight": {"dmean2": 0, "median": 0.751173734665, "min": 0.751173734665, "dvar2": 0, "dvar": 0, "dmean": 0, "max": 0.751173734665, "var": 0, "mean": 0.751173734665}, "onset_rate": 3.20999693871, "beats_position": [0.696598649025, 1.39319729805, 2.08979582787, 2.7863945961, 3.47138309479, 4.15637159348, 4.82975053787, 5.50312900543, 6.17650794983, 6.87310647964, 7.56970500946, 8.28952407837, 9.0093421936, 9.72916126251, 10.4489793777, 11.1687984467, 11.8770065308, 12.6200447083, 13.3630838394, 14.0945119858, 14.8375511169, 15.5805892944, 16.3236274719, 17.0782756805, 17.8213157654, 18.575963974, 19.3306121826, 20.0968704224, 20.8631286621, 21.6177768707, 22.3724250793, 23.1154651642, 23.8701133728, 24.6247615814, 25.3910198212, 26.1572780609, 26.9003162384, 27.6549663544, 28.409614563, 29.1642627716, 29.9073009491, 30.6619491577, 31.4049873352, 32.1596374512, 32.9026756287, 33.6457138062, 34.3887519836, 35.1317901611, 35.8748283386, 36.6178665161, 37.3609046936, 38.1039466858, 38.8353729248, 39.5668029785, 40.2866210938, 41.006439209, 41.7378692627, 42.4692955017, 43.2123336792, 43.9553718567, 44.6984100342, 45.4414520264, 46.1728782654, 46.9043083191, 47.6473464966, 48.3903846741, 49.1334228516, 49.8764610291, 50.6194992065, 51.362537384, 52.1171875, 52.871837616, 53.6264839172, 54.3695220947, 55.1125602722, 55.8672103882, 56.6102485657, 57.3532867432, 58.0847167969, 58.8161430359, 59.5475730896, 60.2789993286, 61.0104293823, 61.741859436, 62.473285675, 63.2047157288, 63.9941940308, 64.7836685181, 65.5267105103, 66.2697525024, 67.0011749268, 67.7326049805, 68.4640350342, 69.2070770264, 69.9384994507, 70.6815414429, 71.4013595581, 72.1327896118, 72.8642196655, 73.5956420898, 74.3270721436, 75.0585021973, 75.7783203125, 76.5329666138, 77.276008606, 78.0190429688, 78.7504730225, 79.4819030762, 80.2017211914, 80.9215393066, 81.6529693604, 82.3843994141, 83.1042175293, 83.8472518921, 84.5902938843, 85.3101119995, 86.0299301147, 86.7613601685, 87.4927902222, 88.2126083374, 88.9324264526, 89.6522445679, 90.3720626831, 91.0918807983, 91.8116989136, 92.5199050903, 93.2281188965, 93.9479370117, 94.6561431885, 95.3875732422, 96.1190032959, 96.8620376587, 97.5934677124, 98.3365097046, 99.0679321289, 99.8109741211, 100.554008484, 101.297050476, 102.040092468, 102.771514893, 103.502944946, 104.234375, 104.965805054, 105.697235107, 106.417053223, 107.148475647, 107.879905701, 108.611335754, 109.342765808, 110.062583923, 110.782402039, 111.513832092, 112.233650208, 112.965080261, 113.684898376, 114.416320801, 115.147750854, 115.86756897, 116.598999023, 117.330429077, 118.07346344, 118.816505432, 119.559547424, 120.314193726, 121.057228088, 121.800270081, 122.531700134, 123.263130188, 124.017776489, 124.760810852, 125.515464783, 126.270111084, 127.013153076, 127.756187439, 128.487609863, 129.230651855, 129.962081909, 130.693511963, 131.436553955, 132.191192627, 132.945846558, 133.700500488, 134.44354248, 135.186569214, 135.929611206, 136.672653198, 137.41569519, 138.158721924, 138.901763916, 139.644805908, 140.3878479, 141.130874634, 141.873916626, 142.616958618, 143.36000061, 144.091430664, 144.822860718, 145.565887451, 146.297317505, 147.028747559, 147.771789551, 148.514831543, 149.257858276, 150.000900269, 150.743942261, 151.486984253, 152.230026245, 152.94984436, 153.681274414, 154.401092529, 155.190567017, 155.991653442, 156.792739868, 157.593826294], "beats_loudness": {"dmean2": 0.0289681404829, "median": 0.0234233215451, "min": 1.17685772238e-09, "dvar2": 0.000777812616434, "dvar": 0.000259156659013, "dmean": 0.0164191015065, "max": 0.13313536346, "var": 0.000413030211348, "mean": 0.0276889558882}, "danceability": 1.02948236465, "bpm_histogram_second_peak_weight": {"dmean2": 0, "median": 0.0234741792083, "min": 0.0234741792083, "dvar2": 0, "dvar": 0, "dmean": 0, "max": 0.0234741792083, "var": 0, "mean": 0.0234741792083}, "beats_count": 214, "bpm_histogram_second_peak_bpm": {"dmean2": 0, "median": 86, "min": 86, "dvar2": 0, "dvar": 0, "dmean": 0, "max": 86, "var": 0, "mean": 86}, "bpm_histogram_first_peak_spread": {"dmean2": 0, "median": 0.187817201018, "min": 0.187817201018, "dvar2": 0, "dvar": 0, "dmean": 0, "max": 0.187817201018, "var": 0, "mean": 0.187817201018}, "beats_loudness_band_ratio": {"dmean2": [0.293018639088, 0.308148413897, 0.382540076971, 0.15748269856, 0.074439316988, 0.026577308774], "median": [0.142211183906, 0.371326744556, 0.28932595253, 0.0380725637078, 0.0148483188823, 0.00469013443217], "min": [0.000411849381635, 3.92456240661e-05, 0.000176448331331, 3.2977644878e-05, 1.83204792847e-05, 3.60328049283e-05], "dvar2": [0.071572124958, 0.0655968040228, 0.0914922580123, 0.0390697978437, 0.0161578524858, 0.00957107171416], "dvar": [0.0271035116166, 0.0237549878657, 0.037006828934, 0.0180721078068, 0.0062964912504, 0.0047547603026], "dmean": [0.166904702783, 0.18728441, 0.217251002789, 0.0896313264966, 0.0427146218717, 0.0146662350744], "max": [0.782821118832, 0.995297074318, 0.992859005928, 0.942407369614, 0.494125217199, 0.991857409477], "var": [0.0294803529978, 0.0436146408319, 0.0549600198865, 0.0214905757457, 0.00507089821622, 0.00910007301718], "mean": [0.194459721446, 0.375219255686, 0.34017175436, 0.0943065285683, 0.0387220755219, 0.019045798108]}}, "lowlevel": {"barkbands_spread": {"dmean2": 3.1736137867, "median": 5.66434431076, "min": 0.0519287101924, "dvar2": 37.4259033203, "dvar": 14.7735786438, "dmean": 2.0442378521, "max": 148.40246582, "var": 50.5783576965, "mean": 7.74793243408}, "melbands_spread": {"dmean2": 4.41310119629, "median": 7.79155302048, "min": 0.196642234921, "dvar2": 57.7909812927, "dvar": 22.642118454, "dmean": 2.85344862938, "max": 154.574310303, "var": 208.992767334, "mean": 11.2878456116}, "hfc": {"dmean2": 3.85183334351, "median": 7.12393569946, "min": 1.19076143188e-16, "dvar2": 35.4999809265, "dvar": 21.9660148621, "dmean": 2.81498193741, "max": 161.868331909, "var": 173.949645996, "mean": 11.3410739899}, "barkbands_kurtosis": {"dmean2": 10.3122396469, "median": 5.10587024689, "min": -1.96093392372, "dvar2": 2072.16870117, "dvar": 1178.09094238, "dmean": 6.96867847443, "max": 3369.53759766, "var": 16454.5390625, "mean": 19.1922550201}, "gfcc": {"mean": [-111.144859314, 142.93157959, -117.77620697, 3.50124192238, -64.0938720703, -31.3075637817, -31.8245334625, -0.651281893253, -20.7652645111, -7.66644477844, -19.8497638702, -2.38818454742, -4.76617574692], "icov": [[0.000673915143125, -0.00132634304464, 0.00143154873513, -0.0011582711013, 0.00157034106087, -0.0013574330369, 0.00144068337977, -0.00121224066243, 0.000976046838332, -0.000756903842557, 0.00085171603132, -0.000631507951766, 0.000263530033408], [-0.00132634304464, 0.00358889647759, -0.00283505348489, 0.00217355904169, -0.00288420775905, 0.00373409455642, -0.00352042820305, 0.00261831423268, -0.00133592064958, 0.00143994274549, -0.00221026921645, 0.00243856641464, -0.00104664009996], [0.00143154873513, -0.00283505348489, 0.00380755006336, -0.0024058772251, 0.00307455100119, -0.00261063012294, 0.00313657638617, -0.00303005892783, 0.00225749588571, -0.00207507051528, 0.00208255485632, -0.00184826971963, 0.000996070564725], [-0.0011582711013, 0.00217355904169, -0.0024058772251, 0.00418849661946, -0.00342744356021, 0.001934383763, -0.00129117176402, 0.00286871218123, -0.00168891146313, 0.000981252407655, 0.000226866875892, 0.000320841441862, -0.000291013915557], [0.00157034106087, -0.00288420775905, 0.00307455100119, -0.00342744356021, 0.00768145592883, -0.00362451281399, 0.00118573918007, -0.00165596848819, 0.00235074129887, -0.00242682290263, 0.000732950400561, 0.00055264151888, -0.000536049774382], [-0.0013574330369, 0.00373409455642, -0.00261063012294, 0.001934383763, -0.00362451281399, 0.00749380607158, -0.00438618846238, 0.00171523052268, -0.00112835306209, 0.000694194051903, -0.00130445091054, 0.000223195427679, 0.00142180209514], [0.00144068337977, -0.00352042820305, 0.00313657638617, -0.00129117176402, 0.00118573918007, -0.00438618846238, 0.0110384784639, -0.0057026729919, 0.00214501284063, 0.000141281430842, 0.000127337916638, -0.00138201517984, -0.00143115338869], [-0.00121224066243, 0.00261831423268, -0.00303005892783, 0.00286871218123, -0.00165596848819, 0.00171523052268, -0.0057026729919, 0.0112475249916, -0.0052417027764, 0.000946102431044, 0.00339277694002, -0.00160530279391, -0.000608872971497], [0.000976046838332, -0.00133592064958, 0.00225749588571, -0.00168891146313, 0.00235074129887, -0.00112835306209, 0.00214501284063, -0.0052417027764, 0.00928581785411, -0.00270511745475, -0.000949366367422, 0.00263516092673, -0.000150073363329], [-0.000756903842557, 0.00143994274549, -0.00207507051528, 0.000981252407655, -0.00242682290263, 0.000694194051903, 0.000141281430842, 0.000946102431044, -0.00270511745475, 0.0110448831692, -0.00771032646298, 0.00332915247418, 0.00147769507021], [0.00085171603132, -0.00221026921645, 0.00208255485632, 0.000226866875892, 0.000732950400561, -0.00130445091054, 0.000127337916638, 0.00339277694002, -0.000949366367422, -0.00771032646298, 0.0202539041638, -0.0126145044342, 0.00539154233411], [-0.000631507951766, 0.00243856641464, -0.00184826971963, 0.000320841441862, 0.00055264151888, 0.000223195427679, -0.00138201517984, -0.00160530279391, 0.00263516092673, 0.00332915247418, -0.0126145044342, 0.0225182548165, -0.0103422440588], [0.000263530033408, -0.00104664009996, 0.000996070564725, -0.000291013915557, -0.000536049774382, 0.00142180209514, -0.00143115338869, -0.000608872971497, -0.000150073363329, 0.00147769507021, 0.00539154233411, -0.0103422440588, 0.0180383156985]], "cov": [[18657.5898438, 2265.57446289, -3215.65820313, 1228.5411377, -1025.60412598, -101.447639465, -644.266540527, -265.025817871, -443.76348877, -219.611587524, -330.75088501, -131.386749268, 11.5503282547], [2265.57446289, 1744.39416504, 18.1003017426, -20.7142677307, -33.3850364685, -431.988769531, 38.6727409363, -127.072296143, -110.212295532, -46.8449134827, 0.593895077705, -79.3606643677, 55.8613204956], [-3215.65820313, 18.1003017426, 1455.91088867, -48.6556434631, 69.0499420166, -44.6963768005, 12.6378583908, 70.7996444702, 12.5604457855, 82.9919281006, 21.7230930328, 18.8535556793, -26.5606117249], [1228.5411377, -20.7142677307, -48.6556434631, 621.751403809, 71.6565246582, 28.0099697113, -131.132827759, -109.621414185, -45.425201416, 17.9976406097, -42.8594703674, -26.9380226135, -25.1020145416], [-1025.60412598, -33.3850364685, 69.0499420166, 71.6565246582, 354.697784424, 64.8103408813, 74.9537811279, -40.8970870972, -0.116923421621, 50.2496147156, 40.2061920166, -15.0703115463, -4.38722467422], [-101.447639465, -431.988769531, -44.6963768005, 28.0099697113, 64.8103408813, 363.724731445, 52.9901924133, 53.1696929932, 11.9928035736, 31.3338184357, 11.2648134232, 27.5465011597, -31.4478740692], [-644.266540527, 38.6727409363, 12.6378583908, -131.132827759, 74.9537811279, 52.9901924133, 239.733276367, 99.0687637329, 14.9696989059, -42.4705200195, 3.73240351677, 28.8582859039, 48.2918777466], [-265.025817871, -127.072296143, 70.7996444702, -109.621414185, -40.8970870972, 53.1696929932, 99.0687637329, 231.155441284, 75.2112731934, -38.9745788574, -50.5537910461, 19.7733745575, 31.3428058624], [-443.76348877, -110.212295532, 12.5604457855, -45.425201416, -0.116923421621, 11.9928035736, 14.9696989059, 75.2112731934, 188.397445679, 45.4479598999, 9.78860855103, -23.9216842651, -17.3574104309], [-219.611587524, -46.8449134827, 82.9919281006, 17.9976406097, 50.2496147156, 31.3338184357, -42.4705200195, -38.9745788574, 45.4479598999, 189.805526733, 82.8112411499, -15.110159874, -58.0496406555], [-330.75088501, 0.593895077705, 21.7230930328, -42.8594703674, 40.2061920166, 11.2648134232, 3.73240351677, -50.5537910461, 9.78860855103, 82.8112411499, 131.172302246, 38.6169662476, -21.8958759308], [-131.386749268, -79.3606643677, 18.8535556793, -26.9380226135, -15.0703115463, 27.5465011597, 28.8582859039, 19.7733745575, -23.9216842651, -15.110159874, 38.6169662476, 101.284072876, 43.7445068359], [11.5503282547, 55.8613204956, -26.5606117249, -25.1020145416, -4.38722467422, -31.4478740692, 48.2918777466, 31.3428058624, -17.3574104309, -58.0496406555, -21.8958759308, 43.7445068359, 103.045951843]]}, "spectral_energyband_middle_low": {"dmean2": 0.00687765190378, "median": 0.0119479056448, "min": 2.29258680545e-22, "dvar2": 0.00010499288328, "dvar": 4.92785329698e-05, "dmean": 0.00456991232932, "max": 0.194532513618, "var": 0.000260872911895, "mean": 0.016255935654}, "melbands_crest": {"dmean2": 4.38561105728, "median": 13.6722049713, "min": 2.60577273369, "dvar2": 18.70170784, "dvar": 7.51866579056, "dmean": 2.71037817001, "max": 35.820640564, "var": 33.0999755859, "mean": 14.9469099045}, "spectral_kurtosis": {"dmean2": 9.07956695557, "median": 10.1192121506, "min": -1.18271791935, "dvar2": 102.431655884, "dvar": 41.1674804688, "dmean": 5.48846626282, "max": 110.010620117, "var": 187.944168091, "mean": 14.5968446732}, "spectral_rms": {"dmean2": 0.000863392022438, "median": 0.00383193348534, "min": 3.21383176148e-12, "dvar2": 1.25883377677e-06, "dvar": 5.63661672004e-07, "dmean": 0.000578802428208, "max": 0.0142965195701, "var": 3.5963546452e-06, "mean": 0.00402913568541}, "zerocrossingrate": {"dmean2": 0.00516364211217, "median": 0.02783203125, "min": 0.00439453125, "dvar2": 8.00626730779e-05, "dvar": 8.73383905855e-05, "dmean": 0.00415508355945, "max": 0.8291015625, "var": 0.00801541283727, "mean": 0.0411414913833}, "silence_rate_60dB": {"dmean2": 0.0540064573288, "median": 0, "min": 0, "dvar2": 0.0610766895115, "dvar": 0.0262733753771, "dmean": 0.0269992668182, "max": 1, "var": 0.0715809985995, "mean": 0.0776115059853}, "erbbands_kurtosis": {"dmean2": 3.7639734745, "median": 2.86311149597, "min": -1.80534243584, "dvar2": 77.2109375, "dvar": 36.6250648499, "dmean": 2.48554635048, "max": 322.055328369, "var": 326.465637207, "mean": 6.02996015549}, "erbbands": {"dmean2": [0.011335818097, 0.15936973691, 0.989363491535, 2.6390607357, 5.14936828613, 12.7056179047, 18.0946311951, 14.5513944626, 19.8502807617, 31.7327308655, 24.0808677673, 36.8865280151, 32.267364502, 19.1942195892, 17.2176418304, 7.05590057373, 6.7217040062, 9.61815929413, 6.01560592651, 3.28326439857, 4.94366312027, 6.21180963516, 4.29605913162, 3.7422337532, 1.7537227869, 0.94705414772, 1.1184066534, 0.701546013355, 0.333211898804, 0.35564109683, 0.209481164813, 0.104690723121, 0.0481779240072, 0.0359530225396, 0.0246562995017, 0.0103665431961, 0.00212713168003, 0.000356099946657, 4.67492754979e-05, 1.03148968265e-05], "median": [0.00179266778287, 0.0262394007295, 0.157230943441, 0.868961930275, 2.63465046883, 9.25452041626, 12.1146602631, 12.5589323044, 10.3658351898, 13.5174922943, 12.4620819092, 16.1587562561, 7.82441806793, 3.21446323395, 4.17582654953, 1.52436351776, 0.847269177437, 0.91038954258, 1.72398555279, 1.12314462662, 1.33907675743, 2.50045752525, 1.12582111359, 1.16124820709, 0.63155567646, 0.46466961503, 0.412230432034, 0.216339603066, 0.0813013613224, 0.0414080247283, 0.01752993837, 0.00726327905431, 0.00314053776674, 0.00280366325751, 0.00183589151129, 0.000797042273916, 0.000238326698309, 5.52065539523e-05, 2.01990987989e-05, 1.84653017641e-05], "min": [5.46692320325e-22, 4.25753052066e-21, 8.99382332478e-21, 5.07745173476e-20, 5.65095285555e-20, 1.76193942419e-19, 6.45117578119e-20, 1.21283005021e-19, 7.58060004701e-19, 9.83531190011e-19, 9.242859296e-19, 9.47509232093e-19, 1.20307081824e-18, 2.09426228551e-18, 5.38306147028e-18, 2.70095356309e-18, 9.84484722462e-18, 9.0108771136e-18, 6.11881050101e-18, 7.73044453876e-18, 1.23617518606e-17, 1.14028683781e-17, 9.32717030032e-18, 1.14468255831e-17, 1.5730081773e-17, 1.56356574517e-17, 1.11861933798e-17, 1.14213906064e-17, 8.94518408371e-18, 1.15253026893e-17, 1.71885087264e-17, 1.98990174663e-17, 1.86937772635e-17, 1.26608297645e-17, 1.09670715811e-17, 5.40509962975e-18, 3.15335270217e-18, 1.64674185769e-18, 2.88412934932e-19, 3.65568788179e-20], "dvar2": [0.0117061147466, 0.814315140247, 10.4969120026, 48.603931427, 133.584472656, 592.098937988, 1862.25415039, 725.020446777, 3406.84375, 6071.55957031, 4530.23388672, 13134.3652344, 10760.7324219, 5700.05322266, 2938.11767578, 978.96472168, 1504.38293457, 1254.14233398, 486.621734619, 92.2389831543, 257.907409668, 326.154724121, 424.786132813, 126.331474304, 28.845621109, 4.22541809082, 7.24322795868, 3.43855881691, 1.03410971165, 2.20913314819, 0.633282721043, 0.154488682747, 0.0320690236986, 0.0142971770838, 0.00716035114601, 0.00139487790875, 5.17096596013e-05, 2.81456254925e-06, 1.02387325285e-07, 4.33598074112e-10], "dvar": [0.00496125966311, 0.276443392038, 3.35988259315, 15.6811418533, 48.7176551819, 221.846862793, 681.754211426, 394.181243896, 1587.62329102, 3467.13574219, 2331.4230957, 7891.28320313, 5920.34863281, 2960.36181641, 1525.03564453, 557.690185547, 1016.00427246, 632.192016602, 251.636077881, 52.2429161072, 150.008071899, 183.124359131, 238.796112061, 73.0240020752, 17.8456192017, 2.02393603325, 3.77939605713, 1.69197952747, 0.461359679699, 0.917136073112, 0.296687394381, 0.0724859237671, 0.0143197933212, 0.00519648939371, 0.00249084760435, 0.000485955184558, 1.91371509572e-05, 1.08637334506e-06, 3.86723932877e-08, 1.82873258203e-10], "dmean": [0.00759235490113, 0.0889670103788, 0.53949534893, 1.4949092865, 3.04970788956, 7.83736467361, 11.4580144882, 10.0102567673, 12.5505609512, 21.6872692108, 16.2819862366, 25.5748691559, 24.2051334381, 14.3806152344, 12.1455049515, 4.97392034531, 4.95590162277, 6.58453369141, 4.27707862854, 2.33685112, 3.52522492409, 4.36948347092, 3.19401741028, 2.68325638771, 1.2456305027, 0.626573801041, 0.757074177265, 0.476021617651, 0.21628908813, 0.227578803897, 0.139251679182, 0.065569460392, 0.028612408787, 0.0203103423119, 0.0135077387094, 0.00564699387178, 0.00119361653924, 0.000203345858608, 2.75579404843e-05, 6.76665740684e-06], "max": [4.63220071793, 27.1389560699, 42.7512931824, 78.0371322632, 126.149269104, 269.163757324, 529.537536621, 509.148620605, 2223.29321289, 3446.3684082, 1548.49719238, 5973.39599609, 2600.62695313, 1766.64038086, 1486.11499023, 774.472167969, 2013.28894043, 933.619445801, 674.663330078, 443.449768066, 354.394012451, 635.520751953, 808.523620605, 380.497894287, 254.198608398, 49.5099411011, 67.0004043579, 48.0236740112, 36.3919563293, 34.0678024292, 18.8900527954, 9.32044792175, 4.62391138077, 1.45323359966, 0.871425867081, 0.432923167944, 0.146776407957, 0.0538552850485, 0.0107501884922, 0.000619202910457], "var": [0.00465501006693, 0.176623463631, 2.49593925476, 18.013874054, 89.0734481812, 662.577270508, 1841.37695313, 2037.09899902, 3802.05981445, 22819.7558594, 8222.41992188, 20918.3808594, 24589.7695313, 10310.1416016, 6354.54882813, 2280.76904297, 4819.66455078, 2090.8659668, 1031.48278809, 314.47845459, 625.990905762, 799.39654541, 1361.04968262, 379.778411865, 81.3829879761, 11.427324295, 26.8189430237, 10.1393413544, 1.29818677902, 2.67917823792, 0.904011547565, 0.172486945987, 0.0226069968194, 0.00500789051875, 0.00168531946838, 0.000302875239868, 1.5700212316e-05, 9.06861373551e-07, 3.00295894817e-08, 6.02533412053e-10], "mean": [0.0100751603022, 0.102335631847, 0.584811091423, 2.20718646049, 5.6925406456, 18.7750205994, 28.0048675537, 27.8508834839, 26.8246383667, 52.4291687012, 37.9255180359, 51.8606071472, 53.9620895386, 34.5721206665, 25.3734111786, 10.6218490601, 9.45677947998, 12.0924873352, 9.40394878387, 5.56938362122, 8.2697353363, 10.4492712021, 7.80784225464, 6.61626005173, 3.04214382172, 1.44383406639, 1.85363745689, 1.20309078693, 0.427936404943, 0.434212952852, 0.24750572443, 0.103285185993, 0.0361785851419, 0.021404536441, 0.0128166433424, 0.00499311601743, 0.00122139125597, 0.000230910154642, 4.36197005911e-05, 2.49990225711e-05]}, "spectral_strongpeak": {"dmean2": 0.764813423157, "median": 0.911655366421, "min": 0, "dvar2": 1.02323198318, "dvar": 0.470176249743, "dmean": 0.475979596376, "max": 12.2968358994, "var": 1.66842961311, "mean": 1.30420660973}, "spectral_energy": {"dmean2": 0.00816785171628, "median": 0.0150508079678, "min": 1.05869319871e-20, "dvar2": 0.00017701019533, "dvar": 7.80395857873e-05, "dmean": 0.00542491255328, "max": 0.209500223398, "var": 0.000367740169168, "mean": 0.0203260369599}, "average_loudness": 0.519693672657, "spectral_rolloff": {"dmean2": 267.930541992, "median": 667.529296875, "min": 107.666015625, "dvar2": 380781.625, "dvar": 184559.859375, "dmean": 158.670196533, "max": 21662.4023438, "var": 5595184.5, "mean": 1067.71984863}, "spectral_centroid": {"dmean2": 166.289260864, "median": 581.348266602, "min": 196.707931519, "dvar2": 71636.265625, "dvar": 34350.4921875, "dmean": 109.631347656, "max": 11512.9394531, "var": 307459.4375, "mean": 736.96282959}, "pitch_salience": {"dmean2": 0.103248044848, "median": 0.574624419212, "min": 0.017534988001, "dvar2": 0.00931743811816, "dvar": 0.00385853624903, "dmean": 0.0643086433411, "max": 0.860395371914, "var": 0.0203213058412, "mean": 0.556803166866}, "spectral_energyband_middle_high": {"dmean2": 0.00138888682704, "median": 0.000968868262134, "min": 1.76632242323e-21, "dvar2": 1.30105208882e-05, "dvar": 7.36366746423e-06, "dmean": 0.00103483186103, "max": 0.107892803848, "var": 4.11691544286e-05, "mean": 0.00316469720565}, "spectral_contrast_coeffs": {"dmean2": [0.0810367017984, 0.0706864446402, 0.0657057911158, 0.0436364077032, 0.0348832085729, 0.033548809588], "median": [-0.540339767933, -0.698183000088, -0.702371478081, -0.797800779343, -0.796989798546, -0.748566508293], "min": [-0.952198565006, -0.972127139568, -0.965505540371, -0.967604339123, -0.957238852978, -0.96185028553], "dvar2": [0.00450239423662, 0.00380188575946, 0.00299348123372, 0.00134436029475, 0.000875081052072, 0.000955783645622], "dvar": [0.00178606493864, 0.00160102325026, 0.00141459819861, 0.000637989898678, 0.000431701249909, 0.000425426376751], "dmean": [0.0490290038288, 0.0447912812233, 0.0435220561922, 0.0282433722168, 0.0228431075811, 0.0218480490148], "max": [-0.271150678396, -0.306217581034, -0.313603818417, -0.50732344389, -0.539044141769, -0.573912799358], "var": [0.0125059206039, 0.00895060319453, 0.0101178456098, 0.00598154170439, 0.0039784098044, 0.00332453777082], "mean": [-0.550465345383, -0.689470410347, -0.693187057972, -0.780225932598, -0.786167502403, -0.751048922539]}, "melbands_skewness": {"dmean2": 0.907576024532, "median": 1.69612288475, "min": -5.16943836212, "dvar2": 0.972259700298, "dvar": 0.434032022953, "dmean": 0.584891438484, "max": 10.6523942947, "var": 1.89578080177, "mean": 1.85515534878}, "spectral_spread": {"dmean2": 734882.25, "median": 2518047, "min": 828089.4375, "dvar2": 1077537341440.0, "dvar": 471774298112, "dmean": 455296.65625, "max": 41420560, "var": 12870226018300.0, "mean": 3044633}, "dissonance": {"dmean2": 0.0604900047183, "median": 0.417593717575, "min": 0.0618964880705, "dvar2": 0.00360968546011, "dvar": 0.00134924601298, "dmean": 0.0364333167672, "max": 0.5, "var": 0.00485509214923, "mean": 0.402227193117}, "spectral_skewness": {"dmean2": 0.726812064648, "median": 2.33416414261, "min": 0.00777016906068, "dvar2": 0.516218543053, "dvar": 0.213632240891, "dmean": 0.454841285944, "max": 9.39596843719, "var": 1.5371131897, "mean": 2.61783289909}, "spectral_flux": {"dmean2": 0.0299165807664, "median": 0.0472718179226, "min": 1.02892819265e-10, "dvar2": 0.00126788031776, "dvar": 0.000554989965167, "dmean": 0.0188534259796, "max": 0.413193881512, "var": 0.00158300832845, "mean": 0.0556572005153}, "spectral_contrast_valleys": {"dmean2": [0.738006949425, 0.570569694042, 0.560825586319, 0.476368129253, 0.43480476737, 0.645715892315], "median": [-8.26832389832, -6.66550970078, -8.01568412781, -8.87565612793, -8.67760276794, -12.2482595444], "min": [-27.6513462067, -27.2611503601, -27.4447021484, -26.9687862396, -27.2995738983, -27.2431812286], "dvar2": [0.415746510029, 0.305440336466, 0.26221871376, 0.226431429386, 0.239093720913, 0.59954315424], "dvar": [0.186049312353, 0.127143770456, 0.123415119946, 0.113332264125, 0.12060931325, 0.260373234749], "dmean": [0.445807188749, 0.352621525526, 0.361330658197, 0.313591092825, 0.295934557915, 0.41756439209], "max": [-4.99513864517, -4.35566425323, -5.77497911453, -6.31892728806, -6.17536783218, -8.95315647125], "var": [2.43726539612, 2.5268330574, 2.22197175026, 2.19472074509, 2.20088720322, 1.39543545246], "mean": [-8.49358940125, -6.9251832962, -8.26146411896, -9.12777614594, -8.93873500824, -12.2497215271]}, "erbbands_flatness_db": {"dmean2": 0.034500811249, "median": 0.257012069225, "min": 0.0144711695611, "dvar2": 0.00138197094202, "dvar": 0.000650855421554, "dmean": 0.0231562722474, "max": 0.580938458443, "var": 0.00452836602926, "mean": 0.26280733943}, "spectral_energyband_high": {"dmean2": 5.03805858898e-05, "median": 1.93092091649e-05, "min": 7.52512214192e-21, "dvar2": 1.41981750801e-08, "dvar": 6.93346935421e-09, "dmean": 3.39152938977e-05, "max": 0.0023526980076, "var": 4.43475762779e-08, "mean": 8.56029655552e-05}, "spectral_entropy": {"dmean2": 0.334500521421, "median": 6.55261659622, "min": 2.8614051342, "dvar2": 0.142177045345, "dvar": 0.0697030201554, "dmean": 0.227759867907, "max": 9.79185771942, "var": 0.64816391468, "mean": 6.47425413132}, "silence_rate_20dB": {"dmean2": 0, "median": 1, "min": 1, "dvar2": 0, "dvar": 0, "dmean": 0, "max": 1, "var": 0, "mean": 1}, "melbands_flatness_db": {"dmean2": 0.0404332391918, "median": 0.310837447643, "min": 0.00679979287088, "dvar2": 0.00197861134075, "dvar": 0.000905002700165, "dmean": 0.027541546151, "max": 0.679883301258, "var": 0.00813571177423, "mean": 0.313905924559}, "barkbands": {"dmean2": [2.98210215988e-05, 0.000568927440327, 0.00107734068297, 0.0010999616934, 0.00304671516642, 0.001944706426, 0.00163301685825, 0.00136545870919, 0.0014891109895, 0.000921353290323, 0.000504766299855, 0.000179081922397, 0.000149569765199, 0.000177002322744, 0.000110688044515, 8.24950402603e-05, 0.000126520346384, 9.51791444095e-05, 5.35018334631e-05, 2.07889261219e-05, 2.43873600994e-05, 1.03500960904e-05, 9.00497798284e-06, 3.52129950443e-06, 3.38180143444e-06, 1.5602735175e-06, 2.67037336243e-07], "median": [1.97472218133e-06, 9.46302461671e-05, 0.000132009867229, 0.000337102334015, 0.00268181087449, 0.00145292060915, 0.000672987196594, 0.000600974250119, 0.000612246454693, 0.000102212819911, 8.76614649314e-05, 2.34514554904e-05, 8.19233537186e-06, 1.56002934091e-05, 2.45486262429e-05, 1.59072133101e-05, 4.30405925727e-05, 1.99503592739e-05, 1.44079422171e-05, 8.7225180323e-06, 8.32602563605e-06, 2.1306113922e-06, 7.07775029696e-07, 2.33534365179e-07, 2.60848707967e-07, 1.43200054481e-07, 7.16069621376e-08], "min": [4.00984230125e-24, 1.98321019968e-23, 6.13570450612e-24, 2.04527398917e-23, 3.58298161905e-23, 9.35492950334e-24, 5.62789083894e-23, 4.87017069127e-23, 5.42150589347e-23, 3.53117302133e-23, 1.28575328226e-22, 5.0852608746e-23, 2.12912397116e-22, 1.95318186222e-22, 7.95859426737e-23, 2.48251750083e-22, 1.98571574813e-22, 1.53763404494e-22, 2.97175010158e-22, 2.88556812054e-22, 2.79983825146e-22, 2.61286408053e-22, 5.33600611934e-22, 1.10520740632e-21, 1.43798846754e-21, 1.7094056924e-21, 2.3908942728e-21], "dvar2": [3.04232258941e-07, 1.47482351167e-05, 1.18097705126e-05, 7.25147992853e-06, 2.91627002298e-05, 1.48465323946e-05, 1.79796206794e-05, 1.08144640762e-05, 1.80697006726e-05, 1.07463320091e-05, 2.49014760811e-06, 7.183099342e-07, 7.8391047964e-07, 4.40188188122e-07, 1.17333875949e-07, 7.22119679608e-08, 1.3827462908e-07, 1.56294390763e-07, 2.85279231349e-08, 2.42300690623e-09, 3.56966212145e-09, 8.56309967379e-10, 1.43676326392e-09, 1.78182010813e-10, 1.22546556236e-10, 3.00701720468e-11, 3.21660103067e-12], "dvar": [1.70718564618e-07, 5.34600621904e-06, 3.79212588086e-06, 2.37768153966e-06, 1.11365188786e-05, 6.23230607744e-06, 8.33109243104e-06, 5.95907749812e-06, 9.83221889328e-06, 5.77235505261e-06, 1.4809578488e-06, 4.10088148328e-07, 5.11048995122e-07, 2.20873914714e-07, 6.33153476315e-08, 3.8203349817e-08, 7.91466803207e-08, 8.27218329391e-08, 1.69109402037e-08, 1.11882803022e-09, 1.85673421083e-09, 3.75346892456e-10, 6.14170103663e-10, 8.16381198754e-11, 4.30961273612e-11, 1.07452085424e-11, 1.22375059305e-12], "dmean": [2.2137128326e-05, 0.000328577996697, 0.000587860587984, 0.00063254107954, 0.0018699784996, 0.00129086454399, 0.00103024858981, 0.000939051795285, 0.00101294391789, 0.000679972639773, 0.000370224937797, 0.000125014019432, 0.000109014108602, 0.000122979559819, 7.80059490353e-05, 5.75098056288e-05, 8.81634477992e-05, 6.78479336784e-05, 3.80503151973e-05, 1.36392145578e-05, 1.65587298397e-05, 6.58123281028e-06, 5.89223327552e-06, 2.14146461985e-06, 1.87580963029e-06, 8.61178875766e-07, 1.54010734832e-07], "max": [0.0345004685223, 0.135623544455, 0.0343871042132, 0.0363107100129, 0.0545753091574, 0.0595966540277, 0.138252273202, 0.0697336643934, 0.187667444348, 0.103634901345, 0.0346455015242, 0.0253584589809, 0.0489960871637, 0.0145310657099, 0.00867278594524, 0.00726628536358, 0.00958561338484, 0.0138897495344, 0.00639331014827, 0.00124702067114, 0.00132149527781, 0.000790125399362, 0.000875394674949, 0.000364508916391, 9.20964084798e-05, 9.00010636542e-05, 6.04985179962e-05], "var": [2.61069374119e-07, 3.86892770621e-06, 2.93898551718e-06, 4.68383996122e-06, 3.29036229232e-05, 2.3238502763e-05, 3.76794851036e-05, 2.71118751698e-05, 2.76368809864e-05, 1.97961180675e-05, 9.13121675694e-06, 1.3439578197e-06, 2.65124208454e-06, 5.44947624803e-07, 2.27134663078e-07, 1.54184320422e-07, 3.21735228681e-07, 4.43298546315e-07, 6.77328912957e-08, 6.40435793287e-09, 1.13678702007e-08, 1.23185583956e-09, 1.57897783737e-09, 1.45288864273e-10, 3.30646690583e-11, 7.48735101697e-12, 9.35375149731e-13], "mean": [2.48020041909e-05, 0.000400713470299, 0.00062202825211, 0.0010445691878, 0.00466015655547, 0.00331993680447, 0.00216289190575, 0.00226294412278, 0.00205628201365, 0.00146473408677, 0.000869499519467, 0.000234265477047, 0.000198046240257, 0.000205496195122, 0.00014760690101, 0.000118927338917, 0.000192902632989, 0.000156694819452, 8.41743531055e-05, 2.98683135043e-05, 4.11921100749e-05, 1.2249592146e-05, 1.02925778265e-05, 2.93731159218e-06, 1.85125088592e-06, 8.09074322206e-07, 2.01459414484e-07]}, "erbbands_skewness": {"dmean2": 0.672317326069, "median": 1.13183307648, "min": -3.25829958916, "dvar2": 0.481432408094, "dvar": 0.219809964299, "dmean": 0.441962331533, "max": 12.4572715759, "var": 1.82648777962, "mean": 1.20624983311}, "erbbands_spread": {"dmean2": 6.68108844757, "median": 14.6772594452, "min": 0.197061449289, "dvar2": 91.6159896851, "dvar": 36.9881477356, "dmean": 4.28871488571, "max": 148.116378784, "var": 194.310928345, "mean": 18.4216899872}, "melbands_kurtosis": {"dmean2": 8.07340717316, "median": 6.44256687164, "min": -1.4766408205, "dvar2": 174.148010254, "dvar": 78.7053756714, "dmean": 5.18632030487, "max": 192.961578369, "var": 310.014526367, "mean": 11.4416160583}, "melbands": {"dmean2": [0.000127510909806, 0.0004126347485, 0.000490764097776, 0.000612165022176, 0.000620479753707, 0.000331969669787, 0.000305724912323, 0.000343383726431, 0.000202856681426, 0.000232444217545, 0.000158405804541, 8.14805607661e-05, 6.533558917e-05, 2.43303547904e-05, 1.47269520312e-05, 1.74134456756e-05, 1.96859473363e-05, 1.05861363409e-05, 7.21024889572e-06, 4.4637222345e-06, 7.24423625797e-06, 7.7939221228e-06, 5.22171285411e-06, 3.94644848711e-06, 3.36969014825e-06, 1.95839515982e-06, 8.36650087876e-07, 6.92334822361e-07, 6.88265060944e-07, 7.06165110387e-07, 3.66959824305e-07, 2.01087445362e-07, 1.88280267821e-07, 2.1445538323e-07, 1.28523041099e-07, 1.10185936819e-07, 5.09593789388e-08, 3.42337038717e-08, 3.27837703651e-08, 2.98362756723e-08], "median": [2.17578217416e-05, 6.61115773255e-05, 0.000194616179215, 0.000428937608