{"tonal": {"thpcp": [1, 0.854399442673, 0.393999457359, 0.152457401156, 0.0896294414997, 0.0925976857543, 0.110930338502, 0.130107715726, 0.279885530472, 0.641221046448, 0.670452415943, 0.373117238283, 0.229579716921, 0.199103429914, 0.302242189646, 0.607156872749, 0.827596008778, 0.580827593803, 0.259611934423, 0.158024132252, 0.210511609912, 0.588840544224, 0.707933664322, 0.344265878201, 0.151481389999, 0.325702905655, 0.564625382423, 0.532287418842, 0.344005286694, 0.196542292833, 0.217262879014, 0.266316831112, 0.227492108941, 0.230978026986, 0.204041242599, 0.517335295677], "hpcp": {"dmean2": [0.175674274564, 0.212574064732, 0.206063866615, 0.260889947414, 0.248553857207, 0.237585663795, 0.405751854181, 0.324300199747, 0.205127567053, 0.127652809024, 0.0897244140506, 0.0871211960912, 0.10067088902, 0.124926693738, 0.213510453701, 0.337152838707, 0.346968263388, 0.371460735798, 0.274357676506, 0.232811510563, 0.2803183496, 0.378766894341, 0.408005028963, 0.352894157171, 0.219401851296, 0.145483151078, 0.153772115707, 0.275900065899, 0.310041427612, 0.193545550108, 0.154283106327, 0.227434292436, 0.306215971708, 0.296228647232, 0.243222936988, 0.164481505752], "median": [0.0420118123293, 0.0603086464107, 0.0550430640578, 0.0360619425774, 0.022016312927, 0.220973566175, 0.431795984507, 0.400897651911, 0.136105671525, 0.0444575101137, 0.0186141096056, 0.0200434401631, 0.0269064567983, 0.0267455261201, 0.0887845605612, 0.235052466393, 0.221763923764, 0.067328363657, 0.0313800089061, 0.0284435171634, 0.0627636536956, 0.176552772522, 0.331494182348, 0.213924273849, 0.0445209890604, 0.0203671976924, 0.07132178545, 0.224711552262, 0.268210381269, 0.12343929708, 0.0285473652184, 0.105114556849, 0.208796948195, 0.202561616898, 0.116816952825, 0.0574043616652], "min": [0, 0, 0, 0, 0, 0, 0, 0, 0, 0, 0, 0, 0, 0, 0, 0, 0, 0, 0, 0, 0, 0, 0, 0, 0, 0, 0, 0, 0, 0, 0, 0, 0, 0, 0, 0], "dvar2": [0.0665347278118, 0.076172888279, 0.0704519674182, 0.132241129875, 0.137169808149, 0.0601299069822, 0.134796768427, 0.0877241417766, 0.0530681498349, 0.0395817793906, 0.0330488793552, 0.0324633046985, 0.0396040342748, 0.0533909425139, 0.0694817081094, 0.106549985707, 0.121022298932, 0.188170820475, 0.121641337872, 0.104657389224, 0.121132217348, 0.14055070281, 0.125020623207, 0.135446369648, 0.088226236403, 0.055705640465, 0.0486591681838, 0.0791297480464, 0.102128587663, 0.0620928779244, 0.0676558241248, 0.0845676884055, 0.106890104711, 0.101972095668, 0.0865773111582, 0.0589313134551], "dvar": [0.0256398916245, 0.0291001237929, 0.0266378298402, 0.0506972111762, 0.0522399432957, 0.0233506094664, 0.0608934238553, 0.0374584458768, 0.0210154131055, 0.0142160989344, 0.0116696041077, 0.0114415809512, 0.014019491151, 0.0192999504507, 0.025330632925, 0.0455133765936, 0.0542384684086, 0.071629755199, 0.0456118956208, 0.0379511527717, 0.0443577058613, 0.0584819018841, 0.0525491163135, 0.050076816231, 0.0329408012331, 0.0207504034042, 0.0170090384781, 0.0320292152464, 0.0414686650038, 0.0225340798497, 0.0246842876077, 0.0306556932628, 0.0418210364878, 0.0377149395645, 0.030905039981, 0.0211995821446], "dmean": [0.102338306606, 0.124373450875, 0.117550440133, 0.145744994283, 0.138964906335, 0.142318412662, 0.241200685501, 0.19650568068, 0.123996600509, 0.0725701525807, 0.0505479089916, 0.0487877130508, 0.0565779283643, 0.0709418207407, 0.123235031962, 0.203545629978, 0.207040444016, 0.207260325551, 0.150918886065, 0.12770588696, 0.158501654863, 0.219760403037, 0.241015762091, 0.206201627851, 0.123925976455, 0.0823000147939, 0.0877621844411, 0.170042902231, 0.191162481904, 0.114551626146, 0.0865134075284, 0.133592888713, 0.187547847629, 0.176514685154, 0.140752211213, 0.0930642783642], "max": [1, 1, 1, 1, 1, 1, 1, 1, 1, 1, 1, 1, 1, 1, 1, 1, 1, 1, 1, 1, 1, 1, 1, 1, 1, 1, 1, 1, 1, 1, 1, 1, 1, 1, 1, 1], "var": [0.0292832050472, 0.0356446653605, 0.0256262533367, 0.0407645255327, 0.0393735840917, 0.0375256575644, 0.123372532427, 0.0849450230598, 0.0345369800925, 0.0117608858272, 0.00835368130356, 0.00864961463958, 0.0105272838846, 0.0149384159595, 0.0249051358551, 0.0790387690067, 0.0965412259102, 0.068908251822, 0.0374164097011, 0.0309993997216, 0.0456694252789, 0.0960998386145, 0.103357218206, 0.0687690153718, 0.0448897667229, 0.0245469827205, 0.0154473623261, 0.0620665252209, 0.0844506695867, 0.0273944921792, 0.0196699313819, 0.0322601720691, 0.0657419711351, 0.0534175075591, 0.0330671221018, 0.0183228645474], "mean": [0.111156873405, 0.136254042387, 0.116390392184, 0.118173867464, 0.104392364621, 0.264681071043, 0.511623859406, 0.437131136656, 0.201579526067, 0.0780008435249, 0.0458565615118, 0.0473751835525, 0.0567546077073, 0.0665662139654, 0.143196120858, 0.328063994646, 0.343019455671, 0.190895676613, 0.117458462715, 0.101866066456, 0.154634311795, 0.310635954142, 0.42341786623, 0.297165244818, 0.13282366097, 0.0808489173651, 0.107702761889, 0.301264882088, 0.362195760012, 0.176134631038, 0.0775014907122, 0.166637375951, 0.288875818253, 0.27233093977, 0.176001310349, 0.100555725396]}, "tuning_equal_tempered_deviation": 0.203400418162, "chords_changes_rate": 0.0507226623595, "key_key": "E", "tuning_diatonic_strength": 0.51276242733, "key_scale": "major", "chords_number_rate": 0.0010908099357, "tuning_frequency": 444.085327148, "tuning_nontempered_energy_ratio": 0.807719349861, "chords_histogram": [64.2487030029, 0, 0.381783485413, 0, 0, 0, 0, 0, 0, 0, 0, 0, 0, 0.35451322794, 0, 0, 0, 15.925825119, 2.31797099113, 16.7712020874, 0, 0, 0, 0], "key_strength": 0.548098921776, "chords_key": "E", "chords_strength": {"dmean2": 0.00893368478864, "median": 0.512798070908, "min": 0.34930819273, "dvar2": 5.42589586985e-05, "dvar": 3.94360031351e-05, "dmean": 0.0075919511728, "max": 0.702024817467, "var": 0.004128461238, "mean": 0.516358971596}, "chords_scale": "major", "hpcp_entropy": {"dmean2": 0.961261630058, "median": 2.46591496468, "min": 0, "dvar2": 0.592876017094, "dvar": 0.219755813479, "dmean": 0.577496409416, "max": 4.16260814667, "var": 0.393632650375, "mean": 2.44955086708}}, "metadata": {"audio_properties": {"equal_loudness": 0, "codec": "mp3", "downmix": "mix", "sample_rate": 44100, "analysis_sample_rate": 44100, "bit_rate": 256000, "md5_encoded": "a5f1acc83cc2e7ba13a1923446b1a99f", "length": 170.213882446, "replay_gain": -9.70476722717, "lossless": false}, "version": {"essentia_build_sha": "70f2e5ece6736b2c40cc944ad0e695b16b925413", "essentia": "2.1-beta2", "extractor": "music 1.0", "essentia_git_sha": "v2.1_beta2"}, "tags": {"title": ["Dream Of Isis"], "artist": ["Hawkwind"], "albumartist": ["Hawkwind"], "date": ["2007"], "genre": ["Space"], "album": ["Astounding Sounds, Amazing Music"], "tracknumber": ["8"], "encoding": ["Audiograbber 1.81.02, LAME dll 3.92, 256 Kbit/s, Joint Stereo, High quality"], "musicbrainz_recordingid": ["17767747-56db-4e66-9f01-301a70503967"], "file_name": "106810.mp3"}}, "rhythm": {"bpm_histogram_first_peak_bpm": {"dmean2": 0, "median": 178, "min": 178, "dvar2": 0, "dvar": 0, "dmean": 0, "max": 178, "var": 0, "mean": 178}, "bpm": 178.20539856, "bpm_histogram_second_peak_spread": {"dmean2": 0, "median": 0, "min": 0, "dvar2": 0, "dvar": 0, "dmean": 0, "max": 0, "var": 0, "mean": 0}, "bpm_histogram_first_peak_weight": {"dmean2": 0, "median": 0.656746029854, "min": 0.656746029854, "dvar2": 0, "dvar": 0, "dmean": 0, "max": 0.656746029854, "var": 0, "mean": 0.656746029854}, "onset_rate": 3.80084085464, "beats_position": [0.359909296036, 0.638548731804, 0.940408170223, 1.26548755169, 1.59056687355, 1.91564619541, 2.2523355484, 2.58902478218, 2.92571425438, 3.26240348816, 3.59909296036, 3.93578219414, 4.27247142792, 4.60916090012, 4.94585037231, 5.28253936768, 5.61922883987, 5.95591831207, 6.29260778427, 6.62929677963, 6.96598625183, 7.30267572403, 7.63936471939, 7.97605419159, 8.31274318695, 8.64943313599, 8.98612213135, 9.32281208038, 9.65950107574, 9.99619007111, 10.3328800201, 10.6695690155, 11.0062580109, 11.3429479599, 11.6796369553, 12.0163259506, 12.3530158997, 12.689704895, 13.0263938904, 13.3630838394, 13.6997728348, 14.0364627838, 14.3731517792, 14.7098407745, 15.0465307236, 15.3832197189, 15.7199087143, 16.0565986633, 16.3932876587, 16.7299766541, 17.0666656494, 17.391746521, 17.7168254852, 18.0419044495, 18.4018135071, 18.7501125336, 19.0868015289, 19.4234924316, 19.760181427, 20.0968704224, 20.4335594177, 20.7702484131, 21.1069393158, 21.4436283112, 21.7803173065, 22.1170063019, 22.4536952972, 22.7787742615, 23.1154651642, 23.4521541595, 23.800453186, 24.1371421814, 24.4738311768, 24.8221302032, 25.158821106, 25.4955101013, 25.8205890656, 26.1572780609, 26.4939670563, 26.830657959, 27.1673469543, 27.5040359497, 27.8407249451, 28.1890239716, 28.5141029358, 28.8391838074, 29.1758728027, 29.5125617981, 29.8608608246, 30.1975498199, 30.5342407227, 30.870929718, 31.2076187134, 31.5443077087, 31.8809967041, 32.2176856995, 32.5543746948, 32.8794555664, 33.2161445618, 33.5528335571, 33.8895225525, 34.2262115479, 34.5629005432, 34.8995895386, 35.2478904724, 35.572971344, 35.9096603394, 36.2463493347, 36.5830383301, 36.9197273254, 37.2564163208, 37.5931053162, 37.94140625, 38.2780952454, 38.6147842407, 38.9514732361, 39.2881622314, 39.613243103, 39.9499320984, 40.2866210938, 40.6233100891, 40.9599990845, 41.2966880798, 41.6333770752, 41.9584579468, 42.2951469421, 42.6318359375, 42.9685249329, 43.3052139282, 43.6419029236, 43.9785919189, 44.3036727905, 44.6403617859, 44.9770507812, 45.3253517151, 45.6620407104, 45.9987297058, 46.3354187012, 46.6721076965, 47.0204086304, 47.3570976257, 47.6937866211, 48.018863678, 48.355556488, 48.6806335449, 48.994102478, 49.3424034119, 49.6790924072, 50.0041732788, 50.3408622742, 50.6891593933, 51.0374603271, 51.3857574463, 51.7224464417, 52.0591392517, 52.4074363708, 52.7441253662, 53.0808143616, 53.4058952332, 53.7425842285, 54.0792732239, 54.4043540955, 54.7410430908, 55.0777320862, 55.4028091431, 55.7278900146, 56.0761909485, 56.4244880676, 56.7843971252, 57.1210861206, 57.4461669922, 57.7712478638, 58.0963249207, 58.433013916, 58.7697029114, 59.1063919067, 59.4430847168, 59.7797737122, 60.104850769, 60.4415397644, 60.766620636, 61.0916976929, 61.4399986267, 61.7882995605, 62.1249885559, 62.473285675, 62.8099746704, 63.1466636658, 63.4833564758, 63.831653595, 64.1567306519, 64.4934234619, 64.8301086426, 65.1668014526, 65.5034942627, 65.8401794434, 66.1768722534, 66.5251693726, 66.8618545532, 67.1869354248, 67.5236282349, 67.871925354, 68.2086181641, 68.5453033447, 68.8819961548, 69.2186813354, 69.5553741455, 69.8920593262, 70.2287521362, 70.5654373169, 70.902130127, 71.238822937, 71.5638961792, 71.8889770508, 72.2256698608, 72.5623550415, 72.8874359131, 73.2241287231, 73.5608139038, 73.8975067139, 74.2341918945, 74.5708847046, 74.9075698853, 75.2326507568, 75.5577316284, 75.8828125, 76.2194976807, 76.5561904907, 76.8928756714, 77.2295684814, 77.5662536621, 77.9029464722, 78.2396392822, 78.5763244629, 78.9130172729, 79.2497024536, 79.5863952637, 79.9230804443, 80.2597732544, 80.5964584351, 80.9331512451, 81.2698364258, 81.6065292358, 81.954826355, 82.291519165, 82.6398162842, 82.9648971558, 83.3015823364, 83.6382751465, 83.9749679565, 84.3116531372, 84.6367340088, 84.9618148804, 85.2868881226, 85.6351928711, 85.9834899902, 86.3317871094, 86.6800918579, 87.0167770386, 87.3418579102, 87.6785507202, 88.0036239624, 88.3403167725, 88.6770019531, 89.0136947632, 89.3503875732, 89.6870727539, 90.023765564, 90.3488388062, 90.6855316162, 91.0222167969, 91.3705215454, 91.7072067261, 92.0438995361, 92.3689804077, 92.6940536499, 93.0423583984, 93.36743927, 93.7041244507, 94.0408172607, 94.3775024414, 94.7141952515, 95.0508804321, 95.3875732422, 95.7126541138, 96.037727356, 96.3860321045, 96.7227172852, 97.0594100952, 97.3844909668, 97.7327880859, 98.0578689575, 98.4061660767, 98.7544631958, 99.0911560059, 99.4278411865, 99.7645339966, 100.101219177, 100.426300049, 100.762992859, 101.08807373, 101.424758911, 101.761451721, 102.086524963, 102.423217773, 102.759910583, 103.096595764, 103.433288574, 103.769973755, 104.106666565, 104.443351746, 104.768432617, 105.116729736, 105.453422546, 105.790107727, 106.115188599, 106.451881409, 106.788566589, 107.136871338, 107.473556519, 107.810249329, 108.1353302, 108.472015381, 108.808708191, 109.15700531, 109.505302429, 109.841995239, 110.167076111, 110.503761292, 110.828842163, 111.165527344, 111.502220154, 111.827301025, 112.163986206, 112.512290955, 112.848976135, 113.197273254, 113.533966064, 113.870658875, 114.195732117, 114.50920105, 114.84589386, 115.194190979, 115.530883789, 115.86756897, 116.20426178, 116.54094696, 116.866027832, 117.214332581, 117.539405823, 117.876098633, 118.212783813, 118.549476624, 118.886169434, 119.211242676, 119.559547424, 119.884620667, 120.209701538, 120.557998657, 120.906303406, 121.231384277, 121.568069458, 121.89315033, 122.22983551, 122.554916382, 122.879997253, 123.228294373, 123.576599121, 123.913284302, 124.249977112, 124.586662292, 124.923355103, 125.260040283, 125.596733093, 125.933418274, 126.270111084, 126.606803894, 126.943489075, 127.268569946, 127.605255127, 127.930335999, 128.25541687, 128.592102051, 128.917190552, 129.288711548, 129.625396729, 129.962081909, 130.29876709, 130.635467529, 130.960540771, 131.308837891, 131.645523071, 131.982223511, 132.307296753, 132.632385254, 132.980682373, 133.317367554, 133.654052734, 133.990753174, 134.327438354, 134.652511597, 134.989196777, 135.314285278, 135.627746582, 135.97605896, 136.324356079, 136.66104126, 137.009338379, 137.34602356, 137.694335938, 138.031021118, 138.367706299, 138.704391479, 139.052688599, 139.389389038, 139.726074219, 140.051147461, 140.376235962, 140.712921143, 141.061218262, 141.386306763, 141.722991943, 142.048065186, 142.384765625, 142.721450806, 143.058135986, 143.383224487, 143.708297729, 144.056594849, 144.404891968, 144.741577148, 145.078277588, 145.414962769, 145.751647949, 146.07673645, 146.401809692, 146.750106812, 147.086807251, 147.423492432, 147.760177612, 148.096862793, 148.421951294, 148.758636475, 149.106933594, 149.455230713, 149.791931152, 150.128616333, 150.465301514, 150.801986694, 151.138687134, 151.463760376, 151.800445557, 152.137145996, 152.473831177, 152.810516357, 153.147201538, 153.483901978, 153.80897522, 154.1456604, 154.470748901, 154.807434082, 155.132507324, 155.480819702, 155.829116821, 156.165802002, 156.502487183, 156.827575684, 157.164260864, 157.500946045, 157.826034546, 158.162719727, 158.499404907, 158.836090088, 159.172790527, 159.509475708, 159.846160889, 160.17124939, 160.50793457, 160.844619751, 161.181304932, 161.52961731, 161.86630249, 162.202987671, 162.539672852, 162.876373291, 163.213058472, 163.549743652, 163.886444092, 164.223129272, 164.559814453, 164.884887695, 165.221588135, 165.558273315, 165.894958496, 166.231658936, 166.568344116, 166.905029297, 167.241714478, 167.590026855, 167.938323975, 168.286621094, 168.65814209, 169.041259766, 169.412780762, 169.772689819], "beats_loudness": {"dmean2": 0.0334769524634, "median": 0.0299870464951, "min": 1.12154289411e-07, "dvar2": 0.000970992143266, "dvar": 0.00034391132067, "dmean": 0.0206656567752, "max": 0.130569577217, "var": 0.000822588277515, "mean": 0.0367353633046}, "danceability": 1.34507811069, "bpm_histogram_second_peak_weight": {"dmean2": 0, "median": 0.188492059708, "min": 0.188492059708, "dvar2": 0, "dvar": 0, "dmean": 0, "max": 0.188492059708, "var": 0, "mean": 0.188492059708}, "beats_count": 505, "bpm_histogram_second_peak_bpm": {"dmean2": 0, "median": 185, "min": 185, "dvar2": 0, "dvar": 0, "dmean": 0, "max": 185, "var": 0, "mean": 185}, "bpm_histogram_first_peak_spread": {"dmean2": 0, "median": 0, "min": 0, "dvar2": 0, "dvar": 0, "dmean": 0, "max": 0, "var": 0, "mean": 0}, "beats_loudness_band_ratio": {"dmean2": [0.342908918858, 0.187475308776, 0.2329030931, 0.115929991007, 0.159697160125, 0.0447741001844], "median": [0.243293970823, 0.196764439344, 0.257955729961, 0.1107615605, 0.116745635867, 0.00575208198279], "min": [0.00176332739647, 0.018120450899, 0.0260857120156, 0.00743205612525, 0.00892606191337, 0.000281351967715], "dvar2": [0.104284584522, 0.0203401688486, 0.0312106087804, 0.0109472982585, 0.0195553805679, 0.00219214474782], "dvar": [0.0330648720264, 0.00688089849427, 0.00901738088578, 0.0038678618148, 0.00677245017141, 0.000675347051583], "dmean": [0.194985881448, 0.106691785157, 0.133862510324, 0.0663610696793, 0.0917751863599, 0.0233132299036], "max": [0.912455320358, 0.53955411911, 0.624661386013, 0.5396271348, 0.622865080833, 0.125647351146], "var": [0.0517678409815, 0.0105194114149, 0.0154054490849, 0.00594259751961, 0.0107085993513, 0.000611488590948], "mean": [0.279874831438, 0.204359173775, 0.26399731636, 0.129096910357, 0.138171091676, 0.0191901549697]}}, "lowlevel": {"barkbands_spread": {"dmean2": 4.98370838165, "median": 18.0303382874, "min": 4.99191713333, "dvar2": 21.8375091553, "dvar": 8.97914028168, "dmean": 3.16730666161, "max": 55.0509262085, "var": 28.9010047913, "mean": 18.5947494507}, "melbands_spread": {"dmean2": 8.59988975525, "median": 26.8455657959, "min": 4.3671836853, "dvar2": 67.4672470093, "dvar": 30.006860733, "dmean": 5.54545879364, "max": 164.467041016, "var": 140.36920166, "mean": 27.5505752563}, "hfc": {"dmean2": 7.89397287369, "median": 11.2494850159, "min": 1.09190295929e-16, "dvar2": 319.87197876, "dvar": 134.996765137, "dmean": 5.3427734375, "max": 155.677078247, "var": 214.216812134, "mean": 14.7833023071}, "barkbands_kurtosis": {"dmean2": 1.32273793221, "median": -0.538654208183, "min": -1.79459011555, "dvar2": 3.80854988098, "dvar": 1.52926409245, "dmean": 0.817171871662, "max": 19.1511707306, "var": 2.45322847366, "mean": -0.0705393180251}, "gfcc": {"mean": [-74.4591064453, 160.474700928, -161.440963745, 9.48247909546, -44.7074890137, -2.82868385315, -30.5114212036, -17.2021102905, -0.988067626953, 6.21170330048, -20.237651825, -9.9845533371, 1.08728015423], "icov": [[0.000649321766105, -0.0018645512173, 0.00167048699223, -0.00193242332898, 0.00134524342138, -0.00163793249521, 0.00175885134377, -0.00144621473737, 0.00109745899681, -0.000606780406088, 0.000835708517116, -0.00155804282986, 0.0012632481521], [-0.0018645512173, 0.00793615076691, -0.00416994467378, 0.00534440716729, -0.00597796309739, 0.00484751770273, -0.00665608793497, 0.00645406916738, -0.00463307509199, 0.00346752931364, -0.00374162546359, 0.00449405657127, -0.00420522224158], [0.00167048699223, -0.00416994467378, 0.00796535797417, -0.00528880301863, 0.000906018482056, -0.00692554237321, 0.00443557603285, -0.00412912387401, 0.00338128604926, 0.000268678326393, 0.00205555302091, -0.00643093092367, 0.00440504541621], [-0.00193242332898, 0.00534440716729, -0.00528880301863, 0.0104653742164, -0.00313820177689, 0.00368716195226, -0.00664679985493, 0.00183448242024, -0.00252862670459, 0.00387959298678, -0.00510745914653, 0.00817469134927, -0.00281494040973], [0.00134524342138, -0.00597796309739, 0.000906018482056, -0.00313820177689, 0.0119537357241, -0.00231691170484, 0.00110582879279, -0.00320679624565, 0.000764784461353, -0.00297234300524, 0.00207892735489, -0.00213235011324, 0.00107606651727], [-0.00163793249521, 0.00484751770273, -0.00692554237321, 0.00368716195226, -0.00231691170484, 0.0132852727547, -0.00413452880457, 0.00209146295674, -0.00426347367465, -0.00104452832602, -0.000132528715767, 0.0050000292249, -0.00289858179167], [0.00175885134377, -0.00665608793497, 0.00443557603285, -0.00664679985493, 0.00110582879279, -0.00413452880457, 0.0155143141747, -0.00415819371119, 0.000631980481558, -0.00281729525886, 0.000790682737716, -0.00357090448961, 0.0050313747488], [-0.00144621473737, 0.00645406916738, -0.00412912387401, 0.00183448242024, -0.00320679624565, 0.00209146295674, -0.00415819371119, 0.0175412856042, -0.00385193363763, -4.78851179651e-05, -0.00765753304586, 0.00459631066769, -0.0029097055085], [0.00109745899681, -0.00463307509199, 0.00338128604926, -0.00252862670459, 0.000764784461353, -0.00426347367465, 0.000631980481558, -0.00385193363763, 0.0178534574807, -0.00722751580179, 0.00691729877144, -0.00329313473776, -0.00357304443605], [-0.000606780406088, 0.00346752931364, 0.000268678326393, 0.00387959298678, -0.00297234300524, -0.00104452832602, -0.00281729525886, -4.78851179651e-05, -0.00722751580179, 0.0231988523155, -0.0041867098771, -0.0013867742382, -0.000813489197753], [0.000835708517116, -0.00374162546359, 0.00205555302091, -0.00510745914653, 0.00207892735489, -0.000132528715767, 0.000790682737716, -0.00765753304586, 0.00691729877144, -0.0041867098771, 0.0160596128553, -0.00670144008473, 0.00269000488333], [-0.00155804282986, 0.00449405657127, -0.00643093092367, 0.00817469134927, -0.00213235011324, 0.0050000292249, -0.00357090448961, 0.00459631066769, -0.00329313473776, -0.0013867742382, -0.00670144008473, 0.0249972287565, -0.00782468542457], [0.0012632481521, -0.00420522224158, 0.00440504541621, -0.00281494040973, 0.00107606651727, -0.00289858179167, 0.0050313747488, -0.0029097055085, -0.00357304443605, -0.000813489197753, 0.00269000488333, -0.00782468542457, 0.0268186684698]], "cov": [[13728.0898438, -45.9299812317, -728.295043945, 1879.69311523, -888.222412109, 295.714355469, -223.95930481, 652.674133301, -620.389404297, -187.362869263, 569.516479492, -285.077880859, -385.128173828], [-45.9299812317, 1405.74169922, -152.094314575, -342.143737793, 487.728302002, -161.784957886, 302.893127441, -313.642089844, 303.442901611, 20.2939109802, -118.795562744, 48.555683136, 150.873001099], [-728.295043945, -152.094314575, 531.783569336, 164.782363892, 61.9177970886, 164.566085815, 16.6451721191, 102.801811218, -50.3896751404, -18.2025432587, 59.0227813721, 14.75685215, -45.1421279907], [1879.69311523, -342.143737793, 164.782363892, 693.891479492, -167.80140686, 126.517036438, 8.61148166656, 258.923522949, -199.73500061, -66.2195205688, 214.600036621, -105.113601685, -130.351654053], [-888.222412109, 487.728302002, 61.9177970886, -167.80140686, 336.816467285, -34.2473602295, 144.477706909, -110.684867859, 149.578826904, 30.1942367554, -60.3863182068, 31.5286197662, 70.3024291992], [295.714355469, -161.784957886, 164.566085815, 126.517036438, -34.2473602295, 191.453521729, -13.9017829895, 80.4748764038, -22.6229190826, 6.32853317261, 20.8978805542, -15.664437294, -29.1310253143], [-223.95930481, 302.893127441, 16.6451721191, 8.61148166656, 144.477706909, -13.9017829895, 189.022735596, -30.9003162384, 73.3879241943, 13.0243606567, 8.31976318359, -0.498809099197, 19.2917613983], [652.674133301, -313.642089844, 102.801811218, 258.923522949, -110.684867859, 80.4748764038, -30.9003162384, 213.984191895, -101.073997498, -8.47950458527, 119.195625305, -31.8361606598, -62.4464912415], [-620.389404297, 303.442901611, -50.3896751404, -199.73500061, 149.578826904, -22.6229190826, 73.3879241943, -101.073997498, 196.320205688, 47.5318946838, -97.1709594727, 32.2541122437, 77.6885910034], [-187.362869263, 20.2939109802, -18.2025432587, -66.2195205688, 30.1942367554, 6.32853317261, 13.0243606567, -8.47950458527, 47.5318946838, 66.8442077637, -10.9561481476, 19.4462165833, 19.2887248993], [569.516479492, -118.795562744, 59.0227813721, 214.600036621, -60.3863182068, 20.8978805542, 8.31976318359, 119.195625305, -97.1709594727, -10.9561481476, 172.900131226, -11.0365009308, -50.4113044739], [-285.077880859, 48.555683136, 14.75685215, -105.113601685, 31.5286197662, -15.664437294, -0.498809099197, -31.8361606598, 32.2541122437, 19.4462165833, -11.0365009308, 74.7517242432, 29.0702114105], [-385.128173828, 150.873001099, -45.1421279907, -130.351654053, 70.3024291992, -29.1310253143, 19.2917613983, -62.4464912415, 77.6885910034, 19.2887248993, -50.4113044739, 29.0702114105, 80.9280319214]]}, "spectral_energyband_middle_low": {"dmean2": 0.00923336297274, "median": 0.00648277439177, "min": 2.13239957407e-22, "dvar2": 0.000333632808179, "dvar": 0.000135469905217, "dmean": 0.00582545623183, "max": 0.131484821439, "var": 0.000170644518221, "mean": 0.0105714043602}, "melbands_crest": {"dmean2": 4.24060773849, "median": 8.55651092529, "min": 1.46092391014, "dvar2": 17.1428031921, "dvar": 6.68608093262, "dmean": 2.56594944, "max": 28.3294487, "var": 13.5098772049, "mean": 9.41395378113}, "spectral_kurtosis": {"dmean2": 12.3332891464, "median": 9.09987640381, "min": -1.24410235882, "dvar2": 201.811203003, "dvar": 66.0462265015, "dmean": 6.96581745148, "max": 68.7459640503, "var": 162.818161011, "mean": 14.1791028976}, "spectral_rms": {"dmean2": 0.00113719911315, "median": 0.0036363331601, "min": 3.16793466459e-12, "dvar2": 2.97611745737e-06, "dvar": 1.36870517053e-06, "dmean": 0.000775628723204, "max": 0.0156281739473, "var": 4.21993263444e-06, "mean": 0.0039992579259}, "zerocrossingrate": {"dmean2": 0.00692053744569, "median": 0.053955078125, "min": 0.013671875, "dvar2": 0.000118951655168, "dvar": 6.52959497529e-05, "dmean": 0.00583786144853, "max": 0.529296875, "var": 0.00119648117106, "mean": 0.0555451884866}, "silence_rate_60dB": {"dmean2": 0.0136425644159, "median": 0, "min": 0, "dvar2": 0.014821219258, "dvar": 0.00677396310493, "dmean": 0.00682035181671, "max": 1, "var": 0.0642503798008, "mean": 0.0690125450492}, "erbbands_kurtosis": {"dmean2": 0.987496078014, "median": -0.35008764267, "min": -1.66297733784, "dvar2": 1.30910587311, "dvar": 0.584006726742, "dmean": 0.63018321991, "max": 12.4460067749, "var": 1.5548722744, "mean": 0.0319245420396}, "erbbands": {"dmean2": [0.100366286933, 0.882896661758, 2.34674334526, 6.72120332718, 8.94097042084, 8.1196269989, 13.401093483, 22.1190242767, 37.0772323608, 33.7681388855, 20.6116943359, 28.1824913025, 19.6791381836, 15.2383775711, 21.7972869873, 20.153678894, 27.5019187927, 33.1022186279, 24.7104530334, 52.2245788574, 14.7068014145, 11.8219041824, 10.2289037704, 8.58142280579, 8.66635704041, 7.83135461807, 4.62948799133, 2.69881701469, 1.85882341862, 1.28522396088, 0.624099552631, 0.289478212595, 0.146549001336, 0.055038806051, 0.0181412026286, 0.0045314677991, 0.000939188350458, 0.000126758619444, 1.58879956871e-05, 1.6029456674e-05], "median": [0.00608335295692, 0.153073132038, 0.40681129694, 0.92246901989, 1.46147179604, 3.60496759415, 4.82603931427, 9.87776947021, 14.0117969513, 12.0245923996, 17.6757678986, 16.4212322235, 17.290145874, 8.18599510193, 11.0288791656, 7.82450389862, 12.2066478729, 49.4285163879, 27.128030777, 74.8962173462, 13.7271194458, 4.48449516296, 3.31185412407, 1.93691205978, 1.14615571499, 1.20047521591, 0.67599260807, 0.782340407372, 0.175096347928, 0.0765016227961, 0.0191901791841, 0.00830747559667, 0.00430817902088, 0.00168802717235, 0.0006039616419, 0.000174890767084, 5.20194444107e-05, 1.33923995236e-05, 9.51531455939e-06, 1.64058510563e-05], "min": [1.34315951075e-22, 8.68295790498e-22, 2.69263889544e-21, 1.45643629157e-20, 1.73595855357e-20, 4.33436695617e-20, 3.17406746313e-20, 1.30959971287e-19, 6.2136676704e-20, 1.33463355863e-19, 4.57774106997e-19, 4.67632807429e-19, 6.90349222805e-19, 1.11701456623e-18, 9.08099245783e-19, 1.33551690997e-18, 1.35310814647e-18, 1.99902732723e-18, 2.18662341155e-18, 2.55791252848e-18, 4.41079834137e-18, 4.65973669236e-18, 6.69944000582e-18, 6.51032418392e-18, 7.88733505836e-18, 1.01996713115e-17, 9.96582073484e-18, 1.06692931781e-17, 1.24607901954e-17, 1.23568251729e-17, 1.00462475058e-17, 1.13422765711e-17, 1.1039258806e-17, 8.95766044889e-18, 6.7270628752e-18, 4.61609050734e-18, 2.31418024548e-18, 1.02436185902e-18, 2.7472369033e-19, 3.07217561377e-20], "dvar2": [0.160312697291, 5.63879919052, 55.7106170654, 355.202362061, 582.590393066, 241.779388428, 538.973144531, 1866.42626953, 5439.11523438, 3551.15966797, 2175.52978516, 7209.85498047, 2815.15625, 840.533996582, 1767.10412598, 1739.95080566, 4915.82421875, 3307.4909668, 3254.58325195, 4616.45556641, 1093.69018555, 940.892944336, 886.559509277, 825.543579102, 823.647766113, 522.827575684, 228.321838379, 67.3675765991, 38.0160102844, 23.6136474609, 4.75577974319, 1.00149726868, 0.223893240094, 0.0326615832746, 0.00387166230939, 0.000223841241677, 1.01817176983e-05, 2.10795093381e-07, 2.74705747039e-09, 1.09705888818e-09], "dvar": [0.0649324283004, 2.14992427826, 19.782037735, 128.633972168, 225.733032227, 88.3449554443, 223.829818726, 733.440124512, 2198.63623047, 1486.30407715, 848.187561035, 3039.42016602, 1064.85119629, 341.806152344, 680.658569336, 695.170043945, 1848.13439941, 1290.40869141, 1380.97692871, 2019.41674805, 448.184173584, 369.698791504, 348.953704834, 317.785095215, 315.775848389, 208.754745483, 92.7495193481, 27.159160614, 15.1036977768, 9.08369445801, 1.99250423908, 0.431886196136, 0.0971114635468, 0.0137256402522, 0.0016822750913, 9.7926131275e-05, 4.31673743151e-06, 8.04626196782e-08, 1.00653574364e-09, 4.62581917215e-10], "dmean": [0.0623527914286, 0.539832234383, 1.3666229248, 4.00671720505, 5.31383132935, 4.72599411011, 8.19035243988, 13.364112854, 22.5946674347, 20.8774909973, 12.5685300827, 17.4040393829, 11.5827627182, 9.45003795624, 13.142706871, 12.4793748856, 16.9521179199, 21.6494789124, 16.1272830963, 37.2146606445, 9.7309217453, 7.362241745, 6.43724679947, 5.38716077805, 5.41659212112, 4.9117732048, 2.93918728828, 1.71804940701, 1.18721437454, 0.825670421124, 0.413354694843, 0.194323986769, 0.0986906141043, 0.0367811322212, 0.0122884539887, 0.00314123416319, 0.000633562041912, 8.01947462605e-05, 9.90317312244e-06, 1.05762410385e-05], "max": [3.18792915344, 17.3093185425, 86.9024353027, 221.083740234, 305.411468506, 156.660766602, 174.640533447, 430.622772217, 847.671508789, 654.833984375, 698.440795898, 1469.14892578, 1725.03967285, 456.643310547, 440.45022583, 437.33984375, 776.049987793, 747.887145996, 1211.52575684, 748.11340332, 493.614440918, 264.773742676, 347.453979492, 313.852416992, 341.637298584, 286.641845703, 185.056365967, 87.7536773682, 67.0534362793, 74.691192627, 36.4798164368, 15.4899616241, 6.72562360764, 2.35610175133, 1.4489723444, 0.221696913242, 0.0429954491556, 0.00637397682294, 0.000837842235342, 0.000277678744169], "var": [0.0598363280296, 2.36147618294, 18.5955867767, 107.766403198, 217.44859314, 87.8420715332, 249.27331543, 753.758911133, 2271.72338867, 1958.89953613, 1104.47216797, 6296.75976562, 1000.20806885, 410.428466797, 924.352539062, 841.165893555, 3186.30737305, 2361.15966797, 2193.89135742, 6278.87988281, 602.525085449, 402.271179199, 364.61630249, 320.0362854, 315.553436279, 244.541030884, 105.152923584, 34.7169036865, 19.8693027496, 10.90583992, 3.77158045769, 0.75592815876, 0.171964094043, 0.0205593574792, 0.00312697235495, 0.000174595683347, 6.30380645816e-06, 8.35170368418e-08, 8.82290296378e-10, 7.17818915419e-10], "mean": [0.0656549185514, 0.763205707073, 1.73906564713, 4.67703962326, 5.88736438751, 6.34555006027, 10.5089178085, 18.0271644592, 28.7976608276, 26.7787895203, 24.1275634766, 31.4466934204, 22.3276290894, 14.7594470978, 20.6990966797, 18.169549942, 28.8036575317, 59.4369125366, 36.1670722961, 93.9180526733, 19.6972579956, 10.3894844055, 8.63186359406, 7.01326704025, 6.7742190361, 6.54620265961, 3.94882059097, 2.68161463737, 1.62044870853, 1.06583726406, 0.580276608467, 0.267384439707, 0.134554535151, 0.0477738268673, 0.017000887543, 0.00435767136514, 0.000821814639494, 9.51074107434e-05, 1.712962694e-05, 2.46415293077e-05]}, "spectral_strongpeak": {"dmean2": 1.27207231522, "median": 0.625491499901, "min": 0, "dvar2": 2.56061673164, "dvar": 1.11954903603, "dmean": 0.74213540554, "max": 9.07470226288, "var": 2.18827867508, "mean": 1.38476896286}, "spectral_energy": {"dmean2": 0.0137996952981, "median": 0.0135534927249, "min": 1.02867050066e-20, "dvar2": 0.000796399486717, "dvar": 0.00033511876245, "dmean": 0.00907092634588, "max": 0.250345796347, "var": 0.000520613219123, "mean": 0.0207193940878}, "average_loudness": 0.790665209293, "spectral_rolloff": {"dmean2": 403.206878662, "median": 1658.05664062, "min": 129.19921875, "dvar2": 345752.78125, "dvar": 168009.875, "dmean": 239.718048096, "max": 19616.7480469, "var": 1679858.125, "mean": 1673.21032715}, "spectral_centroid": {"dmean2": 273.342315674, "median": 1185.64501953, "min": 367.659332275, "dvar2": 102279.78125, "dvar": 45384.21875, "dmean": 177.640518188, "max": 11681.1054688, "var": 545341.1875, "mean": 1229.79528809}, "pitch_salience": {"dmean2": 0.104106277227, "median": 0.584438800812, "min": 0.233844920993, "dvar2": 0.00895393267274, "dvar": 0.003565661842, "dmean": 0.0646824687719, "max": 0.988991677761, "var": 0.008181495592, "mean": 0.585943877697}, "spectral_energyband_middle_high": {"dmean2": 0.00273025315255, "median": 0.0044897114858, "min": 1.27993567921e-21, "dvar2": 2.95096378977e-05, "dvar": 1.20719105325e-05, "dmean": 0.00181685446296, "max": 0.0520481318235, "var": 2.10375583265e-05, "mean": 0.00544344307855}, "spectral_contrast_coeffs": {"dmean2": [0.0856464579701, 0.0764348953962, 0.0549367628992, 0.0535989180207, 0.0371326766908, 0.0328466258943], "median": [-0.652120411396, -0.757894992828, -0.784709632397, -0.695855975151, -0.780603647232, -0.7073969841], "min": [-0.986201882362, -0.980315446854, -0.981889367104, -0.981962859631, -0.987945556641, -0.96591168642], "dvar2": [0.00524049857631, 0.0042561814189, 0.00209347624332, 0.00212844391353, 0.00100894202478, 0.000925712753087], "dvar": [0.00201590009965, 0.0014986093156, 0.000774640298914, 0.000938274664804, 0.000409759115428, 0.000416191935074], "dmean": [0.0515934191644, 0.0450891628861, 0.0330350771546, 0.0337931774557, 0.0227488726377, 0.0213318690658], "max": [-0.314460396767, -0.484334796667, -0.537745535374, -0.529220283031, -0.635937690735, -0.571479082108], "var": [0.00522401649505, 0.00270913098939, 0.00211563450284, 0.00447804527357, 0.00155083474237, 0.00215770234354], "mean": [-0.647692501545, -0.75567150116, -0.78361594677, -0.694735229015, -0.78226351738, -0.710168540478]}, "melbands_skewness": {"dmean2": 0.656527757645, "median": 1.2039744854, "min": -1.41832029819, "dvar2": 0.475694149733, "dvar": 0.207357749343, "dmean": 0.424594968557, "max": 5.80594825745, "var": 0.785064518452, "mean": 1.23097205162}, "spectral_spread": {"dmean2": 441899.40625, "median": 2272332, "min": 890413.5625, "dvar2": 676703830016, "dvar": 336620519424, "dmean": 283209.125, "max": 41875320, "var": 7301289738240.0, "mean": 2503907.75}, "dissonance": {"dmean2": 0.0230020266026, "median": 0.478195279837, "min": 0.0217017326504, "dvar2": 0.000662875769194, "dvar": 0.000225574796787, "dmean": 0.0132715608925, "max": 0.500000119209, "var": 0.000248671829468, "mean": 0.475589305162}, "spectral_skewness": {"dmean2": 0.935793042183, "median": 1.98760008812, "min": -0.087889611721, "dvar2": 0.915522813797, "dvar": 0.298960208893, "dmean": 0.534559249878, "max": 5.97460603714, "var": 1.01671266556, "mean": 2.25789046288}, "spectral_flux": {"dmean2": 0.0380821600556, "median": 0.057767637074, "min": 6.51605644442e-11, "dvar2": 0.00254909601063, "dvar": 0.00121337769087, "dmean": 0.0244483184069, "max": 0.414688527584, "var": 0.00309493485838, "mean": 0.0706268176436}, "spectral_contrast_valleys": {"dmean2": [0.715562105179, 0.580756306648, 0.518574416637, 0.53623342514, 0.479177981615, 0.49130859971], "median": [-7.5914978981, -6.26251888275, -6.96101093292, -7.66641235352, -8.31604003906, -12.3401279449], "min": [-28.2562885284, -28.1041069031, -27.6410274506, -27.5561313629, -27.4478797913, -27.3399238586], "dvar2": [0.353889495134, 0.254744678736, 0.215540155768, 0.262565761805, 0.314461737871, 0.389251232147], "dvar": [0.162176772952, 0.121536247432, 0.10449244827, 0.138602361083, 0.169759586453, 0.231765389442], "dmean": [0.451287776232, 0.365601539612, 0.324845463037, 0.347238242626, 0.334360331297, 0.373453676701], "max": [-4.97245931625, -4.37666082382, -5.22035312653, -5.17676448822, -5.13303565979, -8.70575809479], "var": [3.12921524048, 2.76496195793, 2.55403780937, 2.75880122185, 3.46044158936, 2.9726266861], "mean": [-7.81424379349, -6.50485181808, -7.13300704956, -7.89690732956, -8.64963531494, -12.2855453491]}, "erbbands_flatness_db": {"dmean2": 0.022043377161, "median": 0.241697847843, "min": 0.0864436328411, "dvar2": 0.000558153900784, "dvar": 0.000311622134177, "dmean": 0.0161190275103, "max": 0.376566082239, "var": 0.00355268525891, "mean": 0.247492387891}, "spectral_energyband_high": {"dmean2": 0.000217212378629, "median": 4.00770986744e-05, "min": 7.18884495015e-21, "dvar2": 4.9275274705e-07, "dvar": 2.06231717925e-07, "dmean": 0.000144387944601, "max": 0.00658998871222, "var": 2.86717494191e-07, "mean": 0.000223816270591}, "spectral_entropy": {"dmean2": 0.210624814034, "median": 7.10760784149, "min": 6.06124734879, "dvar2": 0.0456145592034, "dvar": 0.0229658838362, "dmean": 0.138747900724, "max": 9.82069587708, "var": 0.264298439026, "mean": 7.06031417847}, "silence_rate_20dB": {"dmean2": 0, "median": 1, "min": 1, "dvar2": 0, "dvar": 0, "dmean": 0, "max": 1, "var": 0, "mean": 1}, "melbands_flatness_db": {"dmean2": 0.0310100410134, "median": 0.240778282285, "min": 0.000908362853806, "dvar2": 0.000992864719592, "dvar": 0.000475617649499, "dmean": 0.0206609163433, "max": 0.411089509726, "var": 0.0039965971373, "mean": 0.235327377915}, "barkbands": {"dmean2": [0.000154197812662, 0.00366953900084, 0.00214643264189, 0.00320357643068, 0.00223510479555, 0.00250463280827, 0.00288798846304, 0.000942514743656, 0.0011422096286, 0.000487574172439, 0.000501564820297, 0.000527767289896, 0.00066132406937, 0.000683002755977, 0.000573206576519, 0.000572034274228, 0.000233327795286, 0.000186724864761, 0.000165652483702, 0.000163290926139, 8.71001320775e-05, 5.15043539053e-05, 2.34986582655e-05, 1.05673634607e-05, 3.49445440406e-06, 6.54910934372e-07, 6.28075866871e-08], "median": [3.35769811954e-07, 0.000555366277695, 0.000255708873738, 0.000391506182496, 0.00086982594803, 0.00103815668263, 0.000985567574389, 0.000722446595319, 0.000641819729935, 0.000421881559305, 0.000241752757574, 0.000167358331964, 0.000137667811941, 0.00116710411385, 0.000554186408408, 0.000766392680816, 8.03835064289e-05, 4.64317490696e-05, 2.48983087658e-05, 2.21947193495e-05, 1.98986563191e-05, 4.38913502876e-06, 7.36450203931e-07, 3.08986386699e-07, 1.12523593998e-07, 2.78385492436e-08, 1.09176951923e-08], "min": [9.63791994245e-25, 5.06363898605e-24, 1.81020641617e-24, 2.23642677997e-24, 1.16212716638e-23, 1.17571545324e-23, 3.91856793907e-24, 5.56934536909e-24, 1.98017560955e-23, 2.35467833129e-23, 1.76835383472e-23, 3.81861942015e-23, 1.54201796587e-23, 4.09391452114e-23, 3.93489593986e-23, 8.49023918583e-23, 6.78696606025e-23, 1.44318884058e-22, 1.1071159196e-22, 1.78619313523e-22, 2.59587618182e-22, 3.34318797249e-22, 4.18463724866e-22, 6.39243400235e-22, 9.38803951014e-22, 1.41434576348e-21, 2.06661059406e-21], "dvar2": [5.77508217248e-07, 0.000109370637801, 6.02508844167e-05, 6.18522462901e-05, 2.47027510341e-05, 1.88856465684e-05, 2.83586214209e-05, 3.0360645269e-06, 1.02296280602e-05, 1.21685002341e-06, 8.33320427773e-07, 1.15944249046e-06, 3.00146052723e-06, 1.70907128449e-06, 1.15137731882e-06, 6.08347136222e-07, 3.34325704898e-07, 3.01987370221e-07, 2.80554701249e-07, 2.52615535601e-07, 7.91419196844e-08, 3.04506748705e-08, 7.08618053125e-09, 1.18105436542e-09, 1.32412372733e-10, 4.87290980136e-12, 6.50969078989e-14], "dvar": [2.48468381869e-07, 4.46230187663e-05, 2.10327598325e-05, 2.33806822507e-05, 9.22371782508e-06, 7.75473472459e-06, 1.16669207273e-05, 1.18844161534e-06, 4.23566507379e-06, 4.47768258027e-07, 3.27730958816e-07, 4.57607342241e-07, 1.11673557512e-06, 6.84954727603e-07, 4.67843563001e-07, 2.53297145036e-07, 1.31236390644e-07, 1.18372526003e-07, 1.09207469734e-07, 1.00139033066e-07, 3.19700319551e-08, 1.19793934772e-08, 2.86867085642e-09, 5.20409992877e-10, 5.64690481875e-11, 2.07288136309e-12, 2.29660583086e-14], "dmean": [0.000101147998066, 0.00227003730834, 0.00121949031018, 0.00193293415941, 0.00130399537738, 0.00153019744903, 0.00176751008257, 0.000564063084312, 0.000690168875735, 0.000288753624773, 0.000305283028865, 0.000323986518197, 0.000404407037422, 0.00