{"tonal": {"thpcp": [1, 0.915673613548, 0.514452040195, 0.258132755756, 0.168088421226, 0.166558846831, 0.236038118601, 0.465062022209, 0.796384811401, 0.763522624969, 0.579402029514, 0.534181475639, 0.386048167944, 0.251814812422, 0.193725004792, 0.213703930378, 0.290621548891, 0.318887233734, 0.343971669674, 0.385293334723, 0.515446186066, 0.556244373322, 0.339305073023, 0.205716252327, 0.327046185732, 0.635315358639, 0.640399813652, 0.393617600203, 0.315513908863, 0.241687804461, 0.17908808589, 0.228071272373, 0.290701270103, 0.269772559404, 0.235131293535, 0.548104703426], "hpcp": {"dmean2": [0.250540941954, 0.199557393789, 0.16067071259, 0.154470875859, 0.152519777417, 0.156196713448, 0.184932112694, 0.223820403218, 0.260119646788, 0.264553695917, 0.204713657498, 0.16922031343, 0.21289151907, 0.267308950424, 0.268166959286, 0.221683159471, 0.1837772578, 0.16577373445, 0.141417488456, 0.132038474083, 0.149244189262, 0.155798539519, 0.141780942678, 0.273348659277, 0.432016164064, 0.317289680243, 0.225142046809, 0.163475051522, 0.130927160382, 0.136890485883, 0.176149964333, 0.25032222271, 0.305618584156, 0.314472585917, 0.290604680777, 0.261246919632], "median": [0.0233998466283, 0.0127848256379, 0.0086921909824, 0.00841064378619, 0.00927637889981, 0.0102580077946, 0.0181897673756, 0.0280726999044, 0.0492259971797, 0.0483869127929, 0.024076608941, 0.00679780216888, 0.0208400525153, 0.0470817536116, 0.0525432378054, 0.0444942079484, 0.0267657171935, 0.0132803944871, 0.00567029463127, 0.00913439691067, 0.0147803649306, 0.0150387510657, 0.0104973558336, 0.0326431542635, 0.091673091054, 0.146428614855, 0.0482717975974, 0.0240133199841, 0.00882197637111, 0.00452594971284, 0.00677604787052, 0.0411536470056, 0.0911241695285, 0.092999085784, 0.0512830018997, 0.0255295392126], "min": [0, 0, 0, 0, 0, 0, 0, 0, 0, 0, 0, 0, 0, 0, 0, 0, 0, 0, 0, 0, 0, 0, 0, 0, 0, 0, 0, 0, 0, 0, 0, 0, 0, 0, 0, 0], "dvar2": [0.140008047223, 0.13116915524, 0.113427050412, 0.0998925790191, 0.0951011925936, 0.09239076823, 0.104249402881, 0.126564010978, 0.144359990954, 0.148753091693, 0.113396413624, 0.100972473621, 0.0996847748756, 0.118280790746, 0.114698544145, 0.102131918073, 0.100335910916, 0.107316724956, 0.0962981507182, 0.0770364180207, 0.0795697942376, 0.0854482725263, 0.085143096745, 0.122191660106, 0.252695590258, 0.126846373081, 0.099301636219, 0.0747666656971, 0.0723694637418, 0.0807546526194, 0.115560166538, 0.136308297515, 0.142533197999, 0.143173143268, 0.145505696535, 0.144447550178], "dvar": [0.0516274981201, 0.0450787246227, 0.038233064115, 0.0340812914073, 0.0337681807578, 0.0341400466859, 0.037754394114, 0.0444279871881, 0.0495015233755, 0.052681516856, 0.0395701117814, 0.0352257825434, 0.0355882979929, 0.0454260110855, 0.0440488643944, 0.0367118902504, 0.0360403098166, 0.0380158647895, 0.0337665565312, 0.0276844203472, 0.0285705514252, 0.0304906964302, 0.0317902453244, 0.0469016246498, 0.0979975387454, 0.048963740468, 0.0368920005858, 0.0265246815979, 0.0254587773234, 0.0286814179271, 0.040957134217, 0.0493612848222, 0.0560381636024, 0.0539510436356, 0.052523329854, 0.0567331165075], "dmean": [0.137702599168, 0.10739569366, 0.0855919271708, 0.0832691937685, 0.0843131914735, 0.0867012292147, 0.103318318725, 0.12475644052, 0.147070392966, 0.150979682803, 0.113648213446, 0.090781994164, 0.117652229965, 0.15083001554, 0.152168363333, 0.123084634542, 0.101975426078, 0.0896376818419, 0.0761513262987, 0.0732612162828, 0.0848460569978, 0.0871614739299, 0.0787472948432, 0.152076348662, 0.238965541124, 0.181691586971, 0.13071590662, 0.0900965631008, 0.070688828826, 0.0733990296721, 0.0961414203048, 0.138977855444, 0.177116349339, 0.180485099554, 0.163679406047, 0.148099079728], "max": [1, 1, 1, 1, 1, 1, 1, 1, 1, 1, 1, 1, 1, 1, 1, 1, 1, 1, 1, 1, 1, 1, 1, 1, 1, 1, 1, 1, 1, 1, 1, 1, 1, 1, 1, 1], "var": [0.0481244064867, 0.0326291583478, 0.0248799454421, 0.0261096861213, 0.0413522683084, 0.0504884682596, 0.0435654968023, 0.0468201525509, 0.0562075488269, 0.0679833590984, 0.0366043522954, 0.0258186999708, 0.0321439355612, 0.0867237374187, 0.0856591165066, 0.037000849843, 0.0329934209585, 0.0299998838454, 0.0245337821543, 0.0291003771126, 0.0360759235919, 0.0323217101395, 0.0321918427944, 0.0570410899818, 0.143720507622, 0.0964003801346, 0.0563169568777, 0.0226199477911, 0.0171084329486, 0.0203164387494, 0.0335970781744, 0.0541767664254, 0.0988909527659, 0.0908051580191, 0.0688248723745, 0.0803910642862], "mean": [0.119286201894, 0.0778090208769, 0.0598596781492, 0.0660330280662, 0.0898000374436, 0.0985339358449, 0.106284856796, 0.119052961469, 0.159269288182, 0.17187564075, 0.10484290868, 0.063564889133, 0.101054996252, 0.196308016777, 0.197879090905, 0.121625095606, 0.0974915996194, 0.074679851532, 0.0553369745612, 0.0704724341631, 0.0898246690631, 0.0833578407764, 0.0726539343596, 0.169360533357, 0.308993041515, 0.282936781645, 0.158962100744, 0.0797612220049, 0.0519381538033, 0.0514655224979, 0.0729341357946, 0.143700927496, 0.246077358723, 0.235923185945, 0.179031193256, 0.165058359504]}, "tuning_equal_tempered_deviation": 0.252042472363, "chords_changes_rate": 0.0688757821918, "key_key": "F", "tuning_diatonic_strength": 0.455343961716, "key_scale": "minor", "chords_number_rate": 0.00277585000731, "tuning_frequency": 434.193115234, "tuning_nontempered_energy_ratio": 0.857290685177, "chords_histogram": [27.7238025665, 3.55655789375, 1.0409437418, 0, 2.93199157715, 14.7293548584, 5.44760560989, 3.31367111206, 0.3469812572, 1.82165157795, 6.87022924423, 11.4850797653, 1.43997228146, 0, 0.1734906286, 1.1797362566, 6.81818199158, 3.19222760201, 0, 0, 0, 0, 2.67175579071, 5.25676631927], "key_strength": 0.558800518513, "chords_key": "F", "chords_strength": {"dmean2": 0.0119329374284, "median": 0.452466666698, "min": -1, "dvar2": 0.000670731533319, "dvar": 0.00036512024235, "dmean": 0.0101925423369, "max": 0.816224038601, "var": 0.0112860808149, "mean": 0.457793146372}, "chords_scale": "minor", "hpcp_entropy": {"dmean2": 1.07144522667, "median": 2.30577301979, "min": 0, "dvar2": 0.787721812725, "dvar": 0.287843883038, "dmean": 0.627032160759, "max": 4.51073026657, "var": 0.624643266201, "mean": 2.29626631737}}, "metadata": {"audio_properties": {"equal_loudness": 0, "codec": "mp3", "downmix": "mix", "sample_rate": 44100, "analysis_sample_rate": 44100, "bit_rate": 202251, "md5_encoded": "8a5d00c7e13ec4e552af32417316b8e7", "length": 267.625549316, "replay_gain": -7.26943206787, "lossless": false}, "version": {"essentia_build_sha": "ca57ba49d9b1854bd80e60cf9ccf267278fb7d6b", "essentia": "2.1-beta1", "extractor": "music 1.0", "essentia_git_sha": "v2.1_beta1-28-g21ef5f4-dirty"}, "tags": {"title": ["Talk to You"], "barcode": ["075678380327"], "media": ["CD"], "albumartist": ["Tracy Chapman"], "language": ["eng"], "url:discogs_artist": ["http://www.discogs.com/artist/161091"], "musicbrainz_recordingid": ["17770130-93de-484b-a1b2-cff91378e720"], "musicbrainz_releasegroupid": ["b4825622-15a1-33e7-a085-78c99f140074"], "musicbrainz_albumartistid": ["1129817c-488a-4096-80c1-77fc1b107c93"], "acoustid_fingerprint": ["AQADtImSjFqsBD3-Akfz4xpx-MNx_OiLHvgFd-jxqQiLxsnx8LjTwz-FXXnwgkkd9MeU4YF_9EH-QnvhikcPFMeD48GRH89xHQ--D8f7who1KdhzgA7F4CP6MMgxHTr64yNKocfxHjhw9Mf-EEcq43nxHC6PHlOO6fgf4g9RexFsN0OtRNTB48eD_SKeJfgQ5gr644eeo17wBb-R58ZRP7iOB5-HyTqaGM-UC__wHf3BpCKHkIqO5m9wXWiko-KOedAsBk1MPMeP_UXDSHLwgMkqHce5BxXFo_mDnAebH82PKks64d9xHuaNO3mI58G1oQn-nHDODuUDhpGOHOKVqxgfVHnw4-GHXPkR2kdzxvhzIZ82nNlRtqLg5cEz4-_xiYHzJwv8RkMZHiFPTHmHZ-CORo2Oa36xLdIDvwp0RxHuDJ-EUBd-4WuJnNnRQBOl4VYwicuOM8ezw7tQnYNcpoidoD4e8cS1pQJ1ETcqFmck2TiV5SjzhPB6DDl3VBe68fgDjYly5PuDPkcT-nh140Tj5ch7PPnwbEqgn7gnPJcxfXgy6ANzpDVX-NvQJFMvXBuFE2Em5UNvKHyY4MatwxPJBK8xhVGWNSj54tqhhg8c6vjxyYpQ8tByCXvcEB-FS4KP_Arx7PDkINexP2geByGf41uOLt7RxDvO4jxaNJsr9EeuHH_ASx00NcOPF0yYPShvvJXxR_iOptlVPDnSncTDo7mDs8GT4YZ3xNGe47oDXalwhnhVVEfTHc-d4DpUdOWOMKkyoRaa_cJz9NLRhFuMHzd-o6GM3lJxOfiJpqgqlqgS6Uh5JJx1TE-GqyGePArqC02OJwzxRDhOHdUT_CEq58MlPUcyxl5hT6ge4XmIX_B44lGOXwgvZRqamhR-7EGzB5W2I9-P5Ct87JFx5YieFFouhEuFZmGUHvUVhE-PhHWJ_uizGM15PCfOnNieitiP5zGSG2H-gKF2HJb9II8O5VqFvyijT3gSfIZ6hBmZ4gtxHDPz4Ece6kiUZAmTopQkHj8YvAvaHOwfPJQVEfd3NEei_Mh99AfDpvhxLkyCixk1rNFxHYmD_MKbLM1wvpjT45KGmj9OHQ7toWdxcmiWo9SOX2hCJUeVDj_4JsTVxriCOjya83ieITycQw4pNOEWZM-DfwnKq2iq5cGVJQqO6jjcNI3BJDweH3doJIyFXHiGJ3rQ5IkidF9x7gZTHeWP5EKu6BF-NFkUjvixxylCae-R_MOf4LiTHHN6PEJ1JfiD5_BzlGTQDlsXZYeTRici6YcenLoQnlEFJg_OoBbTHE3c4qKOK0l6XH_wjAmuv-iD56CqfwjlHH-gZ9LxhEuQvwEfB2mVbfhR6US6PHjRfMebLKvx4LPhHl-So1aGZtvx_LhAyctE_A-SZ_kQdSeOcz9e_HimHGcurPsQvkbCm_gW4vASpcRPNO4DsiGPuxO-vujRTA-Hq8Wroqku_NjGowx5IR_O6FB_hNnRRllwUsYZHE8QSocWbUuD_CjXHD2Pq8S3E38QzTPeJDo06wiDn8gf-MzxDVcjqOosgkn6o1_wlEYPccxntJOO3MGNN2jyg3yQdoc-H2GIS3h4XBMaHX108NEJl8TxIOwyF1qYY9dGxJJ2XPC0SBTimsTzII_QF05_wOVzfMFtHVMEJA-R9nimBieJn0GlR0GzZC9eKhr249-O33DxByGZyIKXnIKvWERlBs_Ro34xR01x4he2PHqCUyZu5Ti8H8-S40-24H9wDWIk4g-a8MUDKzqqK3iOxz60vEdZ_IifacbD4-TxD-mPo1YWDf7QMw9-EdYdXObxxFiV_miyG0Uz8YZ2psi1Hecb3Jfw44l69AyMyWNxInHyMciP-3hy1C9sHT6OJnGMJF4-xEpwJMsphKfxz8M-vDm26MdzJD_Cl2CSRWikBxWX6fjy4ZoxH30j-MqEmxae6EL74wzxGJEuCsnk4J2Ok0-C__CzDCeFVoejB80pgfyLd-rwo60Ev0zgMdeR3ELuY8qu4w-HJ8w1vAmOHHJ6FnmiR3gy7FJyvMOVo9YVBY5ylMyF82iOikl2fDqc_8gD3TnyHk_y4Dp6NJcYxEdy_AdGB9eFT0d5BslyHXn44SLxHtcx-Q0qjceJsDnEpDrCE2dwpsGPHntGdNlR3QgzidTxQ4e-DC43yXgdQdeNMEfPoLlkovqCJ5gvNPmaILyRXMfDpnCe4ok-PEcT_uiTHT8zZLcDLfuK8HmIMxqqX2jYCPmEXUceZY2C8tlS7MePJzz88ChiS0je5PgYJ7hEGdcPh2KK26h9vFoVVGUpXDrO40i3WYH04_uRq_gOZ5GON8c7oeFRXsh_HKeGPMbqHPkF7dmQ0_DzFMWH6cFv1PrwZlmJHz_x4mKKTx84CubxMFHy4FFIRMdPyDziDw164seDU2FQRUsQpkbSusG3VHhwcXiboc9h_UEoR3qgX8g__PBjjM7xaUhtDaf2g5VyOJuOfKKPp8fhB-fx4AiTaoKUjQqOWCHx87hwRpxwMOuPJtae4Dnx40d_hHmgyYK154geHK5OfMmaBd3nGC_OoA8Pt8hhVYN2IqK64xvKznAdnBr6ZKnwe3jSFQ--BNeHSjmi5YT2o8uDhtkc5GgehN2Oh0-g-vA0XHpwHrUyNF-q4FIfAJEIBYyYah1ShklgBBQIAaCEUkRRBIlRACCKEINAM4ucQsAxQQwCqgQhlZJGiLKUE9ARpARRSiDADCFYUKMYKEJR44AAQCENDWMIA2SEUxYYYAABTDhADVAECCGAEggZBABQBEIinIACEOCQIYBAKAgRSggAgAAAMQYEEgQQJIAzCABkCBCSQCOEAEQZpIwjhigqgGDEGCAANQIABYAQgAhAFGMAAOAJEEIAI5QRQCmAAFLEGQWEI5g4JhARCigAkCKIGGGNYgYIQIgQADBACBNMIYSgFAAIBoRVBBAFACBSOEEBcYowxoxADBmlAVEICqEIEcIAqBAxiDihqHHCICCpRkgAYgCwRABACBFAWOEMMIwK5gRhBApqKElAAmKcIJwAAASwRhgnKBcGOKMRAowwIIQwhEGjCIXCMeQYYEQQAYhxAghIlYBGGiQIAYoBxxEhhCEgAFHMWACVcJRQAIghBHDEBCCAMAMIElQAYRECBBABjFOCMWmYEAJ46BgShhBABABEiEAIA4IoQgwASBMpBCDAKgSUsAIYIYhwhDMmCENCAGCIE0AQAyBgyChBgCPCGIIIhAAQprBiCCA4GEHcMEAEAoQBgaRCggimBAIICAIMEQBYRhwBQACAlCAOECKEUAgwJ5UwggBJjEBAGAYEBUMAYxBgQAgiECIAGCaEYhYIBRBTQBlmPCAAYAGMMcpYBgRTxioFgAWOgCMAEAoBQLRDRgACABDGMCMMAMBSUYRRhgglhCcMKCAMAEIAQwEiCCsilTAACQWIMAQA4SADgBkjHIMCAiaJY1Ao4IADQDhiCFKGCOGMAAIBR4RhQgECiNACEaQAAcAQZQQFAjJCDFAICEqcEIZBZ5gARSgAlQLCCIWIAIYKi4iDAjCFhGIEOVIQSUAQIAAyxhCBiAACICQAMCwwQcEoBiAgjgAMIK4oYwAQwwQBhgAgCQAMCCAlYQIyI4THQCBjCDECCA"], "country": ["United States"], "album": ["Where You Live"], "catalognumber": ["83803-2"], "musicbrainz album release country": ["US"], "musicbrainz original album id": ["756812f3-32d2-4367-92b8-996053e85dd1"], "musicbrainz album type": ["Album"], "musicbrainz album status": ["Official"], "discnumber": ["01/01"], "originaldate": ["2005-09-12"], "artists": ["Tracy Chapman"], "date": ["2005"], "genre": ["Pop"], "originalalbum": ["Where You Live"], "musicbrainz release track id": ["c3fedd39-2089-3748-ad04-004fca44fcb9"], "musicbrainz_artistid": ["1129817c-488a-4096-80c1-77fc1b107c93"], "asin": ["B000A3DG8A"], "musicbrainz_albumid": ["f6ac7745-6ce2-3c03-988b-275ef986301a"], "tracknumber": ["02/11"], "encodedby": ["LAME version 3.90.3"], "url:discogs_release": ["http://www.discogs.com/release/517177"], "artistsort": ["Chapman, Tracy"], "artist": ["Tracy Chapman"], "label": ["Elektra"], "file_name": "02-tracy_chapman-talk_to_you-just.mp3", "acoustid_id": ["5734cb97-3a78-4a80-a608-fb6324db5148"], "script": ["Latin"], "albumartistsort": ["Chapman, Tracy"]}}, "rhythm": {"bpm_histogram_first_peak_bpm": {"dmean2": 0, "median": 144, "min": 144, "dvar2": 0, "dvar": 0, "dmean": 0, "max": 144, "var": 0, "mean": 144}, "bpm": 141.783432007, "bpm_histogram_second_peak_spread": {"dmean2": 0, "median": 0.0416666269302, "min": 0.0416666269302, "dvar2": 0, "dvar": 0, "dmean": 0, "max": 0.0416666269302, "var": 0, "mean": 0.0416666269302}, "bpm_histogram_first_peak_weight": {"dmean2": 0, "median": 0.480127185583, "min": 0.480127185583, "dvar2": 0, "dvar": 0, "dmean": 0, "max": 0.480127185583, "var": 0, "mean": 0.480127185583}, "onset_rate": 2.42859196663, "beats_position": [0.406349211931, 0.812698423862, 1.21904754639, 1.62539684772, 2.04335594177, 2.46131515503, 2.87927436829, 3.29723358154, 3.7151927948, 4.13315200806, 4.55111122131, 4.98067998886, 5.39863920212, 5.8282084465, 6.25777769089, 6.68734693527, 7.12852573395, 7.56970500946, 7.99927425385, 8.44045352936, 8.893242836, 9.33442115784, 9.76399040222, 10.1935596466, 10.6347389221, 11.0759181976, 11.505487442, 11.9234466553, 12.3530158997, 12.7941951752, 13.2237634659, 13.6533327103, 14.0945119858, 14.5240812302, 14.9536504745, 15.3832197189, 15.8127889633, 16.242357254, 16.6603164673, 17.0782756805, 17.5078449249, 17.9258041382, 18.3437633514, 18.7733325958, 19.2029018402, 19.6324710846, 20.0504302979, 20.4683895111, 20.8863487244, 21.3159179688, 21.733877182, 22.1518363953, 22.5814056396, 23.010974884, 23.4289340973, 23.8585033417, 24.2880725861, 24.7060317993, 25.1239910126, 25.5419502258, 25.9831295013, 26.4126987457, 26.8538761139, 27.2834453583, 27.7130146027, 28.142583847, 28.5605430603, 28.9901123047, 29.4196815491, 29.8492507935, 30.2788200378, 30.7083892822, 31.1379585266, 31.567527771, 31.9970970154, 32.4150543213, 32.8446235657, 33.2625846863, 33.6921539307, 34.121723175, 34.5512924194, 34.9808616638, 35.4104309082, 35.8400001526, 36.269569397, 36.7107467651, 37.151927948, 37.5814971924, 37.9994544983, 38.4290237427, 38.8469848633, 39.2765541077, 39.7061233521, 40.1356925964, 40.5652618408, 40.9948310852, 41.4243965149, 41.8539657593, 42.2951469421, 42.7363243103, 43.1658935547, 43.5954627991, 44.0250320435, 44.4429931641, 44.86095047, 45.2789115906, 45.708480835, 46.1380500793, 46.5560073853, 46.9739685059, 47.3919258118, 47.8098869324, 48.2278442383, 48.6458053589, 49.0637626648, 49.4933319092, 49.9229011536, 50.3408622742, 50.7704315186, 51.2000007629, 51.6179580688, 52.0359191895, 52.4654884338, 52.8834457397, 53.3014030457, 53.7193641663, 54.1489334106, 54.578502655, 55.0080718994, 55.4260292053, 55.8439903259, 56.2735595703, 56.7031288147, 57.1210861206, 57.550655365, 57.9802246094, 58.4097938538, 58.8393630981, 59.2573242188, 59.6752815247, 60.0932426453, 60.5228118896, 60.952381134, 61.3819503784, 61.7999076843, 62.2178688049, 62.6358261108, 63.0537872314, 63.4833564758, 63.9013137817, 64.3192749023, 64.748840332, 65.1551895142, 65.5847625732, 66.0143280029, 66.443901062, 66.8734664917, 67.3030395508, 67.720993042, 68.1505661011, 68.5685272217, 68.9864807129, 69.4044418335, 69.8224029541, 70.2403640747, 70.6699295044, 71.087890625, 71.5174560547, 71.9354171753, 72.3533782959, 72.7829437256, 73.2009048462, 73.6304779053, 74.060043335, 74.489616394, 74.9075698853, 75.3255310059, 75.7551040649, 76.1846694946, 76.6026306152, 77.0205917358, 77.4501571655, 77.8797302246, 78.3092956543, 78.738861084, 79.1568222046, 79.5863952637, 80.0043487549, 80.433921814, 80.8634872437, 81.2930603027, 81.7226257324, 82.1521987915, 82.5701599121, 82.9997253418, 83.4292984009, 83.8472518921, 84.2768249512, 84.7063903809, 85.1359634399, 85.5655288696, 85.9951019287, 86.4246673584, 86.842628479, 87.2722015381, 87.7017669678, 88.1197280884, 88.537689209, 88.9556427002, 89.3736038208, 89.8031692505, 90.2327423096, 90.6507034302, 91.0686569214, 91.486618042, 91.9045791626, 92.3225402832, 92.7404937744, 93.158454895, 93.5764160156, 93.9943771362, 94.4123306274, 94.830291748, 95.2598648071, 95.6894302368, 96.1190032959, 96.5485687256, 96.9665298462, 97.3844909668, 97.802444458, 98.2087936401, 98.6267547607, 99.0331039429, 99.4510650635, 99.8690261841, 100.286979675, 100.704940796, 101.122901917, 101.540863037, 101.958816528, 102.376777649, 102.806350708, 103.224304199, 103.64226532, 104.071838379, 104.48979187, 104.907752991, 105.325714111, 105.743675232, 106.173240662, 106.602806091, 107.03237915, 107.46194458, 107.879905701, 108.297866821, 108.727432251, 109.15700531, 109.574966431, 109.992919922, 110.410881042, 110.828842163, 111.246803284, 111.664756775, 112.094329834, 112.512290955, 112.930244446, 113.348205566, 113.766166687, 114.195732117, 114.625305176, 115.054870605, 115.472831726, 115.890792847, 116.308753967, 116.726707458, 117.156280518, 117.585845947, 118.015419006, 118.444984436, 118.874557495, 119.304122925, 119.733695984, 120.163261414, 120.592834473, 121.022399902, 121.451972961, 121.881538391, 122.299499512, 122.74067688, 123.158638, 123.576599121, 124.006164551, 124.447341919, 124.876914978, 125.306480408, 125.736053467, 126.154014587, 126.571968079, 126.989929199, 127.40789032, 127.83745575, 128.25541687, 128.6849823, 129.114562988, 129.544128418, 129.962081909, 130.3800354, 130.809616089, 131.239181519, 131.65713501, 132.07510376, 132.504669189, 132.934234619, 133.352203369, 133.781768799, 134.222946167, 134.652511597, 135.070480347, 135.488433838, 135.917999268, 136.347564697, 136.765533447, 137.206710815, 137.636276245, 138.065841675, 138.483810425, 138.901763916, 139.319732666, 139.737686157, 140.155639648, 140.573608398, 141.003173828, 141.432739258, 141.839096069, 142.257049561, 142.68661499, 143.10458374, 143.522537231, 143.940490723, 144.370071411, 144.799636841, 145.217590332, 145.635559082, 146.065124512, 146.494689941, 146.912643433, 147.330612183, 147.748565674, 148.166534424, 148.572875977, 149.002441406, 149.432022095, 149.861587524, 150.279541016, 150.697509766, 151.115463257, 151.533416748, 151.951385498, 152.369338989, 152.798904419, 153.228485107, 153.646438599, 154.06439209, 154.48236084, 154.900314331, 155.329879761, 155.759460449, 156.17741394, 156.595367432, 157.024932861, 157.45451355, 157.895690918, 158.313644409, 158.731613159, 159.14956665, 159.567520142, 159.99710083, 160.42666626, 160.844619751, 161.274185181, 161.692153931, 162.12171936, 162.539672852, 162.957641602, 163.375595093, 163.793563843, 164.211517334, 164.629470825, 165.047439575, 165.465393066, 165.883346558, 166.301315308, 166.719268799, 167.148834229, 167.578414917, 168.007980347, 168.437545776, 168.855514526, 169.273468018, 169.691421509, 170.109390259, 170.52734375, 170.945297241, 171.363265991, 171.781219482, 172.210784912, 172.65196228, 173.06993103, 173.487884521, 173.905853271, 174.335418701, 174.764984131, 175.194549561, 175.612518311, 176.030471802, 176.460037231, 176.88961792, 177.31918335, 177.748748779, 178.178314209, 178.607894897, 179.025848389, 179.44380188, 179.873382568, 180.302947998, 180.732513428, 181.162078857, 181.580047607, 181.998001099, 182.41595459, 182.845535278, 183.275100708, 183.693054199, 184.122619629, 184.552200317, 184.981765747, 185.411331177, 185.829299927, 186.247253418, 186.676818848, 187.106384277, 187.524353027, 187.942306519, 188.371871948, 188.801452637, 189.219406128, 189.648971558, 190.078552246, 190.508117676, 190.937683105, 191.355636597, 191.785217285, 192.214782715, 192.644348145, 193.073913574, 193.491882324, 193.909835815, 194.327789307, 194.745758057, 195.175323486, 195.604888916, 196.022857666, 196.452423096, 196.881988525, 197.311553955, 197.729522705, 198.147476196, 198.577041626, 198.995010376, 199.412963867, 199.830932617, 200.248886108, 200.6668396, 201.08480835, 201.514373779, 201.932327271, 202.361907959, 202.77986145, 203.197814941, 203.62739563, 204.05696106, 204.486526489, 204.916091919, 205.334060669, 205.75201416, 206.18157959, 206.611160278, 207.040725708, 207.470291138, 207.888244629, 208.306213379, 208.72416687, 209.142120361, 209.560089111, 209.978042603, 210.407608032, 210.837188721, 211.255142212, 211.684707642, 212.102676392, 212.532241821, 212.950195312, 213.368164062, 213.786117554, 214.192474365, 214.622039795, 215.039993286, 215.469558716, 215.899139404, 216.317092896, 216.735046387, 217.164627075, 217.594192505, 218.023757935, 218.453323364, 218.882904053, 219.312469482, 219.730422974, 220.159988403, 220.589569092, 221.03074646, 221.448699951, 221.866668701, 222.284622192, 222.714187622, 223.143753052, 223.561721802, 223.979675293, 224.397644043, 224.815597534, 225.233551025, 225.651519775, 226.069473267, 226.475830078, 226.882171631, 227.300125122, 227.729705811, 228.147659302, 228.565612793, 228.995193481, 229.43637085, 229.854324341, 230.272293091, 230.701858521, 231.13142395, 231.56098938, 231.967346191, 232.396911621, 232.826477051, 233.256057739, 233.685623169, 234.115188599, 234.544754028, 234.962722778, 235.38067627, 235.810241699, 236.239807129, 236.657775879, 237.07572937, 237.49369812, 237.911651611, 238.341217041, 238.759185791, 239.188751221, 239.606704712, 240.024673462, 240.442626953, 240.860580444, 241.290161133, 241.719726562, 242.137680054, 242.567245483, 242.996826172, 243.414779663, 243.844345093, 244.273925781, 244.691879272, 245.121444702, 245.551010132, 245.98059082, 246.41015625, 246.83972168, 247.269287109, 247.687255859, 248.116821289, 248.546386719, 248.964355469, 249.393920898, 249.823486328, 250.253051758, 250.671020508, 251.100585938, 251.530151367, 251.959716797, 252.377685547, 252.795639038, 253.225204468, 253.654785156, 254.095962524, 254.513916016, 254.931884766, 255.361450195, 255.779403687, 256.185760498, 256.603729248, 257.02166748, 257.43963623, 257.85760498, 258.275543213, 258.693511963, 259.111480713, 259.529418945, 259.947387695, 260.365356445, 260.783294678, 261.201263428, 261.619232178, 262.03717041, 262.45513916, 262.87310791, 263.291046143, 263.709014893, 264.126983643, 264.544952393, 264.962890625, 265.392456055, 265.810424805, 266.239990234, 266.657958984, 267.087524414], "beats_loudness": {"dmean2": 0.0921949371696, "median": 0.0560540892184, "min": 0, "dvar2": 0.0050624217838, "dvar": 0.00177333573811, "dmean": 0.0496958941221, "max": 0.304300278425, "var": 0.00256032519974, "mean": 0.0652826726437}, "danceability": 1.08388137817, "bpm_histogram_second_peak_weight": {"dmean2": 0, "median": 0.03656597808, "min": 0.03656597808, "dvar2": 0, "dvar": 0, "dmean": 0, "max": 0.03656597808, "var": 0, "mean": 0.03656597808}, "beats_count": 630, "bpm_histogram_second_peak_bpm": {"dmean2": 0, "median": 136, "min": 136, "dvar2": 0, "dvar": 0, "dmean": 0, "max": 136, "var": 0, "mean": 136}, "bpm_histogram_first_peak_spread": {"dmean2": 0, "median": 0.500826478004, "min": 0.500826478004, "dvar2": 0, "dvar": 0, "dmean": 0, "max": 0.500826478004, "var": 0, "mean": 0.500826478004}, "beats_loudness_band_ratio": {"dmean2": [0.407317906618, 0.209474533796, 0.0997004061937, 0.0427295155823, 0.0263054147363, 0.25293764472], "median": [0.608165740967, 0.103848993778, 0.0313777960837, 0.0142837762833, 0.00339213013649, 0.147676885128], "min": [0, 0, 0, 0, 0, 0], "dvar2": [0.0998079180717, 0.0415786057711, 0.0145623786375, 0.00186857336666, 0.00102222966962, 0.0514932014048], "dvar": [0.0340415872633, 0.0157036650926, 0.00543795805424, 0.000795171712525, 0.000386228522984, 0.0160646531731], "dmean": [0.232504501939, 0.12240575254, 0.0574018619955, 0.0247788354754, 0.0144468359649, 0.135482415557], "max": [0.99619024992, 0.836009979248, 0.47458037734, 0.260546475649, 0.198544815183, 0.668719232082], "var": [0.0583732537925, 0.0230894591659, 0.00471558095887, 0.000985195161775, 0.000309590279358, 0.0232710521668], "mean": [0.584999203682, 0.154278591275, 0.0559166260064, 0.0259109288454, 0.0109645836055, 0.192320719361]}}, "lowlevel": {"barkbands_spread": {"dmean2": 4.99126577377, "median": 5.73491477966, "min": 0.163742482662, "dvar2": 54.7371253967, "dvar": 23.5583000183, "dmean": 3.09749054909, "max": 131.926269531, "var": 82.217666626, "mean": 8.14082050323}, "melbands_spread": {"dmean2": 3.80766868591, "median": 4.62119817734, "min": 0.0232319477946, "dvar2": 47.7276229858, "dvar": 20.3241863251, "dmean": 2.34555315971, "max": 185.388427734, "var": 109.983688354, "mean": 6.60189247131}, "hfc": {"dmean2": 66.3930740356, "median": 132.255554199, "min": 1.11810400445e-16, "dvar2": 7314.70849609, "dvar": 2985.18383789, "dmean": 42.2015953064, "max": 1500.95568848, "var": 21639.2011719, "mean": 167.771911621}, "barkbands_kurtosis": {"dmean2": 33.6151847839, "median": 17.3649368286, "min": -1.8610765934, "dvar2": 4683.99755859, "dvar": 1641.05505371, "dmean": 19.9932594299, "max": 1131.55334473, "var": 3280.75927734, "mean": 36.9935112}, "gfcc": {"mean": [-89.3907165527, 115.884849548, -42.7059364319, 3.39979529381, -21.9798870087, -9.8344745636, -8.59413814545, -17.5994853973, -9.72714233398, -6.01592302322, -1.01469540596, -2.55324339867, -4.9333896637], "icov": [[0.000104029051727, -0.000267437193543, 0.000285722722765, -0.000153853106895, 0.000198730180273, -6.34507014183e-05, 0.000217060529394, 5.61577035114e-05, 5.07924451085e-05, 5.35693798156e-05, 0.000172004525666, -0.000288767623715, 0.00037020619493], [-0.000267437193543, 0.00367355230264, -0.00109623011667, 0.00178580079228, -0.000588800990954, 0.000852768484037, -0.00249330792576, 0.000795835687313, -0.0012793042697, 0.00134775531478, -0.00377493584529, 0.00410455279052, -0.00385737232864], [0.000285722722765, -0.00109623011667, 0.00255512166768, -0.00157135492191, 0.0015013985103, -0.00123166234698, 0.00168684171513, -0.000138524352224, -0.000921773549635, 0.00230832374655, -0.00224280077964, 0.00200336845592, 0.000212163780816], [-0.000153853106895, 0.00178580079228, -0.00157135492191, 0.00540912384167, -0.00397772854194, 0.00296856067143, -0.00211404520087, -0.00230919313617, 0.00262152543291, -0.0035527376458, 0.00417559221387, -0.00360806682147, 0.00139084062539], [0.000198730180273, -0.000588800990954, 0.0015013985103, -0.00397772854194, 0.00973019562662, -0.00655381381512, 0.00111155910417, 0.00537982210517, -0.00830532889813, 0.0074421656318, -0.00466790236533, 0.00438318168744, -0.00362319289707], [-6.34507014183e-05, 0.000852768484037, -0.00123166234698, 0.00296856067143, -0.00655381381512, 0.00940070301294, -0.00207221438177, -0.00608657673001, 0.00829139351845, -0.00570136262104, 0.000679559481796, -0.00143282779027, 0.0025094517041], [0.000217060529394, -0.00249330792576, 0.00168684171513, -0.00211404520087, 0.00111155910417, -0.00207221438177, 0.00896772649139, -0.000854911806528, -0.000963976606727, 0.00413112109527, -0.000855594524182, -0.0044715097174, 0.00496263708919], [5.61577035114e-05, 0.000795835687313, -0.000138524352224, -0.00230919313617, 0.00537982210517, -0.00608657673001, -0.000854911806528, 0.0130455614999, -0.0090010361746, 0.000646823842544, 0.00270164315589, 0.00243169185705, -0.00687994575128], [5.07924451085e-05, -0.0012793042697, -0.000921773549635, 0.00262152543291, -0.00830532889813, 0.00829139351845, -0.000963976606727, -0.0090010361746, 0.0201500188559, -0.0144888944924, 0.00699567282572, -0.004745059181, 0.00589995272458], [5.35693798156e-05, 0.00134775531478, 0.00230832374655, -0.0035527376458, 0.0074421656318, -0.00570136262104, 0.00413112109527, 0.000646823842544, -0.0144888944924, 0.0316306650639, -0.0207909867167, 0.00499677984044, -0.000510878919158], [0.000172004525666, -0.00377493584529, -0.00224280077964, 0.00417559221387, -0.00466790236533, 0.000679559481796, -0.000855594524182, 0.00270164315589, 0.00699567282572, -0.0207909867167, 0.0360775627196, -0.0162452179939, 0.00288721802644], [-0.000288767623715, 0.00410455279052, 0.00200336845592, -0.00360806682147, 0.00438318168744, -0.00143282779027, -0.0044715097174, 0.00243169185705, -0.004745059181, 0.00499677984044, -0.0162452179939, 0.0293845850974, -0.0136021608487], [0.00037020619493, -0.00385737232864, 0.000212163780816, 0.00139084062539, -0.00362319289707, 0.0025094517041, 0.00496263708919, -0.00687994575128, 0.00589995272458, -0.000510878919158, 0.00288721802644, -0.0136021608487, 0.0268054306507]], "cov": [[19416.9921875, 525.325195312, -2439.4621582, -254.080078125, -582.124450684, -597.584594727, 178.769332886, -480.276123047, -219.06338501, -69.472946167, -56.7387809753, 248.063354492, -160.301834106], [525.325195312, 890.82611084, 202.348358154, -399.832611084, 15.8786058426, -32.2510528564, 32.6329040527, -133.25970459, -19.6272621155, -36.477268219, 103.221260071, -84.7895278931, 54.4838180542], [-2439.4621582, 202.348358154, 965.575378418, -3.69267082214, 50.6540985107, 102.137557983, -102.163627625, 66.6720428467, 13.5551242828, -14.587387085, 27.9067382812, -109.683326721, 26.7447319031], [-254.080078125, -399.832611084, -3.69267082214, 532.648071289, 96.6359024048, -1.94095563889, 55.42943573, 109.227531433, 52.7764892578, 12.8305301666, -70.6958389282, 60.0956916809, -23.8817367554], [-582.124450684, 15.8786058426, 50.6540985107, 96.6359024048, 293.616333008, 127.033035278, 23.7970218658, -9.08995437622, 37.2825965881, -15.7733078003, 9.65914440155, -14.5253515244, 9.04766654968], [-597.584594727, -32.2510528564, 102.137557983, -1.94095563889, 127.033035278, 290.665893555, 29.5972366333, 65.7563934326, -34.3186950684, 12.9021654129, 23.6988105774, -5.90181493759, 6.51349878311], [178.769332886, 32.6329040527, -102.163627625, 55.42943573, 23.7970218658, 29.5972366333, 186.436279297, 7.00808477402, -1.36432528496, -16.8140945435, 3.37248420715, 34.1325111389, -15.1751356125], [-480.276123047, -133.25970459, 66.6720428467, 109.227531433, -9.08995437622, 65.7563934326, 7.00808477402, 207.101028442, 79.0250244141, 39.8142089844, -27.0447349548, 10.2610473633, 17.2195072174], [-219.06338501, -19.6272621155, 13.5551242828, 52.7764892578, 37.2825965881, -34.3186950684, -1.36432528496, 79.0250244141, 151.599822998, 58.3830184937, 0.0892965197563, 5.13828325272, -3.51421809196], [-69.472946167, -36.477268219, -14.587387085, 12.8305301666, -15.7733078003, 12.9021654129, -16.8140945435, 39.8142089844, 58.3830184937, 92.7379379272, 39.320110321, 19.3451957703, -0.34959718585], [-56.7387809753, 103.221260071, 27.9067382812, -70.6958389282, 9.65914440155, 23.6988105774, 3.37248420715, -27.0447349548, 0.0892965197563, 39.320110321, 83.4034957886, 22.7856044769, 13.9146165848], [248.063354492, -84.7895278931, -109.683326721, 60.0956916809, -14.5253515244, -5.90181493759, 34.1325111389, 10.2610473633, 5.13828325272, 19.3451957703, 22.7856044769, 88.1019821167, 18.516248703], [-160.301834106, 54.4838180542, 26.7447319031, -23.8817367554, 9.04766654968, 6.51349878311, -15.1751356125, 17.2195072174, -3.51421809196, -0.34959718585, 13.9146165848, 18.516248703, 64.8937988281]]}, "spectral_energyband_middle_low": {"dmean2": 0.00853981543332, "median": 0.00692647509277, "min": 1.70007502037e-22, "dvar2": 0.000245389033807, "dvar": 0.000115919050586, "dmean": 0.00562118692324, "max": 0.198723822832, "var": 0.000372472452, "mean": 0.0139239858836}, "melbands_crest": {"dmean2": 6.55151081085, "median": 17.425863266, "min": 1.52754569054, "dvar2": 34.4361839294, "dvar": 12.6963481903, "dmean": 3.91447734833, "max": 39.7798423767, "var": 49.5830230713, "mean": 18.4924888611}, "spectral_kurtosis": {"dmean2": 17.8470439911, "median": 15.2277526855, "min": -1.25689291954, "dvar2": 852.020324707, "dvar": 309.130401611, "dmean": 10.7860555649, "max": 241.617279053, "var": 370.000518799, "mean": 21.0850334167}, "spectral_rms": {"dmean2": 0.00173974304926, "median": 0.00548814237118, "min": 3.15910774103e-12, "dvar2": 6.08445634498e-06, "dvar": 2.62324351752e-06, "dmean": 0.00111119856592, "max": 0.0247136224061, "var": 8.81466803548e-06, "mean": 0.00570769328624}, "zerocrossingrate": {"dmean2": 0.0597900711, "median": 0.30078125, "min": 0.001953125, "dvar2": 0.0028003922198, "dvar": 0.00179192179348, "dmean": 0.0470367856324, "max": 0.91943359375, "var": 0.0207032654434, "mean": 0.306352674961}, "silence_rate_60dB": {"dmean2": 0.0263774394989, "median": 0, "min": 0, "dvar2": 0.0301989596337, "dvar": 0.0130123700947, "dmean": 0.0131875760853, "max": 1, "var": 0.0633089616895, "mean": 0.0679274722934}, "erbbands_kurtosis": {"dmean2": 6.33701944351, "median": 1.61394691467, "min": -1.85808885098, "dvar2": 276.438293457, "dvar": 105.712272644, "dmean": 3.86843442917, "max": 229.399291992, "var": 172.114578247, "mean": 5.31089067459}, "erbbands": {"dmean2": [0.681534051895, 2.82538866997, 5.07276821136, 8.69268417358, 10.5391082764, 10.6682567596, 26.7458019257, 28.0993785858, 14.9176359177, 20.1533184052, 9.90914726257, 15.5787267685, 15.0982656479, 14.3491392136, 10.6645517349, 11.3320455551, 8.27877616882, 4.27476787567, 3.92516160011, 4.05246591568, 4.3331489563, 4.38172912598, 3.24899411201, 2.79266667366, 2.07987380028, 1.68530058861, 2.11099934578, 1.46255385876, 1.16202890873, 0.719742894173, 0.284499615431, 0.187667518854, 0.110168322921, 0.0477210246027, 0.0302674528211, 0.0244118757546, 0.023134527728, 0.01886857301, 0.00647447351366, 0.00271831778809], "median": [0.132576316595, 0.662240207195, 2.03379797935, 3.70459961891, 5.02539396286, 5.77218151093, 5.97737121582, 7.00213861465, 6.02971792221, 4.66223239899, 2.19332385063, 2.02453517914, 1.41267561913, 2.2573788166, 2.89637160301, 4.02918243408, 1.97100055218, 1.15702986717, 0.781035542488, 0.625798761845, 0.391501903534, 0.332121163607, 0.284751534462, 0.246454581618, 0.201657250524, 0.183209910989, 0.172048047185, 0.114238731563, 0.0967822596431, 0.0701304674149, 0.0407519713044, 0.0249420758337, 0.0166888665408, 0.00991395581514, 0.00637864368036, 0.00516030425206, 0.00386341335252, 0.00291471043602, 0.00230111507699, 0.0054371044971], "min": [3.94255735697e-23, 5.76807621807e-22, 3.48389208131e-21, 9.30009179334e-21, 1.52546079783e-20, 2.9784641283e-20, 6.86265742314e-20, 1.23572240291e-19, 1.51094374577e-19, 1.70057890786e-19, 1.81589331362e-19, 3.78493394777e-19, 7.98790222967e-19, 9.5486193716e-19, 9.78745329781e-19, 1.44034292406e-18, 2.50391045578e-18, 1.7180570274e-18, 2.96233188331e-18, 4.40823697661e-18, 3.39007524987e-18, 3.44634090231e-18, 4.82942328245e-18, 5.71738471282e-18, 8.15588255295e-18, 7.58547369178e-18, 1.16968748376e-17, 1.11066889152e-17, 1.26193640275e-17, 1.05885231272e-17, 1.18898064437e-17, 1.00892997751e-17, 9.2094732525e-18, 7.90214076414e-18, 6.19061556844e-18, 4.67084159208e-18, 2.41422836095e-18, 1.04798903245e-18, 2.55874622314e-19, 2.66894493687e-20], "dvar2": [3.93154001236, 39.6005973816, 86.6292877197, 238.510757446, 426.776000977, 523.151123047, 6901.61083984, 8710.93554688, 1279.3737793, 3040.19262695, 1209.78198242, 4952.23144531, 3473.51049805, 2925.7421875, 1201.95373535, 738.707763672, 513.257080078, 121.960281372, 123.363990784, 180.484405518, 236.693572998, 256.069030762, 120.85483551, 58.1843261719, 42.488155365, 19.1602706909, 33.8301963806, 20.7295150757, 12.8060455322, 4.32843971252, 0.546285092831, 0.191599458456, 0.0501521602273, 0.00836136098951, 0.00328678055666, 0.00201889243908, 0.00338326138444, 0.00287158158608, 0.000302208791254, 2.05527940125e-05], "dvar": [1.404312253, 14.2789087296, 31.7627868652, 98.9695663452, 161.833145142, 229.504699707, 3399.95117188, 4115.17822266, 532.736999512, 1296.94226074, 510.871673584, 2291.59985352, 1368.91564941, 1168.14086914, 473.715698242, 307.421783447, 208.010894775, 48.9203491211, 47.8632125854, 65.9147338867, 89.8309173584, 94.8548355103, 48.3033790588, 25.0634918213, 18.181016922, 9.35931015015, 15.5134830475, 9.56993198395, 5.93569612503, 2.04047894478, 0.251966536045, 0.0816311761737, 0.0213923994452, 0.0033381623216, 0.00130459002685, 0.000862703775056, 0.00142610038165, 0.00132830860093, 0.000145247307955, 1.04564151115e-05], "dmean": [0.394574195147, 1.64144551754, 2.96636962891, 5.35042572021, 6.28893232346, 6.80800676346, 18.1116333008, 18.7021331787, 9.64976501465, 12.656580925, 6.32785749435, 9.98771476746, 9.40201663971, 8.90215969086, 6.57563018799, 7.21069765091, 5.22015380859, 2.61833977699, 2.38559961319, 2.46440672874, 2.65079975128, 2.69551324844, 2.05108118057, 1.81945896149, 1.35289859772, 1.13556361198, 1.40887904167, 0.976662039757, 0.768437623978, 0.484385430813, 0.186773508787, 0.117829084396, 0.0686275810003, 0.028815176338, 0.0181974582374, 0.0151246581227, 0.0147139336914, 0.012432188727, 0.0043399608694, 0.0018199372571], "max": [26.0047168732, 59.3772201538, 91.8756256104, 274.916107178, 484.65423584, 434.137512207, 1384.89477539, 1737.05090332, 444.587921143, 1018.65985107, 891.423828125, 2145.61083984, 915.334350586, 1265.2701416, 640.080810547, 592.233947754, 411.042694092, 274.618438721, 123.843399048, 258.338928223, 400.999816895, 261.585754395, 174.93182373, 95.9853363037, 136.128051758, 81.7648849487, 81.7579116821, 66.4834213257, 53.9586334229, 36.0254936218, 14.5771007538, 5.68974018097, 2.30851221085, 1.31229996681, 0.832509994507, 0.56271225214, 0.635890066624, 0.673750698566, 0.291739910841, 0.104544617236], "var": [1.12911725044, 12.5862226486, 40.5392532349, 262.395690918, 297.20425415, 692.20916748, 6305.72900391, 7334.83251953, 1233.68469238, 3320.6784668, 957.280456543, 4366.87597656, 2246.86572266, 1768.12011719, 775.292602539, 1287.69165039, 434.153045654, 114.973312378, 70.8971633911, 84.1048965454, 163.351638794, 147.710861206, 60.0524673462, 39.3988952637, 28.306022644, 18.8634262085, 26.7798614502, 16.2466907501, 9.62889671326, 3.32102608681, 0.386191666126, 0.108430810273, 0.0286430809647, 0.00355682405643, 0.00136340898462, 0.00114685425069, 0.00181994622108, 0.0019865562208, 0.000241426416324, 7.09257656126e-05], "mean": [0.465973436832, 1.91358244419, 4.23010015488, 8.92829227448, 10.692615509, 13.5325403214, 28.1160049438, 29.8687133789, 18.0091667175, 21.3079338074, 10.4646673203, 15.0107479095, 12.9930715561, 13.0520801544, 11.0524091721, 17.7451705933, 9.37903118134, 4.70396089554, 3.68225932121, 3.42652535439, 3.65868282318, 3.58574843407, 2.66490387917, 2.49270105362, 1.84795498848, 1.72270452976, 2.04905295372, 1.29383313656, 1.00146210194, 0.642474114895, 0.235895946622, 0.133391827345, 0.0759643614292, 0.029806714505, 0.0186112020165, 0.0170643664896, 0.016966862604, 0.0161715019494, 0.00690658250824, 0.00790385529399]}, "spectral_strongpeak": {"dmean2": 12.0562896729, "median": 0.321506857872, "min": 0, "dvar2": 861.714599609, "dvar": 312.921295166, "dmean": 6.40837907791, "max": 207.05557251, "var": 323.677612305, "mean": 5.99021816254}, "spectral_energy": {"dmean2": 0.0281873028725, "median": 0.0308726970106, "min": 1.02294615233e-20, "dvar2": 0.00320822815411, "dvar": 0.0012568422826, "dmean": 0.0175021830946, "max": 0.626032233238, "var": 0.0019828514196, "mean": 0.0424272119999}, "average_loudness": 0.792359054089, "spectral_rolloff": {"dmean2": 6555.42578125, "median": 21727.0019531, "min": 21.533203125, "dvar2": 132938136, "dvar": 54825572, "dmean": 3349.14208984, "max": 22050, "var": 101008672, "mean": 14429.1572266}, "spectral_centroid": {"dmean2": 213.481216431, "median": 398.640228271, "min": 98.3151016235, "dvar2": 108853.15625, "dvar": 54794.2460938, "dmean": 137.080368042, "max": 11575.0009766, "var": 518425.15625, "mean": 541.819885254}, "pitch_salience": {"dmean2": 0.132060751319, "median": 0.527264177799, "min": 0.0336297266185, "dvar2": 0.0138277132064, "dvar": 0.00510468147695, "dmean": 0.0795470178127, "max": 0.934035241604, "var": 0.020182332024, "mean": 0.504534482956}, "spectral_energyband_middle_high": {"dmean2": 0.00114798767027, "median": 0.000497911823913, "min": 1.06841745806e-21, "dvar2": 7.78119738243e-06, "dvar": 3.1799700082e-06, "dmean": 0.000744450604543, "max": 0.0383860915899, "var": 7.29329440219e-06, "mean": 0.00157890736591}, "spectral_contrast_coeffs": {"dmean2": [0.0874411687255, 0.0821009725332, 0.0618421174586, 0.0576929673553, 0.0455919913948, 0.0505763106048], "median": [-0.667913794518, -0.744508504868, -0.823930680752, -0.847829818726, -0.879211425781, -0.846588969231], "min": [-0.984642624855, -0.972131609917, -0.976861953735, -0.990890860558, -0.984744310379, -0.963746190071], "dvar2": [0.00478455750272, 0.004360367544, 0.00266532809474, 0.00233731837943, 0.0015460428549, 0.00254924036562], "dvar": [0.00178420054726, 0.00170450704172, 