{"tonal": {"thpcp": [1, 0.365798473358, 0.1433942765, 0.11939689517, 0.163089469075, 0.403853356838, 0.49391117692, 0.35962048173, 0.530068099499, 0.568229556084, 0.302787750959, 0.228259310126, 0.194461137056, 0.34088152647, 0.761921048164, 0.670473575592, 0.27632445097, 0.199667900801, 0.181179046631, 0.264416337013, 0.823221564293, 0.959380030632, 0.478507101536, 0.446536421776, 0.478060722351, 0.329359918833, 0.341010540724, 0.328276515007, 0.285796254873, 0.578775465488, 0.698517858982, 0.36539170146, 0.185382649302, 0.176921516657, 0.337809115648, 0.970204770565], "hpcp": {"dmean2": [0.189871892333, 0.167992800474, 0.167346209288, 0.210111260414, 0.191731587052, 0.180181145668, 0.137511894107, 0.13713568449, 0.192795649171, 0.26309877634, 0.252682626247, 0.187625288963, 0.105329968035, 0.084566950798, 0.104053266346, 0.162918254733, 0.177739053965, 0.177956938744, 0.182934716344, 0.174857199192, 0.137838050723, 0.111639127135, 0.0996532514691, 0.223667159677, 0.382771521807, 0.268688768148, 0.1540646106, 0.146229535341, 0.142432942986, 0.16915731132, 0.242568552494, 0.246752873063, 0.222356706858, 0.18516163528, 0.168210923672, 0.187230750918], "median": [0.0381002761424, 0.0371363423765, 0.0417227484286, 0.0613739080727, 0.0564804077148, 0.0376478657126, 0.0204760320485, 0.0187183246017, 0.061316948384, 0.196987167001, 0.206629127264, 0.0724055096507, 0.0202936083078, 0.0168884880841, 0.0255121737719, 0.0576299056411, 0.0661039501429, 0.0624171346426, 0.0585233867168, 0.0517511293292, 0.0496324747801, 0.0383858978748, 0.0323420539498, 0.0483680739999, 0.0831803530455, 0.0771161839366, 0.0374292656779, 0.0172136723995, 0.0145568940789, 0.0422185063362, 0.15511482954, 0.181650936604, 0.104345098138, 0.0339197143912, 0.02859454602, 0.0358202680945], "min": [0, 0, 0, 0, 0, 0, 0, 0, 0, 0, 0, 0, 0, 0, 0, 0, 0, 0, 0, 0, 0, 0, 0, 0, 0, 0, 0, 0, 0, 0, 0, 0, 0, 0, 0, 0], "dvar2": [0.0921740531921, 0.0742544382811, 0.0682024136186, 0.0949009805918, 0.0921705141664, 0.0865477472544, 0.0839302539825, 0.0895499736071, 0.0931118428707, 0.106832280755, 0.0982021763921, 0.0729935541749, 0.0509547032416, 0.0412701293826, 0.042275428772, 0.0640078783035, 0.0752944648266, 0.0734905526042, 0.0778627842665, 0.0733289644122, 0.0459484532475, 0.0376459509134, 0.0337131805718, 0.079918012023, 0.235693529248, 0.105296440423, 0.0732147023082, 0.0916108563542, 0.0892555564642, 0.0749339014292, 0.0892697870731, 0.0978369787335, 0.086204662919, 0.0966370403767, 0.086104363203, 0.0929629653692], "dvar": [0.0333159156144, 0.0279072150588, 0.0242626871914, 0.0348518528044, 0.0375126600266, 0.0296747479588, 0.0294404812157, 0.0312446132302, 0.0325025990605, 0.0403069779277, 0.0376406162977, 0.0254133474082, 0.0179739929736, 0.0147242695093, 0.0149973863736, 0.0243450831622, 0.0297414846718, 0.025574138388, 0.0295429974794, 0.0289193671197, 0.0166329666972, 0.0137826474383, 0.0119005283341, 0.028539955616, 0.087115868926, 0.0404571816325, 0.0257965661585, 0.0325354784727, 0.031492497772, 0.0270239189267, 0.0351453945041, 0.0403782837093, 0.0299657341093, 0.0358183607459, 0.034582387656, 0.0325378477573], "dmean": [0.10725107789, 0.0952966734767, 0.0940982028842, 0.122145049274, 0.112882472575, 0.101537138224, 0.0746442228556, 0.0739910826087, 0.106995262206, 0.154112488031, 0.149327903986, 0.104686439037, 0.0574635714293, 0.0460885390639, 0.0576958097517, 0.0959632620215, 0.104774996638, 0.101497076452, 0.106787070632, 0.102866530418, 0.0788853019476, 0.0637806206942, 0.056602511555, 0.122321225703, 0.209718003869, 0.153151661158, 0.08654230088, 0.0798457413912, 0.0772008821368, 0.0934335440397, 0.1451087147, 0.147675618529, 0.126339286566, 0.10611089319, 0.0978957936168, 0.104915335774], "max": [1, 1, 1, 1, 1, 1, 1, 1, 1, 1, 1, 1, 1, 1, 1, 1, 1, 1, 1, 1, 1, 1, 1, 1, 1, 1, 1, 1, 1, 1, 1, 1, 1, 1, 1, 1], "var": [0.0375550575554, 0.0378197133541, 0.0247115716338, 0.077678732574, 0.120671600103, 0.0374122224748, 0.0201830640435, 0.0205657090992, 0.0275104288012, 0.114032953978, 0.118876211345, 0.0247901305556, 0.0116948634386, 0.00977808702737, 0.0113619603217, 0.0425320379436, 0.06433493644, 0.0288000721484, 0.0695733129978, 0.0852075070143, 0.0209589749575, 0.0153366178274, 0.0120670804754, 0.0271176118404, 0.118970736861, 0.090426504612, 0.0249929539859, 0.024687089026, 0.0219986997545, 0.0221090912819, 0.0942992866039, 0.123450264335, 0.0350054129958, 0.0724971368909, 0.0893107652664, 0.0349246524274], "mean": [0.121099606156, 0.116577498615, 0.101491913199, 0.205534651875, 0.24805752933, 0.129757836461, 0.0658330544829, 0.0628283396363, 0.119962714612, 0.344538956881, 0.355119824409, 0.129902288318, 0.0509221479297, 0.0424002036452, 0.0579163059592, 0.143416330218, 0.175397649407, 0.127708360553, 0.188237696886, 0.201789572835, 0.107525937259, 0.0810594037175, 0.0690570026636, 0.121053792536, 0.2705732584, 0.238098457456, 0.0981282889843, 0.0709060281515, 0.0643402710557, 0.0938994809985, 0.292342305183, 0.340694874525, 0.169927358627, 0.158573940396, 0.169768840075, 0.116962239146]}, "tuning_equal_tempered_deviation": 0.191108644009, "chords_changes_rate": 0.0392224937677, "key_key": "C", "tuning_diatonic_strength": 0.477764010429, "key_scale": "minor", "chords_number_rate": 0.00208261027001, "tuning_frequency": 434.193115234, "tuning_nontempered_energy_ratio": 0.953249037266, "chords_histogram": [10.5518913269, 6.40402650833, 5.90072870255, 15.3939599991, 2.22145080566, 7.75772285461, 0, 20.9302330017, 0.156195759773, 4.47761201859, 0, 1.54460251331, 0, 0, 0, 0, 0.850399196148, 0, 2.04789996147, 0.381811857224, 0, 0, 7.37591123581, 14.0055532455], "key_strength": 0.637829959393, "chords_key": "C", "chords_strength": {"dmean2": 0.00707305734977, "median": 0.555085659027, "min": 0.290763229132, "dvar2": 4.76150198665e-05, "dvar": 5.70078118471e-05, "dmean": 0.00847229827195, "max": 0.760173499584, "var": 0.00864357315004, "mean": 0.547388315201}, "chords_scale": "major", "hpcp_entropy": {"dmean2": 0.99460786581, "median": 2.18122768402, "min": 0, "dvar2": 0.677406668663, "dvar": 0.251802831888, "dmean": 0.588776469231, "max": 4.44340515137, "var": 0.500892579556, "mean": 2.18201088905}}, "metadata": {"audio_properties": {"equal_loudness": 0, "codec": "mp3", "downmix": "mix", "sample_rate": 44100, "analysis_sample_rate": 44100, "bit_rate": 192000, "md5_encoded": "b949f283375adc6223d23fbe8f4c3d49", "length": 267.519989014, "replay_gain": -16.0405788422, "lossless": false}, "version": {"essentia_build_sha": "70f2e5ece6736b2c40cc944ad0e695b16b925413", "essentia": "2.1-beta2", "extractor": "music 1.0", "essentia_git_sha": "v2.1_beta2"}, "tags": {"title": ["Anatomy Of A Tidal Wave"], "artist": ["Cold"], "albumartist": ["Cold"], "date": ["2005"], "genre": ["Alternative"], "album": ["A Different Kind of Pain"], "tracknumber": ["3"], "musicbrainz_recordingid": ["177dbab8-e927-48f4-82c1-91337495c436"], "file_name": "356813.mp3"}}, "rhythm": {"bpm_histogram_first_peak_bpm": {"dmean2": 0, "median": 148, "min": 148, "dvar2": 0, "dvar": 0, "dmean": 0, "max": 148, "var": 0, "mean": 148}, "bpm": 148.585357666, "bpm_histogram_second_peak_spread": {"dmean2": 0, "median": 0.0769230723381, "min": 0.0769230723381, "dvar2": 0, "dvar": 0, "dmean": 0, "max": 0.0769230723381, "var": 0, "mean": 0.0769230723381}, "bpm_histogram_first_peak_weight": {"dmean2": 0, "median": 0.454545468092, "min": 0.454545468092, "dvar2": 0, "dvar": 0, "dmean": 0, "max": 0.454545468092, "var": 0, "mean": 0.454545468092}, "onset_rate": 2.73229861259, "beats_position": [0.417959183455, 0.859138309956, 1.30031740665, 1.74149656296, 2.19428563118, 2.65868473053, 3.08825397491, 3.50621318817, 3.92417216301, 4.33052158356, 4.74848079681, 5.15482997894, 5.5727891922, 5.97913837433, 6.39709758759, 6.80344676971, 7.20979595184, 7.61614513397, 8.03410434723, 8.44045352936, 8.85841274261, 9.26476192474, 9.67111110687, 10.077460289, 10.4954195023, 10.9133787155, 11.3197278976, 11.7260770798, 12.144036293, 12.5619955063, 12.9683446884, 13.3746938705, 13.7926530838, 14.2106122971, 14.6169614792, 15.0233106613, 15.4296598434, 15.8360090256, 16.2539672852, 16.6603164673, 17.0666656494, 17.4846248627, 17.9025840759, 18.3205432892, 18.7268924713, 19.1332416534, 19.5395908356, 19.9459400177, 20.363899231, 20.7818584442, 21.1998176575, 21.6061668396, 22.0241260529, 22.430475235, 22.8484344482, 23.2547836304, 23.6611328125, 24.0674819946, 24.4738311768, 24.89179039, 25.3097496033, 25.7277088165, 26.1340579987, 26.5404071808, 26.9467563629, 27.353105545, 27.7710647583, 28.1774139404, 28.5837631226, 29.0017223358, 29.4196815491, 29.8260307312, 30.2439899445, 30.6503391266, 31.0682983398, 31.474647522, 31.8926067352, 32.2989578247, 32.7169151306, 33.1232643127, 33.5412254333, 33.9475746155, 34.3539237976, 34.7602729797, 35.1782302856, 35.5845794678, 35.9909286499, 36.4088897705, 36.8268470764, 37.2331962585, 37.6395454407, 38.0575065613, 38.4638557434, 38.8702049255, 39.2765541077, 39.6829032898, 40.0892524719, 40.4956016541, 40.9019508362, 41.2966880798, 41.703037262, 42.0977783203, 42.4809074402, 42.8640365601, 43.281993866, 43.6999549866, 44.0946922302, 44.5010414124, 44.9073905945, 45.3021316528, 45.6968688965, 46.1032180786, 46.5095672607, 46.9043083191, 47.2990455627, 47.6937866211, 48.0885238647, 48.4948730469, 48.8896141052, 49.2959632874, 49.7023124695, 50.1086616516, 50.5033988953, 50.8981399536, 51.3044891357, 51.7108383179, 52.1055755615, 52.5003166199, 52.906665802, 53.3130149841, 53.7077522278, 54.1024932861, 54.4972343445, 54.9035835266, 55.3099327087, 55.7046699524, 56.1110191345, 56.5173683167, 56.912109375, 57.3068466187, 57.701587677, 58.0963249207, 58.491065979, 58.8858032227, 59.3037643433, 59.7101135254, 60.1164627075, 60.5111999512, 60.9059410095, 61.3006782532, 61.6954193115, 62.0901565552, 62.4965057373, 62.9028549194, 63.2975959778, 63.6923332214, 64.0986862183, 64.5050354004, 64.899772644, 65.2945098877, 65.7124710083, 66.1304321289, 66.5483856201, 66.9663467407, 67.3726959229, 67.779045105, 68.1970062256, 68.6033554077, 69.0213165283, 69.4276657104, 69.8456192017, 70.2519683838, 70.6699295044, 71.0762786865, 71.4826278687, 71.8889770508, 72.3069381714, 72.724899292, 73.1312484741, 73.5375976562, 73.9555511475, 74.3735122681, 74.7798614502, 75.1862106323, 75.6041717529, 76.0105209351, 76.4168701172, 76.8348312378, 77.2411804199, 77.6475296021, 78.0654830933, 78.4834442139, 78.889793396, 79.2961425781, 79.7141036987, 80.1204528809, 80.526802063, 80.9215393066, 81.3395004272, 81.7574615479, 82.1754150391, 82.5933761597, 82.9997253418, 83.4060745239, 83.8240356445, 84.2419967651, 84.6483459473, 85.0546951294, 85.4726486206, 85.8789978027, 86.2969589233, 86.7033081055, 87.1096572876, 87.5160064697, 87.9339675903, 88.3519287109, 88.7582778931, 89.1646270752, 89.5825805664, 90.000541687, 90.4068908691, 90.8132400513, 91.2195892334, 91.637550354, 92.0438995361, 92.4618606567, 92.8682098389, 93.274559021, 93.6925125122, 94.1104736328, 94.5168228149, 94.9231719971, 95.3295211792, 95.7474822998, 96.1654434204, 96.5717926025, 96.9781417847, 97.3844909668, 97.7908401489, 98.2087936401, 98.6151428223, 99.0331039429, 99.4510650635, 99.8574142456, 100.275375366, 100.681724548, 101.09967804, 101.506027222, 101.912376404, 102.330337524, 102.748298645, 103.166259766, 103.572608948, 103.97895813, 104.385307312, 104.780044556, 105.186393738, 105.59274292, 105.999092102, 106.393829346, 106.788566589, 107.183311462, 107.566436768, 107.949569702, 108.367523193, 108.785484314, 109.191833496, 109.598182678, 109.992919922, 110.399269104, 110.805618286, 111.200363159, 111.606712341, 112.013061523, 112.407798767, 112.802536011, 113.197273254, 113.592018127, 113.99836731, 114.404716492, 114.799453735, 115.194190979, 115.600540161, 116.006889343, 116.401634216, 116.79637146, 117.191108704, 117.585845947, 118.003807068, 118.398544312, 118.804893494, 119.211242676, 119.605987549, 120.000724792, 120.407073975, 120.813423157, 121.2081604, 121.602897644, 122.009246826, 122.415596008, 122.810340881, 123.205078125, 123.599815369, 123.994552612, 124.400901794, 124.807250977, 125.213600159, 125.608345032, 126.014694214, 126.409431458, 126.804168701, 127.198905945, 127.605255127, 128.011611938, 128.406341553, 128.812698364, 129.207427979, 129.61378479, 130.020126343, 130.426483154, 130.821228027, 131.215957642, 131.610702515, 132.017044067, 132.423400879, 132.818145752, 133.212875366, 133.607620239, 134.013961792, 134.420318604, 134.815048218, 135.209793091, 135.616149902, 136.022491455, 136.417236328, 136.811965942, 137.218322754, 137.624664307, 138.01940918, 138.414154053, 138.820495605, 139.226852417, 139.621582031, 140.016326904, 140.422668457, 140.829025269, 141.223754883, 141.618499756, 142.024856567, 142.43119812, 142.825942993, 143.220672607, 143.627029419, 144.033370972, 144.428115845, 144.822860718, 145.217590332, 145.623947144, 146.030288696, 146.425033569, 146.831375122, 147.237731934, 147.632461548, 148.027206421, 148.421951294, 148.828292847, 149.234649658, 149.629379272, 150.024124146, 150.430480957, 150.825210571, 151.231567383, 151.626296997, 152.02104187, 152.427383423, 152.833740234, 153.228485107, 153.623214722, 154.029571533, 154.435913086, 154.830657959, 155.225387573, 155.631744385, 156.038085938, 156.432830811, 156.827575684, 157.222305298, 157.628662109, 158.035003662, 158.429748535, 158.824493408, 159.219223022, 159.625579834, 160.031921387, 160.42666626, 160.821395874, 161.227752686, 161.634094238, 162.04045105, 162.435195923, 162.841537476, 163.236282349, 163.631011963, 164.025756836, 164.432098389, 164.8384552, 165.233200073, 165.627929688, 166.034286499, 166.440628052, 166.835372925, 167.230117798, 167.624847412, 168.031204224, 168.425933838, 168.832290649, 169.238632202, 169.644989014, 170.039718628, 170.446075439, 170.840820312, 171.247161865, 171.641906738, 172.036636353, 172.431381226, 172.837722778, 173.24407959, 173.638824463, 174.045166016, 174.451522827, 174.846252441, 175.240997314, 175.647338867, 176.053695679, 176.448425293, 176.843170166, 177.237915039, 177.632644653, 178.039001465, 178.433731079, 178.840087891, 179.246429443, 179.652786255, 180.059127808, 180.465484619, 180.860229492, 181.254959106, 181.649703979, 182.056045532, 182.462402344, 182.868743896, 183.275100708, 183.669830322, 184.064575195, 184.459320068, 184.854049683, 185.248794556, 185.655151367, 186.06149292, 186.456237793, 186.850967407, 187.24571228, 187.652053833, 188.046798706, 188.453155518, 188.847885132, 189.254241943, 189.660583496, 190.055328369, 190.461669922, 190.868026733, 191.262756348, 191.657501221, 192.052246094, 192.446975708, 192.85333252, 193.259674072, 193.654418945, 194.049163818, 194.443893433, 194.850250244, 195.256591797, 195.65133667, 196.057678223, 196.464035034, 196.858764648, 197.253509521, 197.659866333, 198.066207886, 198.460952759, 198.867294312, 199.262039185, 199.656768799, 200.06312561, 200.469467163, 200.875823975, 201.282180786, 201.6769104, 202.083267212, 202.477996826, 202.872741699, 203.267486572, 203.662216187, 204.05696106, 204.463302612, 204.869659424, 205.264389038, 205.659133911, 206.065490723, 206.471832275, 206.866577148, 207.261306763, 207.667663574, 208.074005127, 208.46875, 208.863494873, 209.269836426, 209.676193237, 210.070922852, 210.465667725, 210.860397339, 211.26675415, 211.673095703, 212.067840576, 212.462585449, 212.868927002, 213.275283813, 213.681625366, 214.087982178, 214.482711792, 214.877456665, 215.272201538, 215.678543091, 216.073287964, 216.468017578, 216.87437439, 217.280715942, 217.687072754, 218.081817627, 218.476547241, 218.871292114, 219.277633667, 219.683990479, 220.078720093, 220.485076904, 220.891418457, 221.28616333, 221.680908203, 222.075637817, 222.481994629, 222.888336182, 223.283081055, 223.677825928, 224.08416748, 224.490524292, 224.885253906, 225.279998779, 225.686340332, 226.092697144, 226.487426758, 226.882171631, 227.276916504, 227.671646118, 228.07800293, 228.472732544, 228.879089355, 229.285430908, 229.680175781, 230.074920654, 230.481262207, 230.87600708, 231.282348633, 231.677093506, 232.083435059, 232.48979187, 232.896133423, 233.302490234, 233.697235107, 234.10357666, 234.498321533, 234.893051147, 235.299407959, 235.705749512, 236.112106323, 236.506851196, 236.913192749, 237.307937622, 237.702667236, 238.097412109, 238.492156982, 238.898498535, 239.304855347, 239.711196899, 240.117553711, 240.523895264, 240.930252075, 241.336593628, 241.742950439, 242.149291992, 242.602081299, 243.054870605, 243.507659912, 243.972061157, 244.436462402, 244.900863647, 245.365249634, 245.81803894, 246.282440186, 246.828109741, 247.373779297, 247.919448853, 248.465118408, 249.010787964, 249.568069458, 250.113739014, 250.659408569, 251.147018433, 251.611419678, 252.075820923, 252.551834106, 252.934967041, 253.318084717, 253.701217651, 254.084350586, 254.537139893, 254.989929199, 255.442718506, 255.895507812, 256.336669922, 256.789459229, 257.242248535, 257.695037842, 258.159454346, 258.670288086, 259.169525146, 259.668762207, 260.16796875, 260.667205811, 261.166442871, 261.665649414, 262.153289795, 262.652526855, 263.163360596, 263.674194336, 264.185028076, 264.730712891, 265.276367188, 265.822021484, 266.367706299, 266.913360596], "beats_loudness": {"dmean2": 0.0248123034835, "median": 0.0378912910819, "min": 0.000726876023691, "dvar2": 0.000362794002285, "dvar": 0.000117943600344, "dmean": 0.0136054661125, "max": 0.0943252593279, "var": 0.000229947516345, "mean": 0.0383083969355}, "danceability": 1.14594817162, "bpm_histogram_second_peak_weight": {"dmean2": 0, "median": 0.0184899847955, "min": 0.0184899847955, "dvar2": 0, "dvar": 0, "dmean": 0, "max": 0.0184899847955, "var": 0, "mean": 0.0184899847955}, "beats_count": 650, "bpm_histogram_second_peak_bpm": {"dmean2": 0, "median": 110, "min": 110, "dvar2": 0, "dvar": 0, "dmean": 0, "max": 110, "var": 0, "mean": 110}, "bpm_histogram_first_peak_spread": {"dmean2": 0, "median": 0.498299300671, "min": 0.498299300671, "dvar2": 0, "dvar": 0, "dmean": 0, "max": 0.498299300671, "var": 0, "mean": 0.498299300671}, "beats_loudness_band_ratio": {"dmean2": [0.351999670267, 0.220405295491, 0.151522785425, 0.130596473813, 0.0864673927426, 0.0835302323103], "median": [0.475270241499, 0.192011266947, 0.0825956016779, 0.0747763365507, 0.0596374385059, 0.0686576664448], "min": [0.0215535908937, 0.00631211092696, 0.00198636460118, 0.00101054820698, 0.00097598915454, 0.00178777589463], "dvar2": [0.0665471032262, 0.0286885183305, 0.0243316143751, 0.0215795896947, 0.0111334975809, 0.00916859135032], "dvar": [0.0224282909185, 0.0106743499637, 0.00775432819501, 0.00753337237984, 0.00404990511015, 0.00320144020952], "dmean": [0.20115506649, 0.13337469101, 0.0859201177955, 0.0752971321344, 0.0491108112037, 0.0478815846145], "max": [0.95796084404, 0.694685459137, 0.686534404755, 0.571257889271, 0.919267714024, 0.493475586176], "var": [0.043324559927, 0.0182192735374, 0.00919221621007, 0.0109101114795, 0.0150691177696, 0.00303272437304], "mean": [0.488984644413, 0.213484689593, 0.110991351306, 0.106314271688, 0.0910264998674, 0.0744230523705]}}, "lowlevel": {"barkbands_spread": {"dmean2": 9.22828674316, "median": 26.3335590363, "min": 1.26252484322, "dvar2": 117.60193634, "dvar": 52.8377990723, "dmean": 5.95548343658, "max": 117.468582153, "var": 194.279205322, "mean": 27.0884418488}, "melbands_spread": {"dmean2": 10.7617750168, "median": 24.5179920197, "min": 0.947166502476, "dvar2": 149.258071899, "dvar": 67.5110473633, "dmean": 6.8466386795, "max": 153.170440674, "var": 286.802581787, "mean": 26.6696491241}, "hfc": {"dmean2": 9.44282531738, "median": 27.900604248, "min": 1.14596847674e-16, "dvar2": 178.999938965, "dvar": 84.3726577759, "dmean": 6.13658428192, "max": 212.419174194, "var": 426.64050293, "mean": 30.0154933929}, "barkbands_kurtosis": {"dmean2": 4.88061189651, "median": 1.078332901, "min": -1.93176841736, "dvar2": 137.817306519, "dvar": 48.255897522, "dmean": 2.95203328133, "max": 161.156539917, "var": 75.7133483887, "mean": 4.0790014267}, "gfcc": {"mean": [44.671207428, 78.0383071899, -108.535957336, 36.7054138184, -49.9709663391, 11.8336238861, -37.2434463501, 3.78970122337, -29.6943454742, -5.03263425827, -22.2666034698, -1.7267588377, -13.3450708389], "icov": [[0.000621639774181, 0.00041236897232, 0.000442676740931, -0.000461749557871, 0.000381698599085, 0.00012423255248, -6.01530155109e-05, -0.000937252771109, 0.00095464772312, -0.000560838030651, 5.72575154365e-05, -0.000723922275938, 0.00115487468429], [0.00041236897232, 0.00276105292141, 0.000883281929418, -9.41847829381e-05, -0.000674178008921, 0.00197548978031, -0.00126210495364, 0.000315593264531, -0.000652621558402, 0.00184393266682, -0.0033963827882, 0.00208293623291, -0.00164937274531], [0.000442676740931, 0.000883281929418, 0.00208720960654, -0.000402079167543, -0.000632946903352, 0.000841564673465, 0.000398980773753, -0.00051624502521, 0.00124640378635, -0.00140147423372, 0.000697842042428, -0.00311381998472, 0.00168549385853], [-0.000461749557871, -9.41847829381e-05, -0.000402079167543, 0.00514012621716, -0.000489417754579, -0.00189298496116, 0.00114114710595, 0.000818955770228, -0.00240721506998, 0.00203855964355, -0.00297625781968, 0.00216072844341, -0.00261828280054], [0.000381698599085, -0.000674178008921, -0.000632946903352, -0.000489417754579, 0.006168872118, 0.000441350741312, -0.00303624733351, 0.000744945311453, -0.000435528083472, -0.00233745342121, 0.00319012952968, -0.00114674901124, -0.000953690789174], [0.00012423255248, 0.00197548978031, 0.000841564673465, -0.00189298496116, 0.000441350741312, 0.0092156548053, -0.00266668247059, -0.00283608678728, 0.0026347823441, -0.000360737089068, -0.00262808566913, 0.00320745911449, -0.00396530656144], [-6.01530155109e-05, -0.00126210495364, 0.000398980773753, 0.00114114710595, -0.00303624733351, -0.00266668247059, 0.0121352802962, -0.0033487144392, -0.00147848343477, 0.00396004738286, -0.0022582327947, -0.00263294926845, 0.00295075587928], [-0.000937252771109, 0.000315593264531, -0.00051624502521, 0.000818955770228, 0.000744945311453, -0.00283608678728, -0.0033487144392, 0.01474076882, -0.00482103275135, 0.00137115013786, -0.00216816645116, -0.00110911938827, -0.00045157232671], [0.00095464772312, -0.000652621558402, 0.00124640378635, -0.00240721506998, -0.000435528083472, 0.0026347823441, -0.00147848343477, -0.00482103275135, 0.0204748045653, -0.0135340737179, 0.00463052699342, 0.00415507983416, -0.00637494493276], [-0.000560838030651, 0.00184393266682, -0.00140147423372, 0.00203855964355, -0.00233745342121, -0.000360737089068, 0.00396004738286, 0.00137115013786, -0.0135340737179, 0.0266853254288, -0.0096208807081, 0.000871671189088, 0.00154075759929], [5.72575154365e-05, -0.0033963827882, 0.000697842042428, -0.00297625781968, 0.00319012952968, -0.00262808566913, -0.0022582327947, -0.00216816645116, 0.00463052699342, -0.0096208807081, 0.0279198940843, -0.015781743452, 0.00580778671429], [-0.000723922275938, 0.00208293623291, -0.00311381998472, 0.00216072844341, -0.00114674901124, 0.00320745911449, -0.00263294926845, -0.00110911938827, 0.00415507983416, 0.000871671189088, -0.015781743452, 0.0348305925727, -0.014322316274], [0.00115487468429, -0.00164937274531, 0.00168549385853, -0.00261828280054, -0.000953690789174, -0.00396530656144, 0.00295075587928, -0.00045157232671, -0.00637494493276, 0.00154075759929, 0.00580778671429, -0.014322316274, 0.0288620237261]], "cov": [[4412.36230469, -1131.68981934, -189.610031128, 165.846298218, -605.514343262, 351.977813721, -25.1939468384, 294.577453613, -343.219665527, -18.9016304016, 156.313583374, 102.999305725, -234.717605591], [-1131.68981934, 1084.20727539, -446.309204102, 12.6999816895, 209.433868408, -141.980438232, 116.105751038, -71.9234085083, 143.607009888, -46.9799423218, 11.8454990387, -69.4949417114, 106.234169006], [-189.610031128, -446.309204102, 1050.22229004, -83.0047607422, 71.1958618164, -87.1885452271, -77.3745803833, -22.4975395203, -68.8941955566, 68.234375, -6.76801300049, 107.180839539, -53.1580238342], [165.846298218, 12.6999816895, -83.0047607422, 279.741088867, -12.983581543, 83.9890213013, -0.230941355228, 23.1576557159, 29.8645610809, -0.566343069077, 28.5563278198, -6.3460931778, 33.5415496826], [-605.514343262, 209.433868408, 71.1958618164, -12.983581543, 300.099212646, -65.2998504639, 52.260055542, -36.7321510315, 75.544883728, 20.9567279816, -33.1709022522, -5.07523870468, 45.6126174927], [351.977813721, -141.980438232, -87.1885452271, 83.9890213013, -65.2998504639, 210.803100586, 35.9879226685, 66.6699447632, -28.9064216614, -8.67868423462, 33.1725616455, 7.08065748215, 5.5983171463], [-25.1939468384, 116.105751038, -77.3745803833, -0.230941355228, 52.260055542, 35.9879226685, 139.92805481, 38.0784645081, 8.16380310059, -18.3052253723, 23.7287139893, 9.22208499908, 7.68379831314], [294.577453613, -71.9234085083, -22.4975395203, 23.1576557159, -36.7321510315, 66.6699447632, 38.0784645081, 114.288978577, 0.0809084996581, 4.18892145157, 28.0232410431, 17.0780715942, -4.01165390015], [-343.219665527, 143.607009888, -68.8941955566, 29.8645610809, 75.544883728, -28.9064216614, 8.16380310059, 0.0809084996581, 133.688186646, 41.0739860535, -19.1892929077, -25.0844497681, 45.1136856079], [-18.9016304016, -46.9799423218, 68.234375, -0.566343069077, 20.9567279816, -8.67868423462, -18.3052253723, 4.18892145157, 41.0739860535, 72.2491531372, 10.0992326736, 7.67116975784, 2.46237945557], [156.313583374, 11.8454990387, -6.76801300049, 28.5563278198, -33.1709022522, 33.1725616455, 23.7287139893, 28.0232410431, -19.1892929077, 10.0992326736, 78.1386489868, 34.2413635254, -4.62738323212], [102.999305725, -69.4949417114, 107.180839539, -6.3460931778, -5.07523870468, 7.08065748215, 9.22208499908, 17.0780715942, -25.0844497681, 7.67116975784, 34.2413635254, 65.7764358521, 5.00196123123], [-234.717605591, 106.234169006, -53.1580238342, 33.5415496826, 45.6126174927, 5.5983171463, 7.68379831314, -4.01165390015, 45.1136856079, 2.46237945557, -4.62738323212, 5.00196123123, 70.9319839478]]}, "spectral_energyband_middle_low": {"dmean2": 0.00825367495418, "median": 0.0131476419047, "min": 2.24122981482e-22, "dvar2": 0.000172304382431, "dvar": 6.51491209283e-05, "dmean": 0.00500061176717, "max": 0.0941952466965, "var": 9.01868115761e-05, "mean": 0.0148562965915}, "melbands_crest": {"dmean2": 5.55256319046, "median": 12.5060844421, "min": 1.5726326704, "dvar2": 29.9616374969, "dvar": 10.4945602417, "dmean": 3.31670331955, "max": 32.8711433411, "var": 20.9552936554, "mean": 13.2399845123}, "spectral_kurtosis": {"dmean2": 1.82678103447, "median": 3.12156438828, "min": -1.25269794464, "dvar2": 9.33986186981, "dvar": 3.35121059418, "dmean": 1.1113960743, "max": 44.4722061157, "var": 8.08091068268, "mean": 3.80850672722}, "spectral_rms": {"dmean2": 0.00125012570061, "median": 0.0056579047814, "min": 3.18264837228e-12, "dvar2": 2.31051399169e-06, "dvar": 8.93221113074e-07, "dmean": 0.00075645733159, "max": 0.0112239122391, "var": 2.2105205062e-06, "mean": 0.00562683586031}, "zerocrossingrate": {"dmean2": 0.0127518922091, "median": 0.06982421875, "min": 0.00439453125, "dvar2": 0.000196172753931, "dvar": 0.000175551191205, "dmean": 0.0109162349254, "max": 0.73388671875, "var": 0.00124326511286, "mean": 0.0731404051185}, "silence_rate_60dB": {"dmean2": 0.00277753663249, "median": 0, "min": 0, "dvar2": 0.00329054077156, "dvar": 0.00138669868466, "dmean": 0.00138864782639, "max": 1, "var": 0.0116631109267, "mean": 0.0118024824187}, "erbbands_kurtosis": {"dmean2": 1.17068839073, "median": -0.328282117844, "min": -1.7279433012, "dvar2": 6.87128782272, "dvar": 2.8149626255, "dmean": 0.75101351738, "max": 52.7651748657, "var": 13.2868490219, "mean": 0.482936382294}, "erbbands": {"dmean2": [0.331556737423, 1.95035254955, 4.05022573471, 6.73425912857, 16.7145519257, 15.4608297348, 12.9212121964, 10.3041982651, 20.2903594971, 14.437335968, 15.702296257, 22.3911094666, 26.9111251831, 33.3816299438, 25.9171218872, 44.8413887024, 28.3674697876, 31.2561168671, 24.1917552948, 20.9800643921, 24.0762252808, 25.5720367432, 16.4233474731, 24.1078796387, 16.6864948273, 10.9018306732, 9.20411300659, 9.52943992615, 9.01791191101, 4.91886234283, 4.51765155792, 3.6039891243, 2.67215251923, 1.32660138607, 0.580266237259, 0.249478131533, 0.0965774431825, 0.0246926322579, 0.00326003250666, 9.91970155155e-05], "median": [0.0237316079438, 0.49119129777, 3.02555060387, 7.52667570114, 13.1862545013, 14.0310306549, 9.98221588135, 7.55781745911, 8.00621700287, 7.28844928741, 9.82644748688, 16.2059268951, 18.1261692047, 13.7499799728, 16.5190505981, 20.0163326263, 19.831111908, 17.7654895782, 17.0908050537, 18.9855937958, 28.4143676758, 31.9162445068, 20.174123764, 28.4591941833, 22.8073234558, 14.4969854355, 11.0791044235, 11.6760463715, 7.3490729332, 4.82897996902, 3.79247307777, 2.62040781975, 1.79198610783, 0.956993639469, 0.410084605217, 0.154830381274, 0.0412632673979, 0.00842848513275, 0.000679760647472, 6.91835957696e-05], "min": [5.01688373662e-22, 1.07020651886e-21, 5.91272983159e-21, 2.38124118007e-20, 9.50791187495e-20, 5.06747225304e-20, 1.45279204398e-19, 1.47868021222e-19, 5.58439609401e-19, 6.92810653814e-19, 9.26948830787e-19, 6.05707604734e-19, 1.16428866202e-18, 2.02889123568e-18, 1.24335451408e-18, 1.87901107177e-18, 2.37504812406e-18, 2.3882981099e-18, 3.55834239802e-18, 3.92459233066e-18, 5.42510871518e-18, 6.41875239498e-18, 5.87773036584e-18, 7.67397539988e-18, 7.40009259034e-18, 1.22645821269e-17, 1.74851257679e-17, 1.47487279291e-17, 1.69925066259e-17, 1.79086091543e-17, 1.36708569971e-17, 1.18729236874e-17, 1.27513266322e-17, 1.11255957825e-17, 8.96284521697e-18, 4.91657379102e-18, 3.0244452891e-18, 1.29967424345e-18, 2.80291262088e-19, 3.11448622522e-20], "dvar2": [0.565756142139, 22.796125412, 46.9462814331, 69.4526443481, 874.809387207, 526.779602051, 469.721282959, 346.05847168, 2368.9140625, 902.366088867, 1112.84936523, 1406.4888916, 2898.54418945, 7016.08691406, 2982.33520508, 9677.85546875, 2791.40649414, 4237.05078125, 3572.79516602, 1407.73376465, 1109.4440918, 1060.19030762, 518.150146484, 1044.18591309, 452.738647461, 189.981796265, 167.381027222, 193.306945801, 273.158721924, 65.475944519, 122.44380188, 113.244628906, 83.6708755493, 16.62566185, 2.20092344284, 0.386412382126, 0.0536055378616, 0.00320050679147, 6.70217486913e-05, 5.82420724982e-08], "dvar": [0.198770284653, 8.54376506805, 16.776725769, 26.5117759705, 324.81427002, 188.38470459, 175.477783203, 132.615142822, 856.245605469, 381.097503662, 532.219787598, 552.457519531, 1411.57373047, 2906.06835938, 1277.03259277, 4190.21582031, 1210.23059082, 1646.21838379, 1403.5300293, 559.163085938, 449.386993408, 400.339782715, 194.058502197, 383.539611816, 168.077316284, 70.2030258179, 64.5946350098, 76.7724304199, 127.331680298, 30.9463119507, 65.4345550537, 58.3354949951, 41.1552314758, 8.01323509216, 0.92885696888, 0.167387381196, 0.0264919623733, 0.00171407009475, 3.17762242048e-05, 2.61167194537e-08], "dmean": [0.185468733311, 1.11927878857, 2.44259333611, 4.15568447113, 9.97690868378, 9.19740200043, 7.71267318726, 6.22614812851, 11.8883619308, 8.9838552475, 10.3614606857, 14.022395134, 17.8152217865, 21.5989456177, 16.8290462494, 29.3515510559, 18.0378437042, 19.5778560638, 14.7937278748, 12.7705249786, 14.5731191635, 15.447180748, 9.8116569519, 14.4074611664, 10.0611839294, 6.44756031036, 5.49759244919, 5.7859005928, 5.52994155884, 3.10309863091, 3.01832771301, 2.39509057999, 1.81922912598, 0.899066925049, 0.389829218388, 0.168037682772, 0.0685420930386, 0.0181139018387, 0.00232198415324, 6.91492823535e-05], "max": [3.22888851166, 21.4142818451, 42.3900375366, 75.4831161499, 203.088439941, 284.078948975, 333.147094727, 289.390319824, 460.032501221, 461.497802734, 832.348022461, 426.051452637, 1078.81896973, 1307.10437012, 1261.06713867, 1361.32958984, 954.229125977, 1004.78924561, 1354.2467041, 595.81427002, 730.082336426, 437.733184814, 370.003662109, 350.208587646, 222.982116699, 147.526626587, 169.210113525, 172.279281616, 259.317108154, 135.247116089, 257.598205566, 219.260406494, 212.651687622, 100.561386108, 23.9345722198, 10.9915561676, 3.60534644127, 0.802912771702, 0.126188412309, 0.00386608671397], "var": [0.178636208177, 6.30852508545, 19.8883514404, 62.4672813416, 342.649902344, 286.944091797, 223.923919678, 234.066253662, 1009.68682861, 1175.07653809, 1887.37426758, 1595.58532715, 4166.30664062, 7501.57617188, 3492.9765625, 12874.0986328, 3261.91137695, 3759.53442383, 2738.67382812, 1860.4543457, 1218.41174316, 1257.67346191, 621.91003418, 1199.33886719, 619.122375488, 217.499328613, 158.64944458, 202.186172485, 286.824035645, 88.0017471313, 212.671615601, 168.462280273, 114.513221741, 20.5858325958, 1.67918086052, 0.321419268847, 0.0617798827589, 0.00411681877449, 6.41006845399e-05, 4.65389682347e-08], "mean": [0.182535678148, 1.17858409882, 4.40363788605, 9.55876255035, 17.9728832245, 18.5665073395, 14.264040947, 12.2414922714, 17.6363945007, 16.9472827911, 22.990020752, 29.2508487701, 36.4162826538, 42.504863739, 34.7081413269, 57.6273155212, 37.3974342346, 37.6478118896, 30.1303119659, 29.4451942444, 35.213394165, 39.0274734497, 25.3132152557, 35.6902313232, 27.2842655182, 16.6668682098, 13.4564170837, 14.5308151245, 11.5677270889, 7.42208242416, 7.18763828278, 5.43760156631, 3.9341673851, 1.94889521599, 0.801026582718, 0.327908605337, 0.127652570605, 0.0321844965219, 0.00394419161603, 0.00014779563935]}, "spectral_strongpeak": {"dmean2": 0.927488744259, "median": 0.439664304256, "min": 0, "dvar2": 2.17039680481, "dvar": 0.881606161594, "dmean": 0.533238887787, "max": 10.0264253616, "var": 1.53438997269, "mean": 0.896458089352}, "spectral_energy": {"dmean2": 0.0164571031928, "median": 0.0328121855855, "min": 1.03824818587e-20, "dvar2": 0.000520265137311, "dvar": 0.000197539469809, "dmean": 0.00981408171356, "max": 0.129125609994, "var": 0.000312108983053, "mean": 0.0347184054554}, "average_loudness": 0.959575414658, "spectral_rolloff": {"dmean2": 823.71484375, "median": 1313.52539062, "min": 64.599609375, "dvar2": 1363363.375, "dvar": 679421.75, "dmean": 500.393554688, "max": 19056.8847656, "var": 2047970.875, "mean": 1602.16540527}, "spectral_centroid": {"dmean2": 354.007720947, "median": 1526.36499023, "min": 201.792114258, "dvar2": 168204.859375, "dvar": 79307.8671875, "dmean": 227.100311279, "max": 10896.6201172, "var": 366196.90625, "mean": 1469.09228516}, "pitch_salience": {"dmean2": 0.118814900517, "median": 0.603943288326, "min": 0.153260007501, "dvar2": 0.0154107753187, "dvar": 0.00548891164362, "dmean": 0.070458188653, "max": 0.934544920921, "var": 0.0112083172426, "mean": 0.588795900345}, "spectral_energyband_middle_high": {"dmean2": 0.00293696532026, "median": 0.00639245193452, "min": 1.18176907085e-21, "dvar2": 1.47948676386e-05, "dvar": 6.12823760093e-06, "dmean": 0.00189768942073, "max": 0.0431807488203, "var": 4.56918933196e-05, "mean": 0.00786471739411}, "spectral_contrast_coeffs": {"dmean2": [0.0824043527246, 0.0713338181376, 0.0586338043213, 0.0462801493704, 0.0316863656044, 0.0270539876074], "median": [-0.606645584106, -0.742525696754, -0.768481314182, -0.791485190392, -0.795040786266, -0.74944370985], "min": [-0.962659955025, -0.979242861271, -0.977988123894, -0.982760548592, -0.980103969574, -0.970865726471], "dvar2": [0.00467984750867, 0.00316377426498, 0.00208828458562, 0.00131482200231, 0.000601435138378, 0.000573552271817], "dvar": [0.00180772761814, 0.00116286263801, 0.00081426021643, 0.000501437869389, 0.000221255089855, 0.000231049169088], "dmean": [0.0502232834697, 0.0428815744817, 0.0360539704561, 0.0282380040735, 0.018964542076, 0.0166060850024], "max": [-0.328085929155, -0.430658996105, -0.533177614212, -0.517323791981, -0.633720040321, -0.602642655373], "var": [0.00566441798583, 0.00410033715889, 0.00368760316633, 0.0026780529879, 0.000843082962092, 0.00142939016223], "mean": [-0.607256054878, -0.736202001572, -0.76223140955, -0.783155977726, -0.794685781002, -0.748597383499]}, "melbands_skewness": {"dmean2": 1.19217669964, "median": 2.53885984421, "min": -3.36890411377, "dvar2": 2.23042583466, "dvar": 0.855875432491, "dmean": 0.745656847954, "max": 14.7109870911, "var": 3.12491798401, "mean": 2.8689789772}, "spectral_spread": {"dmean2": 626193.25, "median": 4787235.5, "min": 1523306.75, "dvar2": 853844230144, "dvar": 518970343424, "dmean": 460005.65625, "max": 42952552, "var": 2869060960260.0, "mean": 5017042.5}, "dissonance": {"dmean2": 0.0222260802984, "median": 0.481163561344, "min": 0.25215575099, "dvar2": 0.000581851112656, "dvar": 0.000207606921322, "dmean": 0.0131311472505, "max": 0.500000119209, "var": 0.000391410489101, "mean": 0.47577932477}, "spectral_skewness": {"dmean2": 0.262916743755, "median": 1.32934856415, "min": -0.0109673207626, "dvar2": 0.111521266401, "dvar": 0.0463680289686, "dmean": 0.16777664423, "max": 5.231153965, "var": 0.168628230691, "mean": 1.41656863689}, "spectral_flux": {"dmean2": 0.0399577729404, "median": 0.0852077379823, "min": 6.94836896353e-11, "dvar2": 0.00196678261273, "dvar": 0.00101816549432, "dmean": 0.0253904499114, "max": 0.298933386803, "var": 0.00224731490016, "mean": 0.0929626151919}, "spectral_contrast_valleys": {"dmean2": [0.589210629463, 0.531827509403, 0.4555798769, 0.396254122257, 0.321070492268, 0.323538511992], "median": [-6.72611618042, -6.50447559357, -6.8633275032, -7.02111577988, -6.6638250351, -9.31343460083], "min": [-27.0177116394, -27.1030540466, -27.4882907867, -27.419834137, -27.3349704742, -27.3293132782], "dvar2": [0.249404296279, 0.205422833562, 0.141735523939, 0.136178553104, 0.148455634713, 0.195327162743], "dvar": [0.11333668977, 0.0962720438838, 0.0715084522963, 0.0724254772067, 0.0813147649169, 0.112814292312], "dmean": [0.353518456221, 0.322202086449, 0.276144146919, 0.244252756238, 0.203636974096, 0.232669323683], "max": [-5.1933555603, -4.79001140594, -5.34884595871, -5.80016136169, -5.62739658356, -7.22138214111], "var": [0.548190176487, 0.571279108524, 0.653024435043, 0.608714997768, 0.814165174961, 1.25874495506], "mean": [-6.80112552643, -6.6103887558, -7.03025341034, -7.23522567749, -6.97726297379, -9.59320259094]}, "erbbands_flatness_db": {"dmean2": 0.0185488220304, "median": 0.121108204126, "min": 0.0360559411347, "dvar2": 0.000341822509654, "dvar": 0.000185676719411, "dmean": 0.0131324874237, "max": 0.378913074732, "var": 0.00235971482471, "mean": 0.128949806094}, "spectral_energyband_high": {"dmean2": 0.000756902445573, "median": 0.00114651559852, "min": 7.55485298415e-21, "dvar2": 1.96356450033e-06, "dvar": 1.05252286176e-06, "dmean": 0.000507728138473, "max": 0.0237626954913, "var": 3.82991265724e-06, "mean": 0.00154434377328}, "spectral_entropy": {"dmean2": 0.171012088656, "median": 7.88641405106, "min": 5.37869548798, "dvar2": 0.0466542541981, "dvar": 0.0240882728249, "dmean": 0.118830226362, "max": 9.79772567749, "var": 0.171336784959, "mean": 7.77223062515}, "silence_rate_20dB": {"dmean2": 0, "median": 1, "min": 1, "dvar2": 0, "dvar": 0, "dmean": 0, "max": 1, "var": 0, "mean": 1}, "melbands_flatness_db": {"dmean2": 0.0402370467782, "median": 0.162753775716, "min": 0.00231236242689, "dvar2": 0.00220961635932, "dvar": 0.000823264010251, "dmean": 0.0250418931246, "max": 0.484719365835, "var": 0.00422504078597, "mean": 0.176951378584}, "barkbands": {"dmean2": [0.000721094605979, 0.00926423631608, 0.00381583208218, 0.00311498646624, 0.00479223672301, 0.00135100958869, 0.00138189608697, 0.000651287729852, 0.000965712009929, 0.00100933772046, 0.000821503228508, 0.000988894025795, 0.000647716689855, 0.000565042078961, 0.000534622173291, 0.000439431256382, 0.000522380927578, 0.000319628365105, 0.00041402131319, 0.00025254895445, 0.00022115574393, 0.000219252178795, 0.000152336680912, 0.000158424576512, 9.34554554988e-05, 5.17199805472e-05, 1.70183229784e-05], "median": [1.69027498487e-05, 0.00172636273783, 0.00307045783848, 0.00247226189822, 0.00477227056399, 0.00099913