{"tonal": {"thpcp": [1, 0.724575400352, 0.473915815353, 0.395688921213, 0.352130562067, 0.400118052959, 0.461639136076, 0.394704073668, 0.422393798828, 0.496093690395, 0.438397675753, 0.526171088219, 0.54077899456, 0.380761653185, 0.362606227398, 0.393200576305, 0.429712474346, 0.474571108818, 0.395753473043, 0.323179662228, 0.498107820749, 0.674722731113, 0.523784279823, 0.331330984831, 0.333490729332, 0.33690816164, 0.289431095123, 0.245069175959, 0.268015384674, 0.404875457287, 0.505546867847, 0.662644863129, 0.731931805611, 0.584021747112, 0.536099433899, 0.815092623234], "hpcp": {"dmean2": [0.351633697748, 0.297546505928, 0.271643698215, 0.236819043756, 0.223546788096, 0.218372896314, 0.218722969294, 0.206268191338, 0.22312361002, 0.251831144094, 0.217924237251, 0.219673991203, 0.226675122976, 0.174699991941, 0.161814033985, 0.168314993382, 0.205601319671, 0.206951156259, 0.205039590597, 0.201743140817, 0.234356731176, 0.255832493305, 0.236939802766, 0.200994610786, 0.201068758965, 0.189287990332, 0.136911764741, 0.115630075336, 0.125438258052, 0.176225990057, 0.206757694483, 0.213512837887, 0.20672531426, 0.237844839692, 0.28816524148, 0.404618144035], "median": [0.156699985266, 0.105870805681, 0.04756064713, 0.0391269549727, 0.0327430590987, 0.0528174638748, 0.0633842945099, 0.0592152923346, 0.051811799407, 0.0576748847961, 0.060420460999, 0.0765342563391, 0.0748062729836, 0.0452119335532, 0.0416103452444, 0.0450709164143, 0.0560611709952, 0.0532844401896, 0.0407650582492, 0.0305030420423, 0.0692721828818, 0.0977135002613, 0.0750417336822, 0.0309565011412, 0.0293262377381, 0.032910361886, 0.0332124605775, 0.0245942622423, 0.0350242294371, 0.056062284857, 0.0855861008167, 0.0689949393272, 0.0798119902611, 0.0741067677736, 0.0666737854481, 0.137329429388], "min": [0, 0, 0, 0, 0, 0, 0, 0, 0, 0, 0, 0, 0, 0, 0, 0, 0, 0, 0, 0, 0, 0, 0, 0, 0, 0, 0, 0, 0, 0, 0, 0, 0, 0, 0, 0], "dvar2": [0.175684645772, 0.139612659812, 0.146227926016, 0.11925829947, 0.126258581877, 0.115028806031, 0.1047712937, 0.0904607772827, 0.107430681586, 0.12872980535, 0.0900010317564, 0.0913228988647, 0.1034418419, 0.0721675902605, 0.06279207021, 0.0660504326224, 0.0984189733863, 0.0922147557139, 0.100179806352, 0.105738677084, 0.115884758532, 0.115945056081, 0.105111092329, 0.109231874347, 0.109463445842, 0.105996578932, 0.0491536036134, 0.0406260639429, 0.04631954059, 0.0733522102237, 0.081765525043, 0.0868055596948, 0.0699528232217, 0.0893461331725, 0.130072936416, 0.212647423148], "dvar": [0.0653837844729, 0.0512419044971, 0.0544086657465, 0.045756533742, 0.0472098477185, 0.0422610156238, 0.0397400707006, 0.0322928987443, 0.0387306511402, 0.0499077960849, 0.0336142219603, 0.0340480320156, 0.0391973927617, 0.0271282810718, 0.0246565248817, 0.0268071833998, 0.0358306840062, 0.0373978987336, 0.0365378074348, 0.0361093729734, 0.039628431201, 0.0430452972651, 0.039910569787, 0.0388358086348, 0.040535222739, 0.0394953265786, 0.0182335078716, 0.0151743236929, 0.0163302589208, 0.0278404951096, 0.0331463702023, 0.0446315705776, 0.0345575585961, 0.0436309315264, 0.051296569407, 0.0762086212635], "dmean": [0.197205498815, 0.16873447597, 0.154087796807, 0.133327126503, 0.125040903687, 0.12297398597, 0.123044669628, 0.115633353591, 0.125618115067, 0.141091495752, 0.124268576503, 0.129791885614, 0.134051725268, 0.10171879828, 0.0942171216011, 0.0970273837447, 0.118997573853, 0.12169906497, 0.117540434003, 0.112118683755, 0.13278990984, 0.148786261678, 0.134536907077, 0.112136162817, 0.113459870219, 0.108138293028, 0.0793637037277, 0.0666005760431, 0.0716238990426, 0.104896835983, 0.126396924257, 0.137025713921, 0.138955160975, 0.150739371777, 0.175164356828, 0.227180078626], "max": [1, 1, 1, 1, 1, 1, 1, 1, 1, 1, 1, 1, 1, 1, 1, 1, 1, 1, 1, 1, 1, 1, 1, 1, 1, 1, 1, 1, 1, 1, 1, 1, 1, 1, 1, 1], "var": [0.138071522117, 0.0841791406274, 0.0585143864155, 0.0455558486283, 0.0420396365225, 0.0412107855082, 0.0520316027105, 0.0339625962079, 0.0431521497667, 0.0644685178995, 0.0411896333098, 0.0570029169321, 0.0651379749179, 0.0390810407698, 0.0367163531482, 0.0457888953388, 0.0438599549234, 0.0582151226699, 0.0451324693859, 0.0337042845786, 0.0492481663823, 0.0830787494779, 0.0554832108319, 0.035743702203, 0.0385516434908, 0.0389805994928, 0.0236134007573, 0.0226749945432, 0.0189039520919, 0.0383658930659, 0.0483355559409, 0.100744619966, 0.105934612453, 0.0786847546697, 0.0627764686942, 0.0946415960789], "mean": [0.342000365257, 0.247805058956, 0.162079378963, 0.135325759649, 0.120428778231, 0.136840522289, 0.157880753279, 0.134988933802, 0.144458830357, 0.169664219022, 0.149932160974, 0.17995069921, 0.184946611524, 0.130220621824, 0.124011464417, 0.134474739432, 0.146961823106, 0.162303492427, 0.135347828269, 0.110527567565, 0.170353055, 0.230755418539, 0.1791344136, 0.113315314054, 0.114053949714, 0.115222714841, 0.0989855378866, 0.0838137492537, 0.0916613638401, 0.138467550278, 0.172897204757, 0.226624786854, 0.25032094121, 0.199735641479, 0.18334621191, 0.278761982918]}, "tuning_equal_tempered_deviation": 0.1449547261, "chords_changes_rate": 0.0795702263713, "key_key": "A", "tuning_diatonic_strength": 0.394043773413, "key_scale": "major", "chords_number_rate": 0.00218000612222, "tuning_frequency": 440.254241943, "tuning_nontempered_energy_ratio": 0.801506280899, "chords_histogram": [26.9853630066, 1.82186233997, 0.0311429463327, 1.18343198299, 0.0622858926654, 0.529430091381, 0, 0.249143570662, 0.295857995749, 1.49486136436, 2.83400797844, 12.0990343094, 1.6194331646, 0.7007163167, 0.669573366642, 3.95515418053, 1.69729053974, 19.028339386, 16.8950481415, 0.794145107269, 2.1644346714, 0.202429145575, 2.13329172134, 2.55372166634], "key_strength": 0.542311429977, "chords_key": "A", "chords_strength": {"dmean2": 0.0134226754308, "median": 0.497370362282, "min": -1, "dvar2": 0.000733554479666, "dvar": 0.000389338587411, "dmean": 0.0107200844213, "max": 0.769197642803, "var": 0.0231785923243, "mean": 0.49922850728}, "chords_scale": "major", "hpcp_entropy": {"dmean2": 1.21811747551, "median": 2.4289393425, "min": 0, "dvar2": 1.02126228809, "dvar": 0.38032835722, "dmean": 0.720079004765, "max": 4.74006128311, "var": 0.983267903328, "mean": 2.36003112793}}, "metadata": {"audio_properties": {"equal_loudness": 0, "codec": "mp3", "downmix": "mix", "sample_rate": 44100, "analysis_sample_rate": 44100, "bit_rate": 267310, "md5_encoded": "9f4f6385dae9e4352756ed29eaa0a048", "length": 298.161621094, "replay_gain": -17.0590019226, "lossless": false}, "version": {"essentia_build_sha": "70f2e5ece6736b2c40cc944ad0e695b16b925413", "essentia": "2.1-beta2", "extractor": "music 1.0", "essentia_git_sha": "v2.1_beta2"}, "tags": {"title": ["Tremor"], "language": ["eng"], "media": ["Digital Media"], "albumartist": ["Clockwork"], "length": ["298125"], "musicbrainz_recordingid": ["17820ae3-bb06-4186-ae2f-f7a37e42b6b9"], "encoding": ["LAME 64bits version 3.99.5 (http://lame.sf.net)"], "musicbrainz_albumartistid": ["b7f800d0-6bc6-4c31-bda2-d96a77d985ca"], "discnumber": ["1/1"], "bpm": ["0"], "catalognumber": ["DM399"], "musicbrainz album release country": ["US"], "musicbrainz album type": ["ep"], "musicbrainz album status": ["Official"], "acoustid_fingerprint": ["AQADtEmUSEqSTUwC3MLhHzjuAwau4bB8fIWP7zhEHccP2D7044WtHZfgw_IP-PiFC4fO497hy_iOs4Nwwv3wEg9uBvp-0MJLw-FwiOEO7xlyJfBD9Dz6FXBe3Mh4-Mc96MWBS7hhSjhEnNBxObh2iD-OGxZswzkOHBfRE9p6XDl84uhl4dDgw6IBH8d94Dhu6DhM4kWOXAJuGGJ23MaRH4dzHeHxHz18nPBhGgdEGb6h_jjg45fQA0fLA75QdMSJC9Ah4viBYztyHIfpB5-IwMoP6LVwBb5x5Eg1uD12Hq2OQuSP48jZwkd-HD4OH9gJHDcMK-Xx44dFXDgPCzj0w8dhHBBh4z5wifBxHD-OEz5w4EInCz_6Q1yJ4zoOnx0uKPuO4zrMH__xD1ou4ydyRimY1Dm-47-EUxfCB3iyQov1oi06QucHRz1Rv7iJ_mA7Q91R8qipCM_wOYJ_lAsP_jj6o1Hc4dhL9DvS_fDCJ-h8hGeOXYLqCN4RXiqBf6iOMLMonMNP9DyaGGX4KBBXnCkeGneE1EfOD89h7ih5aKoUL_BTiLmQXviEf2h2o8XxTQnhH7128Oxw0viDZkekM8WjQPvh6ihbTAwvpJp49FLQJzooReLxDCdfbBWRH4d64z8uLUKaFyaPSdLkGGeFP2iXwttxakF2PfCnZzjxw1twFtyFVgc7fUF15Mk8-MyRO4dz_IVu7CIcHHoUYz-R5lZwveCt4ngEXyy2Ci-RR4sFx8eVFVexhke9KNBvZCfKwrzw4mie4Bk5IbbQk4Suw9ZOxL4AK2RQLT7xo1QPH38CX5SwF3l5-KWhH7Ge4De8IYc7HhqPI16OMx_yHf8MLV8QWi364S98_E7wkHA3RPrxHZJfhBox5TJO4tJxJYdDXMuq4D2i4zyuVGCIR8vR40f1w9MuTIeeW-gTaWhO9PBTXD3xiCf0jsiPE374o5jeDf7xHb8Cn4OT6PhRyTx65CTsHj70fOBjpI6Mw1yuoDyqH9t5VMFJ5MmRjNKyo3lIBY96nA---Dj6kXD-JKh8fMhp-IGOJ8epqQKaZzl0WI10wA-P7zgNXMsCf8FD-MfDQ_zxEH6PB_4E2bAaAm9o4XgIf3iIH-JD-Djh4yHE97jg8_jhh_DxED5O6IIfWrgOP4R--CFcHbkWBn4SFddxBrkfaOWH6xEO38VxJ2qgN6nQE354_LAaCebw8Lh2nMaJL_Cz4If48Dh8HocfQrAsHebxhvhhLjT8EF_gZ3jh13jghxD87IKuI30I-3h4XMfHHJf04GIOK6TRZ0ESHWGUgu6aCQ_25cH2RDku5JD8o90PeSu2VD9e43CaI3wQW4dKRSqO5jwewu9xwQ-P4wsNfCHE45HgHw_h4yH84yGsQpfgE8cbHjnOw1-OL8jhE4cfwj8ewselw-dxDQ-P4yT8BXoWvDp84hBPHOnD44oOn4Gf44qQtxDV7EHDfbhyvOiLJngOlVWFws9ywJcO41p4_PBDww9xjfCjQK_hhzj8EIcfHrDMwzoeHtchN5mRM3gWuOKDXFEI0aljXGmL9EzRB5OMhsuRM4euB4985JOOS0fj8yilvIiovEHnpdCS77j0Q3sOd8qIkD0eHRePLzu-o_sCC-FznA_0FD2avzhUKhGeHM15PDT84zTE8_jhh9Dhh8cHnxYO8eHxHT4N4-Fh9XgkiD8ewo9kIS_8Hg_S9_jhhzj8ED4ewscJQw8P_3hDWM3xQnxo4fBp4TrShzh8HoeZ8XB-PImMNC5kLTsc-witHHlS3DAOnQqqX_DD44cfwscX6fhhNYR_XAvhX3gIv9Bz-CEOPzx0WA0P-LQAPzwsnMcFP4SPFz4ewi_uBA7V44dF8cgPP8QPO2GM__CzYDSaB_Qu5DsOLV9x5sjgB9YvTHqDH_1hN_BZIXxy43giqGxSoTt8WvDxhvBrPPA4HR8cMTt-OFso4vAX_If4LLB6PDzMcdBX-Bde5AwDfzk8ZsdrwVyIdNAZ_EgfJfjgh4cv4c2O9EefQ7uOL8eHfEU6hsIJX4qOSxnMZUhvnOHhHFf24PCz4peKVKF0OP6CdsHl41nh4zkuKin6GJaiLPAJPcMFH0euBA9yB-YOsYpUoj--FH2OPJvwHGmd44HI2Ojx44nwo9dI_NAno96DnRzCO3iO-8KD3IezHbrwF3l2PNZwv_hFWAKrFBJLSHOtcoAaIwaCihNngVDOGIaUgMYRxYBggBhBhBIECUCctUoIY50VTwkFlHAWW2AIM0g45KwWS0grpGgKCaSoJBYAKSBh1iilgFIUACuMMGIqaQSm1glCBDLaUYmEEkKYZKngwgykjCBQGGmMOEpYKYwxRjijnHbKKaA44RYJIZAyAhADBEMKCGAMAAIYxYwwCEhjnGGMIEGFAcoxI4QSRDDjhAHUCSEUYQooRYSQBHmrnCCgGAGEIcZxwYxAxAkAiDNAIWUIAQAjRoQSRgBAKXACAY4AAAIUIYRIAhiFgHVAGgNBgkI4wgwTRgEjIDDQEUAUERJAI4CCJBojFACAEKGMkAAJIwxD0ADBhGMEIqKQI8AIAAAlCgAgkMAKAGAEIcQoQRBAmhCAEEOCIgAAQgIAI5RARjMDCGKAMwCAQAIIw5wADCAmAGNAMCAEA4whAJxmQDghGAOWGYcAYgAxoABgggFDELEAACKAYIwJwZxjgCEgmBAmCCkYAwwwwIAQhAHGALIICIOIQN8IADgMSAhBGEVCkEAYEA4IcwxgADHAAGNKMCHAE4A4MBgAjAEnhBBMiAOQIAIJBoRQQgimgEHIOieAEEIIxgAQAAEGGBDCMoMYYAQgIBglQCliAEIEEAIIEgAwZJARiAFEhAEIKoCYBIAwwJwQjAEEhBEMCMMEE4wBxgAAggHhDGAAMOCQAEwoBqBADAghRBCECYAkdYQAIBgDxgjGABMAMYAMYEAgIYBwQgTBAAPAOISUAgAjBgAgzpFgKCJEISMsAIQxIoAATDhiBREECICYUEIIAQhhighggACCACaMQI44wgAhigiDgBUAGEEctYwCBZAYiDGDhHUESSYBI4QwhQAhSAEmBUDUCGQIQcQhQQg"], "date": ["2013-02-12"], "file_name": "02 Tremor.mp3", "album": ["Surge"], "musicbrainz_artistid": ["b7f800d0-6bc6-4c31-bda2-d96a77d985ca"], "originaldate": ["2013-02-12"], "musicbrainz_albumid": ["7f355b56-b09e-459e-8bd0-afb92eda848e"], "artist": ["Clockwork"], "artistsort": ["Clockwork"], "tracknumber": ["2/2"], "label": ["Dim Mak Records"], "albumartistsort": ["Clockwork"], "acoustid_id": ["ef2e91f5-7302-4873-a6ec-51cafe4244ff"], "script": ["Latn"], "musicbrainz_releasegroupid": ["f4c764ac-9a0d-4a2d-b2d8-9f3207aa2667"]}}, "rhythm": {"bpm_histogram_first_peak_bpm": {"dmean2": 0, "median": 129, "min": 129, "dvar2": 0, "dvar": 0, "dmean": 0, "max": 129, "var": 0, "mean": 129}, "bpm": 128.073059082, "bpm_histogram_second_peak_spread": {"dmean2": 0, "median": 0.384615361691, "min": 0.384615361691, "dvar2": 0, "dvar": 0, "dmean": 0, "max": 0.384615361691, "var": 0, "mean": 0.384615361691}, "bpm_histogram_first_peak_weight": {"dmean2": 0, "median": 0.591772139072, "min": 0.591772139072, "dvar2": 0, "dvar": 0, "dmean": 0, "max": 0.591772139072, "var": 0, "mean": 0.591772139072}, "onset_rate": 3.96406126022, "beats_position": [0.487619042397, 0.975238084793, 1.43963718414, 1.90403628349, 2.38004541397, 2.85605430603, 3.32045340538, 3.78485250473, 4.2492518425, 4.72526073456, 5.20126962662, 5.66566896439, 6.13006782532, 6.59446716309, 7.05886602402, 7.53487491608, 8.01088428497, 8.47528362274, 8.93968200684, 9.4040813446, 9.8800907135, 10.3560991287, 10.8204984665, 11.2848978043, 11.749297142, 12.2136955261, 12.689704895, 13.1657142639, 13.6301136017, 14.0945119858, 14.5589113235, 15.0349206924, 15.5109291077, 15.9753284454, 16.4397277832, 16.904127121, 17.3801364899, 17.8561439514, 18.3205432892, 18.784942627, 19.2493419647, 19.7253513336, 20.2013607025, 20.6657600403, 21.1301574707, 21.5945568085, 22.0589561462, 22.5349655151, 23.010974884, 23.4753742218, 23.9397735596, 24.40417099, 24.8801803589, 25.3561897278, 25.8205890656, 26.2849884033, 26.7493877411, 27.2137870789, 27.6897945404, 28.1658039093, 28.6302032471, 29.0946025848, 29.5590019226, 30.0234012604, 30.4994106293, 30.9754180908, 31.4398174286, 31.9042167664, 32.3686180115, 32.8446235657, 33.3206329346, 33.7850341797, 34.2494316101, 34.7138328552, 35.1782302856, 35.6542396545, 36.1302490234, 36.5946464539, 37.059047699, 37.5234451294, 37.9994544983, 38.4754638672, 38.9398651123, 39.4042625427, 39.8686599731, 40.344669342, 40.8206787109, 41.2850799561, 41.7494773865, 42.2138786316, 42.6898841858, 43.1658935547, 43.6302947998, 44.0946922302, 44.5590934753, 45.0351028442, 45.5111083984, 45.9755096436, 46.439907074, 46.9043083191, 47.3687057495, 47.8447151184, 48.3207244873, 48.7851219177, 49.2495231628, 49.7139205933, 50.1783218384, 50.6543312073, 51.1303405762, 51.5947380066, 52.0591392517, 52.5235366821, 52.9879341125, 53.4523353577, 53.9167327881, 54.3811340332, 54.8339233398, 55.2983207703, 55.7511100769, 56.2155075073, 56.6799087524, 57.1559181213, 57.6319274902, 58.1079368591, 58.583946228, 59.0715637207, 59.5475730896, 60.0235824585, 60.4879798889, 60.9639892578, 61.4399986267, 61.9043960571, 62.3687973022, 62.8331947327, 63.2975959778, 63.7736053467, 64.2496109009, 64.714012146, 65.1784133911, 65.6428070068, 66.107208252, 66.5716094971, 67.0476150513, 67.5236282349, 67.98802948, 68.4524230957, 68.9284362793, 69.4044418335, 69.8688430786, 70.3332443237, 70.8092498779, 71.2852630615, 71.7496566772, 72.2140579224, 72.6784591675, 73.1544647217, 73.6304779053, 74.094871521, 74.5592727661, 75.0236740112, 75.488067627, 75.9524688721, 76.4284820557, 76.9044876099, 77.368888855, 77.8332901001, 78.3092956543, 78.7853012085, 79.2497024536, 79.7141036987, 80.1785049438, 80.6428985596, 81.1072998047, 81.5717010498, 82.0360946655, 82.5237197876, 82.9881134033, 83.4525146484, 83.928527832, 84.4045333862, 84.8689346313, 85.3333282471, 85.7977294922, 86.2621307373, 86.7265319824, 87.1909255981, 87.6553268433, 88.1429443359, 88.5957336426, 89.0717468262, 89.5477523804, 90.023765564, 90.4881591797, 90.9641723633, 91.4401779175, 91.9045791626, 92.3689804077, 92.8333740234, 93.309387207, 93.7853927612, 94.2497940063, 94.7141952515, 95.1785888672, 95.6429901123, 96.1190032959, 96.5950088501, 97.0594100952, 97.5238113403, 97.9882049561, 98.4642181396, 98.9402236938, 99.404624939, 99.8690261841, 100.3334198, 100.809432983, 101.285438538, 101.749839783, 102.214241028, 102.678634644, 103.154647827, 103.630653381, 104.095054626, 104.559455872, 105.023849487, 105.488250732, 105.964263916, 106.44026947, 106.904670715, 107.36907196, 107.833465576, 108.297866821, 108.773872375, 109.249885559, 109.714286804, 110.17868042, 110.643081665, 111.10748291, 111.571876526, 112.036277771, 112.523895264, 112.988296509, 113.464309692, 113.928703308, 114.404716492, 114.869110107, 115.333511353, 115.797912598, 116.262313843, 116.738319397, 117.214332581, 117.678726196, 118.15473938, 118.619132996, 119.095146179, 119.559547424, 120.02394104, 120.476730347, 120.941131592, 121.405532837, 121.869926453, 122.345939636, 122.82194519, 123.297958374, 123.762359619, 124.238365173, 124.714370728, 125.178771973, 125.643173218, 126.107574463, 126.571968079, 127.036369324, 127.512374878, 127.988388062, 128.452789307, 128.92880249, 129.404800415, 129.86920166, 130.333602905, 130.79800415, 131.262405396, 131.73840332, 132.214416504, 132.678817749, 133.143218994, 133.607620239, 134.083618164, 134.559631348, 135.024032593, 135.488433838, 135.952835083, 136.428848267, 136.904846191, 137.369247437, 137.833648682, 138.298049927, 138.762451172, 139.238449097, 139.71446228, 140.178863525, 140.643264771, 141.107666016, 141.58366394, 142.059677124, 142.524078369, 142.988479614, 143.464492798, 143.940490723, 144.404891968, 144.869293213, 145.333694458, 145.798095703, 146.262496948, 146.738494873, 147.214508057, 147.678909302, 148.143310547, 148.61932373, 149.095321655, 149.5597229, 150.024124146, 150.488525391, 150.952926636, 151.428924561, 151.904937744, 152.369338989, 152.833740234, 153.298141479, 153.762542725, 154.238540649, 154.714553833, 155.178955078, 155.643356323, 156.107757568, 156.583755493, 157.059768677, 157.53578186, 158.011795044, 158.47618103, 158.940582275, 159.404983521, 159.880996704, 160.357009888, 160.821395874, 161.285797119, 161.750198364, 162.214599609, 162.690612793, 163.166610718, 163.631011963, 164.095413208, 164.559814453, 165.035827637, 165.51184082, 165.976226807, 166.440628052, 166.905029297, 167.38104248, 167.857055664, 168.32144165, 168.785842896, 169.250244141, 169.714645386, 170.190658569, 170.666656494, 171.131057739, 171.595458984, 172.059860229, 172.524261475, 173.011871338, 173.476272583, 173.940673828, 174.405075073, 174.869476318, 175.345489502, 175.821487427, 176.285888672, 176.750289917, 177.214691162, 177.690704346, 178.166702271, 178.631103516, 179.095504761, 179.559906006, 180.035919189, 180.511917114, 180.976318359, 181.440719604, 181.90512085, 182.369522095, 182.857131958, 183.321533203, 183.785934448, 184.250335693, 184.714736938, 185.202362061, 185.666748047, 186.131149292, 186.595550537, 187.059951782, 187.547576904, 188.058410645, 188.580856323, 189.091690063, 189.614151001, 190.101760864, 190.589385986, 191.053787231, 191.518188477, 191.982574463, 192.458587646, 192.93460083, 193.399002075, 193.86340332, 194.327789307, 194.80380249, 195.279815674, 195.744216919, 196.208618164, 196.684616089, 197.160629272, 197.636642456, 198.124252319, 198.62348938, 199.122711182, 199.598724365, 200.074737549, 200.550750732, 201.038360596, 201.525985718, 202.036819458, 202.512832642, 202.988845825, 203.453231812, 203.929244995, 204.405258179, 204.869659424, 205.334060669, 205.810058594, 206.286071777, 206.750473022, 207.214874268, 207.679275513, 208.143676758, 208.608062744, 209.072463989, 209.548477173, 210.024490356, 210.488891602, 210.953277588, 211.429290771, 211.893692017, 212.3697052, 212.834106445, 213.298492432, 213.762893677, 214.23890686, 214.714920044, 215.179321289, 215.643707275, 216.119720459, 216.595733643, 217.060134888, 217.524536133, 217.988937378, 218.464935303, 218.940948486, 219.405349731, 219.869750977, 220.334152222, 220.798538208, 221.274551392, 221.750564575, 222.21496582, 222.679367065, 223.143753052, 223.619766235, 224.095779419, 224.560180664, 225.024581909, 225.488967896, 225.964981079, 226.440994263, 226.905395508, 227.369796753, 227.834197998, 228.298583984, 228.762985229, 229.227386475, 229.69178772, 230.156188965, 230.643798828, 231.096588135, 231.572601318, 232.048614502, 232.524627686, 232.989013672, 233.465026855, 233.941040039, 234.405441284, 234.869842529, 235.334228516, 235.798629761, 236.274642944, 236.750656128, 237.215057373, 237.679458618, 238.143844604, 238.619857788, 239.095870972, 239.560272217, 240.024673462, 240.489059448, 240.965072632, 241.441085815, 241.905487061, 242.369888306, 242.834274292, 243.298675537, 243.774688721, 244.250701904, 244.715103149, 245.179489136, 245.655502319, 246.131515503, 246.595916748, 247.060317993, 247.524719238, 247.989105225, 248.45350647, 248.929519653, 249.405532837, 249.869934082, 250.334320068, 250.798721313, 251.263122559, 251.739135742, 252.215148926, 252.679534912, 253.143936157, 253.608337402, 254.072738647, 254.537139893, 255.024749756, 255.489151001, 255.953552246, 256.41796875, 256.893951416, 257.3699646, 257.834381104, 258.29876709, 258.763183594, 259.23916626, 259.715179443, 260.179595947, 260.655609131, 261.119995117, 261.596008301, 262.060394287, 262.524810791, 263.000823975, 263.476806641, 263.941223145, 264.405609131, 264.870025635, 265.346038818, 265.822021484, 266.286437988, 266.750823975, 267.215240479, 267.679626465, 268.155639648, 268.631652832, 269.096038818, 269.560455322, 270.024841309, 270.500854492, 270.976867676, 271.441253662, 271.905670166, 272.370056152, 272.834472656, 273.31048584, 273.786468506, 274.25088501, 274.715270996, 275.1796875, 275.655700684, 276.13168335, 276.596099854, 277.06048584, 277.524902344, 278.000915527, 278.476898193, 278.941314697, 279.405700684, 279.870117188, 280.334503174, 280.810516357, 281.286529541, 281.750915527, 282.215332031, 282.679718018, 283.155731201, 283.631744385, 284.096130371, 284.560546875, 285.024932861, 285.500946045, 285.976959229, 286.441345215, 286.905761719, 287.370147705, 287.846160889, 288.322174072, 288.786560059, 289.250976562, 289.715362549, 290.179779053, 290.655792236, 291.131774902, 291.596191406, 292.060577393, 292.559814453, 293.059051514, 293.558258057, 294.057495117, 294.556732178, 295.055969238, 295.555175781, 296.054412842, 296.565246582, 297.076080322, 297.58694458], "beats_loudness": {"dmean2": 0.0408998578787, "median": 0.0430222935975, "min": 0, "dvar2": 0.00283706584014, "dvar": 0.00103563163429, "dmean": 0.0222921799868, "max": 0.15211237967, "var": 0.00224146409892, "mean": 0.0579322166741}, "danceability": 1.13177263737, "bpm_histogram_second_peak_weight": {"dmean2": 0, "median": 0.0253164563328, "min": 0.0253164563328, "dvar2": 0, "dvar": 0, "dmean": 0, "max": 0.0253164563328, "var": 0, "mean": 0.0253164563328}, "beats_count": 633, "bpm_histogram_second_peak_bpm": {"dmean2": 0, "median": 123, "min": 123, "dvar2": 0, "dvar": 0, "dmean": 0, "max": 123, "var": 0, "mean": 123}, "bpm_histogram_first_peak_spread": {"dmean2": 0, "median": 0.374581933022, "min": 0.374581933022, "dvar2": 0, "dvar": 0, "dmean": 0, "max": 0.374581933022, "var": 0, "mean": 0.374581933022}, "beats_loudness_band_ratio": {"dmean2": [0.32276314497, 0.199181884527, 0.0810902714729, 0.160885542631, 0.0651296898723, 0.0949594005942], "median": [0.327494442463, 0.101067908108, 0.0503583326936, 0.0683273524046, 0.079409353435, 0.117526620626], "min": [0, 0, 0, 0, 0, 0], "dvar2": [0.164621934295, 0.0457027107477, 0.0100327227265, 0.0441406443715, 0.00587874976918, 0.0150070460513], "dvar": [0.0602933131158, 0.0155079877004, 0.00376453925855, 0.014280195348, 0.00218098121695, 0.00709314830601], "dmean": [0.176283076406, 0.107375107706, 0.045859105885, 0.0861831456423, 0.0375591479242, 0.0543611198664], "max": [0.998185276985, 0.730093300343, 0.66604167223, 0.642679452896, 0.489861696959, 0.736728429794], "var": [0.132838249207, 0.0253116376698, 0.00737415999174, 0.0208830051124, 0.00693232938647, 0.0381892696023], "mean": [0.401604950428, 0.154139205813, 0.0753360241652, 0.126711040735, 0.090890981257, 0.184755504131]}}, "lowlevel": {"barkbands_spread": {"dmean2": 9.73229694366, "median": 29.6910572052, "min": 0.0452992282808, "dvar2": 121.442222595, "dvar": 59.50548172, "dmean": 6.75929880142, "max": 114.10798645, "var": 382.829467773, "mean": 31.4487819672}, "melbands_spread": {"dmean2": 15.1873397827, "median": 30.876739502, "min": 0.144464805722, "dvar2": 382.277282715, "dvar": 175.855422974, "dmean": 10.0628948212, "max": 185.993682861, "var": 842.468566895, "mean": 37.3272399902}, "hfc": {"dmean2": 15.5477333069, "median": 23.7540416718, "min": 1.09819429651e-16, "dvar2": 580.561706543, "dvar": 288.987823486, "dmean": 11.164434433, "max": 191.829269409, "var": 876.566101074, "mean": 32.7202720642}, "barkbands_kurtosis": {"dmean2": 24.0085468292, "median": 0.292098522186, "min": -1.882391572, "dvar2": 13418.8515625, "dvar": 6070.390625, "dmean": 16.5449428558, "max": 2072.89550781, "var": 11313.3085938, "mean": 24.2720470428}, "gfcc": {"mean": [8.2350692749, 27.3606739044, -110.142814636, 15.9510507584, -57.9740943909, 14.7846632004, -37.8456077576, 4.0576376915, -26.2594566345, 2.78477215767, -10.4721908569, 7.31598091125, -5.13995027542], "icov": [[7.66753655626e-05, 3.45460557583e-06, 4.42815507995e-06, -6.19398415438e-05, 0.00010630152974, -0.000253228761721, 0.00027294040774, -8.41520522954e-05, 0.000128604879137, 5.00831301906e-05, 7.26134021534e-05, -0.000320722523611, 0.000238838110818], [3.45460557583e-06, 0.000678105512634, 3.60154990631e-05, 7.65804215916e-05, -0.000406056147767, -0.00010634039063, 0.000122374112834, 2.08271540032e-05, -0.000131428721943, -9.86597751762e-06, -0.000477904628497, 0.000542134395801, -0.000360969424946], [4.42815507995e-06, 3.60154990631e-05, 0.00148882018402, -0.00046998646576, -0.00176647398621, 3.62588143616e-05, 0.000142396718729, -0.000560289015993, 0.000214306332055, -0.000270205287961, 0.000895480974577, -0.00116676720791, 5.00228525198e-05], [-6.19398415438e-05, 7.65804215916e-05, -0.00046998646576, 0.00277595594525, 0.000290591327939, -0.00206850166433, -0.000212442697375, 0.000423025659984, -0.00111983518582, 5.29655917489e-05, 0.000264335161773, 0.00165892113, -0.000683148740791], [0.00010630152974, -0.000406056147767, -0.00176647398621, 0.000290591327939, 0.00633872766048, -0.00276298890822, -0.00178947253153, 0.00112273427658, -0.00117828033399, 0.000186909455806, -0.00159683311358, 0.00066860060906, 0.00137611455284], [-0.000253228761721, -0.00010634039063, 3.62588143616e-05, -0.00206850166433, -0.00276298890822, 0.011010854505, -0.00370883895084, -0.00280029908754, 0.00353815522976, -0.00337854097597, 0.000547853764147, -0.00127830775455, -0.00150812533684], [0.00027294040774, 0.000122374112834, 0.000142396718729, -0.000212442697375, -0.00178947253153, -0.00370883895084, 0.0133505547419, -0.0035712774843, -0.0051834131591, 0.00765963224694, -0.00203147670254, -0.00280496012419, 0.005288626533], [-8.41520522954e-05, 2.08271540032e-05, -0.000560289015993, 0.000423025659984, 0.00112273427658, -0.00280029908754, -0.0035712774843, 0.013152109459, -0.00428891740739, -0.00430543394759, 0.00218218029477, 9.02172905626e-05, -0.00343067455105], [0.000128604879137, -0.000131428721943, 0.000214306332055, -0.00111983518582, -0.00117828033399, 0.00353815522976, -0.0051834131591, -0.00428891740739, 0.0178748480976, -0.00904387049377, -0.000589908042457, 0.00685086520389, -0.00698421290144], [5.00831301906e-05, -9.86597751762e-06, -0.000270205287961, 5.29655917489e-05, 0.000186909455806, -0.00337854097597, 0.00765963224694, -0.00430543394759, -0.00904387049377, 0.0213048569858, -0.00686543248594, -0.00899735465646, 0.01089956332], [7.26134021534e-05, -0.000477904628497, 0.000895480974577, 0.000264335161773, -0.00159683311358, 0.000547853764147, -0.00203147670254, 0.00218218029477, -0.000589908042457, -0.00686543248594, 0.0176745485514, -0.00464622536674, -0.0107240974903], [-0.000320722523611, 0.000542134395801, -0.00116676720791, 0.00165892113, 0.00066860060906, -0.00127830775455, -0.00280496012419, 9.02172905626e-05, 0.00685086520389, -0.00899735465646, -0.00464622536674, 0.0244189240038, -0.0117303738371], [0.000238838110818, -0.000360969424946, 5.00228525198e-05, -0.000683148740791, 0.00137611455284, -0.00150812533684, 0.005288626533, -0.00343067455105, -0.00698421290144, 0.01089956332, -0.0107240974903, -0.0117303738371, 0.0265723075718]], "cov": [[20456.9277344, -927.614501953, -65.2242889404, 386.192596436, -556.99230957, 431.622344971, -555.89074707, -49.9111061096, -560.891113281, 119.874740601, -244.826980591, 296.04888916, -193.596237183], [-927.614501953, 1886.60009766, 448.757080078, 146.345870972, 408.898101807, 211.051010132, 148.978057861, 156.969955444, 185.76184082, 126.772766113, 214.110275269, 73.5166778564, 133.991256714], [-65.2242889404, 448.757080078, 2067.40673828, 627.278808594, 898.22265625, 570.905334473, 341.448791504, 363.296630859, 248.352676392, 248.825912476, 173.591445923, 192.568161011, 102.0284729], [386.192596436, 146.345870972, 627.278808594, 689.537597656, 321.467681885, 309.478820801, 166.126495361, 164.684524536, 131.270736694, 93.7309494019, 50.8545684814, 35.7636070251, 36.5458679199], [-556.99230957, 408.898101807, 898.22265625, 321.467681885, 651.411560059, 345.464813232, 243.886535645, 205.119338989, 176.882644653, 139.691879272, 139.393600464, 92.9515914917, 67.4311981201], [431.622344971, 211.051010132, 570.905334473, 309.478820801, 345.464813232, 371.398773193, 167.903259277, 189.167312622, 109.5835495, 131.911651611, 107.95085144, 105.352241516, 64.8321380615], [-555.89074707, 148.978057861, 341.448791504, 166.126495361, 243.886535645, 167.903259277, 221.17048645, 127.212013245, 110.660636902, 39.1352462769, 57.8238716125, 30.0582294464, 29.5915203094], [-49.9111061096, 156.969955444, 363.296630859, 164.684524536, 205.119338989, 189.167312622, 127.212013245, 228.278381348, 136.400588989, 118.846153259, 97.356300354, 78.4405593872, 71.4194793701], [-560.891113281, 185.76184082, 248.352676392, 131.270736694, 176.882644653, 109.5835495, 110.660636902, 136.400588989, 187.303405762, 101.82900238, 100.403549194, 42.1107597351, 69.6897125244], [119.874740601, 126.772766113, 248.825912476, 93.7309494019, 139.691879272, 131.911651611, 39.1352462769, 118.846153259, 101.82900238, 171.447570801, 115.678825378, 94.5830612183, 55.2722473145], [-244.826980591, 214.110275269, 173.591445923, 50.8545684814, 139.393600464, 107.95085144, 57.8238716125, 97.356300354, 100.403549194, 115.678825378, 211.765731812, 118.770675659, 122.894920349], [296.04888916, 73.5166778564, 192.568161011, 35.7636070251, 92.9515914917, 105.352241516, 30.0582294464, 78.4405593872, 42.1107597351, 94.5830612183, 118.770675659, 144.013076782, 87.9852142334], [-193.596237183, 133.991256714, 102.0284729, 36.5458679199, 67.4311981201, 64.8321380615, 29.5915203094, 71.4194793701, 69.6897125244, 55.2722473145, 122.894920349, 87.9852142334, 129.544219971]]}, "spectral_energyband_middle_low": {"dmean2": 0.00765897938982, "median": 0.00397484423593, "min": 1.53897561335e-22, "dvar2": 0.000174866596353, "dvar": 7.2499657108e-05, "dmean": 0.0048884563148, "max": 0.0824062302709, "var": 9.45469000726e-05, "mean": 0.00757175544277}, "melbands_crest": {"dmean2": 5.22759342194, "median": 15.0547771454, "min": 1.56991839409, "dvar2": 35.9801902771, "dvar": 14.5485582352, "dmean": 3.43891716003, "max": 34.9298629761, "var": 91.4324569702, "mean": 16.8215045929}, "spectral_kurtosis": {"dmean2": 1.61252129078, "median": 2.48305916786, "min": -1.28264522552, "dvar2": 33.9744606018, "dvar": 12.233332634, "dmean": 0.961293041706, "max": 133.190353394, "var": 20.2510871887, "mean": 3.14546179771}, "spectral_rms": {"dmean2": 0.00104971893597, "median": 0.00490899384022, "min": 3.11582075245e-12, "dvar2": 2.1091934741e-06, "dvar": 1.11606527753e-06, "dmean": 0.000779971247539, "max": 0.0124222226441, "var": 7.4325348578e-06, "mean": 0.0050936434418}, "zerocrossingrate": {"dmean2": 0.0183306261897, "median": 0.095703125, "min": 0.001953125, "dvar2": 0.000358004763257, "dvar": 0.000278981693555, "dmean": 0.0161280725151, "max": 0.52294921875, "var": 0.0056783654727, "mean": 0.106477513909}, "silence_rate_60dB": {"dmean2": 0.0868380069733, "median": 0, "min": 0, "dvar2": 0.0964543744922, "dvar": 0.0415697172284, "dmean": 0.0434545613825, "max": 1, "var": 0.0927061289549, "mean": 0.103410683572}, "erbbands_kurtosis": {"dmean2": 1.39460933208, "median": -0.110102295876, "min": -1.72732698917, "dvar2": 13.0457639694, "dvar": 6.41952419281, "dmean": 0.881137430668, "max": 84.8436126709, "var": 10.3646688461, "mean": 0.380049198866}, "erbbands": {"dmean2": [0.151326358318, 1.00059127808, 3.36690950394, 4.77184438705, 7.25725746155, 17.0902462006, 20.1936321259, 18.8981399536, 14.381149292, 12.2095928192, 14.7197208405, 24.0965747833, 16.1661338806, 34.5640029907, 41.6336555481, 35.2872428894, 31.7199745178, 23.8842086792, 24.1135540009, 25.3787899017, 19.3175544739, 13.7478294373, 15.7403411865, 21.3692131042, 16.6285953522, 12.9760513306, 11.3344907761, 9.53397655487, 10.7631826401, 8.57511711121, 7.49978208542, 6.34836006165, 3.84761071205, 2.12383890152, 1.47138702869, 0.803937196732, 0.25989151001, 0.0702409297228, 0.0104680750519, 0.00136106205173], "median": [0.00460166018456, 0.114039734006, 0.315801799297, 0.265602707863, 0.711865544319, 2.40249943733, 4.6730389595, 3.98253774643, 4.83198070526, 3.27895879745, 4.32316064835, 5.92067670822, 5.83709144592, 12.485294342, 17.4560890198, 17.0740776062, 13.733001709, 11.3777885437, 12.4898319244, 14.2162981033, 12.6876087189, 9.99368667603, 11.6552200317, 10.1683673859, 8.59179782867, 8.64959621429, 8.13944244385, 7.31995201111, 7.26462459564, 6.08112621307, 5.22346401215, 5.07261323929, 3.75212335587, 2.04081678391, 1.26800870895, 0.52149528265, 0.115062430501, 0.0240606702864, 0.00365089462139, 0.000307982438244], "min": [8.92170508022e-23, 4.21049774996e-22, 2.41616185363e-21, 4.80763309299e-21, 1.76411500614e-20, 2.17099820243e-20, 6.00210136534e-20, 5.42700145952e-20, 8.61564765783e-20, 1.19676465175e-19, 2.43413947717e-19, 3.43038753513e-19, 5.94494499447e-19, 6.10541027848e-19, 9.07462626904e-19, 1.41878142742e-18, 1.00951665536e-18, 1.97266983739e-18, 2.94029475781e-18, 2.74987654003e-18, 2.95909905468e-18, 4.84063488847e-18, 5.00040689174e-18, 6.43567857826e-18, 5.08762440193e-18, 8.44645621288e-18, 8.76928991671e-18, 1.22774935891e-17, 1.00343154255e-17, 1.03285402606e-17, 1.09571437594e-17, 1.042874492e-17, 1.09325988291e-17, 8.3862713787e-18, 7.05451390121e-18, 3.91192405958e-18, 2.26234848791e-18, 1.02768826246e-18, 2.50556316265e-19, 2.70688700071e-20], "dvar2": [0.352589607239, 15.2580862045, 150.519760132, 232.865951538, 288.120727539, 1350.75964355, 1539.27600098, 1544.99475098, 859.448181152, 544.481445312, 896.723022461, 3225.42626953, 1104.77307129, 4754.54931641, 6790.578125, 5403.3515625, 4125.2734375, 2928.30371094, 2846.75292969, 2441.18017578, 1060.02734375, 526.322753906, 690.916687012, 3379.39624023, 1323.62854004, 836.073852539, 382.615936279, 234.923736572, 333.840301514, 234.358016968, 182.561080933, 120.444831848, 37.9588356018, 12.1127796173, 5.32194900513, 1.91208684444, 0.241988688707, 0.0256933290511, 0.000422022858402, 9.62482408795e-06], "dvar": [0.205101951957, 6.86507463455, 53.6643028259, 84.1197052002, 114.69115448, 519.322814941, 559.352416992, 605.475463867, 342.956390381, 209.478134155, 326.53036499, 1552.42004395, 470.429199219, 2018.54492188, 3183.75634766, 2601.32421875, 1934.49060059, 1386.27319336, 1274.50463867, 1254.88916016, 451.369873047, 209.693130493, 284.618133545, 1454.44824219, 539.280151367, 325.645965576, 170.591888428, 108.290260315, 151.000808716, 105.411476135, 81.2895202637, 56.8067893982, 18.0485706329, 5.65121412277, 2.42634654045, 0.832981944084, 0.0991310477257, 0.0103005208075, 0.000188503370737, 4.0392160372e-06], "dmean": [0.137060523033, 0.775034487247, 1.94380354881, 2.71044278145, 4.39324045181, 10.055355072, 11.7338495255, 11.1513376236, 8.83696365356, 7.23817157745, 8.64307689667, 15.4011421204, 10.2637319565, 21.8718986511, 28.0285835266, 23.2645626068, 20.4000968933, 14.9871168137, 15.2113714218, 16.5771923065, 12.0690975189, 8.50815105438, 9.94631290436, 13.6545372009, 10.2492809296, 8.17772769928, 7.39456319809, 6.31959533691, 7.01673698425, 5.64844894409, 4.84840583801, 4.22889041901, 2.58094739914, 1.42302310467, 0.975343883038, 0.527073681355, 0.164992555976, 0.0449996031821, 0.00698288204148, 0.000872498436365], "max": [4.82615804672, 29.8185214996, 67.4732589722, 78.1528244019, 206.12171936, 322.109680176, 400.741912842, 318.854492188, 295.115264893, 156.911621094, 193.76914978, 512.705322266, 571.041564941, 683.296020508, 1175.36022949, 1296.27099609, 1329.70739746, 950.738525391, 1113.83007812, 893.800048828, 317.725463867, 231.143432617, 397.18057251, 1048.19018555, 356.47668457, 388.659820557, 248.384536743, 195.715103149, 191.840118408, 137.094314575, 139.881729126, 104.744674683, 75.5036315918, 27.9355487823, 31.7688789368, 15.4418087006, 3.83874511719, 1.26034045219, 0.150540173054, 0.0234954636544], "var": [1.68101143837, 19.5433177948, 36.9199142456, 61.3702659607, 119.748733521, 516.384460449, 536.618774414, 769.116821289, 423.019775391, 228.252212524, 295.731903076, 2313.73852539, 773.090637207, 3182.73999023, 6708.87353516, 5814.72460938, 3610.85913086, 2175.21411133, 1918.45812988, 2460.09570312, 687.737060547, 458.935638428, 644.540222168, 2802.48632812, 824.578430176, 541.255126953, 369.815307617, 297.785980225, 355.042663574, 243.120437622, 172.675735474, 128.346221924, 54.5300102234, 16.0617961884, 8.34589385986, 3.34524130821, 0.254391819239, 0.0124605987221, 0.000255987542914, 4.19799607698e-06], "mean": [0.741703569889, 2.4046227932, 1.9862524271, 2.51065540314, 4.62773704529, 10.978515625, 14.0714731216, 14.1259298325, 12.6483983994, 9.2390499115, 10.3373832703, 20.8243217468, 15.3825273514, 32.1643028259, 47.7047691345, 41.5947532654, 33.8079338074, 23.9481582642, 23.9328536987, 29.3367271423, 20.813999176, 16.645236969, 20.1570987701, 23.8647422791, 17.6097221375, 16.113697052, 14.9655036926, 13.826965332, 14.5492620468, 11.8588132858, 9.88123416901, 8.85781383514, 6.20853471756, 3.44432115555, 2.3976316452, 1.33483123779, 0.355988442898, 0.0719743967056, 0.010270986706, 0.00100847950671]}, "spectral_strongpeak": {"dmean2": 0.632086396217, "median": 0.536575675011, "min": 0, "dvar2": 1.60801064968, "dvar": 0.6618694067, "dmean": 0.383497685194, "max": 15.5232343674, "var": 0.888678729534, "mean": 0.754790246487}, "spectral_energy": {"dmean2": 0.0123196588829, "median": 0.024700678885, "min": 9.9510465847e-21, "dvar2": 0.000433526816778, "dvar": 0.000222039248911, "dmean": 0.00901371147484, "max": 0.158169418573, "var": 0.00097285368247, "mean": 0.0342123098671}, "average_loudness": 0.769611775875, "spectral_rolloff": {"dmean2": 1214.06762695, "median": 2024.12109375, "min": 64.599609375, "dvar2": 2878408.25, "dvar": 1358880.5, "dmean": 779.057312012, "max": 19509.0820312, "var": 9388687, "mean": 3183.63256836}, "spectral_centroid": {"dmean2": 489.306396484, "median": 1820.89074707, "min": 69.182762146, "dvar2": 287873.875, "dvar": 140713.609375, "dmean": 331.359741211, "max": 11704.9609375, "var": 1396201.625, "mean": 1990.55969238}, "pitch_salience": {"dmean2": 0.107185475528, "median": 0.594247162342, "min": 0.0352960787714, "dvar2": 0.0174511503428, "dvar": 0.0078440271318, "dmean": 0.0714519694448, "max": 0.959084570408, "var": 0.0499196350574, "mean": 0.551273882389}, "spectral_energyband_middle_high": {"dmean2": 0.00350263412111, "median": 0.00388769386336, "min": 1.17414481225e-21, "dvar2": 2.56294988503e-05, "dvar": 1.34380916279e-05, "dmean": 0.00243049068376, "max": 0.0485351681709, "var": 4.49750332336e-05, "mean": 0.00606427714229}, "spectral_contrast_coeffs": {"dmean2": [0.097178325057, 0.0872484147549, 0.0672575086355, 0.0509919449687, 0.0336738601327, 0.0278278179467], "median": [-0.62320458889, -0.758394360542, -0.784141004086, -0.809926569462, -0.817226827145, -0.780919373035], "min": [-0.975102245808, -0.976815223694, -0.974714577198, -0.973713636398, -0.967548310757, -0.964540660381], "dvar2": [0.00725792255253, 0.005201946944, 0.00319173629396, 0.00198627542704, 0.000828571792226, 0.000730487285182], "dvar": [0.00289104599506, 0.00213884655386, 0.001361190225, 0.00082968006609, 0.000347599387169, 0.000296353042359], "dmean": [0.0598985664546, 0.0540969893336, 0.0429216325283, 0.0315098762512, 0.0206344798207, 0.017224246636], "max": [-0.247532814741, -0.419626772404, -0.511195421219, -0.579768657684, -0.622296094894, -0.640112638474], "var": [0.0120040476322, 0.00666625844315, 0.00562682840973, 0.00386549532413, 0.00199741008691, 0.00215732492507], "mean": [-0.611935377121, -0.751701712608, -0.776535391808, -0.797246277332, -0.810209989548, -0.784816503525]}, "melbands_skewness": {"dmean2": 1.59654307365, "median": 2.15228438377, "min": -0.767226278782, "dvar2": 7.05024862289, "dvar": 3.93657636642, "dmean": 1.13643300533, "max": 32.3703269958, "var": 19.0774917603, "mean": 3.54026579857}, "spectral_spread": {"dmean2": 943051.6875, "median": 6213999.5, "min": 829484.375, "dvar2": 1629524197380.0, "dvar": 710121750528, "dmean": 602650, "max": 42869492, "var": 13108967899100.0, "mean": 6619030.5}, "dissonance": {"dmean2": 0.0232990086079, "median": 0.4854