{"tonal": {"thpcp": [1, 0.647296786308, 0.288864165545, 0.175543159246, 0.17003673315, 0.317124783993, 0.431988835335, 0.367228657007, 0.585917294025, 0.779259979725, 0.462958067656, 0.216691672802, 0.179347738624, 0.174988403916, 0.324352920055, 0.424567729235, 0.287565082312, 0.172155886889, 0.162446528673, 0.207361578941, 0.458914637566, 0.58878749609, 0.356653124094, 0.26255685091, 0.311518251896, 0.25460755825, 0.245832771063, 0.220996633172, 0.207369685173, 0.529508590698, 0.726862132549, 0.42683339119, 0.246860101819, 0.323115080595, 0.433237284422, 0.79210793972], "hpcp": {"dmean2": [0.109499074519, 0.0989145711064, 0.132648378611, 0.155126422644, 0.177784666419, 0.207803443074, 0.213103860617, 0.181992158294, 0.11657372117, 0.093364700675, 0.099195972085, 0.147095263004, 0.162338241935, 0.128402501345, 0.0865342691541, 0.0842295736074, 0.114972412586, 0.169805333018, 0.178228154778, 0.148129090667, 0.113312005997, 0.10623665154, 0.120301634073, 0.151261240244, 0.127859815955, 0.113765865564, 0.184672400355, 0.187769219279, 0.16312803328, 0.156546667218, 0.202045291662, 0.257003545761, 0.325838655233, 0.305742174387, 0.258728951216, 0.167964890599], "median": [0.0135463466868, 0.0152435563505, 0.0305160488933, 0.0384860262275, 0.0392937287688, 0.0757539570332, 0.0857271552086, 0.0608717650175, 0.0223506335169, 0.0184470582753, 0.0185074992478, 0.0384301170707, 0.0456723086536, 0.0350757315755, 0.016274496913, 0.0140155022964, 0.0216281991452, 0.0578864328563, 0.0741608962417, 0.0455101430416, 0.0210817214102, 0.0168527495116, 0.0189923122525, 0.0158500019461, 0.0165379196405, 0.022239388898, 0.0689994096756, 0.0817298442125, 0.0534044355154, 0.0190561171621, 0.0179599523544, 0.0403301902115, 0.129992514849, 0.149773016572, 0.0798877924681, 0.0257772989571], "min": [8.24490052764e-05, 6.4922060119e-05, 6.4880856371e-05, 5.09960773343e-05, 8.14454178908e-05, 8.80814332049e-05, 6.09658600297e-05, 3.99394702981e-05, 8.36082908791e-05, 6.14442615188e-05, 5.95535420871e-05, 7.99456756795e-05, 8.79403669387e-05, 8.50740834721e-05, 8.63636014401e-05, 7.22435434e-05, 5.84045228607e-05, 6.60322766635e-05, 7.00348537066e-05, 4.74805092381e-05, 3.38323952747e-05, 3.76472526114e-05, 3.51250710082e-05, 3.34361357091e-05, 2.3318663807e-05, 4.19942516601e-05, 5.87082358834e-05, 5.41800400242e-05, 4.62954885734e-05, 6.8846551585e-05, 1.83827323781e-05, 4.45217228844e-05, 9.40121899475e-05, 9.90990083665e-05, 0.000176305300556, 8.41186338221e-05], "dvar2": [0.0564658865333, 0.0430748090148, 0.0531321465969, 0.0717048943043, 0.079386100173, 0.0928697437048, 0.104265257716, 0.0733414962888, 0.0534682609141, 0.0395739488304, 0.0466400720179, 0.0697920620441, 0.0834565684199, 0.0529905073345, 0.0352720357478, 0.0379710420966, 0.0504564009607, 0.0698362067342, 0.0752789154649, 0.0564117729664, 0.0463820248842, 0.0494356118143, 0.0488501675427, 0.102427691221, 0.0628377795219, 0.0432480312884, 0.0760212242603, 0.0838659107685, 0.0672478973866, 0.075128942728, 0.127784535289, 0.142305105925, 0.159009218216, 0.145821675658, 0.118541501462, 0.0847858190536], "dvar": [0.0202379282564, 0.0153851453215, 0.0208930913359, 0.030065940693, 0.0309863593429, 0.035502884537, 0.0430481992662, 0.028499878943, 0.0196186136454, 0.0141895571724, 0.0164636131376, 0.0255716443062, 0.0314274542034, 0.0198842156678, 0.0128260692582, 0.0136870872229, 0.0183402635157, 0.0273008029908, 0.0298828557134, 0.0217495858669, 0.017770640552, 0.0193896647543, 0.0181302670389, 0.0372788570821, 0.0231738090515, 0.0161821488291, 0.0295742768794, 0.033596418798, 0.0252718180418, 0.0275436919183, 0.0510641336441, 0.0504784286022, 0.0608009658754, 0.0610494315624, 0.0475295446813, 0.0321533977985], "dmean": [0.0612137429416, 0.0562336370349, 0.0781514421105, 0.0916643515229, 0.102333597839, 0.12366052717, 0.123589761555, 0.10805041343, 0.0664804950356, 0.0531713962555, 0.0555186904967, 0.0842766091228, 0.0932141244411, 0.0744395926595, 0.0494579002261, 0.0481704361737, 0.0651451721787, 0.10130237788, 0.105079837143, 0.0880191773176, 0.0658143088222, 0.062026321888, 0.0689525231719, 0.0829614773393, 0.071687720716, 0.0653346776962, 0.109312549233, 0.109552174807, 0.0952481403947, 0.0881534814835, 0.111776269972, 0.143984436989, 0.188024744391, 0.178338885307, 0.156518787146, 0.0964744389057], "max": [1, 1, 1, 1, 1, 1, 1, 1, 1, 1, 1, 1, 1, 1, 1, 1, 1, 1, 1, 1, 1, 1, 1, 1, 1, 1, 1, 1, 1, 1, 1, 1, 1, 1, 1, 1], "var": [0.0188586246222, 0.0149455964565, 0.0362015403807, 0.0676340013742, 0.041874717921, 0.0720312893391, 0.127218917012, 0.0474104359746, 0.0209920443594, 0.0155262369663, 0.0146699175239, 0.0332096219063, 0.059865437448, 0.0259341411293, 0.0146343801171, 0.0153326336294, 0.0193712655455, 0.0547404959798, 0.0857944488525, 0.035646058619, 0.0302734486759, 0.0532107502222, 0.0263850092888, 0.0355368815362, 0.024068498984, 0.0182167328894, 0.059894900769, 0.116192765534, 0.0427898913622, 0.0275392122567, 0.0562664195895, 0.0584143362939, 0.100113913417, 0.144525453448, 0.0825575515628, 0.0342185907066], "mean": [0.0623968280852, 0.060439568013, 0.112722024322, 0.153550460935, 0.130531445146, 0.20826433599, 0.276987999678, 0.164558470249, 0.0770230665803, 0.0637491643429, 0.0621996372938, 0.115291267633, 0.150912627578, 0.102215021849, 0.0611928217113, 0.0577416308224, 0.0737066864967, 0.163121238351, 0.209284543991, 0.126772373915, 0.0933258458972, 0.110729180276, 0.0905002728105, 0.0873812735081, 0.0785532668233, 0.0737095698714, 0.188213869929, 0.258363187313, 0.151717960835, 0.0877464413643, 0.114851273596, 0.153994217515, 0.281554818153, 0.355450063944, 0.230081692338, 0.102676786482]}, "tuning_equal_tempered_deviation": 0.0219353642315, "chords_changes_rate": 0.0375521555543, "key_key": "B", "tuning_diatonic_strength": 0.538209080696, "key_scale": "major", "chords_number_rate": 0.00151725881733, "tuning_frequency": 441.272583008, "tuning_nontempered_energy_ratio": 0.715032815933, "chords_histogram": [20.2806930542, 5.04488563538, 9.30585384369, 0.303451776505, 2.50347709656, 0.265520304441, 20.8243770599, 0.21494500339, 0.632191181183, 1.11265647411, 0.164369702339, 0.101150587201, 0.240232646465, 0, 0, 0.455177634954, 1.21380710602, 1.08736884594, 0, 1.45403969288, 0, 2.22531294823, 7.92767715454, 24.6428127289], "key_strength": 0.621329128742, "chords_key": "G#", "chords_strength": {"dmean2": 0.00739293405786, "median": 0.596014261246, "min": 0.274660408497, "dvar2": 4.82443538203e-05, "dvar": 5.2789804613e-05, "dmean": 0.00844576396048, "max": 0.856188476086, "var": 0.012573050335, "mean": 0.583023965359}, "chords_scale": "minor", "hpcp_entropy": {"dmean2": 1.13488280773, "median": 1.83573687077, "min": 0.0358218438923, "dvar2": 1.0187510252, "dvar": 0.364934384823, "dmean": 0.66311186552, "max": 4.69944047928, "var": 0.919799208641, "mean": 1.93828547001}}, "metadata": {"audio_properties": {"equal_loudness": 0, "codec": "flac", "downmix": "mix", "sample_rate": 44100, "analysis_sample_rate": 44100, "bit_rate": 0, "md5_encoded": "9e1c9f853fad0be0ca4587073007f154", "length": 367.226654053, "replay_gain": -15.0759620667, "lossless": true}, "version": {"essentia_build_sha": "70f2e5ece6736b2c40cc944ad0e695b16b925413", "essentia": "2.1-beta2", "extractor": "music 1.0", "essentia_git_sha": "v2.1_beta2"}, "tags": {"title": ["Sound Of The Drums (Bobina Remix)"], "language": ["eng"], "media": ["CD"], "albumartist": ["Armin van Buuren"], "tracktotal": ["17"], "musicbrainz_releasegroupid": ["f62bd790-3682-479e-8d6a-3443081ef9aa"], "musicbrainz_recordingid": ["178592c6-7a9a-4468-bcb9-20d62fbc84d2"], "musicbrainz_albumartistid": ["477b8c0c-c5fc-4ad2-b5b2-191f0bf2a9df"], "discnumber": ["3"], "totaldiscs": ["4"], "album": ["Intense - the Most Intense Edition"], "releasecountry": ["NL"], "file_name": "03.13. Armin van Buuren feat. Laura Jansen - Sound Of The Drums (Bobina Remix).flac", "compilation": ["0"], "originaldate": ["2013-05-03"], "acoustid_fingerprint": ["AQADtJKzJVGyJELt2JiyFg94vtiLfmiKB_cRn41w7-iOR4f6I33Qo_ThL-iF_ocfAY6SKUFvHEe4bUeC-_DDGD9--Mep47jRXAoeXLkQkvxhVvHgeEHXLFCPWrqRHx6Zo3_QF82r4QmPBx5DHPeLDy2H5kuOT8GP3jBX4xo35Di8Q90N6xkq68iPn0HhvEfYHQ-zF-rRG82L6kQjPBl-PNQj6DLS41pY4SKdo0cztsKXa_iF5uj74dmB4zfycNBFyQib2HAOXAvOHr7QZw92HSSHMx-2E1-W48eTGz7Oq0icvIhlHU2Pcj6ePcTv4IM77BED7ngxHn0Kz8ez4-GR9ESOCz9uFhV1vDl-4rrw4xSuXEEY1zKSXQre46EtPFQ2_MLRHH2Oj7jQ_OhD_BtOEn9QXUjI9chRHj8e9ITP4LgOP6h-PMF140dz6XiHkIeeHSFJeNTCZGhxB8eL5pFxTS8-TZbxEeFZ9Mf5BGdRQtN_hGmGHdx1rOmMeNOPS4foJMjF43sk_KiOpjEuKccflD_RPMcj7L9wgXOOtUYTPUWfHJ-O-NCiB6E-_MOlB03a9Jhs3OAwH_-KR0_QjMEV-EmJUJYeJG6OKz_-NMa-4aEoNOkDZj-SOhLy6Zjv4nkDP0O_o_fxuMR95Id-hEfsBE7yQ7t06MePciODMNWCO8uDD79Q6hkadcIf_Dia6ugbHz_8qHjxfrh3hHpWCHl14aeD_Edy_McPv8eF-EEyZcdx4viPV2xw50P-5Ei-4T2af7iPfkrx4D0e5BZOzdmgPTphSsuEvMd1_PCPY-ePp6CK6EayiceXC70GT2Ic9OgPl-iV4CrwJLtRiXkwpT6eZuATEydbjI7xCz1TNGuCM0dyhNOD5pi1D90SOmCS59hT_DhKHV_yGNePHo8sLUiaRxti6nhC4fnxBX08bJUydqiYHVxe4cccwLhE4xXxJoJLjviPe0j1bdCP-HClFx_H45FmNKsnlDSqF2ESkUjmww7OJDArHoefow8eG8nuIExPPHvwqCEu7cNf5D9qBuLbGeF3fMeJ62iSRUtRfRfOCKV1oln8I85yJOUx_3iO3yG8B5eP58Y_Hb6UCz-SPBFy9Dmc4xdeuA6OH34QlscfKB-yZCL6YndanHmAMIwSVBOPH3L-EPnRH02oLHiSHH8BvzkeYdePE4na5ciNqQ_MZB9u9FPxo6koVEyYYs8iWJfA9jixfwNylHqg5dmRKzjqaA88VUX5Dzseg8kUo89w6NhJChUjXUEzi8IvtDccJseVBSWZDt-J6vjhZA6J8MmM5LzwMPhxdblx9EKY6ULS5iqe4Xiow88yJBeHPMedB7-IRtFR_Ti-4HmC_D6SVQmPHw4_3ONQ_Xhy_HioI8e5o-Gyoy-R53iO8khjaKeHUIebENcVonmO5-JxHkl_hJEXF5UyScQvnEG_HM0TRYFCvSCTnRi5o3EoB_9x1FyP8ziRXD9idejy4EkswUdFH8nXIE-UcsEfBc1z9CSevPjxH3sWIR-k6EOY69jTBO_xwznGqsQH6pOxhsYd5MZRH3-QXjZOhJfUIXmP6zgaLuFRypgegkl1_NB_jMqFNxdcXTL-EP1RC1eOI68cI6kyeUF3476xHwcf3Mnx_PBV9MPZ4jsy64X-FCWVYGi440H-Huf2wUkP_PgSH6Vn4eHxHGdxODWqTASO3DmeREGembgVUUayvEdoZcKj6Dj-4Dyq_MKlaDm2Hj10_MdjptgqDleWOPiOh2hyFfWFc4j94MePrzu652iG5_ihoxZzwuRx3Lng45fR_HhO4NBx9MeLH-8y6BucRg_-oyJPhA88Hf8RzWmIb4Cu4deRH2k2Hu4HHn4NPUN5hD9y4cyDHeaM79ALn4D4Q08fXJmO6zjilIfzIfTF44miQ_-Enkc6qUKbaBlxkTjzwZ9xBleOL06D_EayHN1yXGKO5yQ84seez2As4ugJ_MiZedAxOVWRE092bMciHJe0wVmoo1yOD0X948eP7-gUo8kefDr-wGdwEddR27jiosfhz_gR5Q2hPEmO0E6OJvE4HDlP-JOAXtDyLDhN6F_gD8119MmRPMqHOoezo-TxskM7NPuR5EEWhzq2CmUevGyMT5KJJjrCJxe07hF8tGqEfJqDE82D2sfRjJmNUHdwdD_qHU-CD_nRHN3uCWfwHD5-_MeeiOhl4xAP88e14cnx-cCuHXUkXPqRPOyQJzrKHU1VHU-P48xRHx2e44FcrXjxo-F6lMwe_NgT-qhxMD-OMwuSD6WOaE3h9ziDBTu-EL6UUEXd4zmuBU11-B-qCv9xvAyaaJpRP-iP5jk-PD_6GP1OHD2mjAwlZA-UK2mKXFfhZCNu_ERPNM8B38cT3BK8XHiEMA9TQfuQJ6GJmtbQZCveHT-skKkwPrqQyJESRHJimEVZFneM67CHXDu0o6lCI-fxGz2a44oWozla4kcYomsCNxm-48hLWNfxHv_RE80ZPPqxp0avBUIAJAoJQIQwChhkilBGECRgKcACpAgExgHZAEMEAGuYEQo4wBgjxwAgBLCKeKuARFIYh4ARgCoAGBUEMC0AUMYQZwZhCjvkABKEUSGEQwwYhYQiGBHHIDKKEC2MIMcAqARQnECqhIIGAMMJAoIoZRyh1AJEkRAMAAGkYYIZMASFAiAhgEAEACsEIYwJIgBSihniABCCMAKIEcYY4jQghgmBFBLCWCQMMEQSYBhBREjDjFEGKAAcIU4hwBARRAAiAAEAIUEUBEQQAZECQCikAGCWGCCYUooAhARAABglBCHAOgHA1I5BQIAAhAADMQCGEsYooQIQAAxiFCggAAFII8CAFQ4gYAhDjAkijBABEeMMkxoSgozQDhhllOCCGCKIAQQBZhTBhhDjICIqKGsAdQYAooATBBBkEEYAAAYAcQIoJwwQSCEBgAFACOGVMsQqcABC0BggCCEIAuCEMkQRCBASgDCgmECCCgMQIAhBoJwJAikjMBtCUEiQE4ApAKiBCABqmWFwGUCUA4QJ4JBTTgghBJFESMEMMkiQAoQx1DBQKDIAESCIM4BILhxwgCAAGGFGESOcAwgIBhASSCFLhDBEEiCQYAgZAjxlhBIGgCNOKmAoBMYwYQQwTEFgBgEGIQaQYAQARBBVQDAqCAHAIKqEFQoYAg1BggCAjCiAAQGAcIQhRRQi2BAmEFJUACGEEwwBoNgQBgghFWKoEEIMINoIwRQ1BgDEAFHACMWAIERCYiAyBihgBFJQWAcAMAogQRgBghEGhAAUOCccFMh6KwQRDQDrmEXAKUcsooAQpABSEhIOCEEAASCIMoAI5BAQQhgiESEAIUGEBsQAgRFxCBpgEAMeAMCUcgYpIRgWghFFhDECEYCEAIoZGAiARgAHGWFIEKscJZwBRMABRFnCFCIIwKGUQAghBBQR3ChBACBMIaAAY4wCQghgDBiKgKBWGAWsJghgJEUQSBkAlABMACEA"], "date": ["2014-12-05"], "genre": ["Trance"], "disctotal": ["4"], "tracknumber": ["13"], "musicbrainz_artistid": ["477b8c0c-c5fc-4ad2-b5b2-191f0bf2a9df"], "asin": ["B00P8G5KJM"], "musicbrainz_albumid": ["c3d772df-721a-42c7-815a-5d9b67ff08f7"], "artist": ["Armin van Buuren feat. Laura Jansen"], "encodedby": ["FLAC 1.2.1"], "artistsort": ["Buuren, van, Armin feat. Jansen, Laura"], "bpm": ["0"], "label": ["Armada Music"], "albumartistsort": ["Buuren, van, Armin"], "acoustid_id": ["a53f403e-f685-45d9-8d80-c17253a8e91f"], "script": ["Latn"], "totaltracks": ["17"]}}, "rhythm": {"bpm_histogram_first_peak_bpm": {"dmean2": 0, "median": 133, "min": 133, "dvar2": 0, "dvar": 0, "dmean": 0, "max": 133, "var": 0, "mean": 133}, "bpm": 131.839920044, "bpm_histogram_second_peak_spread": {"dmean2": 0, "median": 0.189189255238, "min": 0.189189255238, "dvar2": 0, "dvar": 0, "dmean": 0, "max": 0.189189255238, "var": 0, "mean": 0.189189255238}, "bpm_histogram_first_peak_weight": {"dmean2": 0, "median": 0.603469669819, "min": 0.603469669819, "dvar2": 0, "dvar": 0, "dmean": 0, "max": 0.603469669819, "var": 0, "mean": 0.603469669819}, "onset_rate": 2.67395114899, "beats_position": [0.452789098024, 0.917188167572, 1.38158726692, 1.83437633514, 2.29877543449, 2.76317453384, 3.22757363319, 3.69197273254, 4.14476203918, 4.59755086899, 5.05034017563, 5.4915189743, 5.93269824982, 6.39709758759, 6.86149644852, 7.32589578629, 7.77868461609, 8.23147392273, 8.68426322937, 9.14866161346, 9.6014509201, 10.0542402267, 10.5070295334, 10.95981884, 11.412607193, 11.8653964996, 12.3181858063, 12.7709751129, 13.2121543884, 13.6765527725, 14.1293420792, 14.5821313858, 15.0349206924, 15.4877090454, 15.9404983521, 16.4048976898, 16.8576869965, 17.3220863342, 17.7748756409, 18.2276649475, 18.6804523468, 19.1332416534, 19.5976409912, 20.062040329, 20.5148296356, 20.9676189423, 21.4204082489, 21.8731975555, 22.3259868622, 22.7787742615, 23.2315635681, 23.6843528748, 24.1255321503, 24.5667114258, 25.0195007324, 25.4722900391, 25.9250793457, 26.3894786835, 26.8422679901, 27.3066654205, 27.7710647583, 28.2238540649, 28.6766433716, 29.1410427094, 29.593832016, 30.0466213226, 30.4994106293, 30.9405899048, 31.3933773041, 31.8461666107, 32.2989578247, 32.7517471313, 33.2161445618, 33.6689338684, 34.121723175, 34.5745124817, 35.0389099121, 35.5033111572, 35.9561004639, 36.4088897705, 36.8500671387, 37.3028564453, 37.7440338135, 38.1852149963, 38.6263923645, 39.0907936096, 39.55519104, 40.0079803467, 40.4607696533, 40.91355896, 41.3663482666, 41.830745697, 42.2951469421, 42.7479362488, 43.2007255554, 43.6651229858, 44.129524231, 44.5823135376, 45.0351028442, 45.4878921509, 45.9406776428, 46.3818588257, 46.8230361938, 47.2758255005, 47.7286148071, 48.1814041138, 48.6458053589, 49.1102027893, 49.5746040344, 50.0390014648, 50.4917907715, 50.9445800781, 51.4089775085, 51.8617668152, 52.3145561218, 52.7673454285, 53.2201347351, 53.661315918, 54.1141014099, 54.5668907166, 55.0196800232, 55.4724693298, 55.9252586365, 56.3780479431, 56.8308372498, 57.2836265564, 57.736415863, 58.2008171082, 58.6652145386, 59.1180038452, 59.5707931519, 60.0235824585, 60.4763717651, 60.9175491333, 61.4399986267, 61.9740562439, 62.4965057373, 63.0189552307, 63.5297966003, 64.0406341553, 64.5514755249, 65.0623092651, 65.5034942627, 65.9446716309, 66.3974609375, 66.8502502441, 67.3030395508, 67.7558288574, 68.2086181641, 68.6614074707, 69.1141967773, 69.566986084, 70.0081634521, 70.4609527588, 70.9137420654, 71.3781356812, 71.8309249878, 72.2837142944, 72.7481155396, 73.2009048462, 73.6536941528, 74.1064834595, 74.5592727661, 75.0120620728, 75.4648513794, 75.9292526245, 76.3936462402, 76.8580474854, 77.3224487305, 77.7868499756, 78.2628555298, 78.738861084, 79.133605957, 79.5283432007, 79.9230804443, 80.3062133789, 80.6893386841, 81.0840835571, 81.4672088623, 81.8503417969, 82.2334671021, 82.6282043457, 83.0229492188, 83.4060745239, 83.7892074585, 84.1607208252, 84.5438537598, 84.9269790649, 85.298500061, 85.6700210571, 86.0531539917, 86.4478912354, 86.842628479, 87.2257614136, 87.6204986572, 88.0152359009, 88.4099731445, 88.8047180176, 89.2691116333, 89.7335128784, 90.1979141235, 90.6623077393, 91.1383209229, 91.6143264771, 92.0903396606, 92.5663452148, 93.0423583984, 93.5067520142, 93.9711532593, 94.4239425659, 94.8767318726, 95.3295211792, 95.7823104858, 96.246711731, 96.6995010376, 97.1522903442, 97.61668396, 98.0694732666, 98.5222625732, 98.9750518799, 99.4278411865, 99.8806304932, 100.3334198, 100.786209106, 101.238998413, 101.69178772, 102.156188965, 102.608978271, 103.061767578, 103.514556885, 103.97895813, 104.431747437, 104.884536743, 105.33732605, 105.790107727, 106.242897034, 106.69568634, 107.148475647, 107.601264954, 108.065666199, 108.518455505, 108.971244812, 109.424034119, 109.876823425, 110.34122467, 110.794013977, 111.246803284, 111.69959259, 112.152381897, 112.605171204, 113.05796051, 113.510749817, 113.963539124, 114.416320801, 114.880722046, 115.333511353, 115.786300659, 116.239089966, 116.703491211, 117.167892456, 117.64389801, 118.119903564, 118.595916748, 119.071922302, 119.536323547, 120.000724792, 120.453514099, 120.906303406, 121.359092712, 121.823486328, 122.276275635, 122.729064941, 123.181854248, 123.634643555, 124.087432861, 124.551834106, 125.004623413, 125.45741272, 125.910202026, 126.362991333, 126.81578064, 127.268569946, 127.721359253, 128.17414856, 128.626937866, 129.091339111, 129.544128418, 129.996917725, 130.449707031, 130.902496338, 131.355285645, 131.808074951, 132.260864258, 132.725265503, 133.17805481, 133.630844116, 134.095230103, 134.548019409, 135.000808716, 135.465209961, 135.917999268, 136.370788574, 136.823577881, 137.287979126, 137.740768433, 138.193557739, 138.646347046, 139.110748291, 139.563537598, 140.016326904, 140.469116211, 140.921905518, 141.374694824, 141.827484131, 142.280273438, 142.733062744, 143.185852051, 143.650253296, 144.114639282, 144.579040527, 145.055053711, 145.531066895, 146.007064819, 146.471466064, 146.947479248, 147.423492432, 147.899505615, 148.37550354, 148.839904785, 149.30430603, 149.768707275, 150.233108521, 150.685897827, 151.138687134, 151.59147644, 152.044265747, 152.497055054, 152.94984436, 153.402633667, 153.855422974, 154.31980896, 154.772598267, 155.225387573, 155.689788818, 156.142578125, 156.595367432, 157.048156738, 157.500946045, 157.953735352, 158.406524658, 158.859313965, 159.312103271, 159.776504517, 160.229293823, 160.68208313, 161.134872437, 161.587661743, 162.04045105, 162.493240356, 162.946029663, 163.39881897, 163.851608276, 164.304397583, 164.768798828, 165.221588135, 165.674377441, 166.127166748, 166.579956055, 167.0443573, 167.497146606, 167.949935913, 168.414321899, 168.867111206, 169.319900513, 169.772689819, 170.225479126, 170.689880371, 171.154281616, 171.618682861, 172.083084106, 172.55909729, 173.046707153, 173.522720337, 173.975509644, 174.42829895, 174.881088257, 175.333877563, 175.798278809, 176.274276733, 176.761901855, 177.237915039, 177.702316284, 178.155105591, 178.619491577, 179.072280884, 179.536682129, 179.989471436, 180.442260742, 180.895050049, 181.347839355, 181.800628662, 182.253417969, 182.717819214, 183.170608521, 183.623397827, 184.076187134, 184.52897644, 184.981765747, 185.434555054, 185.898956299, 186.351745605, 186.804534912, 187.257324219, 187.710113525, 188.174514771, 188.627304077, 189.080093384, 189.54447937, 190.008880615, 190.461669922, 190.90284729, 191.355636597, 191.820037842, 192.26121521, 192.714004517, 193.166793823, 193.61958313, 194.072372437, 194.525161743, 194.989562988, 195.442352295, 195.895141602, 196.347930908, 196.812332153, 197.26512146, 197.717910767, 198.170700073, 198.62348938, 199.076278687, 199.529067993, 199.970245361, 200.434646606, 200.899047852, 201.351837158, 201.804626465, 202.257415771, 202.710205078, 203.174606323, 203.62739563, 204.080184937, 204.544570923, 204.997360229, 205.438537598, 205.879730225, 206.332519531, 206.773696899, 207.214874268, 207.656051636, 208.108840942, 208.573242188, 209.037643433, 209.502029419, 209.966430664, 210.419219971, 210.883621216, 211.336410522, 211.789199829, 212.253601074, 212.718002319, 213.170791626, 213.623580933, 214.076370239, 214.529159546, 214.993560791, 215.457962036, 215.910751343, 216.363540649, 216.816329956, 217.269119263, 217.721893311, 218.174682617, 218.627471924, 219.08026123, 219.544662476, 220.009063721, 220.461853027, 220.914642334, 221.367431641, 221.820220947, 222.273010254, 222.725799561, 223.178588867, 223.631378174, 224.08416748, 224.536956787, 224.989746094, 225.4425354, 225.895324707, 226.348114014, 226.80090332, 227.253692627, 227.718093872, 228.182495117, 228.646896362, 229.08807373, 229.540863037, 229.982040405, 230.434829712, 230.899230957, 231.352020264, 231.80480957, 232.257598877, 232.710388184, 233.16317749, 233.615966797, 234.080352783, 234.544754028, 234.997543335, 235.450332642, 235.914733887, 236.367523193, 236.8203125, 237.284713745, 237.74911499, 238.167068481, 238.596633911, 239.014602661, 239.397735596, 239.79246521, 240.187210083, 240.581939697, 240.988296509, 241.40625, 241.812606812, 242.230560303, 242.648529053, 243.066482544, 243.484436035, 243.902404785, 244.320358276, 244.726715088, 245.133056641, 245.551010132, 245.968978882, 246.386932373, 246.92098999, 247.431838989, 247.942672729, 248.465118408, 248.999176025, 249.521621704, 249.974411011, 250.427200317, 250.891601562, 251.356002808, 251.820404053, 252.273193359, 252.725982666, 253.178771973, 253.631561279, 254.084350586, 254.537139893, 254.989929199, 255.454330444, 255.907119751, 256.359893799, 256.812683105, 257.277099609, 257.729888916, 258.182678223, 258.635467529, 259.088256836, 259.541046143, 259.993835449, 260.446624756, 260.899414062, 261.352203369, 261.804992676, 262.257781982, 262.722167969, 263.174957275, 263.627746582, 264.080535889, 264.533325195, 264.986114502, 265.450531006, 265.914916992, 266.367706299, 266.820495605, 267.261688232, 267.726074219, 268.178863525, 268.631652832, 269.084442139, 269.537231445, 270.001617432, 270.442810059, 270.907196045, 271.359985352, 271.812774658, 272.265563965, 272.718353271, 273.182769775, 273.635559082, 274.088348389, 274.541137695, 274.993927002, 275.446716309, 275.899505615, 276.363891602, 276.816680908, 277.269470215, 277.722259521, 278.175048828, 278.627838135, 279.080627441, 279.533416748, 279.986206055, 280.438995361, 280.891784668, 281.344573975, 281.797363281, 282.261749268, 282.714538574, 283.167327881, 283.620117188, 284.072906494, 284.537322998, 284.978485107, 285.442901611, 285.895690918, 286.348480225, 286.801269531, 287.254058838, 287.706848145, 288.159637451, 288.624023438, 289.076812744, 289.529602051, 289.994018555, 290.446807861, 290.899597168, 291.363983154, 291.828399658, 292.304382324, 292.792022705, 293.279632568, 293.755645752, 294.231658936, 294.719268799, 295.195281982, 295.659667969, 296.124084473, 296.588470459, 297.052886963, 297.517272949, 297.970062256, 298.422851562, 298.887237549, 299.351654053, 299.816040039, 300.257232666, 300.698394775, 301.139587402, 301.592376709, 302.045166016, 302.486358643, 302.939147949, 303.391906738, 303.856323242, 304.309112549, 304.761901855, 305.226287842, 305.679077148, 306.120269775, 306.573059082, 307.037445068, 307.490234375, 307.943023682, 308.395812988, 308.848602295, 309.313018799, 309.777404785, 310.230194092, 310.682983398, 311.135772705, 311.588562012, 312.052978516, 312.505767822, 312.958557129, 313.411346436, 313.864135742, 314.316925049, 314.769714355, 315.234100342, 315.686889648, 316.139678955, 316.592468262, 317.045257568, 317.498046875, 317.950836182, 318.415222168, 318.891235352, 319.367248535, 319.854858398, 320.319274902, 320.783660889, 321.248077393, 321.712463379, 322.188476562, 322.664489746, 323.152099609, 323.616516113, 324.0809021, 324.533691406, 324.986480713, 325.43927002, 325.892059326, 326.344848633, 326.797637939, 327.250427246, 327.714813232, 328.167602539, 328.620391846, 329.073181152, 329.525970459, 329.978759766, 330.431549072, 330.884338379, 331.348754883, 331.801544189, 332.254333496, 332.718719482, 333.171508789, 333.624298096, 334.077087402, 334.529876709, 334.982666016, 335.435455322, 335.899871826, 336.352661133, 336.805450439, 337.269836426, 337.722625732, 338.175415039, 338.628204346, 339.080993652, 339.533782959, 339.986572266, 340.439361572, 340.892150879, 341.344940186, 341.797729492, 342.262115479, 342.714904785, 343.167694092, 343.620483398, 344.073272705, 344.526062012, 344.978851318, 345.420043945, 345.884429932, 346.348846436, 346.801635742, 347.254425049, 347.718811035, 348.171600342, 348.624389648, 349.088806152, 349.529968262, 349.982757568, 350.435546875, 350.888336182, 351.341125488, 351.805511475, 352.269927979, 352.711090088, 353.175506592, 353.628295898, 354.081085205, 354.533874512, 354.986663818, 355.451049805, 355.903839111, 356.356628418, 356.809417725, 357.262207031, 357.714996338, 358.167785645, 358.632202148, 359.084991455, 359.537780762, 359.990570068, 360.443359375, 360.907745361, 361.360534668, 361.813323975, 362.266113281, 362.718902588, 363.183319092, 363.636077881, 364.088867188, 364.553283691, 365.006072998, 365.470458984, 365.923248291, 366.387664795, 366.852050781], "beats_loudness": {"dmean2": 0.0149186979979, "median": 0.025845553726, "min": 0.000321280356729, "dvar2": 0.000258750340436, "dvar": 9.13133117137e-05, "dmean": 0.00846930313855, "max": 0.0993780568242, "var": 0.000303372449707, "mean": 0.0268555451185}, "danceability": 0.9780189991, "bpm_histogram_second_peak_weight": {"dmean2": 0, "median": 0.0371747203171, "min": 0.0371747203171, "dvar2": 0, "dvar": 0, "dmean": 0, "max": 0.0371747203171, "var": 0, "mean": 0.0371747203171}, "beats_count": 808, "bpm_histogram_second_peak_bpm": {"dmean2": 0, "median": 126, "min": 126, "dvar2": 0, "dvar": 0, "dmean": 0, "max": 126, "var": 0, "mean": 126}, "bpm_histogram_first_peak_spread": {"dmean2": 0, "median": 0.313117086887, "min": 0.313117086887, "dvar2": 0, "dvar": 0, "dmean": 0, "max": 0.313117086887, "var": 0, "mean": 0.313117086887}, "beats_loudness_band_ratio": {"dmean2": [0.180939644575, 0.228758141398, 0.229355961084, 0.12268845737, 0.0822457894683, 0.0920642465353], "median": [0.142177939415, 0.125520035625, 0.155821666121, 0.0731842368841, 0.0549254789948, 0.086033038795], "min": [9.49133755057e-06, 0.000107138323074, 0.000611063325778, 0.000348573201336, 0.000356003787601, 0.000413582660258], "dvar2": [0.0514321252704, 0.0643733292818, 0.0697139650583, 0.0245813392103, 0.0120222643018, 0.0145489415154], "dvar": [0.0186858065426, 0.0221078377217, 0.022349961102, 0.00853811111301, 0.00436834199354, 0.00578367291018], "dmean": [0.101612880826, 0.129832834005, 0.128394827247, 0.0706502199173, 0.0461781620979, 0.053447868675], "max": [0.981161892414, 0.912175655365, 0.958498358727, 0.747154295444, 0.686613678932, 0.69707685709], "var": [0.093084923923, 0.04696681723, 0.0579482838511, 0.0131830545142, 0.00774185266346, 0.0169416889548], "mean": [0.275766253471, 0.21595813334, 0.239542797208, 0.106659598649, 0.0867467150092, 0.130385965109]}}, "lowlevel": {"barkbands_spread": {"dmean2": 8.04227352142, "median": 27.4848594666, "min": 1.28586792946, "dvar2": 96.7972183228, "dvar": 41.4137611389, "dmean": 5.12963724136, "max": 96.2854995728, "var": 284.018341064, "mean": 29.6137084961}, "melbands_spread": {"dmean2": 11.2961120605, "median": 25.3316650391, "min": 0.688920915127, "dvar2": 224.759399414, "dvar": 99.5079650879, "dmean": 7.24815750122, "max": 248.860977173, "var": 643.69519043, "mean": 32.5988464355}, "hfc": {"dmean2": 8.92110729218, "median": 21.8460979462, "min": 0.0076114339754, "dvar2": 210.150650024, "dvar": 96.0963439941, "dmean": 6.00579214096, "max": 250.934875488, "var": 674.49407959, "mean": 29.0812091827}, "barkbands_kurtosis": {"dmean2": 2.82604622841, "median": 0.707504034042, "min": -1.93886649609, "dvar2": 40.4066047668, "dvar": 17.4822444916, "dmean": 1.79693877697, "max": 149.074707031, "var": 65.3890914917, "mean": 3.09050130844}, "gfcc": {"mean": [3.73992586136, 52.0254745483, -123.970825195, 22.3809013367, -63.8510093689, 8.71645450592, -36.0154151917, 7.10706186295, -19.580488205, 0.669363617897, -12.1479167938, -4.60360574722, -10.2958602905], "icov": [[0.000412862194935, 0.00032327286317, -0.000228812263231, -0.000190826991457, -0.000377909600502, 0.000282822991721, 2.62333596766e-05, -0.000225418552873, 0.000803268572781, -0.000494362262543, 4.78724141431e-05, 0.000227768920013, -8.60744185047e-05], [0.00032327286317, 0.00123354129028, -0.000240089269937, -0.000805412884802, -0.000322853331454, 0.000760760507546, -0.000736574176699, 0.000724319193978, -0.00107702077366, 0.00137287820689, -0.00145000452176, 0.00155405770056, -0.000425273552537], [-0.000228812263231, -0.000240089269937, 0.00188640959095, -0.000479262176668, -0.00117785728071, -0.00069161207648, 0.000559995940421, 0.000665417639539, -0.000421185512096, -0.00117828894872, 0.0015014562523, -0.0010489798151, -3.57685603376e-05], [-0.000190826991457, -0.000805412884802, -0.000479262176668, 0.00486697908491, -0.00115113693755, -0.002710448578, 0.002220190363, -0.00116881344002, 0.000844027730636, -0.000758587149903, -0.000231096550124, 0.00101357174572, -0.00125398219097], [-0.000377909600502, -0.000322853331454, -0.00117785728071, -0.00115113693755, 0.00590888643637, -0.000450822059065, -0.00413907552138, 0.00183811818715, -0.00118526944425, 0.00192040752154, -0.0011098519899, -0.00152396480553, 7.89706318756e-05], [0.000282822991721, 0.000760760507546, -0.00069161207648, -0.002710448578, -0.000450822059065, 0.00893813092262, -0.00353594683111, -0.00210091145709, 0.00231408444233, -0.0016610835446, 0.000906928617042, -0.00188761844765, 0.000265408307314], [2.62333596766e-05, -0.000736574176699, 0.000559995940421, 0.002220190363, -0.00413907552138, -0.00353594683111, 0.0135046327487, -0.00548711419106, -0.000137853377964, 0.00028552862932, 0.000210028869333, 0.00116174609866, -0.000799608998932], [-0.000225418552873, 0.000724319193978, 0.000665417639539, -0.00116881344002, 0.00183811818715, -0.00210091145709, -0.00548711419106, 0.012622943148, -0.0053050769493, -0.000925268395804, -0.00047122844262, 0.0014967743773, -0.000492939958349], [0.000803268572781, -0.00107702077366, -0.000421185512096, 0.000844027730636, -0.00118526944425, 0.00231408444233, -0.000137853377964, -0.0053050769493, 0.0135511364788, -0.00724445376545, 0.00143853307236, -0.0010147630237, 4.74042499263e-05], [-0.000494362262543, 0.00137287820689, -0.00117828894872, -0.000758587149903, 0.00192040752154, -0.0016610835446, 0.00028552862932, -0.000925268395804, -0.00724445376545, 0.0174772832543, -0.00774738751352, -0.00212420895696, 0.00579071743414], [4.78724141431e-05, -0.00145000452176, 0.0015014562523, -0.000231096550124, -0.0011098519899, 0.000906928617042, 0.000210028869333, -0.00047122844262, 0.00143853307236, -0.00774738751352, 0.0146570634097, -0.0024457173422, -0.00699459621683], [0.000227768920013, 0.00155405770056, -0.0010489798151, 0.00101357174572, -0.00152396480553, -0.00188761844765, 0.00116174609866, 0.0014967743773, -0.0010147630237, -0.00212420895696, -0.0024457173422, 0.015136689879, -0.00343716633506], [-8.60744185047e-05, -0.000425273552537, -3.57685603376e-05, -0.00125398219097, 7.89706318756e-05, 0.000265408307314, -0.000799608998932, -0.000492939958349, 4.74042499263e-05, 0.00579071743414, -0.00699459621683, -0.00343716633506, 0.0148595897481]], "cov": [[7880.43457031, -3796.59594727, 1882.8951416, 407.160400391, 552.618896484, 720.435913086, -33.5253791809, 97.1781692505, -440.380279541, 489.318267822, -354.994598389, 427.444610596, -296.0105896], [-3796.59594727, 4069.953125, -603.90435791, 261.647338867, 214.468902588, -405.239501953, 184.960708618, -106.869880676, 275.437744141, -404.03604126, 411.17868042, -333.500488281, 400.597930908], [1882.8951416, -603.90435791, 1520.82104492, 414.991577148, 525.42791748, 398.553009033, 87.4855041504, 33.0118904114, -16.1532764435, 199.065643311, -75.6272354126, 210.291519165, -36.2832107544], [407.160400391, 261.647338867, 414.991577148, 480.386108398, 278.041687012, 202.001800537, 73.0382995605, 45.0590057373, 4.69024896622, 38.5148963928, 60.3687896729, 39.0349960327, 74.1456756592], [552.618896484, 214.468902588, 525.42791748, 278.041687012, 519.664672852, 194.180541992, 161.378234863, 29.2325401306, 22.4782485962, 26.0807247162, 54.6759109497, 78.8970184326, 71.2420654297], [720.435913086, -405.239501953, 398.553009033, 202.001800537, 194.180541992, 332.872436523, 100.831855774, 95.1061935425, -11.1008243561, 105.384933472, -18.8985710144, 96.2521514893, -15.4795360565], [-33.5253791809, 184.960708618, 87.4855041504, 73.0382995605, 161.378234863, 100.831855774, 181.127807617, 87.9399795532, 52.6136360168, 15.1295480728, 37.9329147339, 8.7027425766, 35.2835540771], [97.1781692505, -106.869880676, 33.0118904114, 45.0590057373, 29.2325401306, 95.1061935425, 87.9399795532, 176.546218872, 79.2986907959, 74.2225418091, 18.217048645, 16.5411682129, -6.65508413315], [-440.380279541, 275.437744141, -16.1532764435, 4.69024896622, 22.4782485962, -11.1008243561, 52.6136360168, 79.2986907959, 182.738204956, 60.2644844055, 53.9962768555, -1.89723110199, 12.1395998001], [489.318267822, -404.03604126, 199.065643311, 38.5148963928, 26.0807247162, 105.384933472, 15.1295480728, 74.2225418091, 60.2644844055, 187.401519775, 16.9883537292, 73.9070053101, -51.8738517761], [-354.994598389, 411.17868042, -75.6272354126, 60.3687896729, 54.6759109497, -18.8985710144, 37.9329147339, 18.217048645, 53.9962768555, 16.9883537292, 174.090591431, 7.8199005127, 94.2792205811], [427.444610596, -333.500488281, 210.291519165, 39.0349960327, 78.8970184326, 96.2521514893, 8.7027425766, 16.5411682129, -1.89723110199, 73.9070053101, 7.8199005127, 135.394958496, 1.81414413452], [-296.0105896, 400.597930908, -36.2832107544, 74.1456756592, 71.2420654297, -15.4795360565, 35.2835540771, -6.65508413315, 12.1395998001, -51.8738517761, 94.2792205811, 1.81414413452, 149.766662598]]}, "spectral_energyband_middle_low": {"dmean2": 0.00502007827163, "median": 0.00556706218049, "min": 4.36215515265e-07, "dvar2": 6.16774268565e-05, "dvar": 2.66188653768e-05, "dmean": 0.00324557046406, "max": 0.109267011285, "var": 8.81592495716e-05, "mean": 0.00890512019396}, "melbands_crest": {"dmean2": 4.55344390869, "median": 14.0120439529, "min": 2.12593531609, "dvar2": 22.6837882996, "dvar": 10.0888366699, "dmean": 2.9610517025, "max": 35.3659133911, "var": 55.0990180969, "mean": 15.4391374588}, "spectral_kurtosis": {"dmean2": 2.13657259941, "median": 2.47649145126, "min": -1.18702697754, "dvar2": 15.4825668335, "dvar": 5.014316082, "dmean": 1.22890853882, "max": 52.2438011169, "var": 14.6389598846, "mean": 3.66945958138}, "spectral_rms": {"dmean2": 0.000621882325504, "median": 0.00439266208559, "min": 4.93908046337e-05, "dvar2": 5.23884637005e-07, "dvar": 2.57916639157e-07, "dmean": 0.000420662167016, "max": 0.0104058925062, "var": 3.40724841408e-06, "mean": 0.00425129011273}, "zerocrossingrate": {"dmean2": 0.0124115440995, "median": 0.0810546875, "min": 0.0107421875, "dvar2": 0.000169342019944, "dvar": 0.000139398442116, "dmean": 0.0103876153007, "max": 0.37451171875, "var": 0.00292417244054, "mean": 0.0919926911592}, "silence_rate_60dB": {"dmean2": 0.0534302890301, "median": 0, "min": 0, "dvar2": 0.0585540272295, "dvar": 0.026021020487, "dmean": 0.0267450679094, "max": 1, "var": 0.111433632672, "mean": 0.127710685134}, "erbbands_kurtosis": {"dmean2": 0.847584247589, "median": -0.439056158066, "min": -1.85027194023, "dvar2": 1.42123818398, "dvar": 0.662975370884, "dmean": 0.538606464863, "max": 29.4101486206, "var": 3.01810288429, "mean": 0.00275744125247}, "erbbands": {"dmean2": [0.0860000923276, 0.527612090111, 1.22783684731, 2.27605128288, 7.43039560318, 7.98826980591, 6.43537425995, 8.34742832184, 12.9525985718, 20.1390800476, 16.8818588257, 15.9803857803, 19.9112415314, 17.2338657379, 21.0529632568, 17.0437679291, 14.7030887604, 21.0801639557, 18.4678649902, 21.4925861359, 15.798084259, 16.8203487396, 15.6321020126, 15.6032381058, 12.8515806198, 13.5756664276, 11.8514404297, 8.91563034058, 7.49420309067, 6.11892032623, 5.23310232162, 4.41414451599, 2.70149707794, 1.86591923237, 0.828462183475, 0.372897088528, 0.153071194887, 0.0328809060156, 0.00489744823426, 0.000343578343745], "median": [0.00863046851009, 0.106129258871, 0.344932317734, 0.387036085129, 1.60025131702, 2.53320026398, 1.68252265453, 2.9818444252, 5.75574588776, 6.46895170212, 6.71687793732, 6.75963830948, 8.9726524353, 7.19255018234, 8.93623447418, 8.20716381073, 8.41407585144, 11.5224027634, 11.1639080048, 11.4924325943, 9.25218296051, 10.076499939, 9.75016498566, 10.9590272903, 10.609292984, 11.2276296616, 9.41520500183, 7.51577758789, 7.30582761765, 6.8226146698, 6.5407371521, 5.40771007538, 3.25555706024, 1.83770799637, 0.827736318111, 0.330317884684, 0.096063837409, 0.0173685345799, 0.0014236177085, 8.86473499122e-05], "min": [1.72282952349e-07, 5.67265203699e-07, 5.3897952057e-06, 2.99945513689e-05, 0.000234362203628, 0.000598979240749, 0.000593266682699, 0.000409520522226, 0.000221597147174, 9.68082240433e-05, 7.97864340711e-05, 0.000195626795175, 0.000653354043607, 0.00189936906099, 0.00211003306322, 0.00055437075207, 0.00155381218065, 0.00198000716045, 0.00483276462182, 0.00146201765165, 0.00177113059908, 0.000516966800205, 0.000657994765788, 0.0013100822689, 0.00511883711442, 0.0049461722374, 0.00422592135146, 0.00180522364099, 0.00147198024206, 0.000894746626727, 0.00074630259769, 0.000381765712518, 0.000204790470889, 6.0501293774e-05, 1.74886608875e-05, 6.46242233415e-06, 2.60909905592e-06, 5.84941972193e-07, 3.70715753206e-07, 3.90722306065e-07], "dvar2": [0.0637637451291, 3.10815262794, 16.6690311432, 55.0646324158, 289.584655762, 325.427124023, 311.876159668, 384.692779541, 792.82989502, 2304.43383789, 1664.03039551, 1703.46484375, 3945.64160156, 1885.54150391, 2223.37207031, 2129.3190918, 1768.015625, 2460.25317383, 2897.17529297, 2611.48950195, 1576.37280273, 1428.14562988, 1493.27893066, 1376.27648926, 498.851257324, 703.101379395, 457.728393555, 274.005523682, 177.313323975, 121.635314941, 101.471061707, 56.1440696716, 27.3908596039, 11.3922290802, 2.71040201187, 0.612117826939, 0.099860444665, 0.00571808917448, 0.000176881425432, 1.08883000394e-06], "dvar": [0.0393215939403, 1.10245537758, 5.98498439789, 19.3522701263, 123.302635193, 152.377410889, 136.370635986, 183.217056274, 346.079284668, 1099.83251953, 817.714538574, 850.043395996, 2232.08300781, 843.071594238, 1059.82775879, 1143.14672852, 1018.0111084, 1127.046875, 1364.20983887, 1141.07885742, 662.247070312, 561.55279541, 649.791564941, 551.236694336, 208.496902466, 279.472351074, 185.778198242, 106.024719238, 71.9911880493, 53.7906951904, 47.8428878784, 23.8034286499, 12.305557251, 4.858086586, 1.24938261509, 0.267629086971, 0.0473465807736, 0.00240580365062, 7.73810825194e-05, 4.80747985421e-07], "dmean": [0.0673906728625, 0.324459433556, 0.719380438328, 1.2932779789, 4.64162921906, 5.07315063477, 3.97938108444, 5.32641601562, 8.18695163727, 12.9788827896, 11.0787239075, 10.4467582703, 12.984913826, 10.8548746109, 13.0032682419, 10.9033060074, 9.20678138733, 13.3260803223, 11.7142181396, 13.2613887787, 9.60915374756, 10.0748815536, 9.54118442535, 9.70121669769, 7.95931100845, 8.2595615387, 7.36500072479, 5.40219974518, 4.53417158127, 3.80450582504, 3.32624220848, 2.74201822281, 1.73015630245, 1.17459619045, 0.542830824852, 0.243874058127, 0.101741597056, 0.0215221010149, 0.00323463277891, 0.000226638250751], "max": [3.79780244827, 15.929444313, 32.7868347168, 112.917541504, 205.652313232, 589.164428711, 677.130004883, 468.083343506, 573.176330566, 748.601074219, 825.43170166, 1354.02563477, 2978.19995117, 1069.41625977, 1378.22998047, 2052.39257812, 2488.4284668, 1385.41809082, 1557.56445312, 1246.6003418, 998.573486328, 1255.19421387, 1504.41137695, 1326.68432617, 572.147399902, 525.407653809, 355.181243896, 268.797607422, 221.011413574, 296.384460449, 359.87487793, 175.944198608, 140.247848511, 62.5146713257, 36.5440788269, 14.4866304398, 4.11615037918, 1.2664591074, 0.251631468534, 0.0132725741714], "var": [0.264001578093, 2.31060791016, 6.03271579742, 15.6548442841, 210.209442139, 544.703308105, 356.421325684, 664.616943359, 880.928894043, 5196.84130859, 6436.86572266, 4609.421875, 8275.62304688, 2483.54931641, 3939.29370117, 3558.82324219, 2981.2409668, 3094.36450195, 3781.3996582, 2708.71972656, 1403.95812988, 1164.89782715, 1609.62854004, 1