{"metadata": {"tags": {"album artist": ["Arthur B. Rubinstein"], "releasecountry": ["US"], "genre": ["Soundtrack"], "releasetype": ["soundtrack"], "disctotal": ["1"], "encoder": ["MediaMonkey 3.2.4"], "album": ["Blue Thunder"], "ensemble": ["Arthur B. Rubinstein"], "script": ["Latn"], "albumartistsort": ["Rubinstein, Arthur B."], "releasestatus": ["promotion"], "musicbrainz_albumartistid": ["54a37067-14c3-42ad-acf2-c57352acb4f3"], "acoustid_id": ["f5680349-c0ed-45d9-9321-70e383406999"], "musicbrainz_artistid": ["54a37067-14c3-42ad-acf2-c57352acb4f3"], "musicbrainz_recordingid": ["1785f2f9-e61e-4364-a4f8-701dc3eded2b"], "albumartist": ["Arthur B. Rubinstein"], "originaldate": ["1998"], "totaltracks": ["16"], "artist": ["Arthur B. Rubinstein"], "musicbrainz_albumid": ["e5b1679b-a364-4c53-a7d3-84ece4e02aff"], "artistsort": ["Rubinstein, Arthur B."], "title": ["Sunrise At \"Pinkville\""], "tracknumber": ["6"], "tracktotal": ["16"], "composer": ["Arthur B. Rubinstein"], "totaldiscs": ["1"], "date": ["1983"], "file_name": "06 Sunrise At _Pinkville_.flac", "discnumber": ["1"]}, "audio_properties": {"downmix": "mix", "lossless": true, "analysis_sample_rate": 44100, "md5_encoded": "8d2305941c2063169c5737ebcb259be5", "equal_loudness": 0, "replay_gain": -4.79146575928, "codec": "flac", "bit_rate": 0, "length": 266.813323975}, "version": {"extractor": "music 1.0", "essentia_build_sha": "7f154e5731828a63663f0144680ef47bd640f88b", "essentia_git_sha": "v2.1_beta1-6-g5578087", "essentia": "2.1-beta1"}}, "rhythm": {"beats_loudness_band_ratio": {"dvar2": [0.0692891478539, 0.0669653192163, 0.0356282442808, 0.0403689779341, 0.0187857188284, 0.00665617128834], "var": [0.12478838861, 0.0378898456693, 0.0402657464147, 0.0353197678924, 0.0101036792621, 0.00507826218382], "min": [0, 0, 0, 0, 0, 0], "dmean": [0.137817695737, 0.13653999567, 0.0917814597487, 0.0790296196938, 0.0461598262191, 0.0195577815175], "mean": [0.452916234732, 0.207285553217, 0.155086785555, 0.128768578172, 0.0623384080827, 0.0266420431435], "max": [0.999835073948, 0.973562538624, 0.989595293999, 0.968319356441, 0.72563290596, 0.770228862762], "dmean2": [0.22921307385, 0.236677348614, 0.151545763016, 0.135338410735, 0.0805730074644, 0.033148933202], "median": [0.45825523138, 0.155497938395, 0.0739060491323, 0.0438572466373, 0.0232593640685, 0.00310428789817], "dvar": [0.0282025504857, 0.0245655905455, 0.0151514578611, 0.0144914565608, 0.00644073402509, 0.00274012051523]}, "bpm_histogram_first_peak_weight": {"dvar2": 0, "var": 0, "min": 0.479885041714, "dmean": 0, "mean": 0.479885041714, "max": 0.479885041714, "dmean2": 0, "median": 0.479885041714, "dvar": 0}, "bpm": 161.62147522, "beats_count": 697, "bpm_histogram_first_peak_spread": {"dvar2": 0, "var": 0, "min": 0.387155950069, "dmean": 0, "mean": 0.387155950069, "max": 0.387155950069, "dmean2": 0, "median": 0.387155950069, "dvar": 0}, "danceability": 0.871987998486, "bpm_histogram_first_peak_bpm": {"dvar2": 0, "var": 0, "min": 161, "dmean": 0, "mean": 161, "max": 161, "dmean2": 0, "median": 161, "dvar": 0}, "beats_position": [0.429569154978, 0.870748281479, 1.31192743778, 1.74149656296, 2.15945577621, 2.56580495834, 2.97215414047, 3.36689329147, 3.75002264977, 4.12154197693, 4.5046710968, 4.87619018555, 5.24770975113, 5.630838871, 6.01396799088, 6.38548755646, 6.7570066452, 7.12852573395, 7.50004529953, 7.87156438828, 8.24308395386, 8.6146030426, 8.99773216248, 9.38086128235, 9.75238037109, 10.1239004135, 10.4954195023, 10.866938591, 11.2384576797, 11.6099767685, 11.9814968109, 12.3646259308, 12.7477550507, 13.1192741394, 13.4907932281, 13.8623123169, 14.2454423904, 14.6169614792, 15.0000905991, 15.3716096878, 15.7431287766, 16.114648819, 16.4861679077, 16.8576869965, 17.2408161163, 17.6123352051, 17.9838542938, 18.3553733826, 18.7385025024, 19.1100215912, 19.4815406799, 19.853061676, 20.2245807648, 20.6077098846, 20.9792289734, 21.3507480621, 21.733877182, 22.1053962708, 22.4769153595, 22.8484344482, 23.219953537, 23.6030826569, 23.974603653, 24.3577327728, 24.7292518616, 25.1007709503, 25.4722900391, 25.8438091278, 26.2269382477, 26.6100673676, 26.9815864563, 27.353105545, 27.7246246338, 28.0961437225, 28.4676647186, 28.8507938385, 29.2223129272, 29.6054420471, 29.9769611359, 30.3484802246, 30.7199993134, 31.0915184021, 31.4630374908, 31.8461666107, 32.2292976379, 32.6008148193, 32.9723358154, 33.3438529968, 33.7153739929, 34.0868911743, 34.4700202942, 34.8531494141, 35.2246704102, 35.5961914062, 35.9677085876, 36.3508377075, 36.7223587036, 37.093875885, 37.4770050049, 37.848526001, 38.2200431824, 38.5915641785, 38.9630813599, 39.3462142944, 39.7293434143, 40.1008605957, 40.4723815918, 40.8438987732, 41.2038078308, 41.5869369507, 41.9700660706, 42.3531951904, 42.7247161865, 43.0962333679, 43.4793624878, 43.8624954224, 44.257232666, 44.6519737244, 45.046710968, 45.4414520264, 45.83618927, 46.2425384521, 46.6604995728, 47.0668487549, 47.4615859985, 47.8563270569, 48.2510643005, 48.6458053589, 49.0405426025, 49.4352836609, 49.8184127808, 50.2015419006, 50.573059082, 50.9445800781, 51.3160972595, 51.6992263794, 52.0823554993, 52.4538764954, 52.8253974915, 53.1853065491, 53.5452156067, 53.9167327881, 54.2882537842, 54.6713829041, 55.0661201477, 55.4492492676, 55.8439903259, 56.2155075073, 56.5870285034, 56.9585494995, 57.3300666809, 57.701587677, 58.0731048584, 58.4562339783, 58.8393630981, 59.2341041565, 59.6056213379, 59.9655303955, 60.3254394531, 60.6969604492, 61.0568695068, 61.4283905029, 61.7999076843, 62.1714286804, 62.5545578003, 62.9260749817, 63.2975959778, 63.6691131592, 64.0406341553, 64.4237594604, 64.806892395, 65.1900177002, 65.5731506348, 65.9446716309, 66.316192627, 66.6877059937, 67.0708389282, 67.4539642334, 67.837097168, 68.2202224731, 68.6149673462, 68.9864807129, 69.3812255859, 69.7643508911, 70.1590881348, 70.5422210693, 70.936958313, 71.3316955566, 71.7264404297, 72.1327896118, 72.5275268555, 72.91065979, 73.2937850952, 73.6769180298, 74.060043335, 74.4315643311, 74.8146896362, 75.1862106323, 75.5925598145, 75.9989089966, 76.4052581787, 76.8116073608, 77.1947402954, 77.5778656006, 77.9609985352, 78.3441238403, 78.738861084, 79.1568222046, 79.5515594482, 79.9346923828, 80.3178253174, 80.6893386841, 81.0608596802, 81.4439926147, 81.8155059814, 82.1870269775, 82.5701599121, 82.9532852173, 83.3364181519, 83.7079315186, 84.0794525146, 84.4509735107, 84.8224945068, 85.205619812, 85.5771408081, 85.9486618042, 86.3201828003, 86.691696167, 87.0632171631, 87.4347381592, 87.8062591553, 88.177772522, 88.5492935181, 88.9208145142, 89.3039474487, 89.6870727539, 90.0702056885, 90.4417190552, 90.8132400513, 91.1963729858, 91.5678863525, 91.9394073486, 92.3225402832, 92.6940536499, 93.065574646, 93.4370956421, 93.8086166382, 94.1801376343, 94.551651001, 94.9347839355, 95.3179092407, 95.7010421753, 96.0841674805, 96.4556884766, 96.8272094727, 97.1987304688, 97.5818557739, 97.9649887085, 98.3365097046, 98.7080230713, 99.0911560059, 99.474281311, 99.8690261841, 100.252151489, 100.646888733, 101.041633606, 101.43637085, 101.831108093, 102.214241028, 102.608978271, 103.015327454, 103.421676636, 103.816413879, 104.222763062, 104.640724182, 105.058685303, 105.476638794, 105.882987976, 106.277732849, 106.684082031, 107.090431213, 107.485168457, 107.879905701, 108.263038635, 108.64616394, 109.017684937, 109.400817871, 109.783943176, 110.17868042, 110.573425293, 110.956550598, 111.339683533, 111.734420776, 112.12915802, 112.523895264, 112.907028198, 113.278549194, 113.650062561, 114.033195496, 114.404716492, 114.776237488, 115.147750854, 115.519271851, 115.890792847, 116.262313843, 116.645439148, 117.028572083, 117.411697388, 117.806434631, 118.189567566, 118.58430481, 118.979042053, 119.373786926, 119.756912231, 120.140045166, 120.53478241, 120.929519653, 121.324264526, 121.71900177, 122.102127075, 122.496871948, 122.879997253, 123.274734497, 123.681083679, 124.087432861, 124.482177734, 124.876914978, 125.260040283, 125.643173218, 126.026298523, 126.409431458, 126.792556763, 127.187301636, 127.582038879, 127.988388062, 128.383132935, 128.777862549, 129.172607422, 129.567337036, 129.962081909, 130.356826782, 130.751556396, 131.14630127, 131.541046143, 131.935775757, 132.342132568, 132.736862183, 133.131607056, 133.51473999, 133.886260986, 134.257781982, 134.640899658, 135.012420654, 135.395553589, 135.767074585, 136.15020752, 136.521713257, 136.904846191, 137.276367188, 137.659500122, 138.042633057, 138.414154053, 138.78565979, 139.157180786, 139.528701782, 139.911834717, 140.294967651, 140.666488647, 141.037994385, 141.409515381, 141.781036377, 142.152557373, 142.524078369, 142.895599365, 143.267120361, 143.650253296, 144.033370972, 144.404891968, 144.776412964, 145.14793396, 145.519454956, 145.890975952, 146.262496948, 146.634017944, 147.01713562, 147.400268555, 147.795013428, 148.20135498, 148.607711792, 149.002441406, 149.397186279, 149.791931152, 150.16343689, 150.546569824, 150.929702759, 151.312835693, 151.695953369, 152.079086304, 152.462219238, 152.833740234, 153.228485107, 153.623214722, 154.017959595, 154.412689209, 154.819046021, 155.213790894, 155.608520508, 155.991653442, 156.374786377, 156.757904053, 157.129425049, 157.500946045, 157.872467041, 158.255599976, 158.63873291, 159.021850586, 159.404983521, 159.788116455, 160.17124939, 160.542770386, 160.914276123, 161.274185181, 161.634094238, 162.005615234, 162.37713623, 162.760269165, 163.1434021, 163.514923096, 163.886444092, 164.257949829, 164.629470825, 165.000991821, 165.384124756, 165.76725769, 166.138778687, 166.510284424, 166.88180542, 167.253326416, 167.624847412, 168.007980347, 168.391113281, 168.762634277, 169.134140015, 169.505661011, 169.877182007, 170.248703003, 170.631835938, 171.003356934, 171.37487793, 171.757995605, 172.14112854, 172.524261475, 172.907394409, 173.290512085, 173.662033081, 174.033554077, 174.405075073, 174.776596069, 175.148117065, 175.519638062, 175.902755737, 176.274276733, 176.645797729, 177.028930664, 177.40045166, 177.771972656, 178.143493652, 178.526611328, 178.909744263, 179.281265259, 179.652786255, 180.024307251, 180.395828247, 180.767349243, 181.138870239, 181.510375977, 181.881896973, 182.253417969, 182.624938965, 182.996459961, 183.367980957, 183.739501953, 184.111022949, 184.482528687, 184.854049683, 185.237182617, 185.620315552, 185.991836548, 186.363357544, 186.74647522, 187.117996216, 187.50112915, 187.872650146, 188.255783081, 188.638900757, 189.022033691, 189.405166626, 189.788299561, 190.171432495, 190.566162109, 190.949295044, 191.332427979, 191.727157593, 192.121902466, 192.516647339, 192.899765015, 193.282897949, 193.654418945, 194.025939941, 194.397460938, 194.768981934, 195.152099609, 195.535232544, 195.90675354, 196.278274536, 196.649795532, 197.021316528, 197.392837524, 197.764343262, 198.147476196, 198.530609131, 198.902130127, 199.273651123, 199.645172119, 200.016693115, 200.388198853, 200.771331787, 201.154464722, 201.525985718, 201.897506714, 202.26902771, 202.640533447, 203.012054443, 203.395187378, 203.778320312, 204.149841309, 204.521362305, 204.892883301, 205.276000977, 205.647521973, 206.019042969, 206.390563965, 206.773696899, 207.145217896, 207.516723633, 207.888244629, 208.259765625, 208.631286621, 209.014419556, 209.39755249, 209.769073486, 210.140579224, 210.51210022, 210.883621216, 211.255142212, 211.626663208, 212.009796143, 212.392913818, 212.764434814, 213.135955811, 213.507476807, 213.878997803, 214.250518799, 214.633651733, 215.016769409, 215.388290405, 215.759811401, 216.131332397, 216.502853394, 216.885986328, 217.269119263, 217.640625, 218.012145996, 218.383666992, 218.755187988, 219.126708984, 219.49822998, 219.869750977, 220.252868652, 220.636001587, 221.007522583, 221.379043579, 221.750564575, 222.13369751, 222.505218506, 222.876724243, 223.259857178, 223.631378174, 224.00289917, 224.374420166, 224.757553101, 225.140670776, 225.512191772, 225.883712769, 226.266845703, 226.649978638, 227.044708252, 227.439453125, 227.845794678, 228.252151489, 228.646896362, 229.041625977, 229.43637085, 229.831100464, 230.225845337, 230.62059021, 231.015319824, 231.410064697, 231.80480957, 232.211151123, 232.605895996, 232.989013672, 233.372146606, 233.755279541, 234.126800537, 234.498321533, 234.869842529, 235.241363525, 235.612869263, 235.984390259, 236.355911255, 236.739044189, 237.122177124, 237.49369812, 237.865203857, 238.236724854, 238.60824585, 238.979766846, 239.351287842, 239.722808838, 240.105941772, 240.489059448, 240.860580444, 241.23210144, 241.603622437, 241.975143433, 242.358276367, 242.741394043, 243.112915039, 243.484436035, 243.855957031, 244.227478027, 244.610610962, 244.993743896, 245.365249634, 245.73677063, 246.108291626, 246.479812622, 246.851333618, 247.222854614, 247.59437561, 247.977508545, 248.360626221, 248.732147217, 249.103668213, 249.475189209, 249.846710205, 250.218231201, 250.589752197, 250.972869873, 251.356002808, 251.727523804, 252.0990448, 252.470565796, 252.842086792, 253.225204468, 253.608337402, 253.979858398, 254.351379395, 254.722900391, 255.094421387, 255.465942383, 255.849060059, 256.232208252, 256.603729248, 256.986846924, 257.3699646, 257.764709473, 258.159454346, 258.554199219, 258.937316895, 259.332061768, 259.715179443, 260.15637207, 260.59753418, 261.038726807, 261.479919434, 261.9559021, 262.431915283, 262.907928467, 263.38394165, 263.859954834, 264.335968018, 264.811981201, 265.287963867, 265.763977051, 266.251617432], "beats_loudness": {"dvar2": 0.00215665157884, "var": 0.00140215631109, "min": 0, "dmean": 0.0146609516814, "mean": 0.02371462062, "max": 0.340765058994, "dmean2": 0.0248406007886, "median": 0.00985882803798, "dvar": 0.000841752975248}, "bpm_histogram_second_peak_weight": {"dvar2": 0, "var": 0, "min": 0.136494249105, "dmean": 0, "mean": 0.136494249105, "max": 0.136494249105, "dmean2": 0, "median": 0.136494249105, "dvar": 0}, "bpm_histogram_second_peak_spread": {"dvar2": 0, "var": 0, "min": 0.20833337307, "dmean": 0, "mean": 0.20833337307, "max": 0.20833337307, "dmean2": 0, "median": 0.20833337307, "dvar": 0}, "bpm_histogram_second_peak_bpm": {"dvar2": 0, "var": 0, "min": 152, "dmean": 0, "mean": 152, "max": 152, "dmean2": 0, "median": 152, "dvar": 0}, "onset_rate": 2.89320492744}, "lowlevel": {"spectral_energyband_high": {"dvar2": 4.14655033865e-07, "var": 9.4657173122e-07, "min": 6.93378817035e-21, "dmean": 0.00010082458175, "mean": 0.00029996415833, "max": 0.0135957896709, "dmean2": 0.000156753405463, "median": 6.25301254331e-06, "dvar": 1.63226857808e-07}, "spectral_energyband_middle_low": {"dvar2": 0.000356999837095, "var": 0.000340951461112, "min": 1.67439602018e-22, "dmean": 0.00330627895892, "mean": 0.00819284934551, "max": 0.317894428968, "dmean2": 0.00544732017443, "median": 0.00246230745688, "dvar": 0.000134872214403}, "spectral_energy": {"dvar2": 0.000774031563196, "var": 0.00116737815551, "min": 9.89313747948e-21, "dmean": 0.00653784815222, "mean": 0.0205807965249, "max": 0.543428659439, "dmean2": 0.010426315479, "median": 0.00810425542295, "dvar": 0.000300710787997}, "spectral_spread": {"dvar2": 1041976262660.0, "var": 16468529905700.0, "min": 490174.0625, "dmean": 469018.25, "mean": 3362274.5, "max": 43026132, "dmean2": 701367.5, "median": 2689299.75, "dvar": 534103359488}, "spectral_energyband_low": {"dvar2": 0.000413103582105, "var": 0.00045396873611, "min": 1.58183193353e-23, "dmean": 0.00480708340183, "mean": 0.0109732327983, "max": 0.295590609312, "dmean2": 0.00771462591365, "median": 0.00276896776631, "dvar": 0.000157725939061}, "spectral_rolloff": {"dvar2": 628105.625, "var": 4315379, "min": 43.06640625, "dmean": 223.597229004, "mean": 1121.23120117, "max": 19573.6816406, "dmean2": 381.60256958, "median": 538.330078125, "dvar": 262321.65625}, "barkbands": {"dvar2": [5.36663558037e-09, 0.000171605541254, 0.000107603460492, 7.66063021729e-05, 0.000183741984074, 1.15931679829e-05, 5.94809034737e-06, 1.88445085314e-06, 2.92338484087e-07, 3.51345732952e-07, 2.14757235995e-07, 3.7795462049e-07, 1.68518894839e-07, 5.29177782482e-07, 6.48390710012e-07, 2.39998598772e-07, 4.5260327397e-07, 8.1214795955e-07, 4.486263947e-07, 1.01471535174e-07, 2.32719500559e-07, 5.10900832751e-08, 1.72068386206e-08, 7.59218732327e-09, 1.91677229644e-09, 2.53112242277e-09, 2.12719133974e-10], "var": [7.91746934681e-09, 0.000182128103916, 8.24859744171e-05, 3.42789207934e-05, 9.89084437606e-05, 1.18114385259e-05, 5.49239848624e-06, 1.62815365456e-06, 4.88477894578e-07, 5.05155071551e-07, 2.84019847641e-07, 4.1014686758e-07, 1.61352531336e-07, 5.0008799235e-07, 6.01564011049e-07, 2.68656776825e-07, 4.34816143979e-07, 4.08769096794e-07, 3.81866925636e-07, 1.07061325139e-07, 1.52246357743e-07, 5.93809126315e-08, 2.26161329664e-08, 1.61828506151e-08, 4.44761161233e-09, 2.78121325969e-09, 3.43199441089e-10], "min": [1.45561452396e-25, 3.72865914247e-24, 1.62107030883e-24, 1.3780555933e-24, 5.7247663502e-24, 4.66752825971e-24, 6.22349249752e-24, 5.95311042226e-24, 1.64986503349e-23, 1.1911866722e-23, 2.30497125902e-23, 2.52771260426e-23, 3.56662253715e-23, 2.23042153689e-23, 4.6492760694e-23, 5.21064463568e-23, 5.26286154781e-23, 6.45899366791e-23, 1.04871654678e-22, 1.58717072326e-22, 2.29890779011e-22, 3.03351652207e-22, 3.58754603136e-22, 5.45443420983e-22, 8.95844681331e-22, 1.31381898427e-21, 1.954308709e-21], "dmean": [1.40389929584e-05, 0.00309556722641, 0.00193379470147, 0.00126197340433, 0.00195481884293, 0.0006873968523, 0.000481076858705, 0.000283114408376, 0.000121509743622, 0.000130867323605, 0.000112144072773, 8.50666619954e-05, 8.61715452629e-05, 0.000134094923851, 0.000146780337673, 8.1327802036e-05, 0.000129051521071, 9.39413730521e-05, 8.60147483763e-05, 5.34667706233e-05, 5.44703761989e-05, 2.90287880489e-05, 1.66164772963e-05, 1.07992782432e-05, 5.48671278011e-06, 3.52118740921e-06, 9.76533556241e-07], "mean": [2.57123792835e-05, 0.00628334702924, 0.00380530115217, 0.00163051253185, 0.00329950987361, 0.00146999768913, 0.000907695270143, 0.000542347319424, 0.000268900912488, 0.000269138341537, 0.00022688457102, 0.000155959278345, 0.000158091002959, 0.000233397513512, 0.000245497940341, 0.000155752451974, 0.000239778484683, 0.000156919661094, 0.000151946413098, 0.000104649210698, 0.000101101315522, 6.18003978161e-05, 3.73121729353e-05, 2.62166940956e-05, 1.34328483909e-05, 7.49187529436e-06, 1.98366160475e-06], "max": [0.00295168836601, 0.15537455678, 0.185046806931, 0.173426583409, 0.257822394371, 0.0617341473699, 0.0316374413669, 0.0194484535605, 0.00926644355059, 0.0159590691328, 0.011044264771, 0.0271922089159, 0.0080146882683, 0.0184466857463, 0.0150161795318, 0.0108915250748, 0.00993413757533, 0.0182027481496, 0.0186807457358, 0.00724331615493, 0.0115856630728, 0.00692041451111, 0.00363843841478, 0.0023711824324, 0.00137763726525, 0.00201643211767, 0.000891152187251], "dmean2": [2.24797931878e-05, 0.00502935890108, 0.00313820363954, 0.00213801744394, 0.00327025656588, 0.00110986153595, 0.000802292604931, 0.000450432504294, 0.000174494241946, 0.000187302168342, 0.000164742974448, 0.000128624131321, 0.000133739144076, 0.000205793272471, 0.000235255458392, 0.000130473345052, 0.000205562770134, 0.000155931978952, 0.000135586335091, 8.65212568897e-05, 8.94673285075e-05, 4.50322368124e-05, 2.61741788563e-05, 1.6946982214e-05, 8.13310998637e-06, 5.01160502608e-06, 1.36636856496e-06], "median": [2.28794078794e-06, 0.00117999943905, 0.00061081565218, 0.000227633136092, 0.000542433699593, 0.000280393927824, 0.000131867069285, 8.47577175591e-05, 3.06844012812e-05, 2.87092407234e-05, 3.85807834391e-05, 2.60070009972e-05, 1.57622944243e-05, 1.55079396791e-05, 1.29191812448e-05, 7.71947816247e-06, 7.88511169958e-06, 4.78111178381e-06, 4.01126453653e-06, 1.66345762409e-06, 1.73335183717e-06, 5.52653432351e-07, 2.81321547391e-07, 1.05512874882e-07, 6.0305808347e-08, 5.16750304769e-08, 2.80942273889e-08], "dvar": [2.39929476287e-09, 6.57724958728e-05, 4.07911320508e-05, 2.94043111353e-05, 6.41713995719e-05, 4.04701950174e-06, 2.10777966458e-06, 7.06026696662e-07, 1.27825657614e-07, 1.58037039455e-07, 9.84476287158e-08, 1.92388668552e-07, 6.79923743974e-08, 2.30842672977e-07, 2.60672607055e-07, 8.52835313481e-08, 1.72847663293e-07, 2.65108241138e-07, 1.80620901347e-07, 3.84316081181e-08, 7.97109791506e-08, 1.94348981353e-08, 6.99297153517e-09, 3.29547433786e-09, 8.15930656373e-10, 1.21758914062e-09, 1.23187030021e-10]}, "melbands_skewness": {"dvar2": 2.04003214836, "var": 4.20414972305, "min": -3.1597700119, "dmean": 0.694581985474, "mean": 2.7432346344, "max": 24.7566776276, "dmean2": 1.0616055727, "median": 2.45363521576, "dvar": 0.87379693985}, "barkbands_skewness": {"dvar2": 1.90366232395, "var": 3.29386138916, "min": -2.34197306633, "dmean": 0.6130002141, "mean": 1.98830795288, "max": 26.5496997833, "dmean2": 0.925732910633, "median": 1.76560306549, "dvar": 0.878242373466}, "erbbands": {"dvar2": [0.0474611967802, 12.4193964005, 115.774803162, 405.40612793, 1522.09692383, 2840.34960938, 1354.75866699, 685.858886719, 1527.70666504, 1163.5057373, 511.942565918, 160.608810425, 203.429504395, 325.569122314, 247.951522827, 747.118347168, 401.626922607, 899.991271973, 1836.77246094, 2047.55322266, 256.139038086, 1660.07971191, 1463.38012695, 655.369873047, 1709.21179199, 205.861557007, 169.72227478, 630.658325195, 95.7946014404, 21.1173267365, 18.7191619873, 7.81895923615, 1.08040189743, 0.432954341173, 0.118465401232, 0.0762631222606, 0.0148761440068, 0.000317437807098, 6.05171044299e-06, 4.49213288789e-08], "var": [0.0408411845565, 13.4827899933, 115.273269653, 216.241043091, 766.685668945, 1320.02600098, 1022.49053955, 838.55065918, 1256.20239258, 938.012329102, 431.374572754, 237.259033203, 333.913146973, 473.486022949, 409.743591309, 932.733459473, 383.805603027, 1133.76757812, 1563.21228027, 2086.93481445, 398.303436279, 1401.8770752, 871.813354492, 646.352050781, 1207.07092285, 250.282211304, 144.8462677, 362.222473145, 96.04246521, 29.3217391968, 23.1078567505, 10.4934625626, 2.63651299477, 0.688299298286, 0.211748331785, 0.0585627928376, 0.0207796059549, 0.000294325029245, 9.96005201159e-06, 6.80135698872e-08], "min": [1.13191959972e-22, 6.09763781803e-22, 2.07507182778e-21, 5.46861179473e-21, 1.04222107619e-20, 1.13363196558e-20, 1.73089013361e-20, 5.90758434813e-20, 1.3593232197e-19, 9.79327109171e-20, 2.02335034049e-19, 4.00112535568e-19, 6.26081735306e-19, 3.56742111884e-19, 1.08685907661e-18, 1.24789201333e-18, 1.97640869376e-18, 1.6762445984e-18, 2.50803601909e-18, 2.80526186551e-18, 3.61864965494e-18, 3.45484101029e-18, 4.99346725999e-18, 5.69194932258e-18, 6.87371248523e-18, 7.52706067846e-18, 8.79657198768e-18, 8.59663085309e-18, 8.75106133755e-18, 1.04260681636e-17, 1.02237902438e-17, 1.11777106426e-17, 9.08102533826e-18, 7.58435286205e-18, 6.43484726174e-18, 3.83719656304e-18, 2.17599186593e-18, 9.56997407309e-19, 2.55746874609e-19, 2.63256643826e-20], "dmean": [0.0471804477274, 0.840512573719, 2.26735377312, 3.13858628273, 5.45587062836, 7.42887592316, 6.8958530426, 5.36656188965, 6.92253398895, 7.27472066879, 4.1850194931, 2.74142313004, 3.45319628716, 3.82417297363, 4.04575777054, 3.76819229126, 4.01744508743, 5.78589487076, 6.98699378967, 7.30445957184, 3.66275024414, 7.05287694931, 4.74681663513, 3.909044981, 4.4684548378, 2.59089422226, 1.84355759621, 2.22914648056, 1.07549679279, 0.68129748106, 0.504571437836, 0.319447785616, 0.135599285364, 0.0763183757663, 0.0378945581615, 0.0165984425694, 0.00766754662618, 0.00119840283878, 0.000165631354321, 1.46482288983e-05], "mean": [0.0930654630065, 1.70192015171, 4.82055473328, 4.87230157852, 7.90794086456, 11.2482528687, 13.0883512497, 11.8607330322, 13.4579124451, 13.4973516464, 8.81928539276, 6.24109506607, 7.49127864838, 8.16095256805, 9.00553417206, 7.44087648392, 7.84476423264, 10.9918403625, 12.3278064728, 13.7711324692, 7.73750782013, 13.1438646317, 8.64192390442, 7.82051801682, 7.75048351288, 5.2832608223, 3.63217782974, 4.09858703613, 2.32442212105, 1.47362720966, 1.13513660431, 0.659811377525, 0.341336220503, 0.17434771359, 0.0856704041362, 0.0344599150121, 0.0165252238512, 0.00241627544165, 0.000347764318576, 4.10686552641e-05], "max": [3.82610750198, 41.3002433777, 159.226867676, 398.556304932, 629.119140625, 920.262756348, 484.715759277, 746.176025391, 509.000274658, 511.70614624, 465.561767578, 213.964248657, 270.017425537, 625.027404785, 255.44480896, 1399.1953125, 470.381195068, 666.003295898, 887.831298828, 892.37286377, 323.21383667, 702.298339844, 683.794921875, 474.592468262, 1241.08288574, 222.335876465, 319.005157471, 723.503234863, 336.118499756, 116.492683411, 113.63533783, 74.8177642822, 37.2671318054, 20.5579509735, 10.5746231079, 14.3360118866, 7.67289400101, 0.746505737305, 0.145333126187, 0.0178751740605], "dmean2": [0.0755785182118, 1.36236941814, 3.64802336693, 5.20974302292, 9.11443805695, 12.5189580917, 11.2750883102, 8.72796630859, 11.6294384003, 11.8421850204, 6.65713787079, 4.01580238342, 4.89843416214, 5.56992197037, 5.85426521301, 5.58151388168, 6.15243959427, 8.6439332962, 11.1775856018, 11.7356233597, 5.67804574966, 11.2929964066, 7.77687120438, 6.19844341278, 7.16257190704, 4.14650058746, 2.94821476936, 3.73568248749, 1.67319047451, 1.06384181976, 0.795361697674, 0.50999557972, 0.207892939448, 0.116952680051, 0.0569441914558, 0.0247898437083, 0.0105775604025, 0.00178068561945, 0.000220333502511, 2.164858779e-05], "median": [0.0139028728008, 0.328286826611, 0.892977237701, 1.00611209869, 1.22734022141, 1.67652916908, 2.29189157486, 2.02476143837, 1.77385520935, 2.73219823837, 1.70962786674, 0.915685892105, 1.04815995693, 1.43283629417, 1.63882493973, 1.41113257408, 0.967892944813, 0.984555363655, 0.794509410858, 0.675205230713, 0.697682023048, 0.421564280987, 0.321444749832, 0.239279776812, 0.215321660042, 0.095856577158, 0.0891129747033, 0.045103803277, 0.022668775171, 0.0159092061222, 0.00684334337711, 0.00320094497874, 0.00157928501721, 0.000798596534878, 0.000402516510803, 0.000240710694925, 9.86764353001e-05, 2.40961289819e-05, 1.14853373816e-05, 1.11656499939e-05], "dvar": [0.0182028207928, 4.75178718567, 43.7102737427, 158.558258057, 564.712402344, 986.070373535, 474.221130371, 245.58921814, 516.172729492, 429.202514648, 191.848297119, 66.5328979492, 94.4315643311, 151.600845337, 113.636772156, 416.071807861, 160.093276978, 419.017852783, 757.552368164, 732.610412598, 108.245376587, 615.811828613, 493.031585693, 237.795333862, 667.39276123, 79.8332901001, 64.52684021, 206.963378906, 35.2826118469, 8.58807563782, 7.52293634415, 3.23759460449, 0.467211276293, 0.17298014462, 0.0510009564459, 0.0312825851142, 0.00846711266786, 0.000137614231789, 3.53523978447e-06, 2.80704863798e-08]}, "silence_rate_30dB": {"dvar2": 0.0306424628943, "var": 0.027733322233, "min": 0, "dmean": 0.0130536938086, "mean": 0.971458435059, "max": 1, "dmean2": 0.0261096600443, "median": 1, "dvar": 0.0128813739866}, "melbands_spread": {"dvar2": 96.6412506104, "var": 402.451446533, "min": 0.237152844667, "dmean": 3.73529958725, "mean": 15.0744285583, "max": 165.503921509, "dmean2": 5.78029489517, "median": 8.6596622467, "dvar": 39.5844688416}, "melbands_crest": {"dvar2": 18.0313415527, "var": 37.250743866, "min": 1.69840824604, "dmean": 2.58086276054, "mean": 16.6497745514, "max": 36.987033844, "dmean2": 4.11243963242, "median": 16.1389274597, "dvar": 6.72604560852}, "zerocrossingrate": {"dvar2": 0.00012861021969, "var": 0.00332993757911, "min": 0.00244140625, "dmean": 0.00533607974648, "mean": 0.0427461527288, "max": 0.52880859375, "dmean2": 0.00673713395372, "median": 0.02978515625, "dvar": 7.73042411311e-05}, "barkbands_kurtosis": {"dvar2": 1415.82104492, "var": 983.025817871, "min": -1.79056489468, "dmean": 7.01249408722, "mean": 12.1982793808, "max": 965.055908203, "dmean2": 10.8149557114, "median": 4.2444357872, "dvar": 635.202880859}, "spectral_flux": {"dvar2": 0.00142596650403, "var": 0.00277236266993, "min": 6.46077288891e-11, "dmean": 0.0139921074733, "mean": 0.0461220182478, "max": 0.527180075645, "dmean2": 0.0232801176608, "median": 0.0289254393429, "dvar": 0.000532544625457}, "barkbands_crest": {"dvar2": 12.4584512711, "var": 22.344543457, "min": 2.45297861099, "dmean": 2.13760066032, "mean": 12.2747116089, "max": 26.8950405121, "dmean2": 3.42914581299, "median": 11.7637138367, "dvar": 4.78993272781}, "barkbands_flatness_db": {"dvar2": 0.00178460532334, "var": 0.0135433953255, "min": 0.0354869179428, "dmean": 0.0263766478747, "mean": 0.253938674927, "max": 0.738750219345, "dmean2": 0.0388728938997, "median": 0.247904717922, "dvar": 0.000877756683622}, "spectral_entropy": {"dvar2": 0.163772061467, "var": 1.09487330914, "min": 3.05907964706, "dmean": 0.227186307311, "mean": 6.37226009369, "max": 9.8264465332, "dmean2": 0.336807101965, "median": 6.45503950119, "dvar": 0.0789852663875}, "pitch_salience": {"dvar2": 0.0105655407533, "var": 0.0188903007656, "min": 0.0375003814697, "dmean": 0.0630550310016, "mean": 0.464342415333, "max": 0.83404481411, "dmean2": 0.100031636655, "median": 0.465582311153, "dvar": 0.00397222163156}, "erbbands_spread": {"dvar2": 126.663574219, "var": 348.993774414, "min": 0.49807497859, "dmean": 5.3897767067, "mean": 27.970703125, "max": 140.468597412, "dmean2": 8.29616069794, "median": 24.7299728394, "dvar": 51.7017021179}, "dynamic_complexity": 7.05357694626, "spectral_contrast_valleys": {"dvar2": [0.344387739897, 0.320732861757, 0.348062306643, 0.338283598423, 0.283178299665, 0.27308422327], "var": [8.14619731903, 7.37978792191, 6.31104946136, 6.09066772461, 6.16196107864, 4.42206907272], "min": [-28.430229187, -27.9723205566, -27.7202110291, -27.6883296967, -27.4861526489, -27.4224052429], "dmean": [0.408694088459, 0.35927721858, 0.365680217743, 0.351853340864, 0.325091898441, 0.319073528051], "mean": [-8.53958702087, -8.44394779205, -9.38755226135, -9.92172718048, -10.1328496933, -12.6737232208], "max": [-4.73157405853, -4.31196308136, -5.44768381119, -5.82196474075, -5.93941068649, -8.17355823517], "dmean2": [0.673394024372, 0.584856987, 0.587448000908, 0.552997648716, 0.474943578243, 0.436300218105], "median": [-7.52007675171, -7.79658555984, -8.97529792786, -9.65327835083, -10.0075912476, -12.8667945862], "dvar": [0.148154839873, 0.143099099398, 0.159435540438, 0.16306579113, 0.15113671124, 0.164794206619]}, "hfc": {"dvar2": 56.3336601257, "var": 278.969024658, "min": 1.06759695182e-16, "dmean": 1.99828410149, "mean": 8.93379974365, "max": 156.736465454, "dmean2": 2.97157526016, "median": 2.48406171799, "dvar": 24.9670772552}, "spectral_kurtosis": {"dvar2": 262.415374756, "var": 565.582641602, "min": -1.25911831856, "dmean": 7.50667858124, "mean": 20.9124889374, "max": 241.91847229, "dmean2": 12.2586936951, "median": 10.7538375854, "dvar": 113.458122253}, "mfcc": {"mean": [-806.378417969, 153.390472412, 3.54788255692, 19.9334316254, 5.80638217926, 4.28607034683, -1.26131641865, -1.16076850891, -2.84423184395, -0.129380583763, 0.916540086269, 4.30701780319, 6.71595859528], "cov": [[21717.234375, 766.169677734, -975.781555176, 2560.08935547, 115.806976318, 578.24029541, -218.959686279, 40.9035720825, 93.5604248047, 114.996276855, -266.510406494, -560.281799316, -864.25958252], [766.169677734, 3298.73266602, 830.693237305, 550.94519043, 481.201629639, 188.069992065, 170.928588867, 16.1832103729, 84.838142395, 14.1273813248, -86.4349060059, -91.1746368408, -33.5463447571], [-975.781555176, 830.693237305, 1986.3404541, 841.586975098, 473.770721436, 316.431976318, 153.681381226, 87.2850646973, 71.0058059692, -68.8176651001, -143.52180481, -112.722427368, -165.053070068], [2560.08935547, 550.94519043, 841.586975098, 1465.67102051, 522.128540039, 359.776794434, 137.573394775, 106.433097839, 99.6054840088, -12.8650903702, -113.088134766, -148.364379883, -253.244644165], [115.806976318, 481.201629639, 473.770721436, 522.128540039, 538.093994141, 248.804779053, 119.175514221, 74.4069061279, 41.3091201782, -3.711414814, -24.4724712372, -16.7132816315, -45.831993103], [578.24029541, 188.069992065, 316.431976318, 359.776794434, 248.804779053, 300.621307373, 127.313346863, 44.8902854919, 44.3213806152, 25.2634181976, 3.64337825775, 1.99124360085, -57.4196052551], [-218.959686279, 170.928588867, 153.681381226, 137.573394775, 119.175514221, 127.313346863, 207.068206787, 77.6512527466, 28.3354854584, 26.9198493958, 32.7140426636, 12.8734607697, -10.2808446884], [40.9035720825, 16.1832103729, 87.2850646973, 106.433097839, 74.4069061279, 44.8902854919, 77.6512527466, 165.035247803, 45.4607162476, 10.2993936539, 4.89220285416, -45.2632408142, -52.4458808899], [93.5604248047, 84.838142395, 71.0058059692, 99.6054840088, 41.3091201782, 44.3213806152, 28.3354854584, 45.4607162476, 174.498535156, 69.4472122192, -6.9633808136, -0.403429955244, -32.4196205139], [114.996276855, 14.1273813248, -68.8176651001, -12.8650903702, -3.711414814, 25.2634181976, 26.9198493958, 10.2993936539, 69.4472122192, 207.863220215, 118.938079834, 20.9515228271, -21.6041755676], [-266.510406494, -86.4349060059, -143.52180481, -113.088134766, -24.4724712372, 3.64337825775, 32.7140426636, 4.89220285416, -6.9633808136, 118.938079834, 241.78086853, 86.9830551147, 15.2741355896], [-560.281799316, -91.1746368408, -112.722427368, -148.364379883, -16.7132816315, 1.99124360085, 12.8734607697, -45.2632408142, -0.403429955244, 20.9515228271, 86.9830551147, 261.357513428, 198.758636475], [-864.25958252, -33.5463447571, -165.053070068, -253.244644165, -45.831993103, -57.4196052551, -10.2808446884, -52.4458808899, -32.4196205139, -21.6041755676, 15.2741355896, 198.758636475, 315.030700684]], "icov": [[0.000102672267531, -5.14119346917e-05, 0.00017153423687, -0.000260673434241, 0.000226003670832, -0.000308154558297, 0.000272277451586, -7.94808365754e-05, 0.00011644535698, -8.88785507414e-05, 0.000112447749416, -2.05146334338e-05, 0.000142267657793], [-5.14119346917e-05, 0.000415093818447, -0.000187089550309, 0.000114032278361, -0.000427909282735, 0.000372187176254, -0.000439847266534, 0.000354041083483, -0.000212738537812, -2.90520274575e-05, -3.76251555281e-05, 0.000274972728221, -0.000248573167482], [0.00017153423687, -0.000187089550309, 0.00105756695848, -0.000642464670818, 0.000161221003509, -0.000765425967984, 0.000342963059666, -0.000144322038977, 0.000147617902257, 4.92748658871e-05, 0.000420450203819, -9.1245121439e-05, 0.000415157526731], [-0.000260673434241, 0.000114032278361, -0.000642464670818, 0.00208908994682, -0.00136101944372, 9.2844136816e-05, -0.000568521092646, 0.000145617086673, -0.000483092153445, 0.000206690485356, 0.000164496945217, -7.08436127752e-05, 0.000465550925583], [0.000226003670832, -0.000427909282735, 0.000161221003509, -0.00136101944372, 0.00458857510239, -0.00283585488796, 0.000825915310998, -0.0011764888186, 0.000512108905241, 4.27384475188e-05, -1.01306795841e-05, 1.07582491182e-05, -0.000404051708756], [-0.000308154558297, 0.000372187176254, -0.000765425967984, 9.2844136816e-05, -0.00283585488796, 0.00848281662911, -0.00397155201063, 0.00135446852073, -0.000700250850059, -0.000293095916277, -3.2437434129e-05, -0.00114543142263, 0.000729372550268], [0.000272277451586, -0.000439847266534, 0.000342963059666, -0.000568521092646, 0.000825915310998, -0.00397155201063, 0.00901326350868, -0.00368002150208, 0.000671699934173, -0.000424926605774, -0.000544023991097, -0.000379229226382, -0.000193802188733], [-7.94808365754e-05, 0.000354041083483, -0.000144322038977, 0.000145617086673, -0.0011764888186, 0.00135446852073, -0.00368002150208, 0.0090876063332, -0.00245891907252, 0.00107509619556, -0.00109645910561, 0.00192776706535, -1.28143028633e-05], [0.00011644535698, -0.000212738537812, 0.000147617902257, -0.000483092153445, 0.000512108905241, -0.000700250850059, 0.000671699934173, -0.00245891907252, 0.00852294638753, -0.00401577167213, 0.00280995201319, -0.00204585888423, 0.0013014631113], [-8.88785507414e-05, -2.90520274575e-05, 4.92748658871e-05, 0.000206690485356, 4.27384475188e-05, -0.000293095916277, -0.000424926605774, 0.00107509619556, -0.00401577167213, 0.00889715086669, -0.00487769814208, 0.00130042305682, -0.000324124848703], [0.000112447749416, -3.76251555281e-05, 0.000420450203819, 0.000164496945217, -1.01306795841e-05, -3.2437434129e-05, -0.000544023991097, -0.00109645910561, 0.00280995201319, -0.00487769814208, 0.00841820146888, -0.00396775640547, 0.00249917176552], [-2.05146334338e-05, 0.000274972728221, -9.1245121439e-05, -7.08436127752e-05, 1.07582491182e-05, -0.00114543142263, -0.000379229226382, 0.00192776706535, -0.00204585888423, 0.00130042305682, -0.00396775640547, 0.0102706328034, -0.00643931981176], [0.000142267657793, -0.000248573167482, 0.000415157526731, 0.000465550925583, -0.000404051708756, 0.000729372550268, -0.000193802188733, -1.28143028633e-05, 0.0013014631113, -0.000324124848703, 0.00249917176552, -0.00643931981176, 0.00824879668653]]}, "silence_rate_20dB": {"dvar2": 0.00260618235916, "var": 0.000782777846325, "min": 0, "dmean": 0.00104429549538, "mean": 0.999216854572, "max": 1, "dmean2": 0.00208877283148, "median": 1, "dvar": 0.00104309676681}, "melbands_kurtosis": {"dvar2": 1473.45654297, "var": 1373.80285645, "min": -1.85408723354, "dmean": 10.0493555069, "mean": 20.428691864, "max": 996.705505371, "dmean2": 15.4003782272, "median": 9.50084686279, "dvar": 677.963684082}, "barkbands_spread": {"dvar2": 52.0665092468, "var": 128.173431396, "min": 0.114698089659, "dmean": 2.93408727646, "mean": 11.9097824097, "max": 82.1599273682, "dmean2": 4.56042289734, "median": 7.82592773438, "dvar": 21.6187324524}, "erbbands_skewness": {"dvar2": 0.728159248829, "var": 2.07007312775, "min": -3.6909198761, "dmean": 0.401817560196, "mean": 0.708425939083, "max": 15.9739713669, "dmean2": 0.611134111881, "median": 0.504925489426, "dvar": 0.291963368654}, "average_loudness": 0.045106112957, "spectral_centroid": {"dvar2": 124326.765625, "var": 1501784, "min": 84.8514556885, "dmean": 146.380432129, "mean": 1009.74407959, "max": 11571.6445312, "dmean2": 225.845031738, "median": 696.496582031, "dvar": 54670.1640625}, "dissonance": {"dvar2": 0.00350526324473, "var": 0.00475475145504, "min": 0.0700772702694, "dmean": 0.0316062755883, "mean": 0.419457644224, "max": 0.500000059605, "dmean2": 0.0530691668391, "median": 0.441045075655, "dvar": 0.00127739342861}, "erbbands_flatness_db": {"dvar2": 0.00111213000491, "var": 0.00907146651298, "min": 0.0329479090869, "dmean": 0.0201231017709, "mean": 0.235264018178, "max": 0.512282729149, "dmean2": 0.0289346557111, "median": 0.219789460301, "dvar": 0.000585575297009}, "spectral_strongpeak": {"dvar2": 0.799045860767, "var": 0.802431166172, "min": 0, "dmean": 0.250524610281, "mean": 0.626955270767, "max": 14.0134840012, "dmean2": 0.421084046364, "median": 0.364893317223, "dvar": 0.308425217867}, "spectral_rms": {"dvar2": 1.86768306776e-06, "var": 8.08353888715e-06, "min": 3.10674142662e-12, "dmean": 0.00053304200992, "mean": 0.00346343917772, "max": 0.023025514558, "dmean2": 0.000820996472612, "median": 0.00281186588109, "dvar": 7.51078403027e-07}, "silence_rate_60dB": {"dvar2": 0.0610713399947, "var": 0.220675230026, "min": 0, "dmean": 0.0273257326335, "mean": 0.328750431538, "max": 1, "dmean2": 0.0546562224627, "median": 0, "dvar": 0.0265753511339}, "melbands": {"dvar2": [7.96916629042e-06, 2.48631586146e-05, 1.28270476125e-05, 1.24516445794e-05, 1.73383762103e-06, 3.34142811198e-07, 3.05849624738e-07, 1.30855383418e-07, 2.60965968835e-08, 6.12669825983e-09, 5.52047341174e-09, 6.33125596394e-09, 4.51632642395e-09, 2.75094746982e-09, 8.09120326295e-09, 2.09851180877e-09, 3.06928060745e-09, 5.41894129569e-09, 3.74604169906e-09, 2.54842502656e-09, 4.19602547153e-10, 2.24926721692e-09, 8.77116379527e-10, 4.14691614381e-09, 3.15882875412e-10, 1.43314737855e-09, 2.47619619254e-10, 1.35053676575e-10, 8.47263301185e-11, 1.90002888423e-10, 1.55594009899e-10, 2.59480163051e-11, 3.76291012238e-11, 6.38430627808e-12, 1.29805723462e-11, 3.30634955178e-12, 4.60374099953e-12, 8.59888982935e-13, 6.38263042679e-13, 3.6422484