{"tonal": {"thpcp": [1, 0.542206525803, 0.191444024444, 0.133585751057, 0.166444242001, 0.301479488611, 0.366793245077, 0.300504803658, 0.429363399744, 0.587540864944, 0.381256014109, 0.157886341214, 0.130447462201, 0.157585337758, 0.301620721817, 0.371014207602, 0.24027992785, 0.128710851073, 0.110423915088, 0.145995989442, 0.361240267754, 0.568650126457, 0.527351140976, 0.691692829132, 0.764373779297, 0.399665862322, 0.165972203016, 0.144059121609, 0.435864895582, 0.876328885555, 0.694447994232, 0.238503038883, 0.113234482706, 0.115183390677, 0.226818591356, 0.746785342693], "hpcp": {"dmean2": [0.126307368279, 0.132473558187, 0.157370686531, 0.178671047091, 0.166350364685, 0.150727197528, 0.0919942483306, 0.0759173557162, 0.0988883003592, 0.13618811965, 0.142541974783, 0.11243276298, 0.0797945782542, 0.0769469290972, 0.094735711813, 0.138569965959, 0.160970151424, 0.198406562209, 0.186115145683, 0.153982639313, 0.151932388544, 0.0998671501875, 0.0821335464716, 0.138472810388, 0.205233454704, 0.14447490871, 0.0965129509568, 0.0708296000957, 0.0710416212678, 0.115090459585, 0.178042158484, 0.169277280569, 0.161266222596, 0.108960166574, 0.0898528248072, 0.102242901921], "median": [0.0132897086442, 0.0168732479215, 0.0170104578137, 0.0191682893783, 0.0191858336329, 0.0162410698831, 0.0106233339757, 0.00711196428165, 0.0069948900491, 0.00960048381239, 0.0128210373223, 0.0125913824886, 0.00692479265854, 0.00439609587193, 0.00586412567645, 0.0195624381304, 0.029632832855, 0.039521291852, 0.0218105837703, 0.0111004523933, 0.0093693761155, 0.0068587642163, 0.00643518380821, 0.0261719189584, 0.0422915965319, 0.038215123117, 0.00932283233851, 0.00491521786898, 0.00442098546773, 0.0121944602579, 0.0428818166256, 0.0530168414116, 0.0280122719705, 0.00704506319016, 0.00429717637599, 0.00580795714632], "min": [0, 0, 0, 0, 0, 0, 0, 0, 0, 0, 0, 0, 0, 0, 0, 0, 0, 0, 0, 0, 0, 0, 0, 0, 0, 0, 0, 0, 0, 0, 0, 0, 0, 0, 0, 0], "dvar2": [0.069981046021, 0.0667713880539, 0.0877515301108, 0.0939346849918, 0.0848465785384, 0.0783680006862, 0.0442061834037, 0.0402301289141, 0.0582399368286, 0.0809510275722, 0.0861144736409, 0.0593310073018, 0.044325016439, 0.0480971895158, 0.0581426993012, 0.0704591795802, 0.081117413938, 0.096776522696, 0.0951381474733, 0.0831947475672, 0.0830183550715, 0.0578845515847, 0.0477895326912, 0.0656224489212, 0.13811968267, 0.064187027514, 0.0524378716946, 0.0407975539565, 0.041927665472, 0.0605521798134, 0.0843997374177, 0.0914302989841, 0.0854700505733, 0.0644908100367, 0.0567238628864, 0.0632527843118], "dvar": [0.0246784575284, 0.0246021524072, 0.0303054191172, 0.0330187864602, 0.0325561948121, 0.0277314763516, 0.015332788229, 0.0144237820059, 0.0202434547246, 0.0282553005964, 0.0305553842336, 0.0209999252111, 0.0154730081558, 0.0162534229457, 0.0198608692735, 0.0248768404126, 0.0295873899013, 0.0341213680804, 0.0343858115375, 0.0313725657761, 0.028649918735, 0.0195002406836, 0.0160250142217, 0.0226210393012, 0.0487723015249, 0.0229910537601, 0.017671559006, 0.0137104727328, 0.0143909901381, 0.0204239934683, 0.0310410261154, 0.034815788269, 0.0300160609186, 0.0230566710234, 0.0199971850961, 0.0218314900994], "dmean": [0.0712004229426, 0.075584821403, 0.0870812758803, 0.101396530867, 0.0967935100198, 0.0863450095057, 0.0507259219885, 0.041674990207, 0.0542910695076, 0.0763944089413, 0.0806178227067, 0.0630491375923, 0.0433082059026, 0.0412761643529, 0.0514339022338, 0.0791415721178, 0.0927312746644, 0.113602280617, 0.106874294579, 0.0880442783237, 0.0855792015791, 0.0546255782247, 0.0450427867472, 0.0781813263893, 0.114564366639, 0.081511862576, 0.054370470345, 0.0383046008646, 0.0386675484478, 0.0640982985497, 0.104495666921, 0.0984873026609, 0.0926135703921, 0.0611600168049, 0.0487193837762, 0.0559685863554], "max": [1, 1, 1, 1, 1, 1, 1, 1, 1, 1, 1, 1, 1, 1, 1, 1, 1, 1, 1, 1, 1, 1, 1, 1, 1, 1, 1, 1, 1, 1, 1, 1, 1, 1, 1, 1], "var": [0.0355379842222, 0.0444054715335, 0.0286323018372, 0.044453125447, 0.0796838030219, 0.0394697748125, 0.011681499891, 0.0113820033148, 0.0154894730076, 0.034528106451, 0.0468635298312, 0.0220326110721, 0.0113080656156, 0.0110685713589, 0.0149395903572, 0.0356386117637, 0.0741690248251, 0.0497696511447, 0.0928834453225, 0.121979445219, 0.0428182594478, 0.0151066537946, 0.0132530946285, 0.0358876474202, 0.12164773792, 0.0868089050055, 0.0230063702911, 0.00993486400694, 0.0109292129055, 0.020196037367, 0.0882225185633, 0.144264221191, 0.0568658076227, 0.0211897194386, 0.0149945802987, 0.0174037124962], "mean": [0.08366189152, 0.101786747575, 0.0833914130926, 0.119150236249, 0.163045182824, 0.105800226331, 0.0438141562045, 0.0361997485161, 0.0437306277454, 0.083701081574, 0.102958083153, 0.0666787400842, 0.0357178300619, 0.0306431241333, 0.0405145324767, 0.100245766342, 0.157802924514, 0.146342277527, 0.191947817802, 0.212117090821, 0.110909037292, 0.0460580177605, 0.0399770401418, 0.120954431593, 0.243185132742, 0.192712381482, 0.0661856457591, 0.0314230695367, 0.0319638997316, 0.0629431605339, 0.207236230373, 0.27750441432, 0.150464698672, 0.0531265623868, 0.0370706357062, 0.0461890101433]}, "tuning_equal_tempered_deviation": 0.271303623915, "chords_changes_rate": 0.0384786985815, "key_key": "D#", "tuning_diatonic_strength": 0.514637112617, "key_scale": "major", "chords_number_rate": 0.00133838946931, "tuning_frequency": 434.193115234, "tuning_nontempered_energy_ratio": 0.946996212006, "chords_histogram": [17.0310058594, 14.8115100861, 5.06357336044, 4.57283067703, 11.0528659821, 2.18603610992, 3.20098137856, 0, 9.03412914276, 0, 0.936872601509, 0, 16.886013031, 0, 0, 0.133838951588, 0, 0.803033709526, 0, 1.6952933073, 0.680347979069, 1.80682575703, 0.591122031212, 9.51371860504], "key_strength": 0.647721529007, "chords_key": "D#", "chords_strength": {"dmean2": 0.00704766437411, "median": 0.512241840363, "min": -1, "dvar2": 0.000940659374464, "dvar": 0.000480270391563, "dmean": 0.00694540934637, "max": 0.802663266659, "var": 0.311381131411, "mean": 0.292486935854}, "chords_scale": "major", "hpcp_entropy": {"dmean2": 0.830288112164, "median": 1.89707589149, "min": 0, "dvar2": 0.643549144268, "dvar": 0.230649217963, "dmean": 0.489630669355, "max": 4.15984249115, "var": 1.03773105145, "mean": 1.72753620148}}, "metadata": {"audio_properties": {"equal_loudness": 0, "codec": "mp3", "downmix": "mix", "sample_rate": 44100, "analysis_sample_rate": 44100, "bit_rate": 192000, "md5_encoded": "070c6c17d7c5dddf8818e107859a9813", "length": 416.313476562, "replay_gain": -12.3652744293, "lossless": false}, "version": {"essentia_build_sha": "70f2e5ece6736b2c40cc944ad0e695b16b925413", "essentia": "2.1-beta2", "extractor": "music 1.0", "essentia_git_sha": "v2.1_beta2"}, "tags": {"title": ["Nothing Left (To Share)"], "artist": ["canaan"], "albumartist": ["canaan"], "date": ["2006"], "genre": ["Doom Metal"], "album": ["The unsaid words"], "tracknumber": ["16"], "musicbrainz_recordingid": ["1788492b-8317-422f-8c22-653a3d90c323"], "file_name": "234106.mp3"}}, "rhythm": {"bpm_histogram_first_peak_bpm": {"dmean2": 0, "median": 110, "min": 110, "dvar2": 0, "dvar": 0, "dmean": 0, "max": 110, "var": 0, "mean": 110}, "bpm": 109.184661865, "bpm_histogram_second_peak_spread": {"dmean2": 0, "median": 0.571428537369, "min": 0.571428537369, "dvar2": 0, "dvar": 0, "dmean": 0, "max": 0.571428537369, "var": 0, "mean": 0.571428537369}, "bpm_histogram_first_peak_weight": {"dmean2": 0, "median": 0.343264251947, "min": 0.343264251947, "dvar2": 0, "dvar": 0, "dmean": 0, "max": 0.343264251947, "var": 0, "mean": 0.343264251947}, "onset_rate": 1.57085490227, "beats_position": [0.487619042397, 0.986848056316, 1.48607707024, 1.99691605568, 2.50775504112, 3.01859402657, 3.52943301201, 4.02866220474, 4.52789115906, 5.0387301445, 5.54956912994, 6.04879808426, 6.54802703857, 7.03564596176, 7.52326536179, 8.01088428497, 8.51011276245, 9.03256225586, 9.56662082672, 10.0890703201, 10.6115188599, 11.1339683533, 11.656416893, 12.1672563553, 12.6780948639, 13.1889343262, 13.6997728348, 14.2106122971, 14.7330608368, 15.3251695633, 15.9056682587, 16.4629478455, 17.0202255249, 17.5775051117, 18.1463947296, 18.7036724091, 19.2493419647, 19.7950115204, 20.3522891998, 20.8979587555, 21.4436283112, 21.9892959595, 22.5465755463, 23.1038551331, 23.6495227814, 24.195192337, 24.7524719238, 25.3097496033, 25.8670291901, 26.4243087769, 26.9815864563, 27.5388660431, 28.0961437225, 28.6650333405, 29.2339229584, 29.7912006378, 30.3484802246, 30.9057598114, 31.474647522, 32.0319252014, 32.5892066956, 33.1348762512, 33.6689338684, 34.2958717346, 34.9228096008, 35.6658477783, 36.397277832, 37.1287078857, 37.8717460632, 38.6147842407, 39.3578224182, 40.1008605957, 40.8438987732, 41.5869369507, 42.3183670044, 43.0497932434, 43.7928352356, 44.5474815369, 45.2789115906, 46.0103378296, 46.7533760071, 47.508026123, 48.2394561768, 48.9708824158, 49.6326522827, 50.2944221497, 50.9561882019, 51.6179580688, 52.302947998, 52.9879341125, 53.6497039795, 54.3114738464, 54.9732398987, 55.5305213928, 56.0994110107, 56.6566886902, 57.2139663696, 57.7712478638, 58.3285255432, 58.8858032227, 59.4430847168, 60.0003623962, 60.5576400757, 61.1149177551, 61.6605873108, 62.2178688049, 62.7635345459, 63.3092041016, 63.8548736572, 64.4121551514, 64.9694290161, 65.5150985718, 66.0607681274, 66.6064376831, 67.1521072388, 67.6977767944, 68.2434463501, 68.7891159058, 69.3347854614, 69.8804550171, 70.4261245728, 70.9833984375, 71.5406799316, 72.0979614258, 72.6552352905, 73.2009048462, 73.7465744019, 74.2922439575, 74.8379135132, 75.3835830688, 75.9060287476, 76.4516983032, 76.9973678589, 77.554649353, 78.1119232178, 78.6575927734, 79.2032623291, 79.7489318848, 80.2946014404, 80.8518829346, 81.4091567993, 81.954826355, 82.5004959106, 83.0345535278, 83.5686187744, 84.1258926392, 84.6831741333, 85.2404556274, 85.7977294922, 86.3550109863, 86.9122848511, 87.4463500977, 87.9920196533, 88.5492935181, 89.0949630737, 89.6522445679, 90.2095184326, 90.7551879883, 91.3008575439, 91.8465270996, 92.3921966553, 92.9494781494, 93.5067520142, 94.0524215698, 94.609703064, 95.1553726196, 95.7126541138, 96.2699279785, 96.8272094727, 97.3728790283, 97.918548584, 98.4642181396, 99.0214920044, 99.5671615601, 100.124443054, 100.658500671, 101.204170227, 101.749839783, 102.307121277, 102.852790833, 103.410064697, 103.967346191, 104.513015747, 105.058685303, 105.604354858, 106.161628723, 106.718910217, 107.276191711, 107.821853638, 108.367523193, 108.90158844, 109.447257996, 109.992919922, 110.550201416, 111.10748291, 111.653152466, 112.210426331, 112.756095886, 113.31337738, 113.870658875, 114.427932739, 114.973602295, 115.519271851, 116.064941406, 116.610610962, 117.156280518, 117.701950073, 118.259223938, 118.816505432, 119.373786926, 119.931060791, 120.488342285, 121.034011841, 121.591293335, 122.136962891, 122.682624817, 123.228294373, 123.785575867, 124.331245422, 124.876914978, 125.434196472, 125.979858398, 126.513923645, 127.047981262, 127.593650818, 128.139312744, 128.6849823, 129.242263794, 129.78793335, 130.333602905, 130.890884399, 131.448165894, 132.005432129, 132.562713623, 133.09677124, 133.642440796, 134.188110352, 134.733779907, 135.279449463, 135.825119019, 136.370788574, 136.904846191, 137.450515747, 137.996185303, 138.553466797, 139.110748291, 139.668029785, 140.225296021, 140.782577515, 141.339859009, 141.897140503, 142.454421997, 143.000091553, 143.545761108, 144.091430664, 144.625488281, 145.171157837, 145.728439331, 146.285705566, 146.831375122, 147.377044678, 147.934326172, 148.491607666, 149.04888916, 149.594558716, 150.140228271, 150.697509766, 151.231567383, 151.788833618, 152.346115112, 152.903396606, 153.460678101, 154.017959595, 154.575241089, 155.132507324, 155.67817688, 156.223846436, 156.769515991, 157.315185547, 157.849243164, 158.383300781, 158.928970337, 159.49786377, 160.055145264, 160.600814819, 161.146484375, 161.703765869, 162.249435425, 162.79510498, 163.352371216, 163.90965271, 164.455322266, 165.000991821, 165.558273315, 166.11555481, 166.661224365, 167.206893921, 167.752563477, 168.298233032, 168.855514526, 169.412780762, 169.970062256, 170.52734375, 171.061401367, 171.595458984, 172.14112854, 172.698410034, 173.24407959, 173.801361084, 174.358642578, 174.915908813, 175.461578369, 176.007247925, 176.564529419, 177.121810913, 177.667480469, 178.213150024, 178.770431519, 179.327713013, 179.873382568, 180.419036865, 180.976318359, 181.533599854, 182.079269409, 182.624938965, 183.182220459, 183.739501953, 184.285171509, 184.830841064, 185.37651062, 185.922180176, 186.479446411, 187.036727905, 187.594009399, 188.162902832, 188.708572388, 189.242630005, 189.788299561, 190.333969116, 190.879638672, 191.413696289, 191.970977783, 192.528244019, 193.073913574, 193.631195068, 194.176864624, 194.72253418, 195.268203735, 195.825485229, 196.382766724, 196.928436279, 197.485717773, 198.042984009, 198.588653564, 199.13432312, 199.691604614, 200.248886108, 200.794555664, 201.34022522, 201.897506714, 202.454788208, 203.000442505, 203.546112061, 204.091781616, 204.64906311, 205.206344604, 205.75201416, 206.309295654, 206.85496521, 207.400634766, 207.95791626, 208.503585815, 209.049255371, 209.606521606, 210.163803101, 210.732696533, 211.289978027, 211.847259521, 212.392913818, 212.938583374, 213.48425293, 214.029922485, 214.563980103, 215.109649658, 215.666931152, 216.212600708, 216.758270264, 217.303939819, 217.849609375, 218.406890869, 218.964172363, 219.521453857, 220.078720093, 220.636001587, 221.181671143, 221.727340698, 222.273010254, 222.830291748, 223.375961304, 223.933242798, 224.467300415, 225.012969971, 225.558639526, 226.104309082, 226.649978638, 227.195648193, 227.741317749, 228.298583984, 228.855865479, 229.413146973, 229.970428467, 230.516098022, 231.061767578, 231.607437134, 232.153106689, 232.710388184, 233.267654419, 233.824935913, 234.382217407, 234.939498901, 235.496780396, 236.05406189, 236.611328125, 237.156997681, 237.702667236, 238.248336792, 238.794006348, 239.351287842, 239.908569336, 240.454238892, 240.999908447, 241.557189941, 242.114456177, 242.671737671, 243.229019165, 243.774688721, 244.320358276, 244.866027832, 245.400085449, 245.957366943, 246.503036499, 247.060317993, 247.617584229, 248.163253784, 248.70892334, 249.266204834, 249.823486328, 250.369155884, 250.914825439, 251.472106934, 252.029388428, 252.575057983, 253.120727539, 253.677993774, 254.22366333, 254.769332886, 255.315002441, 255.872283936, 256.41796875, 256.963623047, 257.509277344, 258.054962158, 258.600616455, 259.157897949, 259.715179443, 260.260864258, 260.806518555, 261.363800049, 261.909484863, 262.478363037, 263.035644531, 263.581298828, 264.126983643, 264.672637939, 265.218322754, 265.752380371, 266.309661865, 266.866943359, 267.424224854, 267.993103027, 268.550384521, 269.096038818, 269.641723633, 270.17578125, 270.721435547, 271.278717041, 271.835998535, 272.393280029, 272.938964844, 273.49621582, 274.041900635, 274.587554932, 275.144836426, 275.69052124, 276.236175537, 276.781860352, 277.327514648, 277.873199463, 278.430480957, 278.987762451, 279.533416748, 280.079101562, 280.624755859, 281.170440674, 281.716094971, 282.261749268, 282.819030762, 283.364715576, 283.910369873, 284.467651367, 285.024932861, 285.570617676, 286.116271973, 286.673553467, 287.230834961, 287.776489258, 288.322174072, 288.879455566, 289.436737061, 289.982391357, 290.528076172, 291.073730469, 291.631011963, 292.188293457, 292.733947754, 293.291229248, 293.848510742, 294.394195557, 294.939849854, 295.497131348, 296.054412842, 296.600097656, 297.145751953, 297.703033447, 298.260314941, 298.817596436, 299.37487793, 299.920532227, 300.466217041, 301.011871338, 301.557556152, 302.103210449, 302.648895264, 303.194549561, 303.740234375, 304.285888672, 304.843170166, 305.388824463, 305.946105957, 306.491790771, 307.037445068, 307.594726562, 308.152008057, 308.697692871, 309.243347168, 309.789031982, 310.334686279, 310.891967773, 311.449249268, 311.994903564, 312.540588379, 313.097869873, 313.64352417, 314.200805664, 314.746490479, 315.303771973, 315.861022949, 316.418304443, 316.987213135, 317.544494629, 318.055328369, 318.577758789, 319.100219727, 319.634277344, 320.179962158, 320.714019775, 321.259674072, 321.793731689, 322.339416504, 322.896697998, 323.453948975, 324.06930542, 324.67300415, 325.288330078, 325.845611572, 326.402893066, 326.960174561, 327.517456055, 328.063110352, 328.65524292, 329.235717773, 329.816223145, 330.385131836, 330.95401001, 331.534515381, 332.114990234, 332.695495605, 333.206329346, 333.728790283, 334.251251221, 334.762084961, 335.261322021, 335.760528564, 336.259765625, 336.747375488, 337.246612549, 337.745849609, 338.24508667, 338.75592041, 339.26675415, 339.777587891, 340.288421631, 340.787658691, 341.286895752, 341.786102295, 342.285339355, 342.772949219, 343.272186279, 343.75982666, 344.235809326, 344.769866943, 345.292327881, 345.814788818, 346.360443115, 346.894500732, 347.440185547, 347.974243164, 348.519897461, 349.065582275, 349.529968262, 350.005981445, 350.481994629, 351.050872803, 351.619781494, 352.188659668, 352.722717285, 353.245178223, 353.802429199, 354.359710693, 354.916992188, 355.474273682, 356.019958496, 356.565612793, 357.122894287, 357.680175781, 358.237457275, 358.79473877, 359.352020264, 359.909301758, 360.466583252, 361.023834229, 361.534698486, 362.045532227, 362.556365967, 363.067199707, 363.578033447, 364.088867188, 364.599731445, 365.110565186, 365.656219482, 366.201904297, 366.759185791, 367.304840088, 367.862121582, 368.407806396, 368.918640137, 369.429473877, 369.940307617, 370.439544678, 370.938781738, 371.519256592, 372.088165283, 372.668640137, 373.237548828, 373.806427002, 374.375335693, 374.92098999, 375.466674805, 376.000732422, 376.546386719, 377.080444336, 377.602905273, 378.136962891, 378.659393311, 379.181854248, 379.704315186, 380.226745605, 380.737579346, 381.248443604, 381.759277344, 382.281707764, 382.804168701, 383.326599121, 383.849060059, 384.371520996, 384.882354736, 385.346740723, 385.811157227, 386.275543213, 386.739959717, 387.204345703, 387.668731689, 388.133148193, 388.59753418, 389.061950684, 389.537963867, 390.002349854, 390.46673584, 390.919525146, 391.38394165, 391.848327637, 392.312744141, 392.75390625, 393.195098877, 393.636260986, 394.031005859, 394.425750732, 394.820495605, 395.215240479, 395.598358154, 395.993103027, 396.3878479, 396.770965576, 397.154083252, 397.525604248, 397.897125244, 398.26864624, 398.640167236, 399.011688232, 399.383209229, 399.766326904, 400.149475098, 400.532592773, 400.915740967, 401.298858643, 401.681976318, 402.065124512, 402.436645508, 402.842987061, 403.249328613, 403.655670166, 404.062042236, 404.445159912, 404.816680908, 405.188201904, 405.5597229, 405.931243896, 406.302764893, 406.674285889, 407.045806885, 407.428924561, 407.812042236, 408.206787109, 408.671203613, 409.1355896, 409.588378906, 410.041168213, 410.401092529, 410.760986328, 411.120910645, 411.480804443, 411.84072876, 412.200622559, 412.525695801, 412.850799561, 413.175872803, 413.500946045, 413.826019287, 414.162719727, 414.499389648, 414.824493408, 415.16116333, 415.486236572], "beats_loudness": {"dmean2": 0.0392359048128, "median": 0.0229703839868, "min": 0, "dvar2": 0.0015485517215, "dvar": 0.000490355538204, "dmean": 0.0211578309536, "max": 0.171100735664, "var": 0.000996852642857, "mean": 0.0313883125782}, "danceability": 0.978667318821, "bpm_histogram_second_peak_weight": {"dmean2": 0, "median": 0.0427461154759, "min": 0.0427461154759, "dvar2": 0, "dvar": 0, "dmean": 0, "max": 0.0427461154759, "var": 0, "mean": 0.0427461154759}, "beats_count": 773, "bpm_histogram_second_peak_bpm": {"dmean2": 0, "median": 117, "min": 117, "dvar2": 0, "dvar": 0, "dmean": 0, "max": 117, "var": 0, "mean": 117}, "bpm_histogram_first_peak_spread": {"dmean2": 0, "median": 0.513761460781, "min": 0.513761460781, "dvar2": 0, "dvar": 0, "dmean": 0, "max": 0.513761460781, "var": 0, "mean": 0.513761460781}, "beats_loudness_band_ratio": {"dmean2": [0.345444768667, 0.299148738384, 0.131147623062, 0.0394463390112, 0.0324421860278, 0.0276572331786], "median": [0.480364531279, 0.156074509025, 0.0625859424472, 0.0218146350235, 0.00693712523207, 0.00292379106395], "min": [0, 0, 0, 0, 0, 0], "dvar2": [0.114435695112, 0.0899446308613, 0.0273852534592, 0.00248072342947, 0.00247612525709, 0.00930973608047], "dvar": [0.046452857554, 0.0352980196476, 0.00990930385888, 0.000918951351196, 0.000913612602744, 0.0033697115723], "dmean": [0.218187898397, 0.183329746127, 0.0763392373919, 0.0232679788023, 0.0191967133433, 0.0152452476323], "max": [0.994041979313, 0.8547321558, 0.867209613323, 0.248940676451, 0.271623969078, 0.747003436089], "var": [0.115049257874, 0.0533654987812, 0.013906265609, 0.00125236809254, 0.00146120274439, 0.00416760891676], "mean": [0.472948551178, 0.235972508788, 0.0969107970595, 0.0311009883881, 0.0264465846121, 0.016068790108]}}, "lowlevel": {"barkbands_spread": {"dmean2": 4.53937959671, "median": 10.4133634567, "min": 0.278136253357, "dvar2": 34.8351707458, "dvar": 14.9862680435, "dmean": 2.81857824326, "max": 141.026321411, "var": 138.458236694, "mean": 13.6311359406}, "melbands_spread": {"dmean2": 7.06732749939, "median": 9.75793933868, "min": 0.205030456185, "dvar2": 123.252883911, "dvar": 45.1361122131, "dmean": 4.25939893723, "max": 267.433654785, "var": 2030.08752441, "mean": 29.1835803986}, "hfc": {"dmean2": 3.02410721779, "median": 4.06820583344, "min": 1.03486455472e-16, "dvar2": 35.3805961609, "dvar": 16.561050415, "dmean": 1.96718788147, "max": 145.333999634, "var": 145.567871094, "mean": 8.94698619843}, "barkbands_kurtosis": {"dmean2": 7.75644826889, "median": 4.46338176727, "min": -1.87111103535, "dvar2": 351.973510742, "dvar": 136.164520264, "dmean": 4.72529554367, "max": 536.568481445, "var": 329.274871826, "mean": 9.53707790375}, "gfcc": {"mean": [-264.291107178, 136.384643555, -85.3302764893, 20.1272850037, -33.4936256409, 5.04794406891, -30.1166000366, 1.73307335377, -13.2314481735, -6.53693628311, -6.29472589493, -6.73888731003, -5.01107740402], "icov": [[0.000171506791958, -0.000556190207135, 0.000354450312443, -0.000548148236703, 0.000371901202016, -0.000569572846871, 0.000276724254945, -0.000481910974486, 0.000695160764735, -0.00044912181329, 0.000606100424193, -0.000664502673317, 0.000569556083065], [-0.000556190207135, 0.00229156808928, -0.000622726161964, 0.00224689859897, -0.0015165671939, 0.00145399407484, -0.000718341907486, 0.00125735998154, -0.00203512539156, 0.00207737181336, -0.00274925935082, 0.00325604900718, -0.00184355769306], [0.000354450312443, -0.000622726161964, 0.00224042241462, -0.00029426504625, 0.000182117844815, -0.00204167258926, -9.82607616606e-06, -0.00100430240855, 0.00127640319988, -0.00126399565488, 0.000973348040134, -0.000751353625674, 0.000726355763618], [-0.000548148236703, 0.00224689859897, -0.00029426504625, 0.00461325794458, -0.000288504001219, 0.00138662313111, -0.000969785207417, 0.000735816720407, -0.00147550634574, 0.00127014238387, -0.00214234367013, 0.00345489452593, -0.00361486710608], [0.000371901202016, -0.0015165671939, 0.000182117844815, -0.000288504001219, 0.00433374661952, -6.51036971249e-05, -0.00119430350605, -0.000499226734973, 0.00099025759846, -0.00168662809301, 0.0018945010379, -0.00202002190053, 0.000402723526349], [-0.000569572846871, 0.00145399407484, -0.00204167258926, 0.00138662313111, -6.51036971249e-05, 0.00592859089375, -0.00114573957399, 0.00087675335817, -0.00163126806729, 0.000508941826411, -0.00312176952139, 0.00181382684968, -0.00258017145097], [0.000276724254945, -0.000718341907486, -9.82607616606e-06, -0.000969785207417, -0.00119430350605, -0.00114573957399, 0.00568176852539, -0.00235988991335, 0.000442649994511, 0.00158074789215, -0.00219707470387, -0.000818453496322, 0.000781457812991], [-0.000481910974486, 0.00125735998154, -0.00100430240855, 0.000735816720407, -0.000499226734973, 0.00087675335817, -0.00235988991335, 0.0101688932627, -0.00386580871418, -0.000801301852334, 0.00258999411017, -0.0013357369462, -0.000297159858746], [0.000695160764735, -0.00203512539156, 0.00127640319988, -0.00147550634574, 0.00099025759846, -0.00163126806729, 0.000442649994511, -0.00386580871418, 0.0141000924632, -0.00367892417125, -0.00136874127202, 0.00129030272365, -0.000994029571302], [-0.00044912181329, 0.00207737181336, -0.00126399565488, 0.00127014238387, -0.00168662809301, 0.000508941826411, 0.00158074789215, -0.000801301852334, -0.00367892417125, 0.0149040464312, -0.00352849788032, -0.00379234622233, 0.00321040744893], [0.000606100424193, -0.00274925935082, 0.000973348040134, -0.00214234367013, 0.0018945010379, -0.00312176952139, -0.00219707470387, 0.00258999411017, -0.00136874127202, -0.00352849788032, 0.0176229644567, -0.00387178664096, -0.000370083405869], [-0.000664502673317, 0.00325604900718, -0.000751353625674, 0.00345489452593, -0.00202002190053, 0.00181382684968, -0.000818453496322, -0.0013357369462, 0.00129030272365, -0.00379234622233, -0.00387178664096, 0.0214953888208, -0.00548826623708], [0.000569556083065, -0.00184355769306, 0.000726355763618, -0.00361486710608, 0.000402723526349, -0.00258017145097, 0.000781457812991, -0.000297159858746, -0.000994029571302, 0.00321040744893, -0.000370083405869, -0.00548826623708, 0.0205897856504]], "cov": [[162319.015625, 18927.2890625, -15711.6503906, 5299.09277344, -6958.33544922, 1371.68530273, -5587.56884766, 895.105773926, -2545.47607422, -646.216308594, -1446.80090332, -654.035888672, -1000.26226807], [18927.2890625, 6526.91259766, -1909.10412598, -424.416870117, 153.975372314, -15.4461517334, -76.8788909912, -237.161773682, -9.3369436264, -518.67388916, 223.586135864, -451.500091553, 12.3105239868], [-15711.6503906, -1909.10412598, 2303.98046875, -587.044616699, 705.112121582, 137.678512573, 606.360778809, 3.91742968559, 225.696838379, 150.485214233, 142.268341064, 115.557426453, 80.6324157715], [5299.09277344, -424.416870117, -587.044616699, 787.621765137, -500.880310059, 61.5345916748, -272.723815918, 80.5405426025, -118.277580261, 28.1783752441, -101.485038757, 16.0641555786, -4.220723629], [-6958.33544922, 153.975372314, 705.112121582, -500.880310059, 813.783081055, -101.992286682, 430.941253662, -68.8093109131, 157.56918335, -29.5573558807, 126.471862793, -13.0424766541, 58.4218864441], [1371.68530273, -15.4461517334, 137.678512573, 61.5345916748, -101.992286682, 340.379882812, 8.08714008331, 39.0266914368, -8.04792881012, 34.8237991333, 27.4711990356, 18.51014328, 11.1344280243], [-5587.56884766, -76.8788909912, 606.360778809, -272.723815918, 430.941253662, 8.08714008331, 520.168334961, -20.0339260101, 138.086578369, -40.8124084473, 137.623733521, -12.24584198, 63.2008934021], [895.105773926, -237.161773682, 3.91742968559, 80.5405426025, -68.8093109131, 39.0266914368, -20.0339260101, 173.258895874, -8.34240627289, 58.1533279419, -50.8601036072, 47.4663505554, -20.2280654907], [-2545.47607422, -9.3369436264, 225.696838379, -118.277580261, 157.56918335, -8.04792881012, 138.086578369, -8.34240627289, 154.018997192, -1.4336938858, 67.6912231445, -18.4272556305, 35.3619270325], [-646.216308594, -518.67388916, 150.485214233, 28.1783752441, -29.5573558807, 34.8237991333, -40.8124084473, 58.1533279419, -1.4336938858, 151.484054565, -22.4648704529, 71.6401596069, -26.5932350159], [-1446.80090332, 223.586135864, 142.268341064, -101.485038757, 126.471862793, 27.4711990356, 137.623733521, -50.8601036072, 67.6912231445, -22.4648704529, 134.137374878, -20.3434028625, 35.9752578735], [-654.035888672, -451.500091553, 115.557426453, 16.0641555786, -13.0424766541, 18.51014328, -12.24584198, 47.4663505554, -18.4272556305, 71.6401596069, -20.3434028625, 104.817459106, -4.35214853287], [-1000.26226807, 12.3105239868, 80.6324157715, -4.220723629, 58.4218864441, 11.1344280243, 63.2008934021, -20.2280654907, 35.3619270325, -26.5932350159, 35.9752578735, -4.35214853287, 76.65599823]]}, "spectral_energyband_middle_low": {"dmean2": 0.00721796741709, "median": 0.00636040046811, "min": 9.69746458353e-23, "dvar2": 0.00026210420765, "dvar": 9.97864626697e-05, "dmean": 0.00443159416318, "max": 0.178411319852, "var": 0.000280310894595, "mean": 0.0123768728226}, "melbands_crest": {"dmean2": 4.61974811554, "median": 13.4643344879, "min": 1.47458791733, "dvar2": 22.1531467438, "dvar": 7.89480686188, "dmean": 2.758893013, "max": 37.8081550598, "var": 48.1597709656, "mean": 13.5596513748}, "spectral_kurtosis": {"dmean2": 12.9789867401, "median": 6.25566005707, "min": -1.28360927105, "dvar2": 1028.53173828, "dvar": 347.181060791, "dmean": 7.50971412659, "max": 654.15045166, "var": 1937.73376465, "mean": 20.8864574432}, "spectral_rms": {"dmean2": 0.00101120281033, "median": 0.0038722041063, "min": 3.04117126447e-12, "dvar2": 2.38376992456e-06, "dvar": 9.67517394201e-07, "dmean": 0.000627381610684, "max": 0.0147240683436, "var": 7.61092223911e-06, "mean": 0.00386749277823}, "zerocrossingrate": {"dmean2": 0.00853055622429, "median": 0.029296875, "min": 0.0009765625, "dvar2": 0.000156708047143, "dvar": 8.51115546538e-05, "dmean": 0.00606590742245, "max": 0.55419921875, "var": 0.0295651499182, "mean": 0.102805733681}, "silence_rate_60dB": {"dmean2": 0.0276646781713, "median": 0, "min": 0, "dvar2": 0.0328155830503, "dvar": 0.0136451069266, "dmean": 0.0138315670192, "max": 1, "var": 0.182614386082, "mean": 0.240421622992}, "erbbands_kurtosis": {"dmean2": 1.47490501404, "median": -0.10465669632, "min": -1.81770408154, "dvar2": 8.22757530212, "dvar": 3.83290529251, "dmean": 0.909000992775, "max": 110.968307495, "var": 19.2603397369, "mean": 0.69342726469}, "erbbands": {"dmean2": [0.155328035355, 1.24570035934, 3.16285705566, 5.65020370483, 10.8732700348, 17.4335536957, 14.2992668152, 11.6325464249, 18.0081691742, 15.0704565048, 18.7162570953, 13.5649223328, 10.3822259903, 7.40235614777, 6.07517671585, 9.7590970993, 6.57150125504, 7.9890460968, 8.26152229309, 9.1743927002, 7.80906105042, 7.12913894653, 6.50120401382, 3.95496439934, 2.57446098328, 1.44403970242, 0.953687131405, 0.777116477489, 0.677867531776, 0.664079904556, 0.514399707317, 0.322029709816, 0.220094949007, 0.162536934018, 0.094844892621, 0.033581558615, 0.00787192955613, 0.0010869265534, 0.000107057181594, 1.57242957357e-05], "median": [0.0490201078355, 0.497910052538, 1.42698037624, 2.79240870476, 4.58975744247, 5.04768228531, 4.17855978012, 3.98675632477, 5.07205724716, 4.02744483948, 4.11753320694, 2.90197777748, 2.70087194443, 3.28318881989, 2.79430222511, 2.84041523933, 2.4647231102, 2.32786679268, 1.55319535732, 1.05855739117, 0.876534640789, 0.796402156353, 0.538049638271, 0.402593135834, 0.332901030779, 0.197974264622, 0.139778032899, 0.112411953509, 0.0798034667969, 0.0629854872823, 0.0498115234077, 0.0363888032734, 0.021149661392, 0.00968299433589, 0.00287323142402, 0.000595222751144, 8.78073187778e-05, 5.96922791374e-06, 9.48899196374e-06, 1.79405014933e-05], "min": [3.42214360899e-23, 1.53109205301e-22, 8.14729736896e-22, 1.96078398224e-21, 3.0739473474e-21, 7.70042384727e-21, 2.19220294512e-20, 3.67586430327e-20, 5.65505580064e-20, 5.87342114259e-20, 1.55717745515e-19, 1.93859379602e-19, 1.93629384617e-19, 3.4908929535e-19, 4.97616036683e-19, 6.25470086941e-19, 1.13595658867e-18, 1.54180117569e-18, 1.51813460778e-18, 1.81041215639e-18, 2.42820957446e-18, 3.37895546089e-18, 4.09499112326e-18, 4.94418218473e-18, 5.46134088037e-18, 6.74572531059e-18, 6.86912328719e-18, 8.22771409016e-18, 8.10352781043e-18, 8.66082172299e-18, 7.79741308115e-18, 8.71974758828e-18, 8.30077481776e-18, 7.35237915825e-18, 5.31662645939e-18, 3.23749206651e-18, 1.99388681331e-18, 7.92384122713e-19, 2.21102586001e-19, 2.26313239017e-20], "dvar2": [0.199349179864, 13.6614093781, 85.7041549683, 182.519973755, 645.43536377, 2843.51220703, 1575.18713379, 773.678771973, 1777.39379883, 1701.32507324, 2700.52270508, 1943.20593262, 1121.39550781, 212.864562988, 187.337371826, 1207.39111328, 273.025665283, 346.767608643, 496.404693604, 664.379699707, 371.111755371, 280.56036377, 261.288848877, 84.7454986572, 46.4699745178, 12.286737442, 9.50345039368, 10.0908603668, 11.2386484146, 15.0420093536, 11.4782085419, 3.79795312881, 1.85459685326, 1.01254665852, 0.246315404773, 0.0214550103992, 0.00141913560219, 3.19870923704e-05, 2.46141041771e-07, 1.00567787431e-09], "dvar": [0.080313667655, 4.75331830978, 30.9482250214, 67.7849960327, 240.633041382, 1095.44824219, 589.807006836, 298.736328125, 666.618469238, 665.804138184, 1057.87646484, 693.778137207, 426.086608887, 83.677444458, 72.6371688843, 425.929260254, 108.271179199, 132.023132324, 190.299591064, 248.631378174, 134.250686646, 100.121322632, 93.9152603149, 31.3830242157, 17.9825572968, 4.8360824585, 4.58163928986, 5.97566509247, 7.26176071167, 7.80036067963, 6.06626701355, 2.39484357834, 1.06534922123, 0.499422729015, 0.108628943563, 0.0100309206173, 0.000645928434096, 1.47385180753e-05, 9.84698544926e-08, 4.03369004864e-10], "dmean": [0.0942817479372, 0.718598663807, 1.88401579857, 3.47981929779, 6.67269849777, 10.6992559433, 8.67129230499, 7.15868759155, 11.108833313, 9.33220291138, 11.6679086685, 8.15961360931, 6.49831628799, 4.57348585129, 3.70853352547, 5.91427898407, 4.0454120636, 4.85133552551, 5.03323364258, 5.59450101852, 4.70266342163, 4.23166322708, 3.87283802032, 2.35604858398, 1.52760660648, 0.858786642551, 0.629656374454, 0.51676517725, 0.488826394081, 0.47945946455, 0.367455124855, 0.247874736786, 0.166611865163, 0.118130303919, 0.0632029026747, 0.0225437711924, 0.00534986890852, 0.000744940538425, 6.70476074447e-05, 9.76863066171e-06], "max": [5.58524465561, 35.2989845276, 132.818908691, 196.501327515, 510.546905518, 678.647766113, 500.501861572, 405.951416016, 782.922912598, 631.587402344, 742.028198242, 1166.28820801, 809.883605957, 199.736663818, 249.060028076, 969.785766602, 340.637359619, 306.160369873, 346.37979126, 463.2628479, 471.781402588, 304.724121094, 189.013778687, 217.694793701, 211.140197754, 81.7239608765, 127.199981689, 184.297348022, 189.962249756, 173.725463867, 150.229629517, 82.5961761475, 43.8142089844, 34.8916435242, 19.5683345795, 3.89523673058, 1.1045832634, 0.183928072453, 0.00988449435681, 0.000287064438453], "var": [0.104415617883, 4.95385932922, 41.6604118347, 129.539672852, 650.414306641, 1432.04589844, 932.988769531, 748.227355957, 1458.28442383, 1306.14355469, 2069.21484375, 1215.7833252, 909.253540039, 213.334442139, 175.979232788, 887.2890625, 326.539581299, 312.464935303, 519.544616699, 790.907348633, 494.826782227, 439.389190674, 382.039825439, 150.49810791, 62.8235168457, 19.7590904236, 17.4414901733, 24.832036972, 26.6865520477, 25.6386051178, 17.8873310089, 8.0796251297, 3.73448729515, 1.38403475285, 0.225080281496, 0.0231992304325, 0.00131060415879, 2.89720264846e-05, 1.1284509327e-07, 1.09268871729e-09], "mean": [0.155959412456, 1.20773541927, 3.30263614655, 6.68633174896, 13.5514469147, 16.9608287811, 14.8964557648, 13.8223161697, 19.7817401886, 16.1455287933, 19.2700576782, 13.9613847733, 11.268491745, 8.76893615723, 7.14879894257, 10.0941696167, 8.24372196198, 9.3160905838, 10.6248159409, 12.6047945023, 11.6724529266, 11.494679451, 10.2638044357, 6.68846511841, 4.04888057709, 2.19857287407, 1.49902367592, 1.21942615509, 1.08630919456, 1.02797269821, 0.762071371078, 0.490324795246, 0.32431820035, 0.212215676904, 0.100697875023, 0.0364106185734, 0.00832675304264, 0.00109990173951, 8.32964142319e-05, 2.84489633486e-05]}, "spectral_strongpeak": {"dmean2": 0.343704611063, "median": 0.237582147121, "min": 0, "dvar2": 0.321578115225, "dvar": 0.120029389858, "dmean": 0.201290860772, "max": 4.5966501236, "var": 0.25395193696, "mean": 0.412258565426}, "spectral_energy": {"dmean2": 0.0124914711341, "median": 0.0153688145801, "min": 9.47994056867e-21, "dvar2": 0.000608536996879, "dvar": 0.000237745480263, "dmean": 0.00765263149515, "max": 0.222218155861, "var": 0.000678882701322, "mean": 0.0231322348118}, "average_loudness": 0.362759888172, "spectral_rolloff": {"dmean2": 384.334228516, "median": 473.73046875, "min": 43.06640625, "dvar2": 531661.5, "dvar": 227251.90625, "dmean": 226.770706177, "max": 20112.0117188, "var": 44133136, "mean": 3465.32519531}, "spectral_centroid": {"dmean2": 238.457580566, "median": 638.529052734, "min": 112.221000671, "dvar2": 110693.132812, "dvar": 48167.7695312, "dmean": 145.584625244, "max": 12008.3417969, "var": 13928289, "mean": 2238.06933594}, "pitch_salience": {"dmean2": 0.104718200862, "median": 0.606560468674, "min": 0.0589520297945, "dvar2": 0.0109846359119, "dvar": 0.00387849961407, "dmean": 0.0623666085303, "max": 0.983197629452, "var": 0.0186530146748, "mean": 0.598579347134}, "spectral_energyband_middle_high": {"dmean2": 0.000706550199538, "median": 0.000625569489785, "min": 1.03208815407e-21, "dvar2": 1.8543337319e-06, "dvar": 7.19460103937e-07, "dmean": 0.000440309988335, "max": 0.0259729418904, "var": 8.35780792841e-06, "mean": 0.0019637986552}, "spectral_contrast_coeffs": {"dmean2": [0.0699086934328, 0.0648247525096, 0.0505179613829, 0.0390316992998, 0.0260383654386, 0.0262883510441], "median": [-0.665244817734, -0.758914589882, -0.808130025864, -0.811285734177, -0.809653162956, -0.795374453068], "min": [-0.983414411545, -0.996433079243, -0.989365518093, -0.977587997913, -0.980859041214, -0.969309151173], "dvar2": [0.00422514090315, 0.00328221637756, 0.00200440641493, 0.00116935698316, 0.000548309530132, 0.00108209974132], "dvar": [0.00157211290207, 0.00117882376071, 0.000716076465324, 0.000415804213844, 0.000203273273655, 0.000390751025407], "dmean": [0.0420537218451, 0.0389221459627, 0.030177609995, 0.0231131333858, 0.0155225917697, 0.015627996996], "max": [-0.26322132349, -0.457147300243, -0.582569122314, -0.549692153931, -0.627252817154, -0.560364961624], "var": [0.0207105148584, 0.0109711037949, 0.00638685980812, 0.00558771844953, 0.00497497804463, 0.00629871757701], "mean": [-0.687590956688, -0.772547841072, -0.819174528122, -0.823642969131, -0.823828399181, -0.818842768669]}, "melbands_skewness": {"dmean2": 1.0529282093, "median": 2.74206805229, "min": -1.20125722885, "dvar2": 1.66457939148, "dvar": 0.660148859024, "dmean": 0.64991915226, "max": 22.941034317, "var": 3.66990828514, "mean": 2.76594376564}, "spectral_spread": {"dmean2": 739830.6875, "median": 3270946, "min": 119324.21875, "dvar2": 1358926970880.0, "dvar": 664670175232, "dmean": 473798.71875, "max": 44088840, "var": 182023985562000.0, "mean": 8819315}, "dissonance": {"dmean2": 0.0359073244035, "median": 0.466959506273, "min": 0.175073161721, "dvar2": 0.00165407231543, "dvar": 0.000573802331928, "dmean": 0.0209974851459, "max": 0.500000059605, "var": 0.00148032978177, "mean": 0.457113862038}, "spectral_skewness": {"dmean2": 0.814467310905, "median": 1.87835764885, "min": -0.117230735719, "dvar2": 2.17286539078, "dvar": 0.737556755543, "dmean": 0.476021558046, "max": 19.3928413391, "var": 5.39578199387, "mean": 2.4525744915}, "spectral_flux": {"dmean2": 0.0266340915114, "median": 0.0493416897953, "min": 6.21245624388e-11, "dvar2": 0.00191536999773, "dvar": 0.000830110278912, "dmean": 0.0163532253355, "max": 0.378063768148, "var": 0.00266368919984, "mean": 0.0582317821681}, "spectral_contrast_valleys": {"dmean2": [0.569115757942, 0.542664468288, 0.456595152617, 0.359988301992, 0.290389806032, 0.394036144018], "median": [-6.9817700386, -6.92892599106, -7.72711610794, -8.4342212677, -8.93633842468, -11.6887607574], "min": [-28.5279655457, -28.3581752777, -28.0381660461, -27.9051246643, -27.6497631073, -27.4852237701], "dvar2": [0.251477479935, 0.216008245945, 0.15199059248, 0.113057218492, 0.148105576634, 0.379682958126], "dvar": [0.109939783812, 0.096839979291, 0.0707905068994, 0.0587409026921, 0.0803401246667, 0.162310540676], "dmean": [0.34103050828, 0.321666449308, 0.272084474564, 0.215271249413, 0.17967414856, 0.25911462307], "max": [-5.04677677155, -4.68852710724, -5.54348325729, -6.10594415665, -5.79133844376, -7.51068067551], "var": [54.2195587158, 54.8053092957, 50.1025810242, 47.7282028198, 46