{"tonal": {"thpcp": [1, 0.628235936165, 0.326144725084, 0.31557944417, 0.319871008396, 0.380935519934, 0.437609046698, 0.363171547651, 0.300109684467, 0.284267097712, 0.273321479559, 0.351226478815, 0.401987165213, 0.391051769257, 0.599893689156, 0.760048449039, 0.52751237154, 0.308185219765, 0.273981541395, 0.276915699244, 0.389460027218, 0.479471296072, 0.381797045469, 0.33575668931, 0.385369956493, 0.398006141186, 0.58855599165, 0.73762768507, 0.542322516441, 0.453872352839, 0.495564311743, 0.418700754642, 0.368092298508, 0.372845977545, 0.42036870122, 0.776063024998], "hpcp": {"dmean2": [0.26276832819, 0.245503753424, 0.233430042863, 0.227847591043, 0.219279140234, 0.202424794436, 0.214540734887, 0.265861898661, 0.32931470871, 0.310556948185, 0.281061977148, 0.19725382328, 0.179786875844, 0.175408706069, 0.190127685666, 0.203625485301, 0.188417568803, 0.168486103415, 0.159933254123, 0.155431061983, 0.184780195355, 0.21054379642, 0.225898459554, 0.275119811296, 0.266179531813, 0.250887215137, 0.187625408173, 0.161127001047, 0.161716774106, 0.201316803694, 0.220436915755, 0.208340764046, 0.194412872195, 0.208735615015, 0.241725742817, 0.265323460102], "median": [0.143761828542, 0.110265240073, 0.0683208703995, 0.0540601685643, 0.0422894470394, 0.0370697118342, 0.0290683489293, 0.0517462268472, 0.237509638071, 0.311916202307, 0.178605824709, 0.0236073564738, 0.016574755311, 0.0188460499048, 0.0335803516209, 0.0361174829304, 0.035784740001, 0.0288082323968, 0.0242550428957, 0.0205409806222, 0.0434825196862, 0.0549891255796, 0.0556691773236, 0.122315570712, 0.17902456224, 0.101858861744, 0.0238844063133, 0.0160123407841, 0.0171031523496, 0.0466080531478, 0.0671671256423, 0.0477667115629, 0.0245053954422, 0.0238115638494, 0.0360659994185, 0.112542562187], "min": [0, 2.64660429821e-05, 2.43869435508e-05, 2.14402443817e-05, 7.94402058091e-06, 5.28982172909e-06, 1.22678020489e-05, 8.20399964141e-06, 1.71766369021e-05, 3.75095551135e-05, 2.6442190574e-05, 1.45857757161e-05, 2.57690817307e-06, 1.1581561921e-05, 2.3079885068e-05, 9.23669722397e-06, 4.43799808636e-06, 2.05861360882e-05, 6.93278570907e-06, 7.42373595131e-06, 8.05477611721e-06, 2.13571320273e-06, 4.64429786007e-06, 0, 2.09478434954e-06, 2.26359497901e-06, 4.88486284667e-06, 8.88150316314e-06, 5.06123660671e-06, 1.45029171108e-05, 3.92606561945e-05, 1.66018271557e-05, 3.65101618627e-06, 6.6434921564e-07, 9.07480534806e-06, 9.26309076021e-06], "dvar2": [0.112150453031, 0.0987960621715, 0.10746050626, 0.111081346869, 0.111192435026, 0.097317956388, 0.111559636891, 0.118627533317, 0.126837253571, 0.121609941125, 0.109356664121, 0.0912929922342, 0.096344307065, 0.0893218889832, 0.0903150886297, 0.0949861779809, 0.089294500649, 0.0873534679413, 0.0821502879262, 0.0723694637418, 0.0850984826684, 0.0971711203456, 0.0991960987449, 0.118601769209, 0.109987847507, 0.105172209442, 0.0909688025713, 0.0842624530196, 0.0823117271066, 0.0965923815966, 0.0995453819633, 0.0955428257585, 0.0981720015407, 0.0999858006835, 0.115072831511, 0.115036375821], "dvar": [0.0451473034918, 0.0365431122482, 0.0393436588347, 0.0428089536726, 0.0412329062819, 0.0356365032494, 0.0405498929322, 0.0434275232255, 0.0478672832251, 0.0500564351678, 0.0405107177794, 0.0336700603366, 0.0350631549954, 0.0324494279921, 0.03363577649, 0.0382236614823, 0.0329806208611, 0.0307779796422, 0.0284706745297, 0.0256644748151, 0.0308126583695, 0.0356188081205, 0.0361196249723, 0.0442006364465, 0.0442476756871, 0.0395288206637, 0.0329613983631, 0.0300066675991, 0.0297463461757, 0.0350189097226, 0.0379471927881, 0.0343818441033, 0.0362039282918, 0.0384442023933, 0.0417993552983, 0.0427973121405], "dmean": [0.154864683747, 0.142060980201, 0.133489996195, 0.130784109235, 0.125076815486, 0.115310013294, 0.120745785534, 0.148519143462, 0.189406767488, 0.182633668184, 0.163106635213, 0.110685192049, 0.1014457196, 0.100361719728, 0.110386863351, 0.119720421731, 0.109342738986, 0.0960004404187, 0.0899970307946, 0.0875739380717, 0.105986870825, 0.120802938938, 0.128099665046, 0.158694431186, 0.158372491598, 0.145848706365, 0.105613000691, 0.0902762711048, 0.0912013053894, 0.115639552474, 0.12809677422, 0.118510261178, 0.110354907811, 0.119285568595, 0.136324718595, 0.152367159724], "max": [1, 1, 1, 1, 1, 1, 1, 1, 1, 1, 1, 1, 1, 1, 1, 1, 1, 1, 1, 1, 1, 1, 1, 1, 1, 1, 1, 1, 1, 1, 1, 1, 1, 1, 1, 1], "var": [0.115606941283, 0.0632159337401, 0.0599686950445, 0.0846823006868, 0.0643781498075, 0.0533514134586, 0.0612480007112, 0.061460159719, 0.0885175317526, 0.133880466223, 0.0644173324108, 0.0518733672798, 0.053867649287, 0.0531404837966, 0.0581472627819, 0.0735736265779, 0.0510287284851, 0.0442217551172, 0.0422361418605, 0.0399778932333, 0.0458625219762, 0.054224960506, 0.0509492568672, 0.0780046284199, 0.110533520579, 0.0650033280253, 0.0471810735762, 0.0432378090918, 0.0438878647983, 0.0537069663405, 0.0706420093775, 0.049674231559, 0.0532916560769, 0.0645093694329, 0.0608261935413, 0.0779902413487], "mean": [0.303253173828, 0.222959399223, 0.18659581244, 0.203736186028, 0.172136083245, 0.151329949498, 0.153284281492, 0.172821804881, 0.319054692984, 0.411119580269, 0.258280098438, 0.134084478021, 0.129740893841, 0.13150523603, 0.156610056758, 0.179909646511, 0.149306938052, 0.123380966485, 0.116867773235, 0.112367816269, 0.144396081567, 0.165264800191, 0.160769045353, 0.246628046036, 0.312470793724, 0.21687066555, 0.126700982451, 0.112639173865, 0.113845460117, 0.160114645958, 0.197120040655, 0.156964242458, 0.13803614676, 0.158433139324, 0.16362811625, 0.24196690321]}, "tuning_equal_tempered_deviation": 0.0526403039694, "chords_changes_rate": 0.0832390487194, "key_key": "F", "tuning_diatonic_strength": 0.64351183176, "key_scale": "major", "chords_number_rate": 0.00258606765419, "tuning_frequency": 441.527557373, "tuning_nontempered_energy_ratio": 0.713187992573, "chords_histogram": [39.356716156, 7.1440114975, 8.06529808044, 0.95361238718, 2.66688227654, 0.48488765955, 0.727331519127, 0.355584293604, 5.02666902542, 1.85873603821, 2.00420236588, 0.436398893595, 0.129303380847, 0.517213523388, 1.45466303825, 1.30919671059, 1.06675291061, 8.17843818665, 1.5839663744, 0.95361238718, 1.47082591057, 3.11944389343, 9.3583316803, 1.77792143822], "key_strength": 0.838168263435, "chords_key": "F", "chords_strength": {"dmean2": 0.0134180774912, "median": 0.527796208858, "min": 0.193456664681, "dvar2": 0.000275799218798, "dvar": 0.000150005143951, "dmean": 0.012031134218, "max": 0.76285815239, "var": 0.011410895735, "mean": 0.513889312744}, "chords_scale": "major", "hpcp_entropy": {"dmean2": 0.984015226364, "median": 2.01589035988, "min": 0.0371021702886, "dvar2": 0.694535017014, "dvar": 0.272608727217, "dmean": 0.588890969753, "max": 4.66280984879, "var": 0.925387382507, "mean": 2.11576986313}}, "metadata": {"audio_properties": {"equal_loudness": 0, "codec": "mp3", "downmix": "mix", "sample_rate": 44100, "analysis_sample_rate": 44100, "bit_rate": 192000, "md5_encoded": "fd47d8e584bd8bb9054637fadc1858ec", "length": 287.242462158, "replay_gain": -11.9558143616, "lossless": false}, "version": {"essentia_build_sha": "2d9f1f26377add8aeb1075a9c2973f962c4f09fd", "essentia": "2.1-beta2", "extractor": "music 1.0", "essentia_git_sha": "v2.1_beta2-1-ge3940c0"}, "tags": {"title": ["Revoluzzer"], "barcode": ["828767371825"], "media": ["(CD)"], "albumartist": ["Konstantin Wecker"], "length": ["287293"], "musicbrainz_recordingid": ["1793826e-f94e-435f-a305-87c196f531e3"], "musicbrainz_albumartistid": ["4e1d5be7-6736-4af3-8ac8-619fabc57818"], "discnumber": ["01/02"], "album": ["Am Flu\u00dfufer"], "musicbrainz album type": ["Album", "Live"], "musicbrainz album status": ["Official"], "file_name": "02. Revoluzzer_4-47.mp3", "acoustid_fingerprint": ["AQADtEmUcUmSLEmSYMpyK1Czz3iO6oF_VIqEU2rwP-h1oXGyVGjGDJFuHeeDH8z0ovlxTsibDvqRj2h2lEtu3AsunBc6ZDoDRj76wlxo7BAt_DzyHEfL446F56gWpCMD7asQtTr-hDjR50GpU3h2ZfiOU8GUD9UR50FyfWiPZtvxJVRxXEcTySTi6EmQfD-2UIV_hKS0RcTzVLh-MM_R1LiSNDFmPyOiLdGNiExyqDlyDc-DG2XqGmGmpsMTKYFyfIF-PFEqNA36vNApiYiVU-CyhBu8ZCyLX3heOA4rfFmIpCSFPCyaJ0e9Im4ONVu2FFnysTiPSznSP0FyhcTJEH3y49IDxzJyI5mE5rmC5jn6Ge2INP6hKT8OXXGOMFeC5zJcKSf8g2utoEm0RGFyvMgeaOGH0AuNf6j-BM-LS1IuPEq0By4t4cGR7IgDTjl-1D_89uiTGHsp4zy-Izlyp3jIoaKyb2j24MeXHaGoL1DGZUau4xKuVMFFovkR6yTGJQkb6NIRBj2-B99s5FqMJg605RUe5hKEwGcs_BbyRAlEj9KRCzuPRhMToVzyDV8uISSzFOKPWEeWnQy-KTHqPyh05cR-XH5CaEk6HWV_5Ip23M7xp7gT4SHSLMV9KFTzBKGysWhwKSx-bWAUNHEPXkdzBj2FXcEd5XASSsEpoX-EBg8RJ8Tjw-nxFPEV4omPRz-mzzB6iQjZxUgWHj8eBo4THU-HbsrRnA9GPZGQp44gNklc5PzQV2iqoKThmMbjBzPbIdQhZ9ODMPxR6ccVDx-zHBcqdaAkKkUlJReyf0JyGs2eFtWGSw8cRorxfCH-I80mJRz0HFMaBU_24ISOPDq-S9gmX_AXoaK84Tm6kMeXG0di80YYOTouWcR33Ed_ND7eE4d3nCPiaoF0_Th-4e2ItznaCy4P5tyEPiKaeEmNpwifD8204ceL8MHHovrxo_myo8uP8MV-pGNx_GtxfCjVIz9ONBamGyfyoN8h8QfyEz714kEOH4d--DhuHCYOXCR-XLiRzyD840UuwTdewT909EcPJqIy_B-eo8_xEDE_vMc4DuHxF-VeuNAl7UF_FbmUDR8PJ9vxp_iR10VzaH-Q4wya6WiXyMdFcojzCslPvMd1CZ9u1FOMxke-6NAv5EfDiDTKacG_IVYuaFG0BeGToaJO-BH64LikI8yiS4PuKviFh1AbHj8RSkd72Aj_45yg5TrRpxNydSglBl6yyAifJ8WFvtCS4-FRRtmhJXR83PCjQz-D70N-Cv3hiDrOFJUz4jjy8NC65AiTF29U4R--SGjXIx201_iUK8hfoamPMi0qHWks4VtwPoKrQ-MtVDu8Z8Op4zwuUUfCTjqeYs_BH801HGcChjfSI8mPPhl-4Rf-Cf1nOHcRS4efwBzJoeKUHH0CX6fwEJ5-iEd8NP_w6Dhe_Dc-nEfyhUOOc9guPBmYvUdzcBxyiSH0nELfOGjyC_KOW0LTKTlypYN_fDnywBGJKk-PPwnOo2GPUsrxxJhuiFWQPscJLwsflDxRS0bTSHgqdvgPI8eP6UzRdMGzK2Ay00Roo13Go2QexKSy4WSMirxAjQde4g_-4gmDrYtsaP9GXMZFOEqs4lmOK5GNP0GYC8WNJ2kcXDr65USYB3pCxFQelOvTwEo-VFSOj0dfEie2Bx6JalWGd1Al4cL5oH3wMZnh0JgU__jxHNcbfAn8Dn9wbE1yxObBRAq0p8d-1DvyKbA6Hb12_MNFnLrQbCkqvniPO19x5bAjIUGw4-rhpA94Z9hT4xdOiC9uXMlkOGWJK_iPvhp8HqkeJDtxfMd34zlq_zh1uBaR8PkR3vgdXEU_HT6cUdmSoOekYQ_CHwlfMJ8cXAeOZlk8BSElxoEeukOf4jqeDMeVHBc0RruK54nQVEefvbh2aE54XDty3Dgq58JzYWp2odkVRD90nE-GS_rQVKE0lNgDOS2FMFzI5Ki06Mee4n0QKS8U8ccznHYwxT7648N948fbOEHn6dDy4MeNfkHDP_gDzXqx6Wi4g9MDXQzmaSoaRswRSkzQI1X54lvgNDpyXP3hJzD3HNeH-zjRE-FDHqLDI_yxp8T5BV8NftvR_Ecf_EVlBnknLoIuhB_64q4MaxtOEdVzfEpB5DWuEPqWB41YG-ET5TiVY2h2mAtqMcUnBy4TBMkv_BfcK3gYVnh8VOIP57iyI8wXJFV3-DyeYyQahUmCW-bQFDmR_BWw-2heVE505NETqErC48adskjsxTgH_7iGS1-CKtPhC3_QXAX0a8OTPEPJB-6PakefF241TM-JTpkEn8eF7dmJWlkalFEOa3hmJFeN_MYPx0FJpsajqsJ19GhOJH2DJ8iF5pJ0VMfDDdcxXwnyGupzhEmaoz_xr5iyT3hy4XLhF33GHfmDZE9-uNLxH3_g_UEb6biWDGltPDSuo_YRKXiE62gWhQ_KOxzCw7mPpFkT-Cx64xe-PEIbZceUkRmSr0W-ZUfV8LAi5yiz480R2ocWJUmYCvmD6kfzZ7iU4-GRZzk0XkX6BH3wJDue6agQ5rgO_d1wRUf4Gw-XoX-CSzrq1EQ6MqicAxeRyylCJ2geZdB0hJFz4zmDUXKDVj887pjkBOHNHNrmI8YvfDkOT8mRK9B9_AnO49uDF_qH8Eez4riNrt_hODmORzfOIyH5BHl2uCJxZ0GYpA_Ox9DTHNH9oXmYYZKlB3-RHN94xA0N18FzXIuKME5YAECUMEAQIYQBQBiClCIOIOEYAcAjAYwWCBhHoERKEQGEU0AQ4SACwgEjoENSIICIQIAQAoBgQAFNGcFIa0SIQEgQxoBQEjgAASHACCIEUAAAggAxggBMEGECIAGkEMQBAggBBIDHGIFCAAEEB1CAowATygiiCHEMGQIMR0IZRwAgQhBjEAIIIQUAEEIYA4QAggAEiABCIUEYAsIApQCjRjACFAXAEESk4gRSoggAggjEgDEMCCcUEswAgwRgQggCkVLAGsiMAkIJgIQBBBEFDBOWAOMoAUBMQABARBAggAVKMIEEFUYAADQSgIRCnAMMDCiMQgBQhhwFQlxnhVSKCOEMswIRMJACAElCjALCCSQgAAgQIAARiCEilFgAAEOAQsQYwgxTQBGkGDBCSWIAQYYpASRTABCBgAMIDDAEABQgYoghQCAhCEhAGKEUUkIQJBxAQigEBFACAKQUMAwwZoQSFiDlDAIACEWFBUIAJaQQRoBlBCBIIA-ANwIIAIAhDgCHBKGEAEeIkhQCZEQQAABiqRIKCCGMdAQyg4RwUCgEDKiEGAIEVEAYJwhDQhHCCDDSIEKUAU5wZBRAiCAAGDMEICYQIBAAgBQQhGFAEjJIGEQMoY4YIwgAgiEALDAIIEEIcxQgwYxAllFniGDGCMEUIQgCRpAiAAGiABEECGCQAMgYAgggRjgEBGDAEAAUQwIAQgRA0hMAAALACQSUAEYiQwAgQAADoBGACEAIUhQAIRhgWgkAAGFCIUO8IAIBRwHwQDgBBHASAgYcMUABCQAQSBhAFEFAAcEAMYwAojBBigCEDADEIYaQEVAQA4hyCAhhEABIACIEFUAAxgRizAhhhQEGKWKEMkQIJQgQUggDGFBEICUVYkB4KAhAxAhCAEAUCmEMA0gIIBhRxjBrAASECSSYIUZYJIBgjBBGjACGEAIEQUAIJBAjCA"], "date": ["2005"], "genre": ["Liedermacher"], "originalalbum": ["Wecker"], "musicbrainz_artistid": ["4e1d5be7-6736-4af3-8ac8-619fabc57818"], "originaldate": ["1982"], "musicbrainz_albumid": ["a4aec4e6-03fe-4c0f-a98f-f856f7c37b51"], "artist": ["Konstantin Wecker"], "artistsort": ["Konstantin Wecker"], "language": ["ger"], "tracknumber": ["02/32"], "musicbrainz album release country": ["DE"], "albumartistsort": ["Konstantin Wecker"], "acoustid_id": ["1dee1851-7e57-4e59-89c8-386542b6db84"], "script": ["Latin"], "musicbrainz_releasegroupid": ["fe41c14f-d49c-4c5d-9fbc-aa1d2e189376"]}}, "rhythm": {"bpm_histogram_first_peak_bpm": {"dmean2": 0, "median": 115, "min": 115, "dvar2": 0, "dvar": 0, "dmean": 0, "max": 115, "var": 0, "mean": 115}, "bpm": 115.332511902, "bpm_histogram_second_peak_spread": {"dmean2": 0, "median": 0.219178080559, "min": 0.219178080559, "dvar2": 0, "dvar": 0, "dmean": 0, "max": 0.219178080559, "var": 0, "mean": 0.219178080559}, "bpm_histogram_first_peak_weight": {"dmean2": 0, "median": 0.230088502169, "min": 0.230088502169, "dvar2": 0, "dvar": 0, "dmean": 0, "max": 0.230088502169, "var": 0, "mean": 0.230088502169}, "onset_rate": 3.32806444168, "beats_position": [0.580498874187, 1.18421769142, 1.77632653713, 2.38004541397, 3.03020405769, 3.68036270142, 4.31891155243, 4.99229001999, 5.66566896439, 6.26938772202, 6.87310647964, 7.47682523727, 8.10376358032, 8.71909236908, 9.4040813446, 10.1006803513, 10.7972784042, 11.4938774109, 12.1672563553, 12.8290243149, 13.4559631348, 14.0712919235, 14.6866207123, 15.3135595322, 15.9288883209, 16.5326080322, 17.1479358673, 17.7516555786, 18.3089332581, 18.877822876, 19.458322525, 20.0504302979, 20.6309299469, 21.1882076263, 21.7454872131, 22.3027667999, 22.8484344482, 23.3941040039, 23.9281635284, 24.4506111145, 24.984670639, 25.4722900391, 25.9715194702, 26.470746994, 26.9699764252, 27.4692058563, 27.9800453186, 28.5605430603, 29.1410427094, 29.7215423584, 30.2788200378, 30.8360996246, 31.4049873352, 31.9738769531, 32.5311546326, 33.204536438, 33.8779144287, 34.5512924194, 35.2246704102, 35.8864402771, 36.5598182678, 37.151927948, 37.6975975037, 38.2548751831, 38.7424926758, 39.2417221069, 39.7409515381, 40.2401809692, 40.7394104004, 41.2386398315, 41.7378692627, 42.2370948792, 42.7363243103, 43.1658935547, 43.6070747375, 44.0366439819, 44.5823135376, 45.1279792786, 45.6736488342, 46.2309303284, 46.7882080078, 47.3454856873, 47.9027671814, 48.4368247986, 48.9708824158, 49.5049438477, 50.0390014648, 50.5614509583, 51.0839004517, 51.6295700073, 52.152015686, 52.6744651794, 53.1969146729, 53.7077522278, 54.2185935974, 54.7294311523, 55.240272522, 55.7627182007, 56.2851676941, 56.819229126, 57.3532867432, 57.8989562988, 58.4214057922, 58.9438552856, 59.4779129028, 60.01197052, 60.5344200134, 61.0568695068, 61.5793190002, 62.0785484314, 62.6009979248, 63.1118354797, 63.6342849731, 64.1567306519, 64.6675720215, 65.1784133911, 65.6892471313, 66.200088501, 66.7109298706, 67.2217712402, 67.7326049805, 68.2434463501, 68.7542877197, 69.26512146, 69.7875747681, 70.2635803223, 70.7511978149, 71.2272109985, 71.6800003052, 72.1444015503, 72.5971832275, 73.0499725342, 73.5143737793, 73.9787750244, 74.5012207031, 75.0236740112, 75.5577316284, 76.0917892456, 76.6258468628, 77.1715164185, 77.6707458496, 78.1699752808, 78.6808166504, 79.1800460815, 79.6908798218, 80.2017211914, 80.712562561, 81.2117919922, 81.7110214233, 82.2218551636, 82.7210845947, 83.2319259644, 83.742767334, 84.2419967651, 84.7296142578, 85.2520599365, 85.7745132446, 86.2737426758, 86.784576416, 87.2838058472, 87.7714233398, 88.270652771, 88.7698822021, 89.2575073242, 89.7567367554, 90.2559585571, 90.7435836792, 91.2312011719, 91.7188186646, 92.2296600342, 92.7521057129, 93.2629470825, 93.7853927612, 94.2962341309, 94.795463562, 95.3063049316, 95.8055343628, 96.316368103, 96.8272094727, 97.3264389038, 97.825668335, 98.3248977661, 98.8241271973, 99.3349609375, 99.8574142456, 100.379859924, 100.890701294, 101.401542664, 101.935600281, 102.458045959, 102.980499268, 103.502944946, 104.025398254, 104.547843933, 105.08190155, 105.604354858, 106.138412476, 106.684082031, 107.218139648, 107.763809204, 108.297866821, 108.8203125, 109.342765808, 109.865211487, 110.387664795, 110.910110474, 111.432563782, 111.95500946, 112.477455139, 112.988296509, 113.499137878, 114.009971619, 114.50920105, 115.008430481, 115.519271851, 116.006889343, 116.506118774, 117.005348206, 117.492965698, 117.98059082, 118.468208313, 118.944213867, 119.420227051, 119.896232605, 120.372245789, 120.848251343, 121.324264526, 121.788658142, 122.287887573, 122.787117004, 123.297958374, 123.808792114, 124.308021545, 124.818862915, 125.294876099, 125.782493591, 126.316551208, 126.827392578, 127.338226318, 127.82585144, 128.301864624, 128.777862549, 129.265487671, 129.706665039, 130.159454346, 130.589019775, 131.030197144, 131.471374512, 131.9009552, 132.318908691, 132.748474121, 133.166442871, 133.584396362, 134.106842041, 134.62928772, 135.151748657, 135.697418213, 136.254684448, 136.811965942, 137.357635498, 137.914916992, 138.437362671, 138.971420288, 139.482269287, 139.993103027, 140.503936768, 141.014785767, 141.525619507, 142.036453247, 142.558914185, 143.069747925, 143.592193604, 144.114639282, 144.63710022, 145.159545898, 145.681991577, 146.192825317, 146.703674316, 147.226119995, 147.736953735, 148.259414673, 148.781860352, 149.30430603, 149.838363647, 150.349197388, 150.848434448, 151.359268188, 151.870117188, 152.380950928, 152.880172729, 153.391021729, 153.901855469, 154.424301147, 154.946762085, 155.457595825, 155.968429565, 156.479278564, 156.990112305, 157.500946045, 158.023391724, 158.545852661, 159.079910278, 159.602355957, 160.124801636, 160.647247314, 161.169708252, 161.692153931, 162.214599609, 162.737045288, 163.247894287, 163.781951904, 164.304397583, 164.8384552, 165.372512817, 165.894958496, 166.417419434, 166.928253174, 167.439086914, 167.949935913, 168.472381592, 168.994827271, 169.505661011, 170.01651001, 170.52734375, 171.03817749, 171.549026489, 172.059860229, 172.582305908, 173.104751587, 173.615600586, 174.126434326, 174.648880005, 175.171340942, 175.70539856, 176.239456177, 176.761901855, 177.272735596, 177.795196533, 178.317642212, 178.828475952, 179.350921631, 179.873382568, 180.395828247, 180.929885864, 181.452331543, 181.974777222, 182.4972229, 183.019683838, 183.542129517, 184.064575195, 184.575408936, 185.097869873, 185.608703613, 186.14276123, 186.665206909, 187.199264526, 187.721725464, 188.244171143, 188.766616821, 189.2890625, 189.799911499, 190.322357178, 190.844802856, 191.367248535, 191.889694214, 192.400543213, 192.911376953, 193.433822632, 193.956283569, 194.46711731, 194.97795105, 195.488800049, 196.011245728, 196.533691406, 197.044525146, 197.555374146, 198.077819824, 198.600265503, 199.111114502, 199.633560181, 200.156005859, 200.6668396, 201.200897217, 201.723358154, 202.222579956, 202.733413696, 203.244262695, 203.755096436, 204.265930176, 204.765167236, 205.264389038, 205.775238037, 206.286071777, 206.796905518, 207.307754517, 207.818588257, 208.329421997, 208.840270996, 209.351104736, 209.861953735, 210.361175537, 210.860397339, 211.371246338, 211.882080078, 212.392913818, 212.903762817, 213.426208496, 213.937042236, 214.447891235, 214.970336914, 215.492782593, 216.015228271, 216.549285889, 217.071746826, 217.594192505, 218.105026245, 218.627471924, 219.138320923, 219.660766602, 220.18321228, 220.705657959, 221.228118896, 221.738952637, 222.261398315, 222.783843994, 223.283081055, 223.793914795, 224.304763794, 224.803985596, 225.303222656, 225.802444458, 226.30166626, 226.812515259, 227.323348999, 227.857406616, 228.379852295, 228.902313232, 229.43637085, 229.958816528, 230.481262207, 231.003707886, 231.526168823, 232.037002563, 232.559448242, 233.081893921, 233.615966797, 234.150024414, 234.672470093, 235.194915771, 235.71736145, 236.239807129, 236.785476685, 237.33114624, 237.946487427, 238.561813354, 239.188751221, 239.79246521, 240.407791138, 241.011520386, 241.603622437, 242.207336426, 242.741394043, 243.275466919, 243.855957031, 244.436462402, 245.016952515, 245.574234009, 246.131515503, 246.677185059, 247.118362427, 247.547927856, 247.977508545, 248.383850098, 248.790206909, 249.2081604, 249.626113892, 249.986022949, 250.357543945, 250.717453003, 251.088973999, 251.530151367, 251.959716797, 252.377685547, 252.888519287, 253.399353027, 253.910202026, 254.409423828, 254.920272827, 255.431106567, 255.930328369, 256.441162109, 256.952026367, 257.45123291, 257.950469971, 258.449707031, 258.948944092, 259.459777832, 259.982208252, 260.446624756, 260.922637939, 261.375427246, 261.828216553, 262.281005859, 262.733795166, 263.186584473, 263.639373779, 264.103759766, 264.568145752, 265.032562256, 265.485351563, 265.949737549, 266.390930176, 266.820495605, 267.250061035, 267.621582031, 267.993103027, 268.376220703, 268.759368896, 269.142486572, 269.525604248, 269.908752441, 270.291870117, 270.663391113, 271.034912109, 271.406433105, 271.777954102, 272.149475098, 272.520996094, 272.89251709, 273.264038086, 273.635559082, 274.007080078, 274.378601074, 274.738494873, 275.110015869, 275.469940186, 275.829833984, 276.20135498, 276.561279297, 276.921173096, 277.281097412, 277.640991211, 278.012512207, 278.384033203, 278.755554199, 279.127075195, 279.498596191, 279.870117188, 280.241638184, 280.61315918, 280.984680176, 281.356170654, 281.72769165, 282.099212646, 282.470733643, 282.842254639, 283.202178955, 283.562072754, 283.92199707, 284.293518066, 284.653411865, 285.013336182, 285.37322998, 285.744750977, 286.104675293, 286.464569092], "beats_loudness": {"dmean2": 0.0262790564448, "median": 0.0135357622057, "min": 7.33439549094e-07, "dvar2": 0.000830081407912, "dvar": 0.000311664392939, "dmean": 0.0156662147492, "max": 0.126166939735, "var": 0.000582506123465, "mean": 0.0217803455889}, "danceability": 0.999145627022, "bpm_histogram_second_peak_weight": {"dmean2": 0, "median": 0.100884959102, "min": 0.100884959102, "dvar2": 0, "dvar": 0, "dmean": 0, "max": 0.100884959102, "var": 0, "mean": 0.100884959102}, "beats_count": 566, "bpm_histogram_second_peak_bpm": {"dmean2": 0, "median": 120, "min": 120, "dvar2": 0, "dvar": 0, "dmean": 0, "max": 120, "var": 0, "mean": 120}, "bpm_histogram_first_peak_spread": {"dmean2": 0, "median": 0.554794490337, "min": 0.554794490337, "dvar2": 0, "dvar": 0, "dmean": 0, "max": 0.554794490337, "var": 0, "mean": 0.554794490337}, "beats_loudness_band_ratio": {"dmean2": [0.310542792082, 0.259788095951, 0.306000769138, 0.141511052847, 0.109457843006, 0.0893526896834], "median": [0.226136788726, 0.165189698339, 0.20953130722, 0.0831802934408, 0.041186593473, 0.0111189959571], "min": [0.000171345294802, 0.00250600650907, 0.000520328176208, 0.000144543606439, 5.27586234966e-05, 3.76176831196e-05], "dvar2": [0.0941056832671, 0.0675843209028, 0.0814467072487, 0.0254620313644, 0.0162686780095, 0.0710014328361], "dvar": [0.0333359017968, 0.0237373691052, 0.0291304904968, 0.00955926068127, 0.00605726148933, 0.0227467101067], "dmean": [0.183867871761, 0.148048400879, 0.176507085562, 0.0817901343107, 0.063957683742, 0.048179037869], "max": [0.970346868038, 0.922382295132, 0.879906415939, 0.677933931351, 0.66756016016, 0.987247109413], "var": [0.0660004243255, 0.0334346368909, 0.0478552766144, 0.0178548693657, 0.0246030632406, 0.0142622990534], "mean": [0.285697281361, 0.210993915796, 0.26622530818, 0.130692690611, 0.115370124578, 0.0422563031316]}}, "lowlevel": {"barkbands_spread": {"dmean2": 7.23384809494, "median": 11.8833389282, "min": 0.416815698147, "dvar2": 170.819137573, "dvar": 73.0231246948, "dmean": 4.55461740494, "max": 108.497413635, "var": 145.38848877, "mean": 14.7466239929}, "melbands_spread": {"dmean2": 10.8432893753, "median": 15.0100021362, "min": 0.512579917908, "dvar2": 559.613220215, "dvar": 253.061157227, "dmean": 6.93151187897, "max": 276.019226074, "var": 464.795898438, "mean": 20.0594921112}, "hfc": {"dmean2": 4.58397626877, "median": 3.72081780434, "min": 1.37764004648e-06, "dvar2": 98.8461990356, "dvar": 52.6768836975, "dmean": 3.39205169678, "max": 243.47706604, "var": 225.446273804, "mean": 9.52767372131}, "barkbands_kurtosis": {"dmean2": 4.88517475128, "median": 2.01996231079, "min": -1.9236907959, "dvar2": 93.9534835815, "dvar": 41.0063171387, "dmean": 3.09362411499, "max": 228.052947998, "var": 84.091758728, "mean": 4.7988114357}, "gfcc": {"mean": [-116.712234497, 128.633087158, -133.432525635, 14.6836204529, -53.5837020874, -1.92448842525, -39.7226486206, 2.33069038391, -18.9219150543, -8.71413135529, -11.5034742355, -4.04952383041, -13.6234874725], "icov": [[0.000162977055879, -0.000286737078568, 0.000249709264608, -0.000322197272908, 0.000317532074405, -0.000250601908192, 0.000218158427742, -0.000495728629176, 0.000123906487715, -0.000236732463236, 0.000250957760727, -0.000258777145064, 0.000213389663259], [-0.000286737078568, 0.00182296894491, -0.00133329629898, 0.00130496709608, -0.00172116351314, 0.00170424429234, -0.00137871527113, 0.00116379058454, -0.00135416444391, 0.00184739101678, -0.00219095661305, 0.00174502900336, -0.00119329360314], [0.000249709264608, -0.00133329629898, 0.00182637630496, -0.00153872859664, 0.00119626929518, -0.00174706452526, 0.00145580503158, -0.00116350362077, 0.0015485973563, -0.00118187104817, 0.000998637638986, -0.0011520535918, 0.000512478232849], [-0.000322197272908, 0.00130496709608, -0.00153872859664, 0.00382871972397, -0.000923363375477, 0.00141828553751, -0.00129945459776, 0.0011023376137, -0.0019507096149, 0.000869696319569, -0.000593486009166, 0.00135832617525, -0.00124046532437], [0.000317532074405, -0.00172116351314, 0.00119626929518, -0.000923363375477, 0.00429382873699, -0.00138324068394, 0.000569354917388, -0.00154036493041, 0.000475493900012, -0.00234009162523, 0.00232672248967, -0.00106319470797, -0.000490365666337], [-0.000250601908192, 0.00170424429234, -0.00174706452526, 0.00141828553751, -0.00138324068394, 0.00504973111674, -0.00150128582027, 0.000364265928511, -0.00100987788755, -9.75983130047e-05, -0.000870387477335, 0.000262824818492, -0.000892729323823], [0.000218158427742, -0.00137871527113, 0.00145580503158, -0.00129945459776, 0.000569354917388, -0.00150128582027, 0.00440641213208, -0.000441659009084, 0.00117110495921, -0.0012423733715, 0.000465187913505, -0.000178917471203, -0.000684936123434], [-0.000495728629176, 0.00116379058454, -0.00116350362077, 0.0011023376137, -0.00154036493041, 0.000364265928511, -0.000441659009084, 0.00730363558978, -0.000649559893645, 0.000630902126431, -0.001091397251, -4.78484944324e-05, 0.0014602758456], [0.000123906487715, -0.00135416444391, 0.0015485973563, -0.0019507096149, 0.000475493900012, -0.00100987788755, 0.00117110495921, -0.000649559893645, 0.00847890228033, -0.000787777593359, 0.000194273292436, -0.000567503040656, 0.000441941811005], [-0.000236732463236, 0.00184739101678, -0.00118187104817, 0.000869696319569, -0.00234009162523, -9.75983130047e-05, -0.0012423733715, 0.000630902126431, -0.000787777593359, 0.00847783684731, -0.00177982705645, 0.00265451939777, -0.00165560876485], [0.000250957760727, -0.00219095661305, 0.000998637638986, -0.000593486009166, 0.00232672248967, -0.000870387477335, 0.000465187913505, -0.001091397251, 0.000194273292436, -0.00177982705645, 0.0112298512831, -0.00241646054201, 0.00191745976917], [-0.000258777145064, 0.00174502900336, -0.0011520535918, 0.00135832617525, -0.00106319470797, 0.000262824818492, -0.000178917471203, -4.78484944324e-05, -0.000567503040656, 0.00265451939777, -0.00241646054201, 0.0116891553625, -0.00253950455226], [0.000213389663259, -0.00119329360314, 0.000512478232849, -0.00124046532437, -0.000490365666337, -0.000892729323823, -0.000684936123434, 0.0014602758456, 0.000441941811005, -0.00165560876485, 0.00191745976917, -0.00253950455226, 0.0124686267227]], "cov": [[10631.2773438, 755.652832031, -114.269767761, 358.488677979, -279.492431641, -20.6419353485, -158.462387085, 527.125427246, 147.165924072, -78.7725906372, 77.4793395996, 48.5484008789, -169.876907349], [755.652832031, 4927.51513672, 42.3738212585, -147.568603516, 823.942687988, -871.479003906, 788.899841309, -371.660125732, 363.321289063, -382.84085083, 436.023681641, -332.437103271, 300.624938965], [-114.269767761, 42.3738212585, 1824.41418457, 271.614990234, -121.100776672, 368.498016357, -281.480865479, 154.925598145, -146.075836182, 85.1840057373, -20.0040569305, 82.0056610107, -17.6716537476], [358.488677979, -147.568603516, 271.614990234, 441.72543335, -20.6533584595, 36.3246688843, -1.21410059929, 10.0364570618, 31.8199748993, 30.5063381195, -29.5226745605, -4.49090099335, 19.618724823], [-279.492431641, 823.942687988, -121.100776672, -20.6533584595, 538.538757324, -75.0939407349, 206.096252441, -51.5469055176, 74.247428894, 30.3545951843, 17.9106216431, -61.7121658325, 105.797294617], [-20.6419353485, -871.479003906, 368.498016357, 36.3246688843, -75.0939407349, 505.232635498, -119.854759216, 117.066589355, -86.0156707764, 138.492980957, -82.8765029907, 82.7843093872, -30.6124763489], [-158.462387085, 788.899841309, -281.480865479, -1.21410059929, 206.096252441, -119.854759216, 478.670196533, -105.867172241, 65.8331756592, -18.9300422668, 62.5643959045, -78.9740600586, 97.3253707886], [527.125427246, -371.660125732, 154.925598145, 10.0364570618, -51.5469055176, 117.066589355, -105.867172241, 233.975219727, -33.6365776062, 36.603263855, -24.5913410187, 45.712928772, -57.6783943176], [147.165924072, 363.321289063, -146.075836182, 31.8199748993, 74.247428894, -86.0156707764, 65.8331756592, -33.6365776062, 174.880218506, -28.6363048553, 35.7227287292, -31.9842567444, 23.7306785583], [-78.7725906372, -382.84085083, 85.1840057373, 30.5063381195, 30.3545951843, 138.492980957, -18.9300422668, 36.603263855, -28.6363048553, 200.933410645, -37.2632751465, 6.06048870087, 4.68566799164], [77.4793395996, 436.023681641, -20.0040569305, -29.5226745605, 17.9106216431, -82.8765029907, 62.5643959045, -24.5913410187, 35.7227287292, -37.2632751465, 146.35093689, -15.4876909256, 7.50091648102], [48.5484008789, -332.437103271, 82.0056610107, -4.49090099335, -61.7121658325, 82.7843093872, -78.9740600586, 45.712928772, -31.9842567444, 6.06048870087, -15.4876909256, 127.544769287, -12.358089447], [-169.876907349, 300.624938965, -17.6716537476, 19.618724823, 105.797294617, -30.6124763489, 97.3253707886, -57.6783943176, 23.7306785583, 4.68566799164, 7.50091648102, -12.358089447, 124.738609314]]}, "spectral_energyband_middle_low": {"dmean2": 0.00465446244925, "median": 0.00401563709602, "min": 6.04891050443e-12, "dvar2": 7.77820459916e-05, "dvar": 3.98833180952e-05, "dmean": 0.00322697916999, "max": 0.168338015676, "var": 0.000168214945006, "mean": 0.00891205389053}, "melbands_crest": {"dmean2": 4.90799474716, "median": 11.6125602722, "min": 2.44197297096, "dvar2": 21.3457183838, "dvar": 8.42750835419, "dmean": 2.98055720329, "max": 33.248714447, "var": 27.9954566956, "mean": 12.4705448151}, "spectral_kurtosis": {"dmean2": 8.38000297546, "median": 8.12950515747, "min": -1.30733466148, "dvar2": 115.845672607, "dvar": 42.0319786072, "dmean": 5.01374053955, "max": 129.033294678, "var": 109.758476257, "mean": 11.1477680206}, "spectral_rms": {"dmean2": 0.000739860290196, "median": 0.00272482587025, "min": 5.35166861937e-07, "dvar2": 9.2879776048e-07, "dvar": 4.95383005727e-07, "dmean": 0.000524089846294, "max": 0.0130292763934, "var": 4.77888897876e-06, "mean": 0.00308183534071}, "zerocrossingrate": {"dmean2": 0.0112035088241, "median": 0.03857421875, "min": 0.00390625, "dvar2": 0.000396869261749, "dvar": 0.000381114223273, "dmean": 0.00976890139282, "max": 0.4384765625, "var": 0.00218396796845, "mean": 0.0542429462075}, "silence_rate_60dB": {"dmean2": 0.08472109586, "median": 0, "min": 0, "dvar2": 0.0893599763513, "dvar": 0.0405683889985, "dmean": 0.0423571243882, "max": 1, "var": 0.215279683471, "mean": 0.313611388206}, "erbbands_kurtosis": {"dmean2": 2.06193852425, "median": 0.334054231644, "min": -1.86920177937, "dvar2": 17.7884635925, "dvar": 7.46392202377, "dmean": 1.30168759823, "max": 82.3973388672, "var": 12.6916208267, "mean": 1.22096121311}, "erbbands": {"dmean2": [0.0213531292975, 0.388165265322, 1.68828976154, 2.0298948288, 4.04978942871, 7.48958969116, 7.35476350784, 9.20818996429, 24.074382782, 26.7963943481, 25.1392688751, 20.5134277344, 11.0574512482, 10.8215417862, 11.6381092072, 10.9595918655, 11.172750473, 13.2211208344, 11.378663063, 12.475438118, 14.5698261261, 11.5932312012, 10.9850358963, 6.91688013077, 2.78111362457, 1.20923507214, 0.846153497696, 0.819931030273, 0.83986979723, 1.10972809792, 1.10492396355, 0.884271919727, 0.599497973919, 0.326343476772, 0.0998947322369, 0.0436925217509, 0.0104959560558, 0.00132080842741, 5.54464422748e-05, 9.4959332273e-06], "median": [0.00181933888234, 0.0459297262132, 0.373505532742, 0.797856330872, 1.49485683441, 2.7536482811, 2.46226072311, 3.15668487549, 5.09340620041, 5.81317901611, 4.03989458084, 4.05962514877, 2.8803062439, 4.58976650238, 3.67096138, 2.60960006714, 2.38924074173, 2.95001268387, 2.74201655388, 2.18689799309, 2.1160068512, 2.01840543747, 1.73697018623, 1.14655065536, 0.718035340309, 0.325506538153, 0.164112240076, 0.109070919454, 0.102448090911, 0.0818734914064, 0.0515745840967, 0.0321858674288, 0.0186463426799, 0.00908142887056, 0.00379163399339, 0.00174611900002, 0.000393258640543, 3.61804850399e-05, 7.74757063482e-06, 9.3641319836e-06], "min": [1.2351547736e-12, 6.47648731519e-12, 1.72178920427e-11, 1.27718044474e-10, 2.68426808558e-10, 4.1015368879e-10, 1.1159655422e-09, 1.16805520811e-09, 1.39135347688e-09, 1.54366421867e-08, 1.0034810316e-07, 3.17917496773e-08, 6.04094196888e-08, 3.64034178801e-07, 3.25642901089e-07, 1.37897973218e-06, 1.20457525554e-06, 1.7850468339e-06, 2.17614410758e-06, 4.69520728075e-07, 2.12051588733e-07, 6.0078508568e-07, 2.76622614592e-07, 4.20598780693e-07, 2.34101463548e-07, 5.36883362656e-07, 7.27387146071e-07, 5.05638411141e-07, 3.53855170943e-07, 4.56759522649e-07, 5.3996512861e-07, 2.15139536408e-07, 7.11815289378e-07, 2.24610673172e-07, 8.28424262522e-08, 5.9428590049e-08, 4.54364972313e-08, 1.03061443824e-08, 6.1928451256e-10, 6.2831483072e-11], "dvar2": [0.0038457068149, 1.32891666889, 24.7865200043, 21.4915428162, 81.7410049438, 298.251831055, 383.991882324, 684.588928223, 5395.64990234, 8145.30273438, 9727.53613281, 6484.97998047, 2151.58764648, 903.573730469, 1636.015625, 1780.0871582, 1655.13122559, 2368.56542969, 1836.1739502, 3963.12670898, 6635.80419922, 1724.38562012, 1619.21374512, 435.415527344, 82.3027877808, 14.8747282028, 12.0110864639, 12.3866767883, 17.4076366425, 44.6807556152, 53.2460594177, 32.01171875, 43.9818191528, 18.7477684021, 0.185214862227, 0.0368023179471, 0.00215196562931, 3.54499679815e-05, 1.19480688454e-07, 5.03936448126e-10], "dvar": [0.00145402888302, 0.456901580095, 9.14982891083, 8.76677799225, 32.5258178711, 114.91116333, 162.696228027, 302.344146729, 2483.81347656, 4083.58422852, 5162.34130859, 3429.18310547, 1055.17260742, 443.410552979, 859.974914551, 797.060546875, 732.003051758, 1002.42089844, 799.867675781, 1411.67590332, 2282.80541992, 908.470703125, 1042.91088867, 241.981170654, 40.3508796692, 6.87461805344, 5.35406398773, 6.22601556778, 9.71749401093, 23.7523384094, 27.8801212311, 16.0011806488, 21.0864429474, 10.5118665695, 0.0908351838589, 0.0157510135323, 0.000888881564606, 1.42175231304e-05, 4.53623911767e-08, 2.11531986372e-10], "dmean": [0.0129998335615, 0.226305752993, 1.00598573685, 1.28372704983, 2.5297062397, 4.56919145584, 4.75027227402, 5.87509298325, 15.3149261475, 18.1667289734, 17.5891075134, 14.5914125443, 7.76977682114, 7.32182168961, 8.03956413269, 7.19144582748, 7.21789979935, 8.47505283356, 7.29822540283, 7.74403095245, 9.03153705597, 8.58067417145, 8.4724521637, 5.05103635788, 1.96827018261, 0.823866128922, 0.567917943001, 0.559626758099, 0.58175265789, 0.77191054821, 0.755666077137, 0.628556013107, 0.425208538771, 0.23696988821, 0.0679455623031, 0.0289538335055, 0.00691854860634, 0.000850152806379, 3.39449907187e-05, 6.4717182795e-06], "max": [0.628702700138, 15.8926420212, 65.5783233643, 65.3073348999, 143.544815063, 259.147979736, 321.844818115, 623.934448242, 1237.36193848, 2004.69274902, 3669.83178711, 2028.42041016, 1037.77685547, 504.34753418, 1320.60803223, 938.393737793, 851.583374023, 1283.37487793, 756.370178223, 1456.4239502, 2229.15844727, 1052.40869141, 2051.6550293, 329.834686279, 200.544403076, 82.9856491089, 68.5461273193, 121.973709106, 241.574142456, 229.81048584, 232.047805786, 200.789474487, 295.779663086, 328.607757568, 11.9025774002, 3.55192136765, 0.691616177559, 0.0868729799986, 0.00662467675284, 0.000411378598073], "var": [0.00235742097721, 0.709932863712, 12.3474721909, 19.4314479828, 58.2644767761, 231.797439575, 417.841705322, 690.528869629, 5446.14013672, 10728.0693359, 14219.4648438, 8220.39453125, 1948.98803711, 1273.03173828, 1870.69360352, 1490.23693848, 1160.03747559, 1670.2088623, 1370.57141113, 1959.5612793, 2788.54418945, 2153.29736328, 3061.87329102, 594.501953125, 81.3632888794, 12.6099100113, 8.32731819153, 10.5201396942, 20.7419605255, 41.4743003845, 41.8120727539, 27.8190441132, 29.5583095551, 16.3081874847, 0.140674367547, 0.0185683909804, 0.000952336762566, 1.4294826542e-05, 4.00457551564e-08, 6.24018059447e-10], "mean": [0.0222448781133, 0.362387835979, 1.61396193504, 2.40400767326, 4.13959646225, 7.74873828888, 9.02495670319, 11.194018364, 27.5322608948, 33.1542663574, 30.6724510193, 26.5256290436, 14.0618028641, 16.5355434418, 14.7109441757, 12.1071624756, 10.6176948547, 13.145072937, 11.3213558197, 12.2214069366, 13.9397134781, 14.321606636, 14.6286764145, 9.04990291595, 3.54971194267, 1.41774427891, 0.890442430973, 0.771706938744, 0.855525135994, 1.05846583843, 0.993680357933, 0.816300213337, 0.51155513525, 0.275562256575, 0.0773491635919, 0.0310210119933, 0.00717368442565, 0.00086086941883, 3.73099719582e-05, 1.8411408746e-05]}, "spectral_strongpeak": {"dmean2": 0.670131266117, "median": 0.336612761021, "min": 0, "dvar2": 2.05479574203, "dvar": 0.802591502666, "dmean": 0.410688012838, "max": 32.6137695313, "var": 1.22814226151, "mean": 0.746038258076}, "spectral_energy": {"dmean2": 0.00678092380986, "median": 0.00761029310524, "min": 2.93563645615e-10, "dvar2": 0.000145483994856, "dvar": 7.15713540558e-05, "dmean": 0.00469640735537, "max": 0.174006104469, "var": 0.000361617887393, "mean": 0.0146335316822}, "average_loudness": 0.152405306697, "spectral_rolloff": {"dmean2": 712.350769043, "median": 904.39453125, "min": 107.666015625, "dvar2": 2492706.75, "dvar": 1235640.125, "dmean": 424.883148193, "max": 13953.515625, "var": 2685991.5, "mean": 1430.4453125}, "spectral_centroid": {"dmean2": 317.0809021, "median": 861.682739258, "min": 143.147994995, "dvar2": 257526.0625, "dvar": 146165.171875, "dmean": 212.507858276, "max": 11369.1142578, "var": 617877.5625, "mean": 1118.77514648}, "pitch_salience": {"dmean2": 0.103493191302, "median": 0.605404019356, "min": 0.107333302498, "dvar2": 0.00923982169479, "dvar": 0.00370169850066, "dmean": 0.0635281130672, "max": 0.903612852097, "var": 0.0156084261835, "mean": 0.605584740639}, "spectral_energyband_middle_high": {"dmean2": 0.00145615171641, "median": 0.000859291176312, "min": 1.68299776893e-10, "dvar2": 1.38147715916e-05, "dvar": 6.63923447064e-06, "dmean": 0.00105093757156, "max": 0.069434762001, "var": 2.42106962105e-05, "mean": 0.00264369044453}, "spectral_contrast_coeffs": {"dmean2": [0.0784890577197, 0.0729277580976, 0.0534512363374, 0.0480712577701, 0.0426570959389, 0.035301130265], "median": [-0.647525966167, -0.734256267548, -0.778164982796, -0.795134603977, -0.764584243298, -0.796113371849], "min": [-0.951430797577, -0.953340411186, -0.962450742722, -0.964681923389, -0.956761300564, -0.961240291595], "dvar2": [0.00418605050072, 0.00398653792217, 0.00201160088181, 0.00169226911385, 0.00177188299131, 0.00115488260053], "dvar": [0.00169116386678, 0.00178229925223, 0.000918509264011, 0.00073599681491, 0.00101508339867, 0.000572021061089], "dmean": [0.0482937544584, 0.0455001853406, 0.0337884165347, 0.0302272159606, 0.0289541073143, 0.0230071358383], "max": [-0.275574564934, -0.35977563262, -0.435042232275, -0.516338050365, -0.46218919754, -0.521006464958], "var": [0.00937174726278, 0.0100407311693, 0.00569959497079, 0.00388904102147, 0.00577325001359, 0.00405961088836], "mean": [-0.632932126522, -0.729465007782, -0.774180471897, -0.787999689579, -0.759334146976, -0.7807629704