{"tonal": {"thpcp": [1, 0.484768301249, 0.159112945199, 0.116366766393, 0.0979814976454, 0.20606790483, 0.283786594868, 0.225599899888, 0.264126926661, 0.300581157207, 0.194762587547, 0.21933722496, 0.332542747259, 0.395414590836, 0.548892855644, 0.513475477695, 0.241987124085, 0.17406269908, 0.213841319084, 0.190111771226, 0.282781869173, 0.368349075317, 0.236500039697, 0.197127282619, 0.277505576611, 0.238883048296, 0.315404444933, 0.494525313377, 0.544411480427, 0.585762262344, 0.520703196526, 0.312399625778, 0.243786722422, 0.282054960728, 0.350701540709, 0.803939700127], "hpcp": {"dmean2": [0.170508787036, 0.136659398675, 0.125190466642, 0.15230730176, 0.154796943069, 0.193606331944, 0.258496075869, 0.282341063023, 0.294185906649, 0.306680768728, 0.254845917225, 0.210004046559, 0.223227277398, 0.237166598439, 0.254354655743, 0.292758405209, 0.233379781246, 0.123885586858, 0.0787378922105, 0.0666686445475, 0.0951386168599, 0.114320650697, 0.118191994727, 0.160391971469, 0.153820455074, 0.124601006508, 0.13426104188, 0.194268658757, 0.238220646977, 0.238679870963, 0.22554397583, 0.155707031488, 0.111768960953, 0.127043321729, 0.118460327387, 0.131197705865], "median": [0.0154805229977, 0.00958598125726, 0.00468604126945, 0.00484931329265, 0.00648569641635, 0.0139105226845, 0.0245094653219, 0.0275553073734, 0.0188909154385, 0.0146026695147, 0.0073541761376, 0.00459835538641, 0.00468249013647, 0.0147069841623, 0.0767991840839, 0.102897793055, 0.0467272289097, 0.00340776098892, 0.0019594791811, 0.00304192397743, 0.00503151444718, 0.00487138796598, 0.00489311246201, 0.0040861684829, 0.00374646671116, 0.00400884076953, 0.0100827403367, 0.0162348616868, 0.0198875945061, 0.0226949844509, 0.0217395182699, 0.0118479114026, 0.00397947430611, 0.00352914934047, 0.0048743491061, 0.0131746400148], "min": [0, 0, 0, 0, 0, 0, 0, 0, 0, 0, 0, 0, 0, 0, 0, 0, 0, 0, 0, 0, 0, 0, 0, 0, 0, 0, 0, 0, 0, 0, 0, 0, 0, 0, 0, 0], "dvar2": [0.0975998342037, 0.0753188356757, 0.0703984424472, 0.0908232629299, 0.0842305421829, 0.113809019327, 0.148850604892, 0.163182482123, 0.173271760345, 0.197731986642, 0.168731465936, 0.14296798408, 0.157651260495, 0.151679560542, 0.113917186856, 0.149152189493, 0.11703902483, 0.0762005001307, 0.0461943782866, 0.0421742498875, 0.0574751906097, 0.0632232576609, 0.0678875520825, 0.108960583806, 0.0948623716831, 0.0835781618953, 0.0720372721553, 0.119521707296, 0.162825062871, 0.146883636713, 0.130134239793, 0.089960321784, 0.0635447129607, 0.0817872434855, 0.0799047201872, 0.0649831071496], "dvar": [0.039355263114, 0.0285638328642, 0.0257550384849, 0.0383977629244, 0.0314577668905, 0.0404664836824, 0.0566917173564, 0.0603537335992, 0.0652379542589, 0.0749757885933, 0.0590241290629, 0.0510860458016, 0.0567443147302, 0.0515686050057, 0.0445973575115, 0.0610512420535, 0.0409199185669, 0.0261211134493, 0.0167209971696, 0.0148146506399, 0.0209530778229, 0.0259450860322, 0.0244414005429, 0.0390597321093, 0.0371984057128, 0.0294165760279, 0.0258948672563, 0.0434865728021, 0.0553133226931, 0.0540376603603, 0.0517631210387, 0.0318696498871, 0.0229869112372, 0.0308593194932, 0.0287469569594, 0.0240774154663], "dmean": [0.0994139760733, 0.0778263136744, 0.0697833076119, 0.0870898663998, 0.0872576534748, 0.107888147235, 0.146890819073, 0.158199250698, 0.164536178112, 0.168501228094, 0.136724084616, 0.112883388996, 0.120984666049, 0.130835950375, 0.148958951235, 0.167349383235, 0.132365629077, 0.0670484304428, 0.0442873798311, 0.0370937585831, 0.0557699277997, 0.0679873898625, 0.0672183334827, 0.0907898247242, 0.0886263102293, 0.069755859673, 0.076038017869, 0.110862419009, 0.134012207389, 0.136729583144, 0.131081551313, 0.0864359140396, 0.0631412640214, 0.0733915567398, 0.065912656486, 0.0763560160995], "max": [1, 1, 1, 1, 1, 1, 1, 1, 1, 1, 1, 1, 1, 1, 1, 1, 1, 1, 1, 1, 1, 1, 1, 1, 1, 1, 1, 1, 1, 1, 1, 1, 1, 1, 1, 1], "var": [0.0555471889675, 0.0287202894688, 0.0241291653365, 0.0482748374343, 0.0292681604624, 0.039684291929, 0.0738755837083, 0.083098359406, 0.0978394523263, 0.0896091088653, 0.0476276874542, 0.0374127849936, 0.0476849786937, 0.0486476197839, 0.107711650431, 0.151013284922, 0.0492460429668, 0.0191267132759, 0.0139804901555, 0.0113821653649, 0.0272168461233, 0.0491789951921, 0.0290072653443, 0.0407179184258, 0.0512761585414, 0.0282980185002, 0.0238609630615, 0.0462411232293, 0.0580942779779, 0.0889483243227, 0.0828123763204, 0.0263260267675, 0.0203249007463, 0.0320269726217, 0.0276197604835, 0.0338361933827], "mean": [0.120678700507, 0.0774822533131, 0.0645829364657, 0.0909165069461, 0.0782629773021, 0.103332951665, 0.162016615272, 0.178360357881, 0.191907718778, 0.1705930233, 0.102348513901, 0.0798695236444, 0.0924069806933, 0.11489700526, 0.26338711381, 0.327620476484, 0.158820018172, 0.0521286576986, 0.0381241366267, 0.0321007445455, 0.0675120651722, 0.0929742977023, 0.0739111453295, 0.0865333899856, 0.0984765440226, 0.0638082101941, 0.0718593671918, 0.108947813511, 0.129545912147, 0.179828539491, 0.168225079775, 0.0792799368501, 0.0570265054703, 0.0700587928295, 0.0622845068574, 0.0926451310515]}, "tuning_equal_tempered_deviation": 0.0592578090727, "chords_changes_rate": 0.0739719718695, "key_key": "G", "tuning_diatonic_strength": 0.584063231945, "key_scale": "major", "chords_number_rate": 0.00321617280133, "tuning_frequency": 439.491973877, "tuning_nontempered_energy_ratio": 0.730623304844, "chords_histogram": [22.8348274231, 22.3294277191, 8.47691249847, 3.05536413193, 1.05674242973, 0.229726627469, 1.97564899921, 7.7647600174, 3.42292666435, 0, 1.8837583065, 0.666207194328, 0.0689179897308, 0, 0, 0.758097887039, 0, 5.28371238708, 1.97564899921, 6.17964601517, 0.528371214867, 5.6742477417, 5.3526301384, 0.482425898314], "key_strength": 0.757803976536, "chords_key": "G", "chords_strength": {"dmean2": 0.0116017293185, "median": 0.45845746994, "min": -1, "dvar2": 0.000946607324295, "dvar": 0.000543267233297, "dmean": 0.0111242104322, "max": 0.766999840736, "var": 0.0188131574541, "mean": 0.462206065655}, "chords_scale": "major", "hpcp_entropy": {"dmean2": 0.848732829094, "median": 1.88479554653, "min": 0, "dvar2": 0.497887521982, "dvar": 0.185119628906, "dmean": 0.504456877708, "max": 4.52943754196, "var": 0.450934767723, "mean": 1.88390123844}}, "metadata": {"audio_properties": {"equal_loudness": 0, "codec": "flac", "downmix": "mix", "sample_rate": 44100, "analysis_sample_rate": 44100, "bit_rate": 0, "md5_encoded": "2863f67119a85ea828674267c6085429", "length": 202.066665649, "replay_gain": -7.48461532593, "lossless": true}, "version": {"essentia_build_sha": "2d9f1f26377add8aeb1075a9c2973f962c4f09fd", "essentia": "2.1-beta2", "extractor": "music 1.0", "essentia_git_sha": "v2.1_beta2-1-ge3940c0"}, "tags": {"title": ["After Hours"], "barcode": ["081227112127"], "media": ["CD"], "albumartist": ["Various Artists"], "tracktotal": ["18"], "language": ["zxx"], "releasetype": ["album", "compilation"], "musicbrainz_recordingid": ["17932723-c03f-44f2-9566-61839a549e2b"], "artistsort": ["Hawkins, Erskine and His Orchestra"], "musicbrainz_releasegroupid": ["f663c779-864f-38fb-af96-2c4e49c22adc"], "musicbrainz_albumid": ["02bbe652-a062-4dc6-a986-d88b5b3a3ba6"], "musicbrainz_albumartistid": ["89ad4ac3-39f7-470e-963a-56509c546377"], "originalyear": ["1992"], "originaldate": ["1992-11-10"], "musicbrainz_releasetrackid": ["97af756a-7f34-4c1d-ab30-df5560d1b79d"], "discnumber": ["1"], "totaldiscs": ["1"], "album": ["Blues Masters (Vol.1: Urban Blues)"], "catalognumber": ["R2 71121"], "releasecountry": ["US"], "file_name": "01 - Erskine Hawkins & His Orchestra - After Hours.flac", "compilation": ["1"], "musicip_puid": ["79c7ba64-1113-181c-c973-784952ef94a4"], "work": ["After Hours"], "date": ["1992"], "genre": ["Blues"], "composersort": ["Parrish, Avery"], "disctotal": ["1"], "albumartistsort": ["Various Artists"], "musicbrainz_artistid": ["1fd74817-b3bf-4a70-bf44-14b00d6a4789"], "asin": ["B0000032WZ"], "musicbrainz_workid": ["c442f906-a24b-4f48-9208-bd21241fd538"], "artist": ["Erskine Hawkins & His Orchestra"], "tracknumber": ["1"], "composer": ["Avery Parrish"], "bpm": ["83"], "label": ["Rhino"], "releasestatus": ["official"], "acoustid_id": ["a1b4a365-479b-4611-a627-f852b7cb5b24"], "script": ["Latn"], "totaltracks": ["18"]}}, "rhythm": {"bpm_histogram_first_peak_bpm": {"dmean2": 0, "median": 83, "min": 83, "dvar2": 0, "dvar": 0, "dmean": 0, "max": 83, "var": 0, "mean": 83}, "bpm": 83.2401580811, "bpm_histogram_second_peak_spread": {"dmean2": 0, "median": 0.340000003576, "min": 0.340000003576, "dvar2": 0, "dvar": 0, "dmean": 0, "max": 0.340000003576, "var": 0, "mean": 0.340000003576}, "bpm_histogram_first_peak_weight": {"dmean2": 0, "median": 0.329341322184, "min": 0.329341322184, "dvar2": 0, "dvar": 0, "dmean": 0, "max": 0.329341322184, "var": 0, "mean": 0.329341322184}, "onset_rate": 3.49855780602, "beats_position": [0.394739210606, 0.801088392735, 1.20743763447, 1.62539684772, 2.04335594177, 2.47292518616, 2.90249419212, 3.30884337425, 3.69197273254, 4.08671188354, 4.46984100342, 4.85297060013, 5.24770975113, 5.64244890213, 6.025578022, 6.40870714188, 6.78022670746, 7.16335582733, 7.5464849472, 7.94122457504, 8.33596324921, 8.73070240021, 9.21832180023, 9.682721138, 10.1587295532, 10.7508392334, 11.3429479599, 11.9814968109, 12.6316547394, 13.2934236526, 13.8971424103, 14.512471199, 15.1277999878, 15.7431287766, 16.4745578766, 17.1943759918, 17.9025840759, 18.6224040985, 19.3538322449, 20.0852603912, 20.8050785065, 21.5365066528, 22.2679367065, 22.9993648529, 23.7307929993, 24.4622211456, 25.1820411682, 25.9134693146, 26.6448974609, 27.3995456696, 28.1541938782, 28.8856239319, 29.6170520782, 30.3484802246, 31.079908371, 31.8113365173, 32.542766571, 33.146484375, 33.7618141174, 34.3887519836, 35.0156898499, 35.6310195923, 36.2231292725, 36.8500671387, 37.4653968811, 38.0807266235, 38.672832489, 39.2765541077, 39.9034919739, 40.4607696533, 41.0296592712, 41.5985488892, 42.1209983826, 42.6202278137, 43.2355537415, 43.8624954224, 44.4778213501, 45.0931510925, 45.708480835, 46.3238105774, 46.9275283813, 47.508026123, 48.111743927, 48.7270736694, 49.3307914734, 49.9229011536, 50.5498390198, 51.1651687622, 51.7804985046, 52.5003166199, 53.2085266113, 53.9399528503, 54.6597709656, 55.3795890808, 56.0994110107, 56.819229126, 57.5390472412, 58.2588653564, 58.9786834717, 59.6985015869, 60.4067115784, 61.1265296936, 61.8463478088, 62.5661659241, 63.2859840393, 63.9941940308, 64.714012146, 65.4454421997, 66.1768722534, 66.9082946777, 67.6397247314, 68.3595428467, 69.0677566528, 69.7875747681, 70.4841690063, 71.1923828125, 71.8889770508, 72.57396698, 73.2821731567, 74.001991272, 74.7218093872, 75.4416275024, 76.1498413086, 76.8696594238, 77.5778656006, 78.2744674683, 78.9710617065, 79.6560516357, 80.3642578125, 81.0724716187, 81.7922897339, 82.5237197876, 83.2435379028, 83.9517440796, 84.6599502563, 85.3449401855, 86.0299301147, 86.7149200439, 87.3999099731, 88.0965042114, 88.7931060791, 89.5013122559, 90.1979141235, 90.9061203003, 91.6143264771, 92.3341445923, 93.0539703369, 93.7737884521, 94.4936065674, 95.2134246826, 95.9448471069, 96.6762771606, 97.3960952759, 98.1275253296, 98.8705673218, 99.6136016846, 100.356643677, 101.08807373, 101.819496155, 102.550926208, 103.282356262, 104.002174377, 104.721992493, 105.441810608, 106.150024414, 106.858230591, 107.578048706, 108.297866821, 109.017684937, 109.737503052, 110.457321167, 111.177139282, 111.885353088, 112.593559265, 113.301765442, 114.009971619, 114.729797363, 115.449615479, 116.146209717, 116.866027832, 117.585845947, 118.317276001, 119.048706055, 119.76852417, 120.476730347, 121.196548462, 121.904762268, 122.624580383, 123.344398499, 124.064216614, 124.784034729, 125.503852844, 126.235282898, 126.955101013, 127.674919128, 128.406341553, 129.137771606, 129.86920166, 130.589019775, 131.308837891, 132.028656006, 132.771697998, 133.51473999, 134.257781982, 135.000808716, 135.73223877, 136.463668823, 137.195098877, 137.926528931, 138.657958984, 139.389389038, 140.120819092, 140.852249146, 141.58366394, 142.315093994, 143.046524048, 143.777954102, 144.497772217, 145.217590332, 145.949020386, 146.680450439, 147.423492432, 148.166534424, 148.897949219, 149.629379272, 150.186660767, 150.720718384, 151.254776001, 151.742401123, 152.241622925, 152.740859985, 153.240081787, 153.750930786, 154.226928711, 154.702941895, 155.190567017, 155.6665802, 156.142578125, 156.618591309, 157.082992554, 157.559005737, 158.035003662, 158.499404907, 158.963806152, 159.428207397, 159.892608643, 160.368606567, 160.844619751, 161.320632935, 161.78503418, 162.261047363, 162.72543335, 163.178222656, 163.758728027, 164.339233398, 164.919723511, 165.488616943, 166.069107056, 166.661224365, 167.264938354, 167.868652344, 168.48399353, 169.08770752, 169.691421509, 170.295150757, 170.910476685, 171.537414551, 172.175964355, 172.791290283, 173.395004272, 173.998733521, 174.590835571, 175.194549561, 175.798278809, 176.390380859, 176.97088623, 177.551376343, 178.131881714, 178.700775146, 179.281265259, 179.850158691, 180.419036865, 180.976318359, 181.452331543, 181.939956665, 182.41595459, 182.891967773, 183.367980957, 183.832382202, 184.296783447, 184.772781372, 185.248794556, 185.689971924, 186.107940674, 186.537506104, 186.943847656, 187.361816406, 187.791381836, 188.220947266, 188.650512695, 189.010421753, 189.370330811, 189.70703125, 190.055328369, 190.415237427, 190.775146484, 191.14666748, 191.518188477, 191.901306152, 192.272827148, 192.655960083, 193.039093018, 193.433822632, 193.840179443, 194.234924316, 194.629653931, 194.97795105, 195.314651489, 195.662948608, 195.999633789, 196.359542847, 196.731063843, 197.0909729, 197.43927002, 197.7759552, 198.124252319, 198.460952759, 198.797637939, 199.13432312, 199.47102356, 199.80770874, 200.156005859, 200.504302979, 200.864212036, 201.212509155], "beats_loudness": {"dmean2": 0.0429452173412, "median": 0.0205430574715, "min": 0, "dvar2": 0.00267976592295, "dvar": 0.00110314961057, "dmean": 0.0244412049651, "max": 0.273334413767, "var": 0.00147131842095, "mean": 0.0331009626389}, "danceability": 1.05273211002, "bpm_histogram_second_peak_weight": {"dmean2": 0, "median": 0.098802395165, "min": 0.098802395165, "dvar2": 0, "dvar": 0, "dmean": 0, "max": 0.098802395165, "var": 0, "mean": 0.098802395165}, "beats_count": 335, "bpm_histogram_second_peak_bpm": {"dmean2": 0, "median": 98, "min": 98, "dvar2": 0, "dvar": 0, "dmean": 0, "max": 98, "var": 0, "mean": 98}, "bpm_histogram_first_peak_spread": {"dmean2": 0, "median": 0.281045764685, "min": 0.281045764685, "dvar2": 0, "dvar": 0, "dmean": 0, "max": 0.281045764685, "var": 0, "mean": 0.281045764685}, "beats_loudness_band_ratio": {"dmean2": [0.406694620848, 0.145490646362, 0.164943575859, 0.253087192774, 0.113163873553, 0.00322734727524], "median": [0.602613985538, 0.0542081855237, 0.0471343621612, 0.107506923378, 0.0162889026105, 0.000490655424073], "min": [0, 0, 0, 0, 0, 0], "dvar2": [0.136156961322, 0.0297600738704, 0.0413107536733, 0.0776913166046, 0.0308201014996, 5.16661348229e-05], "dvar": [0.0542262941599, 0.0103738512844, 0.0148926833645, 0.0305763538927, 0.0105388639495, 1.8082162569e-05], "dmean": [0.232318803668, 0.084442935884, 0.0906459316611, 0.148631244898, 0.0621175467968, 0.00172682921402], "max": [0.998000085354, 0.672993183136, 0.680995106697, 0.99212116003, 0.876010835171, 0.0349364764988], "var": [0.104755699635, 0.0116122113541, 0.0136758694425, 0.0632758066058, 0.012529855594, 1.0684902918e-05], "mean": [0.565667867661, 0.0941767096519, 0.0919604822993, 0.204707086086, 0.0627154558897, 0.00135747669265]}}, "lowlevel": {"barkbands_spread": {"dmean2": 5.2486000061, "median": 9.74585723877, "min": 0.0995581150055, "dvar2": 47.0952987671, "dvar": 20.4653930664, "dmean": 3.3278131485, "max": 152.289413452, "var": 83.6282653809, "mean": 11.0725040436}, "melbands_spread": {"dmean2": 8.05979633331, "median": 10.9941606522, "min": 0.25776964426, "dvar2": 141.924880981, "dvar": 61.5709533691, "dmean": 5.14928102493, "max": 154.488677979, "var": 344.262390137, "mean": 16.2313175201}, "hfc": {"dmean2": 7.44926977158, "median": 3.1890668869, "min": 1.10120080025e-16, "dvar2": 493.876220703, "dvar": 331.490447998, "dmean": 5.91264438629, "max": 429.415802002, "var": 899.255249023, "mean": 13.1230926514}, "barkbands_kurtosis": {"dmean2": 15.3889837265, "median": 2.88141393661, "min": -1.9831161499, "dvar2": 1658.58349609, "dvar": 710.854797363, "dmean": 9.9683008194, "max": 1004.38415527, "var": 1534.35974121, "mean": 16.3522605896}, "gfcc": {"mean": [-177.404403687, 178.822021484, -108.968963623, 5.89399671555, -4.8682179451, 23.6075572968, -11.3363637924, -7.60692834854, -10.213101387, -3.46821331978, -9.87901973724, -4.27703475952, -7.67207050323], "icov": [[0.000984312500805, -0.00300687667914, 0.00211220118217, -0.0030324512627, 0.00182016543113, -0.00228025671095, 0.000199239031645, -5.72553835809e-05, 1.48479930431e-05, 0.000228708609939, -0.000641183170956, 0.000129280189867, 4.5709683036e-05], [-0.00300687667914, 0.0104361176491, -0.0066519966349, 0.0104268547148, -0.00581804476678, 0.00739889452234, -4.81391361973e-05, 0.000144355770317, -0.000661249214318, 0.000723957549781, 0.000937564356718, 0.000894664321095, -0.000388277869206], [0.00211220118217, -0.0066519966349, 0.00529461028054, -0.00727671105415, 0.0045740432106, -0.00579952215776, 0.00115875294432, -0.00185002957005, 0.000976933864877, -1.85555302323e-06, -0.00199980754405, 0.00105936394539, -0.000446164631285], [-0.0030324512627, 0.0104268547148, -0.00727671105415, 0.0130436420441, -0.00750193512067, 0.00835854373872, -0.00202980614267, 0.00230899010785, -0.00105338229332, -0.000508524593897, 0.00434104865417, -0.00176633312367, 0.0014155539684], [0.00182016543113, -0.00581804476678, 0.0045740432106, -0.00750193512067, 0.00863566901535, -0.00860744621605, 0.00348717090674, -0.00167839205824, 0.000386183121009, 0.00338477268815, -0.00702022854239, 0.00670917518437, -0.0047349371016], [-0.00228025671095, 0.00739889452234, -0.00579952215776, 0.00835854373872, -0.00860744621605, 0.0149975400418, -0.00769346114248, 0.00514641078189, 0.000624813081231, -0.00663081230596, 0.0121280793101, -0.0093377456069, 0.00474988576025], [0.000199239031645, -4.81391361973e-05, 0.00115875294432, -0.00202980614267, 0.00348717090674, -0.00769346114248, 0.0152423931286, -0.0101607004181, 0.00156685360707, 0.0106843393296, -0.0176694672555, 0.0131965382025, -0.00636394228786], [-5.72553835809e-05, 0.000144355770317, -0.00185002957005, 0.00230899010785, -0.00167839205824, 0.00514641078189, -0.0101607004181, 0.0199112519622, -0.00935992971063, -0.00257131876424, 0.0159900393337, -0.0156441777945, 0.00958022195846], [1.48479930431e-05, -0.000661249214318, 0.000976933864877, -0.00105338229332, 0.000386183121009, 0.000624813081231, 0.00156685360707, -0.00935992971063, 0.0165426768363, -0.00764543795958, -0.0037427097559, 0.00977332424372, -0.0084378272295], [0.000228708609939, 0.000723957549781, -1.85555302323e-06, -0.000508524593897, 0.00338477268815, -0.00663081230596, 0.0106843393296, -0.00257131876424, -0.00764543795958, 0.021073481068, -0.0150074055418, 0.00993449054658, -0.00167964608409], [-0.000641183170956, 0.000937564356718, -0.00199980754405, 0.00434104865417, -0.00702022854239, 0.0121280793101, -0.0176694672555, 0.0159900393337, -0.0037427097559, -0.0150074055418, 0.0378053113818, -0.0299525987357, 0.0170278549194], [0.000129280189867, 0.000894664321095, 0.00105936394539, -0.00176633312367, 0.00670917518437, -0.0093377456069, 0.0131965382025, -0.0156441777945, 0.00977332424372, 0.00993449054658, -0.0299525987357, 0.0378737300634, -0.0207204073668], [4.5709683036e-05, -0.000388277869206, -0.000446164631285, 0.0014155539684, -0.0047349371016, 0.00474988576025, -0.00636394228786, 0.00958022195846, -0.0084378272295, -0.00167964608409, 0.0170278549194, -0.0207204073668, 0.0244148354977]], "cov": [[17175.8769531, 3385.07861328, -4404.90966797, -784.007568359, 149.203536987, -481.33782959, 37.7433128357, -412.406219482, 121.386306763, -315.125061035, 171.67930603, -175.830856323, 32.1921691895], [3385.07861328, 1604.74511719, -312.626525879, -601.283203125, -151.98109436, -286.469055176, -84.2978134155, 32.1553878784, 114.299980164, -35.569026947, 17.943069458, -75.5603713989, 0.41371396184], [-4404.90966797, -312.626525879, 2535.96337891, 400.07244873, -192.680953979, 207.120651245, -10.2121686935, 235.801605225, -18.4423770905, 102.405029297, -105.53263855, 21.0264530182, -54.3111228943], [-784.007568359, -601.283203125, 400.07244873, 651.413024902, 231.935348511, 160.794906616, 36.0335388184, -35.3348922729, -43.0550041199, -8.58761692047, -53.491191864, -19.3977909088, 3.77754831314], [149.203536987, -151.98109436, -192.680953979, 231.935348511, 502.672424316, 183.804672241, 16.6419811249, -98.2020492554, -22.5418758392, -31.317243576, -19.6617164612, -44.4171676636, 51.0063018799], [-481.33782959, -286.469055176, 207.120651245, 160.794906616, 183.804672241, 308.226196289, 79.2977828979, -24.1020755768, -67.0684967041, -5.06887722015, -19.7958526611, 21.9789180756, 5.54781723022], [37.7433128357, -84.2978134155, -10.2121686935, 36.0335388184, 16.6419811249, 79.2977828979, 234.118301392, 45.8140716553, -46.1810188293, -77.5928344727, 60.5882377625, 33.7058792114, -7.78847646713], [-412.406219482, 32.1553878784, 235.801605225, -35.3348922729, -98.2020492554, -24.1020755768, 45.8140716553, 159.671417236, 58.3403167725, 1.25332152843, -29.5067558289, 11.2920570374, -7.01554870605], [121.386306763, 114.299980164, -18.4423770905, -43.0550041199, -22.5418758392, -67.0684967041, -46.1810188293, 58.3403167725, 174.176986694, 76.4312057495, -31.2026195526, -58.2937660217, 15.239613533], [-315.125061035, -35.569026947, 102.405029297, -8.58761692047, -31.317243576, -5.06887722015, -77.5928344727, 1.25332152843, 76.4312057495, 142.3177948, 11.5139541626, -27.6996879578, -18.7436275482], [171.67930603, 17.943069458, -105.53263855, -53.491191864, -19.6617164612, -19.7958526611, 60.5882377625, -29.5067558289, -31.2026195526, 11.5139541626, 136.18321228, 66.5896987915, -19.9116096497], [-175.830856323, -75.5603713989, 21.0264530182, -19.3977909088, -44.4171676636, 21.9789180756, 33.7058792114, 11.2920570374, -58.2937660217, -27.6996879578, 66.5896987915, 124.474502563, 29.2459449768], [32.1921691895, 0.41371396184, -54.3111228943, 3.77754831314, 51.0063018799, 5.54781723022, -7.78847646713, -7.01554870605, 15.239613533, -18.7436275482, -19.9116096497, 29.2459449768, 91.9138641357]]}, "spectral_energyband_middle_low": {"dmean2": 0.00206432491541, "median": 0.0018116266001, "min": 1.62608958622e-22, "dvar2": 1.71234132722e-05, "dvar": 9.77599120233e-06, "dmean": 0.00148322316818, "max": 0.111343368888, "var": 5.28226591996e-05, "mean": 0.00446402002126}, "melbands_crest": {"dmean2": 5.34929513931, "median": 17.0523204803, "min": 1.57556641102, "dvar2": 21.046339035, "dvar": 8.6567773819, "dmean": 3.33959388733, "max": 33.0281295776, "var": 37.1412391663, "mean": 17.1883735657}, "spectral_kurtosis": {"dmean2": 16.8183917999, "median": 23.2355194092, "min": -1.28315830231, "dvar2": 223.682617188, "dvar": 76.147026062, "dmean": 9.75761795044, "max": 92.2181167603, "var": 204.544708252, "mean": 25.5556335449}, "spectral_rms": {"dmean2": 0.00114810839295, "median": 0.00353743089363, "min": 3.14902661239e-12, "dvar2": 1.67176392551e-06, "dvar": 1.03535091966e-06, "dmean": 0.000817008782178, "max": 0.0176905430853, "var": 5.51653283765e-06, "mean": 0.00386279076338}, "zerocrossingrate": {"dmean2": 0.00569205079228, "median": 0.023193359375, "min": 0.001953125, "dvar2": 0.000127044244437, "dvar": 6.76735799061e-05, "dmean": 0.00484202429652, "max": 0.5283203125, "var": 0.00271534314379, "mean": 0.0313642732799}, "silence_rate_60dB": {"dmean2": 0.104343831539, "median": 0, "min": 0, "dvar2": 0.112059958279, "dvar": 0.0494407899678, "dmean": 0.0521659180522, "max": 1, "var": 0.136229380965, "mean": 0.162683829665}, "erbbands_kurtosis": {"dmean2": 7.24989461899, "median": 0.636012673378, "min": -1.93806636333, "dvar2": 321.799377441, "dvar": 171.860855103, "dmean": 5.13432073593, "max": 230.666564941, "var": 579.558959961, "mean": 9.06789398193}, "erbbands": {"dmean2": [0.141252815723, 1.45924472809, 2.04131698608, 2.46131491661, 2.30387234688, 2.29669213295, 2.89072132111, 2.98127794266, 3.2876393795, 6.55647563934, 5.59224081039, 5.93245506287, 16.2868976593, 12.314166069, 37.7007331848, 175.272460938, 31.3289260864, 32.3907546997, 34.3036079407, 17.0356216431, 8.65345954895, 3.84691905975, 2.21359062195, 1.40008032322, 1.02763545513, 0.236310198903, 0.173110499978, 0.0765351057053, 0.0613448768854, 0.0228205472231, 0.010194462724, 0.00271968846209, 0.000405636965297, 0.000150934254634, 9.02141400729e-05, 5.80749583605e-05, 1.84318123502e-05, 3.65490996046e-06, 5.704526302e-06, 1.30166827148e-05], "median": [0.0670591443777, 0.812245607376, 1.3006747961, 1.35655331612, 1.00368654728, 0.69378900528, 0.545988559723, 0.588551521301, 0.579496026039, 0.626659989357, 1.11805129051, 1.23615550995, 1.70462870598, 3.05112028122, 3.64512300491, 3.55886173248, 3.13790416718, 4.25945854187, 3.22848510742, 1.74802231789, 0.769832074642, 0.298837095499, 0.138923406601, 0.0717293918133, 0.0319130904973, 0.0156202847138, 0.0099243465811, 0.00621554721147, 0.00510103441775, 0.00379278510809, 0.00258435914293, 0.00125369860325, 0.00045451906044, 0.00028950246633, 0.000234201012063, 0.000165502919117, 5.8072982938e-05, 1.1137648471e-05, 7.27902670405e-06, 1.43894021676e-05], "min": [1.31675778775e-22, 3.41841021431e-22, 1.89668798608e-21, 3.5011081817e-21, 1.48852540634e-20, 2.35623011409e-20, 3.75010150143e-20, 4.22144000045e-20, 1.34328677256e-19, 1.92933854969e-19, 3.35012697577e-19, 4.11676727327e-19, 4.7603282655e-19, 7.58949999341e-19, 9.48255349005e-19, 1.40239497949e-18, 1.77040184375e-18, 2.59198678625e-18, 1.75106629013e-18, 3.01301572098e-18, 4.64448224109e-18, 3.71563451381e-18, 5.02971017853e-18, 5.99279863367e-18, 6.73830715486e-18, 7.38971064647e-18, 1.04954446287e-17, 1.08814658324e-17, 8.7437250727e-18, 1.11049791329e-17, 1.18863306308e-17, 9.50476349629e-18, 1.04748486587e-17, 7.51933067564e-18, 6.76042348289e-18, 4.33774216326e-18, 2.29995708164e-18, 8.98747555368e-19, 2.64870340723e-19, 2.69507608941e-20], "dvar2": [0.0402188301086, 4.09154033661, 9.66044712067, 20.0085906982, 24.4174957275, 39.152721405, 84.1527404785, 121.285469055, 147.897918701, 706.308349609, 276.661956787, 387.005645752, 11121.0117188, 2246.25732422, 22477.6699219, 701813, 15788.4072266, 43223.0664063, 19396.7734375, 3868.44580078, 2291.17749023, 421.663269043, 150.108413696, 135.599243164, 21.6091880798, 1.02245986462, 1.02876460552, 0.133744180202, 0.0833273455501, 0.0139286573976, 0.0027766386047, 0.000114905778901, 1.84635121059e-06, 1.0341284451e-07, 1.09809006332e-08, 2.68424105165e-09, 2.75560574359e-10, 1.80076144968e-11, 1.12046802392e-10, 5.32569655043e-10], "dvar": [0.0163929462433, 1.53085029125, 4.24570655823, 9.8766374588, 10.162938118, 16.8335781097, 37.2740821838, 49.3774986267, 56.769733429, 312.552459717, 141.143463135, 196.21824646, 6989.54931641, 1441.98278809, 15373.0078125, 479143.5625, 8641.85839844, 25112.53125, 8652.71875, 1837.03271484, 1227.75378418, 220.209762573, 68.0642929077, 56.4747314453, 11.5231781006, 0.497172087431, 0.501066863537, 0.05950948596, 0.0394325107336, 0.00588435167447, 0.00132384174503, 5.40516120964e-05, 8.28661086416e-07, 4.91158758109e-08, 5.76413805575e-09, 1.17139387079e-09, 1.35853800431e-10, 1.09717955207e-11, 7.43812025861e-11, 3.46218859137e-10], "dmean": [0.0886700078845, 0.903324663639, 1.30853033066, 1.63507819176, 1.45891547203, 1.45958638191, 1.98920118809, 1.94929504395, 2.08430409431, 4.25916528702, 4.05231761932, 4.6065788269, 12.6060628891, 9.77434062958, 29.0870418549, 141.072296143, 23.569026947, 21.9772720337, 23.6547279358, 11.9500494003, 5.92237186432, 2.6238014698, 1.48846316338, 0.987646281719, 0.746768116951, 0.165955126286, 0.119548089802, 0.051974311471, 0.0413192398846, 0.0153300054371, 0.00686895335093, 0.00185770064127, 0.000276607519481, 0.000102232661447, 5.90588060732e-05, 3.66611748177e-05, 1.18292373372e-05, 2.45344904215e-06, 4.18143736169e-06, 9.42344649957e-06], "max": [2.55622553825, 15.6696643829, 29.6238441467, 75.158493042, 93.5065155029, 110.301513672, 182.304763794, 227.377914429, 244.79347229, 893.640441895, 415.027740479, 422.687164307, 4214.71289063, 1684.13208008, 3523.06787109, 16012.2353516, 3357.58837891, 13486.6171875, 2329.00439453, 1231.73010254, 1605.76208496, 727.302856445, 371.864593506, 547.205322266, 85.5477523804, 34.5304222107, 34.1797332764, 14.5588302612, 7.12919664383, 3.72947359085, 1.95556926727, 0.246871009469, 0.0336785763502, 0.00941829476506, 0.0022332246881, 0.000852627039421, 0.0003066942445, 9.2907474027e-05, 0.000187328914762, 0.000391216308344], "var": [0.0439970940351, 3.52154684067, 10.1885519028, 44.7483940125, 20.6104335785, 29.7581424713, 131.893249512, 186.657394409, 143.465637207, 904.865478516, 852.546691895, 860.330627441, 24975.9433594, 4415.57177734, 34353.3359375, 1056742.25, 23103.140625, 66886.59375, 15659.25, 4696.36083984, 2271.6965332, 749.839355469, 243.620147705, 156.242736816, 26.0670032501, 2.24609088898, 1.58013558388, 0.241178870201, 0.0912742614746, 0.0156147861853, 0.00281205493957, 0.000139533585752, 2.26631891564e-06, 1.65663223584e-07, 1.93825115957e-08, 3.82682463496e-09, 5.00942509696e-10, 3.8580104389e-11, 2.26039270634e-10, 1.05498243474e-09], "mean": [0.149845480919, 1.53590989113, 2.41478395462, 3.93638920784, 2.57834482193, 2.40539741516, 4.48530626297, 4.35957717896, 4.03994369507, 8.19426345825, 10.798169136, 11.8319854736, 29.7346992493, 21.0442256927, 49.5901374817, 218.00402832, 44.252532959, 41.8465461731, 40.7279472351, 21.2139492035, 9.95952796936, 5.1684794426, 2.96491122246, 1.82430183887, 1.13377285004, 0.320165604353, 0.211985081434, 0.0921517536044, 0.062310423702, 0.025735668838, 0.0117620993406, 0.0035289763473, 0.000739457958844, 0.00036644062493, 0.000257342209807, 0.000172442130861, 6.08187547186e-05, 1.22039009511e-05, 1.17645722639e-05, 2.41497746174e-05]}, "spectral_strongpeak": {"dmean2": 1.13724839687, "median": 0.29338029027, "min": 0, "dvar2": 5.69263362885, "dvar": 3.37005233765, "dmean": 0.771314501762, "max": 26.9753761292, "var": 8.53267669678, "mean": 1.35112285614}, "spectral_energy": {"dmean2": 0.0113637689501, "median": 0.0128262527287, "min": 1.01642774292e-20, "dvar2": 0.000369285349734, "dvar": 0.000236446008785, "dmean": 0.00815772730857, "max": 0.320779174566, "var": 0.000731163891032, "mean": 0.0209486819804}, "average_loudness": 0.238131925464, "spectral_rolloff": {"dmean2": 311.585571289, "median": 667.529296875, "min": 64.599609375, "dvar2": 456985.84375, "dvar": 216288.078125, "dmean": 180.085113525, "max": 20973.3398438, "var": 3710584.75, "mean": 938.209594727}, "spectral_centroid": {"dmean2": 168.274490356, "median": 637.445129395, "min": 89.7963638306, "dvar2": 92187.1484375, "dvar": 47254.9023438, "dmean": 113.38697052, "max": 11569.0117188, "var": 1233656.25, "mean": 802.857910156}, "pitch_salience": {"dmean2": 0.128902494907, "median": 0.437167108059, "min": 0.0436109006405, "dvar2": 0.0135552957654, "dvar": 0.00552397314459, "dmean": 0.0795612856746, "max": 0.948344409466, "var": 0.0208278149366, "mean": 0.433235526085}, "spectral_energyband_middle_high": {"dmean2": 0.00543351331726, "median": 0.0010582782561, "min": 1.11528200574e-21, "dvar2": 0.000329903909005, "dvar": 0.000222963484703, "dmean": 0.00432761572301, "max": 0.319142490625, "var": 0.000546334602404, "mean": 0.00832769740373}, "spectral_contrast_coeffs": {"dmean2": [0.0747680589557, 0.0625474080443, 0.0599272437394, 0.0466736778617, 0.0304907280952, 0.0263562239707], "median": [-0.681235194206, -0.767051815987, -0.774783968925, -0.775442123413, -0.818358421326, -0.807781219482], "min": [-0.997409522533, -0.98874104023, -0.984911501408, -0.98327755928, -0.973882853985, -0.96569532156], "dvar2": [0.00364653766155, 0.00271553359926, 0.00310858734883, 0.00166847975925, 0.000681703677401, 0.000688775675371], "dvar": [0.00139414367732, 0.00110313855112, 0.00157186493743, 0.000748861231841, 0.00034118979238, 0.000376645941287], "dmean": [0.045223005116, 0.0390135645866, 0.038478795439, 0.0298008173704, 0.0197820607573, 0.0180051196367], "max": [-0.357721418142, -0.378161072731, -0.327699959278, -0.438947051764, -0.636663138866, -0.582446694374], "var": [0.00565662281588, 0.00721669010818, 0.0118547426537, 0.00628218892962, 0.00300085055642, 0.00283050816506], "mean": [-0.683171331882, -0.757855713367, -0.752924859524, -0.772277116776, -0.820710837841, -0.792750120163]}, "melbands_skewness": {"dmean2": 1.43445253372, "median": 2.32307910919, "min": -6.3980922699, "dvar2": 2.45770716667, "dvar": 1.14444720745, "dmean": 0.9500400424, "max": 17.3248119354, "var": 6.18559598923, "mean": 2.5569486618}, "spectral_spread": {"dmean2": 470603.65625, "median": 1678669.5, "min": 764970.25, "dvar2": 628790198272, "dvar": 314192134144, "dmean": 291638.0625, "max": 43159452, "var": 15547847671800.0, "mean": 2304704.25}, "dissonance": {"dmean2": 0.0529203861952, "median": 0.455234050751, "min": 0, "dvar2": 0.00423810584471, "dvar": 0.0015153674176, "dmean": 0.031154435128, "max": 0.500000059605, "var": 0.0025095930323, "mean": 0.442016839981}, "spectral_skewness": {"dmean2": 1.15554046631, "median": 3.31390976906, "min": -0.0689267590642, "dvar2": 0.977525949478, "dvar": 0.338740438223, "dmean": 0.680969357491, "max": 7.82010984421, "var": 1.26929557323, "mean": 3.37706232071}, "spectral_flux": {"dmean2": 0.0409390702844, "median": 0.046422496438, "min": 6.35146796268e-11, "dvar2": 0.00329688284546, "dvar": 0.00115340191405, "dmean": 0.0242163296789, "max": 0.481729239225, "var": 0.00184313848149, "mean": 0.0557882227004}, "spectral_contrast_valleys": {"dmean2": [0.616427540779, 0.61019384861, 0.602278590202, 0.550119757652, 0.411688655615, 0.198395013809], "median": [-7.45387268066, -7.98035430908, -8.04045295715, -8.4719285965, -9.83982849121, -13.1801052094], "min": [-28.1352386475, -28.3083209991, -27.9045066833, -27.7414360046, -27.4982719421, -27.3728923798], "dvar2": [0.24779304862, 0.294669419527, 0.323204725981, 0.309106498957, 0.177053645253, 0.0464185215533], "dvar": [0.111456640065, 0.158072352409, 0.166419535875, 0.164290994406, 0.112431630492, 0.0306422747672], "dmean": [0.380298256874, 0.402359515429, 0.404131472111, 0.377132564783, 0.300060838461, 0.132775187492], "max": [-5.56178379059, -4.54222679138, -5.12884807587, -5.33487462997, -6.12253665924, -11.2661466599], "var": [4.55592870712, 5.10626316071, 5.02676296234, 4.98277854919, 4.12763738632, 2.09860301018], "mean": [-7.74232912064, -8.24606323242, -8.34407424927, -8.78140830994, -9.87474727631, -13.2965993881]}, "erbbands_flatness_db": {"dmean2": 0.0263521391898, "median": 0.273396998644, "min": 0.0240003429353, "dvar2": 0.000987869338132, "dvar": 0.000563534267712, "dmean": 0.0183953084052, "max": 0.556785345078, "var": 0.00526273576543, "mean": 0.278947472572}, "spectral_energyband_high": {"dmean2": 6.39368545308e-06, "median": 6.97534005667e-07, "min": 7.12588551954e-21, "dvar2": 8.61116677964e-10, "dvar": 4.34682512207e-10, "dmean": 4.46277181254e-06, "max": 0.00103293231223, "var": 1.89192905786e-09, "mean": 8.50502692629e-06}, "spectral_entropy": {"dmean2": 0.288660287857, "median": 6.49561023712, "min": 4.23747587204, "dvar2": 0.0864091515541, "dvar": 0.0442053936422, "dmean": 0.195868983865, "max": 9.82511234283, "var": 0.378314912319, "mean": 6.45255756378}, "silence_rate_20dB": {"dmean2": 0, "median": 1, "min": 1, "dvar2": 0, "dvar": 0, "dmean": 0, "max": 1, "var": 0, "mean": 1}, "melbands_flatness_db": {"dmean2": 0.0508553124964, "median": 0.394451677799, "min": 0.00218744482845, "dvar2": 0.00219736853614, "dvar": 0.000998020754196, "dmean": 0.0342198051512, "max": 0.750181913376, "var": 0.0102541241795, "mean": 0.399671941996}, "barkbands": {"dmean2": [5.33756974619e-05, 0.00596802961081, 0.00165191362612, 0.000834412232507, 0.000682469457388, 0.000382356782211, 0.000333815725753, 0.000274205696769, 0.000274094665656, 0.000484489137307, 0.000457984308014, 0.00378692918457, 0.000564469431993, 0.000636880111415, 0.000619995233137, 0.000142366669024, 0.000102692130895, 4.37825256085e-05, 2.12929662666e-05, 5.18786191606e-06, 2.91383071271e-06, 1.5212250446e-06, 3.81260406357e-07, 5.93228044465e-08, 1.09297921824e-08, 9.6664489746e-09, 2.51593190725e-09], "median": [1.5654204617e-05, 0.0033198967576, 0.000935500720516, 0.000315140787279, 0.000245237402851, 7.70446058596e-05, 3.23880522046e-05, 3.90807472286e-05, 4.87296820211e-05, 4.74304179079e-05, 6.49911962682e-05, 6.17012556177e-05, 4.31726075476e-05, 5.80553169129e-05, 3.96637915401e-05, 1.09579241325e-05, 4.57470287074e-06, 2.00872432288e-06, 8.22163201519e-07, 3.18574592484e-07, 1.91678651618e-07, 1.37821544399e-07, 9.51815479766e-08, 3.8188211704e-08, 2.84664913863e-08, 3.13582475542e-08, 7.11166769918e-09], "min": [8.72341321655e-25, 2.38115692089e-24, 1.39522465787e-24, 1.60646514082e-24, 1.0300153684e-23, 6.65567941078e-24, 8.0783506103e-24, 1.05713814182e-23, 1.13586172699e-23, 1.65262983319e-23, 1.71292262995e-23, 2.0529092161e-23, 3.43735537159e-23, 3.13963295508e-23, 3.81315103636e-23, 6.18904925268e-23, 6.40333479788e-23, 8.78225466702e-23, 1.11147068423e-22, 1.53351417153e-22, 2.41323102711e-22, 2.75341208324e-22, 4.32009716164e-22, 5.48208245927e-22, 7.95968781791e-22, 1.35544438483e-21, 1.96867935656e-21], "dvar2": [6.83440193328e-09, 6.72484529787e-05, 6.69560085953e-06, 2.4351547836e-06, 2.13889711631e-06, 1.43328054492e-06, 1.96001815311e-06, 6.84599228862e-07, 8.40877021346e-07, 7.60391867516e-06, 3.86751753467e-06, 0.000297644524835, 7.68428981246e-06, 1.31936158141e-05, 6.35125570625e-06, 5.52776725726e-07, 3.8319410578e-07, 1.04206733909e-07, 7.67353380837e-09, 5.46778289312e-10, 2.38163405664e-10, 5.29112899328e-11, 3.66977845681e-12, 4.6211413873e-14, 3.03893663316e-16, 6.65363703007e-17, 8.29941493284e-18], "dvar": [2.82813306107e-09, 2.55224767898e-05, 2.86406657324e-06, 1.18654600101e-06, 9.11188237751e-07, 6.32450678495e-07, 7.41579640362e-07, 3.41347970334e-07, 3.8667835156e-07, 4.56861471321e-06, 2.87291140921e-06, 0.000202417679247, 3.88633634429e-06, 7.58397345635e-06, 2.8634804039e-06, 2.86528774041e-07, 1.80137988082e-07, 4.34193019316e-08, 3.88397403128e-09, 2.70115818601e-10, 1.15367937426e-10, 2.38144573506e-11, 1.69894426218e-12, 2.1117070088e-14, 1.44395652047e-16, 2.69327625167e-17, 2.91250376398e-18], "dmean": [3.27615744027e-05, 0.00371304922737, 0.00106620811857, 0.000547879608348, 0.000434700137703, 0.000259810767602, 0.000208495082916, 0.000194928376004, 0.000202467184863, 0.000366821390344, 0.000361266545951, 0.0030117596034, 0.000389417109545, 0.00042988237692, 0.000437091628555, 9.47987573454e-05, 6.76306444802e-05, 2.86268841592e-05, 1.50510923049e-05, 3.55877659786e-06, 2.02301498575e-06, 1.02314197648e-06, 2.57681790572e-07, 3.95507449014e-08, 7.28585636267e-09, 6.06834005268e-09, 1.51263557235e-09], "max": [0.00138244242407, 0.0695198327303, 0.0317021794617, 0.025536686182, 0.0187700651586, 0.0236089266837, 0.0387943685055, 0.0172515530139, 0.017311565578, 0.106342159212, 0.0707979351282, 0.316819757223, 0.0748325958848, 0.225835382938, 0.0395824015141, 0.0233124736696, 0.0166951864958, 0.0111425556242, 0.00187575037125, 0.000880182022229, 0.000564823974855, 0.000189818412764, 5.62214809179e-05, 4.58278827864e-06, 4.47909684453e-07, 1.00940809489e-07, 4.64579947845e-08], "var": [5.23859267076e-09, 6.18319318164e-05, 6.87100828145e-06, 5.21779566043e-06, 2.11745827983e-06, 2.8208232834e-06, 1.62665617154e-06, 1.67006840002e-06, 1.39315454817e-06, 1.58328821271e-05, 7.44705312172e-06, 0.000448480015621, 9.69244410953e-06, 1.95534976228e-05, 5.48031948711e-06, 4.83431733755e-07, 4.09772383136e-07