{"tonal": {"thpcp": [1, 0.540872693062, 0.119382575154, 0.165611535311, 0.175402656198, 0.196530461311, 0.36235037446, 0.423536717892, 0.317356795073, 0.351435273886, 0.455066889524, 0.551059544086, 0.708977460861, 0.617201149464, 0.327760279179, 0.183971390128, 0.160796478391, 0.213643580675, 0.366635978222, 0.468976825476, 0.451252877712, 0.462502032518, 0.39240950346, 0.231581524014, 0.156870275736, 0.14419400692, 0.152295276523, 0.214934110641, 0.235161930323, 0.176386594772, 0.163094818592, 0.177182853222, 0.245344892144, 0.403940588236, 0.427686095238, 0.694286227226], "hpcp": {"dmean2": [0.331823408604, 0.29730656743, 0.215934813023, 0.143326446414, 0.131901189685, 0.15576864779, 0.205603018403, 0.2344494313, 0.257972180843, 0.26927664876, 0.212931275368, 0.154531061649, 0.111884787679, 0.099383674562, 0.10465952009, 0.120664671063, 0.122560329735, 0.109087064862, 0.108898840845, 0.127065569162, 0.161801591516, 0.23167809844, 0.256843715906, 0.28570830822, 0.368661403656, 0.208418756723, 0.0849765539169, 0.0952177941799, 0.0914177596569, 0.113647326827, 0.183903560042, 0.215110272169, 0.209745764732, 0.239103496075, 0.294605821371, 0.350528687239], "median": [0.039894387126, 0.0346344709396, 0.0187813844532, 0.00811668299139, 0.00770470686257, 0.0110176727176, 0.0231410041451, 0.0310452505946, 0.0348125100136, 0.0310012660921, 0.021734688431, 0.0134402308613, 0.00933469086885, 0.00879351422191, 0.0117323305458, 0.016907311976, 0.0155210010707, 0.0109141189605, 0.00863468181342, 0.0086837336421, 0.0182051211596, 0.038438655436, 0.0406043604016, 0.081314407289, 0.0400642417371, 0.0255931951106, 0.0076982518658, 0.00989901553839, 0.010681964457, 0.0143581451848, 0.0181403793395, 0.0166882015765, 0.0154849328101, 0.0140032498166, 0.0157582499087, 0.0285563208163], "min": [0, 0, 0, 0, 0, 0, 0, 0, 0, 0, 0, 0, 0, 0, 0, 0, 0, 0, 0, 0, 0, 0, 0, 0, 0, 0, 0, 0, 0, 0, 0, 0, 0, 0, 0, 0], "dvar2": [0.209977164865, 0.187349438667, 0.13332273066, 0.0907202661037, 0.0829292088747, 0.0991805270314, 0.114557020366, 0.129082545638, 0.137944623828, 0.157510861754, 0.114563688636, 0.0919926539063, 0.0611814036965, 0.0570424050093, 0.0522178784013, 0.056837208569, 0.0624371878803, 0.0553631484509, 0.0574914142489, 0.0703744292259, 0.0758904516697, 0.111303664744, 0.138799279928, 0.118251286447, 0.244905814528, 0.0759137868881, 0.0365402139723, 0.0372487567365, 0.0328797101974, 0.0457967743278, 0.0968603938818, 0.130340173841, 0.116017915308, 0.16213670373, 0.201541751623, 0.227885216475], "dvar": [0.0779151171446, 0.0683000311255, 0.0469829849899, 0.0320508033037, 0.0293061435223, 0.0350452624261, 0.0413022190332, 0.0482013337314, 0.0510062836111, 0.0581526756287, 0.0449082665145, 0.034042224288, 0.0216140430421, 0.019963491708, 0.0188693776727, 0.0209902450442, 0.0238877311349, 0.0201427601278, 0.0209711752832, 0.0248503424227, 0.0279525853693, 0.0422955863178, 0.050759870559, 0.0454467497766, 0.100236609578, 0.0305231660604, 0.0131160281599, 0.0140872253105, 0.0131997046992, 0.0174361448735, 0.0376726798713, 0.0510377883911, 0.0428762584925, 0.0590498037636, 0.0737219527364, 0.0825955048203], "dmean": [0.185015439987, 0.166313156486, 0.119996793568, 0.0773583576083, 0.070887774229, 0.0858533009887, 0.116951741278, 0.13246949017, 0.144454315305, 0.150317505002, 0.120636343956, 0.0867563560605, 0.0613609477878, 0.0545777976513, 0.0581389069557, 0.068845294416, 0.0695121884346, 0.0619539134204, 0.0609731264412, 0.0697191655636, 0.0920480340719, 0.133813872933, 0.144666448236, 0.159169957042, 0.197557076812, 0.113383121789, 0.0467234067619, 0.0544236600399, 0.0534637160599, 0.0668442323804, 0.10602748394, 0.121952876449, 0.117125019431, 0.132735937834, 0.161227151752, 0.195741862059], "max": [1, 1, 1, 1, 1, 1, 1, 1, 1, 1, 1, 1, 1, 1, 1, 1, 1, 1, 1, 1, 1, 1, 1, 1, 1, 1, 1, 1, 1, 1, 1, 1, 1, 1, 1, 1], "var": [0.116559572518, 0.10046634078, 0.0425189994276, 0.0250865425915, 0.0210188031197, 0.0277701895684, 0.0490003600717, 0.0719098597765, 0.060274489224, 0.0683875828981, 0.0554833076894, 0.0290298238397, 0.0168824195862, 0.0168243795633, 0.0145615944639, 0.022498704493, 0.0315296091139, 0.0194834191352, 0.0185660086572, 0.0204993188381, 0.0248626768589, 0.046998552978, 0.0541011616588, 0.0695043504238, 0.176399320364, 0.0534925051033, 0.0106625137851, 0.0164358150214, 0.0181773118675, 0.0183188430965, 0.054384700954, 0.0715987682343, 0.0420001894236, 0.0552542023361, 0.0818699598312, 0.0843977406621], "mean": [0.235158115625, 0.204717174172, 0.10871360451, 0.0610207952559, 0.0533339940012, 0.0708626508713, 0.121608138084, 0.1555531919, 0.149674400687, 0.153405591846, 0.130156859756, 0.0768124237657, 0.0520317219198, 0.047827180475, 0.0505142584443, 0.0712907016277, 0.0779999941587, 0.0585050210357, 0.0540963187814, 0.0587691292167, 0.081377543509, 0.133981570601, 0.141857624054, 0.2302852422, 0.331686317921, 0.179400071502, 0.0395975671709, 0.0549310818315, 0.0581786632538, 0.0651864632964, 0.120186664164, 0.140481337905, 0.105262905359, 0.11656627059, 0.150939464569, 0.182778909802]}, "tuning_equal_tempered_deviation": 0.179780736566, "chords_changes_rate": 0.0606608167291, "key_key": "A", "tuning_diatonic_strength": 0.564542472363, "key_scale": "minor", "chords_number_rate": 0.00361383589916, "tuning_frequency": 434.193115234, "tuning_nontempered_energy_ratio": 0.855134487152, "chords_histogram": [25.6066074371, 17.7594223022, 3.1491997242, 1.60041296482, 1.6778523922, 0.826019644737, 0.619514703751, 4.77542591095, 2.45224571228, 6.16933393478, 0, 5.65307188034, 0, 0, 0, 1.70366549492, 6.8404750824, 1.93598353863, 0.877645850182, 0, 0, 0.025813113898, 6.58234405518, 11.744966507], "key_strength": 0.697246789932, "chords_key": "A", "chords_strength": {"dmean2": 0.0112130185589, "median": 0.530197441578, "min": -1, "dvar2": 0.00105621572584, "dvar": 0.000562609056942, "dmean": 0.0113458381966, "max": 0.880674064159, "var": 0.0174436680973, "mean": 0.542868852615}, "chords_scale": "minor", "hpcp_entropy": {"dmean2": 1.154286623, "median": 2.258051157, "min": 0, "dvar2": 0.871715188026, "dvar": 0.326865971088, "dmean": 0.688400924206, "max": 4.57007169724, "var": 0.742839515209, "mean": 2.29073500633}}, "metadata": {"audio_properties": {"equal_loudness": 0, "codec": "flac", "downmix": "mix", "sample_rate": 48000, "analysis_sample_rate": 44100, "bit_rate": 0, "md5_encoded": "ba93cd520ffa9a7057cf0c25361f8848", "length": 179.829727173, "replay_gain": -13.3045940399, "lossless": true}, "version": {"essentia_build_sha": "2d9f1f26377add8aeb1075a9c2973f962c4f09fd", "essentia": "2.1-beta2", "extractor": "music 1.0", "essentia_git_sha": "v2.1_beta2-1-ge3940c0"}, "tags": {"title": ["A Cold Sweat (3-3 Cold)"], "media": ["Digital Media"], "albumartist": ["Danny Baranowsky"], "tracktotal": ["84"], "musicbrainz_releasegroupid": ["b7f6bb96-f9d6-4191-a800-60e59536e5d2"], "releasetype": ["album", "soundtrack"], "musicbrainz_recordingid": ["179bcdd4-c168-4968-ab20-712914d5e5a3"], "originalyear": ["2015"], "musicbrainz_releasetrackid": ["a324bcd7-d871-414e-b6fa-4a8c4bb05f16"], "discnumber": ["1"], "album": ["Crypt of the Necrodancer OST"], "releasecountry": ["XW"], "musicbrainz_albumartistid": ["9878be28-66b3-47f9-a019-baf1b32876ff"], "albumartistsort": ["Baranowsky, Danny"], "date": ["2015-04-21"], "file_name": "16 Danny Baranowsky - A Cold Sweat (3-3 Cold).flac", "disctotal": ["1"], "acoustid_id": ["34524095-d500-44c5-b222-625b861f6662"], "musicbrainz_artistid": ["9878be28-66b3-47f9-a019-baf1b32876ff"], "originaldate": ["2015-04-21"], "musicbrainz_albumid": ["acff124d-c4cd-4969-be76-a35fc5f7be84"], "tracknumber": ["16"], "artistsort": ["Baranowsky, Danny"], "artist": ["Danny Baranowsky"], "label": ["[no label]"], "totaltracks": ["84"], "totaldiscs": ["1"], "script": ["Latn"], "releasestatus": ["official"]}}, "rhythm": {"bpm_histogram_first_peak_bpm": {"dmean2": 0, "median": 157, "min": 157, "dvar2": 0, "dvar": 0, "dmean": 0, "max": 157, "var": 0, "mean": 157}, "bpm": 154.940597534, "bpm_histogram_second_peak_spread": {"dmean2": 0, "median": 0.0963855087757, "min": 0.0963855087757, "dvar2": 0, "dvar": 0, "dmean": 0, "max": 0.0963855087757, "var": 0, "mean": 0.0963855087757}, "bpm_histogram_first_peak_weight": {"dmean2": 0, "median": 0.577342033386, "min": 0.577342033386, "dvar2": 0, "dvar": 0, "dmean": 0, "max": 0.577342033386, "var": 0, "mean": 0.577342033386}, "onset_rate": 3.42507338524, "beats_position": [0.394739210606, 0.789478421211, 1.20743763447, 1.63700675964, 2.06657600403, 2.50775504112, 2.90249419212, 3.29723358154, 3.68036270142, 4.06349182129, 4.45823097229, 4.841360569, 5.22448968887, 5.61922883987, 6.01396799088, 6.39709758759, 6.78022670746, 7.17496585846, 7.55809497833, 7.94122457504, 8.32435321808, 8.70748329163, 9.10222244263, 9.4853515625, 9.86848068237, 10.2632198334, 10.6579589844, 11.0410881042, 11.4242172241, 11.8189563751, 12.2136955261, 12.5968255997, 12.9799547195, 13.3630838394, 13.7462129593, 14.1293420792, 14.512471199, 14.90721035, 15.301949501, 15.6850786209, 16.0682086945, 16.4629478455, 16.8576869965, 17.2408161163, 17.6239452362, 18.0070743561, 18.390203476, 18.7733325958, 19.1564617157, 19.5512008667, 19.9459400177, 20.3290691376, 20.7121982574, 21.1069393158, 21.4900684357, 21.8731975555, 22.2679367065, 22.6510658264, 23.0341949463, 23.4289340973, 23.8120632172, 24.195192337, 24.589931488, 24.9730606079, 25.3561897278, 25.7509288788, 26.1340579987, 26.5171871185, 26.9119262695, 27.2950553894, 27.6781845093, 28.0729255676, 28.4676647186, 28.8624038696, 29.2687530518, 29.6983222961, 30.1162815094, 30.5458488464, 30.9521980286, 31.3469390869, 31.7416782379, 32.1364173889, 32.5195465088, 32.9026756287, 33.2974128723, 33.6921539307, 34.0752830505, 34.4584121704, 34.8415412903, 35.2246704102, 35.6194114685, 36.0141487122, 36.3856697083, 36.7804069519, 37.1751480103, 37.5582771301, 37.94140625, 38.3361434937, 38.730884552, 39.1140136719, 39.4971427917, 39.8802719116, 40.2634010315, 40.6465301514, 41.0296592712, 41.4243965149, 41.8191375732, 42.2022666931, 42.585395813, 42.9801368713, 43.3632659912, 43.7463951111, 44.129524231, 44.5126533508, 44.9073905945, 45.3021316528, 45.6852607727, 46.0683898926, 46.4515190125, 46.8346481323, 47.229385376, 47.6241264343, 48.0072555542, 48.3903846741, 48.7851219177, 49.1682548523, 49.5513839722, 49.9461212158, 50.3408622742, 50.723991394, 51.1071205139, 51.4902496338, 51.8733787537, 52.2681159973, 52.6512451172, 53.0343742371, 53.4291152954, 53.8122444153, 54.1953735352, 54.5901107788, 54.9732398987, 55.3563690186, 55.7511100769, 56.1342391968, 56.5173683167, 56.9004974365, 57.2836265564, 57.6783676147, 58.0614967346, 58.4562339783, 58.8393630981, 59.2341041565, 59.6172332764, 60.0003623962, 60.3950996399, 60.7898406982, 61.1729698181, 61.556098938, 61.9276161194, 62.3223571777, 62.7054862976, 63.100227356, 63.4833564758, 63.8780937195, 64.2612228394, 64.6443557739, 65.0274810791, 65.4222183228, 65.8053512573, 66.200088501, 66.5832214355, 66.9663467407, 67.3610839844, 67.7442169189, 68.1273422241, 68.5220870972, 68.9052124023, 69.2883453369, 69.6830825806, 70.0662155151, 70.4493408203, 70.844078064, 71.2272109985, 71.6219482422, 72.0050811768, 72.3882064819, 72.7713394165, 73.1660766602, 73.5608139038, 73.9439468384, 74.3270721436, 74.7218093872, 75.1049423218, 75.488067627, 75.8712005615, 76.2543258667, 76.6490707397, 77.0321960449, 77.4153289795, 77.8100662231, 78.1931991577, 78.5763244629, 78.9710617065, 79.3658065796, 79.7489318848, 80.1320648193, 80.5151901245, 80.8983230591, 81.2930603027, 81.6761856079, 82.0593185425, 82.4540557861, 82.8371887207, 83.2203140259, 83.6150588989, 83.9981842041, 84.3813171387, 84.7760543823, 85.1824035645, 85.6003646851, 86.0183181763, 86.4362792969, 86.8542404175, 87.2722015381, 87.6785507202, 88.0732879639, 88.456413269, 88.8395462036, 89.2342834473, 89.6290206909, 90.0121536255, 90.3952789307, 90.7784118652, 91.1615371704, 91.5562820435, 91.9510192871, 92.3341445923, 92.7172775269, 93.100402832, 93.4835357666, 93.8782730103, 94.2730178833, 94.6561431885, 95.039276123, 95.4224014282, 95.8055343628, 96.2002716064, 96.5833969116, 96.9665298462, 97.3612670898, 97.7444000244, 98.1275253296, 98.5222625732, 98.9170074463, 99.3001327515, 99.683265686, 100.07800293, 100.461128235, 100.844261169, 101.227394104, 101.610519409, 102.005256653, 102.400001526, 102.783126831, 103.166259766, 103.560997009, 103.944122314, 104.327255249, 104.721992493, 105.105125427, 105.488250732, 105.871383667, 106.254508972, 106.649246216, 107.03237915, 107.415504456, 107.810249329, 108.204986572, 108.588119507, 108.971244812, 109.365982056, 109.772331238, 110.190292358, 110.608253479, 111.0262146, 111.444168091, 111.862129211, 112.268478394, 112.651611328, 113.034736633, 113.429473877, 113.812606812, 114.207344055, 114.59047699, 114.973602295, 115.356735229, 115.739860535, 116.122993469, 116.517730713, 116.912467957, 117.295600891, 117.678726196, 118.07346344, 118.456596375, 118.839729309, 119.234466553, 119.617591858, 120.000724792, 120.395462036, 120.79019928, 121.184944153, 121.568069458, 121.951202393, 122.334327698, 122.717460632, 123.112197876, 123.495323181, 123.878456116, 124.273193359, 124.656326294, 125.039451599, 125.422584534, 125.805709839, 126.200454712, 126.583580017, 126.966712952, 127.361450195, 127.756187439, 128.139312744, 128.522445679, 128.917190552, 129.300308228, 129.683441162, 130.066574097, 130.46131897, 130.844436646, 131.22756958, 131.610702515, 132.005432129, 132.388565063, 132.771697998, 133.166442871, 133.561172485, 133.955917358, 134.339050293, 134.722167969, 135.12852478, 135.546478271, 135.964447021, 136.394012451, 136.811965942, 137.229934692, 137.624664307, 138.007797241, 138.390930176, 138.78565979, 139.168792725, 139.551925659, 139.946670532, 140.329788208, 140.712921143, 141.107666016, 141.490783691, 141.873916626, 142.268661499, 142.651794434, 143.034912109, 143.429656982, 143.824401855, 144.207519531, 144.590652466, 144.9737854, 145.356918335, 145.751647949, 146.134780884, 146.517913818, 146.912643433, 147.295776367, 147.678909302, 148.073654175, 148.468383789, 148.851516724, 149.234649658, 149.617782593, 150.000900269, 150.384033203, 150.767166138, 151.161895752, 151.556640625, 151.93977356, 152.322906494, 152.717636108, 153.112380981, 153.495513916, 153.878631592, 154.273376465, 154.656509399, 155.039627075, 155.42276001, 155.805892944, 156.200637817, 156.583755493, 156.966888428, 157.361633301, 157.756362915, 158.13949585, 158.522628784, 158.917373657, 159.32371521, 159.741668701, 160.159637451, 160.589202881, 161.007156372, 161.413513184, 161.819854736, 162.202987671, 162.586120605, 162.96925354, 163.352371216, 163.747116089, 164.141860962, 164.524978638, 164.908111572, 165.302856445, 165.68598938, 166.069107056, 166.463851929, 166.846984863, 167.230117798, 167.624847412, 168.007980347, 168.391113281, 168.785842896, 169.180587769, 169.563720703, 169.946838379, 170.329971313, 170.713104248, 171.107849121, 171.490966797, 171.874099731, 172.268844604, 172.65196228, 173.035095215, 173.429840088, 173.812973022, 174.196090698, 174.590835571, 174.973968506, 175.35710144, 175.740219116, 176.123352051, 176.506484985, 176.9012146, 177.307571411, 177.713912964, 178.120269775, 178.526611328, 178.93296814, 179.339309692], "beats_loudness": {"dmean2": 0.0512951463461, "median": 0.0853365063667, "min": 2.87411344724e-10, "dvar2": 0.00238619651645, "dvar": 0.000836397695821, "dmean": 0.0299496483058, "max": 0.219738483429, "var": 0.001131657511, "mean": 0.0828158482909}, "danceability": 1.0681501627, "bpm_histogram_second_peak_weight": {"dmean2": 0, "median": 0.326797395945, "min": 0.326797395945, "dvar2": 0, "dvar": 0, "dmean": 0, "max": 0.326797395945, "var": 0, "mean": 0.326797395945}, "beats_count": 460, "bpm_histogram_second_peak_bpm": {"dmean2": 0, "median": 152, "min": 152, "dvar2": 0, "dvar": 0, "dmean": 0, "max": 152, "var": 0, "mean": 152}, "bpm_histogram_first_peak_spread": {"dmean2": 0, "median": 0.00749060232192, "min": 0.00749060232192, "dvar2": 0, "dvar": 0, "dmean": 0, "max": 0.00749060232192, "var": 0, "mean": 0.00749060232192}, "beats_loudness_band_ratio": {"dmean2": [0.293433606625, 0.12203578651, 0.0836249664426, 0.0452881902456, 0.0361002497375, 0.16052994132], "median": [0.74303984642, 0.0670700371265, 0.0433608666062, 0.0242942590266, 0.019680198282, 0.0755692571402], "min": [0.0321111902595, 0.00301411515102, 0.000564573681913, 0.000109380111098, 0.000164048673469, 0.000146289428812], "dvar2": [0.0708096623421, 0.0142653072253, 0.00702003156766, 0.00287816673517, 0.00332001456991, 0.0156076466665], "dvar": [0.0246072728187, 0.00459026405588, 0.00258840946481, 0.00113485509064, 0.00123825576156, 0.00601040199399], "dmean": [0.167222157121, 0.0682053267956, 0.047224059701, 0.0265561882406, 0.0208432748914, 0.0876182243228], "max": [0.995820343494, 0.529322087765, 0.425961107016, 0.39901560545, 0.345233082771, 0.833908498287], "var": [0.0302791241556, 0.00465163821355, 0.00410673394799, 0.00176254950929, 0.00130277383141, 0.00705757457763], "mean": [0.723772406578, 0.0858805775642, 0.0641112849116, 0.0349778458476, 0.0277647580951, 0.0900391936302]}}, "lowlevel": {"barkbands_spread": {"dmean2": 11.0281867981, "median": 22.3605499268, "min": 0.123261071742, "dvar2": 144.234268188, "dvar": 75.2205352783, "dmean": 7.5975022316, "max": 103.000740051, "var": 373.377105713, "mean": 26.9538631439}, "melbands_spread": {"dmean2": 10.2631702423, "median": 12.2991886139, "min": 0.207296863198, "dvar2": 316.48336792, "dvar": 161.062057495, "dmean": 6.93980550766, "max": 216.180236816, "var": 517.292480469, "mean": 18.8986225128}, "hfc": {"dmean2": 15.6832857132, "median": 33.3805885315, "min": 3.66391859075e-08, "dvar2": 550.458679199, "dvar": 272.874389648, "dmean": 11.122636795, "max": 196.373291016, "var": 849.641906738, "mean": 40.1568489075}, "barkbands_kurtosis": {"dmean2": 16.0481700897, "median": 5.94350910187, "min": -1.8913577795, "dvar2": 3543.62841797, "dvar": 1338.97668457, "dmean": 10.0796003342, "max": 969.561645508, "var": 1932.8605957, "mean": 14.836725235}, "gfcc": {"mean": [45.4433021545, 60.1162948608, -75.3647842407, 37.905670166, -46.5755729675, 21.5766525269, -25.2250709534, 9.50419139862, -11.4539432526, 5.29462337494, -13.3133687973, 3.77457952499, -10.3339805603], "icov": [[8.40635693748e-05, -0.000141907934449, -1.55316083692e-05, -0.000127527484437, 0.000250363838859, -0.00012089676602, -1.24504349515e-05, 1.98831203306e-05, 0.0001162956396, -0.00051702442579, 0.000666825973894, -0.000493194849696, 0.000437471229816], [-0.000141907934449, 0.00126650428865, 0.000362978666089, -9.08204820007e-05, -0.00108845345676, 0.00016766115732, -0.000453350687167, 0.00103832967579, -0.00112091784831, 0.00162865349557, -0.002819592366, 0.00205609574914, -0.00132118433248], [-1.55316083692e-05, 0.000362978666089, 0.00305132544599, -0.00142649107147, -0.00074755307287, 0.000162676267792, -0.000572795164771, 0.000357154465746, -0.00019817937573, -0.00081058946671, 0.00106930511538, -0.00300071132369, 0.00275033642538], [-0.000127527484437, -9.08204820007e-05, -0.00142649107147, 0.00510463165119, -0.000437028909801, -0.00350829400122, 0.000643887673505, -0.000542842084542, 0.00277166184969, 0.00076708837878, -0.0029417949263, 0.00444741779938, -0.00283224973828], [0.000250363838859, -0.00108845345676, -0.00074755307287, -0.000437028909801, 0.00700591038913, -0.00090311357053, -0.00245065498166, -0.00122150150128, 0.000422816461651, -0.000910051399842, 0.00178223790135, 0.000355847238097, -0.000860831059981], [-0.00012089676602, 0.00016766115732, 0.000162676267792, -0.00350829400122, -0.00090311357053, 0.0102992393076, -0.00175378238782, 8.96680867299e-05, -0.00290684658103, 0.000693680718541, 0.00212372350506, -0.00303581613116, 0.0011300961487], [-1.24504349515e-05, -0.000453350687167, -0.000572795164771, 0.000643887673505, -0.00245065498166, -0.00175378238782, 0.0121042961255, -0.00733165163547, 0.00107511656824, 0.00385969877243, -0.00557986041531, 0.00236674933694, -0.00110763229895], [1.98831203306e-05, 0.00103832967579, 0.000357154465746, -0.000542842084542, -0.00122150150128, 8.96680867299e-05, -0.00733165163547, 0.0190619900823, -0.00602722819895, -0.00750283990055, 0.010060432367, -0.00559450127184, -0.00123167329002], [0.0001162956396, -0.00112091784831, -0.00019817937573, 0.00277166184969, 0.000422816461651, -0.00290684658103, 0.00107511656824, -0.00602722819895, 0.0179631598294, -0.00563183473423, -0.00606301799417, 0.00636874511838, -0.00318134739064], [-0.00051702442579, 0.00162865349557, -0.00081058946671, 0.00076708837878, -0.000910051399842, 0.000693680718541, 0.00385969877243, -0.00750283990055, -0.00563183473423, 0.0243265740573, -0.0151378931478, -0.000583977031056, 0.00404946040362], [0.000666825973894, -0.002819592366, 0.00106930511538, -0.0029417949263, 0.00178223790135, 0.00212372350506, -0.00557986041531, 0.010060432367, -0.00606301799417, -0.0151378931478, 0.0341697335243, -0.0150133129209, 0.00294681428932], [-0.000493194849696, 0.00205609574914, -0.00300071132369, 0.00444741779938, 0.000355847238097, -0.00303581613116, 0.00236674933694, -0.00559450127184, 0.00636874511838, -0.000583977031056, -0.0150133129209, 0.0367882139981, -0.02008866705], [0.000437471229816, -0.00132118433248, 0.00275033642538, -0.00283224973828, -0.000860831059981, 0.0011300961487, -0.00110763229895, -0.00123167329002, -0.00318134739064, 0.00404946040362, 0.00294681428932, -0.02008866705, 0.031153107062]], "cov": [[22415.9589844, -382.050445557, 827.684753418, 653.815673828, -684.69921875, 411.848388672, -308.176635742, 79.031036377, -219.285354614, 371.289123535, -297.375915527, 109.776153564, -358.043212891], [-382.050445557, 2325.21240234, -359.073944092, 147.80921936, 336.126037598, 42.1859664917, 190.68800354, -144.998474121, 152.127029419, -101.163757324, 203.299743652, -107.89466095, 97.799331665], [827.684753418, -359.073944092, 541.635681152, 156.630004883, 13.4890375137, 72.8042221069, 10.7336969376, 51.0400543213, -35.7904815674, 46.9281959534, -31.6810932159, 41.293182373, -40.4286804199], [653.815673828, 147.80921936, 156.630004883, 395.2215271, 69.590713501, 133.75642395, 34.4711990356, -10.6837692261, -40.6478805542, -24.9980659485, -2.17508983612, -20.5073547363, 3.14469695091], [-684.69921875, 336.126037598, 13.4890375137, 69.590713501, 269.362640381, 50.1852378845, 111.114578247, 31.5485572815, 34.4469337463, -18.8759899139, 28.0249938965, -11.3575716019, 35.8229141235], [411.848388672, 42.1859664917, 72.8042221069, 133.75642395, 50.1852378845, 162.22164917, 44.6299743652, 27.5265407562, 9.67890548706, 2.06065917015, -3.57797670364, 7.06483364105, 5.53028297424], [-308.176635742, 190.68800354, 10.7336969376, 34.4711990356, 111.114578247, 44.6299743652, 166.118255615, 58.8833656311, 35.8519515991, -2.92676115036, 30.0895805359, 4.22287273407, 28.2049789429], [79.031036377, -144.998474121, 51.0400543213, -10.6837692261, 31.5485572815, 27.5265407562, 58.8833656311, 128.163543701, 39.7169837952, 47.2134475708, -7.53985786438, 29.6696777344, 12.061542511], [-219.285354614, 152.127029419, -35.7904815674, -40.6478805542, 34.4469337463, 9.67890548706, 35.8519515991, 39.7169837952, 117.019386292, 47.2897377014, 48.1530265808, 3.65833568573, 16.0481033325], [371.289123535, -101.163757324, 46.9281959534, -24.9980659485, -18.8759899139, 2.06065917015, -2.92676115036, 47.2134475708, 47.2897377014, 108.805206299, 37.4666061401, 29.2575111389, -8.74524021149], [-297.375915527, 203.299743652, -31.6810932159, -2.17508983612, 28.0249938965, -3.57797670364, 30.0895805359, -7.53985786438, 48.1530265808, 37.4666061401, 90.3455123901, 19.2807826996, 21.0071716309], [109.776153564, -107.89466095, 41.293182373, -20.5073547363, -11.3575716019, 7.06483364105, 4.22287273407, 29.6696777344, 3.65833568573, 29.2575111389, 19.2807826996, 68.4666213989, 28.0223331451], [-358.043212891, 97.799331665, -40.4286804199, 3.14469695091, 35.8229141235, 5.53028297424, 28.2049789429, 12.061542511, 16.0481033325, -8.74524021149, 21.0071716309, 28.0223331451, 66.2573776245]]}, "spectral_energyband_middle_low": {"dmean2": 0.0129785994068, "median": 0.0124989682809, "min": 2.45472560464e-13, "dvar2": 0.000427366234362, "dvar": 0.000170148428879, "dmean": 0.00812132190913, "max": 0.108375690877, "var": 0.000217446620809, "mean": 0.016050349921}, "melbands_crest": {"dmean2": 5.98802947998, "median": 20.4702110291, "min": 2.56352138519, "dvar2": 36.0326499939, "dvar": 14.5945425034, "dmean": 3.8596971035, "max": 37.9647712708, "var": 43.4769859314, "mean": 20.3823223114}, "spectral_kurtosis": {"dmean2": 1.69446003437, "median": 2.08605718613, "min": -0.244642078876, "dvar2": 19.9877910614, "dvar": 7.5484828949, "dmean": 1.05206131935, "max": 95.6956558228, "var": 11.4896316528, "mean": 2.86897683144}, "spectral_rms": {"dmean2": 0.0017897663638, "median": 0.00878905877471, "min": 1.05489057489e-07, "dvar2": 4.20958531322e-06, "dvar": 1.87767807347e-06, "dmean": 0.00119703100063, "max": 0.0157024394721, "var": 7.79432320996e-06, "mean": 0.00811962410808}, "zerocrossingrate": {"dmean2": 0.0169624146074, "median": 0.0517578125, "min": 0.00146484375, "dvar2": 0.000310476258164, "dvar": 0.000291220349027, "dmean": 0.0152581427246, "max": 0.36669921875, "var": 0.00294326501898, "mean": 0.0657324492931}, "silence_rate_60dB": {"dmean2": 0.018336776644, "median": 0, "min": 0, "dvar2": 0.0205826573074, "dvar": 0.00908305961639, "dmean": 0.009167204611, "max": 1, "var": 0.0296616517007, "mean": 0.0305964369327}, "erbbands_kurtosis": {"dmean2": 0.918941915035, "median": -0.719402611256, "min": -1.84179747105, "dvar2": 1.87178254128, "dvar": 0.862235188484, "dmean": 0.592326045036, "max": 24.5716056824, "var": 1.77405405045, "mean": -0.376731842756}, "erbbands": {"dmean2": [1.096986413, 4.80619192123, 7.8648853302, 16.6228466034, 20.0958461761, 15.2722110748, 22.9982585907, 26.1382923126, 28.4132461548, 27.9696063995, 21.0310554504, 24.7788581848, 19.3494186401, 21.2992610931, 22.9266223907, 15.0561313629, 17.4042110443, 21.5429229736, 19.5387001038, 14.8963565826, 14.0194749832, 15.1336154938, 11.7456712723, 10.9564218521, 9.40194511414, 10.5227565765, 10.8957691193, 14.9836673737, 14.265127182, 14.6925888062, 17.5949249268, 7.81438350677, 4.65922880173, 2.14102625847, 1.44392323494, 0.648646533489, 0.248750761151, 0.0756717845798, 0.0208875592798, 0.000901379447896], "median": [1.44333827496, 5.07499933243, 6.60664844513, 8.23416423798, 8.88750076294, 8.45617866516, 7.62521934509, 8.00120830536, 9.92806625366, 12.4297332764, 11.7573490143, 13.0540885925, 10.8763399124, 11.8978033066, 11.7823839188, 9.74720859528, 11.197394371, 13.5077238083, 12.8901920319, 12.3500137329, 11.466299057, 13.3469734192, 11.8474311829, 12.0434818268, 10.2009563446, 9.40526771545, 9.96832752228, 12.6009120941, 12.7733402252, 12.9917297363, 9.77864074707, 6.47943878174, 4.64868164063, 2.61740875244, 1.65059995651, 0.757426917553, 0.281664788723, 0.0666480511427, 0.00911677256227, 0.000504082767293], "min": [1.39012010236e-10, 3.73506850448e-11, 9.20910396551e-12, 1.52402847287e-11, 2.03721744335e-11, 5.66669454416e-11, 9.51315276554e-11, 1.81713671887e-10, 2.2798685162e-10, 2.76524081411e-10, 3.71378122699e-10, 5.78018077846e-10, 9.3306107285e-10, 3.8780662015e-10, 5.44581268969e-10, 5.58545432128e-10, 8.48771664064e-10, 2.20355467206e-09, 8.72701799715e-10, 7.79752540314e-10, 3.75126069097e-10, 9.76159375554e-10, 1.47800027772e-09, 1.74361702854e-09, 8.25725432474e-10, 1.91259075244e-09, 1.32085520299e-09, 1.99456229311e-09, 1.81512382902e-09, 1.73957803717e-09, 3.99431776543e-09, 2.12959605506e-09, 1.91674942585e-09, 1.975202224e-09, 1.13392395473e-09, 6.0956117931e-10, 6.33391061822e-10, 4.82789364042e-10, 1.34856847911e-10, 1.36731216627e-11], "dvar2": [2.54000735283, 50.7549285889, 165.530975342, 781.183105469, 1327.41308594, 589.465393066, 2435.63110352, 3465.64746094, 2874.94165039, 2756.55102539, 1191.04516602, 1427.22167969, 1249.12866211, 1264.98144531, 1845.35705566, 666.199707031, 748.783081055, 1100.32373047, 766.551940918, 501.498718262, 309.598114014, 310.915557861, 156.284057617, 178.386520386, 124.331474304, 227.339294434, 282.188476563, 440.323730469, 397.687438965, 392.633148193, 891.659851074, 151.295410156, 43.9968185425, 9.23183917999, 4.65618944168, 1.17057466507, 0.172470539808, 0.0193812809885, 0.0032933675684, 6.34082380202e-06], "dvar": [1.06186461449, 19.8922080994, 63.2225914001, 299.972686768, 491.374267578, 210.750457764, 863.06237793, 1233.60205078, 1082.36547852, 1182.8996582, 560.277770996, 615.565002441, 568.94519043, 589.618591309, 774.749755859, 265.830841064, 326.197052002, 475.629425049, 299.500427246, 223.287017822, 118.823013306, 112.921028137, 56.8159065247, 66.4511489868, 49.5094108582, 96.4410324097, 124.316291809, 174.024703979, 201.123504639, 215.523010254, 374.377502441, 81.8915100098, 26.1996803284, 5.51035547256, 2.08312726021, 0.512781858444, 0.079431861639, 0.00907676480711, 0.001410135068, 2.62335925072e-06], "dmean": [0.724401652813, 3.03703022003, 5.01458120346, 10.3389539719, 12.0871181488, 8.89415645599, 13.0703992844, 15.0182666779, 16.8375549316, 17.5503940582, 13.4692802429, 15.4964313507, 12.3415966034, 13.6180438995, 14.1745119095, 9.17849159241, 10.8882331848, 13.3497781754, 11.763999939, 9.04405975342, 8.36793041229, 9.07672023773, 6.86905145645, 6.54120016098, 5.73632907867, 6.66469573975, 6.81294298172, 9.17771244049, 9.50556182861, 10.0679988861, 10.5903539658, 5.44134712219, 3.30769109726, 1.57660377026, 0.946005344391, 0.434965521097, 0.16613021493, 0.0509492866695, 0.0136362165213, 0.000585891713854], "max": [10.5882959366, 48.2607574463, 108.869842529, 145.86050415, 224.183578491, 139.64692688, 268.488861084, 494.659423828, 498.304107666, 909.480285645, 724.889648438, 503.074645996, 718.580322266, 469.108184814, 655.743896484, 305.866912842, 362.191436768, 390.105438232, 348.385650635, 349.341949463, 196.990631104, 112.069290161, 93.9390487671, 132.788024902, 126.865898132, 201.592926025, 269.00213623, 176.675094604, 159.64755249, 156.643127441, 148.884643555, 81.7447128296, 92.9530639648, 33.0236968994, 24.7214183807, 15.5423583984, 5.67247247696, 1.6104837656, 0.791995823383, 0.0471842288971], "var": [2.21585702896, 47.7295799255, 101.004501343, 310.721313477, 437.146118164, 215.295196533, 711.711730957, 1259.43811035, 2077.61132813, 4042.9375, 2239.11694336, 1482.33105469, 1256.45373535, 1467.34460449, 1583.89489746, 541.156799316, 723.860778809, 1057.59777832, 507.438812256, 477.098815918, 212.853179932, 194.035842896, 120.150840759, 186.583770752, 157.527587891, 325.28036499, 459.364807129, 505.270294189, 629.584960938, 662.962158203, 758.577819824, 274.317443848, 94.0766220093, 19.9826335907, 5.76959896088, 1.24397575855, 0.200809448957, 0.0207401160151, 0.0018908631755, 3.29863109982e-06], "mean": [1.70056390762, 7.00486183167, 9.33104419708, 14.1021299362, 15.2427062988, 12.6823177338, 15.7981119156, 19.8373603821, 27.2864990234, 34.0720481873, 27.1258106232, 25.7699890137, 21.4778594971, 23.9449062347, 23.4371414185, 16.2391471863, 19.5202865601, 23.1007270813, 19.6758918762, 17.3079929352, 15.3469419479, 16.8253555298, 14.0290470123, 15.131731987, 13.3239946365, 14.8311738968, 16.6845436096, 20.2951431274, 21.8175811768, 22.0726890564, 19.8056621552, 12.6445035934, 7.90624713898, 4.04305553436, 2.316655159, 1.06612741947, 0.407741099596, 0.114121459424, 0.0232272855937, 0.00107804394793]}, "spectral_strongpeak": {"dmean2": 0.345942407846, "median": 0.423612833023, "min": 0, "dvar2": 0.24992673099, "dvar": 0.0941040441394, "dmean": 0.202619314194, "max": 4.30986404419, "var": 0.120944425464, "mean": 0.475848764181}, "spectral_energy": {"dmean2": 0.0313778668642, "median": 0.0791787356138, "min": 1.14061407888e-11, "dvar2": 0.00146310473792, "dvar": 0.00058620958589, "dmean": 0.0203407797962, "max": 0.252730756998, "var": 0.00160611327738, "mean": 0.0755658745766}, "average_loudness": 0.922381699085, "spectral_rolloff": {"dmean2": 957.336425781, "median": 473.73046875, "min": 64.599609375, "dvar2": 2980311.25, "dvar": 1450257.375, "dmean": 600.397338867, "max": 14491.8457031, "var": 4702264.5, "mean": 1330.28552246}, "spectral_centroid": {"dmean2": 458.559509277, "median": 1364.70422363, "min": 78.3864364624, "dvar2": 232019.34375, "dvar": 120761.429688, "dmean": 310.651245117, "max": 4781.515625, "var": 546373.375, "mean": 1471.39904785}, "pitch_salience": {"dmean2": 0.140713259578, "median": 0.487421184778, "min": 0.0266770124435, "dvar2": 0.0195114631206, "dvar": 0.0082913627848, "dmean": 0.0916248038411, "max": 0.926793634892, "var": 0.0267857015133, "mean": 0.479382365942}, "spectral_energyband_middle_high": {"dmean2": 0.00200116052292, "median": 0.0035703079775, "min": 2.00769508982e-13, "dvar2": 4.6377185754e-06, "dvar": 2.00655813387e-06, "dmean": 0.00129164149985, "max": 0.0223543420434, "var": 8.28380962048e-06, "mean": 0.00407804874703}, "spectral_contrast_coeffs": {"dmean2": [0.0914112702012, 0.0800297036767, 0.0646126940846, 0.0485379062593, 0.0319845117629, 0.0254946034402], "median": [-0.701364636421, -0.761873841286, -0.793790578842, -0.811633348465, -0.814673244953, -0.7677693367], "min": [-0.99286711216, -0.981532931328, -0.986127197742, -0.989068865776, -0.976523756981, -0.970134496689], "dvar2": [0.00674827117473, 0.00459903664887, 0.00254875095561, 0.00156066345517, 0.000684951490257, 0.000495436717756], "dvar": [0.00279527227394, 0.00164600869175, 0.000954669259954, 0.000596130790655, 0.00026568362955, 0.000212416212889], "dmean": [0.0571617484093, 0.0479119159281, 0.0390616953373, 0.0289482045919, 0.0190376453102, 0.0158340074122], "max": [-0.297530502081, -0.496885210276, -0.521807551384, -0.536261200905, -0.648792147636, -0.626245677471], "var": [0.00683078309521, 0.00499425455928, 0.00378504930995, 0.0026920477394, 0.00115198479034, 0.00135739217512], "mean": [-0.690380513668, -0.757569909096, -0.789210379124, -0.804698348045, -0.811796247959, -0.768504559994]}, "melbands_skewness": {"dmean2": 1.94528198242, "median": 4.60551166534, "min": -1.02711212635, "dvar2": 5.96844530106, "dvar": 2.56652879715, "dmean": 1.27530658245, "max": 32.0152435303, "var": 8.27824211121, "mean": 5.1253824234}, "spectral_spread": {"dmean2": 889967.5625, "median": 7102487, "min": 1344212.5, "dvar2": 2479697166340.0, "dvar": 1023410372610.0, "dmean": 585392.4375, "max": 30001724, "var": 3507884916740.0, "mean": 6667149}, "dissonance": {"dmean2": 0.0247508212924, "median": 0.480699121952, "min": 0.28614577651, "dvar2": 0.000689162057824, "dvar": 0.000252895086305, "dmean": 0.0146832317114, "max": 0.500000119209, "var": 0.000504815368913, "mean": 0.474598497152}, "spectral_skewness": {"dmean2": 0.270211875439, "median": 1.25590074062, "min": 0.149156868458, "dvar2": 0.208401665092, "dvar": 0.0867368727922, "dmean": 0.182600557804, "max": 9.23621368408, "var": 0.240152299404, "mean": 1.31898605824}, "spectral_flux": {"dmean2": 0.0628489926457, "median": 0.102736726403, "min": 3.78569779969e-06, "dvar2": 0.00441960711032, "dvar": 0.00197231420316, "dmean": 0.0399632714689, "max": 0.37809830904, "var": 0.0039489059709, "mean": 0.120120458305}, "spectral_contrast_valleys": {"dmean2": [0.594728946686, 0.662669479847, 0.596140384674, 0.515535593033, 0.442535549402, 0.412811070681], "median": [-5.97513866425, -6.29595947266, -6.9468126297, -7.25235509872, -6.99010467529, -8.80809593201], "min": [-19.7378158569, -18.6155357361, -18.6684627533, -18.4706268311, -18.2031211853, -19.4209098816], "dvar2": [0.420434713364, 0.476004064083, 0.359454542398, 0.341267615557, 0.35816475749, 0.495654463768], "dvar": [0.268649727106, 0.250494718552, 0.199216738343, 0.187783434987, 0.198789134622, 0.275123119354], "dmean": [0.38669270277, 0.415394514799, 0.372506558895, 0.326471477747, 0.289709955454, 0.306154608727], "max": [-4.97810840607, -4.49014616013, -5.20173692703, -5.81360578537, -5.66534662247, -7.54797506332], "var": [3.08698868752, 2.05690026283, 1.77837193012, 1.75066828728, 1.89472329617, 2.62434148788], "mean": [-6.48010492325, -6.51624345779, -7.18920993805, -7.48665714264, -7.27927875519, -9.20569419861]}, "erbbands_flatness_db": {"dmean2": 0.0198743399233, "median": 0.0804150849581, "min": 0.0128927351907, "dvar2": 0.000695338123478, "dvar": 0.000319386075716, "dmean": 0.0132825039327, "max": 0.273266196251, "var": 0.00161561765708, "mean": 0.0932662189007}, "spectral_energyband_high": {"dmean2": 0.00153578829486, "median": 0.00215936102904, "min": 2.28327187886e-12, "dvar2": 5.8191599237e-06, "dvar": 3.15701822728e-06, "dmean": 0.00110842124559, "max": 0.0170957669616, "var": 1.07288115032e-05, "mean": 0.00316850934178}, "spectral_entropy": {"dmean2": 0.235321849585, "median": 8.09801578522, "min": 3.97758245468, "dvar2": 0.122032463551, "dvar": 0.0532030500472, "dmean": 0.158125072718, "max": 9.3902349472, "var": 0.216553330421, "mean": 7.9983625412}, "silence_rate_20dB": {"dmean2": 0, "median": 1, "min": 1, "dvar2": 0, "dvar": 0, "dmean": 0, "max": 1, "var": 0, "mean": 1}, "melbands_flatness_db": {"dmean2": 0.0513609871268, "median": 0.217561751604, "min": 0.0109603907913, "dvar2": 0.00307115027681, "dvar": 0.00144085567445, "dmean": 0.0344750098884, "max": 0.617176949978, "var": 0.00710552418604, "mean": 0.224622234702}, "barkbands": {"dmean2": [0.00287901493721, 0.0252322554588, 0.00848591513932, 0.00698821572587, 0.00469163572416, 0.00325582525693, 0.00181220960803, 0.00119494681712, 0.00101368420292, 0.000782930408604, 0.00056869519176, 0.000369032903109, 0.000396937481128, 0.0004296565603, 0.000339857244398, 0.000266934104729, 0.000294810102787, 0.000227526121307, 0.000188879464986, 0.000242178735789, 0.00032085221028, 0.000374477851437, 0.000558115483727, 0.000282454420812, 0.000177663285285, 0.000130788073875, 9.93108769762e-05], "median": [0.00250411382876, 0.0331574380398, 0.00472677219659, 0.00230917101726, 0.00276562501676, 0.00100308062974, 0.000743096228689, 0.000504908384755, 0.000512646161951, 0.000366664200556, 0.000248471624218, 0.00019829152734, 0.00022623129189, 0.000256225059275, 0.000236836567638, 0.000210134778172, 0.000238348147832, 0.000211501028389, 0.000207354256418, 0.000204193434911, 0.000292490411084, 0.000354018993676, 0.000374477298465, 0.000295995327178, 0.000235413055634, 0.00016204440908, 5.29116223333e-05], "min": [4.88314466987e-12, 3.33804923806e-13, 1.81615171781e-15, 4.45498291509e-15, 1.59525950121e-14, 1.88042025798e-14, 1.70550219455e-14, 8.77115407079e-15, 2.06257909786e-14, 2.72637222179e-14, 7.87259695639e-15, 1.63158501737e-14, 2.27578050941e-14, 3.2465814027e-14, 2.26339180552e-14, 5.96869135469e-15, 1.40104882245e-14, 3.23936942537e-14, 2.32727536922e-14, 3.55235758615e-14, 4.13096545361e-14, 4.53363814047e-14, 1.17655180303e-13, 1.08032459118e-13, 1.63707236786e-13, 2.75883049045e-13, 9.95011039708e-13], "dvar2": [2.03456311283e-05, 0.00128377170768, 0.000243669841439, 0.00017965817824, 5.60807638976e-05, 5.37495980097e-05, 9.35571824812e-06, 4.26372662332e-06, 2.23486222239e-06, 1.74026297373e-06, 1.18030072827e-06, 3.70768475477e-07, 3.69880694961e-07, 3.99105005044e-07, 2.18897426407e-07, 1.09925956338e-07, 1.16046820153e-07, 6.24385307901e-08, 5.49037828534e-08, 1.13561604564e-07, 2.17003034209e-07, 2.63766054331e-07, 7.84964186096e-07, 1.56433486609e-07, 7.11559309252e-08, 4.66292000567e-08, 6.52080700547e-08], "dvar": [7.23992752683e-06, 0.000537374289706, 9.1765243269e-05, 6.49551584502e-05, 2.06431359402e-05, 1.90174196177e-05, 3.7392910599e-06, 1.93545156435e-06, 9.58617192737e-07, 8.00878808604e-07, 5.15883016305e-07, 1.47683934415e-07, 1.56696941644e-07, 1.67171975818e-07, 9.33046493401e-08, 4.57175488577e-08, 4.30451336797e-08, 2.25560530254e-08, 2.12128608013e-08, 4.69316887575e-08, 8.65386766691e-08, 1.48124229327e-07, 3.51137771304e-07, 1.07474946276e-07, 3.6798908809e-08, 2.16172573175e-08, 2.81787606582e-08], "dmean": [0.00178393768147, 0.0163162145764, 0.00539660