{"tonal": {"thpcp": [1, 0.749840915203, 0.367093622684, 0.32215076685, 0.187661588192, 0.0849900469184, 0.0941716954112, 0.119576193392, 0.379638493061, 0.665098547935, 0.443152278662, 0.238153830171, 0.277130037546, 0.234645202756, 0.531917989254, 0.864135146141, 0.532158732414, 0.121346287429, 0.0423448421061, 0.0829253271222, 0.445193439722, 0.81193703413, 0.62373906374, 0.466917574406, 0.564732253551, 0.361387878656, 0.0951781719923, 0.0388139747083, 0.0471344217658, 0.139463216066, 0.245721891522, 0.184987053275, 0.0989082157612, 0.121282100677, 0.162397027016, 0.5306199193], "hpcp": {"dmean2": [0.0337386131287, 0.0481477193534, 0.0978167653084, 0.124684296548, 0.161767706275, 0.158593267202, 0.153394550085, 0.117627032101, 0.0590404197574, 0.0295424554497, 0.0294909849763, 0.0449661463499, 0.0518842227757, 0.0515870302916, 0.0443965122104, 0.0494040846825, 0.0782837942243, 0.146821811795, 0.193781092763, 0.181688949466, 0.130082860589, 0.0957970321178, 0.0839467197657, 0.0463490374386, 0.0389544814825, 0.0565512105823, 0.0938443243504, 0.0893883109093, 0.101148329675, 0.0839223787189, 0.0772460624576, 0.0917191952467, 0.137685611844, 0.138806268573, 0.125689700246, 0.0692656710744], "median": [0.000550157099497, 0.000451294472441, 0.0102674942464, 0.0326841622591, 0.032135348767, 0.0287504158914, 0.0290016420186, 0.0135587072, 0.00140876637306, 0.000647807435598, 0.00122264027596, 0.00313299312256, 0.00281188846566, 0.00151370267849, 0.00169647391886, 0.00104668491986, 0.0020465538837, 0.0538323186338, 0.130637601018, 0.0921001210809, 0.0097090434283, 0.000727779057343, 0.000711741682608, 0.000806448166259, 0.000609791255556, 0.00160579534713, 0.00324058672413, 0.00436440389603, 0.00815592799336, 0.0124479103833, 0.00873564835638, 0.00666271010414, 0.0144872860983, 0.0134255243465, 0.00610326370224, 0.00161878578365], "min": [0, 0, 0, 0, 0, 0, 0, 0, 0, 0, 0, 0, 0, 0, 0, 0, 0, 0, 0, 0, 0, 0, 0, 0, 0, 0, 0, 0, 0, 0, 0, 0, 0, 0, 0, 0], "dvar2": [0.0232491344213, 0.0292052589357, 0.0528254210949, 0.0633698105812, 0.0844054296613, 0.0824764743447, 0.0849231556058, 0.0646418854594, 0.0384864397347, 0.0217724982649, 0.0202367566526, 0.0225767809898, 0.0293223764747, 0.0266002323478, 0.0236456785351, 0.0285563282669, 0.0451352074742, 0.0647954568267, 0.0912969186902, 0.0740796029568, 0.0733338445425, 0.0552327185869, 0.0485769025981, 0.0219767279923, 0.0217895749956, 0.0338335670531, 0.0447270199656, 0.0513682328165, 0.0463535003364, 0.0324983820319, 0.0325260870159, 0.0481905192137, 0.0712401419878, 0.0881588980556, 0.0653586611152, 0.0430743992329], "dvar": [0.00821677036583, 0.0104145035148, 0.0201577376574, 0.0257219523191, 0.0345882028341, 0.0327689871192, 0.0322682261467, 0.0267544891685, 0.0141795370728, 0.00762021448463, 0.00745537690818, 0.00956383533776, 0.0117422705516, 0.0113798510283, 0.00911609269679, 0.0105223087594, 0.017871633172, 0.0261409189552, 0.0356653667986, 0.0315209701657, 0.0294353961945, 0.021758062765, 0.020414410159, 0.00859197508544, 0.00820593070239, 0.012996812351, 0.0193110350519, 0.0205429680645, 0.0199749525636, 0.0133019201458, 0.0126353725791, 0.0188652053475, 0.0298758633435, 0.0314805731177, 0.0279724057764, 0.0167988240719], "dmean": [0.0181938931346, 0.0269562751055, 0.0594737157226, 0.0729295611382, 0.0980587601662, 0.0939881578088, 0.0908564254642, 0.0711584687233, 0.0332831293344, 0.0159547384828, 0.0164250321686, 0.0281584430486, 0.0307145416737, 0.0315065681934, 0.0260628685355, 0.0283894930035, 0.0450418144464, 0.0893977507949, 0.116464927793, 0.11182872206, 0.0773355513811, 0.0559048056602, 0.0493143983185, 0.0268514454365, 0.023063108325, 0.0328702554107, 0.0579546354711, 0.052960883826, 0.0623687691987, 0.0504891015589, 0.0454990975559, 0.0538646131754, 0.0852802395821, 0.0805082172155, 0.078839622438, 0.040065061301], "max": [1, 1, 1, 1, 1, 1, 1, 1, 1, 1, 1, 1, 1, 1, 1, 1, 1, 1, 1, 1, 1, 1, 1, 1, 1, 1, 1, 1, 1, 1, 1, 1, 1, 1, 1, 1], "var": [0.00511369435117, 0.00847487337887, 0.0607009008527, 0.129682511091, 0.0796480700374, 0.0554373413324, 0.074557825923, 0.0442639961839, 0.0110617382452, 0.00483710505068, 0.00582422968, 0.0167062059045, 0.0419117100537, 0.0275261588395, 0.00922967121005, 0.0118632381782, 0.0176281463355, 0.0509949065745, 0.11100359261, 0.0724852755666, 0.0537443049252, 0.0513351783156, 0.0251695457846, 0.00759607926011, 0.00853358022869, 0.0141376089305, 0.0476172678173, 0.121746696532, 0.0564146861434, 0.0186342652887, 0.0335053987801, 0.0256662312895, 0.0675431638956, 0.139484733343, 0.0712258517742, 0.0136963734403], "mean": [0.0120500223711, 0.023597965017, 0.126688182354, 0.231051981449, 0.177496701479, 0.132870197296, 0.160705208778, 0.10283973068, 0.0270847436041, 0.0110452482477, 0.0134129878134, 0.0396868847311, 0.0699247941375, 0.0526415519416, 0.0281461961567, 0.0345131084323, 0.0462131351233, 0.150997892022, 0.284568846226, 0.213381364942, 0.104463405907, 0.0916740745306, 0.0534026399255, 0.0241855196655, 0.0267983302474, 0.0340276584029, 0.108033291996, 0.189266324043, 0.126107335091, 0.0677711591125, 0.0788625776768, 0.0667727142572, 0.151367291808, 0.245905935764, 0.151435792446, 0.0345313735306]}, "tuning_equal_tempered_deviation": 0.024249156937, "chords_changes_rate": 0.0389465279877, "key_key": "G#", "tuning_diatonic_strength": 0.610849678516, "key_scale": "minor", "chords_number_rate": 0.00127693533432, "tuning_frequency": 437.718536377, "tuning_nontempered_energy_ratio": 0.675143718719, "chords_histogram": [23.3838787079, 17.1268959045, 8.34796524048, 7.77334403992, 0.367118924856, 0.430965691805, 0, 2.56983232498, 0.526735842228, 27.007183075, 1.43655228615, 0.90981644392, 0.255387067795, 0, 0, 0, 0.90981644392, 0.095770150423, 0.399042308331, 0, 0.526735842228, 0.0159616917372, 0.734237849712, 7.18276119232], "key_strength": 0.799219310284, "chords_key": "D#", "chords_strength": {"dmean2": 0.00625569885597, "median": 0.552970767021, "min": -1, "dvar2": 0.000345118605765, "dvar": 0.00035517491051, "dmean": 0.00820778869092, "max": 0.8594211936, "var": 0.0108668003231, "mean": 0.556954145432}, "chords_scale": "major", "hpcp_entropy": {"dmean2": 0.820260107517, "median": 1.32961535454, "min": 0, "dvar2": 0.556213378906, "dvar": 0.208771526814, "dmean": 0.48098513484, "max": 3.52806162834, "var": 0.481788933277, "mean": 1.30190336704}}, "metadata": {"audio_properties": {"equal_loudness": 0, "codec": "mp3", "downmix": "mix", "analysis_sample_rate": 44100, "bit_rate": 191715, "md5_encoded": "d98b62aaf53db97a2d9904b3eeab425f", "length": 290.899597168, "replay_gain": -13.3555011749, "lossless": false}, "version": {"essentia_build_sha": "7598a69e7b456135ce4c070efb04a3d0ebb71fdd", "essentia": "2.1-beta1", "extractor": "music 1.0", "essentia_git_sha": "v2.1_beta1-6-g5578087"}, "tags": {"title": ["Sailor"], "media": ["CD"], "albumartist": ["Essie Jain"], "musicbrainz_recordingid": ["17a9c8f6-389f-4ed0-95d8-5b92d7d9d597"], "musicbrainz_albumartistid": ["e2a0d7de-5291-4873-ac88-502b1c1edcad"], "discnumber": ["1/1"], "album": ["We Made This Ourselves"], "musicbrainz album type": ["album"], "musicbrainz album status": ["official"], "file_name": "03 Sailor.mp3", "originaldate": ["2007"], "date": ["2007"], "genre": ["World/Folk/Country"], "musicbrainz_releasegroupid": ["5d5192b3-7ea1-3e33-90f6-76a85493e7db"], "script": ["Latn"], "asin": ["B000LPR570"], "musicbrainz_albumid": ["8c364ebe-9592-446f-a5df-ba6830505432"], "artist": ["Essie Jain"], "artistsort": ["Jain, Essie"], "tracknumber": ["3/10"], "musicbrainz album release country": ["US"], "albumartistsort": ["Jain, Essie"], "musicbrainz_artistid": ["e2a0d7de-5291-4873-ac88-502b1c1edcad"]}}, "rhythm": {"bpm_histogram_first_peak_bpm": {"dmean2": 0, "median": 112, "min": 112, "dvar2": 0, "dvar": 0, "dmean": 0, "max": 112, "var": 0, "mean": 112}, "bpm": 111.638221741, "bpm_histogram_second_peak_spread": {"dmean2": 0, "median": 0.573033690453, "min": 0.573033690453, "dvar2": 0, "dvar": 0, "dmean": 0, "max": 0.573033690453, "var": 0, "mean": 0.573033690453}, "bpm_histogram_first_peak_weight": {"dmean2": 0, "median": 0.0950763970613, "min": 0.0950763970613, "dvar2": 0, "dvar": 0, "dmean": 0, "max": 0.0950763970613, "var": 0, "mean": 0.0950763970613}, "onset_rate": 1.45405197144, "beats_position": [0.510838985443, 1.02167797089, 1.53251695633, 2.03174591064, 2.54258489609, 2.99537420273, 3.43655323982, 3.87773227692, 4.3073015213, 4.73687076569, 5.17804956436, 5.60761880875, 6.025578022, 6.45514726639, 6.88471651077, 7.31428575516, 7.72063493729, 8.12698364258, 8.54494285583, 8.96290206909, 9.38086128235, 9.79882049561, 10.2167797089, 10.6347389221, 11.0643081665, 11.4938774109, 11.9118366241, 12.3181858063, 12.7245349884, 13.1308841705, 13.5140132904, 13.8971424103, 14.268661499, 14.6517915726, 15.0465307236, 15.4412698746, 15.8360090256, 16.2307472229, 16.6487064362, 17.0666656494, 17.4846248627, 17.9025840759, 18.3089332581, 18.7152824402, 19.1216316223, 19.5395908356, 19.9575500488, 20.3871192932, 20.8863487244, 21.3855781555, 21.8964176178, 22.3840351105, 22.8832645416, 23.3824939728, 23.9281635284, 24.4622211456, 24.9962806702, 25.5767803192, 26.168888092, 26.7958278656, 27.4111557007, 28.0380954742, 28.6534233093, 29.2803630829, 29.8840808868, 30.4994106293, 31.1147384644, 31.7300682068, 32.3453979492, 32.9491157532, 33.5412254333, 34.1333312988, 34.690612793, 35.2594985962, 35.7819480896, 36.3160095215, 36.8500671387, 37.3725166321, 37.8949661255, 38.4290237427, 38.9630813599, 39.4855308533, 40.0195922852, 40.5420417786, 41.0760993958, 41.5985488892, 42.0048980713, 42.4228553772, 42.8408164978, 43.2239456177, 43.6070747375, 44.0018119812, 44.3849411011, 44.7680702209, 45.1511993408, 45.5343284607, 45.9174575806, 46.3005905151, 46.6953277588, 47.0900688171, 47.4964179993, 47.9259872437, 48.3439445496, 48.7619056702, 49.1334228516, 49.5165519714, 49.8996810913, 50.2828102112, 50.6775512695, 51.0722885132, 51.4554176331, 51.8269386292, 52.1984558105, 52.5583648682, 52.9182739258, 53.2897949219, 53.6497039795, 54.0096130371, 54.3811340332, 54.7410430908, 55.1009521484, 55.4724693298, 55.8439903259, 56.1922874451, 56.668296814, 57.1326980591, 57.608707428, 58.1195449829, 58.6303825378, 59.1528320312, 59.7449417114, 60.3486595154, 60.9291610718, 61.498046875, 62.0669364929, 62.6358261108, 63.2047157288, 63.7852134705, 64.3657150269, 64.9346008301, 65.5267105103, 66.1304321289, 66.7341461182, 67.2914276123, 67.8487091064, 68.4059829712, 68.9748764038, 69.543762207, 70.0662155151, 70.6002731323, 71.122718811, 71.6683883667, 72.2140579224, 72.759727478, 73.3053970337, 73.8626708984, 74.4083404541, 74.9540100098, 75.488067627, 76.0337371826, 76.5794067383, 77.1250762939, 77.6707458496, 78.2164154053, 78.7504730225, 79.2380905151, 79.7373199463, 80.2481613159, 80.7590026855, 81.2698364258, 81.8271179199, 82.3843994141, 82.9416732788, 83.5105667114, 84.0794525146, 84.6599502563, 85.2404556274, 85.8209533691, 86.3550109863, 86.8890686035, 87.4231262207, 87.9571838379, 88.5028533936, 89.0485229492, 89.5825805664, 90.116645813, 90.7087478638, 91.3008575439, 91.8929672241, 92.4734649658, 93.0423583984, 93.6112442017, 94.1220855713, 94.6329269409, 95.1321487427, 95.6197738647, 96.1073913574, 96.6066207886, 97.1058502197, 97.6050796509, 98.104309082, 98.6035385132, 99.1027679443, 99.6136016846, 100.124443054, 100.646888733, 101.169342041, 101.680175781, 102.191017151, 102.759910583, 103.328796387, 103.89768219, 104.478187561, 105.058685303, 105.627571106, 106.196456909, 106.765350342, 107.322631836, 107.891517639, 108.460403442, 109.052513123, 109.644622803, 110.225120544, 110.817230225, 111.420951843, 112.024665833, 112.628387451, 113.174057007, 113.708114624, 114.242172241, 114.799453735, 115.345123291, 115.902404785, 116.401634216, 116.912467957, 117.400085449, 117.89931488, 118.398544312, 118.909385681, 119.420227051, 119.931060791, 120.441902161, 120.964347839, 121.486801147, 121.951202393, 122.415596008, 122.879997253, 123.356010437, 123.832015991, 124.296417236, 124.760810852, 125.294876099, 125.828933716, 126.374603271, 126.920272827, 127.477546692, 128.023223877, 128.568893433, 129.114562988, 129.648620605, 130.194290161, 130.728347778, 131.274017334, 131.81968689, 132.295684814, 132.771697998, 133.25932312, 133.735321045, 134.153289795, 134.582855225, 135.000808716, 135.430389404, 135.859954834, 136.277908325, 136.695877075, 137.032562256, 137.369247437, 137.705932617, 138.042633057, 138.379318237, 138.716003418, 139.052688599, 139.389389038, 139.71446228, 140.039550781, 140.364624023, 140.678085327, 140.99156189, 141.305038452, 141.618499756, 141.943572998, 142.268661499, 142.593734741, 142.976867676, 143.36000061, 143.743133545, 144.126251221, 144.613876343, 145.101501465, 145.57749939, 146.053512573, 146.541137695, 147.028747559, 147.458312988, 147.887893677, 148.317459106, 148.758636475, 149.188201904, 149.617782593, 150.058959961, 150.500137329, 150.929702759, 151.370880127, 151.800445557, 152.230026245, 152.659591675, 153.065933228, 153.483901978, 153.901855469, 154.296600342, 154.679718018, 155.074462891, 155.469207764, 155.852325439, 156.200637817, 156.548934937, 156.897232056, 157.245529175, 157.651885986, 158.058227539, 158.47618103, 158.882537842, 159.265670776, 159.648788452, 160.031921387, 160.415054321, 160.774963379, 161.146484375, 161.506393433, 161.86630249, 162.226211548, 162.597732544, 162.957641602, 163.317550659, 163.677459717, 164.025756836, 164.385665894, 164.745574951, 165.117095947, 165.488616943, 165.860137939, 166.220046997, 166.591567993, 166.96307373, 167.346206665, 167.7293396, 168.124084473, 168.530426025, 168.925170898, 169.319900513, 169.714645386, 170.121002197, 170.515731812, 170.933700562, 171.363265991, 171.792831421, 172.222396851, 172.686798096, 173.151199341, 173.615600586, 174.080001831, 174.544403076, 175.008789062, 175.473190308, 175.937591553, 176.401992798, 176.866394043, 177.31918335, 177.771972656, 178.213150024, 178.665939331, 179.130340576, 179.583129883, 180.047531128, 180.511917114, 180.987930298, 181.47555542, 181.951568604, 182.439178467, 182.961624146, 183.484085083, 184.006530762, 184.52897644, 185.051422119, 185.585479736, 186.107940674, 186.641998291, 187.176055908, 187.698501587, 188.220947266, 188.755004883, 189.2890625, 189.823120117, 190.357177734, 190.89125061, 191.413696289, 191.947753906, 192.493423462, 193.027481079, 193.561538696, 194.107208252, 194.641265869, 195.198547363, 195.767440796, 196.347930908, 196.928436279, 197.508926392, 198.03137207, 198.553833008, 199.076278687, 199.621948242, 200.167617798, 200.713287354, 201.258956909, 201.804626465, 202.338684082, 202.872741699, 203.406799316, 203.964080811, 204.521362305, 205.06703186, 205.601089478, 206.146759033, 206.68081665, 207.214874268, 207.748931885, 208.282989502, 208.805435181, 209.327880859, 209.838729858, 210.349563599, 210.872009277, 211.394470215, 211.916915894, 212.439361572, 213.019866943, 213.600357056, 214.180862427, 214.761352539, 215.34185791, 215.910751343, 216.479629517, 217.060134888, 217.640625, 218.209518433, 218.755187988, 219.312469482, 219.869750977, 220.345748901, 220.833374023, 221.320999146, 221.855056763, 222.38911438, 222.923171997, 223.457229614, 223.991287231, 224.51373291, 225.024581909, 225.558639526, 226.092697144, 226.615142822, 227.137588501, 227.6484375, 228.15927124, 228.681716919, 229.215774536, 229.749832153, 230.341949463, 230.910827637, 231.479721069, 232.037002563, 232.594284058, 233.151565552, 233.720443726, 234.289337158, 234.869842529, 235.438720703, 236.007614136, 236.576507568, 237.145385742, 237.702667236, 238.25994873, 238.817230225, 239.36289978, 239.920181274, 240.477462769, 241.011520386, 241.545578003, 242.07963562, 242.602081299, 243.112915039, 243.623764038, 244.134597778, 244.645431519, 245.156280518, 245.678726196, 246.189559937, 246.758453369, 247.33895874, 247.919448853, 248.499954224, 249.080444336, 249.672561646, 250.253051758, 250.833557129, 251.42565918, 252.017776489, 252.60987854, 253.097503662, 253.596725464, 254.084350586, 254.583572388, 255.094421387, 255.640090942, 256.185760498, 256.719818115, 257.323547363, 257.927246094, 258.530975342, 259.134674072, 259.73840332, 260.342132568, 260.957458496, 261.549560547, 262.130065918, 262.710571289, 263.30267334, 263.894775391, 264.533325195, 265.171875, 265.798828125, 266.425750732, 267.052703857, 267.668029785, 268.283355713, 268.91027832, 269.490783691, 270.071289062, 270.68661499, 271.301940918, 271.917266846, 272.532592773, 273.136322021, 273.74005127, 274.355377197, 274.959075928, 275.562805176, 276.166534424, 276.688964844, 277.199798584, 277.710662842, 278.221496582, 278.732330322, 279.243164062, 279.695953369, 280.148742676, 280.601531982, 281.007873535, 281.414245605, 281.820587158, 282.215332031, 282.621673584, 283.039642334, 283.457580566, 283.875549316, 284.293518066, 284.699859619, 285.106201172, 285.524169922, 285.942138672, 286.371704102, 286.801269531, 287.219238281, 287.637176514, 288.055145264, 288.473114014, 288.891052246, 289.320617676, 289.738586426, 290.168151855], "beats_loudness": {"dmean2": 0.0113278469071, "median": 0.00730203930289, "min": 7.28020421725e-10, "dvar2": 0.000225291514653, "dvar": 9.73411588348e-05, "dmean": 0.00732404692098, "max": 0.0890149846673, "var": 0.000313996424666, "mean": 0.0157683156431}, "danceability": 0.768431186676, "bpm_histogram_second_peak_weight": {"dmean2": 0, "median": 0.0645161271095, "min": 0.0645161271095, "dvar2": 0, "dvar": 0, "dmean": 0, "max": 0.0645161271095, "var": 0, "mean": 0.0645161271095}, "beats_count": 590, "bpm_histogram_second_peak_bpm": {"dmean2": 0, "median": 144, "min": 144, "dvar2": 0, "dvar": 0, "dmean": 0, "max": 144, "var": 0, "mean": 144}, "bpm_histogram_first_peak_spread": {"dmean2": 0, "median": 0.641025662422, "min": 0.641025662422, "dvar2": 0, "dvar": 0, "dmean": 0, "max": 0.641025662422, "var": 0, "mean": 0.641025662422}, "beats_loudness_band_ratio": {"dmean2": [0.0412388816476, 0.281377106905, 0.26168847084, 0.18085706234, 0.0455864369869, 0.0393921025097], "median": [0.00452824588865, 0.482826173306, 0.260790407658, 0.0541402846575, 0.0169443227351, 0.00260279001668], "min": [1.25100177684e-06, 0.00454100640491, 0.000898094091099, 0.000597490055952, 0.000401763973059, 0.000115976181405], "dvar2": [0.0164221152663, 0.0626151934266, 0.0532609596848, 0.0550668090582, 0.00347569398582, 0.0203600879759], "dvar": [0.006617160514, 0.0258419532329, 0.0230405591428, 0.0251809526235, 0.00144049606752, 0.00740516930819], "dmean": [0.0239562485367, 0.172569662333, 0.161545440555, 0.1117285043, 0.0259787142277, 0.0218335781246], "max": [0.85984313488, 0.98932158947, 0.968197882175, 0.898397564888, 0.384910404682, 0.97375613451], "var": [0.00957563892007, 0.0820408090949, 0.0537863709033, 0.0551526397467, 0.00192150683142, 0.00615437561646], "mean": [0.0303671266884, 0.493976503611, 0.32528835535, 0.175001144409, 0.0327488705516, 0.0167075749487]}}, "lowlevel": {"barkbands_spread": {"dmean2": 2.57000494003, "median": 5.152135849, "min": 0.358433276415, "dvar2": 26.9798107147, "dvar": 13.2532653809, "dmean": 1.65253317356, "max": 136.714111328, "var": 90.5973510742, "mean": 7.07765102386}, "melbands_spread": {"dmean2": 3.32386350632, "median": 7.47540807724, "min": 0.520870566368, "dvar2": 50.2113990784, "dvar": 21.3731613159, "dmean": 2.12356281281, "max": 191.504272461, "var": 111.236450195, "mean": 9.06642818451}, "hfc": {"dmean2": 3.46236348152, "median": 4.06065988541, "min": 1.18270879553e-16, "dvar2": 50.6022033691, "dvar": 19.7972412109, "dmean": 2.27087116241, "max": 94.4642562866, "var": 262.609619141, "mean": 11.4448451996}, "barkbands_kurtosis": {"dmean2": 7.39754390717, "median": 6.38234901428, "min": -1.93823885918, "dvar2": 176.507843018, "dvar": 80.9582366943, "dmean": 4.88710021973, "max": 423.556732178, "var": 663.902160645, "mean": 15.3105545044}, "gfcc": {"mean": [-159.673919678, 100.405227661, -157.432174683, -44.0748176575, -90.4369888306, -36.1651611328, -69.7997665405, -17.749048233, -30.3389968872, -14.4574975967, -8.50580883026, -6.37631750107, -4.67961502075], "icov": [[0.000303967361106, 6.84486076352e-05, 0.00051063450519, 1.70996045199e-05, 0.000716899696272, 0.000238415217609, 0.000708649109583, 8.30526041682e-05, 0.000838345382363, 0.000748434569687, 0.000413036090322, -0.000249711185461, 0.000782235176302], [6.84486076352e-05, 0.00309912464581, 0.000303744134726, 0.00109675177373, -0.00131048448384, 0.00326302158646, 4.16627553932e-05, 0.00238003302366, 0.00126893154811, 0.00199884758331, -0.00081106252037, 0.00366603815928, -0.000589546514675], [0.00051063450519, 0.000303744134726, 0.00265400717035, -0.000734382716473, 0.000237811385887, -0.000973562186118, 0.00208117696457, -0.000789527432062, 0.00106656400021, 0.00139666418545, -0.00031063586357, -7.63854914112e-05, 0.00101752392948], [1.70996045199e-05, 0.00109675177373, -0.000734382716473, 0.00427786959335, -0.00231866072863, 0.00192473456264, 0.000687164952978, 0.00222497317009, -0.000167336023878, -7.43153141229e-05, 0.00271085160784, 0.00217983941548, -4.07468542107e-05], [0.000716899696272, -0.00131048448384, 0.000237811385887, -0.00231866072863, 0.009098703973, 0.000863652094267, -0.0014615211403, -9.26424836507e-05, 0.00143742782529, 0.00155935983639, 0.00187893642578, -0.000807281583548, 0.000606274232268], [0.000238415217609, 0.00326302158646, -0.000973562186118, 0.00192473456264, 0.000863652094267, 0.00937191676348, -0.000984679791145, 0.00167267560028, 0.00424249609932, 0.00323324557394, -0.000319184619002, 0.00204149540514, 0.00163117900956], [0.000708649109583, 4.16627553932e-05, 0.00208117696457, 0.000687164952978, -0.0014615211403, -0.000984679791145, 0.00776527123526, 0.00115559017286, 0.00264475960284, 0.00131326285191, 0.000475463893963, -0.00301372515969, 0.00395285058767], [8.30526041682e-05, 0.00238003302366, -0.000789527432062, 0.00222497317009, -9.26424836507e-05, 0.00167267560028, 0.00115559017286, 0.0125833917409, -0.000811427889857, -0.000181742725545, 0.00046546413796, 0.00274283904582, -0.000973142101429], [0.000838345382363, 0.00126893154811, 0.00106656400021, -0.000167336023878, 0.00143742782529, 0.00424249609932, 0.00264475960284, -0.000811427889857, 0.0134706702083, -0.00143368123099, -6.63296959829e-05, -0.000236157371546, 0.0015810362529], [0.000748434569687, 0.00199884758331, 0.00139666418545, -7.43153141229e-05, 0.00155935983639, 0.00323324557394, 0.00131326285191, -0.000181742725545, -0.00143368123099, 0.0141456602141, -0.000626520486549, 0.00160850863904, -0.000822923786473], [0.000413036090322, -0.00081106252037, -0.00031063586357, 0.00271085160784, 0.00187893642578, -0.000319184619002, 0.000475463893963, 0.00046546413796, -6.63296959829e-05, -0.000626520486549, 0.0127187669277, -0.00543201901019, 0.00154565414414], [-0.000249711185461, 0.00366603815928, -7.63854914112e-05, 0.00217983941548, -0.000807281583548, 0.00204149540514, -0.00301372515969, 0.00274283904582, -0.000236157371546, 0.00160850863904, -0.00543201901019, 0.0203692018986, -0.00482123764232], [0.000782235176302, -0.000589546514675, 0.00101752392948, -4.07468542107e-05, 0.000606274232268, 0.00163117900956, 0.00395285058767, -0.000973142101429, 0.0015810362529, -0.000822923786473, 0.00154565414414, -0.00482123764232, 0.0178023464978]], "cov": [[14667.7714844, -168.194610596, -1953.18579102, -1344.14978027, -1293.01977539, 470.284790039, -211.892852783, -137.365875244, -750.621337891, -633.177124023, 66.659286499, 195.899627686, -416.366577148], [-168.194610596, 1355.73583984, -346.75289917, 331.459960938, 368.366851807, -518.215209961, 18.3113555908, -211.746826172, 6.60220050812, -52.6518936157, -144.765380859, -208.757919312, 45.1749382019], [-1953.18579102, -346.75289917, 984.091003418, 228.562225342, 82.9350204468, 146.425521851, -134.835540771, 105.084442139, 57.2259674072, 37.7137260437, -2.29079413414, -23.9928817749, 28.4201011658], [-1344.14978027, 331.459960938, 228.562225342, 868.58380127, 378.683990479, -334.745117188, -123.558197021, -70.2422332764, 126.390457153, 78.0283126831, -254.610397339, -185.823989868, 64.4966964722], [-1293.01977539, 368.366851807, 82.9350204468, 378.683990479, 388.146820068, -202.015289307, 49.4828300476, -66.5060272217, 47.9754562378, 20.6037540436, -118.583023071, -94.3352890015, 37.2489242554], [470.284790039, -518.215209961, 146.425521851, -334.745117188, -202.015289307, 462.547943115, 95.6076660156, 48.6571578979, -134.063568115, -84.5736312866, 112.167564392, 106.149703979, -74.0266723633], [-211.892852783, 18.3113555908, -134.835540771, -123.558197021, 49.4828300476, 95.6076660156, 300.475830078, -51.1431236267, -75.387588501, -49.1874008179, 42.7080154419, 53.7380981445, -47.3513069153], [-137.365875244, -211.746826172, 105.084442139, -70.2422332764, -66.5060272217, 48.6571578979, -51.1431236267, 135.71484375, 31.8691749573, 32.0540122986, 24.5779285431, 17.9348945618, 10.8122901917], [-750.621337891, 6.60220050812, 57.2259674072, 126.390457153, 47.9754562378, -134.063568115, -75.387588501, 31.8691749573, 175.045593262, 88.6460800171, -19.6791343689, -23.8115730286, 43.1623916626], [-633.177124023, -52.6518936157, 37.7137260437, 78.0283126831, 20.6037540436, -84.5736312866, -49.1874008179, 32.0540122986, 88.6460800171, 142.68800354, -5.036195755, -10.9040136337, 40.0299072266], [66.659286499, -144.765380859, -2.29079413414, -254.610397339, -118.583023071, 112.167564392, 42.7080154419, 24.5779285431, -19.6791343689, -5.036195755, 177.01713562, 85.4122085571, -13.2763748169], [195.899627686, -208.757919312, -23.9928817749, -185.823989868, -94.3352890015, 106.149703979, 53.7380981445, 17.9348945618, -23.8115730286, -10.9040136337, 85.4122085571, 122.264030457, -4.73376226425], [-416.366577148, 45.1749382019, 28.4201011658, 64.4966964722, 37.2489242554, -74.0266723633, -47.3513069153, 10.8122901917, 43.1623916626, 40.0299072266, -13.2763748169, -4.73376226425, 88.9938735962]]}, "spectral_energyband_middle_low": {"dmean2": 0.00324179860763, "median": 0.00604690192267, "min": 4.35534371932e-22, "dvar2": 2.93998109555e-05, "dvar": 1.3109264728e-05, "dmean": 0.00222287350334, "max": 0.0979942530394, "var": 0.000114619091619, "mean": 0.0099581303075}, "melbands_crest": {"dmean2": 3.59636616707, "median": 16.4200515747, "min": 2.1132671833, "dvar2": 13.8564271927, "dvar": 5.36612653732, "dmean": 2.31380558014, "max": 32.9745101929, "var": 33.7173233032, "mean": 17.0888118744}, "spectral_kurtosis": {"dmean2": 7.95414590836, "median": 13.1525745392, "min": -1.17708897591, "dvar2": 65.3458786011, "dvar": 22.197063446, "dmean": 4.61655950546, "max": 62.4708786011, "var": 62.1542778015, "mean": 14.5993385315}, "spectral_rms": {"dmean2": 0.000511217454914, "median": 0.00271244067699, "min": 3.30131126429e-12, "dvar2": 3.92232976765e-07, "dvar": 1.69740005163e-07, "dmean": 0.000345496577211, "max": 0.0100084096193, "var": 4.75787965115e-06, "mean": 0.0032952753827}, "zerocrossingrate": {"dmean2": 0.00484586087987, "median": 0.03076171875, "min": 0.00830078125, "dvar2": 6.11450450378e-05, "dvar": 6.48261848255e-05, "dmean": 0.00394962960854, "max": 0.7744140625, "var": 0.0026004856918, "mean": 0.037733823061}, "silence_rate_60dB": {"dmean2": 0.0593917146325, "median": 0, "min": 0, "dvar2": 0.0659318864346, "dvar": 0.0288147516549, "dmean": 0.029693486169, "max": 1, "var": 0.209698349237, "mean": 0.29922580719}, "erbbands_kurtosis": {"dmean2": 2.71192717552, "median": 2.36365604401, "min": -1.90908169746, "dvar2": 15.7457551956, "dvar": 6.89070653915, "dmean": 1.76277530193, "max": 88.5719299316, "var": 55.508102417, "mean": 4.39708375931}, "erbbands": {"dmean2": [5.48866501049e-06, 3.72418398911e-05, 0.000391297449823, 0.0145992245525, 0.626319766045, 2.97399711609, 5.12839412689, 9.446808815, 18.9750709534, 13.0340414047, 12.0145215988, 12.4056529999, 32.1685295105, 33.7864990234, 33.1322860718, 49.0513725281, 15.806385994, 5.95684194565, 4.8649315834, 5.64547204971, 1.65763247013, 3.20871663094, 1.09182667732, 1.45641386509, 0.425570070744, 0.44914445281, 0.101840242743, 0.0810914114118, 0.124537348747, 0.144950464368, 0.108537904918, 0.130602046847, 0.090015783906, 0.0495390705764, 0.0118421372026, 0.00341552891769, 0.00112242484465, 0.000430165935541, 4.16051589127e-05, 5.75240665057e-06], "median": [3.61957563655e-06, 2.58481777564e-05, 0.000360647565685, 0.0151257002726, 0.349574685097, 1.44147050381, 5.61991500854, 9.85166931152, 11.1033372879, 3.87529802322, 3.71865773201, 6.03918170929, 6.62581396103, 3.129134655, 1.52105522156, 1.44944429398, 0.945845246315, 1.78490293026, 1.74638366699, 1.55507814884, 0.640355467796, 0.400488108397, 0.329211890697, 0.460758239031, 0.158029362559, 0.14289522171, 0.0368344858289, 0.0173771940172, 0.0194326303899, 0.0301420520991, 0.0320038087666, 0.0326724499464, 0.0194331929088, 0.0100274300203, 0.00226824753918, 0.00107137241866, 0.000477423542179, 0.000118793373986, 1.04709479274e-05, 9.55378072831e-06], "min": [1.121898037e-21, 3.57035224626e-21, 1.22650278028e-20, 2.74456426982e-20, 7.90775489066e-20, 6.01070792112e-20, 1.4740004379e-19, 5.12818944257e-19, 7.57299980814e-19, 1.93718647745e-18, 1.94075472782e-18, 5.21840579268e-18, 9.33345108271e-19, 1.51517898806e-18, 2.70435968606e-18, 5.61414636852e-18, 6.46607002115e-18, 6.80332603254e-18, 1.00852738871e-17, 5.22259959839e-18, 1.689848266e-17, 9.23642610558e-18, 1.50134422688e-17, 2.09658736614e-17, 1.64961850235e-17, 1.95490423122e-17, 2.35094193034e-17, 1.18202355911e-17, 1.37731271264e-17, 2.22086447029e-17, 1.6985316772e-17, 1.98011619999e-17, 1.52699211982e-17, 1.1024333159e-17, 8.4382977305e-18, 4.57023368213e-18, 3.21141767924e-18, 1.60343192159e-18, 3.51659190417e-19, 3.35310585995e-20], "dvar2": [1.72702130374e-09, 2.7826992266e-08, 1.17646357012e-06, 0.00240654894151, 3.78557872772, 123.386238098, 80.9420166016, 299.184936523, 2367.65869141, 1850.50134277, 3794.85400391, 1347.88452148, 7163.56298828, 11803.9277344, 13423.953125, 24827.0273438, 3119.10693359, 233.348190308, 348.062774658, 253.722732544, 32.0899085999, 176.791213989, 11.2966213226, 14.9833459854, 1.11266696453, 1.9059214592, 0.0731163918972, 0.26623237133, 1.02798223495, 0.970380246639, 0.869841992855, 1.27520871162, 0.400215178728, 0.318797767162, 0.0518703199923, 0.000787142314948, 4.50805055152e-05, 3.86770898331e-06, 4.16263148395e-08, 1.01363743787e-10], "dvar": [6.05671457432e-10, 9.98199389812e-09, 5.9884393977e-07, 0.00151089159772, 1.62756085396, 54.84116745, 34.4032402039, 142.971939087, 1037.41247559, 954.711181641, 1857.26721191, 584.372314453, 2943.52172852, 5182.49267578, 5347.57080078, 9591.02539062, 1526.7545166, 96.0224685669, 138.281524658, 99.7325668335, 13.7614555359, 59.6089553833, 5.52691650391, 5.56563568115, 0.425524801016, 0.705825924873, 0.0315873883665, 0.133830323815, 0.511736631393, 0.569716453552, 0.411012023687, 0.510331749916, 0.223280802369, 0.2114443928, 0.0205941889435, 0.000410737789935, 2.49191689363e-05, 1.94210747395e-06, 2.13464321774e-08, 4.34511975012e-11], "dmean": [3.37034339282e-06, 2.35465449805e-05, 0.000284188106889, 0.0112412199378, 0.463536798954, 2.30078148842, 3.36638855934, 6.52306413651, 13.2338209152, 9.11334323883, 8.45320320129, 8.49852180481, 21.7212200165, 22.9768276215, 21.6899394989, 31.1312351227, 10.9688062668, 3.79490590096, 3.09672498703, 3.62784934044, 1.02034389973, 1.95412385464, 0.69282501936, 0.90094935894, 0.263624459505, 0.276436835527, 0.0652277618647, 0.0532075576484, 0.0843644887209, 0.0963195338845, 0.0708978176117, 0.0827623382211, 0.0597862564027, 0.0340102612972, 0.00740925781429, 0.00231712707318, 0.000763822172303, 0.000279401050648, 2.75311322184e-05, 3.85319481211e-06], "max": [0.00154512794688, 0.00348353991285, 0.046301163733, 3.18670988083, 45.474822998, 266.391113281, 286.73059082, 473.552581787, 655.277893066, 1592.18029785, 1805.14892578, 747.645935059, 1137.02905273, 2226.15942383, 1939.68945312, 2410.45141602, 1231.60998535, 344.097412109, 851.328125, 339.314666748, 215.886550903, 201.58291626, 150.3074646, 81.3185806274, 32.8431091309, 38.7368431091, 5.33601760864, 18.4681549072, 36.750038147, 51.4285240173, 43.4937362671, 46.887676239, 32.1519966125, 42.8026123047, 11.8186206818, 1.74782681465, 0.331594318151, 0.0809641256928, 0.00852621067315, 0.00022859883029], "var": [5.46726330874e-10, 2.04759462719e-08, 8.76616286405e-06, 0.0249144304544, 16.832857132, 547.194580078, 237.917175293, 1846.63330078, 4823.98291016, 4987.59423828, 7074.48681641, 3515.98022461, 13219.6240234, 43279.6054688, 32182.4472656, 36747.7382812, 7270.53662109, 601.048095703, 336.579162598, 318.701324463, 47.5266342163, 147.569412231, 24.810256958, 22.4737854004, 2.77991366386, 2.79195165634, 0.147826209664, 0.340903103352, 1.41938018799, 1.75372064114, 0.850869178772, 0.997704565525, 0.773890674114, 0.627647697926, 0.0345774032176, 0.00120187993161, 7.92601786088e-05, 5.32129979547e-06, 5.91669291339e-08, 5.43210143533e-10], "mean": [9.83534573606e-06, 8.0699683167e-05, 0.00147196208127, 0.0596248432994, 2.17864561081, 11.9185390472, 10.0480909348, 22.8058433533, 38.3162956238, 24.4904651642, 22.4817771912, 24.388048172, 49.9362068176, 71.5155715942, 62.133846283, 68.5283737183, 28.2032566071, 10.8518390656, 7.105884552, 8.03905582428, 2.82542681694, 4.24296426773, 2.03734111786, 2.37208294868, 0.93873411417, 0.746892035007, 0.201661676168, 0.13053740561, 0.189320713282, 0.22393836081, 0.170156881213, 0.184119030833, 0.145529463887, 0.0715842396021, 0.0143735883757, 0.00514316372573, 0.00203930726275, 0.000757915375289, 7.098010974e-05, 1.98329526029e-05]}, "spectral_strongpeak": {"dmean2": 0.618268430233, "median": 0.817462861538, "min": 0, "dvar2": 1.08451247215, "dvar": 0.433588892221, "dmean": 0.384513765574, "max": 16.4780750275, "var": 3.54122424126, "mean": 1.5806196928}, "spectral_energy": {"dmean2": 0.00463283248246, "median": 0.00754126766697, "min": 1.11711218323e-20, "dvar2": 6.24585372861e-05, "dvar": 2.55010909314e-05, "dmean": 0.00309027475305, "max": 0.102672457695, "var": 0.000350744579919, "mean": 0.0160072166473}, "average_loudness": 0.21272353828, "spectral_rolloff": {"dmean2": 285.106384277, "median": 667.529296875, "min": 193.798828125, "dvar2": 1179728.375, "dvar": 436074.125, "dmean": 160.660369873, "max": 20090.4785156, "var": 2614112.5, "mean": 957.633789062}, "spectral_centroid": {"dmean2": 113.598983765, "median": 610.717407227, "min": 239.567993164, "dvar2": 41108.8828125, "dvar": 19331.1230469, "dmean": 72.4997177124, "max": 11225.7675781, "var": 117454.570312, "mean": 677.615844727}, "pitch_salience": {"dmean2": 0.0891166254878, "median": 0.47429934144, "min": 0.0713436976075, "dvar2": 0.00849894154817, "dvar": 0.00300397817045, "dmean": 0.0550120472908, "max": 0.964544475079, "var": 0.014480589889, "mean": 0.464485198259}, "spectral_energyband_middle_high": {"dmean2": 0.00243927561678, "median": 0.000598058453761, "min": 1.92630937228e-21, "dvar2": 4.07735606132e-05, "dvar": 1.52008969962e-05, "dmean": 0.00155301601626, "max": 0.07388882339, "var": 0.00015722050739, "mean": 0.00619067484513}, "spectral_contrast_coeffs": {"dmean2": [0.0808010175824, 0.0540948994458, 0.0470705330372, 0.037299901247, 0.0267452187836, 0.018057750538], "median": [-0.436284542084, -0.584510862827, -0.653907895088, -0.703401982784, -0.769822180271, -0.813092589378], "min": [-0.958130657673, -0.972362518311, -0.995683729649, -0.969813466072, -0.959652245045, -0.959158599377], "dvar2": [0.00366443884559, 0.00250717578456, 0.00168722879607, 0.000941270438489, 0.000450972729595, 0.000223458686378], "dvar": [0.00131324713584, 0.000971692265011, 0.000674269569572, 0.000378781347536, 0.000171897132532, 9.1913731012e-05], "dmean": [0.0470731370151, 0.0339713394642, 0.0291575100273, 0.0232876744121, 0.0162340886891, 0.0111838877201], "max": [-0.166480273008, -0.311004966497, -0.356901228428, -0.415756821632, -0.579988241196, -0.667504131794], "var": [0.0169659517705, 0.00782041624188, 0.0105440542102, 0.00447932397947, 0.0026206348557, 0.00180557917338], "mean": [-0.447531908751, -0.588529467583, -0.643749058247, -0.700773656368, -0.767228722572, -0.807478129864]}, "melbands_skewness": {"dmean2": 0.832813441753, "median": 2.65473103523, "min": -1.88574206829, "dvar2": 0.989861667156, "dvar": 0.40105894208, "dmean": 0.5442892313, "max": 13.9772081375, "var": 4.87009525299, "mean": 2.77209687233}, "spectral_spread": {"dmean2": 470508.75, "median": 2603208.5, "min": 1199447, "dvar2": 360102887424, "dvar": 243154337792, "dmean": 301060.9375, "max": 39803796, "var": 2588854452220.0, "mean": 3039610.5}, "dissonance": {"dmean2": 0.0549094565213, "median": 0.396822214127, "min": 0.116013757885, "dvar2": 0.00274091912434, "dvar": 0.000983118079603, "dmean": 0.0325954221189, "max": 0.499999850988, "var": 0.00324395555072, "mean": 0.389538019896}, "spectral_skewness": {"dmean2": 0.634494185448, "median": 2.79596281052, "min": -0.0606196597219, "dvar2": 0.357929557562, "dvar": 0.125924557447, "dmean": 0.374549746513, "max": 6.67746353149, "var": 0.66794449091, "mean": 2.83965802193}, "spectral_flux": {"dmean2": 0.0180866010487, "median": 0.0239748787135, "min": 1.05693530317e-10, "dvar2": 0.000581299769692, "dvar": 0.000219476045459, "dmean": 0.0111444527283, "max": 0.254821002483, "var": 0.00102880247869, "mean": 0.0353251546621}, "spectral_contrast_valleys": {"dmean2": [1.17516183853, 0.405857950449, 0.417247056961, 0.334904193878, 0.254323214293, 0.220062419772], "median": [-11.5556306839, -7.86115694046, -9.05054473877, -9.38128185272, -9.6602602005, -12.0162611008], "min": [-27.8141365051, -27.4312725067, -27.3584747314, -27.2301712036, -27.4348602295, -27.2406787872], "dvar2": [0.749880313873, 0.147684127092, 0.134897604585, 0.0844518840313, 0.0530893951654, 0.0684074088931], "dvar": [0.253781676292, 0.066655702889, 0.0596107505262, 0.0390386991203, 0.0293439868838, 0.0465849302709], "dmean": [0.666902601719, 0.259272605181, 0.258195251226, 0.205478727818, 0.157702594995, 0.151466861367], "max": [-9.02628421783, -5.07128858566, -5.96856927872, -6.88016748428, -7.55609846115, -7.77644395828], "var": [0.852409303188, 1.74739670753, 1.96175420284, 1.419698596, 1.19983768463, 1.73517811298], "mean": [-11.5874185562, -7.95881748199, -9.15619659424, -9.44521999359, -9.68546867371, -12.2420196533]}, "erbbands_flatness_db": {"dmean2": 0.0197993703187, "median": 0.29202902317, "min": 0.0250587482005, "dvar2": 0.000420804484747, "dvar": 0.000192538136616, "dmean": 0.0131408218294, "max": 0.471380263567, "var": 0.00337019469589, "mean": 0.290867090225}, "spectral_energyband_high": {"dmean2": 1.45148133015e-05, "median": 1.02730900835e-05, "min": 7.74019798692e-21, "dvar2": 1.27383845694e-08, "dvar": 7.13040293476e-09, "dmean": 1.01264722616e-05, "max": 0.00715703237802, "var": 2.5119740954e-08, "mean": 3.33683237841e-05}, "spectral_entropy": {"dmean2": 0.218048393726, "median": 6.3103260994, "min": 4.19496107101, "dvar2": 0.0531493611634, "dvar": 0.0242284573615, "dmean": 0.142781078815, "max": 9.79533195496, "var": 0.321918517351, "mean": 6.30578613281}, "silence_rate_20dB": {"dmean2": 0, "median": 1, "min": 1, "dvar2": 0, "dvar": 0, "dmean": 0, "max": 1, "var": 0, "mean": 1}, "melbands_flatness_db": {"dmean2": 0.0278397388756, "median": 0.323435634375, "min": 0.00796389486641, "dvar2": 0.00101129291579, "dvar": 0.000396599760279, "dmean": 0.0180378053337, "max": 0.557575345039, "var": 0.00405313912779, "mean": 0.326225608587}, "barkbands": {"dmean2": [1.60488582424e-07, 1.16786331716e-07, 1.85683902032e-07, 4.20574770033e-06, 0.000578741135541, 0.00115374859888, 0.00130054168403, 0.000433186680311, 0.000816683517769, 0.000886533933226, 0.0011284891516, 0.00137310323771, 0.000274837482721, 9.8987686215e-05, 0.000158209702931, 2.33304945141e-05, 5.59849249839e-05, 2.93594985123e-05, 1.31118749778e-05, 8.821101801e-06, 2.12222380469e-06, 3.54799567504e-06, 4.06367598771e-06, 5.55918131795e-06, 2.85709643322e-06, 6.7555458827e-07, 2.37854990814e-07], "median"