{"tonal": {"thpcp": [1, 0.748962044716, 0.536264657974, 0.484397411346, 0.407698273659, 0.340856343508, 0.34051951766, 0.364428848028, 0.460443437099, 0.55268663168, 0.454263359308, 0.400594085455, 0.41083458066, 0.36179831624, 0.42696595192, 0.534658968449, 0.518976807594, 0.50464373827, 0.531686723232, 0.496516227722, 0.594360291958, 0.680439114571, 0.512207567692, 0.438503563404, 0.441017776728, 0.318504363298, 0.261479854584, 0.276536881924, 0.294526010752, 0.400074481964, 0.505852162838, 0.458170980215, 0.383312284946, 0.388938039541, 0.496325105429, 0.826020896435], "hpcp": {"dmean2": [0.464081317186, 0.404704093933, 0.359138399363, 0.319512456656, 0.277442783117, 0.232569918036, 0.215152978897, 0.224605515599, 0.252337634563, 0.270833402872, 0.245498731732, 0.233956262469, 0.236006677151, 0.231360793114, 0.233360111713, 0.248973444104, 0.288733929396, 0.295545935631, 0.291567981243, 0.292240411043, 0.32480469346, 0.323023855686, 0.288152128458, 0.28992125392, 0.265479177237, 0.20083989203, 0.171375870705, 0.175146788359, 0.188389778137, 0.233154073358, 0.285088628531, 0.28097820282, 0.257380247116, 0.276031881571, 0.325164884329, 0.434401601553], "median": [0.250626593828, 0.201526895165, 0.120105713606, 0.0989993289113, 0.0809322074056, 0.0712413862348, 0.07298001647, 0.0856766477227, 0.0955755785108, 0.0934718251228, 0.0936702787876, 0.097234159708, 0.0999389886856, 0.0831825956702, 0.0789681598544, 0.0856934115291, 0.103232339025, 0.102599851787, 0.0860645771027, 0.0982229635119, 0.147930517793, 0.164380401373, 0.123029261827, 0.0832099616528, 0.0719316750765, 0.0554458163679, 0.0550392046571, 0.0568448454142, 0.0586238540709, 0.0868037194014, 0.110827483237, 0.0897985100746, 0.0697947442532, 0.0679748356342, 0.0945038720965, 0.201911434531], "min": [0, 0, 0, 0, 0, 0, 0, 0, 0, 0, 0, 0, 0, 0, 0, 0, 0, 0, 0, 0, 0, 0, 0, 0, 0, 0, 0, 0, 0, 0, 0, 0, 0, 0, 0, 0], "dvar2": [0.200165748596, 0.15586297214, 0.15501229465, 0.147730261087, 0.137790381908, 0.105455756187, 0.093041524291, 0.0966306179762, 0.109025850892, 0.123029202223, 0.0997256785631, 0.0912673100829, 0.0935854390264, 0.0970425605774, 0.101006992161, 0.110019974411, 0.128944650292, 0.136137962341, 0.137514650822, 0.122880719602, 0.126499608159, 0.119978144765, 0.1126088202, 0.126644164324, 0.124016873538, 0.0854887515306, 0.072905369103, 0.0767593085766, 0.0820873826742, 0.0906845554709, 0.111951947212, 0.11508602649, 0.114868454635, 0.130180299282, 0.136158704758, 0.188517600298], "dvar": [0.0806288346648, 0.0569467693567, 0.0557691268623, 0.0531128197908, 0.0486854091287, 0.0379804000258, 0.0341485962272, 0.0349923782051, 0.0402613990009, 0.0487838275731, 0.0361483581364, 0.0328634679317, 0.0340803824365, 0.0349567681551, 0.036721855402, 0.0415802113712, 0.0460263043642, 0.0503930784762, 0.0539813898504, 0.046365827322, 0.0477916151285, 0.0468103885651, 0.0412967279553, 0.0462025217712, 0.0461642406881, 0.030942261219, 0.0261209625751, 0.0278108585626, 0.029914740473, 0.0336268655956, 0.0426163859665, 0.0422782227397, 0.041999720037, 0.047433514148, 0.0498934797943, 0.0685120150447], "dmean": [0.262662947178, 0.230046764016, 0.1999129951, 0.177232205868, 0.154409870505, 0.129906490445, 0.121172346175, 0.125146687031, 0.143087133765, 0.152289360762, 0.139545232058, 0.131492346525, 0.133184283972, 0.128876551986, 0.132188007236, 0.139770239592, 0.162233367562, 0.16718454659, 0.165326595306, 0.166061386466, 0.186335206032, 0.187641486526, 0.164562612772, 0.161849707365, 0.147839009762, 0.112606018782, 0.0957795381546, 0.099002994597, 0.106188826263, 0.133032038808, 0.162511974573, 0.15862570703, 0.145135715604, 0.154675111175, 0.182825371623, 0.248680025339], "max": [1, 1, 1, 1, 1, 1, 1, 1, 1, 1, 1, 1, 1, 1, 1, 1, 1, 1, 1, 1, 1, 1, 1, 1, 1, 1, 1, 1, 1, 1, 1, 1, 1, 1, 1, 1], "var": [0.13402697444, 0.0808437764645, 0.058401953429, 0.0556000433862, 0.045113787055, 0.0337379872799, 0.033327486366, 0.0333758927882, 0.050938796252, 0.0840037986636, 0.0472015216947, 0.0341025777161, 0.0358695723116, 0.03212268278, 0.0483990050852, 0.0826949775219, 0.0619683004916, 0.0613972358406, 0.0802032575011, 0.0580513738096, 0.0585810020566, 0.0774575471878, 0.0486665256321, 0.0506683960557, 0.0641393586993, 0.0342287197709, 0.0220702867955, 0.0246091205627, 0.0282069817185, 0.0380242578685, 0.0567492246628, 0.0508872754872, 0.0433371886611, 0.04640680179, 0.0587897971272, 0.100158311427], "mean": [0.392112165689, 0.293677121401, 0.210275888443, 0.189938113093, 0.159863457084, 0.133653923869, 0.133521839976, 0.142896980047, 0.180545479059, 0.216715157032, 0.178122192621, 0.157077819109, 0.161093235016, 0.141865521669, 0.167418539524, 0.20964628458, 0.203497111797, 0.197876945138, 0.208480834961, 0.194690048695, 0.233055889606, 0.266808450222, 0.200842812657, 0.171942576766, 0.172928437591, 0.124889440835, 0.10252943635, 0.10843347013, 0.115487232804, 0.156874075532, 0.198350787163, 0.179654419422, 0.150301411748, 0.152507334948, 0.194615110755, 0.323892831802]}, "tuning_equal_tempered_deviation": 0.105086095631, "chords_changes_rate": 0.0870911180973, "key_key": "D", "tuning_diatonic_strength": 0.563050329685, "key_scale": "minor", "chords_number_rate": 0.00144463940524, "tuning_frequency": 437.971466064, "tuning_nontempered_energy_ratio": 0.815682530403, "chords_histogram": [9.97833061218, 7.41925477982, 23.2793312073, 2.29078531265, 0, 0.433391809464, 0, 7.80105257034, 1.2176245451, 18.3469200134, 0.330203294754, 0.350840985775, 3.0853369236, 0.0103188529611, 0.154782786965, 0, 0.0412754118443, 0.0103188529611, 1.16603028774, 8.88453197479, 3.05438041687, 8.38922691345, 2.14632129669, 1.60974097252], "key_strength": 0.668537974358, "chords_key": "A", "chords_strength": {"dmean2": 0.0161757580936, "median": 0.536902606487, "min": 0.197428330779, "dvar2": 0.000250690034591, "dvar": 0.000149798157508, "dmean": 0.0136118428782, "max": 0.83927822113, "var": 0.0128736887127, "mean": 0.523842871189}, "chords_scale": "minor", "hpcp_entropy": {"dmean2": 1.33754920959, "median": 2.66219449043, "min": 0, "dvar2": 1.06475293636, "dvar": 0.39025747776, "dmean": 0.788490593433, "max": 4.80309438705, "var": 0.751890003681, "mean": 2.61760425568}}, "metadata": {"audio_properties": {"equal_loudness": 0, "codec": "mp3", "downmix": "mix", "sample_rate": 44100, "analysis_sample_rate": 44100, "bit_rate": 128000, "md5_encoded": "a47575f0a062b96a97e797149251ddf3", "length": 449.959197998, "replay_gain": -10.5948028564, "lossless": false}, "version": {"essentia_build_sha": "2d9f1f26377add8aeb1075a9c2973f962c4f09fd", "essentia": "2.1-beta2", "extractor": "music 1.0", "essentia_git_sha": "v2.1_beta2-1-ge3940c0"}, "tags": {"title": ["The Power of Lard"], "barcode": ["5016691200723"], "media": ["CD"], "albumartist": ["Lard"], "language": ["eng"], "musicbrainz_recordingid": ["17a936a9-8af3-4ef7-b176-7c1d9f3ad306"], "musicbrainz_albumartistid": ["4430600b-0fdb-43a1-be52-c81aa7ab1682"], "discnumber": ["1/1"], "album": ["The Power of Lard"], "catalognumber": ["VIRUS 72CD"], "contentgroup": ["Punk"], "musicbrainz album type": ["ep"], "musicbrainz album status": ["official"], "file_name": "01 - The Power of Lard.mp3", "date": ["1989"], "genre": ["Punk", "Industrial", "Industrial Rock", "Industrial Metal"], "musicbrainz album release country": ["US"], "script": ["Latn"], "asin": ["B000000F7D"], "musicbrainz_albumid": ["29a8bf5b-e5cb-48f6-af68-1e85d8797f05"], "artist": ["Lard"], "artistsort": ["Lard"], "tracknumber": ["1/3"], "label": ["Alternative Tentacles"], "albumartistsort": ["Lard"], "musicbrainz_artistid": ["4430600b-0fdb-43a1-be52-c81aa7ab1682"]}}, "rhythm": {"bpm_histogram_first_peak_bpm": {"dmean2": 0, "median": 101, "min": 101, "dvar2": 0, "dvar": 0, "dmean": 0, "max": 101, "var": 0, "mean": 101}, "bpm": 100.880523682, "bpm_histogram_second_peak_spread": {"dmean2": 0, "median": 0.382978707552, "min": 0.382978707552, "dvar2": 0, "dvar": 0, "dmean": 0, "max": 0.382978707552, "var": 0, "mean": 0.382978707552}, "bpm_histogram_first_peak_weight": {"dmean2": 0, "median": 0.297402590513, "min": 0.297402590513, "dvar2": 0, "dvar": 0, "dmean": 0, "max": 0.297402590513, "var": 0, "mean": 0.297402590513}, "onset_rate": 3.51793813705, "beats_position": [0.615328788757, 1.24226760864, 1.86920630932, 2.48453521729, 3.08825397491, 3.69197273254, 4.29569149017, 4.88780021667, 5.4915189743, 6.08362817764, 6.67573690414, 7.26784563065, 7.87156438828, 8.47528362274, 9.06739234924, 9.65950107574, 10.2632198334, 10.8553285599, 11.4474372864, 12.051156044, 12.6548748016, 13.2585935593, 13.8507022858, 14.4428119659, 15.0465307236, 15.6502494812, 16.2539672852, 16.8460769653, 17.4381847382, 18.0419044495, 18.6340141296, 19.2261219025, 19.8298416138, 20.4335594177, 21.037279129, 21.6293869019, 22.2331066132, 22.825214386, 23.4289340973, 24.0326519012, 24.6363716125, 25.2284793854, 25.8321990967, 26.4243087769, 27.0280265808, 27.6317462921, 28.2354640961, 28.8275737762, 29.4196815491, 30.0001811981, 30.5922889709, 31.1843986511, 31.7881164551, 32.3686180115, 32.960723877, 33.5528335571, 34.1449432373, 34.7370529175, 35.3407707214, 35.9328804016, 36.5365982056, 37.1287078857, 37.7208137512, 38.3129234314, 38.91664505, 39.5087509155, 40.1008605957, 40.6813583374, 41.2850799561, 41.8771858215, 42.4809074402, 43.0730133057, 43.6767349243, 44.2804527283, 44.8725624084, 45.4646720886, 46.0683898926, 46.6721076965, 47.2642173767, 47.8563270569, 48.4600448608, 49.0637626648, 49.6674804688, 50.2712020874, 50.8749198914, 51.4786376953, 52.0707473755, 52.6628570557, 53.2665748596, 53.8586845398, 54.45079422, 55.0545120239, 55.6582298279, 56.2503395081, 56.8424491882, 57.4345550537, 58.0382766724, 58.6419944763, 59.2457122803, 59.8378219604, 60.4299316406, 61.0220413208, 61.6257591248, 62.2294769287, 62.8331947327, 63.4369163513, 64.0406341553, 64.6443557739, 65.2364578247, 65.8285675049, 66.4206771851, 67.0127868652, 67.6048965454, 68.1970062256, 68.8007278442, 69.4044418335, 70.0081634521, 70.6118774414, 71.2039871216, 71.7960968018, 72.3998184204, 72.9919281006, 73.5840377808, 74.18775177, 74.7914733887, 75.3835830688, 75.975692749, 76.5561904907, 77.1366882324, 77.7287979126, 78.3209075928, 78.9130172729, 79.5051269531, 80.1088409424, 80.7241744995, 81.3395004272, 81.954826355, 82.5701599121, 83.1738739014, 83.7892074585, 84.4045333862, 85.0082550049, 85.6235809326, 86.2389068604, 86.8542404175, 87.4695663452, 88.0965042114, 88.7118377686, 89.3271636963, 89.9308853149, 90.5345993042, 91.1383209229, 91.7420425415, 92.3573684692, 92.972694397, 93.5764160156, 94.1917419434, 94.8070755005, 95.4107894897, 96.0145111084, 96.6182327271, 97.2335586548, 97.8488845825, 98.4526062012, 99.0679321289, 99.6716537476, 100.275375366, 100.879089355, 101.482810974, 102.086524963, 102.690246582, 103.282356262, 103.886077881, 104.48979187, 105.093513489, 105.697235107, 106.300949097, 106.904670715, 107.508384705, 108.1353302, 108.762268066, 109.365982056, 109.969703674, 110.573425293, 111.165527344, 111.757637024, 112.349746704, 112.941856384, 113.533966064, 114.126075745, 114.706573486, 115.287071228, 115.86756897, 116.45967865, 117.05178833, 117.632286072, 118.224395752, 118.816505432, 119.408615112, 120.000724792, 120.592834473, 121.184944153, 121.765441895, 122.345939636, 122.938049316, 123.530158997, 124.110656738, 124.69115448, 125.28326416, 125.87537384, 126.455871582, 127.036369324, 127.616867065, 128.220581055, 128.812698364, 129.404800415, 130.008529663, 130.612243652, 131.204345703, 131.796463013, 132.376953125, 132.969070435, 133.561172485, 134.141677856, 134.722167969, 135.30267334, 135.894775391, 136.4868927, 137.067382813, 137.647888184, 138.228393555, 138.808883667, 139.401000977, 139.993103027, 140.573608398, 141.154098511, 141.734603882, 142.315093994, 142.907211304, 143.499313354, 144.079818726, 144.660308838, 145.240814209, 145.82131958, 146.401809692, 146.982315063, 147.562805176, 148.143310547, 148.723800659, 149.30430603, 149.884811401, 150.465301514, 151.045806885, 151.626296997, 152.218414307, 152.798904419, 153.391021729, 153.971511841, 154.552017212, 155.144119263, 155.736236572, 156.316726685, 156.897232056, 157.477722168, 158.058227539, 158.627120972, 159.195999146, 159.776504517, 160.368606567, 160.949111938, 161.52961731, 162.12171936, 162.71383667, 163.305938721, 163.886444092, 164.466934204, 165.035827637, 165.604721069, 166.173599243, 166.742492676, 167.311386108, 167.880264282, 168.460769653, 169.041259766, 169.621765137, 170.202270508, 170.78276062, 171.37487793, 171.96697998, 172.547485352, 173.127975464, 173.708480835, 174.288970947, 174.869476318, 175.449981689, 176.030471802, 176.610977173, 177.191467285, 177.771972656, 178.352462769, 178.93296814, 179.513473511, 180.093963623, 180.674468994, 181.254959106, 181.870285034, 182.4972229, 183.135772705, 183.751113892, 184.366439819, 184.970153809, 185.585479736, 186.200805664, 186.804534912, 187.408248901, 188.011962891, 188.615692139, 189.219406128, 189.823120117, 190.426849365, 191.042175293, 191.657501221, 192.26121521, 192.864944458, 193.468658447, 194.083984375, 194.687713623, 195.303039551, 195.90675354, 196.510467529, 197.114196777, 197.717910767, 198.321624756, 198.925354004, 199.529067993, 200.132781982, 200.73651123, 201.34022522, 201.943939209, 202.547653198, 203.162994385, 203.778320313, 204.382034302, 204.985748291, 205.601089478, 206.216415405, 206.820129395, 207.423858643, 208.03918457, 208.64289856, 209.23500061, 209.82711792, 210.430831909, 211.034561157, 211.649887085, 212.265213013, 212.88053894, 213.48425293, 214.064758301, 214.645263672, 215.237365723, 215.817871094, 216.409973145, 217.013687134, 217.594192505, 218.174682617, 218.755187988, 219.335693359, 219.916183472, 220.496688843, 221.077178955, 221.657684326, 222.226577759, 222.807067871, 223.375961304, 223.956451416, 224.536956787, 225.129058838, 225.709564209, 226.278457642, 226.858947754, 227.439453125, 228.019943237, 228.600448608, 229.180953979, 229.77305603, 230.388381958, 231.003707886, 231.619049072, 232.222763062, 232.814865112, 233.406982422, 234.010696411, 234.591201782, 235.171691895, 235.752197266, 236.344299316, 236.936416626, 237.528518677, 238.109024048, 238.701126099, 239.293243408, 239.885345459, 240.46585083, 241.057952881, 241.65007019, 242.230560303, 242.811065674, 243.391555786, 243.972061157, 244.55255127, 245.144668579, 245.73677063, 246.317276001, 246.897766113, 247.478271484, 248.058776855, 248.639266968, 249.219772339, 249.800262451, 250.380767822, 250.949661255, 251.530151367, 252.0990448, 252.679534912, 253.28326416, 253.898590088, 254.502304077, 255.106033325, 255.721359253, 256.325073242, 256.92880249, 257.532501221, 258.136230469, 258.739959717, 259.343658447, 259.947387695, 260.551116943, 261.154815674, 261.758544922, 262.37387085, 262.977600098, 263.581298828, 264.196624756, 264.811981201, 265.427307129, 266.031005859, 266.634735107, 267.238464355, 267.842163086, 268.445892334, 269.049621582, 269.66494751, 270.280273438, 270.883972168, 271.487701416, 272.068206787, 272.648712158, 273.205993652, 273.763275146, 274.308929443, 274.877807617, 275.458312988, 276.050415039, 276.63092041, 277.223022461, 277.815155029, 278.40725708, 278.987762451, 279.579864502, 280.171966553, 280.764068604, 281.356170654, 281.948303223, 282.540405273, 283.132507324, 283.724609375, 284.305114746, 284.897216797, 285.489349365, 286.069824219, 286.661956787, 287.254058838, 287.846160889, 288.438262939, 289.018768311, 289.599273682, 290.179779053, 290.771881104, 291.363983154, 291.956085205, 292.548217773, 293.140319824, 293.732421875, 294.336151123, 294.939849854, 295.555175781, 296.182128906, 296.797454834, 297.401184082, 298.004882813, 298.608612061, 299.212341309, 299.816040039, 300.442993164, 301.035095215, 301.638824463, 302.230926514, 302.834655762, 303.449981689, 304.065307617, 304.669006348, 305.284362793, 305.899688721, 306.515014648, 307.118713379, 307.722442627, 308.337768555, 308.953094482, 309.56842041, 310.183746338, 310.799072266, 311.414428711, 312.029754639, 312.645080566, 313.260406494, 313.875732422, 314.49105835, 315.094787598, 315.710113525, 316.325439453, 316.940765381, 317.556091309, 318.171417236, 318.786743164, 319.390472412, 319.99420166, 320.597900391, 321.201629639, 321.805358887, 322.409057617, 323.024383545, 323.639709473, 324.243438721, 324.847167969, 325.450866699, 326.054595947, 326.658325195, 327.262023926, 327.865753174, 328.469482422, 329.073181152, 329.6769104, 330.292236328, 330.907562256, 331.522888184, 332.138214111, 332.741943359, 333.345672607, 333.937774658, 334.529876709, 335.133605957, 335.737304688, 336.341033936, 336.944763184, 337.560089111, 338.187011719, 338.813964844, 339.440887451, 340.056243896, 340.659942627, 341.252044678, 341.844177246, 342.4246521, 343.005157471, 343.585662842, 344.166168213, 344.746673584, 345.338775635, 345.930877686, 346.511383057, 347.103485107, 347.695587158, 348.276092529, 348.86819458, 349.460296631, 350.052429199, 350.64453125, 351.236633301, 351.828735352, 352.42086792, 353.012969971, 353.593475342, 354.185577393, 354.777679443, 355.381408691, 355.973510742, 356.565612793, 357.146118164, 357.726623535, 358.307098389, 358.899230957, 359.491333008, 360.083435059, 360.675537109, 361.267669678, 361.859771729, 362.4402771, 363.020751953, 363.601257324, 364.181762695, 364.762268066, 365.354370117, 365.946472168, 366.550201416, 367.153930664, 367.746032715, 368.338134766, 368.930236816, 369.522338867, 370.126068115, 370.718170166, 371.310302734, 371.902404785, 372.494506836, 373.086608887, 373.678710938, 374.259216309, 374.851318359, 375.443450928, 376.023925781, 376.61605835, 377.2081604, 377.800262451, 378.392364502, 378.98449707, 379.576599121, 380.157104492, 380.737579346, 381.318084717, 381.898590088, 382.479095459, 383.07119751, 383.663299561, 384.255401611, 384.84753418, 385.428009033, 386.008514404, 386.589019775, 387.169525146, 387.750030518, 388.330505371, 388.922637939, 389.51473999, 390.095245361, 390.687347412, 391.279449463, 391.871551514, 392.463653564, 393.055786133, 393.647888184, 394.239990234, 394.832092285, 395.435821533, 396.051147461, 396.666473389, 397.270202637, 397.862304688, 398.454406738, 399.046508789, 399.638641357, 400.230743408, 400.822845459, 401.40335083, 401.983856201, 402.575958252, 403.168060303, 403.748565674, 404.329071045, 404.921173096, 405.501678467, 406.093780518, 406.697509766, 407.289611816, 407.881713867, 408.485443115, 409.077545166, 409.669647217, 410.261749268, 410.853881836, 411.457580566, 412.049682617, 412.641815186, 413.222320557, 413.814422607, 414.406524658, 414.847717285, 415.300476074, 415.753265381, 416.194458008, 416.635650635, 417.076812744, 417.518005371, 417.947570801, 418.37713623, 418.818328857, 419.259490967, 419.700683594, 420.141845703, 420.58303833, 421.024200439, 421.465393066, 421.906555176, 422.336151123, 422.765716553, 423.206878662, 423.648071289, 424.089233398, 424.530426025, 424.959991455, 425.389556885, 425.830749512, 426.271911621, 426.713104248, 427.154266357, 427.583831787, 428.025024414, 428.454589844, 428.895782471, 429.33694458, 429.76651001, 430.196105957, 430.648895264, 431.078460693, 431.519622803, 431.96081543, 432.390380859, 432.819946289, 433.261138916, 433.702301025, 434.155090332, 434.607879639, 435.049072266, 435.513458252, 435.977874756, 436.453857422, 436.96472168, 437.47555542, 437.98638916, 438.508850098, 439.031280518, 439.553741455, 440.052947998, 440.552185059, 441.051422119, 441.562255859, 442.0730896, 442.58392334, 443.118011475, 443.640441895, 444.174499512, 444.673736572, 445.172973633, 445.672180176, 446.171417236, 446.670654297, 447.181488037, 447.692321777, 448.203155518, 448.725616455, 449.248077393], "beats_loudness": {"dmean2": 0.00976412277669, "median": 0.0231512952596, "min": 1.65872227065e-09, "dvar2": 7.78156972956e-05, "dvar": 2.89277377306e-05, "dmean": 0.00579043570906, "max": 0.0583714582026, "var": 0.000157514281454, "mean": 0.0211231224239}, "danceability": 0.98852288723, "bpm_histogram_second_peak_weight": {"dmean2": 0, "median": 0.0376623384655, "min": 0.0376623384655, "dvar2": 0, "dvar": 0, "dmean": 0, "max": 0.0376623384655, "var": 0, "mean": 0.0376623384655}, "beats_count": 771, "bpm_histogram_second_peak_bpm": {"dmean2": 0, "median": 136, "min": 136, "dvar2": 0, "dvar": 0, "dmean": 0, "max": 136, "var": 0, "mean": 136}, "bpm_histogram_first_peak_spread": {"dmean2": 0, "median": 0.66323530674, "min": 0.66323530674, "dvar2": 0, "dvar": 0, "dmean": 0, "max": 0.66323530674, "var": 0, "mean": 0.66323530674}, "beats_loudness_band_ratio": {"dmean2": [0.29397380352, 0.175061628222, 0.15618981421, 0.138837829232, 0.10232552141, 0.0938242301345], "median": [0.273465454578, 0.133518069983, 0.142743647099, 0.0947444289923, 0.124262169003, 0.119094207883], "min": [0.0282161775976, 5.92701189817e-06, 0.00010008859681, 0.000174846485606, 0.000312426011078, 0.000980960554443], "dvar2": [0.0981260687113, 0.0327954106033, 0.0194828025997, 0.0246177278459, 0.0111239999533, 0.00774348014966], "dvar": [0.0289012808353, 0.00939347036183, 0.00674826884642, 0.0088321575895, 0.00410987716168, 0.00254085310735], "dmean": [0.162219628692, 0.0977144390345, 0.088686004281, 0.0814897045493, 0.0581746734679, 0.0515786260366], "max": [0.995194733143, 0.607307195663, 0.637003660202, 0.711430251598, 0.614839494228, 0.425705969334], "var": [0.0890159532428, 0.0112235229462, 0.0119949113578, 0.0123888012022, 0.00772602437064, 0.00574738672003], "mean": [0.388991981745, 0.150412604213, 0.151829123497, 0.120015360415, 0.119965650141, 0.1109713763]}}, "lowlevel": {"barkbands_spread": {"dmean2": 11.2530918121, "median": 34.321685791, "min": 0.619812548161, "dvar2": 182.827926636, "dvar": 74.354888916, "dmean": 6.90253782272, "max": 112.626869202, "var": 239.952575684, "mean": 31.6962814331}, "melbands_spread": {"dmean2": 15.6486959457, "median": 38.6006774902, "min": 0.519582509995, "dvar2": 282.368713379, "dvar": 108.269050598, "dmean": 9.52427959442, "max": 175.831985474, "var": 447.423217773, "mean": 35.2465400696}, "hfc": {"dmean2": 6.81063079834, "median": 25.0003795624, "min": 1.06886458957e-16, "dvar2": 68.4704208374, "dvar": 30.5695056915, "dmean": 4.4696354866, "max": 120.850097656, "var": 388.335693359, "mean": 23.7923583984}, "barkbands_kurtosis": {"dmean2": 11.1703128815, "median": -0.558234512806, "min": -1.9491250515, "dvar2": 979.749511719, "dvar": 342.980041504, "dmean": 6.50268650055, "max": 335.145172119, "var": 526.599487305, "mean": 7.67573785782}, "gfcc": {"mean": [-15.4664039612, 72.7332077026, -112.498298645, 48.449054718, -58.9844245911, 12.1120738983, -35.4669570923, 12.9338741302, -28.9722976685, 3.30015969276, -18.482257843, -2.6964700222, -12.5595245361], "icov": [[0.000222550908802, -0.00032177902176, 0.00052703631809, -0.000394177273847, 0.000447481957963, -0.000500782451127, 0.000349654146703, -0.000648871646263, 0.000823834503535, -0.00106059515383, 0.00112334999721, -0.00087675137911, 0.000333632051479], [-0.00032177902176, 0.00282155838795, -0.00086848938372, 0.0012838060502, -0.00171937048435, 0.00176608888432, -0.0014132935321, 0.00189327972475, -0.00270662200637, 0.00430122576654, -0.00435745157301, 0.00361670833081, -0.00167238048743], [0.00052703631809, -0.00086848938372, 0.00208166521043, -0.00185922940727, 0.00116407277528, -0.00210740370676, 0.00137683469802, -0.00222038920037, 0.00248793372884, -0.00298886466771, 0.00228101527318, -0.00183118355926, 0.000319263490383], [-0.000394177273847, 0.0012838060502, -0.00185922940727, 0.00621071690693, -0.00227215210907, 0.00193319213577, -0.000719149771612, 0.00249348953366, -0.00293188286014, 0.00358533510007, -0.00281386869028, 0.00256247236393, -0.00204158434644], [0.000447481957963, -0.00171937048435, 0.00116407277528, -0.00227215210907, 0.00681309588253, -0.00290387473069, 0.000693537003826, -0.00358981708996, 0.00108660326805, -0.00330484728329, 0.00162143504713, 0.000257989595411, -0.00171762716491], [-0.000500782451127, 0.00176608888432, -0.00210740370676, 0.00193319213577, -0.00290387473069, 0.00824426673353, -0.00206325855106, 0.00138850556687, -0.000728078943212, 0.00456777773798, -0.00445712357759, 0.0011652315734, 0.00199715187773], [0.000349654146703, -0.0014132935321, 0.00137683469802, -0.000719149771612, 0.000693537003826, -0.00206325855106, 0.00928084552288, -0.00390733545646, 0.00321885454468, -0.000711131666321, -0.00216442206874, 0.000278984254692, -0.00142617255915], [-0.000648871646263, 0.00189327972475, -0.00222038920037, 0.00249348953366, -0.00358981708996, 0.00138850556687, -0.00390733545646, 0.0146021340042, -0.0049883024767, 0.000740037474316, 0.000689418520778, -0.000284834066406, 0.00111094908789], [0.000823834503535, -0.00270662200637, 0.00248793372884, -0.00293188286014, 0.00108660326805, -0.000728078943212, 0.00321885454468, -0.0049883024767, 0.0163434632123, -0.00668181711808, 0.00242146174423, -0.00035628315527, 0.00081536360085], [-0.00106059515383, 0.00430122576654, -0.00298886466771, 0.00358533510007, -0.00330484728329, 0.00456777773798, -0.000711131666321, 0.000740037474316, -0.00668181711808, 0.0212218947709, -0.0101281814277, 0.00445028254762, -0.000323850894347], [0.00112334999721, -0.00435745157301, 0.00228101527318, -0.00281386869028, 0.00162143504713, -0.00445712357759, -0.00216442206874, 0.000689418520778, 0.00242146174423, -0.0101281814277, 0.0301461033523, -0.0126610118896, 0.00382161163725], [-0.00087675137911, 0.00361670833081, -0.00183118355926, 0.00256247236393, 0.000257989595411, 0.0011652315734, 0.000278984254692, -0.000284834066406, -0.00035628315527, 0.00445028254762, -0.0126610118896, 0.0298856645823, -0.0119629111141], [0.000333632051479, -0.00167238048743, 0.000319263490383, -0.00204158434644, -0.00171762716491, 0.00199715187773, -0.00142617255915, 0.00111094908789, 0.00081536360085, -0.000323850894347, 0.00382161163725, -0.0119629111141, 0.0240738987923]], "cov": [[18137.7402344, -1252.96520996, -3471.69775391, -704.351867676, -842.792480469, -160.013320923, -294.375823975, 196.870651245, -344.092010498, 325.161437988, -398.787231445, 236.578918457, -228.58380127], [-1252.96520996, 1152.98522949, -151.206893921, 59.9246292114, 212.630340576, -94.6100997925, 156.249908447, -97.4907150269, 124.221305847, -154.1612854, 108.952629089, -91.7510147095, 72.1527328491], [-3471.69775391, -151.206893921, 1961.84570313, 297.880218506, 142.147888184, 258.938446045, -44.8110961914, 90.4156265259, -44.7718811035, 44.1150741577, 35.4286842346, 18.7918567657, 24.5104026794], [-704.351867676, 59.9246292114, 297.880218506, 275.300415039, 88.5523147583, 5.92778491974, 0.0286886524409, -12.335975647, 28.0230541229, -19.053609848, 16.9522304535, -12.0957250595, 29.810716629], [-842.792480469, 212.630340576, 142.147888184, 88.5523147583, 281.403320313, 49.456073761, 49.7668457031, 30.3304862976, 43.4072570801, -11.1628217697, 32.8397789001, -25.7925548553, 29.9485454559], [-160.013320923, -94.6100997925, 258.938446045, 5.92778491974, 49.456073761, 223.13243103, 25.0137653351, 29.5182380676, -36.788444519, -1.34781098366, 14.4298648834, 12.0061016083, -17.2454624176], [-294.375823975, 156.249908447, -44.8110961914, 0.0286886524409, 49.7668457031, 25.0137653351, 165.398880005, 11.9850502014, -0.723503172398, -26.7098445892, 35.3896102905, -7.54095697403, 16.5518493652], [196.870651245, -97.4907150269, 90.4156265259, -12.335975647, 30.3304862976, 29.5182380676, 11.9850502014, 115.534614563, 6.16029930115, 32.8919754028, -12.6042385101, 9.75225257874, -9.57171440125], [-344.092010498, 124.221305847, -44.7718811035, 28.0230541229, 43.4072570801, -36.788444519, -0.723503172398, 6.16029930115, 108.06803894, 5.44477319717, 12.3826818466, -20.9281539917, 6.23787355423], [325.161437988, -154.1612854, 44.1150741577, -19.053609848, -11.1628217697, -1.34781098366, -26.7098445892, 32.8919754028, 5.44477319717, 98.4032897949, -2.29888892174, 12.2299127579, -13.6197748184], [-398.787231445, 108.952629089, 35.4286842346, 16.9522304535, 32.8397789001, 14.4298648834, 35.3896102905, -12.6042385101, 12.3826818466, -2.29888892174, 65.7580795288, 7.09770822525, 10.5253210068], [236.578918457, -91.7510147095, 18.7918567657, -12.0957250595, -25.7925548553, 12.0061016083, -7.54095697403, 9.75225257874, -20.9281539917, 12.2299127579, 7.09770822525, 60.6397895813, 15.219493866], [-228.58380127, 72.1527328491, 24.5104026794, 29.810716629, 29.9485454559, -17.2454624176, 16.5518493652, -9.57171440125, 6.23787355423, -13.6197748184, 10.5253210068, 15.219493866, 62.4093360901]]}, "spectral_energyband_middle_low": {"dmean2": 0.00409331964329, "median": 0.00565983308479, "min": 4.33097208254e-22, "dvar2": 2.71663593594e-05, "dvar": 1.08941867438e-05, "dmean": 0.00253405538388, "max": 0.048335570842, "var": 3.77410906367e-05, "mean": 0.00679911626503}, "melbands_crest": {"dmean2": 5.88519239426, "median": 11.2706375122, "min": 2.85445165634, "dvar2": 27.1659812927, "dvar": 10.3958892822, "dmean": 3.50155568123, "max": 39.8985137939, "var": 31.3560333252, "mean": 12.4072751999}, "spectral_kurtosis": {"dmean2": 1.82736182213, "median": 2.86089849472, "min": -1.4829018116, "dvar2": 5.47866392136, "dvar": 2.12888479233, "dmean": 1.09421026707, "max": 32.823299408, "var": 4.26202964783, "mean": 3.13280463219}, "spectral_rms": {"dmean2": 0.00119293760508, "median": 0.00420052884147, "min": 3.16171503041e-12, "dvar2": 2.18328636947e-06, "dvar": 8.54166330555e-07, "dmean": 0.000745363009628, "max": 0.00920194853097, "var": 3.40287897416e-06, "mean": 0.00385024095885}, "zerocrossingrate": {"dmean2": 0.0151824522763, "median": 0.09130859375, "min": 0, "dvar2": 0.000281523156445, "dvar": 0.000190341233974, "dmean": 0.0118034854531, "max": 0.48876953125, "var": 0.00131899619009, "mean": 0.0831213667989}, "silence_rate_60dB": {"dmean2": 0.127567350864, "median": 0, "min": 0, "dvar2": 0.121622256935, "dvar": 0.0597105808556, "dmean": 0.0637803822756, "max": 1, "var": 0.154049023986, "mean": 0.190247684717}, "erbbands_kurtosis": {"dmean2": 1.58525168896, "median": -0.560015201569, "min": -1.89716541767, "dvar2": 12.465344429, "dvar": 5.79051399231, "dmean": 1.01406228542, "max": 82.4348220825, "var": 10.3672857285, "mean": 0.180419906974}, "erbbands": {"dmean2": [0.0920953974128, 1.33691442013, 3.94219398499, 3.85912752151, 5.69981718063, 6.28325891495, 6.32868480682, 9.93919849396, 13.1298351288, 14.4233856201, 24.4839344025, 21.4094390869, 27.538274765, 32.3647193909, 14.395031929, 20.4097766876, 22.7768917084, 19.0497112274, 18.958978653, 16.9718208313, 20.4248733521, 26.066783905, 22.7605056763, 21.0536231995, 22.8832740784, 22.348815918, 15.7007417679, 9.28688144684, 6.58287096024, 4.86198806763, 2.27931284904, 1.3358348608, 1.02424740791, 0.631524562836, 0.240235388279, 0.0890145152807, 0.0283656530082, 0.00597331253812, 0.000178315880476, 1.51839622049e-05], "median": [0.0189709998667, 0.226906657219, 0.88987249136, 2.09984660149, 2.74627995491, 2.95978546143, 3.34978532791, 4.55940151215, 5.94222736359, 7.65193414688, 9.56153488159, 9.96117019653, 10.3892040253, 11.3696937561, 9.46155357361, 12.462141037, 11.7887592316, 13.4388389587, 17.713470459, 19.4489612579, 22.952911377, 29.7413463593, 30.5036468506, 28.2573795319, 26.3728637695, 32.9448623657, 28.4341926575, 14.3644723892, 7.33335351944, 4.66431474686, 3.26610803604, 2.38519144058, 1.67334794998, 1.01859211922, 0.356721758842, 0.125851988792, 0.0398295298219, 0.00653603579849, 0.000175677792868, 3.30758048221e-05], "min": [4.68670467945e-22, 5.10544194341e-21, 1.76164945861e-20, 4.66407694781e-20, 3.0594418791e-20, 2.86503750379e-19, 5.36232343194e-19, 2.7667780113e-19, 7.80882124596e-19, 2.61006771367e-18, 3.19746913937e-18, 9.53270441661e-19, 5.6987191755e-19, 2.93364112376e-18, 5.09175492832e-18, 2.85332043872e-18, 2.98746762738e-18, 4.15250499125e-18, 6.90633938372e-18, 1.02358257217e-17, 1.33602465411e-17, 1.85396569718e-17, 1.29506796414e-17, 1.18288887275e-17, 1.83544131823e-17, 1.55814903565e-17, 1.78693643973e-17, 1.81350448839e-17, 1.35257422207e-17, 1.79726312793e-17, 1.86837650694e-17, 1.95992108164e-17, 1.69159494058e-17, 1.12560231399e-17, 8.01710232567e-18, 5.13107206361e-18, 2.19332750362e-18, 1.14050060196e-18, 3.25217845149e-19, 3.1741411339e-20], "dvar2": [0.0291944593191, 7.34026193619, 54.4708824158, 26.9536113739, 64.1018066406, 92.8274383545, 120.670578003, 325.6144104, 477.870513916, 695.232971191, 2735.91821289, 2536.27539063, 3441.98852539, 6366.94873047, 1104.58813477, 1586.38439941, 2308.01318359, 1548.80444336, 1157.80395508, 575.746948242, 830.195861816, 1304.06494141, 941.530273438, 877.159790039, 1530.83422852, 1007.15179443, 435.930114746, 157.308914185, 85.4440689087, 47.1187095642, 9.94543266296, 3.71223521233, 2.23534464836, 1.02057290077, 0.212850153446, 0.0273182429373, 0.00204561604187, 0.000104932754766, 2.08262861179e-07, 4.31114560717e-10], "dvar": [0.0114066191018, 2.61273217201, 19.2456016541, 10.053486824, 22.4546604156, 34.3676071167, 49.5519714355, 120.188247681, 190.212478638, 261.27822876, 1032.17407227, 1027.69494629, 1298.71459961, 2333.61791992, 425.720275879, 623.828125, 895.366821289, 611.65246582, 433.586364746, 227.763809204, 322.930389404, 500.498474121, 362.330871582, 333.69354248, 604.821533203, 378.77432251, 153.724594116, 56.8626747131, 28.8243846893, 15.1691808701, 3.68645834923, 1.4248611927, 0.912592232227, 0.429819375277, 0.0961244404316, 0.0120113436133, 0.000884420704097, 4.06570434279e-05, 7.59611396006e-08, 1.67682631669e-10], "dmean": [0.054855696857, 0.735514879227, 2.16012787819, 2.27511787415, 3.27139568329, 3.70263600349, 3.93031001091, 5.89184331894, 8.07238578796, 8.67726135254, 14.7323455811, 13.2190322876, 16.592918396, 19.4574222565, 8.7638759613, 12.3548841476, 13.9631223679, 11.617474556, 11.425450325, 10.3395709991, 12.3988218307, 15.7150430679, 13.8609209061, 12.7464828491, 14.0576505661, 13.3901987076, 9.27788734436, 5.43124485016, 3.73263049126, 2.69719171524, 1.35168778896, 0.80626732111, 0.638470411301, 0.395651340485, 0.153975918889, 0.0563686229289, 0.0178006477654, 0.00365861132741, 0.000107657164335, 9.44906059885e-06], "max": [0.776291131973, 12.3074569702, 37.2541007996, 39.9407501221, 61.0421028137, 91.9635543823, 205.878204346, 216.198883057, 295.68661499, 449.320281982, 771.877746582, 771.862915039, 666.208435059, 982.810852051, 729.798950195, 728.348510742, 797.95135498, 821.99407959, 1134.63793945, 359.672698975, 458.600128174, 513.067138672, 416.841827393, 585.887939453, 989.56652832, 791.032653809, 232.345306396, 144.60017395, 69.1184539795, 49.128036499, 63.0916976929, 52.6447753906, 29.2940177917, 20.0469741821, 12.4036169052, 4.35072946548, 0.932037234306, 0.179111510515, 0.0107366321608, 0.000417935778387], "var": [0.00988664943725, 1.68609380722, 13.0146684647, 13.563999176, 27.8283863068, 45.2033538818, 114.333580017, 176.216140747, 343.461761475, 401.864898682, 1480.24902344, 1675.57275391, 2481.83666992, 4646.19335938, 855.381652832, 1355.45373535, 1851.15930176, 1140.33190918, 820.04498291, 632.133239746, 819.160705566, 1241.41479492, 1154.05175781, 1228.22290039, 2210.40039063, 1608.36816406, 754.411743164, 238.866439819, 85.388710022, 34.9412918091, 14.0416374207, 5.69892978668, 3.8343770504, 1.63548135757, 0.305351674557, 0.0388841629028, 0.00325250905007, 0.00010249283514, 9.86684085547e-08, 5.83260884035e-10], "mean": [0.0547774471343, 0.623198986053, 2.11923360825, 3.37871575356, 4.50036382675, 5.30234909058, 6.87399959564, 8.81592750549, 12.7459087372, 13.8038291931, 21.5789222717, 21.1862659454, 27.0037536621, 32.1518592834, 16.6005973816, 22.6273326874, 25.2903385162, 21.5600547791, 23.1761608124, 22.9276046753, 26.6462593079, 33.8246650696, 33.6223258972, 32.3493919373, 35.5206336975, 37.1514511108, 28.5136165619, 15.5792989731, 9.03468418121, 5.84940862656, 3.79767608643, 2.4779150486, 1.92162442207, 1.16483652592, 0.436334133148, 0.158722177148, 0.0496467910707, 0.00878127012402, 0.000230775360251, 3.19334576488e-05]}, "spectral_strongpeak": {"dmean2": 0.657444119453, "median": 0.259312152863, "min": 0, "dvar2": 1.14799773693, "dvar": 0.435127258301, "dmean": 0.379818320274, "max": 19.3563404083, "var": 0.604333937168, "mean": 0.535965442657}, "spectral_energy": {"dmean2": 0.011293833144, "median": 0.0180855505168, "min": 1.02463532946e-20, "dvar2": 0.000234376042499, "dvar": 8.87142450665e-05, "dmean": 0.00681855343282, "max": 0.0867927595973, "var": 0.00020916457288, "mean": 0.0186828766018}, "average_loudness": 0.812792420387, "spectral_rolloff": {"dmean2": 1114.02160645, "median": 2756.25, "min": 21.533203125, "dvar2": 2849975, "dvar": 1128431.375, "dmean": 649.690002441, "max": 18432.421875, "var": 2508166, "mean": 2382.46191406}, "spectral_centroid": {"dmean2": 480.771392822, "median": 2179.00366211, "min": 149.132385254, "dvar2": 262476.09375, "dvar": 105289.507813, "dmean": 294.128112793, "max": 11333.2109375, "var": 657116.6875, "mean": 1911.98840332}, "pitch_salience": {"dmean2": 0.13379047811, "median": 0.646459639072, "min": 0.0085281310603, "dvar2": 0.0170577540994, "dvar": 0.00637863064185, "dmean": 0.0795888155699, "max": 0.917999148369, "var": 0.0153285358101, "mean": 0.61817419529}, "spectral_energyband_middle_high": {"dmean2": 0.0023293569684, "median": 0.0052517009899, "min": 1.78362293805e-21, "dvar2": 1.13086098281e-05, "dvar": 4.6586346798e-06, "dmean": 0.00151605613064, "max": 0.0385631583631, "var": 3.41688682965e-05, "mean": 0.00598332891241}, "spectral_contrast_coeffs": {"dmean2": [0.0897636041045, 0.0785865485668, 0.06168692559, 0.048487752676, 0.0349502377212, 0.0311338789761], "median": [-0.663395285606, -0.775922954082, -0.811894059181, -0.81187582016, -0.803001761436, -0.736438989639], "min": [-0.99755948782, -0.966997981071, -0.967997014523, -0.962480127811, -0.962254941463, -0.959198832512], "dvar2": [0.00529328454286, 0.00372691941448, 0.00243494426832, 0.00152647681534, 0.000850983487908, 0.000682022888213], "dvar": [0.00190944247879, 0.0013745528413, 0.000916452496313, 0.000595465768129, 0.000365214160411, 0.000269030540949], "dmean": [0.053692728281, 0.0469870492816, 0.0373130477965, 0.0293901450932, 0.0215075965971, 0.0188876222819], "max": [-0.367501050234, -0.460897147655, -0.535547792912, -0.532421469688, -0.480951786041, -0.55080717802], "var": [0.00481128459796, 0.0035075286869, 0.00327464006841, 0.00222035055049, 0.00161911337636, 0.00316808209755], "mean": [-0.662514686584, -0.772047460079, -0.805608391762, -0.813046455383, -0.804834067822, -0.75167953968]}, "melbands_skewness": {"dmean2": 1.7212947607, "median": 1.96849822998, "min": -1.34844744205, "dvar2": 6.10333538055, "dvar": 2.37907266617, "dmean": 1.06412339211, "max": 23.9545078278, "var": 8.10472011566, "mean": 3.1142783165}, "spectral_spread": {"dmean2": 891768, "median": 4410303, "min": 1729793.25, "dvar2": 1802031726590.0, "dvar": 891700641792, "dmean": 586917, "max": 41290388, "var": 4087632887810.0, "mean": 4949942.5}, "dissonance": {"dmean2": 0.0192020051181, "median": 0.486961364746, "min": 0.0164892077446, "dvar2": 0.00045818745275, "dvar": 0.000176256406121, "dmean": 0.0113038253039, "max": 0.500000178814, "var": 0.000315832410706, "mean": 0.482066512108}, "spectral_skewness": {"dmean2": 0.301483362913, "median": 1.14342486858, "min": -0.0593762658536, "dvar2": 0.119924448431, "dvar": 0.0506105870008, "dmean": 0.188129216433, "max": 4.86844491959, "var": 0.165972307324, "mean": 1.20986616611}, "spectral_flux": {"dmean2": 0.0329846851528, "median": 0.0821209698915, "min": 1.0122427202e-10, "dvar2": 0.0012937906431, "dvar": 0.00072984531289, "dmean": 0.0213088206947, "max": 0.252856850624, "var": 0.00200597615913, "mean": 0.080054551363}, "spectral_contrast_valleys": {"dmean2": [0.69108992815, 0.632804274559, 0.557634294033, 0.532493889332, 0.426703333855, 0.352239698172], "median": [-7.26868391037, -6.45045471191, -6.88223552704, -7.00416183472, -6.4188785553, -9.36969184875], "min": [-27.4742126465, -27.6901836395, -27.1701641083, -27.2875137329, -27.2170543671