{"tonal": {"thpcp": [1, 0.927549362183, 0.542442679405, 0.333569347858, 0.227308422327, 0.186425581574, 0.220633730292, 0.226241439581, 0.203592181206, 0.218355625868, 0.271413296461, 0.287003338337, 0.265865057707, 0.24047511816, 0.210389554501, 0.249107897282, 0.327547818422, 0.306742578745, 0.222673147917, 0.19154047966, 0.227278828621, 0.35890597105, 0.444766968489, 0.347003489733, 0.22970610857, 0.181404918432, 0.164368674159, 0.228567302227, 0.304554104805, 0.289412230253, 0.288047552109, 0.304085582495, 0.260960638523, 0.213041394949, 0.209665670991, 0.531781554222], "hpcp": {"dmean2": [0.17039039731, 0.155782103539, 0.14449813962, 0.174918368459, 0.21080866456, 0.200173914433, 0.161307409406, 0.148040935397, 0.15938180685, 0.220455959439, 0.252914220095, 0.211229503155, 0.176232293248, 0.13172505796, 0.104130759835, 0.113138735294, 0.145607724786, 0.177508965135, 0.189104393125, 0.191344767809, 0.169981911778, 0.149941027164, 0.168823063374, 0.262606918812, 0.320634990931, 0.304627150297, 0.29572558403, 0.236719638109, 0.182658433914, 0.153965502977, 0.174157604575, 0.166614696383, 0.165998250246, 0.171637952328, 0.176583766937, 0.181707113981], "median": [0.059967789799, 0.0550167299807, 0.0448423996568, 0.0448059663177, 0.0495938695967, 0.0487781576812, 0.0372241176665, 0.0327336229384, 0.0503091514111, 0.0964960232377, 0.119795300066, 0.0889010280371, 0.0466423667967, 0.0341831892729, 0.0314497277141, 0.0417083054781, 0.048027984798, 0.0542558394372, 0.0538769178092, 0.0522130094469, 0.0458965338767, 0.0388295426965, 0.0374621637166, 0.17089830339, 0.426255017519, 0.48949560523, 0.147795915604, 0.0629009157419, 0.0364272072911, 0.0339109413326, 0.0425182841718, 0.0476839393377, 0.0365658067167, 0.0341488048434, 0.0325308814645, 0.0446279272437], "min": [0, 0, 0, 0, 0, 0, 0, 0, 0, 0, 0, 0, 0, 0, 0, 0, 0, 0, 0, 0, 0, 0, 0, 0, 0, 0, 0, 0, 0, 0, 0, 0, 0, 0, 0, 0], "dvar2": [0.0706222951412, 0.0667785555124, 0.0580620206892, 0.0768171027303, 0.0987121537328, 0.0904194116592, 0.0672784373164, 0.0651462078094, 0.0611364282668, 0.0745787322521, 0.0912494361401, 0.0743623450398, 0.0631130859256, 0.0475226715207, 0.0336571224034, 0.0303091164678, 0.049675449729, 0.06306630373, 0.0739416629076, 0.0783601105213, 0.0689179077744, 0.0577076002955, 0.0642551779747, 0.0969475880265, 0.131233900785, 0.103693202138, 0.111129961908, 0.106069654226, 0.0948321074247, 0.0730132088065, 0.0815124884248, 0.0730867236853, 0.0817588865757, 0.0796008706093, 0.0834381356835, 0.0892265513539], "dvar": [0.0270410310477, 0.0254124496132, 0.0225973371416, 0.0297175161541, 0.0415911339223, 0.0381832644343, 0.0250087827444, 0.0249821357429, 0.0240416042507, 0.0286656878889, 0.0368511006236, 0.0282459631562, 0.0240901857615, 0.0185128897429, 0.0133405402303, 0.0122053101659, 0.019868357107, 0.0242376606911, 0.0294542834163, 0.0315137691796, 0.0269665140659, 0.0215533040464, 0.0235609505326, 0.0389025248587, 0.0652433931828, 0.0432615168393, 0.0445301644504, 0.0417788513005, 0.0354515612125, 0.0268551371992, 0.03085757792, 0.0275619905442, 0.0301547721028, 0.0296658501029, 0.0339902676642, 0.0350670926273], "dmean": [0.100836314261, 0.0920692309737, 0.0858061909676, 0.103620022535, 0.127492591739, 0.118447549641, 0.0935250371695, 0.085427545011, 0.0934814885259, 0.129856824875, 0.148474425077, 0.125658288598, 0.100633814931, 0.0770355761051, 0.0627138987184, 0.0691070407629, 0.0872021466494, 0.104524314404, 0.1124516204, 0.114969402552, 0.100936241448, 0.0865408405662, 0.0959977954626, 0.155533373356, 0.192794889212, 0.18039701879, 0.176762089133, 0.138374969363, 0.105061538517, 0.0885142087936, 0.10089545697, 0.0961143895984, 0.0945475846529, 0.0981400161982, 0.104575842619, 0.107030555606], "max": [1, 1, 1, 1, 1, 1, 1, 1, 1, 1, 1, 1, 1, 1, 1, 1, 1, 1, 1, 1, 1, 1, 1, 1, 1, 1, 1, 1, 1, 1, 1, 1, 1, 1, 1, 1], "var": [0.0333091244102, 0.0306099299341, 0.0271425712854, 0.0386250801384, 0.0624589547515, 0.0568355768919, 0.0312969945371, 0.0277234334499, 0.0298809502274, 0.0466082207859, 0.0672250837088, 0.0436659231782, 0.0302783157676, 0.0250441804528, 0.0208905730397, 0.0313529409468, 0.0595250539482, 0.0389699116349, 0.0435149781406, 0.0486134625971, 0.0403555780649, 0.0293300580233, 0.0276171434671, 0.0628495439887, 0.16257199645, 0.12136464566, 0.086368650198, 0.0572247542441, 0.0397586412728, 0.0265915952623, 0.0309319030493, 0.0294831469655, 0.0304457303137, 0.0340687297285, 0.0562323518097, 0.0536980554461], "mean": [0.131301030517, 0.118761867285, 0.103903710842, 0.123025283217, 0.161763891578, 0.151488944888, 0.109970122576, 0.094594836235, 0.112244702876, 0.177250534296, 0.219654142857, 0.171372339129, 0.11344344914, 0.089589253068, 0.0811756774783, 0.112881034613, 0.150408133864, 0.14293012023, 0.14225615561, 0.150176748633, 0.12887892127, 0.105213351548, 0.103546209633, 0.262627452612, 0.493863433599, 0.458082705736, 0.267892599106, 0.164737701416, 0.112259320915, 0.0920687764883, 0.108962930739, 0.111732371151, 0.100546732545, 0.107837855816, 0.13404110074, 0.141740456223]}, "tuning_equal_tempered_deviation": 0.202113330364, "chords_changes_rate": 0.0763579085469, "key_key": "A#", "tuning_diatonic_strength": 0.604023456573, "key_scale": "minor", "chords_number_rate": 0.00288638146594, "tuning_frequency": 434.193115234, "tuning_nontempered_energy_ratio": 0.842500090599, "chords_histogram": [8.23930740356, 2.88638162613, 29.9134082794, 1.75806879997, 1.33823144436, 0.314877986908, 1.33823144436, 17.8168468475, 3.17501974106, 26.9483070374, 0, 0.603516161442, 1.31199157238, 0.104959331453, 0.524796664715, 0.183678820729, 0.524796664715, 0, 0.236158490181, 0.367357641459, 0.157438993454, 0.446077138186, 0.341117829084, 1.46943056583], "key_strength": 0.659240663052, "chords_key": "F", "chords_strength": {"dmean2": 0.0118036642671, "median": 0.515169918537, "min": 0.228706866503, "dvar2": 0.000119816788356, "dvar": 0.000104016900877, "dmean": 0.0112955896184, "max": 0.798904895782, "var": 0.0103022176772, "mean": 0.507865607738}, "chords_scale": "minor", "hpcp_entropy": {"dmean2": 1.09547233582, "median": 2.19285106659, "min": 0, "dvar2": 0.762886226177, "dvar": 0.27886480093, "dmean": 0.652027249336, "max": 4.38890171051, "var": 0.65845566988, "mean": 2.18835020065}}, "metadata": {"audio_properties": {"equal_loudness": 0, "codec": "mp3", "downmix": "mix", "sample_rate": 44100, "analysis_sample_rate": 44100, "bit_rate": 128000, "md5_encoded": "e9aaf83acd0724ec23b7c6819c98ce43", "length": 176.927352905, "replay_gain": -11.8904056549, "lossless": false}, "version": {"essentia_build_sha": "70f2e5ece6736b2c40cc944ad0e695b16b925413", "essentia": "2.1-beta2", "extractor": "music 1.0", "essentia_git_sha": "v2.1_beta2"}, "tags": {"title": ["Theme From Spider Man"], "barcode": ["5099750846728"], "media": ["CD"], "albumartist": ["Aerosmith"], "musicbrainz_recordingid": ["17ab2346-d086-4a68-a242-124c52070f9c"], "musicbrainz_albumartistid": ["3d2b98e5-556f-4451-a3ff-c50ea18d57cb"], "originalyear": ["2002"], "discnumber": ["2/2"], "album": ["O, Yeah! Ultimate Aerosmith Hits"], "catalognumber": ["508467 2"], "contentgroup": ["Rock"], "musicbrainz album type": ["album/compilation"], "musicbrainz album status": ["official"], "file_name": "Aerosmith - Theme From Spider Man.mp3", "originaldate": ["2002"], "date": ["2002"], "genre": ["Rock; Hard Rock"], "musicbrainz album release country": ["GB"], "musicbrainz_releasegroupid": ["46b0f87b-0665-3110-ad6c-8fcf1811cd3a"], "musicbrainz_artistid": ["3d2b98e5-556f-4451-a3ff-c50ea18d57cb"], "asin": ["B001I5EU7K"], "musicbrainz_albumid": ["12fc772f-708a-32df-9994-29949b041092"], "artist": ["Aerosmith"], "artistsort": ["Aerosmith"], "tracknumber": ["16/17"], "label": ["Columbia"], "albumartistsort": ["Aerosmith"], "acoustid_id": ["dd79583c-c795-4640-8cd5-2f3335b5f231"], "script": ["Latn"]}}, "rhythm": {"bpm_histogram_first_peak_bpm": {"dmean2": 0, "median": 115, "min": 115, "dvar2": 0, "dvar": 0, "dmean": 0, "max": 115, "var": 0, "mean": 115}, "bpm": 114.655548096, "bpm_histogram_second_peak_spread": {"dmean2": 0, "median": 0.142857134342, "min": 0.142857134342, "dvar2": 0, "dvar": 0, "dmean": 0, "max": 0.142857134342, "var": 0, "mean": 0.142857134342}, "bpm_histogram_first_peak_weight": {"dmean2": 0, "median": 0.676646709442, "min": 0.676646709442, "dvar2": 0, "dvar": 0, "dmean": 0, "max": 0.676646709442, "var": 0, "mean": 0.676646709442}, "onset_rate": 3.3286678791, "beats_position": [0.66176867485, 1.33514738083, 1.99691605568, 2.67029476166, 3.25079369545, 3.83129239082, 4.41179132462, 4.8994102478, 5.38702917099, 5.87464857101, 6.32743740082, 6.78022670746, 7.23301553726, 7.76707458496, 8.31274318695, 8.84680271149, 9.38086128235, 9.92653083801, 10.47219944, 11.0062580109, 11.5403175354, 12.0743761063, 12.5968255997, 13.1192741394, 13.6301136017, 14.1525621414, 14.6750106812, 15.1974601746, 15.7199087143, 16.242357254, 16.7648067474, 17.2872562408, 17.8097057343, 18.3321533203, 18.8546028137, 19.3770523071, 19.8994998932, 20.4219493866, 20.94439888, 21.4668483734, 21.9892959595, 22.5117454529, 23.0341949463, 23.5566444397, 24.0790920258, 24.6131515503, 25.1472110748, 25.6580486298, 26.168888092, 26.6913375854, 27.2137870789, 27.7246246338, 28.2470741272, 28.7695236206, 29.291973114, 29.8144207001, 30.3368701935, 30.8593196869, 31.3817672729, 31.9042167664, 32.4266662598, 32.9491157532, 33.4715652466, 33.9824028015, 34.5048522949, 35.0273017883, 35.5265312195, 36.0605888367, 36.5946464539, 37.1170959473, 37.6279373169, 38.1503829956, 38.6844444275, 39.2068939209, 39.7293434143, 40.251789093, 40.7742385864, 41.2966880798, 41.8191375732, 42.3415870667, 42.8640365601, 43.3864860535, 43.9089317322, 44.4313812256, 44.953830719, 45.4762802124, 45.9987297058, 46.5095672607, 47.0320167542, 47.5544662476, 48.076915741, 48.5993652344, 49.1218147278, 49.6442604065, 50.1667098999, 50.6891593933, 51.2116088867, 51.7340583801, 52.2565078735, 52.7789573669, 53.2897949219, 53.8122444153, 54.3346939087, 54.8571434021, 55.3795890808, 55.9020385742, 56.4244880676, 56.9353294373, 57.457775116, 57.9802246094, 58.5026741028, 59.0251235962, 59.5475730896, 60.070022583, 60.5924720764, 61.1149177551, 61.6373672485, 62.1598167419, 62.6822662354, 63.2047157288, 63.7271652222, 64.2496109009, 64.772064209, 65.2945098877, 65.8053512573, 66.3394088745, 66.8618545532, 67.3843078613, 67.90675354, 68.4292068481, 68.9516525269, 69.474105835, 69.9965515137, 70.5189971924, 71.0414505005, 71.5638961792, 72.0863494873, 72.608795166, 73.1428527832, 73.6536941528, 74.1761474609, 74.6985931396, 75.2210388184, 75.7434921265, 76.2543258667, 76.7767791748, 77.2992248535, 77.8100662231, 78.3325119019, 78.85496521, 79.3658065796, 79.8998641968, 80.433921814, 80.9563674927, 81.4788208008, 82.0012664795, 82.5237197876, 83.0345535278, 83.5570068359, 84.0794525146, 84.6019058228, 85.1243515015, 85.6584091187, 86.1808624268, 86.7033081055, 87.2141494751, 87.7482070923, 88.270652771, 88.7931060791, 89.3155517578, 89.8380050659, 90.3488388062, 90.8596801758, 91.3821334839, 91.9045791626, 92.4270248413, 92.9494781494, 93.4719238281, 93.9943771362, 94.5052108765, 95.0276641846, 95.5501098633, 96.0725631714, 96.5950088501, 97.1174621582, 97.6399078369, 98.1739654541, 98.6848068237, 99.2072525024, 99.7297058105, 100.252151489, 100.774604797, 101.297050476, 101.819496155, 102.341949463, 102.864395142, 103.38684845, 103.909294128, 104.431747437, 104.954193115, 105.476638794, 105.999092102, 106.521537781, 107.03237915, 107.554824829, 108.077278137, 108.611335754, 109.133781433, 109.656234741, 110.17868042, 110.701133728, 111.211967468, 111.734420776, 112.268478394, 112.802536011, 113.31337738, 113.835823059, 114.358276367, 114.869110107, 115.379951477, 115.902404785, 116.424850464, 116.947296143, 117.469749451, 117.992195129, 118.514648438, 119.060317993, 119.59437561, 120.140045166, 120.639274597, 121.138504028, 121.649337769, 122.1485672, 122.647796631, 123.135414124, 123.66947937, 124.191925049, 124.714370728, 125.248435974, 125.782493591, 126.328163147, 126.850608826, 127.373062134, 127.895507812, 128.417953491, 128.94039917, 129.462860107, 129.985305786, 130.519363403, 131.041809082, 131.564254761, 132.07510376, 132.597549438, 133.119995117, 133.642440796, 134.164901733, 134.687347412, 135.209793091, 135.73223877, 136.254684448, 136.777145386, 137.299591064, 137.810424805, 138.332870483, 138.855331421, 139.3777771, 139.900222778, 140.422668457, 140.945129395, 141.467575073, 141.990020752, 142.512466431, 143.034912109, 143.557373047, 144.079818726, 144.602264404, 145.124710083, 145.647155762, 146.169616699, 146.692062378, 147.214508057, 147.736953735, 148.259414673, 148.770248413, 149.281082153, 149.815139771, 150.337600708, 150.860046387, 151.382492065, 151.904937744, 152.427383423, 152.94984436, 153.472290039, 153.994735718, 154.505569458, 155.039627075, 155.562088013, 156.084533691, 156.60697937, 157.129425049, 157.651885986, 158.174331665, 158.685165405, 159.207611084, 159.730072021, 160.2525177, 160.774963379, 161.297409058, 161.819854736, 162.330703735, 162.853149414, 163.375595093, 163.90965271, 164.455322266, 165.01260376, 165.581497192, 166.150375366, 166.696044922, 167.253326416, 167.798995972, 168.344665527, 168.878723145, 169.412780762, 169.946838379, 170.492507935, 171.03817749, 171.572235107, 172.106307983, 172.698410034, 173.290512085, 173.871017456, 174.439910889, 175.020401001, 175.600906372, 176.181396484], "beats_loudness": {"dmean2": 0.0348436608911, "median": 0.0451243184507, "min": 5.14732612089e-09, "dvar2": 0.000687554944307, "dvar": 0.000205010961508, "dmean": 0.018074169755, "max": 0.0961771383882, "var": 0.00051156221889, "mean": 0.0419312678277}, "danceability": 0.957359373569, "bpm_histogram_second_peak_weight": {"dmean2": 0, "median": 0.035928145051, "min": 0.035928145051, "dvar2": 0, "dvar": 0, "dmean": 0, "max": 0.035928145051, "var": 0, "mean": 0.035928145051}, "beats_count": 335, "bpm_histogram_second_peak_bpm": {"dmean2": 0, "median": 110, "min": 110, "dvar2": 0, "dvar": 0, "dmean": 0, "max": 110, "var": 0, "mean": 110}, "bpm_histogram_first_peak_spread": {"dmean2": 0, "median": 0.228668928146, "min": 0.228668928146, "dvar2": 0, "dvar": 0, "dmean": 0, "max": 0.228668928146, "var": 0, "mean": 0.228668928146}, "beats_loudness_band_ratio": {"dmean2": [0.63790589571, 0.159843862057, 0.253282308578, 0.226097434759, 0.162946730852, 0.121994502842], "median": [0.323247879744, 0.0869128629565, 0.130839049816, 0.134816199541, 0.0998053178191, 0.073861181736], "min": [0.000780490343459, 2.62763314822e-05, 5.24295828654e-05, 1.72396776179e-05, 1.94393287529e-05, 1.25662490973e-05], "dvar2": [0.153145164251, 0.0193654559553, 0.0512623377144, 0.0299703869969, 0.0141293806955, 0.0114429844543], "dvar": [0.0454448014498, 0.00792623497546, 0.0187880452722, 0.0114098824561, 0.00416372902691, 0.00376999867149], "dmean": [0.327016919851, 0.0899753347039, 0.140611037612, 0.125916466117, 0.0882226377726, 0.0644603446126], "max": [0.998383522034, 0.86216288805, 0.95828139782, 0.880447924137, 0.385529994965, 0.642859637737], "var": [0.0708492770791, 0.011181678623, 0.028505558148, 0.0206346400082, 0.00671275425702, 0.00453309249133], "mean": [0.353120297194, 0.112776376307, 0.185342788696, 0.173400744796, 0.121480301023, 0.0900579765439]}}, "lowlevel": {"barkbands_spread": {"dmean2": 7.84068059921, "median": 28.5557518005, "min": 0.198400333524, "dvar2": 62.3107910156, "dvar": 29.2907581329, "dmean": 5.10167837143, "max": 108.336830139, "var": 198.327285767, "mean": 28.3407516479}, "melbands_spread": {"dmean2": 11.1747922897, "median": 28.99751091, "min": 0.258009344339, "dvar2": 161.405502319, "dvar": 79.5481948853, "dmean": 7.23414134979, "max": 206.081802368, "var": 386.645477295, "mean": 31.2309741974}, "hfc": {"dmean2": 9.65630912781, "median": 31.9432201385, "min": 1.1634656628e-16, "dvar2": 152.00340271, "dvar": 91.7564849854, "dmean": 6.87950706482, "max": 208.57383728, "var": 574.491821289, "mean": 32.6849441528}, "barkbands_kurtosis": {"dmean2": 2.63741397858, "median": 0.175971508026, "min": -1.87843859196, "dvar2": 35.0018196106, "dvar": 13.8998823166, "dmean": 1.63401138783, "max": 119.812652588, "var": 79.9413070679, "mean": 2.42079949379}, "gfcc": {"mean": [-3.95769619942, 90.8751907349, -143.299301147, 44.2106399536, -64.7630462646, 20.6765270233, -32.4202804565, 11.1027212143, -15.3180999756, 5.44956731796, -11.6052684784, -2.90331935883, -8.76125431061], "icov": [[0.000227978598559, -0.000585038796999, 0.000551530451048, -0.000853770296089, 0.000799081753939, -0.000624592474196, 0.000466070545372, -0.000665129045956, 0.000763861637097, -0.00061922846362, 0.000551727658603, -0.000379331730073, 9.34698764468e-05], [-0.000585038796999, 0.0041283913888, -0.00191960856318, 0.00221932283603, -0.00350292120129, 0.00358838890679, -0.00189314922318, 0.00242457771674, -0.00190244812984, 0.00291281496175, -0.00295054889284, 0.00238542887382, -0.00236729765311], [0.000551530451048, -0.00191960856318, 0.00324509432539, -0.00306939799339, 0.00126286013983, -0.00212185340934, 0.00213567120954, -0.00213055126369, 0.00210628472269, -0.00208918354474, 0.00264741340652, -0.00219496618956, 0.000902530795429], [-0.000853770296089, 0.00221932283603, -0.00306939799339, 0.00687368679792, -0.00342770689167, 0.000754534441512, -0.00133000779897, 0.00250464212149, -0.002569795819, 0.00404981290922, -0.00229591829702, 0.00281928875484, -0.00142922054511], [0.000799081753939, -0.00350292120129, 0.00126286013983, -0.00342770689167, 0.00865341071039, -0.00364452973008, -0.000249321106821, -0.00274507049471, 0.00302249845117, -0.00319157168269, 0.00132028618827, -0.000384997023502, 0.000974912662059], [-0.000624592474196, 0.00358838890679, -0.00212185340934, 0.000754534441512, -0.00364452973008, 0.00965157803148, -0.00224431185052, -0.000636516720988, -0.00109004229307, 0.000338183250278, -0.00176401250064, 0.00173596653622, -0.00111382093746], [0.000466070545372, -0.00189314922318, 0.00213567120954, -0.00133000779897, -0.000249321106821, -0.00224431185052, 0.00858959555626, -0.00273980922066, -0.000937127799261, 0.00184270937461, -0.00120460148901, -3.57450117008e-05, 0.000419273274019], [-0.000665129045956, 0.00242457771674, -0.00213055126369, 0.00250464212149, -0.00274507049471, -0.000636516720988, -0.00273980922066, 0.012245294638, -0.00293180602603, -0.00178289157338, 0.00131314469036, -0.000916916062124, 0.000785545329563], [0.000763861637097, -0.00190244812984, 0.00210628472269, -0.002569795819, 0.00302249845117, -0.00109004229307, -0.000937127799261, -0.00293180602603, 0.00950428470969, -0.0048597692512, 0.000354768242687, 0.00307287811302, -0.00296932831407], [-0.00061922846362, 0.00291281496175, -0.00208918354474, 0.00404981290922, -0.00319157168269, 0.000338183250278, 0.00184270937461, -0.00178289157338, -0.0048597692512, 0.0173900462687, -0.00577469496056, -0.000297215388855, 0.00150257116184], [0.000551727658603, -0.00295054889284, 0.00264741340652, -0.00229591829702, 0.00132028618827, -0.00176401250064, -0.00120460148901, 0.00131314469036, 0.000354768242687, -0.00577469496056, 0.0142447110265, -0.00690605537966, 0.00235550664365], [-0.000379331730073, 0.00238542887382, -0.00219496618956, 0.00281928875484, -0.000384997023502, 0.00173596653622, -3.57450117008e-05, -0.000916916062124, 0.00307287811302, -0.000297215388855, -0.00690605537966, 0.0195815712214, -0.0115809887648], [9.34698764468e-05, -0.00236729765311, 0.000902530795429, -0.00142922054511, 0.000974912662059, -0.00111382093746, 0.000419273274019, 0.000785545329563, -0.00296932831407, 0.00150257116184, 0.00235550664365, -0.0115809887648, 0.0198069233447]], "cov": [[25600.1972656, -2052.67016602, 2069.24780273, 2127.42285156, -801.139343262, 1594.44555664, -1701.30456543, 1020.6550293, -1739.44580078, 297.710632324, -1046.52246094, 406.335144043, -103.604530334], [-2052.67016602, 1300.10339355, -455.807128906, -197.669937134, 222.715866089, -442.733734131, 369.843109131, -302.869659424, 255.444015503, -176.933532715, 251.408035278, -75.0732192993, 117.82724762], [2069.24780273, -455.807128906, 1510.80688477, 584.664428711, 107.803962708, 442.60748291, -386.509979248, 272.958068848, -359.743133545, 87.8168792725, -280.330535889, 83.7702178955, -52.2314605713], [2127.42285156, -197.669937134, 584.664428711, 570.243591309, 81.2991867065, 254.173171997, -145.779769897, 113.608810425, -165.929733276, -5.81707429886, -133.779083252, 0.749666690826, -18.3727016449], [-801.139343262, 222.715866089, 107.803962708, 81.2991867065, 295.556884766, 37.1064987183, 109.854316711, 8.50559806824, 35.8262329102, -7.43410730362, 36.3077125549, -32.9052886963, -1.39275407791], [1594.44555664, -442.733734131, 442.60748291, 254.173171997, 37.1064987183, 392.289520264, -137.752807617, 192.859207153, -142.938095093, 82.4380187988, -121.512016296, 27.3830566406, -43.9869041443], [-1701.30456543, 369.843109131, -386.509979248, -145.779769897, 109.854316711, -137.752807617, 356.807403564, -85.5966339111, 207.430267334, -57.2192497253, 141.287139893, -56.641658783, 27.5297870636], [1020.6550293, -302.869659424, 272.958068848, 113.608810425, 8.50559806824, 192.859207153, -85.5966339111, 222.646316528, -68.0409622192, 78.0862350464, -88.0929260254, 25.9110908508, -32.344379425], [-1739.44580078, 255.444015503, -359.743133545, -165.929733276, 35.8262329102, -142.938095093, 207.430267334, -68.0409622192, 326.937011719, -1.59122216702, 119.344322205, -61.9505996704, 30.3823032379], [297.710632324, -176.933532715, 87.8168792725, -5.81707429886, -7.43410730362, 82.4380187988, -57.2192497253, 78.0862350464, -1.59122216702, 121.542854309, -2.42669510841, 24.1600837708, -18.9010410309], [-1046.52246094, 251.408035278, -280.330535889, -133.779083252, 36.3077125549, -121.512016296, 141.287139893, -88.0929260254, 119.344322205, -2.42669510841, 191.848937988, 12.8204774857, 32.7460136414], [406.335144043, -75.0732192993, 83.7702178955, 0.749666690826, -32.9052886963, 27.3830566406, -56.641658783, 25.9110908508, -61.9505996704, 24.1600837708, 12.8204774857, 115.925270081, 43.8137550354], [-103.604530334, 117.82724762, -52.2314605713, -18.3727016449, -1.39275407791, -43.9869041443, 27.5297870636, -32.344379425, 30.3823032379, -18.9010410309, 32.7460136414, 43.8137550354, 92.1201095581]]}, "spectral_energyband_middle_low": {"dmean2": 0.00568117480725, "median": 0.00912905018777, "min": 3.36274566449e-22, "dvar2": 4.41750635218e-05, "dvar": 1.66415811691e-05, "dmean": 0.00346364220604, "max": 0.0536639355123, "var": 5.59756663279e-05, "mean": 0.0101592475548}, "melbands_crest": {"dmean2": 5.13517427444, "median": 13.8108978271, "min": 1.79935419559, "dvar2": 19.5484313965, "dvar": 7.98009681702, "dmean": 3.19026660919, "max": 33.9612426758, "var": 37.6992797852, "mean": 14.5473937988}, "spectral_kurtosis": {"dmean2": 2.56316447258, "median": 2.5634727478, "min": -1.22665476799, "dvar2": 27.9608974457, "dvar": 9.27225971222, "dmean": 1.49144291878, "max": 94.7133560181, "var": 28.9406318665, "mean": 3.7684981823}, "spectral_rms": {"dmean2": 0.00092479767045, "median": 0.00572416372597, "min": 3.23413843449e-12, "dvar2": 9.30668988985e-07, "dvar": 4.13818384004e-07, "dmean": 0.000594358134549, "max": 0.0117208780721, "var": 5.37821233593e-06, "mean": 0.00526198046282}, "zerocrossingrate": {"dmean2": 0.0107843568549, "median": 0.068359375, "min": 0.00390625, "dvar2": 0.0001749231742, "dvar": 0.000136829461553, "dmean": 0.00946137867868, "max": 0.52392578125, "var": 0.00131978443824, "mean": 0.0725299194455}, "silence_rate_60dB": {"dmean2": 0.00787504948676, "median": 0, "min": 0, "dvar2": 0.00859959982336, "dvar": 0.00392127875239, "dmean": 0.00393700785935, "max": 1, "var": 0.116111285985, "mean": 0.134103134274}, "erbbands_kurtosis": {"dmean2": 1.13096868992, "median": -0.314009189606, "min": -1.71577727795, "dvar2": 9.06854057312, "dvar": 4.41121196747, "dmean": 0.701156377792, "max": 195.196212769, "var": 57.5174064636, "mean": 0.61185669899}, "erbbands": {"dmean2": [0.203833937645, 1.39029586315, 4.42612314224, 6.56809568405, 6.33845090866, 6.60269403458, 8.06948566437, 15.1909122467, 20.3951663971, 26.7212638855, 22.7941818237, 42.2479629517, 26.2050666809, 28.5022678375, 35.1876029968, 36.6426124573, 48.0548057556, 30.8395252228, 31.8690872192, 32.5230369568, 26.6881904602, 31.3832416534, 28.0573654175, 19.2713718414, 14.4291849136, 15.5169458389, 15.0259151459, 10.2090005875, 9.10144138336, 9.60610103607, 6.59518909454, 4.17597341537, 2.67318129539, 1.32891142368, 0.639238357544, 0.264373868704, 0.033628564328, 0.000693839567248, 3.31244737026e-05, 1.55381367222e-05], "median": [0.045912284404, 0.823258519173, 1.91355037689, 2.63489341736, 3.41549968719, 3.81629800797, 5.03707027435, 8.27098655701, 9.90138912201, 12.3437194824, 15.1796827316, 18.6060066223, 16.965133667, 14.4045581818, 17.7441558838, 18.1322669983, 22.1717624664, 22.7662296295, 23.4051818848, 24.0268650055, 24.8719539642, 27.2662525177, 26.3617210388, 19.3670768738, 17.0113372803, 18.7130470276, 16.2987766266, 10.7330274582, 8.80277347565, 6.75359535217, 4.14618873596, 2.79491472244, 1.62432146072, 0.749483525753, 0.311617463827, 0.122779212892, 0.014724814333, 0.000341610983014, 4.22351477027e-05, 4.7737496061e-05], "min": [1.45511813403e-21, 6.36804590677e-21, 7.8525725734e-21, 6.35069466251e-20, 1.16869078799e-19, 1.02018569553e-19, 1.32234010376e-19, 1.2059250308e-19, 4.02327647701e-19, 1.3319744056e-18, 8.43623877456e-19, 1.34611671254e-18, 2.77552679044e-18, 1.7901195548e-18, 2.72818517604e-18, 1.99119144528e-18, 3.9647693202e-18, 3.99445641879e-18, 4.59071632846e-18, 6.21289402388e-18, 6.18586713814e-18, 6.62756131932e-18, 1.00032274965e-17, 9.07991360752e-18, 1.34815707759e-17, 1.26866799858e-17, 1.34240072771e-17, 1.85727739748e-17, 1.71574116984e-17, 1.61194373417e-17, 1.55519715891e-17, 1.23239348174e-17, 1.48138932178e-17, 1.00697038664e-17, 9.57748011676e-18, 6.06134254154e-18, 2.86812304257e-18, 1.16070593599e-18, 2.9776749463e-19, 3.26530451534e-20], "dvar2": [0.114765502512, 5.08625936508, 74.5777511597, 116.003417969, 80.6466217041, 96.6031646729, 161.493087769, 866.782592773, 1832.82531738, 3055.98803711, 1619.44006348, 6445.02539062, 2161.94726562, 3147.77416992, 4351.2109375, 5286.09960938, 7554.90673828, 2509.83447266, 2776.15795898, 4304.30566406, 1740.00830078, 3887.78710938, 2481.58374023, 954.190063477, 449.571380615, 517.45123291, 633.761474609, 284.339996338, 248.552612305, 508.517913818, 307.052490234, 120.2239151, 49.6085090637, 7.76510286331, 1.45786786079, 0.258309364319, 0.00401001144201, 1.67174323451e-06, 3.58449137039e-09, 3.40895950357e-10], "dvar": [0.052242487669, 2.04918575287, 28.8841743469, 39.5974006653, 30.5300102234, 37.5765342712, 60.6507415771, 353.984222412, 722.04498291, 1129.04785156, 615.909484863, 2507.58203125, 814.845825195, 1245.24133301, 1703.83056641, 2061.08276367, 2754.31689453, 954.624938965, 1099.36437988, 1621.47717285, 723.038452148, 1505.36901855, 938.511474609, 371.560211182, 175.12979126, 209.032272339, 267.1902771, 129.473846436, 118.85736084, 263.8409729, 180.832687378, 62.2164001465, 24.1874523163, 3.94269728661, 0.721494674683, 0.11747751385, 0.00178398727439, 7.61868250265e-07, 1.78402181916e-09, 1.64214128406e-10], "dmean": [0.139174699783, 0.870550334454, 2.70676350594, 3.76721262932, 3.76651334763, 3.93011617661, 4.90022611618, 9.43278598785, 12.5713567734, 16.3253574371, 13.9127511978, 25.9537982941, 16.2403964996, 17.7757225037, 21.5360050201, 22.1319599152, 29.2901096344, 18.9402942657, 19.8162193298, 19.8504371643, 16.51080513, 19.1420783997, 17.1278591156, 11.6983699799, 8.79271888733, 9.6352558136, 9.50031375885, 6.67392396927, 6.02579975128, 6.5039525032, 4.7050909996, 2.9044547081, 1.87853455544, 0.93316090107, 0.441950380802, 0.17633511126, 0.0221327990294, 0.000461280811578, 2.32957754633e-05, 1.0433683201e-05], "max": [2.80068635941, 17.0148735046, 82.3271408081, 63.4733695984, 138.537307739, 103.290740967, 139.446380615, 519.053161621, 733.476318359, 661.339233398, 677.91607666, 931.990600586, 574.717834473, 823.947143555, 795.40625, 852.298583984, 906.617675781, 591.458068848, 779.875732422, 921.137023926, 773.865722656, 1390.57470703, 800.615722656, 474.249603271, 293.7734375, 314.059082031, 521.546386719, 397.779846191, 310.030090332, 571.93737793, 393.218170166, 229.398239136, 176.515472412, 51.5174179077, 16.2378826141, 5.61996889114, 0.53900885582, 0.0109758293256, 0.000666188658215, 0.000191507904674], "var": [0.26976120472, 4.22064352036, 42.8221817017, 57.5428199768, 67.5719833374, 66.426940918, 107.04019928, 982.831970215, 1538.69458008, 1902.25610352, 1049.11193848, 5145.94726562, 1625.94494629, 2594.0144043, 4307.20703125, 5277.65136719, 8142.13574219, 2734.17871094, 2828.99414062, 4633.44433594, 2345.21899414, 3777.70166016, 2513.42675781, 1066.16394043, 605.133911133, 706.857666016, 826.310974121, 488.109710693, 352.26260376, 684.978088379, 567.829956055, 181.978515625, 54.5718040466, 9.54396820068, 1.49388217926, 0.212465360761, 0.00333750410937, 1.50454241066e-06, 4.60740512409e-09, 9.61832613555e-10], "mean": [0.327398151159, 1.60069334507, 4.41781949997, 5.8383398056, 6.12763929367, 6.0584821701, 7.99355363846, 17.0219268799, 21.2663669586, 26.8374786377, 24.6407356262, 42.4663963318, 29.7860393524, 30.8282337189, 39.5265197754, 42.6223945618, 59.7952384949, 40.1250419617, 41.2454452515, 43.2906455994, 38.0750656128, 42.5377006531, 39.0362358093, 28.6719837189, 23.5024280548, 25.0847473145, 24.4288291931, 17.5271224976, 14.529961586, 14.0124759674, 10.0086355209, 6.13917350769, 3.54605388641, 1.74320149422, 0.783091902733, 0.298017054796, 0.0364593528211, 0.00080175983021, 6.14310483797e-05, 4.76530076412e-05]}, "spectral_strongpeak": {"dmean2": 0.90133535862, "median": 0.401847839355, "min": 0, "dvar2": 2.37277269363, "dvar": 0.906204223633, "dmean": 0.520488083363, "max": 14.0806522369, "var": 1.42353415489, "mean": 0.871003031731}, "spectral_energy": {"dmean2": 0.0118703441694, "median": 0.0335852056742, "min": 1.07211428493e-20, "dvar2": 0.000198786539841, "dvar": 8.47338669701e-05, "dmean": 0.0075527029112, "max": 0.140813454986, "var": 0.000493519706652, "mean": 0.0338932387531}, "average_loudness": 0.939947843552, "spectral_rolloff": {"dmean2": 782.319335938, "median": 1722.65625, "min": 64.599609375, "dvar2": 1050530.125, "dvar": 521819, "dmean": 483.414489746, "max": 18776.953125, "var": 2143928.25, "mean": 1936.60107422}, "spectral_centroid": {"dmean2": 345.502563477, "median": 1777.00842285, "min": 91.2923126221, "dvar2": 109883.460938, "dvar": 60750.8242188, "dmean": 225.010528564, "max": 11330.4960938, "var": 373678.875, "mean": 1755.75585938}, "pitch_salience": {"dmean2": 0.108199551702, "median": 0.575128793716, "min": 0.076330460608, "dvar2": 0.00901636481285, "dvar": 0.00343759381212, "dmean": 0.0663978308439, "max": 0.931958019733, "var": 0.0144335366786, "mean": 0.566168010235}, "spectral_energyband_middle_high": {"dmean2": 0.00328108714893, "median": 0.00731244776398, "min": 1.29003511828e-21, "dvar2": 1.53254641191e-05, "dvar": 6.48595141683e-06, "dmean": 0.00210663722828, "max": 0.0435841940343, "var": 4.31497282989e-05, "mean": 0.00831653457135}, "spectral_contrast_coeffs": {"dmean2": [0.0816172063351, 0.0775580480695, 0.0637738332152, 0.0479805879295, 0.0315087512136, 0.0327704511583], "median": [-0.681999027729, -0.749368786812, -0.775527000427, -0.788343191147, -0.798325419426, -0.730181932449], "min": [-0.977541983128, -0.96381187439, -0.97081631422, -0.965309202671, -0.958911001682, -0.959126055241], "dvar2": [0.004396348726, 0.00378127559088, 0.00253780465573, 0.00143125851173, 0.000618540798314, 0.000797545653768], "dvar": [0.00158653152175, 0.0013685739832, 0.000936749740504, 0.000520778470673, 0.000231962956605, 0.000367694476154], "dmean": [0.048835594207, 0.0465044677258, 0.038501445204, 0.0285352040082, 0.0189318340272, 0.0212502554059], "max": [-0.393632531166, -0.343707025051, -0.497376531363, -0.557908952236, -0.579696774483, -0.449606537819], "var": [0.00705274008214, 0.00588466133922, 0.00380801456049, 0.00266321212985, 0.00127856060863, 0.00282265013084], "mean": [-0.685987114906, -0.739663422108, -0.769679844379, -0.783005535603, -0.796686530113, -0.725366353989]}, "melbands_skewness": {"dmean2": 0.900353372097, "median": 1.9664709568, "min": -2.75274896622, "dvar2": 1.08448910713, "dvar": 0.45127093792, "dmean": 0.574679553509, "max": 16.8229007721, "var": 2.85409855843, "mean": 2.27847623825}, "spectral_spread": {"dmean2": 599409, "median": 4513713, "min": 831663.125, "dvar2": 555466227712, "dvar": 453105844224, "dmean": 423603.59375, "max": 41384840, "var": 2216083324930.0, "mean": 4413413}, "dissonance": {"dmean2": 0.0241081621498, "median": 0.481556892395, "min": 0.202925086021, "dvar2": 0.000784966279753, "dvar": 0.000277677259874, "dmean": 0.0141261853278, "max": 0.500000119209, "var": 0.000745780009311, "mean": 0.473978221416}, "spectral_skewness": {"dmean2": 0.305405259132, "median": 1.21758472919, "min": -0.0725297555327, "dvar2": 0.166460841894, "dvar": 0.0575145743787, "dmean": 0.184516757727, "max": 7.72843980789, "var": 0.313600182533, "mean": 1.27920782566}, "spectral_flux": {"dmean2": 0.0274859312922, "median": 0.0934836342931, "min": 1.0354295199e-10, "dvar2": 0.000912097806577, "dvar": 0.000373675167793, "dmean": 0.0171885546297, "max": 0.290615975857, "var": 0.00199385615997, "mean": 0.0887057185173}, "spectral_contrast_valleys": {"dmean2": [0.627422273159, 0.554182529449, 0.500192046165, 0.381553798914, 0.267356753349, 0.430277377367], "median": [-6.85669374466, -6.27154064178, -6.76591110229, -6.90506744385, -6.67165565491, -9.37158203125], "min": [-27.6040897369, -28.000005722, -27.4367618561, -27.2247104645, -27.3518447876, -27.3560562134], "dvar2": [0.26458543539, 0.205857202411, 0.167274802923, 0.103284478188, 0.0585338808596, 0.207371726632], "dvar": [0.118280343711, 0.0993698984385, 0.0872732326388, 0.0635412558913, 0.0453410632908, 0.124127306044], "dmean": [0.38530510664, 0.335505217314, 0.309211879969, 0.238788589835, 0.173139214516, 0.315376311541], "max": [-5.39395332336, -4.83618783951, -5.28736114502, -5.65700149536, -5.65944194794, -7.24630784988], "var": [3.40941858292, 2.52836155891, 2.14434146881, 2.16531825066, 2.58538556099, 4.56031703949], "mean": [-7.45735788345, -6.74250745773, -7.16030836105, -7.3409204483, -7.20831346512, -10.1901168823]}, "erbbands_flatness_db": {"dmean2": 0.020951339975, "median": 0.142584502697, "min": 0.0534850880504, "dvar2": 0.000355269672582, "dvar": 0.000173647538759, "dmean": 0.0139892939478, "max": 0.482601165771, "var": 0.00601650634781, "mean": 0.1684769243}, "spectral_energyband_high": {"dmean2": 0.000886852853, "median": 0.00133958575316, "min": 7.67046682284e-21, "dvar2": 2.1087460027e-06, "dvar": 1.35243112709e-06, "dmean": 0.000643890409265, "max": 0.0276754051447, "var": 6.39353220322e-06, "mean": 0.00205530715175}, "spectral_entropy": {"dmean2": 0.155879572034, "median": 7.92878675461, "min": 3.99801373482, "dvar2": 0.0224726088345, "dvar": 0.0115576386452, "dmean": 0.106954172254, "max": 9.79946708679, "var": 0.319587886333, "mean": 7.76971387863}, "silence_rate_20dB": {"dmean2": 0, "median": 1, "min": 1, "dvar2": 0, "dvar": 0, "dmean": 0, "max": 1, "var": 0, "mean": 1}, "melbands_flatness_db": {"dmean2": 0.0316973663867, "median": 0.157264024019, "min": 0.00302905868739, "dvar2": 0.000824569433462, "dvar": 0.000384061946534, "dmean": 0.0209926012903, "max": 0.769471883774, "var": 0.00710594514385, "mean": 0.171400278807}, "barkbands": {"dmean2": [0.00053962925449, 0.00620215618983, 0.00434050150216, 0.00218978244811, 0.00186617288273, 0.0014960890403, 0.00162732752506, 0.0012094413396, 0.00168211548589, 0.000843364687171, 0.000920928956475, 0.000877217564266, 0.00119817489758, 0.000519960885867, 0.000710020132829, 0.000561555672903, 0.000561959750485, 0.000488811521791, 0.000337159552146, 0.000327993737301, 0.000303568464005, 0.000254762999248, 0.000257047155173, 0.000166507641552, 9.68104941421e-05, 3.32578783855e-05, 2.10014006186e-09], "median": [5.91636417084e-05, 0.00320144137368, 0.00137330475263, 0.000911092851311, 0.00118935655337, 0.00091636297293, 0.000627920730039, 0.000615543103777, 0.000790935067926, 0.000415527931182, 0.000379768927814, 0.000362226797733, 0.000482063769596, 0.000312453717925, 0.000431649037637, 0.000417452305555, 0.000458739959868, 0.000430565822171, 0.000347173743648, 0.000392159505282, 0.000315201468766, 0.000235230152612, 0.000161237359862, 0.000116187758977, 5.43309433851e-05, 1.53849414346e-05, 3.05930003552e-10], "min": [2.48047214227e-24, 3.30677680368e-23, 3.69718043691e-24, 1.08974720617e-23, 4.50448475232e-23, 1.46512643126e-23, 4.55965579077e-23, 7.12482256418e-23, 8.94410683666e-23, 2.86376703434e-23, 8.14362758803e-23, 4.43316510006e-23, 9.78018453805e-23, 6.99567088786e-23, 1.37773004619e-22, 7.42921937504e-23, 1.29462209832e-22, 1.58932122119e-22, 2.26963360368e-22, 2.52766079188e-22, 3.88937229163e-22, 4.32219136646e-22, 5.95451749768e-22, 7.56984159379e-22, 1.08974855986e-21, 1.531850243e-21, 2.27219526854e-21], "dvar2": [9.60422994467e-07, 8.98889484233e-05, 7.18420778867e-05, 1.11058570837e-05, 6.73128943163e-06, 6.63857190375e-06, 1.07041623778e-05, 4.7984340199e-06, 9.28951703827e-06, 2.82150972453e-06, 3.01003751702e-06, 2.69160091193e-06, 5.1325800996e-06, 7.17250486559e-07, 1.66399934187e-06, 7.98621385911e-07, 1.06438164948e-06, 6.83894825215e-07, 2.5028117534e-07, 2.24207155952e-07, 2.44636424895e-07, 2.04701862572e-07, 4.06171125178e-07, 1.87813355979e-07, 3.59009888484e-08, 3.96674337821e-09, 8.44341715131e-18], "dvar": [4.30153050957e-07, 3.64869883924e-05, 2.62825342361e-05, 3.75441391043e-06, 2.55824102169e-06, 2.69075917458e-06, 4.0862764763e-06, 1.84362272648e-06, 3.64781476492e-06, 1.06083996343e-06, 1.19201729376e-06, 1.02584499473e-06, 1.88218461972e-06, 2.94655023936e-07, 6.23013249879e-07, 3.25294251979e-07, 4.20156823111e-07, 2.58868539049e-07, 9.53334549081e-08, 9.05364032633e-08, 1.08285185263e-07, 1.02577430994e-07, 2.3703074703e-07, 9.55193897312e-08, 1.84601027797e-08, 1.79411441259e-09, 2.71474721339e-18], "dmean": [0.000349469482899, 0.00392176862806, 0.00257223355584, 0.00125529372599, 0.00111381092574, 0.000929108296987, 0.000995838083327, 0.000740157731343, 0.00103831174783, 0.000521878828295, 0.000566235918086, 0.000524963717908, 0.000727520848159, 0.000324783090036, 0.000431525957538, 0.000348680448951, 0.000344841158949, 0.000298271799693, 0.00020387735276, 0.000203812858672, 0.000195188680664, 0.00016989861615, 0.000180359827937, 0.000118197691336, 6.86144339852e-05, 2.21563750529e-05, 1.14548515118e-09], "max": [0.00849721767008, 0.0804750546813, 0.0801327675581, 0.0248173642904, 0.0269728992134, 0.040604583919, 0.0416136533022, 0.022608269006, 0.0358798243105, 0.0238703023642, 0.0193914417177, 0.0174988489598, 0.0296210143715, 0.0121644996107, 0.0157912131399, 0.0121720116585, 0.023984150961, 0.0119723724201, 0.00519253918901, 0.00525131262839, 0.00885364133865, 0.00733612617478, 0.0151843633503, 0.00885188858956, 0.00287034991197, 0.000640853948426, 1.81797137344e-08], "var": [2.21427922042e-06, 0.000123669451568, 3.5713725083e-05, 5.4899242059e-06, 5.12162250743e-06, 7.1595522968e-06, 7.92212540546e-06, 3.33561479238e-06, 7.85131669545e-06, 2.09306836041e-06, 2.80387121165e-06, 2.52651011579e-06, 5.36614197699e-06, 6.65162133373e-07, 1.88831074865e-06, 1.03481363567e-06, 1.14430793019e-06, 7.35193054879e-07, 2.95088312896e-07, 3.17980237696e-07, 3.99377910298e-07, 3.07903121666e-07, 7.52813832605e-07, 2.52946620094e-07, 4.4475243044e-08, 3.29310889668e-09, 2.3212617387e-18], "mean": [0.000852510565892, 0.00871569570154, 0.0039526829496, 0.00181187561247, 0.0018596756272, 0.00168769434094, 0.00157941842917, 0.00120676832739, 0.00172970769927, 0.000863310473505, 0.000967005209532, 0.000935968360864, 0.00142170267645, 0.00058876525145, 0.00084890355356, 0.000728428829461, 