{"tonal": {"thpcp": [1, 0.553653478622, 0.0879715755582, 0.165594905615, 0.193724557757, 0.119573228061, 0.102058745921, 0.0960477218032, 0.0915655866265, 0.165790438652, 0.224841624498, 0.176271125674, 0.121275827289, 0.0986515134573, 0.100804209709, 0.293888181448, 0.435828775167, 0.242605060339, 0.0815628021955, 0.0732271671295, 0.0799618214369, 0.094120413065, 0.0991626530886, 0.101439267397, 0.154976516962, 0.22673329711, 0.223609566689, 0.151526331902, 0.0910645350814, 0.105202563107, 0.226144328713, 0.260878205299, 0.139865413308, 0.061087526381, 0.0411266945302, 0.509258806705], "hpcp": {"dmean2": [0.139970824122, 0.114789061248, 0.119927749038, 0.182629033923, 0.19860753417, 0.156111612916, 0.0875395610929, 0.086553491652, 0.101134337485, 0.113049261272, 0.108016766608, 0.112341061234, 0.144238471985, 0.175062641501, 0.18352265656, 0.156553536654, 0.102542668581, 0.11156938225, 0.165555566549, 0.150018557906, 0.129615828395, 0.0720424279571, 0.0422790832818, 0.194347962737, 0.353873133659, 0.206482246518, 0.0705067664385, 0.0932775810361, 0.101936176419, 0.0968342125416, 0.101176433265, 0.108337067068, 0.113443180919, 0.150163963437, 0.182371377945, 0.173655942082], "median": [0.00505263451487, 0.00389433419332, 0.00446662027389, 0.00904988311231, 0.012901801616, 0.0111795552075, 0.00504081510007, 0.00340271554887, 0.00291889533401, 0.00546528212726, 0.00703247450292, 0.00909711606801, 0.0187721736729, 0.0252738036215, 0.0152964601293, 0.00522972177714, 0.00356759130955, 0.00480178464204, 0.0130457412452, 0.0150574091822, 0.00821577943861, 0.00248832372017, 0.00226383190602, 0.212531417608, 0.403987526894, 0.245473742485, 0.00954234227538, 0.0060653835535, 0.00651845568791, 0.00606711581349, 0.00499728042632, 0.00508380262181, 0.00600281357765, 0.0145532367751, 0.0179511494935, 0.0138977002352], "min": [0, 0, 0, 0, 0, 0, 0, 0, 0, 0, 0, 0, 0, 0, 0, 0, 0, 0, 0, 0, 0, 0, 0, 0, 0, 0, 0, 0, 0, 0, 0, 0, 0, 0, 0, 0], "dvar2": [0.0940653458238, 0.0798890739679, 0.0802632272243, 0.0977735221386, 0.122066676617, 0.0773775577545, 0.0546241588891, 0.0635522380471, 0.0812514051795, 0.091222576797, 0.0780248194933, 0.0755816176534, 0.0927677750587, 0.112102508545, 0.12389229238, 0.109627723694, 0.0615444928408, 0.0676308870316, 0.111806437373, 0.0917508155107, 0.0868772566319, 0.0415744185448, 0.0181941073388, 0.0667540431023, 0.232831895351, 0.0705869048834, 0.0285673532635, 0.0427328646183, 0.0517358034849, 0.0428014956415, 0.0558726228774, 0.0757290869951, 0.0781873390079, 0.0947000607848, 0.127237632871, 0.112826138735], "dvar": [0.0343726687133, 0.028559319675, 0.0284400060773, 0.038481220603, 0.0562564879656, 0.0291859544814, 0.01926676929, 0.0220318231732, 0.0283657368273, 0.03172108531, 0.0270291902125, 0.0262221619487, 0.0331114381552, 0.0409597232938, 0.0478874444962, 0.0423712134361, 0.0216375719756, 0.0231628995389, 0.0393713265657, 0.0352711044252, 0.0290495082736, 0.0144926942885, 0.00621827412397, 0.0295975636691, 0.107232414186, 0.0307136271149, 0.0099590132013, 0.0177262257785, 0.0223963409662, 0.015589482151, 0.0200192481279, 0.0264360569417, 0.0271060615778, 0.0336932651699, 0.046884264797, 0.042248878628], "dmean": [0.0766453593969, 0.0623559132218, 0.0642589107156, 0.106240496039, 0.115127041936, 0.0901881083846, 0.0475055016577, 0.0466301180422, 0.0536370612681, 0.059868413955, 0.0578608512878, 0.0600886717439, 0.0804605931044, 0.100084580481, 0.1028720662, 0.0880288481712, 0.0554497353733, 0.0605245754123, 0.0919479429722, 0.0858928486705, 0.0720772594213, 0.0388755202293, 0.0229451116174, 0.108991786838, 0.19729962945, 0.11672142148, 0.0393863655627, 0.0558421052992, 0.0612571388483, 0.0545703619719, 0.0558130666614, 0.0586191155016, 0.0603189766407, 0.0821645706892, 0.101298063993, 0.0956045165658], "max": [1, 1, 1, 1, 1, 1, 1, 1, 1, 1, 1, 1, 1, 1, 1, 1, 1, 1, 1, 1, 1, 1, 1, 1, 1, 1, 1, 1, 1, 1, 1, 1, 1, 1, 1, 1], "var": [0.0299932975322, 0.0238150954247, 0.0216087568551, 0.0631370171905, 0.132916972041, 0.0430767945945, 0.0159808658063, 0.0164322406054, 0.01985546574, 0.0226425155997, 0.0213206186891, 0.0206628385931, 0.0299846362323, 0.0523564629257, 0.0620499625802, 0.0411807559431, 0.0193336978555, 0.0211299173534, 0.0575964748859, 0.0700234845281, 0.0289688482881, 0.0110273873433, 0.00563807273284, 0.0499803647399, 0.189841896296, 0.0561907216907, 0.011064379476, 0.0383851118386, 0.0513875856996, 0.0183246117085, 0.0180193297565, 0.0192001257092, 0.0195151288062, 0.0325387381017, 0.053662031889, 0.0379531085491], "mean": [0.0621921084821, 0.0505900122225, 0.0516939461231, 0.150710374117, 0.223499685526, 0.124411597848, 0.0418266579509, 0.0375520139933, 0.0410056486726, 0.0482663922012, 0.0508521310985, 0.0520196147263, 0.079474337399, 0.116272315383, 0.114670418203, 0.0777050331235, 0.0466992929578, 0.0539494901896, 0.115970283747, 0.133782356977, 0.0717251300812, 0.0313266217709, 0.0210904013366, 0.261155724525, 0.512815356255, 0.283922016621, 0.0451131761074, 0.0849196091294, 0.0993449315429, 0.0613189861178, 0.0523372925818, 0.049254745245, 0.0469562374055, 0.0850198864937, 0.115302234888, 0.0903945416212]}, "tuning_equal_tempered_deviation": 0.231678366661, "chords_changes_rate": 0.0470729209483, "key_key": "A#", "tuning_diatonic_strength": 0.413735210896, "key_scale": "minor", "chords_number_rate": 0.0011982198339, "tuning_frequency": 434.193115234, "tuning_nontempered_energy_ratio": 0.856773436069, "chords_histogram": [17.5111255646, 38.497089386, 4.10818195343, 0.0684697031975, 0.239643961191, 2.07120847702, 0, 1.50633347034, 0, 0.256761372089, 0, 0, 0, 0, 0, 0, 0.290996223688, 1.74597740173, 0, 0, 0, 0.0342348515987, 33.2762756348, 0.393700778484], "key_strength": 0.603771090508, "chords_key": "C#", "chords_strength": {"dmean2": 0.00799801200628, "median": 0.491563588381, "min": -1, "dvar2": 0.000563838111702, "dvar": 0.000344179774402, "dmean": 0.00884060002863, "max": 0.743987858295, "var": 0.0467097610235, "mean": 0.473569452763}, "chords_scale": "major", "hpcp_entropy": {"dmean2": 0.906110525131, "median": 2.01498603821, "min": 0, "dvar2": 0.725526511669, "dvar": 0.285174190998, "dmean": 0.553156971931, "max": 4.80052900314, "var": 0.955501317978, "mean": 2.10205864906}}, "metadata": {"audio_properties": {"equal_loudness": 0, "codec": "mp3", "downmix": "mix", "sample_rate": 44100, "analysis_sample_rate": 44100, "bit_rate": 160015, "md5_encoded": "b1f6ef50abe0b3187aa3253192f6226a", "length": 271.255523682, "replay_gain": -13.9647102356, "lossless": false}, "version": {"essentia_build_sha": "70f2e5ece6736b2c40cc944ad0e695b16b925413", "essentia": "2.1-beta2", "extractor": "music 1.0", "essentia_git_sha": "v2.1_beta2"}, "tags": {"title": ["Swim in the Park (Electro Dubstep remix)"], "date": ["2012"], "file_name": "Monsters Party - Swim in the Park (Electro Dubstep Remix).mp3", "musicbrainz_recordingid": ["17b4be01-597c-46c8-b51b-65edb476ac90"], "artistsort": ["Monsters Party"], "encoding": ["Lavf56.36.100"], "artist": ["Monsters Party"], "tracknumber": ["17/0"], "bpm": ["0"], "album": ["Seventy Dubstep - Electronic Essentials"], "discnumber": ["0/0"], "musicbrainz_artistid": ["bdcc2c5a-8477-446a-b121-a515f1f8a4ab"]}}, "rhythm": {"bpm_histogram_first_peak_bpm": {"dmean2": 0, "median": 129, "min": 129, "dvar2": 0, "dvar": 0, "dmean": 0, "max": 129, "var": 0, "mean": 129}, "bpm": 130.01914978, "bpm_histogram_second_peak_spread": {"dmean2": 0, "median": 0, "min": 0, "dvar2": 0, "dvar": 0, "dmean": 0, "max": 0, "var": 0, "mean": 0}, "bpm_histogram_first_peak_weight": {"dmean2": 0, "median": 0.713310599327, "min": 0.713310599327, "dvar2": 0, "dvar": 0, "dmean": 0, "max": 0.713310599327, "var": 0, "mean": 0.713310599327}, "onset_rate": 4.07347583771, "beats_position": [0.476009070873, 0.952018141747, 1.43963718414, 1.92725622654, 2.41487526894, 2.90249419212, 3.39011335373, 3.86612248421, 4.34213161469, 4.80653047562, 5.27092981339, 5.73532867432, 6.18811798096, 6.64090681076, 7.10530614853, 7.56970500946, 8.03410434723, 8.48689365387, 8.93968200684, 9.4040813446, 9.86848068237, 10.3328800201, 10.7972784042, 11.261677742, 11.7260770798, 12.1904764175, 12.6548748016, 13.1076641083, 13.5604534149, 14.0248527527, 14.4892511368, 14.9536504745, 15.4180498123, 15.870839119, 16.3236274719, 16.7880268097, 17.2524261475, 17.7168254852, 18.181224823, 18.6456241608, 19.1100215912, 19.574420929, 20.0272102356, 20.4799995422, 20.94439888, 21.4087982178, 21.8731975555, 22.3375968933, 22.8019943237, 23.2547836304, 23.707572937, 24.1719722748, 24.6363716125, 25.1007709503, 25.5651702881, 26.0295696259, 26.4939670563, 26.9467563629, 27.3995456696, 27.8639450073, 28.3283443451, 28.7927436829, 29.2455329895, 29.7099323273, 30.1627197266, 30.6271190643, 31.0915184021, 31.5559177399, 32.0203170776, 32.4847145081, 32.9491157532, 33.4019050598, 33.8546943665, 34.3190917969, 34.783493042, 35.2478904724, 35.7122879028, 36.1766891479, 36.6410865784, 37.093875885, 37.5466651917, 38.0110664368, 38.4754638672, 38.9398651123, 39.4042625427, 39.8686599731, 40.3330612183, 40.7974586487, 41.2618598938, 41.7146492004, 42.1674385071, 42.6318359375, 43.0962333679, 43.560634613, 44.0250320435, 44.4894332886, 44.9422225952, 45.3950119019, 45.8594093323, 46.3238105774, 46.7882080078, 47.2526054382, 47.7170066833, 48.1814041138, 48.6341934204, 49.0869827271, 49.5513839722, 50.0157814026, 50.480178833, 50.9445800781, 51.4089775085, 51.8733787537, 52.3261680603, 52.7789573669, 53.2433547974, 53.7077522278, 54.1721534729, 54.6365509033, 55.1009521484, 55.5653495789, 56.0181388855, 56.4709281921, 56.9353294373, 57.3997268677, 57.8641242981, 58.3285255432, 58.7929229736, 59.2573242188, 59.7217216492, 60.1861228943, 60.6505203247, 61.1033096313, 61.556098938, 62.0204963684, 62.4848976135, 62.9492950439, 63.4136962891, 63.8780937195, 64.3308868408, 64.7836685181, 65.2480697632, 65.7124710083, 66.1768722534, 66.6412658691, 67.1056671143, 67.5700683594, 68.022857666, 68.4756469727, 68.9400405884, 69.4044418335, 69.8688430786, 70.3332443237, 70.7976379395, 71.2620391846, 71.7148284912, 72.1676177979, 72.632019043, 73.0964126587, 73.5608139038, 74.0252151489, 74.489616394, 74.9540100098, 75.4067993164, 75.859588623, 76.3239898682, 76.7883911133, 77.252784729, 77.7171859741, 78.1815872192, 78.6459884644, 79.098777771, 79.5515594482, 80.0159606934, 80.4803619385, 80.9447631836, 81.4091567993, 81.8735580444, 82.3379592896, 82.7907485962, 83.2435379028, 83.7079315186, 84.1723327637, 84.6367340088, 85.1011352539, 85.5655288696, 86.0299301147, 86.4827194214, 86.935508728, 87.3999099731, 87.8643035889, 88.328704834, 88.7931060791, 89.2575073242, 89.7219009399, 90.1746902466, 90.6274795532, 91.0918807983, 91.5562820435, 92.0206756592, 92.4850769043, 92.9494781494, 93.4138793945, 93.8666687012, 94.3194503784, 94.7838516235, 95.2482528687, 95.7126541138, 96.1770477295, 96.6414489746, 97.1058502197, 97.5702438354, 98.0230331421, 98.4758224487, 98.9402236938, 99.404624939, 99.8690261841, 100.3334198, 100.797821045, 101.26222229, 101.715011597, 102.167800903, 102.632194519, 103.096595764, 103.560997009, 104.025398254, 104.48979187, 104.954193115, 105.406982422, 105.859771729, 106.324172974, 106.788566589, 107.252967834, 107.71736908, 108.181770325, 108.64616394, 109.098953247, 109.551742554, 110.016143799, 110.480545044, 110.94493866, 111.409339905, 111.87374115, 112.338134766, 112.790924072, 113.243713379, 113.708114624, 114.172515869, 114.636917114, 115.10131073, 115.565711975, 116.03011322, 116.494506836, 116.947296143, 117.400085449, 117.864486694, 118.328887939, 118.793289185, 119.2576828, 119.722084045, 120.174873352, 120.627662659, 121.092063904, 121.55645752, 122.020858765, 122.48526001, 122.949661255, 123.414054871, 123.866844177, 124.319633484, 124.784034729, 125.248435974, 125.71282959, 126.177230835, 126.64163208, 127.106025696, 127.570426941, 128.034820557, 128.499221802, 128.952011108, 129.404800415, 129.86920166, 130.333602905, 130.79800415, 131.262405396, 131.726806641, 132.179595947, 132.632385254, 133.09677124, 133.561172485, 134.02557373, 134.489974976, 134.954376221, 135.418777466, 135.883178711, 136.335968018, 136.788757324, 137.253143311, 137.717544556, 138.181945801, 138.646347046, 139.110748291, 139.575149536, 140.039550781, 140.492340088, 140.945129395, 141.409515381, 141.873916626, 142.338317871, 142.802719116, 143.255508423, 143.708297729, 144.172698975, 144.63710022, 145.101501465, 145.565887451, 146.030288696, 146.494689941, 146.947479248, 147.400268555, 147.8646698, 148.329071045, 148.79347229, 149.257858276, 149.722259521, 150.186660767, 150.651062012, 151.103851318, 151.556640625, 152.02104187, 152.485443115, 152.94984436, 153.402633667, 153.867019653, 154.331420898, 154.784210205, 155.24861145, 155.713012695, 156.17741394, 156.641815186, 157.094604492, 157.547393799, 158.011795044, 158.47618103, 158.940582275, 159.404983521, 159.869384766, 160.333786011, 160.798187256, 161.250976562, 161.703765869, 162.168167114, 162.632553101, 163.096954346, 163.561355591, 164.025756836, 164.478546143, 164.931335449, 165.395736694, 165.860137939, 166.324539185, 166.788925171, 167.253326416, 167.717727661, 168.182128906, 168.646530151, 169.110931396, 169.575332642, 170.039718628, 170.504119873, 170.968521118, 171.432922363, 171.897323608, 172.350112915, 172.802902222, 173.255691528, 173.708480835, 174.17288208, 174.637283325, 175.101669312, 175.566070557, 176.018859863, 176.483261108, 176.936050415, 177.40045166, 177.864852905, 178.32925415, 178.793640137, 179.258041382, 179.722442627, 180.175231934, 180.62802124, 181.092422485, 181.55682373, 182.021224976, 182.485626221, 182.950012207, 183.414413452, 183.878814697, 184.331604004, 184.784393311, 185.248794556, 185.713195801, 186.177597046, 186.641998291, 187.094787598, 187.559173584, 188.011962891, 188.476364136, 188.940765381, 189.405166626, 189.869567871, 190.333969116, 190.798370361, 191.262756348, 191.715545654, 192.168334961, 192.632736206, 193.097137451, 193.561538696, 194.014328003, 194.478729248, 194.943130493, 195.3959198, 195.860321045, 196.324707031, 196.789108276, 197.253509521, 197.717910767, 198.182312012, 198.646713257, 199.099502563, 199.55229187, 200.016693115, 200.481079102, 200.945480347, 201.409881592, 201.874282837, 202.338684082, 202.791473389, 203.255874634, 203.70866394, 204.173049927, 204.637451172, 205.101852417, 205.566253662, 206.019042969, 206.471832275, 206.936233521, 207.400634766, 207.865036011, 208.329421997, 208.793823242, 209.258224487, 209.711013794, 210.163803101, 210.628204346, 211.092605591, 211.557006836, 212.021408081, 212.485794067, 212.950195312, 213.402984619, 213.855773926, 214.320175171, 214.784576416, 215.248977661, 215.713378906, 216.177780151, 216.642166138, 217.094955444, 217.547744751, 218.012145996, 218.476547241, 218.940948486, 219.405349731, 219.869750977, 220.334152222, 220.786941528, 221.239730835, 221.704116821, 222.168518066, 222.632919312, 223.097320557, 223.561721802, 224.026123047, 224.478912354, 224.93170166, 225.396102905, 225.860488892, 226.324890137, 226.789291382, 227.253692627, 227.718093872, 228.182495117, 228.646896362, 229.111282349, 229.575683594, 230.0284729, 230.481262207, 230.945663452, 231.410064697, 231.874465942, 232.327255249, 232.780044556, 233.244445801, 233.708831787, 234.173233032, 234.637634277, 235.102035522, 235.566436768, 236.030838013, 236.483627319, 236.936416626, 237.400817871, 237.865203857, 238.329605103, 238.794006348, 239.258407593, 239.711196899, 240.163986206, 240.628387451, 241.092788696, 241.557189941, 242.021575928, 242.485977173, 242.950378418, 243.414779663, 243.86756897, 244.320358276, 244.79637146, 245.260772705, 245.725158691, 246.177947998, 246.642349243, 247.09513855, 247.547927856, 248.012329102, 248.476730347, 248.941131592, 249.405532837, 249.869934082, 250.334320068, 250.798721313, 251.25151062, 251.704299927, 252.168701172, 252.633102417, 253.097503662, 253.561904907, 254.026306152, 254.479095459, 254.931884766, 255.396270752, 255.860671997, 256.325073242, 256.789459229, 257.253875732, 257.718261719, 258.182678223, 258.635467529, 259.088256836, 259.552642822, 260.028656006, 260.493041992, 260.957458496, 261.410247803, 261.874633789, 262.339050293, 262.7918396, 263.267852783, 263.72064209, 264.173431396, 264.626220703, 265.07901001, 265.531799316, 265.996185303, 266.43737793, 266.878540039, 267.331329346, 267.726074219, 268.155639648, 268.573608398, 269.003173828, 269.421142578, 269.839080811, 270.257049561, 270.675018311], "beats_loudness": {"dmean2": 0.0726834833622, "median": 0.0927019864321, "min": 0, "dvar2": 0.00368620548397, "dvar": 0.0012225380633, "dmean": 0.0419299155474, "max": 0.221527352929, "var": 0.00253056641668, "mean": 0.0984554812312}, "danceability": 1.34283912182, "bpm_histogram_second_peak_weight": {"dmean2": 0, "median": 0.00853242352605, "min": 0.00853242352605, "dvar2": 0, "dvar": 0, "dmean": 0, "max": 0.00853242352605, "var": 0, "mean": 0.00853242352605}, "beats_count": 587, "bpm_histogram_second_peak_bpm": {"dmean2": 0, "median": 123, "min": 123, "dvar2": 0, "dvar": 0, "dmean": 0, "max": 123, "var": 0, "mean": 123}, "bpm_histogram_first_peak_spread": {"dmean2": 0, "median": 0.267950952053, "min": 0.267950952053, "dvar2": 0, "dvar": 0, "dmean": 0, "max": 0.267950952053, "var": 0, "mean": 0.267950952053}, "beats_loudness_band_ratio": {"dmean2": [0.359907060862, 0.118600063026, 0.0545261465013, 0.0830909311771, 0.0809655487537, 0.17005173862], "median": [0.912460625172, 0.0205379389226, 0.0112898405641, 0.0111300405115, 0.0154994213954, 0.0115828160197], "min": [0, 0, 0, 0, 0, 0], "dvar2": [0.11128012836, 0.0331484377384, 0.00642192224041, 0.024236548692, 0.00817049667239, 0.0467784516513], "dvar": [0.0526550784707, 0.0123216677457, 0.00230047595687, 0.00796751771122, 0.00365410372615, 0.019230555743], "dmean": [0.207834690809, 0.0676918998361, 0.030361328274, 0.0466025695205, 0.0476032458246, 0.0967007428408], "max": [0.997754275799, 0.71730017662, 0.460096597672, 0.844955325127, 0.737765908241, 0.82498383522], "var": [0.0953618884087, 0.0122761176899, 0.00297599495389, 0.00659565394744, 0.00440464029089, 0.0210235510021], "mean": [0.742210686207, 0.0639268085361, 0.0320944078267, 0.0382329039276, 0.0433145873249, 0.0764637067914]}}, "lowlevel": {"barkbands_spread": {"dmean2": 12.7871627808, "median": 11.7591190338, "min": 0.0645359233022, "dvar2": 372.453521729, "dvar": 152.396636963, "dmean": 7.84469032288, "max": 125.220932007, "var": 499.578460693, "mean": 20.4594783783}, "melbands_spread": {"dmean2": 10.9658279419, "median": 7.82014036179, "min": 0.11510284245, "dvar2": 386.205749512, "dvar": 160.278656006, "dmean": 6.88408899307, "max": 245.624221802, "var": 853.860717773, "mean": 19.5842990875}, "hfc": {"dmean2": 14.9450292587, "median": 13.0310773849, "min": 1.06868459507e-16, "dvar2": 869.168457031, "dvar": 386.744384766, "dmean": 9.89673042297, "max": 295.254882812, "var": 1221.85119629, "mean": 25.1685562134}, "barkbands_kurtosis": {"dmean2": 38.1218452454, "median": 10.9580507278, "min": -1.90806901455, "dvar2": 8010.21875, "dvar": 3719.35351562, "dmean": 24.9907665253, "max": 2342.5078125, "var": 8255.95507812, "mean": 42.0516624451}, "gfcc": {"mean": [-36.7822265625, 87.6433944702, -93.5896072388, 53.3127632141, -41.4748344421, 24.1137256622, -24.6762981415, 12.7759342194, -11.9567375183, 1.46944713593, -7.33184051514, 3.77861404419, -5.06486940384], "icov": [[0.000102928577689, -0.000228511824389, 0.000145837548189, -0.000319074286381, 0.000317632831866, -0.000284712761641, 6.53243550914e-05, -0.000229198398301, 0.00032421835931, -0.00040692317998, 0.000323071115417, -0.00031808327185, 0.000105257080577], [-0.000228511824389, 0.00140664284118, -0.000191481492948, 0.000644302694127, -0.000672629510518, 0.000343383813743, -7.43593191146e-05, 0.000681042671204, -0.00157253525686, 0.00203940528445, -0.0020478325896, 0.00208515161648, -0.00117125618272], [0.000145837548189, -0.000191481492948, 0.00144709018059, 1.98750512936e-05, -0.000604591681622, -0.00126796856057, 0.000339215766871, -0.000999458367005, 0.000307354115648, -0.000448419043096, 0.000636081502307, -0.000422622775659, 0.00113538629375], [-0.000319074286381, 0.000644302694127, 1.98750512936e-05, 0.00410901196301, -0.00200719432905, 8.16003230284e-05, -0.000627388828434, -0.000111175788334, -0.000618847494479, 0.00089076225413, -2.18714376388e-05, 0.00151112477761, 0.00151377322618], [0.000317632831866, -0.000672629510518, -0.000604591681622, -0.00200719432905, 0.00648256437853, -0.00112167955376, -0.00240668514743, -0.000439966679551, 0.000699655909557, -0.00161440123338, -0.000406892184401, 0.00144609005656, -0.00212943740189], [-0.000284712761641, 0.000343383813743, -0.00126796856057, 8.16003230284e-05, -0.00112167955376, 0.00737884221599, 0.000155031346367, -0.00171489687636, -0.000628504145425, -0.000334797601681, -0.00118605769239, -0.00150240643416, -0.000640300684609], [6.53243550914e-05, -7.43593191146e-05, 0.000339215766871, -0.000627388828434, -0.00240668514743, 0.000155031346367, 0.00795635767281, -0.00153091002721, -0.00297252926975, 0.00103980081622, -0.00102955824696, 0.000207717646845, -0.000107332714833], [-0.000229198398301, 0.000681042671204, -0.000999458367005, -0.000111175788334, -0.000439966679551, -0.00171489687636, -0.00153091002721, 0.0102218640968, -0.00118552916683, -5.69000440009e-05, 0.0010719683487, -0.00310147670098, 0.00106006977148], [0.00032421835931, -0.00157253525686, 0.000307354115648, -0.000618847494479, 0.000699655909557, -0.000628504145425, -0.00297252926975, -0.00118552916683, 0.0166353676468, -0.00555114261806, -0.0027985740453, 0.00328359403647, -0.00545413000509], [-0.00040692317998, 0.00203940528445, -0.000448419043096, 0.00089076225413, -0.00161440123338, -0.000334797601681, 0.00103980081622, -5.69000440009e-05, -0.00555114261806, 0.0159532129765, -0.00370293669403, -0.00237801345065, 0.00443543866277], [0.000323071115417, -0.0020478325896, 0.000636081502307, -2.18714376388e-05, -0.000406892184401, -0.00118605769239, -0.00102955824696, 0.0010719683487, -0.0027985740453, -0.00370293669403, 0.018472995609, -0.00668423669413, -0.000948425556999], [-0.00031808327185, 0.00208515161648, -0.000422622775659, 0.00151112477761, 0.00144609005656, -0.00150240643416, 0.000207717646845, -0.00310147670098, 0.00328359403647, -0.00237801345065, -0.00668423669413, 0.0243876557797, -0.00971331913024], [0.000105257080577, -0.00117125618272, 0.00113538629375, 0.00151377322618, -0.00212943740189, -0.000640300684609, -0.000107332714833, 0.00106006977148, -0.00545413000509, 0.00443543866277, -0.000948425556999, -0.00971331913024, 0.0217101182789]], "cov": [[32755.2519531, 119.778259277, -1548.82055664, 1554.55603027, -1432.14147949, 844.645751953, -793.610412598, 677.90814209, -695.110412598, 443.692138672, -481.221191406, 343.526397705, -464.9269104], [119.778259277, 3052.58935547, -589.315063477, -200.269287109, 320.250244141, -195.366317749, 325.166259766, -311.249786377, 417.868011475, -284.838653564, 345.637145996, -181.075378418, 348.601745605], [-1548.82055664, -589.315063477, 1440.63049316, 70.1389770508, 234.316253662, 301.005371094, 24.289144516, 236.653671265, -38.616191864, 111.904167175, -45.6461715698, 50.7268028259, -95.9532318115], [1554.55603027, -200.269287109, 70.1389770508, 449.95892334, 69.3331069946, 87.6839904785, 25.9897327423, 86.8859786987, -39.3971633911, 42.3792228699, -53.3133468628, -11.9288158417, -74.332901001], [-1432.14147949, 320.250244141, 234.316253662, 69.3331069946, 400.545196533, 49.9866294861, 189.261856079, 11.4994573593, 115.084861755, -10.5897808075, 80.6845169067, -34.7101745605, 67.3391342163], [844.645751953, -195.366317749, 301.005371094, 87.6839904785, 49.9866294861, 276.511749268, 2.96990633011, 129.964981079, -15.1325111389, 69.7336654663, -4.13951826096, 56.7829627991, -22.5880012512], [-793.610412598, 325.166259766, 24.289144516, 25.9897327423, 189.261856079, 2.96990633011, 250.397232056, 0.624291956425, 113.885124207, -24.2468948364, 74.3231430054, -24.2143497467, 64.1443328857], [677.90814209, -311.249786377, 236.653671265, 86.8859786987, 11.4994573593, 129.964981079, 0.624291956425, 200.25177002, -33.6584205627, 63.6685752869, -33.3901443481, 51.3011512756, -43.2966651917], [-695.110412598, 417.868011475, -38.616191864, -39.3971633911, 115.084861755, -15.1325111389, 113.885124207, -33.6584205627, 166.419113159, -14.1765594482, 87.8406600952, -23.1101303101, 81.9315643311], [443.692138672, -284.838653564, 111.904167175, 42.3792228699, -10.5897808075, 69.7336654663, -24.2468948364, 63.6685752869, -14.1765594482, 123.12802887, -9.8957567215, 37.6108131409, -40.8579216003], [-481.221191406, 345.637145996, -45.6461715698, -53.3133468628, 80.6845169067, -4.13951826096, 74.3231430054, -33.3901443481, 87.8406600952, -9.8957567215, 127.200073242, 6.48702669144, 69.4231109619], [343.526397705, -181.075378418, 50.7268028259, -11.9288158417, -34.7101745605, 56.7829627991, -24.2143497467, 51.3011512756, -23.1101303101, 37.6108131409, 6.48702669144, 86.5839920044, 7.9219417572], [-464.9269104, 348.601745605, -95.9532318115, -74.332901001, 67.3391342163, -22.5880012512, 64.1443328857, -43.2966651917, 81.9315643311, -40.8579216003, 69.4231109619, 7.9219417572, 121.20149231]]}, "spectral_energyband_middle_low": {"dmean2": 0.00640341406688, "median": 0.00298575963825, "min": 1.52377924931e-22, "dvar2": 0.000237727057538, "dvar": 8.51180884638e-05, "dmean": 0.00365743087605, "max": 0.113813482225, "var": 7.11643515388e-05, "mean": 0.00570844253525}, "melbands_crest": {"dmean2": 5.31047058105, "median": 23.8044013977, "min": 1.0043503046, "dvar2": 34.6731300354, "dvar": 14.9291257858, "dmean": 3.41322231293, "max": 38.6096763611, "var": 83.876701355, "mean": 23.509557724}, "spectral_kurtosis": {"dmean2": 2.81246113777, "median": 2.80566453934, "min": -1.25922167301, "dvar2": 16.2541980743, "dvar": 5.68055772781, "dmean": 1.65140485764, "max": 54.0812110901, "var": 11.6828699112, "mean": 3.60954856873}, "spectral_rms": {"dmean2": 0.00193355628289, "median": 0.00742067350075, "min": 3.11829923862e-12, "dvar2": 6.36993718217e-06, "dvar": 3.16410705636e-06, "dmean": 0.00133619690314, "max": 0.0162518061697, "var": 1.07933601612e-05, "mean": 0.00713971909136}, "zerocrossingrate": {"dmean2": 0.0148922642693, "median": 0.02978515625, "min": 0.00146484375, "dvar2": 0.000324568914948, "dvar": 0.000221385547775, "dmean": 0.0117878420278, "max": 0.5283203125, "var": 0.0068218964152, "mean": 0.0566571764648}, "silence_rate_60dB": {"dmean2": 0.0147247668356, "median": 0, "min": 0, "dvar2": 0.0186147578061, "dvar": 0.00730693945661, "dmean": 0.0073617529124, "max": 1, "var": 0.0528450980783, "mean": 0.0559787712991}, "erbbands_kurtosis": {"dmean2": 1.4545674324, "median": -0.161883354187, "min": -1.83513379097, "dvar2": 5.43479061127, "dvar": 2.0930480957, "dmean": 0.8928642869, "max": 33.169128418, "var": 3.56952881813, "mean": 0.312575608492}, "erbbands": {"dmean2": [1.01911365986, 5.89011144638, 14.1995029449, 10.790019989, 10.0629825592, 7.20525789261, 6.39455509186, 12.6419181824, 8.14190673828, 5.67552280426, 6.91025686264, 7.34442949295, 8.42870521545, 8.89034843445, 7.08449840546, 7.53182983398, 11.6183156967, 11.2279567719, 12.9358987808, 12.6912813187, 13.7198495865, 17.287979126, 16.2183227539, 15.0907831192, 21.4152851105, 16.3288440704, 14.8182735443, 12.076125145, 10.9677124023, 11.3228158951, 12.0541667938, 7.54030370712, 2.55588841438, 1.92065155506, 3.36416220665, 0.595849514008, 0.111957468092, 0.0263543725014, 0.00284082908183, 7.19425224815e-05], "median": [1.06385087967, 1.84403645992, 3.4738214016, 2.47891426086, 2.19758820534, 2.02407264709, 2.91501712799, 4.09331607819, 2.73005151749, 2.11086964607, 2.6412756443, 3.65174889565, 3.82293534279, 4.51734352112, 3.68611836433, 3.34370493889, 3.69722175598, 3.9476518631, 4.63992595673, 4.34611463547, 5.47682142258, 6.50554943085, 6.29575967789, 4.66988134384, 3.60683679581, 2.88194799423, 1.99169969559, 1.526658535, 1.11830794811, 1.4080748558, 1.07736742496, 1.11150658131, 0.329364657402, 0.147308245301, 0.224430516362, 0.0365410409868, 0.00503942929208, 0.00107671320438, 8.34871680127e-05, 8.09714838397e-05], "min": [3.35075674577e-23, 4.90161765307e-22, 9.81247242557e-22, 4.01360069335e-21, 7.40962220213e-21, 1.95411532322e-20, 3.72772820456e-20, 3.9567063384e-20, 8.43117927264e-20, 1.38389604152e-19, 2.15404927168e-19, 3.59016625924e-19, 3.21046657663e-19, 4.30514654254e-19, 7.94658093915e-19, 1.11848053707e-18, 1.18065101832e-18, 1.4190597737e-18, 1.91907659871e-18, 1.96853869062e-18, 3.11942216703e-18, 4.93015278795e-18, 3.88522349659e-18, 5.90339695307e-18, 6.22565907509e-18, 8.36911399843e-18, 9.62345067931e-18, 1.04366262969e-17, 9.96651060347e-18, 9.65508123875e-18, 1.08557884918e-17, 1.12028288091e-17, 1.01278273665e-17, 7.17295789312e-18, 5.95625793011e-18, 3.88628725086e-18, 2.2403760893e-18, 9.23205528322e-19, 2.51517603534e-19, 2.66097863827e-20], "dvar2": [2.78299856186, 111.010231018, 1048.51403809, 916.268493652, 634.257141113, 285.184448242, 174.5756073, 847.121398926, 266.12411499, 138.635986328, 302.246063232, 461.169128418, 460.467498779, 422.896850586, 180.225387573, 246.284881592, 1076.11535645, 1118.28222656, 1273.65100098, 2085.14208984, 1034.22546387, 1371.92871094, 1060.38244629, 960.41796875, 3448.40087891, 1411.93408203, 1407.61755371, 692.966430664, 509.162658691, 449.406585693, 872.710327148, 234.75680542, 34.1513214111, 19.5149917603, 66.4114837646, 1.9526116848, 0.0986185893416, 0.00722658867016, 6.63451573928e-05, 1.60141730987e-08], "dvar": [1.27499961853, 45.4989891052, 389.551361084, 345.898529053, 224.379257202, 100.868362427, 72.088142395, 271.142242432, 97.4668502808, 49.9352226257, 122.162536621, 166.808990479, 349.030395508, 276.969940186, 76.3090591431, 101.794876099, 562.089233398, 544.495117188, 546.783996582, 791.076171875, 440.808410645, 565.658813477, 444.264221191, 479.956207275, 1329.99584961, 604.875, 622.11328125, 358.714782715, 257.74029541, 217.69543457, 323.089569092, 90.8189315796, 14.4221305847, 7.66454267502, 24.3748550415, 0.716350317001, 0.0365166142583, 0.00264479662292, 2.38546472247e-05, 6.21119200517e-09], "dmean": [0.727012217045, 3.81595087051, 7.99124670029, 6.21139240265, 5.65902805328, 4.08780956268, 3.788595438, 7.29353523254, 4.76561355591, 3.30340123177, 4.2834777832, 4.47852373123, 5.94667005539, 6.37011623383, 4.44536447525, 4.61482429504, 7.85435056686, 7.54700613022, 8.20938682556, 7.93376350403, 8.57161045074, 10.8396253586, 10.1599607468, 9.8680229187, 12.8691701889, 10.4282169342, 9.35234355927, 8.04262733459, 7.09417152405, 7.15397071838, 7.14268255234, 4.48136568069, 1.56253087521, 1.14045059681, 1.9311375618, 0.34149324894, 0.0655594095588, 0.0154695343226, 0.00160823611077, 4.55277913716e-05], "max": [10.2815990448, 47.8049278259, 175.19078064, 230.916503906, 172.860565186, 163.752655029, 304.39251709, 338.121307373, 209.954116821, 113.057189941, 271.86895752, 336.81930542, 843.920776367, 522.952758789, 138.588104248, 200.664779663, 649.923461914, 880.028747559, 538.703674316, 592.950561523, 363.375946045, 447.363464355, 292.411346436, 386.61831665, 633.952941895, 443.259460449, 490.479797363, 360.15612793, 323.134429932, 225.968032837, 297.758666992, 138.304946899, 75.5064544678, 40.4013977051, 44.8840370178, 8.25797367096, 3.06224918365, 1.20031249523, 0.122300542891, 0.00177132594399], "var": [2.91170334816, 74.6847305298, 318.794250488, 251.728134155, 145.621887207, 77.4314041138, 161.572021484, 875.106750488, 258.792114258, 99.6837081909, 194.170379639, 193.068832397, 3742.38330078, 2308.359375, 241.04473877, 186.823883057, 2246.12036133, 1668.21105957, 892.066223145, 919.101318359, 700.888549805, 1170.1159668, 1057.41430664, 1565.37805176, 2439.80664062, 1767.95996094, 1761.59716797, 1183.23449707, 930.681762695, 746.517578125, 561.194091797, 191.227310181, 48.0042457581, 16.5693454742, 18.7565765381, 0.903612732887, 0.0709610208869, 0.0058919582516, 4.32011729572e-05, 1.30938762055e-08], "mean": [1.60088086128, 6.12048768997, 8.85118579865, 6.19999074936, 5.38296031952, 4.66550445557, 6.32420158386, 14.8644962311, 9.24724292755, 5.47902822495, 7.17083311081, 8.31252479553, 18.8980426788, 17.8931159973, 9.91414165497, 8.87293243408, 15.7780714035, 14.5509738922, 14.0311775208, 13.0502109528, 15.1169862747, 19.6496334076, 18.9085235596, 19.7824287415, 21.3306121826, 19.1762943268, 17.7762851715, 15.2367506027, 14.1651973724, 13.4978637695, 10.8975734711, 6.73494052887, 2.92603898048, 1.74271428585, 1.82273805141, 0.414055347443, 0.0986384674907, 0.0229719206691, 0.00176386139356, 0.000104369399196]}, "spectral_strongpeak": {"dmean2": 0.376010268927, "median": 0.364165723324, "min": 0, "dvar2": 0.535658717155, "dvar": 0.209927618504, "dmean": 0.224517524242, "max": 7.65219068527, "var": 0.381245106459, "mean": 0.539211273193}, "spectral_energy": {"dmean2": 0.0349857397377, "median": 0.0564430579543, "min": 9.96688499317e-21, "dvar2": 0.00263844034635, "dvar": 0.00116013071965, "dmean": 0.023181675002, "max": 0.270724236965, "var": 0.00239682337269, "mean": 0.0633132457733}, "average_loudness": 0.914082407951, "spectral_rolloff": {"dmean2": 902.091247559, "median": 150.732421875, "min": 43.06640625, "dvar2": 4138619.75, "dvar": 1606964.875, "dmean": 515.834289551, "max": 19918.2128906, "var": 10225100, "mean": 1533.55883789}, "spectral_centroid": {"dmean2": 601.162109375, "median": 1137.39770508, "min": 93.8796539307, "dvar2": 631451.75, "dvar": 273315.46875, "dmean": 367.266143799, "max": 11821.515625, "var": 2231688.5, "mean": 1603.78930664}, "pitch_salience": {"dmean2": 0.135815918446, "median": 0.342749863863, "min": 0.0243398919702, "dvar2": 0.0258515570313, "dvar": 0.0105504617095, "dmean": 0.0865388289094, "max": 0.99589240551, "var": 0.0395997241139, "mean": 0.390929400921}, "spectral_energyband_middle_high": {"dmean2": 0.00180494016968, "median": 0.00176351482514, "min": 1.10406750862e-21, "dvar2": 1.47634345922e-05, "dvar": 6.95488051861e-06, "dmean": 0.00123411172535, "max": 0.0432420708239, "var": 2.9599717891e-05, "mean": 0.00369610171765}, "spectral_contrast_coeffs": {"dmean2": [0.0775110572577, 0.0714666172862, 0.0526662170887, 0.0426292978227, 0.0356080532074, 0.0360333919525], "median": [-0.710661411285, -0.765989780426, -0.803773880005, -0.810803413391, -0.810845971107, -0.757100224495], "min": [-0.983389139175, -0.991748392582, -0.995284974575, -0.987643241882, -0.989568114281, -0.966315984726], "dvar2": [0.00474696746096, 0.00349708925933, 0.00176153390203, 0.00113174272701, 0.000899352133274, 0.00121022271924], "dvar": [0.00184715352952, 0.00125055294484, 0.000691692344844, 0.000445430167019, 0.00038361150655, 0.000556006620172], "dmean": [0.0472051873803, 0.0424490459263, 0.0320804156363, 0.0261352416128, 0.02172796987, 0.0224761031568], "max": [-0.329360127449, -0.437603145838, -0.513983786106, -0.57149374485, -0.650865375996, -0.613798737526], "var": [0.00742384046316, 0.00664546107873, 0.00468699494377, 0.00256489636377, 0.00204929965548, 0.00295778666623], "mean": [-0.71033346653, -0.758628904819, -0.793781816959, -0.806695818901, -0.808114945889, -0.757559478283]}, "melbands_skewness": {"dmean2": 2.58601212502, "median": 5.52246856689, "min": -1.97167050838, "dvar2": 10.4274759293, "dvar": 4.70946645737, "dmean": 1.72695887089, "max": 33.6774559021, "var": 21.6063022614, "mean": 6.47758102417}, "spectral_spread": {"dmean2": 1379233.125, "median": 4973874, "min": 915489.625, "dvar2": 5056709525500.0, "dvar": 2158374027260.0, "dmean": 880884.5, "max": 42749984, "var": 21418207084500.0, "mean": 5658744}, "dissonance": {"dmean2": 0.023779226467, "median": 0.480416715145, "min": 0.34488466382, "dvar2": 0.000665294588543, "dvar": 0.000233336249948, "dmean": 0.013893449679, "max": 0.5, "var": 0.000542246445548, "mean": 0.473463475704}, "spectral_skewness": {"dmean2": 0.431702017784, "median": 1.32970392704, "min": -0.225623190403, "dvar2": 0.224598586559, "dvar": 0.0877370834351, "dmean": 0.259951472282, "max": 5.46192646027, "var": 0.275641620159, "mean": 1.35911214352}, "spectral_flux": {"dmean2": 0.0664549469948, "median": 0.0781069993973, "min": 6.43350581142e-11, "dvar2": 0.0075368443504, "dvar": 0.00373562076129, "dmean": 0.0432797260582, "max": 0.458061128855, "var": 0.00729566626251, "mean": 0.103663213551}, "spectral_contrast_valleys": {"dmean2": [0.634783506393, 0.697841882706, 0.575928747654, 0.50560683012, 0.537031948566, 0.695198655128], "median": [-6.55741071701, -7.04118919373, -7.57605028152, -7.88678741455, -7.623067379, -10.179397583], "min": [-28.3446655273, -28.2343463898, -27.8054542542, -27.7386989594, -27.5099620819, -27.4211025238], "dvar2": [0.42092576623, 0.494376212358, 0.352325320244, 0.327289074659, 0.524869680405, 0.863500118256], "dvar": [0.194531828165, 0.22439160943, 0.172474965453, 0.166547894478, 0.261808186769, 0.404942512512], "dmean": [0.3920327425, 0.426136285067, 0.351982533932, 0.322493642569, 0.351945161819, 0.47567692399], "max": [-4.69533109665, -4.64923381805, -5.68553543091, -5.29833936691, -5.11571407318, -7.37042760849], "var": [7.70670747757, 6.96602106094, 6.5435833931, 6.42927217484, 6.91596651077, 6.46726131439], "mean": [-7.1233215332, -7.4677977562, -8.01552581787, -8.24133491516, -7.95077037811, -10.5481033325]}, "erbbands_flatness_db": {"dmean2": 0.02577877976, "median": 0.11779050529, "min": 0.0323605872691, "dvar2": 0.000794701918494, "dvar": 0.000327455985826, "dmean": 0.0164450984448, "max": 0.37804889679, "var": 0.00224577100016, "mean": 0.130736172199}, "spectral_energyband_high": {"dmean2": 0.00150399049744, "median": 0.000241976726102, "min": 7.0580074339e-21, "dvar2": 9.10447124625e-06, "dvar": 4.08922642237e-06, "dmean": 0.0009447853663, "max": 0.0302557703108, "var": 1.41479031299e-05, "mean": 0.00190832046792}, "spectral_entropy": {"dmean2": 0.367038398981, "median": 7.73933458328, "min": 5.03673362732, "dvar2": 0.220879793167, "dvar": 0.0837238729, "dmean": 0.22165620327, "max": 9.82537174225, "var": 0.328959047794, "mean": 7.71825122833}, "silence_rate_20dB": {"dmean2": 0, "median": 1, "min": 1, "dvar2": 0, "dvar": 0, "dmean": 0, "max": 1, "var": 0, "mean": 1}, "melbands_flatness_db": {"dmean2": 0.0648058503866, "median": 0.277674555779, "min": 3.36518382937e-07, "dvar2": 0.00608451478183, "dvar": 0.00273493095301, "dmean": 0.0432401709259, "max": 0.718986570835, "var": 0.0157172083855, "mean": 0.278956860304}, "barkbands": {"dmean2": [0.00454164994881, 0.0262479931116, 0.0118699260056, 0.00312182749622, 0.0024666863028, 0.00124630576465, 0.000484466057969, 0.000275115686236, 0.000355703057721, 0.000286987808067, 0.000208062876482, 0.000232993712416, 0.000268715259153, 0.000264435831923, 0.00027413474163, 0.000235469284235, 0.000280297768768, 0.000326389272232, 0.000349974172423, 0.000371800502762, 0.00032654198003, 0.000297725870041, 0.000396293471567, 0.000247153046075, 0.000323305197526, 7.00336968293e-05, 1.53331566253e-05], "median": [0.00239332485944, 0.0258394479752, 0.00242421310395, 0.000469009130029, 0.000724640733097, 0.000469672813779, 0.000144615012687, 9.19699305086e-05, 0.000164027675055, 9.62389676715e-05, 8.40076390887e-05, 8.32377627376e-05, 7.46974837966e-05, 7.83667637734e-05, 7.65958757256e-05, 8.4377330495e-05, 9.61525656749e-05, 9.87866806099e-05, 7.44815915823e-05, 6.46161788609e-05, 4.38899187429e-05, 3.07102418446e-05, 4.1633953515e-05, 3.58408360626e-05, 2.40608042077e-05, 3.2931250189e-06, 3.10541423687e-07], "min": [1.34561354067e-25, 2.74223867316e-24, 3.97350889637e-25, 1.206548062e-24, 5.16300863883e-24, 6.92764946305e-24, 6.51168429101e-24, 4.53916915194e-24, 6.23465251275e-24, 9.75957254923e-24, 6.88465812143e-24, 1.96471409358e-23, 3.68356895753e-23, 2.30264001727e-23, 4.02586106856e-23, 3.83240713105e-23, 6.95529698673e-23, 8.49056798306e-23, 1.11287473042e-22, 1.48924695784e-22, 2.20289799058e-22, 2.84910659085e-22, 3.81758165785e-22, 5.56921864647e-22, 8.16160086868e