{"metadata": {"tags": {"album": ["Claude Vonstroke - Fabric 46 [fabric91]"], "albumartist": ["Claude VonStroke"], "genre": ["Electronic"], "artist": ["Donk Boys"], "date": ["2009"], "tracknumber": ["16"], "title": ["One Tooth Missing"], "file_name": "1523192.mp3", "musicbrainz_recordingid": ["17bc6d51-2645-4005-a8fb-f14fa94c406a"]}, "audio_properties": {"sample_rate": 44100, "downmix": "mix", "lossless": false, "analysis_sample_rate": 44100, "md5_encoded": "518b75ee952c52115a6c4ab6f776e9a5", "equal_loudness": 0, "replay_gain": -10.8818855286, "codec": "mp3", "bit_rate": 320073, "length": 113.73714447}, "version": {"extractor": "music 1.0", "essentia_build_sha": "70f2e5ece6736b2c40cc944ad0e695b16b925413", "essentia_git_sha": "v2.1_beta2", "essentia": "2.1-beta2"}}, "rhythm": {"beats_loudness_band_ratio": {"dvar2": [0.208839833736, 0.0997788459063, 0.0841449573636, 0.0285741053522, 0.00127800379414, 0.0319892503321], "var": [0.107873730361, 0.0324134863913, 0.0150275658816, 0.00554268294945, 0.000530446297489, 0.0145128332078], "min": [0.000195124230231, 0.000459744245745, 7.61254705139e-05, 2.64753043666e-06, 1.2090151813e-06, 1.125307449e-06], "dmean": [0.200692534447, 0.1045326069, 0.068217843771, 0.0548602119088, 0.0241675656289, 0.052138261497], "mean": [0.785580277443, 0.09099650383, 0.0447837971151, 0.0313838459551, 0.0160452891141, 0.0542852766812], "max": [0.999519944191, 0.781840145588, 0.835658371449, 0.488109439611, 0.154034540057, 0.624605417252], "dmean2": [0.369935303926, 0.193875998259, 0.128106117249, 0.107794903219, 0.0464081652462, 0.0893655493855], "median": [0.935796380043, 0.00616422947496, 0.00944973062724, 0.00695712072775, 0.00909203663468, 0.00165529176593], "dvar": [0.0832529142499, 0.0351946763694, 0.0250873025507, 0.00878969859332, 0.000458795722807, 0.0122010949999]}, "bpm_histogram_first_peak_weight": {"dvar2": 0, "var": 0, "min": 0.596638679504, "dmean": 0, "mean": 0.596638679504, "max": 0.596638679504, "dmean2": 0, "median": 0.596638679504, "dvar": 0}, "bpm": 126.645004272, "beats_count": 239, "bpm_histogram_first_peak_spread": {"dvar2": 0, "var": 0, "min": 0.390557944775, "dmean": 0, "mean": 0.390557944775, "max": 0.390557944775, "dmean2": 0, "median": 0.390557944775, "dvar": 0}, "danceability": 1.42786180973, "bpm_histogram_first_peak_bpm": {"dvar2": 0, "var": 0, "min": 126, "dmean": 0, "mean": 126, "max": 126, "dmean2": 0, "median": 126, "dvar": 0}, "beats_position": [0.510838985443, 0.986848056316, 1.46285712719, 1.95047616959, 2.41487526894, 2.90249419212, 3.36689329147, 3.85451245308, 4.33052158356, 4.80653047562, 5.28253936768, 5.75854873657, 6.23455762863, 6.71056699753, 7.19818592072, 7.66258478165, 8.13859367371, 8.6146030426, 9.10222244263, 9.56662082672, 10.0542402267, 10.5302495956, 11.0062580109, 11.4822673798, 11.9582767487, 12.445895195, 12.9102945328, 13.3979139328, 13.873922348, 14.3499317169, 14.8259410858, 15.301949501, 15.7895689011, 16.2655773163, 16.7415866852, 17.2175960541, 17.693605423, 18.1696147919, 18.6456241608, 19.1332416534, 19.5976409912, 20.0736503601, 20.549659729, 21.0140590668, 21.4900684357, 21.9660758972, 22.430475235, 22.9064846039, 23.3824939728, 23.8468933105, 24.3229026794, 24.7989120483, 25.2633094788, 25.7393188477, 26.2153282166, 26.6797275543, 27.1557369232, 27.6317462921, 28.0961437225, 28.5837631226, 29.0481624603, 29.5125617981, 29.988571167, 30.4529705048, 30.9289798737, 31.4049873352, 31.8809967041, 32.3453979492, 32.8214035034, 33.2974128723, 33.7734222412, 34.2494316101, 34.7138328552, 35.1898422241, 35.6658477783, 36.1302490234, 36.6062583923, 37.0822677612, 37.5466651917, 38.034286499, 38.4986839294, 38.9630813599, 39.4507026672, 39.9151000977, 40.3911094666, 40.8671188354, 41.3315200806, 41.8075294495, 42.2835350037, 42.7479362488, 43.2239456177, 43.6999549866, 44.164352417, 44.6403617859, 45.1163711548, 45.5807685852, 46.0567779541, 46.532787323, 46.9971885681, 47.473197937, 47.9492073059, 48.4136047363, 48.8896141052, 49.3656234741, 49.8300209045, 50.2944221497, 50.7704315186, 51.2464370728, 51.7224464417, 52.1984558105, 52.6744651794, 53.1504745483, 53.6148757935, 54.0908851624, 54.5668907166, 55.0312919617, 55.5073013306, 55.9833106995, 56.4477081299, 56.9237174988, 57.3997268677, 57.8641242981, 58.340133667, 58.8161430359, 59.2921524048, 59.7681617737, 60.2325630188, 60.6969604492, 61.1729698181, 61.648979187, 62.1133766174, 62.6009979248, 63.0653953552, 63.5414047241, 64.0174102783, 64.4818115234, 64.957824707, 65.4338302612, 65.8982315063, 66.3742370605, 66.8502502441, 67.3146438599, 67.7906570435, 68.2666625977, 68.7310638428, 69.2070770264, 69.6830825806, 70.1474838257, 70.6234893799, 71.0995025635, 71.5638961792, 72.0399093628, 72.515914917, 72.9803161621, 73.4563217163, 73.9323348999, 74.4083404541, 74.8843536377, 75.3487548828, 75.824760437, 76.3007659912, 76.7651672363, 77.2411804199, 77.7171859741, 78.1815872192, 78.6575927734, 79.133605957, 79.5979995728, 80.0740127563, 80.5500183105, 81.0376434326, 81.5368728638, 82.0593185425, 82.5933761597, 83.1158294678, 83.6150588989, 84.1026763916, 84.5902938843, 85.0546951294, 85.5423126221, 86.0067138672, 86.4827194214, 86.9587249756, 87.4347381592, 87.9107437134, 88.3751449585, 88.8511581421, 89.3271636963, 89.8031692505, 90.2791824341, 90.7551879883, 91.2312011719, 91.7072067261, 92.1832199097, 92.6476211548, 93.1352386475, 93.5996322632, 94.0756454468, 94.551651001, 95.0276641846, 95.5036697388, 95.9680709839, 96.4440765381, 96.9200897217, 97.3960952759, 97.8721084595, 98.3481140137, 98.8241271973, 99.288520813, 99.7761459351, 100.240539551, 100.728164673, 101.192558289, 101.668571472, 102.144577026, 102.62059021, 103.096595764, 103.560997009, 104.037002563, 104.513015747, 104.977409363, 105.465034485, 105.929428101, 106.417053223, 106.881446838, 107.345848083, 107.821853638, 108.297866821, 108.762268066, 109.249885559, 109.714286804, 110.17868042, 110.654693604, 111.130699158, 111.606712341, 112.082717896, 112.558731079, 113.034736633, 113.499137878], "beats_loudness": {"dvar2": 0.00712730176747, "var": 0.00703363399953, "min": 8.7239597633e-05, "dmean": 0.0435123629868, "mean": 0.161940485239, "max": 0.263253211975, "dmean2": 0.0766048282385, "median": 0.207854256034, "dvar": 0.0025001023896}, "bpm_histogram_second_peak_weight": {"dvar2": 0, "var": 0, "min": 0.00840336177498, "dmean": 0, "mean": 0.00840336177498, "max": 0.00840336177498, "dmean2": 0, "median": 0.00840336177498, "dvar": 0}, "bpm_histogram_second_peak_spread": {"dvar2": 0, "var": 0, "min": 0.33333337307, "dmean": 0, "mean": 0.33333337307, "max": 0.33333337307, "dmean2": 0, "median": 0.33333337307, "dvar": 0}, "bpm_histogram_second_peak_bpm": {"dvar2": 0, "var": 0, "min": 115, "dmean": 0, "mean": 115, "max": 115, "dmean2": 0, "median": 115, "dvar": 0}, "onset_rate": 6.12722730637}, "lowlevel": {"spectral_energyband_high": {"dvar2": 1.38706836879e-05, "var": 5.71192276766e-06, "min": 7.9054491247e-21, "dmean": 0.00097273621941, "mean": 0.000865418696776, "max": 0.0228263940662, "dmean2": 0.00156538386364, "median": 3.12083138851e-05, "dvar": 5.73485567656e-06}, "spectral_energyband_middle_low": {"dvar2": 0.0015005330788, "var": 0.000345549517078, "min": 2.63216706512e-22, "dmean": 0.00930380728096, "mean": 0.0083799418062, "max": 0.160059019923, "dmean2": 0.0165870152414, "median": 0.00230187689885, "dvar": 0.000532740436029}, "spectral_energy": {"dvar2": 0.00260999728926, "var": 0.00420556822792, "min": 1.07580008541e-20, "dmean": 0.0277689937502, "mean": 0.072100289166, "max": 0.272809237242, "dmean2": 0.0371971912682, "median": 0.0653790831566, "dvar": 0.00149893504567}, "spectral_spread": {"dvar2": 9934144012290.0, "var": 14266260258800.0, "min": 126524.390625, "dmean": 1688603.25, "mean": 4699543.5, "max": 41127608, "dmean2": 2481211.25, "median": 3310142, "dvar": 5800998731780.0}, "spectral_energyband_low": {"dvar2": 0.00209855264984, "var": 0.00355226290412, "min": 3.14129019407e-23, "dmean": 0.0251592267305, "mean": 0.0620255880058, "max": 0.242837190628, "dmean2": 0.0325852148235, "median": 0.0592169910669, "dvar": 0.00120573083404}, "spectral_rolloff": {"dvar2": 10581816, "var": 6107650.5, "min": 43.06640625, "dmean": 807.966247559, "mean": 996.070800781, "max": 18927.6855469, "dmean2": 1413.56616211, "median": 107.666015625, "dvar": 4731922}, "barkbands": {"dvar2": [2.24781456382e-06, 0.00221355399117, 0.000310395116685, 6.28143679933e-05, 0.000382360332878, 6.59973884467e-05, 9.20535876503e-06, 1.26888116938e-05, 1.64930668234e-06, 1.99023747882e-06, 8.58734154008e-07, 1.18125115023e-06, 1.26022644054e-06, 7.78501771492e-07, 3.10685408067e-07, 2.38951685105e-07, 4.53466640238e-07, 1.2501456581e-07, 9.53975032303e-08, 8.20687162673e-08, 9.02097028188e-08, 2.71566392485e-07, 1.70694832491e-07, 3.60560079571e-07, 1.40945473959e-06, 7.39629058444e-07, 3.60165799407e-08], "var": [4.80897688249e-06, 0.00322688743472, 8.84065666469e-05, 1.88616086234e-05, 8.27150433906e-05, 1.43874258356e-05, 1.95017787519e-06, 2.97747828881e-06, 6.8345264026e-07, 1.35413813496e-06, 3.78442933879e-07, 4.6037993684e-07, 5.03538842622e-07, 3.94605478959e-07, 1.56987979949e-07, 1.27950102069e-07, 1.85916789519e-07, 6.36386872088e-08, 3.19432373885e-08, 3.81252611703e-08, 5.22937675385e-08, 9.49522487304e-08, 7.40999723803e-08, 1.87414229913e-07, 5.79089146413e-07, 2.18315605593e-07, 8.86859385929e-09], "min": [1.85546001365e-24, 2.09685855039e-23, 6.80890223098e-24, 7.96814437526e-24, 4.62713116607e-23, 2.35652978783e-23, 3.3898716249e-23, 3.30704059876e-23, 1.11591127693e-22, 6.13768999013e-23, 1.46870426257e-22, 4.12817664352e-23, 9.47974465348e-23, 1.01547495798e-22, 2.18634200899e-22, 1.18434199434e-22, 1.50199116354e-22, 1.0392173362e-22, 2.84395034353e-22, 4.93931990319e-22, 3.2489040744e-22, 5.01903903083e-22, 6.49293059027e-22, 8.46493341152e-22, 1.02722654947e-21, 2.07229624908e-21, 2.40459687508e-21], "dmean": [0.000711699889507, 0.0244828071445, 0.00427709240466, 0.00191895989701, 0.00419217627496, 0.00192158750724, 0.000681060308125, 0.00079714297317, 0.00038322081673, 0.000364915729733, 0.000226964242756, 0.000265261391178, 0.000230532838032, 0.000197289453354, 0.000135809081257, 0.000128979881993, 0.000157546965056, 0.000110594832222, 8.25281749712e-05, 8.32640143926e-05, 8.48897907417e-05, 0.000131040331325, 0.000101690609881, 0.000148766848724, 0.000262381596258, 0.000188471109141, 3.43512256222e-05], "mean": [0.0013330176007, 0.0554874353111, 0.00424548471346, 0.00163189636078, 0.00378941325471, 0.0013364093611, 0.000485588330775, 0.000579685962293, 0.000393833615817, 0.0004285366158, 0.000215148291318, 0.000242753245402, 0.000217388034798, 0.000207832883461, 0.000144785444718, 0.000130552769406, 0.000161448042491, 0.000102190679172, 7.14649868314e-05, 7.57760572014e-05, 8.76968406374e-05, 0.000111354747787, 9.63187630987e-05, 0.000145697005792, 0.000219823370571, 0.000135401438456, 2.35381030507e-05], "max": [0.0264632645994, 0.239077225327, 0.0801175758243, 0.0409468561411, 0.0874959975481, 0.0459007397294, 0.0161081068218, 0.0182972755283, 0.0074676326476, 0.014661071822, 0.0135408006608, 0.00978527124971, 0.0120921246707, 0.00747249182314, 0.00698843272403, 0.00332921277732, 0.00492560956627, 0.0025877172593, 0.00288905226626, 0.00281943799928, 0.00345259229653, 0.00320419995114, 0.00405007228255, 0.00450674444437, 0.00838935840875, 0.00403517484665, 0.000867357011884], "dmean2": [0.000887579575647, 0.0319782532752, 0.00787756405771, 0.00339752342552, 0.0077422359027, 0.00348448846489, 0.00123355700634, 0.00147053296678, 0.000662637816276, 0.000559463631362, 0.000362819962902, 0.000454697583336, 0.000368033186533, 0.000294953933917, 0.000210818194319, 0.000201958609978, 0.000250190059887, 0.000179254304385, 0.00014222873142, 0.000137635870487, 0.000136442904477, 0.000220732428716, 0.00016065154341, 0.000235518426052, 0.000420750002377, 0.000322927138768, 6.05117493251e-05], "median": [0.000251551158726, 0.049256823957, 0.000322737090755, 0.00016305760073, 0.000376384268748, 5.37869018444e-05, 4.98566841998e-05, 3.5843513615e-05, 3.88152620872e-05, 2.31173689826e-05, 2.07949451578e-05, 1.20093336591e-05, 9.71957706497e-06, 7.90765989223e-06, 7.60389139032e-06, 8.81862615643e-06, 2.2700856789e-05, 1.04084774648e-05, 6.53244069326e-06, 5.36642664883e-06, 5.88354123465e-06, 5.18755905432e-06, 2.32651609622e-06, 1.15388525046e-06, 3.60086971796e-07, 3.78889353669e-07, 1.08961863532e-07], "dvar": [1.38292602969e-06, 0.00120091135614, 0.000108844287752, 2.30137065955e-05, 0.000132689863676, 2.32790353039e-05, 3.23245762957e-06, 4.4676194193e-06, 6.32975059034e-07, 9.57448719419e-07, 3.5740569615e-07, 4.72565886867e-07, 5.02067848629e-07, 3.35145784902e-07, 1.30567968881e-07, 1.04279806123e-07, 1.85779825301e-07, 5.47558727249e-08, 3.61349350442e-08, 3.27104530129e-08, 3.68598342959e-08, 1.0616201962e-07, 7.34396721214e-08, 1.63883413506e-07, 5.79379445753e-07, 2.84195181166e-07, 1.3061934645e-08]}, "melbands_skewness": {"dvar2": 34.7654724121, "var": 30.5066318512, "min": -2.29367518425, "dmean": 3.03655838966, "mean": 6.29354953766, "max": 32.7610816956, "dmean2": 4.64510393143, "median": 4.7075252533, "dvar": 15.0254659653}, "barkbands_skewness": {"dvar2": 44.322353363, "var": 27.7898368835, "min": -4.62708759308, "dmean": 3.16159558296, "mean": 5.26184368134, "max": 41.0281600952, "dmean2": 4.85917329788, "median": 3.89189958572, "dvar": 18.0197982788}, "erbbands": {"dvar2": [3.734998703, 105.21245575, 421.676147461, 576.874511719, 644.55078125, 6999.27392578, 8632.77539062, 3596.03881836, 2332.04907227, 3568.83422852, 4537.20898438, 953.958129883, 877.022949219, 2947.77709961, 1585.17724609, 1979.67944336, 2343.70214844, 1532.63024902, 1232.53674316, 892.444885254, 880.450195312, 1349.50646973, 473.1171875, 347.53515625, 161.810745239, 125.675354004, 184.927612305, 265.890258789, 389.646575928, 147.513870239, 115.224456787, 142.357376099, 132.723220825, 141.374237061, 71.1258087158, 21.7411994934, 1.50833451748, 0.134380951524, 0.00129255431239, 1.48883884776e-06], "var": [4.95716714859, 135.748764038, 166.067657471, 173.394836426, 201.049087524, 1458.59545898, 1756.53527832, 813.411193848, 518.536132812, 828.178833008, 1030.31933594, 408.782409668, 626.211853027, 1759.24121094, 594.694152832, 739.855895996, 1027.69580078, 804.37701416, 638.943237305, 463.465454102, 476.222412109, 563.817077637, 219.172073364, 123.964805603, 65.961265564, 70.3917922974, 85.428894043, 118.49206543, 132.233352661, 59.8728179932, 55.8205757141, 74.9150543213, 66.7928161621, 71.6996994019, 25.4725532532, 6.52802944183, 0.441668689251, 0.0355159379542, 0.000302608968923, 3.92787171677e-07], "min": [2.47026453459e-22, 5.87719054971e-21, 1.12228812052e-20, 1.54645535264e-20, 1.12497183693e-19, 1.09647895449e-19, 1.5183022928e-19, 2.42716324268e-19, 4.38662254041e-19, 5.10503045337e-19, 1.63862669889e-18, 2.06701247459e-18, 1.33833325316e-18, 3.56953994198e-18, 4.48055034653e-18, 1.86063525446e-18, 4.83083734771e-18, 4.68279807425e-18, 7.19360680275e-18, 9.52000429908e-18, 8.77333482991e-18, 8.68581002211e-18, 6.19857056439e-18, 1.1251196541e-17, 1.54903565597e-17, 2.10929782343e-17, 1.46030217186e-17, 1.63519313421e-17, 1.94733701754e-17, 1.5877951888e-17, 1.97164421615e-17, 1.60635348215e-17, 1.47604457697e-17, 1.02973704408e-17, 8.43791722742e-18, 5.77344274293e-18, 4.10238859948e-18, 1.63661592622e-18, 3.25689984333e-19, 3.55474567455e-20], "dmean": [0.947420597076, 5.11508703232, 5.8375916481, 5.85061693192, 6.38314199448, 17.9776878357, 19.8565998077, 14.7696895599, 11.7130708694, 12.6827697754, 16.2081699371, 9.39782047272, 9.12166690826, 11.5052976608, 10.0514888763, 10.5509271622, 10.4448719025, 9.1470708847, 8.24929428101, 7.39681959152, 7.60399055481, 8.74275398254, 6.48482513428, 4.9841132164, 3.70946645737, 3.46686816216, 3.76812982559, 4.25344467163, 4.86183547974, 2.96379590034, 2.81729507446, 3.05611300468, 2.72795915604, 2.67939019203, 1.91813874245, 1.00395548344, 0.276736795902, 0.0704443082213, 0.00633027451113, 0.000263802357949], "mean": [1.86761772633, 11.1292181015, 8.29249858856, 5.16496133804, 6.68130731583, 15.1394996643, 14.0556726456, 10.3047199249, 8.46703720093, 9.25975322723, 11.9110250473, 9.73973274231, 11.1816043854, 12.3492574692, 9.12510108948, 9.68453407288, 9.94511890411, 9.84724521637, 8.95234966278, 7.46747112274, 8.0158405304, 8.93534946442, 6.06310272217, 4.31031990051, 3.42930912971, 3.29638457298, 3.53906726837, 4.02897500992, 4.04378986359, 2.84707021713, 2.72560334206, 2.99798631668, 2.56989598274, 2.39360499382, 1.51741147041, 0.73182284832, 0.197053611279, 0.0489783473313, 0.00424759322777, 0.000246027542744], "max": [9.10508537292, 49.8019790649, 79.6972045898, 128.262161255, 124.863807678, 362.790710449, 495.707244873, 289.142303467, 324.979187012, 396.985656738, 282.646728516, 175.111663818, 227.229263306, 568.890808105, 436.65838623, 387.120697021, 604.365844727, 329.155303955, 326.358612061, 364.234161377, 206.06829834, 269.970947266, 176.543609619, 170.592758179, 129.794296265, 103.393661499, 136.753707886, 165.330703735, 126.414207458, 116.828041077, 88.4219589233, 95.7788696289, 87.2332992554, 90.0883407593, 56.8148117065, 27.5543174744, 5.42333221436, 1.70260632038, 0.168762147427, 0.00611063931137], "dmean2": [1.20235550404, 6.87074518204, 10.1125669479, 10.6605615616, 10.9510183334, 33.2330245972, 36.5227127075, 26.6833381653, 20.967376709, 23.3702430725, 29.8706703186, 16.3894119263, 14.534535408, 17.3279838562, 16.3407440186, 17.9443283081, 16.6711902618, 14.0107393265, 12.3886175156, 11.542304039, 11.8649168015, 13.8022356033, 10.339466095, 8.40794372559, 6.23077297211, 5.67004156113, 6.29024219513, 6.9615778923, 8.26388072968, 4.71406078339, 4.40755653381, 4.88666009903, 4.28185987473, 4.27007722855, 3.15151882172, 1.70876049995, 0.475420743227, 0.122271589935, 0.0112569481134, 0.000446759338956], "median": [0.812896728516, 9.48813915253, 2.24350643158, 0.947768986225, 0.890824198723, 1.19498276711, 0.995384216309, 0.525014281273, 0.764400243759, 0.739621460438, 0.922500550747, 0.930712461472, 0.685875177383, 1.00792717934, 0.712805986404, 0.475471973419, 0.467297703028, 0.475624144077, 0.355935245752, 0.388509392738, 0.954796612263, 1.2325334549, 0.673117637634, 0.45451515913, 0.314594358206, 0.252747476101, 0.245945632458, 0.219277486205, 0.192851886153, 0.116502247751, 0.0554082393646, 0.032230053097, 0.01308577694, 0.00551124615595, 0.00271173613146, 0.00151699827984, 0.000737109570764, 0.000158015114721, 8.06450480013e-05, 9.45190840866e-05], "dvar": [1.83401286602, 53.6850318909, 151.296508789, 205.307861328, 240.693481445, 2404.90991211, 2997.35595703, 1275.7689209, 828.414550781, 1256.74291992, 1586.52441406, 360.888000488, 385.507904053, 1393.86157227, 631.472961426, 777.715881348, 975.066467285, 659.625915527, 519.659057617, 393.810638428, 387.463500977, 554.037536621, 202.8309021, 135.473846436, 62.8965110779, 51.4842224121, 72.7167358398, 104.540367126, 150.814437866, 60.5287628174, 51.1377563477, 65.1328964233, 59.5284805298, 62.3209724426, 28.5536365509, 8.36094474792, 0.579653024673, 0.0498086772859, 0.000462903699372, 5.45808575225e-07]}, "silence_rate_30dB": {"dvar2": 0.27401688695, "var": 0.199870854616, "min": 0, "dmean": 0.165339872241, "mean": 0.723877549171, "max": 1, "dmean2": 0.330747246742, "median": 1, "dvar": 0.138006716967}, "melbands_spread": {"dvar2": 1498.40942383, "var": 644.784362793, "min": 0.0350499041378, "dmean": 8.5938949585, "mean": 10.4200019836, "max": 293.169952393, "dmean2": 14.245634079, "median": 2.44196939468, "dvar": 568.864196777}, "melbands_crest": {"dvar2": 61.0391731262, "var": 58.6982383728, "min": 2.0839111805, "dmean": 4.31603431702, "mean": 24.5544776917, "max": 38.7334060669, "dmean2": 6.6240696907, "median": 26.2092971802, "dvar": 25.6351222992}, "zerocrossingrate": {"dvar2": 0.00118377374019, "var": 0.00342181883752, "min": 0.00146484375, "dmean": 0.017265163362, "mean": 0.0359274372458, "max": 0.51416015625, "dmean2": 0.0206981208175, "median": 0.01220703125, "dvar": 0.000983202829957}, "barkbands_kurtosis": {"dvar2": 122772.632812, "var": 42454.0195312, "min": -1.96857118607, "dmean": 88.5061035156, "mean": 90.0896911621, "max": 3044.85913086, "dmean2": 147.731521606, "median": 21.5974979401, "dvar": 46719.4375}, "spectral_flux": {"dvar2": 0.0115361670032, "var": 0.0104073360562, "min": 1.03720781963e-10, "dmean": 0.0629127174616, "mean": 0.11207652837, "max": 0.506678879261, "dmean2": 0.0972378104925, "median": 0.0798708871007, "dvar": 0.00623875577003}, "barkbands_crest": {"dvar2": 42.6074485779, "var": 44.66065979, "min": 2.00305962563, "dmean": 3.69041275978, "mean": 19.375043869, "max": 26.6409320831, "dmean2": 5.79667043686, "median": 22.2976112366, "dvar": 19.1346683502}, "barkbands_flatness_db": {"dvar2": 0.0192320477217, "var": 0.0373897366226, "min": 0.0144766755402, "dmean": 0.0945241525769, "mean": 0.348990648985, "max": 0.944461584091, "dmean2": 0.13108971715, "median": 0.307887494564, "dvar": 0.0100647266954}, "spectral_entropy": {"dvar2": 1.43523001671, "var": 2.43632721901, "min": 2.58203268051, "dmean": 0.68366587162, "mean": 6.6437458992, "max": 9.80022621155, "dmean2": 0.979867398739, "median": 7.20977687836, "dvar": 0.791038155556}, "pitch_salience": {"dvar2": 0.06190668419, "var": 0.0554092600942, "min": 0.00774336513132, "dmean": 0.132490485907, "mean": 0.290588378906, "max": 0.965661287308, "dmean2": 0.209653347731, "median": 0.193012267351, "dvar": 0.0258567165583}, "erbbands_spread": {"dvar2": 1804.80566406, "var": 1668.64025879, "min": 0.398753106594, "dmean": 20.4821681976, "mean": 42.8582763672, "max": 232.874160767, "dmean2": 31.6382675171, "median": 29.0451602936, "dvar": 803.279296875}, "dynamic_complexity": 3.44333148003, "spectral_contrast_valleys": {"dvar2": [1.73102319241, 2.57134127617, 2.30719065666, 2.63924336433, 3.11989426613, 2.1949160099], "var": [3.51593947411, 3.38187980652, 4.10301780701, 4.35797452927, 5.07207489014, 6.11281490326], "min": [-26.977022171, -27.1246414185, -26.8176383972, -27.1016979218, -27.3790092468, -27.2281284332], "dmean": [0.811199843884, 1.03646194935, 1.0135614872, 1.0602183342, 1.0688482523, 1.08725404739], "mean": [-7.86642360687, -8.03509807587, -8.7881975174, -9.24992465973, -9.40553569794, -11.7118644714], "max": [-4.524725914, -4.04389429092, -5.2512087822, -5.30118274689, -5.47228097916, -7.26275205612], "dmean2": [1.1994934082, 1.51105463505, 1.42379510403, 1.47594726086, 1.48171508312, 1.50055897236], "median": [-7.46074104309, -7.87350082397, -8.41630935669, -8.97593307495, -8.61115455627, -11.6563968658], "dvar": [0.999215900898, 1.23672747612, 1.28170990944, 1.40140473843, 1.65852999687, 1.46933221817]}, "hfc": {"dvar2": 1660.50256348, "var": 703.344665527, "min": 1.22019410626e-16, "dmean": 14.8683481216, "mean": 17.2571468353, "max": 235.44430542, "dmean2": 23.3214187622, "median": 7.65442752838, "dvar": 661.322570801}, "spectral_kurtosis": {"dvar2": 10736.3291016, "var": 7443.63330078, "min": -1.19092702866, "dmean": 33.2802619934, "mean": 45.104598999, "max": 938.721557617, "dmean2": 53.3232345581, "median": 6.88140201569, "dvar": 4858.31689453}, "mfcc": {"mean": [-783.396362305, 137.466903687, 37.9388542175, 32.4478149414, 23.1200294495, 16.3448200226, 8.31293201447, 15.0324821472, 10.6289205551, 3.80702757835, 2.31405067444, 4.37074804306, 0.590491235256], "cov": [[22350.3769531, -2705.7565918, -2993.13232422, -477.115020752, -1010.60064697, -260.638763428, -413.869476318, -232.080581665, -514.395263672, -230.720962524, 99.1645736694, 363.552703857, -152.451980591], [-2705.7565918, 5311.2890625, -132.567520142, -183.020904541, 75.4523239136, 135.410186768, -52.4069061279, 111.995254517, 299.825653076, 163.162902832, -32.8324966431, -151.871231079, 20.9013118744], [-2993.13232422, -132.567520142, 2503.53076172, 787.037231445, 631.41998291, 106.501968384, 280.328216553, -16.2074985504, 50.006942749, 61.5958175659, 63.9344062805, 12.3748750687, 74.8330688477], [-477.115020752, -183.020904541, 787.037231445, 1039.56408691, 651.219116211, 418.992736816, 293.17880249, 153.287979126, 46.6131095886, 104.865600586, 169.291275024, 183.002410889, 124.386405945], [-1010.60064697, 75.4523239136, 631.41998291, 651.219116211, 782.772583008, 467.535675049, 362.060943604, 269.857513428, 179.192947388, 158.843719482, 192.568023682, 167.458267212, 133.777435303], [-260.638763428, 135.410186768, 106.501968384, 418.992736816, 467.535675049, 555.650756836, 343.084136963, 291.645294189, 208.355743408, 205.710174561, 198.854736328, 172.669967651, 110.231765747], [-413.869476318, -52.4069061279, 280.328216553, 293.17880249, 362.060943604, 343.084136963, 387.168762207, 303.018005371, 206.270828247, 174.519836426, 180.82472229, 132.481643677, 84.2051620483], [-232.080581665, 111.995254517, -16.2074985504, 153.287979126, 269.857513428, 291.645294189, 303.018005371, 380.119476318, 258.793579102, 195.954910278, 163.170059204, 107.570037842, 51.733833313], [-514.395263672, 299.825653076, 50.006942749, 46.6131095886, 179.192947388, 208.355743408, 206.270828247, 258.793579102, 271.794586182, 184.108398438, 117.868171692, 62.5334815979, 39.2729110718], [-230.720962524, 163.162902832, 61.5958175659, 104.865600586, 158.843719482, 205.710174561, 174.519836426, 195.954910278, 184.108398438, 193.237731934, 138.972442627, 86.3906097412, 39.6924057007], [99.1645736694, -32.8324966431, 63.9344062805, 169.291275024, 192.568023682, 198.854736328, 180.82472229, 163.170059204, 117.868171692, 138.972442627, 181.839202881, 129.908462524, 69.2632598877], [363.552703857, -151.871231079, 12.3748750687, 183.002410889, 167.458267212, 172.669967651, 132.481643677, 107.570037842, 62.5334815979, 86.3906097412, 129.908462524, 156.555114746, 88.3581466675], [-152.451980591, 20.9013118744, 74.8330688477, 124.386405945, 133.777435303, 110.231765747, 84.2051620483, 51.733833313, 39.2729110718, 39.6924057007, 69.2632598877, 88.3581466675, 104.059288025]], "icov": [[6.94977788953e-05, 1.50962569023e-05, 6.62047968945e-05, -3.13786003971e-05, 7.12830660632e-05, 1.54873680458e-06, -1.27420594254e-06, 8.3057957454e-06, 5.44718059245e-05, 0.000105469240225, -5.63681242056e-05, -0.00041014191811, 0.000317291734973], [1.50962569023e-05, 0.000247015268542, 4.070407158e-05, -1.38556297316e-05, -4.38659553765e-05, -0.000130824089865, 0.000310711475322, 7.09949017619e-05, -0.000354587362381, -0.000178266214789, -7.93582075858e-05, 0.000640699174255, -0.000421337113949], [6.62047968945e-05, 4.070407158e-05, 0.000999409356155, -0.000626875727903, -0.000659211014863, 0.00120117503684, -0.00154203060083, 0.00162391166668, -0.000492165447213, -0.000896674289834, 0.00023690375383, 0.000611991097685, -1.46002466863e-05], [-3.13786003971e-05, -1.38556297316e-05, -0.000626875727903, 0.00285793584771, -0.00144414056558, -0.00116247450933, 0.000467632198706, -0.000651076145004, 0.00203714589588, -0.000291523523629, 0.000307476642774, -0.00151413539425, 0.000448063568911], [7.12830660632e-05, -4.38659553765e-05, -0.000659211014863, -0.00144414056558, 0.00508373603225, -0.00243567139842, 0.000192947103642, -0.00140740582719, -0.000927504966967, 0.00279176305048, -0.00132974260487, 7.98971668701e-05, -0.000995916081592], [1.54873680458e-06, -0.000130824089865, 0.00120117503684, -0.00116247450933, -0.00243567139842, 0.00768288876861, -0.00416956748813, 0.00153460842557, 2.05606211239e-05, -0.00442165555432, 0.00200509070419, -0.00124390609562, -0.000441526412033], [-1.27420594254e-06, 0.000310711475322, -0.00154203060083, 0.000467632198706, 0.000192947103642, -0.00416956748813, 0.0140579147264, -0.00808001216501, -0.00011284017819, 0.00299489521421, -0.00450249854475, 0.000982486875728, -0.00164126593154], [8.3057957454e-06, 7.09949017619e-05, 0.00162391166668, -0.000651076145004, -0.00140740582719, 0.00153460842557, -0.00808001216501, 0.0155216986313, -0.00862653180957, -0.000973263231572, -0.000232507751207, -0.000976637122221, 0.00322471559048], [5.44718059245e-05, -0.000354587362381, -0.000492165447213, 0.00203714589588, -0.000927504966967, 2.05606211239e-05, -0.00011284017819, -0.00862653180957, 0.0199538245797, -0.0129042519256, 0.00361744407564, 0.0021431283094, -0.00321559049189], [0.000105469240225, -0.000178266214789, -0.000896674289834, -0.000291523523629, 0.00279176305048, -0.00442165555432, 0.00299489521421, -0.000973263231572, -0.0129042519256, 0.0286036338657, -0.013569701463, -0.0023632410448, 0.00533732539043], [-5.63681242056e-05, -7.93582075858e-05, 0.00023690375383, 0.000307476642774, -0.00132974260487, 0.00200509070419, -0.00450249854475, -0.000232507751207, 0.00361744407564, -0.013569701463, 0.0263184942305, -0.0129605717957, 3.77866235794e-05], [-0.00041014191811, 0.000640699174255, 0.000611991097685, -0.00151413539425, 7.98971668701e-05, -0.00124390609562, 0.000982486875728, -0.000976637122221, 0.0021431283094, -0.0023632410448, -0.0129605717957, 0.0311430469155, -0.0161789301783], [0.000317291734973, -0.000421337113949, -1.46002466863e-05, 0.000448063568911, -0.000995916081592, -0.000441526412033, -0.00164126593154, 0.00322471559048, -0.00321559049189, 0.00533732539043, 3.77866235794e-05, -0.0161789301783, 0.0239975955337]]}, "silence_rate_20dB": {"dvar2": 0, "var": 0, "min": 1, "dmean": 0, "mean": 1, "max": 1, "dmean2": 0, "median": 1, "dvar": 0}, "melbands_kurtosis": {"dvar2": 84601.765625, "var": 42743.0976562, "min": -1.79707121849, "dmean": 96.9443283081, "mean": 116.603019714, "max": 1641.40197754, "dmean2": 156.775238037, "median": 39.1172981262, "dvar": 34559.4140625}, "barkbands_spread": {"dvar2": 625.835205078, "var": 442.224395752, "min": 0.0268028657883, "dmean": 9.29250240326, "mean": 12.3437080383, "max": 126.422920227, "dmean2": 14.6179294586, "median": 3.76406860352, "dvar": 281.245819092}, "erbbands_skewness": {"dvar2": 6.87851715088, "var": 5.22862815857, "min": -2.97155761719, "dmean": 1.22814083099, "mean": 1.17762064934, "max": 14.2154979706, "dmean2": 1.88782393932, "median": 0.704780697823, "dvar": 2.82374763489}, "average_loudness": 0.979308605194, "spectral_centroid": {"dvar2": 832957.0625, "var": 840143.8125, "min": 41.6450233459, "dmean": 409.727905273, "mean": 848.747497559, "max": 10765.6787109, "dmean2": 617.980895996, "median": 532.852539062, "dvar": 398132.25}, "dissonance": {"dvar2": 0.00620325189084, "var": 0.00828653760254, "min": 0.0266195107251, "dmean": 0.0442901626229, "mean": 0.417878478765, "max": 0.499999970198, "dmean2": 0.0701881870627, "median": 0.452135205269, "dvar": 0.00280916877091}, "erbbands_flatness_db": {"dvar2": 0.0075873574242, "var": 0.0146296843886, "min": 0.0354793034494, "dmean": 0.0557768940926, "mean": 0.22595615685, "max": 0.557335972786, "dmean2": 0.0807656496763, "median": 0.193896532059, "dvar": 0.00416512554511}, "spectral_strongpeak": {"dvar2": 0.299085170031, "var": 0.155357897282, "min": 0, "dmean": 0.218956619501, "mean": 0.659610748291, "max": 4.50301647186, "dmean2": 0.326521724463, "median": 0.669093489647, "dvar": 0.110525906086}, "spectral_rms": {"dvar2": 7.83685027272e-06, "var": 1.73393382283e-05, "min": 3.23969301906e-12, "dmean": 0.00169320602436, "mean": 0.00728028034791, "max": 0.0163142681122, "dmean2": 0.00216268189251, "median": 0.00798651762307, "dvar": 4.39429641119e-06}, "silence_rate_60dB": {"dvar2": 0.121447660029, "var": 0.0878778919578, "min": 0, "dmean": 0.0596040003002, "mean": 0.0973469391465, "max": 1, "dmean2": 0.118824012578, "median": 0, "dvar": 0.0560518577695}, "melbands": {"dvar2": [0.000219646521145, 9.731141472e-05, 1.57224003487e-05, 1.37508104672e-05, 1.27943094412e-05, 1.89396723727e-06, 4.86742976591e-07, 5.03741944158e-07, 2.56730913861e-07, 2.88929342673e-08, 2.27255814167e-08, 5.29106678471e-08, 1.63147522159e-08, 1.59119935006e-08, 1.51918122526e-08, 8.22142443013e-09, 6.34668051447e-09, 4.56406334948e-09, 1.59092250485e-09, 1.53135404357e-09, 1.14713760713e-09, 1.72057046388e-09, 8.96960006269e-10, 2.19873078078e-10, 2.50540033164e-10, 9.16325626488e-11, 6.72083985687e-11, 6.05672734189e-11, 9.52521186925e-11, 7.78466180407e-11, 1.07269845784e-10, 1.58739424383e-10, 5.49251165383e-11, 5.85959891719e-11, 3.75091208094e-11, 5.83480555538e-11, 5.09454076147e-11, 5.80786564675e-11, 9.70251656796e-11, 1.14244710914e-10], "var": [0.000308204180328, 7.97807588242e-05, 4.61765648652e-06, 3.22330015479e-06, 2.60288879872e-06, 4.26233185635e-07, 1.07334166444e-07, 1.17820320611e-07, 6.08255064094e-08, 1.26899459829e-08, 1.56109134508e-08, 3.16956842994e-08, 6.40645003713e-09, 6.44192477139e-09, 5.64101787504e-09, 3.74013753301e-09, 3.02685854159e-09, 2.22193152766e-09, 8.16879675014e-10, 7.27601534578e-10, 6.52390419464e-10, 6.7901623213e-10, 4.000819398e-10, 9.97606858233e-11, 8.59799523245e-11, 3.49111121956e-11, 3.21438396733e-11, 3.28271611283e-11, 3.88304839671e-11, 3.61639745927e-11, 4.49478579356e-11, 4.93739632512e-11, 2.35896892298e-11, 2.01000743827e-11, 1.60838911634e-11, 3.04863148615e-11, 2.5415110988e-11, 2.7451336343e-11, 4.69918236268e-11, 5.558248653e-11], "min": [4.54757762033e-24, 6.93369055986e-24, 5.27756149746e-24, 8.97275716033e-24, 5.66923133134e-24, 5.68611453243e-24, 6.66416360981e-24, 6.00437928135e-24, 1.79149601601e-23, 1.17638732608e-23, 6.97205523226e-24, 1.4277233803e-23, 2.00115504978e-23, 3.81063204572e-24, 7.98560107823e-24, 1.00940243295e-23, 8.34644893324e-24, 9.06855642866e-24, 1.92269415528e-23, 6.92181425893e-24, 1.04916512465e-23, 9.79492298411e-24, 5.8517153691e-24, 4.99163846793e-24, 9.43449638082e-24, 1.29182473444e-23, 1.2494879896e-23, 1.50598769066e-23, 9.76968180173e-24, 8.86106234476e-24, 9.37394657318e-24, 1.18205442393e-23, 8.11446781798e-24, 8.63346019639e-24, 1.20545101286e-23, 9.61077444984e-24, 1.01122044179e-23, 1.03905910648e-23, 1.02954449733e-23, 7.89193646751e-24], "dmean": [0.00751747516915, 0.00395886413753, 0.000997655675747, 0.000819689012133, 0.000769929087255, 0.000336450873874, 0.000169404738699, 0.000149218612933, 0.000127041785163, 5.22338486917e-05, 4.55127519672e-05, 4.7167246521e-05, 3.20886574627e-05, 3.14847311529e-05, 2.63362526312e-05, 2.00555004994e-05, 1.76725134224e-05, 1.48684448504e-05, 9.86998384178e-06, 9.77536819846e-06, 8.80908010004e-06, 9.52241225605e-06, 7.65897220845e-06, 4.62487878394e-06, 4.07135485148e-06, 2.64405503003e-06, 2.46836884799e-06, 2.35367792811e-06, 2.58372483586e-06, 2.36224786931e-06, 2.59503531197e-06, 3.00369924844e-06, 2.00574731934e-06, 1.59905198416e-06, 1.50605205818e-06, 2.06141339731e-06, 1.7502738956e-06, 1.78720665645e-06, 2.19964840653e-06, 2.34979120251e-06], "mean": [0.0161521788687, 0.00810484960675, 0.000900515646208, 0.00079514895333, 0.000558161176741, 0.000235165411141, 0.000121459568618, 0.000108521140646, 9.79842297966e-05, 5.43676396774e-05, 5.48677780898e-05, 5.01390895806e-05, 2.95903118968e-05, 2.85159621853e-05, 2.36496634898e-05, 1.98375455511e-05, 1.86436536751e-05, 1.5698147763e-05, 1.0587566976e-05, 9.13287567528e-06, 9.48719025473e-06, 9.62520789471e-06, 7.33355727789e-06, 4.24205381933e-06, 3.4304100609e-06, 2.46778040491e-06, 2.28805561164e-06, 2.19862931772e-06, 2.27676969189e-06, 2.33356627177e-06, 2.34948606703e-06, 2.39968630922e-06, 1.84417660876e-06, 1.50177311298e-06, 1.41272630572e-06, 1.97325789486e-06, 1.72985050995e-06, 1.66942538726e-06, 1.99873238671e-06, 2.06524896385e-06], "max": [0.0749985128641, 0.0406335704029, 0.0208406765014, 0.017022471875, 0.0171504840255, 0.00712453201413, 0.00430551543832, 0.00455639092252, 0.0021691005677, 0.000973421672825, 0.00115571450442, 0.00245352322236, 0.00134567706846, 0.000998225295916, 0.00116126530338, 0.000767008401453, 0.000648018321954, 0.000584255903959, 0.000514997111168, 0.000327176152496, 0.000234905804973, 0.000286642229185, 0.000266812276095, 0.000132318135002, 0.000149000028614, 0.00012405202142, 8.17653053673e-05, 6.74848997733e-05, 8.29159034765e-05, 0.000100047356682, 0.000105824779894, 7.61285627959e-05, 5.2332834457e-05, 8.65674228407e-05, 5.52430865355e-05, 5.59006475669e-05, 6.13834854448e-05, 5.78879808018e-05, 7.36700749258e-05, 8.58462153701e-05], "dmean2": [0.00966749247164, 0.00596386007965, 0.00179050420411, 0.00149592105299, 0.00141710415483, 0.000606595363934, 0.000304734392557, 0.00027568792575, 0.000232822989346, 9.09098525881e-05, 7.23275661585e-05, 7.10432213964e-05, 5.14042294526e-05, 5.350750871e-05, 4.41026459157e-05, 3.19296377711e-05, 2.73075220321e-05, 2.24947671086e-05, 1.53905621119e-05, 1.55148554768e-05, 1.38992927532e-05, 1.52291340783e-05, 1.20907143355e-05, 7.67913024902e-06, 6.90832484906e-06, 4.48719129054e-06, 4.07031984651e-06, 3.88399803342e-06, 4.39452378487e-06, 3.84343002224e-06, 4.31714306615e-06, 5.19112791153e-06, 3.26561098518e-06, 2.57320925812e-06, 2.34872436522e-06, 3.26167105413e-06, 2.82764540316e-06, 2.83372992271e-06, 3.46719070876e-06, 3.76705861527e-06], "median": [0.0118559580296, 0.00522786192596, 0.000185534328921, 8.58938510646e-05, 4.09230269725e-05, 1.11568233478e-05, 1.16253058877e-05, 7.93770686869e-06, 7.82678307587e-06, 5.30919351149e-06, 2.91726928481e-06, 3.84199029213e-06, 2.5651006581e-06, 1.45777732996e-06, 1.06561265056e-06, 9.85868837233e-07, 8.15999442239e-07, 4.68588041258e-07, 6.38618416815e-07, 4.00990302296e-07, 1.12921748041e-06, 1.29387922243e-06, 6.8613996973e-07, 4.4948399136e-07, 3.24020902553e-07, 2.35662909631e-07, 1.94997952008e-07, 1.44425129633e-07, 1.46992405803e-07, 1.51206961618e-07, 1.14400869222e-07, 1.06952313672e-07, 8.81698198896e-08, 5.61095419016e-08, 3.0205061563e-08, 2.39901432053e-08, 1.74644050333e-08, 9.41105149366e-09, 6.59728627284e-09, 3.3163762847e-09], "dvar": [0.00011562727741, 4.02497498726e-05, 5.66090920984e-06, 4.81199776914e-06, 4.42566033598e-06, 6.71596239954e-07, 1.72832500311e-07, 1.77438693072e-07, 8.99301113577e-08, 1.10628981531e-08, 9.89607507051e-09, 2.51848177868e-08, 6.56095178186e-09, 6.5040222097e-09, 6.0388174461e-09, 3.38741235062e-09, 2.64986055321e-09, 1.90253612864e-09, 6.73540445639e-10, 6.61483701148e-10, 5.13381337441e-10, 6.94805379897e-10, 3.82292197898e-10, 9.25580237454e-11, 9.70572788805e-11, 3.47617074015e-11, 2.71526117562e-11, 2.45564089896e-11, 3.67720541516e-11, 3.07174702341e-11, 4.16669337922e-11, 6.01830391078e-11, 2.26819171084e-11, 2.3106159347e-11, 1.5791468827e-11, 2.69014376747e-11, 2.26828989619e-11, 2.56866403148e-11, 4.20181632543e-11, 4.93381620281e-11]}, "spectral_skewness": {"dvar2": 13.6998634338, "var": 16.742647171, "min": -0.20979014039, "dmean": 1.71969711781, "mean": 3.85581874847, "max": 27.9910945892, "dmean2": 2.66991400719, "median": 1.95309066772, "dvar": 7.10699510574}, "melbands_flatness_db": {"dvar2": 0.02511263825, "var": 0.0524007678032, "min": 0.00515578268096, "dmean": 0.107688702643, "mean": 0.451614171267, "max": 1, "dmean2": 0.147252142429, "median": 0.411177992821, "dvar": 0.0133676230907}, "spectral_decrease": {"dvar2": 1.76537164264e-16, "var": 2.88837785027e-16, "min": -7.04920637418e-08, "dmean": 7.14952852476e-09, "mean": -1.86886417453e-08, "max": 8.20100211143e-29, "dmean2": 9.5241405873e-09, "median": -1.70067959715e-08, "dvar": 1.02307200321e-16}, "erbbands_crest": {"dvar2": 38.6643257141, "var": 46.5754051208, "min": 2.23577809334, "dmean": 4.00617456436, "mean": 12.1027336121, "max": 31.0091018677, "dmean2": 6.2152762413, "median": 10.5183553696, "dvar": 18.4864616394}, "gfcc": {"mean": [-138.140350342, 114.86920929, -60.6265869141, 32.2699279785, -25.6797409058, 15.1483707428, -19.2572593689, 7.92430400848, -7.39767551422, -4.08379507065, -8.59822273254, 1.49466145039, 0.0728224143386], "cov": [[30017.2773438, -5167.21484375, -3228.71044922, 1844.8503418, -2206.4375, 1119.61120605, -963.480102539, 611.191833496, -870.590209961, 859.016662598, -259.265167236, 383.456604004, -837.672485352], [-5167.21484375, 6826.03613281, 474.717895508, -1350.94421387, 1397.61035156, -783.264953613, 894.454589844, -626.418762207, 757.615356445, -590.532348633, 140.109191895, -511.337463379, 416.083374023], [-3228.71044