{"tonal": {"thpcp": [1, 0.497895658016, 0.0488878786564, 0.0162623785436, 0.0132740288973, 0.0129784019664, 0.0122700547799, 0.0107317147776, 0.00983360037208, 0.00862748082727, 0.0066180890426, 0.00792425405234, 0.0153962746263, 0.0387653745711, 0.225191622972, 0.417514532804, 0.253747195005, 0.0400212258101, 0.0108140418306, 0.00814906321466, 0.0107664112002, 0.0121659310535, 0.0110738417134, 0.0111653078347, 0.0107766445726, 0.00958936754614, 0.0167530849576, 0.0241592116654, 0.0300528407097, 0.0512726306915, 0.0363574251533, 0.00428936211392, 0.00390730472282, 0.00894163921475, 0.0624013766646, 0.59766960144], "hpcp": {"dmean2": [0.0236481390893, 0.0208914037794, 0.022377980873, 0.020616101101, 0.0170966368169, 0.0174381174147, 0.03058068268, 0.0769164040685, 0.196529090405, 0.136674582958, 0.206674054265, 0.095599591732, 0.0299680437893, 0.0210817474872, 0.0231892354786, 0.021968010813, 0.0210319999605, 0.0188788473606, 0.0165774244815, 0.0195580385625, 0.0196549613029, 0.0201813951135, 0.0393493212759, 0.0888950973749, 0.0647962838411, 0.00842157006264, 0.00870573241264, 0.0217227302492, 0.102065958083, 0.273084849119, 0.147326990962, 0.273114115, 0.103043533862, 0.0376363098621, 0.0307153761387, 0.0279717389494], "median": [0.00168497930281, 0.00143195944838, 0.000509727862664, 0.000266510440269, 0.000239052606048, 0.00149026024155, 0.00368798337877, 0.010969016701, 0.105136401951, 0.192712292075, 0.10854677856, 0.00455127563328, 0.000466443481855, 0.000412502413383, 0.00136789004318, 0.00241700327024, 0.00166004151106, 0.000551616190933, 0.000521563517395, 0.00117773388047, 0.00669885938987, 0.0109994858503, 0.0074214246124, 0.00111816287972, 0.000379306031391, 0.000293618766591, 0.000573430384975, 0.000896087032743, 0.0148408729583, 0.515489757061, 1, 0.417893648148, 0.00316320848651, 0.00048054769286, 0.000333274248987, 0.000865332200192], "min": [0, 0, 0, 0, 0, 0, 0, 0, 0, 0, 0, 0, 0, 0, 0, 0, 0, 0, 0, 0, 0, 0, 0, 0, 0, 0, 0, 0, 0, 0, 0, 0, 0, 0, 0, 0], "dvar2": [0.0175694581121, 0.0110605666414, 0.0159078538418, 0.0144058763981, 0.0106623899192, 0.00893356651068, 0.0145941162482, 0.0314933843911, 0.0635837763548, 0.0476870685816, 0.0688176974654, 0.0403092540801, 0.0187515467405, 0.0164055731148, 0.0190175957978, 0.0135916592553, 0.0126040708274, 0.0108844349161, 0.00868175830692, 0.00880983192474, 0.00459712790325, 0.00372138223611, 0.0138568934053, 0.109146729112, 0.0586903505027, 0.00456323474646, 0.00680770678446, 0.0164921563119, 0.0417456142604, 0.0808704569936, 0.0806696340442, 0.0900204628706, 0.0568118318915, 0.0295644178987, 0.0256001297385, 0.0252760946751], "dvar": [0.00589951919392, 0.00362407485954, 0.00549314310774, 0.00499735819176, 0.00361613091081, 0.00305371917784, 0.00499948207289, 0.0107968784869, 0.022558581084, 0.022662518546, 0.0254206787795, 0.0135459667072, 0.00605488289148, 0.00521676475182, 0.00607667677104, 0.00454252772033, 0.00412904843688, 0.00363140972331, 0.00292212353088, 0.00281946058385, 0.00154701177962, 0.0013443462085, 0.00423991074786, 0.0317281149328, 0.017236949876, 0.00142213597428, 0.002177009359, 0.00539017422125, 0.01431095507, 0.0279744826257, 0.0319655686617, 0.0308515354991, 0.0190800838172, 0.0101984711364, 0.00861728284508, 0.00863465480506], "dmean": [0.0130123039708, 0.0113418251276, 0.0119754029438, 0.0109824417159, 0.00898700393736, 0.00919998250902, 0.0164451114833, 0.0411754995584, 0.111307069659, 0.104007206857, 0.120489887893, 0.0506452061236, 0.0155283967033, 0.0110132228583, 0.0124579556286, 0.0121351704001, 0.011399526149, 0.0104079255834, 0.00926634948701, 0.010647399351, 0.01147192996, 0.012701028958, 0.0216318629682, 0.0455033741891, 0.0331845507026, 0.00438596168533, 0.00455820281059, 0.0112642003223, 0.0561535209417, 0.156809091568, 0.0886149331927, 0.155679285526, 0.0559288598597, 0.0200332459062, 0.0164314284921, 0.015079065226], "max": [1, 1, 1, 1, 1, 1, 1, 1, 1, 1, 1, 1, 1, 1, 1, 1, 1, 1, 1, 1, 1, 1, 1, 1, 1, 1, 1, 1, 1, 1, 1, 1, 1, 1, 1, 1], "var": [0.00396354869008, 0.00240027415566, 0.00366465910338, 0.00333664403297, 0.00207337504253, 0.0017709058011, 0.00304509070702, 0.00747395958751, 0.0438498258591, 0.130135253072, 0.0586829707026, 0.00937864836305, 0.00335971894674, 0.00294694001786, 0.00358576909639, 0.00278164912015, 0.00270671863109, 0.00346690323204, 0.00322706322186, 0.0019890491385, 0.00112137664109, 0.00129212019965, 0.00419529573992, 0.0324603691697, 0.0169783253223, 0.000782493560109, 0.00119628931861, 0.00326304044574, 0.0129691800103, 0.0597170963883, 0.0858626887202, 0.0514545030892, 0.0139014869928, 0.0071857701987, 0.00618108781055, 0.00605746777728], "mean": [0.0103217670694, 0.00902769062668, 0.00827218219638, 0.00725757516921, 0.00556724239141, 0.00666600931436, 0.0129515929148, 0.0326100550592, 0.189434796572, 0.351219922304, 0.213456198573, 0.0336664952338, 0.00909694563597, 0.00685512227938, 0.00905687734485, 0.0102341761813, 0.00931549351662, 0.00939243566245, 0.00906548649073, 0.00806672964245, 0.0140929641202, 0.0203231163323, 0.0252809319645, 0.0431313589215, 0.0305844489485, 0.00360828009434, 0.0032868871931, 0.00752185052261, 0.0524930395186, 0.502769231796, 0.841216027737, 0.418837815523, 0.0411252677441, 0.0136801740155, 0.0111663257703, 0.0109176393598]}, "tuning_equal_tempered_deviation": 0.0224899314344, "chords_changes_rate": 0.00500568840653, "key_key": "C", "tuning_diatonic_strength": 0.647465527058, "key_scale": "major", "chords_number_rate": 0.00034129692358, "tuning_frequency": 440.508575439, "tuning_nontempered_energy_ratio": 0.625178217888, "chords_histogram": [94.7667770386, 0.978384554386, 0, 0, 0, 0, 2.02502846718, 0, 0, 0.0682593882084, 0, 0, 0, 0, 0, 0, 0.386803179979, 1.0466439724, 0, 0, 0, 0, 0, 0.728100121021], "key_strength": 0.736530005932, "chords_key": "C", "chords_strength": {"dmean2": 0.00447312463075, "median": 0.663008332253, "min": 0.294244974852, "dvar2": 2.40081590164e-05, "dvar": 1.52839565999e-05, "dmean": 0.0034796835389, "max": 0.842870116234, "var": 0.00590487616137, "mean": 0.650521695614}, "chords_scale": "major", "hpcp_entropy": {"dmean2": 0.962780594826, "median": 1.75123858452, "min": 0, "dvar2": 0.591333866119, "dvar": 0.206583917141, "dmean": 0.557324707508, "max": 4.36039018631, "var": 0.478641659021, "mean": 1.82347536087}}, "metadata": {"audio_properties": {"equal_loudness": 0, "codec": "flac", "downmix": "mix", "sample_rate": 44100, "analysis_sample_rate": 44100, "bit_rate": 0, "md5_encoded": "50ace78ba917e1806b30a41582f64ea6", "length": 408.128173828, "replay_gain": -3.28377723694, "lossless": true}, "version": {"essentia_build_sha": "70f2e5ece6736b2c40cc944ad0e695b16b925413", "essentia": "2.1-beta2", "extractor": "music 1.0", "essentia_git_sha": "v2.1_beta2"}, "tags": {"title": ["Appearance"], "media": ["Digital Media"], "albumartist": ["Alphaxone"], "tracktotal": ["9"], "musicbrainz_releasegroupid": ["55b7b9e1-0cf4-403a-bf62-4cb68a30a5a5"], "releasetype": ["album"], "musicbrainz_recordingid": ["17c0c12f-500e-4965-b575-6ffb67ca22c3"], "originalyear": ["2015"], "musicbrainz_releasetrackid": ["24e1f55c-92ac-4889-8a3a-ec2f4a788de1"], "discnumber": ["1"], "album": ["Absence of Motion"], "releasecountry": ["XW"], "musicbrainz_albumartistid": ["5a189716-da5c-4fb6-b208-cb1a8a78fb08"], "albumartistsort": ["Alphaxone"], "date": ["2015-08-25"], "file_name": "02_Appearance.flac", "disctotal": ["1"], "acoustid_id": ["f7dac46e-fb5b-4e9b-bcc6-21832fc6378e"], "musicbrainz_artistid": ["5a189716-da5c-4fb6-b208-cb1a8a78fb08"], "originaldate": ["2015-08-25"], "musicbrainz_albumid": ["0d1dc358-ad18-4d11-8b91-9dc0ab4e5515"], "tracknumber": ["2"], "artistsort": ["Alphaxone"], "artist": ["Alphaxone"], "label": ["Cryo Chamber"], "totaltracks": ["9"], "totaldiscs": ["1"], "script": ["Latn"], "releasestatus": ["official"]}}, "rhythm": {"bpm_histogram_first_peak_bpm": {"dmean2": 0, "median": 140, "min": 140, "dvar2": 0, "dvar": 0, "dmean": 0, "max": 140, "var": 0, "mean": 140}, "bpm": 138.982269287, "bpm_histogram_second_peak_spread": {"dmean2": 0, "median": 0.609756112099, "min": 0.609756112099, "dvar2": 0, "dvar": 0, "dmean": 0, "max": 0.609756112099, "var": 0, "mean": 0.609756112099}, "bpm_histogram_first_peak_weight": {"dmean2": 0, "median": 0.085580304265, "min": 0.085580304265, "dvar2": 0, "dvar": 0, "dmean": 0, "max": 0.085580304265, "var": 0, "mean": 0.085580304265}, "onset_rate": 0.602721452713, "beats_position": [0.348299324512, 0.719818592072, 1.09133780003, 1.46285712719, 1.83437633514, 2.20589566231, 2.57741498947, 2.94893407822, 3.32045340538, 3.69197273254, 4.07510185242, 4.45823097229, 4.82975053787, 5.20126962662, 5.5727891922, 5.94430828094, 6.31582736969, 6.6989569664, 7.08208608627, 7.55809497833, 8.03410434723, 8.498503685, 9.03256225586, 9.55501079559, 10.0890703201, 10.623128891, 11.1571884155, 11.6912469864, 12.2136955261, 12.7361450195, 13.2585935593, 13.7810430527, 14.3034915924, 14.8259410858, 15.3599996567, 15.9056682587, 16.4397277832, 16.9737873077, 17.5078449249, 18.0419044495, 18.575963974, 19.1100215912, 19.6440811157, 20.1781406403, 20.7121982574, 21.3043079376, 21.8964176178, 22.4885253906, 23.0806350708, 23.6727428436, 24.2532424927, 24.8453502655, 25.37940979, 25.9250793457, 26.470746994, 27.0048065186, 27.5388660431, 28.0613155365, 28.5605430603, 29.0713825226, 29.5822219849, 30.0930614471, 30.5922889709, 31.0915184021, 31.6023578644, 32.1131973267, 32.6008148193, 33.111656189, 33.6224937439, 34.121723175, 34.63256073, 35.1434020996, 35.6542396545, 36.118637085, 36.5830383301, 37.0358276367, 37.5002250671, 37.9646263123, 38.4290237427, 38.8702049255, 39.3229942322, 39.7757797241, 40.2401809692, 40.7045783997, 41.1689796448, 41.6333770752, 42.0977783203, 42.5621757507, 43.0149650574, 43.467754364, 43.9321517944, 44.3849411011, 44.8377304077, 45.2905197144, 45.743309021, 46.1844902039, 46.6140594482, 47.0436286926, 47.473197937, 47.9027671814, 48.3323364258, 48.7619056702, 49.1682548523, 49.5746040344, 49.9809532166, 50.3756904602, 50.7820396423, 51.1883888245, 51.5947380066, 51.9894790649, 52.3958282471, 52.8021774292, 53.2085266113, 53.6380958557, 54.0792732239, 54.5204544067, 54.9616317749, 55.4144210815, 55.8555984497, 56.3083877563, 56.7495689392, 57.1907463074, 57.643535614, 58.0731048584, 58.5026741028, 58.9438552856, 59.37342453, 59.7913818359, 60.2093429565, 60.6505203247, 61.1033096313, 61.556098938, 61.9972763062, 62.473285675, 62.9492950439, 63.4369163513, 63.9013137817, 64.3657150269, 64.8301086426, 65.2945098877, 65.8401794434, 66.385848999, 66.9199066162, 67.4423599243, 67.964805603, 68.4872512817, 69.0097045898, 69.5321502686, 70.0081634521, 70.4957809448, 70.9833984375, 71.4594116211, 71.9354171753, 72.423034668, 72.8990478516, 73.3750534058, 73.8626708984, 74.3502960205, 74.8263015747, 75.3023147583, 75.789932251, 76.2775497437, 76.7651672363, 77.252784729, 77.6823577881, 78.1119232178, 78.5414962769, 78.9710617065, 79.4006347656, 79.8302001953, 80.2713851929, 80.7009506226, 81.1305236816, 81.5717010498, 81.9896621704, 82.4192276001, 82.8487930298, 83.3248062134, 83.8008117676, 84.2768249512, 84.7063903809, 85.1359634399, 85.5655288696, 86.0067138672, 86.4478912354, 86.900680542, 87.3418579102, 87.7946472168, 88.235824585, 88.6886138916, 89.1414031982, 89.6058044434, 90.0702056885, 90.5229949951, 90.9757843018, 91.4401779175, 91.9045791626, 92.3457565308, 92.7869338989, 93.216506958, 93.6460723877, 94.0872573853, 94.5284347534, 94.946395874, 95.3643493652, 95.7823104858, 96.2118835449, 96.6530609131, 97.0826263428, 97.5238113403, 98.0810852051, 98.6267547607, 99.1724243164, 99.7297058105, 100.286979675, 100.844261169, 101.343490601, 101.831108093, 102.330337524, 102.817955017, 103.305580139, 103.793197632, 104.187934875, 104.582672119, 104.977409363, 105.383758545, 105.790107727, 106.196456909, 106.602806091, 106.997550964, 107.392288208, 107.79863739, 108.193374634, 108.599723816, 109.017684937, 109.424034119, 109.830383301, 110.236732483, 110.643081665, 111.037818909, 111.479003906, 111.920181274, 112.349746704, 112.790924072, 113.220497131, 113.650062561, 114.07963562, 114.520812988, 114.961990356, 115.391563416, 115.914009094, 116.424850464, 116.924079895, 117.400085449, 117.887710571, 118.375328064, 118.851333618, 119.327346802, 119.814964294, 120.290969849, 120.720542908, 121.150108337, 121.579681396, 122.009246826, 122.450431824, 122.879997253, 123.297958374, 123.727523804, 124.157096863, 124.575057983, 125.039451599, 125.527069092, 126.003082275, 126.502311707, 127.013153076, 127.523986816, 128.034820557, 128.545669556, 129.044891357, 129.544128418, 130.04335022, 130.554199219, 131.030197144, 131.517822266, 132.005432129, 132.446624756, 132.887802124, 133.328979492, 133.77015686, 134.19972229, 134.62928772, 135.070480347, 135.511657715, 135.952835083, 136.394012451, 136.835189819, 137.264755249, 137.705932617, 138.135513306, 138.565078735, 138.994644165, 139.424209595, 139.853790283, 140.271743774, 140.701309204, 141.130874634, 141.572067261, 142.013244629, 142.466033936, 142.907211304, 143.36000061, 143.801177979, 144.242355347, 144.671920776, 145.113098145, 145.565887451, 146.018676758, 146.471466064, 146.912643433, 147.35383606, 147.806625366, 148.259414673, 148.665756226, 149.083709717, 149.501678467, 149.90802002, 150.32598877, 150.755554199, 151.185119629, 151.603088379, 152.044265747, 152.462219238, 152.891784668, 153.332962036, 153.774139404, 154.203720093, 154.598449707, 155.004806519, 155.411148071, 155.805892944, 156.200637817, 156.595367432, 156.990112305, 157.384857178, 157.779586792, 158.162719727, 158.545852661, 158.928970337, 159.32371521, 159.706848145, 160.089981079, 160.473098755, 160.867843628, 161.262588501, 161.645706177, 162.086883545, 162.528076172, 162.96925354, 163.410430908, 163.839996338, 164.281173706, 164.710739136, 165.151931763, 165.581497192, 165.999450684, 166.429016113, 166.858596802, 167.288162231, 167.717727661, 168.263397217, 168.809066772, 169.34312439, 169.935241699, 170.538955688, 171.131057739, 171.723175049, 172.3152771, 172.919006348, 173.534332275, 174.161270142, 174.776596069, 175.484802246, 176.193008423, 176.912826538, 177.632644653, 178.32925415, 179.01423645, 179.69921875, 180.395828247, 181.092422485, 181.777404785, 182.462402344, 183.147384644, 183.843994141, 184.517364502, 185.190750122, 185.875732422, 186.549118042, 187.24571228, 187.942306519, 188.638900757, 189.335510254, 190.032104492, 190.72869873, 191.425308228, 192.121902466, 192.818496704, 193.503494263, 194.188476562, 194.885070801, 195.593276978, 196.301498413, 197.00970459, 197.717910767, 198.414505005, 199.122711182, 199.738052368, 200.364990234, 200.968704224, 201.572418213, 202.152923584, 202.733413696, 203.302307129, 203.871200562, 204.440093994, 205.008972168, 205.612701416, 206.204803467, 206.796905518, 207.377410889, 207.95791626, 208.550018311, 209.142120361, 209.711013794, 210.279907227, 210.860397339, 211.406066895, 211.95173645, 212.485794067, 213.019866943, 213.553924561, 214.076370239, 214.598815918, 215.132873535, 215.655319214, 216.177780151, 216.70022583, 217.234283447, 217.756729126, 218.279174805, 218.778411865, 219.266021729, 219.753646851, 220.252868652, 220.752105713, 221.251327515, 221.750564575, 222.249786377, 222.749023438, 223.225036621, 223.701034546, 224.177047729, 224.676269531, 225.163894653, 225.651519775, 226.139129639, 226.615142822, 227.091156006, 227.578765869, 228.054779053, 228.530792236, 228.960357666, 229.389923096, 229.819503784, 230.249069214, 230.655410767, 231.061767578, 231.479721069, 231.886077881, 232.304031372, 232.733596802, 233.151565552, 233.569519043, 233.975875854, 234.393829346, 234.811782837, 235.229751587, 235.63609314, 236.042449951, 236.448791504, 236.843536377, 237.238265991, 237.656234741, 238.016143799, 238.376052856, 238.724349976, 239.072647095, 239.432556152, 239.79246521, 240.152374268, 240.512283325, 240.872192383, 241.23210144, 241.58039856, 241.928695679, 242.277008057, 242.625305176, 242.973602295, 243.321899414, 243.681808472, 244.041717529, 244.401626587, 244.761535645, 245.133056641, 245.504577637, 245.864486694, 246.23600769, 246.595916748, 246.955825806, 247.315734863, 247.675643921, 248.035552979, 248.395462036, 248.766983032, 249.12689209, 249.486801147, 249.858322144, 250.218231201, 250.578140259, 250.938049316, 251.414047241, 251.890060425, 252.377685547, 252.958175659, 253.550292969, 254.130783081, 254.711288452, 255.303390503, 255.895507812, 256.487609863, 257.068115234, 257.660217285, 258.252319336, 258.832824707, 259.413330078, 259.982208252, 260.481445312, 260.980682373, 261.479919434, 261.886260986, 262.292602539, 262.698944092, 263.105316162, 263.500030518, 263.906402588, 264.32434082, 264.730712891, 265.137054443, 265.543395996, 265.949737549, 266.356109619, 266.762451172, 267.168792725, 267.563537598, 267.96987915, 268.376220703, 268.782592773, 269.188934326, 269.583679199, 269.990020752, 270.396362305, 270.814331055, 271.232299805, 271.638641357, 272.068206787, 272.497772217, 272.927337646, 273.438171387, 273.960632324, 274.471466064, 275.075195312, 275.667297363, 276.271026611, 276.874725342, 277.47845459, 278.058959961, 278.639465332, 279.219940186, 279.800445557, 280.380950928, 280.949829102, 281.530334473, 282.099212646, 282.656494141, 283.225402832, 283.805877686, 284.374786377, 284.955291748, 285.454498291, 285.965332031, 286.476196289, 286.975402832, 287.474639893, 287.973876953, 288.484710693, 288.995544434, 289.506378174, 290.005615234, 290.504852295, 291.004089355, 291.526519775, 292.048980713, 292.559814453, 293.070648193, 293.569885254, 294.069122314, 294.568328857, 295.055969238, 295.543579102, 296.042816162, 296.542022705, 297.052886963, 297.447601318, 297.842346191, 298.237091064, 298.631835938, 299.026580811, 299.432922363, 299.839263916, 300.234008789, 300.628753662, 301.035095215, 301.418212891, 301.812957764, 302.207702637, 302.60244751, 302.997192383, 303.322265625, 303.647338867, 303.995635986, 304.343933105, 304.738677979, 305.133422852, 305.528167725, 305.92288208, 306.387298584, 306.840087891, 307.292877197, 307.757263184, 308.21005249, 308.686065674, 309.150482178, 309.591644287, 310.032836914, 310.473999023, 310.91519165, 311.35635376, 311.809143066, 312.28515625, 312.749572754, 313.21395874, 313.678375244, 314.15435791, 314.630371094, 315.129608154, 315.617218018, 316.116455078, 316.615692139, 317.114929199, 317.602539062, 318.101776123, 318.600982666, 319.088623047, 319.57623291, 320.075469971, 320.574676514, 321.097137451, 321.619598389, 322.142028809, 322.664489746, 323.198547363, 323.720977783, 324.289886475, 324.870391846, 325.450866699, 326.03137207, 326.611877441, 327.145935059, 327.668395996, 328.190826416, 328.678466797, 329.17767334, 329.665313721, 330.152923584, 330.652160645, 331.139770508, 331.650604248, 332.161437988, 332.660675049, 333.159912109, 333.659118652, 334.158355713, 334.645965576, 335.12197876, 335.609619141, 336.097229004, 336.573242188, 337.072479248, 337.560089111, 338.047698975, 338.523712158, 338.999725342, 339.475738525, 339.963348389, 340.439361572, 340.915374756, 341.402984619, 341.878997803, 342.355010986, 342.83102417, 343.307037354, 343.78302002, 344.259033203, 344.735046387, 345.21105957, 345.675445557, 346.139862061, 346.56942749, 346.99899292, 347.440185547, 347.869750977, 348.299316406, 348.740478516, 349.251342773, 349.750549316, 350.249786377, 350.760620117, 351.259857178, 351.770690918, 352.281524658, 352.780761719, 353.268371582, 353.756011963, 354.255218506, 354.766082764, 355.369781494, 355.961883545, 356.542388916, 357.122894287, 357.703399658, 358.283905029, 358.864379883, 359.433288574, 359.909301758, 360.396911621, 360.884521484, 361.372161865, 361.859771729, 362.347381592, 362.846618652, 363.345855713, 363.833465576, 364.332702637, 364.83190918, 365.342773438, 365.865203857, 366.387664795, 366.910095215, 367.432556152, 367.95501709, 368.47744751, 369.011505127, 369.533966064, 370.079620361, 370.636901855, 371.19418335, 371.751464844, 372.308746338, 372.866027832, 373.411682129, 373.957366943, 374.514648438, 375.060302734, 375.617584229, 376.163269043, 376.70892334, 377.242980957, 377.695770264, 378.160186768, 378.624572754, 379.100585938, 379.576599121, 380.052612305, 380.505401611, 380.946563721, 381.387756348, 381.828918457, 382.246887207, 382.664855957, 383.082794189, 383.48916626, 383.907104492, 384.325073242, 384.731414795, 385.137756348, 385.544128418, 385.950469971, 386.356811523, 386.751556396, 387.14630127, 387.541046143, 387.935760498, 388.342132568, 388.748474121, 389.154815674, 389.561157227, 389.9559021, 390.36227417, 390.756988525, 391.128509521, 391.488433838, 391.859954834, 392.23147583, 392.602996826, 392.962890625, 393.334411621, 393.705932617, 394.158721924, 394.61151123, 395.075897217, 395.586761475, 396.097595215, 396.608428955, 397.119262695, 397.618499756, 398.129333496, 398.628570557, 399.11618042, 399.603790283, 400.149475098, 400.683532715, 401.217590332, 401.74005127, 402.262481689, 402.76171875, 403.260955811, 403.760162354, 404.259399414, 404.770233154, 405.281066895, 405.791931152, 406.302764893, 406.813598633, 407.324432373], "beats_loudness": {"dmean2": 0.0841234847903, "median": 0.0947591885924, "min": 2.12647955777e-05, "dvar2": 0.00520931556821, "dvar": 0.00186832679901, "dmean": 0.0479495823383, "max": 0.349524140358, "var": 0.0038353165146, "mean": 0.0995161682367}, "danceability": 1.25545835495, "bpm_histogram_second_peak_weight": {"dmean2": 0, "median": 0.0750293061137, "min": 0.0750293061137, "dvar2": 0, "dvar": 0, "dmean": 0, "max": 0.0750293061137, "var": 0, "mean": 0.0750293061137}, "beats_count": 854, "bpm_histogram_second_peak_bpm": {"dmean2": 0, "median": 120, "min": 120, "dvar2": 0, "dvar": 0, "dmean": 0, "max": 120, "var": 0, "mean": 120}, "bpm_histogram_first_peak_spread": {"dmean2": 0, "median": 0.573099374771, "min": 0.573099374771, "dvar2": 0, "dvar": 0, "dmean": 0, "max": 0.573099374771, "var": 0, "mean": 0.573099374771}, "beats_loudness_band_ratio": {"dmean2": [0.106496348977, 0.161403417587, 0.0338233374059, 0.0131719661877, 0.00397527683526, 0.00127517257351], "median": [0.925735592842, 0.105359137058, 0.0160170160234, 0.00712316017598, 0.00195385725237, 0.000251795718214], "min": [0.514824986458, 0.00132581498474, 0.00168143061455, 0.000615417724475, 0.000168424405274, 5.64245101486e-06], "dvar2": [0.0114517062902, 0.0237378198653, 0.00163744727615, 0.000348897709046, 4.76911700389e-05, 1.01225105027e-05], "dvar": [0.00416596233845, 0.00844882335514, 0.000567329523619, 0.000124568890897, 1.74635824806e-05, 3.75399804398e-06], "dmean": [0.0606337040663, 0.0929676145315, 0.0186581462622, 0.00741703528911, 0.00224987720139, 0.000732158776373], "max": [0.990811884403, 0.664188027382, 0.196662992239, 0.178292870522, 0.0612579211593, 0.0323948450387], "var": [0.00425661029294, 0.00909675378352, 0.000476576591609, 0.000149341751239, 1.75003988261e-05, 5.8729237935e-06], "mean": [0.909378826618, 0.126768305898, 0.0224388279021, 0.0103789204732, 0.00309075647965, 0.000966663239524]}}, "lowlevel": {"barkbands_spread": {"dmean2": 1.38177549839, "median": 2.6935915947, "min": 0.366708397865, "dvar2": 5.42783641815, "dvar": 1.99899947643, "dmean": 0.862566947937, "max": 94.418838501, "var": 4.97113180161, "mean": 3.17999744415}, "melbands_spread": {"dmean2": 1.12880349159, "median": 2.06045746803, "min": 0.406881898642, "dvar2": 3.66349577904, "dvar": 1.48951649666, "dmean": 0.722314178944, "max": 85.3295516968, "var": 3.33352637291, "mean": 2.49326610565}, "hfc": {"dmean2": 3.29732012749, "median": 11.8019018173, "min": 6.05810498655e-07, "dvar2": 8.85885715485, "dvar": 4.33756732941, "dmean": 2.27707362175, "max": 42.9187240601, "var": 55.4647521973, "mean": 12.39108181}, "barkbands_kurtosis": {"dmean2": 13.2257928848, "median": 20.2763595581, "min": -0.268610477448, "dvar2": 339.134033203, "dvar": 120.272285461, "dmean": 8.36490535736, "max": 200.543670654, "var": 324.812896729, "mean": 24.9404239655}, "gfcc": {"mean": [-82.7192764282, 193.114517212, -81.2477035522, 23.2472229004, -12.3844976425, 11.7361478806, -22.2011642456, -1.74330794811, -15.189535141, -8.45283699036, 0.872552037239, -14.5854091644, -3.38330554962], "icov": [[0.000439922558144, -0.00090279255528, 0.000206699260161, -0.0010924275266, 0.000386765430449, -0.000939730671234, 0.000743479002267, -0.000911645474844, 0.000536627601832, -6.37260018266e-05, 0.000241025263676, -0.000111571942398, 6.84224578436e-05], [-0.00090279255528, 0.0260094627738, -0.00473359460011, 0.0250564794987, -0.00627147872001, 0.0221430025995, -0.00780227314681, 0.0216620769352, -0.0134907364845, 0.0142292929813, -0.0117401732132, 0.0107310954481, -0.0140814324841], [0.000206699260161, -0.00473359460011, 0.00552722951397, -0.00461789080873, 0.00125867989846, -0.00680820690468, 0.00266788736917, -0.00286204600707, 0.0038088853471, -0.00306181772612, 0.00223826803267, -0.000760649272706, 0.00283549167216], [-0.0010924275266, 0.0250564794987, -0.00461789080873, 0.0324225351214, -0.00402512634173, 0.0208543427289, -0.00988603383303, 0.0196191128343, -0.0111334118992, 0.0128160137683, -0.00991587899625, 0.00955959968269, -0.0110448757187], [0.000386765430449, -0.00627147872001, 0.00125867989846, -0.00402512634173, 0.00793246366084, -0.00313290534541, 0.000209675665246, -0.005582917016, 0.00383469206281, -0.0010902233189, 0.00221319845878, -0.0024847285822, 0.00333864381537], [-0.000939730671234, 0.0221430025995, -0.00680820690468, 0.0208543427289, -0.00313290534541, 0.0270278248936, -0.00520593253896, 0.0168893113732, -0.0132393650711, 0.0122015755624, -0.0088828234002, 0.00726293446496, -0.0103587852791], [0.000743479002267, -0.00780227314681, 0.00266788736917, -0.00988603383303, 0.000209675665246, -0.00520593253896, 0.0114022931084, -0.00497460318729, 0.00160602596588, -0.00759539706632, 0.00616970984265, -0.000234296821873, 0.00395875889808], [-0.000911645474844, 0.0216620769352, -0.00286204600707, 0.0196191128343, -0.005582917016, 0.0168893113732, -0.00497460318729, 0.0259682051837, -0.00947466865182, 0.0093435626477, -0.010543435812, 0.00963852740824, -0.00840957276523], [0.000536627601832, -0.0134907364845, 0.0038088853471, -0.0111334118992, 0.00383469206281, -0.0132393650711, 0.00160602596588, -0.00947466865182, 0.0188733097166, -0.00586632313207, 0.00445107324049, -0.00850860308856, 0.00990414433181], [-6.37260018266e-05, 0.0142292929813, -0.00306181772612, 0.0128160137683, -0.0010902233189, 0.0122015755624, -0.00759539706632, 0.0093435626477, -0.00586632313207, 0.0220462679863, -0.00496690021828, 0.00350496079773, -0.012860477902], [0.000241025263676, -0.0117401732132, 0.00223826803267, -0.00991587899625, 0.00221319845878, -0.0088828234002, 0.00616970984265, -0.010543435812, 0.00445107324049, -0.00496690021828, 0.0190300643444, -0.00393598387018, 0.00581588502973], [-0.000111571942398, 0.0107310954481, -0.000760649272706, 0.00955959968269, -0.0024847285822, 0.00726293446496, -0.000234296821873, 0.00963852740824, -0.00850860308856, 0.00350496079773, -0.00393598387018, 0.0197876356542, -0.00360909104347], [6.84224578436e-05, -0.0140814324841, 0.00283549167216, -0.0110448757187, 0.00333864381537, -0.0103587852791, 0.00395875889808, -0.00840957276523, 0.00990414433181, -0.012860477902, 0.00581588502973, -0.00360909104347, 0.0246281716973]], "cov": [[3395.83789062, -470.49041748, 241.689163208, 83.6540527344, -265.990264893, 314.845550537, -409.212188721, 174.405105591, -76.32006073, -121.722351074, 84.4685134888, 5.03395366669, -27.0176029205], [-470.49041748, 1578.60449219, -270.199188232, -378.906341553, 437.494049072, -516.83770752, 224.465240479, -372.903747559, 95.6519927979, -118.25554657, 105.451133728, -141.424804688, 179.123535156], [241.689163208, -270.199188232, 366.460357666, 38.4516525269, -120.77331543, 196.4375, -127.470344543, 37.1615066528, -35.868057251, -1.88587999344, -4.66231393814, 14.8175392151, -31.2218837738], [83.6540527344, -378.906341553, 38.4516525269, 190.733337402, -96.1341705322, 71.6292419434, 11.8712739944, 59.8386116028, -23.6997928619, 36.0936813354, -36.8948822021, 17.7252941132, -34.3932571411], [-265.990264893, 437.494049072, -120.77331543, -96.1341705322, 292.614105225, -177.834686279, 96.3893432617, -66.6312789917, 8.99171733856, -34.9701461792, 21.563949585, -40.4151077271, 36.0697746277], [314.845550537, -516.83770752, 196.4375, 71.6292419434, -177.834686279, 318.942077637, -139.93901062, 92.0559158325, 5.14074373245, -1.55313587189, -12.2258367538, 57.0736465454, -66.3185348511], [-409.212188721, 224.465240479, -127.470344543, 11.8712739944, 96.3893432617, -139.93901062, 252.875411987, -65.4394683838, 22.2413444519, 49.9972457886, -40.7448654175, -37.1859512329, 35.8945655823], [174.405105591, -372.903747559, 37.1615066528, 59.8386116028, -66.6312789917, 92.0559158325, -65.4394683838, 190.791046143, -27.7201461792, 17.7630119324, 0.503911375999, 16.7019519806, -44.9689903259], [-76.32006073, 95.6519927979, -35.868057251, -23.6997928619, 8.99171733856, 5.14074373245, 22.2413444519, -27.7201461792, 114.189605713, -17.472826004, 9.25277233124, 21.5718460083, -17.7628765106], [-121.722351074, -118.25554657, -1.88587999344, 36.0936813354, -34.9701461792, -1.55313587189, 49.9972457886, 17.7630119324, -17.472826004, 110.75945282, -28.4919071198, 5.56870794296, 23.6522521973], [84.4685134888, 105.451133728, -4.66231393814, -36.8948822021, 21.563949585, -12.2258367538, -40.7448654175, 0.503911375999, 9.25277233124, -28.4919071198, 91.9984741211, -4.97269630432, 1.65184259415], [5.03395366669, -141.424804688, 14.8175392151, 17.7252941132, -40.4151077271, 57.0736465454, -37.1859512329, 16.7019519806, 21.5718460083, 5.56870794296, -4.97269630432, 87.3620986938, -25.2578163147], [-27.0176029205, 179.123535156, -31.2218837738, -34.3932571411, 36.0697746277, -66.3185348511, 35.8945655823, -44.9689903259, -17.7628765106, 23.6522521973, 1.65184259415, -25.2578163147, 92.7593765259]]}, "spectral_energyband_middle_low": {"dmean2": 0.00574323022738, "median": 0.0139587698504, "min": 1.32164574423e-11, "dvar2": 3.87084255635e-05, "dvar": 1.72487125383e-05, "dmean": 0.00383847998455, "max": 0.10093203932, "var": 0.000169236343936, "mean": 0.0163954067975}, "melbands_crest": {"dmean2": 3.15278792381, "median": 22.6765861511, "min": 6.81302547455, "dvar2": 11.6533384323, "dvar": 4.24182367325, "dmean": 2.05042934418, "max": 36.6345100403, "var": 23.9198150635, "mean": 22.2073516846}, "spectral_kurtosis": {"dmean2": 17.1313762665, "median": 20.304649353, "min": 1.44812965393, "dvar2": 318.790863037, "dvar": 102.228462219, "dmean": 9.56816101074, "max": 137.476104736, "var": 309.315856934, "mean": 24.4433269501}, "spectral_rms": {"dmean2": 0.00177344377153, "median": 0.00903426110744, "min": 4.36617511923e-07, "dvar2": 2.08055666917e-06, "dvar": 9.23482559756e-07, "dmean": 0.00121546396986, "max": 0.0192448738962, "var": 1.15113816719e-05, "mean": 0.00888670608401}, "zerocrossingrate": {"dmean2": 0.00285765109584, "median": 0.0087890625, "min": 0.001953125, "dvar2": 1.0642927009e-05, "dvar": 7.56502140575e-06, "dmean": 0.00206265971065, "max": 0.39013671875, "var": 3.68205364794e-05, "mean": 0.0099909324199}, "silence_rate_60dB": {"dmean2": 0.00455166120082, "median": 0, "min": 0, "dvar2": 0.00566734746099, "dvar": 0.00227101240307, "dmean": 0.00227570114657, "max": 1, "var": 0.0255880933255, "mean": 0.0262828543782}, "erbbands_kurtosis": {"dmean2": 1.33255636692, "median": 0.186460494995, "min": -1.76287722588, "dvar2": 2.23853039742, "dvar": 0.874936401844, "dmean": 0.821443259716, "max": 33.2325401306, "var": 3.19754886627, "mean": 0.652079463005}, "erbbands": {"dmean2": [0.347962498665, 7.3498468399, 14.3964853287, 7.018491745, 16.0073757172, 12.3976669312, 6.9455537796, 6.06932973862, 6.50898170471, 7.6045665741, 2.80878901482, 8.67857646942, 6.63135099411, 4.14705514908, 8.44113063812, 5.1080083847, 7.49087715149, 7.01074886322, 2.56005001068, 4.5113697052, 1.43493294716, 1.49996817112, 0.601858496666, 0.606741309166, 1.05094778538, 0.6165112257, 0.225454896688, 0.0965334102511, 0.0358171798289, 0.0690841600299, 0.0547806695104, 0.053849324584, 0.0669264793396, 0.0382958948612, 0.0122287468985, 0.00276995799504, 0.000873833661899, 0.000112764704681, 1.7529768229e-05, 3.65022387996e-05], "median": [0.455018401146, 10.0068826675, 32.9615211487, 10.8936128616, 25.7389335632, 17.5778808594, 9.40307235718, 10.5117492676, 10.0112495422, 4.58368396759, 2.67382240295, 5.77249336243, 4.47877979279, 3.68380737305, 6.04972171783, 4.56341457367, 5.81130409241, 5.79281616211, 2.70845794678, 2.23686790466, 1.34253978729, 1.02257525921, 0.507876992226, 0.450680613518, 0.297862142324, 0.241133242846, 0.0804642140865, 0.0280118193477, 0.0103570707142, 0.0157121494412, 0.0171149466187, 0.0158893279731, 0.00851813517511, 0.0035209141206, 0.00144293881021, 0.000549550226424, 0.000148609804455, 1.89731308637e-05, 4.24806712545e-05, 9.11760143936e-05], "min": [2.37841102368e-09, 8.75592820471e-10, 2.27304575162e-09, 4.07637967825e-09, 1.0259777028e-08, 8.93902907251e-09, 4.72320005329e-09, 7.16029990855e-09, 1.06726254501e-08, 1.17041913938e-08, 1.65944129549e-08, 1.60808593108e-08, 8.23596835176e-09, 2.52512677434e-08, 1.33746354436e-07, 7.12237735456e-08, 1.46486041075e-08, 1.86996000906e-08, 2.43942217537e-08, 2.08972181781e-08, 3.15345616286e-08, 1.45973055865e-08, 2.08117452161e-08, 5.34997894874e-08, 4.44299885771e-08, 4.78820396665e-08, 6.07767773886e-08, 5.64331230635e-08, 1.90155830637e-07, 1.20157338301e-07, 3.78076734364e-08, 6.83756056219e-08, 4.94772969262e-08, 4.80175295081e-08, 3.17141726214e-08, 2.0920181143e-08, 1.68465330574e-08, 7.66918706319e-09, 2.50520026945e-09, 2.12217340922e-10], "dvar2": [0.15051689744, 46.7342948914, 193.809677124, 53.7985229492, 326.242980957, 201.500701904, 75.4013137817, 49.0051116943, 54.2618637085, 156.573303223, 13.3315200806, 130.965866089, 88.4609375, 26.1075019836, 117.067405701, 42.8929786682, 98.7844543457, 83.6083755493, 11.1718425751, 69.2496337891, 5.16161060333, 22.4838066101, 1.57595980167, 1.04057121277, 27.1254749298, 4.95904779434, 1.0600643158, 0.167932376266, 0.162439361215, 0.0769358277321, 0.0199964269996, 0.0230861790478, 0.10114749521, 0.0367817878723, 0.00314327422529, 0.00012329389574, 1.42261951623e-05, 1.79383150112e-07, 8.55300663627e-10, 1.09348685662e-09], "dvar": [0.0551115348935, 22.3534564972, 104.088600159, 24.0762767792, 168.243728638, 72.4725265503, 35.5316696167, 31.341255188, 48.9792289734, 57.6515731812, 5.85905647278, 69.8443832397, 40.199798584, 10.2429389954, 43.7723770142, 15.2628650665, 36.3908424377, 29.8118114471, 3.94775438309, 23.7612285614, 1.80056071281, 7.22798871994, 0.534194886684, 0.368070960045, 9.15078449249, 1.68676304817, 0.357879966497, 0.0580111145973, 0.0549176521599, 0.0260936077684, 0.0077915568836, 0.00980947725475, 0.0364345014095, 0.0131150865927, 0.00116432597861, 4.59169168607e-05, 5.22098707734e-06, 6.65073542905e-08, 3.22107701622e-10, 5.36870548018e-10], "dmean": [0.225835725665, 5.12206172943, 10.3116159439, 4.67769813538, 11.3283281326, 7.52283811569, 4.7645740509, 4.83112382889, 5.94770431519, 4.6160826683, 1.82920360565, 6.06694173813, 4.27930688858, 2.52258396149, 5.0247836113, 2.98129725456, 4.41669845581, 4.0847363472, 1.49775207043, 2.56656599045, 0.8382422328, 0.877007901669, 0.35679268837, 0.353952884674, 0.603972256184, 0.354567825794, 0.130582883954, 0.0562829822302, 0.0202767290175, 0.0400051362813, 0.0334991067648, 0.0337795130908, 0.0389827340841, 0.0216587949544, 0.00702601484954, 0.001628573169, 0.000513945240527, 6.68860448059e-05, 1.18033904073e-05, 2.53661291936e-05], "max": [4.67719268799, 53.0206985474, 258.51739502, 84.1859436035, 359.963928223, 149.043304443, 216.750991821, 110.177024841, 140.479034424, 169.88583374, 57.2972640991, 149.700393677, 134.865966797, 54.6075325012, 92.656036377, 100.10308075, 151.411437988, 88.6061935425, 65.4986877441, 84.3357391357, 55.9524841309, 164.276245117, 35.9226264954, 14.0619916916, 117.959068298, 48.4690933228, 22.6331787109, 8.86112689972, 18.6604614258, 5.86877965927, 2.47056365013, 2.98612833023, 6.94301223755, 3.8417930603, 1.23147809505, 0.23823967576, 0.0732258856297, 0.00907911267132, 0.00107206567191, 0.000410957727581], "var": [0.261963903904, 84.2058792114, 1530.99829102, 98.4256515503, 1708.78869629, 341.495880127, 146.344787598, 197.501708984, 275.774810791, 124.059036255, 19.0149116516, 171.278457642, 96.7906799316, 20.9120864868, 73.4314804077, 23.6970901489, 62.3965263367, 56.3920783997, 8.06283569336, 29.1739139557, 4.87573432922, 16.7176361084, 1.62275981903, 0.938057899475, 13.0504016876, 2.97960233688, 0.708703756332, 0.110484138131, 0.0340600349009, 0.0449034124613, 0.0322704203427, 0.0321883894503, 0.03182265535, 0.010097538121, 0.00104051199742, 5.42779052921e-05, 5.55101178179e-06, 9.66933768609e-08, 8.96770657732e-10, 4.42123804234e-09], "mean": [0.604155600071, 11.9728918076, 43.7054977417, 12.9262905121, 38.7505989075, 21.5702610016, 12.5133094788, 14.4854297638, 15.5358600616, 8.03069400787, 3.98749232292, 10.3716621399, 7.72801065445, 4.96464776993, 8.5817565918, 5.70758008957, 8.03751182556, 7.94518709183, 3.42601084709, 3.99594259262, 2.04503440857, 2.0480799675, 0.918329179287, 0.812445402145, 0.999565422535, 0.62626349926, 0.258728027344, 0.109298586845, 0.0366672687232, 0.0733470767736, 0.0887453332543, 0.0856323614717, 0.0542974919081, 0.0257137939334, 0.00955473445356, 0.00306563917547, 0.000897203746717, 0.0001335117704, 4.70556515211e-05, 0.000101058911241]}, "spectral_strongpeak": {"dmean2": 0.352819859982, "median": 0.686303257942, "min": 0, "dvar2": 0.14539732039, "dvar": 0.0527946017683, "dmean": 0.206971496344, "max": 3.92786121368, "var": 0.231792241335, "mean": 0.784135460854}, "spectral_energy": {"dmean2": 0.0337659865618, "median": 0.0836583226919, "min": 1.9540072338e-10, "dvar2": 0.000936418422498, "dvar": 0.000459722068626, "dmean": 0.0234624650329, "max": 0.379624277353, "var": 0.00377142615616, "mean": 0.0927473008633}, "average_loudness": 0.916073739529, "spectral_rolloff": {"dmean2": 57.8086929321, "median": 172.265625, "min": 43.06640625, "dvar2": 16234.3691406, "dvar": 7400.15087891, "dmean": 34.1798629761, "max": 10572.8027344, "var": 14317.4414062, "mean": 177.009063721}, "spectral_centroid": {"dmean2": 84.898979187, "median": 269.428100586, "min": 117.313102722, "dvar2": 27720.2714844, "dvar": 9350.43457031, "dmean": 52.0823173523, "max": 3869.01342773, "var": 34739.7148438, "mean": 319.79208374}, "pitch_salience": {"dmean2": 0.109753146768, "median": 0.388267785311, "min": 0.0812453553081, "dvar2": 0.00924299098551, "dvar": 0.00360597763211, "dmean": 0.0711481422186, "max": 0.761719405651, "var": 0.0144581496716, "mean": 0.393432050943}, "spectral_energyband_middle_high": {"dmean2": 0.000426901387982, "median": 0.000866572721861, "min": 8.80172844331e-12, "dvar2": 2.48704367323e-07, "dvar": 9.08041357661e-08, "dmean": 0.000254750892054, "max": 0.00677351979539, "var": 4.29177021033e-07, "mean": 0.000966529012658}, "spectral_contrast_coeffs": {"dmean2": [0.0712312534451, 0.0621216483414, 0.0537993609905, 0.0435637198389, 0.0303782559931, 0.0279661472887], "median": [-0.621344327927, -0.711734831333, -0.803405225277, -0.814020752907, -0.786413311958, -0.810678124428], "min": [-0.908431470394, -0.932410418987, -0.936052083969, -0.935713648796, -0.943238914013, -0.909169256687], "dvar2": [0.00306063820608, 0.00234890636057, 0.00167954689823, 0.00111517752521, 0.00057968479814, 0.000736887159292], "dvar": [0.00108408613596, 0.000902139930986, 0.000604253669735, 0.000384990387829, 0.000198638357688, 0.000241022047703], "dmean": [0.0422589071095, 0.0390876196325, 0.0321138091385, 0.0253925584257, 0.0177233815193, 0.0162077639252], "max": [-0.355334550142, -0.458321273327, -0.610553979874, -0.66709291935, -0.600290477276, -0.540252447128], "var": [0.0054676765576, 0.00528303766623, 0.00188309652731, 0.00123588880524, 0.002453640336