{"tonal": {"thpcp": [1, 0.579989135265, 0.36187055707, 0.334355413914, 0.357093155384, 0.677986443043, 0.93472224474, 0.672099113464, 0.419819444418, 0.36983025074, 0.369273513556, 0.596820414066, 0.797651231289, 0.672147989273, 0.68109613657, 0.788625717163, 0.572694540024, 0.402525514364, 0.391113221645, 0.421925246716, 0.743463873863, 0.901679813862, 0.732588112354, 0.641196846962, 0.460082381964, 0.367619663477, 0.686033248901, 0.914636135101, 0.709345579147, 0.515932321548, 0.429071754217, 0.362758725882, 0.441305160522, 0.514712870121, 0.578348577023, 0.930731117725], "hpcp": {"dmean2": [0.250672340393, 0.26736792922, 0.220880404115, 0.160680353642, 0.148290738463, 0.160349667072, 0.224097296596, 0.251292318106, 0.226642370224, 0.191219419241, 0.164771735668, 0.166470691562, 0.215076133609, 0.26446685195, 0.248652800918, 0.233115330338, 0.211807832122, 0.198836177588, 0.168070048094, 0.159922242165, 0.167700156569, 0.231374591589, 0.239970907569, 0.229059562087, 0.228548079729, 0.185771867633, 0.184108167887, 0.233330920339, 0.268365949392, 0.25852689147, 0.217728614807, 0.189913257957, 0.16868019104, 0.185011297464, 0.2153609097, 0.228830814362], "median": [0.130705058575, 0.153764426708, 0.0904114171863, 0.0398293361068, 0.0336698517203, 0.0367352962494, 0.102783918381, 0.150085836649, 0.107056424022, 0.0452094748616, 0.0346663668752, 0.0356112569571, 0.08599948138, 0.129605233669, 0.117801845074, 0.102891668677, 0.0836597681046, 0.0605298504233, 0.0508537441492, 0.0457355678082, 0.0524091683328, 0.117411255836, 0.144101470709, 0.126997381449, 0.0687251240015, 0.0517877973616, 0.0377728827298, 0.104478880763, 0.155396565795, 0.120494052768, 0.0629872605205, 0.0411408916116, 0.0333516225219, 0.0531418099999, 0.0649597495794, 0.0826239213347], "min": [0, 0, 0, 0, 0, 0, 0, 0, 0, 0, 0, 0, 0, 0, 0, 0, 0, 0, 0, 0, 0, 0, 0, 0, 0, 0, 0, 0, 0, 0, 0, 0, 0, 0, 0, 0], "dvar2": [0.099787466228, 0.103465400636, 0.084451392293, 0.0645852461457, 0.0627450868487, 0.0668176263571, 0.0833090022206, 0.0935834348202, 0.0860656574368, 0.0883155614138, 0.0714462175965, 0.0770499110222, 0.0878510922194, 0.10018684715, 0.0920015648007, 0.0881955847144, 0.0850388333201, 0.0834884345531, 0.075023829937, 0.0717943534255, 0.0671124756336, 0.0840705484152, 0.0849482566118, 0.0814590454102, 0.108596071601, 0.0834782719612, 0.0884784534574, 0.0926609262824, 0.0969419404864, 0.0993635356426, 0.0910918191075, 0.0867749750614, 0.0787554234266, 0.0793179571629, 0.0953877419233, 0.0942324772477], "dvar": [0.0392904467881, 0.041862078011, 0.0313605219126, 0.0237200222909, 0.0226128473878, 0.0240469668061, 0.0308039169759, 0.0385959856212, 0.0318892486393, 0.0320485159755, 0.026600362733, 0.0282518099993, 0.0331870242953, 0.0401652529836, 0.0341727174819, 0.0331055335701, 0.0355104841292, 0.0306958053261, 0.0269985180348, 0.0260726269335, 0.0245659537613, 0.0325086861849, 0.0356963723898, 0.0304170865566, 0.040719743818, 0.0305064562708, 0.032572388649, 0.0359733700752, 0.0389022417367, 0.0373581945896, 0.0343323424459, 0.0318224467337, 0.0282405279577, 0.0289566088468, 0.0349739007652, 0.0341277308762], "dmean": [0.147461608052, 0.155937179923, 0.1287548244, 0.091920606792, 0.0838538631797, 0.0904285982251, 0.130637720227, 0.149906590581, 0.132557824254, 0.108489736915, 0.0926014855504, 0.0943185687065, 0.126279115677, 0.156539291143, 0.145696550608, 0.136772111058, 0.124608434737, 0.115810886025, 0.0962788164616, 0.0925054773688, 0.0968376994133, 0.136521279812, 0.143658101559, 0.134872496128, 0.131715208292, 0.106306917965, 0.10328989476, 0.138135299087, 0.159650400281, 0.150083959103, 0.125516071916, 0.107952713966, 0.0941547974944, 0.105511263013, 0.123520962894, 0.131695300341], "max": [1, 1, 1, 1, 1, 1, 1, 1, 1, 1, 1, 1, 1, 1, 1, 1, 1, 1, 1, 1, 1, 1, 1, 1, 1, 1, 1, 1, 1, 1, 1, 1, 1, 1, 1, 1], "var": [0.102410793304, 0.107797704637, 0.0462205298245, 0.0304306931794, 0.0291589647532, 0.0302785150707, 0.0565170533955, 0.0984238386154, 0.0544728040695, 0.0383998565376, 0.0346717461944, 0.035502742976, 0.0518929511309, 0.0740736275911, 0.0510229580104, 0.0595077760518, 0.0969708412886, 0.055121704936, 0.0336516574025, 0.0342853739858, 0.0340487137437, 0.0659921988845, 0.0908552780747, 0.0566672459245, 0.0726348459721, 0.0388658829033, 0.033868830651, 0.062303610146, 0.0878335535526, 0.0578770115972, 0.0485264621675, 0.0441549420357, 0.0355167202652, 0.0391917526722, 0.046466216445, 0.0490807406604], "mean": [0.284326672554, 0.305487453938, 0.177179411054, 0.110546916723, 0.102141387761, 0.109087482095, 0.207116350532, 0.285545915365, 0.205317854881, 0.128249570727, 0.112978503108, 0.112808428705, 0.182321146131, 0.243672445416, 0.205332770944, 0.20806632936, 0.240915253758, 0.174951002002, 0.122966498137, 0.11948017776, 0.128892868757, 0.227118894458, 0.275451868773, 0.223796471953, 0.195877596736, 0.140549391508, 0.112303197384, 0.20957455039, 0.279409855604, 0.216696172953, 0.157610848546, 0.131076037884, 0.110818237066, 0.134813189507, 0.157238319516, 0.176678225398]}, "tuning_equal_tempered_deviation": 0.245950594544, "chords_changes_rate": 0.0723707675934, "key_key": "A", "tuning_diatonic_strength": 0.629406392574, "key_scale": "major", "chords_number_rate": 0.00267379684374, "tuning_frequency": 434.193115234, "tuning_nontempered_energy_ratio": 0.948208153248, "chords_histogram": [18.1105175018, 2.10338687897, 13.8502674103, 1.2299464941, 3.86809277534, 0.178253114223, 1.99643492699, 0.231729060411, 0.213903740048, 0.0891265571117, 0, 0.160427808762, 1.46167552471, 2.70944738388, 0.516934037209, 1.08734405041, 0.713012456894, 2.37076640129, 0.0713012441993, 4.3137254715, 2.2281639576, 13.475935936, 12.406416893, 16.6131916046], "key_strength": 0.79254925251, "chords_key": "A", "chords_strength": {"dmean2": 0.0107478927821, "median": 0.490164399147, "min": 0.235672965646, "dvar2": 8.634027472e-05, "dvar": 7.47808153392e-05, "dmean": 0.0110410312191, "max": 0.787805914879, "var": 0.00937334727496, "mean": 0.491006970406}, "chords_scale": "major", "hpcp_entropy": {"dmean2": 1.08165180683, "median": 2.23679161072, "min": 0, "dvar2": 0.703553557396, "dvar": 0.254970788956, "dmean": 0.644489347935, "max": 4.62078142166, "var": 0.624378144741, "mean": 2.23768615723}}, "metadata": {"audio_properties": {"equal_loudness": 0, "codec": "flac", "downmix": "mix", "sample_rate": 44100, "analysis_sample_rate": 44100, "bit_rate": 0, "md5_encoded": "642a676ce17c6750b852fa0c09c66743", "length": 260.466674805, "replay_gain": -7.00861549377, "lossless": true}, "version": {"essentia_build_sha": "2d9f1f26377add8aeb1075a9c2973f962c4f09fd", "essentia": "2.1-beta2", "extractor": "music 1.0", "essentia_git_sha": "v2.1_beta2-1-ge3940c0"}, "tags": {"title": ["Doing the Unstuck"], "barcode": ["075596155144"], "media": ["Cassette"], "albumartist": ["The Cure"], "tracktotal": ["18"], "musicbrainz_releasegroupid": ["3d35362f-2f7d-3f0d-b94a-76cf41b400be"], "releasetype": ["album", "live"], "musicbrainz_recordingid": ["17c44298-aca9-4f53-9465-843bb31e4808"], "musicbrainz_albumartistid": ["69ee3720-a7cb-4402-b48d-a02c366f2bcf"], "originalyear": ["1993"], "musicbrainz_releasetrackid": ["01d192ac-903e-3e21-8fce-38748f1494fd"], "discnumber": ["1"], "album": ["Show"], "catalognumber": ["9 61551-4"], "releasecountry": ["US"], "originaldate": ["1993-09-16"], "albumartistsort": ["Cure, The"], "date": ["1993-10-19"], "file_name": "8595670c47e59bca21b69aa9f7f6.flac", "disctotal": ["1"], "acoustid_id": ["235f8595-670c-47e5-9bca-21b69aa9f7f6"], "musicbrainz_artistid": ["69ee3720-a7cb-4402-b48d-a02c366f2bcf"], "asin": ["B000002HED"], "musicbrainz_albumid": ["2125636c-5ef1-4d13-a8bc-51ed4a15a79a"], "tracknumber": ["10"], "artistsort": ["Cure, The"], "artist": ["The Cure"], "label": ["Elektra Entertainment"], "releasestatus": ["official"], "totaldiscs": ["1"], "script": ["Latn"], "totaltracks": ["18"]}}, "rhythm": {"bpm_histogram_first_peak_bpm": {"dmean2": 0, "median": 148, "min": 148, "dvar2": 0, "dvar": 0, "dmean": 0, "max": 148, "var": 0, "mean": 148}, "bpm": 147.284286499, "bpm_histogram_second_peak_spread": {"dmean2": 0, "median": 0.304347813129, "min": 0.304347813129, "dvar2": 0, "dvar": 0, "dmean": 0, "max": 0.304347813129, "var": 0, "mean": 0.304347813129}, "bpm_histogram_first_peak_weight": {"dmean2": 0, "median": 0.576377928257, "min": 0.576377928257, "dvar2": 0, "dvar": 0, "dmean": 0, "max": 0.576377928257, "var": 0, "mean": 0.576377928257}, "onset_rate": 2.87544465065, "beats_position": [0.487619042397, 0.986848056316, 1.48607707024, 1.98530614376, 2.47292518616, 2.97215414047, 3.47138309479, 3.97061228752, 4.46984100342, 4.96907043457, 5.46829938889, 5.95591831207, 6.44353723526, 6.93115615845, 7.41877555847, 7.90639448166, 8.39401340485, 8.88163280487, 9.25315189362, 9.61306095123, 9.97297000885, 10.3328800201, 10.6811790466, 11.0294780731, 11.3777770996, 11.7260770798, 12.0743761063, 12.4226751328, 12.7709751129, 13.1192741394, 13.4675731659, 13.8158731461, 14.1641721725, 14.512471199, 14.8491611481, 15.2903394699, 15.7199087143, 16.1494789124, 16.5790481567, 17.0086174011, 17.4381847382, 17.8561439514, 18.2741031647, 18.6920623779, 19.1100215912, 19.5163707733, 19.9227199554, 20.3290691376, 20.7354183197, 21.1417675018, 21.5597267151, 21.9776859283, 22.3840351105, 22.8019943237, 23.219953537, 23.6379127502, 24.0558719635, 24.4738311768, 24.89179039, 25.2981395721, 25.7044887543, 26.1108379364, 26.5171871185, 26.9235363007, 27.3298854828, 27.7362346649, 28.142583847, 28.5489330292, 28.9552822113, 29.3500213623, 29.7563705444, 30.1627197266, 30.5806789398, 30.9870281219, 31.3933773041, 31.7997264862, 32.2060775757, 32.6008148193, 32.9955558777, 33.4019050598, 33.8082542419, 34.2146034241, 34.6209526062, 35.0156898499, 35.4104309082, 35.8167800903, 36.2347373962, 36.6410865784, 37.0474357605, 37.4653968811, 37.883354187, 38.2897033691, 38.6960525513, 39.1024017334, 39.5087509155, 39.9267120361, 40.344669342, 40.7510185242, 41.1573677063, 41.5753288269, 41.981678009, 42.3880271912, 42.8059844971, 43.2123336792, 43.6302947998, 44.0482521057, 44.4662132263, 44.8841705322, 45.2905197144, 45.708480835, 46.1264381409, 46.532787323, 46.9391365051, 47.3454856873, 47.7634468079, 48.16979599, 48.5877532959, 49.0057144165, 49.4236717224, 49.841632843, 50.2595901489, 50.6659393311, 51.0722885132, 51.4786376953, 51.8849868774, 52.2913360596, 52.6860771179, 53.0924263, 53.4987754822, 53.8935127258, 54.2882537842, 54.6946029663, 55.1009521484, 55.5073013306, 55.9136505127, 56.3199996948, 56.726348877, 57.1326980591, 57.5390472412, 57.9453964233, 58.3517456055, 58.7580947876, 59.1644439697, 59.5707931519, 59.977142334, 60.3950996399, 60.8130607605, 61.2194099426, 61.6257591248, 62.0437164307, 62.4616775513, 62.8680267334, 63.2859840393, 63.6923332214, 64.1102905273, 64.5166397095, 64.9229888916, 65.3293380737, 65.7356872559, 66.142036438, 66.5483856201, 66.9547348022, 67.3610839844, 67.779045105, 68.1970062256, 68.6033554077, 69.0097045898, 69.4276657104, 69.8456192017, 70.2519683838, 70.6583175659, 71.0762786865, 71.4826278687, 71.8889770508, 72.3069381714, 72.7132873535, 73.1196365356, 73.5375976563, 73.9555511475, 74.3619003296, 74.7682495117, 75.1862106323, 75.6041717529, 76.0105209351, 76.4168701172, 76.8348312378, 77.252784729, 77.6591339111, 78.0770950317, 78.4834442139, 78.9014053345, 79.3077545166, 79.7141036987, 80.1204528809, 80.526802063, 80.9331512451, 81.3395004272, 81.7574615479, 82.1754150391, 82.5817642212, 82.9881134033, 83.4060745239, 83.8124237061, 84.2187728882, 84.6367340088, 85.0546951294, 85.4610443115, 85.8673934937, 86.2737426758, 86.691696167, 87.0980453491, 87.5160064697, 87.9223556519, 88.328704834, 88.7350540161, 89.1414031982, 89.5477523804, 89.9541015625, 90.3720626831, 90.7900238037, 91.2079772949, 91.6143264771, 92.0206756592, 92.4154205322, 92.8101577759, 93.2281188965, 93.6344680786, 94.0408172607, 94.458770752, 94.853515625, 95.2714691162, 95.6894302368, 96.1073913574, 96.5137405396, 96.9200897217, 97.3264389038, 97.7444000244, 98.1507492065, 98.5687026978, 98.9750518799, 99.381401062, 99.7993621826, 100.205711365, 100.612060547, 101.018409729, 101.424758911, 101.842720032, 102.249069214, 102.667030334, 103.073379517, 103.491333008, 103.909294128, 104.327255249, 104.733604431, 105.139953613, 105.557914734, 105.975868225, 106.370613098, 106.753738403, 107.148475647, 107.554824829, 107.961174011, 108.379135132, 108.797096252, 109.203445435, 109.609794617, 110.027755737, 110.445709229, 110.852058411, 111.258407593, 111.676368713, 112.082717896, 112.489067078, 112.89541626, 113.301765442, 113.708114624, 114.126075745, 114.544036865, 114.950386047, 115.368339539, 115.774688721, 116.181037903, 116.587387085, 117.005348206, 117.411697388, 117.81804657, 118.224395752, 118.630744934, 119.037094116, 119.443443298, 119.861404419, 120.27936554, 120.685714722, 121.092063904, 121.510017395, 121.916366577, 122.322715759, 122.74067688, 123.158638, 123.564987183, 123.971336365, 124.366073608, 124.772422791, 125.178771973, 125.573509216, 125.968254089, 126.386207581, 126.804168701, 127.210517883, 127.628479004, 128.034820557, 128.441177368, 128.847518921, 129.242263794, 129.660217285, 130.066574097, 130.472915649, 130.890884399, 131.297225952, 131.703582764, 132.109924316, 132.504669189, 132.911010742, 133.305755615, 133.712112427, 134.106842041, 134.513198853, 134.919540405, 135.325897217, 135.73223877, 136.138595581, 136.544937134, 136.951293945, 137.369247437, 137.775604248, 138.181945801, 138.588302612, 138.994644165, 139.401000977, 139.807342529, 140.213699341, 140.620040894, 141.026397705, 141.432739258, 141.827484131, 142.233825684, 142.640182495, 143.046524048, 143.452880859, 143.859222412, 144.265579224, 144.671920776, 145.066665649, 145.461410522, 145.867752075, 146.274108887, 146.680450439, 147.075195313, 147.481536865, 147.887893677, 148.305847168, 148.723800659, 149.130157471, 149.536499023, 149.942855835, 150.349197388, 150.755554199, 151.161895752, 151.568252563, 151.974594116, 152.392562866, 152.798904419, 153.216873169, 153.623214722, 154.041183472, 154.447525024, 154.853881836, 155.260223389, 155.6665802, 156.072921753, 156.479278564, 156.885620117, 157.291976929, 157.698318481, 158.104675293, 158.511016846, 158.917373657, 159.32371521, 159.730072021, 160.124801636, 160.519546509, 160.925888062, 161.332244873, 161.738586426, 162.144943237, 162.55128479, 162.957641602, 163.363983154, 163.770339966, 164.176681519, 164.58303833, 164.989379883, 165.395736694, 165.802078247, 166.208435059, 166.614776611, 167.021133423, 167.427474976, 167.833831787, 168.24017334, 168.646530151, 169.052871704, 169.459228516, 169.865570068, 170.27192688, 170.666656494, 171.061401367, 171.467758179, 171.862487793, 172.268844604, 172.675186157, 173.081542969, 173.49949646, 173.905853271, 174.300582886, 174.706939697, 175.11328125, 175.519638062, 175.937591553, 176.343948364, 176.750289917, 177.156646729, 177.562988281, 177.969345093, 178.375686646, 178.782043457, 179.18838501, 179.583129883, 179.989471436, 180.384216309, 180.790557861, 181.208526611, 181.603256226, 182.009613037, 182.41595459, 182.810699463, 183.205444336, 183.60017395, 183.994918823, 184.401260376, 184.807617188, 185.21395874, 185.620315552, 186.015060425, 186.433013916, 186.850967407, 187.257324219, 187.663665771, 188.070022583, 188.464752197, 188.871109009, 189.277450562, 189.683807373, 190.090148926, 190.496505737, 190.90284729, 191.309204102, 191.727157593, 192.145126343, 192.551467896, 192.957824707, 193.36416626, 193.770523071, 194.176864624, 194.583221436, 194.989562988, 195.3959198, 195.802261353, 196.208618164, 196.603347778, 197.00970459, 197.404434204, 197.799179077, 198.19392395, 198.600265503, 199.018234253, 199.436187744, 199.842529297, 200.248886108, 200.655227661, 201.061584473, 201.479537964, 201.897506714, 202.315460205, 202.733413696, 203.139770508, 203.546112061, 203.964080811, 204.382034302, 204.788391113, 205.206344604, 205.624298096, 206.030654907, 206.43699646, 206.843353271, 207.261306763, 207.679275513, 208.085617065, 208.491973877, 208.909927368, 209.31628418, 209.722625732, 210.128982544, 210.523712158, 210.93006897, 211.336410522, 211.742767334, 212.149108887, 212.555465698, 212.961807251, 213.368164063, 213.774505615, 214.180862427, 214.587203979, 214.993560791, 215.388290405, 215.794647217, 216.20098877, 216.595733643, 217.002075195, 217.408432007, 217.81477356, 218.209518433, 218.615875244, 219.022216797, 219.41696167, 219.823303223, 220.218048096, 220.624389648, 221.03074646, 221.425476074, 221.831832886, 222.238174438, 222.632919312, 223.027664185, 223.434005737, 223.840362549, 224.246704102, 224.653060913, 225.059402466, 225.465759277, 225.860488892, 226.255233765, 226.649978638, 227.05632019, 227.462677002, 227.857406616, 228.263763428, 228.658493042, 229.064849854, 229.459594727, 229.865936279, 230.272293091, 230.678634644, 231.084991455, 231.491333008, 231.897689819, 232.304031372, 232.710388184, 233.116729736, 233.523086548, 233.941040039, 234.35899353, 234.77696228, 235.148483276, 235.519989014, 235.879898071, 236.251419067, 236.588119507, 236.936416626, 237.273101807, 237.609786987, 237.946487427, 238.283172607, 238.619857788, 238.979766846, 239.386123657, 239.79246521, 240.187210083, 240.593551636, 240.988296509, 241.371429443, 241.766159058, 242.160903931, 242.567245483, 242.973602295, 243.368347168, 243.763076782, 244.157821655, 244.55255127, 244.947296143, 245.388473511, 245.81803894, 246.247619629, 246.688796997, 247.129974365, 247.571151733, 248.012329102, 248.45350647, 248.894683838, 249.335861206, 249.777053833, 250.218231201, 250.659408569, 251.100585938, 251.541763306, 251.982940674, 252.424118042, 252.888519287, 253.352920532, 253.817321777, 254.22366333, 254.630020142, 255.024749756, 255.431106567, 255.83744812, 256.243804932, 256.650146484, 257.044891357, 257.43963623, 257.845977783, 258.252319336, 258.658691406, 259.065032959, 259.471374512, 259.877716064], "beats_loudness": {"dmean2": 0.0200286954641, "median": 0.0303405486047, "min": 4.28778701433e-09, "dvar2": 0.000409005006077, "dvar": 0.000143134529935, "dmean": 0.0116736879572, "max": 0.10952398181, "var": 0.000326863053488, "mean": 0.0315619260073}, "danceability": 1.06226801872, "bpm_histogram_second_peak_weight": {"dmean2": 0, "median": 0.0251968502998, "min": 0.0251968502998, "dvar2": 0, "dvar": 0, "dmean": 0, "max": 0.0251968502998, "var": 0, "mean": 0.0251968502998}, "beats_count": 636, "bpm_histogram_second_peak_bpm": {"dmean2": 0, "median": 136, "min": 136, "dvar2": 0, "dvar": 0, "dmean": 0, "max": 136, "var": 0, "mean": 136}, "bpm_histogram_first_peak_spread": {"dmean2": 0, "median": 0.347593575716, "min": 0.347593575716, "dvar2": 0, "dvar": 0, "dmean": 0, "max": 0.347593575716, "var": 0, "mean": 0.347593575716}, "beats_loudness_band_ratio": {"dmean2": [0.182536363602, 0.224756762385, 0.273788422346, 0.182783588767, 0.103660970926, 0.094186283648], "median": [0.250637173653, 0.136987060308, 0.159205719829, 0.139743208885, 0.100878484547, 0.0485350117087], "min": [0.00365298753604, 0.000122815094073, 0.0111636361107, 0.0120246633887, 0.00621159002185, 0.0039121885784], "dvar2": [0.0293340198696, 0.0438738875091, 0.0750009268522, 0.054407402873, 0.00918617937714, 0.0194363240153], "dvar": [0.0101482430473, 0.0147090628743, 0.026283422485, 0.0180381219834, 0.00341781997122, 0.00706177111715], "dmean": [0.107736125588, 0.125542715192, 0.155048161745, 0.107527256012, 0.0620685257018, 0.0528380945325], "max": [0.793785631657, 0.822254419327, 0.913935720921, 0.867745280266, 0.485282510519, 0.799980759621], "var": [0.0311497449875, 0.0211885385215, 0.0345323309302, 0.0276552122086, 0.0077420277521, 0.00652195746079], "mean": [0.24821947515, 0.169236898422, 0.224220305681, 0.196027860045, 0.126023232937, 0.0705058202147]}}, "lowlevel": {"barkbands_spread": {"dmean2": 7.1364607811, "median": 23.8593959808, "min": 1.19266986847, "dvar2": 63.660320282, "dvar": 30.8180370331, "dmean": 4.68830490112, "max": 87.4523544312, "var": 134.308410645, "mean": 25.2051963806}, "melbands_spread": {"dmean2": 10.2086553574, "median": 26.6192779541, "min": 1.30108070374, "dvar2": 158.071762085, "dvar": 75.1812744141, "dmean": 6.57601642609, "max": 194.799453735, "var": 258.517028809, "mean": 29.1195068359}, "hfc": {"dmean2": 8.6004447937, "median": 21.2400894165, "min": 1.11322363884e-16, "dvar2": 138.731155396, "dvar": 69.0389251709, "dmean": 5.90164232254, "max": 212.905044556, "var": 308.323303223, "mean": 25.0566692352}, "barkbands_kurtosis": {"dmean2": 1.86488068104, "median": 0.563684165478, "min": -1.85264205933, "dvar2": 9.00390434265, "dvar": 4.06798219681, "dmean": 1.17561817169, "max": 93.787651062, "var": 11.8444004059, "mean": 1.32963442802}, "gfcc": {"mean": [22.7088279724, 69.6431274414, -132.062576294, 16.9468574524, -55.0974121094, 15.3269939423, -32.9962844849, 10.3197050095, -16.0193080902, -0.0137218236923, -13.2283754349, 4.90937042236, -9.19442081451], "icov": [[0.000178221598617, -0.000269025855232, -3.0936737403e-06, -0.000239556829911, 0.000307637703372, -0.000356341915904, 0.000489318394102, -0.00050043099327, 0.000409868982388, -0.000422753248131, 0.000426301441621, -0.000241226211074, 0.000180466697202], [-0.000269025855232, 0.00253731035627, -0.00108655111399, -4.69549104309e-06, -0.00165523565374, 0.00258551514708, -0.00131565320771, 0.00136647548061, -0.00171896710526, 0.00200739991851, -0.0013897519093, 0.00169339973945, -0.000199515401619], [-3.0936737403e-06, -0.00108655111399, 0.00246716476977, -0.00147866108455, -0.000185830314877, -0.000331246119458, 0.00126469042152, 0.000620031438302, -0.000606606015936, -0.00131032569334, 0.00149846787099, -0.00168893870432, 0.00131736230105], [-0.000239556829911, -4.69549104309e-06, -0.00147866108455, 0.00785041879863, -0.00121134053916, -0.00368914799765, 0.000523745431565, 0.00253770477138, -0.00255117565393, 0.0014475263888, -0.00107064039912, 0.000784683914389, -0.00144781789277], [0.000307637703372, -0.00165523565374, -0.000185830314877, -0.00121134053916, 0.00629342906177, -0.00155659916345, -0.00109008874279, -0.00279521360062, 0.0033984510228, -0.00462684081867, 0.00385147333145, -0.00227063451894, -0.00072004419053], [-0.000356341915904, 0.00258551514708, -0.000331246119458, -0.00368914799765, -0.00155659916345, 0.0124750854447, -0.00553379347548, -0.00106863502879, -0.00129103846848, 0.0023661844898, -0.00208915001713, 0.000258634216152, -0.000890281691682], [0.000489318394102, -0.00131565320771, 0.00126469042152, 0.000523745431565, -0.00109008874279, -0.00553379347548, 0.0153115550056, -0.0098262457177, 0.00313129951246, -0.00350545835681, 0.00197673845105, -0.00130488083232, -7.35394860385e-05], [-0.00050043099327, 0.00136647548061, 0.000620031438302, 0.00253770477138, -0.00279521360062, -0.00106863502879, -0.0098262457177, 0.0225501190871, -0.0106294546276, 0.00333179277368, -0.00303628807887, 0.00219301483594, -0.000552822544705], [0.000409868982388, -0.00171896710526, -0.000606606015936, -0.00255117565393, 0.0033984510228, -0.00129103846848, 0.00313129951246, -0.0106294546276, 0.0221192091703, -0.0115447388962, 0.00301127112471, -0.000671012559906, 0.00269504007883], [-0.000422753248131, 0.00200739991851, -0.00131032569334, 0.0014475263888, -0.00462684081867, 0.0023661844898, -0.00350545835681, 0.00333179277368, -0.0115447388962, 0.0256535690278, -0.00823599938303, -0.00052903604228, 1.97305234906e-05], [0.000426301441621, -0.0013897519093, 0.00149846787099, -0.00107064039912, 0.00385147333145, -0.00208915001713, 0.00197673845105, -0.00303628807887, 0.00301127112471, -0.00823599938303, 0.0242292340845, -0.00845377612859, 0.00320723815821], [-0.000241226211074, 0.00169339973945, -0.00168893870432, 0.000784683914389, -0.00227063451894, 0.000258634216152, -0.00130488083232, 0.00219301483594, -0.000671012559906, -0.00052903604228, -0.00845377612859, 0.0235668960959, -0.00883498415351], [0.000180466697202, -0.000199515401619, 0.00131736230105, -0.00144781789277, -0.00072004419053, -0.000890281691682, -7.35394860385e-05, -0.000552822544705, 0.00269504007883, 1.97305234906e-05, 0.00320723815821, -0.00883498415351, 0.0241050515324]], "cov": [[9763.33203125, 1533.75842285, 1483.21594238, 606.384460449, -62.8608055115, -80.4220046997, -472.632232666, -187.997283936, 78.3561096191, 34.3736228943, -121.028327942, -22.0706825256, -116.414268494], [1533.75842285, 1213.38549805, 795.40246582, 178.051086426, 156.116760254, -207.25340271, -166.828048706, -126.229431152, 51.3142318726, 6.78894472122, -53.9928779602, -38.2881088257, -53.2021026611], [1483.21594238, 795.40246582, 1180.10791016, 296.94519043, 134.714294434, -99.8694763184, -197.6484375, -136.549301147, 75.188293457, 47.0225753784, -53.2360877991, 13.5421571732, -50.9766616821], [606.384460449, 178.051086426, 296.94519043, 257.90826416, 84.4073486328, 62.4322242737, -21.4238128662, -18.4479980469, 36.8351821899, 19.28814888, -9.8497800827, 12.9548978806, 2.45968747139], [-62.8608055115, 156.116760254, 134.714294434, 84.4073486328, 353.968231201, 88.0815658569, 119.972633362, 75.4524612427, 27.3484973907, 57.9485702515, -19.2994651794, 33.0026016235, 26.9521274567], [-80.4220046997, -207.25340271, -99.8694763184, 62.4322242737, 88.0815658569, 219.435501099, 139.473007202, 96.452545166, 24.1375198364, 24.6892719269, 15.1388435364, 26.2047576904, 26.3390426636], [-472.632232666, -166.828048706, -197.6484375, -21.4238128662, 119.972633362, 139.473007202, 233.447937012, 137.471893311, 24.2848510742, 34.8603210449, 13.5000391006, 20.3739566803, 27.1999740601], [-187.997283936, -126.229431152, -136.549301147, -18.4479980469, 75.4524612427, 96.452545166, 137.471893311, 145.313568115, 44.8185119629, 30.1469993591, 13.4315986633, 9.96232891083, 13.1140785217], [78.3561096191, 51.3142318726, 75.188293457, 36.8351821899, 27.3484973907, 24.1375198364, 24.2848510742, 44.8185119629, 91.9681167603, 42.3113746643, 5.04066610336, 2.73611831665, -9.233086586], [34.3736228943, 6.78894472122, 47.0225753784, 19.28814888, 57.9485702515, 24.6892719269, 34.8603210449, 30.1469993591, 42.3113746643, 74.237449646, 17.1564731598, 16.3317756653, 0.739975035191], [-121.028327942, -53.9928779602, -53.2360877991, -9.8497800827, -19.2994651794, 15.1388435364, 13.5000391006, 13.4315986633, 5.04066610336, 17.1564731598, 59.8130836487, 19.215839386, 1.61595463753], [-22.0706825256, -38.2881088257, 13.5421571732, 12.9548978806, 33.0026016235, 26.2047576904, 20.3739566803, 9.96232891083, 2.73611831665, 16.3317756653, 19.215839386, 64.5124511719, 22.8997440338], [-116.414268494, -53.2021026611, -50.9766616821, 2.45968747139, 26.9521274567, 26.3390426636, 27.1999740601, 13.1140785217, -9.233086586, 0.739975035191, 1.61595463753, 22.8997440338, 56.2214584351]]}, "spectral_energyband_middle_low": {"dmean2": 0.00755202258006, "median": 0.00891211628914, "min": 1.75369244459e-22, "dvar2": 0.000120690005133, "dvar": 5.16304207849e-05, "dmean": 0.004793362692, "max": 0.106022842228, "var": 0.000147811704664, "mean": 0.0122592691332}, "melbands_crest": {"dmean2": 4.75682210922, "median": 11.1064882278, "min": 1.95998454094, "dvar2": 20.3881702423, "dvar": 7.65771865845, "dmean": 2.90259766579, "max": 32.7346611023, "var": 21.4893169403, "mean": 11.9378051758}, "spectral_kurtosis": {"dmean2": 1.62802994251, "median": 4.54766750336, "min": -1.2348716259, "dvar2": 2.3454709053, "dvar": 0.922166645527, "dmean": 0.994062185287, "max": 17.0888729095, "var": 3.71077775955, "mean": 4.50073862076}, "spectral_rms": {"dmean2": 0.00102890783455, "median": 0.00503520062193, "min": 3.14398181968e-12, "dvar2": 1.29440445562e-06, "dvar": 5.25874611412e-07, "dmean": 0.000650694710203, "max": 0.0118541428819, "var": 3.42434964296e-06, "mean": 0.00494178989902}, "zerocrossingrate": {"dmean2": 0.0104178423062, "median": 0.0634765625, "min": 0.017578125, "dvar2": 0.000138361981953, "dvar": 0.000128930812934, "dmean": 0.00873064994812, "max": 0.5263671875, "var": 0.00118813407607, "mean": 0.0706120207906}, "silence_rate_60dB": {"dmean2": 0.0178300794214, "median": 0, "min": 0, "dvar2": 0.0225069727749, "dvar": 0.00883531104773, "dmean": 0.00891424529254, "max": 1, "var": 0.0590428113937, "mean": 0.063018091023}, "erbbands_kurtosis": {"dmean2": 1.13814175129, "median": -0.0850465148687, "min": -1.76265132427, "dvar2": 2.68044519424, "dvar": 1.21824622154, "dmean": 0.72153955698, "max": 31.4204139709, "var": 3.97851157188, "mean": 0.408545941114}, "erbbands": {"dmean2": [0.121887594461, 1.12302482128, 2.317933321, 1.95904779434, 4.08501243591, 11.7210302353, 15.7908811569, 15.8672561646, 21.6114864349, 32.4826660156, 45.2391090393, 47.2394638062, 47.9325866699, 42.0610542297, 29.3344764709, 34.6618537903, 31.2110862732, 36.5745162964, 35.4311943054, 26.359746933, 25.7759590149, 24.1279830933, 16.478061676, 12.1500377655, 10.7319049835, 5.71096277237, 4.06649255753, 4.68898153305, 4.93157958984, 6.01779603958, 5.60561752319, 3.77145290375, 1.75432503223, 0.599828600883, 0.221647128463, 0.0877134129405, 0.0253518521786, 0.00737033225596, 0.0011869224254, 7.63591888244e-05], "median": [0.0717112421989, 0.638842999935, 1.43886888027, 1.69059550762, 2.07933044434, 5.09840345383, 8.63713550568, 9.81525421143, 10.3449840546, 11.9030685425, 14.8810453415, 22.065164566, 22.4395980835, 25.2702121735, 24.3253688812, 24.3413925171, 21.7013759613, 24.0599937439, 25.2139434814, 23.4710559845, 25.8748416901, 26.1858558655, 19.3866195679, 13.2487325668, 8.70313549042, 5.11409473419, 4.89252758026, 4.64260816574, 2.99593400955, 2.77566313744, 2.05760884285, 1.36891531944, 0.83313947916, 0.379229784012, 0.152864351869, 0.0714230015874, 0.0261434987187, 0.00728920800611, 0.000840778346173, 7.27443548385e-05], "min": [2.85613389001e-22, 2.07860107787e-21, 1.18764718269e-20, 1.80713179072e-20, 3.47511661589e-20, 4.97607396523e-20, 1.20808772036e-19, 1.35490310255e-19, 1.37090646246e-19, 3.50854886518e-19, 3.5148031261e-19, 6.21326894349e-19, 1.09702533314e-18, 6.23721633922e-19, 1.25370285373e-18, 2.28561480379e-18, 3.14930468704e-18, 2.49093695506e-18, 3.38351818915e-18, 3.65254586208e-18, 5.61495741911e-18, 4.04620566509e-18, 7.10332582915e-18, 6.31368474075e-18, 9.17592280686e-18, 7.64201562255e-18, 8.85142812436e-18, 1.21000087538e-17, 1.08572095881e-17, 1.13290573977e-17, 1.00906563513e-17, 9.61813852541e-18, 1.03908666654e-17, 8.4622719062e-18, 7.20540901573e-18, 3.99484891599e-18, 2.62808618895e-18, 9.71085637309e-19, 2.71916446126e-19, 2.87873070335e-20], "dvar2": [0.0577575191855, 5.80932664871, 30.6032047272, 12.1863594055, 66.6765060425, 497.265930176, 991.561279297, 1361.50964355, 2917.53637695, 9182.0234375, 18187.8144531, 13936.6191406, 15748.9833984, 14549.2402344, 2192.46459961, 4198.10888672, 3098.53369141, 6382.57080078, 4889.23339844, 1760.95495605, 1216.734375, 1465.13256836, 582.898132324, 350.811187744, 397.815673828, 87.7917709351, 36.0001831055, 87.9816207886, 160.295394897, 332.449432373, 550.540588379, 167.464279175, 28.0132007599, 2.40968513489, 0.336147636175, 0.058353073895, 0.0026832181029, 0.000179278402356, 6.68428219797e-06, 2.93068076473e-08], "dvar": [0.0204103626311, 1.97695600986, 11.1934661865, 4.35211420059, 24.7826251984, 184.329223633, 376.374786377, 561.181030273, 1197.94494629, 3843.00268555, 8215.22949219, 6395.15332031, 7807.09277344, 6279.796875, 873.645751953, 1693.3137207, 1293.92651367, 2582.43896484, 2099.31884766, 693.178710938, 493.543060303, 630.892700195, 232.216110229, 143.893890381, 168.853546143, 35.5847320557, 14.5958213806, 36.2251701355, 70.8855438232, 153.2212677, 257.296386719, 82.443611145, 14.7598180771, 1.24124705791, 0.190219327807, 0.0347706303, 0.00135183520615, 7.44680146454e-05, 2.70382429335e-06, 1.18129923621e-08], "dmean": [0.0713287889957, 0.640623748302, 1.37557804585, 1.16009533405, 2.42173814774, 6.95148897171, 9.63119697571, 9.91349697113, 13.1194105148, 20.5659008026, 29.3527793884, 30.7881221771, 31.3166427612, 27.1378860474, 18.3369693756, 21.3469238281, 19.3546638489, 22.8255443573, 22.139421463, 16.1473464966, 15.8357162476, 14.9421367645, 10.1230630875, 7.51370573044, 6.69299983978, 3.57039499283, 2.56136512756, 2.96200966835, 3.2584528923, 4.01270341873, 3.85965013504, 2.6213490963, 1.22163081169, 0.416552364826, 0.15344440937, 0.0607226192951, 0.0171987973154, 0.00481446646154, 0.000767433841247, 4.91027712997e-05], "max": [2.11107540131, 17.7822475433, 38.9887199402, 29.3644618988, 111.809181213, 284.326873779, 408.188232422, 814.924133301, 833.858764648, 1949.22546387, 2430.8737793, 2731.96606445, 2411.29296875, 2674.87841797, 831.131652832, 1013.36254883, 852.403381348, 1484.62341309, 1349.63232422, 848.432983398, 533.21661377, 895.386047363, 391.541748047, 269.825592041, 366.440155029, 142.195999146, 102.371170044, 208.115325928, 276.972564697, 351.891937256, 666.420166016, 270.908813477, 126.270507813, 36.2891426086, 16.8561725616, 8.50242137909, 1.26141381264, 0.162286803126, 0.0320123098791, 0.00205353158526], "var": [0.049616124481, 2.79393696785, 12.8337392807, 7.4502158165, 26.4961452484, 271.485565186, 517.689941406, 952.908813477, 2120.99487305, 6464.05615234, 23665.1679688, 18288.0136719, 24014.4179688, 20741.8476563, 2045.78747559, 2911.54077148, 3075.9309082, 4468.89794922, 4064.62646484, 1300.98999023, 1113.10070801, 1343.9921875, 443.150268555, 361.059997559, 458.036560059, 119.247940063, 47.6120033264, 77.3457946777, 166.303359985, 316.45880127, 441.40045166, 176.743209839, 34.2075424194, 2.72143387794, 0.420177012682, 0.0781865119934, 0.00285971839912, 0.000114472626592, 3.1078388929e-06, 1.29264394744e-08], "mean": [0.154437243938, 1.20611584187, 2.52768731117, 2.41426277161, 3.59043669701, 10.0758476257, 15.0596504211, 17.2149562836, 21.0454216003, 31.9617481232, 52.7837028503, 57.3553352356, 59.089553833, 53.5569915771, 36.7141647339, 38.7304267883, 37.2423057556, 41.7082633972, 41.8206100464, 33.0882911682, 34.3832550049, 34.4237098694, 24.1039886475, 18.2049751282, 15.4253263474, 8.70668888092, 6.89586019516, 7.03724718094, 6.90059280396, 7.52419376373, 6.60227823257, 4.63050079346, 2.32133364677, 0.801191329956, 0.297448009253, 0.122822850943, 0.0368347428739, 0.00946499500424, 0.00125087879132, 9.61697951425e-05]}, "spectral_strongpeak": {"dmean2": 1.00373709202, "median": 0.440816909075, "min": 0, "dvar2": 2.14410638809, "dvar": 0.896781206131, "dmean": 0.599595069885, "max": 10.0671348572, "var": 2.12692379951, "mean": 1.08650135994}, "spectral_energy": {"dmean2": 0.012360422872, "median": 0.0259870737791, "min": 1.01317378887e-20, "dvar2": 0.000260617671302, "dvar": 0.000102829682874, "dmean": 0.00769365113229, "max": 0.144033715129, "var": 0.000348772562575, "mean": 0.0285417307168}, "average_loudness": 0.898133516312, "spectral_rolloff": {"dmean2": 708.120178223, "median": 1550.390625, "min": 172.265625, "dvar2": 1292983.125, "dvar": 614200.875, "dmean": 428.822601318, "max": 19616.7480469, "var": 1941108.25, "mean": 1842.30151367}, "spectral_centroid": {"dmean2": 311.521881104, "median": 1475.23339844, "min": 395.705047607, "dvar2": 105008.015625, "dvar": 48613.90625, "dmean": 201.998703003, "max": 11587.3525391, "var": 403357.84375, "mean": 1562.52856445}, "pitch_salience": {"dmean2": 0.103768952191, "median": 0.603888273239, "min": 0.171909704804, "dvar2": 0.00884233601391, "dvar": 0.00327721913345, "dmean": 0.0631384402514, "max": 0.873329043388, "var": 0.0112838102505, "mean": 0.596206009388}, "spectral_energyband_middle_high": {"dmean2": 0.00308777648024, "median": 0.00605575880036, "min": 1.29008782681e-21, "dvar2": 2.32019028772e-05, "dvar": 1.01512769106e-05, "dmean": 0.00201156805269, "max": 0.109475277364, "var": 5.18169217685e-05, "mean": 0.00771593861282}, "spectral_contrast_coeffs": {"dmean2": [0.0811673998833, 0.0807502791286, 0.0625179708004, 0.0478562191129, 0.033693689853, 0.0245675947517], "median": [-0.68281441927, -0.749365568161, -0.782050073147, -0.790049910545, -0.787736356258, -0.758876681328], "min": [-0.971762895584, -0.975937128067, -0.968595683575, -0.971355676651, -0.967452049255, -0.964503109455], "dvar2": [0.00427548261359, 0.00405185902491, 0.00237801740877, 0.0013502817601, 0.000708054576535, 0.000403044978157], "dvar": [0.00158914807253, 0.00154155306518, 0.000924251042306, 0.000513993669301, 0.000280150794424, 0.00016298033006], "dmean": [0.0486707501113, 0.0488705039024, 0.0379476025701, 0.0290009975433, 0.0205361135304, 0.0154789760709], "max": [-0.266142070293, -0.371941506863, -0.485120028257, -0.590280771255, -0.607923746109, -0.61127436161], "var": [0.00981776230037, 0.00563996378332, 0.00384678156115, 0.00177368125878, 0.00117491011042, 0.000796676205937], "mean": [-0.669827222824, -0.740922808647, -0.773274004459, -0.78680151701, -0.785200893879, -0.758348703384]}, "melbands_skewness": {"dmean2": 0.730087757111, "median": 1.66601526737, "min": -0.671227991581, "dvar2": 0.563943147659, "dvar": 0.219735741615, "dmean": 0.456301301718, "max": 8.06588840485, "var": 0.886071145535, "mean": 1.74438858032}, "spectral_spread": {"dmean2": 562988, "median": 4188302.5, "min": 2253383, "dvar2": 560569122816, "dvar": 325428576256, "dmean": 387052.28125, "max": 42108060, "var": 2703417409540.0, "mean": 4399716.5}, "dissonance": {"dmean2": 0.0253303591162, "median": 0.480376839638, "min": 0.2805968225, "dvar2": 0.000605127890594, "dvar": 0.000223413662752, "dmean": 0.0149151552469, "max": 0.500000119209, "var": 0.000502231530845, "mean": 0.47450697422}, "spectral_skewness": {"dmean2": 0.230318337679, "median": 1.6198527813, "min": -0.0617912970483, "dvar2": 0.0418919958174, "dvar": 0.0197976268828, "dmean": 0.14598916471, "max": 3.40022778511, "var": 0.109209060669, "mean": 1.58424687386}, "spectral_flux": {"dmean2": 0.029565513134, "median": 0.0807691216469, "min": 6.62303337173e-11, "dvar2": 0.00101425056346, "dvar": 0.000464806187665, "dmean": 0.0191538482904, "max": 0.299935549498, "var": 0.00151628383901, "mean": 0.0849382057786}, "spectral_contrast_valleys": {"dmean2": [0.612483143806, 0.537442743778, 0.452185600996, 0.367537558079, 0.270043551922, 0.3027549088], "median": [-6.85735845566, -6.28458118439, -6.56183719635, -6.99593019485, -7.08473682404, -9.72444820404], "min": [-28.0765209198, -27.9435443878, -27.6596755981, -27.533164978, -27.3702144623, -27.3219299316], "dvar2": [0.273127317429, 0.182584583759, 0.133704081178, 0.0913067981601, 0.0641275793314, 0.0969819873571], "dvar": [0.104779317975, 0.0704977139831, 0.0542469769716, 0.0402428582311, 0.0335700251162, 0.0593370310962], "dmean": [0.367045223713, 0.322059452534, 0.271311640739, 0.226879671216, 0.173897713423, 0.217818319798], "max": [-5.17504930496, -4.71627283096, -5.12253570557, -5.62612724304, -5.67988872528, -7.51116466522], "var": [3.10941290855, 1.78593027592, 1.06286764145, 0.996340692043, 0.985236287117, 1.09284043312], "mean": [-7.58808517456, -6.60167694092, -6.7100982666, -7.12129163742, -7.20518398285, -9.79674243927]}, "erbbands_flatness_db": {"dmean2": 0.0206498261541, "median": 0.139462724328, "min": 0.0534466169775, "dvar2": 0.000344488478731, "dvar": 0.000167688762303, "dmean": 0.013788478449, "max": 0.344464987516, "var": 0.00207058829255, "mean": 0.152342423797}, "spectral_energyband_high": {"dmean2": 0.000519650871865, "median": 0.000480405898998, "min": 7.09220214338e-21, "dvar2": 1.8315847683e-06, "dvar": 9.52807738486e-07, "dmean": 0.000374547729734, "max": 0.026887986809, "var": 2.53739676737e-06, "mean": 0.000949723296799}, "spectral_entropy": {"dmean2": 0.158657461405, "median": 7.81441688538, "min": 6.09326887131, "dvar2": 0.0235497541726, "dvar": 0.0122976265848, "dmean": 0.108396597207, "max": 9.82040405273, "var": 0.075783200562, "mean": 7.79557609558}, "silence_rate_20dB": {"dmean2": 0, "median": 1, "min": 1, "dvar2": 0, "dvar": 0, "dmean": 0, "max": 1, "var": 0, "mean": 1}, "melbands_flatness_db": {"dmean2": 0.0293930936605, "median": 0.151905477047, "min": 0.00428104400635, "dvar2": 0.000823005568236, "dvar": 0.000326588517055, "dmean":