{"tonal": {"thpcp": [1, 0.566811800003, 0.08346285671, 0.0417290590703, 0.100915871561, 0.587634086609, 0.942517161369, 0.487074822187, 0.103524431586, 0.106196954846, 0.111072584987, 0.3269995749, 0.561698973179, 0.422751665115, 0.484933495522, 0.660448312759, 0.366847425699, 0.125378921628, 0.123028881848, 0.113466002047, 0.408918052912, 0.690607905388, 0.405209958553, 0.207065671682, 0.243174016476, 0.138649821281, 0.223262533545, 0.402645885944, 0.280889064074, 0.303667932749, 0.434659808874, 0.229214414954, 0.202680796385, 0.327422320843, 0.226906597614, 0.565938949585], "hpcp": {"dmean2": [0.103051885962, 0.11287432909, 0.0593558512628, 0.0525680780411, 0.0696168467402, 0.0953296124935, 0.0952572003007, 0.128291517496, 0.155093818903, 0.150143951178, 0.134319886565, 0.0745152831078, 0.0547077096999, 0.0648489296436, 0.119628585875, 0.122707001865, 0.125242307782, 0.0773548856378, 0.0518090613186, 0.0527095645666, 0.0618890188634, 0.0774045437574, 0.0714525282383, 0.0641150474548, 0.0564281828701, 0.0517060756683, 0.0511466786265, 0.0660828649998, 0.0819507688284, 0.131624400616, 0.143913269043, 0.119876354933, 0.0517705753446, 0.0344541035593, 0.0655440911651, 0.11183167994], "median": [0.0314977653325, 0.0222325138748, 0.00331150786951, 0.000928922905587, 0.001606239588, 0.00602160580456, 0.00762473698705, 0.0140082202852, 0.0410744063556, 0.0309703610837, 0.0172386318445, 0.00376559235156, 0.00279258005321, 0.0035870752763, 0.031800005585, 0.0629559531808, 0.0373945534229, 0.00380369462073, 0.00143047748134, 0.00122207403183, 0.00758810760453, 0.0108399596065, 0.01498032175, 0.00395612604916, 0.00241398462094, 0.00278644892387, 0.00799668300897, 0.00695092836395, 0.0152090517804, 0.035677023232, 0.054637670517, 0.0268041603267, 0.00218207831495, 0.000582758861128, 0.00212141196243, 0.0181504450738], "min": [0, 0, 0, 0, 0, 0, 0, 0, 0, 0, 0, 0, 0, 0, 0, 0, 0, 0, 0, 0, 0, 0, 0, 0, 0, 0, 0, 0, 0, 0, 0, 0, 0, 0, 0, 0], "dvar2": [0.0432257950306, 0.0424754358828, 0.0279226023704, 0.0339335873723, 0.04616696015, 0.0494349487126, 0.0512622818351, 0.0595635958016, 0.0699982717633, 0.072551779449, 0.0662539824843, 0.0426785796881, 0.0327432453632, 0.0327062569559, 0.0592299029231, 0.0497595742345, 0.0571871846914, 0.037839371711, 0.0287024024874, 0.0285507887602, 0.022988775745, 0.0288292318583, 0.0216221828014, 0.0247716363519, 0.0228197630495, 0.0157093834132, 0.0155943250284, 0.0214338283986, 0.0290500018746, 0.0541739203036, 0.0671249330044, 0.0448311269283, 0.0256533250213, 0.0193875208497, 0.0339483171701, 0.0380307883024], "dvar": [0.0185280162841, 0.0172452218831, 0.0101440418512, 0.0121246585622, 0.0166227072477, 0.0186701826751, 0.0204020049423, 0.0227831564844, 0.0271843411028, 0.029938256368, 0.0259712897241, 0.0155443595722, 0.0117957601324, 0.0123018650338, 0.0228410605341, 0.021815629676, 0.0226485226303, 0.0142858186737, 0.0116277346388, 0.0102830305696, 0.00886217039078, 0.01273836568, 0.00843692570925, 0.00919703766704, 0.0106274485588, 0.00636226497591, 0.00590657722205, 0.00902322866023, 0.0106072584167, 0.0201700590551, 0.0301972553134, 0.0181418061256, 0.00920293480158, 0.00664812047035, 0.0123188495636, 0.0162993147969], "dmean": [0.0649840757251, 0.0707846879959, 0.0334235057235, 0.0293570384383, 0.0397634357214, 0.0559112802148, 0.0563657954335, 0.0750990882516, 0.0932323932648, 0.0928627848625, 0.0809432417154, 0.0419564694166, 0.0311884172261, 0.0370182469487, 0.0744306370616, 0.0814079195261, 0.077469818294, 0.0446627959609, 0.0313701033592, 0.0307755935937, 0.0382907912135, 0.0505767464638, 0.0450974963605, 0.0390740148723, 0.0366208180785, 0.0323821343482, 0.0316230170429, 0.0429458245635, 0.0493284091353, 0.0808496251702, 0.0905629321933, 0.0756221264601, 0.028979787603, 0.0188072901219, 0.0373063981533, 0.0710227712989], "max": [1, 1, 1, 1, 1, 1, 1, 1, 1, 1, 1, 1, 1, 1, 1, 1, 1, 1, 1, 1, 1, 1, 1, 1, 1, 1, 1, 1, 1, 1, 1, 1, 1, 1, 1, 1], "var": [0.162942111492, 0.0492867492139, 0.0112999808043, 0.0164258275181, 0.0149951539934, 0.0442607998848, 0.112595543265, 0.0592197664082, 0.0592664182186, 0.106004752219, 0.0422466769814, 0.0135453930125, 0.0161969028413, 0.0111509216949, 0.0450452752411, 0.10149858892, 0.0432287305593, 0.0293401516974, 0.0529511235654, 0.0164197646081, 0.0219781193882, 0.0647235736251, 0.0282995421439, 0.0365141518414, 0.0884235277772, 0.025633295998, 0.017883758992, 0.0456729754806, 0.0166882742196, 0.0599464438856, 0.164387971163, 0.0603210628033, 0.00738212140277, 0.00464523257688, 0.0105272335932, 0.0730788484216], "mean": [0.307106614113, 0.158706814051, 0.0337320528924, 0.0346028581262, 0.0361915156245, 0.106548435986, 0.183022096753, 0.137747973204, 0.15800909698, 0.215198248625, 0.119532324374, 0.0408530458808, 0.0400873161852, 0.0369713790715, 0.133240476251, 0.225025355816, 0.132032245398, 0.0674695819616, 0.0792350023985, 0.0451771914959, 0.0727471113205, 0.131196781993, 0.0915239453316, 0.0989461317658, 0.141628086567, 0.0746864527464, 0.066040828824, 0.106686189771, 0.0739344805479, 0.184403643012, 0.325836628675, 0.184688046575, 0.0271952562034, 0.0135968560353, 0.0328820869327, 0.191472709179]}, "tuning_equal_tempered_deviation": 0.00231543765403, "chords_changes_rate": 0.0274160392582, "key_key": "C", "tuning_diatonic_strength": 0.51087385416, "key_scale": "major", "chords_number_rate": 0.00274160387926, "tuning_frequency": 443.060424805, "tuning_nontempered_energy_ratio": 0.600993037224, "chords_histogram": [13.6166324615, 1.07379484177, 11.8117427826, 13.9593324661, 7.3794836998, 5.5060544014, 3.632625103, 0, 0, 0, 0, 0, 0, 0, 0, 0.365547180176, 0, 11.9716701508, 0, 0.799634456635, 4.75211334229, 4.40941286087, 11.9031295776, 8.81882572174], "key_strength": 0.76018589735, "chords_key": "B", "chords_strength": {"dmean2": 0.00424449006096, "median": 0.62118524313, "min": 0.250954061747, "dvar2": 2.08911442314e-05, "dvar": 4.136289499e-05, "dmean": 0.00642473716289, "max": 0.849681019783, "var": 0.013348383829, "mean": 0.595034718513}, "chords_scale": "minor", "hpcp_entropy": {"dmean2": 0.707382202148, "median": 1.59968924522, "min": 0, "dvar2": 0.426138073206, "dvar": 0.162467837334, "dmean": 0.4230697155, "max": 3.57644200325, "var": 0.342688530684, "mean": 1.5357452631}}, "metadata": {"audio_properties": {"equal_loudness": 0, "codec": "mp3", "downmix": "mix", "sample_rate": 44100, "analysis_sample_rate": 44100, "bit_rate": 231204, "md5_encoded": "99995e4af5c5d3f9e5c60bbd0dee4edb", "length": 203.180404663, "replay_gain": -6.20765113831, "lossless": false}, "version": {"essentia_build_sha": "70f2e5ece6736b2c40cc944ad0e695b16b925413", "essentia": "2.1-beta2", "extractor": "music 1.0", "essentia_git_sha": "v2.1_beta2"}, "tags": {"title": ["The Right Moment"], "artist": ["Gerry Rafferty"], "albumartist": ["Gerry Rafferty"], "date": ["1996"], "encodedby": ["Exact Audio Copy   (Secure mode)"], "album": ["Right Down the LineThe Best of Gerry Rafferty"], "tracknumber": ["15"], "musicbrainz_recordingid": ["17cdf3d8-9315-49a3-b9b4-611bbacd8565"], "file_name": "416730.mp3"}}, "rhythm": {"bpm_histogram_first_peak_bpm": {"dmean2": 0, "median": 167, "min": 167, "dvar2": 0, "dvar": 0, "dmean": 0, "max": 167, "var": 0, "mean": 167}, "bpm": 165.048934937, "bpm_histogram_second_peak_spread": {"dmean2": 0, "median": 0.240384638309, "min": 0.240384638309, "dvar2": 0, "dvar": 0, "dmean": 0, "max": 0.240384638309, "var": 0, "mean": 0.240384638309}, "bpm_histogram_first_peak_weight": {"dmean2": 0, "median": 0.337325334549, "min": 0.337325334549, "dvar2": 0, "dvar": 0, "dmean": 0, "max": 0.337325334549, "var": 0, "mean": 0.337325334549}, "onset_rate": 1.41241669655, "beats_position": [0.626938760281, 1.26548755169, 1.90403628349, 2.54258489609, 3.26240348816, 3.98222208023, 4.7020406723, 5.42185926437, 6.15328788757, 6.88471651077, 7.61614513397, 8.34757328033, 9.04417228699, 9.75238037109, 10.4838094711, 11.2152376175, 11.9350566864, 12.6548748016, 13.3746938705, 14.0829019547, 14.7911109924, 15.4993190765, 16.2075271606, 16.9389572144, 17.6703853607, 18.4018135071, 19.1332416534, 19.8646717072, 20.5960998535, 21.3159179688, 22.035736084, 22.6858959198, 23.3360538483, 23.9165534973, 24.497051239, 25.0775508881, 25.5883903503, 26.0992279053, 26.6100673676, 27.1209068298, 27.6433563232, 28.1541938782, 28.6650333405, 29.1758728027, 29.686712265, 30.1859397888, 30.6735591888, 31.17278862, 31.5559177399, 31.9274368286, 32.2989578247, 32.6704750061, 33.0187759399, 33.3670730591, 33.7269821167, 34.0868911743, 34.4468002319, 34.8067131042, 35.1782302856, 35.5265312195, 35.8864402771, 36.2347373962, 36.5946464539, 36.9429473877, 37.3028564453, 37.6627655029, 38.0226745605, 38.3825836182, 38.730884552, 39.0907936096, 39.4507026672, 39.8222198486, 40.1937408447, 40.5536499023, 40.91355896, 41.2850799561, 41.6449890137, 42.0048980713, 42.3648071289, 42.7247161865, 43.0846252441, 43.4213142395, 43.7580032349, 44.0946922302, 44.4429931641, 44.7912902832, 45.139591217, 45.4878921509, 45.8478012085, 46.2077102661, 46.5443992615, 46.8694763184, 47.1945571899, 47.5312461853, 47.8563270569, 48.1814041138, 48.5064849854, 48.8431739807, 49.1682548523, 49.5049438477, 49.841632843, 50.1783218384, 50.5033988953, 50.8168716431, 51.1303405762, 51.4554176331, 51.7921066284, 52.1171875, 52.4422683716, 52.7673454285, 53.0808143616, 53.4058952332, 53.7541923523, 54.1257133484, 54.485622406, 54.8571434021, 55.2518806458, 55.6466217041, 56.0413589478, 56.4361000061, 56.8308372498, 57.2139663696, 57.5970954895, 57.9802246094, 58.3517456055, 58.7232627869, 59.094783783, 59.4430847168, 59.7913818359, 60.162902832, 60.5344200134, 60.9059410095, 61.2658500671, 61.6141471863, 61.9740562439, 62.3223571777, 62.6706581116, 63.0189552307, 63.3556442261, 63.6923332214, 64.0522460938, 64.4121551514, 64.772064209, 65.1203613281, 65.4802703857, 65.8401794434, 66.200088501, 66.5599975586, 66.9779586792, 67.3959197998, 67.8254852295, 68.2550582886, 68.6846237183, 69.1025848389, 69.5321502686, 69.9501113892, 70.3796844482, 70.8208618164, 71.3316955566, 71.8193206787, 72.3069381714, 72.7945556641, 73.2821731567, 73.7697982788, 74.2574157715, 74.7566452026, 75.2558746338, 75.7551040649, 76.1266174316, 76.4981384277, 76.8580474854, 77.217956543, 77.5778656006, 77.9377746582, 78.2976837158, 78.6459884644, 79.005897522, 79.3658065796, 79.7257156372, 80.0856246948, 80.4571380615, 80.8054428101, 81.1537399292, 81.5136489868, 81.8735580444, 82.2218551636, 82.5701599121, 82.9184570312, 83.2667541504, 83.626663208, 83.9865722656, 84.3464813232, 84.7063903809, 85.077911377, 85.449432373, 85.8209533691, 86.1808624268, 86.5523757935, 86.9122848511, 87.2722015381, 87.6321105957, 88.0036239624, 88.3751449585, 88.7350540161, 89.1065750122, 89.4548721313, 89.814781189, 90.1746902466, 90.5345993042, 90.9061203003, 91.2660293579, 91.6259384155, 91.9858474731, 92.3457565308, 92.7172775269, 93.0771865845, 93.4370956421, 93.7970046997, 94.1569137573, 94.5284347534, 94.8999557495, 95.2598648071, 95.6197738647, 95.9680709839, 96.316368103, 96.6646728516, 97.0245819092, 97.3844909668, 97.7327880859, 98.0926971436, 98.4526062012, 98.8125152588, 99.1840362549, 99.555557251, 99.9270706177, 100.298591614, 100.67011261, 101.064849854, 101.459587097, 101.842720032, 102.225845337, 102.597366333, 102.968887329, 103.352012634, 103.72353363, 104.095054626, 104.466575623, 104.82648468, 105.186393738, 105.546302795, 105.906211853, 106.266120911, 106.626029968, 106.974327087, 107.334236145, 107.694145203, 108.065666199, 108.425575256, 108.785484314, 109.133781433, 109.493690491, 109.853607178, 110.213516235, 110.573425293, 110.921722412, 111.28163147, 111.641540527, 111.989837646, 112.338134766, 112.686439514, 113.046348572, 113.406257629, 113.766166687, 114.126075745, 114.497596741, 114.869110107, 115.229019165, 115.588935852, 115.94884491, 116.308753967, 116.680267334, 117.05178833, 117.423309326, 117.794830322, 118.189567566, 118.58430481, 119.037094116, 119.478271484, 119.919456482, 120.36063385, 120.801811218, 121.242988586, 121.684173584, 122.113739014, 122.531700134, 122.938049316, 123.344398499, 123.750747681, 124.168708801, 124.575057983, 124.923355103, 125.28326416, 125.643173218, 126.003082275, 126.362991333, 126.722900391, 127.082809448, 127.431106567, 127.791015625, 128.150924683, 128.499221802, 128.859130859, 129.219039917, 129.590560913, 129.938858032, 130.29876709, 130.658676147, 131.018585205, 131.378494263, 131.73840332, 132.098312378, 132.469833374, 132.84135437, 133.201263428, 133.561172485, 133.909469604, 134.280990601, 134.62928772, 134.989196777, 135.360717773, 135.73223877, 136.103759766, 136.475280762, 136.823577881, 137.171875, 137.531784058, 137.880081177, 138.228393555, 138.588302612, 138.936599731, 139.296508789, 139.644805908, 140.016326904, 140.3878479, 140.770965576, 141.154098511, 141.50239563, 141.850692749, 142.199005127, 142.547302246, 142.895599365, 143.243896484, 143.603805542, 143.975326538, 144.335235596, 144.695144653, 145.066665649, 145.40335083, 145.751647949, 146.099945068, 146.448257446, 146.808166504, 147.168075562, 147.527984619, 147.876281738, 148.224578857, 148.584487915, 148.944396973, 149.30430603, 149.664215088, 150.024124146, 150.372421265, 150.732330322, 151.09223938, 151.440536499, 151.788833618, 152.160354614, 152.520263672, 152.86857605, 153.251693726, 153.646438599, 154.041183472, 154.435913086, 154.830657959, 155.225387573, 155.620132446, 156.014877319, 156.409606934, 156.792739868, 157.175872803, 157.570602417, 157.96534729, 158.348480225, 158.731613159, 159.126342773, 159.509475708, 159.892608643, 160.275741577, 160.658859253, 161.030380249, 161.401901245, 161.78503418, 162.168167114, 162.55128479, 162.922805786, 163.294326782, 163.677459717, 164.072189331, 164.466934204, 164.861679077, 165.244796753, 165.627929688, 165.999450684, 166.37097168, 166.742492676, 167.102401733, 167.473922729, 167.833831787, 168.193740845, 168.553649902, 168.91355896, 169.285079956, 169.633377075, 169.993286133, 170.35319519, 170.713104248, 171.073013306, 171.432922363, 171.781219482, 172.14112854, 172.501037598, 172.860946655, 173.220855713, 173.580764771, 173.940673828, 174.300582886, 174.648880005, 175.008789062, 175.36869812, 175.717010498, 176.065307617, 176.413604736, 176.773513794, 177.133422852, 177.504943848, 177.876464844, 178.236373901, 178.607894897, 178.979400635, 179.362533569, 179.734054565, 180.093963623, 180.453872681, 180.813781738, 181.173690796, 181.533599854, 181.893508911, 182.253417969, 182.613327026, 182.973236084, 183.34475708, 183.704666138, 184.064575195, 184.424484253, 184.796005249, 185.167526245, 185.527435303, 185.898956299, 186.258865356, 186.630386353, 187.001907349, 187.361816406, 187.721725464, 188.081634521, 188.441543579, 188.882720947, 189.323898315, 189.765075684, 190.206253052, 190.612609863, 191.018951416, 191.413696289, 191.901306152, 192.388931274, 192.876556396, 193.36416626, 193.86340332, 194.362625122, 194.885070801, 195.419128418, 195.953201294, 196.522079468, 197.0909729, 197.683074951, 198.286804199, 198.890518188, 199.47102356, 200.051513672, 200.632019043, 201.212509155, 201.793014526, 202.373504639], "beats_loudness": {"dmean2": 0.0229205247015, "median": 0.0201149508357, "min": 7.47194928152e-09, "dvar2": 0.000793007435277, "dvar": 0.000297734077321, "dmean": 0.0137769868597, "max": 0.137515768409, "var": 0.000461048388388, "mean": 0.0259792972356}, "danceability": 0.916077315807, "bpm_histogram_second_peak_weight": {"dmean2": 0, "median": 0.157684639096, "min": 0.157684639096, "dvar2": 0, "dvar": 0, "dmean": 0, "max": 0.157684639096, "var": 0, "mean": 0.157684639096}, "beats_count": 502, "bpm_histogram_second_peak_bpm": {"dmean2": 0, "median": 161, "min": 161, "dvar2": 0, "dvar": 0, "dmean": 0, "max": 161, "var": 0, "mean": 161}, "bpm_histogram_first_peak_spread": {"dmean2": 0, "median": 0, "min": 0, "dvar2": 0, "dvar": 0, "dmean": 0, "max": 0, "var": 0, "mean": 0}, "beats_loudness_band_ratio": {"dmean2": [0.216457188129, 0.308662354946, 0.250702798367, 0.102019652724, 0.0299852658063, 0.0186746176332], "median": [0.278488487005, 0.417273521423, 0.215311616659, 0.0364566519856, 0.00709884427488, 0.000955114723183], "min": [0.00253657600842, 0.0293722227216, 0.00905452296138, 0.00337454909459, 0.000228598801186, 4.95495660289e-05], "dvar2": [0.0306124538183, 0.0524047538638, 0.039612211287, 0.0195025801659, 0.00309061957523, 0.00490487320349], "dvar": [0.012780864723, 0.0185989849269, 0.0154498778284, 0.00697324471548, 0.00109558436088, 0.00174144527409], "dmean": [0.131655141711, 0.182185009122, 0.149865359068, 0.0581896007061, 0.0166525989771, 0.0104417772964], "max": [0.866375863552, 0.921066462994, 0.867559552193, 0.528539836407, 0.281307369471, 0.443450570107], "var": [0.0318959988654, 0.0377043299377, 0.0312928818166, 0.00973914470524, 0.00090439338237, 0.00112040003296], "mean": [0.308191567659, 0.427774846554, 0.261114478111, 0.0773368254304, 0.0171277355403, 0.00816567149013]}}, "lowlevel": {"barkbands_spread": {"dmean2": 2.33156085014, "median": 6.19014501572, "min": 0.54562163353, "dvar2": 16.1943740845, "dvar": 9.78217220306, "dmean": 1.64933228493, "max": 104.70500946, "var": 58.8134155273, "mean": 8.02703857422}, "melbands_spread": {"dmean2": 2.67990899086, "median": 7.59429550171, "min": 0.829035818577, "dvar2": 21.8970241547, "dvar": 10.7692470551, "dmean": 1.84903347492, "max": 157.383056641, "var": 85.8432388306, "mean": 9.41221237183}, "hfc": {"dmean2": 3.09929966927, "median": 5.59056949615, "min": 1.11311723033e-16, "dvar2": 31.1604919434, "dvar": 16.3855037689, "dmean": 2.26363611221, "max": 92.7888641357, "var": 114.106140137, "mean": 9.42881011963}, "barkbands_kurtosis": {"dmean2": 3.58975362778, "median": 4.00783920288, "min": -1.80114138126, "dvar2": 40.4115066528, "dvar": 17.8373126984, "dmean": 2.3904004097, "max": 129.209945679, "var": 54.8618202209, "mean": 5.89624214172}, "gfcc": {"mean": [-113.08694458, 167.777603149, -90.7812423706, -2.52105855942, -44.6665687561, -6.00586557388, -35.6005821228, 1.9628149271, -22.0928974152, 2.89277744293, -8.32117271423, -0.54028660059, -4.94970750809], "icov": [[0.000272087636404, -0.000723075179849, 0.000693710171618, -0.000688994536176, 0.000963092490565, -0.000641821534373, 0.000829851836897, -0.000745350669604, 0.000833478057757, -0.000372515933122, 0.000588766590226, -0.000446812919108, 0.000311312323902], [-0.000723075179849, 0.00384356104769, -0.00139360129833, 0.0032045354601, -0.00414682133123, 0.00273826601915, -0.00298504368402, 0.00298602227122, -0.00286379572935, 0.00215710070916, -0.00257196300663, 0.0026956514921, -0.0022157120984], [0.000693710171618, -0.00139360129833, 0.00492214271799, -0.00110158708412, 0.00111622584518, -0.00271427421831, 0.00213615852408, -0.00158292776905, 0.00240369257517, -0.00139417324681, 0.00227086618543, -0.00118920160457, 0.000522172311321], [-0.000688994536176, 0.0032045354601, -0.00110158708412, 0.00718459300697, -0.00411818129942, 0.00166232162155, -0.00174094666727, 0.00258870003745, -0.00257127080113, -0.000367689848645, -0.00130573427305, 0.0010477702599, -0.00252447719686], [0.000963092490565, -0.00414682133123, 0.00111622584518, -0.00411818129942, 0.00974140781909, -0.00233619217761, 0.00301006552763, -0.00258355424739, 0.000126243699924, -0.000260475615505, 0.00209987116978, -0.00206998852082, 0.00179620669223], [-0.000641821534373, 0.00273826601915, -0.00271427421831, 0.00166232162155, -0.00233619217761, 0.0105624515563, -0.00292916316539, 0.000689092557877, 2.33935297729e-05, 0.000578481762204, -0.000336408149451, 0.00111273792572, -0.000380269746529], [0.000829851836897, -0.00298504368402, 0.00213615852408, -0.00174094666727, 0.00301006552763, -0.00292916316539, 0.00958825089037, -0.00350364740007, 0.00079394277418, 0.00188652938232, -0.000369184301235, -0.00157612585463, 0.00131930725183], [-0.000745350669604, 0.00298602227122, -0.00158292776905, 0.00258870003745, -0.00258355424739, 0.000689092557877, -0.00350364740007, 0.0113077228889, -0.00281056086533, -0.000248211581493, -0.000998626812361, 0.00162802834529, -0.000782709335908], [0.000833478057757, -0.00286379572935, 0.00240369257517, -0.00257127080113, 0.000126243699924, 2.33935297729e-05, 0.00079394277418, -0.00281056086533, 0.014525542967, -0.00582381291315, 0.00215480895713, 0.000110036504338, -0.00105964078102], [-0.000372515933122, 0.00215710070916, -0.00139417324681, -0.000367689848645, -0.000260475615505, 0.000578481762204, 0.00188652938232, -0.000248211581493, -0.00582381291315, 0.0150007791817, -0.0049549122341, 0.000465750141302, 0.00113345228601], [0.000588766590226, -0.00257196300663, 0.00227086618543, -0.00130573427305, 0.00209987116978, -0.000336408149451, -0.000369184301235, -0.000998626812361, 0.00215480895713, -0.0049549122341, 0.015576062724, -0.00561104621738, 0.00406773481518], [-0.000446812919108, 0.0026956514921, -0.00118920160457, 0.0010477702599, -0.00206998852082, 0.00111273792572, -0.00157612585463, 0.00162802834529, 0.000110036504338, 0.000465750141302, -0.00561104621738, 0.0172844491899, -0.00766216730699], [0.000311312323902, -0.0022157120984, 0.000522172311321, -0.00252447719686, 0.00179620669223, -0.000380269746529, 0.00131930725183, -0.000782709335908, -0.00105964078102, 0.00113345228601, 0.00406773481518, -0.00766216730699, 0.0141212157905]], "cov": [[16147.0058594, -895.394836426, -1055.44482422, 424.5574646, -1184.36083984, 362.564666748, -719.126098633, 350.354248047, -636.440307617, 199.327224731, -186.794921875, 90.7787246704, -95.2126541138], [-895.394836426, 2254.03149414, -182.249053955, -369.102081299, 567.710998535, -347.097747803, 380.921173096, -226.162200928, 280.732666016, -260.161712646, 113.988235474, -119.064796448, 128.990875244], [-1055.44482422, -182.249053955, 390.915588379, 10.4793539047, 29.1140537262, 75.2009353638, -33.2701721191, 12.9898605347, -21.9661865234, 18.3422336578, -35.7160377502, 7.94004774094, -4.28370952606], [424.5574646, -369.102081299, 10.4793539047, 293.449371338, -24.93567276, 40.4733543396, -83.4734039307, 19.8761367798, -6.79859352112, 69.3760375977, -18.8340854645, 35.8966178894, 16.7849884033], [-1184.36083984, 567.710998535, 29.1140537262, -24.93567276, 357.872924805, -89.6470870972, 97.778465271, -61.7227096558, 126.955551147, -57.7560882568, 24.3391609192, -24.5804595947, 42.9757461548], [362.564666748, -347.097747803, 75.2009353638, 40.4733543396, -89.6470870972, 179.742385864, -43.3500747681, 49.3969306946, -67.6250305176, 30.1980514526, -29.7156124115, 13.4983854294, -26.5831718445], [-719.126098633, 380.921173096, -33.2701721191, -83.4734039307, 97.778465271, -43.3500747681, 232.724441528, -16.6164131165, 58.1504325867, -69.472328186, 37.8772850037, -17.3752212524, 15.2628612518], [350.354248047, -226.162200928, 12.9898605347, 19.8761367798, -61.7227096558, 49.3969306946, -16.6164131165, 138.414352417, -21.4974327087, 33.1956481934, -12.3488721848, 5.4955906868, -19.4699897766], [-636.440307617, 280.732666016, -21.9661865234, -6.79859352112, 126.955551147, -67.6250305176, 58.1504325867, -21.4974327087, 155.760162354, 4.34722089767, 20.8936595917, -15.4726657867, 30.007434845], [199.327224731, -260.161712646, 18.3422336578, 69.3760375977, -57.7560882568, 30.1980514526, -69.472328186, 33.1956481934, 4.34722089767, 126.570251465, 12.515422821, 15.2631578445, -22.1573200226], [-186.794921875, 113.988235474, -35.7160377502, -18.8340854645, 24.3391609192, -29.7156124115, 37.8772850037, -12.3488721848, 20.8936595917, 12.515422821, 97.9469223022, 12.9556932449, -8.78354549408], [90.7787246704, -119.064796448, 7.94004774094, 35.8966178894, -24.5804595947, 13.4983854294, -17.3752212524, 5.4955906868, -15.4726657867, 15.2631578445, 12.9556932449, 90.0041809082, 33.5764884949], [-95.2126541138, 128.990875244, -4.28370952606, 16.7849884033, 42.9757461548, -26.5831718445, 15.2628612518, -19.4699897766, 30.007434845, -22.1573200226, -8.78354549408, 33.5764884949, 112.404556274]]}, "spectral_energyband_middle_low": {"dmean2": 0.0061176889576, "median": 0.010741869919, "min": 1.74788503993e-22, "dvar2": 0.000126727783936, "dvar": 5.90233648836e-05, "dmean": 0.00424595270306, "max": 0.179955258965, "var": 0.000281262036879, "mean": 0.0159344114363}, "melbands_crest": {"dmean2": 3.36286640167, "median": 11.6855983734, "min": 1.54444217682, "dvar2": 12.7674884796, "dvar": 5.23817157745, "dmean": 2.17500448227, "max": 31.6901874542, "var": 18.6268005371, "mean": 12.6816072464}, "spectral_kurtosis": {"dmean2": 14.4623374939, "median": 20.8582496643, "min": -1.24667608738, "dvar2": 288.016479492, "dvar": 96.6319198608, "dmean": 8.3516254425, "max": 120.882568359, "var": 368.472991943, "mean": 25.8926010132}, "spectral_rms": {"dmean2": 0.000622457300778, "median": 0.00402663182467, "min": 3.17413803574e-12, "dvar2": 6.84567737608e-07, "dvar": 3.25973729787e-07, "dmean": 0.000435894326074, "max": 0.0134688979015, "var": 4.20389142164e-06, "mean": 0.00408583553508}, "zerocrossingrate": {"dmean2": 0.00469430815428, "median": 0.021484375, "min": 0.0068359375, "dvar2": 5.9563350078e-05, "dvar": 5.17504922755e-05, "dmean": 0.00384040921926, "max": 0.521484375, "var": 0.00118675432168, "mean": 0.0281227566302}, "silence_rate_60dB": {"dmean2": 0.0137142855674, "median": 0, "min": 0, "dvar2": 0.0174124706537, "dvar": 0.00680841458961, "dmean": 0.00685635907575, "max": 1, "var": 0.109548442066, "mean": 0.125228524208}, "erbbands_kurtosis": {"dmean2": 2.02924442291, "median": 1.57835006714, "min": -1.83866083622, "dvar2": 7.52561330795, "dvar": 3.5792131424, "dmean": 1.3833835125, "max": 46.9805679321, "var": 11.793097496, "mean": 2.4675245285}, "erbbands": {"dmean2": [0.00741273211315, 0.145293802023, 0.734222888947, 2.2709403038, 5.74251651764, 12.9267978668, 15.0317392349, 11.6935224533, 14.3408222198, 19.993270874, 31.652217865, 11.0887088776, 13.4304428101, 18.3078193665, 13.9692115784, 10.4238452911, 10.2626686096, 10.2833328247, 5.57676362991, 3.50552105904, 2.22769546509, 2.07601499557, 3.13097834587, 2.45546984673, 1.34050786495, 0.6253734231, 0.745647370815, 0.616774916649, 0.290790528059, 0.210865095258, 0.168406993151, 0.145471632481, 0.207794219255, 0.1893158108, 0.0833165049553, 0.0227700322866, 0.00634433096275, 0.00108699919656, 7.29082676116e-05, 8.47972296469e-06], "median": [0.037653259933, 0.350138485432, 0.793328642845, 1.57094705105, 4.16708660126, 9.45190620422, 11.3916950226, 15.7113513947, 15.9152603149, 11.2777767181, 7.47080898285, 5.12851333618, 5.9695057869, 3.99822568893, 3.34193539619, 3.26074886322, 2.06025028229, 2.00877857208, 1.62647223473, 0.990313410759, 0.597609162331, 0.483980119228, 0.364128142595, 0.286518871784, 0.14282861352, 0.0684869289398, 0.0453314781189, 0.0248187147081, 0.0147156026214, 0.00721545144916, 0.00393885141239, 0.00249716825783, 0.00177894800436, 0.0012269297149, 0.000719033996575, 0.000332237919793, 0.000116075025289, 2.81532029476e-05, 1.30965290737e-05, 1.93662308448e-05], "min": [1.41856337991e-22, 4.87871670544e-22, 1.7048590263e-21, 9.8522623172e-21, 2.03850874834e-20, 2.40624465279e-20, 7.11481890923e-20, 7.42685599321e-20, 1.61446501169e-19, 1.89359245651e-19, 5.05998788408e-19, 3.42959344174e-19, 5.25055582155e-19, 9.16274685367e-19, 8.87368238476e-19, 1.05055339575e-18, 1.76798647636e-18, 2.79197817206e-18, 3.74221513562e-18, 4.02499840855e-18, 4.20099638671e-18, 3.90913108424e-18, 6.2818324969e-18, 7.12836541348e-18, 9.48265709442e-18, 9.21657046216e-18, 1.08962103268e-17, 1.1907023381e-17, 1.04804784499e-17, 1.2355107946e-17, 1.0823611166e-17, 1.22269975214e-17, 1.01431202817e-17, 7.03161257877e-18, 6.27559265995e-18, 4.12223224878e-18, 2.22515245051e-18, 9.85992776116e-19, 2.88663932549e-19, 2.53794230762e-20], "dvar2": [0.000192074207007, 0.0594324842095, 2.03880047798, 39.9044342041, 275.605529785, 992.825378418, 1862.54333496, 1985.82836914, 2553.26831055, 2952.44750977, 20112.3066406, 1340.19128418, 1782.0982666, 5021.06884766, 4585.79296875, 1569.24890137, 2098.24487305, 1756.60644531, 593.284484863, 251.056121826, 127.457344055, 52.9521903992, 170.985305786, 135.135925293, 61.1132659912, 9.7134552002, 27.5914039612, 12.9632358551, 2.00866675377, 2.92854452133, 1.91697275639, 0.85012871027, 1.78776943684, 1.22776043415, 0.174557700753, 0.0153347011656, 0.00109620054718, 3.82629077649e-05, 2.10779489862e-07, 2.42596276401e-10], "dvar": [9.75313596427e-05, 0.0253877658397, 0.789828360081, 16.7989692688, 118.852531433, 471.380340576, 796.388305664, 972.495117188, 1461.72314453, 1425.32202148, 8534.69042969, 1028.49768066, 1012.99243164, 2456.24072266, 2024.53637695, 648.530151367, 938.273498535, 767.266052246, 274.427246094, 113.754165649, 62.6592521667, 23.7975063324, 85.2882003784, 57.8228645325, 27.7777271271, 5.72726392746, 17.4767875671, 7.43583679199, 1.43939483166, 1.87236475945, 1.21736705303, 0.513374686241, 1.06813657284, 0.735521912575, 0.0946548581123, 0.00893331412226, 0.000703719793819, 2.17578726733e-05, 9.95500926138e-08, 1.14933521034e-10], "dmean": [0.00509283179417, 0.0948547571898, 0.447670608759, 1.42020583153, 3.8030898571, 8.74218177795, 10.0553274155, 9.16560459137, 11.9925441742, 14.4289274216, 21.3026924133, 8.91550159454, 10.3483772278, 12.9753074646, 9.60911560059, 6.95266008377, 6.67182064056, 6.62167167664, 3.65648293495, 2.37668514252, 1.51838815212, 1.38236916065, 2.13573479652, 1.61470067501, 0.912606716156, 0.441936820745, 0.545600116253, 0.453037917614, 0.226870417595, 0.165940061212, 0.132488787174, 0.108918346465, 0.162806615233, 0.140123397112, 0.061693187803, 0.0177316330373, 0.00495019275695, 0.000845624017529, 5.17531079822e-05, 5.92450396653e-06], "max": [0.348534226418, 3.78514552116, 25.1760749817, 103.694747925, 475.827606201, 626.080993652, 626.607727051, 1304.77966309, 1529.60217285, 974.592773438, 2040.7166748, 1455.38452148, 1301.57080078, 1287.7166748, 1714.88183594, 849.016967773, 987.383483887, 834.943237305, 591.738647461, 368.137969971, 324.434326172, 126.404243469, 511.096099854, 237.163253784, 259.852294922, 153.567718506, 360.08996582, 185.175476074, 78.6327590942, 79.5612487793, 65.9680557251, 30.9968109131, 57.0914306641, 41.591960907, 11.66751194, 4.0790348053, 1.07406914234, 0.216200277209, 0.0155033618212, 0.00033820833778], "var": [0.00234685116448, 0.275151818991, 4.79876089096, 39.0505828857, 419.010253906, 1643.5168457, 1638.00073242, 2882.14331055, 5181.51806641, 4003.10375977, 29163.734375, 8324.16992188, 5740.94335938, 6347.609375, 3606.63598633, 1144.57397461, 1611.26135254, 1587.77990723, 511.535949707, 222.94934082, 129.099334717, 59.1187553406, 247.91506958, 178.002365112, 49.9430923462, 15.5214986801, 38.6246147156, 17.0332946777, 5.13490581512, 5.70488452911, 3.35640144348, 1.42421090603, 3.06069397926, 2.19652724266, 0.257361978292, 0.0201471056789, 0.00182231690269, 5.77084101678e-05, 1.82243951485e-07, 6.48798570424e-10], "mean": [0.0499817281961, 0.509862184525, 1.52974414825, 3.41534781456, 9.23846435547, 20.4756278992, 23.382900238, 30.309835434, 37.0595397949, 31.5177574158, 46.0261993408, 24.1873836517, 25.6405315399, 23.7545719147, 16.586265564, 12.0267009735, 10.6055278778, 10.5593347549, 6.25986480713, 4.33259963989, 3.05750012398, 2.74807024002, 4.11856555939, 3.35790729523, 1.56294822693, 0.847981214523, 1.06210005283, 0.90354847908, 0.471895813942, 0.324847638607, 0.248738408089, 0.216574698687, 0.312762379646, 0.277794122696, 0.122552864254, 0.0359742380679, 0.0106204813346, 0.00164133659564, 9.41784819588e-05, 2.63188940153e-05]}, "spectral_strongpeak": {"dmean2": 0.590614140034, "median": 0.653963446617, "min": 0, "dvar2": 0.808030605316, "dvar": 0.366563141346, "dmean": 0.37466531992, "max": 6.9737200737, "var": 1.30076289177, "mean": 1.04431962967}, "spectral_energy": {"dmean2": 0.00686135189608, "median": 0.016619104892, "min": 1.03270308693e-20, "dvar2": 0.00013527480769, "dvar": 6.42398372293e-05, "dmean": 0.00475381175056, "max": 0.185946494341, "var": 0.000380739336833, "mean": 0.0214202683419}, "average_loudness": 0.672293066978, "spectral_rolloff": {"dmean2": 199.782699585, "median": 495.263671875, "min": 129.19921875, "dvar2": 447653.90625, "dvar": 222032.6875, "dmean": 118.716773987, "max": 19444.4824219, "var": 1560063.25, "mean": 672.266601562}, "spectral_centroid": {"dmean2": 91.7363967896, "median": 441.979064941, "min": 178.131576538, "dvar2": 47460.6914062, "dvar": 24774.8085938, "dmean": 64.1438827515, "max": 11372.0214844, "var": 422594.6875, "mean": 552.822143555}, "pitch_salience": {"dmean2": 0.0755429118872, "median": 0.571270465851, "min": 0.136009484529, "dvar2": 0.0052146022208, "dvar": 0.00217214762233, "dmean": 0.0497342310846, "max": 0.924242973328, "var": 0.0102559477091, "mean": 0.564328014851}, "spectral_energyband_middle_high": {"dmean2": 0.00111390976235, "median": 0.000651389884297, "min": 1.3322202188e-21, "dvar2": 7.26861799194e-06, "dvar": 3.46793285644e-06, "dmean": 0.000798994326033, "max": 0.0447713881731, "var": 1.26520217236e-05, "mean": 0.00211469014175}, "spectral_contrast_coeffs": {"dmean2": [0.0555523745716, 0.051774263382, 0.0467091314495, 0.0416773334146, 0.0293156392872, 0.0198869034648], "median": [-0.634628534317, -0.656661868095, -0.7149938941, -0.752195894718, -0.780778765678, -0.802946507931], "min": [-0.977393984795, -0.9764341712, -0.978643417358, -0.973066806793, -0.965257108212, -0.963809669018], "dvar2": [0.00234472914599, 0.00195318344049, 0.00157199997921, 0.00113784126006, 0.000588148075622, 0.000347453460563], "dvar": [0.000938946031965, 0.000804019509815, 0.000663702317979, 0.000476065528346, 0.000257543113548, 0.000163553209859], "dmean": [0.0347472764552, 0.0332784317434, 0.0304149221629, 0.0256312862039, 0.0184094104916, 0.0126909893006], "max": [-0.246283784509, -0.354696273804, -0.450334489346, -0.541461110115, -0.557525157928, -0.655610084534], "var": [0.00797846633941, 0.00536120124161, 0.00494007207453, 0.00260853674263, 0.00212140544318, 0.001587613835], "mean": [-0.630520820618, -0.655433356762, -0.710146248341, -0.748760282993, -0.776083230972, -0.801324665546]}, "melbands_skewness": {"dmean2": 0.560168206692, "median": 1.54593634605, "min": -1.49627101421, "dvar2": 0.370103180408, "dvar": 0.172603428364, "dmean": 0.390504032373, "max": 8.53886985779, "var": 1.2168610096, "mean": 1.71210110188}, "spectral_spread": {"dmean2": 499810.59375, "median": 2090402.875, "min": 778872.5625, "dvar2": 795495235584, "dvar": 442306625536, "dmean": 328862.40625, "max": 42604392, "var": 7610789527550.0, "mean": 2830969.25}, "dissonance": {"dmean2": 0.0464779473841, "median": 0.400412738323, "min": 0.198662802577, "dvar2": 0.0017635616241, "dvar": 0.000662653998006, "dmean": 0.0283796712756, "max": 0.499923080206, "var": 0.00223106960766, "mean": 0.396943300962}, "spectral_skewness": {"dmean2": 0.949098408222, "median": 3.51797008514, "min": -0.0506865531206, "dvar2": 0.974081814289, "dvar": 0.330151289701, "dmean": 0.558881402016, "max": 8.71036911011, "var": 1.72236835957, "mean": 3.64189887047}, "spectral_flux": {"dmean2": 0.0211116969585, "median": 0.0359895974398, "min": 6.46854375619e-11, "dvar2": 0.000769871694501, "dvar": 0.000293154414976, "dmean": 0.0127283921465, "max": 0.261251807213, "var": 0.00109438237268, "mean": 0.0433157533407}, "spectral_contrast_valleys": {"dmean2": [0.392412245274, 0.404751479626, 0.39702335, 0.350288242102, 0.270131021738, 0.211567372084], "median": [-7.09722137451, -6.92017555237, -8.13558769226, -9.01891326904, -9.69059944153, -12.759437561], "min": [-27.9650440216, -27.7311897278, -27.6865272522, -27.6082077026, -27.510799408, -27.3631954193], "dvar2": [0.125592380762, 0.118881195784, 0.118231251836, 0.0988672152162, 0.0757057890296, 0.063463896513], "dvar": [0.05409245193, 0.0564339645207, 0.0556362941861, 0.0491398237646, 0.0453858189285, 0.0488821864128], "dmean": [0.237794891, 0.255781561136, 0.246725872159, 0.216615319252, 0.174719512463, 0.153502032161], "max": [-5.54970598221, -4.75911664963, -5.67814207077, -6.31735420227, -6.34167337418, -7.72256469727], "var": [2.30590987206, 2.50062990189, 2.32527947426, 2.27455329895, 2.23869132996, 2.58210015297], "mean": [-7.39880180359, -7.16840028763, -8.38453006744, -9.22753047943, -9.73644256592, -12.3443136215]}, "erbbands_flatness_db": {"dmean2": 0.0182457137853, "median": 0.242659747601, "min": 0.0296556092799, "dvar2": 0.00035555602517, "dvar": 0.000187952726264, "dmean": 0.0133680831641, "max": 0.426599085331, "var": 0.00337465200573, "mean": 0.236156880856}, "spectral_energyband_high": {"dmean2": 4.95357307955e-05, "median": 3.03532806356e-06, "min": 7.34148400697e-21, "dvar2": 7.61475433819e-08, "dvar": 5.3392799515e-08, "dmean": 4.00678000005e-05, "max": 0.0150172738358, "var": 1.77148422154e-07, "mean": 9.94981819531e-05}, "spectral_entropy": {"dmean2": 0.188184797764, "median": 6.28629922867, "min": 4.86943483353, "dvar2": 0.0381632596254, "dvar": 0.0197967961431, "dmean": 0.130555212498, "max": 9.82167243958, "var": 0.30986392498, "mean": 6.38515520096}, "silence_rate_20dB": {"dmean2": 0, "median": 1, "min": 1, "dvar2": 0, "dvar": 0, "dmean": 0, "max": 1, "var": 0, "mean": 1}, "melbands_flatness_db": {"dmean2": 0.0225082561374, "median": 0.347006857395, "min": 0.00339916255325, "dvar2": 0.00053670629859, "dvar": 0.000279180705547, "dmean": 0.0156898796558, "max": 0.532093465328, "var": 0.00541602587327, "mean": 0.334232419729}, "barkbands": {"dmean2": [8.17338332126e-06, 0.000520651927218, 0.000823432172183, 0.000965728424489, 0.00325640011579, 0.00158905272838, 0.000885199697223, 0.0015984447673, 0.000387421401683, 0.000639346893877, 0.000300304818666, 0.00023491140746, 0.000239713262999, 0.000186914476217, 9.73198693828e-05, 5.35047111043e-05, 4.99529596709e-05, 6.04117194598e-05, 3.51053495251e-05, 1.27667426568e-05, 1.87153418665e-05, 8.14233226265e-06, 6.21915251031e-06, 9.68250787992e-06, 1.3927744476e-05, 3.77656783712e-06, 5.03524290707e-07], "median": [3.05901303363e-05, 0.00160789559595, 0.0005075786612, 0.000553708989173, 0.00275696953759, 0.00196454627439, 0.000955460127443, 0.000371947186068, 0.000192270075786, 0.000158281138283, 5.18096931046e-05, 7.38436647225e-05, 3.3476655517e-05, 3.3469095797e-05, 2.7814270652e-05, 9.69412758423e-06, 9.57915653998e-06, 5.69264466321e-06, 4.22436960434e-06, 1.29200975607e-06, 8.68448580604e-07, 3.6895607991e-07, 1.45834007981e-07, 1.10963327415e-07, 1.03673876595e-07, 6.40507380467e-08, 2.16374491657e-08], "min": [1.32874439116e-24, 4.52692169196e-24, 3.58849793601e-25, 7.34394792881e-25, 8.08337328768e-24, 1.15240816337e-23, 7.61464712616e-24, 2.33332449767e-23, 2.03583227077e-23, 2.51789570362e-23, 1.87085352981e-23, 1.90081273149e-23, 3.75504038664e-23, 6.34212108491e-23, 7.47710891179e-23, 7.57778144725e-23, 5.49201428118e-23, 1.17030279458e-22, 1.46457656366e-22, 1.93787202843e-22, 2.70961578796e-22, 3.61914489622e-22, 3.83337755619e-22, 6.20769110872e-22, 8.61803250678e-22, 1.31690465472e-21, 1.96865290132e-21], "dvar2": [2.36577701873e-10, 7.51935090193e-07, 3.05761750496e-06, 1.01906016425e-05, 5.15724059369e-05, 2.85455680569e-05, 5.93225695411e-06, 3.17216909025e-05, 1.71974136265e-06, 3.61851402886e-06, 2.20932588491e-06, 7.89665989487e-07, 1.15263185307e-06, 6.03257149123e-07, 1.83405347798e-07, 7.12113745749e-08, 2.99625462219e-08, 6.88761474521e-08, 2.38424924248e-08, 3.93748367244e-09, 1.56592605549e-08, 1.94600402459e-09, 2.30979657623e-09, 3.74689257399e-09, 5.58054491506e-09, 4.03567873564e-10, 1.17354641629e-11], "dvar": [1.09762504641e-10, 3.30179972252e-07, 1.15107468446e-06, 4.36517484559e-06, 2.24970262934e-05, 1.42743747347e-05, 3.14924864142e-06, 1.34805086418e-05, 1.24230439269e-06, 1.83564031886e-06, 9.44874500419e-07, 3.25407341961e-07, 5.12531073582e-07, 2.6323132829e-07, 8.42260661216e-08, 3.47087052432e-08, 1.33145841019e-08, 3.14093746567e-08, 1.06601421024e-08, 2.37443043005e-09, 9.41304723057e-09, 1.30028121603e-09, 1.52058854397e-09, 2.26726259989e-09, 3.30384875014e-09, 2.46888898214e-10, 5.55163380545e-12], "dmean": [5.22727214047