{"tonal": {"thpcp": [1, 0.505753278732, 0.210739716887, 0.227037906647, 0.142559573054, 0.107537068427, 0.129046425223, 0.119791299105, 0.199590802193, 0.281071603298, 0.198532000184, 0.196255534887, 0.234408080578, 0.211990043521, 0.498959094286, 0.752845048904, 0.459428489208, 0.150242462754, 0.0923400819302, 0.103171423078, 0.329032629728, 0.515179514885, 0.346231967211, 0.382021933794, 0.551439464092, 0.340831309557, 0.187146127224, 0.171676144004, 0.123244963586, 0.173397794366, 0.217922627926, 0.159993484616, 0.119463793933, 0.119405739009, 0.158503040671, 0.680386424065], "hpcp": {"dmean2": [0.131066724658, 0.124818108976, 0.109565258026, 0.112804457545, 0.141472011805, 0.254758358002, 0.279624551535, 0.226000249386, 0.156127646565, 0.133293479681, 0.107628054917, 0.0971147045493, 0.10475448519, 0.105229534209, 0.13989405334, 0.165402233601, 0.141148909926, 0.14316084981, 0.159490659833, 0.199943736196, 0.269788444042, 0.238612994552, 0.264024496078, 0.150467947125, 0.0996459946036, 0.12013258785, 0.194507688284, 0.202972874045, 0.194962143898, 0.197345137596, 0.211276069283, 0.178261250257, 0.142656743526, 0.137603953481, 0.12006983161, 0.128356009722], "median": [0.0274038873613, 0.0236436855048, 0.0214708447456, 0.0169625505805, 0.0390070304275, 0.287411689758, 0.444411277771, 0.211646735668, 0.023569509387, 0.0106509402394, 0.013676315546, 0.019998036325, 0.02016207017, 0.0238517448306, 0.0400339588523, 0.0576594471931, 0.0440868288279, 0.0382457152009, 0.0401810780168, 0.0423625074327, 0.146385833621, 0.234075993299, 0.117468215525, 0.0284751057625, 0.0159351937473, 0.0128958635032, 0.0638389363885, 0.104714021087, 0.0806001871824, 0.105504155159, 0.137642979622, 0.0861769542098, 0.0372351631522, 0.0328990481794, 0.0259434618056, 0.0289924796671], "min": [0, 0, 0, 0, 0, 0, 0, 0, 0, 0, 0, 0, 0, 0, 0, 0, 0, 0, 0, 0, 0, 0, 0, 0, 0, 0, 0, 0, 0, 0, 0, 0, 0, 0, 0, 0], "dvar2": [0.059704426676, 0.05702508986, 0.0462906062603, 0.0523030757904, 0.0522127822042, 0.0741300210357, 0.0920615568757, 0.0717518553138, 0.0645099803805, 0.0641507506371, 0.0467166118324, 0.0413291752338, 0.0436044372618, 0.0401553921402, 0.0603573359549, 0.0684334337711, 0.0572818554938, 0.0627605095506, 0.0716878771782, 0.0938844829798, 0.117768980563, 0.0947323143482, 0.11781989783, 0.066562704742, 0.0461501963437, 0.0535564050078, 0.0807110145688, 0.0811223313212, 0.07118806988, 0.0707863867283, 0.0775918886065, 0.065468236804, 0.0606199987233, 0.0623498558998, 0.056999206543, 0.0563310161233], "dvar": [0.0241827461869, 0.0217675939202, 0.0171132646501, 0.0187019109726, 0.0190184880048, 0.0288867931813, 0.0387970581651, 0.0264437124133, 0.0239558294415, 0.024729302153, 0.0167679395527, 0.0149101698771, 0.0159249100834, 0.0146027375013, 0.0221753455698, 0.0279154311866, 0.0218839738518, 0.0225522145629, 0.026268158108, 0.0348225235939, 0.0450727045536, 0.0418177843094, 0.0461340397596, 0.024264710024, 0.0159438513219, 0.0189306344837, 0.0308795385063, 0.0317641980946, 0.0267935153097, 0.027318527922, 0.0320559777319, 0.0240735579282, 0.0227954667062, 0.0234120804816, 0.0202558785677, 0.0210236757994], "dmean": [0.0773628801107, 0.0724031105638, 0.0619926005602, 0.0630950778723, 0.0800368189812, 0.152192443609, 0.166299328208, 0.134850934148, 0.0892393887043, 0.0763892605901, 0.0609758794308, 0.0552811585367, 0.0600597783923, 0.0598275065422, 0.0814893841743, 0.097994312644, 0.0814781859517, 0.0815160349011, 0.0916151553392, 0.111334204674, 0.157199844718, 0.14284645021, 0.154718846083, 0.0844642594457, 0.0550770945847, 0.0665199682117, 0.114381745458, 0.119333669543, 0.11508474499, 0.116891272366, 0.127801150084, 0.105051286519, 0.0819122195244, 0.078416608274, 0.0667492821813, 0.0739552527666], "max": [1, 1, 1, 1, 1, 1, 1, 1, 1, 1, 1, 1, 1, 1, 1, 1, 1, 1, 1, 1, 1, 1, 1, 1, 1, 1, 1, 1, 1, 1, 1, 1, 1, 1, 1, 1], "var": [0.0470897778869, 0.0257545690984, 0.014737023972, 0.0155355725437, 0.0170770436525, 0.0709985643625, 0.128213942051, 0.0446921251714, 0.0358215011656, 0.0584887228906, 0.0217028576881, 0.0126174250618, 0.0166582725942, 0.0123369870707, 0.0259969048202, 0.0494853034616, 0.0260907653719, 0.0261794533581, 0.0370966605842, 0.0305154267699, 0.0767068043351, 0.145383894444, 0.072657443583, 0.0199899785221, 0.0112573504448, 0.01395615004, 0.0531485974789, 0.108263745904, 0.0504998490214, 0.0522882416844, 0.104372173548, 0.0449585840106, 0.0258915666491, 0.0245311688632, 0.0151757597923, 0.0267266836017], "mean": [0.112834461033, 0.082840308547, 0.0618551298976, 0.0618250705302, 0.0820685997605, 0.35228574276, 0.517773032188, 0.261865407228, 0.109115339816, 0.117554105818, 0.0738135054708, 0.0556797944009, 0.0668167620897, 0.062024705112, 0.103342734277, 0.14553129673, 0.102794513106, 0.101615823805, 0.121370181441, 0.109762728214, 0.258347570896, 0.389802873135, 0.237879678607, 0.0777914971113, 0.0478112027049, 0.0534193813801, 0.17036421597, 0.266746073961, 0.179269582033, 0.197800651193, 0.285520493984, 0.176473259926, 0.0968992188573, 0.0888892784715, 0.063812918961, 0.089780703187]}, "tuning_equal_tempered_deviation": 0.0104515878484, "chords_changes_rate": 0.0319369547069, "key_key": "E", "tuning_diatonic_strength": 0.62588596344, "key_scale": "minor", "chords_number_rate": 0.00124429701827, "tuning_frequency": 441.272583008, "tuning_nontempered_energy_ratio": 0.635801672935, "chords_histogram": [46.8892593384, 6.86437177658, 3.23517203331, 0, 0.0207382831722, 0.601410210133, 0.269597679377, 6.28369951248, 0, 18.8096218109, 0.082953132689, 0, 0, 0, 0.145167976618, 0, 0, 0, 0, 0, 0.0414765663445, 0, 0.103691413999, 16.652841568], "key_strength": 0.86482489109, "chords_key": "E", "chords_strength": {"dmean2": 0.0071316161193, "median": 0.608035802841, "min": -1, "dvar2": 0.00102392607369, "dvar": 0.000531076279003, "dmean": 0.00747412908822, "max": 0.788172364235, "var": 0.0155448801816, "mean": 0.596197009087}, "chords_scale": "minor", "hpcp_entropy": {"dmean2": 0.959202170372, "median": 1.76226842403, "min": 0, "dvar2": 0.65711581707, "dvar": 0.247987672687, "dmean": 0.576031386852, "max": 4.23006534576, "var": 0.5061237216, "mean": 1.75266158581}}, "metadata": {"audio_properties": {"equal_loudness": 0, "codec": "aac", "downmix": "mix", "sample_rate": 44100, "analysis_sample_rate": 44100, "bit_rate": 271350, "md5_encoded": "6daf06a35d0c69906cdf1e71bc6db598", "length": 223.863586426, "replay_gain": -15.2898025513, "lossless": false}, "version": {"essentia_build_sha": "70f2e5ece6736b2c40cc944ad0e695b16b925413", "essentia": "2.1-beta2", "extractor": "music 1.0", "essentia_git_sha": "v2.1_beta2"}, "tags": {"title": ["Teach Me to Be Bad"], "compilation": ["0"], "media": ["Digital Media"], "date": ["2010-08-29"], "file_name": "09. Thea Gilmore - Teach Me to Be Bad.m4a", "musicbrainz_releasegroupid": ["bcac04ce-c8fc-405c-8e57-14f9f1006459"], "musicbrainz_recordingid": ["17d2ad6d-363e-4ea6-b01d-1923c0c2d041"], "musicbrainz_artistid": ["4176a7cc-5b9d-46c9-b616-8f2b19f7f92f"], "musicbrainz_albumartistid": ["4176a7cc-5b9d-46c9-b616-8f2b19f7f92f"], "musicbrainz_albumid": ["9230580d-7d75-48a8-9f94-f143d139226b"], "artist": ["Thea Gilmore"], "tracknumber": ["9/14"], "artistsort": ["Gilmore, Thea"], "album": ["Murphy's Heart"], "label": ["FullFill"], "albumartistsort": ["Gilmore, Thea"], "discnumber": ["1/1"], "script": ["Latn"]}}, "rhythm": {"bpm_histogram_first_peak_bpm": {"dmean2": 0, "median": 136, "min": 136, "dvar2": 0, "dvar": 0, "dmean": 0, "max": 136, "var": 0, "mean": 136}, "bpm": 135.022094727, "bpm_histogram_second_peak_spread": {"dmean2": 0, "median": 0.533333301544, "min": 0.533333301544, "dvar2": 0, "dvar": 0, "dmean": 0, "max": 0.533333301544, "var": 0, "mean": 0.533333301544}, "bpm_histogram_first_peak_weight": {"dmean2": 0, "median": 0.642570257187, "min": 0.642570257187, "dvar2": 0, "dvar": 0, "dmean": 0, "max": 0.642570257187, "var": 0, "mean": 0.642570257187}, "onset_rate": 3.45281648636, "beats_position": [0.452789098024, 0.9287981987, 1.39319729805, 1.83437633514, 2.28716540337, 2.73995471001, 3.1811337471, 3.62231278419, 4.06349182129, 4.5046710968, 4.94585037231, 5.38702917099, 5.83981847763, 6.28099775314, 6.73378658295, 7.17496585846, 7.61614513397, 8.05732440948, 8.498503685, 8.93968200684, 9.39247131348, 9.84526062012, 10.2864398956, 10.7276191711, 11.1687984467, 11.6099767685, 12.0627660751, 12.5155553818, 12.9567346573, 13.3979139328, 13.8390922546, 14.2802715302, 14.7330608368, 15.1742401123, 15.6270294189, 16.0682086945, 16.50938797, 16.9505672455, 17.391746521, 17.8329238892, 18.2857131958, 18.7385025024, 19.179681778, 19.6208610535, 20.062040329, 20.5032196045, 20.94439888, 21.3855781555, 21.8383674622, 22.2911567688, 22.7323360443, 23.1735134125, 23.614692688, 24.0674819946, 24.5086612701, 24.9614505768, 25.4026298523, 25.8438091278, 26.2849884033, 26.7261676788, 27.1673469543, 27.6085262299, 28.0613155365, 28.5024929047, 28.9436721802, 29.3964614868, 29.8376407623, 30.290430069, 30.7316093445, 31.17278862, 31.6255779266, 32.0667572021, 32.5079345703, 32.9491157532, 33.3902931213, 33.8314743042, 34.2726516724, 34.725440979, 35.1666221619, 35.6194114685, 36.0605888367, 36.5017662048, 36.9429473877, 37.3841247559, 37.8369140625, 38.2897033691, 38.730884552, 39.1720619202, 39.613243103, 40.0544204712, 40.4956016541, 40.9483909607, 41.4011802673, 41.8539657593, 42.3067550659, 42.7479362488, 43.1891136169, 43.6302947998, 44.071472168, 44.5126533508, 44.953830719, 45.3950119019, 45.83618927, 46.2889785767, 46.7417678833, 47.1829452515, 47.6241264343, 48.0653038025, 48.5064849854, 48.9476623535, 49.3888435364, 49.8300209045, 50.2712020874, 50.723991394, 51.1767807007, 51.6179580688, 52.0591392517, 52.5003166199, 52.9531059265, 53.4058952332, 53.8470726013, 54.2882537842, 54.7294311523, 55.1706123352, 55.6234016418, 56.0761909485, 56.5173683167, 56.9585494995, 57.3997268677, 57.8409042358, 58.2820854187, 58.7232627869, 59.1644439697, 59.6172332764, 60.070022583, 60.5111999512, 60.952381134, 61.3935585022, 61.8347396851, 62.2875289917, 62.7403144836, 63.1814956665, 63.6226730347, 64.0638504028, 64.5050354004, 64.9462127686, 65.4106140137, 65.8517913818, 66.29296875, 66.7341461182, 67.1753311157, 67.6165084839, 68.0576858521, 68.4988632202, 68.9516525269, 69.392829895, 69.8340148926, 70.2868041992, 70.7279815674, 71.1691589355, 71.6219482422, 72.0631256104, 72.515914917, 72.9570999146, 73.3982772827, 73.8394546509, 74.280632019, 74.7334213257, 75.1862106323, 75.6273880005, 76.068572998, 76.5097503662, 76.9509277344, 77.3921051025, 77.8332901001, 78.2744674683, 78.7272567749, 79.1800460815, 79.6212234497, 80.0624008179, 80.503578186, 80.9331512451, 81.3859405518, 81.8387298584, 82.291519165, 82.7326965332, 83.1738739014, 83.6150588989, 84.0562362671, 84.4974136353, 84.9502029419, 85.4029922485, 85.8441696167, 86.2853469849, 86.7265319824, 87.1677093506, 87.6088867188, 88.0616760254, 88.514465332, 88.9556427002, 89.3968200684, 89.8380050659, 90.2791824341, 90.7319717407, 91.1847610474, 91.6259384155, 92.0671157837, 92.5083007812, 92.9494781494, 93.3906555176, 93.8434448242, 94.2846221924, 94.737411499, 95.1785888672, 95.6197738647, 96.0609512329, 96.5021286011, 96.9433059692, 97.3960952759, 97.8488845825, 98.2900695801, 98.7312469482, 99.1724243164, 99.6136016846, 100.054779053, 100.507568359, 100.960357666, 101.401542664, 101.842720032, 102.2838974, 102.725074768, 103.177864075, 103.630653381, 104.071838379, 104.513015747, 104.954193115, 105.395370483, 105.836547852, 106.277732849, 106.718910217, 107.160087585, 107.612876892, 108.065666199, 108.506843567, 108.948028564, 109.389205933, 109.841995239, 110.294784546, 110.735961914, 111.177139282, 111.61831665, 112.059501648, 112.500679016, 112.953468323, 113.406257629, 113.847434998, 114.288612366, 114.729797363, 115.170974731, 115.6121521, 116.053329468, 116.506118774, 116.958908081, 117.400085449, 117.841270447, 118.282447815, 118.723625183, 119.164802551, 119.617591858, 120.070381165, 120.511566162, 120.964347839, 121.417137146, 121.858322144, 122.299499512, 122.74067688, 123.181854248, 123.623039246, 124.064216614, 124.505393982, 124.94657135, 125.387756348, 125.840545654, 126.293327332, 126.734512329, 127.175689697, 127.616867065, 128.058044434, 128.499221802, 128.94039917, 129.393188477, 129.845977783, 130.28717041, 130.739959717, 131.192733765, 131.633926392, 132.07510376, 132.516281128, 132.957458496, 133.398635864, 133.839813232, 134.280990601, 134.733779907, 135.186569214, 135.627746582, 136.068939209, 136.510116577, 136.951293945, 137.392471313, 137.833648682, 138.27482605, 138.727615356, 139.180404663, 139.621582031, 140.062759399, 140.503936768, 140.956726074, 141.409515381, 141.850692749, 142.291885376, 142.733062744, 143.174240112, 143.61541748, 144.056594849, 144.497772217, 144.938949585, 145.380126953, 145.83291626, 146.285705566, 146.738494873, 147.179672241, 147.632461548, 148.062042236, 148.491607666, 148.874740601, 149.257858276, 149.652603149, 150.035736084, 150.40725708, 150.790390015, 151.185119629, 151.579864502, 151.951385498, 152.322906494, 152.694412231, 153.065933228, 153.449066162, 153.832199097, 154.203720093, 154.656509399, 155.109298706, 155.573699951, 156.038085938, 156.490875244, 156.943664551, 157.384857178, 157.837631226, 158.278823853, 158.731613159, 159.172790527, 159.613967896, 160.066757202, 160.519546509, 160.960723877, 161.401901245, 161.843078613, 162.284255981, 162.72543335, 163.166610718, 163.619400024, 164.060592651, 164.50177002, 164.954559326, 165.395736694, 165.836914062, 166.278091431, 166.730880737, 167.183670044, 167.624847412, 168.06602478, 168.507202148, 168.948379517, 169.389572144, 169.830749512, 170.283538818, 170.736328125, 171.177505493, 171.618682861, 172.071472168, 172.512649536, 172.965438843, 173.406616211, 173.847793579, 174.288970947, 174.730148315, 175.171340942, 175.624130249, 176.065307617, 176.518096924, 176.959274292, 177.40045166, 177.841629028, 178.282806396, 178.723983765, 179.165161133, 179.617950439, 180.070739746, 180.511917114, 180.953109741, 181.394287109, 181.835464478, 182.288253784, 182.729431152, 183.170608521, 183.623397827, 184.064575195, 184.505752563, 184.946929932, 185.3881073, 185.829299927, 186.282089233, 186.73487854, 187.16444397, 187.617233276, 188.081634521, 188.52281189, 188.963989258, 189.405166626, 189.846343994, 190.287521362, 190.740310669, 191.181488037, 191.634277344, 192.075454712, 192.516647339, 192.957824707, 193.399002075, 193.840179443, 194.281356812, 194.72253418, 195.175323486, 195.616500854, 196.069290161, 196.510467529, 196.951644897, 197.392837524, 197.834014893, 198.286804199, 198.739593506, 199.180770874, 199.621948242, 200.06312561, 200.504302979, 200.945480347, 201.386657715, 201.827835083, 202.28062439, 202.733413696, 203.174606323, 203.615783691, 204.05696106, 204.498138428, 204.950927734, 205.403717041, 205.844894409, 206.286071777, 206.727249146, 207.168426514, 207.609603882, 208.062393188, 208.515182495, 208.956375122, 209.39755249, 209.838729858, 210.291519165, 210.744308472, 211.18548584, 211.626663208, 212.091064453, 212.578674316, 213.066299438, 213.542312622, 214.087982178, 214.633651733, 215.179321289, 215.736587524, 216.293869019, 216.851150513, 217.46647644, 218.081817627, 218.639083862, 219.196365356, 219.753646851, 220.322540283, 220.879821777, 221.448699951, 222.017593384, 222.586486816, 223.15536499], "beats_loudness": {"dmean2": 0.0171541068703, "median": 0.0377234220505, "min": 0, "dvar2": 0.000186363438843, "dvar": 6.15796307102e-05, "dmean": 0.00985954981297, "max": 0.0744275376201, "var": 0.000187443365576, "mean": 0.0367134809494}, "danceability": 0.978500247002, "bpm_histogram_second_peak_weight": {"dmean2": 0, "median": 0.0140562253073, "min": 0.0140562253073, "dvar2": 0, "dvar": 0, "dmean": 0, "max": 0.0140562253073, "var": 0, "mean": 0.0140562253073}, "beats_count": 499, "bpm_histogram_second_peak_bpm": {"dmean2": 0, "median": 108, "min": 108, "dvar2": 0, "dvar": 0, "dmean": 0, "max": 108, "var": 0, "mean": 108}, "bpm_histogram_first_peak_spread": {"dmean2": 0, "median": 0.298245608807, "min": 0.298245608807, "dvar2": 0, "dvar": 0, "dmean": 0, "max": 0.298245608807, "var": 0, "mean": 0.298245608807}, "beats_loudness_band_ratio": {"dmean2": [0.270151138306, 0.26345589757, 0.144898593426, 0.226451203227, 0.11426089704, 0.0783326178789], "median": [0.25053396821, 0.162805557251, 0.139767304063, 0.225039735436, 0.0809639692307, 0.0344234220684], "min": [0, 0, 0, 0, 0, 0], "dvar2": [0.0538398399949, 0.0505096018314, 0.0135244140401, 0.0357571095228, 0.0146653950214, 0.0374250635505], "dvar": [0.0180775839835, 0.0177984274924, 0.00477035297081, 0.0136460326612, 0.00521080708131, 0.0127201685682], "dmean": [0.158221587539, 0.149526447058, 0.0826370045543, 0.136359110475, 0.06621003896, 0.0424201078713], "max": [0.856931984425, 0.87608140707, 0.535416483879, 0.837940752506, 0.525927364826, 0.978236734867], "var": [0.0295817498118, 0.0267929583788, 0.00695756543428, 0.0287034232169, 0.00750280776992, 0.00739932619035], "mean": [0.270525574684, 0.207483500242, 0.151114851236, 0.255752295256, 0.105554178357, 0.049742422998]}}, "lowlevel": {"barkbands_spread": {"dmean2": 6.42410993576, "median": 18.9539146423, "min": 1.29937815666, "dvar2": 89.8267669678, "dvar": 42.1885528564, "dmean": 4.22012805939, "max": 116.993843079, "var": 129.827682495, "mean": 20.5602283478}, "melbands_spread": {"dmean2": 9.28124427795, "median": 27.7693328857, "min": 0.903237998486, "dvar2": 210.508880615, "dvar": 109.120628357, "dmean": 6.01299667358, "max": 306.665344238, "var": 494.784484863, "mean": 30.1097316742}, "hfc": {"dmean2": 10.1810102463, "median": 30.4736480713, "min": 1.09179403615e-16, "dvar2": 182.121063232, "dvar": 94.1896362305, "dmean": 6.85131788254, "max": 289.971008301, "var": 442.674713135, "mean": 32.3130493164}, "barkbands_kurtosis": {"dmean2": 2.0762655735, "median": 0.237152934074, "min": -1.95070111752, "dvar2": 29.1137180328, "dvar": 13.3176250458, "dmean": 1.32515382767, "max": 152.949279785, "var": 31.216047287, "mean": 1.56145739555}, "gfcc": {"mean": [7.84000015259, 85.1847305298, -121.194717407, -2.63878107071, -51.4294967651, 16.4999408722, -43.4670829773, 1.63471019268, -24.0016365051, 1.3520989418, -7.16443920135, 0.763824522495, -12.6899394989], "icov": [[0.000129046442453, -0.000115418763016, 0.000313766562613, -0.000279708823655, 0.000220904170419, -0.000502315815538, 0.000471454433864, -0.000249904522207, 0.000358430930646, -0.000414819311118, 0.000348134984961, -0.000322010397213, 0.000291293254122], [-0.000115418763016, 0.0011289230315, -0.000167096935911, 0.000663098820951, -0.000682725571096, 0.000661934085656, -0.0012797905365, 0.00065809377702, -0.000792626640759, 0.00105573504698, -0.000987189821899, 0.00109154067468, -0.00147461984307], [0.000313766562613, -0.000167096935911, 0.00179401750211, -0.000652127026115, 0.000420325668529, -0.00143227737863, 0.000612937496044, -0.00058431137586, 0.000162744443514, -0.000454083725344, 0.00120371941011, -0.00143004301935, 0.000274787162198], [-0.000279708823655, 0.000663098820951, -0.000652127026115, 0.00370020722039, -0.00173888751306, 0.00101242691744, -0.000620057224296, -7.22231852706e-05, -0.00157134036999, 0.00129025278147, -0.00221796217375, 0.000586600101087, -0.000716335140169], [0.000220904170419, -0.000682725571096, 0.000420325668529, -0.00173888751306, 0.00620933948085, -0.00161587714683, -0.00146742374636, -0.000428282422945, -0.000978980096988, -0.00137277436443, 0.00137088098563, -0.000113856207463, -0.000875466619618], [-0.000502315815538, 0.000661934085656, -0.00143227737863, 0.00101242691744, -0.00161587714683, 0.00680833961815, -0.00261437776498, -0.000371146015823, -0.00145255599637, 8.63578025019e-05, -0.000220299611101, 0.000802704016678, 0.000266770628514], [0.000471454433864, -0.0012797905365, 0.000612937496044, -0.000620057224296, -0.00146742374636, -0.00261437776498, 0.00883271452039, -0.00290773948655, 0.00364520214498, -0.00372484792024, 0.00080191809684, -0.000278123392491, 0.00106793048326], [-0.000249904522207, 0.00065809377702, -0.00058431137586, -7.22231852706e-05, -0.000428282422945, -0.000371146015823, -0.00290773948655, 0.0110049638897, -0.00351341580972, 0.00209840480238, -0.00431868992746, -0.00019879831234, 0.000167904378031], [0.000358430930646, -0.000792626640759, 0.000162744443514, -0.00157134036999, -0.000978980096988, -0.00145255599637, 0.00364520214498, -0.00351341580972, 0.013639068231, -0.00561689957976, 0.00220704916865, -0.00108989945147, -0.00211850646883], [-0.000414819311118, 0.00105573504698, -0.000454083725344, 0.00129025278147, -0.00137277436443, 8.63578025019e-05, -0.00372484792024, 0.00209840480238, -0.00561689957976, 0.0162672884762, -0.00384622090496, 0.000685862556566, 0.000621705723461], [0.000348134984961, -0.000987189821899, 0.00120371941011, -0.00221796217375, 0.00137088098563, -0.000220299611101, 0.00080191809684, -0.00431868992746, 0.00220704916865, -0.00384622090496, 0.0131846005097, -0.00466569326818, 0.00165417988319], [-0.000322010397213, 0.00109154067468, -0.00143004301935, 0.000586600101087, -0.000113856207463, 0.000802704016678, -0.000278123392491, -0.00019879831234, -0.00108989945147, 0.000685862556566, -0.00466569326818, 0.0186282489449, -0.00840288959444], [0.000291293254122, -0.00147461984307, 0.000274787162198, -0.000716335140169, -0.000875466619618, 0.000266770628514, 0.00106793048326, 0.000167904378031, -0.00211850646883, 0.000621705723461, 0.00165417988319, -0.00840288959444, 0.0202090051025]], "cov": [[25642.6542969, -1067.68920898, -3183.9621582, 574.216125488, -737.407287598, 679.528137207, -875.865234375, 87.0853042603, -335.035614014, 203.318832397, -42.8046989441, -35.1711463928, -431.725830078], [-1067.68920898, 1570.25463867, 31.5179386139, -114.880859375, 233.085159302, -45.2604141235, 250.471191406, -10.9494094849, 48.973777771, -16.7478160858, 40.8445663452, -33.4653053284, 111.408966064], [-3183.9621582, 31.5179386139, 1210.17211914, 63.9361915588, 144.005126953, 101.867805481, 122.156829834, 57.4302253723, 102.407409668, 3.51179075241, -16.5952110291, 67.0355072021, 71.8250656128], [574.216125488, -114.880859375, 63.9361915588, 444.249389648, 113.585594177, 49.5600738525, 17.3923912048, 78.1045913696, 63.1273269653, 27.284040451, 65.9386367798, 33.2549705505, 15.1249141693], [-737.407287598, 233.085159302, 144.005126953, 113.585594177, 318.326904297, 84.3086395264, 147.895080566, 53.3715705872, 71.842048645, 41.4135932922, 17.3599491119, 8.32588005066, 42.4214172363], [679.528137207, -45.2604141235, 101.867805481, 49.5600738525, 84.3086395264, 273.666381836, 75.7998809814, 57.684841156, 31.0711612701, 45.6209220886, -0.61098086834, 5.20232200623, -13.1039915085], [-875.865234375, 250.471191406, 122.156829834, 17.3923912048, 147.895080566, 75.7998809814, 259.87713623, 56.6710281372, 16.0111026764, 39.2128639221, 27.2072200775, -4.73784160614, 17.3342838287], [87.0853042603, -10.9494094849, 57.4302253723, 78.1045913696, 53.3715705872, 57.684841156, 56.6710281372, 145.102462769, 40.9286270142, 21.7777385712, 50.5398902893, 21.077791214, 5.53155612946], [-335.035614014, 48.973777771, 102.407409668, 63.1273269653, 71.842048645, 31.0711612701, 16.0111026764, 40.9286270142, 124.074516296, 34.0248794556, 11.5212574005, 19.3316421509, 29.8188667297], [203.318832397, -16.7478160858, 3.51179075241, 27.284040451, 41.4135932922, 45.6209220886, 39.2128639221, 21.7777385712, 34.0248794556, 92.023223877, 22.4624862671, 5.9148311615, -2.93802666664], [-42.8046989441, 40.8445663452, -16.5952110291, 65.9386367798, 17.3599491119, -0.61098086834, 27.2072200775, 50.5398902893, 11.5212574005, 22.4624862671, 119.197723389, 27.5857696533, 7.29286289215], [-35.1711463928, -33.4653053284, 67.0355072021, 33.2549705505, 8.32588005066, 5.20232200623, -4.73784160614, 21.077791214, 19.3316421509, 5.9148311615, 27.5857696533, 81.4388198853, 32.1483459473], [-431.725830078, 111.408966064, 71.8250656128, 15.1249141693, 42.4214172363, -13.1039915085, 17.3342838287, 5.53155612946, 29.8188667297, -2.93802666664, 7.29286289215, 32.1483459473, 80.4299697876]]}, "spectral_energyband_middle_low": {"dmean2": 0.00594611139968, "median": 0.0108129065484, "min": 1.73725321441e-22, "dvar2": 7.35716312192e-05, "dvar": 2.89344934572e-05, "dmean": 0.00376730808057, "max": 0.074531391263, "var": 6.50952060823e-05, "mean": 0.0123595455661}, "melbands_crest": {"dmean2": 4.04721164703, "median": 9.69245147705, "min": 1.56696534157, "dvar2": 17.3717937469, "dvar": 6.71715545654, "dmean": 2.47864723206, "max": 31.9476032257, "var": 19.2868728638, "mean": 10.5882940292}, "spectral_kurtosis": {"dmean2": 3.41581869125, "median": 6.28812456131, "min": -1.4508831501, "dvar2": 70.448928833, "dvar": 23.9978580475, "dmean": 2.12219309807, "max": 241.818893433, "var": 383.057006836, "mean": 9.28645038605}, "spectral_rms": {"dmean2": 0.000880438950844, "median": 0.0055180741474, "min": 3.16013816677e-12, "dvar2": 9.9994088032e-07, "dvar": 4.06622149285e-07, "dmean": 0.000561523425858, "max": 0.00943308789283, "var": 2.60600222646e-06, "mean": 0.00527307996526}, "zerocrossingrate": {"dmean2": 0.010691890493, "median": 0.06201171875, "min": 0.00244140625, "dvar2": 0.000311771465931, "dvar": 0.000293139077257, "dmean": 0.00910666584969, "max": 0.52783203125, "var": 0.00361941428855, "mean": 0.0705455467105}, "silence_rate_60dB": {"dmean2": 0.00746887968853, "median": 0, "min": 0, "dvar2": 0.00886433757842, "dvar": 0.00372012075968, "dmean": 0.00373405241407, "max": 1, "var": 0.0430791638792, "mean": 0.0451151207089}, "erbbands_kurtosis": {"dmean2": 1.56568229198, "median": 0.913069486618, "min": -1.85416769981, "dvar2": 5.80317974091, "dvar": 2.57542157173, "dmean": 1.00475811958, "max": 65.9780426025, "var": 8.54552173615, "mean": 1.5171507597}, "erbbands": {"dmean2": [0.0554023124278, 0.741778671741, 2.11488699913, 2.93245410919, 5.16337060928, 12.665055275, 13.8436918259, 23.215139389, 19.0787773132, 27.5861225128, 11.9639415741, 20.3976230621, 34.77110672, 35.114528656, 61.4440689087, 55.9490394592, 77.9945373535, 121.602607727, 43.8696784973, 46.9109115601, 23.4205417633, 15.884642601, 13.4574384689, 13.6235866547, 8.58092403412, 5.85597801208, 2.1420507431, 1.83835744858, 2.27719140053, 2.55288219452, 3.33138823509, 4.11333656311, 2.11341667175, 1.5601927042, 0.716261565685, 0.335521936417, 0.10868563503, 0.0228806212544, 0.00332274334505, 0.000199788017198], "median": [0.0221929214895, 0.386227875948, 0.730660438538, 1.15855944157, 1.73884105682, 6.46430444717, 8.4841337204, 14.0250167847, 14.6993513107, 24.9708957672, 12.3720111847, 19.2204170227, 32.239944458, 29.8469562531, 48.5847587585, 51.9505386353, 62.1409225464, 88.6640014648, 39.266204834, 26.3936786652, 19.4848747253, 14.2963790894, 10.8112773895, 10.8913173676, 5.96966695786, 4.05603027344, 2.46419024467, 1.49784255028, 1.45466351509, 1.61153531075, 1.59351539612, 1.20913410187, 0.733963608742, 0.464522272348, 0.181338250637, 0.0749135762453, 0.0235575605184, 0.00469252141193, 0.000651045818813, 7.79306938057e-05], "min": [8.3211888182e-23, 4.24498548656e-22, 2.33794340449e-21, 3.29902105142e-21, 7.08233575276e-21, 1.23388423633e-20, 3.43911067167e-20, 5.41692665815e-20, 1.16636033586e-19, 1.07034334293e-19, 2.41890617071e-19, 3.72049942149e-19, 2.02811115266e-19, 8.67992463205e-19, 8.91120846723e-19, 9.74428687755e-19, 1.08950202207e-18, 1.67655303337e-18, 2.02537716564e-18, 2.29482938902e-18, 2.7370056097e-18, 3.89463970709e-18, 5.31639484882e-18, 5.80514113119e-18, 6.98864137313e-18, 7.58210127642e-18, 8.56609713514e-18, 1.00610813357e-17, 9.04522992443e-18, 1.26389781342e-17, 1.19716832623e-17, 1.08999450472e-17, 1.07814530789e-17, 8.31788918464e-18, 5.71860025473e-18, 4.41188815183e-18, 2.25897524537e-18, 9.79822732529e-19, 2.36095001959e-19, 2.74391060326e-20], "dvar2": [0.0167873576283, 3.04081392288, 31.9222927094, 33.3057365417, 140.678756714, 665.600158691, 660.311584473, 1613.41027832, 1105.65112305, 1534.74475098, 306.50894165, 896.088500977, 3273.71899414, 4050.47021484, 13184.4228516, 8234.4609375, 23276.5566406, 37874.4296875, 6268.12011719, 7484.75683594, 2242.83642578, 727.801757812, 589.959777832, 590.349609375, 324.747467041, 155.643920898, 10.4655122757, 22.1739387512, 45.1876564026, 55.2374610901, 88.1430053711, 195.435714722, 46.2278633118, 29.1299571991, 6.85778474808, 1.90052270889, 0.194322675467, 0.00778724532574, 0.000119421143609, 3.08661441295e-07], "dvar": [0.00663390941918, 1.10178339481, 11.0136651993, 12.8931674957, 52.7736282349, 244.44078064, 286.555480957, 730.543640137, 491.488220215, 666.702270508, 130.763916016, 392.667419434, 1430.37365723, 1764.03820801, 5410.24072266, 3403.15844727, 10433.6435547, 15171.0966797, 2776.22729492, 3237.47485352, 1013.20288086, 329.352478027, 294.269592285, 279.875640869, 164.870559692, 72.3532791138, 4.49731349945, 11.4621706009, 25.3692493439, 26.4817085266, 43.8602104187, 103.726295471, 26.2482357025, 17.8921737671, 3.61897301674, 0.884759426117, 0.0982797518373, 0.00372269982472, 5.01655013068e-05, 1.24603459994e-07], "dmean": [0.0349352769554, 0.445170044899, 1.20025157928, 1.73358952999, 3.02697634697, 7.44226980209, 8.67995357513, 15.0109233856, 11.815117836, 18.1918792725, 7.72350931168, 13.2987499237, 22.9874076843, 22.8974952698, 40.2134361267, 35.4351615906, 50.5820884705, 77.0216903687, 28.2184429169, 29.5262851715, 15.1036701202, 10.238576889, 9.06194972992, 9.08616161346, 5.81440734863, 3.83202934265, 1.34296345711, 1.20144939423, 1.52870833874, 1.71330678463, 2.23768734932, 2.79094338417, 1.45425748825, 1.08381128311, 0.488180756569, 0.226210400462, 0.0733614787459, 0.0152494972572, 0.0021534326952, 0.000128018218675], "max": [0.974089562893, 13.5663013458, 44.140586853, 51.1719551086, 83.1405487061, 206.392486572, 463.52230835, 444.137054443, 483.685180664, 638.579589844, 191.945755005, 305.901641846, 831.367980957, 1098.82287598, 1630.83239746, 1382.25939941, 2189.58398438, 2258.95532227, 1248.03540039, 1105.55029297, 906.317626953, 548.449645996, 449.821105957, 449.09664917, 401.728881836, 216.817718506, 51.1660614014, 138.531799316, 237.887039185, 272.897186279, 249.639205933, 434.405029297, 147.077697754, 247.199478149, 77.594291687, 27.9940643311, 15.0506219864, 3.88459324837, 0.224094435573, 0.0123284179717], "var": [0.00890898238868, 1.42034065723, 8.59644508362, 13.256565094, 47.5498962402, 319.430267334, 728.313659668, 2366.5769043, 1096.30969238, 2614.06469727, 378.238586426, 1350.79272461, 4285.31494141, 6819.16259766, 15712.3222656, 9778.60644531, 37175.25, 49946.40625, 8777.93359375, 9987.82128906, 3485.55102539, 2006.4185791, 1037.57006836, 924.851379395, 635.472290039, 234.547790527, 11.7992715836, 29.6465072632, 87.0755004883, 74.2772979736, 94.5880661011, 217.016143799, 65.897354126, 44.0313186646, 8.03437423706, 1.67222130299, 0.21540594101, 0.00699487933889, 6.91139066475e-05, 1.40772272061e-07], "mean": [0.0573766976595, 0.813199818134, 1.73253333569, 2.2563765049, 3.69545269012, 12.288310051, 17.0603523254, 32.1223335266, 24.410774231, 40.0747642517, 17.8705501556, 31.8618583679, 54.0598258972, 54.5841445923, 86.9109725952, 81.8773727417, 118.930992126, 166.087265015, 67.2466278076, 59.2843856812, 36.6295318604, 26.6480960846, 21.7687358856, 21.7697429657, 14.507443428, 9.01018238068, 3.2438583374, 2.49048161507, 3.05863380432, 3.44554495811, 4.11010789871, 4.58139610291, 2.49484467506, 1.72655618191, 0.738845467567, 0.331285446882, 0.106699362397, 0.0202600043267, 0.00259876227938, 0.000177550900844]}, "spectral_strongpeak": {"dmean2": 1.73149657249, "median": 1.31437158585, "min": 2.95290111807e-11, "dvar2": 4.53885889053, "dvar": 1.85123121738, "dmean": 1.02389276028, "max": 14.45333004, "var": 4.61982870102, "mean": 2.07391238213}, "spectral_energy": {"dmean2": 0.0105130895972, "median": 0.0312103703618, "min": 1.02361355137e-20, "dvar2": 0.000164742756169, "dvar": 6.41613514745e-05, "dmean": 0.00659966096282, "max": 0.0912077203393, "var": 0.000225629351917, "mean": 0.0311716198921}, "average_loudness": 0.929280340672, "spectral_rolloff": {"dmean2": 607.701721191, "median": 1507.32421875, "min": 64.599609375, "dvar2": 2505711, "dvar": 1185635, "dmean": 356.035919189, "max": 19444.4824219, "var": 5454811.5, "mean": 1912.35693359}, "spectral_centroid": {"dmean2": 252.351394653, "median": 1282.74841309, "min": 242.068496704, "dvar2": 150936.234375, "dvar": 81662.328125, "dmean": 168.104858398, "max": 11777.1582031, "var": 1358150.375, "mean": 1382.48706055}, "pitch_salience": {"dmean2": 0.0938727632165, "median": 0.574726939201, "min": 0.140457525849, "dvar2": 0.00734324008226, "dvar": 0.00297036324628, "dmean": 0.0578566938639, "max": 0.982059299946, "var": 0.00941606424749, "mean": 0.570327401161}, "spectral_energyband_middle_high": {"dmean2": 0.00498196715489, "median": 0.011864380911, "min": 1.17873186802e-21, "dvar2": 3.53469258698e-05, "dvar": 1.48028002513e-05, "dmean": 0.00323028606363, "max": 0.0626402124763, "var": 0.000110879205749, "mean": 0.0139315351844}, "spectral_contrast_coeffs": {"dmean2": [0.0809656754136, 0.0707038417459, 0.0584361106157, 0.0497633740306, 0.0358617193997, 0.0255866609514], "median": [-0.644802808762, -0.712730050087, -0.72666823864, -0.730278491974, -0.760283589363, -0.801539003849], "min": [-0.977205634117, -0.975964605808, -0.976695120335, -0.977464020252, -0.966509759426, -0.96519947052], "dvar2": [0.00507470080629, 0.00344692287035, 0.00220875628293, 0.00159077683929, 0.000912468181923, 0.000545632559806], "dvar": [0.00203392165713, 0.00131179881282, 0.00088927266188, 0.000651478942018, 0.000407584942877, 0.000216859320062], "dmean": [0.0496191084385, 0.0435423403978, 0.0362369939685, 0.0308142863214, 0.0228561405092, 0.0160547122359], "max": [-0.30024060607, -0.403221696615, -0.499822616577, -0.535918176174, -0.525057375431, -0.666153609753], "var": [0.00904235243797, 0.00563706504181, 0.00459400331602, 0.00433034077287, 0.00361363589764, 0.00134586880449], "mean": [-0.632355153561, -0.709026932716, -0.727491378784, -0.731860160828, -0.760502696037, -0.80362278223]}, "melbands_skewness": {"dmean2": 0.726342320442, "median": 1.03517150879, "min": -2.66958785057, "dvar2": 0.762582540512, "dvar": 0.330699980259, "dmean": 0.472288101912, "max": 11.6806411743, "var": 1.55738592148, "mean": 1.24867808819}, "spectral_spread": {"dmean2": 886865.875, "median": 4023539.25, "min": 308787.1875, "dvar2": 1844270727170.0, "dvar": 1018203734020.0, "dmean": 641025.375, "max": 42862396, "var": 18267653537800.0, "mean": 4875021}, "dissonance": {"dmean2": 0.0323005691171, "median": 0.465252220631, "min": 0.201964199543, "dvar2": 0.000913122668862, "dvar": 0.000335147487931, "dmean": 0.0192795488983, "max": 0.500000119209, "var": 0.00117465422954, "mean": 0.456954210997}, "spectral_skewness": {"dmean2": 0.344440668821, "median": 2.03119421005, "min": -0.559179544449, "dvar2": 0.241798847914, "dvar": 0.0911583676934, "dmean": 0.219724670053, "max": 12.574177742, "var": 1.42403352261, "mean": 2.18097853661}, "spectral_flux": {"dmean2": 0.0344480797648, "median": 0.0820128768682, "min": 6.35869551457e-11, "dvar2": 0.00122564099729, "dvar": 0.000554781756364, "dmean": 0.0217896271497, "max": 0.253230184317, "var": 0.00175555399619, "mean": 0.0856604203582}, "spectral_contrast_valleys": {"dmean2": [0.673391342163, 0.5248234272, 0.443868160248, 0.382306933403, 0.348258197308, 0.368409663439], "median": [-7.31153821945, -6.36222410202, -6.74277639389, -6.98145389557, -7.59811306, -9.8005399704], "min": [-28.1918048859, -27.7991886139, -27.8321285248, -27.7430534363, -27.656463623, -27.388463974], "dvar2": [0.407600998878, 0.227986186743, 0.17226561904, 0.162998855114, 0.175229504704, 0.224764749408], "dvar": [0.204005420208, 0.10372364521, 0.0823370590806, 0.0811336934566, 0.0918460860848, 0.12520006299], "dmean": [0.426401257515, 0.318499177694, 0.271637439728, 0.238707765937, 0.227484315634, 0.280158132315], "max": [-5.51916217804, -4.92730426788, -5.13193464279, -5.65461492538, -5.78034067154, -7.43925476074], "var": [5.48673152924, 5.57249069214, 5.66658115387, 5.78064966202, 5.53097200394, 4.91942214966], "mean": [-7.79695510864, -6.75487565994, -7.18393230438, -7.47663402557, -8.07500553131, -10.1597681046]}, "erbbands_flatness_db": {"dmean2": 0.0254188589752, "median": 0.174482584, "min": 0.048184286803, "dvar2": 0.000607388268691, "dvar": 0.000334047246724, "dmean": 0.0180984549224, "max": 0.438663452864, "var": 0.00243321503513, "mean": 0.177129566669}, "spectral_energyband_high": {"dmean2": 0.000473077758215, "median": 0.000357754877768, "min": 7.14846254194e-21, "dvar2": 1.54194015067e-06, "dvar": 9.12356199478e-07, "dmean": 0.000341584789567, "max": 0.0277224890888, "var": 2.62005687546e-06, "mean": 0.000733680615667}, "spectral_entropy": {"dmean2": 0.187651693821, "median": 7.47742080688, "min": 4.7707285881, "dvar2": 0.0460309162736, "dvar": 0.0254503432661, "dmean": 0.134324610233, "max": 9.81979370117, "var": 0.301632195711, "mean": 7.44673442841}, "silence_rate_20dB": {"dmean2": 0, "median": 1, "min": 1, "dvar2": 0, "dvar": 0, "dmean": 0, "max": 1, "var": 0, "mean": 1}, "melbands_flatness_db": {"dmean2": 0.0265064388514, "median": 0.167263776064, "min": 0.00358896353282, "dvar2": 0.000853728677612, "dvar": 0.000381480698707, "dmean": 0.0174178406596, "max": 0.608386814594, "var": 0.00545593723655, "mean": 0.182587444782}, "barkbands": {"dmean2": [3.75313720724e-05, 0.0028306574095, 0.00196778937243, 0.00097887928132, 0.00298632006161, 0.00252080964856, 0.00156950985547, 0.000619281665422, 0.000984222977422, 0.00105334597174, 0.00186998955905, 0.0012716621859, 0.00179823685903, 0.00237910146825, 0.000877638056409, 0.000468554499093, 0.000379911711207, 0.000328226189595, 0.000206625059946, 0.000139007475809, 4.78522742924e-05, 6.53599272482e-05, 0.000111005851068, 0.00015669867571, 0.00011659465963, 6.27277986496e-05, 2.00220110855e-05], "median": [4.09724680139e-06, 0.00162210338749, 0.000608798232861, 0.000371896545403, 0.00145678129047, 0.00164871360175, 0.00138317025267, 0.000481643597595, 0.000881973654032, 0.000724374898709, 0.00119727128185, 0.000937281060033, 0.00106541451532, 0.00166317762341, 0.000502619426697, 0.000288095267024, 0.000263625872321, 0.000182750954991, 0.00014471495524, 7.78062239988e-05, 4.5102002332e-05, 4.43311910203e-05, 5.44847935089e-05, 5.19379536854e-05, 3.3196847653e-05, 1.446855822e-05, 3.86352940041e-06], "min": [2.60440381751e-25, 2.01617326536e-24, 6.45461178224e-25, 9.17327692497e-25, 3.37658105414e-24, 1.11073224731e-23, 1.0207987909e-23, 4.28164314285e-24, 1.69029873028e-23, 5.80933145038e-24, 1.78838317088e-23, 1.01533569248e-23, 2.45124595014e-23, 2.96397950612e-23, 4.6777220781e-23, 4.28155423823e-23, 6.63374844652e-23, 9.09398535994e-23, 1.16742465135e-22, 1.45612376129e-22, 2.45197028222e-22, 2.68523102453e-22, 4.12186234839e-22, 5.83187070528e-22, 8.15862616887e-22, 1.29414022421e-21, 1.83419768159e-21], "dvar2": [7.91676679768e-09, 4.21893273597e-05, 2.69341326202e-05, 3.33547973241e-06, 3.98413503717e-05, 1.69534177985e-05, 5.49008473172e-06, 9.36716787692e-07, 1.99191458705e-06, 3.40089786732e-06, 1.19976875794e-05, 4.33283412349e-06, 1.1304333384e-05, 1.37904835356e-05, 2.37695780925e-06, 8.52862115153e-07, 4.7843241191e-07, 3.59730250921e-07, 1.72411091626e-07, 9.64988018382e-08, 8.69071659082e-09, 3.23147695269e-08, 1.03469780299e-07, 2.48581841333e-07, 1.65774665106e-07, 6.46445172947e-08, 3.77552566988e-09], "dvar": [4.02552702283e-09, 1.56616988534e-05, 9.31418526307e-06, 1.32252716867e-06, 1.46448164742e-05, 7.76519937062e-06, 2.34498361351e-06, 3.97183526957e-07, 8.36199944843e-07, 1.54014401232e-06, 4.75548813483e-06, 1.79096912234e-06, 4.85582586407e-06, 5.86684609516e-06, 1.0346821e-06, 3.83677644322e-07, 2.10363580777e-07, 1.79767013719e-07, 8.08845967981e-08, 4.18899261945e-08, 4.22574197856e-09, 1.8346565156e-08, 5.05872996825e-08, 1.40956657901e-07, 9.68065947404e-08, 3.12826173854e-08,