{"tonal": {"thpcp": [1, 0.557840764523, 0.305755883455, 0.30015411973, 0.202995672822, 0.315608531237, 0.502217531204, 0.380810767412, 0.320826053619, 0.370857089758, 0.266873717308, 0.377624988556, 0.570536077023, 0.411206126213, 0.401830106974, 0.568242967129, 0.425892680883, 0.494656980038, 0.69783449173, 0.558738708496, 0.745317816734, 0.959381341934, 0.551342189312, 0.272078901529, 0.27831363678, 0.205923110247, 0.390729993582, 0.747621178627, 0.627848982811, 0.438135445118, 0.475706905127, 0.385876834393, 0.458862930536, 0.583646833897, 0.532272994518, 0.826754570007], "hpcp": {"dmean2": [0.141044065356, 0.119674623013, 0.127822384238, 0.143123373389, 0.130286812782, 0.128174155951, 0.141870960593, 0.159253999591, 0.197074964643, 0.19275419414, 0.159845888615, 0.0997682735324, 0.0891774520278, 0.0813871771097, 0.123588129878, 0.148522630334, 0.160012602806, 0.15242613852, 0.146135345101, 0.142493471503, 0.153055757284, 0.173634245992, 0.163936331868, 0.199770212173, 0.197765901685, 0.14658716321, 0.0980558767915, 0.0849903747439, 0.077077716589, 0.106721684337, 0.127514228225, 0.115248389542, 0.103183306754, 0.0999882221222, 0.0928840115666, 0.122878849506], "median": [0.0177173689008, 0.0151749458164, 0.0152206299827, 0.0128222359344, 0.0147542711347, 0.0179313570261, 0.0179947353899, 0.02927823551, 0.050583794713, 0.059120438993, 0.0290045775473, 0.00837131496519, 0.00530642736703, 0.00639615161344, 0.0158983319998, 0.0253930930048, 0.0272519141436, 0.0232172813267, 0.0122450087219, 0.0113569702953, 0.0132640218362, 0.0170630589128, 0.0266554504633, 0.0443046465516, 0.0505382791162, 0.0271731838584, 0.0115529112518, 0.00746208336204, 0.00711791124195, 0.0118482736871, 0.0164691321552, 0.0158500261605, 0.0098266992718, 0.0067992862314, 0.00852077826858, 0.0144815016538], "min": [0, 0, 0, 0, 0, 0, 0, 0, 0, 0, 0, 0, 0, 0, 0, 0, 0, 0, 0, 0, 0, 0, 0, 0, 0, 0, 0, 0, 0, 0, 0, 0, 0, 0, 0, 0], "dvar2": [0.0707982778549, 0.0544070228934, 0.0616088211536, 0.0750025212765, 0.0636057779193, 0.0557023249567, 0.0669304430485, 0.0738516077399, 0.0886739566922, 0.088233590126, 0.0737418532372, 0.0478497929871, 0.0477755591273, 0.0426033213735, 0.0643084421754, 0.0726131647825, 0.0803567543626, 0.0757976174355, 0.0775959268212, 0.0819161012769, 0.0893533304334, 0.10452067852, 0.07235968858, 0.0973893329501, 0.0904114618897, 0.0639991387725, 0.0443819314241, 0.0416788607836, 0.0403097420931, 0.0503362491727, 0.0590948835015, 0.0524921864271, 0.0487096272409, 0.0465523637831, 0.040771599859, 0.0561314933002], "dvar": [0.0305188186467, 0.0213998500258, 0.0241776499897, 0.0343514084816, 0.0259642079473, 0.0218958742917, 0.0285763405263, 0.0288700833917, 0.0371871367097, 0.0424000956118, 0.0299573708326, 0.018189497292, 0.0194179899991, 0.0158483628184, 0.0235464852303, 0.0333344601095, 0.0319086275995, 0.02867141366, 0.0321428440511, 0.0310794860125, 0.0335562452674, 0.0410593859851, 0.0296086017042, 0.0414149388671, 0.0421526916325, 0.0269448813051, 0.0172405038029, 0.0168124157935, 0.0149053027853, 0.0204881262034, 0.0265081916004, 0.0212753359228, 0.0196070466191, 0.0214017741382, 0.0165011957288, 0.0210299771279], "dmean": [0.0848535448313, 0.0710315182805, 0.0762358903885, 0.0845103636384, 0.0781470537186, 0.0771524310112, 0.085807159543, 0.0941283628345, 0.118657432497, 0.116745442152, 0.0959713608027, 0.057915687561, 0.0524282380939, 0.0465527437627, 0.0717250332236, 0.0891334190965, 0.0935587286949, 0.0877065658569, 0.0860190168023, 0.0824227258563, 0.0880117788911, 0.100811980665, 0.0973400995135, 0.119859270751, 0.121658049524, 0.0893634036183, 0.0580571740866, 0.050937179476, 0.0445264093578, 0.0636182799935, 0.0780217796564, 0.0690985321999, 0.0616424977779, 0.0616183578968, 0.0551113039255, 0.0725159049034], "max": [1, 1, 1, 1, 1, 1, 1, 1, 1, 1, 1, 1, 1, 1, 1, 1, 1, 1, 1, 1, 1, 1, 1, 1, 1, 1, 1, 1, 1, 1, 1, 1, 1, 1, 1, 1], "var": [0.0661251470447, 0.0371601544321, 0.0370016619563, 0.077834174037, 0.0423275902867, 0.0445751808584, 0.0887834653258, 0.0482016205788, 0.0708870440722, 0.111852101982, 0.0479975119233, 0.02344385162, 0.0320933870971, 0.0162026640028, 0.0346949771047, 0.0987821817398, 0.0713731795549, 0.0383198224008, 0.0529576353729, 0.0395110137761, 0.0497626103461, 0.0729404613376, 0.0458871498704, 0.0900764539838, 0.116855673492, 0.0517100244761, 0.0251913890243, 0.0281509682536, 0.0143960611895, 0.026935627684, 0.0556960888207, 0.0342494174838, 0.0303500629961, 0.0438888557255, 0.0225025899708, 0.0290856454521], "mean": [0.139117002487, 0.100266687572, 0.0979804769158, 0.138557851315, 0.103847786784, 0.120614975691, 0.170156881213, 0.136240378022, 0.181735008955, 0.233931303024, 0.134436845779, 0.0663425177336, 0.0678627714515, 0.0502113811672, 0.0952738747001, 0.182296648622, 0.153091922402, 0.106833010912, 0.115994267166, 0.0940905064344, 0.11188711226, 0.142313867807, 0.129787102342, 0.201592177153, 0.243835583329, 0.136021435261, 0.0745541676879, 0.0731882527471, 0.0494975671172, 0.0769565925002, 0.122458510101, 0.0928552150726, 0.0782288089395, 0.0904281511903, 0.0650733113289, 0.092078410089]}, "tuning_equal_tempered_deviation": 0.0143355559558, "chords_changes_rate": 0.0859447717667, "key_key": "F", "tuning_diatonic_strength": 0.510669946671, "key_scale": "major", "chords_number_rate": 0.00279242941178, "tuning_frequency": 441.527557373, "tuning_nontempered_energy_ratio": 0.714596867561, "chords_histogram": [17.0338191986, 6.70183038712, 4.28172492981, 5.63139915466, 3.76977968216, 2.71486186981, 3.04064536095, 0.310269922018, 2.45113253593, 0.915296316147, 6.50015497208, 1.47378218174, 2.60626745224, 0.0465404912829, 0.139621466398, 1.59789013863, 0.65156686306, 12.4107971191, 1.50480914116, 3.10269927979, 0.605026364326, 3.42848277092, 11.3713932037, 7.71020793915], "key_strength": 0.723995387554, "chords_key": "F", "chords_strength": {"dmean2": 0.0111585045233, "median": 0.429850399494, "min": -1, "dvar2": 0.000706925522536, "dvar": 0.000389175402233, "dmean": 0.0124550284818, "max": 0.766827583313, "var": 0.0224345978349, "mean": 0.430187612772}, "chords_scale": "major", "hpcp_entropy": {"dmean2": 0.918099105358, "median": 1.79173803329, "min": 0, "dvar2": 0.642529547215, "dvar": 0.253518640995, "dmean": 0.546956300735, "max": 4.42492103577, "var": 0.608733654022, "mean": 1.76562213898}}, "metadata": {"audio_properties": {"equal_loudness": 0, "codec": "flac", "downmix": "mix", "sample_rate": 44100, "analysis_sample_rate": 44100, "bit_rate": 0, "md5_encoded": "aab3ee2a94c60ed7cafa596a14098f8a", "length": 299.266662598, "replay_gain": -7.55759620667, "lossless": true}, "version": {"essentia_build_sha": "2d9f1f26377add8aeb1075a9c2973f962c4f09fd", "essentia": "2.1-beta2", "extractor": "music 1.0", "essentia_git_sha": "v2.1_beta2-1-ge3940c0"}, "tags": {"title": ["Walkin' (Alternate Take 1)"], "barcode": ["025218731164"], "media": ["SACD"], "albumartist": ["Art Pepper"], "tracktotal": ["15"], "albumartistsort": ["Pepper, Art"], "performer": ["Art Pepper (tenor saxophone)", "Bob Enevoldsen (tenor saxophone)", "Richie Kamuca (tenor saxophone)", "Mel Lewis (drums)", "Art Pepper (clarinet)", "Med Flory (baritone saxophone)", "Art Pepper (alto saxophone)", "Charlie Kennedy (alto saxophone)", "Joe Mondragon (double bass)", "Al Porcino (trumpet)", "Jack Sheldon (trumpet)", "Russ Freeman (piano)", "Vincent DeRosa (french horn)", "Dick Nash (trombone)", "Bob Enevoldsen (valve trombone)"], "releasetype": ["album"], "musicbrainz_recordingid": ["17d8c9b6-e082-4f18-9cf4-f0141fb2f1af"], "composer": ["[unknown]"], "musicbrainz_albumid": ["cca37772-53c2-33dd-8d77-0c955308e191"], "artistsort": ["Pepper, Art"], "musicbrainz_releasegroupid": ["a60f71c7-56b4-3270-9c12-051f8c460d0c"], "originalyear": ["1959"], "producer": ["Lester Koenig"], "discnumber": ["1"], "album": ["Art Pepper + Eleven"], "catalognumber": ["CSA-7568-6"], "releasecountry": ["US"], "file_name": "12 - Walkin' (alternate take 1).flac", "musicbrainz_albumartistid": ["266b9126-4a40-4b9b-b21e-422d72e64254"], "work": ["Walkin'"], "date": ["2004-01-20"], "genre": ["Jazz"], "composersort": ["[unknown]"], "disctotal": ["1"], "acoustid_id": ["cce365d6-d1c0-4181-9139-f70ec9d70cb2"], "releasestatus": ["official"], "musicbrainz_artistid": ["266b9126-4a40-4b9b-b21e-422d72e64254"], "originaldate": ["1959"], "musicbrainz_workid": ["961fd320-e234-40a1-a8f2-0d6c3dc569a0"], "musicbrainz_releasetrackid": ["8182ca5e-404a-3feb-b215-3407c4d84df0"], "artist": ["Art Pepper"], "tracknumber": ["12"], "arranger": ["Marty Paich"], "bpm": ["123"], "label": ["Contemporary"], "totaltracks": ["15"], "totaldiscs": ["1"], "script": ["Latn"], "conductor": ["Marty Paich"]}}, "rhythm": {"bpm_histogram_first_peak_bpm": {"dmean2": 0, "median": 123, "min": 123, "dvar2": 0, "dvar": 0, "dmean": 0, "max": 123, "var": 0, "mean": 123}, "bpm": 122.651306152, "bpm_histogram_second_peak_spread": {"dmean2": 0, "median": 0.262711852789, "min": 0.262711852789, "dvar2": 0, "dvar": 0, "dmean": 0, "max": 0.262711852789, "var": 0, "mean": 0.262711852789}, "bpm_histogram_first_peak_weight": {"dmean2": 0, "median": 0.350993365049, "min": 0.350993365049, "dvar2": 0, "dvar": 0, "dmean": 0, "max": 0.350993365049, "var": 0, "mean": 0.350993365049}, "onset_rate": 3.3012342453, "beats_position": [0.510838985443, 1.04489791393, 1.57895684242, 2.08979582787, 2.60063481331, 3.12308382988, 3.62231278419, 4.12154197693, 4.62077093124, 5.13160991669, 5.64244890213, 6.14167785645, 6.64090681076, 7.1517457962, 7.63936471939, 8.13859367371, 8.63782310486, 9.13705158234, 9.63628101349, 10.1355104446, 10.6579589844, 11.1571884155, 11.6680269241, 12.1788663864, 12.689704895, 13.2121543884, 13.722992897, 14.2454423904, 14.7678909302, 15.301949501, 15.8476190567, 16.3584575653, 16.8576869965, 17.3569164276, 17.8561439514, 18.3669834137, 18.8662128448, 19.3770523071, 19.8762817383, 20.3755092621, 20.8747386932, 21.3739681244, 21.8848075867, 22.3840351105, 22.8948745728, 23.3941040039, 23.8933334351, 24.3809528351, 24.8801803589, 25.37940979, 25.8902492523, 26.3894786835, 26.8887062073, 27.3879356384, 27.8871650696, 28.3863945007, 28.8856239319, 29.3964614868, 29.9073009491, 30.4181404114, 30.9173698425, 31.4165973663, 31.9274368286, 32.4382743835, 32.960723877, 33.4947853088, 34.0172348022, 34.539680481, 35.0621299744, 35.572971344, 36.0954170227, 36.6178665161, 37.1287078857, 37.6395454407, 38.1503829956, 38.6496124268, 39.1488418579, 39.6248512268, 40.1124725342, 40.6116981506, 41.134147644, 41.6565971375, 42.1790466309, 42.678276062, 43.1891136169, 43.6883430481, 44.1875724792, 44.6868019104, 45.1744194031, 45.6620407104, 46.1612701416, 46.6604995728, 47.1597251892, 47.6589546204, 48.1581840515, 48.6458053589, 49.1334228516, 49.6326522827, 50.1318817139, 50.631111145, 51.1303405762, 51.6179580688, 52.1055755615, 52.5931968689, 53.0924263, 53.5800437927, 54.0792732239, 54.5668907166, 55.0777320862, 55.5769615173, 56.0761909485, 56.5870285034, 57.1094779968, 57.6319274902, 58.1543769836, 58.6652145386, 59.1760520935, 59.6868934631, 60.1977310181, 60.708568573, 61.2077980042, 61.7186393738, 62.2294769287, 62.7403144836, 63.2511558533, 63.7503852844, 64.2612228394, 64.772064209, 65.2596817017, 65.7472991943, 66.2465286255, 66.7457580566, 67.2449874878, 67.7326049805, 68.2202224731, 68.7078475952, 69.1954650879, 69.6830825806, 70.1823120117, 70.6815414429, 71.1691589355, 71.6567764282, 72.1444015503, 72.6436233521, 73.1428527832, 73.6304779053, 74.1180953979, 74.6057128906, 75.0933303833, 75.580947876, 76.0801773071, 76.5678024292, 77.0554199219, 77.554649353, 78.0538787842, 78.5414962769, 79.040725708, 79.5399551392, 80.0391845703, 80.526802063, 81.0144195557, 81.4904327393, 81.9664382935, 82.4540557861, 82.9416732788, 83.4292984009, 83.9169158936, 84.4045333862, 84.8921508789, 85.3797683716, 85.8557815552, 86.3317871094, 86.8194122314, 87.3070297241, 87.7946472168, 88.2822647095, 88.7698822021, 89.2575073242, 89.7335128784, 90.2095184326, 90.6971435547, 91.1847610474, 91.67237854, 92.1716079712, 92.6592254639, 93.1352386475, 93.5996322632, 94.0756454468, 94.5632629395, 95.039276123, 95.5268936157, 96.0145111084, 96.5021286011, 96.9897460938, 97.4773712158, 97.9649887085, 98.4526062012, 98.9402236938, 99.4278411865, 99.9154663086, 100.391471863, 100.867477417, 101.343490601, 101.819496155, 102.295509338, 102.771514893, 103.247528076, 103.72353363, 104.211151123, 104.698776245, 105.186393738, 105.67401123, 106.161628723, 106.637641907, 107.125259399, 107.612876892, 108.088890076, 108.576507568, 109.052513123, 109.528526306, 110.027755737, 110.526985168, 111.014602661, 111.513832092, 112.001449585, 112.500679016, 112.988296509, 113.48752594, 113.986755371, 114.474372864, 114.961990356, 115.461219788, 115.960449219, 116.471290588, 116.958908081, 117.446525574, 117.945755005, 118.456596375, 118.944213867, 119.43183136, 119.919456482, 120.407073975, 120.883079529, 121.370697021, 121.858322144, 122.345939636, 122.845169067, 123.33278656, 123.832015991, 124.331245422, 124.807250977, 125.294876099, 125.782493591, 126.270111084, 126.757728577, 127.245346069, 127.732971191, 128.220581055, 128.719818115, 129.219039917, 129.706665039, 130.194290161, 130.693511963, 131.192733765, 131.680358887, 132.167984009, 132.655593872, 133.143218994, 133.630844116, 134.118453979, 134.606079102, 135.093688965, 135.581314087, 136.068939209, 136.556549072, 137.055786133, 137.555007935, 138.054244995, 138.565078735, 139.075912476, 139.575149536, 140.074371338, 140.573608398, 141.061218262, 141.560455322, 142.059677124, 142.570526123, 143.081359863, 143.592193604, 144.103042603, 144.613876343, 145.124710083, 145.623947144, 146.123168945, 146.622406006, 147.110015869, 147.60925293, 148.096862793, 148.584487915, 149.083709717, 149.582946777, 150.093780518, 150.593017578, 151.09223938, 151.59147644, 152.090698242, 152.578323364, 153.077545166, 153.576782227, 154.076004028, 154.575241089, 155.086074829, 155.585296631, 156.072921753, 156.548934937, 157.0365448, 157.524169922, 158.011795044, 158.499404907, 158.975418091, 159.451431274, 159.939041138, 160.42666626, 160.925888062, 161.436737061, 161.935958862, 162.446792603, 162.957641602, 163.468475342, 163.967712402, 164.478546143, 164.977767944, 165.465393066, 165.953018188, 166.440628052, 166.916641235, 167.392654419, 167.880264282, 168.367889404, 168.855514526, 169.34312439, 169.830749512, 170.318359375, 170.794372559, 171.270385742, 171.757995605, 172.234008789, 172.710021973, 173.197631836, 173.685256958, 174.17288208, 174.660491943, 175.148117065, 175.624130249, 176.100128174, 176.576141357, 177.063766479, 177.562988281, 178.050613403, 178.538223267, 179.025848389, 179.513473511, 180.001083374, 180.488708496, 180.976318359, 181.463943481, 181.951568604, 182.427566528, 182.91519165, 183.391204834, 183.878814697, 184.366439819, 184.87727356, 185.37651062, 185.875732422, 186.363357544, 186.850967407, 187.338592529, 187.837814331, 188.337051392, 188.824661255, 189.312286377, 189.811508179, 190.310745239, 190.809967041, 191.285980225, 191.761993408, 192.238006592, 192.702392578, 193.178405762, 193.654418945, 194.142044067, 194.629653931, 195.105667114, 195.581680298, 196.069290161, 196.556915283, 197.044525146, 197.532150269, 198.019775391, 198.507385254, 199.006622314, 199.482620239, 199.958633423, 200.434646606, 200.92225647, 201.386657715, 201.862670898, 202.338684082, 202.803085327, 203.279083252, 203.755096436, 204.231109619, 204.707122803, 205.183120728, 205.647521973, 206.100311279, 206.564712524, 207.052337646, 207.53994751, 208.027572632, 208.515182495, 209.014419556, 209.502029419, 210.001266479, 210.488891602, 210.976501465, 211.464126587, 211.95173645, 212.439361572, 212.926986694, 213.414596558, 213.90222168, 214.366622925, 214.831008911, 215.295410156, 215.77142334, 216.247436523, 216.723449707, 217.199447632, 217.675460815, 218.151473999, 218.639083862, 219.115097046, 219.602722168, 220.078720093, 220.554733276, 221.03074646, 221.518356323, 221.982757568, 222.447158813, 222.911560059, 223.387573242, 223.863571167, 224.339584351, 224.815597534, 225.291610718, 225.779220581, 226.278457642, 226.766067505, 227.276916504, 227.787750244, 228.298583984, 228.797821045, 229.297042847, 229.807891846, 230.318725586, 230.817947388, 231.317184448, 231.80480957, 232.292419434, 232.780044556, 233.267654419, 233.755279541, 234.266113281, 234.765350342, 235.264572144, 235.752197266, 236.239807129, 236.727432251, 237.215057373, 237.702667236, 238.190292358, 238.677902222, 239.177139282, 239.664764404, 240.152374268, 240.63999939, 241.127609253, 241.603622437, 242.091247559, 242.59046936, 243.078094482, 243.565704346, 244.076553345, 244.587387085, 245.109832764, 245.643890381, 246.15473938, 246.66557312, 247.17640686, 247.687255859, 248.186477661, 248.69732666, 249.184936523, 249.684173584, 250.183395386, 250.682632446, 251.193466187, 251.704299927, 252.215148926, 252.737594604, 253.236816406, 253.736053467, 254.235275269, 254.734512329, 255.222122192, 255.709747314, 256.197357178, 256.684997559, 257.172607422, 257.660217285, 258.159454346, 258.647064209, 259.14630127, 259.64553833, 260.121551514, 260.59753418, 261.073547363, 261.549560547, 262.03717041, 262.524810791, 263.012420654, 263.500030518, 263.976043701, 264.452056885, 264.939666748, 265.415679932, 265.891693115, 266.367706299, 266.843719482, 267.319732666, 267.818939209, 268.30657959, 268.805786133, 269.32824707, 269.839080811, 270.349914551, 270.872375488, 271.371612549, 271.894042969, 272.416503906, 272.927337646, 273.438171387, 273.949005127, 274.459869385, 274.970703125, 275.481536865, 275.992370605, 276.503204346, 277.014068604, 277.536499023, 278.058959961, 278.581390381, 279.115447998, 279.637908936, 280.160369873, 280.69442749, 281.21685791, 281.750915527, 282.284973145, 282.819030762, 283.353088379, 283.887145996, 284.421234131, 284.955291748, 285.466125488, 285.988555908, 286.499420166, 287.021850586, 287.532684326, 288.020324707, 288.531158447, 289.018768311, 289.506378174, 290.005615234, 290.493225098, 290.992462158, 291.398803711, 291.805175781, 292.223114014, 292.629486084, 293.024200439, 293.418945313, 293.813690186, 294.208435059, 294.614776611, 295.021118164, 295.427490234, 295.961547852, 296.507202148, 297.041259766, 297.575317383, 298.109375, 298.643432617], "beats_loudness": {"dmean2": 0.028504120186, "median": 0.0226757787168, "min": 1.74941638953e-09, "dvar2": 0.000886110938154, "dvar": 0.00034240516834, "dmean": 0.0171411707997, "max": 0.216533794999, "var": 0.000523083494045, "mean": 0.0262551419437}, "danceability": 1.09884226322, "bpm_histogram_second_peak_weight": {"dmean2": 0, "median": 0.144039735198, "min": 0.144039735198, "dvar2": 0, "dvar": 0, "dmean": 0, "max": 0.144039735198, "var": 0, "mean": 0.144039735198}, "beats_count": 605, "bpm_histogram_second_peak_bpm": {"dmean2": 0, "median": 117, "min": 117, "dvar2": 0, "dvar": 0, "dmean": 0, "max": 117, "var": 0, "mean": 117}, "bpm_histogram_first_peak_spread": {"dmean2": 0, "median": 0.519274413586, "min": 0.519274413586, "dvar2": 0, "dvar": 0, "dmean": 0, "max": 0.519274413586, "var": 0, "mean": 0.519274413586}, "beats_loudness_band_ratio": {"dmean2": [0.481868714094, 0.164616271853, 0.240028932691, 0.199974268675, 0.130489036441, 0.0828049555421], "median": [0.382019132376, 0.0774659737945, 0.161776691675, 0.0992083325982, 0.0270646270365, 0.0209057629108], "min": [0.000436519447248, 0.000129940235638, 0.000398101430619, 0.000232519872952, 0.000202131443075, 0.000347127584973], "dvar2": [0.137736588717, 0.0336709432304, 0.0433125197887, 0.0359572283924, 0.0283270981163, 0.0154537241906], "dvar": [0.055668015033, 0.0140997320414, 0.0168409515172, 0.0136460401118, 0.0118046691641, 0.00537713477388], "dmean": [0.281983017921, 0.0983151867986, 0.139412939548, 0.118561029434, 0.0766005888581, 0.0458424538374], "max": [0.992399632931, 0.905075967312, 0.832085907459, 0.714504778385, 0.866302847862, 0.867014527321], "var": [0.0995125547051, 0.0193897094578, 0.0272987689823, 0.0218912493438, 0.016765518114, 0.00647832546383], "mean": [0.433046460152, 0.123674556613, 0.1918053478, 0.144736230373, 0.0824800208211, 0.0485945306718]}}, "lowlevel": {"barkbands_spread": {"dmean2": 6.88545465469, "median": 14.1275844574, "min": 0.374303728342, "dvar2": 123.640235901, "dvar": 54.7116584778, "dmean": 4.56406974792, "max": 161.672714233, "var": 335.561431885, "mean": 18.1404361725}, "melbands_spread": {"dmean2": 6.83168125153, "median": 15.4399642944, "min": 0.379049032927, "dvar2": 103.92565918, "dvar": 47.432510376, "dmean": 4.59766149521, "max": 175.827713013, "var": 290.748474121, "mean": 18.8392505646}, "hfc": {"dmean2": 6.12217998505, "median": 5.2407989502, "min": 1.26902118816e-16, "dvar2": 260.541442871, "dvar": 163.910583496, "dmean": 4.76648283005, "max": 486.153289795, "var": 879.250915527, "mean": 15.9911775589}, "barkbands_kurtosis": {"dmean2": 7.6049041748, "median": 2.69562911987, "min": -1.97360503674, "dvar2": 301.881225586, "dvar": 149.158340454, "dmean": 5.19758319855, "max": 415.424468994, "var": 674.891601563, "mean": 11.0647993088}, "gfcc": {"mean": [-79.0078353882, 83.5310287476, -96.3696289063, 12.4372005463, -54.284828186, 17.964132309, -33.2251815796, 7.7782087326, -17.1848068237, 6.00939798355, -15.7705726624, -1.58297538757, -10.5996799469], "icov": [[0.000213659659494, -0.000336889381288, 0.000467649864731, -0.000430320069427, 0.000477937253891, -0.000639796373434, 0.000524752307683, -0.000643477484118, 0.000758162175771, -0.000866760965437, 0.000996795482934, -0.000726010825019, 0.000408461666666], [-0.000336889381288, 0.00130840030033, -0.00075618509436, 0.000890173600055, -0.000774178886786, 0.000819011067506, -0.000542235793546, 0.00138817448169, -0.00203171535395, 0.00218692002818, -0.00259168748744, 0.00235101301223, -0.00117488740943], [0.000467649864731, -0.00075618509436, 0.00184607750271, -0.00165552494582, 0.00141988298856, -0.00179213832598, 0.000513063219842, -0.00113885768224, 0.00194542936515, -0.00279612815939, 0.00254351156764, -0.00196970789693, 0.000722640077583], [-0.000430320069427, 0.000890173600055, -0.00165552494582, 0.00343844294548, -0.00224574934691, 0.00136231200304, -0.00074219488306, 0.000516884378158, -0.000978288473561, 0.00271741556935, -0.00243687210605, 0.00242061982863, -0.000667211366817], [0.000477937253891, -0.000774178886786, 0.00141988298856, -0.00224574934691, 0.00484765227884, -0.00260464753956, 0.000789143145084, -0.000602669548243, -0.00199134973809, -0.000479050591821, 0.000613315962255, -0.000744447519537, -0.000440736068413], [-0.000639796373434, 0.000819011067506, -0.00179213832598, 0.00136231200304, -0.00260464753956, 0.0093883657828, -0.00392347341403, 3.00171063827e-06, 0.000184700489626, 0.000485769909574, -0.000245119328611, -0.000316505524097, 0.000675197399687], [0.000524752307683, -0.000542235793546, 0.000513063219842, -0.00074219488306, 0.000789143145084, -0.00392347341403, 0.0103718787432, -0.00643919408321, 0.00225410028361, 0.00138721999247, -0.00069589697523, 0.00114230171312, 0.000334452313837], [-0.000643477484118, 0.00138817448169, -0.00113885768224, 0.000516884378158, -0.000602669548243, 3.00171063827e-06, -0.00643919408321, 0.0166266653687, -0.00824435427785, 0.000973295769654, -0.00124320457689, 0.0021610762924, -0.000254939193837], [0.000758162175771, -0.00203171535395, 0.00194542936515, -0.000978288473561, -0.00199134973809, 0.000184700489626, 0.00225410028361, -0.00824435427785, 0.0183151680976, -0.0109589193016, 0.00590486638248, -0.00368871190585, 0.00226992554963], [-0.000866760965437, 0.00218692002818, -0.00279612815939, 0.00271741556935, -0.000479050591821, 0.000485769909574, 0.00138721999247, 0.000973295769654, -0.0109589193016, 0.0208489149809, -0.0126262679696, 0.00642504543066, -0.00229858444072], [0.000996795482934, -0.00259168748744, 0.00254351156764, -0.00243687210605, 0.000613315962255, -0.000245119328611, -0.00069589697523, -0.00124320457689, 0.00590486638248, -0.0126262679696, 0.0244065430015, -0.0147642306983, 0.0058762980625], [-0.000726010825019, 0.00235101301223, -0.00196970789693, 0.00242061982863, -0.000744447519537, -0.000316505524097, 0.00114230171312, 0.0021610762924, -0.00368871190585, 0.00642504543066, -0.0147642306983, 0.0222903620452, -0.00988661777228], [0.000408461666666, -0.00117488740943, 0.000722640077583, -0.000667211366817, -0.000440736068413, 0.000675197399687, 0.000334452313837, -0.000254939193837, 0.00226992554963, -0.00229858444072, 0.0058762980625, -0.00988661777228, 0.0157572869211]], "cov": [[18742.3847656, 1670.63171387, -2831.31030273, -459.017272949, -838.545837402, 202.036331177, -550.014648438, 41.4621429443, -212.724441528, 25.5542907715, -257.516113281, -58.7515487671, -177.089996338], [1670.63171387, 1646.30908203, -316.483978271, -161.241546631, 111.211975098, -70.4046936035, -73.2489089966, -52.466091156, 99.5147399902, -14.4625272751, 42.3273048401, -58.2965965271, 25.1576919556], [-2831.31030273, -316.483978271, 2022.79956055, 556.32208252, -32.829826355, 216.98739624, 207.797851563, 81.1325759888, -63.6666984558, 44.9001235962, -16.6168079376, 5.10742759705, -7.60602378845], [-459.017272949, -161.241546631, 556.32208252, 686.08013916, 208.907745361, 90.365486145, 101.59223938, 66.3399810791, 4.37295913696, -22.7442588806, -18.2690315247, -39.2248802185, -17.4439525604], [-838.545837402, 111.211975098, -32.829826355, 208.907745361, 488.236358643, 49.9176445007, 53.0489501953, 54.3231239319, 128.022460938, 16.1445560455, 28.4692115784, -12.6725416183, 16.9951229095], [202.036331177, -70.4046936035, 216.98739624, 90.365486145, 49.9176445007, 208.839828491, 95.0036849976, 61.1427230835, -3.88191914558, 7.92849636078, -15.943775177, -5.62558603287, -21.0593605042], [-550.014648438, -73.2489089966, 207.797851563, 101.59223938, 53.0489501953, 95.0036849976, 204.813323975, 83.5599441528, 6.03535175323, -14.3549613953, -7.50633525848, -26.5160942078, -18.8156147003], [41.4621429443, -52.466091156, 81.1325759888, 66.3399810791, 54.3231239319, 61.1427230835, 83.5599441528, 134.326049805, 61.1284713745, 28.8483371735, -7.81518411636, -20.5387306213, -21.1691493988], [-212.724441528, 99.5147399902, -63.6666984558, 4.37295913696, 128.022460938, -3.88191914558, 6.03535175323, 61.1284713745, 154.545196533, 66.4296951294, 19.4421691895, -8.1341791153, -4.27957201004], [25.5542907715, -14.4625272751, 44.9001235962, -22.7442588806, 16.1445560455, 7.92849636078, -14.3549613953, 28.8483371735, 66.4296951294, 116.541229248, 43.4862365723, 11.0464220047, -5.7351732254], [-257.516113281, 42.3273048401, -16.6168079376, -18.2690315247, 28.4692115784, -15.943775177, -7.50633525848, -7.81518411636, 19.4421691895, 43.4862365723, 100.924797058, 51.2196655273, 9.37434482574], [-58.7515487671, -58.2965965271, 5.10742759705, -39.2248802185, -12.6725416183, -5.62558603287, -26.5160942078, -20.5387306213, -8.1341791153, 11.0464220047, 51.2196655273, 106.375740051, 45.8237800598], [-177.089996338, 25.1576919556, -7.60602378845, -17.4439525604, 16.9951229095, -21.0593605042, -18.8156147003, -21.1691493988, -4.27957201004, -5.7351732254, 9.37434482574, 45.8237800598, 96.0090713501]]}, "spectral_energyband_middle_low": {"dmean2": 0.00236616074108, "median": 0.00377130880952, "min": 3.64801114689e-22, "dvar2": 1.68877159012e-05, "dvar": 8.70049279911e-06, "dmean": 0.00167861243244, "max": 0.0897691398859, "var": 4.46762715001e-05, "mean": 0.00579546019435}, "melbands_crest": {"dmean2": 4.05789899826, "median": 14.0788154602, "min": 1.78878712654, "dvar2": 17.4316272736, "dvar": 7.11573934555, "dmean": 2.57148838043, "max": 37.2073783875, "var": 33.2108726501, "mean": 14.7189159393}, "spectral_kurtosis": {"dmean2": 2.95519638062, "median": 5.01271438599, "min": -1.21251225471, "dvar2": 16.3064098358, "dvar": 6.54351472855, "dmean": 1.85618686676, "max": 44.7516288757, "var": 24.250164032, "mean": 6.31317234039}, "spectral_rms": {"dmean2": 0.000660733145196, "median": 0.0031932964921, "min": 3.30555049478e-12, "dvar2": 8.55084124396e-07, "dvar": 5.17878675055e-07, "dmean": 0.000513671315275, "max": 0.0154563160613, "var": 4.22098537456e-06, "mean": 0.00339544378221}, "zerocrossingrate": {"dmean2": 0.0112111847848, "median": 0.04736328125, "min": 0.0029296875, "dvar2": 0.000211807986489, "dvar": 0.000160396943102, "dmean": 0.00942274089903, "max": 0.7060546875, "var": 0.00294761755504, "mean": 0.0584026426077}, "silence_rate_60dB": {"dmean2": 0.113904409111, "median": 0, "min": 0, "dvar2": 0.111167915165, "dvar": 0.0536999888718, "dmean": 0.056947786361, "max": 1, "var": 0.173650637269, "mean": 0.223661750555}, "erbbands_kurtosis": {"dmean2": 1.73828184605, "median": 0.694314837456, "min": -1.82490944862, "dvar2": 9.2009563446, "dvar": 4.40318250656, "dmean": 1.14495790005, "max": 85.8241271973, "var": 14.0661563873, "mean": 1.58122611046}, "erbbands": {"dmean2": [0.0328187271953, 0.481906026602, 0.984318554401, 1.55728816986, 1.41795492172, 2.56767463684, 3.02411651611, 5.68300962448, 6.58970594406, 11.6709947586, 13.0538682938, 17.0748519897, 15.7465276718, 17.249704361, 21.7315387726, 20.712266922, 22.944568634, 18.7165126801, 29.6729202271, 24.6649684906, 10.0827541351, 11.308549881, 11.7220497131, 6.16703414917, 4.92986106873, 3.04903244972, 1.89114356041, 1.9567797184, 2.21466088295, 1.74250543118, 1.34021306038, 0.994648933411, 0.68438321352, 0.592573523521, 0.333024024963, 0.1343139112, 0.0369116216898, 0.00760675081983, 0.000804234761745, 4.96473439853e-05], "median": [0.00797593779862, 0.125709563494, 0.554310679436, 0.650708734989, 0.738575220108, 0.995083808899, 1.72880339622, 2.83614587784, 4.17772912979, 4.88259506226, 4.42821598053, 4.77362251282, 4.2804980278, 3.91779851913, 4.62583303452, 3.23798847198, 3.75827383995, 3.6285572052, 3.32830429077, 2.59952878952, 1.79385733604, 1.04831290245, 0.686425685883, 0.616056323051, 0.451530277729, 0.457232534885, 0.376861214638, 0.324328064919, 0.344176828861, 0.272961109877, 0.191633433104, 0.136391714215, 0.0996151641011, 0.0771304666996, 0.0396389812231, 0.0120502021164, 0.00283075473271, 0.000541272282135, 8.32285149954e-05, 2.04808202398e-05], "min": [1.50443403226e-21, 8.94686709252e-21, 9.487608953e-21, 8.08206834135e-20, 1.55491072178e-19, 8.19256351532e-20, 3.566987366e-19, 2.4106509082e-19, 6.7763974779e-19, 1.34158386618e-18, 2.1779942634e-18, 1.26118232423e-18, 2.41657465876e-18, 2.736054352e-18, 3.86576986294e-18, 3.7211046592e-18, 4.70307847492e-18, 4.49827145038e-18, 5.63639504546e-18, 4.40609044292e-18, 6.4439967065e-18, 1.38760366665e-17, 1.69677954323e-17, 1.04707292992e-17, 1.03560953012e-17, 1.74102212547e-17, 1.54503524509e-17, 1.77295477127e-17, 2.3073007084e-17, 2.13766465905e-17, 1.36516415914e-17, 1.637079106e-17, 1.4165980842e-17, 1.18931085487e-17, 1.06326556944e-17, 5.20330023393e-18, 3.85174129334e-18, 1.46534849058e-18, 3.56526734732e-19, 4.34582082272e-20], "dvar2": [0.00453721731901, 1.12470436096, 5.28511571884, 22.2676086426, 16.3816928864, 23.8988857269, 33.5746536255, 138.244125366, 204.442001343, 721.952575684, 1917.31530762, 2929.21875, 3644.86157227, 3259.50561523, 7155.36425781, 9747.85742188, 8519.859375, 4868.44580078, 33696.546875, 19064.2773438, 1294.74182129, 4568.37646484, 3908.63867188, 1706.01293945, 678.004394531, 133.999710083, 31.5870265961, 38.9573059082, 50.9575119019, 23.4513130188, 20.9493274689, 22.0072937012, 7.35231590271, 4.63771486282, 0.906859219074, 0.18251350522, 0.0199516676366, 0.000940947851632, 5.76671573072e-06, 1.82451920239e-08], "dvar": [0.00215147901326, 0.58852159977, 2.22445654869, 8.48194885254, 6.83471298218, 8.9867181778, 14.5428695679, 59.7324180603, 84.1160583496, 366.201324463, 1226.00073242, 1628.30517578, 2270.68066406, 1794.07458496, 4077.08276367, 5716.78173828, 4483.125, 2871.69628906, 18390.0214844, 12903.1445313, 743.451171875, 2932.1340332, 2577.9074707, 824.52130127, 338.802581787, 67.3704910278, 17.133600235, 18.796546936, 23.0458030701, 11.7409229279, 10.6061239243, 9.92785835266, 4.04426145554, 2.32629275322, 0.473094940186, 0.102607756853, 0.0110270958394, 0.000534068560228, 2.79624055111e-06, 7.75941355613e-09], "dmean": [0.0217857863754, 0.339153677225, 0.667989432812, 0.962476313114, 0.876306176186, 1.54346847534, 1.95506620407, 3.75716853142, 4.20500230789, 7.94154596329, 9.36688232422, 12.2289104462, 12.0229845047, 12.4682769775, 15.8034286499, 14.5172271729, 16.4434967041, 13.5105190277, 20.9387397766, 18.6735439301, 7.31487894058, 8.25420951843, 8.74045848846, 4.29984760284, 3.41010117531, 2.10515117645, 1.31660747528, 1.35151267052, 1.50265836716, 1.21009755135, 0.937574923038, 0.68691778183, 0.474527209997, 0.412648767233, 0.230643168092, 0.0954885333776, 0.0261572301388, 0.00553416833282, 0.000538473250344, 3.27980560542e-05], "max": [0.662742316723, 10.1542663574, 37.2180709839, 94.0022659302, 109.825698853, 78.6000976563, 123.968132019, 192.276809692, 266.561248779, 793.810546875, 2415.63208008, 1569.41674805, 2941.75317383, 1433.61975098, 2861.43945313, 3369.99487305, 2038.26782227, 2092.13696289, 7107.54199219, 6444.20751953, 1387.1451416, 4765.93408203, 2566.91821289, 1821.57287598, 1064.91772461, 365.374847412, 193.619796753, 146.638870239, 132.153793335, 97.3863372803, 148.447784424, 156.122375488, 160.49105835, 80.2237167358, 22.1498184204, 11.3247947693, 4.25570249557, 0.934759199619, 0.0565260499716, 0.00122659420595], "var": [0.00612967461348, 1.82588291168, 4.24918222427, 12.3564004898, 15.9286260605, 18.387348175, 43.9660453796, 241.234954834, 275.750091553, 1552.1854248, 6542.02490234, 9283.40625, 9355.53808594, 7855.11669922, 14113.6816406, 22123.5546875, 21299.9589844, 9945.97460938, 65616.78125, 59217.1992188, 2678.47607422, 13960.0380859, 13854.4697266, 1987.12133789, 997.268920898, 184.577972412, 76.1275863647, 57.4476013184, 66.6042633057, 43.4154853821, 36.615524292, 43.604309082, 25.9848194122, 9.86578273773, 1.61586141586, 0.488291203976, 0.0421299487352, 0.00188941392116, 6.87444480718e-06, 1.3209244365e-08], "mean": [0.0467620939016, 0.733261287212, 1.34581148624, 1.86447405815, 1.5570152998, 2.55704522133, 4.06082487106, 8.80404949188, 9.95387172699, 20.3898544312, 24.3792667389, 33.8780899048, 29.3031997681, 30.4512271881, 34.6972084045, 33.1659660339, 43.0155220032, 31.0184345245, 48.0177307129, 46.5938606262, 16.1774959564, 18.1046714783, 19.4421405792, 8.49249744415, 6.48299789429, 4.14181375504, 2.78321623802, 2.59981846809, 2.92244076729, 2.47181415558, 1.89180123806, 1.45548319817, 1.01891720295, 0.820828378201, 0.425793141127, 0.190283730626, 0.0518375597894, 0.0105548640713, 0.000829756143503, 6.00350249442e-05]}, "spectral_strongpeak": {"dmean2": 0.872109770775, "median": 0.398027539253, "min": 0, "dvar2": 3.4921169281, "dvar": 1.79533910751, "dmean": 0.555179655552, "max": 29.9180183411, "var": 6.4420003891, "mean": 1.36629402637}, "spectral_energy": {"dmean2": 0.00572028011084, "median": 0.0104520712048, "min": 1.11998316235e-20, "dvar2": 0.000113070564112, "dvar": 6.50766160106e-05, "dmean": 0.00431176414713, "max": 0.244870141149, "var": 0.000358485878678, "mean": 0.0161438193172}, "average_loudness": 0.42899698019, "spectral_rolloff": {"dmean2": 610.441040039, "median": 925.927734375, "min": 43.06640625, "dvar2": 2512561.5, "dvar": 1016153.1875, "dmean": 364.553527832, "max": 20133.5449219, "var": 4799809.5, "mean": 1377.85058594}, "spectral_centroid": {"dmean2": 242.224456787, "median": 899.558105469, "min": 129.948059082, "dvar2": 112534.195313, "dvar": 56446.5117188, "dmean": 166.87411499, "max": 11211.7792969, "var": 408300.9375, "mean": 1045.59741211}, "pitch_salience": {"dmean2": 0.0964866280556, "median": 0.511756658554, "min": 0.0670104771852, "dvar2": 0.0102186212316, "dvar": 0.00417162524536, "dmean": 0.0615751296282, "max": 0.903196811676, "var": 0.0177890304476, "mean": 0.507260799408}, "spectral_energyband_middle_high": {"dmean2": 0.00274821836501, "median": 0.00124742789194, "min": 1.5504120265e-21, "dvar2": 6.7492495873e-05, "dvar": 4.11937107856e-05, "dmean": 0.00208887923509, "max": 0.240798532963, "var": 0.000199020680157, "mean": 0.00621229037642}, "spectral_contrast_coeffs": {"dmean2": [0.0723197087646, 0.066839247942, 0.0584981665015, 0.050998609513, 0.0355871133506, 0.0238445661962], "median": [-0.672728955746, -0.744818687439, -0.738360285759, -0.755356311798, -0.807648658752, -0.80882948637], "min": [-0.973324179649, -0.977718353271, -0.970639407635, -0.958949565887, -0.962571203709, -0.956741511822], "dvar2": [0.00352119002491, 0.0032829802949, 0.0026932079345, 0.00250470661558, 0.00129325175658, 0.000569533032831], "dvar": [0.0013496815227, 0.00147151120473, 0.00141710601747, 0.0014710156247, 0.000751458341256, 0.000281954446109], "dmean": [0.0436617806554, 0.0420139618218, 0.0384799018502, 0.034466817975, 0.0238615330309, 0.0157309081405], "max": [-0.286173939705, -0.310426712036, -0.360808849335, -0.323736608028, -0.423826247454, -0.584293067455], "var": [0.0067903068848, 0.0103218760341, 0.0103080235422, 0.0115638347343, 0.0054578804411, 0.0022987620905], "mean": [-0.670658886433, -0.730100095272, -0.729420900345, -0.739260673523, -0.790253996849, -0.798400580883]}, "melbands_skewness": {"dmean2": 1.18875265121, "median": 1.96568870544, "min": -2.35248613358, "dvar2": 2.7341530323, "dvar": 1.358314991, "dmean": 0.811847805977, "max": 21.4335594177, "var": 8.77256011963, "mean": 2.91171169281}, "spectral_spread": {"dmean2": 1034477.4375, "median": 5002995, "min": 1507453.25, "dvar2": 2182746734590.0, "dvar": 1094646235140.0, "dmean": 697963.0625, "max": 40018548, "var": 5660114681860.0, "mean": 5454607.5}, "dissonance": {"dmean2": 0.0451646670699, "median": 0.452437847853, "min": 0.192080423236, "dvar2": 0.00204905634746, "dvar": 0.000747759593651, "dmean": 0.0267713181674, "max": 0.500000059605, "var": 0.0016388312215, "mean": 0.443903833628}, "spectral_skewness": {"dmean2": 0.362298071384, "median": 1.91324818134, "min": -0.0397507697344, "dvar2": 0.168546140194, "dvar": 0.0752883478999, "dmean": 0.235705390573, "max": 5.59060621262, "var": 0.414379030466, "mean": 1.98587584496}, "spectral_flux": {"dmean2": 0.0277638491243, "median": 0.0343098826706, "min": 1.05829255082e-10, "dvar2": 0.00165471166838, "dvar": 0.000672664842568, "dmean": 0.0176976583898, "max": 0.45160022378, "var": 0.00145739293657, "mean": 0.0450385659933}, "spectral_contrast_valleys": {"dmean2": [0.668683946133, 0.565068900585, 0.515570282936, 0.475120663643, 0.375518769026, 0.364446312189], "median": [-7.90937423706, -7.2795715332, -8.18527793884, -8.80474472046, -8.95550537109, -10.8423557281], "min": [-27.9793453217, -27.2598896027, -27.0930137634, -27.2781715393, -27.2790336609, -27.3495254517], "dvar2": [0.320434689522, 0.266013592482, 0.229281172156, 0.215765327215, 0.16158606112, 0.286369591951], "dvar": [0.146675735712, 0.130718454719, 0.122928991914, 0.118993617594, 0.100442238152, 0.152100369334], "dmean": [0.416103512049, 0.357234299183, 0.343810498714, 0.327289700508, 0.277207225561, 0.274744510651], "max": [-5.61590766907, -4.82267189026, -5.35742044449, -6.06836557388, -6.05385923386, -8.09377670288], "var": [2.12945437431, 2.41492533684, 2.29633593559, 1.88566040993, 1.46754431725, 1.25613641739], "mean": [-8.14358901978, -7.5059261322, -8.33429050446, -8.93332862854, -9.00709915161, -10.8776283264]}, "erbbands_flatness_db": {"dmean2": 0.0268557686359, "median": 0.16102039814, "min": 0.0209754295647, "dvar2": 0.00103701127227, "dvar": 0.000644018000457, "dmean": 0.0196551159024, "max": 0.435211718082, "var": 0.00466481549665, "mean": 0.165693491697}, "spectral_energyband_high": {"dmean2": 0.00023209489882, "median": 5.83550536248e-05, "min": 8.2564774348e-21, "dvar2": 3.79542598239e-07, "dvar": 2.36466917158e-07, "dmean": 0.000172971645952, "max": 0.0194045882672, "var": 1.42463034081e-06, "mean": 0.000430258689448}, "spectral_entropy": {"dmean2": 0.270125716925, "median": 7.21702575684, "min": 4.59364557266, "dvar2": 0.103671319783, "dvar": 0.0597950667143, "dmean": 0.19860