{"tonal": {"thpcp": [1, 0.667440712452, 0.163149535656, 0.0536109916866, 0.0694065839052, 0.228001073003, 0.399042189121, 0.293762564659, 0.150123655796, 0.10456148535, 0.0775187984109, 0.229897320271, 0.393880784512, 0.347136795521, 0.498609960079, 0.687130570412, 0.379880309105, 0.0855680257082, 0.0792461335659, 0.164922297001, 0.379854440689, 0.50558501482, 0.293508201838, 0.088238298893, 0.0796051323414, 0.155136168003, 0.424553900957, 0.563367545605, 0.355050325394, 0.267657339573, 0.304499387741, 0.215049922466, 0.169008344412, 0.203317776322, 0.260729879141, 0.617284476757], "hpcp": {"dmean2": [0.288153350353, 0.201324552298, 0.0943217799067, 0.0932852849364, 0.159275025129, 0.250198274851, 0.294992744923, 0.229344472289, 0.170400649309, 0.162128373981, 0.156537398696, 0.151443570852, 0.167181178927, 0.197526335716, 0.323442071676, 0.37051576376, 0.32342594862, 0.152338832617, 0.0628500804305, 0.074105322361, 0.146562486887, 0.205859705806, 0.164218559861, 0.103349998593, 0.0713800117373, 0.0738918483257, 0.155987709761, 0.243742361665, 0.238018408418, 0.276838839054, 0.311608314514, 0.232975512743, 0.100513935089, 0.0956485494971, 0.158648580313, 0.23679189384], "median": [0.0997023433447, 0.0549724511802, 0.00928249582648, 0.00470040924847, 0.0122743602842, 0.0594659671187, 0.096951186657, 0.0594140142202, 0.0167239885777, 0.00941473711282, 0.00754235126078, 0.0145240332931, 0.021570302546, 0.0268746409565, 0.15238147974, 0.327711969614, 0.171140983701, 0.0212202966213, 0.00467764679343, 0.00484070228413, 0.0287705399096, 0.0558838285506, 0.0509556531906, 0.0161874387413, 0.00622290978208, 0.00476464210078, 0.0261428859085, 0.0521657466888, 0.0563307106495, 0.102874562144, 0.132085248828, 0.0643753781915, 0.00817937031388, 0.00441306363791, 0.00944066792727, 0.0586538612843], "min": [5.88589864492e-05, 7.62575800763e-05, 8.96333131095e-06, 0, 4.09500262322e-06, 5.81798376516e-05, 0.000128214989672, 5.37217201781e-05, 0, 0, 1.39808480526e-06, 6.19345973973e-06, 5.87629347137e-06, 3.45234984707e-05, 0.000203441726626, 0.000653468363453, 0.000339742517099, 8.9670997113e-05, 3.36463162967e-05, 1.95516568056e-05, 6.709236186e-05, 2.45566589001e-05, 0.000146210426465, 6.83481848682e-05, 2.88834053208e-05, 7.23628090782e-06, 4.6317523811e-05, 8.21241774247e-05, 7.77052191552e-05, 0.000223733164603, 0.000207539065741, 0.000198127760086, 1.42723678209e-07, 0, 2.09223071579e-05, 0.000100933219073], "dvar2": [0.125257760286, 0.0782320126891, 0.0366992801428, 0.0439380556345, 0.0860191658139, 0.122979849577, 0.123933672905, 0.0855642706156, 0.0959892421961, 0.0952559188008, 0.0879191532731, 0.0849098712206, 0.0752070844173, 0.0842241570354, 0.126630485058, 0.129625454545, 0.115962103009, 0.0658379867673, 0.0195559058338, 0.0324981696904, 0.0662811324, 0.0856302678585, 0.0562539808452, 0.0279461815953, 0.0189848113805, 0.0346384383738, 0.0655051097274, 0.100763119757, 0.104377739131, 0.110000364482, 0.120360307395, 0.090521954, 0.0372873395681, 0.0540128499269, 0.0890296623111, 0.111618801951], "dvar": [0.0517626293004, 0.0293855927885, 0.0126128662378, 0.0151285408065, 0.0298446621746, 0.0481142811477, 0.0559795051813, 0.0345269218087, 0.0365576632321, 0.0410019047558, 0.0350930467248, 0.0308248363435, 0.029810462147, 0.0324482433498, 0.0504310056567, 0.0599825978279, 0.0476932190359, 0.0229286830872, 0.00677755661309, 0.0114249754697, 0.0262171514332, 0.0379451476038, 0.0216208491474, 0.0111343851313, 0.00765342731029, 0.0121479649097, 0.0261421855539, 0.0457264445722, 0.0382172465324, 0.0436151064932, 0.0551616251469, 0.0342873446643, 0.0127965454012, 0.0178994201124, 0.0310377459973, 0.0444326214492], "dmean": [0.172605469823, 0.115954689682, 0.0510430149734, 0.0497530847788, 0.0869607701898, 0.14804135263, 0.177514821291, 0.134877413511, 0.0970737710595, 0.0938352644444, 0.0892532169819, 0.0855946391821, 0.093793220818, 0.116152405739, 0.187724590302, 0.217692598701, 0.189417913556, 0.0855467170477, 0.0338811017573, 0.0406758189201, 0.0876182466745, 0.122369840741, 0.0976065695286, 0.0577852539718, 0.0401127152145, 0.0405011959374, 0.0930886268616, 0.143398866057, 0.138978198171, 0.161574631929, 0.188563644886, 0.136718586087, 0.053892891854, 0.0507415980101, 0.084383174777, 0.137622281909], "max": [1, 1, 0.948984920979, 1, 1, 1, 1, 1, 1, 1, 1, 1, 1, 1, 1, 1, 1, 1, 0.802020609379, 1, 1, 1, 1, 1, 0.742255806923, 0.938667476177, 1, 1, 1, 1, 1, 1, 1, 1, 1, 1], "var": [0.0820518806577, 0.0338864549994, 0.00874945428222, 0.0101951435208, 0.0225185025483, 0.0700523331761, 0.0965848118067, 0.0448451153934, 0.0578133016825, 0.0813329070807, 0.0468676760793, 0.0272600259632, 0.0322194732726, 0.0402554310858, 0.0856404453516, 0.140757232904, 0.0880999341607, 0.0196514371783, 0.00412921374664, 0.00791086442769, 0.0337007641792, 0.0736749619246, 0.034703373909, 0.0230809953064, 0.0141421128064, 0.0108185345307, 0.0323845818639, 0.0717502012849, 0.0469636283815, 0.0698323249817, 0.120312355459, 0.0474612563848, 0.00802703201771, 0.0110427672043, 0.0290091596544, 0.0632940158248], "mean": [0.223449781537, 0.129719719291, 0.0389980487525, 0.0351825095713, 0.0685644224286, 0.187637045979, 0.248987525702, 0.156919047236, 0.118294596672, 0.134577408433, 0.0950440764427, 0.0746954083443, 0.0898589044809, 0.115232922137, 0.272816807032, 0.441962838173, 0.29498398304, 0.0721060335636, 0.0236940663308, 0.0306751318276, 0.100767999887, 0.176361814141, 0.129832133651, 0.0663490742445, 0.0462122894824, 0.0342604294419, 0.101606070995, 0.17408066988, 0.15342156589, 0.220367074013, 0.30368617177, 0.167892977595, 0.0378178879619, 0.0350238457322, 0.0728895291686, 0.167881548405]}, "tuning_equal_tempered_deviation": 0.0158535968512, "chords_changes_rate": 0.0664993748069, "key_key": "G", "tuning_diatonic_strength": 0.73621481657, "key_scale": "major", "chords_number_rate": 0.00627352576703, "tuning_frequency": 440.508636475, "tuning_nontempered_energy_ratio": 0.661307990551, "chords_histogram": [71.3927230835, 5.5207028389, 19.5734004974, 0, 0, 0.125470519066, 0, 0, 0, 0, 0, 0, 0, 0, 0, 0, 0, 0, 0, 0, 0, 0.376411557198, 1.75658714771, 1.25470519066], "key_strength": 0.919714748859, "chords_key": "G", "chords_strength": {"dmean2": 0.00992373470217, "median": 0.520292341709, "min": 0.310770630836, "dvar2": 8.41035944177e-05, "dvar": 6.87297651893e-05, "dmean": 0.0101689696312, "max": 0.732023715973, "var": 0.00854703038931, "mean": 0.511688172817}, "chords_scale": "major", "hpcp_entropy": {"dmean2": 1.17098379135, "median": 1.8675160408, "min": 0.0446650162339, "dvar2": 0.939309954643, "dvar": 0.320644855499, "dmean": 0.680399537086, "max": 3.73051452637, "var": 0.474090009928, "mean": 1.84462404251}}, "metadata": {"audio_properties": {"equal_loudness": 0, "codec": "flac", "downmix": "mix", "sample_rate": 44100, "analysis_sample_rate": 44100, "bit_rate": 0, "md5_encoded": "bdc0af6d8ddff2a9c3adeaa9777727ed", "length": 36.96616745, "replay_gain": 0.301866531372, "lossless": true}, "version": {"essentia_build_sha": "2d9f1f26377add8aeb1075a9c2973f962c4f09fd", "essentia": "2.1-beta2", "extractor": "music 1.0", "essentia_git_sha": "v2.1_beta2-1-ge3940c0"}, "tags": {"title": ["Alcina: Gavotte"], "barcode": ["4260085530601"], "media": ["CD"], "albumartist": ["George Frideric Handel; Berliner Barock Solisten, Rainer Kussmaul"], "tracktotal": ["20"], "musicbrainz_releasegroupid": ["2c1618e2-8e47-41e3-b844-3a5de414a5e6"], "releasetype": ["album"], "musicbrainz_recordingid": ["17f241e0-4b94-4ab4-a509-8acc153240c2"], "originalyear": ["2009"], "musicbrainz_releasetrackid": ["c3e8ee7a-da08-4f56-b6fc-654c09392c20"], "discnumber": ["1"], "album": ["Alcina: Arias & Suites"], "catalognumber": ["42 6008553143 1"], "releasecountry": ["DE"], "file_name": "10 Alcina_ Gavotte.flac", "musicbrainz_albumartistid": ["27870d47-bb98-42d1-bf2b-c7e972e6befc", "5a22dc2a-1479-4bb7-b914-b8d55569b8e0", "3b09fe7d-6d7e-4ead-b126-7be073791d82"], "albumartistsort": ["Handel, George Frideric; Berliner Barock Solisten, Kussmaul, Rainer"], "date": ["2009"], "genre": ["Classical"], "disctotal": ["1"], "releasestatus": ["official"], "musicbrainz_artistid": ["27870d47-bb98-42d1-bf2b-c7e972e6befc"], "originaldate": ["2009"], "musicbrainz_albumid": ["a7c19707-c50e-4ac0-be91-f058939e88e9"], "tracknumber": ["10"], "artistsort": ["Handel, George Frideric"], "artist": ["George Frideric Handel"], "label": ["CAvi-music"], "isrc": ["DEAQ70900109"], "totaldiscs": ["1"], "script": ["Latn"], "totaltracks": ["20"]}}, "rhythm": {"bpm_histogram_first_peak_bpm": {"dmean2": 0, "median": 112, "min": 112, "dvar2": 0, "dvar": 0, "dmean": 0, "max": 112, "var": 0, "mean": 112}, "bpm": 111.89730835, "bpm_histogram_second_peak_spread": {"dmean2": 0, "median": 0.416666686535, "min": 0.416666686535, "dvar2": 0, "dvar": 0, "dmean": 0, "max": 0.416666686535, "var": 0, "mean": 0.416666686535}, "bpm_histogram_first_peak_weight": {"dmean2": 0, "median": 0.264705896378, "min": 0.264705896378, "dvar2": 0, "dvar": 0, "dmean": 0, "max": 0.264705896378, "var": 0, "mean": 0.264705896378}, "onset_rate": 3.75901436806, "beats_position": [0.568888902664, 1.1261677742, 1.68344664574, 2.24072551727, 2.79800438881, 3.34367346764, 3.87773227692, 4.41179132462, 4.94585037231, 5.46829938889, 5.99074840546, 6.51319694519, 7.03564596176, 7.55809497833, 8.09215450287, 8.62621307373, 9.17188167572, 9.72916126251, 10.2632198334, 10.7972784042, 11.3197278976, 11.8421764374, 12.3646259308, 12.8870744705, 13.4095239639, 13.9319725037, 14.4544210434, 14.9768705368, 15.4993190765, 16.0217685699, 16.5790481567, 17.1247158051, 17.6819953918, 18.2276649475, 18.7617225647, 19.2957820892, 19.8298416138, 20.363899231, 20.8979587555, 21.43201828, 21.9660758972, 22.5001354218, 23.0458049774, 23.5798625946, 24.1371421814, 24.6944217682, 25.2516994476, 25.7857589722, 26.3314285278, 26.8887062073, 27.3995456696, 27.9336051941, 28.4444446564, 28.9552822113, 29.4661216736, 29.9769611359, 30.4994106293, 31.0218582153, 31.5210876465, 32.0203170776, 32.5311546326, 33.0187759399, 33.5296134949, 34.0172348022, 34.5164604187, 35.0040817261, 35.5033111572, 35.9909286499, 36.4901580811], "beats_loudness": {"dmean2": 0.0507952235639, "median": 0.0231176540256, "min": 2.98563554679e-05, "dvar2": 0.00256080180407, "dvar": 0.00091336161131, "dmean": 0.0278000496328, "max": 0.169458448887, "var": 0.00120222591795, "mean": 0.0344859212637}, "danceability": 1.10198831558, "bpm_histogram_second_peak_weight": {"dmean2": 0, "median": 0.102941177785, "min": 0.102941177785, "dvar2": 0, "dvar": 0, "dmean": 0, "max": 0.102941177785, "var": 0, "mean": 0.102941177785}, "beats_count": 69, "bpm_histogram_second_peak_bpm": {"dmean2": 0, "median": 117, "min": 117, "dvar2": 0, "dvar": 0, "dmean": 0, "max": 117, "var": 0, "mean": 117}, "bpm_histogram_first_peak_spread": {"dmean2": 0, "median": 0.653846144676, "min": 0.653846144676, "dvar2": 0, "dvar": 0, "dmean": 0, "max": 0.653846144676, "var": 0, "mean": 0.653846144676}, "beats_loudness_band_ratio": {"dmean2": [0.286321520805, 0.356416851282, 0.373184472322, 0.201441973448, 0.04033799842, 0.00814910512418], "median": [0.137480080128, 0.245468303561, 0.393783599138, 0.113155633211, 0.0245924964547, 0.00380717939697], "min": [0.0044343448244, 0.00966723728925, 0.00300468993373, 0.00200706813484, 0.000410575274145, 0.000238810942392], "dvar2": [0.0536228753626, 0.0764686614275, 0.0847069919109, 0.0304414238781, 0.00142943277024, 5.25901050423e-05], "dvar": [0.0179052297026, 0.0257031954825, 0.0270917862654, 0.0096573587507, 0.000498388602864, 1.94483054656e-05], "dmean": [0.167003974319, 0.187039509416, 0.210671767592, 0.114792309701, 0.0213043503463, 0.00463803904131], "max": [0.985426366329, 0.841913700104, 0.955065727234, 0.478267550468, 0.123901993036, 0.0222209058702], "var": [0.0489834956825, 0.0276305750012, 0.0418175309896, 0.0117726577446, 0.000569035764784, 2.04418593057e-05], "mean": [0.221489861608, 0.246504545212, 0.422068625689, 0.136947706342, 0.0297958124429, 0.00508448202163]}}, "lowlevel": {"barkbands_spread": {"dmean2": 4.54475164413, "median": 9.51312255859, "min": 0.230919480324, "dvar2": 19.3971157074, "dvar": 8.38358211517, "dmean": 2.96146297455, "max": 33.0720558167, "var": 29.3342628479, "mean": 10.0510597229}, "melbands_spread": {"dmean2": 5.66379737854, "median": 11.5361566544, "min": 0.301586747169, "dvar2": 30.0529346466, "dvar": 14.3052272797, "dmean": 3.69468617439, "max": 52.6946640015, "var": 51.0736045837, "mean": 12.4354324341}, "hfc": {"dmean2": 6.07038450241, "median": 5.16071224213, "min": 0.00169338146225, "dvar2": 87.2086181641, "dvar": 53.9639396667, "dmean": 4.84531736374, "max": 113.760993958, "var": 178.590866089, "mean": 10.1852025986}, "barkbands_kurtosis": {"dmean2": 14.3002128601, "median": 2.54738044739, "min": -1.55431091785, "dvar2": 2363.59936523, "dvar": 864.562011719, "dmean": 8.60835552216, "max": 500.905334473, "var": 2422.10083008, "mean": 13.8403787613}, "gfcc": {"mean": [-101.126213074, 151.263046265, -122.820884705, 4.7836265564, -52.0871734619, -3.69409966469, -28.3216571808, 0.638344824314, -10.5032720566, 2.0106306076, -2.76157855988, -4.7281870842, -5.20442199707], "icov": [[0.000427282298915, -0.000764614844229, 0.00076477706898, -0.000686256447807, 0.000588632421568, -0.000550675147679, 0.00104164006189, -0.00118373194709, 0.00152506190352, -0.00200452189893, 0.000605772947893, -0.000386306463042, 0.00108453445137], [-0.000764614844229, 0.00422291923314, -0.00026914497721, 0.0016120217042, -0.00165992230177, 0.000983654055744, -0.00181660696398, 0.00368506461382, -0.00504463911057, 0.00670367153361, -0.00439642835408, 0.00371436215937, -0.00422743102536], [0.00076477706898, -0.00026914497721, 0.00391876371577, -0.00151752203237, 0.000711127009708, -0.00185416382737, 0.000853517092764, -0.000847759481985, -4.32471642853e-05, -0.00190333847422, 0.00135676749051, -0.00165516976267, 0.0013543930836], [-0.000686256447807, 0.0016120217042, -0.00151752203237, 0.00779835972935, -0.00180794089101, -0.00050383649068, -0.00149965693709, 0.00013999879593, 6.54798277537e-05, 0.0025585941039, -0.00183118635323, 0.00188252015505, -0.00349192507565], [0.000588632421568, -0.00165992230177, 0.000711127009708, -0.00180794089101, 0.0054764575325, -0.00349514279515, -0.00173500448, 0.000628820911516, 0.000339538528351, -0.00203178054653, 0.000306380505208, -0.00138474628329, 0.00367389968596], [-0.000550675147679, 0.000983654055744, -0.00185416382737, -0.00050383649068, -0.00349514279515, 0.011797924526, -0.00413502939045, -6.61573867546e-05, 0.00147957040463, -0.000568708986975, -0.000171271516592, 0.000801549642347, -0.00208402471617], [0.00104164006189, -0.00181660696398, 0.000853517092764, -0.00149965693709, -0.00173500448, -0.00413502939045, 0.0200389716774, -0.00836445111781, 0.000434483139543, -0.000466139812488, -0.00232415436767, -0.000130161875859, 0.00163144723047], [-0.00118373194709, 0.00368506461382, -0.000847759481985, 0.00013999879593, 0.000628820911516, -6.61573867546e-05, -0.00836445111781, 0.0243215914816, -0.0124821467325, 0.00472927140072, -6.49312351015e-05, -0.00190107303206, -0.00187877367716], [0.00152506190352, -0.00504463911057, -4.32471642853e-05, 6.54798277537e-05, 0.000339538528351, 0.00147957040463, 0.000434483139543, -0.0124821467325, 0.0295547507703, -0.0157048068941, -0.000490766309667, 0.00317030586302, -0.00044663931476], [-0.00200452189893, 0.00670367153361, -0.00190333847422, 0.0025585941039, -0.00203178054653, -0.000568708986975, -0.000466139812488, 0.00472927140072, -0.0157048068941, 0.0334032326937, -0.0137422969565, 0.000336098775733, -0.000193239495275], [0.000605772947893, -0.00439642835408, 0.00135676749051, -0.00183118635323, 0.000306380505208, -0.000171271516592, -0.00232415436767, -6.49312351015e-05, -0.000490766309667, -0.0137422969565, 0.0280862022191, -0.010180526413, 0.00244635553099], [-0.000386306463042, 0.00371436215937, -0.00165516976267, 0.00188252015505, -0.00138474628329, 0.000801549642347, -0.000130161875859, -0.00190107303206, 0.00317030586302, 0.000336098775733, -0.010180526413, 0.0295427329838, -0.0123831527308], [0.00108453445137, -0.00422743102536, 0.0013543930836, -0.00349192507565, 0.00367389968596, -0.00208402471617, 0.00163144723047, -0.00187877367716, -0.00044663931476, -0.000193239495275, 0.00244635553099, -0.0123831527308, 0.0266385599971]], "cov": [[13382.2363281, 466.987518311, -2163.08691406, 68.4671630859, -1145.59460449, -300.198547363, -689.80480957, -1.57629287243, -418.607696533, 278.506744385, -51.782409668, -133.5990448, -237.469207764], [466.987518311, 798.419311523, -213.050582886, -58.5177955627, 110.451446533, -33.2293243408, 32.9974136353, -52.6496772766, 60.384185791, -71.0058822632, 61.9235916138, -61.5657920837, 53.4791526794], [-2163.08691406, -213.050582886, 700.271362305, 71.4560928345, 203.37197876, 125.815856934, 122.909561157, 32.2409324646, 72.364654541, -4.31810474396, 7.15333986282, 48.1857376099, 27.4837913513], [68.4671630859, -58.5177955627, 71.4560928345, 186.547790527, 75.5987854004, 62.01404953, 29.7015991211, 18.1327590942, -6.61629152298, 8.92073822021, 7.17446231842, 9.21064090729, 6.20820903778], [-1145.59460449, 110.451446533, 203.37197876, 75.5987854004, 477.429382324, 157.998214722, 147.441131592, 7.23500680923, 64.1381912231, -2.83133935928, 47.2211837769, 7.06708574295, 1.73770785332], [-300.198547363, -33.2293243408, 125.815856934, 62.01404953, 157.998214722, 166.114562988, 70.2847137451, 20.5604934692, 14.2383422852, 14.8665113449, 16.3027114868, 12.5139970779, 1.69821381569], [-689.80480957, 32.9974136353, 122.909561157, 29.7015991211, 147.441131592, 70.2847137451, 127.140563965, 31.3927841187, 45.3005752563, -3.49985527992, 26.7711601257, 9.33372402191, 13.1708755493], [-1.57629287243, -52.6496772766, 32.2409324646, 18.1327590942, 7.23500680923, 20.5604934692, 31.3927841187, 73.1847915649, 29.2997264862, 18.8133716583, 8.17362689972, 12.0887956619, 1.79294884205], [-418.607696533, 60.384185791, 72.364654541, -6.61629152298, 64.1381912231, 14.2383422852, 45.3005752563, 29.2997264862, 88.0619735718, 21.6245861053, 29.5259933472, 2.30869293213, 13.6342592239], [278.506744385, -71.0058822632, -4.31810474396, 8.92073822021, -2.83133935928, 14.8665113449, -3.49985527992, 18.8133716583, 21.6245861053, 79.0773925781, 28.6433334351, 13.3659448624, -13.6044721603], [-51.782409668, 61.9235916138, 7.15333986282, 7.17446231842, 47.2211837769, 16.3027114868, 26.7711601257, 8.17362689972, 29.5259933472, 28.6433334351, 68.543548584, 17.7379455566, 8.86549854279], [-133.5990448, -61.5657920837, 48.1857376099, 9.21064090729, 7.06708574295, 12.5139970779, 9.33372402191, 12.0887956619, 2.30869293213, 13.3659448624, 17.7379455566, 56.680847168, 19.5669994354], [-237.469207764, 53.4791526794, 27.4837913513, 6.20820903778, 1.73770785332, 1.69821381569, 13.1708755493, 1.79294884205, 13.6342592239, -13.6044721603, 8.86549854279, 19.5669994354, 62.7356491089]]}, "spectral_energyband_middle_low": {"dmean2": 0.00893958471715, "median": 0.0064136646688, "min": 2.52248128163e-07, "dvar2": 0.000180659000762, "dvar": 0.000102131576568, "dmean": 0.00658602733165, "max": 0.149892151356, "var": 0.000309899623971, "mean": 0.0127911502495}, "melbands_crest": {"dmean2": 5.70764398575, "median": 12.0520648956, "min": 4.56655311584, "dvar2": 23.8609104156, "dvar": 10.4623365402, "dmean": 3.5146753788, "max": 37.8250732422, "var": 35.4078865051, "mean": 13.5689029694}, "spectral_kurtosis": {"dmean2": 8.33788967133, "median": 11.1936359406, "min": 1.61503815651, "dvar2": 63.6075515747, "dvar": 22.1927280426, "dmean": 4.93109512329, "max": 57.0596504211, "var": 50.3722076416, "mean": 12.9486169815}, "spectral_rms": {"dmean2": 0.0010951111326, "median": 0.00328982970677, "min": 8.50751021062e-05, "dvar2": 1.48867388816e-06, "dvar": 9.16197336664e-07, "dmean": 0.000852311903145, "max": 0.0140954535455, "var": 5.87963404541e-06, "mean": 0.00372165092267}, "zerocrossingrate": {"dmean2": 0.00567860947922, "median": 0.02978515625, "min": 0.0029296875, "dvar2": 2.77841099887e-05, "dvar": 1.66096488101e-05, "dmean": 0.00457671657205, "max": 0.07568359375, "var": 9.5601339126e-05, "mean": 0.0309024099261}, "silence_rate_60dB": {"dmean2": 0.123192958534, "median": 0, "min": 0, "dvar2": 0.11807474494, "dvar": 0.0577691420913, "dmean": 0.0615577884018, "max": 1, "var": 0.163872346282, "mean": 0.206528559327}, "erbbands_kurtosis": {"dmean2": 3.97671341896, "median": 0.572729110718, "min": -1.4671933651, "dvar2": 78.5809555054, "dvar": 34.009677887, "dmean": 2.4790160656, "max": 76.9270629883, "var": 44.0927658081, "mean": 2.47452974319}, "erbbands": {"dmean2": [0.0329563133419, 0.484945058823, 1.08473134041, 1.78843808174, 2.71710276604, 4.78669500351, 10.6331930161, 24.2101707458, 49.960647583, 82.1000823975, 41.259349823, 15.1443395615, 21.1921138763, 17.4917068481, 12.2232561111, 23.7020587921, 24.8982849121, 45.0412521362, 14.3188085556, 12.3899612427, 6.68316078186, 4.49128818512, 2.34415841103, 3.06818223, 2.87630224228, 1.32182824612, 0.693841457367, 0.263154923916, 0.148207336664, 0.131489470601, 0.0718048661947, 0.0475550182164, 0.025993688032, 0.0129495570436, 0.00607341341674, 0.00236097699963, 0.000977758434601, 0.000262015673798, 5.61476299481e-05, 1.32896584546e-05], "median": [0.0083500770852, 0.134198307991, 0.311465322971, 0.464768052101, 1.04045069218, 2.33127427101, 6.11189222336, 8.50828170776, 15.3974313736, 14.8054761887, 12.7072677612, 7.98634767532, 9.07514095306, 6.77130413055, 5.85537338257, 5.84921789169, 3.70320177078, 5.15143537521, 2.63565397263, 2.64568996429, 2.02378487587, 1.44419670105, 0.888020336628, 0.85128223896, 0.614907205105, 0.446192890406, 0.269822120667, 0.124372072518, 0.0739565640688, 0.0585087388754, 0.0365163497627, 0.0208355002105, 0.0118873715401, 0.00576598895714, 0.0022752804216, 0.000716500158887, 0.000214785992284, 4.39804935013e-05, 1.65418296092e-05, 1.47926466525e-05], "min": [6.30751892459e-05, 0.000177131543751, 0.00022455076396, 0.000161855161423, 0.000135074034915, 5.10027566634e-05, 7.30057654437e-05, 5.53442259843e-05, 5.52763704036e-05, 4.0714192437e-05, 4.58420545328e-05, 6.17743789917e-05, 2.0595622118e-05, 2.24095219892e-05, 3.82758553314e-05, 0.000123146906844, 5.10096142534e-05, 4.50393890787e-05, 3.41168961313e-05, 5.10586687597e-05, 2.67967061518e-05, 3.20159633702e-05, 2.90837942885e-05, 2.3290678655e-05, 1.65503042808e-05, 1.76159010152e-05, 1.72634991031e-05, 1.6662534108e-05, 1.4111924429e-05, 1.25645501612e-05, 1.07301830212e-05, 1.24211865113e-05, 1.11978888526e-05, 8.31935085444e-06, 4.92840990773e-06, 3.48712683262e-06, 2.14011538446e-06, 2.11226392821e-06, 1.76210585323e-06, 5.01828196775e-07], "dvar2": [0.00880610663444, 1.43432199955, 5.92578744888, 18.0095996857, 40.2076530457, 86.6506729126, 380.978546143, 2413.93457031, 8356.65332031, 42152.7460938, 12360.6708984, 1382.5480957, 2092.1887207, 1240.31799316, 576.049926758, 7315.421875, 6776.96875, 18536.2480469, 2152.80395508, 925.463256836, 240.169845581, 84.8013839722, 25.4887161255, 52.0223388672, 43.9526596069, 6.95383834839, 1.82452273369, 0.235437884927, 0.0711236447096, 0.0676807388663, 0.0202184598893, 0.00745170004666, 0.00301741366275, 0.000680900295265, 0.000180014554644, 2.16765529331e-05, 4.4030580284e-06, 3.54428209448e-07, 1.86579320882e-08, 3.48385598148e-10], "dvar": [0.00848952680826, 0.945094108582, 2.09925532341, 11.2134246826, 20.6431007385, 41.4136619568, 174.201263428, 1202.74206543, 4377.93310547, 21485.9121094, 6048.66064453, 671.304870605, 901.076416016, 642.459106445, 273.439361572, 4030.18847656, 2889.6394043, 9708.89746094, 1044.95556641, 403.052612305, 111.934074402, 37.048740387, 11.2637844086, 24.3070793152, 19.4140319824, 3.14604616165, 0.895300030708, 0.13193872571, 0.0405995547771, 0.039259430021, 0.0114031983539, 0.00415849639103, 0.00155596772674, 0.000357266078936, 9.90523767541e-05, 1.25420956465e-05, 2.12386248677e-06, 1.61731080084e-07, 7.89094478648e-09, 2.17921944379e-10], "dmean": [0.0281196031719, 0.362144708633, 0.674653232098, 1.26423919201, 1.75492727757, 3.15483784676, 7.06308269501, 16.3626880646, 34.7266769409, 55.8258857727, 27.7058086395, 10.1809797287, 14.2373037338, 11.7683506012, 8.17621135712, 17.1090011597, 16.2835769653, 30.9904003143, 9.39782428741, 8.1309223175, 4.39064788818, 2.95196938515, 1.58585512638, 2.06993532181, 1.8801933527, 0.915922641754, 0.496081203222, 0.197454825044, 0.107287362218, 0.0988700911403, 0.0535619109869, 0.0347715057433, 0.0192046072334, 0.00963581632823, 0.00464658113196, 0.00178290042095, 0.000697571260389, 0.000179705530172, 3.63998697139e-05, 1.01886571429e-05], "max": [4.1322593689, 38.0260696411, 20.257352829, 96.7721176147, 118.885223389, 147.176574707, 201.809616089, 622.332824707, 1021.43170166, 2446.49389648, 2389.97241211, 458.405334473, 660.302246094, 348.5340271, 292.921569824, 1869.07312012, 973.655151367, 1388.05944824, 768.48223877, 413.674438477, 180.516830444, 115.023513794, 73.9283676147, 85.2235031128, 66.4223709106, 25.1245918274, 10.5829343796, 5.77029657364, 2.38093471527, 3.43567538261, 1.21448123455, 0.740639984608, 0.723116397858, 0.250445097685, 0.156092897058, 0.0567212402821, 0.0210362821817, 0.00585348019376, 0.00130193354562, 0.000253341830103], "var": [0.085616350174, 7.39944648743, 4.61617279053, 47.90650177, 75.546661377, 104.842338562, 364.557189941, 2506.75073242, 8163.16845703, 38128.2148438, 9066.96191406, 1176.52612305, 2068.37890625, 1269.34387207, 541.954589844, 7350.24023438, 3595.83886719, 15323.8769531, 1369.66149902, 650.737426758, 177.82723999, 65.6599197388, 21.2699317932, 41.6985244751, 29.1958351135, 5.545317173, 1.67879474163, 0.289365440607, 0.0929428562522, 0.0832017064095, 0.024163627997, 0.00951194297522, 0.0034098867327, 0.000787654251326, 0.000200215348741, 2.72707384283e-05, 3.76975594918e-06, 2.38044648881e-07, 1.0167156006e-08, 9.81377645815e-10], "mean": [0.0752079188824, 0.868587195873, 1.16891264915, 2.48692321777, 3.14731812477, 5.45118713379, 12.5579786301, 24.7267799377, 49.0948486328, 72.246383667, 38.2980651855, 17.6848144531, 23.6007289886, 18.5957508087, 13.7874822617, 26.2202320099, 21.8354377747, 39.5980453491, 13.0898132324, 10.8617353439, 6.61921787262, 4.53315591812, 2.58855056763, 3.04191207886, 2.61625790596, 1.39888286591, 0.774895906448, 0.33470582962, 0.191481500864, 0.168054670095, 0.0949440002441, 0.0605609305203, 0.0332008115947, 0.0167661458254, 0.00757818110287, 0.00275787292048, 0.000992274959572, 0.000225233190577, 5.01362519572e-05, 2.60114848061e-05]}, "spectral_strongpeak": {"dmean2": 0.942354679108, "median": 0.509525358677, "min": 0, "dvar2": 1.65886223316, "dvar": 0.776892900467, "dmean": 0.602986931801, "max": 10.5209054947, "var": 1.36364138126, "mean": 0.933307826519}, "spectral_energy": {"dmean2": 0.0108415987343, "median": 0.0110935531557, "min": 7.41871735954e-06, "dvar2": 0.000238143577008, "dvar": 0.000146829814184, "dmean": 0.00836786162108, "max": 0.203648850322, "var": 0.000655464711599, "mean": 0.0202236138284}, "average_loudness": 0.728047192097, "spectral_rolloff": {"dmean2": 282.299621582, "median": 667.529296875, "min": 21.533203125, "dvar2": 100040.507813, "dvar": 47470.1367188, "dmean": 170.330841064, "max": 2368.65234375, "var": 132652.28125, "mean": 750.323303223}, "spectral_centroid": {"dmean2": 191.172409058, "median": 651.040405273, "min": 115.215293884, "dvar2": 44983.9882813, "dvar": 20204.9101563, "dmean": 126.504806519, "max": 2153.5222168, "var": 64401.0078125, "mean": 707.170043945}, "pitch_salience": {"dmean2": 0.123610571027, "median": 0.583604097366, "min": 0.0882093310356, "dvar2": 0.0126288523898, "dvar": 0.00520397117361, "dmean": 0.0768994390965, "max": 0.829991698265, "var": 0.017089381814, "mean": 0.559066772461}, "spectral_energyband_middle_high": {"dmean2": 0.00211104867049, "median": 0.00103427295107, "min": 1.42647138546e-08, "dvar2": 1.96432793018e-05, "dvar": 1.09772827273e-05, "dmean": 0.00160376180429, "max": 0.0447349846363, "var": 2.70027067018e-05, "mean": 0.00307520362549}, "spectral_contrast_coeffs": {"dmean2": [0.0782520994544, 0.0868580266833, 0.0592747144401, 0.0536416098475, 0.0356299653649, 0.0243531856686], "median": [-0.666828989983, -0.714892685413, -0.764311671257, -0.773157775402, -0.791649401188, -0.763384580612], "min": [-0.901853740215, -0.938486874104, -0.945638418198, -0.919003367424, -0.947337687016, -0.899027526379], "dvar2": [0.00396520132199, 0.00547874858603, 0.00210767798126, 0.00180680630729, 0.000874105666298, 0.000421757547883], "dvar": [0.00153908878565, 0.00243815616705, 0.000892679148819, 0.000812028069049, 0.000385938357795, 0.000183335505426], "dmean": [0.0476473122835, 0.0552151948214, 0.0376058854163, 0.0346356146038, 0.0235907714814, 0.0154480757192], "max": [-0.444818258286, -0.408832460642, -0.53534668684, -0.562041938305, -0.617345511913, -0.68314063549], "var": [0.00633884547278, 0.00690025277436, 0.00331512722187, 0.00335618923418, 0.00199268688448, 0.00127713440452], "mean": [-0.668836414814, -0.708527684212, -0.759805321693, -0.769262492657, -0.790432572365, -0.769049406052]}, "melbands_skewness": {"dmean2": 0.950728952885, "median": 1.47379636765, "min": -1.9176441431, "dvar2": 1.55305540562, "dvar": 0.643431782722, "dmean": 0.614424109459, "max": 22.8316135406, "var": 3.60029697418, "mean": 1.87162184715}, "spectral_spread": {"dmean2": 540400.8125, "median": 2470428.25, "min": 1035304.6875, "dvar2": 332196773888, "dvar": 161322303488, "dmean": 355227.125, "max": 12431293, "var": 803244408832, "mean": 2671438}, "dissonance": {"dmean2": 0.0513060279191, "median": 0.443354457617, "min": 0.272488087416, "dvar2": 0.0019830246456, "dvar": 0.000760751659982, "dmean": 0.0312784537673, "max": 0.500000119209, "var": 0.00157150556333, "mean": 0.435833096504}, "spectral_skewness": {"dmean2": 0.69147092104, "median": 2.44724655151, "min": 0.848447561264, "dvar2": 0.359333842993, "dvar": 0.132412686944, "dmean": 0.421473771334, "max": 6.15721416473, "var": 0.406324088573, "mean": 2.54954910278}, "spectral_flux": {"dmean2": 0.0375385805964, "median": 0.0555299334228, "min": 0.00127727468498, "dvar2": 0.00183774856851, "dvar": 0.000731430773158, "dmean": 0.0227581579238, "max": 0.245542258024, "var": 0.00183535111137, "mean": 0.0636145323515}, "spectral_contrast_valleys": {"dmean2": [0.647243261337, 0.540533483028, 0.467107534409, 0.388983815908, 0.345929354429, 0.430635929108], "median": [-7.71787071228, -6.51498699188, -7.46409368515, -8.36853122711, -8.80403423309, -12.1493005753], "min": [-11.0574359894, -12.617474556, -13.1206274033, -13.6083374023, -13.8504142761, -15.1657905579], "dvar2": [0.252519696951, 0.191086381674, 0.131424129009, 0.097720362246, 0.0841459482908, 0.188782781363], "dvar": [0.0945852920413, 0.0808302313089, 0.0572160892189, 0.0463994145393, 0.0542221963406, 0.113687679172], "dmean": [0.383311182261, 0.34114164114, 0.29544827342, 0.26013353467, 0.258877545595, 0.336452066898], "max": [-5.36346673965, -4.83592271805, -5.77152681351, -6.46457242966, -6.95934104919, -9.89385700226], "var": [0.97625041008, 1.58775055408, 1.42184495926, 1.40934050083, 1.35448300838, 1.08035516739], "mean": [-7.78821754456, -6.7892537117, -7.68551015854, -8.55913829803, -8.98760986328, -12.2595806122]}, "erbbands_flatness_db": {"dmean2": 0.0360974594951, "median": 0.217821925879, "min": 0.0546900853515, "dvar2": 0.00134672049899, "dvar": 0.000649523572065, "dmean": 0.0242481119931, "max": 0.452392756939, "var": 0.00215271161869, "mean": 0.218076691031}, "spectral_energyband_high": {"dmean2": 2.43648300966e-05, "median": 1.43093093357e-05, "min": 3.05618570451e-08, "dvar2": 1.82341552968e-09, "dvar": 1.15227982711e-09, "dmean": 1.97978333745e-05, "max": 0.000480993941892, "var": 3.07580116932e-09, "mean": 3.64173938578e-05}, "spectral_entropy": {"dmean2": 0.299814164639, "median": 6.88417863846, "min": 4.8165512085, "dvar2": 0.0889169722795, "dvar": 0.0413898453116, "dmean": 0.205327138305, "max": 8.24663925171, "var": 0.12852320075, "mean": 6.87377405167}, "silence_rate_20dB": {"dmean2": 0, "median": 1, "min": 1, "dvar2": 0, "dvar": 0, "dmean": 0, "max": 1, "var": 0, "mean": 1}, "melbands_flatness_db": {"dmean2": 0.0410556979477, "median": 0.265246152878, "min": 0.126733526587, "dvar2": 0.00161583686713, "dvar": 0.000745124765672, "dmean": 0.028533603996, "max": 0.58024764061, "var": 0.00420918455347, "mean": 0.274820297956}, "barkbands": {"dmean2": [0.000192493127543, 0.00184021063615, 0.000878485559952, 0.000836824125145, 0.00124042271636, 0.0026216020342, 0.00478362571448, 0.00228278036229, 0.000678694574162, 0.000720543437637, 0.000300825864542, 0.00049591739662, 0.000635325035546, 0.000748207850847, 0.000289907620754, 0.000108613916382, 0.00011189840734, 4.88707228214e-05, 5.87460890529e-05, 2.50375614996e-05, 1.18475199997e-05, 4.65004450234e-06, 2.64641744252e-06, 1.84700968475e-06, 9.73371243163e-07, 5.01353213167e-07, 3.15082445468e-07], "median": [4.85458840558e-05, 0.000501929200254, 0.000209944118978, 0.000151691347128, 0.000756105291657, 0.00111968477722, 0.00102850643452, 0.000559680513106, 0.000276879116427, 0.000275074591627, 9.64132632362e-05, 0.000122246419778, 6.0338734329e-05, 8.49255229696e-05, 5.36567822564e-05, 2.94335550279e-05, 3.0550185329e-05, 1.59111368703e-05, 1.31598662847e-05, 8.97076097317e-06, 4.30294403486e-06, 2.21466575567e-06, 1.3083271142e-06, 8.98806206351e-07, 3.97519016815e-07, 1.32694452759e-07, 7.22250419471e-08], "min": [2.66258183501e-07, 1.68838607806e-06, 9.15269922075e-08, 9.76068292857e-09, 1.72218364014e-08, 6.94732182893e-09, 2.45089082362e-09, 2.19621032471e-09, 2.29197372192e-09, 5.63318947044e-10, 6.75401012895e-10, 2.19921703071e-09, 8.54741388778e-10, 6.65477728479e-10, 1.06815989387e-09, 3.3526048604e-10, 4.13645534492e-10, 5.66245272893e-10, 3.99141886209e-10, 3.68944264029e-10, 4.36529035142e-10, 4.06286948529e-10, 3.45147049829e-10, 6.62730981205e-10, 6.88974155505e-10, 1.21823950927e-09, 2.16351061511e-08], "dvar2": [1.5611244919e-07, 2.14378960663e-05, 3.67041343452e-06, 5.2771688388e-06, 4.19789103034e-06, 2.31040467042e-05, 0.000100961377029, 3.08137641696e-05, 2.78058269032e-06, 1.87648493011e-06, 4.10376003401e-07, 2.83814983959e-06, 4.51818050351e-06, 4.70221038995e-06, 6.74800730849e-07, 6.18152284915e-08, 5.92690376777e-08, 1.18530714133e-08, 1.56261474871e-08, 2.18625828552e-09, 5.43982581203e-10, 7.08142849914e-11, 2.76038098629e-11, 1.20190099193e-11, 4.41316384478e-12, 1.05789129626e-12, 5.83174892925e-13], "dvar": [6.99376627722e-08, 1.556890129e-05, 1.47298771935e-06, 3.33321895596e-06, 1.99547525881e-06, 1.12865418487e-05, 4.93909792567e-05, 1.63759741554e-05, 1.32211096115e-06, 8.60075715536e-07, 1.79552458235e-07, 1.55677037128e-06, 1.94970471057e-06, 2.50140033131e-06, 3.14015295544e-07, 2.87576735758e-08, 2.30479866303e-08, 4.99081975747e-09, 6.82299505783e-09, 9.98472748925e-10, 2.7361282684e-10, 3.95112692564e-11, 1.65055642765e-11, 6.80880959253e-12, 2.31316983797e-12, 5.55516461824e-13, 2.53665469706e-13], "dmean": [0.00012127077207, 0.00141838705167, 0.00055294187041, 0.000577297469135, 0.000825273629744, 0.00177306204569, 0.00322860968299, 0.00158103194553, 0.000449401675723, 0.000484835152747, 0.000190270002349, 0.000354772579158, 0.000403093232308, 0.000506335753016, 0.000189409794984, 7.12506007403e-05, 7.08186926204e-05, 3.16081459459e-05, 3.88411099266e-05, 1.74950400833e-05, 8.44370879349e-06, 3.36293146574e-06, 1.99870328288e-06, 1.38212260481e-06, 7.37702237075e-07, 3.68516566596e-07, 2.04641338541e-07], "max": [0.00715822912753, 0.161637306213, 0.022363178432, 0.0584893077612, 0.0255593471229, 0.0537044741213, 0.113489419222, 0.0902489051223, 0.0195216052234, 0.0145501820371, 0.00632985355332, 0.0362895466387, 0.0184693001211, 0.024322014302, 0.0125604867935, 0.00261857453734, 0.00179119675886, 0.00129497796297, 0.00097043288406, 0.000391362933442, 0.000205654010642, 8.73753597261e-05, 5.58402571187e-05, 4.23422316089e-05, 2.26456613746e-05, 1.11146464405e-05, 7.95372943685e-06], "var": [1.33040671813e-07, 0.00013219039829, 3.04546074403e-06, 1.45643543874e-05, 4.94993810207e-06, 2.42975893343e-05, 8.30855715321e-05, 2.71188473562e-05, 2.21736081585e-06, 1.86327918072e-06, 2.9952263958e-07, 2.86608610622e-06, 2.26666179515e-06, 3.93604204874e-06, 4.17168138256e-07, 4.47262209491e-08, 3.36880958685e-08, 9.75137748327e-09, 1.06986997039e-08, 1.86566873062e-09, 5.00347874244e-10, 8.81409459308e-11, 3.58751951757e-11, 1.64139726117e-11, 4.82320173384e-12, 1.09949874726e-12, 3.21924263505e-13], "mean": [0.000149954110384, 0.00348304421641, 0.000843952293508, 0.00108732341323, 0.00147438060958, 0.00283075659536, 0.00427336338907, 0.00206313049421, 0.000719626958016, 0.000759284070227, 0.000279250147287, 0.000541209010407, 0.000481548893731, 0.000634487601928, 0.000244876631768, 0.000100709527032, 0.000100871111499, 4.84894808324e-05, 5.33614693268e-05, 2.7151665563e-05, 1.29423297039e-05, 5.8953255575e-06, 3.5244238461e-06, 2.45634146268e-06, 1.24194434648e-06, 5.47175204701e-07, 2.61693287484e-07]}, "erbbands_skewness": {"dmean2": 0.818066179752, "median": 0.736685454845, "min": -1.69455838203, "dvar2": 0.716743528843, "dvar": 0.344105601311, "dmean": 0.537270307541, "max": 6.21344852448, "var": 1.06233143806, "mean": 0.861618578434}, "erbbands_spread": {"dmean2": 7.49495649338, "median": 18.9965362549, "min": 0.838444888592, "dvar2": 51.1298904419, "dvar": 23.0581150055, "dmean": 4.91794681549, "max": 87.7475662231, "var": 90.5283966064, "mean": 19.8926696777}, "melbands_kurtosis": {"dmean2": 11.9665193558, "median": 4.4851360321, "min": -1.5847953558, "dvar2": 1985.62841797, "dvar": 753.719848633, "dmean": 7.58571243286, "max": 733.407775879, "var": 1639.52868652, "mean": 13.3366584778}, "melbands": {"dmean2": [0.000413246219978, 0.000599522783887, 0.000335677963449, 0.000236397740082, 0.000333906791639, 0.000546433031559, 0.00083306938177, 0.000802531780209, 0.000283722154563, 9.04470143723e-05, 0.000106406769191, 7.48334496166e-05, 4.38673996541e-05, 5.88741349929e-05, 5.20638059243e-05, 6.62609527353e-05, 8.50482974784e-05, 2.26288539125e-05, 1.68485257745e-05, 1.19676251416e-05, 8.49199841468e-06, 5.6415178733e-06, 3.46887327396e-06, 2.28274029723e-06, 2.68191979558e-06, 2.38600000557e-06, 1.30213049943e-06, 7.86482644344e-07, 5.70446502479e-07, 2.76558324686e-07, 1.37312525794e-07, 9.65797823937e-08, 7.74693234007e-08, 7.51876640948e-08, 4.83257132089e-08, 3.51156934641e-08, 2.69935132025e-08, 2.19168221349e-08, 1.42390401692e-08, 1.11274145453e-08], "median": [0.000118185940664, 0.000196053093532, 9.80738477665e-05, 0.000110369728645, 0.000200014706934, 0.000198707901291, 0.000249491713475, 0.000157997652423, 8.32328150864e-05, 4.33769455412e-05, 4.4739274017e-05, 2.44730563281e-05, 1.72706459125e-05, 1.54325844051e-05, 1.01249679574e-05, 6.51617938274e-06, 9.52701066126e-06, 3.56219811692e-06, 3.46441765942e-06, 2.85763576358e-06, 2.1665314307e-06, 1.50029120505e-06, 9.14475663194e-07, 7.22154766208e-07, 6.1783879346e-07, 4.12663666793e-07, 3.48098978975e-07, 2.48976277817e-07, 1.88770840737e-07, 9.29694792262e-08, 5.79401877587e-08, 3.94944308368e-08, 3.56133647017e-08, 2.95008533158e-08, 2.18244160521e-08, 1.41162885825e-08, 1.15100311504e-08, 8.32518498584e-09, 5.9251048512e-09, 4.28792779061e-09], "min": [7.63913476476e-07, 1.87335402302e-07, 3.25879128127e-08, 4.3381440662e-09, 3.05583647275e-09, 1.14412135321e-09, 6.70359323607e-10, 3.56407237057e-10, 3.45640405186e-10, 2.84459233946e-10, 8.13072595363e-11, 7.0237010652e-11, 9.4606378287e-11, 2.47721954061e-10, 2.60275190289e-10, 7.19379139591e-11, 7.7185646763e-11, 3.51782387942e-11, 6.60365859217e-11, 4.2996991384e-11, 2.72413289842e-11, 2.55216889289e-11, 1.74129408809e-11, 3.14189334272e-11, 1.38052303963e-11, 8.92680374065e-12, 1.17515615294e-11, 1.06313863962e-11, 8.98314669179e-12, 8.04633443208e-12, 9.08501225638e-12, 6.6722521605e-12, 6.87868165206e-12, 5.77194281953e-12, 4.29996880116e-12