{"tonal": {"thpcp": [1, 0.553900182247, 0.40139323473, 0.50416457653, 0.252892285585, 0.076750099659, 0.0541653931141, 0.0723753795028, 0.257976770401, 0.375943332911, 0.207481279969, 0.0749817192554, 0.0632772445679, 0.156923517585, 0.531606793404, 0.638277649879, 0.33415555954, 0.306312352419, 0.317598193884, 0.17226870358, 0.141654625535, 0.165837779641, 0.224896624684, 0.580238699913, 0.718085885048, 0.332802891731, 0.0928385555744, 0.0742581263185, 0.1256005615, 0.361248672009, 0.469513773918, 0.24473811686, 0.0795545727015, 0.0682829916477, 0.126495972276, 0.639879047871], "hpcp": {"dmean2": [0.138468563557, 0.125668048859, 0.0816822648048, 0.0718189626932, 0.102873317897, 0.170987561345, 0.205782905221, 0.187443450093, 0.168824374676, 0.159951373935, 0.12816748023, 0.0671830400825, 0.0492162108421, 0.0579866059124, 0.0896674320102, 0.114594340324, 0.09655341506, 0.0689924061298, 0.0627758279443, 0.11590025574, 0.172489404678, 0.192037731409, 0.174925252795, 0.161165937781, 0.149787202477, 0.122563876212, 0.111803166568, 0.120546802878, 0.157958433032, 0.2172678262, 0.217890143394, 0.167339757085, 0.087581448257, 0.0673024207354, 0.0957592949271, 0.133678510785], "median": [0.029966076836, 0.0170171223581, 0.00278485892341, 0.00214186450467, 0.0069219050929, 0.149489045143, 0.252702474594, 0.148357838392, 0.0351303070784, 0.0355433896184, 0.0156431943178, 0.00206596730277, 0.00133445800748, 0.00241732876748, 0.0219704918563, 0.0357927009463, 0.0192588083446, 0.00252427486703, 0.00211221678182, 0.00916706398129, 0.0609309822321, 0.0828394293785, 0.0551896542311, 0.00565923890099, 0.00346232880838, 0.0044628707692, 0.00923812016845, 0.0125961210579, 0.0227946192026, 0.103264242411, 0.137390092015, 0.0544658862054, 0.00502002984285, 0.00288966717198, 0.00501134106889, 0.022362511605], "min": [0, 0, 0, 0, 0, 0, 0, 0, 0, 0, 0, 0, 0, 0, 0, 0, 0, 0, 0, 0, 0, 0, 0, 0, 0, 0, 0, 0, 0, 0, 0, 0, 0, 0, 0, 0], "dvar2": [0.0719283297658, 0.077049203217, 0.0520555302501, 0.0424708798528, 0.0562027208507, 0.0682853013277, 0.09180547297, 0.073917850852, 0.0849779769778, 0.0773337706923, 0.0651427581906, 0.0366814658046, 0.0265848971903, 0.0297107230872, 0.0395589508116, 0.0515733547509, 0.0470629930496, 0.0383554883301, 0.0410292893648, 0.0528376474977, 0.0799769163132, 0.0836918205023, 0.0760006979108, 0.0887713506818, 0.0868543833494, 0.062489528209, 0.0621635243297, 0.0707431361079, 0.0764461234212, 0.0924986898899, 0.0924559980631, 0.0757523626089, 0.0497056357563, 0.0382577851415, 0.0565708726645, 0.0750154480338], "dvar": [0.030058266595, 0.0288621000946, 0.0190092269331, 0.0152175826952, 0.0208505671471, 0.0281502790749, 0.0399091131985, 0.0286802276969, 0.0335795283318, 0.0331378914416, 0.0255194809288, 0.0143293486908, 0.0101641183719, 0.0113191660494, 0.0165124945343, 0.0220988988876, 0.0182437617332, 0.0138890305534, 0.0146031966433, 0.018734080717, 0.0324109457433, 0.0362278930843, 0.0281188059598, 0.0360210463405, 0.0351652614772, 0.0231967400759, 0.0230540912598, 0.0262218900025, 0.0296755041927, 0.037974242121, 0.0404152348638, 0.0289306174964, 0.0182290505618, 0.0138674387708, 0.0219498891383, 0.0305140670389], "dmean": [0.084889985621, 0.0721254125237, 0.0442133322358, 0.038949329406, 0.0571461841464, 0.103876806796, 0.125284045935, 0.112092636526, 0.0983360335231, 0.0959413275123, 0.0749330446124, 0.0377167910337, 0.027330622077, 0.0326880067587, 0.0547857657075, 0.0703680738807, 0.056927241385, 0.0376881621778, 0.0342923402786, 0.0644017681479, 0.104203738272, 0.116896122694, 0.101537458599, 0.0931293964386, 0.0863737091422, 0.0703250691295, 0.0624372176826, 0.0682146474719, 0.0910375490785, 0.13094907999, 0.133179396391, 0.0971932709217, 0.0481557957828, 0.0370003320277, 0.0538744665682, 0.078945659101], "max": [1, 1, 1, 1, 1, 1, 1, 1, 1, 1, 1, 1, 1, 1, 1, 1, 1, 1, 1, 1, 1, 1, 1, 1, 1, 1, 1, 1, 1, 1, 1, 1, 1, 1, 1, 1], "var": [0.0925872698426, 0.0322282537818, 0.0134056024253, 0.0102439392358, 0.0181285832077, 0.0732027664781, 0.15034621954, 0.0492928028107, 0.0661273375154, 0.0974005311728, 0.0338165983558, 0.0122725963593, 0.00802438333631, 0.0109807159752, 0.0384891703725, 0.0633912086487, 0.024941759184, 0.0113071100786, 0.01030631084, 0.0183766502887, 0.0845555439591, 0.108628898859, 0.0368984788656, 0.0666567906737, 0.0747912600636, 0.0254160612822, 0.0220392774791, 0.0260724108666, 0.0324895195663, 0.0797440633178, 0.107404723763, 0.0369028188288, 0.0132415760309, 0.0101535720751, 0.0236378796399, 0.0643371641636], "mean": [0.189852148294, 0.0989620760083, 0.0321686118841, 0.0276108458638, 0.0511497966945, 0.258740901947, 0.404359072447, 0.223974570632, 0.1623069942, 0.203863531351, 0.102259293199, 0.0310345999897, 0.0219022687525, 0.0292656403035, 0.104315251112, 0.152016103268, 0.0838969349861, 0.0303195398301, 0.0255867280066, 0.063453450799, 0.214960038662, 0.258093357086, 0.135118827224, 0.123860180378, 0.128423705697, 0.0696584135294, 0.0572793334723, 0.0670580118895, 0.0909389927983, 0.234624788165, 0.290364533663, 0.134571865201, 0.0375401116908, 0.0300269480795, 0.0507877245545, 0.146074175835]}, "tuning_equal_tempered_deviation": 0.0571459382772, "chords_changes_rate": 0.0447108075023, "key_key": "E", "tuning_diatonic_strength": 0.593249201775, "key_scale": "minor", "chords_number_rate": 0.00114155246411, "tuning_frequency": 440.763122559, "tuning_nontempered_energy_ratio": 0.650916814804, "chords_histogram": [21.5753421783, 31.5258750916, 0.932267904282, 0.0190258752555, 0, 0.399543374777, 0, 4.83257246017, 0.323439866304, 0.780060887337, 0.228310495615, 0.0380517505109, 0.0190258752555, 0.09512937814, 0.361491620541, 0, 0, 0, 0, 0, 0.133181124926, 10.2739725113, 7.47716903687, 20.98554039], "key_strength": 0.720740199089, "chords_key": "G", "chords_strength": {"dmean2": 0.0079390918836, "median": 0.573777079582, "min": -1, "dvar2": 0.000842758745421, "dvar": 0.000439880881459, "dmean": 0.00962494313717, "max": 0.787604749203, "var": 0.018522394821, "mean": 0.564259827137}, "chords_scale": "major", "hpcp_entropy": {"dmean2": 0.864248514175, "median": 1.70751976967, "min": 0, "dvar2": 0.647155284882, "dvar": 0.253645688295, "dmean": 0.509559750557, "max": 3.98750782013, "var": 0.508609235287, "mean": 1.66495335102}}, "metadata": {"audio_properties": {"equal_loudness": 0, "codec": "flac", "downmix": "mix", "sample_rate": 44100, "analysis_sample_rate": 44100, "bit_rate": 0, "md5_encoded": "eb2a8f7ebd545342a540eca491306afa", "length": 244.026672363, "replay_gain": -14.2458305359, "lossless": true}, "version": {"essentia_build_sha": "05ddcf096b9560a4bec586e3e2c3f09258f97377", "essentia": "2.1-beta2", "extractor": "music 1.0", "essentia_git_sha": "v2.1_beta2"}, "tags": {"title": ["It's Only Life (acoustic version)"], "language": ["eng"], "media": ["CD"], "albumartist": ["The Shins"], "discsubtitle": ["Acoustic EP"], "tracktotal": ["4"], "musicbrainz_releasegroupid": ["c0e3951d-f014-4fef-a111-533897737d77"], "musicbrainz_recordingid": ["17f37e7c-b3f1-41af-b2a7-056e365cc4b0"], "musicbrainz_albumartistid": ["6c8b9855-ba8b-48f9-ac1d-42167f7f7b18"], "discnumber": ["1"], "totaldiscs": ["1"], "album": ["Port of Morrow Acoustic Bonus EP"], "catalognumber": ["88691 97417 2"], "releasecountry": ["US"], "file_name": "03. The Shins - It's Only Life (acoustic version).flac", "compilation": ["0"], "date": ["2012-03-20"], "genre": ["Indie"], "disctotal": ["1"], "tracknumber": ["3"], "musicbrainz_artistid": ["6c8b9855-ba8b-48f9-ac1d-42167f7f7b18"], "originaldate": ["2012-03-20"], "musicbrainz_albumid": ["18e1b524-4886-468d-ae3c-3347bba7cc59"], "artist": ["The Shins"], "encodedby": ["X Lossless Decoder 20120226"], "artistsort": ["Shins, The"], "bpm": ["0"], "label": ["Columbia"], "albumartistsort": ["Shins, The"], "acoustid_id": ["03da2b3e-79f3-444a-9564-bad559a63e77"], "script": ["Latn"], "totaltracks": ["4"]}}, "rhythm": {"bpm_histogram_first_peak_bpm": {"dmean2": 0, "median": 140, "min": 140, "dvar2": 0, "dvar": 0, "dmean": 0, "max": 140, "var": 0, "mean": 140}, "bpm": 140.201263428, "bpm_histogram_second_peak_spread": {"dmean2": 0, "median": 0.171428620815, "min": 0.171428620815, "dvar2": 0, "dvar": 0, "dmean": 0, "max": 0.171428620815, "var": 0, "mean": 0.171428620815}, "bpm_histogram_first_peak_weight": {"dmean2": 0, "median": 0.435168743134, "min": 0.435168743134, "dvar2": 0, "dvar": 0, "dmean": 0, "max": 0.435168743134, "var": 0, "mean": 0.435168743134}, "onset_rate": 3.45022988319, "beats_position": [0.359909296036, 0.743038535118, 1.13777780533, 1.53251695633, 1.93886613846, 2.34521532059, 2.73995471001, 3.13469386101, 3.55265307426, 3.95900225639, 4.3653512001, 4.77170038223, 5.17804956436, 5.5727891922, 5.97913837433, 6.38548755646, 6.79183673859, 7.19818592072, 7.61614513397, 8.03410434723, 8.44045352936, 8.84680271149, 9.24154186249, 9.64789104462, 10.0542402267, 10.4605894089, 10.866938591, 11.2732877731, 11.6912469864, 12.0975961685, 12.5039453506, 12.9102945328, 13.328253746, 13.7578229904, 14.1873922348, 14.6169614792, 15.0349206924, 15.4644899368, 15.8824491501, 16.3004074097, 16.7299766541, 17.1595458984, 17.5775051117, 17.995464325, 18.4134235382, 18.8313827515, 19.2377319336, 19.6556911469, 20.0736503601, 20.4916095734, 20.9211788177, 21.3507480621, 21.7803173065, 22.2098865509, 22.6394557953, 23.0690250397, 23.4985942841, 23.9281635284, 24.3577327728, 24.7873020172, 25.2168693542, 25.6464385986, 26.076007843, 26.4939670563, 26.9119262695, 27.3182754517, 27.7362346649, 28.1658039093, 28.5953731537, 29.0249423981, 29.4429016113, 29.8724708557, 30.290430069, 30.7083892822, 31.1379585266, 31.5791378021, 32.0203170776, 32.449886322, 32.8794555664, 33.3206329346, 33.7618141174, 34.2029914856, 34.6441726685, 35.0853500366, 35.5265312195, 35.9677085876, 36.4088897705, 36.8384590149, 37.2680282593, 37.6975975037, 38.1387748718, 38.5683441162, 39.0095214844, 39.4507026672, 39.8918800354, 40.3330612183, 40.7626304626, 41.2038078308, 41.6333770752, 42.0629463196, 42.5041275024, 42.9453048706, 43.374874115, 43.8160552979, 44.257232666, 44.6868019104, 45.1163711548, 45.5343284607, 45.9522895813, 46.3702468872, 46.7882080078, 47.2061653137, 47.6241264343, 48.0653038025, 48.4832649231, 48.901222229, 49.3424034119, 49.7719726562, 50.2015419006, 50.631111145, 51.0722885132, 51.5018577576, 51.9430389404, 52.3842163086, 52.8253974915, 53.2549667358, 53.6845359802, 54.1141014099, 54.5552825928, 54.9848518372, 55.4260292053, 55.8672103882, 56.2967796326, 56.726348877, 57.1443061829, 57.5854873657, 58.0266647339, 58.4446258545, 58.8625831604, 59.3037643433, 59.7333335876, 60.1745109558, 60.5808601379, 61.0220413208, 61.4516105652, 61.8811798096, 62.2991371155, 62.7287063599, 63.1582756042, 63.5878448486, 64.0174102783, 64.4469833374, 64.8765487671, 65.3061218262, 65.7240829468, 66.1536483765, 66.5832214355, 67.0127868652, 67.4307479858, 67.871925354, 68.3131027222, 68.7426757812, 69.1722412109, 69.60181427, 70.0313796997, 70.4609527588, 70.8789138794, 71.3200912476, 71.7496566772, 72.1676177979, 72.5855789185, 73.0035324097, 73.4214935303, 73.8394546509, 74.2574157715, 74.6985931396, 75.1397705078, 75.5693435669, 75.9989089966, 76.4284820557, 76.8580474854, 77.2876205444, 77.7171859741, 78.1583633423, 78.5995483398, 79.0291137695, 79.4586868286, 79.8882522583, 80.3178253174, 80.7357788086, 81.1537399292, 81.5717010498, 81.9896621704, 82.4076156616, 82.8255767822, 83.2551422119, 83.684715271, 84.1026763916, 84.5206298828, 84.9502029419, 85.3681640625, 85.7977294922, 86.2273025513, 86.656867981, 87.08644104, 87.5160064697, 87.9339675903, 88.3519287109, 88.7814941406, 89.2226715088, 89.6638565063, 90.093421936, 90.5345993042, 91.0222167969, 91.5098419189, 91.9974594116, 92.4386367798, 92.8798141479, 93.3209991455, 93.7621765137, 94.2149658203, 94.667755127, 95.1205444336, 95.5965499878, 96.0609512329, 96.5021286011, 96.9433059692, 97.3844909668, 97.825668335, 98.2668457031, 98.7080230713, 99.1492080688, 99.5787734985, 100.008346558, 100.426300049, 100.867477417, 101.297050476, 101.726615906, 102.167800903, 102.585754395, 103.026939392, 103.444892883, 103.874465942, 104.304031372, 104.733604431, 105.163169861, 105.59274292, 106.02230835, 106.451881409, 106.881446838, 107.299407959, 107.728981018, 108.158546448, 108.576507568, 109.006072998, 109.435646057, 109.865211487, 110.294784546, 110.712738037, 111.142311096, 111.571876526, 112.001449585, 112.431015015, 112.872200012, 113.31337738, 113.74294281, 114.172515869, 114.613693237, 115.054870605, 115.484443665, 115.914009094, 116.331970215, 116.761543274, 117.167892456, 117.609069824, 118.050247192, 118.479812622, 118.92099762, 119.350563049, 119.780136108, 120.209701538, 120.650878906, 121.092063904, 121.533241272, 121.962806702, 122.392379761, 122.833557129, 123.263130188, 123.692695618, 124.110656738, 124.540222168, 124.969795227, 125.399360657, 125.828933716, 126.246894836, 126.676460266, 127.106025696, 127.523986816, 127.953559875, 128.383132935, 128.801086426, 129.219039917, 129.637008667, 130.054962158, 130.472915649, 130.902496338, 131.332061768, 131.750015259, 132.167984009, 132.5859375, 133.003890991, 133.421859741, 133.839813232, 134.257781982, 134.687347412, 135.105300903, 135.523269653, 135.952835083, 136.382400513, 136.811965942, 137.229934692, 137.647888184, 138.077453613, 138.507034302, 138.936599731, 139.366165161, 139.795730591, 140.213699341, 140.643264771, 141.084442139, 141.525619507, 141.955184937, 142.373153687, 142.802719116, 143.232284546, 143.661849976, 144.079818726, 144.509384155, 144.938949585, 145.356918335, 145.774871826, 146.204437256, 146.634017944, 147.075195312, 147.493148804, 147.922714233, 148.363891602, 148.79347229, 149.234649658, 149.664215088, 150.093780518, 150.523345947, 150.952926636, 151.370880127, 151.800445557, 152.230026245, 152.659591675, 153.089157104, 153.530334473, 153.959899902, 154.389480591, 154.807434082, 155.24861145, 155.689788818, 156.107757568, 156.52571106, 156.955276489, 157.373245239, 157.802810669, 158.232376099, 158.661941528, 159.079910278, 159.49786377, 159.915817261, 160.333786011, 160.751739502, 161.169708252, 161.587661743, 162.005615234, 162.411972046, 162.818313599, 163.236282349, 163.65423584, 164.072189331, 164.50177002, 164.931335449, 165.372512817, 165.802078247, 166.220046997, 166.649612427, 167.067565918, 167.485534668, 167.903488159, 168.32144165, 168.751022339, 169.16897583, 169.59854126, 170.028121948, 170.469299316, 170.898864746, 171.316818237, 171.734786987, 172.164352417, 172.593917847, 173.023483276, 173.453063965, 173.894241333, 174.323806763, 174.753372192, 175.194549561, 175.624130249, 176.065307617, 176.494873047, 176.936050415, 177.365615845, 177.795196533, 178.213150024, 178.631103516, 179.060684204, 179.478637695, 179.908203125, 180.326171875, 180.778961182, 181.208526611, 181.638092041, 182.056045532, 182.485626221, 182.903579712, 183.333145142, 183.762710571, 184.203903198, 184.621856689, 185.039810181, 185.457778931, 185.875732422, 186.293685913, 186.711654663, 187.141220093, 187.570785522, 188.000366211, 188.429931641, 188.85949707, 189.2890625, 189.730239868, 190.159820557, 190.566162109, 190.984130859, 191.402084351, 191.843261719, 192.26121521, 192.67918396, 193.10874939, 193.538314819, 193.991104126, 194.420669556, 194.850250244, 195.291427612, 195.744216919, 196.173782349, 196.603347778, 197.021316528, 197.43927002, 197.868835449, 198.298416138, 198.716369629, 199.13432312, 199.575500488, 200.005081177, 200.423034668, 200.840988159, 201.270568848, 201.711746216, 202.152923584, 202.582489014, 203.012054443, 203.430023193, 203.859588623, 204.289154053, 204.707122803, 205.136688232, 205.566253662, 205.984207153, 206.402175903, 206.820129395, 207.238098145, 207.667663574, 208.097229004, 208.515182495, 208.933151245, 209.351104736, 209.780670166, 210.210250854, 210.639816284, 211.057769775, 211.487350464, 211.928527832, 212.346481323, 212.764434814, 213.182403564, 213.611968994, 214.041534424, 214.459503174, 214.889068604, 215.318634033, 215.748199463, 216.177780151, 216.607345581, 217.036911011, 217.478088379, 217.907653809, 218.337234497, 218.766799927, 219.196365356, 219.637542725, 220.078720093, 220.508300781, 220.937866211, 221.390655518, 221.820220947, 222.249786377, 222.679367065, 223.120544434, 223.550109863, 223.979675293, 224.397644043, 224.815597534, 225.233551025, 225.651519775, 226.081085205, 226.510650635, 226.928619385, 227.346572876, 227.764526367, 228.182495117, 228.600448608, 229.030014038, 229.459594727, 229.889160156, 230.318725586, 230.736679077, 231.154647827, 231.56098938, 231.967346191, 232.385299683, 232.803268433, 233.221221924, 233.639175415, 234.068756104, 234.498321533, 234.939498901, 235.38067627, 235.845077515, 236.425567627, 237.006072998, 237.586578369, 238.213516235, 238.840454102, 239.479003906, 240.105941772, 240.744491577, 241.383041382, 242.021575928, 242.671737671, 243.310287476], "beats_loudness": {"dmean2": 0.0340343527496, "median": 0.0193858779967, "min": 0, "dvar2": 0.00104568898678, "dvar": 0.000329494039761, "dmean": 0.0187985468656, "max": 0.119998075068, "var": 0.000423643854447, "mean": 0.0246592871845}, "danceability": 1.04437172413, "bpm_histogram_second_peak_weight": {"dmean2": 0, "median": 0.0515097677708, "min": 0.0515097677708, "dvar2": 0, "dvar": 0, "dmean": 0, "max": 0.0515097677708, "var": 0, "mean": 0.0515097677708}, "beats_count": 564, "bpm_histogram_second_peak_bpm": {"dmean2": 0, "median": 148, "min": 148, "dvar2": 0, "dvar": 0, "dmean": 0, "max": 148, "var": 0, "mean": 148}, "bpm_histogram_first_peak_spread": {"dmean2": 0, "median": 0.511952161789, "min": 0.511952161789, "dvar2": 0, "dvar": 0, "dmean": 0, "max": 0.511952161789, "var": 0, "mean": 0.511952161789}, "beats_loudness_band_ratio": {"dmean2": [0.394670665264, 0.37711930275, 0.312382400036, 0.15993411839, 0.0779525339603, 0.086616076529], "median": [0.285358250141, 0.341255784035, 0.193676561117, 0.0378753468394, 0.0133255235851, 0.00770288147032], "min": [0, 0, 0, 0, 0, 0], "dvar2": [0.0888069421053, 0.0776088014245, 0.0700254961848, 0.0423099212348, 0.0121409539133, 0.0380104519427], "dvar": [0.0333142504096, 0.0282111987472, 0.0244764685631, 0.0158822648227, 0.00453485362232, 0.0131187299266], "dmean": [0.225885957479, 0.214525684714, 0.172954216599, 0.091216661036, 0.0444879159331, 0.0457729659975], "max": [0.962357461452, 0.910601019859, 0.822395503521, 0.862081170082, 0.492133647203, 0.821646928787], "var": [0.0515577942133, 0.0436008609831, 0.0307888239622, 0.0157396756113, 0.0044284844771, 0.00762377725914], "mean": [0.328187316656, 0.359718441963, 0.239197015762, 0.0883419662714, 0.0391305908561, 0.0321065559983]}}, "lowlevel": {"barkbands_spread": {"dmean2": 5.22716712952, "median": 7.07082891464, "min": 0.521217703819, "dvar2": 105.240844727, "dvar": 50.4049606323, "dmean": 3.44566631317, "max": 114.326957703, "var": 151.601364136, "mean": 11.0203256607}, "melbands_spread": {"dmean2": 6.16635036469, "median": 8.23638916016, "min": 0.762330055237, "dvar2": 268.101318359, "dvar": 136.304916382, "dmean": 4.19663858414, "max": 265.743164062, "var": 479.933929443, "mean": 14.2686347961}, "hfc": {"dmean2": 5.51729488373, "median": 5.24092912674, "min": 1.08585481317e-16, "dvar2": 187.486373901, "dvar": 92.6854095459, "dmean": 3.92228412628, "max": 269.131744385, "var": 373.056488037, "mean": 13.1988782883}, "barkbands_kurtosis": {"dmean2": 6.21595525742, "median": 5.55880451202, "min": -1.9103705883, "dvar2": 99.2727813721, "dvar": 41.7999801636, "dmean": 3.95672464371, "max": 182.334716797, "var": 112.080169678, "mean": 8.55282211304}, "gfcc": {"mean": [-95.5248794556, 123.719139099, -97.8969192505, 3.42768001556, -67.2188415527, -9.27538204193, -42.4589653015, -6.74282169342, -29.7696552277, -10.0398864746, -18.1363544464, -10.8156070709, -16.0305995941], "icov": [[0.000141549826367, -8.74242323334e-05, 0.000289941235678, -0.000140954769449, 0.000236368985497, -0.00021422021382, 0.000254692015005, -0.0001716814877, 0.000480422488181, -0.000195033440832, 0.000586034555454, -0.000284045905573, 0.000332255760441], [-8.74242323334e-05, 0.000944892992266, -0.000314626609907, 0.000635052099824, -0.000599251827225, 0.000758042442612, -0.000372703070752, 0.000927659566514, -0.000919201935176, 0.000960854929872, -0.00141500798054, 0.00158977264073, -0.000888977956492], [0.000289941235678, -0.000314626609907, 0.00179278396536, -0.000226048010518, 0.000243417991442, -0.000299472070765, -0.000324851396726, 0.000432941276813, 0.000299712934066, -0.00140178052243, 0.00240297941491, -0.00172442640178, 0.000611559546087], [-0.000140954769449, 0.000635052099824, -0.000226048010518, 0.00292255589738, 6.9227469794e-05, 0.000344926840626, 0.000175273948116, 6.60872246954e-05, -0.00201661535539, 0.00107416685205, -0.00116299209185, 0.000540956039913, -0.00086079351604], [0.000236368985497, -0.000599251827225, 0.000243417991442, 6.9227469794e-05, 0.0040882001631, -0.000229287907132, -0.0003789049224, -0.00178227934521, 0.000168348662555, -0.000938549113926, 0.00178071844857, -0.000838796026073, -0.000314207369229], [-0.00021422021382, 0.000758042442612, -0.000299472070765, 0.000344926840626, -0.000229287907132, 0.00521293096244, -0.00172390206717, 0.00042953749653, -0.000750898383558, 0.00091021618573, -0.00134777603671, 0.000445859506726, -0.0001263947197], [0.000254692015005, -0.000372703070752, -0.000324851396726, 0.000175273948116, -0.0003789049224, -0.00172390206717, 0.00888652633876, -0.00220419373363, 0.00291791092604, -3.99561249651e-05, -0.00289987237193, 0.000768580357544, 0.00138057849836], [-0.0001716814877, 0.000927659566514, 0.000432941276813, 6.60872246954e-05, -0.00178227934521, 0.00042953749653, -0.00220419373363, 0.0133452769369, -0.00174440827686, -0.000856607046444, 0.000577259692363, -0.000122926692711, -0.00124683987815], [0.000480422488181, -0.000919201935176, 0.000299712934066, -0.00201661535539, 0.000168348662555, -0.000750898383558, 0.00291791092604, -0.00174440827686, 0.0120421946049, -0.00368027691729, 0.00246444274671, -0.000738431001082, -0.000677883741446], [-0.000195033440832, 0.000960854929872, -0.00140178052243, 0.00107416685205, -0.000938549113926, 0.00091021618573, -3.99561249651e-05, -0.000856607046444, -0.00368027691729, 0.0131241139024, -0.00301487138495, 0.00103685865179, 0.0018124737544], [0.000586034555454, -0.00141500798054, 0.00240297941491, -0.00116299209185, 0.00178071844857, -0.00134777603671, -0.00289987237193, 0.000577259692363, 0.00246444274671, -0.00301487138495, 0.0156144974753, -0.00434797210619, 0.00290329521522], [-0.000284045905573, 0.00158977264073, -0.00172442640178, 0.000540956039913, -0.000838796026073, 0.000445859506726, 0.000768580357544, -0.000122926692711, -0.000738431001082, 0.00103685865179, -0.00434797210619, 0.0158108770847, -0.00479305442423], [0.000332255760441, -0.000888977956492, 0.000611559546087, -0.00086079351604, -0.000314207369229, -0.0001263947197, 0.00138057849836, -0.00124683987815, -0.000677883741446, 0.0018124737544, 0.00290329521522, -0.00479305442423, 0.0161808710545]], "cov": [[20253.2363281, -2188.89672852, -3099.12133789, 675.080566406, -1231.69030762, 568.949951172, -535.448364258, 123.605781555, -624.900146484, -233.0987854, -236.070358276, -3.13772749901, -305.994842529], [-2188.89672852, 2512.55175781, 306.044158936, -434.176879883, 328.340667725, -272.668609619, 131.481170654, -129.845367432, 77.8098907471, -62.6613235474, 114.959976196, -164.777908325, 72.1857528687], [-3099.12133789, 306.044158936, 1269.35656738, -91.1533279419, 200.484207153, -83.1644515991, 59.2168693542, -32.0236625671, 124.2289505, 100.691436768, -68.2661361694, 59.7040901184, 47.2094535828], [675.080566406, -434.176879883, -91.1533279419, 495.584381104, -89.1438903809, 24.8022441864, -72.6154022217, 23.4463653564, 52.8664474487, -9.3749961853, -20.5161304474, 28.8734798431, 14.0576190948], [-1231.69030762, 328.340667725, 200.484207153, -89.1438903809, 378.167205811, -50.899810791, 44.8423805237, 27.1136646271, 51.1327857971, 25.3889331818, -12.3657970428, -2.12569046021, 37.1072120667], [568.949951172, -272.668609619, -83.1644515991, 24.8022441864, -50.899810791, 256.197662354, 37.7117424011, 12.5212888718, -33.5651321411, -6.75461339951, 14.6711778641, 11.9392566681, -23.1858119965], [-535.448364258, 131.481170654, 59.2168693542, -72.6154022217, 44.8423805237, 37.7117424011, 181.619049072, 8.62302875519, -35.4843292236, 2.38023638725, 54.5612869263, -13.3165540695, -17.0365447998], [123.605781555, -129.845367432, -32.0236625671, 23.4463653564, 27.1136646271, 12.5212888718, 8.62302875519, 93.8823242188, 8.40580368042, 11.8245782852, -10.5130910873, 10.2758464813, 3.8665137291], [-624.900146484, 77.8098907471, 124.2289505, 52.8664474487, 51.1327857971, -33.5651321411, -35.4843292236, 8.40580368042, 142.30406189, 31.4328117371, -20.2620353699, 5.43309164047, 27.3154201508], [-233.0987854, -62.6613235474, 100.691436768, -9.3749961853, 25.3889331818, -6.75461339951, 2.38023638725, 11.8245782852, 31.4328117371, 102.020362854, 2.02933335304, 7.18538236618, -10.1587381363], [-236.070358276, 114.959976196, -68.2661361694, -20.5161304474, -12.3657970428, 14.6711778641, 54.5612869263, -10.5130910873, -20.2620353699, 2.02933335304, 111.439208984, -1.12993955612, -14.3449792862], [-3.13772749901, -164.777908325, 59.7040901184, 28.8734798431, -2.12569046021, 11.9392566681, -13.3165540695, 10.2758464813, 5.43309164047, 7.18538236618, -1.12993955612, 90.7230834961, 18.7702522278], [-305.994842529, 72.1857528687, 47.2094535828, 14.0576190948, 37.1072120667, -23.1858119965, -17.0365447998, 3.8665137291, 27.3154201508, -10.1587381363, -14.3449792862, 18.7702522278, 83.7212677002]]}, "spectral_energyband_middle_low": {"dmean2": 0.00590861402452, "median": 0.00912604201585, "min": 1.49525164084e-22, "dvar2": 0.000115671973617, "dvar": 5.16697509738e-05, "dmean": 0.00394581677392, "max": 0.139720216393, "var": 0.00017567742907, "mean": 0.0129576148465}, "melbands_crest": {"dmean2": 4.03589916229, "median": 13.2219810486, "min": 1.58532333374, "dvar2": 15.3361301422, "dvar": 6.2198343277, "dmean": 2.54378390312, "max": 32.3427200317, "var": 23.9404468536, "mean": 14.0725860596}, "spectral_kurtosis": {"dmean2": 9.27252292633, "median": 9.29855632782, "min": -1.25484061241, "dvar2": 213.115966797, "dvar": 88.7813568115, "dmean": 5.75857639313, "max": 202.98828125, "var": 585.383239746, "mean": 17.6386070251}, "spectral_rms": {"dmean2": 0.000702181365341, "median": 0.0034429335501, "min": 3.14145172549e-12, "dvar2": 9.00612860733e-07, "dvar": 4.51396289236e-07, "dmean": 0.000484911550302, "max": 0.011926414445, "var": 3.72501995116e-06, "mean": 0.00368122034706}, "zerocrossingrate": {"dmean2": 0.00911871809512, "median": 0.029296875, "min": 0.00634765625, "dvar2": 0.000202039140277, "dvar": 0.000198074616492, "dmean": 0.00779702933505, "max": 0.62353515625, "var": 0.00296485004947, "mean": 0.0421518497169}, "silence_rate_60dB": {"dmean2": 0.0647064447403, "median": 0, "min": 0, "dvar2": 0.0700424313545, "dvar": 0.031302548945, "dmean": 0.0323501415551, "max": 1, "var": 0.133511781693, "mean": 0.158690899611}, "erbbands_kurtosis": {"dmean2": 2.22731900215, "median": 1.78884601593, "min": -1.81424117088, "dvar2": 13.4193172455, "dvar": 4.93498659134, "dmean": 1.41036760807, "max": 53.3990249634, "var": 19.3825874329, "mean": 2.7543990612}, "erbbands": {"dmean2": [0.00187939614989, 0.0683706477284, 0.491851836443, 2.61112952232, 9.61238574982, 8.96370697021, 8.6410036087, 7.95764636993, 13.2304677963, 21.0811901093, 15.2229127884, 17.8559932709, 25.0140571594, 13.0408859253, 12.5547742844, 9.3844127655, 9.96515846252, 10.969666481, 11.7341747284, 13.7047233582, 8.1522026062, 3.2808163166, 7.94943332672, 3.72335553169, 4.05757808685, 7.41556024551, 2.06755757332, 2.2735452652, 3.62324118614, 3.52726650238, 3.27940750122, 1.08899593353, 0.660287857056, 0.410659760237, 0.245201095939, 0.135601699352, 0.0575491413474, 0.0141424462199, 0.00223803892732, 0.000169878388988], "median": [0.000844794558361, 0.0404674485326, 0.328868895769, 1.62662649155, 4.8518948555, 8.43326759338, 7.45417690277, 4.56765031815, 6.40303468704, 13.9189958572, 5.85499095917, 3.3963227272, 6.03177881241, 3.23876261711, 4.19467639923, 1.31767606735, 1.39575171471, 1.62489700317, 2.427059412, 1.0230653286, 0.596676528454, 0.626169919968, 0.72733682394, 0.663634240627, 0.44472771883, 0.498615950346, 0.24818585813, 0.126576453447, 0.10794634372, 0.135430410504, 0.130900382996, 0.0590482056141, 0.0380116254091, 0.0181972738355, 0.0102833891287, 0.00485535571352, 0.0013116231421, 0.000193834406673, 3.12793599733e-05, 2.06242057175e-05], "min": [8.96807558641e-23, 6.34143294576e-22, 1.74715327993e-21, 5.70962791064e-21, 1.39305066907e-20, 2.57641622274e-20, 4.76066482461e-20, 6.01569491548e-20, 5.76567828287e-20, 1.12628679561e-19, 2.31845103068e-19, 4.00134430005e-19, 5.56293851193e-19, 7.59813317407e-19, 7.30854137752e-19, 8.6423938967e-19, 1.19096079068e-18, 1.23859533042e-18, 2.86043584635e-18, 2.62205169959e-18, 3.51136722463e-18, 5.03566546535e-18, 4.73187676794e-18, 6.09615774634e-18, 7.59156918571e-18, 1.02800261177e-17, 8.49310754507e-18, 9.83118468244e-18, 1.14764791809e-17, 1.1119616921e-17, 1.0332645558e-17, 1.05015533575e-17, 9.53677786754e-18, 7.00730587647e-18, 5.74461839372e-18, 3.95559712797e-18, 2.37583787475e-18, 9.35845158275e-19, 2.32081133886e-19, 2.71911521817e-20], "dvar2": [6.61407393636e-05, 0.0376200787723, 1.06533265114, 24.7297458649, 393.140136719, 324.301422119, 561.504211426, 883.672119141, 4481.48291016, 3253.2253418, 5423.76513672, 10898.6220703, 18240.4257812, 2383.79296875, 1823.36340332, 2213.6887207, 2662.65722656, 2826.02807617, 2907.75610352, 6081.97949219, 2876.66210938, 187.277008057, 823.91809082, 509.879211426, 269.533081055, 606.881103516, 110.507598877, 174.295578003, 529.380187988, 311.440917969, 270.773223877, 35.3056678772, 10.927441597, 3.25429701805, 0.97592818737, 0.43832436204, 0.0869685485959, 0.00441276328638, 0.000106686384242, 4.85266809847e-07], "dvar": [2.5498584364e-05, 0.0166814103723, 0.383938074112, 11.1078615189, 149.280090332, 132.059753418, 241.640579224, 399.38659668, 2039.59277344, 1541.18444824, 2818.43530273, 5016.49951172, 8694.47753906, 1555.67016602, 1023.83355713, 1133.76123047, 1606.59472656, 1499.00878906, 1493.3605957, 2982.38769531, 1269.56921387, 85.303062439, 381.102111816, 204.06401062, 122.088691711, 289.315948486, 54.8850097656, 82.4543838501, 228.066314697, 155.319412231, 148.070892334, 18.3190078735, 5.26700401306, 1.58970344067, 0.390637278557, 0.157317906618, 0.030445413664, 0.00156363192946, 3.82098187401e-05, 1.77039538585e-07], "dmean": [0.00127489038277, 0.0484691783786, 0.298610240221, 1.69375610352, 5.90003156662, 5.86277484894, 5.87051057816, 5.2659778595, 8.96404361725, 13.8676795959, 10.5111637115, 12.6485176086, 18.6882190704, 10.1629209518, 9.50562095642, 7.23691797256, 7.81004714966, 8.31878089905, 8.29226303101, 9.50866413116, 5.55671787262, 2.29329824448, 5.40634918213, 2.52748274803, 2.84923028946, 5.25279808044, 1.43075561523, 1.49684131145, 2.36381363869, 2.38952946663, 2.29458045959, 0.768432796001, 0.448896795511, 0.272299140692, 0.15242908895, 0.0790737494826, 0.0325275585055, 0.00790419336408, 0.00125664670486, 9.77477975539e-05], "max": [0.175608217716, 4.66822290421, 15.5545806885, 65.784614563, 249.621917725, 246.522796631, 358.796569824, 613.809631348, 1228.6920166, 1206.21850586, 2554.49316406, 4020.07446289, 3561.54199219, 1906.39648438, 1138.2545166, 1703.36315918, 1933.52783203, 1578.97705078, 1843.49975586, 1917.74645996, 1327.37243652, 315.989776611, 591.392028809, 908.155761719, 478.12701416, 512.51953125, 347.725128174, 281.943084717, 561.548461914, 416.290344238, 460.455230713, 186.574264526, 111.783805847, 62.5793266296, 13.3789987564, 9.73749542236, 5.61633348465, 0.667987406254, 0.145010218024, 0.00841784104705], "var": [2.60268370766e-05, 0.0308717172593, 0.556499838829, 27.9435138702, 284.02947998, 526.797851562, 546.359619141, 705.304199219, 4426.94873047, 6150.61425781, 14549.7158203, 13629.2109375, 23765.2167969, 10563.0791016, 5430.48193359, 5152.78955078, 5456.14501953, 4425.17431641, 3917.2277832, 7702.48291016, 2663.53637695, 245.890426636, 856.507568359, 285.149047852, 335.738952637, 819.246337891, 108.832756042, 130.667434692, 350.980163574, 357.215057373, 415.83682251, 44.7099151611, 11.1662359238, 3.55940270424, 0.497840046883, 0.10677934438, 0.0183698311448, 0.000954435556196, 2.37730309891e-05, 1.17607044103e-07], "mean": [0.0022232872434, 0.0938428714871, 0.551263451576, 3.31703495979, 10.727514267, 16.8549556732, 14.543548584, 11.8390903473, 20.5751113892, 36.1573677063, 26.4821147919, 25.6214942932, 43.6005897522, 30.587141037, 26.1720867157, 18.713312149, 17.5435180664, 18.0194396973, 15.3953475952, 16.9648704529, 9.35004711151, 4.7224984169, 9.98722934723, 5.24615240097, 6.0138502121, 10.2486228943, 2.43484735489, 2.19921970367, 3.18827772141, 3.74941134453, 3.79365038872, 1.20892941952, 0.678269386292, 0.368229150772, 0.177366986871, 0.0716110169888, 0.0254594534636, 0.00573074677959, 0.000895482487977, 8.84505861904e-05]}, "spectral_strongpeak": {"dmean2": 0.649730086327, "median": 0.558021843433, "min": 0, "dvar2": 1.38734447956, "dvar": 0.607405424118, "dmean": 0.401680886745, "max": 15.9286527634, "var": 2.08211755753, "mean": 1.0811111927}, "spectral_energy": {"dmean2": 0.00664074346423, "median": 0.0121501358226, "min": 1.01154366145e-20, "dvar2": 0.000132120563649, "dvar": 6.19078055024e-05, "dmean": 0.00451317802072, "max": 0.145795345306, "var": 0.000298814091366, "mean": 0.0177083164454}, "average_loudness": 0.732087254524, "spectral_rolloff": {"dmean2": 424.442871094, "median": 538.330078125, "min": 172.265625, "dvar2": 1257841.75, "dvar": 648398.625, "dmean": 256.210174561, "max": 21490.1367188, "var": 4206562.5, "mean": 1116.79309082}, "spectral_centroid": {"dmean2": 215.158004761, "median": 523.478088379, "min": 197.450668335, "dvar2": 160557.46875, "dvar": 94327.0390625, "dmean": 150.535568237, "max": 11754.2675781, "var": 1173102.25, "mean": 831.136230469}, "pitch_salience": {"dmean2": 0.0895403698087, "median": 0.571416676044, "min": 0.152439787984, "dvar2": 0.00724283978343, "dvar": 0.00299821095541, "dmean": 0.0562049224973, "max": 0.926815092564, "var": 0.0120524931699, "mean": 0.562285363674}, "spectral_energyband_middle_high": {"dmean2": 0.00139196577948, "median": 0.000658255885355, "min": 1.13895500206e-21, "dvar2": 1.37900624395e-05, "dvar": 7.57528960094e-06, "dmean": 0.00105297286063, "max": 0.0874906256795, "var": 5.58420506422e-05, "mean": 0.00377634773031}, "spectral_contrast_coeffs": {"dmean2": [0.0696879327297, 0.05540240556, 0.0503755621612, 0.043357796967, 0.0379913076758, 0.0285521615297], "median": [-0.538677036762, -0.692643225193, -0.710124850273, -0.756256878376, -0.774889707565, -0.793097257614], "min": [-0.984355032444, -0.982500731945, -0.97505646944, -0.972205102444, -0.969549536705, -0.964246809483], "dvar2": [0.00392109435052, 0.00274115311913, 0.00202948856167, 0.00161462964024, 0.00127987691667, 0.00067169504473], "dvar": [0.00146238715388, 0.00117017934099, 0.00098144216463, 0.000866565387696, 0.000726269558072, 0.000330530514475], "dmean": [0.0432264618576, 0.0345480069518, 0.0332796350121, 0.0293532758951, 0.0262818131596, 0.0189965590835], "max": [-0.271156549454, -0.361121326685, -0.322870999575, -0.404990494251, -0.469064950943, -0.59359651804], "var": [0.00824826862663, 0.00602651154622, 0.00837171729654, 0.00695144757628, 0.0063765165396, 0.00247795507312], "mean": [-0.543179631233, -0.686137914658, -0.696834504604, -0.742565751076, -0.761939704418, -0.789387583733]}, "melbands_skewness": {"dmean2": 0.84053337574, "median": 2.01432013512, "min": -1.96309792995, "dvar2": 0.914219737053, "dvar": 0.413432180882, "dmean": 0.555851638317, "max": 11.139705658, "var": 1.92396306992, "mean": 2.20714354515}, "spectral_spread": {"dmean2": 1083519, "median": 3300733, "min": 463795.28125, "dvar2": 2413109444610.0, "dvar": 1238443884540.0, "dmean": 741112.375, "max": 42624952, "var": 13727924486100.0, "mean": 3842035.25}, "dissonance": {"dmean2": 0.0492861866951, "median": 0.420881509781, "min": 0.172034218907, "dvar2": 0.00207223067991, "dvar": 0.000812397105619, "dmean": 0.030055154115, "max": 0.499999821186, "var": 0.00260882568546, "mean": 0.412646204233}, "spectral_skewness": {"dmean2": 0.728544354439, "median": 2.47184729576, "min": -0.443697363138, "dvar2": 0.725867092609, "dvar": 0.329805344343, "dmean": 0.470350444317, "max": 12.136598587, "var": 2.94059276581, "mean": 2.88545465469}, "spectral_flux": {"dmean2": 0.027168860659, "median": 0.0366632677615, "min": 6.47789322183e-11, "dvar2": 0.00116956792772, "dvar": 0.000555029837415, "dmean": 0.0176597777754, "max": 0.37056273222, "var": 0.00192158157006, "mean": 0.0504343919456}, "spectral_contrast_valleys": {"dmean2": [0.593749463558, 0.442776083946, 0.476426631212, 0.440307110548, 0.484278023243, 0.595632731915], "median": [-7.9774222374, -7.07812976837, -8.31730556488, -9.03726196289, -9.19036579132, -11.5605106354], "min": [-28.2606163025, -27.8203392029, -27.9306259155, -27.7371311188, -27.5308971405, -27.5303649902], "dvar2": [0.311367124319, 0.202723443508, 0.211663857102, 0.200195863843, 0.285107940435, 0.478186577559], "dvar": [0.138275206089, 0.0962456315756, 0.109017267823, 0.118149802089, 0.176950439811, 0.295365780592], "dmean": [0.377431690693, 0.274944394827, 0.309094399214, 0.304968267679, 0.355111628771, 0.435844391584], "max": [-5.84427070618, -4.85869216919, -5.27277565002, -6.2424492836, -5.69463300705, -7.22824716568], "var": [3.67027068138, 3.76961636543, 3.79216313362, 3.75464916229, 4.07387304306, 3.86092329025], "mean": [-8.29016208649, -7.30517578125, -8.59984302521, -9.31296825409, -9.4842710495, -11.7755079269]}, "erbbands_flatness_db": {"dmean2": 0.0297532789409, "median": 0.213791921735, "min": 0.0207300111651, "dvar2": 0.00128458021209, "dvar": 0.000698480347637, "dmean": 0.0212589260191, "max": 0.411194950342, "var": 0.00352084217593, "mean": 0.214287757874}, "spectral_energyband_high": {"dmean2": 0.000377577292966, "median": 3.23087915604e-05, "min": 7.16374195726e-21, "dvar2": 2.41615930463e-06, "dvar": 1.28231056351e-06, "dmean": 0.000262652349193, "max": 0.0392962656915, "var": 3.05796288558e-06, "mean": 0.00043426695629}, "spectral_entropy": {"dmean2": 0.328233063221, "median": 6.58603525162, "min": 4.70563745499, "dvar2": 0.160713210702, "dvar": 0.0869492515922, "dmean": 0.231860488653, "max": 9.82023334503, "var": 0.554966390133, "mean": 6.60864591599}, "silence_rate_20dB": {"dmean2": 0, "median": 1, "min": 1, "dvar2": 0, "dvar": 0, "dmean": 0, "max": 1, "var": 0, "mean": 1}, "melbands_flatness_db": {"dmean2": 0.0360762514174, "median": 0.275284737349, "min": 0.00392535096034, "dvar2": 0.00166429264937, "dvar": 0.000911159964744, "dmean": 0.0252270083874, "max": 0.593523800373, "var": 0.00889661721885, "mean": 0.286123305559}, "barkbands": {"dmean2": [3.575725259e-06, 0.000220901536522, 0.000490993144922, 0.00168679945637, 0.00268066348508, 0.00106154638343, 0.0011296896264, 0.000820796063635, 0.000851691176649, 0.00067926896736, 0.000385068939067, 0.00023162146681, 0.000238094406086, 0.000241916422965, 0.000291218282655, 0.000227792901569, 6.52796807117e-05, 0.000147893370013, 5.673162741e-05, 0.000147843413288, 4.94040541525e-05, 8.8944521849e-05, 0.000123639489175, 4.29740757681e-05, 3.50653899659e-05, 3.0820381653e-05, 1.45902813529e-05], "median": [2.57952272875e-08, 0.000117947201943, 0.000321031315252, 0.000728147337213, 0.00268173520453, 0.000604384636972, 0.000707897008397, 0.000289636314847, 0.000108195032226, 0.000116640258057, 9.21582395677e-05, 2.09076279134e-05, 2.3182015866e-05, 2.74679277936e-05, 3.86132196581e-05, 9.52027949097e-06, 1.02323665487e-05, 1.30536100187e-05, 9.54883398663e-06, 1.06080588012e-05, 3.08561197926e-06, 2.83510621557e-06, 4.81098004457e-06, 2.49435174737