{"tonal": {"thpcp": [1, 0.509807884693, 0.244014337659, 0.18784840405, 0.184421896935, 0.277922481298, 0.294435918331, 0.224262073636, 0.388741642237, 0.490743488073, 0.31200543046, 0.23542650044, 0.245312482119, 0.317420870066, 0.668317914009, 0.715867042542, 0.369037032127, 0.221441924572, 0.190401703119, 0.197247743607, 0.354187726974, 0.408204436302, 0.228030160069, 0.114473775029, 0.0952130109072, 0.104516968131, 0.182050347328, 0.22089856863, 0.355376332998, 0.704882025719, 0.647783756256, 0.296622753143, 0.210372000933, 0.233715713024, 0.38962584734, 0.898022592068], "hpcp": {"dmean2": [0.176492363214, 0.183267399669, 0.166868761182, 0.186665713787, 0.194989979267, 0.187257304788, 0.172990962863, 0.185179725289, 0.218751892447, 0.281072378159, 0.280604273081, 0.224396511912, 0.171528369188, 0.148254558444, 0.146545618773, 0.175647392869, 0.181013226509, 0.138973787427, 0.0946244746447, 0.0767376795411, 0.0798576325178, 0.107453309, 0.13310906291, 0.236795738339, 0.347965627909, 0.272751629353, 0.17884734273, 0.152126684785, 0.178048476577, 0.251019150019, 0.336516410112, 0.338666707277, 0.254591554403, 0.175812751055, 0.151725381613, 0.153809458017], "median": [0.0374276190996, 0.0386968962848, 0.0310478098691, 0.0384112596512, 0.0437862612307, 0.0405740514398, 0.0271598920226, 0.0261334627867, 0.0474918857217, 0.104147359729, 0.119773462415, 0.0640004128218, 0.0238074548542, 0.0183368530124, 0.0250740442425, 0.0631472468376, 0.0716944411397, 0.034707300365, 0.0131220798939, 0.0102500803769, 0.012868437916, 0.0214621759951, 0.0263886153698, 0.0564651377499, 0.107311367989, 0.104961037636, 0.0470276400447, 0.0229878965765, 0.0202671606094, 0.0619582906365, 0.213816195726, 0.252485483885, 0.122325628996, 0.0328082218766, 0.0218802690506, 0.0232770144939], "min": [0, 0, 0, 0, 0, 0, 0, 0, 0, 0, 0, 0, 0, 0, 0, 0, 0, 0, 0, 0, 0, 0, 0, 0, 0, 0, 0, 0, 0, 0, 0, 0, 0, 0, 0, 0], "dvar2": [0.095310986042, 0.103116445243, 0.0909554064274, 0.0928195267916, 0.103676632047, 0.0973564311862, 0.102729998529, 0.112765483558, 0.1177668944, 0.133988022804, 0.13484378159, 0.114304192364, 0.10074840486, 0.0855835825205, 0.0798991769552, 0.0726073905826, 0.0752234980464, 0.0673810169101, 0.0500791855156, 0.0396499857306, 0.0373926386237, 0.0465263389051, 0.0617547817528, 0.0953745692968, 0.182863086462, 0.105151683092, 0.0799636542797, 0.076325789094, 0.102660924196, 0.125712439418, 0.139547407627, 0.14601200819, 0.102397933602, 0.089236497879, 0.0845053195953, 0.0904051363468], "dvar": [0.0345563106239, 0.0380939431489, 0.0320025086403, 0.0351237654686, 0.0418973229825, 0.0345153696835, 0.0364281386137, 0.0405063070357, 0.0419733822346, 0.0519254244864, 0.0534289479256, 0.0415989607573, 0.0363111533225, 0.0317324325442, 0.0289882812649, 0.0274462085217, 0.0288567356765, 0.0238626990467, 0.0175348874182, 0.0143059566617, 0.0132440896705, 0.0177666507661, 0.023220108822, 0.0340548418462, 0.0704994797707, 0.0432856418192, 0.0291428957134, 0.0280864611268, 0.0373042672873, 0.0458812452853, 0.056041482836, 0.0603773370385, 0.0369594581425, 0.0319231152534, 0.029949426651, 0.0317376367748], "dmean": [0.0998549833894, 0.103858664632, 0.0926348790526, 0.106791347265, 0.11276216805, 0.105341531336, 0.0958478078246, 0.102637849748, 0.123287200928, 0.163691014051, 0.1657666713, 0.127393051982, 0.0958158001304, 0.083212159574, 0.0819545462728, 0.10311485827, 0.108162470162, 0.0790134370327, 0.0518438927829, 0.041957475245, 0.0444643944502, 0.0627865493298, 0.0766076222062, 0.132986307144, 0.197758853436, 0.160378038883, 0.102396942675, 0.0857468619943, 0.0993577390909, 0.143432170153, 0.198648586869, 0.199347376823, 0.147672623396, 0.0978128910065, 0.0832222029567, 0.0840829089284], "max": [1, 1, 1, 1, 1, 1, 1, 1, 1, 1, 1, 1, 1, 1, 1, 1, 1, 1, 1, 1, 1, 1, 1, 1, 1, 1, 1, 1, 1, 1, 1, 1, 1, 1, 1, 1], "var": [0.0362050123513, 0.0414114706218, 0.0262341089547, 0.0600084625185, 0.095933675766, 0.0375584736466, 0.0325410217047, 0.0362439900637, 0.0390693061054, 0.104077935219, 0.112143918872, 0.0428510941565, 0.0318354405463, 0.0281150918454, 0.0247108973563, 0.0391163975, 0.0500759705901, 0.0228411145508, 0.0126722417772, 0.0113477474079, 0.00990709476173, 0.0204582232982, 0.0276666563004, 0.0372401587665, 0.115191102028, 0.0979273840785, 0.0312161333859, 0.0267347358167, 0.034725420177, 0.0493253841996, 0.119326658547, 0.137959614396, 0.0497865118086, 0.0306392479688, 0.023949874565, 0.0229882206768], "mean": [0.110005371273, 0.116541601717, 0.088765874505, 0.153869047761, 0.194242715836, 0.123495846987, 0.093184903264, 0.0970979034901, 0.125639349222, 0.264529019594, 0.283349573612, 0.146069705486, 0.0876496210694, 0.0753634944558, 0.0780732482672, 0.14019215107, 0.161572679877, 0.0902573317289, 0.0453102253377, 0.037686560303, 0.0413691885769, 0.0720579177141, 0.0874345526099, 0.140662625432, 0.279001563787, 0.256401330233, 0.117407180369, 0.0832680016756, 0.0925077497959, 0.154219031334, 0.355449140072, 0.395813137293, 0.201788663864, 0.0965840816498, 0.0743528679013, 0.0729966089129]}, "tuning_equal_tempered_deviation": 0.207117840648, "chords_changes_rate": 0.0568258240819, "key_key": "C", "tuning_diatonic_strength": 0.623935699463, "key_scale": "major", "chords_number_rate": 0.00112082494888, "tuning_frequency": 434.193115234, "tuning_nontempered_energy_ratio": 0.931763410568, "chords_histogram": [41.4144821167, 1.05357539654, 9.31405544281, 0.168123736978, 0.650078475475, 0, 0, 0, 0.257789731026, 0.156915485859, 0, 0, 0.190540239215, 1.77090334892, 0.706119716167, 5.07733678818, 0, 3.39609956741, 0.750952720642, 15.8932971954, 7.84577465057, 1.17686617374, 10.1770906448, 0], "key_strength": 0.711378514767, "chords_key": "C", "chords_strength": {"dmean2": 0.00862575694919, "median": 0.524729847908, "min": 0.273134946823, "dvar2": 6.45471227472e-05, "dvar": 5.07577569806e-05, "dmean": 0.00842533167452, "max": 0.758649885654, "var": 0.0062165139243, "mean": 0.52184265852}, "chords_scale": "major", "hpcp_entropy": {"dmean2": 0.993352890015, "median": 1.99163842201, "min": 0, "dvar2": 0.678573191166, "dvar": 0.252566367388, "dmean": 0.589857697487, "max": 4.61859464645, "var": 0.532093882561, "mean": 1.96794641018}}, "metadata": {"audio_properties": {"equal_loudness": 0, "codec": "mp3", "downmix": "mix", "sample_rate": 44100, "analysis_sample_rate": 44100, "bit_rate": 160000, "md5_encoded": "3c8145af22bb69e5f9750db018358178", "length": 414.249786377, "replay_gain": -13.211517334, "lossless": false}, "version": {"essentia_build_sha": "2d9f1f26377add8aeb1075a9c2973f962c4f09fd", "essentia": "2.1-beta2", "extractor": "music 1.0", "essentia_git_sha": "v2.1_beta2-1-ge3940c0"}, "tags": {"title": ["Blues for the Lost and Found"], "barcode": ["5413992550609"], "media": ["(CD)"], "albumartist": ["Julian Sas"], "length": ["414249"], "musicbrainz_recordingid": ["1806b686-a7e4-448e-8cfe-de23b420e79e"], "musicbrainz_albumartistid": ["f89778d6-fedb-4a41-864a-79ab5c21e76c"], "discnumber": ["01/01"], "album": ["Light In The Dark"], "catalognumber": ["255 060"], "contentgroup": ["Blues"], "musicbrainz album type": ["Album", "Compilation"], "musicbrainz album status": ["Official"], "file_name": "10. Blues For The Lost And Found_6-55.mp3", "acoustid_fingerprint": ["AQADtFnCxUomIZnS47jy4Dd-3AmapDwqxzkuXMGdmDh3_NhXnOiRHjNzHA4lmggVJ0KPZjnOPMh1oYeW4zkz5DqaSEmNPtGRoy-aSAmDS9kAs3gXQ-GDG59OfK7BiD6oM0ePo02K5kuNG2dwpjnmTvgTXMwFLQ96Hhe-H_-hUxoeBTmuVfiHasERHy_h_Ojx4woa1-g_VLcgzzHcCYc1kcNFOD764ss06MJx5dh7NNyE8Bl-4UczfcM7eF3Q8wnyaMeXBCqFPPAfnDl-PEJzOph-BZeCPEgmNFxK3MeVpbhCmDyOd7iSEOfxm7iFUMd3aFlx0dBzNLFSo2uCJjrK5MXn4IV4DbeDS8rRMHGNfscfVEPT9Pg4HA1a4rigkEn2oGE0HYdl4gcuHn2GIwd6NPlS4cGOq0fD-OhZJCeRRw9RXrge_Dia68OP5yGuIj6SjVPQnHiL72j4ICR5NGqGPgt0XOiPjx-mI_5VlAf141XwFe4RfoLmI8xzXBd-Bg-fozoVPJxwJQp8Hr2EP_jK4iRmHuNz5NNQMTvEH59lZGO2oN4U4wruG72JZhcRPUkCRT7CfPjxs_iGx4yQyKcQLl7QPMdaisEZvCiPVLIEjb6GfJrQ7R0ucriP_qgu5A-UOS3c4TnSxUL4RMZ1yHMcXCseNBGPesbp4r4wWYfpCOuPyoksfNBR6vAW5gi9_cgPRiSeZYdmuSgthFGLOzuu5PgJVzhHPMfzI1d46Bea54idw6qJU1JW2JE6hD30E2GOejL-D3224Mcv4xETnDlOtcEV8JWQzkJv6Mti5DimLcnS46GGH0fTV8iVpFA0hJG25PhwfOgT-LnBXEYOPcTERviKQgu59AhpicHRXEefJUfZGRtzJIw3IlyjoHrAhE_weWj25OjxX0SYJGj34XIO_3gk8FECLSUpXM6RjwcVLTkuOrjRxGRwGTmUv0ZT5QhPvD5OVniI9MSXXIGeF5PxFDdOXMfH4-qh-tizQ_zRLzielWj2PHj2QnQj9ELj5OjTYo8yEmqOV9fAUMLzGD7uo0l-_Ch8HZMVJTiuF2eO74feHz_Cfzijw8cfRJKy50j-oo-MRlN2fOIOTswe_Gi1hCPcI3p-9CHeQ2ehf6icKEeuLcQlHs_hZ6nQ68XnItZiQU_0IFI-DqWoGBevIKeOZNvh4zquLwlKzcqwHkmfIMxRZhSH5wlGH7U2kFIzNJF8gzfyHlWiM4NoHc5ikWA7Cb4FPc2RJxQcHduSxegWDTdTHL2RNAnDI51C1Ed1osmboE8-bONBwjl6JSli_pAp_EK8KTp-MNmUB7WY42ItPHpzhJmUZUUvC19w9FpQfsMXuUSXQ0vF400e5HDZCVeHJomOPg8e5fCRPTt0KUfDY2aOJinj4kxIPNkniHu2BHehvLjUo1yJJosW4f1xvXiYBowoEvLyCaeOfDkuH3YzXB-eD951hH2gS2DiBLkfNFwUIXuOHlpKWXiaxRp-I_sl-D3uTvjQPEP5bMOTYN-R57hIQg8nozFHodaHZ0bD4z2a67hO_CEq6miS5CbeC7re4B9yeUKpB37RD0-KKzmeKMYrND-SnUEcJhEu0cKHH5Vkw9s21Btyl5Av5AnRnMepo-Gy4zl25ShJhPkCHQ9yHb2WDydcZUX1456M60Mo8ZIgHt-RfgaZw4e7I9k7xEeTo0c_HdvDGM5VBcl-RCyl46SDTlkO7znRjww4UxLKp0GY41TwMeiHPaqhWhde7TCPbxy8wy-eozpkK6go6cGPsD_uo__QPOmGnyh5mB-R7tiLnof2HD6h6Rt45PLxRtLQn2gY3fiG8vCPPpHx45SOHcmO9LlwnOLgHWl-yM7WIKaewfsRiTmh56iF9JlRvbiJPMxxaF2k4zoeaM9QNxuso_LxZST0p-gP3-iToa9CQn_wmcTZHenpoD_Oo4d_3Id_hFIPWVWQExULXyv8bMXR98FlKsfHDVPQH9dx4kcVPiI8UpJQN6kwXRyR_kHyHj-eH66NN0P6o4f-BK8iorsU_DxiqsdFIu-EE56col304IKeoRkX5PiihYNzFxePi7g69NmDF4UfHul4Bv2hmkYeZsGPgyG14zxK4zZuMHEiokSyPogl5cTFFP-D5sencAxC8hCXQ8wX4zR4BX5YhD_eI-9xBXrYgNFeWI_gRxE-jviLU9h-9CHe2OjFwWOPazk8SlEFTT-0D64DP0ekP0GJhhWJPzk6Hqdy-EqD8IM-hDxcHTafCr0OVuKDqU9ENBOP90etiMOVDflldHoeXBKhf0NTp-gHHbuOZzlq2tAPPuBXPPhq4TPeFO4O_Pjh48ILf_jhE8-I4wFwHAAA4Pgm6EG2A8OP48qLw8eR7Mil4XVQo4lI8Vif4j-YVMxQfkYe7NBxB0-Op42G8nAoxpCZHMeJ68S5I3bhZ8h7mD-67XiPNpQOj1OJKxGOJyM8iSkm5rjQM3DoozF-Do-DKyHSLEnxA9SJ47nxCPmUQ6W0IeeEyfrRcLHwF6eWqzgzNNaaDROp4rATIZ80FJKmUkLz4wlyKcqGSRea-uijwE9x6hq8H71S4cpmTIkZlMwR9hSmTAoF1XUxhsdf9BP8EV90_IInnAcEAiDCGaQMh8QApBxYQIFBCTGCMQaMEUQcQggRyhAACBIEAWAYAEgoRBAwhgCmgQAkC2AEgpAoo4QRBjNkiBKGAAiEAIQQpQBBTBpBCGIAIQNYVIAYYo1RCCoBHMUMCCKgAYhaLAAHAgnthAKkAAIIIsop4pgFhlCinAXEIKAEAoMJ5ISASBmpAEAMSAcEIcYQwRxxhjJggADIAYIMAIiAAYRACBAmlGBAIUOAMcpJATwwRhBijDAgAgAIEwAAYohjBiggDGAEMQOYUQgIohBUyBACFFDCA2GcIUAABwJGwDBBiBMIOGaYA0AAYQwBCChCBBEECSaAMMAIwiAhQFgKmCBEIAYQUkQcAZgwACELCAEIGIOYAwICIhQQAhCglBEIcCIMIAooBgRSwBjAGIBCEQAEUkABBIgwQBijCDcAG8IIEYgRYBAECgBxDRFICGUEA0wgRwEAAAilIBDACQXUEwAZYAlBgBFAhKAIAWEAEIwQRAQRSDBBDAQCCKIAEgYAQRgQCkBFkEAMGEMIMcoIQQgRhBElBACKWUQEMAwRqAABCigpiEDgGECcYEIKIYAjkEFhHAYAEEEBEQIQ4YEBRigikQTOSEKcAIQgApgyzhlFhACCCSUEUForIAAjAGFADIOACAccIsgwACFATCzKDBBIICGANMQA4hhjyDAjABEAUAEIMARApYBFAiBAGCAKKMEMAEAZAARwTADIEBIEIME8QMIYICEFRikKEAIEECOAYgwgKQghRCrkkGGGICSQAUIBQgABBhjAACEEWQMEE0ABA6AQAACjCHKEIWMIYQQwZSQFgDLBALKcObQGUcaSAhC14ihAgAFIOoWgIIJQoggwACBBEJAGMeW4EEgIZJwQRygDAAJCAWDIEoIpIgQyQACDEDBQCEGUQQwA"], "date": ["2003"], "genre": ["Blues"], "musicbrainz album release country": ["XE"], "musicbrainz_releasegroupid": ["d6bd6418-651e-3134-bb47-c55bdbb7b2bd"], "musicbrainz_artistid": ["f89778d6-fedb-4a41-864a-79ab5c21e76c"], "originaldate": ["2002"], "musicbrainz_albumid": ["cab249ab-59c0-4f23-84b5-3c3a2d9e0110"], "originalalbum": ["Delivered"], "tracknumber": ["10/10"], "artistsort": ["Julian Sas"], "language": ["eng"], "artist": ["Julian Sas"], "label": ["Corazong Records BV"], "albumartistsort": ["Julian Sas"], "acoustid_id": ["04b8bf51-3e0e-41ad-8b55-89e6b8ef42d7"], "script": ["Latin"]}}, "rhythm": {"bpm_histogram_first_peak_bpm": {"dmean2": 0, "median": 157, "min": 157, "dvar2": 0, "dvar": 0, "dmean": 0, "max": 157, "var": 0, "mean": 157}, "bpm": 154.357025146, "bpm_histogram_second_peak_spread": {"dmean2": 0, "median": 0.426406949759, "min": 0.426406949759, "dvar2": 0, "dvar": 0, "dmean": 0, "max": 0.426406949759, "var": 0, "mean": 0.426406949759}, "bpm_histogram_first_peak_weight": {"dmean2": 0, "median": 0.268599033356, "min": 0.268599033356, "dvar2": 0, "dvar": 0, "dmean": 0, "max": 0.268599033356, "var": 0, "mean": 0.268599033356}, "onset_rate": 2.97151207924, "beats_position": [0.429569154978, 0.859138309956, 1.27709746361, 1.69505667686, 2.11301589012, 2.53097510338, 2.94893407822, 3.35528349876, 3.76163268089, 4.1679816246, 4.57433080673, 4.96907043457, 5.36380958557, 5.75854873657, 6.1648979187, 6.5596370697, 6.9543762207, 7.36072540283, 7.76707458496, 8.17342376709, 8.59138298035, 9.0093421936, 9.42730140686, 9.83365058899, 10.2516098022, 10.6579589844, 11.0526981354, 11.4590473175, 11.8653964996, 12.2717456818, 12.6780948639, 13.084444046, 13.4907932281, 13.8855323792, 14.2802715302, 14.6750106812, 15.0813598633, 15.4877090454, 15.8940582275, 16.3004074097, 16.7067565918, 17.1131057739, 17.5078449249, 17.9141941071, 18.3205432892, 18.7385025024, 19.1564617157, 19.574420929, 19.9807701111, 20.3871192932, 20.8050785065, 21.2230377197, 21.6293869019, 22.0473461151, 22.4653053284, 22.8948745728, 23.312833786, 23.7307929993, 24.1487522125, 24.5667114258, 24.984670639, 25.3910198212, 25.8089790344, 26.2269382477, 26.6332874298, 27.0512466431, 27.4692058563, 27.8755550385, 28.2819042206, 28.6882534027, 29.0946025848, 29.500951767, 29.9073009491, 30.3136501312, 30.7083892822, 31.1147384644, 31.5094776154, 31.9158267975, 32.322177887, 32.7285270691, 33.1348762512, 33.5412254333, 33.935962677, 34.3423118591, 34.7486610413, 35.1550102234, 35.5613594055, 35.9677085876, 36.362449646, 36.7687988281, 37.1751480103, 37.5931053162, 37.9878463745, 38.3941955566, 38.7889328003, 39.1952819824, 39.6016311646, 40.0079803467, 40.402721405, 40.8090705872, 41.2154197693, 41.6333770752, 42.0281181335, 42.4228553772, 42.8175964355, 43.2123336792, 43.6070747375, 44.0018119812, 44.3965530396, 44.7912902832, 45.1860313416, 45.5807685852, 45.9755096436, 46.3702468872, 46.7649879456, 47.1597251892, 47.5660743713, 47.9840354919, 48.3787727356, 48.7851219177, 49.1798629761, 49.5746040344, 49.9693412781, 50.3640823364, 50.7588195801, 51.1535606384, 51.5482978821, 51.9430389404, 52.3609962463, 52.7789573669, 53.1969146729, 53.5916557312, 54.0096130371, 54.4275741577, 54.8339233398, 55.2286605835, 55.6234016418, 56.0181388855, 56.4244880676, 56.819229126, 57.2255783081, 57.6319274902, 58.0382766724, 58.4446258545, 58.8509750366, 59.2573242188, 59.6520614624, 60.0468025208, 60.4531517029, 60.8711090088, 61.2774581909, 61.6721992493, 62.0669364929, 62.4616775513, 62.8564147949, 63.2511558533, 63.6575050354, 64.0638504028, 64.4585952759, 64.864944458, 65.2712936401, 65.6776428223, 66.0839920044, 66.4903411865, 66.8966903687, 67.3146438599, 67.7093887329, 68.1041259766, 68.5336914063, 68.9400405884, 69.3463897705, 69.7411346436, 70.1358718872, 70.5422210693, 70.936958313, 71.3316955566, 71.7264404297, 72.1211776733, 72.515914917, 72.9222640991, 73.3286132813, 73.7349624634, 74.1413116455, 74.5476608276, 74.9424057007, 75.3371429443, 75.731880188, 76.1150131226, 76.5097503662, 76.9044876099, 77.2992248535, 77.6939697266, 78.0887069702, 78.4834442139, 78.8665771484, 79.2613143921, 79.6560516357, 80.0391845703, 80.433921814, 80.8286590576, 81.2350082397, 81.6413574219, 82.0360946655, 82.4424438477, 82.8487930298, 83.2435379028, 83.6382751465, 84.0330123901, 84.4277572632, 84.8224945068, 85.2172317505, 85.6003646851, 85.9951019287, 86.4014511108, 86.7961883545, 87.2025375366, 87.6088867188, 88.0036239624, 88.3983688354, 88.7931060791, 89.1878433228, 89.5825805664, 89.9773254395, 90.3720626831, 90.7667999268, 91.1615371704, 91.5562820435, 91.9510192871, 92.3573684692, 92.7637176514, 93.158454895, 93.5531921387, 93.9479370117, 94.3426742554, 94.737411499, 95.1437606812, 95.5501098633, 95.9564590454, 96.3628082275, 96.7575454712, 97.1522903442, 97.5470275879, 97.9417648315, 98.3365097046, 98.7428588867, 99.1492080688, 99.555557251, 99.9502944946, 100.345031738, 100.75138092, 101.157730103, 101.564079285, 101.970428467, 102.376777649, 102.783126831, 103.189476013, 103.595825195, 104.002174377, 104.420135498, 104.838096619, 105.25605011, 105.67401123, 106.080360413, 106.486709595, 106.904670715, 107.311019897, 107.71736908, 108.123718262, 108.530067444, 108.948028564, 109.365982056, 109.760726929, 110.155464172, 110.561813354, 110.968162537, 111.36289978, 111.769248962, 112.175598145, 112.593559265, 112.988296509, 113.383033752, 113.789382935, 114.195732117, 114.59047699, 114.996826172, 115.403175354, 115.809524536, 116.215873718, 116.610610962, 117.016960144, 117.423309326, 117.81804657, 118.212783813, 118.607528687, 119.00226593, 119.397003174, 119.791740417, 120.1980896, 120.604438782, 120.999183655, 121.393920898, 121.800270081, 122.206619263, 122.601356506, 123.007705688, 123.414054871, 123.820404053, 124.226753235, 124.621498108, 125.016235352, 125.410972595, 125.805709839, 126.200454712, 126.595191956, 126.989929199, 127.384666443, 127.779411316, 128.17414856, 128.568893433, 128.975234985, 129.381591797, 129.776321411, 130.171066284, 130.565795898, 130.97215271, 131.378494263, 131.773239136, 132.167984009, 132.574325562, 132.980682373, 133.375411987, 133.77015686, 134.176498413, 134.582855225, 134.977600098, 135.372329712, 135.767074585, 136.161804199, 136.556549072, 136.951293945, 137.34602356, 137.740768433, 138.135513306, 138.541854858, 138.94821167, 139.354553223, 139.760910034, 140.178863525, 140.585220337, 141.003173828, 141.409515381, 141.804260254, 142.199005127, 142.60534668, 143.011703491, 143.418045044, 143.824401855, 144.230743408, 144.63710022, 145.043441772, 145.449798584, 145.844528198, 146.239273071, 146.645614624, 147.051971436, 147.469924927, 147.8646698, 148.259414673, 148.654144287, 149.04888916, 149.443618774, 149.849975586, 150.244720459, 150.651062012, 151.045806885, 151.452148438, 151.858505249, 152.253234863, 152.647979736, 153.042724609, 153.449066162, 153.855422974, 154.273376465, 154.691329956, 155.097686768, 155.515640259, 155.92199707, 156.316726685, 156.699859619, 157.106216431, 157.500946045, 157.895690918, 158.290420532, 158.685165405, 159.079910278, 159.474639893, 159.869384766, 160.264129639, 160.658859253, 161.053604126, 161.448348999, 161.854690552, 162.261047363, 162.655776978, 163.062133789, 163.468475342, 163.863220215, 164.257949829, 164.652694702, 165.047439575, 165.442169189, 165.825302124, 166.208435059, 166.603164673, 166.997909546, 167.392654419, 167.787384033, 168.182128906, 168.576873779, 168.971603394, 169.354736328, 169.737869263, 170.132598877, 170.52734375, 170.922088623, 171.316818237, 171.71156311, 172.094696045, 172.501037598, 172.907394409, 173.313735962, 173.708480835, 174.103210449, 174.497955322, 174.892700195, 175.28742981, 175.693786621, 176.100128174, 176.494873047, 176.88961792, 177.272735596, 177.65586853, 178.039001465, 178.422134399, 178.816864014, 179.211608887, 179.606338501, 180.001083374, 180.395828247, 180.8021698, 181.208526611, 181.603256226, 181.998001099, 182.40435791, 182.810699463, 183.217056274, 183.623397827, 184.0181427, 184.412872314, 184.807617188, 185.202362061, 185.608703613, 186.015060425, 186.433013916, 186.839355469, 187.24571228, 187.663665771, 188.070022583, 188.476364136, 188.871109009, 189.265853882, 189.672195435, 190.078552246, 190.484893799, 190.89125061, 191.285980225, 191.680725098, 192.08706665, 192.493423462, 192.888153076, 193.282897949, 193.677642822, 194.072372437, 194.478729248, 194.873458862, 195.268203735, 195.674560547, 196.092514038, 196.487258911, 196.881988525, 197.276733398, 197.671463013, 198.066207886, 198.460952759, 198.855682373, 199.238815308, 199.621948242, 200.005081177, 200.388198853, 200.771331787, 201.154464722, 201.537597656, 201.943939209, 202.327072144, 202.721817017, 203.116546631, 203.511291504, 203.894424438, 204.277542114, 204.672286987, 205.055419922, 205.438537598, 205.821670532, 206.216415405, 206.59954834, 206.982666016, 207.377410889, 207.760543823, 208.143676758, 208.526794434, 208.909927368, 209.293060303, 209.676193237, 210.059310913, 210.442443848, 210.813964844, 211.18548584, 211.557006836, 211.928527832, 212.311645508, 212.694778442, 213.066299438, 213.449432373, 213.832565308, 214.215682983, 214.598815918, 214.993560791, 215.376678467, 215.759811401, 216.131332397, 216.502853394, 216.885986328, 217.269119263, 217.652236938, 218.035369873, 218.406890869, 218.778411865, 219.149932861, 219.521453857, 219.904571533, 220.287704468, 220.659225464, 221.042358398, 221.425476074, 221.79699707, 222.180130005, 222.563262939, 222.934783936, 223.306304932, 223.689422607, 224.072555542, 224.444076538, 224.815597534, 225.18711853, 225.570251465, 225.953369141, 226.324890137, 226.708023071, 227.091156006, 227.462677002, 227.845794678, 228.228927612, 228.600448608, 228.971969604, 229.355102539, 229.738220215, 230.109741211, 230.492874146, 230.87600708, 231.247528076, 231.619049072, 232.002166748, 232.385299683, 232.768432617, 233.151565552, 233.534683228, 233.917816162, 234.300949097, 234.684082031, 235.055603027, 235.438720703, 235.821853638, 236.193374634, 236.56489563, 236.924804688, 237.284713745, 237.656234741, 238.027755737, 238.410873413, 238.794006348, 239.165527344, 239.53704834, 239.908569336, 240.280090332, 240.651611328, 241.034729004, 241.417861938, 241.789382935, 242.160903931, 242.532424927, 242.903945923, 243.287063599, 243.670196533, 244.053329468, 244.436462402, 244.819580078, 245.214324951, 245.609069824, 245.9921875, 246.363708496, 246.735229492, 247.118362427, 247.501495361, 247.873016357, 248.256134033, 248.639266968, 249.022399902, 249.393920898, 249.777053833, 250.160171509, 250.543304443, 250.926437378, 251.309570313, 251.704299927, 252.0990448, 252.482177734, 252.86529541, 253.248428345, 253.631561279, 254.003082275, 254.374603271, 254.757720947, 255.140853882, 255.512374878, 255.895507813, 256.278625488, 256.673370361, 257.056488037, 257.43963623, 257.822753906, 258.2059021, 258.577423096, 258.960540771, 259.343658447, 259.726806641, 260.109924316, 260.493041992, 260.876190186, 261.270935059, 261.654052734, 262.03717041, 262.420318604, 262.803436279, 263.198181152, 263.592926025, 263.987670898, 264.382385254, 264.777130127, 265.148651123, 265.543395996, 265.938140869, 266.309661865, 266.692779541, 267.075927734, 267.45904541, 267.830566406, 268.213684082, 268.596832275, 268.991546631, 269.374694824, 269.7578125, 270.140960693, 270.524078369, 270.907196045, 271.290344238, 271.673461914, 272.068206787, 272.451324463, 272.834472656, 273.217590332, 273.600708008, 273.983856201, 274.366973877, 274.75012207, 275.133239746, 275.516357422, 275.899505615, 276.282623291, 276.665740967, 277.04888916, 277.432006836, 277.815155029, 278.198272705, 278.581390381, 278.964538574, 279.34765625, 279.730773926, 280.102294922, 280.473815918, 280.845336914, 281.240081787, 281.62322998, 282.006347656, 282.389465332, 282.760986328, 283.132507324, 283.50402832, 283.887145996, 284.270294189, 284.653411865, 285.024932861, 285.396453857, 285.767974854, 286.151092529, 286.534240723, 286.917358398, 287.300506592, 287.695220947, 288.078369141, 288.473114014, 288.856231689, 289.227752686, 289.610870361, 289.994018555, 290.37713623, 290.748657227, 291.120178223, 291.480072021, 291.851593018, 292.211517334, 292.571411133, 292.942932129, 293.314453125, 293.685974121, 294.057495117, 294.440643311, 294.823760986, 295.195281982, 295.566802979, 295.949920654, 296.333068848, 296.704589844, 297.08770752, 297.459228516, 297.842346191, 298.225494385, 298.608612061, 298.991729736, 299.37487793, 299.757995605, 300.141113281, 300.512634277, 300.884155273, 301.267303467, 301.650421143, 302.021942139, 302.405059814, 302.788208008, 303.159729004, 303.53125, 303.902770996, 304.285888672, 304.669006348, 305.063751221, 305.446899414, 305.83001709, 306.213134766, 306.596282959, 306.967803955, 307.339324951, 307.710845947, 308.093963623, 308.477081299, 308.848602295, 309.220123291, 309.591644287, 309.963165283, 310.334686279, 310.706207275, 311.077728271, 311.460845947, 311.843994141, 312.215515137, 312.598632813, 312.981750488, 313.364898682, 313.748016357, 314.131164551, 314.514282227, 314.885803223, 315.257324219, 315.640441895, 316.011962891, 316.395111084, 316.789825439, 317.172973633, 317.556091309, 317.939208984, 318.322357178, 318.705474854, 319.088623047, 319.471740723, 319.843261719, 320.226379395, 320.597900391, 320.969421387, 321.340942383, 321.712463379, 322.083984375, 322.455505371, 322.838623047, 323.22177124, 323.604888916, 323.976409912, 324.359527588, 324.742675781, 325.125793457, 325.497314453, 325.868835449, 326.251953125, 326.635101318, 327.018218994, 327.401367188, 327.772888184, 328.144378662, 328.515899658, 328.887420654, 329.25894165, 329.630462646, 330.001983643, 330.373504639, 330.745025635, 331.116546631, 331.488067627, 331.859588623, 332.242706299, 332.625854492, 333.008972168, 333.392089844, 333.76361084, 334.135131836, 334.506652832, 334.889801025, 335.272918701, 335.644439697, 336.027557373, 336.410705566, 336.793823242, 337.176940918, 337.560089111, 337.943206787, 338.33795166, 338.721069336, 339.092590332, 339.475738525, 339.858856201, 340.242004395, 340.613494873, 340.985015869, 341.368164063, 341.751281738, 342.134429932, 342.517547607, 342.900665283, 343.283813477, 343.666931152, 344.050048828, 344.433197021, 344.816314697, 345.187835693, 345.559356689, 345.942474365, 346.325622559, 346.697143555, 347.08026123, 347.475006104, 347.858123779, 348.241271973, 348.624389648, 349.007507324, 349.390655518, 349.762176514, 350.13369751, 350.505218506, 350.876739502, 351.248260498, 351.619781494, 351.991271973, 352.362792969, 352.734313965, 353.105834961, 353.488983154, 353.87210083, 354.243621826, 354.626739502, 355.009887695, 355.381408691, 355.752929688, 356.124450684, 356.484344482, 356.855865479, 357.215789795, 357.587280273, 357.95880127, 358.341949463, 358.725067139, 359.108215332, 359.479736328, 359.862854004, 360.24597168, 360.629119873, 361.012237549, 361.395355225, 361.766876221, 362.138397217, 362.52154541, 362.904663086, 363.276184082, 363.647705078, 364.019226074, 364.39074707, 364.750640869, 365.122161865, 365.493682861, 365.865203857, 366.248352051, 366.631469727, 367.014587402, 367.397735596, 367.780853271, 368.163970947, 368.547119141, 368.918640137, 369.290161133, 369.661682129, 370.033203125, 370.393096924, 370.76461792, 371.136138916, 371.519256592, 371.914001465, 372.297149658, 372.680267334, 373.05178833, 373.434906006, 373.818054199, 374.189575195, 374.561096191, 374.93258667, 375.304107666, 375.675628662, 376.070373535, 376.465118408, 376.859863281, 377.254608154, 377.64932251, 378.044067383, 378.462036133, 378.880004883, 379.309570313, 379.739135742, 380.180297852, 380.656311035, 381.132324219, 381.608337402, 382.165618896, 382.73449707, 383.291778564, 383.849060059, 384.417938232, 384.986846924, 385.555725098, 386.124633789, 386.681884766, 387.250793457, 387.819671631, 388.411773682, 389.00390625, 389.677276611, 390.350646973, 391.047241211, 391.73223877, 392.452056885, 393.171875, 393.880096436, 394.588287354, 395.284881592, 395.911834717, 396.538757324, 397.014770508, 397.502410889, 397.990020752, 398.477630615, 398.965240479, 399.452880859, 399.928894043, 400.404876709, 400.869293213, 401.333679199, 401.798095703, 402.262481689, 402.715270996, 403.168060303, 403.632476807, 404.096862793, 404.561248779, 405.025665283, 405.501678467, 406.00088501, 406.488525391, 406.976135254, 407.417327881, 407.85848999, 408.28805542, 408.729248047, 409.158813477, 409.600006104, 410.041168213, 410.470733643, 410.900299072, 411.318267822, 411.736236572, 412.165802002, 412.595367432, 413.024932861, 413.454498291], "beats_loudness": {"dmean2": 0.0372743047774, "median": 0.0326938405633, "min": 1.33124245849e-07, "dvar2": 0.00121006486006, "dvar": 0.000420287920861, "dmean": 0.0205465424806, "max": 0.152813076973, "var": 0.000612696632743, "mean": 0.0363493971527}, "danceability": 1.08474802971, "bpm_histogram_second_peak_weight": {"dmean2": 0, "median": 0.256038635969, "min": 0.256038635969, "dvar2": 0, "dvar": 0, "dmean": 0, "max": 0.256038635969, "var": 0, "mean": 0.256038635969}, "beats_count": 1036, "bpm_histogram_second_peak_bpm": {"dmean2": 0, "median": 152, "min": 152, "dvar2": 0, "dvar": 0, "dmean": 0, "max": 152, "var": 0, "mean": 152}, "bpm_histogram_first_peak_spread": {"dmean2": 0, "median": 0.360919564962, "min": 0.360919564962, "dvar2": 0, "dvar": 0, "dmean": 0, "max": 0.360919564962, "var": 0, "mean": 0.360919564962}, "beats_loudness_band_ratio": {"dmean2": [0.409882366657, 0.223225340247, 0.227298870683, 0.120825953782, 0.0773157030344, 0.165069371462], "median": [0.494101941586, 0.110782533884, 0.110762894154, 0.0581164062023, 0.0471476837993, 0.0809804499149], "min": [0.000166927056853, 0.000126021244796, 0.000185098411748, 6.81168530718e-05, 4.72849023936e-05, 4.5474327635e-05], "dvar2": [0.0990402251482, 0.0368440039456, 0.0529770441353, 0.0182942189276, 0.00615986436605, 0.0330093130469], "dvar": [0.0375510379672, 0.0134790325537, 0.0181416179985, 0.00648355809972, 0.00230222404934, 0.012418737635], "dmean": [0.240600660443, 0.126846313477, 0.12920320034, 0.0678077340126, 0.0450624711812, 0.0950863361359], "max": [0.998379766941, 0.81779062748, 0.863687157631, 0.728800237179, 0.394979000092, 0.98624932766], "var": [0.0632972121239, 0.0226558689028, 0.0194601211697, 0.00721982726827, 0.00320313940756, 0.0133205894381], "mean": [0.505324304104, 0.158040761948, 0.149232909083, 0.0802333727479, 0.0613501667976, 0.111822187901]}}, "lowlevel": {"barkbands_spread": {"dmean2": 11.5645227432, "median": 30.1708679199, "min": 0.206164881587, "dvar2": 207.621612549, "dvar": 87.2477645874, "dmean": 7.36240959167, "max": 138.579421997, "var": 433.3984375, "mean": 32.6637306213}, "melbands_spread": {"dmean2": 15.6248655319, "median": 27.558807373, "min": 0.305413752794, "dvar2": 449.073486328, "dvar": 209.920501709, "dmean": 10.1451797485, "max": 275.45324707, "var": 820.628112793, "mean": 34.8744277954}, "hfc": {"dmean2": 13.055021286, "median": 27.3495025635, "min": 1.1110731016e-16, "dvar2": 522.214599609, "dvar": 228.930633545, "dmean": 8.43148994446, "max": 336.226806641, "var": 892.297607422, "mean": 31.8870391846}, "barkbands_kurtosis": {"dmean2": 5.60004663467, "median": 0.2920614779, "min": -1.92321765423, "dvar2": 665.776611328, "dvar": 375.239135742, "dmean": 3.56349873543, "max": 2442.06201172, "var": 4264.00244141, "mean": 6.68103456497}, "gfcc": {"mean": [1.52684342861, 78.0376968384, -105.249763489, 35.9749298096, -52.7700386047, 12.2749729156, -27.8346042633, 16.0092144012, -24.7297534943, -2.15766835213, -16.8787593842, 0.715300023556, -15.4911775589], "icov": [[0.000242554742726, -0.000312455260428, 0.00032580687548, -0.000347473600414, 0.000322720705299, -0.000361274200259, 0.000383558013709, -0.000519990280736, 0.000579334388021, -0.000719388073776, 0.000764039694332, -0.000558083760552, 0.000370454508811], [-0.000312455260428, 0.00204969756305, -0.000475367502077, 0.00129466329236, -0.000896475568879, 0.00120292953216, -0.0011743993964, 0.00159245566465, -0.00187363906298, 0.00254058884457, -0.00289225415327, 0.00244095968083, -0.00134248263203], [0.00032580687548, -0.000475367502077, 0.00147786282469, -0.00048435566714, 0.000621705898084, -0.000792496954091, 0.000285134767182, -0.000395654875319, 0.000563090550713, -0.000851392163895, 0.00154071417637, -0.00195805705152, 0.00117694400251], [-0.000347473600414, 0.00129466329236, -0.00048435566714, 0.00325759360567, -0.000705972139258, -0.00014619374997, -0.000322146544931, -0.000311743060593, -0.00119368929882, 0.00148352049291, -0.00294539146125, 0.00270932144485, -0.00184769521002], [0.000322720705299, -0.000896475568879, 0.000621705898084, -0.000705972139258, 0.00352581357583, 7.97329848865e-05, -0.00069194752723, -0.000629555783235, 0.000718197436072, -0.00157177599613, 0.00170273927506, -0.000351592490915, -5.81772801524e-05], [-0.000361274200259, 0.00120292953216, -0.000792496954091, -0.00014619374997, 7.97329848865e-05, 0.00437034433708, -0.00141021760646, 0.000537336163688, -0.00141198793426, 0.000232557431445, -0.000892428564839, 0.000607203517575, -0.00112170958892], [0.000383558013709, -0.0011743993964, 0.000285134767182, -0.000322146544931, -0.00069194752723, -0.00141021760646, 0.00574694015086, -0.00220795511268, 0.000975850911345, -0.000242724447162, 0.000867963710334, -0.00173315219581, 0.000690637796652], [-0.000519990280736, 0.00159245566465, -0.000395654875319, -0.000311743060593, -0.000629555783235, 0.000537336163688, -0.00220795511268, 0.00871032383293, -0.00200873962604, 0.000881515908986, -0.00104207370896, 0.00129060877953, -0.00107147742528], [0.000579334388021, -0.00187363906298, 0.000563090550713, -0.00119368929882, 0.000718197436072, -0.00141198793426, 0.000975850911345, -0.00200873962604, 0.0114354146644, -0.0052926694043, 0.000913270807359, 0.000552427954972, 0.000332199851982], [-0.000719388073776, 0.00254058884457, -0.000851392163895, 0.00148352049291, -0.00157177599613, 0.000232557431445, -0.000242724447162, 0.000881515908986, -0.0052926694043, 0.0135648706928, -0.00530387740582, 0.0014284964418, 0.00123940908816], [0.000764039694332, -0.00289225415327, 0.00154071417637, -0.00294539146125, 0.00170273927506, -0.000892428564839, 0.000867963710334, -0.00104207370896, 0.000913270807359, -0.00530387740582, 0.0160133838654, -0.00773918069899, 0.00233972491696], [-0.000558083760552, 0.00244095968083, -0.00195805705152, 0.00270932144485, -0.000351592490915, 0.000607203517575, -0.00173315219581, 0.00129060877953, 0.000552427954972, 0.0014284964418, -0.00773918069899, 0.019673904404, -0.00681779906154], [0.000370454508811, -0.00134248263203, 0.00117694400251, -0.00184769521002, -5.81772801524e-05, -0.00112170958892, 0.000690637796652, -0.00107147742528, 0.000332199851982, 0.00123940908816, 0.00233972491696, -0.00681779906154, 0.016402842477]], "cov": [[14394.6552734, -3181.64428711, -1075.7232666, 1723.44018555, -1131.50915527, 1398.34411621, -759.670410156, 919.638366699, -204.986358643, 702.228881836, -237.092483521, 92.4068527222, -107.187637329], [-3181.64428711, 2790.3684082, -216.142745972, -911.076782227, 583.553344727, -830.284423828, 329.38885498, -458.210083008, 101.765655518, -382.614715576, 147.190551758, -131.78692627, 65.6812973022], [-1075.7232666, -216.142745972, 1157.23693848, 3.95102214813, -129.172042847, 165.832321167, 27.4032211304, -6.82218885422, -3.83582448959, 21.3770198822, -24.5723133087, 85.078994751, -29.3714580536], [1723.44018555, -911.076782227, 3.95102214813, 790.384155273, -158.9190979, 363.686218262, -93.6707687378, 229.222473145, 11.7744989395, 138.660583496, 4.50772762299, 11.6418104172, 11.9636640549], [-1131.50915527, 583.553344727, -129.172042847, -158.9190979, 497.514648438, -207.237670898, 146.581420898, -75.0208511353, 26.5074424744, -72.9700317383, 15.1300725937, -42.7446556091, 26.2547225952], [1398.34411621, -830.284423828, 165.832321167, 363.686218262, -207.237670898, 562.712280273, -47.6235046387, 169.478057861, 4.54441213608, 141.134292603, -27.467508316, 49.4880523682, -5.9136300087], [-759.670410156, 329.38885498, 27.4032211304, -93.6707687378, 146.581420898, -47.6235046387, 277.618591309, -10.6195755005, 13.0266799927, -55.1098060608, 20.433681488, 0.20812523365, 17.5503959656], [919.638366699, -458.210083008, -6.82218885422, 229.222473145, -75.0208511353, 169.478057861, -10.6195755005, 231.855133057, 5.90150117874, 75.9368209839, -18.7609119415, 14.0955600739, -2.36784291267], [-204.986358643, 101.765655518, -3.83582448959, 11.7744989395, 26.5074424744, 4.54441213608, 13.0266799927, 5.90150117874, 128.715057373, 32.5130844116, 23.4467754364, -16.22290802, -0.349112510681], [702.228881836, -382.614715576, 21.3770198822, 138.660583496, -72.9700317383, 141.134292603, -55.1098060608, 75.9368209839, 32.5130844116, 169.171386719, 10.5640916824, 17.5452651978, -24.0710029602], [-237.092483521, 147.190551758, -24.5723133087, 4.50772762299, 15.1300725937, -27.467508316, 20.433681488, -18.7609119415, 23.4467754364, 10.5640916824, 108.836990356, 20.0056686401, 7.27929496765], [92.4068527222, -131.78692627, 85.078994751, 11.6418104172, -42.7446556091, 49.4880523682, 0.20812523365, 14.0955600739, -16.22290802, 17.5452651978, 20.0056686401, 87.0351333618, 18.8034896851], [-107.187637329, 65.6812973022, -29.3714580536, 11.9636640549, 26.2547225952, -5.9136300087, 17.5503959656, -2.36784291267, -0.349112510681, -24.0710029602, 7.27929496765, 18.8034896851, 79.6148910522]]}, "spectral_energyband_middle_low": {"dmean2": 0.00632302742451, "median": 0.00695830769837, "min": 1.84254784369e-22, "dvar2": 0.000128212428535, "dvar": 5.31034602318e-05, "dmean": 0.00401674723253, "max": 0.0985126718879, "var": 9.13079129532e-05, "mean": 0.00951865129173}, "melbands_crest": {"dmean2": 5.20416736603, "median": 13.0101165771, "min": 1.65984404087, "dvar2": 26.6805915833, "dvar": 11.2423057556, "dmean": 3.28713440895, "max": 39.967540741, "var": 31.8102645874, "mean": 14.0106096268}, "spectral_kurtosis": {"dmean2": 3.24234938622, "median": 2.7842912674, "min": -1.24471771717, "dvar2": 49.3646011353, "dvar": 18.8553295135, "dmean": 1.96642613411, "max": 152.320571899, "var": 102.116165161, "mean": 5.42547225952}, "spectral_rms": {"dmean2": 0.00130294857081, "median": 0.00482238270342, "min": 3.12849594321e-12, "dvar2": 3.24241864291e-06, "dvar": 1.41279087984e-06, "dmean": 0.00083459954476, "max": 0.0135190160945, "var": 4.15720433011e-06, "mean": 0.00476281577721}, "zerocrossingrate": {"dmean2": 0.0153471119702, "median": 0.07421875, "min": 0, "dvar2": 0.000340900704032, "dvar": 0.000280605774606, "dmean": 0.0132556278259, "max": 0.66162109375, "var": 0.00332883000374, "mean": 0.0847006514668}, "silence_rate_60dB": {"dmean2": 0.0197309423238, "median": 0, "min": 0, "dvar2": 0.022599151358, "dvar": 0.00976843666285, "dmean": 0.00986491795629, "max": 1, "var": 0.0553454086185, "mean": 0.0587938576937}, "erbbands_kurtosis": {"dmean2": 1.53201508522, "median": -0.134822010994, "min": -1.85204100609, "dvar2": 8.31149768829, "dvar": 3.59960651398, "dmean": 0.980300366879, "max": 72.0090484619, "var": 9.71334457397, "mean": 0.711775720119}, "erbbands": {"dmean2": [0.352326273918, 2.54996919632, 3.11567425728, 3.60813140869, 10.5888328552, 9.18744850159, 5.98125171661, 5.67485046387, 9.0792388916, 20.4950523376, 20.9712867737, 25.7150554657, 53.8709602356, 14.1044406891, 20.5787296295, 15.9462165833, 19.1447582245, 32.9448699951, 13.2054872513, 14.105837822, 24.1253929138, 19.4841175079, 20.785068512, 43.9078903198, 26.429309845, 15.0002632141, 12.5261363983, 10.0744190216, 10.874587059, 9.27535247803, 6.98793458939, 5.18800783157, 3.4229593277, 1.87798595428, 1.43277847767, 1.07265090942, 0.299445360899, 0.0493523702025, 0.0036081133876, 0.000107243962702], "median": [0.0688213557005, 0.627416133881, 1.68013203144, 2.04474163055, 3.10294032097, 4.56860733032, 3.88724184036, 3.55472207069, 4.0609087944, 6.19125461578, 6.65314102173, 12.7997379303, 25.0027580261, 8.91579437256, 8.1943359375, 6.99126434326, 8.27540206909, 18.3684425354, 7.92007637024, 6.90182065964, 16.8951625824, 15.072145462, 18.714050293, 32.4364089966, 22.9966182709, 13.97889328, 9.20545291901, 7.59054756165, 7.54350471497, 6.48866653442, 4.88977098465, 3.16220641136, 1.9802570343, 1.07397413254, 0.418012678623, 0.116104178131, 0.0304780974984, 0.00486279837787, 0.000142020115163, 4.28543207818e-05], "min": [3.936148083e-22, 5.30428255135e-22, 4.34828047335e-21, 1.26544085358e-20, 2.81320604349e-20, 3.12179223335e-20, 3.97037517491e-20, 1.85842500201e-19, 1.20645985476e-19, 1.96309126685e-19, 3.99159054816e-19, 3.22633655367e-19, 9.2267189343e-19, 6.36729927933e-19, 1.00274969757e-18, 2.3625963675e-18, 2.05121105015e-18, 2.19768819302e-18, 3.68240046475e-18, 2.88496133792e-18, 4.0923354599e-18, 5.79731310746e-18, 5.82470147113e-18, 7.28513599189e-18, 1.04879842868e-17, 6.72852036744e-18, 1.12023639336e-17, 1.29674714078e-17, 1.24578586673e-17, 1.28356105463e-17, 9.13171248466e-18, 1.27148769185e-17, 1.04379439956e-17, 1.04844472625e-17, 7.61526542872e-18, 4.37048197191e-18, 2.40514964014e-18, 1.06886583034e-18, 2.70031844348e-19, 2.95154521548e-20], "dvar2": [0.818492472172, 44