{"tonal": {"thpcp": [1, 0.756088852882, 0.361442506313, 0.184682026505, 0.165874019265, 0.230089649558, 0.353148460388, 0.407080799341, 0.318386465311, 0.199030280113, 0.182156071067, 0.28920301795, 0.464578032494, 0.596187531948, 0.641426861286, 0.674774944782, 0.530826091766, 0.28270727396, 0.201162397861, 0.256244003773, 0.452744394541, 0.786545097828, 0.817724168301, 0.480009734631, 0.249747633934, 0.172409549356, 0.219191625714, 0.342768698931, 0.369022339582, 0.317893922329, 0.254037678242, 0.166033029556, 0.171278759837, 0.28130620718, 0.374665051699, 0.70435988903], "hpcp": {"dmean2": [0.268509060144, 0.29217889905, 0.197670161724, 0.132927507162, 0.122547030449, 0.140646994114, 0.178883031011, 0.190933033824, 0.185306310654, 0.142918854952, 0.128335356712, 0.18340061605, 0.223085284233, 0.257550954819, 0.309569776058, 0.265993505716, 0.222789615393, 0.159508243203, 0.140018165112, 0.169334501028, 0.23975263536, 0.283150523901, 0.280130684376, 0.232322767377, 0.152223572135, 0.117222107947, 0.131872698665, 0.176489636302, 0.189234033227, 0.173049420118, 0.129573270679, 0.097725301981, 0.0970669686794, 0.148077622056, 0.198075860739, 0.271564751863], "median": [0.235301554203, 0.19861997664, 0.0515262633562, 0.0172536075115, 0.0136053767055, 0.0204053893685, 0.0398101806641, 0.043627999723, 0.0297703575343, 0.0174761116505, 0.0150280408561, 0.0273293871433, 0.07327722013, 0.117554157972, 0.137626945972, 0.0890783593059, 0.0420618876815, 0.0251125842333, 0.0153082264587, 0.0230397284031, 0.0735918134451, 0.173716843128, 0.176477462053, 0.0912244990468, 0.0277077816427, 0.0144342593849, 0.0196677595377, 0.0297496300191, 0.0368457622826, 0.031514082104, 0.0168237220496, 0.013353055343, 0.0198648124933, 0.0312841795385, 0.0661834031343, 0.142107784748], "min": [0, 0, 0, 0, 0, 0, 0, 0, 0, 0, 0, 0, 0, 0, 0, 0, 0, 0, 0, 0, 0, 0, 0, 0, 0, 0, 0, 0, 0, 0, 0, 0, 0, 0, 0, 0], "dvar2": [0.0992704182863, 0.115122027695, 0.0822064876556, 0.0628671720624, 0.0545778460801, 0.0628149881959, 0.08407048136, 0.088431827724, 0.0909314081073, 0.0723920539021, 0.0596509054303, 0.0931408405304, 0.0923205688596, 0.0949019640684, 0.119437590241, 0.110241346061, 0.105221770704, 0.0714739337564, 0.070537365973, 0.0791579931974, 0.103075541556, 0.102502137423, 0.100183419883, 0.088151216507, 0.0578929483891, 0.0456301383674, 0.0527571886778, 0.0794918760657, 0.0863646492362, 0.0749611780047, 0.0556216686964, 0.038909483701, 0.0312205087394, 0.0613668709993, 0.0720864087343, 0.0992211028934], "dvar": [0.0401048175991, 0.0422574542463, 0.0302988681942, 0.0236707609147, 0.0194543525577, 0.0228318311274, 0.0319485664368, 0.0347230993211, 0.0351425148547, 0.0274151414633, 0.0225573312491, 0.0349669866264, 0.035139221698, 0.0387628264725, 0.0466242916882, 0.0433113090694, 0.0388979502022, 0.0266742929816, 0.0268237739801, 0.0288021694869, 0.0375989377499, 0.0393522903323, 0.0402661003172, 0.0336126573384, 0.0229612793773, 0.0177656859159, 0.020025447011, 0.0303164795041, 0.0325145944953, 0.0285708960146, 0.0214895829558, 0.0144208138809, 0.012244255282, 0.0233746878803, 0.0270245466381, 0.0357676409185], "dmean": [0.159353122115, 0.170823201537, 0.114544831216, 0.0745032951236, 0.0685508400202, 0.0805756822228, 0.104504808784, 0.112078368664, 0.106964789331, 0.080838508904, 0.0730985105038, 0.106257267296, 0.132348895073, 0.153686344624, 0.182872846723, 0.155596539378, 0.128191649914, 0.0925254076719, 0.0801474899054, 0.0973374173045, 0.139287605882, 0.167267486453, 0.166700214148, 0.138446301222, 0.0889083072543, 0.0682031139731, 0.0769685059786, 0.102705314755, 0.110995724797, 0.102028638124, 0.0755274668336, 0.0566128268838, 0.0572962611914, 0.0872262045741, 0.115879654884, 0.160382449627], "max": [1, 1, 1, 1, 1, 1, 1, 1, 1, 1, 1, 1, 1, 1, 1, 1, 1, 1, 1, 1, 1, 1, 1, 1, 1, 1, 1, 1, 1, 1, 1, 1, 1, 1, 1, 1], "var": [0.13941834867, 0.0869531556964, 0.042544644326, 0.0244950409979, 0.0176417995244, 0.0281194150448, 0.0487825348973, 0.0616489872336, 0.0469955690205, 0.0264909323305, 0.0228025317192, 0.0417007282376, 0.0600697472692, 0.0755498036742, 0.0760197490454, 0.107029698789, 0.091177329421, 0.0358798205853, 0.0285454839468, 0.0323879122734, 0.0570449307561, 0.0997667312622, 0.107596196234, 0.0554145351052, 0.0290903411806, 0.0188724473119, 0.0246627833694, 0.0491549707949, 0.0521804504097, 0.0419149808586, 0.0401683561504, 0.0188144892454, 0.0155323073268, 0.0368706695735, 0.0406781360507, 0.0839399322867], "mean": [0.386332958937, 0.29210203886, 0.139637157321, 0.0713487565517, 0.0640826001763, 0.0888912156224, 0.136432886124, 0.157268732786, 0.123003184795, 0.0768919587135, 0.0703728944063, 0.111728660762, 0.179481804371, 0.230326890945, 0.2478043437, 0.260687798262, 0.205075621605, 0.109219133854, 0.077715665102, 0.0989954993129, 0.174910083413, 0.303868293762, 0.315913796425, 0.185443580151, 0.0964857414365, 0.0666074901819, 0.0846809521317, 0.132422849536, 0.142565488815, 0.122812896967, 0.0981431230903, 0.0641440302134, 0.0661706328392, 0.108677864075, 0.144745454192, 0.272117435932]}, "tuning_equal_tempered_deviation": 0.171847447753, "chords_changes_rate": 0.0418191328645, "key_key": "A", "tuning_diatonic_strength": 0.821353912354, "key_scale": "major", "chords_number_rate": 0.00209095655009, "tuning_frequency": 441.272583008, "tuning_nontempered_energy_ratio": 0.87271720171, "chords_histogram": [46.5499229431, 9.25248336792, 12.4673290253, 0, 0, 0, 0.575013041496, 0, 0, 0, 0, 0, 0, 0, 0, 3.0580239296, 0, 0.548876106739, 0.182958707213, 3.6330370903, 0.287506520748, 6.19445896149, 15.0548877716, 2.19550442696], "key_strength": 0.853952050209, "chords_key": "A", "chords_strength": {"dmean2": 0.00895075127482, "median": 0.618654131889, "min": 0.287949770689, "dvar2": 5.95926103415e-05, "dvar": 5.48128373339e-05, "dmean": 0.00863473396748, "max": 0.839135408401, "var": 0.0097937444225, "mean": 0.607515990734}, "chords_scale": "major", "hpcp_entropy": {"dmean2": 1.01760149002, "median": 2.11463594437, "min": 0, "dvar2": 0.674767494202, "dvar": 0.238846972585, "dmean": 0.597144424915, "max": 4.3782916069, "var": 0.452731102705, "mean": 2.07629728317}}, "metadata": {"audio_properties": {"equal_loudness": 0, "codec": "mp3", "downmix": "mix", "sample_rate": 44100, "analysis_sample_rate": 44100, "bit_rate": 192028, "md5_encoded": "3247c4b8bc17b712de4db917fbbe68d4", "length": 177.606536865, "replay_gain": -5.64069747925, "lossless": false}, "version": {"essentia_build_sha": "2d9f1f26377add8aeb1075a9c2973f962c4f09fd", "essentia": "2.1-beta2", "extractor": "music 1.0", "essentia_git_sha": "v2.1_beta2-1-ge3940c0"}, "tags": {"title": ["The Last Mile Of The Way"], "language": ["eng"], "acoustid_fingerprint": ["AQADtEkyJkkWJoT2OkIYPSkuHldwTHnQI7SPcuGRPK_w4jme8MadCc_xHbUpNO_QH-mTHOJ1hFZwKXkUfEGnHw85nD-OHzl0IrxyBLPO4cpxQnsQKS8umXiSHMkei0iTK4fj_GiHE282NJeMPmKBZMqN59i2H7ryID2P7jl-_EF-QvsQZnKC-_gZNNIYlKSkBT9uPA_OjEekE8lSAs2LfvhRwxxeTkgN-UfkE-52FL_Qjmgm5MdNqKYRph_K48pSVOmRFv_x8JD0Bx_SFRE5vB2SFo3x4_7w4CNKHs3THPeRfEeaJx4-4VOM50JzRQq6r8OPK6OGZtpShBd0hHCXJCv-HRdRPD8alUYfPMNJZkhq-8iPP_jRORTCXDj1QT6R3zgfNE-EkEeC8DCXOZBLI_2D_rjg4w-OeIP2FFrGKMd_RArKMsYHUid6ioK_HAxvIody5BHO49FRHtYP30WoH7p0RcjRjEefHc-z4UgiqfmQVu7RJziN_Sh_NI_wBXWMMwgLTXqGRr1wMQ_xOCOejhCf4NI15D-8YR-j4QejH6kwkQ30HM_EDbos2DyQ-zLaoTk-5IH2oPNz5JLwod1qVI_wMcJj6yhuXFqM5IuJMH3w_PhTIvmNMOPR5saf4RFxhkeo_EiymDJ6Rgd_9Nh14c0C_0R_VImUCm-Rrgvc447hM0efC2p2BE0e9MePODM0-EORP8hjaI3CB2GcHqeOU8efoprCo-mJH7fx4EevxUiW04h_IU52QVdWIexO9BIeifixfwzYPSEqajHcFfKPB8z2JfjRfWjiCJdU5DmSPLPQuAn6I3wOXUsQZ0qESmTwXMJ-JRFuD-GzxNBy5AbbiHicC1WYKHDITYO5D-E3XIZ-oRmPSI54VJmO-Jje4yQT6DcgxQljXFtjRLsF43uKXplRKxmatA7x4-iZB89xp0gJ64f2Hnke_A0amijOLGj-o0y0H0cxpcdzHEcf9Jh7VMuFZuKR40dfjxCnHynHEI4udAzuB092NNfw6xoeobTxNGTwE5EOKdnxPLizMYgUhcdI57iEdNzxXTGcEZ0PKbIRKcSZ5UEuUQn0_vBFPMfFIGV0XEvm4AeeHU9e_DgvlBKSK4iUMTuOP-CPN_gQPwoHfUeuDfw6IbSsQcuKPMSXEYysB9-FUMcP7cKdwztU8YlwJhFCKVVG8Ee9OfiR5gqhT4iUJcuDH82lHH3m4UfJoXFy4tJkIZn8FenDEu3x4xI9_OiP5npwTvhq5OuR7EdTPXiOw8_xScKj4kb7Jsj1IeEvov5wHf1nWPtx6fBTYbKkTPhuPHnwHhkNXc-INKfwh3h67GXQR4N_Jbg_rDni9pCeI0-Ic3hyYcYeWsVJIVHoIz92NUdztuh73FfQKJ1RJ9oR04EeDemPVw9OtJrwMUefHOeDPoqPMB_2F3IUG82HHkWzP8aTJBdi6qCOJ3hPPFEmY96HWheeDtt19ENkLULyKMmIH_2FJsXDHBWPj0LtHA-Sb0QebZiNbx0uNioqXkKjZrhwzDdqhS5-4YGPkqyQR7mMhkseaPKFfBrxFkd1NOuo4NGRJ4fyRUIuBVP-odyDbxf-4PjR6XCoEL519Dq-Hde-oDyR-9CDI602Br2MK1E-4bPxoTcax8fVUaiXIz70wuVy9NDR6CnC47nxyLHQ_OiHHHpm5BLOXMF5lIc_9MdJ5FFxdM1VOD707CiZDCNbC48OuSHBXUTIw8t-9Gdw4djDFMd5dMFH9Dd-1FsOH1eWFGa246kubGcQkqkP_TLKJUOmLDKxvS38XAgvaA11NA5xND80lY5E5MvxaTmq3fB1lDrO4TveIydzQo--IN8cXAtOo_sF78WVKKMCbMdzNF-Ld0L8Q5cWo08R7pXwo_qO6MNN6NnhZ9nQHw-eQ1FCp0M7HtFx9CnChNTx_LgW6DQehNzhX8R_-DwsojpO9E1gRjSeHNt1-EGP60Sf5AizI-mPPiEs5hEYXiiTH32GUzmC5McPVhKL5uhxHv2h7AtObWh-XCHhrfhJ5C-SLU_QnMaf40d_cXCcPNha4kaqI4l-ofmDMuPxoLaJKWrw4ZKUg7SOT0c-Rhj148kSRugXE02PWMeb4-KF5i1qBeeHI59UBUkYH5WWbuAxPXgUNONyhD3U53hy_PihP4gtC9ZxcXhoYudRvoIPJ1N4MGqF5pES9CcuZH-gU0eOPmjOcHi-4GjMJ5gsKSF-NC8qycWj48ERplsOeT6O0IxxSUVJJrjw7HiO2njQNcvRnDJ-3Flw8ujRzB_i_ciFy7CTKMGHi0fDKFfgH1W14IuOB81I9MRd5NKRXH2ISzu-LWg-9D6S9MjxE8x3eL1QC_1ypPOQKFpEz3jQM2ngZ0N3PMGp7EiuXAivo1l-nD6OylkaNGJ3JA-yHU-ML5lR2wmR9YH4IJeDXQrMnUiTHJrOBHmi0PBW4bmGkw6O8kGYH3qUS0EYJ7mO2sGPyZLQODnqtsj0Q4-OWM8JfL7gRT7KoqMwpS8eJPsQ5huesXjx6VLwkErgB_FfHD-eH_nD4ubRH43K40qUxdhzoX-MMD0SHaeCRmyO-sRu4x-O37j040J4ElqQJwrs_vioEy-c4z_-4KLQIjwO9Twalaj44DpqaGQi3C9eXDliSQEgiAEgKaGEIFQBBYwlAhAEDBEAYKAYEcQiSBFwAkAtFDEGAYEAVkAAQxAgBDgiACiOEQUMgUIxAogRgBCnjFOAOGiEcUgAQZgAyAgHkBLhIIAMoEYJKQygAlAQgGDMAMUYYAIwygwBjDBiADBIMACFYWABIAQ4QjjDHCOUAWeAIAAIghUBQiSgGIJCIEScAMIgwIABQEgggFCCGSGAk9oAQ4E1gBrgAFHAIGSUQoY4QoQAAghBABAGcAOAMM4oAKSAAAKAIHCCAEEQI0kBYAwhRjCjBUCAKgKFIQIZYoggBBCBBOAGEEYFYAB7ARiABDghiDMCMISAE0ApQwgCAAAinABUCcQMAEYYY4BSQhFADAAGQwqAQZAoQQhQBADAGDAAAQcgocIZoRCQxAgDFDFCOCScJAQZ4YggBgEAAEMACISEEAAgRywABAAChCDEMMQQEowAAYBRSgkBAGOGMOIYIsYQQQwDAgCjBDPKIGOYUxIAAAEQAgFDADAMEESEIAIIQQAhgkBGCCIUGWoYI0RA5gAJBCkDjGBCUQSMFAJLghUwSjgEDBVWUQoIQ0gYAJwwUABBQAVAUQAUJIYAIYhQSBgiiFQEEoEIA0pJw5AgAFSCAQPGUMDAMUAAQAAAxhoHBFFCCGKcJ8gYARBAFBhDgNBCMEGAEIwBIYAhQBGmkEBMAWWEQFYJwoACTBHgAKCYIQAcQEAY54BAQilmBCNGKIGMUAYY4wAwBAthDAVCCiTAIYwQRQRSwhBBAAEKEGKZcEAAAZwFjCljgDGEWOeEosISQQaQAhFnBDHiBEMiaUAQEhDSgBGHjBKQEUOQAgYUoQQgQjgCFDFACUEEEQJICgAChgBBDFhMUCKEIAYaZAChwhABADAGAaWcAAIA4AQhRAiFgKBEKUAMAIBIA4hRwhLAlHGECQSAUU4BAIBAigEDkVHBKYMQIQYC"], "date": ["1955"], "genre": ["Gospel"], "musicbrainz_releasegroupid": ["ed185864-e193-3e90-b604-9f14df5f06bb"], "musicbrainz album type": ["Album", "Compilation"], "musicbrainz_recordingid": ["180becb7-707c-4448-91ca-3a99f88f95bc"], "composer": ["Traditional"], "musicbrainz_albumartistid": ["6c8fd0be-d961-454c-aee0-4366a6dbc993"], "musicbrainz_albumid": ["81199d56-bfc9-4860-a4c8-abf78708b861"], "artist": ["Sam Cooke with The Soul Stirrers"], "tracknumber": ["01/25"], "bpm": ["109.91"], "catalognumber": ["3SPCD-4437-2"], "album": ["The Complete Specialty Recordings (Disc 3)"], "label": ["Specialty Records"], "acoustid_id": ["b6c05e15-aa0d-45ec-acfb-12c3eb65a15c"], "musicbrainz_artistid": ["6c8fd0be-d961-454c-aee0-4366a6dbc993"], "file_name": "Sam Cooke with The Soul Stirrers - The Last Mile Of The Way.mp3"}}, "rhythm": {"bpm_histogram_first_peak_bpm": {"dmean2": 0, "median": 92, "min": 92, "dvar2": 0, "dvar": 0, "dmean": 0, "max": 92, "var": 0, "mean": 92}, "bpm": 91.1427383423, "bpm_histogram_second_peak_spread": {"dmean2": 0, "median": 0.374999970198, "min": 0.374999970198, "dvar2": 0, "dvar": 0, "dmean": 0, "max": 0.374999970198, "var": 0, "mean": 0.374999970198}, "bpm_histogram_first_peak_weight": {"dmean2": 0, "median": 0.584558844566, "min": 0.584558844566, "dvar2": 0, "dvar": 0, "dmean": 0, "max": 0.584558844566, "var": 0, "mean": 0.584558844566}, "onset_rate": 2.33643484116, "beats_position": [0.650158703327, 1.3235373497, 2.00852608681, 2.68190479279, 3.35528349876, 4.02866220474, 4.71365070343, 5.39863920212, 6.08362817764, 6.7570066452, 7.4303855896, 8.09215450287, 8.75392246246, 9.42730140686, 10.1006803513, 10.774058342, 11.4474372864, 12.1208162308, 12.7941951752, 13.4675731659, 14.1409521103, 14.8143310547, 15.4877090454, 16.1610889435, 16.8344669342, 17.4962348938, 18.1580047607, 18.8197727203, 19.4815406799, 20.154920578, 20.8166885376, 21.4784584045, 22.1402263641, 22.7207260132, 23.3012237549, 23.8817234039, 24.4506111145, 25.0311107635, 25.6116104126, 26.1921081543, 26.865486145, 27.5388660431, 28.2122440338, 28.8624038696, 29.5241718292, 30.1859397888, 30.8477096558, 31.5094776154, 32.171245575, 32.8330154419, 33.4947853088, 34.1565513611, 34.818321228, 35.4684791565, 36.1302490234, 36.8036270142, 37.4770050049, 38.1503829956, 38.8121528625, 39.462310791, 40.1124725342, 40.7742385864, 41.4243965149, 42.0977783203, 42.7595443726, 43.4213142395, 44.0946922302, 44.7564620972, 45.4182319641, 46.0799980164, 46.7417678833, 47.3919258118, 48.0536956787, 48.7154655457, 49.3772315979, 50.0390014648, 50.7007713318, 51.362537384, 52.024307251, 52.6976852417, 53.3594551086, 54.0328330994, 54.7062110901, 55.3563690186, 56.0065307617, 56.6566886902, 57.3068466187, 57.9570045471, 58.6187744141, 59.280544281, 59.9307022095, 60.5692520142, 61.2077980042, 61.8695678711, 62.5197257996, 63.1582756042, 63.8084335327, 64.4585952759, 65.1087493896, 65.7589111328, 66.409072876, 67.0592269897, 67.720993042, 68.3711547852, 69.0329208374, 69.6830825806, 70.3332443237, 70.9833984375, 71.6451721191, 72.2953262329, 72.9454879761, 73.5956420898, 74.245803833, 74.8959655762, 75.5345077515, 76.1846694946, 76.8348312378, 77.4849853516, 78.1351470947, 78.7853012085, 79.4354629517, 80.0856246948, 80.7357788086, 81.3859405518, 82.0360946655, 82.6862564087, 83.3364181519, 83.9865722656, 84.6367340088, 85.2868881226, 85.9370498657, 86.5872116089, 87.2257614136, 87.8643035889, 88.514465332, 89.1646270752, 89.8263931274, 90.4881591797, 91.1615371704, 91.8349151611, 92.4850769043, 93.1352386475, 93.8086166382, 94.4703826904, 95.1205444336, 95.7823104858, 96.4556884766, 97.1406784058, 97.8372802734, 98.4874343872, 99.1259841919, 99.7761459351, 100.437911987, 101.09967804, 101.749839783, 102.400001526, 103.05015564, 103.700317383, 104.362083435, 105.023849487, 105.697235107, 106.370613098, 107.043991089, 107.71736908, 108.39074707, 109.040908813, 109.691062927, 110.34122467, 110.991378784, 111.653152466, 112.314918518, 112.988296509, 113.6616745, 114.346664429, 115.031654358, 115.716644287, 116.308753967, 116.900856018, 117.481361389, 118.061859131, 118.630744934, 119.211242676, 119.791740417, 120.395462036, 120.999183655, 121.626121521, 122.31111145, 122.984489441, 123.646255493, 124.308021545, 124.969795227, 125.631561279, 126.293327332, 126.966712952, 127.628479004, 128.301864624, 128.986846924, 129.660217285, 130.321990967, 130.983764648, 131.645523071, 132.307296753, 132.969070435, 133.630844116, 134.280990601, 134.942764282, 135.616149902, 136.277908325, 136.939682007, 137.58984375, 138.251602173, 138.913375854, 139.575149536, 140.248519897, 140.921905518, 141.572067261, 142.210617065, 142.849151611, 143.499313354, 144.161087036, 144.811248779, 145.461410522, 146.111557007, 146.773330688, 147.411880493, 148.062042236, 148.700592041, 149.350738525, 150.000900269, 150.651062012, 151.301223755, 151.951385498, 152.601531982, 153.251693726, 153.89024353, 154.540405273, 155.178955078, 155.805892944, 156.444442749, 157.094604492, 157.733154297, 158.371704102, 159.010253906, 159.660400391, 160.310562134, 160.960723877, 161.61088562, 162.249435425, 162.887985229, 163.526535034, 164.16506958, 164.826843262, 165.465393066, 166.11555481, 166.765716553, 167.415863037, 168.054412842, 168.692962646, 169.34312439, 169.993286133, 170.643447876, 171.281997681, 171.920547485, 172.477813721, 173.035095215, 173.592376709, 174.045166016, 174.497955322, 174.962356567, 175.426757813, 175.891159058, 176.355545044, 176.819946289], "beats_loudness": {"dmean2": 0.01887710765, "median": 0.0312736481428, "min": 1.49519053139e-06, "dvar2": 0.000279907457298, "dvar": 9.41931793932e-05, "dmean": 0.0113335847855, "max": 0.0824173390865, "var": 0.000187711702893, "mean": 0.0328829288483}, "danceability": 1.10212123394, "bpm_histogram_second_peak_weight": {"dmean2": 0, "median": 0.0367647074163, "min": 0.0367647074163, "dvar2": 0, "dvar": 0, "dmean": 0, "max": 0.0367647074163, "var": 0, "mean": 0.0367647074163}, "beats_count": 273, "bpm_histogram_second_peak_bpm": {"dmean2": 0, "median": 103, "min": 103, "dvar2": 0, "dvar": 0, "dmean": 0, "max": 103, "var": 0, "mean": 103}, "bpm_histogram_first_peak_spread": {"dmean2": 0, "median": 0.35102045536, "min": 0.35102045536, "dvar2": 0, "dvar": 0, "dmean": 0, "max": 0.35102045536, "var": 0, "mean": 0.35102045536}, "beats_loudness_band_ratio": {"dmean2": [0.303434461355, 0.229484692216, 0.296760708094, 0.200154215097, 0.109354972839, 0.0600482411683], "median": [0.233611106873, 0.179966136813, 0.221610561013, 0.144507586956, 0.0382648929954, 0.020659931004], "min": [0.00125613168348, 0.00529951276258, 0.000614649616182, 9.33468545554e-05, 8.58855346451e-05, 2.95420231851e-05], "dvar2": [0.0600324384868, 0.0371177494526, 0.0653807446361, 0.0448962450027, 0.0164227113128, 0.0127043565735], "dvar": [0.0216760709882, 0.0150834843516, 0.0222984105349, 0.0181871466339, 0.00573280407116, 0.00443716999143], "dmean": [0.17292560637, 0.133118614554, 0.170305356383, 0.12267537415, 0.0618563555181, 0.0329214036465], "max": [0.989118993282, 0.859095335007, 0.820702373981, 0.776060223579, 0.444503009319, 0.670924723148], "var": [0.0359857231379, 0.0332055091858, 0.0323207788169, 0.0309035927057, 0.00519478134811, 0.00296125258319], "mean": [0.27342993021, 0.227035582066, 0.259979248047, 0.189173236489, 0.0613714717329, 0.0321731381118]}}, "lowlevel": {"barkbands_spread": {"dmean2": 5.18227243423, "median": 13.1613864899, "min": 0.396055877209, "dvar2": 43.2281799316, "dvar": 20.2206821442, "dmean": 3.3346862793, "max": 125.786254883, "var": 118.467414856, "mean": 14.9872903824}, "melbands_spread": {"dmean2": 6.83443498611, "median": 17.8635635376, "min": 0.323568850756, "dvar2": 99.4022064209, "dvar": 45.8466796875, "dmean": 4.41017103195, "max": 190.720062256, "var": 254.583862305, "mean": 20.6493701935}, "hfc": {"dmean2": 6.61569690704, "median": 16.3729286194, "min": 1.15897612349e-16, "dvar2": 67.6660461426, "dvar": 34.5648498535, "dmean": 4.54339075089, "max": 177.714508057, "var": 319.914825439, "mean": 21.2661952972}, "barkbands_kurtosis": {"dmean2": 5.70594835281, "median": 1.47019982338, "min": -1.88508152962, "dvar2": 1699.7043457, "dvar": 474.821228027, "dmean": 3.31837773323, "max": 810.427612305, "var": 1045.96850586, "mean": 5.94754171371}, "gfcc": {"mean": [-34.5467414856, 131.344833374, -128.782592773, 28.9254398346, -64.7173309326, 9.68322849274, -25.4813270569, 5.17491197586, -13.2364664078, -2.55111718178, 1.65850555897, -1.68402862549, -3.15088653564], "icov": [[0.000956218224019, -0.00243625044823, 0.00222068629228, -0.00223141326569, 0.00245355325751, -0.00185340759344, 0.00160056527238, -0.00142962124664, 0.00140061439015, -0.000970197783317, 0.00101180665661, -0.00081577867968, 0.000620497041382], [-0.00243625044823, 0.00889133941382, -0.00645482214168, 0.00722324615344, -0.00734813231975, 0.00626167841256, -0.00545599265024, 0.00501551199704, -0.00523599749431, 0.00535914301872, -0.00458854483441, 0.00407114159316, -0.0030836451333], [0.00222068629228, -0.00645482214168, 0.00643774541095, -0.00577306188643, 0.00591787602752, -0.00371498055756, 0.00414381781593, -0.00393963837996, 0.00411326019093, -0.00364626199007, 0.0033989881631, -0.00350155099295, 0.00190714001656], [-0.00223141326569, 0.00722324615344, -0.00577306188643, 0.00916674267501, -0.00700231036171, 0.00465570576489, -0.00355125311762, 0.00482539180666, -0.00484809093177, 0.00347709213383, -0.00300350808538, 0.00210191798396, -0.00239179399796], [0.00245355325751, -0.00734813231975, 0.00591787602752, -0.00700231036171, 0.0103479558602, -0.00556527683511, 0.00409242510796, -0.00448556570336, 0.00390608725138, -0.00382996606641, 0.00332417269237, -0.0026972068008, 0.00257798749954], [-0.00185340759344, 0.00626167841256, -0.00371498055756, 0.00465570576489, -0.00556527683511, 0.00917779188603, -0.00531903328374, 0.00297951232642, -0.0023335441947, 0.00186391931493, -0.00201455922797, 0.0028416919522, -0.0014799417695], [0.00160056527238, -0.00545599265024, 0.00414381781593, -0.00355125311762, 0.00409242510796, -0.00531903328374, 0.00879986677319, -0.00387787516229, 0.00428071897477, -0.00280073890463, 0.00248945178464, -0.00392861012369, 0.00330310920253], [-0.00142962124664, 0.00501551199704, -0.00393963837996, 0.00482539180666, -0.00448556570336, 0.00297951232642, -0.00387787516229, 0.00945848878473, -0.00557637168095, 0.00569384358823, -0.00465237908065, 0.00505662849173, -0.00306979101151], [0.00140061439015, -0.00523599749431, 0.00411326019093, -0.00484809093177, 0.00390608725138, -0.0023335441947, 0.00428071897477, -0.00557637168095, 0.0104852849618, -0.0071220160462, 0.00584597280249, -0.00554522173479, 0.00471329549327], [-0.000970197783317, 0.00535914301872, -0.00364626199007, 0.00347709213383, -0.00382996606641, 0.00186391931493, -0.00280073890463, 0.00569384358823, -0.0071220160462, 0.0175184160471, -0.00835713557899, 0.00747083174065, -0.00613119639456], [0.00101180665661, -0.00458854483441, 0.0033989881631, -0.00300350808538, 0.00332417269237, -0.00201455922797, 0.00248945178464, -0.00465237908065, 0.00584597280249, -0.00835713557899, 0.0162146873772, -0.00930027011782, 0.00606259331107], [-0.00081577867968, 0.00407114159316, -0.00350155099295, 0.00210191798396, -0.0026972068008, 0.0028416919522, -0.00392861012369, 0.00505662849173, -0.00554522173479, 0.00747083174065, -0.00930027011782, 0.016464099288, -0.00815730448812], [0.000620497041382, -0.0030836451333, 0.00190714001656, -0.00239179399796, 0.00257798749954, -0.0014799417695, 0.00330310920253, -0.00306979101151, 0.00471329549327, -0.00613119639456, 0.00606259331107, -0.00815730448812, 0.0121001610532]], "cov": [[8951.83496094, -207.065994263, -2580.65966797, 13.2955131531, -426.170440674, 715.50567627, 73.6445007324, 113.987030029, -122.220237732, -157.357269287, -51.9766769409, -340.430145264, -150.90737915], [-207.065994263, 1020.73730469, 531.189453125, -218.475845337, 81.3298416138, -296.367156982, 70.4601364136, -4.14286136627, 31.5089664459, -84.405128479, 48.8819046021, 48.8830223083, 23.3990325928], [-2580.65966797, 531.189453125, 1542.38146973, 119.109146118, 1.84228503704, -404.813690186, -132.165390015, -55.2224845886, 38.1681289673, 24.0754585266, 20.9026851654, 189.936294556, 135.219787598], [13.2955131531, -218.475845337, 119.109146118, 419.650390625, 58.8652153015, -17.1965847015, -94.9498977661, -61.0277786255, 59.4730072021, 38.4625167847, -15.8068685532, 49.0658721924, 40.9312324524], [-426.170440674, 81.3298416138, 1.84228503704, 58.8652153015, 301.221038818, 27.4146900177, 29.4536819458, 16.9720573425, 26.3776893616, 9.16583633423, 1.34241223335, -7.24760484695, -21.8210220337], [715.50567627, -296.367156982, -404.813690186, -17.1965847015, 27.4146900177, 368.81427002, 111.614639282, 25.4096088409, -52.7739944458, 9.94001197815, -13.7900209427, -71.456451416, -52.237651825], [73.6445007324, 70.4601364136, -132.165390015, -94.9498977661, 29.4536819458, 111.614639282, 263.760894775, 39.1005973816, -53.2725486755, -25.723777771, 21.711309433, -11.8628025055, -49.6222190857], [113.987030029, -4.14286136627, -55.2224845886, -61.0277786255, 16.9720573425, 25.4096088409, 39.1005973816, 201.052978516, 38.6928787231, -25.043428421, 4.93485832214, -36.7183685303, -25.4230194092], [-122.220237732, 31.5089664459, 38.1681289673, 59.4730072021, 26.3776893616, -52.7739944458, -53.2725486755, 38.6928787231, 207.426803589, 36.2052154541, -16.9996013641, 12.9655647278, -12.8726835251], [-157.357269287, -84.405128479, 24.0754585266, 38.4625167847, 9.16583633423, 9.94001197815, -25.723777771, -25.043428421, 36.2052154541, 107.770187378, 17.902557373, -1.73259031773, 20.6658477783], [-51.9766769409, 48.8819046021, 20.9026851654, -15.8068685532, 1.34241223335, -13.7900209427, 21.711309433, 4.93485832214, -16.9996013641, 17.902557373, 110.45501709, 42.0208778381, -9.26423835754], [-340.430145264, 48.8830223083, 189.936294556, 49.0658721924, -7.24760484695, -71.456451416, -11.8628025055, -36.7183685303, 12.9655647278, -1.73259031773, 42.0208778381, 149.02180481, 69.8850860596], [-150.90737915, 23.3990325928, 135.219787598, 40.9312324524, -21.8210220337, -52.237651825, -49.6222190857, -25.4230194092, -12.8726835251, 20.6658477783, -9.26423835754, 69.8850860596, 155.719924927]]}, "spectral_energyband_middle_low": {"dmean2": 0.00698322011158, "median": 0.0118298772722, "min": 3.43164136807e-22, "dvar2": 6.11581563135e-05, "dvar": 2.49652712228e-05, "dmean": 0.00446735648438, "max": 0.0845796093345, "var": 9.34917843551e-05, "mean": 0.0137859610841}, "melbands_crest": {"dmean2": 4.38352489471, "median": 11.3337020874, "min": 2.22191262245, "dvar2": 14.9712362289, "dvar": 5.98498058319, "dmean": 2.69218420982, "max": 37.9556922913, "var": 23.892375946, "mean": 12.2571878433}, "spectral_kurtosis": {"dmean2": 4.74795913696, "median": 5.83900356293, "min": -1.22388827801, "dvar2": 30.532957077, "dvar": 10.9477186203, "dmean": 2.78591275215, "max": 98.5296325684, "var": 56.8071403503, "mean": 7.58733415604}, "spectral_rms": {"dmean2": 0.000802371941973, "median": 0.00494279759005, "min": 3.18537123761e-12, "dvar2": 5.07053186993e-07, "dvar": 2.30888034025e-07, "dmean": 0.000531086581759, "max": 0.00944123137742, "var": 2.13838984564e-06, "mean": 0.00490405177698}, "zerocrossingrate": {"dmean2": 0.00618178863078, "median": 0.04150390625, "min": 0.00244140625, "dvar2": 8.22257206892e-05, "dvar": 6.85195846017e-05, "dmean": 0.00515724346042, "max": 0.51416015625, "var": 0.000977050047368, "mean": 0.0444628894329}, "silence_rate_60dB": {"dmean2": 0.00732217589393, "median": 0, "min": 0, "dvar2": 0.00883739162236, "dvar": 0.00364716188051, "dmean": 0.00366060924716, "max": 1, "var": 0.0228513292968, "mean": 0.023398693651}, "erbbands_kurtosis": {"dmean2": 2.79846119881, "median": 1.42316126823, "min": -1.90591609478, "dvar2": 18.8065299988, "dvar": 8.42464637756, "dmean": 1.78166353703, "max": 137.035629272, "var": 34.5251121521, "mean": 2.95362949371}, "erbbands": {"dmean2": [0.0645289346576, 0.425917088985, 0.62360304594, 1.29558169842, 2.91629505157, 5.38729810715, 14.2139854431, 17.8521099091, 24.5873737335, 28.3419876099, 63.680393219, 59.9641914368, 37.7996826172, 40.8654594421, 55.744808197, 50.5389785767, 42.4094619751, 34.7511405945, 21.5353603363, 12.4178876877, 10.3220558167, 10.5295534134, 9.27247619629, 11.2921628952, 9.30345058441, 5.44029188156, 3.78747653961, 2.55980467796, 3.04867863655, 2.35947751999, 1.42850220203, 0.6991751194, 0.370482027531, 0.138669803739, 0.0246789138764, 0.00275057088584, 0.000488461693749, 9.90863554762e-05, 1.57083759404e-05, 1.00735151136e-05], "median": [0.0571005046368, 0.694045245647, 0.847331523895, 1.13450336456, 1.85893034935, 4.57441616058, 9.95383262634, 10.1803455353, 13.6203842163, 12.9744348526, 18.3815917969, 16.4550380707, 12.2198143005, 11.6641540527, 16.5795269012, 16.0548667908, 14.5573291779, 9.89097595215, 7.82208967209, 5.05698204041, 4.99418640137, 5.51600503922, 5.73944616318, 5.54386711121, 4.13010597229, 2.4612994194, 1.57670676708, 0.938140034676, 0.846534490585, 0.602800726891, 0.424458324909, 0.206552714109, 0.115532934666, 0.0504047200084, 0.0104031804949, 0.00164963875432, 0.000412372552091, 8.33338563098e-05, 2.30165278481e-05, 3.01657582895e-05], "min": [3.00515201217e-21, 1.18636149845e-20, 1.0204990225e-20, 4.80675267878e-20, 7.75475491167e-20, 2.64477882296e-20, 5.00923776856e-20, 2.14973423231e-19, 8.34738665208e-19, 2.41779102785e-18, 1.50707396222e-18, 1.88356821656e-18, 1.74883724518e-18, 2.99813494856e-18, 2.14153565752e-18, 4.76332369329e-18, 1.52974656922e-18, 4.46649530715e-18, 4.41251267319e-18, 8.34585285242e-18, 7.7378577314e-18, 1.12424003024e-17, 8.6342320022e-18, 1.49653632228e-17, 2.82610557618e-17, 1.36855923925e-17, 1.87446439081e-17, 1.52270318835e-17, 1.99736390837e-17, 1.68923582148e-17, 1.52946357006e-17, 1.53372934047e-17, 1.52313464575e-17, 1.14937201064e-17, 6.33284017579e-18, 5.08783409222e-18, 3.1915756843e-18, 1.3735354751e-18, 4.28577242163e-19, 3.39040427388e-20], "dvar2": [0.0120606580749, 0.353725999594, 1.07388341427, 4.0535492897, 35.1210441589, 47.3163414001, 598.447265625, 941.601379395, 1847.76135254, 3861.89697266, 16461.1152344, 16883.859375, 6982.25, 7285.54638672, 14871.2636719, 10680.9121094, 9925.5390625, 5969.02441406, 2272.88818359, 992.559020996, 628.914550781, 793.606750488, 376.539886475, 550.714416504, 492.835968018, 225.769363403, 120.354293823, 61.5748176575, 110.306381226, 83.8029937744, 64.4398880005, 32.2648506165, 14.8245830536, 0.629399716854, 0.00810115225613, 0.000101299017842, 1.92889683603e-06, 5.61503483709e-08, 2.50242848665e-09, 1.0817667595e-10], "dvar": [0.00458151195198, 0.127897560596, 0.413592934608, 1.68089568615, 14.3182964325, 21.8108043671, 227.077178955, 377.945373535, 764.616394043, 1871.90490723, 6938.1953125, 6974.06396484, 2657.54931641, 2806.44262695, 6160.94042969, 4362.01416016, 4154.05273438, 2432.46240234, 952.491027832, 449.771820068, 290.053863525, 384.030487061, 163.68649292, 259.407440186, 244.311477661, 103.430412292, 56.5541305542, 27.5639038086, 54.0320777893, 43.2100753784, 36.3771286011, 20.0495128632, 8.48112869263, 0.383256524801, 0.00485973525792, 6.16718534729e-05, 1.05171875475e-06, 3.18514423725e-08, 1.10036912915e-09, 4.76311698416e-11], "dmean": [0.0400613807142, 0.265971511602, 0.396296262741, 0.843032598495, 1.82694876194, 3.56442379951, 9.17772674561, 11.6723079681, 15.9304924011, 18.4594078064, 40.2594718933, 37.5840148926, 23.4726409912, 25.2858886719, 35.6002655029, 32.1238746643, 26.9823074341, 21.8721408844, 13.8587226868, 8.03956031799, 6.78090572357, 6.98521852493, 6.08675813675, 7.45352602005, 6.20133972168, 3.58177566528, 2.52709102631, 1.65231025219, 2.07731413841, 1.63513326645, 1.02734088898, 0.508216023445, 0.279979526997, 0.0992969274521, 0.0176345705986, 0.00196021725424, 0.000332139839884, 6.67808344588e-05, 9.96104427031e-06, 6.64982826493e-06], "max": [1.22570407391, 4.76196956635, 13.2682361603, 26.8709125519, 56.5564308167, 94.3803787231, 327.090362549, 483.89364624, 516.678771973, 999.981872559, 1724.53601074, 2022.44494629, 1247.20361328, 1883.62512207, 1493.45275879, 1104.71166992, 1475.21557617, 1253.26928711, 705.054504395, 601.546142578, 560.329589844, 851.588256836, 287.302307129, 428.207336426, 612.501098633, 408.78817749, 295.960205078, 237.702438354, 384.630706787, 287.493621826, 244.504943848, 353.424499512, 207.961776733, 43.205329895, 3.64639925957, 0.465514779091, 0.0493370555341, 0.00909853447229, 0.00150932115503, 0.000161515999935], "var": [0.015496279113, 0.337841719389, 0.973531424999, 5.28576087952, 18.9521636963, 76.094291687, 547.452880859, 1138.36450195, 2001.83410645, 5231.52490234, 18450.3867188, 21153.9355469, 7124.41015625, 8230.12011719, 18286.5527344, 12747.6806641, 11575.3476563, 9298.07324219, 2980.35327148, 2034.10388184, 1081.26635742, 2213.42431641, 580.108215332, 1135.93334961, 1085.17700195, 485.340393066, 197.893325806, 78.4170379639, 186.769683838, 139.280853271, 111.435897827, 67.5914993286, 19.9608058929, 1.06670558453, 0.0160997044295, 0.000196952008992, 3.07193431581e-06, 8.56783799463e-08, 1.57621526942e-09, 3.19956755535e-10], "mean": [0.114761978388, 0.760968923569, 1.06950366497, 1.84004938602, 3.11330318451, 7.60157442093, 17.9210720062, 23.1400680542, 30.4213542938, 34.8716888428, 70.5563201904, 70.2169418335, 45.4531097412, 48.3146514893, 69.940284729, 65.8971405029, 56.170009613, 47.6316680908, 30.3047180176, 19.2056827545, 15.8235464096, 17.9086380005, 14.4329881668, 18.2408046722, 15.5751399994, 9.01704692841, 5.82053375244, 3.4549844265, 4.84831619263, 3.719799757, 2.14287161827, 0.996332526207, 0.531578481197, 0.218821391463, 0.0425840765238, 0.00481259636581, 0.000838396372274, 0.000150401436258, 2.82433102257e-05, 3.25217333739e-05]}, "spectral_strongpeak": {"dmean2": 1.2511395216, "median": 1.08693051338, "min": 0, "dvar2": 2.35593152046, "dvar": 0.977000653744, "dmean": 0.757288455963, "max": 13.2739973068, "var": 2.53998613358, "mean": 1.57486689091}, "spectral_energy": {"dmean2": 0.00857763923705, "median": 0.0250420309603, "min": 1.04002541249e-20, "dvar2": 7.60170951253e-05, "dvar": 3.21489751514e-05, "dmean": 0.00560032157227, "max": 0.0913652703166, "var": 0.000202085677302, "mean": 0.0268428251147}, "average_loudness": 0.938784837723, "spectral_rolloff": {"dmean2": 384.670928955, "median": 1012.06054688, "min": 43.06640625, "dvar2": 650809.5, "dvar": 293987.53125, "dmean": 223.71987915, "max": 19186.0839844, "var": 1437079.375, "mean": 1175.75646973}, "spectral_centroid": {"dmean2": 241.225616455, "median": 1001.36962891, "min": 192.07472229, "dvar2": 101564.070313, "dvar": 50148.59375, "dmean": 158.24017334, "max": 10711.0556641, "var": 374250.28125, "mean": 1085.43334961}, "pitch_salience": {"dmean2": 0.0923928767443, "median": 0.569828629494, "min": 0.0403962992132, "dvar2": 0.00609642220661, "dvar": 0.00239850231446, "dmean": 0.0578320883214, "max": 0.856377959251, "var": 0.0113434623927, "mean": 0.563345372677}, "spectral_energyband_middle_high": {"dmean2": 0.00347161130048, "median": 0.00426711235195, "min": 1.58349006236e-21, "dvar2": 2.65852995653e-05, "dvar": 1.10673863674e-05, "dmean": 0.0022473258432, "max": 0.0635780021548, "var": 8.46925249789e-05, "mean": 0.00817853212357}, "spectral_contrast_coeffs": {"dmean2": [0.0674972087145, 0.0794603526592, 0.0623258911073, 0.0478546060622, 0.0335225686431, 0.0275019593537], "median": [-0.685460925102, -0.669455766678, -0.746771872044, -0.761130809784, -0.772891521454, -0.763005375862], "min": [-0.962236166, -0.96268928051, -0.963203668594, -0.968660116196, -0.967081546783, -0.958046734333], "dvar2": [0.00295148417354, 0.00399556662887, 0.00234920508228, 0.00142998876981, 0.000714765919838, 0.000655125710182], "dvar": [0.00114286108874, 0.00151567079592, 0.000912619580049, 0.000586110108998, 0.000331574992742, 0.000308009766741], "dmean": [0.0414920449257, 0.0489314235747, 0.0381130687892, 0.0294458027929, 0.0215602256358, 0.0179964546114], "max": [-0.317926466465, -0.373666763306, -0.406780719757, -0.529281973839, -0.558452486992, -0.564178287983], "var": [0.00547735020518, 0.00726607488468, 0.00588390370831, 0.00476222019643, 0.0033872500062, 0.00294021703303], "mean": [-0.682422697544, -0.667157709599, -0.736266136169, -0.758322119713, -0.768631517887, -0.755328118801]}, "melbands_skewness": {"dmean2": 0.706801950932, "median": 1.11791086197, "min": -1.51020205021, "dvar2": 0.702434182167, "dvar": 0.289347022772, "dmean": 0.458574146032, "max": 24.5321674347, "var": 3.12031126022, "mean": 1.43234801292}, "spectral_spread": {"dmean2": 452523.9375, "median": 3150155.5, "min": 1040063, "dvar2": 356659986432, "dvar": 246144024576, "dmean": 302729.28125, "max": 39747092, "var": 1428364197890.0, "mean": 3371544.75}, "dissonance": {"dmean2": 0.0485251247883, "median": 0.453420460224, "min": 0.148013934493, "dvar2": 0.00182751670945, "dvar": 0.00066396483453, "dmean": 0.0286299120635, "max": 0.500000119209, "var": 0.00194807164371, "mean": 0.44252884388}, "spectral_skewness": {"dmean2": 0.482363522053, "median": 1.79064154625, "min": -0.19699023664, "dvar2": 0.225709453225, "dvar": 0.0905170217156, "dmean": 0.29798167944, "max": 8.57918930054, "var": 0.740829646587, "mean": 1.93019378185}, "spectral_flux": {"dmean2": 0.0300667677075, "median": 0.0764881819487, "min": 1.01981638412e-10, "dvar2": 0.000758670736104, "dvar": 0.000308171001961, "dmean": 0.0186272505671, "max": 0.238050788641, "var": 0.00128191302065, "mean": 0.079857878387}, "spectral_contrast_valleys": {"dmean2": [0.520698308945, 0.518684566021, 0.438112854958, 0.38410115242, 0.309942752123, 0.293441981077], "median": [-7.02030897141, -6.58242988586, -7.27902460098, -7.91751289368, -7.93531703949, -10.8302135468], "min": [-27.2462215424, -27.0092220306, -27.1529312134, -27.1411209106, -27.1141166687, -27.2361125946], "dvar2": [0.191377535462, 0.177858367562, 0.120874412358, 0.115129120648, 0.112844765186, 0.106704555452], "dvar": [0.0899029374123, 0.0793692916632, 0.0597759336233, 0.0612506195903, 0.0680197179317, 0.0702238157392], "dmean": [0.321883797646, 0.317060828209, 0.270682692528, 0.243586868048, 0.214293420315, 0.21678288281], "max": [-5.75811290741, -4.775826931, -5.01430702209, -5.96373939514, -5.71288013458, -7.36101055145], "var": [0.95070874691, 1.12674081326, 1.53684043884, 1.44525742531, 1.23588299751, 1.01467049122], "mean": [-7.21020793915, -6.75095272064, -7.27731275558, -8.08365631104, -8.07263278961, -10.9051675797]}, "erbbands_flatness_db": {"dmean2": 0.0247497800738, "median": 0.214388310909, "min": 0.0316936634481, "dvar2": 0.000473562598927, "dvar": 0.000225489260629, "dmean": 0.0164524931461, "max": 0.416336834431, "var": 0.00172433431726, "mean": 0.216219112277}, "spectral_energyband_high": {"dmean2": 0.000241579124122, "median": 0.000141386961332, "min": 7.39670639079e-21, "dvar2": 5.08091545726e-07, "dvar": 3.20385026953e-07, "dmean": 0.000171914565726, "max": 0.0226526129991, "var": 1.43675140407e-06, "mean": 0.000467820442282}, "spectral_entropy": {"dmean2": 0.228916078806, "median": 7.20195913315, "min": 4.0450668335, "dvar2": 0.0507863946259, "dvar": 0.0256833769381, "dmean": 0.153911083937, "max": 9.81198596954, "var": 0.311003953218, "mean": 7.09551811218}, "silence_rate_20dB": {"dmean2": 0, "median": 1, "min": 1, "dvar2": 0, "dvar": 0, "dmean": 0, "max": 1, "var": 0, "mean": 1}, "melbands_flatness_db": {"dmean2": 0.0278095658869, "median": 0.22075548768, "min": 0.00802474282682, "dvar2": 0.000767605786677, "dvar": 0.000367835775251, "dmean": 0.0188250467181, "max": 0.607587456703, "var": 0.00716124568135, "mean": 0.239329472184}, "barkbands": {"dmean2": [0.000115744034701, 0.00193666247651, 0.0005441037938, 0.000609615293797, 0.00146714481525, 0.00214831507765, 0.00181804189924, 0.00255200942047, 0.00255344808102, 0.00133245834149, 0.00132630439475, 0.00149004813284, 0.00100150669459, 0.000698059506249, 0.000358430406777, 0.000203914023587, 0.000223490264034, 0.000207735720323, 0.000244500028202, 0.000127309293021, 7.70777769503e-05, 8.27321200632e-05, 5.59195250389e-05, 2.34359285969e-05, 7.88192301115e-06, 3.27847544668e-07, 6.98018354228e-08], "median": [4.10512038798e-05, 0.00320225069299, 0.000490347854793, 0.000395916984417, 0.00133217917755, 0.00134535878897, 0.000912674819119, 0.00059003860224, 0.000616194738541, 0.000288116687443, 0.000238625943894, 0.000290501862764, 0.000238600667217, 0.000145611615153, 9.69292887021e-05, 7.84675648902e-05, 8.87240094016e-05, 9.3571972684e-05, 9.63245111052e-05, 4.59034272353e-05, 2.83041517832e-05, 2.28565713769e-05, 1.56526730279e-05, 7.92851460574e-06, 2.85319629256e-06, 2.2822256085e-07, 3.9048480005e-08], "min": [1.02300113278e-23, 7.04004526042e-23, 8.69566740079e-24, 2.60199711135e-23, 1.20846588147e-23, 1.90599996526e-23, 1.05247764625e-22, 8.76677342952e-23, 7.74201092812e-23, 5.9724229994e-23, 5.22004028461e-23, 1.12981643344e-22, 2.49801672435e-23, 8.47884740327e-23, 1.26437527794e-22, 1.4647205781e-22, 2.12157968411e-22, 1.36160080679e-22, 5.04788735859e-22, 2.37879125325e-22, 4.77040521963e-22, 4.99320882178e-22, 5.60723139225e-22, 8.32565263496e-22, 9.68457346038e-22, 1.57145242359e-21, 2.50445591193e-21], "dvar2": [9.74385443442e-08, 7.8688526628e-06, 9.73601686383e-07, 1.00696729533e-06, 3.83152064387e-06, 1.23997187984e-05, 1.03522061181e-05, 2.56234689004e-05, 2.79168434645e-05, 7.64105516282e-06, 9.75495640887e-06, 1.06988045445e-05, 4.91878745379e-06, 2.42250575866e-06, 7.23529751667e-07, 2.33811064732e-07, 3.62952960131e-07, 1.8151678205e-07, 3.15156313491e-07, 1.3217039907e-07, 4.7047077345e-08, 6.96390216604e-08, 8.33625364294e-08, 2.97980