{"tonal": {"thpcp": [1, 0.572134912014, 0.213517382741, 0.166673496366, 0.159431889653, 0.289940714836, 0.445792585611, 0.333067059517, 0.134834095836, 0.0878397226334, 0.122517667711, 0.253516793251, 0.490463316441, 0.552636146545, 0.696946620941, 0.938026309013, 0.693980455399, 0.339265078306, 0.233810141683, 0.21422933042, 0.416043639183, 0.690960347652, 0.512018918991, 0.304601043463, 0.263818949461, 0.164374187589, 0.327091783285, 0.552852272987, 0.431760340929, 0.316432118416, 0.348023444414, 0.246601074934, 0.191315427423, 0.241510078311, 0.305351018906, 0.722060382366], "hpcp": {"dmean2": [0.184056088328, 0.10725069046, 0.0842059925199, 0.0891242101789, 0.105901785195, 0.120079509914, 0.113861262798, 0.0657900869846, 0.0519136190414, 0.0730714201927, 0.118245542049, 0.156846165657, 0.185717612505, 0.250657021999, 0.251467108727, 0.203847780824, 0.160521700978, 0.129161849618, 0.113148726523, 0.136739417911, 0.160540908575, 0.145169854164, 0.152443751693, 0.143855705857, 0.0878061801195, 0.12983378768, 0.165270283818, 0.156029388309, 0.137504637241, 0.126294434071, 0.110565818846, 0.108510106802, 0.118939310312, 0.148050948977, 0.230714336038, 0.212931275368], "median": [0.05039107427, 0.0101226614788, 0.00648831343278, 0.00590217858553, 0.0103312889114, 0.0158259812742, 0.0133192539215, 0.00636843778193, 0.00367595534772, 0.00325119169429, 0.0120270038024, 0.0248410701752, 0.0380997173488, 0.0599051117897, 0.0546865463257, 0.0358623601496, 0.0103258173913, 0.00590173155069, 0.00562650291249, 0.0297024678439, 0.0488214232028, 0.0365715622902, 0.0104711707681, 0.00635857786983, 0.00607788423076, 0.012922170572, 0.0221647880971, 0.0249130800366, 0.0137093523517, 0.0071738678962, 0.0041837412864, 0.00659520179033, 0.00877757370472, 0.0162123627961, 0.0608897209167, 0.0874715521932], "min": [0, 0, 0, 0, 0, 0, 0, 0, 0, 0, 0, 0, 0, 0, 0, 0, 0, 0, 0, 0, 0, 0, 0, 0, 0, 0, 0, 0, 0, 0, 0, 0, 0, 0, 0, 0], "dvar2": [0.077952452004, 0.0526986084878, 0.0443770848215, 0.0501432083547, 0.0577094256878, 0.0584999509156, 0.0564354173839, 0.0318528972566, 0.026673713699, 0.0472593642771, 0.0720521807671, 0.0782994180918, 0.0855426341295, 0.123764716089, 0.131762012839, 0.0983322560787, 0.086569622159, 0.0786149203777, 0.0678523406386, 0.0559967644513, 0.0686874240637, 0.0545525811613, 0.110255531967, 0.121852599084, 0.0399869196117, 0.0663136914372, 0.0904982462525, 0.077947460115, 0.0757441148162, 0.0839673876762, 0.0717220380902, 0.0704496875405, 0.0710541158915, 0.0731833204627, 0.103728979826, 0.0970873087645], "dvar": [0.0281998123974, 0.0187164712697, 0.0158409867436, 0.0176819767803, 0.0217907037586, 0.0245802626014, 0.0222092308104, 0.0120661193505, 0.00943171326071, 0.0172492619604, 0.0251287128776, 0.0311244018376, 0.0344239547849, 0.0451114140451, 0.0539382211864, 0.0376069098711, 0.0318784788251, 0.0286062750965, 0.0250636078417, 0.021780082956, 0.029956003651, 0.0221140161157, 0.0381347164512, 0.0421236343682, 0.0144253363833, 0.0245417691767, 0.0354332849383, 0.0289607997984, 0.0272789057344, 0.0316198803484, 0.025639846921, 0.0241440292448, 0.0263709630817, 0.0273489449173, 0.0399810634553, 0.0411192364991], "dmean": [0.109279237688, 0.0605914853513, 0.0477470308542, 0.049614906311, 0.0612339526415, 0.0720397308469, 0.0669178217649, 0.0377517566085, 0.0290899723768, 0.0410001687706, 0.0675968304276, 0.0934526920319, 0.108554713428, 0.145167097449, 0.144119232893, 0.120320357382, 0.0907967537642, 0.0729893967509, 0.0640314891934, 0.0816563516855, 0.0995591506362, 0.0876531004906, 0.0848812833428, 0.0782406702638, 0.0499701164663, 0.0759172067046, 0.098831936717, 0.0917396247387, 0.0791042074561, 0.0725874528289, 0.0626452565193, 0.0603671818972, 0.0677459388971, 0.0849133431911, 0.134905725718, 0.126827910542], "max": [1, 1, 1, 1, 1, 1, 1, 1, 1, 1, 1, 1, 1, 1, 1, 1, 1, 1, 1, 1, 1, 1, 1, 1, 1, 1, 1, 1, 1, 1, 1, 1, 1, 1, 1, 1], "var": [0.0539191961288, 0.0227953549474, 0.0183708462864, 0.0171820055693, 0.0383976474404, 0.0677346587181, 0.0419239848852, 0.0130876125768, 0.00757485255599, 0.015985801816, 0.026896411553, 0.0644282177091, 0.0711602494121, 0.0735228210688, 0.13643027842, 0.0883080139756, 0.0434880368412, 0.0297220982611, 0.0278470460325, 0.0400731600821, 0.0936259701848, 0.0577656514943, 0.0426569581032, 0.0433103218675, 0.014872180298, 0.0376541614532, 0.0813506022096, 0.0504510253668, 0.0386386737227, 0.0592064373195, 0.0352135039866, 0.0217212438583, 0.0310626272112, 0.0333814695477, 0.0792222693563, 0.135039418936], "mean": [0.166999056935, 0.0623230673373, 0.048649918288, 0.0465361848474, 0.084630087018, 0.130121305585, 0.0972181260586, 0.0393563956022, 0.025639321655, 0.0357613824308, 0.0739983990788, 0.143160134554, 0.161307618022, 0.203430041671, 0.273798197508, 0.202564254403, 0.0990272536874, 0.068246267736, 0.062530875206, 0.121437959373, 0.201682731509, 0.149451956153, 0.0889092534781, 0.0770054683089, 0.0479787774384, 0.0954740196466, 0.161370694637, 0.126025468111, 0.0923625975847, 0.101583711803, 0.0719797834754, 0.055842589587, 0.0704937875271, 0.0891281589866, 0.210760429502, 0.291887551546]}, "tuning_equal_tempered_deviation": 0.325042456388, "chords_changes_rate": 0.047619048506, "key_key": "C#", "tuning_diatonic_strength": 0.747741937637, "key_scale": "major", "chords_number_rate": 0.00327538419515, "tuning_frequency": 446.399932861, "tuning_nontempered_energy_ratio": 0.980684280396, "chords_histogram": [34.0891914368, 5.71932458878, 24.3638191223, 0.629881560802, 2.36835479736, 0.478709995747, 1.00781047344, 0, 2.2171831131, 0, 0.70546734333, 2.36835479736, 0.151171579957, 0.226757362485, 0.629881560802, 1.81405889988, 1.86444950104, 3.80448484421, 0.932224750519, 0.100781053305, 0.201562106609, 3.60292267799, 4.53514719009, 8.18846035004], "key_strength": 0.931161880493, "chords_key": "C#", "chords_strength": {"dmean2": 0.00783686246723, "median": 0.539024055004, "min": 0.249364331365, "dvar2": 5.16452309967e-05, "dvar": 5.32962949364e-05, "dmean": 0.00903804879636, "max": 0.792149662971, "var": 0.00734326103702, "mean": 0.537914633751}, "chords_scale": "major", "hpcp_entropy": {"dmean2": 0.942587018013, "median": 1.6250346899, "min": 0.0341580919921, "dvar2": 0.611994206905, "dvar": 0.230720132589, "dmean": 0.559504389763, "max": 4.20816135406, "var": 0.465706437826, "mean": 1.59335052967}}, "metadata": {"audio_properties": {"equal_loudness": 0, "codec": "flac", "downmix": "mix", "sample_rate": 44100, "analysis_sample_rate": 44100, "bit_rate": 0, "md5_encoded": "eadefc2eeae265f8d732dd634267926f", "length": 184.240005493, "replay_gain": -3.95036888123, "lossless": true}, "version": {"essentia_build_sha": "70f2e5ece6736b2c40cc944ad0e695b16b925413", "essentia": "2.1-beta2", "extractor": "music 1.0", "essentia_git_sha": "v2.1_beta2"}, "tags": {"title": ["Cantata for soprano and basso continuo, RV 661, \"Nel partir da te, mio caro\": III. Aria \"Da quel volto sempre amato\""], "barcode": ["5028421923895"], "media": ["CD"], "albumartist": ["Antonio Vivaldi"], "tracktotal": ["21"], "musicbrainz_releasegroupid": ["644f5dde-b5f3-3cb6-909f-b95a1acb46c7"], "releasetype": ["album", "compilation"], "musicbrainz_recordingid": ["181162c4-9c7e-4421-a000-f2d6190bb3c1"], "acoustid_id": ["c46e92ac-00f3-467e-96d4-16351e5309b3"], "musicbrainz_albumartistid": ["ad79836d-9849-44df-8789-180bbc823f3c"], "musicbrainz_releasetrackid": ["f8b15242-6e89-34a9-90d7-addd3ff3c542"], "discnumber": ["32"], "album": ["The Masterworks"], "catalognumber": ["92389"], "releasecountry": ["NL"], "originaldate": ["2001"], "albumartistsort": ["Vivaldi, Antonio"], "date": ["2004"], "file_name": "15 - Cantata for soprano and basso continuo, RV 661, \"Nel partir da te, mio caro\": III. Aria \"Da quel volto sempre amato\".flac", "disctotal": ["40"], "discsubtitle": ["Cantatas for Soprano and Basso Continuo"], "musicbrainz_artistid": ["ad79836d-9849-44df-8789-180bbc823f3c"], "asin": ["B00062FLHY"], "musicbrainz_albumid": ["60af2508-679f-32e7-a582-d01e48450113"], "tracknumber": ["15"], "artistsort": ["Vivaldi, Antonio"], "artist": ["Antonio Vivaldi"], "label": ["Brilliant Classics"], "releasestatus": ["official"], "totaldiscs": ["40"], "script": ["Latn"], "totaltracks": ["21"]}}, "rhythm": {"bpm_histogram_first_peak_bpm": {"dmean2": 0, "median": 126, "min": 126, "dvar2": 0, "dvar": 0, "dmean": 0, "max": 126, "var": 0, "mean": 126}, "bpm": 126.118858337, "bpm_histogram_second_peak_spread": {"dmean2": 0, "median": 0.514285743237, "min": 0.514285743237, "dvar2": 0, "dvar": 0, "dmean": 0, "max": 0.514285743237, "var": 0, "mean": 0.514285743237}, "bpm_histogram_first_peak_weight": {"dmean2": 0, "median": 0.129287600517, "min": 0.129287600517, "dvar2": 0, "dvar": 0, "dmean": 0, "max": 0.129287600517, "var": 0, "mean": 0.129287600517}, "onset_rate": 2.81664228439, "beats_position": [0.476009070873, 0.952018141747, 1.4164172411, 1.86920630932, 2.32199549675, 2.77478456497, 3.23918366432, 3.70358276367, 4.1679816246, 4.6439909935, 5.10838985443, 5.5727891922, 6.03718805313, 6.5015873909, 6.96598625183, 7.44199514389, 7.91800451279, 8.39401340485, 8.87002277374, 9.4040813446, 9.93814086914, 10.47219944, 10.9946479797, 11.5170974731, 12.0395460129, 12.5619955063, 13.0960540771, 13.5836734772, 14.0945119858, 14.5821313858, 15.0697498322, 15.5573692322, 16.0449886322, 16.5790481567, 17.1131057739, 17.6587753296, 18.2044448853, 18.7617225647, 19.3190021515, 19.8762817383, 20.4103393555, 20.8863487244, 21.3739681244, 21.8615875244, 22.3492050171, 22.8368244171, 23.312833786, 23.7888431549, 24.2764625549, 24.764081955, 25.2516994476, 25.7509288788, 26.2617683411, 26.7609977722, 27.2602272034, 27.7594547272, 28.2586841583, 28.7463035583, 29.2455329895, 29.7331504822, 30.2207698822, 30.6967792511, 31.17278862, 31.6371879578, 32.1131973267, 32.5775947571, 33.111656189, 33.6457138062, 34.1797714233, 34.725440979, 35.2711105347, 35.8283882141, 36.362449646, 36.908115387, 37.3725166321, 37.8253059387, 38.2780952454, 38.730884552, 39.2068939209, 39.6829032898, 40.1589126587, 40.6116981506, 41.0877075195, 41.5521087646, 42.0048980713, 42.4692955017, 42.9336967468, 43.3980941772, 43.8508834839, 44.3268928528, 44.7912902832, 45.2324714661, 45.6968688965, 46.1148300171, 46.5443992615, 46.9739685059, 47.3919258118, 47.8214950562, 48.2278442383, 48.6341934204, 49.0405426025, 49.4352836609, 49.8300209045, 50.2247619629, 50.631111145, 51.0374603271, 51.4554176331, 51.8733787537, 52.2797279358, 52.6860771179, 53.0924263, 53.5219955444, 53.9515647888, 54.3811340332, 54.8223114014, 55.3215408325, 55.8207702637, 56.2967796326, 56.7727890015, 57.2487983704, 57.736415863, 58.2008171082, 58.6768226624, 59.1528320312, 59.6520614624, 60.1396827698, 60.6273002625, 61.1149177551, 61.6025390625, 62.0901565552, 62.5777778625, 63.0653953552, 63.5530128479, 64.0406341553, 64.5282516479, 65.0274810791, 65.5034942627, 65.9911117554, 66.478729248, 66.9431304932, 67.4075241089, 67.871925354, 68.3363265991, 68.7891159058, 69.2419052124, 69.694694519, 70.1590881348, 70.6234893799, 71.0762786865, 71.5406799316, 71.9934692383, 72.4462585449, 72.9803161621, 73.5143737793, 74.060043335, 74.6057128906, 75.1629943848, 75.789932251, 76.4052581787, 77.0089797974, 77.5430374146, 78.0654830933, 78.5995483398, 79.1219940186, 79.6444396973, 80.1552810669, 80.6661224365, 81.1885681152, 81.6994094849, 82.198638916, 82.6862564087, 83.1738739014, 83.661491394, 84.1723327637, 84.7180023193, 85.2520599365, 85.7745132446, 86.2853469849, 86.7961883545, 87.3186416626, 87.8643035889, 88.3983688354, 88.9324264526, 89.4084320068, 89.8844451904, 90.3488388062, 90.8712921143, 91.393737793, 91.9161911011, 92.4386367798, 92.972694397, 93.5067520142, 94.0408172607, 94.5632629395, 95.0857162476, 95.6081619263, 96.1422195435, 96.6530609131, 97.1755065918, 97.6863479614, 98.1275253296, 98.5570983887, 98.9866638184, 99.4162368774, 99.8225860596, 100.240539551, 100.658500671, 101.076461792, 101.494422913, 101.912376404, 102.330337524, 102.829566956, 103.340408325, 103.839637756, 104.350471497, 104.861312866, 105.360542297, 105.836547852, 106.324172974, 106.811790466, 107.287796021, 107.763809204, 108.251426697, 108.739044189, 109.226661682, 109.702674866, 110.201904297, 110.701133728, 111.200363159, 111.711196899, 112.222038269, 112.732879639, 113.197273254, 113.6616745, 114.149291992, 114.613693237, 115.066482544, 115.519271851, 115.94884491, 116.378410339, 116.807983398, 117.237548828, 117.667114258, 118.096687317, 118.514648438, 118.944213867, 119.373786926, 119.791740417, 120.221313477, 120.650878906, 121.092063904, 121.533241272, 121.951202393, 122.369155884, 122.798728943, 123.228294373, 123.646255493, 124.064216614, 124.482177734, 124.888526917, 125.294876099, 125.701225281, 126.107574463, 126.502311707, 126.89704895, 127.291786194, 127.686531067, 128.139312744, 128.592102051, 129.056503296, 129.544128418, 130.031738281, 130.519363403, 131.006988525, 131.48298645, 131.958999634, 132.423400879, 132.887802124, 133.352203369, 133.816589355, 134.269378662, 134.722167969, 135.186569214, 135.650970459, 136.115371704, 136.591384888, 137.137054443, 137.671112061, 138.228393555, 138.78565979, 139.342941284, 139.900222778, 140.457504272, 141.014785767, 141.455963135, 141.885528564, 142.315093994, 142.756271362, 143.197463989, 143.661849976, 144.114639282, 144.579040527, 145.055053711, 145.531066895, 146.018676758, 146.50630188, 146.993927002, 147.446716309, 147.887893677, 148.340682983, 148.781860352, 149.211425781, 149.640991211, 150.082168579, 150.523345947, 150.952926636, 151.382492065, 151.823669434, 152.253234863, 152.70602417, 153.135604858, 153.55355835, 153.983123779, 154.424301147, 154.877090454, 155.329879761, 155.771057129, 156.200637817, 156.641815186, 157.082992554, 157.512557983, 157.942123413, 158.371704102, 158.789657593, 159.265670776, 159.730072021, 160.194458008, 160.658859253, 161.123260498, 161.587661743, 162.052062988, 162.539672852, 163.027297974, 163.503311157, 163.979324341, 164.455322266, 164.931335449, 165.407348633, 165.883346558, 166.347747803, 166.812149048, 167.276550293, 167.752563477, 168.228561401, 168.704574585, 169.180587769, 169.656600952, 170.132598877, 170.608612061, 171.084625244, 171.572235107, 172.059860229, 172.582305908, 173.104751587, 173.627212524, 174.17288208, 174.718551636, 175.35710144, 175.984039307, 176.610977173, 177.249526978, 177.888076782, 178.549835205, 179.211608887, 179.931427002, 180.651245117, 181.371063232, 182.090881348, 182.810699463, 183.530517578], "beats_loudness": {"dmean2": 0.0229679793119, "median": 0.00274281296879, "min": 9.57598587092e-08, "dvar2": 0.00171025691088, "dvar": 0.000679465651046, "dmean": 0.0131316790357, "max": 0.210645914078, "var": 0.000711486209184, "mean": 0.0126743828878}, "danceability": 0.936566948891, "bpm_histogram_second_peak_weight": {"dmean2": 0, "median": 0.0897097662091, "min": 0.0897097662091, "dvar2": 0, "dvar": 0, "dmean": 0, "max": 0.0897097662091, "var": 0, "mean": 0.0897097662091}, "beats_count": 380, "bpm_histogram_second_peak_bpm": {"dmean2": 0, "median": 140, "min": 140, "dvar2": 0, "dvar": 0, "dmean": 0, "max": 140, "var": 0, "mean": 140}, "bpm_histogram_first_peak_spread": {"dmean2": 0, "median": 0.664383530617, "min": 0.664383530617, "dvar2": 0, "dvar": 0, "dmean": 0, "max": 0.664383530617, "var": 0, "mean": 0.664383530617}, "beats_loudness_band_ratio": {"dmean2": [0.251210302114, 0.318805605173, 0.364517748356, 0.25632879138, 0.0838176906109, 0.0910432487726], "median": [0.0798695832491, 0.199489116669, 0.239903002977, 0.0926606506109, 0.0155954454094, 0.0176389366388], "min": [0.000152580512804, 0.000195350527065, 0.00209037493914, 0.000875628553331, 0.00027553117252, 0.000208167199162], "dvar2": [0.0832110345364, 0.0914716646075, 0.118620269001, 0.0750831514597, 0.0350560471416, 0.0580302961171], "dvar": [0.0316607952118, 0.0352310538292, 0.0401549674571, 0.0301314666867, 0.0123246302828, 0.0197094753385], "dmean": [0.141275033355, 0.183189153671, 0.208643347025, 0.156401276588, 0.0455702766776, 0.0482376813889], "max": [0.987117230892, 0.899811685085, 0.952204287052, 0.913151919842, 0.865448176861, 0.976649403572], "var": [0.058024302125, 0.0766199529171, 0.0588501133025, 0.0501491054893, 0.00740462029353, 0.0107478816062], "mean": [0.17829439044, 0.289843291044, 0.311641484499, 0.200288429856, 0.0381379388273, 0.0386033542454]}}, "lowlevel": {"barkbands_spread": {"dmean2": 5.67701625824, "median": 9.22883033752, "min": 0.25403046608, "dvar2": 75.5564575195, "dvar": 33.0466690063, "dmean": 3.65173316002, "max": 102.487876892, "var": 78.2427139282, "mean": 11.2848796844}, "melbands_spread": {"dmean2": 6.44360685349, "median": 11.1957464218, "min": 0.203317821026, "dvar2": 135.235778809, "dvar": 66.5323791504, "dmean": 4.18771409988, "max": 313.232421875, "var": 237.971847534, "mean": 13.6300172806}, "hfc": {"dmean2": 6.04878282547, "median": 1.0575363636, "min": 7.92843366071e-06, "dvar2": 414.588867188, "dvar": 185.822555542, "dmean": 3.98286604881, "max": 311.214508057, "var": 562.913757324, "mean": 9.27390861511}, "barkbands_kurtosis": {"dmean2": 11.95906353, "median": 4.65335178375, "min": -1.83189308643, "dvar2": 1404.375, "dvar": 499.464294434, "dmean": 7.23752641678, "max": 463.865325928, "var": 1330.62487793, "mean": 13.5076780319}, "gfcc": {"mean": [-199.165435791, 90.6566543579, -125.039375305, -0.41970577836, -72.2619171143, -9.02813339233, -35.6224365234, 0.294864147902, -31.4449062347, -4.38685750961, -16.867603302, -11.2110719681, -16.5447597504], "icov": [[0.000148423001519, 3.79747871193e-05, 0.000228959543165, 0.000105164399429, 0.000305532099446, 2.94724541163e-05, 0.000317997968523, -0.000233815881074, 0.00051948800683, -6.44941683277e-05, 0.000325554865412, 0.000142245087773, 0.0003433910897], [3.79747871193e-05, 0.00144495989662, 0.000224033181439, -0.000373586488422, -0.000310123694362, 0.000984228216112, -0.00146503222641, 0.00178788066842, -0.001557518146, 0.0017400191864, -0.000764368392993, -5.1668172091e-05, 0.000322047097143], [0.000228959543165, 0.000224033181439, 0.00221135932952, -0.000603634514846, -0.000588184979279, -0.000647512439173, 0.000102669328044, 2.50992543442e-05, 0.000863241555635, -0.000867729308084, 0.00193989055697, -0.00273678102531, 0.00147573847789], [0.000105164399429, -0.000373586488422, -0.000603634514846, 0.00357940793037, -0.000223383685807, -0.000659842975438, 0.00131101801526, -0.000491688202601, -0.000222508635488, 0.00050480873324, -0.000392838381231, 0.000823748472612, -0.00176239165012], [0.000305532099446, -0.000310123694362, -0.000588184979279, -0.000223383685807, 0.00524886418134, -0.0004191318003, -0.000682554207742, -0.00188727630302, 0.00027932607918, -0.000679462042172, 0.000789486046415, 0.00180457159877, 0.00057949841721], [2.94724541163e-05, 0.000984228216112, -0.000647512439173, -0.000659842975438, -0.0004191318003, 0.00779714249074, -0.0035675293766, 0.00125826336443, -0.000379154400434, -0.000668121501803, 0.00123457459267, 0.000256179337157, 0.00104453554377], [0.000317997968523, -0.00146503222641, 0.000102669328044, 0.00131101801526, -0.000682554207742, -0.0035675293766, 0.00980451889336, -0.00402395008132, 0.00302497507073, 0.00144414801616, -0.00388611457311, 0.0017611188814, 0.000147328217281], [-0.000233815881074, 0.00178788066842, 2.50992543442e-05, -0.000491688202601, -0.00188727630302, 0.00125826336443, -0.00402395008132, 0.0112766232342, -0.00516266003251, 0.00096415518783, -0.00107468746137, -1.11013368951e-05, 0.000435437570559], [0.00051948800683, -0.001557518146, 0.000863241555635, -0.000222508635488, 0.00027932607918, -0.000379154400434, 0.00302497507073, -0.00516266003251, 0.0111855817959, -0.00620413897559, 0.00407384848222, 0.00152053055353, -0.00108031241689], [-6.44941683277e-05, 0.0017400191864, -0.000867729308084, 0.00050480873324, -0.000679462042172, -0.000668121501803, 0.00144414801616, 0.00096415518783, -0.00620413897559, 0.0161780975759, -0.00686086574569, 0.000386816100217, 0.000866994960234], [0.000325554865412, -0.000764368392993, 0.00193989055697, -0.000392838381231, 0.000789486046415, 0.00123457459267, -0.00388611457311, -0.00107468746137, 0.00407384848222, -0.00686086574569, 0.0111503256485, -0.00276641943492, 0.00259067607112], [0.000142245087773, -5.1668172091e-05, -0.00273678102531, 0.000823748472612, 0.00180457159877, 0.000256179337157, 0.0017611188814, -1.11013368951e-05, 0.00152053055353, 0.000386816100217, -0.00276641943492, 0.011706375517, -0.0055218860507], [0.0003433910897, 0.000322047097143, 0.00147573847789, -0.00176239165012, 0.00057949841721, 0.00104453554377, 0.000147328217281, 0.000435437570559, -0.00108031241689, 0.000866994960234, 0.00259067607112, -0.0055218860507, 0.012276660651]], "cov": [[29024.4472656, -2128.74560547, -4105.90820312, -1942.99157715, -2194.35961914, -792.027282715, -1039.76794434, -325.751434326, -1245.18505859, -380.154052734, -329.742492676, -947.84564209, -785.842529297], [-2128.74560547, 1702.53808594, -288.521636963, 104.43901825, 195.573577881, -68.1951904297, 371.290313721, -60.8762741089, 95.7213592529, -93.0771789551, 240.009368896, -85.9275054932, -15.4698619843], [-4105.90820312, -288.521636963, 1706.32434082, 444.051483154, 315.2081604, 214.216598511, -93.5569152832, -2.10359406471, 127.222015381, 63.1837730408, -211.403091431, 391.881439209, 176.74961853], [-1942.99157715, 104.43901825, 444.051483154, 500.274261475, 147.525512695, 54.8833427429, -48.9358177185, 10.6475400925, 127.530052185, 9.494805336, -73.832649231, 103.7811203, 131.435272217], [-2194.35961914, 195.573577881, 315.2081604, 147.525512695, 435.964111328, 107.643249512, 159.851516724, 100.637557983, 118.352668762, 44.026512146, 31.3728694916, -12.3546085358, -0.561044812202], [-792.027282715, -68.1951904297, 214.216598511, 54.8833427429, 107.643249512, 210.163894653, 94.2909011841, 29.5750923157, 13.3488941193, 24.6171741486, 4.63974237442, 11.445400238, -15.4666633606], [-1039.76794434, 371.290313721, -93.5569152832, -48.9358177185, 159.851516724, 94.2909011841, 378.443359375, 77.0344619751, -29.7658519745, 4.63673400879, 201.574905396, -72.9672698975, -77.5810394287], [-325.751434326, -60.8762741089, -2.10359406471, 10.6475400925, 100.637557983, 29.5750923157, 77.0344619751, 167.937698364, 75.2261047363, 36.5830764771, 28.9472999573, -39.4001502991, -21.4519634247], [-1245.18505859, 95.7213592529, 127.222015381, 127.530052185, 118.352668762, 13.3488941193, -29.7658519745, 75.2261047363, 253.273193359, 62.1167831421, -54.8439178467, 0.929276108742, 56.1915054321], [-380.154052734, -93.0771789551, 63.1837730408, 9.494805336, 44.026512146, 24.6171741486, 4.63673400879, 36.5830764771, 62.1167831421, 117.493415833, 46.309627533, 5.06765508652, -9.00757026672], [-329.742492676, 240.009368896, -211.403091431, -73.832649231, 31.3728694916, 4.63974237442, 201.574905396, 28.9472999573, -54.8439178467, 46.309627533, 276.023132324, -36.8237609863, -70.4883270264], [-947.84564209, -85.9275054932, 391.881439209, 103.7811203, -12.3546085358, 11.445400238, -72.9672698975, -39.4001502991, 0.929276108742, 5.06765508652, -36.8237609863, 237.712295532, 112.855003357], [-785.842529297, -15.4698619843, 176.74961853, 131.435272217, -0.561044812202, -15.4666633606, -77.5810394287, -21.4519634247, 56.1915054321, -9.00757026672, -70.4883270264, 112.855003357, 175.714538574]]}, "spectral_energyband_middle_low": {"dmean2": 0.0035668623168, "median": 0.00115858251229, "min": 1.97579153038e-09, "dvar2": 9.43600025494e-05, "dvar": 4.20503529313e-05, "dmean": 0.0023340517655, "max": 0.211663246155, "var": 0.000153068933287, "mean": 0.00507749058306}, "melbands_crest": {"dmean2": 5.90505599976, "median": 16.1164245605, "min": 3.49877071381, "dvar2": 27.8862571716, "dvar": 11.0215320587, "dmean": 3.67753791809, "max": 39.1711196899, "var": 44.134059906, "mean": 17.3224258423}, "spectral_kurtosis": {"dmean2": 4.45083856583, "median": 5.83513069153, "min": -0.95351266861, "dvar2": 37.4419746399, "dvar": 13.1778049469, "dmean": 2.5957877636, "max": 81.9135360718, "var": 33.708366394, "mean": 7.59880781174}, "spectral_rms": {"dmean2": 0.000618919439148, "median": 0.00126062764321, "min": 4.46429521617e-06, "dvar2": 1.25706503695e-06, "dvar": 5.93178526742e-07, "dmean": 0.00041980665992, "max": 0.0155080119148, "var": 5.0969692893e-06, "mean": 0.00203746161424}, "zerocrossingrate": {"dmean2": 0.0103134177625, "median": 0.044921875, "min": 0.00048828125, "dvar2": 0.000177095556865, "dvar": 0.000149296218297, "dmean": 0.00851215422153, "max": 0.42138671875, "var": 0.000987355248071, "mean": 0.0491780303419}, "silence_rate_60dB": {"dmean2": 0.0897403582931, "median": 1, "min": 0, "dvar2": 0.090512342751, "dvar": 0.0428528264165, "dmean": 0.0448645241559, "max": 1, "var": 0.231900438666, "mean": 0.634576618671}, "erbbands_kurtosis": {"dmean2": 3.01956677437, "median": 1.30012273788, "min": -1.8353511095, "dvar2": 31.3983211517, "dvar": 13.8274583817, "dmean": 1.87078678608, "max": 127.223388672, "var": 28.4272212982, "mean": 2.39538240433}, "erbbands": {"dmean2": [7.98970941105e-05, 0.00212314724922, 0.0269411914051, 0.096684075892, 0.532534003258, 0.631900966167, 1.39089357853, 1.037758708, 1.67651772499, 7.88463115692, 45.8049812317, 32.3770141602, 34.2133102417, 8.0218744278, 21.6069011688, 101.933837891, 48.8678474426, 21.3359527588, 15.0868549347, 7.58401298523, 1.6552567482, 1.45875644684, 4.65840816498, 3.88600182533, 6.37995672226, 4.54095077515, 0.633151829243, 0.0994445085526, 0.103154100478, 0.0928623229265, 0.0625504925847, 0.0659035742283, 0.035408552736, 0.0336582660675, 0.0208089817315, 0.0135013787076, 0.00665870727971, 0.00144238129724, 0.000230228746659, 1.66920926858e-05], "median": [4.67906356789e-05, 0.000480978633277, 0.00793476589024, 0.0646553561091, 0.22148886323, 0.415882885456, 0.533988118172, 0.574306249619, 0.716876327991, 0.782112717628, 2.27379918098, 1.56957769394, 0.958845019341, 0.933313429356, 0.596632897854, 0.359518229961, 0.438516914845, 0.428034752607, 0.4190107584, 0.315030634403, 0.243914082646, 0.27335396409, 0.331806838512, 0.229682892561, 0.231128245592, 0.270137727261, 0.180311173201, 0.101339623332, 0.0931835919619, 0.0802254080772, 0.0470403060317, 0.0330645591021, 0.0167993549258, 0.0114885186777, 0.00508611649275, 0.0017321750056, 0.000541717919987, 6.25033280812e-05, 1.19664564409e-05, 4.46832973466e-06], "min": [1.11281089232e-07, 2.43978149683e-07, 4.69603349984e-07, 7.98129576651e-07, 7.66866833146e-07, 1.28388501253e-06, 8.47067212817e-07, 5.31270131887e-07, 7.41113865388e-07, 8.22489369057e-07, 7.32842522666e-07, 2.85158904489e-07, 4.04077326266e-07, 5.33311265372e-07, 4.26690860422e-07, 4.58448312202e-07, 4.79886239191e-07, 4.08368492799e-07, 5.97022562943e-07, 6.17499267719e-07, 6.65249615395e-07, 5.88921693634e-07, 4.95676147239e-07, 7.38798576094e-07, 8.40340646846e-07, 7.40821519685e-07, 6.06538776537e-07, 7.33708759526e-07, 6.43493478947e-07, 5.90578736137e-07, 6.06592436725e-07, 5.20287869676e-07, 4.925886401e-07, 3.86111082662e-07, 2.22733916644e-07, 1.64922326462e-07, 8.09653428746e-08, 3.64411114617e-08, 9.78212622016e-09, 1.09040299012e-09], "dvar2": [1.68179532523e-08, 7.97809552751e-05, 0.0108571890742, 0.060276761651, 2.1849770546, 1.72917997837, 11.3550834656, 5.81049203873, 17.9756317139, 575.064086914, 25029.8242188, 14930.578125, 57254.2890625, 1341.49523926, 14010.3818359, 232256.015625, 97199.296875, 58716.5195312, 28336.5957031, 4543.68310547, 85.4145050049, 85.2953872681, 1508.78662109, 289.612060547, 1177.75805664, 405.648712158, 4.43727731705, 0.0473000667989, 0.0428551808, 0.0469687245786, 0.019005715847, 0.0237541329116, 0.00900032091886, 0.00562938069925, 0.00169148179702, 0.000810697732959, 0.000222674236284, 1.02212025013e-05, 3.1588336924e-07, 1.03700870113e-09], "dvar": [1.35353230846e-08, 8.60833170009e-05, 0.0110274283215, 0.0237769298255, 0.890658557415, 0.890894114971, 5.94229412079, 2.75387430191, 7.04270219803, 248.173446655, 11390.9707031, 5596.99951172, 28088.6542969, 601.825134277, 5760.31054688, 102740.210938, 40186.2226562, 23841.8066406, 9500.09570312, 1570.4753418, 43.8717308044, 33.3653297424, 626.395141602, 113.147674561, 566.897766113, 185.975097656, 1.95398795605, 0.0207121036947, 0.0195172317326, 0.0186686255038, 0.00804778840393, 0.0110806599259, 0.00462053203955, 0.00263079674914, 0.000728455255739, 0.000345520820701, 9.00001396076e-05, 3.95615734305e-06, 1.20044646224e-07, 4.3712206077e-10], "dmean": [5.37356027053e-05, 0.0019525695825, 0.0246080067009, 0.0685663744807, 0.359448432922, 0.452473968267, 0.961961507797, 0.719611942768, 1.08466017246, 5.06255292892, 30.2533855438, 20.2064533234, 22.1407814026, 5.2391037941, 13.6492547989, 65.3192596436, 30.9535617828, 13.7597389221, 9.04297542572, 4.6769323349, 1.12239229679, 0.93295186758, 2.91126298904, 2.46334457397, 4.36871385574, 3.01517939568, 0.419249266386, 0.0654620155692, 0.0707888826728, 0.0610486455262, 0.0417483560741, 0.0446572005749, 0.0246074385941, 0.0235244017094, 0.0143233174458, 0.00906958989799, 0.00428021745756, 0.00087662372971, 0.000136394184665, 1.04231748992e-05], "max": [0.00561119895428, 0.488648921251, 5.54108667374, 3.31559967995, 34.9599380493, 21.8291339874, 50.7837715149, 45.0450515747, 66.8788146973, 373.09475708, 3604.33520508, 1692.78161621, 8014.96777344, 957.742004395, 3065.06225586, 7975.81542969, 5969.04296875, 9100.046875, 4450.16650391, 1818.72314453, 273.138061523, 313.650512695, 1138.00793457, 315.912109375, 1248.32116699, 500.020935059, 38.5435066223, 3.09609889984, 3.39920163155, 4.86461734772, 2.50925779343, 3.32225751877, 2.18414950371, 1.43830406666, 0.306236505508, 0.208803638816, 0.113803446293, 0.0220317523926, 0.00599063979462, 0.000381837628083], "var": [1.24111423361e-07, 0.000765966775361, 0.0792566388845, 0.103723704815, 2.48565602303, 4.92613840103, 13.6272039413, 13.1318426132, 17.7692451477, 774.545715332, 35728.875, 11546.0800781, 121753.78125, 1798.03942871, 12049.6669922, 214204.03125, 53415.8515625, 32091.2285156, 10809.7890625, 3682.66235352, 117.865524292, 91.9375991821, 735.324951172, 280.436553955, 1385.71655273, 465.293243408, 4.91173219681, 0.0639467388391, 0.0578209422529, 0.044077385217, 0.0222758315504, 0.0254951864481, 0.0105998655781, 0.00598718365654, 0.00151443225332, 0.000569160445593, 0.000116391027404, 4.19608477387e-06, 1.07820660844e-07, 1.06252351362e-09], "mean": [0.000131552573293, 0.00684406841174, 0.08353856951, 0.181028485298, 0.839470803738, 1.27175164223, 1.75912868977, 1.78703045845, 2.17342019081, 9.75939273834, 53.0260162354, 33.5285186768, 47.2974472046, 9.65745735168, 22.0659503937, 97.2165603638, 42.0325775146, 20.844751358, 11.0973882675, 7.62502574921, 2.0391061306, 1.80241322517, 3.81199979782, 4.27220726013, 6.91018152237, 5.08613395691, 0.805427789688, 0.169538080692, 0.178636163473, 0.14725972712, 0.098840020597, 0.0884268060327, 0.0507442839444, 0.0428522713482, 0.0241841599345, 0.0129500357434, 0.00515020545572, 0.000887987029273, 0.000128190746182, 1.81640662049e-05]}, "spectral_strongpeak": {"dmean2": 0.797944486141, "median": 0.29363232851, "min": 0, "dvar2": 3.15361523628, "dvar": 1.3219782114, "dmean": 0.508517742157, "max": 20.0563964844, "var": 4.22271680832, "mean": 1.1099973917}, "spectral_energy": {"dmean2": 0.00608866242692, "median": 0.00162891158834, "min": 2.04281818128e-08, "dvar2": 0.000331705261488, "dvar": 0.000150080391904, "dmean": 0.00398276373744, "max": 0.246510908008, "var": 0.000503793649841, "mean": 0.00947937183082}, "average_loudness": 0.0309615246952, "spectral_rolloff": {"dmean2": 482.728912354, "median": 861.328125, "min": 21.533203125, "dvar2": 1469537.625, "dvar": 594669, "dmean": 275.811737061, "max": 12898.3886719, "var": 1079672.5, "mean": 1044.10852051}, "spectral_centroid": {"dmean2": 263.532226562, "median": 859.058105469, "min": 153.115661621, "dvar2": 104908.703125, "dvar": 54893.9804688, "dmean": 175.151763916, "max": 7532.74853516, "var": 298003.21875, "mean": 969.114135742}, "pitch_salience": {"dmean2": 0.115069486201, "median": 0.492984175682, "min": 0.0497088171542, "dvar2": 0.0108980415389, "dvar": 0.00421633198857, "dmean": 0.0712489038706, "max": 0.859395384789, "var": 0.0167834758759, "mean": 0.485779464245}, "spectral_energyband_middle_high": {"dmean2": 0.00395936705172, "median": 0.000177943831659, "min": 2.93929880435e-10, "dvar2": 0.000220521280426, "dvar": 9.86488084891e-05, "dmean": 0.0025844310876, "max": 0.206131711602, "var": 0.000219514986384, "mean": 0.00468193460256}, "spectral_contrast_coeffs": {"dmean2": [0.0634146183729, 0.0689663216472, 0.0591404139996, 0.0454982258379, 0.0320378877223, 0.0248890947551], "median": [-0.574670910835, -0.713734507561, -0.734947681427, -0.7785987854, -0.78610855341, -0.779878139496], "min": [-0.944797933102, -0.952266037464, -0.958429098129, -0.951167583466, -0.939180016518, -0.927905201912], "dvar2": [0.00269557721913, 0.00363588519394, 0.002595332684, 0.00182718096767, 0.000859782157931, 0.000567441631574], "dvar": [0.00108646135777, 0.00154097250197, 0.00104439666029, 0.000822262198199, 0.000422477838583, 0.000242490859819], "dmean": [0.0390293002129, 0.0429846048355, 0.0371151529253, 0.0289324633777, 0.0210257209837, 0.0154850920662], "max": [-0.29654109478, -0.28590759635, -0.239547029138, -0.330283731222, -0.482185810804, -0.625593900681], "var": [0.0141378734261, 0.0112544810399, 0.0145509783179, 0.0105712627992, 0.00560254976153, 0.00183536834083], "mean": [-0.591534495354, -0.704465508461, -0.714026749134, -0.756643414497, -0.77847391367, -0.786180078983]}, "melbands_skewness": {"dmean2": 1.30561935902, "median": 2.13466262817, "min": -3.24000167847, "dvar2": 4.02345895767, "dvar": 1.40388774872, "dmean": 0.828477859497, "max": 31.2865905762, "var": 7.80078649521, "mean": 2.64883875847}, "spectral_spread": {"dmean2": 779422.25, "median": 3722126.75, "min": 1211847.75, "dvar2": 1217798733820.0, "dvar": 615582269440, "dmean": 521459.3125, "max": 27154580, "var": 3259149844480.0, "mean": 4185982.75}, "dissonance": {"dmean2": 0.0559702627361, "median": 0.445501804352, "min": 0.148684665561, "dvar2": 0.00350432260893, "dvar": 0.0012466708431, "dmean": 0.0328600406647, "max": 0.499887794256, "var": 0.00218310533091, "mean": 0.435900270939}, "spectral_skewness": {"dmean2": 0.449007809162, "median": 1.87111258507, "min": -0.391192734241, "dvar2": 0.24999460578, "dvar": 0.0927126184106, "dmean": 0.271370023489, "max": 7.70015764236, "var": 0.350555628538, "mean": 1.98772954941}, "spectral_flux": {"dmean2": 0.0220949240029, "median": 0.0171174891293, "min": 7.64475844335e-05, "dvar2": 0.00182049907744, "dvar": 0.000653029128443, "dmean": 0.0132816750556, "max": 0.451438307762, "var": 0.00227836798877, "mean": 0.0350806191564}, "spectral_contrast_valleys": {"dmean2": [0.670800864697, 0.481141149998, 0.411982685328, 0.348580121994, 0.293715715408, 0.359126508236], "median": [-10.280798912, -8.01795387268, -8.98083305359, -9.56659889221, -9.44243049622, -12.0748376846], "min": [-13.596075058, -14.3171319962, -15.2231931686, -15.3905010223, -14.9614362717, -16.7089633942], "dvar2": [0.273887515068, 0.147388443351, 0.10578365624, 0.0865550115705, 0.0783009678125, 0.204741254449], "dvar": [0.0968226864934, 0.0601263269782, 0.0468937121332, 0.0417192988098, 0.0442993417382, 0.112265042961], "dmean": [0.39267089963, 0.296322524548, 0.260363817215, 0.222009271383, 0.197385370731, 0.263123065233], "max": [-7.49597024918, -5.81099748611, -6.34777927399, -7.45068597794, -7.18627214432, -9.69574069977], "var": [0.848714053631, 2.28513264656, 2.29683947563, 2.15515685081, 2.31315326691, 2.55495285988], "mean": [-10.2793741226, -8.42184829712, -9.3312292099, -9.97029781342, -9.85783958435, -12.5550231934]}, "erbbands_flatness_db": {"dmean2": 0.0338165163994, "median": 0.203483819962, "min": 0.0413310602307, "dvar2": 0.00119910400826, "dvar": 0.000570214935578, "dmean": 0.0226380638778, "max": 0.490910947323, "var": 0.00740588642657, "mean": 0.215414434671}, "spectral_energyband_high": {"dmean2": 4.93973675475e-05, "median": 1.97249064513e-05, "min": 3.22630255845e-10, "dvar2": 3.65157362126e-08, "dvar": 1.52736774339e-08, "dmean": 3.1531224522e-05, "max": 0.00369273871183, "var": 2.22433467201e-08, "mean": 5.46396768186e-05}, "spectral_entropy": {"dmean2": 0.303438991308, "median": 6.97074222565, "min": 4.1094660759, "dvar2": 0.0889048278332, "dvar": 0.0421205163002, "dmean": 0.199379831553, "max": 8.93513011932, "var": 0.315903872252, "mean": 6.93757820129}, "silence_rate_20dB": {"dmean2": 0, "median": 1, "min": 1, "dvar2": 0, "dvar": 0, "dmean": 0, "max": 1, "var": 0, "mean": 1}, "melbands_flatness_db": {"dmean2": 0.0415028184652, "median": 0.246438592672, "min": 0.0295291785151, "dvar2": 0.00172489660326, "dvar": 0.000718193303328, "dmean": 0.0269766449928, "max": 0.5557076931, "var": 0.00538912974298, "mean": 0.255760729313}, "barkbands": {"dmean2": [4.89617434596e-07, 5.99024269832e-06, 2.91823762382e-05, 5.02897164552e-05, 0.000213423976675, 0.000152553184307, 0.000219828900299, 0.00156960554887, 0.00154578406364, 0.000738171336707, 0.000198658293812, 0.0022348985076, 0.00112085125875, 0.000366567983292, 0.000272711971775, 7.84194126027e-05, 2.9700306186e-05, 8.25045935926e-05, 0.000121744407807, 9.7777818155e-05, 6.71414727549e-06, 2.80100334749e-06, 2.38247412199e-06, 2.52808354162e-06, 2.90750358545e-06, 3.31894784722e-06, 1.27599560074e-06], "median": [2.50298910487e-07, 1.35481002417e-06, 7.30556894268e-06, 1.42413973663e-05, 0.000144951976836, 8.11246427475e-05, 3.70442940039e-05, 6.82888130541e-05, 5.68144132558e-05, 2.13678904402e-05, 6.19353249931e-06, 6.36840695734e-06, 6.31106286164e-06, 6.6483730734e-06, 6.91004652253e-06, 3.84045688406e-06, 4.3734466999e-06, 4.97478322359e-06, 3.97682833864e-06, 5.550631613e-06, 3.00695569422e-06, 2.69956512966e-06, 1.83847942026e-06, 1.24837492876e-06, 9.1183233053e-07, 3.17757212542e-07, 3.84904623729e-08], "min": [4.9805970459e-10, 1.72327341286e-09, 1.33018221438e-10, 8.49420395133e-11, 4.6697729017e-10, 6.75765415847e-11, 5.22845169937e-11, 2.07050852158e-11, 9.94380532776e-12, 1.25101725854e-11, 6.67090991821e-12, 9.35061403307e-12, 5.71251986686e-12, 8.5802025207e-12, 8.86349587476e-12, 9.55551957005e-12, 8.8924657568e-12, 9.55328871566e-12, 1.41169402557e-11, 1.33629869323e-11, 1.49128123045e-11, 1.78975965992e-11, 2.08755773085e-11, 2.85674192635e-11, 3.66155127052e-11, 4.77845506219e-11, 6.6647028174e-11], "dvar2": [3.17158978117e-13, 5.47007050766e-10, 1.08576703184e-08, 2.90052408758e-08, 2.27475936754e-07, 8.59624975647e-08, 6.77702985286e-07, 3.06924157485e-05, 3.45643929904e-05, 3.51771595888e-05, 1.19660626297e-06, 0.000117990413855, 7.29020757717e-05, 2.0158233383e-05, 8.09308494354e-06, 5.69989424548e-07, 3.01921652124e-08, 4.01477450396e-07, 3.40493386375e-07, 1.97217190134e-07, 5.5375548591e-10, 2.97963945184e-11, 2.64748258039e-11, 3.12836596905e-11, 3.30202740151e-11, 4.87030173135e-11, 8.64730075739e-12], "dvar": [1.34030143212e-13, 5.72089209339e-10, 9.95108084823e-09, 1.01267332298e-08, 1.02621342535e-07, 4.21783603599e-08, 2.88331506226e-07, 1.35842119562e-05, 1.31822780531e-05, 1.79590042535e-05, 4.94729420097e-07, 5.12852675456e-05, 2.91381638817e-05, 7.34349987397e-06, 2.72999568551e-06, 2.32047852933e-07, 1.32923183571e-08, 1.66815127045e-07, 1.62781688573e-07, 9.77235004029e-08, 2.31667046657e-10, 1.33674928765e-11, 1.11433987038e-11, 1.5815916285e-11, 1.50012901406e-11, 2.0347667995e-11, 3.31269712182e-12], "dmean": [3.04822179942e-07, 5.24054166817e-06, 2.56429011642e-05, 3.43143365171e-05, 0.000151124011609, 0.000105281091237, 0.000141226977576, 0.00102657277603, 0.000953677052166, 0.000492992752697, 0.000123082616483, 0.00144892872777, 0.000684875063598, 0.000220009809709, 0.000161537594977, 4.78117653984e-05, 1.97201770789e-05, 5.18984452356e-05, 7.88338948041e-05, 6.56709744362e-05, 4.35117681263e-06, 1.90676325929e-06, 1.57227088948e-06, 1.74404556219e-06, 2.01852458304e-06, 2.17059437091e-06, 7.58636303999e-0