{"tonal": {"thpcp": [1, 0.8314666152, 0.250490218401, 0.137041822076, 0.132533282042, 0.177413538098, 0.43232896924, 0.459941029549, 0.236440122128, 0.239811807871, 0.254233270884, 0.228859633207, 0.394397139549, 0.422264963388, 0.300696760416, 0.423242896795, 0.427966922522, 0.211562737823, 0.168551087379, 0.176751434803, 0.20637345314, 0.477926015854, 0.509324193001, 0.217267528176, 0.0990562960505, 0.086236692965, 0.100375495851, 0.235974133015, 0.285701960325, 0.198865458369, 0.273047804832, 0.286056637764, 0.172518953681, 0.234583064914, 0.278798401356, 0.477567702532], "hpcp": {"dmean2": [0.179860010743, 0.176578357816, 0.201666653156, 0.229358300567, 0.201449781656, 0.137340947986, 0.114142775536, 0.121633246541, 0.143707841635, 0.198349401355, 0.202889412642, 0.12935526669, 0.0804136842489, 0.0683628320694, 0.0789843574166, 0.115492537618, 0.133517429233, 0.12194468081, 0.154075697064, 0.160395681858, 0.129458427429, 0.138281434774, 0.165328621864, 0.246301472187, 0.340225607157, 0.279819846153, 0.147873207927, 0.109755627811, 0.105271100998, 0.126115977764, 0.18852865696, 0.195677757263, 0.161381855607, 0.149598881602, 0.157011419535, 0.166698470712], "median": [0.0294685177505, 0.0346433445811, 0.0518651753664, 0.0644489303231, 0.054904319346, 0.0367368347943, 0.0195602662861, 0.0179308895022, 0.0436713993549, 0.112847827375, 0.11918156594, 0.042121373117, 0.0105585772544, 0.0080167427659, 0.0121652446687, 0.0240620803088, 0.0287761520594, 0.0330237448215, 0.0314232259989, 0.0277388710529, 0.0241811126471, 0.0118437828496, 0.0165842808783, 0.158571332693, 0.375876426697, 0.319470345974, 0.0533922091126, 0.00880600139499, 0.00759406434372, 0.0215537175536, 0.063603579998, 0.0742002874613, 0.0404492989182, 0.0163595527411, 0.0162712521851, 0.0282217804343], "min": [0, 0, 0, 0, 0, 0, 0, 0, 0, 0, 0, 0, 0, 0, 0, 0, 0, 0, 0, 0, 0, 0, 0, 0, 0, 0, 0, 0, 0, 0, 0, 0, 0, 0, 0, 0], "dvar2": [0.0938755050302, 0.082163631916, 0.0901970490813, 0.102620147169, 0.0948457866907, 0.0547776222229, 0.0529065057635, 0.0559904500842, 0.0598429813981, 0.0750326439738, 0.0762072652578, 0.0500185415149, 0.0358122475445, 0.0297930631787, 0.0343556180596, 0.0441555641592, 0.0544593147933, 0.0447682365775, 0.0659690573812, 0.0710156187415, 0.0513911433518, 0.0631128400564, 0.0773771926761, 0.0827966630459, 0.158550411463, 0.0958552137017, 0.05356580019, 0.0536310784519, 0.0515951775014, 0.0526937618852, 0.0788715556264, 0.0787351951003, 0.0732639729977, 0.077116727829, 0.0808054506779, 0.0810979530215], "dvar": [0.0367786809802, 0.0320812314749, 0.0352754741907, 0.0415077619255, 0.038026124239, 0.0203823968768, 0.0200335904956, 0.0209429487586, 0.0221919715405, 0.0311262588948, 0.0316510237753, 0.0192836020142, 0.0133892046288, 0.011056303978, 0.0122720757499, 0.0184328686446, 0.0235422030091, 0.0175855290145, 0.0266755092889, 0.0288280490786, 0.0192566737533, 0.0243757907301, 0.0290175620466, 0.0320959463716, 0.0686178281903, 0.0395583026111, 0.0205290708691, 0.020040858537, 0.0193441975862, 0.019397770986, 0.0333269201219, 0.0339198261499, 0.0267259348184, 0.029505873099, 0.0313901416957, 0.0304724089801], "dmean": [0.104824118316, 0.103900045156, 0.117818027735, 0.136476755142, 0.120475322008, 0.0792638286948, 0.065919674933, 0.0698908790946, 0.082580268383, 0.122526362538, 0.124942347407, 0.0762998014688, 0.0455987751484, 0.0387880392373, 0.0454183295369, 0.0709625557065, 0.081871367991, 0.0721948593855, 0.0916548594832, 0.095941953361, 0.0746367797256, 0.0809280052781, 0.0951650068164, 0.145153418183, 0.198015600443, 0.167722761631, 0.0872355177999, 0.0625942125916, 0.0600375905633, 0.0725196748972, 0.114112183452, 0.119388915598, 0.0927572846413, 0.0853434056044, 0.0897776708007, 0.0957604274154], "max": [1, 1, 1, 1, 1, 1, 1, 1, 1, 1, 1, 1, 1, 1, 1, 1, 1, 1, 1, 1, 1, 1, 1, 1, 1, 1, 1, 1, 1, 1, 1, 1, 1, 1, 1, 1], "var": [0.0903798043728, 0.095410078764, 0.044006280601, 0.07636872679, 0.087175488472, 0.0240819174796, 0.0261811614037, 0.0284292455763, 0.0227456856519, 0.0706658139825, 0.0798154771328, 0.0253578349948, 0.0139008322731, 0.011998584494, 0.0109453666955, 0.0375482589006, 0.0543093271554, 0.0233881790191, 0.0463082641363, 0.0535073652864, 0.0199528317899, 0.0424589514732, 0.0529126897454, 0.0453571714461, 0.16148468852, 0.121763758361, 0.027308607474, 0.0238656140864, 0.0239495076239, 0.0224198363721, 0.0819114893675, 0.0856865271926, 0.0290241800249, 0.0505663901567, 0.0556473396719, 0.034170717001], "mean": [0.184448942542, 0.197481974959, 0.140627786517, 0.197939321399, 0.200148627162, 0.0989422053099, 0.0788268148899, 0.082661896944, 0.0965153202415, 0.223513156176, 0.238197222352, 0.101610183716, 0.0463259667158, 0.0403305850923, 0.046942923218, 0.110358759761, 0.133615121245, 0.0930040329695, 0.127697125077, 0.133781000972, 0.0806824788451, 0.109708197415, 0.130386516452, 0.223345577717, 0.467673122883, 0.388854593039, 0.117147542536, 0.0640907734632, 0.0619822517037, 0.0829715430737, 0.202188640833, 0.215102061629, 0.110576689243, 0.112153537571, 0.118898063898, 0.10703150183]}, "tuning_equal_tempered_deviation": 0.17564919591, "chords_changes_rate": 0.0460908599198, "key_key": "A#", "tuning_diatonic_strength": 0.599418699741, "key_scale": "major", "chords_number_rate": 0.00198098248802, "tuning_frequency": 434.193115234, "tuning_nontempered_energy_ratio": 0.882637560368, "chords_histogram": [18.0929737091, 3.51294231415, 8.0692024231, 13.378235817, 5.22979402542, 0.184891700745, 1.39989435673, 0, 3.12995243073, 0, 2.15266776085, 0.0132065508515, 0, 3.2223982811, 0, 0.475435823202, 0.0132065508515, 2.95826721191, 4.21288967133, 24.722661972, 0.277337551117, 1.5583729744, 4.26571559906, 3.12995243073], "key_strength": 0.744095861912, "chords_key": "F", "chords_strength": {"dmean2": 0.00681780371815, "median": 0.517020225525, "min": 0.267923235893, "dvar2": 3.56163764081e-05, "dvar": 4.03218909923e-05, "dmean": 0.00779890175909, "max": 0.795146286488, "var": 0.00693043740466, "mean": 0.519216656685}, "chords_scale": "minor", "hpcp_entropy": {"dmean2": 0.914932310581, "median": 1.99662947655, "min": 0, "dvar2": 0.584769189358, "dvar": 0.214744985104, "dmean": 0.545149862766, "max": 4.27059555054, "var": 0.395165473223, "mean": 1.96621882915}}, "metadata": {"audio_properties": {"equal_loudness": 0, "codec": "mp3", "downmix": "mix", "sample_rate": 44100, "analysis_sample_rate": 44100, "bit_rate": 256019, "md5_encoded": "1ea9924c0370b02935625d75989a03d1", "length": 351.58203125, "replay_gain": -7.31216621399, "lossless": false}, "version": {"essentia_build_sha": "70f2e5ece6736b2c40cc944ad0e695b16b925413", "essentia": "2.1-beta2", "extractor": "music 1.0", "essentia_git_sha": "v2.1_beta2"}, "tags": {"title": ["My Someone To Love"], "artist": ["Roberta Flack"], "date": ["1988"], "genre": ["Pop"], "length": ["352"], "album": ["(His Name) Brazil"], "tracknumber": ["10"], "discnumber": ["1"], "musicbrainz_recordingid": ["1813ac02-23ff-45d8-8467-fb5fe4add070"], "file_name": "2122558.mp3"}}, "rhythm": {"bpm_histogram_first_peak_bpm": {"dmean2": 0, "median": 103, "min": 103, "dvar2": 0, "dvar": 0, "dmean": 0, "max": 103, "var": 0, "mean": 103}, "bpm": 103.975791931, "bpm_histogram_second_peak_spread": {"dmean2": 0, "median": 0.125, "min": 0.125, "dvar2": 0, "dvar": 0, "dmean": 0, "max": 0.125, "var": 0, "mean": 0.125}, "bpm_histogram_first_peak_weight": {"dmean2": 0, "median": 0.678160905838, "min": 0.678160905838, "dvar2": 0, "dvar": 0, "dmean": 0, "max": 0.678160905838, "var": 0, "mean": 0.678160905838}, "onset_rate": 3.64338040352, "beats_position": [0.452789098024, 0.905578196049, 1.35836732388, 1.8111563921, 2.26394557953, 2.71673464775, 3.15791368484, 3.61070299149, 4.06349182129, 4.6439909935, 5.22448968887, 5.80498838425, 6.38548755646, 6.96598625183, 7.5464849472, 8.11537361145, 8.68426322937, 9.26476192474, 9.84526062012, 10.4257593155, 11.0062580109, 11.5867567062, 12.1672563553, 12.7477550507, 13.3166437149, 13.8855323792, 14.4660310745, 15.0465307236, 15.6154193878, 16.1843090057, 16.7648067474, 17.3453063965, 17.9258041382, 18.5063037872, 19.0868015289, 19.667301178, 20.247800827, 20.8282985687, 21.3971881866, 21.9660758972, 22.5465755463, 23.1154651642, 23.6843528748, 24.2648525238, 24.8453502655, 25.4258499146, 26.0063495636, 26.5868473053, 27.1557369232, 27.7246246338, 28.3051242828, 28.8856239319, 29.4661216736, 30.0466213226, 30.6155090332, 31.1843986511, 31.7648983002, 32.3453979492, 32.9142837524, 33.4947853088, 34.0752830505, 34.6441726685, 35.2130622864, 35.7819480896, 36.362449646, 36.9429473877, 37.5234451294, 38.1039466858, 38.6844444275, 39.2649421692, 39.8454399109, 40.4259414673, 41.006439209, 41.5869369507, 42.1558265686, 42.7247161865, 43.3052139282, 43.8857116699, 44.4546012878, 45.0234909058, 45.6039886475, 46.1844902039, 46.7649879456, 47.3454856873, 47.9259872437, 48.5064849854, 49.0869827271, 49.6674804688, 50.2363700867, 50.8052597046, 51.3857574463, 51.9662590027, 52.5467567444, 53.1272544861, 53.696144104, 54.2766418457, 54.8455314636, 55.4260292053, 55.9949188232, 56.5638084412, 57.1443061829, 57.7248077393, 58.305305481, 58.8858032227, 59.4663009644, 60.0351905823, 60.6040802002, 61.1845779419, 61.7650794983, 62.34557724, 62.9260749817, 63.5065765381, 64.0754623413, 64.6443557739, 65.2248535156, 65.8053512573, 66.385848999, 66.9663467407, 67.5468444824, 68.1273422241, 68.6962356567, 69.26512146, 69.8456192017, 70.4145126343, 70.9833984375, 71.5638961792, 72.1444015503, 72.724899292, 73.3053970337, 73.8858947754, 74.4663925171, 75.0468902588, 75.6273880005, 76.2078933716, 76.7767791748, 77.345664978, 77.9261627197, 78.4950561523, 79.0639419556, 79.6444396973, 80.2249450684, 80.8054428101, 81.3743286133, 81.9432220459, 82.5237197876, 83.1042175293, 83.684715271, 84.2652130127, 84.8457107544, 85.4262084961, 86.0067138672, 86.5872116089, 87.1560974121, 87.7249908447, 88.3054885864, 88.8743743896, 89.4432601929, 90.023765564, 90.6042633057, 91.1847610474, 91.7652587891, 92.3457565308, 92.9262542725, 93.5067520142, 94.0756454468, 94.6561431885, 95.2250289917, 95.8055343628, 96.374420166, 96.9549179077, 97.5238113403, 98.104309082, 98.6848068237, 99.2653045654, 99.8458023071, 100.41469574, 100.983581543, 101.564079285, 102.144577026, 102.725074768, 103.305580139, 103.89768219, 104.478187561, 105.047073364, 105.627571106, 106.208068848, 106.77696228, 107.345848083, 107.914733887, 108.495239258, 109.064125061, 109.644622803, 110.225120544, 110.805618286, 111.386123657, 111.95500946, 112.523895264, 113.104400635, 113.673286438, 114.242172241, 114.822669983, 115.403175354, 115.983673096, 116.564170837, 117.144668579, 117.725166321, 118.294059753, 118.874557495, 119.443443298, 120.02394104, 120.604438782, 121.184944153, 121.765441895, 122.345939636, 122.926437378, 123.50693512, 124.087432861, 124.667930603, 125.236824036, 125.805709839, 126.374603271, 126.943489075, 127.523986816, 128.104492188, 128.6849823, 129.265487671, 129.845977783, 130.414871216, 130.983764648, 131.564254761, 132.144760132, 132.725265503, 133.305755615, 133.886260986, 134.45513916, 135.024032593, 135.604537964, 136.185028076, 136.765533447, 137.34602356, 137.926528931, 138.507034302, 139.075912476, 139.644805908, 140.225296021, 140.805801392, 141.386306763, 141.966796875, 142.547302246, 143.127792358, 143.696685791, 144.265579224, 144.834457397, 145.40335083, 145.983856201, 146.564346313, 147.144851685, 147.725341797, 148.305847168, 148.886352539, 149.466842651, 150.035736084, 150.604629517, 151.185119629, 151.765625, 152.346115112, 152.926620483, 153.495513916, 154.06439209, 154.644897461, 155.225387573, 155.794281006, 156.363174438, 156.943664551, 157.524169922, 158.104675293, 158.685165405, 159.265670776, 159.846160889, 160.42666626, 161.007156372, 161.587661743, 162.156555176, 162.72543335, 163.294326782, 163.874832153, 164.443710327, 165.024215698, 165.604721069, 166.173599243, 166.742492676, 167.322982788, 167.903488159, 168.48399353, 169.064483643, 169.644989014, 170.225479126, 170.805984497, 171.386474609, 171.955368042, 172.524261475, 173.104751587, 173.685256958, 174.265762329, 174.846252441, 175.415145874, 175.984039307, 176.564529419, 177.14503479, 177.725524902, 178.306030273, 178.886520386, 179.467025757, 180.047531128, 180.62802124, 181.196914673, 181.765808105, 182.346298218, 182.926803589, 183.507293701, 184.087799072, 184.668289185, 185.248794556, 185.80607605, 186.374969482, 186.943847656, 187.512741089, 188.081634521, 188.662124634, 189.242630005, 189.823120117, 190.403625488, 190.984130859, 191.564620972, 192.145126343, 192.725616455, 193.306121826, 193.886611938, 194.46711731, 195.047622681, 195.616500854, 196.185394287, 196.75428772, 197.334777832, 197.915283203, 198.484161377, 199.064666748, 199.645172119, 200.225662231, 200.806167603, 201.386657715, 201.967163086, 202.547653198, 203.116546631, 203.685440063, 204.265930176, 204.834823608, 205.403717041, 205.984207153, 206.564712524, 207.145217896, 207.725708008, 208.306213379, 208.886703491, 209.467208862, 210.036102295, 210.604980469, 211.18548584, 211.765975952, 212.346481323, 212.926986694, 213.507476807, 214.087982178, 214.66847229, 215.237365723, 215.806259155, 216.386749268, 216.967254639, 217.547744751, 218.128250122, 218.708755493, 219.289245605, 219.858139038, 220.427032471, 221.007522583, 221.588027954, 222.168518066, 222.737411499, 223.31791687, 223.886795044, 224.467300415, 225.047790527, 225.628295898, 226.197189331, 226.766067505, 227.346572876, 227.927078247, 228.507568359, 229.08807373, 229.656951904, 230.237457275, 230.817947388, 231.38684082, 231.967346191, 232.547836304, 233.116729736, 233.685623169, 234.266113281, 234.846618652, 235.427108765, 236.007614136, 236.576507568, 237.145385742, 237.725891113, 238.306396484, 238.886886597, 239.467391968, 240.04788208, 240.605163574, 241.185668945, 241.766159058, 242.33505249, 242.903945923, 243.484436035, 244.064941406, 244.645431519, 245.22593689, 245.806442261, 246.386932373, 246.967437744, 247.547927856, 248.116821289, 248.685714722, 249.266204834, 249.835098267, 250.403991699, 250.984481812, 251.564987183, 252.133865356, 252.702758789, 253.28326416, 253.863754272, 254.432647705, 255.013153076, 255.605255127, 256.185760498, 256.766265869, 257.346740723, 257.927246094, 258.496154785, 259.065032959, 259.64553833, 260.226013184, 260.806518555, 261.387023926, 261.967529297, 262.548034668, 263.116912842, 263.685791016, 264.266296387, 264.846801758, 265.415679932, 265.984588623, 266.565063477, 267.145568848, 267.726074219, 268.30657959, 268.887084961, 269.455963135, 270.036468506, 270.616943359, 271.185852051, 271.766357422, 272.346832275, 272.927337646, 273.507843018, 274.088348389, 274.657226562, 275.237731934, 275.818237305, 276.387115479, 276.96762085, 277.536499023, 278.117004395, 278.685882568, 279.266387939, 279.846893311, 280.427398682, 280.996276855, 281.565155029, 282.1456604, 282.726165771, 283.306671143, 283.887145996, 284.456054688, 285.024932861, 285.605438232, 286.185943604, 286.766448975, 287.346923828, 287.927429199, 288.496307373, 289.065216064, 289.645721436, 290.226196289, 290.80670166, 291.387207031, 291.967712402, 292.536590576, 293.10546875, 293.685974121, 294.266479492, 294.846984863, 295.427490234, 296.007965088, 296.588470459, 297.15737915, 297.726257324, 298.306762695, 298.887237549, 299.46774292, 300.048248291, 300.617126465, 301.186035156, 301.76651001, 302.335418701, 302.904296875, 303.484802246, 304.065307617, 304.645812988, 305.226287842, 305.806793213, 306.387298584, 306.967803955, 307.536682129, 308.105560303, 308.686065674, 309.266571045, 309.847076416, 310.427581787, 310.996459961, 311.565338135, 312.145843506, 312.726348877, 313.306854248, 313.887329102, 314.456237793, 315.036743164, 315.605621338, 316.186126709, 316.766601562, 317.347106934, 317.927612305, 318.496490479, 319.06539917, 319.645904541, 320.226379395, 320.806884766, 321.375762939, 321.956268311, 322.525177002, 323.105651855, 323.686157227, 324.266662598, 324.847167969, 325.42767334, 325.996551514, 326.577056885, 327.145935059, 327.72644043, 328.306945801, 328.887420654, 329.467926025, 330.048431396, 330.61730957, 331.197814941, 331.766693115, 332.347198486, 332.927703857, 333.508209229, 334.077087402, 334.657592773, 335.226470947, 335.806976318, 336.387481689, 336.956359863, 337.525268555, 338.105743408, 338.686248779, 339.255126953, 339.824035645, 340.404541016, 340.985015869, 341.56552124, 342.146026611, 342.726531982, 343.307037354, 343.875915527, 344.444793701, 345.025299072, 345.605804443, 346.186309814, 346.766784668, 347.347290039, 347.92779541, 348.508300781, 349.100402832, 349.70413208, 350.307830811, 350.911560059], "beats_loudness": {"dmean2": 0.0416051745415, "median": 0.037933781743, "min": 7.8583347829e-08, "dvar2": 0.000881546118762, "dvar": 0.000269440410193, "dmean": 0.0218690261245, "max": 0.111275367439, "var": 0.000436176080257, "mean": 0.0379936508834}, "danceability": 1.10985410213, "bpm_histogram_second_peak_weight": {"dmean2": 0, "median": 0.0114942528307, "min": 0.0114942528307, "dvar2": 0, "dvar": 0, "dmean": 0, "max": 0.0114942528307, "var": 0, "mean": 0.0114942528307}, "beats_count": 610, "bpm_histogram_second_peak_bpm": {"dmean2": 0, "median": 133, "min": 133, "dvar2": 0, "dvar": 0, "dmean": 0, "max": 133, "var": 0, "mean": 133}, "bpm_histogram_first_peak_spread": {"dmean2": 0, "median": 0.310517549515, "min": 0.310517549515, "dvar2": 0, "dvar": 0, "dmean": 0, "max": 0.310517549515, "var": 0, "mean": 0.310517549515}, "beats_loudness_band_ratio": {"dmean2": [0.669786810875, 0.426665395498, 0.226840317249, 0.214205935597, 0.08616412431, 0.110837586224], "median": [0.384385973215, 0.133341953158, 0.0984323471785, 0.111787758768, 0.0335010886192, 0.0421932190657], "min": [0.00376389734447, 0.00125975417905, 0.00163750362117, 0.000607224006671, 0.000200694048544, 0.000631610397249], "dvar2": [0.102399028838, 0.0817076191306, 0.0381712168455, 0.038844935596, 0.00891139823943, 0.0157713741064], "dvar": [0.0316525734961, 0.025742162019, 0.013196580112, 0.0149243911728, 0.00329299317673, 0.00488440832123], "dmean": [0.34065926075, 0.216764822602, 0.122617587447, 0.121929176152, 0.0489469841123, 0.0593856610358], "max": [0.948071122169, 0.827033042908, 0.639138460159, 0.738036513329, 0.375572890043, 0.410892933607], "var": [0.0630359202623, 0.0272078439593, 0.0143530145288, 0.0256898719817, 0.0044042635709, 0.00411309394985], "mean": [0.420238256454, 0.188464611769, 0.13498583436, 0.166642323136, 0.0578063763678, 0.0643088072538]}}, "lowlevel": {"barkbands_spread": {"dmean2": 8.32088756561, "median": 21.313369751, "min": 1.28427362442, "dvar2": 103.986717224, "dvar": 44.9932556152, "dmean": 5.34122133255, "max": 115.954650879, "var": 141.519088745, "mean": 23.1317405701}, "melbands_spread": {"dmean2": 9.27304267883, "median": 24.1585826874, "min": 1.1534383297, "dvar2": 154.700256348, "dvar": 63.9030189514, "dmean": 5.94019508362, "max": 189.862243652, "var": 251.039764404, "mean": 26.2741661072}, "hfc": {"dmean2": 10.7214794159, "median": 16.7204723358, "min": 1.08177118793e-16, "dvar2": 356.125732422, "dvar": 153.073913574, "dmean": 7.14363908768, "max": 366.39932251, "var": 495.808807373, "mean": 23.1656665802}, "barkbands_kurtosis": {"dmean2": 3.02121138573, "median": 1.22434473038, "min": -1.90222156048, "dvar2": 30.2791786194, "dvar": 13.3519411087, "dmean": 1.96013963223, "max": 103.849372864, "var": 44.4147872925, "mean": 3.32549071312}, "gfcc": {"mean": [1.18563699722, 81.0534744263, -111.891288757, 24.5505485535, -64.1397705078, 19.6882076263, -32.9215927124, 4.71569919586, -27.8627319336, 4.91201162338, -12.5249013901, 1.88934886456, -10.4211120605], "icov": [[0.000123461853946, -4.08374580729e-06, 8.12449288787e-05, -0.000224377770792, 0.000123423960758, -7.96077001723e-05, 4.77261419292e-05, -0.000137568233185, 0.000361587590305, -0.000318263133522, 0.000248737633228, -0.000141181721119, 0.000239935179707], [-4.08374580729e-06, 0.00149297434837, -0.000176034693141, -0.000254487938946, -5.90801064391e-05, 0.000347772147506, -0.000182393967407, 0.000295642297715, -0.000871398369782, 0.0017176209949, -0.00203372444957, 0.0022636638023, -0.000650267407764], [8.12449288787e-05, -0.000176034693141, 0.00109672860708, -0.000701333920006, 0.000221446665819, -0.000369869056158, -0.000309204566292, 0.00053071329603, -0.000202024646569, -0.000544935581274, 0.00134375807829, -0.00164297863375, 0.000781669397838], [-0.000224377770792, -0.000254487938946, -0.000701333920006, 0.00397839955986, -0.00103902176488, 0.000159565606737, 0.000417989504058, -0.000836231629364, -0.000538996246178, 0.000594159122556, -0.00171241001226, 0.00285843061283, -0.0021381706465], [0.000123423960758, -5.90801064391e-05, 0.000221446665819, -0.00103902176488, 0.00514822360128, -0.000214393236092, -0.000345518084941, -0.000962905003689, 0.00015591373085, -0.00107835233212, 0.000529267184902, -0.00137976626866, 0.00140037713572], [-7.96077001723e-05, 0.000347772147506, -0.000369869056158, 0.000159565606737, -0.000214393236092, 0.00691116135567, -0.00423344969749, 0.000861988693941, -0.000114348091302, -5.93166441831e-05, -0.000574633129872, -0.000423577497713, 0.000104085993371], [4.77261419292e-05, -0.000182393967407, -0.000309204566292, 0.000417989504058, -0.000345518084941, -0.00423344969749, 0.00974944233894, -0.0030104604084, 0.00188082153909, -0.000364094157703, -0.00194319861475, 0.0022413758561, -0.000590310432017], [-0.000137568233185, 0.000295642297715, 0.00053071329603, -0.000836231629364, -0.000962905003689, 0.000861988693941, -0.0030104604084, 0.0124082677066, -0.00541847757995, 0.00090079754591, 0.000556916347705, -0.00175697368104, 0.000112434354378], [0.000361587590305, -0.000871398369782, -0.000202024646569, -0.000538996246178, 0.00015591373085, -0.000114348091302, 0.00188082153909, -0.00541847757995, 0.01423875615, -0.00507689127699, 0.00309439911507, -0.00230216211639, -0.000907294743229], [-0.000318263133522, 0.0017176209949, -0.000544935581274, 0.000594159122556, -0.00107835233212, -5.93166441831e-05, -0.000364094157703, 0.00090079754591, -0.00507689127699, 0.0172969531268, -0.00786593277007, 0.00321612576954, -0.000190174017916], [0.000248737633228, -0.00203372444957, 0.00134375807829, -0.00171241001226, 0.000529267184902, -0.000574633129872, -0.00194319861475, 0.000556916347705, 0.00309439911507, -0.00786593277007, 0.018050795421, -0.00831678044051, 0.00193100294564], [-0.000141181721119, 0.0022636638023, -0.00164297863375, 0.00285843061283, -0.00137976626866, -0.000423577497713, 0.0022413758561, -0.00175697368104, -0.00230216211639, 0.00321612576954, -0.00831678044051, 0.0199142303318, -0.00675870012492], [0.000239935179707, -0.000650267407764, 0.000781669397838, -0.0021381706465, 0.00140037713572, 0.000104085993371, -0.000590310432017, 0.000112434354378, -0.000907294743229, -0.000190174017916, 0.00193100294564, -0.00675870012492, 0.0169241093099]], "cov": [[10547.546875, -181.213134766, -541.760681152, 417.812713623, -98.8519287109, 84.0497131348, 16.9552059174, 38.1396903992, -237.329620361, 109.507965088, -29.728105545, -112.410507202, -123.680130005], [-181.213134766, 1045.0847168, 24.5315341949, 178.155563354, -4.36382818222, -45.7732200623, 20.4743499756, -14.2346839905, 16.8965835571, -61.2348594666, 55.6128578186, -107.845794678, 16.353969574], [-541.760681152, 24.5315341949, 1233.50012207, 124.200592041, 9.59111595154, 82.1184844971, 37.013092041, -15.7819299698, 49.027431488, 10.0672512054, -38.4229011536, 61.9188613892, -0.706685245037], [417.812713623, 178.155563354, 124.200592041, 375.925018311, 49.770236969, -4.11446142197, 8.18744754791, 27.2356262207, 17.3818778992, 3.2894115448, 16.730134964, -40.3505134583, 21.6368255615], [-98.8519287109, -4.36382818222, 9.59111595154, 49.770236969, 220.291778564, 15.2007312775, 18.856136322, 29.3119010925, 15.7928514481, 17.1891536713, 10.4226083755, 10.6262788773, -6.68551683426], [84.0497131348, -45.7732200623, 82.1184844971, -4.11446142197, 15.2007312775, 216.478027344, 100.947769165, 3.29797911644, -11.6043596268, 15.4368562698, 18.1636447906, 9.82199764252, -4.95155239105], [16.9552059174, 20.4743499756, 37.013092041, 8.18744754791, 18.856136322, 100.947769165, 164.979446411, 24.6526908875, -12.7012395859, 11.290145874, 23.6150722504, -7.73543930054, -3.05687117577], [38.1396903992, -14.2346839905, -15.7819299698, 27.2356262207, 29.3119010925, 3.29797911644, 24.6526908875, 111.85710144, 43.2186889648, 8.18439388275, 1.28310525417, 12.8474054337, 8.14643001556], [-237.329620361, 16.8965835571, 49.027431488, 17.3818778992, 15.7928514481, -11.6043596268, -12.7012395859, 43.2186889648, 108.30153656, 20.3726577759, -3.94600725174, 16.7637653351, 15.1597318649], [109.507965088, -61.2348594666, 10.0672512054, 3.2894115448, 17.1891536713, 15.4368562698, 11.290145874, 8.18439388275, 20.3726577759, 85.0267868042, 30.2902755737, 9.3927230835, -2.78995370865], [-29.728105545, 55.6128578186, -38.4229011536, 16.730134964, 10.4226083755, 18.1636447906, 23.6150722504, 1.28310525417, -3.94600725174, 30.2902755737, 92.4797134399, 21.2049179077, 4.33293437958], [-112.410507202, -107.845794678, 61.9188613892, -40.3505134583, 10.6262788773, 9.82199764252, -7.73543930054, 12.8474054337, 16.7637653351, 9.3927230835, 21.2049179077, 92.9105453491, 23.8864002228], [-123.680130005, 16.353969574, -0.706685245037, 21.6368255615, -6.68551683426, -4.95155239105, -3.05687117577, 8.14643001556, 15.1597318649, -2.78995370865, 4.33293437958, 23.8864002228, 74.4842987061]]}, "spectral_energyband_middle_low": {"dmean2": 0.00492473505437, "median": 0.00736886868253, "min": 1.9168630848e-22, "dvar2": 6.41529768473e-05, "dvar": 2.61971672444e-05, "dmean": 0.00315152923577, "max": 0.105583436787, "var": 6.69251166983e-05, "mean": 0.00929616577923}, "melbands_crest": {"dmean2": 4.23868608475, "median": 11.358212471, "min": 1.32990705967, "dvar2": 14.786734581, "dvar": 7.07859420776, "dmean": 2.79873943329, "max": 37.7301940918, "var": 25.9732666016, "mean": 12.4941616058}, "spectral_kurtosis": {"dmean2": 1.79883134365, "median": 3.33491230011, "min": -1.25655472279, "dvar2": 4.82405233383, "dvar": 2.12321615219, "dmean": 1.10534012318, "max": 55.8742141724, "var": 4.96762418747, "mean": 3.59762167931}, "spectral_rms": {"dmean2": 0.000897740479559, "median": 0.00446261791512, "min": 3.12454315893e-12, "dvar2": 1.13811370284e-06, "dvar": 5.85005864195e-07, "dmean": 0.000634412805084, "max": 0.0119233690202, "var": 3.6045375964e-06, "mean": 0.00449934229255}, "zerocrossingrate": {"dmean2": 0.012164849788, "median": 0.06201171875, "min": 0.0048828125, "dvar2": 0.000173146181623, "dvar": 0.000136433998705, "dmean": 0.00986175239086, "max": 0.515625, "var": 0.000958980352152, "mean": 0.0646551698446}, "silence_rate_60dB": {"dmean2": 0.0309094507247, "median": 0, "min": 0, "dvar2": 0.034043289721, "dvar": 0.0152184562758, "dmean": 0.0154537046328, "max": 1, "var": 0.0702974274755, "mean": 0.0760747566819}, "erbbands_kurtosis": {"dmean2": 1.63332247734, "median": 0.4078977108, "min": -1.81624865532, "dvar2": 5.51260089874, "dvar": 2.31157493591, "dmean": 1.03529906273, "max": 31.7630386353, "var": 6.57641887665, "mean": 1.13692271709}, "erbbands": {"dmean2": [0.119282238185, 0.749112188816, 1.41591024399, 2.35696458817, 5.91618728638, 9.47799873352, 8.57385253906, 13.5360994339, 14.456656456, 12.6081476212, 10.9632930756, 23.8793449402, 33.9493331909, 45.2555236816, 57.0399627686, 44.5563240051, 48.8701705933, 32.769947052, 24.9650554657, 19.4872074127, 12.7708005905, 10.3637781143, 11.029955864, 10.4988794327, 12.9140138626, 13.554391861, 10.7644834518, 6.42028522491, 7.13658475876, 6.09090089798, 5.28436279297, 2.56288766861, 2.05442070961, 1.09111762047, 0.537886977196, 0.294713407755, 0.127377435565, 0.0285160765052, 0.00304704532027, 0.000104073158582], "median": [0.024870345369, 0.471477508545, 1.55081856251, 1.52540922165, 3.00670671463, 5.04740476608, 6.03373098373, 10.0365142822, 8.79898643494, 8.5874786377, 6.65958070755, 11.3033094406, 13.8513345718, 14.5728216171, 15.9984874725, 14.1563940048, 16.6499500275, 12.0959157944, 10.9013366699, 8.63439083099, 5.34115314484, 5.02680444717, 5.60480260849, 4.83952236176, 6.22860717773, 7.29970884323, 5.43839836121, 3.14629340172, 2.37536907196, 2.69328999519, 2.22333502769, 1.03607940674, 0.633019208908, 0.382516950369, 0.179369837046, 0.0485836751759, 0.013042894192, 0.00227917544544, 0.000122009587358, 3.50143491232e-05], "min": [1.22668539716e-22, 5.35553806292e-22, 4.90714235522e-21, 8.2132192815e-21, 3.40746358154e-20, 2.77244381075e-20, 6.69149695229e-20, 1.51319639123e-19, 2.81360522276e-19, 4.77433243327e-19, 4.11222062333e-19, 1.0018055743e-18, 9.5606724271e-19, 1.35229833665e-18, 1.0607610113e-18, 1.84774261064e-18, 2.86185177276e-18, 3.65824141419e-18, 3.64143020901e-18, 5.14482270052e-18, 4.24940589129e-18, 5.80369480589e-18, 7.87372876446e-18, 6.64702570631e-18, 9.81118345523e-18, 1.09499390163e-17, 8.38851138379e-18, 1.02689385888e-17, 1.31211077989e-17, 1.06191089575e-17, 1.38875501934e-17, 1.15739690335e-17, 1.15064123657e-17, 7.41619779687e-18, 8.17490108959e-18, 4.22624276618e-18, 2.58947463873e-18, 1.06777550289e-18, 2.94067360654e-19, 2.95555962639e-20], "dvar2": [0.102089628577, 4.57389688492, 12.8850212097, 22.3500671387, 190.613677979, 430.815856934, 235.419662476, 727.967102051, 1254.15966797, 1127.59411621, 680.295349121, 3372.11279297, 9350.73925781, 18311.1464844, 35378.5273438, 26229.0566406, 13960.4755859, 7884.45361328, 3280.31347656, 1591.38232422, 780.412414551, 453.199829102, 446.223266602, 507.101898193, 718.938537598, 807.641296387, 1119.79699707, 375.007019043, 1038.35412598, 412.131195068, 200.56590271, 43.3832588196, 27.989572525, 6.92305707932, 1.330519557, 0.381165653467, 0.0795469880104, 0.00384756457061, 6.58492572256e-05, 7.40718917314e-08], "dvar": [0.0618285164237, 1.82947564125, 4.69935464859, 8.1693572998, 68.6897735596, 172.268096924, 94.8699874878, 306.008605957, 494.45199585, 465.501953125, 310.67175293, 1517.04248047, 4346.68701172, 8270.10546875, 14036.4091797, 10646.1835938, 6043.20800781, 3435.17700195, 1347.44067383, 703.776245117, 311.178314209, 184.215957642, 181.283035278, 199.697647095, 313.233764648, 364.212982178, 416.448303223, 139.569274902, 376.032196045, 167.041885376, 85.0538711548, 18.5133419037, 11.8540859222, 3.07101964951, 0.623444736004, 0.161606967449, 0.0317547395825, 0.00159738853108, 2.55323466263e-05, 2.8429209209e-08], "dmean": [0.0932475849986, 0.47628903389, 0.843311548233, 1.37239539623, 3.42238306999, 5.82681941986, 5.46304321289, 8.98648071289, 9.22180652618, 8.38918590546, 7.40935945511, 16.2973423004, 22.5884647369, 29.9647312164, 36.965763092, 29.0280628204, 31.2384262085, 20.8007354736, 15.9306030273, 12.2437953949, 7.77977275848, 6.44262504578, 6.82697629929, 6.52794361115, 8.27712440491, 8.75810337067, 6.65471506119, 3.84480690956, 4.25850009918, 3.86008143425, 3.36207985878, 1.64538991451, 1.29187250137, 0.704180240631, 0.34788069129, 0.185534968972, 0.0778145715594, 0.0176368746907, 0.00180358532816, 6.2472303398e-05], "max": [3.33280754089, 20.2914867401, 42.753162384, 67.0436859131, 216.606384277, 298.023925781, 217.730392456, 494.170684814, 819.957275391, 983.907104492, 540.323730469, 1435.56811523, 2958.05834961, 2910.06005859, 3547.00170898, 3700.49609375, 1916.48034668, 2010.25671387, 1367.21557617, 1033.38354492, 610.569213867, 414.578155518, 339.974121094, 315.651855469, 399.148834229, 555.45690918, 897.559997559, 464.687957764, 972.998046875, 376.641967773, 258.089996338, 112.592041016, 90.5202636719, 68.766960144, 34.9990997314, 12.4007511139, 2.80014324188, 0.64710766077, 0.100753031671, 0.00356119056232], "var": [0.123773142695, 1.84659302235, 4.82762908936, 10.5952968597, 68.3960113525, 221.84866333, 219.360244751, 822.351623535, 1200.83581543, 1361.33776855, 1001.83111572, 5479.58007812, 11802.6435547, 21044.4414062, 41205.9453125, 23249.2089844, 20838.7578125, 9086.96386719, 3966.57128906, 2095.59375, 846.401367188, 500.976715088, 537.074157715, 606.61895752, 997.127075195, 1115.47167969, 548.380371094, 150.098068237, 294.305419922, 219.612808228, 133.773422241, 27.7522335052, 17.217754364, 5.88339757919, 1.35823309422, 0.23264592886, 0.0315329805017, 0.00162173365243, 2.14947358472e-05, 2.41980231408e-08], "mean": [0.142530709505, 0.775092422962, 1.99961316586, 2.47879743576, 5.03681993484, 9.15299606323, 10.7474412918, 18.7210159302, 18.7040538788, 18.681596756, 17.0654373169, 34.3529281616, 43.7835388184, 56.5115280151, 72.1310806274, 55.4771537781, 63.2190856934, 39.3030128479, 32.3495407104, 24.3181476593, 15.5405035019, 13.5389766693, 14.5131540298, 14.3662548065, 18.6367530823, 20.2653808594, 13.2256565094, 6.64240169525, 5.78502941132, 6.36737680435, 5.57345581055, 2.59775614738, 1.8400105238, 1.06461882591, 0.519242405891, 0.218513548374, 0.0799826234579, 0.017901353538, 0.00158650963567, 7.80772970757e-05]}, "spectral_strongpeak": {"dmean2": 1.15613865852, "median": 0.486177355051, "min": 0, "dvar2": 3.02248859406, "dvar": 1.24813020229, "dmean": 0.690846562386, "max": 15.0528516769, "var": 3.2829709053, "mean": 1.37680053711}, "spectral_energy": {"dmean2": 0.00994962919503, "median": 0.0204128343612, "min": 1.00068400786e-20, "dvar2": 0.000209013465792, "dvar": 0.000100418634247, "dmean": 0.00692356424406, "max": 0.145720899105, "var": 0.000346927146893, "mean": 0.0244447812438}, "average_loudness": 0.882769405842, "spectral_rolloff": {"dmean2": 727.502258301, "median": 1248.92578125, "min": 21.533203125, "dvar2": 1696317, "dvar": 722830.6875, "dmean": 425.16885376, "max": 19422.9492188, "var": 1660595.875, "mean": 1497.59020996}, "spectral_centroid": {"dmean2": 343.201568604, "median": 1344.21325684, "min": 194.945068359, "dvar2": 173366.765625, "dvar": 73253.796875, "dmean": 216.629714966, "max": 11497.4755859, "var": 438351.65625, "mean": 1388.42504883}, "pitch_salience": {"dmean2": 0.0973744690418, "median": 0.556727468967, "min": 0.0781530439854, "dvar2": 0.00750836869702, "dvar": 0.0031425752677, "dmean": 0.0614686794579, "max": 0.962446033955, "var": 0.0101190516725, "mean": 0.551715493202}, "spectral_energyband_middle_high": {"dmean2": 0.0041091456078, "median": 0.00423795590177, "min": 1.10454865067e-21, "dvar2": 5.77347673243e-05, "dvar": 2.51147575909e-05, "dmean": 0.00269618001767, "max": 0.102488197386, "var": 0.000110670524009, "mean": 0.00822888035327}, "spectral_contrast_coeffs": {"dmean2": [0.0728938952088, 0.0682890564203, 0.0623075217009, 0.0536636672914, 0.0398582778871, 0.0293514430523], "median": [-0.66392827034, -0.711193323135, -0.723178505898, -0.728217959404, -0.765751004219, -0.771339535713], "min": [-0.986626207829, -0.97864484787, -0.974930763245, -0.968213260174, -0.966772794724, -0.962403893471], "dvar2": [0.00365888979286, 0.00325000612065, 0.00266965827905, 0.00197664019652, 0.00122460105922, 0.000801009708084], "dvar": [0.00142004189547, 0.00124956562649, 0.00111203675624, 0.000829085707664, 0.000553544901777, 0.000323761167238], "dmean": [0.0443328469992, 0.0423666462302, 0.0393652096391, 0.0337104573846, 0.0251438226551, 0.0182567257434], "max": [-0.310194849968, -0.407345414162, -0.404866576195, -0.457635223866, -0.554989397526, -0.609241247177], "var": [0.00655444990844, 0.00514945341274, 0.00650993781164, 0.00519753387198, 0.00365119474009, 0.00156646722462], "mean": [-0.657671451569, -0.708764374256, -0.714751005173, -0.724836528301, -0.759424209595, -0.77117729187]}, "melbands_skewness": {"dmean2": 0.846476316452, "median": 1.76632261276, "min": -1.17186903954, "dvar2": 1.06872272491, "dvar": 0.519687533379, "dmean": 0.572638332844, "max": 20.2538757324, "var": 2.73868513107, "mean": 2.05987620354}, "spectral_spread": {"dmean2": 1003903, "median": 4829452.5, "min": 1218605.25, "dvar2": 1900712689660.0, "dvar": 999378649088, "dmean": 695120.3125, "max": 43064216, "var": 3614870339580.0, "mean": 5330496}, "dissonance": {"dmean2": 0.0359428413212, "median": 0.463690280914, "min": 0.20730908215, "dvar2": 0.0011630281806, "dvar": 0.000425396807259, "dmean": 0.0212665181607, "max": 0.500000059605, "var": 0.000876265228726, "mean": 0.457002311945}, "spectral_skewness": {"dmean2": 0.296875357628, "median": 1.47375237942, "min": -0.0550812780857, "dvar2": 0.108569487929, "dvar": 0.0486166588962, "dmean": 0.186960697174, "max": 6.33209323883, "var": 0.169940888882, "mean": 1.51326179504}, "spectral_flux": {"dmean2": 0.0328783839941, "median": 0.064481601119, "min": 6.46438874652e-11, "dvar2": 0.00136069650762, "dvar": 0.000658219505567, "dmean": 0.0217793043703, "max": 0.300453871489, "var": 0.00194501341321, "mean": 0.0728602185845}, "spectral_contrast_valleys": {"dmean2": [0.589039027691, 0.528294682503, 0.51811170578, 0.488369226456, 0.417084395885, 0.439055651426], "median": [-7.09899377823, -6.75623512268, -7.29672574997, -7.94468402863, -7.81447601318, -9.88997936249], "min": [-27.4793357849, -27.7487945557, -27.6292381287, -27.678106308, -27.4077911377, -27.3840026855], "dvar2": [0.299503833055, 0.234065279365, 0.252070039511, 0.258071005344, 0.245269238949, 0.312454760075], "dvar": [0.140121787786, 0.102893292904, 0.110984131694, 0.114574916661, 0.112429328263, 0.178959384561], "dmean": [0.368046194315, 0.328041255474, 0.321479409933, 0.304820001125, 0.270497947931, 0.321035504341], "max": [-5.28146839142, -4.84640741348, -5.4812078476, -5.86229038239, -5.62246751785, -7.26224756241], "var": [1.95093131065, 1.46011602879, 1.35703122616, 1.28538310528, 1.26156270504, 1.25234758854], "mean": [-7.43926668167, -6.95739126205, -7.49417924881, -8.13898086548, -8.01474189758, -9.99568557739]}, "erbbands_flatness_db": {"dmean2": 0.0259506423026, "median": 0.148462221026, "min": 0.0364535450935, "dvar2": 0.000639986013994, "dvar": 0.000348239962477, "dmean": 0.0182373337448, "max": 0.317832410336, "var": 0.00176754640415, "mean": 0.14918422699}, "spectral_energyband_high": {"dmean2": 0.000822640955448, "median": 0.000554828089662, "min": 7.34154378369e-21, "dvar2": 4.98895633427e-06, "dvar": 1.99423334379e-06, "dmean": 0.000531302997842, "max": 0.0486475862563, "var": 2.79400410363e-06, "mean": 0.00105204526335}, "spectral_entropy": {"dmean2": 0.251199424267, "median": 7.53598308563, "min": 5.41877412796, "dvar2": 0.0759872421622, "dvar": 0.0387903079391, "dmean": 0.173595666885, "max": 9.81576442719, "var": 0.146060138941, "mean": 7.53818702698}, "silence_rate_20dB": {"dmean2": 0, "median": 1, "min": 1, "dvar2": 0, "dvar": 0, "dmean": 0, "max": 1, "var": 0, "mean": 1}, "melbands_flatness_db": {"dmean2": 0.030134499073, "median": 0.170089229941, "min": 0.000551025616005, "dvar2": 0.00123553560115, "dvar": 0.000531038269401, "dmean": 0.0199375189841, "max": 0.529585897923, "var": 0.0033578032162, "mean": 0.179409444332}, "barkbands": {"dmean2": [0.000287758331979, 0.00322089763358, 0.00125236541498, 0.00106598401908, 0.00228719878942, 0.00146802107338, 0.00098498549778, 0.000521748035681, 0.000986841274425, 0.00139107671566, 0.00140338996425, 0.0011766954558, 0.00106155290268, 0.000585204339586, 0.000516516505741, 0.000320371706039, 0.000228567048907, 0.000208582670894, 0.000222057831706, 0.000301846768707, 0.000213811101275, 0.000196158114704, 0.000181740047992, 0.00011764424562, 8.24946400826e-05, 6.81979145156e-05, 1.7047739675e-05], "median": [7.23377597751e-05, 0.00187526131049, 0.00113271619193, 0.000502834038343, 0.00143842690159, 0.0011915153591, 0.00054202915635, 0.000306927686324, 0.000410924199969, 0.000333144271281, 0.000358417630196, 0.000230264762649, 0.000273704878055, 0.000134355825139, 0.000168155951542, 8.25318566058e-05, 8.40921857161e-05, 9.31458926061e-05, 9.7804419056e-05, 0.000157540402142, 9.78294192464e-05, 6.92952162353e-05, 8.13063888927e-05, 4.12770532421e-05, 3.07105365209e-05, 8.26268569654e-06, 6.45513239306e-07], "min": [2.47938666967e-24, 2.01170870707e-24, 2.43759084676e-24, 3.13084693786e-24, 1.15832714451e-23, 1.9582638935e-23, 2.18919282608e-