{"tonal": {"thpcp": [1, 0.667791306973, 0.470084369183, 0.411617726088, 0.571365654469, 0.812799572945, 0.636538624763, 0.48293659091, 0.633192241192, 0.674225568771, 0.600678324699, 0.595465958118, 0.564386427402, 0.529955208302, 0.657714426517, 0.726496458054, 0.661490738392, 0.702521264553, 0.635512530804, 0.44267064333, 0.449618399143, 0.470257014036, 0.358994573355, 0.355858832598, 0.399811476469, 0.379457354546, 0.403674989939, 0.431473433971, 0.476383239031, 0.602864265442, 0.609902381897, 0.498765468597, 0.501951277256, 0.534420192242, 0.61986130476, 0.931573688984], "hpcp": {"dmean2": [0.269736200571, 0.244713306427, 0.205951675773, 0.193018049002, 0.186112314463, 0.158005163074, 0.163972020149, 0.189491868019, 0.195358753204, 0.202885210514, 0.214107558131, 0.224056184292, 0.238763168454, 0.242743730545, 0.240488797426, 0.271713525057, 0.290174484253, 0.315255731344, 0.353502362967, 0.352066040039, 0.298339635134, 0.234621703625, 0.20954619348, 0.287792593241, 0.392530530691, 0.29128241539, 0.229889735579, 0.26116669178, 0.280983865261, 0.284937560558, 0.29717373848, 0.298092514277, 0.281571388245, 0.305126905441, 0.320872992277, 0.310144484043], "median": [0.0377991273999, 0.0314434915781, 0.0296152178198, 0.0372237786651, 0.0378694012761, 0.0277098864317, 0.0216046124697, 0.0218964070082, 0.0228997915983, 0.0270967036486, 0.0283217057586, 0.032337449491, 0.0486654564738, 0.0486886873841, 0.0376394502819, 0.0312607176602, 0.0308849550784, 0.047834161669, 0.0908479094505, 0.0928072929382, 0.0543076209724, 0.0290258862078, 0.0207134783268, 0.0424159094691, 0.0524433851242, 0.0535414814949, 0.0323214754462, 0.0460216701031, 0.0491651371121, 0.0419500917196, 0.0424065813422, 0.0331051200628, 0.0302698351443, 0.0422420725226, 0.0479197502136, 0.0459311753511], "min": [2.59827975242e-05, 1.52541970238e-05, 2.2135242034e-05, 2.99514049402e-05, 3.27179332089e-05, 4.33540881204e-05, 7.31099225959e-06, 1.7980024495e-05, 1.78792506631e-05, 1.63855183928e-05, 1.79939906957e-05, 3.01081872749e-05, 4.82451396238e-05, 6.47793713142e-05, 2.223393858e-05, 2.58421714534e-05, 2.53776761383e-05, 4.6289897e-05, 5.23679082107e-05, 4.53645880043e-05, 3.16051628033e-05, 6.13594465904e-06, 7.38250446375e-06, 6.20405353402e-06, 4.35648580606e-05, 1.94336062123e-05, 2.88685496344e-05, 2.90508160106e-05, 3.04640361719e-05, 3.86691426684e-05, 1.47681448652e-05, 2.92339173029e-05, 2.90068164759e-05, 1.20439262901e-05, 7.58754413255e-06, 2.16530952457e-05], "dvar2": [0.136090248823, 0.126465886831, 0.101956047118, 0.094038374722, 0.0885481759906, 0.0753329843283, 0.0802947208285, 0.100771643221, 0.11372192204, 0.118962489069, 0.123460404575, 0.125936925411, 0.125939503312, 0.128559321165, 0.133936434984, 0.167020663619, 0.17752584815, 0.176840692759, 0.170606195927, 0.168131366372, 0.156026542187, 0.132621482015, 0.117398068309, 0.139445245266, 0.217492848635, 0.128882199526, 0.13233551383, 0.141308695078, 0.15078432858, 0.157124936581, 0.159168764949, 0.1735637784, 0.160956352949, 0.171859070659, 0.170328229666, 0.165102034807], "dvar": [0.0525714419782, 0.0487347245216, 0.0369422473013, 0.0345228798687, 0.0335695371032, 0.0273250322789, 0.0291806645691, 0.0371777936816, 0.0410847179592, 0.0424424335361, 0.0441773422062, 0.0457274131477, 0.0466683208942, 0.0469785109162, 0.0474433861673, 0.0593231394887, 0.0634111389518, 0.0634856745601, 0.0658641904593, 0.0678240209818, 0.0578909777105, 0.0480279177427, 0.0430812239647, 0.0505582541227, 0.0840203762054, 0.0486247874796, 0.0485540479422, 0.0526505559683, 0.0561692640185, 0.0577569566667, 0.0595026575029, 0.0647565051913, 0.0583883523941, 0.0628788098693, 0.0635228902102, 0.0593348406255], "dmean": [0.151924744248, 0.13783736527, 0.114952377975, 0.108841784298, 0.105769388378, 0.0888944119215, 0.0920363366604, 0.10615054518, 0.107993245125, 0.111756786704, 0.118524879217, 0.124964237213, 0.136132344604, 0.138129517436, 0.133725956082, 0.148078992963, 0.158243626356, 0.174494832754, 0.201769188046, 0.203675657511, 0.168158069253, 0.1308516711, 0.115852303803, 0.159722328186, 0.21746943891, 0.163772210479, 0.129007577896, 0.149055615067, 0.159608617425, 0.159568727016, 0.165831267834, 0.165792644024, 0.155334025621, 0.170129552484, 0.17864228785, 0.1731005162], "max": [1, 1, 1, 1, 1, 1, 1, 1, 1, 1, 1, 1, 1, 1, 1, 1, 1, 1, 1, 1, 1, 1, 1, 1, 1, 1, 1, 1, 1, 1, 1, 1, 1, 1, 1, 1], "var": [0.0786941200495, 0.0719378739595, 0.0365999154747, 0.0357010439038, 0.0390143841505, 0.0271011218429, 0.0302393753082, 0.0370137989521, 0.0341764129698, 0.0355599932373, 0.0382296703756, 0.044111661613, 0.0552138499916, 0.056252617389, 0.0437063574791, 0.0502793267369, 0.0554777346551, 0.0582775995135, 0.0868891254067, 0.0991705209017, 0.0602933056653, 0.0427859313786, 0.0378893576562, 0.0461414977908, 0.0899584665895, 0.0506020076573, 0.0449284911156, 0.0614100024104, 0.0664224177599, 0.0566314272583, 0.0552064888179, 0.0572197884321, 0.0521383360028, 0.0667393133044, 0.0755784362555, 0.0627183914185], "mean": [0.174791574478, 0.158119380474, 0.110139153898, 0.111867792904, 0.117002807558, 0.0893200337887, 0.0885398462415, 0.0994755327702, 0.0944112986326, 0.100436799228, 0.1073532179, 0.118527047336, 0.149996295571, 0.15174742043, 0.124095886946, 0.124888539314, 0.132966995239, 0.154225260019, 0.231781199574, 0.248806089163, 0.166150540113, 0.11695985496, 0.102412998676, 0.142159253359, 0.202229484916, 0.158374682069, 0.120157562196, 0.157542079687, 0.167751431465, 0.149452418089, 0.148155555129, 0.140422776341, 0.13185608387, 0.163643360138, 0.180756747723, 0.164582923055]}, "tuning_equal_tempered_deviation": 0.175498381257, "chords_changes_rate": 0.0924965068698, "key_key": "G#", "tuning_diatonic_strength": 0.392280399799, "key_scale": "major", "chords_number_rate": 0.00199560960755, "tuning_frequency": 434.193115234, "tuning_nontempered_energy_ratio": 0.885931432247, "chords_histogram": [9.80842113495, 5.05887031555, 7.8128118515, 1.35701453686, 2.44462180138, 1.31710243225, 1.46677315235, 0.628617048264, 0.419078022242, 0.229495108128, 0.868090212345, 1.50668525696, 2.77389740944, 7.96248245239, 5.68748760223, 1.1574536562, 1.20734381676, 4.02115345001, 8.03232860565, 19.2975444794, 2.22510480881, 2.30492925644, 9.44921207428, 2.96348023415], "key_strength": 0.501349449158, "chords_key": "D#", "chords_strength": {"dmean2": 0.0147150503471, "median": 0.460704922676, "min": 0.204273194075, "dvar2": 0.000162850745255, "dvar": 0.000107081214082, "dmean": 0.012548264116, "max": 0.809888124466, "var": 0.0100185014307, "mean": 0.463846683502}, "chords_scale": "minor", "hpcp_entropy": {"dmean2": 1.14920568466, "median": 2.19397354126, "min": 0.0346211232245, "dvar2": 0.803022265434, "dvar": 0.301709145308, "dmean": 0.682510793209, "max": 4.45878696442, "var": 0.665928781033, "mean": 2.15288591385}}, "metadata": {"audio_properties": {"equal_loudness": 0, "codec": "mp3", "downmix": "mix", "sample_rate": 44100, "analysis_sample_rate": 44100, "bit_rate": 160009, "md5_encoded": "d19158f70113397df6408c1162690136", "length": 465.371429443, "replay_gain": -9.78614425659, "lossless": false}, "version": {"essentia_build_sha": "70f2e5ece6736b2c40cc944ad0e695b16b925413", "essentia": "2.1-beta2", "extractor": "music 1.0", "essentia_git_sha": "v2.1_beta2"}, "tags": {"title": ["You Would Know"], "media": ["CD"], "albumartist": ["Eru Dangerspiel"], "musicbrainz_recordingid": ["18151add-278c-4b26-a269-89311f32b66e"], "encoding": ["Lavf56.36.100"], "originalyear": ["2010"], "discnumber": ["1/1"], "album": ["Great News for the Modern Man: Live at the Auckland Town Hall"], "catalognumber": ["LP055"], "musicbrainz album release country": ["NZ"], "musicbrainz album type": ["album/live"], "musicbrainz album status": ["official"], "musicbrainz_albumartistid": ["050ffd01-f3e8-4de5-95dc-be42776c5251"], "date": ["2010"], "file_name": "Eru Dangerspiel - You Would Know.mp3", "musicbrainz_releasegroupid": ["035673d9-dd3c-40f4-8e24-21b454229abf"], "script": ["Latn"], "originaldate": ["2010"], "musicbrainz_albumid": ["3631e77d-9668-455c-8960-03bf77d3e7be"], "artist": ["Eru Dangerspiel"], "artistsort": ["Eru Dangerspiel"], "tracknumber": ["2/7"], "label": ["LOOP Recordings Aot(ear)oa"], "albumartistsort": ["Eru Dangerspiel"], "acoustid_id": ["7c8ce30f-6c77-4f22-ad33-8c3df9aa1172"], "musicbrainz_artistid": ["050ffd01-f3e8-4de5-95dc-be42776c5251"]}}, "rhythm": {"bpm_histogram_first_peak_bpm": {"dmean2": 0, "median": 120, "min": 120, "dvar2": 0, "dvar": 0, "dmean": 0, "max": 120, "var": 0, "mean": 120}, "bpm": 80.6329269409, "bpm_histogram_second_peak_spread": {"dmean2": 0, "median": 0.231404900551, "min": 0.231404900551, "dvar2": 0, "dvar": 0, "dmean": 0, "max": 0.231404900551, "var": 0, "mean": 0.231404900551}, "bpm_histogram_first_peak_weight": {"dmean2": 0, "median": 0.211382120848, "min": 0.211382120848, "dvar2": 0, "dvar": 0, "dmean": 0, "max": 0.211382120848, "var": 0, "mean": 0.211382120848}, "onset_rate": 3.30693268776, "beats_position": [0.801088392735, 1.6137868166, 2.42648530006, 3.25079369545, 4.04027223587, 4.80653047562, 5.5727891922, 6.31582736969, 7.05886602402, 7.80190467834, 8.56816291809, 9.32281208038, 10.0658502579, 10.7972784042, 11.5403175354, 12.2833557129, 13.0263938904, 13.7694330215, 14.512471199, 15.2555103302, 15.9985485077, 16.7415866852, 17.4846248627, 18.2276649475, 18.9823131561, 19.7253513336, 20.4683895111, 21.2230377197, 21.9660758972, 22.7091159821, 23.4405441284, 24.1835823059, 24.9266204834, 25.6696586609, 26.4010887146, 27.1441268921, 27.8755550385, 28.6069831848, 29.3268013, 30.0466213226, 30.7548294067, 31.4630374908, 32.1828575134, 32.9026756287, 33.6108856201, 34.3190917969, 35.0389099121, 35.7587280273, 36.4669380188, 37.1751480103, 37.883354187, 38.5915641785, 39.2881622314, 40.0079803467, 40.7394104004, 41.4708366394, 42.1906585693, 42.9104766846, 43.6302947998, 44.350112915, 45.0699310303, 45.801361084, 46.532787323, 47.2526054382, 47.9956436157, 48.7154655457, 49.4352836609, 50.1551017761, 50.8981399536, 51.6411781311, 52.3842163086, 53.1272544861, 53.8702926636, 54.6133308411, 55.3447608948, 56.0761909485, 56.8076171875, 57.550655365, 58.2820854187, 59.0135154724, 59.7449417114, 60.4763717651, 61.2077980042, 61.9392280579, 62.6706581116, 63.3904762268, 64.1102905273, 64.8417205811, 65.5731506348, 66.327796936, 67.0708389282, 67.8022689819, 68.5453033447, 69.2883453369, 70.0313796997, 70.7744216919, 71.5174560547, 72.2721099854, 73.0267562866, 73.7814025879, 74.5360565186, 75.2907028198, 76.0453491211, 76.7999954224, 77.554649353, 78.3092956543, 79.0639419556, 79.8185958862, 80.5732421875, 81.3278884888, 82.08253479, 82.8371887207, 83.591835022, 84.3348770142, 85.077911377, 85.8209533691, 86.5639877319, 87.3070297241, 88.0500640869, 88.8163223267, 89.5825805664, 90.3488388062, 91.1034927368, 91.8581390381, 92.6243972778, 93.4138793945, 94.2033538818, 94.9696121216, 95.7474822998, 96.525352478, 97.3032150269, 98.0694732666, 98.8473434448, 99.6019973755, 100.356643677, 101.09967804, 101.865936279, 102.608978271, 103.352012634, 104.095054626, 104.838096619, 105.581130981, 106.335777283, 107.067207336, 107.787025452, 108.530067444, 109.273101807, 110.00453186, 110.735961914, 111.490608215, 112.245262146, 112.988296509, 113.74294281, 114.497596741, 115.240631104, 115.995285034, 116.749931335, 117.516189575, 118.259223938, 119.00226593, 119.745300293, 120.499954224, 121.254600525, 121.997642517, 122.74067688, 123.483718872, 124.226753235, 124.969795227, 125.71282959, 126.455871582, 127.198905945, 127.941947937, 128.6849823, 129.428024292, 130.182678223, 130.937316895, 131.703582764, 132.446624756, 133.189651489, 133.932693481, 134.675735474, 135.418777466, 136.161804199, 136.904846191, 137.671112061, 138.425750732, 139.180404663, 139.923446655, 140.666488647, 141.409515381, 142.152557373, 142.895599365, 143.638641357, 144.381668091, 145.124710083, 145.867752075, 146.610794067, 147.35383606, 148.096862793, 148.839904785, 149.594558716, 150.349197388, 151.103851318, 151.858505249, 152.601531982, 153.344573975, 154.087615967, 154.830657959, 155.596908569, 156.3515625, 157.106216431, 157.872467041, 158.63873291, 159.381759644, 160.113189697, 160.867843628, 161.634094238, 162.400360107, 163.166610718, 163.921264648, 164.675918579, 165.418960571, 166.173599243, 166.928253174, 167.671295166, 168.425933838, 169.180587769, 169.946838379, 170.713104248, 171.467758179, 172.222396851, 172.98866272, 173.731704712, 174.486343384, 175.240997314, 175.984039307, 176.715454102, 177.446884155, 178.189926147, 178.93296814, 179.676010132, 180.419036865, 181.162078857, 181.916732788, 182.671386719, 183.402801514, 184.134231567, 184.87727356, 185.63192749, 186.386566162, 187.129608154, 187.872650146, 188.615692139, 189.358734131, 190.101760864, 190.844802856, 191.599456787, 192.354095459, 193.10874939, 193.86340332, 194.618041992, 195.372695923, 196.115737915, 196.881988525, 197.648254395, 198.414505005, 199.157546997, 199.923812866, 200.6668396, 201.409881592, 202.152923584, 202.895965576, 203.63899231, 204.382034302, 205.125076294, 205.868118286, 206.611160278, 207.342575073, 208.085617065, 208.828659058, 209.583312988, 210.349563599, 211.104217529, 211.835647583, 212.555465698, 213.298492432, 214.053146362, 214.796188354, 215.550842285, 216.293869019, 217.036911011, 217.779953003, 218.522994995, 219.266021729, 220.020675659, 220.763717651, 221.518356323, 222.261398315, 223.004440308, 223.735870361, 224.467300415, 225.198730469, 225.930160522, 226.673187256, 227.393005371, 228.124435425, 228.855865479, 229.598907471, 230.330337524, 231.061767578, 231.781585693, 232.513015747, 233.244445801, 233.975875854, 234.707290649, 235.450332642, 236.181762695, 236.913192749, 237.656234741, 238.399276733, 239.142303467, 239.862121582, 240.581939697, 241.324981689, 242.068023682, 242.799453735, 243.530883789, 244.273925781, 245.016952515, 245.748382568, 246.479812622, 247.211242676, 247.942672729, 248.685714722, 249.417144775, 250.14855957, 250.868392944, 251.58821106, 252.319625854, 253.051055908, 253.770874023, 254.490692139, 255.210510254, 255.953552246, 256.696594238, 257.45123291, 258.182678223, 258.925720215, 259.65713501, 260.388580322, 261.108398438, 261.874633789, 262.640899658, 263.407165527, 264.173431396, 264.951293945, 265.729156494, 266.495422363, 267.261688232, 268.016326904, 268.770965576, 269.537231445, 270.303497314, 271.069732666, 271.835998535, 272.602264404, 273.368530273, 274.123168945, 274.877807617, 275.644073486, 276.398712158, 277.083709717, 277.768707275, 278.314361572, 278.871643066, 279.417327881, 279.939758301, 280.462219238, 280.984680176, 281.495513916, 282.006347656, 282.505584717, 283.00479126, 283.492431641, 283.980041504, 284.490875244, 284.978485107, 285.489349365, 285.988555908, 286.487792969, 286.998626709, 287.49786377, 287.99710083, 288.50793457, 289.018768311, 289.529602051, 290.040435791, 290.528076172, 291.038909912, 291.549743652, 292.060577393, 292.571411133, 293.082275391, 293.581481934, 294.080718994, 294.579956055, 295.079193115, 295.590026855, 296.100860596, 296.588470459, 297.08770752, 297.58694458, 298.086151123, 298.597015381, 299.107849121, 299.607055664, 300.117919922, 300.628753662, 301.151184082, 301.66204834, 302.18447876, 302.68371582, 303.182952881, 303.682159424, 304.181396484, 304.680633545, 305.191467285, 305.690704346, 306.201538086, 306.712371826, 307.223205566, 307.734039307, 308.221679688, 308.732513428, 309.231750488, 309.730957031, 310.241821289, 310.752655029, 311.26348877, 311.77432251, 312.261932373, 312.772796631, 313.272003174, 313.771240234, 314.282073975, 314.769714355, 315.268920898, 315.768157959, 316.26739502, 316.755004883, 317.254241943, 317.741851807, 318.22946167, 318.717102051, 319.204711914, 319.715545654, 320.226379395, 320.725616455, 321.224853516, 321.712463379, 322.211700439, 322.734130859, 323.23336792, 323.74420166, 324.266662598, 324.777496338, 325.288330078, 325.810791016, 326.333221436, 326.844085693, 327.366516113, 327.877349854, 328.399810791, 328.922271729, 329.444702148, 329.955535889, 330.477996826, 331.000457764, 331.511291504, 332.022125244, 332.532958984, 333.043792725, 333.554656982, 334.053863525, 334.553100586, 335.063934326, 335.574768066, 336.085632324, 336.596466064, 337.107299805, 337.618133545, 338.128967285, 338.639801025, 339.150665283, 339.661499023, 340.160705566, 340.671569824, 341.182403564, 341.693237305, 342.180847168, 342.668487549, 343.144470215, 343.632110596, 344.131317139, 344.630554199, 345.141387939, 345.640625, 346.139862061, 346.650695801, 347.149932861, 347.649139404, 348.148376465, 348.647613525, 349.146850586, 349.646057129, 350.156921387, 350.65612793, 351.15536499, 351.642974854, 352.130615234, 352.629821777, 353.129058838, 353.628295898, 354.127532959, 354.615142822, 355.114379883, 355.613586426, 356.112823486, 356.612060547, 357.09967041, 357.587280273, 358.098144531, 358.608978271, 359.108215332, 359.607421875, 360.118255615, 360.605895996, 361.093505859, 361.6043396, 362.11517334, 362.626037598, 363.113647461, 363.612884521, 364.112091064, 364.611328125, 365.122161865, 365.644622803, 366.155456543, 366.666290283, 367.177124023, 367.687988281, 368.198822021, 368.709655762, 369.220489502, 369.719726562, 370.218963623, 370.729797363, 371.240631104, 371.751464844, 372.262298584, 372.773132324, 373.283996582, 373.794830322, 374.305664062, 374.816497803, 375.315734863, 375.814971924, 376.314178467, 376.813415527, 377.324249268, 377.823486328, 378.322723389, 378.833557129, 379.344390869, 379.855224609, 380.36605835, 380.876922607, 381.37612915, 381.875366211, 382.386199951, 382.885437012, 383.396270752, 383.918731689, 384.417938232, 384.92880249, 385.428009033, 385.927246094, 386.426483154, 386.937316895, 387.436553955, 387.935760498, 388.434997559, 388.934234619, 389.43347168, 389.932678223, 390.431915283, 390.931152344, 391.441986084, 391.941223145, 392.440460205, 392.951293945, 393.450500488, 393.949737549, 394.460571289, 394.95980835, 395.45904541, 395.958282471, 396.457489014, 396.956726074, 397.467559814, 397.966796875, 398.477630615, 399.000091553, 399.499298096, 400.010162354, 400.520996094, 401.031829834, 401.531066895, 402.030273438, 402.517913818, 403.005523682, 403.493133545, 403.980773926, 404.468383789, 404.96762085, 405.466827393, 405.954467773, 406.453674316, 406.952911377, 407.452148438, 407.939758301, 408.438995361, 408.938232422, 409.437438965, 409.936676025, 410.435913086, 410.935150146, 411.434356689, 411.93359375, 412.432830811, 412.943664551, 413.442901611, 413.942138672, 414.441345215, 414.952178955, 415.451416016, 415.962249756, 416.473114014, 416.972320557, 417.471557617, 417.982391357, 418.493225098, 418.992462158, 419.491699219, 419.990936279, 420.490142822, 420.989379883, 421.488616943, 421.987823486, 422.487060547, 422.997894287, 423.497131348, 423.996368408, 424.495605469, 424.994812012, 425.494049072, 425.993286133, 426.480895996, 426.980133057, 427.479370117, 427.96697998, 428.466217041, 428.965423584, 429.453063965, 429.952270508, 430.451507568, 430.950744629, 431.449981689, 431.937591553, 432.425201416, 432.924438477, 433.423675537, 433.9112854, 434.398895264, 434.886535645, 435.385742188, 435.884979248, 436.372589111, 436.860229492, 437.347839355, 437.835449219, 438.3230896, 438.822296143, 439.321533203, 439.809143066, 440.308380127, 440.807617188, 441.295227051, 441.794464111, 442.282073975, 442.781311035, 443.280548096, 443.779754639, 444.26739502, 444.766601562, 445.265838623, 445.765075684, 446.252685547, 446.751922607, 447.239532471, 447.727142334, 448.214782715, 448.714019775, 449.213226318, 449.724060059, 450.281341553, 450.838623047, 451.395904541, 452.046081543, 452.696228027, 453.346374512, 453.996551514, 454.646697998, 455.296875, 455.947021484, 456.608795166, 457.270568848, 457.920715332, 458.582489014, 459.244262695, 459.906036377, 460.567779541, 461.125061035, 461.682342529, 462.239624023, 462.796905518, 463.354187012, 463.923065186, 464.491973877], "beats_loudness": {"dmean2": 0.0725255012512, "median": 0.0646949484944, "min": 0.000226802178076, "dvar2": 0.00258895684965, "dvar": 0.000793034385424, "dmean": 0.0392409451306, "max": 0.196645736694, "var": 0.00127503718249, "mean": 0.0671899616718}, "danceability": 1.38893425465, "bpm_histogram_second_peak_weight": {"dmean2": 0, "median": 0.37804877758, "min": 0.37804877758, "dvar2": 0, "dvar": 0, "dmean": 0, "max": 0.37804877758, "var": 0, "mean": 0.37804877758}, "beats_count": 739, "bpm_histogram_second_peak_bpm": {"dmean2": 0, "median": 81, "min": 81, "dvar2": 0, "dvar": 0, "dmean": 0, "max": 81, "var": 0, "mean": 81}, "bpm_histogram_first_peak_spread": {"dmean2": 0, "median": 0.512500047684, "min": 0.512500047684, "dvar2": 0, "dvar": 0, "dmean": 0, "max": 0.512500047684, "var": 0, "mean": 0.512500047684}, "beats_loudness_band_ratio": {"dmean2": [0.651616156101, 0.306171298027, 0.227188900113, 0.143447458744, 0.110540427268, 0.150962620974], "median": [0.728835225105, 0.0330944657326, 0.0810512974858, 0.058436948806, 0.0358155369759, 0.0353469960392], "min": [5.20227804373e-05, 0.000210596554098, 0.000643188133836, 0.000265745067736, 0.000144868739881, 0.000239377463004], "dvar2": [0.239899247885, 0.0666851103306, 0.0362948812544, 0.0148452157155, 0.00907665584236, 0.0159431397915], "dvar": [0.0642630904913, 0.0196230839938, 0.010925672017, 0.00518064107746, 0.00279385573231, 0.00470682699233], "dmean": [0.339567691088, 0.156761184335, 0.122171238065, 0.0764605030417, 0.0581577531993, 0.0784425362945], "max": [0.990242898464, 0.606069266796, 0.714166283607, 0.828161597252, 0.389102369547, 0.85057246685], "var": [0.092480763793, 0.0178865306079, 0.0139946658164, 0.0138385044411, 0.00391533132643, 0.00467496598139], "mean": [0.618861615658, 0.108167044818, 0.117639392614, 0.0897752791643, 0.056064683944, 0.0660188868642]}}, "lowlevel": {"barkbands_spread": {"dmean2": 12.7279500961, "median": 24.2676467896, "min": 0.214246615767, "dvar2": 182.715621948, "dvar": 79.2276077271, "dmean": 7.90422677994, "max": 130.503234863, "var": 237.331466675, "mean": 25.6686935425}, "melbands_spread": {"dmean2": 14.5019130707, "median": 21.7701530457, "min": 0.277438223362, "dvar2": 266.422637939, "dvar": 120.303276062, "dmean": 8.96865558624, "max": 273.974304199, "var": 383.462219238, "mean": 24.8292942047}, "hfc": {"dmean2": 10.5323371887, "median": 20.7985954285, "min": 1.19187964772e-16, "dvar2": 257.490234375, "dvar": 113.915992737, "dmean": 6.98065948486, "max": 152.721939087, "var": 369.96206665, "mean": 24.5816459656}, "barkbands_kurtosis": {"dmean2": 13.6095504761, "median": 1.56434345245, "min": -1.93185293674, "dvar2": 1445.92333984, "dvar": 590.672851562, "dmean": 8.17830944061, "max": 652.934692383, "var": 983.930847168, "mean": 9.68382549286}, "gfcc": {"mean": [21.315984726, 61.5888328552, -103.001678467, 21.6489181519, -46.1462287903, 22.309928894, -24.2119216919, 16.4827480316, -17.4202022552, 11.0541496277, -15.4684066772, 2.74305510521, -14.1830940247], "icov": [[0.000208114463021, 6.70795852784e-05, -2.25282801694e-05, -0.000130709406221, -0.000109277156298, 0.000152948763571, 0.000161826275871, -0.000208267418202, 0.000452938722447, -0.000379186327336, 0.000240295747062, -8.06946045486e-05, 0.000280687148916], [6.70795852784e-05, 0.00181559345219, -0.000124564074213, -0.000544792215806, -0.00100179098081, 0.000670103181619, -0.000998698058538, 0.00194566370919, -0.00153222109657, 0.00199854606763, -0.00295344321057, 0.00268002133816, -0.00120112427976], [-2.25282801694e-05, -0.000124564074213, 0.00138965214137, -0.00111297809053, -0.000256766710663, 0.000615000783, -0.00082428206224, 0.000707195082214, 0.000227495183935, -0.00106638739817, 0.00055404799059, -0.000918522768188, 0.000802198017482], [-0.000130709406221, -0.000544792215806, -0.00111297809053, 0.00443438021466, -0.000321750034345, -0.00178160879295, 0.0013411246473, -0.000257014471572, -0.00117534899618, 0.000400480348617, 3.31197297783e-05, 0.00126011227258, -0.00124556140509], [-0.000109277156298, -0.00100179098081, -0.000256766710663, -0.000321750034345, 0.00465071434155, -0.00131371419411, -0.00123562954832, -0.000201484450372, -0.000993512570858, -0.000712595996447, 0.00177687511314, -0.00228147627786, 0.000895772827789], [0.000152948763571, 0.000670103181619, 0.000615000783, -0.00178160879295, -0.00131371419411, 0.00711282016709, -0.00394455716014, 0.0014737653546, 0.000350638612872, -0.000975712726358, -0.000187805271707, 0.000213489940506, 0.000848052615765], [0.000161826275871, -0.000998698058538, -0.00082428206224, 0.0013411246473, -0.00123562954832, -0.00394455716014, 0.0112643241882, -0.00553673552349, 0.00108600943349, -8.47418341436e-05, -0.000149212166434, -0.001039682189, 0.00331460195594], [-0.000208267418202, 0.00194566370919, 0.000707195082214, -0.000257014471572, -0.000201484450372, 0.0014737653546, -0.00553673552349, 0.0148154720664, -0.0077495817095, 0.00314468261786, -0.00451838271692, 0.00389960431494, -0.00445845490322], [0.000452938722447, -0.00153222109657, 0.000227495183935, -0.00117534899618, -0.000993512570858, 0.000350638612872, 0.00108600943349, -0.0077495817095, 0.0191160533577, -0.00841308664531, 0.00505424290895, -0.00203111022711, -0.000261164736003], [-0.000379186327336, 0.00199854606763, -0.00106638739817, 0.000400480348617, -0.000712595996447, -0.000975712726358, -8.47418341436e-05, 0.00314468261786, -0.00841308664531, 0.0206349901855, -0.00806062016636, 0.00101242819801, 0.000977045157924], [0.000240295747062, -0.00295344321057, 0.00055404799059, 3.31197297783e-05, 0.00177687511314, -0.000187805271707, -0.000149212166434, -0.00451838271692, 0.00505424290895, -0.00806062016636, 0.0178080946207, -0.00542522827163, 0.000485483469674], [-8.06946045486e-05, 0.00268002133816, -0.000918522768188, 0.00126011227258, -0.00228147627786, 0.000213489940506, -0.001039682189, 0.00389960431494, -0.00203111022711, 0.00101242819801, -0.00542522827163, 0.0204991400242, -0.00767291756347], [0.000280687148916, -0.00120112427976, 0.000802198017482, -0.00124556140509, 0.000895772827789, 0.000848052615765, 0.00331460195594, -0.00445845490322, -0.000261164736003, 0.000977045157924, 0.000485483469674, -0.00767291756347, 0.0168897807598]], "cov": [[6093.64697266, -714.006347656, 355.82321167, 92.3885116577, 26.7477664948, -101.583587646, -143.250656128, -59.5607223511, -131.259735107, 100.598999023, -136.053604126, 30.8126125336, -136.000656128], [-714.006347656, 1390.36987305, 298.413818359, 279.219116211, 280.420501709, 58.0627746582, 134.325683594, -38.1748008728, 73.2085342407, -35.1676063538, 128.896896362, -93.0640258789, 20.1173000336], [355.82321167, 298.413818359, 1264.23583984, 355.961578369, 262.224060059, 89.4111022949, 113.443557739, -80.8487319946, 30.5074882507, 74.1530532837, -8.61061477661, 14.6487207413, -77.404335022], [92.3885116577, 279.219116211, 355.961578369, 403.01473999, 146.291931152, 94.842956543, 39.4400138855, -12.5722503662, 43.2769165039, 18.1182785034, 6.31193065643, -21.2022323608, -2.63660526276], [26.7477664948, 280.420501709, 262.224060059, 146.291931152, 393.734863281, 131.116363525, 121.143173218, 1.78517889977, 51.2674369812, 26.8013076782, 1.92694067955, 7.34250259399, -30.4145259857], [-101.583587646, 58.0627746582, 89.4111022949, 94.842956543, 131.116363525, 245.748306274, 112.645095825, 3.83949375153, 16.7990913391, 21.6536579132, 4.19592618942, -4.1214299202, -34.8069648743], [-143.250656128, 134.325683594, 113.443557739, 39.4400138855, 121.143173218, 112.645095825, 188.117324829, 46.0549354553, 26.8446826935, 13.3711919785, 20.1903324127, -6.7919549942, -31.412147522], [-59.5607223511, -38.1748008728, -80.8487319946, -12.5722503662, 1.78517889977, 3.83949375153, 46.0549354553, 128.255752563, 45.092338562, 3.66123247147, 17.4408607483, -1.77584183216, 24.895652771], [-131.259735107, 73.2085342407, 30.5074882507, 43.2769165039, 51.2674369812, 16.7990913391, 26.8446826935, 45.092338562, 93.2435913086, 26.3822650909, 4.99931001663, 0.812421739101, 12.3435907364], [100.598999023, -35.1676063538, 74.1530532837, 18.1182785034, 26.8013076782, 21.6536579132, 13.3711919785, 3.66123247147, 26.3822650909, 77.1618881226, 19.8483314514, 10.0325984955, -10.5934381485], [-136.053604126, 128.896896362, -8.61061477661, 6.31193065643, 1.92694067955, 4.19592618942, 20.1903324127, 17.4408607483, 4.99931001663, 19.8483314514, 94.0088500977, 8.94791698456, 12.9226503372], [30.8126125336, -93.0640258789, 14.6487207413, -21.2022323608, 7.34250259399, -4.1214299202, -6.7919549942, -1.77584183216, 0.812421739101, 10.0325984955, 8.94791698456, 75.0267333984, 24.5511074066], [-136.000656128, 20.1173000336, -77.404335022, -2.63660526276, -30.4145259857, -34.8069648743, -31.412147522, 24.895652771, 12.3435907364, -10.5934381485, 12.9226503372, 24.5511074066, 94.0629730225]]}, "spectral_energyband_middle_low": {"dmean2": 0.00835741683841, "median": 0.00498707359657, "min": 3.23576304012e-22, "dvar2": 0.000388512155041, "dvar": 0.000144748395542, "dmean": 0.00497977528721, "max": 0.134317755699, "var": 0.00015293348406, "mean": 0.00898917578161}, "melbands_crest": {"dmean2": 6.61498451233, "median": 15.8499574661, "min": 2.26920580864, "dvar2": 30.2276172638, "dvar": 11.9757671356, "dmean": 3.99188160896, "max": 36.4152793884, "var": 36.9467658997, "mean": 15.9656181335}, "spectral_kurtosis": {"dmean2": 1.54900348186, "median": 3.65769863129, "min": -1.18438196182, "dvar2": 3.4884326458, "dvar": 1.3494617939, "dmean": 0.959804415703, "max": 23.8678131104, "var": 4.49208164215, "mean": 4.00613927841}, "spectral_rms": {"dmean2": 0.00210313661955, "median": 0.00512972706929, "min": 3.27824291151e-12, "dvar2": 6.55969415675e-06, "dvar": 2.95025370178e-06, "dmean": 0.0013617912773, "max": 0.0159642323852, "var": 7.25365134713e-06, "mean": 0.00541695253924}, "zerocrossingrate": {"dmean2": 0.0170825831592, "median": 0.06689453125, "min": 0.00146484375, "dvar2": 0.000328623951646, "dvar": 0.000256013765465, "dmean": 0.0141765279695, "max": 0.49365234375, "var": 0.00180808256846, "mean": 0.0718807354569}, "silence_rate_60dB": {"dmean2": 0.0375230759382, "median": 0, "min": 0, "dvar2": 0.0409017987549, "dvar": 0.0184178706259, "dmean": 0.0187606029212, "max": 1, "var": 0.0617959052324, "mean": 0.0661577582359}, "erbbands_kurtosis": {"dmean2": 1.53529691696, "median": 0.119556665421, "min": -1.79177713394, "dvar2": 6.79797506332, "dvar": 2.75711798668, "dmean": 0.947946608067, "max": 60.1725196838, "var": 4.58447599411, "mean": 0.627925693989}, "erbbands": {"dmean2": [0.513989269733, 5.55528926849, 11.1042928696, 4.25274419785, 9.02870845795, 12.0768270493, 8.7905664444, 10.3017654419, 15.4350395203, 33.2314453125, 33.4285507202, 35.1646575928, 44.4778633118, 22.5677700043, 21.7223205566, 31.4050064087, 28.7347183228, 40.1804504395, 24.894865036, 23.4224777222, 25.189119339, 15.5808143616, 13.6688041687, 13.7798109055, 10.7004184723, 10.8499603271, 9.76725959778, 8.23122406006, 6.19766330719, 4.02328920364, 3.14102387428, 2.16986632347, 2.0896999836, 0.895299613476, 0.409651964903, 0.296471267939, 0.254848778248, 0.113001123071, 0.00837202742696, 0.000133227120386], "median": [0.133450195193, 1.17037153244, 2.09573340416, 1.88215887547, 1.47680926323, 1.79370510578, 2.93600153923, 3.89012670517, 4.84532928467, 6.47917985916, 10.6780776978, 13.2260141373, 13.6186189651, 11.0706005096, 12.6176366806, 18.2809410095, 17.4449539185, 19.5394649506, 14.520283699, 13.5814781189, 14.6273937225, 9.34271621704, 9.71288013458, 9.66486358643, 7.14452552795, 7.25251436234, 6.81867790222, 4.9960641861, 3.72563195229, 2.62713575363, 2.36712694168, 1.83656167984, 1.70359396935, 0.925188004971, 0.387349963188, 0.19765843451, 0.129453226924, 0.0378267876804, 0.00188374659047, 8.32194200484e-05], "min": [2.26778511956e-21, 1.03801949951e-20, 1.37400515859e-20, 2.51512892482e-20, 2.68902523092e-20, 1.32782935186e-19, 1.79930873008e-19, 4.14496301692e-19, 6.52441293091e-19, 1.29720397195e-18, 1.71932912779e-18, 1.1775715283e-18, 2.95422654728e-18, 1.99365623671e-18, 2.04749452765e-18, 5.07982450235e-18, 5.7225268811e-18, 6.91014400095e-18, 1.29381371017e-17, 7.25132167563e-18, 8.64540721227e-18, 8.6709331788e-18, 1.67395051637e-17, 1.16882589244e-17, 1.16340628778e-17, 1.63349129282e-17, 1.13354862454e-17, 1.39524789084e-17, 2.15091758139e-17, 1.72010305865e-17, 2.53204121406e-17, 2.28782854591e-17, 1.82275071328e-17, 1.23869312385e-17, 9.43016669429e-18, 5.83781766052e-18, 3.08376261762e-18, 1.42312867513e-18, 3.38368284979e-19, 3.73154454449e-20], "dvar2": [0.771945714951, 101.323005676, 496.540649414, 64.8902282715, 979.518188477, 1782.63085938, 269.189971924, 420.505249023, 1351.33703613, 11391.1806641, 4935.12060547, 5825.23535156, 10830.2197266, 2607.96704102, 1462.52441406, 3051.87426758, 2207.19238281, 5342.09960938, 1966.67492676, 1948.72888184, 1924.89538574, 1200.60009766, 514.153015137, 520.364074707, 341.573608398, 386.533843994, 350.751647949, 291.829772949, 144.362579346, 66.2545623779, 42.1709976196, 26.7116756439, 24.2996673584, 2.88156056404, 0.476813733578, 0.234249427915, 0.194887802005, 0.0467252209783, 0.000288373586955, 5.62815607452e-08], "dvar": [0.292711138725, 40.1019897461, 197.76121521, 24.9564647675, 354.836242676, 622.292114258, 102.372283936, 174.72088623, 523.337890625, 4193.92089844, 1955.83569336, 2584.69213867, 4905.54736328, 1169.30480957, 561.479309082, 1158.36474609, 823.596862793, 1961.49584961, 776.890869141, 759.171020508, 775.095092773, 456.846221924, 205.106826782, 207.512664795, 132.623336792, 157.409286499, 135.710372925, 113.773674011, 58.642780304, 28.6233844757, 19.4727706909, 13.1553468704, 11.5737266541, 1.3997797966, 0.222214236856, 0.0981013998389, 0.0762608572841, 0.0179170351475, 0.000110593136924, 2.22532090532e-08], "dmean": [0.307540774345, 3.32127952576, 6.61568498611, 2.58167457581, 5.15585279465, 6.66070699692, 5.25369596481, 6.36514997482, 9.32295703888, 19.3240947723, 20.5491123199, 22.4636993408, 28.7141780853, 14.3426971436, 13.0293216705, 18.898317337, 17.2169704437, 24.1340866089, 15.1241359711, 14.3182382584, 15.480840683, 9.47759723663, 8.33791351318, 8.39141178131, 6.45702362061, 6.68287754059, 5.94399452209, 4.99082374573, 3.82953071594, 2.55323433876, 2.04418992996, 1.43967783451, 1.39970231056, 0.602470040321, 0.272039651871, 0.19093722105, 0.158893689513, 0.0695212483406, 0.00510056363419, 8.43140587676e-05], "max": [6.22159576416, 50.7725028992, 117.743492126, 77.3613052368, 215.921875, 287.875183105, 214.888748169, 283.296600342, 410.762207031, 1091.95483398, 1165.97277832, 1067.11181641, 1631.80761719, 1636.22485352, 830.363586426, 1196.06921387, 540.559936523, 1033.12280273, 999.813293457, 541.737487793, 745.058837891, 1026.61486816, 347.682128906, 322.943084717, 226.958267212, 411.030517578, 283.795898438, 227.65637207, 173.852401733, 139.745223999, 149.751098633, 135.263183594, 102.356491089, 37.7159767151, 13.8078889847, 6.42411327362, 4.0622959137, 2.11104226112, 0.283615678549, 0.0035826258827], "var": [0.409120976925, 44.4642829895, 195.212158203, 27.5821228027, 241.254821777, 371.767486572, 188.831954956, 380.018432617, 811.57220459, 3375.31738281, 4932.55419922, 6404.36767578, 13742.921875, 4277.45605469, 1176.09155273, 2391.71191406, 1708.35668945, 3621.37695312, 1393.68200684, 1310.41674805, 1735.53540039, 1062.83947754, 428.021057129, 508.790161133, 348.714324951, 409.702301025, 223.949615479, 170.25038147, 110.60534668, 63.9545097351, 49.3253364563, 33.5466995239, 30.8144435883, 4.27096509933, 0.705759048462, 0.247872024775, 0.122561529279, 0.0225259885192, 0.000124216763652, 3.00349078941e-08], "mean": [0.40368360281, 3.83445310593, 7.1600317955, 3.60476374626, 4.76864242554, 5.80335903168, 7.85944509506, 10.2747125626, 13.3391656876, 21.2812137604, 34.3004760742, 39.1386947632, 51.8175392151, 27.454208374, 22.3613872528, 33.260181427, 31.5059146881, 40.7257461548, 26.4325084686, 25.0124225616, 28.4299449921, 18.5046215057, 15.9948816299, 17.0276088715, 13.5291748047, 13.6062679291, 11.3494758606, 9.21834087372, 7.44831418991, 5.37605857849, 4.56811237335, 3.37621450424, 3.2390935421, 1.50992977619, 0.68018078804, 0.392090976238, 0.264622569084, 0.0994819775224, 0.00659416243434, 0.000144568199175]}, "spectral_strongpeak": {"dmean2": 0.859240412712, "median": 0.413598835468, "min": 0, "dvar2": 1.45948553085, "dvar": 0.559847772121, "dmean": 0.502990424633, "max": 8.90864467621, "var": 0.994175434113, "mean": 0.815008640289}, "spectral_energy": {"dmean2": 0.0317126214504, "median": 0.0269719529897, "min": 1.10155480615e-20, "dvar2": 0.00231132726185, "dvar": 0.000956403324381, "dmean": 0.0197376441211, "max": 0.261228173971, "var": 0.00136096042115, "mean": 0.0375120937824}, "average_loudness": 0.861122310162, "spectral_rolloff": {"dmean2": 1105.29431152, "median": 1270.45898438, "min": 64.599609375, "dvar2": 3053609.5, "dvar": 1354930.875, "dmean": 656.565368652, "max": 18453.9550781, "var": 2726501.75, "mean": 1563.93432617}, "spectral_centroid": {"dmean2": 474.913665771, "median": 1519.92468262, "min": 106.19947052, "dvar2": 263907.4375, "dvar": 110527.75, "dmean": 295.259399414, "max": 10533.1757812, "var": 394763.75, "mean": 1511.81958008}, "pitch_salience": {"dmean2": 0.155327871442, "median": 0.496811419725, "min": 0.0507030747831, "dvar2": 0.0196556374431, "dvar": 0.00818073377013, "dmean": 0.0946589559317, "max": 0.956629395485, "var": 0.0235765464604, "mean": 0.484035551548}, "spectral_energyband_middle_high": {"dmean2": 0.00328688439913, "median": 0.00440517161041, "min": 1.6809515679e-21, "dvar2": 2.06589156733e-05, "dvar": 8.44273563416e-06, "dmean": 0.00203615939245, "max": 0.0516498237848, "var": 3.06411457132e-05, "mean": 0.00571604538709}, "spectral_contrast_coeffs": {"dmean2": [0.0916054025292, 0.079588830471, 0.0642912089825, 0.0517595596611, 0.0339960716665, 0.0300831086934], "median": [-0.699570178986, -0.765230536461, -0.786911606789, -0.780842423439, -0.801476418972, -0.776439785957], "min": [-0.947513759136, -0.960031449795, -0.960151314735, -0.960220992565, -0.962053716183, -0.956849098206], "dvar2": [0.00640646414831, 0.00390082900412, 0.00260432250798, 0.00178331148345, 0.000762851326726, 0.000960220757406], "dvar": [0.00249818852171, 0.0015110312961, 0.00101368618198, 0.000707406783476, 0.000312188232783, 0.000385301740607], "dmean": [0.055535171181, 0.0483165569603, 0.0392206795514, 0.0318822264671, 0.020984923467, 0.0185000952333], "max": [-0.249240085483, -0.363080143929, -0.418989658356, -0.532997369766, -0.593408882618, -0.597105741501], "var": [0.00613174401224, 0.00694752391428, 0.0053399791941, 0.00364126334898, 0.0018863362493, 0.00112447119318], "mean": [-0.691228270531, -0.750389456749, -0.773084640503, -0.775975048542, -0.796983242035, -0.775015771389]}, "melbands_skewness": {"dmean2": 1.9355173111, "median": 2.44262075424, "min": -1.47230887413, "dvar2": 4.97009706497, "dvar": 2.22063946724, "dmean": 1.21565139294, "max": 26.868270874, "var": 6.44467020035, "mean": 3.18631434441}, "spectral_spread": {"dmean2": 886019.625, "median": 5425433, "min": 1436486.25, "dvar2": 1067194056700.0, "dvar": 571769159680, "dmean": 615541.8125, "max": 40105560, "var": 2293386182660.0, "mean": 5497957.5}, "dissonance": {"dmean2": 0.0294045954943, "median": 0.47877523303, "min": 0.293269366026, "dvar2": 0.000827596290037, "dvar": 0.000300794403302, "dmean": 0.0172173250467, "max": 0.500000178814, "var": 0.000595749588683, "mean": 0.472006917}, "spectral_skewness": {"dmean2": 0.262602061033, "median": 1.55578362942, "min": 0.0326230078936, "dvar2": 0.074711188674, "dvar": 0.0305656343699, "dmean": 0.166122823954, "max": 3.77196216583, "var": 0.130134135485, "mean": 1.57184123993}, "spectral_flux": {"dmean2": 0.0649565607309, "median": 0.0883790925145, "min": 1.04954982205e-10, "dvar2": 0.00671251723543, "dvar": 0.00273676612414, "dmean": 0.0399457998574, "max": 0.439390569925, "var": 0.00485043181106, "mean": 0.106177903712}, "spectral_contrast_vall