{"metadata": {"tags": {"album": ["\u00ce\u00b4\u00d6\u00aa\u00b3\u00aa\u00c6\u00ac\u00bc\u00af (2013/4/18 17:57:40)"], "musicbrainz_recordingid": ["181cfb60-1bcd-45ef-8d4e-14fe9fe61798"], "file_name": "1904905.mp3", "title": ["\u00c7\u00fa\u00c4\u00bf 10"], "tracknumber": ["10"], "length": ["211106"]}, "audio_properties": {"sample_rate": 44100, "downmix": "mix", "lossless": false, "analysis_sample_rate": 44100, "md5_encoded": "459138aebe1a2569e9b278c266d1b10f", "equal_loudness": 0, "replay_gain": -11.2625675201, "codec": "mp3", "bit_rate": 320000, "length": 211.095504761}, "version": {"extractor": "music 1.0", "essentia_build_sha": "70f2e5ece6736b2c40cc944ad0e695b16b925413", "essentia_git_sha": "v2.1_beta2", "essentia": "2.1-beta2"}}, "rhythm": {"beats_loudness_band_ratio": {"dvar2": [0.0342755094171, 0.0437375940382, 0.0702956691384, 0.0478192940354, 0.0102354027331, 0.00323981884867], "var": [0.0320006497204, 0.0406123176217, 0.061945989728, 0.0711839422584, 0.00459407735616, 0.00066793221049], "min": [0.000256458850345, 0.00230949069373, 0.00234288279898, 0.00256893760525, 0.0011254491983, 0.000103521502751], "dmean": [0.0993540436029, 0.124303050339, 0.186548113823, 0.146623805165, 0.0406430698931, 0.0119715537876], "mean": [0.152124941349, 0.195346936584, 0.375080227852, 0.294462352991, 0.0498702973127, 0.0100160818547], "max": [0.849219679832, 0.927469968796, 0.939787626266, 0.980734050274, 0.508830845356, 0.267256140709], "dmean2": [0.161000564694, 0.211373105645, 0.308166325092, 0.240793123841, 0.0714591220021, 0.0221487563103], "median": [0.0905060172081, 0.113908782601, 0.365091979504, 0.228841558099, 0.025570884347, 0.00351646356285], "dvar": [0.0148759037256, 0.019289586693, 0.0272061638534, 0.0213597528636, 0.00390307977796, 0.00111599895172]}, "bpm_histogram_first_peak_weight": {"dvar2": 0, "var": 0, "min": 0.302231252193, "dmean": 0, "mean": 0.302231252193, "max": 0.302231252193, "dmean2": 0, "median": 0.302231252193, "dvar": 0}, "bpm": 155.009155273, "beats_count": 494, "bpm_histogram_first_peak_spread": {"dvar2": 0, "var": 0, "min": 0.158192038536, "dmean": 0, "mean": 0.158192038536, "max": 0.158192038536, "dmean2": 0, "median": 0.158192038536, "dvar": 0}, "danceability": 0.881587028503, "bpm_histogram_first_peak_bpm": {"dvar2": 0, "var": 0, "min": 157, "dmean": 0, "mean": 157, "max": 157, "dmean2": 0, "median": 157, "dvar": 0}, "beats_position": [0.568888902664, 1.13777780533, 1.70666658878, 2.27555561066, 2.8444442749, 3.41333317757, 3.98222208023, 4.55111122131, 5.11999988556, 5.6888885498, 6.25777769089, 6.82666635513, 7.38394546509, 7.94122457504, 8.498503685, 9.05578231812, 9.6014509201, 10.1587295532, 10.7972784042, 11.4358272552, 12.0395460129, 12.6432647705, 13.2469835281, 13.7926530838, 14.3267116547, 14.8607711792, 15.4064397812, 15.9521083832, 16.4861679077, 17.0202255249, 17.5542850494, 18.0186843872, 18.4946937561, 18.9590930939, 19.4699325562, 19.9923801422, 20.5032196045, 21.0140590668, 21.5248966217, 22.0473461151, 22.5697956085, 23.0922451019, 23.614692688, 24.195192337, 24.764081955, 25.37940979, 25.9947395325, 26.6100673676, 27.22539711, 27.8407249451, 28.4560546875, 29.0713825226, 29.686712265, 30.1975498199, 30.6967792511, 31.1960086823, 31.66040802, 32.1131973267, 32.5775947571, 33.0187759399, 33.4599533081, 33.901134491, 34.3539237976, 34.8067131042, 35.2594985962, 35.6890678406, 36.118637085, 36.5482063293, 36.96616745, 37.3957366943, 37.8253059387, 38.2664833069, 38.6960525513, 39.1372337341, 39.5668029785, 39.9963722229, 40.4143295288, 40.8438987732, 41.2618598938, 41.6798171997, 42.0977783203, 42.5389556885, 42.9801368713, 43.4213142395, 43.8741035461, 44.3268928528, 44.7448501587, 45.1511993408, 45.5575485229, 45.9522895813, 46.347026825, 46.7417678833, 47.1365089417, 47.5312461853, 47.9375953674, 48.3323364258, 48.7270736694, 49.1218147278, 49.5165519714, 49.9112930298, 50.3060302734, 50.7123794556, 51.1071205139, 51.5018577576, 51.8965988159, 52.2565078735, 52.6164169312, 52.9763259888, 53.3362350464, 53.7077522278, 54.0908851624, 54.4740142822, 54.8571434021, 55.240272522, 55.6234016418, 56.0065307617, 56.3780479431, 56.761177063, 57.1443061829, 57.5390472412, 57.9221763611, 58.2936935425, 58.6768226624, 59.0715637207, 59.4546928406, 59.8378219604, 60.2325630188, 60.6156921387, 60.9988212585, 61.3819503784, 61.7650794983, 62.1598167419, 62.5429458618, 62.9260749817, 63.3092041016, 63.6923332214, 64.0754623413, 64.4585952759, 64.8533325195, 65.2248535156, 65.5963668823, 65.9794998169, 66.3626327515, 66.7457580566, 67.1404953003, 67.5352401733, 67.929977417, 68.3131027222, 68.6962356567, 69.0793609619, 69.450881958, 69.8340148926, 70.2171401978, 70.6002731323, 70.995010376, 71.3897476196, 71.7844848633, 72.1676177979, 72.5507507324, 72.9222640991, 73.3053970337, 73.6885223389, 74.060043335, 74.4431762695, 74.8263015747, 75.2094345093, 75.6041717529, 75.9989089966, 76.3936462402, 76.7883911133, 77.1715164185, 77.554649353, 77.9493865967, 78.3441238403, 78.7272567749, 79.098777771, 79.4819030762, 79.8766403198, 80.2597732544, 80.6428985596, 81.0260314941, 81.4091567993, 81.7922897339, 82.1870269775, 82.5701599121, 82.9648971558, 83.3596343994, 83.7543716431, 84.1607208252, 84.5670700073, 84.9850311279, 85.4029922485, 85.8209533691, 86.2389068604, 86.656867981, 87.0632171631, 87.4695663452, 87.8643035889, 88.2590484619, 88.6537857056, 89.0485229492, 89.4432601929, 89.8380050659, 90.2211303711, 90.6042633057, 90.9873886108, 91.3705215454, 91.7652587891, 92.1832199097, 92.5895690918, 93.0075302124, 93.4254837036, 93.8086166382, 94.2033538818, 94.5864868164, 94.9696121216, 95.3527450562, 95.7358703613, 96.1073913574, 96.4789123535, 96.8968658447, 97.3032150269, 97.7211761475, 98.1391372681, 98.5687026978, 98.9866638184, 99.4162368774, 99.8225860596, 100.217323303, 100.612060547, 101.006797791, 101.378318787, 101.761451721, 102.144577026, 102.53931427, 102.934059143, 103.317184448, 103.700317383, 104.083442688, 104.466575623, 104.849700928, 105.232833862, 105.615959167, 106.010704041, 106.393829346, 106.788566589, 107.171699524, 107.554824829, 107.949569702, 108.332695007, 108.715827942, 109.087341309, 109.458862305, 109.841995239, 110.213516235, 110.596641541, 110.979774475, 111.36289978, 111.780860901, 112.198822021, 112.616775513, 112.988296509, 113.359817505, 113.719726562, 114.07963562, 114.451156616, 114.822669983, 115.194190979, 115.565711975, 115.960449219, 116.355194092, 116.749931335, 117.144668579, 117.539405823, 117.922538757, 118.305664062, 118.700408936, 119.106758118, 119.5131073, 119.919456482, 120.337409973, 120.743759155, 121.161720276, 121.579681396, 122.044082642, 122.508476257, 122.972877502, 123.425666809, 123.866844177, 124.319633484, 124.772422791, 125.260040283, 125.759269714, 126.258499146, 126.757728577, 127.256958008, 127.756187439, 128.243804932, 128.731430054, 129.230651855, 129.822769165, 130.414871216, 130.97215271, 131.517822266, 132.063491821, 132.609161377, 133.166442871, 133.723709106, 134.269378662, 134.815048218, 135.349105835, 135.894775391, 136.440444946, 136.951293945, 137.450515747, 137.961364746, 138.344482422, 138.727615356, 139.110748291, 139.493881226, 139.876998901, 140.260131836, 140.620040894, 140.99156189, 141.374694824, 141.757827759, 142.140945435, 142.535690308, 142.918823242, 143.301940918, 143.685073853, 144.068206787, 144.451339722, 144.834457397, 145.217590332, 145.612335205, 145.99546814, 146.378585815, 146.76171875, 147.144851685, 147.539596558, 147.922714233, 148.305847168, 148.688980103, 149.083709717, 149.466842651, 149.849975586, 150.244720459, 150.627838135, 151.010971069, 151.394104004, 151.777236938, 152.160354614, 152.555099487, 152.926620483, 153.309753418, 153.692871094, 154.06439209, 154.447525024, 154.830657959, 155.225387573, 155.608520508, 155.991653442, 156.409606934, 156.815963745, 157.222305298, 157.628662109, 158.035003662, 158.441360474, 158.847702026, 159.242446899, 159.648788452, 160.066757202, 160.473098755, 160.879455566, 161.274185181, 161.680541992, 162.086883545, 162.493240356, 162.887985229, 163.294326782, 163.677459717, 164.072189331, 164.466934204, 164.850067139, 165.233200073, 165.616317749, 165.987838745, 166.37097168, 166.742492676, 167.114013672, 167.497146606, 167.868652344, 168.298233032, 168.7394104, 169.180587769, 169.621765137, 170.051330566, 170.492507935, 170.898864746, 171.316818237, 171.723175049, 172.129516602, 172.524261475, 172.919006348, 173.313735962, 173.708480835, 174.09161377, 174.486343384, 174.869476318, 175.240997314, 175.624130249, 176.007247925, 176.390380859, 176.773513794, 177.156646729, 177.539764404, 177.922897339, 178.306030273, 178.700775146, 179.083892822, 179.478637695, 179.86177063, 180.233291626, 180.616409302, 181.011154175, 181.394287109, 181.789016724, 182.172149658, 182.555282593, 182.926803589, 183.298324585, 183.658233643, 184.041351318, 184.424484253, 184.807617188, 185.190750122, 185.573867798, 186.038269043, 186.502670288, 186.967071533, 187.41986084, 187.872650146, 188.337051392, 188.801452637, 189.265853882, 189.730239868, 190.194641113, 190.612609863, 191.018951416, 191.425308228, 191.843261719, 192.272827148, 192.690795898, 193.10874939, 193.538314819, 193.967880249, 194.397460938, 194.827026367, 195.256591797, 195.674560547, 196.092514038, 196.510467529, 196.928436279, 197.346389771, 197.7759552, 198.19392395, 198.62348938, 199.064666748, 199.529067993, 199.993469238, 200.457870483, 200.945480347, 201.42149353, 201.909118652, 202.477996826, 203.03527832, 203.592559814, 204.149841309, 204.707122803, 205.171508789, 205.624298096, 206.088699341, 206.553100586, 206.936233521, 207.319366455, 207.702484131, 208.074005127, 208.457138062, 208.840270996, 209.223403931, 209.606521606, 209.989654541, 210.372787476], "beats_loudness": {"dvar2": 0.000349523121258, "var": 0.00035148387542, "min": 1.37424018831e-08, "dmean": 0.0103845708072, "mean": 0.0214938428253, "max": 0.128198638558, "dmean2": 0.01655619964, "median": 0.0169326141477, "dvar": 0.000136781163746}, "bpm_histogram_second_peak_weight": {"dvar2": 0, "var": 0, "min": 0.160243406892, "dmean": 0, "mean": 0.160243406892, "max": 0.160243406892, "dmean2": 0, "median": 0.160243406892, "dvar": 0}, "bpm_histogram_second_peak_spread": {"dvar2": 0, "var": 0, "min": 0.294642865658, "dmean": 0, "mean": 0.294642865658, "max": 0.294642865658, "dmean2": 0, "median": 0.294642865658, "dvar": 0}, "bpm_histogram_second_peak_bpm": {"dvar2": 0, "var": 0, "min": 152, "dmean": 0, "mean": 152, "max": 152, "dmean2": 0, "median": 152, "dvar": 0}, "onset_rate": 1.49680864811}, "lowlevel": {"spectral_energyband_high": {"dvar2": 1.70863163618e-08, "var": 2.09765964598e-08, "min": 7.27348717568e-21, "dmean": 2.45336050284e-05, "mean": 6.1901868321e-05, "max": 0.00445068068802, "dmean2": 3.47575478372e-05, "median": 2.0484900233e-05, "dvar": 9.20106657532e-09}, "spectral_energyband_middle_low": {"dvar2": 8.95779157872e-05, "var": 0.000212082028156, "min": 2.0860931865e-22, "dmean": 0.00354367285036, "mean": 0.012018202804, "max": 0.147257968783, "dmean2": 0.00499934935942, "median": 0.00682619772851, "dvar": 4.25880134571e-05}, "spectral_energy": {"dvar2": 0.000122835088405, "var": 0.000358476798283, "min": 1.04770009761e-20, "dmean": 0.00450760265812, "mean": 0.0192856602371, "max": 0.162289753556, "dmean2": 0.00645415345207, "median": 0.0126960296184, "dvar": 5.60016960662e-05}, "spectral_spread": {"dvar2": 609482833920, "var": 2792900263940.0, "min": 1109647.5, "dmean": 327083.8125, "mean": 3017239.25, "max": 41271780, "dmean2": 498864.21875, "median": 2628900, "dvar": 349205757952}, "spectral_energyband_low": {"dvar2": 1.491158514e-06, "var": 2.9012592222e-06, "min": 3.48340276035e-23, "dmean": 0.000313730328344, "mean": 0.00130377267487, "max": 0.0158893801272, "dmean2": 0.000451350526419, "median": 0.000563107721973, "dvar": 6.30303304661e-07}, "spectral_rolloff": {"dvar2": 524208.375, "var": 814053.5625, "min": 129.19921875, "dmean": 157.745010376, "mean": 1111.44616699, "max": 19315.2832031, "dmean2": 274.491821289, "median": 1033.59375, "dvar": 238348.078125}, "barkbands": {"dvar2": [4.08797995455e-11, 1.19369406093e-06, 7.97987453893e-08, 2.49023258903e-07, 1.45940441598e-06, 4.02498380936e-06, 2.28892786254e-05, 2.38223383349e-05, 1.82779349416e-05, 1.98816123884e-05, 2.2943751901e-05, 7.84652729635e-06, 3.56721693606e-06, 5.91586649534e-06, 5.59085776786e-07, 1.15987127458e-07, 3.4644273228e-08, 3.90142993467e-08, 9.24900778188e-09, 3.37422756402e-09, 6.78641365326e-10, 2.4591492731e-10, 9.78535807938e-10, 1.16232268255e-09, 2.67861466341e-09, 1.13721455863e-10, 9.88666071754e-14], "var": [2.36352049043e-11, 1.75734430741e-06, 2.97252341852e-07, 8.22277456791e-07, 2.11485757973e-06, 1.19490787256e-05, 6.51836380712e-05, 4.88884215883e-05, 3.62381870218e-05, 3.02145763271e-05, 3.58705874532e-05, 1.15294596981e-05, 4.74953276353e-06, 5.91214484302e-06, 1.03708123333e-06, 1.45242154304e-07, 3.82430584978e-08, 3.721491737e-08, 2.83291843317e-08, 6.81734357855e-09, 7.57593154876e-10, 2.01565930613e-10, 7.76586073226e-10, 1.09613484955e-09, 2.14102024998e-09, 1.0090734498e-10, 5.02899113954e-14], "min": [3.23183592487e-25, 3.68091885821e-24, 7.17149977948e-24, 6.47268419115e-24, 2.15999455963e-23, 2.21300001711e-23, 3.27189116564e-23, 3.31318046096e-23, 2.28740111785e-23, 4.16836311129e-23, 2.62771476573e-23, 3.59788572591e-23, 7.82600378859e-23, 6.73943308863e-23, 1.15527695071e-22, 6.03196369617e-23, 8.67709950835e-23, 1.3723150525e-22, 1.87580167561e-22, 1.84982492777e-22, 2.90397773593e-22, 3.34670944757e-22, 4.57307942658e-22, 5.78737137716e-22, 1.05418070228e-21, 1.63829592762e-21, 2.00849166446e-21], "dmean": [1.98892507797e-06, 0.000228882621741, 8.47138944664e-05, 0.000183160300367, 0.000298355793348, 0.000635218399111, 0.00137741107028, 0.00126241764519, 0.000583456247114, 0.00065017293673, 0.00107872800436, 0.000440037838416, 0.000374364171876, 0.00032440762152, 0.000150167645188, 8.11059944681e-05, 4.50567968073e-05, 3.30872680934e-05, 2.90347052214e-05, 1.5090305169e-05, 4.7263970373e-06, 2.06957770388e-06, 2.96775920106e-06, 5.20880939803e-06, 5.90744593865e-06, 9.43216832638e-07, 2.12216519913e-08], "mean": [2.99770726997e-06, 0.000820953340735, 0.000323408661643, 0.000527777476236, 0.000821270048618, 0.00175666448195, 0.00409803492948, 0.00281953928061, 0.00128469069023, 0.00130905571859, 0.00237620435655, 0.000884367153049, 0.000750142498873, 0.00073665328091, 0.000312768272124, 0.000147311671753, 9.09725058591e-05, 7.09846353857e-05, 7.37779482733e-05, 3.72370741388e-05, 1.02541698652e-05, 3.59853834198e-06, 4.30094860349e-06, 1.01939212982e-05, 1.1023762454e-05, 1.45304181842e-06, 2.81019811865e-08], "max": [6.98407602613e-05, 0.0143976584077, 0.00539054535329, 0.0100178867579, 0.0437619276345, 0.0413133837283, 0.0772083327174, 0.0954581946135, 0.13022094965, 0.136816561222, 0.122519291937, 0.0467567741871, 0.0348017178476, 0.0810710564256, 0.0187248717993, 0.00877291336656, 0.00354153639637, 0.00454261666164, 0.00247602327727, 0.00111922598444, 0.000914324249607, 0.000368288194295, 0.0009449297213, 0.000939901277889, 0.00242688204162, 0.000297079503071, 1.09911625259e-05], "dmean2": [3.33445177603e-06, 0.000348107365426, 0.000112586647447, 0.000249659846304, 0.000456292938907, 0.000861334614456, 0.0019310930511, 0.00182881334331, 0.000852247234434, 0.000904756831005, 0.0016084862873, 0.00068448879756, 0.00055317603983, 0.000471697072499, 0.000224332718062, 0.000125195889268, 7.43265190977e-05, 5.3818392189e-05, 4.43024327978e-05, 2.30156019825e-05, 7.08843026587e-06, 3.11467806569e-06, 4.16842794948e-06, 7.58674968893e-06, 8.5944766397e-06, 1.37116910537e-06, 3.34376366595e-08], "median": [6.46594003229e-07, 0.000145631318446, 0.000110701832455, 0.000149553277879, 0.000363908562576, 0.000556088169105, 0.000653104565572, 0.000319509184919, 9.26356588025e-05, 0.000169119521161, 0.000219150300836, 4.68122270831e-05, 8.38897394715e-05, 6.70625304338e-05, 4.58576214442e-05, 4.11862383771e-05, 2.7906631658e-05, 1.47383725562e-05, 1.79758626473e-05, 8.38128835312e-06, 2.79718142338e-06, 1.1812746834e-06, 6.341845733e-07, 1.86286547432e-06, 1.44224804899e-06, 2.038590452e-07, 5.25007859409e-09], "dvar": [1.48511567627e-11, 4.81780432438e-07, 4.03870572541e-08, 1.27492185698e-07, 5.86654209656e-07, 2.24959512707e-06, 1.09139627966e-05, 1.15364373414e-05, 8.65470610734e-06, 1.04891041701e-05, 1.01255100162e-05, 3.23715244122e-06, 1.58277646278e-06, 2.32366664932e-06, 2.56648235109e-07, 5.32051060986e-08, 1.27853168053e-08, 1.33932500646e-08, 4.4106296393e-09, 1.59853230652e-09, 3.38321287652e-10, 1.19546358923e-10, 4.60029375704e-10, 5.97046800888e-10, 1.42223832711e-09, 5.72673575228e-11, 4.52355912602e-14]}, "melbands_skewness": {"dvar2": 0.343409657478, "var": 1.90030896664, "min": -6.07470226288, "dmean": 0.414187699556, "mean": 0.947191119194, "max": 9.99231529236, "dmean2": 0.59838104248, "median": 0.896891236305, "dvar": 0.164872124791}, "barkbands_skewness": {"dvar2": 0.320825636387, "var": 2.16478133202, "min": -8.53229618073, "dmean": 0.407010763884, "mean": 0.730553328991, "max": 7.18150854111, "dmean2": 0.585140824318, "median": 0.753276348114, "dvar": 0.156405091286}, "erbbands": {"dvar2": [0.000232225196669, 0.085107550025, 0.154672369361, 0.627839446068, 11.6034812927, 23.0578079224, 55.2483711243, 368.223358154, 2229.85327148, 14310.6796875, 10910.0351562, 13146.6621094, 32272.6210938, 3860.0390625, 39819.6171875, 18555.1347656, 8966.65820312, 16402.1015625, 2089.61401367, 808.727661133, 132.838394165, 46.6628036499, 134.68572998, 31.6489868164, 20.8768157959, 9.74884319305, 1.53853261471, 1.27909553051, 0.229912206531, 0.472633689642, 1.14944815636, 0.327837496996, 0.463637471199, 0.608852386475, 0.0933822467923, 0.00636306079105, 0.000154229273903, 2.32382967624e-06, 2.88744050891e-09, 1.67868483003e-10], "var": [0.000821029010694, 0.114162281156, 0.496475487947, 1.9359087944, 20.1990509033, 28.8416252136, 65.9889602661, 1004.09796143, 9297.45410156, 25547.7460938, 27114.0761719, 26461.7285156, 44380.4023438, 8476.78222656, 58420.5625, 27596.4003906, 11339.1650391, 16464.8320312, 3529.87988281, 1214.63989258, 247.444763184, 69.6585083008, 126.745956421, 56.2260131836, 67.6204223633, 23.4158878326, 3.22410964966, 0.737013876438, 0.210531070828, 0.428046941757, 0.79098957777, 0.356364190578, 0.415763139725, 0.381756901741, 0.0800454393029, 0.005655862391, 0.000165601086337, 1.3543510704e-06, 1.75672409952e-09, 4.86746531969e-10], "min": [2.43879441184e-22, 6.03749859671e-22, 6.90740563245e-21, 1.58256178638e-20, 3.20840515207e-20, 8.12270165024e-20, 4.09208898593e-20, 2.3090638232e-19, 3.09834353707e-19, 3.92438961971e-19, 5.50887760601e-19, 7.52300501192e-19, 1.17088067112e-18, 9.05208559735e-19, 1.14516135113e-18, 2.55579370534e-18, 3.24026767105e-18, 3.04119114701e-18, 4.75204715359e-18, 3.73742369192e-18, 4.40999473541e-18, 5.40911104214e-18, 8.10421023444e-18, 9.67748790718e-18, 1.05240857574e-17, 7.26869329567e-18, 1.19950610407e-17, 1.08183809029e-17, 1.19036914975e-17, 1.10348954283e-17, 1.37656527224e-17, 1.05901716981e-17, 9.63472680542e-18, 1.14275969426e-17, 7.11169689695e-18, 4.95358598752e-18, 2.68915920833e-18, 1.20194585261e-18, 2.92972302769e-19, 2.95736262163e-20], "dmean": [0.00331052183174, 0.0613842494786, 0.110840216279, 0.304405242205, 0.983023822308, 0.991509735584, 1.71353602409, 6.0048365593, 14.4347743988, 31.0472660065, 21.233127594, 16.4302349091, 19.3025588989, 16.4678020477, 44.120967865, 22.2305469513, 19.1786766052, 17.8139343262, 8.4994468689, 6.59171247482, 3.02868700027, 1.75153589249, 1.77170288563, 1.69459104538, 1.1270198822, 0.837352097034, 0.304322004318, 0.102070890367, 0.0651569440961, 0.0758323073387, 0.0947018191218, 0.0889253616333, 0.101230584085, 0.0854993537068, 0.0326667539775, 0.00757043110207, 0.0011239850428, 0.00011601820006, 5.68752739127e-06, 5.31036948814e-06], "mean": [0.0146521963179, 0.212596595287, 0.428126305342, 0.976445317268, 2.87435817719, 2.38963627815, 4.17893409729, 16.9666213989, 46.0137138367, 77.6854553223, 53.6284561157, 38.026638031, 37.2367744446, 39.6916618347, 99.8895187378, 49.4487953186, 40.0017356873, 41.8755836487, 19.685552597, 13.4540081024, 6.66851806641, 4.02174663544, 4.11797523499, 3.96211576462, 3.19273018837, 2.20934176445, 0.796727776527, 0.216540470719, 0.119911536574, 0.117742083967, 0.138462364674, 0.16539876163, 0.193976417184, 0.155371427536, 0.0588577128947, 0.0121583882719, 0.00185597524978, 0.000179413953447, 1.56091246026e-05, 2.27718501264e-05], "max": [0.214867845178, 3.81701922417, 7.34215927124, 14.1285858154, 45.0558586121, 196.564880371, 154.642944336, 365.353881836, 1137.86657715, 1691.6418457, 2424.94238281, 3591.42700195, 5509.25097656, 1778.0065918, 3386.23242188, 2404.00927734, 1742.56445312, 4266.15869141, 1099.68566895, 516.659301758, 227.359420776, 136.71774292, 322.042541504, 117.692169189, 111.999404907, 68.917175293, 31.154253006, 52.3297271729, 11.5318775177, 17.268995285, 33.5620231628, 13.6074085236, 20.289024353, 34.2937088013, 14.1778249741, 2.40698242188, 0.381983935833, 0.0490818805993, 0.00221254071221, 0.000190239748918], "dmean2": [0.0049232239835, 0.0935379341245, 0.153103366494, 0.410332649946, 1.45073962212, 1.53083527088, 2.60437893867, 8.33211421967, 18.3913059235, 45.9335021973, 30.1175689697, 23.6452503204, 26.6602802277, 23.5816802979, 66.8453369141, 34.2316131592, 28.3553085327, 25.7388572693, 12.3200597763, 10.3628168106, 4.65286207199, 2.84803080559, 2.94086694717, 2.65458607674, 1.69370186329, 1.26518189907, 0.440305501223, 0.158910766244, 0.0981980115175, 0.110358275473, 0.13589887321, 0.130092605948, 0.147654086351, 0.126000031829, 0.0487467385828, 0.0110493805259, 0.00158769940026, 0.000168416008819, 8.14420127426e-06, 7.61597993915e-06], "median": [0.00186748325359, 0.0416453443468, 0.161254480481, 0.44589984417, 0.978940606117, 0.943382799625, 1.68125188351, 5.76645088196, 9.70392417908, 14.6536798477, 5.42014598846, 3.64664840698, 5.77977800369, 8.88159561157, 12.7359142303, 6.444627285, 6.89281845093, 5.8762421608, 3.85710024834, 3.76724481583, 2.06151151657, 1.28773832321, 1.12575650215, 1.20498275757, 0.542360723019, 0.479045659304, 0.178672000766, 0.0883050113916, 0.0395575910807, 0.0290388464928, 0.0229111928493, 0.0282685570419, 0.0298960097134, 0.020431926474, 0.007107778918, 0.00145093270112, 0.000331809656927, 3.8660964492e-05, 9.3538155852e-06, 1.50755204231e-05], "dvar": [0.000107453844976, 0.0341022536159, 0.0758298635483, 0.311954975128, 4.08433532715, 9.65317821503, 22.8239479065, 195.764038086, 1275.71057129, 6325.05419922, 5572.00634766, 6295.98974609, 16453.4042969, 1949.25830078, 16358.4091797, 7504.41162109, 3898.34985352, 6471.26855469, 922.248352051, 355.45413208, 62.2808570862, 17.5276813507, 45.2292709351, 14.1828794479, 9.72784423828, 4.49326610565, 0.779213607311, 0.621508300304, 0.112643696368, 0.240932807326, 0.513180017471, 0.173659101129, 0.235625460744, 0.286712944508, 0.0519836060703, 0.00331703806296, 8.29208292998e-05, 1.06483230411e-06, 1.34980671085e-09, 7.58116625033e-11]}, "silence_rate_30dB": {"dvar2": 0.00438395608217, "var": 0.0020850058645, "min": 0, "dmean": 0.00197976245545, "mean": 0.997910499573, "max": 1, "dmean2": 0.0039599603042, "median": 1, "dvar": 0.00197576335631}, "melbands_spread": {"dvar2": 32.9236564636, "var": 99.6630401611, "min": 1.0162512064, "dmean": 3.12109136581, "mean": 15.3916788101, "max": 178.342102051, "dmean2": 4.55134916306, "median": 13.7487688065, "dvar": 15.4713792801}, "melbands_crest": {"dvar2": 13.1474294662, "var": 34.6147651672, "min": 2.33322238922, "dmean": 2.49466252327, "mean": 15.2813148499, "max": 33.6127700806, "dmean2": 3.72067451477, "median": 14.1516809464, "dvar": 5.81994628906}, "zerocrossingrate": {"dvar2": 6.1188620748e-05, "var": 0.000663005630486, "min": 0.00390625, "dmean": 0.00422020629048, "mean": 0.0431694760919, "max": 0.51220703125, "dmean2": 0.00502971047536, "median": 0.0400390625, "dvar": 5.14543426107e-05}, "barkbands_kurtosis": {"dvar2": 26.9322433472, "var": 84.588684082, "min": -1.81419479847, "dmean": 2.22897291183, "mean": 4.88716554642, "max": 142.371002197, "dmean2": 3.19577431679, "median": 1.9983716011, "dvar": 14.3801078796}, "spectral_flux": {"dvar2": 0.000834515143652, "var": 0.00100939965341, "min": 6.40204417257e-11, "dmean": 0.0133910709992, "mean": 0.0432673916221, "max": 0.264919161797, "dmean2": 0.0223305877298, "median": 0.0353249721229, "dvar": 0.000314428791171}, "barkbands_crest": {"dvar2": 8.99077796936, "var": 24.3064498901, "min": 3.50953817368, "dmean": 2.10551953316, "mean": 12.6733999252, "max": 26.5559749603, "dmean2": 3.17437982559, "median": 11.8227329254, "dvar": 3.96385216713}, "barkbands_flatness_db": {"dvar2": 0.000477399851661, "var": 0.0023599807173, "min": 0.0386873371899, "dmean": 0.0163681115955, "mean": 0.220863893628, "max": 0.394439846277, "dmean2": 0.0236419253051, "median": 0.219288825989, "dvar": 0.000235910862102}, "spectral_entropy": {"dvar2": 0.0360304825008, "var": 0.173031747341, "min": 5.07554960251, "dmean": 0.137096822262, "mean": 6.55343675613, "max": 9.81041717529, "dmean2": 0.197653442621, "median": 6.56493902206, "dvar": 0.0190291777253}, "pitch_salience": {"dvar2": 0.00528767053038, "var": 0.0120049240068, "min": 0.0689152404666, "dmean": 0.0515834130347, "mean": 0.458276569843, "max": 0.989138901234, "dmean2": 0.07931330055, "median": 0.463573724031, "dvar": 0.00229371804744}, "erbbands_spread": {"dvar2": 42.8935508728, "var": 122.974403381, "min": 0.467515170574, "dmean": 3.35886669159, "mean": 15.7091341019, "max": 133.34211731, "dmean2": 4.97035980225, "median": 13.3626852036, "dvar": 23.3590373993}, "dynamic_complexity": 4.9469833374, "spectral_contrast_valleys": {"dvar2": [0.195828557014, 0.154308319092, 0.116170868278, 0.0823416635394, 0.0484447143972, 0.0714907944202], "var": [2.68144702911, 1.49659669399, 1.3311971426, 1.00866925716, 1.03478074074, 1.43292248249], "min": [-27.4667854309, -27.9337234497, -27.6109352112, -27.397901535, -27.5747776031, -27.3095760345], "dmean": [0.310652792454, 0.286974698305, 0.256764292717, 0.207411244512, 0.152328550816, 0.157791391015], "mean": [-8.76880455017, -7.50668621063, -8.3192243576, -8.9020690918, -9.27599143982, -11.9478359222], "max": [-6.16090106964, -4.95808601379, -5.88481330872, -7.29347705841, -6.95746278763, -8.37483119965], "dmean2": [0.50873708725, 0.470317214727, 0.429531276226, 0.348182827234, 0.246681213379, 0.234734192491], "median": [-8.28335380554, -7.34942388535, -8.18743228912, -8.77935314178, -9.15340805054, -11.8136262894], "dvar": [0.0806650817394, 0.0627988502383, 0.0477069504559, 0.0344231277704, 0.0246435515583, 0.0433007180691]}, "hfc": {"dvar2": 81.651802063, "var": 220.802215576, "min": 1.12679575363e-16, "dmean": 3.40859103203, "mean": 14.0255689621, "max": 157.409210205, "dmean2": 4.94013547897, "median": 8.70436573029, "dvar": 35.4221191406}, "spectral_kurtosis": {"dvar2": 54.5706481934, "var": 50.0855827332, "min": -1.21301186085, "dmean": 4.19604873657, "mean": 13.1033029556, "max": 66.7458572388, "dmean2": 7.24434041977, "median": 11.6003808975, "dvar": 17.8202228546}, "mfcc": {"mean": [-739.870849609, 168.209411621, -23.3575248718, -3.33359789848, 1.20548152924, -15.8603954315, 2.84615516663, -12.4434137344, -8.37273979187, -1.38649618626, -4.07497596741, 0.613591194153, 2.66597771645], "cov": [[6115.82226562, 748.213562012, 100.685462952, 1.24000644684, -83.2776641846, -487.082000732, 512.362487793, 148.884246826, 89.1671218872, 214.103317261, -54.5241241455, 380.293457031, 350.202545166], [748.213562012, 1060.00683594, 11.3505315781, 144.801742554, 40.486743927, -21.7656898499, 125.113380432, 93.3916702271, 42.698387146, 35.9801902771, 69.0363769531, 66.4137649536, 76.9980316162], [100.685462952, 11.3505315781, 863.596374512, 122.176635742, 224.931610107, -72.9786224365, 133.631774902, 56.450252533, 139.094985962, 73.5145797729, 85.3711471558, 113.723075867, 116.153213501], [1.24000644684, 144.801742554, 122.176635742, 495.514587402, 67.6459274292, 67.3324661255, -44.8785362244, 137.748733521, 57.0272750854, 45.9196548462, -6.92737483978, -0.498805999756, 43.0920639038], [-83.2776641846, 40.486743927, 224.931610107, 67.6459274292, 244.317840576, 33.84973526, 30.5549755096, -8.45560359955, 46.6618156433, 42.9719581604, 32.4986038208, 24.7859382629, -11.3102006912], [-487.082000732, -21.7656898499, -72.9786224365, 67.3324661255, 33.84973526, 328.499023438, -40.1818580627, 29.4258518219, -47.3106307983, -38.7821044922, 46.6296768188, -77.5733642578, -88.7666931152], [512.362487793, 125.113380432, 133.631774902, -44.8785362244, 30.5549755096, -40.1818580627, 292.410461426, 28.6242980957, 21.2153835297, 53.4926757812, 29.3216590881, 80.5504760742, 67.7705459595], [148.884246826, 93.3916702271, 56.450252533, 137.748733521, -8.45560359955, 29.4258518219, 28.6242980957, 220.665603638, 66.9921951294, 14.3720226288, -2.84272027016, 15.56914711, 42.3255271912], [89.1671218872, 42.698387146, 139.094985962, 57.0272750854, 46.6618156433, -47.3106307983, 21.2153835297, 66.9921951294, 174.350769043, 73.6694793701, 18.3050518036, 1.87657809258, 21.2473220825], [214.103317261, 35.9801902771, 73.5145797729, 45.9196548462, 42.9719581604, -38.7821044922, 53.4926757812, 14.3720226288, 73.6694793701, 185.022994995, 44.1661300659, 21.8984012604, 3.01765370369], [-54.5241241455, 69.0363769531, 85.3711471558, -6.92737483978, 32.4986038208, 46.6296768188, 29.3216590881, -2.84272027016, 18.3050518036, 44.1661300659, 146.579101562, 41.8014678955, -8.44821548462], [380.293457031, 66.4137649536, 113.723075867, -0.498805999756, 24.7859382629, -77.5733642578, 80.5504760742, 15.56914711, 1.87657809258, 21.8984012604, 41.8014678955, 181.297943115, 93.5809783936], [350.202545166, 76.9980316162, 116.153213501, 43.0920639038, -11.3102006912, -88.7666931152, 67.7705459595, 42.3255271912, 21.2473220825, 3.01765370369, -8.44821548462, 93.5809783936, 190.325515747]], "icov": [[0.000251653924352, -0.000124876954942, 5.16433174198e-05, 8.82093627297e-06, 9.02911706362e-05, 0.000189429963939, -0.000268982199486, -7.69063990447e-05, 2.63650836132e-05, -0.000217247579712, 0.000241066110902, -0.000310206232825, -7.57196976338e-05], [-0.000124876954942, 0.00122493703384, 0.000329654954839, -0.000399819138693, -0.000387712643715, 0.000213506675209, -0.000402213277994, -0.000232926555327, -0.000101473582617, 0.000380330428015, -0.000930493231863, 0.000255669234321, -0.000266602641204], [5.16433174198e-05, 0.000329654954839, 0.00217287847772, -0.000373805843992, -0.0017206617631, 0.000569784257095, -0.000674041977618, -0.000122006480524, -0.000954179733526, 0.000510132755153, -0.00114458485041, -0.000107378851681, -0.000938775192481], [8.82093627297e-06, -0.000399819138693, -0.000373805843992, 0.00312463822775, -0.000549252552446, -0.000835592800286, 0.0011771399295, -0.00158722931519, 0.000234720326262, -0.00113141583279, 0.000932445866056, 3.82016878575e-05, -0.000807998061646], [9.02911706362e-05, -0.000387712643715, -0.0017206617631, -0.000549252552446, 0.00658774701878, -0.00131009228062, -0.000160245297593, 0.00151801283937, -0.00103450426832, -0.000785481592175, 0.00107201049104, -0.00142778235022, 0.00154266087338], [0.000189429963939, 0.000213506675209, 0.000569784257095, -0.000835592800286, -0.00131009228062, 0.00539132161066, -0.000647661101539, -0.00153629027773, 0.001802856219, 0.00115941173863, -0.00280738249421, 0.00199659122154, 0.00108945346437], [-0.000268982199486, -0.000402213277994, -0.000674041977618, 0.0011771399295, -0.000160245297593, -0.000647661101539, 0.00513917580247, -0.000651498092338, 0.000521862588357, -0.00132765877061, 0.000264125934336, -0.000832720077597, -0.000810200697742], [-7.69063990447e-05, -0.000232926555327, -0.000122006480524, -0.00158722931519, 0.00151801283937, -0.00153629027773, -0.000651498092338, 0.00710894493386, -0.00306060002185, 0.00065229908796, 0.000897708872799, -0.000856101396494, -0.000513560720719], [2.63650836132e-05, -0.000101473582617, -0.000954179733526, 0.000234720326262, -0.00103450426832, 0.001802856219, 0.000521862588357, -0.00306060002185, 0.00962395407259, -0.00286108371802, -0.000849388714414, 0.00213115825318, -0.000318700564094], [-0.000217247579712, 0.000380330428015, 0.000510132755153, -0.00113141583279, -0.000785481592175, 0.00115941173863, -0.00132765877061, 0.00065229908796, -0.00286108371802, 0.00814056023955, -0.0026563978754, 0.000307478185277, 0.000933700008318], [0.000241066110902, -0.000930493231863, -0.00114458485041, 0.000932445866056, 0.00107201049104, -0.00280738249421, 0.000264125934336, 0.000897708872799, -0.000849388714414, -0.0026563978754, 0.0107680577785, -0.00385871645994, 0.00139315880369], [-0.000310206232825, 0.000255669234321, -0.000107378851681, 3.82016878575e-05, -0.00142778235022, 0.00199659122154, -0.000832720077597, -0.000856101396494, 0.00213115825318, 0.000307478185277, -0.00385871645994, 0.0103439819068, -0.00364261283539], [-7.57196976338e-05, -0.000266602641204, -0.000938775192481, -0.000807998061646, 0.00154266087338, 0.00108945346437, -0.000810200697742, -0.000513560720719, -0.000318700564094, 0.000933700008318, 0.00139315880369, -0.00364261283539, 0.00913333985955]]}, "silence_rate_20dB": {"dvar2": 0, "var": 0, "min": 1, "dmean": 0, "mean": 1, "max": 1, "dmean2": 0, "median": 1, "dvar": 0}, "melbands_kurtosis": {"dvar2": 43.0065422058, "var": 91.056388855, "min": -1.92295432091, "dmean": 2.62728309631, "mean": 5.65036296844, "max": 197.733459473, "dmean2": 3.88918161392, "median": 2.60939407349, "dvar": 20.0111656189}, "barkbands_spread": {"dvar2": 21.1485233307, "var": 55.1016578674, "min": 0.608327269554, "dmean": 2.18068146706, "mean": 10.1796216965, "max": 108.320053101, "dmean2": 3.15854525566, "median": 8.79646587372, "dvar": 11.5017118454}, "erbbands_skewness": {"dvar2": 0.396533727646, "var": 2.59835100174, "min": -7.21224737167, "dmean": 0.431494265795, "mean": 0.484955638647, "max": 8.95666790009, "dmean2": 0.624996602535, "median": 0.506505250931, "dvar": 0.187112629414}, "average_loudness": 0.502621471882, "spectral_centroid": {"dvar2": 37424.4023438, "var": 195841.640625, "min": 223.585830688, "dmean": 94.0950775146, "mean": 923.727905273, "max": 11418.9560547, "dmean2": 137.00088501, "median": 856.752441406, "dvar": 19080.3769531}, "dissonance": {"dvar2": 0.00366181693971, "var": 0.00258499570191, "min": 0, "dmean": 0.0369532518089, "mean": 0.411566227674, "max": 0.499801009893, "dmean2": 0.0630506500602, "median": 0.418737947941, "dvar": 0.00131132395472}, "erbbands_flatness_db": {"dvar2": 0.000490899896249, "var": 0.00328605505638, "min": 0.0459722541273, "dmean": 0.0160449314862, "mean": 0.268800020218, "max": 0.467451304197, "dmean2": 0.0230672638863, "median": 0.267190039158, "dvar": 0.000245456758421}, "spectral_strongpeak": {"dvar2": 1.8366638422, "var": 3.5561068058, "min": 0, "dmean": 0.656103551388, "mean": 2.10498642921, "max": 12.7127761841, "dmean2": 1.03096318245, "median": 1.65960419178, "dvar": 0.785781025887}, "spectral_rms": {"dvar2": 6.58570399992e-07, "var": 4.19646357841e-06, "min": 3.19710252196e-12, "dmean": 0.000445645448053, "mean": 0.00382345053367, "max": 0.0125829838216, "dmean2": 0.000626618799288, "median": 0.00351942749694, "dvar": 3.11834384092e-07}, "silence_rate_60dB": {"dvar2": 0.0604545548558, "var": 0.137382671237, "min": 0, "dmean": 0.0279366467148, "mean": 0.16441218555, "max": 1, "dmean2": 0.0558794401586, "median": 0, "dvar": 0.0271543972194}, "melbands": {"dvar2": [5.47695044872e-08, 7.61621308243e-08, 4.34699707341e-08, 8.12996248101e-08, 5.62291582185e-08, 2.01365111252e-07, 5.60451496767e-07, 1.47760601976e-06, 6.56447809888e-07, 4.20704736825e-07, 7.79765855441e-07, 6.11958128616e-08, 4.56038520724e-07, 1.35197481654e-07, 4.52825545949e-08, 2.12019166668e-08, 8.47463041964e-08, 5.65930902141e-09, 1.34248534511e-09, 1.32995436886e-09, 1.46101394871e-10, 7.39280442419e-11, 9.72084912565e-11, 1.68621117069e-10, 2.42958431151e-11, 2.16227192401e-11, 5.63948453908e-12, 6.75912928058e-12, 1.20001231174e-12, 5.03815901758e-13, 4.69216462559e-13, 8.82573365519e-14, 1.41102841217e-13, 1.78730348663e-13, 4.72948394857e-13, 2.24075098754e-13, 1.26647336281e-13, 2.31708207309e-13, 2.77272291498e-13, 6.5908975326e-13], "var": [1.04215118313e-07, 1.48117067056e-07, 1.17928351528e-07, 1.28779163333e-07, 6.44611048983e-08, 6.15545332039e-07, 2.23065353566e-06, 2.48800097324e-06, 1.67162795606e-06, 8.00635916676e-07, 1.0798950143e-06, 1.39831641377e-07, 7.22195125036e-07, 2.07529396334e-07, 6.33575254483e-08, 2.94696782532e-08, 8.45789713821e-08, 8.49942072279e-09, 2.35489050482e-09, 1.76510006611e-09, 2.63432164971e-10, 1.08550939071e-10, 1.04310171611e-10, 1.56293741838e-10, 3.97776880878e-11, 7.82851630743e-11, 1.23208795597e-11, 1.34473335245e-11, 2.21179238119e-12, 3.75607178823e-13, 2.52801387679e-13, 6.40023515956e-14, 1.06688244936e-13, 1.48030052842e-13, 3.12034089973e-13, 1.87818619164e-13, 1.25518302349e-13, 1.97501682977e-13, 2.4951021067e-13, 3.27188363208e-13], "min": [1.91347738057e-24, 2.77217298628e-24, 4.81334919804e-24, 4.31378567487e-24, 1.52284095448e-24, 5.21277787334e-24, 5.30917391495e-24, 4.34158316101e-24, 4.67812897255e-24, 4.1180669177e-24, 6.00016281981e-24, 2.40445868874e-24, 3.78940103774e-24, 3.87308340257e-24, 4.37225170643e-24, 6.86415641537e-24, 4.74975872604e-24, 7.29783033143e-24, 7.56471301972e-24, 3.69183511542e-24, 5.22438162283e-24, 4.44915657278e-24, 7.1885036763e-24, 6.99684991937e-24, 7.00637778139e-24, 7.62564305832e-24, 6.81959366283e-24, 3.90694999009e-24, 7.31748085658e-24, 6.76746494535e-24, 5.37663887728e-24, 6.23567014332e-24, 6.65401885857e-24, 6.28609452681e-24, 7.23049079798e-24, 9.14480141288e-24, 5.46435153248e-24, 5.85634756033e-24, 8.37431228928e-24, 8.90949761548e-24], "dmean": [4.87701581733e-05, 6.81525125401e-05, 7.62690906413e-05, 6.90947126714e-05, 5.73667493882e-05, 0.000140406831633, 0.000234027946135, 0.000328912137775, 0.000162444892339, 9.18909208849e-05, 9.49613458943e-05, 6.07585498074e-05, 0.0001520319056, 7.36854490242e-05, 4.72198298667e-05, 2.8808537536e-05, 3.81089412258e-05, 1.43465358633e-05, 7.885211744e-06, 9.10071321414e-06, 2.83110966848e-06, 2.00746922019e-06, 1.93103255697e-06, 1.95125380742e-06, 1.42290969052e-06, 1.06882157525e-06, 5.27319684807e-07, 6.23827531854e-07, 2.52895034691e-07, 1.04293079062e-07, 5.5831371526e-08, 3.91642629438e-08, 4.20485584129e-08, 4.37539746656e-08, 5.80878847245e-08, 5.10865589831e-08, 5.97513007961e-08, 7.08745346856e-08, 8.00610493457e-08, 7.57918243721e-08], "mean": [0.000187719138921, 0.000255958642811, 0.000244636146817, 0.000194387685042, 0.000137720591738, 0.00039001883124, 0.000744729302824, 0.000796463456936, 0.000403639918659, 0.000204230178497, 0.000177999783773, 0.000142209537444, 0.000338352605468, 0.000158054841449, 9.76751180133e-05, 5.91989555687e-05, 8.7077380158e-05, 3.16138393828e-05, 1.64257471624e-05, 1.73757598532e-05, 5.88465854889e-06, 4.22366701969e-06, 3.82313464797e-06, 4.19422076448e-06, 2.94541473522e-06, 2.80248241324e-06, 1.34185654588e-06, 1.53267217229e-06, 5.96687016241e-07, 2.06915828471e-07, 9.67760414028e-08, 6.71283686415e-08, 6.45679918421e-08, 6.24996587817e-08, 7.91372087861e-08, 8.0242216427e-08, 1.09452678032e-07, 1.30397040721e-07, 1.46436974546e-07, 1.27675590988e-07], "max": [0.00317871617153, 0.00403866916895, 0.00341383623891, 0.00968191958964, 0.0048796525225, 0.00920512899756, 0.0172871947289, 0.0207807440311, 0.0176635440439, 0.0195183586329, 0.0270630139858, 0.00639481469989, 0.0164431910962, 0.00587098393589, 0.00323771382682, 0.00252791633829, 0.0098204575479, 0.00157508766279, 0.000812915386632, 0.00090590538457, 0.000226395801292, 0.000196150111151, 0.000229136741837, 0.000243291884544, 0.000111088644189, 0.000159760253155, 6.42658196739e-05, 6.48459099466e-05, 3.05506000586e-05, 2.45004248427e-05, 3.13174168696e-05, 7.91497041064e-06