{"tonal": {"thpcp": [1, 0.735165178776, 0.420981287956, 0.237136587501, 0.14903447032, 0.1197822541, 0.121731176972, 0.122760951519, 0.108409613371, 0.511470735073, 0.93072271347, 0.578489243984, 0.189465746284, 0.151750952005, 0.134466022253, 0.148400872946, 0.200709104538, 0.278162181377, 0.364298582077, 0.430293172598, 0.452662706375, 0.414739131927, 0.333323508501, 0.249290212989, 0.174959391356, 0.129287585616, 0.119894295931, 0.138687327504, 0.190218672156, 0.231406778097, 0.250985831022, 0.252966195345, 0.260894149542, 0.355187922716, 0.587396323681, 0.905175447464], "hpcp": {"dmean2": [0.308093219995, 0.229681938887, 0.159656703472, 0.126399099827, 0.117071196437, 0.119738787413, 0.151321351528, 0.186964064837, 0.205657660961, 0.21878990531, 0.251476854086, 0.347146660089, 0.451845139265, 0.503548264503, 0.529705584049, 0.469103127718, 0.348822236061, 0.225411683321, 0.15185931325, 0.112673528492, 0.0981102436781, 0.089819252491, 0.084538847208, 0.285593986511, 0.50117790699, 0.29496794939, 0.130898460746, 0.11614625901, 0.125925406814, 0.148977935314, 0.199220046401, 0.242079332471, 0.290193527937, 0.337133497, 0.330437898636, 0.340588092804], "median": [0.0352003574371, 0.0258554592729, 0.01717248559, 0.0100900148973, 0.00881985668093, 0.0123283592984, 0.0203021131456, 0.0276380423456, 0.0274142101407, 0.0224292185158, 0.019224498421, 0.0225861407816, 0.0817381441593, 0.217381298542, 0.239717453718, 0.128021985292, 0.047859698534, 0.019362103194, 0.0098351156339, 0.0106828808784, 0.0142102502286, 0.0145239345729, 0.012374795042, 0.102865517139, 0.176641881466, 0.131774663925, 0.0234805848449, 0.0190458912402, 0.0121634155512, 0.00910797994584, 0.0117967007682, 0.0241455025971, 0.0368550643325, 0.0477777644992, 0.0582490973175, 0.0529216006398], "min": [0, 0, 0, 0, 0, 0, 0, 0, 0, 0, 0, 0, 0, 0, 0, 0, 0, 0, 0, 0, 0, 0, 0, 0, 0, 0, 0, 0, 0, 0, 0, 0, 0, 0, 0, 0], "dvar2": [0.174338668585, 0.137798324227, 0.0879899784923, 0.0782567188144, 0.0658362805843, 0.0585839003325, 0.076412267983, 0.0932875499129, 0.115391843021, 0.122221812606, 0.143580406904, 0.19745709002, 0.216698423028, 0.206473618746, 0.220358282328, 0.203041344881, 0.181843623519, 0.12144613266, 0.0907964408398, 0.0591421686113, 0.0434591472149, 0.0357877016068, 0.0360869988799, 0.0817162692547, 0.244220495224, 0.0818122401834, 0.0533255375922, 0.0478451550007, 0.0635006278753, 0.0769734755158, 0.105416692793, 0.125345349312, 0.146735697985, 0.164852499962, 0.151196464896, 0.1729734689], "dvar": [0.063028074801, 0.0488230064511, 0.031371768564, 0.0272607058287, 0.0230791252106, 0.0212272182107, 0.0272269845009, 0.0331496372819, 0.0417704842985, 0.0446044094861, 0.0520396195352, 0.0719459578395, 0.0803857818246, 0.0822607800364, 0.0888352766633, 0.0779539123178, 0.0670645013452, 0.0436762049794, 0.0321095064282, 0.020878450945, 0.0153802894056, 0.0133391348645, 0.0130199855193, 0.0325950831175, 0.102835401893, 0.032836381346, 0.0198424272239, 0.0172929763794, 0.0217764005065, 0.0275767799467, 0.0387770049274, 0.0452582910657, 0.0527217201889, 0.0604737326503, 0.0571176074445, 0.0636745765805], "dmean": [0.167853176594, 0.124673031271, 0.0870869457722, 0.0680071040988, 0.0633695870638, 0.066230610013, 0.0839816629887, 0.103358894587, 0.113574899733, 0.12025590241, 0.13641166687, 0.188376054168, 0.250784963369, 0.289865106344, 0.30397066474, 0.265072792768, 0.193676561117, 0.122437849641, 0.081404723227, 0.0612916089594, 0.05491412431, 0.051059499383, 0.0473031625152, 0.161722406745, 0.281414926052, 0.169888645411, 0.0753457546234, 0.0650265291333, 0.0681141391397, 0.0804603397846, 0.108261428773, 0.133146807551, 0.160899847746, 0.187330499291, 0.187625139952, 0.187589004636], "max": [1, 1, 1, 1, 1, 1, 1, 1, 1, 1, 1, 1, 1, 1, 1, 1, 1, 1, 1, 1, 1, 1, 1, 1, 1, 1, 1, 1, 1, 1, 1, 1, 1, 1, 1, 1], "var": [0.0501720942557, 0.0358937345445, 0.0226891674101, 0.0182376075536, 0.0164145138115, 0.016749612987, 0.0229583699256, 0.0276132375002, 0.0345183685422, 0.0365446060896, 0.0399070680141, 0.0589552521706, 0.087837792933, 0.120306260884, 0.137519285083, 0.106529422104, 0.0615605562925, 0.0330872684717, 0.0221408028156, 0.0145005928352, 0.0122354282066, 0.0126428110525, 0.010735088028, 0.0442484691739, 0.148852005601, 0.0510929040611, 0.020718825981, 0.0145992552862, 0.0152371460572, 0.0197708532214, 0.0292843580246, 0.0386515371501, 0.0522471740842, 0.0639303997159, 0.0645992606878, 0.0595630668104], "mean": [0.128582581878, 0.0961659699678, 0.0674921795726, 0.0498738624156, 0.0462503172457, 0.0534998998046, 0.073378585279, 0.0892672762275, 0.0968200713396, 0.0975840166211, 0.100642293692, 0.13701698184, 0.226593479514, 0.349179685116, 0.385759115219, 0.283596664667, 0.162397369742, 0.0914776027203, 0.0574914067984, 0.0462070964277, 0.046958912164, 0.0473561547697, 0.0418199971318, 0.197304487228, 0.359034776688, 0.22315749526, 0.0730881392956, 0.0585393123329, 0.0518714934587, 0.0572469905019, 0.0774253681302, 0.107303597033, 0.140531495214, 0.165989518166, 0.174618765712, 0.159989401698]}, "tuning_equal_tempered_deviation": 0.259319722652, "chords_changes_rate": 0.0983436852694, "key_key": "F#", "tuning_diatonic_strength": 0.394055634737, "key_scale": "minor", "chords_number_rate": 0.00248447200283, "tuning_frequency": 434.193115234, "tuning_nontempered_energy_ratio": 0.863844871521, "chords_histogram": [1.98757767677, 15.5279502869, 4.51345777512, 0.869565188885, 0, 0, 0, 0, 5.52795028687, 14.3892335892, 6.43892335892, 0.745341598988, 0.103519670665, 0, 0.0828157365322, 6.97722578049, 32.546585083, 3.97515535355, 0.124223604798, 0.0414078682661, 1.24223601818, 2.09109735489, 2.23602485657, 0.579710125923], "key_strength": 0.50331145525, "chords_key": "D", "chords_strength": {"dmean2": 0.0148785142228, "median": 0.451784908772, "min": -1, "dvar2": 0.00101108755916, "dvar": 0.000519187306054, "dmean": 0.0116233564913, "max": 0.796229481697, "var": 0.0184024032205, "mean": 0.449437528849}, "chords_scale": "minor", "hpcp_entropy": {"dmean2": 1.13814640045, "median": 2.48377537727, "min": 0, "dvar2": 0.775005936623, "dvar": 0.279078871012, "dmean": 0.677143990993, "max": 4.37466287613, "var": 0.573198676109, "mean": 2.44596076012}}, "metadata": {"audio_properties": {"equal_loudness": 0, "codec": "mp3", "downmix": "mix", "sample_rate": 44100, "analysis_sample_rate": 44100, "bit_rate": 160000, "md5_encoded": "c5112f2c8976023e5f7f0bf3bac4e01e", "length": 224.235107422, "replay_gain": -1.06264305115, "lossless": false}, "version": {"essentia_build_sha": "ca57ba49d9b1854bd80e60cf9ccf267278fb7d6b", "essentia": "2.1-beta1", "extractor": "music 1.0", "essentia_git_sha": "v2.1_beta1-28-g21ef5f4-dirty"}, "tags": {"title": ["Buddy's Groove"], "language": ["eng"], "media": ["CD"], "albumartist": ["Buddy Guy"], "replaygain_album_gain": ["0.00 dB"], "musicbrainz_recordingid": ["181f0139-ab9d-4899-9166-afefc9bc344d"], "artistsort": ["Guy, Buddy"], "musicbrainz_albumartistid": ["4336a134-d091-4e54-9967-c7c433db6d4e"], "discnumber": ["2/2"], "album artist credit": ["Buddy Guy"], "bpm": ["0"], "catalognumber": ["CHD2-9337"], "artist credit": ["Buddy Guy"], "replaygain_track_gain": ["1.17 dB"], "replaygain_album_peak": ["0.000000"], "musicbrainz album status": ["Official"], "file_name": "38 - Buddy Guy - Buddy's Groove.mp3", "originaldate": ["1992-03-10"], "replaygain_track_peak": ["0.778748"], "date": ["1992-03-10"], "genre": ["Blues - Urban Blues"], "musicbrainz album type": ["compilation"], "musicbrainz album release country": ["US"], "album": ["The Complete Chess Studio Recordings"], "musicbrainz_artistid": ["4336a134-d091-4e54-9967-c7c433db6d4e"], "asin": ["B000002OBS"], "musicbrainz_albumid": ["a04f350a-4121-46e1-9f8a-9eba1aa53e51"], "tracknumber": ["38/47"], "encodedby": ["iTunes v4.8.0.32"], "composer": ["Gene Barge"], "artist": ["Buddy Guy"], "label": ["MCA Records"], "albumartistsort": ["Guy, Buddy"], "script": ["Latn"], "musicbrainz_releasegroupid": ["61f0078d-1f85-3916-9c46-e6946444546e"]}}, "rhythm": {"bpm_histogram_first_peak_bpm": {"dmean2": 0, "median": 115, "min": 115, "dvar2": 0, "dvar": 0, "dmean": 0, "max": 115, "var": 0, "mean": 115}, "bpm": 114.342681885, "bpm_histogram_second_peak_spread": {"dmean2": 0, "median": 0.428571462631, "min": 0.428571462631, "dvar2": 0, "dvar": 0, "dmean": 0, "max": 0.428571462631, "var": 0, "mean": 0.428571462631}, "bpm_histogram_first_peak_weight": {"dmean2": 0, "median": 0.529411792755, "min": 0.529411792755, "dvar2": 0, "dvar": 0, "dmean": 0, "max": 0.529411792755, "var": 0, "mean": 0.529411792755}, "onset_rate": 4.32559299469, "beats_position": [0.476009070873, 0.975238084793, 1.48607707024, 2.00852608681, 2.53097510338, 3.05342388153, 3.56426286697, 4.08671188354, 4.60916090012, 5.13160991669, 5.64244890213, 6.15328788757, 6.66412687302, 7.17496585846, 7.6858048439, 8.20825386047, 8.73070240021, 9.25315189362, 9.77560043335, 10.2980499268, 10.8204984665, 11.3429479599, 11.8653964996, 12.387845993, 12.9102945328, 13.4211339951, 13.9319725037, 14.4544210434, 14.9768705368, 15.4993190765, 16.0217685699, 16.5442180634, 17.0666656494, 17.5891151428, 18.0999546051, 18.6224040985, 19.1448516846, 19.667301178, 20.1781406403, 20.7005901337, 21.2230377197, 21.7454872131, 22.2679367065, 22.7903842926, 23.312833786, 23.8352832794, 24.3577327728, 24.8685703278, 25.37940979, 25.9018592834, 26.4243087769, 26.9467563629, 27.4692058563, 27.9916553497, 28.5024929047, 29.0249423981, 29.5473918915, 30.0698413849, 30.5806789398, 31.1031284332, 31.6255779266, 32.1364173889, 32.6472549438, 33.1697044373, 33.6805419922, 34.2029914856, 34.7138328552, 35.2362823486, 35.7587280273, 36.269569397, 36.7920188904, 37.3144645691, 37.8253059387, 38.3477554321, 38.8585929871, 39.3810424805, 39.9034919739, 40.4259414673, 40.9367790222, 41.4592285156, 41.981678009, 42.5041275024, 43.0265769958, 43.5490226746, 44.071472168, 44.5939216614, 45.1163711548, 45.6388206482, 46.1612701416, 46.683719635, 47.2061653137, 47.7286148071, 48.2510643005, 48.7735137939, 49.2843513489, 49.8068008423, 50.3176422119, 50.8516998291, 51.3857574463, 51.9082069397, 52.4306564331, 52.9647140503, 53.4871635437, 54.0096130371, 54.5320625305, 55.0545120239, 55.5769615173, 56.0994110107, 56.6102485657, 57.1210861206, 57.6319274902, 58.1543769836, 58.6768226624, 59.1992721558, 59.7217216492, 60.2441711426, 60.766620636, 61.3006782532, 61.8231277466, 62.3571853638, 62.8796348572, 63.4020843506, 63.924533844, 64.4585952759, 64.9810409546, 65.5034942627, 66.0259399414, 66.5483856201, 67.0708389282, 67.5932846069, 68.1041259766, 68.6381835938, 69.1606369019, 69.6830825806, 70.2055282593, 70.7279815674, 71.2620391846, 71.7844848633, 72.3069381714, 72.8293838501, 73.3518371582, 73.8626708984, 74.3851242065, 74.9075698853, 75.4416275024, 75.975692749, 76.4981384277, 77.0321960449, 77.5662536621, 78.0887069702, 78.6111526489, 79.133605957, 79.6560516357, 80.1785049438, 80.7009506226, 81.2233963013, 81.7458496094, 82.2682952881, 82.7907485962, 83.3131942749, 83.8472518921, 84.3813171387, 84.9037628174, 85.4262084961, 85.9486618042, 86.4711074829, 86.993560791, 87.5160064697, 88.0384597778, 88.5609054565, 89.0833511353, 89.6058044434, 90.1282501221, 90.6390914917, 91.1615371704, 91.6839904785, 92.2064361572, 92.7404937744, 93.274559021, 93.8086166382, 94.3426742554, 94.8767318726, 95.4107894897, 95.9564590454, 96.4905166626, 97.0129699707, 97.5470275879, 98.0810852051, 98.6151428223, 99.1492080688, 99.683265686, 100.217323303, 100.75138092, 101.285438538, 101.819496155, 102.353561401, 102.887619019, 103.421676636, 103.944122314, 104.466575623, 105.00063324, 105.534690857, 106.057144165, 106.579589844, 107.102035522, 107.624488831, 108.1353302, 108.657775879, 109.168617249, 109.679450989, 110.201904297, 110.724349976, 111.246803284, 111.757637024, 112.268478394, 112.779319763, 113.301765442, 113.82421875, 114.33505249, 114.84589386, 115.368339539, 115.890792847, 116.424850464, 116.958908081, 117.492965698, 118.027030945, 118.549476624, 119.071922302, 119.605987549, 120.140045166, 120.674102783, 121.2081604, 121.730613708, 122.253059387, 122.763900757, 123.286346436, 123.808792114, 124.342857361, 124.86530304, 125.387756348, 125.921813965, 126.455871582, 126.989929199, 127.523986816, 128.058044434, 128.592102051, 129.114562988, 129.637008667, 130.171066284, 130.693511963, 131.215957642, 131.73840332, 132.272476196, 132.818145752, 133.352203369, 133.886260986, 134.420318604, 134.954376221, 135.476821899, 136.010879517, 136.544937134, 137.078994751, 137.613052368, 138.135513306, 138.669570923, 139.180404663, 139.702850342, 140.225296021, 140.747756958, 141.270202637, 141.804260254, 142.338317871, 142.86076355, 143.394821167, 143.917282104, 144.451339722, 144.985397339, 145.519454956, 146.053512573, 146.58757019, 147.110015869, 147.620864868, 148.131698608, 148.642532349, 149.164993286, 149.699050903, 150.221496582, 150.743942261, 151.277999878, 151.812057495, 152.334503174, 152.86857605, 153.402633667, 153.925079346, 154.447525024, 154.969970703, 155.480819702, 155.991653442, 156.502487183, 157.013336182, 157.53578186, 158.058227539, 158.592285156, 159.126342773, 159.648788452, 160.182861328, 160.705307007, 161.239364624, 161.761810303, 162.284255981, 162.818313599, 163.340774536, 163.863220215, 164.374053955, 164.873291016, 165.384124756, 165.906570435, 166.417419434, 166.928253174, 167.462310791, 167.98475647, 168.518814087, 169.052871704, 169.575332642, 170.09777832, 170.620223999, 171.131057739, 171.653518677, 172.175964355, 172.698410034, 173.220855713, 173.731704712, 174.265762329, 174.788208008, 175.310653687, 175.833099365, 176.367156982, 176.88961792, 177.412063599, 177.934509277, 178.468566895, 179.002624512, 179.52507019, 180.047531128, 180.581588745, 181.115646362, 181.638092041, 182.16053772, 182.694595337, 183.228652954, 183.762710571, 184.296783447, 184.830841064, 185.364898682, 185.898956299, 186.433013916, 186.967071533, 187.50112915, 188.035186768, 188.569244385, 189.091690063, 189.614151001, 190.13659668, 190.659042358, 191.181488037, 191.703948975, 192.238006592, 192.772064209, 193.306121826, 193.840179443, 194.374237061, 194.908294678, 195.442352295, 195.976409912, 196.510467529, 197.044525146, 197.578598022, 198.101043701, 198.62348938, 199.145935059, 199.668380737, 200.202438354, 200.73651123, 201.258956909, 201.781402588, 202.315460205, 202.849517822, 203.383575439, 203.906021118, 204.428482056, 204.962539673, 205.484985352, 206.00743103, 206.529876709, 207.040725708, 207.551559448, 208.074005127, 208.608062744, 209.142120361, 209.676193237, 210.210250854, 210.744308472, 211.26675415, 211.800811768, 212.323257446, 212.857315063, 213.391372681, 213.925445557, 214.459503174, 214.981948853, 215.504394531, 216.02684021, 216.549285889, 217.083358765, 217.617416382, 218.151473999, 218.685531616, 219.219589233, 219.753646851, 220.287704468, 220.821762085, 221.367431641, 221.913101196, 222.47038269, 223.027664185, 223.584945679], "beats_loudness": {"dmean2": 0.0852535516024, "median": 0.0904125124216, "min": 0, "dvar2": 0.004195981659, "dvar": 0.00137274444569, "dmean": 0.0489915497601, "max": 0.261103659868, "var": 0.00270944647491, "mean": 0.0909287035465}, "danceability": 1.31604623795, "bpm_histogram_second_peak_weight": {"dmean2": 0, "median": 0.00941176433116, "min": 0.00941176433116, "dvar2": 0, "dvar": 0, "dmean": 0, "max": 0.00941176433116, "var": 0, "mean": 0.00941176433116}, "beats_count": 426, "bpm_histogram_second_peak_bpm": {"dmean2": 0, "median": 110, "min": 110, "dvar2": 0, "dvar": 0, "dmean": 0, "max": 110, "var": 0, "mean": 110}, "bpm_histogram_first_peak_spread": {"dmean2": 0, "median": 0.459134638309, "min": 0.459134638309, "dvar2": 0, "dvar": 0, "dmean": 0, "max": 0.459134638309, "var": 0, "mean": 0.459134638309}, "beats_loudness_band_ratio": {"dmean2": [0.264261811972, 0.157893612981, 0.0942205637693, 0.106940969825, 0.0461509004235, 0.104458577931], "median": [0.638387858868, 0.0935422927141, 0.0354451313615, 0.0422711856663, 0.0220029819757, 0.123047530651], "min": [0, 0, 0, 0, 0, 0], "dvar2": [0.0515889115632, 0.0255625247955, 0.0184228308499, 0.0107219256461, 0.0029831205029, 0.00684533361346], "dvar": [0.0177830476314, 0.00884702056646, 0.00669677555561, 0.00359775265679, 0.00109608808998, 0.0023709947709], "dmean": [0.151540711522, 0.0889360159636, 0.0528524555266, 0.0588664785028, 0.0265135392547, 0.0611186400056], "max": [0.876492977142, 0.755516111851, 0.711151361465, 0.461479723454, 0.342179626226, 0.413561314344], "var": [0.0262434016913, 0.00938158575445, 0.0058207269758, 0.00389254209585, 0.000963536207564, 0.00349216046743], "mean": [0.610983073711, 0.117907814682, 0.0581636019051, 0.0606382116675, 0.0281440299004, 0.12904201448]}}, "lowlevel": {"barkbands_spread": {"dmean2": 7.15239858627, "median": 9.93937015533, "min": 0.241564050317, "dvar2": 75.7806625366, "dvar": 34.5143013, "dmean": 4.65822887421, "max": 93.6809844971, "var": 95.0944137573, "mean": 12.1510448456}, "melbands_spread": {"dmean2": 5.33217430115, "median": 6.77237319946, "min": 0.184428349137, "dvar2": 46.7992134094, "dvar": 21.0877723694, "dmean": 3.4251036644, "max": 163.626693726, "var": 201.643722534, "mean": 9.60472583771}, "hfc": {"dmean2": 123.757598877, "median": 116.574737549, "min": 1.09069249627e-16, "dvar2": 29283.4570312, "dvar": 13488.3154297, "dmean": 84.6101303101, "max": 1565.14562988, "var": 30094.1816406, "mean": 172.330718994}, "barkbands_kurtosis": {"dmean2": 25.6087551117, "median": 13.7391014099, "min": -1.39791512489, "dvar2": 2544.12451172, "dvar": 974.429626465, "dmean": 15.9128389359, "max": 578.184692383, "var": 1877.83496094, "mean": 28.2017440796}, "gfcc": {"mean": [-56.1889953613, 126.058151245, -67.0844039917, 0.0977938845754, -5.73920965195, -6.73123550415, -2.96688008308, -15.0558309555, -5.06857156754, -10.4325761795, -0.0842850208282, -0.756429195404, -3.07128715515], "icov": [[0.000125360980746, -0.000446462683612, 0.000756588415243, -0.000606657529715, 0.000340133701684, -0.000487034703838, 0.000243570175371, -0.000242217094637, 8.68856659508e-05, -0.000120436547149, 0.000186370627489, -0.000335928139975, 0.000341362901963], [-0.000446462683612, 0.00418949313462, -0.0039374679327, 0.00382233294658, -0.00156746583525, 0.00242999684997, -0.00108443584759, 0.00262545794249, -0.00181011506356, 0.00363257247955, -0.00500363204628, 0.00454996991903, -0.00300644384697], [0.000756588415243, -0.0039374679327, 0.00890263635665, -0.00726363435388, 0.00373075366952, -0.00534094404429, 0.00228797807358, -0.00322402594611, 0.00123810733203, -0.00196900428273, -0.000297298654914, -0.000201561721042, 0.000451067695394], [-0.000606657529715, 0.00382233294658, -0.00726363435388, 0.0109859136865, -0.0066815558821, 0.00545006571338, -0.00142474763561, 0.000285529386019, 0.000386775733205, -0.00270516425371, 0.0066472995095, -0.00554661313072, 0.00214421260171], [0.000340133701684, -0.00156746583525, 0.00373075366952, -0.0066815558821, 0.00997641775757, -0.00505139119923, -0.000410325272242, 0.00352964736521, -0.00500383041799, 0.00814555678517, -0.00791899021715, 0.00628627603874, -0.00429191021249], [-0.000487034703838, 0.00242999684997, -0.00534094404429, 0.00545006571338, -0.00505139119923, 0.0136739779264, -0.00314283743501, -0.00373308290727, 0.00860162079334, -0.00634725391865, 0.00386085221544, -0.00264805811457, -0.000972182315309], [0.000243570175371, -0.00108443584759, 0.00228797807358, -0.00142474763561, -0.000410325272242, -0.00314283743501, 0.0127788558602, -0.00276027456857, -0.00819854997098, 0.00880047120154, -0.00538454670459, -2.72293891612e-05, 0.00331682618707], [-0.000242217094637, 0.00262545794249, -0.00322402594611, 0.000285529386019, 0.00352964736521, -0.00373308290727, -0.00276027456857, 0.0184822585434, -0.00690124742687, -0.00085270794807, -0.00368388416246, 0.0104723125696, -0.00852200295776], [8.68856659508e-05, -0.00181011506356, 0.00123810733203, 0.000386775733205, -0.00500383041799, 0.00860162079334, -0.00819854997098, -0.00690124742687, 0.029011150822, -0.0232806261629, 0.015282147564, -0.010346208699, 0.00671987608075], [-0.000120436547149, 0.00363257247955, -0.00196900428273, -0.00270516425371, 0.00814555678517, -0.00634725391865, 0.00880047120154, -0.00085270794807, -0.0232806261629, 0.0508986450732, -0.0352094247937, 0.0151307098567, -0.00189523177687], [0.000186370627489, -0.00500363204628, -0.000297298654914, 0.0066472995095, -0.00791899021715, 0.00386085221544, -0.00538454670459, -0.00368388416246, 0.015282147564, -0.0352094247937, 0.0516612231731, -0.025265654549, 0.00469162361696], [-0.000335928139975, 0.00454996991903, -0.000201561721042, -0.00554661313072, 0.00628627603874, -0.00264805811457, -2.72293891612e-05, 0.0104723125696, -0.010346208699, 0.0151307098567, -0.025265654549, 0.0366136692464, -0.0175177268684], [0.000341362901963, -0.00300644384697, 0.000451067695394, 0.00214421260171, -0.00429191021249, -0.000972182315309, 0.00331682618707, -0.00852200295776, 0.00671987608075, -0.00189523177687, 0.00469162361696, -0.0175177268684, 0.0313931666315]], "cov": [[19663.6191406, 916.745178223, -1727.54443359, -203.169204712, 2.01488399506, -214.412109375, 5.61571121216, -356.079498291, -18.5562324524, -208.739486694, -56.160446167, 85.9353103638, -143.228164673], [916.745178223, 951.551818848, -4.85972690582, -344.373138428, 45.8525657654, -20.343290329, 31.3871326447, -69.0314178467, -42.7132568359, -34.708152771, 94.6225204468, -61.6244354248, 46.8530654907], [-1727.54443359, -4.85972690582, 596.647460938, 175.208404541, -56.9487953186, 150.134536743, -60.6571540833, 132.793899536, -24.4482135773, 77.3113021851, 22.7612228394, -6.95932340622, 39.7159042358], [-203.169204712, -344.373138428, 175.208404541, 463.90612793, 124.413589478, -18.0870666504, 12.1177368164, 13.5741853714, 51.6165008545, -0.626329779625, -57.4706954956, 51.2339744568, -20.02866745], [2.01488399506, 45.8525657654, -56.9487953186, 124.413589478, 278.635192871, -12.0024709702, 66.1056900024, -62.3139228821, 19.4042816162, -54.1870079041, -3.24053788185, 12.779507637, 10.7020750046], [-214.412109375, -20.343290329, 150.134536743, -18.0870666504, -12.0024709702, 184.328659058, -17.8583297729, 65.6510238647, -49.0422744751, 26.7226982117, 17.9879665375, -2.20183110237, 31.4314136505], [5.61571121216, 31.3871326447, -60.6571540833, 12.1177368164, 66.1056900024, -17.8583297729, 138.813949585, -0.0755921453238, 48.4772644043, -17.7330589294, 2.33295631409, 0.807218313217, -14.5591506958], [-356.079498291, -69.0314178467, 132.793899536, 13.5741853714, -62.3139228821, 65.6510238647, -0.0755921453238, 135.236465454, 20.1185455322, 50.2791061401, 5.83932065964, -21.0442466736, 10.7723026276], [-18.5562324524, -42.7132568359, -24.4482135773, 51.6165008545, 19.4042816162, -49.0422744751, 48.4772644043, 20.1185455322, 100.22996521, 28.6438331604, -4.54687452316, 2.43784856796, -23.2749671936], [-208.739486694, -34.708152771, 77.3113021851, -0.626329779625, -54.1870079041, 26.7226982117, -17.7330589294, 50.2791061401, 28.6438331604, 76.2485122681, 31.8202400208, -2.22464871407, -0.705436706543], [-56.160446167, 94.6225204468, 22.7612228394, -57.4706954956, -3.24053788185, 17.9879665375, 2.33295631409, 5.83932065964, -4.54687452316, 31.8202400208, 65.7739562988, 19.1174430847, 18.4557285309], [85.9353103638, -61.6244354248, -6.95932340622, 51.2339744568, 12.779507637, -2.20183110237, 0.807218313217, -21.0442466736, 2.43784856796, -2.22464871407, 19.1174430847, 72.8490219116, 22.782907486], [-143.228164673, 46.8530654907, 39.7159042358, -20.02866745, 10.7020750046, 31.4314136505, -14.5591506958, 10.7723026276, -23.2749671936, -0.705436706543, 18.4557285309, 22.782907486, 60.4893264771]]}, "spectral_energyband_middle_low": {"dmean2": 0.00893066357821, "median": 0.00773824891075, "min": 1.67084955398e-22, "dvar2": 0.000187249854207, "dvar": 8.273369167e-05, "dmean": 0.00592032074928, "max": 0.227560907602, "var": 0.000225090567255, "mean": 0.0124764796346}, "melbands_crest": {"dmean2": 7.03903675079, "median": 17.4792881012, "min": 1.22098350525, "dvar2": 35.1522979736, "dvar": 13.791103363, "dmean": 4.28660964966, "max": 37.4287948608, "var": 36.8021736145, "mean": 18.0104904175}, "spectral_kurtosis": {"dmean2": 14.1234111786, "median": 19.8414306641, "min": -1.29043316841, "dvar2": 276.480041504, "dvar": 106.525650024, "dmean": 8.88078022003, "max": 160.563781738, "var": 197.898376465, "mean": 23.3837814331}, "spectral_rms": {"dmean2": 0.00216943700798, "median": 0.00623469054699, "min": 3.07340416138e-12, "dvar2": 5.29319504494e-06, "dvar": 2.51466212831e-06, "dmean": 0.00152562768199, "max": 0.0172614064068, "var": 9.89970430965e-06, "mean": 0.00646054884419}, "zerocrossingrate": {"dmean2": 0.0475478023291, "median": 0.19873046875, "min": 0.01953125, "dvar2": 0.00156910473015, "dvar": 0.000857230566908, "dmean": 0.0351145341992, "max": 0.55078125, "var": 0.00463261641562, "mean": 0.202041968703}, "silence_rate_60dB": {"dmean2": 0.024026511237, "median": 0, "min": 0, "dvar2": 0.0265579279512, "dvar": 0.0118683539331, "dmean": 0.0120120123029, "max": 1, "var": 0.0506670810282, "mean": 0.0535307526588}, "erbbands_kurtosis": {"dmean2": 2.25376367569, "median": 0.00870430469513, "min": -1.672991395, "dvar2": 18.2236042023, "dvar": 7.39727020264, "dmean": 1.41794395447, "max": 55.3847846985, "var": 11.6695547104, "mean": 0.948303341866}, "erbbands": {"dmean2": [0.89392977953, 4.03272104263, 8.53068447113, 10.0116519928, 14.0613660812, 14.253493309, 18.8737220764, 14.735543251, 17.5739002228, 25.5447654724, 30.2775096893, 14.7480583191, 17.9755115509, 30.3261051178, 37.3962478638, 31.6367034912, 23.2138557434, 15.6850013733, 8.45481681824, 8.92973613739, 10.7722024918, 7.05120420456, 5.15705394745, 3.62575602531, 2.37292289734, 1.55423569679, 1.28856873512, 1.00011610985, 0.783188521862, 0.525414168835, 0.331033676863, 0.215856269002, 0.0962228477001, 0.0443337969482, 0.027206139639, 0.020072652027, 0.0243479181081, 0.0152122965083, 0.00989451818168, 0.00759460544214], "median": [0.364997506142, 2.42730808258, 3.36317563057, 4.24236392975, 4.91464042664, 6.43265962601, 7.57501220703, 6.14602422714, 5.61265802383, 5.38529014587, 3.91859149933, 3.04937791824, 4.37507724762, 8.00376987457, 7.49970817566, 7.81100130081, 6.36452245712, 4.77010297775, 2.97928357124, 2.75804829597, 2.2569527626, 1.81062042713, 1.2328183651, 0.812399804592, 0.554217100143, 0.344043076038, 0.232591345906, 0.159744799137, 0.114912554622, 0.0710455626249, 0.0440308228135, 0.0265147611499, 0.0136543530971, 0.00807620584965, 0.00525197573006, 0.00396451167762, 0.00336916092783, 0.002598463092, 0.00334522221237, 0.00714193843305], "min": [4.06359512556e-23, 5.07869963446e-22, 1.79174853354e-21, 8.61585267583e-21, 1.17991740605e-20, 2.07860471294e-20, 1.95406362444e-20, 7.2480996779e-20, 1.34901486906e-19, 1.2822156402e-19, 4.64270369938e-19, 3.27010991771e-19, 4.34907629541e-19, 5.42203760036e-19, 7.46728819381e-19, 1.7592551714e-18, 1.51788748758e-18, 1.84138717519e-18, 2.57226762763e-18, 2.93327840506e-18, 3.99814688509e-18, 3.77166483338e-18, 5.71694672069e-18, 7.11449276742e-18, 6.87732726451e-18, 9.5697261257e-18, 8.99952571405e-18, 1.01720145277e-17, 9.65358900492e-18, 1.10926789572e-17, 9.19588515658e-18, 1.08576513025e-17, 9.24154139049e-18, 8.86976506418e-18, 6.09516058012e-18, 3.9445840453e-18, 2.0559189486e-18, 9.91533542051e-19, 2.45391762411e-19, 2.83694580396e-20], "dvar2": [2.23992943764, 32.5430259705, 202.75881958, 270.389831543, 676.141052246, 590.685241699, 1261.28137207, 969.57208252, 3159.06518555, 11306.8408203, 22334.109375, 2190.21704102, 2683.76391602, 6136.24121094, 12004.5546875, 5240.39746094, 3721.91333008, 1341.4296875, 330.723449707, 357.037017822, 963.473510742, 206.086471558, 133.822296143, 71.7813415527, 30.4463214874, 14.2335529327, 10.6815576553, 6.46763753891, 3.99982237816, 1.82605350018, 0.966457664967, 0.411524832249, 0.0534532256424, 0.00675956066698, 0.00258418219164, 0.00157252594363, 0.00585336517543, 0.00168716860935, 0.000517008418683, 0.000154794557602], "dvar": [0.872314751148, 11.7874221802, 83.9350814819, 104.221321106, 289.162872314, 250.664489746, 521.094055176, 395.579467773, 1286.09619141, 5038.19042969, 9612.50878906, 968.125427246, 1241.74719238, 2842.42797852, 4973.16650391, 2256.75341797, 1667.70153809, 627.276062012, 156.156784058, 172.507080078, 422.731140137, 104.510848999, 64.9745254517, 34.844455719, 14.2203788757, 6.77170848846, 5.16097021103, 3.07613372803, 2.05437040329, 0.927680969238, 0.455307275057, 0.181945607066, 0.0214032810181, 0.0026603396982, 0.00101666967385, 0.000624609587248, 0.00262570311315, 0.000880217296071, 0.000288843322778, 0.000101153651485], "dmean": [0.547079861164, 2.46256160736, 5.32050943375, 6.18224573135, 8.69448757172, 8.99986553192, 11.8904333115, 9.38032531738, 11.1107540131, 16.4689350128, 19.1293869019, 9.49487686157, 11.7775964737, 19.6947364807, 24.4184131622, 20.3387069702, 15.3420200348, 10.378030777, 5.77172613144, 6.17367839813, 7.2646818161, 4.93692588806, 3.65342211723, 2.54694485664, 1.6611893177, 1.08952355385, 0.910452723503, 0.695596277714, 0.554681301117, 0.367215156555, 0.228261679411, 0.14251126349, 0.0585826560855, 0.0264491643757, 0.0162734892219, 0.0121766710654, 0.0164600107819, 0.0111419772729, 0.00765239959583, 0.00604201806709], "max": [8.6965007782, 37.8897094727, 104.035118103, 240.775924683, 493.537475586, 324.393676758, 618.304443359, 563.114013672, 1324.23547363, 4925.94726562, 3886.4597168, 1110.26745605, 821.12878418, 1889.4510498, 2042.62182617, 1339.33068848, 1068.38635254, 576.137084961, 281.96762085, 277.219024658, 679.330444336, 205.580810547, 181.086105347, 111.731292725, 65.7080154419, 51.4494400024, 40.9321708679, 36.9725761414, 33.1345252991, 22.608373642, 28.3594436646, 13.4664592743, 3.03403496742, 1.07340991497, 0.674144566059, 0.419340968132, 1.69708311558, 0.788787484169, 0.277933210135, 0.253479212523], "var": [1.00993049145, 15.8693599701, 103.066390991, 174.859283447, 599.666809082, 481.093078613, 1020.7701416, 652.829345703, 1899.10192871, 10189.1708984, 13505.3857422, 1531.5769043, 1971.42163086, 5704.34033203, 8112.11181641, 4211.85449219, 3049.51782227, 1313.64025879, 318.103485107, 345.830871582, 588.955627441, 218.73008728, 115.98500061, 58.1354560852, 23.5139904022, 10.5606422424, 8.19177436829, 4.83609056473, 3.33994555473, 1.46633994579, 0.606229066849, 0.207389831543, 0.0207261815667, 0.00275040906854, 0.00105468090624, 0.000649321416859, 0.00307102734223, 0.00145089742728, 0.000576802936848, 0.000335462071234], "mean": [0.706100165844, 3.66828131676, 6.87001466751, 9.05514907837, 12.444893837, 13.7551403046, 18.3949451447, 14.2703018188, 15.5041332245, 22.483083725, 24.5937252045, 13.3094596863, 16.8783798218, 30.1725769043, 35.9224510193, 32.7200164795, 24.8236255646, 17.093837738, 9.14534091949, 9.61412525177, 10.2238121033, 7.63892221451, 5.22555017471, 3.51777911186, 2.30908370018, 1.46926724911, 1.19959580898, 0.895817220211, 0.694470822811, 0.446009278297, 0.263984650373, 0.151457041502, 0.0563441589475, 0.0257472265512, 0.0160232521594, 0.0123462779447, 0.0182734653354, 0.0144049366936, 0.0118520176038, 0.0134370420128]}, "spectral_strongpeak": {"dmean2": 0.743425071239, "median": 0.247327178717, "min": 0, "dvar2": 16.1054210663, "dvar": 5.60844516754, "dmean": 0.417783081532, "max": 72.2256317139, "var": 3.96181845665, "mean": 0.487512886524}, "spectral_energy": {"dmean2": 0.0361546352506, "median": 0.0398431569338, "min": 9.68195843065e-21, "dvar2": 0.0023119491525, "dvar": 0.0010178150842, "dmean": 0.0243846233934, "max": 0.305405080318, "var": 0.00223413598724, "mean": 0.0529292933643}, "average_loudness": 0.919368207455, "spectral_rolloff": {"dmean2": 13140.7089844, "median": 1464.2578125, "min": 64.599609375, "dvar2": 191878416, "dvar": 83941168, "dmean": 6745.79833984, "max": 22050, "var": 97547536, "mean": 8641.859375}, "spectral_centroid": {"dmean2": 250.834838867, "median": 541.460876465, "min": 105.815689087, "dvar2": 93793.375, "dvar": 48692.9882812, "dmean": 163.728408813, "max": 11900.1611328, "var": 1119101.125, "mean": 706.842529297}, "pitch_salience": {"dmean2": 0.15192681551, "median": 0.526069402695, "min": 0.0854776352644, "dvar2": 0.0165071897209, "dvar": 0.00625484995544, "dmean": 0.0923429876566, "max": 0.968833982944, "var": 0.016679149121, "mean": 0.514325201511}, "spectral_energyband_middle_high": {"dmean2": 0.00240257079713, "median": 0.00135330925696, "min": 1.08220477768e-21, "dvar2": 2.39134133153e-05, "dvar": 1.23823901959e-05, "dmean": 0.00177110324148, "max": 0.0933076217771, "var": 3.67249704141e-05, "mean": 0.00372317899019}, "spectral_contrast_coeffs": {"dmean2": [0.0853731781244, 0.0832039341331, 0.0622393861413, 0.0491023622453, 0.0395910032094, 0.0597206503153], "median": [-0.70561671257, -0.76663172245, -0.817605733871, -0.825698375702, -0.837339282036, -0.820675134659], "min": [-0.982833385468, -0.976659417152, -0.974052250385, -0.975350558758, -0.969952583313, -0.965769886971], "dvar2": [0.00432976474985, 0.00436104554683, 0.00249137612991, 0.00154119415674, 0.0011128638871, 0.0031433373224], "dvar": [0.00163557648193, 0.00164439843502, 0.000999119016342, 0.000608951319009, 0.000465644290671, 0.00148950878065], "dmean": [0.0513506829739, 0.0506344437599, 0.0379010587931, 0.0301975347102, 0.0249549262226, 0.0390229076147], "max": [-0.28752297163, -0.427565664053, -0.48855099082, -0.597274124622, -0.685852885246, -0.45913502574], "var": [0.00565567240119, 0.0053038415499, 0.00359603110701, 0.00252949376591, 0.0018444104353, 0.00459622545168], "mean": [-0.701095879078, -0.762701749802, -0.81071549654, -0.82242256403, -0.840086579323, -0.798620522022]}, "melbands_skewness": {"dmean2": 1.72371840477, "median": 3.29647350311, "min": -3.1283094883, "dvar2": 3.22482848167, "dvar": 1.32078027725, "dmean": 1.11207699776, "max": 20.7752609253, "var": 4.76100921631, "mean": 3.66544342041}, "spectral_spread": {"dmean2": 1081052.625, "median": 3463193.5, "min": 1004928.375, "dvar2": 1333243281410.0, "dvar": 604724461568, "dmean": 680018.8125, "max": 48142080, "var": 13967048048600.0, "mean": 3883344.25}, "dissonance": {"dmean2": 0.0441194958985, "median": 0.466840744019, "min": 0.180391460657, "dvar2": 0.00210613128729, "dvar": 0.000753492349759, "dmean": 0.0261552259326, "max": 0.500000119209, "var": 0.00128047098406, "mean": 0.456976354122}, "spectral_skewness": {"dmean2": 0.995109677315, "median": 3.19767999649, "min": -0.0710141956806, "dvar2": 1.09866881371, "dvar": 0.433256298304, "dmean": 0.639775693417, "max": 10.1696472168, "var": 1.15966510773, "mean": 3.39693546295}, "spectral_flux": {"dmean2": 0.0600388795137, "median": 0.105752341449, "min": 6.44697489838e-11, "dvar2": 0.00382329686545, "dvar": 0.0016927709803, "dmean": 0.0385176166892, "max": 0.446338504553, "var": 0.00481460243464, "mean": 0.117619805038}, "spectral_contrast_valleys": {"dmean2": [0.620367228985, 0.667167007923, 0.565183341503, 0.566778302193, 0.688269495964, 1.12813770771], "median": [-6.30737733841, -6.65374135971, -7.17229747772, -7.76467323303, -8.28120040894, -11.294878006], "min": [-28.160238266, -28.1902332306, -27.8255577087, -27.581363678, -27.55834198, -27.3865623474], "dvar2": [0.256347119808, 0.311936914921, 0.236908063293, 0.274934440851, 0.445048123598, 0.850212574005], "dvar": [0.123995222151, 0.150246798992, 0.130388453603, 0.152170971036, 0.21509256959, 0.340644866228], "dmean": [0.395075112581, 0.432421863079, 0.383413285017, 0.399042099714, 0.486929476261, 0.703272819519], "max": [-4.781478405, -4.64310026169, -4.82452011108, -5.55980205536, -5.92314529419, -8.79295921326], "var": [4.79996442795, 4.82008218765, 4.71884441376, 4.54604721069, 4.3676199913, 3.33071756363], "mean": [-6.64137363434, -6.96273469925, -7.46395540237, -8.05586147308, -8.50672245026, -11.512638092]}, "erbbands_flatness_db": {"dmean2": 0.0443277917802, "median": 0.149479344487, "min": 0.0372270606458, "dvar2": 0.00150767806917, "dvar": 0.000647251203191, "dmean": 0.0290478989482, "max": 0.393415153027, "var": 0.00235667312518, "mean": 0.155589640141}, "spectral_energyband_high": {"dmean2": 0.000235012863413, "median": 8.77149723237e-05, "min": 7.19269085532e-21, "dvar2": 2.52073704132e-07, "dvar": 1.45479830849e-07, "dmean": 0.000181589697604, "max": 0.00704076513648, "var": 3.16538319112e-07, "mean": 0.00029053108301}, "spectral_entropy": {"dmean2": 0.451620876789, "median": 7.15065956116, "min": 4.90432071686, "dvar2": 0.182361006737, "dvar": 0.0757195577025, "dmean": 0.293654114008, "max": 9.8205499649, "var": 0.295460760593, "mean": 7.12259912491}, "silence_rate_20dB": {"dmean2": 0, "median": 1, "min": 1, "dvar2": 0, "dvar": 0, "dmean": 0, "max": 1, "var": 0, "mean": 1}, "melbands_flatness_db": {"dmean2": 0.0733053535223, "median": 0.330296903849, "min": 0.000282656459603, "dvar2": 0.00383043801412, "dvar": 0.00161817250773, "dmean": 0.0471517108381, "max": 0.688551604748, "var": 0.00733097782359, "mean": 0.335083842278}, "barkbands": {"dmean2": [0.00630285032094, 0.0210509542376, 0.00791362952441, 0.00330606708303, 0.00458465144038, 0.00187581242062, 0.00138764502481, 0.00150978378952, 0.000659531156998, 0.000866575690452, 0.000903639593162, 0.000767698860727, 0.000539612607099, 0.000254453945672, 0.000171669627889, 0.000205875287065, 0.000128476836835, 9.05001434148e-05, 5.81524800509e-05, 3.28368623741e-05, 2.80155818473e-05, 2.01905695576e-05, 1.26067461679e-05, 7.61967703511e-06, 3.83963561035e-06, 1.07513478724e-05, 0.000224365663598], "median": [0.00186500325799, 0.012201661244, 0.00235871179029, 0.0012217622716, 0.00219229515642, 0.000843600253575, 0.000366854539607, 0.000184639968211, 0.000127455961774, 0.000190370774362, 0.000164370721905, 0.000173568521859, 0.000121821620269, 7.44151620893e-05, 4.82185314468e-05, 4.28394632763e-05, 3.17147059832e-05, 1.98008201551e-05, 1.30521966639e-05, 7.28839859221e-06, 4.78345646115e-06, 2.97814403893e-06, 1.66803977208e-06, 1.02215517472e-06, 7.02648776496e-07, 1.67455266364e-06, 0.00011318961333], "min": [7.18370759921e-26, 9.63826605517e-25, 3.46033540252e-25, 1.58641269103e-24, 7.39518681119e-24, 6.89440292019e-24, 5.21492830817e-24, 1.22574864061e-23, 1.72112457455e-23, 9.17425195705e-24, 9.46769243657e-24, 3.12923387508e-23, 2.77941287557e-23, 3.13007637853e-23, 4.73265835154e-23, 5.06994466681e-23, 5.52074017773e-23, 8.08828047583e-23, 1.28562794804e-22, 1.85442872001e-22, 2.19568439403e-22, 2.8488751075e-22, 3.55452544983e-22, 5.55705327535e-22, 8.45381766716e-22, 1.13881878787e-21, 1.92217508481e-21], "dvar2": [0.000125001577544, 0.000976724899374, 0.00018819217803, 2.86204849544e-05, 6.08524023846e-05, 1.27400726342e-05, 2.2968821213e-05, 4.74116641271e-05, 4.38448705609e-06, 5.62509239899e-06, 6.74533248457e-06, 3.57233898285e-06, 2.11425003727e-06, 4.12056806454e-07, 1.47008336171e-07, 2.95492867508e-07, 6.9496394417e-08, 4.01398203564e-08, 1.8389037848e-08, 6.1308154109e-09, 5.05998842826e-09, 2.61781640809e-09, 1.24406829283e-09, 3.95738886105e-10, 5.19744421112e-11, 9.178803273e-10, 1.8727186557e-07], "dvar": [4.93328188895e-05, 0.000368097476894, 7.68753234297e-05, 1.05113886093e-05, 2.76581140497e-05, 5.13122449775e-06, 9.25677704799e-06, 1.95382035599e-05, 1.92598304238e-06, 2.52792074207e-06, 2.74417288892e-06, 1.51037988871e-06, 9.51569688823e-07, 1.77185299322e-07, 6.6456053105e-08, 1.30316649916e-07, 3.32716112439e-08, 1.92423055267e-08, 8.71051586415e-09, 2.93431789977e-09, 2.45311571057e-09, 1.35106503762e-09, 6.07317807155e-10, 1.70216146733e-10, 2.03901739243e-11, 4.22929913313e-10, 1.14069813151e-07], "dmean": [0.00382508663461, 0.0129097579047, 0.00485495198518, 0.00199341587722, 0.00293772178702, 0.00117804994807, 0.00088606675854, 0.000938766868785, 0.000425622274633, 0.000554471567739, 0.000577847822569, 0.000490728823934, 0.000354022864485, 0.00016632664483, 0.000114774731628, 0.000138735646033, 8.76390695339e-05, 6.27910776529e-05, 4.06159524573e-05, 2.29455617955e