{"tonal": {"thpcp": [1, 0.781808912754, 0.425476312637, 0.301378339529, 0.26860833168, 0.31141397357, 0.446374773979, 0.56632912159, 0.614414930344, 0.578846096992, 0.431592077017, 0.35172355175, 0.420636147261, 0.461352676153, 0.447213321924, 0.631305277348, 0.896764099598, 0.798075675964, 0.503371119499, 0.390616714954, 0.466673105955, 0.557920217514, 0.496079295874, 0.401415884495, 0.396770447493, 0.45455083251, 0.489288389683, 0.501573443413, 0.485037505627, 0.467389702797, 0.594123244286, 0.753355622292, 0.732049167156, 0.531440317631, 0.349834322929, 0.623810529709], "hpcp": {"dmean2": [0.233736798167, 0.242815688252, 0.233821451664, 0.27314004302, 0.309005737305, 0.313169449568, 0.265272945166, 0.249476775527, 0.267859876156, 0.282462477684, 0.257683396339, 0.233113750815, 0.238653451204, 0.256031423807, 0.26087474823, 0.263898074627, 0.261996716261, 0.272285282612, 0.285425931215, 0.308349072933, 0.297853052616, 0.262189984322, 0.18935573101, 0.289456784725, 0.45274323225, 0.302949100733, 0.201977968216, 0.167721375823, 0.158763751388, 0.175734296441, 0.231557801366, 0.274819403887, 0.293103545904, 0.285328298807, 0.235162287951, 0.212831631303], "median": [0.0389766842127, 0.0416287221014, 0.0500119812787, 0.0781872272491, 0.11370048672, 0.105384945869, 0.0648055821657, 0.0417732261121, 0.0481340140104, 0.0591002516448, 0.0548567324877, 0.0394448190928, 0.0377113446593, 0.0463903993368, 0.0525542497635, 0.0581142902374, 0.0586450099945, 0.0553621724248, 0.0615128874779, 0.0814283639193, 0.0912763103843, 0.0677926316857, 0.0417812801898, 0.0818517431617, 0.106789574027, 0.115646019578, 0.0503406822681, 0.0359221249819, 0.0276423022151, 0.0297761484981, 0.0417477861047, 0.0626936554909, 0.0724385529757, 0.066607825458, 0.0475856438279, 0.0347222425044], "min": [0, 0, 0, 0, 0, 0, 0, 0, 0, 0, 0, 0, 0, 0, 0, 0, 0, 0, 0, 0, 0, 0, 0, 0, 0, 0, 0, 0, 0, 0, 0, 0, 0, 0, 0, 0], "dvar2": [0.118604324758, 0.124680951238, 0.109230615199, 0.114387385547, 0.122933298349, 0.131386831403, 0.116507790983, 0.133644491434, 0.136795967817, 0.140356704593, 0.126936525106, 0.122904285789, 0.127229183912, 0.130592465401, 0.125331774354, 0.123539835215, 0.120927222073, 0.139344021678, 0.13419175148, 0.144602626562, 0.122493416071, 0.112099453807, 0.0796798467636, 0.0965174734592, 0.226217880845, 0.0985235795379, 0.08210811764, 0.0700094401836, 0.0707118287683, 0.0776845961809, 0.109211616218, 0.129210829735, 0.13716648519, 0.129999473691, 0.102313347161, 0.106965817511], "dvar": [0.0426099710166, 0.0459898263216, 0.039250575006, 0.0432202704251, 0.0499981231987, 0.0512545332313, 0.042423967272, 0.0464634001255, 0.047976013273, 0.0517385005951, 0.0457149557769, 0.0447289869189, 0.0463243089616, 0.0479339621961, 0.0459324121475, 0.0450225323439, 0.0438485182822, 0.0497470833361, 0.0503131523728, 0.0545087791979, 0.0474271327257, 0.041754744947, 0.0288886502385, 0.0391910411417, 0.100943028927, 0.039052862674, 0.0304483640939, 0.0255621094257, 0.0252081248909, 0.0278321951628, 0.0403299406171, 0.0485765337944, 0.0502470098436, 0.0475991778076, 0.0371995903552, 0.0380306728184], "dmean": [0.129501789808, 0.134681105614, 0.130805432796, 0.155805289745, 0.181321635842, 0.182428643107, 0.150502920151, 0.136878743768, 0.148648142815, 0.159199431539, 0.145945325494, 0.130613639951, 0.133127719164, 0.143540948629, 0.147172376513, 0.148780941963, 0.147657603025, 0.152114510536, 0.163520470262, 0.176567301154, 0.171934977174, 0.150882303715, 0.10692076385, 0.162615895271, 0.25077354908, 0.172914937139, 0.115364916623, 0.0941546559334, 0.0883466824889, 0.09882966429, 0.131130620837, 0.156923443079, 0.166504025459, 0.160796225071, 0.132184267044, 0.11745813489], "max": [1, 1, 1, 1, 1, 1, 1, 1, 1, 1, 1, 1, 1, 1, 1, 1, 1, 1, 1, 1, 1, 1, 1, 1, 1, 1, 1, 1, 1, 1, 1, 1, 1, 1, 1, 1], "var": [0.0425262376666, 0.0522079020739, 0.0392310209572, 0.0613938570023, 0.0987164005637, 0.0821955800056, 0.0428678430617, 0.0374635346234, 0.0450490303338, 0.0598487667739, 0.0475996024907, 0.0408146455884, 0.0406915843487, 0.0461828634143, 0.0492880642414, 0.0480228103697, 0.0431724153459, 0.044652108103, 0.0628318116069, 0.0858509466052, 0.0764828696847, 0.0478064231575, 0.0276944935322, 0.0459326952696, 0.128598853946, 0.0623778104782, 0.038663405925, 0.0230112057179, 0.021246932447, 0.0264362171292, 0.0450129359961, 0.059902805835, 0.0628636777401, 0.0591428764164, 0.0384640358388, 0.0319251045585], "mean": [0.123864769936, 0.135854572058, 0.131690949202, 0.185900524259, 0.264070212841, 0.235009416938, 0.148227751255, 0.11502494663, 0.137421280146, 0.164290830493, 0.146080523729, 0.118204973638, 0.116837032139, 0.133851632476, 0.144080802798, 0.147698387504, 0.142829045653, 0.137632295489, 0.174951523542, 0.221840709448, 0.215566590428, 0.156493291259, 0.103015750647, 0.183693557978, 0.294470101595, 0.230219349265, 0.125290051103, 0.0887469127774, 0.079097121954, 0.0917021036148, 0.131444022059, 0.166767001152, 0.180926829576, 0.170452862978, 0.127090960741, 0.103572070599]}, "tuning_equal_tempered_deviation": 0.230512395501, "chords_changes_rate": 0.0873249843717, "key_key": "D#", "tuning_diatonic_strength": 0.640587627888, "key_scale": "major", "chords_number_rate": 0.00239498890005, "tuning_frequency": 434.193115234, "tuning_nontempered_energy_ratio": 0.873907327652, "chords_histogram": [19.0125274658, 4.12674999237, 25.8843040466, 4.90051603317, 3.7951362133, 2.85556364059, 1.4738394022, 0.350036859512, 0.865880608559, 0.626381695271, 0.405305832624, 0.202652916312, 1.5291082859, 0.0921149626374, 0.202652916312, 0.829034626484, 0.66322773695, 2.39498901367, 0, 7.90346336365, 0.847457647324, 11.0722179413, 4.56890201569, 5.39793682098], "key_strength": 0.696652829647, "chords_key": "A#", "chords_strength": {"dmean2": 0.0155234811828, "median": 0.50427377224, "min": 0.195929631591, "dvar2": 0.000191150800674, "dvar": 0.000127492545289, "dmean": 0.0129920067266, "max": 0.809527695179, "var": 0.0133975790814, "mean": 0.51089566946}, "chords_scale": "major", "hpcp_entropy": {"dmean2": 1.28446090221, "median": 2.40806150436, "min": 0, "dvar2": 0.991699516773, "dvar": 0.35944840312, "dmean": 0.756845831871, "max": 4.6659617424, "var": 0.742266952991, "mean": 2.37782764435}}, "metadata": {"audio_properties": {"equal_loudness": 0, "codec": "mp3", "downmix": "mix", "sample_rate": 44100, "analysis_sample_rate": 44100, "bit_rate": 128000, "md5_encoded": "e165eaf57a7ee4d7d2b870a479c3a443", "length": 252.029388428, "replay_gain": -5.3340473175, "lossless": false}, "version": {"essentia_build_sha": "ca57ba49d9b1854bd80e60cf9ccf267278fb7d6b", "essentia": "2.1-beta1", "extractor": "music 1.0", "essentia_git_sha": "v2.1_beta1-28-g21ef5f4-dirty"}, "tags": {"title": ["Till the Night We'll Meet Again"], "media": ["DIG"], "albumartist": ["Chris Norman"], "length": ["252081"], "musicbrainz_recordingid": ["182b8b0a-5e97-4a32-8487-849e23f656ad"], "musicbrainz_albumartistid": ["197889a0-15b6-40bc-89b1-8859137bf823"], "discnumber": ["1/1"], "album": ["Midnight Lady"], "catalognumber": ["295 724"], "musicbrainz album release country": ["DE"], "musicbrainz album type": ["album"], "musicbrainz album status": ["official"], "file_name": "Chris Norman_Till The Night We'll Meet Again.mp3", "date": ["1991"], "genre": ["genre"], "musicbrainz_releasegroupid": ["ef872e5b-beed-3e20-89a6-ff6f7cfcfe9c"], "script": ["Latn"], "originaldate": ["1991"], "musicbrainz_albumid": ["15d604c7-13a5-41e9-9d17-1089711d90f7"], "artist": ["Chris Norman"], "artistsort": ["Norman, Chris"], "tracknumber": ["12/16"], "label": ["Ariola Express"], "albumartistsort": ["Norman, Chris"], "acoustid_id": ["25ca1f76-f66e-4fa0-b224-d2386f074a77"], "musicbrainz_artistid": ["197889a0-15b6-40bc-89b1-8859137bf823"]}}, "rhythm": {"bpm_histogram_first_peak_bpm": {"dmean2": 0, "median": 148, "min": 148, "dvar2": 0, "dvar": 0, "dmean": 0, "max": 148, "var": 0, "mean": 148}, "bpm": 147.092803955, "bpm_histogram_second_peak_spread": {"dmean2": 0, "median": 0.428571462631, "min": 0.428571462631, "dvar2": 0, "dvar": 0, "dmean": 0, "max": 0.428571462631, "var": 0, "mean": 0.428571462631}, "bpm_histogram_first_peak_weight": {"dmean2": 0, "median": 0.769105672836, "min": 0.769105672836, "dvar2": 0, "dvar": 0, "dmean": 0, "max": 0.769105672836, "var": 0, "mean": 0.769105672836}, "onset_rate": 2.5868806839, "beats_position": [0.406349211931, 0.824308395386, 1.23065757751, 1.63700675964, 2.04335594177, 2.4497051239, 2.85605430603, 3.26240348816, 3.66875267029, 4.07510185242, 4.48145103455, 4.88780021667, 5.2941493988, 5.70049858093, 6.10684776306, 6.51319694519, 6.91954612732, 7.33750534058, 7.75546455383, 8.16181373596, 8.56816291809, 8.97451210022, 9.38086128235, 9.78721046448, 10.1935596466, 10.5999088287, 11.0062580109, 11.412607193, 11.8189563751, 12.2253055573, 12.6316547394, 13.0380039215, 13.4443531036, 13.8507022858, 14.2570514679, 14.6750106812, 15.0929698944, 15.4993190765, 15.9056682587, 16.3120174408, 16.7183666229, 17.1247158051, 17.5310649872, 17.9374141693, 18.3437633514, 18.7617225647, 19.179681778, 19.574420929, 19.9807701111, 20.3871192932, 20.7934684753, 21.1998176575, 21.6177768707, 22.0241260529, 22.430475235, 22.8368244171, 23.2431735992, 23.6379127502, 24.0558719635, 24.4622211456, 24.8685703278, 25.2749195099, 25.6928787231, 26.0992279053, 26.5055770874, 26.9119262695, 27.3182754517, 27.7246246338, 28.142583847, 28.5489330292, 28.9552822113, 29.3616313934, 29.7679805756, 30.1743297577, 30.5806789398, 30.9986381531, 31.4049873352, 31.8113365173, 32.2292976379, 32.6356468201, 33.0419960022, 33.4483451843, 33.8546943665, 34.2610435486, 34.6673927307, 35.0737419128, 35.480091095, 35.8864402771, 36.2927894592, 36.7107467651, 37.1170959473, 37.5234451294, 37.9297943115, 38.3361434937, 38.7424926758, 39.1488418579, 39.5668029785, 39.9731521606, 40.3795013428, 40.7858505249, 41.192199707, 41.5985488892, 42.0048980713, 42.4112472534, 42.8175964355, 43.2355537415, 43.6419029236, 44.0482521057, 44.4662132263, 44.8725624084, 45.2789115906, 45.6852607727, 46.0916099548, 46.497959137, 46.9043083191, 47.3106575012, 47.7170066833, 48.1233558655, 48.5297050476, 48.9360542297, 49.3424034119, 49.748752594, 50.1667098999, 50.573059082, 50.9910202026, 51.3973693848, 51.8037185669, 52.210067749, 52.6164169312, 53.0227661133, 53.4291152954, 53.8354644775, 54.2418136597, 54.6481628418, 55.0545120239, 55.4608612061, 55.8672103882, 56.2735595703, 56.6799087524, 57.0978660583, 57.5042152405, 57.8989562988, 58.305305481, 58.7116546631, 59.1180038452, 59.5359611511, 59.9539222717, 60.3602714539, 60.766620636, 61.1729698181, 61.590927124, 61.9972763062, 62.4036254883, 62.8099746704, 63.2163238525, 63.6342849731, 64.0406341553, 64.4469833374, 64.8533325195, 65.2480697632, 65.6544189453, 66.0607681274, 66.478729248, 66.8850784302, 67.2914276123, 67.6977767944, 68.1041259766, 68.5220870972, 68.9284362793, 69.3347854614, 69.7527389526, 70.1590881348, 70.5654373169, 70.971786499, 71.3781356812, 71.7844848633, 72.1908340454, 72.5971832275, 73.0035324097, 73.4098815918, 73.8162307739, 74.2225799561, 74.6289291382, 75.0468902588, 75.4532394409, 75.859588623, 76.2775497437, 76.6722869873, 77.0786361694, 77.4849853516, 77.9029464722, 78.3092956543, 78.7156448364, 79.1219940186, 79.5283432007, 79.9230804443, 80.3410415649, 80.7473907471, 81.1537399292, 81.5717010498, 81.9780502319, 82.3843994141, 82.8023605347, 83.2087097168, 83.6150588989, 84.0214080811, 84.4277572632, 84.8341064453, 85.2404556274, 85.6468048096, 86.0531539917, 86.4711074829, 86.877456665, 87.2838058472, 87.6901550293, 88.0965042114, 88.5028533936, 88.9092025757, 89.3271636963, 89.7335128784, 90.1398620605, 90.5345993042, 90.9525604248, 91.3589096069, 91.7652587891, 92.1716079712, 92.5779571533, 92.9843063354, 93.3906555176, 93.8086166382, 94.2149658203, 94.6213150024, 95.0276641846, 95.4456253052, 95.8519744873, 96.2699279785, 96.6646728516, 97.0710220337, 97.4773712158, 97.8837203979, 98.2900695801, 98.6964187622, 99.1027679443, 99.5091171265, 99.9154663086, 100.3334198, 100.739768982, 101.146118164, 101.552467346, 101.970428467, 102.376777649, 102.783126831, 103.189476013, 103.595825195, 104.002174377, 104.40852356, 104.814872742, 105.221221924, 105.627571106, 106.033920288, 106.44026947, 106.846618652, 107.264579773, 107.670928955, 108.088890076, 108.495239258, 108.90158844, 109.307937622, 109.714286804, 110.120635986, 110.526985168, 110.933334351, 111.339683533, 111.746032715, 112.152381897, 112.570335388, 112.97668457, 113.383033752, 113.800994873, 114.207344055, 114.613693237, 115.020042419, 115.426391602, 115.844352722, 116.239089966, 116.645439148, 117.05178833, 117.458137512, 117.864486694, 118.282447815, 118.700408936, 119.095146179, 119.501495361, 119.907844543, 120.325805664, 120.732154846, 121.138504028, 121.54485321, 121.951202393, 122.357551575, 122.763900757, 123.170249939, 123.576599121, 123.994552612, 124.400901794, 124.807250977, 125.225212097, 125.619949341, 126.037910461, 126.444259644, 126.850608826, 127.256958008, 127.66330719, 128.069656372, 128.476013184, 128.893966675, 129.311920166, 129.718276978, 130.12461853, 130.530975342, 130.925704956, 131.332061768, 131.750015259, 132.144760132, 132.562713623, 132.969070435, 133.375411987, 133.781768799, 134.188110352, 134.594467163, 135.000808716, 135.407165527, 135.81350708, 136.23147583, 136.649429321, 137.055786133, 137.462127686, 137.868484497, 138.27482605, 138.681182861, 139.087524414, 139.493881226, 139.900222778, 140.30657959, 140.712921143, 141.119277954, 141.525619507, 141.943572998, 142.34992981, 142.756271362, 143.174240112, 143.580581665, 143.986938477, 144.393280029, 144.811248779, 145.217590332, 145.623947144, 146.018676758, 146.425033569, 146.831375122, 147.237731934, 147.644073486, 148.062042236, 148.468383789, 148.886352539, 149.292694092, 149.699050903, 150.105392456, 150.511749268, 150.91809082, 151.324447632, 151.730789185, 152.137145996, 152.543487549, 152.94984436, 153.356185913, 153.762542725, 154.180496216, 154.598449707, 155.004806519, 155.411148071, 155.817504883, 156.223846436, 156.630203247, 157.0365448, 157.442901611, 157.849243164, 158.255599976, 158.661941528, 159.06829834, 159.474639893, 159.892608643, 160.298950195, 160.705307007, 161.123260498, 161.52961731, 161.935958862, 162.342315674, 162.748657227, 163.155014038, 163.561355591, 163.967712402, 164.374053955, 164.780410767, 165.186752319, 165.604721069, 166.011062622, 166.417419434, 166.823760986, 167.230117798, 167.648071289, 168.054412842, 168.460769653, 168.867111206, 169.273468018, 169.67980957, 170.086166382, 170.492507935, 170.910476685, 171.328430176, 171.734786987, 172.14112854, 172.547485352, 172.942214966, 173.348571777, 173.75491333, 174.17288208, 174.579223633, 174.985580444, 175.391921997, 175.798278809, 176.204620361, 176.610977173, 177.017318726, 177.435287476, 177.841629028, 178.24798584, 178.654327393, 179.072280884, 179.478637695, 179.884979248, 180.302947998, 180.709289551, 181.115646362, 181.521987915, 181.928344727, 182.334686279, 182.741043091, 183.147384644, 183.553741455, 183.948471069, 184.366439819, 184.784393311, 185.190750122, 185.597091675, 186.003448486, 186.409790039, 186.816146851, 187.222488403, 187.628845215, 188.035186768, 188.441543579, 188.847885132, 189.265853882, 189.683807373, 190.101760864, 190.508117676, 190.914459229, 191.32081604, 191.715545654, 192.121902466, 192.528244019, 192.93460083, 193.329345703, 193.747299194, 194.153640747, 194.559997559, 194.97795105, 195.384307861, 195.790649414, 196.208618164, 196.614959717, 197.021316528, 197.427658081, 197.834014893, 198.240356445, 198.646713257, 199.05305481, 199.459411621, 199.865753174, 200.272109985, 200.678451538, 201.08480835, 201.491149902, 201.909118652, 202.315460205, 202.733413696, 203.151382446, 203.569335938, 203.975692749, 204.382034302, 204.776779175, 205.171508789, 205.577865601, 205.984207153, 206.390563965, 206.796905518, 207.203262329, 207.609603882, 208.027572632, 208.445526123, 208.851882935, 209.258224487, 209.664581299, 210.070922852, 210.477279663, 210.883621216, 211.301589966, 211.707931519, 212.11428833, 212.520629883, 212.926986694, 213.333328247, 213.739685059, 214.146026611, 214.552383423, 214.958724976, 215.365081787, 215.783035278, 216.189376831, 216.595733643, 217.002075195, 217.408432007, 217.81477356, 218.221130371, 218.627471924, 219.033828735, 219.440170288, 219.8465271, 220.252868652, 220.670837402, 221.077178955, 221.495147705, 221.913101196, 222.307846069, 222.714187622, 223.120544434, 223.526885986, 223.933242798, 224.351196289, 224.757553101, 225.163894653, 225.558639526, 225.976593018, 226.382949829, 226.80090332, 227.207244873, 227.613601685, 228.019943237, 228.437911987, 228.84425354, 229.250610352, 229.645339966, 230.051696777, 230.45803833, 230.864395142, 231.282348633, 231.688705444, 232.106658936, 232.513015747, 232.930969238, 233.33732605, 233.743667603, 234.150024414, 234.544754028, 234.95111084, 235.357452393, 235.763809204, 236.170150757, 236.576507568, 236.982849121, 237.400817871, 237.818771362, 238.213516235, 238.619857788, 239.0262146, 239.432556152, 239.850509644, 240.256866455, 240.663208008, 241.069564819, 241.475906372, 241.882263184, 242.288604736, 242.694961548, 243.101318359, 243.507659912, 243.925613403, 244.331970215, 244.738311768, 245.156280518, 245.56262207, 245.968978882, 246.375320435, 246.781677246, 247.199630737, 247.617584229, 248.035552979, 248.45350647, 248.883071899, 249.312652588, 249.742218018, 250.183395386, 250.624572754, 251.065750122, 251.50692749], "beats_loudness": {"dmean2": 0.0938840508461, "median": 0.0499863699079, "min": 8.39781647e-11, "dvar2": 0.00355099071749, "dvar": 0.00107807735913, "dmean": 0.0490202233195, "max": 0.172561064363, "var": 0.00148431002162, "mean": 0.0530949309468}, "danceability": 1.09184908867, "bpm_histogram_second_peak_weight": {"dmean2": 0, "median": 0.00650406489149, "min": 0.00650406489149, "dvar2": 0, "dvar": 0, "dmean": 0, "max": 0.00650406489149, "var": 0, "mean": 0.00650406489149}, "beats_count": 616, "bpm_histogram_second_peak_bpm": {"dmean2": 0, "median": 136, "min": 136, "dvar2": 0, "dvar": 0, "dmean": 0, "max": 136, "var": 0, "mean": 136}, "bpm_histogram_first_peak_spread": {"dmean2": 0, "median": 0.222039520741, "min": 0.222039520741, "dvar2": 0, "dvar": 0, "dmean": 0, "max": 0.222039520741, "var": 0, "mean": 0.222039520741}, "beats_loudness_band_ratio": {"dmean2": [0.838078200817, 0.277886718512, 0.179072007537, 0.156165853143, 0.0696330815554, 0.342527091503], "median": [0.520812153816, 0.0793226435781, 0.0374751873314, 0.0466975346208, 0.0279436912388, 0.0874234363437], "min": [0, 0, 0, 0, 0, 0], "dvar2": [0.183464705944, 0.0603921487927, 0.0530666559935, 0.026812242344, 0.00473868194968, 0.0648147538304], "dvar": [0.0602452456951, 0.0224141571671, 0.0178419277072, 0.00891602225602, 0.00157308904454, 0.0214085076004], "dmean": [0.432695299387, 0.15451669693, 0.097634345293, 0.0839922875166, 0.0375785082579, 0.177450269461], "max": [0.971875548363, 0.832326114178, 0.883949995041, 0.554964363575, 0.315477102995, 0.761682987213], "var": [0.0929026082158, 0.0271806623787, 0.0162317249924, 0.00948997866362, 0.00150447082706, 0.0218994077295], "mean": [0.501438319683, 0.147768780589, 0.0865094810724, 0.0832264497876, 0.0394245795906, 0.153522461653]}}, "lowlevel": {"barkbands_spread": {"dmean2": 14.4096536636, "median": 27.4960212708, "min": 0.916125059128, "dvar2": 204.784362793, "dvar": 94.7976760864, "dmean": 9.26071643829, "max": 133.496536255, "var": 368.880645752, "mean": 31.2184848785}, "melbands_spread": {"dmean2": 11.7091741562, "median": 18.2529983521, "min": 0.461591035128, "dvar2": 179.140518188, "dvar": 75.7866439819, "dmean": 7.36666154861, "max": 154.142227173, "var": 224.036071777, "mean": 21.340883255}, "hfc": {"dmean2": 39.2039794922, "median": 84.4882965088, "min": 1.0738661206e-16, "dvar2": 2096.81445312, "dvar": 895.38458252, "dmean": 25.1200885773, "max": 794.4140625, "var": 4829.21289062, "mean": 97.6747360229}, "barkbands_kurtosis": {"dmean2": 9.45409679413, "median": 3.43374300003, "min": -1.88025200367, "dvar2": 500.260345459, "dvar": 198.187255859, "dmean": 5.82353830338, "max": 345.636169434, "var": 212.476455688, "mean": 7.54453372955}, "gfcc": {"mean": [-31.5545082092, 93.8332595825, -103.39125061, -8.20272445679, -9.94204425812, -26.2343196869, 3.0354654789, -29.3526287079, 0.0617789141834, -10.8608875275, -7.68002080917, -0.982578217983, -0.550239264965], "icov": [[0.000132437664433, -0.000296816113405, 0.000592643278651, -0.000472987740068, 0.000380464276532, -0.00033486034954, 8.57275153976e-05, 3.85775138056e-06, 5.3623047279e-05, -0.000319269194733, 0.000388217362342, -0.000211056642001, 2.63954589172e-05], [-0.000296816113405, 0.00335102528334, -0.00290576531552, 0.00277128489688, -0.00214807805605, 0.00190950627439, -0.000337295175996, 0.000748214370105, -0.00154364574701, 0.00227930978872, -0.00206933543086, 0.00237822998315, -0.00172597169876], [0.000592643278651, -0.00290576531552, 0.00852165091783, -0.00617645820603, 0.00431594438851, -0.00339658651501, 0.000627600296866, -0.00122001604177, 0.00373117323034, -0.00513696763664, 0.00388256274164, -0.00141839205753, 0.000172663290869], [-0.000472987740068, 0.00277128489688, -0.00617645820603, 0.00807911809534, -0.00609238818288, 0.00404614908621, 0.000193050087546, -0.00103808287531, -0.00135523860808, 0.00195467844605, -0.00100535259116, -0.00267059239559, 0.00307289347984], [0.000380464276532, -0.00214807805605, 0.00431594438851, -0.00609238818288, 0.00892682373524, -0.00435729557648, -0.00217573763803, 0.00275289476849, 0.00017212430248, -0.000201442991965, -0.00130170478951, 0.0042342254892, -0.00422987621278], [-0.00033486034954, 0.00190950627439, -0.00339658651501, 0.00404614908621, -0.00435729557648, 0.00641555758193, 0.00065581308445, -0.00297214905731, 0.000979910721071, 0.00141775270458, -0.00102653668728, -0.00316726928577, 0.0027799718082], [8.57275153976e-05, -0.000337295175996, 0.000627600296866, 0.000193050087546, -0.00217573763803, 0.00065581308445, 0.00587142072618, -0.00104499270674, -0.00119782180991, -0.000426123209763, 0.00101237033959, -0.00258848187514, 0.00199185009114], [3.85775138056e-06, 0.000748214370105, -0.00122001604177, -0.00103808287531, 0.00275289476849, -0.00297214905731, -0.00104499270674, 0.00972090382129, -0.00462613720447, 0.000767681282014, -0.00301910284907, 0.00659987377003, -0.00548845576122], [5.3623047279e-05, -0.00154364574701, 0.00373117323034, -0.00135523860808, 0.00017212430248, 0.000979910721071, -0.00119782180991, -0.00462613720447, 0.0142351360992, -0.00909194443375, 0.00567159801722, -0.00760746980086, 0.00641426164657], [-0.000319269194733, 0.00227930978872, -0.00513696763664, 0.00195467844605, -0.000201442991965, 0.00141775270458, -0.000426123209763, 0.000767681282014, -0.00909194443375, 0.0195624157786, -0.0113978991285, 0.00656639644876, -0.0055806748569], [0.000388217362342, -0.00206933543086, 0.00388256274164, -0.00100535259116, -0.00130170478951, -0.00102653668728, 0.00101237033959, -0.00301910284907, 0.00567159801722, -0.0113978991285, 0.0212259534746, -0.00990065932274, 0.00275084446184], [-0.000211056642001, 0.00237822998315, -0.00141839205753, -0.00267059239559, 0.0042342254892, -0.00316726928577, -0.00258848187514, 0.00659987377003, -0.00760746980086, 0.00656639644876, -0.00990065932274, 0.0193197224289, -0.00832021050155], [2.63954589172e-05, -0.00172597169876, 0.000172663290869, 0.00307289347984, -0.00422987621278, 0.0027799718082, 0.00199185009114, -0.00548845576122, 0.00641426164657, -0.0055806748569, 0.00275084446184, -0.00832021050155, 0.0151947122067]], "cov": [[12674.0341797, 146.496643066, -700.164245605, 130.935317993, -179.901870728, 101.727218628, 19.6664924622, -101.52192688, 325.595825195, -24.4258537292, -88.7778167725, 207.598098755, -148.510482788], [146.496643066, 770.27166748, -30.3712520599, -256.401153564, 78.6596298218, -145.773513794, -26.6782093048, -27.977684021, -74.5562896729, -12.1959199905, -7.01896905899, -136.829101562, 134.738479614], [-700.164245605, -30.3712520599, 444.497894287, 250.282913208, -27.545835495, 75.5384674072, -46.638420105, 78.4247360229, -33.051410675, 52.9468688965, 1.43414497375, 17.4577350616, -2.24921965599], [130.935317993, -256.401153564, 250.282913208, 594.791992188, 153.199310303, 11.9702005386, 81.5248718262, -1.28991436958, 69.9317626953, 20.1634273529, 11.7720212936, 100.18927002, -92.5647201538], [-179.901870728, 78.6596298218, -27.545835495, 153.199310303, 338.937561035, 50.483543396, 94.4789505005, -40.210609436, -18.723772049, -12.9394693375, 26.4478740692, -8.36210536957, 30.5700206757], [101.727218628, -145.773513794, 75.5384674072, 11.9702005386, 50.483543396, 342.917388916, -7.28048276901, 72.4444885254, -16.0298442841, -0.574161350727, 29.5277900696, 48.8321418762, -13.6284761429], [19.6664924622, -26.6782093048, -46.638420105, 81.5248718262, 94.4789505005, -7.28048276901, 248.94052124, -8.41777229309, 72.3810195923, 5.6192650795, 9.7730255127, 42.6417999268, -33.9733467102], [-101.52192688, -27.977684021, 78.4247360229, -1.28991436958, -40.210609436, 72.4444885254, -8.41777229309, 199.841690063, 36.6590003967, 54.0257720947, 20.3320159912, -19.021188736, 35.478969574], [325.595825195, -74.5562896729, -33.051410675, 69.9317626953, -18.723772049, -16.0298442841, 72.3810195923, 36.6590003967, 178.017837524, 56.1481781006, 10.0052423477, 54.0696754456, -48.0581665039], [-24.4258537292, -12.1959199905, 52.9468688965, 20.1634273529, -12.9394693375, -0.574161350727, 5.6192650795, 54.0257720947, 56.1481781006, 120.130653381, 47.9700698853, 10.2732439041, 26.6184940338], [-88.7778167725, -7.01896905899, 1.43414497375, 11.7720212936, 26.4478740692, 29.5277900696, 9.7730255127, 20.3320159912, 10.0052423477, 47.9700698853, 92.664642334, 40.3666877747, 23.7055625916], [207.598098755, -136.829101562, 17.4577350616, 100.18927002, -8.36210536957, 48.8321418762, 42.6417999268, -19.021188736, 54.0696754456, 10.2732439041, 40.3666877747, 143.040939331, -8.11999320984], [-148.510482788, 134.738479614, -2.24921965599, -92.5647201538, 30.5700206757, -13.6284761429, -33.9733467102, 35.478969574, -48.0581665039, 26.6184940338, 23.7055625916, -8.11999320984, 149.718521118]]}, "spectral_energyband_middle_low": {"dmean2": 0.00759330112487, "median": 0.00424548750743, "min": 1.60958118872e-22, "dvar2": 0.000182822812349, "dvar": 8.24087910587e-05, "dmean": 0.00508636189625, "max": 0.152974113822, "var": 0.000261190260062, "mean": 0.011264600791}, "melbands_crest": {"dmean2": 7.67756271362, "median": 13.8122673035, "min": 1.72608828545, "dvar2": 46.1617965698, "dvar": 22.6930618286, "dmean": 4.81202220917, "max": 38.6413955688, "var": 51.2012367249, "mean": 15.3755617142}, "spectral_kurtosis": {"dmean2": 6.49764966965, "median": 19.117389679, "min": -1.25700330734, "dvar2": 51.9574317932, "dvar": 24.0018787384, "dmean": 4.3882393837, "max": 120.749687195, "var": 99.2718887329, "mean": 20.2382030487}, "spectral_rms": {"dmean2": 0.0015453499509, "median": 0.00432280870155, "min": 3.15202963556e-12, "dvar2": 4.89566764372e-06, "dvar": 2.54640281128e-06, "dmean": 0.00109003379475, "max": 0.0166794285178, "var": 7.6173259913e-06, "mean": 0.00493336096406}, "zerocrossingrate": {"dmean2": 0.0485532768071, "median": 0.27783203125, "min": 0.0263671875, "dvar2": 0.00161415454932, "dvar": 0.00125995534472, "dmean": 0.0413270667195, "max": 0.744140625, "var": 0.0126518206671, "mean": 0.282050997019}, "silence_rate_60dB": {"dmean2": 0.0210080165416, "median": 0, "min": 0, "dvar2": 0.0222262386233, "dvar": 0.0103909596801, "dmean": 0.0105030406266, "max": 1, "var": 0.0751115083694, "mean": 0.0818056166172}, "erbbands_kurtosis": {"dmean2": 1.86476588249, "median": 0.200985431671, "min": -1.75148355961, "dvar2": 6.50470781326, "dvar": 2.55460762978, "dmean": 1.14676821232, "max": 37.9800033569, "var": 5.89049386978, "mean": 0.895677149296}, "erbbands": {"dmean2": [0.732302248478, 0.934069991112, 1.29260993004, 3.14549589157, 3.60634016991, 11.4450178146, 28.0619068146, 21.7919235229, 16.2056217194, 16.1015472412, 25.2218456268, 41.4007949829, 40.7487945557, 45.0000762939, 29.7353401184, 39.5823554993, 29.921049118, 20.1789493561, 21.7271728516, 32.1821022034, 21.5996494293, 9.07933235168, 6.52993631363, 3.3698925972, 3.05971813202, 3.52142167091, 2.60416769981, 2.01641964912, 2.44878315926, 1.89739763737, 0.983964502811, 0.247093215585, 0.0474568158388, 0.0283201914281, 0.0178444944322, 0.0110948355868, 0.0306855998933, 0.0851616635919, 0.0277028046548, 0.0076727331616], "median": [0.0385821051896, 0.202184721828, 0.577075839043, 1.10701024532, 1.50117099285, 3.38440656662, 4.94702529907, 4.60840368271, 3.60160088539, 3.21351528168, 3.86567926407, 6.32327604294, 7.64674520493, 10.6397333145, 8.42761135101, 11.8542098999, 12.7679071426, 8.90603733063, 12.6486711502, 14.8317022324, 8.56245422363, 6.24410009384, 4.35853719711, 2.60386919975, 2.32208299637, 2.49038791656, 1.9381570816, 1.29667913914, 0.523824691772, 0.196692571044, 0.0935744345188, 0.0397029519081, 0.0111352782696, 0.0057135024108, 0.00369282183237, 0.0031984585803, 0.00544009264559, 0.0146270943806, 0.0248064883053, 0.0140795838088], "min": [1.47491644753e-22, 7.3740092091e-22, 2.38224805436e-21, 1.04715031331e-20, 1.8588963334e-20, 5.17033119285e-20, 5.32944552291e-20, 1.51452776427e-19, 1.73897753662e-19, 1.67370044933e-19, 1.84694942198e-19, 4.79429075048e-19, 6.55949831358e-19, 8.97754008055e-19, 6.5635887217e-19, 1.52690117131e-18, 1.97797806218e-18, 2.04042047905e-18, 2.92834323873e-18, 2.26292606677e-18, 3.74269407319e-18, 4.89938166916e-18, 4.58687531528e-18, 7.1455500907e-18, 5.93886852569e-18, 7.06202966425e-18, 8.47700151136e-18, 1.12530907846e-17, 1.35554884627e-17, 1.09445855034e-17, 1.13301558936e-17, 1.09547085397e-17, 9.87487636239e-18, 9.18096199115e-18, 6.50280345779e-18, 4.13125306695e-18, 2.46029136093e-18, 9.01981314575e-19, 2.50143036151e-19, 2.77062110535e-20], "dvar2": [4.35182237625, 4.69627141953, 5.63850593567, 43.0953330994, 58.9297828674, 1113.79602051, 5394.49902344, 3810.11230469, 2299.09179688, 2265.14550781, 9019.9453125, 22770.5917969, 19487.9707031, 13585.2382812, 8912.54296875, 14314.0351562, 2922.24829102, 2587.98535156, 1599.33728027, 3964.81298828, 2137.19506836, 202.399520874, 93.7056808472, 32.0461959839, 45.1871414185, 49.2141418457, 21.7902202606, 12.577870369, 33.1608963013, 18.6815376282, 4.23420238495, 0.287029862404, 0.0068671614863, 0.00278715835884, 0.00108523771632, 0.000359991536243, 0.00409377319738, 0.0481101386249, 0.00265859928913, 0.000103722595668], "dvar": [1.78529322147, 1.87936496735, 2.33949041367, 20.3726215363, 28.5180511475, 463.061859131, 2646.18554688, 1693.99890137, 984.26385498, 898.801940918, 3657.14355469, 9357.36914062, 8182.65869141, 5546.88134766, 3697.50097656, 5611.76171875, 1107.77832031, 989.099609375, 634.997436523, 1573.81115723, 859.77734375, 80.8629455566, 36.9983406067, 14.0779409409, 19.1569137573, 21.346780777, 10.7363958359, 5.69863271713, 14.3478689194, 8.28198242188, 1.98775923252, 0.120036065578, 0.00284696859308, 0.0011335585732, 0.000441709591541, 0.000148479070049, 0.00187272811309, 0.0211345311254, 0.00126278738026, 4.13150701206e-05], "dmean": [0.444661647081, 0.572485268116, 0.786196947098, 1.97867953777, 2.31189727783, 7.2689447403, 18.7214355469, 14.060259819, 10.0699386597, 9.86707305908, 15.6686315536, 25.9909934998, 25.4368171692, 28.0374565125, 18.71459198, 23.9622917175, 17.861989975, 12.1732931137, 13.3081817627, 19.454246521, 13.0653104782, 5.55467319489, 3.95758008957, 2.13779306412, 1.93466043472, 2.252368927, 1.75469851494, 1.30960738659, 1.56507861614, 1.25407218933, 0.655001461506, 0.160158798099, 0.0293406806886, 0.0171931777149, 0.0108632724732, 0.0068776095286, 0.0204279944301, 0.0543280690908, 0.01837884821, 0.00490684481338], "max": [9.92837238312, 15.0776929855, 41.0474205017, 127.95236969, 242.65864563, 737.56842041, 1095.19445801, 1267.67956543, 1139.27807617, 894.858581543, 1964.92016602, 3202.02880859, 2926.06689453, 2033.69604492, 2448.3112793, 2768.34594727, 749.260742188, 886.693603516, 525.551025391, 881.358398438, 900.391052246, 178.151535034, 140.261230469, 145.503005981, 163.329650879, 129.215805054, 122.498466492, 60.2155380249, 47.2772331238, 34.1182975769, 17.9519615173, 5.1169962883, 1.04882490635, 0.709041535854, 0.442933470011, 0.246585190296, 0.532256245613, 1.56653749943, 0.496058821678, 0.117394044995], "var": [1.49859583378, 1.80336236954, 5.05205535889, 53.1021118164, 71.7870254517, 1078.70275879, 5405.01171875, 3996.65234375, 2178.31738281, 1555.32348633, 5781.35449219, 18655.4316406, 13289.0546875, 9953.89453125, 5151.98388672, 9513.08496094, 2011.22961426, 1986.56274414, 1448.58947754, 3011.57348633, 1709.20092773, 194.32081604, 88.1067047119, 36.1505966187, 35.6330451965, 38.4915008545, 22.1571388245, 9.77265834808, 17.0561580658, 12.7246646881, 6.00865411758, 0.330010980368, 0.0036622681655, 0.00122685974929, 0.000482214905787, 0.000178236310603, 0.00277955271304, 0.0207255296409, 0.00194846931845, 0.000256647210335], "mean": [0.373158872128, 0.632923722267, 1.23202395439, 3.17008876801, 3.95896291733, 11.7823858261, 27.1945152283, 21.8948497772, 16.2697677612, 14.4876871109, 22.5624961853, 37.3917045593, 36.7605705261, 41.9151420593, 28.8438110352, 37.0481300354, 28.4142093658, 20.5151996613, 24.4608364105, 32.311756134, 21.2439422607, 11.0993394852, 7.80647659302, 4.55722951889, 3.92010307312, 4.38461112976, 3.32987380028, 2.34837698936, 2.04487514496, 1.62478160858, 1.06000220776, 0.259201526642, 0.0340420566499, 0.0174577049911, 0.0111086359248, 0.00784290023148, 0.0270853471011, 0.0603953301907, 0.0368619449437, 0.0182009581476]}, "spectral_strongpeak": {"dmean2": 5.01370620728, "median": 0.432333916426, "min": 0, "dvar2": 186.954696655, "dvar": 71.3675537109, "dmean": 2.76515769958, "max": 139.509521484, "var": 68.7214508057, "mean": 2.61355638504}, "spectral_energy": {"dmean2": 0.0244635175914, "median": 0.0191538427025, "min": 1.01836733605e-20, "dvar2": 0.00229014107026, "dvar": 0.00103323569056, "dmean": 0.0163054913282, "max": 0.28515842557, "var": 0.00154063652735, "mean": 0.0327542051673}, "average_loudness": 0.882744431496, "spectral_rolloff": {"dmean2": 7027.10791016, "median": 20370.4101562, "min": 21.533203125, "dvar2": 106236352, "dvar": 46901600, "dmean": 3749.28808594, "max": 22028.4667969, "var": 92110704, "mean": 13269.5654297}, "spectral_centroid": {"dmean2": 332.34274292, "median": 1057.77380371, "min": 243.735031128, "dvar2": 131251.421875, "dvar": 67337.3984375, "dmean": 222.573776245, "max": 11990.1796875, "var": 627396.125, "mean": 1208.54992676}, "pitch_salience": {"dmean2": 0.137736573815, "median": 0.585379719734, "min": 0.0622587054968, "dvar2": 0.0157957281917, "dvar": 0.00750957848504, "dmean": 0.0869277715683, "max": 0.966634631157, "var": 0.0173835381866, "mean": 0.560495257378}, "spectral_energyband_middle_high": {"dmean2": 0.0033376426436, "median": 0.00292019778863, "min": 1.22040189917e-21, "dvar2": 3.5368178942e-05, "dvar": 1.51622543854e-05, "dmean": 0.00212866999209, "max": 0.0841116011143, "var": 4.36789632658e-05, "mean": 0.00511954165995}, "spectral_contrast_coeffs": {"dmean2": [0.0885377973318, 0.0828577727079, 0.0676350668073, 0.0506838522851, 0.0331052206457, 0.079310208559], "median": [-0.670874536037, -0.765596628189, -0.801913022995, -0.799566030502, -0.822048783302, -0.714684784412], "min": [-0.982170701027, -0.979431390762, -0.976743876934, -0.970639109612, -0.966535806656, -0.965253949165], "dvar2": [0.00495163910091, 0.00443084957078, 0.00295227929018, 0.00160992296878, 0.000705888902303, 0.00440895184875], "dvar": [0.00209117517807, 0.00169534073211, 0.00111482071225, 0.000598223123234, 0.000269324431429, 0.00196411088109], "dmean": [0.0561606362462, 0.050640579313, 0.0406870730221, 0.0304979775101, 0.0200707186013, 0.0517974793911], "max": [-0.248518824577, -0.401639074087, -0.45805221796, -0.548016965389, -0.642170786858, -0.409044474363], "var": [0.0105566112325, 0.00597295723855, 0.00418627401814, 0.00232872925699, 0.0010959332576, 0.00662706838921], "mean": [-0.665085732937, -0.753893017769, -0.790731906891, -0.794619619846, -0.819507062435, -0.710533559322]}, "melbands_skewness": {"dmean2": 1.57759523392, "median": 1.96862244606, "min": -2.07566523552, "dvar2": 5.44720554352, "dvar": 2.38425016403, "dmean": 1.00856363773, "max": 22.8848667145, "var": 4.11497879028, "mean": 2.3042383194}, "spectral_spread": {"dmean2": 698360.9375, "median": 3786939.25, "min": 1740475.375, "dvar2": 712855977984, "dvar": 354317565952, "dmean": 461322.0625, "max": 42000832, "var": 5297856839680.0, "mean": 3949903.5}, "dissonance": {"dmean2": 0.0337384603918, "median": 0.476320832968, "min": 0.00665875663981, "dvar2": 0.00126314733643, "dvar": 0.00045206854702, "dmean": 0.0197813715786, "max": 0.500000059605, "var": 0.000816723855678, "mean": 0.467577010393}, "spectral_skewness": {"dmean2": 0.487277209759, "median": 2.93562054634, "min": -0.0979170203209, "dvar2": 0.238168299198, "dvar": 0.125515729189, "dmean": 0.339990854263, "max": 9.47847366333, "var": 0.772259891033, "mean": 2.97646951675}, "spectral_flux": {"dmean2": 0.0506240017712, "median": 0.0821042135358, "min": 6.4278762868e-11, "dvar2": 0.00510168261826, "dvar": 0.00203283224255, "dmean": 0.0314008034766, "max": 0.419142574072, "var": 0.00463583739474, "mean": 0.100356794894}, "spectral_contrast_valleys": {"dmean2": [0.671020269394, 0.574801146984, 0.488357901573, 0.452394008636, 0.359336942434, 1.03997278214], "median": [-7.28069972992, -6.78467321396, -6.98007440567, -7.2872543335, -7.63361310959, -11.4926662445], "min": [-27.963218689, -27.9948558807, -27.6373500824, -27.6986560822, -27.4857463837, -27.3891563416], "dvar2": [0.308903247118, 0.215332299471, 0.155259475112, 0.186728924513, 0.131072029471, 0.752839148045], "dvar": [0.143885612488, 0.0883421748877, 0.0717239975929, 0.0868423804641, 0.0781351625919, 0.304527074099], "dmean": [0.42741727829, 0.351094722748, 0.29956305027, 0.283279240131, 0.244025930762, 0.650369226933], "max": [-5.21530246735, -4.67024612427, -4.99580001831, -5.67013263702, -5.85472822189, -8.97552490234], "var": [2.47345161438, 2.36609745026, 2.29707980156, 2.27410244942, 2.17883706093, 1.91622412205], "mean": [-7.52976608276, -6.89882278442, -7.17685461044, -7.51265668869, -7.8693652153, -11.6271677017]}, "erbbands_flatness_db": {"dmean2": 0.033743981272, "median": 0.156838834286, "min": 0.0326307266951, "dvar2": 0.000810204888694, "dvar": 0.000379130302463, "dmean": 0.0226341988891, "max": 0.4261726439, "var": 0.00231327791698, "mean": 0.16170142591}, "spectral_energyband_high": {"dmean2": 0.000384704151656, "median": 0.000399484095396, "min": 7.08609199284e-21, "dvar2": 3.99543552021e-07, "dvar": 1.87001830909e-07, "dmean": 0.000254158541793, "max": 0.00616121524945, "var": 3.95006992449e-07, "mean": 0.000601480074693}, "spectral_entropy": {"dmean2": 0.245433673263, "median": 7.49415874481, "min": 5.65400028229, "dvar2": 0.050724748522, "dvar": 0.0264890529215, "dmean": 0.168935790658, "max": 9.8136882782, "var": 0.167910292745, "mean": 7.47868776321}, "silence_rate_20dB": {"dmean2": 0, "median": 1, "min": 1, "dvar2": 0, "dvar": 0, "dmean": 0, "max": 1, "var": 0, "mean": 1}, "melbands_flatness_db": {"dmean2": 0.0551011711359, "median": 0.231778249145, "min": 0.00430876435712, "dvar2": 0.00277874362655, "dvar": 0.00124772102572, "dmean": 0.035999994725, "max": 0.485785365105, "var": 0.00351097923703, "mean": 0.234994083643}, "barkbands": {"dmean2": [0.00881194043905, 0.0108253015205, 0.00141644733958, 0.00115496362559, 0.00286535010673, 0.00330193690024, 0.00112162949517, 0.000965459854342, 0.00183002150152, 0.00142475927714, 0.000914940086659, 0.000949659035541, 0.000679106800817, 0.000373830873286, 0.000565972237382, 0.000532907200977, 0.00017278388259, 0.000114659160317, 5.82183092774e-05, 7.08886145731e-05, 5.5624434