{"tonal": {"thpcp": [1, 0.95403188467, 0.548750758171, 0.335971683264, 0.330726593733, 0.44338414073, 0.459451586008, 0.391647219658, 0.504088699818, 0.566985011101, 0.468348026276, 0.536355614662, 0.614606738091, 0.750313699245, 0.815816402435, 0.548910260201, 0.382988154888, 0.525651156902, 0.820047438145, 0.790243864059, 0.566377818584, 0.514829516411, 0.517484366894, 0.61429053545, 0.55271923542, 0.346626937389, 0.265335142612, 0.386745125055, 0.464341372252, 0.388022601604, 0.467525839806, 0.698048591614, 0.934776365757, 0.915473103523, 0.666247189045, 0.672103464603], "hpcp": {"dmean2": [0.405498981476, 0.37095195055, 0.334356099367, 0.336171835661, 0.315735220909, 0.372842252254, 0.267672538757, 0.172651290894, 0.171092286706, 0.228064909577, 0.230364337564, 0.166986137629, 0.243625581264, 0.288034528494, 0.20719653368, 0.242459326982, 0.266696959734, 0.294391989708, 0.326096355915, 0.259221047163, 0.230408981442, 0.243681505322, 0.373906910419, 0.352810680866, 0.323668420315, 0.310172647238, 0.257616847754, 0.324408560991, 0.282661139965, 0.212707534432, 0.181055471301, 0.204109042883, 0.207838281989, 0.207600846887, 0.235538601875, 0.299306154251], "median": [0.160895586014, 0.161062985659, 0.0841896086931, 0.0941224843264, 0.154935926199, 0.162503451109, 0.0951008498669, 0.046250987798, 0.0447293892503, 0.0577692911029, 0.0567173957825, 0.0565476492047, 0.066515699029, 0.0725722908974, 0.0688836202025, 0.0633391290903, 0.0901180803776, 0.111149340868, 0.087836779654, 0.0636000484228, 0.0436082445085, 0.0847041606903, 0.147959530354, 0.142157405615, 0.0914367213845, 0.0544519796968, 0.0611231215298, 0.061524912715, 0.0592528060079, 0.0345166623592, 0.0279760807753, 0.0403270274401, 0.0423826090991, 0.0388290025294, 0.0552347004414, 0.111151024699], "min": [0, 0, 0, 0, 0, 0, 0, 0, 0, 0, 0, 0, 0, 0, 0, 0, 0, 0, 0, 0, 0, 0, 0, 0, 0, 0, 0, 0, 0, 0, 0, 0, 0, 0, 0, 0], "dvar2": [0.149309098721, 0.155621811748, 0.132358878851, 0.152667760849, 0.102456428111, 0.141157358885, 0.0977443531156, 0.0518845878541, 0.0570212826133, 0.0985567271709, 0.0860540792346, 0.0516851209104, 0.0996526256204, 0.130873829126, 0.0688736438751, 0.085737131536, 0.095717549324, 0.0934755206108, 0.15355502069, 0.110288508236, 0.0893108174205, 0.0827460512519, 0.135958015919, 0.129610568285, 0.147412821651, 0.138287633657, 0.110006570816, 0.151625990868, 0.115553818643, 0.100284680724, 0.0795265808702, 0.078288204968, 0.0810778811574, 0.0875661894679, 0.0871983319521, 0.105690576136], "dvar": [0.0595658496022, 0.0605857148767, 0.0481226556003, 0.054218467325, 0.0471986569464, 0.0564429797232, 0.0350065790117, 0.0195614490658, 0.0199770070612, 0.0345878303051, 0.0334258675575, 0.0204860791564, 0.0379144772887, 0.0485950894654, 0.0267095901072, 0.0349769182503, 0.0402065739036, 0.0401320792735, 0.0615835115314, 0.041366841644, 0.0344757512212, 0.0319113135338, 0.0541851483285, 0.0487720184028, 0.0512044355273, 0.0495117604733, 0.0399091988802, 0.0574533380568, 0.049757424742, 0.0343362502754, 0.0281661134213, 0.0296007171273, 0.0324556306005, 0.0304159298539, 0.0322442688048, 0.0417181402445], "dmean": [0.231994777918, 0.217897668481, 0.192671641707, 0.200173780322, 0.191006094217, 0.214029788971, 0.155214771628, 0.0999628081918, 0.0972084850073, 0.134159132838, 0.129391923547, 0.0960081443191, 0.138891160488, 0.160447284579, 0.123888075352, 0.145914494991, 0.160169348121, 0.173984065652, 0.195679813623, 0.155511274934, 0.126749128103, 0.143251553178, 0.22166967392, 0.208998516202, 0.181507080793, 0.173381075263, 0.152683526278, 0.183664098382, 0.160706162453, 0.118221335113, 0.100034460425, 0.11908069998, 0.121744848788, 0.118651404977, 0.136360868812, 0.175664022565], "max": [1, 1, 1, 1, 1, 1, 1, 0.960896611214, 1, 1, 1, 1, 1, 1, 1, 1, 1, 1, 1, 1, 1, 1, 1, 1, 1, 1, 1, 1, 1, 1, 1, 1, 1, 1, 1, 1], "var": [0.0912855416536, 0.0998658314347, 0.0641628280282, 0.0651457905769, 0.112650491297, 0.0966212451458, 0.0395540595055, 0.0227361172438, 0.022088104859, 0.039163865149, 0.042463246733, 0.0312783382833, 0.045988202095, 0.0602998100221, 0.04079984501, 0.0534878596663, 0.0585592165589, 0.0794118568301, 0.106763936579, 0.0537216626108, 0.0337980464101, 0.0404152497649, 0.0758306086063, 0.0718157738447, 0.0526298843324, 0.0523081794381, 0.053540840745, 0.0699826106429, 0.0622554197907, 0.0329788736999, 0.0223433040082, 0.0367777049541, 0.053767003119, 0.0352571196854, 0.0432592071593, 0.0704420208931], "mean": [0.290520966053, 0.284521669149, 0.207064256072, 0.208884343505, 0.310791939497, 0.2965054214, 0.170547306538, 0.104417294264, 0.102787159383, 0.137800216675, 0.142793849111, 0.121720798314, 0.156666710973, 0.176214367151, 0.145558789372, 0.166694998741, 0.191014811397, 0.23319144547, 0.253549158573, 0.170596882701, 0.119029633701, 0.163368135691, 0.254864126444, 0.245601430535, 0.176025658846, 0.160004869103, 0.160829976201, 0.190916538239, 0.17178067565, 0.107728853822, 0.0824640244246, 0.12019726634, 0.144313558936, 0.120594292879, 0.14530326426, 0.216947868466]}, "tuning_equal_tempered_deviation": 0.289092153311, "chords_changes_rate": 0.119565218687, "key_key": "D", "tuning_diatonic_strength": 0.398270666599, "key_scale": "minor", "chords_number_rate": 0.0353260859847, "tuning_frequency": 431.941772461, "tuning_nontempered_energy_ratio": 0.908012986183, "chords_histogram": [5.16304349899, 5.43478250504, 1.08695650101, 0, 0, 0, 0, 11.4130430222, 6.52173900604, 29.8913040161, 1.08695650101, 2.98913049698, 0, 3.53260874748, 5.97826099396, 0, 2.17391300201, 0, 0.815217375755, 11.1413040161, 0, 0, 0, 12.771739006], "key_strength": 0.583854556084, "chords_key": "A", "chords_strength": {"dmean2": 0.0188921317458, "median": 0.495527803898, "min": 0.306585013866, "dvar2": 0.000200024907826, "dvar": 0.000160346389748, "dmean": 0.0158487055451, "max": 0.689599633217, "var": 0.0079247513786, "mean": 0.49318999052}, "chords_scale": "major", "hpcp_entropy": {"dmean2": 1.26050066948, "median": 2.52068018913, "min": 0, "dvar2": 1.05718314648, "dvar": 0.384380191565, "dmean": 0.742321431637, "max": 4.26033782959, "var": 0.624524474144, "mean": 2.45445561409}}, "metadata": {"audio_properties": {"equal_loudness": 0, "codec": "mp3", "downmix": "mix", "sample_rate": 44100, "analysis_sample_rate": 44100, "bit_rate": 192000, "md5_encoded": "a211531a4dd8cd1df3386f6b2012ddfd", "length": 17.0318374634, "replay_gain": -1.80947303772, "lossless": false}, "version": {"essentia_build_sha": "cead25079874084f62182a551b7393616cd33d87", "essentia": "2.1-beta2", "extractor": "music 1.0", "essentia_git_sha": "v2.1_beta2-1-ge3940c0"}, "tags": {"title": ["Interview - Jeff"], "barcode": ["237080000822"], "media": ["CD"], "albumartist": ["Black Velvet Flag"], "musicbrainz_recordingid": ["1839940b-a097-42ce-b7d2-179c8393664d"], "musicbrainz_albumartistid": ["c5f5af47-bab8-4a3e-98f8-35c2ae3b5824"], "originalyear": ["1995"], "discnumber": ["1/1"], "album": ["Come Recline...with Black Velvet Flag"], "catalognumber": ["GKCD008"], "musicbrainz album release country": ["US"], "musicbrainz album status": ["official"], "originaldate": ["1995"], "date": ["1995"], "file_name": "01 Black Velvet Flag - Interview - Jeff.mp3", "musicbrainz_releasegroupid": ["5d01ee79-d4d6-3478-bcc4-7c86d1bd3746"], "script": ["Latn"], "asin": ["B000OMY3J8"], "musicbrainz_albumid": ["9d259842-f15a-4ac0-b151-4d2e8f0b4e36"], "artist": ["Black Velvet Flag"], "artistsort": ["Black Velvet Flag"], "tracknumber": ["1/14"], "label": ["Go-Kart Records"], "albumartistsort": ["Black Velvet Flag"], "acoustid_id": ["0bdf3700-2e52-4c61-b0ed-f6ca7256e730"], "musicbrainz_artistid": ["c5f5af47-bab8-4a3e-98f8-35c2ae3b5824"]}}, "rhythm": {"bpm_histogram_first_peak_bpm": {"dmean2": 0, "median": 115, "min": 115, "dvar2": 0, "dvar": 0, "dmean": 0, "max": 115, "var": 0, "mean": 115}, "bpm": 113.581604004, "bpm_histogram_second_peak_spread": {"dmean2": 0, "median": 0.399999976158, "min": 0.399999976158, "dvar2": 0, "dvar": 0, "dmean": 0, "max": 0.399999976158, "var": 0, "mean": 0.399999976158}, "bpm_histogram_first_peak_weight": {"dmean2": 0, "median": 0.193548381329, "min": 0.193548381329, "dvar2": 0, "dvar": 0, "dmean": 0, "max": 0.193548381329, "var": 0, "mean": 0.193548381329}, "onset_rate": 2.81633162498, "beats_position": [0.557278871536, 1.11455774307, 1.64861679077, 2.18267560005, 2.72834467888, 3.25079369545, 3.76163268089, 4.27247142792, 4.76009082794, 5.24770975113, 5.73532867432, 6.2229475975, 6.72217655182, 7.23301553726, 7.77868461609, 8.31274318695, 8.83519268036, 9.38086128235, 9.92653083801, 10.4605894089, 11.0062580109, 11.5635375977, 12.0859861374, 12.6084346771, 13.1308841705, 13.6533327103, 14.1641721725, 14.66340065, 15.1626300812, 15.6618595123, 16.1610889435, 16.6603164673], "beats_loudness": {"dmean2": 0.0503261312842, "median": 0.0155623462051, "min": 8.78335686139e-06, "dvar2": 0.000879712228198, "dvar": 0.000265671958914, "dmean": 0.0274597145617, "max": 0.0671209543943, "var": 0.000412437540945, "mean": 0.021591514349}, "danceability": 1.20681488514, "bpm_histogram_second_peak_weight": {"dmean2": 0, "median": 0.193548381329, "min": 0.193548381329, "dvar2": 0, "dvar": 0, "dmean": 0, "max": 0.193548381329, "var": 0, "mean": 0.193548381329}, "beats_count": 32, "bpm_histogram_second_peak_bpm": {"dmean2": 0, "median": 120, "min": 120, "dvar2": 0, "dvar": 0, "dmean": 0, "max": 120, "var": 0, "mean": 120}, "bpm_histogram_first_peak_spread": {"dmean2": 0, "median": 0.571428537369, "min": 0.571428537369, "dvar2": 0, "dvar": 0, "dmean": 0, "max": 0.571428537369, "var": 0, "mean": 0.571428537369}, "beats_loudness_band_ratio": {"dmean2": [0.270301997662, 0.454835921526, 0.488311171532, 0.297515749931, 0.203998282552, 0.682857751846], "median": [0.0664270147681, 0.133077070117, 0.294715613127, 0.0528252460063, 0.045759614557, 0.022885248065], "min": [0.000223255541641, 0.000471873849165, 0.000186479082913, 0.00113934359979, 0.0020731696859, 0.000379439297831], "dvar2": [0.042259696871, 0.104266054928, 0.084960617125, 0.0831927806139, 0.0672806054354, 0.423019945621], "dvar": [0.0148834660649, 0.0326188281178, 0.0312069933861, 0.0277502443641, 0.0258963517845, 0.162147670984], "dmean": [0.156815007329, 0.237841054797, 0.295209378004, 0.154565185308, 0.119505822659, 0.379783064127], "max": [0.454112440348, 0.733245074749, 0.791236341, 0.597425878048, 0.650309979916, 0.989149272442], "var": [0.0179031081498, 0.0388393886387, 0.0601367093623, 0.0197074394673, 0.0201164092869, 0.139228612185], "mean": [0.125580087304, 0.182581230998, 0.299343347549, 0.104867741466, 0.0937121808529, 0.237778797746]}}, "lowlevel": {"barkbands_spread": {"dmean2": 11.2264070511, "median": 12.8234357834, "min": 1.47802317142, "dvar2": 294.637939453, "dvar": 112.565628052, "dmean": 6.75303888321, "max": 101.454406738, "var": 168.646514893, "mean": 16.511516571}, "melbands_spread": {"dmean2": 18.8536872864, "median": 16.3552494049, "min": 2.04104495049, "dvar2": 1276.00268555, "dvar": 598.908752441, "dmean": 12.171333313, "max": 211.244445801, "var": 1166.04663086, "mean": 27.3602256775}, "hfc": {"dmean2": 13.9963245392, "median": 4.59002494812, "min": 1.15066964195e-16, "dvar2": 1328.06689453, "dvar": 1118.24487305, "dmean": 11.5693454742, "max": 683.945800781, "var": 4553.671875, "mean": 24.5071849823}, "barkbands_kurtosis": {"dmean2": 5.95061826706, "median": 2.23682880402, "min": -1.84868240356, "dvar2": 63.5226593018, "dvar": 27.005777359, "dmean": 3.73663687706, "max": 59.6388092041, "var": 68.9115142822, "mean": 5.26616382599}, "gfcc": {"mean": [-144.593658447, 79.931892395, -115.16544342, 0.842323958874, -66.3920211792, -0.42597207427, -50.6184196472, 3.2552793026, -31.2370033264, -0.966106414795, -17.6174583435, -7.82032108307, -19.6636962891], "icov": [[0.000172582527739, -6.43931416562e-05, 0.000473778840387, -0.000194369727978, 0.000417046860093, -0.00022887220257, 0.000282728375169, -0.000230647143326, 0.000108274740342, 1.21353796203e-05, -0.000163337899721, 3.01462278003e-05, 0.000234976803767], [-6.43931416562e-05, 0.00088847259758, -0.000137017152156, 0.000972523645032, -0.000779362337198, 0.000900354003534, -0.000269890209893, 0.000188935635379, -0.00050354085397, 0.000362523511285, -0.000789570447523, 0.00074119027704, -7.3389543104e-05], [0.000473778840387, -0.000137017152156, 0.00290901842527, -0.00090698763961, 0.000473947759019, -0.000967452244367, 1.96655128093e-05, 0.00043822164298, 0.00134202756453, -0.000188303252799, -0.000324983440805, -0.00159955245908, -0.000178976013558], [-0.000194369727978, 0.000972523645032, -0.00090698763961, 0.00286923442036, -0.000605239067227, 0.00175850233063, -0.000139811236295, 0.000465366698336, -0.000384521321394, -0.000822026340757, 0.00095109117683, 0.000705214857589, -0.000761594157666], [0.000417046860093, -0.000779362337198, 0.000473947759019, -0.000605239067227, 0.0043412623927, 0.0001166671791, 0.00134992506355, -0.0020125429146, -0.000619888887741, 0.000568456656765, 0.000297772989143, 4.39426876255e-05, -0.00103820033837], [-0.00022887220257, 0.000900354003534, -0.000967452244367, 0.00175850233063, 0.0001166671791, 0.00736042205244, -0.0024036669638, 0.000409377797041, -0.000271726632491, -2.26546362683e-05, 0.00217648199759, 0.000592530530412, -0.000817086605821], [0.000282728375169, -0.000269890209893, 1.96655128093e-05, -0.000139811236295, 0.00134992506355, -0.0024036669638, 0.00613657105714, -0.0018490627408, 0.00060271541588, 0.00148709246423, -0.00172364502214, -0.000547804287635, 0.00256586982869], [-0.000230647143326, 0.000188935635379, 0.00043822164298, 0.000465366698336, -0.0020125429146, 0.000409377797041, -0.0018490627408, 0.00871196947992, 0.000730862317141, 0.00121166463941, 0.000461710209493, 0.000338208919857, -0.0010104093235], [0.000108274740342, -0.00050354085397, 0.00134202756453, -0.000384521321394, -0.000619888887741, -0.000271726632491, 0.00060271541588, 0.000730862317141, 0.0103678945452, -0.0014644820476, 0.000754569715355, -0.00106281135231, 5.93964978179e-05], [1.21353796203e-05, 0.000362523511285, -0.000188303252799, -0.000822026340757, 0.000568456656765, -2.26546362683e-05, 0.00148709246423, 0.00121166463941, -0.0014644820476, 0.00823747646064, -0.00289856642485, 0.00128871749621, -0.00111649453174], [-0.000163337899721, -0.000789570447523, -0.000324983440805, 0.00095109117683, 0.000297772989143, 0.00217648199759, -0.00172364502214, 0.000461710209493, 0.000754569715355, -0.00289856642485, 0.0111056203023, -0.00271264067851, 0.001127487747], [3.01462278003e-05, 0.00074119027704, -0.00159955245908, 0.000705214857589, 4.39426876255e-05, 0.000592530530412, -0.000547804287635, 0.000338208919857, -0.00106281135231, 0.00128871749621, -0.00271264067851, 0.0167443342507, -0.00651117041707], [0.000234976803767, -7.3389543104e-05, -0.000178976013558, -0.000761594157666, -0.00103820033837, -0.000817086605821, 0.00256586982869, -0.0010104093235, 5.93964978179e-05, -0.00111649453174, 0.001127487747, -0.00651117041707, 0.0159860625863]], "cov": [[22543.1640625, 608.803588867, -3997.98046875, -448.018676758, -1631.61938477, 59.8106803894, -258.43447876, 295.514007568, 115.259880066, 11.4963216782, 176.176223755, -692.29876709, -731.442932129], [608.803588867, 4368.64404297, -799.70300293, -1577.48132324, 668.859558105, -330.254394531, 149.417190552, 243.873703003, 168.626983643, -314.324279785, 374.537322998, -165.643463135, -171.471588135], [-3997.98046875, -799.70300293, 1278.55310059, 431.274902344, 106.819107056, 77.3804092407, 39.5156288147, -131.7865448, -97.4900283813, 71.0218963623, -67.0476989746, 192.97277832, 174.825149536], [-448.018676758, -1577.48132324, 431.274902344, 1109.14489746, -127.628807068, -24.1628627777, -178.398391724, -129.770782471, -30.0475540161, 195.50894165, -157.9427948, 67.3095703125, 120.242218018], [-1631.61938477, 668.859558105, 106.819107056, -127.628807068, 567.748291016, -117.764968872, -62.5237770081, 77.4450378418, 53.2872428894, -57.0384788513, 13.0333547592, 26.4982814789, 73.6441345215], [59.8106803894, -330.254394531, 77.3804092407, -24.1628627777, -117.764968872, 239.7240448, 99.6722488403, -4.6743183136, -32.4262275696, -19.2173881531, -46.7442588806, 6.1424331665, -9.79189300537], [-258.43447876, 149.417190552, 39.5156288147, -178.398391724, -62.5237770081, 99.6722488403, 302.041137695, 48.4472694397, -37.8872299194, -81.3250579834, 36.9968032837, -1.53151345253, -56.7278594971], [295.514007568, 243.873703003, -131.7865448, -129.770782471, 77.4450378418, -4.6743183136, 48.4472694397, 166.267120361, -0.399642080069, -61.6376495361, 8.99656391144, -20.5701580048, -16.674621582], [115.259880066, 168.626983643, -97.4900283813, -30.0475540161, 53.2872428894, -32.4262275696, -37.8872299194, -0.399642080069, 120.400917053, 15.3319883347, 6.20885515213, -7.94386959076, 1.36617290974], [11.4963216782, -314.324279785, 71.0218963623, 195.50894165, -57.0384788513, -19.2173881531, -81.3250579834, -61.6376495361, 15.3319883347, 191.533279419, 6.95143938065, 10.9874839783, 30.273229599], [176.176223755, 374.537322998, -67.0476989746, -157.9427948, 13.0333547592, -46.7442588806, 36.9968032837, 8.99656391144, 6.20885515213, 6.95143938065, 149.013931274, -0.180370777845, -26.1786441803], [-692.29876709, -165.643463135, 192.97277832, 67.3095703125, 26.4982814789, 6.1424331665, -1.53151345253, -20.5701580048, -7.94386959076, 10.9874839783, -0.180370777845, 105.800704956, 59.6658287048], [-731.442932129, -171.471588135, 174.825149536, 120.242218018, 73.6441345215, -9.79189300537, -56.7278594971, -16.674621582, 1.36617290974, 30.273229599, -26.1786441803, 59.6658287048, 120.795669556]]}, "spectral_energyband_middle_low": {"dmean2": 0.00613435776904, "median": 0.00144986831583, "min": 3.73640294822e-22, "dvar2": 0.000155695874128, "dvar": 7.78996618465e-05, "dmean": 0.00431334599853, "max": 0.148795410991, "var": 0.000204543452128, "mean": 0.0081469072029}, "melbands_crest": {"dmean2": 6.06009197235, "median": 11.4899053574, "min": 2.12202739716, "dvar2": 22.6991596222, "dvar": 10.0492582321, "dmean": 3.8013176918, "max": 31.7868671417, "var": 27.7947654724, "mean": 12.5864782333}, "spectral_kurtosis": {"dmean2": 4.7321062088, "median": 7.32107639313, "min": -1.20930159092, "dvar2": 39.3299026489, "dvar": 16.3325824738, "dmean": 3.02911448479, "max": 55.8812637329, "var": 66.2739181519, "mean": 9.34158229828}, "spectral_rms": {"dmean2": 0.000916397606488, "median": 0.00219518644735, "min": 3.21928313e-12, "dvar2": 1.36272183227e-06, "dvar": 9.2012891173e-07, "dmean": 0.000732828280888, "max": 0.0163063760847, "var": 6.63366517983e-06, "mean": 0.00279046501964}, "zerocrossingrate": {"dmean2": 0.019439322874, "median": 0.05126953125, "min": 0.01953125, "dvar2": 0.00124708632939, "dvar": 0.00108002580237, "dmean": 0.0181502252817, "max": 0.51123046875, "var": 0.00630811881274, "mean": 0.0817276537418}, "silence_rate_60dB": {"dmean2": 0.147339701653, "median": 0, "min": 0, "dvar2": 0.139272168279, "dvar": 0.0681573450565, "dmean": 0.073569484055, "max": 1, "var": 0.244089826941, "mean": 0.42312926054}, "erbbands_kurtosis": {"dmean2": 2.90052247047, "median": 0.680098772049, "min": -1.72515296936, "dvar2": 13.2982873917, "dvar": 6.05397701263, "dmean": 1.85459125042, "max": 26.5214672089, "var": 13.1342916489, "mean": 1.77808558941}, "erbbands": {"dmean2": [0.000178377464181, 0.0116479648277, 0.40663421154, 2.18219327927, 2.09061408043, 1.29753792286, 2.46112632751, 17.5073604584, 31.4348773956, 18.8339252472, 52.3159751892, 46.8956680298, 24.724905014, 26.2113876343, 35.7758102417, 46.9712333679, 24.1599273682, 13.1800775528, 19.070810318, 11.2922611237, 5.49146127701, 7.28284025192, 4.49795436859, 4.54831409454, 6.54854774475, 5.8402132988, 13.0313482285, 17.736661911, 8.81531620026, 7.8645157814, 9.84427547455, 9.7991733551, 5.29236650467, 2.21895623207, 0.938885986805, 0.357684403658, 0.0608976706862, 0.00579395936802, 0.000190610007849, 1.96904275072e-05], "median": [6.67613130645e-05, 0.0026494297199, 0.0656913220882, 0.202535867691, 0.248293578625, 0.302109360695, 0.471884220839, 1.45679497719, 4.3520860672, 2.48313999176, 2.23821353912, 1.6435469389, 1.1754295826, 1.55894684792, 1.26046466827, 0.990360021591, 1.6029664278, 1.49401557446, 1.95561981201, 1.17038750648, 0.787950336933, 1.16116809845, 0.610743224621, 0.611399412155, 0.854792892933, 0.39335912466, 0.110884547234, 0.0368245095015, 0.0270070638508, 0.0430328287184, 0.0578400306404, 0.0303951874375, 0.0203350167722, 0.014702340588, 0.00771853560582, 0.00324130081572, 0.000982582336292, 0.000133825014927, 1.24760745166e-05, 8.20376953925e-06], "min": [8.42693833622e-22, 6.99976955669e-21, 9.78031295198e-21, 5.76432361306e-21, 8.7084618462e-20, 2.79273028603e-19, 3.81283888574e-19, 7.79921819604e-19, 8.47143065673e-19, 1.82324669077e-18, 9.68274670793e-19, 1.75007863648e-18, 1.3884855239e-18, 2.14181545136e-18, 3.41414827364e-18, 4.06188156488e-18, 4.33289736642e-18, 2.76424963036e-18, 2.62692420699e-18, 5.65471626884e-18, 9.1780329446e-18, 1.5052207261e-17, 1.78602207428e-17, 1.33690386439e-17, 1.43830727394e-17, 1.92508486645e-17, 1.0634701312e-17, 1.93528284535e-17, 1.91676938519e-17, 2.19947903904e-17, 1.82017057151e-17, 2.071705277e-17, 1.82309746739e-17, 1.07368084868e-17, 8.4235780515e-18, 6.00060349634e-18, 3.08172775331e-18, 1.58657563506e-18, 2.89685112865e-19, 3.00014304582e-20], "dvar2": [8.43053769017e-08, 0.000417481904151, 0.584202349186, 23.0799751282, 41.409286499, 12.6524353027, 23.0992450714, 1863.46984863, 4952.44726562, 1334.18359375, 31118.2324219, 23324.4199219, 6745.65771484, 6359.62060547, 18543.0175781, 42875.1523438, 5475.07568359, 1290.35986328, 3397.71313477, 1515.26000977, 251.000488281, 464.064941406, 253.112579346, 320.856781006, 568.829284668, 481.799591064, 2885.31958008, 5341.87744141, 1728.4342041, 1049.57897949, 1454.20324707, 2234.83691406, 665.498291016, 126.004882812, 22.7194900513, 3.38299298286, 0.101996712387, 0.000904657645151, 8.38133075831e-07, 2.7537963021e-09], "dvar": [3.89679932766e-08, 0.000205703167012, 0.255080193281, 9.20502376556, 15.8000745773, 5.25166988373, 11.2483253479, 1060.59350586, 2234.59985352, 609.631958008, 15801.0644531, 9323.0546875, 3059.19726562, 3196.35693359, 10667.6523438, 25715.0390625, 2367.50927734, 599.426452637, 1930.37512207, 660.70123291, 117.333404541, 188.306533813, 104.166816711, 206.64251709, 275.196624756, 285.17199707, 1641.5925293, 2740.96972656, 1261.85949707, 594.075866699, 1027.36804199, 1609.75915527, 363.002441406, 66.0969924927, 15.386631012, 2.56750845909, 0.0813389495015, 0.000810232188087, 6.206835792e-07, 2.19358398112e-09], "dmean": [0.000120276854432, 0.0079877609387, 0.267919749022, 1.37541997433, 1.2866114378, 0.820478320122, 1.72787511349, 12.4075975418, 20.3622531891, 12.6269464493, 35.0996055603, 31.5981826782, 17.2240352631, 17.9715270996, 26.7513141632, 33.4275245667, 15.9913816452, 9.0554561615, 13.8128843307, 7.62067317963, 3.93736028671, 4.88492965698, 3.048848629, 3.56670618057, 4.76247167587, 4.18673419952, 10.1612501144, 12.5423583984, 7.2048625946, 5.68597173691, 7.77279758453, 8.14416694641, 3.63735508919, 1.49988591671, 0.738453567028, 0.306931644678, 0.0526570677757, 0.0050907721743, 0.000139065203257, 1.5937790522e-05], "max": [0.00192084012087, 0.138290911913, 5.47757196426, 36.5223960876, 62.2675285339, 28.6957778931, 36.8094558716, 607.470336914, 769.164672852, 326.33770752, 2065.74926758, 1212.64135742, 827.027038574, 1061.63244629, 1956.60998535, 3779.25415039, 703.506530762, 360.922027588, 963.398193359, 410.381347656, 167.816711426, 199.451522827, 195.711395264, 309.130126953, 266.298156738, 321.842651367, 821.928466797, 784.630432129, 827.715942383, 444.556060791, 663.512268066, 919.492492676, 329.995727539, 144.094772339, 78.4348754883, 43.1317634583, 8.58735084534, 0.889266133308, 0.0198839269578, 0.00116865802556], "var": [1.08641181384e-07, 0.000617842830252, 0.539172947407, 16.7516269684, 22.7949619293, 6.41994571686, 25.9551048279, 2066.32324219, 4690.109375, 1362.98840332, 23557.8359375, 17109.0957031, 5768.62939453, 6194.6953125, 21970.2929688, 48697.3242188, 3880.45336914, 897.950622559, 5176.19677734, 1357.0378418, 298.358581543, 370.602050781, 205.543029785, 464.355957031, 432.226623535, 668.901184082, 5057.92285156, 7179.46875, 3267.1159668, 1662.13525391, 3383.38256836, 5177.47265625, 965.155761719, 151.933486938, 49.2458381653, 10.1404781342, 0.368814885616, 0.00395877053961, 3.06088486468e-06, 9.96321602997e-09], "mean": [0.000231991012697, 0.0150199178606, 0.41761636734, 1.80468714237, 1.76755905151, 1.13460862637, 2.63133764267, 17.2408123016, 28.7043933868, 18.8194561005, 45.2800102234, 43.8694114685, 25.0879192352, 26.0500526428, 40.114730835, 45.3194847107, 22.353017807, 12.2220582962, 20.4072551727, 11.401266098, 6.07040166855, 7.32533168793, 4.58329772949, 5.16607046127, 6.35556173325, 6.49222326279, 15.3644800186, 18.8889350891, 11.3733215332, 9.41905117035, 12.7920637131, 13.5870733261, 5.951151371, 2.51058411598, 1.38004589081, 0.581594526768, 0.10644146055, 0.0106780156493, 0.000314222299494, 3.55165175279e-05]}, "spectral_strongpeak": {"dmean2": 1.40131902695, "median": 0.396236807108, "min": 0, "dvar2": 7.86712169647, "dvar": 3.06589269638, "dmean": 0.833027839661, "max": 20.5477237701, "var": 4.78136253357, "mean": 1.21357035637}, "spectral_energy": {"dmean2": 0.00887961313128, "median": 0.00493931397796, "min": 1.06228788008e-20, "dvar2": 0.000345756503521, "dvar": 0.000201778355404, "dmean": 0.00678221555427, "max": 0.272545337677, "var": 0.000597918115091, "mean": 0.0147808603942}, "average_loudness": 0.903118014336, "spectral_rolloff": {"dmean2": 1000.89770508, "median": 1119.7265625, "min": 172.265625, "dvar2": 3384467, "dvar": 2113261.5, "dmean": 634.495300293, "max": 19186.0839844, "var": 7194829, "mean": 2096.39672852}, "spectral_centroid": {"dmean2": 473.377288818, "median": 901.021850586, "min": 305.834472656, "dvar2": 488930.9375, "dvar": 361902.625, "dmean": 333.214050293, "max": 10659.6455078, "var": 1567443.375, "mean": 1390.61474609}, "pitch_salience": {"dmean2": 0.126736968756, "median": 0.669162034988, "min": 0.19429603219, "dvar2": 0.0109289763495, "dvar": 0.0045861932449, "dmean": 0.0777003392577, "max": 0.929462254047, "var": 0.0110272085294, "mean": 0.655189275742}, "spectral_energyband_middle_high": {"dmean2": 0.00286522251554, "median": 0.00068346306216, "min": 1.54442718494e-21, "dvar2": 6.82222962496e-05, "dvar": 4.40236581198e-05, "dmean": 0.00223612063564, "max": 0.146777957678, "var": 0.000110400360427, "mean": 0.00408228952438}, "spectral_contrast_coeffs": {"dmean2": [0.0814871117473, 0.0824886187911, 0.0587738640606, 0.0500454157591, 0.0382141023874, 0.0243335328996], "median": [-0.605171740055, -0.755710959435, -0.832318425179, -0.810171067715, -0.80090212822, -0.833923757076], "min": [-0.966565072536, -0.953179001808, -0.972228586674, -0.962101459503, -0.958440303802, -0.959059476852], "dvar2": [0.00437856232747, 0.00450250413269, 0.00244317785837, 0.00185806967784, 0.00111540337093, 0.000534610706381], "dvar": [0.0019069572445, 0.00200038473122, 0.00100469577592, 0.00079240516061, 0.000553799443878, 0.00029357263702], "dmean": [0.0530758313835, 0.0514605268836, 0.0362643115222, 0.0315377674997, 0.0260688010603, 0.0168107319623], "max": [-0.270575463772, -0.393427848816, -0.589860200882, -0.58157902956, -0.552742421627, -0.657507300377], "var": [0.0127302547917, 0.00980896037072, 0.00428857281804, 0.00457177823409, 0.00420547882095, 0.00313379545696], "mean": [-0.590732038021, -0.738722205162, -0.821997046471, -0.805005133152, -0.798833250999, -0.82111209631]}, "melbands_skewness": {"dmean2": 1.14410495758, "median": 1.63078165054, "min": -3.28053355217, "dvar2": 1.46349418163, "dvar": 0.818097949028, "dmean": 0.74888920784, "max": 11.3486175537, "var": 4.25513792038, "mean": 1.81499123573}, "spectral_spread": {"dmean2": 1021124.4375, "median": 3753015.5, "min": 1090054.25, "dvar2": 2658709274620.0, "dvar": 1918534680580.0, "dmean": 721979.75, "max": 41327968, "var": 6471625998340.0, "mean": 4334109}, "dissonance": {"dmean2": 0.0437733903527, "median": 0.465173065662, "min": 0.158642992377, "dvar2": 0.00232007401064, "dvar": 0.000919144775253, "dmean": 0.0263676010072, "max": 0.499999970198, "var": 0.00213358062319, "mean": 0.450802356005}, "spectral_skewness": {"dmean2": 0.502762973309, "median": 2.05725836754, "min": -0.127056196332, "dvar2": 0.266276955605, "dvar": 0.128817260265, "dmean": 0.337867081165, "max": 5.46824407578, "var": 0.952493488789, "mean": 2.14775514603}, "spectral_flux": {"dmean2": 0.0253687724471, "median": 0.0489849187434, "min": 1.03067353263e-10, "dvar2": 0.00107226078399, "dvar": 0.000505073578097, "dmean": 0.0165547523648, "max": 0.336630940437, "var": 0.00291265104897, "mean": 0.0585225597024}, "spectral_contrast_valleys": {"dmean2": [0.745230793953, 0.688804507256, 0.571669280529, 0.527574121952, 0.411539852619, 0.41123393178], "median": [-9.852891922, -7.31225347519, -7.96289873123, -8.36381053925, -8.69735240936, -11.5788555145], "min": [-26.8405094147, -27.4780826569, -27.128950119, -27.1323242188, -27.1806793213, -27.2601299286], "dvar2": [0.409473568201, 0.469521313906, 0.359507977962, 0.271345227957, 0.224124833941, 0.320336967707], "dvar": [0.270628303289, 0.403514504433, 0.360896646976, 0.286043703556, 0.25511443615, 0.323176950216], "dmean": [0.484234899282, 0.46177598834, 0.408084303141, 0.391935706139, 0.340206980705, 0.369743257761], "max": [-7.59788370132, -4.53618907928, -4.12479066849, -5.93627309799, -5.8564491272, -6.78158426285], "var": [1.41749107838, 3.25279116631, 3.55597305298, 2.9944961071, 2.65170073509, 2.78426027298], "mean": [-9.85636711121, -7.7239522934, -8.22589683533, -8.79013538361, -9.05684280396, -11.3919267654]}, "erbbands_flatness_db": {"dmean2": 0.034740678966, "median": 0.202493742108, "min": 0.0616984553635, "dvar2": 0.00102893949952, "dvar": 0.000598133716267, "dmean": 0.0242090672255, "max": 0.4008667171, "var": 0.00500774336979, "mean": 0.199100539088}, "spectral_energyband_high": {"dmean2": 0.0012206255924, "median": 1.40707979881e-05, "min": 7.66754503351e-21, "dvar2": 2.03990584851e-05, "dvar": 1.86601992027e-05, "dmean": 0.00108106806874, "max": 0.091213747859, "var": 7.84256699262e-05, "mean": 0.00206631002948}, "spectral_entropy": {"dmean2": 0.302913099527, "median": 7.36506032944, "min": 5.58877849579, "dvar2": 0.0780785903335, "dvar": 0.0449713729322, "dmean": 0.213477984071, "max": 9.81166172028, "var": 0.321476072073, "mean": 7.3751912117}, "silence_rate_20dB": {"dmean2": 0, "median": 1, "min": 1, "dvar2": 0, "dvar": 0, "dmean": 0, "max": 1, "var": 0, "mean": 1}, "melbands_flatness_db": {"dmean2": 0.0446203052998, "median": 0.221529781818, "min": 0.00592502159998, "dvar2": 0.00162086950149, "dvar": 0.000895817065611, "dmean": 0.0310454275459, "max": 0.425802379847, "var": 0.00530977128074, "mean": 0.214350149035}, "barkbands": {"dmean2": [2.32212400419e-07, 1.5115788301e-05, 0.00056405889336, 0.000930579088163, 0.00041363199125, 0.00160174921621, 0.0020677128341, 0.00180424784776, 0.00206476496533, 0.000610009767115, 0.000943342573009, 0.00123832246754, 0.000512142491061, 0.000297301536193, 0.000349432346411, 0.000112710200483, 0.000135507551022, 8.36717808852e-05, 0.000117288058391, 0.00014817014744, 0.000402072240831, 0.000251553690759, 0.000317077530781, 0.000379322707886, 0.000161410280271, 4.78646143165e-05, 1.68896588093e-06], "median": [2.6250116747e-08, 1.8066557459e-06, 6.2041079218e-05, 3.96789473598e-05, 7.8788776591e-05, 0.000145363810589, 0.000254475191468, 8.68370843818e-05, 7.05624333932e-05, 3.54705589416e-05, 3.45774205925e-05, 2.11571314139e-05, 3.31488408847e-05, 2.30178593483e-05, 3.27572488459e-05, 1.35432610477e-05, 2.05974774872e-05, 8.28751581139e-06, 1.48729013745e-05, 8.25252391223e-06, 1.26280917812e-06, 7.64188087032e-07, 2.06974300454e-06, 1.29865054532e-06, 1.21839525491e-06, 6.24931828952e-07, 4.5002799709e-08], "min": [7.42569018885e-25, 3.17808077342e-23, 5.63368289236e-24, 1.1688945477e-24, 6.62178111105e-23, 7.7401201863e-23, 9.1330705779e-23, 4.93738258703e-23, 8.350208171e-23, 2.18806396613e-23, 9.36424405736e-23, 9.13462431834e-23, 9.65654857718e-23, 3.15866469773e-23, 6.06385513375e-23, 1.61219869231e-22, 3.0184701047e-22, 2.3217658237e-22, 3.22234483166e-22, 3.44592517782e-22, 3.42814538897e-22, 6.38368408341e-22, 5.97460429446e-22, 1.10564765382e-21, 1.04424837551e-21, 1.81277075527e-21, 2.15526533219e-21], "dvar2": [2.0565679422e-13, 8.31820168301e-10, 1.25562553421e-06, 5.97256212131e-06, 1.61085847594e-06, 1.38981849886e-05, 2.03705985768e-05, 2.8280495826e-05, 3.83677579521e-05, 2.56692806033e-06, 9.56765870797e-06, 3.4155917092e-05, 2.69066549663e-06, 7.96862082098e-07, 1.10678081455e-06, 1.04774493082e-07, 1.48368599184e-07, 1.36135170692e-07, 1.65358670756e-07, 3.53931199015e-07, 2.89326726488e-06, 1.87115460903e-06, 1.54174801992e-06, 3.37143478646e-06, 7.0270021979e-07, 5.83261225984e-08, 8.53433088088e-11], "dvar": [7.46843721849e-14, 4.25276563965e-10, 5.24589381712e-07, 2.2704159619e-06, 6.85775091824e-07, 7.60016655477e-06, 8.79196795722e-06, 1.39120584208e-05, 1.73107000592e-05, 1.40823988204e-06, 4.37965627498e-06, 2.01760485652e-05, 1.1334533383e-06, 3.72886574951e-07, 6.13284100837e-07, 5.12773006278e-08, 5.93172799768e-08, 5.17022691326e-08, 9.52821750388e-08, 1.92059005144e-07, 1.4756277551e-06, 1.21469270198e-06, 1.08625567918e-06, 2.18608170144e-06, 4.17051296608e-07, 4.74400216888e-08, 3.78269048029e-11], "dmean": [1.31687471594e-07, 1.08890708361e-05, 0.000365630839951, 0.000585413596127, 0.00026790460106, 0.00112978753168, 0.00130856584292, 0.00118578085676, 0.00138196570333, 0.000414116308093, 0.000627490517218, 0.000920985941775, 0.000332671654178, 0.000200524664251, 0.000236932726693, 8.01410060376e-05, 8.81215601112e-05, 5.56978448003e-05, 8.85949775693e-05, 0.000103697224404, 0.000298723083688, 0.000206123659154, 0.000259455351625, 0.000290728261461, 0.000117358540592, 4.15948888985e-05, 1.0627818483e-06], "max": [2.65849575953e-06, 0.000268608797342, 0.00824362970889, 0.0173720922321, 0.0140735143796, 0.051270596683, 0.0480172783136, 0.0567609742284, 0.058264721185, 0.0178839173168, 0.0322249941528, 0.090042501688, 0.0184282045811, 0.00842903740704, 0.0182299129665, 0.00416521960869, 0.00344580505043, 0.00470947101712, 0.006108016707, 0.00849080923945, 0.0224235597998, 0.0277243088931, 0.021225521341, 0.0326566882432, 0.0117821600288, 0.00634689629078, 0.000137304567033], "var": [6.62587728282e-14, 1.59329716087e-09, 9.71523263615e-07, 3.59739647138e-06, 8.80868753939e-07, 1.51847625602e-05, 1.73888638528e-05, 2.03468971449e-05, 3.7074478314e-05, 3.06645301862e-06, 7.29562771085e-06, 3.72928843717e-05, 1.59203921157e-06, 5.09176516061e-07, 1.82389817383e-06, 1.45583385347e-07, 1.20763360201e-07, 8.17707856982e-08, 1.84638381029e-07, 3.7365703065e-07, 4.35947731603e-06, 2.79540768133e-06, 3.62095465789e-06, 6.82080190018e-06, 1.09220570721e-06, 2.12945778344e-07, 1.08707633173e-10], "mean": [1.20722205565e-07, 2.14934116229e-05, 0.000526596326381, 0.00071853218833, 0.000358040444553, 0.00155954121146, 0.00178478506859, 0.00150442740414, 0.00206002546474, 0.00059767998755, 0.000825619150419, 0.00121981860138, 0.000439157098299, 0.000244507129537, 0.000345480308169, 0.00011972503853, 0.000131320615765, 7.5268704677e-05, 0.000119329582958, 0.000147291109897, 0.000457670015749, 0.000307073467411, 0.000432699889643, 0.000491215963848, 0.000208920973819, 8.28019983601e-05, 1.73305988937e-06]}, "erbbands_skewness": {"dmean2": 0.947466313839, "median": 0.386266976595, "min": -3.99771571159, "dvar2": 0.775819599628, "dvar": 0.373610913754, "dmean": 0.614920437336, "max": 3.14364147186, "var": 1.23342812061, "mean": 0.285980582237}, "erbbands_spread": {"dmean2": 13.1640796661, "median": 24.2149772644, "min": 3.87586665154, "dvar2": 314.527282715, "dvar": 133.503601074, "dmean": 8.57639217377, "max": 108.572052002, "var": 425.240020752, "mean": 29.572429657}, "melbands_kurtosis": {"dmean2": 10.119307518, "median": 4.31396770477, "min": -1.84366738796, "dvar2": 341.390075684, "dvar": 150.998687744, "dmean": 6.13900995255, "max": 172.896087646, "var": 453.729797363, "mean": 11.4757146835}, "melbands": {"dmean2": [2.10703547054e-06, 0.000148961727973, 0.000378351018298, 0.000117718678666, 7.08995867171e-05, 0.000368631095625, 0.00047479319619, 0.000196521927137, 0.000488857447635, 0.000287780014332, 0.000122438344988, 0.000106440224044, 0.000124062571558, 0.000148688719491, 8.03612856544e-05, 4.37470189354e-05, 2.41137640842e-05, 3.33965836035e-05, 2.45220126089e-05, 8.73603858054e-06, 6.69401970299e-06, 7.60204238759e-06, 6.72017449688e-06, 3.49480001205e-06, 3.80433675673e-06, 5.1415058806e-06, 5.12408860232e-06, 3.82236294172e-06, 7.96253971203e-06, 1.30737998916e-05, 1.05308836282e-05, 6.09895323578e-06, 3.47348327523e-06, 4.93944071422e-06, 5.60471198696e-06, 7.38629523767e-06, 6.13052179688e-06, 4.26007227361e-06, 2.63306446868e-06, 1.70121586507e-06], "median": [3.65554626569e-07, 1.98036595975e-05, 4.63961769128e-05, 2.22732633119e-05, 1.51218537212e-05, 3.17808880936e-05, 6.41456499579e-05, 2.205180499e-05, 1.54910940182e-05, 9.85042515822e-06, 5.44673866898e-06, 5.96377185502e-06, 4.36906475443e-06, 2.81084794551e-06, 3.07627828988e-06, 2.93576727017e-06, 2.1286680294e-06, 2.77543381344e-06, 2.08174219551e-06, 9.35265916269e-07, 8.27064752684e-07, 1.05379183424e-06, 9.26750203689e-07, 3.50169756302e-07, 4.07481309139e-07, 5.74400417008e-07, 4.63256156991e-07, 1.82375060831e-07, 6.66711414965e-08, 2.37063630948e-08, 1.6211533449e-08, 1.50422003742e-08, 1.2324568921e-08, 2.63981601023e-08, 3.39983117215e-08, 2.11286863561e-08, 1.50537058374e-08, 1.31470576648e-08, 1.05463300315e-08, 1.13594582629e-08], "min": [8.00476724278e-24, 7.03901059045e-24, 2.20468538373e-24, 1.40871341021e-23, 1.41780235001e-23, 1.64277774935e-23, 1.3675017388e-23, 1.76645583538e-23, 7.0799572046e-24, 1.20229343932e-23, 6.49196000737e-24, 7.57779785555e-24, 1.18895963898e-23, 1.00257736617e-23, 1.00838006922e-23, 9.04990775686e-24, 4.4774238256e-24, 3.45370404054e-24, 5.45539046702e-24, 1.04886732966e-23, 1.05876398414e-23, 1.33830536561e-23, 2.22898959657e-23, 1.01865971567e-23, 1.09529842036e-23, 1.09536728792e-23, 1.01234259643e-23, 1.37545834766e-23, 6.04872864701e-24, 7.00123361942e-24, 1.28406289533e-23, 1.21187234063e-23, 9.80375585967e-24, 1.16350262425e-23, 1.0600125143e-23, 8.62100960472e-24, 1.52796914201e-23, 1.36604818369e-23, 1.05927603376e-23, 8.3503340732e-24], "dvar2": [1.54073073744e-11, 8.41752978431e-08, 7.52584867314e-07, 1.29945092908e-07, 1.8408158553e-08, 7.73586407377e-07, 1.06331526695e-06, 1.51415562755e-07, 2.8294666663e-06, 8.62273907387e-07, 1.62153142469e-07, 1.02150636394e-07, 1.63254568974e-07, 5.19560330758e-07, 1.03910394955e-07, 1.82462027709e-08, 4.75277373013e-09, 1.15526184175e-08, 7.30362081924e-09, 6.80042966383e-10, 4.02710698122e-10, 5.47200007528e-10, 3.95786931007e-10, 2.66172889285e-10, 2.38208397452e-10, 3.43143430337e-10, 4.90011420329e-10, 2.03971131651e-10, 1.17333953664e-09, 3.37842953613e-09, 2.31720997945e-09, 9.78473413404e-10, 2.87412565969e-10, 4.14596662557e-10, 5.34288835397e-10, 8.48176251456e-10, 1.10442643919e-09, 5.07809461148e-10, 1.81570966595e-10, 7.06851174814e-11], "dvar": [7.78355851994e-12, 3.63442111961e-08, 2.83216081698e-07, 5.27484189661e-08, 9.00557761696e-09, 4.36322636688e-07, 4.75065348837e-07, 7.23486550669e-08, 1.44134639868e-06, 3.41342968113e-07, 7.29749345396e-08, 4.96670544692e-08, 8.59599609271e-08, 2.82875390667e-07, 5.83879256055e-08, 7.57669660345e-09, 2.18332929514e-09, 5.8664397784e-09, 3.32681149295e-09, 3.40455996728e-10, 1.78421055708e-10, 2.17681525583e-10, 1.69893182855e-10, 1.00924199553e-10, 1.56922336236e-10, 1.73646957924e-10, 2.39650688183e-10, 1.16399952177e-10, 5.92801696619e-10, 1.38561795371e-09, 1.19696930145e-09, 6.66694865981e-10, 1.57656526723e-10, 2.16475212755e-10, 3.21417809