{"metadata": {"tags": {"album": ["My Blueberry Nights"], "albumartist": ["Various Artists"], "genre": ["Soundtrack"], "artist": ["Original Soundtrack"], "date": ["2007"], "tracknumber": ["8"], "title": ["Yumeji's Theme"], "file_name": "178105.mp3", "musicbrainz_recordingid": ["18451ad9-9ad5-4019-bcb5-3178fa8364c2"]}, "audio_properties": {"sample_rate": 44100, "downmix": "mix", "lossless": false, "analysis_sample_rate": 44100, "md5_encoded": "93e6e48d5022fcd9883aaa0de9974e93", "equal_loudness": 0, "replay_gain": -7.89454269409, "codec": "mp3", "bit_rate": 149548, "length": 144.509384155}, "version": {"extractor": "music 1.0", "essentia_build_sha": "70f2e5ece6736b2c40cc944ad0e695b16b925413", "essentia_git_sha": "v2.1_beta2", "essentia": "2.1-beta2"}}, "rhythm": {"beats_loudness_band_ratio": {"dvar2": [0.0407551117241, 0.0717054307461, 0.00177324668039, 0.0739236399531, 0.0122957807034, 0.000170789789991], "var": [0.0604119896889, 0.0378538370132, 0.00129402172752, 0.0204142648727, 0.00344113283791, 6.00589373789e-05], "min": [0, 0, 0, 0, 0, 0], "dmean": [0.143883496523, 0.14987488091, 0.0187067314982, 0.0840938165784, 0.034605730325, 0.00493763992563], "mean": [0.70790296793, 0.177477881312, 0.0258010290563, 0.0776856914163, 0.0311434678733, 0.00545000936836], "max": [0.986916363239, 0.928491353989, 0.234139233828, 0.918443083763, 0.396345376968, 0.0600164197385], "dmean2": [0.23730173707, 0.269427448511, 0.0322863869369, 0.146587625146, 0.0613335035741, 0.00863983295858], "median": [0.793261647224, 0.0998013541102, 0.0153395812958, 0.0172689761966, 0.00913079362363, 0.00215159333311], "dvar": [0.0182835627347, 0.0236573014408, 0.000764113618061, 0.0228913594037, 0.00423995917663, 5.63053545193e-05]}, "bpm_histogram_first_peak_weight": {"dvar2": 0, "var": 0, "min": 0.366666674614, "dmean": 0, "mean": 0.366666674614, "max": 0.366666674614, "dmean2": 0, "median": 0.366666674614, "dvar": 0}, "bpm": 114.448883057, "beats_count": 241, "bpm_histogram_first_peak_spread": {"dvar2": 0, "var": 0, "min": 0.476190447807, "dmean": 0, "mean": 0.476190447807, "max": 0.476190447807, "dmean2": 0, "median": 0.476190447807, "dvar": 0}, "danceability": 0.890166044235, "bpm_histogram_first_peak_bpm": {"dvar2": 0, "var": 0, "min": 115, "dmean": 0, "mean": 115, "max": 115, "dmean2": 0, "median": 115, "dvar": 0}, "beats_position": [0.743038535118, 1.49768710136, 2.2523355484, 3.00698399544, 3.76163268089, 4.51628112793, 5.27092981339, 6.04879808426, 6.83827638626, 7.61614513397, 8.39401340485, 9.17188167572, 9.94974994659, 10.7276191711, 11.505487442, 12.3065757751, 13.0960540771, 13.873922348, 14.6517915726, 15.4296598434, 16.2075271606, 16.99700737, 17.786485672, 18.575963974, 19.365442276, 20.154920578, 20.9211788177, 21.7106571198, 22.5001354218, 23.2896137238, 24.0790920258, 24.8569602966, 25.6348285675, 26.4126987457, 27.2021770477, 27.9916553497, 28.7811336517, 29.5822219849, 30.383310318, 31.1843986511, 31.962266922, 32.7401351929, 33.5180053711, 34.3074836731, 35.0969619751, 35.8980484009, 36.6875267029, 37.4653968811, 38.2432632446, 39.0211334229, 39.7989997864, 40.5768699646, 41.3547401428, 42.1442184448, 42.9336967468, 43.7231750488, 44.5126533508, 45.3137397766, 46.1032180786, 46.8810882568, 47.6705665588, 48.4484329224, 49.2263031006, 50.0157814026, 50.8052597046, 51.6063499451, 52.2797279358, 52.941493988, 53.4987754822, 54.0096130371, 54.5320625305, 55.0312919617, 55.5305213928, 56.0413589478, 56.5638084412, 57.0862579346, 57.608707428, 58.1311569214, 58.6652145386, 59.1992721558, 59.7217216492, 60.2557830811, 60.7782287598, 61.2890701294, 61.7999076843, 62.310749054, 62.8331947327, 63.3672561646, 63.889705658, 64.4121551514, 64.9462127686, 65.4686584473, 65.9911117554, 66.5251693726, 67.0476150513, 67.5700683594, 68.1041259766, 68.6265716553, 69.1490249634, 69.6714706421, 70.1939239502, 70.7163696289, 71.238822937, 71.7612686157, 72.2837142944, 72.8061676025, 73.3286132812, 73.8510665894, 74.3735122681, 74.8959655762, 75.4184112549, 75.9524688721, 76.4749221802, 76.9973678589, 77.5314254761, 78.0538787842, 78.5763244629, 79.098777771, 79.6328353882, 80.1552810669, 80.677734375, 81.2001800537, 81.7226257324, 82.2450790405, 82.7791366577, 83.3131942749, 83.8472518921, 84.3697052002, 84.8805389404, 85.4029922485, 85.9370498657, 86.4711074829, 86.9819488525, 87.4927902222, 88.0036239624, 88.537689209, 89.0601348877, 89.5941925049, 90.1282501221, 90.6507034302, 91.1615371704, 91.67237854, 92.2064361572, 92.7404937744, 93.251335144, 93.7737884521, 94.2962341309, 94.830291748, 95.3527450562, 95.8751907349, 96.4092483521, 96.9433059692, 97.4541473389, 97.9649887085, 98.4874343872, 99.0098876953, 99.532333374, 100.054779053, 100.588844299, 101.122901917, 101.656959534, 102.179405212, 102.701858521, 103.224304199, 103.735145569, 104.234375, 104.768432617, 105.290885925, 105.813331604, 106.347389221, 106.881446838, 107.415504456, 107.949569702, 108.472015381, 108.994468689, 109.505302429, 110.016143799, 110.550201416, 111.084259033, 111.595100403, 112.105941772, 112.63999939, 113.162445068, 113.684898376, 114.207344055, 114.729797363, 115.240631104, 115.751472473, 116.28553009, 116.819587708, 117.342041016, 117.864486694, 118.386940002, 118.909385681, 119.420227051, 119.954284668, 120.488342285, 121.022399902, 121.55645752, 122.078910828, 122.601356506, 123.135414124, 123.657867432, 124.18031311, 124.69115448, 125.213600159, 125.736053467, 126.270111084, 126.804168701, 127.338226318, 127.849067688, 128.359909058, 128.882354736, 129.404800415, 129.927261353, 130.449707031, 130.97215271, 131.494598389, 132.005432129, 132.539505005, 133.073562622, 133.596008301, 134.130065918, 134.652511597, 135.174957275, 135.697418213, 136.219863892, 136.74230957, 137.253143311, 137.775604248, 138.298049927, 138.832107544, 139.366165161, 139.88861084, 140.411056519, 140.945129395, 141.467575073, 142.00163269, 142.535690308, 143.081359863, 143.61541748], "beats_loudness": {"dvar2": 0.00424911966547, "var": 0.00262887543067, "min": 0, "dmean": 0.0378448404372, "mean": 0.0567250587046, "max": 0.235587120056, "dmean2": 0.0658054277301, "median": 0.0424743741751, "dvar": 0.0017573403893}, "bpm_histogram_second_peak_weight": {"dvar2": 0, "var": 0, "min": 0.216666668653, "dmean": 0, "mean": 0.216666668653, "max": 0.216666668653, "dmean2": 0, "median": 0.216666668653, "dvar": 0}, "bpm_histogram_second_peak_spread": {"dvar2": 0, "var": 0, "min": 0.199999928474, "dmean": 0, "mean": 0.199999928474, "max": 0.199999928474, "dmean2": 0, "median": 0.199999928474, "dvar": 0}, "bpm_histogram_second_peak_bpm": {"dvar2": 0, "var": 0, "min": 77, "dmean": 0, "mean": 77, "max": 77, "dmean2": 0, "median": 77, "dvar": 0}, "onset_rate": 1.99970948696}, "lowlevel": {"spectral_energyband_high": {"dvar2": 1.7132762764e-08, "var": 1.07753969303e-07, "min": 6.92288457278e-21, "dmean": 3.30935581587e-05, "mean": 0.000164676763234, "max": 0.00600193999708, "dmean2": 4.0837621782e-05, "median": 3.40572587447e-05, "dvar": 9.49865253119e-09}, "spectral_energyband_middle_low": {"dvar2": 7.63683492551e-05, "var": 0.000177013775101, "min": 1.73872339871e-22, "dmean": 0.00249175634235, "mean": 0.0110142538324, "max": 0.123141996562, "dmean2": 0.00373809435405, "median": 0.00735538406298, "dvar": 3.41738705174e-05}, "spectral_energy": {"dvar2": 0.000405728118494, "var": 0.00154839362949, "min": 1.00066138964e-20, "dmean": 0.00578200537711, "mean": 0.0415377169847, "max": 0.334429651499, "dmean2": 0.00835338793695, "median": 0.0321372225881, "dvar": 0.00019192569016}, "spectral_spread": {"dvar2": 1581824212990.0, "var": 26828196544500.0, "min": 676434.25, "dmean": 427090.8125, "mean": 3682686.5, "max": 42568156, "dmean2": 677559.5, "median": 2969322.5, "dvar": 749312409600}, "spectral_energyband_low": {"dvar2": 0.000276066857623, "var": 0.000869779789355, "min": 1.14201878636e-23, "dmean": 0.00398128619418, "mean": 0.0280877873302, "max": 0.222760081291, "dmean2": 0.00589706888422, "median": 0.0201813876629, "dvar": 0.000124884652905}, "spectral_rolloff": {"dvar2": 297010.59375, "var": 6521795.5, "min": 43.06640625, "dmean": 117.682060242, "mean": 966.853393555, "max": 19573.6816406, "dmean2": 203.176849365, "median": 236.865234375, "dvar": 147283.21875}, "barkbands": {"dvar2": [6.17636828792e-07, 0.000172595842741, 2.89321760647e-05, 2.84749767161e-05, 3.46277229255e-05, 4.55153497114e-07, 4.12199945288e-08, 6.43309689963e-08, 4.50348274228e-08, 4.64289371394e-07, 4.85253679017e-07, 4.06652270613e-06, 1.5129957319e-05, 1.41199861901e-05, 1.68880319507e-06, 3.47160550973e-07, 1.13940348001e-06, 9.29882375544e-08, 1.16291873908e-08, 7.19871051658e-10, 2.86005863437e-09, 5.09558706341e-09, 1.71143543781e-10, 1.81091752705e-10, 1.65944258335e-10, 3.72185060549e-10, 1.82116793868e-10], "var": [9.38216999202e-07, 0.00046267604921, 5.73163488298e-05, 7.11858738214e-05, 3.5889173887e-05, 4.4366157681e-07, 1.62169683904e-07, 4.6351635774e-07, 4.70915097139e-07, 1.98695238396e-06, 4.80889775645e-06, 1.54822264449e-05, 3.10762698064e-05, 1.69780778378e-05, 2.20108722715e-06, 8.46828788781e-06, 3.42486964655e-06, 6.32309081539e-07, 2.27805827535e-07, 2.45665487952e-09, 3.24982956101e-08, 2.65702269076e-08, 5.80685055596e-10, 8.34029456609e-10, 2.87258106191e-10, 1.09625024336e-10, 4.18182780071e-11], "min": [3.70423221245e-25, 2.60509658529e-24, 6.74658251529e-25, 8.48362612542e-25, 7.66788892637e-24, 6.10642159488e-24, 7.12591939638e-24, 8.04444300201e-24, 1.93654955045e-23, 1.16821480598e-23, 1.57762367615e-23, 2.02367103328e-23, 2.23306516756e-23, 3.4006285322e-23, 4.03229249375e-23, 4.85419057814e-23, 5.10764590719e-23, 9.00059117074e-23, 1.20092044269e-22, 1.60687659489e-22, 2.63312960164e-22, 2.95126672864e-22, 4.05771217958e-22, 5.90400111723e-22, 8.67336232714e-22, 1.29180660957e-21, 1.91955561222e-21], "dmean": [0.000155869303853, 0.00274965912104, 0.00141121540219, 0.00126869813539, 0.00156318524387, 0.000188318343135, 6.85366030666e-05, 7.61540723033e-05, 7.04061894794e-05, 0.000101448356872, 0.000143128519994, 0.000223840877879, 0.000482306204503, 0.000319086422678, 0.00015271481243, 0.000104371283669, 0.000128729341668, 3.53605682903e-05, 1.98316556634e-05, 4.90718639412e-06, 1.41632735904e-05, 1.323559718e-05, 2.54195492744e-06, 3.19844548358e-06, 2.48194805863e-06, 1.9270357825e-06, 9.54724441726e-07], "mean": [0.000507615157403, 0.020209249109, 0.00465933978558, 0.00571304885671, 0.00405852869153, 0.000454692199128, 0.000201350019779, 0.000252845173236, 0.000281211774563, 0.00032048340654, 0.000566474685911, 0.000590456125792, 0.00128385808785, 0.000790835299995, 0.000339327409165, 0.000524152710568, 0.00041484326357, 0.000115606373583, 8.05241506896e-05, 1.42469189086e-05, 6.91072564223e-05, 5.89125193073e-05, 8.36981507746e-06, 1.21368484542e-05, 7.47094009057e-06, 2.444419124e-06, 7.24733411062e-07], "max": [0.0073543600738, 0.160860598087, 0.0750517323613, 0.086025133729, 0.07598772645, 0.0095406640321, 0.00601700041443, 0.00915704201907, 0.00926040951163, 0.0208255425096, 0.0389781072736, 0.0783427283168, 0.163433670998, 0.148024126887, 0.0427683964372, 0.0539440326393, 0.0437751635909, 0.0143593605608, 0.00902629923075, 0.000598557700869, 0.00203090533614, 0.00387250888161, 0.00039748501149, 0.000404149672249, 0.000249169446761, 0.000438625516836, 0.000298182741972], "dmean2": [0.00026970190811, 0.00420017214492, 0.00204179994762, 0.0019141031662, 0.00244404096156, 0.000297939259326, 9.67743835645e-05, 0.000114841444883, 9.2990565463e-05, 0.000152370834257, 0.000169748527696, 0.00029168263427, 0.000658097211272, 0.000465391523903, 0.000234435457969, 0.000129750158521, 0.000177095760591, 5.00253045175e-05, 2.25571056944e-05, 7.3586347753e-06, 1.73978951352e-05, 1.55214383994e-05, 3.63522462976e-06, 4.47198726761e-06, 3.7367715322e-06, 3.23548306369e-06, 1.67490441072e-06], "median": [3.39568505296e-05, 0.0143796540797, 0.00213204906322, 0.00247186725028, 0.00206036143936, 0.000259789812844, 8.65493930178e-05, 7.21877149772e-05, 6.49223875371e-05, 1.73724238266e-05, 3.04599470837e-05, 1.42379021781e-05, 4.56551497336e-05, 2.32895381487e-05, 1.60464805958e-05, 1.76847970579e-05, 1.07169998955e-05, 7.66981611378e-06, 1.02053973023e-05, 1.99252212951e-06, 7.35162439014e-06, 5.70462680116e-06, 1.41705254464e-06, 1.98795919459e-06, 1.04254684175e-06, 2.2050409143e-07, 1.25430457132e-08], "dvar": [2.14565972101e-07, 6.66289561195e-05, 1.42783837873e-05, 1.24332018459e-05, 1.37781325975e-05, 1.6786250967e-07, 2.19194600248e-08, 2.95111828308e-08, 2.8154113707e-08, 2.12135091715e-07, 3.82933620813e-07, 2.41593056671e-06, 7.0316914389e-06, 5.89283899899e-06, 7.96953486315e-07, 2.04611112053e-07, 6.13510337644e-07, 6.04057461828e-08, 1.15068905515e-08, 3.07048136916e-10, 1.88967130832e-09, 2.85679613299e-09, 8.53799600464e-11, 9.23439033573e-11, 7.04908700855e-11, 1.40584252573e-10, 6.60308752121e-11]}, "melbands_skewness": {"dvar2": 0.762117564678, "var": 4.0591340065, "min": -4.54981231689, "dmean": 0.499015003443, "mean": 3.69307112694, "max": 13.3741903305, "dmean2": 0.733549714088, "median": 3.79668545723, "dvar": 0.33076480031}, "barkbands_skewness": {"dvar2": 0.682576358318, "var": 3.29623913765, "min": -5.37698745728, "dmean": 0.426472902298, "mean": 2.46066641808, "max": 11.369966507, "dmean2": 0.620521485806, "median": 2.57383370399, "dvar": 0.29970484972}, "erbbands": {"dvar2": [0.142103597522, 9.78717517853, 27.0479373932, 162.063293457, 388.770996094, 400.067504883, 49.1569442749, 24.4267024994, 5.55924415588, 39.0477981567, 18.8874282837, 30.6810016632, 79.5064849854, 556.901245117, 886.979125977, 10461.1826172, 14255.8222656, 28948.3085938, 12902.8144531, 1664.45593262, 461.771850586, 1614.67944336, 751.75402832, 193.469772339, 3.45608329773, 1.8988519907, 2.47061109543, 13.6587696075, 2.5921561718, 0.821933150291, 0.188805341721, 0.0629218444228, 0.0660403296351, 0.0259012077004, 0.00844243448228, 0.00398777471855, 0.00164206058253, 0.000253635371337, 6.78949754729e-06, 2.5324999875e-09], "var": [0.409791976213, 27.5079021454, 57.6328811646, 399.239807129, 511.861846924, 505.624206543, 66.453163147, 22.5497817993, 18.1291885376, 209.86177063, 41.4941673279, 390.885620117, 175.822906494, 2890.13012695, 8649.99511719, 38981.0273438, 30458.0839844, 59693.6875, 11809.1826172, 8674.53027344, 7563.13623047, 3877.13476562, 2556.1105957, 1782.44140625, 21.1605491638, 9.91939544678, 29.7067718506, 74.1817398071, 17.1489658356, 5.61259031296, 0.751154363155, 0.151566550136, 0.353959321976, 0.0826883390546, 0.0140247466043, 0.00142161140684, 0.000486909004394, 6.18390549789e-05, 1.57219744779e-06, 2.60800381291e-09], "min": [4.83979702206e-23, 4.61853296085e-22, 2.24182707718e-21, 7.12967730254e-21, 7.78465490587e-21, 2.88001671071e-20, 6.73580669126e-20, 7.73619375421e-20, 1.00381514497e-19, 1.54777409179e-19, 2.4062435865e-19, 4.32409673338e-19, 3.7576651634e-19, 4.80715082407e-19, 8.90715735018e-19, 1.11063814108e-18, 1.26878018495e-18, 1.67583648817e-18, 2.66773585085e-18, 2.86502111528e-18, 2.96527064923e-18, 4.57965030622e-18, 5.67844766703e-18, 5.57074006588e-18, 6.94533929524e-18, 9.03038037808e-18, 8.79665801446e-18, 1.13401151481e-17, 1.0005560973e-17, 1.0614128503e-17, 1.23982164636e-17, 1.08967876989e-17, 9.73828899093e-18, 7.55697070223e-18, 6.0617581998e-18, 4.25561429538e-18, 2.34038098459e-18, 8.92687526803e-19, 2.41706414289e-19, 2.78876285639e-20], "dmean": [0.0757284164429, 0.655672848225, 1.40379714966, 3.22455072403, 5.07148838043, 5.37804698944, 2.45212435722, 1.44305562973, 0.731328904629, 1.95700156689, 1.11416471004, 1.79353773594, 1.63015365601, 3.86404037476, 6.54497385025, 11.7846508026, 16.7869930267, 22.5839061737, 10.7783164978, 6.38118028641, 3.95711684227, 4.96697902679, 3.6224656105, 1.90326690674, 0.488314777613, 0.275514274836, 0.407945603132, 0.676996290684, 0.3892146945, 0.223689213395, 0.0750885009766, 0.0563525892794, 0.0601741932333, 0.0330957509577, 0.0174542963505, 0.00752100767568, 0.00378365721554, 0.00127928855363, 0.000181090537808, 8.90564206202e-06], "mean": [0.529854357243, 4.57464122772, 6.39470005035, 13.0467567444, 17.2103919983, 13.542640686, 6.09785747528, 3.51900911331, 2.35507845879, 6.00112247467, 3.61185121536, 7.64749956131, 5.42605733871, 13.2342967987, 26.486536026, 33.0241584778, 49.0022850037, 59.2131919861, 23.1693000793, 24.8531970978, 20.2085342407, 15.2675628662, 11.0762548447, 7.58753156662, 1.73945176601, 0.927564501762, 2.07846879959, 2.98671340942, 1.80506932735, 0.950685381889, 0.266639560461, 0.178196176887, 0.231755927205, 0.110419325531, 0.0489140786231, 0.0123066138476, 0.00469148671255, 0.00113118637819, 0.000152645341586, 4.91665196023e-05], "max": [4.47221088409, 36.8980903625, 72.5227050781, 193.752609253, 259.125091553, 262.69039917, 107.56363678, 68.6712265015, 48.2000274658, 175.103424072, 134.15776062, 274.580596924, 206.975799561, 780.185302734, 1401.60717773, 3997.75976562, 3689.82568359, 5813.70410156, 3478.4309082, 1502.36962891, 1530.5592041, 1482.72338867, 1142.51574707, 694.494018555, 122.187477112, 41.0398674011, 76.4540176392, 202.78414917, 80.4161453247, 29.7910614014, 18.3460006714, 7.5520362854, 6.81761074066, 3.71302366257, 1.62105965614, 1.13941693306, 0.934402108192, 0.308697670698, 0.0526188872755, 0.000976603478193], "dmean2": [0.117753058672, 0.998519778252, 2.05405950546, 4.70987081528, 8.00729179382, 8.22859668732, 3.91936421394, 2.31458473206, 1.08968913555, 2.8382871151, 1.66109418869, 2.30056428909, 2.48231315613, 5.45969009399, 7.82914495468, 15.2402105331, 22.7500801086, 31.3752994537, 16.7241001129, 8.76847076416, 5.05796003342, 6.97757387161, 4.94264554977, 2.3551223278, 0.65086632967, 0.397246807814, 0.513484597206, 0.843183517456, 0.460669845343, 0.2694658041, 0.107190974057, 0.0814222246408, 0.0840781107545, 0.0484202876687, 0.0260812714696, 0.0122962547466, 0.00640541501343, 0.00220067496412, 0.000317022873787, 1.35614263854e-05], "median": [0.247277826071, 3.04598855972, 4.57811737061, 5.74984836578, 9.60488319397, 6.42953252792, 3.58135819435, 2.0378575325, 1.19097352028, 2.07366037369, 1.74349617958, 1.69967806339, 1.26849138737, 0.866862475872, 1.4941546917, 1.53298711777, 2.99619102478, 3.54554152489, 1.69209873676, 2.47286057472, 1.38642096519, 0.874365448952, 0.902723968029, 0.607693135738, 0.429121375084, 0.232072964311, 0.30108782649, 0.301083832979, 0.217644140124, 0.11347027123, 0.0447489544749, 0.0362574085593, 0.0329632088542, 0.0159930642694, 0.00592974247411, 0.00160521850921, 0.000384943734389, 5.96297177253e-05, 2.324226989e-05, 3.71716087102e-05], "dvar": [0.0578103736043, 3.71203446388, 12.6294660568, 76.8364257812, 146.249176025, 173.654663086, 20.1946125031, 8.64960098267, 2.57736158371, 18.4136543274, 8.16986942291, 20.7924613953, 29.6493988037, 277.802368164, 689.120605469, 6194.29931641, 6822.99169922, 14233.7998047, 5266.92236328, 748.505126953, 238.631591797, 812.19342041, 438.369293213, 120.607406616, 2.35655164719, 0.906507611275, 1.52081787586, 8.21684169769, 1.58175730705, 0.502313554287, 0.0961380526423, 0.0307389646769, 0.0334598459303, 0.0119209522381, 0.0035563192796, 0.00151726370677, 0.000613251933828, 9.33403862291e-05, 2.46678359872e-06, 9.8470165355e-10]}, "silence_rate_30dB": {"dvar2": 0.056493729353, "var": 0.0713014826179, "min": 0, "dmean": 0.0257069412619, "mean": 0.922730922699, "max": 1, "dmean2": 0.0514221452177, "median": 1, "dvar": 0.0250451881438}, "melbands_spread": {"dvar2": 49.4415893555, "var": 423.134094238, "min": 0.481184929609, "dmean": 2.50416350365, "mean": 13.8540582657, "max": 184.454589844, "dmean2": 3.61111593246, "median": 6.21549129486, "dvar": 22.8883857727}, "melbands_crest": {"dvar2": 8.16997528076, "var": 20.396648407, "min": 1.60677134991, "dmean": 1.36407339573, "mean": 17.1242790222, "max": 35.7273178101, "dmean2": 2.1359705925, "median": 17.085603714, "dvar": 3.22203660011}, "zerocrossingrate": {"dvar2": 5.24576680618e-05, "var": 0.00454866746441, "min": 0.001953125, "dmean": 0.00395575258881, "mean": 0.0373853221536, "max": 0.5224609375, "dmean2": 0.00494817318395, "median": 0.0234375, "dvar": 3.85664498026e-05}, "barkbands_kurtosis": {"dvar2": 158.102828979, "var": 262.277618408, "min": -1.88503146172, "dmean": 3.9111289978, "mean": 13.0863695145, "max": 174.128143311, "dmean2": 5.86288070679, "median": 9.35729408264, "dvar": 65.0404510498}, "spectral_flux": {"dvar2": 0.00127656781115, "var": 0.00143677135929, "min": 6.40544908781e-11, "dmean": 0.0127385780215, "mean": 0.0362465567887, "max": 0.373054355383, "dmean2": 0.0206709038466, "median": 0.0251838359982, "dvar": 0.000533460930455}, "barkbands_crest": {"dvar2": 6.88058137894, "var": 20.2956790924, "min": 3.1194434166, "dmean": 1.2818723917, "mean": 13.9149951935, "max": 25.7324104309, "dmean2": 1.98974275589, "median": 13.3643903732, "dvar": 2.59568047523}, "barkbands_flatness_db": {"dvar2": 0.000932985742111, "var": 0.00562034640461, "min": 0.0389919094741, "dmean": 0.0155724845827, "mean": 0.26096829772, "max": 0.54402667284, "dmean2": 0.0230827648193, "median": 0.253366887569, "dvar": 0.000423157092882}, "spectral_entropy": {"dvar2": 0.123911947012, "var": 0.450551450253, "min": 4.55787706375, "dmean": 0.154986098409, "mean": 6.25571346283, "max": 9.82655334473, "dmean2": 0.24165803194, "median": 6.19186162949, "dvar": 0.0524084381759}, "pitch_salience": {"dvar2": 0.00479323742911, "var": 0.01590131782, "min": 0.0992566496134, "dmean": 0.0383301600814, "mean": 0.462114930153, "max": 0.964149594307, "dmean2": 0.0599198974669, "median": 0.468149542809, "dvar": 0.0019305794267}, "erbbands_spread": {"dvar2": 71.8620300293, "var": 306.891174316, "min": 0.732555568218, "dmean": 4.4598493576, "mean": 32.707988739, "max": 109.67552948, "dmean2": 6.60425138474, "median": 31.4660110474, "dvar": 30.821680069}, "dynamic_complexity": 5.90617418289, "spectral_contrast_valleys": {"dvar2": [0.198755502701, 0.160843878984, 0.275923341513, 0.323128193617, 0.254738509655, 0.439245462418], "var": [9.88942337036, 8.56586647034, 7.84993362427, 7.57136917114, 6.79125118256, 5.17544364929], "min": [-28.3399963379, -27.8657188416, -27.860376358, -27.6869163513, -27.5249938965, -27.4356422424], "dmean": [0.266985416412, 0.269339591265, 0.285784035921, 0.262952655554, 0.246462732553, 0.352540314198], "mean": [-7.4012799263, -8.13313293457, -9.1661605835, -9.68575572968, -10.4589147568, -13.1685419083], "max": [-4.90936279297, -5.66261768341, -5.40144205093, -5.20554351807, -6.42462062836, -9.05702590942], "dmean2": [0.439000815153, 0.430971026421, 0.476084053516, 0.439988166094, 0.382442504168, 0.509726107121], "median": [-6.49966478348, -7.46039581299, -8.62299633026, -9.18110847473, -9.99574756622, -12.947977066], "dvar": [0.0882272198796, 0.0771623104811, 0.113494738936, 0.135445922613, 0.121110491455, 0.23691919446]}, "hfc": {"dvar2": 105.164146423, "var": 344.795135498, "min": 1.05807252955e-16, "dmean": 2.52047348022, "mean": 13.3076715469, "max": 265.372772217, "dmean2": 3.39390039444, "median": 7.17600440979, "dvar": 47.848777771}, "spectral_kurtosis": {"dvar2": 119.64302063, "var": 256.309967041, "min": -1.27320551872, "dmean": 5.29442358017, "mean": 16.1451530457, "max": 152.868927002, "dmean2": 8.95814800262, "median": 10.6219863892, "dvar": 44.8863677979}, "mfcc": {"mean": [-767.603027344, 161.492340088, 21.814163208, 32.7272338867, 23.8839149475, 24.0351638794, 4.78095340729, 3.69354534149, 5.5661740303, -4.88104438782, 5.76101970673, -0.353758692741, -7.3421497345], "cov": [[15922.3173828, 1742.63769531, -746.761108398, 486.584869385, 395.973602295, 1111.69824219, -90.0794525146, 383.495727539, 718.206481934, -261.367462158, 380.756317139, 72.044380188, -243.78843689], [1742.63769531, 2507.14770508, -86.1701278687, 234.097442627, 208.383361816, 1.8629001379, 211.050430298, -146.509262085, -204.825790405, 152.305435181, 46.9447441101, 40.0224685669, -18.3826522827], [-746.761108398, -86.1701278687, 777.154724121, 126.784667969, 14.9125547409, -93.5103302002, -128.901153564, 89.4628372192, 173.019256592, -6.27232408524, -36.2723083496, 20.472650528, 47.1659240723], [486.584869385, 234.097442627, 126.784667969, 274.087432861, 31.2668533325, 6.24679231644, -25.8523540497, 21.5418338776, 123.890792847, 33.0993461609, 27.1224498749, 14.4695215225, -18.1502151489], [395.973602295, 208.383361816, 14.9125547409, 31.2668533325, 187.302825928, 76.2850570679, 38.3045196533, 49.5501670837, 16.9113311768, 25.1969642639, 33.9068260193, 25.3905696869, 11.2680101395], [1111.69824219, 1.8629001379, -93.5103302002, 6.24679231644, 76.2850570679, 318.127746582, 66.3020401001, 20.2998123169, 56.3429260254, -9.85371589661, 70.8420715332, 40.6888618469, 3.63734507561], [-90.0794525146, 211.050430298, -128.901153564, -25.8523540497, 38.3045196533, 66.3020401001, 314.463195801, 9.15634059906, -154.023391724, 26.2619628906, 3.54937005043, 10.102812767, 17.4748497009], [383.495727539, -146.509262085, 89.4628372192, 21.5418338776, 49.5501670837, 20.2998123169, 9.15634059906, 277.987854004, 95.6593704224, -67.1743927002, 11.2457332611, -33.5472488403, 20.5340747833], [718.206481934, -204.825790405, 173.019256592, 123.890792847, 16.9113311768, 56.3429260254, -154.023391724, 95.6593704224, 390.488311768, -16.5745239258, 2.53291463852, 5.06076574326, -37.4504127502], [-261.367462158, 152.305435181, -6.27232408524, 33.0993461609, 25.1969642639, -9.85371589661, 26.2619628906, -67.1743927002, -16.5745239258, 152.896957397, 8.77543067932, 29.4571647644, 5.15030956268], [380.756317139, 46.9447441101, -36.2723083496, 27.1224498749, 33.9068260193, 70.8420715332, 3.54937005043, 11.2457332611, 2.53291463852, 8.77543067932, 136.782562256, 40.4937553406, -13.3659124374], [72.044380188, 40.0224685669, 20.472650528, 14.4695215225, 25.3905696869, 40.6888618469, 10.102812767, -33.5472488403, 5.06076574326, 29.4571647644, 40.4937553406, 130.594528198, 23.2209968567], [-243.78843689, -18.3826522827, 47.1659240723, -18.1502151489, 11.2680101395, 3.63734507561, 17.4748497009, 20.5340747833, -37.4504127502, 5.15030956268, -13.3659124374, 23.2209968567, 120.27217865]], "icov": [[0.000135124806548, -0.000130526430439, 0.000161702409969, -0.000106680585304, 2.98945797113e-05, -0.000400535529479, 0.000162476862897, -0.000177964597242, -0.000166751982761, 0.000242668771534, -4.28251914855e-05, -4.58969116153e-05, 0.000132308763568], [-0.000130526430439, 0.000712422537617, -0.000118016097986, -0.00052163383225, -0.000701389682945, 0.000516412022989, -0.00036943363375, 0.000482022151118, 0.000505379284732, -0.000369131827028, 4.88281257276e-05, 0.000107962136099, -8.89466537046e-06], [0.000161702409969, -0.000118016097986, 0.00194896780886, -0.000762383453548, -0.000198785986868, 0.000109888555016, 0.00056901172502, -0.000557818217203, -0.000667432090268, 0.000362981518265, 0.000361938175047, -0.000513984472491, -0.000625678047072], [-0.000106680585304, -0.00052163383225, -0.000762383453548, 0.0056156842038, 0.00023690375383, 0.000625967746601, -0.000530918710865, 7.46855585021e-05, -0.00186758383643, -0.000955354364123, -0.0011451614555, 0.000146569364006, 0.000177553025424], [2.98945797113e-05, -0.000701389682945, -0.000198785986868, 0.00023690375383, 0.00763286137953, -0.00169644469861, 2.73164259852e-05, -0.00198059389368, -5.69881376578e-05, -0.00137600745074, -0.000486331613502, -0.000777301611379, -0.00012531473476], [-0.000400535529479, 0.000516412022989, 0.000109888555016, 0.000625967746601, -0.00169644469861, 0.00600538775325, -0.00198918767273, 0.00129838823341, -0.00121932581533, 0.000323818414472, -0.00192941969726, -0.000293988821795, -0.00118811160792], [0.000162476862897, -0.00036943363375, 0.00056901172502, -0.000530918710865, 2.73164259852e-05, -0.00198918767273, 0.00525232218206, -0.00169272837229, 0.00221618171781, -0.000720966199879, 0.00119786791038, -0.000621916900855, 0.000527216179762], [-0.000177964597242, 0.000482022151118, -0.000557818217203, 7.46855585021e-05, -0.00198059389368, 0.00129838823341, -0.00169272837229, 0.00606469484046, -0.00155276188161, 0.00212266552262, -0.00135255919304, 0.00202259188518, -0.00181543314829], [-0.000166751982761, 0.000505379284732, -0.000667432090268, -0.00186758383643, -5.69881376578e-05, -0.00121932581533, 0.00221618171781, -0.00155276188161, 0.00558564020321, -0.000946212559938, 0.0015501716407, -0.000734109955374, 0.0017982495483], [0.000242668771534, -0.000369131827028, 0.000362981518265, -0.000955354364123, -0.00137600745074, 0.000323818414472, -0.000720966199879, 0.00212266552262, -0.000946212559938, 0.0089739440009, -0.000588999479078, -0.000909722701181, -0.000558314321097], [-4.28251914855e-05, 4.88281257276e-05, 0.000361938175047, -0.0011451614555, -0.000486331613502, -0.00192941969726, 0.00119786791038, -0.00135255919304, 0.0015501716407, -0.000588999479078, 0.0100449072197, -0.00305984006263, 0.00198167329654], [-4.58969116153e-05, 0.000107962136099, -0.000513984472491, 0.000146569364006, -0.000777301611379, -0.000293988821795, -0.000621916900855, 0.00202259188518, -0.000734109955374, -0.000909722701181, -0.00305984006263, 0.0101540833712, -0.0025162154343], [0.000132308763568, -8.89466537046e-06, -0.000625678047072, 0.000177553025424, -0.00012531473476, -0.00118811160792, 0.000527216179762, -0.00181543314829, 0.0017982495483, -0.000558314321097, 0.00198167329654, -0.0025162154343, 0.0104243606329]]}, "silence_rate_20dB": {"dvar2": 0, "var": 0, "min": 1, "dmean": 0, "mean": 1, "max": 1, "dmean2": 0, "median": 1, "dvar": 0}, "melbands_kurtosis": {"dvar2": 251.676879883, "var": 675.409667969, "min": -1.91001451015, "dmean": 6.46896886826, "mean": 27.6810359955, "max": 262.727508545, "dmean2": 9.62963008881, "median": 21.5976219177, "dvar": 104.931190491}, "barkbands_spread": {"dvar2": 27.9976768494, "var": 117.850669861, "min": 0.503483831882, "dmean": 1.97392225266, "mean": 12.2417201996, "max": 121.484649658, "dmean2": 2.83658123016, "median": 8.43332958221, "dvar": 12.3938550949}, "erbbands_skewness": {"dvar2": 0.332983642817, "var": 2.02427721024, "min": -7.4971704483, "dmean": 0.302154123783, "mean": 0.0825557485223, "max": 5.14377450943, "dmean2": 0.450668752193, "median": 0.0580150261521, "dvar": 0.141977801919}, "average_loudness": 0.398967415094, "spectral_centroid": {"dvar2": 77089.078125, "var": 2196097.5, "min": 125.500839233, "dmean": 95.3434371948, "mean": 962.999023438, "max": 11855.3046875, "dmean2": 137.995925903, "median": 624.215209961, "dvar": 38365.8515625}, "dissonance": {"dvar2": 0.00186574959662, "var": 0.00137105584145, "min": 0.19754961133, "dmean": 0.0252388771623, "mean": 0.442149877548, "max": 0.500000059605, "dmean2": 0.0436472520232, "median": 0.449939608574, "dvar": 0.000661947124172}, "erbbands_flatness_db": {"dvar2": 0.000735246576369, "var": 0.0034307395108, "min": 0.0300596151501, "dmean": 0.0142314620316, "mean": 0.207997947931, "max": 0.478101283312, "dmean2": 0.0207321997732, "median": 0.200346425176, "dvar": 0.000347824592609}, "spectral_strongpeak": {"dvar2": 2.63119602203, "var": 3.73208642006, "min": 0, "dmean": 0.239787578583, "mean": 0.786736607552, "max": 23.0215415955, "dmean2": 0.404902547598, "median": 0.392522066832, "dvar": 1.15968167782}, "spectral_rms": {"dvar2": 1.0815792848e-06, "var": 1.00870147435e-05, "min": 3.12450803078e-12, "dmean": 0.000378665979952, "mean": 0.00551703479141, "max": 0.0180630236864, "dmean2": 0.000534274673555, "median": 0.00559940980747, "dvar": 5.5546627209e-07}, "silence_rate_60dB": {"dvar2": 0.0161741059273, "var": 0.140551283956, "min": 0, "dmean": 0.00739074544981, "mean": 0.169156625867, "max": 1, "dmean2": 0.0147838667035, "median": 0, "dvar": 0.00733538810164}, "melbands": {"dvar2": [1.24761809275e-05, 8.75368732522e-06, 4.68243342766e-06, 2.59755097431e-06, 8.47819308092e-08, 1.2472640698e-08, 1.25220334102e-09, 4.53829507308e-09, 1.30511790264e-09, 1.1786996934e-09, 2.46446574259e-09, 1.08738538174e-08, 1.04624566788e-08, 5.2395396466e-08, 4.57486670769e-08, 1.48710483927e-07, 1.30609265625e-07, 6.1796782802e-08, 3.23920379408e-09, 3.45898865106e-09, 4.93745100361e-10, 8.42141745228e-10, 5.68389690869e-09, 3.80984077619e-10, 1.39561084911e-10, 3.13271826015e-12, 8.28249795137e-13, 9.57217378278e-13, 7.87908583863e-13, 2.46159104385e-12, 1.13342286945e-11, 1.4250404242e-12, 7.06930662012e-13, 1.1975328769e-13, 1.24961537428e-13, 2.20068358474e-14, 2.92304802054e-14, 5.08263949591e-14, 2.79485483557e-14, 1.96395837418e-14], "var": [3.34262622346e-05, 2.41531597567e-05, 1.17824765766e-05, 2.73780165116e-06, 1.40485482802e-07, 1.18167573504e-08, 4.33098135133e-09, 2.8612415548e-08, 2.29086905001e-09, 1.70688601031e-08, 4.79590989144e-09, 5.36944995133e-08, 1.04634182208e-07, 1.99806905243e-07, 1.30577973323e-07, 3.03509096966e-07, 2.42906224912e-07, 4.70891805548e-08, 3.67330610374e-09, 8.06280837651e-08, 4.39341185654e-09, 2.57656207481e-09, 1.53796904101e-08, 3.06874414768e-09, 1.38312428177e-09, 1.48979596021e-11, 3.64379706963e-12, 4.35987574168e-12, 5.67616179753e-12, 4.09824257863e-11, 4.12593917365e-11, 8.77820559297e-12, 5.90246211282e-12, 8.69589393982e-13, 4.70491755365e-13, 5.48547108615e-14, 5.59932552798e-14, 2.33958008132e-13, 2.26641893187e-13, 5.80343946185e-14], "min": [1.05864315037e-24, 6.08538888682e-25, 1.22984026491e-24, 1.1170505104e-24, 2.52809587234e-24, 1.92057910087e-24, 1.30681474825e-24, 1.27338183701e-24, 1.41822843351e-24, 2.32348330011e-24, 1.69779669541e-24, 1.44975871085e-24, 2.56516207969e-24, 2.87281842437e-24, 3.10983148613e-24, 2.09772136701e-24, 2.52913618265e-24, 3.27222244777e-24, 2.95902435523e-24, 2.30630033187e-24, 2.836093991e-24, 3.62380887855e-24, 4.38150228383e-24, 4.02947073829e-24, 3.7100613522e-24, 4.50062106938e-24, 4.573117781e-24, 4.45890886573e-24, 4.39017580948e-24, 5.20032609838e-24, 5.47495185089e-24, 4.92277485521e-24, 5.59658591943e-24, 5.11710876706e-24, 5.25623937606e-24, 5.29325588517e-24, 5.79221908519e-24, 6.24300931075e-24, 6.24459965433e-24, 6.37756452649e-24], "dmean": [0.000724640267435, 0.000746347999666, 0.000559299252927, 0.000411912449636, 0.000104703496618, 3.18975216942e-05, 1.13983314804e-05, 2.10402904486e-05, 9.10887774808e-06, 1.11488525363e-05, 8.51926233736e-06, 1.59505852935e-05, 2.04484076676e-05, 2.7368301744e-05, 2.78100542346e-05, 4.65132798126e-05, 4.28712919529e-05, 1.90609498532e-05, 7.28685336071e-06, 1.09334887384e-05, 3.24704456034e-06, 4.06383924201e-06, 7.56003237257e-06, 2.23997858484e-06, 1.50879884586e-06, 4.14299194063e-07, 2.09063514944e-07, 1.75711321049e-07, 1.89363106529e-07, 3.78949835067e-07, 4.85550742724e-07, 2.53062466982e-07, 2.06157920957e-07, 8.95077434393e-08, 5.01448376156e-08, 3.46919364347e-08, 3.51210616145e-08, 4.84258890765e-08, 3.55741995861e-08, 2.72014926139e-08], "mean": [0.00528301950544, 0.00451987469569, 0.00246777641587, 0.00114478380419, 0.000278244231595, 7.77242094046e-05, 3.57792378054e-05, 6.69075379847e-05, 2.80289532384e-05, 4.78459660371e-05, 2.61298027908e-05, 5.13373124704e-05, 8.17271502456e-05, 7.85782904131e-05, 8.20007699076e-05, 0.000125601654872, 0.00010972306336, 3.89156084566e-05, 1.6657555534e-05, 5.50938784727e-05, 1.63115309988e-05, 1.36998232847e-05, 2.01437233045e-05, 7.84376516094e-06, 5.98751284997e-06, 1.36567064146e-06, 6.63596381401e-07, 5.15856925176e-07, 8.09169137028e-07, 2.00380395654e-06, 1.8451133883e-06, 1.11043470952e-06, 8.73258841239e-07, 3.35304520149e-07, 1.58644553494e-07, 1.01043049483e-07, 1.00465086916e-07, 1.79416119295e-07, 1.26147753576e-07, 8.11665543665e-08], "max": [0.0453183799982, 0.0406516678631, 0.0323837436736, 0.019791085273, 0.00359933287837, 0.00141115568113, 0.000720952753909, 0.00217398954555, 0.00117281230632, 0.001839855453, 0.00109864608385, 0.00344904279336, 0.00609506014735, 0.00893627759069, 0.00631872937083, 0.0174998734146, 0.0132980141789, 0.00892240740359, 0.00129888975061, 0.00524279894307, 0.0008100658888, 0.000860182743054, 0.00327803660184, 0.00100299436599, 0.000658378528897, 0.000100034732895, 3.04508885165e-05, 2.75060847343e-05, 3.56505406671e-05, 8.29887067084e-05, 0.000196014181711, 6.50681031402e-05, 4.90097627335e-05, 1.23318413898e-05, 1.56473579409e-05, 3.26990493704e-06, 5.42143106941e-06, 5.73490024181e-06, 1.11024428406e-05, 3.3203982639e-06], "dmean2": [0.0011145407334, 0.00111345190089, 0.000830437697005, 0.000639616104309, 0.000166810001247, 5.08544471813e-05, 1.66501067724e-05, 3.074502456e-05, 1.35570480779e-05, 1.42236149259e-05, 1.32312170535e-05, 2.3092079573e-05, 2.41691086558e-05, 3.52942115569e-05, 3.70711786672e-05, 6.31408838672e-05, 6.03386106377e-05, 2.98270169878e-05, 1.13940186566e-05, 1.3458495232e-05, 4.37304470324e-06, 5.80364621783e-06, 1.03546535684e-05, 2.99590988107e-06, 1.83565668976e-06, 5.73706927298e-07, 2.87882187422e-07, 2.60140751607e-07, 2.54454221249e-07, 4.62973531512e-07, 6.12865278526e-07, 3.04080828073e-07, 2.47077679205e-07, 1.12559241927e-07, 7.33994909297e-08, 5.11022157923e-08, 5.14931208784e-08, 6.84983589849e-08, 4.97185830284e-08, 4.1314269339e-08], "median": [0.00340676074848, 0.00315369968303, 0.00123977370095, 0.000637508695945, 0.000153858651174, 4.4060889195e-05, 1.7153312001e-05, 2.21898008022e-05, 1.27264747789e-05, 9.43245049712e-06, 4.90879847348e-06, 2.54524593402e-06, 4.67360268885e-06, 1.94155791178e-06, 2.42399664785e-06, 4.52398035122e-06, 3.52675169779e-06, 8.567860732e-07, 1.07163305074e-06, 2.19790263145e-06, 5.0351536629e-07, 4.75731582128e-07, 5.05407854234e-07, 4.28237513006e-07, 2.24060087817e-07, 2.26314980978e-07, 9.35198087859e-08, 6.19346351982e-08, 9.52144816324e-08, 1.05773438008e-07, 1.43850400036e-07, 1.16049207577e-07, 7.61995124776e-08, 3.07248591014e-08, 1.71536562732e-08, 1.66274034541e-08, 2.04240997448e-08, 2.26094112321e-08, 1.53348196363e-08, 1.1183286297e-08], "dvar": [4.92886101711e-06, 3.79386642635e-06, 2.1433099846e-06, 1.04709636162e-06, 3.52199407416e-08, 4.44743575301e-09, 5.9340882208e-10, 2.10730277672e-09, 5.71471703292e-10, 8.31559765491e-10, 8.99586627412e-10, 5.29639798685e-09, 8.33400104483e-09, 3.08669072524e-08, 2.46405189586e-08, 6.79964671235e-08, 6.34754755424e-08, 2.37308483975e-08, 1.29589905473e-09, 2.05683758914e-09, 2.20977347531e-10, 3.94706933804e-10, 3.17549764262e-09, 2.75104550251e-10, 8.81227035787e-11, 2.06895069653e-12, 4.37976450897e-13, 4.46891384575e-13, 3.98920073407e-13, 1.6881845314e-12, 6.6641093685e-12, 8.51550546657e-13, 4.87877858772e-13, 7.80155291497e-14, 6.42751029809e-14, 9.64333203812e-15, 1.40228701521e-14, 2.40378226493e-14, 1.74750350908e-14, 8.68494221039e-15]}, "spectral_skewness": {"dvar2": 0.501038432121, "var": 1.56868565083, "min": -0.0845968648791, "dmean": 0.407120496035, "mean": 2.81057786942, "max": 9.83839797974, "dmean2": 0.684634804726, "median": 2.49231147766, "dvar": 0.184494063258}, "melbands_flatness_db": {"dvar2": 0.00116439093836, "var": 0.0100254788995, "min": 0.00301629235037, "dmean": 0.0162030681968, "mean": 0.360917270184, "max": 0.713661015034, "dmean2": 0.0236756838858, "median": 0.354012161493, "dvar": 0.000521272828337}, "spectral_decrease": {"dvar2": 2.7394734617e-17, "var": 1.03121185748e-16, "min": -8.53328074868e-08, "dmean": 1.48290990598e-09, "mean": -1.06858122351e-08, "max": 2.65867575104e-28, "dmean2": 2.1480488499e-09, "median": -8.26159762823e-09, "dvar": 1.29546004775e-17}, "erbbands_crest": {"dvar2": 12.1576871872, "var": 36.5430831909, "min": 2.0981900692, "dmean": 1.88440275192, "mean": 12.7408981323, "max": 32.8959121704, "dmean2": 2.90627455711, "median": 10.9969244003, "dvar": 4.77434492111}, "gfcc": {"mean": [-125.672859192, 139.52381897, -87.096031189, 38.8308677673, -25.6114425659, 17.8384361267, -29.8524570465, -5.3809094429, -18.2072544098, -2.34713578224, -14.1369953156, -6.30561113358, -6.95413351059], "cov": [[39806.0039062, 1886.49780273, -3014.89746094, 2025.49694824, -443.183959961, 1431.84570312, -584.32434082, 202.331634521, 186.745620728, 51.151927948, -905.739257812, -91.9975204468, 160.390289307], [1886.49780273, 1843.02648926, 58.2316627502, -248.195373535, 295.71