{"tonal": {"thpcp": [1, 0.612224459648, 0.137687459588, 0.0392893441021, 0.0347045436502, 0.044031817466, 0.044855620712, 0.041613150388, 0.0832778289914, 0.199547454715, 0.22099301219, 0.120356798172, 0.0675222724676, 0.0426625199616, 0.0250445213169, 0.0248531047255, 0.0368361361325, 0.067808367312, 0.0834919661283, 0.116506993771, 0.291120916605, 0.470577389002, 0.401031881571, 0.227516278625, 0.175158172846, 0.207761719823, 0.219085127115, 0.174553796649, 0.1289319098, 0.126640170813, 0.134476825595, 0.131916448474, 0.201626196504, 0.283379495144, 0.333275854588, 0.687881231308], "hpcp": {"dmean2": [0.179994538426, 0.295611053705, 0.422003239393, 0.318992257118, 0.354693055153, 0.158211350441, 0.0622779652476, 0.052752353251, 0.0578398890793, 0.0550181902945, 0.0566388890147, 0.0858200863004, 0.138802781701, 0.14460195601, 0.097000554204, 0.057582475245, 0.040353756398, 0.0323510728776, 0.0323393046856, 0.0448387041688, 0.0614575408399, 0.0696927830577, 0.114309765399, 0.204709112644, 0.212787926197, 0.220319017768, 0.207773849368, 0.195793822408, 0.193138152361, 0.195551350713, 0.189975738525, 0.150588989258, 0.13637574017, 0.131256848574, 0.145000129938, 0.160409122705], "median": [0.0111902151257, 0.0578991919756, 0.277949720621, 0.522002637386, 0.223587736487, 0.0158215984702, 0.000521301000845, 0.00039268124965, 0.000729016726837, 0.00129519891925, 0.00201939279214, 0.00636159582064, 0.0159668661654, 0.0140813486651, 0.00575515953824, 0.00140140159056, 0.000979416421615, 0.000709233165253, 0.000529675162397, 0.000654067320284, 0.00129780406132, 0.00317630590871, 0.0166568327695, 0.0542022325099, 0.0815195813775, 0.0650562569499, 0.0347018316388, 0.0154994148761, 0.00433982210234, 0.000872862176038, 0.000580393651035, 0.0011565531604, 0.00205917726271, 0.00253171753138, 0.00220254366286, 0.00398714607581], "min": [0, 0, 0, 0, 0, 0, 0, 0, 0, 0, 0, 0, 0, 0, 0, 0, 0, 0, 0, 0, 0, 0, 0, 0, 0, 0, 0, 0, 0, 0, 0, 0, 0, 0, 0, 0], "dvar2": [0.102937176824, 0.135145172477, 0.166700303555, 0.146349042654, 0.132784798741, 0.0613490529358, 0.0312583632767, 0.0290306061506, 0.0322212018073, 0.030786594376, 0.0254968348891, 0.0333191528916, 0.0643273741007, 0.0771397054195, 0.0424545779824, 0.025020968169, 0.0148012088612, 0.0113707985729, 0.0125993797556, 0.0224043969065, 0.0324469171464, 0.0344228409231, 0.0439480654895, 0.0863251462579, 0.0877022892237, 0.0976962819695, 0.0966724455357, 0.110661499202, 0.13402928412, 0.141073435545, 0.14982329309, 0.114480637014, 0.100356251001, 0.0928725972772, 0.108388096094, 0.106251455843], "dvar": [0.0365704596043, 0.0481576360762, 0.0570262484252, 0.0570581965148, 0.0472612641752, 0.0218368284404, 0.010914134793, 0.0100300125778, 0.0112439356744, 0.0107627678663, 0.00880457554013, 0.0120114311576, 0.0238236449659, 0.0286283567548, 0.0151672149077, 0.0091129206121, 0.00522542698309, 0.00402807118371, 0.00439901603386, 0.00785018596798, 0.0123290261254, 0.0129702407867, 0.0153809869662, 0.0314024463296, 0.0343527309597, 0.0355503372848, 0.0338764637709, 0.0387623757124, 0.0468748994172, 0.0498281531036, 0.0506425537169, 0.0385691784322, 0.0336120426655, 0.0321243852377, 0.0369514040649, 0.0361297130585], "dmean": [0.100155070424, 0.165327593684, 0.237362727523, 0.181796625257, 0.204681560397, 0.0874200239778, 0.0328632481396, 0.0278127603233, 0.0307909809053, 0.02982676588, 0.0306208580732, 0.0483626462519, 0.0822606235743, 0.0847192183137, 0.0561948157847, 0.0324994251132, 0.0228094216436, 0.0176380965859, 0.0176015421748, 0.0244440119714, 0.0348921939731, 0.0400004722178, 0.0639901459217, 0.119267567992, 0.124069280922, 0.126197263598, 0.116720870137, 0.107982926071, 0.107043482363, 0.107830926776, 0.103426881135, 0.0820955336094, 0.0746458694339, 0.0721544399858, 0.0792958140373, 0.0877809002995], "max": [1, 1, 1, 1, 1, 1, 1, 1, 1, 1, 1, 1, 1, 1, 1, 1, 1, 1, 1, 1, 1, 1, 1, 1, 1, 1, 1, 1, 1, 1, 1, 1, 1, 1, 1, 1], "var": [0.0816619321704, 0.0583227202296, 0.108399085701, 0.172498449683, 0.100309476256, 0.0191019698977, 0.00682206079364, 0.00646543363109, 0.00838472973555, 0.00891898479313, 0.00584914162755, 0.0115737346932, 0.042809329927, 0.0552330464125, 0.0219087935984, 0.0133920675144, 0.00549277476966, 0.0029499954544, 0.00314390449785, 0.00668821530417, 0.0166869070381, 0.0195323806256, 0.0146260242909, 0.0484763719141, 0.107040114701, 0.0880423933268, 0.0373975336552, 0.0358834639192, 0.0600728429854, 0.0687824562192, 0.0532289221883, 0.0349058359861, 0.0325378850102, 0.0374286361039, 0.0377658121288, 0.0482393838465], "mean": [0.148533776402, 0.17468701303, 0.360553950071, 0.524151444435, 0.320898324251, 0.0721690803766, 0.02059356682, 0.0181904360652, 0.0230793412775, 0.0235111378133, 0.0218115933239, 0.0436501950026, 0.104593083262, 0.115833804011, 0.0630851909518, 0.0353918969631, 0.0223616212606, 0.0131271220744, 0.0130267906934, 0.0193077139556, 0.0355418547988, 0.043762434274, 0.0610673092306, 0.152591452003, 0.246653825045, 0.210201442242, 0.119252987206, 0.0918094068766, 0.108898602426, 0.114833787084, 0.0914926230907, 0.0675798505545, 0.0663786306977, 0.0704862251878, 0.0691441968083, 0.10568266362]}, "tuning_equal_tempered_deviation": 0.055521838367, "chords_changes_rate": 0.0279737003148, "key_key": "A#", "tuning_diatonic_strength": 0.680365741253, "key_scale": "minor", "chords_number_rate": 0.00119545729831, "tuning_frequency": 440, "tuning_nontempered_energy_ratio": 0.770718634129, "chords_histogram": [41.4584579468, 0, 0, 0, 0.49013748765, 0, 2.43873286247, 19.4261798859, 2.34309625626, 0, 3.43096232414, 0.215182304382, 0, 0.0119545729831, 0, 7.83024501801, 16.4016742706, 1.9605499506, 0, 0, 1.27913928032, 0, 0.143454864621, 2.57023310661], "key_strength": 0.679378807545, "chords_key": "A#", "chords_strength": {"dmean2": 0.00576820177957, "median": 0.625343680382, "min": -1, "dvar2": 0.000495293585118, "dvar": 0.00025254036882, "dmean": 0.00498433038592, "max": 0.879107832909, "var": 0.0254472475499, "mean": 0.600741922855}, "chords_scale": "minor", "hpcp_entropy": {"dmean2": 0.944531142712, "median": 1.68560159206, "min": 0, "dvar2": 0.575453162193, "dvar": 0.201036274433, "dmean": 0.549274742603, "max": 3.93187665939, "var": 0.386504024267, "mean": 1.66228449345}}, "metadata": {"audio_properties": {"equal_loudness": 0, "codec": "flac", "downmix": "mix", "sample_rate": 44100, "analysis_sample_rate": 44100, "bit_rate": 0, "md5_encoded": "4de477e18f18a45d0e3cfd06c0c13459", "length": 388.414703369, "replay_gain": -8.49031448364, "lossless": true}, "version": {"essentia_build_sha": "70f2e5ece6736b2c40cc944ad0e695b16b925413", "essentia": "2.1-beta2", "extractor": "music 1.0", "essentia_git_sha": "v2.1_beta2"}, "tags": {"title": ["Reality Is Just an Illusion"], "media": ["Digital Media"], "albumartist": ["Dark Matter"], "tracktotal": ["8"], "musicbrainz_releasegroupid": ["636c5c54-7d0f-4542-915d-12619b5c1147"], "releasetype": ["album"], "musicbrainz_recordingid": ["184ce78f-3202-481b-bdcb-88b3955f3591"], "originalyear": ["2013"], "musicbrainz_releasetrackid": ["fa6e1425-f971-4ff7-903e-5520ebd60468"], "discnumber": ["1"], "totaldiscs": ["1"], "album": ["How Cold Is the Sun"], "releasecountry": ["XW"], "file_name": "05_Reality_Is_Just_an_Illusion.flac", "musicbrainz_albumartistid": ["c174e341-0748-4c07-846c-784de838f010"], "albumartistsort": ["Dark Matter"], "date": ["2013-07-09"], "genre": ["Dark Ambient; Germany; Industrial"], "disctotal": ["1"], "musicbrainz_artistid": ["c174e341-0748-4c07-846c-784de838f010"], "originaldate": ["2013-07-09"], "musicbrainz_albumid": ["7140cb71-5910-4e11-9546-bdb9a538a52c"], "tracknumber": ["5"], "artistsort": ["Dark Matter"], "artist": ["Dark Matter"], "label": ["Cryo Chamber"], "releasestatus": ["official"], "acoustid_id": ["b5307c51-1bab-442d-980b-d6dff390fca2"], "script": ["Latn"], "totaltracks": ["8"]}}, "rhythm": {"bpm_histogram_first_peak_bpm": {"dmean2": 0, "median": 117, "min": 117, "dvar2": 0, "dvar": 0, "dmean": 0, "max": 117, "var": 0, "mean": 117}, "bpm": 117.43006134, "bpm_histogram_second_peak_spread": {"dmean2": 0, "median": 0.307692289352, "min": 0.307692289352, "dvar2": 0, "dvar": 0, "dmean": 0, "max": 0.307692289352, "var": 0, "mean": 0.307692289352}, "bpm_histogram_first_peak_weight": {"dmean2": 0, "median": 0.106832295656, "min": 0.106832295656, "dvar2": 0, "dvar": 0, "dmean": 0, "max": 0.106832295656, "var": 0, "mean": 0.106832295656}, "onset_rate": 0.725990176201, "beats_position": [0.615328788757, 1.24226760864, 1.8575963974, 2.47292518616, 3.08825397491, 3.70358276367, 4.31891155243, 4.94585037231, 5.5727891922, 6.19972801208, 6.82666635513, 7.44199514389, 8.06893444061, 8.70748329163, 9.27637195587, 9.84526062012, 10.4025392532, 10.95981884, 11.5170974731, 12.1208162308, 12.7361450195, 13.3514738083, 13.966802597, 14.5821313858, 15.2090702057, 15.8360090256, 16.4165077209, 17.0086174011, 17.600725174, 18.1928348541, 18.784942627, 19.3770523071, 19.96916008, 20.5612697601, 21.153377533, 21.7570972443, 22.3608150482, 22.9413146973, 23.5218143463, 24.1371421814, 24.7524719238, 25.2633094788, 25.7857589722, 26.3082084656, 26.7493877411, 27.1905670166, 27.6317462921, 28.0613155365, 28.4908847809, 28.9204521179, 29.3500213623, 29.7795906067, 30.2091598511, 30.6387290955, 31.0682983398, 31.4514274597, 31.8345565796, 32.2176856995, 32.6008148193, 33.053604126, 33.5063934326, 33.9707946777, 34.4351921082, 34.8995895386, 35.3523788452, 35.8051681519, 36.2463493347, 36.6991386414, 37.1403160095, 37.5350570679, 37.94140625, 38.3361434937, 38.730884552, 39.1256217957, 39.520362854, 39.9151000977, 40.309841156, 40.7045783997, 41.099319458, 41.4940567017, 41.9584579468, 42.4112472534, 42.8640365601, 43.3864860535, 43.9089317322, 44.4197731018, 44.9422225952, 45.4646720886, 45.9755096436, 46.497959137, 47.0204086304, 47.5428581238, 48.1349639893, 48.7154655457, 49.2959632874, 49.8880729675, 50.4685707092, 51.0839004517, 51.6992263794, 52.3145561218, 52.9298858643, 53.5452156067, 54.1605415344, 54.7758712769, 55.3563690186, 55.9136505127, 56.4825401306, 57.0514259338, 57.608707428, 58.1659851074, 58.7232627869, 59.280544281, 59.8378219604, 60.3834915161, 61.0452613831, 61.7186393738, 62.380405426, 63.042175293, 63.7039451599, 64.3657150269, 65.0390930176, 65.7124710083, 66.3974609375, 67.0708389282, 67.7326049805, 68.4059829712, 69.0793609619, 69.7527389526, 70.4029006958, 71.064666748, 71.7032165527, 72.3301544189, 72.9919281006, 73.6536941528, 74.2922439575, 74.8495254517, 75.4067993164, 75.9640808105, 76.5213623047, 77.0670318604, 77.6243057251, 78.1699752808, 78.7156448364, 79.2613143921, 79.8069839478, 80.3178253174, 80.8286590576, 81.3395004272, 81.861946106, 82.3843994141, 82.9068450928, 83.4060745239, 83.8936920166, 84.3813171387, 84.8689346313, 85.356552124, 85.8441696167, 86.4014511108, 86.9471206665, 87.4927902222, 88.0500640869, 88.6073455811, 89.1530151367, 89.6290206909, 90.0818099976, 90.5345993042, 90.9757843018, 91.4053497314, 91.8349151611, 92.2761001587, 92.7172775269, 93.158454895, 93.5996322632, 94.0524215698, 94.5052108765, 94.9580001831, 95.2946929932, 95.6313781738, 95.9680709839, 96.3047637939, 96.6414489746, 96.9897460938, 97.3148269653, 97.6515197754, 97.9882049561, 98.3132858276, 98.6499786377, 98.9866638184, 99.3349609375, 99.7529220581, 100.170883179, 100.577232361, 100.983581543, 101.366706848, 101.749839783, 102.121360779, 102.504486084, 102.899223328, 103.293968201, 103.677093506, 104.06022644, 104.443351746, 104.814872742, 105.186393738, 105.569519043, 105.964263916, 106.35900116, 106.742126465, 107.160087585, 107.589660645, 108.007614136, 108.437187195, 108.855148315, 109.273101807, 109.691062927, 110.132240295, 110.561813354, 110.991378784, 111.432563782, 111.87374115, 112.314918518, 112.744483948, 113.174057007, 113.603622437, 114.033195496, 114.462760925, 114.892333984, 115.321899414, 115.751472473, 116.146209717, 116.529342651, 116.912467957, 117.283988953, 117.655509949, 118.038635254, 118.421768188, 118.793289185, 119.164802551, 119.536323547, 119.907844543, 120.27936554, 120.662490845, 121.045623779, 121.417137146, 121.788658142, 122.264671326, 122.763900757, 123.25151825, 123.739135742, 124.226753235, 124.714370728, 125.178771973, 125.631561279, 126.095962524, 126.56036377, 127.024757385, 127.477546692, 127.988388062, 128.499221802, 129.010070801, 129.520904541, 130.031738281, 130.554199219, 131.065032959, 131.587478638, 132.098312378, 132.609161377, 133.119995117, 133.630844116, 134.141677856, 134.640899658, 135.140136719, 135.650970459, 136.161804199, 136.649429321, 137.078994751, 137.520172119, 137.961364746, 138.402542114, 138.832107544, 139.273284912, 139.760910034, 140.248519897, 140.747756958, 141.24697876, 141.74621582, 142.257049561, 142.756271362, 143.267120361, 143.777954102, 144.288803101, 144.799636841, 145.310470581, 145.844528198, 146.366973877, 146.889434814, 147.411880493, 147.934326172, 148.468383789, 148.990829468, 149.513290405, 150.024124146, 150.534957886, 151.045806885, 151.556640625, 152.067474365, 152.566711426, 153.065933228, 153.565170288, 154.06439209, 154.56362915, 155.062850952, 155.550476074, 156.061309814, 156.572158813, 157.082992554, 157.593826294, 158.104675293, 158.615509033, 159.126342773, 159.637191772, 160.148025513, 160.670471191, 161.19291687, 161.703765869, 162.226211548, 162.748657227, 163.271102905, 163.793563843, 164.32762146, 164.850067139, 165.372512817, 165.883346558, 166.394195557, 166.916641235, 167.439086914, 167.949935913, 168.460769653, 168.971603394, 169.517272949, 170.062942505, 170.620223999, 171.177505493, 171.734786987, 172.292053223, 172.860946655, 173.429840088, 173.998733521, 174.567611694, 175.124893188, 175.635726929, 176.146575928, 176.657409668, 177.168243408, 177.667480469, 178.166702271, 178.665939331, 179.165161133, 179.664398193, 180.1171875, 180.569976807, 181.022766113, 181.521987915, 182.021224976, 182.520446777, 183.019683838, 183.51890564, 184.0181427, 184.52897644, 185.028198242, 185.527435303, 186.015060425, 186.502670288, 186.99029541, 187.477905273, 187.953918457, 188.429931641, 188.917541504, 189.405166626, 189.88117981, 190.380401611, 190.879638672, 191.390472412, 191.901306152, 192.400543213, 192.911376953, 193.422225952, 193.933059692, 194.432281494, 194.931518555, 195.442352295, 195.964797974, 196.487258911, 196.998092651, 197.52053833, 198.03137207, 198.553833008, 199.064666748, 199.529067993, 199.993469238, 200.457870483, 200.852600098, 201.235733032, 201.618865967, 202.001998901, 202.385116577, 202.768249512, 203.151382446, 203.546112061, 203.929244995, 204.31237793, 204.707122803, 205.07862854, 205.450149536, 205.833282471, 206.216415405, 206.59954834, 206.982666016, 207.36579895, 207.748931885, 208.143676758, 208.538406372, 208.933151245, 209.327880859, 209.757461548, 210.187026978, 210.628204346, 211.115829468, 211.61505127, 212.11428833, 212.613510132, 213.112747192, 213.611968994, 214.111190796, 214.598815918, 215.098052979, 215.59727478, 216.096496582, 216.607345581, 217.12979126, 217.640625, 218.139862061, 218.662307739, 219.173141479, 219.695602417, 220.194824219, 220.694061279, 221.193283081, 221.704116821, 222.21496582, 222.725799561, 223.259857178, 223.793914795, 224.316360474, 224.827209473, 225.326431274, 225.837280273, 226.255233765, 226.673187256, 227.091156006, 227.520721436, 227.950286865, 228.391464233, 228.832641602, 229.273834229, 229.703399658, 230.132965088, 230.597366333, 231.061767578, 231.514556885, 231.967346191, 232.40852356, 232.849700928, 233.290878296, 233.801712036, 234.324172974, 234.823394775, 235.322631836, 235.821853638, 236.332687378, 236.843536377, 237.354370117, 237.865203857, 238.376052856, 238.898498535, 239.467391968, 240.036270142, 240.605163574, 241.174057007, 241.742950439, 242.277008057, 242.811065674, 243.345123291, 243.86756897, 244.390014648, 244.924072266, 245.434921265, 245.945755005, 246.456588745, 246.967437744, 247.489883423, 248.000717163, 248.476730347, 248.941131592, 249.405532837, 249.869934082, 250.334320068, 250.798721313, 251.228302002, 251.657867432, 252.0990448, 252.540222168, 252.981399536, 253.422576904, 253.863754272, 254.258499146, 254.653244019, 255.047973633, 255.442718506, 255.849060059, 256.255401611, 256.650146484, 257.044891357, 257.43963623, 257.834381104, 258.229125977, 258.612243652, 258.995361328, 259.378509521, 259.761627197, 260.15637207, 260.551116943, 260.945831299, 261.340576172, 261.723724365, 262.118438721, 262.501586914, 262.896331787, 263.291046143, 263.685791016, 264.080535889, 264.463653564, 264.858398438, 265.253143311, 265.647888184, 266.054229736, 266.472198486, 266.878540039, 267.284881592, 267.726074219, 268.167236328, 268.596832275, 269.026397705, 269.467559814, 269.908752441, 270.349914551, 270.791107178, 271.220672607, 271.661865234, 272.091430664, 272.532592773, 272.9737854, 273.426574707, 273.763275146, 274.088348389, 274.413421631, 274.738494873, 275.075195312, 275.411865234, 275.736968994, 276.062042236, 276.398712158, 276.735412598, 277.072113037, 277.408782959, 277.745483398, 278.082183838, 278.41885376, 278.743927002, 279.080627441, 279.440551758, 279.800445557, 280.160369873, 280.520263672, 280.868560791, 281.21685791, 281.565155029, 281.901855469, 282.238555908, 282.57522583, 282.91192627, 283.248626709, 283.585296631, 283.92199707, 284.258666992, 284.595367432, 284.943664551, 285.28036499, 285.628662109, 285.976959229, 286.336853027, 286.696777344, 287.033477783, 287.370147705, 287.695220947, 288.031921387, 288.368621826, 288.705291748, 289.053588867, 289.401885986, 289.738586426, 290.075286865, 290.411956787, 290.748657227, 291.085357666, 291.514923096, 291.944488525, 292.385650635, 292.803619385, 293.221588135, 293.639526367, 294.057495117, 294.475463867, 294.893432617, 295.31137085, 295.740936279, 296.182128906, 296.634918213, 297.076080322, 297.610168457, 298.155822754, 298.689880371, 299.212341309, 299.723175049, 300.245605469, 300.768066406, 301.278900146, 301.801361084, 302.335418701, 302.857849121, 303.438354492, 304.018859863, 304.587738037, 305.156646729, 305.713928223, 306.306030273, 306.886535645, 307.467010498, 308.12878418, 308.778961182, 309.429107666, 310.07925415, 310.752655029, 311.426025391, 312.099395752, 312.761169434, 313.434539795, 314.049865723, 314.676818848, 315.303771973, 315.93069458, 316.557647705, 317.184570312, 317.811523438, 318.450073242, 319.088623047, 319.703948975, 320.319274902, 320.922973633, 321.549926758, 322.165252686, 322.850250244, 323.535217285, 324.220214844, 324.893585205, 325.578582764, 326.251953125, 326.925354004, 327.656768799, 328.399810791, 329.154449463, 329.885894775, 330.628936768, 331.360351562, 332.103393555, 332.846435547, 333.577850342, 334.320892334, 335.063934326, 335.806976318, 336.526794434, 337.246612549, 337.91998291, 338.593383789, 339.255126953, 339.916900635, 340.567077637, 341.217224121, 341.797729492, 342.389831543, 342.981933594, 343.504394531, 344.026855469, 344.537689209, 345.048522949, 345.559356689, 346.07019043, 346.592651367, 347.115081787, 347.649139404, 348.171600342, 348.682434082, 349.193267822, 349.646057129, 350.122070312, 350.598083496, 351.0625, 351.526885986, 351.991271973, 352.4324646, 352.885253906, 353.349639893, 353.814056396, 354.29006958, 354.754455566, 355.24206543, 355.729705811, 356.217315674, 356.704925537, 357.180938721, 357.656951904, 358.144561768, 358.608978271, 359.073364258, 359.537780762, 359.990570068, 360.454956055, 360.919372559, 361.337310791, 361.766876221, 362.208068848, 362.602813721, 362.96270752, 363.345855713, 363.728973389, 364.112091064, 364.495239258, 364.878356934, 365.273101807, 365.679443359, 366.074188232, 366.480529785, 366.875274658, 367.328063965, 367.792449951, 368.245239258, 368.686431885, 369.127624512, 369.568786621, 370.009979248, 370.393096924, 370.7762146, 371.159362793, 371.542480469, 371.914001465, 372.285522461, 372.668640137, 373.040161133, 373.411682129, 373.794830322, 374.177947998, 374.572692871, 374.967437744, 375.35055542, 375.733703613, 376.116821289, 376.523162842, 376.917907715, 377.324249268, 377.718994141, 378.113739014, 378.508483887, 378.903198242, 379.274719238, 379.646240234, 380.029388428, 380.400909424, 380.7840271, 381.155548096, 381.527069092, 381.898590088, 382.270111084, 382.64163208, 383.013153076, 383.396270752, 383.767791748, 384.150909424, 384.534057617, 384.92880249, 385.311920166, 385.683441162, 386.054962158, 386.438079834, 386.821228027, 387.204345703, 387.575866699], "beats_loudness": {"dmean2": 0.0359504893422, "median": 0.0447139441967, "min": 6.85402790079e-10, "dvar2": 0.00112177268602, "dvar": 0.000379324279493, "dmean": 0.0213001985103, "max": 0.166544660926, "var": 0.000713966204785, "mean": 0.0493846312165}, "danceability": 0.995904028416, "bpm_histogram_second_peak_weight": {"dmean2": 0, "median": 0.0782608687878, "min": 0.0782608687878, "dvar2": 0, "dvar": 0, "dmean": 0, "max": 0.0782608687878, "var": 0, "mean": 0.0782608687878}, "beats_count": 806, "bpm_histogram_second_peak_bpm": {"dmean2": 0, "median": 157, "min": 157, "dvar2": 0, "dvar": 0, "dmean": 0, "max": 157, "var": 0, "mean": 157}, "bpm_histogram_first_peak_spread": {"dmean2": 0, "median": 0.542553186417, "min": 0.542553186417, "dvar2": 0, "dvar": 0, "dmean": 0, "max": 0.542553186417, "var": 0, "mean": 0.542553186417}, "beats_loudness_band_ratio": {"dmean2": [0.312653750181, 0.281491756439, 0.172447219491, 0.0642746016383, 0.00379225541838, 0.00288247154094], "median": [0.612345337868, 0.205382764339, 0.0780210494995, 0.0264970213175, 0.00189786998089, 0.00191700947471], "min": [3.44453510479e-05, 1.8836375168e-11, 2.19888690589e-12, 2.66251267995e-13, 3.52060774197e-14, 3.69190524777e-14], "dvar2": [0.0648592412472, 0.0597576312721, 0.0368982739747, 0.00755152199417, 3.76610951207e-05, 2.04063417186e-05], "dvar": [0.023384898901, 0.0208371728659, 0.0129932584241, 0.00269258953631, 1.32330478664e-05, 7.42217571315e-06], "dmean": [0.186700716615, 0.165775224566, 0.0993171930313, 0.0362121649086, 0.00216822372749, 0.00170227314811], "max": [1, 0.902127146721, 0.984128892422, 0.410067230463, 0.0463048368692, 0.0279817339033], "var": [0.0634197369218, 0.0367000810802, 0.0358190461993, 0.00331042567268, 2.06565837289e-05, 1.86089328054e-05], "mean": [0.566883563995, 0.25748744607, 0.151411190629, 0.0462231226265, 0.00330901239067, 0.00329529610462]}}, "lowlevel": {"barkbands_spread": {"dmean2": 2.84978604317, "median": 5.75317811966, "min": 0.00306497886777, "dvar2": 10.1914329529, "dvar": 3.76232933998, "dmean": 1.72448050976, "max": 63.2655601501, "var": 21.4600334167, "mean": 6.70273447037}, "melbands_spread": {"dmean2": 3.51926159859, "median": 5.73438310623, "min": 1.48188545879e-08, "dvar2": 19.648935318, "dvar": 8.08079147339, "dmean": 2.12379622459, "max": 130.621322632, "var": 33.6394119263, "mean": 7.21683216095}, "hfc": {"dmean2": 5.80239677429, "median": 12.1068201065, "min": 1.16287591612e-16, "dvar2": 34.1249961853, "dvar": 12.1894388199, "dmean": 3.48205542564, "max": 70.0739822388, "var": 49.2270393372, "mean": 13.182806015}, "barkbands_kurtosis": {"dmean2": 8.30467891693, "median": 5.65422153473, "min": -1.71130394936, "dvar2": 698.972167969, "dvar": 238.247390747, "dmean": 4.89972305298, "max": 1331.65612793, "var": 895.928222656, "mean": 11.5914516449}, "gfcc": {"mean": [-91.3871307373, 181.32333374, -82.1803894043, 20.3101348877, -45.0327796936, -0.290179908276, -22.937877655, 0.935917615891, -17.9167118073, -15.9301195145, 0.587450742722, -16.0950489044, -4.61775588989], "icov": [[0.000387789303204, -0.00117988325655, 0.000905555032659, -0.000673636328429, 0.000508740718942, -0.000930430775043, 0.00107689632569, -0.00108694343362, 0.00129347993061, -0.00133540015668, 0.00120854843408, -0.000485797325382, 0.000563808192965], [-0.00117988325655, 0.00645764591172, -0.00306590343826, 0.00300950510427, -0.00246208300814, 0.00462645292282, -0.00366922258399, 0.00406179344282, -0.00605665240437, 0.00843913387507, -0.00660167215392, 0.003645791905, -0.00307519291528], [0.000905555032659, -0.00306590343826, 0.00579169951379, -0.0023089768365, 0.00107908225618, -0.00151113036554, 0.000707625818904, -0.00110484124161, 0.00232487171888, -0.00414772285149, 0.00663970690221, -0.0046301134862, 0.000385725114029], [-0.000673636328429, 0.00300950510427, -0.0023089768365, 0.00456956913695, -0.00138517096639, -0.000935123884119, 0.000624686421361, -0.000900129729416, -0.00284223118797, 0.0063263643533, -0.00450636120513, 0.00382412411273, -0.000749251688831], [0.000508740718942, -0.00246208300814, 0.00107908225618, -0.00138517096639, 0.00475838128477, 0.00049694214249, -0.00243007554673, 0.000546037917957, 0.00193031982053, -0.00288771628402, 0.00601468142122, -0.00308131263591, 0.00357662164606], [-0.000930430775043, 0.00462645292282, -0.00151113036554, -0.000935123884119, 0.00049694214249, 0.0135252466425, -0.00752159534022, 0.00307253771462, -0.001657550456, 0.000185683689779, -0.000283752044197, 0.000285954622086, -0.000927894609049], [0.00107689632569, -0.00366922258399, 0.000707625818904, 0.000624686421361, -0.00243007554673, -0.00752159534022, 0.019499592483, -0.0140803717077, 0.00555074354634, 0.00288276560605, -0.00855104718357, 0.00863380357623, -0.00110406288877], [-0.00108694343362, 0.00406179344282, -0.00110484124161, -0.000900129729416, 0.000546037917957, 0.00307253771462, -0.0140803717077, 0.0237181596458, -0.00743982940912, 0.00290764053352, 0.00401038955897, -0.00552598526701, 0.000974018650595], [0.00129347993061, -0.00605665240437, 0.00232487171888, -0.00284223118797, 0.00193031982053, -0.001657550456, 0.00555074354634, -0.00743982940912, 0.0159898921847, -0.0157280508429, 0.00946299172938, 0.000815721286926, -0.00295870704576], [-0.00133540015668, 0.00843913387507, -0.00414772285149, 0.0063263643533, -0.00288771628402, 0.000185683689779, 0.00288276560605, 0.00290764053352, -0.0157280508429, 0.036109033972, -0.0233897063881, 0.00331017235294, 0.00803064182401], [0.00120854843408, -0.00660167215392, 0.00663970690221, -0.00450636120513, 0.00601468142122, -0.000283752044197, -0.00855104718357, 0.00401038955897, 0.00946299172938, -0.0233897063881, 0.0294729731977, -0.0129323098809, 0.00333334435709], [-0.000485797325382, 0.003645791905, -0.0046301134862, 0.00382412411273, -0.00308131263591, 0.000285954622086, 0.00863380357623, -0.00552598526701, 0.000815721286926, 0.00331017235294, -0.0129323098809, 0.0275594014674, -0.016953766346], [0.000563808192965, -0.00307519291528, 0.000385725114029, -0.000749251688831, 0.00357662164606, -0.000927894609049, -0.00110406288877, 0.000974018650595, -0.00295870704576, 0.00803064182401, 0.00333334435709, -0.016953766346, 0.0272240210325]], "cov": [[13482.3134766, -1802.17333984, -1926.33569336, 1827.42895508, -1337.64135742, 1303.28540039, -7.69003295898, 358.944702148, -621.002563477, 448.350830078, 413.898742676, -497.761749268, -758.605895996], [-1802.17333984, 2107.13818359, 684.999328613, -820.009155273, 784.903808594, -746.632873535, 31.6748638153, -151.235641479, 254.643356323, -432.985656738, -287.217895508, 121.714279175, 387.561340332], [-1926.33569336, 684.999328613, 799.252990723, -179.122558594, 379.965545654, -297.447814941, -54.458480835, -26.1066017151, 152.320526123, -263.407409668, -293.584686279, 139.128860474, 256.529998779], [1827.42895508, -820.009155273, -179.122558594, 977.299438477, -198.084213257, 439.291107178, 81.5905532837, 180.335632324, -138.215118408, 3.59828948975, -27.0700778961, -157.054275513, -173.75881958], [-1337.64135742, 784.903808594, 379.965545654, -198.084213257, 739.163146973, -282.572479248, 104.869194031, -14.6517381668, 68.2415390015, -255.573852539, -244.822357178, -1.52146947384, 115.401275635], [1303.28540039, -746.632873535, -297.447814941, 439.291107178, -282.572479248, 426.664855957, 87.5098495483, 100.337005615, -134.907653809, 132.941925049, 112.575622559, -97.2133483887, -171.601257324], [-7.69003295898, 31.6748638153, -54.458480835, 81.5905532837, 104.869194031, 87.5098495483, 235.648178101, 80.0143890381, -76.8613510132, -40.3344459534, 32.9248428345, -77.5762023926, -46.1438140869], [358.944702148, -151.235641479, -26.1066017151, 180.335632324, -14.6517381668, 100.337005615, 80.0143890381, 118.8540802, -16.7051486969, -15.7715358734, -22.7643947601, -33.9709968567, -30.378030777], [-621.002563477, 254.643356323, 152.320526123, -138.215118408, 68.2415390015, -134.907653809, -76.8613510132, -16.7051486969, 213.138534546, 3.39590787888, -65.8962402344, 37.1194992065, 72.926864624], [448.350830078, -432.985656738, -263.407409668, 3.59828948975, -255.573852539, 132.941925049, -40.3344459534, -15.7715358734, 3.39590787888, 259.195404053, 200.522521973, -15.8202209473, -127.821060181], [413.898742676, -287.217895508, -293.584686279, -27.0700778961, -244.822357178, 112.575622559, 32.9248428345, -22.7643947601, -65.8962402344, 200.522521973, 269.777374268, -0.0198066011071, -98.8068161011], [-497.761749268, 121.714279175, 139.128860474, -157.054275513, -1.52146947384, -97.2133483887, -77.5762023926, -33.9709968567, 37.1194992065, -15.8202209473, -0.0198066011071, 144.071060181, 111.143066406], [-758.605895996, 387.561340332, 256.529998779, -173.75881958, 115.401275635, -171.601257324, -46.1438140869, -30.378030777, 72.926864624, -127.821060181, -98.8068161011, 111.143066406, 192.953445435]]}, "spectral_energyband_middle_low": {"dmean2": 0.0125431744382, "median": 0.0173078998923, "min": 2.13287566741e-22, "dvar2": 0.000217038570554, "dvar": 7.86751043051e-05, "dmean": 0.00768840266392, "max": 0.161952644587, "var": 0.000311958719976, "mean": 0.0222573522478}, "melbands_crest": {"dmean2": 5.61490297318, "median": 17.6301746368, "min": 1.88595330715, "dvar2": 22.727230072, "dvar": 7.88011980057, "dmean": 3.33109736443, "max": 40, "var": 31.1451587677, "mean": 18.2470588684}, "spectral_kurtosis": {"dmean2": 29.1013774872, "median": 9.96870326996, "min": -1.34814250469, "dvar2": 5705.64208984, "dvar": 1694.02709961, "dmean": 16.2340240479, "max": 893.566040039, "var": 5366.69921875, "mean": 46.6281166077}, "spectral_rms": {"dmean2": 0.0016158799408, "median": 0.00664827413857, "min": 3.26964757352e-12, "dvar2": 2.19154298975e-06, "dvar": 7.75375099238e-07, "dmean": 0.000965478946455, "max": 0.0150266997516, "var": 4.14869100496e-06, "mean": 0.00673645921052}, "zerocrossingrate": {"dmean2": 0.00382498162799, "median": 0.017578125, "min": 0, "dvar2": 2.30779878621e-05, "dvar": 1.92686147784e-05, "dmean": 0.00283616455272, "max": 0.50244140625, "var": 0.000147107610246, "mean": 0.0195074323565}, "silence_rate_60dB": {"dmean2": 0.000956537318416, "median": 0, "min": 0, "dvar2": 0.00107521598693, "dvar": 0.000477783760289, "dmean": 0.000478240079246, "max": 1, "var": 0.0171505268663, "mean": 0.0174547191709}, "erbbands_kurtosis": {"dmean2": 3.32662296295, "median": 1.15106678009, "min": -1.82074546814, "dvar2": 43.5414543152, "dvar": 19.6990413666, "dmean": 2.01686835289, "max": 319.890258789, "var": 584.006103516, "mean": 4.66373491287}, "erbbands": {"dmean2": [0.106451295316, 2.20052051544, 13.3401012421, 11.550485611, 15.6260280609, 28.321308136, 16.0671081543, 36.7458381653, 29.1063976288, 14.5692529678, 12.8421478271, 69.9009780884, 25.4864597321, 21.3986759186, 5.38901615143, 3.20257925987, 50.6316490173, 15.0314264297, 2.49384880066, 0.775559365749, 1.66795277596, 0.663146197796, 2.64568328857, 0.883505046368, 2.02806997299, 0.910628855228, 0.398651152849, 0.144524097443, 0.152058809996, 0.160114809871, 0.160631716251, 0.161575958133, 0.0753364562988, 0.0296007748693, 0.00661725969985, 0.000913403811865, 0.000139156269142, 2.55934955931e-05, 1.23769377751e-05, 2.61079239863e-05], "median": [0.0874737352133, 1.83475875854, 9.84300899506, 9.71933269501, 7.92380142212, 17.3688430786, 11.7577610016, 11.0094509125, 10.3097772598, 7.48616456985, 4.18675136566, 14.5007152557, 12.8009290695, 7.69955062866, 2.58169651031, 1.80045497417, 5.79523801804, 3.97033882141, 1.02089762688, 0.441935837269, 0.608065545559, 0.651389658451, 1.54869353771, 0.930730044842, 1.28224742413, 1.04942703247, 0.400209188461, 0.0949631929398, 0.0756739601493, 0.0725875124335, 0.0850348174572, 0.0783219859004, 0.0312830284238, 0.00919249653816, 0.00199760892428, 0.00041738859727, 8.79080980667e-05, 1.3352413589e-05, 3.28136920871e-05, 5.17251355632e-05], "min": [1.45267910232e-21, 6.95535868197e-21, 5.17657745661e-21, 5.40675823351e-21, 1.42477983103e-20, 1.29348080617e-19, 1.46267917875e-19, 3.54922211138e-19, 3.54630785069e-19, 1.92390849671e-19, 3.79165944314e-19, 1.7909558344e-18, 3.22393395588e-18, 1.9278066629e-18, 2.49070348333e-18, 3.91605417238e-18, 7.72606048151e-18, 6.78409615125e-18, 3.54137444212e-18, 6.58012830145e-18, 1.14569709533e-17, 7.48964233627e-18, 1.20803020029e-17, 1.21021627321e-17, 8.01417906939e-18, 1.48367085134e-17, 1.5740560497e-17, 1.71398705064e-17, 1.17161903321e-17, 1.28476063196e-17, 1.80696364041e-17, 1.49456581263e-17, 1.94581533609e-17, 1.13922225637e-17, 7.2696991473e-18, 5.19206174453e-18, 2.96966938893e-18, 1.21410995711e-18, 3.31707102904e-19, 3.28355741878e-20], "dvar2": [0.0279501061887, 7.51387453079, 293.051300049, 295.764984131, 1179.15454102, 2543.85693359, 676.47857666, 5644.34130859, 5984.57568359, 714.046813965, 2055.4519043, 21879.0390625, 2020.7052002, 2208.56616211, 150.331512451, 44.8483123779, 11349.1669922, 978.794555664, 48.7521209717, 3.302339077, 20.9761638641, 1.07818567753, 24.7974491119, 2.70430254936, 16.9110221863, 2.25252628326, 0.480019122362, 0.182825222611, 0.219914764166, 0.35302644968, 0.332303464413, 0.341050356627, 0.0829404368997, 0.0146263167262, 0.000748418620788, 6.04251727054e-06, 5.46052056905e-08, 1.68345970497e-09, 1.49430134933e-10, 7.38006655787e-10], "dvar": [0.0111101185903, 2.86873912811, 103.681900024, 92.9117279053, 430.350189209, 930.025939941, 366.875793457, 2065.43774414, 2223.67993164, 280.006134033, 923.704406738, 7942.52880859, 824.023620605, 958.969055176, 58.3752746582, 17.7771396637, 4082.74560547, 346.169921875, 16.4942569733, 1.13922226429, 8.00913619995, 0.402135759592, 9.05489635468, 1.01060009003, 6.50372362137, 0.784156858921, 0.171600624919, 0.0631926506758, 0.0736754089594, 0.116921566427, 0.110620491207, 0.113735809922, 0.0283282548189, 0.00508174486458, 0.000262315268628, 2.10944062928e-06, 1.92697822143e-08, 5.85937853792e-10, 5.23697751831e-11, 2.61159927017e-10], "dmean": [0.065833941102, 1.32263970375, 7.92963790894, 6.64311408997, 9.6034860611, 18.2966995239, 10.6766853333, 22.3155136108, 18.0893096924, 9.19245910645, 8.0869846344, 41.4207000732, 16.0829181671, 13.9818964005, 3.28053736687, 1.94481813908, 29.6877613068, 8.83206176758, 1.45470380783, 0.454532325268, 1.00613558292, 0.400306284428, 1.55912721157, 0.522549211979, 1.23065447807, 0.533651471138, 0.235065534711, 0.0847655162215, 0.089065246284, 0.0929923579097, 0.0936175584793, 0.094331599772, 0.0437769927084, 0.0172945801169, 0.00395395001397, 0.00053867069073, 8.18953849375e-05, 1.50425757965e-05, 7.35359435566e-06, 1.55559464474e-05], "max": [2.49838972092, 31.4771118164, 178.194381714, 216.249603271, 460.966766357, 856.414733887, 885.459655762, 847.730102539, 2357.60351562, 633.868347168, 1080.79431152, 1723.5111084, 618.402404785, 951.061889648, 255.391784668, 127.576278687, 1139.2088623, 347.435089111, 99.8982391357, 23.1119556427, 84.8721084595, 15.0165557861, 90.6116867065, 35.3751792908, 61.059047699, 22.5716724396, 12.8543748856, 9.41616153717, 10.0893373489, 13.2070875168, 11.8810939789, 10.4941320419, 6.16987419128, 2.60263156891, 0.660989463329, 0.0521430186927, 0.00529438909143, 0.000750466308091, 0.000135822308948, 0.000253474310739], "var": [0.0721878781915, 8.20656013489, 382.087554932, 323.777099609, 985.931518555, 3223.15576172, 1630.50354004, 4259.96435547, 26053.9042969, 2215.79467773, 1710.46826172, 12502.7734375, 1940.89978027, 2295.83203125, 104.820991516, 46.2043685913, 7262.04345703, 618.882080078, 29.9447174072, 2.75939631462, 19.631439209, 1.73226416111, 19.6245880127, 3.55026936531, 22.5927963257, 4.07320690155, 0.812987089157, 0.455514431, 0.674602091312, 1.07489407063, 1.38338303566, 1.26256501675, 0.403928697109, 0.0585096776485, 0.00188061187509, 2.50128996413e-05, 3.15286399655e-07, 1.13144542624e-08, 5.22598131436e-10, 9.85167614154e-10], "mean": [0.191651672125, 2.69050574303, 16.9498329163, 15.5649681091, 18.4909000397, 38.0761108398, 23.9340438843, 35.6163063049, 51.475315094, 21.6576595306, 13.5694265366, 57.8824005127, 27.4603748322, 23.9729194641, 5.49220085144, 3.8668191433, 45.6353759766, 14.5295734406, 2.60603260994, 0.972730696201, 1.94311785698, 1.09462559223, 3.0157752037, 1.47708106041, 3.06505513191, 1.67699599266, 0.672343492508, 0.285373628139, 0.312479943037, 0.34699934721, 0.397755980492, 0.381532758474, 0.200831249356, 0.0755923762918, 0.0151073206216, 0.00253785261884, 0.000453695480246, 8.82345048012e-05, 3.76604002668e-05, 5.71738964936e-05]}, "spectral_strongpeak": {"dmean2": 0.731614053249, "median": 0.774383485317, "min": 0, "dvar2": 0.996444046497, "dvar": 0.371840655804, "dmean": 0.428279340267, "max": 6.72868680954, "var": 0.783369839191, "mean": 1.00466775894}, "spectral_energy": {"dmean2": 0.0238667223603, "median": 0.0453045405447, "min": 1.09578602917e-20, "dvar2": 0.000624372798484, "dvar": 0.000220936053665, "dmean": 0.0142210097983, "max": 0.231446743011, "var": 0.000822856265586, "mean": 0.0507666878402}, "average_loudness": 0.817531883717, "spectral_rolloff": {"dmean2": 224.958023071, "median": 366.064453125, "min": 21.533203125, "dvar2": 122998.859375, "dvar": 68154.6328125, "dmean": 123.867034912, "max": 18949.21875, "var": 128274.765625, "mean": 450.252410889}, "spectral_centroid": {"dmean2": 119.526138306, "median": 434.63168335, "min": 139.830673218, "dvar2": 64411.3710938, "dvar": 30178.1777344, "dmean": 73.0893707275, "max": 11204.3164062, "var": 178233.65625, "mean": 496.684753418}, "pitch_salience": {"dmean2": 0.111975982785, "median": 0.447602272034, "min": 1.63443019119e-05, "dvar2": 0.00897590536624, "dvar": 0.00320971454494, "dmean": 0.0669265985489, "max": 0.788578867912, "var": 0.0129561452195, "mean": 0.444598317146}, "spectral_energyband_middle_high": {"dmean2": 0.0016597439535, "median": 0.00134484365117, "min": 1.49653754722e-21, "dvar2": 6.69124392516e-06, "dvar": 2.47501020567e-06, "dmean": 0.00101821497083, "max": 0.0291051417589, "var": 5.45610419067e-06, "mean": 0.00211139163002}, "spectral_contrast_coeffs": {"dmean2": [0.0818468332291, 0.0827717632055, 0.0732613801956, 0.0523667559028, 0.0308309420943, 0.0234024878591], "median": [-0.593966841698, -0.641279816628, -0.637728512287, -0.738113641739, -0.770402491093, -0.822024106979], "min": [-0.971447706223, -0.973419964314, -0.977692842484, -0.993916928768, -0.986117720604, -0.965206980705], "dvar2": [0.00421181740239, 0.00428875396028, 0.00356887211092, 0.0018723505782, 0.000631953880657, 0.000510152021889], "dvar": [0.00145164248534, 0.00160557520576, 0.00128766533453, 0.000651072477922, 0.0002244758507, 0.000162290874869], "dmean": [0.0486976727843, 0.0505355708301, 0.0448122657835, 0.031040167436, 0.018360093236, 0.013434311375], "max": [-0.30695861578, -0.276749283075, -0.362955331802, -0.493374228477, -0.651429474354, -0.737898945808], "var": [0.00814992561936, 0.00807502493262, 0.00689055770636, 0.00666457973421, 0.00177276111208, 0.00126271659974], "mean": [-0.599701106548, -0.634099900723, -0.642705857754, -0.727648019791, -0.774720191956, -0.828421771526]}, "melbands_skewness": {"dmean2": 55.0480499268, "median": 2.47557520866, "min": -2.62295198441, "dvar2": 3809918.5, "dvar": 1858594.25, "dmean": 29.519657135, "max": 125784.757812, "var": 78894048, "mean": 663.061767578}, "spectral_spread": {"dmean2": 529034.25, "median": 2855564.75, "min": 108135.148438, "dvar2": 713948135424, "dvar": 385925087232, "dmean": 301044.84375, "max": 49894084, "var": 13655971201000.0, "mean": 2940730.5}, "dissonance": {"dmean2": 0.0842285603285, "median": 0.392214983702, "min": 0.0680085793138, "dvar2": 0.