{"tonal": {"thpcp": [1, 0.590768933296, 0.26351454854, 0.229001104832, 0.208141237497, 0.245881944895, 0.328842997551, 0.354236036539, 0.455891638994, 0.497650980949, 0.321278095245, 0.23250220716, 0.260905325413, 0.270657539368, 0.493847489357, 0.805873990059, 0.646867036819, 0.32923334837, 0.223645821214, 0.185712784529, 0.242822185159, 0.297850102186, 0.331856489182, 0.564453840256, 0.643123805523, 0.363294303417, 0.218253746629, 0.227315947413, 0.225887417793, 0.395663142204, 0.536879062653, 0.386590868235, 0.33379021287, 0.445793122053, 0.510762572289, 0.823828935623], "hpcp": {"dmean2": [0.345365226269, 0.300546616316, 0.208383202553, 0.184387624264, 0.175947323442, 0.180087640882, 0.205287441611, 0.242912530899, 0.269551962614, 0.253079801798, 0.210311695933, 0.178298264742, 0.192336842418, 0.202606469393, 0.262586951256, 0.28932261467, 0.307245761156, 0.233195409179, 0.162433966994, 0.151491075754, 0.159317970276, 0.172502055764, 0.210242092609, 0.286025077105, 0.253675043583, 0.200613692403, 0.166849449277, 0.171657577157, 0.174159184098, 0.199768573046, 0.214019089937, 0.219854012132, 0.252475827932, 0.309623599052, 0.338855475187, 0.393409132957], "median": [0.255969792604, 0.127503320575, 0.0282521992922, 0.0184787139297, 0.0166891533881, 0.029248546809, 0.0412785410881, 0.0501570999622, 0.0546486526728, 0.0577858053148, 0.0406514406204, 0.0266483966261, 0.025776648894, 0.0300507023931, 0.0760378018022, 0.127427130938, 0.113270021975, 0.0458281375468, 0.025243613869, 0.0207272153348, 0.0265676099807, 0.0362522527575, 0.0562761351466, 0.0945221930742, 0.0905630066991, 0.0496466457844, 0.0258255824447, 0.0270598717034, 0.0267512351274, 0.0431684963405, 0.0520890876651, 0.0438184253871, 0.0269185863435, 0.0278426259756, 0.0688576325774, 0.221721470356], "min": [0.000792349048425, 0.000547986011952, 2.88578521577e-05, 1.14779586511e-05, 1.05344688563e-05, 3.68275977962e-05, 0.000166870348039, 0.000138274379424, 7.45666548028e-05, 1.65007259056e-05, 1.58393613674e-05, 0.000150982901687, 0.000103766236862, 0.000109657812573, 4.03595840908e-05, 7.29782914277e-06, 2.90863536065e-05, 3.89752349292e-05, 3.47680725099e-05, 7.95620326244e-06, 2.69110405497e-05, 9.38733865041e-05, 0.000169786668266, 8.39249260025e-05, 1.80390070454e-05, 3.73003240384e-05, 3.66199674318e-05, 1.82923795364e-05, 6.22811930953e-05, 0.000111232649942, 0.000173827196704, 7.28422382963e-05, 3.58588549716e-05, 7.45217621443e-05, 6.45040199743e-05, 0.000315975368721], "dvar2": [0.141931653023, 0.128243282437, 0.102166689932, 0.105466030538, 0.0989424139261, 0.0872946158051, 0.0971082374454, 0.116118587554, 0.137579157948, 0.126285463572, 0.098403505981, 0.0890234336257, 0.103151470423, 0.0952631384134, 0.11056676507, 0.128955498338, 0.130423977971, 0.104728586972, 0.0739856660366, 0.0656289458275, 0.0705522298813, 0.0739440470934, 0.0862048715353, 0.117840155959, 0.106710888445, 0.0833185613155, 0.0755232274532, 0.0839189961553, 0.080565713346, 0.082711353898, 0.100820839405, 0.0984511300921, 0.133419215679, 0.181530669332, 0.163737982512, 0.166432887316], "dvar": [0.0579132772982, 0.0467472523451, 0.0365618057549, 0.037763338536, 0.0351682640612, 0.0310234222561, 0.0353596955538, 0.0421133562922, 0.0500368438661, 0.0487240441144, 0.0355087034404, 0.0317786186934, 0.037788014859, 0.0342926345766, 0.0404182933271, 0.0532803684473, 0.0479830466211, 0.0367681570351, 0.0262082125992, 0.0229088589549, 0.0263745058328, 0.02856875211, 0.0310987923294, 0.0434151217341, 0.0415795855224, 0.0298631731421, 0.0271484237164, 0.0301152151078, 0.0288613531739, 0.0308352392167, 0.0396345406771, 0.0354673266411, 0.0485027991235, 0.0682303830981, 0.0613954849541, 0.0590352527797], "dmean": [0.201525896788, 0.172332748771, 0.115455158055, 0.101227149367, 0.0960924178362, 0.0994044020772, 0.116666920483, 0.137486740947, 0.153304561973, 0.145830273628, 0.118799299002, 0.0991163030267, 0.107260629535, 0.1126973629, 0.148987993598, 0.168431982398, 0.178708314896, 0.130471050739, 0.0909999161959, 0.0834714993834, 0.0904981717467, 0.099985383451, 0.119755655527, 0.163046181202, 0.147243902087, 0.113569915295, 0.0928363054991, 0.0960405096412, 0.0967260524631, 0.115894176066, 0.123644560575, 0.124681182206, 0.139713957906, 0.171160429716, 0.191360086203, 0.22389036417], "max": [1, 1, 1, 1, 1, 1, 1, 1, 1, 1, 1, 1, 1, 1, 1, 1, 1, 1, 1, 1, 1, 1, 1, 1, 1, 1, 1, 1, 1, 1, 1, 1, 1, 1, 1, 1], "var": [0.131825312972, 0.0619932897389, 0.0336764119565, 0.0359397344291, 0.0293914414942, 0.0279733128846, 0.0411665700376, 0.0424901433289, 0.0635994821787, 0.0762318521738, 0.0372117124498, 0.0274702124298, 0.0358409993351, 0.0327532440424, 0.0588403269649, 0.129801139235, 0.0832144469023, 0.0376944579184, 0.0254660323262, 0.0188423767686, 0.0291063040495, 0.0378382019699, 0.0342244058847, 0.0737249329686, 0.102705605328, 0.0391544029117, 0.0240355096757, 0.0263887047768, 0.024513149634, 0.0531353503466, 0.0969851389527, 0.0472477152944, 0.0483895651996, 0.0826745331287, 0.0711880102754, 0.0912404581904], "mean": [0.387851595879, 0.229130670428, 0.102204538882, 0.0888184458017, 0.0807279124856, 0.0953657031059, 0.127542287111, 0.137391015887, 0.176818296313, 0.193014726043, 0.12460822612, 0.0901763513684, 0.10119254142, 0.104974962771, 0.191539540887, 0.312559515238, 0.25088840723, 0.127693682909, 0.0867413878441, 0.0720290020108, 0.0941789746284, 0.115521639585, 0.128711074591, 0.218924328685, 0.249436601996, 0.140904277563, 0.0846500620246, 0.0881648510695, 0.0876107960939, 0.153458580375, 0.208229407668, 0.149939879775, 0.129461064935, 0.172901570797, 0.198100090027, 0.319523364305]}, "tuning_equal_tempered_deviation": 0.0559142641723, "chords_changes_rate": 0.0635422170162, "key_key": "D", "tuning_diatonic_strength": 0.491977959871, "key_scale": "minor", "chords_number_rate": 0.0022819028236, "tuning_frequency": 440, "tuning_nontempered_energy_ratio": 0.722412526608, "chords_histogram": [29.2434616089, 15.0254516602, 0.421274363995, 0.982973515987, 0.702123939991, 20.5546779633, 0.754783213139, 6.65262413025, 1.01807963848, 5.51167297363, 4.45848703384, 4.37072134018, 1.36914169788, 0, 0, 0.456380546093, 0.105318590999, 2.08881878853, 0.579252243042, 1.15850448608, 1.08829212189, 0, 3.05423903465, 0.403721243143], "key_strength": 0.676708698273, "chords_key": "D", "chords_strength": {"dmean2": 0.0112188160419, "median": 0.547798871994, "min": 0.158846080303, "dvar2": 0.000139648356708, "dvar": 9.51717374846e-05, "dmean": 0.0105009302497, "max": 0.814731121063, "var": 0.0160302054137, "mean": 0.524859428406}, "chords_scale": "minor", "hpcp_entropy": {"dmean2": 1.13379943371, "median": 2.17067980766, "min": 0.0454035364091, "dvar2": 0.88384950161, "dvar": 0.338092625141, "dmean": 0.685009181499, "max": 4.76413965225, "var": 0.743139386177, "mean": 2.14835929871}}, "metadata": {"audio_properties": {"equal_loudness": 0, "codec": "mp3", "downmix": "mix", "sample_rate": 44100, "analysis_sample_rate": 44100, "bit_rate": 160016, "md5_encoded": "76767e1d903e702711d2a5763beb7a8a", "length": 264.515930176, "replay_gain": -13.0700950623, "lossless": false}, "version": {"essentia_build_sha": "70f2e5ece6736b2c40cc944ad0e695b16b925413", "essentia": "2.1-beta2", "extractor": "music 1.0", "essentia_git_sha": "v2.1_beta2"}, "tags": {"title": ["Telefony"], "albumartist": ["Republika"], "musicbrainz_recordingid": ["18508540-a061-4315-be20-da3eca370c42"], "encoding": ["Lavf56.36.100"], "originalyear": ["2002"], "discnumber": ["1/1"], "album": ["Koncerty w Tr\u00f3jce"], "musicbrainz album type": ["album/compilation"], "musicbrainz album status": ["official"], "musicbrainz_albumartistid": ["116a9ec8-148e-4b3d-8fb9-3d995cc4159e"], "date": ["2002"], "file_name": "Republika - Telefony (Live).mp3", "musicbrainz_releasegroupid": ["23ebb005-f50d-4aa0-9949-b6fee0172160"], "script": ["Latn"], "originaldate": ["2002"], "musicbrainz_albumid": ["e9581756-dd7e-4f0c-8f6c-f38b2da5ed72"], "artist": ["Republika"], "artistsort": ["Republika"], "tracknumber": ["14/15"], "musicbrainz album release country": ["PL"], "albumartistsort": ["Republika"], "musicbrainz_artistid": ["116a9ec8-148e-4b3d-8fb9-3d995cc4159e"]}}, "rhythm": {"bpm_histogram_first_peak_bpm": {"dmean2": 0, "median": 136, "min": 136, "dvar2": 0, "dvar": 0, "dmean": 0, "max": 136, "var": 0, "mean": 136}, "bpm": 135.462295532, "bpm_histogram_second_peak_spread": {"dmean2": 0, "median": 0.046875, "min": 0.046875, "dvar2": 0, "dvar": 0, "dmean": 0, "max": 0.046875, "var": 0, "mean": 0.046875}, "bpm_histogram_first_peak_weight": {"dmean2": 0, "median": 0.402707278728, "min": 0.402707278728, "dvar2": 0, "dvar": 0, "dmean": 0, "max": 0.402707278728, "var": 0, "mean": 0.402707278728}, "onset_rate": 4.6534781456, "beats_position": [0.49922901392, 0.99845802784, 1.49768710136, 1.97369611263, 2.43809509277, 2.90249419212, 3.36689329147, 3.83129239082, 4.29569149017, 4.76009082794, 5.22448968887, 5.6888885498, 6.14167785645, 6.59446716309, 7.04725599289, 7.50004529953, 7.95283412933, 8.4172334671, 8.87002277374, 9.33442115784, 9.78721046448, 10.2399997711, 10.7043991089, 11.1571884155, 11.6099767685, 12.0743761063, 12.538775444, 13.0031747818, 13.4559631348, 13.9087524414, 14.3731517792, 14.8259410858, 15.2787294388, 15.7199087143, 16.1726989746, 16.6254863739, 17.0666656494, 17.5194549561, 17.9722442627, 18.4134235382, 18.8662128448, 19.3190021515, 19.7717914581, 20.2245807648, 20.6773700714, 21.1301574707, 21.5829467773, 22.035736084, 22.4769153595, 22.9297046661, 23.3824939728, 23.8352832794, 24.2880725861, 24.7408618927, 25.1936511993, 25.6348285675, 26.076007843, 26.5287971497, 26.9815864563, 27.4459857941, 27.9103851318, 28.3515644073, 28.804353714, 29.2571430206, 29.6983222961, 30.1511096954, 30.6038990021, 31.0566883087, 31.5094776154, 31.9738769531, 32.4382743835, 32.8794555664, 33.3206329346, 33.7734222412, 34.2262115479, 34.690612793, 35.1434020996, 35.5961914062, 36.0489807129, 36.4901580811, 36.9429473877, 37.3957366943, 37.848526001, 38.3013153076, 38.7541046143, 39.2068939209, 39.6596832275, 40.1008605957, 40.5536499023, 41.006439209, 41.4592285156, 41.9120178223, 42.3764152527, 42.8292045593, 43.281993866, 43.7347831726, 44.1875724792, 44.6287536621, 45.0815429688, 45.5343284607, 45.9755096436, 46.4166870117, 46.8810882568, 47.322265625, 47.7750549316, 48.2162361145, 48.6574134827, 49.1102027893, 49.5629920959, 50.0157814026, 50.4569587708, 50.8981399536, 51.3393173218, 51.7804985046, 52.2216758728, 52.6628570557, 53.1156463623, 53.5684356689, 54.0096130371, 54.45079422, 54.8919715881, 55.3447608948, 55.7975502014, 56.2503395081, 56.7031288147, 57.1443061829, 57.5970954895, 58.0498847961, 58.491065979, 58.9322433472, 59.3850326538, 59.8378219604, 60.2789993286, 60.7317886353, 61.1845779419, 61.6257591248, 62.0785484314, 62.531337738, 62.9725151062, 63.4253044128, 63.8664855957, 64.3192749023, 64.7604522705, 65.2132415771, 65.6660308838, 66.1188201904, 66.5716094971, 67.0127868652, 67.4655761719, 67.9183654785, 68.3827667236, 68.8239440918, 69.26512146, 69.7179107666, 70.1707000732, 70.6118774414, 71.064666748, 71.5174560547, 71.9586410522, 72.4114303589, 72.8642196655, 73.3053970337, 73.7465744019, 74.1993637085, 74.6521530151, 75.1049423218, 75.5577316284, 75.9989089966, 76.4400863647, 76.8928756714, 77.3340606689, 77.7752380371, 78.2048034668, 78.6343765259, 79.0871658325, 79.5283432007, 79.9695205688, 80.410697937, 80.8518829346, 81.3046722412, 81.7574615479, 82.2218551636, 82.6746444702, 83.1274337769, 83.5802230835, 84.0330123901, 84.4741897583, 84.9153747559, 85.356552124, 85.8209533691, 86.2737426758, 86.7265319824, 87.1793212891, 87.6321105957, 88.0732879639, 88.5260772705, 88.9788665771, 89.4200439453, 89.8612213135, 90.3023986816, 90.7551879883, 91.1963729858, 91.6491622925, 92.0903396606, 92.5315170288, 92.9843063354, 93.4370956421, 93.8898849487, 94.3426742554, 94.795463562, 95.2482528687, 95.6894302368, 96.130607605, 96.5717926025, 97.0129699707, 97.4541473389, 97.895324707, 98.3481140137, 98.8009033203, 99.2304763794, 99.6600418091, 100.101219177, 100.554008484, 100.995193481, 101.447982788, 101.889160156, 102.330337524, 102.771514893, 103.21269989, 103.653877258, 104.095054626, 104.536231995, 104.977409363, 105.41859436, 105.859771729, 106.300949097, 106.753738403, 107.20652771, 107.659317017, 108.112106323, 108.553283691, 108.994468689, 109.435646057, 109.876823425, 110.318000793, 110.759178162, 111.200363159, 111.641540527, 112.071105957, 112.500679016, 112.930244446, 113.383033752, 113.82421875, 114.265396118, 114.718185425, 115.170974731, 115.6121521, 116.053329468, 116.494506836, 116.947296143, 117.400085449, 117.841270447, 118.282447815, 118.723625183, 119.164802551, 119.629203796, 120.070381165, 120.523170471, 120.975959778, 121.417137146, 121.858322144, 122.299499512, 122.74067688, 123.193466187, 123.634643555, 124.087432861, 124.540222168, 124.993011475, 125.434196472, 125.898590088, 126.339767456, 126.780952454, 127.222129822, 127.674919128, 128.127700806, 128.557281494, 128.986846924, 129.428024292, 129.86920166, 130.310379028, 130.751556396, 131.169525146, 131.610702515, 132.051879883, 132.481445312, 132.911010742, 133.340591431, 133.77015686, 134.19972229, 134.652511597, 135.093688965, 135.523269653, 135.964447021, 136.40562439, 136.846801758, 137.287979126, 137.729156494, 138.170333862, 138.61151123, 139.041091919, 139.45904541, 139.88861084, 140.31817627, 140.73614502, 141.165710449, 141.618499756, 142.059677124, 142.500854492, 142.94203186, 143.383224487, 143.801177979, 144.230743408, 144.660308838, 145.089889526, 145.519454956, 145.960632324, 146.401809692, 146.842987061, 147.284164429, 147.725341797, 148.154922485, 148.596099854, 149.037277222, 149.47845459, 149.919631958, 150.360809326, 150.813598633, 151.254776001, 151.695953369, 152.137145996, 152.578323364, 153.019500732, 153.460678101, 153.901855469, 154.343032837, 154.772598267, 155.202178955, 155.643356323, 156.084533691, 156.52571106, 156.966888428, 157.408065796, 157.849243164, 158.290420532, 158.731613159, 159.184402466, 159.637191772, 160.078369141, 160.519546509, 160.960723877, 161.401901245, 161.831466675, 162.261047363, 162.702224731, 163.1434021, 163.584579468, 164.025756836, 164.466934204, 164.908111572, 165.34928894, 165.790466309, 166.231658936, 166.672836304, 167.114013672, 167.55519104, 167.996368408, 168.437545776, 168.867111206, 169.296691895, 169.737869263, 170.179046631, 170.608612061, 171.03817749, 171.479354858, 171.920547485, 172.350112915, 172.779678345, 173.220855713, 173.662033081, 174.09161377, 174.521179199, 174.962356567, 175.391921997, 175.821487427, 176.262680054, 176.703857422, 177.14503479, 177.57460022, 178.004165649, 178.445343018, 178.886520386, 179.316101074, 179.757278442, 180.186843872, 180.616409302, 181.04598999, 181.487167358, 181.916732788, 182.346298218, 182.775863647, 183.205444336, 183.623397827, 184.052963257, 184.482528687, 184.923721313, 185.364898682, 185.80607605, 186.235641479, 186.665206909, 187.094787598, 187.524353027, 187.965530396, 188.406707764, 188.847885132, 189.2890625, 189.730239868, 190.171432495, 190.612609863, 191.042175293, 191.471740723, 191.912918091, 192.342483521, 192.772064209, 193.201629639, 193.631195068, 194.072372437, 194.501953125, 194.931518555, 195.349472046, 195.790649414, 196.231826782, 196.661407471, 197.0909729, 197.532150269, 197.961715698, 198.391296387, 198.832473755, 199.273651123, 199.714828491, 200.144393921, 200.573959351, 201.015136719, 201.456329346, 201.885894775, 202.315460205, 202.756637573, 203.197814941, 203.62739563, 204.05696106, 204.498138428, 204.939315796, 205.368881226, 205.810058594, 206.239639282, 206.68081665, 207.11038208, 207.53994751, 207.981124878, 208.410705566, 208.840270996, 209.258224487, 209.687789917, 210.117370605, 210.558547974, 210.988113403, 211.417678833, 211.847259521, 212.276824951, 212.706390381, 213.135955811, 213.577133179, 214.006713867, 214.447891235, 214.877456665, 215.318634033, 215.759811401, 216.20098877, 216.630569458, 217.060134888, 217.489700317, 217.919265747, 218.360443115, 218.790023804, 219.219589233, 219.660766602, 220.10194397, 220.543121338, 220.984298706, 221.425476074, 221.866668701, 222.307846069, 222.749023438, 223.166976929, 223.608154297, 224.049331665, 224.478912354, 224.920089722, 225.36126709, 225.802444458, 226.243621826, 226.696411133, 227.137588501, 227.578765869, 228.019943237, 228.461135864, 228.902313232, 229.355102539, 229.807891846, 230.272293091, 230.725082397, 231.177871704, 231.64225769, 232.106658936, 232.571060181, 233.035461426, 233.499862671, 233.964263916, 234.417053223, 234.881454468, 235.334228516, 235.798629761, 236.263031006, 236.727432251, 237.191833496, 237.656234741, 238.109024048, 238.561813354, 239.0262146, 239.490600586, 239.955001831, 240.419403076, 240.883804321, 241.348205566, 241.800994873, 242.25378418, 242.718185425, 243.18258667, 243.635375977, 244.088165283, 244.55255127, 245.005340576, 245.458129883, 245.922531128, 246.386932373, 246.851333618, 247.315734863, 247.76852417, 248.221313477, 248.685714722, 249.138504028, 249.591293335, 250.05569458, 250.520080566, 250.984481812, 251.437271118, 251.890060425, 252.342849731, 252.795639038, 253.260040283, 253.724441528, 254.177230835, 254.630020142, 255.07119751, 255.523986816, 255.976776123, 256.42956543, 256.882354736, 257.335144043, 257.78793335, 258.229125977, 258.681884766, 259.123077393, 259.575866699, 260.040252686, 260.504669189, 260.992279053, 261.503112793, 262.002349854, 262.513183594, 262.989196777, 263.465209961, 263.952819824], "beats_loudness": {"dmean2": 0.0337843894958, "median": 0.0332877337933, "min": 0.00108448439278, "dvar2": 0.000645960622933, "dvar": 0.000201330170967, "dmean": 0.0182566568255, "max": 0.0954415053129, "var": 0.000278633757262, "mean": 0.0361815467477}, "danceability": 1.21250355244, "bpm_histogram_second_peak_weight": {"dmean2": 0, "median": 0.103214889765, "min": 0.103214889765, "dvar2": 0, "dvar": 0, "dmean": 0, "max": 0.103214889765, "var": 0, "mean": 0.103214889765}, "beats_count": 592, "bpm_histogram_second_peak_bpm": {"dmean2": 0, "median": 129, "min": 129, "dvar2": 0, "dvar": 0, "dmean": 0, "max": 129, "var": 0, "mean": 129}, "bpm_histogram_first_peak_spread": {"dmean2": 0, "median": 0.53515625, "min": 0.53515625, "dvar2": 0, "dvar": 0, "dmean": 0, "max": 0.53515625, "var": 0, "mean": 0.53515625}, "beats_loudness_band_ratio": {"dmean2": [0.316076904535, 0.453908383846, 0.175258904696, 0.0981401652098, 0.0656794011593, 0.133049562573], "median": [0.420584440231, 0.276893854141, 0.129860624671, 0.0540886186063, 0.0496943220496, 0.0766861662269], "min": [0.00162923557218, 0.0042020753026, 0.00758425612003, 0.00156749004964, 0.003199782921, 0.00219066836871], "dvar2": [0.0539356321096, 0.0822666808963, 0.0246859882027, 0.0119151845574, 0.00317132403143, 0.0133563429117], "dvar": [0.0172895304859, 0.0239955019206, 0.00901279877871, 0.00413966877386, 0.00120549718849, 0.00430714292452], "dmean": [0.180651798844, 0.238993048668, 0.0981775969267, 0.0565711036325, 0.0387376844883, 0.0746651738882], "max": [0.886775016785, 0.756853044033, 0.747809112072, 0.611570715904, 0.486851066351, 0.556790232658], "var": [0.0265181139112, 0.0338161438704, 0.0113764880225, 0.00529104610905, 0.00202725152485, 0.00551860779524], "mean": [0.427422702312, 0.30673494935, 0.149283915758, 0.0770855173469, 0.0595399737358, 0.0981756523252]}}, "lowlevel": {"barkbands_spread": {"dmean2": 11.584777832, "median": 21.5032405853, "min": 1.36784780025, "dvar2": 175.851760864, "dvar": 78.5651779175, "dmean": 7.62751197815, "max": 105.179634094, "var": 228.854980469, "mean": 24.806350708}, "melbands_spread": {"dmean2": 11.2471752167, "median": 17.6290779114, "min": 1.17854762077, "dvar2": 187.729766846, "dvar": 79.8154983521, "dmean": 7.1245007515, "max": 170.635345459, "var": 198.593933105, "mean": 20.8588943481}, "hfc": {"dmean2": 13.4697132111, "median": 20.2965564728, "min": 4.80687704112e-05, "dvar2": 362.3409729, "dvar": 167.913314819, "dmean": 9.05136871338, "max": 185.026580811, "var": 492.084869385, "mean": 25.7341403961}, "barkbands_kurtosis": {"dmean2": 4.86407661438, "median": 2.56872081757, "min": -1.88759756088, "dvar2": 54.3021202087, "dvar": 21.7910518646, "dmean": 3.0301091671, "max": 123.133506775, "var": 41.8871192932, "mean": 4.34826993942}, "gfcc": {"mean": [31.8619003296, 86.2706604004, -104.174491882, 36.2346534729, -56.5924873352, 3.00191354752, -35.722454071, 4.85824298859, -26.6884384155, 0.443896472454, -15.8767309189, 0.345593392849, -14.0631980896], "icov": [[0.000449607759947, 0.000376821786631, 2.9847591577e-05, -0.00026295115822, -0.000154262408614, 0.000460956536699, -9.96828021016e-05, -0.000284841662506, 0.000392342888517, 0.000186438293895, -9.6720395959e-05, -0.000313693803037, 0.000360510020982], [0.000376821786631, 0.00229381141253, 0.000435658119386, -0.000341932260199, -0.000896097393706, 0.000947545806412, -0.00115427747369, 0.000937236880418, -0.00193510367535, 0.00247356225736, -0.00266834092326, 0.00199928064831, -0.00161328818649], [2.9847591577e-05, 0.000435658119386, 0.00202921335585, -0.000173641790752, -0.000979876029305, -0.000305129622575, 0.000267232564511, 0.000875512836501, -0.000222417045734, -0.00113758654334, 0.0018421288114, -0.00146096188109, 0.000616259931121], [-0.00026295115822, -0.000341932260199, -0.000173641790752, 0.00405830610543, -6.552269042e-05, -0.00188732193783, 0.000931690854486, 0.000649207504466, -0.00182031921577, 0.00107047182973, -0.00207682070322, 0.00265415711328, -0.00184059585445], [-0.000154262408614, -0.000896097393706, -0.000979876029305, -6.552269042e-05, 0.00473304884508, 0.000419487303589, -0.00188429956324, -0.000431513151852, 0.000703912577592, -0.000648815592285, 0.000220383051783, -0.000438036309788, 0.00170254521072], [0.000460956536699, 0.000947545806412, -0.000305129622575, -0.00188732193783, 0.000419487303589, 0.00744402734563, -0.00265626772307, -0.000900401733816, 0.00160510721616, -0.00136397383176, 0.00142950587906, -0.000208185752854, -0.00107310782187], [-9.96828021016e-05, -0.00115427747369, 0.000267232564511, 0.000931690854486, -0.00188429956324, -0.00265626772307, 0.0118054589257, -0.00408081896603, -0.000387725391192, 0.00198920560069, -0.000873244891409, -0.000272306264378, 0.00140324421227], [-0.000284841662506, 0.000937236880418, 0.000875512836501, 0.000649207504466, -0.000431513151852, -0.000900401733816, -0.00408081896603, 0.0134643930942, -0.00456250086427, -0.000885684276, 0.00156098743901, -0.000647900975309, 0.00107984128408], [0.000392342888517, -0.00193510367535, -0.000222417045734, -0.00182031921577, 0.000703912577592, 0.00160510721616, -0.000387725391192, -0.00456250086427, 0.0178107302636, -0.00794332381338, 0.00273582153022, 0.00156603218056, -0.0014725017827], [0.000186438293895, 0.00247356225736, -0.00113758654334, 0.00107047182973, -0.000648815592285, -0.00136397383176, 0.00198920560069, -0.000885684276, -0.00794332381338, 0.0220487490296, -0.0095406556502, -0.00103925017174, 0.00277655711398], [-9.6720395959e-05, -0.00266834092326, 0.0018421288114, -0.00207682070322, 0.000220383051783, 0.00142950587906, -0.000873244891409, 0.00156098743901, 0.00273582153022, -0.0095406556502, 0.0218089669943, -0.00909553468227, 0.00279408809729], [-0.000313693803037, 0.00199928064831, -0.00146096188109, 0.00265415711328, -0.000438036309788, -0.000208185752854, -0.000272306264378, -0.000647900975309, 0.00156603218056, -0.00103925017174, -0.00909553468227, 0.0269741881639, -0.0108333677053], [0.000360510020982, -0.00161328818649, 0.000616259931121, -0.00184059585445, 0.00170254521072, -0.00107310782187, 0.00140324421227, 0.00107984128408, -0.0014725017827, 0.00277655711398, 0.00279408809729, -0.0108333677053, 0.0244375057518]], "cov": [[3440.04638672, -1110.33740234, 340.798034668, -118.643074036, 44.8179588318, -56.6140327454, -58.8645210266, 83.0728988647, -163.486755371, 57.3296737671, -64.4807128906, 98.8394241333, -112.654968262], [-1110.33740234, 1482.45825195, -511.911651611, 228.742752075, 110.17930603, -121.356903076, 120.153137207, -61.0754318237, 138.312133789, -121.028297424, 132.00680542, -105.503707886, 87.4006881714], [340.798034668, -511.911651611, 818.428222656, -73.7712173462, 98.4706268311, 69.2472839355, -42.9497108459, -4.57325601578, -37.0384216309, 71.5301589966, -79.407585144, 56.1137809753, -42.5729598999], [-118.643074036, 228.742752075, -73.7712173462, 363.498321533, -4.31971263885, 48.7929725647, -0.797988891602, -22.2157878876, 46.2123985291, -19.347946167, 32.6386146545, -36.9206199646, 34.4445304871], [44.8179588318, 110.17930603, 98.4706268311, -4.31971263885, 288.38067627, -11.3998889923, 61.6081008911, 17.4920349121, 6.05117559433, 2.99115133286, 5.92107820511, -3.92311906815, -23.4898910522], [-56.6140327454, -121.356903076, 69.2472839355, 48.7929725647, -11.3998889923, 189.813858032, 26.0733280182, 21.1709671021, -7.80727720261, 13.0724449158, -20.8861618042, 4.87527513504, 4.04263544083], [-58.8645210266, 120.153137207, -42.9497108459, -0.797988891602, 61.6081008911, 26.0733280182, 130.108688354, 39.913066864, 15.5209274292, -13.0008459091, 7.10169887543, -9.43611907959, -5.14121103287], [83.0728988647, -61.0754318237, -4.57325601578, -22.2157878876, 17.4920349121, 21.1709671021, 39.913066864, 106.267501831, 21.5365047455, 14.3018264771, -10.6098022461, 1.52468156815, -12.5303325653], [-163.486755371, 138.312133789, -37.0384216309, 46.2123985291, 6.05117559433, -7.80727720261, 15.5209274292, 21.5365047455, 93.5761184692, 17.8931217194, 11.8843421936, -15.1661310196, 8.87353420258], [57.3296737671, -121.028297424, 71.5301589966, -19.347946167, 2.99115133286, 13.0724449158, -13.0008459091, 14.3018264771, 17.8931217194, 82.8831558228, 18.7103538513, 18.6951351166, -13.8069906235], [-64.4807128906, 132.00680542, -79.407585144, 32.6386146545, 5.92107820511, -20.8861618042, 7.10169887543, -10.6098022461, 11.8843421936, 18.7103538513, 85.2572937012, 13.5864543915, 7.72331953049], [98.8394241333, -105.503707886, 56.1137809753, -36.9206199646, -3.92311906815, 4.87527513504, -9.43611907959, 1.52468156815, -15.1661310196, 18.6951351166, 13.5864543915, 63.6106796265, 11.9506673813], [-112.654968262, 87.4006881714, -42.5729598999, 34.4445304871, -23.4898910522, 4.04263544083, -5.14121103287, -12.5303325653, 8.87353420258, -13.8069906235, 7.72331953049, 11.9506673813, 61.2016105652]]}, "spectral_energyband_middle_low": {"dmean2": 0.0128406118602, "median": 0.0158301834017, "min": 1.51270207471e-09, "dvar2": 0.0003225474793, "dvar": 0.000126026934595, "dmean": 0.0077159376815, "max": 0.113686427474, "var": 0.000168170168763, "mean": 0.0177611745894}, "melbands_crest": {"dmean2": 5.60217952728, "median": 12.0652627945, "min": 2.44420289993, "dvar2": 26.010591507, "dvar": 9.77627849579, "dmean": 3.33659386635, "max": 31.8483123779, "var": 18.1111984253, "mean": 12.6748523712}, "spectral_kurtosis": {"dmean2": 2.07142758369, "median": 3.35640192032, "min": -0.83392739296, "dvar2": 5.44979858398, "dvar": 1.97080290318, "dmean": 1.2538510561, "max": 24.7791099548, "var": 4.1825838089, "mean": 3.64100122452}, "spectral_rms": {"dmean2": 0.00171803671401, "median": 0.00543946074322, "min": 5.06418382429e-06, "dvar2": 3.69820759261e-06, "dvar": 1.40371162161e-06, "dmean": 0.00103434571065, "max": 0.011332668364, "var": 2.88903993351e-06, "mean": 0.00532946176827}, "zerocrossingrate": {"dmean2": 0.0178433768451, "median": 0.05810546875, "min": 0.00537109375, "dvar2": 0.000389128894312, "dvar": 0.00028689566534, "dmean": 0.0146049326286, "max": 0.41015625, "var": 0.00152791838627, "mean": 0.0683515742421}, "silence_rate_60dB": {"dmean2": 0.0309015884995, "median": 0, "min": 0, "dvar2": 0.0385495573282, "dvar": 0.0152114387602, "dmean": 0.0154494382441, "max": 1, "var": 0.0208767037839, "mean": 0.0213288869709}, "erbbands_kurtosis": {"dmean2": 1.12570941448, "median": -0.726002454758, "min": -1.84466123581, "dvar2": 4.97682476044, "dvar": 2.09523773193, "dmean": 0.719919025898, "max": 50.5832901001, "var": 3.59707689285, "mean": -0.193594992161}, "erbbands": {"dmean2": [0.107698656619, 1.31128823757, 5.6292886734, 9.78590106964, 22.5947608948, 28.6840343475, 21.0381469727, 18.4239311218, 25.7453136444, 16.4494838715, 31.6139163971, 20.2442035675, 23.7852878571, 17.7715263367, 19.3451156616, 15.3168144226, 19.2142028809, 19.027305603, 14.5534553528, 11.6143779755, 15.1844968796, 19.7859992981, 17.0103740692, 18.8453407288, 19.7572174072, 16.1556472778, 9.34865283966, 8.74039649963, 8.17156410217, 6.01741456985, 4.17115831375, 3.3896291256, 2.30147695541, 1.61447203159, 0.88753926754, 0.565300643444, 0.319222867489, 0.174312695861, 0.0220126882195, 0.000306013040245], "median": [0.0644201561809, 0.695361375809, 2.28905940056, 5.01458024979, 10.9000930786, 16.2968883514, 13.2946939468, 12.9669828415, 20.3541870117, 13.2351608276, 15.2214012146, 11.4345197678, 11.8194608688, 12.6973600388, 11.5419683456, 9.0628194809, 11.1235837936, 11.1053657532, 10.7475566864, 9.02412414551, 12.7370376587, 15.3318748474, 15.6482496262, 16.0196399689, 15.3314189911, 12.4617300034, 5.99855852127, 4.57973051071, 3.39455103874, 2.5167131424, 1.60043537617, 0.943273127079, 0.587907671928, 0.377958327532, 0.156441003084, 0.0590210705996, 0.0200507547706, 0.00480686221272, 0.000268538919045, 4.96291359013e-05], "min": [2.34468399557e-11, 3.14280490521e-10, 3.84659681885e-09, 6.26903826628e-08, 9.63394541031e-07, 3.07445975523e-06, 1.27312796394e-06, 2.30227510656e-06, 9.25051153899e-06, 2.06351887755e-06, 2.15692196548e-07, 8.40107873046e-07, 9.67918026618e-07, 2.37142467086e-05, 4.43825156253e-05, 9.54097231443e-06, 2.34365397773e-05, 1.48753688336e-05, 1.05347335193e-05, 1.93649120774e-05, 1.13531459647e-05, 4.04666461691e-05, 4.00451936002e-05, 4.89799385832e-05, 6.7579872848e-05, 4.60342598672e-05, 1.82431522262e-05, 1.65568580996e-05, 9.87622388493e-06, 3.1432518881e-06, 8.97558493307e-06, 5.81119411436e-06, 4.16378816226e-06, 2.04626644518e-06, 1.52196059844e-06, 8.07014373549e-07, 3.49692641066e-07, 7.6672890259e-08, 1.96440574918e-09, 1.78396214467e-10], "dvar2": [0.0233601946384, 3.64883828163, 79.2857437134, 216.853729248, 1566.70446777, 3097.91943359, 1255.89526367, 860.573974609, 1916.90844727, 1116.45874023, 3595.375, 1583.20812988, 2040.85888672, 1178.71679688, 1335.51525879, 983.252502441, 1554.7409668, 1385.63256836, 698.442871094, 457.405090332, 432.807800293, 800.990844727, 514.85736084, 792.66973877, 919.460449219, 561.499084473, 298.33694458, 397.596099854, 350.659454346, 246.735031128, 102.382667542, 102.177474976, 38.8570289612, 12.3828210831, 3.71489310265, 1.91303062439, 0.703142344952, 0.218668445945, 0.00361080374569, 6.3211740553e-07], "dvar": [0.00830082129687, 1.25657498837, 26.4688930511, 76.2911224365, 608.841247559, 1164.95202637, 473.860900879, 348.753540039, 802.571289062, 431.65927124, 1538.27160645, 611.384399414, 843.751953125, 502.252532959, 594.760986328, 405.074523926, 665.97479248, 600.248779297, 297.602539062, 195.829666138, 179.927520752, 320.830230713, 214.074264526, 341.456665039, 390.245574951, 234.662704468, 128.902694702, 185.375183105, 159.268798828, 110.770378113, 48.7156677246, 45.0132102966, 16.499080658, 5.3748884201, 1.72515308857, 0.826833128929, 0.302546948195, 0.0897860825062, 0.0014551213244, 2.5708652629e-07], "dmean": [0.0620338618755, 0.744663953781, 3.13682436943, 5.54356384277, 13.1925554276, 17.1344280243, 12.7361364365, 11.3421077728, 16.7019710541, 10.1903505325, 20.4736595154, 12.3812541962, 15.1194067001, 11.5126419067, 12.2748146057, 9.51494026184, 12.1266431808, 12.1623134613, 9.28616714478, 7.2304110527, 9.47118473053, 12.427283287, 10.7737722397, 12.0105600357, 12.3511095047, 10.0836801529, 6.0172662735, 5.76750659943, 5.31551122665, 3.9973449707, 2.82575035095, 2.24827098846, 1.49373066425, 1.04207646847, 0.575693428516, 0.359145998955, 0.200854510069, 0.107192009687, 0.013286777772, 0.000186577424756], "max": [0.961594104767, 12.0117197037, 49.0475502014, 94.8730239868, 242.574157715, 372.344787598, 358.832794189, 545.253601074, 969.879455566, 918.612670898, 686.200195312, 570.553161621, 699.790527344, 726.868347168, 757.363952637, 633.215454102, 687.148986816, 959.460327148, 477.950714111, 1026.93261719, 278.049804688, 494.769470215, 299.752166748, 651.23840332, 389.75894165, 249.024459839, 287.400024414, 385.705047607, 302.525939941, 296.379364014, 174.809082031, 229.44241333, 180.171798706, 55.1616020203, 32.4942436218, 16.7333164215, 8.91698074341, 5.17329406738, 0.573918104172, 0.00775000127032], "var": [0.011005166918, 1.99942541122, 25.716468811, 82.2398910522, 555.745788574, 1144.21679688, 694.769958496, 879.907287598, 2201.44995117, 610.805603027, 3242.2512207, 906.613098145, 1634.20202637, 1333.85925293, 1279.99365234, 890.64831543, 1297.73876953, 1542.37902832, 613.587219238, 439.03237915, 411.323913574, 706.584716797, 598.180419922, 784.236877441, 787.1953125, 489.949920654, 323.760772705, 361.777770996, 285.467132568, 205.667861938, 112.021537781, 130.235702515, 42.0221214294, 15.4333400726, 4.81514406204, 1.41773366928, 0.433187365532, 0.0942244082689, 0.00135596666951, 2.52116848287e-07], "mean": [0.0941560938954, 1.16225075722, 4.02107286453, 7.92748212814, 17.3845500946, 25.4690189362, 21.1944637299, 23.0684432983, 36.0960388184, 19.2029247284, 36.1531105042, 20.3062019348, 25.6009635925, 22.8808555603, 22.4440097809, 17.6776542664, 21.4573669434, 22.6392707825, 17.1004486084, 13.2857961655, 18.251247406, 23.7897796631, 22.6686210632, 24.2725887299, 23.9944858551, 19.5326347351, 11.8516016006, 10.5708065033, 9.18486022949, 6.89539241791, 5.00019598007, 4.09527254105, 2.67067217827, 1.74894976616, 0.911111652851, 0.466994524002, 0.233609706163, 0.104275248945, 0.0117702344432, 0.00020108728495]}, "spectral_strongpeak": {"dmean2": 0.710484981537, "median": 0.473031967878, "min": 0, "dvar2": 0.849139034748, "dvar": 0.329483896494, "dmean": 0.41442501545, "max": 12.4521055222, "var": 0.494903355837, "mean": 0.700947523117}, "spectral_energy": {"dmean2": 0.0207802951336, "median": 0.0303274281323, "min": 2.62871040491e-08, "dvar2": 0.000667765096296, "dvar": 0.000246477138717, "dmean": 0.0122049702331, "max": 0.13164010644, "var": 0.00035334462882, "mean": 0.0320745967329}, "average_loudness": 0.947816669941, "spectral_rolloff": {"dmean2": 1162.92321777, "median": 882.861328125, "min": 86.1328125, "dvar2": 3631382.25, "dvar": 1526971.375, "dmean": 686.942749023, "max": 16472.9003906, "var": 2670433.75, "mean": 1467.87792969}, "spectral_centroid": {"dmean2": 453.359008789, "median": 1238.83337402, "min": 197.90763855, "dvar2": 199964.390625, "dvar": 92786.140625, "dmean": 300.332122803, "max": 4263.0234375, "var": 340708.125, "mean": 1312.36853027}, "pitch_salience": {"dmean2": 0.114396996796, "median": 0.62706142664, "min": 0.159060060978, "dvar2": 0.0109454207122, "dvar": 0.00396725721657, "dmean": 0.0688097923994, "max": 0.879789412022, "var": 0.00889836717397, "mean": 0.616202652454}, "spectral_energyband_middle_high": {"dmean2": 0.00220057577826, "median": 0.00389735912904, "min": 1.05287982777e-08, "dvar2": 6.62166803522e-06, "dvar": 3.09927804665e-06, "dmean": 0.00146597786807, "max": 0.0368679575622, "var": 1.30102325784e-05, "mean": 0.00455770548433}, "spectral_contrast_coeffs": {"dmean2": [0.0925044119358, 0.0803379118443, 0.0630216449499, 0.0479668565094, 0.0378753133118, 0.0332010574639], "median": [-0.623101353645, -0.713577389717, -0.777372539043, -0.794475615025, -0.786587297916, -0.755982220173], "min": [-0.855110883713, -0.952789962292, -0.927685141563, -0.944250404835, -0.897029161453, -0.889661967754], "dvar2": [0.00611352734268, 0.00451238779351, 0.00250184559263, 0.00151550397277, 0.00100389390718, 0.000895420205779], "dvar": [0.00237962999381, 0.00172649370506, 0.00103528960608, 0.000618999649305, 0.000437432259787, 0.000406305829529], "dmean": [0.0567891448736, 0.0493339151144, 0.0388926416636, 0.0300285648555, 0.0240350365639, 0.0215613339096], "max": [-0.269114464521, -0.441987782717, -0.447256833315, -0.537042319775, -0.590832948685, -0.58018797636], "var": [0.00635321298614, 0.00530205806717, 0.00406012730673, 0.00243968400173, 0.0020497078076, 0.00134420394897], "mean": [-0.614438593388, -0.712055921555, -0.770005524158, -0.789788663387, -0.783942341805, -0.755017638206]}, "melbands_skewness": {"dmean2": 1.28679156303, "median": 2.90914726257, "min": -0.598739027977, "dvar2": 1.76294779778, "dvar": 0.688742876053, "dmean": 0.792728960514, "max": 11.5233697891, "var": 1.71822440624, "mean": 3.05029392242}, "spectral_spread": {"dmean2": 1107561, "median": 4733244.5, "min": 1955146.25, "dvar2": 1707011604480.0, "dvar": 826193805312, "dmean": 769614.125, "max": 14012863, "var": 2705386897410.0, "mean": 5011498}, "dissonance": {"dmean2": 0.0248039104044, "median": 0.472435534, "min": 0.268629521132, "dvar2": 0.000550976546947, "dvar": 0.000210562138818, "dmean": 0.0149727640674, "max": 0.500000178814, "var": 0.000492865103297, "mean": 0.467741280794}, "spectral_skewness": {"dmean2": 0.325715273619, "median": 1.38104736805, "min": -0.24753716588, "dvar2": 0.102368101478, "dvar": 0.0426609143615, "dmean": 0.210954964161, "max": 3.77404212952, "var": 0.143570229411, "mean": 1.39620292187}, "spectral_flux": {"dmean2": 0.046437997371, "median": 0.084914945066, "min": 0.000162132986588, "dvar2": 0.00244619976729, "dvar": 0.00116646639071, "dmean": 0.0293588526547, "max": 0.29736328125, "var": 0.00216594222002, "mean": 0.0941681116819}, "spectral_contrast_valleys": {"dmean2": [0.744835913181, 0.624336123466, 0.552744686604, 0.480413138866, 0.455179452896, 0.51765114069], "median": [-6.68288850784, -6.39621114731, -7.10700082779, -7.46877145767, -7.107629776, -9.79247760773], "min": [-16.6459789276, -14.8205928802, -14.3116512299, -13.8653774261, -13.2976493835, -16.2049999237], "dvar2": [0.451710492373, 0.297401219606, 0.227655574679, 0.189134970307, 0.210153624415, 0.373082309961], "dvar": [0.181902825832, 0.121198952198, 0.0986839681864, 0.0887103751302, 0.104895934463, 0.178931415081], "dmean": [0.450804203749, 0.382437586784, 0.346074938774, 0.311676293612, 0.312658250332, 0.394161343575], "max": [-5.23376131058, -4.58908367157, -5.17011499405, -6.15296220779, -5.69029569626, -7.33372831345], "var": [0.623116016388, 0.366879165173, 0.362141013145, 0.334325641394, 0.48106405139, 0.809554100037], "mean": [-6.85645771027, -6.46333551407, -7.17688131332, -7.54207706451, -7.20135784149, -9.81359672546]}, "erbbands_flatness_db": {"dmean2": 0.0283642541617, "median": 0.12528668344, "min": 0.0295550227165, "dvar2": 0.00079837575322, "dvar": 0.000405277009122, "dmean": 0.0205516386777, "max": 0.300126194954, "var": 0.00166635971982, "mean": 0.129168957472}, "spectral_energyband_high": {"dmean2": 0.00102117273491, "median": 0.000588497670833, "min": 1.73281622384e-09, "dvar2": 3.03442675431e-06, "dvar": 1.49602794863e-06, "dmean": 0.000701602606568, "max": 0.019910890609, "var": 4.65331413579e-06, "mean": 0.00141478597652}, "spectral_entropy": {"dmean2": 0.256810426712, "median": 7.70243549347, "min": 5.58815002441, "dvar2": 0.067279137671, "dvar": 0.0319531857967, "dmean": 0.182815805078, "max": 8.78343963623, "var": 0.149481639266, "mean": 7.66773891449}, "silence_rate_20dB": {"dmean2": 0, "median": 1, "min": 1, "dvar2": 0, "dvar": 0, "dmean": 0, "max": 1, "var": 0, "mean": 1}, "melbands_flatness_db": {"dmean2": 0.044706787914, "median": 0.184515073895, "min": 0.0208928585052, "dvar2": 0.00168005784508, "dvar": 0.000695793831255, "dmean": 0.0289777442813, "max": 0.474604785442, "var": 0.00307450536638, "mean": 0.187769442797}, "barkbands": {"dmean2": [0.000306957197608, 0.0049830134958, 0.00560983503237, 0.00371176702902, 0.00811834912747, 0.00229267845862, 0.0016049912665, 0.00129810709041, 0.00091517996043, 0.000734775385354, 0.000454639957752, 0.000401001743739, 0.000441692565801, 0.000365545798559, 0.000255638442468, 0.000261550652795, 0.000389706721762