{"tonal": {"thpcp": [1, 0.702164053917, 0.29030841589, 0.147219970822, 0.131594538689, 0.191378057003, 0.204377695918, 0.127293005586, 0.0771838650107, 0.0723541229963, 0.181548804045, 0.49714756012, 0.695585131645, 0.55904763937, 0.356169521809, 0.238513380289, 0.267639905214, 0.383216202259, 0.315706819296, 0.135160848498, 0.0775731727481, 0.0769347772002, 0.128946110606, 0.174826696515, 0.114723734558, 0.0789157003164, 0.0884444192052, 0.0850136131048, 0.109386138618, 0.121301338077, 0.0783433020115, 0.0812413096428, 0.183026075363, 0.266914278269, 0.336751788855, 0.698669731617], "hpcp": {"dmean2": [0.355421632528, 0.362979322672, 0.362092167139, 0.278579384089, 0.217293202877, 0.208277076483, 0.158822491765, 0.0924165099859, 0.0690439194441, 0.0589064545929, 0.0691046416759, 0.0743802934885, 0.072278983891, 0.0580688714981, 0.0625543445349, 0.0637714117765, 0.076971270144, 0.0820913538337, 0.0652384907007, 0.0766829401255, 0.13841150701, 0.181301519275, 0.24337361753, 0.376763939857, 0.323647886515, 0.34047088027, 0.233448252082, 0.13430416584, 0.125189676881, 0.155323013663, 0.149227157235, 0.113994903862, 0.0831254869699, 0.0841468647122, 0.19226552546, 0.375926136971], "median": [0.0841556340456, 0.0582567676902, 0.0165562462062, 0.010438516736, 0.0286622233689, 0.0498143658042, 0.0338234268129, 0.010395038873, 0.00561745557934, 0.00534440297633, 0.00822604075074, 0.00819331686944, 0.00985447410494, 0.0104017918929, 0.0127539290115, 0.0106637282297, 0.0109063275158, 0.0106077203527, 0.00775154773146, 0.00650532264262, 0.018990688026, 0.0287458822131, 0.0621024332941, 0.215843066573, 0.319751262665, 0.135770305991, 0.0301962457597, 0.0107418512926, 0.0118181444705, 0.0153315942734, 0.0161056369543, 0.0100938025862, 0.00312583846971, 0.0026562968269, 0.0110245384276, 0.0517020709813], "min": [0, 0, 0, 0, 0, 0, 0, 0, 0, 0, 0, 0, 0, 0, 0, 0, 0, 0, 0, 0, 0, 0, 0, 0, 0, 0, 0, 0, 0, 0, 0, 0, 0, 0, 0, 0], "dvar2": [0.20778234303, 0.227411523461, 0.26688477397, 0.204743981361, 0.110871426761, 0.0886921137571, 0.0599328204989, 0.0322805531323, 0.0248866062611, 0.0180635787547, 0.0246711168438, 0.0333407782018, 0.0242060590535, 0.0173460431397, 0.0146315135062, 0.0158164370805, 0.0245310217142, 0.0307163316756, 0.0174036305398, 0.0226376038045, 0.0551103428006, 0.0802094936371, 0.0988870710135, 0.143606767058, 0.134525552392, 0.166367679834, 0.114380538464, 0.0663480833173, 0.0605346150696, 0.0741711035371, 0.0652622804046, 0.0480377785861, 0.0383134074509, 0.0399037525058, 0.109539419413, 0.240238159895], "dvar": [0.0773499831557, 0.076775662601, 0.0863392278552, 0.0686181858182, 0.0406230278313, 0.0353242345154, 0.0232167877257, 0.0115956403315, 0.00878001283854, 0.00673842802644, 0.0086763817817, 0.0124987484887, 0.00814058911055, 0.0059970272705, 0.0054121511057, 0.00584479654208, 0.00906358100474, 0.0114688389003, 0.00629472034052, 0.00788658857346, 0.0201215445995, 0.031054187566, 0.037030544132, 0.054131552577, 0.0550235845149, 0.0604913979769, 0.04255566746, 0.0246701594442, 0.0216920692474, 0.0270300209522, 0.0245838090777, 0.0170759465545, 0.013508846052, 0.0139990355819, 0.036264821887, 0.0776536166668], "dmean": [0.200902163982, 0.203545182943, 0.195359244943, 0.149743422866, 0.123295813799, 0.123723812401, 0.0935539007187, 0.052243411541, 0.0385180972517, 0.0338811352849, 0.0401796102524, 0.0429911911488, 0.041202493012, 0.0333767533302, 0.0365525782108, 0.0368181280792, 0.0443928577006, 0.0475787371397, 0.036423984915, 0.0421740785241, 0.0792172923684, 0.106242857873, 0.140092030168, 0.220324188471, 0.189767181873, 0.195103764534, 0.134234160185, 0.0753650143743, 0.069185256958, 0.087494879961, 0.0847034752369, 0.0636319667101, 0.045251827687, 0.0452402308583, 0.104077547789, 0.206866249442], "max": [1, 1, 1, 1, 1, 1, 1, 1, 1, 1, 1, 1, 1, 1, 1, 1, 1, 1, 1, 1, 1, 1, 1, 1, 1, 1, 1, 1, 1, 1, 1, 1, 1, 1, 1, 1], "var": [0.145603016019, 0.111710049212, 0.0807630419731, 0.0535007193685, 0.0432562343776, 0.0666771903634, 0.0585060976446, 0.0158383641392, 0.00752715533599, 0.007957264781, 0.0202119443566, 0.0423117689788, 0.0121753178537, 0.00597145641223, 0.00625959876925, 0.00665436638519, 0.0116975232959, 0.017477625981, 0.006434306968, 0.00671639991924, 0.0230304803699, 0.0416732244194, 0.044865898788, 0.0909893885255, 0.152743056417, 0.127298742533, 0.0473021492362, 0.0218257084489, 0.0181475486606, 0.0309636443853, 0.0367096439004, 0.0163809359074, 0.010204738006, 0.00979645457119, 0.0277174860239, 0.0957178473473], "mean": [0.313267618418, 0.251775830984, 0.160406500101, 0.107418224216, 0.120535805821, 0.172587394714, 0.142183497548, 0.0608717948198, 0.0349362902343, 0.0346487760544, 0.0580728910863, 0.0787359327078, 0.0516676232219, 0.0355409160256, 0.0398323237896, 0.0382872074842, 0.0492637529969, 0.0546299517155, 0.0352831296623, 0.0365882925689, 0.0824286490679, 0.120209008455, 0.151661425829, 0.314656823874, 0.45036560297, 0.316230535507, 0.130744919181, 0.0663028135896, 0.0592656545341, 0.086190097034, 0.0920446813107, 0.0573283880949, 0.0347609594464, 0.0325858071446, 0.0817633345723, 0.223898157477]}, "tuning_equal_tempered_deviation": 0.162993222475, "chords_changes_rate": 0.0414501912892, "key_key": "A", "tuning_diatonic_strength": 0.487966060638, "key_scale": "minor", "chords_number_rate": 0.00169414957054, "tuning_frequency": 440.254241943, "tuning_nontempered_energy_ratio": 0.814991354942, "chords_histogram": [9.98418807983, 2.43957543373, 0.847074747086, 1.52473461628, 0.677659809589, 2.6428732872, 1.27625930309, 17.1673812866, 0.587305188179, 1.76191556454, 0.677659809589, 3.47865366936, 1.26496493816, 0.259769588709, 10.7296133041, 0.474361866713, 2.77840518951, 0.248475268483, 0, 0.564716517925, 1.51344025135, 11.2491531372, 8.92252063751, 18.9292984009], "key_strength": 0.610276699066, "chords_key": "F", "chords_strength": {"dmean2": 0.00762235745788, "median": 0.530646622181, "min": 0.257911086082, "dvar2": 4.61950294266e-05, "dvar": 3.01373620459e-05, "dmean": 0.00628362689167, "max": 0.796231865883, "var": 0.00980749446899, "mean": 0.535446405411}, "chords_scale": "major", "hpcp_entropy": {"dmean2": 1.0476899147, "median": 1.99682474136, "min": 0, "dvar2": 0.649623990059, "dvar": 0.233071699739, "dmean": 0.612640917301, "max": 4.18094301224, "var": 0.51197206974, "mean": 1.98237729073}}, "metadata": {"audio_properties": {"equal_loudness": 0, "codec": "flac", "downmix": "mix", "sample_rate": 44100, "analysis_sample_rate": 44100, "bit_rate": 0, "md5_encoded": "8261a79ae65e9deebb03400ab243164e", "length": 411.124298096, "replay_gain": -7.35219764709, "lossless": true}, "version": {"essentia_build_sha": "70f2e5ece6736b2c40cc944ad0e695b16b925413", "essentia": "2.1-beta2", "extractor": "music 1.0", "essentia_git_sha": "v2.1_beta2"}, "tags": {"title": ["Atomic"], "media": ["Digital Media"], "albumartist": ["Anatomia de Vanitats"], "tracktotal": ["8"], "musicbrainz_releasegroupid": ["6b076303-db54-43a2-b685-0681ef8ed035"], "releasetype": ["album"], "musicbrainz_recordingid": ["18507ec8-aa5d-403d-9c77-e9249b7b717d"], "originalyear": ["2013"], "musicbrainz_releasetrackid": ["41e75bc7-0f45-485f-9445-3d77c90249c1"], "discnumber": ["1"], "totaldiscs": ["1"], "album": ["The Anthropic Principle"], "releasecountry": ["XW"], "file_name": "08_Atomic.flac", "musicbrainz_albumartistid": ["8ba23e81-ad48-4ac3-bd56-9c656d9802f3"], "albumartistsort": ["Anatomia de Vanitats"], "date": ["2013-03-12"], "genre": ["Dark Ambient; Drone; Industrial"], "disctotal": ["1"], "musicbrainz_artistid": ["8ba23e81-ad48-4ac3-bd56-9c656d9802f3"], "originaldate": ["2013-03-12"], "musicbrainz_albumid": ["0c843a7a-4413-4f9b-b453-d3d23c01705d"], "tracknumber": ["8"], "artistsort": ["Anatomia de Vanitats"], "artist": ["Anatomia de Vanitats"], "label": ["Cryo Chamber"], "releasestatus": ["official"], "acoustid_id": ["acd5cc20-6893-4bbc-8ea5-dd6df08bd53d"], "script": ["Latn"], "totaltracks": ["8"]}}, "rhythm": {"bpm_histogram_first_peak_bpm": {"dmean2": 0, "median": 133, "min": 133, "dvar2": 0, "dvar": 0, "dmean": 0, "max": 133, "var": 0, "mean": 133}, "bpm": 132.337539673, "bpm_histogram_second_peak_spread": {"dmean2": 0, "median": 0.636363625526, "min": 0.636363625526, "dvar2": 0, "dvar": 0, "dmean": 0, "max": 0.636363625526, "var": 0, "mean": 0.636363625526}, "bpm_histogram_first_peak_weight": {"dmean2": 0, "median": 0.0907944515347, "min": 0.0907944515347, "dvar2": 0, "dvar": 0, "dmean": 0, "max": 0.0907944515347, "var": 0, "mean": 0.0907944515347}, "onset_rate": 0.68345862627, "beats_position": [0.336689323187, 0.684988677502, 1.04489791393, 1.40480720997, 1.764716506, 2.11301589012, 2.46131515503, 2.82122445107, 3.22757363319, 3.62231278419, 4.01705217361, 4.42340135574, 4.82975053787, 5.23609972, 5.64244890213, 6.03718805313, 6.43192720413, 6.82666635513, 7.20979595184, 7.63936471939, 8.08054447174, 8.51011276245, 8.93968200684, 9.38086128235, 9.81043052673, 10.2399997711, 10.6579589844, 11.0875282288, 11.5170974731, 11.9466667175, 12.3762359619, 12.8058052063, 13.2469835281, 13.6881628036, 14.1293420792, 14.5705213547, 14.9536504745, 15.3483896255, 15.7315187454, 16.114648819, 16.5442180634, 16.9737873077, 17.4149665833, 17.8445339203, 18.2741031647, 18.7036724091, 19.1332416534, 19.5628108978, 19.9807701111, 20.4103393555, 20.8166885376, 21.2230377197, 21.6293869019, 22.035736084, 22.4420852661, 22.8368244171, 23.2315635681, 23.6379127502, 24.0442619324, 24.4506111145, 24.8685703278, 25.2749195099, 25.681268692, 26.0876178741, 26.5055770874, 26.9003162384, 27.2834453583, 27.6665763855, 28.0613155365, 28.4560546875, 28.8391838074, 29.2223129272, 29.6054420471, 30.0001811981, 30.383310318, 30.7664394379, 31.1495685577, 31.5443077087, 31.9506568909, 32.3453979492, 32.7401351929, 33.1348762512, 33.5296134949, 33.9243545532, 34.3307037354, 34.7370529175, 35.1434020996, 35.5381393433, 35.9328804016, 36.3392295837, 36.7455787659, 37.1403160095, 37.5234451294, 37.9065742493, 38.2897033691, 38.7076644897, 39.1256217957, 39.5435829163, 39.9615402222, 40.4375495911, 40.91355896, 41.3895683289, 41.9120178223, 42.4344673157, 42.9685249329, 43.4909744263, 44.0250320435, 44.5590934753, 45.0931510925, 45.6272087097, 46.1612701416, 46.6953277588, 47.229385376, 47.7750549316, 48.3091163635, 48.8547821045, 49.4120635986, 49.9693412781, 50.5150108337, 51.0606803894, 51.6063499451, 52.1171875, 52.6164169312, 53.1040344238, 53.5916557312, 54.0908851624, 54.5901107788, 55.1009521484, 55.6117897034, 56.122631073, 56.5986366272, 57.0746459961, 57.5622673035, 58.0382766724, 58.5142860413, 58.9786834717, 59.4430847168, 59.884262085, 60.3370513916, 60.7898406982, 61.2542381287, 61.7186393738, 62.1830368042, 62.7054862976, 63.227935791, 63.7503852844, 64.3192749023, 64.8881607056, 65.4570541382, 66.0259399414, 66.5948257446, 67.1637191772, 67.7326049805, 68.3014984131, 68.8703842163, 69.4392700195, 70.0081634521, 70.5770492554, 71.145942688, 71.6683883667, 72.1908340454, 72.7132873535, 73.2125167847, 73.7117462158, 74.210975647, 74.6985931396, 75.1862106323, 75.673828125, 76.1730575562, 76.6722869873, 77.1831283569, 77.6939697266, 78.2048034668, 78.7272567749, 79.2729263306, 79.8185958862, 80.3178253174, 80.8170471191, 81.3162765503, 81.8271179199, 82.3263473511, 82.8255767822, 83.3248062134, 83.8240356445, 84.3232650757, 84.8224945068, 85.3101119995, 85.7977294922, 86.3085708618, 86.8194122314, 87.3418579102, 87.8643035889, 88.3983688354, 88.9208145142, 89.3736038208, 89.8263931274, 90.2675704956, 90.7203598022, 91.1731491089, 91.6259384155, 92.0671157837, 92.5083007812, 92.9610900879, 93.4138793945, 93.8782730103, 94.3426742554, 94.795463562, 95.2482528687, 95.7126541138, 96.1770477295, 96.6298370361, 97.0826263428, 97.5470275879, 97.9998168945, 98.4526062012, 98.9170074463, 99.3697967529, 99.8341903687, 100.286979675, 100.75138092, 101.215782166, 101.668571472, 102.121360779, 102.574150085, 103.026939392, 103.479728699, 103.932518005, 104.396911621, 104.849700928, 105.314102173, 105.778503418, 106.242897034, 106.69568634, 107.160087585, 107.636100769, 108.112106323, 108.576507568, 109.040908813, 109.505302429, 109.969703674, 110.434104919, 110.898498535, 111.351287842, 111.804077148, 112.256866455, 112.709655762, 113.162445068, 113.615234375, 114.068023682, 114.520812988, 114.973602295, 115.426391602, 115.890792847, 116.297142029, 116.691879272, 117.098228455, 117.492965698, 117.887710571, 118.282447815, 118.677185059, 119.071922302, 119.455055237, 119.838180542, 120.209701538, 120.592834473, 120.975959778, 121.359092712, 121.742218018, 122.136962891, 122.531700134, 122.926437378, 123.321174622, 123.715919495, 124.110656738, 124.505393982, 124.888526917, 125.271652222, 125.666389465, 126.0495224, 126.56036377, 127.059593201, 127.558815002, 128.139312744, 128.708206177, 129.288711548, 129.86920166, 130.449707031, 131.053421021, 131.645523071, 132.237640381, 132.829742432, 133.421859741, 133.94430542, 134.466751099, 134.989196777, 135.511657715, 136.034103394, 136.556549072, 137.067382812, 137.578231812, 138.077453613, 138.553466797, 139.041091919, 139.540313721, 140.062759399, 140.596817017, 141.130874634, 141.66494751, 142.199005127, 142.68661499, 143.174240112, 143.661849976, 144.137863159, 144.63710022, 145.124710083, 145.623947144, 146.123168945, 146.622406006, 147.110015869, 147.562805176, 148.015594482, 148.456771851, 148.897949219, 149.339141846, 149.780319214, 150.233108521, 150.685897827, 151.138687134, 151.59147644, 152.044265747, 152.485443115, 152.938232422, 153.472290039, 153.994735718, 154.528793335, 155.062850952, 155.596908569, 156.189025879, 156.792739868, 157.384857178, 157.918914795, 158.452972412, 158.987030029, 159.544311523, 160.101577759, 160.600814819, 161.088439941, 161.587661743, 162.075286865, 162.574508667, 163.062133789, 163.561355591, 164.072189331, 164.58303833, 165.09387207, 165.604721069, 166.11555481, 166.62638855, 167.137237549, 167.648071289, 168.182128906, 168.716186523, 169.238632202, 169.761077881, 170.283538818, 170.817596436, 171.386474609, 171.96697998, 172.55909729, 173.151199341, 173.743301392, 174.358642578, 174.973968506, 175.566070557, 176.169799805, 176.773513794, 177.40045166, 178.027389526, 178.700775146, 179.362533569, 180.024307251, 180.686080933, 181.359451294, 182.032836914, 182.694595337, 183.367980957, 184.041351318, 184.726348877, 185.399719238, 186.084716797, 186.769699097, 187.454696655, 188.151290894, 188.755004883, 189.347122192, 189.950836182, 190.47328186, 190.984130859, 191.506576538, 192.040634155, 192.563079834, 193.085525513, 193.607971191, 194.142044067, 194.664489746, 195.105667114, 195.558456421, 195.999633789, 196.440811157, 196.881988525, 197.323165894, 197.764343262, 198.205535889, 198.658325195, 199.111114502, 199.55229187, 199.993469238, 200.434646606, 200.875823975, 201.317001343, 201.746566772, 202.187744141, 202.628936768, 203.058502197, 203.499679565, 203.952468872, 204.405258179, 204.858047485, 205.32244873, 205.798446655, 206.274459839, 206.750473022, 207.226486206, 207.702484131, 208.178497314, 208.64289856, 209.107299805, 209.583312988, 210.059310913, 210.535324097, 211.057769775, 211.580215454, 212.091064453, 212.636734009, 213.182403564, 213.716461182, 214.308563232, 214.900680542, 215.504394531, 216.119720459, 216.723449707, 217.338775635, 217.942489624, 218.592651367, 219.24281311, 219.892959595, 220.543121338, 221.193283081, 221.913101196, 222.621307373, 223.341125488, 224.060943604, 224.76914978, 225.465759277, 226.173965454, 226.882171631, 227.555557251, 228.228927612, 228.902313232, 229.575683594, 230.237457275, 230.910827637, 231.595825195, 232.269195557, 232.954193115, 233.650787354, 234.335784912, 235.009155273, 235.682540894, 236.286254883, 236.889968872, 237.49369812, 238.120635986, 238.747573853, 239.351287842, 239.96661377, 240.581939697, 241.185668945, 241.777770996, 242.381484985, 242.985214233, 243.600540161, 244.169433594, 244.738311768, 245.202713013, 245.655502319, 246.108291626, 246.549468994, 247.002258301, 247.455047607, 247.907836914, 248.383850098, 248.848251343, 249.312652588, 249.846710205, 250.380767822, 250.914825439, 251.472106934, 252.029388428, 252.586654663, 253.132324219, 253.677993774, 254.22366333, 254.769332886, 255.315002441, 255.860671997, 256.406341553, 256.952026367, 257.497680664, 258.043365479, 258.600616455, 259.157897949, 259.715179443, 260.272460938, 260.829742432, 261.375427246, 262.013977051, 262.652526855, 263.337493896, 264.022491455, 264.707489014, 265.380859375, 266.054229736, 266.727600098, 267.401000977, 268.132415771, 268.852233887, 269.595275879, 270.349914551, 271.10458374, 271.859222412, 272.613861084, 273.380126953, 274.146392822, 274.912658691, 275.644073486, 276.387115479, 277.06048584, 277.733886719, 278.395629883, 279.057403564, 279.730773926, 280.392547607, 281.054321289, 281.72769165, 282.459136963, 283.190551758, 283.875549316, 284.560546875, 285.257141113, 285.907287598, 286.569061279, 287.230834961, 287.880981445, 288.51953125, 289.158081055, 289.78503418, 290.400360107, 291.015686035, 291.689056396, 292.362457275, 293.024200439, 293.697601318, 294.37097168, 295.044342041, 295.7293396, 296.414337158, 297.099304199, 297.795898438, 298.492523193, 299.189117432, 299.88571167, 300.559082031, 301.220855713, 301.882629395, 302.532775879, 303.206176758, 303.867919922, 304.541320801, 305.214691162, 305.888061523, 306.549835205, 307.211608887, 307.757263184, 308.302947998, 308.837005615, 309.382659912, 309.928344727, 310.473999023, 310.996459961, 311.518920898, 312.052978516, 312.517364502, 312.981750488, 313.446166992, 313.922180176, 314.398193359, 314.862579346, 315.361816406, 315.861022949, 316.36026001, 316.87109375, 317.381958008, 317.881164551, 318.333953857, 318.786743164, 319.227935791, 319.680725098, 320.133514404, 320.586303711, 321.039093018, 321.503479004, 321.967895508, 322.501953125, 323.024383545, 323.546844482, 324.127349854, 324.719451904, 325.299957275, 325.892059326, 326.495788574, 327.087890625, 327.679992676, 328.283721924, 328.875823975, 329.479553223, 330.001983643, 330.53604126, 331.058502197, 331.534515381, 331.998901367, 332.48651123, 333.008972168, 333.543029785, 334.065490723, 334.622772217, 335.180053711, 335.737304688, 336.282989502, 336.828643799, 337.432373047, 338.036102295, 338.639801025, 339.243530273, 339.847259521, 340.54385376, 341.228851318, 341.913818359, 342.587219238, 343.2605896, 343.922363281, 344.584106445, 345.094970703, 345.582580566, 346.07019043, 346.56942749, 347.068664551, 347.567871094, 348.078735352, 348.577941895, 349.065582275, 349.553192139, 350.052429199, 350.551635742, 351.039276123, 351.526885986, 352.01449585, 352.50213623, 352.989746094, 353.477355957, 353.988189697, 354.499053955, 355.009887695, 355.520721436, 356.031555176, 356.554016113, 357.076446533, 357.598907471, 358.109741211, 358.585754395, 359.073364258, 359.537780762, 360.013793945, 360.489776611, 360.965789795, 361.395355225, 361.836547852, 362.277740479, 362.707305908, 363.136871338, 363.55480957, 363.984405518, 364.413970947, 364.843536377, 365.273101807, 365.632995605, 365.992919922, 366.364440918, 366.724334717, 367.084259033, 367.455780029, 367.827301025, 368.198822021, 368.55871582, 368.918640137, 369.290161133, 369.661682129, 370.079620361, 370.485992432, 370.892333984, 371.310302734, 371.716644287, 372.12298584, 372.54095459, 372.958892822, 373.38848877, 373.818054199, 374.235992432, 374.688781738, 375.141571045, 375.605987549, 376.058776855, 376.511566162, 376.964355469, 377.417144775, 377.869934082, 378.334320068, 378.798736572, 379.251525879, 379.692687988, 380.145477295, 380.598266602, 381.051055908, 381.503845215, 381.968261719, 382.432647705, 382.897033691, 383.407897949, 383.907104492, 384.417938232, 384.986846924, 385.567352295, 386.147827148, 386.786376953, 387.413330078, 388.098327637, 388.783294678, 389.51473999, 390.246154785, 390.954376221, 391.674194336, 392.394012451, 393.102203369, 393.810424805, 394.507019043, 395.215240479, 395.853790283, 396.503936768, 397.084442139, 397.66494751, 398.245422363, 398.825927734, 399.418029785, 399.940490723, 400.451324463, 400.962158203, 401.49621582, 402.018676758, 402.552734375, 403.086791992, 403.60925293, 404.13168335, 404.654144287, 405.188201904, 405.699035645, 406.209869385, 406.709106445, 407.208343506, 407.719177246, 408.230010986, 408.740844727, 409.251678467, 409.762542725, 410.273376465], "beats_loudness": {"dmean2": 0.0342032946646, "median": 0.0423457957804, "min": 4.25165890192e-05, "dvar2": 0.000719737552572, "dvar": 0.000249388976954, "dmean": 0.0199267584831, "max": 0.111708529294, "var": 0.000432680331869, "mean": 0.044600982219}, "danceability": 1.11246335506, "bpm_histogram_second_peak_weight": {"dmean2": 0, "median": 0.0605296343565, "min": 0.0605296343565, "dvar2": 0, "dvar": 0, "dmean": 0, "max": 0.0605296343565, "var": 0, "mean": 0.0605296343565}, "beats_count": 794, "bpm_histogram_second_peak_bpm": {"dmean2": 0, "median": 115, "min": 115, "dvar2": 0, "dvar": 0, "dmean": 0, "max": 115, "var": 0, "mean": 115}, "bpm_histogram_first_peak_spread": {"dmean2": 0, "median": 0.532467484474, "min": 0.532467484474, "dvar2": 0, "dvar": 0, "dmean": 0, "max": 0.532467484474, "var": 0, "mean": 0.532467484474}, "beats_loudness_band_ratio": {"dmean2": [0.298563420773, 0.218658700585, 0.157825157046, 0.0601804852486, 0.0282518342137, 0.00138849450741], "median": [0.673617362976, 0.142591059208, 0.0854144617915, 0.0276429019868, 0.00322989467531, 0.000176579793333], "min": [0.036952547729, 0.00436975806952, 0.00024881635909, 0.000269673531875, 3.41405757354e-05, 1.07038408714e-06], "dvar2": [0.0591337420046, 0.0447838716209, 0.0326529070735, 0.0072470693849, 0.00342250382528, 9.26968732529e-06], "dvar": [0.0217793211341, 0.0152258239686, 0.0118423532695, 0.002661784878, 0.00130623881705, 3.3976227769e-06], "dmean": [0.175160616636, 0.126270055771, 0.0904435738921, 0.0359803587198, 0.0166765693575, 0.000783811323345], "max": [0.993058681488, 0.826664805412, 0.85236877203, 0.517052054405, 0.36838799715, 0.0155759770423], "var": [0.0563903413713, 0.0189770404249, 0.0275839250535, 0.00478849979118, 0.00225358293392, 3.18086472362e-06], "mean": [0.634905159473, 0.180199712515, 0.149132624269, 0.053642988205, 0.0205639190972, 0.000756003370043]}}, "lowlevel": {"barkbands_spread": {"dmean2": 2.65996217728, "median": 5.97497653961, "min": 0.17124556005, "dvar2": 10.3875789642, "dvar": 4.43082237244, "dmean": 1.68182420731, "max": 132.383514404, "var": 60.9118347168, "mean": 7.6477637291}, "melbands_spread": {"dmean2": 3.55630064011, "median": 6.71816492081, "min": 0.245181262493, "dvar2": 22.9765472412, "dvar": 9.87217998505, "dmean": 2.2376408577, "max": 232.248687744, "var": 138.476394653, "mean": 9.08502197266}, "hfc": {"dmean2": 5.62933397293, "median": 9.87515640259, "min": 1.05745414203e-06, "dvar2": 67.9861068726, "dvar": 25.089389801, "dmean": 3.49478578568, "max": 131.629364014, "var": 160.513702393, "mean": 13.9542226791}, "barkbands_kurtosis": {"dmean2": 6.65194892883, "median": 2.96334218979, "min": -1.89408874512, "dvar2": 178.50050354, "dvar": 70.8739089966, "dmean": 4.14847517014, "max": 200.203796387, "var": 191.277053833, "mean": 7.37808036804}, "gfcc": {"mean": [-125.967735291, 236.331390381, -106.454162598, -13.0231542587, -0.303281337023, -20.7356376648, -7.66324853897, -0.7152338624, -16.6136856079, -11.1087265015, -8.48764610291, -12.9776983261, -6.70732975006], "icov": [[0.000667876913212, -0.00141227908898, 0.000853961275425, -0.000916847144254, 0.000249625125434, -0.000192649546079, 0.000105196573713, -0.00107647455297, 0.00149825820699, -0.00219089910388, 0.00238772295415, -0.00180600490421, 0.00174351222813], [-0.00141227908898, 0.00880479440093, -0.00258870935068, 0.00566331017762, -0.00198411266319, 0.0040621990338, -0.00244066445157, 0.00624272366986, -0.00785160250962, 0.0109007628635, -0.0116486130282, 0.00967898312956, -0.00844009406865], [0.000853961275425, -0.00258870935068, 0.00266961473972, -0.0021897580009, 0.000787919969298, -0.00198622257449, 0.000970989349298, -0.00181467458606, 0.00285946950316, -0.001824388979, 0.00297418935224, -0.0032214212697, 0.00416152365506], [-0.000916847144254, 0.00566331017762, -0.0021897580009, 0.0075882258825, -0.00284844008274, 0.00346581614576, -0.00165270664729, 0.00380626693368, -0.00375170586631, 0.00458220764995, -0.00338724651374, 0.00597462896258, -0.00590205611661], [0.000249625125434, -0.00198411266319, 0.000787919969298, -0.00284844008274, 0.00820633582771, -0.00243559386581, -0.000673234288115, 0.00265521020629, -0.00192641431931, 0.00194531667512, -0.00215805531479, -0.000841859320644, 0.00163795868866], [-0.000192649546079, 0.0040621990338, -0.00198622257449, 0.00346581614576, -0.00243559386581, 0.00813072081655, -0.00201136805117, 0.00522253802046, -0.00355788413435, 0.00438191089779, -0.00377481686883, 0.00534445559606, -0.00492733204737], [0.000105196573713, -0.00244066445157, 0.000970989349298, -0.00165270664729, -0.000673234288115, -0.00201136805117, 0.0117630278692, -0.00684875808656, 0.00446665240452, -0.00438870117068, 0.00273069180548, -0.00161978066899, 0.00364197115414], [-0.00107647455297, 0.00624272366986, -0.00181467458606, 0.00380626693368, 0.00265521020629, 0.00522253802046, -0.00684875808656, 0.0189033914357, -0.0132164508104, 0.0151009885594, -0.0135835176334, 0.00881572440267, -0.00469664530829], [0.00149825820699, -0.00785160250962, 0.00285946950316, -0.00375170586631, -0.00192641431931, -0.00355788413435, 0.00446665240452, -0.0132164508104, 0.0210568103939, -0.0183187033981, 0.0158979073167, -0.0102809639648, 0.00623239250854], [-0.00219089910388, 0.0109007628635, -0.001824388979, 0.00458220764995, 0.00194531667512, 0.00438191089779, -0.00438870117068, 0.0151009885594, -0.0183187033981, 0.0302076116204, -0.0233254991472, 0.0167989376932, -0.00780455814674], [0.00238772295415, -0.0116486130282, 0.00297418935224, -0.00338724651374, -0.00215805531479, -0.00377481686883, 0.00273069180548, -0.0135835176334, 0.0158979073167, -0.0233254991472, 0.0334172919393, -0.0192894954234, 0.00601107953116], [-0.00180600490421, 0.00967898312956, -0.0032214212697, 0.00597462896258, -0.000841859320644, 0.00534445559606, -0.00161978066899, 0.00881572440267, -0.0102809639648, 0.0167989376932, -0.0192894954234, 0.0294204931706, -0.010764086619], [0.00174351222813, -0.00844009406865, 0.00416152365506, -0.00590205611661, 0.00163795868866, -0.00492733204737, 0.00364197115414, -0.00469664530829, 0.00623239250854, -0.00780455814674, 0.00601107953116, -0.010764086619, 0.0268400367349]], "cov": [[5153.76708984, 81.5428237915, -1724.55224609, 62.8031463623, -233.518783569, -655.882080078, 190.932769775, 191.029098511, 224.74118042, 354.582000732, -83.3150939941, -53.5791244507, -78.4894866943], [81.5428237915, 816.501831055, 2.95930147171, -345.405792236, 97.0623168945, -68.3032608032, 34.1591453552, 57.9962768555, 37.3365402222, -76.5329971313, 186.34866333, 21.3197059631, 97.9892272949], [-1724.55224609, 2.95930147171, 1314.42114258, 80.3534545898, 86.0866012573, 306.139465332, -77.7072906494, -101.428466797, -176.315948486, -223.424209595, -29.0624389648, 27.4978599548, -35.9195404053], [62.8031463623, -345.405792236, 80.3534545898, 391.674438477, 29.3211975098, 8.12365627289, -12.8309345245, -57.9156608582, -15.8958387375, 18.6876087189, -105.281791687, -32.8001480103, -28.1680259705], [-233.518783569, 97.0623168945, 86.0866012573, 29.3211975098, 206.815704346, 86.893409729, -8.28356933594, -55.3951301575, -2.02522659302, -27.3808746338, 27.7156848907, 4.50371646881, 21.6601715088], [-655.882080078, -68.3032608032, 306.139465332, 8.12365627289, 86.893409729, 301.011108398, -31.3603935242, -96.1846923828, -49.2749862671, -45.9142684937, -15.6299610138, -8.19647884369, 11.1326246262], [190.932769775, 34.1591453552, -77.7072906494, -12.8309345245, -8.28356933594, -31.3603935242, 121.913391113, 58.0820045471, 10.5659656525, 11.3074092865, 13.3129177094, -8.15784358978, -9.48372268677], [191.029098511, 57.9962768555, -101.428466797, -57.9156608582, -55.3951301575, -96.1846923828, 58.0820045471, 165.392654419, 56.0430450439, -9.02592277527, 28.1252117157, 4.32273578644, -4.60102128983], [224.74118042, 37.3365402222, -176.315948486, -15.8958387375, -2.02522659302, -49.2749862671, 10.5659656525, 56.0430450439, 146.409439087, 71.2346572876, 1.36213862896, -9.37248706818, 3.08739900589], [354.582000732, -76.5329971313, -223.424209595, 18.6876087189, -27.3808746338, -45.9142684937, 11.3074092865, -9.02592277527, 71.2346572876, 155.07762146, 20.6040687561, -21.6633834839, -2.97061777115], [-83.3150939941, 186.34866333, -29.0624389648, -105.281791687, 27.7156848907, -15.6299610138, 13.3129177094, 28.1252117157, 1.36213862896, 20.6040687561, 130.687271118, 34.629196167, 34.2145652771], [-53.5791244507, 21.3197059631, 27.4978599548, -32.8001480103, 4.50371646881, -8.19647884369, -8.15784358978, 4.32273578644, -9.37248706818, -21.6633834839, 34.629196167, 70.6030578613, 15.2288417816], [-78.4894866943, 97.9892272949, -35.9195404053, -28.1680259705, 21.6601715088, 11.1326246262, -9.48372268677, -4.60102128983, 3.08739900589, -2.97061777115, 34.2145652771, 15.2288417816, 70.6129455566]]}, "spectral_energyband_middle_low": {"dmean2": 0.0101138753816, "median": 0.0141107458621, "min": 3.78091004685e-12, "dvar2": 0.000116388910101, "dvar": 4.76643908769e-05, "dmean": 0.00631470791996, "max": 0.126148343086, "var": 0.000179953844054, "mean": 0.0174205023795}, "melbands_crest": {"dmean2": 5.17516803741, "median": 16.9694099426, "min": 3.89638447762, "dvar2": 19.0387420654, "dvar": 7.67908763885, "dmean": 3.24945545197, "max": 31.9741954803, "var": 31.6084766388, "mean": 17.2671298981}, "spectral_kurtosis": {"dmean2": 34.6285057068, "median": 39.794002533, "min": 0.411335468292, "dvar2": 950.323730469, "dvar": 323.367980957, "dmean": 19.8160324097, "max": 272.443878174, "var": 1150.39428711, "mean": 47.0576324463}, "spectral_rms": {"dmean2": 0.00125004758593, "median": 0.00626890361309, "min": 3.93363734474e-07, "dvar2": 1.09700113171e-06, "dvar": 4.66249616693e-07, "dmean": 0.000837254512589, "max": 0.0128448745236, "var": 2.98140344057e-06, "mean": 0.00624264543876}, "zerocrossingrate": {"dmean2": 0.00331874052063, "median": 0.01611328125, "min": 0.00341796875, "dvar2": 1.63847671502e-05, "dvar": 1.1002471183e-05, "dmean": 0.00259688636288, "max": 0.44921875, "var": 0.000358794844942, "mean": 0.0190434381366}, "silence_rate_60dB": {"dmean2": 0.0042925728485, "median": 0, "min": 0, "dvar2": 0.00529142143205, "dvar": 0.00214171106927, "dmean": 0.00214616511948, "max": 1, "var": 0.0125441355631, "mean": 0.0127068394795}, "erbbands_kurtosis": {"dmean2": 2.19387388229, "median": 0.536948919296, "min": -1.74968385696, "dvar2": 8.40378379822, "dvar": 3.35415315628, "dmean": 1.34601712227, "max": 41.8633117676, "var": 11.2381048203, "mean": 1.53027498722}, "erbbands": {"dmean2": [0.0320385545492, 1.38322353363, 8.1067647934, 7.29202127457, 16.3957061768, 21.9750328064, 9.85370159149, 15.1978311539, 20.4747123718, 47.8262290955, 45.3336868286, 43.4086875916, 30.6784515381, 42.7798156738, 30.9562549591, 11.1711826324, 23.1697254181, 12.0440301895, 24.5144710541, 17.0274047852, 7.87599372864, 4.51656293869, 2.15886306763, 1.48993885517, 0.45762398839, 0.17679913342, 0.0806969329715, 0.0376425385475, 0.0273006539792, 0.00272768549621, 0.000603469728958, 0.00055938703008, 0.000235265528318, 0.000166491867276, 0.000111844616185, 6.84501355863e-05, 5.96569625486e-05, 0.000248649681453, 1.28038873299e-05, 1.80055067176e-05], "median": [0.0915133729577, 1.91771459579, 9.87826633453, 5.64533138275, 9.5761346817, 12.7800951004, 8.17536640167, 7.73575878143, 8.99641036987, 12.9060268402, 12.1803741455, 17.8359470367, 13.8978071213, 12.6881961823, 9.3925485611, 5.64614772797, 4.17614459991, 2.47163438797, 1.99300074577, 1.43703377247, 0.979754447937, 0.762720882893, 0.629772782326, 0.533544003963, 0.196482375264, 0.0700099021196, 0.0177060421556, 0.00512684835121, 0.00174623343628, 0.000530056771822, 0.000302971049678, 0.000202819806873, 0.00014472437033, 0.00010919917986, 8.33016674733e-05, 5.80064370297e-05, 3.36610573868e-05, 8.9168206614e-06, 2.26783540711e-05, 4.49384206149e-05], "min": [8.18936363167e-10, 2.01789904231e-10, 6.36018876454e-11, 1.66970756665e-10, 2.10435710524e-10, 6.49990228307e-10, 7.76234632127e-10, 1.41152678435e-09, 5.23486409776e-09, 1.45682543806e-09, 2.79366751954e-09, 1.40853497754e-08, 1.61825877143e-08, 5.90081272733e-09, 4.56649296154e-09, 6.90692614214e-09, 7.55800755314e-09, 3.10577732421e-08, 4.42632455133e-08, 3.97951431808e-08, 9.10130708576e-08, 1.6641718048e-07, 1.81486186079e-07, 8.06895030792e-08, 2.40973292875e-07, 2.96344239814e-07, 2.00818632834e-07, 3.19349368283e-07, 2.20761151581e-07, 3.1184399063e-07, 2.17805464331e-07, 2.89820519583e-07, 2.92158262027e-07, 1.93186224351e-07, 8.2690988279e-08, 9.65983204537e-08, 3.37390169136e-08, 1.16713216869e-08, 2.4023494305e-09, 1.31554114824e-10], "dvar2": [0.000993695808575, 1.62171399593, 77.6497802734, 65.4532165527, 378.219390869, 884.398925781, 172.03036499, 917.466064453, 2235.91088867, 10423.1367188, 12459.9853516, 8822.91113281, 3404.48657227, 10269.0966797, 17240.1660156, 767.696105957, 6831.4765625, 1466.65515137, 14637.4189453, 10125.5292969, 2384.80395508, 1004.32061768, 64.7765731812, 20.9367923737, 2.08344912529, 0.224937409163, 0.070897988975, 0.0232573337853, 0.0174529645592, 0.000127347782836, 4.5800566113e-06, 7.00308328305e-06, 7.01365934219e-07, 4.48470984793e-07, 1.73075022758e-07, 7.57772937732e-08, 2.96809457012e-08, 6.58790156649e-07, 5.09945974336e-10, 2.67560529288e-10], "dvar": [0.000583691580687, 0.95113670826, 37.1182937622, 26.2435779572, 132.238998413, 327.069274902, 67.8776092529, 464.845855713, 1246.76342773, 4687.21728516, 5416.22070312, 3476.74291992, 1364.28613281, 3748.60522461, 5893.48779297, 270.874267578, 2416.1965332, 597.705627441, 5034.42626953, 3006.19702148, 779.967834473, 358.504058838, 26.0987529755, 8.86191177368, 0.884312987328, 0.0994391068816, 0.0322150588036, 0.0107649574056, 0.0067902514711, 5.62671739317e-05, 2.10497341868e-06, 4.62525486e-06, 4.62902733034e-07, 2.03368699658e-07, 1.2301023844e-07, 5.45970664234e-08, 1.43494638394e-08, 3.26477476165e-07, 2.53642912229e-10, 1.14520011529e-10], "dmean": [0.0253599397838, 1.04512321949, 5.67421531677, 4.54118108749, 9.47136688232, 13.1924352646, 6.16400527954, 10.0621900558, 14.2753543854, 31.5656166077, 29.1180915833, 27.1884346008, 18.7629852295, 25.4332904816, 18.2735290527, 6.63078832626, 13.6864833832, 7.38070678711, 14.7193613052, 9.88237571716, 4.68377017975, 2.72296714783, 1.33040845394, 0.9606128335, 0.291766107082, 0.113179951906, 0.05133151263, 0.025120165199, 0.0159233659506, 0.00171725882683, 0.000403978279792, 0.000416765280534, 0.000170473373146, 0.000116281466035, 8.42290610308e-05, 5.24695133208e-05, 3.95475617552e-05, 0.000161772637512, 8.54678546602e-06, 1.19844617075e-05], "max": [0.647242724895, 22.8431968689, 103.350524902, 73.492729187, 201.057418823, 543.872192383, 149.600845337, 718.453796387, 1137.56286621, 1234.27709961, 1431.75024414, 1466.77197266, 968.475097656, 1469.42504883, 3615.32080078, 609.301940918, 1896.42883301, 1156.26550293, 2595.06738281, 2217.37109375, 1478.95031738, 1479.50146484, 388.633880615, 90.4065628052, 56.1419219971, 14.6042098999, 8.92765426636, 2.71727633476, 1.77681136131, 0.201934933662, 0.0458231084049, 0.061188545078, 0.0189505741, 0.0146093210205, 0.0117304697633, 0.0073370388709, 0.00239923386835, 0.0117251724005, 0.000347422988852, 0.000196806373424], "var": [0.00687088537961, 11.0471124649, 140.365219116, 62.1382522583, 214.373519897, 854.821899414, 167.159698486, 1683.03417969, 3987.80859375, 11399.34375, 13575.5615234, 6899.05908203, 2711.91088867, 5859.24267578, 8975.00976562, 741.466308594, 4770.20654297, 3356.46704102, 10365.1113281, 7373.44824219, 2716.23803711, 1148.72937012, 176.077789307, 40.951789856, 8.75320243835, 0.779951751232, 0.187622666359, 0.0428222157061, 0.0173581428826, 0.000259868247667, 1.18505222417e-05, 2.01564398594e-05, 2.67644054475e-06, 1.08757546968e-06, 8.33765568586e-07, 3.49724246007e-07, 6.11388699667e-08, 8.00704242465e-07, 7.44801442742e-10, 5.85805459696e-10], "mean": [0.109371110797, 3.18238520622, 13.1250047684, 8.35577869415, 14.05905056, 22.0910358429, 12.1409988403, 18.7281303406, 28.3240661621, 54.9013442993, 51.4909629822, 47.9015541077, 32.1196327209, 37.8993453979, 29.6641578674, 13.8416996002, 25.6385250092, 18.815284729, 29.0861186981, 20.869977951, 11.5173339844, 6.74738740921, 3.7350358963, 2.49844193459, 0.934197127819, 0.34884467721, 0.141862332821, 0.0600810348988, 0.0311604589224, 0.00464341184124, 0.00119493692182, 0.00115414371248, 0.000498442677781, 0.000335356919095, 0.000268737261649, 0.00018009528867, 0.000109184606117, 0.000284137378912, 2.84731831925e-05, 4.79712289234e-05]}, "spectral_strongpeak": {"dmean2": 0.743889272213, "median": 0.601319491863, "min": 0, "dvar2": 1.75200796127, "dvar": 0.658973097801, "dmean": 0.441377639771, "max": 19.9605846405, "var": 0.998685002327, "mean": 0.883192539215}, "spectral_energy": {"dmean2": 0.0162910874933, "median": 0.0402816273272, "min": 1.58603394307e-10, "dvar2": 0.000217510401853, "dvar": 9.35283387662e-05, "dmean": 0.010879561305, "max": 0.169115558267, "var": 0.000468459620606, "mean": 0.0430008359253}, "average_loudness": 0.844899475574, "spectral_rolloff": {"dmean2": 216.957504272, "median": 452.197265625, "min": 107.666015625, "dvar2": 105594.9375, "dvar": 44843.453125, "dmean": 125.138427734, "max": 13738.1835938, "var": 461301.5, "mean": 557.781311035}, "spectral_centroid": {"dmean2": 102.9585495, "median": 406.039459229, "min": 116.018432617, "dvar2": 14429.2841797, "dvar": 6076.88818359, "dmean": 64.7440872192, "max": 4420.69921875, "var": 101256.390625, "mean": 476.512176514}, "pitch_salience": {"dmean2": 0.124847173691, "median": 0.508165061474, "min": 0.0406846515834, "dvar2": 0.0103000029922, "dvar": 0.0040120924823, "dmean": 0.0770117044449, "max": 0.827227592468, "var": 0.0168125480413, "mean": 0.498393267393}, "spectral_energyband_middle_high": {"dmean2": 0.00253995927051, "median": 0.00152250053361, "min": 1.65357970372e-11, "dvar2": 3.41747581842e-05, "dvar": 1.19661317513e-05, "dmean": 0.00151931203436, "max": 0.12361177057, "var": 4.10359534726e-05, "mean": 0.00392346270382}, "spectral_contrast_coeffs": {"dmean2": [0.0830326974392, 0.0760677754879, 0.0653563141823, 0.0440034046769, 0.0279486440122, 0.039831455797], "median": [-0.610042095184, -0.727788209915, -0.763566315174, -0.791015625, -0.771289229393, -0.803839325905], "min": [-0.938944816589, -0.959204733372, -0.958723664284, -0.942659258842, -0.947212636471, -0.936173141003], "dvar2": [0.0040935636498, 0.00357169867493, 0.0026402422227, 0.00121996330563, 0.000475914828712, 0.00121295463759], "dvar": [0.00143699115142, 0.00133699155413, 0.000941540172789, 0.000431751628639, 0.00017083871353, 0.000397110037738], "dmean": [0.0490728951991, 0.0470198914409, 0.0386764630675, 0.0261743608862, 0.0166781190783, 0.0230619460344], "max": [-0.343898504972, -0.367339193821, -0.459755122662, -0.485721826553, -0.589890420437, -0.551911532879], "var": [0.00402043992653, 0.00707894330844, 0.00576128391549, 0.00465386919677, 0.00184626237024, 0.00282657588832], "mean": [-0.60667103529, -0.719219744205, -0.756787121296, -0.777250468731, -0.766065180302, -0.796922683716]}, "melbands_skewness": {"dmean2": 1.0245013237, "median": 2.27798390388, "min": -1.50292992592, "dvar2": 0.882911324501, "dvar": 0.346770465374, "dmean": 0.6559420228, "max": 9.15039730072, "var": 2.21176075935, "mean": 2.43848752975}, "spectral_spread": {"dmean2": 360183, "median": 1173673.25, "min": 348365.84375, "dvar2": 96158007296, "dvar": 33947742208, "dmean": 207096.640625, "max": 9404499, "var": 259158016000, "mean": 1247537}, "dissonance": {"dmean2": 0.0614879839122, "median": 0.430028527975, "min": 0.184812024236, 