{"metadata": {"tags": {"album": ["The Sound"], "albumartist": ["Mackintosh Braun"], "genre": ["Other"], "artist": ["Mackintosh Braun"], "date": ["2008"], "tracknumber": ["4"], "title": ["04 - on and on"], "file_name": "152310.mp3", "musicbrainz_recordingid": ["18545734-90a2-42a4-bdef-d8c6d7571cdb"]}, "audio_properties": {"sample_rate": 44100, "downmix": "mix", "lossless": false, "analysis_sample_rate": 44100, "md5_encoded": "2dae1e2432c9d106158348469843c707", "equal_loudness": 0, "replay_gain": -12.723367691, "codec": "mp3", "bit_rate": 192000, "length": 158.328170776}, "version": {"extractor": "music 1.0", "essentia_build_sha": "70f2e5ece6736b2c40cc944ad0e695b16b925413", "essentia_git_sha": "v2.1_beta2", "essentia": "2.1-beta2"}}, "rhythm": {"beats_loudness_band_ratio": {"dvar2": [0.0621778517962, 0.027603905648, 0.0263285748661, 0.0172693300992, 0.00173021340743, 0.013161807321], "var": [0.0470677614212, 0.016751812771, 0.0114672686905, 0.00585806695744, 0.00057793763699, 0.00332764489576], "min": [0.0510856322944, 1.39950725497e-06, 2.20252809413e-06, 2.48105538958e-06, 3.37454252985e-06, 1.06787024379e-06], "dmean": [0.192184448242, 0.127929925919, 0.0790022388101, 0.0494315773249, 0.0211194325238, 0.0605430044234], "mean": [0.656400382519, 0.180461421609, 0.0875681862235, 0.052758552134, 0.0216362010688, 0.0378370322287], "max": [0.999978661537, 0.681946635246, 0.579129517078, 0.579441905022, 0.207708790898, 0.824043810368], "dmean2": [0.317450493574, 0.218112483621, 0.142775118351, 0.0902441516519, 0.0391130000353, 0.120612546802], "median": [0.679551839828, 0.159670352936, 0.0417728237808, 0.0221798345447, 0.0181335918605, 0.0165493115783], "dvar": [0.0214519109577, 0.00984571035951, 0.00896107964218, 0.00572290830314, 0.000574310950469, 0.00454661529511]}, "bpm_histogram_first_peak_weight": {"dvar2": 0, "var": 0, "min": 0.677053809166, "dmean": 0, "mean": 0.677053809166, "max": 0.677053809166, "dmean2": 0, "median": 0.677053809166, "dvar": 0}, "bpm": 135.006469727, "beats_count": 354, "bpm_histogram_first_peak_spread": {"dvar2": 0, "var": 0, "min": 0.290801227093, "dmean": 0, "mean": 0.290801227093, "max": 0.290801227093, "dmean2": 0, "median": 0.290801227093, "dvar": 0}, "danceability": 1.3215508461, "bpm_histogram_first_peak_bpm": {"dvar2": 0, "var": 0, "min": 136, "dmean": 0, "mean": 136, "max": 136, "dmean2": 0, "median": 136, "dvar": 0}, "beats_position": [0.46439909935, 0.940408170223, 1.4164172411, 1.89242625237, 2.38004541397, 2.85605430603, 3.34367346764, 3.83129239082, 4.29569149017, 4.76009082794, 5.20126962662, 5.64244890213, 6.08362817764, 6.53641700745, 6.97759628296, 7.41877555847, 7.85995435715, 8.31274318695, 8.75392246246, 9.2067117691, 9.65950107574, 10.1006803513, 10.5418596268, 10.9830379486, 11.4358272552, 11.8886165619, 12.3297958374, 12.7709751129, 13.2121543884, 13.6533327103, 14.0945119858, 14.5473012924, 15.0000905991, 15.4412698746, 15.8824491501, 16.3236274719, 16.7648067474, 17.2059860229, 17.6471652985, 18.0999546051, 18.5527439117, 18.9939231873, 19.4351024628, 19.8762817383, 20.3174591064, 20.7702484131, 21.2230377197, 21.6642169952, 22.1053962708, 22.5465755463, 22.9877548218, 23.4405441284, 23.8817234039, 24.3229026794, 24.7756919861, 25.2168693542, 25.6580486298, 26.0992279053, 26.5404071808, 26.9931964874, 27.4459857941, 27.8871650696, 28.3283443451, 28.7695236206, 29.2107028961, 29.6518821716, 30.0930614471, 30.5458488464, 30.9986381531, 31.4398174286, 31.8809967041, 32.322177887, 32.7633552551, 33.204536438, 33.6457138062, 34.0985031128, 34.539680481, 34.9924697876, 35.4336509705, 35.8748283386, 36.3160095215, 36.7687988281, 37.2215881348, 37.6627655029, 38.1039466858, 38.545124054, 38.9863014221, 39.427482605, 39.8802719116, 40.3330612183, 40.7742385864, 41.2154197693, 41.6565971375, 42.0977783203, 42.5389556885, 42.9917449951, 43.4445343018, 43.8857116699, 44.3268928528, 44.7680702209, 45.2092514038, 45.650428772, 46.0916099548, 46.532787323, 46.9739685059, 47.3919258118, 47.8331069946, 48.2858963013, 48.7270736694, 49.1798629761, 49.6326522827, 50.0854415894, 50.538230896, 50.9910202026, 51.4321975708, 51.8733787537, 52.3145561218, 52.7557373047, 53.2085266113, 53.6497039795, 54.1024932861, 54.5436706543, 54.9848518372, 55.4260292053, 55.878818512, 56.3316078186, 56.7727890015, 57.2139663696, 57.6551475525, 58.0963249207, 58.5375061035, 58.9902954102, 59.4430847168, 59.884262085, 60.3254394531, 60.766620636, 61.2077980042, 61.648979187, 62.1017684937, 62.5429458618, 62.9957351685, 63.4369163513, 63.8780937195, 64.3192749023, 64.7604522705, 65.2016296387, 65.6660308838, 66.107208252, 66.5483856201, 66.9895706177, 67.4307479858, 67.8835372925, 68.3247146606, 68.7775039673, 69.2186813354, 69.659866333, 70.1010437012, 70.5422210693, 70.9833984375, 71.4361877441, 71.8889770508, 72.3301544189, 72.7713394165, 73.2125167847, 73.6536941528, 74.1064834595, 74.5592727661, 75.0004501343, 75.4416275024, 75.8828125, 76.3239898682, 76.7651672363, 77.2063446045, 77.6591339111, 78.1003189087, 78.5531082153, 78.9942855835, 79.4354629517, 79.8766403198, 80.3178253174, 80.7590026855, 81.2117919922, 81.6645812988, 82.105758667, 82.5469360352, 82.9881134033, 83.4292984009, 83.870475769, 84.3232650757, 84.7760543823, 85.2172317505, 85.6584091187, 86.0995864868, 86.5407714844, 86.9819488525, 87.4347381592, 87.8875274658, 88.328704834, 88.7698822021, 89.2110671997, 89.6522445679, 90.1050338745, 90.5578231812, 90.9990005493, 91.4401779175, 91.8813552856, 92.3225402832, 92.7637176514, 93.2048950195, 93.6460723877, 94.0988616943, 94.551651001, 94.9928359985, 95.4340133667, 95.8751907349, 96.316368103, 96.7691574097, 97.2219467163, 97.6631240845, 98.104309082, 98.5454864502, 98.9866638184, 99.4278411865, 99.8806304932, 100.3334198, 100.774604797, 101.215782166, 101.656959534, 102.098136902, 102.53931427, 102.980499268, 103.433288574, 103.886077881, 104.315643311, 104.768432617, 105.209609985, 105.650794983, 106.10358429, 106.556373596, 106.997550964, 107.438728333, 107.879905701, 108.321083069, 108.762268066, 109.203445435, 109.644622803, 110.085800171, 110.538589478, 110.991378784, 111.432563782, 111.87374115, 112.314918518, 112.767707825, 113.220497131, 113.6616745, 114.102851868, 114.544036865, 114.985214233, 115.426391602, 115.879180908, 116.331970215, 116.773147583, 117.214332581, 117.655509949, 118.096687317, 118.537864685, 118.979042053, 119.420227051, 119.873016357, 120.325805664, 120.766983032, 121.2081604, 121.649337769, 122.102127075, 122.554916382, 122.99609375, 123.437278748, 123.878456116, 124.319633484, 124.760810852, 125.20199585, 125.654785156, 126.107574463, 126.548751831, 126.989929199, 127.431106567, 127.872291565, 128.325073242, 128.777862549, 129.219039917, 129.660217285, 130.101409912, 130.54258728, 130.983764648, 131.424942017, 131.877731323, 132.33052063, 132.771697998, 133.212875366, 133.654052734, 134.095230103, 134.548019409, 135.000808716, 135.441986084, 135.883178711, 136.324356079, 136.765533447, 137.206710815, 137.647888184, 138.10067749, 138.553466797, 138.994644165, 139.435821533, 139.876998901, 140.31817627, 140.759368896, 141.212158203, 141.66494751, 142.106124878, 142.547302246, 142.988479614, 143.429656982, 143.870834351, 144.323623657, 144.776412964, 145.217590332, 145.6587677, 146.099945068, 146.541137695, 146.982315063, 147.43510437, 147.876281738, 148.329071045, 148.770248413, 149.211425781, 149.652603149, 150.093780518, 150.534957886, 150.976135254, 151.428924561, 151.881713867, 152.322906494, 152.764083862, 153.216873169, 153.658050537, 154.110839844, 154.552017212, 154.99319458, 155.434371948, 155.898773193, 156.374786377, 156.850784302, 157.315185547, 157.779586792], "beats_loudness": {"dvar2": 0.00268427282572, "var": 0.00148994114716, "min": 0.000154073786689, "dmean": 0.0381262227893, "mean": 0.052991554141, "max": 0.199013859034, "dmean2": 0.0638212114573, "median": 0.0485394150019, "dvar": 0.000953759241384}, "bpm_histogram_second_peak_weight": {"dvar2": 0, "var": 0, "min": 0.0169971678406, "dmean": 0, "mean": 0.0169971678406, "max": 0.0169971678406, "dmean2": 0, "median": 0.0169971678406, "dvar": 0}, "bpm_histogram_second_peak_spread": {"dvar2": 0, "var": 0, "min": 0.600000023842, "dmean": 0, "mean": 0.600000023842, "max": 0.600000023842, "dmean2": 0, "median": 0.600000023842, "dvar": 0}, "bpm_histogram_second_peak_bpm": {"dvar2": 0, "var": 0, "min": 126, "dmean": 0, "mean": 126, "max": 126, "dmean2": 0, "median": 126, "dvar": 0}, "onset_rate": 4.27538061142}, "lowlevel": {"spectral_energyband_high": {"dvar2": 2.35582456298e-06, "var": 1.9966578293e-06, "min": 7.61525574812e-21, "dmean": 0.000397329917178, "mean": 0.000590797513723, "max": 0.0184660982341, "dmean2": 0.000613086740486, "median": 6.75180199323e-05, "dvar": 9.99962253445e-07}, "spectral_energyband_middle_low": {"dvar2": 0.00103980011772, "var": 0.00037305188016, "min": 2.18594669501e-22, "dmean": 0.010554340668, "mean": 0.0154438586906, "max": 0.152310416102, "dmean2": 0.0173234269023, "median": 0.00961480196565, "dvar": 0.000406311126426}, "spectral_energy": {"dvar2": 0.00236429413781, "var": 0.0019301448483, "min": 1.04745824422e-20, "dmean": 0.0214825235307, "mean": 0.0438930168748, "max": 0.244293197989, "dmean2": 0.0324991829693, "median": 0.027542039752, "dvar": 0.00109357095789}, "spectral_spread": {"dvar2": 2511089434620.0, "var": 5463033249790.0, "min": 213339.109375, "dmean": 816749.75, "mean": 4297913.5, "max": 41760852, "dmean2": 1152897.5, "median": 4154137.75, "dvar": 1380179247100.0}, "spectral_energyband_low": {"dvar2": 0.00150985259097, "var": 0.0013797772117, "min": 2.62430104904e-23, "dmean": 0.0164302513003, "mean": 0.0293572228402, "max": 0.209893658757, "dmean2": 0.0243994668126, "median": 0.0142981763929, "dvar": 0.000710256863385}, "spectral_rolloff": {"dvar2": 2624148, "var": 1625022.875, "min": 21.533203125, "dmean": 410.307739258, "mean": 724.343261719, "max": 19078.4179688, "dmean2": 703.998901367, "median": 387.59765625, "dvar": 1118332.375}, "barkbands": {"dvar2": [3.02851185552e-06, 0.000954849005211, 0.000317378842738, 0.000324381777318, 0.000352246948751, 4.94963842357e-06, 9.10663629838e-07, 3.24046118294e-06, 2.1841231046e-06, 9.04505384369e-07, 1.55647387601e-06, 1.12481279757e-06, 2.64855657406e-07, 1.45747748093e-07, 3.93408356558e-07, 7.74303828166e-07, 1.96822156795e-07, 9.82360717217e-08, 8.51728358953e-08, 2.60186482137e-07, 1.99544615498e-07, 9.39519111398e-08, 8.25838881724e-08, 9.39287190249e-08, 6.23742906214e-08, 1.99550065361e-08, 2.69466249314e-09], "var": [1.0058109865e-06, 0.000695495924447, 0.00018651712162, 0.000115811482829, 8.87356800376e-05, 4.37517519458e-06, 8.35681532863e-07, 4.05096852774e-06, 2.16337502934e-06, 9.35512105116e-07, 1.17273293654e-06, 8.57761676798e-07, 1.18898114465e-07, 6.64893846647e-08, 1.31170182271e-07, 1.99712175686e-07, 7.41831343021e-08, 3.5527719433e-08, 3.52590419084e-08, 8.10392251083e-08, 9.76758940396e-08, 9.40012938599e-08, 7.0745670655e-08, 7.86349261261e-08, 6.86424854734e-08, 7.8008515203e-09, 6.63692489855e-10], "min": [2.3902482963e-25, 6.41662379092e-24, 1.00673111327e-23, 9.93574944684e-25, 2.33298449862e-23, 1.5515758046e-23, 1.94159968019e-23, 1.55978784662e-23, 4.24704125808e-23, 2.91116053535e-23, 3.24887409769e-23, 2.99575482338e-23, 8.24520762907e-23, 9.11017846552e-23, 9.89049632268e-23, 1.05404331427e-22, 8.36244687463e-23, 1.59443316608e-22, 1.94433740619e-22, 2.79571244581e-22, 3.5620457555e-22, 3.98913328254e-22, 5.6233226401e-22, 7.25313552358e-22, 1.03905910963e-21, 1.60323667707e-21, 1.99398995239e-21], "dmean": [0.000551077071577, 0.0109308678657, 0.00597951188684, 0.00579920504242, 0.00469939317554, 0.000978539464995, 0.000398326839786, 0.000637116841972, 0.000546897179447, 0.000333319359925, 0.000309708237182, 0.000296133279335, 0.000153332584887, 0.00012241184595, 0.000163293399964, 0.0001906616817, 0.000132732195198, 7.73084830143e-05, 6.81110323058e-05, 8.91641902854e-05, 8.91464369488e-05, 7.49249084038e-05, 7.25738718756e-05, 5.70195261389e-05, 4.9247417337e-05, 3.15749348374e-05, 1.03745933302e-05], "mean": [0.000684690137859, 0.0168318208307, 0.00812621321529, 0.00627864338458, 0.00455286353827, 0.00183881656267, 0.000671051268, 0.00106250925455, 0.000824729271699, 0.000542128982488, 0.000401862227591, 0.000431352149462, 0.000184565855307, 0.000139196286909, 0.000172315703821, 0.000187636120245, 0.000144956604345, 8.82787498995e-05, 9.23958505155e-05, 0.000105788894871, 0.000117140043585, 0.000119159427413, 0.000106776547909, 8.71103111422e-05, 6.29267306067e-05, 3.07321206492e-05, 7.37749041946e-06], "max": [0.00940509978682, 0.177730858326, 0.114274322987, 0.0978223904967, 0.101799920201, 0.0282862652093, 0.00998943578452, 0.0296804867685, 0.0169870778918, 0.0102783897892, 0.0131154051051, 0.0134577509016, 0.00599721353501, 0.00434870552272, 0.0058310800232, 0.00675935624167, 0.00348665844649, 0.00304254470393, 0.00357835926116, 0.00488845678046, 0.00406723609194, 0.00230968277901, 0.00252147298306, 0.00849890522659, 0.00699517969042, 0.00180595437996, 0.000610927294474], "dmean2": [0.000899590784684, 0.016572739929, 0.00945859123021, 0.00960170011967, 0.00841993559152, 0.0015477448469, 0.000599491293542, 0.000976385490503, 0.000841473578475, 0.000534625607543, 0.000492078834213, 0.000477387016872, 0.000253433507169, 0.000211995240534, 0.000285166635877, 0.000344898493495, 0.00023199916177, 0.000134451271151, 0.000117701223644, 0.000155125933816, 0.00014233784168, 0.000115344344522, 0.00011115657253, 8.81931264303e-05, 7.57388406782e-05, 5.18326414749e-05, 1.79667367775e-05], "median": [0.000253631733358, 0.00495145749301, 0.00298949331045, 0.00234101247042, 0.00169674796052, 0.00115760555491, 0.000321599422023, 0.000450270774309, 0.000300366722513, 0.000204130221391, 7.95894302428e-05, 0.00011857500067, 5.93297845626e-05, 4.46453268523e-05, 5.45652219444e-05, 4.10478496633e-05, 2.98302402371e-05, 2.12045597436e-05, 1.51383592311e-05, 1.25450633277e-05, 8.54546306073e-06, 8.04921910458e-06, 9.9438111647e-06, 1.11120152724e-05, 8.58810381033e-06, 5.14130169904e-06, 2.38879010794e-07], "dvar": [1.05841195364e-06, 0.000391744164517, 0.000144891571836, 0.000128904430312, 0.000127192804939, 1.93192386178e-06, 3.8149738657e-07, 1.59186095061e-06, 1.03819877495e-06, 3.69268036593e-07, 6.65833852054e-07, 4.63460793299e-07, 1.02949442748e-07, 5.55952723857e-08, 1.47289540564e-07, 2.70571632655e-07, 7.10905112555e-08, 3.45114834488e-08, 2.91089587989e-08, 8.94622473879e-08, 7.35213134817e-08, 4.2476440143e-08, 3.44879609315e-08, 4.15270982046e-08, 3.40023369461e-08, 7.94826959805e-09, 9.93167326158e-10]}, "melbands_skewness": {"dvar2": 57.4730072021, "var": 438.405029297, "min": -1.40277516842, "dmean": 1.49207651615, "mean": 5.96618509293, "max": 217.205001831, "dmean2": 2.21373486519, "median": 3.20080471039, "dvar": 32.5411911011}, "barkbands_skewness": {"dvar2": 25.1468830109, "var": 198.643005371, "min": -2.08124923706, "dmean": 1.25997412205, "mean": 4.24617671967, "max": 175.123733521, "dmean2": 1.83169794083, "median": 2.20740032196, "dvar": 13.8973274231}, "erbbands": {"dvar2": [0.927878320217, 55.5526428223, 233.843261719, 1685.86755371, 5249.16992188, 4651.2890625, 407.626312256, 373.094421387, 223.820877075, 425.993743896, 2234.70922852, 766.486450195, 1403.62402344, 830.90435791, 1258.11328125, 2420.06420898, 448.871063232, 575.088378906, 578.864013672, 1976.13537598, 1647.22033691, 556.401123047, 314.21295166, 314.994384766, 226.517745972, 656.249023438, 450.724914551, 265.146118164, 108.413627625, 111.666358948, 74.4635391235, 40.7231559753, 31.535823822, 10.9440116882, 2.56359648705, 0.541606009007, 0.0609738156199, 0.00365341221914, 0.000118141913845, 5.89129598438e-08], "var": [0.620359122753, 36.8494606018, 172.48890686, 731.332763672, 1301.92773438, 1301.38659668, 233.327972412, 329.513885498, 220.270690918, 405.997436523, 2974.80029297, 618.610168457, 1398.22766113, 911.93359375, 1055.42211914, 1782.53991699, 208.506530762, 303.219512939, 199.110137939, 562.830627441, 483.867462158, 207.305847168, 105.505134583, 135.702926636, 83.6548919678, 189.614135742, 195.026260376, 138.613357544, 105.616317749, 93.8035888672, 63.2041893005, 37.0829734802, 21.5543460846, 13.0739555359, 2.17164993286, 0.25464746356, 0.0201931428164, 0.00107368547469, 2.81975262624e-05, 1.68652327659e-08], "min": [2.41620244525e-22, 1.24724821155e-21, 1.24880846482e-20, 6.63712234782e-21, 4.2087308227e-20, 3.68576688305e-20, 1.09180331608e-19, 9.52339372334e-20, 1.28834711649e-19, 2.88461402546e-19, 5.26858887589e-19, 9.75493372601e-19, 8.60045790759e-19, 1.2484050721e-18, 2.00560113835e-18, 1.54697198509e-18, 3.77753616136e-18, 3.77186583826e-18, 8.1210905092e-18, 5.53061518872e-18, 6.40373782609e-18, 5.13775030628e-18, 8.19586929094e-18, 9.61252527777e-18, 1.02154233119e-17, 1.24170737e-17, 1.48169223532e-17, 1.50748538118e-17, 1.31353923809e-17, 1.46658973713e-17, 1.63247799656e-17, 1.26580264494e-17, 1.44309052855e-17, 1.0435838821e-17, 6.80505525362e-18, 5.88500376497e-18, 3.04027049499e-18, 1.2271148907e-18, 2.62590243214e-19, 2.64625159219e-20], "dmean": [0.353801488876, 2.58809661865, 5.48114013672, 14.3185157776, 19.1501712799, 14.9532785416, 8.24962997437, 8.31883335114, 6.42429256439, 7.39295768738, 16.4438915253, 9.87436771393, 13.9544525146, 10.9674520493, 10.1393184662, 12.9866447449, 6.26498842239, 7.69592237473, 6.36691045761, 10.1103687286, 9.79961299896, 6.94111347198, 4.2927646637, 4.10403490067, 3.20687603951, 4.26551628113, 3.92702651024, 3.30546307564, 2.48542928696, 2.55082011223, 2.23045635223, 1.35926449299, 0.86388283968, 0.605744361877, 0.317810207605, 0.15611769259, 0.0535547062755, 0.0143008157611, 0.0020125110168, 6.02867294219e-05], "mean": [0.503173530102, 3.73284363747, 8.44555854797, 18.1028995514, 17.1164150238, 15.0026626587, 12.9622402191, 14.6219472885, 11.2451219559, 12.1862850189, 27.5488529205, 15.7623338699, 23.3196372986, 17.6423492432, 15.2984886169, 18.8541870117, 8.4152173996, 9.27802848816, 7.04870510101, 10.1889629364, 10.5778665543, 7.80620241165, 4.89828968048, 5.50714874268, 4.1591334343, 4.92600011826, 5.02491188049, 4.46404027939, 3.99963140488, 3.71073913574, 3.16120219231, 2.10093617439, 1.28905022144, 0.794646143913, 0.389377623796, 0.160383671522, 0.0508000738919, 0.0119788041338, 0.00140939245466, 7.92218197603e-05], "max": [5.10932540894, 43.2109794617, 103.654006958, 208.933563232, 312.727325439, 465.679656982, 173.081604004, 241.774032593, 161.998336792, 255.32170105, 808.435668945, 512.75994873, 354.221282959, 334.819793701, 376.009002686, 660.709533691, 282.968902588, 247.147140503, 210.734649658, 389.161437988, 351.146484375, 198.625213623, 168.125823975, 262.248474121, 138.150726318, 256.129577637, 230.809387207, 118.062973022, 97.1531906128, 82.2631759644, 67.1843338013, 161.079681396, 175.81237793, 95.9757385254, 37.864906311, 11.9652824402, 2.73420572281, 0.596080362797, 0.115821070969, 0.00248185638338], "dmean2": [0.537392556667, 3.94061732292, 8.44138145447, 23.123456955, 34.1267814636, 26.1561126709, 13.3875427246, 13.0047550201, 9.88284492493, 11.322016716, 25.0474319458, 15.5295343399, 21.3633441925, 17.7576465607, 16.1548347473, 20.969537735, 10.3304843903, 13.1405582428, 11.0310955048, 18.1410732269, 17.6311511993, 12.0585479736, 7.49749422073, 7.10376644135, 5.50674915314, 7.44046735764, 6.17754220963, 5.62482595444, 3.72591876984, 3.87813854218, 3.47268557549, 2.07590198517, 1.34543395042, 0.92882758379, 0.496361941099, 0.255019843578, 0.0889099687338, 0.0240134354681, 0.00351505796425, 9.70238397713e-05], "median": [0.106608092785, 1.15118575096, 3.28686761856, 7.93399047852, 5.87037467957, 4.43781852722, 7.91409492493, 8.40144729614, 6.17506217957, 4.81361484528, 11.3628311157, 7.21942424774, 8.82817459106, 7.13444042206, 4.09674882889, 5.04862833023, 3.00908279419, 3.06064176559, 2.39024353027, 2.41105175018, 2.63783693314, 1.69820308685, 1.30738019943, 0.92091023922, 0.748046755791, 0.588332414627, 0.404113024473, 0.290340006351, 0.238957285881, 0.325535297394, 0.288930654526, 0.233592122793, 0.170465141535, 0.0911785662174, 0.0612064339221, 0.026554480195, 0.00870729424059, 0.00142062630039, 6.43961102469e-05, 4.01814249926e-05], "dvar": [0.371913015842, 22.3902397156, 112.912834167, 703.276306152, 1915.15246582, 1706.41503906, 154.180953979, 146.435562134, 97.0789794922, 179.129241943, 1130.38134766, 337.875762939, 627.18963623, 355.825622559, 532.936401367, 989.308166504, 173.866073608, 222.416900635, 215.388870239, 715.785522461, 575.60736084, 201.693450928, 109.666557312, 109.159965515, 77.8177871704, 223.950012207, 167.681060791, 97.4609069824, 48.3759880066, 47.9150848389, 31.6443195343, 17.930721283, 13.2762269974, 6.1584353447, 1.28430819511, 0.223981514573, 0.0233715008944, 0.00139089196455, 4.32270426245e-05, 2.19995843764e-08]}, "silence_rate_30dB": {"dvar2": 0.168035298586, "var": 0.0925719663501, "min": 0, "dmean": 0.0926822125912, "mean": 0.896774172783, "max": 1, "dmean2": 0.1853916049, "median": 1, "dvar": 0.0840885713696}, "melbands_spread": {"dvar2": 219.467163086, "var": 171.96395874, "min": 0.0150223290548, "dmean": 5.24687671661, "mean": 10.8064250946, "max": 249.824569702, "dmean2": 8.24461460114, "median": 7.76640319824, "dvar": 94.7858886719}, "melbands_crest": {"dvar2": 22.7904148102, "var": 41.7097549438, "min": 1.76658666134, "dmean": 3.56627702713, "mean": 17.0012054443, "max": 39.9980583191, "dmean2": 5.38109731674, "median": 16.1921043396, "dvar": 10.1456108093}, "zerocrossingrate": {"dvar2": 0.000329137750668, "var": 0.001171440701, "min": 0, "dmean": 0.010261496529, "mean": 0.0336689986289, "max": 0.5205078125, "dmean2": 0.0118134273216, "median": 0.02490234375, "dvar": 0.000238485066802}, "barkbands_kurtosis": {"dvar2": 1128535, "var": 6678733.5, "min": -1.93269109726, "dmean": 62.4855461121, "mean": 282.06829834, "max": 36658.8203125, "dmean2": 106.366088867, "median": 6.64840745926, "dvar": 536516}, "spectral_flux": {"dvar2": 0.00592795014381, "var": 0.0062247607857, "min": 6.76526334953e-11, "dmean": 0.0429151915014, "mean": 0.102988161147, "max": 0.431287735701, "dmean2": 0.0640991181135, "median": 0.0767940580845, "dvar": 0.00282906321809}, "barkbands_crest": {"dvar2": 16.7188968658, "var": 28.5987300873, "min": 2.97694063187, "dmean": 3.03187346458, "mean": 12.191321373, "max": 26.9569206238, "dmean2": 4.60842084885, "median": 10.9467716217, "dvar": 7.62113904953}, "barkbands_flatness_db": {"dvar2": 0.00367981684394, "var": 0.0138924671337, "min": 0.0247353482991, "dmean": 0.0394338071346, "mean": 0.220011562109, "max": 0.736822783947, "dmean2": 0.0554431043565, "median": 0.194577887654, "dvar": 0.00184390530922}, "spectral_entropy": {"dvar2": 0.246014088392, "var": 0.689440786839, "min": 3.85256624222, "dmean": 0.309553742409, "mean": 6.999355793, "max": 9.81317806244, "dmean2": 0.441153109074, "median": 7.06073904037, "dvar": 0.12519069016}, "pitch_salience": {"dvar2": 0.0140854381025, "var": 0.0224861167371, "min": 0.000751009967644, "dmean": 0.0866650491953, "mean": 0.516377389431, "max": 0.930086493492, "dmean2": 0.130011841655, "median": 0.539628505707, "dvar": 0.00611615367234}, "erbbands_spread": {"dvar2": 296.419677734, "var": 719.264099121, "min": 1.31858611107, "dmean": 10.4533929825, "mean": 36.9439849854, "max": 206.997283936, "dmean2": 15.1263599396, "median": 30.0898571014, "dvar": 146.764846802}, "dynamic_complexity": 3.33694648743, "spectral_contrast_valleys": {"dvar2": [0.401210486889, 0.466466069221, 0.434460133314, 0.549992024899, 0.55205821991, 0.6593952775], "var": [2.10078001022, 1.81513941288, 1.7789080143, 1.85249829292, 2.56171417236, 3.29176259041], "min": [-27.9033470154, -27.3948364258, -27.6713562012, -27.5865135193, -27.6681308746, -27.3202648163], "dmean": [0.440968751907, 0.437327921391, 0.413171976805, 0.480742186308, 0.447036087513, 0.488393455744], "mean": [-6.96689367294, -7.06671476364, -7.68057060242, -8.34384822845, -8.68435001373, -10.9170446396], "max": [-4.76679706573, -4.88924312592, -5.34594726562, -5.7121424675, -5.67175245285, -7.32976913452], "dmean2": [0.693409502506, 0.683816552162, 0.632787525654, 0.691144347191, 0.59516197443, 0.613680303097], "median": [-6.7081079483, -6.86692714691, -7.46930360794, -8.22183036804, -8.393201828, -10.571018219], "dvar": [0.211220428348, 0.229028090835, 0.223170220852, 0.306289434433, 0.319732636213, 0.384077519178]}, "hfc": {"dvar2": 333.194793701, "var": 241.073730469, "min": 1.11226318289e-16, "dmean": 6.65441513062, "mean": 14.091135025, "max": 166.317169189, "dmean2": 10.247420311, "median": 8.6413269043, "dvar": 135.583221436}, "spectral_kurtosis": {"dvar2": 912.932739258, "var": 1375.59716797, "min": -1.22829031944, "dmean": 8.30567264557, "mean": 18.8168048859, "max": 380.68081665, "dmean2": 12.4412765503, "median": 7.92435264587, "dvar": 406.409545898}, "mfcc": {"mean": [-703.089599609, 161.456115723, 27.9902515411, 16.3951187134, 15.7688007355, 8.11713790894, 3.43138670921, 8.54512119293, 2.61013889313, 2.52626442909, -2.94712567329, 0.457866311073, -0.470168441534], "cov": [[11082.8037109, -2508.71704102, -537.782531738, 353.534851074, -445.253448486, -51.5498733521, -114.89981842, -64.5640563965, -196.486495972, 58.0450286865, -242.450637817, -87.6202316284, -36.7792778015], [-2508.71704102, 3022.32348633, -106.773620605, -524.955810547, 92.4287185669, -201.218795776, 80.7021713257, 66.0553894043, 3.57931518555, -33.507434845, 60.5665817261, -71.7464828491, -31.6335144043], [-537.782531738, -106.773620605, 666.015197754, 141.213378906, 37.5079841614, 152.411315918, -0.00799673236907, 0.870863318443, 62.2466278076, -31.7355556488, 13.4348096848, 41.0413856506, -3.51978206635], [353.534851074, -524.955810547, 141.213378906, 543.664367676, 249.429641724, 168.78453064, 9.43641662598, 26.7369537354, 22.1426620483, 2.55146002769, -8.48441410065, 45.1129875183, 19.0023002625], [-445.253448486, 92.4287185669, 37.5079841614, 249.429641724, 437.114135742, 108.433433533, -1.71697092056, 13.5624389648, 63.4891281128, -17.9513435364, 8.82818222046, 38.756477356, 2.08095312119], [-51.5498733521, -201.218795776, 152.411315918, 168.78453064, 108.433433533, 204.400436401, 32.4475975037, 36.5901527405, 33.4755477905, -3.03430700302, 9.48033618927, 24.0028495789, 4.83080244064], [-114.89981842, 80.7021713257, -0.00799673236907, 9.43641662598, -1.71697092056, 32.4475975037, 170.344696045, 72.5242843628, -24.1069831848, 22.5617294312, 41.0354537964, -3.63993453979, 27.4009571075], [-64.5640563965, 66.0553894043, 0.870863318443, 26.7369537354, 13.5624389648, 36.5901527405, 72.5242843628, 134.018341064, 33.546546936, 31.5012626648, 23.6160354614, 2.12544298172, 25.0010356903], [-196.486495972, 3.57931518555, 62.2466278076, 22.1426620483, 63.4891281128, 33.4755477905, -24.1069831848, 33.546546936, 152.234451294, 33.3983917236, 8.39875984192, 25.1351394653, -6.15530776978], [58.0450286865, -33.507434845, -31.7355556488, 2.55146002769, -17.9513435364, -3.03430700302, 22.5617294312, 31.5012626648, 33.3983917236, 98.4137496948, 35.3025741577, 15.0026512146, 25.05818367], [-242.450637817, 60.5665817261, 13.4348096848, -8.48441410065, 8.82818222046, 9.48033618927, 41.0354537964, 23.6160354614, 8.39875984192, 35.3025741577, 92.373626709, 20.6121311188, 8.3731174469], [-87.6202316284, -71.7464828491, 41.0413856506, 45.1129875183, 38.756477356, 24.0028495789, -3.63993453979, 2.12544298172, 25.1351394653, 15.0026512146, 20.6121311188, 73.1809463501, 33.4851264954], [-36.7792778015, -31.6335144043, -3.51978206635, 19.0023002625, 2.08095312119, 4.83080244064, 27.4009571075, 25.0010356903, -6.15530776978, 25.05818367, 8.3731174469, 33.4851264954, 75.5142211914]], "icov": [[0.000134340531076, 9.14892443689e-05, 0.000105407896626, -9.49519235292e-05, 0.000126122613437, 2.43850936386e-05, 1.96173441509e-05, -7.06479258952e-05, 0.000128887186293, -0.00016546464758, 0.000298151571769, 4.10462507716e-06, 0.000174332148163], [9.14892443689e-05, 0.000577788101509, -6.74651237205e-05, 0.000593087112065, -0.000515243620612, 0.000458167400211, -0.000146781341755, -0.000442051707068, 0.000174976346898, 5.50508193555e-05, -2.06569147849e-05, 0.000333389820298, 0.000169165476109], [0.000105407896626, -6.74651237205e-05, 0.00217117019929, -0.000582948501687, 0.000857843842823, -0.00146932492498, -3.96244613512e-05, 0.000558617874049, -0.000946294690948, 0.00108348508365, -0.000298053724691, -0.000621490878984, 4.27220329584e-05], [-9.49519235292e-05, 0.000593087112065, -0.000582948501687, 0.00414093909785, -0.0023865045514, -0.00119792611804, 9.53089183895e-05, -0.000871724740136, 0.00120382779278, -0.000842357694637, 0.000684469181579, -0.000536294654012, 6.89962180331e-05], [0.000126122613437, -0.000515243620612, 0.000857843842823, -0.0023865045514, 0.00450615165755, -0.00124723103363, 1.79150520125e-05, 0.00084050494479, -0.00176603964064, 0.00148942321539, -0.000397054915084, -0.000943186751101, -1.89839793165e-05], [2.43850936386e-05, 0.000458167400211, -0.00146932492498, -0.00119792611804, -0.00124723103363, 0.00875255651772, -0.00142910471186, -0.00166424398776, -0.000451398111181, 0.000584066845477, 1.40032252602e-05, -0.000631403992884, 0.00102859328035], [1.96173441509e-05, -0.000146781341755, -3.96244613512e-05, 9.53089183895e-05, 1.79150520125e-05, -0.00142910471186, 0.00971970986575, -0.00444203848019, 0.00271298759617, -0.000440111471107, -0.00319582526572, 0.00197965023108, -0.00219934410416], [-7.06479258952e-05, -0.000442051707068, 0.000558617874049, -0.000871724740136, 0.00084050494479, -0.00166424398776, -0.00444203848019, 0.0125252455473, -0.00403391150758, -0.000594822107814, -0.000859609863255, 0.00263232155703, -0.00362924067304], [0.000128887186293, 0.000174976346898, -0.000946294690948, 0.00120382779278, -0.00176603964064, -0.000451398111181, 0.00271298759617, -0.00403391150758, 0.0108355768025, -0.00484435027465, 0.00182671495713, -0.0036880299449, 0.00414126226678], [-0.00016546464758, 5.50508193555e-05, 0.00108348508365, -0.000842357694637, 0.00148942321539, 0.000584066845477, -0.000440111471107, -0.000594822107814, -0.00484435027465, 0.0161907654256, -0.00610901182517, 0.00119911134243, -0.005138696637], [0.000298151571769, -2.06569147849e-05, -0.000298053724691, 0.000684469181579, -0.000397054915084, 1.40032252602e-05, -0.00319582526572, -0.000859609863255, 0.00182671495713, -0.00610901182517, 0.0164846144617, -0.00585436727852, 0.00434893649071], [4.10462507716e-06, 0.000333389820298, -0.000621490878984, -0.000536294654012, -0.000943186751101, -0.000631403992884, 0.00197965023108, 0.00263232155703, -0.0036880299449, 0.00119911134243, -0.00585436727852, 0.0234354902059, -0.0117171453312], [0.000174332148163, 0.000169165476109, 4.27220329584e-05, 6.89962180331e-05, -1.89839793165e-05, 0.00102859328035, -0.00219934410416, -0.00362924067304, 0.00414126226678, -0.005138696637, 0.00434893649071, -0.0117171453312, 0.0220735240728]]}, "silence_rate_20dB": {"dvar2": 0, "var": 0, "min": 1, "dmean": 0, "mean": 1, "max": 1, "dmean2": 0, "median": 1, "dvar": 0}, "melbands_kurtosis": {"dvar2": 4650292, "var": 20045804, "min": -1.65223836899, "dmean": 135.741424561, "mean": 541.760498047, "max": 52482.9140625, "dmean2": 220.95211792, "median": 15.279999733, "dvar": 2176582}, "barkbands_spread": {"dvar2": 200.427322388, "var": 188.353881836, "min": 0.0107139153406, "dmean": 6.03802680969, "mean": 12.2859802246, "max": 121.773269653, "dmean2": 9.31116485596, "median": 8.02684211731, "dvar": 87.6559371948}, "erbbands_skewness": {"dvar2": 0.694081902504, "var": 0.809636950493, "min": -3.14094257355, "dmean": 0.531772911549, "mean": 0.643418490887, "max": 6.19326782227, "dmean2": 0.797810971737, "median": 0.584920167923, "dvar": 0.300617009401}, "average_loudness": 0.961563408375, "spectral_centroid": {"dvar2": 322189.5625, "var": 480724.9375, "min": 105.350112915, "dmean": 246.988632202, "mean": 744.454956055, "max": 11407.4853516, "dmean2": 382.540802002, "median": 557.292358398, "dvar": 148275.953125}, "dissonance": {"dvar2": 0.00196558563039, "var": 0.00310092396103, "min": 0.156327694654, "dmean": 0.0295779891312, "mean": 0.430705845356, "max": 0.500000119209, "dmean2": 0.0463218204677, "median": 0.446007877588, "dvar": 0.000861758424435}, "erbbands_flatness_db": {"dvar2": 0.00130709365476, "var": 0.00635464675725, "min": 0.0331041291356, "dmean": 0.0245840065181, "mean": 0.175290450454, "max": 0.484659731388, "dmean2": 0.0332875587046, "median": 0.153550595045, "dvar": 0.000744366727304}, "spectral_strongpeak": {"dvar2": 0.490681499243, "var": 0.269459247589, "min": 0, "dmean": 0.309787422419, "mean": 0.59178930521, "max": 4.47358322144, "dmean2": 0.521480321884, "median": 0.462714970112, "dvar": 0.19631627202}, "spectral_rms": {"dvar2": 6.43930616206e-06, "var": 8.55151847645e-06, "min": 3.19673345954e-12, "dmean": 0.00139864056837, "mean": 0.00585413444787, "max": 0.0154380965978, "dmean2": 0.00203827791847, "median": 0.00518365530297, "dvar": 3.18747197525e-06}, "silence_rate_60dB": {"dvar2": 0.0127825504169, "var": 0.0247206166387, "min": 0, "dmean": 0.00557266455144, "mean": 0.0253665689379, "max": 1, "dmean2": 0.011146963574, "median": 0, "dvar": 0.00554121378809}, "melbands": {"dvar2": [7.32957414584e-05, 5.18856213603e-05, 5.30504403287e-05, 2.66913702944e-05, 8.58404121118e-07, 1.82947445637e-07, 4.75593679994e-08, 4.88955365086e-08, 1.30033015466e-07, 3.91913737019e-08, 3.5383276753e-08, 1.39127687149e-08, 2.93617397062e-08, 1.43333123148e-08, 5.0921835637e-09, 3.04108316307e-09, 1.89353932534e-09, 1.27872634703e-09, 2.79317191598e-09, 4.84703921444e-09, 2.03300842827e-09, 7.91393228727e-10, 2.16944948117e-10, 3.13477688252e-10, 2.42386305471e-10, 9.4242870452e-11, 1.95073485143e-10, 3.71529917942e-10, 2.32571198411e-10, 1.2703653407e-10, 8.49318601559e-11, 3.68126917838e-11, 3.89031688808e-11, 3.81689124751e-11, 3.16600946848e-11, 2.20698893189e-11, 1.61453992537e-11, 2.0476478152e-11, 1.36302176143e-11, 9.36520739431e-12], "var": [5.3201438277e-05, 4.68304569949e-05, 2.25406856771e-05, 6.60105160932e-06, 4.00280612212e-07, 1.66975226534e-07, 4.40603074026e-08, 4.17826591104e-08, 1.6868933983e-07, 3.68053534316e-08, 3.55746117009e-08, 1.46979690641e-08, 2.19440732252e-08, 1.2471161881e-08, 2.72210454177e-09, 1.43934386632e-09, 9.70975855275e-10, 4.39695141408e-10, 8.36909264113e-10, 1.22171994743e-09, 6.18125939322e-10, 3.07512487696e-10, 7.22440093859e-11, 1.01644748174e-10, 1.03135555651e-10, 3.80205832096e-11, 6.14832490475e-11, 9.93212873057e-11, 9.17976042403e-11, 5.94814822397e-11, 4.43159363372e-11, 3.48175099862e-11, 3.26205035206e-11, 2.70667169233e-11, 2.34035690133e-11, 1.48547164153e-11, 1.56649571786e-11, 1.22947129907e-11, 9.11445138113e-12, 9.98716474104e-12], "min": [2.44897963164e-24, 6.00058643812e-24, 1.29574269101e-24, 3.9717115261e-24, 3.46551723259e-24, 2.13990629556e-24, 2.74012097606e-24, 3.48877009107e-24, 5.17549946241e-24, 5.47431050697e-24, 3.77080285304e-24, 4.74448242987e-24, 5.29769401662e-24, 4.37604218308e-24, 4.63181652653e-24, 7.65159342665e-24, 6.91663617595e-24, 1.31570418513e-23, 7.56459547944e-24, 5.94528847195e-24, 6.7871659576e-24, 4.72634651766e-24, 4.81768556643e-24, 7.13569811616e-24, 7.31485394976e-24, 7.30363871427e-24, 6.33873679274e-24, 8.39959212585e-24, 9.21421959481e-24, 8.3662666969e-24, 7.64425938682e-24, 6.59794307556e-24, 8.57070473366e-24, 7.80778630817e-24, 8.43450237634e-24, 7.79881459309e-24, 8.28922811862e-24, 1.0701433027e-23, 7.22830880871e-24, 8.7600960375e-24], "dmean": [0.00303610274568, 0.00280840485357, 0.00254349317402, 0.00126329110935, 0.000325352040818, 0.000185543685802, 9.64946157183e-05, 8.32664809423e-05, 0.000127173640067, 7.09044688847e-05, 7.02915349393e-05, 4.55686604255e-05, 4.28390267189e-05, 3.41146114806e-05, 1.98637062567e-05, 1.6565380065e-05, 1.37852684929e-05, 9.25572567212e-06, 1.32078594106e-05, 1.40334259413e-05, 1.17123518066e-05, 8.34249385662e-06, 4.06958088206e-06, 3.91727053284e-06, 3.46327442458e-06, 2.27496047955e-06, 2.62411299445e-06, 2.97212682199e-06, 2.67535392595e-06, 2.22039739128e-06, 1.91640447156e-06, 1.43152487908e-06, 1.47188245592e-06, 1.41520081343e-06, 1.4066587255e-06, 1.01529838048e-06, 8.12461905753e-07, 6.62179729716e-07, 5.62426521356e-07, 5.09594599407e-07], "mean": [0.00468446174636, 0.00469569396228, 0.0031081228517, 0.00113027670886, 0.000477931345813, 0.000334265059792, 0.000170886574779, 0.0001369965903, 0.000206933313166, 0.000109256776341, 0.000117422707262, 6.99712181813e-05, 5.75430858589e-05, 5.10934878548e-05, 2.66066854238e-05, 2.00902104552e-05, 1.60015533766e-05, 9.91599517874e-06, 1.34091924338e-05, 1.32908435262e-05, 1.23631098177e-05, 9.09743448574e-06, 4.37682137999e-06, 4.36043410446e-06, 4.57660871689e-06, 2.98145664601e-06, 3.10552809424e-06, 3.29738099936e-06, 3.27639372699e-06, 2.83904046228e-06, 2.49912295658e-06, 2.2781325697e-06, 2.17926526602e-06, 1.95898314814e-06, 1.89888078239e-06, 1.46411639435e-06, 1.23770723803e-06, 9.65620415627e-07, 7.15415296781e-07, 6.52628159514e-07], "max": [0.0472931042314, 0.0432010479271, 0.0405460968614, 0.026469649747, 0.0068519487977, 0.00568446330726, 0.00218386459164, 0.00232177856378, 0.00600381754339, 0.00332600669935, 0.00179873721208, 0.00148667162284, 0.00181978929322, 0.00142223283183, 0.00144643615931, 0.000747124198824, 0.000457476155134, 0.000336786091793, 0.000452468637377, 0.000593883625697, 0.000465417746454, 0.000212453654967, 0.000142732926179, 0.000179539565579, 0.000257608946413, 9.73504284048e-05, 0.000100048659078, 0.000214959392906, 0.000173242733581, 9.23035549931e-05, 6.54917676002e-05, 5.4355856264e-05, 5.70402917219e-05, 5.08822777192e-05, 3.77292271878e-05, 8.63420718815e-05, 0.000116839815746, 0.000133434601594, 0.000105730017822, 9.48385641095e-05], "dmean2": [0.00460493564606, 0.00419084168971, 0.0040995804593, 0.00226412434131, 0.000532437581569, 0.000289269082714, 0.000148457635078, 0.000128999352455, 0.000195613800315, 0.000109342785436, 0.000107340463728, 7.36481160857e-05, 6.81227465975e-05, 5.46558367205e-05, 3.26133995259e-05, 2.74929825537e-05, 2.37347885559e-05, 1.60490726557e-05, 2.32019847317e-05, 2.54564220086e-05, 2.10419693758e-05, 1.45635513036e-05, 7.07025628799e-06, 6.832633062e-06, 6.02503951086e-06, 3.87896579923e-06, 4.60149021819e-06, 5.19057175552e-06, 4.19316438638e-06, 3.67477377949e-06, 3.29561316903e-06, 2.18229934035e-06, 2.22856237997e-06, 2.18370519178e-06, 2.2032072593e-06, 1.6050908016e-06, 1.23134600472e-06, 1.02825629256e-06, 9.09776360913e-07, 7.86682676335e-07], "median": [0.00123805040494, 0.00190751592163, 0.0013750125654, 0.000348611443769, 0.000269835290965, 0.000195368018467, 0.000101033321698, 6.14329110249e-05, 8.12592625152e-05, 4.2572934035e-05, 4.38055212726e-05, 2.71251356025e-05, 1.24213120216e-05, 1.3182298062e-05, 9.33460978558e-06, 6.27935241937e-06, 4.89805233883e-06, 2.8336428386e-06, 4.18847730543e-06, 1.99861460715e-06, 3.04853438138e-06, 1.70698240254e-06, 1.05134404293e-06, 9.07853063836e-07, 6.4500005692e-07, 5.59497152608e-07, 4.30599982337e-07, 3.16780813137e-07, 2.51191920597e-07, 1.72481037453e-07, 1.54147727471e-07, 1.20649772839e-07, 1.55548178782e-07, 1.71765648815e-07, 1.69832148345e-07, 1.27254025983e-07, 1.46906614873e-07, 1.24281939407e-07, 8.36152480588e-08, 7.05584284333e-08], "dvar": [2.99399853247e-05, 2.51375404332e-05, 2.22483013204e-05, 9.67125379248e-06, 3.26060217049e-07, 7.22611943615e-08, 2.0062108419e-08, 1.98220053704e-08, 6.50527951507e-08, 1.83990831459e-08, 1.58541482165e-08, 5.93470872445e-09, 1.24834613757e-08, 6.0413527514e-09, 1.99344540874e-09, 1.19222576256e-09, 7.2436756593e-10, 4.72709482668e-10, 1.03444963706e-09, 1.69679603701e-09, 7.10306091722e-10, 2.85964280033e-10, 7.88452081402e-11, 1.07919777281e-10, 8.36047411856e-11, 3.26581955923e-11, 6.6737025628e-11, 1.26652202614e-10, 8.74643135695e-11, 4.6079192545e-11, 3.12319024809e-11, 1.63476766846e-11, 1.65895196885e-11, 1.55695473875e-11, 1.295