{"tonal": {"thpcp": [1, 0.992354094982, 0.677939593792, 0.430353105068, 0.312582135201, 0.269021719694, 0.338208556175, 0.425026029348, 0.527078390121, 0.701291739941, 0.7044724226, 0.596999585629, 0.618244767189, 0.566855013371, 0.474258601665, 0.620190143585, 0.847682774067, 0.756243228912, 0.614811003208, 0.589088857174, 0.614317238331, 0.694197773933, 0.563698530197, 0.409531086683, 0.525119125843, 0.705622911453, 0.669447600842, 0.560050845146, 0.471876531839, 0.442309468985, 0.532144844532, 0.608884572983, 0.580051004887, 0.506879270077, 0.444602042437, 0.641635537148], "hpcp": {"dmean2": [0.329988598824, 0.301817297935, 0.289750903845, 0.327920973301, 0.36300316453, 0.345425248146, 0.304147750139, 0.300987064838, 0.31336247921, 0.337776511908, 0.291116595268, 0.254551559687, 0.281472802162, 0.344190597534, 0.31887704134, 0.297828882933, 0.267363637686, 0.265058070421, 0.278397500515, 0.291357696056, 0.286512285471, 0.266695827246, 0.237421631813, 0.339051097631, 0.520185768604, 0.412881791592, 0.311581164598, 0.227894470096, 0.188278853893, 0.181237325072, 0.215646877885, 0.253830850124, 0.285635620356, 0.331569880247, 0.358629763126, 0.347588419914], "median": [0.0852809846401, 0.0739945471287, 0.0723158046603, 0.0953916758299, 0.122379735112, 0.125745624304, 0.0976049154997, 0.0780745744705, 0.102023169398, 0.117572650313, 0.0943505838513, 0.06266233325, 0.0765932351351, 0.0989739075303, 0.101709246635, 0.0844520628452, 0.0671948194504, 0.059985935688, 0.0711886882782, 0.0875721722841, 0.0963862389326, 0.0773482471704, 0.0667492300272, 0.125306546688, 0.200585186481, 0.228789061308, 0.129228830338, 0.0692082643509, 0.0393597632647, 0.0342103540897, 0.0443330034614, 0.0561261512339, 0.0828961804509, 0.124292090535, 0.123191379011, 0.0881959944963], "min": [0, 0, 0, 0, 0, 0, 0, 0, 0, 0, 0, 0, 0, 0, 0, 0, 0, 0, 0, 0, 0, 0, 0, 0, 0, 0, 0, 0, 0, 0, 0, 0, 0, 0, 0, 0], "dvar2": [0.153401181102, 0.136146977544, 0.134972855449, 0.136910453439, 0.159524291754, 0.135343372822, 0.113767012954, 0.128763541579, 0.122865431011, 0.132161706686, 0.112987361848, 0.105983868241, 0.111299499869, 0.159751296043, 0.137798920274, 0.128127962351, 0.111345462501, 0.115843452513, 0.124248795211, 0.124563671649, 0.106819264591, 0.108537532389, 0.0896104127169, 0.101841658354, 0.219176739454, 0.128242567182, 0.108560338616, 0.0880132317543, 0.0763606578112, 0.0803774520755, 0.0971503704786, 0.123698033392, 0.126191794872, 0.127328395844, 0.152739241719, 0.151195108891], "dvar": [0.0569554381073, 0.050091098994, 0.0482012555003, 0.0501567535102, 0.0607634820044, 0.0504743009806, 0.0420960709453, 0.0481737069786, 0.0450948812068, 0.0511322394013, 0.0410176701844, 0.0375902205706, 0.0406430028379, 0.0587042942643, 0.0504730977118, 0.0460874848068, 0.0416992194951, 0.0434368029237, 0.0474676713347, 0.0473720282316, 0.0403932519257, 0.0403039231896, 0.0332411900163, 0.0369593091309, 0.0811761468649, 0.0499388389289, 0.0413577891886, 0.0319187678397, 0.027726335451, 0.0283437464386, 0.0352529622614, 0.0452785603702, 0.0453177727759, 0.0475995764136, 0.0545634552836, 0.0549363195896], "dmean": [0.185112267733, 0.169432207942, 0.160269483924, 0.184449583292, 0.205755710602, 0.197660326958, 0.173262417316, 0.169053420424, 0.17779648304, 0.193751752377, 0.165491297841, 0.141351997852, 0.15932944417, 0.197234764695, 0.183719336987, 0.168608397245, 0.150127232075, 0.149258807302, 0.158486068249, 0.167086735368, 0.165572986007, 0.152126044035, 0.13429428637, 0.190724670887, 0.291932016611, 0.238069564104, 0.180841237307, 0.129841923714, 0.104570224881, 0.0995750725269, 0.119681857526, 0.141948387027, 0.161622673273, 0.189723074436, 0.204698324203, 0.195824235678], "max": [1, 1, 1, 1, 1, 1, 1, 1, 1, 1, 1, 1, 1, 1, 1, 1, 1, 1, 1, 1, 1, 1, 1, 1, 1, 1, 1, 1, 1, 1, 1, 1, 1, 1, 1, 1], "var": [0.0679702833295, 0.0633325427771, 0.0425520502031, 0.0602112114429, 0.102221362293, 0.0757356360555, 0.0577576309443, 0.0672813951969, 0.0541216731071, 0.068811096251, 0.0476694740355, 0.0328289121389, 0.0484819635749, 0.0792785361409, 0.0690227895975, 0.0547726526856, 0.0455624163151, 0.0411920510232, 0.0569119155407, 0.0635663196445, 0.0532642267644, 0.0478397272527, 0.03971086815, 0.0474606379867, 0.104405708611, 0.085426017642, 0.0576499141753, 0.0356038175523, 0.0271393414587, 0.0214263312519, 0.0295866001397, 0.043040137738, 0.0479991845787, 0.0657752901316, 0.0685745850205, 0.0594807676971], "mean": [0.201772779226, 0.185001030564, 0.154780894518, 0.202407687902, 0.276653081179, 0.246810510755, 0.200652137399, 0.192257344723, 0.20049098134, 0.226561099291, 0.183970868587, 0.133656173944, 0.171379938722, 0.23028986156, 0.218483537436, 0.182780385017, 0.154003471136, 0.144353851676, 0.173672884703, 0.198717951775, 0.189307719469, 0.165427103639, 0.145102068782, 0.209406688809, 0.326363921165, 0.323868572712, 0.221255019307, 0.140451729298, 0.102015532553, 0.0877989828587, 0.110379070044, 0.138713166118, 0.17201936245, 0.228876322508, 0.2299143821, 0.194839134812]}, "tuning_equal_tempered_deviation": 0.208982363343, "chords_changes_rate": 0.0650374442339, "key_key": "A#", "tuning_diatonic_strength": 0.435046076775, "key_scale": "minor", "chords_number_rate": 0.00275916443206, "tuning_frequency": 434.193115234, "tuning_nontempered_energy_ratio": 0.870423913002, "chords_histogram": [21.5608978271, 15.3724870682, 15.0177373886, 1.51754045486, 0.532124578953, 0.335041373968, 0.0394166335464, 4.19787168503, 15.7272367477, 7.50886869431, 0.0197083167732, 0.413874655962, 1.22191560268, 0, 0.670082747936, 0, 1.02483248711, 1.1036657095, 2.97595596313, 1.55695700645, 7.21324396133, 1.93141508102, 0.0591249503195, 0], "key_strength": 0.517999827862, "chords_key": "A#", "chords_strength": {"dmean2": 0.0146094914526, "median": 0.548391819, "min": -1, "dvar2": 0.0010193149792, "dvar": 0.000487683864776, "dmean": 0.0127383563668, "max": 0.804331898689, "var": 0.02070488967, "mean": 0.54326492548}, "chords_scale": "minor", "hpcp_entropy": {"dmean2": 1.16948211193, "median": 2.42700076103, "min": 0, "dvar2": 0.830914139748, "dvar": 0.290499150753, "dmean": 0.686839103699, "max": 4.67977333069, "var": 0.520559370518, "mean": 2.39574241638}}, "metadata": {"audio_properties": {"equal_loudness": 0, "codec": "mp3", "downmix": "mix", "analysis_sample_rate": 44100, "bit_rate": 234543, "md5_encoded": "8260e4d76328fe34cd014a236928ab32", "length": 235.573303223, "replay_gain": -9.57951164246, "lossless": false}, "version": {"essentia_build_sha": "5a55991247aa8bc5301991e5ebe36927b56abb96", "essentia": "2.1-beta1", "extractor": "music 1.0", "essentia_git_sha": "v2.1_beta1-6-g5578087"}, "tags": {"title": ["\u9060\u91ce\u5996\u602a\u524d\u7dda"], "media": ["CD"], "albumartist": ["COOL&CREATE"], "replaygain_track_peak": ["1.055150"], "discid": ["9D0B700C"], "composer": ["ZUN"], "albumsort": ["\u6771\u65b9\u30b9\u30c8\u30e9\u30a4\u30af (2004-12-30, Cool & Create, cc081fba-b520-470a-b6d2-7db3f906746a)"], "musicbrainz_recordingid": ["185cd35d-78fb-4af2-b59f-e57499cf484c"], "musicbrainz_albumartistid": ["bdcab79b-b4f8-4040-9546-7aca2ee0378e"], "artists": ["COOL&CREATE"], "discnumber": ["1/1"], "album": ["\u6771\u65b9\u30b9\u30c8\u30e9\u30a4\u30af"], "catalognumber": ["CCCD-0007"], "replaygain_track_gain": ["-9.65 dB"], "replaygain_album_peak": ["1.146627"], "musicbrainz album status": ["official"], "file_name": "06 - COOL&CREATE - \u9060\u91ce\u5996\u602a\u524d\u7dda.mp3", "replaygain_album_gain": ["-8.59 dB"], "work": ["\u9060\u91ce\u5e7b\u60f3\u7269\u8a9e"], "date": ["2004"], "genre": ["Touhou"], "musicbrainz album type": ["album"], "musicbrainz_albumid": ["cc081fba-b520-470a-b6d2-7db3f906746a"], "musicip_puid": ["6aec2777-cb73-fb78-1a25-8321a3997bfe"], "musicbrainz release track id": ["9a77e08d-c1ea-3c30-aea0-d837bedb890e"], "musicbrainz_artistid": ["bdcab79b-b4f8-4040-9546-7aca2ee0378e"], "originaldate": ["2004"], "musicbrainz_workid": ["4c8747c2-eea1-308c-a827-551df7e31788"], "artist": ["COOL&CREATE"], "artistsort": ["Cool & Create"], "tracknumber": ["6/12"], "musicbrainz album release country": ["JP"], "albumartistsort": ["Cool & Create"], "script": ["Jpan"], "musicbrainz_releasegroupid": ["0c53a02b-f31a-3850-98e4-c334656a80ba"]}}, "rhythm": {"bpm_histogram_first_peak_bpm": {"dmean2": 0, "median": 91, "min": 91, "dvar2": 0, "dvar": 0, "dmean": 0, "max": 91, "var": 0, "mean": 91}, "bpm": 89.9083175659, "bpm_histogram_second_peak_spread": {"dmean2": 0, "median": 0, "min": 0, "dvar2": 0, "dvar": 0, "dmean": 0, "max": 0, "var": 0, "mean": 0}, "bpm_histogram_first_peak_weight": {"dmean2": 0, "median": 0.521367549896, "min": 0.521367549896, "dvar2": 0, "dvar": 0, "dmean": 0, "max": 0.521367549896, "var": 0, "mean": 0.521367549896}, "onset_rate": 3.49336218834, "beats_position": [0.673378646374, 1.35836732388, 2.0549659729, 2.76317453384, 3.45977306366, 4.13315200806, 4.80653047562, 5.47990942001, 6.15328788757, 6.83827638626, 7.52326536179, 8.20825386047, 8.90485286713, 9.6014509201, 10.2864398956, 10.95981884, 11.6331968307, 12.294965744, 12.9567346573, 13.6301136017, 14.3034915924, 14.9652605057, 15.6270294189, 16.3004074097, 16.9621772766, 17.6239452362, 18.2857131958, 18.9474830627, 19.6208610535, 20.2942390442, 20.9676189423, 21.6293869019, 22.2911567688, 22.9529247284, 23.614692688, 24.2880725861, 24.9614505768, 25.6232185364, 26.2849884033, 26.958366394, 27.6317462921, 28.2935142517, 28.9552822113, 29.6286621094, 30.3020401001, 30.9638080597, 31.6255779266, 32.2989578247, 32.960723877, 33.6224937439, 34.2958717346, 34.9692497253, 35.6310195923, 36.2927894592, 36.96616745, 37.6395454407, 38.3013153076, 38.9630813599, 39.6248512268, 40.2866210938, 40.9599990845, 41.6217689514, 42.2835350037, 42.9569168091, 43.6302947998, 44.2920608521, 44.953830719, 45.6156005859, 46.2889785767, 46.9507484436, 47.6241264343, 48.297504425, 48.959274292, 49.6210403442, 50.2944221497, 50.9561882019, 51.6179580688, 52.2913360596, 52.9647140503, 53.6264839172, 54.2882537842, 54.9616317749, 55.6234016418, 56.2851676941, 56.9585494995, 57.6319274902, 58.2936935425, 58.9554634094, 59.6288414001, 60.2906112671, 60.952381134, 61.6257591248, 62.2991371155, 62.9609069824, 63.6226730347, 64.2960510254, 64.957824707, 65.6195907593, 66.29296875, 66.9663467407, 67.6397247314, 68.3014984131, 68.9632644653, 69.6366424561, 70.2984085083, 70.9601821899, 71.6219482422, 72.2837142944, 72.9570999146, 73.6304779053, 74.2922439575, 74.9540100098, 75.6273880005, 76.2891616821, 76.9509277344, 77.6243057251, 78.2976837158, 78.9710617065, 79.6328353882, 80.2946014404, 80.9563674927, 81.6181411743, 82.291519165, 82.9532852173, 83.626663208, 84.2884368896, 84.9618148804, 85.6351928711, 86.2969589233, 86.9587249756, 87.6321105957, 88.2938766479, 88.9556427002, 89.6290206909, 90.2907943726, 90.9525604248, 91.6259384155, 92.2993164062, 92.9610900879, 93.6228561401, 94.2962341309, 94.9696121216, 95.6313781738, 96.2931518555, 96.9665298462, 97.6399078369, 98.3016738892, 98.9634475708, 99.6368255615, 100.298591614, 100.960357666, 101.622131348, 102.2838974, 102.957275391, 103.630653381, 104.304031372, 104.965805054, 105.627571106, 106.300949097, 106.962722778, 107.624488831, 108.297866821, 108.959632874, 109.621406555, 110.294784546, 110.968162537, 111.629928589, 112.291702271, 112.965080261, 113.626846313, 114.288612366, 114.961990356, 115.623764038, 116.28553009, 116.958908081, 117.620681763, 118.282447815, 118.955825806, 119.629203796, 120.290969849, 120.95274353, 121.626121521, 122.287887573, 122.949661255, 123.623039246, 124.296417236, 124.969795227, 125.631561279, 126.293327332, 126.955101013, 127.616867065, 128.290252686, 128.963623047, 129.625396729, 130.28717041, 130.948928833, 131.610702515, 132.284072876, 132.957458496, 133.630844116, 134.292602539, 134.954376221, 135.627746582, 136.301132202, 136.951293945, 137.624664307, 138.298049927, 138.959823608, 139.621582031, 140.294967651, 140.968338013, 141.630111694, 142.291885376, 142.965255737, 143.638641357, 144.323623657, 145.008621216, 145.681991577, 146.355377197, 147.028747559, 147.713745117, 148.410339355, 149.095321655, 149.768707275, 150.442077637, 151.115463257, 151.777236938, 152.438995361, 153.112380981, 153.785751343, 154.447525024, 155.109298706, 155.782669067, 156.444442749, 157.106216431, 157.779586792, 158.441360474, 159.103118896, 159.776504517, 160.438278198, 161.100036621, 161.773422241, 162.435195923, 163.108566284, 163.770339966, 164.443710327, 165.105484009, 165.76725769, 166.440628052, 167.102401733, 167.752563477, 168.391113281, 169.029663086, 169.668212891, 170.318359375, 170.968521118, 171.6302948, 172.292053223, 172.965438843, 173.615600586, 174.288970947, 174.962356567, 175.624130249, 176.285888672, 176.959274292, 177.632644653, 178.306030273, 178.967803955, 179.629562378, 180.29133606, 180.953109741, 181.626480103, 182.299865723, 182.961624146, 183.623397827, 184.296783447, 184.970153809, 185.63192749, 186.293685913, 186.967071533, 187.628845215, 188.290603638, 188.963989258, 189.625762939, 190.287521362, 190.960906982, 191.622665405, 192.284439087, 192.957824707, 193.631195068, 194.29296875, 194.954742432, 195.628112793, 196.301498413, 196.963256836, 197.625030518, 198.298416138, 198.971786499, 199.633560181, 200.295318604, 200.968704224, 201.630477905, 202.292236328, 202.965621948, 203.62739563, 204.289154053, 204.962539673, 205.624298096, 206.297683716, 206.959457397, 207.632827759, 208.306213379, 208.967971802, 209.641357422, 210.303131104, 210.976501465, 211.638275146, 212.300048828, 212.973419189, 213.635192871, 214.296951294, 214.970336914, 215.620498657, 216.293869019, 216.967254639, 217.62902832, 218.290786743, 218.952560425, 219.614334106, 220.287704468, 220.961090088, 221.634460449, 222.296234131, 222.958007812, 223.631378174, 224.293151855, 224.966522217, 225.628295898, 226.29006958, 226.951828003, 227.625213623, 228.298583984, 228.960357666, 229.622131348, 230.295501709, 230.968887329, 231.630645752, 232.292419434, 232.965805054, 233.639175415, 234.312561035, 234.985931396], "beats_loudness": {"dmean2": 0.0268664900213, "median": 0.0443138480186, "min": 0, "dvar2": 0.000551303091925, "dvar": 0.000188715101103, "dmean": 0.0151594383642, "max": 0.111227728426, "var": 0.000416592112742, "mean": 0.0443065799773}, "danceability": 1.04866170883, "bpm_histogram_second_peak_weight": {"dmean2": 0, "median": 0.0170940179378, "min": 0.0170940179378, "dvar2": 0, "dvar": 0, "dmean": 0, "max": 0.0170940179378, "var": 0, "mean": 0.0170940179378}, "beats_count": 352, "bpm_histogram_second_peak_bpm": {"dmean2": 0, "median": 86, "min": 86, "dvar2": 0, "dvar": 0, "dmean": 0, "max": 86, "var": 0, "mean": 86}, "bpm_histogram_first_peak_spread": {"dmean2": 0, "median": 0.469565212727, "min": 0.469565212727, "dvar2": 0, "dvar": 0, "dmean": 0, "max": 0.469565212727, "var": 0, "mean": 0.469565212727}, "beats_loudness_band_ratio": {"dmean2": [0.258551239967, 0.182764172554, 0.14488081634, 0.138096868992, 0.06498388201, 0.116095416248], "median": [0.245044440031, 0.146052062511, 0.101820014417, 0.129878222942, 0.0584125891328, 0.181293651462], "min": [0, 0, 0, 0, 0, 0], "dvar2": [0.0428413972259, 0.0239580459893, 0.0173346269876, 0.0170632600784, 0.00513869477436, 0.00878107920289], "dvar": [0.0146148893982, 0.00986206252128, 0.00622635055333, 0.00593901099637, 0.00197200826369, 0.00309324846603], "dmean": [0.149635270238, 0.106149584055, 0.084229066968, 0.0800355821848, 0.0370567589998, 0.0652568489313], "max": [0.925572812557, 0.679179549217, 0.635381281376, 0.576663017273, 0.424716114998, 0.468442440033], "var": [0.0261828582734, 0.0189433228225, 0.00909784343094, 0.0109352888539, 0.00242564361542, 0.00646968046203], "mean": [0.280156672001, 0.192139282823, 0.13578145206, 0.156877174973, 0.0682817474008, 0.186684429646]}}, "lowlevel": {"barkbands_spread": {"dmean2": 10.1172857285, "median": 30.4860725403, "min": 0.619435846806, "dvar2": 74.1477508545, "dvar": 30.6237564087, "dmean": 6.41062068939, "max": 89.8536071777, "var": 126.733688354, "mean": 31.1841068268}, "melbands_spread": {"dmean2": 10.0886745453, "median": 25.0670795441, "min": 0.517796337605, "dvar2": 75.3523788452, "dvar": 32.6235198975, "dmean": 6.43807077408, "max": 159.72227478, "var": 209.182861328, "mean": 26.6024894714}, "hfc": {"dmean2": 54.7981338501, "median": 139.093582153, "min": 1.02856210019e-16, "dvar2": 3483.55615234, "dvar": 1409.62658691, "dmean": 35.0118560791, "max": 755.592163086, "var": 5547.86083984, "mean": 138.822631836}, "barkbands_kurtosis": {"dmean2": 3.68949556351, "median": 1.78387880325, "min": -1.49672687054, "dvar2": 94.2294616699, "dvar": 33.0080757141, "dmean": 2.25236487389, "max": 180.455322266, "var": 56.4419975281, "mean": 3.32311034203}, "gfcc": {"mean": [28.3796749115, 79.2424087524, -101.522155762, -0.345417559147, -20.3483505249, -20.0734634399, 3.87177252769, -20.3350028992, -4.06247138977, -7.98309707642, -4.10701084137, 2.98719072342, -7.36347341537], "icov": [[0.000104379403638, -0.000223371011089, 0.000588769325987, -0.000328209600411, 0.000166534024174, 3.01016825688e-05, -8.48666095408e-05, -0.000192210951354, 0.000445091456641, -0.000432371045463, 0.000447928818176, -0.000463415053673, 0.000424210797064], [-0.000223371011089, 0.00326750334352, -0.00137238146272, 0.00131113571115, -0.00130070257001, -7.49417959014e-05, 0.000793370825704, 0.00111004675273, -0.00341407605447, 0.00387374171987, -0.00382642960176, 0.00405533611774, -0.00372295547277], [0.000588769325987, -0.00137238146272, 0.00862253922969, -0.00537570239976, 0.000897101534065, -0.00156020722352, 0.00136708980426, -0.00475928699598, 0.00411569746211, -0.00359208090231, 0.00250015268102, -0.00225579552352, 0.00327501632273], [-0.000328209600411, 0.00131113571115, -0.00537570239976, 0.00833225622773, -0.000522761896718, 0.00167992711067, -0.000649854831863, 0.00422797072679, -0.00312467454933, 0.00136760098394, -0.00067354895873, 0.00233107432723, -0.00176941801328], [0.000166534024174, -0.00130070257001, 0.000897101534065, -0.000522761896718, 0.0101861925796, -0.00583407375962, -0.00274935411289, 0.00231500971131, -0.00152327783871, 0.00327669875696, -0.00362055609003, 0.00200954196043, -0.00033307535341], [3.01016825688e-05, -7.49417959014e-05, -0.00156020722352, 0.00167992711067, -0.00583407375962, 0.0147305298597, -0.000842716661282, -0.00467702979222, 0.0048669395037, -0.00470393337309, 0.00134494318627, -0.00068511191057, 0.000200226219022], [-8.48666095408e-05, 0.000793370825704, 0.00136708980426, -0.000649854831863, -0.00274935411289, -0.000842716661282, 0.0108572468162, -0.0026636030525, -0.00220301910304, 0.00238389871083, 0.00117162044626, -0.00208417815156, 0.00323935295455], [-0.000192210951354, 0.00111004675273, -0.00475928699598, 0.00422797072679, 0.00231500971131, -0.00467702979222, -0.0026636030525, 0.017455002293, -0.00803015567362, 0.00268970988691, -0.00104617199395, 0.00568611966446, -0.00698884483427], [0.000445091456641, -0.00341407605447, 0.00411569746211, -0.00312467454933, -0.00152327783871, 0.0048669395037, -0.00220301910304, -0.00803015567362, 0.0225400514901, -0.0156805682927, 0.0095867421478, -0.00971843674779, 0.00730172963813], [-0.000432371045463, 0.00387374171987, -0.00359208090231, 0.00136760098394, 0.00327669875696, -0.00470393337309, 0.00238389871083, 0.00268970988691, -0.0156805682927, 0.0330426692963, -0.0227962583303, 0.0134775871411, -0.00482432963327], [0.000447928818176, -0.00382642960176, 0.00250015268102, -0.00067354895873, -0.00362055609003, 0.00134494318627, 0.00117162044626, -0.00104617199395, 0.0095867421478, -0.0227962583303, 0.0406959727407, -0.0256279185414, 0.0087047368288], [-0.000463415053673, 0.00405533611774, -0.00225579552352, 0.00233107432723, 0.00200954196043, -0.00068511191057, -0.00208417815156, 0.00568611966446, -0.00971843674779, 0.0134775871411, -0.0256279185414, 0.038504447788, -0.0161594487727], [0.000424210797064, -0.00372295547277, 0.00327501632273, -0.00176941801328, -0.00033307535341, 0.000200226219022, 0.00323935295455, -0.00698884483427, 0.00730172963813, -0.00482432963327, 0.0087047368288, -0.0161594487727, 0.0217488314956]], "cov": [[20096.9824219, 412.438293457, -1545.73937988, -79.768409729, -255.649917603, -395.510681152, 216.518386841, -348.174804688, -47.7843322754, -95.6633148193, -60.3045654297, 102.980438232, -144.050430298], [412.438293457, 548.928283691, -35.8134841919, -71.1393585205, 90.9680633545, 25.4764766693, -20.4381847382, 13.8260536194, 22.4664649963, -31.233707428, 19.0956192017, 2.13644099236, 73.6452331543], [-1545.73937988, -35.8134841919, 356.115814209, 131.359619141, -5.90972471237, 49.333240509, -39.7412643433, 58.7705307007, -4.43072223663, 27.6533985138, -5.88014650345, -28.8420619965, -6.11367988586], [-79.768409729, -71.1393585205, 131.359619141, 228.616577148, -24.9829311371, -29.1144256592, -8.14237785339, -25.872045517, 7.51497983932, 11.3284482956, -12.0326766968, -16.6941661835, -26.616394043], [-255.649917603, 90.9680633545, -5.90972471237, -24.9829311371, 172.131530762, 69.1936569214, 39.6076431274, 4.09538650513, 1.11601185799, -12.4221878052, 14.1921157837, -0.381600618362, 7.73758125305], [-395.510681152, 25.4764766693, 49.333240509, -29.1144256592, 69.1936569214, 124.01802063, 15.0877132416, 41.714225769, -10.2569274902, 8.8782043457, 7.4430141449, -5.31176996231, 11.8406248093], [216.518386841, -20.4381847382, -39.7412643433, -8.14237785339, 39.6076431274, 15.0877132416, 128.090118408, 14.2189626694, 18.7672672272, -10.8082475662, -8.19973182678, -0.221966922283, -22.0225124359], [-348.174804688, 13.8260536194, 58.7705307007, -25.872045517, 4.09538650513, 41.714225769, 14.2189626694, 108.887001038, 26.2564716339, 10.6729230881, -7.89012527466, -9.08621311188, 20.7133712769], [-47.7843322754, 22.4664649963, -4.43072223663, 7.51497983932, 1.11601185799, -10.2569274902, 18.7672672272, 26.2564716339, 91.1047668457, 35.7256774902, 6.82417964935, 3.73892998695, -10.8051528931], [-95.6633148193, -31.233707428, 27.6533985138, 11.3284482956, -12.4221878052, 8.8782043457, -10.8082475662, 10.6729230881, 35.7256774902, 74.9001998901, 32.9904441833, 2.98225021362, -8.32368946075], [-60.3045654297, 19.0956192017, -5.88014650345, -12.0326766968, 14.1921157837, 7.4430141449, -8.19973182678, -7.89012527466, 6.82417964935, 32.9904441833, 65.2724151611, 34.6743507385, 7.85164403915], [102.980438232, 2.13644099236, -28.8420619965, -16.6941661835, -0.381600618362, -5.31176996231, -0.221966922283, -9.08621311188, 3.73892998695, 2.98225021362, 34.6743507385, 63.6991424561, 31.3552322388], [-144.050430298, 73.6452331543, -6.11367988586, -26.616394043, 7.73758125305, 11.8406248093, -22.0225124359, 20.7133712769, -10.8051528931, -8.32368946075, 7.85164403915, 31.3552322388, 92.0323944092]]}, "spectral_energyband_middle_low": {"dmean2": 0.00987325794995, "median": 0.0114163625985, "min": 1.73236530603e-22, "dvar2": 0.000116838054964, "dvar": 5.49643664272e-05, "dmean": 0.00653540436178, "max": 0.123863019049, "var": 0.000128617088194, "mean": 0.0140296090394}, "melbands_crest": {"dmean2": 6.66528367996, "median": 11.3105373383, "min": 1.42448604107, "dvar2": 30.1227321625, "dvar": 11.4325399399, "dmean": 4.00762176514, "max": 34.5246391296, "var": 24.7002639771, "mean": 12.2415266037}, "spectral_kurtosis": {"dmean2": 3.2859518528, "median": 11.2949857712, "min": -1.24857723713, "dvar2": 25.3533668518, "dvar": 10.2090959549, "dmean": 2.10943317413, "max": 88.3718643188, "var": 28.0343112946, "mean": 12.8221168518}, "spectral_rms": {"dmean2": 0.00162499537691, "median": 0.00621183728799, "min": 3.09807843442e-12, "dvar2": 2.45355408879e-06, "dvar": 1.05503909253e-06, "dmean": 0.00106038257945, "max": 0.0127778984606, "var": 4.30268528362e-06, "mean": 0.00597300007939}, "zerocrossingrate": {"dmean2": 0.0410877726972, "median": 0.2451171875, "min": 0.0185546875, "dvar2": 0.00122409581672, "dvar": 0.000701632059645, "dmean": 0.0314188711345, "max": 0.634765625, "var": 0.00488723348826, "mean": 0.247167423368}, "silence_rate_60dB": {"dmean2": 0.00473139481619, "median": 0, "min": 0, "dvar2": 0.00549746025354, "dvar": 0.00235992181115, "dmean": 0.00236546411179, "max": 1, "var": 0.0549382977188, "mean": 0.0583423674107}, "erbbands_kurtosis": {"dmean2": 1.31550824642, "median": -0.22025680542, "min": -1.6227158308, "dvar2": 4.03400802612, "dvar": 1.74689519405, "dmean": 0.817183852196, "max": 67.8969345093, "var": 2.94797444344, "mean": 0.224975124002}, "erbbands": {"dmean2": [0.297760903835, 2.12763118744, 5.78443717957, 6.67191505432, 7.81755876541, 16.6984004974, 27.3944892883, 31.1627006531, 30.8345832825, 31.1808795929, 25.9961242676, 43.244972229, 47.6637649536, 74.3509979248, 86.1189041138, 66.4559173584, 74.9980010986, 40.191280365, 38.6146965027, 25.975030899, 25.9993038177, 20.4166793823, 15.9576883316, 14.883890152, 16.9431686401, 13.7917737961, 8.45529937744, 6.4849896431, 3.37060523033, 1.53307414055, 0.668682336807, 0.33965882659, 0.196267768741, 0.0449938625097, 0.0265532620251, 0.0328824855387, 0.0452740378678, 0.0504959225655, 0.0351431816816, 0.00846401229501], "median": [0.12940877676, 0.580558180809, 1.36748659611, 2.32843780518, 3.38906764984, 7.10449886322, 11.8479585648, 14.7806177139, 13.686413765, 14.8629579544, 12.8310499191, 21.5056972504, 23.6867790222, 38.4295120239, 39.7095527649, 29.1961708069, 31.0077800751, 24.1463832855, 21.6587772369, 21.9218883514, 22.7532844543, 17.5980911255, 14.8128376007, 14.6727609634, 16.9521694183, 12.4085569382, 9.4984588623, 6.48583889008, 4.04132318497, 2.09181427956, 0.858798325062, 0.46312430501, 0.262291014194, 0.0284009240568, 0.00938567332923, 0.0431305915117, 0.0739360675216, 0.0898957774043, 0.0600647330284, 0.0192277319729], "min": [9.80554357625e-23, 3.71482854909e-22, 1.30664779688e-21, 6.61751275508e-21, 2.1877980468e-20, 3.20181808021e-20, 1.73622577168e-20, 6.05591398783e-20, 1.44234539908e-19, 2.24296640539e-19, 2.99194484584e-19, 4.41195442968e-19, 4.78513851399e-19, 7.90912309909e-19, 1.11430596331e-18, 1.29737499154e-18, 1.42199822943e-18, 2.12909424072e-18, 2.1089528064e-18, 3.0655195628e-18, 4.15548821813e-18, 4.95830008984e-18, 5.64511725143e-18, 6.39813739975e-18, 7.34885288729e-18, 6.91710141708e-18, 8.49406707458e-18, 7.07476493696e-18, 1.0354464101e-17, 1.23851188858e-17, 1.20587597382e-17, 1.04953346137e-17, 9.83612212352e-18, 8.06483891882e-18, 6.80608054398e-18, 4.25330025761e-18, 2.30449478769e-18, 8.9188040532e-19, 2.12600461774e-19, 2.5463356059e-20], "dvar2": [0.17216604948, 12.455373764, 94.4940338135, 104.100715637, 124.44216156, 616.886779785, 1861.66113281, 2705.29492188, 3218.12109375, 2626.94628906, 6060.43115234, 5896.04150391, 7316.16064453, 16121.2529297, 20548.9960938, 20304.2597656, 18688.4570312, 7352.95507812, 10004.2626953, 2142.10009766, 1155.92712402, 1155.38476562, 676.175476074, 339.18145752, 391.755493164, 276.593994141, 111.892089844, 93.5663223267, 18.2960510254, 3.6288022995, 0.851616501808, 0.179256990552, 0.0505370721221, 0.00422347150743, 0.00160215783399, 0.00149810488801, 0.00389884808101, 0.00535028427839, 0.00270859152079, 0.000153901230078], "dvar": [0.0623401328921, 4.70612955093, 37.1460418701, 39.1917953491, 47.7799301147, 271.19934082, 1013.61425781, 1296.18310547, 1416.90795898, 1112.62695312, 3370.56616211, 2617.43969727, 2815.65844727, 6275.56005859, 7828.74658203, 7479.59960938, 6696.14746094, 2676.52563477, 3538.38476562, 856.636535645, 443.488922119, 415.808990479, 278.931671143, 133.551208496, 162.855545044, 111.847724915, 48.2116317749, 40.9632911682, 8.11699485779, 1.68051874638, 0.361119657755, 0.0811187326908, 0.0235181339085, 0.00172987463884, 0.000653350376524, 0.000686265877448, 0.00184903724585, 0.00236329017207, 0.00122183945496, 6.37901612208e-05], "dmean": [0.174032315612, 1.23883521557, 3.42552947998, 3.93146109581, 4.60734462738, 10.3823690414, 18.1604766846, 20.4331188202, 19.4841079712, 19.7624073029, 16.4790248871, 27.4339122772, 29.2343292236, 45.4577827454, 52.2523536682, 40.018661499, 44.7317085266, 24.3884925842, 23.2366886139, 16.1082191467, 15.9145278931, 12.4348754883, 10.0152568817, 9.14131355286, 10.5035057068, 8.55875015259, 5.35400247574, 4.21959209442, 2.18597507477, 1.02362656593, 0.433717131615, 0.226534992456, 0.131665408611, 0.027530990541, 0.016022849828, 0.0217874348164, 0.0308323092759, 0.0341748036444, 0.0231532398611, 0.00551167828962], "max": [5.99401760101, 19.8606147766, 61.9855537415, 81.5344619751, 99.2566146851, 294.614776611, 534.896057129, 799.697631836, 1026.03894043, 745.27947998, 2621.19775391, 1572.25024414, 1086.92138672, 1457.74169922, 1317.72521973, 2057.02368164, 1418.18066406, 1341.27038574, 2277.00854492, 969.63079834, 524.869995117, 779.380126953, 996.19543457, 178.462341309, 196.206848145, 115.838989258, 124.515625, 93.0922393799, 80.2250671387, 39.3711280823, 16.2437782288, 5.01249694824, 2.71131491661, 0.70114171505, 0.427140712738, 0.652137756348, 1.17004644871, 1.86410367489, 1.10368204117, 0.359409481287], "var": [0.0727480649948, 4.05683946609, 33.1286811829, 39.498210907, 53.9134712219, 472.11807251, 2055.37744141, 2342.6340332, 2347.94067383, 2081.43359375, 5049.30566406, 5003.95849609, 3943.08691406, 9137.14550781, 12317.9492188, 10015.0927734, 10492.125, 4283.72705078, 5063.60449219, 1734.3972168, 864.785339355, 816.395446777, 677.282836914, 278.861602783, 345.910797119, 184.778884888, 129.628189087, 104.672134399, 25.9169368744, 5.97370529175, 1.30723929405, 0.350903958082, 0.0917678624392, 0.00221166829579, 0.000717182003427, 0.00259710452519, 0.0115236723796, 0.0143237849697, 0.0067890053615, 0.00034842590685], "mean": [0.216828078032, 1.27433419228, 3.47672891617, 4.48723506927, 5.73510313034, 14.4099807739, 25.6460361481, 30.0720996857, 28.5714321136, 30.3552341461, 25.416261673, 43.9575042725, 44.4023208618, 68.3762741089, 79.2553863525, 62.5338592529, 67.4012680054, 41.2822532654, 37.8710823059, 30.3627052307, 29.7772369385, 23.6476173401, 20.363817215, 18.7812595367, 21.028875351, 15.5924777985, 12.1208543777, 9.31661701202, 5.29820156097, 2.60546064377, 1.14265716076, 0.616254925728, 0.329931110144, 0.040670119226, 0.0182486027479, 0.0544651709497, 0.100056990981, 0.111793294549, 0.076039083302, 0.0223393086344]}, "spectral_strongpeak": {"dmean2": 3.29432177544, "median": 0.418126195669, "min": 0, "dvar2": 111.883132935, "dvar": 40.1543235779, "dmean": 1.78791713715, "max": 124.540992737, "var": 30.4588184357, "mean": 1.59531128407}, "spectral_energy": {"dmean2": 0.0220801271498, "median": 0.0395515933633, "min": 9.83804191924e-21, "dvar2": 0.000564330781344, "dvar": 0.0002370805596, "dmean": 0.014268592, "max": 0.167356565595, "var": 0.000533251441084, "mean": 0.0409790575504}, "average_loudness": 0.905821561813, "spectral_rolloff": {"dmean2": 10125.9345703, "median": 4565.0390625, "min": 64.599609375, "dvar2": 120293720, "dvar": 53055748, "dmean": 5398.61621094, "max": 21985.4003906, "var": 81132688, "mean": 10264.1679688}, "spectral_centroid": {"dmean2": 370.759124756, "median": 1383.72351074, "min": 192.189834595, "dvar2": 122342.929688, "dvar": 56565.8007812, "dmean": 240.513793945, "max": 11623.4443359, "var": 971582.75, "mean": 1482.20849609}, "pitch_salience": {"dmean2": 0.125518009067, "median": 0.592381298542, "min": 0.143124505877, "dvar2": 0.01122960262, "dvar": 0.00406538555399, "dmean": 0.0746861845255, "max": 0.845516264439, "var": 0.00834036059678, "mean": 0.58690148592}, "spectral_energyband_middle_high": {"dmean2": 0.00584292877465, "median": 0.00820292159915, "min": 1.13523137664e-21, "dvar2": 4.75333072245e-05, "dvar": 1.84405871551e-05, "dmean": 0.00367044680752, "max": 0.0534648187459, "var": 5.48890639038e-05, "mean": 0.00984300673008}, "spectral_contrast_coeffs": {"dmean2": [0.094512924552, 0.087889097631, 0.0745768994093, 0.0554515309632, 0.035399697721, 0.0503789037466], "median": [-0.683552443981, -0.748895049095, -0.761590659618, -0.782009422779, -0.79897403717, -0.675609409809], "min": [-0.978972434998, -0.976007163525, -0.975137293339, -0.97180557251, -0.970095396042, -0.966071307659], "dvar2": [0.00546853570268, 0.00469947559759, 0.00342882634141, 0.00194763194304, 0.000824157905299, 0.0019900072366], "dvar": [0.00205960404128, 0.00181307573803, 0.00129466608632, 0.000743102515116, 0.000311493262416, 0.000827088835649], "dmean": [0.0573413260281, 0.0535576716065, 0.0454855635762, 0.0333898961544, 0.0214303676039, 0.0320248790085], "max": [-0.356005311012, -0.413683176041, -0.534961044788, -0.560570478439, -0.63069242239, -0.500631630421], "var": [0.00662539573386, 0.00544963497669, 0.00412152893841, 0.0030547210481, 0.00144573824946, 0.00405285554007], "mean": [-0.679722368717, -0.74313724041, -0.761043965816, -0.778747498989, -0.799768447876, -0.686181664467]}, "melbands_skewness": {"dmean2": 1.06652784348, "median": 1.74800622463, "min": -1.74135696888, "dvar2": 0.948115587234, "dvar": 0.393364459276, "dmean": 0.674895226955, "max": 8.23990631104, "var": 1.25387012959, "mean": 1.83885264397}, "spectral_spread": {"dmean2": 469459.1875, "median": 4134574.75, "min": 1414813.25, "dvar2": 493694582784, "dvar": 252084174848, "dmean": 295117.875, "max": 42069712, "var": 11736253988900.0, "mean": 4393232.5}, "dissonance": {"dmean2": 0.0326137058437, "median": 0.47470036149, "min": 0.249678120017, "dvar2": 0.000909457507078, "dvar": 0.000334207201377, "dmean": 0.0191261693835, "max": 0.500000119209, "var": 0.000560142332688, "mean": 0.469114273787}, "spectral_skewness": {"dmean2": 0.35572513938, "median": 2.12939476967, "min": -0.0726562738419, "dvar2": 0.174258798361, "dvar": 0.0791036114097, "dmean": 0.232652172446, "max": 6.95792007446, "var": 0.349432259798, "mean": 2.25638127327}, "spectral_flux": {"dmean2": 0.0423830002546, "median": 0.118168905377, "min": 6.34728380966e-11, "dvar2": 0.00157954695169, "dvar": 0.000720342854038, "dmean": 0.0266724713147, "max": 0.298978179693, "var": 0.00222048838623, "mean": 0.119792856276}, "spectral_contrast_valleys": {"dmean2": [0.738645732403, 0.608383834362, 0.510715723038, 0.436590582132, 0.411370754242, 0.622338175774], "median": [-6.74059057236, -6.1875910759, -6.51841592789, -6.9986243248, -6.88156223297, -10.6510686874], "min": [-28.401008606, -28.1534194946, -27.7285785675, -27.7312831879, -27.5049476624, -27.3829116821], "dvar2": [0.366637855768, 0.250867575407, 0.187264665961, 0.156982645392, 0.185962870717, 0.371054172516], "dvar": [0.155072614551, 0.111144095659, 0.089775249362, 0.08147354424, 0.103040784597, 0.155036076903], "dmean": [0.447837650776, 0.371363759041, 0.316422313452, 0.279270648956, 0.274410545826, 0.401301234961], "max": [-5.03717184067, -4.58703660965, -5.24317026138, -5.77713918686, -5.73360776901, -9.03926563263], "var": [4.34606075287, 4.52291440964, 4.47467470169, 4.25885534286, 4.36489915848, 3.06162595749], "mean": [-7.03829097748, -6.4989528656, -6.87853622437, -7.35385704041, -7.31254148483, -10.9754142761]}, "erbbands_flatness_db": {"dmean2": 0.0262272916734, "median": 0.125207334757, "min": 0.0431468561292, "dvar2": 0.000590949610341, "dvar": 0.000256270228419, "dmean": 0.0169044919312, "max": 0.352860808372, "var": 0.00119624077342, "mean": 0.132641077042}, "spectral_energyband_high": {"dmean2": 0.000555988808628, "median": 0.00112318107858, "min": 7.0476854477e-21, "dvar2": 4.57428370737e-07, "dvar": 2.16427167743e-07, "dmean": 0.00037926287041, "max": 0.012993844226, "var": 1.12336101665e-06, "mean": 0.00130034529138}, "spectral_entropy": {"dmean2": 0.19106939435, "median": 7.73604774475, "min": 5.81456327438, "dvar2": 0.0413948222995, "dvar": 0.0185612775385, "dmean": 0.125964581966, "max": 9.82006645203, "var": 0.115623541176, "mean": 7.68038272858}, "silence_rate_20dB": {"dmean2": 0, "median": 1, "min": 1, "dvar2": 0, "dvar": 0, "dmean": 0, "max": 1, "var": 0, "mean": 1}, "melbands_flatness_db": {"dmean2": 0.0407812520862, "median": 0.181659117341, "min": 0.00265855481848, "dvar2": 0.00136134226341, "dvar": 0.000575036916416, "dmean": 0.0260407794267, "max": 0.566296875477, "var": 0.00276753515936, "mean": 0.187676280737}, "barkbands": {"dmean2": [0.00256793317385, 0.00957330223173, 0.00548245897517, 0.00217105564661, 0.00417969794944, 0.00352442520671, 0.00237396196462, 0.00111584819388, 0.00183957919944, 0.00212201965041, 0.00217630830593, 0.00194622320123, 0.00164206000045, 0.000828516785987, 0.00062451598933, 0.000516261905432, 0.000394575239625, 0.000271433527814, 0.000327488640323, 0.000284309498966, 0.000186547957128, 8.60115251271e-05, 2.7521944503e-05, 1.29449681481e-05, 3.72769659407e-06, 2.10376183531e-05, 0.000358744466212], "median": [0.000931010814384, 0.00348411616869, 0.00117600196972, 0.000676108174957, 0.00202138582245, 0.00177368847653, 0.00106564210728, 0.000458336086012, 0.000912019168027, 0.000904527725652, 0.000816739688162, 0.000658216478769, 0.000602034910116, 0.000378515280318, 0.000369756133296, 0.000406266044592, 0.000292451848509, 0.000256010447629, 0.000317132944474, 0.000264266651357, 0.000200537993805, 0.000105435152363, 3.49760084646e-05, 1.88916019397e-05, 9.59471549322e-07, 3.37792771461e-05, 0.000700842123479], "min": [1.33134930231e-26, 1.97647443195e-24, 1.49233501302e-24, 9.78248659194e-25, 1.23192321269e-23, 5.76357317914e-24, 1.35674388486e-23, 7.04740485934e-24, 1.65224692011e-23, 1.18717089688e-23, 1.57803830144e-23, 2.44804222823e-23, 3.24705214454e-23, 4.0242445348e-23, 5.27959644305e-23, 6.61979065721e-23, 8.36237493051e-23, 1.06398920945e-22, 1.26425877897e-22, 1.45445617244e-22, 2.36022033158e-22, 3.25278728954e-22, 3.64213621574e-22, 5.56792011831e-22, 9.11117634301e-22, 1.2764115788e-21, 1.840003092e-21], "dvar2": [1.24658181448e-05, 0.000210223515751, 8.73682438396e-05, 1.01181785794e-05, 3.60025405826e-05, 2.73119203484e-05, 1.5265055481e-05, 7.63927891967e-06, 1.05324133983e-05, 1.21816483443e-05, 1.17532008517e-05, 1.47805039887e-05, 8.79426079337e-06, 4.38559800386e-06, 2.33383866544e-06, 4.98385588799e-07, 5.33100262601e-07, 1.39666440191e-07, 1.4598329301e-07, 1.12722517542e-07, 6.39981507788e-08, 1.16250671311e-08, 1.20873044906e-09, 2.28900565169e-10, 3.21983793794e-11, 7.8644946111e-10, 2.74897729469e-07], "dvar": [5.20453841091e-06, 7.68917889218e-05, 3.29491631419e-05, 3.74381352231e-06, 1.68689348357e-05, 1.32523427965e-05, 6.68942720949e-06, 3.77488913728e-06, 4.74335547551e-06, 4.85416558149e-06, 4.5096512622e-06, 5.61111482966e-06, 3.20155072586e-06, 1.54624979132e-06, 8.60495447341e-07, 1.87418081055e-07, 1.89853423649e-07, 6.0343666064e-08, 6.03051546477e-08, 4.5336541632e-08, 2.81351280051e-08, 5.14401010676e-09, 5.23815490983e-10, 1.07758003909e-10, 1.31242820431e-11, 3.64220237303e-10, 1.1779836484e-07], "dmean": [0.00156719982624, 0.00552947679535, 0.00319575075991, 0.00126049807295, 0.00264592608437, 0.00231280224398, 0.00150012830272, 0.000695331429597, 0.00117035862058, 0.00130222504959, 0.00131382641848, 0.00117839581799, 0.000982032855973, 0.000495678279549, 0.000382349535357, 0.000315145996865, 0.000240180510445, 0.000170583458384, 0.000200698792469, 0.00017574361118, 0.00012007427722, 5.55938313482e-05, 1.78444115591e-05, 8.79475010152e-06, 2.2394278858e-06, 1.42678254633e-05, 0.000235901359702], "max": [0.0347609445453, 0.0898956954479, 0.0570813566446, 0.0273625999689, 0.0683497786522, 0.0682400986552, 0.0582257993519, 0.0790140256286, 0.0603367760777, 0.0355498194695, 0.0275062005967, 0.0403580628335, 0.030715143308, 0.0265994183719, 0.0374235548079, 0.0115347243845, 0.018950374797, 0.0149348089471, 0.0032420034986, 0.00230235373601, 0.00262912805192, 0.00170132215135, 0.000552531389985, 0.00015269490541, 6.03883672738e-05, 0.000726397032849, 0.0138121033087], "var": [6.44614874545e-06, 7.14706111467e-05, 2.76791270153e-05, 4.10748680224e-06, 2.97118167509e-05, 2.58239579125e-05, 1.1998795344e-05, 5.11370944878e-06, 9.18634759728e-06, 7.32004173187e-06, 6.8083950282e-06, 7.57959833209e-06, 5.09075016453e-06, 2.18891136683e-06, 1.44286264003e-06, 3.40555800449e-07, 3.61773373925e-07, 1.45524538198e-07, 1.29147210259e-07, 7.