{"tonal": {"thpcp": [1, 0.607713401318, 0.267668306828, 0.203158438206, 0.186289712787, 0.222997650504, 0.272324919701, 0.285147637129, 0.368341416121, 0.426965326071, 0.333117485046, 0.337278187275, 0.461984306574, 0.517492890358, 0.775841355324, 0.988498210907, 0.704023599625, 0.391433477402, 0.264803081751, 0.207183271646, 0.304810911417, 0.399482965469, 0.326001703739, 0.334111213684, 0.401804924011, 0.30803334713, 0.201076135039, 0.16315408051, 0.141316056252, 0.168993622065, 0.206160336733, 0.219586893916, 0.315949201584, 0.515488028526, 0.590622544289, 0.825417101383], "hpcp": {"dmean2": [0.320704758167, 0.263237923384, 0.171212479472, 0.139430686831, 0.12151684612, 0.124333634973, 0.136121824384, 0.148043170571, 0.179623261094, 0.197886094451, 0.193647071719, 0.21171246469, 0.270097911358, 0.290720045567, 0.318213760853, 0.306580543518, 0.312924683094, 0.242478653789, 0.174198850989, 0.136904045939, 0.155478313565, 0.167985841632, 0.159153774381, 0.164968311787, 0.191160663962, 0.173680350184, 0.119675189257, 0.0965009555221, 0.0837048366666, 0.0985545516014, 0.12630790472, 0.13725194335, 0.195667773485, 0.261332333088, 0.3155605793, 0.312528967857], "median": [0.188821703196, 0.108045265079, 0.0227838419378, 0.0154899321496, 0.0170931983739, 0.0217993613333, 0.0219404306263, 0.0262274481356, 0.0380220413208, 0.0394014269114, 0.0313317328691, 0.0264315530658, 0.0341159999371, 0.0601349249482, 0.121415838599, 0.139205500484, 0.095775835216, 0.0356922224164, 0.0204659234732, 0.0153829623014, 0.0282691102475, 0.040248863399, 0.0365169420838, 0.0328307524323, 0.0362968891859, 0.0293266028166, 0.0179133117199, 0.0124537684023, 0.0120269991457, 0.0134677430615, 0.0148515244946, 0.0158050637692, 0.0223814472556, 0.02932728827, 0.0591438673437, 0.144421190023], "min": [0, 0, 0, 0, 0, 0, 0, 0, 0, 0, 0, 0, 0, 0, 0, 0, 0, 0, 0, 0, 0, 0, 0, 0, 0, 0, 0, 0, 0, 0, 0, 0, 0, 0, 0, 0], "dvar2": [0.130769133568, 0.113840289414, 0.0799129158258, 0.0740471109748, 0.0611759349704, 0.0533210374415, 0.0621102042496, 0.0611658245325, 0.083128221333, 0.0930786505342, 0.099170409143, 0.105092123151, 0.148623585701, 0.13589502871, 0.135121837258, 0.133697897196, 0.153020501137, 0.122271649539, 0.0887078419328, 0.0677233636379, 0.079796873033, 0.0760743841529, 0.0660894662142, 0.0726098641753, 0.0818823426962, 0.0785565078259, 0.0465286932886, 0.0425235927105, 0.0330679789186, 0.0434580110013, 0.0685512199998, 0.0706099569798, 0.100092671812, 0.137809157372, 0.164573147893, 0.12702563405], "dvar": [0.0560772716999, 0.0420936904848, 0.0301071759313, 0.026933863759, 0.0218871720135, 0.0201896298677, 0.0236807856709, 0.0234464574605, 0.0315963514149, 0.0373749472201, 0.0367399640381, 0.0386594124138, 0.0559204109013, 0.0530218407512, 0.0522247292101, 0.0576167441905, 0.0557172335684, 0.046886742115, 0.0339692942798, 0.0247898306698, 0.0296492408961, 0.0303244180977, 0.0257668215781, 0.0292149391025, 0.0336671695113, 0.0300003923476, 0.0172732248902, 0.0152396811172, 0.0120931044221, 0.0168655775487, 0.025112375617, 0.0263087823987, 0.0364398173988, 0.0578539147973, 0.0645527914166, 0.0502692461014], "dmean": [0.192260548472, 0.155782297254, 0.0977065041661, 0.077846005559, 0.0682429373264, 0.071779511869, 0.0802774354815, 0.0862634107471, 0.103827185929, 0.115781389177, 0.111617550254, 0.117783151567, 0.152489677072, 0.164870485663, 0.184506729245, 0.179425284266, 0.178965419531, 0.137828558683, 0.0993619337678, 0.0780239701271, 0.0892572253942, 0.0990990102291, 0.0929505005479, 0.0968895331025, 0.112232282758, 0.100446499884, 0.0682329311967, 0.0540876574814, 0.0474312379956, 0.0558069497347, 0.071182988584, 0.0775696709752, 0.110137350857, 0.154054805636, 0.181527286768, 0.1843175143], "max": [1, 1, 1, 1, 1, 1, 1, 1, 1, 1, 1, 1, 1, 1, 1, 1, 1, 1, 1, 1, 1, 1, 1, 1, 1, 1, 1, 1, 1, 1, 1, 1, 1, 1, 1, 1], "var": [0.121727280319, 0.0580493062735, 0.0305640920997, 0.0231031030416, 0.0183947328478, 0.0216903779656, 0.0317811667919, 0.0303727667779, 0.0446838140488, 0.0590710267425, 0.0383983626962, 0.0423137582839, 0.069949567318, 0.0640098229051, 0.0921803638339, 0.140067085624, 0.0865665525198, 0.0496893599629, 0.0324553251266, 0.0228336323053, 0.0381025783718, 0.0525306165218, 0.0347656309605, 0.0413282066584, 0.0537371486425, 0.0346822924912, 0.0177030451596, 0.01790978387, 0.0125456238165, 0.0197120383382, 0.0263683944941, 0.0279186740518, 0.0386291667819, 0.0832965895534, 0.0846649035811, 0.0920997262001], "mean": [0.340550780296, 0.206957265735, 0.0911546498537, 0.0691857635975, 0.0634411051869, 0.0759420245886, 0.0927404612303, 0.0971072539687, 0.125438958406, 0.145403370261, 0.113443419337, 0.114860348403, 0.157329112291, 0.176232606173, 0.264213383198, 0.336633831263, 0.239755779505, 0.133302971721, 0.0901788920164, 0.0705564245582, 0.10380358994, 0.136044234037, 0.111020132899, 0.113781832159, 0.136834979057, 0.104900993407, 0.0684766322374, 0.0555622503161, 0.0481252931058, 0.0575509108603, 0.0702080652118, 0.0747804865241, 0.107596747577, 0.175549849868, 0.20113697648, 0.281096428633]}, "tuning_equal_tempered_deviation": 0.0266314540058, "chords_changes_rate": 0.0765451267362, "key_key": "D", "tuning_diatonic_strength": 0.665158450603, "key_scale": "minor", "chords_number_rate": 0.00258598406799, "tuning_frequency": 440.763122559, "tuning_nontempered_energy_ratio": 0.753959000111, "chords_histogram": [51.2542037964, 3.95655536652, 1.49987065792, 0.0258598402143, 0, 4.08585453033, 1.60331010818, 4.80993032455, 0.646495997906, 13.0333595276, 10.9128522873, 2.32738566399, 0.206878721714, 0, 0, 0, 0.413757443428, 2.5342643261, 0.594776332378, 0.879234552383, 0.568916499615, 0, 0.491336941719, 0.155159041286], "key_strength": 0.761869192123, "chords_key": "D", "chords_strength": {"dmean2": 0.0122349206358, "median": 0.533881366253, "min": 0.2366733253, "dvar2": 0.000125952545204, "dvar": 9.8758515378e-05, "dmean": 0.0114711895585, "max": 0.820951163769, "var": 0.0103040663525, "mean": 0.538781106472}, "chords_scale": "minor", "hpcp_entropy": {"dmean2": 1.18000257015, "median": 1.80060422421, "min": 0, "dvar2": 0.912825584412, "dvar": 0.341502517462, "dmean": 0.705776453018, "max": 4.21967792511, "var": 0.763684034348, "mean": 1.7778275013}}, "metadata": {"audio_properties": {"equal_loudness": 0, "codec": "mp3", "downmix": "mix", "sample_rate": 44100, "analysis_sample_rate": 44100, "bit_rate": 320000, "md5_encoded": "dfb775a85513eee188804d3c9e6117a9", "length": 179.513473511, "replay_gain": -8.46598434448, "lossless": false}, "version": {"essentia_build_sha": "2d9f1f26377add8aeb1075a9c2973f962c4f09fd", "essentia": "2.1-beta2", "extractor": "music 1.0", "essentia_git_sha": "v2.1_beta2-1-ge3940c0"}, "tags": {"title": ["Viis siit\u00e4 veisaan"], "barcode": ["724349321526"], "media": ["CD"], "albumartist": ["Kirka"], "musicbrainz_recordingid": ["186072af-9646-44d9-922c-cad66bada087"], "originalyear": ["1997"], "discnumber": ["1/1"], "album": ["Tiukka linja"], "catalognumber": ["7243 4 93215 2 6"], "contentgroup": ["Rock"], "musicbrainz album type": ["album"], "musicbrainz album status": ["official"], "file_name": "02 - Viis siit\u00e4 veisaan.mp3", "musicbrainz_albumartistid": ["985184b0-7772-4508-9d4a-c66a99562930"], "date": ["1997"], "genre": ["Rock", "Hard Rock", "Heavy Metal"], "musicbrainz album release country": ["FI"], "musicbrainz_releasegroupid": ["ee0c27f8-2f39-4786-9111-62abfe5957b0"], "musicbrainz_artistid": ["985184b0-7772-4508-9d4a-c66a99562930"], "originaldate": ["1975"], "musicbrainz_albumid": ["5759c2c0-64b6-4985-b9bb-9e083a26db80"], "artist": ["Kirka"], "artistsort": ["Kirka"], "tracknumber": ["2/10"], "label": ["EMI Finland"], "albumartistsort": ["Kirka"], "acoustid_id": ["af7f0fc3-1f8f-466f-8a1b-21eaf9019bb0"], "script": ["Latn"]}}, "rhythm": {"bpm_histogram_first_peak_bpm": {"dmean2": 0, "median": 144, "min": 144, "dvar2": 0, "dvar": 0, "dmean": 0, "max": 144, "var": 0, "mean": 144}, "bpm": 142.337844849, "bpm_histogram_second_peak_spread": {"dmean2": 0, "median": 0.166666641831, "min": 0.166666641831, "dvar2": 0, "dvar": 0, "dmean": 0, "max": 0.166666641831, "var": 0, "mean": 0.166666641831}, "bpm_histogram_first_peak_weight": {"dmean2": 0, "median": 0.582733809948, "min": 0.582733809948, "dvar2": 0, "dvar": 0, "dmean": 0, "max": 0.582733809948, "var": 0, "mean": 0.582733809948}, "onset_rate": 4.11084604263, "beats_position": [0.46439909935, 0.905578196049, 1.33514738083, 1.75310659409, 2.18267560005, 2.60063481331, 3.03020405769, 3.45977306366, 3.87773227692, 4.29569149017, 4.71365070343, 5.14321994781, 5.5727891922, 6.00235795975, 6.43192720413, 6.84988641739, 7.26784563065, 7.6858048439, 8.10376358032, 8.52172279358, 8.93968200684, 9.35764122009, 9.77560043335, 10.1935596466, 10.6115188599, 11.017868042, 11.4242172241, 11.8421764374, 12.2601356506, 12.689704895, 13.1192741394, 13.5372333527, 13.9551925659, 14.3847618103, 14.8143310547, 15.2322902679, 15.6618595123, 16.0798187256, 16.50938797, 16.9273471832, 17.3453063965, 17.7748756409, 18.2044448853, 18.6224040985, 19.0403633118, 19.4699325562, 19.8994998932, 20.3174591064, 20.7354183197, 21.153377533, 21.5829467773, 22.0125160217, 22.430475235, 22.8484344482, 23.2663936615, 23.6959629059, 24.1255321503, 24.5434913635, 24.9614505768, 25.3910198212, 25.8205890656, 26.2385482788, 26.6565074921, 27.0744667053, 27.4924259186, 27.9103851318, 28.3283443451, 28.7579135895, 29.1874828339, 29.6054420471, 30.0234012604, 30.4529705048, 30.870929718, 31.3004989624, 31.7184581757, 32.1480255127, 32.5775947571, 32.9955558777, 33.4135131836, 33.8314743042, 34.2494316101, 34.6790008545, 35.1085700989, 35.5265312195, 35.9444885254, 36.3740577698, 36.8036270142, 37.2215881348, 37.6395454407, 38.0575065613, 38.4870758057, 38.91664505, 39.334602356, 39.7641716003, 40.1821289063, 40.6000900269, 41.0296592712, 41.4476165771, 41.8655776978, 42.2835350037, 42.7014961243, 43.1310653687, 43.560634613, 43.9785919189, 44.3965530396, 44.8145103455, 45.2324714661, 45.650428772, 46.0683898926, 46.4747390747, 46.9043083191, 47.322265625, 47.7402267456, 48.1581840515, 48.5761451721, 49.0057144165, 49.4352836609, 49.8532409668, 50.2712020874, 50.7007713318, 51.1303405762, 51.5482978821, 51.9662590027, 52.3842163086, 52.8021774292, 53.2201347351, 53.6380958557, 54.0560531616, 54.4740142822, 54.8919715881, 55.3099327087, 55.7278900146, 56.1458511353, 56.5638084412, 56.9817695618, 57.3997268677, 57.8176841736, 58.2356452942, 58.6536026001, 59.0715637207, 59.4779129028, 59.8958702087, 60.3022193909, 60.708568573, 61.1265296936, 61.5444869995, 61.9740562439, 62.4036254883, 62.8099746704, 63.227935791, 63.6575050354, 64.0870742798, 64.5050354004, 64.9346008301, 65.3641738892, 65.7821273804, 66.2117004395, 66.6412658691, 67.0592269897, 67.4771881104, 67.895149231, 68.3247146606, 68.7542877197, 69.1722412109, 69.5902023315, 70.0197753906, 70.4493408203, 70.8673019409, 71.2852630615, 71.7032165527, 72.1211776733, 72.5507507324, 72.9687042236, 73.3982772827, 73.8162307739, 74.245803833, 74.6521530151, 75.0701141357, 75.4996795654, 75.9292526245, 76.3472061157, 76.7651672363, 77.1947402954, 77.6243057251, 78.0422668457, 78.4602279663, 78.8781814575, 79.2961425781, 79.7257156372, 80.1436691284, 80.561630249, 80.9912033081, 81.4091567993, 81.8387298584, 82.256690979, 82.6746444702, 83.0926055908, 83.5221786499, 83.9401321411, 84.3580932617, 84.7760543823, 85.205619812, 85.6351928711, 86.0531539917, 86.4711074829, 86.900680542, 87.3186416626, 87.7482070923, 88.1661682129, 88.5841217041, 89.0020828247, 89.4200439453, 89.8380050659, 90.2559585571, 90.6739196777, 91.0918807983, 91.5098419189, 91.9277954102, 92.3573684692, 92.7869338989, 93.2048950195, 93.6228561401, 94.0408172607, 94.458770752, 94.8767318726, 95.2946929932, 95.7126541138, 96.130607605, 96.5485687256, 96.9665298462, 97.3960952759, 97.825668335, 98.2436294556, 98.6615829468, 99.0795440674, 99.497505188, 99.9270706177, 100.356643677, 100.786209106, 101.215782166, 101.633743286, 102.051696777, 102.469657898, 102.910835266, 103.328796387, 103.758361816, 104.187934875, 104.605895996, 105.023849487, 105.453422546, 105.882987976, 106.300949097, 106.718910217, 107.136871338, 107.554824829, 107.984397888, 108.413963318, 108.831924438, 109.249885559, 109.679450989, 110.097412109, 110.526985168, 110.94493866, 111.36289978, 111.780860901, 112.210426331, 112.63999939, 113.069564819, 113.499137878, 113.917098999, 114.33505249, 114.753013611, 115.170974731, 115.588935852, 116.006889343, 116.424850464, 116.842811584, 117.272377014, 117.678726196, 118.096687317, 118.514648438, 118.92099762, 119.350563049, 119.76852417, 120.174873352, 120.592834473, 120.999183655, 121.417137146, 121.823486328, 122.22983551, 122.647796631, 123.065757751, 123.483718872, 123.901672363, 124.319633484, 124.737594604, 125.155555725, 125.573509216, 126.003082275, 126.432647705, 126.850608826, 127.268569946, 127.686531067, 128.104492188, 128.522445679, 128.952011108, 129.381591797, 129.811157227, 130.240722656, 130.670288086, 131.099868774, 131.529434204, 131.958999634, 132.376953125, 132.794921875, 133.224487305, 133.642440796, 134.072021484, 134.489974976, 134.907928467, 135.325897217, 135.755462646, 136.185028076, 136.602996826, 137.020950317, 137.438903809, 137.856872559, 138.298049927, 138.716003418, 139.145568848, 139.575149536, 139.993103027, 140.422668457, 140.852249146, 141.270202637, 141.688156128, 142.106124878, 142.535690308, 142.965255737, 143.383224487, 143.801177979, 144.21913147, 144.648712158, 145.078277588, 145.507843018, 145.937408447, 146.355377197, 146.773330688, 147.19128418, 147.620864868, 148.038818359, 148.468383789, 148.886352539, 149.30430603, 149.73387146, 150.16343689, 150.58140564, 150.999359131, 151.417327881, 151.846893311, 152.27645874, 152.694412231, 153.112380981, 153.541946411, 153.971511841, 154.389480591, 154.807434082, 155.225387573, 155.643356323, 156.061309814, 156.479278564, 156.897232056, 157.326797485, 157.756362915, 158.174331665, 158.615509033, 159.033462524, 159.451431274, 159.869384766, 160.298950195, 160.728515625, 161.158096313, 161.587661743, 162.005615234, 162.423583984, 162.841537476, 163.259490967, 163.689071655, 164.118637085, 164.536590576, 164.954559326, 165.372512817, 165.790466309, 166.220046997, 166.649612427, 167.067565918, 167.485534668, 167.903488159, 168.333053589, 168.762634277, 169.192199707, 169.737869263, 170.295150757, 170.864028931, 171.409698486, 171.920547485, 172.431381226, 172.953826904, 173.453063965, 174.0103302, 174.567611694, 175.124893188, 175.728607178, 176.355545044, 176.982498169, 177.609436035, 178.236373901, 178.863311768], "beats_loudness": {"dmean2": 0.0268709044904, "median": 0.0340206995606, "min": 1.60275581695e-09, "dvar2": 0.000466050318209, "dvar": 0.000154051129357, "dmean": 0.0151158720255, "max": 0.10789283365, "var": 0.00020858294738, "mean": 0.0350762046874}, "danceability": 1.26150405407, "bpm_histogram_second_peak_weight": {"dmean2": 0, "median": 0.0119904074818, "min": 0.0119904074818, "dvar2": 0, "dvar": 0, "dmean": 0, "max": 0.0119904074818, "var": 0, "mean": 0.0119904074818}, "beats_count": 418, "bpm_histogram_second_peak_bpm": {"dmean2": 0, "median": 96, "min": 96, "dvar2": 0, "dvar": 0, "dmean": 0, "max": 96, "var": 0, "mean": 96}, "bpm_histogram_first_peak_spread": {"dmean2": 0, "median": 0.386363625526, "min": 0.386363625526, "dvar2": 0, "dvar": 0, "dmean": 0, "max": 0.386363625526, "var": 0, "mean": 0.386363625526}, "beats_loudness_band_ratio": {"dmean2": [0.33109754324, 0.357203543186, 0.307056009769, 0.241502732038, 0.157996281981, 0.122601300478], "median": [0.279346942902, 0.116684637964, 0.157627135515, 0.0834927707911, 0.0602468512952, 0.0561818927526], "min": [8.80477600731e-05, 0.000198865061975, 0.00391647405922, 0.00134961411823, 0.00176450924482, 0.00235599186271], "dvar2": [0.0664466097951, 0.0875977352262, 0.070687673986, 0.0683702379465, 0.0273715145886, 0.0208161305636], "dvar": [0.0271193236113, 0.0305720679462, 0.0302834399045, 0.0261385459453, 0.0110246036202, 0.00739218341187], "dmean": [0.195077836514, 0.192313075066, 0.179303079844, 0.13627935946, 0.0917776525021, 0.0704338029027], "max": [0.963110744953, 0.837389290333, 0.980215668678, 0.950837135315, 0.654374182224, 0.679084479809], "var": [0.050453081727, 0.0305939763784, 0.0448948554695, 0.0304818637669, 0.0137467691675, 0.00782260391861], "mean": [0.296432137489, 0.180053621531, 0.235056132078, 0.141051575541, 0.107321597636, 0.0876688957214]}}, "lowlevel": {"barkbands_spread": {"dmean2": 10.412946701, "median": 22.2249984741, "min": 0.481674820185, "dvar2": 160.532119751, "dvar": 66.0092086792, "dmean": 6.56970977783, "max": 117.114868164, "var": 209.37008667, "mean": 24.5993022919}, "melbands_spread": {"dmean2": 15.0735559464, "median": 23.4542732239, "min": 0.569175720215, "dvar2": 536.023742676, "dvar": 250.791488647, "dmean": 9.80386924744, "max": 240.064865112, "var": 787.141479492, "mean": 31.213104248}, "hfc": {"dmean2": 14.6310071945, "median": 24.6623649597, "min": 1.22406438509e-16, "dvar2": 415.531707764, "dvar": 179.721054077, "dmean": 9.66825962067, "max": 155.777603149, "var": 438.092315674, "mean": 28.401058197}, "barkbands_kurtosis": {"dmean2": 4.85621404648, "median": 1.21071314812, "min": -1.94021189213, "dvar2": 100.951179504, "dvar": 46.5088539124, "dmean": 3.1486017704, "max": 182.683151245, "var": 112.343788147, "mean": 4.49394416809}, "gfcc": {"mean": [2.26192450523, 66.283241272, -121.194274902, 26.4758396149, -69.0710449219, 13.2678794861, -42.2527999878, 11.9573326111, -22.314748764, 5.19436120987, -21.8309764862, 2.19420790672, -9.0652179718], "icov": [[0.000107227642729, -5.89984774706e-05, 9.00413651834e-05, -3.32496383635e-05, 0.000139350173413, -9.8451593658e-05, 0.000185362936463, -8.44613605295e-05, 0.000212174345506, -0.000166140351212, 0.000307960493956, -0.000171586856595, 0.00022708826873], [-5.89984774706e-05, 0.00113538233563, -0.000144964564242, 0.000371264701243, -0.000544050591998, 0.000137718670885, 6.91641616868e-05, 0.000141868527862, -0.000326868263073, 0.00114295491949, -0.00127745757345, 0.00127352436539, -0.000387470645364], [9.00413651834e-05, -0.000144964564242, 0.00134279229678, -0.000474579108413, 0.000116292700113, -0.000266364077106, 0.00094513501972, -0.000399485812522, 0.000806619937066, -0.000158264301717, 0.000414568377892, -0.000711206288543, 0.00203873566352], [-3.32496383635e-05, 0.000371264701243, -0.000474579108413, 0.00240139220841, -0.000422472076025, -0.000472483836347, 0.000166434096172, 0.000516697473358, -0.000985219492577, -2.74547642221e-06, 0.000529257406015, 0.000929808826186, -0.00162458792329], [0.000139350173413, -0.000544050591998, 0.000116292700113, -0.000422472076025, 0.00273481872864, -0.000983096775599, 0.000773534295149, -8.08158802101e-05, -0.000204178330023, -0.000255620630924, 0.000218341534492, 0.000222085785936, 0.000273797399132], [-9.8451593658e-05, 0.000137718670885, -0.000266364077106, -0.000472483836347, -0.000983096775599, 0.00576585624367, -0.00128957896959, -0.00185488257557, 0.00206778990105, -0.0010733656818, -0.00115360680502, 0.00118468515575, 0.000236117557506], [0.000185362936463, 6.91641616868e-05, 0.00094513501972, 0.000166434096172, 0.000773534295149, -0.00128957896959, 0.00366567610763, -0.000685378268827, 0.000257426698226, 0.00101646012627, -0.000185180717381, -0.000941733364016, 0.0019690215122], [-8.44613605295e-05, 0.000141868527862, -0.000399485812522, 0.000516697473358, -8.08158802101e-05, -0.00185488257557, -0.000685378268827, 0.00671921856701, -0.00256711989641, 0.000162042662851, -0.000835459388327, 0.000143924116855, -0.00149305688683], [0.000212174345506, -0.000326868263073, 0.000806619937066, -0.000985219492577, -0.000204178330023, 0.00206778990105, 0.000257426698226, -0.00256711989641, 0.00840435642749, -0.00316406297497, 0.00169737474062, -0.00124590029009, 0.00157234701328], [-0.000166140351212, 0.00114295491949, -0.000158264301717, -2.74547642221e-06, -0.000255620630924, -0.0010733656818, 0.00101646012627, 0.000162042662851, -0.00316406297497, 0.0112699493766, -0.00423686485738, 0.00177951785736, -0.00038629557821], [0.000307960493956, -0.00127745757345, 0.000414568377892, 0.000529257406015, 0.000218341534492, -0.00115360680502, -0.000185180717381, -0.000835459388327, 0.00169737474062, -0.00423686485738, 0.0112682683393, -0.00312379957177, 0.00109171436634], [-0.000171586856595, 0.00127352436539, -0.000711206288543, 0.000929808826186, 0.000222085785936, 0.00118468515575, -0.000941733364016, 0.000143924116855, -0.00124590029009, 0.00177951785736, -0.00312379957177, 0.0114170173183, -0.00558352703229], [0.00022708826873, -0.000387470645364, 0.00203873566352, -0.00162458792329, 0.000273797399132, 0.000236117557506, 0.0019690215122, -0.00149305688683, 0.00157234701328, -0.00038629557821, 0.00109171436634, -0.00558352703229, 0.0142242722213]], "cov": [[12282.3212891, -39.347278595, -136.225601196, 43.4857711792, -458.876678467, 55.9707527161, -456.247497559, -26.6166210175, -227.343231201, 50.5627975464, -270.842926025, 9.96159362793, -53.1977653503], [-39.347278595, 1405.79577637, 127.604141235, -144.309906006, 289.422485352, 38.3115921021, -80.3386154175, -14.9471302032, -37.9843215942, -75.4026412964, 100.78175354, -145.572616577, -55.23021698], [-136.225601196, 127.604141235, 1253.30664063, 197.124252319, 129.286972046, 65.9654464722, -279.825256348, -13.7589464188, -72.0374221802, 12.5501356125, -29.4143466949, -70.3214569092, -134.80380249], [43.4857711792, -144.309906006, 197.124252319, 589.184387207, 110.622810364, 23.9580879211, -139.274902344, -15.9345493317, 53.2979202271, 33.257900238, -64.1227874756, -34.179813385, 36.0095710754], [-458.876678467, 289.422485352, 129.286972046, 110.622810364, 531.319335938, 85.2860717773, -116.013046265, 12.1519699097, 18.3740978241, 19.3404331207, 18.6892089844, -73.0648803711, -16.6149253845], [55.9707527161, 38.3115921021, 65.9654464722, 23.9580879211, 85.2860717773, 268.594696045, 70.7610397339, 64.6555175781, -49.2481422424, 24.2024040222, 39.8660430908, -37.3757629395, -27.3070487976], [-456.247497559, -80.3386154175, -279.825256348, -139.274902344, -116.013046265, 70.7610397339, 466.371032715, 52.2062950134, -12.8216457367, -35.5209159851, 41.3785972595, 35.6667518616, -17.4473075867], [-26.6166210175, -14.9471302032, -13.7589464188, -15.9345493317, 12.1519699097, 64.6555175781, 52.2062950134, 193.77104187, 43.7966575623, 20.2316093445, 24.6631793976, 9.69270420074, 9.59522533417], [-227.343231201, -37.9843215942, -72.0374221802, 53.2979202271, 18.3740978241, -49.2481422424, -12.8216457367, 43.7966575623, 179.595703125, 41.0350608826, -9.88731479645, 11.7303972244, 12.4682779312], [50.5627975464, -75.4026412964, 12.5501356125, 33.257900238, 19.3404331207, 24.2024040222, -35.5209159851, 20.2316093445, 41.0350608826, 127.079559326, 31.0853729248, -5.82468175888, -0.351922035217], [-270.842926025, 100.78175354, -29.4143466949, -64.1227874756, 18.6892089844, 39.8660430908, 41.3785972595, 24.6631793976, -9.88731479645, 31.0853729248, 135.970977783, 16.9605941772, -2.04009318352], [9.96159362793, -145.572616577, -70.3214569092, -34.179813385, -73.0648803711, -37.3757629395, 35.6667518616, 9.69270420074, 11.7303972244, -5.82468175888, 16.9605941772, 143.628829956, 53.7805862427], [-53.1977653503, -55.23021698, -134.80380249, 36.0095710754, -16.6149253845, -27.3070487976, -17.4473075867, 9.59522533417, 12.4682779312, -0.351922035217, -2.04009318352, 53.7805862427, 117.156066895]]}, "spectral_energyband_middle_low": {"dmean2": 0.0107207521796, "median": 0.00927306711674, "min": 2.83163956957e-22, "dvar2": 0.000274680554867, "dvar": 0.000112013891339, "dmean": 0.00693446910009, "max": 0.147149890661, "var": 0.000187177909538, "mean": 0.0136838881299}, "melbands_crest": {"dmean2": 5.78507709503, "median": 12.7997245789, "min": 2.40609431267, "dvar2": 28.7695808411, "dvar": 11.6928539276, "dmean": 3.59752488136, "max": 37.4248809814, "var": 41.4173355103, "mean": 14.3119707108}, "spectral_kurtosis": {"dmean2": 1.91589379311, "median": 3.2673573494, "min": -1.20539712906, "dvar2": 4.97097873688, "dvar": 1.90936338902, "dmean": 1.17680001259, "max": 30.5059146881, "var": 5.88385868073, "mean": 3.64365386963}, "spectral_rms": {"dmean2": 0.00130129850004, "median": 0.0048686331138, "min": 3.30454457201e-12, "dvar2": 2.14324654735e-06, "dvar": 9.98725909085e-07, "dmean": 0.000887406407855, "max": 0.0137002626434, "var": 3.05559115077e-06, "mean": 0.00479534454644}, "zerocrossingrate": {"dmean2": 0.0148035129532, "median": 0.06689453125, "min": 0.005859375, "dvar2": 0.000273105804808, "dvar": 0.000259973079665, "dmean": 0.0125026777387, "max": 0.50244140625, "var": 0.00195361487567, "mean": 0.0760273858905}, "silence_rate_60dB": {"dmean2": 0.0331177227199, "median": 0, "min": 0, "dvar2": 0.0369382947683, "dvar": 0.0162829570472, "dmean": 0.016556719318, "max": 1, "var": 0.039911326021, "mean": 0.0416451096535}, "erbbands_kurtosis": {"dmean2": 2.40373563766, "median": 0.30139374733, "min": -1.84625554085, "dvar2": 21.8060035706, "dvar": 9.16482067108, "dmean": 1.54092180729, "max": 79.2468032837, "var": 25.2074146271, "mean": 1.70059645176}, "erbbands": {"dmean2": [0.0189924277365, 0.343869030476, 2.44208812714, 4.77881383896, 9.49821472168, 13.9059820175, 18.0601978302, 21.7247314453, 25.8974189758, 29.0802440643, 58.5412025452, 48.4637184143, 37.3396072388, 51.7903022766, 29.6997337341, 32.0176086426, 18.4827899933, 20.629404068, 38.0481452942, 39.1082992554, 29.460067749, 25.9327068329, 15.1045198441, 7.93335914612, 18.2613792419, 12.9169511795, 10.1620311737, 15.6955432892, 15.8245534897, 9.92908191681, 5.0811047554, 6.18170690536, 2.84786391258, 1.198351264, 0.508842289448, 0.300898879766, 0.184434935451, 0.0511635951698, 0.00513028679416, 0.000110403816507], "median": [0.00954776350409, 0.190243571997, 0.841430485249, 1.62374019623, 1.57175409794, 2.76841831207, 6.35474967957, 5.61186218262, 10.9100284576, 10.6062717438, 13.2262001038, 11.5781078339, 11.0363750458, 16.8008232117, 10.2080421448, 9.65425682068, 8.47819900513, 9.56061458588, 14.9660606384, 13.0218353271, 14.4546108246, 15.4898176193, 10.1624126434, 6.16730690002, 7.00525474548, 4.88985443115, 4.34074497223, 5.13344955444, 5.10943603516, 2.89671134949, 1.38818502426, 1.44784021378, 1.28152871132, 0.868366479874, 0.391195118427, 0.14421197772, 0.0213537625968, 0.0017242806498, 7.37910741009e-05, 3.94914095523e-05], "min": [8.80295967831e-22, 6.10365870738e-21, 1.79920297374e-20, 2.17408607412e-20, 5.29138455186e-20, 2.39503994209e-19, 3.72578381313e-19, 1.75031611487e-19, 3.31017828809e-19, 5.91908836249e-19, 1.18861449287e-18, 2.36738491607e-18, 1.81908162959e-18, 4.0386448207e-18, 7.85041633326e-18, 4.05599327969e-18, 6.68248321686e-18, 5.42637388793e-18, 4.59238144303e-18, 4.24184339254e-18, 9.34362705861e-18, 1.23193307301e-17, 1.07247672187e-17, 2.15313343281e-17, 1.75375640556e-17, 1.25247147131e-17, 1.24962084149e-17, 2.04561351894e-17, 1.89892891917e-17, 2.20866653411e-17, 1.91630632948e-17, 1.64803842194e-17, 1.32432608686e-17, 1.48642437017e-17, 1.05784323509e-17, 5.52099218307e-18, 3.65070331727e-18, 1.1466984595e-18, 3.45327252075e-19, 3.88265170159e-20], "dvar2": [0.00134625530336, 0.338746935129, 26.3852138519, 92.0655593872, 860.951660156, 1277.15124512, 1374.1048584, 2621.92138672, 3702.8215332, 5873.65722656, 18621.6152344, 15588.5068359, 13265.5029297, 13583.8740234, 6472.21777344, 7128.05175781, 1267.42285156, 1894.92785645, 8482.91992188, 11533.7558594, 5478.12597656, 2586.38037109, 811.95715332, 257.307434082, 1608.1619873, 871.516357422, 449.859161377, 1399.9473877, 1362.66577148, 949.455871582, 252.864456177, 286.855224609, 53.2133598328, 6.81607580185, 1.12264811993, 0.505440413952, 0.25030875206, 0.0223088040948, 0.000232058417168, 8.5300705166e-08], "dvar": [0.000579519663006, 0.1485465765, 12.0633230209, 36.7480163574, 354.534484863, 510.944580078, 580.073974609, 988.240661621, 1538.96765137, 2451.29711914, 7720.14550781, 6773.45263672, 5582.23974609, 6223.89990234, 2852.07739258, 3016.53540039, 548.366210938, 715.783874512, 3425.18676758, 5065.69287109, 2293.28857422, 1112.17224121, 352.75100708, 105.479736328, 736.364135742, 404.664276123, 180.149581909, 618.876098633, 590.52557373, 415.751403809, 109.153297424, 107.463623047, 21.5893383026, 2.81748342514, 0.53013330698, 0.239332601428, 0.094134233892, 0.00799903552979, 8.39380372781e-05, 3.1523935462e-08], "dmean": [0.0126247964799, 0.224872380495, 1.52195465565, 2.9015545845, 6.1886510849, 8.830119133, 11.4919834137, 13.1159086227, 16.0672721863, 18.3628978729, 36.9551010132, 30.8687362671, 24.4835662842, 34.7655410767, 19.0674953461, 20.2460536957, 11.7895555496, 12.691699028, 23.5300159454, 25.4158554077, 19.063337326, 16.5286598206, 9.64134883881, 5.04769515991, 12.1823415756, 8.56537151337, 6.39347362518, 10.4745941162, 10.471534729, 6.49202013016, 3.24616384506, 3.63749742508, 1.7328441143, 0.744110167027, 0.33173584938, 0.202871873975, 0.110678136349, 0.0284122116864, 0.00283927028067, 6.46672560833e-05], "max": [1.00204598904, 6.29030036926, 62.5286521912, 109.594985962, 313.351074219, 364.062713623, 406.049407959, 570.218383789, 830.154541016, 1364.20593262, 1737.15234375, 2088.49633789, 2364.01025391, 2267.13378906, 1241.77685547, 1217.47521973, 466.253326416, 618.496459961, 1262.58764648, 1578.81738281, 1014.52032471, 1014.36413574, 456.377044678, 230.693832397, 656.343383789, 578.68170166, 259.4296875, 434.362243652, 463.1043396, 610.93951416, 229.316009521, 121.310600281, 96.8351516724, 26.4447422028, 15.8999834061, 12.7103033066, 4.40692663193, 1.0085132122, 0.0952218323946, 0.00230866507627], "var": [0.00179820833728, 0.435067147017, 22.1086025238, 64.6090927124, 399.060333252, 531.963867188, 1046.52160645, 1182.19812012, 3547.90161133, 3903.51733398, 20470.3632813, 17284.4042969, 18043.5253906, 38739.8710938, 6127.7734375, 5439.7578125, 1403.01025391, 1154.10119629, 5056.20947266, 9409.62304688, 5633.53564453, 3262.34936523, 862.663513184, 166.203292847, 1843.86584473, 932.507995605, 311.750549316, 1172.59863281, 1160.93994141, 708.867431641, 167.77911377, 106.31211853, 28.0253810883, 4.37565469742, 1.05989861488, 0.45290094614, 0.0784610509872, 0.00505769159645, 5.31754849362e-05, 2.26047305318e-08], "mean": [0.0278238859028, 0.486824423075, 2.29321575165, 4.52399539948, 7.53773593903, 10.2116136551, 17.5499897003, 17.1623058319, 28.1183605194, 27.3563785553, 62.5082092285, 50.2614898682, 45.7724494934, 74.4157485962, 32.5802078247, 32.7720413208, 22.1153888702, 22.1156711578, 37.0619506836, 41.4307022095, 38.0380134583, 34.2047309875, 19.3925380707, 9.7825422287, 21.8688926697, 15.8436832428, 11.255074501, 18.629201889, 18.6634140015, 10.5297746658, 4.74809646606, 4.43563938141, 2.62028360367, 1.43339419365, 0.689679384232, 0.343936234713, 0.103736825287, 0.0200709644705, 0.00189319939818, 7.50192702981e-05]}, "spectral_strongpeak": {"dmean2": 1.34860301018, "median": 0.923961281776, "min": 0, "dvar2": 3.52649784088, "dvar": 1.41059076786, "dmean": 0.808937072754, "max": 13.3264503479, "var": 3.02975726128, "mean": 1.5840113163}, "spectral_energy": {"dmean2": 0.0143356975168, "median": 0.0242961794138, "min": 1.11930154614e-20, "dvar2": 0.000350032380084, "dvar": 0.00015009281924, "dmean": 0.00946493633091, "max": 0.192389637232, "var": 0.000301617721561, "mean": 0.0267021693289}, "average_loudness": 0.905526399612, "spectral_rolloff": {"dmean2": 1036.67700195, "median": 1496.55761719, "min": 43.06640625, "dvar2": 2597711, "dvar": 1153479.875, "dmean": 625.534423828, "max": 19250.6835938, "var": 3163682.5, "mean": 2006.74841309}, "spectral_centroid": {"dmean2": 447.756713867, "median": 1350.45007324, "min": 198.62562561, "dvar2": 286803.75, "dvar": 146592.984375, "dmean": 301.541137695, "max": 10721.3378906, "var": 706656, "mean": 1535.76135254}, "pitch_salience": {"dmean2": 0.119126804173, "median": 0.55675804615, "min": 0.077831029892, "dvar2": 0.0119665293023, "dvar": 0.00486034527421, "dmean": 0.0745281279087, "max": 0.874946892262, "var": 0.0171402301639, "mean": 0.545603215694}, "spectral_energyband_middle_high": {"dmean2": 0.00405228557065, "median": 0.00541159976274, "min": 1.86789640582e-21, "dvar2": 3.01546624542e-05, "dvar": 1.38273353514e-05, "dmean": 0.00273470790125, "max": 0.0721215605736, "var": 6.408693298e-05, "mean": 0.00762498611584}, "spectral_contrast_coeffs": {"dmean2": [0.0891981050372, 0.0865143164992, 0.0742368400097, 0.0583417601883, 0.0434466414154, 0.0345834419131], "median": [-0.627626895905, -0.687124311924, -0.723034858704, -0.748754739761, -0.760051488876, -0.75195479393], "min": [-0.953963220119, -0.952923715115, -0.961497247219, -0.968382537365, -0.962628781796, -0.956688761711], "dvar2": [0.00629903562367, 0.00579890608788, 0.00369157874957, 0.00234435475431, 0.00135211483575, 0.00112345884554], "dvar": [0.0026355353184, 0.00238528219052, 0.00161341566127, 0.00104835676029, 0.000622463063337, 0.000529102515429], "dmean": [0.0564433075488, 0.054304856807, 0.0475476309657, 0.03722589463, 0.0281875822693, 0.0229781176895], "max": [-0.307800829411, -0.282161384821, -0.344812750816, -0.439540535212, -0.530917167664, -0.493499755859], "var": [0.0101993009448, 0.0102041177452, 0.0103381611407, 0.00598823418841, 0.00386545527726, 0.00422195950523], "mean": [-0.624867796898, -0.677369296551, -0.711594104767, -0.740278303623, -0.752588629723, -0.744769632816]}, "melbands_skewness": {"dmean2": 1.16280341148, "median": 1.87984514236, "min": -4.08006811142, "dvar2": 1.77658355236, "dvar": 0.842801332474, "dmean": 0.77477478981, "max": 16.6100940704, "var": 3.27163648605, "mean": 2.33023834229}, "spectral_spread": {"dmean2": 949854.875, "median": 5002549, "min": 1440104.875, "dvar2": 1273206013950.0, "dvar": 619937857536, "dmean": 615340.4375, "max": 41021464, "var": 2503967244290.0, "mean": 5289957}, "dissonance": {"dmean2": 0.0402333065867, "median": 0.460646212101, "min": 0.198286682367, "dvar2": 0.00179253332317, "dvar": 0.000659044599161, "dmean": 0.0241556633264, "max": 0.499872714281, "var": 0.00178521149792, "mean": 0.448777884245}, "spectral_skewness": {"dmean2": 0.325362950563, "median": 1.49771308899, "min": -0.135314434767, "dvar2": 0.0976585447788, "dvar": 0.0427579917014, "dmean": 0.210354700685, "max": 4.27353429794, "var": 0.233974009752, "mean": 1.46905875206}, "spectral_flux": {"dmean2": 0.0472447536886, "median": 0.0842049792409, "min": 1.05797051675e-10, "dvar2": 0.00235885102302, "dvar": 0.00105831411202, "dmean": 0.0303404740989, "max": 0.342280000448, "var": 0.0023229571525, "mean": 0.091290563345}, "spectral_contrast_valleys": {"dmean2": [0.751294374466, 0.768398523331, 0.662537038326, 0.54293525219, 0.461420655251, 0.461395204067], "median": [-7.61946249008, -6.86047077179, -7.60794496536, -7.83723735809, -7.66520309448, -9.72441768646], "min": [-27.1246433258, -27.5984191895, -27.1202602386, -26.9256362915, -27.2252292633, -27.31615448], "dvar2": [0.412446677685, 0.560712635517, 0.37994864583, 0.258426725864, 0.2242975384, 0.328712612391], "dvar": [0.188232332468, 0.257657766342, 0.182487145066, 0.128778710961, 0.119352631271, 0.166207388043], "dmean": [0.474428743124, 0.496656239033, 0.431011229753, 0.357728421688, 0.311378955841, 0.320444136858], "max": [-5.8507900238, -4.58985948563, -5.08926391602, -5.65623140335, -5.4055056572, -7.57554483414], "var": [1.52412366867, 1.60915482044, 1.40183186531, 1.35080170631, 1.18793702126, 1.48930180073], "mean": [-7.88838529587, -7.07126903534, -7.72435283661, -7.98471689224, -7.80677747726, -9.92503929138]}, "erbbands_flatness_db": {"dmean2": 0.0311813410372, "median": 0.159902155399, "min": 0.0293097160757, "dvar2": 0.000959201017395, "dvar": 0.000431546242908, "dmean": 0.0210248716176, "max": 0.420668721199, "var": 0.00318303587846, "mean": 0.167669072747}, "spectral_energyband_high": {"dmean2": 0.00119912042283, "median": 0.000703759607859, "min": 8.01623478123e-21, "dvar2": 5.8765040194e-06, "dvar": 2.57243732449e-06, "dmean": 0.000785667973105, "max": 0.0224914830178, "var": 5.17917715115e-06, "mean": 0.00154648697935}, "spectral_entropy": {"dmean2": 0.284665882587, "median": 7.59119987488, "min": 5.11118078232, "dvar2": 0.0879879817367, "dvar": 0.0402482263744, "dmean": 0.189876765013, "max": 9.78125286102, "var": 0.224407434464, "mean": 7.5287566185}, "silence_rate_20dB": {"dmean2": 0, "median": 1, "min": 1, "dvar2": 0, "dvar": 0, "dmean": 0, "max": 1, "var": 0, "mean": 1}, "melbands_flatness_db": {"dmean2": 0.0383810810745, "median": 0.170232668519, "min": 0.00534270936623, "dvar2": 0.00145834428258, "dvar": 0.00067107914947, "dmean": 0.02537942864, "max": 0.435497552156, "var": 0.00381475966424, "mean": 0.178050428629}, "barkbands": {"dmean2": [2.02540959435e-05, 0.00117773050442, 0.00270864204504, 0.00165867176838, 0.004306639079, 0.00232706428505, 0.00179370015394, 0.00252441852354, 0.00211694161408, 0.00176195206586, 0.000777637353167, 0.000847817806061, 0.000437106529716, 0.00048516006791, 0.000788230216131, 0.000726014317479, 0.000548777461518, 0.000255261256825, 0.000282240449451, 0.000307438400341, 0.000329061527736, 0.000416131893871, 0.000206381111639, 0.000235746003455, 8.21949070087e-05, 8.50360738696e-05, 2.96806247206e-05], "median": [2.34080789596e-06, 0.000577906263061, 0.000607908237725, 0.000389408669434, 0.000949929584749, 0.000754568609409, 0.000751254730858, 0.000466645200504, 0.000333375995979, 0.000460089067928, 0.000113617592433, 0.000178035086719, 0.000141109368997, 0.000150914624101, 0.000252541853115, 0.000238047665334, 0.000291015312541, 0.000137541850563, 0.000119827564049, 9.53261915129e-05, 0.00011496328807, 0.000141349562909, 5.18338056281e-05, 8.04814335424e-05, 6.57931523165e-05, 2.00599606615e-05, 2.36400921949e-07], "min": [8.79922038296e-24, 2.68759135947e-23, 1.84403336344e-23, 6.19306376583e-24, 6.76531340612e-23, 2.9648649236e-23, 2.78806068436e-23, 4.13496179393e-23, 9.69973019205e-23, 7.4182744033e-23, 1.62494794672e-22, 1.21543295899e-22, 1.39107631052e-22, 8.67856489637e-23, 7.31376169295e-23, 1.31792807868e-22, 2.62075571881e-22, 2.66287003642e-22, 3.4904441959e-22, 2.96747031029e-22, 4.25368794763e-22, 7.06647512997e-22, 6.40459129553e-22, 7.41243493933e-22, 1.39709856303e-21, 1.78365464395e-21, 2.39087932862e-21], "dvar2": [3.66993302414e-09, 3.91731782656e-06, 3.10654650093e-05, 1.25012838907e-05, 0.000119639014883, 2.39473411057e-05, 1.97056397155e-05, 3.2663167076e-05, 2.7139640224e-05, 1.85406915989e-05, 4.27322220276e-06, 5.23490371052e-06, 7.32848661755e-07, 1.35773200327e-06, 4.00792532673e-06, 3.69024178326e-06, 1.15029797598e-06, 2.87576483515e-07, 3.65512192957e-07, 4.74399968198e-07, 4.97551695844e-07, 9.29622217427e-07, 4.88998750825e-07, 4.05937356618e-07, 2.79128418157e-08, 4.33969979952e-08, 7.88859999545e-09], "dvar": [2.16389284269e-09, 1.69927807292e-06, 1.39619223773e-05, 4.63574951937e-06, 4.9456677516e-05, 9.19471040106e-06, 8.09239099908e-06, 1.36025510074e-05, 1.23516692838e-05, 8.1581847553e-06, 1.90166849734e-06, 2.20914580495e-06, 3.11124040309e-07, 5.11943426318e-07, 1.60200443133e-06, 1.52835491463e-06, 4.82070390717e-07, 1.19971872437e-07, 1.57840545967e-07, 2.12559370993e-07, 2.17421757043e-07, 4.11428715097e-07, 2.07194432278e-07, 1.54370411565e-07, 1.24738894769e-08, 1.71940488514e-08, 2.84200085687e-09], "dmean": [1.54788594955e-05, 0.00077416386921, 0.00167221925221, 0.000970469380263, 0.00280652521178, 0.00142827432137, 0.00111497100443, 0.00157986336853, 0.00133690191433, 0.00116792856716, 0.000492286111694, 0.00053088972345, 0.000275149068329, 0.00029406932299, 0.000488716352265, 0.000461122806882, 0.000346348417224, 0.000160523239174, 0.000178914357093, 0.000199978181627, 0.000213519932004, 0.000275710452115, 0.000132625107653, 0.000140437477967, 5.26350522705e-05, 5.34965511179e-05, 1.63955810422e-05], "max": [0.00177565030754, 0.0237141400576, 0.069966763258, 0.0329822674394, 0.115670502186, 0.0488686338067, 0.0641837