{"tonal": {"thpcp": [1, 0.52547955513, 0.118902891874, 0.15626475215, 0.0968128293753, 0.363048195839, 0.639267444611, 0.338772147894, 0.388104528189, 0.67183470726, 0.341010570526, 0.112853452563, 0.159779727459, 0.0927979424596, 0.357296705246, 0.639891326427, 0.326999843121, 0.0903132557869, 0.134142309427, 0.103453099728, 0.541598200798, 0.933559894562, 0.466427206993, 0.255467742682, 0.435444414616, 0.2343275249, 0.150867551565, 0.251119434834, 0.145445138216, 0.275647312403, 0.492040455341, 0.262671083212, 0.155469566584, 0.245392128825, 0.144601434469, 0.541312158108], "hpcp": {"dmean2": [0.192446634173, 0.122851863503, 0.0930922776461, 0.116315297782, 0.0761852264404, 0.0574693493545, 0.0815992280841, 0.0525904372334, 0.0854570195079, 0.131224319339, 0.0811917334795, 0.0561418421566, 0.0729532018304, 0.0587936714292, 0.134556367993, 0.201734736562, 0.12709441781, 0.0527613200247, 0.0512167848647, 0.0415762104094, 0.100815296173, 0.149867355824, 0.0973094776273, 0.116883181036, 0.160017162561, 0.10050881654, 0.0414506196976, 0.0475613474846, 0.0374611057341, 0.100651711226, 0.15474678576, 0.093584485352, 0.0406535677612, 0.05220939219, 0.051983051002, 0.136599674821], "median": [0.205667167902, 0.114121906459, 0.0212259702384, 0.023130569607, 0.0176015086472, 0.0153446588665, 0.018740080297, 0.0172479581088, 0.043607711792, 0.0695750787854, 0.0381408147514, 0.00924396142364, 0.0092684943229, 0.0117063261569, 0.140362560749, 0.250559419394, 0.132282719016, 0.00583320530131, 0.00250199437141, 0.00516655761749, 0.0511028729379, 0.0958162918687, 0.0619716867805, 0.0541831813753, 0.0909661799669, 0.0496589653194, 0.00674501480535, 0.0053724385798, 0.00778085691854, 0.0491659343243, 0.0848081484437, 0.0458344891667, 0.00624028779566, 0.00469718268141, 0.00920223910362, 0.114784762263], "min": [0, 0, 0, 0, 0, 0, 0, 0, 0, 0, 0, 0, 0, 0, 0, 0, 0, 0, 0, 0, 0, 0, 0, 0, 0, 0, 0, 0, 0, 0, 0, 0, 0, 0, 0, 0], "dvar2": [0.0656025633216, 0.0255355387926, 0.0299620833248, 0.0452597923577, 0.0186989754438, 0.0128984954208, 0.0283738002181, 0.0100270407274, 0.0192244034261, 0.0435838624835, 0.0161405410618, 0.0158756058663, 0.0277591869235, 0.0127736683935, 0.0259195454419, 0.0640593320131, 0.0242287330329, 0.0162616893649, 0.0205118302256, 0.00797259341925, 0.0244305282831, 0.0512515045702, 0.0185368694365, 0.0332577452064, 0.066379353404, 0.0214396491647, 0.00904487445951, 0.0169583428651, 0.00679062167183, 0.0233407691121, 0.0555207803845, 0.0219633933157, 0.0133556937799, 0.0235169697553, 0.0159598533064, 0.0337307490408], "dvar": [0.0349611602724, 0.0110449790955, 0.0125228557736, 0.024323919788, 0.00842028576881, 0.00569864967838, 0.0136059885845, 0.00424618925899, 0.00873254425824, 0.0232316087931, 0.00750347552821, 0.00729421619326, 0.0142843276262, 0.00531537877396, 0.0122213726863, 0.0350991003215, 0.0112517019734, 0.00686148973182, 0.0104933856055, 0.00361231248826, 0.0118360295892, 0.0278243292123, 0.00843348354101, 0.0144126582891, 0.0332611985505, 0.00945868343115, 0.0042735170573, 0.00890996400267, 0.00290112686343, 0.0112957758829, 0.0301948562264, 0.00981702376157, 0.00493724644184, 0.0097895078361, 0.00594491371885, 0.0154252005741], "dmean": [0.122822366655, 0.077496856451, 0.0573003590107, 0.0748048499227, 0.0483940802515, 0.0355967469513, 0.0525348223746, 0.0330254808068, 0.0539637394249, 0.0849988684058, 0.0523768886924, 0.0351715646684, 0.0465101338923, 0.035825997591, 0.0869068652391, 0.13084231317, 0.0817368552089, 0.0317497290671, 0.0320196524262, 0.0256406832486, 0.0654131025076, 0.0976547375321, 0.063520886004, 0.0728318020701, 0.101423248649, 0.0629672259092, 0.0262650512159, 0.0308971013874, 0.0232555363327, 0.06468719244, 0.100702658296, 0.0605213269591, 0.0242439359426, 0.0327609181404, 0.0309889167547, 0.0864804089069], "max": [1, 1, 1, 1, 1, 1, 1, 1, 1, 1, 1, 1, 1, 1, 1, 1, 1, 1, 1, 0.784803211689, 1, 1, 1, 1, 1, 1, 1, 1, 1, 1, 1, 1, 1, 1, 1, 1], "var": [0.138889789581, 0.0326097048819, 0.0285355858505, 0.0849402546883, 0.0238675419241, 0.0129897110164, 0.0386331342161, 0.0103493956849, 0.0243701245636, 0.0822009220719, 0.0226914063096, 0.01876440458, 0.050712313503, 0.0133625920862, 0.0402341298759, 0.138704150915, 0.0401380956173, 0.0146198943257, 0.0350365154445, 0.00921488925815, 0.0402936786413, 0.108833797276, 0.0265634544194, 0.0416974239051, 0.121088542044, 0.0303293932229, 0.0120977517217, 0.0313822738826, 0.00735174817964, 0.0369967110455, 0.113274537027, 0.0297894962132, 0.00818360876292, 0.0220317337662, 0.00854384899139, 0.0510714054108], "mean": [0.37314543128, 0.186431720853, 0.102110877633, 0.174047857523, 0.0936610996723, 0.0603020116687, 0.100372858346, 0.0581346638501, 0.110176682472, 0.196669384837, 0.104990065098, 0.0621414408088, 0.0980836376548, 0.0577974319458, 0.216363370419, 0.399701654911, 0.210035055876, 0.0475256815553, 0.0624592788517, 0.0386962480843, 0.145110964775, 0.255516260862, 0.135407790542, 0.155126020312, 0.268533438444, 0.136302486062, 0.0451077111065, 0.063864223659, 0.0370914898813, 0.142812088132, 0.255765616894, 0.130702376366, 0.03609835729, 0.0536169037223, 0.0413503758609, 0.216477707028]}, "tuning_equal_tempered_deviation": 0, "chords_changes_rate": 0.050143070519, "key_key": "D", "tuning_diatonic_strength": 0.451954394579, "key_scale": "minor", "chords_number_rate": 0.00190761685371, "tuning_frequency": 435.952270508, "tuning_nontempered_energy_ratio": 0.571367025375, "chords_histogram": [31.1077804565, 5.3413271904, 4.72816467285, 5.3413271904, 1.7849843502, 3.27020025253, 0.258890867233, 6.21338033676, 0.109006673098, 6.56765222549, 0.899305105209, 1.38983511925, 0.858427584171, 0.258890867233, 0.299768358469, 0.476904213428, 0.844801723957, 0.0272516682744, 1.15819597244, 0, 3.65172362328, 1.59422266483, 17.1413002014, 6.67665910721], "key_strength": 0.738148272038, "chords_key": "D", "chords_strength": {"dmean2": 0.00571743166074, "median": 0.465680003166, "min": 0.232531666756, "dvar2": 3.6746776459e-05, "dvar": 4.51226405858e-05, "dmean": 0.0077342367731, "max": 0.695858418941, "var": 0.00784712843597, "mean": 0.465856254101}, "chords_scale": "minor", "hpcp_entropy": {"dmean2": 0.805230677128, "median": 1.32082951069, "min": 0.034690964967, "dvar2": 0.583199203014, "dvar": 0.226472213864, "dmean": 0.49145668745, "max": 3.51874661446, "var": 0.452406346798, "mean": 1.31374001503}}, "metadata": {"audio_properties": {"equal_loudness": 0, "codec": "mp3", "downmix": "mix", "sample_rate": 44100, "analysis_sample_rate": 44100, "bit_rate": 192000, "md5_encoded": "f7e63e82a8414598daf70bd7f931fcf9", "length": 340.767333984, "replay_gain": -6.86666679382, "lossless": false}, "version": {"essentia_build_sha": "70f2e5ece6736b2c40cc944ad0e695b16b925413", "essentia": "2.1-beta2", "extractor": "music 1.0", "essentia_git_sha": "v2.1_beta2"}, "tags": {"title": ["Fugue in D minor, BWV 565"], "language": ["eng"], "media": ["CD"], "albumartist": ["Johann Sebastian Bach; Wolfgang R\u00fcbsam"], "length": ["340800"], "musicbrainz_recordingid": ["dbf44bc2-4a49-4e7d-8637-31d6e2cce247"], "composer": ["Johann Sebastian Bach"], "taggingdate": ["2014-12-12T02:54:01"], "originalyear": ["1988"], "discnumber": ["1/1"], "album": ["Toccata & Fugue"], "catalognumber": ["420 860-2"], "musicbrainz album release country": ["US"], "musicbrainz album type": ["album"], "musicbrainz album status": ["official"], "file_name": "02 Fugue in D minor, BWV 565.mp3", "originaldate": ["1988"], "date": ["1988"], "genre": ["Klassisk"], "musicbrainz_albumid": ["4310391d-95ae-44d2-9d11-e68ad4229d96"], "musicbrainz_releasegroupid": ["6bd025d1-4a2b-315f-ab64-46a504ae7088"], "musicbrainz_artistid": ["24f1766e-9635-4d58-a4d4-9413f9f98a4c"], "asin": ["B0000040Z8"], "musicbrainz_workid": ["fbb58ca3-6936-3de5-bba0-b0cacd66aa7e"], "musicbrainz_albumartistid": ["24f1766e-9635-4d58-a4d4-9413f9f98a4c/100b939f-8b65-4e57-9568-854f7ab44027"], "artist": ["Johann Sebastian Bach"], "artistsort": ["Bach, Johann Sebastian"], "tracknumber": ["2/14"], "label": ["Philips Classics"], "albumartistsort": ["Bach, Johann Sebastian; R\u00fcbsam, Wolfgang"], "script": ["Latn"]}}, "rhythm": {"bpm_histogram_first_peak_bpm": {"dmean2": 0, "median": 98, "min": 98, "dvar2": 0, "dvar": 0, "dmean": 0, "max": 98, "var": 0, "mean": 98}, "bpm": 97.676612854, "bpm_histogram_second_peak_spread": {"dmean2": 0, "median": 0.608695626259, "min": 0.608695626259, "dvar2": 0, "dvar": 0, "dmean": 0, "max": 0.608695626259, "var": 0, "mean": 0.608695626259}, "bpm_histogram_first_peak_weight": {"dmean2": 0, "median": 0.145864665508, "min": 0.145864665508, "dvar2": 0, "dvar": 0, "dmean": 0, "max": 0.145864665508, "var": 0, "mean": 0.145864665508}, "onset_rate": 1.83692097664, "beats_position": [0.638548731804, 1.26548755169, 1.90403628349, 2.54258489609, 3.1811337471, 3.80807256699, 4.43501138687, 5.05034017563, 5.66566896439, 6.28099775314, 6.8963265419, 7.51165533066, 8.12698364258, 8.74231243134, 9.34603118896, 9.94974994659, 10.5534696579, 11.1571884155, 11.749297142, 12.3530158997, 12.9567346573, 13.5488433838, 14.1525621414, 14.756280899, 15.3483896255, 15.9404983521, 16.5326080322, 17.1131057739, 17.7052154541, 18.2973232269, 18.8894329071, 19.4815406799, 20.0852603912, 20.6773700714, 21.2694778442, 21.8615875244, 22.4653053284, 23.0690250397, 23.6727428436, 24.2764625549, 24.8801803589, 25.4722900391, 26.0643978119, 26.6565074921, 27.2486171722, 27.8407249451, 28.4328346252, 29.0133323669, 29.6054420471, 30.1859397888, 30.7664394379, 31.3469390869, 31.9390468597, 32.5195465088, 33.1000442505, 33.6689338684, 34.2494316101, 34.8299331665, 35.3988189697, 35.9677085876, 36.5482063293, 37.1287078857, 37.7092056274, 38.2897033691, 38.8818130493, 39.462310791, 40.0544204712, 40.6349182129, 41.2154197693, 41.795917511, 42.3764152527, 42.9569168091, 43.5374145508, 44.1179122925, 44.7216300964, 45.3369598389, 45.9406776428, 46.5560073853, 47.1713371277, 47.7866668701, 48.4019927979, 49.0173225403, 49.6442604065, 50.2712020874, 50.8981399536, 51.5250778198, 52.152015686, 52.7905654907, 53.4291152954, 54.0560531616, 54.6829910278, 55.3215408325, 55.9600906372, 56.5986366272, 57.2371864319, 57.8757362366, 58.5142860413, 59.1412239075, 59.7681617737, 60.3950996399, 61.0220413208, 61.6605873108, 62.2991371155, 62.9376869202, 63.5762329102, 64.1683425903, 64.772064209, 65.3641738892, 65.9678878784, 66.5599975586, 67.1521072388, 67.7326049805, 68.3247146606, 68.9168243408, 69.4973220825, 70.0778198242, 70.6583175659, 71.238822937, 71.7960968018, 72.3649902344, 72.9222640991, 73.4911575317, 74.0484313965, 74.6289291382, 75.2094345093, 75.789932251, 76.3704299927, 76.9509277344, 77.5314254761, 78.1119232178, 78.6808166504, 79.2497024536, 79.8302001953, 80.3990936279, 80.9679794312, 81.5368728638, 82.070930481, 82.6049880981, 83.1274337769, 83.661491394, 84.1955566406, 84.7296142578, 85.263671875, 85.7861175537, 86.3085708618, 86.842628479, 87.3766860962, 87.9107437134, 88.456413269, 89.0020828247, 89.5013122559, 90.000541687, 90.4997711182, 90.9061203003, 91.3124694824, 91.7072067261, 92.1135559082, 92.5083007812, 92.9030380249, 93.2977752686, 93.7157363892, 94.1220855713, 94.5284347534, 94.946395874, 95.3759613037, 95.8171386719, 96.2583236694, 96.6878890991, 97.1058502197, 97.5238113403, 97.9417648315, 98.3481140137, 98.7544631958, 99.1724243164, 99.590385437, 100.008346558, 100.426300049, 100.844261169, 101.26222229, 101.680175781, 102.098136902, 102.53931427, 102.968887329, 103.398452759, 103.828025818, 104.257591248, 104.687164307, 105.116729736, 105.534690857, 105.952651978, 106.370613098, 106.788566589, 107.20652771, 107.624488831, 108.030838013, 108.437187195, 108.843536377, 109.249885559, 109.656234741, 110.062583923, 110.480545044, 110.898498535, 111.316459656, 111.734420776, 112.140769958, 112.547119141, 112.953468323, 113.359817505, 113.766166687, 114.172515869, 114.59047699, 115.008430481, 115.43800354, 115.960449219, 116.482902527, 117.005348206, 117.539405823, 118.07346344, 118.607528687, 119.153198242, 119.698867798, 120.244529724, 120.801811218, 121.347480774, 121.89315033, 122.438819885, 122.972877502, 123.530158997, 124.075828552, 124.621498108, 125.190383911, 125.759269714, 126.362991333, 126.966712952, 127.570426941, 128.197372437, 128.824310303, 129.462860107, 130.101409912, 130.728347778, 131.355285645, 131.982223511, 132.609161377, 133.236099243, 133.851425171, 134.478363037, 135.116912842, 135.743850708, 136.370788574, 136.986114502, 137.601455688, 138.216781616, 138.820495605, 139.435821533, 140.051147461, 140.666488647, 141.270202637, 141.873916626, 142.477645874, 143.081359863, 143.685073853, 144.30039978, 144.904129028, 145.519454956, 146.134780884, 146.750106812, 147.35383606, 147.969161987, 148.572875977, 149.188201904, 149.803527832, 150.418869019, 151.022583008, 151.637908936, 152.253234863, 152.86857605, 153.483901978, 154.087615967, 154.702941895, 155.318267822, 155.945205688, 156.572158813, 157.187484741, 157.814422607, 158.441360474, 159.079910278, 159.706848145, 160.333786011, 160.949111938, 161.564437866, 162.179763794, 162.79510498, 163.39881897, 164.002532959, 164.617858887, 165.221588135, 165.836914062, 166.440628052, 167.0443573, 167.659683228, 168.275009155, 168.901947021, 169.528884888, 170.144210815, 170.771148682, 171.398086548, 172.013427734, 172.65196228, 173.290512085, 173.940673828, 174.590835571, 175.240997314, 175.891159058, 176.541305542, 177.179855347, 177.818405151, 178.445343018, 179.060684204, 179.68762207, 180.314559937, 180.941497803, 181.55682373, 182.172149658, 182.787475586, 183.402801514, 184.029754639, 184.645080566, 185.260406494, 185.88734436, 186.514282227, 187.152832031, 187.802993774, 188.441543579, 188.963989258, 189.486434937, 190.008880615, 190.496505737, 190.984130859, 191.471740723, 191.959365845, 192.446975708, 192.93460083, 193.422225952, 193.898223877, 194.374237061, 194.850250244, 195.326248169, 195.802261353, 196.278274536, 196.742675781, 197.207077026, 197.671463013, 198.147476196, 198.62348938, 199.111114502, 199.587112427, 200.06312561, 200.539138794, 201.015136719, 201.491149902, 201.967163086, 202.431564331, 202.907577515, 203.383575439, 203.847976685, 204.31237793, 204.776779175, 205.24118042, 205.693969727, 206.146759033, 206.59954834, 207.052337646, 207.505126953, 207.95791626, 208.399093628, 208.840270996, 209.281448364, 209.722625732, 210.163803101, 210.604980469, 211.057769775, 211.510559082, 211.963348389, 212.416137695, 212.892150879, 213.368164062, 213.855773926, 214.331787109, 214.807800293, 215.283798218, 215.748199463, 216.224212646, 216.688613892, 217.176239014, 217.675460815, 218.174682617, 218.662307739, 219.149932861, 219.637542725, 220.125167847, 220.61277771, 221.088790894, 221.564804077, 222.040817261, 222.505218506, 222.969604492, 223.445617676, 223.910018921, 224.386032104, 224.85043335, 225.314819336, 225.767608643, 226.232009888, 226.696411133, 227.160812378, 227.613601685, 228.066390991, 228.519180298, 228.983581543, 229.447982788, 229.923980713, 230.388381958, 230.841171265, 231.293960571, 231.758361816, 232.222763062, 232.675552368, 233.128341675, 233.523086548, 233.917816162, 234.312561035, 234.707290649, 235.102035522, 235.496780396, 235.903121948, 236.286254883, 236.64616394, 237.017684937, 237.389205933, 237.760726929, 238.132247925, 238.503753662, 238.86366272, 239.223571777, 239.61831665, 240.013061523, 240.407791138, 240.814147949, 241.220489502, 241.615234375, 242.009979248, 242.416320801, 242.811065674, 243.217407227, 243.716644287, 244.181045532, 244.657043457, 245.133056641, 245.632278442, 246.119903564, 246.619140625, 247.129974365, 247.629196167, 248.128433228, 248.627655029, 249.12689209, 249.63772583, 250.183395386, 250.729064941, 251.263122559, 251.773956299, 252.284805298, 252.807250977, 253.341308594, 253.875366211, 254.351379395, 254.804168701, 255.268569946, 255.732971191, 256.197357178, 256.661773682, 257.137786865, 257.613769531, 258.089782715, 258.565795898, 259.041809082, 259.529418945, 260.017059326, 260.504669189, 261.00390625, 261.491516113, 261.990753174, 262.489959717, 262.989196777, 263.476806641, 263.964447021, 264.440460205, 264.916442871, 265.392456055, 265.868469238, 266.263214111, 266.657958984, 267.04107666, 267.424224854, 267.807342529, 268.190460205, 268.585205078, 268.968353271, 269.32824707, 269.676544189, 270.036468506, 270.396362305, 270.767883301, 271.139404297, 271.510925293, 271.882446289, 272.253967285, 272.613861084, 272.9737854, 273.345306396, 273.716827393, 274.088348389, 274.459869385, 274.819763184, 275.19128418, 275.551208496, 275.922729492, 276.294250488, 276.700592041, 277.118530273, 277.524902344, 277.942840576, 278.360809326, 278.778778076, 279.196716309, 279.626312256, 280.055877686, 280.485443115, 280.938232422, 281.379394531, 281.820587158, 282.261749268, 282.714538574, 283.167327881, 283.631744385, 284.096130371, 284.560546875, 285.024932861, 285.489349365, 285.953735352, 286.429748535, 286.905761719, 287.370147705, 287.834564209, 288.298950195, 288.763336182, 289.239349365, 289.715362549, 290.20300293, 290.690612793, 291.189849854, 291.677459717, 292.1534729, 292.641082764, 293.221588135, 293.802093506, 294.429016113, 295.044342041, 295.659667969, 296.263397217, 296.867126465, 297.470825195, 298.062927246, 298.655059814, 299.258758545, 299.874084473, 300.524261475, 301.186035156, 301.894226074, 302.60244751, 303.310638428, 304.018859863, 304.657409668, 305.295959473, 305.946105957, 306.607879639, 307.26965332, 307.919799805, 308.569976807, 309.162078857, 309.754180908, 310.357910156, 310.950012207, 311.530517578, 312.076171875, 312.610229492, 313.13269043, 313.655151367, 314.177581787, 314.700042725, 315.187652588, 315.675262451, 316.162902832, 316.650512695, 317.138122559, 317.625762939, 318.032104492, 318.438446045, 318.833190918, 319.227935791, 319.622680664, 320.01739502, 320.42376709, 320.830108643, 321.236450195, 321.642791748, 322.037536621, 322.443908691, 322.757354736, 323.082427979, 323.395904541, 323.709381104, 324.034454346, 324.359527588, 324.684631348, 325.00970459, 325.334777832, 325.659851074, 325.984924316, 326.310028076, 326.635101318, 326.960174561, 327.285247803, 327.610321045, 327.935424805, 328.260498047, 328.585571289, 328.910644531, 329.235717773, 329.560821533, 329.885894775, 330.210968018, 330.53604126, 330.861114502, 331.186218262, 331.557739258, 331.929260254, 332.300750732, 332.672271729, 333.043792725, 333.415313721, 333.786834717, 334.158355713, 334.483428955, 334.820129395, 335.156829834, 335.493499756, 335.934692383, 336.364257812, 336.793823242, 337.339508057, 337.873565674, 338.419219971, 338.964904785, 339.498962402, 340.03302002], "beats_loudness": {"dmean2": 0.00937376637012, "median": 0.00944495946169, "min": 9.42731936959e-09, "dvar2": 0.000163906079251, "dvar": 6.48581262794e-05, "dmean": 0.00558775383979, "max": 0.130293339491, "var": 0.000350631104084, "mean": 0.0159549321979}, "danceability": 0.806951761246, "bpm_histogram_second_peak_weight": {"dmean2": 0, "median": 0.0676691755652, "min": 0.0676691755652, "dvar2": 0, "dvar": 0, "dmean": 0, "max": 0.0676691755652, "var": 0, "mean": 0.0676691755652}, "beats_count": 666, "bpm_histogram_second_peak_bpm": {"dmean2": 0, "median": 126, "min": 126, "dvar2": 0, "dvar": 0, "dmean": 0, "max": 126, "var": 0, "mean": 126}, "bpm_histogram_first_peak_spread": {"dmean2": 0, "median": 0.51256275177, "min": 0.51256275177, "dvar2": 0, "dvar": 0, "dmean": 0, "max": 0.51256275177, "var": 0, "mean": 0.51256275177}, "beats_loudness_band_ratio": {"dmean2": [0.111960425973, 0.183318808675, 0.226555123925, 0.19552667439, 0.142649099231, 0.0633183792233], "median": [0.0676830857992, 0.185636341572, 0.252027183771, 0.202676683664, 0.145505860448, 0.042482458055], "min": [0.00010892971477, 9.244348621e-05, 0.000608194328379, 0.000884846027475, 0.000831337238196, 8.87615533429e-05], "dvar2": [0.0139571446925, 0.0279063712806, 0.0333145856857, 0.0312564522028, 0.014739587903, 0.00677289580926], "dvar": [0.00547974510118, 0.0091760167852, 0.0112099749967, 0.0100505771115, 0.00585588999093, 0.00260670506395], "dmean": [0.0649181678891, 0.107744693756, 0.130913674831, 0.112147763371, 0.0829736813903, 0.0371001437306], "max": [0.994899392128, 0.774940431118, 0.677903413773, 0.75894510746, 0.655616044998, 0.595798015594], "var": [0.0225414521992, 0.0186924375594, 0.0160485822707, 0.0155275100842, 0.011000960134, 0.00440169358626], "mean": [0.116177648306, 0.203567162156, 0.265892893076, 0.221062898636, 0.166733562946, 0.0622009374201]}}, "lowlevel": {"barkbands_spread": {"dmean2": 3.93373250961, "median": 19.1796283722, "min": 0.862987339497, "dvar2": 13.8051795959, "dvar": 5.90781593323, "dmean": 2.57575035095, "max": 53.8848190308, "var": 32.4294395447, "mean": 19.3531208038}, "melbands_spread": {"dmean2": 6.98328828812, "median": 28.7611618042, "min": 0.38140001893, "dvar2": 48.5174751282, "dvar": 22.1981620789, "dmean": 4.65911197662, "max": 108.813812256, "var": 116.66280365, "mean": 29.6448001862}, "hfc": {"dmean2": 2.54914498329, "median": 8.8368396759, "min": 1.22096969335e-06, "dvar2": 9.36070919037, "dvar": 5.23354053497, "dmean": 1.88191914558, "max": 89.8705215454, "var": 174.808197021, "mean": 13.4134244919}, "barkbands_kurtosis": {"dmean2": 2.20990371704, "median": -0.426594734192, "min": -1.84541857243, "dvar2": 226.730056763, "dvar": 88.6577301025, "dmean": 1.37522637844, "max": 401.801483154, "var": 202.075836182, "mean": 1.19529354572}, "gfcc": {"mean": [-78.0101928711, 108.009613037, -178.258041382, 14.8292322159, -66.3114852905, -9.85014820099, -34.5132331848, -3.45486283302, -23.012922287, 0.612535178661, -14.6111526489, -1.98612344265, -4.57241773605], "icov": [[0.000251600693446, -0.000852668075822, 0.000975223258138, -0.000763492484111, 0.000525497307535, -0.000742994132452, 0.000697434414178, -0.000661690195557, 0.00103049841709, -0.000952966045588, 0.000992872053757, -0.000726096041035, 0.000774378306232], [-0.000852668075822, 0.00504286959767, -0.00409978115931, 0.00328327645548, -0.00383390719071, 0.00386430439539, -0.00270918547176, 0.00433407817036, -0.00453074881807, 0.00536172417924, -0.00468411622569, 0.00475339405239, -0.00353158987127], [0.000975223258138, -0.00409978115931, 0.00641597853974, -0.00461507728323, 0.00105367053766, -0.00415375875309, 0.00325335422531, -0.00320587051101, 0.00432063406333, -0.0041753007099, 0.00457988400012, -0.00392545387149, 0.00358350435272], [-0.000763492484111, 0.00328327645548, -0.00461507728323, 0.00774566363543, -0.00184900488239, 0.00284306379035, -0.00436229072511, 0.0025622677058, -0.00271367561072, 0.00363862654194, -0.00168407161254, 0.0027639255859, -0.00166613108013], [0.000525497307535, -0.00383390719071, 0.00105367053766, -0.00184900488239, 0.00954638794065, -0.00383419543505, 0.00031006327481, -0.00298833311535, 0.00164343928918, -0.00245197676122, 0.00226003699936, -0.00188623147551, 0.00254702661186], [-0.000742994132452, 0.00386430439539, -0.00415375875309, 0.00284306379035, -0.00383419543505, 0.0118487868458, -0.00455518905073, 0.00211540027522, -0.00471960846335, 0.00301034376025, -0.0039970385842, 0.00294321659021, -0.00101596617606], [0.000697434414178, -0.00270918547176, 0.00325335422531, -0.00436229072511, 0.00031006327481, -0.00455518905073, 0.0124631701037, -0.00472703343257, 0.00243159523234, -0.00427711382508, 0.00174404098652, -0.00175105279777, 0.00221391394734], [-0.000661690195557, 0.00433407817036, -0.00320587051101, 0.0025622677058, -0.00298833311535, 0.00211540027522, -0.00472703343257, 0.0140272369608, -0.00620266981423, 0.00328046246432, -0.00398761034012, 0.00203703623265, -0.00231871893629], [0.00103049841709, -0.00453074881807, 0.00432063406333, -0.00271367561072, 0.00164343928918, -0.00471960846335, 0.00243159523234, -0.00620266981423, 0.0171332582831, -0.00792504660785, 0.00323404720984, -0.00477296672761, 0.00241610547528], [-0.000952966045588, 0.00536172417924, -0.0041753007099, 0.00363862654194, -0.00245197676122, 0.00301034376025, -0.00427711382508, 0.00328046246432, -0.00792504660785, 0.0166605617851, -0.00694672763348, 0.00326496246271, -0.00488555058837], [0.000992872053757, -0.00468411622569, 0.00457988400012, -0.00168407161254, 0.00226003699936, -0.0039970385842, 0.00174404098652, -0.00398761034012, 0.00323404720984, -0.00694672763348, 0.016713609919, -0.00664862431586, 0.0024148307275], [-0.000726096041035, 0.00475339405239, -0.00392545387149, 0.0027639255859, -0.00188623147551, 0.00294321659021, -0.00175105279777, 0.00203703623265, -0.00477296672761, 0.00326496246271, -0.00664862431586, 0.0178835727274, -0.00640464061871], [0.000774378306232, -0.00353158987127, 0.00358350435272, -0.00166613108013, 0.00254702661186, -0.00101596617606, 0.00221391394734, -0.00231871893629, 0.00241610547528, -0.00488555058837, 0.0024148307275, -0.00640464061871, 0.0175387971103]], "cov": [[15930.25, 1260.82971191, -1219.67565918, 139.569946289, -326.454742432, -308.466308594, -445.908172607, -396.813720703, -534.935791016, -296.069030762, -423.513977051, -279.801300049, -206.294784546], [1260.82971191, 1616.05895996, 449.991760254, 28.0443382263, 360.161468506, -73.0489654541, -37.249042511, -211.742706299, -42.9649009705, -242.912658691, -23.0953350067, -200.260681152, -31.0606269836], [-1219.67565918, 449.991760254, 800.567932129, 244.664352417, 253.138381958, 114.309104919, 68.4299621582, 1.0722464323, 4.80262184143, -58.8380851746, -43.5038566589, -42.8175849915, -61.2005348206], [139.569946289, 28.0443382263, 244.664352417, 305.39440918, 67.3809204102, 40.810256958, 62.8449058533, 6.8008389473, -19.9037284851, -28.1466503143, -52.3972587585, -24.485168457, -42.7738113403], [-326.454742432, 360.161468506, 253.138381958, 67.3809204102, 266.36529541, 69.3661651611, 58.0909767151, 6.57930040359, 27.6779899597, -30.8211288452, 4.81539821625, -36.7176170349, -25.9810466766], [-308.466308594, -73.0489654541, 114.309104919, 40.810256958, 69.3661651611, 171.016555786, 71.9438247681, 52.5772132874, 44.5956001282, 35.3384361267, 20.8964138031, 12.9164447784, -17.3257865906], [-445.908172607, -37.249042511, 68.4299621582, 62.8449058533, 58.0909767151, 71.9438247681, 153.904083252, 61.8941955566, 41.6895027161, 39.2789077759, 24.9937267303, 10.6146821976, -5.70389080048], [-396.813720703, -211.742706299, 1.0722464323, 6.8008389473, 6.57930040359, 52.5772132874, 61.8941955566, 148.31072998, 58.3538284302, 58.2717628479, 33.1969261169, 40.5728645325, 7.63427686691], [-534.935791016, -42.9649009705, 4.80262184143, -19.9037284851, 27.6779899597, 44.5956001282, 41.6895027161, 58.3538284302, 126.198097229, 61.6216583252, 44.3079872131, 32.4219284058, 18.6306037903], [-296.069030762, -242.912658691, -58.8380851746, -28.1466503143, -30.8211288452, 35.3384361267, 39.2789077759, 58.2717628479, 61.6216583252, 149.183151245, 51.3224258423, 50.1083717346, 27.0749053955], [-423.513977051, -23.0953350067, -43.5038566589, -52.3972587585, 4.81539821625, 20.8964138031, 24.9937267303, 33.1969261169, 44.3079872131, 51.3224258423, 119.500785828, 39.3549842834, 25.8149833679], [-279.801300049, -200.260681152, -42.8175849915, -24.485168457, -36.7176170349, 12.9164447784, 10.6146821976, 40.5728645325, 32.4219284058, 50.1083717346, 39.3549842834, 108.243034363, 32.1566963196], [-206.294784546, -31.0606269836, -61.2005348206, -42.7738113403, -25.9810466766, -17.3257865906, -5.70389080048, 7.63427686691, 18.6306037903, 27.0749053955, 25.8149833679, 32.1566963196, 85.9739532471]]}, "spectral_energyband_middle_low": {"dmean2": 0.00253148330376, "median": 0.00398314418271, "min": 7.81639961089e-11, "dvar2": 2.08926103369e-05, "dvar": 7.16811882739e-06, "dmean": 0.00160116574261, "max": 0.101914256811, "var": 0.000122103461763, "mean": 0.0078664328903}, "melbands_crest": {"dmean2": 3.50818300247, "median": 9.16342353821, "min": 3.42239308357, "dvar2": 11.341586113, "dvar": 4.66303920746, "dmean": 2.24612092972, "max": 37.9991149902, "var": 22.453496933, "mean": 10.3648672104}, "spectral_kurtosis": {"dmean2": 5.86787223816, "median": 6.17654132843, "min": -1.20283889771, "dvar2": 49.9904556274, "dvar": 15.6375980377, "dmean": 3.31258368492, "max": 100.12940979, "var": 39.4360389709, "mean": 7.4782705307}, "spectral_rms": {"dmean2": 0.000363565544831, "median": 0.00287475809455, "min": 5.59055365557e-07, "dvar2": 1.42591702001e-07, "dvar": 6.15046289454e-08, "dmean": 0.000251270626904, "max": 0.011273435317, "var": 3.67703796655e-06, "mean": 0.00318233226426}, "zerocrossingrate": {"dmean2": 0.00718523748219, "median": 0.0654296875, "min": 0.00048828125, "dvar2": 4.2233386921e-05, "dvar": 2.90607495117e-05, "dmean": 0.00583538692445, "max": 0.21240234375, "var": 0.000454416585853, "mean": 0.0673538669944}, "silence_rate_60dB": {"dmean2": 0.0635093674064, "median": 0, "min": 0, "dvar2": 0.0669670179486, "dvar": 0.0307431388646, "dmean": 0.0317525193095, "max": 1, "var": 0.181349039078, "mean": 0.237991422415}, "erbbands_kurtosis": {"dmean2": 0.576672315598, "median": -0.470829486847, "min": -1.79130256176, "dvar2": 0.37769266963, "dvar": 0.168702289462, "dmean": 0.38332504034, "max": 9.66127109528, "var": 0.578622817993, "mean": -0.334345281124}, "erbbands": {"dmean2": [0.00492139765993, 0.0674600228667, 0.333538085222, 1.51493382454, 2.67727351189, 3.2868885994, 6.03883075714, 10.3046808243, 9.06352043152, 10.9202404022, 12.0567388535, 11.6974411011, 9.45875549316, 10.9656543732, 13.4984064102, 16.4812679291, 11.6579008102, 11.5680570602, 18.6106300354, 11.7363824844, 12.0262393951, 11.5563201904, 9.19954681396, 8.57611465454, 11.3831577301, 5.28844547272, 4.57618713379, 3.48759818077, 1.46500337124, 0.396718978882, 0.27549469471, 0.0774675682187, 0.0414651818573, 0.0220753569156, 0.00903197750449, 0.00222418643534, 0.00105326692574, 9.0919311333e-05, 3.16023442792e-06, 3.53849350176e-06], "median": [0.000387323088944, 0.00374708278105, 0.0436696000397, 0.239619091153, 0.858575820923, 1.73894488811, 2.95624685287, 4.27987098694, 7.34070205688, 6.79375267029, 9.61255741119, 11.361322403, 10.5070514679, 13.921672821, 11.8467359543, 15.5001487732, 12.7892656326, 10.4037427902, 18.3322505951, 12.3354282379, 11.6570854187, 10.4624528885, 7.79941797256, 5.25615930557, 6.60889387131, 2.86729979515, 2.42312526703, 1.91455042362, 0.773272573948, 0.232897639275, 0.165830805898, 0.0514142736793, 0.0245719831437, 0.0135741243139, 0.00558642018586, 0.00195214606356, 0.000675791117828, 6.83443722664e-05, 7.11534221409e-06, 1.05405624709e-05], "min": [7.25355164821e-10, 3.64965901944e-09, 3.16576698189e-09, 3.77671538487e-09, 3.90489285351e-09, 6.14410966548e-09, 1.86560118465e-08, 4.14035845608e-08, 1.48355667307e-07, 1.11461972097e-07, 9.33566681738e-08, 6.14107449337e-08, 1.25021571762e-07, 7.76694193405e-08, 2.16316436763e-07, 6.72466597962e-08, 2.73635748727e-07, 3.53658350605e-07, 1.14137009177e-07, 2.44737350386e-07, 1.16783617443e-07, 2.65202118044e-07, 2.24985214459e-07, 1.29923691361e-07, 1.14058700262e-07, 1.36697181574e-07, 2.31395745232e-07, 1.03689494324e-07, 3.1461843264e-07, 2.21319879756e-07, 1.2755391765e-07, 2.60974744037e-08, 2.73884115387e-08, 2.49878091552e-08, 1.28720705206e-08, 7.14512982114e-09, 3.30789395875e-09, 1.13331866114e-09, 2.89300222667e-10, 7.73751271388e-11], "dvar2": [0.000413056404795, 0.0402793698013, 0.737135112286, 19.3045482635, 42.6662864685, 42.6079521179, 138.766479492, 895.545837402, 232.271530151, 600.770446777, 650.78112793, 473.992126465, 255.873565674, 231.302337646, 767.936401367, 773.827209473, 320.057159424, 435.5050354, 796.048339844, 573.710388184, 337.170288086, 359.270111084, 224.554901123, 282.748016357, 455.491790771, 103.668395996, 68.6945266724, 38.6992111206, 6.7492685318, 0.566063344479, 0.194784119725, 0.0167964994907, 0.00533233489841, 0.00115503941197, 0.000252184108831, 1.14937556646e-05, 3.17701073982e-06, 2.04683310301e-08, 2.24360877099e-11, 3.07126164778e-11], "dvar": [0.000114572714665, 0.0126323401928, 0.237664565444, 6.34256076813, 15.2513074875, 16.6823005676, 53.3156967163, 254.894699097, 86.5165100098, 228.890808105, 223.942001343, 256.101776123, 148.421417236, 151.172607422, 333.806213379, 524.782470703, 208.286026001, 231.703552246, 474.206390381, 339.327484131, 220.191497803, 196.728652954, 141.590621948, 131.277633667, 228.940155029, 47.1483192444, 30.168006897, 15.2153644562, 2.95959711075, 0.218102812767, 0.0785151273012, 0.00638323137537, 0.00208029313944, 0.000436275644461, 9.47376029217e-05, 4.25939833804e-06, 1.15722264127e-06, 7.40429362267e-09, 8.46067747112e-12, 1.17019163456e-11], "dmean": [0.00278610293753, 0.0392584949732, 0.193932652473, 0.91081738472, 1.67227303982, 2.10762476921, 3.82650279999, 5.99228048325, 5.86158084869, 6.88466453552, 7.88858556747, 8.84212112427, 6.9288816452, 8.50901985168, 9.31458187103, 13.1584177017, 8.85786819458, 8.40427303314, 13.8556919098, 9.02429962158, 9.19259929657, 8.3849697113, 6.76258277893, 5.74156141281, 7.85620927811, 3.49781918526, 3.07349014282, 2.21599531174, 0.956335365772, 0.243923634291, 0.171597659588, 0.0477243848145, 0.025998339057, 0.0135015929118, 0.00552133657038, 0.00135539087933, 0.000638071855064, 5.45603252249e-05, 2.01559623747e-06, 2.36774894802e-06], "max": [0.229206889868, 2.3768465519, 9.87822246552, 53.1121711731, 133.836776733, 216.067260742, 360.942047119, 349.025909424, 283.693023682, 485.790924072, 504.666870117, 587.583862305, 394.599334717, 447.031280518, 621.670898438, 917.522094727, 735.935668945, 590.763305664, 572.871582031, 763.28717041, 625.88861084, 427.604766846, 508.251525879, 360.845367432, 395.43862915, 160.849578857, 94.0272064209, 80.540222168, 43.7116088867, 9.220038414, 4.44763231277, 1.47284626961, 0.818515658379, 0.355018675327, 0.206786975265, 0.0454938039184, 0.0245235301554, 0.00163119251374, 8.58716011862e-05, 0.000148465667735], "var": [0.000251212768489, 0.0357401184738, 1.01742601395, 17.2153682709, 104.142654419, 196.46295166, 457.390136719, 588.787780762, 705.663208008, 951.916259766, 1343.37426758, 2285.81860352, 1038.10217285, 1538.90441895, 2081.08081055, 4905.67822266, 1916.71264648, 1315.56445312, 2618.11645508, 2168.6171875, 1282.09985352, 904.410095215, 709.918395996, 371.270324707, 658.541748047, 129.678848267, 83.432258606, 33.0448760986, 7.81556463242, 0.511544346809, 0.162809625268, 0.0145890740678, 0.00539481826127, 0.0011620366713, 0.0002049911418, 1.4650256162e-05, 2.79941787085e-06, 2.27362768612e-08, 1.37485411944e-10, 3.88902493542e-10], "mean": [0.00607926491648, 0.0869394615293, 0.449611097574, 1.89799797535, 4.55374526978, 6.29009342194, 10.6344137192, 13.189994812, 16.7662239075, 17.0480194092, 22.1522369385, 28.3447227478, 22.1181201935, 27.8733921051, 27.5096321106, 41.8665847778, 27.5023841858, 23.6394672394, 36.4331283569, 26.7681102753, 25.1862773895, 21.0320262909, 16.7051010132, 11.7571973801, 15.4189186096, 6.91257667542, 6.05878782272, 4.07950592041, 1.82920300961, 0.47878369689, 0.303047627211, 0.0929284542799, 0.0528569184244, 0.0277526825666, 0.0108541352674, 0.00331543362699, 0.00130809796974, 0.000123145247926, 1.12151556095e-05, 1.72766704054e-05]}, "spectral_strongpeak": {"dmean2": 0.865338623524, "median": 0.79225051403, "min": 0, "dvar2": 1.39708197117, "dvar": 0.581137955189, "dmean": 0.511152267456, "max": 10.0902404785, "var": 1.08271360397, "mean": 1.11222612858}, "spectral_energy": {"dmean2": 0.00303998915479, "median": 0.0084708398208, "min": 3.2035651909e-10, "dvar2": 2.46202635026e-05, "dvar": 9.07872799871e-06, "dmean": 0.00200911867432, "max": 0.130267605186, "var": 0.00027829350438, "mean": 0.0141493594274}, "average_loudness": 0.0378480665386, "spectral_rolloff": {"dmean2": 490.457061768, "median": 1937.98828125, "min": 21.533203125, "dvar2": 319528.84375, "dvar": 148595.125, "dmean": 291.895965576, "max": 8613.28125, "var": 667995.6875, "mean": 2015.16809082}, "spectral_centroid": {"dmean2": 299.700897217, "median": 1629.38110352, "min": 347.350799561, "dvar2": 78050.9609375, "dvar": 38840.6484375, "dmean": 198.336196899, "max": 11164.8359375, "var": 282578.21875, "mean": 1669.84680176}, "pitch_salience": {"dmean2": 0.071797221899, "median": 0.530083715916, "min": 0.0525259375572, "dvar2": 0.00421752082184, "dvar": 0.00162211304996, "dmean": 0.045415405184, "max": 0.795501708984, "var": 0.00877369940281, "mean": 0.525692522526}, "spectral_energyband_middle_high": {"dmean2": 0.00114001962356, "median": 0.00354280788451, "min": 3.79728019861e-11, "dvar2": 1.86489410225e-06, "dvar": 1.1706007399e-06, "dmean": 0.000874075340107, "max": 0.0412900596857, "var": 2.88425399049e-05, "mean": 0.00537257455289}, "spectral_contrast_coeffs": {"dmean2": [0.0721283331513, 0.0598212890327, 0.0460234060884, 0.0378569327295, 0.0324050374329, 0.0319891571999], "median": [-0.592418730259, -0.740893125534, -0.724221110344, -0.688375651836, -0.650959968567, -0.658379554749], "min": [-0.956802725792, -0.954392254353, -0.966261565685, -0.955524563789, -0.964347720146, -0.959457457066], "dvar2": [0.00343615980819, 0.00226565310732, 0.00133952102624, 0.000949812005274, 0.000671213667374, 0.000677067087963], "dvar": [0.00122141663451, 0.00084039469948, 0.000566119037103, 0.000393582275137, 0.000289823568892, 0.000300055922708], "dmean": [0.0430257022381, 0.0368097089231, 0.0293305907398, 0.0245588831604, 0.0211088322103, 0.0208990722895], "max": [-0.302446812391, -0.472785830498, -0.49634757638, -0.522299110889, -0.511413812637, -0.543359100819], "var": [0.0133746359497, 0.00393569422886, 0.00376689922996, 0.00333187915385, 0.00299227354117, 0.00300891045481], "mean": [-0.604269444942, -0.739366173744, -0.725467860699, -0.692358136177, -0.657331764698, -0.664119839668]}, "melbands_skewness": {"dmean2": 0.52150452137, "median": 1.18421781063, "min": -0.898656189442, "dvar2": 1.24782061577, "dvar": 0.502685308456, "dmean": 0.343947261572, "max": 28.8280467987, "var": 3.42861127853, "mean": 1.41997385025}, "spectral_spread": {"dmean2": 297640.25, "median": 2597743, "min": 723825.1875, "dvar2": 165467406336, "dvar": 139689934848, "dmean": 185006, "max": 41096460, "var": 588145819648, "mean": 2674037.25}, "dissonance": {"dmean2": 0.027499075979, "median": 0.466978758574, "min": 0.294983029366, "dvar2": 0.000601049803663, "dvar": 0.000222426053369, "dmean": 0.0165633931756, "max": 0.5, "var": 0.000512072991114, "mean": 0.463389784098}, "spectral_skewness": {"dmean2": 0.529249191284, "median": 1.58722960949, "min": 0.0354071222246, "dvar2": 0.255293905735, "dvar": 0.0826366916299, "dmean": 0.305439114571, "max": 7.60924816132, "var": 0.305506438017, "mean": 1.66752362251}, "spectral_flux": {"dmean2": 0.0111941443756, "median": 0.0358846113086, "min": 1.78985064849e-05, "dvar2": 0.000106776373286, "dvar": 4.15908798459e-05, "dmean": 0.00692522479221, "max": 0.160641521215, "var": 0.000485572294565, "mean": 0.0384658463299}, "spectral_contrast_valleys": {"dmean2": [0.653538823128, 0.443937897682, 0.370320498943, 0.320229947567, 0.272663831711, 0.316734820604], "median": [-9.31237697601, -6.73536300659, -7.31899547577, -8.25070858002, -9.06384372711, -12.4650821686], "min": [-27.5034561157, -27.5443000793, -27.0251731873, -27.485710144, -27.1293144226, -27.1992645264], "dvar2": [0.281813263893, 0.141000017524, 0.100620128214, 0.0822544544935, 0.0706866830587, 0.113633729517], "dvar": [0.109131418169, 0.0668291896582, 0.0509921610355, 0.04236805439, 0.0399484634399, 0.0609135963023], "dmean": [0.381475090981, 0.268526941538, 0.226661249995, 0.196399956942, 0.176919922233, 0.214586421847], "max": [-5.7223982811, -4.51113367081, -5.50276994705, -6.41493034363, -7.43445301056, -11.0287313461], "var": [2.35537672043, 1.97247922421, 1.83721208572, 1.68963170052, 1.19736397266, 0.905564308167], "mean": [-9.07739067078, -7.01986885071, -7.65484142303, -8.54606533051, -9.27625179291, -12.6303920746]}, "erbbands_flatness_db": {"dmean2": 0.0153546342626, "median": 0.216678231955, "min": 0.0378971248865, "dvar2": 0.000192685678485, "dvar": 8.44686292112e-05, "dmean": 0.010055908002, "max": 0.36153557896