{"metadata": {"tags": {"label": ["GRP"], "genre": ["Big Band"], "asin": ["B000007Q66"], "album": ["Swingsation: Ella Fitzgerald With Chick Webb"], "date": ["1995-01-01"], "musicbrainz album type": ["Album", "Compilation"], "script": ["Latin", "Latin"], "albumartistsort": ["Fitzgerald, Ella & Webb, Chick"], "musicbrainz album release country": ["US"], "acoustid_id": ["851d7751-ea5a-451b-a001-43093a4ed616"], "musicbrainz_artistid": ["54799c0e-eb45-4eea-996d-c4d71a63c499", "8ecae52e-9c89-4b61-99d8-ac11abc26771"], "musicbrainz_releasegroupid": ["04c6389f-b7e4-36a4-bfa9-c8051613957b"], "musicbrainz_recordingid": ["186c1068-5c59-4fe2-a49f-d55c08da4352"], "musicbrainz album status": ["Official"], "albumartist": ["Ella Fitzgerald & Chick Webb"], "barcode": ["0011105992121"], "originaldate": ["1996"], "musicip_puid": ["b21cfb1e-7546-f539-d7b5-b35fe9584275"], "artist": ["Ella Fitzgerald & Chick Webb"], "musicbrainz_albumid": ["83970851-bbac-42df-8bd3-2a4491b1beb4"], "artistsort": ["Fitzgerald, Ella & Webb, Chick"], "title": ["When I Get Low I Get High"], "tracknumber": ["03/18"], "musicbrainz_albumartistid": ["54799c0e-eb45-4eea-996d-c4d71a63c499", "8ecae52e-9c89-4b61-99d8-ac11abc26771"], "discnumber": ["01/01"], "originalalbum": ["Ella Fitzgerald With the Chick Webb Band (1935-1938)"], "acoustid_fingerprint": ["AQABz6IUJYnDCFcUisd1KXhfVD9ch4i8ZEieULvwEi_YZKPA-7jgLzm-PKhSg9uNE3pc_Dj67EMzXvjy4Fl2PPnxH9OlFMly5HKMMjTsZEHPEc9xHaGOZHEz_A9O4WLR7EfvEa20o8ejIT56GVqe4yKRa_iWoznKuTgVIzwaMznOzNAV4kZIHf6F8h6-HBd5nCvcpHid4xtT_PCxLomQ62iuQwqv48dMot8gEq-GWjoUqYkU49KRfja8g7mJizhTY4ou9FKORw_uG89xMcVe1C9yiBdqIeeJS1kevDqqHw0XFjOJdzgeOkF6izj-FOKD_FmCczn6KDFSCWfwEK1yKE92hHlQK8jHYz2aB-2Oj8fXI0ezo3uGK9mFo-yOlMN5aNSDX0d5aFku5KOH_UdTpeilI7cEPckRS5ws4qzRPOiOH_8RXUgq3UGdHOYSoryG58WPJ0qN5AlyBdXFo1EZYnRyZPcw-yn0RAxOQZN5PFN35JRifGgcHv-C-7iLWJKgjUK0ygyqi-CloA-aJjtCJkezHzoN3RKhJc3xTMEP8fmR2wUfVE1oPB0xThma8eiz4A_6JDfSfIGmlDtyTHmiTOhZ5AykHGGu4Ho6rFpy_EBPw5t4hOJ26JeCXcoRvj2Y5EM3ZYbjIwOrhHhUB76sBNqDkMzA4NLxo2F8lLwS_A14KkPyBZGSS-iPZzeeD0djvH2GT1Ji-JjIofoNJj-m1EHFhMeDUOmhZXly5BTyhHiU4Ib-FPmeEL-MJkuEXviCS8xRZ0fzI1-O5iiTE7pyBvnhJ8rwxLjyoD-6Fs2DkNCTHJ8fvENzHlqj6Hh25HgLP_iOS0lw8YaNc7iCC5WONlsaJFYSqXiGdNxxNQtORH4iNDzE3dilGKcihRBd1MuRy8GPv7iS4sli9IOfo8xyGjmf4c4crBNzNM6H8MF5XDSeoRL7CP6O9Aq1IeEXo08i4gz44N_RNMl-ZLFTJD_-4QeJkFYgKYvR78LO40dtaGGipfiHE70ShGGs4onIovfQfFGRF-WJ5syRPNOD68dxlwmsKEkeXMlx4QqmPySaZg6eHLzwK4PzpUL0PpCPo_mh8RlTPJaRH_1hTgpCkvih5-h7hHmW45OEHukJTdePXEeTVSjJBO93_I8RVxeS91ib4wd7KfgoXBmcRLlWnBzOjMIzvAZKRZfwNJmQ60iYPWDY5fg247lyuD9-fAvBKz7CjDySLYnT4DruoJ-NhB_Cc8bzwJOJ6krQKMb3HdQkPgLC3BU0PvgysHzRQ8uaIZTig4nGJxn-I76h50G6hT1-8CeaPLgS8WiWJMqF5wF6NHGu4FSI8MlQ18jR7EkQlod0NPuRhkkQbkfyKDF-NAcAiBEAGEAYIQoCgAzQBAkuiAAKIYEMcEQAIZhiQgoCtBMOEC0MAgQKQKzggAgrDRAGAYCIABAgAwAggipmEZLCEASIIIwQQwAiwhNECBBCEAQaAMEYoIgQRCgCEBEMKCSIYJIYQKATDAAAkCFECKAIMgZYQATRwACHCCZEG6GUARQAw5BAiEBjiCZKGEUwYAYgYJygggpgALFAaCGAMEoJJBQQCBBhDDEEKgQMsAAJYRgghgAhhBDAAmYAMoYRARhAShkCEDNMIAOAMoAQZAQASAALBEDECwAYRgI55hiBTEhjgJAWUICQQQwIAgQhChAKhCAAMGIMAQIpgJETABhmCCQEKWEdAEQggSQAwJBQCAGQKECEc4AIgxAxSiEECACCAQCEsAIIIAQiEEFhDBKQMSmMgoAIJQQQjAhiFBNAIUQYAEABJgzyRDhCHAACMUIMEkRICxDQjngCFGIGBA"], "media": ["(CD)"], "file_name": "Ella Fitzgerald & Chick Webb - When I Get Low I Get High.mp3", "language": ["eng"]}, "audio_properties": {"sample_rate": 44100, "downmix": "mix", "lossless": false, "analysis_sample_rate": 44100, "md5_encoded": "895a6ecd9590462560c21b0954d48224", "equal_loudness": 0, "replay_gain": -9.81682014465, "codec": "mp3", "bit_rate": 106765, "length": 143.386123657}, "version": {"extractor": "music 1.0", "essentia_build_sha": "2d9f1f26377add8aeb1075a9c2973f962c4f09fd", "essentia_git_sha": "v2.1_beta2-1-ge3940c0", "essentia": "2.1-beta2"}}, "rhythm": {"beats_loudness_band_ratio": {"dvar2": [0.116235822439, 0.0473960004747, 0.0742400288582, 0.100546240807, 0.0141407586634, 0.00818316545337], "var": [0.0318094976246, 0.0285443495959, 0.0340853370726, 0.0548064038157, 0.00645627267659, 0.00383332115598], "min": [0.000624369364232, 6.19000002189e-06, 0.00322597427294, 0.000574834586587, 1.44577488754e-05, 0.000179092952749], "dmean": [0.158957645297, 0.136782005429, 0.194521710277, 0.179084643722, 0.0653665214777, 0.0460323989391], "mean": [0.139459848404, 0.204923629761, 0.29636195302, 0.266172647476, 0.0846899226308, 0.0577664934099], "max": [0.981385350227, 0.760291039944, 0.834225893021, 0.950596928596, 0.377167373896, 0.322660684586], "dmean2": [0.29903459549, 0.234695777297, 0.349422425032, 0.307842880487, 0.115388102829, 0.0817006230354], "median": [0.0701340287924, 0.165339782834, 0.2871773839, 0.203307285905, 0.0664368793368, 0.0394748598337], "dvar": [0.0378998816013, 0.0177431274205, 0.0256890244782, 0.0394856594503, 0.0053665372543, 0.00290448893793]}, "bpm_histogram_first_peak_weight": {"dvar2": 0, "var": 0, "min": 0.26530611515, "dmean": 0, "mean": 0.26530611515, "max": 0.26530611515, "dmean2": 0, "median": 0.26530611515, "dvar": 0}, "bpm": 97.7264175415, "beats_count": 246, "bpm_histogram_first_peak_spread": {"dvar2": 0, "var": 0, "min": 0.51127821207, "dmean": 0, "mean": 0.51127821207, "max": 0.51127821207, "dmean2": 0, "median": 0.51127821207, "dvar": 0}, "danceability": 1.26764011383, "bpm_histogram_first_peak_bpm": {"dvar2": 0, "var": 0, "min": 98, "dmean": 0, "mean": 98, "max": 98, "dmean2": 0, "median": 98, "dvar": 0}, "beats_position": [0.580498874187, 1.17260766029, 1.75310659409, 2.33360528946, 2.91410422325, 3.50621318817, 4.08671188354, 4.65560102463, 5.23609972, 5.80498838425, 6.37387752533, 6.9543762207, 7.52326536179, 8.08054447174, 8.62621307373, 9.14866161346, 9.70594120026, 10.2748298645, 10.8553285599, 11.4358272552, 12.0279359818, 12.6200447083, 13.2121543884, 13.8042631149, 14.3963718414, 14.9768705368, 15.5573692322, 16.1378688812, 16.7183666229, 17.298866272, 17.8677539825, 18.4366436005, 18.9939231873, 19.574420929, 20.1665306091, 20.758638382, 21.3623580933, 21.9660758972, 22.5814056396, 23.1851234436, 23.800453186, 24.40417099, 25.0078907013, 25.6116104126, 26.2153282166, 26.8074378967, 27.3995456696, 27.9916553497, 28.5837631226, 29.1642627716, 29.7447605133, 30.3368701935, 30.9405899048, 31.5326976776, 32.1131973267, 32.6936950684, 33.2741928101, 33.8546943665, 34.4351921082, 35.0156898499, 35.5961914063, 36.1766891479, 36.7571868896, 37.3376846313, 37.9065742493, 38.4754638672, 38.9282531738, 39.3926506042, 39.8570518494, 40.2866210938, 40.7277984619, 41.1573677063, 41.6101570129, 42.0629463196, 42.5157356262, 42.9569168091, 43.3980941772, 43.8392753601, 44.2804527283, 44.7332420349, 45.1860313416, 45.6272087097, 46.0799980164, 46.5211791992, 46.9739685059, 47.4267578125, 47.8911552429, 48.3323364258, 48.7851219177, 49.2611312866, 49.7255325317, 50.2015419006, 50.7472114563, 51.2928771973, 51.8501586914, 52.4538764954, 53.0692062378, 53.696144104, 54.3114738464, 54.9151916504, 55.5189094543, 56.122631073, 56.7147369385, 57.3300666809, 57.9453964233, 58.5375061035, 59.1412239075, 59.7565536499, 60.3602714539, 60.952381134, 61.556098938, 62.1598167419, 62.7751464844, 63.3904762268, 63.9941940308, 64.5979156494, 65.2132415771, 65.8285675049, 66.4322891235, 67.0127868652, 67.6048965454, 68.1970062256, 68.7194519043, 69.2302932739, 69.7527389526, 70.2635803223, 70.7744216919, 71.2968673706, 71.9122009277, 72.5275268555, 73.1776885986, 73.8510665894, 74.5128326416, 75.1745986938, 75.8363723755, 76.4865264893, 77.1366882324, 77.7868499756, 78.4253921509, 79.040725708, 79.6444396973, 80.2365493774, 80.8518829346, 81.4672088623, 82.08253479, 82.7094802856, 83.3248062134, 83.9401321411, 84.5554656982, 85.170791626, 85.7861175537, 86.4014511108, 87.0167770386, 87.6321105957, 88.2474365234, 88.8743743896, 89.5129241943, 90.1398620605, 90.7667999268, 91.393737793, 92.0322875977, 92.6708374023, 93.309387207, 93.9247131348, 94.5284347534, 95.1553726196, 95.7706985474, 96.3976364136, 97.0245819092, 97.6399078369, 98.2668457031, 98.8937835693, 99.5207214355, 100.147659302, 100.774604797, 101.413146973, 102.051696777, 102.678634644, 103.305580139, 103.920906067, 104.524627686, 105.139953613, 105.766891479, 106.382217407, 106.997550964, 107.624488831, 108.251426697, 108.878364563, 109.505302429, 110.120635986, 110.747573853, 111.36289978, 111.978225708, 112.593559265, 113.197273254, 113.777778625, 114.369888306, 114.973602295, 115.577323914, 116.181037903, 116.79637146, 117.423309326, 118.050247192, 118.677185059, 119.315734863, 119.942672729, 120.569610596, 121.196548462, 121.811882019, 122.438819885, 123.065757751, 123.715919495, 124.342857361, 124.993011475, 125.631561279, 126.270111084, 126.89704895, 127.523986816, 128.17414856, 128.824310303, 129.474472046, 130.136230469, 130.774780273, 131.413330078, 132.040267944, 132.516281128, 132.992294312, 133.479904175, 133.979141235, 134.466751099, 134.954376221, 135.441986084, 135.941223145, 136.440444946, 136.928070068, 137.41569519, 137.914916992, 138.414154053, 138.890151978, 139.366165161, 139.911834717, 140.457504272, 141.003173828, 141.548843384, 142.094512939, 142.640182495], "beats_loudness": {"dvar2": 0.000800065463409, "var": 0.000412641675211, "min": 2.43572267209e-05, "dmean": 0.0171780157834, "mean": 0.0252295937389, "max": 0.115176387131, "dmean2": 0.0296286772937, "median": 0.0206444375217, "dvar": 0.000294142024359}, "bpm_histogram_second_peak_weight": {"dvar2": 0, "var": 0, "min": 0.114285714924, "dmean": 0, "mean": 0.114285714924, "max": 0.114285714924, "dmean2": 0, "median": 0.114285714924, "dvar": 0}, "bpm_histogram_second_peak_spread": {"dvar2": 0, "var": 0, "min": 0.243243232369, "dmean": 0, "mean": 0.243243232369, "max": 0.243243232369, "dmean2": 0, "median": 0.243243232369, "dvar": 0}, "bpm_histogram_second_peak_bpm": {"dvar2": 0, "var": 0, "min": 103, "dmean": 0, "mean": 103, "max": 103, "dmean2": 0, "median": 103, "dvar": 0}, "onset_rate": 3.73065543175}, "lowlevel": {"spectral_energyband_high": {"dvar2": 2.78954729538e-07, "var": 7.60827902013e-07, "min": 7.02865140788e-21, "dmean": 0.000183955708053, "mean": 0.000389038497815, "max": 0.00918403640389, "dmean2": 0.000227472890401, "median": 5.77260216232e-05, "dvar": 1.92737061866e-07}, "spectral_energyband_middle_low": {"dvar2": 2.17529686779e-05, "var": 6.6059656092e-05, "min": 2.22185109958e-22, "dmean": 0.00240317778662, "mean": 0.00637635029852, "max": 0.084654584527, "dmean2": 0.00315755722113, "median": 0.00354461208917, "dvar": 1.3428463717e-05}, "spectral_energy": {"dvar2": 4.84716365463e-05, "var": 0.000246513227466, "min": 1.01972749886e-20, "dmean": 0.00447133835405, "mean": 0.0136295165867, "max": 0.13777166605, "dmean2": 0.00527955777943, "median": 0.00812692008913, "dvar": 3.79051052732e-05}, "spectral_spread": {"dvar2": 623552495616, "var": 2552963006460.0, "min": 1142877.25, "dmean": 321161.3125, "mean": 3161298.75, "max": 41816496, "dmean2": 487631.875, "median": 2986656, "dvar": 340368424960}, "spectral_energyband_low": {"dvar2": 3.90034892916e-06, "var": 4.34088542534e-06, "min": 3.10223021966e-23, "dmean": 0.00068657862721, "mean": 0.00113182596397, "max": 0.020134376362, "dmean2": 0.00106640544254, "median": 0.000329312373651, "dvar": 1.6444813582e-06}, "spectral_rolloff": {"dvar2": 594560.1875, "var": 1247298.25, "min": 21.533203125, "dmean": 304.917022705, "mean": 1316.63500977, "max": 19358.3496094, "dmean2": 482.950653076, "median": 1141.25976563, "dvar": 292937.46875}, "barkbands": {"dvar2": [6.16321749192e-09, 5.50391177967e-07, 1.71360920831e-06, 1.99065752327e-07, 2.31565604736e-06, 1.91388335224e-06, 2.25466101256e-06, 3.17009198625e-06, 8.27871917863e-06, 7.89786645328e-06, 3.32634090228e-06, 2.22054609367e-06, 4.82123823531e-06, 9.43659301811e-07, 6.7409928306e-07, 1.36824482411e-07, 2.75142298278e-07, 3.17605270084e-07, 2.59317545215e-07, 3.23647100231e-07, 5.59071899886e-08, 2.37715678253e-08, 7.18149406609e-09, 7.29204141514e-10, 2.88071805993e-11, 7.86700479066e-12, 1.65039932675e-12], "var": [2.42276287921e-09, 3.50107399072e-07, 2.71914291261e-06, 8.31713506955e-08, 3.43948363479e-06, 5.18506749358e-06, 6.93360107107e-06, 5.71862210563e-06, 1.23762956719e-05, 1.47541568367e-05, 6.59791612634e-06, 4.75938804811e-06, 2.52456811722e-05, 2.25304438572e-06, 8.00804116352e-07, 1.73733781139e-07, 3.50848665676e-07, 4.19513128236e-07, 3.21690606597e-07, 5.23093490301e-07, 1.14449584032e-07, 5.06372970221e-08, 1.03097237414e-08, 1.47755518931e-09, 6.21172974169e-11, 1.7167578123e-11, 1.49994155551e-12], "min": [1.20734579759e-24, 8.81823587508e-24, 1.01347437517e-23, 2.9372018988e-24, 2.44939228478e-23, 2.1272752914e-23, 1.83928899618e-23, 1.64741467375e-23, 4.18579251968e-23, 4.9423678724e-23, 2.7334670921e-23, 4.11009563602e-23, 5.17796907036e-23, 5.43504716423e-23, 7.90029239776e-23, 6.09943276058e-23, 9.04751135521e-23, 9.77255909299e-23, 1.87576065485e-22, 2.33139623763e-22, 3.69782676643e-22, 4.9570716717e-22, 4.73065117385e-22, 6.08722485408e-22, 1.00797410246e-21, 1.32749432351e-21, 2.04738672276e-21], "dmean": [2.01862403628e-05, 0.000256375875324, 0.000433716981206, 0.000125605700305, 0.000602801213972, 0.000565897906199, 0.000535316125024, 0.00052742077969, 0.000842311128508, 0.000748679507524, 0.000471659965115, 0.00042915152153, 0.000596807862166, 0.000254243408563, 0.00018262580852, 0.000118053176266, 0.000119021933642, 0.000139554744237, 0.000159330127644, 0.000149219704326, 7.41920157452e-05, 3.62397404388e-05, 1.77589699888e-05, 5.68553787161e-06, 1.01006821751e-06, 4.81724214296e-07, 1.00040971063e-07], "mean": [2.15804775507e-05, 0.000335063494276, 0.000712543085683, 0.00014023167023, 0.00112331996206, 0.00123273441568, 0.00112887402065, 0.000979821081273, 0.00142966245767, 0.00147500820458, 0.000792266684584, 0.000762665469665, 0.00134275341406, 0.000445343350293, 0.000294517813018, 0.000196105946088, 0.000201968650799, 0.000231679834542, 0.0002673532872, 0.000265649927314, 0.000136949151056, 6.92109533702e-05, 3.09829047183e-05, 1.02149406302e-05, 1.89977265563e-06, 9.58114355853e-07, 1.51162652173e-07], "max": [0.000648171233479, 0.00646727159619, 0.0162685383111, 0.00665280688554, 0.023788517341, 0.0322044081986, 0.0362149737775, 0.0389492399991, 0.0691086351871, 0.0483075603843, 0.0490985289216, 0.0411814562976, 0.0895159095526, 0.0348806604743, 0.0190096758306, 0.0044762887992, 0.012926703319, 0.0133547000587, 0.00868216529489, 0.0126697570086, 0.00597667135298, 0.00374360359274, 0.00161691138055, 0.000665463740006, 0.00017413382011, 0.000114590009616, 6.47581982776e-05], "dmean2": [3.63783110515e-05, 0.000426806567702, 0.0006510122912, 0.000211933976971, 0.000934418989345, 0.000781583599746, 0.000747724203393, 0.000775180698838, 0.00120562547818, 0.00106767436955, 0.000663961865939, 0.000602167099714, 0.000785690033808, 0.000350628542947, 0.000255183695117, 0.000172173720784, 0.000169965453097, 0.000194520529476, 0.000220915244427, 0.000198601395823, 9.86261293292e-05, 4.82621981064e-05, 2.40716326516e-05, 7.60547891332e-06, 1.36967548769e-06, 6.5486085532e-07, 1.53393585833e-07], "median": [4.6051454774e-06, 0.000112142275611, 0.000119055490359, 3.87244654121e-05, 0.000480711460114, 0.000457264104625, 0.000277575658401, 0.000175601773662, 0.000231197176618, 0.000157694303198, 7.09417945473e-05, 7.13441477274e-05, 9.35226271395e-05, 3.80940691684e-05, 3.47561799572e-05, 2.72187062365e-05, 2.02997580345e-05, 3.24744469253e-05, 4.92496874358e-05, 3.94879534724e-05, 1.89466682059e-05, 4.59501916339e-06, 1.53299140493e-06, 4.70066879643e-07, 1.47963433506e-07, 1.70582538317e-07, 4.42622685171e-08], "dvar": [1.9557002684e-09, 2.16787597651e-07, 8.06227319572e-07, 7.58882876539e-08, 1.0733444924e-06, 1.17178615255e-06, 1.4027079942e-06, 1.61356933859e-06, 4.55987310488e-06, 4.12470853917e-06, 2.11504948311e-06, 1.33035678118e-06, 3.82520966014e-06, 5.67647305161e-07, 3.47717929117e-07, 6.72010926905e-08, 1.29852125497e-07, 1.61487704986e-07, 1.34075236247e-07, 2.02157210083e-07, 3.41408785687e-08, 1.4281437366e-08, 4.14344825117e-09, 4.34705271779e-10, 1.62890066019e-11, 4.7932703813e-12, 9.33944870225e-13]}, "melbands_skewness": {"dvar2": 2.09917926788, "var": 5.11936616898, "min": -1.92819869518, "dmean": 0.598282933235, "mean": 1.73791277409, "max": 46.1058425903, "dmean2": 0.875499725342, "median": 1.42530572414, "dvar": 0.987483263016}, "barkbands_skewness": {"dvar2": 2.59483146667, "var": 2.93993186951, "min": -2.0706474781, "dmean": 0.55535775423, "mean": 1.23034727573, "max": 35.2381248474, "dmean2": 0.845192313194, "median": 0.992323935032, "dvar": 0.977500140667}, "erbbands": {"dvar2": [2.85288697341e-05, 0.0532777607441, 2.08038330078, 1.53290092945, 6.00497579575, 42.9754714966, 137.789337158, 166.657058716, 629.130432129, 498.100006104, 1530.64697266, 5620.93603516, 6064.54492188, 8220.63085938, 3402.80786133, 3785.49902344, 11999.0878906, 3024.32714844, 2495.96508789, 465.929962158, 275.028839111, 666.901733398, 950.36114502, 343.618713379, 919.150756836, 570.455688477, 168.581451416, 57.0650863647, 35.0312919617, 16.6051311493, 5.38683843613, 0.776113271713, 0.0705413818359, 0.006533856038, 0.00107542739715, 0.000206953642191, 2.69251522695e-05, 2.0139523258e-06, 6.99168865026e-08, 2.23667209753e-10], "var": [1.90162791114e-05, 0.035960804671, 2.8123292923, 1.20079028606, 4.16605567932, 39.7573394775, 633.937255859, 326.08984375, 1895.9777832, 824.556884766, 3459.69458008, 9221.50878906, 6436.36376953, 25342.7773438, 7540.28857422, 10866.6015625, 60167.9453125, 8302.02929688, 2578.4765625, 770.407775879, 483.651611328, 900.724975586, 1504.67736816, 410.385894775, 1354.3203125, 922.033813477, 387.413543701, 94.9604263306, 54.3922348022, 28.4665145874, 9.42758369446, 1.75212025642, 0.131612434983, 0.012368215248, 0.00212487275712, 0.000417209084844, 5.5014523241e-05, 2.90090110866e-06, 4.74533514705e-08, 5.90262894118e-10], "min": [3.95347247822e-22, 1.51052974349e-21, 1.03465172735e-20, 1.64537662194e-20, 1.84142585881e-20, 7.71478076233e-20, 1.25478568485e-19, 1.61257438701e-19, 1.71843463535e-19, 4.88463024711e-19, 2.07647058696e-19, 1.07606623078e-18, 1.02172294607e-18, 1.2217092654e-18, 1.63509639543e-18, 2.5940925813e-18, 2.21339118297e-18, 4.07141937093e-18, 4.39424314859e-18, 4.61167377646e-18, 3.62005255326e-18, 5.55427834451e-18, 5.42759852883e-18, 7.62749694844e-18, 7.79200993739e-18, 1.33809897494e-17, 1.39758831567e-17, 1.3782197989e-17, 1.48280247714e-17, 1.08936320048e-17, 1.42160385039e-17, 1.27056662624e-17, 9.30045071217e-18, 1.01195977466e-17, 7.03498333976e-18, 5.1399171059e-18, 2.34999054856e-18, 8.96532055495e-19, 2.75901776468e-19, 2.61034048294e-20], "dmean": [0.00217752624303, 0.078770942986, 0.474648952484, 0.411789447069, 0.824182331562, 2.41087388992, 4.02411222458, 5.01370429993, 8.43285942078, 6.98323822021, 11.7531661987, 21.7591133118, 19.0557479858, 24.0525665283, 17.6053619385, 19.0603637695, 27.8787288666, 15.2971954346, 12.0800323486, 6.38137531281, 5.79149246216, 5.93265724182, 7.97552394867, 5.67439126968, 8.83951854706, 6.63234806061, 4.22745513916, 2.09065675735, 1.35628688335, 0.897275447845, 0.479966044426, 0.202339008451, 0.0536555834115, 0.0154044413939, 0.00589991314337, 0.0023971258197, 0.000866324233357, 0.000206197408261, 1.63810636877e-05, 5.98245060246e-06], "mean": [0.00309076299891, 0.10901273042, 0.768426656723, 0.608927607536, 1.26228952408, 3.97468185425, 8.90651607513, 10.5184812546, 17.7592411041, 14.2673616409, 22.5279483795, 38.0594215393, 34.2635612488, 48.7555732727, 32.2612533569, 37.9512901306, 63.5614509583, 30.7713375092, 21.1493034363, 11.1932258606, 10.8685674667, 10.6900558472, 14.0927639008, 9.9885597229, 15.710442543, 12.4296922684, 8.21659564972, 3.91933917999, 2.5297358036, 1.63349473476, 0.870991051197, 0.366092056036, 0.0965343341231, 0.0283155143261, 0.0109456116334, 0.00453681871295, 0.00170903082471, 0.000398750300519, 2.8304883017e-05, 1.77274068847e-05], "max": [0.0482354387641, 1.8855868578, 16.1932926178, 14.4365215302, 34.9643325806, 109.680854797, 396.558319092, 259.922088623, 617.720458984, 371.974609375, 1052.40881348, 1743.89428711, 1203.34179688, 2863.23364258, 1430.22521973, 2064.79174805, 5003.95849609, 1897.8338623, 1262.31860352, 546.588806152, 250.363464355, 577.411560059, 612.492797852, 337.175079346, 579.101928711, 468.816345215, 384.406677246, 154.323898315, 129.142730713, 71.0213623047, 56.256187439, 23.6218395233, 6.4843378067, 2.35501146317, 0.958901226521, 0.521247684956, 0.219332754612, 0.0674264132977, 0.0129366619512, 0.000801395741291], "dmean2": [0.00362117565237, 0.129847243428, 0.727407217026, 0.647986233234, 1.32828390598, 3.85404729843, 5.58426094055, 7.07797956467, 11.526884079, 10.2295265198, 16.8141975403, 30.7372722626, 27.4631175995, 31.3980140686, 24.5583343506, 25.3726978302, 35.9777679443, 20.369846344, 17.0410251617, 8.93310070038, 8.02086639404, 8.17668819427, 11.1514120102, 7.77273607254, 11.951880455, 8.71556091309, 5.49291229248, 2.73853588104, 1.83949327469, 1.19974994659, 0.64445990324, 0.259696215391, 0.0713568031788, 0.0207864735276, 0.00822536367923, 0.00330699817277, 0.00120449310634, 0.000290481548291, 2.37573476625e-05, 7.07116851117e-06], "median": [0.00152648461517, 0.0353059023619, 0.143840223551, 0.193822622299, 0.532922506332, 1.69081127644, 2.88023495674, 3.71908402443, 4.58556270599, 3.92080521584, 5.58744573593, 6.87010812759, 7.01383256912, 6.12680196762, 5.7761092186, 5.37574291229, 6.38435983658, 4.07706165314, 3.40116405487, 2.2303442955, 1.75531673431, 1.41714930534, 1.88333749771, 2.27987790108, 2.55335974693, 1.97830533981, 1.26912951469, 0.498483359814, 0.194504052401, 0.0805103480816, 0.03986062482, 0.0171308554709, 0.00482633989304, 0.00186604796909, 0.00099242432043, 0.000594012846705, 0.000327887362801, 0.000104046608612, 1.12579409688e-05, 9.89371619653e-06], "dvar": [1.14475842565e-05, 0.0208453498781, 0.92099994421, 0.618285238743, 2.4489941597, 18.3916816711, 98.91431427, 92.462677002, 405.915100098, 219.417205811, 861.330810547, 3224.78271484, 2781.63476563, 5730.29980469, 1929.08178711, 2514.2434082, 9062.41699219, 1960.5871582, 1214.02880859, 275.12802124, 152.499328613, 335.372436523, 491.63482666, 174.382705688, 517.347412109, 346.560791016, 106.477035522, 33.8530235291, 19.6005153656, 9.52517223358, 3.05033040047, 0.500133156776, 0.0391740575433, 0.00356420432217, 0.000604437896982, 0.000117541690997, 1.61337757163e-05, 1.09424320272e-06, 3.61085028544e-08, 1.53744947329e-10]}, "silence_rate_30dB": {"dvar2": 0.00290850130841, "var": 0.00145479408093, "min": 0, "dmean": 0.00129533675499, "mean": 0.998542964458, "max": 1, "dmean2": 0.00259109307081, "median": 1, "dvar": 0.00129376689438}, "melbands_spread": {"dvar2": 95.1735305786, "var": 202.691574097, "min": 0.316269993782, "dmean": 5.03094148636, "mean": 19.3535079956, "max": 142.794708252, "dmean2": 7.46014499664, "median": 16.4834499359, "dvar": 44.6748542786}, "melbands_crest": {"dvar2": 21.3672676086, "var": 35.9632644653, "min": 1.00027287006, "dmean": 3.1192009449, "mean": 13.4450216293, "max": 39.7520904541, "dmean2": 4.96801996231, "median": 12.1268920898, "dvar": 8.92034816742}, "zerocrossingrate": {"dvar2": 8.79557992448e-05, "var": 0.000776004861109, "min": 0.00048828125, "dmean": 0.00662863953039, "mean": 0.0466881282628, "max": 0.50830078125, "dmean2": 0.00737363984808, "median": 0.04296875, "dvar": 7.11628163117e-05}, "barkbands_kurtosis": {"dvar2": 3488.00268555, "var": 1670.56860352, "min": -1.8080612421, "dmean": 4.91965389252, "mean": 6.50372409821, "max": 1432.40881348, "dmean2": 8.02135562897, "median": 1.79354202747, "dvar": 1162.68798828}, "spectral_flux": {"dvar2": 0.000917394179851, "var": 0.00135443999898, "min": 6.50990372719e-11, "dmean": 0.0179634876549, "mean": 0.0543418824673, "max": 0.325712025166, "dmean2": 0.0274287816137, "median": 0.0483391880989, "dvar": 0.000415845715906}, "barkbands_crest": {"dvar2": 13.0280160904, "var": 19.7066020966, "min": 2.51726126671, "dmean": 2.37050104141, "mean": 10.0956764221, "max": 26.2423343658, "dmean2": 3.76865673065, "median": 9.07698345184, "dvar": 5.27446222305}, "barkbands_flatness_db": {"dvar2": 0.00102777336724, "var": 0.00426935171708, "min": 0.0544153377414, "dmean": 0.0203208941966, "mean": 0.179230481386, "max": 0.475207865238, "dmean2": 0.0303568225354, "median": 0.170246601105, "dvar": 0.000453183543868}, "spectral_entropy": {"dvar2": 0.0863112956285, "var": 0.390067785978, "min": 4.45621538162, "dmean": 0.193573862314, "mean": 6.98830318451, "max": 9.81617641449, "dmean2": 0.278425514698, "median": 7.09320831299, "dvar": 0.0421591065824}, "pitch_salience": {"dvar2": 0.00919335708022, "var": 0.0151016581804, "min": 0.0278751067817, "dmean": 0.0663917139173, "mean": 0.581522345543, "max": 0.996085584164, "dmean2": 0.10476578027, "median": 0.595541119576, "dvar": 0.00389910116792}, "erbbands_spread": {"dvar2": 115.108802795, "var": 222.263626099, "min": 1.94326412678, "dmean": 5.67100858688, "mean": 25.2209625244, "max": 156.136428833, "dmean2": 8.52061080933, "median": 23.8608417511, "dvar": 52.6301116943}, "dynamic_complexity": 5.13035583496, "spectral_contrast_valleys": {"dvar2": [0.396469503641, 0.254237085581, 0.237936228514, 0.265406578779, 0.287574917078, 0.147650137544], "var": [1.51117408276, 2.04117131233, 1.86816298962, 1.96334326267, 1.96210455894, 1.1474019289], "min": [-28.2009944916, -27.7038497925, -27.5775909424, -27.2660732269, -27.3313770294, -27.2976970673], "dmean": [0.49847060442, 0.400513917208, 0.399071931839, 0.41245508194, 0.418930202723, 0.299497246742], "mean": [-8.49735736847, -7.37637281418, -8.01379871368, -8.7837305069, -8.69680786133, -12.0897169113], "max": [-6.29794454575, -4.96452760696, -5.57740736008, -6.29671049118, -6.10518264771, -9.06907844543], "dmean2": [0.800652265549, 0.603973865509, 0.569542348385, 0.569180607796, 0.53747266531, 0.389156371355], "median": [-8.32677841187, -7.11455249786, -7.87311029434, -8.68654155731, -8.58838558197, -12.2203378677], "dvar": [0.179712042212, 0.130878612399, 0.138479113579, 0.157866388559, 0.175381600857, 0.105208195746]}, "hfc": {"dvar2": 79.4562149048, "var": 400.139831543, "min": 1.13053143363e-16, "dmean": 4.89204883575, "mean": 13.8442459106, "max": 177.409835815, "dmean2": 5.42829847336, "median": 5.82786512375, "dvar": 69.2351150513}, "spectral_kurtosis": {"dvar2": 39.6223831177, "var": 50.0106124878, "min": -1.22600579262, "dmean": 3.553596735, "mean": 7.70954751968, "max": 68.7071151733, "dmean2": 5.88817310333, "median": 5.39779233932, "dvar": 16.6482124329}, "mfcc": {"mean": [-739.784301758, 152.431564331, -26.2573070526, 26.1872653961, -23.7803840637, -0.195406273007, -0.142014816403, -3.45244908333, -8.97996425629, 2.2531452179, -3.86220526695, -0.15129455924, -2.54081249237], "cov": [[12880.4550781, -1196.13793945, -2544.35083008, 92.3252792358, -984.445617676, 534.721618652, -314.902923584, 142.285354614, -227.313110352, 160.212631226, -136.064331055, 194.821105957, -175.200439453], [-1196.13793945, 1543.27709961, 349.917816162, 78.5436096191, 155.518173218, -160.692443848, 66.0151290894, -137.823608398, -37.5136184692, -101.024177551, 13.9091691971, -47.178943634, -62.2965621948], [-2544.35083008, 349.917816162, 1331.10302734, 138.775253296, 265.330535889, -58.8462791443, -102.525169373, 113.377944946, 51.1683235168, -94.3383789063, 67.0341873169, -43.0537376404, -53.5078125], [92.3252792358, 78.5436096191, 138.775253296, 389.749176025, 82.7560348511, -33.1078300476, -57.6235160828, 46.5454483032, 43.4856414795, -11.4485015869, -7.28886556625, -3.82779526711, -43.3812332153], [-984.445617676, 155.518173218, 265.330535889, 82.7560348511, 293.782958984, -21.4419460297, -12.2354640961, 29.4821567535, 51.1656951904, -11.013466835, 18.0408039093, -23.3644695282, 0.230375990272], [534.721618652, -160.692443848, -58.8462791443, -33.1078300476, -21.4419460297, 246.035095215, 34.8294219971, 18.6738834381, -22.4201908112, 16.9345188141, 16.661567688, 7.3701300621, -11.4191551208], [-314.902923584, 66.0151290894, -102.525169373, -57.6235160828, -12.2354640961, 34.8294219971, 351.10824585, -32.8490028381, -42.7998008728, 69.3778610229, -20.3128223419, -40.6612701416, 31.296497345], [142.285354614, -137.823608398, 113.377944946, 46.5454483032, 29.4821567535, 18.6738834381, -32.8490028381, 199.521774292, 48.1836547852, 2.53661894798, 17.4967422485, -10.945526123, -10.1887235641], [-227.313110352, -37.5136184692, 51.1683235168, 43.4856414795, 51.1656951904, -22.4201908112, -42.7998008728, 48.1836547852, 125.143455505, 13.5324621201, 4.66561174393, 12.2127780914, 5.84780597687], [160.212631226, -101.024177551, -94.3383789063, -11.4485015869, -11.013466835, 16.9345188141, 69.3778610229, 2.53661894798, 13.5324621201, 106.25769043, 5.84966039658, -12.9172840118, 13.7813577652], [-136.064331055, 13.9091691971, 67.0341873169, -7.28886556625, 18.0408039093, 16.661567688, -20.3128223419, 17.4967422485, 4.66561174393, 5.84966039658, 80.745880127, 22.4533672333, -8.93892478943], [194.821105957, -47.178943634, -43.0537376404, -3.82779526711, -23.3644695282, 7.3701300621, -40.6612701416, -10.945526123, 12.2127780914, -12.9172840118, 22.4533672333, 105.552520752, 30.7780036926], [-175.200439453, -62.2965621948, -53.5078125, -43.3812332153, 0.230375990272, -11.4191551208, 31.296497345, -10.1887235641, 5.84780597687, 13.7813577652, -8.93892478943, 30.7780036926, 113.638664246]], "icov": [[0.000260578031885, -5.62125787837e-05, 0.000438545015641, -0.000223197726882, 0.000443160708528, -0.00042983260937, 0.000423723598942, -0.000532150210347, 0.000497618340887, -0.000433050445281, 0.000453264423413, -0.000442014774308, 0.000465996214189], [-5.62125787837e-05, 0.000960241828579, -0.000227892523981, -6.92130342941e-05, -0.000425385689596, 0.000628970446996, -0.000537211308256, 0.000849838426802, -5.77108476136e-05, 0.00100746657699, -0.000554358994123, 0.00032864449895, 0.000342396291671], [0.000438545015641, -0.000227892523981, 0.00185020302888, -0.000487891520606, 2.72701272479e-05, -0.000610417802818, 0.000799366214778, -0.00138604152016, 0.000809147080872, 7.94467123342e-05, -6.09722119407e-05, -0.000280269799987, 0.00085014855722], [-0.000223197726882, -6.92130342941e-05, -0.000487891520606, 0.0032948362641, -0.00107495347038, 0.000627086963505, -6.91363311489e-05, -0.000126514976728, -0.000822504574899, -6.74215916661e-05, 0.000711598549969, -0.000352984061465, 0.0009209823329], [0.000443160708528, -0.000425385689596, 2.72701272479e-05, -0.00107495347038, 0.00561530096456, -0.000989591004327, 0.00063009589212, -0.000755067972932, -0.000902376952581, -0.000574153382331, -0.000143739394844, 0.00061025749892, -0.000360057863872], [-0.00042983260937, 0.000628970446996, -0.000610417802818, 0.000627086963505, -0.000989591004327, 0.00550922146067, -0.0013545404654, 0.000475273176562, 0.00014546039165, 0.000703166238964, -0.00167482858524, 9.38575176406e-05, 0.000355423282599], [0.000423723598942, -0.000537211308256, 0.000799366214778, -6.91363311489e-05, 0.00063009589212, -0.0013545404654, 0.00474931625649, -0.000898813595995, 0.00207599066198, -0.00348958722316, 0.00163436506409, 0.000396710995119, -0.000479709764477], [-0.000532150210347, 0.000849838426802, -0.00138604152016, -0.000126514976728, -0.000755067972932, 0.000475273176562, -0.000898813595995, 0.00778786558658, -0.00328552699648, 0.00158096093219, -0.00244717486203, 0.00241868570447, -0.000930635433178], [0.000497618340887, -5.77108476136e-05, 0.000809147080872, -0.000822504574899, -0.000902376952581, 0.00014546039165, 0.00207599066198, -0.00328552699648, 0.0117619326338, -0.00360788474791, 0.0019509656122, -0.00281687360257, 0.000701362267137], [-0.000433050445281, 0.00100746657699, 7.94467123342e-05, -6.74215916661e-05, -0.000574153382331, 0.000703166238964, -0.00348958722316, 0.00158096093219, -0.00360788474791, 0.0145105449483, -0.00423895427957, 0.00354161625728, -0.00179580994882], [0.000453264423413, -0.000554358994123, -6.09722119407e-05, 0.000711598549969, -0.000143739394844, -0.00167482858524, 0.00163436506409, -0.00244717486203, 0.0019509656122, -0.00423895427957, 0.0168487094343, -0.00586295314133, 0.0031272675842], [-0.000442014774308, 0.00032864449895, -0.000280269799987, -0.000352984061465, 0.00061025749892, 9.38575176406e-05, 0.000396710995119, 0.00241868570447, -0.00281687360257, 0.00354161625728, -0.00586295314133, 0.0143925221637, -0.00529604777694], [0.000465996214189, 0.000342396291671, 0.00085014855722, 0.0009209823329, -0.000360057863872, 0.000355423282599, -0.000479709764477, -0.000930635433178, 0.000701362267137, -0.00179580994882, 0.0031272675842, -0.00529604777694, 0.0124050388113]]}, "silence_rate_20dB": {"dvar2": 0, "var": 0, "min": 1, "dmean": 0, "mean": 1, "max": 1, "dmean2": 0, "median": 1, "dvar": 0}, "melbands_kurtosis": {"dvar2": 4317.76611328, "var": 7403.48583984, "min": -1.53289067745, "dmean": 6.70164394379, "mean": 12.1524972916, "max": 2504.11035156, "dmean2": 9.91665935516, "median": 3.77465653419, "dvar": 1978.12548828}, "barkbands_spread": {"dvar2": 51.3902320862, "var": 82.1400604248, "min": 0.276045203209, "dmean": 3.54911780357, "mean": 14.1077785492, "max": 100.397789001, "dmean2": 5.43369197845, "median": 12.4491624832, "dvar": 21.7934589386}, "erbbands_skewness": {"dvar2": 0.390059620142, "var": 0.68659132719, "min": -2.02109956741, "dmean": 0.380726993084, "mean": 0.751961886883, "max": 6.93339252472, "dmean2": 0.577708780766, "median": 0.656965196133, "dvar": 0.183930128813}, "average_loudness": 0.654455542564, "spectral_centroid": {"dvar2": 149944.109375, "var": 540039.3125, "min": 146.323654175, "dmean": 219.44883728, "mean": 1233.0559082, "max": 11262.9570313, "dmean2": 310.77822876, "median": 1144.171875, "dvar": 81559.75}, "dissonance": {"dvar2": 0.002266474301, "var": 0.00289577734657, "min": 0.0489824563265, "dmean": 0.0299182459712, "mean": 0.435419857502, "max": 0.500000059605, "dmean2": 0.050186548382, "median": 0.450044959784, "dvar": 0.00086842791643}, "erbbands_flatness_db": {"dvar2": 0.000609457667451, "var": 0.0032450996805, "min": 0.0289907772094, "dmean": 0.0178983341902, "mean": 0.22332829237, "max": 0.420560508966, "dmean2": 0.0255504287779, "median": 0.215989530087, "dvar": 0.000328757421812}, "spectral_strongpeak": {"dvar2": 1.66102135181, "var": 2.91254520416, "min": 0, "dmean": 0.569786548615, "mean": 1.27048921585, "max": 15.7071533203, "dmean2": 0.854848980904, "median": 0.640258848667, "dvar": 0.803422212601}, "spectral_rms": {"dvar2": 5.14536282026e-07, "var": 3.75731133317e-06, "min": 3.15413385514e-12, "dmean": 0.000609677867033, "mean": 0.00308865844272, "max": 0.0115935923532, "dmean2": 0.000696222588886, "median": 0.00281579513103, "dvar": 4.39472131575e-07}, "silence_rate_60dB": {"dvar2": 0.163649857044, "var": 0.201705902815, "min": 0, "dmean": 0.0942357480526, "mean": 0.280233114958, "max": 1, "dmean2": 0.188502028584, "median": 0, "dvar": 0.0853527262807}, "melbands": {"dvar2": [1.43031444466e-08, 3.50280913608e-07, 4.52163106957e-08, 1.07001170591e-07, 1.31817543547e-07, 7.88273055718e-08, 1.17429934221e-07, 7.79349207392e-08, 9.20585563335e-08, 2.55071512356e-07, 1.56984754085e-07, 1.45245266481e-07, 3.59267744443e-08, 2.51943124141e-08, 3.26734799216e-08, 6.58485390659e-08, 1.26876722462e-08, 7.68771002413e-09, 2.47602094383e-09, 1.00577712825e-09, 4.41820330321e-10, 7.37304328702e-10, 1.4670276105e-09, 5.70506919484e-10, 2.75646644399e-10, 6.76515732323e-10, 7.66473884362e-10, 2.3908447444e-10, 1.21128856945e-10, 3.41645739477e-11, 1.92852019076e-11, 1.77007800778e-11, 9.08472776173e-12, 4.60287840828e-12, 2.75772395371e-12, 8.57134838366e-13, 1.91279202763e-13, 5.2279862839e-14, 1.09788878496e-14, 3.62167910137e-15], "var": [9.47835321341e-09, 4.05161756589e-07, 3.80335762884e-08, 8.74199841405e-08, 5.26103121956e-07, 1.71729737986e-07, 3.84144755117e-07, 1.12735335733e-07, 2.08889986197e-07, 4.02928264975e-07, 1.72406018351e-07, 4.35283794786e-07, 7.46292059262e-08, 6.5647860481e-08, 9.98425946364e-08, 3.1884005125e-07, 3.15058095168e-08, 7.66667263008e-09, 4.56542803562e-09, 9.5135921363e-10, 7.12754744114e-10, 6.98925084475e-10, 3.72512798386e-09, 6.56513010622e-10, 2.79034739759e-10, 8.03348831901e-10, 1.16869192102e-09, 3.63579666374e-10, 2.34420372003e-10, 6.63086321961e-11, 2.80361844851e-11, 2.47929645564e-11, 1.23853722417e-11, 6.59679125561e-12, 4.22009649448e-12, 1.2083978566e-12, 4.68802297329e-13, 7.33738021513e-14, 1.60540238194e-14, 6.11336034692e-15], "min": [2.96467141602e-24, 4.47582125467e-24, 2.51427759307e-24, 5.82972902681e-24, 4.3950667471e-24, 4.1075237917e-24, 2.82680475941e-24, 5.24063728507e-24, 1.20573553527e-24, 6.71308324113e-24, 4.50992252831e-24, 4.66627239315e-24, 4.33302757007e-24, 4.8206836323e-24, 2.5607791685e-24, 5.33685662183e-24, 7.1283585543e-24, 6.63908335505e-24, 6.13947999441e-24, 5.42106515688e-24, 4.05835369705e-24, 5.48586889696e-24, 3.84327944871e-24, 5.70307306974e-24, 5.85425116248e-24, 5.63753490016e-24, 4.72568584665e-24, 8.99782163788e-24, 7.04692207647e-24, 7.76508921167e-24, 7.65546200053e-24, 7.74251201256e-24, 6.40321197224e-24, 5.69994168638e-24, 7.04421470584e-24, 1.05624018145e-23, 6.41579272596e-24, 5.71386981452e-24, 7.70598775265e-24, 8.15288534407e-24], "dmean": [4.38900569861e-05, 0.000196645225515, 7.31232212274e-05, 0.000116071823868, 0.000132374858367, 0.000113167909149, 0.000119464559248, 8.44213063829e-05, 9.38769589993e-05, 0.000142389253597, 9.71276895143e-05, 0.000101224351965, 5.74353907723e-05, 5.09591664013e-05, 5.00803798786e-05, 6.58747958369e-05, 2.61739569396e-05, 2.13510502363e-05, 1.10055279947e-05, 9.02450756257e-06, 6.82282097841e-06, 6.0125107666e-06, 8.35502396512e-06, 5.9989924921e-06, 4.5070582928e-06, 7.38294875191e-06, 5.44504564459e-06, 4.57639316664e-06, 3.28235864799e-06, 1.72058798853e-06, 1.08851577352e-06, 8.7540234972e-07, 6.0963998294e-07, 4.58759018329e-07, 3.25587308225e-07, 1.91854184095e-07, 9.58361638936e-08, 4.33988383008e-08, 1.92023126289e-08, 1.09165867457e-08], "mean": [5.94956836721e-05, 0.000315088633215, 0.000117198018415, 0.000183384894626, 0.000291156175081, 0.000240819455939, 0.000256947736489, 0.000164770302945, 0.000175259803655, 0.00024319687509, 0.000169001490576, 0.000202839626581, 9.85444130492e-05, 9.57636948442e-05, 0.000101324352727, 0.000140822841786, 4.68631515105e-05, 3.49197543983e-05, 1.8658436602e-05, 1.40632173498e-05, 1.22449928313e-05, 9.81934772426e-06, 1.51227459355e-05, 9.87842395261e-06, 7.23862603991e-06, 1.19084534163e-05, 9.66261904978e-06, 8.15463590698e-06, 6.03162243351e-06, 3.10048403662e-06, 1.91809726857e-06, 1.54847282374e-06, 1.0612591268e-06, 7.78145704317e-07, 5.55588883344e-07, 3.20418166666e-07, 1.71443474528e-07, 7.23825905879e-08, 3.32502132494e-08, 1.93858138431e-08], "max": [0.00110133260023, 0.00606351764873, 0.00261601083912, 0.00651506567374, 0.0111350985244, 0.00508000236005, 0.00875317491591, 0.0042713386938, 0.00752716232091, 0.0125469574705, 0.00601000199094, 0.011072258465, 0.00413026660681, 0.00546370027587, 0.00582122988999, 0.00970743410289, 0.00436491239816, 0.00213322835043, 0.00133253203239, 0.000475508364616, 0.000384003215004, 0.000664731254801, 0.00134979211725, 0.000434382731328, 0.000310498726321, 0.000455740198959, 0.000704848149326, 0.000220757545321, 0.000315421551932, 0.000168836602825, 9.91104971035e-05, 0.00011169933714, 6.19121055934e-05, 3.64763036487e-05, 3.80093842978e-05, 1.89922648133e-05, 1.5987392544e-05, 4.21801314587e-06, 2.32718753068e-06, 1.68574263171e-06], "dmean2": [7.27383740013e-05, 0.000304601882817, 0.000113458911073, 0.000186182907782, 0.000188125501154, 0.00015811517369, 0.000163673452334, 0.00012522887846, 0.000134332367452, 0.000203025891096, 0.000141257798532, 0.000132998087793, 8.12658036011e-05, 7.03294572304e-05, 6.69517394272e-05, 8.54854442878e-05, 3.63613726222e-05, 3.07097325276e-05, 1.48329636431e-05, 1.33881958391e-05, 9.5861241789e-06, 8.53084748087e-06, 1.17834715638e-05, 8.54571680975e-06, 6.44454894427e-06, 1.02601388789e-05, 7.37906657378e-06, 6.16160014033e-06, 4.44942770628e-06, 2.