{"metadata": {"tags": {"album": ["Hidden Gems"], "albumartist": ["O.C."], "genre": ["Hip-Hop"], "artist": ["O.C."], "encodedby": ["Lame 3.97 V2"], "date": ["2007"], "tracknumber": ["2"], "musicbrainz_recordingid": ["1870dd78-40a6-4dd4-97ac-9755df965f39"], "title": ["Snakes"], "file_name": "118734.mp3", "language": ["English"]}, "audio_properties": {"sample_rate": 44100, "downmix": "mix", "lossless": false, "analysis_sample_rate": 44100, "md5_encoded": "04d157b33c00db0addbd65c15e4445d2", "equal_loudness": 0, "replay_gain": -17.1657485962, "codec": "mp3", "bit_rate": 201568, "length": 205.844894409}, "version": {"extractor": "music 1.0", "essentia_build_sha": "70f2e5ece6736b2c40cc944ad0e695b16b925413", "essentia_git_sha": "v2.1_beta2", "essentia": "2.1-beta2"}}, "rhythm": {"beats_loudness_band_ratio": {"dvar2": [0.171227037907, 0.0309743359685, 0.0526703186333, 0.0131990732625, 0.0162469502538, 0.0355752035975], "var": [0.0700191706419, 0.0124321896583, 0.0158912613988, 0.00379246263765, 0.00682859122753, 0.0179218780249], "min": [0, 0, 0, 0, 0, 0], "dmean": [0.350250184536, 0.126941055059, 0.124654747546, 0.0635285675526, 0.0873683318496, 0.168950274587], "mean": [0.452028006315, 0.142507627606, 0.111986540258, 0.0469691567123, 0.1005679667, 0.163187667727], "max": [0.999163448811, 0.620169103146, 0.725104391575, 0.403459817171, 0.492963314056, 0.597463071346], "dmean2": [0.681714355946, 0.234384998679, 0.230381309986, 0.119070544839, 0.157773032784, 0.319098770618], "median": [0.353218436241, 0.114342018962, 0.0658889561892, 0.0290250740945, 0.0843491852283, 0.144563391805], "dvar": [0.055386044085, 0.0103191258386, 0.0175983775407, 0.00468831742182, 0.00581306405365, 0.0118820257485]}, "bpm_histogram_first_peak_weight": {"dvar2": 0, "var": 0, "min": 0.88216561079, "dmean": 0, "mean": 0.88216561079, "max": 0.88216561079, "dmean2": 0, "median": 0.88216561079, "dvar": 0}, "bpm": 92.23072052, "beats_count": 315, "bpm_histogram_first_peak_spread": {"dvar2": 0, "var": 0, "min": 0.112179577351, "dmean": 0, "mean": 0.112179577351, "max": 0.112179577351, "dmean2": 0, "median": 0.112179577351, "dvar": 0}, "danceability": 1.53673744202, "bpm_histogram_first_peak_bpm": {"dvar2": 0, "var": 0, "min": 92, "dmean": 0, "mean": 92, "max": 92, "dmean2": 0, "median": 92, "dvar": 0}, "beats_position": [0.696598649025, 1.39319729805, 2.07818579674, 2.77478456497, 3.45977306366, 4.12154197693, 4.78331041336, 5.4334692955, 6.09523820877, 6.73378658295, 7.38394546509, 8.03410434723, 8.68426322937, 9.33442115784, 9.98458003998, 10.6347389221, 11.2848978043, 11.9350566864, 12.5852155685, 13.235373497, 13.8855323792, 14.5356912613, 15.1858501434, 15.8360090256, 16.4861679077, 17.1363258362, 17.786485672, 18.4366436005, 19.0868015289, 19.7369613647, 20.3871192932, 21.037279129, 21.6874370575, 22.3375968933, 22.9877548218, 23.6379127502, 24.2880725861, 24.9382305145, 25.5883903503, 26.2385482788, 26.8887062073, 27.5388660431, 28.1890239716, 28.8391838074, 29.4893417358, 30.1394996643, 30.7896595001, 31.4398174286, 32.0899772644, 32.7401351929, 33.3902931213, 34.0404510498, 34.690612793, 35.3407707214, 35.9909286499, 36.6410865784, 37.2912483215, 37.9530143738, 38.6031723022, 39.2417221069, 39.8918800354, 40.5420417786, 41.192199707, 41.8423576355, 42.492515564, 43.1426734924, 43.7928352356, 44.4429931641, 45.0931510925, 45.743309021, 46.3934669495, 47.0436286926, 47.6937866211, 48.3439445496, 48.994102478, 49.6442604065, 50.3060302734, 50.9561882019, 51.6063499451, 52.2681159973, 52.9182739258, 53.5684356689, 54.2069816589, 54.8571434021, 55.5189094543, 56.1690673828, 56.819229126, 57.4693870544, 58.1195449829, 58.7580947876, 59.3966445923, 60.0468025208, 60.6969604492, 61.3471183777, 61.9972763062, 62.6474380493, 63.2975959778, 63.9477539062, 64.5979156494, 65.2480697632, 65.9098434448, 66.5599975586, 67.1985473633, 67.8487091064, 68.4988632202, 69.1490249634, 69.7991790771, 70.4493408203, 71.0995025635, 71.7496566772, 72.3998184204, 73.0499725342, 73.7001342773, 74.3502960205, 75.0004501343, 75.6506118774, 76.3007659912, 76.9509277344, 77.6010894775, 78.2512435913, 78.9014053345, 79.5515594482, 80.2017211914, 80.8518829346, 81.5020370483, 82.1521987915, 82.8139648438, 83.4525146484, 84.1026763916, 84.7528305054, 85.4029922485, 86.0531539917, 86.7033081055, 87.3534698486, 88.0036239624, 88.6537857056, 89.3039474487, 89.9541015625, 90.6042633057, 91.2428131104, 91.9045791626, 92.5547409058, 93.2048950195, 93.8550567627, 94.5052108765, 95.1553726196, 95.8055343628, 96.4556884766, 97.1058502197, 97.7560043335, 98.4061660767, 99.0563278198, 99.7180938721, 100.356643677, 101.018409729, 101.656959534, 102.307121277, 102.957275391, 103.595825195, 104.257591248, 104.907752991, 105.557914734, 106.208068848, 106.858230591, 107.508384705, 108.158546448, 108.797096252, 109.458862305, 110.109024048, 110.759178162, 111.409339905, 112.059501648, 112.709655762, 113.359817505, 113.99836731, 114.660133362, 115.310295105, 115.960449219, 116.610610962, 117.260765076, 117.910926819, 118.561088562, 119.199638367, 119.861404419, 120.511566162, 121.161720276, 121.800270081, 122.462036133, 123.112197876, 123.762359619, 124.400901794, 125.062675476, 125.71282959, 126.362991333, 127.013153076, 127.66330719, 128.313461304, 128.963623047, 129.602172852, 130.263946533, 130.914108276, 131.564254761, 132.214416504, 132.864578247, 133.526351929, 134.164901733, 134.815048218, 135.465209961, 136.115371704, 136.765533447, 137.41569519, 138.065841675, 138.716003418, 139.366165161, 140.016326904, 140.666488647, 141.316635132, 141.966796875, 142.60534668, 143.267120361, 143.928878784, 144.567428589, 145.217590332, 145.867752075, 146.517913818, 147.168075562, 147.818222046, 148.468383789, 149.118545532, 149.768707275, 150.418869019, 151.069015503, 151.719177246, 152.369338989, 153.019500732, 153.669662476, 154.31980896, 154.969970703, 155.620132446, 156.270294189, 156.920455933, 157.570602417, 158.22076416, 158.870925903, 159.521087646, 160.182861328, 160.821395874, 161.471557617, 162.12171936, 162.771881104, 163.422042847, 164.072189331, 164.722351074, 165.372512817, 166.022674561, 166.684448242, 167.346206665, 167.996368408, 168.646530151, 169.296691895, 169.946838379, 170.597000122, 171.247161865, 171.897323608, 172.535873413, 173.174423218, 173.824569702, 174.486343384, 175.148117065, 175.798278809, 176.448425293, 177.098587036, 177.748748779, 178.398910522, 179.049072266, 179.69921875, 180.349380493, 180.999542236, 181.649703979, 182.299865723, 182.973236084, 183.611785889, 184.261947632, 184.900497437, 185.55065918, 186.200805664, 186.850967407, 187.50112915, 188.162902832, 188.801452637, 189.451599121, 190.113372803, 190.775146484, 191.425308228, 192.063858032, 192.725616455, 193.375778198, 194.025939941, 194.676101685, 195.326248169, 195.976409912, 196.626571655, 197.26512146, 197.926895142, 198.577041626, 199.227203369, 199.877365112, 200.527526855, 201.189300537, 201.839447021, 202.477996826, 203.116546631, 203.743484497, 204.416870117, 205.07862854], "beats_loudness": {"dvar2": 0.000166331446962, "var": 0.000102367557702, "min": 0, "dmean": 0.00943663809448, "mean": 0.0334140174091, "max": 0.0561717934906, "dmean2": 0.0166715849191, "median": 0.0335523299873, "dvar": 5.35266008228e-05}, "bpm_histogram_second_peak_weight": {"dvar2": 0, "var": 0, "min": 0.0063694268465, "dmean": 0, "mean": 0.0063694268465, "max": 0.0063694268465, "dmean2": 0, "median": 0.0063694268465, "dvar": 0}, "bpm_histogram_second_peak_spread": {"dvar2": 0, "var": 0, "min": 0, "dmean": 0, "mean": 0, "max": 0, "dmean2": 0, "median": 0, "dvar": 0}, "bpm_histogram_second_peak_bpm": {"dvar2": 0, "var": 0, "min": 86, "dmean": 0, "mean": 86, "max": 86, "dmean2": 0, "median": 86, "dvar": 0}, "onset_rate": 5.03748941422}, "lowlevel": {"spectral_energyband_high": {"dvar2": 3.09644815388e-06, "var": 4.37239350504e-06, "min": 6.94601816495e-21, "dmean": 0.000605649023782, "mean": 0.000932020426262, "max": 0.0239103902131, "dmean2": 0.000828841933981, "median": 0.000148128325236, "dvar": 1.73350258592e-06}, "spectral_energyband_middle_low": {"dvar2": 0.000126784550957, "var": 6.26850596745e-05, "min": 1.8312604432e-22, "dmean": 0.00505782989785, "mean": 0.00884157605469, "max": 0.0549349188805, "dmean2": 0.00828919187188, "median": 0.00706473272294, "dvar": 4.73483632959e-05}, "spectral_energy": {"dvar2": 0.000110961023893, "var": 0.000195567117771, "min": 9.82462527589e-21, "dmean": 0.00740032503381, "mean": 0.0198568012565, "max": 0.0653380528092, "dmean2": 0.0105889523402, "median": 0.0179557744414, "dvar": 6.39778954792e-05}, "spectral_spread": {"dvar2": 1971795394560.0, "var": 18663121879000.0, "min": 502311.84375, "dmean": 826606.125, "mean": 4263764, "max": 42755344, "dmean2": 1208422, "median": 3471477.75, "dvar": 974788100096}, "spectral_energyband_low": {"dvar2": 0.000118344927614, "var": 9.31913746172e-05, "min": 1.87619680026e-23, "dmean": 0.00525335641578, "mean": 0.00951031595469, "max": 0.0575818642974, "dmean2": 0.00804806686938, "median": 0.00691960565746, "dvar": 5.55071019335e-05}, "spectral_rolloff": {"dvar2": 3487349.75, "var": 7163216, "min": 64.599609375, "dmean": 776.743774414, "mean": 1698.79260254, "max": 20047.4121094, "dmean2": 1288.8581543, "median": 366.064453125, "dvar": 1784470.5}, "barkbands": {"dvar2": [4.9555570758e-10, 2.70843120234e-05, 7.72700004745e-05, 3.54691619577e-05, 3.15302204399e-05, 8.039018212e-06, 4.36425352746e-06, 1.00040015241e-05, 1.07315690911e-05, 9.537676533e-07, 1.07697826479e-06, 9.26554605485e-07, 1.7714094156e-06, 2.14457008951e-06, 1.75287914317e-06, 8.96082553936e-07, 5.47350339275e-07, 7.71124803123e-07, 3.73330999537e-06, 1.57756460339e-06, 2.53196674294e-07, 3.01253209045e-07, 6.53466088352e-07, 7.84538656262e-08, 8.89798235093e-10, 3.94626414879e-11, 1.55264364733e-12], "var": [2.18551163278e-10, 1.12281395559e-05, 3.80670971936e-05, 1.46054826473e-05, 1.17713025247e-05, 4.16863576902e-06, 1.89849197341e-06, 5.19183140568e-06, 5.95600522502e-06, 4.72504979143e-07, 3.94452740693e-07, 2.63563862291e-07, 6.91810157605e-07, 9.19058436466e-07, 7.8388171687e-07, 4.59741414716e-07, 2.68410076387e-07, 4.61425230469e-07, 3.13515556627e-06, 1.09381142011e-06, 2.28729447826e-07, 3.81046845632e-07, 7.7526823361e-07, 7.13440897471e-08, 2.2373454478e-10, 7.87304249572e-12, 3.04168826628e-13], "min": [3.83389062343e-25, 2.00085141721e-24, 8.62704596837e-25, 1.54585843658e-24, 9.67603375709e-24, 1.42233861576e-23, 8.08321630436e-24, 4.69820863803e-24, 1.10173765527e-23, 1.90976930044e-23, 1.36064054219e-23, 2.30237985094e-23, 1.61612781916e-23, 3.58086620965e-23, 4.1512729131e-23, 6.47060317608e-23, 5.79382489045e-23, 8.49328797546e-23, 1.21170852577e-22, 1.687556492e-22, 2.17551580814e-22, 3.15838626139e-22, 3.61308922125e-22, 6.1386777702e-22, 7.18437815464e-22, 1.28944926599e-21, 2.01347575076e-21], "dmean": [7.64502783568e-06, 0.00186978024431, 0.00335539760999, 0.00233892723918, 0.00205548666418, 0.000844347523525, 0.000477790017612, 0.000803095637821, 0.000719513860531, 0.000187257901416, 0.000148480321513, 0.000132028057124, 0.000215896157897, 0.000265861686785, 0.00023618596606, 0.000206276323297, 0.000213203689782, 0.000240464185481, 0.000603541033342, 0.000333065923769, 0.000136579124955, 0.00017807657423, 0.000201630464289, 6.17683617747e-05, 4.39556788479e-06, 2.28911503086e-07, 1.25498189618e-07], "mean": [8.71316660778e-06, 0.00223453505896, 0.00496191671118, 0.00323903211392, 0.00266708363779, 0.000932853436098, 0.000434368412243, 0.000773127598222, 0.000732688175049, 0.000192662133486, 0.000132196000777, 0.000122679804917, 0.000199629619601, 0.000262743007625, 0.000237887550611, 0.000237145810388, 0.000258813233813, 0.000295261153951, 0.000724088691641, 0.000411517015891, 0.000187236772035, 0.000251017307164, 0.000276377046248, 7.97032844275e-05, 3.30755096911e-06, 1.4374039381e-07, 1.07958150863e-07], "max": [0.000358271790901, 0.0354654826224, 0.0478860288858, 0.0329377688468, 0.0451105237007, 0.0380187034607, 0.0333237871528, 0.0349678620696, 0.0330688394606, 0.0127595784143, 0.0249607898295, 0.0271953716874, 0.0182454176247, 0.0158905945718, 0.0180404428393, 0.0134102422744, 0.00807978119701, 0.0125411041081, 0.0223927013576, 0.0216701123863, 0.0105266692117, 0.0110845407471, 0.0161001347005, 0.00485746143386, 0.000552446814254, 0.000204090349143, 3.49562578776e-05], "dmean2": [1.32571021823e-05, 0.00310046225786, 0.00547365518287, 0.00394334690645, 0.0034843836911, 0.00139214855153, 0.000798070570454, 0.00128739757929, 0.00114830373786, 0.000293285062071, 0.000240576671786, 0.000221888229134, 0.000351740891347, 0.000430032232543, 0.000372137816157, 0.000325910339598, 0.00035113361082, 0.000375508185243, 0.000887943140697, 0.000505864969455, 0.000204675408895, 0.000256937695667, 0.000275061174762, 9.08143847482e-05, 7.68437257648e-06, 4.23963143703e-07, 2.18684405695e-07], "median": [3.72472823074e-06, 0.000915349810384, 0.00321443518624, 0.00213660486042, 0.00149554363452, 0.000302004336845, 7.26850848878e-05, 6.59128563711e-05, 2.76305254374e-05, 9.70258952293e-06, 4.86640237796e-06, 6.29637997918e-06, 7.97063876234e-06, 1.07906134872e-05, 1.23199879454e-05, 1.34621477628e-05, 4.71170715173e-05, 3.89717024518e-05, 4.58055255876e-05, 3.24379143422e-05, 2.77339058812e-05, 3.60529083991e-05, 1.12480138341e-05, 6.03882699579e-06, 2.31677077522e-08, 1.2756871115e-09, 2.81732805973e-08], "dvar": [1.81722525916e-10, 9.95592199615e-06, 3.18245620292e-05, 1.33618104883e-05, 1.15865395856e-05, 3.34634614774e-06, 1.82400401627e-06, 4.41091242465e-06, 4.69788710689e-06, 4.11803512179e-07, 4.31850821769e-07, 3.40830183632e-07, 7.20595437542e-07, 8.80693448835e-07, 7.28273960249e-07, 3.73320631297e-07, 2.10309281101e-07, 3.2162066077e-07, 1.86170007055e-06, 7.26130565454e-07, 1.18761946055e-07, 1.56568759735e-07, 3.50989665776e-07, 3.75089683757e-08, 3.22525978147e-10, 1.3793087332e-11, 5.35090092894e-13]}, "melbands_skewness": {"dvar2": 9.61154651642, "var": 10.2772951126, "min": -2.73712301254, "dmean": 1.96353399754, "mean": 4.52264642715, "max": 21.6258563995, "dmean2": 3.00488567352, "median": 3.81268978119, "dvar": 4.06945896149}, "barkbands_skewness": {"dvar2": 4.28752565384, "var": 5.8982796669, "min": -6.24509382248, "dmean": 1.39956212044, "mean": 2.7393553257, "max": 17.9830646515, "dmean2": 2.08156371117, "median": 2.41626620293, "dvar": 1.93225836754}, "erbbands": {"dvar2": [0.00348434015177, 2.1940984726, 66.2715072632, 217.127471924, 363.1590271, 435.631286621, 477.232849121, 631.206665039, 655.973571777, 2475.88696289, 4844.83984375, 6817.32910156, 1620.19274902, 1187.29870605, 1180.16894531, 1049.31774902, 3269.44702148, 4610.41796875, 4497.09960938, 3498.73217773, 1602.29541016, 1269.97070312, 1667.58959961, 6714.5, 9670.37890625, 2932.31591797, 583.082275391, 416.751983643, 402.663299561, 669.356994629, 561.936462402, 129.703521729, 3.37514829636, 0.396597921848, 0.00271036755294, 0.000285041343886, 0.000177513546078, 1.33697012643e-05, 5.21674117238e-08, 1.69179004139e-10], "var": [0.00277748494409, 0.933912277222, 33.8075065613, 130.457565308, 122.510177612, 160.648117065, 356.517456055, 291.707275391, 264.549133301, 1174.21044922, 2600.33935547, 3462.29223633, 904.470336914, 702.270263672, 408.564544678, 388.089263916, 1346.72436523, 2022.45776367, 2307.5300293, 1666.79797363, 986.369934082, 737.359802246, 1115.16625977, 4632.71386719, 8772.34765625, 2194.53735352, 345.917907715, 474.226989746, 452.848876953, 663.387084961, 602.886230469, 132.421920776, 3.30087304115, 0.113660044968, 0.000893793767318, 6.49242210784e-05, 3.46471242665e-05, 2.63810829892e-06, 9.30418142531e-09, 3.29411192768e-10], "min": [6.16520861395e-23, 6.36910845823e-22, 2.18317338824e-21, 6.07745469186e-21, 9.47526909847e-21, 2.70204460139e-20, 5.08228944888e-20, 1.17271864059e-19, 1.22115820801e-19, 1.78988132679e-19, 1.71596756918e-19, 2.86591534922e-19, 6.29655620841e-19, 7.51693609116e-19, 1.02524983741e-18, 1.1144131866e-18, 1.42176403392e-18, 1.66853558529e-18, 2.127000233e-18, 2.59083555763e-18, 3.51840115497e-18, 3.36081869878e-18, 5.46626963605e-18, 6.14122668202e-18, 8.16927129834e-18, 9.25806928631e-18, 9.02436098476e-18, 9.87126985492e-18, 1.12198819646e-17, 1.17638946652e-17, 1.07054368349e-17, 1.13481437632e-17, 1.04688822049e-17, 7.72836335233e-18, 5.09201673099e-18, 4.28371610233e-18, 2.21128042484e-18, 9.88521880839e-19, 2.57479869691e-19, 2.45483957507e-20], "dmean": [0.0253251362592, 0.529317259789, 3.0090045929, 6.59287166595, 6.03345394135, 7.38886880875, 8.39462089539, 6.54291820526, 5.73778772354, 11.2030496597, 17.8707370758, 17.2984733582, 7.55022573471, 6.29293251038, 5.14994621277, 5.48924732208, 9.41774654388, 12.4598455429, 11.8816623688, 11.7326631546, 9.53777217865, 10.6304788589, 11.8529634476, 22.9480266571, 30.6853256226, 14.5720367432, 5.55734539032, 6.29171228409, 6.32480955124, 6.32395076752, 5.66679430008, 2.59404754639, 0.402414768934, 0.100222930312, 0.00725258002058, 0.00108063092921, 0.000468593003461, 0.000253888196312, 1.28420861074e-05, 9.29066300159e-06], "mean": [0.0356108173728, 0.650942564011, 4.25298213959, 10.8155832291, 6.91999292374, 8.883436203, 12.6461353302, 6.67485809326, 5.20394134521, 11.0210237503, 17.8868160248, 17.214548111, 8.46500301361, 6.65192365646, 4.88179969788, 5.46002626419, 9.21114444733, 12.9385385513, 12.7187681198, 12.846452713, 12.234670639, 14.0996379852, 16.0418376923, 27.3832569122, 37.817691803, 18.9043254852, 7.25379610062, 8.8896074295, 8.83387756348, 8.59658432007, 7.63468694687, 3.47521591187, 0.495107889175, 0.0835450515151, 0.00629614153877, 0.00087386398809, 0.000325745873852, 0.000216916305362, 2.0654319087e-05, 2.50344710366e-05], "max": [1.17775785923, 8.13741493225, 40.3576698303, 83.2193450928, 104.963607788, 242.186340332, 293.647766113, 351.675689697, 457.676757812, 576.191162109, 653.033996582, 970.249267578, 726.936401367, 530.815063477, 640.421142578, 627.19708252, 710.405029297, 902.640686035, 1451.09472656, 911.786560059, 600.679138184, 423.035705566, 858.329650879, 1156.65808105, 1232.38439941, 1112.81689453, 418.754180908, 615.426452637, 472.213195801, 532.706481934, 504.122528076, 209.165664673, 48.1108016968, 10.8119440079, 1.12263154984, 0.473824203014, 0.411323219538, 0.109656505287, 0.00812094286084, 0.0001227556495], "dmean2": [0.0396359339356, 0.871940910816, 4.75921678543, 10.6801071167, 10.3450717926, 12.6202878952, 13.6782751083, 10.7953681946, 9.76092243195, 18.05052948, 28.2481002808, 27.6041316986, 11.5329494476, 9.644739151, 8.41769218445, 9.01928329468, 15.0822725296, 19.7955493927, 18.2636222839, 18.6480064392, 14.6509742737, 16.8737812042, 18.0788612366, 33.8944168091, 44.5412902832, 21.6379165649, 8.41805648804, 9.2308883667, 9.14332103729, 9.00469493866, 7.8069524765, 3.71477675438, 0.588506996632, 0.169543549418, 0.0121426433325, 0.00187073310371, 0.00085401115939, 0.000447521510068, 2.10959624383e-05, 1.30975013235e-05], "median": [0.0171499028802, 0.262988269329, 2.55263733864, 7.22828245163, 3.11603116989, 4.61756706238, 4.85841751099, 1.97053205967, 1.09668302536, 1.7678668499, 1.57276272774, 0.894200980663, 0.455674320459, 0.273627400398, 0.277093797922, 0.311354994774, 0.439611077309, 0.508478403091, 0.697059631348, 0.784126281738, 0.992099404335, 2.74079298973, 2.92363142967, 2.1863489151, 2.75092601776, 1.70896828175, 0.85352319479, 1.50561356544, 1.31728363037, 0.551040530205, 0.314069092274, 0.237419635057, 0.0162393301725, 0.00147621729411, 0.000160847586812, 3.71255082428e-05, 3.73691436835e-05, 7.16846552677e-05, 1.47995742736e-05, 2.17069064092e-05], "dvar": [0.00148146937136, 0.829132854939, 28.1564903259, 87.6113128662, 135.014846802, 160.855987549, 203.238739014, 260.16204834, 270.494171143, 1058.11743164, 2141.83496094, 2911.43554688, 714.84967041, 544.249450684, 466.838195801, 411.702972412, 1352.06640625, 1920.16601562, 1919.65478516, 1416.76525879, 684.440368652, 509.997344971, 721.86151123, 3073.83837891, 4947.3671875, 1386.13110352, 239.280792236, 213.77494812, 202.424530029, 321.965209961, 289.471160889, 63.8318405151, 1.69325733185, 0.146886721253, 0.00104471296072, 0.000102427868114, 6.16626493866e-05, 4.64600998384e-06, 1.75909313782e-08, 9.65154761667e-11]}, "silence_rate_30dB": {"dvar2": 0, "var": 0, "min": 1, "dmean": 0, "mean": 1, "max": 1, "dmean2": 0, "median": 1, "dvar": 0}, "melbands_spread": {"dvar2": 740.09765625, "var": 1048.9979248, "min": 0.331229001284, "dmean": 12.5507164001, "mean": 24.0148983002, "max": 272.193115234, "dmean2": 18.3079128265, "median": 10.1488056183, "dvar": 375.504364014}, "melbands_crest": {"dvar2": 32.6310386658, "var": 27.4766292572, "min": 1.60291039944, "dmean": 4.13553953171, "mean": 16.3046188354, "max": 33.8202323914, "dmean2": 6.75222682953, "median": 16.1538448334, "dvar": 12.4858942032}, "zerocrossingrate": {"dvar2": 0.000388211599784, "var": 0.00445552682504, "min": 0.0029296875, "dmean": 0.0171969179064, "mean": 0.0590608268976, "max": 0.52587890625, "dmean2": 0.0182352997363, "median": 0.041015625, "dvar": 0.000352902628947}, "barkbands_kurtosis": {"dvar2": 1470.2734375, "var": 990.053344727, "min": -1.9691889286, "dmean": 15.7378721237, "mean": 20.2033824921, "max": 566.224365234, "dmean2": 25.068862915, "median": 7.10040712357, "dvar": 617.966674805}, "spectral_flux": {"dvar2": 0.00155792303849, "var": 0.00232028448954, "min": 6.34856889281e-11, "dmean": 0.0293976441026, "mean": 0.0848788917065, "max": 0.235943585634, "dmean2": 0.0443721450865, "median": 0.0827338173985, "dvar": 0.000779958674684}, "barkbands_crest": {"dvar2": 18.4712085724, "var": 17.1600837708, "min": 2.61994671822, "dmean": 3.04179358482, "mean": 10.8788642883, "max": 26.2599201202, "dmean2": 4.96238994598, "median": 10.3390817642, "dvar": 7.35127496719}, "barkbands_flatness_db": {"dvar2": 0.00375014776364, "var": 0.00775896012783, "min": 0.0354826487601, "dmean": 0.0446223169565, "mean": 0.248512744904, "max": 0.723863780499, "dmean2": 0.063635006547, "median": 0.236053466797, "dvar": 0.00194939610083}, "spectral_entropy": {"dvar2": 0.293616443872, "var": 0.736947596073, "min": 3.31526279449, "dmean": 0.383840203285, "mean": 6.95290994644, "max": 9.82371902466, "dmean2": 0.5305595994, "median": 7.07250738144, "dvar": 0.171994522214}, "pitch_salience": {"dvar2": 0.0294720921665, "var": 0.0163421537727, "min": 0.0914097577333, "dmean": 0.107870228589, "mean": 0.504042387009, "max": 0.948079586029, "dmean2": 0.179467663169, "median": 0.496374040842, "dvar": 0.010511062108}, "erbbands_spread": {"dvar2": 1017.79296875, "var": 1001.54431152, "min": 0.74488902092, "dmean": 20.6664180756, "mean": 51.4837989807, "max": 181.071868896, "dmean2": 32.1631469727, "median": 45.9795341492, "dvar": 448.322662354}, "dynamic_complexity": 3.44289588928, "spectral_contrast_valleys": {"dvar2": [0.362886190414, 0.780148029327, 0.78310996294, 0.642107188702, 0.525715768337, 0.752858400345], "var": [5.72367477417, 6.0941286087, 5.96027326584, 6.10095787048, 6.69705152512, 5.34374713898], "min": [-28.0663566589, -28.3954696655, -28.102432251, -27.6880340576, -27.553144455, -27.4260444641], "dmean": [0.484832376242, 0.611518383026, 0.64562869072, 0.621089577675, 0.613401591778, 0.811004519463], "mean": [-7.73045110703, -7.83269643784, -9.16014862061, -9.22754955292, -8.74230575562, -12.7346305847], "max": [-5.49777793884, -4.80286550522, -5.96142196655, -5.94321918488, -5.56573963165, -8.13175582886], "dmean2": [0.736819326878, 0.92660421133, 0.937923491001, 0.856427371502, 0.758179664612, 0.990574479103], "median": [-7.33181333542, -7.51765537262, -8.92273712158, -8.96898460388, -8.41379451752, -12.6953353882], "dvar": [0.167836472392, 0.344105273485, 0.382145494223, 0.353733122349, 0.359057873487, 0.480976432562]}, "hfc": {"dvar2": 218.003250122, "var": 428.309387207, "min": 1.07496382236e-16, "dmean": 7.88857078552, "mean": 16.0353469849, "max": 157.377105713, "dmean2": 10.5615997314, "median": 7.06891489029, "dvar": 130.09967041}, "spectral_kurtosis": {"dvar2": 225.396179199, "var": 203.01902771, "min": -1.46151959896, "dmean": 5.07327985764, "mean": 6.19353961945, "max": 350.814880371, "dmean2": 7.92888975143, "median": 2.45285630226, "dvar": 109.797653198}, "mfcc": {"mean": [-739.89440918, 121.453231812, 18.6102600098, 69.4555358887, 3.54641985893, 15.5025148392, -14.7527542114, 13.0408573151, -13.5547428131, 9.30532550812, -5.00428819656, 1.3845461607, -10.8633937836], "cov": [[13187.9785156, -553.868896484, -2845.51635742, 333.264312744, -1559.28466797, 207.216247559, -477.208587646, 258.151184082, -379.982421875, 186.004837036, 83.8869171143, -319.085266113, -15.0070886612], [-553.868896484, 2187.8046875, -278.563690186, 5.9244260788, 295.068572998, -233.528152466, 152.303588867, -81.2977600098, 58.8881149292, -43.455078125, 58.0499382019, 42.4720039368, -131.690444946], [-2845.51635742, -278.563690186, 2386.9921875, 76.48487854, 503.854187012, 133.22177124, -27.2656097412, -28.4598445892, -54.6984596252, -78.3631439209, -166.796661377, 167.103897095, 60.985080719], [333.264312744, 5.9244260788, 76.48487854, 624.834289551, 8.05076217651, 42.1308555603, -101.106391907, 36.2529029846, -10.1249132156, 20.3835144043, -15.8343448639, -0.985796511173, 13.4913196564], [-1559.28466797, 295.068572998, 503.854187012, 8.05076217651, 720.276733398, 2.16656255722, -28.9867362976, -73.5411834717, 107.622283936, 7.31340932846, -25.8677940369, 81.4420166016, -18.2993354797], [207.216247559, -233.528152466, 133.22177124, 42.1308555603, 2.16656255722, 319.443603516, -4.96276426315, 49.6595954895, -12.7362422943, 22.5384750366, -2.60701060295, 19.2248096466, 1.49984407425], [-477.208587646, 152.303588867, -27.2656097412, -101.106391907, -28.9867362976, -4.96276426315, 311.704925537, 16.9350242615, 7.41749668121, -9.45180988312, 16.3941555023, -13.4268884659, 2.71696734428], [258.151184082, -81.2977600098, -28.4598445892, 36.2529029846, -73.5411834717, 49.6595954895, 16.9350242615, 190.286087036, 20.3616256714, -2.4564871788, 16.6845378876, 13.9397497177, 1.65988850594], [-379.982421875, 58.8881149292, -54.6984596252, -10.1249132156, 107.622283936, -12.7362422943, 7.41749668121, 20.3616256714, 229.322906494, -16.3068237305, 42.2881851196, 33.380317688, -38.8859024048], [186.004837036, -43.455078125, -78.3631439209, 20.3835144043, 7.31340932846, 22.5384750366, -9.45180988312, -2.4564871788, -16.3068237305, 194.802337646, 9.74492740631, -30.0452899933, 18.6874408722], [83.8869171143, 58.0499382019, -166.796661377, -15.8343448639, -25.8677940369, -2.60701060295, 16.3941555023, 16.6845378876, 42.2881851196, 9.74492740631, 183.591461182, 18.103012085, -20.6219844818], [-319.085266113, 42.4720039368, 167.103897095, -0.985796511173, 81.4420166016, 19.2248096466, -13.4268884659, 13.9397497177, 33.380317688, -30.0452899933, 18.103012085, 174.349380493, -5.49078083038], [-15.0070886612, -131.690444946, 60.985080719, 13.4913196564, -18.2993354797, 1.49984407425, 2.71696734428, 1.65988850594, -38.8859024048, 18.6874408722, -20.6219844818, -5.49078083038, 150.715774536]], "icov": [[0.000153005981701, -1.18629241115e-05, 0.000150713312905, -3.99033087888e-05, 0.000200914393645, -0.000136237547849, 0.000256926345173, -0.000118981020933, 0.000178726768354, -4.81087045046e-05, 4.20257347287e-05, 4.27576705988e-05, 2.92723289022e-05], [-1.18629241115e-05, 0.000627245404758, 0.000115041679237, -0.000121345634398, -0.000363755389117, 0.000421894539613, -0.000395773473429, 0.000109670741949, 0.000172030355316, 0.000100341028883, -9.06644418137e-05, -0.000192381208763, 0.000481289549498], [0.000150713312905, 0.000115041679237, 0.000770531012677, -0.000111480207124, -0.000281748769339, -0.000261460634647, 0.000135890586535, -0.000130920205265, 0.000505852280185, 0.000211061735172, 0.000447437661933, -0.000419059069827, -6.85951818014e-05], [-3.99033087888e-05, -0.000121345634398, -0.000111480207124, 0.00177462759893, -5.67724555367e-07, -0.000183631200343, 0.000582370266784, -0.000366801337805, -5.87816757616e-05, -0.000141010939842, 7.03907790012e-05, 0.000141090902616, -0.00021135865245], [0.000200914393645, -0.000363755389117, -0.000281748769339, -5.67724555367e-07, 0.00244678230956, -0.000357609969797, 0.000628109206446, 0.000606564513873, -0.000932049937546, -0.000534356222488, 0.000264542613877, -0.000319987011608, -5.08228913532e-05], [-0.000136237547849, 0.000421894539613, -0.000261460634647, -0.000183631200343, -0.000357609969797, 0.00382598000579, -0.000461730349343, -0.000722046999726, 0.00019311052165, -0.000408771855291, -0.00014211126836, -0.000412812747527, 0.000478112517158], [0.000256926345173, -0.000395773473429, 0.000135890586535, 0.000582370266784, 0.000628109206446, -0.000461730349343, 0.00411673495546, -0.00064195325831, 7.12287801434e-05, 2.04418465728e-05, -0.000163493008586, 0.000559818407055, -0.000399765645852], [-0.000118981020933, 0.000109670741949, -0.000130920205265, -0.000366801337805, 0.000606564513873, -0.000722046999726, -0.00064195325831, 0.00617448426783, -0.000996692455374, 7.6629119576e-05, -0.000286176655209, -0.000638395373244, -0.000134878850076], [0.000178726768354, 0.000172030355316, 0.000505852280185, -5.87816757616e-05, -0.000932049937546, 0.00019311052165, 7.12287801434e-05, -0.000996692455374, 0.00573895592242, 0.000401924247853, -0.000880369916558, -0.000602529325988, 0.00115174462553], [-4.81087045046e-05, 0.000100341028883, 0.000211061735172, -0.000141010939842, -0.000534356222488, -0.000408771855291, 2.04418465728e-05, 7.6629119576e-05, 0.000401924247853, 0.00563151435927, -0.000476162647828, 0.00089612667216, -0.00067898404086], [4.20257347287e-05, -9.06644418137e-05, 0.000447437661933, 7.03907790012e-05, 0.000264542613877, -0.00014211126836, -0.000163493008586, -0.000286176655209, -0.000880369916558, -0.000476162647828, 0.00631894683465, -0.00098287849687, 0.000437939714175], [4.27576705988e-05, -0.000192381208763, -0.000419059069827, 0.000141090902616, -0.000319987011608, -0.000412812747527, 0.000559818407055, -0.000638395373244, -0.000602529325988, 0.00089612667216, -0.00098287849687, 0.00691805360839, -0.000193726140424], [2.92723289022e-05, 0.000481289549498, -6.85951818014e-05, -0.00021135865245, -5.08228913532e-05, 0.000478112517158, -0.000399765645852, -0.000134878850076, 0.00115174462553, -0.00067898404086, 0.000437939714175, -0.000193726140424, 0.00753710605204]]}, "silence_rate_20dB": {"dvar2": 0, "var": 0, "min": 1, "dmean": 0, "mean": 1, "max": 1, "dmean2": 0, "median": 1, "dvar": 0}, "melbands_kurtosis": {"dvar2": 7678.84375, "var": 4985.80810547, "min": -1.96131646633, "dmean": 37.6519012451, "mean": 52.236000061, "max": 727.742736816, "dmean2": 60.6858291626, "median": 26.089553833, "dvar": 3053.95166016}, "barkbands_spread": {"dvar2": 272.807098389, "var": 382.233886719, "min": 0.201951190829, "dmean": 9.88585567474, "mean": 21.063205719, "max": 115.942466736, "dmean2": 14.5487098694, "median": 15.0023546219, "dvar": 139.302520752}, "erbbands_skewness": {"dvar2": 1.78939878941, "var": 3.52836370468, "min": -7.99811315536, "dmean": 0.966430485249, "mean": 0.585223078728, "max": 10.9958772659, "dmean2": 1.37839496136, "median": 0.269647836685, "dvar": 0.965451180935}, "average_loudness": 0.972950577736, "spectral_centroid": {"dvar2": 515008.34375, "var": 2161378.75, "min": 106.26184082, "dmean": 491.638397217, "mean": 1413.47436523, "max": 11871.7949219, "dmean2": 689.283752441, "median": 1030.10961914, "dvar": 303072.65625}, "dissonance": {"dvar2": 0.00166723958682, "var": 0.0017109879991, "min": 0.0508725121617, "dmean": 0.0249284077436, "mean": 0.453438520432, "max": 0.499997168779, "dmean2": 0.0399732850492, "median": 0.465264290571, "dvar": 0.000701331242453}, "erbbands_flatness_db": {"dvar2": 0.00147645373363, "var": 0.00259856064804, "min": 0.0358015820384, "dmean": 0.0293800588697, "mean": 0.220424726605, "max": 0.554652988911, "dmean2": 0.0432040505111, "median": 0.218428969383, "dvar": 0.000753368600272}, "spectral_strongpeak": {"dvar2": 2.31378626823, "var": 0.89690643549, "min": 0, "dmean": 0.425062865019, "mean": 0.63917863369, "max": 15.9466953278, "dmean2": 0.721151232719, "median": 0.427409648895, "dvar": 0.896528422832}, "spectral_rms": {"dvar2": 1.1784926528e-06, "var": 3.11135386255e-06, "min": 3.09596510754e-12, "dmean": 0.000853883626405, "mean": 0.00403250567615, "max": 0.00798401143402, "dmean2": 0.00118383462541, "median": 0.00418543070555, "dvar": 7.17139812423e-07}, "silence_rate_60dB": {"dvar2": 0.0895911082625, "var": 0.0899460986257, "min": 0, "dmean": 0.0437676273286, "mean": 0.0999323278666, "max": 1, "dmean2": 0.0875451266766, "median": 0, "dvar": 0.0418560095131}, "melbands": {"dvar2": [8.98466964827e-07, 1.04591290437e-05, 6.0269298956e-06, 1.96203791347e-06, 5.41468580195e-07, 2.97860083265e-07, 1.50554043898e-07, 3.22953297882e-07, 3.15692801678e-07, 2.74900230579e-07, 4.10347702484e-08, 1.99090877118e-08, 1.7285737286e-08, 1.44808698366e-08, 1.44768685928e-08, 1.93653217906e-08, 2.11927080329e-08, 1.57599941986e-08, 1.07943733951e-08, 7.54740536735e-09, 2.66241872993e-09, 1.4223119349e-09, 2.50015230741e-09, 2.02489625067e-09, 6.1608762536e-09, 8.19835488386e-09, 4.78769157652e-09, 1.26856414262e-09, 3.47205791895e-10, 1.58402305162e-10, 1.7832160748e-10, 1.79771711406e-10, 1.72999128911e-10, 3.15958148533e-10, 2.17981202533e-10, 1.76833755972e-10, 3.15259832129e-11, 2.59805827026e-12, 4.25495522063e-13, 2.01513840879e-13], "var": [4.58360716493e-07, 5.66832977711e-06, 3.22451933243e-06, 6.14323596437e-07, 3.98806633939e-07, 1.42120967439e-07, 6.35165804397e-08, 1.60733861776e-07, 1.74834994482e-07, 1.45196679568e-07, 2.22890044199e-08, 1.17568985658e-08, 6.0821845338e-09, 3.72154529416e-09, 5.87011950159e-09, 6.93008361807e-09, 8.6046458847e-09, 7.30505256286e-09, 4.50605330826e-09, 3.04655056738e-09, 1.37668965117e-09, 7.44700301425e-10, 1.30974642243e-09, 1.16715570542e-09, 3.80131170985e-09, 6.1476321811e-09, 3.78817022195e-09, 7.48106632198e-10, 1.46738704521e-10, 1.36068850631e-10, 1.85942289344e-10, 1.55118057288e-10, 1.7961736265e-10, 2.46095060996e-10, 2.07272587982e-10, 1.63736760261e-10, 2.67310496654e-11, 2.08515951901e-12, 1.69988250364e-13, 4.74453443655e-14], "min": [7.58389476427e-25, 1.07181288736e-24, 1.21652212346e-24, 1.22435284985e-24, 1.81520207507e-24, 2.76785278954e-24, 1.80645893244e-24, 1.49831388843e-24, 1.56625019516e-24, 1.80683482467e-24, 2.82789102088e-24, 2.46478682646e-24, 2.30797271699e-24, 2.53495560955e-24, 2.30090373442e-24, 2.79063943121e-24, 2.72010994148e-24, 3.11024189101e-24, 2.85384947504e-24, 2.47103736585e-24, 3.71567251982e-24, 2.79829157921e-24, 3.63280702046e-24, 3.21343298324e-24, 4.57170690327e-24, 4.40675569356e-24, 4.68146309317e-24, 4.91888340437e-24, 4.45933090631e-24, 4.58577387093e-24, 4.51037454561e-24, 5.28468136156e-24, 5.80419281044e-24, 5.56529180732e-24, 6.06307921017e-24, 5.75389306698e-24, 6.06467941451e-24, 6.89033318678e-24, 6.4323217285e-24, 6.09722978762e-24], "dmean": [0.000373761315132, 0.00123706273735, 0.00106254406273, 0.000448431208497, 0.000307840295136, 0.000148657476529, 8.95571429282e-05, 0.000134301983053, 0.000146388454596, 0.000105293627712, 3.62197279173e-05, 2.56756738963e-05, 1.88964913832e-05, 1.44828863995e-05, 1.89419606613e-05, 2.1991216272e-05, 2.47476309596e-05, 2.04691386898e-05, 1.7894028133e-05, 1.60647105076e-05, 1.10669143396e-05, 1.0341577763e-05, 1.44128316606e-05, 1.09892253022e-05, 2.03008075914e-05, 2.56110615737e-05, 1.91009312402e-05, 8.4156754383e-06, 3.6667652239e-06, 3.14986755257e-06, 4.08544838137e-06, 3.84109580409e-06, 3.50376444658e-06, 3.81022141482e-06, 3.41824943462e-06, 2.78316406366e-06, 1.20094898648e-06, 3.08479513933e-07, 1.19061688508e-07, 6.21810229973e-08], "mean": [0.000472592364531, 0.00184100947808, 0.0017269901, 0.000501624483149, 0.000466920988401, 0.000151579472004, 8.07200194686e-05, 0.000132467321237, 0.000146683611092, 0.000104333499621, 3.9345897676e-05, 2.63985184574e-05, 1.71408173628e-05, 1.33709481815e-05, 1.75674067577e-05, 2.11226288229e-05, 2.41155303229e-05, 2.02377723326e-05, 1.80188544618e-05, 1.67551716004e-05, 1.36005255627e-05, 1.2622081158e-05, 1.81755058293e-05, 1.31711258291e-05, 2.24973919103e-05, 2.96574326057e-05, 2.29006400332e-05, 1.00751049104e-05, 4.31913167631e-06, 4.0557210923e-06, 5.61910565011e-06, 5.08100447405e-06, 4.60190449303e-06, 4.87221723233e-06, 4.47325692221e-06, 3.65120467904e-06, 1.52222298766e-06, 3.45236998101e-07, 1.04275237334e-07, 4.45586429976e-08], "max": [0.0104948198423, 0.0158355273306, 0.0136200198904, 0.00844270270318, 0.00828765984625, 0.00769380340353, 0.00602583261207, 0.00575063284487, 0.00469998735934, 0.0064868927002, 0.00355555233546, 0.00204431661405, 0.00332655664533, 0.00361909624189, 0.00200512679294, 0.00243526720442, 0.00194188626483, 0.00277129886672, 0.00128068192862, 0.00133893429302, 0.000917188997846, 0.00039633794222, 0.000664216757286, 0.00074249872705, 0.00111919408664, 0.00128821795806, 0.000918054836802, 0.000593102013227, 0.000341619015671, 0.000316391640808, 0.000439394760178, 0.00034509235411, 0.000293469289318, 0.000418841489591, 0.000308638991555, 0.000253346282989, 9.81979246717e-05, 4.66872224933e-05, 9.62318790698e-06, 7.75892476668e-06], "dmean2": [0.000609004811849, 0.00194044515956, 0.00172003463376, 0.000774851301685, 0.000503117684275, 0.000245331844781, 0.000151323343744, 0.000215595791815, 0.000232109843637, 0.000168210972333, 5.57031053177e-05, 3.9482532884e-05, 3.06992369588e-05, 2.43644954026e-05, 3.06929578073e-05, 3.55826668965e-05, 3.99739110435e-05, 3.2106978324e-05, 2.83727895294e-05, 2.5872286642e-05, 1.73249591171e-05, 1.66023874044e-05, 2.33369228226e-05, 1.68762471731e-05, 3.07481750497e-05, 3.82162361348e-05, 2.86179019895e-05, 1.29379050122e-05, 5.78437493459e-06, 4.72046122013e-06, 6.1009241108e-06, 5.6569415392e-06, 5.13441227667e-06, 5.51665198145e-06, 4.81642064187e-06, 4.00626231567e-06, 1.7703072217e-06, 4.71438653449e-07, 1.97973747618e-07, 1.0914214954e-07], "median": [0.000221274356591, 0.00113979715388, 0.00122602889314, 0.000218099579797, 0.000207315955777, 4.30455547757e-05, 1.48568633449e-05, 1.82062176464e-05, 1.02824251371e-05, 4.03061949328e-06, 1.83324937097e-06, 9.92288732959e-07, 7.75887940563e-07, 7.22488039173e-07, 7.89723685557e-07, 8.52866321566e-07, 8.46391003506e-07, 9.48744627749e-07, 9.79363449005e-07, 9.60389343163e-07, 9.43471150094e-07, 2.08988194572e-06, 3.45344210473e-06, 1.19295964396e-06, 1.47685045704e-06, 1.70632324625e-06, 1.45656872519e-06, 7.7258073361e-07, 4.08473454172e-07, 4.02261747467e-07, 9.28203917283e-07, 7.725609521e-07, 3.42044017998e-07, 2.21941974132e-07, 1.63363750971e-07, 1.88683472402e-07, 9.23050578194e-08, 5.7410183274e-09, 1.06951647538e-09, 2.52473597584e-10], "dvar": [3.37445754894e-07, 4.49356184617e-06, 2.40082454184e-06, 7.16713259408e-07, 2.2496745089e-07, 1.23310044842e-07, 6.26538181336e-08, 1.39894893891e-07, 1.39730232718e-07, 1.19671597076e-07, 1.8064589824e-08, 9.14871911561e-09, 6.86389567406e-09, 5.24232879329e-09, 5.93745541622e-09, 7.67108154776e-09, 8.71486882659e-09, 6.54365717168e-09, 4.376707885e-09, 2.95437740938e-09, 1.0891847424e-09, 5.73139147253e-10, 9.67628976944e-10, 8.7601953469e-10, 2.74196265693e-09, 3.96558164084e-09, 2.36261477049e-09, 5.56462764756e-10, 1.30371866081e-10, 7.43951636406e-11, 8.82991596507e-11, 8.26238799601e-11, 8.40904498811e-11, 1.41747266702e-10, 1.08145957467e-10, 8.40042341244e-11, 1.47463829342e-11, 1.22426049333e-12, 1.69381612143e-13, 7.23939070041e-14]}, "spectral_skewness": {"dvar2": 1.01859772205, "var": 1.78919160366, "min": -0.930481910706, "dmean": 0.624823212624, "mean": 1.28194200993, "max": 16.9978427887, "dmean2": 0.891603589058, "median": 0.932931363583, "dvar": 0.58075428009}, "melbands_flatness_db": {"dvar2": 0.00519406190142, "var": 0.0158758405596, "min": 0.0037254774943, "dmean": 0.0584027543664, "mean": 0.306568235159, "max": 0.877006113529, "dmean2": 0.0769779011607, "median": 0.298006355762, "dvar": 