{"tonal": {"thpcp": [1, 0.509670674801, 0.0869520902634, 0.0760485455394, 0.128254488111, 0.255077809095, 0.301446944475, 0.183149665594, 0.103610731661, 0.110803738236, 0.193072929978, 0.360296458006, 0.322542607784, 0.154693365097, 0.165187805891, 0.157190695405, 0.0759863033891, 0.0499193221331, 0.0764224231243, 0.195352450013, 0.579763770103, 0.715199291706, 0.324316740036, 0.068587385118, 0.0496437847614, 0.0570685081184, 0.103202089667, 0.118969991803, 0.0679944530129, 0.0425127372146, 0.0537128634751, 0.084794074297, 0.190412700176, 0.235217809677, 0.194471567869, 0.642442822456], "hpcp": {"dmean2": [0.233981058002, 0.175032421947, 0.0847574993968, 0.0663185790181, 0.0617610551417, 0.077603943646, 0.0780667662621, 0.0550499670208, 0.0535867139697, 0.0709363669157, 0.0931875407696, 0.12962923944, 0.150376752019, 0.163011103868, 0.250561892986, 0.217624217272, 0.21954908967, 0.107708372176, 0.0954348817468, 0.13078352809, 0.16001367569, 0.180931478739, 0.156372517347, 0.12987408042, 0.135145738721, 0.160475075245, 0.203796669841, 0.191638827324, 0.147648572922, 0.112547583878, 0.093992203474, 0.0700784400105, 0.0585881322622, 0.0855422839522, 0.15690895915, 0.222609609365], "median": [0.267201244831, 0.111440464854, 0.00627320166677, 0.00197172118351, 0.00340743875131, 0.00864532403648, 0.00992009881884, 0.0067063299939, 0.00261478452012, 0.00205588736571, 0.00633888784796, 0.0203580744565, 0.0227223560214, 0.0401877760887, 0.36819177866, 0.622657835484, 0.275040626526, 0.00712982658297, 0.00219979928806, 0.00674386974424, 0.0307223368436, 0.0399859882891, 0.0216039046645, 0.00382311316207, 0.00348075432703, 0.0223315581679, 0.0789528638124, 0.0736872255802, 0.0261361151934, 0.00444764504209, 0.00278620584868, 0.00248244125396, 0.00370869576, 0.00431829690933, 0.0290085524321, 0.207143515348], "min": [0, 0, 0, 0, 0, 0, 0, 0, 0, 0, 0, 0, 0, 0, 0, 0, 0, 0, 0, 0, 0, 0, 0, 0, 0, 0, 0, 0, 0, 0, 0, 0, 0, 0, 0, 0], "dvar2": [0.0806983485818, 0.0555188320577, 0.0363504961133, 0.0358190573752, 0.02985053882, 0.0343606509268, 0.0277648400515, 0.0187025628984, 0.025716682896, 0.0368918403983, 0.0427161417902, 0.0548545382917, 0.0653656348586, 0.0575615800917, 0.0798598825932, 0.0888951718807, 0.0695748999715, 0.0507243424654, 0.051530379802, 0.0724753066897, 0.069925442338, 0.0894941687584, 0.0727259889245, 0.0746075585485, 0.0810242369771, 0.0613409988582, 0.0832156911492, 0.0708560273051, 0.0553266592324, 0.0591900721192, 0.0453597865999, 0.0314194187522, 0.0249774400145, 0.0409861281514, 0.0652014017105, 0.0747062116861], "dvar": [0.0359786339104, 0.0219895299524, 0.0131028192118, 0.0128412516788, 0.0110906921327, 0.0131236417219, 0.0123054478317, 0.00744566181675, 0.00909291766584, 0.013291223906, 0.0154081005603, 0.0218917969614, 0.0268753301352, 0.0222473070025, 0.031306385994, 0.0421698465943, 0.027748927474, 0.019033677876, 0.0189560931176, 0.0267074946314, 0.0280700027943, 0.0361385867, 0.0279651563615, 0.0279795955867, 0.0311576779932, 0.0246677324176, 0.0353928729892, 0.0303708687425, 0.0196093861014, 0.0238551367074, 0.0194711387157, 0.0117146689445, 0.00881607085466, 0.0156534388661, 0.0257568955421, 0.0301092714071], "dmean": [0.147398889065, 0.108099132776, 0.0475123114884, 0.0367722548544, 0.0351754166186, 0.0464917048812, 0.0476413294673, 0.0326118133962, 0.0301004890352, 0.039309233427, 0.0540290251374, 0.078457608819, 0.0905318856239, 0.0949941724539, 0.152879208326, 0.132750675082, 0.132395759225, 0.0615351311862, 0.0534923188388, 0.075004376471, 0.0966930612922, 0.108656264842, 0.0905972868204, 0.0738117396832, 0.0756915286183, 0.0943327769637, 0.127293094993, 0.119512103498, 0.0834236070514, 0.0648203715682, 0.0559977442026, 0.0405137240887, 0.0331337079406, 0.0489969290793, 0.0916451662779, 0.139285027981], "max": [1, 1, 1, 1, 1, 1, 1, 1, 1, 1, 1, 1, 1, 1, 1, 1, 1, 1, 1, 1, 1, 1, 1, 1, 1, 1, 1, 1, 1, 1, 1, 1, 1, 1, 1, 1], "var": [0.126497685909, 0.038375724107, 0.0100797694176, 0.00966781470925, 0.0110124368221, 0.0174233894795, 0.0223919972777, 0.0105802910402, 0.00714625930414, 0.0107331844047, 0.0147871188819, 0.0384610444307, 0.0571853592992, 0.0298295412213, 0.0780758336186, 0.17300747335, 0.0613938495517, 0.0156818348914, 0.0165064167231, 0.0281730443239, 0.0558431632817, 0.0747106000781, 0.0358367525041, 0.0242923628539, 0.029561413452, 0.0381431393325, 0.0732837319374, 0.0611661523581, 0.0233879424632, 0.0520380288363, 0.049782782793, 0.0136640639976, 0.00677799992263, 0.0143940607086, 0.038365226239, 0.0963691174984], "mean": [0.405124306679, 0.183709070086, 0.0388512909412, 0.0281206984073, 0.0323264300823, 0.0584587752819, 0.0673904940486, 0.0385154262185, 0.0240813195705, 0.0304256267846, 0.0480315610766, 0.107859186828, 0.133239015937, 0.110158324242, 0.363911420107, 0.566449522972, 0.288702726364, 0.0492539703846, 0.0430776625872, 0.0726496949792, 0.144488707185, 0.170754477382, 0.103745043278, 0.0586902499199, 0.0627647265792, 0.109366066754, 0.20408976078, 0.182704105973, 0.0876259803772, 0.0935705527663, 0.0890405923128, 0.0430424064398, 0.0282767768949, 0.0432894453406, 0.110657304525, 0.328406900167]}, "tuning_equal_tempered_deviation": 0.115409389138, "chords_changes_rate": 0.0452742911875, "key_key": "D", "tuning_diatonic_strength": 0.648018479347, "key_scale": "major", "chords_number_rate": 0.00264375424013, "tuning_frequency": 444.855529785, "tuning_nontempered_energy_ratio": 0.705702781677, "chords_histogram": [62.5578308105, 2.94117641449, 12.5247850418, 0, 0.561797738075, 0, 0, 0, 0.198281556368, 0.495703905821, 2.14805030823, 0.198281556368, 2.37937879562, 0, 0, 0.396563112736, 0, 5.75016546249, 0, 0, 0, 0.132187709212, 3.07336425781, 6.64243221283], "key_strength": 0.839336872101, "chords_key": "D", "chords_strength": {"dmean2": 0.00724406773224, "median": 0.555639743805, "min": 0.27583232522, "dvar2": 4.81392562506e-05, "dvar": 4.97126929986e-05, "dmean": 0.00765282893553, "max": 0.761816442013, "var": 0.00699177477509, "mean": 0.542425870895}, "chords_scale": "major", "hpcp_entropy": {"dmean2": 0.943127095699, "median": 1.9106566906, "min": 0, "dvar2": 0.604259192944, "dvar": 0.229951620102, "dmean": 0.56531894207, "max": 4.23687410355, "var": 0.469693094492, "mean": 1.85392284393}}, "metadata": {"audio_properties": {"equal_loudness": 0, "codec": "flac", "downmix": "mix", "sample_rate": 44100, "analysis_sample_rate": 44100, "bit_rate": 0, "md5_encoded": "f2d4768d21ffd73b4e348c0759efe6e2", "length": 140.466659546, "replay_gain": -12.7063999176, "lossless": true}, "version": {"essentia_build_sha": "70f2e5ece6736b2c40cc944ad0e695b16b925413", "essentia": "2.1-beta2", "extractor": "music 1.0", "essentia_git_sha": "v2.1_beta2"}, "tags": {"title": ["Amish Lullaby"], "barcode": ["700729400326"], "media": ["CD"], "albumartist": ["Tom Russell"], "tracktotal": ["21"], "language": ["English"], "musicbrainz_recordingid": ["188a669f-e1c5-46be-896c-c14be2798e4e"], "musicbrainz_albumartistid": ["621e65bc-b5bc-471f-ba4d-184fc18c65e9"], "musicbrainz_releasetrackid": ["5831401e-77f2-4b7a-b4bd-68c0b43e7f61"], "discnumber": ["01"], "album": ["Museum of Memories Vol. 2: 1973-2013"], "catalognumber": ["FR-6"], "releasecountry": ["US"], "file_name": "16_amish_lullaby.flac", "compilation": ["1"], "acoustid_fingerprint": ["AQADtFrSJYtynHrwwPvx43iGByF-6EenzkiP8rgPhHmOToeWy0LIfvjxrPg-ovlQ6vjx58h_qD9yBSfsI8-Dt4T2G1rq4anxF7mU4sqDlT3Ogj9yG0mWETuJRzoO5vCqxHhCo-JxI_GSHPkjoTq24w9sZWh_hLyhKE8URMc_PNJR3gkaHrE4BWeg88iDdpmH9Bm0446Rh4efKDiJH9ukOjh_PAdzBs2V4QwRWVuOXBrRS0dzBp-w9uiP8nGCz0L-IVEaSbh6zP7RtQXKP8P3BN7R4znRH36Mknrw5EPTkUOHHFqu9Ah1PEqGB9ULD52RHDFNfOaCR50SfCL6oLmS40T8Qxai88I5lEqPHx_2HD-eLiiT440e9JXQ2M9wJ3je4Md5EkmFXB9qKUfzZfhx43mE88QUBj0muQjjZIGOnBa-FT2sOSOqD__Qo_lx9DnOEb5yo_qO5zjRMzjt4D-qG9-RrMxkpE2O6rlQxTt8SsS-LDRYUoKbMBcm46jywJE3VNs9hMr24GewKzdy4gFV4UsSRLaCKj0D_Ue8HNeOH0cZEmF-Qj1uGTlc4TxyCzcdaEseE2GihTkuPE_gY56HJ1LQJ-DJwPfxfPiJxxwuLT2u41XQgyf-HBe8ZnKQ6IqMiBfy9HimQx8-MxHS48d5nPkRW4H4Bz_yG-OiLJvhH29AKbzwDz18w08Cxi_eHFeOXcF_wc8SEf9wGk8Uo1Yi4giTlIFeROSFK8k1MKexXUGf44yOUj8a7sIfoxRHNGEYPPmMC_ks6EWYuuiV4g2uY1Se4FkKPA88DftRNE-CnBKha8jRZxIcdTp-eM9xCv7QK4h3Q0Z8_Div4MgnEVouoheOH-dRJzmap7h35C_uo0_gkDumJj2ybzj6VpiyC-qr41NGfEmO5mrQ60fOYz9u8Md5ISp7XId-nMSJ8Dhy5biV4DzKVDleXfiPxtsRSrh44fpgh9GE_agP_-BzeD7SZUkOx9DsQLk2BsiF8thIoUT4H6Kegl-O3CdqHTuPo9-IMHyF84IcMjlylNmFKzn649GOe0f7CKk8QhwR-aCKRxd2PKE4_BEcx0UtHsnXILTUKDGaJw7yQ18xSjL-IIuNRoiOO-mhZ0ETKbrQR4idmOijGJ70oiEvPJRU_EItHc3p4scVfrhIxCf0DyEdNNkSBRfxDs-D5_hy-DhylJKUQu4KzzOCb8YJp1PQH32D5vnw5ehTNMfHfHjy48L14FMmNJPRPvjxzElQsof7Q8t-3HtxHttxJkqFa1nAS4PtB_OJJxkdnHvgJ8IpfcNzFFOaiDxq5WiWbsmQJVEP7cZ65DM6XgqaySb-oKKGM1dQH1-PnvFhLjPyHK54IM9XNDryZAzeWbiUoSq0VMX9oBe86tArNUaaF_eCE_1wNCOzpShlanga4RuaMdoRWoKeHNfhscENVdkppMkTXPhD3EczMUe1Ht_wPIjbTIXeSkEYqkX5NBp-PEWlLDu2eUdPEPMbPEkkxUfVGk2VjFFwLcWTHj9KPpiyJAmL4zcytsePPckFLVO2oiUp5EKjvahOhjh-NEetDBcf4smOPoM_wtcw7QjzHsnIzHjwHDv6E42Eb8GJU0FKR4Su4zcR68OHH80XoydRMlHg-PiF9Dm04kNuXI2QKr4APQPyNKhoEU2j48dx-Ekw_siqNEieiML0oPmAq8GTo0saE83441XxJxye5ZiaI8x4sM2h5Q-mfsWZImZ45LzQnEHLFceVw9MR_MIRngjzDB-8_Phb9K3QTKfxHU9DCuWT49fxLDhyJUyhh4byRAgTucUDnin-oz8a5FE6JEqeo_8w4zl-_DGOHs15ItCDkquEVDqOC48upA96PNBxh4jGRAt-8E6xz4F_5IfOo2s-pLxwJR8ipYuCM3nAnBB_7OgH_cKPOoqOSl6BsPlhncW59HD9oCz6F36qoC9u4CQSPkEu4bpDPDvOBi-PHz18hMYbHVqbI98L78fhjjiPH66D8OghfqgeNIpQNdBvXJ-C0Bca58JH3HjUILYuyNSDHPNxLqByBjt2pbgRPoZeOGZ81A3OJNBkRsmQOiQD_vAwR8c340OYC6pxLpKQJ3lwoTpxhvATbeiJHyezocmW4TeaKsuQC_KP84Ge5UHIG02d4MTRB9ZFodlzPOER_dB59I-g78gdHT6Yqwye4yuSpWKQ5cGVYz1-nDTa6AnxT0gN7eoRn7iD5njyI53yQWucysg9HH3Q_NhDMkce6EFz_Oh66HHx44mYKIiXJg7yHROatIS8LTx-4XiWCj-eQ__RRD60HaEYjWgmLcmCDz9-uEkWh_iIixfefEj2rMjFo6OSoFfQLMKlC6cYfDmOZkeLHznOCFraJBLaI6-OozlRH_9woaYIH1eGVxuafHnwHCh5uG8Os6g74wn6dkHTC8mbDjE3Ht7x4z8aJT8mKs3AHxemB8WTPUcsKQyFxnnRZxlypiqm_AoYK8I_Iqr244EuE_XxC0_g6Xh25FdQ-sFxKVLgHU-Ndy-eoZGfozrRw5eMF_2PF2Wiw9GR3sIvKDsraI-R57jgWj4exgId_EGzzwjZE8mDPyDKw88FQYgVxClQBTQOIEeMIYIAYD0SihADDACEIKAQFIwAQoFSTgjHgBBIgIssCMaIQQAAAjAEEACIEAGGMEABCpERREhBmSOCASKFEY5gCQgQwhgnGGCCCIM0EQYZhIhxhigKBABAOMQVAEIIIBAARDhChCNEMEUZYQJAwwwwjiuDCJEEAAEsF0BAIhgxBgAEAAOGMAGUokYAAhRQSBFAJKRGOiAEaAIRwYBighhjCJCCA2AAKNIgIK3RhAMghCCIKeEQEgpIQohRQCjLiACUcGSBIUIQgwASwAjCgGhIEGQZowAIYihQCkEBkDGAEk8MKcY4ZgAySAglmDJCGCIgAgIQQABRQAlqDFAECeAcxeAxwJQgADGgBAHUAQUUUZIQRYEghAAhGJCgCKIMEwggiAARSiPpqIAKCMGFM5AAQawRRAACBBWAAEQAsoxQBIQmDVErgAGIKAQMAIYkowyQDADiiACAWoKQIAAIRAgxggFnDCCCEAeIAEAoRBwgjAJrBBIAgACYQYg6AzEyyikkhAIICSCUEkBgKaAzCCjhABICAMckBUooQQwASjSCCEIMISKAc1YAZZlRAAkphESEakgMAZYiBYQBRCjgBCEAMGMAEAMCJ8BCSAGiBDFIAAGEIMgZYgghQgFmnEEEOuIIZUAgxwgCSJFGiAAIMEqAEIgBgIRQlgCGiACAGAEUQFogo4ggyjlBFWNEAGAEAFUAoyERAhAAJGJQIKaM0oQqAIQxCkHBjCGSAUMgIUIRwQQgjjkLACNSGiSMQABAAZShhEkODEEEAWMQcEAQQJUhQBiInMEEGYYEYQIw5BASAAjBoUHQACGEMsIQw5xgEwFrHABMSADNcgYIIQ0ATDADtAUAWGAAhkoYIZQCAggEnAIKeeOAMoI5Z4jwBDgCxBGEYZAYEkg4BpQgAhGEBSIA"], "date": ["2013"], "genre": ["Folk"], "disctotal": ["01"], "musicbrainz_artistid": ["621e65bc-b5bc-471f-ba4d-184fc18c65e9"], "musicbrainz_albumid": ["1ca49284-0c42-474a-90b9-7559afc7e7b7"], "artist": ["Tom Russell"], "artistsort": ["Russell, Tom"], "tracknumber": ["16"], "label": ["Frontera Records"], "albumartistsort": ["Russell, Tom"], "script": ["Latin"], "musicbrainz_releasegroupid": ["a1c174e6-8e28-4301-8b30-26624af83518"]}}, "rhythm": {"bpm_histogram_first_peak_bpm": {"dmean2": 0, "median": 167, "min": 167, "dvar2": 0, "dvar": 0, "dmean": 0, "max": 167, "var": 0, "mean": 167}, "bpm": 163.960128784, "bpm_histogram_second_peak_spread": {"dmean2": 0, "median": 0.0838323235512, "min": 0.0838323235512, "dvar2": 0, "dvar": 0, "dmean": 0, "max": 0.0838323235512, "var": 0, "mean": 0.0838323235512}, "bpm_histogram_first_peak_weight": {"dmean2": 0, "median": 0.369272232056, "min": 0.369272232056, "dvar2": 0, "dvar": 0, "dmean": 0, "max": 0.369272232056, "var": 0, "mean": 0.369272232056}, "onset_rate": 2.94702339172, "beats_position": [0.348299324512, 0.719818592072, 1.09133780003, 1.45124709606, 1.8111563921, 2.15945577621, 2.51936507225, 2.87927436829, 3.23918366432, 3.59909296036, 3.97061228752, 4.34213161469, 4.71365070343, 5.06195020676, 5.42185926437, 5.78176879883, 6.14167785645, 6.5015873909, 6.86149644852, 7.23301553726, 7.59292507172, 7.95283412933, 8.31274318695, 8.67265319824, 9.03256225586, 9.4040813446, 9.76399040222, 10.1239004135, 10.47219944, 10.8321084976, 11.1804075241, 11.5287075043, 11.8770065308, 12.2253055573, 12.5852155685, 12.9451246262, 13.3050336838, 13.6533327103, 14.0016326904, 14.361541748, 14.7098407745, 15.1626300812, 15.6154193878, 16.0682086945, 16.50938797, 16.9505672455, 17.4033565521, 17.9606342316, 18.5063037872, 19.0519733429, 19.5976409912, 20.1317005157, 20.6657600403, 21.1998176575, 21.7454872131, 22.2911567688, 22.8368244171, 23.3708839417, 23.8236732483, 24.2648525238, 24.7060317993, 25.158821106, 25.5187301636, 25.8786392212, 26.2385482788, 26.5868473053, 26.9351463318, 27.2834453583, 27.6433563232, 28.014875412, 28.3747844696, 28.7230834961, 29.0597724915, 29.4196815491, 29.7795906067, 30.1394996643, 30.4994106293, 30.8593196869, 31.2192287445, 31.567527771, 31.9274368286, 32.2873458862, 32.6356468201, 32.9955558777, 33.3554649353, 33.7153739929, 34.0868911743, 34.4468002319, 34.818321228, 35.1782302856, 35.5497512817, 35.9212684631, 36.2927894592, 36.6526985168, 37.0126075745, 37.3725166321, 37.7324256897, 38.0923347473, 38.4522438049, 38.823764801, 39.1952819824, 39.5668029785, 39.9267120361, 40.2866210938, 40.6581382751, 41.0180473328, 41.3779602051, 41.7494773865, 42.1093864441, 42.4692955017, 42.8408164978, 43.1891136169, 43.5374145508, 43.8973236084, 44.2456245422, 44.6055335999, 44.9770507812, 45.3485717773, 45.7200889587, 46.0916099548, 46.4631271362, 46.8230361938, 47.1829452515, 47.5544662476, 47.9259872437, 48.297504425, 48.6690254211, 49.0289344788, 49.3888435364, 49.7603607178, 50.1318817139, 50.5033988953, 50.8516998291, 51.2232208252, 51.5947380066, 51.9662590027, 52.3377761841, 52.7092971802, 53.0808143616, 53.4523353577, 53.8238525391, 54.1953735352, 54.5552825928, 54.9151916504, 55.275100708, 55.6350097656, 55.9949188232, 56.3548278809, 56.726348877, 57.0978660583, 57.4461669922, 57.794467926, 58.1427650452, 58.5142860413, 58.8974151611, 59.280544281, 59.6288414001, 59.9887504578, 60.3602714539, 60.7317886353, 61.0916976929, 61.4516105652, 61.8115196228, 62.1598167419, 62.5197257996, 62.8912467957, 63.2627639771, 63.6458930969, 64.0174102783, 64.3889312744, 64.748840332, 65.1087493896, 65.4686584473, 65.8285675049, 66.200088501, 66.5599975586, 66.9199066162, 67.2914276123, 67.6629486084, 68.0344696045, 68.4059829712, 68.7658920288, 69.1258010864, 69.485710144, 69.8456192017, 70.2171401978, 70.5886611938, 70.9601821899, 71.3200912476, 71.6800003052, 72.0515213013, 72.423034668, 72.7829437256, 73.1428527832, 73.5143737793, 73.8742828369, 74.2341918945, 74.6057128906, 74.9772338867, 75.3487548828, 75.731880188, 76.1034011841, 76.4865264893, 76.8580474854, 77.2295684814, 77.5894775391, 77.9609985352, 78.3209075928, 78.6924285889, 79.0639419556, 79.4354629517, 79.8069839478, 80.1785049438, 80.5500183105, 80.9215393066, 81.2930603027, 81.6645812988, 82.0360946655, 82.4076156616, 82.7791366577, 83.1506576538, 83.5221786499, 83.8936920166, 84.2536010742, 84.6135101318, 84.9850311279, 85.356552124, 85.7280731201, 86.0879821777, 86.4478912354, 86.807800293, 87.1677093506, 87.5276184082, 87.8991394043, 88.2590484619, 88.6305618286, 89.0020828247, 89.3736038208, 89.7335128784, 90.093421936, 90.4649429321, 90.8364639282, 91.2079772949, 91.579498291, 91.9510192871, 92.3225402832, 92.6824493408, 93.0539703369, 93.4138793945, 93.7737884521, 94.1336975098, 94.5052108765, 94.8767318726, 95.2366409302, 95.5965499878, 95.9680709839, 96.33959198, 96.6878890991, 97.0361862183, 97.3960952759, 97.7560043335, 98.1275253296, 98.4990463257, 98.8705673218, 99.2304763794, 99.590385437, 99.9386825562, 100.298591614, 100.658500671, 101.030021667, 101.389930725, 101.749839783, 102.10974884, 102.469657898, 102.841178894, 103.21269989, 103.572608948, 103.944122314, 104.304031372, 104.675552368, 105.047073364, 105.41859436, 105.790107727, 106.161628723, 106.533149719, 106.904670715, 107.276191711, 107.647705078, 108.007614136, 108.367523193, 108.739044189, 109.110565186, 109.482086182, 109.853607178, 110.213516235, 110.573425293, 110.94493866, 111.316459656, 111.69959259, 112.082717896, 112.454238892, 112.814147949, 113.174057007, 113.533966064, 113.905487061, 114.265396118, 114.636917114, 114.985214233, 115.345123291, 115.716644287, 116.099769592, 116.482902527, 116.842811584, 117.202720642, 117.574241638, 117.934150696, 118.305664062, 118.677185059, 119.025482178, 119.373786926, 119.745300293, 120.128433228, 120.488342285, 120.859863281, 121.219772339, 121.579681396, 121.951202393, 122.322715759, 122.682624817, 123.042533875, 123.414054871, 123.785575867, 124.157096863, 124.51700592, 124.876914978, 125.248435974, 125.608345032, 125.979858398, 126.362991333, 126.734512329, 127.106025696, 127.477546692, 127.849067688, 128.220581055, 128.603713989, 128.975234985, 129.346755981, 129.706665039, 130.078186035, 130.449707031, 130.832824707, 131.215957642, 131.587478638, 131.958999634, 132.33052063, 132.702041626, 133.073562622, 133.445083618, 133.851425171, 134.257781982, 134.664123535, 135.082077026, 135.511657715, 135.929611206, 136.359176636, 136.858413696, 137.34602356, 137.84526062, 138.344482422, 138.843719482, 139.342941284, 139.842178345], "beats_loudness": {"dmean2": 0.0335331857204, "median": 0.0220700576901, "min": 8.85644391158e-10, "dvar2": 0.00110648421105, "dvar": 0.000386966887163, "dmean": 0.0186993516982, "max": 0.151163458824, "var": 0.000444668025011, "mean": 0.0275598578155}, "danceability": 1.04149007797, "bpm_histogram_second_peak_weight": {"dmean2": 0, "median": 0.412398934364, "min": 0.412398934364, "dvar2": 0, "dvar": 0, "dmean": 0, "max": 0.412398934364, "var": 0, "mean": 0.412398934364}, "beats_count": 372, "bpm_histogram_second_peak_bpm": {"dmean2": 0, "median": 161, "min": 161, "dvar2": 0, "dvar": 0, "dmean": 0, "max": 161, "var": 0, "mean": 161}, "bpm_histogram_first_peak_spread": {"dmean2": 0, "median": 0, "min": 0, "dvar2": 0, "dvar": 0, "dmean": 0, "max": 0, "var": 0, "mean": 0}, "beats_loudness_band_ratio": {"dmean2": [0.323399811983, 0.316613405943, 0.282179474831, 0.161292642355, 0.0711118876934, 0.0371182374656], "median": [0.356392502785, 0.343491315842, 0.145527154207, 0.0272205285728, 0.00771131133661, 0.00881192274392], "min": [0.00773037876934, 0.00336819933727, 0.00403756788, 0.000447607657406, 5.06527649122e-05, 0.00114928744733], "dvar2": [0.0539372526109, 0.0495747439563, 0.0648522302508, 0.0555436573923, 0.0153787313029, 0.00825570058078], "dvar": [0.0196213368326, 0.0182315967977, 0.0234716758132, 0.0197444539517, 0.00552348187193, 0.00434617884457], "dmean": [0.186853647232, 0.183232247829, 0.16135892272, 0.0885194018483, 0.038795940578, 0.0211117696017], "max": [0.904693067074, 0.866260826588, 0.880457282066, 0.834651231766, 0.568527638912, 0.946207225323], "var": [0.0352682732046, 0.0325758866966, 0.0324371606112, 0.0148853817955, 0.00406593736261, 0.00356338592246], "mean": [0.380679666996, 0.34998190403, 0.208005160093, 0.0747422128916, 0.0303992945701, 0.0206559374928]}}, "lowlevel": {"barkbands_spread": {"dmean2": 4.21282100677, "median": 9.22870445251, "min": 1.22206366062, "dvar2": 42.4909248352, "dvar": 27.1120872498, "dmean": 2.94244194031, "max": 137.480682373, "var": 124.032859802, "mean": 11.9238119125}, "melbands_spread": {"dmean2": 4.50832414627, "median": 8.29863452911, "min": 1.40696597099, "dvar2": 105.339790344, "dvar": 56.0423431396, "dmean": 3.1702439785, "max": 198.670227051, "var": 222.292098999, "mean": 11.8928918839}, "hfc": {"dmean2": 3.81971478462, "median": 6.3259601593, "min": 1.20635742602e-16, "dvar2": 51.8623466492, "dvar": 29.4513511658, "dmean": 2.91624283791, "max": 168.818466187, "var": 205.82270813, "mean": 11.2308254242}, "barkbands_kurtosis": {"dmean2": 6.96197271347, "median": 10.6048183441, "min": -1.91826713085, "dvar2": 80.6946716309, "dvar": 34.6717605591, "dmean": 4.62329292297, "max": 156.610916138, "var": 206.423278809, "mean": 14.8056116104}, "gfcc": {"mean": [-52.6967430115, 109.439834595, -74.4595489502, 10.1552600861, -50.0906219482, -12.5059080124, -23.4124774933, -14.1117753983, -19.3011703491, -5.32575178146, -10.8009223938, 1.33151078224, -17.6832942963], "icov": [[0.00112588354386, -0.00344165344723, 0.00200019986369, -0.00248078606091, 0.002621027641, -0.00170181028079, 0.00225447211415, -0.00114393536933, 0.00180783506949, -0.00093715096591, 0.00163084070664, -0.000725562276784, 0.000851220742334], [-0.00344165344723, 0.0135878594592, -0.00618354929611, 0.00887091457844, -0.00971622671932, 0.00718915602192, -0.0094620231539, 0.00635912083089, -0.00797123648226, 0.00568989152089, -0.00714519200847, 0.00410189758986, -0.00359678105451], [0.00200019986369, -0.00618354929611, 0.00523185124621, -0.00457609724253, 0.00522911688313, -0.00384494313039, 0.00520065287128, -0.00293282140046, 0.00521231256425, -0.00493193464354, 0.00671302899718, -0.00558442343026, 0.00307494471781], [-0.00248078606091, 0.00887091457844, -0.00457609724253, 0.0104549508542, -0.00592609401792, 0.00439475523308, -0.00534367188811, 0.00531721441075, -0.00685018021613, 0.00455564819276, -0.00681960768998, 0.00506449351087, -0.00605253083631], [0.002621027641, -0.00971622671932, 0.00522911688313, -0.00592609401792, 0.0121307205409, -0.00431489525363, 0.00736423581839, -0.00532246707007, 0.0063169230707, -0.00631580175832, 0.00932998489588, -0.00585966045037, 0.00415100064129], [-0.00170181028079, 0.00718915602192, -0.00384494313039, 0.00439475523308, -0.00431489525363, 0.0121699571609, -0.0093059502542, 0.00679457793012, -0.00709446938708, 0.00655277539045, -0.00933200214058, 0.00889941956848, -0.00648645497859], [0.00225447211415, -0.0094620231539, 0.00520065287128, -0.00534367188811, 0.00736423581839, -0.0093059502542, 0.0170530863106, -0.0103208068758, 0.0139914844185, -0.00923396460712, 0.0121940663084, -0.0105642713606, 0.00958381779492], [-0.00114393536933, 0.00635912083089, -0.00293282140046, 0.00531721441075, -0.00532246707007, 0.00679457793012, -0.0103208068758, 0.0195028968155, -0.0139101967216, 0.0142090013251, -0.0140340747312, 0.011403799057, -0.00747881177813], [0.00180783506949, -0.00797123648226, 0.00521231256425, -0.00685018021613, 0.0063169230707, -0.00709446938708, 0.0139914844185, -0.0139101967216, 0.0254694763571, -0.0157772507519, 0.0160301420838, -0.0124282874167, 0.0104994410649], [-0.00093715096591, 0.00568989152089, -0.00493193464354, 0.00455564819276, -0.00631580175832, 0.00655277539045, -0.00923396460712, 0.0142090013251, -0.0157772507519, 0.0246884282678, -0.017670430243, 0.0162397474051, -0.010462266393], [0.00163084070664, -0.00714519200847, 0.00671302899718, -0.00681960768998, 0.00932998489588, -0.00933200214058, 0.0121940663084, -0.0140340747312, 0.0160301420838, -0.017670430243, 0.0356464833021, -0.0255078934133, 0.0169040970504], [-0.000725562276784, 0.00410189758986, -0.00558442343026, 0.00506449351087, -0.00585966045037, 0.00889941956848, -0.0105642713606, 0.011403799057, -0.0124282874167, 0.0162397474051, -0.0255078934133, 0.0325883030891, -0.0163034796715], [0.000851220742334, -0.00359678105451, 0.00307494471781, -0.00605253083631, 0.00415100064129, -0.00648645497859, 0.00958381779492, -0.00747881177813, 0.0104994410649, -0.010462266393, 0.0169040970504, -0.0163034796715, 0.0235793087631]], "cov": [[9414.92089844, 996.201477051, -2375.86474609, 374.540527344, -329.088500977, 118.178596497, 39.7673339844, 134.26159668, 4.78122425079, -371.685821533, 94.679649353, -298.84866333, -106.640457153], [996.201477051, 657.73034668, -107.520576477, -222.459686279, 169.952774048, -100.367919922, 126.256591797, 8.90514469147, -18.6176013947, -47.7014350891, -10.0847091675, 22.748708725, -74.6527709961], [-2375.86474609, -107.520576477, 1235.72937012, 9.8619966507, 33.4653625488, -24.2613792419, -67.4924087524, -145.720397949, -11.6275205612, 155.442001343, -61.3134498596, 124.570838928, 83.6337890625], [374.540527344, -222.459686279, 9.8619966507, 356.739471436, -65.8471679688, 33.5800819397, -117.871788025, -45.0157279968, 40.6883850098, 29.5450820923, -5.80509090424, -25.0410003662, 79.1294937134], [-329.088500977, 169.952774048, 33.4653625488, -65.8471679688, 264.269104004, -68.8490982056, -9.6734495163, -2.4567155838, 20.0530509949, 24.3084602356, -39.2443962097, 12.5574073792, -7.09828186035], [118.178596497, -100.367919922, -24.2613792419, 33.5800819397, -68.8490982056, 187.037872314, 56.2192611694, -9.25058174133, -22.162443161, -8.70829677582, 12.2200984955, -26.0312957764, 9.2407541275], [39.7673339844, 126.256591797, -67.4924087524, -117.871788025, -9.6734495163, 56.2192611694, 236.292617798, 47.1250114441, -75.4529571533, -44.1253929138, 16.5705947876, 12.5661115646, -56.7288131714], [134.26159668, 8.90514469147, -145.720397949, -45.0157279968, -2.4567155838, -9.25058174133, 47.1250114441, 137.84185791, 16.1208190918, -57.6596946716, 21.9391899109, -9.1303653717, -28.3898391724], [4.78122425079, -18.6176013947, -11.6275205612, 40.6883850098, 20.0530509949, -22.162443161, -75.4529571533, 16.1208190918, 110.563774109, 38.530292511, -14.6782932281, -12.3602800369, 4.94282960892], [-371.685821533, -47.7014350891, 155.442001343, 29.5450820923, 24.3084602356, -8.70829677582, -44.1253929138, -57.6596946716, 38.530292511, 123.959388733, -3.22919869423, -5.97692584991, 22.4530296326], [94.679649353, -10.0847091675, -61.3134498596, -5.80509090424, -39.2443962097, 12.2200984955, 16.5705947876, 21.9391899109, -14.6782932281, -3.22919869423, 90.4071731567, 36.6959495544, -22.2940578461], [-298.84866333, 22.748708725, 124.570838928, -25.0410003662, 12.5574073792, -26.0312957764, 12.5661115646, -9.1303653717, -12.3602800369, -5.97692584991, 36.6959495544, 99.97706604, 19.8823547363], [-106.640457153, -74.6527709961, 83.6337890625, 79.1294937134, -7.09828186035, 9.2407541275, -56.7288131714, -28.3898391724, 4.94282960892, 22.4530296326, -22.2940578461, 19.8823547363, 99.6134185791]]}, "spectral_energyband_middle_low": {"dmean2": 0.0062036444433, "median": 0.010690510273, "min": 2.48674932938e-22, "dvar2": 8.70613584993e-05, "dvar": 4.17426563217e-05, "dmean": 0.00426318217069, "max": 0.142286166549, "var": 0.00017789665435, "mean": 0.0142195206136}, "melbands_crest": {"dmean2": 4.13667345047, "median": 12.4464473724, "min": 1.89325594902, "dvar2": 14.7887811661, "dvar": 5.66380596161, "dmean": 2.58513069153, "max": 31.0534648895, "var": 18.5151042938, "mean": 13.1116256714}, "spectral_kurtosis": {"dmean2": 3.59197854996, "median": 7.11273097992, "min": -1.19923067093, "dvar2": 12.4923343658, "dvar": 5.51420259476, "dmean": 2.28288984299, "max": 58.0292625427, "var": 32.7258491516, "mean": 8.28387737274}, "spectral_rms": {"dmean2": 0.00073498650454, "median": 0.00383037049323, "min": 3.28598151293e-12, "dvar2": 6.52550227187e-07, "dvar": 3.47876721207e-07, "dmean": 0.000524794275407, "max": 0.0128608159721, "var": 3.37242977366e-06, "mean": 0.00404811324552}, "zerocrossingrate": {"dmean2": 0.00958892703056, "median": 0.04052734375, "min": 0.0107421875, "dvar2": 0.000158833878231, "dvar": 0.000135787209729, "dmean": 0.0077393790707, "max": 0.61181640625, "var": 0.00213091215119, "mean": 0.0494675450027}, "silence_rate_60dB": {"dmean2": 0.0310795176774, "median": 0, "min": 0, "dvar2": 0.037714947015, "dvar": 0.015297380276, "dmean": 0.0155371902511, "max": 1, "var": 0.0595735907555, "mean": 0.0636258497834}, "erbbands_kurtosis": {"dmean2": 2.79639387131, "median": 2.26594257355, "min": -1.88117945194, "dvar2": 17.7319393158, "dvar": 8.87639808655, "dmean": 1.89055919647, "max": 102.842086792, "var": 59.1199607849, "mean": 4.37876081467}, "erbbands": {"dmean2": [0.0113368174061, 0.158562973142, 0.832290232182, 3.83709216118, 7.6522321701, 6.03158378601, 13.9279088974, 11.9051551819, 23.7770118713, 16.3238315582, 23.224187851, 37.6926231384, 15.5239915848, 20.7689990997, 25.1415901184, 18.7985153198, 16.3086032867, 12.0628252029, 13.7404918671, 4.14886808395, 3.38110351562, 4.80863237381, 3.57988286018, 2.93951773643, 2.52688694, 3.02053117752, 1.24224925041, 0.766181647778, 0.919806540012, 0.781557321548, 0.680674016476, 0.49452444911, 0.28733843565, 0.107104450464, 0.0161621663719, 0.00187443871982, 0.000368691922631, 0.00155316619202, 5.07403237862e-05, 8.78767423274e-06], "median": [0.0225473400205, 0.259387165308, 0.855353951454, 3.2433950901, 5.64473628998, 6.9856672287, 16.663646698, 10.0148611069, 9.34063911438, 6.81787872314, 6.08089733124, 4.76157522202, 2.5982811451, 3.52513504028, 2.98391652107, 2.51594519615, 2.76054954529, 3.17424082756, 1.20605301857, 0.7096170187, 1.09390044212, 1.05426740646, 0.894905507565, 0.973395764828, 0.880493760109, 0.975058317184, 0.758015751839, 0.459755659103, 0.402790099382, 0.295420527458, 0.169981658459, 0.0809170976281, 0.0595379471779, 0.0265821963549, 0.00615389598534, 0.00185480026994, 0.00527366064489, 0.0381662547588, 0.00122823938727, 4.52684835182e-05], "min": [3.15733057617e-22, 3.35781105553e-21, 2.67880890412e-20, 4.43723429704e-20, 2.59905302187e-20, 4.10090686051e-20, 1.54628529594e-19, 2.62250271982e-19, 3.61315981231e-19, 3.56521771648e-19, 1.05460141087e-18, 1.31628309958e-18, 1.13750134846e-18, 1.80923921428e-18, 1.95708223914e-18, 1.75371264771e-18, 3.3881282735e-18, 6.09813760314e-18, 4.74008612193e-18, 7.72288328078e-18, 1.13955610646e-17, 7.41347058239e-18, 9.22058973275e-18, 9.05399721175e-18, 1.42986970082e-17, 1.16236801068e-17, 1.67304789689e-17, 1.59264312893e-17, 1.6035448731e-17, 2.21731768526e-17, 2.01625191592e-17, 1.79035650069e-17, 1.26363642435e-17, 1.1909327079e-17, 9.29673170814e-18, 5.10294626842e-18, 2.9180921962e-18, 1.36741299439e-18, 3.31132341625e-19, 3.57026565079e-20], "dvar2": [0.000599653285462, 0.129362612963, 2.87292838097, 34.8497161865, 156.425598145, 86.9896697998, 567.503356934, 651.914428711, 5567.57080078, 6661.61035156, 6350.95703125, 20457.0800781, 3065.53442383, 15065.0351562, 26124.8789062, 8656.17089844, 3954.69140625, 2498.92602539, 3668.36645508, 269.408691406, 139.683044434, 244.362167358, 93.0831222534, 64.2217559814, 62.9702262878, 129.479217529, 13.9746131897, 10.3731021881, 19.4582195282, 8.97673130035, 7.67326641083, 9.57172966003, 2.19611406326, 0.189953476191, 0.00219275965355, 1.96132641577e-05, 1.84249643098e-07, 1.80977872333e-06, 1.94924432151e-09, 1.45879183733e-10], "dvar": [0.000244147056947, 0.050061635673, 1.10592842102, 13.2374019623, 71.9164428711, 37.2066841125, 246.446777344, 391.338012695, 3002.77124023, 2439.1550293, 2646.89697266, 10647.9521484, 1434.44348145, 6383.04638672, 16162.9287109, 4289.87890625, 1805.46166992, 1064.88110352, 1770.53234863, 144.170776367, 70.0281982422, 112.510887146, 50.5773620605, 34.4691123962, 29.6835536957, 59.0943031311, 6.52568387985, 4.99082279205, 8.98696899414, 4.77506494522, 5.07272672653, 5.90504455566, 1.22855651379, 0.112528942525, 0.00130665570032, 1.06919487735e-05, 9.38963466979e-08, 6.91494790317e-07, 7.47110651123e-10, 7.51662204701e-11], "dmean": [0.00724906055257, 0.104239545763, 0.54404348135, 2.35721468925, 5.00549411774, 4.02854156494, 10.2487821579, 8.33180046082, 16.5262184143, 10.6050233841, 15.3528985977, 26.0791835785, 10.7671766281, 14.4074745178, 18.4328384399, 13.1269187927, 10.8963251114, 8.04484653473, 9.14058685303, 3.01023888588, 2.36297726631, 3.33677792549, 2.5202691555, 2.11214637756, 1.7858748436, 2.06615042686, 0.860625326633, 0.532728135586, 0.63093906641, 0.561759293079, 0.517362654209, 0.384871840477, 0.209083750844, 0.0758036673069, 0.0111265378073, 0.00126272288617, 0.000230344056035, 0.000893291260581, 2.94858728012e-05, 6.187834515e-06], "max": [0.272093504667, 4.52073001862, 23.6624488831, 88.244392395, 267.60559082, 129.473937988, 415.282684326, 842.820251465, 1910.99267578, 2216.2265625, 1955.05358887, 3891.12231445, 1398.9753418, 5088.69287109, 6533.20166016, 3567.18457031, 1825.90270996, 1216.59619141, 1304.29992676, 503.467041016, 408.249023438, 320.314025879, 219.189956665, 197.537750244, 155.135391235, 354.864379883, 109.472473145, 89.0577774048, 94.4320678711, 82.1856842041, 100.513633728, 96.3860473633, 41.1265869141, 11.8271427155, 1.32348918915, 0.104202099144, 0.0130459414795, 0.0426268577576, 0.00142630049959, 0.000229261102504], "var": [0.000438258313807, 0.080380640924, 3.05742239952, 38.2054748535, 226.982254028, 144.950592041, 1451.35107422, 1248.25256348, 11292.2373047, 3428.13623047, 4126.63330078, 25166.5214844, 4515.77636719, 16927.8457031, 39717.6328125, 12805.0068359, 4085.34545898, 2248.28710938, 5502.80419922, 471.698608398, 253.233200073, 316.583526611, 159.18812561, 101.547035217, 71.824256897, 174.678497314, 22.7470645905, 9.57917308807, 15.3642463684, 12.2827653885, 16.2570266724, 14.9306058884, 2.9443666935, 0.265453755856, 0.00325746112503, 2.32726997638e-05, 8.40081725073e-07, 3.10819596052e-05, 3.25838769299e-08, 5.27033916509e-10], "mean": [0.0258232802153, 0.310584515333, 1.39797878265, 5.17826032639, 10.2121267319, 10.693819046, 30.3204555511, 18.2893276215, 34.9755058289, 19.5227642059, 23.8072452545, 43.4808921814, 21.9855117798, 27.031332016, 31.3879089355, 24.8762931824, 18.5743980408, 14.2745838165, 16.3700370789, 5.87636613846, 4.8818860054, 6.63198804855, 5.239610672, 4.28806400299, 3.4459092617, 4.24017810822, 1.98754262924, 1.06027984619, 1.16908705235, 1.11371397972, 0.987166941166, 0.647844612598, 0.336888253689, 0.114889882505, 0.0181284938008, 0.00297638075426, 0.00523601053283, 0.0372527167201, 0.00119989318773, 5.08550001541e-05]}, "spectral_strongpeak": {"dmean2": 0.692365705967, "median": 0.598558962345, "min": 1.56623858327e-09, "dvar2": 1.1712397337, "dvar": 0.51032948494, "dmean": 0.437183976173, "max": 14.3142900467, "var": 1.76504015923, "mean": 1.04943847656}, "spectral_energy": {"dmean2": 0.00724252359942, "median": 0.0150385312736, "min": 1.10676168192e-20, "dvar2": 0.000113857546239, "dvar": 5.8118483139e-05, "dmean": 0.00514919450507, "max": 0.169535592198, "var": 0.000346609303961, "mean": 0.0202536359429}, "average_loudness": 0.681998968124, "spectral_rolloff": {"dmean2": 373.544219971, "median": 452.197265625, "min": 172.265625, "dvar2": 1730097.875, "dvar": 715492.25, "dmean": 221.605514526, "max": 19272.2167969, "var": 2541147.75, "mean": 842.782775879}, "spectral_centroid": {"dmean2": 172.384979248, "median": 556.18951416, "min": 115.795425415, "dvar2": 80322.28125, "dvar": 49128.7695312, "dmean": 122.388328552, "max": 11560.8476562, "var": 243716.0625, "mean": 684.325744629}, "pitch_salience": {"dmean2": 0.0920668765903, "median": 0.61060410738, "min": 0.163920715451, "dvar2": 0.00690650800243, "dvar": 0.00269193877466, "dmean": 0.0573436096311, "max": 0.840328216553, "var": 0.00802403129637, "mean": 0.601540803909}, "spectral_energyband_middle_high": {"dmean2": 0.00156447058544, "median": 0.000687554012984, "min": 1.64199784359e-21, "dvar2": 2.85335881927e-05, "dvar": 1.53865585162e-05, "dmean": 0.00119050755166, "max": 0.156419873238, "var": 7.76274901e-05, "mean": 0.003259685589}, "spectral_contrast_coeffs": {"dmean2": [0.0654673576355, 0.0633276253939, 0.0539595894516, 0.0465779229999, 0.0337319932878, 0.0236525330693], "median": [-0.615853846073, -0.670242607594, -0.752833127975, -0.761359810829, -0.781609177589, -0.771550059319], "min": [-0.962927341461, -0.970563530922, -0.981767952442, -0.9829428792, -0.980805397034, -0.975429475307], "dvar2": [0.00313544063829, 0.00296609476209, 0.00197893287987, 0.00138836738188, 0.000771977938712, 0.00039970735088], "dvar": [0.00115955492947, 0.00119578570593, 0.000885330082383, 0.000623330532108, 0.000387926964322, 0.000181006020284], "dmean": [0.0404568202794, 0.0402914658189, 0.035036932677, 0.0299985986203, 0.0226154401898, 0.0157916154712], "max": [-0.355185240507, -0.394703149796, -0.421013236046, -0.507683455944, -0.604686021805, -0.633713841438], "var": [0.00454464508221, 0.0056684394367, 0.00709630921483, 0.00443750433624, 0.00302527961321, 0.0014638544526], "mean": [-0.614626586437, -0.666457414627, -0.736921846867, -0.754552841187, -0.777356803417, -0.775617241859]}, "melbands_skewness": {"dmean2": 0.781921207905, "median": 2.3654563427, "min": -2.20105910301, "dvar2": 0.676618337631, "dvar": 0.310263931751, "dmean": 0.529563426971, "max": 10.5568284988, "var": 1.83447873592, "mean": 2.38659405708}, "spectral_spread": {"dmean2": 645530.4375, "median": 3742324.75, "min": 1844759.25, "dvar2": 658137939968, "dvar": 437371109376, "dmean": 451391.59375, "max": 40947748, "var": 2158684798980.0, "mean": 4033683.75}, "dissonance": {"dmean2": 0.0471394769847, "median": 0.429909050465, "min": 0.204718321562, "dvar2": 0.00191438850015, "dvar": 0.000699085416272, "dmean": 0.0283471234143, "max": 0.500000119209, "var": 0.0018783780979, "mean": 0.423066198826}, "spectral_skewness": {"dmean2": 0.399855822325, "median": 2.0920188427, "min": -0.153499528766, "dvar2": 0.130907669663, "dvar": 0.0660161226988, "dmean": 0.267961353064, "max": 6.56915473938, "var": 0.58953744173, "mean": 2.18164086342}, "spectral_flux": {"dmean2": 0.0260879453272, "median": 0.0480759479105, "min": 1.05202742351e-10, "dvar2": 0.000926805601921, "dvar": 0.000370442518033, "dmean": 0.0164217203856, "max": 0.310671269894, "var": 0.0013303240994, "mean": 0.0550539419055}, "spectral_contrast_valleys": {"dmean2": [0.490450829268, 0.459010273218, 0.445590227842, 0.394596636295, 0.330643385649, 0.363457232714], "median": [-7.1246175766, -6.91579914093, -8.00442695618, -8.85109996796, -8.66466999054, -11.13560009], "min": [-27.353302002, -26.9981422424, -27.4190444946, -27.2117080688, -27.27069664, -27.2028274536], "dvar2": [0.226168677211, 0.170182913542, 0.155592978001, 0.130060374737, 0.116714857519, 0.160240754485], "dvar": [0.117870628834, 0.0936096459627, 0.0905155166984, 0.0845353677869, 0.0802335366607, 0.104110047221], "dmean": [0.311324179173, 0.295385748148, 0.292944192886, 0.267600268126, 0.239028781652, 0.285257250071], "max": [-5.75161218643, -4.97303152084, -5.24994802475, -6.20410919189, -6.51702785492, -8.01618099213], "var": [1.0526766777, 1.08995842934, 1.19820249081, 1.22909748554, 1.22365689278, 0.85301566124], "mean": [-7.32509756088, -7.05345249176, -8.11043739319, -8.98344612122, -8.83401870728, -11.1483783722]}, "erbbands_flatness_db": {"dmean2": 0.021960908547, "median": 0.170021012425, "min": 0.048462357372, "dvar2": 0.000421768228989, "dvar": 0.00019596380298, "dmean": 0.0152116129175, "max": 0.382821649313, "var": 0.00139409769326, "mean": 0.172368228436}, "spectral_energyband_high": {"dmean2": 0.000104787191958, "median": 8.49062998896e-05, "min": 8.0028779146e-21, "dvar2": 1.29551182226e-07, "dvar": 7.72407844352e-08, "dmean": 7.98350665718e-05, "max": 0.00788868777454, "var": 2.38837742472e-07, "mean": 0.000206762400921}, "spectral_entropy": {"dmean2": 0.254230409861, "median": 6.86992883682, "min": 4.93445491791, "dvar2": 0.0579734295607, "dvar": 0.028102979064, "dmean": 0.174422815442, "max": 9.80838680267, "var": 0.23302064836, "mean": 6.84385585785}, "silence_rate_20dB": {"dmean2": 0, "median": 1, "min": 1, "dvar2": 0, "dvar": 0, "dmean": 0, "max": 1, "var": 0, "mean": 1}, "melbands_flatness_db": {"dmean2": 0.02947040461, "median": 0.263561785221, "min": 0.0057330285199, "dvar2": 0.000772694533225, "dvar": 0.000366014952306, "dmean": 0.0202285926789, "max": 0.487431913614, "var": 0.00387335754931, "mean": 0.269489884377}, "barkbands": {"dmean2": [2.12124250538e-05, 0.000589556526393, 0.000992722227238, 0.00189306726679, 0.0022599787917, 0.00149758381303, 0.00160700350534, 0.000875083147548, 0.0015812338097, 0.000504596682731, 0.000610070186667, 0.000640142476186, 0.000387910782592, 0.000275619939202, 0.000179400813067, 6.01118226768e-05, 9.71050685621e-05, 6.50769070489e-05, 6.33656018181e-05, 5.99538470851e-05, 2.14662504732e-05, 2.45540541073e-05, 2.33971331909e-05, 1.95427728613e-05, 5.54134385311e-06, 2.11482245049e-