{"tonal": {"thpcp": [1, 0.69442743063, 0.177966192365, 0.113533042371, 0.109187833965, 0.204813912511, 0.334823071957, 0.277732640505, 0.271274030209, 0.397149711847, 0.307480156422, 0.156513243914, 0.115845091641, 0.0968501418829, 0.12323141098, 0.151938378811, 0.124384924769, 0.115912437439, 0.136119693518, 0.150925397873, 0.336311459541, 0.602759182453, 0.467826396227, 0.281340450048, 0.310376733541, 0.215106546879, 0.138539254665, 0.152465730906, 0.167361810803, 0.294844508171, 0.409066170454, 0.274394214153, 0.153800100088, 0.147745728493, 0.157481983304, 0.512625038624], "hpcp": {"dmean2": [0.179011166096, 0.155711442232, 0.130896121264, 0.131789132953, 0.152111813426, 0.226908281446, 0.232247382402, 0.242845654488, 0.161689206958, 0.11524053663, 0.105538316071, 0.130124300718, 0.153753310442, 0.158320739865, 0.167945489287, 0.200739756227, 0.18379957974, 0.135230258107, 0.102264806628, 0.0909448564053, 0.0996463745832, 0.10115210712, 0.0936114639044, 0.112976878881, 0.143756434321, 0.163309454918, 0.222256228328, 0.233341917396, 0.247405335307, 0.213216647506, 0.177484601736, 0.166666299105, 0.152072235942, 0.154105275869, 0.164112046361, 0.179867193103], "median": [0.0580604374409, 0.0389589630067, 0.0121835228056, 0.0102901188657, 0.0175410080701, 0.176799699664, 0.371884524822, 0.234735324979, 0.0283512212336, 0.00845949258655, 0.00871606357396, 0.0272907037288, 0.0453389771283, 0.0388171561062, 0.0424044691026, 0.0560174845159, 0.0435157418251, 0.0194686688483, 0.0115118613467, 0.00947455130517, 0.0117160063237, 0.0139411855489, 0.0126173831522, 0.00974776502699, 0.00915905274451, 0.00941690150648, 0.0641194954515, 0.120301760733, 0.0857758522034, 0.0270336102694, 0.0110101969913, 0.0100196357816, 0.00985078234226, 0.0110374735668, 0.0160621535033, 0.0442951954901], "min": [0, 0, 0, 0, 0, 0, 0, 0, 0, 0, 0, 0, 0, 0, 0, 0, 0, 0, 0, 0, 0, 0, 0, 0, 0, 0, 0, 0, 0, 0, 0, 0, 0, 0, 0, 0], "dvar2": [0.0915299206972, 0.0747434869409, 0.0757275894284, 0.0763634294271, 0.0771610438824, 0.0834266468883, 0.096249602735, 0.094385407865, 0.0738338828087, 0.0705346390605, 0.0534451603889, 0.0614444948733, 0.0665344819427, 0.0763169378042, 0.0769570693374, 0.0998537316918, 0.0889294371009, 0.0680035054684, 0.0527987778187, 0.0464353039861, 0.0513637326658, 0.0460301786661, 0.0407114475965, 0.0587247945368, 0.0897819027305, 0.101497039199, 0.106311455369, 0.0971193686128, 0.110404275358, 0.115470141172, 0.105613157153, 0.104212626815, 0.0956746637821, 0.0899977684021, 0.0930557027459, 0.0937930196524], "dvar": [0.0357142537832, 0.0274216271937, 0.026668632403, 0.0267047546804, 0.0268857609481, 0.0299679469317, 0.0402809791267, 0.032829169184, 0.0257267765701, 0.0252922158688, 0.0187534224242, 0.0224921312183, 0.028019035235, 0.0290380846709, 0.0277136899531, 0.0409651212394, 0.0350164435804, 0.024754235521, 0.0188081879169, 0.0168760754168, 0.0187894422561, 0.0174231659621, 0.0151011934504, 0.0209522414953, 0.0320154465735, 0.0361947454512, 0.0369254313409, 0.0405407361686, 0.04058072716, 0.0417649038136, 0.0434977672994, 0.0367428138852, 0.0333926156163, 0.0319474823773, 0.0330754071474, 0.0347838401794], "dmean": [0.103783994913, 0.0904869958758, 0.0723408311605, 0.0725043043494, 0.0832540765405, 0.12940903008, 0.137599542737, 0.143322452903, 0.0900382250547, 0.0640314742923, 0.0584662668407, 0.074560880661, 0.0900611057878, 0.0919527113438, 0.09786567837, 0.119336239994, 0.107566468418, 0.0762103050947, 0.0572223179042, 0.0511794947088, 0.0555886738002, 0.0572306104004, 0.0528376810253, 0.0622280202806, 0.0780721083283, 0.0888212546706, 0.126234203577, 0.137201368809, 0.142724245787, 0.120207495987, 0.0991838425398, 0.0923341587186, 0.0823807418346, 0.0840682163835, 0.0908851772547, 0.103819072247], "max": [1, 1, 1, 1, 1, 1, 1, 1, 1, 1, 1, 1, 1, 1, 1, 1, 1, 1, 1, 1, 1, 1, 1, 1, 1, 1, 1, 1, 1, 1, 1, 1, 1, 1, 1, 1], "var": [0.0887878537178, 0.0451308190823, 0.0295625440776, 0.0287036672235, 0.0242354683578, 0.0570467151701, 0.168256670237, 0.0948068574071, 0.0237951688468, 0.0206345096231, 0.0163561441004, 0.0300211738795, 0.0694920569658, 0.0507488101721, 0.0415667258203, 0.082242809236, 0.0550531819463, 0.0233022160828, 0.0161793399602, 0.013831817545, 0.0201165638864, 0.0267246384174, 0.0184189677238, 0.018601031974, 0.0275617837906, 0.0305521823466, 0.0480606369674, 0.114234574139, 0.0783376321197, 0.0501086376607, 0.0882637128234, 0.042017288506, 0.0250058509409, 0.0264534316957, 0.02764984034, 0.0491941347718], "mean": [0.195773527026, 0.1313213557, 0.0736066475511, 0.0707091093063, 0.0753687471151, 0.245335400105, 0.47858646512, 0.332343578339, 0.085172213614, 0.0543353781104, 0.052255820483, 0.0980211645365, 0.160241797566, 0.132919088006, 0.129828080535, 0.190070480108, 0.147155836225, 0.0749051198363, 0.0554418936372, 0.0463511683047, 0.0589768849313, 0.0727156549692, 0.0595289431512, 0.0554741248488, 0.0651450455189, 0.0722308531404, 0.160954117775, 0.288472384214, 0.223895385861, 0.134645730257, 0.148542106152, 0.102947078645, 0.0663030147552, 0.0729680359364, 0.0800970941782, 0.141108587384]}, "tuning_equal_tempered_deviation": 0.0454714037478, "chords_changes_rate": 0.0380181521177, "key_key": "B", "tuning_diatonic_strength": 0.541156470776, "key_scale": "minor", "chords_number_rate": 0.00220750551671, "tuning_frequency": 438.224517822, "tuning_nontempered_energy_ratio": 0.662108957767, "chords_histogram": [55.8008346558, 17.218542099, 9.17341136932, 3.21314692497, 0, 1.27544760704, 0.147167041898, 4.04709339142, 0, 0.907530069351, 0.367917597294, 0.0735835209489, 0.122639194131, 0, 0, 0, 0.0981113538146, 0.539612472057, 1.32450330257, 0, 0, 0, 2.2565612793, 3.43389749527], "key_strength": 0.722122848034, "chords_key": "B", "chords_strength": {"dmean2": 0.00746661610901, "median": 0.526635169983, "min": 0.28309610486, "dvar2": 6.12013609498e-05, "dvar": 5.64903384657e-05, "dmean": 0.00826768949628, "max": 0.754401862621, "var": 0.0100147873163, "mean": 0.527857124805}, "chords_scale": "minor", "hpcp_entropy": {"dmean2": 0.916229784489, "median": 1.99436175823, "min": 0, "dvar2": 0.636939406395, "dvar": 0.239124029875, "dmean": 0.548816204071, "max": 4.35245990753, "var": 0.53727889061, "mean": 2.00013327599}}, "metadata": {"audio_properties": {"equal_loudness": 0, "codec": "flac", "downmix": "mix", "sample_rate": 44100, "analysis_sample_rate": 44100, "bit_rate": 0, "md5_encoded": "49d2d2a19346484e53b1800c98b00cd7", "length": 189.253326416, "replay_gain": -9.05688095093, "lossless": true}, "version": {"essentia_build_sha": "70f2e5ece6736b2c40cc944ad0e695b16b925413", "essentia": "2.1-beta2", "extractor": "music 1.0", "essentia_git_sha": "v2.1_beta2"}, "tags": {"title": ["International Rock Star"], "barcode": ["616656001928"], "media": ["CD"], "albumartist": ["Stars"], "tracktotal": ["14"], "language": ["eng"], "releasetype": ["album"], "musicbrainz_recordingid": ["1893573b-73a4-4361-b650-bad4256f7955"], "musicbrainz_releasegroupid": ["fa518e3f-1633-3ee6-9a72-73aa3794411d"], "musicbrainz_albumartistid": ["5aeb21a3-4606-4a0d-8369-50c768d1e99a"], "originaldate": ["2001-02-27"], "discnumber": ["1"], "catalognumber": ["HRH-019"], "owner": ["-=udachee=-"], "file_name": "06. International Rock Star.flac", "musicip_puid": ["ddf9b5fb-d8d4-c2ff-e851-b2da066e8a9f"], "albumartistsort": ["Stars"], "date": ["2001-02-27"], "genre": ["Synthpop", "Rock", "Pop Rock", "Indie Rock", "Electronic"], "disctotal": ["1"], "musicbrainz_artistid": ["5aeb21a3-4606-4a0d-8369-50c768d1e99a"], "releasecountry": ["US"], "asin": ["B000056WNL"], "musicbrainz_albumid": ["58c26acd-a1b3-482d-a96a-347d69b221c4"], "artist": ["Stars"], "tracknumber": ["6"], "artistsort": ["Stars"], "album": ["Nightsongs"], "label": ["Le Grand Magistery"], "releasestatus": ["official"], "totaldiscs": ["1"], "script": ["Latn"], "totaltracks": ["14"]}}, "rhythm": {"bpm_histogram_first_peak_bpm": {"dmean2": 0, "median": 98, "min": 98, "dvar2": 0, "dvar": 0, "dmean": 0, "max": 98, "var": 0, "mean": 98}, "bpm": 97.1208877563, "bpm_histogram_second_peak_spread": {"dmean2": 0, "median": 0.416666686535, "min": 0.416666686535, "dvar2": 0, "dvar": 0, "dmean": 0, "max": 0.416666686535, "var": 0, "mean": 0.416666686535}, "bpm_histogram_first_peak_weight": {"dmean2": 0, "median": 0.614379107952, "min": 0.614379107952, "dvar2": 0, "dvar": 0, "dmean": 0, "max": 0.614379107952, "var": 0, "mean": 0.614379107952}, "onset_rate": 3.6456656456, "beats_position": [0.53405892849, 1.09133780003, 1.66022670269, 2.22911548615, 2.79800438881, 3.39011335373, 3.98222208023, 4.57433080673, 5.15482997894, 5.74693870544, 6.35065746307, 6.9543762207, 7.59292507172, 8.23147392273, 8.87002277374, 9.49696159363, 10.1239004135, 10.7392292023, 11.354557991, 11.9814968109, 12.6084346771, 13.235373497, 13.8507022858, 14.4660310745, 15.0697498322, 15.6850786209, 16.3004074097, 16.9157371521, 17.5310649872, 18.1463947296, 18.7617225647, 19.365442276, 19.9923801422, 20.6077098846, 21.2230377197, 21.8383674622, 22.4536952972, 23.0806350708, 23.6959629059, 24.3112926483, 24.9382305145, 25.553560257, 26.168888092, 26.7842178345, 27.3995456696, 28.0264854431, 28.6418132782, 29.2571430206, 29.8724708557, 30.4878005981, 31.1147384644, 31.7416782379, 32.357006073, 32.9723358154, 33.5876655579, 34.2029914856, 34.8299331665, 35.4568710327, 36.0722007751, 36.6875267029, 37.3028564453, 37.9181861877, 38.545124054, 39.1720619202, 39.7989997864, 40.4259414673, 41.041267395, 41.6565971375, 42.2719268799, 42.8872566223, 43.5141944885, 44.129524231, 44.7448501587, 45.3717918396, 45.9987297058, 46.6140594482, 47.229385376, 47.8447151184, 48.4600448608, 49.0753746033, 49.7023124695, 50.3176422119, 50.9445800781, 51.5599098206, 52.1752357483, 52.7905654907, 53.4175033569, 54.0444450378, 54.6597709656, 55.275100708, 55.8904304504, 56.5057601929, 57.1210861206, 57.736415863, 58.3517456055, 58.9670753479, 59.5824012756, 60.2093429565, 60.8130607605, 61.4283905029, 62.0437164307, 62.6706581116, 63.2975959778, 63.924533844, 64.5514755249, 65.1668014526, 65.7821273804, 66.385848999, 67.0127868652, 67.6397247314, 68.2550582886, 68.8703842163, 69.4973220825, 70.1242599487, 70.7395935059, 71.3549194336, 71.9586410522, 72.5623550415, 73.1892929077, 73.8162307739, 74.4431762695, 75.0701141357, 75.697052002, 76.3007659912, 76.9044876099, 77.5314254761, 78.1467590332, 78.7620849609, 79.3774108887, 79.9927444458, 80.619682312, 81.2466201782, 81.861946106, 82.4772796631, 83.1042175293, 83.7311553955, 84.3464813232, 84.9618148804, 85.5887527466, 86.2040786743, 86.8194122314, 87.4347381592, 88.0500640869, 88.665397644, 89.2807235718, 89.907661438, 90.5345993042, 91.1499328613, 91.7652587891, 92.3805847168, 92.9959182739, 93.6228561401, 94.2381820679, 94.853515625, 95.4804534912, 96.0957794189, 96.7111129761, 97.3380508423, 97.9649887085, 98.5803146362, 99.1956481934, 99.8109741211, 100.426300049, 101.041633606, 101.645347595, 102.260681152, 102.87600708, 103.479728699, 104.106666565, 104.733604431, 105.348930359, 105.975868225, 106.591201782, 107.20652771, 107.833465576, 108.460403442, 109.075737, 109.691062927, 110.306388855, 110.921722412, 111.560272217, 112.175598145, 112.790924072, 113.406257629, 114.021583557, 114.636917114, 115.252243042, 115.86756897, 116.494506836, 117.121452332, 117.736778259, 118.352104187, 118.979042053, 119.59437561, 120.209701538, 120.825035095, 121.451972961, 122.067298889, 122.682624817, 123.297958374, 123.92489624, 124.540222168, 125.155555725, 125.782493591, 126.409431458, 127.024757385, 127.640090942, 128.243804932, 128.870742798, 129.486068726, 130.101409912, 130.71673584, 131.343673706, 131.958999634, 132.5859375, 133.201263428, 133.816589355, 134.431930542, 135.058868408, 135.674194336, 136.301132202, 136.91645813, 137.531784058, 138.147125244, 138.77406311, 139.389389038, 140.004714966, 140.620040894, 141.24697876, 141.873916626, 142.489242554, 143.10458374, 143.731521606, 144.346847534, 144.985397339, 145.612335205, 146.227661133, 146.842987061, 147.469924927, 148.073654175, 148.688980103, 149.30430603, 149.931243896, 150.546569824, 151.161895752, 151.788833618, 152.392562866, 153.019500732, 153.646438599, 154.261764526, 154.877090454, 155.492416382, 156.107757568, 156.723083496, 157.338409424, 157.96534729, 158.603897095, 159.219223022, 159.83454895, 160.449890137, 161.065216064, 161.680541992, 162.29586792, 162.911193848, 163.538131714, 164.16506958, 164.780410767, 165.395736694, 166.011062622, 166.62638855, 167.241714478, 167.857055664, 168.48399353, 169.099319458, 169.714645386, 170.318359375, 170.933700562, 171.549026489, 172.164352417, 172.779678345, 173.406616211, 174.033554077, 174.660491943, 175.28742981, 175.914367676, 176.541305542, 177.156646729, 177.771972656, 178.375686646, 178.979400635, 179.583129883, 180.128799438, 180.674468994, 181.208526611, 181.742584229, 182.299865723, 182.845535278, 183.391204834, 183.948471069, 184.494140625, 185.039810181, 185.585479736, 186.177597046, 186.758087158, 187.350204468, 187.942306519, 188.534423828], "beats_loudness": {"dmean2": 0.0188426021487, "median": 0.0235992986709, "min": 0, "dvar2": 0.000347336870618, "dvar": 0.000119707125123, "dmean": 0.0105894301087, "max": 0.0925434082747, "var": 0.000369624962332, "mean": 0.0276861600578}, "danceability": 1.05749154091, "bpm_histogram_second_peak_weight": {"dmean2": 0, "median": 0.0228758174926, "min": 0.0228758174926, "dvar2": 0, "dvar": 0, "dmean": 0, "max": 0.0228758174926, "var": 0, "mean": 0.0228758174926}, "beats_count": 307, "bpm_histogram_second_peak_bpm": {"dmean2": 0, "median": 110, "min": 110, "dvar2": 0, "dvar": 0, "dmean": 0, "max": 110, "var": 0, "mean": 110}, "bpm_histogram_first_peak_spread": {"dmean2": 0, "median": 0.349480986595, "min": 0.349480986595, "dvar2": 0, "dvar": 0, "dmean": 0, "max": 0.349480986595, "var": 0, "mean": 0.349480986595}, "beats_loudness_band_ratio": {"dmean2": [0.441534161568, 0.291042268276, 0.185791730881, 0.0898345932364, 0.11984744668, 0.103617191315], "median": [0.418041139841, 0.213914856315, 0.0874434560537, 0.0492973811924, 0.0465811118484, 0.0452054552734], "min": [0, 0, 0, 0, 0, 0], "dvar2": [0.14185655117, 0.0600014477968, 0.031691018492, 0.0194266047329, 0.0206870306283, 0.0149779804051], "dvar": [0.0404122695327, 0.0195521395653, 0.0112608838826, 0.00671714590862, 0.00877078250051, 0.00530495820567], "dmean": [0.240516290069, 0.162084311247, 0.102895468473, 0.0495264194906, 0.0668629556894, 0.0569025166333], "max": [0.998460829258, 0.804692804813, 0.603822171688, 0.888822376728, 0.912267506123, 0.699339032173], "var": [0.0676690265536, 0.0288589466363, 0.0126861566678, 0.00868097692728, 0.0186912976205, 0.0063123726286], "mean": [0.447858184576, 0.237628445029, 0.122530177236, 0.0765931531787, 0.0863927900791, 0.0650704503059]}}, "lowlevel": {"barkbands_spread": {"dmean2": 9.4255027771, "median": 15.4389257431, "min": 0.132418334484, "dvar2": 199.839157104, "dvar": 94.8205032349, "dmean": 6.13776779175, "max": 115.818084717, "var": 321.078918457, "mean": 20.2329483032}, "melbands_spread": {"dmean2": 10.2352676392, "median": 13.2818164825, "min": 0.313490062952, "dvar2": 328.363616943, "dvar": 165.566604614, "dmean": 6.71504402161, "max": 234.27571106, "var": 603.069824219, "mean": 20.7379684448}, "hfc": {"dmean2": 10.3210601807, "median": 9.11485767365, "min": 1.04791435458e-16, "dvar2": 466.162628174, "dvar": 246.037124634, "dmean": 7.25548887253, "max": 363.242004395, "var": 712.445739746, "mean": 18.476568222}, "barkbands_kurtosis": {"dmean2": 10.5217819214, "median": 4.26799583435, "min": -1.94531691074, "dvar2": 946.3125, "dvar": 358.065063477, "dmean": 6.52685451508, "max": 482.787017822, "var": 1220.53076172, "mean": 13.9805850983}, "gfcc": {"mean": [-48.5960731506, 88.7192001343, -92.2360610962, 29.478843689, -50.0805435181, 11.5408744812, -39.3157157898, 6.39976119995, -23.1364517212, -0.135244637728, -17.7633876801, -0.660117805004, -8.77886295319], "icov": [[0.000127995139337, -0.000200141352252, 0.000174690008862, -0.000227030803217, 0.000339726364473, -0.000208890982321, 0.000203323928872, -0.000375921168597, 0.000517440959811, -0.000436911883298, 0.000363478553481, -0.000352689879946, 0.000297984312056], [-0.000200141352252, 0.0012249200372, -0.000343523628544, 0.000418731448008, -0.000902154075447, 0.000593969307374, -0.000742145057302, 0.000523663358763, -0.00073376193177, 0.00184869836085, -0.00187525956426, 0.0013867279049, -0.00182649353519], [0.000174690008862, -0.000343523628544, 0.00110803579446, -0.000757465895731, 0.00064887321787, -0.00075567397289, -7.32093685656e-05, -0.000131951936055, 0.000216692322283, -0.00112260284368, 0.000692425470334, -0.000649575493298, 0.00164546153974], [-0.000227030803217, 0.000418731448008, -0.000757465895731, 0.00231268745847, -3.05641588056e-05, -3.73801303795e-05, -0.000732093001716, 0.000308674323605, -3.82674188586e-05, 0.000518420303706, -0.000581928528845, 0.00073946575867, -0.00103654817212], [0.000339726364473, -0.000902154075447, 0.00064887321787, -3.05641588056e-05, 0.00365420128219, -0.000532086822204, -0.000351914932253, -0.00119122525211, 0.00132305745501, -0.000620231672656, 0.000560608285014, -0.000478844478494, 0.00230173417367], [-0.000208890982321, 0.000593969307374, -0.00075567397289, -3.73801303795e-05, -0.000532086822204, 0.00531828170642, -0.00179060490336, 0.00131857173983, -0.000826228759252, 0.000207118529943, -0.000847310002428, -0.000378731579985, 0.000198691210244], [0.000203323928872, -0.000742145057302, -7.32093685656e-05, -0.000732093001716, -0.000351914932253, -0.00179060490336, 0.00653762742877, -0.00299407076091, 0.000867796421517, -0.00109770591371, 0.000154607841978, -3.7117566535e-05, -0.00223556114361], [-0.000375921168597, 0.000523663358763, -0.000131951936055, 0.000308674323605, -0.00119122525211, 0.00131857173983, -0.00299407076091, 0.00969046447426, -0.00316959479824, -0.000180911301868, 0.00080738478573, -0.00082352507161, 0.00246795080602], [0.000517440959811, -0.00073376193177, 0.000216692322283, -3.82674188586e-05, 0.00132305745501, -0.000826228759252, 0.000867796421517, -0.00316959479824, 0.0096345404163, -0.00311980512924, -0.000620648730546, 0.000800084730145, -0.00113921659067], [-0.000436911883298, 0.00184869836085, -0.00112260284368, 0.000518420303706, -0.000620231672656, 0.000207118529943, -0.00109770591371, -0.000180911301868, -0.00311980512924, 0.0131815858185, -0.00453991442919, 0.00334000657313, -0.00262740300968], [0.000363478553481, -0.00187525956426, 0.000692425470334, -0.000581928528845, 0.000560608285014, -0.000847310002428, 0.000154607841978, 0.00080738478573, -0.000620648730546, -0.00453991442919, 0.0125064104795, -0.00372580392286, 0.00238969363272], [-0.000352689879946, 0.0013867279049, -0.000649575493298, 0.00073946575867, -0.000478844478494, -0.000378731579985, -3.7117566535e-05, -0.00082352507161, 0.000800084730145, 0.00334000657313, -0.00372580392286, 0.0132544916123, -0.00729679781944], [0.000297984312056, -0.00182649353519, 0.00164546153974, -0.00103654817212, 0.00230173417367, 0.000198691210244, -0.00223556114361, 0.00246795080602, -0.00113921659067, -0.00262740300968, 0.00238969363272, -0.00729679781944, 0.0168319828808]], "cov": [[24328.4628906, -414.349243164, -665.100097656, 1829.91809082, -1639.81054688, 402.769195557, -251.609359741, 321.286865234, -932.441223145, 165.032836914, -426.266601562, 456.627380371, 62.1306114197], [-414.349243164, 2234.34423828, -444.370361328, -331.562072754, 441.607727051, -165.558425903, 200.960678101, -37.6360206604, 78.4132919312, -172.270553589, 220.687164307, -41.0983009338, 175.856826782], [-665.100097656, -444.370361328, 2034.64001465, 628.502258301, -243.879394531, 331.905578613, 128.795928955, 25.8741111755, 58.4912414551, 171.507858276, -18.6457633972, -29.2303276062, -133.19291687], [1829.91809082, -331.562072754, 628.502258301, 854.197021484, -262.130126953, 180.328430176, 74.9716644287, 26.6891613007, -60.8967437744, 80.7921295166, -39.2204780579, 30.8563404083, -10.0170021057], [-1639.81054688, 441.607727051, -243.879394531, -262.130126953, 558.528625488, -64.1581802368, 68.4167785645, 21.9161243439, 30.7698936462, -59.4907150269, 52.3208999634, -51.5876426697, -22.0929260254], [402.769195557, -165.558425903, 331.905578613, 180.328430176, -64.1581802368, 287.98135376, 73.2657623291, 5.49443006516, -0.0384608507156, 48.5313186646, 1.248721838, 19.9705219269, -16.0847892761], [-251.609359741, 200.960678101, 128.795928955, 74.9716644287, 68.4167785645, 73.2657623291, 253.037002563, 54.125705719, 30.4397373199, 19.6328678131, 32.3600692749, 5.54644489288, 36.6729927063], [321.286865234, -37.6360206604, 25.8741111755, 26.6891613007, 21.9161243439, 5.49443006516, 54.125705719, 151.178726196, 25.3894233704, 21.8324127197, -12.8284225464, 0.191227957606, -21.6664791107], [-932.441223145, 78.4132919312, 58.4912414551, -60.8967437744, 30.7698936462, -0.0384608507156, 30.4397373199, 25.3894233704, 177.05947876, 34.6203193665, 40.9069519043, -25.0824432373, 12.3677835464], [165.032836914, -172.270553589, 171.507858276, 80.7921295166, -59.4907150269, 48.5313186646, 19.6328678131, 21.8324127197, 34.6203193665, 129.171768188, 15.8572130203, -8.70066642761, -9.95421695709], [-426.266601562, 220.687164307, -18.6457633972, -39.2204780579, 52.3208999634, 1.248721838, 32.3600692749, -12.8284225464, 40.9069519043, 15.8572130203, 129.432342529, 9.47934246063, 20.8880729675], [456.627380371, -41.0983009338, -29.2303276062, 30.8563404083, -51.5876426697, 19.9705219269, 5.54644489288, 0.191227957606, -25.0824432373, -8.70066642761, 9.47934246063, 119.895950317, 47.3157424927], [62.1306114197, 175.856826782, -133.19291687, -10.0170021057, -22.0929260254, -16.0847892761, 36.6729927063, -21.6664791107, 12.3677835464, -9.95421695709, 20.8880729675, 47.3157424927, 117.885444641]]}, "spectral_energyband_middle_low": {"dmean2": 0.0078152436763, "median": 0.00832107849419, "min": 1.51860545773e-22, "dvar2": 0.000226670264965, "dvar": 8.12558209873e-05, "dmean": 0.00469399197027, "max": 0.13853366673, "var": 0.000144989608089, "mean": 0.0114484010264}, "melbands_crest": {"dmean2": 4.97164487839, "median": 13.8491334915, "min": 1.56295609474, "dvar2": 24.5455589294, "dvar": 8.92443370819, "dmean": 2.97198462486, "max": 32.7759895325, "var": 28.7436580658, "mean": 14.6684713364}, "spectral_kurtosis": {"dmean2": 3.9023578167, "median": 3.7925491333, "min": -1.25318455696, "dvar2": 128.45954895, "dvar": 45.7856063843, "dmean": 2.36646413803, "max": 218.272232056, "var": 162.500961304, "mean": 7.08764743805}, "spectral_rms": {"dmean2": 0.00118940684479, "median": 0.0043892627582, "min": 3.14105338961e-12, "dvar2": 2.68357439381e-06, "dvar": 9.9574538126e-07, "dmean": 0.000726988073438, "max": 0.0129973720759, "var": 4.62678781332e-06, "mean": 0.00436702370644}, "zerocrossingrate": {"dmean2": 0.0145265171304, "median": 0.048828125, "min": 0.00244140625, "dvar2": 0.000380437646527, "dvar": 0.00031846947968, "dmean": 0.0123999239877, "max": 0.6142578125, "var": 0.00360454572365, "mean": 0.063753888011}, "silence_rate_60dB": {"dmean2": 0.0338650308549, "median": 0, "min": 0, "dvar2": 0.0381233245134, "dvar": 0.0166466776282, "dmean": 0.0169304385781, "max": 1, "var": 0.10527844727, "mean": 0.119602553546}, "erbbands_kurtosis": {"dmean2": 2.09467053413, "median": 0.0472569465637, "min": -1.87225198746, "dvar2": 13.0053129196, "dvar": 5.78360128403, "dmean": 1.35165333748, "max": 52.3918266296, "var": 17.8711128235, "mean": 1.50633776188}, "erbbands": {"dmean2": [0.0586738698184, 1.01710820198, 4.7698225975, 5.65253067017, 13.210641861, 20.4974689484, 14.1769351959, 11.4819450378, 7.56830453873, 9.5461730957, 15.6533441544, 9.74279499054, 12.7021141052, 24.1893787384, 16.1879711151, 14.5324726105, 11.4883613586, 14.7770748138, 20.8803691864, 13.2584133148, 17.6227226257, 14.6228284836, 13.141283989, 11.0271339417, 8.71772766113, 7.57886743546, 7.57483720779, 8.43386173248, 10.1166658401, 6.90542459488, 4.79752397537, 3.11384367943, 1.65310156345, 1.31174492836, 1.06550467014, 0.466472804546, 0.169079557061, 0.0228365920484, 0.00196712161414, 9.32649418246e-05], "median": [0.0536961257458, 0.803811907768, 2.00315856934, 2.33642530441, 3.37280654907, 11.0943307877, 7.56084918976, 4.04761791229, 4.27680492401, 6.43065547943, 6.38904905319, 4.35505962372, 5.33279514313, 2.519064188, 2.25420045853, 2.22809433937, 2.48239469528, 4.30163145065, 4.64493131638, 3.0659763813, 3.48551630974, 3.11805415154, 3.49144053459, 2.57039928436, 2.25283670425, 1.84625172615, 1.73842406273, 1.30888712406, 1.12531614304, 0.838457942009, 0.691647052765, 0.658962607384, 0.375968873501, 0.226150035858, 0.122705750167, 0.0378839671612, 0.00881619006395, 0.00131062651053, 0.000140886055306, 3.94226663047e-05], "min": [1.33797574797e-22, 9.86077848088e-22, 3.27193553117e-21, 4.82954207011e-21, 1.53492910779e-20, 2.47673772776e-20, 6.43540506582e-20, 9.17229368117e-20, 1.07554986328e-19, 2.57283491843e-19, 3.15918990895e-19, 4.02348740806e-19, 5.03271625627e-19, 6.44715322772e-19, 7.59027082234e-19, 1.29013023355e-18, 1.48159462801e-18, 2.69218131269e-18, 2.42692951246e-18, 3.60333192436e-18, 3.92059952985e-18, 4.19905623458e-18, 7.05235826853e-18, 6.57204178378e-18, 8.15273843944e-18, 9.48795435907e-18, 8.95268909341e-18, 1.00690876169e-17, 1.0025144474e-17, 1.29475950849e-17, 1.15169514739e-17, 9.51832760398e-18, 9.40761940516e-18, 7.53054807193e-18, 7.01943730733e-18, 3.90216705067e-18, 2.48458172641e-18, 9.67065332737e-19, 2.45874060407e-19, 2.77827543407e-20], "dvar2": [0.0115007301793, 4.61666679382, 164.312469482, 122.666854858, 961.970703125, 1809.25744629, 850.131408691, 677.803649902, 265.067474365, 983.088562012, 1186.80090332, 796.66809082, 1226.77844238, 3252.26293945, 2631.70629883, 2719.078125, 2486.78051758, 3426.99707031, 6177.77734375, 3789.10791016, 2492.2824707, 1539.96435547, 1878.98327637, 3275.2277832, 1957.36999512, 455.34475708, 411.215026855, 1229.98352051, 2345.58007812, 1133.51184082, 771.726867676, 157.495223999, 29.6683387756, 16.1210327148, 7.34894752502, 1.45718824863, 0.191297218204, 0.00330790854059, 3.56510208803e-05, 8.95021656788e-08], "dvar": [0.00417206855491, 1.6159979105, 56.4472045898, 44.1387252808, 352.178405762, 635.540649414, 314.452301025, 324.517120361, 113.858085632, 442.751098633, 510.964538574, 340.638977051, 526.566589355, 1219.99609375, 978.871337891, 1210.71716309, 1063.46289062, 1576.69421387, 2729.29931641, 1503.10888672, 980.244689941, 624.528625488, 736.088134766, 1357.02990723, 810.38092041, 215.341171265, 205.594100952, 649.579589844, 1284.55761719, 617.969726562, 359.690612793, 77.8591156006, 14.9741601944, 7.75875043869, 3.22174215317, 0.616687357426, 0.0806003212929, 0.00159294297919, 1.6526577383e-05, 3.67542760671e-08], "dmean": [0.0344700068235, 0.587502121925, 2.66815018654, 3.28722262383, 7.69478034973, 11.9745140076, 8.84981536865, 8.01663684845, 4.92345380783, 6.1737575531, 10.1309356689, 6.24700832367, 8.31528568268, 14.6034440994, 9.78294754028, 8.90164089203, 7.10016059875, 9.36013031006, 13.2089929581, 8.09446716309, 10.6715040207, 8.907330513, 8.21634674072, 6.96986055374, 5.53673410416, 5.07121801376, 5.08084726334, 6.08244562149, 7.4859585762, 4.93733978271, 3.36996936798, 2.18722248077, 1.14646553993, 0.889402151108, 0.68786907196, 0.297013759613, 0.105395749211, 0.0146316671744, 0.00125248427503, 5.90847012063e-05], "max": [1.07842254639, 18.5438575745, 101.663703918, 108.284584045, 357.002319336, 350.749328613, 284.58895874, 358.871643066, 250.400039673, 738.142150879, 378.234649658, 626, 824.199401855, 995.764648438, 892.392822266, 1868.38549805, 1362.34680176, 1225.73876953, 2194.14990234, 1456.32861328, 867.575866699, 1205.65600586, 720.309204102, 1612.22705078, 918.428710938, 317.345367432, 491.864990234, 687.776245117, 1311.35949707, 842.064331055, 637.435852051, 271.133911133, 83.0110473633, 72.104385376, 30.8822288513, 20.6061191559, 7.0477976799, 1.71116328239, 0.219888553023, 0.0056823939085], "var": [0.00745790498331, 1.86717998981, 47.4499282837, 63.0097007751, 338.833740234, 945.024719238, 794.536682129, 1758.24633789, 340.653808594, 675.669494629, 1014.68188477, 565.297363281, 1227.53930664, 3076.23681641, 1576.9720459, 2345.45458984, 1592.4276123, 2337.59741211, 4637.34423828, 1622.91674805, 1773.83935547, 2133.31298828, 1226.67163086, 1514.17468262, 988.896972656, 441.193328857, 484.532623291, 1245.49169922, 2389.76782227, 1089.76416016, 528.643554688, 127.917297363, 27.0805358887, 12.5813827515, 5.28382253647, 1.02916455269, 0.142166689038, 0.00370742240921, 3.30479160766e-05, 5.35516910816e-08], "mean": [0.0801866874099, 1.14424705505, 4.07232522964, 4.93955278397, 9.58969402313, 21.9141254425, 18.1682834625, 20.7449970245, 11.046374321, 12.7628698349, 17.5333919525, 12.2022047043, 17.710603714, 31.1554698944, 19.6506519318, 19.161403656, 11.313621521, 14.4875411987, 22.3509559631, 12.6083154678, 20.218667984, 18.8075199127, 15.3062458038, 11.4484577179, 8.48958778381, 8.96686840057, 9.91823673248, 9.36768245697, 10.8437376022, 7.06598472595, 4.79653453827, 3.15340709686, 1.68983626366, 1.25716567039, 0.881460428238, 0.354425042868, 0.118061795831, 0.0172682087868, 0.00149581069127, 9.1924899607e-05]}, "spectral_strongpeak": {"dmean2": 0.53437012434, "median": 0.441465973854, "min": 0, "dvar2": 1.2116099596, "dvar": 0.446218162775, "dmean": 0.31124034524, "max": 16.6022644043, "var": 0.560055315495, "mean": 0.631972432137}, "spectral_energy": {"dmean2": 0.0140379918739, "median": 0.0197472684085, "min": 1.011287187e-20, "dvar2": 0.000582202919759, "dvar": 0.000207766977837, "dmean": 0.0082970932126, "max": 0.173154979944, "var": 0.000423035409767, "mean": 0.0242900438607}, "average_loudness": 0.751179516315, "spectral_rolloff": {"dmean2": 845.073059082, "median": 732.12890625, "min": 86.1328125, "dvar2": 3755849.5, "dvar": 1689448.875, "dmean": 501.434173584, "max": 22028.4667969, "var": 6137292, "mean": 1551.1809082}, "spectral_centroid": {"dmean2": 372.380157471, "median": 919.626953125, "min": 96.4657516479, "dvar2": 273488.75, "dvar": 146164.8125, "dmean": 248.42477417, "max": 11600.1025391, "var": 1144432.25, "mean": 1181.82348633}, "pitch_salience": {"dmean2": 0.10916788131, "median": 0.550243616104, "min": 0.0930904373527, "dvar2": 0.0119194434956, "dvar": 0.00441907951608, "dmean": 0.0658482015133, "max": 0.870410263538, "var": 0.0172273162752, "mean": 0.537095546722}, "spectral_energyband_middle_high": {"dmean2": 0.00204855622724, "median": 0.000907573034056, "min": 1.17405524814e-21, "dvar2": 2.5658915547e-05, "dvar": 1.08336835183e-05, "dmean": 0.00130260444712, "max": 0.0922158285975, "var": 3.43521787727e-05, "mean": 0.00380493281409}, "spectral_contrast_coeffs": {"dmean2": [0.0849502682686, 0.0686791315675, 0.0552804991603, 0.0442191027105, 0.0335051231086, 0.0275566224009], "median": [-0.620588302612, -0.707801878452, -0.774305701256, -0.805541276932, -0.808434724808, -0.785405278206], "min": [-0.977905869484, -0.978491544724, -0.984972774982, -0.983133435249, -0.979796528816, -0.970005989075], "dvar2": [0.00554929347709, 0.00323204696178, 0.0020751489792, 0.00130890286528, 0.000844855094329, 0.000716343638487], "dvar": [0.00205720774829, 0.00128752132878, 0.000824014947284, 0.000505948322825, 0.00036224393989, 0.000326105713611], "dmean": [0.0509843118489, 0.0424285344779, 0.0339719764888, 0.0267832633108, 0.0206309948117, 0.0176938492805], "max": [-0.260953068733, -0.376396983862, -0.467166334391, -0.525532305241, -0.421529501677, -0.557735741138], "var": [0.00876983255148, 0.00649715075269, 0.00416193343699, 0.00283762579784, 0.00347742927261, 0.00293505354784], "mean": [-0.61774122715, -0.70847016573, -0.774536788464, -0.798385560513, -0.797212660313, -0.781727433205]}, "melbands_skewness": {"dmean2": 1.30507993698, "median": 2.8432393074, "min": -4.33315181732, "dvar2": 2.65756201744, "dvar": 1.07174217701, "dmean": 0.829606354237, "max": 17.9063529968, "var": 5.34670782089, "mean": 3.28006911278}, "spectral_spread": {"dmean2": 955481.75, "median": 5173120.5, "min": 346067.59375, "dvar2": 1906468978690.0, "dvar": 950448357376, "dmean": 654463.4375, "max": 41809812, "var": 10537315336200.0, "mean": 5368332.5}, "dissonance": {"dmean2": 0.0296621974558, "median": 0.466255217791, "min": 0.160006225109, "dvar2": 0.00102672632784, "dvar": 0.00039474433288, "dmean": 0.018054779619, "max": 0.499910831451, "var": 0.00129402324092, "mean": 0.456397891045}, "spectral_skewness": {"dmean2": 0.418467998505, "median": 1.60522866249, "min": -0.10848402977, "dvar2": 0.519773423672, "dvar": 0.184808596969, "dmean": 0.266771733761, "max": 10.6626777649, "var": 0.834131062031, "mean": 1.77750742435}, "spectral_flux": {"dmean2": 0.0348447114229, "median": 0.0605022907257, "min": 6.35953234518e-11, "dvar2": 0.00182473915629, "dvar": 0.000899785431102, "dmean": 0.0217960216105, "max": 0.352448493242, "var": 0.0025357468985, "mean": 0.0676673129201}, "spectral_contrast_valleys": {"dmean2": [0.673877775669, 0.600398719311, 0.519051611423, 0.442135691643, 0.3738078475, 0.414227604866], "median": [-6.96292638779, -7.15861797333, -7.95858097076, -8.06509017944, -7.80919981003, -10.1639842987], "min": [-27.9762325287, -28.1084365845, -27.7041110992, -27.5671672821, -27.4896411896, -27.3326931], "dvar2": [0.385438114405, 0.331017971039, 0.301230818033, 0.235300555825, 0.21021746099, 0.330571979284], "dvar": [0.168593779206, 0.14370842278, 0.136714160442, 0.117562957108, 0.111050710082, 0.174988791347], "dmean": [0.403221517801, 0.366180479527, 0.320534735918, 0.278403162956, 0.255277067423, 0.308496385813], "max": [-5.19948005676, -4.90826463699, -4.6524438858, -5.3471493721, -5.05531024933, -7.17868041992], "var": [4.56532478333, 3.77390503883, 4.26667308807, 3.97306275368, 4.72419309616, 4.21379566193], "mean": [-7.63741493225, -7.5485868454, -8.0128288269, -8.36737155914, -8.30878257751, -10.6411247253]}, "erbbands_flatness_db": {"dmean2": 0.0256384685636, "median": 0.138744682074, "min": 0.0322268269956, "dvar2": 0.000719939358532, "dvar": 0.000376509706257, "dmean": 0.0177117343992, "max": 0.577867805958, "var": 0.00441598659381, "mean": 0.153454363346}, "spectral_energyband_high": {"dmean2": 0.000872847856954, "median": 0.000237930042204, "min": 6.90948085413e-21, "dvar2": 6.96544839229e-06, "dvar": 4.18843228545e-06, "dmean": 0.000652140297461, "max": 0.0585063882172, "var": 9.9877224784e-06, "mean": 0.00112428085413}, "spectral_entropy": {"dmean2": 0.265988260508, "median": 7.52686977386, "min": 4.80863761902, "dvar2": 0.0892784819007, "dvar": 0.0427257604897, "dmean": 0.182409256697, "max": 9.81737613678, "var": 0.424706846476, "mean": 7.40088653564}, "silence_rate_20dB": {"dmean2": 0, "median": 1, "min": 1, "dvar2": 0, "dvar": 0, "dmean": 0, "max": 1, "var": 0, "mean": 1}, "melbands_flatness_db": {"dmean2": 0.0395245105028, "median": 0.220070362091, "min": 0.00342106027529, "dvar2": 0.00173739134334, "dvar": 0.000778733403422, "dmean": 0.0259671267122, "max": 0.697658360004, "var": 0.0101866666228, "mean": 0.239193305373}, "barkbands": {"dmean2": [4.37305716332e-05, 0.00366993597709, 0.0045160301961, 0.00214750086889, 0.0053498679772, 0.00134048727341, 0.000495552259963, 0.000688353262376, 0.000477564346511, 0.000656341086142, 0.000497261760756, 0.000393430178519, 0.000269901298452, 0.000316903693601, 0.000377116986783, 0.000305170629872, 0.000279255182249, 0.000245106144575, 0.000202797455131, 0.000163816133863, 0.000199574962608, 0.000264643924311, 0.000175169974682, 0.0001169279858, 0.00013226318697, 9.10314774956e-05, 1.15490765893e-05], "median": [1.25336810015e-05, 0.00351689034142, 0.00173124368303, 0.000506115029566, 0.00298451911658, 0.000540017616004, 0.000286812835839, 0.000278370454907, 0.000183200652828, 8.02043286967e-05, 4.45298464911e-05, 5.89473929722e-05, 5.34441460331e-05, 7.79590627644e-05, 7.99013359938e-05, 5.34998616786e-05, 5.34791470272e-05, 5.9360951127e-05, 4.7415116569e-05, 3.85589773941e-05, 3.84544146073e-05, 3.12420233968e-05, 2.42463684117e-05, 2.86372396658e-05, 1.95958236873e-05, 5.95985420659e-06, 7.72921112002e-07], "min": [6.22894480828e-25, 5.43571627605e-24, 1.95575480306e-24, 6.40909352194e-25, 8.67250407803e-24, 8.54849041057e-24, 7.08848636871e-24, 7.88537787794e-24, 1.42956142621e-23, 1.6427048586e-23, 1.67073529537e-23, 3.21389379634e-23, 3.06637870033e-23, 3.87818630711e-23, 4.54199161738e-23, 6.27696369849e-23, 6.6415013715e-23, 1.22240737292e-22, 1.08469914324e-22, 2.19734112815e-22, 2.64759365033e-22, 3.55343391877e-22, 4.4694889893e-22, 4.88327922448e-22, 9.61807892317e-22, 1.19303859891e-21, 1.97729972561e-21], "dvar2": [1.95132248137e-08, 5.20051034982e-05, 0.00014646499767, 1.66466634255e-05, 0.000126844388433, 7.57336511015e-06, 2.31115905081e-06, 2.2160043045e-06, 1.41271971188e-06, 2.78776451523e-06, 2.54279689216e-06, 1.76861635737e-06, 1.25226779346e-06, 1.80995175469e-06, 2.17449269257e-06, 1.12187444756e-06, 5.61088938866e-07, 6.22310949439e-07, 1.47177422605e-06, 2.23648839892e-07, 4.64539795075e-07, 1.49477170908e-06, 7.90580372723e-07, 1.6959398863e-07, 1.20310886587e-07, 5.45433636034e-08, 1.2193805965e-09], "dvar": [8.5762064117e-09, 1.8295719201e-05, 5.02513175888e-05, 6.22559946351e-06, 4.50816769444e-05, 3.33670141117e-06, 1.06145591872e-06, 9.51076060574e-07, 6.25598659099e-07, 1.10153223432e-06, 9.50733920035e-07, 7.74169791384e-07, 5.36268544238e-07, 7.93920264641e-07, 9.2449550948e-07, 4.34937675209e-07, 2.1569388764e-07, 2.51154489206e-07, 5.73683621496e-07, 1.07942923933e-07, 2.4871678761e-07, 8.39221513615e-07, 4.01253146265e-07, 8.57295106016e-08, 5.60137607408e-08, 2.34366606122e-08, 5.61798441101e-10], "dmean": [2.75288548437e-05, 0.00213055266067, 0.00252052210271, 0.00125988631044, 0.00313854939304, 0.000911661947612, 0.000317166122841, 0.000441931479145, 0.000311526702717, 0.000405249535106, 0.000301252235658, 0.000238324471866, 0.000163605771377, 0.000199199668714, 0.000235202416661, 0.000182955816854, 0.000167604943272, 0.000153783752467, 0.000125444654259, 0.000110721732199, 0.000137463575811, 0.0001961060334, 0.000123073245049, 8.17201580503e-05, 8.79760118551e-05, 5.74981204409e-05, 7.3538635661e-06], "max": [0.00311012752354, 0.0609434954822, 0.0982078611851, 0.0460362583399, 0.102049268782, 0.0326156392694, 0.0434399247169, 0.0182266607881, 0.0241086669266, 0.0333413332701, 0.0387960113585, 0.0407022871077, 0.0284366775304, 0.0323499292135, 0.0372397936881, 0.01964712888, 0.0230425111949, 0.0136649375781, 0.035575017333, 0.00826552323997, 0.0117560708895, 0.0334025621414, 0.0197158735245, 0.00751457968727, 0.00490746321157, 0.0038884896785, 0.00131534575485], "var": [1.61313540303e-08, 2.23333699978e-05, 4.02511432185e-05, 9.44105886447e-06, 5.47584495507e-05, 1.61159186973e-05, 1.74515650997e-06, 1.76007040409e-06, 1.32833019961e-06, 2.44103125624e-06, 1.36543485496e-06, 1.40330826071e-06, 7.43668067571e-07, 1.0588303212e-06, 1.32721993396e-06, 5.40039536645e-07, 6.41097074094e-07, 4.19392534923e-07, 5.44330760022e-07, 2.12107437392e-07, 5.08439541136e-07, 1.61599223247e-06, 6.63451658056e-07, 1.52315763557e-07, 9.481191654e-08, 4.22814743217e-08, 1.12408349295e-09], "mean": [4.1608534957e-05, 0.004335465841, 0.00358438002877, 0.00167835329194, 0.00542477006093, 0.00226014503278, 0.000633432762697, 0.000740743416827, 0.000609443814028, 0.000775811437052, 0.000513326958753, 0.000491849845275, 0.000232580816373, 0.0002965828171, 0.000370185560314, 0.000302788655972, 0.000335877819452, 0.00027036308893, 0.000184710675967, 0.000189881189726, 0.00023889906879, 0.000286636670353, 0.000176383473445, 0.000121656477859, 0.000118401774671, 6.68152715662e-05, 8.72885630088e-06]}, "erbbands_skewness": {"dmean2": 0.593282282352, "median": 0.430647045374, "min": -5.06348371506, "dvar2": 0.37228474021, "dvar": 0.18773111701, "dmean": 0.401230096817, "max": 5.6019821167, "var": 1.36091017723, "mean": 0.525032639503}, "erbbands_spread": {"dmean2": 14.7460050583, "median": 40.1597290039, "min