{"tonal": {"thpcp": [1, 0.546375572681, 0.225724041462, 0.179588764906, 0.238497555256, 0.437123924494, 0.492005199194, 0.357911467552, 0.339258760214, 0.346765905619, 0.321908116341, 0.405781239271, 0.432123571634, 0.359521597624, 0.452259391546, 0.529756426811, 0.384613066912, 0.309850901365, 0.349509447813, 0.475154489279, 0.893378019333, 0.930245697498, 0.463413357735, 0.245672345161, 0.229697093368, 0.236445277929, 0.325888723135, 0.389313399792, 0.379862546921, 0.506386160851, 0.542380750179, 0.380232423544, 0.426526755095, 0.492410987616, 0.505269110203, 0.873780727386], "hpcp": {"dmean2": [0.372743666172, 0.282379537821, 0.178231179714, 0.132492035627, 0.158073529601, 0.235284164548, 0.239541903138, 0.210348457098, 0.215917006135, 0.214022919536, 0.205339238048, 0.240534946322, 0.26328009367, 0.242180585861, 0.240613058209, 0.252943068743, 0.228145569563, 0.217678576708, 0.248862788081, 0.317346692085, 0.402307152748, 0.377553105354, 0.275512486696, 0.207478731871, 0.191029638052, 0.172106593847, 0.207728356123, 0.239408433437, 0.235389843583, 0.277014166117, 0.260721415281, 0.224569112062, 0.26135674119, 0.289136707783, 0.299758195877, 0.393963217735], "median": [0.349851429462, 0.170899271965, 0.0471185743809, 0.0355302654207, 0.0498110279441, 0.0962972640991, 0.11690017581, 0.0854397192597, 0.0701105296612, 0.0757120102644, 0.0805048793554, 0.112433865666, 0.115044854581, 0.092718616128, 0.113595210016, 0.122035205364, 0.0922628641129, 0.068319529295, 0.0700672715902, 0.122795835137, 0.296053349972, 0.320100486279, 0.138141095638, 0.0453497990966, 0.0446432828903, 0.0541002452374, 0.0704788267612, 0.0762787610292, 0.0887407958508, 0.117915838957, 0.105222061276, 0.0837315320969, 0.110715612769, 0.127579376101, 0.151586562395, 0.306405127048], "min": [0, 0, 0, 0, 0, 0, 0, 0, 0, 0, 0, 0, 0, 0, 0, 0, 0, 0, 0, 0, 0, 0, 0, 0, 0, 0, 0, 0, 0, 0, 0, 0, 0, 0, 0, 0], "dvar2": [0.110987484455, 0.0927533954382, 0.0674551129341, 0.0459543578327, 0.0578909367323, 0.0879437476397, 0.0833233892918, 0.0796328112483, 0.0774098709226, 0.0700441226363, 0.0590997859836, 0.0758313238621, 0.086153768003, 0.0831350386143, 0.0826545357704, 0.083290822804, 0.0777088999748, 0.0774118378758, 0.0974365025759, 0.117101974785, 0.126203998923, 0.11267054826, 0.0898093730211, 0.0836202204227, 0.0672064498067, 0.0650718957186, 0.0807721912861, 0.100063033402, 0.0799465402961, 0.0984483659267, 0.0909507647157, 0.0765435993671, 0.0905804857612, 0.105454415083, 0.0894319415092, 0.126133158803], "dvar": [0.0492485240102, 0.0349818952382, 0.0249611902982, 0.0169698186219, 0.0216114614159, 0.0342136584222, 0.0343867354095, 0.0294642839581, 0.0300315115601, 0.0280203558505, 0.0227459799498, 0.029086669907, 0.0334224067628, 0.0312394574285, 0.03304477036, 0.0373388044536, 0.0298533514142, 0.0298364385962, 0.0385323278606, 0.044901009649, 0.0528743229806, 0.0478355176747, 0.0338895842433, 0.0311110056937, 0.0251452103257, 0.0240379665047, 0.0295206140727, 0.0381826758385, 0.0303758941591, 0.0404985323548, 0.0393977686763, 0.0288687255234, 0.0350353680551, 0.0414388366044, 0.0343741290271, 0.0490037687123], "dmean": [0.221651077271, 0.16739693284, 0.100791603327, 0.0763671770692, 0.0920922234654, 0.14034126699, 0.144518867135, 0.123680755496, 0.12711019814, 0.125103533268, 0.119977064431, 0.141100168228, 0.152552679181, 0.140080243349, 0.145133510232, 0.155523940921, 0.13491871953, 0.125269860029, 0.144868940115, 0.182440161705, 0.239312052727, 0.227710798383, 0.161211103201, 0.11691378057, 0.107342772186, 0.09942343086, 0.120622806251, 0.14041352272, 0.139695867896, 0.163339212537, 0.154788583517, 0.130111098289, 0.151724070311, 0.169688463211, 0.174185961485, 0.233561217785], "max": [1, 1, 1, 1, 1, 1, 1, 1, 1, 1, 1, 1, 1, 1, 1, 1, 1, 1, 1, 1, 1, 1, 1, 1, 1, 1, 1, 1, 1, 1, 1, 1, 1, 1, 1, 1], "var": [0.115491695702, 0.0520499944687, 0.0231665875763, 0.016925573349, 0.0242414865643, 0.057024218142, 0.0658491924405, 0.0396198891103, 0.0426223315299, 0.0418702960014, 0.0289562903345, 0.0397274494171, 0.046655010432, 0.034887637943, 0.051194190979, 0.0741376578808, 0.0405467897654, 0.0343559756875, 0.0458134897053, 0.0539711564779, 0.101735435426, 0.0995627716184, 0.0424084179103, 0.0276820715517, 0.0233973674476, 0.0233244895935, 0.0375207327306, 0.0535841211677, 0.0394972935319, 0.0637997239828, 0.085627399385, 0.0430739894509, 0.0455656684935, 0.059004034847, 0.0463509745896, 0.0939176380634], "mean": [0.445401281118, 0.243356391788, 0.100537776947, 0.0799890682101, 0.106227114797, 0.194695562124, 0.219139739871, 0.159414231777, 0.151106283069, 0.154449984431, 0.143378287554, 0.180735483766, 0.192468389869, 0.160131379962, 0.201436907053, 0.23595418036, 0.171307146549, 0.138007983565, 0.155671954155, 0.211634412408, 0.397911727428, 0.41433262825, 0.206404909492, 0.109422780573, 0.102307379246, 0.105313032866, 0.145151257515, 0.173400685191, 0.169191271067, 0.225545048714, 0.241577073932, 0.169356003404, 0.189975559711, 0.219320490956, 0.225047498941, 0.389183044434]}, "tuning_equal_tempered_deviation": 0.0866073518991, "chords_changes_rate": 0.0777511969209, "key_key": "A", "tuning_diatonic_strength": 0.662174165249, "key_scale": "major", "chords_number_rate": 0.00438596494496, "tuning_frequency": 437.465789795, "tuning_nontempered_energy_ratio": 0.80011421442, "chords_histogram": [23.0063800812, 0.358851671219, 8.73205757141, 5.7416267395, 0.279106855392, 0.99681019783, 0, 0, 0.956937789917, 0, 20.0159492493, 1.15629982948, 1.71451354027, 2.07336521149, 0, 0.0398724079132, 0, 11.9218502045, 1.83413076401, 0.0797448158264, 1.91387557983, 0.677830934525, 18.0622005463, 0.438596487045], "key_strength": 0.785020172596, "chords_key": "A", "chords_strength": {"dmean2": 0.0110906241462, "median": 0.549993276596, "min": 0.257370918989, "dvar2": 8.96242927411e-05, "dvar": 7.23537887097e-05, "dmean": 0.0102013060823, "max": 0.755787849426, "var": 0.0078863222152, "mean": 0.53948366642}, "chords_scale": "major", "hpcp_entropy": {"dmean2": 1.17448115349, "median": 2.38176441193, "min": 0, "dvar2": 0.88084769249, "dvar": 0.327756851912, "dmean": 0.695240020752, "max": 4.69709873199, "var": 0.590398192406, "mean": 2.36768746376}}, "metadata": {"audio_properties": {"equal_loudness": 0, "codec": "mp3", "downmix": "mix", "sample_rate": 44100, "analysis_sample_rate": 44100, "bit_rate": 160035, "md5_encoded": "10403cc01038cf341752506878146621", "length": 116.401634216, "replay_gain": -5.71508598328, "lossless": false}, "version": {"essentia_build_sha": "2d9f1f26377add8aeb1075a9c2973f962c4f09fd", "essentia": "2.1-beta2", "extractor": "music 1.0", "essentia_git_sha": "v2.1_beta2-1-ge3940c0"}, "tags": {"title": ["Honey - Bun"], "language": ["eng"], "acoustid_fingerprint": ["AQADlpoSZcmUKFnw4BmMHjty7YZ25D6O9DR6PrgOvYemvXCRw18C_0LPYBI-Fc4VF-kP7SEuC3eeoVGZohaPQ9uPjSR66Do-DfxGdJrGI4e1o1V2ouKONA-Hrpkc8Ix4KF8UDWh4VE6UQfWDR34Q10UzhqgpPBuF-ZmQJ9vA5PpQPYXcPMEvNEqgXTEe5D8641px-MmEatmO8DwhbmmM3wjzgs9cnDzCW_AJzS7CNyO8P-gvPNNRNZkRZnJ2KE8XoZcZpFm0qLhifOLxNwjl7hI0KcsRZw9-PCPso18iYc4VFjnzDnwPLclToWRiJcEzwE506FJwGs-H54S2nPCjHJVpIkct5vCzwj_yMMGjww-hn9jxYBRpEV_STGgUXbhT6Aw0N0aD48OP8EgnFZ94aBkjGR-aZJyC8saVLIbGw_KRp8cVCT-uC12jZMhH1FogPjyRZzYcSywOn8GNfMkhVkwRnseP67iz4Dn6C2HC4wr6w0toVGqLvwgTHn1CXPTA6fByPOh-hImZQZOkHGGogXkWND--CD_aSTJyptDL4cmH9KjxMDO47UTzCSXzDLkghg6yhTmuLBaafwNDXmh_hBZDPOGgRksuhNI3Jbg3TMX54L6GPp1kNKcGRG46fJsR0gqJJlrRH43KdMIzVA-FZsvxRDnCb-ijQ2-O4-IHLUruIJSPH-9x_EK-LFOQ_EKrHs0efI_wGI6zIOMEVekRcnvQ5wgPLfbw4Q_CB82z40OYLxs0LtQRHv5xOCmq6_iFmoJhHyFv6MHjSGh6opKP5yX25MFJCs_yBJ8KsQ72zNAlg5F0WFJ4VJIsKegPEX0SXB525fgJLYuqJpjuEvnwE_Ed_FCFPBkr_HhyUOeCawgZfWiOXUsm40dzlDuRf8OHZp5RVUdffD2RsD0iTSP-HGUP_4tQyjmuZLg-nE6RPFuOMFtwJgzRhFos_MNTPaDGLLjA_Cr84F-EMJ5S6MYf5A-Yo96FqkhrStD0DmG5w3g0NG6O4w_Kgwm54BpCckdjH_rxHFr4-Oj4oTOL5kT1w1SK7xBxKTpyDb5mvIfTowrFoJeQftCPHM0q4aaHa8J_VC78a_iN8zjJgtGXor6QH1fQQ1-CPOHRC00-C7kl6BRe5MmFf0X14ScxJdyCHPrwqGh-5EezKExx5_iD57COF8_wCOHxZYF25Cwx9Enww_mCXkD5IH12Q3R4hGeOo0dz9I4RJleQfMcPRia-4xX-HP1T8CIuNBZ7MAxyS4d0vcgfNJ5V7MV1E16WifDRf8ab4CeaSyizREF-qH7QPOij4FfwKHlQ6WjOoPPhUKLRnA_04T6-o8lloRf0oR3CbNGMr8R-ND-Y8-CkC3F-9HahQGh25JpRb2g-PMeF6yyu6ESV8kFz3JGOdyK-oz-at_gkDuHyDmI-9IE-6Zguo2Econ-g7O6QU8GbXEGVY9aHp0aYOg-R7BmO65jyVehr5Dz0h0GTFn2CLlchZkp2eDQR_rjwIzyPZOlDXBKFh5-GR3kiPML0RMFWoz9yaM1-pB9-SngYKToq6rjxYiJ77Erw46USPIoWxIaT5tCF_9BMpcf1IF-u4ezQZVNSwz8mH1eH3IPGvaD44CRliE4YOCcYvxJ2JfrxHd8eaHYKc_hZPKSDw-mDnLimUWj0GKduXMMvBtMbxNlIKJKljcjRi4WrFFfgH7lUqEac4yF89B-eBx_KH2k1Ca2SQz9yRhqa3MS0SJGDXzi5o78Q7Te0P4i3qfjxDtY13Mom_EIuGc0zaCVyYqeIL8IpjiEYvjCf4Tw-9B7yCZW6o1Hf4THxg6QePPyQvkcuvNDiEKewXXHRckajTEcv6Kom9Cn8zOjP41aO--gvXMyhH8cUXsib4A2aUkPl8EC4B1qy7MjDKMNJNH_wNQdF_gjJHo9IVB8MXzrC3cVttMPB_Mhzo3mH_jijQ2O5DU1-9CmaP8g_NF0W49-RD-cFpddROUoCRY8hlkcf6MqQEx-N_kKYM8eT48slSNti4uKH32h-hPrxoPLhKh96Jnii4M_QSWF2hHlmYXy8CQ-NPjohPmij40cziTH6ED-m_NDYKEbsHR_IKVGO_GgeaAslEnlY3Mdnok92ZMqNHnqJMFukNPgOdyNKMnjWow-LfNlRH1rHHI02jsOnGbqLUOrioOFOnMdV4kSvGV9iWMmFnC_6GfqyxMSP9Mejg9FTwZRwkkdzBpE4tRCzHSGZNRKu5fhL_LhMojd-5OMuKMqHk4mQH81jDeWkGGGyopQOuTlC3sIXp8GX5MR_NOWRpzz0PCIu5kL42rh6uCh9HLGK64G8I4wz1MqDX2h4lI2PI9RjXJkh5SiXHA1rPDOie2je4bkOO0SfKLj4ol0jIVk-I9aJZ5uFPtrRtMeLU0dfuI6I_FAePFciCdUr_MPnyNCzIK-ExsmOftLwEXkPLdFGI-wSnLzRTTqixRE0O0f0HqddPA_6Hv6Ec0Vf5N8gLb2OLzOy53gulGQwJbjCDXkIP4YePEfI5kKT5bhwUQ_C87CzHP0R_oInFeF0qGIQ5kYfxTieHN-DfULzHIkiIZfqw9EzBfvxw4wSRZ3wL_iFlmi6CXmhHaGO9ag44Ud_gsV1oc-CJmGPH6GcQwwe5cgNWzWeIz54iKRZ_PiFH9o5XANlpAeCG6AAEQIYIhQQRgiAiIDAKFMECYAAIDlghggAkBCGIESMIY5QAAgRyAngCCAEACAEkABgYIQSzACAnLLMECCIQIQoxIQyQgkBGUACMYGYINYogEiDRBkAhhFOCsUUMQQAQAIVQABHoACCIsCUAgI6gCBxhBiBiKFCGCaAQMA4hZAQxCABCEEIAGAIYcYwJIgyyAEjDAQMKSIIMkQgIo0QRIOGFFBKKA0AEoQARwwDCggHiBHEWCWwMExYooBkhgooKGAIEYEEcgQR5qAgAgADCADEIMMEYMISxBVASBACAHECCWGoM0ARABwjACBggAMGKECIFEgKBQQRAAggHBCAOYMwEAYDQIBQRElBlIHCCAEgUwwRxpQigmAqgBBAEAGcQEAaIQShhghgjIFACEOUcoAAQYQkQDhjFHGGGECAAMAIRgRBRgEmhAIGEGWARkABA6QCxFgFABDSAqMIQQYQahgQCgnBlCBEAEAUU0gAwIQwQAljWACMCCAERgIQwZjARADBDCEACICAgAQBAQBDhAAgEBOBAASSABYZBISTlgGGmICWAGEMEUwowBQAgEHiiBDCCKAEUQgYYAwzRiFgGDNEKMKAEIAoRABCBkIHDABEIiIEEQIYZwQjRBwhASJEGWCAEcoQgiQwAGijiFBIAMAEEUQIgQQg4gihiBOAMGCQcAgggwgwQAiqDCDCGAKNAUYIoQQhhBgHAGNCEGAYEI4YYgBgQAiLADCcAEGcQcoJQAAgxAEjEDAAAaCQUYQ4AMBBQjGImAACAYEAEMQiAJQxABikCIDAOAQIIIQwwhAABDEJhDAMMIOQgQoYxQogQigDqFCCEUWQAQ4AoQARjDChlOMGEYSQIMwQRqggwjBFCGMKBA"], "date": ["1960"], "genre": ["Rock & Roll"], "musicbrainz_releasegroupid": ["566f7bf1-207a-4b87-a5cd-8c74c3aa8439"], "musicbrainz album type": ["Album", "Compilation"], "musicbrainz_recordingid": ["189caede-79ad-4e21-bdad-1f2230fc8954"], "artistsort": ["Donn, Larry"], "musicbrainz album release country": ["NL"], "musicbrainz_albumartistid": ["bc532d51-30d9-496d-a37b-b8ea64820a49"], "musicbrainz_albumid": ["a77bb300-49ab-4400-a857-66edeb8d6f6d"], "artist": ["Larry Donn"], "tracknumber": ["01"], "bpm": ["89.35"], "catalognumber": ["LP 8817"], "album": ["Rock-Rock-A-Billy"], "label": ["White Label Records"], "acoustid_id": ["dd7699e7-4bf7-45ff-84f6-ad46208e516e"], "musicbrainz_artistid": ["bc532d51-30d9-496d-a37b-b8ea64820a49"], "file_name": "Larry Donn - Honey - Bun.mp3"}}, "rhythm": {"bpm_histogram_first_peak_bpm": {"dmean2": 0, "median": 89, "min": 89, "dvar2": 0, "dvar": 0, "dmean": 0, "max": 89, "var": 0, "mean": 89}, "bpm": 89.4912490845, "bpm_histogram_second_peak_spread": {"dmean2": 0, "median": 0, "min": 0, "dvar2": 0, "dvar": 0, "dmean": 0, "max": 0, "var": 0, "mean": 0}, "bpm_histogram_first_peak_weight": {"dmean2": 0, "median": 0.678362607956, "min": 0.678362607956, "dvar2": 0, "dvar": 0, "dmean": 0, "max": 0.678362607956, "var": 0, "mean": 0.678362607956}, "onset_rate": 4.04593133926, "beats_position": [0.626938760281, 1.26548755169, 1.90403628349, 2.55419492722, 3.20435357094, 3.85451245308, 4.51628112793, 5.17804956436, 5.85142850876, 6.52480697632, 7.19818592072, 7.85995435715, 8.53333282471, 9.19510173798, 9.85687065125, 10.5186395645, 11.1920175552, 11.8653964996, 12.5271654129, 13.1889343262, 13.8507022858, 14.512471199, 15.1858501434, 15.8360090256, 16.50938797, 17.1827659607, 17.8445339203, 18.5063037872, 19.179681778, 19.8414516449, 20.5032196045, 21.1649875641, 21.826757431, 22.5001354218, 23.1735134125, 23.8352832794, 24.497051239, 25.1704311371, 25.8321990967, 26.4939670563, 27.1673469543, 27.8407249451, 28.5141029358, 29.1758728027, 29.8492507935, 30.5110206604, 31.1843986511, 31.8461666107, 32.5079345703, 33.1813163757, 33.8546943665, 34.5280723572, 35.2014503479, 35.8748283386, 36.5482063293, 37.2099761963, 37.883354187, 38.5567321777, 39.2301139832, 39.9034919739, 40.5768699646, 41.2618598938, 41.9352378845, 42.6086158752, 43.2936058044, 43.9785919189, 44.6635818481, 45.3253517151, 45.9987297058, 46.6721076965, 47.3454856873, 48.0072555542, 48.6806335449, 49.3656234741, 50.0390014648, 50.7123794556, 51.3857574463, 52.0591392517, 52.7325172424, 53.4058952332, 54.0792732239, 54.7526512146, 55.4260292053, 56.0877990723, 56.7495689392, 57.4229469299, 58.1079368591, 58.7813148499, 59.4546928406, 60.1280708313, 60.8130607605, 61.4864387512, 62.1598167419, 62.8331947327, 63.5065765381, 64.1799545288, 64.8417205811, 65.5034942627, 66.1768722534, 66.8502502441, 67.5236282349, 68.1970062256, 68.8587722778, 69.5205459595, 70.1939239502, 70.8673019409, 71.5406799316, 72.2024459839, 72.8642196655, 73.5259857178, 74.18775177, 74.8611297607, 75.5461196899, 76.2194976807, 76.9044876099, 77.5778656006, 78.2512435913, 78.924621582, 79.5979995728, 80.2713851929, 80.9447631836, 81.6181411743, 82.291519165, 82.9648971558, 83.6382751465, 84.3116531372, 84.9618148804, 85.6235809326, 86.2853469849, 86.9587249756, 87.6321105957, 88.3054885864, 88.9788665771, 89.6522445679, 90.3256225586, 90.9990005493, 91.67237854, 92.3573684692, 93.0423583984, 93.7157363892, 94.3891143799, 95.0624923706, 95.7358703613, 96.4092483521, 97.0826263428, 97.7560043335, 98.4293823242, 99.0911560059, 99.7529220581, 100.426300049, 101.09967804, 101.77305603, 102.44644165, 103.119819641, 103.816413879, 104.48979187, 105.163169861, 105.84815979, 106.533149719, 107.20652771, 107.879905701, 108.553283691, 109.226661682, 109.911651611, 110.585029602, 111.270019531, 111.978225708, 112.698051453, 113.417869568, 114.137687683, 114.869110107, 115.600540161], "beats_loudness": {"dmean2": 0.0143176652491, "median": 0.0346005260944, "min": 1.26165978145e-05, "dvar2": 9.67226078501e-05, "dvar": 3.5278750147e-05, "dmean": 0.00813960749656, "max": 0.0543190948665, "var": 6.64699837216e-05, "mean": 0.0341600514948}, "danceability": 1.47441506386, "bpm_histogram_second_peak_weight": {"dmean2": 0, "median": 0.0292397662997, "min": 0.0292397662997, "dvar2": 0, "dvar": 0, "dmean": 0, "max": 0.0292397662997, "var": 0, "mean": 0.0292397662997}, "beats_count": 172, "bpm_histogram_second_peak_bpm": {"dmean2": 0, "median": 83, "min": 83, "dvar2": 0, "dvar": 0, "dmean": 0, "max": 83, "var": 0, "mean": 83}, "bpm_histogram_first_peak_spread": {"dmean2": 0, "median": 0.292682886124, "min": 0.292682886124, "dvar2": 0, "dvar": 0, "dmean": 0, "max": 0.292682886124, "var": 0, "mean": 0.292682886124}, "beats_loudness_band_ratio": {"dmean2": [0.153067603707, 0.165911376476, 0.224103167653, 0.166368186474, 0.168472543359, 0.0525885261595], "median": [0.10936845839, 0.181460276246, 0.286138415337, 0.134428292513, 0.195703268051, 0.0593814328313], "min": [0.0038916640915, 0.0185874179006, 0.0883097872138, 0.0342181995511, 0.0100043937564, 0.00310024758801], "dvar2": [0.0156500376761, 0.0211846716702, 0.0285849347711, 0.0259775165468, 0.0153334503993, 0.00206227321178], "dvar": [0.00535434903577, 0.00691749900579, 0.0102687561885, 0.009212766774, 0.00516919745132, 0.000786627177149], "dmean": [0.0883847028017, 0.100608870387, 0.12840873003, 0.0924631357193, 0.0969682782888, 0.0309565197676], "max": [0.468189954758, 0.553916335106, 0.626598656178, 0.705636680126, 0.469955801964, 0.240371868014], "var": [0.00770836928859, 0.0100393379107, 0.0164141133428, 0.0108814081177, 0.00930051226169, 0.00116780481767], "mean": [0.131355911493, 0.200116485357, 0.295565038919, 0.161156967282, 0.203730389476, 0.0638403594494]}}, "lowlevel": {"barkbands_spread": {"dmean2": 5.31483364105, "median": 19.1002464294, "min": 2.17621326447, "dvar2": 21.5390071869, "dvar": 10.6579818726, "dmean": 3.55722379684, "max": 111.864639282, "var": 58.3542137146, "mean": 19.606590271}, "melbands_spread": {"dmean2": 9.34411811829, "median": 25.9194831848, "min": 4.40389204025, "dvar2": 76.8675765991, "dvar": 33.6021232605, "dmean": 6.06130504608, "max": 145.748947144, "var": 162.398376465, "mean": 28.1477794647}, "hfc": {"dmean2": 9.22647953033, "median": 22.1108093262, "min": 1.14837802078e-16, "dvar2": 120.566268921, "dvar": 59.6695137024, "dmean": 6.82191085815, "max": 111.74370575, "var": 196.324752808, "mean": 24.5444488525}, "barkbands_kurtosis": {"dmean2": 1.34127378464, "median": 0.0121178049594, "min": -1.80651152134, "dvar2": 2.277531147, "dvar": 0.975081264973, "dmean": 0.858881175518, "max": 17.815908432, "var": 3.22650909424, "mean": 0.485002785921}, "gfcc": {"mean": [-36.1337585449, 165.903045654, -199.686584473, 45.7027587891, -64.1234970093, -21.2482757568, -10.7013578415, -30.0912952423, 5.6875500679, -25.4277172089, -0.324736267328, -14.9292201996, -6.2977013588], "icov": [[0.0013026901288, -0.0017000711523, 0.00334410532378, -0.00212035188451, 0.00188145972788, -0.000911605427973, 0.000397616211558, 0.000772756000515, -0.00222148699686, 0.00290774763562, -0.0028677682858, 0.00258729048073, -0.00124046637211], [-0.0017000711523, 0.0103667732328, -0.00839861296117, 0.00526744825765, -0.00780196161941, 0.00956268794835, -0.011252858676, 0.00943253841251, -0.00624629436061, 0.00217337510549, -0.00176510727033, 0.000299194158288, -0.000798945722636], [0.00334410532378, -0.00839861296117, 0.0153266787529, -0.00794652383775, 0.00809095427394, -0.00746317766607, 0.00666047213599, -0.00482350448146, 0.0011570219649, 0.000641044985969, -0.00267718057148, 0.00262283137999, -0.000752392981667], [-0.00212035188451, 0.00526744825765, -0.00794652383775, 0.00841313507408, -0.00549126556143, 0.00319004617631, -0.00218769954517, 0.00334186782129, -0.00279691093601, -0.00110583263449, 0.00175719347317, -0.00306588271633, 0.00161952036433], [0.00188145972788, -0.00780196161941, 0.00809095427394, -0.00549126556143, 0.0145093686879, -0.00930309016258, 0.00913789309561, -0.00794309750199, 0.00555223459378, -0.00575112458318, 0.00434421235695, -0.00249964627437, 0.000920724938624], [-0.000911605427973, 0.00956268794835, -0.00746317766607, 0.00319004617631, -0.00930309016258, 0.021921666339, -0.0193482767791, 0.015108814463, -0.011044033803, 0.00769949983805, -0.00779903586954, 0.00715175131336, -0.00423369696364], [0.000397616211558, -0.011252858676, 0.00666047213599, -0.00218769954517, 0.00913789309561, -0.0193482767791, 0.0297348275781, -0.022345950827, 0.0157135333866, -0.00873701274395, 0.00712975207716, -0.00640150858089, 0.00436291843653], [0.000772756000515, 0.00943253841251, -0.00482350448146, 0.00334186782129, -0.00794309750199, 0.015108814463, -0.022345950827, 0.0330372229218, -0.0222743172199, 0.0115711819381, -0.00778994429857, 0.00246942415833, -0.00176666316111], [-0.00222148699686, -0.00624629436061, 0.0011570219649, -0.00279691093601, 0.00555223459378, -0.011044033803, 0.0157135333866, -0.0222743172199, 0.0357082933187, -0.0193431358784, 0.0133118033409, -0.0056635485962, 0.00421455595642], [0.00290774763562, 0.00217337510549, 0.000641044985969, -0.00110583263449, -0.00575112458318, 0.00769949983805, -0.00873701274395, 0.0115711819381, -0.0193431358784, 0.0323732867837, -0.0205201413482, 0.0121263079345, -0.00972623936832], [-0.0028677682858, -0.00176510727033, -0.00267718057148, 0.00175719347317, 0.00434421235695, -0.00779903586954, 0.00712975207716, -0.00778994429857, 0.0133118033409, -0.0205201413482, 0.0416102185845, -0.0274445358664, 0.0163772106171], [0.00258729048073, 0.000299194158288, 0.00262283137999, -0.00306588271633, -0.00249964627437, 0.00715175131336, -0.00640150858089, 0.00246942415833, -0.0056635485962, 0.0121263079345, -0.0274445358664, 0.0443438850343, -0.0211383868009], [-0.00124046637211, -0.000798945722636, -0.000752392981667, 0.00161952036433, 0.000920724938624, -0.00423369696364, 0.00436291843653, -0.00176666316111, 0.00421455595642, -0.00972623936832, 0.0163772106171, -0.0211383868009, 0.0291226692498]], "cov": [[5652.890625, 8.73380279541, -733.140136719, 460.347503662, -391.302490234, 83.8118438721, -111.584205627, -234.534164429, 190.092071533, -328.456481934, 33.6137466431, -193.081436157, -72.7294921875], [8.73380279541, 343.773132324, 76.3527755737, -69.4653778076, 53.3321609497, -25.7537117004, 68.3860778809, -8.1143655777, 8.62135028839, 18.966884613, 10.6512041092, 10.948184967, 6.51496887207], [-733.140136719, 76.3527755737, 281.744476318, 59.825592041, 36.4104576111, 9.75493144989, 11.3760118484, 23.8563671112, -0.464794993401, 54.1918258667, 9.55276298523, 23.943145752, 5.00167942047], [460.347503662, -69.4653778076, 59.825592041, 347.668334961, 15.576748848, 18.6116485596, -64.5906524658, -28.3118228912, 54.4623603821, 2.91557049751, 6.42692804337, -8.92166042328, -6.91139888763], [-391.302490234, 53.3321609497, 36.4104576111, 15.576748848, 172.232269287, 13.8565139771, 4.80458593369, 17.8346443176, 0.839954316616, 47.6552696228, -5.92079257965, 18.9922161102, 14.7104978561], [83.8118438721, -25.7537117004, 9.75493144989, 18.6116485596, 13.8565139771, 131.226638794, 57.7916183472, -5.40233325958, 4.00926065445, -7.2175693512, 5.67352676392, -10.8592042923, -2.32947659492], [-111.584205627, 68.3860778809, 11.3760118484, -64.5906524658, 4.80458593369, 57.7916183472, 134.158721924, 49.215511322, -11.3211250305, 2.22499060631, 7.41380929947, 9.82414340973, -2.51141500473], [-234.534164429, -8.1143655777, 23.8563671112, -28.3118228912, 17.8346443176, -5.40233325958, 49.215511322, 94.3947219849, 22.7213802338, 13.1149234772, 1.13088595867, 13.8774776459, -0.488996148109], [190.092071533, 8.62135028839, -0.464794993401, 54.4623603821, 0.839954316616, 4.00926065445, -11.3211250305, 22.7213802338, 75.7340011597, 19.2011165619, -1.68284857273, -7.55001306534, -0.157686516643], [-328.456481934, 18.966884613, 54.1918258667, 2.91557049751, 47.6552696228, -7.2175693512, 2.22499060631, 13.1149234772, 19.2011165619, 85.4949035645, 19.1646251678, 16.4030094147, 12.5772666931], [33.6137466431, 10.6512041092, 9.55276298523, 6.42692804337, -5.92079257965, 5.67352676392, 7.41380929947, 1.13088595867, -1.68284857273, 19.1646251678, 55.824798584, 23.9391059875, -5.7899723053], [-193.081436157, 10.948184967, 23.943145752, -8.92166042328, 18.9922161102, -10.8592042923, 9.82414340973, 13.8774776459, -7.55001306534, 16.4030094147, 23.9391059875, 56.0753555298, 24.1921310425], [-72.7294921875, 6.51496887207, 5.00167942047, -6.91139888763, 14.7104978561, -2.32947659492, -2.51141500473, -0.488996148109, -0.157686516643, 12.5772666931, -5.7899723053, 24.1921310425, 56.5137023926]]}, "spectral_energyband_middle_low": {"dmean2": 0.0071982415393, "median": 0.0127565283328, "min": 3.11256492861e-22, "dvar2": 5.20174617122e-05, "dvar": 2.28087646974e-05, "dmean": 0.00478051789105, "max": 0.0538029894233, "var": 5.99613558734e-05, "mean": 0.0140912439674}, "melbands_crest": {"dmean2": 4.68472290039, "median": 9.18903255463, "min": 1.00180017948, "dvar2": 15.3592281342, "dvar": 5.85381412506, "dmean": 2.81410193443, "max": 28.0515136719, "var": 12.3615198135, "mean": 9.87935066223}, "spectral_kurtosis": {"dmean2": 4.92816019058, "median": 2.96721029282, "min": -1.19979000092, "dvar2": 18.1459522247, "dvar": 6.103474617, "dmean": 2.77680540085, "max": 30.7088127136, "var": 9.69875717163, "mean": 3.62316417694}, "spectral_rms": {"dmean2": 0.000893972697668, "median": 0.00483419233933, "min": 3.25935936227e-12, "dvar2": 7.00740201864e-07, "dvar": 3.54299231731e-07, "dmean": 0.000639347999822, "max": 0.00814005080611, "var": 1.46727813899e-06, "mean": 0.0047654826194}, "zerocrossingrate": {"dmean2": 0.00735354283825, "median": 0.0576171875, "min": 0.0185546875, "dvar2": 0.000130746542709, "dvar": 8.86443158379e-05, "dmean": 0.00598200550303, "max": 0.50146484375, "var": 0.000446479622042, "mean": 0.0594425462186}, "silence_rate_60dB": {"dmean2": 0.0007980845985, "median": 0, "min": 0, "dvar2": 0.000797409040388, "dvar": 0.000398816628149, "dmean": 0.000398962700274, "max": 1, "var": 0.0203115753829, "mean": 0.0207419227809}, "erbbands_kurtosis": {"dmean2": 1.05803906918, "median": -0.462253004313, "min": -1.63648533821, "dvar2": 2.32631182671, "dvar": 1.08083033562, "dmean": 0.68364906311, "max": 34.4980392456, "var": 2.64281153679, "mean": 0.0328756459057}, "erbbands": {"dmean2": [0.0136875919998, 0.21623416245, 0.693668425083, 2.98128581047, 8.30352497101, 9.64706897736, 15.555973053, 15.9864139557, 28.3892250061, 33.1159820557, 41.8492851257, 54.436164856, 58.9875717163, 40.3055076599, 30.7150001526, 39.4324607849, 31.6089763641, 39.2326049805, 51.868019104, 56.7520637512, 38.3053779602, 29.1999454498, 29.8835010529, 23.9009933472, 14.7338953018, 12.7730894089, 7.37271165848, 3.97899913788, 1.62980365753, 1.17709350586, 0.543519198895, 0.150617182255, 0.0162265691906, 0.000468010490295, 4.6205776016e-05, 1.47436003317e-05, 6.72024589221e-06, 2.59882563114e-06, 5.00147325511e-06, 1.08094036477e-05], "median": [0.00597515609115, 0.0911450013518, 0.373055756092, 1.46767175198, 4.89563751221, 6.56639719009, 10.233127594, 11.6371021271, 22.2551021576, 18.7981262207, 22.4055557251, 27.1867294312, 30.0025291443, 22.7972335815, 16.7473506927, 23.0570240021, 21.2269573212, 28.8477134705, 31.8641033173, 25.9107627869, 25.2023506165, 22.2281970978, 24.7441444397, 17.5872268677, 13.8862943649, 10.5874557495, 6.32273101807, 3.84216403961, 1.40795445442, 0.976510167122, 0.419241338968, 0.119869627059, 0.0112748946995, 0.000405230908655, 6.69080109219e-05, 2.94382043649e-05, 1.48100079969e-05, 5.25103587279e-06, 1.38142386277e-05, 2.90351799777e-05], "min": [9.25668217874e-22, 4.85598721201e-21, 3.30640610216e-21, 1.95659945e-20, 1.02052180228e-19, 1.01986968668e-19, 1.99375730785e-19, 1.35247920486e-19, 3.82773020472e-19, 2.62537717245e-19, 7.73559508224e-19, 8.50184660484e-19, 2.8669232171e-18, 1.45311759125e-18, 2.18365362636e-18, 3.67021774869e-18, 4.00109867911e-18, 3.5250640948e-18, 2.3338185472e-18, 5.26416252904e-18, 8.30817312116e-18, 6.5125050456e-18, 5.51760777359e-18, 9.19555097561e-18, 1.53787599689e-17, 1.34529122764e-17, 1.70422284525e-17, 1.45194202284e-17, 1.45937076649e-17, 2.22725989992e-17, 2.37939363469e-17, 1.80125063479e-17, 1.67576584694e-17, 1.43446601261e-17, 8.67048401972e-18, 5.44101167605e-18, 3.07414581582e-18, 1.09433492819e-18, 2.9970108101e-19, 3.29937143188e-20], "dvar2": [0.00035098119406, 0.0860783830285, 0.861234724522, 17.9167175293, 99.9534301758, 163.205505371, 499.980438232, 461.374938965, 1443.90258789, 3089.12084961, 4771.5, 9197.76367188, 10924.640625, 6722.83789063, 4438.13867188, 4385.68066406, 2653.13110352, 4549.54101563, 13541.2197266, 16009.0585938, 4507.55126953, 1992.03991699, 1895.13891602, 1606.15661621, 434.254089355, 489.814849854, 115.422012329, 35.1933822632, 6.87926959991, 3.72925448418, 1.69780397415, 0.0796246826649, 0.000912917370442, 7.56004510549e-07, 5.4383586523e-09, 3.23286841741e-10, 6.58565771361e-11, 8.57074654304e-12, 2.71815001063e-11, 1.18678802896e-10], "dvar": [0.000142951321322, 0.0319698825479, 0.368534207344, 6.7539601326, 37.3001365662, 65.4971084595, 193.610183716, 177.142684937, 593.355895996, 1257.24621582, 2053.08666992, 4685.78613281, 5076.66552734, 2860.58764648, 2047.45166016, 2052.91162109, 1279.74658203, 2022.96606445, 6405.40283203, 7396.52978516, 1896.71179199, 866.857971191, 811.01739502, 806.057067871, 191.782562256, 215.78565979, 51.772857666, 15.6174650192, 3.09331059456, 1.6779088974, 0.720047652721, 0.0346884429455, 0.000390388333471, 3.31036659418e-07, 2.53527221439e-09, 1.599308741e-10, 3.19967038975e-11, 4.34217072021e-12, 1.38096322572e-11, 5.90991977578e-11], "dmean": [0.00851377099752, 0.128421798348, 0.426989376545, 1.76962041855, 4.92444419861, 5.95197582245, 9.69961166382, 9.73708629608, 17.8731479645, 20.972574234, 26.3691158295, 36.4911880493, 37.7206993103, 25.6828632355, 20.3278045654, 24.9997596741, 20.9425067902, 25.1509628296, 33.4759674072, 37.0234375, 24.472410202, 19.015958786, 19.2937412262, 15.6063451767, 9.48720169067, 8.30428028107, 4.9831829071, 2.71776843071, 1.10840141773, 0.804403841496, 0.378100931644, 0.1072165519, 0.0111543433741, 0.000334128621034, 3.41645572917e-05, 1.06348870759e-05, 4.81228562421e-06, 1.86306840533e-06, 3.66245308214e-06, 7.7312142821e-06], "max": [0.210258617997, 1.86796081066, 10.2864627838, 47.7703056335, 66.5425033569, 117.771217346, 209.464996338, 179.702392578, 378.479156494, 663.833190918, 867.713562012, 1263.03527832, 1541.18347168, 1327.75793457, 944.057312012, 886.488891602, 572.324401855, 1113.44909668, 2353.09814453, 2175.6484375, 1336.64465332, 625.817504883, 589.491271973, 970.947509766, 323.3828125, 584.213134766, 169.468658447, 99.6666564941, 34.6092262268, 41.9477386475, 41.2701721191, 6.18456459045, 0.590836167336, 0.0191928427666, 0.00178671244066, 0.000373368209694, 0.000160522162332, 3.72658105334e-05, 4.43123026344e-05, 7.99148256192e-05], "var": [0.000242021254962, 0.0453781858087, 0.695689499378, 9.7016210556, 51.9153442383, 118.182800293, 281.307617188, 288.908081055, 1300.03515625, 1987.33410645, 4308.37207031, 11462.8300781, 10860.7685547, 4947.6640625, 5591.81835938, 4870.59912109, 3050.65307617, 4401.95703125, 10533.2998047, 16078.0839844, 3587.22583008, 2146.8503418, 1879.95117188, 2538.0925293, 521.816467285, 508.615020752, 142.664428711, 39.8692932129, 7.29760026932, 3.60253548622, 1.24046301842, 0.0648419260979, 0.00063933461206, 6.15018336703e-07, 6.27369445283e-09, 5.04648156596e-10, 9.88629247911e-11, 1.60770546181e-11, 4.50346253345e-11, 1.81807402466e-10], "mean": [0.0117908660322, 0.16767308116, 0.654889881611, 2.47808885574, 7.13849401474, 10.0191078186, 15.5095281601, 17.0460109711, 32.9374923706, 33.1487083435, 44.6913871765, 63.2683181763, 63.9123954773, 42.4017028809, 37.4930686951, 47.6100921631, 38.5676841736, 46.2592964172, 58.0099716187, 64.1490478516, 45.5958023071, 38.0691375732, 38.8551979065, 31.936964035, 20.9347610474, 17.2466163635, 10.7425537109, 5.93954753876, 2.32826900482, 1.58623933792, 0.724276125431, 0.202125400305, 0.0193792972714, 0.000657572993077, 8.98728321772e-05, 3.47166860593e-05, 1.68905353348e-05, 6.21082290309e-06, 1.46097891047e-05, 3.02249882225e-05]}, "spectral_strongpeak": {"dmean2": 1.42809474468, "median": 0.94326210022, "min": 0, "dvar2": 3.96446609497, "dvar": 1.72963202, "dmean": 0.882596373558, "max": 15.5925607681, "var": 3.14774608612, "mean": 1.58492076397}, "spectral_energy": {"dmean2": 0.00910874921829, "median": 0.023953653872, "min": 1.08890088148e-20, "dvar2": 8.11783829704e-05, "dvar": 3.98353877245e-05, "dmean": 0.00643522152677, "max": 0.0679169297218, "var": 0.000119205746159, "mean": 0.0247815158218}, "average_loudness": 0.973310232162, "spectral_rolloff": {"dmean2": 493.75579834, "median": 1679.58984375, "min": 387.59765625, "dvar2": 377384.8125, "dvar": 205404.15625, "dmean": 308.682739258, "max": 18755.4199219, "var": 764741.5, "mean": 1760.1809082}, "spectral_centroid": {"dmean2": 321.544342041, "median": 1486.2331543, "min": 506.163970947, "dvar2": 97125.0703125, "dvar": 45986.6953125, "dmean": 213.308792114, "max": 11465.2529297, "var": 237706.875, "mean": 1509.93688965}, "pitch_salience": {"dmean2": 0.101155199111, "median": 0.65033686161, "min": 0.207886219025, "dvar2": 0.00656661996618, "dvar": 0.00257015228271, "dmean": 0.0619791969657, "max": 0.996092677116, "var": 0.0069879675284, "mean": 0.643501341343}, "spectral_energyband_middle_high": {"dmean2": 0.00438697356731, "median": 0.00778757221997, "min": 1.27906225241e-21, "dvar2": 3.04870554828e-05, "dvar": 1.45823096318e-05, "dmean": 0.00308649195358, "max": 0.0544443018734, "var": 4.23537640017e-05, "mean": 0.00924171600491}, "spectral_contrast_coeffs": {"dmean2": [0.0973502248526, 0.0782825872302, 0.0792599916458, 0.0675165951252, 0.0473863482475, 0.0552828423679], "median": [-0.601275742054, -0.739972829819, -0.752581417561, -0.745331227779, -0.762945532799, -0.523264527321], "min": [-0.965794026852, -0.997104942799, -0.998863518238, -0.988217055798, -0.988891780376, -0.959817886353], "dvar2": [0.00565834203735, 0.00368451117538, 0.00379318022169, 0.00299791875295, 0.00150109606329, 0.00183158251457], "dvar": [0.00207021855749, 0.00139348534867, 0.00166394247208, 0.00132201868109, 0.000640709360596, 0.000658718578052], "dmean": [0.0591091997921, 0.0480913668871, 0.0504442825913, 0.0435648821294, 0.0303396657109, 0.0328583009541], "max": [-0.359515398741, -0.518829345703, -0.399595916271, -0.419173657894, -0.440288871527, -0.384904384613], "var": [0.00608904240653, 0.00365057215095, 0.00655739149079, 0.00539019657299, 0.00264360685833, 0.00290162279271], "mean": [-0.601417720318, -0.736923873425, -0.738068342209, -0.735912621021, -0.756811738014, -0.527628183365]}, "melbands_skewness": {"dmean2": 0.614090442657, "median": 1.36432683468, "min": -1.28369128704, "dvar2": 0.275727063417, "dvar": 0.117171987891, "dmean": 0.393658339977, "max": 4.61387586594, "var": 0.518420577049, "mean": 1.37135696411}, "spectral_spread": {"dmean2": 314189.71875, "median": 2621475.5, "min": 1476622.875, "dvar2": 437118435328, "dvar": 218962984960, "dmean": 196826.515625, "max": 40540356, "var": 717879705600, "mean": 2639534.5}, "dissonance": {"dmean2": 0.0305802170187, "median": 0.473262131214, "min": 0.302932620049, "dvar2": 0.000841721019242, "dvar": 0.000311536976369, "dmean": 0.0181925483048, "max": 0.499990880489, "var": 0.000660734251142, "mean": 0.46672514081}, "spectral_skewness": {"dmean2": 0.505055367947, "median": 0.947619259357, "min": -0.0570649243891, "dvar2": 0.172705665231, "dvar": 0.0602365992963, "dmean": 0.294353991747, "max": 3.56823801994, "var": 0.157809615135, "mean": 1.00361025333}, "spectral_flux": {"dmean2": 0.0298569574952, "median": 0.0851988047361, "min": 6.57489201972e-11, "dvar2": 0.000757237081416, "dvar": 0.000334044103511, "dmean": 0.0195826720446, "max": 0.215388968587, "var": 0.000912178948056, "mean": 0.0888345986605}, "spectral_contrast_valleys": {"dmean2": [0.72800719738, 0.561289131641, 0.553752183914, 0.522336184978, 0.373156577349, 0.823248803616], "median": [-7.56207418442, -6.08530426025, -6.83305740356, -7.25481081009, -7.18220949173, -13.3391647339], "min": [-27.2537498474, -27.3693943024, -27.1559581757, -27.5134277344, -27.3774032593, -27.333688736], "dvar2": [0.329174935818, 0.19964209199, 0.198171183467, 0.185029253364, 0.100718595088, 0.413121402264], "dvar": [0.129487022758, 0.0891356393695, 0.0951615273952, 0.092250995338, 0.060238994658, 0.151821255684], "dmean": [0.441993683577, 0.347194939852, 0.352732509375, 0.350430071354, 0.267489045858, 0.488906145096], "max": [-6.14401102066, -4.73615312576, -5.1366558075, -5.71568536758, -5.56683540344, -11.669093132], "var": [0.837324261665, 0.753086745739, 0.77583271265, 0.808597147465, 0.820674002171, 0.621114015579], "mean": [-7.68224525452, -6.15956735611, -6.92077970505, -7.35394239426, -7.23178625107, -13.4270715714]}, "erbbands_flatness_db": {"dmean2": 0.0194541290402, "median": 0.240922063589, "min": 0.0555703900754, "dvar2": 0.000283121422399, "dvar": 0.000147749349708, "dmean": 0.013319180347, "max": 0.377026855946, "var": 0.000933470088057, "mean": 0.245997220278}, "spectral_energyband_high": {"dmean2": 0.000294715107884, "median": 0.000308621732984, "min": 8.04279584151e-21, "dvar2": 2.25772950557e-07, "dvar": 1.08892656669e-07, "dmean": 0.000210054873605, "max": 0.012002970092, "var": 3.14604648111e-07, "mean": 0.000494639854878}, "spectral_entropy": {"dmean2": 0.153187453747, "median": 7.48169136047, "min": 6.45626449585, "dvar2": 0.0172230806202, "dvar": 0.00946880038828, "dmean": 0.108528442681, "max": 9.81566905975, "var": 0.053291823715, "mean": 7.4526848793}, "silence_rate_20dB": {"dmean2": 0, "median": 1, "min": 1, "dvar2": 0, "dvar": 0, "dmean": 0, "max": 1, "var": 0, "mean": 1}, "melbands_flatness_db": {"dmean2": 0.0281609017402, "median": 0.204659193754, "min": 1.72573138002e-08, "dvar2": 0.000517549517099, "dvar": 0.000232505146414, "dmean": 0.0185180418193, "max": 0.358512938023, "var": 0.00114897743333, "mean": 0.206971406937}, "barkbands": {"dmean2": [1.26312879729e-05, 0.000810050813016, 0.000682712707203, 0.00160670257173, 0.00279640476219, 0.00222562067211, 0.00218699895777, 0.00181068864185, 0.00247959094122, 0.00189728860278, 0.000732653599698, 0.000933500938118, 0.000770547369029, 0.000985538703389, 0.00110180582851, 0.000834814272821, 0.00055612064898, 0.000573673343752, 0.000349457754055, 0.000279959960608, 0.00012840567797, 4.22151133534e-05, 2.39492128458e-05, 3.5730165564e-06, 1.80568981989e-09, 1.77971604121e-09, 1.84300830153e-09], "median": [2.80094650407e-06, 0.00032901004306, 0.000314913515467, 0.000657430733554, 0.0021436563693, 0.00150825059973, 0.00164784316439, 0.000722963712178, 0.00124242086895, 0.000916441087611, 0.000276982900687, 0.000464125478175, 0.000433922105003, 0.000629184767604, 0.000473805557704, 0.000419674324803, 0.000362047343515, 0.000429948850069, 0.000283212633803, 0.000227321768762, 0.000117470401165, 3.53451541741e-05, 1.82657895493e-05, 2.41728548644e-06, 3.4948510752e-10, 3.49685613799e-10, 3.79645592741e-10], "min": [3.40880286667e-24, 2.4905869168e-23, 6.55309219157e-25, 6.63375381078e-24, 6.51936487745e-23, 1.91963873923e-23, 3.66162537151e-23, 3.38884484354e-23, 4.26513804279e-23, 8.10113196661e-23, 2.15366947289e-23, 1.07147770825e-22, 9.00278799059e-23, 6.622477833e-23, 5.08940428762e-23, 1.54139167342e-22, 1.17784783893e-22, 1.10691018467e-22, 1.99492308018e-22, 2.75042981037e-22, 3.85355623949e-22, 5.60916757245e-22, 8.26537104003e-22, 8.84089164473e-22, 1.34294852516e-21, 1.5427932205e-21, 2.18687005355e-21], "dvar2": [6.0486754494e-10, 1.22879544051e-06, 8.65241474912e-07, 4.83332405565e-06, 1.06679199234e-05, 1.02747562778e-05, 7.74518139224e-06, 1.01166269815e-05, 1.55950910994e-05, 1.12902916953e-05, 3.04189188682e-06, 2.58230738837e-06, 1.51810877469e-06, 2.68029361905e-06, 5.35318486072e-06, 2.60729188994e-06, 8.23255220439e-07, 8.38139101234e-07, 2.34811579958e-07, 2.17292537741e-07, 3.35714460675e-08, 3.91958909773e-09, 2.84173262699e-09, 4.48390768959e-11, 5.11612449635e-18, 5.06532402621e-18, 5.31108972596e-18], "dvar": [2.63806976264e-10, 4.56864171383e-07, 3.68194690736e-07, 1.78041568688e-06, 4.14405212723e-06, 3.90225022784e-06, 3.19155674333e-06, 4.18589615947e-06, 7.80412392487e-06, 4.79971595269e-06, 1.33720459417e-06, 1.22447579542e-06, 7.36340325602e-07, 1.17038553071e-06, 2.50840867011e-06, 1.10542293896e-06, 3.5395621012e-07, 3.77682823682e-07, 1.07684613226e-07, 9.50594625237e-08, 1.52196033554e-08, 1.81809567401e-09, 1.21904297767e-09, 1.91329122684e-11, 1.64381415531e-18, 1.66376781963e-18, 1.70712418125e-18], "dmean": [7.61624914958e-06, 0.000483422743855, 0.000418786163209, 0.000939712219406, 0.00172093429137, 0.00137643935159, 0.00138219806831, 0.00111503445078, 0.00164626003243, 0.00119470513891, 0.000466499448521, 0.000592019408941, 0.000504642608576, 0.000626223278232, 0.000713378423825, 0.000539207539987, 0.000356199743692, 0.000370420544641, 0.000226215692237, 0.000180458257091, 8.73949175002e-05, 2.88256669592e-05, 1.63084223459e-05, 2.46315630648e-06, 9.71022928731e-10, 9.62955715167e-10, 9.9065378123e-10], "max": [0.000303707958665, 0.00751070026308, 0.00880014151335, 0.0182740781456, 0.0253984574229, 0.028861772269, 0.0249104574323, 0.0339388437569, 0.0492191128433, 0.0483174063265, 0.0334750190377, 0.0196181051433, 0.0131884058937, 0.0222084671259, 0.0373908728361, 0.0225084964186, 0.0129604265094, 0.0125252949074, 0.00667014252394, 0.0116862179711, 0.00260734278709, 0.000708081992343, 0.00169704365544, 0.000140197138535, 1.21942012044e-08, 1.5