{"tonal": {"thpcp": [1, 0.622738182545, 0.198482006788, 0.170474052429, 0.126138880849, 0.219412922859, 0.317241996527, 0.249174579978, 0.221382766962, 0.179493814707, 0.115422777832, 0.244719773531, 0.310300797224, 0.232461333275, 0.511301994324, 0.736888170242, 0.461613744497, 0.26536154747, 0.246744066477, 0.242680549622, 0.471502810717, 0.572858452797, 0.328148543835, 0.237099885941, 0.254850685596, 0.192075207829, 0.265368819237, 0.388328969479, 0.364173799753, 0.48614180088, 0.509534239769, 0.242874220014, 0.134745270014, 0.151014328003, 0.165243431926, 0.56839966774], "hpcp": {"dmean2": [0.185100927949, 0.173300683498, 0.140233919024, 0.133086636662, 0.138986587524, 0.161006912589, 0.188815250993, 0.193988591433, 0.197260320187, 0.169625639915, 0.126659736037, 0.103457570076, 0.107608906925, 0.12535354495, 0.20087197423, 0.214736074209, 0.202619343996, 0.121278509498, 0.0889067426324, 0.0788263976574, 0.106051705778, 0.122932158411, 0.121569916606, 0.133809179068, 0.098567597568, 0.07255538553, 0.112384080887, 0.139009892941, 0.145704686642, 0.217763662338, 0.207233965397, 0.215210452676, 0.173766359687, 0.147642746568, 0.152799740434, 0.186499223113], "median": [0.0418443530798, 0.0280811041594, 0.00828891992569, 0.00514484709129, 0.00485912105069, 0.0100960554555, 0.0157760214061, 0.0299021340907, 0.030187856406, 0.0215870197862, 0.0107152899727, 0.00500723253936, 0.0053027831018, 0.00881363172084, 0.0774629861116, 0.152162596583, 0.102398298681, 0.0128329657018, 0.00438603106886, 0.00526536488906, 0.011793743819, 0.0152828283608, 0.0165567658842, 0.00615464383736, 0.00495703564957, 0.00677367160097, 0.0127176586539, 0.0154048940167, 0.0238306447864, 0.0493758693337, 0.0666007697582, 0.047327760607, 0.0151205658913, 0.0107332328334, 0.0172675978392, 0.0359365232289], "min": [0, 0, 0, 0, 0, 0, 0, 0, 0, 0, 0, 0, 0, 0, 0, 0, 0, 0, 0, 0, 0, 0, 0, 0, 0, 0, 0, 0, 0, 0, 0, 0, 0, 0, 0, 0], "dvar2": [0.0856415852904, 0.0796879380941, 0.074646577239, 0.0779059752822, 0.0814100056887, 0.0838253200054, 0.101543642581, 0.0901198759675, 0.0983377471566, 0.0854487121105, 0.0596095360816, 0.0593608878553, 0.0597349703312, 0.0678788870573, 0.0843444764614, 0.0958534628153, 0.076617769897, 0.056497015059, 0.0478453040123, 0.0376879908144, 0.0433384813368, 0.0582662932575, 0.0474104322493, 0.0667931884527, 0.0381971821189, 0.0248842593282, 0.0470843724906, 0.0698446854949, 0.053535617888, 0.0956968292594, 0.0951193496585, 0.0971168726683, 0.0899755358696, 0.075384914875, 0.0731336846948, 0.0827733948827], "dvar": [0.0369451157749, 0.0295845791698, 0.0281735640019, 0.0306701976806, 0.0295384190977, 0.0320394225419, 0.0412717573345, 0.0354495346546, 0.0402012504637, 0.0373438745737, 0.0228945277631, 0.0223896279931, 0.0234465468675, 0.0249282903969, 0.0329381152987, 0.045574426651, 0.0299099199474, 0.0212669558823, 0.0190189145505, 0.0142310606316, 0.0176234394312, 0.0251863114536, 0.018846988678, 0.0257362574339, 0.0155877256766, 0.00933108199388, 0.0197034906596, 0.0293819382787, 0.0199795048684, 0.0363628789783, 0.0419789254665, 0.0346384420991, 0.0338231138885, 0.0289558805525, 0.0273046214134, 0.0330001600087], "dmean": [0.108234860003, 0.0999037325382, 0.079468511045, 0.0753158032894, 0.0775978341699, 0.0916227549314, 0.108978703618, 0.114362590015, 0.11651571095, 0.100060209632, 0.0732915997505, 0.0581008642912, 0.0599417686462, 0.0704877749085, 0.118119090796, 0.128596171737, 0.121075809002, 0.0692110881209, 0.051027353853, 0.0452260822058, 0.0632394552231, 0.0752922147512, 0.0720967203379, 0.0762120038271, 0.0567157939076, 0.0417783819139, 0.0673897638917, 0.0822150558233, 0.0831524804235, 0.125864341855, 0.123752079904, 0.123922720551, 0.097294151783, 0.0842178538442, 0.0869371518493, 0.109790585935], "max": [1, 1, 1, 1, 1, 1, 1, 1, 1, 1, 1, 1, 1, 1, 1, 1, 1, 1, 1, 1, 1, 1, 1, 1, 1, 1, 1, 1, 1, 1, 1, 1, 1, 1, 1, 1], "var": [0.101889945567, 0.0360276475549, 0.0377500541508, 0.0503802187741, 0.0281671658158, 0.0374769717455, 0.0680022165179, 0.0461596623063, 0.0778957009315, 0.098167784512, 0.0269327349961, 0.0190423820168, 0.0224914737046, 0.0204322747886, 0.0596608221531, 0.155574172735, 0.0628917887807, 0.0251873973757, 0.0308669693768, 0.0141795938835, 0.02602895163, 0.0519092828035, 0.030192034319, 0.0313132107258, 0.0243413299322, 0.00931949913502, 0.0337725542486, 0.051364030689, 0.0213901679963, 0.0651663169265, 0.126722574234, 0.0517927706242, 0.0383208654821, 0.0380448549986, 0.0293290950358, 0.0710650086403], "mean": [0.200965180993, 0.115118198097, 0.083177305758, 0.0894044861197, 0.0673821419477, 0.0930943638086, 0.136230170727, 0.127756267786, 0.170544013381, 0.17875033617, 0.0852030068636, 0.0472701564431, 0.0529775246978, 0.0579692535102, 0.199400991201, 0.350811243057, 0.218463554978, 0.0696297213435, 0.0598042160273, 0.0442509353161, 0.0769725218415, 0.11129206419, 0.0874132439494, 0.0776635631919, 0.0629684478045, 0.0404916070402, 0.0858504474163, 0.108857005835, 0.0815500468016, 0.179370492697, 0.258508652449, 0.161939293146, 0.0930918157101, 0.0865605920553, 0.0851350650191, 0.165408492088]}, "tuning_equal_tempered_deviation": 0.0164797455072, "chords_changes_rate": 0.0423069633543, "key_key": "G", "tuning_diatonic_strength": 0.58536875248, "key_scale": "major", "chords_number_rate": 0.00246632518247, "tuning_frequency": 442.03793335, "tuning_nontempered_energy_ratio": 0.65241330862, "chords_histogram": [25.3462333679, 3.68051600456, 18.1749191284, 0.15177385509, 0.0758869275451, 0.0379434637725, 2.08689045906, 0.0379434637725, 0, 0, 0, 0, 0, 0.0758869275451, 2.58015561104, 6.37450218201, 1.21419084072, 12.673116684, 4.05995082855, 3.0734205246, 1.13830387592, 6.64010620117, 12.426484108, 0.15177385509], "key_strength": 0.839987635612, "chords_key": "G", "chords_strength": {"dmean2": 0.00880894530565, "median": 0.527344942093, "min": 0.214394330978, "dvar2": 6.65903862682e-05, "dvar": 7.20507086953e-05, "dmean": 0.0101414555684, "max": 0.803613066673, "var": 0.0116758523509, "mean": 0.526876270771}, "chords_scale": "major", "hpcp_entropy": {"dmean2": 0.990223348141, "median": 1.72989904881, "min": 0, "dvar2": 0.693108201027, "dvar": 0.267974734306, "dmean": 0.594394445419, "max": 4.12245368958, "var": 0.525250256062, "mean": 1.71381008625}}, "metadata": {"audio_properties": {"equal_loudness": 0, "codec": "mp3", "downmix": "mix", "sample_rate": 44100, "analysis_sample_rate": 44100, "bit_rate": 128000, "md5_encoded": "2044ba79d0d0b306cb86a204659831bd", "length": 244.715103149, "replay_gain": -5.05123329163, "lossless": false}, "version": {"essentia_build_sha": "2d9f1f26377add8aeb1075a9c2973f962c4f09fd", "essentia": "2.1-beta2", "extractor": "music 1.0", "essentia_git_sha": "v2.1_beta2-1-ge3940c0"}, "tags": {"title": ["Amor"], "acoustid_fingerprint": ["AQADtJuS8UmCnLtwHRJ9hMmXo-fxJLhl4w8mHreOHJoaIqqjCEeX7XjwDw8RHjyS68HVJCIaKZSIT3vxC1SO6hQahI8gH_mD8_iL68F9NC76JMiDa9CZC3m-BH0yeBee7HiiwFWxrUMn_sKf4LiCyT_sSMi0J0h-ND-uHT2Jhk-LB_9RegpVNMeZJOGRo5kE50uPdpkD-cgpE1dELcWvYOIqmFGOniK-oTmFSIfK7-iWJCkD5xIO5uShP8FzBROlD80zKJLIo9HBKxtUfsH05vgiHv51dBHuow936Aum69CHMzf2RXhy-MalH2WUEE0oH_WORmVwDWcjnLOOejNEJlOIHj-B9xilJDl09Mvg52DO4Cf25WiihUGvBJaxDwevK0GlhcWeF_5wnwh_nEElJRy69vhWH0dIaBmJPM2JU4mHTdpwh_jxIP4jQfcRbqEmOE7QjuCRDzfzBOv2DV_yDPoOj8wP9Q-OZ-FxDR-a5SL6ckFuSTn25SAuHm3SB6uXo0FEHTqaH1nMaIvw7ER-5AwROR_6QEsYsfhmXDf2O2ieyEO_BD_45MMf_BkaJ0OVEZWOMIyk4JMX4aok1FTQfMSl49MQJ_LB5EnRL-gvPB9uQ0Oe5LgcPNEw92iO8AzxB3KE2wgrJkeTj0JMANUm5UIfGz92urhShkS2Fo0aotqPZ_iHH1mYF1qcZA_yo3lkcKmG5uHx3cj34Q2h2WiuE3lxPXiPZ8mCk0fDBzxKi8gZ7AouvXieBNU0aDmDT7h1HNNRTsePn-Chk4bPWMh7AT2DfImI7sMd4fVSXA_xfGCSo5sY6XiJO3CcYQ0T6CeuD6fwTYWTDaq2o0azUkH4F81D4dTxcMfRp0JTJcqG78cR5-gf9OPxBcqjE-e0QEp21G1wlcGPHCEziA-L_AvgXPCjBF0lfHGO5zqSr0L4FM3x47gS41SM54EvKsh84j6OQ1dyXNHRM0QYdgl-XMG543-E5qmOPsiha8jyHMyN83iML4zQhRqmpEU-6G_RHz76cLgaQ1eeIk-0Hcf3HPfxwupz7EVyH_kxS8nx7eh0o3Ki4wz-49VQv_CzHv2FI0fS4w92E08UlGgcZsKPPDK05GYQqbuIV6i2rEGj8bg6Cn2SD83zYGeQ_A_CxDeo5CjZ4tJRoqmC-_ii4JKCLBmm7goONSFfVIyQVjROHX2Ik8_w8Hh0PPAzPMXzID-aKDm-5MJ_aMgdnJpOPOiD3sW1HGUOfwi_QycftGmF1E8mPMS5ozz-I9x2NG6yJBvuB7qNNyry48FP4kk-XDuO5ke_nMLx_LhUOM_xH8F39AktQ7klEf_xwGEinDl85HcwZcyDSxR252i2oM2MWNTRlQ6afCmLH7p0XKqD98IdE1kOHmEii8N__MOv4D_2HM-PfifCPMWP48F19ESTH3muDPqKqUqGtE4H_rCP0JQzfIstqA9y6cTeBD_RRerRSMuDk3iLcHMELZum4wst-MmD41ku6EeuG7XiKHBSyfgWDb4MP8vRH9GhXwryZQ-eHU20CX00Hj3K4j_yQX2E50SsH9eCNjp-g8_hByUbXPjxjUxQ80LzIx-hF2GKqmg00Wh5nNdw8sETGTFl9JIOLUo6Q78MHl-yG5dWPNMH7QvB5DmyJtfwJcf5EFWeojly6fihO3GGL-ERqh9MXYaf4OLy49J6hDnOgxf0ILQyHH6yB32EJw6-PMI55JBPgiEZNKHScXgeGTkd9BseHeGJH7ru4N-H3EMncWhyxXhyHdcR5gn6HZJ2fAefNMSto_uhK4e_44sOiQp5nNHRHf_B7tCaIycf4s7QvHgS3fjYBRd3PMePMO8F7cmJyFeIDw8VoR7yBDqNkMfzGC_xLA9yr9CSNoh04tOD57CjzbiPfHrwHnompQjF4Yl-_MJhUkEvvAs4vcgTM-i05UHzBbo0XGUR6RmatDqaqsX04TryBjqDXBWa_uhj4mkycHN4NMf2RAlC9lB-pciDJxaeUWjyRCue4EZvI0_OQF-QP2hyY1qz4Dj24ORxgt-QKzrUo3sRJo_wZEDlHNR3nKFh-cj1Y3qhlsbpY-pvOPBl41OONGWSo5eP6_jRq7CTORG87EJf5D6So2eC5jmaeKzRCw9xKcMv1G-QHVoe4dSQ61yKa7OQlwq07HiU5AhJCTeOPFOgH88R8mhy_BVI1hvyRmmCx9AVBccz6BGd4E-H-MePS7jgqRGuVDny5NHwC6KOeQnyo8mO8jjzoDem4DmoSsGVH79lRNSdoPmhz0g1wVPQ5_iO5xNKDluzx8jC5vjxiTmYpUs3nCfC4wRLKcNP_AhpRRD3E3mUaPgidGHYDg9xBs_FIoeoPBmyU0I38SmaJjnO4zEqz2g4Sg_24NyT4ku-wNl4nFk6PMGNx7iN9MtxT1BdRK1Io3kCaw764-FRSmbQCEdyLkT-cEHNw1sW41RemGfQh0JzVM7wI_-h6wizw_3RJerR52ge5IB-IVf04q9S9IKr4DS-BB_6Ec9-_ByeC01zMEd-JO9RK1HwCffR4GQjfM9AXmAoKjyaNFEk8BIenDlxSQ_oI3F-5N2C6klG7GsOT2iXJ3jRHH2O5DxCUV8OJ4uSiLh2TDxy4nki8LmgpcqP6kSjC4ysXPiCX2iTDjo74dyORjv-4z8IPRlqSXgmGm-Hh8X1xPCSJMR5VDZ4Hp9yPGuESU8Fj0yPenhy_McBQgyACAghIGFGIKSkA8cIIZAhBCCDABHOEGUEUQIaxQAhRimGEBBMiPAAMIwoogQAAwEAAAVCCwSEEBYRBIQVRiiEFDCAEAAAEUAAoQAUhjBhmFDECIAUIgA1IZghQlBBEKBCOSAAEAQIgQAA1BAAGCBBEMAcAAggBAAwwgFIHBEGEACwANYEgIBSAlsBHBBAICSIYUQI4gSxQBlpCIFEIWIYgMBCBoCwwiAgGBXMEmGIAQQAAxQQzBGCABBMKkQAgMBB4RxiTDAOgAGCOKSQccAQgJgBlBsiCAAMSJSMIQALQYARBAmnmACGGAAYIkIpABEjABBCCKIUOAQc0EgYAAgCwjgiGCYMcAOIQgIhoAQFQglojTBEISyMAIQgIxQAQgigElOKAACEogwgI4g1RghpIBIKGQMYEkQQpCQElBkLICEIOAAAKYAQBogAwhiHDHCAIMEEABQYgogBiRCAECFMEGGEUMAIQCUBmBDChKOACaAMAYgQIQSAUDABBDFKEIAIZQtw5owiBHBmgDAQA0BAMQAIygCBBAAAGHEGCQIAEMIYZLgURghliGAGICiMAYIhQQAwyhggvCCAEIUEIQIoIpVAAjhhCAACICAYBIYRQwhBQBFklHFQICAAEIAJRQCBiCCEFABEAEYEEZARAxAQWgkACCIIMAIFBQIgpYXBlADBhBGEEAaIIUIBRAAT1hCngEBIKMKMJgQAAQwCDhGQAGFOCAOMMgAuIjwgRiKjAELCKQMkAkAQYYwRSCJtJTMAOYEEIYoABAgQBBEjAZXIEKUdcoIYKgQRwiCiEACIOOKN5YIB7RQhwAACnBIAQIeEIQEAIDUzxBkBGFDEGCaYYAQ4gAARRhGQEBPCEWAJYQgQB4wQkACAABICIGCAUMEBQYQUCBJCCBFUMRGsMQwCYgwxgDICDFOACWIEQ8IAIgATXhIFEAAGEEwgAI4wIYAAjjFGFBNGCISIMIYJRAE"], "date": ["2000"], "genre": ["Country"], "musicbrainz album type": ["Album"], "musicip_puid": ["982ab8a4-00fb-ae6f-a22f-97158eebbc8a"], "musicbrainz_recordingid": ["18a392a8-ff4d-4e53-b00c-e48e92e873fc"], "musicbrainz_albumid": ["8a4e2e32-2688-408d-9e81-7070de988f08"], "artist": ["Flaco Jim\u00e9nez"], "tracknumber": ["10"], "bpm": ["98.22"], "album": ["Sleepytown"], "musicbrainz album release country": ["United States"], "acoustid_id": ["3122eb08-326a-4372-b52c-85ed29a7002e"], "file_name": "Flaco Jim\u00e9nez - Amor.mp3"}}, "rhythm": {"bpm_histogram_first_peak_bpm": {"dmean2": 0, "median": 98, "min": 98, "dvar2": 0, "dvar": 0, "dmean": 0, "max": 98, "var": 0, "mean": 98}, "bpm": 97.9684295654, "bpm_histogram_second_peak_spread": {"dmean2": 0, "median": 0.555555582047, "min": 0.555555582047, "dvar2": 0, "dvar": 0, "dmean": 0, "max": 0.555555582047, "var": 0, "mean": 0.555555582047}, "bpm_histogram_first_peak_weight": {"dmean2": 0, "median": 0.866498708725, "min": 0.866498708725, "dvar2": 0, "dvar": 0, "dmean": 0, "max": 0.866498708725, "var": 0, "mean": 0.866498708725}, "onset_rate": 4.09844923019, "beats_position": [0.650158703327, 1.31192743778, 1.95047616959, 2.57741498947, 3.20435357094, 3.8196823597, 4.43501138687, 5.05034017563, 5.66566896439, 6.26938772202, 6.87310647964, 7.47682523727, 8.10376358032, 8.71909236908, 9.33442115784, 9.93814086914, 10.5418596268, 11.1571884155, 11.7725172043, 12.3762359619, 12.9915647507, 13.6068935394, 14.2106122971, 14.8143310547, 15.4412698746, 16.0565986633, 16.6719264984, 17.2756462097, 17.8909740448, 18.4946937561, 19.1100215912, 19.7137413025, 20.3290691376, 20.94439888, 21.548116684, 22.1634464264, 22.7787742615, 23.3941040039, 24.009431839, 24.6131515503, 25.2400894165, 25.8438091278, 26.4591369629, 27.0628566742, 27.6781845093, 28.2935142517, 28.9088420868, 29.5241718292, 30.1394996643, 30.7548294067, 31.358549118, 31.962266922, 32.5775947571, 33.1929244995, 33.8082542419, 34.4119720459, 35.0273017883, 35.6426315308, 36.2463493347, 36.8616790771, 37.4770050049, 38.0923347473, 38.7192726135, 39.3229942322, 39.9267120361, 40.5304298401, 41.1457595825, 41.761089325, 42.3764152527, 43.0033569336, 43.6302947998, 44.22240448, 44.8377304077, 45.4414520264, 46.0451698303, 46.6604995728, 47.2758255005, 47.8795471191, 48.5064849854, 49.1102027893, 49.7139205933, 50.3176422119, 50.9213600159, 51.5250778198, 52.1404075623, 52.7557373047, 53.3710632324, 53.9863929749, 54.6133308411, 55.2286605835, 55.8439903259, 56.4477081299, 57.0514259338, 57.6667556763, 58.2820854187, 58.8858032227, 59.5127410889, 60.1280708313, 60.7434005737, 61.3587303162, 61.9624481201, 62.5777778625, 63.1814956665, 63.7968254089, 64.4121551514, 65.0274810791, 65.6428070068, 66.2465286255, 66.8502502441, 67.4655761719, 68.0809020996, 68.6846237183, 69.299949646, 69.9152832031, 70.5189971924, 71.122718811, 71.7380523682, 72.3533782959, 72.9570999146, 73.5724258423, 74.18775177, 74.8146896362, 75.4184112549, 76.0221328735, 76.6490707397, 77.2643966675, 77.8797302246, 78.4834442139, 79.0871658325, 79.6908798218, 80.3062133789, 80.9215393066, 81.5368728638, 82.1521987915, 82.7559204102, 83.3596343994, 83.9749679565, 84.5902938843, 85.2172317505, 85.8325576782, 86.4595031738, 87.0748291016, 87.6785507202, 88.2822647095, 88.8859863281, 89.5013122559, 90.116645813, 90.7203598022, 91.3356933594, 91.9510192871, 92.5779571533, 93.181678772, 93.7853927612, 94.3891143799, 95.0044403076, 95.6081619263, 96.2118835449, 96.8272094727, 97.4425354004, 98.0694732666, 98.6848068237, 99.288520813, 99.9038543701, 100.519180298, 101.134513855, 101.749839783, 102.36516571, 102.980499268, 103.584213257, 104.199546814, 104.814872742, 105.41859436, 106.02230835, 106.626029968, 107.241355896, 107.845077515, 108.460403442, 109.087341309, 109.714286804, 110.318000793, 110.933334351, 111.525436401, 112.12915802, 112.744483948, 113.359817505, 113.975143433, 114.59047699, 115.205802917, 115.821128845, 116.436462402, 117.05178833, 117.655509949, 118.270835876, 118.886169434, 119.489883423, 120.093605042, 120.708930969, 121.324264526, 121.927978516, 122.531700134, 123.147026062, 123.762359619, 124.377685547, 124.993011475, 125.596733093, 126.212059021, 126.827392578, 127.431106567, 128.046432495, 128.661773682, 129.277099609, 129.880813599, 130.484527588, 131.099868774, 131.726806641, 132.33052063, 132.945846558, 133.561172485, 134.164901733, 134.768615723, 135.38394165, 135.999267578, 136.614593506, 137.218322754, 137.833648682, 138.448974609, 139.052688599, 139.668029785, 140.283355713, 140.898681641, 141.525619507, 142.129333496, 142.733062744, 143.336776733, 143.952102661, 144.567428589, 145.182769775, 145.798095703, 146.413421631, 147.028747559, 147.644073486, 148.259414673, 148.863128662, 149.466842651, 150.070556641, 150.685897827, 151.301223755, 151.916549683, 152.520263672, 153.135604858, 153.739318848, 154.366256714, 154.969970703, 155.585296631, 156.200637817, 156.804351807, 157.431289673, 158.046615601, 158.661941528, 159.265670776, 159.869384766, 160.473098755, 161.100036621, 161.703765869, 162.319091797, 162.922805786, 163.538131714, 164.141860962, 164.768798828, 165.384124756, 165.999450684, 166.603164673, 167.218505859, 167.833831787, 168.460769653, 169.064483643, 169.668212891, 170.283538818, 170.898864746, 171.502578735, 172.106307983, 172.710021973, 173.3253479, 173.92906189, 174.544403076, 175.159729004, 175.775054932, 176.390380859, 177.017318726, 177.632644653, 178.24798584, 178.851699829, 179.467025757, 180.070739746, 180.674468994, 181.289794922, 181.90512085, 182.508834839, 183.112564087, 183.739501953, 184.354827881, 184.970153809, 185.573867798, 186.189208984, 186.804534912, 187.408248901, 188.023574829, 188.638900757, 189.254241943, 189.857955933, 190.47328186, 191.07699585, 191.692337036, 192.307662964, 192.922988892, 193.526702881, 194.142044067, 194.745758057, 195.361083984, 195.976409912, 196.59173584, 197.207077026, 197.834014893, 198.437728882, 199.041442871, 199.645172119, 200.260498047, 200.875823975, 201.502761841, 202.10647583, 202.710205078, 203.325531006, 203.940856934, 204.556182861, 205.171508789, 205.775238037, 206.378952026, 207.005889893, 207.632827759, 208.236557007, 208.840270996, 209.455596924, 210.070922852, 210.6746521, 211.324798584, 211.986572266, 212.62512207, 213.263671875, 213.890609741, 214.575592041, 215.248977661, 215.922348022, 216.595733643, 217.245895386, 217.907653809, 218.546203613, 219.184753418, 219.811691284, 220.450241089, 221.065567017, 221.680908203, 222.284622192, 222.89994812, 223.515274048, 224.119003296, 224.722717285, 225.326431274, 225.953369141, 226.568710327, 227.184036255, 227.799362183, 228.41468811, 229.030014038, 229.645339966, 230.249069214, 230.864395142, 231.479721069, 232.083435059, 232.698776245, 233.314102173, 233.929428101, 234.544754028, 235.148483276, 235.763809204, 236.367523193, 236.982849121, 237.586578369, 238.190292358, 238.805618286, 239.420944214, 240.024673462, 240.63999939, 241.255325317, 241.882263184, 242.485977173, 243.089706421, 243.69342041, 244.308746338], "beats_loudness": {"dmean2": 0.0308976098895, "median": 0.0299914292991, "min": 2.74743047157e-06, "dvar2": 0.000820029643364, "dvar": 0.000293163495371, "dmean": 0.017324950546, "max": 0.124167755246, "var": 0.000342117680702, "mean": 0.0332281850278}, "danceability": 1.28796112537, "bpm_histogram_second_peak_weight": {"dmean2": 0, "median": 0.0100755663589, "min": 0.0100755663589, "dvar2": 0, "dvar": 0, "dmean": 0, "max": 0.0100755663589, "var": 0, "mean": 0.0100755663589}, "beats_count": 398, "bpm_histogram_second_peak_bpm": {"dmean2": 0, "median": 89, "min": 89, "dvar2": 0, "dvar": 0, "dmean": 0, "max": 89, "var": 0, "mean": 89}, "bpm_histogram_first_peak_spread": {"dmean2": 0, "median": 0.113402090967, "min": 0.113402090967, "dvar2": 0, "dvar": 0, "dmean": 0, "max": 0.113402090967, "var": 0, "mean": 0.113402090967}, "beats_loudness_band_ratio": {"dmean2": [0.465999096632, 0.241566643119, 0.315035939217, 0.147326231003, 0.0845427960157, 0.0914012342691], "median": [0.504151523113, 0.136935114861, 0.145153537393, 0.0544902980328, 0.0296161454171, 0.02982416749], "min": [0.00386268040165, 0.00763328839093, 0.00275161885656, 0.000311280949973, 6.31136645097e-05, 2.42075675487e-05], "dvar2": [0.11106248945, 0.0487448126078, 0.0675144121051, 0.0204444099218, 0.00846255756915, 0.0159014724195], "dvar": [0.0407921969891, 0.0163852181286, 0.0252731814981, 0.00778247369453, 0.00293553178199, 0.00575210386887], "dmean": [0.272215485573, 0.136948287487, 0.179120451212, 0.0846938863397, 0.0482100620866, 0.0507043153048], "max": [0.99147850275, 0.808148980141, 0.743341267109, 0.520635843277, 0.326072096825, 0.718316197395], "var": [0.0670523792505, 0.0195821896195, 0.0305289607495, 0.00848726276308, 0.00293044280261, 0.0042523839511], "mean": [0.504652261734, 0.175978466868, 0.198177292943, 0.0848568603396, 0.0469747036695, 0.0477421469986]}}, "lowlevel": {"barkbands_spread": {"dmean2": 7.79686927795, "median": 15.0255413055, "min": 0.406931936741, "dvar2": 130.502822876, "dvar": 67.5778884888, "dmean": 5.34568357468, "max": 113.423950195, "var": 224.813140869, "mean": 17.9419155121}, "melbands_spread": {"dmean2": 8.51445484161, "median": 14.0759944916, "min": 0.552961885929, "dvar2": 269.727752686, "dvar": 144.506744385, "dmean": 5.86095285416, "max": 236.014480591, "var": 438.921905518, "mean": 18.0854969025}, "hfc": {"dmean2": 7.14712238312, "median": 10.0048627853, "min": 1.13654722044e-16, "dvar2": 118.991676331, "dvar": 68.6011276245, "dmean": 5.39741373062, "max": 167.517059326, "var": 298.960327148, "mean": 16.1176490784}, "barkbands_kurtosis": {"dmean2": 6.8789601326, "median": 3.93138289452, "min": -1.93942952156, "dvar2": 169.834533691, "dvar": 76.2614822388, "dmean": 4.52390861511, "max": 420.409515381, "var": 206.359268188, "mean": 9.3494052887}, "gfcc": {"mean": [-24.9329376221, 100.724868774, -97.1880722046, 37.2736358643, -58.7583847046, 15.0966405869, -37.4546890259, 9.81691932678, -23.2997531891, 2.27145075798, -17.4392795563, -0.784862697124, -20.7173099518], "icov": [[0.000351106835296, -0.000292537326459, 0.000504330324475, -0.000729627732653, 0.000562248984352, -0.000657220196445, 0.000696918286849, -0.00111857475713, 0.000593244738411, -0.000495673040859, 0.000551677891053, -0.000514813058544, 0.000692239496857], [-0.000292537326459, 0.00386939011514, -0.00111066573299, 0.00300997286104, -0.00368908350356, 0.00327032245696, -0.00395545782521, 0.0031742665451, -0.00364276766777, 0.00326310354285, -0.00364689785056, 0.00234422553331, -0.00222337828018], [0.000504330324475, -0.00111066573299, 0.00256056129001, -0.00229764217511, 0.000924394815229, -0.00266004307196, 0.00184532359708, -0.00196656002663, 0.00207586330362, -0.0011242472101, 0.00167824490927, -0.00264995638281, 0.00136190210469], [-0.000729627732653, 0.00300997286104, -0.00229764217511, 0.00655763410032, -0.00427984539419, 0.00286125671118, -0.0039897589013, 0.00434577418491, -0.00402623740956, 0.00291607668623, -0.00321428407915, 0.003154120408, -0.00378668634221], [0.000562248984352, -0.00368908350356, 0.000924394815229, -0.00427984539419, 0.00730099668726, -0.00369814340957, 0.00399710377678, -0.00347418989986, 0.00236417376436, -0.00326811801642, 0.00268802279606, -0.00114478496835, 0.00225280388258], [-0.000657220196445, 0.00327032245696, -0.00266004307196, 0.00286125671118, -0.00369814340957, 0.0106674674898, -0.00588606391102, 0.00304522551596, -0.00367470039055, 0.00102541886736, -0.00185159302782, 0.00239826762117, -0.00075485475827], [0.000696918286849, -0.00395545782521, 0.00184532359708, -0.0039897589013, 0.00399710377678, -0.00588606391102, 0.00893015693873, -0.00519471196458, 0.00529748573899, -0.00303174951114, 0.00267277378589, -0.00138629425783, 0.00249965116382], [-0.00111857475713, 0.0031742665451, -0.00196656002663, 0.00434577418491, -0.00347418989986, 0.00304522551596, -0.00519471196458, 0.0128483474255, -0.0071452842094, 0.00592110073194, -0.00436167232692, 0.00037763355067, 0.000569872034248], [0.000593244738411, -0.00364276766777, 0.00207586330362, -0.00402623740956, 0.00236417376436, -0.00367470039055, 0.00529748573899, -0.0071452842094, 0.0133589608595, -0.00576327973977, 0.00386203173548, 0.000959293975029, -1.67550806509e-05], [-0.000495673040859, 0.00326310354285, -0.0011242472101, 0.00291607668623, -0.00326811801642, 0.00102541886736, -0.00303174951114, 0.00592110073194, -0.00576327973977, 0.0118318796158, -0.00300478376448, 0.00242013786919, -0.000895676552318], [0.000551677891053, -0.00364689785056, 0.00167824490927, -0.00321428407915, 0.00268802279606, -0.00185159302782, 0.00267277378589, -0.00436167232692, 0.00386203173548, -0.00300478376448, 0.012581396848, -0.00636657048017, 0.00454484997317], [-0.000514813058544, 0.00234422553331, -0.00264995638281, 0.003154120408, -0.00114478496835, 0.00239826762117, -0.00138629425783, 0.00037763355067, 0.000959293975029, 0.00242013786919, -0.00636657048017, 0.0158451590687, -0.00663755415007], [0.000692239496857, -0.00222337828018, 0.00136190210469, -0.00378668634221, 0.00225280388258, -0.00075485475827, 0.00249965116382, 0.000569872034248, -1.67550806509e-05, -0.000895676552318, 0.00454484997317, -0.00663755415007, 0.0165849402547]], "cov": [[6460.77392578, -1046.21533203, -776.452453613, -39.0217132568, -457.281005859, 111.353935242, -167.274414063, 464.751861572, -2.4608745575, 40.3853797913, -67.3985595703, 31.0317802429, -245.579681396], [-1046.21533203, 1290.11291504, -9.78427028656, -18.2472877502, 369.554260254, -102.638641357, 225.058761597, -28.716588974, 113.394393921, -101.128341675, 152.356079102, -69.2402496338, 50.6456451416], [-776.452453613, -9.78427028656, 990.640075684, 284.154785156, 181.360473633, 184.180679321, 43.6096000671, -24.9019412994, -47.1303291321, 11.8269147873, -8.19608688354, 85.101020813, 29.553647995], [-39.0217132568, -18.2472877502, 284.154785156, 477.879882813, 219.236862183, 85.1522903442, 39.6092567444, -55.2804527283, 64.3451004028, 39.279499054, -29.4865913391, -39.4633712769, 49.4567451477], [-457.281005859, 369.554260254, 181.360473633, 219.236862183, 437.398803711, 67.1280593872, 36.1906700134, -25.1952800751, 92.3965301514, 38.3131446838, 2.20840501785, -59.5803375244, 20.5574989319], [111.353935242, -102.638641357, 184.180679321, 85.1522903442, 67.1280593872, 221.946975708, 90.4284286499, 16.2645702362, 14.7398691177, 46.0492973328, -26.0882282257, -17.256111145, -24.5496826172], [-167.274414063, 225.058761597, 43.6096000671, 39.6092567444, 36.1906700134, 90.4284286499, 301.372009277, 42.987663269, -20.0041770935, -15.8956127167, 35.3487091064, -16.5383052826, -22.2679691315], [464.751861572, -28.716588974, -24.9019412994, -55.2804527283, -25.1952800751, 16.2645702362, 42.987663269, 193.608108521, 23.6567058563, -42.7075119019, 36.3672561646, 21.2632637024, -46.532283783], [-2.4608745575, 113.394393921, -47.1303291321, 64.3451004028, 92.3965301514, 14.7398691177, -20.0041770935, 23.6567058563, 171.941543579, 45.8166885376, -24.4820919037, -58.3991584778, 10.1730127335], [40.3853797913, -101.128341675, 11.8269147873, 39.279499054, 38.3131446838, 46.0492973328, -15.8956127167, -42.7075119019, 45.8166885376, 150.899932861, -28.9352436066, -33.1041793823, -3.61474084854], [-67.3985595703, 152.356079102, -8.19608688354, -29.4865913391, 2.20840501785, -26.0882282257, 35.3487091064, 36.3672561646, -24.4820919037, -28.9352436066, 150.35319519, 46.0257415771, -15.2551841736], [31.0317802429, -69.2402496338, 85.101020813, -39.4633712769, -59.5803375244, -17.256111145, -16.5383052826, 21.2632637024, -58.3991584778, -33.1041793823, 46.0257415771, 127.949424744, 19.2414474487], [-245.579681396, 50.6456451416, 29.553647995, 49.4567451477, 20.5574989319, -24.5496826172, -22.2679691315, -46.532283783, 10.1730127335, -3.61474084854, -15.2551841736, 19.2414474487, 98.9421691895]]}, "spectral_energyband_middle_low": {"dmean2": 0.00622377544641, "median": 0.00939615629613, "min": 2.30450150812e-22, "dvar2": 7.48732272768e-05, "dvar": 3.5473574826e-05, "dmean": 0.00423265853897, "max": 0.124538064003, "var": 0.000124829370179, "mean": 0.0123478975147}, "melbands_crest": {"dmean2": 4.081158638, "median": 13.1311807632, "min": 1.00030887127, "dvar2": 14.5234155655, "dvar": 5.98550033569, "dmean": 2.53937697411, "max": 31.2075996399, "var": 18.3421058655, "mean": 13.5609493256}, "spectral_kurtosis": {"dmean2": 2.82971215248, "median": 4.25405883789, "min": -1.23739075661, "dvar2": 16.1138286591, "dvar": 6.56409692764, "dmean": 1.79556584358, "max": 79.7018356323, "var": 18.1853122711, "mean": 4.97461366653}, "spectral_rms": {"dmean2": 0.000891799165402, "median": 0.00461658276618, "min": 3.20853868647e-12, "dvar2": 8.66049219894e-07, "dvar": 4.98980682551e-07, "dmean": 0.000650227710139, "max": 0.0123916193843, "var": 2.99420730698e-06, "mean": 0.00459092715755}, "zerocrossingrate": {"dmean2": 0.012645130977, "median": 0.0439453125, "min": 0.00390625, "dvar2": 0.000295883684885, "dvar": 0.000289767398499, "dmean": 0.0112123070285, "max": 0.513671875, "var": 0.00177871261258, "mean": 0.0512272827327}, "silence_rate_60dB": {"dmean2": 0.061112165451, "median": 0, "min": 0, "dvar2": 0.0653419420123, "dvar": 0.0296186376363, "dmean": 0.030553182587, "max": 1, "var": 0.0639745593071, "mean": 0.0686907023191}, "erbbands_kurtosis": {"dmean2": 1.67868328094, "median": 0.0800523012877, "min": -1.87048137188, "dvar2": 6.03187179565, "dvar": 2.67494535446, "dmean": 1.08225417137, "max": 47.861995697, "var": 7.23715543747, "mean": 0.873796224594}, "erbbands": {"dmean2": [0.0490105636418, 0.446900635958, 2.08634853363, 3.86582779884, 8.21713066101, 10.4365787506, 7.09086227417, 7.69598865509, 16.1193504333, 28.1413841248, 33.304523468, 29.1063327789, 16.6009483337, 14.0258131027, 19.5726528168, 16.954240799, 16.2754707336, 20.9361724854, 18.0587005615, 12.9147729874, 9.56192207336, 10.6725969315, 8.59459877014, 14.0947237015, 10.8213720322, 2.80558371544, 3.07328796387, 3.88911032677, 3.6604642868, 3.47170758247, 3.2610077858, 2.63047099113, 1.24210989475, 0.710041344166, 0.346387624741, 0.167167857289, 0.073190741241, 0.00665832357481, 0.000118628639029, 1.43298957482e-05], "median": [0.109592616558, 1.14018559456, 2.82034015656, 5.27410364151, 5.13480806351, 5.7869143486, 3.67548465729, 3.63632488251, 5.55941200256, 8.54934406281, 8.84467792511, 6.41847991943, 3.75982356071, 2.68268680573, 3.53380012512, 5.63583421707, 3.8958132267, 3.39570593834, 3.00736927986, 2.55705690384, 2.52707958221, 3.5326025486, 3.1395778656, 3.35660982132, 3.07792949677, 1.4910248518, 1.19423639774, 1.61087930202, 1.56582927704, 1.19974684715, 0.732029080391, 0.438269495964, 0.270095020533, 0.188292652369, 0.0755452215672, 0.0272531285882, 0.0106651056558, 0.000961748824921, 3.3428241295e-05, 2.81427619484e-05], "min": [7.32075339871e-22, 4.55641898719e-21, 1.77156544776e-20, 3.35140755476e-20, 3.11762337231e-20, 1.17550171561e-19, 1.13370311603e-19, 2.5334045111e-19, 3.30482927296e-19, 1.2727159103e-18, 8.17982467539e-19, 7.75387835871e-19, 1.50602323605e-18, 5.63984149348e-19, 1.78647458344e-18, 3.45867313127e-18, 4.81372215365e-18, 3.70533652878e-18, 5.63840592153e-18, 7.15722243633e-18, 9.21979233064e-18, 1.03954980497e-17, 1.6476824034e-17, 8.0993224242e-18, 1.10661951155e-17, 1.37020574226e-17, 1.04521574401e-17, 1.41010885229e-17, 2.14412262353e-17, 1.76374246079e-17, 1.80684965492e-17, 1.93148128869e-17, 1.48225753055e-17, 1.31635016324e-17, 9.15039105007e-18, 5.40505785713e-18, 3.20729956056e-18, 1.17569506908e-18, 3.04304806408e-19, 3.01817299823e-20], "dvar2": [0.0121256466955, 0.351047098637, 9.61601257324, 31.2132720947, 245.176925659, 313.306304932, 220.908096313, 285.618438721, 1592.33764648, 4394.93896484, 8955.06347656, 12384.2226563, 1859.54187012, 2153.19995117, 6649.95166016, 2901.43554688, 2013.33483887, 2424.66381836, 2285.9609375, 1602.06018066, 942.812866211, 566.383911133, 323.078094482, 1124.84716797, 530.100891113, 29.0441589355, 40.6499671936, 64.9265823364, 65.8206634521, 111.480201721, 140.172714233, 132.835540771, 20.5864505768, 4.31300210953, 0.876599013805, 0.208590984344, 0.0327446199954, 0.000210327270906, 6.66317703235e-08, 3.76417480519e-10], "dvar": [0.00509186508134, 0.18324534595, 4.11844158173, 13.416138649, 95.0900421143, 118.451118469, 101.364280701, 118.310050964, 711.094482422, 2177.68041992, 4982.98339844, 6506.42285156, 1149.31408691, 1217.32873535, 3160.28759766, 1378.01171875, 861.280090332, 1110.90979004, 1140.87194824, 743.312866211, 473.526000977, 260.878723145, 153.011795044, 583.312561035, 280.806762695, 11.8292579651, 17.3783435822, 28.9844684601, 32.2315254211, 58.018447876, 69.6239929199, 64.8244400024, 11.0309238434, 2.30453467369, 0.519348978996, 0.116068154573, 0.0178765747696, 0.00010876313172, 3.61594771903e-08, 2.05140807119e-10], "dmean": [0.0317598208785, 0.312280446291, 1.35587871075, 2.43017339706, 5.06121301651, 6.39059305191, 4.59962034225, 4.81698942184, 10.5344600677, 19.2115631104, 23.8217563629, 21.4991188049, 12.6618261337, 10.3392448425, 13.9354610443, 11.398478508, 10.5799093246, 13.9680147171, 12.5052814484, 8.81641960144, 6.64094543457, 7.07857179642, 5.83502292633, 9.89383792877, 7.42623662949, 1.80780375004, 1.98339283466, 2.57539176941, 2.49400258064, 2.42575955391, 2.24203467369, 1.80212962627, 0.869475662708, 0.494936436415, 0.243092134595, 0.115297488868, 0.0496154204011, 0.00444802735001, 8.07592878118e-05, 1.03553047666e-05], "max": [0.992443859577, 6.82437992096, 26.333322525, 46.6925354004, 235.801330566, 160.93069458, 311.454956055, 382.038574219, 856.867858887, 1156.87683105, 2008.77294922, 3294.65234375, 801.806762695, 1440.921875, 1549.53137207, 1736.82446289, 830.647949219, 554.809326172, 889.218444824, 891.937988281, 937.404602051, 388.831420898, 376.996917725, 603.565124512, 350.454040527, 88.4484939575, 118.501899719, 147.010269165, 122.76638031, 231.754074097, 232.409957886, 357.202087402, 97.1253128052, 46.1474113464, 20.4168949127, 12.2735338211, 3.8894906044, 0.232863351703, 0.00431892508641, 0.000285203248495], "var": [0.0117430081591, 0.724174320698, 12.4947757721, 47.0461769104, 142.239212036, 197.129333496, 293.139038086, 283.636932373, 1515.35388184, 5892.81640625, 15020.7421875, 17837.0351563, 4032.53320313, 3156.72827148, 6891.37304688, 2721.75097656, 1598.19238281, 2562.84008789, 2435.21923828, 1722.76586914, 1601.32922363, 746.251464844, 477.874420166, 1831.79846191, 906.200866699, 20.0952415466, 37.4012260437, 72.973487854, 79.3419342041, 152.211776733, 173.897018433, 147.216659546, 23.451051712, 5.23819541931, 1.35179114342, 0.297020077705, 0.0367644615471, 0.000224299335969, 8.10608042912e-08, 7.24126369978e-10], "mean": [0.115486271679, 1.05707526207, 3.64788150787, 7.21065235138, 8.43960857391, 10.6868619919, 9.27968406677, 9.25480270386, 19.5434207916, 37.5134048462, 46.0946617126, 40.2217674255, 24.3570804596, 19.3413467407, 24.2116107941, 19.2926483154, 16.767988205, 21.9945087433, 19.3322029114, 14.5278015137, 12.3809289932, 13.2185583115, 11.7666292191, 19.7244777679, 14.4019908905, 3.05179834366, 3.43627262115, 4.74402141571, 4.60615348816, 4.1670832634, 3.59737968445, 2.86035132408, 1.34398603439, 0.760813415051, 0.357660800219, 0.157481953502, 0.0615042410791, 0.00535666802898, 0.000112620524305, 3.43462379533e-05]}, "spectral_strongpeak": {"dmean2": 0.737928330898, "median": 0.478125840425, "min": 0, "dvar2": 1.38874399662, "dvar": 0.603903114796, "dmean": 0.446723550558, "max": 15.3421945572, "var": 1.29892504215, "mean": 0.893001079559}, "spectral_energy": {"dmean2": 0.00916297547519, "median": 0.0218456611037, "min": 1.05520886194e-20, "dvar2": 0.000121278200822, "dvar": 6.3764724473e-05, "dmean": 0.00649039074779, "max": 0.157391041517, "var": 0.000281768065179, "mean": 0.0246726460755}, "average_loudness": 0.944963514805, "spectral_rolloff": {"dmean2": 707.703186035, "median": 667.529296875, "min": 107.666015625, "dvar2": 2129706.5, "dvar": 1056649.5, "dmean": 428.245574951, "max": 19143.0175781, "var": 2547472.5, "mean": 1145.63244629}, "spectral_centroid": {"dmean2": 355.173797607, "median": 944.069335938, "min": 132.821182251, "dvar2": 231723.703125, "dvar": 118717.90625, "dmean": 244.446014404, "max": 11393.4697266, "var": 464975.71875, "mean": 1051.33068848}, "pitch_salience": {"dmean2": 0.0981762483716, "median": 0.534889876842, "min": 0.140138179064, "dvar2": 0.00759231904522, "dvar": 0.00311136175878, "dmean": 0.0611576251686, "max": 0.996096670628, "var": 0.00930673908442, "mean": 0.533370196819}, "spectral_energyband_middle_high": {"dmean2": 0.00192553002853, "median": 0.00159726792481, "min": 1.53394828484e-21, "dvar2": 1.05387862277e-05, "dvar": 6.04495107837e-06, "dmean": 0.00145663798321, "max": 0.0530850104988, "var": 2.73498153547e-05, "mean": 0.00376064796001}, "spectral_contrast_coeffs": {"dmean2": [0.0723332539201, 0.0742474347353, 0.0614040531218, 0.0555234588683, 0.0498191080987, 0.0339280217886], "median": [-0.638266026974, -0.698998332024, -0.737528979778, -0.752695322037, -0.748165726662, -0.776867747307], "min": [-0.963510930538, -0.996507644653, -0.999022364616, -0.98796492815, -0.988636612892, -0.960783541203], "dvar2": [0.00363933946937, 0.00400504143909, 0.00255373306572, 0.00211973837577, 0.00174943893217, 0.000820992572699], "dvar": [0.00143622781616, 0.00167691439856, 0.00121042120736, 0.000988870742731, 0.00088848231826, 0.000397949042963], "dmean": [0.0446050837636, 0.0472243539989, 0.0403143391013, 0.036835540086, 0.0336184054613, 0.0228117275983], "max": [-0.327183455229, -0.330337613821, -0.420727491379, -0.485644370317, -0.48434612155, -0.53616052866], "var": [0.00523375719786, 0.00706163374707, 0.00638212822378, 0.00496684247628, 0.00481486367062, 0.00266639166512], "mean": [-0.629410803318, -0.691942870617, -0.728069841862, -0.74348628521, -0.740475654602, -0.768549323082]}, "melbands_skewness": {"dmean2": 1.18417847157, "median": 2.82947921753, "min": -0.91739821434, "dvar2": 1.87998104095, "dvar": 0.861703574657, "dmean": 0.801168322563, "max": 14.9785432816, "var": 3.61469984055, "mean": 3.19213628769}, "spectral_spread": {"dmean2": 1013628.5, "median": 4576554, "min": 842961.125, "dvar2": 1378163097600.0, "dvar": 763979694080, "dmean": 731119.5625, "max": 42554732, "var": 3005872078850.0, "mean": 4995346.5}, "dissonance": {"dmean2": 0.0404479242861, "median": 0.447940051556, "min": 0.235956728458, "dvar2": 0.00131402804982, "dvar": 0.000502212613355, "dmean": 0.0244646072388, "max": 0.499848634005, "var": 0.00128286634572, "mean": 0.441449522972}, "spectral_skewness": {"dmean2": 0.389043211937, "median": 1.69333767891, "min": -0.0504348278046, "dvar2": 0.168107450008, "dvar": 0.0813493281603, "dmean": 0.260869175196, "max": 7.17642116547, "var": 0.372529178858, "mean": 1.72739577293}, "spectral_flux": {"dmean2": 0.0347761139274, "median": 0.0593264959753, "min": 6.79288986172e-11, "dvar2": 0.00125798245426, "dvar": 0.00054770213319, "dmean": 0.0223839245737, "max": 0.263764351606, "var": 0.00145856454037, "mean": 0.0661316215992}, "spectral_contrast_valleys": {"dmean2": [0.592385351658, 0.609983623028, 0.554123163223, 0.516157448292, 0.534393727779, 0.527202963829], "median": [-6.81359052658, -7.08923530579, -8.04417419434, -8.51944732666, -8.42428588867, -10.2869501114], "min": [-27.4028911591, -27.5131244659, -27.2835006714, -27.2102966309, -27.2660827637, -27.4062995911], "dvar2": [0.286053717136, 0.314957082272, 0.252315014601, 0.220121845603, 0.274224966764, 0.266586750746], "dvar": [0.151625216007, 0.134165495634, 0.118400387466, 0.107946097851, 0.149575710297, 0.172455132008], "dmean": [0.3910407722, 0.380001991987, 0.357315450907, 0.343193948269, 0.374966412783, 0.415301710367], "max": [-5.58769655228, -4.36549758911, -5.12714481354, -6.23575258255, -6.30913925171, -7.42974853516], "var": [1.02885997295, 0.760960221291, 0.867405235767, 0.747260451317, 0.855843365192, 1.26922535896], "mean": [-7.14982748032, -7.08878517151, -8.06396102905, -8.58822250366, -8.53434562683, -10.4374713898]}, "erbbands_flatness_db": {"dmean2": 0.0270848143846, "median": 0.158026248217, "min": 0.0401090942323, "dvar2": 0.000658231903799, "dvar": 0.000351753813447, "dmean": 0.0197359342128, "max": 0.339385211468, "var": 0.00162039871793, "mean": 0.158121928573}, "spectral_energyband_high": {"dmean2": 0.00041743152542, "median": 0.000222586793825, "min": 7.70462841278e-21, "dvar2": 1.09769405299e-06, "dvar": 6.58058411318e-07, "dmean": 0.000303959386656, "max": 0.0207653734833, "var": 2.01574653147e-06, "mean": 0.000591069634538}, "spectral_entropy": {"dmean2": 0.318613141775, "median": 7.19125843048, "min": 4.63792276382, "dvar2": 0.109411358833, "dvar": 0.0607111752033, "dmean": 0.228947550058, "max": 9.81015014648, "var": 0.281883180141, "mean": 7.19496870041}, "silence_rate_20dB": {"dmean2": 0, "median": 1, "min": 1, "dvar2": 0, "dvar": 0, "dmean": 0, "max": 1, "var": 0, "mean": 1}, "melbands_flatness_db": {"dmean2": 0.0382243655622, "median": 0.229191377759, "min": 3.8397621438e-07, "dvar2": 0.00170404603705, "dvar": 0.000935149844736, "dmean": 0.0280124619603, "max": 0.641847908497, "var": 0.0061862366274, "mean": 0.242206037045}, "barkbands": {"dmean2": [0.000195367741981, 0.00181638996582, 0.00214081793092, 0.00149444118142, 0.00293458066881, 0.000918933015782, 0.00144167279359, 0.00160015490837, 0.0011896493379, 0.000503606570419, 0.000486009696033, 0.000414204172557, 0.000374312658096, 0.000407036044635, 0.00034237036