{"tonal": {"thpcp": [1, 0.716197311878, 0.632314801216, 0.715779900551, 0.557326436043, 0.521502315998, 0.584638834, 0.549089193344, 0.825530707836, 0.968394517899, 0.593508064747, 0.380523860455, 0.389828771353, 0.484683483839, 0.707602679729, 0.788314402103, 0.744277358055, 0.710620582104, 0.619084954262, 0.514809548855, 0.577442169189, 0.550268650055, 0.42416703701, 0.779345571995, 0.977521121502, 0.600148022175, 0.388381481171, 0.374057114124, 0.385091036558, 0.561720252037, 0.630302667618, 0.520968437195, 0.535104691982, 0.527479350567, 0.451136320829, 0.759355127811], "hpcp": {"dmean2": [0.211513563991, 0.186227425933, 0.191129311919, 0.202254712582, 0.183097228408, 0.225298374891, 0.269877374172, 0.222791194916, 0.211919769645, 0.228739827871, 0.209206536412, 0.198481380939, 0.203613951802, 0.195772573352, 0.244582116604, 0.264542192221, 0.207173570991, 0.157666161656, 0.17076715827, 0.252404689789, 0.300998628139, 0.275137364864, 0.268222510815, 0.253794461489, 0.221937805414, 0.196063399315, 0.201003849506, 0.190670639277, 0.176449745893, 0.222947284579, 0.235903635621, 0.193768158555, 0.168902441859, 0.162358745933, 0.164261639118, 0.199746116996], "median": [0.104441970587, 0.0983942076564, 0.0883042365313, 0.0746820271015, 0.0738783329725, 0.143153697252, 0.170716583729, 0.135983794928, 0.0909370332956, 0.0958688408136, 0.0775155946612, 0.0763695910573, 0.074560649693, 0.104922965169, 0.152842625976, 0.181294381618, 0.110760241747, 0.0527275577188, 0.051935069263, 0.0637164115906, 0.108697608113, 0.143458783627, 0.135720685124, 0.114012472332, 0.085208311677, 0.0746695995331, 0.0787874609232, 0.0774384588003, 0.0755264759064, 0.132886007428, 0.151865720749, 0.111899763346, 0.0576812326908, 0.0517194159329, 0.0607732981443, 0.0899228751659], "min": [0, 0, 0, 0, 0, 0, 0, 0, 0, 0, 0, 0, 0, 0, 0, 0, 0, 0, 0, 0, 0, 0, 0, 0, 0, 0, 0, 0, 0, 0, 0, 0, 0, 0, 0, 0], "dvar2": [0.0720101743937, 0.0580011345446, 0.0643251463771, 0.0797367691994, 0.0651626884937, 0.0740698501468, 0.09994789958, 0.0724440291524, 0.0764297693968, 0.0906277820468, 0.0836589857936, 0.0752310827374, 0.0791440308094, 0.0649593770504, 0.087503246963, 0.0945741906762, 0.0706015452743, 0.0580688603222, 0.0674843266606, 0.12255358696, 0.144832476974, 0.103213824332, 0.0957349315286, 0.0951022431254, 0.0883370414376, 0.0707898288965, 0.0792372748256, 0.0732655748725, 0.0562947876751, 0.0756744369864, 0.087136015296, 0.0606562830508, 0.0607580579817, 0.0613213963807, 0.052425712347, 0.0694852620363], "dvar": [0.0297516044229, 0.0232095606625, 0.0262166280299, 0.0317953079939, 0.0248971991241, 0.0307639166713, 0.0445462279022, 0.0291598532349, 0.0319502577186, 0.0401775091887, 0.0339561924338, 0.0295706763864, 0.0318793691695, 0.0258494187146, 0.0350679792464, 0.0399163849652, 0.0289260260761, 0.022393450141, 0.025286398828, 0.0456985458732, 0.0568466670811, 0.041127409786, 0.0380073711276, 0.038034401834, 0.0358358062804, 0.0280197486281, 0.0316555798054, 0.0295006744564, 0.0211975034326, 0.0308541599661, 0.0381891988218, 0.0235106553882, 0.0239924266934, 0.0239763222635, 0.0210812091827, 0.0286363791674], "dmean": [0.126977607608, 0.111158661544, 0.115861080587, 0.121673300862, 0.108831875026, 0.136313900352, 0.162463873625, 0.133258387446, 0.127446398139, 0.13828022778, 0.125050857663, 0.116736330092, 0.121464908123, 0.115540251136, 0.147213131189, 0.161441087723, 0.124896153808, 0.0915686562657, 0.0980062708259, 0.144514784217, 0.176269263029, 0.164348363876, 0.1602871418, 0.151606038213, 0.133690342307, 0.117756873369, 0.120358966291, 0.1137188375, 0.103198669851, 0.134054869413, 0.140568241477, 0.116413325071, 0.099739536643, 0.0964973494411, 0.0980792120099, 0.120263643563], "max": [1, 1, 1, 1, 1, 1, 1, 1, 1, 1, 1, 1, 1, 1, 1, 1, 1, 1, 1, 1, 1, 1, 1, 1, 1, 1, 1, 1, 1, 1, 1, 1, 1, 1, 1, 1], "var": [0.0572275370359, 0.0355820655823, 0.0452534928918, 0.0500921867788, 0.0324509032071, 0.0599486604333, 0.108274303377, 0.0541890002787, 0.0627695992589, 0.0829565897584, 0.0533193983138, 0.0448705181479, 0.0599472783506, 0.0382822453976, 0.072602391243, 0.0932588428259, 0.0439507476985, 0.0304129272699, 0.0324462801218, 0.0463429987431, 0.0717911571264, 0.072522059083, 0.0661636516452, 0.0692743360996, 0.066176854074, 0.0444722734392, 0.060609895736, 0.0561943538487, 0.0266859252006, 0.0733314678073, 0.114232771099, 0.0419796593487, 0.0312188286334, 0.03010157682, 0.0264125987887, 0.0498046316206], "mean": [0.197854191065, 0.1635337919, 0.167971208692, 0.165577590466, 0.14161324501, 0.238364189863, 0.313903450966, 0.224816799164, 0.198485791683, 0.224685788155, 0.174946695566, 0.163701370358, 0.183520138264, 0.172361001372, 0.259136945009, 0.303982377052, 0.186304226518, 0.119447752833, 0.122368596494, 0.15214382112, 0.222118914127, 0.247454613447, 0.233631238341, 0.22306625545, 0.194332912564, 0.161600500345, 0.181261092424, 0.172731235623, 0.133147493005, 0.244639262557, 0.306847244501, 0.18838852644, 0.121914289892, 0.117417819798, 0.120881408453, 0.176325932145]}, "tuning_equal_tempered_deviation": 0.116860918701, "chords_changes_rate": 0.0626767203212, "key_key": "C", "tuning_diatonic_strength": 0.57810240984, "key_scale": "major", "chords_number_rate": 0.00353440153413, "tuning_frequency": 447.949737549, "tuning_nontempered_energy_ratio": 0.770364165306, "chords_histogram": [8.95381736755, 40.5513648987, 10.5560789108, 1.2959471941, 3.20452404022, 0.565504252911, 5.91423177719, 2.78039574623, 2.82752132416, 3.79359102249, 1.86145150661, 0, 0.754005670547, 0.117813386023, 0.0942507088184, 0, 0.518378913403, 0.471253544092, 0, 3.27521204948, 3.74646568298, 1.36663520336, 1.15457117558, 6.19698381424], "key_strength": 0.659603476524, "chords_key": "E", "chords_strength": {"dmean2": 0.0118158198893, "median": 0.518098175526, "min": 0.210653290153, "dvar2": 0.00011740635091, "dvar": 8.7993706984e-05, "dmean": 0.0109901949763, "max": 0.744799613953, "var": 0.00885917339474, "mean": 0.510331630707}, "chords_scale": "minor", "hpcp_entropy": {"dmean2": 1.01155340672, "median": 2.25737714767, "min": 0, "dvar2": 0.744003772736, "dvar": 0.27440109849, "dmean": 0.602730751038, "max": 4.67494678497, "var": 0.540066897869, "mean": 2.23260307312}}, "metadata": {"audio_properties": {"equal_loudness": 0, "codec": "mp3", "downmix": "mix", "sample_rate": 44100, "analysis_sample_rate": 44100, "bit_rate": 180879, "md5_encoded": "d0f0f7671214ded5e8282bd86eedf38e", "length": 197.041625977, "replay_gain": -13.0270633698, "lossless": false}, "version": {"essentia_build_sha": "70f2e5ece6736b2c40cc944ad0e695b16b925413", "essentia": "2.1-beta2", "extractor": "music 1.0", "essentia_git_sha": "v2.1_beta2"}, "tags": {"title": ["Saving Grace"], "barcode": ["721616004724"], "media": ["CD"], "albumartist": ["Evan Johns and the H-Bombs"], "musicbrainz_recordingid": ["18a3cb9e-4668-4241-8020-db677e5db5c7"], "musicbrainz_albumartistid": ["dd226a3e-6fb3-415f-8917-d453bde3af65"], "album": ["Rollin' Through the Night"], "catalognumber": ["VIRUS 47CD"], "musicbrainz album release country": ["US"], "musicbrainz album status": ["official"], "originaldate": ["1986"], "date": ["1993"], "file_name": "10 - Saving Grace.mp3", "musicbrainz_releasegroupid": ["308bb95e-98e5-333b-859b-62ac32862a77"], "script": ["Latn"], "asin": ["B000000F72"], "musicbrainz_albumid": ["504876e6-b9bc-406b-a987-c0667d785c6e"], "artist": ["Evan Johns and the H-Bombs"], "artistsort": ["Johns, Evan and the H-Bombs"], "tracknumber": ["10/15"], "label": ["Alternative Tentacles"], "albumartistsort": ["Johns, Evan and the H-Bombs"], "musicbrainz_artistid": ["dd226a3e-6fb3-415f-8917-d453bde3af65"]}}, "rhythm": {"bpm_histogram_first_peak_bpm": {"dmean2": 0, "median": 123, "min": 123, "dvar2": 0, "dvar": 0, "dmean": 0, "max": 123, "var": 0, "mean": 123}, "bpm": 121.78011322, "bpm_histogram_second_peak_spread": {"dmean2": 0, "median": 0.0454545617104, "min": 0.0454545617104, "dvar2": 0, "dvar": 0, "dmean": 0, "max": 0.0454545617104, "var": 0, "mean": 0.0454545617104}, "bpm_histogram_first_peak_weight": {"dmean2": 0, "median": 0.424317628145, "min": 0.424317628145, "dvar2": 0, "dvar": 0, "dmean": 0, "max": 0.424317628145, "var": 0, "mean": 0.424317628145}, "onset_rate": 3.71975183487, "beats_position": [0.545668900013, 1.10294783115, 1.66022670269, 2.18267560005, 2.69351458549, 3.20435357094, 3.7151927948, 4.20281171799, 4.7020406723, 5.20126962662, 5.70049858093, 6.19972801208, 6.6989569664, 7.19818592072, 7.69741487503, 8.19664382935, 8.70748329163, 9.2067117691, 9.70594120026, 10.2051696777, 10.7043991089, 11.2036275864, 11.7028570175, 12.202085495, 12.689704895, 13.1889343262, 13.6765527725, 14.1641721725, 14.6517915726, 15.1394100189, 15.6386394501, 16.1378688812, 16.637096405, 17.1363258362, 17.6239452362, 18.1115646362, 18.5991840363, 19.1100215912, 19.5976409912, 20.0852603912, 20.5844898224, 21.0837192535, 21.5829467773, 22.0705661774, 22.5697956085, 23.0690250397, 23.5682544708, 24.0558719635, 24.5434913635, 25.0311107635, 25.5303401947, 26.0295696259, 26.5171871185, 27.0280265808, 27.5388660431, 28.0380954742, 28.537322998, 29.0481624603, 29.5473918915, 30.0466213226, 30.5574588776, 31.0682983398, 31.5791378021, 32.0667572021, 32.5775947571, 33.0768241882, 33.5760536194, 34.0636711121, 34.5629005432, 35.0621299744, 35.5497512817, 36.0373687744, 36.5365982056, 37.0358276367, 37.5350570679, 38.034286499, 38.5335159302, 39.0327415466, 39.520362854, 40.0195922852, 40.5072097778, 41.006439209, 41.5056686401, 42.0048980713, 42.5041275024, 43.0033569336, 43.50258255, 44.0018119812, 44.5010414124, 45.0002708435, 45.4995002747, 45.9987297058, 46.497959137, 46.9971885681, 47.4848060608, 47.9840354919, 48.4832649231, 48.9708824158, 49.4585037231, 49.9577331543, 50.4569587708, 50.9445800781, 51.4554176331, 51.9546470642, 52.4538764954, 52.941493988, 53.4407234192, 53.9399528503, 54.4391822815, 54.9384117126, 55.4492492676, 55.9484786987, 56.4477081299, 56.9353294373, 57.4345550537, 57.9337844849, 58.433013916, 58.9322433472, 59.4198646545, 59.9074821472, 60.4067115784, 60.9059410095, 61.3935585022, 61.8811798096, 62.3687973022, 62.8680267334, 63.3556442261, 63.8548736572, 64.3424911499, 64.8301086426, 65.3177337646, 65.8053512573, 66.3045806885, 66.8038101196, 67.3030395508, 67.8022689819, 68.2898864746, 68.7775039673, 69.26512146, 69.7527389526, 70.2519683838, 70.7395935059, 71.2272109985, 71.7032165527, 72.1908340454, 72.6552352905, 73.1428527832, 73.6304779053, 74.1180953979, 74.6057128906, 75.1049423218, 75.6041717529, 76.0917892456, 76.5910186768, 77.0902481079, 77.5778656006, 78.0654830933, 78.5647125244, 79.0639419556, 79.5631713867, 80.0507888794, 80.5384140015, 81.0376434326, 81.5252609253, 82.012878418, 82.5004959106, 82.9997253418, 83.4989547729, 83.9865722656, 84.4741897583, 84.9734191895, 85.4726486206, 85.9602737427, 86.4478912354, 86.9471206665, 87.4463500977, 87.9339675903, 88.4331970215, 88.9324264526, 89.4200439453, 89.907661438, 90.3952789307, 90.8829040527, 91.3821334839, 91.8813552856, 92.3689804077, 92.8682098389, 93.36743927, 93.8550567627, 94.3426742554, 94.8186798096, 95.3063049316, 95.7823104858, 96.2699279785, 96.7575454712, 97.2451705933, 97.7444000244, 98.2436294556, 98.7428588867, 99.2420806885, 99.7413101196, 100.240539551, 100.728164673, 101.227394104, 101.726615906, 102.225845337, 102.725074768, 103.21269989, 103.700317383, 104.211151123, 104.710380554, 105.209609985, 105.720451355, 106.208068848, 106.69568634, 107.194915771, 107.694145203, 108.181770325, 108.680992126, 109.180221558, 109.66784668, 110.17868042, 110.666305542, 111.153923035, 111.653152466, 112.152381897, 112.63999939, 113.139228821, 113.638458252, 114.137687683, 114.636917114, 115.124534607, 115.623764038, 116.122993469, 116.610610962, 117.109840393, 117.609069824, 118.096687317, 118.58430481, 119.071922302, 119.559547424, 120.047164917, 120.546394348, 121.045623779, 121.54485321, 122.044082642, 122.543312073, 123.042533875, 123.530158997, 124.017776489, 124.505393982, 124.993011475, 125.492240906, 125.991470337, 126.490699768, 126.989929199, 127.477546692, 127.965164185, 128.464401245, 128.963623047, 129.462860107, 129.962081909, 130.449707031, 130.937316895, 131.436553955, 131.935775757, 132.423400879, 132.922622681, 133.421859741, 133.909469604, 134.408706665, 134.907928467, 135.395553589, 135.883178711, 136.370788574, 136.870025635, 137.369247437, 137.856872559, 138.344482422, 138.832107544, 139.319732666, 139.807342529, 140.30657959, 140.805801392, 141.305038452, 141.792648315, 142.268661499, 142.756271362, 143.232284546, 143.708297729, 144.195922852, 144.683532715, 145.182769775, 145.681991577, 146.192825317, 146.680450439, 147.179672241, 147.667297363, 148.154922485, 148.642532349, 149.141769409, 149.629379272, 150.128616333, 150.627838135, 151.115463257, 151.603088379, 152.090698242, 152.578323364, 153.077545166, 153.576782227, 154.076004028, 154.575241089, 155.062850952, 155.573699951, 156.061309814, 156.548934937, 157.0365448, 157.524169922, 158.000183105, 158.47618103, 158.963806152, 159.451431274, 159.939041138, 160.403442383, 160.891067505, 161.378677368, 161.86630249, 162.365524292, 162.864761353, 163.352371216, 163.839996338, 164.32762146, 164.815231323, 165.302856445, 165.790466309, 166.278091431, 166.777328491, 167.276550293, 167.764175415, 168.251785278, 168.7394104, 169.227020264, 169.714645386, 170.202270508, 170.689880371, 171.177505493, 171.653518677, 172.129516602, 172.617141724, 173.104751587, 173.592376709, 174.080001831, 174.567611694, 175.055236816, 175.54284668, 176.018859863, 176.494873047, 176.982498169, 177.470108032, 177.957733154, 178.468566895, 178.956192017, 179.44380188, 179.931427002, 180.419036865, 180.906661987, 181.405899048, 181.90512085, 182.392745972, 182.880355835, 183.367980957, 183.85559082, 184.343215942, 184.830841064, 185.318450928, 185.80607605, 186.293685913, 186.804534912, 187.24571228, 187.640457153, 188.046798706, 188.453155518, 188.77822876, 189.103302002, 189.440002441, 189.788299561, 190.148208618, 190.496505737, 190.844802856, 191.193099976, 191.541397095, 191.912918091, 192.296051025, 192.67918396, 193.062316895, 193.44543457, 193.816955566, 194.188476562, 194.559997559, 194.931518555, 195.303039551, 195.674560547, 196.046066284, 196.429199219], "beats_loudness": {"dmean2": 0.0153718991205, "median": 0.0270681269467, "min": 2.83025536341e-09, "dvar2": 0.000145444224472, "dvar": 4.73669169878e-05, "dmean": 0.00837843026966, "max": 0.0557327233255, "var": 8.84379333002e-05, "mean": 0.026268357411}, "danceability": 1.05176222324, "bpm_histogram_second_peak_weight": {"dmean2": 0, "median": 0.052109181881, "min": 0.052109181881, "dvar2": 0, "dvar": 0, "dmean": 0, "max": 0.052109181881, "var": 0, "mean": 0.052109181881}, "beats_count": 404, "bpm_histogram_second_peak_bpm": {"dmean2": 0, "median": 117, "min": 117, "dvar2": 0, "dvar": 0, "dmean": 0, "max": 117, "var": 0, "mean": 117}, "bpm_histogram_first_peak_spread": {"dmean2": 0, "median": 0.512820482254, "min": 0.512820482254, "dvar2": 0, "dvar": 0, "dmean": 0, "max": 0.512820482254, "var": 0, "mean": 0.512820482254}, "beats_loudness_band_ratio": {"dmean2": [0.248672634363, 0.0541481673717, 0.092227242887, 0.238246977329, 0.234767153859, 0.146387577057], "median": [0.239645913243, 0.0374958477914, 0.0487096272409, 0.15390303731, 0.291993618011, 0.0959076732397], "min": [0.0104534961283, 0.00132157863118, 0.00124485581182, 0.00060583098093, 0.000694092421327, 9.10767703317e-05], "dvar2": [0.0380979515612, 0.00275994325057, 0.0129189388826, 0.0421932600439, 0.0370275638998, 0.0111104138196], "dvar": [0.0135459369048, 0.0010483993683, 0.0047935093753, 0.0152348997071, 0.0123035572469, 0.00382670760155], "dmean": [0.146083936095, 0.0310083534569, 0.0536966696382, 0.132870316505, 0.13680998981, 0.0779325067997], "max": [0.985993027687, 0.260595560074, 0.544996678829, 0.802643418312, 0.783901453018, 0.385482221842], "var": [0.0394099839032, 0.00141402648296, 0.00539711955935, 0.0306182708591, 0.0259448885918, 0.00501958234236], "mean": [0.279693365097, 0.0480699166656, 0.0706583932042, 0.223454415798, 0.30831065774, 0.100585930049]}}, "lowlevel": {"barkbands_spread": {"dmean2": 7.65405988693, "median": 20.2104129791, "min": 1.60768568516, "dvar2": 70.4523468018, "dvar": 32.0037193298, "dmean": 5.02152776718, "max": 118.589103699, "var": 111.028663635, "mean": 21.436290741}, "melbands_spread": {"dmean2": 14.0806646347, "median": 43.0236358643, "min": 1.0235158205, "dvar2": 226.692276001, "dvar": 97.6140975952, "dmean": 9.15270233154, "max": 172.16607666, "var": 381.731048584, "mean": 44.424369812}, "hfc": {"dmean2": 8.98063087463, "median": 35.1385879517, "min": 1.21494250199e-16, "dvar2": 94.4332122803, "dvar": 45.7915916443, "dmean": 5.94164228439, "max": 93.9912796021, "var": 299.400726318, "mean": 33.1661949158}, "barkbands_kurtosis": {"dmean2": 1.99217319489, "median": 0.121652364731, "min": -1.82362830639, "dvar2": 17.2534923553, "dvar": 7.28471946716, "dmean": 1.27345097065, "max": 117.410491943, "var": 59.9689331055, "mean": 1.61305809021}, "gfcc": {"mean": [-21.4990081787, 97.4696121216, -166.378479004, 28.5569019318, -26.4104232788, 6.62634038925, -32.9783325195, 2.12952184677, -22.3198604584, 5.20865488052, -18.5873298645, -8.30824661255, -10.9957523346], "icov": [[0.000290579802822, -0.000473273219541, 0.000768448691815, -0.000516850675922, 0.000346669054125, -0.000446739984909, 0.000777186418418, -0.000623602885753, 0.000832480203826, -0.00080033170525, 0.00104417058174, -0.000945294217672, 0.00105031917337], [-0.000473273219541, 0.00244118040428, -0.00155413791072, 0.00224752654321, -0.00153907493223, 0.00194649258628, -0.00200355402194, 0.00263835210353, -0.0024055915419, 0.00274231191725, -0.00285995518789, 0.00325329042971, -0.00248008873314], [0.000768448691815, -0.00155413791072, 0.00342328916304, -0.00155604502652, 0.000781769922469, -0.00159808201715, 0.00245690369047, -0.00203065038659, 0.00252956990153, -0.00244104815647, 0.00372233125381, -0.00356969400309, 0.00444680731744], [-0.000516850675922, 0.00224752654321, -0.00155604502652, 0.00567174935713, -0.000446387071861, 0.00266664731316, -0.00120092288125, 0.00121106614824, -0.00158414861653, 0.00197177147493, -0.00294670695439, 0.00333680794574, -0.0025909980759], [0.000346669054125, -0.00153907493223, 0.000781769922469, -0.000446387071861, 0.00455125467852, -0.000486647564685, 0.000528041797224, -0.00145277404226, 0.000422551442171, -0.00265708495863, 0.00181946146768, -0.00241016130894, 0.00048660763423], [-0.000446739984909, 0.00194649258628, -0.00159808201715, 0.00266664731316, -0.000486647564685, 0.00570557778701, -0.00314965820871, 0.00287670898251, -0.000417314498918, 0.000505140109453, -0.00160881353077, 0.00224557379261, -0.00189946999308], [0.000777186418418, -0.00200355402194, 0.00245690369047, -0.00120092288125, 0.000528041797224, -0.00314965820871, 0.00992367137223, -0.0040902402252, 0.00363726494834, -0.000882256368641, 0.00121523987036, -0.00274253636599, 0.00318480050191], [-0.000623602885753, 0.00263835210353, -0.00203065038659, 0.00121106614824, -0.00145277404226, 0.00287670898251, -0.0040902402252, 0.012812262401, -0.00628984021023, 0.0017291350523, -0.00223357765935, 0.00158833211754, -0.00145399896428], [0.000832480203826, -0.0024055915419, 0.00252956990153, -0.00158414861653, 0.000422551442171, -0.000417314498918, 0.00363726494834, -0.00628984021023, 0.0114550087601, -0.00338328303769, 0.00381441041827, -0.00251090130769, 0.00320309191011], [-0.00080033170525, 0.00274231191725, -0.00244104815647, 0.00197177147493, -0.00265708495863, 0.000505140109453, -0.000882256368641, 0.0017291350523, -0.00338328303769, 0.0150086581707, -0.00585930375382, 0.00305203394964, -0.000967600382864], [0.00104417058174, -0.00285995518789, 0.00372233125381, -0.00294670695439, 0.00181946146768, -0.00160881353077, 0.00121523987036, -0.00223357765935, 0.00381441041827, -0.00585930375382, 0.0137661388144, -0.00505486363545, 0.00499483896419], [-0.000945294217672, 0.00325329042971, -0.00356969400309, 0.00333680794574, -0.00241016130894, 0.00224557379261, -0.00274253636599, 0.00158833211754, -0.00251090130769, 0.00305203394964, -0.00505486363545, 0.0181215349585, -0.006227619946], [0.00105031917337, -0.00248008873314, 0.00444680731744, -0.0025909980759, 0.00048660763423, -0.00189946999308, 0.00318480050191, -0.00145399896428, 0.00320309191011, -0.000967600382864, 0.00499483896419, -0.006227619946, 0.017166910693]], "cov": [[11229.9931641, -787.143005371, -1506.22131348, 416.223937988, -524.932678223, 147.720779419, -338.024749756, 8.32703113556, -299.962890625, 165.681442261, -186.544509888, 52.9500083923, -114.385154724], [-787.143005371, 2066.2199707, -107.617790222, -414.304229736, 422.431915283, -290.334594727, 123.398872375, -134.477325439, 177.248291016, -164.649673462, 102.832267761, -111.802276611, 120.79825592], [-1506.22131348, -107.617790222, 990.902282715, -21.6044101715, 30.1454582214, 83.478767395, -41.8639602661, 30.1126499176, -18.9178752899, 46.371257782, -80.074508667, 51.8492622375, -116.380126953], [416.223937988, -414.304229736, -21.6044101715, 360.562713623, -106.352508545, -70.0016326904, -56.2696800232, 45.1514663696, -9.1673412323, 18.7906112671, -1.86156773567, -1.98514282703, -13.1803750992], [-524.932678223, 422.431915283, 30.1454582214, -106.352508545, 371.164337158, -66.9409484863, 32.8544692993, 10.8346042633, 75.2256622314, 3.96939897537, 10.6929998398, 7.740193367, 32.0639762878], [147.720779419, -290.334594727, 83.478767395, -70.0016326904, -66.9409484863, 360.865478516, 54.0522842407, -46.177734375, -101.692230225, 35.76379776, -12.0627861023, 15.6644477844, -25.1017837524], [-338.024749756, 123.398872375, -41.8639602661, -56.2696800232, 32.8544692993, 54.0522842407, 170.651397705, 3.06295633316, -17.9682178497, -16.7024002075, 32.4405288696, -2.8538620472, 6.44678115845], [8.32703113556, -134.477325439, 30.1126499176, 45.1514663696, 10.8346042633, -46.177734375, 3.06295633316, 141.869766235, 61.9048500061, 17.6215648651, -9.1123790741, 14.4170560837, -17.5674495697], [-299.962890625, 177.248291016, -18.9178752899, -9.1673412323, 75.2256622314, -101.692230225, -17.9682178497, 61.9048500061, 179.565460205, -0.187951236963, -2.95929765701, -8.58770751953, 6.8994140625], [165.681442261, -164.649673462, 46.371257782, 18.7906112671, 3.96939897537, 35.76379776, -16.7024002075, 17.6215648651, -0.187951236963, 108.042694092, 13.2461652756, 11.6986494064, -28.1488666534], [-186.544509888, 102.832267761, -80.074508667, -1.86156773567, 10.6929998398, -12.0627861023, 32.4405288696, -9.1123790741, -2.95929765701, 13.2461652756, 127.460289001, -1.39366984367, 2.01013851166], [52.9500083923, -111.802276611, 51.8492622375, -1.98514282703, 7.740193367, 15.6644477844, -2.8538620472, 14.4170560837, -8.58770751953, 11.6986494064, -1.39366984367, 83.5058364868, 3.10297703743], [-114.385154724, 120.79825592, -116.380126953, -13.1803750992, 32.0639762878, -25.1017837524, 6.44678115845, -17.5674495697, 6.8994140625, -28.1488666534, 2.01013851166, 3.10297703743, 102.155311584]]}, "spectral_energyband_middle_low": {"dmean2": 0.00316763739102, "median": 0.00309788412414, "min": 3.66936996611e-22, "dvar2": 3.62547507393e-05, "dvar": 1.50382975335e-05, "dmean": 0.00202582520433, "max": 0.0480203405023, "var": 2.129530003e-05, "mean": 0.00448176730424}, "melbands_crest": {"dmean2": 4.67691421509, "median": 9.24870204926, "min": 2.32767701149, "dvar2": 22.9462680817, "dvar": 9.42555809021, "dmean": 2.90951299667, "max": 37.9510498047, "var": 29.8723106384, "mean": 10.7907276154}, "spectral_kurtosis": {"dmean2": 6.31060838699, "median": 7.21662425995, "min": -1.20158576965, "dvar2": 53.6181907654, "dvar": 17.9453754425, "dmean": 3.64167737961, "max": 65.9842758179, "var": 41.4437484741, "mean": 8.83258628845}, "spectral_rms": {"dmean2": 0.000725859601516, "median": 0.00457319384441, "min": 3.32906770727e-12, "dvar2": 7.97689608589e-07, "dvar": 3.47343160456e-07, "dmean": 0.000476063083624, "max": 0.00797451287508, "var": 1.45767614868e-06, "mean": 0.00443077413365}, "zerocrossingrate": {"dmean2": 0.00799446180463, "median": 0.080078125, "min": 0, "dvar2": 9.6745621704e-05, "dvar": 8.52377997944e-05, "dmean": 0.00680187391117, "max": 0.4736328125, "var": 0.000698859686963, "mean": 0.078837774694}, "silence_rate_60dB": {"dmean2": 0.00329994107597, "median": 0, "min": 0, "dvar2": 0.00423244107515, "dvar": 0.00164719240274, "dmean": 0.0016497761244, "max": 1, "var": 0.0332206897438, "mean": 0.0344055630267}, "erbbands_kurtosis": {"dmean2": 2.06712865829, "median": 1.77313518524, "min": -1.68987047672, "dvar2": 5.83340740204, "dvar": 2.75879859924, "dmean": 1.3683027029, "max": 26.8982772827, "var": 12.8959617615, "mean": 2.74225831032}, "erbbands": {"dmean2": [0.0273094251752, 0.336806386709, 1.37169206142, 3.74471998215, 4.6925239563, 3.14668869972, 2.28716897964, 3.17932415009, 5.05028247833, 8.27933883667, 11.7918596268, 7.44015836716, 16.8853473663, 13.2267313004, 29.3584289551, 39.3590965271, 73.0154037476, 79.9198455811, 77.0674209595, 71.7577133179, 74.4479217529, 50.5099411011, 20.1407794952, 14.383893013, 26.2280197144, 23.6117763519, 7.69403553009, 4.47286272049, 2.34052968025, 1.46798956394, 0.835409522057, 0.460670173168, 0.231632813811, 0.146639794111, 0.0836537182331, 0.0668789967895, 0.0310312267393, 0.0054838731885, 0.000434951653006, 1.58717721206e-05], "median": [0.00967204384506, 0.0990068539977, 0.391658574343, 0.950798213482, 1.50514495373, 1.69631361961, 1.49943983555, 1.80618560314, 2.59057927132, 4.62482786179, 5.06072282791, 5.64758110046, 9.38368606567, 9.22354602814, 11.4838094711, 17.5248756409, 48.217212677, 61.8581542969, 55.0815658569, 74.3817825317, 84.2324829102, 61.429145813, 17.5102653503, 14.0151033401, 26.2080841064, 23.9120063782, 6.03264284134, 2.33331894875, 1.05523204803, 0.812455713749, 0.33930003643, 0.178464889526, 0.0913720950484, 0.0547314733267, 0.0315641202033, 0.0104815606028, 0.00238197972067, 0.000278864521533, 2.54619699263e-05, 3.1766918255e-05], "min": [6.19307559874e-22, 1.86439058174e-21, 9.07225604116e-21, 8.38189223283e-20, 9.78669759078e-20, 1.15998587527e-19, 4.28839975405e-19, 5.57763285852e-19, 2.92969019896e-19, 6.69198524735e-19, 3.96760075943e-19, 1.27682503339e-18, 5.4930616025e-18, 2.26238136834e-18, 3.59955253614e-18, 4.12589914044e-18, 3.53433927101e-18, 6.42088114428e-18, 7.58648285213e-18, 6.51050947238e-18, 1.30513268424e-17, 1.47573289531e-17, 1.84226704721e-17, 1.88979088951e-17, 2.40077625352e-17, 1.98602557828e-17, 2.84723176902e-17, 2.54714999882e-17, 2.38466211344e-17, 1.47662823561e-17, 1.17626274245e-17, 1.7934035032e-17, 1.18792747801e-17, 1.4040080644e-17, 9.48584173978e-18, 5.82759288096e-18, 2.67640656482e-18, 1.3559401027e-18, 3.30972644068e-19, 3.97502386532e-20], "dvar2": [0.00256816321053, 0.626097679138, 11.0167264938, 75.975769043, 105.120735168, 34.2323532104, 16.1489276886, 30.9332275391, 99.0387268066, 424.152709961, 849.389221191, 244.18951416, 1299.63830566, 617.629821777, 5023.47021484, 7652.98193359, 16476.3671875, 21522.125, 19036.1386719, 11885.0742188, 14721.9101562, 4376.48046875, 1052.35217285, 488.897033691, 1553.73754883, 1338.24694824, 199.893112183, 104.256439209, 29.7319850922, 15.1594152451, 10.8586359024, 2.86680197716, 0.535815119743, 0.270522713661, 0.0341292694211, 0.0207648854703, 0.00533596752211, 0.000146885606227, 9.68649260358e-07, 6.39316044548e-10], "dvar": [0.00102442514617, 0.231056645513, 3.83419108391, 30.26263237, 42.6909790039, 12.1098203659, 6.31787443161, 12.7328529358, 37.9456062317, 196.678359985, 418.079406738, 110.970466614, 572.882568359, 257.937744141, 2263.16113281, 3269.86328125, 6706.296875, 8924.39453125, 8040.81445312, 5146.66113281, 6899.30029297, 1873.76013184, 483.161102295, 234.919952393, 739.897094727, 596.284057617, 92.3649291992, 46.1626472473, 13.233622551, 7.85659122467, 5.75151872635, 1.70772886276, 0.254982113838, 0.117296159267, 0.0148405022919, 0.00860591977835, 0.00205541192554, 5.81015228818e-05, 3.8780461864e-07, 2.61779709021e-10], "dmean": [0.0167624168098, 0.195447847247, 0.759103775024, 2.24911594391, 2.9008910656, 1.82186233997, 1.4047935009, 1.96217155457, 3.07901954651, 5.35050392151, 7.91405534744, 4.91478586197, 10.9793663025, 8.45826435089, 19.3103656769, 25.5381011963, 45.7514686584, 51.2335777283, 49.4435195923, 46.5325050354, 49.1710205078, 32.4466362, 13.3965063095, 9.62774085999, 17.5406093597, 15.5227394104, 5.17851495743, 3.00075984001, 1.59601390362, 1.01127803326, 0.597234904766, 0.341774374247, 0.160414755344, 0.0996536761522, 0.0567952468991, 0.0442119911313, 0.0190196018666, 0.00330077460967, 0.000258952466538, 1.00178449429e-05], "max": [0.387909591198, 5.40346860886, 22.7329902649, 67.9032669067, 76.7836532593, 41.3375015259, 61.5310935974, 101.482559204, 100.731536865, 415.056304932, 510.762542725, 319.188751221, 582.308044434, 349.032104492, 1249.8527832, 1191.48828125, 1943.44433594, 1784.80065918, 2040.99572754, 1160.74316406, 2003.43334961, 654.562072754, 446.962677002, 333.441375732, 495.631713867, 488.705718994, 131.473724365, 135.278701782, 94.2340011597, 109.851799011, 93.1504364014, 45.6148529053, 17.6498718262, 15.1182985306, 4.14077854156, 2.36740732193, 0.840299129486, 0.114030689001, 0.0101269641891, 0.000245258881478], "var": [0.00118059350643, 0.180074647069, 2.53167891502, 26.8961162567, 47.767791748, 13.1195459366, 17.4023342133, 28.2048778534, 60.8172912598, 472.058532715, 1717.75341797, 240.736251831, 1845.59216309, 575.325683594, 6918.62988281, 9761.81445312, 35619.2070312, 28658.8300781, 25495, 19095.6875, 28113.1542969, 6422.38720703, 1780.765625, 811.336425781, 2794.29614258, 1895.11853027, 213.414352417, 101.3515625, 25.4394645691, 15.313867569, 10.8972291946, 4.04644107819, 0.55774474144, 0.187238410115, 0.0341937020421, 0.0115614794195, 0.00178563944064, 5.02198272443e-05, 3.27918201037e-07, 3.72936986848e-10], "mean": [0.022314183414, 0.226023390889, 0.850977659225, 2.53548932076, 3.93227601051, 2.82089948654, 2.70670294762, 3.51562595367, 5.13348484039, 9.90946578979, 16.8654499054, 10.2525730133, 23.1444454193, 17.318529129, 39.9978561401, 55.6842002869, 113.860298157, 119.635910034, 105.678817749, 121.972717285, 133.166442871, 84.2857513428, 33.1921005249, 23.6435203552, 42.6981964111, 36.4971504211, 11.1655855179, 5.95813465118, 2.95672893524, 1.91337919235, 1.03974974155, 0.588525116444, 0.276774317026, 0.165647819638, 0.0967817679048, 0.0549304746091, 0.018270181492, 0.00290232570842, 0.000223152557737, 3.33126517944e-05]}, "spectral_strongpeak": {"dmean2": 2.07236719131, "median": 2.83227682114, "min": 0, "dvar2": 4.82569169998, "dvar": 2.12003016472, "dmean": 1.25375783443, "max": 16.20860672, "var": 7.06572151184, "mean": 3.18146681786}, "spectral_energy": {"dmean2": 0.00717166624963, "median": 0.0214369557798, "min": 1.13597585939e-20, "dvar2": 8.74092511367e-05, "dvar": 3.64467450709e-05, "dmean": 0.00461129611358, "max": 0.0651826784015, "var": 9.80377881206e-05, "mean": 0.0216166302562}, "average_loudness": 0.93675494194, "spectral_rolloff": {"dmean2": 499.097045898, "median": 2282.51953125, "min": 21.533203125, "dvar2": 622568.6875, "dvar": 322397.25, "dmean": 305.339202881, "max": 18970.7519531, "var": 989471.1875, "mean": 2341.38427734}, "spectral_centroid": {"dmean2": 293.383605957, "median": 2099.76318359, "min": 260.040252686, "dvar2": 112722.304688, "dvar": 56032.7226562, "dmean": 196.649307251, "max": 10618.3876953, "var": 352396.96875, "mean": 2042.99963379}, "pitch_salience": {"dmean2": 0.0983960479498, "median": 0.624095082283, "min": 0.0587131939828, "dvar2": 0.00801389478147, "dvar": 0.00319345737807, "dmean": 0.06090375036, "max": 0.883126139641, "var": 0.0144345294684, "mean": 0.606060445309}, "spectral_energyband_middle_high": {"dmean2": 0.00444180332124, "median": 0.0144205605611, "min": 2.04017494374e-21, "dvar2": 2.40521985688e-05, "dvar": 1.04554519567e-05, "dmean": 0.00290523003787, "max": 0.0486730411649, "var": 8.05846575531e-05, "mean": 0.0149689437822}, "spectral_contrast_coeffs": {"dmean2": [0.0789014771581, 0.0666403770447, 0.0579918064177, 0.0529257543385, 0.0411775447428, 0.0321866869926], "median": [-0.681620717049, -0.763564288616, -0.766804456711, -0.721529662609, -0.732006251812, -0.723432421684], "min": [-0.95122730732, -0.952713668346, -0.956902623177, -0.961102485657, -0.966030240059, -0.957831203938], "dvar2": [0.00463669700548, 0.0029602420982, 0.00222417456098, 0.00189082836732, 0.00116934615653, 0.000922444800381], "dvar": [0.00187343230937, 0.00111044407822, 0.000908540620003, 0.000794411345851, 0.000547636067495, 0.00041440105997], "dmean": [0.0488993823528, 0.0405006967485, 0.0362190678716, 0.0332576520741, 0.0266979727894, 0.0208768285811], "max": [-0.322968184948, -0.475729554892, -0.462900370359, -0.490892469883, -0.545319676399, -0.593974947929], "var": [0.00551653793082, 0.00451008789241, 0.00514239864424, 0.00440986314788, 0.00339065794833, 0.00241552758962], "mean": [-0.673043608665, -0.756109833717, -0.758644044399, -0.720271348953, -0.73099899292, -0.730888187885]}, "melbands_skewness": {"dmean2": 0.72403138876, "median": 0.131396487355, "min": -2.38907408714, "dvar2": 0.777001440525, "dvar": 0.3265607059, "dmean": 0.477296620607, "max": 15.4039392471, "var": 2.75624084473, "mean": 0.474009782076}, "spectral_spread": {"dmean2": 507521.1875, "median": 2479080.25, "min": 1003995.25, "dvar2": 491905122304, "dvar": 300085870592, "dmean": 354774.78125, "max": 39840056, "var": 1540774952960.0, "mean": 2719612.75}, "dissonance": {"dmean2": 0.0196260865778, "median": 0.48603272438, "min": 0.285323143005, "dvar2": 0.000628337496892, "dvar": 0.00022365085897, "dmean": 0.0115617122501, "max": 0.500000059605, "var": 0.000410925480537, "mean": 0.479812979698}, "spectral_skewness": {"dmean2": 0.595167398453, "median": 1.54087507725, "min": -0.0936700999737, "dvar2": 0.348142981529, "dvar": 0.120003320277, "dmean": 0.357125520706, "max": 5.70864009857, "var": 0.374139875174, "mean": 1.62658965588}, "spectral_flux": {"dmean2": 0.0338577851653, "median": 0.0745394676924, "min": 1.06582166703e-10, "dvar2": 0.00111767707858, "dvar": 0.00051757087931, "dmean": 0.0220933705568, "max": 0.218368902802, "var": 0.00155646144412, "mean": 0.0794143900275}, "spectral_contrast_valleys": {"dmean2": [0.646522760391, 0.555580258369, 0.480881541967, 0.444474488497, 0.389813899994, 0.451658219099], "median": [-7.64082622528, -7.04097414017, -7.23815059662, -6.9421916008, -7.16247367859, -10.8195714951], "min": [-27.2893295288, -27.7673892975, -27.3997154236, -27.2643108368, -27.0641422272, -27.2907524109], "dvar2": [0.337979346514, 0.218350201845, 0.167477265, 0.164271771908, 0.153284803033, 0.34304779768], "dvar": [0.149278059602, 0.0997208207846, 0.0781653895974, 0.0835349485278, 0.0924571305513, 0.202948912978], "dmean": [0.402894318104, 0.337418198586, 0.297842890024, 0.28806784749, 0.270712763071, 0.35386544466], "max": [-5.86378765106, -5.16963577271, -5.29268932343, -5.35007429123, -5.61180257797, -8.31242752075], "var": [1.05053317547, 1.26831662655, 1.35326838493, 1.48620200157, 1.48753547668, 1.58509910107], "mean": [-7.72819566727, -7.20584392548, -7.40565633774, -7.11780834198, -7.39820861816, -11.0728225708]}, "erbbands_flatness_db": {"dmean2": 0.0289053935558, "median": 0.235870182514, "min": 0.0297956876457, "dvar2": 0.000960023957305, "dvar": 0.00051638262812, "dmean": 0.0213671308011, "max": 0.396608024836, "var": 0.00303519982845, "mean": 0.230698809028}, "spectral_energyband_high": {"dmean2": 0.000396140065277, "median": 0.000399002194172, "min": 7.8469971822e-21, "dvar2": 3.96604775688e-07, "dvar": 1.97460309437e-07, "dmean": 0.000273481302429, "max": 0.00829668622464, "var": 5.87149884268e-07, "mean": 0.000657355587464}, "spectral_entropy": {"dmean2": 0.181947812438, "median": 7.41040897369, "min": 5.75727081299, "dvar2": 0.0320020914078, "dvar": 0.0182770770043, "dmean": 0.134252429008, "max": 9.78711891174, "var": 0.166046589613, "mean": 7.37802314758}, "silence_rate_20dB": {"dmean2": 0, "median": 1, "min": 1, "dvar2": 0, "dvar": 0, "dmean": 0, "max": 1, "var": 0, "mean": 1}, "melbands_flatness_db": {"dmean2": 0.0274425074458, "median": 0.15734501183, "min": 0.00626920396462, "dvar2": 0.000873695651535, "dvar": 0.000412439840147, "dmean": 0.0189454350621, "max": 0.452029913664, "var": 0.00412490870804, "mean": 0.173254147172}, "barkbands": {"dmean2": [3.65319720004e-05, 0.00124955864158, 0.00132823188324, 0.0017513113562, 0.00102347123902, 0.00033038892434, 0.000390100554796, 0.000576636870392, 0.000335335556883, 0.000524427567143, 0.000596437545028, 0.000970161578152, 0.00174854439683, 0.00160634180065, 0.00160984345712, 0.00152364932001, 0.00106533803046, 0.000369403423974, 0.000426267099101, 0.000537884538062, 0.000138234681799, 6.20497012278e-05, 3.15096258419e-05, 1.65913734236e-05, 1.16475448522e-05, 1.59243281814e-05, 2.57472129306e-06], "median": [1.38443238029e-05, 0.000424022844527, 0.000361483747838, 0.000359890545951, 0.000548063544556, 0.000221531954594, 0.000204169933568, 0.000264506728854, 0.000221324618906, 0.000256731786067, 0.000215416221181, 0.000301416730508, 0.00100323162042, 0.000834072357975, 0.00100624049082, 0.00142652529757, 0.00101908948272, 0.000222937349463, 0.000361142272595, 0.000516876520123, 6.88197324052e-05, 2.98897193716e-05, 1.47309810927e-05, 6.9327284109e-06, 4.80349353893e-06, 1.63924084973e-06, 4.40878551444e-08], "min": [3.26499557469e-23, 1.11830373428e-23, 1.22359465591e-23, 3.28461959411e-23, 4.48437763448e-23, 6.88847163282e-23, 3.33357724853e-23, 1.40943616457e-23, 9.59081374458e-23, 1.18882057858e-22, 5.25417682033e-23, 1.21175977018e-22, 9.87811057538e-23, 1.19248922355e-22, 1.34883628004e-22, 2.0334461243e-22, 2.63064033528e-22, 3.12044167319e-22, 4.61688960582e-22, 3.77847687615e-22, 6.75451686644e-22, 6.05830180542e-22, 4.36857891205e-22, 8.00799639757e-22, 1.26363026508e-21, 1.6234939183e-21, 2.49673562686e-21], "dvar2": [4.20995460715e-09, 7.62980198488e-06, 9.71689132712e-06, 2.00672657229e-05, 4.01007127948e-06, 2.7686348858e-07, 7.22749632587e-07, 1.82852750186e-06, 5.04696686221e-07, 1.10092560135e-06, 2.06841082218e-06, 4.22994844484e-06, 8.41246855998e-06, 8.95684934221e-06, 7.12341443432e-06, 5.45150214748e-06, 2.08659548662e-06, 4.06567949085e-07, 4.36022986605e-07, 6.49052424251e-07, 8.59578008772e-08, 1.99373975107e-08, 1.24066588114e-08, 2.74005240719e-09, 1.00451280627e-09, 1.24727017603e-09, 3.46754118474e-11], "dvar": [1.79204950879e-09, 2.89611853077e-06, 3.38047607329e-06, 8.24284506962e-06, 1.42490443977e-06, 1.14037980836e-07, 2.97945831562e-07, 8.61055468704e-07, 2.33069982869e-07, 4.7702349093e-07, 8.74459885836e-07, 1.83976374046e-06, 3.47432637682e-06, 3.76220123144e-06, 3.01971817862e-06, 2.53670737038e-06, 8.95897244391e-07, 1.78417806751e-07, 2.05619670623e-07, 2.88389486514e-07, 3.9148837061e-08, 9.00847485497e-09, 6.76347866602e-09, 1.63131819164e-09, 4.53623499874e-10, 4.97662910881e-10, 1.38465567137e-11], "dmean": [2.20250149141e-05, 0.0007440604968, 0.000735706067644, 0.00107539910823, 0.000594830955379, 0.00020678153669, 0.00024121113529, 0.00038133354974, 0.000221645954298, 0.000337041798048, 0.000388284388464, 0.000623066036496, 0.0010923515074, 0.00102589779999, 0.00102726893965, 0.00101183750667, 0.000678219308611, 0.00023906736169, 0.000282966298983, 0.000350583635736, 9.33734118007e-05, 4.22036137024e-05, 2.23436763918e-05, 1.19990745588e-05, 8.03154944151e-06, 1.01048290162e-05, 1.5251645209e-06], "max": [0.00203295331448, 0.0201856158674, 0.0211128219962, 0.0363226942718, 0.0160927213728, 0.00844818353653, 0.0139914602041, 0.0312838070095, 0.0158229209483, 0.0142186097801, 0.0219381302595, 0.0293508172035, 0.0347510389984, 0.0330364145339, 0.0353289879858, 0.0306805018336, 0.0141487559304, 0.00772062223405, 0.0079091610387, 0.00862981379032, 0.00303334929049, 0.00246426113881, 0.00305741885677, 0.00124944245908, 0.00084236