{"metadata": {"tags": {"album": ["Cute Without The 'E' [Cut From The Team]"], "tracknumber": ["2"], "genre": ["Alternative"], "artist": ["Taking Back Sunday"], "date": ["2010"], "discnumber": ["1"], "title": ["New Again (Live From Orensanz)"], "file_name": "2122417.mp3", "musicbrainz_recordingid": ["18a6da95-e2ce-4f97-96e6-11e190bcdfac"], "length": ["257"]}, "audio_properties": {"sample_rate": 44100, "downmix": "mix", "lossless": false, "analysis_sample_rate": 44100, "md5_encoded": "1d3f38a46801f1563dfea73717fad85f", "equal_loudness": 0, "replay_gain": -12.9794387817, "codec": "mp3", "bit_rate": 256026, "length": 256.835906982}, "version": {"extractor": "music 1.0", "essentia_build_sha": "70f2e5ece6736b2c40cc944ad0e695b16b925413", "essentia_git_sha": "v2.1_beta2", "essentia": "2.1-beta2"}}, "rhythm": {"beats_loudness_band_ratio": {"dvar2": [0.0679079219699, 0.0443142056465, 0.0256499201059, 0.0257842466235, 0.0041980734095, 0.00723003223538], "var": [0.0825507640839, 0.0234259422868, 0.0145359616727, 0.0220621470362, 0.00212969165295, 0.00425619911402], "min": [0.000174312197487, 0.000510757206939, 0.00326566328295, 0.00216524279676, 0.000108512918814, 0.000160281808348], "dmean": [0.171620965004, 0.112588651478, 0.0812796577811, 0.0682922154665, 0.0258773658425, 0.0257922001183], "mean": [0.616575539112, 0.15383964777, 0.107092529535, 0.100122377276, 0.0295797865838, 0.0269417576492], "max": [0.96711987257, 0.710270404816, 0.70553958416, 0.835366070271, 0.359434813261, 0.736973583698], "dmean2": [0.294115871191, 0.198623418808, 0.141172170639, 0.117573969066, 0.0459444597363, 0.0470606349409], "median": [0.721807360649, 0.0848198384047, 0.0591784752905, 0.04316727072, 0.0116118341684, 0.00993083883077], "dvar": [0.0263852197677, 0.0153264114633, 0.00968302134424, 0.00953226070851, 0.00157774426043, 0.00288622337393]}, "bpm_histogram_first_peak_weight": {"dvar2": 0, "var": 0, "min": 0.661319077015, "dmean": 0, "mean": 0.661319077015, "max": 0.661319077015, "dmean2": 0, "median": 0.661319077015, "dvar": 0}, "bpm": 132.061904907, "beats_count": 562, "bpm_histogram_first_peak_spread": {"dvar2": 0, "var": 0, "min": 0.314232885838, "dmean": 0, "mean": 0.314232885838, "max": 0.314232885838, "dmean2": 0, "median": 0.314232885838, "dvar": 0}, "danceability": 1.20823514462, "bpm_histogram_first_peak_bpm": {"dvar2": 0, "var": 0, "min": 133, "dmean": 0, "mean": 133, "max": 133, "dmean2": 0, "median": 133, "dvar": 0}, "beats_position": [0.476009070873, 0.96362811327, 1.45124709606, 1.92725622654, 2.41487526894, 2.89088439941, 3.36689329147, 3.84290242195, 4.29569149017, 4.74848079681, 5.20126962662, 5.64244890213, 6.09523820877, 6.54802703857, 7.01242637634, 7.47682523727, 7.94122457504, 8.39401340485, 8.85841274261, 9.31120204926, 9.76399040222, 10.2167797089, 10.6695690155, 11.1223583221, 11.5635375977, 12.0279359818, 12.4923353195, 12.9451246262, 13.3979139328, 13.8507022858, 14.3034915924, 14.7678909302, 15.2206802368, 15.6734695435, 16.1262588501, 16.5790481567, 17.031835556, 17.4846248627, 17.9374141693, 18.390203476, 18.8313827515, 19.2957820892, 19.760181427, 20.2129707336, 20.6657600403, 21.1069393158, 21.5597267151, 22.0241260529, 22.4769153595, 22.9413146973, 23.4173240662, 23.8701133728, 24.3229026794, 24.7756919861, 25.2168693542, 25.6696586609, 26.1108379364, 26.5520172119, 27.0048065186, 27.4692058563, 27.9336051941, 28.3980045319, 28.8507938385, 29.3035831451, 29.7447605133, 30.1975498199, 30.6503391266, 31.1147384644, 31.567527771, 32.0319252014, 32.4847145081, 32.9375038147, 33.3902931213, 33.843082428, 34.2958717346, 34.7486610413, 35.2014503479, 35.6426315308, 36.1070289612, 36.5598182678, 37.0126075745, 37.4537849426, 37.9181861877, 38.3825836182, 38.8469848633, 39.3113822937, 39.7757797241, 40.216960907, 40.6697502136, 41.1225395203, 41.5521087646, 42.0048980713, 42.4692955017, 42.9336967468, 43.3864860535, 43.8392753601, 44.2920608521, 44.7448501587, 45.2092514038, 45.6736488342, 46.1264381409, 46.5792274475, 47.0320167542, 47.4848060608, 47.9375953674, 48.3903846741, 48.8431739807, 49.2959632874, 49.7603607178, 50.2247619629, 50.6775512695, 51.1303405762, 51.5831298828, 52.0359191895, 52.5003166199, 52.9531059265, 53.4058952332, 53.8586845398, 54.3114738464, 54.7642631531, 55.2170524597, 55.6698417664, 56.1342391968, 56.5870285034, 57.0398178101, 57.4926071167, 57.9453964233, 58.39818573, 58.8509750366, 59.315372467, 59.7681617737, 60.2325630188, 60.6853485107, 61.1381378174, 61.5793190002, 62.0204963684, 62.4848976135, 62.9492950439, 63.4020843506, 63.8548736572, 64.3076629639, 64.7604522705, 65.2248535156, 65.6776428223, 66.1304321289, 66.5948257446, 67.0476150513, 67.5004043579, 67.964805603, 68.4175949097, 68.8703842163, 69.3231735229, 69.7759628296, 70.2287521362, 70.6815414429, 71.1343307495, 71.5871200562, 72.0282974243, 72.481086731, 72.9454879761, 73.3982772827, 73.8510665894, 74.303855896, 74.7682495117, 75.2210388184, 75.673828125, 76.1266174316, 76.5678024292, 77.0205917358, 77.4849853516, 77.9261627197, 78.3789520264, 78.831741333, 79.2845306396, 79.7489318848, 80.2017211914, 80.6661224365, 81.1305236816, 81.5833053589, 82.0360946655, 82.5004959106, 82.9532852173, 83.4060745239, 83.8588638306, 84.3116531372, 84.7644424438, 85.2172317505, 85.6700210571, 86.1228103638, 86.5755996704, 87.0283889771, 87.4811782837, 87.9339675903, 88.386756897, 88.8511581421, 89.3039474487, 89.7683410645, 90.2211303711, 90.6739196777, 91.1383209229, 91.5911102295, 92.0438995361, 92.4966888428, 92.9494781494, 93.4138793945, 93.8666687012, 94.3310623169, 94.7838516235, 95.2366409302, 95.6894302368, 96.1422195435, 96.5950088501, 97.0477981567, 97.5005874634, 97.95337677, 98.4061660767, 98.8705673218, 99.3233566284, 99.7761459351, 100.217323303, 100.658500671, 101.09967804, 101.564079285, 102.02848053, 102.492874146, 102.957275391, 103.410064697, 103.862854004, 104.304031372, 104.756820679, 105.209609985, 105.662399292, 106.115188599, 106.579589844, 107.043991089, 107.496780396, 107.949569702, 108.39074707, 108.843536377, 109.296325684, 109.760726929, 110.213516235, 110.666305542, 111.10748291, 111.571876526, 112.024665833, 112.477455139, 112.930244446, 113.383033752, 113.835823059, 114.300224304, 114.753013611, 115.205802917, 115.658592224, 116.122993469, 116.587387085, 117.05178833, 117.504577637, 117.957366943, 118.41015625, 118.862945557, 119.315734863, 119.76852417, 120.221313477, 120.674102783, 121.12689209, 121.579681396, 122.032470703, 122.48526001, 122.926437378, 123.379226685, 123.832015991, 124.296417236, 124.749206543, 125.213600159, 125.666389465, 126.119178772, 126.571968079, 127.013153076, 127.454330444, 127.91872406, 128.383132935, 128.835922241, 129.288711548, 129.753097534, 130.217498779, 130.670288086, 131.123077393, 131.587478638, 132.040267944, 132.493057251, 132.945846558, 133.398635864, 133.851425171, 134.304214478, 134.768615723, 135.221405029, 135.674194336, 136.126983643, 136.579772949, 137.044174194, 137.496963501, 137.949752808, 138.390930176, 138.843719482, 139.296508789, 139.760910034, 140.213699341, 140.666488647, 141.119277954, 141.572067261, 142.013244629, 142.466033936, 142.930435181, 143.383224487, 143.824401855, 144.277191162, 144.729980469, 145.182769775, 145.635559082, 146.099945068, 146.564346313, 147.028747559, 147.493148804, 147.957550049, 148.410339355, 148.863128662, 149.315917969, 149.768707275, 150.221496582, 150.685897827, 151.138687134, 151.603088379, 152.055877686, 152.508651733, 152.96144104, 153.414230347, 153.855422974, 154.30821228, 154.761001587, 155.213790894, 155.6665802, 156.119369507, 156.572158813, 157.013336182, 157.45451355, 157.918914795, 158.383300781, 158.859313965, 159.312103271, 159.764892578, 160.217681885, 160.670471191, 161.123260498, 161.576049805, 162.028839111, 162.481628418, 162.934417725, 163.375595093, 163.839996338, 164.292785645, 164.745574951, 165.209976196, 165.662765503, 166.11555481, 166.568344116, 167.021133423, 167.485534668, 167.949935913, 168.40272522, 168.855514526, 169.308303833, 169.772689819, 170.225479126, 170.678268433, 171.131057739, 171.595458984, 172.048248291, 172.512649536, 172.965438843, 173.418228149, 173.871017456, 174.335418701, 174.788208008, 175.240997314, 175.693786621, 176.134963989, 176.587753296, 177.040542603, 177.493331909, 177.934509277, 178.387298584, 178.840087891, 179.281265259, 179.734054565, 180.198455811, 180.651245117, 181.115646362, 181.580047607, 182.032836914, 182.4972229, 182.938415527, 183.391204834, 183.843994141, 184.296783447, 184.761169434, 185.21395874, 185.666748047, 186.119537354, 186.57232666, 187.025115967, 187.477905273, 187.93069458, 188.383483887, 188.847885132, 189.312286377, 189.776687622, 190.229476929, 190.682266235, 191.14666748, 191.599456787, 192.052246094, 192.5050354, 192.957824707, 193.399002075, 193.851791382, 194.304580688, 194.768981934, 195.22177124, 195.674560547, 196.127349854, 196.58013916, 197.032928467, 197.485717773, 197.93850708, 198.391296387, 198.844070435, 199.296859741, 199.761260986, 200.225662231, 200.678451538, 201.131240845, 201.584030151, 202.036819458, 202.489608765, 202.942398071, 203.383575439, 203.836364746, 204.289154053, 204.741943359, 205.194732666, 205.647521973, 206.111923218, 206.564712524, 207.02911377, 207.493515015, 207.946304321, 208.399093628, 208.863494873, 209.31628418, 209.769073486, 210.221862793, 210.6746521, 211.139038086, 211.603439331, 212.056228638, 212.509017944, 212.961807251, 213.414596558, 213.867385864, 214.320175171, 214.772964478, 215.225753784, 215.678543091, 216.142944336, 216.595733643, 217.048522949, 217.501312256, 217.942489624, 218.383666992, 218.836456299, 219.289245605, 219.742034912, 220.206436157, 220.659225464, 221.123626709, 221.588027954, 222.040817261, 222.493606567, 222.946395874, 223.399185181, 223.840362549, 224.304763794, 224.76914978, 225.233551025, 225.686340332, 226.150741577, 226.603530884, 227.05632019, 227.509109497, 227.961898804, 228.41468811, 228.867477417, 229.320266724, 229.77305603, 230.225845337, 230.678634644, 231.13142395, 231.584213257, 232.037002563, 232.48979187, 232.942581177, 233.395370483, 233.836547852, 234.289337158, 234.742126465, 235.194915771, 235.659317017, 236.123718262, 236.576507568, 237.029296875, 237.482086182, 237.934875488, 238.387664795, 238.840454102, 239.293243408, 239.746032715, 240.198822021, 240.651611328, 241.115997314, 241.58039856, 242.044799805, 242.50920105, 242.961990356, 243.414779663, 243.86756897, 244.320358276, 244.773147583, 245.22593689, 245.667114258, 246.119903564, 246.572692871, 247.013870239, 247.455047607, 247.907836914, 248.372238159, 248.825027466, 249.277816772, 249.730606079, 250.171783447, 250.612960815, 251.065750122, 251.541763306, 252.017776489, 252.493789673, 253.02784729, 253.573516846, 254.119186401, 254.664840698, 255.210510254, 255.74458313, 256.290252686], "beats_loudness": {"dvar2": 0.00124425254762, "var": 0.00117989326827, "min": 0.000117431118269, "dmean": 0.0235690642148, "mean": 0.069168895483, "max": 0.158500820398, "dmean2": 0.0417015627027, "median": 0.0733592659235, "dvar": 0.000465268007247}, "bpm_histogram_second_peak_weight": {"dvar2": 0, "var": 0, "min": 0.0160427801311, "dmean": 0, "mean": 0.0160427801311, "max": 0.0160427801311, "dmean2": 0, "median": 0.0160427801311, "dvar": 0}, "bpm_histogram_second_peak_spread": {"dvar2": 0, "var": 0, "min": 0.250000059605, "dmean": 0, "mean": 0.250000059605, "max": 0.250000059605, "dmean2": 0, "median": 0.250000059605, "dvar": 0}, "bpm_histogram_second_peak_bpm": {"dvar2": 0, "var": 0, "min": 126, "dmean": 0, "mean": 126, "max": 126, "dmean2": 0, "median": 126, "dvar": 0}, "onset_rate": 3.73762583733}, "lowlevel": {"spectral_energyband_high": {"dvar2": 1.99786381927e-06, "var": 3.1338406643e-06, "min": 9.36949389602e-12, "dmean": 0.000386951811379, "mean": 0.00082271831343, "max": 0.048478949815, "dmean2": 0.000542159366887, "median": 0.000343938241713, "dvar": 1.19386686492e-06}, "spectral_energyband_middle_low": {"dvar2": 0.000230480145547, "var": 0.000155216315761, "min": 8.23459356258e-13, "dmean": 0.00629609823227, "mean": 0.0184492599219, "max": 0.131069168448, "dmean2": 0.0102901784703, "median": 0.0159234143794, "dvar": 8.63460300025e-05}, "spectral_energy": {"dvar2": 0.000677215575706, "var": 0.000744412536733, "min": 2.3198245408e-11, "dmean": 0.0137278102338, "mean": 0.0440960228443, "max": 0.186494395137, "dmean2": 0.0211119595915, "median": 0.0382196158171, "dvar": 0.000325526722008}, "spectral_spread": {"dvar2": 1736533344260.0, "var": 2589119741950.0, "min": 827876.6875, "dmean": 611587.75, "mean": 4513204, "max": 15151165, "dmean2": 895228.125, "median": 4208265, "dvar": 771246915584}, "spectral_energyband_low": {"dvar2": 0.000549250631593, "var": 0.000649389228784, "min": 1.06222214184e-13, "dmean": 0.0099033517763, "mean": 0.019381839782, "max": 0.178225785494, "dmean2": 0.0146798435599, "median": 0.00941259600222, "dvar": 0.000298009312246}, "spectral_rolloff": {"dvar2": 1519512.875, "var": 2292777.25, "min": 64.599609375, "dmean": 343.307556152, "mean": 1155.46704102, "max": 18195.5566406, "dmean2": 566.310424805, "median": 818.26171875, "dvar": 672507.125}, "barkbands": {"dvar2": [6.09707603871e-06, 0.000336294848239, 0.000147915488924, 1.4870063751e-05, 0.000121395445603, 1.86059642147e-05, 6.8334752541e-06, 1.64842203958e-05, 2.07869252336e-05, 7.91991624283e-06, 8.85006647877e-06, 7.47156491343e-06, 3.68272571905e-06, 1.92818811229e-06, 1.22400774671e-06, 1.16657668059e-06, 3.64785250895e-07, 3.89353715491e-07, 2.75728211818e-07, 1.53095626843e-07, 1.12557756893e-07, 1.56183233457e-07, 1.79116085519e-07, 2.4118335773e-07, 9.83625483286e-08, 8.51767634202e-09, 5.26933652267e-09], "var": [6.59006764181e-06, 0.000437104696175, 3.85256280424e-05, 8.77879119798e-06, 6.09506023466e-05, 1.48192239067e-05, 5.14407975061e-06, 2.18295699597e-05, 2.19260964514e-05, 4.54909695691e-06, 8.5526089606e-06, 4.80028347738e-06, 4.29902775068e-06, 1.84185375929e-06, 1.03057038814e-06, 1.74135436737e-06, 4.84286147184e-07, 3.03978794136e-07, 1.8080717723e-07, 1.33413550429e-07, 1.21789938134e-07, 1.64088433507e-07, 2.12400209421e-07, 2.48615179999e-07, 1.1644546305e-07, 2.77649636615e-09, 1.05993469557e-09], "min": [2.34333358924e-14, 3.93241279925e-14, 3.30661604868e-14, 4.85081064401e-14, 1.64344978056e-13, 1.40235831845e-13, 4.929597583e-14, 7.54239302036e-15, 3.40462467247e-13, 2.72389532804e-13, 2.63854232517e-13, 9.43620398833e-13, 2.97926884985e-13, 9.32464500579e-13, 5.35959297776e-13, 4.08102425551e-13, 1.8884459968e-12, 3.27465702124e-12, 1.47632969218e-12, 4.83850459698e-12, 3.07982003615e-12, 1.80488848693e-12, 1.05119385418e-12, 7.98365713817e-13, 1.86328166438e-13, 8.35497849291e-14, 1.96368949205e-13], "dmean": [0.000837035651784, 0.00793825555593, 0.00338606303558, 0.00166708324105, 0.0035653738305, 0.00134418148082, 0.000655658834148, 0.001192028285, 0.00115310540423, 0.000710774562322, 0.000745141587686, 0.000546951196156, 0.000464945624117, 0.000348767294781, 0.000245953502599, 0.00022575641924, 0.000164885423146, 0.000159627830726, 0.000144373785588, 0.000126796468976, 8.80062580109e-05, 8.5853098426e-05, 8.92428870429e-05, 8.41462460812e-05, 5.07801451022e-05, 2.0934641725e-05, 1.05504504972e-05], "mean": [0.00145914708264, 0.0126295946538, 0.00388474576175, 0.00284152943641, 0.0067654196173, 0.00247231358662, 0.00118474313058, 0.00242591206916, 0.00233726063743, 0.00144130771514, 0.0016285298625, 0.000890444556717, 0.000841624452733, 0.000598756654654, 0.000395813258365, 0.000436544243712, 0.000324872758938, 0.000307877169689, 0.000258195737842, 0.00023244334443, 0.000165317716892, 0.000159564500791, 0.000164233060787, 0.000143600569572, 7.6938966231e-05, 2.22475173359e-05, 7.10706717655e-06], "max": [0.0239570438862, 0.158474043012, 0.0738693475723, 0.0311011075974, 0.0866549909115, 0.0636680275202, 0.0515033006668, 0.0679205209017, 0.0977249741554, 0.0426740981638, 0.0538581833243, 0.040991846472, 0.0298132691532, 0.0268722418696, 0.0205967128277, 0.0313690602779, 0.0131091782823, 0.0117334434763, 0.00982839800417, 0.00551605690271, 0.0121999252588, 0.0174903292209, 0.0134846102446, 0.0144963916391, 0.0116096828133, 0.00115237268619, 0.00124886911362], "dmean2": [0.0011549902847, 0.0111903371289, 0.00609493581578, 0.00282201054506, 0.00594458496198, 0.00218705576845, 0.00106777611654, 0.00184133765288, 0.00181004044134, 0.00113259919453, 0.00116431328934, 0.000886836147401, 0.000729285879061, 0.000545391871128, 0.000382154801628, 0.000352646718966, 0.000257566483924, 0.000254577404121, 0.00022958907357, 0.000197007044335, 0.000134879388497, 0.000129210631712, 0.000129952517455, 0.000118525378639, 7.43345881347e-05, 3.53425057256e-05, 1.94921340153e-05], "median": [0.000198992755031, 0.0039995838888, 0.00204484304413, 0.00203962111846, 0.00465564522892, 0.00138713000342, 0.00066376675386, 0.00109522696584, 0.000994483591057, 0.000865999143571, 0.000828923191875, 0.000293834775221, 0.000248516676947, 0.00019146600971, 0.000107770785689, 0.000123145131511, 0.000136383008794, 0.000138621340739, 0.000133593013743, 0.000112892026664, 7.43991840864e-05, 5.49725809833e-05, 4.77813009638e-05, 3.54166550096e-05, 1.59746377904e-05, 5.71445525566e-06, 5.27314682586e-07], "dvar": [3.06866445499e-06, 0.000203759831493, 5.19847817486e-05, 5.37896175956e-06, 4.44848083134e-05, 7.75540775066e-06, 2.92609570351e-06, 7.23683160686e-06, 8.90396131581e-06, 3.06191577693e-06, 3.78955519409e-06, 2.85650958176e-06, 1.57977956405e-06, 8.43156044539e-07, 5.6434828366e-07, 5.10746588134e-07, 1.56316914968e-07, 1.54412092002e-07, 1.12600467617e-07, 6.75130422678e-08, 6.05584702384e-08, 8.4817457946e-08, 9.34786328344e-08, 1.2640867908e-07, 5.55724710694e-08, 3.11953551879e-09, 1.83983184243e-09]}, "melbands_skewness": {"dvar2": 1.29735147953, "var": 2.69180703163, "min": -2.19545388222, "dmean": 0.718135714531, "mean": 2.43090033531, "max": 15.6147089005, "dmean2": 1.04646193981, "median": 2.14765739441, "dvar": 0.682963848114}, "barkbands_skewness": {"dvar2": 0.604654550552, "var": 1.32283365726, "min": -4.29361104965, "dmean": 0.541029155254, "mean": 1.59162068367, "max": 8.76268291473, "dmean2": 0.789415359497, "median": 1.44808483124, "dvar": 0.317932844162}, "erbbands": {"dvar2": [0.967144489288, 28.1436481476, 238.664627075, 92.5307540894, 856.059570312, 1639.7833252, 1598.10522461, 1542.52978516, 984.708679199, 2938.62866211, 8465.80664062, 11204.3251953, 6041.40722656, 7266.20556641, 15281.7402344, 10436.3886719, 7802.12011719, 4092.99975586, 3647.50805664, 2111.60327148, 2994.89233398, 1079.73986816, 1178.31115723, 446.090362549, 884.764404297, 273.060394287, 189.246414185, 182.195678711, 199.751602173, 164.865570068, 147.194152832, 136.950927734, 57.8930053711, 24.6361217499, 2.57726979256, 0.16210564971, 0.0323806703091, 0.00372366770171, 0.000195546032046, 4.65899006485e-07], "var": [0.911755621433, 16.3384914398, 60.8331489563, 51.6865844727, 300.88079834, 902.544372559, 1457.24365234, 1046.74902344, 763.307373047, 3018.4152832, 9058.18164062, 13948.5068359, 4154.80371094, 6655.91992188, 13840.9951172, 6384.50830078, 8753.86035156, 3906.05419922, 3643.68286133, 2108.05737305, 5100.03417969, 1904.78466797, 1078.73779297, 303.122619629, 651.454345703, 243.541870117, 185.76133728, 186.914001465, 205.915390015, 176.86151123, 184.467437744, 145.044921875, 58.5211410522, 25.6790733337, 2.91318941116, 0.091639585793, 0.00884639285505, 0.000865092268214, 3.89560118492e-05, 9.07647503823e-08], "min": [1.37582859602e-12, 8.28273560849e-12, 3.27742138984e-11, 1.09865873343e-10, 2.97487146028e-10, 5.96010130138e-10, 9.98662263996e-10, 1.13593356943e-09, 8.43156988672e-10, 4.48735715253e-10, 6.09893024972e-10, 7.15857595424e-09, 8.67118288284e-09, 1.15793818978e-08, 1.08535358478e-08, 4.3207030842e-08, 1.90003621725e-08, 4.826483746e-08, 2.74376130704e-08, 3.2708019404e-08, 3.7510876183e-08, 1.10025318634e-07, 1.70347576045e-07, 7.56284919134e-08, 1.48271482203e-07, 2.29905182891e-07, 2.08203104535e-07, 3.71924784304e-08, 5.39809512645e-08, 4.87887739098e-08, 3.09617824712e-08, 3.0463560563e-08, 6.43410213996e-09, 1.32123478824e-09, 1.76631476112e-09, 5.69410518736e-10, 1.27143101603e-10, 1.71640313074e-10, 2.7852314205e-11, 1.35301286234e-12], "dmean": [0.359194666147, 1.78201544285, 4.08326530457, 4.29206848145, 8.43516349792, 12.8695869446, 14.9508609772, 10.3753595352, 8.44355964661, 15.7084712982, 25.0513153076, 26.7143287659, 21.2609329224, 22.1111793518, 27.6152973175, 19.2706623077, 20.9953079224, 16.5804672241, 14.6469268799, 10.9226293564, 11.0338029861, 9.21735477448, 9.17694759369, 6.08664941788, 7.98544597626, 5.37120866776, 3.71563625336, 3.36374855042, 3.02638959885, 2.98365950584, 2.51660990715, 2.04331970215, 1.25559914112, 0.705136418343, 0.287159532309, 0.0943649783731, 0.0386078245938, 0.0111609781161, 0.0020043051336, 9.44864295889e-05], "mean": [0.504694581032, 2.24823904037, 4.50482702255, 7.62357759476, 14.0265550613, 23.6515083313, 28.0064601898, 18.6619968414, 15.8101301193, 31.6979446411, 53.4748458862, 55.3882713318, 46.9617424011, 52.5390205383, 55.7977294922, 34.7512702942, 40.2992210388, 31.1646823883, 26.7153205872, 21.0737953186, 22.7240886688, 19.7433280945, 18.2388801575, 11.8891239166, 15.029042244, 10.3795337677, 6.94125080109, 6.20500421524, 5.6225399971, 5.45271635056, 4.58563089371, 3.55448055267, 2.05746388435, 1.09528303146, 0.406901746988, 0.116059832275, 0.0381172224879, 0.00931594334543, 0.00132697459776, 0.000104534716229], "max": [7.92843580246, 36.2876739502, 92.0457839966, 75.0161972046, 263.075408936, 376.217254639, 406.122436523, 698.29107666, 601.243652344, 1160.74902344, 1832.50341797, 1583.00891113, 1220.17370605, 1668.86608887, 3270.80493164, 1955.84204102, 1482.62475586, 1033.81164551, 1304.26245117, 1061.77832031, 1928.25817871, 890.571228027, 759.179138184, 475.334197998, 574.323852539, 273.25881958, 467.113433838, 519.248901367, 612.735473633, 407.590942383, 384.472839355, 291.99005127, 223.899093628, 151.247360229, 59.1306686401, 9.09493637085, 2.30994415283, 0.815707087517, 0.19815826416, 0.012301643379], "dmean2": [0.494915485382, 2.75284767151, 7.29661655426, 7.26833200455, 14.27094841, 21.4480075836, 24.1717567444, 16.972820282, 13.8812885284, 24.5393047333, 38.651222229, 41.7861785889, 33.7895774841, 35.1731872559, 42.5098762512, 30.9563293457, 33.1088142395, 25.5664215088, 22.6046161652, 16.9716625214, 16.8801136017, 14.2244548798, 14.4948310852, 9.75827312469, 12.4902391434, 8.32559585571, 5.69987726212, 5.12691354752, 4.59592103958, 4.44134235382, 3.62687015533, 2.94169735909, 1.78403103352, 1.02933442593, 0.432247012854, 0.15412043035, 0.06590359658, 0.0196916628629, 0.00373278325424, 0.000171366511495], "median": [0.101583324373, 0.817920565605, 2.27611541748, 5.82412862778, 9.95533275604, 14.8281402588, 15.1464214325, 10.5796718597, 9.28311729431, 16.616060257, 26.3455429077, 22.8850059509, 30.0215377808, 29.8616790771, 26.2468223572, 12.6177654266, 12.767074585, 11.1852083206, 9.13754558563, 6.2053399086, 7.46638202667, 8.34699249268, 8.36805534363, 6.54309797287, 7.43685054779, 5.38177204132, 3.43827342987, 2.49691319466, 1.91454744339, 1.73642134666, 1.31337046623, 0.894470870495, 0.482896268368, 0.220172643661, 0.0896843075752, 0.0317103639245, 0.00923244562, 0.00169058120809, 0.000103882870462, 5.42402849533e-05], "dvar": [0.502427875996, 12.8059158325, 85.3143539429, 33.9037780762, 306.200012207, 599.892456055, 635.958557129, 650.293579102, 415.973815918, 1332.18603516, 3661.95581055, 4958.97265625, 2453.22119141, 2940.74951172, 6576.38769531, 4006.94970703, 3288.49731445, 1778.02319336, 1721.60107422, 910.956420898, 1383.49243164, 476.488647461, 488.855316162, 178.477203369, 378.257446289, 121.215179443, 99.9489974976, 92.4368362427, 109.797828674, 84.3954238892, 80.0996704102, 72.2610092163, 30.6697311401, 13.1120862961, 1.41379618645, 0.0642563179135, 0.0117139201611, 0.00132960849442, 6.82025347487e-05, 1.61110733643e-07]}, "silence_rate_30dB": {"dvar2": 0.111593082547, "var": 0.0301322620362, "min": 0, "dmean": 0.0450230538845, "mean": 0.968902528286, "max": 1, "dmean2": 0.0900542512536, "median": 1, "dvar": 0.0429904833436}, "melbands_spread": {"dvar2": 141.699035645, "var": 225.015487671, "min": 0.891587197781, "dmean": 5.09577131271, "mean": 18.4970664978, "max": 216.410324097, "dmean2": 7.75602674484, "median": 14.7009868622, "dvar": 63.7303237915}, "melbands_crest": {"dvar2": 21.5078697205, "var": 39.2179679871, "min": 3.2509727478, "dmean": 3.52627062798, "mean": 13.8665657043, "max": 36.0039787292, "dmean2": 5.39006280899, "median": 12.0847759247, "dvar": 10.6996164322}, "zerocrossingrate": {"dvar2": 0.000133208261104, "var": 0.0014205512125, "min": 0.0029296875, "dmean": 0.00859866756946, "mean": 0.0494352765381, "max": 0.416015625, "dmean2": 0.0101267592981, "median": 0.04150390625, "dvar": 0.000119012060168}, "barkbands_kurtosis": {"dvar2": 42.9664955139, "var": 52.2842063904, "min": -1.88493490219, "dmean": 2.98882508278, "mean": 4.8934803009, "max": 112.267623901, "dmean2": 4.46460008621, "median": 2.75685763359, "dvar": 21.7894077301}, "spectral_flux": {"dvar2": 0.0028939449694, "var": 0.00346445757896, "min": 5.77026657993e-05, "dmean": 0.0321123041213, "mean": 0.104142814875, "max": 0.380159437656, "dmean2": 0.0504549108446, "median": 0.0936970710754, "dvar": 0.00153152830899}, "barkbands_crest": {"dvar2": 14.5910739899, "var": 18.3764286041, "min": 2.20256972313, "dmean": 2.7658367157, "mean": 9.90128612518, "max": 24.138885498, "dmean2": 4.27341508865, "median": 8.80503082275, "dvar": 6.57431650162}, "barkbands_flatness_db": {"dvar2": 0.000878984108567, "var": 0.0029019259382, "min": 0.0202138535678, "dmean": 0.0218436457217, "mean": 0.145839765668, "max": 0.37310552597, "dmean2": 0.0322060510516, "median": 0.140875279903, "dvar": 0.000425293925218}, "spectral_entropy": {"dvar2": 0.0569234341383, "var": 0.276870131493, "min": 5.49321317673, "dmean": 0.161235168576, "mean": 7.42837762833, "max": 9.08691978455, "dmean2": 0.233624875546, "median": 7.51757240295, "dvar": 0.0282793771476}, "pitch_salience": {"dvar2": 0.00941044464707, "var": 0.015212610364, "min": 0.122708894312, "dmean": 0.0719558000565, "mean": 0.568833112717, "max": 0.896802425385, "dmean2": 0.112828575075, "median": 0.585771143436, "dvar": 0.00445402367041}, "erbbands_spread": {"dvar2": 145.896286011, "var": 408.264160156, "min": 1.74996340275, "dmean": 7.37241792679, "mean": 33.948097229, "max": 157.758483887, "dmean2": 10.7405786514, "median": 29.5752754211, "dvar": 73.2791366577}, "dynamic_complexity": 1.83183181286, "spectral_contrast_valleys": {"dvar2": [0.25620418787, 0.162931725383, 0.147680401802, 0.136689662933, 0.13721293211, 0.231571376324], "var": [1.00449669361, 0.374380350113, 0.425594359636, 0.628080308437, 0.716496229172, 0.746732115746], "min": [-17.5359382629, -17.2747688293, -16.6925106049, -16.5981197357, -15.6951293945, -18.7453365326], "dmean": [0.363507837057, 0.2926902771, 0.278081923723, 0.262971609831, 0.249588578939, 0.313301980495], "mean": [-6.70873737335, -6.25633573532, -6.96568441391, -7.61842489243, -7.58499383926, -9.9883556366], "max": [-4.98498916626, -4.65136528015, -5.00199651718, -5.76592540741, -5.65391588211, -6.871778965], "dmean2": [0.602725982666, 0.488904833794, 0.456083655357, 0.415674626827, 0.366866081953, 0.415535241365], "median": [-6.50786733627, -6.15981721878, -6.89361381531, -7.47769641876, -7.41242790222, -10.0012598038], "dvar": [0.100710421801, 0.0667913854122, 0.0665338039398, 0.0649832561612, 0.0719725266099, 0.128349855542]}, "hfc": {"dvar2": 217.529998779, "var": 328.494750977, "min": 9.02625174604e-08, "dmean": 6.64709615707, "mean": 24.0041790009, "max": 369.190368652, "dmean2": 9.97683429718, "median": 20.2839622498, "dvar": 108.268920898}, "spectral_kurtosis": {"dvar2": 17.0685005188, "var": 26.9662666321, "min": -1.15557694435, "dmean": 1.83365809917, "mean": 5.60621881485, "max": 95.9602127075, "dmean2": 2.95683217049, "median": 4.23202323914, "dvar": 7.33785152435}, "mfcc": {"mean": [-625.248168945, 136.688476562, 12.799328804, 15.2046203613, -4.49774074554, 3.92225527763, 4.78137874603, 10.7682638168, -1.2513448, 3.28750634193, -3.71776270866, -1.51015782356, -2.94166874886], "cov": [[3729.35766602, -1018.62518311, -450.931732178, 532.269714355, 344.415679932, 246.757949829, -127.005607605, -60.6785736084, -96.5102844238, 91.3682327271, 117.635543823, 37.0869064331, -90.0678253174], [-1018.62518311, 1378.73974609, 271.666351318, 44.3478965759, -64.1805114746, -70.8648452759, 93.2584533691, 45.6927337646, -7.2318816185, -22.2217922211, -35.949798584, -13.4916791916, -14.1459989548], [-450.931732178, 271.666351318, 1059.53125, 74.9852905273, -65.3423461914, -84.0527496338, 24.1816291809, -10.1391916275, -14.839179039, -60.8988265991, -37.7116546631, -45.4863700867, -18.2054462433], [532.269714355, 44.3478965759, 74.9852905273, 436.019378662, 186.990814209, 73.01512146, -38.3337364197, 10.4133968353, -17.8118667603, 39.3231430054, 30.6345939636, 10.0901212692, -11.8025827408], [344.415679932, -64.1805114746, -65.3423461914, 186.990814209, 261.790557861, 77.2842636108, -36.52759552, 0.152408123016, 24.5090694427, 40.4515113831, 27.0030174255, 13.1596412659, -0.564201056957], [246.757949829, -70.8648452759, -84.0527496338, 73.01512146, 77.2842636108, 167.367950439, 34.2412986755, 11.722369194, 9.66076087952, 19.245054245, 36.131980896, 13.8216962814, -9.91001224518], [-127.005607605, 93.2584533691, 24.1816291809, -38.3337364197, -36.52759552, 34.2412986755, 153.082397461, 38.5553321838, -6.69967985153, -6.49864864349, 18.6436061859, 15.4049873352, 0.107546210289], [-60.6785736084, 45.6927337646, -10.1391916275, 10.4133968353, 0.152408123016, 11.722369194, 38.5553321838, 100.156204224, 25.4526481628, 11.5869455338, 6.33011960983, 8.66227722168, 19.1482906342], [-96.5102844238, -7.2318816185, -14.839179039, -17.8118667603, 24.5090694427, 9.66076087952, -6.69967985153, 25.4526481628, 124.465316772, 27.6795158386, -1.65256798267, -2.06833267212, 4.08587884903], [91.3682327271, -22.2217922211, -60.8988265991, 39.3231430054, 40.4515113831, 19.245054245, -6.49864864349, 11.5869455338, 27.6795158386, 92.4459762573, 33.202671051, 10.0300951004, 4.66687393188], [117.635543823, -35.949798584, -37.7116546631, 30.6345939636, 27.0030174255, 36.131980896, 18.6436061859, 6.33011960983, -1.65256798267, 33.202671051, 98.2284393311, 29.6181621552, -0.735247612], [37.0869064331, -13.4916791916, -45.4863700867, 10.0901212692, 13.1596412659, 13.8216962814, 15.4049873352, 8.66227722168, -2.06833267212, 10.0300951004, 29.6181621552, 78.6163101196, 17.4991912842], [-90.0678253174, -14.1459989548, -18.2054462433, -11.8025827408, -0.564201056957, -9.91001224518, 0.107546210289, 19.1482906342, 4.08587884903, 4.66687393188, -0.735247612, 17.4991912842, 78.9568786621]], "icov": [[0.000520422414411, 0.000351970287738, 0.000148221370182, -0.000564037123695, -7.9087112681e-05, -0.000234087638091, 0.000111149529403, 2.80034528259e-05, 0.00039731306606, -0.000105385472125, -0.000112870468001, -5.72085846215e-05, 0.00056698784465], [0.000351970287738, 0.00108335993718, -3.44082691299e-05, -0.000628054956906, 6.19208076387e-05, 0.000284042151179, -0.000530119519681, -0.000216558735701, 0.000230198755162, -0.000108190673927, 0.000208095589187, -4.15722097387e-05, 0.000588747789152], [0.000148221370182, -3.44082691299e-05, 0.001190578565, -0.000692913250532, 0.000288072536932, 0.000513882143423, -0.000346657907357, 0.000261213659542, -0.00015839470143, 0.00065725366585, -0.0001148873489, 0.000515141291544, 0.000191642771824], [-0.000564037123695, -0.000628054956906, -0.000692913250532, 0.0045882598497, -0.00245199096389, -0.000729651656002, 0.00106422964018, -0.00107437314, 0.00110156706069, -0.000845638394821, -7.46527512092e-05, -0.000208748562727, -4.12908193539e-05], [-7.9087112681e-05, 6.19208076387e-05, 0.000288072536932, -0.00245199096389, 0.00671591376886, -0.00181410624646, 0.00105208472814, 0.000590077892412, -0.00145564775448, -0.000695400987752, -0.000114943810331, -0.000339198682923, -0.000512929167598], [-0.000234087638091, 0.000284042151179, 0.000513882143423, -0.000729651656002, -0.00181410624646, 0.00881983339787, -0.00288317492232, 2.08936944546e-05, -0.000845419999678, 0.000471018633107, -0.0016199684469, 0.000206572105526, 0.000841209664941], [0.000111149529403, -0.000530119519681, -0.000346657907357, 0.00106422964018, 0.00105208472814, -0.00288317492232, 0.00940109696239, -0.00343578099273, 0.00120726739988, 0.000538168009371, -0.00134352070745, -0.00131358543877, 0.00076137308497], [2.80034528259e-05, -0.000216558735701, 0.000261213659542, -0.00107437314, 0.000590077892412, 2.08936944546e-05, -0.00343578099273, 0.0129198040813, -0.00281937490217, -0.000615259748884, 0.000100213568658, 3.19937535096e-05, -0.00305285630748], [0.00039731306606, 0.000230198755162, -0.00015839470143, 0.00110156706069, -0.00145564775448, -0.000845419999678, 0.00120726739988, -0.00281937490217, 0.0101780500263, -0.00314600532874, 0.00105588359293, 0.000174575092387, 0.00081859016791], [-0.000105385472125, -0.000108190673927, 0.00065725366585, -0.000845638394821, -0.000695400987752, 0.000471018633107, 0.000538168009371, -0.000615259748884, -0.00314600532874, 0.0145797282457, -0.0045680264011, 0.000462197378511, -0.000755766232032], [-0.000112870468001, 0.000208095589187, -0.0001148873489, -7.46527512092e-05, -0.000114943810331, -0.0016199684469, -0.00134352070745, 0.000100213568658, 0.00105588359293, -0.0045680264011, 0.0141224507242, -0.00433341879398, 0.000951543217525], [-5.72085846215e-05, -4.15722097387e-05, 0.000515141291544, -0.000208748562727, -0.000339198682923, 0.000206572105526, -0.00131358543877, 3.19937535096e-05, 0.000174575092387, 0.000462197378511, -0.00433341879398, 0.0157017186284, -0.0035242724698], [0.00056698784465, 0.000588747789152, 0.000191642771824, -4.12908193539e-05, -0.000512929167598, 0.000841209664941, 0.00076137308497, -0.00305285630748, 0.00081859016791, -0.000755766232032, 0.000951543217525, -0.0035242724698, 0.0150889120996]]}, "silence_rate_20dB": {"dvar2": 0, "var": 0, "min": 1, "dmean": 0, "mean": 1, "max": 1, "dmean2": 0, "median": 1, "dvar": 0}, "melbands_kurtosis": {"dvar2": 279.105804443, "var": 320.481658936, "min": -1.76441049576, "dmean": 6.85624027252, "mean": 12.5570068359, "max": 307.459777832, "dmean2": 10.176779747, "median": 6.9616560936, "dvar": 144.015853882}, "barkbands_spread": {"dvar2": 79.7221984863, "var": 147.745315552, "min": 1.23870682716, "dmean": 4.54034566879, "mean": 17.5826244354, "max": 100.188674927, "dmean2": 6.96044111252, "median": 14.4157428741, "dvar": 36.9025001526}, "erbbands_skewness": {"dvar2": 0.266059994698, "var": 0.553717374802, "min": -3.11879396439, "dmean": 0.342209517956, "mean": 0.536935329437, "max": 4.73260641098, "dmean2": 0.527022182941, "median": 0.50319314003, "dvar": 0.114113219082}, "average_loudness": 0.959523916245, "spectral_centroid": {"dvar2": 122278.679688, "var": 282952.84375, "min": 228.552398682, "dmean": 188.920791626, "mean": 1059.48974609, "max": 5320.85351562, "dmean2": 289.127746582, "median": 958.045837402, "dvar": 54592.5742188}, "dissonance": {"dvar2": 0.00119097647257, "var": 0.00139615207445, "min": 0.151083767414, "dmean": 0.0204583350569, "mean": 0.457873851061, "max": 0.500000059605, "dmean2": 0.0346402935684, "median": 0.467922031879, "dvar": 0.000436974165495}, "erbbands_flatness_db": {"dvar2": 0.000683276681229, "var": 0.00259066699073, "min": 0.0493977554142, "dmean": 0.0187503043562, "mean": 0.161871507764, "max": 0.372350901365, "dmean2": 0.0263650994748, "median": 0.157066702843, "dvar": 0.000335209129844}, "spectral_strongpeak": {"dvar2": 2.37557792664, "var": 1.89842021465, "min": 0, "dmean": 0.611246168613, "mean": 1.10894846916, "max": 15.9445524216, "dmean2": 1.03736972809, "median": 0.596267402172, "dvar": 0.971024870872}, "spectral_rms": {"dvar2": 2.4371111067e-06, "var": 3.99533655582e-06, "min": 1.50440797597e-07, "dmean": 0.000952896545641, "mean": 0.0062470221892, "max": 0.0134887266904, "dmean2": 0.00145524076652, "median": 0.00610634312034, "dvar": 1.18357968404e-06}, "silence_rate_60dB": {"dvar2": 0.00908030383289, "var": 0.0190617572516, "min": 0, "dmean": 0.00361630949192, "mean": 0.0194359067827, "max": 1, "dmean2": 0.00714285718277, "median": 0, "dvar": 0.00360343721695}, "melbands": {"dvar2": [3.36297234753e-05, 5.89178707742e-05, 3.50224036083e-06, 7.02288753018e-06, 2.082945457e-06, 6.7905926926e-07, 2.33099157754e-07, 4.49174137884e-07, 6.5345807343e-07, 4.54757952184e-07, 1.66792489154e-07, 1.28536655097e-07, 1.53980977302e-07, 1.08047437664e-07, 6.40008579467e-08, 4.22789696586e-08, 1.80221491064e-08, 1.30466881743e-08, 7.57152296416e-09, 7.20557213896e-09, 3.69906882902e-09, 1.66004243685e-09, 1.16494780489e-09, 9.78439218535e-10, 2.95358681957e-10, 5.9905330696e-10, 4.19504875282e-10, 1.06887561302e-10, 9.66935212454e-11, 1.11337661313e-10, 6.6128526266e-11, 6.07996639146e-11, 1.43090511662e-10, 5.05666307438e-11, 5.17721178428e-11, 7.34317190387e-11, 5.9103111294e-11, 3.45978350136e-11, 2.65388579168e-11, 1.73744820614e-11], "var": [4.54472501588e-05, 1.91432427528e-05, 1.86716556527e-06, 2.62772186943e-06, 1.95180950868e-06, 4.82323741835e-07, 1.82045880592e-07, 5.67742745261e-07, 6.14673638211e-07, 5.91430136865e-07, 1.0896697944e-07, 1.06196566207e-07, 1.41019341982e-07, 7.04703779775e-08, 5.26598107342e-08, 5.32921902163e-08, 1.59193564997e-08, 1.28132402466e-08, 6.69573463341e-09, 8.28009127929e-09, 5.61163782109e-09, 2.77971978768e-09, 9.09605279986e-10, 7.69268926337e-10, 1.78968853626e-10, 3.69734270977e-10, 3.89501014775e-10, 8.04200525617e-11, 7.04588748457e-11, 8.23676682415e-11, 6.06798014613e-11, 5.87351972614e-11, 9.17725201388e-11, 5.24991682072e-11, 6.04638283885e-11, 7.39582700637e-11, 5.0698990145e-11, 3.2175904302e-11, 2.30370288817e-11, 1.79417314339e-11], "min": [1.2705423058e-14, 1.51369209186e-14, 2.37918188704e-14, 3.18679002458e-14, 3.42072087344e-14, 2.56356808475e-14, 1.22438824284e-14, 3.85212373203e-15, 6.65276193916e-15, 5.18247384839e-14, 4.25187432463e-14, 4.54926657597e-14, 3.27504170972e-14, 7.95256872507e-14, 9.14706136355e-14, 4.01752944606e-14, 9.59635000045e-14, 4.33926237498e-14, 4.09535042868e-14, 3.45104431414e-14, 5.20949792636e-14, 1.06574078447e-13, 1.72239582623e-13, 1.32181890216e-13, 4.74268011203e-14, 7.40382961103e-14, 1.62415626738e-13, 1.44986331426e-13, 1.55255880851e-13, 4.83786154312e-14, 1.28699465026e-14, 1.56523760424e-14, 6.29358693524e-14, 1.25785866505e-14, 1.21126770249e-14, 3.25322519032e-14, 1.22795094812e-14, 4.26349883539e-15, 1.91170169294e-15, 7.4688474789e-16], "dmean": [0.00255049974658, 0.00217259372585, 0.000805929652415, 0.000771369726863, 0.000536124687642, 0.000230706311413, 0.000127710096422, 0.000203179311939, 0.000208287441637, 0.000169574297615, 0.000110186716483, 9.28457666305e-05, 9.14195479709e-05, 6.61962258164e-05, 5.00700843986e-05, 4.86522403662e-05, 3.23686217598e-05, 2.67669238383e-05, 1.77674519364e-05, 1.72555246536e-05, 1.22544533951e-05, 1.06476882138e-05, 9.16724093258e-06, 7.42984093449e-06, 5.01703652844e-06, 6.0703168856e-06, 6.24508311375e-06, 3.19967239193e-06, 2.37814560933e-06, 2.39724477069e-06, 1.94000085685e-06, 1.76765888682e-06, 1.89416425656e-06, 1.68091276009e-06, 1.53960331772e-06, 1.46423144542e-06, 1.28109388697e-06, 9.74008116827e-07, 7.35150365472e-07, 5.76514480599e-07], "mean": [0.00393475685269, 0.00259836390615, 0.0014871499734, 0.00136520969681, 0.00104645220563, 0.000422402925324, 0.000237651009229, 0.000416245748056, 0.000429307838203, 0.000344362546457, 0.000230390796787, 0.000209932491998, 0.000188512844034, 0.000114959242637, 8.50203214213e-05, 8.77808051882e-05, 5.49026335648e-05, 4.55870904261e-05, 2.9146523957e-05, 3.18530837831e-05, 2.33545088122e-05, 2.13064085983e-05, 1.66040281329e-05, 1.42461967698e-05, 8.81347023096e-06, 1.04628097688e