{"tonal": {"thpcp": [1, 0.557953059673, 0.172852009535, 0.115694239736, 0.113905996084, 0.211562216282, 0.283238202333, 0.205487340689, 0.135831639171, 0.131175100803, 0.155418530107, 0.394116938114, 0.5369836092, 0.29620295763, 0.233733952045, 0.45122680068, 0.373005539179, 0.151808083057, 0.114361636341, 0.131408154964, 0.338909119368, 0.543679893017, 0.350242316723, 0.130428746343, 0.106687068939, 0.142262980342, 0.564942121506, 0.76871997118, 0.372928857803, 0.148882091045, 0.133223056793, 0.105995491147, 0.173708200455, 0.267606407404, 0.275578528643, 0.68134355545], "hpcp": {"dmean2": [0.0864004716277, 0.0880303159356, 0.142324581742, 0.144885852933, 0.133122429252, 0.0893398597836, 0.0717709884048, 0.0982876121998, 0.170315772295, 0.136402070522, 0.14201566577, 0.0922453999519, 0.081447571516, 0.0740530192852, 0.0977800190449, 0.131223723292, 0.149878337979, 0.19881336391, 0.185561582446, 0.203897580504, 0.131133332849, 0.0823856517673, 0.0765925645828, 0.105604209006, 0.12437171489, 0.104061700404, 0.0886019468307, 0.0975091904402, 0.120767198503, 0.179764389992, 0.190024748445, 0.145858928561, 0.13233757019, 0.131436094642, 0.145698130131, 0.113631039858], "median": [0.0154429161921, 0.0265641193837, 0.0862322002649, 0.1143861413, 0.0622268803418, 0.0258091874421, 0.0182770844549, 0.0298077873886, 0.106375619769, 0.137667626143, 0.0874707251787, 0.0316278189421, 0.025618545711, 0.0196649767458, 0.0414037704468, 0.0630164146423, 0.0763444900513, 0.186687380075, 0.320752382278, 0.199373215437, 0.032037012279, 0.0204703658819, 0.0186144076288, 0.0360968634486, 0.0570977702737, 0.0457078851759, 0.025179522112, 0.0204477347434, 0.0249881800264, 0.100326120853, 0.137570828199, 0.07314234972, 0.0287213213742, 0.0235021114349, 0.0198489800096, 0.0187728013843], "min": [0, 0, 0, 0, 0, 0, 0, 0, 0, 0, 0, 0, 0, 0, 0, 0, 0, 0, 0, 0, 0, 0, 0, 0, 0, 0, 0, 0, 0, 0, 0, 0, 0, 0, 0, 0], "dvar2": [0.0449580512941, 0.0348588488996, 0.0512994378805, 0.0554073415697, 0.0530736744404, 0.0372366011143, 0.0326665639877, 0.0402559787035, 0.0628420189023, 0.0564843416214, 0.0442356206477, 0.0335436761379, 0.0309931728989, 0.030463963747, 0.0386681184173, 0.0561227314174, 0.0587455071509, 0.0698455423117, 0.0711245313287, 0.076525464654, 0.0553717948496, 0.0371739976108, 0.0323780998588, 0.0454913713038, 0.0510017946362, 0.0400668010116, 0.040814563632, 0.0497303716838, 0.0593624152243, 0.0745562463999, 0.0797415450215, 0.0607316270471, 0.0600149221718, 0.0705966353416, 0.0839750170708, 0.0587252564728], "dvar": [0.0163837578148, 0.0126784509048, 0.0190164595842, 0.0245980992913, 0.0205075591803, 0.0131824519485, 0.0120937665924, 0.0141888679937, 0.0235473923385, 0.0244736578315, 0.0161175522953, 0.013258758001, 0.0135657582432, 0.0115685397759, 0.0142771862447, 0.0213505905122, 0.021628472954, 0.0272551774979, 0.0301790833473, 0.0275987107307, 0.0201636943966, 0.0135397622362, 0.0117941061035, 0.0170897133648, 0.0195304919034, 0.0150445224717, 0.0147720267996, 0.017965497449, 0.0219546016306, 0.028821606189, 0.0316550806165, 0.0220750663429, 0.0209576003253, 0.0313047654927, 0.0327911451459, 0.0212310533971], "dmean": [0.048910047859, 0.0501044876873, 0.0842046290636, 0.087558105588, 0.0788951441646, 0.050623845309, 0.0403583496809, 0.0558205731213, 0.100769683719, 0.0823561474681, 0.0841039791703, 0.0541048273444, 0.0474486574531, 0.0429608337581, 0.0562904514372, 0.0772422403097, 0.0877386033535, 0.117767199874, 0.112765558064, 0.118873097003, 0.0744308084249, 0.0463866963983, 0.0433154925704, 0.0623696744442, 0.074137352407, 0.0614361986518, 0.0508907586336, 0.0550080686808, 0.0688842013478, 0.107566602528, 0.114527113736, 0.0845866203308, 0.0756134539843, 0.0774177759886, 0.0855854526162, 0.0646041855216], "max": [1, 1, 1, 1, 1, 1, 1, 1, 1, 1, 1, 1, 1, 1, 1, 1, 1, 1, 1, 1, 1, 1, 1, 1, 1, 1, 1, 1, 1, 1, 1, 1, 1, 1, 1, 1], "var": [0.0151035431772, 0.0117601817474, 0.0337551049888, 0.0990717336535, 0.0539953261614, 0.0119084808975, 0.0121173681691, 0.0135395517573, 0.0896594449878, 0.154627680779, 0.0343507155776, 0.0143425222486, 0.0155390882865, 0.0104508297518, 0.0139023121446, 0.0280354004353, 0.0238566827029, 0.0851177498698, 0.138874664903, 0.0492100082338, 0.0173817593604, 0.0109698185697, 0.0140954116359, 0.0295695438981, 0.0372528173029, 0.0199670810252, 0.0162571314722, 0.0171294528991, 0.0190362166613, 0.0430645532906, 0.0729138404131, 0.0277371648699, 0.0294289346784, 0.123901322484, 0.0900412946939, 0.0205155685544], "mean": [0.0526456236839, 0.0604928731918, 0.156014576554, 0.250279456377, 0.161231741309, 0.0600420087576, 0.04911268875, 0.065489821136, 0.260067373514, 0.353875160217, 0.171675339341, 0.0685368850827, 0.0613283552229, 0.0487943254411, 0.0799654200673, 0.123190835118, 0.126860752702, 0.313652008772, 0.460343390703, 0.256850004196, 0.0795712769032, 0.0532590784132, 0.0524358712137, 0.0973912701011, 0.130386829376, 0.0945947393775, 0.0625291988254, 0.0603855885565, 0.0715458914638, 0.181429132819, 0.247196853161, 0.13635507226, 0.107597880065, 0.207719281316, 0.171710640192, 0.0698838457465]}, "tuning_equal_tempered_deviation": 0.0175830665976, "chords_changes_rate": 0.0333806835115, "key_key": "G#", "tuning_diatonic_strength": 0.538824141026, "key_scale": "major", "chords_number_rate": 0.00142045458779, "tuning_frequency": 440.508636475, "tuning_nontempered_energy_ratio": 0.632086277008, "chords_histogram": [26.5625, 43.5901985168, 18.0930404663, 1.79332387447, 3.49786925316, 0, 0.53267043829, 0.0177556816489, 1.20738637447, 1.42045450211, 0, 0, 0.0355113632977, 0, 0.1953125, 0, 0.1953125, 0.106534093618, 0, 1.91761362553, 0, 0, 0, 0.83451706171], "key_strength": 0.756239950657, "chords_key": "C", "chords_strength": {"dmean2": 0.00622353516519, "median": 0.547259390354, "min": -1, "dvar2": 0.000689993379638, "dvar": 0.000371451926185, "dmean": 0.00688298745081, "max": 0.737715005875, "var": 0.0121149094775, "mean": 0.54322463274}, "chords_scale": "minor", "hpcp_entropy": {"dmean2": 0.828256726265, "median": 1.81864452362, "min": 0, "dvar2": 0.522376060486, "dvar": 0.210070416331, "dmean": 0.503814101219, "max": 4.25829935074, "var": 0.568001925945, "mean": 1.78106737137}}, "metadata": {"audio_properties": {"equal_loudness": 0, "codec": "flac", "downmix": "mix", "sample_rate": 44100, "analysis_sample_rate": 44100, "bit_rate": 0, "md5_encoded": "9c22898230b6a7abe1055577e4d099b2", "length": 261.466674805, "replay_gain": -13.2885704041, "lossless": true}, "version": {"essentia_build_sha": "2d9f1f26377add8aeb1075a9c2973f962c4f09fd", "essentia": "2.1-beta2", "extractor": "music 1.0", "essentia_git_sha": "v2.1_beta2-1-ge3940c0"}, "tags": {"title": ["I Don't Fit"], "barcode": ["5099994928228"], "media": ["CD"], "albumartist": ["Madrugada"], "tracktotal": ["14"], "musicbrainz_releasegroupid": ["147802df-85bc-4dab-92e0-3cd720932ef5"], "releasetype": ["album", "compilation"], "musicbrainz_recordingid": ["210457be-3013-4b4f-9d36-dd5061e76338"], "originalyear": ["2010"], "musicbrainz_releasetrackid": ["436b87d9-d2ac-32ae-95d5-90a382ed767d"], "discnumber": ["1"], "album": ["The Best of Madrugada"], "catalognumber": ["5099994928228"], "releasecountry": ["NO"], "musicbrainz_albumartistid": ["7520c1b4-59fe-4874-8a5f-6d4e6e36e98d"], "date": ["2010"], "file_name": "1-11 I Don't Fit.flac", "disctotal": ["2"], "musicbrainz_artistid": ["7520c1b4-59fe-4874-8a5f-6d4e6e36e98d"], "originaldate": ["2010"], "musicbrainz_albumid": ["3cda75f1-e37a-4979-9c91-c379799a4a44"], "artist": ["Madrugada"], "artistsort": ["Madrugada"], "tracknumber": ["11"], "label": ["Virgin Records Norway"], "albumartistsort": ["Madrugada"], "acoustid_id": ["237a8f59-1dd6-498c-9f2b-18693da537ef"], "script": ["Latn"], "releasestatus": ["official"]}}, "rhythm": {"bpm_histogram_first_peak_bpm": {"dmean2": 0, "median": 172, "min": 172, "dvar2": 0, "dvar": 0, "dmean": 0, "max": 172, "var": 0, "mean": 172}, "bpm": 172.265167236, "bpm_histogram_second_peak_spread": {"dmean2": 0, "median": 0, "min": 0, "dvar2": 0, "dvar": 0, "dmean": 0, "max": 0, "var": 0, "mean": 0}, "bpm_histogram_first_peak_weight": {"dmean2": 0, "median": 0.621438264847, "min": 0.621438264847, "dvar2": 0, "dvar": 0, "dmean": 0, "max": 0.621438264847, "var": 0, "mean": 0.621438264847}, "onset_rate": 2.45525550842, "beats_position": [0.348299324512, 0.708208620548, 1.06811785698, 1.42802715302, 1.78793644905, 2.13623571396, 2.48453521729, 2.83283448219, 3.19274377823, 3.55265307426, 3.90095233917, 4.2492518425, 4.60916090012, 4.98067998886, 5.35219955444, 5.71210861206, 6.08362817764, 6.45514726639, 6.82666635513, 7.19818592072, 7.56970500946, 7.94122457504, 8.32435321808, 8.70748329163, 9.07900238037, 9.45052146912, 9.81043052673, 10.1703395844, 10.5302495956, 10.8785486221, 11.2384576797, 11.5983667374, 11.9582767487, 12.3065757751, 12.6548748016, 13.0031747818, 13.3630838394, 13.7113828659, 14.0596818924, 14.4195919037, 14.7678909302, 15.1161899567, 15.4760990143, 15.8243989944, 16.1726989746, 16.5326080322, 16.8809070587, 17.2292060852, 17.5775051117, 17.9374141693, 18.2857131958, 18.6456241608, 18.9939231873, 19.3422222137, 19.6905212402, 20.0388202667, 20.3987293243, 20.758638382, 21.1185474396, 21.4784584045, 21.826757431, 22.1750564575, 22.523355484, 22.8716545105, 23.219953537, 23.5682544708, 23.9165534973, 24.2648525238, 24.6131515503, 24.9614505768, 25.3097496033, 25.6696586609, 26.0295696259, 26.3894786835, 26.7493877411, 27.1092967987, 27.4692058563, 27.8175048828, 28.1774139404, 28.5257129669, 28.8856239319, 29.2339229584, 29.5822219849, 29.9305210114, 30.290430069, 30.6503391266, 30.9986381531, 31.3469390869, 31.7068481445, 32.0667572021, 32.4150543213, 32.7633552551, 33.111656189, 33.4599533081, 33.8082542419, 34.1565513611, 34.5048522949, 34.8531494141, 35.2014503479, 35.5497512817, 35.9096603394, 36.269569397, 36.6178665161, 36.96616745, 37.3144645691, 37.6743774414, 38.034286499, 38.3825836182, 38.730884552, 39.0791816711, 39.427482605, 39.7757797241, 40.124080658, 40.4839897156, 40.8438987732, 41.192199707, 41.5404968262, 41.88879776, 42.2370948792, 42.5970077515, 42.9569168091, 43.3052139282, 43.6535148621, 44.0134239197, 44.3733329773, 44.7216300964, 45.0699310303, 45.4182319641, 45.7665290833, 46.1148300171, 46.4631271362, 46.8114280701, 47.1597251892, 47.508026123, 47.8563270569, 48.204624176, 48.5529251099, 48.9128341675, 49.2727432251, 49.6326522827, 49.9925613403, 50.3408622742, 50.6891593933, 51.0374603271, 51.3857574463, 51.7456665039, 52.1055755615, 52.4654884338, 52.8253974915, 53.1736946106, 53.5336036682, 53.8819046021, 54.2418136597, 54.5901107788, 54.9500198364, 55.2983207703, 55.6582298279, 56.0065307617, 56.3548278809, 56.7031288147, 57.0514259338, 57.3997268677, 57.7480278015, 58.1079368591, 58.4678459167, 58.8161430359, 59.1644439697, 59.5127410889, 59.8726501465, 60.2325630188, 60.5808601379, 60.9291610718, 61.2774581909, 61.6257591248, 61.9740562439, 62.3223571777, 62.6706581116, 63.0189552307, 63.3788642883, 63.7387733459, 64.0986862183, 64.4585952759, 64.806892395, 65.1551895142, 65.5034942627, 65.8517913818, 66.200088501, 66.5483856201, 66.8966903687, 67.2449874878, 67.6048965454, 67.964805603, 68.3131027222, 68.6614074707, 69.0097045898, 69.358001709, 69.7062988281, 70.0546035767, 70.3912887573, 70.7511978149, 71.1111068726, 71.4710159302, 71.8193206787, 72.1792297363, 72.5391387939, 72.8874359131, 73.2473449707, 73.5956420898, 73.9555511475, 74.3154602051, 74.6753692627, 75.0236740112, 75.3719711304, 75.7202682495, 76.068572998, 76.4168701172, 76.7767791748, 77.1250762939, 77.4849853516, 77.8332901001, 78.1815872192, 78.5298843384, 78.889793396, 79.2497024536, 79.5979995728, 79.9463043213, 80.2946014404, 80.6428985596, 80.9912033081, 81.3395004272, 81.6877975464, 82.0360946655, 82.3843994141, 82.7326965332, 83.0926055908, 83.4525146484, 83.8124237061, 84.1607208252, 84.5206298828, 84.8689346313, 85.2172317505, 85.5771408081, 85.9370498657, 86.2853469849, 86.6336517334, 86.9819488525, 87.3302459717, 87.6901550293, 88.0500640869, 88.3983688354, 88.7466659546, 89.0949630737, 89.4432601929, 89.7915649414, 90.1398620605, 90.4997711182, 90.8596801758, 91.2079772949, 91.5562820435, 91.9045791626, 92.2528762817, 92.6011810303, 92.9610900879, 93.3209991455, 93.6692962646, 94.0175933838, 94.3775024414, 94.737411499, 95.0973205566, 95.4456253052, 95.7939224243, 96.1422195435, 96.5021286011, 96.8620376587, 97.2103347778, 97.5702438354, 97.918548584, 98.2668457031, 98.6151428223, 98.9634475708, 99.3117446899, 99.6716537476, 100.019950867, 100.379859924, 100.728164673, 101.076461792, 101.424758911, 101.77305603, 102.121360779, 102.469657898, 102.817955017, 103.177864075, 103.537773132, 103.886077881, 104.234375, 104.582672119, 104.942581177, 105.302490234, 105.650794983, 106.010704041, 106.370613098, 106.730522156, 107.090431213, 107.438728333, 107.787025452, 108.1353302, 108.483627319, 108.843536377, 109.203445435, 109.551742554, 109.900039673, 110.248344421, 110.596641541, 110.94493866, 111.293243408, 111.653152466, 112.013061523, 112.361358643, 112.709655762, 113.05796051, 113.417869568, 113.766166687, 114.114463806, 114.474372864, 114.822669983, 115.170974731, 115.519271851, 115.86756897, 116.227478027, 116.587387085, 116.947296143, 117.295600891, 117.655509949, 118.015419006, 118.375328064, 118.723625183, 119.071922302, 119.420227051, 119.76852417, 120.116821289, 120.476730347, 120.825035095, 121.173332214, 121.521629333, 121.881538391, 122.22983551, 122.578140259, 122.938049316, 123.297958374, 123.646255493, 123.994552612, 124.342857361, 124.69115448, 125.039451599, 125.387756348, 125.747665405, 126.107574463, 126.455871582, 126.804168701, 127.164077759, 127.523986816, 127.872291565, 128.220581055, 128.568893433, 128.917190552, 129.265487671, 129.61378479, 129.962081909, 130.310379028, 130.658676147, 131.018585205, 131.378494263, 131.73840332, 132.098312378, 132.446624756, 132.794921875, 133.143218994, 133.491516113, 133.839813232, 134.188110352, 134.536407471, 134.884719849, 135.233016968, 135.581314087, 135.929611206, 136.277908325, 136.626205444, 136.986114502, 137.34602356, 137.694335938, 138.042633057, 138.390930176, 138.739227295, 139.099136353, 139.45904541, 139.818954468, 140.178863525, 140.538772583, 140.898681641, 141.24697876, 141.595275879, 141.943572998, 142.291885376, 142.651794434, 143.000091553, 143.36000061, 143.708297729, 144.056594849, 144.416503906, 144.764801025, 145.124710083, 145.473007202, 145.83291626, 146.192825317, 146.541137695, 146.889434814, 147.237731934, 147.586029053, 147.94593811, 148.294235229, 148.654144287, 149.002441406, 149.350738525, 149.699050903, 150.047348022, 150.40725708, 150.755554199, 151.103851318, 151.463760376, 151.812057495, 152.160354614, 152.508651733, 152.856964111, 153.216873169, 153.576782227, 153.925079346, 154.284988403, 154.644897461, 154.99319458, 155.341491699, 155.689788818, 156.038085938, 156.386398315, 156.746307373, 157.106216431, 157.45451355, 157.802810669, 158.162719727, 158.522628784, 158.870925903, 159.219223022, 159.567520142, 159.915817261, 160.264129639, 160.612426758, 160.960723877, 161.309020996, 161.668930054, 162.028839111, 162.388748169, 162.748657227, 163.096954346, 163.445251465, 163.793563843, 164.1534729, 164.513381958, 164.861679077, 165.209976196, 165.558273315, 165.906570435, 166.254867554, 166.603164673, 166.951477051, 167.311386108, 167.671295166, 168.019592285, 168.379501343, 168.7394104, 169.08770752, 169.436004639, 169.784301758, 170.132598877, 170.480911255, 170.840820313, 171.20072937, 171.549026489, 171.897323608, 172.245620728, 172.593917847, 172.942214966, 173.290512085, 173.650421143, 174.0103302, 174.358642578, 174.706939697, 175.055236816, 175.403533936, 175.751831055, 176.111740112, 176.460037231, 176.819946289, 177.168243408, 177.516555786, 177.864852905, 178.213150024, 178.573059082, 178.93296814, 179.281265259, 179.641174316, 180.001083374, 180.360992432, 180.720901489, 181.069198608, 181.417495728, 181.765808105, 182.114105225, 182.462402344, 182.810699463, 183.158996582, 183.507293701, 183.867202759, 184.227111816, 184.587020874, 184.935317993, 185.29524231, 185.643539429, 186.003448486, 186.351745605, 186.711654663, 187.071563721, 187.431472778, 187.779769897, 188.128067017, 188.476364136, 188.824661255, 189.172973633, 189.521270752, 189.857955933, 190.206253052, 190.566162109, 190.914459229, 191.274368286, 191.622665405, 191.970977783, 192.330886841, 192.67918396, 193.027481079, 193.375778198, 193.724075317, 194.072372437, 194.420669556, 194.780578613, 195.140487671, 195.488800049, 195.848709106, 196.197006226, 196.556915283, 196.916824341, 197.26512146, 197.613418579, 197.973327637, 198.321624756, 198.669921875, 199.029830933, 199.38973999, 199.738052368, 200.086349487, 200.434646606, 200.782943726, 201.131240845, 201.479537964, 201.839447021, 202.199356079, 202.547653198, 202.907577515, 203.255874634, 203.615783691, 203.964080811, 204.31237793, 204.660675049, 205.020584106, 205.380493164, 205.728790283, 206.077087402, 206.42539978, 206.773696899, 207.133605957, 207.481903076, 207.841812134, 208.190109253, 208.538406372, 208.886703491, 209.23500061, 209.594909668, 209.954818726, 210.314727783, 210.6746521, 211.022949219, 211.371246338, 211.719543457, 212.067840576, 212.416137695, 212.764434814, 213.112747192, 213.461044312, 213.809341431, 214.15763855, 214.505935669, 214.854232788, 215.202529907, 215.550842285, 215.899139404, 216.247436523, 216.595733643, 216.944030762, 217.292327881, 217.640625, 217.977325439, 218.31401062, 218.662307739, 219.010604858, 219.358901978, 219.707214355, 220.055511475, 220.403808594, 220.752105713, 221.112014771, 221.46031189, 221.820220947, 222.168518066, 222.516815186, 222.876724243, 223.236633301, 223.584945679, 223.933242798, 224.281539917, 224.629837036, 224.966522217, 225.303222656, 225.651519775, 225.999816895, 226.348114014, 226.696411133, 227.044708252, 227.381408691, 227.718093872, 228.066390991, 228.41468811, 228.762985229, 229.099685669, 229.447982788, 229.784667969, 230.132965088, 230.481262207, 230.829559326, 231.177871704, 231.526168823, 231.874465942, 232.222763062, 232.571060181, 232.9193573, 233.267654419, 233.615966797, 233.964263916, 234.312561035, 234.660858154, 235.009155273, 235.369064331, 235.728973389, 236.077270508, 236.425567627, 236.773880005, 237.122177124, 237.470474243, 237.818771362, 238.167068481, 238.515365601, 238.86366272, 239.211975098, 239.560272217, 239.908569336, 240.256866455, 240.605163574, 240.953460693, 241.301757813, 241.65007019, 241.99836731, 242.346664429, 242.683349609, 243.02003479, 243.368347168, 243.716644287, 244.064941406, 244.413238525, 244.761535645, 245.109832764, 245.458129883, 245.794830322, 246.143127441, 246.479812622, 246.816497803, 247.153198242, 247.489883423, 247.826568604, 248.151657104, 248.476730347, 248.813415527, 249.150115967, 249.498413086, 249.835098267, 250.171783447, 250.508468628, 250.856781006, 251.205078125, 251.564987183, 251.92489624, 252.284805298, 252.667938232, 253.051055908, 253.434188843, 253.817321777, 254.22366333, 254.630020142, 255.036361694, 255.442718506, 255.895507813, 256.348297119, 256.789459229, 257.195831299, 257.602172852, 258.008514404, 258.414855957, 258.821228027, 259.22756958, 259.633911133, 260.040252686, 260.493041992, 260.945831299], "beats_loudness": {"dmean2": 0.0185218602419, "median": 0.0428846552968, "min": 0, "dvar2": 0.000263887486653, "dvar": 8.78043720149e-05, "dmean": 0.0105333635584, "max": 0.0829317420721, "var": 0.000245408940827, "mean": 0.0414565429091}, "danceability": 0.987477898598, "bpm_histogram_second_peak_weight": {"dmean2": 0, "median": 0.299864321947, "min": 0.299864321947, "dvar2": 0, "dvar": 0, "dmean": 0, "max": 0.299864321947, "var": 0, "mean": 0.299864321947}, "beats_count": 738, "bpm_histogram_second_peak_bpm": {"dmean2": 0, "median": 167, "min": 167, "dvar2": 0, "dvar": 0, "dmean": 0, "max": 167, "var": 0, "mean": 167}, "bpm_histogram_first_peak_spread": {"dmean2": 0, "median": 0, "min": 0, "dvar2": 0, "dvar": 0, "dmean": 0, "max": 0, "var": 0, "mean": 0}, "beats_loudness_band_ratio": {"dmean2": [0.238573402166, 0.150429591537, 0.153965130448, 0.0874438509345, 0.121203944087, 0.0819076374173], "median": [0.466166466475, 0.0960757732391, 0.128604263067, 0.0793528109789, 0.12878960371, 0.0429752580822], "min": [0, 0, 0, 0, 0, 0], "dvar2": [0.0382181033492, 0.0176026988775, 0.0182118844241, 0.00821586884558, 0.0129612209275, 0.0118751097471], "dvar": [0.0130559829995, 0.00631551863626, 0.00659275334328, 0.00348669732921, 0.00453648669645, 0.0039599169977], "dmean": [0.139525607228, 0.0846365764737, 0.0879378542304, 0.0517882741988, 0.0688704177737, 0.0451791100204], "max": [0.833327293396, 0.614044070244, 0.612398207188, 0.91727411747, 0.56470566988, 0.587951898575], "var": [0.0355760343373, 0.00811619218439, 0.0121441511437, 0.011833277531, 0.0110797425732, 0.0030936228577], "mean": [0.450126171112, 0.120314210653, 0.158607110381, 0.103696145117, 0.163944467902, 0.0574858374894]}}, "lowlevel": {"barkbands_spread": {"dmean2": 5.86796188354, "median": 29.2172698975, "min": 1.78709244728, "dvar2": 41.6763420105, "dvar": 19.5804786682, "dmean": 3.78507566452, "max": 96.1468276978, "var": 121.838020325, "mean": 30.0104751587}, "melbands_spread": {"dmean2": 9.11985588074, "median": 29.8616065979, "min": 1.9313133955, "dvar2": 110.262535095, "dvar": 49.4944839478, "dmean": 5.7268781662, "max": 198.349151611, "var": 303.329345703, "mean": 32.1169433594}, "hfc": {"dmean2": 8.99772262573, "median": 30.6359043121, "min": 1.05606049543e-16, "dvar2": 204.70262146, "dvar": 117.955467224, "dmean": 6.23862504959, "max": 479.042785645, "var": 664.17956543, "mean": 33.8309173584}, "barkbands_kurtosis": {"dmean2": 1.45189940929, "median": -0.0705175325274, "min": -1.89062559605, "dvar2": 6.97773790359, "dvar": 2.59239172935, "dmean": 0.875938475132, "max": 37.8564949036, "var": 8.54726982117, "mean": 0.717046916485}, "gfcc": {"mean": [31.9870643616, 86.9065856934, -120.874000549, 32.2716255188, -42.1730575562, 10.2493953705, -40.3694000244, 16.2471752167, -14.5185480118, 0.283039987087, -21.0224742889, -4.22878980637, -15.6618356705], "icov": [[0.000153035696712, -3.6306817492e-05, 0.000247344432864, -0.000384593819035, 0.000534761697054, -0.000163770499057, 0.000122362413094, -0.000465675868327, 0.000261046836386, -0.000493704341352, 0.00100217747968, -0.000418390380219, 0.000457964168163], [-3.6306817492e-05, 0.00252078543417, 0.00098594056908, -0.000293457036605, -0.00099293270614, 0.00158852944151, 0.00028466747608, -0.00115347548854, -0.000263027235633, 0.0015479719732, -0.00350877922028, 0.00253989873454, -0.00176927004941], [0.000247344432864, 0.00098594056908, 0.00275041675195, -0.00153191108257, 0.000152679815073, -0.000494423613418, 0.000278480292764, -0.00154623796698, 0.000377942749765, -0.00181611638982, 0.000846317678224, -0.00202027522027, 0.00162013398949], [-0.000384593819035, -0.000293457036605, -0.00153191108257, 0.00746371643618, 0.000562916102353, -0.00145768129732, 0.00224958895706, 0.00105967605487, -0.00346038211137, 0.00336952228099, -0.00216517434455, 0.00199728831649, -0.00301111023873], [0.000534761697054, -0.00099293270614, 0.000152679815073, 0.000562916102353, 0.00729104317725, -0.000885064713657, 0.000786202435847, -0.000846911745612, 0.00087918509962, -0.00290395482443, 0.00317334104329, -0.00235184142366, 0.00197479967028], [-0.000163770499057, 0.00158852944151, -0.000494423613418, -0.00145768129732, -0.000885064713657, 0.00732040172443, -0.000738641421776, -0.00408790074289, 0.00283801276237, 0.000745155441109, -0.00324932835065, 0.00167989532929, -0.000147450293298], [0.000122362413094, 0.00028466747608, 0.000278480292764, 0.00224958895706, 0.000786202435847, -0.000738641421776, 0.0107507575303, -0.00127432390582, -0.000444563775091, 0.00446941843256, -0.00244822725654, 0.00104523345362, -0.000795614090748], [-0.000465675868327, -0.00115347548854, -0.00154623796698, 0.00105967605487, -0.000846911745612, -0.00408790074289, -0.00127432390582, 0.0167109947652, -0.00379157671705, -0.000618644640781, 0.0028312089853, 0.000371019967133, -0.000737782393117], [0.000261046836386, -0.000263027235633, 0.000377942749765, -0.00346038211137, 0.00087918509962, 0.00283801276237, -0.000444563775091, -0.00379157671705, 0.0191308464855, -0.00868608336896, 0.000167867256096, 0.00519607495517, -0.00319027574733], [-0.000493704341352, 0.0015479719732, -0.00181611638982, 0.00336952228099, -0.00290395482443, 0.000745155441109, 0.00446941843256, -0.000618644640781, -0.00868608336896, 0.026826929301, -0.0106486640871, 0.0010363671463, 0.00291110738181], [0.00100217747968, -0.00350877922028, 0.000846317678224, -0.00216517434455, 0.00317334104329, -0.00324932835065, -0.00244822725654, 0.0028312089853, 0.000167867256096, -0.0106486640871, 0.0291965808719, -0.00961714144796, 0.00331860547885], [-0.000418390380219, 0.00253989873454, -0.00202027522027, 0.00199728831649, -0.00235184142366, 0.00167989532929, 0.00104523345362, 0.000371019967133, 0.00519607495517, 0.0010363671463, -0.00961714144796, 0.0286638699472, -0.0111953122541], [0.000457964168163, -0.00176927004941, 0.00162013398949, -0.00301111023873, 0.00197479967028, -0.000147450293298, -0.000795614090748, -0.000737782393117, -0.00319027574733, 0.00291110738181, 0.00331860547885, -0.0111953122541, 0.028846880421]], "cov": [[21493.6542969, -1266.83361816, -5.75645208359, 1076.24841309, -1297.82385254, 892.697692871, -350.305908203, 659.165710449, -81.5585174561, -35.4146080017, -683.507568359, -81.2980651855, -164.019332886], [-1266.83361816, 1115.22216797, -616.9375, -82.3069992065, 94.0965957642, -312.438690186, 41.3532562256, -77.8957366943, 66.0628051758, -52.4159088135, 102.292655945, -75.0661239624, 77.3743591309], [-5.75645208359, -616.9375, 885.161804199, 116.831367493, 11.249168396, 231.756530762, -53.7059326172, 83.5522155762, -17.9113998413, 74.8128662109, -22.7731380463, 68.6808624268, -54.4516906738], [1076.24841309, -82.3069992065, 116.831367493, 256.476257324, -89.8351974487, 89.4432373047, -50.4989624023, 43.4768180847, 28.6711196899, -3.71588134766, -25.1138973236, -8.51556015015, 7.53210878372], [-1297.82385254, 94.0965957642, 11.249168396, -89.8351974487, 242.19909668, -40.9178924561, 4.54517126083, -25.9083499908, -1.99128735065, 20.8676204681, 32.6792831421, 11.8215551376, -2.45851898193], [892.697692871, -312.438690186, 231.756530762, 89.4432373047, -40.9178924561, 294.79864502, -8.67339897156, 84.3187332153, -34.165222168, 9.73348808289, -28.0606193542, 15.5706529617, -26.2792873383], [-350.305908203, 41.3532562256, -53.7059326172, -50.4989624023, 4.54517126083, -8.67339897156, 119.569580078, -6.3345451355, -9.08597278595, -23.6554088593, 13.7724075317, -2.39118361473, 7.49301052094], [659.165710449, -77.8957366943, 83.5522155762, 43.4768180847, -25.9083499908, 84.3187332153, -6.3345451355, 103.037033081, 8.49292182922, 8.41419124603, -26.4563560486, -2.91671729088, -8.72970294952], [-81.5585174561, 66.0628051758, -17.9113998413, 28.6711196899, -1.99128735065, -34.165222168, -9.08597278595, 8.49292182922, 82.8357620239, 22.5787029266, 9.17801380157, -17.7972183228, 8.19334983826], [-35.4146080017, -52.4159088135, 74.8128662109, -3.71588134766, 20.8676204681, 9.73348808289, -23.6554088593, 8.41419124603, 22.5787029266, 66.0317306519, 15.6475334167, 5.25224971771, -12.9865884781], [-683.507568359, 102.292655945, -22.7731380463, -25.1138973236, 32.6792831421, -28.0606193542, 13.7724075317, -26.4563560486, 9.17801380157, 15.6475334167, 74.2472763062, 11.2134065628, 8.35150814056], [-81.2980651855, -75.0661239624, 68.6808624268, -8.51556015015, 11.8215551376, 15.5706529617, -2.39118361473, -2.91671729088, -17.7972183228, 5.25224971771, 11.2134065628, 56.3396186829, 9.14695262909], [-164.019332886, 77.3743591309, -54.4516906738, 7.53210878372, -2.45851898193, -26.2792873383, 7.49301052094, -8.72970294952, 8.19334983826, -12.9865884781, 8.35150814056, 9.14695262909, 50.6828918457]]}, "spectral_energyband_middle_low": {"dmean2": 0.00510242022574, "median": 0.0127201164141, "min": 1.32313746367e-22, "dvar2": 4.05788559874e-05, "dvar": 1.63214426721e-05, "dmean": 0.0032108342275, "max": 0.0762360394001, "var": 4.8577432608e-05, "mean": 0.0133570432663}, "melbands_crest": {"dmean2": 3.45704364777, "median": 11.7830858231, "min": 1.65734326839, "dvar2": 13.6072120667, "dvar": 4.91404438019, "dmean": 2.07055449486, "max": 28.8124885559, "var": 18.5674381256, "mean": 12.414721489}, "spectral_kurtosis": {"dmean2": 2.00661849976, "median": 4.51146364212, "min": -1.26181101799, "dvar2": 8.43599510193, "dvar": 2.84925842285, "dmean": 1.1818240881, "max": 48.9688072205, "var": 16.8633041382, "mean": 5.22172451019}, "spectral_rms": {"dmean2": 0.00080936960876, "median": 0.00596825126559, "min": 3.1041360888e-12, "dvar2": 1.07075118194e-06, "dvar": 4.12747965584e-07, "dmean": 0.00049661815865, "max": 0.0117127923295, "var": 2.52655104305e-06, "mean": 0.00566718447953}, "zerocrossingrate": {"dmean2": 0.00918133556843, "median": 0.0654296875, "min": 0.0029296875, "dvar2": 9.56822914304e-05, "dvar": 8.68691204232e-05, "dmean": 0.00765228318051, "max": 0.52001953125, "var": 0.00184400030412, "mean": 0.0718187093735}, "silence_rate_60dB": {"dmean2": 0.000355239782948, "median": 0, "min": 0, "dvar2": 0.000355109455995, "dvar": 0.000177572568646, "dmean": 0.000177604117198, "max": 1, "var": 0.0375426821411, "mean": 0.0390694364905}, "erbbands_kurtosis": {"dmean2": 0.851076364517, "median": -0.236811980605, "min": -1.63410818577, "dvar2": 2.48746299744, "dvar": 0.859526216984, "dmean": 0.525136649609, "max": 33.9863510132, "var": 3.034314394, "mean": 0.172033756971}, "erbbands": {"dmean2": [0.0748703926802, 1.20227587223, 4.03427600861, 6.76941871643, 8.83546257019, 6.0333070755, 6.19762849808, 7.42566680908, 12.1350717545, 23.0116882324, 23.066286087, 20.168964386, 26.3211708069, 18.9253768921, 15.388999939, 25.9899559021, 21.0164375305, 34.4824028015, 34.713306427, 45.6315460205, 44.7236404419, 58.0112724304, 39.6742362976, 18.7601585388, 9.85066890717, 7.09879112244, 6.31737756729, 7.82380819321, 4.92205476761, 4.51544475555, 4.19126319885, 3.00825214386, 2.16795301437, 1.08213448524, 0.7785140872, 0.250695317984, 0.146883755922, 0.034506585449, 0.00314433639869, 0.000164772442076], "median": [0.085063546896, 1.18838858604, 4.23301124573, 9.34038352966, 7.1769452095, 5.32766866684, 6.09273719788, 6.99276828766, 13.0700216293, 25.6859207153, 32.2614517212, 23.9017486572, 18.7167701721, 14.5649814606, 10.7168016434, 18.4222068787, 15.8990240097, 28.738483429, 26.0658607483, 34.9604911804, 51.6565093994, 65.9206924438, 46.3051452637, 24.0069656372, 11.9466838837, 8.29409217834, 6.69469642639, 6.78034353256, 4.01329040527, 3.37710213661, 2.29612517357, 1.89544248581, 1.45377254486, 0.927273035049, 0.426286488771, 0.123766407371, 0.0224907584488, 0.0035373903811, 0.000409028492868, 6.63764003548e-05], "min": [8.95758689181e-23, 5.47363091908e-22, 1.95734884009e-21, 4.95140298034e-21, 1.26311392344e-20, 3.23035968875e-20, 5.33264438543e-20, 6.14718302867e-20, 9.90752864499e-20, 2.83001364268e-19, 2.52768584964e-19, 2.90092861208e-19, 3.8156523338e-19, 7.86578814077e-19, 1.13662319284e-18, 1.1614268239e-18, 1.98186787901e-18, 1.85260477828e-18, 2.44929109955e-18, 2.44249477684e-18, 3.25159508236e-18, 4.03424876934e-18, 5.24368236425e-18, 5.51789108295e-18, 5.81002852784e-18, 7.34828626858e-18, 9.26530794385e-18, 1.19273248747e-17, 1.10470640823e-17, 1.02526456122e-17, 1.25263591482e-17, 1.0670465293e-17, 9.27722513493e-18, 8.44867140256e-18, 7.06504473759e-18, 3.87636025633e-18, 2.57846114247e-18, 9.6167139136e-19, 2.62942906498e-19, 2.67913250622e-20], "dvar2": [0.0241203401238, 5.97137880325, 57.4945831299, 97.2415161133, 227.652893066, 76.3918380737, 106.082527161, 218.879150391, 306.435821533, 1183.68945313, 1112.39916992, 1250.76904297, 3089.02172852, 1384.88427734, 1166.34069824, 1537.69482422, 1703.9140625, 2770.30249023, 3822.34057617, 7618.75146484, 4530.96777344, 5367.23339844, 2821.90966797, 1056.91174316, 352.790374756, 188.659042358, 167.111663818, 313.633666992, 190.073623657, 167.739746094, 313.881317139, 363.852874756, 190.504867554, 18.308473587, 12.004365921, 0.4378503263, 0.184579744935, 0.0123701766133, 9.77925374173e-05, 3.05043101889e-07], "dvar": [0.00841567106545, 2.02755618095, 20.5616168976, 36.9143791199, 91.9699249268, 30.1710071564, 45.2181358337, 89.701461792, 121.356414795, 509.826751709, 470.12588501, 525.869262695, 1411.63171387, 564.680297852, 471.027801514, 641.120727539, 694.163330078, 1105.1517334, 1576.81323242, 2808.4453125, 1703.16223145, 1891.49475098, 1028.09729004, 430.897491455, 143.070709229, 76.6348266602, 75.5776824951, 140.187866211, 92.2467803955, 93.2757873535, 158.585220337, 180.443527222, 90.9408721924, 12.2226047516, 5.38818836212, 0.216545000672, 0.0752918049693, 0.0048092850484, 4.49116851087e-05, 1.37802373956e-07], "dmean": [0.0436866059899, 0.68086707592, 2.34028911591, 4.13056468964, 5.43127059937, 3.6216070652, 3.87012767792, 4.6596121788, 7.30811452866, 14.6513252258, 15.1185045242, 13.1610393524, 18.1140651703, 11.8526248932, 9.66425514221, 16.1947193146, 12.9948234558, 21.6649894714, 22.3189620972, 27.9275627136, 27.2086830139, 34.336151123, 23.8111171722, 11.5020227432, 6.0985660553, 4.32398271561, 4.00416898727, 5.05612516403, 3.26214671135, 3.03086137772, 2.89564633369, 2.05816316605, 1.51467490196, 0.784083068371, 0.524549484253, 0.184986189008, 0.0981134325266, 0.0216301754117, 0.002067765221, 0.000107110194222], "max": [1.28185176849, 20.5652599335, 61.692489624, 125.560676575, 186.162963867, 164.155212402, 250.102096558, 337.469238281, 311.480987549, 542.823303223, 521.686218262, 657.372680664, 1279.48474121, 709.3515625, 1033.56164551, 550.370178223, 550.032958984, 729.524902344, 853.121154785, 1630.72143555, 961.704589844, 655.068908691, 536.202209473, 806.646362305, 364.257904053, 308.841003418, 258.896697998, 328.956848145, 352.946136475, 394.890930176, 565.89453125, 715.480041504, 475.826141357, 375.665283203, 73.9624862671, 10.8583116531, 4.63398361206, 3.324041605, 0.28913629055, 0.0195604618639], "var": [0.0102481739596, 2.45689177513, 31.44672966, 65.4397125244, 119.452308655, 58.4744110107, 117.789237976, 257.465423584, 298.411529541, 1549.44287109, 1484.12719727, 1921.82275391, 6397.41162109, 1910.72814941, 1500.62878418, 2237.35522461, 1867.10375977, 2791.95874023, 5432.54003906, 8533.6171875, 5291.1171875, 4677.39453125, 2175.94897461, 1250.40637207, 347.228149414, 194.538269043, 232.191375732, 411.095367432, 292.339385986, 331.686004639, 490.942108154, 598.813293457, 328.053283691, 49.9611358643, 8.8334980011, 0.437530338764, 0.0948054641485, 0.00599616672844, 8.9543631475e-05, 2.69360128868e-07], "mean": [0.103370182216, 1.62357842922, 6.13585138321, 10.4452371597, 9.76404762268, 7.40214061737, 8.79229640961, 10.8956193924, 16.9798336029, 37.0754127502, 41.6379623413, 35.8968276978, 45.6961555481, 27.3389225006, 22.7906589508, 35.4668273926, 29.7945861816, 46.279750824, 55.8414840698, 70.9807128906, 74.2259368896, 84.7078552246, 58.1368331909, 31.2647953033, 16.3655014038, 11.5870656967, 10.3155870438, 12.3748311996, 8.17086219788, 7.57127189636, 6.42620706558, 4.88225126266, 3.66637945175, 1.95693314075, 1.12211883068, 0.365325599909, 0.12893421948, 0.0257915165275, 0.00296527007595, 0.000190348946489]}, "spectral_strongpeak": {"dmean2": 0.646659851074, "median": 0.430596590042, "min": 0, "dvar2": 1.72794425488, "dvar": 0.669748544693, "dmean": 0.363288849592, "max": 19.2543201447, "var": 0.784610629082, "mean": 0.667820394039}, "spectral_energy": {"dmean2": 0.0106746461242, "median": 0.0365105196834, "min": 9.87655186196e-21, "dvar2": 0.00023507894366, "dvar": 8.85934059625e-05, "dmean": 0.00647867843509, "max": 0.140619248152, "var": 0.000225475450861, "mean": 0.0355095639825}, "average_loudness": 0.966105878353, "spectral_rolloff": {"dmean2": 580.579162598, "median": 1873.38867188, "min": 86.1328125, "dvar2": 704292.125, "dvar": 326678.625, "dmean": 348.316192627, "max": 19681.3476563, "var": 2679725.5, "mean": 1934.25891113}, "spectral_centroid": {"dmean2": 252.653839111, "median": 1599.43884277, "min": 106.490859985, "dvar2": 79984.4453125, "dvar": 37016.3046875, "dmean": 159.648376465, "max": 11596.6533203, "var": 653538.375, "mean": 1651.40722656}, "pitch_salience": {"dmean2": 0.0785808041692, "median": 0.594791769981, "min": 0.267838478088, "dvar2": 0.00555478781462, "dvar": 0.00201250193641, "dmean": 0.0471964254975, "max": 0.825567066669, "var": 0.00668925698847, "mean": 0.590869545937}, "spectral_energyband_middle_high": {"dmean2": 0.00290872249752, "median": 0.00785977207124, "min": 1.18628524274e-21, "dvar2": 1.20588383652e-05, "dvar": 4.98664758197e-06, "dmean": 0.00185783975758, "max": 0.0459898225963, "var": 3.83498372685e-05, "mean": 0.00935007818043}, "spectral_contrast_coeffs": {"dmean2": [0.0708259269595, 0.063825070858, 0.0537140220404, 0.0457092784345, 0.0340798199177, 0.0228414405137], "median": [-0.636397957802, -0.752392947674, -0.777745604515, -0.77117139101, -0.7633010149, -0.761345207691], "min": [-0.975402235985, -0.976716756821, -0.98046952486, -0.978465020657, -0.977193176746, -0.96686154604], "dvar2": [0.00349235069007, 0.0025397981517, 0.00177145039197, 0.00126370321959, 0.000715229834896, 0.000399412820116], "dvar": [0.00124692975078, 0.000930024427362, 0.000666703446768, 0.000461053306935, 0.000253630860243, 0.000157907314133], "dmean": [0.042193222791, 0.0383375622332, 0.0325690954924, 0.0273988712579, 0.020242607221, 0.0138880452141], "max": [-0.419786065817, -0.536163151264, -0.521403610706, -0.613684475422, -0.642667531967, -0.604575097561], "var": [0.00397227238864, 0.00319425575435, 0.00386047386564, 0.00197043968365, 0.00117053138092, 0.00190313800704], "mean": [-0.638037621975, -0.752281069756, -0.772122561932, -0.769429087639, -0.764880657196, -0.758840203285]}, "melbands_skewness": {"dmean2": 0.663055002689, "median": 1.93253469467, "min": -4.04401683807, "dvar2": 0.627476811409, "dvar": 0.235718905926, "dmean": 0.409131854773, "max": 8.07488059998, "var": 1.17342174053, "mean": 2.08565282822}, "spectral_spread": {"dmean2": 490092.9375, "median": 4273436, "min": 1235938.625, "dvar2": 405575401472, "dvar": 239704948736, "dmean": 340184.84375, "max": 42414360, "var": 8891073036290.0, "mean": 4476369.5}, "dissonance": {"dmean2": 0.0189246740192, "median": 0.480905413628, "min": 0.35322111845, "dvar2": 0.00031650919118, "dvar": 0.000115909759188, "dmean": 0.0111251007766, "max": 0.500000059605, "var": 0.000335089571308, "mean": 0.476554423571}, "spectral_skewness": {"dmean2": 0.237470582128, "median": 1.57805001736, "min": -0.0683426558971, "dvar2": 0.0688462257385, "dvar": 0.0249313302338, "dmean": 0.144026905298, "max": 5.04579496384, "var": 0.195836901665, "mean": 1.59050679207}, "spectral_flux": {"dmean2": 0.0228256396949, "median": 0.0750607848167, "min": 6.46974210317e-11, "dvar2": 0.000804608513135, "dvar": 0.000400620017899, "dmean": 0.015107835643, "max": 0.290395051241, "var": 0.00138327025343, "mean": 0.0794298425317}, "spectral_contrast_valleys": {"dmean2": [0.57552075386, 0.462064743042, 0.421897113323, 0.336920171976, 0.252434015274, 0.215611100197], "median": [-6.68891334534, -6.07943534851, -6.97532081604, -6.91962337494, -6.81672668457, -9.43092346191], "min": [-28.0305862427, -27.7543945313, -27.7238121033, -27.6320915222, -27.4513759613, -27.3699607849], "dvar2": [0.236888363957, 0.135616332293, 0.111346818507, 0.0786862447858, 0.0549047403038, 0.0682835206389], "dvar": [0.0867052599788, 0.0523934848607, 0.0445490665734, 0.0332287102938, 0.0268824845552, 0.0441810265183], "dmean": [0.338545739651, 0.273156553507, 0.253399312496, 0.203638359904, 0.156389176846, 0.157758638263], "max": [-5.18641710281, -5.06563138962, -5.42437934875, -5.32350540161, -5.48734378815, -6.98452138901], "var": [3.52993679047, 3.54325842857, 3.27273607254