{"tonal": {"thpcp": [1, 0.574593067169, 0.145329266787, 0.101987615228, 0.0896207466722, 0.191974788904, 0.31059756875, 0.231884494424, 0.121734656394, 0.0926876068115, 0.0961745604873, 0.374844819307, 0.589438080788, 0.374066919088, 0.370499104261, 0.484570294619, 0.272888451815, 0.0932719036937, 0.0795057117939, 0.0939003825188, 0.429715871811, 0.785768508911, 0.482468187809, 0.116084501147, 0.0766583904624, 0.0741817727685, 0.135394439101, 0.195346832275, 0.168631583452, 0.134374365211, 0.0956851094961, 0.0658003985882, 0.139269888401, 0.206546366215, 0.20734013617, 0.619069218636], "hpcp": {"dmean2": [0.273132622242, 0.266112565994, 0.164125740528, 0.122400887311, 0.105778895319, 0.137764692307, 0.172680720687, 0.165226459503, 0.139167279005, 0.117436811328, 0.115299716592, 0.191255748272, 0.232149988413, 0.192112848163, 0.193571403623, 0.188238427043, 0.139761582017, 0.0842117369175, 0.0761383771896, 0.0945748910308, 0.193055644631, 0.263944894075, 0.223418906331, 0.128178149462, 0.0873682498932, 0.0876608192921, 0.12134218961, 0.135284215212, 0.11701887846, 0.112375676632, 0.0775530859828, 0.0624680221081, 0.0986367464066, 0.135634019971, 0.166337281466, 0.264480143785], "median": [0.548343300819, 0.286094844341, 0.0278229005635, 0.0160048455, 0.016428090632, 0.0485857054591, 0.0770456343889, 0.0519078783691, 0.0165031738579, 0.0152530446649, 0.0203872919083, 0.122531592846, 0.192463696003, 0.124661058187, 0.108689434826, 0.115531690419, 0.065440505743, 0.0235854536295, 0.0177064500749, 0.0220238026232, 0.188439667225, 0.360085219145, 0.20690408349, 0.0232420675457, 0.0172474011779, 0.0159142445773, 0.0238690506667, 0.0273777134717, 0.0331393331289, 0.0346802584827, 0.0260109044611, 0.0160826332867, 0.0373997762799, 0.0515610128641, 0.0541739277542, 0.307353198528], "min": [0, 0, 0, 0, 0, 0, 0, 0, 0, 0, 0, 0, 0, 0, 0, 0, 0, 0, 0, 0, 0, 0, 0, 0, 0, 0, 0, 0, 0, 0, 0, 0, 0, 0, 0, 0], "dvar2": [0.100751005113, 0.0922048762441, 0.0742807015777, 0.0668855533004, 0.0531331077218, 0.0574861913919, 0.0690603107214, 0.081183925271, 0.0841042026877, 0.0694992467761, 0.0683480277658, 0.0694679990411, 0.086826749146, 0.0660014823079, 0.0670241564512, 0.0672639459372, 0.0472212843597, 0.0306283347309, 0.0310952272266, 0.0363542102277, 0.0544802956283, 0.082296513021, 0.0713418871164, 0.0599869377911, 0.0443017743528, 0.042998380959, 0.0595023110509, 0.0683698356152, 0.0541567355394, 0.0508738979697, 0.0293068028986, 0.0283795241266, 0.038779001683, 0.0503959059715, 0.070001102984, 0.0832035243511], "dvar": [0.0431759767234, 0.0336014889181, 0.0277559775859, 0.0254380740225, 0.019290342927, 0.0210117325187, 0.0279762521386, 0.0303164497018, 0.0302436258644, 0.0244650263339, 0.0240162350237, 0.0266424436122, 0.036588087678, 0.0260195508599, 0.0251828506589, 0.0285606943071, 0.0179148223251, 0.0108919516206, 0.011102989316, 0.0130391614512, 0.02018279396, 0.0356701314449, 0.0266921389848, 0.0214512348175, 0.0150940837339, 0.0146905593574, 0.0221731290221, 0.0275984909385, 0.0215651839972, 0.0183226205409, 0.0105394637212, 0.0100901983678, 0.0141980759799, 0.0195846315473, 0.0252017453313, 0.0308694485575], "dmean": [0.162282407284, 0.158163174987, 0.0919088572264, 0.0672559589148, 0.0582053251565, 0.0791402608156, 0.102876111865, 0.0948844403028, 0.0759882628918, 0.0633939430118, 0.0625651776791, 0.114915393293, 0.140252485871, 0.114604003727, 0.114326052368, 0.11479409039, 0.08389826864, 0.0473775118589, 0.0423918738961, 0.0528542548418, 0.116680838168, 0.162140756845, 0.134296312928, 0.0713203251362, 0.0477218516171, 0.0478626005352, 0.0693175941706, 0.0793799385428, 0.0692472755909, 0.0640033185482, 0.044271606952, 0.0348421745002, 0.0574954822659, 0.0796162337065, 0.0945203080773, 0.157819792628], "max": [1, 1, 1, 1, 1, 1, 1, 1, 1, 1, 1, 1, 1, 1, 1, 1, 1, 1, 1, 1, 1, 1, 1, 1, 1, 1, 1, 1, 1, 1, 1, 1, 1, 1, 1, 1], "var": [0.138448894024, 0.0611326806247, 0.0230211596936, 0.0199907440692, 0.0140906078741, 0.0254264306277, 0.0574469678104, 0.0417344421148, 0.0254243500531, 0.0161111783236, 0.0156538914889, 0.0494625754654, 0.109513774514, 0.0500721633434, 0.0553799197078, 0.105715215206, 0.038656424731, 0.00932892691344, 0.00889035686851, 0.010720692575, 0.0388490706682, 0.109264239669, 0.0532777123153, 0.0172493569553, 0.00975184608251, 0.00949934031814, 0.0224257186055, 0.0443680286407, 0.0303986091167, 0.0170410275459, 0.00958929676563, 0.00746151804924, 0.0161855835468, 0.0330643281341, 0.0299305636436, 0.0692573785782], "mean": [0.566056191921, 0.325251966715, 0.0822645276785, 0.0577307194471, 0.0507303774357, 0.108668521047, 0.175815671682, 0.131259649992, 0.0689086541533, 0.0524663925171, 0.0544402040541, 0.212183237076, 0.33365508914, 0.211742892861, 0.209723308682, 0.274294018745, 0.154470190406, 0.0527971386909, 0.0450046993792, 0.0531528927386, 0.243243336678, 0.444789141417, 0.273104101419, 0.0657103508711, 0.0433929562569, 0.0419910512865, 0.0766408592463, 0.11057728529, 0.0954549536109, 0.07606343925, 0.0541631504893, 0.037246722728, 0.0788345858455, 0.116916850209, 0.117366164923, 0.350427955389]}, "tuning_equal_tempered_deviation": 0.00663401465863, "chords_changes_rate": 0.019405150786, "key_key": "A", "tuning_diatonic_strength": 0.626864016056, "key_scale": "major", "chords_number_rate": 0.00108813925181, "tuning_frequency": 445.884552002, "tuning_nontempered_energy_ratio": 0.60574054718, "chords_histogram": [72.0710906982, 0.0906782746315, 1.34203839302, 0.544069647789, 0.598476588726, 0, 0, 0, 0.0181356538087, 0, 0.0725426152349, 0, 0, 0, 0, 1.05186796188, 0, 2.06746459007, 0, 0, 0.0544069632888, 3.26441788673, 18.0993843079, 0.725426197052], "key_strength": 0.83998298645, "chords_key": "A", "chords_strength": {"dmean2": 0.006014556624, "median": 0.561824381351, "min": -1, "dvar2": 0.000651214155369, "dvar": 0.000375228381017, "dmean": 0.00626807427034, "max": 0.804716408253, "var": 0.027372861281, "mean": 0.545399725437}, "chords_scale": "major", "hpcp_entropy": {"dmean2": 0.846929609776, "median": 1.66994559765, "min": 0, "dvar2": 0.574179530144, "dvar": 0.220996439457, "dmean": 0.512322843075, "max": 4.106549263, "var": 0.530574321747, "mean": 1.64164793491}}, "metadata": {"audio_properties": {"equal_loudness": 0, "codec": "flac", "downmix": "mix", "sample_rate": 44100, "analysis_sample_rate": 44100, "bit_rate": 0, "md5_encoded": "ef6f769248ecb91d228f2f21e66a99f1", "length": 256, "replay_gain": -14.1574344635, "lossless": true}, "version": {"essentia_build_sha": "2d9f1f26377add8aeb1075a9c2973f962c4f09fd", "essentia": "2.1-beta2", "extractor": "music 1.0", "essentia_git_sha": "v2.1_beta2-1-ge3940c0"}, "tags": {"title": ["I Need Someone"], "albumartist": ["Haven"], "tracktotal": ["14"], "musicbrainz_releasegroupid": ["91a3606d-ba00-31a2-8d2d-757daf022119"], "releasetype": ["album"], "musicbrainz_recordingid": ["18aca8ba-1cc6-494e-a187-bc9fa1303ab5"], "musicbrainz_albumartistid": ["60b03ae1-3bae-43f1-a27d-4e078e18552f"], "originalyear": ["2002"], "musicbrainz_releasetrackid": ["7be45326-e73b-38fb-8281-e11bf068911a"], "discnumber": ["1"], "totaldiscs": ["1"], "isrc": ["GBAAA0100872"], "asin": ["B00006GA3R"], "file_name": "08a81d1c4efb88f554540e8e94a5.flac", "disctotal": ["1"], "musicbrainz_artistid": ["60b03ae1-3bae-43f1-a27d-4e078e18552f"], "originaldate": ["2002"], "musicbrainz_albumid": ["9bf9e3ba-64b8-434e-aafa-9cb96c85da1f"], "artist": ["Haven"], "tracknumber": ["8"], "artistsort": ["Haven"], "album": ["Between the Senses"], "albumartistsort": ["Haven"], "acoustid_id": ["1ca608a8-1d1c-4efb-88f5-54540e8e94a5"], "script": ["Latn"], "totaltracks": ["14"]}}, "rhythm": {"bpm_histogram_first_peak_bpm": {"dmean2": 0, "median": 91, "min": 91, "dvar2": 0, "dvar": 0, "dmean": 0, "max": 91, "var": 0, "mean": 91}, "bpm": 90.9597473145, "bpm_histogram_second_peak_spread": {"dmean2": 0, "median": 0, "min": 0, "dvar2": 0, "dvar": 0, "dmean": 0, "max": 0, "var": 0, "mean": 0}, "bpm_histogram_first_peak_weight": {"dmean2": 0, "median": 0.73031026125, "min": 0.73031026125, "dvar2": 0, "dvar": 0, "dmean": 0, "max": 0.73031026125, "var": 0, "mean": 0.73031026125}, "onset_rate": 2.73034501076, "beats_position": [0.684988677502, 1.369977355, 2.0549659729, 2.73995471001, 3.42494320869, 4.1099319458, 4.78331041336, 5.45668935776, 6.11845779419, 6.78022670746, 7.44199514389, 8.10376358032, 8.75392246246, 9.4040813446, 10.0542402267, 10.71600914, 11.3777770996, 12.0279359818, 12.6780948639, 13.3398637772, 14.0016326904, 14.6517915726, 15.3135595322, 15.9753284454, 16.637096405, 17.298866272, 17.9606342316, 18.6224040985, 19.272562027, 19.9227199554, 20.5844898224, 21.246257782, 21.9080276489, 22.5697956085, 23.219953537, 23.8817234039, 24.5434913635, 25.2052612305, 25.8670291901, 26.5171871185, 27.1789569855, 27.8291149139, 28.4908847809, 29.1410427094, 29.7912006378, 30.4529705048, 31.1147384644, 31.776506424, 32.4382743835, 33.0884361267, 33.750202179, 34.4119720459, 35.0737419128, 35.7238998413, 36.3856697083, 37.0474357605, 37.7092056274, 38.3709754944, 39.0327415466, 39.6829032898, 40.344669342, 41.006439209, 41.6682090759, 42.3299751282, 42.9917449951, 43.6535148621, 44.3152809143, 44.9770507813, 45.6272087097, 46.2889785767, 46.9507484436, 47.6125144958, 48.2742843628, 48.9244422913, 49.5746040344, 50.2247619629, 50.8749198914, 51.5366897583, 52.1984558105, 52.8602256775, 53.5219955444, 54.1721534729, 54.8223114014, 55.4840812683, 56.1458511353, 56.7960090637, 57.457775116, 58.1195449829, 58.7697029114, 59.4314727783, 60.0932426453, 60.7434005737, 61.3935585022, 62.0553283691, 62.7170982361, 63.3788642883, 64.0406341553, 64.7024002075, 65.3641738892, 66.0143280029, 66.6761016846, 67.3378677368, 67.98802948, 68.6497955322, 69.3115615845, 69.9617233276, 70.6118774414, 71.273651123, 71.9354171753, 72.5971832275, 73.2589569092, 73.9091110229, 74.5708847046, 75.2210388184, 75.8828125, 76.5445785522, 77.2063446045, 77.8681182861, 78.5298843384, 79.1916503906, 79.8418121338, 80.491973877, 81.1537399292, 81.8039016724, 82.4540557861, 83.1042175293, 83.7659835815, 84.4277572632, 85.1011352539, 85.7629013062, 86.4246673584, 87.0748291016, 87.7365951538, 88.3983688354, 89.0485229492, 89.7102966309, 90.3720626831, 91.0338287354, 91.695602417, 92.3457565308, 92.9959182739, 93.6460723877, 94.3078460693, 94.9696121216, 95.6313781738, 96.2931518555, 96.9549179077, 97.6050796509, 98.2668457031, 98.9286117554, 99.590385437, 100.252151489, 100.913917542, 101.564079285, 102.214241028, 102.864395142, 103.514556885, 104.164710999, 104.82648468, 105.488250732, 106.161628723, 106.823402405, 107.485168457, 108.146934509, 108.808708191, 109.470474243, 110.132240295, 110.782402039, 111.444168091, 112.105941772, 112.756095886, 113.406257629, 114.056411743, 114.706573486, 115.368339539, 116.03011322, 116.703491211, 117.365257263, 118.027030945, 118.677185059, 119.327346802, 119.977500916, 120.639274597, 121.301040649, 121.951202393, 122.601356506, 123.263130188, 123.92489624, 124.586662292, 125.236824036, 125.898590088, 126.56036377, 127.222129822, 127.883895874, 128.545669556, 129.207427979, 129.86920166, 130.519363403, 131.169525146, 131.81968689, 132.469833374, 133.131607056, 133.793380737, 134.45513916, 135.105300903, 135.755462646, 136.417236328, 137.078994751, 137.740768433, 138.390930176, 139.052688599, 139.71446228, 140.376235962, 141.037994385, 141.711380005, 142.384765625, 143.058135986, 143.731521606, 144.404891968, 145.078277588, 145.763259888, 146.448257446, 147.133239746, 147.829833984, 148.607711792, 149.350738525, 150.082168579, 150.790390015, 151.498596191, 152.171966553, 152.845352173, 153.507110596, 154.168884277, 154.830657959, 155.480819702, 156.130966187, 156.792739868, 157.45451355, 158.104675293, 158.754821777, 159.404983521, 160.066757202, 160.728515625, 161.401901245, 162.063674927, 162.72543335, 163.387207031, 164.037368774, 164.699142456, 165.360900879, 166.034286499, 166.672836304, 167.322982788, 167.973144531, 168.600082397, 169.215423584, 169.830749512, 170.457687378, 171.154281616, 171.839263916, 172.524261475, 173.220855713, 173.894241333, 174.567611694, 175.229385376, 175.891159058, 176.541305542, 177.203079224, 177.864852905, 178.515014648, 179.176773071, 179.838546753, 180.500320435, 181.162078857, 181.823852539, 182.485626221, 183.135772705, 183.785934448, 184.44770813, 185.109481812, 185.759628296, 186.421401978, 187.083175659, 187.733337402, 188.383483887, 189.045257568, 189.70703125, 190.368789673, 191.018951416, 191.680725098, 192.330886841, 192.992645264, 193.654418945, 194.316192627, 194.97795105, 195.639724731, 196.289886475, 196.951644897, 197.601806641, 198.263580322, 198.925354004, 199.587112427, 200.23727417, 200.899047852, 201.549209595, 202.210968018, 202.861129761, 203.522903442, 204.173049927, 204.834823608, 205.484985352, 206.146759033, 206.808517456, 207.470291138, 208.120452881, 208.770614624, 209.432373047, 210.08253479, 210.744308472, 211.417678833, 212.067840576, 212.718002319, 213.379776001, 214.041534424, 214.703308105, 215.365081787, 216.02684021, 216.688613892, 217.338775635, 217.988937378, 218.650695801, 219.312469482, 219.962631226, 220.61277771, 221.262939453, 221.924713135, 222.586486816, 223.236633301, 223.898406982, 224.560180664, 225.221939087, 225.883712769, 226.54548645, 227.207244873, 227.857406616, 228.519180298, 229.180953979, 229.831100464, 230.341949463, 230.817947388, 231.293960571, 231.781585693, 232.106658936, 232.431747437, 232.768432617, 233.105117798, 233.430206299, 233.766891479, 234.10357666, 234.428665161, 234.753738403, 235.078811646, 235.415512085, 235.752197266, 236.088882446, 236.425567627, 236.750656128, 237.07572937, 237.400817871, 237.737503052, 238.074188232, 238.410873413, 238.747573853, 239.084259033, 239.420944214, 239.746032715, 240.071105957, 240.407791138, 240.744491577, 241.069564819, 241.394638062, 241.731338501, 242.068023682, 242.404708862, 242.741394043, 243.078094482, 243.414779663, 243.751464844, 244.088165283, 244.436462402, 244.784759521, 245.133056641, 245.48135376, 245.829650879, 246.177947998, 246.526260376, 246.886169434, 247.246078491, 247.605987549, 247.965896606, 248.314193726, 248.662490845, 249.010787964, 249.359085083, 249.707382202, 250.05569458, 250.403991699, 250.752288818, 251.100585938, 251.448883057, 251.797180176, 252.145477295, 252.505386353, 252.86529541, 253.225204468, 253.585113525, 253.979858398, 254.374603271, 254.769332886, 255.164077759], "beats_loudness": {"dmean2": 0.011374569498, "median": 0.0302187167108, "min": 0, "dvar2": 0.000102456317109, "dvar": 3.88193875551e-05, "dmean": 0.00677779316902, "max": 0.0636022388935, "var": 0.000243530113949, "mean": 0.028352541849}, "danceability": 0.926902234554, "bpm_histogram_second_peak_weight": {"dmean2": 0, "median": 0.0572792366147, "min": 0.0572792366147, "dvar2": 0, "dvar": 0, "dmean": 0, "max": 0.0572792366147, "var": 0, "mean": 0.0572792366147}, "beats_count": 420, "bpm_histogram_second_peak_bpm": {"dmean2": 0, "median": 178, "min": 178, "dvar2": 0, "dvar": 0, "dmean": 0, "max": 178, "var": 0, "mean": 178}, "bpm_histogram_first_peak_spread": {"dmean2": 0, "median": 0.0865671262145, "min": 0.0865671262145, "dvar2": 0, "dvar": 0, "dmean": 0, "max": 0.0865671262145, "var": 0, "mean": 0.0865671262145}, "beats_loudness_band_ratio": {"dmean2": [0.263757616282, 0.151162371039, 0.233498811722, 0.105782799423, 0.134771421552, 0.0764954313636], "median": [0.188324958086, 0.116817444563, 0.278461098671, 0.0863570868969, 0.159845560789, 0.0448855273426], "min": [0, 0, 0, 0, 0, 0], "dvar2": [0.0711874961853, 0.0221193470061, 0.0308002233505, 0.0103092482314, 0.0197119675577, 0.0139902941883], "dvar": [0.0220118891448, 0.00826808251441, 0.0108598992229, 0.00366727588698, 0.0064840503037, 0.00568279111758], "dmean": [0.147400617599, 0.0857632085681, 0.13488689065, 0.0592220909894, 0.0789631679654, 0.0420288778841], "max": [0.994696319103, 0.909429490566, 0.870112776756, 0.373609423637, 0.805592060089, 0.723371088505], "var": [0.0325692109764, 0.0194078199565, 0.0239069294184, 0.00608585914597, 0.0155768478289, 0.00483542261645], "mean": [0.226771146059, 0.148778751493, 0.29280847311, 0.10729290545, 0.182384625077, 0.0570768266916]}}, "lowlevel": {"barkbands_spread": {"dmean2": 5.24762487411, "median": 21.8576316833, "min": 0.00306499307044, "dvar2": 36.7825889587, "dvar": 20.0909118652, "dmean": 3.47299146652, "max": 114.853820801, "var": 110.071220398, "mean": 22.7600154877}, "melbands_spread": {"dmean2": 8.30352497101, "median": 27.749502182, "min": 1.4596979625e-08, "dvar2": 89.4613494873, "dvar": 45.2534179688, "dmean": 5.42206382751, "max": 190.494049072, "var": 298.407196045, "mean": 30.0080680847}, "hfc": {"dmean2": 6.04549074173, "median": 21.8514270782, "min": 1.03935746893e-16, "dvar2": 68.598739624, "dvar": 37.152217865, "dmean": 4.22873783112, "max": 187.535491943, "var": 300.014923096, "mean": 24.2511882782}, "barkbands_kurtosis": {"dmean2": 10.2894906998, "median": -0.102571263909, "min": -1.85628247261, "dvar2": 299743.65625, "dvar": 100035.375, "dmean": 5.38256311417, "max": 23670.8222656, "var": 50977.171875, "mean": 3.30531311035}, "gfcc": {"mean": [-17.5178432465, 106.482223511, -147.224609375, 25.1423530579, -54.2875061035, -5.37974214554, -39.9362182617, 8.85215473175, -14.1718492508, 0.224541768432, -17.8814239502, -10.7253084183, -9.4876871109], "icov": [[0.000238790409639, -0.000513672363013, 0.000507361604832, -0.000698365212884, 0.000749109894969, -0.000677710340824, 0.000679394172039, -0.000592716562096, 0.000604744593147, -0.000959348864853, 0.00106953119393, -0.000869660056196, 0.000660094839986], [-0.000513672363013, 0.00287366076373, -0.000489157158881, 0.00087725976482, -0.00274790800177, 0.00216309330426, -0.000705851300154, 0.00073168304516, -0.00213967985474, 0.0047940085642, -0.00473834900185, 0.00317717925645, -0.00128980947193], [0.000507361604832, -0.000489157158881, 0.00278288824484, -0.00157769303769, 0.0002016670187, -0.00210960675031, 0.00285115023144, -0.00204688077793, 0.00123286584858, -0.000683487509377, 0.00162142585032, -0.00333661795594, 0.00215623434633], [-0.000698365212884, 0.00087725976482, -0.00157769303769, 0.00697662262246, -0.00228120712563, -0.000881181971636, -0.000677501375321, 0.00212873402052, -0.00245476467535, 0.00299890944734, -0.00376864569262, 0.00196983618662, -0.00294207711704], [0.000749109894969, -0.00274790800177, 0.0002016670187, -0.00228120712563, 0.00927792489529, -0.00164193438832, -0.00145583739504, -0.000545488903299, 0.00266716722399, -0.00566472532228, 0.00207598577254, -0.00223264843225, 0.00164737470914], [-0.000677710340824, 0.00216309330426, -0.00210960675031, -0.000881181971636, -0.00164193438832, 0.00931208953261, -0.00294470158406, -0.00332664512098, 0.000110158573079, 0.000917879049666, -0.00521912891418, 0.00184378377162, -0.00044999938109], [0.000679394172039, -0.000705851300154, 0.00285115023144, -0.000677501375321, -0.00145583739504, -0.00294470158406, 0.0115035446361, -0.0025539083872, -0.00147657189518, -0.000869156443514, 0.00148818839807, -0.00202082074247, 0.000659962883219], [-0.000592716562096, 0.00073168304516, -0.00204688077793, 0.00212873402052, -0.000545488903299, -0.00332664512098, -0.0025539083872, 0.0169103574008, -0.0065194061026, 0.000906415982172, 0.0017999651609, -0.00139508151915, -0.00201907148585], [0.000604744593147, -0.00213967985474, 0.00123286584858, -0.00245476467535, 0.00266716722399, 0.000110158573079, -0.00147657189518, -0.0065194061026, 0.0179715845734, -0.00707678357139, 0.000321838189848, 0.00105714495294, -0.000733934168238], [-0.000959348864853, 0.0047940085642, -0.000683487509377, 0.00299890944734, -0.00566472532228, 0.000917879049666, -0.000869156443514, 0.000906415982172, -0.00707678357139, 0.0236212480813, -0.0113185597584, 0.00577176827937, 0.00309568294324], [0.00106953119393, -0.00473834900185, 0.00162142585032, -0.00376864569262, 0.00207598577254, -0.00521912891418, 0.00148818839807, 0.0017999651609, 0.000321838189848, -0.0113185597584, 0.030553009361, -0.00938547961414, 0.000279858126305], [-0.000869660056196, 0.00317717925645, -0.00333661795594, 0.00196983618662, -0.00223264843225, 0.00184378377162, -0.00202082074247, -0.00139508151915, 0.00105714495294, 0.00577176827937, -0.00938547961414, 0.0249384883791, -0.00766594149172], [0.000660094839986, -0.00128980947193, 0.00215623434633, -0.00294207711704, 0.00164737470914, -0.00044999938109, 0.000659962883219, -0.00201907148585, -0.000733934168238, 0.00309568294324, 0.000279858126305, -0.00766594149172, 0.0256677251309]], "cov": [[25596.953125, 546.925476074, -626.717712402, 1541.02819824, -1056.33642578, 1393.59423828, -796.262573242, 662.039794922, -155.766387939, 213.603485107, -120.489738464, 244.933227539, -192.479553223], [546.925476074, 1342.67272949, -606.565246582, -19.703918457, 149.329589844, -334.908874512, 67.5328598022, -136.785095215, 73.2559204102, -130.408584595, 67.7872085571, -126.625808716, 53.4145050049], [-626.717712402, -606.565246582, 1381.65490723, 231.838394165, 52.913356781, 433.469146729, -142.67175293, 189.904876709, -63.4545402527, 42.5971984863, 22.9496898651, 185.048034668, -32.9814071655], [1541.02819824, -19.703918457, 231.838394165, 350.771850586, 2.39449357986, 221.345809937, -48.1297111511, 77.1117095947, 4.28880882263, 19.5323123932, 32.7779808044, 52.7839279175, 4.31385183334], [-1056.33642578, 149.329589844, 52.913356781, 2.39449357986, 235.099304199, -18.6774978638, 76.1566009521, -18.7574100494, 20.4565525055, 14.2471828461, 38.0947914124, -8.96701812744, 7.42226886749], [1393.59423828, -334.908874512, 433.469146729, 221.345809937, -18.6774978638, 439.438903809, -32.5785827637, 163.825180054, -8.27535152435, 70.9130783081, 26.3435287476, 90.9217605591, -23.0053768158], [-796.262573242, 67.5328598022, -142.67175293, -48.1297111511, 76.1566009521, -32.5785827637, 169.748275757, -6.14426660538, 42.6003265381, 6.04270887375, 16.2883739471, -21.8462867737, 13.8197841644], [662.039794922, -136.785095215, 189.904876709, 77.1117095947, -18.7574100494, 163.825180054, -6.14426660538, 141.45274353, 20.6603126526, 30.4045295715, 0.942365169525, 44.1931991577, -5.54032039642], [-155.766387939, 73.2559204102, -63.4545402527, 4.28880882263, 20.4565525055, -8.27535152435, 42.6003265381, 20.6603126526, 91.7431106567, 20.7662811279, 16.0860748291, -16.8837718964, 7.48176527023], [213.603485107, -130.408584595, 42.5971984863, 19.5323123932, 14.2471828461, 70.9130783081, 6.04270887375, 30.4045295715, 20.7662811279, 91.7903594971, 16.8487167358, 4.46608352661, -20.1472740173], [-120.489738464, 67.7872085571, 22.9496898651, 32.7779808044, 38.0947914124, 26.3435287476, 16.2883739471, 0.942365169525, 16.0860748291, 16.8487167358, 60.7063217163, 10.904920578, 7.02921628952], [244.933227539, -126.625808716, 185.048034668, 52.7839279175, -8.96701812744, 90.9217605591, -21.8462867737, 44.1931991577, -16.8837718964, 4.46608352661, 10.904920578, 84.8620223999, 8.25539398193], [-192.479553223, 53.4145050049, -32.9814071655, 4.31385183334, 7.42226886749, -23.0053768158, 13.8197841644, -5.54032039642, 7.48176527023, -20.1472740173, 7.02921628952, 8.25539398193, 53.2204933167]]}, "spectral_energyband_middle_low": {"dmean2": 0.00454428419471, "median": 0.0112923616543, "min": 1.42940687258e-22, "dvar2": 3.06367619487e-05, "dvar": 1.20784652609e-05, "dmean": 0.00288387853652, "max": 0.0484945699573, "var": 5.84387817071e-05, "mean": 0.012108091265}, "melbands_crest": {"dmean2": 4.06625032425, "median": 10.116979599, "min": 1.56961047649, "dvar2": 17.7898979187, "dvar": 6.76488256454, "dmean": 2.47937321663, "max": 40, "var": 19.5741252899, "mean": 11.1282539368}, "spectral_kurtosis": {"dmean2": 3.27363920212, "median": 4.66625261307, "min": -1.33035755157, "dvar2": 15.1032629013, "dvar": 5.04647874832, "dmean": 1.88784754276, "max": 39.2894325256, "var": 11.0039758682, "mean": 5.35708475113}, "spectral_rms": {"dmean2": 0.000718242139556, "median": 0.00487978290766, "min": 3.09657898281e-12, "dvar2": 7.81113612902e-07, "dvar": 3.26770674519e-07, "dmean": 0.000458763708593, "max": 0.00974273495376, "var": 2.91772130367e-06, "mean": 0.00463920040056}, "zerocrossingrate": {"dmean2": 0.00844978168607, "median": 0.060546875, "min": 0, "dvar2": 0.000139027513796, "dvar": 0.000125478240079, "dmean": 0.00720831565559, "max": 0.52587890625, "var": 0.00274596945383, "mean": 0.0675021559}, "silence_rate_60dB": {"dmean2": 0.0166908558458, "median": 0, "min": 0, "dvar2": 0.0198579393327, "dvar": 0.0082751987502, "dmean": 0.00834467075765, "max": 1, "var": 0.0809066593647, "mean": 0.0887901335955}, "erbbands_kurtosis": {"dmean2": 0.841960251331, "median": -0.562522828579, "min": -1.73613917828, "dvar2": 37.9596977234, "dvar": 18.9669723511, "dmean": 0.52444422245, "max": 319.888763428, "var": 29.6309776306, "mean": -0.126132205129}, "erbbands": {"dmean2": [0.0913348346949, 0.831844806671, 1.93297064304, 2.77432441711, 3.69304823875, 5.34046125412, 9.93984127045, 8.79456043243, 17.3084163666, 19.5876960754, 37.5517044067, 38.7008666992, 13.6225547791, 26.4529895782, 9.3285741806, 14.3956708908, 15.2491073608, 23.1700115204, 61.6698722839, 23.1637229919, 35.8311195374, 28.7436962128, 23.5949306488, 10.0778217316, 11.3577518463, 8.65407180786, 5.24264621735, 3.77021503448, 2.56064486504, 1.73521709442, 1.38041067123, 1.10286617279, 0.876080453396, 0.807858645916, 0.289203375578, 0.0777848362923, 0.0167863424867, 0.003186928574, 0.00032948871376, 1.78894661076e-05], "median": [0.0124385803938, 0.295070320368, 1.52789199352, 2.65289974213, 2.12282896042, 3.97336935997, 9.45948791504, 9.39505195618, 14.0651950836, 24.3465080261, 33.7811203003, 32.4399871826, 12.0261554718, 14.1125679016, 10.9439735413, 10.8951377869, 13.8581514359, 22.6854820251, 45.3772697449, 26.8894195557, 39.083770752, 35.3276786804, 23.1948852539, 14.1824855804, 13.6736602783, 8.77793693542, 4.16811275482, 3.20307397842, 1.93552589417, 1.20167851448, 0.787321805954, 0.501153469086, 0.302389591932, 0.190360307693, 0.0588905848563, 0.0173034146428, 0.00266382005066, 0.000319036393194, 5.74466903345e-05, 3.56823293259e-05], "min": [6.82957401546e-23, 7.90982373076e-22, 1.65584271851e-21, 5.83792208884e-21, 1.02499342434e-20, 3.06666419982e-20, 5.0529982079e-20, 4.46644798983e-20, 9.12277076563e-20, 1.1144601808e-19, 2.58300226063e-19, 4.22198102827e-19, 5.95873047636e-19, 8.4983243664e-19, 8.26220824549e-19, 1.27890487565e-18, 1.54963767802e-18, 1.89386454723e-18, 2.62725900834e-18, 3.99594865261e-18, 2.70366154562e-18, 4.63634485182e-18, 5.87397289791e-18, 6.95877353557e-18, 8.62172172261e-18, 7.01273879873e-18, 8.53913601026e-18, 9.99138061577e-18, 1.07335469137e-17, 9.48521060097e-18, 1.21396662739e-17, 1.09426068873e-17, 9.32204839797e-18, 8.17149972291e-18, 5.95923702109e-18, 4.283909249e-18, 2.29931312153e-18, 9.11968279701e-19, 2.48550299882e-19, 2.69158545185e-20], "dvar2": [0.0805751532316, 5.03417205811, 15.1721487045, 25.289522171, 61.13438797, 85.7511825562, 296.807891846, 325.178253174, 1047.10559082, 888.884277344, 3852.89257813, 5477.75878906, 887.472229004, 4192.91845703, 295.436431885, 873.466064453, 736.342834473, 2626.05932617, 9585.10253906, 1285.82678223, 2250.2043457, 1590.64916992, 1446.91210938, 159.090148926, 310.868164063, 271.89276123, 178.612243652, 51.5983695984, 34.3693199158, 35.4854049683, 15.6037168503, 24.0664920807, 16.4725055695, 10.650135994, 2.41811537743, 0.115875944495, 0.00305102183484, 7.68327445257e-05, 8.92093510174e-07, 1.27394983451e-09], "dvar": [0.0301477015018, 1.91810369492, 5.453104496, 8.80178546906, 22.0121383667, 32.6515769958, 112.166282654, 131.889541626, 377.134429932, 383.041503906, 1630.64758301, 2580.04418945, 406.136230469, 1975.88195801, 126.681488037, 382.010986328, 318.018890381, 1172.57763672, 4461.79443359, 637.430969238, 846.922973633, 621.097045898, 542.739135742, 60.9367179871, 129.740402222, 111.090286255, 76.3819198608, 23.427154541, 15.1524534225, 17.8532314301, 7.58641576767, 11.736784935, 9.73072814941, 6.01076507568, 1.34069907665, 0.0682589933276, 0.00166796741541, 4.23301062256e-05, 4.88382681851e-07, 8.06585576107e-10], "dmean": [0.0521857440472, 0.484944760799, 1.1428180933, 1.61731767654, 2.15597653389, 3.21913337708, 6.15911912918, 5.701171875, 10.9339752197, 12.710600853, 24.7735519409, 26.9102916718, 9.10154724121, 18.394613266, 6.16103887558, 9.43189239502, 9.98301315308, 14.9029140472, 41.3853225708, 15.3625917435, 21.8418273926, 17.9867324829, 14.5445365906, 6.13994979858, 7.03091001511, 5.45633888245, 3.34993696213, 2.40970754623, 1.65835428238, 1.18324506283, 0.926483035088, 0.756406843662, 0.652348816395, 0.585561454296, 0.218725904822, 0.0587013214827, 0.012291289866, 0.00225052703172, 0.000234944192925, 1.31338792926e-05], "max": [1.66893148422, 17.8752403259, 30.0171699524, 43.1744995117, 76.7148513794, 118.956764221, 209.988586426, 302.579650879, 333.007568359, 423.817962646, 794.981201172, 1128.40856934, 489.998199463, 1159.02319336, 380.82232666, 554.587097168, 631.595397949, 1161.64685059, 1414.34191895, 707.352722168, 466.396697998, 492.174865723, 453.991943359, 117.426277161, 391.306488037, 450.082092285, 401.351013184, 186.809539795, 129.517227173, 202.432861328, 115.302207947, 149.208618164, 117.660675049, 77.7116470337, 40.258769989, 12.0249471664, 2.27092552185, 0.240743547678, 0.0268729869276, 0.00124511145987], "var": [0.0213352646679, 1.50137138367, 7.13166332245, 11.4670686722, 26.1193733215, 62.8993415833, 251.410324097, 373.289306641, 1245.30041504, 1488.50048828, 7571.88818359, 9141.2734375, 1728.31811523, 14157.1992188, 430.204437256, 1093.0925293, 732.271118164, 3361.03686523, 16618.5175781, 2227.82495117, 1989.86853027, 2681.81323242, 2024.10717773, 220.253311157, 383.901245117, 324.790496826, 211.02571106, 74.5989837646, 45.09167099, 40.6999588013, 17.825756073, 25.4087181091, 26.9718933105, 15.7742919922, 3.55742430687, 0.209265470505, 0.00527860736474, 0.000123248450109, 1.24680491354e-06, 2.61525445744e-09], "mean": [0.0461652912199, 0.570388257504, 2.39572668076, 3.37697839737, 3.58819699287, 6.38878011703, 13.7843322754, 15.0869054794, 26.7378177643, 35.5382843018, 65.7952880859, 66.7980575562, 25.0026950836, 56.4224967957, 16.7694587708, 21.4646892548, 21.3404216766, 35.5515098572, 97.4246749878, 39.32862854, 49.2638778687, 50.8831291199, 37.0977478027, 17.4809417725, 18.2471389771, 13.5656661987, 8.17965888977, 5.97850751877, 4.04650068283, 2.72138977051, 1.93236613274, 1.51318776608, 1.22457098961, 0.955247282982, 0.378564059734, 0.103673480451, 0.0200119372457, 0.00340777263045, 0.00036239635665, 4.45909354312e-05]}, "spectral_strongpeak": {"dmean2": 1.12821555138, "median": 0.7878434062, "min": 0, "dvar2": 2.61364459991, "dvar": 1.10427582264, "dmean": 0.667575359344, "max": 19.4201030731, "var": 2.29799938202, "mean": 1.37238836288}, "spectral_energy": {"dmean2": 0.00800311565399, "median": 0.0244075879455, "min": 9.82852126426e-21, "dvar2": 0.00013052932627, "dvar": 5.28982018295e-05, "dmean": 0.00503785721958, "max": 0.0972939133644, "var": 0.00021428000764, "mean": 0.0250509157777}, "average_loudness": 0.883713364601, "spectral_rolloff": {"dmean2": 566.206420898, "median": 1787.25585938, "min": 21.533203125, "dvar2": 700824.3125, "dvar": 413044.4375, "dmean": 351.113861084, "max": 20025.8789063, "var": 4376314.5, "mean": 2022.18212891}, "spectral_centroid": {"dmean2": 262.109466553, "median": 1500.89819336, "min": 236.560806274, "dvar2": 106258.867188, "dvar": 52757.5820313, "dmean": 169.708496094, "max": 11762.3349609, "var": 1128172.5, "mean": 1586.10302734}, "pitch_salience": {"dmean2": 0.0865093916655, "median": 0.590511441231, "min": 1.64475986821e-05, "dvar2": 0.00739337690175, "dvar": 0.00279077724554, "dmean": 0.053361184895, "max": 0.988070189953, "var": 0.00787523854524, "mean": 0.586158275604}, "spectral_energyband_middle_high": {"dmean2": 0.00228116987273, "median": 0.00628480035812, "min": 1.0957017965e-21, "dvar2": 8.620002518e-06, "dvar": 3.87769932786e-06, "dmean": 0.00153984432109, "max": 0.0409546196461, "var": 4.44901015726e-05, "mean": 0.00786074344069}, "spectral_contrast_coeffs": {"dmean2": [0.0753079429269, 0.0638348385692, 0.0513032749295, 0.0431003943086, 0.0319716744125, 0.0251400396228], "median": [-0.635479450226, -0.713456869125, -0.747875392437, -0.770349383354, -0.771640956402, -0.752333164215], "min": [-0.982756257057, -0.99246263504, -0.986976265907, -0.993497908115, -0.992253065109, -0.964689493179], "dvar2": [0.00376548408531, 0.00266389735043, 0.00168550550006, 0.00115576165263, 0.000627107627224, 0.00046019454021], "dvar": [0.00139563542325, 0.00103320588823, 0.000685442821123, 0.000462793221232, 0.000237055748585, 0.000189166617929], "dmean": [0.0451602935791, 0.0391845293343, 0.0322246178985, 0.02670028992, 0.0194312166423, 0.0155295869336], "max": [-0.321543335915, -0.462663352489, -0.511936426163, -0.551897346973, -0.641153872013, -0.582820892334], "var": [0.00632954062894, 0.00448766443878, 0.00451660901308, 0.00260643591173, 0.00134814309422, 0.00265473360196], "mean": [-0.632074475288, -0.712431311607, -0.741471767426, -0.76781976223, -0.773043990135, -0.746254682541]}, "melbands_skewness": {"dmean2": 43.3304481506, "median": 1.48196101189, "min": -1.56531322002, "dvar2": 4979733.5, "dvar": 2467287.75, "dmean": 21.7581424713, "max": 117570.085938, "var": 3680041, "mean": 33.2931976318}, "spectral_spread": {"dmean2": 507346.71875, "median": 3320521.25, "min": 1452286.625, "dvar2": 1209767821310.0, "dvar": 688980230144, "dmean": 348586.40625, "max": 50842804, "var": 15577957531600.0, "mean": 3847172.75}, "dissonance": {"dmean2": 0.0225487276912, "median": 0.474260151386, "min": 0, "dvar2": 0.0008436240023, "dvar": 0.000287902425043, "dmean": 0.0135913081467, "max": 0.500000059605, "var": 0.000621499028057, "mean": 0.4687050879}, "spectral_skewness": {"dmean2": 0.342669665813, "median": 1.47849488258, "min": -0.099651709199, "dvar2": 0.118970677257, "dvar": 0.0418284907937, "dmean": 0.202689781785, "max": 4.70871353149, "var": 0.201288968325, "mean": 1.48111879826}, "spectral_flux": {"dmean2": 0.0262684021145, "median": 0.0640250444412, "min": 6.33983074372e-11, "dvar2": 0.000909948197659, "dvar": 0.000429085659562, "dmean": 0.0165730081499, "max": 0.253949284554, "var": 0.00140007794835, "mean": 0.0683054775}, "spectral_contrast_valleys": {"dmean2": [0.659475445747, 0.468553066254, 0.404905945063, 0.338769108057, 0.265689700842, 0.339825868607], "median": [-7.25158977509, -6.2563123703, -7.0156955719, -7.08471822739, -6.99630641937, -10.175406456], "min": [-28.4410667419, -28.6861095428, -27.7233524323, -27.6504592896, -27.5419197083, -27.4210281372], "dvar2": [0.325205475092, 0.184224113822, 0.146059438586, 0.113956809044, 0.0926865488291, 0.165053829551], "dvar": [0.139089375734, 0.0863722711802, 0.0735952183604, 0.0604339241982, 0.0584638118744, 0.100796952844], "dmean": [0.399911463261, 0.283848315477, 0.249019145966, 0.208341747522, 0.172363355756, 0.252310365438], "max": [-5.23873662949, -4.69757223129, -5.50738668442, -5.95287084579, -5.7669262886, -7.41967582703], "var": [6.12366104126, 5.54153823853, 5.17278003693, 5.2186832428, 5.28281116486, 5.13243865967], "mean": [-7.88811397552, -6.6859087944, -7.46817302704, -7.57009649277, -7.46863603592, -10.7981510162]}, "erbbands_flatness_db": {"dmean2": 0.0195661988109, "median": 0.17757229507, "min": 0.050527561456, "dvar2": 0.000384157698136, "dvar": 0.000207180972211, "dmean": 0.0139254741371, "max": 0.383599072695, "var": 0.00321226962842, "mean": 0.185926109552}, "spectral_energyband_high": {"dmean2": 0.000307413254632, "median": 0.000316283083521, "min": 6.78248116512e-21, "dvar2": 6.1634341364e-07, "dvar": 3.86749320569e-07, "dmean": 0.000227388154599, "max": 0.0233170781285, "var": 1.52016502852e-06, "mean": 0.000642858038191}, "spectral_entropy": {"dmean2": 0.137011751533, "median": 7.58523321152, "min": 5.79925775528, "dvar2": 0.0218367632478, "dvar": 0.0126217007637, "dmean": 0.0960264503956, "max": 9.82134628296, "var": 0.193922564387, "mean": 7.5649933815}, "silence_rate_20dB": {"dmean2": 0, "median": 1, "min": 1, "dvar2": 0, "dvar": 0, "dmean": 0, "max": 1, "var": 0, "mean": 1}, "melbands_flatness_db": {"dmean2": 0.0252986699343, "median": 0.165765106678, "min": 0.00339649920352, "dvar2": 0.000784189964179, "dvar": 0.000386556988815, "dmean": 0.0166771374643, "max": 1, "var": 0.00357735715806, "mean": 0.175791487098}, "barkbands": {"dmean2": [5.60645930818e-05, 0.00352946901694, 0.0018608008977, 0.00100378855132, 0.0015291167656, 0.00111537612975, 0.0013539098436, 0.00158366863616, 0.0013695077505, 0.000732409069315, 0.000244046357693, 0.000340862374287, 0.000317086232826, 0.000691969355103, 0.00100372976158, 0.000577686470933, 0.000660529185552, 0.000377094576834, 0.00022403371986, 0.000179278169526, 0.000106083673018, 6.74653492752e-05, 5.09043893544e-05, 4.81986280647e-05, 5.71975069761e-05, 1.13767910079e-05, 1.83681345334e-06], "median": [2.25684061661e-06, 0.000853927514981, 0.00147870962974, 0.000597725040279, 0.00125211128034, 0.00123307481408, 0.00124317849986, 0.00123350310605, 0.00106239388697, 0.000409799336921, 0.000189813959878, 0.000237722619204, 0.000244543247391, 0.000569822324906, 0.000620605133008, 0.000554068945348, 0.000675287272315, 0.000348225061316, 0.0002760165371, 0.000170354600414, 8.63067107275e-05, 5.24868373759e-05, 2.97516089631e-05, 2.01566399483e-05, 1.32134036903e-05, 2.30194677897e-06, 1.97698312832e-07], "min": [7.52632714668e-25, 3.28993908041e-24, 1.04752198655e-24, 5.77888980109e-25, 9.159115294e-24, 3.30939337641e-24, 8.51223436336e-24, 7.95684709823e-24, 1.34391574436e-23, 2.0500587461e-23, 1.66058691537e-23, 2.53858121427e-23, 2.40697334064e-23, 3.0154634087e-23, 4.15537846079e-23, 5.75832804298e-23, 6.82917579847e-23, 1.10693441848e-22, 1.25734419225e-22, 1.38782431033e-22, 2.33010225331e-22, 3.0662682598e-22, 3.73163545156e-22, 5.6487030091e-22, 8.7915283896e-22, 1.26405667911e-21, 1.89888013587e-21], "dvar2": [2.85948509315e-08, 9.75623552222e-05, 1.34350157168e-05, 3.15510396831e-06, 6.71776024319e-06, 3.54673693437e-06, 5.38367703484e-06, 6.52740345686e-06, 6.43983457849e-06, 2.65757307716e-06, 2.73240061688e-07, 4.64429518843e-07, 4.43348710633e-07, 1.35333414164e-06, 2.89276727017e-06, 5.92232481722e-07, 9.24915866563e-07, 3.93465484194e-07, 9.04591175299e-08, 1.28600930793e-07, 5.30976933533e-08, 2.55277772254e-08, 2.67334900883e-08, 5.41826139511e-08, 6.03976317848e-08, 1.68962288605e-09, 2.59931763613e-11], "dvar": [1.23247136941e-08, 3.71803398593e-05, 4.68833741252e-06, 1.08713538793e-06, 2.46936929216e-06, 1.46232036968e-06, 2.03503441298e-06, 2.78348352367e-06, 2.97369501823e-06, 1.26212842133e-06, 1.36370601922e-07, 2.00976813858e-07, 1.84390572144e-07, 6.12163887581e-07, 1.40091140111e-06, 2.30343658814e-07, 3.73583247892e-07, 1.62954265193e-07, 3.59845842013e-08, 5.39400275557e-08, 2.42358044744e-08, 1.15348735008e-08, 1.28359793905e-08, 2.97657791748e-08, 3.45987949402e-08, 1.0211719248e-09, 1.49937041949e-11], "dmean": [3.62530627172e-05, 0.00205539586022, 0.001089774305, 0.000583790184464, 0.000914436997846, 0.00072361540515, 0.000862571119796, 0.00103490916081, 0.000949628651142, 0.000506858807057, 0.00016056210734, 0.000221659123781, 0.00020630779909, 0.000445072801085, 0.000681407225784, 0.000355481402948, 0.000415690359659, 0.000235312865698, 0.000137642826303, 0.000113358582894, 6.80796074448e-05, 4.41895645054e-05, 3.43490573869e-05, 3.56031341653e-05, 4.2363506509e-05, 8.60427007865e-06, 1.31210572363e-06], "max": [0.0010831351392, 0.0745738968253, 0.029350630939, 0.0163482595235, 0.0264704898, 0.0263322331011, 0.0258167758584, 0.0341970510781, 0.036055598408, 0.0292223542929, 0.0134263979271, 0.0132870916277, 0.0162506885827, 0.0204849820584, 0.0246489197016, 0.007977261208, 0.00953623279929, 0.00948263145983, 0.00461794575676, 0.0115354210138, 0.00592168513685, 0.00465059373528, 0.00626033730805, 0.00699732871726, 0.00612596655264, 0.00137063104194, 0.