{"metadata": {"tags": {"albumartist": ["Miguel Migs"], "barcode": ["826194297220"], "musicbrainz_artistid": ["a13e0f83-1c89-4034-88dc-19313b80e586/55a8b485-1cbf-47ee-ae15-d106200fafe8"], "encoding": ["Lavf56.36.100"], "artist": ["Miguel Migs Featuring Me'Shell Ndeg\u00e9Ocello"], "musicbrainz_albumid": ["f99becb9-531e-4f24-b520-0b8f07f14e3c"], "discnumber": ["1/1"], "title": ["What Do You Want"], "tracknumber": ["5/15"], "musicbrainz_albumartistid": ["a13e0f83-1c89-4034-88dc-19313b80e586"], "album": ["Dim Division"], "musicbrainz album type": ["album"], "musicbrainz_recordingid": ["18ad79cc-7f48-4d0b-a9ea-a19f9b0cf70a"], "albumartistsort": ["Migs, Miguel"], "artistsort": ["Migs, Miguel Featuring Ndeg\u00e9Ocello, Me'Shell"], "date": ["2014"], "media": ["CD"], "file_name": "Miguel Migs - What Do You Want (feat. Meshell Ndegeocello).mp3", "musicbrainz_releasegroupid": ["7c02c0ab-b450-499c-88f3-016d591646d3"]}, "audio_properties": {"sample_rate": 44100, "downmix": "mix", "lossless": false, "analysis_sample_rate": 44100, "md5_encoded": "260e17525f1410cd518dbc4e5d62973e", "equal_loudness": 0, "replay_gain": -13.1543483734, "codec": "mp3", "bit_rate": 160012, "length": 338.076721191}, "version": {"extractor": "music 1.0", "essentia_build_sha": "70f2e5ece6736b2c40cc944ad0e695b16b925413", "essentia_git_sha": "v2.1_beta2", "essentia": "2.1-beta2"}}, "rhythm": {"beats_loudness_band_ratio": {"dvar2": [0.0514378212392, 0.055200304836, 0.00803904142231, 0.00648689689115, 0.00388182583265, 0.0558648854494], "var": [0.107734128833, 0.019657753408, 0.00319828721695, 0.00245770812035, 0.00326010771096, 0.0741152390838], "min": [3.28279247697e-06, 0.000116051880468, 0.000129930063849, 6.64991239319e-05, 8.15768507891e-05, 7.12524779374e-05], "dmean": [0.207721725106, 0.0860441029072, 0.03965004161, 0.0485074929893, 0.0397337935865, 0.128972291946], "mean": [0.621345162392, 0.0732953324914, 0.0413373373449, 0.0352932028472, 0.033895868808, 0.201991632581], "max": [0.998823106289, 0.978423476219, 0.472782164812, 0.686724662781, 0.677998840809, 0.974725186825], "dmean2": [0.381580591202, 0.15210352838, 0.0712343230844, 0.0930437371135, 0.0753327533603, 0.2105435431], "median": [0.73702275753, 0.0211713016033, 0.0227570198476, 0.014414601028, 0.0210979394615, 0.0612310618162], "dvar": [0.0279434360564, 0.0203016158193, 0.00306718843058, 0.00212107389234, 0.00136700586881, 0.0277403928339]}, "bpm_histogram_first_peak_weight": {"dvar2": 0, "var": 0, "min": 0.77414560318, "dmean": 0, "mean": 0.77414560318, "max": 0.77414560318, "dmean2": 0, "median": 0.77414560318, "dvar": 0}, "bpm": 119.952606201, "beats_count": 674, "bpm_histogram_first_peak_spread": {"dvar2": 0, "var": 0, "min": 0.198461532593, "dmean": 0, "mean": 0.198461532593, "max": 0.198461532593, "dmean2": 0, "median": 0.198461532593, "dvar": 0}, "danceability": 1.65398263931, "bpm_histogram_first_peak_bpm": {"dvar2": 0, "var": 0, "min": 120, "dmean": 0, "mean": 120, "max": 120, "dmean2": 0, "median": 120, "dvar": 0}, "beats_position": [0.53405892849, 1.04489791393, 1.55573689938, 2.0549659729, 2.55419492722, 3.06503391266, 3.56426286697, 4.06349182129, 4.5627207756, 5.06195020676, 5.56117916107, 6.06040811539, 6.5596370697, 7.05886602402, 7.56970500946, 8.06893444061, 8.56816291809, 9.06739234924, 9.56662082672, 10.0658502579, 10.5650787354, 11.0643081665, 11.5635375977, 12.0627660751, 12.5619955063, 13.0612239838, 13.5604534149, 14.0596818924, 14.5589113235, 15.0581407547, 15.5573692322, 16.0565986633, 16.5558280945, 17.0666656494, 17.5658950806, 18.0651245117, 18.5643539429, 19.0635814667, 19.5628108978, 20.062040329, 20.5612697601, 21.0604991913, 21.5713367462, 22.0589561462, 22.5697956085, 23.0574150085, 23.5682544708, 24.0674819946, 24.5667114258, 25.0659408569, 25.5651702881, 26.0643978119, 26.563627243, 27.0628566742, 27.5620861053, 28.0613155365, 28.5605430603, 29.0597724915, 29.5590019226, 30.0582313538, 30.5574588776, 31.0566883087, 31.5559177399, 32.0551452637, 32.5543746948, 33.0652160645, 33.5644454956, 34.0636711121, 34.5629005432, 35.0621299744, 35.5613594055, 36.0605888367, 36.5714263916, 37.0706558228, 37.5698852539, 38.0575065613, 38.5683441162, 39.0559616089, 39.5668029785, 40.0660324097, 40.5652618408, 41.0644874573, 41.5637168884, 42.0629463196, 42.5621757507, 43.0614051819, 43.560634613, 44.0598640442, 44.5590934753, 45.0583229065, 45.5575485229, 46.0567779541, 46.5560073853, 47.0552368164, 47.5544662476, 48.0536956787, 48.5529251099, 49.0637626648, 49.5629920959, 50.0622215271, 50.5614509583, 51.0606803894, 51.5599098206, 52.0591392517, 52.5699768066, 53.0692062378, 53.5684356689, 54.0676651001, 54.5668907166, 55.0661201477, 55.5653495789, 56.06457901, 56.5638084412, 57.0630378723, 57.5622673035, 58.0614967346, 58.5607261658, 59.0599517822, 59.5591812134, 60.0584106445, 60.5576400757, 61.0568695068, 61.556098938, 62.0553283691, 62.5545578003, 63.0653953552, 63.5646247864, 64.0638504028, 64.563079834, 65.0623092651, 65.5731506348, 66.0607681274, 66.5716094971, 67.0708389282, 67.5700683594, 68.0576858521, 68.5685272217, 69.0677566528, 69.566986084, 70.0662155151, 70.5654373169, 71.064666748, 71.5638961792, 72.0631256104, 72.5623550415, 73.0615844727, 73.5608139038, 74.060043335, 74.5592727661, 75.0701141357, 75.5577316284, 76.0569610596, 76.5561904907, 77.0554199219, 77.554649353, 78.0654830933, 78.5647125244, 79.0639419556, 79.5631713867, 80.0624008179, 80.561630249, 81.0608596802, 81.5717010498, 82.070930481, 82.5701599121, 83.0693893433, 83.5686187744, 84.0678405762, 84.5670700073, 85.0662994385, 85.5655288696, 86.0647583008, 86.5639877319, 87.0632171631, 87.5624465942, 88.0616760254, 88.5609054565, 89.0717468262, 89.5593643188, 90.05859375, 90.5578231812, 91.0570526123, 91.5562820435, 92.0671157837, 92.5779571533, 93.1120147705, 93.6460723877, 94.2033538818, 94.7490234375, 95.2946929932, 95.8055343628, 96.316368103, 96.8272094727, 97.3264389038, 97.825668335, 98.3248977661, 98.8241271973, 99.3117446899, 99.8225860596, 100.321815491, 100.821044922, 101.320266724, 101.819496155, 102.318725586, 102.817955017, 103.317184448, 103.816413879, 104.315643311, 104.814872742, 105.325714111, 105.824943542, 106.324172974, 106.823402405, 107.322631836, 107.821853638, 108.321083069, 108.808708191, 109.319541931, 109.818771362, 110.318000793, 110.817230225, 111.316459656, 111.827301025, 112.326530457, 112.825759888, 113.324989319, 113.82421875, 114.323448181, 114.822669983, 115.310295105, 115.821128845, 116.320358276, 116.819587708, 117.318817139, 117.81804657, 118.317276001, 118.816505432, 119.315734863, 119.814964294, 120.325805664, 120.813423157, 121.324264526, 121.823486328, 122.322715759, 122.82194519, 123.321174622, 123.820404053, 124.319633484, 124.818862915, 125.318092346, 125.817321777, 126.316551208, 126.81578064, 127.315010071, 127.82585144, 128.325073242, 128.824310303, 129.323532104, 129.822769165, 130.321990967, 130.821228027, 131.320449829, 131.81968689, 132.318908691, 132.818145752, 133.317367554, 133.816589355, 134.315826416, 134.815048218, 135.325897217, 135.81350708, 136.324356079, 136.811965942, 137.322814941, 137.822036743, 138.321273804, 138.820495605, 139.319732666, 139.830566406, 140.341400146, 140.840637207, 141.374694824, 141.908752441, 142.442810059, 142.976867676, 143.522537231, 144.056594849, 144.567428589, 145.066665649, 145.565887451, 146.065124512, 146.564346313, 147.063583374, 147.562805176, 148.062042236, 148.561264038, 149.060501099, 149.5597229, 150.058959961, 150.558181763, 151.057418823, 151.556640625, 152.055877686, 152.555099487, 153.065933228, 153.565170288, 154.06439209, 154.56362915, 155.062850952, 155.562088013, 156.061309814, 156.572158813, 157.071380615, 157.570602417, 158.058227539, 158.569061279, 159.056686401, 159.567520142, 160.055145264, 160.565979004, 161.065216064, 161.564437866, 162.063674927, 162.562896729, 163.062133789, 163.561355591, 164.048980713, 164.559814453, 165.059051514, 165.558273315, 166.057495117, 166.556732178, 167.055953979, 167.55519104, 168.06602478, 168.565261841, 169.064483643, 169.563720703, 170.062942505, 170.562179565, 171.061401367, 171.560638428, 172.059860229, 172.57069397, 173.06993103, 173.569152832, 174.068389893, 174.567611694, 175.066848755, 175.566070557, 176.030471802, 176.47164917, 176.936050415, 177.388839722, 177.853240967, 178.32925415, 178.828475952, 179.327713013, 179.826934814, 180.326171875, 180.813781738, 181.324615479, 181.823852539, 182.323074341, 182.822311401, 183.321533203, 183.809158325, 184.319992065, 184.819229126, 185.318450928, 185.817687988, 186.31690979, 186.816146851, 187.315368652, 187.826202393, 188.325439453, 188.824661255, 189.323898315, 189.823120117, 190.322357178, 190.821578979, 191.32081604, 191.820037842, 192.319274902, 192.818496704, 193.329345703, 193.828567505, 194.327789307, 194.827026367, 195.326248169, 195.825485229, 196.324707031, 196.812332153, 197.323165894, 197.822402954, 198.321624756, 198.820861816, 199.320083618, 199.819320679, 200.31854248, 200.817779541, 201.317001343, 201.816238403, 202.315460205, 202.814697266, 203.313919067, 203.824752808, 204.323989868, 204.82321167, 205.32244873, 205.821670532, 206.320907593, 206.820129395, 207.319366455, 207.830200195, 208.317825317, 208.817047119, 209.31628418, 209.815505981, 210.314727783, 210.813964844, 211.313186646, 211.812423706, 212.311645508, 212.810882568, 213.31010437, 213.809341431, 214.320175171, 214.819412231, 215.318634033, 215.817871094, 216.317092896, 216.816329956, 217.315551758, 217.81477356, 218.31401062, 218.813232422, 219.312469482, 219.823303223, 220.322540283, 220.821762085, 221.320999146, 221.820220947, 222.319458008, 222.81867981, 223.31791687, 223.817138672, 224.316360474, 224.815597534, 225.314819336, 225.814056396, 226.313278198, 226.812515259, 227.323348999, 227.810974121, 228.310195923, 228.809432983, 229.320266724, 229.819503784, 230.318725586, 230.817947388, 231.317184448, 231.81640625, 232.315643311, 232.814865112, 233.314102173, 233.813323975, 234.312561035, 234.811782837, 235.311019897, 235.821853638, 236.321090698, 236.8203125, 237.319549561, 237.818771362, 238.317993164, 238.817230225, 239.328063965, 239.815689087, 240.326522827, 240.814147949, 241.324981689, 241.82421875, 242.323440552, 242.822677612, 243.321899414, 243.821136475, 244.320358276, 244.819580078, 245.318817139, 245.81803894, 246.317276001, 246.816497803, 247.315734863, 247.826568604, 248.325805664, 248.825027466, 249.324264526, 249.823486328, 250.322723389, 250.82194519, 251.321166992, 251.820404053, 252.319625854, 252.818862915, 253.318084717, 253.817321777, 254.316543579, 254.81578064, 255.32661438, 255.82585144, 256.325073242, 256.812683105, 257.323547363, 257.822753906, 258.321990967, 258.821228027, 259.32043457, 259.819671631, 260.318908691, 260.818145752, 261.317352295, 261.816589355, 262.315826416, 262.815063477, 263.31427002, 263.825134277, 264.32434082, 264.823577881, 265.322814941, 265.822021484, 266.321258545, 266.820495605, 267.308105469, 267.818939209, 268.31817627, 268.81741333, 269.32824707, 269.839080811, 270.373138428, 270.907196045, 271.441253662, 271.986938477, 272.532592773, 273.055053711, 273.554290771, 274.065124512, 274.564361572, 275.063568115, 275.562805176, 276.062042236, 276.561279297, 277.06048584, 277.57131958, 278.058959961, 278.569793701, 279.069030762, 279.568237305, 280.055877686, 280.566711426, 281.065948486, 281.565155029, 282.06439209, 282.56362915, 283.062866211, 283.562072754, 284.061309814, 284.560546875, 285.059753418, 285.558990479, 286.058227539, 286.5574646, 287.056671143, 287.555908203, 288.055145264, 288.554382324, 289.065216064, 289.564453125, 290.063659668, 290.562896729, 291.062133789, 291.561340332, 292.060577393, 292.559814453, 293.059051514, 293.569885254, 294.057495117, 294.568328857, 295.067565918, 295.566802979, 296.054412842, 296.565246582, 297.064483643, 297.563720703, 298.062927246, 298.562164307, 299.061401367, 299.560638428, 300.059844971, 300.559082031, 301.058319092, 301.557556152, 302.056762695, 302.555999756, 303.066833496, 303.566070557, 304.05368042, 304.55291748, 305.063751221, 305.562988281, 306.062225342, 306.561431885, 307.060668945, 307.559906006, 308.059143066, 308.569976807, 309.05758667, 309.56842041, 310.056060791, 310.566894531, 311.066131592, 311.565338135, 312.064575195, 312.563812256, 313.063018799, 313.562255859, 314.06149292, 314.56072998, 315.059936523, 315.559173584, 316.058410645, 316.557647705, 317.056854248, 317.556091309, 318.055328369, 318.55456543, 319.06539917, 319.564605713, 320.063842773, 320.563079834, 321.062316895, 321.561523438, 322.060760498, 322.571594238, 323.059234619, 323.558441162, 324.057678223, 324.568511963, 325.067749023, 325.566986084, 326.054595947, 326.565429688, 327.064666748, 327.563903809, 328.063110352, 328.562347412, 329.061584473, 329.560821533, 330.060028076, 330.559265137, 331.058502197, 331.557739258, 332.056945801, 332.556182861, 333.055419922, 333.554656982, 334.053863525, 334.564697266, 335.075561523, 335.574768066, 336.074005127, 336.584838867, 337.095672607, 337.606536865], "beats_loudness": {"dvar2": 0.00104550446849, "var": 0.00123969989363, "min": 2.7775226954e-06, "dmean": 0.0255778152496, "mean": 0.0676417648792, "max": 0.143375188112, "dmean2": 0.0427835397422, "median": 0.0708478391171, "dvar": 0.000392940477468}, "bpm_histogram_second_peak_weight": {"dvar2": 0, "var": 0, "min": 0.0148588409647, "dmean": 0, "mean": 0.0148588409647, "max": 0.0148588409647, "dmean2": 0, "median": 0.0148588409647, "dvar": 0}, "bpm_histogram_second_peak_spread": {"dvar2": 0, "var": 0, "min": 0.411764681339, "dmean": 0, "mean": 0.411764681339, "max": 0.411764681339, "dmean2": 0, "median": 0.411764681339, "dvar": 0}, "bpm_histogram_second_peak_bpm": {"dvar2": 0, "var": 0, "min": 112, "dmean": 0, "mean": 112, "max": 112, "dmean2": 0, "median": 112, "dvar": 0}, "onset_rate": 5.2736787796}, "lowlevel": {"spectral_energyband_high": {"dvar2": 2.45929113589e-05, "var": 1.75682635017e-05, "min": 7.39598018438e-21, "dmean": 0.00181892456021, "mean": 0.00231960625388, "max": 0.0358185023069, "dmean2": 0.00256041297689, "median": 0.000752211955842, "dvar": 1.22184728752e-05}, "spectral_energyband_middle_low": {"dvar2": 0.000171077961568, "var": 8.06457028375e-05, "min": 3.13261840391e-22, "dmean": 0.00415768194944, "mean": 0.00641868356615, "max": 0.114106781781, "dmean2": 0.00701606366783, "median": 0.00320152309723, "dvar": 6.30650247331e-05}, "spectral_energy": {"dvar2": 0.000971937261056, "var": 0.00116542470641, "min": 1.07576090743e-20, "dmean": 0.0158004481345, "mean": 0.0432063676417, "max": 0.154825732112, "dmean2": 0.0220996905118, "median": 0.0384886153042, "dvar": 0.000413527886849}, "spectral_spread": {"dvar2": 2348136005630.0, "var": 5920504414210.0, "min": 854599.375, "dmean": 996335.125, "mean": 6915437.5, "max": 41810308, "dmean2": 1405852.375, "median": 6938540.5, "dvar": 1256003469310.0}, "spectral_energyband_low": {"dvar2": 0.000853091129102, "var": 0.000993759254925, "min": 5.13689118975e-23, "dmean": 0.012851363048, "mean": 0.032254870981, "max": 0.144719272852, "dmean2": 0.0176165029407, "median": 0.0253895688802, "dvar": 0.000360533304047}, "spectral_rolloff": {"dvar2": 8537426, "var": 12133991, "min": 21.533203125, "dmean": 1149.89257812, "mean": 2323.92529297, "max": 19035.3515625, "dmean2": 1855.55883789, "median": 473.73046875, "dvar": 4588745}, "barkbands": {"dvar2": [1.144561611e-05, 0.000783539318945, 0.000154834749992, 5.46433111595e-05, 2.03544914257e-05, 1.02024123407e-05, 6.91549848852e-06, 2.13639100366e-06, 2.1486530386e-06, 6.62042680233e-07, 1.19372793961e-06, 2.61308855443e-07, 9.17927877708e-07, 8.91866648089e-07, 7.999922218e-07, 6.94567802384e-07, 4.76998138765e-07, 2.4935309284e-07, 1.20143101867e-06, 8.10354890746e-07, 1.06872096239e-06, 6.59571128381e-07, 1.41845282542e-06, 8.59468002545e-07, 6.0984348238e-07, 1.19690497513e-07, 2.36381012542e-08], "var": [2.00633621716e-05, 0.00075436802581, 3.5841785575e-05, 1.12063689812e-05, 1.29962581923e-05, 9.80129152595e-06, 3.33618027071e-06, 1.04137313883e-06, 1.52468317083e-06, 4.56427414974e-07, 7.84699977885e-07, 1.5827387756e-07, 4.29454416917e-07, 5.00968667438e-07, 5.07100537561e-07, 4.22823461577e-07, 2.42139890361e-07, 1.48361436914e-07, 9.34377283102e-07, 3.57420958608e-07, 5.87226168136e-07, 4.61683868025e-07, 7.37520792882e-07, 7.34760078558e-07, 4.00305509629e-07, 1.12192388713e-07, 2.11440749354e-08], "min": [4.59653432811e-24, 4.47210098664e-24, 3.1613083284e-23, 2.34114258256e-23, 9.78128578787e-23, 5.867347989e-23, 5.75400003651e-23, 4.18159483303e-23, 1.4911465349e-23, 7.70509097557e-23, 1.07290056089e-22, 1.90892070699e-22, 8.03956989265e-23, 2.37119016822e-22, 1.84468281684e-22, 1.50069869383e-22, 1.95197724006e-22, 3.00855948738e-22, 2.71707374207e-22, 2.83016357927e-22, 3.64701604619e-22, 5.52663479885e-22, 6.10700721366e-22, 8.06269967305e-22, 1.15599237813e-21, 1.79666880416e-21, 2.18664265966e-21], "dmean": [0.0017797924811, 0.0115580139682, 0.00279161776416, 0.00154112244491, 0.00130934501067, 0.000875960919075, 0.000625804706942, 0.000437361217337, 0.000436068105046, 0.000243859991315, 0.000305435271002, 0.000154290290084, 0.000229328914429, 0.000230128440307, 0.000235094237723, 0.00019425341452, 0.00015400502889, 0.000145386366057, 0.000204377211048, 0.000267690367764, 0.000314255710691, 0.000289337418508, 0.000360295147402, 0.000339480437106, 0.000280063191894, 0.000136383896461, 3.80302008125e-05], "mean": [0.0037797242403, 0.0254663862288, 0.00259267026559, 0.00117948651314, 0.00178850023076, 0.00135473022237, 0.000909962400328, 0.000508187105879, 0.000604069093242, 0.000320283637848, 0.000396861665649, 0.000189322265214, 0.000243406742811, 0.000267535069725, 0.000292288314085, 0.000238527994952, 0.000186026300071, 0.000189018348465, 0.000262177898549, 0.000273406098131, 0.000337266654242, 0.000338460755302, 0.000408105872339, 0.000471810344607, 0.000370203342754, 0.000188471574802, 4.92595863761e-05], "max": [0.0264585185796, 0.138405293226, 0.0487979054451, 0.0297603532672, 0.0421553067863, 0.078861117363, 0.0515161007643, 0.0128332655877, 0.0302809271961, 0.013097490184, 0.0149181522429, 0.0070019592531, 0.00784930959344, 0.00785796996206, 0.00821785628796, 0.00921223405749, 0.0111941387877, 0.00622449861839, 0.022972760722, 0.00766624649987, 0.00824478361756, 0.00717779295519, 0.00874332431704, 0.00739050516859, 0.00647628167644, 0.00457931216806, 0.00155776692554], "dmean2": [0.00233222241513, 0.0158022809774, 0.00491364859045, 0.0028504258953, 0.00218295515515, 0.00139202573337, 0.00103362300433, 0.000740596617106, 0.000718079740182, 0.000389891560189, 0.000478268892039, 0.000254349433817, 0.000368282431737, 0.000356518052286, 0.00034021094325, 0.000303454871755, 0.000251337827649, 0.000232369013247, 0.000317294528941, 0.000422659824835, 0.000465644727228, 0.000413877074607, 0.000541767920367, 0.000494944921229, 0.000410456384998, 0.000195514367078, 6.0700935137e-05], "median": [0.00173279037699, 0.0177945941687, 0.000354953779606, 9.3681832368e-05, 0.000375115254428, 0.000358729856089, 0.000283660134301, 9.63010970736e-05, 0.000148793042172, 6.83508333168e-05, 7.76081797085e-05, 3.69537665392e-05, 3.12237280014e-05, 3.21991064993e-05, 4.23813835368e-05, 3.08831658913e-05, 3.39702892234e-05, 4.78206275147e-05, 5.149874778e-05, 5.73290781176e-05, 6.78238357068e-05, 7.50143881305e-05, 9.66437728493e-05, 0.000131566455821, 0.000119491691294, 5.02910479554e-05, 1.69482359524e-06], "dvar": [6.275382475e-06, 0.000316041812766, 5.47201489098e-05, 1.90006212506e-05, 7.19451554687e-06, 4.75664546684e-06, 2.65779885922e-06, 8.17763464056e-07, 8.83341158442e-07, 2.83882542362e-07, 5.11081282184e-07, 1.11669933744e-07, 3.98326079676e-07, 3.94827480932e-07, 3.56015164016e-07, 2.88781961899e-07, 1.89096795111e-07, 1.0148109908e-07, 5.15496424214e-07, 3.36102687015e-07, 4.96940060657e-07, 3.26426231823e-07, 6.1408638885e-07, 4.5095691803e-07, 2.81152040316e-07, 6.11778503412e-08, 1.01134771668e-08]}, "melbands_skewness": {"dvar2": 11.9014997482, "var": 33.0550575256, "min": -2.56865692139, "dmean": 2.05046415329, "mean": 5.91287231445, "max": 42.7050285339, "dmean2": 2.75178694725, "median": 4.22471904755, "dvar": 6.91096639633}, "barkbands_skewness": {"dvar2": 5.50796365738, "var": 15.1417503357, "min": -5.92234039307, "dmean": 1.47084140778, "mean": 3.3100092411, "max": 27.3293571472, "dmean2": 1.89708793163, "median": 2.44664359093, "dvar": 3.28108739853}, "erbbands": {"dvar2": [1.37188363075, 30.8534984589, 125.232917786, 531.359375, 254.174423218, 293.387176514, 662.961181641, 751.665161133, 1844.83972168, 936.824584961, 722.732543945, 1257.13842773, 758.292419434, 1801.09924316, 596.744018555, 350.860351562, 2190.77392578, 881.960205078, 3497.2890625, 1871.41137695, 1999.58105469, 1211.31054688, 729.59552002, 1972.31518555, 3163.09472656, 1068.53344727, 3114.47851562, 1054.93896484, 974.361022949, 1066.38000488, 1369.75585938, 587.608154297, 201.992324829, 52.2311019897, 38.9684333801, 7.24269580841, 0.236699581146, 0.0452388562262, 0.000446860241937, 8.83109905203e-08], "var": [2.00495171547, 20.3939762115, 40.3516769409, 112.091819763, 63.9180831909, 193.808303833, 574.105957031, 870.090881348, 729.398376465, 568.127319336, 364.409606934, 975.545043945, 417.309844971, 1050.78674316, 558.276855469, 222.549865723, 935.205505371, 723.61895752, 1954.11694336, 1112.9777832, 1159.08544922, 693.95501709, 521.395812988, 1161.91967773, 2221.56591797, 603.835449219, 1446.1697998, 590.507507324, 678.322509766, 576.889953613, 678.59197998, 421.061889648, 170.185775757, 49.1179695129, 21.8943061829, 4.23574352264, 0.28718277812, 0.0472512245178, 0.00046702940017, 9.41250490882e-08], "min": [1.78772390404e-22, 1.33766565621e-21, 2.28540148167e-20, 7.23610685148e-20, 2.06307879134e-19, 2.59159408226e-19, 5.91711915565e-19, 4.13344220044e-19, 1.11347247545e-18, 4.27045019325e-19, 8.19665056303e-19, 3.92892903182e-19, 1.52310368852e-18, 3.34072069144e-18, 3.58607983191e-18, 9.09646301003e-18, 4.44145117333e-18, 9.93807626992e-18, 1.23455507012e-17, 8.79743804578e-18, 1.0576335448e-17, 9.55279870165e-18, 1.61768287869e-17, 1.37237609875e-17, 1.18714165643e-17, 1.67063815433e-17, 1.13779495622e-17, 1.55399510005e-17, 2.04544857913e-17, 1.98492989484e-17, 1.69871977807e-17, 1.48789096139e-17, 1.48076711652e-17, 1.24220252032e-17, 8.87560744084e-18, 6.36095232249e-18, 2.79502323069e-18, 1.2194649176e-18, 2.90122045174e-19, 3.67452013478e-20], "dmean": [0.539642214775, 2.17066931725, 3.00880885124, 4.80650758743, 3.84746742249, 4.7464966774, 6.57408046722, 8.28626060486, 7.84387397766, 9.591837883, 8.42744827271, 10.3034648895, 8.17407798767, 12.1897544861, 7.80045509338, 6.03418779373, 10.788687706, 8.99154663086, 14.4811229706, 10.8571882248, 10.0967226028, 8.26558017731, 7.99859189987, 8.81987380981, 10.9080867767, 10.7589921951, 15.5341720581, 10.4494895935, 11.1205129623, 9.99670791626, 10.8171491623, 7.79765701294, 5.42713737488, 2.88185214996, 2.04590940475, 0.91840338707, 0.193046882749, 0.0633203163743, 0.00505196489394, 9.42735787248e-05], "mean": [1.25203430653, 3.60357904434, 3.3489921093, 3.9410340786, 3.62489438057, 6.51890611649, 10.1086120605, 12.164226532, 10.5786371231, 14.2589149475, 10.3869829178, 14.564157486, 10.8394012451, 15.1911802292, 11.7411556244, 7.8428106308, 11.3940076828, 11.1718845367, 16.8276290894, 14.1864557266, 12.4450626373, 10.6780719757, 10.7923698425, 10.8263959885, 13.8733959198, 11.7797670364, 15.6157484055, 11.3668317795, 12.7823095322, 11.4641609192, 12.0144081116, 10.0124263763, 7.71561431885, 4.29803943634, 2.44123673439, 1.11206400394, 0.283360123634, 0.087127789855, 0.00694093247876, 0.000162121810718], "max": [6.13120222092, 28.3822383881, 47.6780548096, 92.6222457886, 79.3189926147, 195.323623657, 518.859069824, 756.012023926, 1119.22143555, 377.487579346, 304.487548828, 622.850341797, 533.919189453, 486.067871094, 338.698181152, 275.462768555, 339.198181152, 240.121917725, 439.261474609, 315.329498291, 626.82043457, 571.660217285, 367.864837646, 623.304382324, 1266.56335449, 315.312896729, 476.508209229, 315.058380127, 277.934906006, 275.226501465, 268.772827148, 220.503173828, 116.213088989, 74.9176940918, 48.6198234558, 34.3834724426, 7.41593408585, 2.87028813362, 0.270355463028, 0.00389952259138], "dmean2": [0.66265130043, 3.14949703217, 4.86240625381, 8.81777954102, 6.90550374985, 7.68936109543, 10.3417673111, 13.1526088715, 12.9321470261, 15.86652565, 14.0626783371, 16.861869812, 13.4271802902, 19.3594455719, 11.5208797455, 9.97277259827, 17.5600357056, 13.5398817062, 21.3049030304, 16.5717449188, 15.6379146576, 13.2864542007, 12.6851062775, 14.4355077744, 16.1184635162, 16.4177570343, 23.5445518494, 15.3363409042, 15.9180107117, 14.723742485, 16.5497074127, 11.0632925034, 7.9461607933, 4.14838552475, 3.02092504501, 1.35976886749, 0.273518770933, 0.0979625955224, 0.0080045638606, 0.000142421195051], "median": [0.786709010601, 2.19909977913, 0.885380268097, 0.479111969471, 0.554826557636, 1.26320433617, 2.4212064743, 3.0027654171, 3.3748831749, 4.93443918228, 2.68963575363, 3.71738386154, 2.79335570335, 3.17729616165, 2.85911536217, 1.59267067909, 1.5078959465, 1.73412740231, 2.31519794464, 2.19389605522, 1.95559692383, 2.10094332695, 2.70238518715, 2.31145691872, 3.10397553444, 2.65183401108, 2.70474076271, 2.67009925842, 2.71075248718, 2.55129384995, 2.83496713638, 2.41447210312, 2.30436468124, 1.34125578403, 0.719485938549, 0.322936475277, 0.0724152028561, 0.00883916392922, 0.00034781609429, 7.62527415645e-05], "dvar": [0.634572148323, 12.7884902954, 47.5074081421, 185.995101929, 88.3068695068, 106.611907959, 280.836395264, 381.671875, 730.196899414, 367.600311279, 280.826660156, 528.405517578, 298.604675293, 761.779541016, 268.149993896, 152.596450806, 905.380615234, 471.349121094, 1530.66552734, 800.962280273, 823.068908691, 486.681976318, 312.856323242, 749.890563965, 1402.00671387, 475.656494141, 1368.96374512, 483.999572754, 482.309875488, 472.246826172, 583.624145508, 290.003448486, 100.726745605, 26.4550971985, 17.6102313995, 3.33170580864, 0.124905742705, 0.0205190628767, 0.000182636344107, 3.7469618519e-08]}, "silence_rate_30dB": {"dvar2": 0.164676263928, "var": 0.0327167920768, "min": 0, "dmean": 0.0618131868541, "mean": 0.966142416, "max": 1, "dmean2": 0.12363486737, "median": 1, "dvar": 0.0579988993704}, "melbands_spread": {"dvar2": 1369.90161133, "var": 1733.41845703, "min": 0.0795662105083, "dmean": 14.8670339584, "mean": 28.2623386383, "max": 260.916931152, "dmean2": 22.0091552734, "median": 11.1102304459, "dvar": 690.480102539}, "melbands_crest": {"dvar2": 44.8518943787, "var": 91.1294555664, "min": 1.91496944427, "dmean": 4.27131462097, "mean": 22.5496501923, "max": 39.1356430054, "dmean2": 6.0978178978, "median": 22.5708370209, "dvar": 22.3557453156}, "zerocrossingrate": {"dvar2": 0.0010087628616, "var": 0.00745838787407, "min": 0.00146484375, "dmean": 0.026670049876, "mean": 0.0843862742186, "max": 0.5791015625, "dmean2": 0.0270838290453, "median": 0.05419921875, "dvar": 0.00104904535692}, "barkbands_kurtosis": {"dvar2": 5221.46240234, "var": 8501.10546875, "min": -1.9464840889, "dmean": 21.9801483154, "mean": 36.4293479919, "max": 1173.73339844, "dmean2": 29.1322078705, "median": 7.26573753357, "dvar": 3002.66308594}, "spectral_flux": {"dvar2": 0.00346008571796, "var": 0.00454738363624, "min": 1.03718894584e-10, "dmean": 0.0392670221627, "mean": 0.0967644527555, "max": 0.366205871105, "dmean2": 0.0555824488401, "median": 0.0760320425034, "dvar": 0.00188225065358}, "barkbands_crest": {"dvar2": 22.34308815, "var": 41.4998970032, "min": 2.14673709869, "dmean": 3.25830626488, "mean": 14.2841959, "max": 26.6298046112, "dmean2": 4.65794992447, "median": 14.2658700943, "dvar": 11.4555721283}, "barkbands_flatness_db": {"dvar2": 0.0035835376475, "var": 0.0106521332636, "min": 0.0153605584055, "dmean": 0.0422802343965, "mean": 0.184932842851, "max": 0.576315879822, "dmean2": 0.054496910423, "median": 0.162128478289, "dvar": 0.00194381480105}, "spectral_entropy": {"dvar2": 0.15679371357, "var": 0.359064131975, "min": 4.45432186127, "dmean": 0.238008499146, "mean": 7.88023996353, "max": 9.77820587158, "dmean2": 0.333529114723, "median": 8.04544734955, "dvar": 0.0875809639692}, "pitch_salience": {"dvar2": 0.0268577914685, "var": 0.0477770380676, "min": 0.00896001514047, "dmean": 0.101426027715, "mean": 0.422378450632, "max": 0.935374677181, "dmean2": 0.147017329931, "median": 0.439734756947, "dvar": 0.0129857510328}, "erbbands_spread": {"dvar2": 659.172546387, "var": 1050.76464844, "min": 1.05669128895, "dmean": 16.9924545288, "mean": 55.1551055908, "max": 213.596618652, "dmean2": 24.6644477844, "median": 48.9732170105, "dvar": 314.533508301}, "dynamic_complexity": 3.87024903297, "spectral_contrast_valleys": {"dvar2": [0.539858818054, 0.808334350586, 0.485932230949, 0.353958785534, 0.549023926258, 0.642589330673], "var": [2.65292739868, 1.47153735161, 1.04815888405, 1.01835238934, 1.18663108349, 1.66332817078], "min": [-27.5883312225, -27.093454361, -26.7598171234, -26.9295749664, -27.4032402039, -27.3891124725], "dmean": [0.505466580391, 0.538023233414, 0.463600218296, 0.436874061823, 0.495969176292, 0.545936822891], "mean": [-7.60232782364, -7.30539703369, -7.76248836517, -8.12966632843, -7.87800788879, -9.56980133057], "max": [-5.18462657928, -4.23061609268, -5.27964401245, -5.27711009979, -5.43005895615, -7.21820735931], "dmean2": [0.745505571365, 0.830565571785, 0.67803889513, 0.611390292645, 0.642276644707, 0.648624658585], "median": [-7.29858732224, -7.19958877563, -7.74087524414, -8.17206573486, -7.78350353241, -9.31012248993], "dvar": [0.316116034985, 0.3634557724, 0.243743658066, 0.208724185824, 0.287452399731, 0.379006266594]}, "hfc": {"dvar2": 1716.42871094, "var": 1320.92370605, "min": 1.16681951623e-16, "dmean": 17.8969955444, "mean": 27.4270763397, "max": 298.611328125, "dmean2": 24.9139556885, "median": 13.8356285095, "dvar": 844.24987793}, "spectral_kurtosis": {"dvar2": 26.7107410431, "var": 34.6646232605, "min": -1.19919347763, "dmean": 1.71820235252, "mean": 3.5018029213, "max": 102.297172546, "dmean2": 2.52711391449, "median": 1.92071962357, "dvar": 13.2317285538}, "mfcc": {"mean": [-679.282104492, 85.9496307373, 31.6997966766, 18.7728023529, 9.36439418793, 7.86770534515, 6.06792163849, 8.89376163483, 8.6775598526, 9.94554042816, 5.36405992508, 6.67245674133, 6.03617238998], "cov": [[9668.33984375, -1142.36877441, 187.963897705, 89.3475799561, -227.918548584, -204.444992065, -47.2522697449, -211.326522827, -286.718536377, -173.729431152, -299.51449585, -277.444122314, -277.59854126], [-1142.36877441, 3343.26904297, 344.235717773, 6.83547210693, 269.810272217, -25.2164859772, 148.12361145, 147.709671021, 78.4532623291, 40.3232917786, 152.404556274, 34.2782096863, 17.7519035339], [187.963897705, 344.235717773, 1342.64013672, 291.209503174, -30.1540927887, -48.2130279541, -30.8250484467, -58.9888534546, -8.39208889008, -21.968214035, -20.9333763123, -8.70617675781, -24.131362915], [89.3475799561, 6.83547210693, 291.209503174, 481.518707275, 244.87121582, 156.337432861, 61.9811897278, 56.3096427917, 48.5913238525, 38.2371559143, -1.21853899956, 12.0630054474, 3.78150439262], [-227.918548584, 269.810272217, -30.1540927887, 244.87121582, 504.906555176, 217.620849609, 187.045898438, 142.634552002, 108.261314392, 92.8348693848, 62.2771263123, 29.9613857269, 15.8674697876], [-204.444992065, -25.2164859772, -48.2130279541, 156.337432861, 217.620849609, 434.129943848, 232.686279297, 178.691055298, 162.122756958, 106.389076233, 87.6734390259, 52.4949760437, 30.5340976715], [-47.2522697449, 148.12361145, -30.8250484467, 61.9811897278, 187.045898438, 232.686279297, 309.651611328, 185.748123169, 114.064979553, 98.2387084961, 88.8763504028, 46.1018638611, 18.4502391815], [-211.326522827, 147.709671021, -58.9888534546, 56.3096427917, 142.634552002, 178.691055298, 185.748123169, 224.481140137, 133.873306274, 92.5162506104, 77.5228805542, 54.894493103, 49.452747345], [-286.718536377, 78.4532623291, -8.39208889008, 48.5913238525, 108.261314392, 162.122756958, 114.064979553, 133.873306274, 168.480651855, 102.249916077, 78.5442810059, 54.3579711914, 45.9270744324], [-173.729431152, 40.3232917786, -21.968214035, 38.2371559143, 92.8348693848, 106.389076233, 98.2387084961, 92.5162506104, 102.249916077, 146.218322754, 93.6077804565, 58.1167106628, 43.8973388672], [-299.51449585, 152.404556274, -20.9333763123, -1.21853899956, 62.2771263123, 87.6734390259, 88.8763504028, 77.5228805542, 78.5442810059, 93.6077804565, 142.175140381, 70.6454467773, 44.5867347717], [-277.444122314, 34.2782096863, -8.70617675781, 12.0630054474, 29.9613857269, 52.4949760437, 46.1018638611, 54.894493103, 54.3579711914, 58.1167106628, 70.6454467773, 104.517059326, 62.4897460938], [-277.59854126, 17.7519035339, -24.131362915, 3.78150439262, 15.8674697876, 30.5340976715, 18.4502391815, 49.452747345, 45.9270744324, 43.8973388672, 44.5867347717, 62.4897460938, 99.3048248291]], "icov": [[0.000125490027131, 3.64215884474e-05, -1.14981703518e-05, -5.11798571097e-05, 5.53856734768e-05, 4.61849085696e-05, -0.000132429151563, -2.09251156775e-05, 0.000150315783685, -0.000116651404824, 0.000127630337374, 0.000143270051922, 0.000190001534065], [3.64215884474e-05, 0.000385255902074, -0.000146472884808, 0.000144579928019, -0.000287392438622, 0.000264281959971, -5.69469084439e-05, -0.000289525691187, -5.15688680025e-06, 0.000336166442139, -0.000545666203834, 0.000204038515221, 8.16528990981e-05], [-1.14981703518e-05, -0.000146472884808, 0.00103912351187, -0.000980486860499, 0.000543773465324, 0.000332686060574, -0.000396165472921, 0.000614609569311, -0.00059957569465, 0.000160055205924, -2.19017656491e-05, -0.000101267170976, 0.000142345204949], [-5.11798571097e-05, 0.000144579928019, -0.000980486860499, 0.00400128494948, -0.00199646665715, -0.00129306525923, 0.00121264741756, -0.000626111635938, 0.000890251074452, -0.000569883966818, 0.00104737724178, -0.000535465020221, -4.95737767778e-05], [5.53856734768e-05, -0.000287392438622, 0.000543773465324, -0.00199646665715, 0.00392549484968, -0.000235034051002, -0.00134756730404, 2.14369974856e-05, -0.00039995968109, -0.000762539624702, 0.000154160356033, 0.000466078374302, 0.00025863701012], [4.61849085696e-05, 0.000264281959971, 0.000332686060574, -0.00129306525923, -0.000235034051002, 0.0055811512284, -0.00281922565773, 0.000107855492388, -0.00348054920323, 0.000996109563857, -0.000727284932509, 0.00018153997371, 0.000385183899198], [-0.000132429151563, -5.69469084439e-05, -0.000396165472921, 0.00121264741756, -0.00134756730404, -0.00281922565773, 0.00928015634418, -0.00580896763131, 0.00243398873135, -0.00141911406536, -0.00136745092459, -0.00066191458609, 0.00228044134565], [-2.09251156775e-05, -0.000289525691187, 0.000614609569311, -0.000626111635938, 2.14369974856e-05, 0.000107855492388, -0.00580896763131, 0.0138774029911, -0.00667251739651, 0.000526458548848, 0.000677500269376, -3.09456190735e-05, -0.00313315168023], [0.000150315783685, -5.15688680025e-06, -0.00059957569465, 0.000890251074452, -0.00039995968109, -0.00348054920323, 0.00243398873135, -0.00667251739651, 0.0175607781857, -0.00647468445823, -0.000385659805033, -0.000365807820344, -0.000609908660408], [-0.000116651404824, 0.000336166442139, 0.000160055205924, -0.000569883966818, -0.000762539624702, 0.000996109563857, -0.00141911406536, 0.000526458548848, -0.00647468445823, 0.0168779473752, -0.0070087518543, -0.000737909402233, -0.00136372633278], [0.000127630337374, -0.000545666203834, -2.19017656491e-05, 0.00104737724178, 0.000154160356033, -0.000727284932509, -0.00136745092459, 0.000677500269376, -0.000385659805033, -0.0070087518543, 0.0166625976562, -0.00641448795795, 0.000356483331416], [0.000143270051922, 0.000204038515221, -0.000101267170976, -0.000535465020221, 0.000466078374302, 0.00018153997371, -0.00066191458609, -3.09456190735e-05, -0.000365807820344, -0.000737909402233, -0.00641448795795, 0.0203862022609, -0.00908515788615], [0.000190001534065, 8.16528990981e-05, 0.000142345204949, -4.95737767778e-05, 0.00025863701012, 0.000385183899198, 0.00228044134565, -0.00313315168023, -0.000609908660408, -0.00136372633278, 0.000356483331416, -0.00908515788615, 0.0180417243391]]}, "silence_rate_20dB": {"dvar2": 0, "var": 0, "min": 1, "dmean": 0, "mean": 1, "max": 1, "dmean2": 0, "median": 1, "dvar": 0}, "melbands_kurtosis": {"dvar2": 28117.4765625, "var": 60602.3945312, "min": -1.89430165291, "dmean": 56.6118888855, "mean": 106.614692688, "max": 3346.68994141, "dmean2": 75.433807373, "median": 24.8491821289, "dvar": 16428.21875}, "barkbands_spread": {"dvar2": 510.848480225, "var": 657.945861816, "min": 0.149448797107, "dmean": 11.8521442413, "mean": 26.6347484589, "max": 141.996887207, "dmean2": 17.4812717438, "median": 17.4614257812, "dvar": 249.704864502}, "erbbands_skewness": {"dvar2": 0.713951945305, "var": 1.49688482285, "min": -4.47155618668, "dmean": 0.577220857143, "mean": 0.224312856793, "max": 8.71909236908, "dmean2": 0.812483310699, "median": 0.161368250847, "dvar": 0.383556127548}, "average_loudness": 0.966549396515, "spectral_centroid": {"dvar2": 632812.5625, "var": 1375246, "min": 90.0226669312, "dmean": 481.597564697, "mean": 1686.25817871, "max": 10568.5644531, "dmean2": 693.015441895, "median": 1441.26586914, "dvar": 375047.9375}, "dissonance": {"dvar2": 0.00109345384408, "var": 0.00100088794716, "min": 0.218858495355, "dmean": 0.0179535783827, "mean": 0.469024568796, "max": 0.5, "dmean2": 0.0294598862529, "median": 0.47956314683, "dvar": 0.000434149842476}, "erbbands_flatness_db": {"dvar2": 0.000951863185037, "var": 0.00270063569769, "min": 0.0271394811571, "dmean": 0.0209856722504, "mean": 0.130078732967, "max": 0.423190295696, "dmean2": 0.0297170523554, "median": 0.116543859243, "dvar": 0.000512986152899}, "spectral_strongpeak": {"dvar2": 1.97801017761, "var": 0.665270626545, "min": 0, "dmean": 0.333192259073, "mean": 0.531931340694, "max": 17.1963691711, "dmean2": 0.566379666328, "median": 0.339568823576, "dvar": 0.741266310215}, "spectral_rms": {"dvar2": 4.28143403042e-06, "var": 8.30256067275e-06, "min": 3.23963403846e-12, "dmean": 0.00124204123858, "mean": 0.00581806944683, "max": 0.0122902197763, "dmean2": 0.00169413606636, "median": 0.00612779473886, "dvar": 2.02660203286e-06}, "silence_rate_60dB": {"dvar2": 0.0868849828839, "var": 0.078250400722, "min": 0, "dmean": 0.0432692319155, "mean": 0.0855710431933, "max": 1, "dmean2": 0.0865444019437, "median": 0, "dvar": 0.0413943491876}, "melbands": {"dvar2": [7.76928427513e-05, 2.28178778343e-05, 1.39204967127e-05, 9.43711370383e-07, 7.93277536104e-07, 3.81568952434e-07, 3.66627432413e-07, 1.11962791038e-07, 3.92161076945e-08, 5.79860710559e-08, 1.93921643188e-08, 2.75618408097e-08, 1.06820969847e-08, 3.60198537663e-09, 8.35805114008e-09, 7.34160243709e-09, 3.5473344262e-09, 1.15970610892e-08, 6.29749941083e-09, 2.84846013443e-09, 3.07044056846e-09, 1.64666202895e-09, 1.07486908263e-09, 6.20122397876e-10, 1.68341673934e-09, 2.5021076322e-09, 8.65092442126e-10, 6.01219352081e-10, 1.49330259269e-09, 9.91938864381e-10, 3.05371922193e-10, 4.61138405239e-10, 1.67683450458e-10, 3.9083788983e-10, 4.98509677982e-10, 3.93492460837e-10, 1.66181096661e-10, 1.08932564358e-10, 9.6605973221e-11, 3.16005589751e-11], "var": [9.02154861251e-05, 1.41709469972e-05, 2.96047574011e-06, 4.55008915878e-07, 6.45305021862e-07, 4.01671798045e-07, 1.63852263313e-07, 6.32290735325e-08, 2.06624015675e-08, 4.43182628374e-08, 1.05581356991e-08, 1.65686540043e-08, 9.35051946982e-09, 2.20618501245e-09, 3.42793549102e-09, 3.73050790259e-09, 2.74858025229e-09, 5.94515547903e-09, 3.05694225489e-09, 1.96965954657e-09, 1.53471579889e-09, 7.92807652861e-10, 7.25354276643e-10, 2.81230233545e-10, 8.44960490465e-10, 1.86129811564e-09, 5.34483624026e-10, 2.68772309964e-10, 6.04375383073e-10, 4.88750373506e-10, 1.56426954723e-10, 2.92377844158e-10, 1.151372469