{"tonal": {"thpcp": [1, 0.85353821516, 0.802963614464, 0.682548999786, 0.570965647697, 0.613486289978, 0.603049874306, 0.571294546127, 0.663739144802, 0.676715135574, 0.597266554832, 0.546431541443, 0.480127811432, 0.500546038151, 0.638564527035, 0.675520002842, 0.68929541111, 0.695065438747, 0.538039207458, 0.420524775982, 0.457326591015, 0.446625500917, 0.402090728283, 0.448222488165, 0.467528879642, 0.507532954216, 0.613895773888, 0.646914243698, 0.691876888275, 0.764814913273, 0.677512943745, 0.56451100111, 0.539517760277, 0.517996072769, 0.592644929886, 0.894122302532], "hpcp": {"dmean2": [0.350095063448, 0.338114529848, 0.312921792269, 0.309465616941, 0.301411241293, 0.315053462982, 0.401552438736, 0.432824105024, 0.407781422138, 0.384410977364, 0.329366087914, 0.27798858285, 0.282313138247, 0.266066342592, 0.258566319942, 0.278547078371, 0.289191246033, 0.277890205383, 0.263007670641, 0.227798715234, 0.237521141768, 0.287676632404, 0.311811447144, 0.330220937729, 0.351692676544, 0.282065808773, 0.216252759099, 0.205047413707, 0.209349036217, 0.207836657763, 0.213475614786, 0.208144932985, 0.233450889587, 0.305142581463, 0.328895688057, 0.333224028349], "median": [0.0795045793056, 0.0712304860353, 0.0575921349227, 0.0522690862417, 0.0470682308078, 0.0582212023437, 0.091295696795, 0.118179574609, 0.107821777463, 0.0902247577906, 0.0775643065572, 0.0727617517114, 0.0838569402695, 0.0825926363468, 0.0765622109175, 0.0811364501715, 0.0807742774487, 0.0785638168454, 0.0705683231354, 0.0635032132268, 0.06314894557, 0.0744066685438, 0.078708127141, 0.0785300210118, 0.0683231130242, 0.0547870285809, 0.0506800673902, 0.05616556108, 0.0525563433766, 0.0484891571105, 0.054177723825, 0.063498288393, 0.0695708692074, 0.0742725282907, 0.0714725404978, 0.074666082859], "min": [0, 0, 0, 0, 0, 0, 0, 0, 0, 0, 0, 0, 0, 0, 0, 0, 0, 0, 0, 0, 0, 0, 0, 0, 0, 0, 0, 0, 0, 0, 0, 0, 0, 0, 0, 0], "dvar2": [0.169731587172, 0.171816572547, 0.168860509992, 0.165170818567, 0.165759697556, 0.154839068651, 0.197480753064, 0.209775939584, 0.202013596892, 0.194499820471, 0.169634863734, 0.144886180758, 0.147997543216, 0.121429659426, 0.133680582047, 0.139300346375, 0.14661565423, 0.141649469733, 0.141271591187, 0.109171450138, 0.117191821337, 0.139957472682, 0.15328578651, 0.158663362265, 0.184742718935, 0.148824363947, 0.106898404658, 0.0905601456761, 0.101629674435, 0.105068564415, 0.104222550988, 0.0956137180328, 0.0964797586203, 0.140577018261, 0.157151833177, 0.148177012801], "dvar": [0.0632446184754, 0.0620210617781, 0.0609345473349, 0.0598145760596, 0.0595028400421, 0.0556551851332, 0.0738916471601, 0.0773848295212, 0.0735203400254, 0.0721680372953, 0.062796741724, 0.0516408197582, 0.0518735349178, 0.0427272468805, 0.0474493838847, 0.0505560301244, 0.0538151264191, 0.0510072559118, 0.0494341701269, 0.0384267829359, 0.0414153262973, 0.0517326146364, 0.0566720329225, 0.057895835489, 0.0665336772799, 0.0538311265409, 0.0377474203706, 0.0319065228105, 0.0364672914147, 0.0372196473181, 0.0372145324945, 0.0340793654323, 0.0344445742667, 0.051246214658, 0.0575326271355, 0.054930947721], "dmean": [0.194240942597, 0.186646699905, 0.171130344272, 0.169178679585, 0.164605721831, 0.174597933888, 0.225253015757, 0.243929967284, 0.225912898779, 0.212593853474, 0.182308226824, 0.154459759593, 0.157466292381, 0.148691311479, 0.14393915236, 0.158109724522, 0.163145422935, 0.155301362276, 0.146103739738, 0.126664146781, 0.132078006864, 0.161527708173, 0.174731358886, 0.186148717999, 0.195378422737, 0.156018465757, 0.119564577937, 0.115049391985, 0.116162121296, 0.114559099078, 0.119201421738, 0.117788784206, 0.13176509738, 0.17064447701, 0.183799400926, 0.185167595744], "max": [1, 1, 1, 1, 1, 1, 1, 1, 1, 1, 1, 1, 1, 1, 1, 1, 1, 1, 1, 1, 1, 1, 1, 1, 1, 1, 1, 1, 1, 1, 1, 1, 1, 1, 1, 1], "var": [0.0736440420151, 0.0605068877339, 0.0502060130239, 0.0486817471683, 0.0483266524971, 0.052089586854, 0.0875952914357, 0.0930265113711, 0.0733241215348, 0.0741057544947, 0.0612694919109, 0.044022437185, 0.0453078374267, 0.0407694727182, 0.041738063097, 0.0542109794915, 0.0570073761046, 0.0462351664901, 0.040495570749, 0.0319110304117, 0.0361010059714, 0.0547550059855, 0.0582166314125, 0.058344244957, 0.0666601955891, 0.0474162586033, 0.0292757321149, 0.0301007777452, 0.0316995084286, 0.0286024790257, 0.0324431806803, 0.0303796641529, 0.0313459485769, 0.0467642471194, 0.0532168038189, 0.0597454346716], "mean": [0.200133144855, 0.177288383245, 0.147718563676, 0.141178458929, 0.135546758771, 0.155080527067, 0.233969688416, 0.261675268412, 0.223349839449, 0.210115715861, 0.178606197238, 0.149407595396, 0.160534188151, 0.157803237438, 0.149493649602, 0.173684120178, 0.177079617977, 0.156289890409, 0.142987623811, 0.125637575984, 0.130980521441, 0.167096540332, 0.176766872406, 0.180371567607, 0.181881442666, 0.140791550279, 0.110040932894, 0.119671061635, 0.116870850325, 0.105217196047, 0.117288738489, 0.122340746224, 0.132808819413, 0.160641342402, 0.169281452894, 0.181047067046]}, "tuning_equal_tempered_deviation": 0.16762945056, "chords_changes_rate": 0.13920943439, "key_key": "A", "tuning_diatonic_strength": 0.295667141676, "key_scale": "minor", "chords_number_rate": 0.00417382782325, "tuning_frequency": 436.204162598, "tuning_nontempered_energy_ratio": 0.873532652855, "chords_histogram": [2.89712738991, 6.08887815475, 1.76773881912, 13.847287178, 5.42597579956, 0.957525193691, 1.52221953869, 14.8784675598, 18.9786396027, 3.78099679947, 1.96415424347, 1.03118097782, 0, 0.343726992607, 1.39945983887, 4.49300289154, 6.45715665817, 6.18708562851, 0.564694344997, 0, 0.0245519280434, 0.36827892065, 3.6827890873, 3.3390622139], "key_strength": 0.598078966141, "chords_key": "C#", "chords_strength": {"dmean2": 0.0207026414573, "median": 0.410999625921, "min": -1, "dvar2": 0.00157391570974, "dvar": 0.00100020272657, "dmean": 0.0157337579876, "max": 0.671356260777, "var": 0.0444871708751, "mean": 0.393635004759}, "chords_scale": "minor", "hpcp_entropy": {"dmean2": 1.22996723652, "median": 3.00945043564, "min": 0, "dvar2": 0.99574226141, "dvar": 0.349448800087, "dmean": 0.718952536583, "max": 4.60260295868, "var": 0.818073570728, "mean": 2.87894845009}}, "metadata": {"audio_properties": {"equal_loudness": 0, "codec": "mp3", "downmix": "mix", "sample_rate": 44100, "analysis_sample_rate": 44100, "bit_rate": 320044, "md5_encoded": "c2eba20a9f5823dfb4546e7eb2e4ce3a", "length": 189.100402832, "replay_gain": -9.43634414673, "lossless": false}, "version": {"essentia_build_sha": "2d9f1f26377add8aeb1075a9c2973f962c4f09fd", "essentia": "2.1-beta2", "extractor": "music 1.0", "essentia_git_sha": "v2.1_beta2-1-ge3940c0"}, "tags": {"title": ["Askatuta"], "barcode": ["3229261897229"], "media": ["CD"], "albumartist": ["Tagada Jones"], "musicbrainz_recordingid": ["18aef1da-118f-4782-8400-9bfd3c201840"], "mood": ["Unknown"], "musicbrainz_albumartistid": ["0ae2530c-6794-4e23-b345-62b1e7b53571"], "originalyear": ["1999"], "discnumber": ["1/1"], "album": ["Virus"], "catalognumber": ["ENR004"], "contentgroup": ["Punk Rock"], "musicbrainz album type": ["album"], "musicbrainz album status": ["official"], "file_name": "12 - Askatuta.mp3", "originaldate": ["1999-03-14"], "albumartistsort": ["Tagada Jones"], "date": ["1999-03-14"], "genre": ["Hardcore Punk"], "musicbrainz album release country": ["FR"], "musicbrainz_releasegroupid": ["8778a106-c505-36c6-a6e6-7de190cccd26"], "musicbrainz_artistid": ["0ae2530c-6794-4e23-b345-62b1e7b53571"], "asin": ["B0006HIHXO"], "musicbrainz_albumid": ["f4fd8625-90c6-4b16-aac2-192d9683a12d"], "artist": ["Tagada Jones"], "artistsort": ["Tagada Jones"], "tracknumber": ["12/13"], "label": ["Enrag\u00e9 Production"], "isrc": ["FR05W9800036"], "acoustid_id": ["4d59926a-d731-4b32-8ec6-c28af88658cb"], "script": ["Latn"]}}, "rhythm": {"bpm_histogram_first_peak_bpm": {"dmean2": 0, "median": 161, "min": 161, "dvar2": 0, "dvar": 0, "dmean": 0, "max": 161, "var": 0, "mean": 161}, "bpm": 161.886535645, "bpm_histogram_second_peak_spread": {"dmean2": 0, "median": 0.255813926458, "min": 0.255813926458, "dvar2": 0, "dvar": 0, "dmean": 0, "max": 0.255813926458, "var": 0, "mean": 0.255813926458}, "bpm_histogram_first_peak_weight": {"dmean2": 0, "median": 0.550200819969, "min": 0.550200819969, "dvar2": 0, "dvar": 0, "dmean": 0, "max": 0.550200819969, "var": 0, "mean": 0.550200819969}, "onset_rate": 3.55868268013, "beats_position": [0.348299324512, 0.719818592072, 1.09133780003, 1.45124709606, 1.8111563921, 2.18267560005, 2.55419492722, 2.92571425438, 3.29723358154, 3.66875267029, 4.04027223587, 4.41179132462, 4.79492044449, 5.17804956436, 5.5727891922, 5.9675283432, 6.37387752533, 6.78022670746, 7.18657588959, 7.59292507172, 7.97605419159, 8.35918331146, 8.73070240021, 9.10222244263, 9.4853515625, 9.86848068237, 10.2399997711, 10.6115188599, 10.9830379486, 11.354557991, 11.7260770798, 12.0975961685, 12.4807252884, 12.8638544083, 13.235373497, 13.6068935394, 13.9900226593, 14.3731517792, 14.7678909302, 15.1394100189, 15.5109291077, 15.8824491501, 16.2655773163, 16.637096405, 17.0086174011, 17.3685264587, 17.7400455475, 18.1115646362, 18.483083725, 18.8546028137, 19.2261219025, 19.5976409912, 19.96916008, 20.3406791687, 20.7121982574, 21.0953292847, 21.4784584045, 21.8615875244, 22.2447166443, 22.616235733, 22.9877548218, 23.3708839417, 23.7540130615, 24.1487522125, 24.5434913635, 24.9382305145, 25.3329696655, 25.7393188477, 26.1456680298, 26.5404071808, 26.9235363007, 27.3066654205, 27.6781845093, 28.0497055054, 28.4212245941, 28.7811336517, 29.1526527405, 29.5241718292, 29.9073009491, 30.2788200378, 30.6503391266, 31.0218582153, 31.4049873352, 31.7881164551, 32.171245575, 32.5543746948, 32.9258956909, 33.2974128723, 33.6689338684, 34.0404510498, 34.4119720459, 34.783493042, 35.1550102234, 35.5265312195, 35.8980484009, 36.2811775208, 36.6759185791, 37.059047699, 37.4305648804, 37.790473938, 38.1619949341, 38.5219039917, 38.8818130493, 39.2417221069, 39.613243103, 39.9847602844, 40.3678894043, 40.7510185242, 41.134147644, 41.5172767639, 41.88879776, 42.2603149414, 42.6434440613, 43.0265769958, 43.3980941772, 43.7812232971, 44.164352417, 44.5358734131, 44.919002533, 45.3021316528, 45.6968688965, 46.1032180786, 46.5095672607, 46.9275283813, 47.322265625, 47.7053947449, 48.0885238647, 48.4716529846, 48.8547821045, 49.2379112244, 49.6210403442, 49.9925613403, 50.3756904602, 50.7588195801, 51.1303405762, 51.5018577576, 51.8733787537, 52.2448959351, 52.6164169312, 52.9879341125, 53.3594551086, 53.73097229, 54.1024932861, 54.4740142822, 54.8455314636, 55.2170524597, 55.5885696411, 55.9600906372, 56.3316078186, 56.7031288147, 57.0746459961, 57.4461669922, 57.8292961121, 58.2008171082, 58.5723342896, 58.9554634094, 59.3269844055, 59.6985015869, 60.070022583, 60.4415397644, 60.8246688843, 61.2077980042, 61.5793190002, 61.9508361816, 62.3223571777, 62.6938781738, 63.0770072937, 63.4485244751, 63.831653595, 64.2263946533, 64.6095199585, 64.9810409546, 65.3525619507, 65.7124710083, 66.0839920044, 66.4555053711, 66.8270263672, 67.1985473633, 67.5584564209, 67.9415893555, 68.3131027222, 68.6846237183, 69.0561447144, 69.4392700195, 69.8107910156, 70.1939239502, 70.5654373169, 70.936958313, 71.3084793091, 71.6916122437, 72.0631256104, 72.4462585449, 72.817779541, 73.2009048462, 73.5724258423, 73.9555511475, 74.3270721436, 74.7218093872, 75.1165542603, 75.5112915039, 75.917640686, 76.3239898682, 76.7419509888, 77.1366882324, 77.5082092285, 77.8913345337, 78.2744674683, 78.6459884644, 79.0175018311, 79.4006347656, 79.7837600708, 80.1552810669, 80.526802063, 80.8983230591, 81.2698364258, 81.6529693604, 82.0360946655, 82.4076156616, 82.7791366577, 83.1738739014, 83.5453948975, 83.9169158936, 84.2884368896, 84.6599502563, 85.0314712524, 85.4029922485, 85.7745132446, 86.1576385498, 86.5291595459, 86.9122848511, 87.2838058472, 87.6553268433, 88.0500640869, 88.4099731445, 88.7698822021, 89.1414031982, 89.5129241943, 89.8960494995, 90.2675704956, 90.6507034302, 91.0222167969, 91.393737793, 91.7768707275, 92.1599960327, 92.5315170288, 92.9146499634, 93.2861633301, 93.6576843262, 94.0408172607, 94.4355545044, 94.830291748, 95.2250289917, 95.6197738647, 96.0145111084, 96.4092483521, 96.8039855957, 97.1871185303, 97.5702438354, 97.9417648315, 98.3248977661, 98.7080230713, 99.0911560059, 99.474281311, 99.8574142456, 100.240539551, 100.612060547, 100.983581543, 101.355102539, 101.726615906, 102.098136902, 102.469657898, 102.841178894, 103.21269989, 103.572608948, 103.944122314, 104.315643311, 104.698776245, 105.070289612, 105.441810608, 105.813331604, 106.1848526, 106.556373596, 106.927886963, 107.299407959, 107.682540894, 108.065666199, 108.437187195, 108.808708191, 109.191833496, 109.574966431, 109.958091736, 110.34122467, 110.724349976, 111.095870972, 111.467391968, 111.838912964, 112.222038269, 112.593559265, 112.965080261, 113.324989319, 113.696502686, 114.056411743, 114.416320801, 114.799453735, 115.170974731, 115.554100037, 115.937232971, 116.308753967, 116.680267334, 117.063400269, 117.446525574, 117.81804657, 118.189567566, 118.561088562, 118.944213867, 119.327346802, 119.698867798, 120.070381165, 120.441902161, 120.813423157, 121.184944153, 121.55645752, 121.927978516, 122.299499512, 122.671020508, 123.042533875, 123.414054871, 123.785575867, 124.157096863, 124.540222168, 124.923355103, 125.294876099, 125.666389465, 126.037910461, 126.409431458, 126.792556763, 127.175689697, 127.547210693, 127.930335999, 128.313461304, 128.6849823, 129.056503296, 129.428024292, 129.811157227, 130.194290161, 130.565795898, 130.937316895, 131.297225952, 131.668746948, 132.028656006, 132.400177002, 132.771697998, 133.143218994, 133.51473999, 133.886260986, 134.269378662, 134.652511597, 135.035644531, 135.418777466, 135.790298462, 136.161804199, 136.544937134, 136.928070068, 137.299591064, 137.671112061, 138.042633057, 138.425750732, 138.797271729, 139.180404663, 139.551925659, 139.923446655, 140.294967651, 140.666488647, 141.037994385, 141.409515381, 141.792648315, 142.17578125, 142.547302246, 142.918823242, 143.290344238, 143.661849976, 144.033370972, 144.404891968, 144.776412964, 145.14793396, 145.519454956, 145.890975952, 146.262496948, 146.634017944, 147.01713562, 147.400268555, 147.771789551, 148.143310547, 148.526443481, 148.909561157, 149.292694092, 149.675827026, 150.047348022, 150.418869019, 150.790390015, 151.161895752, 151.533416748, 151.904937744, 152.27645874, 152.659591675, 153.042724609, 153.414230347, 153.797363281, 154.168884277, 154.552017212, 154.923538208, 155.295059204, 155.6665802, 156.038085938, 156.409606934, 156.792739868, 157.175872803, 157.559005737, 157.930511475, 158.290420532, 158.673553467, 159.056686401, 159.428207397, 159.799728394, 160.194458008, 160.554367065, 160.914276123, 161.285797119, 161.657318115, 162.04045105, 162.423583984, 162.79510498, 163.166610718, 163.538131714, 163.90965271, 164.281173706, 164.652694702, 165.024215698, 165.395736694, 165.76725769, 166.150375366, 166.533508301, 166.905029297, 167.276550293, 167.659683228, 168.031204224, 168.414321899, 168.785842896, 169.157363892, 169.528884888, 169.912017822, 170.283538818, 170.666656494, 171.03817749, 171.409698486, 171.781219482, 172.152740479, 172.524261475, 172.895782471, 173.278915405, 173.662033081, 174.033554077, 174.416687012, 174.776596069, 175.148117065, 175.53125, 175.914367676, 176.285888672, 176.657409668, 177.028930664, 177.40045166, 177.771972656, 178.143493652, 178.515014648, 178.886520386, 179.26965332, 179.652786255, 180.024307251, 180.395828247, 180.778961182, 181.162078857, 181.55682373, 181.951568604, 182.369522095, 182.775863647, 183.158996582, 183.542129517, 183.925262451, 184.319992065, 184.714736938, 185.109481812, 185.504211426, 185.945388794, 186.386566162, 186.827758789, 187.268936157, 187.710113525, 188.151290894, 188.592468262], "beats_loudness": {"dmean2": 0.0174133591354, "median": 0.027617091313, "min": 5.26330645734e-10, "dvar2": 0.000251895253314, "dvar": 8.3598519268e-05, "dmean": 0.00990642048419, "max": 0.0744229927659, "var": 0.000126422950416, "mean": 0.0285924877971}, "danceability": 1.06024169922, "bpm_histogram_second_peak_weight": {"dmean2": 0, "median": 0.0642570257187, "min": 0.0642570257187, "dvar2": 0, "dvar": 0, "dmean": 0, "max": 0.0642570257187, "var": 0, "mean": 0.0642570257187}, "beats_count": 499, "bpm_histogram_second_peak_bpm": {"dmean2": 0, "median": 152, "min": 152, "dvar2": 0, "dvar": 0, "dmean": 0, "max": 152, "var": 0, "mean": 152}, "bpm_histogram_first_peak_spread": {"dmean2": 0, "median": 0.352245807648, "min": 0.352245807648, "dvar2": 0, "dvar": 0, "dmean": 0, "max": 0.352245807648, "var": 0, "mean": 0.352245807648}, "beats_loudness_band_ratio": {"dmean2": [0.320044279099, 0.139990121126, 0.116976462305, 0.0720566660166, 0.171753108501, 0.0946698635817], "median": [0.460123538971, 0.0870548039675, 0.0556603185833, 0.0393694862723, 0.205261915922, 0.0848987624049], "min": [0.0345387384295, 3.91491557821e-05, 0.000168952639797, 0.000461684569018, 0.000798251014203, 0.00527786649764], "dvar2": [0.0658879652619, 0.0145524796098, 0.0190613362938, 0.00983930565417, 0.0183790139854, 0.00966938026249], "dvar": [0.0221077967435, 0.00509567465633, 0.00673642149195, 0.00356932263821, 0.0063453540206, 0.00328858173452], "dmean": [0.184702634811, 0.0783815607429, 0.0658032670617, 0.0397881381214, 0.0987341180444, 0.0542748235166], "max": [0.975947797298, 0.480673015118, 0.521395385265, 0.609623074532, 0.585822105408, 0.402140825987], "var": [0.047057069838, 0.00659983512014, 0.00755570968613, 0.00319379218854, 0.0140178604051, 0.0037376198452], "mean": [0.485751748085, 0.107071235776, 0.0832214951515, 0.0542003586888, 0.21458466351, 0.0963873937726]}}, "lowlevel": {"barkbands_spread": {"dmean2": 13.756269455, "median": 41.3565673828, "min": 1.24618685246, "dvar2": 165.854568481, "dvar": 62.792930603, "dmean": 8.31849384308, "max": 124.746040344, "var": 164.409606934, "mean": 39.9342575073}, "melbands_spread": {"dmean2": 25.0848999023, "median": 41.6042823792, "min": 0.922442615032, "dvar2": 467.98526001, "dvar": 179.422470093, "dmean": 15.291226387, "max": 169.573822021, "var": 494.664978027, "mean": 43.2033424377}, "hfc": {"dmean2": 11.1254549026, "median": 28.1752243042, "min": 1.14155622918e-16, "dvar2": 126.932052612, "dvar": 52.9183387756, "dmean": 7.12119531631, "max": 91.6634063721, "var": 196.273162842, "mean": 29.0434322357}, "barkbands_kurtosis": {"dmean2": 3.13987898827, "median": -0.987106740475, "min": -1.86315882206, "dvar2": 43.5011863708, "dvar": 16.2036800385, "dmean": 1.83395981789, "max": 124.753334045, "var": 27.9705638885, "mean": 0.580327987671}, "gfcc": {"mean": [0.487686932087, 82.1094818115, -136.451828003, 69.961265564, -40.2325325012, 16.3692245483, -42.4766349792, 20.5727348328, -15.814661026, 4.88996124268, -15.4866132736, -2.15873932838, -7.6283416748], "icov": [[0.000765267468523, -0.0023608035408, 0.00196584151126, -0.00248257396743, 0.0013541955268, -0.00277460529469, 0.00287594133988, -0.00286001083441, 0.00166840944439, -0.00180774671026, 0.00219610752538, -0.00223518419079, 0.00138684629928], [-0.0023608035408, 0.00992353539914, -0.00431345636025, 0.00577536923811, -0.00376116810367, 0.0100053129718, -0.00975044537336, 0.00867121946067, -0.00488456524909, 0.00656339991838, -0.00786184147, 0.00790144968778, -0.00428403308615], [0.00196584151126, -0.00431345636025, 0.00913420505822, -0.00593021977693, 0.00270908954553, -0.00820404384285, 0.00639790203422, -0.00716776028275, 0.00481573399156, -0.0053156320937, 0.00539493374527, -0.00512919435278, 0.00278947735205], [-0.00248257396743, 0.00577536923811, -0.00593021977693, 0.0163820162416, -0.00730233453214, 0.00600982131436, -0.00700160767883, 0.0112814074382, -0.00879933871329, 0.00573691027239, -0.00438090367243, 0.00728908646852, -0.00456922827289], [0.0013541955268, -0.00376116810367, 0.00270908954553, -0.00730233453214, 0.0107396952808, -0.00331431091763, 0.000918089121114, -0.00487520731986, 0.00591601524502, -0.00676230620593, 0.00301456172019, -0.000217918626731, -0.00262481649406], [-0.00277460529469, 0.0100053129718, -0.00820404384285, 0.00600982131436, -0.00331431091763, 0.022781226784, -0.0139914853498, 0.00649550091475, -0.00246134377085, 0.00956251379102, -0.0112276542932, 0.00701045570895, -0.00254931277595], [0.00287594133988, -0.00975044537336, 0.00639790203422, -0.00700160767883, 0.000918089121114, -0.0139914853498, 0.0224687308073, -0.012398111634, 0.000726312398911, -0.0015165937366, 0.00723801227286, -0.00971524789929, 0.0063732531853], [-0.00286001083441, 0.00867121946067, -0.00716776028275, 0.0112814074382, -0.00487520731986, 0.00649550091475, -0.012398111634, 0.0271917115897, -0.0101004960015, -0.0014956491068, -0.00152809324209, 0.00502645317465, -0.00531459646299], [0.00166840944439, -0.00488456524909, 0.00481573399156, -0.00879933871329, 0.00591601524502, -0.00246134377085, 0.000726312398911, -0.0101004960015, 0.0244077201933, -0.00833003316075, -0.00426945509389, 0.00392747251317, 0.00151062652003], [-0.00180774671026, 0.00656339991838, -0.0053156320937, 0.00573691027239, -0.00676230620593, 0.00956251379102, -0.0015165937366, -0.0014956491068, -0.00833003316075, 0.0268813911825, -0.00900875031948, -0.00306692393497, 0.00528705865145], [0.00219610752538, -0.00786184147, 0.00539493374527, -0.00438090367243, 0.00301456172019, -0.0112276542932, 0.00723801227286, -0.00152809324209, -0.00426945509389, -0.00900875031948, 0.0285433866084, -0.00982527993619, -0.00123897497542], [-0.00223518419079, 0.00790144968778, -0.00512919435278, 0.00728908646852, -0.000217918626731, 0.00701045570895, -0.00971524789929, 0.00502645317465, 0.00392747251317, -0.00306692393497, -0.00982527993619, 0.036863528192, -0.0144390901551], [0.00138684629928, -0.00428403308615, 0.00278947735205, -0.00456922827289, -0.00262481649406, -0.00254931277595, 0.0063732531853, -0.00531459646299, 0.00151062652003, 0.00528705865145, -0.00123897497542, -0.0144390901551, 0.0301061477512]], "cov": [[32576.0410156, 3878.89868164, -2973.29956055, 1382.93664551, -830.677307129, -238.439239502, -1001.08001709, 155.779067993, -116.225318909, 77.889289856, -422.230895996, -19.0952339172, -350.858703613], [3878.89868164, 1047.08093262, -521.900939941, 260.678314209, -9.04296302795, -134.341659546, -7.42204999924, -105.417098999, 72.414276123, -93.3339538574, 25.9667949677, -82.8210296631, 3.13702940941], [-2973.29956055, -521.900939941, 543.039306641, -133.775894165, 62.7258987427, 100.671897888, 62.7306556702, 54.464050293, -32.746383667, 42.539352417, 4.03710794449, 37.869556427, 14.9114999771], [1382.93664551, 260.678314209, -133.775894165, 221.172561646, 47.1551399231, -15.4952516556, -7.36986160278, -38.9523620605, 31.2855510712, -24.3892002106, -0.327355742455, -31.4868068695, 4.43271160126], [-830.677307129, -9.04296302795, 62.7258987427, 47.1551399231, 202.148635864, 2.17066216469, 67.2829742432, -7.17178726196, 10.0865030289, 3.4874522686, 18.9554576874, -11.6809167862, 34.6816215515], [-238.439239502, -134.341659546, 100.671897888, -15.4952516556, 2.17066216469, 126.796714783, 41.673122406, 31.1378898621, -14.1940603256, -1.42319214344, 2.96366643906, 14.6168680191, -4.11684083939], [-1001.08001709, -7.42204999924, 62.7306556702, -7.36986160278, 67.2829742432, 41.673122406, 157.752258301, 8.81585216522, 35.9164848328, -23.7122135162, 27.2755069733, -8.74090194702, 14.9764404297], [155.779067993, -105.417098999, 54.464050293, -38.9523620605, -7.17178726196, 31.1378898621, 8.81585216522, 109.337356567, 4.38824748993, 49.7512664795, -16.8722419739, 23.1544246674, -12.2350063324], [-116.225318909, 72.414276123, -32.746383667, 31.2855510712, 10.0865030289, -14.1940603256, 35.9164848328, 4.38824748993, 89.5085144043, 7.1736702919, 32.7811546326, -21.2166900635, 1.71190166473], [77.889289856, -93.3339538574, 42.539352417, -24.3892002106, 3.4874522686, -1.42319214344, -23.7122135162, 49.7512664795, 7.1736702919, 90.0274276733, 1.29884684086, 23.843120575, -15.2077188492], [-422.230895996, 25.9667949677, 4.03710794449, -0.327355742455, 18.9554576874, 2.96366643906, 27.2755069733, -16.8722419739, 32.7811546326, 1.29884684086, 71.6308059692, 1.03677308559, 17.444726944], [-19.0952339172, -82.8210296631, 37.869556427, -31.4868068695, -11.6809167862, 14.6168680191, -8.74090194702, 23.1544246674, -21.2166900635, 23.843120575, 1.03677308559, 55.5504112244, 10.5263214111], [-350.858703613, 3.13702940941, 14.9114999771, 4.43271160126, 34.6816215515, -4.11684083939, 14.9764404297, -12.2350063324, 1.71190166473, -15.2077188492, 17.444726944, 10.5263214111, 54.8118019104]]}, "spectral_energyband_middle_low": {"dmean2": 0.00506199616939, "median": 0.00510201090947, "min": 2.54777157004e-22, "dvar2": 4.15009526478e-05, "dvar": 1.58904003911e-05, "dmean": 0.00311457877979, "max": 0.0573009997606, "var": 2.48793530773e-05, "mean": 0.00636315625161}, "melbands_crest": {"dmean2": 6.88520431519, "median": 14.5035305023, "min": 1.7487642765, "dvar2": 30.1957607269, "dvar": 11.6001310349, "dmean": 4.20080375671, "max": 39.258392334, "var": 37.634311676, "mean": 15.3346185684}, "spectral_kurtosis": {"dmean2": 2.30839323997, "median": 3.99628782272, "min": -1.25476384163, "dvar2": 4.88349103928, "dvar": 1.63165521622, "dmean": 1.33850336075, "max": 21.3349952698, "var": 3.1611187458, "mean": 4.11553764343}, "spectral_rms": {"dmean2": 0.00170990289189, "median": 0.00513366982341, "min": 3.15495069306e-12, "dvar2": 2.81831262328e-06, "dvar": 1.04962714431e-06, "dmean": 0.00102545984555, "max": 0.0106373801827, "var": 2.36051869251e-06, "mean": 0.00515319593251}, "zerocrossingrate": {"dmean2": 0.0146176163107, "median": 0.0751953125, "min": 0, "dvar2": 0.00019972519658, "dvar": 0.00015066760534, "dmean": 0.0115364240482, "max": 0.505859375, "var": 0.00125562772155, "mean": 0.0762834995985}, "silence_rate_60dB": {"dmean2": 0.00294731673785, "median": 0, "min": 0, "dvar2": 0.0031841925811, "dvar": 0.00147137162276, "dmean": 0.00147347745951, "max": 1, "var": 0.0364972017705, "mean": 0.0379373840988}, "erbbands_kurtosis": {"dmean2": 2.10951542854, "median": 1.49825644493, "min": -1.90344142914, "dvar2": 4.01662302017, "dvar": 1.5630133152, "dmean": 1.33079874516, "max": 16.5050868988, "var": 5.16435670853, "mean": 1.89601278305}, "erbbands": {"dmean2": [0.402712136507, 3.90319395065, 6.02814531326, 3.70479273796, 7.63334321976, 10.9533157349, 7.04561948776, 4.72514486313, 11.4197044373, 27.5120296478, 17.6552352905, 11.2523193359, 10.8785619736, 11.383605957, 12.9284973145, 11.6063785553, 16.9060077667, 25.425737381, 32.6852264404, 41.7640800476, 86.4549102783, 68.5633239746, 46.091758728, 47.8118171692, 30.1672172546, 15.2642288208, 9.13334083557, 11.4299850464, 5.95986938477, 4.35389375687, 3.81975460052, 2.16557598114, 1.20753133297, 0.674577116966, 0.362545758486, 0.146922945976, 0.0203561726958, 0.000425007223384, 2.41215420829e-05, 2.34385679505e-05], "median": [0.158288687468, 1.55160570145, 2.29214525223, 2.1794564724, 3.51238965988, 5.65408420563, 3.99719524384, 2.88464450836, 3.7384095192, 8.25779056549, 6.56337356567, 6.64814662933, 5.41611146927, 3.87224674225, 4.35284614563, 7.54136419296, 10.2255935669, 20.7713680267, 30.1494789124, 37.8694419861, 90.5752182007, 85.9453430176, 55.9966430664, 54.2025718689, 36.8515396118, 18.7193870544, 9.88652324677, 10.995007515, 6.01363563538, 2.99972081184, 1.97034311295, 1.23202180862, 0.722406148911, 0.405757665634, 0.193873390555, 0.0687215551734, 0.008634544909, 0.00019875713042, 2.94786259474e-05, 3.70778652723e-05], "min": [4.19006360194e-22, 8.46267461875e-22, 1.86412905857e-21, 8.85374707351e-21, 2.1097007263e-20, 8.94647014277e-20, 1.69304613591e-19, 9.56463707793e-20, 2.24083770778e-19, 5.5938171642e-19, 9.31590864987e-19, 8.11980083123e-19, 1.51017361477e-18, 1.42164150779e-18, 1.1918389463e-18, 2.6688217322e-18, 4.34220149395e-18, 3.3589749132e-18, 6.43888514391e-18, 5.15638709908e-18, 5.64067032845e-18, 8.90098616922e-18, 8.515731762e-18, 1.04231449073e-17, 1.21684571223e-17, 1.29956708221e-17, 1.53300092523e-17, 1.41070822736e-17, 1.48340995858e-17, 1.59918182624e-17, 1.41078416254e-17, 1.28608329376e-17, 1.23122922503e-17, 8.99641055186e-18, 5.35904345402e-18, 4.60501579971e-18, 2.47766277418e-18, 1.11166725716e-18, 2.84917734952e-19, 3.47731963051e-20], "dvar2": [0.289143592119, 24.8762722015, 62.0311279297, 20.4268398285, 119.218391418, 224.374298096, 197.432388306, 74.3526992798, 813.793640137, 4864.03857422, 2630.57373047, 518.512268066, 975.044128418, 977.381958008, 1754.95031738, 460.643585205, 1764.88684082, 1383.53283691, 2058.44775391, 4012.34985352, 12690.0888672, 5204.40283203, 3002.37255859, 3148.69921875, 1279.91503906, 334.15447998, 179.734390259, 287.162261963, 81.988861084, 65.1300735474, 52.6377677917, 21.3632659912, 7.37887191772, 2.9517993927, 0.814910829067, 0.0754860267043, 0.00114106421825, 4.96127427141e-07, 1.24776866617e-09, 6.56037224545e-10], "dvar": [0.106913134456, 9.18061351776, 22.5032806396, 7.71651697159, 44.5591621399, 86.5646133423, 79.5625991821, 29.0281620026, 315.441345215, 1881.12072754, 976.710632324, 209.534957886, 401.842224121, 435.923187256, 758.754455566, 207.313613892, 719.640930176, 547.960510254, 815.740905762, 1660.34533691, 4802.95751953, 1942.89562988, 1166.24243164, 1222.85241699, 504.583129883, 128.020141602, 66.5514907837, 103.699020386, 31.2153511047, 25.2265949249, 20.8874664307, 8.93610572815, 3.10412240028, 1.22254741192, 0.33628615737, 0.0319809503853, 0.000476699438877, 2.09343355095e-07, 5.21666987385e-10, 2.47018849819e-10], "dmean": [0.234926342964, 2.24836397171, 3.44601416588, 2.18932843208, 4.54317474365, 6.64321804047, 4.31463813782, 2.901222229, 6.80011129379, 16.4445724487, 10.4476451874, 6.85816717148, 6.65795707703, 7.00512170792, 8.07778358459, 7.13726663589, 10.2968702316, 15.5104761124, 19.7813796997, 25.8239383698, 52.3660163879, 41.8404998779, 28.3420524597, 28.9995269775, 18.2265892029, 9.23864936829, 5.4942984581, 6.69463300705, 3.61647987366, 2.65356898308, 2.28136873245, 1.33546817303, 0.761524617672, 0.44035923481, 0.236005797982, 0.0952239334583, 0.0128688430414, 0.0002708460961, 1.56305522978e-05, 1.39561716423e-05], "max": [2.37243580818, 23.161491394, 58.512172699, 38.0067176819, 128.182540894, 162.677139282, 265.914245605, 149.529510498, 480.951873779, 660.049621582, 1034.99597168, 513.987731934, 559.351745605, 542.582641602, 824.165344238, 668.268066406, 686.849060059, 407.41015625, 634.822937012, 745.551635742, 1620.8704834, 690.329406738, 609.963928223, 639.998046875, 358.815887451, 216.556228638, 182.473739624, 122.929344177, 99.0938034058, 75.0031280518, 89.0968856812, 75.5428390503, 38.7759056091, 30.751707077, 18.4843921661, 4.43111562729, 0.384797155857, 0.00798967666924, 0.000466903555207, 0.000135487483931], "var": [0.109636574984, 8.76476669312, 22.7691001892, 11.4038190842, 58.3534049988, 131.045181274, 111.759536743, 35.4484214783, 312.695587158, 1808.05664063, 774.929626465, 249.836975098, 703.825805664, 638.285095215, 1119.94909668, 337.208221436, 791.980285645, 817.02520752, 1146.38110352, 3162.05737305, 9681.70214844, 4531.80908203, 2672.91503906, 2610.56567383, 936.287536621, 248.127914429, 76.9387664795, 104.027511597, 35.610786438, 28.9437332153, 25.0617008209, 12.9720964432, 4.81808805466, 1.96752774715, 0.545504033566, 0.0574303232133, 0.000839324435219, 3.84598394021e-07, 1.02659591938e-09, 3.45537737312e-10], "mean": [0.272285908461, 2.52406024933, 3.91859388351, 3.17381024361, 6.01694869995, 9.3068780899, 6.53274965286, 4.56939458847, 8.37401580811, 19.5609397888, 12.7764377594, 10.4083395004, 10.271235466, 9.60637664795, 10.7596817017, 11.7225198746, 16.0941238403, 28.1057949066, 37.435043335, 53.0803031921, 113.329772949, 97.9821243286, 66.8999557495, 65.4494857788, 42.5262107849, 22.0971641541, 11.612818718, 12.7826414108, 7.25528478622, 4.58608436584, 3.48651647568, 2.18649888039, 1.23911583424, 0.743807256222, 0.400209307671, 0.154229313135, 0.019668571651, 0.000432361062849, 3.84710801882e-05, 3.92676920455e-05]}, "spectral_strongpeak": {"dmean2": 0.742835938931, "median": 0.265678316355, "min": 0, "dvar2": 2.69159960747, "dvar": 0.975393533707, "dmean": 0.410399109125, "max": 11.8060588837, "var": 0.792047917843, "mean": 0.471455305815}, "spectral_energy": {"dmean2": 0.0205454938114, "median": 0.0270134285092, "min": 1.02025563429e-20, "dvar2": 0.000517958193086, "dvar": 0.00019214230997, "dmean": 0.0121082374826, "max": 0.115982696414, "var": 0.000238226915826, "mean": 0.0296389665455}, "average_loudness": 0.971403360367, "spectral_rolloff": {"dmean2": 1151.9284668, "median": 2497.8515625, "min": 21.533203125, "dvar2": 1851030, "dvar": 768452.0625, "dmean": 672.766784668, "max": 19207.6171875, "var": 1962259.75, "mean": 2338.21240234}, "spectral_centroid": {"dmean2": 414.193878174, "median": 2336.29394531, "min": 412.880950928, "dvar2": 169419.296875, "dvar": 69912.9375, "dmean": 257.970001221, "max": 10962.4541016, "var": 336578.8125, "mean": 2318.89208984}, "pitch_salience": {"dmean2": 0.171504452825, "median": 0.573379874229, "min": 0.0519737415016, "dvar2": 0.0227732956409, "dvar": 0.00869431439787, "dmean": 0.103166989982, "max": 0.917278707027, "var": 0.0215113125741, "mean": 0.54168009758}, "spectral_energyband_middle_high": {"dmean2": 0.00356894917786, "median": 0.0079852566123, "min": 1.46256296149e-21, "dvar2": 1.2680799955e-05, "dvar": 5.32590456714e-06, "dmean": 0.00228961370885, "max": 0.0361655764282, "var": 2.30813384405e-05, "mean": 0.00858957692981}, "spectral_contrast_coeffs": {"dmean2": [0.0898855850101, 0.0801220610738, 0.061103105545, 0.0516427718103, 0.0358951091766, 0.0304412376136], "median": [-0.697213470936, -0.784168124199, -0.821807980537, -0.784650146961, -0.77161616087, -0.728439629078], "min": [-0.974146664143, -0.976555883884, -0.977041661739, -0.968308925629, -0.96274971962, -0.959416389465], "dvar2": [0.0049202577211, 0.00448301294819, 0.00230266083963, 0.0016071140999, 0.000799794099294, 0.000655865063891], "dvar": [0.0017793168081, 0.00164384162053, 0.00083432282554, 0.000566916947719, 0.000291654811008, 0.000270377786364], "dmean": [0.0536492615938, 0.0482381209731, 0.0365460887551, 0.0307610500604, 0.0215462595224, 0.0190375037491], "max": [-0.418536752462, -0.444914132357, -0.499668955803, -0.615178883076, -0.633541941643, -0.586338400841], "var": [0.00439727772027, 0.00419942243025, 0.00239276094362, 0.00198199413717, 0.00163446262013, 0.00206029997207], "mean": [-0.696618139744, -0.779915392399, -0.818499028683, -0.785748720169, -0.773334860802, -0.733064055443]}, "melbands_skewness": {"dmean2": 1.68208110332, "median": 2.10180306435, "min": -0.568764507771, "dvar2": 2.86477422714, "dvar": 1.10424125195, "dmean": 1.02786242962, "max": 16.9448127747, "var": 3.09763932228, "mean": 2.56697511673}, "spectral_spread": {"dmean2": 660481.375, "median": 3493745, "min": 1621827.125, "dvar2": 867860021248, "dvar": 410461634560, "dmean": 432810.9375, "max": 42567592, "var": 3432263712770.0, "mean": 3814205.75}, "dissonance": {"dmean2": 0.0100748930126, "median": 0.492447882891, "min": 0.356535196304, "dvar2": 0.000122571669635, "dvar": 4.35025394836e-05, "dmean": 0.00592506397516, "max": 0.500000178814, "var": 6.04945744271e-05, "mean": 0.490513861179}, "spectral_skewness": {"dmean2": 0.291930705309, "median": 1.22159552574, "min": -0.114515140653, "dvar2": 0.0674669370055, "dvar": 0.023558376357, "dmean": 0.173535734415, "max": 3.58381724358, "var": 0.070222504437, "mean": 1.21190357208}, "spectral_flux": {"dmean2": 0.0412771962583, "median": 0.0996866673231, "min": 6.59036297757e-11, "dvar2": 0.00163020496257, "dvar": 0.000722313765436, "dmean": 0.0257121864706, "max": 0.281381994486, "var": 0.00154221593402, "mean": 0.103980123997}, "spectral_contrast_valleys": {"dmean2": [0.666262328625, 0.626563251019, 0.561751425266, 0.39788761735, 0.310889214277, 0.449282646179], "median": [-6.62044477463, -6.67502737045, -7.22069168091, -6.84761285782, -6.42180252075, -9.68202114105], "min": [-28.201002121, -27.500377655, -27.2551040649, -27.4138183594, -27.3722801208, -27.3490428925], "dvar2": [0.296470880508, 0.277914792299, 0.237020462751, 0.120293341577, 0.101663768291, 0.272909790277], "dvar": [0.117613643408, 0.11326674372, 0.0964613705873, 0.0557824745774, 0.0501054562628, 0.129337966442], "dmean": [0.394972354174, 0.38240596652, 0.341798782349, 0.245529443026, 0.196726933122, 0.309144616127], "max": [-5.42346668243, -4.98762798309, -5.6827287674, -5.82526350021, -5.6653046608, -7.80394887924], "var": [5.01290416718, 3.67908287048, 3.2059340477, 3.40885329247, 3.24510884285, 2.37726712227], "mean": [-7.02758741379, -7.00455951691, -7.51978588104, -7.1969628334, -6.77684354782, -9.99606704712]}, "erbbands_flatness_db": {"dmean2": 0.0255140997469, "median": 0.15524058044, "min": 0.0399020574987, "dvar2": 0.000480232789414, "dvar": 0.000207674573176, "dmean": 0.0164272710681, "max": 0.302349865437, "var": 0.000801376707386, "mean": 0.156874030828}, "spectral_energyband_high": {"dmean2": 0.000704113801476, "median": 0.000836436520331, "min": 7.62761579749e-21, "dvar2": 1.13798193979e-06, "dvar": 4.39902436256e-07, "dmean": 0.000435618538177, "max": 0.00856341794133, "var": 5.80742607781e-07, "mean": 0.000990818836726}, "spectral_entropy": {"dmean2": 0.154669478536, "median": 7.8714222908, "min": 7.15090179443, "dvar2": 0.0221563447267, "dvar": 0.00948562473059, "dmean": 0.101090416312, "max": 9.81660938263, "var": 0.0592834465206, "mean": 7.88770484924}, "silence_rate_20dB": {"dmean2": 0, "median": 1, "min": 1, "dvar2": 0, "dvar": 0, "dmean": 0, "max": 1, "var": 0, "mean": 1}, "melbands_flatness_db": {"dmean2": 0.0573436282575, "median": 0.153743311763, "min": 0.00413620611653, "dvar2": 0.00262750918046, "dvar": 0.000991086708382, "dmean": 0.0353696793318, "max": 0.479743927717, "var": 0.00303924595937, "mean": 0.164516031742}, "barkbands": {"dmean2": [0.000315427663736, 0.0160929039121, 0.00432613957673, 0.00142307858914, 0.00281905638985, 0.000640274432953, 0.00120668963064, 0.00110685115214, 0.000487308047013, 0.000354502059054, 0.000381876772735, 0.000275695812888, 0.000406609091442, 0.000595609890297, 0.000684708938934, 0.00143113080412, 0.00134585448541, 0.00083542149514, 0.000841156870592, 0.000336753873853, 0.000256284547504, 0.000160525771207, 0.000131263732328, 8.05946183391e-05, 5.35208673682e-05, 1.93833275262e-05, 2.15212203614e-09], "median": [0.000103088794276, 0.00672920467332, 0.00148839585017, 0.000620786217041, 0.00160790304653, 0.000363805185771, 0.000345134991221, 0.000342106504831, 0.000290830765152, 0.00012709137809, 8.80884035723e-05, 0.000163912292919, 0.000209664722206, 0.00047585379798, 0.000525777111761, 0.00139646418393, 0.00148698640987, 0.000903685344383, 0.000973520916887, 0.000398284988478, 0.000256042170804, 0.000152410109877, 7.0276480983e-05, 4.96421271237e-05, 3.11372168653e-05, 8.53369056131e-06, 4.18213130793e-10], "min": [2.99750459576e-24, 7.44052816944e-24, 2.31021643462e-24, 3.13046946792e-24, 2.79244675099e-23, 9.30152362006e-24, 1.72902880305e-23, 2.47851371619e-23, 3.06033223926e-23, 5.52023972437e-23, 1.03147034346e-23, 5.0772630872e-23, 1.05347861608e-22, 9.60935954892e-23, 9.9913726998e-23, 1.16622066028e-22, 1.34939252164e-22, 1.96057544528e-22, 2.29238081809e-22, 2.41019195625e-22, 3.34938147723e-22, 4.45028571673e-22, 5.61757165477e-22, 6.93784814082e-22, 7.68346179795e-22, 1.27898127111e-21, 2.31275458354e-21], "dvar2": [2.55850068243e-07, 0.000428990344517, 3.33372081514e-05, 3.77288006348e-06, 1.4942856069e-05, 1.57875376772e-06, 9.37845561566e-06, 9.6358708106e-06, 8.6126539145e-07, 1.39726989801e-06, 1.64180676165e-06, 2.48644226986e-07, 1.03859758838e-06, 6.51189679957e-07, 1.174971203e-06, 3.10003224513e-06, 2.47942261922e-06, 1.01392686247e-06, 9.47899138737e-07, 1.55666171509e-07, 1.48513151998e-07, 6.24961131734e-08, 6.18202378178e-08, 3.10017611582e-08, 1.90693114632e-08, 1.12767561955e-09, 6.5406341