{"tonal": {"thpcp": [1, 0.828616559505, 0.550817012787, 0.383294254541, 0.411552786827, 0.466796845198, 0.43632465601, 0.46607530117, 0.428762644529, 0.28398707509, 0.24462980032, 0.246249899268, 0.213692843914, 0.345210373402, 0.49690580368, 0.343940645456, 0.211960703135, 0.277534395456, 0.341048955917, 0.4319883883, 0.438886463642, 0.344512313604, 0.405714720488, 0.47767585516, 0.419146806002, 0.423684418201, 0.448681294918, 0.434129804373, 0.402704924345, 0.353741705418, 0.347696691751, 0.348378092051, 0.374050974846, 0.485672771931, 0.740819692612, 0.971908688545], "hpcp": {"dmean2": [0.292356699705, 0.277227878571, 0.272906005383, 0.235146775842, 0.222900032997, 0.238602861762, 0.251896977425, 0.307705432177, 0.389040499926, 0.440536201, 0.439669162035, 0.40707463026, 0.3501316607, 0.264613687992, 0.246646165848, 0.261346340179, 0.253798425198, 0.250421047211, 0.209316268563, 0.170085072517, 0.169342845678, 0.156584501266, 0.14175504446, 0.210465297103, 0.314827650785, 0.203442841768, 0.141207531095, 0.177154555917, 0.232065856457, 0.268311917782, 0.249444961548, 0.231320157647, 0.258791357279, 0.315783858299, 0.313400566578, 0.298400998116], "median": [0.0178341679275, 0.0156393330544, 0.0127058234066, 0.0132157737389, 0.0141225745901, 0.0131127480417, 0.0146931065246, 0.0259455814958, 0.0748810693622, 0.151707291603, 0.120501160622, 0.0580378733575, 0.0335024818778, 0.0204795598984, 0.022463478148, 0.0234474353492, 0.0198317263275, 0.0134755969048, 0.0119501594454, 0.0093257278204, 0.0103984829038, 0.0105698537081, 0.00805732607841, 0.0128351766616, 0.0128475390375, 0.0112009812146, 0.00565879279748, 0.00662007555366, 0.00978834554553, 0.0186916254461, 0.0255939699709, 0.022873789072, 0.016261741519, 0.0155356619507, 0.0189678668976, 0.0170163176954], "min": [5.26942585566e-07, 8.75305318004e-07, 1.05935589545e-06, 8.46675334287e-07, 6.48463185371e-07, 0, 0, 0, 0, 0, 0, 0, 0, 0, 0, 0, 0, 0, 0, 0, 0, 0, 4.52799270079e-07, 4.31824418001e-07, 4.8880912118e-07, 6.79355025568e-07, 0, 0, 0, 0, 0, 0, 0, 0, 0, 0], "dvar2": [0.178989768028, 0.169976532459, 0.170941919088, 0.131443113089, 0.128306433558, 0.144569292665, 0.145946130157, 0.168531954288, 0.207783922553, 0.198044300079, 0.211353197694, 0.204129219055, 0.196333229542, 0.152907699347, 0.138784766197, 0.139525651932, 0.134181305766, 0.136463627219, 0.108562737703, 0.0865780040622, 0.103759542108, 0.0909352302551, 0.074002571404, 0.0887109041214, 0.203626349568, 0.0860009491444, 0.0756652206182, 0.0979387536645, 0.139386087656, 0.164454013109, 0.13609239459, 0.133481755853, 0.165929943323, 0.1976121068, 0.193550467491, 0.1838106215], "dvar": [0.0663586854935, 0.0668045952916, 0.0657710433006, 0.0490234494209, 0.0471146516502, 0.0520631186664, 0.0522622130811, 0.060376137495, 0.0763090625405, 0.0747112333775, 0.0847944766283, 0.082410953939, 0.0718268379569, 0.0548586472869, 0.0501819700003, 0.0521980710328, 0.0503918230534, 0.0510607138276, 0.0410826615989, 0.0312519595027, 0.0364278554916, 0.0328891761601, 0.0273274388164, 0.0333143621683, 0.0757599249482, 0.0327155888081, 0.0267508979887, 0.0362821295857, 0.0515783727169, 0.0601115077734, 0.051259752363, 0.048270445317, 0.0592161417007, 0.0731721743941, 0.0721502304077, 0.067149579525], "dmean": [0.161911442876, 0.157162889838, 0.15122063458, 0.130582109094, 0.1249165833, 0.130885019898, 0.138780608773, 0.168874904513, 0.215873524547, 0.249747306108, 0.246057033539, 0.226895391941, 0.19174143672, 0.14457000792, 0.137594237924, 0.148187324405, 0.143139719963, 0.140376910567, 0.119062885642, 0.0940201506019, 0.0932875648141, 0.0884964987636, 0.0788835957646, 0.114881925285, 0.170491352677, 0.112261213362, 0.0783789232373, 0.0991275683045, 0.127478063107, 0.148000299931, 0.139250144362, 0.125989332795, 0.141210407019, 0.170726433396, 0.169489786029, 0.16270904243], "max": [1, 1, 1, 1, 1, 1, 1, 1, 1, 1, 1, 1, 1, 1, 1, 1, 1, 1, 1, 1, 1, 1, 1, 1, 1, 1, 1, 1, 1, 1, 1, 1, 1, 1, 1, 1], "var": [0.05786216259, 0.0587781704962, 0.0559821277857, 0.0413266457617, 0.0402188487351, 0.0416876673698, 0.0420940518379, 0.0544004663825, 0.0845754146576, 0.103871785104, 0.120978184044, 0.109063126147, 0.0678979083896, 0.0425215922296, 0.0444266870618, 0.0540253072977, 0.0497931800783, 0.0565550290048, 0.0559699609876, 0.026338564232, 0.0275200083852, 0.0278967637569, 0.0220076646656, 0.0323168449104, 0.0748201534152, 0.0333020240068, 0.0216003991663, 0.0341347195208, 0.0442962013185, 0.0530922561884, 0.055229280144, 0.0368452854455, 0.0550192482769, 0.0673433542252, 0.055596716702, 0.05247560516], "mean": [0.130737602711, 0.1264975667, 0.117340922356, 0.10307393223, 0.10131251812, 0.101511068642, 0.108991682529, 0.141516253352, 0.215861439705, 0.283196598291, 0.291381895542, 0.241443872452, 0.160498097539, 0.111685007811, 0.119919031858, 0.136016145349, 0.127137109637, 0.135805904865, 0.124933674932, 0.0827486887574, 0.071280695498, 0.0717527642846, 0.0622662268579, 0.100588053465, 0.144789353013, 0.100218079984, 0.0617615133524, 0.0808684974909, 0.0993754938245, 0.125873595476, 0.127883568406, 0.100384652615, 0.118217922747, 0.139186099172, 0.122131787241, 0.123453967273]}, "tuning_equal_tempered_deviation": 0.147672519088, "chords_changes_rate": 0.0877284631133, "key_key": "C", "tuning_diatonic_strength": 0.547470629215, "key_scale": "major", "chords_number_rate": 0.00182767619845, "tuning_frequency": 434.193115234, "tuning_nontempered_energy_ratio": 0.795981168747, "chords_histogram": [0.469973891973, 0, 5.66579627991, 3.73368144035, 0, 0, 0, 0, 0, 0, 0, 0, 0, 0, 0, 5.11749362946, 25.3002605438, 39.138381958, 0, 0, 0, 0.0522193200886, 19.1644916534, 1.35770237446], "key_strength": 0.523870170116, "chords_key": "C", "chords_strength": {"dmean2": 0.0122947758064, "median": 0.484192430973, "min": 0.32284373045, "dvar2": 0.000105208127934, "dvar": 6.4962223405e-05, "dmean": 0.00994320958853, "max": 0.70184725523, "var": 0.00423553911969, "mean": 0.497441053391}, "chords_scale": "minor", "hpcp_entropy": {"dmean2": 1.21122312546, "median": 2.29293441772, "min": 0.0402936190367, "dvar2": 0.934562444687, "dvar": 0.34644266963, "dmean": 0.731521427631, "max": 4.61383628845, "var": 0.751301109791, "mean": 2.2966029644}}, "metadata": {"audio_properties": {"equal_loudness": 0, "codec": "mp3", "downmix": "mix", "sample_rate": 44100, "analysis_sample_rate": 44100, "bit_rate": 185954, "md5_encoded": "64eb2ab347161b7333793b185019bdc1", "length": 177.815505981, "replay_gain": -7.84528160095, "lossless": false}, "version": {"essentia_build_sha": "2d9f1f26377add8aeb1075a9c2973f962c4f09fd", "essentia": "2.1-beta2", "extractor": "music 1.0", "essentia_git_sha": "v2.1_beta2-1-ge3940c0"}, "tags": {"title": ["Knock Knock Joke 2 (instrumental)"], "language": ["eng"], "media": ["Vinyl"], "albumartist": ["Atmosphere"], "musicbrainz_recordingid": ["18bb93ec-d271-4542-98ba-d5302ad919f4"], "musicbrainz_albumartistid": ["ef954679-5ee7-4016-acef-7ac71f2fa3d8"], "discnumber": ["01/01"], "album": ["National Disgrace"], "catalognumber": ["RS0048"], "musicbrainz album release country": ["US"], "musicbrainz album type": ["Single"], "musicbrainz album status": ["Official"], "file_name": "06 Knock Knock Joke 2 (instrumental).mp3", "acoustid_fingerprint": ["AQADtIqULRmTKAq-4wj548cDKf1gR8qGdjn-DPrS487RS4PdoAtz9IXjG6Uc8ImOdrlxDifOLzD04z9K5jgzNJ_R57iko11y-KlmHK4Ofcc5pGdxvKikNB2uluCcIx2TBbp25MqOfzjis8SnQ_Qr4t-RJ2gnBX4WdDee48eP60d4Blq6IxuTF6eEfoGvYPpx5PhUQfcUNE-P0MeOmHqEXjs-GseHNGoOt0ffg1fCA43yoN2DnFmgHnl24ZJy4TtejngR84eWaAezmUR-PKj0BE15Eo-QS_px6LHQKSKaMKrw4w-mI70R-njwpPikBacgbifuFzr2HLWSR_hLPIf4I750uLrRhwevoDuah4g_SdCR8xKu5cGP2MdLyD2aSJcQOs3A_aCdGMyjw3qK-sHz40dOfGiqQ3N0_BN-IiyXCdaPinxwDbeEPD38JFvxA7_R5I-gS-HhTXCPnAkL_0OtB1fC4UzQ6AoR9h_Uz8itTMKZC98RL5DKHj8RynlSND2eHJeUJDkuRmD4FM0RUw-uBd_x4YdGCc2U5PiHvNnRroNDP0X44bhy3LKgx7AbPCOuof6hHid0_EY6wT8ePEcpTkYc6MsJx2HAJ8qh8_iO68jRTRearTFuHg_aZTmsaghtPIOOH09IdFNmZEnzB98uo3lwPDmQ85ieBrpG3IvQB00dYz--mcJzVMvwI8d_tKk4fCl68SAalcWXIT7049GRh7lwC_8yvIh5OK2K_4OsJfh6hImsg7FyXLiEI9eNJpRvaI6OH9OzGPl4-OixB3mK68dMcRC3GjueQR9RbymFCypPFTlzXB8eOQfjCCd6hMnOEHqFfMfDDzkPqD5eIp8u2LieC3zC4V2OkjkaPbjAKsfxH_kDscqRjcmHo2cHZ0d1LzhiHqon40OetGie6gh9fMvxo5VmHPF1_LhSvWDGHpd4dGhe5AuhmpmRI8-OSzl-_ITO4zlcH0-a47rwRRq6WDHC_Diz45J0IKOeQ7N4NGGEW8ZzRPoO80N4PHhxqQs0LjqaT7j8YH-h56j3CPqR5_gDP4ez9US3hLgSFtURhjf05Mip41GF6wqeI94h8UMs5oEnHU_H4ZSCtsqFH9QehNuh7_iODy9y5Wga9Me41UHX9PCMHrkOWZuCTznuG42PkHKP6MQzfJaIOjaCr8ef4zf6kEd9ItuhhWeRHZ_wP3iOPA_kgzMzIU8P1zGejPiiJNHROSucF-WPC3kuxEYeQz3a6AjTKC7448vRwz-qG_mhF6-OJhZllLJx6DuuoG9K4oeYHflhWQfjaKdwHWhyEWHHZCH0jMiVI8_y4cehM8U9IqY-2MVJZcMdXAGzMEOzB08e_LiQ39DOoGn04UK-4RnRcLXQXUbMXrhm43jKQHuOpg705Xh4_DjRn5CnD_mU43vx7UQWR0dviD_aZUJwUQlyBjoy53jYgnMO98fTHJd0fE2CLj3SB9UDPcElHST-4CLCNDrCH_8V5OFRMeERpjx-qE9wLR4aJ2kW1MczWM1y6N_x_Sh0HV-R44ePV0VfD0904ltyZNpz6Au-5fhV_LgYQv_RNEe46Bv45MLXfajEoDmDfAH_4zkOnUHT6MjSHJWZq3A-7MePH6GhT8XjReiPSLkq_MiPXrvQLqRwH-GPMwff49kplJ3Qw8qDanuQMwt0CXl24VKOIx6JC08_iM3x48epItzR4EwCHneQH48TDqKY4NRxDuGJ7RMuo-6R4y32K9DyFLUP6EbFC9yUD_qI50hX3XAozkOfM_jQhUdzhfiWSULOQKcsIV-Of7iPI_cJTdQRpmki_Dpa53gGSi9qH__wHDmeQqNED80UIf9wtBwL6_Ew6Uf042LxldDeofHx4zranzjVoyp-hO3h63Coh_hC1ErALC-aE_F4fNAvIc9yBc-Bu0UepjIq6dBi5BTuFozUDM0ffMKHT8eP_NCcoOlaGTfiLUPfGy519Ee840uGeZOhpUpRfvihXGieQWxSXEd8nDksHa5RZ-wR-9BeDWH44D0eMToqHv-RjDry5MFpcA4c3sSZxMWlJAm-7AhJBkwOXceX48efEKeE0NERZhJ-IeK4o7tyNEMOPTgzIc9R-Rsa19h95Md5oRZz4kH6489hnZ_ANBuJJ6hOhDmhLwtyhsHF4WQu5Ies3IjF4g_8S8XVXLiUyLia5MI7hHmK_lAZXLrwCHyKnBKaRjlK6fjV4ObR_mh-5NBH42Ti4IkbhEkv1EeeCvqOejOeQ38R_7iaZwLz46Lw3Aih5RnyrsFTPOFwXsh3yIqvIScT4s4H1xmejDouKZGMa4o6NGOI6seP57ik40fG91AlHW505Dy-HNUO30ORC7so6DFxH057_Nh3_NCazYSeHzm-5viP2hkpPDGqI9MNrSuRlcE3BX8uXMFz5L8gTbTEIXweNP1xJflxJ4nQiVEO7ymqHxfyHBePQ9161DuypAmOL0f1o7nxIz9kZqrwUMMkf2jcYL-gL8c39DmhH3ms4H_xE7UTPDlCHSKfISRpPA8eHSc9xP2gKjnyH6Qfw8fVFmcSH9eSXHi4IHwKJjX0B48IdYee4hLRNDpK6oj4pEGXcD589MeFfIScSclx60P_IUydYn4OpRQBTDHgGFHAICEEIsIQIAigRhAjlGCAUUARAEg4JAgBghjGgBAAAeIAQQgxLAQgwjhKoBHoMAYYAwwI5IExQAAjiHBGEAEYEUIg4hwQSggBIHMWEKKUdMQgwBECyhhGDBAKKAAQkEYYg5ghTghEHIEICeMsNIoJKIghBiIBEDTMAIAsIQgRAgAAAgmCgEAEKAmEEIgBwYB1CjggAAATAMSEYKARBYiRSAkCACHGAMIEAtAgDxEFACDlQDAKKAggQMpQIAZAQhjjiFSGCAqAUAgABoBRBAABAGOCCGsAcgQIphUgxhkBiBHKAQQMMQQIAgAyyhGExQEGEIs4YcIYhRCwCDCHIIBGCIEMIuIgJAwDAAjhACIMGQsAAhIQwCggABnDFGIEKYGUMJAgKQQCSAskBIDEIAcNMQoIR4QETjBgjRWGYSGIAQIBYxwwAhjkgBBOGAuIQIhAooQCAAmDjAIIE-SEskIYhwhhSyCAmHLGCCQEcsAAxAASBhgoEENMACII0gwQYxkwgjDEEACQEAEFEkwAAo2BwiigEEGAIEwAMgApgQUBigBhtEGOKQUEIIAoYqBhCAACBBGEAMQMA8gIAhABBgDAgLAUKQYAF0BChZxgCBgOgEBOCQOAQUYIIrAhCBAOEEAACAMAABIYYCiBkGimAABcIeIkAQAhAhRBBjFgLCACCECcMQoZZqkSqAghnIFEMYUIEIAgZIRBxChimTDCKACYMYgIIpRxFAAhAECQQeYMQIoYBAVWgBAIoFJCAcCAIAYhIIUD1ABioQDACSGYEUIxYQhBwgBBAEASCQUBQE44AgQiQAiClAEMMCEwMMIBQIQRgikglVKWIEEEYQAhggSFSAgnBDAKAGEMUsoAZpwhBgjkACAGKCYgUkgxRQwBgQiAkIQQCEAMBAYIAgABBAhhDDIOIOGAeMAAIqDhDgmlEAKGaAcEEhQJDZiAACAjCCAYCUIIUcYJB4kVhlBDCAGAACIQ"], "date": ["2004"], "genre": ["Summer song"], "musicbrainz_releasegroupid": ["65087cd2-6332-3b39-b191-e14c8ec5d6c7"], "script": ["Latin"], "musicbrainz_albumid": ["a635f698-69c8-4074-92f0-69026f7d305f"], "tracknumber": ["06/06"], "encodedby": ["Lame 3.90"], "artistsort": ["Atmosphere"], "artist": ["Atmosphere"], "label": ["Rhymesayers Entertainment"], "albumartistsort": ["Atmosphere"], "acoustid_id": ["d13f18ae-869e-46e6-af04-e196c55e31b4"], "musicbrainz_artistid": ["ef954679-5ee7-4016-acef-7ac71f2fa3d8"]}}, "rhythm": {"bpm_histogram_first_peak_bpm": {"dmean2": 0, "median": 89, "min": 89, "dvar2": 0, "dvar": 0, "dmean": 0, "max": 89, "var": 0, "mean": 89}, "bpm": 88.7294921875, "bpm_histogram_second_peak_spread": {"dmean2": 0, "median": 0, "min": 0, "dvar2": 0, "dvar": 0, "dmean": 0, "max": 0, "var": 0, "mean": 0}, "bpm_histogram_first_peak_weight": {"dmean2": 0, "median": 0.94252872467, "min": 0.94252872467, "dvar2": 0, "dvar": 0, "dmean": 0, "max": 0.94252872467, "var": 0, "mean": 0.94252872467}, "onset_rate": 5.86515140533, "beats_position": [0.626938760281, 1.30031740665, 1.97369611263, 2.6470746994, 3.32045340538, 3.99383211136, 4.66721057892, 5.34058952332, 6.03718805313, 6.71056699753, 7.38394546509, 8.05732440948, 8.73070240021, 9.4040813446, 10.1006803513, 10.774058342, 11.4474372864, 12.1208162308, 12.7941951752, 13.4675731659, 14.1409521103, 14.8143310547, 15.4877090454, 16.1726989746, 16.8576869965, 17.5310649872, 18.2044448853, 18.877822876, 19.5512008667, 20.2245807648, 20.8979587555, 21.5713367462, 22.2679367065, 22.9297046661, 23.614692688, 24.2880725861, 24.9614505768, 25.6348285675, 26.3082084656, 26.9815864563, 27.6665763855, 28.3399543762, 29.0249423981, 29.6983222961, 30.3717002869, 31.0450782776, 31.7184581757, 32.391834259, 33.0652160645, 33.7385940552, 34.4235839844, 35.0969619751, 35.7819480896, 36.455329895, 37.1287078857, 37.8020858765, 38.4754638672, 39.1488418579, 39.8338317871, 40.5072097778, 41.192199707, 41.8655776978, 42.5389556885, 43.2123336792, 43.8857116699, 44.5590934753, 45.2324714661, 45.9058494568, 46.6024475098, 47.2758255005, 47.9492073059, 48.6225852966, 49.2959632874, 49.9693412781, 50.6543312073, 51.327709198, 52.0126991272, 52.6860771179, 53.3594551086, 54.0328330994, 54.7062110901, 55.3795890808, 56.0529708862, 56.726348877, 57.3997268677, 58.0731048584, 58.7697029114, 59.4430847168, 60.1164627075, 60.7898406982, 61.463218689, 62.1365966797, 62.8099746704, 63.4833564758, 64.1799545288, 64.8533325195, 65.5267105103, 66.200088501, 66.8734664917, 67.5468444824, 68.2202224731, 68.8936004639, 69.566986084, 70.2403640747, 70.936958313, 71.6103363037, 72.2837142944, 72.9570999146, 73.6304779053, 74.303855896, 75.0004501343, 75.673828125, 76.3472061157, 77.0205917358, 77.6939697266, 78.3673477173, 79.040725708, 79.7141036987, 80.3990936279, 81.0724716187, 81.7574615479, 82.4308395386, 83.1042175293, 83.77759552, 84.4509735107, 85.1243515015, 85.8093414307, 86.4827194214, 87.1677093506, 87.8410873413, 88.514465332, 89.1878433228, 89.8612213135, 90.5345993042, 91.2079772949, 91.8813552856, 92.5779571533, 93.251335144, 93.9247131348, 94.5980911255, 95.2714691162, 95.9448471069, 96.6182327271, 97.2916107178, 97.9649887085, 98.6499786377, 99.3349609375, 100.008346558, 100.681724548, 101.355102539, 102.02848053, 102.701858521, 103.38684845, 104.06022644, 104.74521637, 105.41859436, 106.091972351, 106.765350342, 107.438728333, 108.112106323, 108.785484314, 109.458862305, 110.143852234, 110.817230225, 111.502220154, 112.175598145, 112.848976135, 113.522354126, 114.195732117, 114.869110107, 115.565711975, 116.239089966, 116.912467957, 117.585845947, 118.259223938, 118.932601929, 119.605987549, 120.27936554, 120.95274353, 121.626121521, 122.31111145, 122.984489441, 123.66947937, 124.342857361, 125.016235352, 125.689613342, 126.374603271, 127.047981262, 127.732971191, 128.406341553, 129.079727173, 129.753097534, 130.426483154, 131.099868774, 131.773239136, 132.446624756, 133.119995117, 133.793380737, 134.489974976, 135.163360596, 135.836730957, 136.510116577, 137.183486938, 137.856872559, 138.541854858, 139.215240479, 139.900222778, 140.573608398, 141.24697876, 141.92036438, 142.593734741, 143.267120361, 143.940490723, 144.613876343, 145.310470581, 145.983856201, 146.657226563, 147.330612183, 148.003982544, 148.677368164, 149.350738525, 150.024124146, 150.709106445, 151.394104004, 152.067474365, 152.740859985, 153.414230347, 154.087615967, 154.761001587, 155.434371948, 156.119369507, 156.804351807, 157.477722168, 158.151107788, 158.824493408, 159.49786377, 160.17124939, 160.844619751, 161.52961731, 162.202987671, 162.887985229, 163.561355591, 164.234741211, 164.908111572, 165.581497192, 166.254867554, 166.928253174, 167.613235474, 168.298233032, 168.971603394, 169.644989014, 170.318359375, 170.991744995, 171.665115356, 172.338500977, 173.011871338, 173.696868896, 174.381851196, 175.055236816, 175.740219116, 176.436828613, 177.133422852], "beats_loudness": {"dmean2": 0.487420976162, "median": 0.0295930206776, "min": 0.000105124723632, "dvar2": 0.0854341387749, "dvar": 0.0252743437886, "dmean": 0.243396610022, "max": 0.602334678173, "var": 0.0277508180588, "mean": 0.143554612994}, "danceability": 1.50941216946, "bpm_histogram_second_peak_weight": {"dmean2": 0, "median": 0, "min": 0, "dvar2": 0, "dvar": 0, "dmean": 0, "max": 0, "var": 0, "mean": 0}, "beats_count": 262, "bpm_histogram_second_peak_bpm": {"dmean2": 0, "median": 0, "min": 0, "dvar2": 0, "dvar": 0, "dmean": 0, "max": 0, "var": 0, "mean": 0}, "bpm_histogram_first_peak_spread": {"dmean2": 0, "median": 0.0574712753296, "min": 0.0574712753296, "dvar2": 0, "dvar": 0, "dmean": 0, "max": 0.0574712753296, "var": 0, "mean": 0.0574712753296}, "beats_loudness_band_ratio": {"dmean2": [1.39114093781, 0.406998515129, 0.243253782392, 0.0944099128246, 0.189829438925, 0.536752223969], "median": [0.955473899841, 0.0255898721516, 0.00409111473709, 0.000916738878004, 0.00495256483555, 0.00817875843495], "min": [0.0589942447841, 0.00135983666405, 5.82449429203e-05, 6.36785262031e-06, 2.60235583482e-06, 5.99860777584e-06], "dvar2": [0.148706763983, 0.0380166582763, 0.0103243570775, 0.00184978870675, 0.003964017611, 0.0341129750013], "dvar": [0.0513400994241, 0.0118980426341, 0.00349287060089, 0.000607337686233, 0.00123432499822, 0.0107124168426], "dmean": [0.694290757179, 0.203692913055, 0.121345542371, 0.0470638163388, 0.094704426825, 0.268201619387], "max": [0.998951196671, 0.430189013481, 0.29713332653, 0.142215773463, 0.162462964654, 0.598201036453], "var": [0.1456579566, 0.016313765198, 0.00541242677718, 0.000854642654303, 0.00284351524897, 0.0233425442129], "mean": [0.639867663383, 0.113126531243, 0.0617690868676, 0.0236859936267, 0.0484404228628, 0.135417968035]}}, "lowlevel": {"barkbands_spread": {"dmean2": 20.2434940338, "median": 15.4047527313, "min": 0.0476582720876, "dvar2": 597.488220215, "dvar": 270.118041992, "dmean": 12.7584867477, "max": 113.658210754, "var": 864.302978516, "mean": 28.5181007385}, "melbands_spread": {"dmean2": 30.9540996552, "median": 9.92134666443, "min": 0.0381594672799, "dvar2": 2369.2421875, "dvar": 1004.72198486, "dmean": 19.439743042, "max": 237.194259644, "var": 1824.99890137, "mean": 30.4046764374}, "hfc": {"dmean2": 11.0524721146, "median": 3.39161777496, "min": 1.17985548564e-16, "dvar2": 402.524047852, "dvar": 173.20703125, "dmean": 7.04842424393, "max": 106.446296692, "var": 198.183776855, "mean": 8.42774581909}, "barkbands_kurtosis": {"dmean2": 108.746246338, "median": 10.4070577621, "min": -1.94601070881, "dvar2": 89453.8984375, "dvar": 32601.8847656, "dmean": 66.8688354492, "max": 5272.13232422, "var": 45684.7734375, "mean": 86.8113708496}, "gfcc": {"mean": [-131.427368164, 69.4927215576, -70.6772766113, 84.3583679199, -61.8820457458, 16.330198288, -24.3841209412, 7.85519361496, -7.31723499298, 6.23953771591, -13.2376279831, -1.15384376049, -3.28574609756], "icov": [[0.000127844323288, -0.000220809015445, 9.60897741606e-05, -0.000196784210857, 7.4429626693e-05, -4.33017839896e-06, -1.52677730512e-05, 0.000171810126631, -0.000144383942825, -0.000335258286214, 0.000599947059527, -0.000453508429928, 0.000578495790251], [-0.000220809015445, 0.00317215593532, -0.000781035923865, 0.00203337497078, -0.000271706667263, 0.000923665007576, 0.000596055062488, 0.00236872350797, -0.00225569307804, 0.00369849312119, -0.0042511257343, 0.00572956074029, -0.00305653270334], [9.60897741606e-05, -0.000781035923865, 0.00111806567293, -0.00063940603286, -0.000461920251837, -0.000168765938724, -0.000937265460379, -2.54835358646e-05, 0.000960877805483, -0.0014168722555, 0.000991054926999, -0.0013869011309, 0.00118975271471], [-0.000196784210857, 0.00203337497078, -0.00063940603286, 0.00367362028919, -0.000453441316495, -0.000267494964646, 0.000307806418277, 0.00148636009544, -0.000769811682403, 0.00292195053771, -0.0037986303214, 0.00393867027014, -0.00300877657719], [7.4429626693e-05, -0.000271706667263, -0.000461920251837, -0.000453441316495, 0.0034305236768, -0.00206921319477, -0.000353556126356, 0.00184431835078, -0.0022144082468, -0.0003663826501, -0.000343134423019, 0.000387226522435, 0.000874775927514], [-4.33017839896e-06, 0.000923665007576, -0.000168765938724, -0.000267494964646, -0.00206921319477, 0.00944656971842, -0.00406909873709, 0.000957134179771, -0.000244006791036, 0.000137896378874, 0.00205485662445, -0.00289957830682, 0.000216409825953], [-1.52677730512e-05, 0.000596055062488, -0.000937265460379, 0.000307806418277, -0.000353556126356, -0.00406909873709, 0.0117884436622, -0.00721129681915, -0.00114571454469, 0.00584554485977, -0.00602637603879, 0.00526208849624, -0.00265447213314], [0.000171810126631, 0.00236872350797, -2.54835358646e-05, 0.00148636009544, 0.00184431835078, 0.000957134179771, -0.00721129681915, 0.0163208711892, -0.00747142266482, -0.00055601913482, 0.00467834575102, -0.00149610941298, 0.00267396331765], [-0.000144383942825, -0.00225569307804, 0.000960877805483, -0.000769811682403, -0.0022144082468, -0.000244006791036, -0.00114571454469, -0.00747142266482, 0.0178092066199, -0.00515264924616, -0.00406423816457, 0.00412536459044, -0.00605863658711], [-0.000335258286214, 0.00369849312119, -0.0014168722555, 0.00292195053771, -0.0003663826501, 0.000137896378874, 0.00584554485977, -0.00055601913482, -0.00515264924616, 0.0206943061203, -0.00987914483994, 0.00234000687487, -0.00357130123302], [0.000599947059527, -0.0042511257343, 0.000991054926999, -0.0037986303214, -0.000343134423019, 0.00205485662445, -0.00602637603879, 0.00467834575102, -0.00406423816457, -0.00987914483994, 0.0237630158663, -0.0148092079908, 0.00662447093055], [-0.000453508429928, 0.00572956074029, -0.0013869011309, 0.00393867027014, 0.000387226522435, -0.00289957830682, 0.00526208849624, -0.00149610941298, 0.00412536459044, 0.00234000687487, -0.0148092079908, 0.0310514047742, -0.00975013524294], [0.000578495790251, -0.00305653270334, 0.00118975271471, -0.00300877657719, 0.000874775927514, 0.000216409825953, -0.00265447213314, 0.00267396331765, -0.00605863658711, -0.00357130123302, 0.00662447093055, -0.00975013524294, 0.0212747510523]], "cov": [[11749.515625, 662.879455566, -969.991760254, -154.997589111, -503.574951172, -393.064331055, -620.981872559, -373.36114502, -134.897857666, 20.7868785858, -222.412414551, -68.4465637207, -194.819747925], [662.879455566, 2126.64819336, 494.36050415, -101.959701538, 484.045532227, -166.429580688, 61.7860641479, -293.177032471, 322.891845703, -91.5461196899, 225.056564331, -274.692565918, 152.409347534], [-969.991760254, 494.36050415, 1674.09802246, 261.383422852, 555.05871582, 179.903076172, 242.554977417, -54.0562820435, 90.0598373413, 9.16886615753, 139.984207153, -37.3244781494, 19.6433143616], [-154.997589111, -101.959701538, 261.383422852, 541.229980469, 215.776000977, 105.474884033, 101.263824463, -24.7356071472, 47.4194564819, -15.7530965805, 69.1138763428, -10.6647510529, 41.7422485352], [-503.574951172, 484.045532227, 555.05871582, 215.776000977, 719.726196289, 163.591934204, 180.121536255, -69.1969299316, 178.543899536, 0.681495308876, 139.689971924, -65.0257339478, 60.2872543335], [-393.064331055, -166.429580688, 179.903076172, 105.474884033, 163.591934204, 223.040740967, 139.278366089, 58.3338241577, 24.7687149048, -6.20793056488, 9.75207710266, 21.1257152557, 5.34073543549], [-620.981872559, 61.7860641479, 242.554977417, 101.263824463, 180.121536255, 139.278366089, 300.196929932, 117.856712341, 105.6040802, -39.9934234619, 46.4515686035, -35.414276123, 33.0051383972], [-373.36114502, -293.177032471, -54.0562820435, -24.7356071472, -69.1969299316, 58.3338241577, 117.856712341, 192.706298828, 24.7266750336, -0.504528284073, -39.5812835693, 19.2167510986, -11.6186065674], [-134.897857666, 322.891845703, 90.0598373413, 47.4194564819, 178.543899536, 24.7687149048, 105.6040802, 24.7266750336, 186.841461182, 12.6674432755, 75.8554000854, -49.973739624, 63.0156784058], [20.7868785858, -91.5461196899, 9.16886615753, -15.7530965805, 0.681495308876, -6.20793056488, -39.9934234619, -0.504528284073, 12.6674432755, 94.4169006348, 31.8903331757, 33.2521591187, 3.41649127007], [-222.412414551, 225.056564331, 139.984207153, 69.1138763428, 139.689971924, 9.75207710266, 46.4515686035, -39.5812835693, 75.8554000854, 31.8903331757, 133.196807861, 3.2648191452, 32.2325172424], [-68.4465637207, -274.692565918, -37.3244781494, -10.6647510529, -65.0257339478, 21.1257152557, -35.414276123, 19.2167510986, -49.973739624, 33.2521591187, 3.2648191452, 94.5494003296, -7.73448228836], [-194.819747925, 152.409347534, 19.6433143616, 41.7422485352, 60.2872543335, 5.34073543549, 33.0051383972, -11.6186065674, 63.0156784058, 3.41649127007, 32.2325172424, -7.73448228836, 86.9861679077]]}, "spectral_energyband_middle_low": {"dmean2": 0.0121608804911, "median": 0.000625024316832, "min": 3.67608172091e-22, "dvar2": 0.00164317712188, "dvar": 0.000573994591832, "dmean": 0.0066633541137, "max": 0.281671434641, "var": 0.000344121159287, "mean": 0.00518871005625}, "melbands_crest": {"dmean2": 7.59859895706, "median": 20.8958187103, "min": 2.1556892395, "dvar2": 46.0420570374, "dvar": 19.66431427, "dmean": 4.71796751022, "max": 39.9164009094, "var": 67.127494812, "mean": 20.9272022247}, "spectral_kurtosis": {"dmean2": 2.64920401573, "median": 1.31498754025, "min": -1.16280090809, "dvar2": 13.9980993271, "dvar": 5.93970632553, "dmean": 1.6136674881, "max": 54.8000602722, "var": 10.1971931458, "mean": 2.35145401955}, "spectral_rms": {"dmean2": 0.00253847148269, "median": 0.00215382990427, "min": 3.20684407848e-12, "dvar2": 1.64821140061e-05, "dvar": 8.70877556736e-06, "dmean": 0.00175471242983, "max": 0.0261473748833, "var": 2.43339291046e-05, "mean": 0.00453634699807}, "zerocrossingrate": {"dmean2": 0.0240704733878, "median": 0.048828125, "min": 0.00048828125, "dvar2": 0.000627377885394, "dvar": 0.000491500890348, "dmean": 0.0198133289814, "max": 0.49267578125, "var": 0.0031474060379, "mean": 0.0633062794805}, "silence_rate_60dB": {"dmean2": 0.161420926452, "median": 0, "min": 0, "dvar2": 0.151293247938, "dvar": 0.074185192585, "dmean": 0.0806999206543, "max": 1, "var": 0.244512543082, "mean": 0.425904154778}, "erbbands_kurtosis": {"dmean2": 8.02369880676, "median": 0.520400285721, "min": -1.92461121082, "dvar2": 319.648620605, "dvar": 140.706985474, "dmean": 4.93697023392, "max": 232.212921143, "var": 202.497421265, "mean": 4.50208425522}, "erbbands": {"dmean2": [0.986392140388, 8.38021659851, 23.629535675, 23.9757289886, 17.759262085, 11.895357132, 10.6361961365, 7.43369150162, 5.59876012802, 5.01651620865, 5.28452587128, 5.89525842667, 3.53046512604, 2.18137097359, 1.31856679916, 1.84190607071, 3.31403851509, 3.85910558701, 3.3926846981, 6.17710542679, 7.00665378571, 12.7451038361, 6.01275491714, 3.5860645771, 6.44736385345, 13.6284780502, 8.19952106476, 7.98213624954, 9.29205131531, 8.30421161652, 2.79209256172, 2.37881851196, 1.06698644161, 0.554869115353, 0.275582224131, 0.124522395432, 0.0533744134009, 0.00708628119901, 0.000290548137855, 6.13097363384e-05], "median": [0.0254046805203, 0.159488260746, 0.274166047573, 0.40057694912, 0.261626631021, 0.342152357101, 0.481834083796, 0.474600791931, 0.40454351902, 0.318070501089, 0.419594526291, 0.222808226943, 0.180642426014, 0.0943193510175, 0.093869112432, 0.0769644156098, 0.0686915293336, 0.0865574032068, 0.113980107009, 0.348043709993, 0.353372782469, 0.253476142883, 0.320434004068, 0.414000660181, 0.59260559082, 2.31806373596, 1.30675387383, 1.06347095966, 1.12088131905, 1.39135205746, 0.451855152845, 0.27303725481, 0.0998741462827, 0.033633671701, 0.0077461018227, 0.00243977434002, 0.000582120963372, 6.33616946288e-05, 1.53100791067e-05, 9.45693500398e-06], "min": [2.92996480839e-21, 4.05686248172e-21, 2.31948503876e-20, 6.99898906655e-20, 6.41905144662e-20, 1.61566972271e-19, 1.49905095652e-19, 1.60828765273e-19, 1.27364772926e-18, 9.02057311794e-19, 1.10128624387e-18, 2.50128105541e-18, 3.89569560314e-18, 4.08408143816e-18, 1.25399236695e-18, 4.05133128976e-18, 5.22468202558e-18, 9.53803270053e-18, 1.20498865717e-17, 1.33664727296e-17, 1.17804415862e-17, 9.26803681269e-18, 9.94681956899e-18, 9.15435572675e-18, 1.04483449646e-17, 1.21250193868e-17, 1.20201064153e-17, 1.34286634768e-17, 1.98446121431e-17, 2.16886773155e-17, 1.99605779019e-17, 1.29879970675e-17, 1.0122755095e-17, 1.00301141751e-17, 8.73990101673e-18, 5.06821750399e-18, 2.30094059939e-18, 1.32068700916e-18, 3.15327194866e-19, 4.11923278848e-20], "dvar2": [5.68871498108, 497.826263428, 5983.88671875, 8081.76611328, 4131.29980469, 1601.05175781, 789.991821289, 317.579864502, 167.49079895, 238.844772339, 239.921905518, 374.00894165, 138.918197632, 51.6081237793, 13.7440729141, 29.6457271576, 155.930450439, 170.738296509, 116.590431213, 370.522857666, 582.42779541, 3243.22119141, 429.879241943, 81.7853927612, 464.607391357, 1353.58361816, 525.256286621, 425.343292236, 270.421234131, 161.464019775, 22.4208164215, 14.3204860687, 2.90919613838, 0.821444511414, 0.238969102502, 0.0484237372875, 0.0104366177693, 0.000187559518963, 2.93592847811e-07, 1.53327039953e-08], "dvar": [2.3800110817, 197.594863892, 2471.12475586, 2849.83520508, 1432.59631348, 570.251220703, 294.805847168, 116.20072937, 64.3282089233, 84.4634170532, 84.1110839844, 135.288116455, 52.6380271912, 20.3184986115, 5.1995177269, 10.5316543579, 55.6713600159, 62.4446182251, 43.2602424622, 135.012649536, 212.139587402, 1149.80834961, 166.276855469, 34.514881134, 179.068161011, 547.165222168, 207.471725464, 166.595352173, 114.34387207, 61.758518219, 8.92363643646, 5.30508804321, 1.09170472622, 0.310328543186, 0.087479352951, 0.0177139695734, 0.00375457131304, 6.72071400913e-05, 1.05701111863e-07, 7.1503296617e-09], "dmean": [0.639685571194, 5.25139951706, 14.554441452, 13.3812074661, 9.48565387726, 6.66375923157, 6.14854860306, 4.2260632515, 3.24427366257, 2.85427713394, 3.01025700569, 3.29552865028, 2.08995461464, 1.30819678307, 0.752579212189, 1.00377202034, 1.82655620575, 2.16577744484, 1.94722366333, 3.64197301865, 4.04168701172, 7.05635547638, 3.49503064156, 2.21389484406, 3.89581251144, 8.47406768799, 5.03893184662, 4.85991716385, 5.56618070602, 4.83480501175, 1.68965542316, 1.3408087492, 0.613365054131, 0.319207310677, 0.151435360312, 0.0676601454616, 0.0283904802054, 0.00373666896485, 0.00015701285156, 3.96290488425e-05], "max": [15.9872341156, 148.594787598, 475.467926025, 649.363830566, 547.835388184, 521.586791992, 316.737823486, 100.411209106, 85.0050354004, 122.342857361, 127.437164307, 137.713928223, 137.098815918, 107.015632629, 49.4705467224, 39.0444869995, 73.413734436, 79.736579895, 80.4922943115, 105.773643494, 133.238769531, 304.400390625, 135.140365601, 79.1188964844, 146.124862671, 281.778137207, 169.466201782, 153.4634552, 105.347877502, 70.8729782104, 55.2533226013, 15.2744379044, 6.37460565567, 3.40439867973, 1.78794157505, 0.819625854492, 0.435087233782, 0.0541858077049, 0.0021352712065, 0.000761355273426], "var": [3.00770521164, 216.939178467, 2154.5144043, 1752.32312012, 818.718322754, 375.333618164, 246.69694519, 90.4020080566, 57.0033683777, 60.2825012207, 61.7438240051, 88.6127243042, 44.9637794495, 17.9972438812, 4.06925868988, 6.77379369736, 35.2289924622, 45.8154335022, 34.7785301208, 105.838920593, 155.366241455, 712.330810547, 131.617706299, 40.7034072876, 151.102432251, 541.371337891, 188.490753174, 153.828994751, 115.516326904, 53.3178749084, 8.95555210114, 3.88945937157, 0.813513875008, 0.225400194526, 0.0559619702399, 0.0111563624814, 0.00222879671492, 3.92391339119e-05, 6.56253362763e-08, 1.08446025493e-08], "mean": [0.840699136257, 6.22181558609, 12.8224134445, 9.78068828583, 6.12563419342, 5.74030733109, 6.27124547958, 4.11184263229, 3.24427604675, 2.71048307419, 3.02626872063, 2.57159924507, 2.09278941154, 1.21696102619, 0.628963589668, 0.731231570244, 1.3349429369, 1.86150360107, 1.72221136093, 3.45641279221, 3.62657308578, 4.97665262222, 2.91969466209, 2.26318097115, 3.46402072906, 9.01351070404, 4.82704544067, 4.51288700104, 4.93054676056, 4.38692617416, 1.67935347557, 1.10502362251, 0.49146899581, 0.235057592392, 0.098609790206, 0.0425490364432, 0.0167165528983, 0.00214907736517, 0.000106068167952, 5.34648097528e-05]}, "spectral_strongpeak": {"dmean2": 0.3627640903, "median": 0.203977406025, "min": 0, "dvar2": 0.349054187536, "dvar": 0.13875515759, "dmean": 0.2227832973, "max": 3.58230185509, "var": 0.196452602744, "mean": 0.349961727858}, "spectral_energy": {"dmean2": 0.0510585270822, "median": 0.00475495774299, "min": 1.05409451071e-20, "dvar2": 0.0136940311641, "dvar": 0.00625265948474, "dmean": 0.0332274250686, "max": 0.700777292252, "var": 0.00910432171077, "mean": 0.0460351668298}, "average_loudness": 0.860776603222, "spectral_rolloff": {"dmean2": 1809.37402344, "median": 258.3984375, "min": 21.533203125, "dvar2": 6765187.5, "dvar": 3148958.25, "dmean": 1075.42822266, "max": 19466.015625, "var": 6087609.5, "mean": 1874.23852539}, "spectral_centroid": {"dmean2": 830.657348633, "median": 1594.98010254, "min": 65.0150756836, "dvar2": 706253.1875, "dvar": 372025.40625, "dmean": 542.240234375, "max": 11512.1455078, "var": 1861029.25, "mean": 1851.88549805}, "pitch_salience": {"dmean2": 0.198010325432, "median": 0.419885069132, "min": 0.0133434254676, "dvar2": 0.0331148803234, "dvar": 0.0144409900531, "dmean": 0.124922059476, "max": 0.897024154663, "var": 0.0451524108648, "mean": 0.416983217001}, "spectral_energyband_middle_high": {"dmean2": 0.000912858056836, "median": 8.97074496606e-05, "min": 1.7254716967e-21, "dvar2": 9.38638549997e-06, "dvar": 3.53796440322e-06, "dmean": 0.000534558959771, "max": 0.0176720768213, "var": 2.71868839263e-06, "mean": 0.00049171410501}, "spectral_contrast_coeffs": {"dmean2": [0.0988762974739, 0.0871249362826, 0.0578040033579, 0.0526794344187, 0.0475398227572, 0.0347142666578], "median": [-0.722700536251, -0.788133978844, -0.843350470066, -0.847556293011, -0.827235281467, -0.753933191299], "min": [-0.970795989037, -0.973090469837, -0.971046507359, -0.964113950729, -0.960152566433, -0.962550640106], "dvar2": [0.00769317615777, 0.00531612336636, 0.00228262809105, 0.00220662471838, 0.00191220024135, 0.000961635145359], "dvar": [0.00333285168745, 0.00197982834652, 0.000890174007509, 0.000892590091098, 0.000738682050724, 0.000411401677411], "dmean": [0.0624281279743, 0.0522134155035, 0.036166831851, 0.0328953899443, 0.0288906376809, 0.0222028717399], "max": [-0.316232711077, -0.4972833395, -0.54302251339, -0.578286826611, -0.619086921215, -0.62046700716], "var": [0.0102140819654, 0.00539792422205, 0.00371259753592, 0.00342595670372, 0.00213974062353, 0.00193035847042], "mean": [-0.709868311882, -0.783135533333, -0.833463490009, -0.834414720535, -0.820892810822, -0.754314482212]}, "melbands_skewness": {"dmean2": 4.21418380737, "median": 4.77065086365, "min": -2.3366048336, "dvar2": 25.8894519806, "dvar": 11.857960701, "dmean": 2.81096839905, "max": 83.5929718018, "var": 41.0767593384, "mean": 6.87062597275}, "spectral_spread": {"dmean2": 1425185.625, "median": 5369199.5, "min": 1457724.25, "dvar2": 1934778564610.0, "dvar": 968957558784, "dmean": 907298.5, "max": 40537496, "var": 2094523088900.0, "mean": 5544693}, "dissonance": {"dmean2": 0.0247642211616, "median": 0.48429736495, "min": 0.216354340315, "dvar2": 0.000769432284869, "dvar": 0.000300099374726, "dmean": 0.0148277478293, "max": 0.500000119209, "var": 0.000547843519598, "mean": 0.476105630398}, "spectral_skewness": {"dmean2": 0.507717490196, "median": 0.770268797874, "min": -0.0726818144321, "dvar2": 0.310782074928, "dvar": 0.1466807127, "dmean": 0.329312652349, "max": 6.2445807457, "var": 0.497019797564, "mean": 1.00912952423}, "spectral_flux": {"dmean2": 0.0812510401011, "median": 0.043325226754, "min": 1.02669102386e-10, "dvar2": 0.0159798711538, "dvar": 0.00801105517894, "dmean": 0.0518286414444, "max": 0.746751129627, "var": 0.0169689171016, "mean": 0.0953800156713}, "spectral_contrast_valleys": {"dmean2": [0.784756422043, 0.975447773933, 0.958433508873, 0.905183792114, 0.934422135353, 0.925892293453], "median": [-7.8824338913, -8.117852211, -9.30519294739, -9.5031709671, -8.6290178299, -10.8122310638], "min": [-26.943189621, -27.1408901215, -27.057062149, -27.4401016235, -27.3325099945, -27.2066707611], "dvar2": [0.48966178298, 1.0501948595, 1.03449523449, 0.961448431015, 0.905107438564, 0.909082770348], "dvar": [0.275481969118, 0.489145934582, 0.471598654985, 0.439161002636, 0.404095113277, 0.437992960215], "dmean": [0.505928218365, 0.620477318764, 0.616422533989, 0.591074645519, 0.61931926012, 0.684316158295], "max": [-4.58536052704, -4.75452327728, -5.93291187286, -6.02173519135, -5.61778020859, -8.48110103607], "var": [1.63616847992, 1.75236880779, 1.39748084545, 1.45142817497, 1.40594923496, 1.21056115627], "mean": [-7.74926185608, -8.17648220062, -9.31140232086, -9.48206138611, -8.66559791565, -10.7686901093]}, "erbbands_flatness_db": {"dmean2": 0.0415861159563, "median": 0.151210382581, "min": 0.0373642668128, "dvar2": 0.00158086372539, "dvar": 0.000731944863219, "dmean": 0.0270718149841, "max": 0.383532732725, "var": 0.00203813961707, "mean": 0.15764079988}, "spectral_energyband_high": {"dmean2": 0.000866559334099, "median": 0.000173069536686, "min": 7.11187110895e-21, "dvar2": 2.56133057519e-06, "dvar": 1.03223396763e-06, "dmean": 0.000522036047187, "max": 0.0110241360962, "var": 1.01768955574e-06, "mean": 0.000508390483446}, "spectral_entropy": {"dmean2": 0.56469553709, "median": 7.759141922, "min": 4.3251209259, "dvar2": 0.371068239212, "dvar": 0.188076645136, "dmean": 0.379203468561, "max": 9.80172538757, "var": 0.632401585579, "mean": 7.51818227768}, "silence_rate_20dB": {"dmean2": 0.0747028887272, "median": 1, "min": 0, "dvar2": 0.0894891321659, "dvar": 0.0359520353377, "dmean": 0.0373465642333, "max": 1, "var": 0.0270385742188, "mean": 0.972189605236}, "melbands_flatness_db": {"dmean2": 0.0947253406048, "median": 0.260068029165, "min": 0.00663328077644, "dvar2": 0.0070106331259, "dvar": 0.00388761144131, "dmean": 0.0665411427617, "max": 0.824676692486, "var": 0.0282285381109, "mean": 0.30021867156}, "barkbands": {"dmean2": [0.0018344973214, 0.035040512681, 0.0204970799387, 0.00696384673938, 0.00406789127737, 0.00105630315375, 0.000366209453205, 0.000227889191592, 0.000257918727584, 8.17579857539e-05, 3.93670597987e-05, 4.09689637308e-05, 7.18889859854e-05, 8.71124939295e-05, 6.11745927017e-05, 0.000151526197442, 0.00021773998742, 8.20991408546e-05, 9.84765501926e-05, 0.000253055419307, 0.000196089647943, 0.000286923052045, 0.000106307772512, 8.90274968697e-05, 4.49618564744e-05, 2.73913956335e-05, 1.39397195653e-06], "median": [0.000192950959899, 0.000761022791266, 0.000218444285565, 8.05883901194e-05, 0.000103695361759, 6.13369484199e-05, 2.04741172638e-05, 1.88971898751e-05, 9.71151621343e-06, 3.73411535293e-06, 1.86999193375e-06, 1.69734653355e-06, 1.42888075061e-06, 1.61869354542e-06, 1.90488481167e-06, 7.94067273091e-06, 3.89614433516e-06, 7.48405864215e-06, 5.70535439692e-06, 4.43508470198e-05, 2.2121676011e-05, 4.36600093963e-05, 1.44033801917e-05, 8.96668007044e-06, 1.93432811102e-06, 3.96930971647e-07, 1.32258852759e-08], "min": [3.52997237503e-23, 4.41953516134e-23, 2.75450853679e-23, 2.29519490582e-23, 3.78846757863e-23, 1.92099210899e-23, 9.17446747385e-23, 4.1817895239e-23, 9.96683975673e-23, 1.39921811237e-22, 4.66289243971e-23, 9.24899021693e-23, 9.95434546217e-23, 2.64966336891e-22, 1.42433733686e-22, 2.91595352799e-22, 1.36813989572e-22, 2.21895440234e-22, 1.52810902283e-22, 2.61431179806e-22, 2.94749281807e-22, 6.02590524441e-22, 7.35442475894e-22, 5.99910113925e-22, 1.0796322581e-21, 1.38429049115e-21, 2.5832474906e-21], "dvar2": [2.50764187513e-05, 0.00714259967208, 0.00488453591242, 0.000738398637623, 0.000179835653398, 6.38799838271e-06, 8.45356851187e-07, 4.21326944888e-07, 6.99802114923e-07, 7.03916072098e-08, 1.49718690778e-08, 1.49186902831e-08, 7.08533818283e-08, 8.7759936207e-08, 3.74553543736e-08, 2.27194149716e-07, 9.06047091576e-07, 5.80722989696e-08, 1.00935473313e-07, 4.67856040132e-07, 2.74065683925e-07, 2.15162543782e-07, 3.2