{"tonal": {"thpcp": [1, 0.656406402588, 0.315151840448, 0.240015923977, 0.204976260662, 0.302228987217, 0.378225535154, 0.279933929443, 0.186152979732, 0.158071056008, 0.163316890597, 0.433578163385, 0.614417970181, 0.423660635948, 0.520908176899, 0.64426279068, 0.349732905626, 0.170639708638, 0.192278504372, 0.210094869137, 0.434679985046, 0.665202021599, 0.442084550858, 0.207247659564, 0.178655132651, 0.21697100997, 0.532612621784, 0.616416275501, 0.32612234354, 0.252491086721, 0.277501434088, 0.210658505559, 0.352275490761, 0.521040081978, 0.398550599813, 0.658726751804], "hpcp": {"dmean2": [0.19756065309, 0.169423222542, 0.176028117537, 0.166649773717, 0.155237287283, 0.118540868163, 0.101510174572, 0.116520926356, 0.198302909732, 0.205487415195, 0.196438446641, 0.184894382954, 0.170926615596, 0.149299517274, 0.109396569431, 0.115287944674, 0.143738955259, 0.192173227668, 0.208280161023, 0.192444592714, 0.135220468044, 0.113189816475, 0.141629055142, 0.259886771441, 0.242217704654, 0.170440196991, 0.155952349305, 0.135351881385, 0.13437859714, 0.183199837804, 0.216550886631, 0.234131351113, 0.272328674793, 0.286281108856, 0.295069694519, 0.261087626219], "median": [0.0239806137979, 0.0254322364926, 0.0470120981336, 0.0573896467686, 0.0396876968443, 0.0262115187943, 0.0217378810048, 0.0251377522945, 0.0700452625751, 0.0986971333623, 0.0855207890272, 0.0827630087733, 0.0896751061082, 0.0610950514674, 0.0289526097476, 0.0308423619717, 0.0344975106418, 0.0849717408419, 0.123529829085, 0.0825826525688, 0.031353674829, 0.0280491504818, 0.0407748818398, 0.0907250195742, 0.0977741926908, 0.0498066395521, 0.0280903577805, 0.0194037109613, 0.0201453026384, 0.0568523965776, 0.0775996148586, 0.0653071701527, 0.167359173298, 0.271449357271, 0.17162758112, 0.0340725854039], "min": [0, 0, 0, 0, 0, 0, 0, 0, 0, 0, 0, 0, 0, 0, 0, 0, 0, 0, 0, 0, 0, 0, 0, 0, 0, 0, 0, 0, 0, 0, 0, 0, 0, 0, 0, 0], "dvar2": [0.114407509565, 0.0938054770231, 0.0856580212712, 0.068330578506, 0.0687896609306, 0.0543767884374, 0.0447845868766, 0.0464716032147, 0.0856998413801, 0.0793925970793, 0.0784539803863, 0.0719205662608, 0.0677798986435, 0.0543746352196, 0.0444723032415, 0.0458924993873, 0.0635075196624, 0.0867568030953, 0.0800406113267, 0.0857523232698, 0.0616268925369, 0.0479239225388, 0.0476815775037, 0.126152336597, 0.104867495596, 0.0715399086475, 0.0791542083025, 0.0697635114193, 0.0678334385157, 0.0852215737104, 0.108853802085, 0.115609832108, 0.114629581571, 0.1170424968, 0.125754013658, 0.161704108119], "dvar": [0.0429936647415, 0.0337626971304, 0.0323247276247, 0.0288976095617, 0.0266031157225, 0.0204697269946, 0.017003217712, 0.0170596074313, 0.0321237891912, 0.0345462970436, 0.02937432006, 0.0276613160968, 0.029968559742, 0.0208728164434, 0.0158275682479, 0.0172819104046, 0.0232797004282, 0.0321247279644, 0.03423249349, 0.0322189964354, 0.022797178477, 0.0175053104758, 0.0173814557493, 0.0495275259018, 0.0439949259162, 0.0264121945947, 0.0289056785405, 0.0272440183908, 0.0248019304127, 0.0317487418652, 0.0419800542295, 0.0420836210251, 0.0422450974584, 0.0491850785911, 0.0481581687927, 0.0614689402282], "dmean": [0.109433375299, 0.0943082496524, 0.102664962411, 0.0990624278784, 0.0905841514468, 0.0685332939029, 0.0580930523574, 0.0658161863685, 0.117737449706, 0.124811127782, 0.116219490767, 0.110004536808, 0.104064330459, 0.0892687663436, 0.0627460628748, 0.0659318342805, 0.0810025706887, 0.115441575646, 0.128212794662, 0.115980565548, 0.0781310945749, 0.064858533442, 0.0808042958379, 0.15224596858, 0.143340438604, 0.0992078334093, 0.0887513384223, 0.0780136957765, 0.0764165073633, 0.106567755342, 0.126036405563, 0.134593114257, 0.1624674052, 0.172395497561, 0.172470614314, 0.144285663962], "max": [1, 1, 1, 1, 1, 1, 1, 1, 1, 1, 1, 1, 1, 1, 1, 1, 1, 1, 1, 1, 1, 1, 1, 1, 1, 1, 1, 1, 1, 1, 1, 1, 1, 1, 1, 1], "var": [0.0355413593352, 0.025528402999, 0.0371772684157, 0.0549354255199, 0.0349301919341, 0.0215372089297, 0.017234435305, 0.0140131535009, 0.0516374632716, 0.0938116461039, 0.042820584029, 0.0718882754445, 0.112549811602, 0.0333992764354, 0.0138156879693, 0.0190391838551, 0.0206431169063, 0.0464646965265, 0.0956574231386, 0.0493305027485, 0.0222960263491, 0.0180609580129, 0.0161867253482, 0.0709807798266, 0.0976030528545, 0.0347630418837, 0.0340933911502, 0.0543093159795, 0.0274197552353, 0.0411432981491, 0.0863501951098, 0.0479671023786, 0.0669623315334, 0.12768304348, 0.0679484382272, 0.0517013557255], "mean": [0.0967840328813, 0.0826546400785, 0.121870830655, 0.152515679598, 0.112880572677, 0.0750643387437, 0.063740581274, 0.0658559128642, 0.174836084247, 0.247757926583, 0.170836940408, 0.210051029921, 0.259792566299, 0.141026318073, 0.0688087642193, 0.0775343924761, 0.0847186669707, 0.175280377269, 0.268236100674, 0.178266197443, 0.0835705548525, 0.0720409080386, 0.0874914005399, 0.214770749211, 0.248563736677, 0.131505593657, 0.101814523339, 0.11189968884, 0.0849459469318, 0.142051592469, 0.210104227066, 0.160711571574, 0.265625, 0.403240054846, 0.264689356089, 0.12708184123]}, "tuning_equal_tempered_deviation": 0.0317794904113, "chords_changes_rate": 0.0488322712481, "key_key": "C#", "tuning_diatonic_strength": 0.605589866638, "key_scale": "major", "chords_number_rate": 0.00212314235978, "tuning_frequency": 440.254241943, "tuning_nontempered_energy_ratio": 0.673616468906, "chords_histogram": [21.2101917267, 39.2781333923, 18.0042457581, 1.86836516857, 3.82165598869, 0.233545646071, 0, 0, 0.63694268465, 0, 0.63694268465, 0, 0, 0, 0, 1.48619961739, 0, 2.929936409, 0, 4.67091274261, 0, 0.0212314222008, 3.56687903404, 1.6348195076], "key_strength": 0.813033282757, "chords_key": "F", "chords_strength": {"dmean2": 0.00827080570161, "median": 0.49404039979, "min": 0.235536545515, "dvar2": 6.00748680881e-05, "dvar": 5.27025040356e-05, "dmean": 0.00857681594789, "max": 0.740024745464, "var": 0.00983078218997, "mean": 0.495039641857}, "chords_scale": "minor", "hpcp_entropy": {"dmean2": 0.918194949627, "median": 1.94407272339, "min": 0, "dvar2": 0.666764199734, "dvar": 0.255983561277, "dmean": 0.547720253468, "max": 4.46832704544, "var": 0.49492135644, "mean": 1.91672968864}}, "metadata": {"audio_properties": {"equal_loudness": 0, "codec": "mp3", "downmix": "mix", "sample_rate": 44100, "analysis_sample_rate": 44100, "bit_rate": 218993, "md5_encoded": "cdabc365589c1ed6cac347b2838ca7b5", "length": 218.671020508, "replay_gain": -15.6549091339, "lossless": false}, "version": {"essentia_build_sha": "70f2e5ece6736b2c40cc944ad0e695b16b925413", "essentia": "2.1-beta2", "extractor": "music 1.0", "essentia_git_sha": "v2.1_beta2"}, "tags": {"title": ["5805"], "language": ["eng"], "media": ["CD"], "albumartist": ["The Classic Crime"], "initialkey": ["C"], "musicbrainz_recordingid": ["18bc9ae6-d55f-4a77-a246-bd3edad0a98f"], "musicbrainz_albumartistid": ["821eaa7e-79b9-4aeb-837c-6acc868ce5f1"], "discnumber": ["1/1"], "bpm": ["175"], "catalognumber": ["061652"], "musicbrainz album release country": ["US"], "musicbrainz album type": ["album"], "musicbrainz album status": ["Official"], "file_name": "05 5805.mp3", "originaldate": ["2008-07-22"], "acoustid_fingerprint": ["AQADtFLGREou9DhwKpyQLw-0RAiZJSv-A8d3XEuEJiZzTOODXxmuSGiWiEbIGz9xJMs_9MOPraKDL3pxZoT_4M3xRcfTiUd7NNOLfhfCPEqg7wjTqBbKRMcZNL9R73iiFXlEDf0DLTeR_7iCH0fjo77xIZmOMCJe9EyKptGMHw0iPYTGNwgTJbrwJEK_4yrq40nMIpLUIVmOP8MT0cPXFz-q_2h6XAo55OKNpPvQHLWOJ0mOv4FxD3m0RId6hMqzoVmP41ZwFMk-BTkqJTc8hSc6t7jwfHgSR7h0JLs3pI_yoMwSBVdyXMe_4D56_UgnQivFECUTPWh2qCeqBD4-wdcIPYm0I5ekh2h5_EKT9BOqS8Fz4kmO55gu2ejVIpmMbFE_-MVEKcf-4OhJpAuXC1K4cehzUD_sCPV2SH2WofnxYxs7QpFo_OgY6RgvnHjiQ9xwBv7xCnZ6ItSC88d9GT_x43yE_wqRL4E4HfkVwsnF4MFFHM36IJTNRMUvMkjKJviCK2mM9mjG4juaRih5EY8OcY8i3NlxO8GPK3KC5kef48fr4TmafcQzPcEvwf2RQ3yEUCaeFs-SE-dw5VPR02j04Ofxh8fF4yruob8QmwmF5NKEa7CK3jhjXMmV4HvxIzYPkWJy_MZr9EHCZ7ikC4-OP4aH0z7CRQkDPQ7CHx4ZoquE5MmCfFGY4GKuo0xeNMapsMOjHQkv5JyJZ2GE_vANc0tQK8anIqRsBckSZTne41l64dzgLMeTSzhv-EJyZUfOY0qM8g5epjh_vPrRbM0RftBzDfmJP3jUo4tgFQ9xXEuQWtGPZAR_PMzBfDDzCuXxHzceHjeiO0XS5_jwC_1xRjnM4xR-A0ePHLqOUNSLJzweHUeJK91whOwHfzk0_gi-SNvQE25z_PCFUPyhrTzC5PiHZz1q5fBx9EGto46QX7iKazq0ND1CC0d5NLrxD__ROER93PiPByG1Gf4FHeklDmcp3FxgKumR7ke_BLoUjgi95fgF50fX5bi24ztOOOKFnFmOU4QGP8HxH_WPPygOn0cunPClI6bxdC0hckS-GD-aKjuON3izFE0uhJdi6DnyHI8bNM9yVEJkEjqJ60d9vBkO31MKP8uhHz72oDxC2OHxHg0n_MiXMII36FmEUV0LuSbC7_CfYKJCPDn-41SLxsmOujjyJ0OCM8dz_EPt-LAYXuiP-zqQL_Lx4zbCPnDFx2izC-0Q68bnQLsIhLvR8ziPOx9iClqcHvnQTMWzU2iuo1QSHvfQ4PiFZxmR5KYsZHLwo9dwtfjxINehsleEPBua0MdVpJQGSdWHSMfx4zke3KGP6zhxyXGQXxm08_COC_qRE_5wHnh1eDnx7HDotOgzHMlPhA-aJTtKffCHXh763PA5dIwevJVw9PPR_DjC80WzH6eOKzzK6TgP_0FJWsjzoNbRND_-408RyukO_4Fi5keZUCJu4xe0_GB0hCuJJseTqygv-CRqJ0aeHLmOv-iLhsvBMcOPXvCWJeFwozuS9wh7NKGY4U_Q5oT3HFdWDn30Yz96pD_UfBFCncRNon9xJVopeGSQU9Ao5zjC5_ASo7yKZ8iNv_ihNl0wRWdCodIOellw8Wh2HO8l-Oiv4T6-Hc3Tokc2EaeIxmEetNlV7Ee9UbiYHGl4iLKNfHAkRUmHPnpw5QjPoxT0RMuE8EczJo-EVzSa8uhz4cSRikVyZcF1NDt64YuOS0W7I32hNUZOBr-GWsdbPAwnEuZYfGuI80OYp4XeD-n04kpOXDqaZ0FtPKPwHXnRjFLUQuvyBNfxDzqc4hlyBrBy3DlyH82VQzsabkL443mI6oETjTh3_MRvhBmPXjma42En_Ajz_PiP56jEKBYe1MojNLnxjEiWWUF44cF_XOGKZ1RQR-eIZPmR49bx8Ma1HFce4T8iPUTyD_wVYyJzBV9yoZmO4_nhqkHcQ-eRp8_w4z-eY_NR_0g-ZDfOo5TzBF4SHfeCH0fa5IOuDPlRZsdz9EFzI-mPPAzRKFL2YtLEEhcu46qQNjqSnkWjkD7a48KP_kKTl0fO6UjK6rh1fGioB6HeKnimfKiFxviOo1eEMPmJ586QX-gZQ8tIHf2P5rjE4DnRMKqToN9wIe_xrvgeOM7x5XiE80iWh0f4Gf8o_KGOK5VwqR2enGh6hMyDd4dmI4zDGKcS_Ck88riyiA2O8AkLLT_K8GjGQ0d8VFmaB654lD-eD9-PhzmSkkKeG03mZAzaZcbF6rgiZVoQetOhpWKG_HgPM2OYID90Ij6e-MHUIySnHXq-In9R52gmXTiP9xKe6bi2cUQbNPGOJD_yxkej5MOT7PANH8eLxJGOlNzR5cQznPjQ_Agl5tD3IM96onYY-OhfnPiFfIeu40czTUe1H1qO8NHR3vBVokeeQ4vTIyRz_Ifz4bh43PyQlCLR40lRMhE-aJQzfA3OC_5RbYesOMcv4hJC-Dn8o0f8Q7-RJ8OPzyinh2g6JccpCkezo7-KK2eQNzsUS0S9g7KO-rihBz8u5UG-Xah4ONEIMz-yaz-UMSiP_Pjx46hOB-Gm41AV9bhDhJTCHr5Q7wgvJMcp-MGJPzhzEU96PD3Rb8KJ_NARJj3K5CiPRj7xH182NG_QH7-OSyUF4WAAhBnCkFFEAYkIM1AZwowDDAkiAAIEESGEIoII45ASjDAiiHFEACSIIEYggySAhGBGCBGICSAUAEAwZRAxyBBDCCVciAKYcARJAgAhCAKAABBECIosIEAI5IhAxiBIiSFAAYPMAIIYJQiwhioICGOGIYEBAUoIAJhFhABAtAKEAiMEIIghIoATQDCklBICMQwAAYQ4QJBCggiLgCBECGCMYdgZIohiSBBhtBDIEQWIQMo4AJAAxAACDAAIKmYIUkg4BhhDBgLBkFJCAMGMAEAg4AgwBDmGBCBEAcIsAIQyIAYQXEDBiGAEASpEI0oRJpihCBBAjGCEAMCEJJQASiEzEACBAFUUAASQxIgJJYAEDBHBhHHMKCCIMRYUARAwByAAGDXAMSoAYIYRCwQFUChgAJOCIMYAEAgZYJwgilAlDECAKEEcAFAhAggFGAhCgABIOEKAIFAoKIRjQgBmCAGAusaYcAYgCpkyAAAkMWGOSRIAUgIQRphABhjBHDEMEcGIAghSoAACyBwBlBaAAGaEUMACJgAiABggCDAEAcWEcE4TBRGyhhAloPEYAYCAMkoABAwQQgpJAAIOKQKBAUwxhIxiCEKGgBYCKAQQQoAoYgAigCCigFAAEAMEAYQRKYFzBgpHEBAEKICIMYAggJiSiABFOFMSMKOIIMI4YihAwAgDDADAAgIYEoRRoogABQAAAAOeEAYQIAJAIBAghACgKSOCASaIIgAx5xRgijABABAGCCIMpgA5wCQhEAEkCEAKGECAEEQggYBDhBoAgCBEAEQAYIgQZhAQABjjGQHCAiEEAEQp4ogBgggAhgJKeQmEAwQhIhQBCgEDkKBCOKiAYEABJYQxhgDAgEJCAYaEEkxJwRhQSiBBAQCEiEeMYkoYIAQiQiBBNDCKAK-REMRIQ4kRFilgAEJAMYGIQ8QZIxi0wiCADDScQkcREUYBJACAijLskAkKFisQAYQKxhRBBCBgGGMEOYoQQQ4JAQUAAA"], "date": ["2008-07-22"], "genre": ["Rock, Alternative Rock"], "album": ["The Silver Cord"], "musicbrainz_artistid": ["821eaa7e-79b9-4aeb-837c-6acc868ce5f1"], "asin": ["B001B07KPQ"], "musicbrainz_albumid": ["6f72087a-1354-416d-9fc9-bb744f3bd5f5"], "artist": ["The Classic Crime"], "artistsort": ["Classic Crime, The"], "tracknumber": ["5/15"], "label": ["Tooth & Nail Records"], "albumartistsort": ["Classic Crime, The"], "acoustid_id": ["db625759-ea11-4207-aaf9-f78e19c78017"], "script": ["Latn"], "musicbrainz_releasegroupid": ["c7d02787-2162-3f15-85cb-079fbd9bc115"]}}, "rhythm": {"bpm_histogram_first_peak_bpm": {"dmean2": 0, "median": 172, "min": 172, "dvar2": 0, "dvar": 0, "dmean": 0, "max": 172, "var": 0, "mean": 172}, "bpm": 172.265777588, "bpm_histogram_second_peak_spread": {"dmean2": 0, "median": 0, "min": 0, "dvar2": 0, "dvar": 0, "dmean": 0, "max": 0, "var": 0, "mean": 0}, "bpm_histogram_first_peak_weight": {"dmean2": 0, "median": 0.263779520988, "min": 0.263779520988, "dvar2": 0, "dvar": 0, "dmean": 0, "max": 0.263779520988, "var": 0, "mean": 0.263779520988}, "onset_rate": 2.53331804276, "beats_position": [0.325079351664, 0.673378646374, 1.03328800201, 1.39319729805, 1.764716506, 2.12462592125, 2.48453521729, 2.8444442749, 3.19274377823, 3.54104304314, 3.88934230804, 4.22603178024, 4.5627207756, 4.8994102478, 5.24770975113, 5.59600877762, 5.93269824982, 6.26938772202, 6.6176867485, 6.96598625183, 7.30267572403, 7.65097475052, 7.98766422272, 8.33596324921, 8.6958732605, 9.04417228699, 9.38086128235, 9.70594120026, 10.0542402267, 10.4025392532, 10.7508392334, 11.0991382599, 11.4358272552, 11.7841272354, 12.1324262619, 12.4691152573, 12.8174142838, 13.1541042328, 13.4907932281, 13.8274831772, 14.1641721725, 14.512471199, 14.8607711792, 15.2090702057, 15.5573692322, 15.9056682587, 16.242357254, 16.5790481567, 16.9273471832, 17.2640361786, 17.600725174, 17.9490242004, 18.2857131958, 18.6224040985, 18.970703125, 19.3073921204, 19.6440811157, 19.9923801422, 20.3406791687, 20.6773700714, 21.0256690979, 21.3623580933, 21.7106571198, 22.0473461151, 22.3840351105, 22.7091159821, 23.0574150085, 23.405714035, 23.7424030304, 24.0907020569, 24.4273910522, 24.764081955, 25.1007709503, 25.4490699768, 25.7973690033, 26.1456680298, 26.4939670563, 26.8190479279, 27.1673469543, 27.5156459808, 27.8639450073, 28.2122440338, 28.5605430603, 28.9088420868, 29.2571430206, 29.593832016, 29.9421310425, 30.2788200378, 30.6271190643, 30.9638080597, 31.3237190247, 31.66040802, 31.9970970154, 32.3453979492, 32.6936950684, 33.0419960022, 33.3902931213, 33.7269821167, 34.0752830505, 34.5745124817, 35.0853500366, 35.5961914062, 36.1070289612, 36.6178665161, 37.1287078857, 37.6395454407, 38.1503829956, 38.6612243652, 39.1720619202, 39.6712913513, 40.1705207825, 40.6813583374, 41.192199707, 41.703037262, 42.2138786316, 42.7247161865, 43.2355537415, 43.7463951111, 44.257232666, 44.7680702209, 45.2789115906, 45.7897491455, 46.3005905151, 46.8114280701, 47.322265625, 47.8214950562, 48.3439445496, 48.8547821045, 49.3540115356, 49.8532409668, 50.3640823364, 50.8749198914, 51.3857574463, 51.8965988159, 52.4074363708, 52.9182739258, 53.4407234192, 53.9747848511, 54.4972343445, 55.0312919617, 55.5653495789, 56.0994110107, 56.6334686279, 57.1675262451, 57.6899757385, 58.2008171082, 58.7116546631, 59.2341041565, 59.7449417114, 60.2673912048, 60.7898406982, 61.1265296936, 61.4748306274, 61.8231277466, 62.1714286804, 62.531337738, 62.8912467957, 63.2511558533, 63.5994529724, 63.9477539062, 64.3076629639, 64.6675720215, 65.0158691406, 65.3641738892, 65.7124710083, 66.0375518799, 66.385848999, 66.7341461182, 67.0824508667, 67.4307479858, 67.779045105, 68.1273422241, 68.4756469727, 68.8239440918, 69.1722412109, 69.5205459595, 69.8688430786, 70.2171401978, 70.5770492554, 70.9253463745, 71.273651123, 71.6103363037, 71.9586410522, 72.3069381714, 72.6552352905, 73.0151443481, 73.3750534058, 73.7117462158, 74.0484313965, 74.396736145, 74.7334213257, 75.0817184448, 75.4184112549, 75.766708374, 76.1150131226, 76.4516983032, 76.7883911133, 77.1250762939, 77.461769104, 77.7984542847, 78.1467590332, 78.4834442139, 78.831741333, 79.1800460815, 79.5283432007, 79.8650360107, 80.2017211914, 80.5384140015, 80.8867111206, 81.2233963013, 81.5717010498, 81.9199981689, 82.2682952881, 82.5933761597, 82.9416732788, 83.2899780273, 83.6382751465, 83.9749679565, 84.3116531372, 84.6599502563, 85.0082550049, 85.356552124, 85.7048492432, 86.0531539917, 86.3898391724, 86.7265319824, 87.0748291016, 87.4231262207, 87.7714233398, 88.1081161499, 88.44480896, 88.7814941406, 89.1181869507, 89.4664840698, 89.814781189, 90.1630859375, 90.5113830566, 90.8596801758, 91.2079772949, 91.5562820435, 91.9045791626, 92.2296600342, 92.5779571533, 92.9030380249, 93.251335144, 93.5880279541, 93.9247131348, 94.2730178833, 94.609703064, 94.946395874, 95.3063049316, 95.6429901123, 95.9912872314, 96.3279800415, 96.6646728516, 97.0129699707, 97.3612670898, 97.709564209, 98.0346450806, 98.3829498291, 98.7312469482, 99.0795440674, 99.4278411865, 99.7761459351, 100.124443054, 100.461128235, 100.797821045, 101.146118164, 101.494422913, 101.842720032, 102.191017151, 102.53931427, 102.887619019, 103.235916138, 103.584213257, 103.932518005, 104.280815125, 104.617500305, 104.954193115, 105.290885925, 105.790107727, 106.289337158, 106.788566589, 107.322631836, 107.856689453, 108.39074707, 108.924804688, 109.458862305, 109.992919922, 110.526985168, 111.049430847, 111.571876526, 112.105941772, 112.63999939, 113.185668945, 113.731338501, 114.265396118, 114.799453735, 115.333511353, 115.879180908, 116.413238525, 116.947296143, 117.481361389, 118.027030945, 118.561088562, 119.095146179, 119.617591858, 120.140045166, 120.662490845, 121.184944153, 121.707389832, 122.218231201, 122.74067688, 123.25151825, 123.762359619, 124.273193359, 124.795646667, 125.318092346, 125.840545654, 126.362991333, 126.885437012, 127.40789032, 127.930335999, 128.452789307, 128.986846924, 129.520904541, 130.04335022, 130.565795898, 131.076644897, 131.575866699, 132.086715698, 132.609161377, 133.143218994, 133.677276611, 134.19972229, 134.722167969, 135.244628906, 135.767074585, 136.289520264, 136.800354004, 137.322814941, 137.84526062, 138.367706299, 138.890151978, 139.412597656, 139.923446655, 140.434280396, 140.945129395, 141.455963135, 141.966796875, 142.489242554, 142.988479614, 143.476104736, 143.9637146, 144.451339722, 144.938949585, 145.426574707, 145.902587891, 146.401809692, 146.901046753, 147.400268555, 147.899505615, 148.37550354, 148.851516724, 149.327529907, 149.803527832, 150.279541016, 150.767166138, 151.243179321, 151.730789185, 152.218414307, 152.70602417, 153.20526123, 153.716094971, 154.215332031, 154.702941895, 155.202178955, 155.713012695, 156.223846436, 156.734695435, 157.245529175, 157.744766235, 158.232376099, 158.720001221, 159.207611084, 159.683624268, 160.17124939, 160.658859253, 161.158096313, 161.657318115, 162.168167114, 162.679000854, 163.189834595, 163.700683594, 164.199905396, 164.699142456, 165.198364258, 165.69758606, 166.19682312, 166.696044922, 167.195281982, 167.694503784, 168.193740845, 168.692962646, 169.203811646, 169.714645386, 170.213867188, 170.713104248, 171.20072937, 171.688339233, 172.187576294, 172.698410034, 173.209243774, 173.708480835, 174.207702637, 174.706939697, 175.206161499, 175.70539856, 176.204620361, 176.703857422, 177.203079224, 177.702316284, 178.201538086, 178.700775146, 179.211608887, 179.710830688, 180.210067749, 180.720901489, 181.231735229, 181.742584229, 182.24180603, 182.741043091, 183.251876831, 183.762710571, 184.261947632, 184.761169434, 185.260406494, 185.771240234, 186.282089233, 186.781311035, 187.292144775, 187.802993774, 188.302215576, 188.789840698, 189.2890625, 189.788299561, 190.275909424, 190.775146484, 191.262756348, 191.75038147, 192.238006592, 192.725616455, 193.213241577, 193.70085144, 194.188476562, 194.676101685, 195.152099609, 195.628112793, 196.115737915, 196.603347778, 197.0909729, 197.578598022, 198.054595947, 198.530609131, 199.018234253, 199.505844116, 199.9818573, 200.469467163, 200.957092285, 201.433105469, 201.920715332, 202.408340454, 202.895965576, 203.383575439, 203.871200562, 204.358810425, 204.846435547, 205.194732666, 205.543029785, 205.891326904, 206.239639282, 206.669204712, 207.098770142, 207.528335571, 207.95791626, 208.387481689, 208.817047119, 209.258224487, 209.699401855, 210.140579224, 210.581771851, 211.01133728, 211.406066895, 211.800811768, 212.195556641, 212.613510132, 213.019866943, 213.437820435, 213.855773926, 214.273742676, 214.691696167, 215.109649658, 215.527618408, 215.945571899, 216.363540649, 216.781494141, 217.199447632, 217.617416382, 218.035369873], "beats_loudness": {"dmean2": 0.0282672327012, "median": 0.035228382796, "min": 2.43172526098e-05, "dvar2": 0.000605437788181, "dvar": 0.000205340445973, "dmean": 0.0160090476274, "max": 0.0997388288379, "var": 0.000278716615867, "mean": 0.0368093661964}, "danceability": 1.11839187145, "bpm_histogram_second_peak_weight": {"dmean2": 0, "median": 0.141732290387, "min": 0.141732290387, "dvar2": 0, "dvar": 0, "dmean": 0, "max": 0.141732290387, "var": 0, "mean": 0.141732290387}, "beats_count": 509, "bpm_histogram_second_peak_bpm": {"dmean2": 0, "median": 178, "min": 178, "dvar2": 0, "dvar": 0, "dmean": 0, "max": 178, "var": 0, "mean": 178}, "bpm_histogram_first_peak_spread": {"dmean2": 0, "median": 0, "min": 0, "dvar2": 0, "dvar": 0, "dmean": 0, "max": 0, "var": 0, "mean": 0}, "beats_loudness_band_ratio": {"dmean2": [0.359939187765, 0.241255611181, 0.295545756817, 0.204371064901, 0.136707901955, 0.122902348638], "median": [0.281343251467, 0.106597170234, 0.148872315884, 0.127077430487, 0.0862487703562, 0.0579919740558], "min": [1.63033107015e-07, 0.000220045796596, 0.00192780210637, 0.000130522690597, 4.3711374019e-05, 4.30664185842e-05], "dvar2": [0.0930624678731, 0.0477164871991, 0.0604473985732, 0.0390846580267, 0.0181850939989, 0.0315280593932], "dvar": [0.0309301596135, 0.0169944595546, 0.0227619092911, 0.0145219564438, 0.00634103594348, 0.010808384046], "dmean": [0.209527850151, 0.132295042276, 0.170152634382, 0.115779593587, 0.0780146121979, 0.0676736459136], "max": [0.919187307358, 0.758151471615, 0.733263850212, 0.772988021374, 0.548777759075, 0.796214163303], "var": [0.0472552888095, 0.0233508348465, 0.0286225136369, 0.0209763459861, 0.00919343344867, 0.00786183401942], "mean": [0.331000596285, 0.16000264883, 0.210687249899, 0.168244346976, 0.114357464015, 0.0787135437131]}}, "lowlevel": {"barkbands_spread": {"dmean2": 8.10808181763, "median": 25.6040878296, "min": 0.900252819061, "dvar2": 111.56728363, "dvar": 51.1820335388, "dmean": 5.2734041214, "max": 102.029388428, "var": 217.508895874, "mean": 27.2107868195}, "melbands_spread": {"dmean2": 13.0175065994, "median": 29.4401569366, "min": 0.724888503551, "dvar2": 477.980560303, "dvar": 216.549697876, "dmean": 8.41728115082, "max": 263.099761963, "var": 572.733703613, "mean": 33.6928405762}, "hfc": {"dmean2": 11.292011261, "median": 32.811832428, "min": 1.13769203841e-16, "dvar2": 399.306182861, "dvar": 185.600067139, "dmean": 7.50935697556, "max": 251.219787598, "var": 528.051879883, "mean": 34.9310035706}, "barkbands_kurtosis": {"dmean2": 2.46428847313, "median": 0.388549804688, "min": -1.90294802189, "dvar2": 67.3096694946, "dvar": 28.0880069733, "dmean": 1.57676720619, "max": 270.173461914, "var": 38.7668876648, "mean": 1.70512783527}, "gfcc": {"mean": [36.4981498718, 72.6808547974, -122.640579224, 25.5714378357, -57.7199935913, 12.2913246155, -32.5517959595, 12.5816869736, -24.6671123505, 1.52873849869, -20.1832275391, 0.0896028727293, -9.1358089447], "icov": [[0.000313896103762, 3.1865879464e-06, 0.000242658003117, -0.000110556960863, 5.40697219549e-05, -0.000701022392605, 0.000562062545214, -0.000554903643206, 0.000427311024396, -0.000738639617339, 0.000402715901146, -0.000569374184124, 0.000464178272523], [3.1865879464e-06, 0.00145376881119, -0.000563788868021, 3.0374801554e-06, -0.000727762875613, 0.00104391691275, -0.00149036501534, 0.000594423268922, -0.000794608786236, 0.000917136319913, -0.00146039854735, 0.00167654326651, -0.000957913871389], [0.000242658003117, -0.000563788868021, 0.0012591915438, -0.000531432684511, 0.000383340433473, -0.000768171157688, 0.00138814456295, -0.00116548303049, 0.00077161664376, -0.00115864316467, 0.00068359321449, -0.00115279818419, 0.00141749484465], [-0.000110556960863, 3.0374801554e-06, -0.000531432684511, 0.00313103036024, -0.00019456926384, -0.00107575627044, 0.000291068688966, -0.000541026005521, -0.000896545185242, -3.75781528419e-05, -0.000291236297926, -0.000193247338757, -0.000915405922569], [5.40697219549e-05, -0.000727762875613, 0.000383340433473, -0.00019456926384, 0.00507738813758, -0.000534153310582, -0.000265594921075, 0.000466761732241, -0.000745666911826, -0.00196555815637, 0.000637432502117, -0.00130753370468, -0.000974805559963], [-0.000701022392605, 0.00104391691275, -0.000768171157688, -0.00107575627044, -0.000534153310582, 0.00756488041952, -0.00314171961509, -0.00126538251061, -8.56393526192e-05, 0.00171466392931, -0.00142513774335, 0.00101800868288, 0.000299869803712], [0.000562062545214, -0.00149036501534, 0.00138814456295, 0.000291068688966, -0.000265594921075, -0.00314171961509, 0.00780482497066, -0.00465243775398, 0.00143491721246, -0.00149060960393, 1.12061979962e-05, -0.00128620816395, 0.00102336646523], [-0.000554903643206, 0.000594423268922, -0.00116548303049, -0.000541026005521, 0.000466761732241, -0.00126538251061, -0.00465243775398, 0.0135123301297, -0.00508975423872, -0.000438944349298, 0.00197398080491, -0.000203682517167, -0.000448732287623], [0.000427311024396, -0.000794608786236, 0.00077161664376, -0.000896545185242, -0.000745666911826, -8.56393526192e-05, 0.00143491721246, -0.00508975423872, 0.0147965028882, -0.00708933919668, 0.0005094743683, 0.00072388391709, 1.95399275071e-06], [-0.000738639617339, 0.000917136319913, -0.00115864316467, -3.75781528419e-05, -0.00196555815637, 0.00171466392931, -0.00149060960393, -0.000438944349298, -0.00708933919668, 0.0179129727185, -0.00652193790302, 0.00202235416509, 9.20113816392e-05], [0.000402715901146, -0.00146039854735, 0.00068359321449, -0.000291236297926, 0.000637432502117, -0.00142513774335, 1.12061979962e-05, 0.00197398080491, 0.0005094743683, -0.00652193790302, 0.01830820553, -0.00883702561259, 0.00125771586318], [-0.000569374184124, 0.00167654326651, -0.00115279818419, -0.000193247338757, -0.00130753370468, 0.00101800868288, -0.00128620816395, -0.000203682517167, 0.00072388391709, 0.00202235416509, -0.00883702561259, 0.0207968112081, -0.00540068792179], [0.000464178272523, -0.000957913871389, 0.00141749484465, -0.000915405922569, -0.000974805559963, 0.000299869803712, 0.00102336646523, -0.000448732287623, 1.95399275071e-06, 9.20113816392e-05, 0.00125771586318, -0.00540068792179, 0.0143255367875]], "cov": [[8799.76855469, -1954.87658691, -82.9187545776, 711.072753906, -156.523590088, 1115.01757812, -116.5652771, 564.924804688, 29.7947254181, 300.042449951, -84.7206344604, 192.343032837, -292.155548096], [-1954.87658691, 1670.27478027, 227.918243408, -76.3384933472, 237.402206421, -269.509277344, 239.828338623, -64.717376709, 93.9794921875, -0.132281154394, 102.994468689, -62.9193153381, 117.460571289], [-82.9187545776, 227.918243408, 1529.02978516, 314.661743164, -49.2385253906, 131.609649658, -79.2025604248, 132.029205322, 43.4025382996, 82.5995025635, 11.9565601349, 22.7955646515, -102.565742493], [711.072753906, -76.3384933472, 314.661743164, 509.842071533, 31.2529506683, 201.407546997, 31.1530971527, 134.44430542, 69.0880889893, 74.6004104614, 18.4766960144, 37.5057754517, -14.7758312225], [-156.523590088, 237.402206421, -49.2385253906, 31.2529506683, 274.503173828, -0.507200300694, 78.9472198486, 16.604845047, 54.1792068481, 46.8671798706, 32.8909568787, 15.4263744354, 44.0050582886], [1115.01757812, -269.509277344, 131.609649658, 201.407546997, -0.507200300694, 365.78125, 93.9294509888, 155.013198853, 29.2681064606, 53.9897651672, 1.17132616043, 31.4168014526, -52.4581832886], [-116.5652771, 239.828338623, -79.2025604248, 31.1530971527, 78.9472198486, 93.9294509888, 292.548370361, 101.222572327, 48.2526664734, 34.0074310303, 30.592124939, 4.49970293045, 14.1048870087], [564.924804688, -64.717376709, 132.029205322, 134.44430542, 16.604845047, 155.013198853, 101.222572327, 192.685134888, 67.9157028198, 60.5192527771, -0.693498313427, 15.879784584, -24.7660732269], [29.7947254181, 93.9794921875, 43.4025382996, 69.0880889893, 54.1792068481, 29.2681064606, 48.2526664734, 67.9157028198, 125.567184448, 64.6457138062, 18.839132309, 0.648263812065, 5.35139751434], [300.042449951, -0.132281154394, 82.5995025635, 74.6004104614, 46.8671798706, 53.9897651672, 34.0074310303, 60.5192527771, 64.6457138062, 114.474235535, 34.5398216248, 15.292550087, -9.62291908264], [-84.7206344604, 102.994468689, 11.9565601349, 18.4766960144, 32.8909568787, 1.17132616043, 30.592124939, -0.693498313427, 18.839132309, 34.5398216248, 89.7115249634, 31.7177143097, 13.4930028915], [192.343032837, -62.9193153381, 22.7955646515, 37.5057754517, 15.4263744354, 31.4168014526, 4.49970293045, 15.879784584, 0.648263812065, 15.292550087, 31.7177143097, 76.0369338989, 16.0522346497], [-292.155548096, 117.460571289, -102.565742493, -14.7758312225, 44.0050582886, -52.4581832886, 14.1048870087, -24.7660732269, 5.35139751434, -9.62291908264, 13.4930028915, 16.0522346497, 103.567970276]]}, "spectral_energyband_middle_low": {"dmean2": 0.00721622537822, "median": 0.0102531397715, "min": 2.29299297415e-22, "dvar2": 0.000136893242598, "dvar": 5.32765006938e-05, "dmean": 0.00449079787359, "max": 0.107555128634, "var": 0.000113709262223, "mean": 0.0135622741655}, "melbands_crest": {"dmean2": 5.22036314011, "median": 11.8795261383, "min": 2.18068981171, "dvar2": 34.1660270691, "dvar": 12.2256717682, "dmean": 3.19452023506, "max": 33.2002220154, "var": 27.8698940277, "mean": 12.9033374786}, "spectral_kurtosis": {"dmean2": 2.92228603363, "median": 3.4669175148, "min": -1.33789813519, "dvar2": 49.8251190186, "dvar": 15.7680053711, "dmean": 1.71674048901, "max": 75.1568603516, "var": 59.9653968811, "mean": 5.29172897339}, "spectral_rms": {"dmean2": 0.00115110119805, "median": 0.00559196062386, "min": 3.2169733457e-12, "dvar2": 2.00276508622e-06, "dvar": 7.68400809648e-07, "dmean": 0.00070340745151, "max": 0.0116880116984, "var": 2.46598506237e-06, "mean": 0.00543917296454}, "zerocrossingrate": {"dmean2": 0.0123996576294, "median": 0.06982421875, "min": 0.00390625, "dvar2": 0.000295203062706, "dvar": 0.000298993720207, "dmean": 0.0112074492499, "max": 0.5029296875, "var": 0.00200975080952, "mean": 0.0773148983717}, "silence_rate_60dB": {"dmean2": 0.0101943295449, "median": 0, "min": 0, "dvar2": 0.01221574191, "dvar": 0.00507128285244, "dmean": 0.00509662367404, "max": 1, "var": 0.0251317340881, "mean": 0.0257989168167}, "erbbands_kurtosis": {"dmean2": 1.15386259556, "median": 0.114366292953, "min": -1.667740345, "dvar2": 3.91057896614, "dvar": 1.73728883266, "dmean": 0.748922169209, "max": 42.2642097473, "var": 5.02442598343, "mean": 0.684856891632}, "erbbands": {"dmean2": [0.236018240452, 1.27523088455, 3.52325749397, 3.87051796913, 9.64781188965, 11.9486141205, 13.5073881149, 10.8071842194, 18.3020496368, 20.3335857391, 29.5930042267, 33.9747047424, 51.012386322, 29.5883216858, 25.2345256805, 31.3156433105, 25.5587978363, 31.388502121, 30.9579048157, 28.4061012268, 29.6460494995, 32.957736969, 19.2104911804, 19.0581436157, 15.86977005, 16.9287624359, 13.2013177872, 9.48942947388, 6.92701053619, 6.78663015366, 6.88901376724, 5.21531248093, 3.87748003006, 1.90641534328, 0.653471171856, 0.225675046444, 0.0752539858222, 0.0150393946096, 0.00156822707504, 5.16387190146e-05], "median": [0.055886246264, 0.621977388859, 1.6366776228, 2.27213144302, 3.65626978874, 4.51976823807, 6.54559087753, 5.43611907959, 10.3140325546, 10.5391349792, 15.2331876755, 20.7257614136, 36.1428604126, 22.911863327, 18.8974094391, 24.5053825378, 21.0289535522, 19.5015392303, 25.0355606079, 21.2626171112, 27.3023757935, 34.6505851746, 23.3561019897, 22.9503707886, 19.6894702911, 15.8568592072, 15.0379810333, 12.2238645554, 6.97414970398, 5.21117258072, 3.60576200485, 2.61444783211, 1.71687436104, 0.930921852589, 0.427019536495, 0.172082588077, 0.053125411272, 0.00857084617019, 0.00054666592041, 6.22027728241e-05], "min": [3.03264546817e-21, 4.08471156884e-21, 4.84699889299e-21, 2.01492812321e-20, 5.54415479118e-20, 1.61964432555e-19, 5.17828052779e-20, 1.01855879928e-19, 1.80757407386e-19, 3.52516356327e-19, 6.66991555162e-19, 1.12699305275e-18, 1.68337334432e-18, 1.4183303038e-18, 1.50271327283e-18, 3.25835397515e-18, 4.54175633518e-18, 4.40020463927e-18, 5.66555523e-18, 6.82548496038e-18, 7.92966519902e-18, 1.08040723327e-17, 7.47575231943e-18, 5.7726081177e-18, 9.64739590368e-18, 9.75149492941e-18, 1.56745035076e-17, 2.08154111623e-17, 2.54937015158e-17, 1.68938107439e-17, 1.75007545184e-17, 1.77230808147e-17, 1.2504759808e-17, 1.27723767244e-17, 8.48705506453e-18, 4.55512853696e-18, 2.92137651682e-18, 1.22676840542e-18, 3.38762643336e-19, 3.05434890222e-20], "dvar2": [0.319088608027, 8.47340202332, 106.698066711, 48.9967079163, 645.998535156, 801.619750977, 1043.69494629, 647.6796875, 1597.41955566, 1948.17736816, 3900.94433594, 4835.71435547, 10033.9384766, 2960.70166016, 2448.9453125, 2621.64331055, 1774.91430664, 3816.64648438, 3816.29223633, 3367.97314453, 2523.35839844, 2254.80371094, 710.329345703, 579.737365723, 665.511962891, 1080.26049805, 471.050750732, 211.890762329, 178.134536743, 359.710601807, 657.979187012, 423.697631836, 293.160705566, 70.9044189453, 4.49967575073, 0.385995596647, 0.0375972352922, 0.00128402665723, 1.75785717147e-05, 1.38825670959e-08], "dvar": [0.110584415495, 3.01584911346, 37.2089958191, 17.5917434692, 231.114044189, 322.110534668, 437.068817139, 258.710723877, 692.241149902, 847.228271484, 1749.5078125, 2248.24291992, 4736.61767578, 1410.36096191, 1063.15856934, 1116.8605957, 765.524291992, 1505.26538086, 1556.8626709, 1563.32019043, 1071.75195312, 866.609375, 298.916442871, 224.090591431, 282.332427979, 448.842956543, 187.377105713, 84.1056518555, 76.3619232178, 156.25668335, 302.573699951, 201.190917969, 136.084442139, 32.8958702087, 2.05053424835, 0.183650135994, 0.018573069945, 0.000622439489234, 9.12726864044e-06, 7.36858440931e-09], "dmean": [0.145285233855, 0.734991669655, 1.974614501, 2.24678659439, 5.55982875824, 7.29409456253, 8.52268505096, 6.68818712234, 11.4485902786, 13.0150728226, 19.4474849701, 22.5021133423, 34.1547203064, 20.0598945618, 16.4202632904, 19.4625492096, 16.302488327, 19.8320446014, 19.5338058472, 18.5837516785, 18.9046115875, 20.3675765991, 11.8858995438, 11.5537500381, 9.85312366486, 10.6973390579, 8.06032180786, 5.76352071762, 4.24576854706, 4.23355674744, 4.53022575378, 3.54179382324, 2.66661286354, 1.34539175034, 0.452383249998, 0.15808364749, 0.0534825585783, 0.0109430355951, 0.00117721722927, 3.73924740416e-05], "max": [3.1664750576, 17.9160614014, 61.0114021301, 61.3844795227, 235.856521606, 310.961608887, 431.442016602, 302.908569336, 649.117736816, 676.151916504, 842.271240234, 1138.74768066, 1736.46020508, 883.102050781, 939.759460449, 909.079101562, 640.981506348, 773.442810059, 1074.84716797, 1131.51171875, 995.758056641, 630.457641602, 437.944580078, 265.163757324, 652.933654785, 1073.76721191, 282.415344238, 290.21862793, 256.357421875, 375.264404297, 398.599517822, 353.982330322, 333.116851807, 156.165802002, 37.6198158264, 13.0435771942, 4.12780809402, 0.733158588409, 0.0595126226544, 0.00146770582069], "var": [0.115942396224, 3.00043511391, 24.4452018738, 17.7566661835, 207.109771729, 541.490234375, 734.36138916, 418.990020752, 1442.57983398, 2777.01489258, 7851.33642578, 12925.0859375, 45507.8867188, 8458.34472656, 3470.46142578, 2884.61279297, 2308.0847168, 4062.51367188, 3063.42773438, 5474.77294922, 5908.00585938, 2409.32592773, 693.71673584, 602.698242188, 652.578979492, 1844.14355469, 761.065368652, 183.935089111, 155.704147339, 272.773986816, 575.744873047, 405.900146484, 258.646331787, 58.6775131226, 3.75776386261, 0.343956679106, 0.0386860817671, 0.0011739784386, 1.67524285644e-05, 1.37732962813e-08], "mean": [0.170267149806, 1.10380685329, 2.70246553421, 3.49424290657, 7.53393411636, 11.868514061, 14.7607927322, 11.5269050598, 20.6174583435, 26.8663806915, 46.1000366211, 56.8131828308, 113.406196594, 57.9693222046, 38.934211731, 41.577041626, 36.0140647888, 41.4121589661, 41.690120697, 43.5434913635, 48.8552246094, 47.3313522339, 27.8967113495, 27.5622596741, 23.7793617249, 29.2261619568, 22.2289829254, 14.2143259048, 9.38974571228, 8.43206787109, 8.36837673187, 6.73396015167, 4.84628868103, 2.4584171772, 0.887781560421, 0.32068875432, 0.103637494147, 0.0194127429277, 0.00192132033408, 9.31644171942e-05]}, "spectral_strongpeak": {"dmean2": 1.29222667217, "median": 0.862159132957, "min": 0, "dvar2": 3.6071972847, "dvar": 1.4142421484, "dmean": 0.745736420155, "max": 14.3836727142, "var": 3.23192596436, "mean": 1.66935288906}, "spectral_energy": {"dmean2": 0.0146418325603, "median": 0.0320517718792, "min": 1.0607640583e-20, "dvar2": 0.000419639400207, "dvar": 0.000154794091941, "dmean": 0.00874535553157, "max": 0.140024870634, "var": 0.000287302857032, "mean": 0.0328518114984}, "average_loudness": 0.969041705132, "spectral_rolloff": {"dmean2": 849.575866699, "median": 1658.05664062, "min": 86.1328125, "dvar2": 1773737.25, "dvar": 922217.25, "dmean": 516.87713623, "max": 18561.6210938, "var": 2738770, "mean": 2005.01916504}, "spectral_centroid": {"dmean2": 338.700469971, "median": 1664.2956543, "min": 210.240112305, "dvar2": 193994.859375, "dvar": 113474.726562, "dmean": 225.470291138, "max": 11237.3759766, "var": 539073.0625, "mean": 1686.09643555}, "pitch_salience": {"dmean2": 0.101929582655, "median": 0.570085883141, "min": 0.101939886808, "dvar2": 0.0106088398024, "dvar": 0.0041296328418, "dmean": 0.0631951466203, "max": 0.922586381435, "var": 0.0116873048246, "mean": 0.56258893013}, "spectral_energyband_middle_high": {"dmean2": 0.00336834229529, "median": 0.00869122333825, "min": 1.41914415824e-21, "dvar2": 1.50408277477e-05, "dvar": 6.53236747894e-06, "dmean": 0.00223386986181, "max": 0.0491780750453, "var": 5.39498978469e-05, "mean": 0.0101787047461}, "spectral_contrast_coeffs": {"dmean2": [0.0823359787464, 0.0734274312854, 0.0585487224162, 0.0472998581827, 0.0339860506356, 0.0295497328043], "median": [-0.66822296381, -0.737824976444, -0.741199016571, -0.768963932991, -0.787197053432, -0.743980884552], "min": [-0.966713368893, -0.966959416866, -0.967841625214, -0.971400141716, -0.96177983284, -0.961841821671], "dvar2": [0.0052011301741, 0.0038466823753, 0.00236838404089, 0.00148521305528, 0.000781372305937, 0.000758434005547], "dvar": [0.00210301019251, 0.00152533152141, 0.000975336239208, 0.000634889060166, 0.000321482191794, 0.000307075650198], "dmean": [0.0503192096949, 0.045380409807, 0.0367789827287, 0.0295292008668, 0.0211271103472, 0.0184457879514], "max": [-0.206635802984, -0.392697095871, -0.416644722223, -0.437021255493, -0.519050657749, -0.562067985535], "var": [0.010854168795, 0.0065207243897, 0.00640519428998, 0.00383545993827, 0.00206701015122, 0.00176320120227], "mean": [-0.64886868, -0.725970447063, -0.729312479496, -0.763567209244, -0.782478988171, -0.748296558857]}, "melbands_skewness": {"dmean2": 0.851255357265, "median": 1.50019276142, "min": -4.79403781891, "dvar2": 1.20751714706, "dvar": 0.513602793217, "dmean": 0.541444659233, "max": 14.0540418625, "var": 1.48036336899, "mean": 1.74609458447}, "spectral_spread": {"dmean2": 617631.5625, "median": 4539592, "min": 817994.0625, "dvar2": 902553731072, "dvar": 633725976576, "dmean": 446660.53125, "max": 40807184, "var": 2828798525440.0, "mean": 4704351}, "dissonance": {"dmean2": 0.0276287551969, "median": 0.472739458084, "min": 0.213081106544, "dvar2": 0.000787337427028, "dvar": 0.000306868867483, "dmean": 0.0166792236269, "max": 0.500000059605, "var": 0.00103013217449, "mean": 0.463771343231}, "spectral_skewness": {"dmean2": 0.329824328423, "median": 1.39345419407, "min": -0.43119212985, "dvar2": 0.24883620441, "dvar": 0.0872798860073, "dmean": 0.202856242657, "max": 6.99382257462, "var": 0.572694957256, "mean": 1.54703855515}, "spectral_flux": {"dmean2": 0.0384080708027, "median": 0.0817607417703, "min": 1.02993398532e-10, "dvar2": 0.00163752015214, "dvar": 0.000803923467174, "dmean": 0.0240691509098, "max": 0.346176832914, "var": 0.0020711987745, "mean": 0.0905687361956}, "spectral_contrast_valleys": {"dmean2": [0.579089999199, 0.565046846867, 0.478392004967, 0.40361058712, 0.344162851572, 0.31359744072], "median": [-6.86011171341, -6.41071557999, -6.80378961563, -7.05065393448, -6.70382118225, -9.3526763916], "min": [-27.2959060669, -27.4558029175, -27.4898147583, -27.4647884369, -27.3527565002, -27.246711731], "dvar2": [0.322467774153, 0.310799896717, 0.236310213804, 0.180756315589, 0.185416460037, 0.169137358665], "dvar": [0.157862633467, 0.157103642821, 0.132733210921, 0.111564308405, 0.113518856466, 0.1160543411