{"tonal": {"thpcp": [1, 0.830002129078, 0.425924986601, 0.257223218679, 0.2032866925, 0.151336237788, 0.121857658029, 0.108088627458, 0.0956038981676, 0.0956817120314, 0.0903951153159, 0.12223161757, 0.131758704782, 0.070561543107, 0.144271343946, 0.297172605991, 0.305872499943, 0.18185544014, 0.100441493094, 0.11351711303, 0.231762319803, 0.420115888119, 0.354204535484, 0.150457277894, 0.103639759123, 0.120361573994, 0.124320439994, 0.121770732105, 0.120835334063, 0.129098847508, 0.194761514664, 0.258480250835, 0.179165989161, 0.112002387643, 0.211140394211, 0.599285840988], "hpcp": {"dmean2": [0.133483693004, 0.140381246805, 0.135908946395, 0.185157984495, 0.205104976892, 0.149671539664, 0.166827827692, 0.310838401318, 0.457625627518, 0.366177588701, 0.46560883522, 0.477890342474, 0.374304950237, 0.268859446049, 0.200372353196, 0.15960983932, 0.143863618374, 0.135793760419, 0.131521716714, 0.113942459226, 0.111797362566, 0.100408814847, 0.0624401755631, 0.169460892677, 0.326249271631, 0.260142892599, 0.145838037133, 0.117383360863, 0.14366517961, 0.181753501296, 0.209030270576, 0.270577967167, 0.19226051867, 0.118989117444, 0.137468799949, 0.135577917099], "median": [0.0106835253537, 0.0160575378686, 0.0316750779748, 0.0432649552822, 0.0270141400397, 0.0173763744533, 0.0141438636929, 0.0221199244261, 0.264379262924, 0.619773089886, 0.436028301716, 0.086990006268, 0.021340245381, 0.0122925639153, 0.0145847611129, 0.01795912534, 0.015107261017, 0.0114552155137, 0.0125527307391, 0.0149469645694, 0.0338688567281, 0.0405553802848, 0.0226853135973, 0.0146226864308, 0.04994469136, 0.0632520541549, 0.0151098128408, 0.012058056891, 0.0107017681003, 0.0672442913055, 0.132929414511, 0.121331632137, 0.0333425216377, 0.0154722426087, 0.0122170317918, 0.0102498605847], "min": [0, 0, 0, 0, 0, 0, 0, 0, 0, 0, 0, 0, 0, 0, 0, 0, 0, 0, 0, 0, 0, 0, 0, 0, 0, 0, 0, 0, 0, 0, 0, 0, 0, 0, 0, 0], "dvar2": [0.0784929394722, 0.0900577753782, 0.0635802447796, 0.087405860424, 0.119741335511, 0.0612636171281, 0.09087138623, 0.172625556588, 0.204116299748, 0.149685412645, 0.16313996911, 0.229731708765, 0.228697255254, 0.165131404996, 0.132417663932, 0.104873850942, 0.0893066972494, 0.0795880332589, 0.0733100250363, 0.0462746880949, 0.0352580063045, 0.0330765433609, 0.0153848482296, 0.0534595288336, 0.164220005274, 0.0890320017934, 0.0581311993301, 0.0459666885436, 0.049565538764, 0.0592808052897, 0.0663758888841, 0.0985161215067, 0.0574779994786, 0.0450704470277, 0.0749250128865, 0.0762608423829], "dvar": [0.0292661711574, 0.0317884683609, 0.0222964752465, 0.0338516235352, 0.0532376244664, 0.0263982769102, 0.0314487367868, 0.0624863356352, 0.0735450908542, 0.0600048750639, 0.0652765184641, 0.0859061554074, 0.0823040306568, 0.0607386082411, 0.0476285256445, 0.0367227904499, 0.0318156816065, 0.0279131326824, 0.0256442055106, 0.0167284980416, 0.0129565717652, 0.0118590984493, 0.00563926482573, 0.0189532153308, 0.0578749626875, 0.0344414561987, 0.0250674076378, 0.0163634400815, 0.018522432074, 0.0217799451202, 0.025400467217, 0.032978143543, 0.020067948848, 0.0170568022877, 0.0285318214446, 0.0279623903334], "dmean": [0.0758503824472, 0.078186839819, 0.0751140266657, 0.105900816619, 0.117580242455, 0.0898156240582, 0.0891026705503, 0.167375460267, 0.25575709343, 0.205952480435, 0.264847099781, 0.26379570365, 0.201861262321, 0.14981611073, 0.11025826633, 0.0874110534787, 0.0789071768522, 0.0727061480284, 0.0709581449628, 0.0636225044727, 0.0635925084352, 0.0576602332294, 0.0353758856654, 0.0941778868437, 0.183501601219, 0.151606917381, 0.087959676981, 0.0659949481487, 0.0789591819048, 0.106229811907, 0.126124739647, 0.149413511157, 0.104351691902, 0.067972458899, 0.0787168815732, 0.0763662159443], "max": [1, 1, 1, 1, 1, 1, 1, 1, 1, 1, 1, 1, 1, 1, 1, 1, 1, 1, 1, 1, 1, 1, 1, 1, 1, 1, 1, 1, 1, 1, 1, 1, 1, 1, 1, 1], "var": [0.0283705126494, 0.0273182932287, 0.019043635577, 0.032063703984, 0.0784987956285, 0.0403935834765, 0.0202395077795, 0.048212248832, 0.103933498263, 0.164024084806, 0.126235499978, 0.0924725905061, 0.0642491653562, 0.0532955192029, 0.035875171423, 0.0250411406159, 0.0214415155351, 0.0192632507533, 0.0177440010011, 0.0120930708945, 0.0108795799315, 0.0107515193522, 0.0048614195548, 0.0193386673927, 0.0620428472757, 0.0567287169397, 0.040194850415, 0.0137965437025, 0.0176021847874, 0.0291765853763, 0.0715257376432, 0.0492653287947, 0.0165460947901, 0.0141147822142, 0.0258069224656, 0.0272019337863], "mean": [0.0680222287774, 0.067499704659, 0.072115778923, 0.108795538545, 0.144389390945, 0.100083738565, 0.0625655427575, 0.117944926023, 0.334766477346, 0.558609008789, 0.463646680117, 0.23792552948, 0.143687203526, 0.113557778299, 0.0845377892256, 0.0680707842112, 0.0603792816401, 0.0534051991999, 0.0534486658871, 0.0504955276847, 0.0682796835899, 0.0736015960574, 0.0394163131714, 0.080591276288, 0.166003286839, 0.170863136649, 0.101586088538, 0.0561075210571, 0.0634116828442, 0.129464522004, 0.234680518508, 0.197861850262, 0.0840467885137, 0.057894103229, 0.0672350600362, 0.0694465190172]}, "tuning_equal_tempered_deviation": 0.151832267642, "chords_changes_rate": 0.0380359627306, "key_key": "F", "tuning_diatonic_strength": 0.572749555111, "key_scale": "minor", "chords_number_rate": 0.00138312589843, "tuning_frequency": 434.193115234, "tuning_nontempered_energy_ratio": 0.791074514389, "chords_histogram": [7.28446292877, 0.23052097857, 46.4038734436, 0, 0, 0.322729378939, 0, 9.01337051392, 0.0230520982295, 4.17242956161, 0, 0, 1.22176122665, 0, 0, 0.55325037241, 0, 0, 0, 0, 0, 0, 30.7745513916, 0], "key_strength": 0.727282047272, "chords_key": "C", "chords_strength": {"dmean2": 0.0100743100047, "median": 0.511940002441, "min": -1, "dvar2": 0.00119841843843, "dvar": 0.000567322422285, "dmean": 0.00768629740924, "max": 0.714817166328, "var": 0.0189831368625, "mean": 0.516171276569}, "chords_scale": "minor", "hpcp_entropy": {"dmean2": 1.16608178616, "median": 2.26210212708, "min": 0, "dvar2": 0.936423122883, "dvar": 0.352910667658, "dmean": 0.703784346581, "max": 4.07121610641, "var": 0.631830215454, "mean": 2.18167638779}}, "metadata": {"audio_properties": {"equal_loudness": 0, "codec": "flac", "downmix": "mix", "sample_rate": 44100, "analysis_sample_rate": 44100, "bit_rate": 0, "md5_encoded": "a267d0206530f6bc847b5c2ed8859f9f", "length": 201.386672974, "replay_gain": -9.81267547607, "lossless": true}, "version": {"essentia_build_sha": "70f2e5ece6736b2c40cc944ad0e695b16b925413", "essentia": "2.1-beta2", "extractor": "music 1.0", "essentia_git_sha": "v2.1_beta2"}, "tags": {"title": ["Let There Be Night"], "language": ["eng"], "media": ["CD"], "albumartist": ["Horologium"], "tracktotal": ["17"], "musicbrainz_releasegroupid": ["9b7afaef-ceda-4bc3-b898-8ad4fddf78c3"], "releasetype": ["album"], "musicbrainz_recordingid": ["18c37d54-cfb3-4495-94dd-442623faf6ea"], "musicbrainz_albumartistid": ["fdf70bad-573f-4443-8ef8-4d309286bf55"], "musicbrainz_releasetrackid": ["bce0b49a-b9c7-3f50-a5cd-2b72cc2946df"], "discnumber": ["1"], "totaldiscs": ["1"], "album": ["A Handful of Dust and Ashes"], "catalognumber": ["Zohar 013-2"], "releasecountry": ["PL"], "file_name": "13_Let_There_Be_Night.flac", "albumartistsort": ["Horologium"], "date": ["2010-06-16"], "genre": ["Ambient; Industrial"], "disctotal": ["1"], "musicbrainz_artistid": ["fdf70bad-573f-4443-8ef8-4d309286bf55"], "originaldate": ["2010-06-16"], "musicbrainz_albumid": ["a575c4d7-1ec4-4b55-b27e-fe3eaf0141e6"], "tracknumber": ["13"], "artistsort": ["Horologium"], "artist": ["Horologium"], "label": ["Zoharum"], "releasestatus": ["official"], "acoustid_id": ["bff444d5-788d-43ab-99d2-f64f9990d64c"], "script": ["Latn"], "totaltracks": ["17"]}}, "rhythm": {"bpm_histogram_first_peak_bpm": {"dmean2": 0, "median": 105, "min": 105, "dvar2": 0, "dvar": 0, "dmean": 0, "max": 105, "var": 0, "mean": 105}, "bpm": 106.364059448, "bpm_histogram_second_peak_spread": {"dmean2": 0, "median": 0.540816307068, "min": 0.540816307068, "dvar2": 0, "dvar": 0, "dmean": 0, "max": 0.540816307068, "var": 0, "mean": 0.540816307068}, "bpm_histogram_first_peak_weight": {"dmean2": 0, "median": 0.379947215319, "min": 0.379947215319, "dvar2": 0, "dvar": 0, "dmean": 0, "max": 0.379947215319, "var": 0, "mean": 0.379947215319}, "onset_rate": 2.88483119011, "beats_position": [0.406349211931, 0.835918366909, 1.26548755169, 1.70666658878, 2.15945577621, 2.60063481331, 3.07664394379, 3.55265307426, 4.01705217361, 4.46984100342, 4.93424034119, 5.39863920212, 5.85142850876, 6.31582736969, 6.80344676971, 7.26784563065, 7.73224496841, 8.19664382935, 8.67265319824, 9.14866161346, 9.61306095123, 10.0542402267, 10.5186395645, 10.9714279175, 11.4242172241, 11.9118366241, 12.387845993, 12.8522443771, 13.3050336838, 13.7694330215, 14.2454423904, 14.7098407745, 15.1858501434, 15.6502494812, 16.1378688812, 16.602268219, 17.0666656494, 17.5078449249, 17.9722442627, 18.4250335693, 18.877822876, 19.365442276, 19.8414516449, 20.3058490753, 20.758638382, 21.2346477509, 21.7106571198, 22.1866664886, 22.6510658264, 23.1038551331, 23.5798625946, 24.0558719635, 24.5202713013, 24.9614505768, 25.4258499146, 25.8786392212, 26.3314285278, 26.8190479279, 27.2834453583, 27.747844696, 28.2122440338, 28.6882534027, 29.1642627716, 29.6402721405, 30.1162815094, 30.5574588776, 31.0334682465, 31.5094776154, 31.9738769531, 32.4150543213, 32.8678436279, 33.3206329346, 33.7850341797, 34.2726516724, 34.7486610413, 35.2130622864, 35.6658477783, 36.1418571472, 36.6294784546, 37.1054878235, 37.5698852539, 38.0110664368, 38.4754638672, 38.9514732361, 39.427482605, 39.8686599731, 40.3330612183, 40.7858505249, 41.2386398315, 41.7262573242, 42.2022666931, 42.6666641235, 43.1194534302, 43.5954627991, 44.071472168, 44.5474815369, 45.0234909058, 45.4646720886, 45.9406776428, 46.4166870117, 46.8810882568, 47.3338775635, 47.8098869324, 48.2742843628, 48.7502937317, 49.2030830383, 49.6674804688, 50.1202697754, 50.573059082, 51.0490684509, 51.5250778198, 52.0010871887, 52.4770965576, 52.9182739258, 53.3942832947, 53.8702926636, 54.3346939087, 54.7874832153, 55.2634925842, 55.7278900146, 56.1806793213, 56.6450767517, 57.1094779968, 57.5738754272, 58.0382766724, 58.5142860413, 58.9902954102, 59.4663009644, 59.9307022095, 60.3834915161, 60.859500885, 61.3238983154, 61.7882995605, 62.252696991, 62.7403144836, 63.2163238525, 63.7039451599, 64.2728347778, 64.8417205811, 65.3990020752, 65.9678878784, 66.536781311, 67.1056671143, 67.6745529175, 68.2434463501, 68.8007278442, 69.3696136475, 69.9384994507, 70.4957809448, 71.053062439, 71.6219482422, 72.1908340454, 72.7481155396, 73.3053970337, 73.8742828369, 74.4431762695, 75.0004501343, 75.5577316284, 76.1266174316, 76.6955108643, 77.252784729, 77.8216781616, 78.3905639648, 78.9594573975, 79.5167312622, 80.0740127563, 80.6428985596, 81.2117919922, 81.7806777954, 82.3379592896, 82.8952331543, 83.4641265869, 84.0330123901, 84.5902938843, 85.1591796875, 85.7164611816, 86.2853469849, 86.8542404175, 87.4231262207, 87.9804077148, 88.537689209, 89.0949630737, 89.6638565063, 90.2327423096, 90.7900238037, 91.3472976685, 91.9161911011, 92.4850769043, 93.0423583984, 93.5996322632, 94.1685256958, 94.737411499, 95.2946929932, 95.8635787964, 96.432472229, 97.0013580322, 97.5702438354, 98.1275253296, 98.6964187622, 99.253692627, 99.8225860596, 100.391471863, 100.960357666, 101.51763916, 102.074920654, 102.632194519, 103.189476013, 103.758361816, 104.327255249, 104.884536743, 105.453422546, 106.02230835, 106.579589844, 107.148475647, 107.71736908, 108.286254883, 108.843536377, 109.41242218, 109.981315613, 110.550201416, 111.10748291, 111.664756775, 112.222038269, 112.779319763, 113.348205566, 113.917098999, 114.485984802, 115.054870605, 115.6121521, 116.169433594, 116.738319397, 117.3072052, 117.864486694, 118.421768188, 118.990653992, 119.559547424, 120.116821289, 120.674102783, 121.242988586, 121.811882019, 122.369155884, 122.926437378, 123.495323181, 124.064216614, 124.633102417, 125.20199585, 125.770881653, 126.339767456, 126.89704895, 127.454330444, 128.023223877, 128.592102051, 129.149383545, 129.706665039, 130.263946533, 130.832824707, 131.40171814, 131.958999634, 132.527893066, 133.09677124, 133.654052734, 134.211334229, 134.768615723, 135.337509155, 135.906387329, 136.475280762, 137.044174194, 137.601455688, 138.158721924, 138.716003418, 139.284896851, 139.853790283, 140.422668457, 140.99156189, 141.560455322, 142.129333496, 142.68661499, 143.243896484, 143.812789917, 144.381668091, 144.938949585, 145.496231079, 146.065124512, 146.634017944, 147.19128418, 147.748565674, 148.317459106, 148.874740601, 149.443618774, 150.000900269, 150.569793701, 151.138687134, 151.695953369, 152.253234863, 152.822128296, 153.391021729, 153.948303223, 154.505569458, 155.062850952, 155.631744385, 156.200637817, 156.757904053, 157.315185547, 157.884078979, 158.452972412, 159.021850586, 159.590744019, 160.159637451, 160.728515625, 161.285797119, 161.854690552, 162.423583984, 162.980865479, 163.538131714, 164.107025146, 164.675918579, 165.233200073, 165.790466309, 166.359359741, 166.928253174, 167.485534668, 168.054412842, 168.623306274, 169.180587769, 169.737869263, 170.306747437, 170.875640869, 171.432922363, 171.990203857, 172.55909729, 173.127975464, 173.685256958, 174.242538452, 174.811431885, 175.380310059, 175.949203491, 176.506484985, 177.063766479, 177.632644653, 178.201538086, 178.770431519, 179.327713013, 179.896591187, 180.465484619, 181.022766113, 181.580047607, 182.148925781, 182.717819214, 183.275100708, 183.832382202, 184.401260376, 184.970153809, 185.527435303, 186.084716797, 186.653594971, 187.222488403, 187.779769897, 188.337051392, 188.905944824, 189.474822998, 190.032104492, 190.600997925, 191.169876099, 191.738769531, 192.307662964, 192.876556396, 193.44543457, 194.002716064, 194.559997559, 195.128890991, 195.686157227, 196.255050659, 196.812332153, 197.381225586, 197.95010376, 198.518997192, 199.087890625, 199.656768799, 200.225662231, 200.794555664], "beats_loudness": {"dmean2": 0.0478199906647, "median": 0.0207941606641, "min": 0, "dvar2": 0.0045003532432, "dvar": 0.00185244961176, "dmean": 0.0297600068152, "max": 0.210665941238, "var": 0.00169077073224, "mean": 0.0339878499508}, "danceability": 1.46249890327, "bpm_histogram_second_peak_weight": {"dmean2": 0, "median": 0.118733510375, "min": 0.118733510375, "dvar2": 0, "dvar": 0, "dmean": 0, "max": 0.118733510375, "var": 0, "mean": 0.118733510375}, "beats_count": 380, "bpm_histogram_second_peak_bpm": {"dmean2": 0, "median": 126, "min": 126, "dvar2": 0, "dvar": 0, "dmean": 0, "max": 126, "var": 0, "mean": 126}, "bpm_histogram_first_peak_spread": {"dmean2": 0, "median": 0.407407462597, "min": 0.407407462597, "dvar2": 0, "dvar": 0, "dmean": 0, "max": 0.407407462597, "var": 0, "mean": 0.407407462597}, "beats_loudness_band_ratio": {"dmean2": [0.582307159901, 0.282721698284, 0.296476900578, 0.0913927480578, 0.0552996471524, 0.44043380022], "median": [0.548009157181, 0.139790534973, 0.0721852332354, 0.0384513959289, 0.021115925163, 0.00110989494715], "min": [0, 0, 0, 0, 0, 0], "dvar2": [0.140849515796, 0.0640187188983, 0.177813187242, 0.0112325996161, 0.00208531133831, 0.270548135042], "dvar": [0.0542511194944, 0.0211114715785, 0.0584045350552, 0.00463749980554, 0.000791922619101, 0.106086567044], "dmean": [0.312884658575, 0.168975904584, 0.169644400477, 0.055074647069, 0.0292933173478, 0.219880908728], "max": [0.984934151173, 0.674232006073, 0.932206213474, 0.426688581705, 0.13680447638, 0.811409711838], "var": [0.0892712250352, 0.0212925914675, 0.0591394677758, 0.00865523424, 0.00111843564082, 0.0649578869343], "mean": [0.4549510777, 0.173490807414, 0.175780087709, 0.0808214023709, 0.03183183074, 0.110632151365]}}, "lowlevel": {"barkbands_spread": {"dmean2": 6.08280563354, "median": 7.24910736084, "min": 0.449916154146, "dvar2": 115.538574219, "dvar": 49.9023208618, "dmean": 3.81741189957, "max": 91.7356567383, "var": 156.093093872, "mean": 10.6749620438}, "melbands_spread": {"dmean2": 8.32323265076, "median": 7.11695480347, "min": 0.35830116272, "dvar2": 380.706634521, "dvar": 192.710021973, "dmean": 5.41929721832, "max": 189.545333862, "var": 635.312866211, "mean": 13.6566534042}, "hfc": {"dmean2": 6.81129169464, "median": 2.79535198212, "min": 1.09557180309e-16, "dvar2": 493.801727295, "dvar": 212.124099731, "dmean": 4.61518335342, "max": 192.952316284, "var": 352.187255859, "mean": 8.74034976959}, "barkbands_kurtosis": {"dmean2": 7.95173120499, "median": 4.43547534943, "min": -1.9472206831, "dvar2": 349.463256836, "dvar": 156.247879028, "dmean": 4.99659919739, "max": 233.114898682, "var": 179.033203125, "mean": 7.00728845596}, "gfcc": {"mean": [-144.4243927, 194.439849854, -118.938835144, 11.711315155, -18.6265869141, -20.1096630096, -2.31135392189, -10.2506904602, -9.61487674713, 0.350351750851, -7.8452129364, 1.31783032417, -2.70286130905], "icov": [[0.000190875682165, -0.000153856017278, 0.000834519858472, -0.000562899338547, 0.000335156626534, -0.000201911243494, 0.000131494176458, -0.000210786092794, 0.000187039346201, -0.000249957753113, 0.000390495493775, -0.000151074476889, -0.000271629163763], [-0.000153856017278, 0.00123467401136, -8.96045166883e-05, 0.00103662011679, -0.00151816441212, 0.000727822072804, -0.00057569774799, 0.00132357422262, -0.00016749088536, 0.0015899783466, -0.00151414528955, 0.00171659956686, -0.000852773722727], [0.000834519858472, -8.96045166883e-05, 0.00744265969843, -0.00328395911492, -0.000454450811958, -0.00155697099399, 4.26292754128e-05, 0.000763688411098, 0.000385642546462, -0.000363858503988, 0.000625728338491, 0.00114184373524, -0.00261740246788], [-0.000562899338547, 0.00103662011679, -0.00328395911492, 0.00625790562481, -0.000139012452564, -0.00104827142786, -0.00107127253432, 0.00450403429568, -0.00183695810847, 0.00295205158181, -0.00160891388077, 0.000157431859407, 0.00218645320274], [0.000335156626534, -0.00151816441212, -0.000454450811958, -0.000139012452564, 0.00780582008883, 0.000615210446995, -0.000486575852847, -0.00242437538691, 0.000988956773654, -0.00246172491461, 0.00153451203369, -0.00122543901671, -0.00163122906815], [-0.000201911243494, 0.000727822072804, -0.00155697099399, -0.00104827142786, 0.000615210446995, 0.0077980235219, -0.000370590423699, -0.00333013897762, 0.000894302036613, 0.00278329383582, -0.0014279683819, 0.00249833683483, -0.00281853927299], [0.000131494176458, -0.00057569774799, 4.26292754128e-05, -0.00107127253432, -0.000486575852847, -0.000370590423699, 0.00918562244624, 0.00305568915792, -0.00573825044557, -0.000737909052987, 0.00542946811765, -0.00323194195516, -0.00284007820301], [-0.000210786092794, 0.00132357422262, 0.000763688411098, 0.00450403429568, -0.00242437538691, -0.00333013897762, 0.00305568915792, 0.0144924335182, -0.00322611583397, -0.00148905604146, -0.00265292590484, 0.00223747524433, 0.000418236013502], [0.000187039346201, -0.00016749088536, 0.000385642546462, -0.00183695810847, 0.000988956773654, 0.000894302036613, -0.00573825044557, -0.00322611583397, 0.0154868783429, 0.00140630523674, -0.00258062034845, 0.00107450736687, 0.00415762793273], [-0.000249957753113, 0.0015899783466, -0.000363858503988, 0.00295205158181, -0.00246172491461, 0.00278329383582, -0.000737909052987, -0.00148905604146, 0.00140630523674, 0.0137147214264, -0.000980719923973, -0.00382659817114, 0.00270176888444], [0.000390495493775, -0.00151414528955, 0.000625728338491, -0.00160891388077, 0.00153451203369, -0.0014279683819, 0.00542946811765, -0.00265292590484, -0.00258062034845, -0.000980719923973, 0.0198587123305, -0.00103458040394, -0.00770068075508], [-0.000151074476889, 0.00171659956686, 0.00114184373524, 0.000157431859407, -0.00122543901671, 0.00249833683483, -0.00323194195516, 0.00223747524433, 0.00107450736687, -0.00382659817114, -0.00103458040394, 0.0189798455685, -0.00423059985042], [-0.000271629163763, -0.000852773722727, -0.00261740246788, 0.00218645320274, -0.00163122906815, -0.00281853927299, -0.00284007820301, 0.000418236013502, 0.00415762793273, 0.00270176888444, -0.00770068075508, -0.00423059985042, 0.0200530439615]], "cov": [[15590.2226562, -442.702941895, -1689.78125, 366.630523682, -756.385375977, 82.4421539307, -257.198150635, 125.175643921, -133.243377686, 132.338012695, -184.478378296, 125.964096069, -191.631103516], [-442.702941895, 2729.51171875, 35.8536262512, -344.668121338, 451.639190674, -106.367004395, 55.1310081482, -89.0004272461, -33.2504615784, -233.137969971, 195.974319458, -162.444641113, 263.082305908], [-1689.78125, 35.8536262512, 581.61126709, 434.997558594, -9.01176071167, 158.542526245, 166.464874268, -186.045791626, 80.1867980957, -192.585327148, 15.7983970642, -55.6458740234, 59.7769393921], [366.630523682, -344.668121338, 434.997558594, 991.832580566, -259.457214355, 223.292007446, 293.836914062, -347.513916016, 164.837203979, -294.486602783, -63.1561737061, -33.7895317078, -27.7950286865], [-756.385375977, 451.639190674, -9.01176071167, -259.457214355, 300.731903076, -88.6809005737, -20.5285930634, 64.1879577637, -40.9955215454, 64.1513900757, 33.7304954529, 5.84570550919, 57.8693847656], [82.4421539307, -106.367004395, 158.542526245, 223.292007446, -88.6809005737, 293.142608643, -5.26790714264, -7.17245101929, 16.996843338, -130.833450317, 41.1829872131, -60.8982963562, 43.4032974243], [-257.198150635, 55.1310081482, 166.464874268, 293.836914062, -20.5285930634, -5.26790714264, 326.458068848, -184.139770508, 111.216949463, -83.5298461914, -71.5459213257, 30.9143505096, 3.45862483978], [125.175643921, -89.0004272461, -186.045791626, -347.513916016, 64.1879577637, -7.17245101929, -184.139770508, 252.174423218, -61.1552009583, 122.072784424, 43.665802002, -3.14967536926, -3.27134943008], [-133.243377686, -33.2504615784, 80.1867980957, 164.837203979, -40.9955215454, 16.996843338, 111.216949463, -61.1552009583, 121.449310303, -54.8912086487, -18.6927928925, -6.62448644638, -21.0048274994], [132.338012695, -233.137969971, -192.585327148, -294.486602783, 64.1513900757, -130.833450317, -83.5298461914, 122.072784424, -54.8912086487, 239.434570312, -21.8795642853, 69.4479827881, -43.326084137], [-184.478378296, 195.974319458, 15.7983970642, -63.1561737061, 33.7304954529, 41.1829872131, -71.5459213257, 43.665802002, -18.6927928925, -21.8795642853, 105.165046692, -25.7673854828, 54.0442810059], [125.964096069, -162.444641113, -55.6458740234, -33.7895317078, 5.84570550919, -60.8982963562, 30.9143505096, -3.14967536926, -6.62448644638, 69.4479827881, -25.7673854828, 96.8101272583, -9.8750705719], [-191.631103516, 263.082305908, 59.7769393921, -27.7950286865, 57.8693847656, 43.4032974243, 3.45862483978, -3.27134943008, -21.0048274994, -43.326084137, 54.0442810059, -9.8750705719, 109.52155304]]}, "spectral_energyband_middle_low": {"dmean2": 0.00531593617052, "median": 0.00398627156392, "min": 1.828951542e-22, "dvar2": 0.000373873597709, "dvar": 0.00016911009152, "dmean": 0.0037845869083, "max": 0.230528816581, "var": 0.000282526511, "mean": 0.00797591730952}, "melbands_crest": {"dmean2": 6.39608049393, "median": 15.6664247513, "min": 1.51187157631, "dvar2": 29.3849411011, "dvar": 12.1023931503, "dmean": 4.03426551819, "max": 35.1328964233, "var": 34.9891433716, "mean": 16.5264759064}, "spectral_kurtosis": {"dmean2": 14.2473239899, "median": 14.0470972061, "min": -1.26670634747, "dvar2": 188.022186279, "dvar": 63.5905532837, "dmean": 8.19431209564, "max": 70.1922607422, "var": 136.422912598, "mean": 16.0462322235}, "spectral_rms": {"dmean2": 0.00129429553635, "median": 0.00354651641101, "min": 3.13336184256e-12, "dvar2": 4.0151671783e-06, "dvar": 2.06302274819e-06, "dmean": 0.000902126077563, "max": 0.0208363905549, "var": 5.84827148487e-06, "mean": 0.00399276334792}, "zerocrossingrate": {"dmean2": 0.00760495802388, "median": 0.017578125, "min": 0.001953125, "dvar2": 0.000165224453667, "dvar": 0.00015414506197, "dmean": 0.00637045735493, "max": 0.52099609375, "var": 0.00309791066684, "mean": 0.031230635941}, "silence_rate_60dB": {"dmean2": 0.0578874535859, "median": 0, "min": 0, "dvar2": 0.0658420100808, "dvar": 0.0281044654548, "dmean": 0.0289403889328, "max": 1, "var": 0.0654857456684, "mean": 0.0704403966665}, "erbbands_kurtosis": {"dmean2": 1.95453238487, "median": -0.0638138055801, "min": -1.7442830801, "dvar2": 16.3549098969, "dvar": 7.38932228088, "dmean": 1.20800566673, "max": 53.433216095, "var": 12.9061517715, "mean": 0.760926067829}, "erbbands": {"dmean2": [0.418005466461, 1.72549498081, 2.98413324356, 8.67884922028, 5.96626663208, 4.46809482574, 6.09527730942, 8.73232746124, 11.637131691, 20.6099739075, 11.2870740891, 9.35680866241, 9.89449977875, 21.8815078735, 17.3452701569, 9.23919487, 10.7348308563, 7.88077735901, 6.89534807205, 7.85398864746, 4.38582515717, 7.3826751709, 12.9388914108, 3.3069832325, 1.91140663624, 2.13720083237, 6.05527734756, 32.3408050537, 3.46616315842, 0.814465165138, 0.249488666654, 0.0433592535555, 0.0157895293087, 0.00598587980494, 0.00180547439959, 0.00145664915908, 0.00145297346171, 0.000632163428236, 0.000228401797358, 0.000107709653093], "median": [0.0933272689581, 0.439768970013, 1.00711584091, 1.75202465057, 2.62943458557, 2.85648488998, 3.70667791367, 4.50979423523, 4.72519683838, 3.88327217102, 3.33503198624, 2.40805912018, 3.13696146011, 4.75027084351, 4.5676074028, 2.32967472076, 2.61646842957, 1.32519602776, 1.4604537487, 1.00525379181, 0.819667458534, 0.548139214516, 0.472367674112, 0.332701683044, 0.182813405991, 0.0871617496014, 0.0468093827367, 0.0217882152647, 0.0102608948946, 0.00223197089508, 0.000549812917598, 0.000350231479388, 0.000237898319028, 0.000130456377519, 4.72095052828e-05, 2.50276680163e-05, 2.13212770177e-05, 6.55252551951e-06, 1.09216325654e-05, 1.67552643688e-05], "min": [8.87278939321e-23, 2.42251711903e-22, 2.84839583348e-21, 5.25746263426e-21, 1.02031290686e-20, 2.89327098756e-20, 4.15902986947e-20, 1.3183406855e-19, 7.3873051277e-20, 2.28664877956e-19, 1.5002013838e-19, 4.35450932107e-19, 5.92550263116e-19, 5.80512148565e-19, 1.01100247854e-18, 1.26283833981e-18, 1.39388928804e-18, 1.25605587238e-18, 2.56451425695e-18, 3.42785258844e-18, 4.35174881258e-18, 4.80735286293e-18, 4.9062534721e-18, 7.71662565944e-18, 6.29925912446e-18, 7.97385153299e-18, 9.83374315207e-18, 1.01019068349e-17, 1.05891393767e-17, 1.05890748566e-17, 1.0759218464e-17, 9.59699578895e-18, 9.36482025308e-18, 8.88762968387e-18, 6.17403514666e-18, 4.01070762269e-18, 2.23620048157e-18, 1.01067801694e-18, 2.55110436675e-19, 2.81571440408e-20], "dvar2": [3.50063037872, 52.9411964417, 95.5383453369, 2621.83154297, 381.848358154, 40.8928413391, 123.580764771, 443.384124756, 580.358703613, 3296.15087891, 1053.94604492, 900.242004395, 918.770385742, 5515.62304688, 2533.02929688, 1144.77978516, 839.734619141, 440.773468018, 417.420257568, 528.566833496, 120.691467285, 455.403991699, 5401.83789062, 276.84262085, 46.8992843628, 121.56489563, 1556.25256348, 32000.0214844, 399.980316162, 16.1625137329, 1.50968122482, 0.0396936461329, 0.00542986765504, 0.00119425880257, 4.01416145905e-05, 1.83531410585e-05, 2.12380036828e-05, 1.08781896415e-05, 1.82809753824e-06, 2.78520900565e-07], "dvar": [1.61688923836, 22.3027057648, 36.0978851318, 1176.98266602, 155.755615234, 15.8988685608, 52.9214706421, 188.787277222, 304.860168457, 2659.72143555, 897.21295166, 464.142456055, 450.730133057, 2859.75927734, 1290.48669434, 546.583557129, 386.789031982, 205.817077637, 202.060668945, 241.418060303, 56.9787330627, 177.050888062, 1927.52954102, 102.324325562, 20.2608146667, 54.0435180664, 585.858215332, 12344.1220703, 215.907516479, 7.71425437927, 0.535705626011, 0.0200346708298, 0.00249788421206, 0.000423897319706, 1.53276068886e-05, 7.86760665505e-06, 1.04450273284e-05, 4.35256743003e-06, 9.3857408956e-07, 1.15644013476e-07], "dmean": [0.26606374979, 1.07770586014, 1.74671053886, 5.53057956696, 3.58009815216, 2.68410205841, 3.74775385857, 5.50705766678, 7.73777532578, 17.4955463409, 9.30810546875, 6.2147436142, 6.59938716888, 14.7708482742, 12.0958766937, 6.2194314003, 7.16223621368, 5.28989648819, 4.60431098938, 5.07899618149, 2.93427181244, 4.53788709641, 7.41468906403, 1.99167251587, 1.21418833733, 1.33416759968, 3.57581710815, 18.9514541626, 2.70440268517, 0.544551849365, 0.143988788128, 0.0273180045187, 0.00991689227521, 0.00357467518188, 0.00114787695929, 0.000970505410805, 0.00103359657805, 0.000384609069442, 0.000179729511729, 6.72897440381e-05], "max": [19.2180137634, 73.735206604, 65.3880691528, 595.626159668, 216.812271118, 97.0582275391, 169.953414917, 241.80406189, 356.961761475, 1290.51123047, 882.510070801, 957.614868164, 579.16015625, 824.651611328, 514.085266113, 275.136260986, 382.58001709, 325.389892578, 197.431838989, 189.388778687, 99.7999801636, 142.864059448, 608.48059082, 138.61730957, 80.0643310547, 92.0763549805, 325.392150879, 1455.22607422, 209.689178467, 35.7732200623, 9.31311416626, 2.45705127716, 1.16312229633, 0.479946315289, 0.0917371064425, 0.0299919433892, 0.0399811193347, 0.0284196957946, 0.0148382931948, 0.00463119940832], "var": [1.67833256721, 20.9965705872, 35.7472839355, 1326.83911133, 149.185958862, 32.5402793884, 90.7497329712, 305.788848877, 572.7265625, 17811.7441406, 6070.88525391, 1169.03649902, 814.332946777, 3641.29785156, 1983.32324219, 652.165039062, 551.685180664, 401.84753418, 260.327728271, 298.127288818, 92.2568664551, 216.637680054, 1248.52038574, 76.0162200928, 25.0976867676, 54.6329994202, 477.652770996, 16867.4960938, 436.379241943, 13.3825893402, 0.507664084435, 0.0420866832137, 0.00488003855571, 0.000388000888051, 2.36540417973e-05, 1.32266204673e-05, 2.01181464945e-05, 5.81639551456e-06, 1.86878150998e-06, 1.72173997726e-07], "mean": [0.309946030378, 1.25686860085, 2.10904502869, 6.34801149368, 5.03239870071, 4.77259397507, 6.06024312973, 8.87914085388, 12.2091846466, 37.4473190308, 20.2089138031, 10.3640918732, 9.63339233398, 17.7394428253, 16.867395401, 7.98326158524, 9.47891521454, 7.54130125046, 5.91366291046, 5.9114408493, 3.9824359417, 5.33286190033, 6.23749399185, 2.13648176193, 1.57301414013, 1.51140606403, 3.33043265343, 22.5446186066, 3.75133514404, 0.716320574284, 0.154336035252, 0.0382454544306, 0.0139554524794, 0.00388991413638, 0.00157975533511, 0.00134317192715, 0.00145447137766, 0.000487957906444, 0.000271003547823, 9.67946907622e-05]}, "spectral_strongpeak": {"dmean2": 0.938901126385, "median": 0.150006607175, "min": 0, "dvar2": 11.5191402435, "dvar": 4.42671728134, "dmean": 0.554498493671, "max": 22.0530929565, "var": 5.24519014359, "mean": 0.773063600063}, "spectral_energy": {"dmean2": 0.0168471168727, "median": 0.0128922238946, "min": 1.00634050153e-20, "dvar2": 0.00236167688854, "dvar": 0.00111925648525, "dmean": 0.01141934935, "max": 0.445009052753, "var": 0.00164257711731, "mean": 0.022335248068}, "average_loudness": 0.686243414879, "spectral_rolloff": {"dmean2": 413.235290527, "median": 344.53125, "min": 43.06640625, "dvar2": 950124.5, "dvar": 447480.4375, "dmean": 240.900360107, "max": 19832.0800781, "var": 4182604.75, "mean": 831.622131348}, "spectral_centroid": {"dmean2": 284.59072876, "median": 504.466125488, "min": 200.712966919, "dvar2": 267343.4375, "dvar": 136531.203125, "dmean": 192.106414795, "max": 11863.2412109, "var": 1632485.375, "mean": 842.406616211}, "pitch_salience": {"dmean2": 0.147478833795, "median": 0.55267727375, "min": 0.106509082019, "dvar2": 0.0134856496006, "dvar": 0.00549384346232, "dmean": 0.0916805192828, "max": 0.880359709263, "var": 0.0166349075735, "mean": 0.538975894451}, "spectral_energyband_middle_high": {"dmean2": 0.00180910376366, "median": 0.000593646196648, "min": 1.14224908326e-21, "dvar2": 2.8343327358e-05, "dvar": 1.46877737279e-05, "dmean": 0.00124726537615, "max": 0.057255897671, "var": 2.1203633878e-05, "mean": 0.00184956786688}, "spectral_contrast_coeffs": {"dmean2": [0.0820526257157, 0.0819771587849, 0.0620434954762, 0.0510260276496, 0.0364806652069, 0.0456647202373], "median": [-0.716239690781, -0.783204495907, -0.805993318558, -0.822846233845, -0.818664669991, -0.723766684532], "min": [-0.981747984886, -0.982827425003, -0.988909184933, -0.975724577904, -0.966186583042, -0.964049220085], "dvar2": [0.00415518833324, 0.00432059448212, 0.00250788661651, 0.0017684372142, 0.000951782800257, 0.00215941411443], "dvar": [0.00162344903219, 0.0017669738736, 0.00103014486376, 0.000733053777367, 0.000437188602518, 0.000973155547399], "dmean": [0.0493173934519, 0.0495659708977, 0.0384742617607, 0.0310193635523, 0.0231938678771, 0.0288398209959], "max": [-0.238411739469, -0.333216607571, -0.545000016689, -0.579201817513, -0.59183883667, -0.352619826794], "var": [0.00557286525145, 0.00878939963877, 0.00427951849997, 0.00372480833903, 0.00264826091006, 0.00914308056235], "mean": [-0.708442687988, -0.759807348251, -0.794048905373, -0.807853996754, -0.807624042034, -0.698832988739]}, "melbands_skewness": {"dmean2": 1.23431432247, "median": 2.56885147095, "min": -0.971612811089, "dvar2": 1.95864522457, "dvar": 0.973646998405, "dmean": 0.815167844296, "max": 14.3214426041, "var": 2.748452425, "mean": 2.78229689598}, "spectral_spread": {"dmean2": 452461.84375, "median": 1637189, "min": 941955.125, "dvar2": 506230276096, "dvar": 252835708928, "dmean": 287517.65625, "max": 43164328, "var": 15470577057800.0, "mean": 2423912.75}, "dissonance": {"dmean2": 0.0444630496204, "median": 0.465175360441, "min": 0.228353321552, "dvar2": 0.00161627901252, "dvar": 0.00058735627681, "dmean": 0.026215903461, "max": 0.5, "var": 0.00126813258976, "mean": 0.455761373043}, "spectral_skewness": {"dmean2": 1.02722513676, "median": 2.50604486465, "min": -0.476179987192, "dvar2": 0.810780346394, "dvar": 0.281127393246, "dmean": 0.612476468086, "max": 6.35978746414, "var": 1.16346371174, "mean": 2.42372322083}, "spectral_flux": {"dmean2": 0.0394340232015, "median": 0.0569824501872, "min": 6.33917432435e-11, "dvar2": 0.00501085631549, "dvar": 0.00176839402411, "dmean": 0.023288462311, "max": 0.537146091461, "var": 0.00345277786255, "mean": 0.0699382051826}, "spectral_contrast_valleys": {"dmean2": [0.589280545712, 0.588271915913, 0.489567220211, 0.427254319191, 0.360962659121, 0.586963474751], "median": [-6.86444854736, -6.78989219666, -7.58735752106, -8.41139602661, -9.19520759583, -13.9421901703], "min": [-27.8856964111, -28.1465644836, -27.7448730469, -27.6484642029, -27.5627002716, -27.3864955902], "dvar2": [0.243823260069, 0.22730922699, 0.157715901732, 0.139025568962, 0.143604144454, 0.477876842022], "dvar": [0.102332815528, 0.0924623608589, 0.0742665752769, 0.068349994719, 0.0801650360227, 0.184481367469], "dmean": [0.356138437986, 0.354567080736, 0.321523219347, 0.281390249729, 0.255974799395, 0.36846396327], "max": [-4.74676084518, -4.7575750351, -5.27979469299, -6.25886440277, -5.91225576401, -9.48393821716], "var": [4.7607717514, 4.52044343948, 4.30087661743, 3.977902174, 4.04942083359, 3.54673647881], "mean": [-7.24825429916, -7.05481767654, -7.82963466644, -8.60745811462, -9.207654953, -13.9483642578]}, "erbbands_flatness_db": {"dmean2": 0.0252690408379, "median": 0.251674205065, "min": 0.0652548521757, "dvar2": 0.000604244822171, "dvar": 0.000298545724945, "dmean": 0.0166564173996, "max": 0.406308621168, "var": 0.00254977261648, "mean": 0.243844389915}, "spectral_energyband_high": {"dmean2": 0.00063125230372, "median": 2.13365410673e-06, "min": 7.14289684426e-21, "dvar2": 1.32130071506e-05, "dvar": 5.39168740943e-06, "dmean": 0.000385074585211, "max": 0.0316057503223, "var": 7.60542616263e-06, "mean": 0.000487996265292}, "spectral_entropy": {"dmean2": 0.258129864931, "median": 6.73132801056, "min": 4.80660009384, "dvar2": 0.0544715970755, "dvar": 0.0262238513678, "dmean": 0.170417785645, "max": 9.82157993317, "var": 0.287142127752, "mean": 6.78625869751}, "silence_rate_20dB": {"dmean2": 0.011531365104, "median": 1, "min": 0, "dvar2": 0.0171671770513, "dvar": 0.00573262944818, "dmean": 0.00576501805335, "max": 1, "var": 0.00287332688458, "mean": 0.997117817402}, "melbands_flatness_db": {"dmean2": 0.045187395066, "median": 0.374301403761, "min": 0.00195134128444, "dvar2": 0.00167832220905, "dvar": 0.000777219654992, "dmean": 0.0304441545159, "max": 0.5738478899, "var": 0.00741849653423, "mean": 0.367291122675}, "barkbands": {"dmean2": [0.0026608412154, 0.00921501312405, 0.00294270575978, 0.00317139737308, 0.00134532828815, 0.000895566598047, 0.00111832399853, 0.000768345955294, 0.000391690875404, 0.000382015801733, 0.000638501020148, 0.000333894422511, 0.000274953403277, 0.000153694330947, 0.000172814936377, 9.17080178624e-05, 0.000159172341228, 0.000188454854651, 3.43052706739e-05, 4.64579134132e-05, 0.000598861312028, 3.91247340303e-05, 1.59889896167e-05, 1.34905019422e-06, 3.48291365526e-07, 8.87765850166e-07, 3.25089922626e-06], "median": [0.000626973807812, 0.00247414922342, 0.000905926455744, 0.000502184266225, 0.000976899173111, 0.000540357024875, 0.000296621175949, 0.000145086145494, 0.00010018805915, 9.57752054092e-05, 0.000143061828567, 5.2616254834e-05, 5.57365092391e-05, 1.69278100657e-05, 2.68897856586e-05, 1.33403900691e-05, 9.48578963289e-06, 7.72180464992e-06, 4.44482520834e-06, 1.81164841706e-06, 7.72189082454e-07, 2.11275335005e-07, 2.15874464971e-08, 1.45562069065e-08, 8.11448508387e-09, 6.93816293307e-09, 1.90682527546e-08], "min": [5.56091422095e-25, 3.06019596354e-24, 1.53899031772e-24, 1.40211417458e-24, 8.2203826497e-24, 6.50620486317e-24, 4.46533256008e-24, 3.26506097126e-24, 1.74443147e-23, 1.22947947938e-23, 1.56200817453e-23, 2.98183300613e-23, 2.28058772621e-23, 2.71368593158e-23, 5.82329168516e-23, 5.69877914206e-23, 7.80382796192e-23, 9.13065161482e-23, 1.29633891208e-22, 1.32114309708e-22, 2.86758764548e-22, 3.23909064474e-22, 4.07243219786e-22, 5.5723200689e-22, 9.02810588181e-22, 1.29916914306e-21, 2.00044543468e-21], "dvar2": [2.80904969259e-05, 0.00148952007294, 8.70024377946e-05, 0.000372177310055, 4.86335920868e-06, 3.30990064867e-06, 7.75091029936e-06, 7.49293940316e-06, 1.42289820815e-06, 1.69829320384e-06, 4.28284556619e-06, 1.80773895408e-06, 5.77426874315e-07, 2.25621676009e-07, 2.81130127178e-07, 6.63910455501e-08, 2.56936203868e-07, 1.56074349889e-06, 1.24559758063e-08, 5.16543643414e-08, 1.20654740385e-05, 3.50629640877e-08, 5.91485482815e-09, 4.03405399363e-11, 3.19168671527e-12, 1.05583137719e-11, 3.50294127038e-10], "dvar": [1.31727265398e-05, 0.000705511192791, 3.91861067328e-05, 0.000161251911777, 1.78412653895e-06, 1.39438486713e-06, 4.64139884571e-06, 9.06943205337e-06, 7.33482693249e-07, 7.72209943989e-07, 2.11450765164e-06, 8.18703369987e-07, 2.66735980858e-07, 1.05724289767e-07, 1.27831427221e-07, 3.12486143628e-08, 1.00098922928e-07, 5.56149757358e-07, 5.22482856979e-09, 2.27932037689e-08, 4.68134749099e-06, 1.76091337067e-08, 2.38959452226e-09, 2.10471987061e-11, 1.14223344325e-12, 4.59193837468e-12, 1.53275503401e-10], "dmean": [0.00175761990249, 0.00578673696145, 0.00179061223753, 0.00198515341617, 0.000809593184385, 0.000558101921342, 0.000784029834904, 0.000737046007998, 0.000259893247858, 0.000248203694355, 0.000430270360084, 0.000221597292693, 0.000183146665222, 0.000100575234683, 0.000108558961074, 5.96012505412e-05, 9.78094685706e-05, 0.00010687833128, 2.19197008846e-05, 2.90016760118e-05, 0.000352198432665, 2.45098854066e-05, 9.86124541669e-06, 8.52721257161e-07, 2.13360237922e-07, 5.80215782975e-07, 2.12352324525e-06], "max": [0.0483139008284, 0.385470360518, 0.0990309342742, 0.218991711736, 0.0181792341173, 0.022497959435, 0.041554287076, 0.0890523567796, 0.0339654013515, 0.0182277858257, 0.0200475323945, 0.0109679074958, 0.0092014381662, 0.0041543035768, 0.00465615047142, 0.00254724826664, 0.0041199461557, 0.0104093635455, 0.00091357587371, 0.00191542541143, 0.0287985093892, 0.00179352692794, 0.000599797640461, 7.77400782681e-05, 2.54169608525e-05, 2.78267125395e-05, 0.000168579586898], "var": [2.15249656321e-05, 0.000772490806412, 5.79848056077e-05, 0.000162721611559, 2.91052765533e-06, 2.4411240247e-06, 9.21990067582e-06, 7.21233882359e-