{"tonal": {"thpcp": [1, 0.53672003746, 0.193540662527, 0.112467437983, 0.0865997821093, 0.0646238476038, 0.0828909948468, 0.174450471997, 0.182175904512, 0.0949071571231, 0.0585218928754, 0.0548269823194, 0.0865080654621, 0.289160072803, 0.452746063471, 0.268388152122, 0.0641861706972, 0.0292548313737, 0.0279775224626, 0.068008877337, 0.12126416713, 0.0978706553578, 0.0549489557743, 0.0451544672251, 0.040458612144, 0.0426790043712, 0.0435426421463, 0.051897265017, 0.0789935961366, 0.0848686620593, 0.0657009929419, 0.0563349090517, 0.0832070410252, 0.179781660438, 0.48201829195, 0.953887820244], "hpcp": {"dmean2": [0.114697553217, 0.110579669476, 0.0797778591514, 0.0540507435799, 0.0515106096864, 0.0492496825755, 0.0480023659766, 0.0695662423968, 0.115807674825, 0.11512696743, 0.0779989361763, 0.0927900373936, 0.137077495456, 0.245102003217, 0.419345647097, 0.551968574524, 0.476370811462, 0.465364307165, 0.234393298626, 0.165620043874, 0.1327136904, 0.0766851007938, 0.0937388092279, 0.147546201944, 0.133476167917, 0.0950669422746, 0.0764748007059, 0.067606292665, 0.100569546223, 0.25949972868, 0.351690232754, 0.222774073482, 0.0831743329763, 0.0461548343301, 0.0427668653429, 0.0743127167225], "median": [0.0239736512303, 0.0196252241731, 0.00765658216551, 0.00454807467759, 0.005017535761, 0.00759431580082, 0.00940991379321, 0.00681719975546, 0.00376516371034, 0.003340262454, 0.00342810433358, 0.00353094167076, 0.00378632359207, 0.0152295716107, 0.200282052159, 0.628337204456, 0.665884554386, 0.207975372672, 0.0230005402118, 0.00479965424165, 0.00339679629542, 0.00415590824559, 0.00830983184278, 0.0143563607708, 0.0129576837644, 0.00673595489934, 0.00576579058543, 0.0094754435122, 0.0202580224723, 0.0947090312839, 0.156781345606, 0.0914112105966, 0.0132516054437, 0.00338173494674, 0.0031689486932, 0.0119977956638], "min": [0, 0, 0, 0, 0, 0, 0, 0, 0, 0, 0, 0, 0, 0, 0, 0, 0, 0, 0, 0, 0, 0, 0, 0, 0, 0, 0, 0, 0, 0, 0, 0, 0, 0, 0, 0], "dvar2": [0.0430367216468, 0.0364020317793, 0.0406817905605, 0.0192999318242, 0.0168878436089, 0.011538663879, 0.0140403183177, 0.0286074392498, 0.0764828771353, 0.0832769721746, 0.0398621894419, 0.0595037862659, 0.0538390651345, 0.12040450424, 0.152656421065, 0.217910319567, 0.16364441812, 0.206874355674, 0.10668348521, 0.101954631507, 0.062852665782, 0.021372154355, 0.0358783118427, 0.0817611590028, 0.0713916271925, 0.0474252738059, 0.0302040483803, 0.0161097720265, 0.0263404175639, 0.0910717919469, 0.131521731615, 0.0612163506448, 0.0145478965715, 0.0108920792118, 0.0103320209309, 0.0148641066626], "dvar": [0.0157261695713, 0.0135543737561, 0.0151090472937, 0.0085715893656, 0.00614655110985, 0.0043826084584, 0.00496121309698, 0.0103040104732, 0.0266482010484, 0.0279786027968, 0.0145964901894, 0.0194010455161, 0.0186320785433, 0.0432307906449, 0.0567606128752, 0.0795426741242, 0.0663692727685, 0.0711848437786, 0.0401257760823, 0.0375976525247, 0.023207500577, 0.00833382550627, 0.0131799662486, 0.0304559245706, 0.0287876315415, 0.0190959572792, 0.010730211623, 0.00550886290148, 0.00921071413904, 0.0338413491845, 0.0530666708946, 0.0231892690063, 0.00517605384812, 0.00374643784016, 0.00354900024831, 0.00535758212209], "dmean": [0.0669444054365, 0.0617555640638, 0.0441376976669, 0.0318534299731, 0.0293262787163, 0.0282195396721, 0.0272718984634, 0.038771033287, 0.0641084611416, 0.062738545239, 0.0428100824356, 0.0496634915471, 0.0737901180983, 0.134838059545, 0.240844279528, 0.309429168701, 0.270445197821, 0.266708016396, 0.131096914411, 0.0918736234307, 0.0718023255467, 0.0421899333596, 0.05326513201, 0.086386628449, 0.082613542676, 0.0566414222121, 0.0422999002039, 0.0372296348214, 0.055695399642, 0.148508742452, 0.205211520195, 0.130947157741, 0.0464857257903, 0.0246350057423, 0.022860776633, 0.041829880327], "max": [1, 1, 1, 1, 0.871498584747, 1, 0.994244873524, 1, 1, 1, 1, 1, 1, 1, 1, 1, 1, 1, 1, 1, 1, 1, 1, 1, 1, 1, 0.769800662994, 0.642883002758, 0.967609882355, 1, 1, 1, 1, 0.810725986958, 1, 0.741338193417], "var": [0.0185071993619, 0.0124807665125, 0.0108581501991, 0.00877381581813, 0.00516916066408, 0.0042384872213, 0.00401727575809, 0.0077204098925, 0.0208872705698, 0.0240804273635, 0.0164345558733, 0.013617166318, 0.0143610807136, 0.0446724370122, 0.0952096581459, 0.127849727869, 0.11728811264, 0.113549344242, 0.0472759529948, 0.0319796763361, 0.0216872468591, 0.0158072039485, 0.0145618664101, 0.053175970912, 0.056973695755, 0.0217466652393, 0.00824146810919, 0.00464851083234, 0.00896825641394, 0.0475334599614, 0.0935816019773, 0.0351357273757, 0.00431218277663, 0.0023561406415, 0.00227446551435, 0.00585973728448], "mean": [0.0757907032967, 0.0611696429551, 0.0343433693051, 0.0282217655331, 0.0252868328243, 0.0266745891422, 0.0272143669426, 0.0324360467494, 0.0493713878095, 0.0530433356762, 0.0410634465516, 0.0352095961571, 0.0520048104227, 0.112364426255, 0.301263809204, 0.59618461132, 0.625004947186, 0.335452675819, 0.120963871479, 0.0702927038074, 0.054125290364, 0.0403902232647, 0.0518072806299, 0.109032407403, 0.113860838115, 0.0593174435198, 0.0365764722228, 0.0342671349645, 0.0540679693222, 0.180726468563, 0.282968521118, 0.16774392128, 0.0401166751981, 0.0182844139636, 0.0174860898405, 0.0425058864057]}, "tuning_equal_tempered_deviation": 0.103933416307, "chords_changes_rate": 0.0361252352595, "key_key": "G", "tuning_diatonic_strength": 0.680674254894, "key_scale": "minor", "chords_number_rate": 0.00160556600895, "tuning_frequency": 438.731048584, "tuning_nontempered_energy_ratio": 0.797461628914, "chords_histogram": [38.8546981812, 0, 16.4838104248, 0, 0, 0, 0, 39.8447952271, 1.01685845852, 1.47176885605, 0, 1.92667913437, 0.401391476393, 0, 0, 0, 0, 0, 0, 0, 0, 0, 0, 0], "key_strength": 0.721557378769, "chords_key": "G", "chords_strength": {"dmean2": 0.00685369502753, "median": 0.567027509212, "min": -1, "dvar2": 0.00105850573163, "dvar": 0.000539746135473, "dmean": 0.00601755641401, "max": 0.696126878262, "var": 0.0498994216323, "mean": 0.538292706013}, "chords_scale": "major", "hpcp_entropy": {"dmean2": 1.19581103325, "median": 1.82051420212, "min": 0, "dvar2": 1.04786133766, "dvar": 0.356003940105, "dmean": 0.696677863598, "max": 4.33263397217, "var": 0.83057320118, "mean": 1.81409835815}}, "metadata": {"audio_properties": {"equal_loudness": 0, "codec": "flac", "downmix": "mix", "sample_rate": 44100, "analysis_sample_rate": 44100, "bit_rate": 0, "md5_encoded": "0ae7d2853af3ce49f46d375242299959", "length": 173.453338623, "replay_gain": -6.69671058655, "lossless": true}, "version": {"essentia_build_sha": "70f2e5ece6736b2c40cc944ad0e695b16b925413", "essentia": "2.1-beta2", "extractor": "music 1.0", "essentia_git_sha": "v2.1_beta2"}, "tags": {"title": ["Wir kommen wieder"], "language": ["eng"], "media": ["CD"], "albumartist": ["Triarii"], "tracktotal": ["11"], "musicbrainz_releasegroupid": ["2e45b6d5-28ae-35f7-8878-d27bde84ac73"], "releasetype": ["album"], "musicbrainz_recordingid": ["18c4aab1-4fb1-4cff-aeb0-539f608d0662"], "musicbrainz_albumartistid": ["549a44e1-3b99-454f-970e-4f2c210b4827"], "musicbrainz_releasetrackid": ["d644bedd-93b2-3b98-80a0-6d9334a3baa9"], "discnumber": ["1"], "totaldiscs": ["1"], "album": ["Muse in Arms"], "catalognumber": ["CD 08"], "releasecountry": ["DE"], "file_name": "11_Wir_kommen_wieder.flac", "albumartistsort": ["Triarii"], "date": ["2008-12-01"], "genre": ["Industrial; Martial; Neo-Classical"], "disctotal": ["1"], "musicbrainz_artistid": ["549a44e1-3b99-454f-970e-4f2c210b4827"], "originaldate": ["2008-12-01"], "musicbrainz_albumid": ["856d9606-cac9-491c-b90d-c46a22976af9"], "tracknumber": ["11"], "artistsort": ["Triarii"], "artist": ["Triarii"], "label": ["Eternal Soul Records"], "releasestatus": ["official"], "acoustid_id": ["8549ab99-05ff-4eb2-87ed-b4ac9e85b7de"], "script": ["Latn"], "totaltracks": ["11"]}}, "rhythm": {"bpm_histogram_first_peak_bpm": {"dmean2": 0, "median": 167, "min": 167, "dvar2": 0, "dvar": 0, "dmean": 0, "max": 167, "var": 0, "mean": 167}, "bpm": 165.00050354, "bpm_histogram_second_peak_spread": {"dmean2": 0, "median": 0, "min": 0, "dvar2": 0, "dvar": 0, "dmean": 0, "max": 0, "var": 0, "mean": 0}, "bpm_histogram_first_peak_weight": {"dmean2": 0, "median": 0.11202185601, "min": 0.11202185601, "dvar2": 0, "dvar": 0, "dmean": 0, "max": 0.11202185601, "var": 0, "mean": 0.11202185601}, "onset_rate": 1.20477557182, "beats_position": [0.580498874187, 1.14938771725, 1.71827661991, 2.29877543449, 2.86766433716, 3.44816327095, 4.01705217361, 4.57433080673, 5.13160991669, 5.70049858093, 6.23455762863, 6.7570066452, 7.27945566177, 7.80190467834, 8.31274318695, 8.82358264923, 9.33442115784, 9.85687065125, 10.379319191, 10.9133787155, 11.4474372864, 11.9350566864, 12.4226751328, 12.9102945328, 13.4211339951, 13.9319725037, 14.4428119659, 15.0117006302, 15.5805892944, 16.1494789124, 16.6835365295, 17.2175960541, 17.7400455475, 18.2624931335, 18.784942627, 19.3073921204, 19.8298416138, 20.3406791687, 20.8050785065, 21.2810878754, 21.7570972443, 22.2911567688, 22.8019943237, 23.3244438171, 23.9397735596, 24.5667114258, 25.1704311371, 25.774148941, 26.3778686523, 27.0628566742, 27.747844696, 28.4444446564, 29.1410427094, 29.8376407623, 30.5342407227, 31.2308387756, 31.9274368286, 32.6240348816, 33.204536438, 33.7850341797, 34.3539237976, 34.9112014771, 35.480091095, 36.0257606506, 36.5830383301, 37.1403160095, 37.6743774414, 38.2200431824, 38.765712738, 39.2997741699, 39.8338317871, 40.3678894043, 40.91355896, 41.4592285156, 42.0745582581, 42.678276062, 43.3052139282, 43.9321517944, 44.5590934753, 45.1744194031, 45.7897491455, 46.4166870117, 47.0436286926, 47.7402267456, 48.4368247986, 49.14503479, 49.841632843, 50.538230896, 51.234828949, 51.9430389404, 52.6280250549, 53.3246231079, 54.0096130371, 54.6946029663, 55.3795890808, 56.06457901, 56.6566886902, 57.2487983704, 57.8409042358, 58.4446258545, 59.0483436584, 59.5824012756, 60.1164627075, 60.6505203247, 61.1149177551, 61.5793190002, 62.0553283691, 62.4848976135, 62.9028549194, 63.32081604, 63.7387733459, 64.1567306519, 64.5746917725, 64.9926528931, 65.3873901367, 65.7821273804, 66.1768722534, 66.5716094971, 66.9315185547, 67.2914276123, 67.6513366699, 68.0112457275, 68.3711547852, 68.7310638428, 69.0909729004, 69.450881958, 69.8107910156, 70.1707000732, 70.5306091309, 70.8905181885, 71.238822937, 71.5871200562, 71.9354171753, 72.2837142944, 72.632019043, 72.9919281006, 73.3518371582, 73.7233581543, 74.094871521, 74.5128326416, 74.9424057007, 75.3719711304, 75.8363723755, 76.3007659912, 76.7651672363, 77.2295684814, 77.7520141602, 78.2744674683, 78.796913147, 79.3193664551, 79.8418121338, 80.3874816895, 80.9331512451, 81.4904327393, 82.0941467285, 82.6978683472, 83.3131942749, 83.9401321411, 84.5670700073, 85.1824035645, 85.7977294922, 86.4246673584, 87.0516052246, 87.6669387817, 88.2590484619, 88.8511581421, 89.4432601929, 90.035369873, 90.6390914917, 91.2428131104, 91.8349151611, 92.4154205322, 92.9959182739, 93.5764160156, 94.1336975098, 94.702583313, 95.2714691162, 95.8403625488, 96.4092483521, 96.9433059692, 97.4773712158, 98.011428833, 98.5454864502, 99.0795440674, 99.6136016846, 100.147659302, 100.681724548, 101.134513855, 101.587303162, 102.02848053, 102.469657898, 102.899223328, 103.317184448, 103.735145569, 104.153106689, 104.559455872, 104.977409363, 105.383758545, 105.778503418, 106.173240662, 106.579589844, 106.985939026, 107.357460022, 107.71736908, 108.088890076, 108.448799133, 108.797096252, 109.15700531, 109.505302429, 109.853607178, 110.201904297, 110.550201416, 110.898498535, 111.246803284, 111.595100403, 111.943397522, 112.280090332, 112.616775513, 112.953468323, 113.301765442, 113.650062561, 113.99836731, 114.346664429, 114.694961548, 115.043266296, 115.379951477, 115.728248596, 116.076553345, 116.424850464, 116.773147583, 117.121452332, 117.458137512, 117.794830322, 118.119903564, 118.456596375, 118.793289185, 119.141586304, 119.489883423, 119.838180542, 120.186485291, 120.557998657, 120.929519653, 121.312652588, 121.695777893, 122.113739014, 122.531700134, 122.949661255, 123.367614746, 123.773963928, 124.18031311, 124.575057983, 124.981407166, 125.376144409, 125.782493591, 126.177230835, 126.571968079, 126.966712952, 127.361450195, 127.7445755, 128.104492188, 128.464401245, 128.824310303, 129.18421936, 129.555740356, 129.915649414, 130.275558472, 130.635467529, 130.983764648, 131.332061768, 131.691970825, 132.051879883, 132.41178894, 132.771697998, 133.131607056, 133.491516113, 133.863037109, 134.234558105, 134.606079102, 134.977600098, 135.372329712, 135.767074585, 136.161804199, 136.556549072, 137.044174194, 137.531784058, 138.01940918, 138.553466797, 139.075912476, 139.598358154, 140.120819092, 140.643264771, 141.165710449, 141.618499756, 142.082901001, 142.535690308, 142.94203186, 143.36000061, 143.766342163, 144.172698975, 144.567428589, 144.997009277, 145.414962769, 145.83291626, 146.25088501, 146.668838501, 147.121627808, 147.562805176, 148.003982544, 148.445159912, 148.805084229, 149.153381348, 149.501678467, 149.849975586, 150.198272705, 150.558181763, 150.91809082, 151.277999878, 151.649520874, 152.02104187, 152.392562866, 152.764083862, 153.135604858, 153.507110596, 153.878631592, 154.250152588, 154.726165771, 155.190567017, 155.6665802, 156.119369507, 156.572158813, 157.024932861, 157.466125488, 157.826034546, 158.185943604, 158.545852661, 158.905761719, 159.254058838, 159.590744019, 159.939041138, 160.287338257, 160.635650635, 160.995559692, 161.343856812, 161.703765869, 162.075286865, 162.435195923, 162.818313599, 163.201446533, 163.642623901, 164.095413208, 164.536590576, 165.01260376, 165.488616943, 165.964630127, 166.463851929, 166.974685669, 167.473922729, 168.007980347, 168.542037964, 169.076095581, 169.610153198, 170.144210815, 170.666656494, 171.177505493, 171.688339233, 172.199172974, 172.710021973], "beats_loudness": {"dmean2": 0.0270571932197, "median": 0.018183818087, "min": 0, "dvar2": 0.00116698583588, "dvar": 0.000416986818891, "dmean": 0.0151601303369, "max": 0.12973049283, "var": 0.000446366117103, "mean": 0.0230876877904}, "danceability": 0.933301508427, "bpm_histogram_second_peak_weight": {"dmean2": 0, "median": 0.109289616346, "min": 0.109289616346, "dvar2": 0, "dvar": 0, "dmean": 0, "max": 0.109289616346, "var": 0, "mean": 0.109289616346}, "beats_count": 367, "bpm_histogram_second_peak_bpm": {"dmean2": 0, "median": 172, "min": 172, "dvar2": 0, "dvar": 0, "dmean": 0, "max": 172, "var": 0, "mean": 172}, "bpm_histogram_first_peak_spread": {"dmean2": 0, "median": 0, "min": 0, "dvar2": 0, "dvar": 0, "dmean": 0, "max": 0, "var": 0, "mean": 0}, "beats_loudness_band_ratio": {"dmean2": [0.312530338764, 0.342124074697, 0.116008803248, 0.0645971894264, 0.0581799224019, 0.00582012394443], "median": [0.197205141187, 0.681275784969, 0.0695808529854, 0.024881798774, 0.00623537041247, 0.000172557512997], "min": [0, 0, 0, 0, 0, 0], "dvar2": [0.0760413259268, 0.0715485885739, 0.016852427274, 0.00742853898555, 0.0262233298272, 0.00024606732768], "dvar": [0.0286112725735, 0.0290847141296, 0.00651709968224, 0.00265597132966, 0.00957306381315, 0.000111321875011], "dmean": [0.175714895129, 0.196493551135, 0.0714562237263, 0.0363407693803, 0.0325708910823, 0.00347859831527], "max": [1, 0.948815941811, 0.60499972105, 0.270546972752, 0.656457602978, 0.0741731375456], "var": [0.0366273149848, 0.0584190264344, 0.0132072735578, 0.00254800636321, 0.00871626660228, 0.000129950291011], "mean": [0.253413885832, 0.61587113142, 0.10910141468, 0.0419259443879, 0.0334498994052, 0.00339498743415]}}, "lowlevel": {"barkbands_spread": {"dmean2": 2.40724897385, "median": 3.89192867279, "min": 0.00306498119608, "dvar2": 8.06436157227, "dvar": 3.67702484131, "dmean": 1.53225064278, "max": 41.9865188599, "var": 47.45079422, "mean": 6.11689138412}, "melbands_spread": {"dmean2": 3.47055506706, "median": 4.63342857361, "min": 8.61968985078e-09, "dvar2": 39.2082595825, "dvar": 17.7865524292, "dmean": 2.2044262886, "max": 163.994613647, "var": 332.400970459, "mean": 9.21510887146}, "hfc": {"dmean2": 4.51434755325, "median": 5.72500085831, "min": 1.08222461525e-16, "dvar2": 108.775856018, "dvar": 53.7652435303, "dmean": 3.13665318489, "max": 261.077972412, "var": 289.976470947, "mean": 9.16970443726}, "barkbands_kurtosis": {"dmean2": 58.5976066589, "median": 7.77545881271, "min": -1.89484000206, "dvar2": 1371839.5, "dvar": 456554.375, "dmean": 32.1509513855, "max": 25619.6542969, "var": 304341.28125, "mean": 31.4696025848}, "gfcc": {"mean": [-169.156906128, 185.748733521, -100.999832153, 1.39355492592, -40.577419281, -15.6483316422, -48.0968132019, -16.9496459961, -9.87170982361, -19.1182518005, -7.39070510864, 0.125340223312, -0.613910496235], "icov": [[0.00171441666316, -0.00617651594803, 0.00317154917866, -0.00373824662529, 0.00237361248583, -0.00102934439201, 0.00351984635927, -0.00059734826209, 0.000887851405423, -0.000306819216348, -8.96044512047e-05, 0.00226941052824, -0.00164055381902], [-0.00617651594803, 0.0243106894195, -0.0110752275214, 0.0133757442236, -0.0067858020775, 0.0030114101246, -0.0103417634964, 0.00338364206254, -0.00526543753222, 0.00434024725109, 5.46137925994e-05, -0.00671534286812, 0.00587078975514], [0.00317154917866, -0.0110752275214, 0.00717022782192, -0.00668448535725, 0.00496177189052, -0.00273105432279, 0.00687291147187, -0.00117000436876, 0.00194163247943, -0.0023625921458, 0.00219161808491, 0.00342576997355, -0.00365482689813], [-0.00373824662529, 0.0133757442236, -0.00668448535725, 0.0180694777519, -0.00848745647818, 0.00356236821972, -0.00733855785802, -0.00211538374424, 0.000759045535233, 0.000453588232631, -0.000427947263233, -0.00670604407787, 0.00737902754918], [0.00237361248583, -0.0067858020775, 0.00496177189052, -0.00848745647818, 0.0109030492604, -0.00416274322197, 0.00681839697063, 0.00222406024113, -0.0013106915867, 0.00368812680244, -0.00655928626657, 0.00719898473471, -0.00165440456476], [-0.00102934439201, 0.0030114101246, -0.00273105432279, 0.00356236821972, -0.00416274322197, 0.011604944244, -0.00683678127825, 0.0051566590555, 0.000130694956169, -0.00541152572259, 0.00536822807044, -0.00831123441458, 0.00892109423876], [0.00351984635927, -0.0103417634964, 0.00687291147187, -0.00733855785802, 0.00681839697063, -0.00683678127825, 0.0216965302825, -0.00860909279436, -0.00157245446462, 0.00229330314323, -0.00207410124131, 0.00681711407378, -0.00791625771672], [-0.00059734826209, 0.00338364206254, -0.00117000436876, -0.00211538374424, 0.00222406024113, 0.0051566590555, -0.00860909279436, 0.0148265352473, -0.003718708409, 0.00214150524698, 0.00325604504906, 0.00342311686836, 0.00319102499634], [0.000887851405423, -0.00526543753222, 0.00194163247943, 0.000759045535233, -0.0013106915867, 0.000130694956169, -0.00157245446462, -0.003718708409, 0.0195763986558, -0.00751345977187, 0.0053309975192, -0.00541817396879, 0.000717941496987], [-0.000306819216348, 0.00434024725109, -0.0023625921458, 0.000453588232631, 0.00368812680244, -0.00541152572259, 0.00229330314323, 0.00214150524698, -0.00751345977187, 0.0277907066047, -0.0166498776525, 0.010764519684, -0.00353976618499], [-8.96044512047e-05, 5.46137925994e-05, 0.00219161808491, -0.000427947263233, -0.00655928626657, 0.00536822807044, -0.00207410124131, 0.00325604504906, 0.0053309975192, -0.0166498776525, 0.0382205955684, -0.0171970482916, 0.00700612273067], [0.00226941052824, -0.00671534286812, 0.00342576997355, -0.00670604407787, 0.00719898473471, -0.00831123441458, 0.00681711407378, 0.00342311686836, -0.00541817396879, 0.010764519684, -0.0171970482916, 0.0370316952467, -0.0207249689847], [-0.00164055381902, 0.00587078975514, -0.00365482689813, 0.00737902754918, -0.00165440456476, 0.00892109423876, -0.00791625771672, 0.00319102499634, 0.000717941496987, -0.00353976618499, 0.00700612273067, -0.0207249689847, 0.0346066690981]], "cov": [[33012.109375, 5852.56591797, -4444.00488281, 322.717041016, -100.607627869, -650.505004883, -1452.41296387, -697.134460449, -125.267677307, -873.16003418, -29.7438735962, -225.808868408, -287.029083252], [5852.56591797, 1312.83410645, -374.706634521, -79.414352417, -148.708618164, -58.0535850525, -261.786376953, -171.294631958, 19.3293437958, -154.979812622, -54.6336708069, -4.69354438782, -12.1441802979], [-4444.00488281, -374.706634521, 1587.38500977, -201.155548096, -322.451690674, 159.549957275, 146.046676636, 62.5195503235, 49.6627044678, 138.094039917, -118.100852966, 59.0528907776, 106.899185181], [322.717041016, -79.414352417, -201.155548096, 189.489273071, 143.960449219, -27.4960136414, -12.8007469177, 25.543598175, -29.6719169617, -11.8860082626, 36.1163368225, -26.318195343, -47.8638038635], [-100.607627869, -148.708618164, -322.451690674, 143.960449219, 481.162506104, 114.528953552, -116.575538635, -183.863388062, -41.3413352966, 29.6048336029, 132.983947754, 9.10789966583, -78.1089324951], [-650.505004883, -58.0535850525, 159.549957275, -27.4960136414, 114.528953552, 241.4478302, -23.1885929108, -141.851074219, 4.28252220154, 63.391330719, 37.6723823547, 47.3139228821, -20.163936615], [-1452.41296387, -261.786376953, 146.046676636, -12.8007469177, -116.575538635, -23.1885929108, 219.572677612, 179.920440674, 35.6600723267, 8.98296642303, -45.5339317322, -17.50066185, 26.669506073], [-697.134460449, -171.294631958, 62.5195503235, 25.543598175, -183.863388062, -141.851074219, 179.920440674, 312.727844238, 32.3741836548, -32.5337257385, -83.7019119263, -66.4763412476, 10.4002256393], [-125.267677307, 19.3293437958, 49.6627044678, -29.6719169617, -41.3413352966, 4.28252220154, 35.6600723267, 32.3741836548, 74.3919754028, 9.76371097565, -16.9666042328, 7.41248369217, 11.7753257751], [-873.16003418, -154.979812622, 138.094039917, -11.8860082626, 29.6048336029, 63.391330719, 8.98296642303, -32.5337257385, 9.76371097565, 90.56690979, 32.4598922729, 11.247677803, 1.37130641937], [-29.7438735962, -54.6336708069, -118.100852966, 36.1163368225, 132.983947754, 37.6723823547, -45.5339317322, -83.7019119263, -16.9666042328, 32.4598922729, 87.5579833984, 28.1296787262, -15.575094223], [-225.808868408, -4.69354438782, 59.0528907776, -26.318195343, 9.10789966583, 47.3139228821, -17.50066185, -66.4763412476, 7.41248369217, 11.247677803, 28.1296787262, 78.0929412842, 34.3744239807], [-287.029083252, -12.1441802979, 106.899185181, -47.8638038635, -78.1089324951, -20.163936615, 26.669506073, 10.4002256393, 11.7753257751, 1.37130641937, -15.575094223, 34.3744239807, 69.0855712891]]}, "spectral_energyband_middle_low": {"dmean2": 0.0103213367984, "median": 0.0130108054727, "min": 1.69766514496e-22, "dvar2": 0.000222472270252, "dvar": 8.92755851964e-05, "dmean": 0.0068391719833, "max": 0.130521297455, "var": 0.000236783598666, "mean": 0.0172806456685}, "melbands_crest": {"dmean2": 5.78632116318, "median": 16.3030147552, "min": 1.53259050846, "dvar2": 24.3959960938, "dvar": 10.3059530258, "dmean": 3.60596561432, "max": 40, "var": 42.9851570129, "mean": 17.2474536896}, "spectral_kurtosis": {"dmean2": 19.4715461731, "median": 28.5841197968, "min": -1.27756464481, "dvar2": 277.887512207, "dvar": 97.8469314575, "dmean": 11.2727718353, "max": 126.93182373, "var": 383.235809326, "mean": 31.7642097473}, "spectral_rms": {"dmean2": 0.00107414147351, "median": 0.00397717580199, "min": 3.13015390517e-12, "dvar2": 1.32713023504e-06, "dvar": 5.61145725442e-07, "dmean": 0.000718975788914, "max": 0.0115946205333, "var": 3.61357274414e-06, "mean": 0.00410273158923}, "zerocrossingrate": {"dmean2": 0.00341613846831, "median": 0.01806640625, "min": 0, "dvar2": 4.96284919791e-05, "dvar": 4.08590021834e-05, "dmean": 0.00255748000927, "max": 0.5263671875, "var": 0.00381402904168, "mean": 0.0289175938815}, "silence_rate_60dB": {"dmean2": 0.0219544842839, "median": 0, "min": 0, "dvar2": 0.0265624281019, "dvar": 0.0108568370342, "dmean": 0.0109757734463, "max": 1, "var": 0.0723825916648, "mean": 0.0785599574447}, "erbbands_kurtosis": {"dmean2": 5.9015417099, "median": 1.92820167542, "min": -1.87659406662, "dvar2": 291.453979492, "dvar": 120.785881042, "dmean": 3.65727615356, "max": 319.902496338, "var": 285.334960938, "mean": 5.67624998093}, "erbbands": {"dmean2": [0.010757653974, 0.19559495151, 0.869778752327, 5.36083936691, 5.21844005585, 9.71567058563, 79.1123962402, 32.0523872375, 12.5248117447, 6.18076038361, 13.3948431015, 4.43518638611, 5.12065792084, 9.84181690216, 4.87334680557, 6.67525291443, 4.11240530014, 14.8646478653, 9.25065326691, 9.47343158722, 13.8051748276, 11.0991945267, 7.74466562271, 5.92364597321, 1.93475317955, 0.298531353474, 0.0821509435773, 0.0328717343509, 0.021405223757, 0.0108092324808, 0.00596569199115, 0.00328137725592, 0.00151161418762, 0.00068553967867, 0.00024443177972, 6.93322872394e-05, 1.94692293007e-05, 4.34561798102e-06, 5.22973550687e-06, 1.22829278553e-05], "median": [0.00455598533154, 0.0868322998285, 0.654057741165, 3.10667324066, 3.86256170273, 7.53476047516, 50.9253234863, 22.037563324, 10.0946493149, 2.93443059921, 6.44214916229, 2.05118608475, 1.66265535355, 3.33204555511, 2.57094621658, 2.36551356316, 1.56308889389, 2.75018787384, 1.50050222874, 1.90942001343, 1.49423646927, 1.04453754425, 0.461783736944, 0.161565259099, 0.0487757064402, 0.0177796036005, 0.0115862190723, 0.0139380469918, 0.0138062071055, 0.00965491496027, 0.00598390772939, 0.0038734828122, 0.00200847536325, 0.00082000734983, 0.000310150964651, 0.000123772435472, 4.51932864962e-05, 1.18789548651e-05, 9.73077385424e-06, 1.82854546438e-05], "min": [8.24507320717e-23, 2.95375372309e-22, 1.50625863598e-21, 5.12950570988e-21, 1.66714617389e-20, 1.99210116947e-20, 3.03651217402e-20, 4.11958660207e-20, 1.47171031083e-19, 1.76410379396e-19, 2.39090920891e-19, 3.14727307976e-19, 4.0742152931e-19, 5.88446258205e-19, 5.88190400902e-19, 1.46075939594e-18, 1.33696613041e-18, 1.86064766217e-18, 2.46240335983e-18, 3.35006348966e-18, 3.44987813341e-18, 4.21216704729e-18, 5.31065752409e-18, 6.05850241691e-18, 6.31638465827e-18, 8.84869181089e-18, 9.19052089031e-18, 1.08263433435e-17, 1.04312868461e-17, 1.07569726686e-17, 1.08958323052e-17, 9.61938343223e-18, 1.07844962763e-17, 8.59677312816e-18, 5.77535725246e-18, 4.26421201066e-18, 2.28367568564e-18, 9.27524858686e-19, 2.36289828842e-19, 2.58018409506e-20], "dvar2": [0.000250202807365, 0.0828388109803, 1.51203513145, 54.9076881409, 49.9722900391, 222.104003906, 16597.6542969, 2693.46899414, 327.24331665, 286.094390869, 664.936340332, 69.8885498047, 109.577476501, 458.47076416, 122.021865845, 205.284088135, 98.8488464355, 9408.11230469, 9091.41699219, 6561.87744141, 10063.1689453, 4042.00317383, 2508.6574707, 1767.60375977, 189.872344971, 3.81814599037, 0.254572361708, 0.0172936376184, 0.00196204800159, 0.000299238105072, 0.000115688184451, 2.84301731881e-05, 6.68212214805e-06, 1.4293239019e-06, 1.12052298107e-07, 3.61547591865e-09, 2.95533097994e-10, 1.81761636991e-11, 5.50382101006e-11, 3.00684033228e-10], "dvar": [8.76254343893e-05, 0.029976727441, 0.548553705215, 22.2177391052, 19.4984416962, 84.5798187256, 6567.31542969, 1497.21313477, 134.179901123, 157.80619812, 361.658782959, 32.7363395691, 46.2036094666, 215.358764648, 48.7031517029, 80.2016906738, 54.5938644409, 5935.26953125, 4458.97607422, 2673.83544922, 4047.03979492, 1856.25134277, 1440.31018066, 836.105529785, 91.5553207397, 1.90936791897, 0.119932554662, 0.00723347999156, 0.00076004647417, 0.000106636944111, 4.12513436459e-05, 1.08168987936e-05, 2.58510135609e-06, 5.50887705231e-07, 3.99420159169e-08, 1.28562493984e-09, 1.06405675937e-10, 6.99972241627e-12, 2.33196118665e-11, 1.24511928545e-10], "dmean": [0.00612153485417, 0.115138031542, 0.538252770901, 3.47909736633, 3.21090841293, 6.148396492, 51.8206558228, 21.5880889893, 7.98642063141, 3.99883675575, 8.9000453949, 2.7333612442, 3.17432117462, 6.23810958862, 2.89440083504, 3.89874100685, 2.61501145363, 10.1422710419, 6.50483369827, 5.89810371399, 9.24431228638, 7.46534347534, 5.85701131821, 4.13263225555, 1.43087756634, 0.213503792882, 0.0580511391163, 0.0208258610219, 0.012984351255, 0.0063728033565, 0.0035745780915, 0.00195266201627, 0.000909669790417, 0.00040406890912, 0.000142816657899, 4.02285768359e-05, 1.14984259199e-05, 2.58510635831e-06, 3.53016184818e-06, 8.22736274131e-06], "max": [0.08735127002, 1.7336575985, 10.1165733337, 53.9535102844, 70.6082458496, 106.027030945, 1104.82861328, 770.815979004, 121.093460083, 345.37902832, 383.851715088, 106.960525513, 142.308074951, 359.845397949, 152.469161987, 160.980743408, 174.490692139, 2746.97900391, 2515.11572266, 1887.85632324, 2121.47924805, 1324.70739746, 1015.25335693, 885.255004883, 325.559814453, 48.9094848633, 12.0026359558, 2.80741429329, 0.418245047331, 0.128867998719, 0.118137322366, 0.0670365914702, 0.0276635494083, 0.0120874689892, 0.00402430025861, 0.000479949143482, 0.000184985110536, 8.07055039331e-05, 0.000103326543467, 0.000187698140508], "var": [0.000107854604721, 0.0435438789427, 0.896988809109, 50.6565895081, 56.9954338074, 182.195388794, 13181.4560547, 4784.29199219, 350.947601318, 345.370269775, 753.532897949, 83.0008392334, 125.824707031, 457.611816406, 113.791290283, 139.62600708, 147.858963013, 10969.5146484, 7802.44091797, 4075.24169922, 9898.22070312, 8284.91796875, 4339.54101562, 1776.20861816, 195.901153564, 5.99089431763, 0.320050388575, 0.0185056626797, 0.00323283742182, 0.000343216466717, 0.000110262735689, 2.90358730126e-05, 6.86102748659e-06, 1.3586222849e-06, 1.00373000578e-07, 4.42578285131e-09, 4.72966221743e-10, 3.7410650966e-11, 9.87539355846e-11, 4.53167697811e-10], "mean": [0.00820369459689, 0.159270465374, 0.928165972233, 5.64927148819, 6.25612974167, 11.9590044022, 89.0676040649, 41.831199646, 16.9677581787, 7.30156946182, 13.9519748688, 5.15567970276, 6.26278352737, 10.3874368668, 5.7505903244, 6.40821266174, 5.10501766205, 15.1455392838, 10.2028894424, 10.4343395233, 18.193687439, 17.5111789703, 11.6732683182, 7.04679727554, 2.32849144936, 0.404055863619, 0.109694071114, 0.0456001274288, 0.0347440131009, 0.0164858233184, 0.00900347717106, 0.0053097861819, 0.00260126148351, 0.00110300176311, 0.000377127988031, 0.000132031869725, 4.73692707601e-05, 1.24877451526e-05, 1.20566101032e-05, 2.37864842347e-05]}, "spectral_strongpeak": {"dmean2": 0.667167305946, "median": 0.791964292526, "min": 0, "dvar2": 2.04198932648, "dvar": 0.726592361927, "dmean": 0.420776665211, "max": 18.9723358154, "var": 1.04492425919, "mean": 0.948928296566}, "spectral_energy": {"dmean2": 0.0110162645578, "median": 0.0162133723497, "min": 1.00428103183e-20, "dvar2": 0.000238175882259, "dvar": 9.76547962637e-05, "dmean": 0.00734695000574, "max": 0.137796118855, "var": 0.000332667957991, "mean": 0.0209571439773}, "average_loudness": 0.906052589417, "spectral_rolloff": {"dmean2": 166.321304321, "median": 366.064453125, "min": 21.533203125, "dvar2": 286548.6875, "dvar": 134994.296875, "dmean": 97.521812439, "max": 19509.0820312, "var": 5447541, "mean": 826.382507324}, "spectral_centroid": {"dmean2": 105.611251831, "median": 377.426025391, "min": 214.098007202, "dvar2": 98860.75, "dvar": 47558.6757812, "dmean": 67.4148788452, "max": 11806.1425781, "var": 1912250, "mean": 672.335449219}, "pitch_salience": {"dmean2": 0.13256560266, "median": 0.588329434395, "min": 1.6396130377e-05, "dvar2": 0.0129275741056, "dvar": 0.00537579040974, "dmean": 0.084453701973, "max": 0.834059596062, "var": 0.0191691219807, "mean": 0.567955732346}, "spectral_energyband_middle_high": {"dmean2": 0.00103995751124, "median": 0.000709051208105, "min": 1.20038002879e-21, "dvar2": 1.79657199624e-05, "dvar": 9.62527155934e-06, "dmean": 0.000718550640158, "max": 0.111454591155, "var": 5.11030957568e-05, "mean": 0.00203004409559}, "spectral_contrast_coeffs": {"dmean2": [0.0821427404881, 0.0811570957303, 0.0575762726367, 0.0390376523137, 0.0312432590872, 0.0174447707832], "median": [-0.569569408894, -0.645927906036, -0.811362266541, -0.839676618576, -0.761851012707, -0.811784863472], "min": [-0.980077803135, -0.999188065529, -0.99714589119, -0.995601773262, -0.987848639488, -0.965443730354], "dvar2": [0.00462620705366, 0.00455293571576, 0.00209005596116, 0.00103739032056, 0.000685632869136, 0.000225070776651], "dvar": [0.00160526274703, 0.00170617876574, 0.00073804857675, 0.000366077088984, 0.000264086818788, 8.97486170288e-05], "dmean": [0.0497499853373, 0.0504597760737, 0.0340938158333, 0.0231403186917, 0.0192156825215, 0.010355562903], "max": [-0.337577968836, -0.394541203976, -0.53022146225, -0.512913048267, -0.49496781826, -0.624078333378], "var": [0.00800101924688, 0.00814795773476, 0.00611797533929, 0.00219380483031, 0.00553473923355, 0.00209544738755], "mean": [-0.575782060623, -0.652655422688, -0.793241322041, -0.836825847626, -0.767536580563, -0.809164583683]}, "melbands_skewness": {"dmean2": 114.377029419, "median": 2.17655801773, "min": -0.764008045197, "dvar2": 8986447, "dvar": 4343685, "dmean": 58.4487571716, "max": 107630.734375, "var": 8374956, "mean": 109.040077209}, "spectral_spread": {"dmean2": 497291.25, "median": 1610503, "min": 812539.0625, "dvar2": 3277151272960.0, "dvar": 1510530351100.0, "dmean": 283935.59375, "max": 50880276, "var": 27375439970300.0, "mean": 2427070.75}, "dissonance": {"dmean2": 0.0535283908248, "median": 0.418276786804, "min": 0, "dvar2": 0.00312855001539, "dvar": 0.00108359754086, "dmean": 0.0320459380746, "max": 0.500000178814, "var": 0.0044815139845, "mean": 0.406335800886}, "spectral_skewness": {"dmean2": 1.23293673992, "median": 3.84350705147, "min": -0.227200329304, "dvar2": 0.992159843445, "dvar": 0.351363956928, "dmean": 0.718968868256, "max": 9.59864521027, "var": 2.72892475128, "mean": 3.8688724041}, "spectral_flux": {"dmean2": 0.0346939265728, "median": 0.060003079474, "min": 6.28800900238e-11, "dvar2": 0.00124166568276, "dvar": 0.000433024339145, "dmean": 0.0202972572297, "max": 0.308180987835, "var": 0.00143190787639, "mean": 0.0627085864544}, "spectral_contrast_valleys": {"dmean2": [0.72363960743, 0.558048129082, 0.492105215788, 0.379688620567, 0.336890816689, 0.300086468458], "median": [-7.62697029114, -6.8223772049, -7.80832862854, -8.12207984924, -9.82180404663, -12.638299942], "min": [-28.4872684479, -28.0952568054, -27.7126979828, -27.8075561523, -27.618314743, -27.4156990051], "dvar2": [0.431329846382, 0.369951426983, 0.311101466417, 0.258797585964, 0.256271630526, 0.180371567607], "dvar": [0.172569453716, 0.149980202317, 0.128717422485, 0.108374625444, 0.107629455626, 0.0725328251719], "dmean": [0.427676439285, 0.327483445406, 0.284234821796, 0.224932819605, 0.202098995447, 0.176291644573], "max": [-6.01309347153, -5.50970745087, -6.00629758835, -6.04929113388, -6.11364459991, -11.4155082703], "var": [8.4340877533, 9.01559925079, 8.37926101685, 8.54405593872, 6.79749488831, 4.31516456604], "mean": [-8.18987560272, -7.39379930496, -8.43992424011, -8.82710552216, -10.1550655365, -13.0344753265]}, "erbbands_flatness_db": {"dmean2": 0.0327986702323, "median": 0.28902387619, "min": 0.0513732656837, "dvar2": 0.00102214934304, "dvar": 0.000413863308495, "dmean": 0.0214550476521, "max": 0.448946684599, "var": 0.00292443204671, "mean": 0.287757456303}, "spectral_energyband_high": {"dmean2": 3.34277933689e-06, "median": 1.54703889166e-06, "min": 1.98942806444e-22, "dvar2": 2.25676907717e-10, "dvar": 1.21065629743e-10, "dmean": 2.31875515055e-06, "max": 0.000389530439861, "var": 4.12767348079e-10, "mean": 5.41290182809e-06}, "spectral_entropy": {"dmean2": 0.313346356153, "median": 6.19981336594, "min": 3.8651444912, "dvar2": 0.08563567698, "dvar": 0.0352723971009, "dmean": 0.202610492706, "max": 9.81991481781, "var": 0.611041486263, "mean": 6.23347091675}, "silence_rate_20dB": {"dmean2": 0, "median": 1, "min": 1, "dvar2": 0, "dvar": 0, "dmean": 0, "max": 1, "var": 0, "mean": 1}, "melbands_flatness_db": {"dmean2": 0.0386541001499, "median": 0.382052779198, "min": 0.00289292098023, "dvar2": 0.00197979994118, "dvar": 0.000786764954682, "dmean": 0.0249439869076, "max": 1, "var": 0.00756115838885, "mean": 0.375711262226}, "barkbands": {"dmean2": [0.000129428866785, 0.000713207933586, 0.00106966437306, 0.00227273418568, 0.00367648201063, 0.00720729772002, 0.000663489685394, 0.000549089047126, 0.00019284003065, 0.000264025758952, 0.000145818063174, 0.000152371576405, 8.83324391907e-05, 0.000260363769485, 0.000183736308827, 0.000197687986656, 0.000316681544064, 0.000110836655949, 9.38499651966e-05, 7.81156086305e-06, 1.46806792145e-06, 5.45103262084e-07, 2.1636626002e-07, 1.13310100858e-07, 4.16983425566e-08, 1.14210054747e-08, 3.47210304952e-09], "median": [5.72092976654e-05, 0.000292713259114, 0.000637630582787, 0.00121888681315, 0.00306651438586, 0.0051322793588, 0.00040913792327, 0.000259777705651, 6.74398615956e-05, 8.03004222689e-05, 4.61739764432e-05, 5.52990240976e-05, 2.94258334179e-05, 4.77139583381e-05, 2.56679286395e-05, 3.19239115925e-05, 2.00234571821e-05, 6.92288949722e-06, 1.42034650708e-06, 4.02416333145e-07, 3.24740483393e-07, 3.71128862753e-07, 2.1569222497e-07, 1.47470160528e-07, 5.46326504036e-08, 2.31791403849e-08, 1.43674334652e-08], "min": [2.08079862426e-25, 3.09633959807e-24, 4.83274679466e-25, 9.67566619721e-26, 5.78451191415e-24, 4.45061596546e-24, 6.11710829357e-24, 5.25656675333e-24, 1.32023555994e-23, 1.55671176241e-23, 8.53629067667e-24, 2.84358923457e-23, 3.09467640318e-23, 2.57453213008e-23, 4.38982224203e-23, 4.68869955091e-23, 5.54125560997e-23, 9.17532827887e-23, 7.45093387586e-23, 7.3467859348e-23, 3.27905023612e-23, 1.61741997332e-23, 1.55756199669e-23, 1.37214765621e-23, 2.16520183046e-23, 2.03036846236e-23, 2.62730629355e-23], "dvar2": [1.98657215122e-08, 1.12496820748e-06, 2.46523654823e-06, 1.03287748061e-05, 2.8030055546e-05, 0.000144411140354, 1.09840448204e-06, 1.10802716335e-06, 1.64819013548e-07, 2.73959329888e-07, 2.09694050568e-07, 9.88034116745e-08, 4.16463841191e-08, 2.43164731728e-06, 2.54355381912e-06, 9.45934914398e-07, 4.90473712489e-06, 3.72346505628e-07, 5.15282181368e-07, 2.61821941905e-09, 8.39721625567e-11, 1.14297633858e-12, 1.48054027263e-13, 3.39210877811e-14, 3.37315815233e-15, 9.98125890292e-17, 1.36893006432e-17], "dvar": [7.49711581705e-09, 4.07871027619e-07, 9.41669895838e-07, 4.07289735449e-06, 1.05746767076e-05, 5.76771708438e-05, 4.45555002671e-07, 6.47723254588e-07, 7.61489999945e-08, 1.22020523463e-07, 1.00722331808e-07, 3.76791113865e-08, 2.03239434171e-08, 1.7181905605e-06, 1.67373138993e-06, 3.61665541959e-07, 1.91899857782e-06, 2.64992053189e-07, 2.55576566133e-07, 1.12727094326e-09, 3.12851203277e-11, 4.39108683225e-13, 5.05917566683e-14, 1.35274575219e-14, 1.30413639482e-15, 3.40200857097e-17, 4.52463204214e-18], "dmean": [7.52253909013e-05, 0.000416423543356, 0.000663662911393, 0.00144237093627, 0.0023350303527, 0.00478869350627, 0.000410513923271, 0.000364625331713, 0.000118005365948, 0.000164019787917, 8.99680162547e-05, 8.87790956767e-05, 5.39540560567e-05, 0.000183239782928, 0.000128976171254, 0.000119668024126, 0.000205085001653, 8.80947482074e-05, 6.31874936516e-05, 4.95721405969e-06, 9.06179820959e-07, 3.30421215722e-07, 1.27574125486e-07, 6.82120244733e-08, 2.44524667181e-08, 6.61621202269e-09, 1.99916039278e-09], "max": [0.00101778493263, 0.00616999389604, 0.0142285292968, 0.0302715767175, 0.0471390783787, 0.101556912065, 0.00953435059637, 0.0173904243857, 0.00703344726935, 0.00476862303913, 0.0104085626081, 0.00315943337046, 0.0030076506082, 0.0494275465608, 0.0452325791121, 0.0137721756473, 0.0420841015875, 0.0127592086792, 0.0134812798351, 0.000974245253019, 0.000167734906427, 9.74705835688e-06, 4.40168878413e-06, 2.27357440963e-06, 5.94812092913e-07, 9.36381212568e-08, 5.82703236773e-08], "var": [1.30201218695e-08, 5.73946920213e-07, 1.51615699906e-06, 1.0715452845e-05, 2.32631318795e-05, 0.000119439573609, 9.06948571355e-07, 1.43381816997e-06, 1.5088211569e-07, 3.07971276925e-07, 2.04949301974e-07, 6.55699139429e-08, 4.93959895209e-08, 3.73486568606e-06, 3.49799620381e-06, 9.2724019396e-07, 5.09809933646e-06, 9.58411874308e-07, 4.2936551381e-07, 2.66246047431e-09