{"metadata": {"tags": {"label": ["Putumayo World Music"], "releasecountry": ["US"], "musicbrainz_releasetrackid": ["565fe9de-8558-3047-8830-a1b587b2b272"], "catalognumber": ["PUT-203"], "genre": ["Latino - Rumba Flamenco"], "releasetype": ["album", "compilation"], "originalyear": ["2002"], "tracknumber": ["9"], "disctotal": ["1"], "musicbrainz_albumartistid": ["89ad4ac3-39f7-470e-963a-56509c546377"], "album": ["Putumayo Presents: Rumba Flamenco"], "script": ["Latn"], "albumartistsort": ["Various Artists"], "releasestatus": ["official"], "acoustid_id": ["b33a5569-513d-4607-8ae1-345b0597ed9e"], "musicbrainz_artistid": ["9aa07769-f9be-4548-8593-c7c3e86144d9"], "musicbrainz_releasegroupid": ["2f5ca988-bf2e-31e5-bd88-ae00deaf60c9"], "musicbrainz_recordingid": ["18ccc6af-beb5-49d6-b5d4-8a41aa01a7f9"], "totaltracks": ["13"], "albumartist": ["Various Artists"], "originaldate": ["2002-09-24"], "artist": ["Son De Madera"], "bpm": ["109"], "musicbrainz_albumid": ["6407b0b1-f241-4fe7-9ea1-869fd3b7a6a1"], "artistsort": ["Son de Madera"], "title": ["Canaveral"], "asin": ["B00006GOFK"], "tracktotal": ["13"], "totaldiscs": ["1"], "compilation": ["1"], "date": ["2002-09-24"], "media": ["CD"], "file_name": "09- De Madera - Canaveral.flac", "discnumber": ["1"]}, "audio_properties": {"sample_rate": 44100, "downmix": "mix", "lossless": true, "analysis_sample_rate": 44100, "md5_encoded": "e323d009f92b39caaf332bce032aa64d", "equal_loudness": 0, "replay_gain": -14.5050239563, "codec": "flac", "bit_rate": 0, "length": 314.906677246}, "version": {"extractor": "music 1.0", "essentia_build_sha": "2d9f1f26377add8aeb1075a9c2973f962c4f09fd", "essentia_git_sha": "v2.1_beta2-1-ge3940c0", "essentia": "2.1-beta2"}}, "rhythm": {"beats_loudness_band_ratio": {"dvar2": [0.0971623882651, 0.0669260546565, 0.0520139411092, 0.00349981617182, 0.000440936593805, 0.00520721916109], "var": [0.047001928091, 0.0345756523311, 0.0216939840466, 0.00153867027257, 0.000147672559251, 0.00160841445904], "min": [0, 0, 0, 0, 0, 0], "dmean": [0.247296780348, 0.202528104186, 0.134374469519, 0.0250443257391, 0.00867980066687, 0.0260174721479], "mean": [0.444720804691, 0.426062017679, 0.153106227517, 0.0299746189266, 0.0103028388694, 0.0244989302009], "max": [0.988628983498, 0.93976610899, 0.865256428719, 0.333097994328, 0.094306088984, 0.417946130037], "dmean2": [0.439233630896, 0.356792867184, 0.234034255147, 0.0437622591853, 0.0156475137919, 0.0470734648407], "median": [0.432813346386, 0.404303729534, 0.102830037475, 0.0174887515604, 0.00642129220068, 0.0106861256063], "dvar": [0.0316071212292, 0.0227390751243, 0.0189295560122, 0.00136066845153, 0.000157518414198, 0.00184573268052]}, "bpm_histogram_first_peak_weight": {"dvar2": 0, "var": 0, "min": 0.51318103075, "dmean": 0, "mean": 0.51318103075, "max": 0.51318103075, "dmean2": 0, "median": 0.51318103075, "dvar": 0}, "bpm": 108.911445618, "beats_count": 570, "bpm_histogram_first_peak_spread": {"dvar2": 0, "var": 0, "min": 0.467153280973, "dmean": 0, "mean": 0.467153280973, "max": 0.467153280973, "dmean2": 0, "median": 0.467153280973, "dvar": 0}, "danceability": 1.30045747757, "bpm_histogram_first_peak_bpm": {"dvar2": 0, "var": 0, "min": 110, "dmean": 0, "mean": 110, "max": 110, "dmean2": 0, "median": 110, "dvar": 0}, "beats_position": [0.557278871536, 1.11455774307, 1.67183673382, 2.22911548615, 2.7863945961, 3.34367346764, 3.90095233917, 4.45823097229, 5.00390005112, 5.54956912994, 6.10684776306, 6.66412687302, 7.22140598297, 7.76707458496, 8.31274318695, 8.87002277374, 9.42730140686, 9.98458003998, 10.5418596268, 11.0875282288, 11.6331968307, 12.1788663864, 12.7361450195, 13.2818136215, 13.8274831772, 14.3731517792, 14.9188203812, 15.4644899368, 16.0217685699, 16.5674381256, 17.1247158051, 17.6703853607, 18.2276649475, 18.7733325958, 19.3190021515, 19.8646717072, 20.4103393555, 20.9676189423, 21.5248966217, 22.0821762085, 22.6394557953, 23.1967334747, 23.7540130615, 24.3112926483, 24.89179039, 25.4839000702, 26.0527877808, 26.6100673676, 27.1673469543, 27.7246246338, 28.2819042206, 28.8391838074, 29.3964614868, 29.9653511047, 30.5342407227, 31.1031284332, 31.6720180511, 32.2292976379, 32.7865753174, 33.3438529968, 33.9127426147, 34.4584121704, 34.9924697876, 35.5381393433, 36.0954170227, 36.6410865784, 37.186756134, 37.7324256897, 38.2897033691, 38.8469848633, 39.3926506042, 39.9383201599, 40.4956016541, 41.041267395, 41.5869369507, 42.1442184448, 42.7014961243, 43.2587738037, 43.8044433594, 44.3617210388, 44.919002533, 45.4646720886, 46.0219497681, 46.5676193237, 47.1132888794, 47.6589546204, 48.204624176, 48.7619056702, 49.3191833496, 49.8648529053, 50.4105224609, 50.9678001404, 51.513469696, 52.0591392517, 52.6048049927, 53.1504745483, 53.7077522278, 54.2650337219, 54.8223114014, 55.367980957, 55.9136505127, 56.4593200684, 57.0049858093, 57.5622673035, 58.1195449829, 58.6652145386, 59.2108840942, 59.7681617737, 60.3138313293, 60.859500885, 61.4167785645, 61.9740562439, 62.5197257996, 63.0653953552, 63.6226730347, 64.1799545288, 64.7372360229, 65.2828979492, 65.8285675049, 66.385848999, 66.9315185547, 67.4771881104, 68.022857666, 68.5801315308, 69.1374130249, 69.6830825806, 70.2403640747, 70.7860336304, 71.3316955566, 71.8889770508, 72.4346466064, 72.9803161621, 73.5375976563, 74.0832672119, 74.6289291382, 75.1862106323, 75.731880188, 76.2891616821, 76.8348312378, 77.3921051025, 77.9377746582, 78.4834442139, 79.040725708, 79.5979995728, 80.1552810669, 80.7009506226, 81.2466201782, 81.7922897339, 82.3379592896, 82.8952331543, 83.4525146484, 83.9981842041, 84.5438537598, 85.0895233154, 85.6351928711, 86.1924667358, 86.7381362915, 87.2838058472, 87.8410873413, 88.3983688354, 88.9440383911, 89.4897003174, 90.0469818115, 90.5926513672, 91.1383209229, 91.6839904785, 92.2296600342, 92.7869338989, 93.3442153931, 93.9014968872, 94.458770752, 95.0160522461, 95.5733337402, 96.1073913574, 96.6530609131, 97.1987304688, 97.7560043335, 98.3132858276, 98.8589553833, 99.404624939, 99.9619064331, 100.507568359, 101.053237915, 101.598907471, 102.144577026, 102.701858521, 103.259140015, 103.816413879, 104.373695374, 104.919364929, 105.465034485, 106.010704041, 106.556373596, 107.113647461, 107.659317017, 108.204986572, 108.762268066, 109.319541931, 109.865211487, 110.410881042, 110.968162537, 111.525436401, 112.071105957, 112.616775513, 113.174057007, 113.719726563, 114.265396118, 114.822669983, 115.368339539, 115.925621033, 116.471290588, 117.016960144, 117.5626297, 118.119903564, 118.66557312, 119.211242676, 119.76852417, 120.325805664, 120.883079529, 121.440361023, 121.986030579, 122.531700134, 123.088973999, 123.646255493, 124.191925049, 124.737594604, 125.294876099, 125.840545654, 126.386207581, 126.931877136, 127.477546692, 128.034820557, 128.580490112, 129.126159668, 129.683441162, 130.229110718, 130.786392212, 131.332061768, 131.889343262, 132.446624756, 132.992294312, 133.537963867, 134.095230103, 134.640899658, 135.198181152, 135.755462646, 136.301132202, 136.846801758, 137.392471313, 137.926528931, 138.472198486, 139.017868042, 139.575149536, 140.120819092, 140.666488647, 141.223754883, 141.781036377, 142.338317871, 142.883987427, 143.429656982, 143.986938477, 144.544219971, 145.089889526, 145.635559082, 146.192825317, 146.750106812, 147.307388306, 147.853057861, 148.398727417, 148.956008911, 149.501678467, 150.047348022, 150.604629517, 151.161895752, 151.707565308, 152.253234863, 152.810516357, 153.356185913, 153.901855469, 154.459136963, 155.004806519, 155.550476074, 156.107757568, 156.653427124, 157.19909668, 157.756362915, 158.302032471, 158.847702026, 159.404983521, 159.950653076, 160.50793457, 161.053604126, 161.61088562, 162.168167114, 162.72543335, 163.282714844, 163.828384399, 164.374053955, 164.908111572, 165.453781128, 166.011062622, 166.568344116, 167.114013672, 167.671295166, 168.216964722, 168.762634277, 169.296691895, 169.85395813, 170.399627686, 170.95690918, 171.502578735, 172.059860229, 172.617141724, 173.162811279, 173.708480835, 174.265762329, 174.823028564, 175.36869812, 175.914367676, 176.47164917, 177.028930664, 177.57460022, 178.120269775, 178.67755127, 179.234832764, 179.780502319, 180.326171875, 180.871826172, 181.417495728, 181.974777222, 182.532058716, 183.077728271, 183.623397827, 184.180679321, 184.726348877, 185.272018433, 185.817687988, 186.363357544, 186.9090271, 187.477905273, 188.035186768, 188.592468262, 189.149749756, 189.70703125, 190.252700806, 190.798370361, 191.355636597, 191.901306152, 192.446975708, 193.004257202, 193.561538696, 194.095596313, 194.652877808, 195.210159302, 195.755828857, 196.301498413, 196.847167969, 197.392837524, 197.95010376, 198.507385254, 199.064666748, 199.610336304, 200.156005859, 200.701675415, 201.247344971, 201.793014526, 202.338684082, 202.884353638, 203.430023193, 203.987304688, 204.532974243, 205.07862854, 205.635910034, 206.193191528, 206.750473022, 207.307754517, 207.865036011, 208.399093628, 208.956375122, 209.502029419, 210.047698975, 210.604980469, 211.162261963, 211.707931519, 212.253601074, 212.810882568, 213.356552124, 213.90222168, 214.459503174, 215.016769409, 215.562438965, 216.108108521, 216.665390015, 217.222671509, 217.768341064, 218.31401062, 218.871292114, 219.41696167, 219.962631226, 220.508300781, 221.053970337, 221.611236572, 222.156906128, 222.714187622, 223.283081055, 223.840362549, 224.4324646, 225.024581909, 225.605072021, 226.162353516, 226.708023071, 227.265304565, 227.82258606, 228.368255615, 228.925521851, 229.471191406, 230.0284729, 230.574142456, 231.119812012, 231.665481567, 232.222763062, 232.768432617, 233.314102173, 233.859771729, 234.405441284, 234.95111084, 235.508392334, 236.05406189, 236.611328125, 237.168609619, 237.714279175, 238.25994873, 238.817230225, 239.374511719, 239.931793213, 240.489059448, 241.034729004, 241.58039856, 242.126068115, 242.671737671, 243.229019165, 243.786300659, 244.343582153, 244.889251709, 245.434921265, 245.9921875, 246.537857056, 247.083526611, 247.629196167, 248.174865723, 248.732147217, 249.289428711, 249.846710205, 250.392379761, 250.938049316, 251.495330811, 252.052597046, 252.598266602, 253.143936157, 253.701217651, 254.258499146, 254.81578064, 255.349838257, 255.895507813, 256.441162109, 256.986846924, 257.532501221, 258.089782715, 258.647064209, 259.181121826, 259.715179443, 260.214416504, 260.725250244, 261.259307861, 261.804992676, 262.350646973, 262.896331787, 263.441986084, 263.987670898, 264.544952393, 265.102203369, 265.659484863, 266.216766357, 266.774047852, 267.319732666, 267.865386963, 268.411071777, 268.956726074, 269.514007568, 270.059692383, 270.60534668, 271.162628174, 271.708282471, 272.253967285, 272.811248779, 273.356903076, 273.902587891, 274.448242188, 274.993927002, 275.551208496, 276.10848999, 276.654144287, 277.199798584, 277.757080078, 278.314361572, 278.871643066, 279.417327881, 279.962982178, 280.508666992, 281.054321289, 281.600006104, 282.157287598, 282.702941895, 283.260223389, 283.817504883, 284.374786377, 284.920440674, 285.466125488, 286.023406982, 286.580688477, 287.126342773, 287.672027588, 288.229278564, 288.786560059, 289.332244873, 289.87789917, 290.423583984, 290.969238281, 291.526519775, 292.08380127, 292.629486084, 293.175140381, 293.732421875, 294.278076172, 294.823760986, 295.38104248, 295.938323975, 296.495605469, 297.041259766, 297.58694458, 298.132598877, 298.678283691, 299.223937988, 299.769622803, 300.326873779, 300.884155273, 301.441436768, 301.998718262, 302.544403076, 303.090057373, 303.635742188, 304.181396484, 304.738677979, 305.295959473, 305.84161377, 306.387298584, 306.944580078, 307.490234375, 308.035919189, 308.581573486, 309.127258301, 309.684539795, 310.241821289, 310.799072266, 311.367980957, 311.936859131, 312.505767822, 313.086242676, 313.666748047, 314.247253418], "beats_loudness": {"dvar2": 0.001079790527, "var": 0.000572599994484, "min": 0, "dmean": 0.0223962366581, "mean": 0.0419626533985, "max": 0.142198562622, "dmean2": 0.0408929288387, "median": 0.0388759672642, "dvar": 0.000343051040545}, "bpm_histogram_second_peak_weight": {"dvar2": 0, "var": 0, "min": 0.0193321611732, "dmean": 0, "mean": 0.0193321611732, "max": 0.0193321611732, "dmean2": 0, "median": 0.0193321611732, "dvar": 0}, "bpm_histogram_second_peak_spread": {"dvar2": 0, "var": 0, "min": 0.421052634716, "dmean": 0, "mean": 0.421052634716, "max": 0.421052634716, "dmean2": 0, "median": 0.421052634716, "dvar": 0}, "bpm_histogram_second_peak_bpm": {"dvar2": 0, "var": 0, "min": 105, "dmean": 0, "mean": 105, "max": 105, "dmean2": 0, "median": 105, "dvar": 0}, "onset_rate": 6.37938499451}, "lowlevel": {"spectral_energyband_high": {"dvar2": 7.43323607821e-06, "var": 2.84533052763e-06, "min": 6.87885336104e-21, "dmean": 0.00065752438968, "mean": 0.000601916632149, "max": 0.0399454571307, "dmean2": 0.00104512705002, "median": 0.000101869045466, "dvar": 3.02698731502e-06}, "spectral_energyband_middle_low": {"dvar2": 0.000347812863765, "var": 0.000312928459607, "min": 1.97176389105e-22, "dmean": 0.00936301797628, "mean": 0.0231674052775, "max": 0.177764043212, "dmean2": 0.0149351125583, "median": 0.0193985961378, "dvar": 0.000139920754009}, "spectral_energy": {"dvar2": 0.000861058477312, "var": 0.000720265496057, "min": 9.89748502445e-21, "dmean": 0.0148760499433, "mean": 0.0359149426222, "max": 0.217396870255, "dmean2": 0.0231498517096, "median": 0.029916709289, "dvar": 0.000374619354261}, "spectral_spread": {"dvar2": 3691271159810.0, "var": 9823595790340.0, "min": 698734.8125, "dmean": 1330683.375, "mean": 4881015.5, "max": 42395872, "dmean2": 1852688.875, "median": 4497061, "dvar": 1714036670460.0}, "spectral_energyband_low": {"dvar2": 0.000598389306106, "var": 0.000289240531856, "min": 1.49419690225e-23, "dmean": 0.00781387556344, "mean": 0.0115854013711, "max": 0.180822402239, "dmean2": 0.0127371689305, "median": 0.00602504238486, "dvar": 0.000242122172494}, "spectral_rolloff": {"dvar2": 1817789.875, "var": 2330967.5, "min": 86.1328125, "dmean": 214.888565063, "mean": 604.79510498, "max": 19918.2128906, "dmean2": 389.558319092, "median": 409.130859375, "dvar": 665577.9375}, "barkbands": {"dvar2": [3.09700283196e-07, 0.000345817476045, 9.18942023418e-05, 1.76517150976e-05, 0.000233115017181, 2.40401896008e-05, 3.46036176779e-05, 1.70278678979e-06, 6.14805514942e-07, 9.95286086436e-07, 3.41907991697e-07, 6.79089225741e-07, 1.06134244504e-07, 9.83611343486e-08, 4.45436292296e-08, 9.90741426676e-08, 8.24522814469e-08, 2.99298683615e-08, 4.22680379586e-08, 4.72992951472e-08, 1.44941893154e-07, 1.18364198443e-07, 1.51547013161e-07, 6.2547115931e-07, 3.35063361945e-07, 2.49862836199e-07, 1.6698064087e-07], "var": [1.10693243016e-07, 0.000160564799444, 2.81930570054e-05, 1.49581355799e-05, 0.000156970752869, 2.64106583927e-05, 3.99551463488e-05, 1.71357635281e-06, 2.61092907294e-07, 4.08647792938e-07, 1.76403574415e-07, 8.40384075218e-07, 4.57187709912e-08, 3.11729024816e-08, 2.63766164466e-08, 4.32597069278e-08, 2.62055159794e-08, 1.39120919229e-08, 1.45443523891e-08, 1.77908940913e-08, 7.24361726157e-08, 5.14955793562e-08, 5.27411501139e-08, 2.11636276504e-07, 9.47028411247e-08, 6.16155304556e-08, 3.56262326306e-08], "min": [4.68468154705e-25, 1.66816412158e-24, 2.65972342804e-24, 1.57398684988e-24, 1.07277872921e-23, 9.01862389995e-24, 1.43349610663e-23, 1.06205266637e-23, 2.47384713062e-23, 1.78723395831e-23, 1.65179584944e-23, 2.58545580258e-23, 2.92259554749e-23, 2.8479162944e-23, 2.88598577506e-23, 6.61469587794e-23, 6.55522838746e-23, 8.75136034961e-23, 1.25905065616e-22, 1.85034709058e-22, 2.98072241619e-22, 3.47623485463e-22, 4.35128405178e-22, 5.84759289245e-22, 9.27122246294e-22, 1.22116334558e-21, 1.95045573564e-21], "dmean": [0.000117720650451, 0.00576899060979, 0.00246607721783, 0.00155992468353, 0.00658393837512, 0.00198773154989, 0.00180509663187, 0.000335746881319, 0.000181775496458, 0.000202069903025, 0.000120501907077, 0.00021981257305, 8.62522574607e-05, 6.91281384206e-05, 5.63068133488e-05, 7.69188554841e-05, 5.85187699471e-05, 4.21309196099e-05, 4.43748613179e-05, 4.81052557006e-05, 9.47245716816e-05, 7.66825905885e-05, 8.22345828055e-05, 0.000154649373144, 0.000112752488349, 9.03294712771e-05, 5.431363752e-05], "mean": [0.000128726707771, 0.00743351597339, 0.00317913666368, 0.00258194562048, 0.0119769917801, 0.00385911692865, 0.00374669372104, 0.00067159847822, 0.000292288372293, 0.000298559869407, 0.00013951366418, 0.000421601871494, 0.000116819406685, 8.31565848785e-05, 8.33080266602e-05, 0.000102590915048, 7.04330814187e-05, 5.45571601833e-05, 4.77690373373e-05, 5.42677626072e-05, 0.000106863080873, 7.48966776882e-05, 7.3585571954e-05, 0.0001284746686, 8.6641710368e-05, 6.53416791465e-05, 3.59758450941e-05], "max": [0.00830989796668, 0.160342797637, 0.0700969174504, 0.0472379848361, 0.15702240169, 0.0742046684027, 0.0925924032927, 0.0285617765039, 0.01296983473, 0.023116376251, 0.00972920190543, 0.0214711651206, 0.00319031416439, 0.00466832891107, 0.00243576499633, 0.00398855423555, 0.00346830207855, 0.00283089512959, 0.00274490728043, 0.00560652278364, 0.00571033917367, 0.00976337958127, 0.00653969869018, 0.012700821273, 0.00867428909987, 0.0085455942899, 0.00722831860185], "dmean2": [0.000195490938495, 0.00944669824094, 0.00429044943303, 0.00254817982204, 0.0108808884397, 0.00317726191133, 0.00292966212146, 0.000519743945915, 0.000306680100039, 0.000341085920809, 0.0002078894031, 0.000332978263032, 0.000143380340887, 0.000117602699902, 9.1320820502e-05, 0.000125722654047, 9.64615683188e-05, 6.77237694617e-05, 7.20254902262e-05, 7.62896233937e-05, 0.000145766025526, 0.000118532421766, 0.000130992440972, 0.000249855802394, 0.000189365222468, 0.000157171671162, 9.83738063951e-05], "median": [2.91759206448e-05, 0.00320001412183, 0.00141041376628, 0.00122468918562, 0.00818366743624, 0.00211284123361, 0.00160933285952, 0.000272760400549, 0.000125439168187, 0.000109795975732, 3.10704344884e-05, 0.000147858037963, 4.37098460679e-05, 3.01783948089e-05, 3.33188399964e-05, 3.77451797249e-05, 2.32243382925e-05, 1.74798315129e-05, 1.19216883832e-05, 1.38560963023e-05, 2.38528973568e-05, 1.13841097118e-05, 9.48224624153e-06, 1.30691851155e-05, 7.5075249697e-06, 5.54412054043e-06, 2.21798131861e-06], "dvar": [1.12619240156e-07, 0.000138700474054, 3.27187954099e-05, 7.07927392796e-06, 8.81603045855e-05, 1.04537475636e-05, 1.42605358633e-05, 7.38166306746e-07, 2.23313321612e-07, 3.6685648297e-07, 1.31728498332e-07, 3.14116476829e-07, 4.0697894832e-08, 3.59330698529e-08, 1.7779289152e-08, 3.8191487306e-08, 3.04132221629e-08, 1.19690213296e-08, 1.62082436361e-08, 1.83133455067e-08, 6.09632522242e-08, 4.98893975021e-08, 5.96458420432e-08, 2.48202525199e-07, 1.27208849676e-07, 9.15161848525e-08, 5.91103699321e-08]}, "melbands_skewness": {"dvar2": 2.36532044411, "var": 2.68593645096, "min": -1.37014353275, "dmean": 0.990564465523, "mean": 3.16411352158, "max": 18.7855052948, "dmean2": 1.54661011696, "median": 2.9608476162, "dvar": 1.02387726307}, "barkbands_skewness": {"dvar2": 1.85684096813, "var": 1.87474632263, "min": -2.08615779877, "dmean": 0.854320526123, "mean": 2.73477649689, "max": 17.023349762, "dmean2": 1.3613910675, "median": 2.61330080032, "dvar": 0.752735316753}, "erbbands": {"dvar2": [0.0924286320806, 24.1017436981, 127.15284729, 94.410194397, 2052.49853516, 3465.96533203, 2508.41967773, 2467.30664063, 8340.24023438, 4523.31933594, 710.744567871, 347.241455078, 685.057983398, 844.97845459, 498.500518799, 767.602539063, 251.105224609, 220.559844971, 182.245849609, 154.443054199, 338.675292969, 177.526885986, 78.190536499, 112.326087952, 83.5582427979, 103.735618591, 260.866943359, 219.193557739, 191.779846191, 127.212257385, 123.650909424, 316.779815674, 149.875610352, 54.4138793945, 16.6825828552, 5.99269199371, 0.700539469719, 0.109119340777, 0.00413730274886, 2.37921140069e-05], "var": [0.0412103906274, 11.2453737259, 45.6890945435, 59.5910568237, 1158.22644043, 2455.24316406, 1368.31811523, 2960.59082031, 11529.4560547, 2916.41723633, 949.259216309, 123.132980347, 235.352539063, 425.531341553, 349.042022705, 1139.40454102, 132.916687012, 69.2830047607, 83.0942459106, 64.4264526367, 158.850692749, 67.3024597168, 35.8597640991, 40.295463562, 33.1848335266, 50.1702423096, 136.380462646, 91.7161560059, 82.9914550781, 46.3622817993, 42.5698127747, 105.700065613, 49.2934951782, 15.1754179001, 4.44373893738, 1.45047008991, 0.175482854247, 0.0250152852386, 0.000855960010085, 4.97391329191e-06], "min": [6.27435982641e-23, 5.26234948242e-22, 2.42578449255e-21, 9.63689889769e-21, 2.15596080206e-20, 4.34295153997e-20, 5.51548975178e-20, 6.90466139615e-20, 1.04918561383e-19, 1.86873684232e-19, 2.54747537031e-19, 7.00772887595e-19, 5.7100686105e-19, 8.08867609273e-19, 9.81751097332e-19, 1.14505847054e-18, 1.66882654607e-18, 2.35151276768e-18, 2.79134724004e-18, 3.80382313405e-18, 3.27475862106e-18, 3.73650386708e-18, 4.98770760138e-18, 6.66005421455e-18, 6.2706457063e-18, 8.23670388906e-18, 9.7499505832e-18, 1.16099009321e-17, 1.18702361776e-17, 1.216749842e-17, 1.26026342996e-17, 1.15465752931e-17, 9.32734069953e-18, 8.67584332291e-18, 6.7642206555e-18, 4.69998812815e-18, 2.21077832621e-18, 9.60329704407e-19, 2.54554959045e-19, 2.83737910443e-20], "dmean": [0.0843917950988, 1.54558026791, 3.20427775383, 3.42866587639, 16.7030487061, 23.6909790039, 18.8548469543, 18.5213432312, 28.7013168335, 14.1827516556, 6.59430408478, 4.17583417892, 5.39824533463, 5.95857381821, 5.77018976212, 7.62109041214, 4.35948514938, 3.32469439507, 3.20984363556, 3.21654438972, 4.320520401, 3.03082489967, 2.29578614235, 2.30223751068, 2.13180446625, 2.40658307076, 3.80304551125, 3.48700523376, 2.82061481476, 2.31453227997, 2.4165995121, 3.19038915634, 2.46198511124, 1.37937319279, 0.752375423908, 0.410059034824, 0.156502649188, 0.0520394481719, 0.00790433865041, 0.000568687915802], "mean": [0.11262973398, 1.98770809174, 4.34430932999, 5.92179536819, 25.7020778656, 42.3324661255, 31.5722885132, 37.5675735474, 61.0484542847, 28.2592868805, 13.838139534, 6.64812517166, 8.3341550827, 8.84321117401, 9.60668087006, 14.5347652435, 6.68874311447, 4.1251950264, 4.41792201996, 4.46971225739, 5.82532501221, 3.99132657051, 3.10286021233, 2.65855550766, 2.42305636406, 2.89441800117, 4.40779399872, 3.56931996346, 2.77366685867, 2.17508530617, 2.13882470131, 2.67005634308, 2.01353311539, 1.06876242161, 0.566769003868, 0.303386181593, 0.111948311329, 0.0355754867196, 0.00523093622178, 0.00040288263699], "max": [2.75742983818, 40.791179657, 81.5101776123, 93.8313217163, 486.971710205, 476.517944336, 412.73651123, 851.369995117, 1659.46484375, 1374.00671387, 722.074035645, 333.980987549, 294.839660645, 983.435974121, 385.928009033, 876.377319336, 181.931854248, 210.490829468, 145.976272583, 145.901351929, 235.540756226, 167.044799805, 143.715667725, 140.74168396, 107.759521484, 229.222640991, 344.020294189, 216.765274048, 500.978729248, 276.352539063, 172.139450073, 360.944915771, 218.011642456, 143.53968811, 80.0400695801, 55.7929496765, 8.29543590546, 4.85048866272, 1.44654428959, 0.107067003846], "dmean2": [0.134986743331, 2.53701210022, 5.50272035599, 5.60247278214, 27.6215991974, 39.5584564209, 31.645942688, 29.8843650818, 46.3528213501, 23.1799278259, 9.84597396851, 7.02894639969, 9.12430381775, 10.1292562485, 9.21222400665, 11.6231508255, 7.10110807419, 5.6100730896, 5.33110809326, 5.27428913116, 6.99357509613, 4.91750764847, 3.66634964943, 3.74889945984, 3.37916731834, 3.73175024986, 5.87022304535, 5.40886497498, 4.37070798874, 3.63941001892, 3.85253071785, 5.18211746216, 4.00625419617, 2.30687570572, 1.27396261692, 0.704470217228, 0.273907572031, 0.0929458811879, 0.0143103320152, 0.00103241985198], "median": [0.0438297949731, 0.856828331947, 2.0488550663, 3.29414486885, 14.0074491501, 24.8111915588, 19.1927509308, 19.8504009247, 26.3213939667, 12.1974496841, 5.71521091461, 3.11115121841, 3.71195888519, 3.31390404701, 3.7681210041, 5.1174955368, 2.7158267498, 1.7447385788, 1.64142727852, 1.99649131298, 2.02432560921, 1.46657061577, 1.15161216259, 0.793925821781, 0.641717135906, 0.74632191658, 0.995034277439, 0.701242268085, 0.422580033541, 0.304345935583, 0.278202980757, 0.282838493586, 0.191658213735, 0.0942022353411, 0.0489735268056, 0.0264979489148, 0.00935274362564, 0.00274130911566, 0.000312505057082, 6.0238817241e-05], "dvar": [0.0369216762483, 9.65780448914, 46.2301254272, 37.1161689758, 773.254089355, 1261.13244629, 939.067749023, 1056.26062012, 3588.37695313, 1743.89001465, 347.069854736, 124.28150177, 245.59185791, 318.019317627, 200.552688599, 368.738677979, 98.864730835, 80.5807037354, 69.8410568237, 58.722568512, 132.337600708, 67.0954208374, 30.8611431122, 43.1521110535, 32.9776344299, 42.1557769775, 110.567489624, 89.4806900024, 81.0623703003, 50.4836158752, 48.6764717102, 124.627883911, 59.2572822571, 20.5631389618, 6.24230098724, 2.18161892891, 0.258278697729, 0.0393512584269, 0.00145167671144, 8.37703919387e-06]}, "silence_rate_30dB": {"dvar2": 0.0639676451683, "var": 0.0160278268158, "min": 0, "dmean": 0.0244801659137, "mean": 0.983705699444, "max": 1, "dmean2": 0.0489639416337, "median": 1, "dvar": 0.0238820500672}, "melbands_spread": {"dvar2": 48.2372703552, "var": 99.9652709961, "min": 0.303386300802, "dmean": 2.76682829857, "mean": 7.56257009506, "max": 153.604034424, "dmean2": 4.50785017014, "median": 5.50583076477, "dvar": 19.6024456024}, "melbands_crest": {"dvar2": 22.6074237823, "var": 21.7831535339, "min": 1.47351372242, "dmean": 3.39023160934, "mean": 14.9414482117, "max": 34.3818054199, "dmean2": 5.64944219589, "median": 14.2349367142, "dvar": 8.42573642731}, "zerocrossingrate": {"dvar2": 0.000233763057622, "var": 0.001607213635, "min": 0.00341796875, "dmean": 0.00986769516021, "mean": 0.034899238497, "max": 0.52001953125, "dmean2": 0.012582289055, "median": 0.02587890625, "dvar": 0.000156497742864}, "barkbands_kurtosis": {"dvar2": 441.579925537, "var": 325.030059814, "min": -1.76850187778, "dmean": 8.62384700775, "mean": 16.9315605164, "max": 465.933898926, "dmean2": 14.0510091782, "median": 12.7943201065, "dvar": 178.257781982}, "spectral_flux": {"dvar2": 0.00316999736242, "var": 0.00301212188788, "min": 6.43920541887e-11, "dmean": 0.0354455560446, "mean": 0.086975723505, "max": 0.375644892454, "dmean2": 0.0537474937737, "median": 0.0747097805142, "dvar": 0.00145644310396}, "barkbands_crest": {"dvar2": 16.5535774231, "var": 16.3862533569, "min": 2.89062666893, "dmean": 2.90850234032, "mean": 12.2821359634, "max": 26.6333293915, "dmean2": 4.83949995041, "median": 11.605047226, "dvar": 6.16698265076}, "barkbands_flatness_db": {"dvar2": 0.00232741888613, "var": 0.00488546909764, "min": 0.0289961528033, "dmean": 0.0368243381381, "mean": 0.202110007405, "max": 0.458329826593, "dmean2": 0.0540143176913, "median": 0.198191463947, "dvar": 0.00111923017539}, "spectral_entropy": {"dvar2": 0.327662080526, "var": 0.620198905468, "min": 4.28049707413, "dmean": 0.437671273947, "mean": 6.70702791214, "max": 9.82097911835, "dmean2": 0.621714770794, "median": 6.69514083862, "dvar": 0.160805597901}, "pitch_salience": {"dvar2": 0.0121237710118, "var": 0.0116224177182, "min": 0.0936581939459, "dmean": 0.07702447474, "mean": 0.565336108208, "max": 0.931338727474, "dmean2": 0.12710134685, "median": 0.573700368404, "dvar": 0.0046444889158}, "erbbands_spread": {"dvar2": 464.964935303, "var": 502.198394775, "min": 1.7644431591, "dmean": 12.2899980545, "mean": 31.790813446, "max": 182.052276611, "dmean2": 18.2676277161, "median": 25.996099472, "dvar": 216.413726807}, "dynamic_complexity": 2.61358475685, "spectral_contrast_valleys": {"dvar2": [0.367894917727, 0.358823955059, 0.513079464436, 0.532864749432, 0.67400187254, 0.741948723793], "var": [2.80321526527, 2.64008188248, 2.65049958229, 2.69740200043, 2.97853040695, 2.98704004288], "min": [-28.071390152, -27.9193477631, -27.7848167419, -27.8520278931, -27.5440196991, -27.4393672943], "dmean": [0.435275912285, 0.407113164663, 0.514585733414, 0.55055886507, 0.645008444786, 0.71527493], "mean": [-7.00923156738, -6.94817495346, -8.07296848297, -8.79703998566, -8.95213127136, -10.7850894928], "max": [-4.93754434586, -4.49588775635, -5.03582620621, -5.82021045685, -5.40268278122, -7.3000626564], "dmean2": [0.699986100197, 0.635121226311, 0.762833058834, 0.782996296883, 0.872787356377, 0.936617076397], "median": [-6.75958061218, -6.77899026871, -7.94987392426, -8.64942550659, -8.79762172699, -10.6352310181], "dvar": [0.163786590099, 0.165024071932, 0.245115295053, 0.258016347885, 0.330395340919, 0.379963129759]}, "hfc": {"dvar2": 899.619628906, "var": 390.711151123, "min": 1.06603152906e-16, "dmean": 9.10176944733, "mean": 14.8882427216, "max": 435.84197998, "dmean2": 14.0933036804, "median": 9.73260211945, "dvar": 366.650390625}, "spectral_kurtosis": {"dvar2": 155.976974487, "var": 190.439208984, "min": -1.2391680479, "dmean": 5.95904302597, "mean": 11.9761323929, "max": 137.386611938, "dmean2": 8.84155464172, "median": 7.45586395264, "dvar": 71.6125717163}, "mfcc": {"mean": [-696.93536377, 154.206161499, 39.8839530945, 25.4819965363, 7.973341465, 4.87069654465, -4.71013355255, -7.25563669205, -5.9973654747, -9.77179527283, -10.2186183929, 5.07109975815, -0.0426232255995], "cov": [[8479.86621094, -1671.40917969, 101.61516571, -50.7293815613, -14.8061981201, 161.393173218, 198.062835693, 186.598403931, 47.0249557495, 128.408889771, 88.2253799438, 93.0531234741, 60.2078361511], [-1671.40917969, 1606.10998535, -49.7307014465, 63.7514572144, 33.1845550537, -59.9429016113, -57.8814926147, -84.0842437744, -12.6897821426, -61.9866065979, -52.3085174561, -11.5443277359, -12.558807373], [101.61516571, -49.7307014465, 363.510650635, 12.2698392868, 44.8213996887, 18.3672714233, 5.24872875214, 28.4884414673, 1.58926522732, 21.2040882111, 21.9917240143, 16.5647182465, 10.0056810379], [-50.7293815613, 63.7514572144, 12.2698392868, 207.785766602, 37.1112213135, 31.2730007172, 9.07154273987, 5.07603025436, 7.39459848404, 9.72690200806, -2.09992837906, 8.72053050995, 3.02878904343], [-14.8061981201, 33.1845550537, 44.8213996887, 37.1112213135, 158.538726807, 40.5786094666, 22.5708293915, 23.6636943817, 9.14440631866, 20.3140258789, 15.9862747192, 0.350036561489, -2.09960365295], [161.393173218, -59.9429016113, 18.3672714233, 31.2730007172, 40.5786094666, 135.7762146, 35.2061042786, 7.24443769455, 6.0173459053, 22.9089412689, 3.86842083931, 3.39080953598, 13.4543485641], [198.062835693, -57.8814926147, 5.24872875214, 9.07154273987, 22.5708293915, 35.2061042786, 126.822128296, 55.266166687, 15.3185033798, 21.2280921936, 22.7151699066, 14.6410732269, 3.57970166206], [186.598403931, -84.0842437744, 28.4884414673, 5.07603025436, 23.6636943817, 7.24443769455, 55.266166687, 124.410018921, 34.7854347229, 15.9904317856, 33.4764175415, 10.9974842072, -7.80492115021], [47.0249557495, -12.6897821426, 1.58926522732, 7.39459848404, 9.14440631866, 6.0173459053, 15.3185033798, 34.7854347229, 101.936729431, 25.3871383667, 1.84781694412, 12.5515699387, -5.88409471512], [128.408889771, -61.9866065979, 21.2040882111, 9.72690200806, 20.3140258789, 22.9089412689, 21.2280921936, 15.9904317856, 25.3871383667, 96.9022521973, 19.5541858673, -8.03876495361, 11.5659885406], [88.2253799438, -52.3085174561, 21.9917240143, -2.09992837906, 15.9862747192, 3.86842083931, 22.7151699066, 33.4764175415, 1.84781694412, 19.5541858673, 88.204826355, 17.5778236389, -8.56242179871], [93.0531234741, -11.5443277359, 16.5647182465, 8.72053050995, 0.350036561489, 3.39080953598, 14.6410732269, 10.9974842072, 12.5515699387, -8.03876495361, 17.5778236389, 80.607460022, 16.4560241699], [60.2078361511, -12.558807373, 10.0056810379, 3.02878904343, -2.09960365295, 13.4543485641, 3.57970166206, -7.80492115021, -5.88409471512, 11.5659885406, -8.56242179871, 16.4560241699, 79.8546142578]], "icov": [[0.000155238041771, 0.000145347308717, -5.82912025493e-06, 1.58658203873e-05, 3.68136534235e-05, -8.43254310894e-05, -0.000100024350104, -8.65931942826e-05, 2.70113887382e-05, -8.48111012601e-05, 3.03991473629e-05, -0.000137271097628, -3.70392663172e-05], [0.000145347308717, 0.000833123223856, 4.9849433708e-05, -0.000223019698751, -0.000288079289021, 0.000280321692117, -7.95457235654e-05, 0.000363047380233, -0.000116123133921, 0.000285873364192, 0.000207852077438, -7.81990311225e-05, -3.6632550291e-06], [-5.82912025493e-06, 4.9849433708e-05, 0.00297710974701, -1.29046666189e-05, -0.000723490840755, -0.00014137213293, 0.00052506296197, -0.000659415032715, 0.000369328336092, -0.000495412037708, -0.000258997635683, -0.000592187396251, -0.000250262877671], [1.58658203873e-05, -0.000223019698751, -1.29046666189e-05, 0.0052522495389, -0.000893926015124, -0.00100829161238, 8.73849421623e-05, -0.000191933359019, -3.03564174828e-05, -0.00041807765956, 0.000489483412821, -0.000731628155336, 0.000140642470797], [3.68136534235e-05, -0.000288079289021, -0.000723490840755, -0.000893926015124, 0.00764523865655, -0.00192616868299, -0.000292742508464, -0.000961002777331, 7.81433755037e-06, -0.000776374887209, -0.000772638653871, 0.000392635876779, 0.000445502926596], [-8.43254310894e-05, 0.000280321692117, -0.00014137213293, -0.00100829161238, -0.00192616868299, 0.00920210126787, -0.00228930125013, 0.00120406062342, -0.000150917781866, -0.000939196557738, 0.000402619480155, 0.000213629667996, -0.0010930771241], [-0.000100024350104, -7.95457235654e-05, 0.00052506296197, 8.73849421623e-05, -0.000292742508464, -0.00228930125013, 0.0110103683546, -0.00445948773995, 0.000533593527507, -0.00124767329544, -0.000536936393473, -0.00137473456562, -0.000111864865175], [-8.65931942826e-05, 0.000363047380233, -0.000659415032715, -0.000191933359019, -0.000961002777331, 0.00120406062342, -0.00445948773995, 0.0124016534537, -0.00366512709297, 0.000952024478465, -0.00318596791476, 0.000634863739833, 0.000515790481586], [2.70113887382e-05, -0.000116123133921, 0.000369328336092, -3.03564174828e-05, 7.81433755037e-06, -0.000150917781866, 0.000533593527507, -0.00366512709297, 0.0123470705003, -0.00386235094629, 0.00243705254979, -0.00293717300519, 0.00189553445671], [-8.48111012601e-05, 0.000285873364192, -0.000495412037708, -0.00041807765956, -0.000776374887209, -0.000939196557738, -0.00124767329544, 0.000952024478465, -0.00386235094629, 0.01363644097, -0.00346177001484, 0.00373945059255, -0.00292782438919], [3.03991473629e-05, 0.000207852077438, -0.000258997635683, 0.000489483412821, -0.000772638653871, 0.000402619480155, -0.000536936393473, -0.00318596791476, 0.00243705254979, -0.00346177001484, 0.0147521141917, -0.00398591067642, 0.00273234490305], [-0.000137271097628, -7.81990311225e-05, -0.000592187396251, -0.000731628155336, 0.000392635876779, 0.000213629667996, -0.00137473456562, 0.000634863739833, -0.00293717300519, 0.00373945059255, -0.00398591067642, 0.0154378144071, -0.00407561799511], [-3.70392663172e-05, -3.6632550291e-06, -0.000250262877671, 0.000140642470797, 0.000445502926596, -0.0010930771241, -0.000111864865175, 0.000515790481586, 0.00189553445671, -0.00292782438919, 0.00273234490305, -0.00407561799511, 0.0145240314305]]}, "silence_rate_20dB": {"dvar2": 0, "var": 0, "min": 1, "dmean": 0, "mean": 1, "max": 1, "dmean2": 0, "median": 1, "dvar": 0}, "melbands_kurtosis": {"dvar2": 930.018493652, "var": 650.03112793, "min": -1.36921882629, "dmean": 13.5766153336, "mean": 26.6002445221, "max": 507.335235596, "dmean2": 21.8218288422, "median": 20.2439613342, "dvar": 372.563537598}, "barkbands_spread": {"dvar2": 152.963424683, "var": 108.132255554, "min": 0.181640729308, "dmean": 4.86209821701, "mean": 9.33878803253, "max": 126.374778748, "dmean2": 7.7209482193, "median": 5.97795629501, "dvar": 63.8467216492}, "erbbands_skewness": {"dvar2": 0.657736539841, "var": 0.908499181271, "min": -1.37052774429, "dmean": 0.520472049713, "mean": 1.69880568981, "max": 8.58656024933, "dmean2": 0.819410979748, "median": 1.63865792751, "dvar": 0.28046604991}, "average_loudness": 0.89685690403, "spectral_centroid": {"dvar2": 122286.828125, "var": 574442.375, "min": 167.512817383, "dmean": 138.896240234, "mean": 563.059997559, "max": 11630.1748047, "dmean2": 221.823516846, "median": 427.468536377, "dvar": 53258.6171875}, "dissonance": {"dvar2": 0.00181985774543, "var": 0.00201492523775, "min": 0.136349007487, "dmean": 0.0295425150543, "mean": 0.428192645311, "max": 0.500000119209, "dmean2": 0.0480479076505, "median": 0.436041474342, "dvar": 0.000717356684618}, "erbbands_flatness_db": {"dvar2": 0.00173655012622, "var": 0.00393783859909, "min": 0.0252603497356, "dmean": 0.033067304641, "mean": 0.170615524054, "max": 0.425880521536, "dmean2": 0.046028945595, "median": 0.164766058326, "dvar": 0.000886330555659}, "spectral_strongpeak": {"dvar2": 0.506099402905, "var": 0.434077501297, "min": 0, "dmean": 0.358858466148, "mean": 0.815110266209, "max": 14.1902208328, "dmean2": 0.602314531803, "median": 0.628743171692, "dvar": 0.200297251344}, "spectral_rms": {"dvar2": 3.22481787407e-06, "var": 4.76881541545e-06, "min": 3.10742382346e-12, "dmean": 0.00113673938904, "mean": 0.00550183001906, "max": 0.0145634654909, "dmean2": 0.00173249596264, "median": 0.00540250260383, "dvar": 1.48706408254e-06}, "silence_rate_60dB": {"dvar2": 0.0249223094434, "var": 0.0396497808397, "min": 0, "dmean": 0.0106179025024, "mean": 0.0413625314832, "max": 1, "dmean2": 0.0212373714894, "median": 0, "dvar": 0.010501162149}, "melbands": {"dvar2": [1.66239351529e-05, 3.59167679562e-05, 4.97201017424e-06, 1.60715972015e-05, 2.79524397229e-06, 1.08313986402e-06, 1.58195643962e-06, 3.75388879092e-07, 3.78362763342e-08, 1.35063906725e-08, 1.78843198029e-08, 1.52540504672e-08, 6.15239459378e-09, 1.18002470018e-08, 4.10810807594e-09, 7.65956298387e-10, 8.58445203811e-10, 5.82926817927e-10, 2.5232996248e-10, 4.46853803959e-10, 5.19560339196e-10, 2.54297222169e-10, 1.12302583899e-10, 5.64778605827e-11, 8.15191456005e-11, 7.25731558182e-11, 3.68740454837e-11, 5.35822497483e-11, 1.31572169826e-10, 9.61858023785e-11, 7.48174924792e-11, 1.03153312281e-10, 3.68591684952e-11, 5.41972022816e-11, 4.10003732354e-11, 8.01578109444e-11, 1.40498793155e-10, 9.06840158521e-11, 6.2440115578e-11, 3.5569224649e-11], "var": [7.88038141764e-06, 1.51709282363e-05, 3.46285332853e-06, 1.05555100163e-05, 1.75703553396e-06, 1.35282891733e-06, 1.99314035854e-06, 2.4636432272e-07, 5.07068662614e-08, 5.10573938683e-09, 6.28142560188e-09, 7.92029641872e-09, 3.74109276891e-09, 1.38630547042e-08, 3.63932395331e-09, 3.51681350708e-10, 2.4917956587e-10, 2.37641906153e-10, 1.35325320394e-10, 1.5791437602e-10, 2.37133701564e-10, 7.90810750217e-11, 5.9161904542e-11, 2.59179691597e-11, 2.82495294518e-11, 2.60915854894e-11, 1.36965135414e-11, 2.52752541119e-11, 6.64303959064e-11, 3.94012981964e-11, 2.9424577358e-11, 4.24334734017e-11, 1.42102206738e-11, 1.90804351485e-11, 1.44143637998e-11, 2.59822302562e-11, 4.53355512853e-11, 2.92873711394e-11, 1.77819148295e-11, 9.45281613401e-12], "min": [1.12619656374e-24, 1.43664596906e-24, 2.50296729984e-24, 2.466278168e-24, 1.9381622188e-24, 1.61295293011e-24, 2.23951457877e-24, 1.8790688456e-24, 2.09425807042e-24, 3.95291809833e-24, 2.82892048436e-24, 2.87217846096e-24, 2.32829732378e-24, 3.24336414092e-24, 1.5997894054e-24, 2.22473941123e-24, 3.41199183688e-24, 4.38683182811e-24, 2.10136235452e-24, 4.90185426401e-24, 3.47726692135e-24, 3.87438265648e-24, 3.95154035276e-24, 4.21961106557e-24, 4.04720709246e-24, 3.75977694417e-24, 4.96382520457e-24, 4.92044258795e-24, 4.51636752191e-24, 5.75409895967e-24, 5.94124871526e-24, 6.28879400883e-24, 6.40972244129e-24, 5.57077715163e-24, 6.28326409388e-24, 6.2849041357e-24, 5.16352455386e-24, 7.12905748506e-24, 5.41403995609e-24, 6.24573285302e-24], "dmean": [0.00122675998136, 0.00185664079618, 0.000886270892806, 0.00160435412545, 0.000684829661623, 0.000401802186389, 0.000402051955462, 0.000128272498841, 4.69681035611e-05, 2.61118530034e-05, 2.76650644082e-05, 2.53843754763e-05, 1.75107998075e-05, 2.59412772721e-05, 1.57721260621e-05, 7.39641745895e-06, 6.16475881543