{"tonal": {"thpcp": [1, 0.579968392849, 0.225295707583, 0.245011851192, 0.243643924594, 0.516594350338, 0.706178665161, 0.457070946693, 0.323972165585, 0.369717121124, 0.413138389587, 0.42002671957, 0.376372873783, 0.317981690168, 0.46095854044, 0.586460649967, 0.360233336687, 0.196367591619, 0.199703350663, 0.190677985549, 0.27016839385, 0.323137044907, 0.240458235145, 0.218597277999, 0.214159607887, 0.182927295566, 0.419117063284, 0.655272066593, 0.418366611004, 0.333906948566, 0.451492220163, 0.281285881996, 0.142266735435, 0.156530871987, 0.204174935818, 0.638165354729], "hpcp": {"dmean2": [0.181565135717, 0.186856538057, 0.179309681058, 0.173280417919, 0.18637137115, 0.195573464036, 0.19294129312, 0.177546739578, 0.195101246238, 0.184237539768, 0.153193771839, 0.11639662832, 0.0978687405586, 0.0987788513303, 0.112950012088, 0.116484366357, 0.114029929042, 0.11760224402, 0.115210674703, 0.1095514521, 0.139084488153, 0.135539144278, 0.137782171369, 0.107818379998, 0.127791151404, 0.112255185843, 0.0857651159167, 0.104351051152, 0.132408067584, 0.15235003829, 0.16840800643, 0.143684461713, 0.105843409896, 0.118793435395, 0.138396516442, 0.165270447731], "median": [0.0213894061744, 0.026660585776, 0.00391504820436, 0.00290894368663, 0.00320354616269, 0.0106183886528, 0.0106764547527, 0.0101125668734, 0.0107697285712, 0.011960066855, 0.0158495604992, 0.00763133959845, 0.00581105612218, 0.00605902727693, 0.00622343271971, 0.00745397433639, 0.00883932970464, 0.00392934959382, 0.00202838890254, 0.00374953914434, 0.0152675835416, 0.0248399600387, 0.0244819372892, 0.0134547650814, 0.0119972024113, 0.0128918737173, 0.00211613113061, 0.00132001936436, 0.00379707384855, 0.0402576178312, 0.0616101324558, 0.0419117249548, 0.00395139772445, 0.00141428213101, 0.00747310929, 0.02319079265], "min": [0, 0, 0, 0, 0, 0, 0, 0, 0, 0, 0, 0, 0, 0, 0, 0, 0, 0, 0, 0, 0, 0, 0, 0, 0, 0, 0, 0, 0, 0, 0, 0, 0, 0, 0, 0], "dvar2": [0.106231234968, 0.111761860549, 0.118956245482, 0.112871989608, 0.113990336657, 0.120583571494, 0.122977130115, 0.0975286886096, 0.115359418094, 0.120659917593, 0.0768276378512, 0.0647750645876, 0.0633309930563, 0.0594232454896, 0.0621457882226, 0.0715919882059, 0.0583763308823, 0.0693484097719, 0.0748610198498, 0.0624051652849, 0.0782562717795, 0.0726893097162, 0.0676860436797, 0.0471330061555, 0.0684202089906, 0.0628777593374, 0.0402815230191, 0.0612532421947, 0.0857121869922, 0.0722007602453, 0.0851345434785, 0.0748143196106, 0.0642475783825, 0.0726919546723, 0.0839705020189, 0.0966099798679], "dvar": [0.0421279631555, 0.0404765233397, 0.0422056727111, 0.0418710559607, 0.0440349727869, 0.0455925837159, 0.0446614548564, 0.037079770118, 0.0432562232018, 0.0488744676113, 0.0303927809, 0.0236132852733, 0.0229671113193, 0.0219922866672, 0.0244832132012, 0.0275986455381, 0.0220443978906, 0.0269189812243, 0.0281005129218, 0.0230469070375, 0.0308422222733, 0.0355207845569, 0.0275859702379, 0.0191126763821, 0.0275710579008, 0.0230282153934, 0.0144860511646, 0.0214459840208, 0.0306271743029, 0.0294535215944, 0.0389002151787, 0.0311016216874, 0.0232865214348, 0.0274109747261, 0.0292267743498, 0.0343086048961], "dmean": [0.104962266982, 0.104558363557, 0.0992285832763, 0.100606694818, 0.107614263892, 0.111566029489, 0.109593093395, 0.0991080775857, 0.109603971243, 0.105358034372, 0.0868560671806, 0.0655386075377, 0.0559314712882, 0.0556089319289, 0.0634497851133, 0.0676522031426, 0.0646938756108, 0.0680319592357, 0.0663266479969, 0.0625642687082, 0.080476462841, 0.0801683366299, 0.0809186026454, 0.0626783296466, 0.0736832097173, 0.0648329257965, 0.0484566763043, 0.0575154796243, 0.0728485137224, 0.0877817720175, 0.0977470427752, 0.0847640410066, 0.0596946589649, 0.0660832822323, 0.0767688751221, 0.0950823426247], "max": [1, 1, 1, 1, 1, 1, 1, 1, 1, 1, 1, 1, 1, 1, 1, 1, 1, 1, 1, 1, 1, 1, 1, 1, 1, 1, 1, 1, 1, 1, 1, 1, 1, 1, 1, 1], "var": [0.109273508191, 0.0490415692329, 0.0475985147059, 0.0585783831775, 0.0661619305611, 0.0646851360798, 0.0528345070779, 0.0427540801466, 0.0633972808719, 0.102799631655, 0.0430548302829, 0.0200977046043, 0.0235642753541, 0.0224753282964, 0.0352399721742, 0.0488024838269, 0.0244587641209, 0.0290036704391, 0.0301016066223, 0.0222392641008, 0.0517158210278, 0.118071764708, 0.0497952401638, 0.0383439362049, 0.0727222859859, 0.0281792171299, 0.013495597057, 0.0187005195767, 0.0249870140105, 0.0710508599877, 0.158642590046, 0.0635526031256, 0.0313775502145, 0.0375129766762, 0.0267789233476, 0.062097478658], "mean": [0.218948438764, 0.141713380814, 0.100446529686, 0.114629603922, 0.128092229366, 0.130227938294, 0.116693198681, 0.0985892042518, 0.142918720841, 0.181830242276, 0.111689187586, 0.0608831420541, 0.0619173832238, 0.0591190978885, 0.0837648436427, 0.100187599659, 0.0745533034205, 0.0677753835917, 0.066399499774, 0.0567160211504, 0.129945904016, 0.203165009618, 0.129713222384, 0.103526778519, 0.139983713627, 0.0872117877007, 0.0441093444824, 0.0485318936408, 0.063303783536, 0.197861120105, 0.31004679203, 0.179817333817, 0.0698522105813, 0.0759651362896, 0.0755410194397, 0.160168424249]}, "tuning_equal_tempered_deviation": 0.108422212303, "chords_changes_rate": 0.0681415945292, "key_key": "C", "tuning_diatonic_strength": 0.516453623772, "key_scale": "major", "chords_number_rate": 0.0123893804848, "tuning_frequency": 437.971466064, "tuning_nontempered_energy_ratio": 0.710224032402, "chords_histogram": [46.5486717224, 3.09734511375, 2.03539824486, 0.707964599133, 0.530973434448, 0, 6.01769924164, 1.76991152763, 0, 2.74336290359, 2.83185839653, 0.973451316357, 1.15044248104, 3.6283185482, 0.0884955748916, 0, 0.353982299566, 3.45132732391, 0, 1.94690263271, 0, 2.92035388947, 4.24778747559, 14.9557523727], "key_strength": 0.709891915321, "chords_key": "C", "chords_strength": {"dmean2": 0.0111669581383, "median": 0.489665240049, "min": 0.243034020066, "dvar2": 0.000143167475471, "dvar": 0.000119586635265, "dmean": 0.0121848210692, "max": 0.754010021687, "var": 0.0132802594453, "mean": 0.484958946705}, "chords_scale": "major", "hpcp_entropy": {"dmean2": 0.894638478756, "median": 1.60408246517, "min": 0, "dvar2": 0.790345847607, "dvar": 0.336412459612, "dmean": 0.528177678585, "max": 4.14881706238, "var": 0.84584158659, "mean": 1.53257036209}}, "metadata": {"audio_properties": {"equal_loudness": 0, "codec": "mp3", "downmix": "mix", "sample_rate": 44100, "analysis_sample_rate": 44100, "bit_rate": 320000, "md5_encoded": "c5f29cfccaba6a72ed39cb346f9f5f26", "length": 52.4016342163, "replay_gain": -2.90539741516, "lossless": false}, "version": {"essentia_build_sha": "70f2e5ece6736b2c40cc944ad0e695b16b925413", "essentia": "2.1-beta2", "extractor": "music 1.0", "essentia_git_sha": "v2.1_beta2"}, "tags": {"title": ["I Can't Get Started (False Start)"], "artist": ["Lester Young / Oscar Peterson Trio"], "filetype": ["audio/mp3"], "albumartist": ["Lester Young / Oscar Peterson Trio"], "date": ["1997"], "genre": ["\u00c6\u00d5\u00cd\u00a8\u00be\u00f4\u00ca\u00bf\u00c0\u00d6"], "album": ["With the Oscar Peterson Trio"], "tracknumber": ["14"], "musicbrainz_recordingid": ["18d00fa2-fa6e-4443-88f7-65ec2fe23c5d"], "file_name": "25711.mp3"}}, "rhythm": {"bpm_histogram_first_peak_bpm": {"dmean2": 0, "median": 144, "min": 144, "dvar2": 0, "dvar": 0, "dmean": 0, "max": 144, "var": 0, "mean": 144}, "bpm": 143.903106689, "bpm_histogram_second_peak_spread": {"dmean2": 0, "median": 0.521739125252, "min": 0.521739125252, "dvar2": 0, "dvar": 0, "dmean": 0, "max": 0.521739125252, "var": 0, "mean": 0.521739125252}, "bpm_histogram_first_peak_weight": {"dmean2": 0, "median": 0.118811883032, "min": 0.118811883032, "dvar2": 0, "dvar": 0, "dmean": 0, "max": 0.118811883032, "var": 0, "mean": 0.118811883032}, "onset_rate": 2.80432415009, "beats_position": [0.49922901392, 1.02167797089, 1.53251695633, 2.04335594177, 2.55419492722, 3.01859402657, 3.48299312592, 3.93578219414, 4.40018129349, 4.85297060013, 5.30575942993, 5.78176879883, 6.24616765976, 6.71056699753, 7.17496585846, 7.67419481277, 8.17342376709, 8.68426322937, 9.2067117691, 9.72916126251, 10.2516098022, 10.7856683731, 11.3081178665, 11.8305664062, 12.3297958374, 12.8290243149, 13.3746938705, 13.9087524414, 14.4428119659, 14.9768705368, 15.5225391388, 16.0682086945, 16.5790481567, 17.1014957428, 17.6239452362, 18.0419044495, 18.4482536316, 18.8546028137, 19.2609519958, 19.6556911469, 20.0388202667, 20.4335594177, 20.851518631, 21.2694778442, 21.6874370575, 22.1170063019, 22.5349655151, 22.9645347595, 23.3941040039, 23.8120632172, 24.2416324615, 24.6712017059, 25.1007709503, 25.5071201324, 25.9134693146, 26.3314285278, 26.73777771, 27.2486171722, 27.7594547272, 28.2935142517, 28.8740139008, 29.4429016113, 30.0234012604, 30.6038990021, 31.2888889313, 31.9854869843, 32.6820869446, 33.3438529968, 34.0172348022, 34.6093406677, 35.2014503479, 35.8051681519, 36.3856697083, 36.9545555115, 37.5350570679, 38.1039466858, 38.730884552, 39.3578224182, 39.9847602844, 40.6116981506, 41.2386398315, 41.8655776978, 42.492515564, 43.1310653687, 43.7696151733, 44.4197731018, 44.9306106567, 45.4414520264, 45.9522895813, 46.4863471985, 47.0204086304, 47.5312461853, 47.9492073059, 48.3671646118, 48.7967338562, 49.2146911621, 49.6326522827, 50.0506095886, 50.4569587708, 50.8633079529, 51.2580490112, 51.6643981934], "beats_loudness": {"dmean2": 0.0463471934199, "median": 0.0103204771876, "min": 1.85062538094e-06, "dvar2": 0.00273333396763, "dvar": 0.00111999956425, "dmean": 0.0255475305021, "max": 0.176690489054, "var": 0.00102098204661, "mean": 0.0221556052566}, "danceability": 1.05950129032, "bpm_histogram_second_peak_weight": {"dmean2": 0, "median": 0.108910888433, "min": 0.108910888433, "dvar2": 0, "dvar": 0, "dmean": 0, "max": 0.108910888433, "var": 0, "mean": 0.108910888433}, "beats_count": 102, "bpm_histogram_second_peak_bpm": {"dmean2": 0, "median": 117, "min": 117, "dvar2": 0, "dvar": 0, "dmean": 0, "max": 117, "var": 0, "mean": 117}, "bpm_histogram_first_peak_spread": {"dmean2": 0, "median": 0.571428537369, "min": 0.571428537369, "dvar2": 0, "dvar": 0, "dmean": 0, "max": 0.571428537369, "var": 0, "mean": 0.571428537369}, "beats_loudness_band_ratio": {"dmean2": [0.396433025599, 0.432270616293, 0.328941494226, 0.113125659525, 0.122380822897, 0.047568038106], "median": [0.197674199939, 0.502609848976, 0.168301746249, 0.00481441617012, 0.00199865689501, 0.000778337125666], "min": [2.2665670258e-05, 0.014559770003, 0.00215000030585, 9.1334559329e-06, 1.60745503308e-06, 3.22067012348e-06], "dvar2": [0.10720757395, 0.113839581609, 0.0902349874377, 0.032598875463, 0.0495372489095, 0.0182836800814], "dvar": [0.050756316632, 0.0590277574956, 0.039747081697, 0.0109142642468, 0.0167237333953, 0.00541695440188], "dmean": [0.230280533433, 0.24907463789, 0.190878421068, 0.0629525333643, 0.0634851679206, 0.0247987899929], "max": [0.933896303177, 0.997825086117, 0.919188082218, 0.475425451994, 0.660962164402, 0.460454970598], "var": [0.0711708664894, 0.107552833855, 0.0528179109097, 0.00870169885457, 0.010991522111, 0.00321855233051], "mean": [0.268444478512, 0.488247185946, 0.231502309442, 0.0495699606836, 0.0437387004495, 0.0168650243431]}}, "lowlevel": {"barkbands_spread": {"dmean2": 4.60552120209, "median": 3.19113087654, "min": 0.0225872248411, "dvar2": 69.3717193604, "dvar": 32.9581336975, "dmean": 3.10360884666, "max": 113.572624207, "var": 161.531661987, "mean": 9.4155254364}, "melbands_spread": {"dmean2": 5.02065229416, "median": 3.53269481659, "min": 0.266780048609, "dvar2": 129.131851196, "dvar": 55.0632362366, "dmean": 3.29765248299, "max": 193.508209229, "var": 170.947387695, "mean": 9.0480928421}, "hfc": {"dmean2": 1.49117791653, "median": 1.56884109974, "min": 1.17086648083e-16, "dvar2": 18.6674900055, "dvar": 12.6197452545, "dmean": 1.17613554001, "max": 105.850753784, "var": 77.1664810181, "mean": 4.98147058487}, "barkbands_kurtosis": {"dmean2": 30.6459655762, "median": 6.20830869675, "min": -1.86586332321, "dvar2": 60755.4882812, "dvar": 20430.7070312, "dmean": 18.6032390594, "max": 5090.89355469, "var": 25814.7617188, "mean": 36.2228431702}, "gfcc": {"mean": [-242.053482056, 134.563766479, -62.8716011047, 8.26814365387, -57.9023628235, -28.7993774414, -46.6141738892, 3.62518620491, -25.3744449615, -3.05608725548, -16.6881275177, -0.845638990402, -11.8773317337], "icov": [[0.00123151438311, -0.00319044827484, 0.00207331031561, -0.00221996498294, 0.00233066640794, -0.00100115395617, 0.00114651024342, -0.000315167446388, 0.000147385930177, 2.94790879707e-05, -0.000343408697518, 0.000141991738928, -0.000378196418751], [-0.00319044827484, 0.0102231511846, -0.00602098368108, 0.00698337005451, -0.00777293089777, 0.00409440603107, -0.00460198754445, 0.00284723681398, -0.00181790126953, 0.00170001992956, -6.90271554049e-05, 0.00102642271668, 0.00133931415621], [0.00207331031561, -0.00602098368108, 0.00424829917029, -0.00473515503109, 0.0055246502161, -0.00306472997181, 0.00345571618527, -0.00183508591726, 0.000373305461835, 0.000913609750569, -0.00133749214001, 0.00101674161851, -0.00162692321464], [-0.00221996498294, 0.00698337005451, -0.00473515503109, 0.00799966417253, -0.00801025517285, 0.00400722818449, -0.00463855871931, 0.00289594195783, -0.000510670128278, -0.00171988387592, 0.00410693278536, -0.00361082842574, 0.00331380264834], [0.00233066640794, -0.00777293089777, 0.0055246502161, -0.00801025517285, 0.0118499174714, -0.00634143315256, 0.0059936628677, -0.00435145478696, 0.000693278736435, 0.00185797386803, -0.0052804495208, 0.0050184247084, -0.00339889177121], [-0.00100115395617, 0.00409440603107, -0.00306472997181, 0.00400722818449, -0.00634143315256, 0.00893211178482, -0.00734432600439, 0.00366173265502, -0.000995704904199, -0.00423494027928, 0.0069755166769, -0.0058168945834, 0.00440725777298], [0.00114651024342, -0.00460198754445, 0.00345571618527, -0.00463855871931, 0.0059936628677, -0.00734432600439, 0.0116897309199, -0.00530866486952, 0.00172590557486, 0.00377319380641, -0.00530733866617, 0.00493964040652, -0.00406466051936], [-0.000315167446388, 0.00284723681398, -0.00183508591726, 0.00289594195783, -0.00435145478696, 0.00366173265502, -0.00530866486952, 0.00875693187118, -0.00202291621827, -0.00214470783249, 0.00172159750946, -0.00454728072509, 0.00555175030604], [0.000147385930177, -0.00181790126953, 0.000373305461835, -0.000510670128278, 0.000693278736435, -0.000995704904199, 0.00172590557486, -0.00202291621827, 0.0115341795608, -0.00537671195343, 0.00293314829469, -0.00012094424892, -0.00395287573338], [2.94790879707e-05, 0.00170001992956, 0.000913609750569, -0.00171988387592, 0.00185797386803, -0.00423494027928, 0.00377319380641, -0.00214470783249, -0.00537671195343, 0.0143109699711, -0.00976026244462, 0.00838029477745, -0.00309812137857], [-0.000343408697518, -6.90271554049e-05, -0.00133749214001, 0.00410693278536, -0.0052804495208, 0.0069755166769, -0.00530733866617, 0.00172159750946, 0.00293314829469, -0.00976026244462, 0.0178889539093, -0.0122230229899, 0.00504857301712], [0.000141991738928, 0.00102642271668, 0.00101674161851, -0.00361082842574, 0.0050184247084, -0.0058168945834, 0.00493964040652, -0.00454728072509, -0.00012094424892, 0.00838029477745, -0.0122230229899, 0.022069176659, -0.0111339436844], [-0.000378196418751, 0.00133931415621, -0.00162692321464, 0.00331380264834, -0.00339889177121, 0.00440725777298, -0.00406466051936, 0.00555175030604, -0.00395287573338, -0.00309812137857, 0.00504857301712, -0.0111339436844, 0.0166323725134]], "cov": [[13085.109375, 3952.14257812, -3176.95629883, -965.758178711, 265.538574219, -1215.84521484, 0.0226928554475, -995.524597168, -68.0140075684, -473.224121094, 298.288665771, -501.282165527, 39.2721824646], [3952.14257812, 2594.00341797, 776.425964355, -712.601013184, -146.830047607, -645.41595459, -102.960861206, -488.61026001, -16.9961566925, -446.457946777, 101.854049683, -235.40246582, 102.15990448], [-3176.95629883, 776.425964355, 3941.34375, 108.10243988, -568.534912109, 42.2257499695, -192.892425537, -76.2029876709, 35.4551391602, -334.564697266, -198.17956543, 74.582611084, 136.343826294], [-965.758178711, -712.601013184, 108.10243988, 796.313415527, 279.656188965, 319.136291504, 81.5610427856, 137.891830444, 11.6570272446, 115.646583557, -107.454536438, 55.6676940918, -71.977684021], [265.538574219, -146.830047607, -568.534912109, 279.656188965, 472.951934814, 166.854827881, 75.7051010132, 103.66078949, 13.2563753128, 105.942100525, 33.5531768799, -39.371055603, -70.7885971069], [-1215.84521484, -645.41595459, 42.2257499695, 319.136291504, 166.854827881, 553.054748535, 169.924301147, 146.864227295, 35.1840591431, 130.526397705, -111.446090698, 48.9016647339, -55.8366279602], [0.0226928554475, -102.960861206, -192.892425537, 81.5610427856, 75.7051010132, 169.924301147, 233.014434814, 93.8165817261, -20.2581272125, 14.6588602066, 4.6786813736, 2.11323451996, -32.8429527283], [-995.524597168, -488.61026001, -76.2029876709, 137.891830444, 103.66078949, 146.864227295, 93.8165817261, 318.936676025, 16.2199230194, 113.08706665, 26.2241249084, 52.8546409607, -67.141708374], [-68.0140075684, -16.9961566925, 35.4551391602, 11.6570272446, 13.2563753128, 35.1840591431, -20.2581272125, 16.2199230194, 139.219512939, 67.7193222046, -14.3110399246, -0.106501281261, 33.962638855], [-473.224121094, -446.457946777, -334.564697266, 115.646583557, 105.942100525, 130.526397705, 14.6588602066, 113.08706665, 67.7193222046, 243.266448975, 47.0150222778, 10.7260818481, -23.3623332977], [298.288665771, 101.854049683, -198.17956543, -107.454536438, 33.5531768799, -111.446090698, 4.6786813736, 26.2241249084, -14.3110399246, 47.0150222778, 172.84992981, 31.8636398315, 3.60207462311], [-501.282165527, -235.40246582, 74.582611084, 55.6676940918, -39.371055603, 48.9016647339, 2.11323451996, 52.8546409607, -0.106501281261, 10.7260818481, 31.8636398315, 135.54447937, 48.6680526733], [39.2721824646, 102.15990448, 136.343826294, -71.977684021, -70.7885971069, -55.8366279602, -32.8429527283, -67.141708374, 33.962638855, -23.3623332977, 3.60207462311, 48.6680526733, 130.388137817]]}, "spectral_energyband_middle_low": {"dmean2": 0.00410715537146, "median": 0.00303020677529, "min": 1.75541039431e-22, "dvar2": 0.000182224946911, "dvar": 0.000100407814898, "dmean": 0.00295116472989, "max": 0.31281837821, "var": 0.000666748732328, "mean": 0.0131601914763}, "melbands_crest": {"dmean2": 4.20507287979, "median": 15.5403184891, "min": 2.10885834694, "dvar2": 21.0549087524, "dvar": 8.87499427795, "dmean": 2.59225225449, "max": 39.0055427551, "var": 34.2065696716, "mean": 16.7528171539}, "spectral_kurtosis": {"dmean2": 13.5384721756, "median": 13.657995224, "min": -1.20899605751, "dvar2": 353.812255859, "dvar": 174.830078125, "dmean": 8.87167453766, "max": 213.895431519, "var": 2094.31054688, "mean": 38.4308052063}, "spectral_rms": {"dmean2": 0.000502784037963, "median": 0.00209367298521, "min": 3.20027619856e-12, "dvar2": 9.6533847227e-07, "dvar": 6.26458984243e-07, "dmean": 0.000385218532756, "max": 0.0174720995128, "var": 6.8466247285e-06, "mean": 0.00277790497057}, "zerocrossingrate": {"dmean2": 0.00702164042741, "median": 0.01953125, "min": 0, "dvar2": 0.000116397699458, "dvar": 0.000113980509923, "dmean": 0.00618323730305, "max": 0.50341796875, "var": 0.00119725672994, "mean": 0.0343704149127}, "silence_rate_60dB": {"dmean2": 0.106382980943, "median": 0, "min": 0, "dvar2": 0.102159537375, "dvar": 0.0503426492214, "dmean": 0.0531679205596, "max": 1, "var": 0.247405841947, "mean": 0.449069976807}, "erbbands_kurtosis": {"dmean2": 7.50745582581, "median": 2.87203478813, "min": -1.78212094307, "dvar2": 520.316650391, "dvar": 220.666702271, "dmean": 4.99511432648, "max": 293.245269775, "var": 624.038757324, "mean": 10.4125289917}, "erbbands": {"dmean2": [0.00261983205564, 0.0496700927615, 0.235104069114, 0.802044272423, 3.67519593239, 10.9696149826, 9.61084365845, 10.6501054764, 8.4174451828, 7.20881414413, 4.60730075836, 3.92316889763, 1.59008479118, 1.47227549553, 2.76531410217, 1.36577880383, 1.83301663399, 2.33414244652, 1.8527200222, 1.55316054821, 1.31416368484, 1.22910773754, 1.47832620144, 0.66859459877, 0.542534172535, 0.229134827852, 0.177299380302, 0.144338741899, 0.0553214922547, 0.0126187717542, 0.00689457030967, 0.00260597118177, 0.00134898000397, 0.000661284604575, 0.000341658567777, 0.00017515408399, 7.53271597205e-05, 2.16946627916e-05, 2.28669796343e-06, 4.83996700495e-06], "median": [0.000284759269562, 0.00329810613766, 0.040283061564, 0.220469325781, 0.673872113228, 1.21486258507, 1.71252310276, 3.07497262955, 2.12016201019, 0.932893514633, 0.622057199478, 0.377541124821, 0.227163285017, 0.0771481394768, 0.0386010780931, 0.0219244565815, 0.0294704400003, 0.0212147533894, 0.0143291605636, 0.0158048477024, 0.0286402776837, 0.0311643630266, 0.0161537192762, 0.00865765102208, 0.0122868241742, 0.00519427098334, 0.00267110718414, 0.00199097255245, 0.0014245423954, 0.00133779260796, 0.00123385293409, 0.00114907440729, 0.00101075950079, 0.000836580409668, 0.000639227335341, 0.000428340805229, 0.000229177472647, 6.05187815381e-05, 3.60081776307e-06, 5.00361738887e-06], "min": [1.91426287304e-22, 2.49625397995e-21, 2.275385003e-20, 3.04334319954e-20, 2.19628957277e-20, 4.08642021379e-20, 1.15822165412e-19, 1.22926199308e-19, 2.27875153116e-19, 1.99199761034e-19, 6.75587667786e-19, 1.91155649297e-18, 1.82832020306e-18, 1.93527837857e-18, 3.09436748666e-18, 2.96591667729e-18, 4.91000308182e-18, 4.75408284508e-18, 5.3670952301e-18, 4.6398909751e-18, 6.77649601579e-18, 1.78535536671e-17, 8.69006669355e-18, 1.47675132008e-17, 1.31688890598e-17, 1.89384060035e-17, 1.62039024084e-17, 2.9812571967e-17, 2.10139444355e-17, 1.30067699315e-17, 1.94592204239e-17, 1.92946611128e-17, 1.48438404647e-17, 1.21490423661e-17, 8.81727466405e-18, 4.28132224163e-18, 3.16470265415e-18, 1.31210025401e-18, 3.96119398709e-19, 3.70813953368e-20], "dvar2": [0.000138579009217, 0.0365489162505, 0.553989470005, 9.9034280777, 159.566345215, 2989.61767578, 1335.83422852, 1350.37817383, 1550.31616211, 1913.53149414, 313.192779541, 299.618469238, 63.2511978149, 92.2797088623, 409.270874023, 37.3819046021, 80.0456771851, 133.783157349, 120.323982239, 75.189453125, 46.3150558472, 55.667552948, 56.537197113, 9.73401832581, 4.02779722214, 1.48943090439, 1.41112482548, 1.33154499531, 0.14113534987, 0.00587501144037, 0.00150422577281, 0.000127993320348, 3.7749450712e-05, 1.78109803528e-05, 2.91099559036e-06, 2.79984391227e-07, 8.8996134906e-09, 3.4455496789e-10, 3.97837873756e-11, 2.31726304811e-10], "dvar": [0.000185092663742, 0.0224118642509, 0.294567763805, 4.48442029953, 70.3050079346, 1513.2076416, 829.483093262, 681.657165527, 1045.67126465, 1028.89282227, 167.785079956, 181.409591675, 42.1266326904, 45.4710159302, 171.624008179, 25.3802433014, 42.3007698059, 72.4599761963, 67.8076248169, 41.1413993835, 30.0945358276, 39.4681625366, 44.7395324707, 5.9615354538, 2.07437562943, 0.903486073017, 1.05336475372, 0.870101869106, 0.0947859510779, 0.0029484636616, 0.000666518812068, 7.01696553733e-05, 1.98660854949e-05, 8.35948503664e-06, 1.64052175933e-06, 1.41855139191e-07, 4.61781368699e-09, 1.35432262627e-10, 2.2904001612e-11, 1.30284227851e-10], "dmean": [0.00217815232463, 0.03420265764, 0.160658091307, 0.524352312088, 2.39564800262, 7.37422370911, 6.74047327042, 7.16006374359, 6.47082996368, 5.32223129272, 3.28500843048, 2.6820628643, 1.20151376724, 1.01398634911, 1.91016662121, 1.11790001392, 1.39979720116, 1.63725662231, 1.33830630779, 1.1034771204, 0.953840970993, 0.962191939354, 1.10827887058, 0.514395952225, 0.396849572659, 0.171896278858, 0.139872983098, 0.112249135971, 0.0404967293143, 0.00879747979343, 0.00471022818238, 0.00185078498907, 0.000910449773073, 0.000435240101069, 0.000206822864129, 0.000106268867967, 4.46190242656e-05, 1.25954720716e-05, 1.65665244367e-06, 3.57221551894e-06], "max": [1.09127390385, 8.47041606903, 13.2891044617, 81.4307022095, 235.805480957, 1389.81237793, 1155.33227539, 550.251403809, 1014.03753662, 1220.1496582, 477.784454346, 446.486541748, 335.223266602, 262.116149902, 447.951782227, 165.838516235, 201.677490234, 224.82975769, 239.95880127, 208.75177002, 210.766830444, 307.426361084, 294.646392822, 82.9337921143, 31.4055709839, 33.0102920532, 40.3718147278, 40.4665527344, 12.0236091614, 1.87170362473, 0.920466125011, 0.319835454226, 0.151405826211, 0.123383358121, 0.0516199059784, 0.0152335166931, 0.00299636088312, 0.000382351892767, 0.0001438765903, 0.000343873922247], "var": [0.00466547394171, 0.316502988338, 2.65567970276, 34.2632980347, 493.623352051, 7689.62548828, 4917.49609375, 3959.11254883, 9015.86621094, 7183.34472656, 968.014587402, 440.713684082, 141.453063965, 79.8325195312, 211.936767578, 86.3423156738, 92.5997390747, 169.06161499, 151.027267456, 93.0619354248, 82.4464874268, 103.81905365, 141.491836548, 17.3966732025, 6.18446874619, 2.33068799973, 2.73728227615, 1.92671978474, 0.253139853477, 0.006912402343, 0.00143212999683, 0.000177488604095, 3.53732757503e-05, 1.16487462947e-05, 2.52519657806e-06, 2.21069399231e-07, 9.24364496058e-09, 2.75578060371e-10, 1.5808375442e-10, 8.89097018231e-10], "mean": [0.0086353784427, 0.144713655114, 0.848870038986, 2.71833777428, 8.80217933655, 23.2408027649, 23.2299766541, 30.557226181, 32.1635017395, 19.0725765228, 8.15182971954, 5.73737192154, 2.85627484322, 1.98618221283, 2.5713994503, 2.01211595535, 2.22687625885, 2.44284915924, 2.10041356087, 1.92860281467, 1.88096570969, 1.98359203339, 2.37785172462, 1.05940818787, 0.767279803753, 0.325302273035, 0.240718409419, 0.174018830061, 0.0703147873282, 0.015740999952, 0.00839589163661, 0.00383733166382, 0.00205910322256, 0.00120591721497, 0.000769865233451, 0.000469327176688, 0.000236707754084, 6.10789575148e-05, 8.4137191152e-06, 1.66001700563e-05]}, "spectral_strongpeak": {"dmean2": 0.266807675362, "median": 0.371456980705, "min": 0, "dvar2": 0.254564970732, "dvar": 0.128221139312, "dmean": 0.179147318006, "max": 6.50630092621, "var": 0.860225558281, "mean": 0.775692760944}, "spectral_energy": {"dmean2": 0.00436960300431, "median": 0.0044930591248, "min": 1.04978121618e-20, "dvar2": 0.000190835926333, "dvar": 0.000106659397716, "dmean": 0.00321024423465, "max": 0.312906116247, "var": 0.000728157989215, "mean": 0.0149274459109}, "average_loudness": 0.456423252821, "spectral_rolloff": {"dmean2": 336.848449707, "median": 387.59765625, "min": 21.533203125, "dvar2": 682582.125, "dvar": 341128.71875, "dmean": 208.958358765, "max": 19595.2148438, "var": 1018404.0625, "mean": 716.213500977}, "spectral_centroid": {"dmean2": 189.227539062, "median": 395.010131836, "min": 147.661956787, "dvar2": 134823.765625, "dvar": 78926.046875, "dmean": 131.653686523, "max": 11261.1816406, "var": 424970.15625, "mean": 691.883483887}, "pitch_salience": {"dmean2": 0.116296887398, "median": 0.493410348892, "min": 0.0318059362471, "dvar2": 0.0162405520678, "dvar": 0.00667937519029, "dmean": 0.0716341510415, "max": 0.85287296772, "var": 0.0268993452191, "mean": 0.482490211725}, "spectral_energyband_middle_high": {"dmean2": 0.000221796828555, "median": 1.81022769539e-05, "min": 1.51735256991e-21, "dvar2": 8.84703922566e-07, "dvar": 7.94038555796e-07, "dmean": 0.000187224693946, "max": 0.0427102670074, "var": 2.7343489819e-06, "mean": 0.000423133809818}, "spectral_contrast_coeffs": {"dmean2": [0.0681806430221, 0.0694708153605, 0.0530090481043, 0.0410577841103, 0.0283445511013, 0.0203147307038], "median": [-0.598606348038, -0.637980461121, -0.778173685074, -0.840467572212, -0.847799420357, -0.869806885719], "min": [-0.969331204891, -0.96556943655, -0.959383547306, -0.970160603523, -0.956685245037, -0.962458491325], "dvar2": [0.00374539149925, 0.00384797318839, 0.00212014978752, 0.00137750222348, 0.000680687022395, 0.000412320659962], "dvar": [0.00171203806531, 0.00203843531199, 0.00106556201354, 0.000698675459716, 0.000390209519537, 0.000255243241554], "dmean": [0.0436881631613, 0.04606487602, 0.0341018848121, 0.027298361063, 0.0191354844719, 0.0143398139626], "max": [-0.132207989693, -0.271756827831, -0.464761376381, -0.550613582134, -0.59238421917, -0.570241212845], "var": [0.0271951593459, 0.0222387984395, 0.00822149217129, 0.00474662100896, 0.00445372052491, 0.00386599288322], "mean": [-0.581014454365, -0.639940559864, -0.763196110725, -0.825791656971, -0.831575930119, -0.840653955936]}, "melbands_skewness": {"dmean2": 1.13574230671, "median": 1.88337779045, "min": -2.58364462852, "dvar2": 2.23248887062, "dvar": 1.07629334927, "dmean": 0.755466580391, "max": 14.4423084259, "var": 5.25717782974, "mean": 2.4455537796}, "spectral_spread": {"dmean2": 747874.6875, "median": 2408523, "min": 458777.40625, "dvar2": 1802551689220.0, "dvar": 1188907581440.0, "dmean": 510925.8125, "max": 41325548, "var": 6953161981950.0, "mean": 3253914}, "dissonance": {"dmean2": 0.0654798969626, "median": 0.390707731247, "min": 0.0541487559676, "dvar2": 0.00470593990758, "dvar": 0.00196078186855, "dmean": 0.0395550094545, "max": 0.49996227026, "var": 0.0111974533647, "mean": 0.362779736519}, "spectral_skewness": {"dmean2": 0.861644387245, "median": 2.69010281563, "min": -0.0234894491732, "dvar2": 0.927609920502, "dvar": 0.532397806644, "dmean": 0.589829444885, "max": 12.613492012, "var": 9.70040416718, "mean": 4.20743131638}, "spectral_flux": {"dmean2": 0.022328145802, "median": 0.0159662552178, "min": 1.02458833084e-10, "dvar2": 0.00204130401835, "dvar": 0.000814764818642, "dmean": 0.0138107510284, "max": 0.494380444288, "var": 0.00108054105658, "mean": 0.0260617993772}, "spectral_contrast_valleys": {"dmean2": [0.660552561283, 0.66885560751, 0.551376223564, 0.479101747274, 0.310020416975, 0.180535003543], "median": [-9.52762317657, -8.50378417969, -9.99146270752, -10.8285827637, -10.7812423706, -12.9205322266], "min": [-27.0736064911, -27.2327022552, -27.2692832947, -26.8611392975, -27.3996200562, -27.2149848938], "dvar2": [0.415136665106, 0.444850116968, 0.269069522619, 0.193919718266, 0.12620228529, 0.0543772131205], "dvar": [0.233836710453, 0.226811185479, 0.152360498905, 0.120038315654, 0.0988424569368, 0.052539460361], "dmean": [0.404865592718, 0.417195379734, 0.352812796831, 0.327734202147, 0.221540316939, 0.120097756386], "max": [-5.64118862152, -5.32263851166, -5.64861822128, -5.44776821136, -6.17523336411, -10.4980649948], "var": [1.94758701324, 2.00365400314, 1.85459530354, 2.30685591698, 1.59262442589, 0.317159682512], "mean": [-9.32833194733, -8.64304828644, -10.0287179947, -10.6213579178, -10.3450975418, -12.869225502]}, "erbbands_flatness_db": {"dmean2": 0.0308096669614, "median": 0.271968126297, "min": 0.0308461654931, "dvar2": 0.00154208857566, "dvar": 0.000996096641757, "dmean": 0.0221475996077, "max": 0.570844531059, "var": 0.0141018135473, "mean": 0.277951806784}, "spectral_energyband_high": {"dmean2": 7.28104532755e-06, "median": 4.79676600662e-07, "min": 7.89747216323e-21, "dvar2": 2.47524933883e-09, "dvar": 1.7854063783e-09, "dmean": 5.67297001908e-06, "max": 0.00170129176695, "var": 4.57942928023e-09, "mean": 1.01459354482e-05}, "spectral_entropy": {"dmean2": 0.312962263823, "median": 6.26638698578, "min": 2.49077868462, "dvar2": 0.175636082888, "dvar": 0.117524176836, "dmean": 0.227747797966, "max": 9.80397605896, "var": 1.82847571373, "mean": 6.02658367157}, "silence_rate_20dB": {"dmean2": 0, "median": 1, "min": 1, "dvar2": 0, "dvar": 0, "dmean": 0, "max": 1, "var": 0, "mean": 1}, "melbands_flatness_db": {"dmean2": 0.0390330702066, "median": 0.37661716342, "min": 0.00896943919361, "dvar2": 0.00244835368358, "dvar": 0.00146595353726, "dmean": 0.0281354766339, "max": 0.795262873173, "var": 0.024772612378, "mean": 0.399244695902}, "barkbands": {"dmean2": [8.53577603266e-07, 0.000176694418769, 0.000238712556893, 0.000425906211603, 0.0025453842245, 0.00117307691835, 0.000481093389681, 0.000324167427607, 0.000174363696715, 4.64266631752e-05, 6.51208320051e-05, 3.49252586602e-05, 4.41455485998e-05, 4.894925587e-05, 3.2882366213e-05, 2.55739651038e-05, 2.33113751165e-05, 2.68759486062e-05, 1.12370889838e-05, 5.49081596546e-06, 4.27437271355e-06, 1.2198619288e-06, 2.62574303633e-07, 9.46285254599e-08, 4.81256492435e-08, 3.51961340073e-08, 9.63108881535e-09], "median": [2.15878031895e-07, 6.72182795824e-06, 1.96410946955e-05, 3.79784214601e-05, 0.000331279647071, 0.000245960487518, 6.02378531767e-05, 1.4986962924e-05, 9.77471063379e-06, 2.46189983955e-06, 7.66770824612e-07, 4.25379454327e-07, 5.78892638714e-07, 3.11637620598e-07, 2.40223073433e-07, 3.26268548179e-07, 5.5365433127e-07, 1.71663373294e-07, 2.39484222675e-07, 9.61931050369e-08, 5.33367909838e-08, 3.9060267909e-08, 4.28771080863e-08, 5.73962957162e-08, 8.19427725673e-08, 1.18328017606e-07, 1.52113841523e-08], "min": [1.72841495094e-24, 8.12260570708e-24, 2.73780803589e-23, 5.50314731736e-24, 1.42902847178e-23, 1.50156438979e-23, 1.16205932434e-23, 2.03294961525e-23, 8.35665221796e-23, 4.18157810918e-23, 6.50269719315e-23, 8.20000842356e-23, 1.03657124429e-22, 1.03201705562e-22, 9.31002911834e-23, 8.31999290506e-23, 3.01478025515e-22, 1.47713447196e-22, 2.78000338529e-22, 4.05906296189e-22, 6.36429451345e-22, 4.69088551603e-22, 7.07566630615e-22, 8.33105475444e-22, 1.23532911649e-21, 1.41957541903e-21, 2.70458091164e-21], "dvar2": [1.14307703927e-11, 4.80426706417e-07, 5.09290600803e-07, 2.60615252046e-06, 0.000127915627672, 1.47967903104e-05, 3.92748097511e-06, 4.42224654762e-06, 7.39600181987e-07, 4.98804304527e-08, 1.71566327367e-07, 2.44711255704e-08, 4.84422137959e-08, 6.97130104754e-08, 2.64768527103e-08, 2.95870048461e-08, 2.23395399956e-08, 2.17617035503e-08, 1.95240956735e-09, 7.34504013167e-10, 9.22356413469e-10, 6.85306533743e-11, 2.28018645632e-12, 1.55302027206e-13, 9.41533973725e-14, 5.78665465697e-15, 6.3737773443e-17], "dvar": [5.61611304337e-12, 3.42978381696e-07, 2.86950921691e-07, 1.18523394121e-06, 6.81249657646e-05, 8.38185405883e-06, 2.79908294942e-06, 2.52840391113e-06, 3.74201647446e-07, 2.07426342769e-08, 8.42867464712e-08, 1.78081194235e-08, 2.44916069647e-08, 3.54388660639e-08, 1.54064263569e-08, 1.52164734146e-08, 1.39208697902e-08, 1.4172438334e-08, 9.58928270123e-10, 4.51630094433e-10, 6.62117582984e-10, 4.62670249335e-11, 1.04122895202e-12, 8.72137716321e-14, 4.81965575577e-14, 2.98532421216e-15, 2.21955620143e-17], "dmean": [5.27365273228e-07, 0.000125065169414, 0.000166771089425, 0.000266745802946, 0.00171535566915, 0.000819912063889, 0.000357719982276, 0.000240101086092, 0.000114143360406, 3.1873179978e-05, 4.35320216639e-05, 2.6862584491e-05, 3.19211503665e-05, 3.36986850016e-05, 2.38149968936e-05, 1.79712551471e-05, 1.81059913302e-05, 1.92883908312e-05, 8.3095383161e-06, 3.9611613829e-06, 3.35805748364e-06, 8.95551977464e-07, 1.81326370807e-07, 6.4449395154e-08, 3.06078078438e-08, 2.11290238639e-08, 5.59482948859e-09], "max": [0.000136115646455, 0.0375184677541, 0.0123037658632, 0.0437719672918, 0.309765040874, 0.0619435720146, 0.0621933266521, 0.0660942718387, 0.0234804563224, 0.00377817521803, 0.0094033870846, 0.00471479212865, 0.00492542795837, 0.00461151171476, 0.00483333319426, 0.00505207385868, 0.00575105240569, 0.00441218633205, 0.000704301870428, 0.000748870486859, 0.00106284918729, 0.00027042106376, 3.67473403458e-05, 1.12570241981e-05, 9.3675489552e-06, 2.3800132567e-06, 6.93936641483e-08], "var": [5.96980243017e-11, 5.82570055485e-06, 2.622387683e-06, 8.6400696091e-06, 0.000374883384211, 5.74175610382e-05, 2.59079370153e-05, 1.79581529665e-05, 8.16500744349e-07, 5.62450672703e-08, 1.21480496773e-07, 5.67614719671e-08, 4.78755950439e-08, 9.0292189725e-08, 3.31972707102e-08, 3.18128989818e-08, 3.05974872106e-08, 4.64224783059e-08, 2.76891576334e-09, 1.14246134775e-09, 1.65784830308e-09, 1.21055415692e-10, 2.29156624232e-12, 1.90490418578e-13, 6.99951639076e-14, 5.07164831168e-15, 3.3434991084e-17], "mean": [1.22529331748e-06, 0.000505289412104, 0.000843136047479, 0.00118223601021, 0.00585513468832, 0.00356922787614, 0.00156332936604, 0.000727339880541, 0.00022777551203, 7.31136096874e-05, 6.16279940004e-05, 4.58658432763e-05, 4.5701948693e-05, 5.10230929649e-05, 3.6153174733e-05, 3.24593856931e-05, 3.27892266796e-05, 4.35875736002e-05, 1.57260874403e-05, 7.15532814866e-06, 5.37687583346e-06, 1.5125048094e-06, 3.23608901454e-07, 1.43465825886e-07, 1.06028963387e-07, 1.23484824144e-07, 1.59075668194e-08]}, "erbbands_skewness": {"dmean2": 0.834929227829, "median": 0.948187112808, "min": -4.37516546249, "dvar2": 1.23242580891, "dvar": 0.588930547237, "dmean": 0.566747426987, "max": 12.4201889038, "var": 3.4281206131, "mean": 1.3748459816}, "erbbands_spread": {"dmean2": 9.60336589813, "median": 13.2008037567, "min": 0.422923773527, "dvar2": 242.028503418, "dvar": 114.353759766, "dmean": 6.38876152039, "max": 114.620895386, "var": 664.518371582, "mean": 23.4219379425}, "melbands_kurtosis": {"dmean2": 16.1774806976, "median": 8.44533729553, "min": -1.8180359602, "dvar2": 1106.29626465, "dvar": 532.50567627, "dmean": 10.811422348, "max": 418.189208984, "var": 1602.13818359, "mean": 23.3833045959}, "melbands": {"dmean2": [3.67486027244e-05, 0.000101235869806, 0.000206989774597, 0.000502346665598, 0.000408792024245, 0.000234923383687, 0.000120183452964, 7.84378862591e-05, 3.66021740774e-05, 2.33612136071e-05, 7.92724677012e-06, 5.76597676627e-06, 8.97082554729e-06, 4.48836726719e-06, 4.38989764007e-06, 4.13099132857e-06, 4.68611642646e-06, 3.55107181349e-06, 2.37820836446e-06, 2.0513734853e-06, 1.60035733643e-06, 1.31662704916e-06, 1.66708559846e-06, 1.09569089091e-06, 5.10715153723e-07, 4.70787938411e-07, 2.92620626396e-07, 1.3756451267e-07, 1.28279552314e-07, 9.37731385875e-08, 8.12580367437e-08, 3.64732279934e-08, 1.11467652886e-08, 6.15673956261e-09, 4.60144367054e-09, 2.41006126167e-09, 1.52085610772e-09, 1.09398534676e-09, 7.21705195605e-10, 6.01378224996e-10], "median": [1.9535013962e-06, 9.50776302489e-06, 5.08819939569e-05, 7.81582930358e-05, 5.8863141021e-05, 5.48996977159e-05, 1.8473383534e-05, 5.73442275709e-06, 3.40612905347e-06, 1.60793069881e-06, 6.00939529249e-07, 2.17987832229e-07, 1.14789500572e-07, 5.17855838211e-08, 4.97897687524e-08, 5.30787360731e-08, 3.07606171646e-08, 1.92998914628e-08, 1.74226020278e-08, 2.04574241991e-08, 3.3448934289e-08, 3.07527301402e-08, 1.89892617186e-08, 7.44522576923e-09, 5.61727464543e-09, 9.29932486571e-09, 5.78280268115e-09, 2.65420196932e-09, 1.61920066244e-09, 1.30847244151e-09, 1.02864139429e-09, 7.88459075807e-10, 7.57268581175e-10, 7.37385763561e-10, 7.05595804007e-10, 6.97571611585e-10, 6.95038693266e-10, 6.96539159684e-10, 6.97207402922e-10, 6.97298052632e-10], "min": [2.20340092096e-24, 9.21476627542e-24, 5.13870541206e-24, 2.07310259588e-24, 3.48503759569e-24, 2.81553233151e-24, 3.26874002131e-24, 2.59547425719e-24, 5.87333252448e-24, 1.32314905992e-23, 8.45155597139e-24, 6.9528993229e-24, 8.41271324928e-24, 1.25001692084e-23, 7.70961177965e-24, 9.73442997446e-24, 8.95748165777e-24, 8.85547010981e-24, 5.79167358788e-24, 5.93012814308e-24, 8.40925172763e-24, 1.89778255898e-23, 1.04644820881e-23, 7.3125891301e-24, 1.29306939917e-23, 8.87433966266e-24, 1.3293661516e-23, 1.17804937712e-23, 8.47947770313e-24, 1.50535770634e-23, 1.77907224561e-23, 9.87071910647e-24, 1.04531990105e-23, 6.47930904503e-24, 1.02108727734e-23, 1.44831138775e-23, 1.08235139853e-23, 1.02135564782e-23, 1.15616322016e-23, 9.30521627795e-24], "dvar2": [2.24750991151e-08, 1.07275340611e-07, 4.46070686166e-07, 4.40149960923e-06, 3.26509757542e-06, 6.67126528242e-07, 3.14732858442e-07, 2.69372151251e-07, 1.50307322144e-08, 1.45110092831e-08, 1.84154591576e-09, 1.33389499446e-09, 3.54470630626e-09, 6.54631293617e-10, 3.99070970714e-10, 5.06328645677e-10, 5.5060245252e-10, 5.28665666799e-10, 1.50011725264e-10, 2.22691171059e-10, 5.64553369331e-11, 7.29122387466e-11, 6.48077078114e-11, 3.5358365541e-11, 5.32226780009e-12, 3.49733826968e-12, 1.631418633e-12, 6.20364762165e-13, 6.9898964004e-13, 4.57375999054e-13, 4.54415259761e-13, 6.53299978134e-14, 4.76957772797e-15, 1.33958345312e-