{"tonal": {"thpcp": [1, 0.58453476429, 0.232861191034, 0.200673207641, 0.211880728602, 0.326539069414, 0.422759145498, 0.293482422829, 0.144246190786, 0.145361214876, 0.189012333751, 0.242038473487, 0.258899897337, 0.230696469545, 0.412713974714, 0.622034847736, 0.433272123337, 0.20109552145, 0.180263057351, 0.242129772902, 0.497380375862, 0.638151943684, 0.382233768702, 0.15435706079, 0.118076920509, 0.11071088165, 0.132358729839, 0.170973181725, 0.188078075647, 0.264421790838, 0.315891474485, 0.247648268938, 0.237898334861, 0.273845672607, 0.314006209373, 0.723139047623], "hpcp": {"dmean2": [0.202178344131, 0.196014225483, 0.152166232467, 0.137177452445, 0.180810198188, 0.244573161006, 0.255769968033, 0.214375093579, 0.132753148675, 0.112931132317, 0.0969207659364, 0.094881221652, 0.105952180922, 0.122481226921, 0.13997733593, 0.151956021786, 0.149341285229, 0.16183719039, 0.182851880789, 0.220298111439, 0.294022023678, 0.288637071848, 0.277206689119, 0.191780611873, 0.172758832574, 0.162721216679, 0.180205792189, 0.198669150472, 0.17007599771, 0.123063862324, 0.127266407013, 0.139078035951, 0.150939375162, 0.153301745653, 0.156459122896, 0.197989657521], "median": [0.0633260831237, 0.045862916857, 0.0251572672278, 0.0205414444208, 0.0331932082772, 0.0832290425897, 0.122446335852, 0.0743422657251, 0.0209936276078, 0.0143816228956, 0.0123560121283, 0.0121126389131, 0.0180675555021, 0.0234478339553, 0.023368479684, 0.0281065758318, 0.0347523987293, 0.0361710637808, 0.0464115403593, 0.0631883665919, 0.190705552697, 0.299218028784, 0.157825276256, 0.0290420129895, 0.0165351722389, 0.0213706400245, 0.0489595718682, 0.0646891966462, 0.0429223068058, 0.0186143200845, 0.013633871451, 0.0172590557486, 0.0265578459948, 0.0309510622174, 0.0333703458309, 0.0552908629179], "min": [0, 0, 0, 0, 0, 0, 0, 0, 0, 0, 0, 0, 0, 0, 0, 0, 0, 0, 0, 0, 0, 0, 0, 0, 0, 0, 0, 0, 0, 0, 0, 0, 0, 0, 0, 0], "dvar2": [0.101232089102, 0.0844206735492, 0.0786229819059, 0.066861115396, 0.0909132957458, 0.106154344976, 0.10974984616, 0.091053545475, 0.0676879435778, 0.0729853063822, 0.051772300154, 0.0510319173336, 0.0515124946833, 0.0604587942362, 0.0653563737869, 0.0723865926266, 0.0642115846276, 0.0738185271621, 0.0856867954135, 0.0938455313444, 0.124504745007, 0.137096121907, 0.119815766811, 0.0954212471843, 0.101603589952, 0.0805997103453, 0.0774132162333, 0.0847624912858, 0.0773449465632, 0.0567171610892, 0.0730669274926, 0.0819997861981, 0.0742562189698, 0.0708111077547, 0.0656004697084, 0.0875512957573], "dvar": [0.0408205129206, 0.0315924435854, 0.0278710704297, 0.0250479150563, 0.0329227596521, 0.0436552986503, 0.0459525212646, 0.03406727314, 0.0250440500677, 0.02628079243, 0.0188662502915, 0.0194694511592, 0.0204604528844, 0.0234121084213, 0.0274948831648, 0.0300284437835, 0.0240726005286, 0.0275300238281, 0.0325142629445, 0.0346369072795, 0.0477559864521, 0.0560378246009, 0.0435255169868, 0.0351638831198, 0.0373835414648, 0.0295786820352, 0.0289892163128, 0.0338100977242, 0.0291460007429, 0.021004544571, 0.0272832047194, 0.0305411815643, 0.0283116754144, 0.0288484990597, 0.025454480201, 0.0328940115869], "dmean": [0.121136218309, 0.113982468843, 0.0858871862292, 0.0773465037346, 0.103695072234, 0.143056944013, 0.151790350676, 0.126564621925, 0.0749062076211, 0.0618974938989, 0.0543824508786, 0.0541268512607, 0.061317756772, 0.0725351497531, 0.0842819064856, 0.0902959108353, 0.0875391587615, 0.093398116529, 0.105531044304, 0.126228585839, 0.172049090266, 0.168543025851, 0.161596685648, 0.108139075339, 0.0975159183145, 0.09364323318, 0.104927308857, 0.117429561913, 0.0999859049916, 0.06958322227, 0.071550540626, 0.0797575488687, 0.0861293748021, 0.0904216691852, 0.0911552980542, 0.114651583135], "max": [1, 1, 1, 1, 1, 1, 1, 1, 1, 1, 1, 1, 1, 1, 1, 1, 1, 1, 1, 1, 1, 1, 1, 1, 1, 1, 1, 1, 1, 1, 1, 1, 1, 1, 1, 1], "var": [0.13090544939, 0.0688410103321, 0.0277588739991, 0.0285971555859, 0.0343974381685, 0.0774132013321, 0.10670170188, 0.0469616428018, 0.0201476179063, 0.0179211832583, 0.0145084867254, 0.0222098510712, 0.0292343590409, 0.026504188776, 0.0481518320739, 0.0632472112775, 0.0330564267933, 0.0304418243468, 0.035898655653, 0.0371184684336, 0.102534294128, 0.163032785058, 0.0719245672226, 0.0329788811505, 0.0334929786623, 0.0291122701019, 0.0455127581954, 0.0691833347082, 0.0404619984329, 0.0177747756243, 0.0249991435558, 0.0334142744541, 0.0386441275477, 0.0405750088394, 0.0293476898223, 0.0598808005452], "mean": [0.272944957018, 0.190117076039, 0.0882394462824, 0.0790982916951, 0.106245018542, 0.218247368932, 0.28001704812, 0.167721763253, 0.0677309036255, 0.0518114082515, 0.0485792346299, 0.058078173548, 0.0750219523907, 0.0825274735689, 0.116026617587, 0.13861118257, 0.108666494489, 0.104388289154, 0.120161756873, 0.137783944607, 0.317308843136, 0.438793689013, 0.256490170956, 0.102178022265, 0.0880541354418, 0.0929719284177, 0.14328327775, 0.185504049063, 0.128778234124, 0.0632943212986, 0.0637835860252, 0.0829374194145, 0.10620495677, 0.113603636622, 0.101228155196, 0.181096285582]}, "tuning_equal_tempered_deviation": 0.0748239085078, "chords_changes_rate": 0.0626230835915, "key_key": "A", "tuning_diatonic_strength": 0.683853030205, "key_scale": "major", "chords_number_rate": 0.00393855851144, "tuning_frequency": 431.941772461, "tuning_nontempered_energy_ratio": 0.764789283276, "chords_histogram": [27.7274513245, 0.866482853889, 35.9196548462, 0.551398217678, 6.81370639801, 0.590783774853, 0.393855839968, 1.61480903625, 0, 0, 0, 0, 1.89050805569, 0, 0.157542333007, 3.5840883255, 0.236313506961, 4.56872797012, 0, 5.82906675339, 0.0787711665034, 5.23828268051, 3.78101611137, 0.157542333007], "key_strength": 0.78871691227, "chords_key": "E", "chords_strength": {"dmean2": 0.0101245734841, "median": 0.510345041752, "min": 0.247601687908, "dvar2": 9.37992081163e-05, "dvar": 9.05865308596e-05, "dmean": 0.0115334782749, "max": 0.759811222553, "var": 0.009157249704, "mean": 0.51214158535}, "chords_scale": "major", "hpcp_entropy": {"dmean2": 1.04266178608, "median": 2.14834189415, "min": 0, "dvar2": 0.762182116508, "dvar": 0.277586460114, "dmean": 0.631904304028, "max": 4.36591243744, "var": 0.560989022255, "mean": 2.1324403286}}, "metadata": {"audio_properties": {"equal_loudness": 0, "codec": "mp3", "downmix": "mix", "sample_rate": 44100, "analysis_sample_rate": 44100, "bit_rate": 192000, "md5_encoded": "2bc3a94eae4d931d5b661d8f9a890577", "length": 117.838363647, "replay_gain": -3.89756011963, "lossless": false}, "version": {"essentia_build_sha": "2d9f1f26377add8aeb1075a9c2973f962c4f09fd", "essentia": "2.1-beta2", "extractor": "music 1.0", "essentia_git_sha": "v2.1_beta2-1-ge3940c0"}, "tags": {"title": ["Tie Me Down"], "language": ["eng"], "acoustid_fingerprint": ["AQADm0oyxpESJtDx5Oh_HHeagmP-4Clx3EHyZegPUz58nMOZHdU34XmQJ8fh49nxBNdxJTrIaOiZwvnBQz_6LPiPRz3-gMsSBt_ygAf_IHwfJNmDOnhCicf54HmJJo-DHld0PDHCLw2a57iFOMe5Y97xnBFKjUUiJXmDUHRwnGkOPzdYGY-UE072JMOdEv9Rxmow5cd1PEl-5GmgyUGcHM8jNI2cCT8e_LCaKLhI_MOXo4ePHo-OP8Iz4UMyJkL6B_6F_oF_PMN5XMmP_BcUJV4u1M5x6D_6D9uPPMG5I1WlQNNt5A_6o6mIpkl4VB_RwVGP6jiReOKNMBYxWSc-vDkavrC0KWCs7DieBfmhOg8u05h4NJRxEjNzIGR-oQ_uy-CyZ_iNK0RzPM_QTFGu4xqSK0Ok5OhzPMpxJXuK3mi-AA_C59By5PCX4MQVpcOzB5WPH87RE8-PK0j2I33yoMGdHA9JBdXyDM2WjLjs4Dc-nMrRv_DZIX0yoWQOXRFu9BXCPDsu2kGjRah4PCcKH3V8XPlw5UHyI8wT5rizNHByyvjRLEmPaw_woj9cdagqfNKqFMn0B-m4CPVw7RG-Gf_Rp9gq6UKVhRduIT-SiA-8jMbzBxWPZzouHTmZExqzzGieMAl0xIeTKUrQo5miGM96XMhVQln3IW-ERwcLJmlTdNdjXAlYH7khPTAiKtuRSzlUZhIjhDn6DD9unMeVZBHuozn66ajy3IiUIHkKVmKOxjWmO_iV4LqMPhqaWMKnLMSP5EefI8yeKniOPjXSQ2OiVwgzMkWkV1DTPIjf40mFK9mD5jtOKzoaKlImnFGQHGFyBYxysEofPFFm40uDHmFO6GGQBxU5NWCiHz_CjFLQJsmEXMeNPsfzwpWPPsERWkkSJLpy9Nka_HhaVDkFJlHiEPN0_LgefMHRKw3SbtkSJCNN4QpqZUaDv0TzLEc3HRWTozlxusWU8-gvPFKO68hVI8GdGqSXpqgoGj4Y8hTmLMd1BOpzNA8npGpxkWpg6vhjPMDcoz2OS4cf3MJz4Uf-QLeRP_hNNB_KD_mhHWE4KRWu7sHh6_iDE1nyQNvxKDtxRPJ2PGyRjsdqnEfzHcyvoDny40dzTB--ogmekMcdtMkR6EGY86hmfEnoBPsRClLyICceETccH1ce_JgaVOYr5EcST8vxoAbxHdQOuEP54Io7IFF45JfwFhdTHP-Q6vhRCjuPehzRMMauQw-D0D6a-MJz3GilwbuRzFMQWjp-9OlwbXh4ofmFZA9yUWiSRBEqScNj-LqEK7SK5C_iRDy46zhx-B-usMP35Kh1NF8i_IidCOtzaBI-5si7pzg-TDd4TB-eoGlwecezLM1xozn6JMdzPFsQT4eWCunToNeFJ7nhHy8xZ-_xJDh5pHrwK4dAX1RwOsEBLak0lKJS_O-g80jP41mKkcd1_EOPLRz-I5bUBwl5lMyO2unRbA--zPiPi8MT6ZjyI3Qa4xKOJ7iuojx8TD-uHVIzrYgpHisTMUFFejn64LmBlnPQNM2EpFy4pchX4jl6TFmiLLiSp_gR6AGvHj-4jNBk5jgX4SGUHzGFNR1-w0fv48J1JF-OfDOIp8kDTmQmNHwxUQqeBz-OPoLPI7wkfMuhqeETpJGE5_iBP3hRaX7wbEX_AzeaJgy-HH8QH8miPBa2bEx4XGEOng-aP8Rz_Ngf_Gng4smPyw6OMwgTNcmh7Yj948eP-oOPZ8wp9Md-4NnxwA-e4dnBaXoSNGpunNDRb7gC_gF_HpcSBk_CBz_2B32R_oLmTLgW4nnwNEeTHyF_PHkSPKEB53iaHBeO57iUBd9-VMmLD8kppGdQ57iOy0mGPzGeMJjzw2eOHcgPPcmJ_M40PGiSJ6h-41k-XMuDOH2hfQjzLIgOHXmSKB-uo3wKM-_wD0fCD_ngPOiq4zrxLA_-DK465Ic-5GjWI14ewnoViNyL8g9e-HiY4zNR_YIjHck54Q3RP6iO5sGbC_Ur-PgGJznS_EiuB2cWzYILwuiZ9LgT4cev40Fy8sCPPjmaHscPTomIMMqSJYLDNkMvcfhy9PCYKkKZOBMmR9sRXcnxH9aPWFIONgotuI_wozmSZznyaBaOysHzHcxx9diTHckkUkhl4j7648ePK0Gy50hfB82JOw-eTBYqvWjO4Ely_MGPPoPPOKg_4mFGJB_CtCiPE0ez56h-VFl0uGLQj0fhUinqhMfF4UGyzEf4CVWaxXB2uEef48uF8yneoD5Owmny4HkcJL-QD42xH0fDp0KfxQqOFs3I4BP-oz9xhEl3JG704MSjTMFuotmLPngiiQx-4eiJMD_0nEFu1OLxMfhx5khR3UXeC68dlB2OHn2GxpGCX0KO5EkLH0_DdPhx4xI74koe_Cpy9BCdqLj7IFRq40ty3GgjmCQu-AsxPTzeo7lOlGXA5viL4z8R6kOyqFGJk48S4R0V_OCxjcSV4w_O45nQ80jzNYJcJipiHY94XBSHXPjw_PB5hNSDJzneDS9KHk2HR-vxKDFy5RGSPYYTl3Dc5njR4IkAS4ESwCEEACTCAsQMcQZQgxFyDAInjECMISCQMJBAARBnTChBCDFAIU8oIYAAgQA0AjkGAFFAAWIYEcQSQyQhABkHCDCMIEUhFAAAIoggQgHgiAVCAAGAYAAQBRQzwCiGMECGWFOUJkQ4ZYRESBBpiADCQMQQAQAghpQQAhAlGABEAUYMQkQggZBAShABhACIKYcAAcAYgQQQADBGEUKMUAYEIN4IgqgywgBDEDFAAQCYEwAIpwySgiAoFGFgEUUwAIBIRgRRgilQEEGAEkQEQgQhJoQAzlCBBJNAIAKEkggIRQAhggriBECGCECEAsIAowBFQDDDCIUGKUeJAQIApgRhQhmFHFEACQUFcQA4AihxRAFEjCKWGYIcEAIog4HwQAHDACbAA-GAEgAgzChxSiIAEEUACOEQMUohJAwQApAHiDBSQIDUI4QQYpAwAlGACKECEGKAUYYBgYwQQEIOCCIGKGERAAYJQR7DBhJCBMiEUAAEEgIKoAgAIAgBhAMMGgCAAYRhZRFRwgAAlEBAAASYEYQ4kYxgwhIIgGZEAaCIcQQBoBwghiCAgBJIIYIUEEAp5BhRRCEAJDACAAGYQIAiJYlFhAAAgGKICKCIUEAg0hwwAjHFICKCEKOQhIgRQxBQhSEBBAEAMeWYEJAQBghTBBCFDJASIkQAAoQioJGCQADAAFMHAyAEM0YQApAhQDkDEBOCOCYcQUAQwogU0AFAhAAWCWQMAEAoYBEhADmCAFFECCAEEI4EQRyAwEFpHBBEMUAIQJQ5iBExCADCCQIGGAWQVgghIQAgQgBkkANDAKEUNFAAQ5ACxpFDmBGCKGQoYAgQIAgyDgDolAKEWEOAc0IQhZACBAHrCAJGAoCAuEISkigAEhKDCOAYACItIUAgAwxzBiQhBADECJKQYkhQ4YA0QAnphADCIcJAQcYpIoQnAA"], "date": ["1966"], "genre": ["Folk/Rock"], "musicbrainz album type": ["Album"], "musicip_puid": ["806b6fb4-d3ce-f384-05b6-1feb6a95920c"], "musicbrainz_recordingid": ["ad127eb9-0238-4bcb-a8ea-97afebd2e700"], "musicbrainz_albumartistid": ["335b6182-0da8-4dc6-a5ec-fe13f0f87e4b"], "musicbrainz_albumid": ["2ff1ac5f-dd31-4c2d-b2bb-bbfb2c342e64"], "artist": ["Turtles"], "tracknumber": ["14/33"], "bpm": ["131.23"], "album": ["Wooden Head"], "musicbrainz album release country": ["United States"], "acoustid_id": ["a2b18969-323f-4107-915d-e688c8aa35c1"], "musicbrainz_artistid": ["335b6182-0da8-4dc6-a5ec-fe13f0f87e4b"], "file_name": "Turtles - Tie Me Down.mp3"}}, "rhythm": {"bpm_histogram_first_peak_bpm": {"dmean2": 0, "median": 133, "min": 133, "dvar2": 0, "dvar": 0, "dmean": 0, "max": 133, "var": 0, "mean": 133}, "bpm": 132.887435913, "bpm_histogram_second_peak_spread": {"dmean2": 0, "median": 0.203703701496, "min": 0.203703701496, "dvar2": 0, "dvar": 0, "dmean": 0, "max": 0.203703701496, "var": 0, "mean": 0.203703701496}, "bpm_histogram_first_peak_weight": {"dmean2": 0, "median": 0.356321841478, "min": 0.356321841478, "dvar2": 0, "dvar": 0, "dmean": 0, "max": 0.356321841478, "var": 0, "mean": 0.356321841478}, "onset_rate": 3.5213394165, "beats_position": [0.417959183455, 0.847528338432, 1.27709746361, 1.70666658878, 2.14784574509, 2.57741498947, 3.00698399544, 3.43655323982, 3.87773227692, 4.31891155243, 4.76009082794, 5.20126962662, 5.64244890213, 6.06040811539, 6.47836732864, 6.90793657303, 7.33750534058, 7.77868461609, 8.2198638916, 8.66104316711, 9.10222244263, 9.53179073334, 9.96135997772, 10.3909292221, 10.8437185287, 11.2848978043, 11.7376871109, 12.1904764175, 12.6316547394, 13.084444046, 13.5372333527, 13.9900226593, 14.4428119659, 14.8839902878, 15.3367795944, 15.7895689011, 16.2307472229, 16.6719264984, 17.1247158051, 17.5775051117, 18.0302944183, 18.483083725, 18.9358730316, 19.3886623383, 19.8414516449, 20.2942390442, 20.7354183197, 21.1765975952, 21.6177768707, 22.0473461151, 22.4769153595, 22.8948745728, 23.3244438171, 23.7540130615, 24.1835823059, 24.6131515503, 25.0311107635, 25.4490699768, 25.8786392212, 26.3082084656, 26.7261676788, 27.1557369232, 27.5969161987, 28.0264854431, 28.4676647186, 28.9204521179, 29.3732414246, 29.8260307312, 30.2788200378, 30.7432193756, 31.2076187134, 31.6720180511, 32.1248054504, 32.5775947571, 33.0303840637, 33.4831733704, 33.935962677, 34.3887519836, 34.8415412903, 35.2943305969, 35.7355079651, 36.1999092102, 36.6526985168, 37.1170959473, 37.5814971924, 38.034286499, 38.4754638672, 38.91664505, 39.3578224182, 39.7989997864, 40.2401809692, 40.6697502136, 41.099319458, 41.5404968262, 41.9584579468, 42.3764152527, 42.8059844971, 43.2355537415, 43.6535148621, 44.071472168, 44.4894332886, 44.9306106567, 45.3601799011, 45.7897491455, 46.2309303284, 46.6721076965, 47.1365089417, 47.6009063721, 48.0653038025, 48.5180931091, 48.9708824158, 49.4352836609, 49.8880729675, 50.3408622742, 50.8052597046, 51.2580490112, 51.7108383179, 52.1752357483, 52.6396369934, 53.1040344238, 53.5568237305, 54.0096130371, 54.4740142822, 54.9384117126, 55.4028091431, 55.8555984497, 56.3083877563, 56.7495689392, 57.1907463074, 57.6319274902, 58.0614967346, 58.491065979, 58.9322433472, 59.3618125916, 59.8146018982, 60.2557830811, 60.708568573, 61.1613578796, 61.6141471863, 62.0669364929, 62.531337738, 62.9957351685, 63.4601364136, 63.9129257202, 64.3657150269, 64.8301086426, 65.2945098877, 65.7472991943, 66.200088501, 66.6412658691, 67.0824508667, 67.5352401733, 67.98802948, 68.4524230957, 68.9052124023, 69.358001709, 69.8224029541, 70.2868041992, 70.7279815674, 71.1691589355, 71.6219482422, 72.0747375488, 72.5275268555, 72.9687042236, 73.4098815918, 73.8626708984, 74.3154602051, 74.7682495117, 75.2210388184, 75.673828125, 76.1266174316, 76.5794067383, 77.0321960449, 77.5082092285, 77.9842147827, 78.4602279663, 78.9362335205, 79.4122467041, 79.8650360107, 80.3294296265, 80.7822189331, 81.2350082397, 81.6877975464, 82.1289749146, 82.5701599121, 83.0113372803, 83.4757385254, 83.9401321411, 84.4161453247, 84.9037628174, 85.3913803101, 85.8673934937, 86.3433990479, 86.8194122314, 87.2838058472, 87.7482070923, 88.2126083374, 88.6770019531, 89.1414031982, 89.6058044434, 90.0702056885, 90.5345993042, 90.9873886108, 91.4401779175, 91.8929672241, 92.3457565308, 92.7869338989, 93.2397232056, 93.6925125122, 94.1453018188, 94.5980911255, 95.0624923706, 95.5268936157, 95.9912872314, 96.4440765381, 96.8968658447, 97.3380508423, 97.7792282104, 98.2087936401, 98.6383666992, 99.0679321289, 99.497505188, 99.9270706177, 100.356643677, 100.797821045, 101.238998413, 101.680175781, 102.121360779, 102.550926208, 102.980499268, 103.410064697, 103.839637756, 104.280815125, 104.721992493, 105.163169861, 105.59274292, 106.033920288, 106.475097656, 106.904670715, 107.334236145, 107.787025452, 108.239814758, 108.692604065, 109.15700531, 109.621406555, 110.074195862, 110.526985168, 110.991378784, 111.444168091, 111.896957397, 112.349746704, 112.802536011, 113.243713379, 113.684898376, 114.126075745, 114.567253113, 115.020042419, 115.461219788, 115.914009094, 116.366798401, 116.819587708, 117.272377014], "beats_loudness": {"dmean2": 0.0184418726712, "median": 0.0242102071643, "min": 4.4568228077e-06, "dvar2": 0.000279034487903, "dvar": 9.13261974347e-05, "dmean": 0.010927664116, "max": 0.0672276094556, "var": 0.000238881708356, "mean": 0.0251784622669}, "danceability": 0.987007677555, "bpm_histogram_second_peak_weight": {"dmean2": 0, "median": 0.164750963449, "min": 0.164750963449, "dvar2": 0, "dvar": 0, "dmean": 0, "max": 0.164750963449, "var": 0, "mean": 0.164750963449}, "beats_count": 262, "bpm_histogram_second_peak_bpm": {"dmean2": 0, "median": 140, "min": 140, "dvar2": 0, "dvar": 0, "dmean": 0, "max": 140, "var": 0, "mean": 140}, "bpm_histogram_first_peak_spread": {"dmean2": 0, "median": 0.525510191917, "min": 0.525510191917, "dvar2": 0, "dvar": 0, "dmean": 0, "max": 0.525510191917, "var": 0, "mean": 0.525510191917}, "beats_loudness_band_ratio": {"dmean2": [0.36791652441, 0.227555260062, 0.185512170196, 0.179982915521, 0.167174145579, 0.101942360401], "median": [0.372232913971, 0.121208786964, 0.118169628084, 0.0695538073778, 0.0897400230169, 0.0452127382159], "min": [0.042436439544, 0.00737974327058, 0.00463015306741, 0.00327798933722, 0.00162626907695, 0.00131880829576], "dvar2": [0.0791993290186, 0.0414815321565, 0.0353928916156, 0.0270126070827, 0.0212809350342, 0.0111501272768], "dvar": [0.0222065355629, 0.0145159168169, 0.0130537748337, 0.0108825676143, 0.00829948950559, 0.00361495534889], "dmean": [0.212804332376, 0.127863332629, 0.105988621712, 0.105543866754, 0.0974774882197, 0.0567007623613], "max": [0.983652174473, 0.628546595573, 0.665139615536, 0.603588163853, 0.606424450874, 0.365026682615], "var": [0.0601628050208, 0.0172955784947, 0.0173045899719, 0.0147265605628, 0.0137973995879, 0.00411001639441], "mean": [0.41697460413, 0.162371382117, 0.155696600676, 0.116209551692, 0.125787496567, 0.0646969750524]}}, "lowlevel": {"barkbands_spread": {"dmean2": 7.93803834915, "median": 19.9045753479, "min": 1.11656677723, "dvar2": 98.5166625977, "dvar": 45.1361732483, "dmean": 5.15835618973, "max": 86.379447937, "var": 164.282363892, "mean": 22.3035926819}, "melbands_spread": {"dmean2": 11.8834562302, "median": 21.6681098938, "min": 0.749557256699, "dvar2": 428.492706299, "dvar": 194.767944336, "dmean": 7.74093770981, "max": 221.196670532, "var": 505.026000977, "mean": 27.3181648254}, "hfc": {"dmean2": 7.7631483078, "median": 12.0420761108, "min": 1.2182373278e-16, "dvar2": 325.66583252, "dvar": 151.10244751, "dmean": 5.24583244324, "max": 283.969024658, "var": 420.233154297, "mean": 18.9175243378}, "barkbands_kurtosis": {"dmean2": 4.25459909439, "median": 1.05522739887, "min": -1.90115225315, "dvar2": 79.8335418701, "dvar": 31.1674785614, "dmean": 2.74495315552, "max": 112.948188782, "var": 106.843048096, "mean": 4.73621511459}, "gfcc": {"mean": [-27.7607746124, 93.2417526245, -132.49798584, 39.3198890686, -61.5587120056, 9.12614917755, -44.8194694519, -2.38503837585, -29.1878166199, -6.4314661026, -21.3440799713, -10.3207368851, -20.9570846558], "icov": [[0.000205555552384, -0.000358334189514, 0.000331450544763, -0.000468367827125, 0.000528256816324, -0.000319192447932, 0.000512501748744, -0.000610416580457, 0.000364533596439, -0.000520435976796, 0.000314034608891, -0.000112341767817, 0.000281102518784], [-0.000358334189514, 0.00337834539823, -0.000923718616832, 0.00215981109068, -0.00227664969862, 0.00172088993713, -0.00171449570917, 0.0029476871714, -0.0024689368438, 0.00330263515934, -0.003366939025, 0.00272268569097, -0.00196198676713], [0.000331450544763, -0.000923718616832, 0.00230627227575, -0.00127016031183, 0.000317833444569, -0.00145247089677, 0.00139209406916, -0.0013270706404, 0.000922912033275, -0.00196585129015, 0.00121223065071, -0.00141196430195, 0.000824251677841], [-0.000468367827125, 0.00215981109068, -0.00127016031183, 0.00498019950464, -0.00219668517821, 0.00118371634744, -0.000863824679982, 0.00240294868127, -0.00270449835807, 0.00262577692047, -0.000539644155651, 0.0011999446433, -0.00226655951701], [0.000528256816324, -0.00227664969862, 0.000317833444569, -0.00219668517821, 0.00667364615947, -0.00196191086434, 0.0015606067609, -0.0031383712776, 0.00059329753276, -0.00141845387407, 0.00328530045226, -0.001448807423, 0.00190922862384], [-0.000319192447932, 0.00172088993713, -0.00145247089677, 0.00118371634744, -0.00196191086434, 0.00713021261618, -0.0029136990197, 0.000784332340118, 7.00572445567e-06, 0.000565150112379, 0.000510216166731, 0.00201005977578, 0.000118040756206], [0.000512501748744, -0.00171449570917, 0.00139209406916, -0.000863824679982, 0.0015606067609, -0.0029136990197, 0.00672625517473, -0.00136636709794, 0.00107769097667, -0.00125356169883, 0.000308772083372, -0.00121273181867, 0.0024654045701], [-0.000610416580457, 0.0029476871714, -0.0013270706404, 0.00240294868127, -0.0031383712776, 0.000784332340118, -0.00136636709794, 0.0123734911904, -0.00278938747942, 0.00182753731497, -0.0041809938848, 0.0029226699844, -0.0026132161729], [0.000364533596439, -0.0024689368438, 0.000922912033275, -0.00270449835807, 0.00059329753276, 7.00572445567e-06, 0.00107769097667, -0.00278938747942, 0.0137435682118, -0.00643951352686, 0.00272975023836, -0.00329035753384, 0.00136214355007], [-0.000520435976796, 0.00330263515934, -0.00196585129015, 0.00262577692047, -0.00141845387407, 0.000565150112379, -0.00125356169883, 0.00182753731497, -0.00643951352686, 0.0178085044026, -0.00633350154385, 0.00172501604538, -0.00126406480558], [0.000314034608891, -0.003366939025, 0.00121223065071, -0.000539644155651, 0.00328530045226, 0.000510216166731, 0.000308772083372, -0.0041809938848, 0.00272975023836, -0.00633350154385, 0.0187272299081, -0.0046498621814, -0.000284728972474], [-0.000112341767817, 0.00272268569097, -0.00141196430195, 0.0011999446433, -0.001448807423, 0.00201005977578, -0.00121273181867, 0.0029226699844, -0.00329035753384, 0.00172501604538, -0.0046498621814, 0.0182611681521, -0.00536302197725], [0.000281102518784, -0.00196198676713, 0.000824251677841, -0.00226655951701, 0.00190922862384, 0.000118040756206, 0.0024654045701, -0.0026132161729, 0.00136214355007, -0.00126406480558, -0.000284728972474, -0.00536302197725, 0.02054399997]], "cov": [[9942.16015625, -55.5311470032, -905.934570313, 332.602813721, -527.333068848, -106.335922241, -439.751098633, 191.336746216, -56.1099205017, 70.7481765747, 43.104434967, -106.711967468, 39.2435264587], [-55.5311470032, 822.652526855, -102.877418518, -202.215667725, 56.3323936462, -115.21270752, 94.536491394, -78.3815841675, 30.7676315308, -65.3153457642, 87.1367797852, -42.0856971741, 19.4162330627], [-905.934570313, -102.877418518, 801.768798828, 149.360641479, 158.934036255, 127.047355652, -63.1641082764, 33.4888496399, 27.81681633, 47.0380783081, -53.0395011902, 36.0027999878, -7.06566572189], [332.602813721, -202.215667725, 149.360641479, 388.166015625, 71.1039733887, 18.6286582947, -72.2060928345, 4.65694379807, 37.2432518005, 0.490952014923, -52.6432952881, 14.2667779922, 16.0678882599], [-527.333068848, 56.3323936462, 158.934036255, 71.1039733887, 273.527130127, 59.4090881348, -2.28666305542, 19.8427028656, 25.5401821136, -7.17606973648, -40.9327926636, -0.804205060005, -11.811624527], [-106.335922241, -115.21270752, 127.047355652, 18.6286582947, 59.4090881348, 231.210144043, 58.0759544373, 19.131772995, -15.1926326752, 9.29415988922, -39.1529159546, -16.3976898193, -27.2196121216], [-439.751098633, 94.536491394, -63.1641082764, -72.2060928345, -2.28666305542, 58.0759544373, 238.865570068, -13.7029743195, -10.2084169388, -10.1097040176, 13.5023679733, -9.72053527832, -23.2117099762], [191.336746216, -78.3815841675, 33.4888496399, 4.65694379807, 19.8427028656, 19.131772995, -13.7029743195, 117.139350891, 9.42590236664, 17.5335845947, 7.12919187546, -2.11067795753, 3.65891695023], [-56.1099205017, 30.7676315308, 27.81681633, 37.2432518005, 25.5401821136, -15.1926326752, -10.2084169388, 9.42590236664, 102.34299469, 27.8153781891, 2.05946230888, 14.2380247116, 5.50794506073], [70.7481765747, -65.3153457642, 47.0380783081, 0.490952014923, -7.17606973648, 9.29415988922, -10.1097040176, 17.5335845947, 27.8153781891, 87.3564300537, 17.1902256012, 10.2770786285, 1.47000813484], [43.104434967, 87.1367797852, -53.0395011902, -52.6432952881, -40.9327926636, -39.1529159546, 13.5023679733, 7.12919187546, 2.05946230888, 17.1902256012, 88.6953887939, 12.5376195908, 12.7907972336], [-106.711967468, -42.0856971741, 36.0027999878, 14.2667779922, -0.804205060005, -16.3976898193, -9.72053527832, -2.11067795753, 14.2380247116, 10.2770786285, 12.5376195908, 73.6521453857, 17.7264156342], [39.2435264587, 19.4162330627, -7.06566572189, 16.0678882599, -11.811624527, -27.2196121216, -23.2117099762, 3.65891695023, 5.50794506073, 1.47000813484, 12.7907972336, 17.7264156342, 61.0846061707]]}, "spectral_energyband_middle_low": {"dmean2": 0.00603936612606, "median": 0.00818331539631, "min": 5.09757524576e-22, "dvar2": 7.90413978393e-05, "dvar": 3.1713527278e-05, "dmean": 0.00380276981741, "max": 0.087441906333, "var": 9.41944308579e-05, "mean": 0.0106901573017}, "melbands_crest": {"dmean2": 5.01845979691, "median": 13.6743164063, "min": 1.69845211506, "dvar2": 23.4766559601, "dvar": 8.89795398712, "dmean": 3.07393980026, "max": 32.7424125671, "var": 38.0028686523, "mean": 14.8105516434}, "spectral_kurtosis": {"dmean2": 2.40242290497, "median": 3.52951812744, "min": -1.20895135403, "dvar2": 6.2182393074, "dvar": 2.25338888168, "dmean": 1.41413617134, "max": 25.1139221191, "var": 5.16325426102, "mean": 3.91975402832}, "spectral_rms": {"dmean2": 0.000842592562549, "median": 0.00421010656282, "min": 3.26260286149e-12, "dvar2": 9.8483212696e-07, "dvar": 4.39404090002e-07, "dmean": 0.000556389684789, "max": 0.0101785566658, "var": 3.209209126e-06, "mean": 0.00405938224867}, "zerocrossingrate": {"dmean2": 0.0111870681867, "median": 0.05517578125, "min": 0.00439453125, "dvar2": 0.000222434595344, "dvar": 0.000178653353942, "dmean": 0.00946794170886, "max": 0.51806640625, "var": 0.00147951836698, "mean": 0.0610264986753}, "silence_rate_60dB": {"dmean2": 0.0472999587655, "median": 0, "min": 0, "dvar2": 0.0517637804151, "dvar": 0.023086566478, "dmean": 0.0236453209072, "max": 1, "var": 0.111362621188, "mean": 0.127659574151}, "erbbands_kurtosis": {"dmean2": 1.19958925247, "median": -0.204487368464, "min": -1.68726527691, "dvar2": 3.73774385452, "dvar": 1.50554084778, "dmean": 0.756455004215, "max": 28.2733154297, "var": 2.65785288811, "mean": 0.157947137952}, "erbbands": {"dmean2": [0.0140741188079, 0.255118131638, 2.0256357193, 8.18785572052, 8.82945156097, 6.82195234299, 5.86541128159, 9.43826770782, 20.1429615021, 17.8381004333, 12.1711654663, 19.8780422211, 11.4110927582, 13.7202615738, 11.2839927673, 24.2478790283, 24.7173881531, 21.8267402649, 28.1193733215, 15.1481990814, 13.0308694839, 20.2333641052, 23.5752944946, 13.5384283066, 17.8854923248, 7.56573629379, 9.40758037567, 13.1281366348, 7.72606611252, 4.76658391953, 4.15640544891, 2.29744410515, 0.84538269043, 0.389010369778, 0.161817893386, 0.0476735159755, 0.0129549633712, 0.00342009938322, 0.000266146205831, 1.37779161378e-05], "median": [0.00185028463602, 0.0810412019491, 1.10987329483, 5.04941368103, 5.27537822723, 3.58186078072, 2.66567373276, 3.55977058411, 8.71663570404, 7.24944496155, 5.39782476425, 6.47425365448, 3.86943006516, 4.25426101685, 5.26727581024, 8.77680110931, 9.01555633545, 8.66906738281, 9.67157173157, 9.42084503174, 7.92911529541, 11.2059173584, 9.86932468414, 7.22055149078, 5.14758014679, 3.01012229919, 2.94570064545, 2.82879376411, 1.74269449711, 1.04377174377, 0.640470743179, 0.590289115906, 0.326573461294, 0.163999944925, 0.0549189671874, 0.0116025386378, 0.00213856529444, 0.000246729294304, 1.97873760044e-05, 2.35466541199e-05], "min": [3.99663213119e-22, 6.93615823668e-21, 2.37762194177e-20, 8.24620747051e-20, 4.83173669983e-19, 7.57759738138e-19, 2.01689833172e-19, 6.50569693557e-19, 1.46094923389e-18, 1.20130685559e-18, 5.50466570573e-19, 1.41081329998e-18, 1.9440237456e-18, 2.52995113544e-18, 1.27189875926e-18, 1.36598310931e-18, 4.17797305513e-18, 5.26536235451e-18, 3.73562126536e-18, 6.23923269536e-18, 7.13257741716e-18, 6.36675747603e-18, 1.32335845098e-17, 1.37265262523e-17, 1.22778625116e-17, 1.58555667263e-17, 1.30832311986e-17, 1.72883610069e-17, 2.25204438174e-17, 2.27093007317e-17, 1.44759502329e-17, 2.00392212714e-17, 1.83498802326e-17, 1.163946354e-17, 1.03493694956e-17, 5.2771215541e-18, 3.43211298219e-18, 1.25316601351e-18, 3.41797930895e-19, 4.03502935642e-20], "dvar2": [0.0021286776755, 0.346234470606, 16.5824966431, 218.047149658, 248.520370483, 208.378234863, 155.333755493, 497.709838867, 1633.69250488, 1545.6652832, 720.598876953, 2088.52319336, 586.932434082, 918.25189209, 592.716369629, 3359.33032227, 2746.54248047, 2461.41650391, 4319.99169922, 802.654052734, 793.840393066, 1758.671875, 3180.52270508, 924.841125488, 2565.80737305, 608.255310059, 820.654724121, 2141.52197266, 924.14642334, 561.315551758, 967.076660156, 384.544647217, 25.6951217651, 1.57102918625, 0.318094611168, 0.0436877571046, 0.00242028641514, 0.000130355881993, 1.86389399914e-06, 8.66086202755e-10], "dvar": [0.000794457504526, 0.15495544672, 6.18149185181, 77.5369262695, 93.6359939575, 92.4306564331, 77.8741149902, 225.823471069, 712.437255859, 768.064147949, 277.097106934, 899.057312012, 263.214752197, 400.382202148, 295.50491333, 1304.38110352, 1100.28723145, 1147.68615723, 1810.16137695, 365.017150879, 342.372741699, 829.122253418, 1405.07885742, 387.067596436, 1015.23791504, 261.439819336, 363.41708374, 920.815490723, 397.063446045, 246.037506104, 449.972167969, 150.536132813, 10.4316005707, 0.68510311842, 0.14832007885, 0.0200673583895, 0.00121774012223, 5.45722759853e-05, 6.57087696254e-07, 3.46443734811e-10], "dmean": [0.00823266524822, 0.163668394089, 1.24527812004, 4.86098432541, 5.39803171158, 4.38831710815, 3.89664363861, 6.11204528809, 12.6553621292, 11.7196149826, 7.57373380661, 12.6005630493, 7.32564735413, 8.80751037598, 7.30882835388, 15.0385560989, 15.6338748932, 14.3779478073, 17.6062812805, 9.85594558716, 8.65020847321, 13.1678752899, 15.1299257278, 8.38413333893, 11.0972309113, 4.89906072617, 6.1567029953, 8.47136306763, 5.11141395569, 3.0903878212, 2.63960766792, 1.45233488083, 0.55923050642, 0.262566179037, 0.109832398593, 0.0327483676374, 0.00918212346733, 0.00221257354133, 0.000151296611875, 8.8717943072e-06], "max": [0.270674705505, 5.1059088707, 38.4017791748, 141.734130859, 154.025802612, 215.104003906, 233.552352905, 439.786071777, 463.015533447, 630.579956055, 412.853881836, 675.427001953, 398.24810791, 461.447418213, 549.067016602, 1212.85339355, 794.379882813, 801.971252441, 882.479064941, 355.001647949, 410.418640137, 1043.27441406, 1244.36828613, 464.615447998, 981.734436035, 567.743530273, 320.563079834, 657.992004395, 409.77255249, 337.841583252, 670.456787109, 420.079589844, 116.529396057, 21.8591957092, 9.66207790375, 4.77566003799, 1.03815889359, 0.135485157371, 0.017816696316, 0.000369811838027], "var": [0.000567825511098, 0.204455539584, 11.1182823181, 89.5659713745, 137.644607544, 276.394317627, 235.042190552, 761.59197998, 1598.7878418, 2302.69580078, 837.980895996, 2591.69238281, 937.047058105, 1248.19482422, 851.307922363, 3919.98071289, 3726.39013672, 3903.59448242, 4480.66601563, 998.555175781, 1073.74182129, 3530.16430664, 5203.41748047, 939.500366211, 1888.33789063, 479.327484131, 527.59753418, 1363.74768066, 504.748901367, 249.943969727, 449.760528564, 115.603500366, 9.17243385315, 0.841242015362, 0.194796472788, 0.0253992788494, 0.0018164019566, 5.87284885114e-05, 4.05762250466e-07, 6.50345943765e-10], "mean": [0.00739975273609, 0.23511596024, 2.43218517303, 7.88231611252, 9.14787006378, 8.98180866241, 7.98918247223, 12.2002000809, 22.2674465179, 22.2988052368, 15.2484283447, 24.5995826721, 15.5822038651, 17.256067276, 14.439455986, 30.3681144714, 34.7672538757, 31.1443214417, 33.5735054016, 20.3590908051, 18.7194633484, 31.8283748627, 35.5910072327, 19.4011306763, 20.8651657104, 9.86975479126, 10.2678022385, 14.0105247498, 8.24108314514, 4.34229230881, 3.21704030037, 1.83117496967, 0.866138041019, 0.429955124855, 0.172871828079, 0.0487730056047, 0.0129254069179, 0.00227299588732, 0.000121743592899, 2.78681018244e-05]}, "spectral_strongpeak": {"dmean2": 0.911805391312, "median": 0.472064435482, "min": 0, "dvar2": 2.8768196106, "dvar": 1.13415384293, "dmean": 0.531662642956, "max": 14.8289070129, "var": 1.7190849781, "mean": 0.941908121109}, "spectral_energy": {"dmean2": 0.00830198451877, "median": 0.0181681215763, "min": 1.09106916097e-20, "dvar2": 0.000133696084959, "dvar": 5.68075411138e-05, "dmean": 0.00534814596176, "max": 0.106193087995, "var": 0.000228837219765, "mean": 0.0201800204813}, "average_loudness": 0.808418095112, "spectral_rolloff": {"dmean2": 752.38671875, "median": 1291.9921875, "min": 64.599609375, "dvar2": 1461539.25, "dvar": 716831.125, "dmean": 458.349060059, "max": 19035.3515625, "var": 2412380.5, "mean": 1608.07666016}, "spectral_centroid": {"dmean2": 394.619567871, "median": 1273.31738281, "min": 163.052154541, "dvar2": 258859.765625, "dvar": 133536.203125, "dmean": 262.866729736, "max": 11626.7773438, "var": 550511.125, "mean": 1394.14575195}, "pitch_salience": {"dmean2": 0.103874102235, "median": 0.53778886795, "min": 0.0848029851913, "dvar2": 0.00954729225487, "dvar": 0.00364736095071, "dmean": 0.0642714425921, "max": 0.877876162529, "var": 0.0132013568655, "mean": 0.523618817329}, "spectral_energyband_middle_high": {"dmean2": 0.00207954877988, "median": 0.00273969210684, "min": 1.273096394e-21, "dvar2": 9.96368544293e-06, "dvar": 4.46211470262e-06, "dmean": 0.00138227513526, "max": 0.0486680157483, "var": 3.71674868802e-05, "mean": 0.00540584558621}, "spectral_contrast_coeffs": {"dmean2": [0.0824552997947, 0.0720485076308, 0.0554641932249, 0.0465777628124, 0.0347358286381, 0.0308092460036], "median": [-0.553606152534, -0.73038572073, -0.780838012695, -0.759004294872, -0.770739376545, -0.749566078186], "min": [-0.947240889072, -0.960503697395, -0.972855389118, -0.969219684601, -0.962635040283, -0.960483014584], "dvar2": [0.00477246008813, 0.003455508966, 0.00191670889035, 0.00136198895052, 0.000857772072777, 0.000868625298608], "dvar": [0.00177198357414, 0.00133080105297, 0.000766240933444, 0.000535269267857, 0.000338487909175, 0.000420142663643], "dmean": [0.0495654791594, 0.0439342707396, 0.0341604463756, 0.028947532177, 0.021733365953, 0.0199298150837], "max": [-0.307878375053, -0.448451250792, -0.499188959599, -0.577992498875, -0.596908688545, -0.492518097162], "var": [0.00570165365934, 0.00606987485662, 0.00490765785798, 0.00282820151187, 0.00210917880759, 0.00274019828066], "mean": [-0.555051326752, -0.724188446999, -0.767572999001, -0.757615029812, -0.768419027328, -0.742894232273]}, "melbands_skewness": {"dmean2": 1.05854547024, "median": 2.194678545, "min": -1.55248498917, "dvar2": 1.67828309536, "dvar": 0.732702672482, "dmean": 0.693383097649, "max": 17.5991458893, "var": 5.07229042053, "mean": 2.84561157227}, "spectral_spread": {"dmean2": 657219.75, "median": 4007498.5, "min": 1596473.125, "dvar2": 718379089920, "dvar": 454441435136, "dmean": 443832.96875, "max": 41689496, "var": 1684963065860.0, "mean": 4281651.5}, "dissonance": {"dmean2": 0.0241464562714, "median": 0.474220573902, "min": 0.313955932856, "dvar2": 0.0005327371764, "dvar": 0.000195676315343, "dmean": 0.0144121656194, "max": 0.500000178814, "var": 0.00055543781491, "mean": 0.468432664871}, "spectral_skewness": {"dmean2": 0.338751941919, "median": 1.40010762215, "min": -0.243515253067, "dvar2": 0.111144140363, "dvar": 0.0474352017045, "dmean": 0.211983188987, "max": 3.71353292465, "var": 0.18109805882, "mean": 1.40305197239}, "spectral_flux": {"dmean2": 0.0265705958009, "median": 0.062255859375, "min": 1.04454257743e-10, "dvar2": 0.000879091094248, "dvar": 0.000396290706703, "dmean": 0.0172937624156, "max": 0.284174591303, "var": 0.00166146410629, "mean": 0.066596493125}, "spectral_contrast_valleys": {"dmean2": [0.706830203533, 0.558197081089, 0.489419400692, 0.41005256772, 0.340330153704, 0.379997462034], "median": [-7.91401386261, -6.84570121765, -7.5525393486, -7.59681415558, -7.57605266571, -10.2453298569], "min": [-27.7468395233, -27.5074653625, -26.7801094055, -27.0820655823, -27.2353439331, -27.2671203613], "dvar2": [0.361249893904, 0.225266188383, 0.17025154829, 0.13570484519, 0.1291629076, 0.213035449386], "dvar": [0.15879034996, 0.109060131013, 0.0869502723217, 0.0798475891352, 0.0808850005269, 0.130324244499], "dmean": [0.438230484724, 0.345978885889, 0.308043181896, 0.26601421833, 0.237966582179, 0.289015442133], "max": [-5.49537849426, -4.86165142059, -5.50427913666, -5.81387090683, -5.61402320862, -7.38270807266], "var": [1.26123046875, 1.22376537323, 1.09455752373, 1.30021953583, 1.37757408619, 1.17215621471], "mean": [-8.04465484619, -7.09233999252, -7.7337641716, -7.86712598801, -7.80879068375, -10.4218168259]}, "erbbands_flatness_db": {"dmean2": 0.0216920319945, "median": 0.165900230408, "min": 0.0352940671146, "dvar2": 0.000444821838755, "dvar": 0.000213293213164, "dmean": 0.0148948868737, "max": 0.275307476521, "var": 0.0012227576226, "mean": 0.163526341319}, "spectral_energyband_high": {"dmean2": 0.000695162103511, "median": 0.000263312715106, "min": 7.95264931061e-21, "dvar2": 6.7170199145e-06, "dvar": 3.1346698961e-06, "dmean": 0.000467000558274, "max": 0.0374651513994, "var": 4.11729024563e-06, "mean": 0.000847106683068}, "spectral_entropy": {"dmean2": 0.211615741253, "median": 7.55117607117, "min": 5.8139257431, "dvar2": 0.0542571991682, "dvar": 0.0247585903853, "dmean": 0.144895061851, "max": 9.80613422394, "var": 0.128250360489, "mean": 7.51854324341}, "silence_rate_20dB": {"dmean2": 0, "median": 1, "min": 1, "dvar2": 0, "dvar": 0, "dmean": 0, "max": 1, "var": 0, "mean": 1}, "melbands_flatness_db": {"dmean2": 0.0342483408749, "median": 0.179489463568, "min": 0.00400792155415, "dvar2": 0.00124693429098, "dvar": 0.000565314898267, "dmean": 0.0230956915766, "max": 0.471305936575, "var": 0.00408763298765, "mean": 0.187665700912}, "barkbands": {"dmean2": [8.4584871729e-06, 0.000903642794583, 0.00235710665584, 0.0037207363639, 0.00197604531422, 0.00103914667852, 0.00157827127259, 0.000479495385662, 0.00089654274052, 0.000409446889535, 0.000350280635757, 0.000568344199564, 0.000710630672984, 0.0004381063045, 0.000470416824101, 0.00025817626738, 0.000375362462364, 0.000446453632321, 0.000354831834557, 0.000168206213857, 0.000302948639728, 0.000192859006347, 0.000152260166942, 6.91069726599e-05, 2.80953645415e-05, 8.44888563734e-06, 1.70528687704e-06], "median": [4.33155662449e-07, 0.00017598058912, 0.00114599976223, 0.00190112600103, 0.00109409762081, 0.000393924041418, 0.000670947832987, 0.000119559830637, 0.000267917173915, 8.66971240612e-05, 9.69936299953e-05, 0.000202338691452, 0.000201755960006, 0.00013399150339, 0.000184606295079, 0.000125478909467, 0.000184500415344, 0.000160921365023, 0.000124237762066, 5.58201281819e-05, 7.81662238296e-05, 4.54399123555e-05, 2.36796313402e-05, 2.39326000155e-05, 1.11525359898e-05, 1.58175112119e-06, 3.47500481723e-08], "min": [1.33704303039e-23, 2.71410308123e-23, 1.74582806934e-23, 2.43734148782e-23, 2.15437963703e-22, 6.8101339584e-23, 1.07804241938e-22, 2.61693719027e-23, 5.5242509243e-23, 8.50124095556e-23, 3.55524179864e-23, 2.58348507026e-23, 9.83517824056e-23, 1.00824968629e-22, 9.21975818723e-23, 1.1064487326e-22, 1.30486252261e-22, 2.58877870559e-22, 2.31824056208e-22, 3.01051157102e-22, 3.86785140883e-22, 6.77596176616e-22, 5.57552599961e-22, 1.02943919702e-21, 1.2167621833e-21, 1.72827797155e-21, 2.57070689937e-21], "dvar2": [7.15740799961e-10, 5.33788443136e-06, 2.34394065046e-05, 4.23756609962e-05, 1.33632665893e-05, 4.87455918119e-06, 8.76859849086e-06, 1.64547282111e-06, 4.0917439037e-06, 8.84395205958e-07, 6.85929194333e-07, 1.73196372089e-06, 2.24808150051e-06, 1.0628302789e-06, 1.24885457353e-06, 3.04187949496e-07, 6.19819104486e-07, 1.30930652631e-06, 8.26762970974e-07, 2.68917375479e-07, 9.91508954939e-07, 5.5113741837e-07, 1.13440421501e-06, 2.69612826287e-07, 8.24220958151e-09, 1.09884368271e-09, 5.41032774137e-11], "dvar": [2.72983524674e-10, 2.27777445616e-06, 8.56512724567e-06, 1.52406728375e-05, 5.58220199309e-06, 2.25069857152e-06, 3.97155235987e-06, 6.31989905742e-07, 1.77207027718e-06, 3.81677068617e-07, 3.29339883365e-07, 6.84037672727e-07, 9.10744404337e-07, 4.60735549268e-07, 5.25406846918e-07, 1.27952603179e-07, 2.780