{"tonal": {"thpcp": [1, 0.654477238655, 0.328379005194, 0.382660210133, 0.372384220362, 0.252185970545, 0.161721661687, 0.11766051501, 0.150731161237, 0.331684112549, 0.46646681428, 0.319698303938, 0.139967739582, 0.0948518365622, 0.159709796309, 0.481461405754, 0.613847076893, 0.307840108871, 0.185073852539, 0.271090596914, 0.202078148723, 0.100438334048, 0.112706765532, 0.217905759811, 0.311642825603, 0.250525325537, 0.140752330422, 0.104695312679, 0.109226793051, 0.253085464239, 0.653350174427, 0.698745250702, 0.335914283991, 0.155230611563, 0.224091812968, 0.673809468746], "hpcp": {"dmean2": [0.116991639137, 0.14167201519, 0.120086319745, 0.0811312645674, 0.0924757421017, 0.163355633616, 0.197259545326, 0.158087939024, 0.122767537832, 0.102261319757, 0.112668141723, 0.162323176861, 0.26006436348, 0.259483993053, 0.181998327374, 0.137512043118, 0.162981107831, 0.232213750482, 0.331568717957, 0.262701243162, 0.206486612558, 0.209915220737, 0.213603496552, 0.171803548932, 0.124138496816, 0.10953746736, 0.124450281262, 0.19018279016, 0.220210716128, 0.182276457548, 0.117785789073, 0.0872679427266, 0.111820735037, 0.204785987735, 0.231223240495, 0.163787335157], "median": [0.00975454598665, 0.0105237793177, 0.012950848788, 0.010637502186, 0.00937986560166, 0.0123807797208, 0.0147250080481, 0.00886324606836, 0.00430685095489, 0.00516920909286, 0.00524688884616, 0.0305846277624, 0.100362211466, 0.116028629243, 0.0356817655265, 0.00944141671062, 0.00826167501509, 0.11281773448, 0.231531977654, 0.143768996, 0.0326656550169, 0.0244933590293, 0.0183802116662, 0.00960506685078, 0.00672596599907, 0.00484813470393, 0.0092447809875, 0.0351311229169, 0.0503374151886, 0.0257358122617, 0.00462173949927, 0.0023844060488, 0.0137024261057, 0.0613653622568, 0.0750805139542, 0.033938921988], "min": [9.30087117013e-06, 6.1224923229e-06, 1.49629649968e-05, 1.7824166207e-05, 1.70948733285e-05, 3.61208076356e-05, 6.08839263805e-06, 3.23403787661e-06, 5.09786877956e-06, 5.83084920436e-06, 3.42304815604e-06, 2.50672064794e-06, 4.57774367533e-05, 9.37237346079e-05, 7.22732729628e-05, 1.76109806489e-05, 9.12720406632e-06, 7.16127169653e-06, 1.84737673408e-05, 9.60791021498e-06, 9.42256247072e-06, 7.04045169186e-06, 1.78627021796e-06, 5.72450153413e-06, 7.80417667556e-06, 4.44534134658e-06, 7.83562882134e-06, 4.68174630441e-06, 2.97596579912e-05, 2.35057041209e-06, 2.92857430395e-06, 9.72214934336e-07, 1.85190856428e-06, 2.801023129e-06, 4.3965956138e-06, 9.49657987803e-06], "dvar2": [0.0492811352015, 0.0667590275407, 0.0501139387488, 0.0414357073605, 0.0466374270618, 0.0895041674376, 0.107874788344, 0.0821478813887, 0.0718491896987, 0.0582578107715, 0.0665489062667, 0.0705211162567, 0.10564494133, 0.10240662843, 0.0796797126532, 0.0739532634616, 0.0976462736726, 0.0872848555446, 0.144837319851, 0.0924209430814, 0.094208650291, 0.101468361914, 0.107912905514, 0.0937176048756, 0.0730092599988, 0.0635828226805, 0.0670035853982, 0.0856164470315, 0.0966356992722, 0.0836928859353, 0.0602551475167, 0.0505307763815, 0.048298612237, 0.0792073011398, 0.0977404490113, 0.0657895877957], "dvar": [0.0196032430977, 0.0311539955437, 0.0204455368221, 0.0150118181482, 0.0170892439783, 0.0344206243753, 0.0443821363151, 0.0339217409492, 0.0271749086678, 0.021116040647, 0.0238679125905, 0.0264047477394, 0.0455678962171, 0.0459892526269, 0.0335529260337, 0.0275176353753, 0.0354360751808, 0.0379129871726, 0.0668189451098, 0.0385930016637, 0.037253651768, 0.0414917506278, 0.0433068834245, 0.0384485311806, 0.0281025003642, 0.023408761248, 0.0249203033745, 0.0339163765311, 0.0418296121061, 0.0350496768951, 0.022762844339, 0.0184931159019, 0.0184338297695, 0.0337697565556, 0.0423479154706, 0.0257910396904], "dmean": [0.0689110904932, 0.0866474509239, 0.0724081024528, 0.045492541045, 0.0520119071007, 0.0943372696638, 0.115298897028, 0.0922394916415, 0.0684816390276, 0.0559918433428, 0.0607754960656, 0.0929661095142, 0.158217743039, 0.159710422158, 0.108167313039, 0.0766408964992, 0.0910815820098, 0.140027299523, 0.197102695704, 0.157306075096, 0.120802178979, 0.124474406242, 0.125649794936, 0.0980936065316, 0.0700630098581, 0.0601643063128, 0.0699980258942, 0.111845716834, 0.132421851158, 0.109034113586, 0.0666641667485, 0.0480989255011, 0.0649613365531, 0.124989978969, 0.140071168542, 0.0969447046518], "max": [1, 1, 1, 1, 1, 1, 1, 1, 1, 1, 1, 1, 1, 1, 1, 1, 1, 1, 1, 1, 1, 1, 1, 1, 1, 1, 1, 1, 1, 1, 1, 1, 1, 1, 1, 1], "var": [0.0224252454937, 0.0512832030654, 0.0252634976059, 0.0115472199395, 0.0134502416477, 0.0336019508541, 0.0581399425864, 0.0450952574611, 0.0227828882635, 0.0144960377365, 0.0155357392505, 0.0261193942279, 0.101306982338, 0.106350503862, 0.0502100996673, 0.0222253650427, 0.0346493050456, 0.0953213497996, 0.151339292526, 0.0756325796247, 0.0475580766797, 0.0683155208826, 0.0667241662741, 0.0493416152894, 0.0294686648995, 0.0190794430673, 0.0215022861958, 0.0459401383996, 0.0759453848004, 0.0498595163226, 0.0209466516972, 0.0163009874523, 0.0187519770116, 0.068052649498, 0.103800624609, 0.036601357162], "mean": [0.0727460607886, 0.106556229293, 0.0794298574328, 0.0394787974656, 0.0443010888994, 0.0856511369348, 0.122495897114, 0.098472751677, 0.055324818939, 0.0411520674825, 0.0429332330823, 0.0994790494442, 0.25680911541, 0.274652332067, 0.132036164403, 0.0610157251358, 0.0880826562643, 0.264850944281, 0.393065035343, 0.257252126932, 0.129074305296, 0.150410354137, 0.146371215582, 0.099125482142, 0.0635671317577, 0.0462482348084, 0.0592471510172, 0.130373433232, 0.183351799846, 0.125662222505, 0.0550164245069, 0.0372829400003, 0.0627763345838, 0.189245641232, 0.241281822324, 0.121001183987]}, "tuning_equal_tempered_deviation": 0.14139482379, "chords_changes_rate": 0.0835120677948, "key_key": "C#", "tuning_diatonic_strength": 0.511230111122, "key_scale": "minor", "chords_number_rate": 0.00160857907031, "tuning_frequency": 443.316436768, "tuning_nontempered_energy_ratio": 0.816347777843, "chords_histogram": [27.2654151917, 1.84986591339, 20.6166229248, 15.7104558945, 5.85790872574, 1.50134050846, 0.0134048257023, 2.80160856247, 0, 6.1662197113, 0.670241296291, 0.0268096514046, 0, 0.0402144789696, 0.61662197113, 0, 0, 1.38069701195, 2.6273458004, 0, 0.335120648146, 0.817694365978, 8.75335121155, 2.94906163216], "key_strength": 0.539327383041, "chords_key": "C#", "chords_strength": {"dmean2": 0.0103214168921, "median": 0.453628778458, "min": 0.200608953834, "dvar2": 8.54577010614e-05, "dvar": 6.84251644998e-05, "dmean": 0.00992839876562, "max": 0.797447621822, "var": 0.00705763464794, "mean": 0.459966003895}, "chords_scale": "minor", "hpcp_entropy": {"dmean2": 0.989297449589, "median": 1.69926023483, "min": 0.0332271754742, "dvar2": 0.646993219852, "dvar": 0.237480670214, "dmean": 0.580059170723, "max": 3.74916434288, "var": 0.415169358253, "mean": 1.67921745777}}, "metadata": {"audio_properties": {"equal_loudness": 0, "codec": "mp3", "downmix": "mix", "sample_rate": 44100, "analysis_sample_rate": 44100, "bit_rate": 192000, "md5_encoded": "ce5f22682e0eef46d11d41b8f2bcd041", "length": 346.383666992, "replay_gain": -2.77597045898, "lossless": false}, "version": {"essentia_build_sha": "2d9f1f26377add8aeb1075a9c2973f962c4f09fd", "essentia": "2.1-beta2", "extractor": "music 1.0", "essentia_git_sha": "v2.1_beta2-1-ge3940c0"}, "tags": {"title": ["Sawang Galing"], "barcode": ["093074005521"], "media": ["CD"], "albumartist": ["Various Artists"], "musicbrainz_recordingid": ["18d9a5c5-2ae9-45ab-b03e-948a2facd050"], "musicbrainz_albumartistid": ["89ad4ac3-39f7-470e-963a-56509c546377"], "discnumber": ["1/1"], "album": ["Music Of Indonesia 1 - Songs Before Dawn: Gandrung Banyuwangi"], "catalognumber": ["CD SF 40055"], "musicbrainz album release country": ["US"], "musicbrainz album type": ["album", "compilation"], "musicbrainz album status": ["official"], "file_name": "09. sawung galing.mp3", "originaldate": ["1992-07-13"], "date": ["1992-07-13"], "genre": ["Asia - Indonesia"], "musicbrainz_releasegroupid": ["4b6d3bad-f9c9-494c-93a0-46c4038c564e"], "script": ["Latn"], "asin": ["B000001DIQ"], "musicbrainz_albumid": ["4bf73cd4-3484-46f2-9981-3408195edfbc"], "artist": ["Gandrung Temu And Basuki"], "artistsort": ["Gandrung Temu and Basuki"], "tracknumber": ["9/11"], "label": ["Smithsonian Folkways"], "albumartistsort": ["Various Artists"], "musicbrainz_artistid": ["045068a8-e1b1-40a7-b217-8f1603ebc331", "a5fca9a5-912b-477f-83a3-1f3be87d8a5c"]}}, "rhythm": {"bpm_histogram_first_peak_bpm": {"dmean2": 0, "median": 98, "min": 98, "dvar2": 0, "dvar": 0, "dmean": 0, "max": 98, "var": 0, "mean": 98}, "bpm": 97.5333786011, "bpm_histogram_second_peak_spread": {"dmean2": 0, "median": 0.306122481823, "min": 0.306122481823, "dvar2": 0, "dvar": 0, "dmean": 0, "max": 0.306122481823, "var": 0, "mean": 0.306122481823}, "bpm_histogram_first_peak_weight": {"dmean2": 0, "median": 0.112804874778, "min": 0.112804874778, "dvar2": 0, "dvar": 0, "dmean": 0, "max": 0.112804874778, "var": 0, "mean": 0.112804874778}, "onset_rate": 4.71715450287, "beats_position": [0.429569154978, 0.859138309956, 1.28870749474, 1.71827661991, 2.14784574509, 2.56580495834, 3.05342388153, 3.52943301201, 4.02866220474, 4.5046710968, 4.99229001999, 5.47990942001, 5.9675283432, 6.45514726639, 6.93115615845, 7.40716552734, 7.89478445053, 8.38240337372, 8.93968200684, 9.47374153137, 10.0078001022, 10.5882987976, 11.1687984467, 11.749297142, 12.3297958374, 12.9219045639, 13.5140132904, 14.0945119858, 14.6750106812, 15.2555103302, 15.8476190567, 16.4165077209, 16.99700737, 17.5658950806, 18.0999546051, 18.6456241608, 19.179681778, 19.7137413025, 20.247800827, 20.7818584442, 21.2926979065, 21.8035373688, 22.3143768311, 22.8368244171, 23.3592739105, 23.8933334351, 24.4390010834, 24.984670639, 25.4955101013, 26.0295696259, 26.563627243, 27.1557369232, 27.747844696, 28.3051242828, 28.8856239319, 29.4429016113, 30.0117912292, 30.5806789398, 31.1495685577, 31.6952381134, 32.2525177002, 32.7633552551, 33.2741928101, 33.7850341797, 34.2958717346, 34.8067131042, 35.3175506592, 35.8400001526, 36.3740577698, 36.908115387, 37.4537849426, 37.9994544983, 38.545124054, 39.1488418579, 39.7525634766, 40.3330612183, 40.91355896, 41.4940567017, 41.9584579468, 42.4228553772, 42.8988647461, 43.3864860535, 43.8857116699, 44.3733329773, 44.8957824707, 45.4182319641, 45.929069519, 46.4631271362, 46.9971885681, 47.5428581238, 48.111743927, 48.6922454834, 49.2495231628, 49.7951927185, 50.3408622742, 50.9445800781, 51.5482978821, 52.1636276245, 52.7789573669, 53.3942832947, 54.0560531616, 54.7062110901, 55.3795890808, 56.06457901, 56.7495689392, 57.4461669922, 58.1311569214, 58.8277549744, 59.5011329651, 60.1745109558, 60.8362808228, 61.5096588135, 62.1946487427, 62.8680267334, 63.5297966003, 64.1799545288, 64.8533325195, 65.5034942627, 66.1536483765, 66.7921981812, 67.4423599243, 68.0925140381, 68.7426757813, 69.392829895, 70.0313796997, 70.6699295044, 71.3084793091, 71.9238052368, 72.5507507324, 73.1892929077, 73.8278427124, 74.4780044556, 75.1165542603, 75.7783203125, 76.4168701172, 77.0438079834, 77.6707458496, 78.2976837158, 78.924621582, 79.5515594482, 80.1785049438, 80.8170471191, 81.4555969238, 82.08253479, 82.7094802856, 83.3364181519, 83.9633560181, 84.5786819458, 85.1940155029, 85.8209533691, 86.4362792969, 87.0632171631, 87.6785507202, 88.2822647095, 88.8975982666, 89.5013122559, 90.116645813, 90.7203598022, 91.3124694824, 91.9045791626, 92.4850769043, 93.065574646, 93.6576843262, 94.2614059448, 94.853515625, 95.4572296143, 96.0609512329, 96.6762771606, 97.2916107178, 97.895324707, 98.4990463257, 99.0911560059, 99.683265686, 100.286979675, 100.902313232, 101.494422913, 102.086524963, 102.678634644, 103.259140015, 103.851242065, 104.373695374, 104.884536743, 105.395370483, 105.917823792, 106.44026947, 106.95111084, 107.438728333, 107.937957764, 108.425575256, 108.762268066, 109.098953247, 109.447257996, 109.795555115, 110.132240295, 110.457321167, 110.782402039, 111.10748291, 111.432563782, 111.757637024, 112.082717896, 112.407798767, 112.732879639, 113.05796051, 113.383033752, 113.708114624, 114.033195496, 114.358276367, 114.660133362, 114.961990356, 115.27545929, 115.588935852, 116.018501282, 116.448066711, 116.889251709, 117.330429077, 117.748390198, 118.166343689, 118.58430481, 119.013877869, 119.443443298, 119.873016357, 120.325805664, 120.720542908, 121.138504028, 121.54485321, 121.951202393, 122.357551575, 122.763900757, 123.170249939, 123.576599121, 123.971336365, 124.366073608, 124.760810852, 125.155555725, 125.550292969, 125.956642151, 126.397819519, 126.850608826, 127.291786194, 127.721359253, 128.232192993, 128.743041992, 129.242263794, 129.753097534, 130.263946533, 130.763168335, 131.250793457, 131.73840332, 132.226028442, 132.609161377, 132.992294312, 133.375411987, 133.851425171, 134.327438354, 134.803451538, 135.372329712, 135.941223145, 136.498504639, 137.067382813, 137.624664307, 138.181945801, 138.762451172, 139.331329346, 139.900222778, 140.492340088, 141.084442139, 141.699768066, 142.291885376, 142.883987427, 143.464492798, 144.149475098, 144.834457397, 145.519454956, 146.192825317, 146.854598999, 147.527984619, 148.20135498, 148.886352539, 149.571334839, 150.233108521, 150.894866943, 151.545028687, 152.19519043, 152.833740234, 153.495513916, 154.157272339, 154.807434082, 155.469207764, 156.119369507, 156.78112793, 157.419677734, 158.058227539, 158.708389282, 159.358551025, 159.99710083, 160.635650635, 161.285797119, 161.924346924, 162.562896729, 163.201446533, 163.851608276, 164.490158081, 165.140319824, 165.778869629, 166.417419434, 167.0443573, 167.659683228, 168.275009155, 168.91355896, 169.552108765, 170.179046631, 170.817596436, 171.444534302, 172.083084106, 172.710021973, 173.3253479, 173.952285767, 174.579223633, 175.217773438, 175.856323242, 176.494873047, 177.110198975, 177.737136841, 178.352462769, 178.979400635, 179.594741821, 180.210067749, 180.8021698, 181.394287109, 181.974777222, 182.57850647, 183.182220459, 183.797546387, 184.401260376, 185.016601563, 185.620315552, 186.235641479, 186.850967407, 187.466293335, 188.070022583, 188.685348511, 189.300674438, 189.916000366, 190.519729614, 191.123443604, 191.727157593, 192.319274902, 192.911376953, 193.515090942, 194.130432129, 194.676101685, 195.210159302, 195.767440796, 196.359542847, 196.951644897, 197.543762207, 198.182312012, 198.832473755, 199.424575806, 200.016693115, 200.632019043, 201.224121094, 201.816238403, 202.327072144, 202.826293945, 203.313919067, 203.685440063, 204.05696106, 204.428482056, 204.800003052, 205.171508789, 205.554641724, 205.937774658, 206.332519531, 206.738861084, 207.133605957, 207.528335571, 207.911468506, 208.248153687, 208.584854126, 208.933151245, 209.269836426, 209.618133545, 209.954818726, 210.303131104, 210.651428223, 210.999725342, 211.348022461, 211.69631958, 212.056228638, 212.404525757, 212.741226196, 213.089523315, 213.426208496, 213.762893677, 214.099594116, 214.436279297, 214.772964478, 215.109649658, 215.446350098, 215.783035278, 216.096496582, 216.433197021, 216.781494141, 217.187835693, 217.594192505, 218.000534058, 218.464935303, 218.929336548, 219.382125854, 219.834915161, 220.264480591, 220.694061279, 221.123626709, 221.564804077, 221.994369507, 222.423934937, 222.865127563, 223.190200806, 223.515274048, 223.851974487, 224.188659668, 224.536956787, 224.873641968, 225.210342407, 225.535415649, 225.848892212, 226.185577393, 226.510650635, 226.835739136, 227.172424316, 227.532333374, 227.869018555, 228.205703735, 228.554016113, 228.879089355, 229.204162598, 229.540863037, 229.889160156, 230.341949463, 230.759902954, 231.177871704, 231.607437134, 232.025390625, 232.431747437, 232.849700928, 233.256057739, 233.662399292, 234.068756104, 234.475097656, 234.869842529, 235.264572144, 235.659317017, 236.042449951, 236.425567627, 236.808700562, 237.191833496, 237.574966431, 237.958084106, 238.341217041, 238.724349976, 239.10748291, 239.490600586, 239.885345459, 240.280090332, 240.686431885, 241.092788696, 241.487518311, 241.882263184, 242.265396118, 242.648529053, 243.031646729, 243.414779663, 243.925613403, 244.413238525, 244.912460327, 245.411697388, 245.89932251, 246.41015625, 246.909378052, 247.408615112, 247.907836914, 248.407073975, 248.906295776, 249.405532837, 250.020858765, 250.624572754, 251.239898682, 251.855239868, 252.458953857, 253.051055908, 253.654785156, 254.22366333, 254.792556763, 255.361450195, 255.918731689, 256.487609863, 257.056488037, 257.636993408, 258.229125977, 258.832824707, 259.436553955, 260.051879883, 260.620758057, 261.189666748, 261.60760498, 262.013977051, 262.420318604, 262.826660156, 263.221405029, 263.616149902, 263.999267578, 264.382385254, 264.765533447, 265.148651123, 265.520172119, 265.891693115, 266.263214111, 266.646331787, 267.02947998, 267.401000977, 267.784118652, 268.167236328, 268.550384521, 268.933502197, 269.305023193, 269.676544189, 270.048065186, 270.419586182, 270.791107178, 271.174224854, 271.568969727, 271.9637146, 272.346832275, 272.718353271, 273.089874268, 273.519439697, 273.949005127, 274.378601074, 274.808166504, 275.226104736, 275.644073486, 276.073638916, 276.479980469, 276.886352539, 277.292694092, 277.687438965, 278.082183838, 278.476898193, 278.871643066, 279.266387939, 279.649505615, 280.032653809, 280.438995361, 280.856964111, 281.286529541, 281.716094971, 282.122436523, 282.702941895, 283.283447266, 283.852325439, 284.432830811, 284.990112305, 285.7215271, 286.441345215, 287.14956665, 287.869384766, 288.577606201, 289.274200439, 289.970794678, 290.667388916, 291.387207031, 292.095428467, 292.803619385, 293.500213623, 294.196807861, 294.88180542, 295.555175781, 296.24017334, 296.925170898, 297.610168457, 298.271911621, 298.933685303, 299.607055664, 300.268829346, 300.930603027, 301.615600586, 302.312194824, 302.997192383, 303.658966064, 304.320709229, 304.97088623, 305.621032715, 306.271209717, 306.921356201, 307.571502686, 308.221679688, 308.871826172, 309.510375977, 310.148925781, 310.775878906, 311.402801514, 312.029754639, 312.656677246, 313.283630371, 313.898956299, 314.514282227, 315.141204834, 315.768157959, 316.395111084, 316.998809814, 317.625762939, 318.22946167, 318.833190918, 319.448516846, 320.075469971, 320.714019775, 321.375762939, 322.037536621, 322.583221436, 323.14050293, 323.709381104, 324.266662598, 324.823944092, 325.381225586, 325.95010376, 326.530609131, 327.134338379, 327.72644043, 328.306945801, 328.875823975, 329.433105469, 330.001983643, 330.582489014, 331.162994385, 331.766693115, 332.370422363, 332.997375488, 333.624298096, 334.239624023, 334.854949951, 335.481903076, 336.166900635, 336.851867676, 337.548461914, 338.25668335, 338.964904785, 339.649871826, 340.334869385, 341.031463623, 341.716461182, 342.40145874, 343.074829102, 343.701751709, 344.317077637, 344.955627441, 345.594177246], "beats_loudness": {"dmean2": 0.0508473739028, "median": 0.0190730188042, "min": 0.000407991930842, "dvar2": 0.00398166058585, "dvar": 0.00148289895151, "dmean": 0.0287219602615, "max": 0.278765052557, "var": 0.00148394855205, "mean": 0.0326629839838}, "danceability": 1.10225307941, "bpm_histogram_second_peak_weight": {"dmean2": 0, "median": 0.0518292672932, "min": 0.0518292672932, "dvar2": 0, "dvar": 0, "dmean": 0, "max": 0.0518292672932, "var": 0, "mean": 0.0518292672932}, "beats_count": 657, "bpm_histogram_second_peak_bpm": {"dmean2": 0, "median": 157, "min": 157, "dvar2": 0, "dvar": 0, "dmean": 0, "max": 157, "var": 0, "mean": 157}, "bpm_histogram_first_peak_spread": {"dmean2": 0, "median": 0.579545497894, "min": 0.579545497894, "dvar2": 0, "dvar": 0, "dmean": 0, "max": 0.579545497894, "var": 0, "mean": 0.579545497894}, "beats_loudness_band_ratio": {"dmean2": [0.487230747938, 0.214760184288, 0.425160378218, 0.349953889847, 0.14354236424, 0.072568655014], "median": [0.0369501113892, 0.0751818343997, 0.230903431773, 0.171865925193, 0.0484419241548, 0.014649156481], "min": [4.84221709485e-06, 0.000418824667577, 0.0018418636173, 0.0013491405407, 0.000146102203871, 5.06655451318e-05], "dvar2": [0.216907337308, 0.0497076064348, 0.112319663167, 0.0977452844381, 0.028389768675, 0.0156277678907], "dvar": [0.0843577831984, 0.018887091428, 0.0385984778404, 0.0346995145082, 0.0102808140218, 0.00539776450023], "dmean": [0.265401244164, 0.119644075632, 0.23849222064, 0.199732363224, 0.0823635011911, 0.0400606244802], "max": [0.981086850166, 0.818544447422, 0.949765563011, 0.937402367592, 0.767248630524, 0.646972894669], "var": [0.0907205045223, 0.0224823784083, 0.0533581115305, 0.0585186220706, 0.0108197750524, 0.00411594426259], "mean": [0.227193400264, 0.13170646131, 0.292189091444, 0.258362472057, 0.083594866097, 0.0353461094201]}}, "lowlevel": {"barkbands_spread": {"dmean2": 5.74926948547, "median": 10.21717453, "min": 0.283965736628, "dvar2": 70.5415344238, "dvar": 30.0847969055, "dmean": 3.78447318077, "max": 75.7246551514, "var": 59.328742981, "mean": 11.9719696045}, "melbands_spread": {"dmean2": 7.705493927, "median": 14.9090089798, "min": 0.327371478081, "dvar2": 129.941207886, "dvar": 54.3824920654, "dmean": 5.08096408844, "max": 170.769317627, "var": 122.845573425, "mean": 17.4058685303}, "hfc": {"dmean2": 8.59415435791, "median": 9.45373439789, "min": 0.0393427275121, "dvar2": 253.891616821, "dvar": 114.705589294, "dmean": 6.00108385086, "max": 210.135162354, "var": 348.950531006, "mean": 15.7374296188}, "barkbands_kurtosis": {"dmean2": 4.74534416199, "median": 2.29522323608, "min": -1.81192076206, "dvar2": 110.32509613, "dvar": 45.9305381775, "dmean": 3.08236455917, "max": 217.953811646, "var": 72.5929946899, "mean": 4.37898921967}, "gfcc": {"mean": [-70.8290786743, 77.9505004883, -159.029541016, -16.5950622559, -76.4748458862, -6.54651021957, -39.6313056946, -8.53538608551, -26.2185058594, -4.11923408508, -16.3793869019, -3.06003284454, -12.371717453], "icov": [[0.000329556525685, 7.74608342908e-05, 4.77808644064e-05, -9.25343338167e-05, -8.45602990012e-05, -0.000400630640797, 0.000284646783257, -0.000129263324197, 0.000173871638253, 9.09101145226e-05, 0.0001539674995, 0.000146563193994, 0.000269275158644], [7.74608342908e-05, 0.00165642856155, -0.000805439194664, 0.000300394487567, -0.00152084033471, 0.000834671722259, -0.000749224040192, 0.00113550608512, -0.000857573293615, 0.00132708495948, -0.00063031812897, 0.00109280389734, -0.000965242856182], [4.77808644064e-05, -0.000805439194664, 0.00218163919635, -0.00149772665463, 0.00149237853475, -0.000938925310038, 0.000423725665314, -0.000730891595595, 0.00113968469668, -0.000657859374769, 0.00164197897539, -0.000454757595435, 0.000802977185231], [-9.25343338167e-05, 0.000300394487567, -0.00149772665463, 0.00399800715968, -0.00209371326491, 5.35846484127e-05, 0.000446932885097, -0.000365696265362, -0.00102401897311, 0.0017833088059, -0.000965324172284, 0.00155055057257, -0.000408932217397], [-8.45602990012e-05, -0.00152084033471, 0.00149237853475, -0.00209371326491, 0.00547401607037, -0.00192707427777, -0.00103733001743, 0.000222891845624, 0.00172149494756, -0.00194030313287, 0.00144131411798, -0.00127260526642, 0.00147207523696], [-0.000400630640797, 0.000834671722259, -0.000938925310038, 5.35846484127e-05, -0.00192707427777, 0.00599222164601, -0.00245809135959, 0.00083966384409, -0.000881856423803, 0.00012395781232, -0.00139175879303, 0.00127674126998, 0.000318010192132], [0.000284646783257, -0.000749224040192, 0.000423725665314, 0.000446932885097, -0.00103733001743, -0.00245809135959, 0.00690503232181, -0.00263914745301, 0.00112033134792, -0.000245773757342, 0.000127823484945, -0.0012750668684, 0.00136689841747], [-0.000129263324197, 0.00113550608512, -0.000730891595595, -0.000365696265362, 0.000222891845624, 0.00083966384409, -0.00263914745301, 0.00722926203161, -0.00383899151348, 0.00112142344005, 0.000229699217016, 0.000524509581737, -0.000631044851616], [0.000173871638253, -0.000857573293615, 0.00113968469668, -0.00102401897311, 0.00172149494756, -0.000881856423803, 0.00112033134792, -0.00383899151348, 0.00887043401599, -0.00364701543003, 0.0012801035773, -2.35392271861e-05, 0.00112158199772], [9.09101145226e-05, 0.00132708495948, -0.000657859374769, 0.0017833088059, -0.00194030313287, 0.00012395781232, -0.000245773757342, 0.00112142344005, -0.00364701543003, 0.00962684117258, -0.00378642277792, 0.000901781779248, -0.000952126109041], [0.0001539674995, -0.00063031812897, 0.00164197897539, -0.000965324172284, 0.00144131411798, -0.00139175879303, 0.000127823484945, 0.000229699217016, 0.0012801035773, -0.00378642277792, 0.0108249364421, -0.00418671499938, 0.000832085032016], [0.000146563193994, 0.00109280389734, -0.000454757595435, 0.00155055057257, -0.00127260526642, 0.00127674126998, -0.0012750668684, 0.000524509581737, -2.35392271861e-05, 0.000901781779248, -0.00418671499938, 0.0108459470794, -0.00573171675205], [0.000269275158644, -0.000965242856182, 0.000802977185231, -0.000408932217397, 0.00147207523696, 0.000318010192132, 0.00136689841747, -0.000631044851616, 0.00112158199772, -0.000952126109041, 0.000832085032016, -0.00573171675205, 0.0113222347572]], "cov": [[4887.74462891, 178.49307251, 765.994018555, 808.884338379, 478.607635498, 636.13494873, 66.2112579346, 129.435134888, -58.8489875793, -246.169509888, -343.000091553, -547.129272461, -473.651153564], [178.49307251, 1490.18566895, 623.389770508, 459.27444458, 470.022033691, 134.926513672, 146.973251343, -122.505180359, -92.3665313721, -226.99256897, -163.524230957, -232.020019531, -109.676559448], [765.994018555, 623.389770508, 1367.33703613, 700.304138184, 160.201293945, 239.99041748, 40.7373695374, 99.7731933594, -44.1731910706, -238.963104248, -307.410430908, -347.248046875, -232.594482422], [808.884338379, 459.27444458, 700.304138184, 788.705505371, 322.235717773, 245.713272095, 71.2722473145, 75.0128173828, -8.65649700165, -187.946762085, -197.822662354, -295.881774902, -204.679336548], [478.607635498, 470.022033691, 160.201293945, 322.235717773, 544.849060059, 247.880844116, 165.886703491, -43.8957023621, -64.9861221313, -53.8362083435, -66.732711792, -126.024780273, -128.294250488], [636.13494873, 134.926513672, 239.99041748, 245.713272095, 247.880844116, 385.893981934, 146.301773071, 29.877532959, -5.39851808548, -33.2863235474, -56.1537322998, -140.91078186, -140.308181763], [66.2112579346, 146.973251343, 40.7373695374, 71.2722473145, 165.886703491, 146.301773071, 254.803237915, 51.6146583557, -6.76795387268, -7.74954652786, -7.29329156876, -26.0194454193, -55.5391349792], [129.435134888, -122.505180359, 99.7731933594, 75.0128173828, -43.8957023621, 29.877532959, 51.6146583557, 246.666641235, 101.370193481, -5.5468621254, -42.1269683838, -44.8907661438, -35.6416778564], [-58.8489875793, -92.3665313721, -44.1731910706, -8.65649700165, -64.9861221313, -5.39851808548, -6.76795387268, 101.370193481, 192.142379761, 60.6626625061, 1.94845914841, -11.579873085, -8.52452659607], [-246.169509888, -226.99256897, -238.963104248, -187.946762085, -53.8362083435, -33.2863235474, -7.74954652786, -5.5468621254, 60.6626625061, 209.61895752, 111.797843933, 96.144241333, 57.2969436646], [-343.000091553, -163.524230957, -307.410430908, -197.822662354, -66.732711792, -56.1537322998, -7.29329156876, -42.1269683838, 1.94845914841, 111.797843933, 211.973968506, 156.95274353, 90.7449035645], [-547.129272461, -232.020019531, -347.248046875, -295.881774902, -126.024780273, -140.91078186, -26.0194454193, -44.8907661438, -11.579873085, 96.144241333, 156.95274353, 297.422088623, 176.418045044], [-473.651153564, -109.676559448, -232.594482422, -204.679336548, -128.294250488, -140.308181763, -55.5391349792, -35.6416778564, -8.52452659607, 57.2969436646, 90.7449035645, 176.418045044, 212.982223511]]}, "spectral_energyband_middle_low": {"dmean2": 0.0123342545703, "median": 0.00439868262038, "min": 4.35425790783e-05, "dvar2": 0.00182657327969, "dvar": 0.000739674258512, "dmean": 0.00801421981305, "max": 0.528237640858, "var": 0.000748195685446, "mean": 0.0115859545767}, "melbands_crest": {"dmean2": 5.32709312439, "median": 14.740064621, "min": 3.99468922615, "dvar2": 25.6118564606, "dvar": 11.6075325012, "dmean": 3.51820731163, "max": 34.2630805969, "var": 39.0535774231, "mean": 16.0285758972}, "spectral_kurtosis": {"dmean2": 4.74377441406, "median": 7.12058734894, "min": -0.553212463856, "dvar2": 22.1536655426, "dvar": 8.29111480713, "dmean": 2.84564375877, "max": 50.3220596313, "var": 17.877325058, "mean": 7.83564567566}, "spectral_rms": {"dmean2": 0.00119159452152, "median": 0.0032241770532, "min": 0.000286413851427, "dvar2": 4.99577572555e-06, "dvar": 2.28681597036e-06, "dmean": 0.00085954304086, "max": 0.0228864811361, "var": 5.6220260376e-06, "mean": 0.00374469533563}, "zerocrossingrate": {"dmean2": 0.00980614870787, "median": 0.048828125, "min": 0.00634765625, "dvar2": 0.000160358846188, "dvar": 0.000113431080536, "dmean": 0.0082379700616, "max": 0.27197265625, "var": 0.000449119048426, "mean": 0.0511611662805}, "silence_rate_60dB": {"dmean2": 0.107461288571, "median": 0, "min": 0, "dvar2": 0.107997007668, "dvar": 0.050862647593, "dmean": 0.0537605583668, "max": 1, "var": 0.135492041707, "mean": 0.161605998874}, "erbbands_kurtosis": {"dmean2": 2.58300209045, "median": 1.59784936905, "min": -1.85576450825, "dvar2": 12.8654356003, "dvar": 5.63500642776, "dmean": 1.69501936436, "max": 41.3666381836, "var": 15.8846130371, "mean": 2.65736341476}, "erbbands": {"dmean2": [0.000930377980694, 0.047592241317, 1.37508630753, 11.052324295, 18.3499794006, 8.32384586334, 8.4644947052, 9.51709842682, 16.1451129913, 28.4056282043, 21.9667930603, 35.524520874, 38.0744247437, 29.8800411224, 37.0935821533, 50.7068824768, 34.2583465576, 24.4690284729, 22.4392414093, 13.1806879044, 10.1605415344, 5.86184215546, 6.0851111412, 3.46655797958, 11.2824878693, 3.01547145844, 2.1416721344, 1.7532787323, 2.8027112484, 3.3945813179, 1.36771714687, 2.37262797356, 0.992483079433, 0.541637659073, 0.164539277554, 0.0426508150995, 0.0168809778988, 0.00406856276095, 0.00065369810909, 4.83784278913e-05], "median": [6.3899642555e-05, 0.0013087047264, 0.0186281017959, 0.186021253467, 0.190259680152, 0.801935434341, 3.05362319946, 3.09769868851, 6.93210363388, 3.33868646622, 8.64038944244, 14.0684938431, 12.7754802704, 9.41566467285, 8.41985988617, 12.0356092453, 7.24107885361, 8.31087398529, 7.74644041061, 4.61050415039, 3.5983979702, 2.44670629501, 2.28314566612, 1.83108210564, 1.96271216869, 1.04269087315, 0.828158199787, 0.498835116625, 0.490493535995, 0.338115125895, 0.132357895374, 0.0784483999014, 0.036456938833, 0.0226701870561, 0.0127597013488, 0.00398825295269, 0.00149040890392, 0.000502370647155, 6.46823827992e-05, 1.77562342287e-05], "min": [2.73271439255e-07, 5.2697856745e-07, 3.3611447634e-06, 9.06242530618e-06, 2.87225739157e-05, 0.000135350361234, 6.39785648673e-05, 0.000278921070276, 0.00268892152235, 0.003094188869, 0.021268280223, 0.0245631467551, 0.00729135330766, 0.0132893305272, 0.00664997845888, 0.00566591136158, 0.0356047749519, 0.0143507216126, 0.013438442722, 0.00608285795897, 0.0105843897909, 0.019932879135, 0.00655095046386, 0.00606774864718, 0.00906702689826, 0.00368148926646, 0.00161431299057, 0.0023386713583, 0.00244859303348, 0.00089931715047, 0.000416900787968, 0.000166068886756, 8.42227673274e-05, 6.26385954092e-05, 4.2114770622e-05, 1.95507709577e-05, 3.52699362338e-06, 5.76095771976e-07, 3.38027973612e-07, 1.87119184147e-07], "dvar2": [1.4351910977e-05, 0.0559356287122, 79.8222427368, 2279.76977539, 12771.0732422, 1362.78686523, 712.461914063, 1854.86694336, 1513.21496582, 23651.5332031, 5553.89208984, 12044.2304688, 10873.5957031, 7612.65869141, 11725.6152344, 18841.4609375, 14240.1875, 6967.19335938, 3644.55029297, 2586.92822266, 658.802124023, 403.194122314, 230.761734009, 61.2987442017, 2516.09448242, 144.986740112, 35.4986495972, 50.8410263062, 64.1296386719, 187.534988403, 29.5288524628, 105.363601685, 9.08354568481, 4.26924657822, 0.401206016541, 0.0194826982915, 0.00346466200426, 0.000221317910473, 5.31178147867e-06, 2.03160830381e-08], "dvar": [6.12232861386e-06, 0.0255497116596, 32.4159164429, 874.744995117, 5062.42431641, 516.00970459, 256.630859375, 642.658508301, 550.096435547, 9475.38476563, 2151.90698242, 4978.81933594, 4507.19384766, 3190.83813477, 6409.10302734, 10792.2255859, 8782.21386719, 5163.02392578, 2585.36865234, 1161.26135254, 281.518890381, 191.9453125, 92.4790802002, 25.2093486786, 983.446899414, 54.5026702881, 14.6609859467, 19.0392799377, 24.3210754395, 74.198348999, 11.3650751114, 40.3373947144, 3.30571675301, 1.57582390308, 0.151510477066, 0.00743078673258, 0.00123211729806, 8.446162974e-05, 2.08627193388e-06, 7.58709806092e-09], "dmean": [0.000600631639827, 0.0311772748828, 0.887211978436, 7.33946990967, 11.5157680511, 4.88867235184, 5.12527036667, 5.52871513367, 9.91213321686, 17.149515152, 15.2848930359, 24.3243160248, 24.0004119873, 19.4103870392, 26.1276683807, 37.0085983276, 25.889749527, 18.644197464, 16.846075058, 9.18735980988, 6.74591398239, 3.97834539413, 3.87335562706, 2.23800110817, 6.96362352371, 1.87369394302, 1.36848223209, 1.11041462421, 1.68701136112, 2.07761144638, 0.837840199471, 1.43805778027, 0.566650032997, 0.316160172224, 0.0982391834259, 0.0257600620389, 0.00969525054097, 0.00247066398151, 0.000392301531974, 2.97082315228e-05], "max": [0.0443618632853, 2.61787295341, 131.428756714, 719.420715332, 1611.25097656, 584.589660645, 323.23928833, 675.723449707, 472.708068848, 4046.22705078, 2287.19165039, 2503.88134766, 1923.62268066, 1960.3737793, 2770.34301758, 3190.14501953, 4074.61352539, 4445.27148438, 2224.80371094, 2052.64697266, 401.140899658, 854.692810059, 331.992279053, 152.963592529, 1035.69396973, 316.798858643, 93.3159255981, 251.926223755, 116.31414032, 240.927429199, 146.540527344, 280.7059021, 32.4741706848, 43.8464584351, 11.8545923233, 2.2620139122, 1.20554566383, 0.27901288867, 0.0364692136645, 0.00199121772312], "var": [8.78229548107e-06, 0.0354592315853, 27.7790107727, 845.724914551, 4331.83203125, 379.834442139, 209.51121521, 393.681854248, 566.93762207, 7767.76367188, 2713.26904297, 6952.36376953, 7062.02783203, 4682.98486328, 20856.53125, 45602.1796875, 38735.3867188, 37307.8085938, 18514.3613281, 1993.25061035, 534.999938965, 472.468658447, 237.866592407, 68.5021514893, 795.392883301, 44.9313812256, 16.7265300751, 15.9757766724, 20.0075454712, 62.792591095, 8.96786499023, 31.136844635, 2.21453094482, 1.09880411625, 0.113004893064, 0.00585735868663, 0.000791130412836, 6.54624163872e-05, 1.72858563019e-06, 6.22182705357e-09], "mean": [0.00107794755604, 0.0480870343745, 0.912654042244, 8.82980060577, 11.4192428589, 4.33744955063, 7.2369761467, 6.86215686798, 14.9947786331, 17.8528022766, 26.4130001068, 39.9559745789, 38.3666191101, 28.8132801056, 50.4371833801, 83.6671447754, 59.9827919006, 51.1303215027, 44.146812439, 16.7601928711, 11.7217798233, 8.1015291214, 7.31775951385, 4.98181200027, 7.78261756897, 2.68419408798, 2.04039907455, 1.48881947994, 1.79784405231, 2.0621445179, 0.790021300316, 1.23163223267, 0.434262782335, 0.261458694935, 0.0871688351035, 0.0240766014904, 0.00829278957099, 0.00238387961872, 0.000362146471161, 3.94879425585e-05]}, "spectral_strongpeak": {"dmean2": 1.22079372406, "median": 1.15403842926, "min": 0.00408086786047, "dvar2": 2.82215070724, "dvar": 1.20934593678, "dmean": 0.761386096478, "max": 17.3847007751, "var": 4.42026662827, "mean": 1.95882117748}, "spectral_energy": {"dmean2": 0.0156494285911, "median": 0.0106552001089, "min": 8.40837165015e-05, "dvar2": 0.00230570696294, "dvar": 0.000947853608523, "dmean": 0.0104673067108, "max": 0.536885797977, "var": 0.00110870238859, "mean": 0.0201358478516}, "average_loudness": 0.631093680859, "spectral_rolloff": {"dmean2": 554.206848145, "median": 1162.79296875, "min": 129.19921875, "dvar2": 1407196.75, "dvar": 572159.0625, "dmean": 323.890472412, "max": 10034.4726563, "var": 694317.6875, "mean": 1291.07202148}, "spectral_centroid": {"dmean2": 289.414733887, "median": 1049.15283203, "min": 168.295318604, "dvar2": 153790.71875, "dvar": 69250.7421875, "dmean": 197.307662964, "max": 4068.41259766, "var": 205924.546875, "mean": 1097.0612793}, "pitch_salience": {"dmean2": 0.116159021854, "median": 0.489097714424, "min": 0.0646273195744, "dvar2": 0.0133974729106, "dvar": 0.00558268651366, "dmean": 0.0751522630453, "max": 0.910503566265, "var": 0.0159938894212, "mean": 0.495262444019}, "spectral_energyband_middle_high": {"dmean2": 0.00320762163028, "median": 0.00304220733233, "min": 6.61746526021e-06, "dvar2": 3.65591367881e-05, "dvar": 1.8826140149e-05, "dmean": 0.0022845431231, "max": 0.109535627067, "var": 0.000117103467346, "mean": 0.00725281937048}, "spectral_contrast_coeffs": {"dmean2": [0.0810398235917, 0.083927243948, 0.082790799439, 0.0666938200593, 0.046899266541, 0.0312219820917], "median": [-0.515338718891, -0.638144314289, -0.657392442226, -0.700187981129, -0.738114595413, -0.736043930054], "min": [-0.908143460751, -0.921904981136, -0.925096333027, -0.928918302059, -0.885286450386, -0.961960613728], "dvar2": [0.00619996897876, 0.00552526349202, 0.00533757219091, 0.00337308761664, 0.00166035909206, 0.000798390479758], "dvar": [0.00269774137996, 0.00233469344676, 0.0023209261708, 0.00149190658703, 0.000682999438141, 0.000339443970006], "dmean": [0.0530362352729, 0.0536182560027, 0.0537123903632, 0.0433832593262, 0.029681596905, 0.020229395479], "max": [-0.16670499742, -0.334085911512, -0.34970241785, -0.383485078812, -0.543464303017, -0.584944903851], "var": [0.016929782927, 0.00663604214787, 0.00906887464225, 0.00762551510707, 0.00254954653792, 0.00138127827086], "mean": [-0.530580699444, -0.639300704002, -0.655989408493, -0.692566871643, -0.738035678864, -0.734858393669]}, "melbands_skewness": {"dmean2": 0.981902182102, "median": 1.33060097694, "min": -2.95132136345, "dvar2": 1.46880245209, "dvar": 0.695665359497, "dmean": 0.687900900841, "max": 13.9516019821, "var": 2.80142617226, "mean": 1.53748226166}, "spectral_spread": {"dmean2": 807855.125, "median": 3264552.25, "min": 965758.625, "dvar2": 1064762343420.0, "dvar": 483524050944, "dmean": 528650, "max": 26646714, "var": 1074040209410.0, "mean": 3495904.25}, "dissonance": {"dmean2": 0.0605252087116, "median": 0.428057730198, "min": 0.185205191374, "dvar2": 0.00273328577168, "dvar": 0.00102348357905, "dmean": 0.0361287929118, "max": 0.499999910593, "var": 0.00212892098352, "mean": 0.420820862055}, "spectral_skewness": {"dmean2": 0.504413306713, "median": 2.01311397552, "min": 0.143758997321, "dvar2": 0.215763524175, "dvar": 0.0864612385631, "dmean": 0.31430631876, "max": 5.55759239197, "var": 0.261740475893, "mean": 2.04540681839}, "spectral_flux": {"dmean2": 0.0489786975086, "median": 0.0494138412178, "min": 0.00316702853888, "dvar2": 0.0051756799221, "dvar": 0.00230144686066, "dmean": 0.0316398516297, "max": 0.6772788167, "var": 0.00424367934465, "mean": 0.0687477588654}, "spectral_contrast_valleys": {"dmean2": [0.844228684902, 0.786172270775, 0.830181896687, 0.736282765865, 0.585872411728, 0.566699743271], "median": [-10.2780284882, -7.66236877441, -8.17235374451, -8.7461233139, -8.85376739502, -11.5457468033], "min": [-13.7166833878, -11.3326940536, -11.4568090439, -12.1378974915, -11.4636964798, -14.1361608505], "dvar2": [0.58524864912, 0.562520802021, 0.666741132736, 0.503826081753, 0.333716869354, 0.414379775524], "dvar": [0.275388658047, 0.266277253628, 0.304628491402, 0.228137090802, 0.148668184876, 0.183837935328], "dmean": [0.534773826599, 0.52802491188, 0.555021882057, 0.49184346199, 0.396770268679, 0.386791825294], "max": [-6.04774427414, -3.72037768364, -4.50394296646, -5.59808921814, -5.8130736351, -8.78669071198], "var": [2.20637917519, 1.17055737972, 0.975314855576, 0.811483681202, 0.595741868019, 0.591743171215], "mean": [-10.0454769135, -7.66491556168, -8.1334810257, -8.71107292175, -8.82475566864, -11.4968223572]}, "erbbands_flatness_db": {"dmean2": 0.0314122065902, "median": 0.235733956099, "min": 0.0817484110594, "dvar2": 0.00