{"rhythm": {"bpm": 165.603134155, "bpm_histogram_second_peak_weight": {"mean": 0.168674692512, "min": 0.168674692512, "max": 0.168674692512, "dmean2": 0, "dvar": 0, "dmean": 0, "median": 0.168674692512, "dvar2": 0, "var": 0}, "bpm_histogram_first_peak_weight": {"mean": 0.62650603056, "min": 0.62650603056, "max": 0.62650603056, "dmean2": 0, "dvar": 0, "dmean": 0, "median": 0.62650603056, "dvar2": 0, "var": 0}, "danceability": 1.2223149538, "beats_loudness": {"mean": 0.071612238884, "min": 1.5133278311e-11, "max": 0.243668526411, "dmean2": 0.107649303973, "dvar": 0.00352463894524, "dmean": 0.0631692707539, "median": 0.0421381667256, "dvar2": 0.00832006521523, "var": 0.00439044693485}, "onset_rate": 4.65012168884, "bpm_histogram_second_peak_spread": {"mean": 0.25, "min": 0.25, "max": 0.25, "dmean2": 0, "dvar": 0, "dmean": 0, "median": 0.25, "dvar2": 0, "var": 0}, "bpm_histogram_first_peak_spread": {"mean": 0, "min": 0, "max": 0, "dmean2": 0, "dvar": 0, "dmean": 0, "median": 0, "dvar2": 0, "var": 0}, "beats_position": [0.568888902664, 1.14938771725, 1.72988653183, 2.31038546562, 2.89088439941, 3.43655323982, 3.98222208023, 4.49306106567, 5.00390005112, 5.51473903656, 6.025578022, 6.54802703857, 7.07047605515, 7.51165533066, 7.95283412933, 8.38240337372, 8.83519268036, 9.22993183136, 9.62467098236, 10.0194101334, 10.4025392532, 10.774058342, 11.1455783844, 11.5170974731, 11.9118366241, 12.3065757751, 12.689704895, 13.0728340149, 13.4559631348, 13.8390922546, 14.2222223282, 14.6169614792, 14.9768705368, 15.3483896255, 15.7082986832, 16.0798187256, 16.4397277832, 16.7996368408, 17.1479358673, 17.4962348938, 17.8677539825, 18.2508831024, 18.6224040985, 19.0055332184, 19.3770523071, 19.7369613647, 20.1084804535, 20.4799995422, 20.851518631, 21.1998176575, 21.5713367462, 21.942855835, 22.3259868622, 22.7091159821, 23.0922451019, 23.4753742218, 23.8468933105, 24.2184123993, 24.589931488, 24.9614505768, 25.3329696655, 25.6928787231, 26.0527877808, 26.4243087769, 26.7726078033, 27.1441268921, 27.4924259186, 27.8523349762, 28.2122440338, 28.5721530914, 28.932062149, 29.291973114, 29.6518821716, 30.0117912292, 30.3717002869, 30.7316093445, 31.0915184021, 31.4630374908, 31.8229465485, 32.1828575134, 32.542766571, 32.9026756287, 33.2509727478, 33.6224937439, 33.99401474, 34.3423118591, 34.7022209167, 35.0621299744, 35.422039032, 35.7819480896, 36.1418571472, 36.5017662048, 36.8616790771, 37.2215881348, 37.5698852539, 37.94140625, 38.3013153076, 38.6612243652, 39.0211334229, 39.3810424805, 39.7409515381, 40.1008605957, 40.4607696533, 40.8206787109, 41.1805877686, 41.5404968262, 41.9004058838, 42.2603149414, 42.6202278137, 42.9801368713, 43.3284339905, 43.6883430481, 44.0482521057, 44.4197731018, 44.7796821594, 45.139591217, 45.5111083984, 45.8594093323, 46.2193183899, 46.5792274475, 46.9391365051, 47.2990455627, 47.6705665588, 48.0304756165, 48.3903846741, 48.7386856079, 49.0985946655, 49.4585037231, 49.8184127808, 50.1783218384, 50.538230896, 50.8981399536, 51.2580490112, 51.6179580688, 51.9778671265, 52.3377761841, 52.6976852417, 53.0575942993, 53.4175033569, 53.7774124146, 54.1373214722, 54.4972343445, 54.8571434021, 55.2170524597, 55.5769615173, 55.936870575, 56.2967796326, 56.6566886902, 57.0282058716, 57.3765068054, 57.736415863, 58.0963249207, 58.4678459167, 58.8277549744, 59.187664032, 59.5591812134, 59.9074821472, 60.2673912048, 60.6273002625, 60.9872093201, 61.3471183777, 61.7070274353, 62.0669364929, 62.4152374268, 62.7751464844, 63.135055542, 63.4949645996, 63.8548736572, 64.2263946533, 64.5863037109, 64.9462127686, 65.3061218262, 65.6660308838, 66.0259399414, 66.385848999, 66.7457580566, 67.1056671143, 67.4655761719, 67.8254852295, 68.1853942871, 68.5453033447, 68.9052124023, 69.26512146, 69.6250305176, 69.9849395752, 70.3448486328, 70.7047576904, 71.0762786865, 71.4361877441, 71.7960968018, 72.1444015503, 72.515914917, 72.8758239746, 73.2357330322, 73.5956420898, 73.9555511475, 74.3154602051, 74.6753692627, 75.0236740112, 75.3835830688, 75.7434921265, 76.1150131226, 76.4633102417, 76.8232192993, 77.1831283569, 77.554649353, 77.9145584106, 78.2744674683, 78.6343765259, 78.9942855835, 79.3541946411, 79.7141036987, 80.0856246948, 80.433921814, 80.7938308716, 81.1537399292, 81.5136489868, 81.8735580444, 82.2334671021, 82.5933761597, 82.9532852173, 83.3131942749, 83.661491394, 84.0214080811, 84.3813171387, 84.7528305054, 85.112739563, 85.4726486206, 85.8325576782, 86.1924667358, 86.5523757935, 86.9122848511, 87.2722015381, 87.6321105957, 87.9920196533, 88.3519287109, 88.7118377686, 89.0717468262, 89.4316558838, 89.7915649414, 90.151473999, 90.5113830566, 90.8712921143, 91.2312011719, 91.602722168, 91.9510192871, 92.3341445923, 92.7172775269, 93.1120147705, 93.5183639526, 93.9247131348, 94.2962341309, 94.667755127, 95.039276123, 95.4107894897, 95.7706985474, 96.130607605, 96.5021286011, 96.8620376587, 97.2567749023, 97.6399078369, 98.0230331421, 98.4061660767, 98.7776870728, 99.1492080688, 99.5207214355, 99.8806304932, 100.252151489, 100.612060547, 100.960357666, 101.320266724, 101.680175781, 102.051696777, 102.411605835, 102.771514893, 103.143035889, 103.514556885, 103.862854004, 104.222763062, 104.582672119, 104.930976868, 105.290885925, 105.650794983, 106.02230835, 106.370613098, 106.730522156, 107.090431213, 107.450340271, 107.810249329, 108.170158386, 108.530067444, 108.889976501, 109.249885559, 109.621406555, 109.981315613, 110.34122467, 110.701133728, 111.061042786, 111.432563782, 111.792472839, 112.152381897, 112.500679016, 112.872200012, 113.23210907, 113.592018127, 113.940315247, 114.300224304, 114.6717453, 115.031654358, 115.379951477, 115.739860535, 116.099769592, 116.471290588, 116.831199646, 117.191108704, 117.551017761, 117.910926819, 118.259223938, 118.619132996, 118.979042053, 119.350563049, 119.710472107, 120.070381165, 120.430290222, 120.79019928, 121.150108337, 121.510017395, 121.869926453, 122.22983551, 122.589744568, 122.949661255, 123.309570312, 123.66947937, 124.017776489, 124.377685547, 124.737594604, 125.109115601, 125.480628967, 125.828933716, 126.188842773, 126.548751831, 126.908660889, 127.268569946, 127.628479004, 127.988388062, 128.348297119, 128.708206177, 129.068115234, 129.428024292, 129.78793335, 130.147842407, 130.507751465, 130.867660522, 131.22756958, 131.587478638, 131.958999634, 132.307296753, 132.667205811, 133.027114868, 133.387023926, 133.746932983, 134.106842041, 134.466751099, 134.826660156, 135.186569214, 135.546478271, 135.906387329, 136.254684448, 136.626205444, 136.986114502, 137.34602356, 137.705932617, 138.065841675, 138.425750732, 138.78565979, 139.145568848, 139.505477905, 139.865386963, 140.225296021, 140.585220337, 140.945129395, 141.305038452, 141.66494751, 142.024856567, 142.384765625, 142.756271362, 143.11618042, 143.476104736, 143.836013794, 144.195922852, 144.555831909, 144.915740967, 145.264038086, 145.635559082, 145.99546814, 146.366973877, 146.726898193, 147.086807251, 147.458312988, 147.806625366, 148.166534424, 148.526443481, 148.886352539, 149.257858276, 149.606170654, 149.954467773, 150.314376831, 150.674285889, 151.034194946, 151.405715942, 151.777236938, 152.137145996, 152.497055054, 152.856964111, 153.216873169, 153.576782227, 153.936691284, 154.296600342, 154.656509399, 155.016418457, 155.376327515, 155.736236572, 156.09614563, 156.456054688, 156.815963745, 157.175872803, 157.53578186, 157.895690918, 158.267211914, 158.615509033, 158.975418091, 159.335327148, 159.706848145, 160.066757202, 160.42666626, 160.786575317, 161.146484375, 161.494781494, 161.86630249, 162.226211548, 162.586120605, 162.934417725, 163.294326782, 163.65423584, 164.025756836, 164.374053955, 164.733963013, 165.09387207, 165.465393066, 165.825302124, 166.185211182, 166.545120239, 166.905029297, 167.253326416, 167.613235474, 167.973144531, 168.344665527, 168.704574585, 169.064483643, 169.4243927, 169.784301758, 170.132598877, 170.492507935, 170.852416992, 171.223937988, 171.583847046, 171.943756104, 172.303665161, 172.663574219, 173.023483276, 173.383392334, 173.75491333, 174.126434326, 174.532791138, 174.93913269, 175.35710144, 175.740219116, 176.111740112, 176.483261108, 176.843170166, 177.191467285, 177.562988281, 177.946121216, 178.32925415, 178.723983765, 179.118728638, 179.490249634, 179.86177063, 180.233291626, 180.593200684, 180.964706421, 181.347839355, 181.73097229, 182.114105225, 182.4972229, 182.880355835, 183.26348877, 183.646621704, 184.029754639], "bpm_histogram_first_peak_bpm": {"mean": 167, "min": 167, "max": 167, "dmean2": 0, "dvar": 0, "dmean": 0, "median": 167, "dvar2": 0, "var": 0}, "beats_count": 499, "beats_loudness_band_ratio": {"mean": [0.57301735878, 0.0581694804132, 0.0483145676553, 0.0292122494429, 0.0583944246173, 0.231783047318], "min": [0, 0, 0, 0, 0, 0], "max": [0.998721182346, 0.878432154655, 0.853878676891, 0.647056341171, 0.860611736774, 0.970822453499], "dmean2": [0.577717900276, 0.123228281736, 0.126057222486, 0.0753638148308, 0.0977923721075, 0.422554850578], "dvar": [0.103880494833, 0.0104548167437, 0.0135061787441, 0.0072247935459, 0.00947496574372, 0.0649517849088], "dmean": [0.330543518066, 0.0711276605725, 0.0675312429667, 0.0408381000161, 0.0556437298656, 0.244444951415], "median": [0.737821340561, 0.0274012759328, 0.0116616748273, 0.00435520289466, 0.0197232626379, 0.0864816009998], "dvar2": [0.151131823659, 0.0320607498288, 0.0394554547966, 0.0222333762795, 0.0267177727073, 0.109832517803], "var": [0.149808704853, 0.00828314851969, 0.0100881988183, 0.0053319754079, 0.0169286821038, 0.0774831622839]}, "bpm_histogram_second_peak_bpm": {"mean": 161, "min": 161, "max": 161, "dmean2": 0, "dvar": 0, "dmean": 0, "median": 161, "dvar2": 0, "var": 0}}, "tonal": {"chords_number_rate": 0.00301583320834, "tuning_diatonic_strength": 0.546550989151, "chords_changes_rate": 0.0726313143969, "thpcp": [1, 0.797245144844, 0.47510650754, 0.404235601425, 0.425567537546, 0.511664330959, 0.600427985191, 0.611445069313, 0.605787813663, 0.585356116295, 0.514534056187, 0.472572594881, 0.456062048674, 0.47256809473, 0.650815427303, 0.836100280285, 0.701762318611, 0.494984507561, 0.460605740547, 0.464298605919, 0.445614933968, 0.40993642807, 0.387777596712, 0.525049269199, 0.712136209011, 0.653078079224, 0.424209117889, 0.297758311033, 0.300759196281, 0.326356738806, 0.42471832037, 0.466585338116, 0.42044198513, 0.421856462955, 0.480641841888, 0.73588091135], "hpcp": {"mean": [0.089786529541, 0.0945246592164, 0.113647989929, 0.133363679051, 0.135810732841, 0.134554162621, 0.130015999079, 0.114285402, 0.104965157807, 0.101297929883, 0.104964159429, 0.144555449486, 0.185709878802, 0.155871480703, 0.109943166375, 0.102307148278, 0.103127382696, 0.0989774763584, 0.091052763164, 0.0861309692264, 0.116620980203, 0.158175677061, 0.145058020949, 0.094222933054, 0.0661363974214, 0.0668029338121, 0.0724885165691, 0.0943360328674, 0.103635303676, 0.0933862030506, 0.0937003791332, 0.106757454574, 0.163449719548, 0.222114354372, 0.177079588175, 0.105527974665], "min": [0, 0, 0, 0, 0, 0, 0, 0, 0, 0, 0, 0, 0, 0, 0, 0, 0, 0, 0, 0, 0, 0, 0, 0, 0, 0, 0, 0, 0, 0, 0, 0, 0, 0, 0, 0], "max": [1, 1, 1, 1, 1, 1, 1, 1, 1, 1, 1, 1, 1, 1, 1, 1, 1, 1, 1, 1, 1, 1, 1, 1, 1, 1, 1, 1, 1, 1, 1, 1, 1, 1, 1, 1], "dmean2": [0.197685986757, 0.208496972919, 0.233036771417, 0.23685669899, 0.237736955285, 0.26782476902, 0.26905298233, 0.252167314291, 0.239748343825, 0.232619658113, 0.236690863967, 0.281176954508, 0.292840272188, 0.277312427759, 0.246568053961, 0.235297217965, 0.238520085812, 0.232847064734, 0.211944922805, 0.197328642011, 0.240784615278, 0.281056016684, 0.279276072979, 0.21702490747, 0.170579314232, 0.178131818771, 0.172827661037, 0.172199651599, 0.186438247561, 0.195448726416, 0.197530090809, 0.20695695281, 0.251475006342, 0.270141720772, 0.253415703773, 0.205704793334], "dvar": [0.0382347218692, 0.0416470989585, 0.0475099794567, 0.0519381687045, 0.0477471537888, 0.0600250475109, 0.0557231120765, 0.0534820519388, 0.0509289354086, 0.0492635853589, 0.0506914556026, 0.0585272759199, 0.06826236099, 0.0621714107692, 0.0526369959116, 0.0543906278908, 0.0553313530982, 0.0524919144809, 0.0498990081251, 0.0449118316174, 0.0555231869221, 0.068757943809, 0.0655344873667, 0.0475016124547, 0.0427249148488, 0.0459888204932, 0.0417184531689, 0.0403088629246, 0.0436915978789, 0.0444727540016, 0.043464820832, 0.0453702956438, 0.0489279404283, 0.0559790059924, 0.0471881181002, 0.0402143485844], "dmean": [0.109593741596, 0.115595631301, 0.129700243473, 0.13397295773, 0.134044423699, 0.150299012661, 0.148786470294, 0.13983733952, 0.132693573833, 0.128548264503, 0.131492480636, 0.157379418612, 0.167651534081, 0.158001676202, 0.13722576201, 0.131922721863, 0.132318481803, 0.128678232431, 0.117296010256, 0.109853684902, 0.134458661079, 0.157857254148, 0.158943608403, 0.118921741843, 0.0925711020827, 0.0967193767428, 0.0955072268844, 0.0973162427545, 0.104573734105, 0.110825896263, 0.110265955329, 0.115735054016, 0.14393363893, 0.157116875052, 0.147566482425, 0.116896301508], "median": [0.0148261357099, 0.0157396867871, 0.0200148001313, 0.0208811014891, 0.0214041415602, 0.0222170315683, 0.0223405528814, 0.0185404568911, 0.0178395882249, 0.0163970794529, 0.017261384055, 0.0272107310593, 0.0307005494833, 0.0241590496153, 0.0191125627607, 0.0151331052184, 0.0128710502759, 0.0126952799037, 0.0110877174884, 0.00848548393697, 0.0114866644144, 0.017341569066, 0.0155339455232, 0.00903889350593, 0.00558465858921, 0.00513508077711, 0.00696003995836, 0.00711588747799, 0.00795551296324, 0.00892508402467, 0.0094188619405, 0.0133749609813, 0.0424597747624, 0.0601421259344, 0.0521887205541, 0.0216309223324], "dvar2": [0.104673072696, 0.116340130568, 0.12863753736, 0.135557517409, 0.129345118999, 0.162028387189, 0.151301577687, 0.146786853671, 0.139089524746, 0.133093684912, 0.1412974298, 0.156136929989, 0.161491602659, 0.156687557697, 0.144132420421, 0.149568468332, 0.15007840097, 0.143424317241, 0.136159211397, 0.122061610222, 0.150348484516, 0.168321996927, 0.171358346939, 0.130632281303, 0.117163769901, 0.130498200655, 0.1171990484, 0.104672849178, 0.113600730896, 0.118455417454, 0.117670029402, 0.120434224606, 0.12810574472, 0.131339773536, 0.117761030793, 0.105812430382], "var": [0.0322404690087, 0.035225905478, 0.044928714633, 0.0620367005467, 0.0594822503626, 0.0586453936994, 0.0534425005317, 0.0464687719941, 0.0413533188403, 0.0398467294872, 0.0419045798481, 0.0572999641299, 0.0923026055098, 0.0721138343215, 0.0429832525551, 0.043517164886, 0.0452923700213, 0.0427505373955, 0.0406798571348, 0.0380540154874, 0.0543721020222, 0.0810742229223, 0.0699292570353, 0.0399936027825, 0.0312388390303, 0.0320072993636, 0.0323280617595, 0.0481529161334, 0.0540936402977, 0.0417887084186, 0.0407385602593, 0.0470864474773, 0.060740083456, 0.103133074939, 0.0664940327406, 0.0382520966232]}, "tuning_frequency": 449.764648438, "chords_scale": "minor", "chords_histogram": [50.3895454407, 15.1545610428, 0.452374964952, 0, 0.276451379061, 2.91530537605, 1.63357627392, 3.26715254784, 1.13093745708, 2.96556925774, 0.452374964952, 2.86504149437, 3.89545106888, 1.6838401556, 0.52777081728, 0.653430521488, 0.804222166538, 0.904749929905, 0.452374964952, 4.57401371002, 0.301583319902, 0.628298580647, 0.477506905794, 3.59386777878], "hpcp_entropy": {"mean": 2.05862045288, "min": 0, "max": 4.51315975189, "dmean2": 1.23592615128, "dvar": 0.389234006405, "dmean": 0.741662323475, "median": 2.06065320969, "dvar2": 1.02345013618, "var": 0.825219452381}, "chords_key": "C#", "key_key": "C#", "key_scale": "minor", "tuning_nontempered_energy_ratio": 0.825802445412, "tuning_equal_tempered_deviation": 0.103972032666, "key_strength": 0.645422697067, "chords_strength": {"mean": 0.476893424988, "min": -1, "max": 0.808407783508, "dmean2": 0.0196910016239, "dvar": 0.00110469351057, "dmean": 0.0156083796173, "median": 0.514168381691, "dvar2": 0.00220749829896, "var": 0.071581274271}}, "metadata": {"audio_properties": {"md5_encoded": "ca4879fe4d50cab01de3ddb0f6f2f650", "downmix": "mix", "equal_loudness": 0, "bit_rate": 192000, "analysis_sample_rate": 44100, "length": 184.711837769, "lossless": false, "replay_gain": -13.3358345032, "sample_rate": 44100, "codec": "mp3"}, "version": {"essentia_git_sha": "v2.1_beta2", "essentia_build_sha": "70f2e5ece6736b2c40cc944ad0e695b16b925413", "extractor": "music 1.0", "essentia": "2.1-beta2"}, "tags": {"date": ["2002"], "album": ["Guess Who's Back"], "title": ["'Guess who's back  (Disk 1) - 01 - 50 Cent - killa tape intro'"], "musicbrainz_recordingid": ["18da8bfc-19bf-486e-acd6-d74ff4eb83c8"], "albumartist": ["50 Cent"], "artist": ["50 Cent"], "file_name": "328262.mp3", "tracknumber": ["4"]}}, "lowlevel": {"mfcc": {"mean": [-696.912963867, 53.7764434814, 24.9656581879, 42.8892593384, 20.4667701721, 7.09949111938, -1.13245129585, 4.07881355286, -2.50225114822, 17.6335544586, 0.440373510122, -4.04702138901, 1.48639392853], "cov": [[20284.6796875, 1084.97705078, 833.834472656, 697.81072998, 158.992477417, 209.582946777, -99.5781707764, 176.991714478, -211.718917847, 590.301940918, 120.774299622, 25.9494037628, 13.8227434158], [1084.97705078, 2296.63549805, -170.132446289, 258.607543945, 149.173980713, -198.689147949, 155.76348877, 204.606735229, -73.0101394653, 144.663070679, -16.6513671875, 82.3488464355, 94.2989120483], [833.834472656, -170.132446289, 1333.31079102, 590.150024414, 123.180458069, 380.848846436, 178.956359863, 82.1062927246, 117.353248596, 32.3361358643, 66.8633956909, 28.3957004547, -79.085319519], [697.81072998, 258.607543945, 590.150024414, 888.791564941, 404.754547119, 230.868728638, 69.348487854, 10.8500404358, 59.9826469421, 142.120315552, -11.4410772324, -41.4343223572, -10.0998353958], [158.992477417, 149.173980713, 123.180458069, 404.754547119, 529.703308105, 217.47857666, 32.2546768188, 0.494591683149, 59.8588218689, 158.624542236, 28.3835449219, -38.8506622314, -8.51731491089], [209.582946777, -198.689147949, 380.848846436, 230.868728638, 217.47857666, 491.85836792, 227.019134521, 67.367805481, 103.373825073, 58.7614135742, 81.5059127808, -5.81408786774, -90.8510665894], [-99.5781707764, 155.76348877, 178.956359863, 69.348487854, 32.2546768188, 227.019134521, 384.241973877, 152.147247314, 58.3534545898, 58.2906913757, 63.1465606689, 42.2417068481, -62.9429550171], [176.991714478, 204.606735229, 82.1062927246, 10.8500404358, 0.494591683149, 67.367805481, 152.147247314, 220.712051392, 70.0860061646, 36.3098945618, 36.9315452576, 48.3044433594, 25.2708816528], [-211.718917847, -73.0101394653, 117.353248596, 59.9826469421, 59.8588218689, 103.373825073, 58.3534545898, 70.0860061646, 166.197982788, 56.4580154419, 33.8984336853, 34.0556793213, 6.47821712494], [590.301940918, 144.663070679, 32.3361358643, 142.120315552, 158.624542236, 58.7614135742, 58.2906913757, 36.3098945618, 56.4580154419, 230.226242065, 79.1651611328, 12.1676130295, 4.68023252487], [120.774299622, -16.6513671875, 66.8633956909, -11.4410772324, 28.3835449219, 81.5059127808, 63.1465606689, 36.9315452576, 33.8984336853, 79.1651611328, 132.963531494, 49.726234436, -7.23445129395], [25.9494037628, 82.3488464355, 28.3957004547, -41.4343223572, -38.8506622314, -5.81408786774, 42.2417068481, 48.3044433594, 34.0556793213, 12.1676130295, 49.726234436, 143.501800537, 58.6687850952], [13.8227434158, 94.2989120483, -79.085319519, -10.0998353958, -8.51731491089, -90.8510665894, -62.9429550171, 25.2708816528, 6.47821712494, 4.68023252487, -7.23445129395, 58.6687850952, 158.678436279]], "icov": [[6.5535910835e-05, -2.38631255343e-05, -4.21702425228e-05, -8.86192810867e-06, 9.98294708552e-05, -0.000134685920784, 0.000171133200638, -0.000126745231682, 0.000235059313127, -0.000292862474453, 0.000111706976895, -6.02859690844e-05, 2.96277466987e-05], [-2.38631255343e-05, 0.000681098899804, 0.000146317761391, -0.000299802864902, -0.000260494183749, 0.00058567430824, -0.000396849063691, -0.000641462625936, 0.000504416879267, -0.00013585150009, 0.000180458693649, -0.000411828077631, 6.11523428233e-05], [-4.21702425228e-05, 0.000146317761391, 0.00162050698418, -0.00136549887247, 0.000768568541389, -0.000662543519866, 8.58288476593e-05, -0.000318641832564, -0.000408304738812, 0.000640059355646, -0.000657373282593, -0.000473036227049, 0.000526892777998], [-8.86192810867e-06, -0.000299802864902, -0.00136549887247, 0.00310926046222, -0.00173319992609, -3.30244620272e-05, -0.000174705564859, 0.00061210221611, 6.69886940159e-05, -0.000920472491998, 0.00152309797704, 0.000530770397745, -0.000684834667481], [9.98294708552e-05, -0.000260494183749, 0.000768568541389, -0.00173319992609, 0.00466758431867, -0.00246291607618, 0.00131198600866, 1.90868559002e-05, 8.27152980492e-05, -0.00220811064355, 0.000345692795236, 0.000421288277721, -0.000301619031234], [-0.000134685920784, 0.00058567430824, -0.000662543519866, -3.30244620272e-05, -0.00246291607618, 0.00601011514664, -0.00306893186644, 0.000437768438132, -0.0018531413516, 0.00216993130744, -0.00237642321736, 0.000834249600302, 0.000948033761233], [0.000171133200638, -0.000396849063691, 8.58288476593e-05, -0.000174705564859, 0.00131198600866, -0.00306893186644, 0.00635777879506, -0.00339903775603, 0.00142729864456, -0.00186590745579, 0.000798249617219, -0.00177167239599, 0.00231736875139], [-0.000126745231682, -0.000641462625936, -0.000318641832564, 0.00061210221611, 1.90868559002e-05, 0.000437768438132, -0.00339903775603, 0.00871557928622, -0.0033823044505, 0.00091407058062, -0.000928756024223, 0.000758500711527, -0.00242392253131], [0.000235059313127, 0.000504416879267, -0.000408304738812, 6.69886940159e-05, 8.27152980492e-05, -0.0018531413516, 0.00142729864456, -0.0033823044505, 0.0100808460265, -0.00324608734809, 0.00168190791737, -0.00232749525458, 0.000150196327013], [-0.000292862474453, -0.00013585150009, 0.000640059355646, -0.000920472491998, -0.00220811064355, 0.00216993130744, -0.00186590745579, 0.00091407058062, -0.00324608734809, 0.00973202008754, -0.00599524425343, 0.00167342205532, -0.000441770185716], [0.000111706976895, 0.000180458693649, -0.000657373282593, 0.00152309797704, 0.000345692795236, -0.00237642321736, 0.000798249617219, -0.000928756024223, 0.00168190791737, -0.00599524425343, 0.0141799263656, -0.00481953425333, 0.00131142803002], [-6.02859690844e-05, -0.000411828077631, -0.000473036227049, 0.000530770397745, 0.000421288277721, 0.000834249600302, -0.00177167239599, 0.000758500711527, -0.00232749525458, 0.00167342205532, -0.00481953425333, 0.0119468299672, -0.00486650550738], [2.96277466987e-05, 6.11523428233e-05, 0.000526892777998, -0.000684834667481, -0.000301619031234, 0.000948033761233, 0.00231736875139, -0.00242392253131, 0.000150196327013, -0.000441770185716, 0.00131142803002, -0.00486650550738, 0.0101800113916]]}, "barkbands_spread": {"mean": 32.2592811584, "min": 0.215385004878, "max": 120.052696228, "dmean2": 19.9926261902, "dvar": 209.370162964, "dmean": 13.0958719254, "median": 28.3550834656, "dvar2": 438.217651367, "var": 525.489501953}, "spectral_strongpeak": {"mean": 0.900676250458, "min": 0, "max": 12.109834671, "dmean2": 0.957762598991, "dvar": 1.08615612984, "dmean": 0.571028649807, "median": 0.552037835121, "dvar2": 2.88579154015, "var": 1.31151950359}, "melbands_crest": {"mean": 17.275844574, "min": 1.76058506966, "max": 35.8156929016, "dmean2": 5.78124713898, "dvar": 12.938202858, "dmean": 3.6746006012, "median": 17.5145111084, "dvar2": 29.8747329712, "var": 56.5717430115}, "spectral_energyband_middle_high": {"mean": 0.0035016129259, "min": 1.2041459624e-21, "max": 0.0522974133492, "dmean2": 0.00221804971807, "dvar": 7.62105719332e-06, "dmean": 0.00167588645127, "median": 0.00147259316873, "dvar2": 1.14426547952e-05, "var": 2.78750594589e-05}, "spectral_rms": {"mean": 0.00509020034224, "min": 3.16736437425e-12, "max": 0.0161050595343, "dmean2": 0.00191421795171, "dvar": 3.12247630063e-06, "dmean": 0.00133403437212, "median": 0.00467221718282, "dvar2": 6.00226212555e-06, "var": 1.21130515254e-05}, "spectral_flux": {"mean": 0.0988926887512, "min": 6.5719436837e-11, "max": 0.494770735502, "dmean2": 0.0613381378353, "dvar": 0.00281232059933, "dmean": 0.0393835455179, "median": 0.0822129845619, "dvar2": 0.00687255058438, "var": 0.00609838590026}, "erbbands_flatness_db": {"mean": 0.163774594665, "min": 0.02184500359, "max": 0.436714708805, "dmean2": 0.0339454598725, "dvar": 0.000483167590573, "dmean": 0.0240358207375, "median": 0.156403422356, "dvar2": 0.000962227524724, "var": 0.00221655867063}, "barkbands_flatness_db": {"mean": 0.180982545018, "min": 0.0224398951977, "max": 0.474428325891, "dmean2": 0.0528910718858, "dvar": 0.00129650661256, "dmean": 0.0373716838658, "median": 0.166922166944, "dvar2": 0.00262465863489, "var": 0.00631275866181}, "spectral_entropy": {"mean": 7.70048570633, "min": 4.59007549286, "max": 9.8117313385, "dmean2": 0.403935015202, "dvar": 0.0958058312535, "dmean": 0.297709017992, "median": 7.78373622894, "dvar2": 0.167880669236, "var": 0.385453462601}, "spectral_energyband_high": {"mean": 0.00251848250628, "min": 7.0333083378e-21, "max": 0.0228655841202, "dmean2": 0.00283554568887, "dvar": 8.94800632523e-06, "dmean": 0.0019188063452, "median": 0.000938620767556, "dvar2": 1.84685995919e-05, "var": 1.32301374833e-05}, "barkbands_kurtosis": {"mean": 15.4789991379, "min": -1.96911919117, "max": 712.182556152, "dmean2": 19.5972671509, "dvar": 778.118225098, "dmean": 12.4520339966, "median": 1.83172607422, "dvar2": 1744.18688965, "var": 1624.80102539}, "spectral_complexity": {"mean": 12.1476869583, "min": 0, "max": 52, "dmean2": 5.99849128723, "dvar": 28.9095821381, "dmean": 4.17800140381, "median": 10, "dvar2": 53.5079345703, "var": 95.297088623}, "spectral_contrast_coeffs": {"mean": [-0.62987267971, -0.704402029514, -0.778329968452, -0.762867331505, -0.750157594681, -0.784012496471], "min": [-0.975140571594, -0.983148813248, -0.987343072891, -0.965089738369, -0.96621632576, -0.964967727661], "max": [-0.31752127409, -0.328929722309, -0.435022890568, -0.415707468987, -0.522361516953, -0.625540077686], "dmean2": [0.0893887579441, 0.0907340273261, 0.0697330012918, 0.0588187649846, 0.0484285838902, 0.0360422059894], "dvar": [0.00255326600745, 0.00279928348027, 0.0016435154248, 0.00127377558965, 0.000848845695145, 0.000386752886698], "dmean": [0.0560448803008, 0.0601104050875, 0.0463042892516, 0.0407821573317, 0.032453790307, 0.0236393250525], "median": [-0.629937887192, -0.713275015354, -0.791370153427, -0.772832155228, -0.751898169518, -0.781321525574], "dvar2": [0.00613968586549, 0.00581711763516, 0.00339492829517, 0.00239015929401, 0.00164154951926, 0.000843453744892], "var": [0.0132828112692, 0.0134360957891, 0.00800131354481, 0.00750890094787, 0.00469280872494, 0.00200688838959]}, "spectral_centroid": {"mean": 2255.54760742, "min": 130.391494751, "max": 11351.4179688, "dmean2": 717.79876709, "dvar": 306815.5625, "dmean": 496.566040039, "median": 2238.13769531, "dvar2": 564233.25, "var": 1463914.375}, "spectral_energyband_low": {"mean": 0.0283979978412, "min": 1.13589123039e-23, "max": 0.261119574308, "dmean2": 0.0257414951921, "dvar": 0.00123634585179, "dmean": 0.0167425069958, "median": 0.00785211380571, "dvar2": 0.00264381244779, "var": 0.00231058499776}, "dissonance": {"mean": 0.47202321887, "min": 0.2393001616, "max": 0.500000059605, "dmean2": 0.0224848743528, "dvar": 0.000317992089549, "dmean": 0.0144204292446, "median": 0.482324182987, "dvar2": 0.000750661070924, "var": 0.000921574886888}, "zerocrossingrate": {"mean": 0.117587469518, "min": 0.00341796875, "max": 0.71630859375, "dmean2": 0.0291254799813, "dvar": 0.000782694667578, "dmean": 0.0268398169428, "median": 0.08203125, "dvar2": 0.000843201240059, "var": 0.0144791277125}, "erbbands": {"mean": [0.22590392828, 4.29997110367, 14.057100296, 8.49801635742, 3.80329370499, 4.67204427719, 4.61687231064, 6.22115182877, 11.6991453171, 15.1128816605, 14.7287998199, 12.723649025, 7.59834575653, 6.50602769852, 6.58551979065, 7.87926292419, 12.2180805206, 13.4894599915, 20.6096916199, 20.9453926086, 25.3081684113, 18.6334533691, 8.17550849915, 22.651184082, 43.9441146851, 20.6613864899, 12.3872404099, 13.9738826752, 20.2207450867, 13.9780063629, 22.9033107758, 13.9013614655, 7.64861249924, 3.35978579521, 1.13908219337, 0.345283210278, 0.0988251641393, 0.0190053768456, 0.00178481941111, 9.46102009038e-05], "min": [1.59607434386e-23, 8.55470754958e-22, 6.52956705776e-21, 1.712895401e-20, 2.80001929819e-20, 4.48618497161e-20, 1.23949137382e-19, 2.16346271629e-19, 2.79409203211e-19, 5.14738623664e-19, 6.3252619606e-19, 1.07067766607e-18, 1.36894576007e-18, 9.68174788734e-19, 1.0787787628e-18, 2.68828115611e-18, 2.132051825e-18, 3.99572035077e-18, 2.98149848528e-18, 4.51227975405e-18, 7.07354567274e-18, 5.28599761567e-18, 7.1104916948e-18, 4.78948452093e-18, 1.03601633754e-17, 7.88327773745e-18, 1.07472657041e-17, 1.17084346867e-17, 1.58957842476e-17, 1.76343673484e-17, 1.64284405857e-17, 1.1863808157e-17, 1.17545342894e-17, 8.27436045926e-18, 6.16056988705e-18, 4.26938933412e-18, 2.65770566553e-18, 1.2340010659e-18, 2.88048872065e-19, 2.53249374001e-20], "max": [6.056204319, 54.8320808411, 215.68522644, 270.39831543, 254.621688843, 306.254882812, 276.458496094, 566.146484375, 1080.2130127, 760.719238281, 1064.03833008, 1035.48132324, 581.328674316, 672.726196289, 478.412506104, 850.078186035, 1166.51550293, 1219.58203125, 800.680480957, 1639.26391602, 1626.59472656, 618.359863281, 195.14364624, 574.116516113, 712.013000488, 394.461334229, 357.645446777, 408.11114502, 245.907348633, 210.465927124, 254.238342285, 202.855758667, 96.6325836182, 124.965553284, 29.4111728668, 7.67810630798, 3.8762717247, 1.03295528889, 0.144672587514, 0.00445530796424], "dmean2": [0.298467099667, 4.66584253311, 14.6509780884, 10.7994661331, 4.49036455154, 5.80236244202, 5.67693328857, 7.20823669434, 14.7515134811, 18.6705303192, 17.6491107941, 14.6199913025, 8.1562538147, 7.09166479111, 7.29233932495, 9.69543933868, 13.7393007278, 14.8041067123, 22.4680728912, 21.7144622803, 22.0607776642, 17.1798114777, 7.56885957718, 21.7833614349, 36.6556663513, 19.8143825531, 13.7048788071, 19.8502616882, 29.5044956207, 16.0054531097, 31.2460727692, 17.2168006897, 8.86032867432, 3.9959321022, 1.13559150696, 0.342673093081, 0.108540430665, 0.0224778708071, 0.00276093464345, 9.57330703386e-05], "dvar": [0.334387272596, 48.1982727051, 503.559906006, 276.82611084, 133.546600342, 152.775512695, 85.8991165161, 198.940429688, 1130.63745117, 1490.19335938, 1720.88415527, 1352.73083496, 449.323699951, 409.931762695, 269.883300781, 579.20526123, 1378.96044922, 1356.84057617, 1508.48547363, 2414.56201172, 1760.66503906, 864.088134766, 99.7119140625, 686.334899902, 1803.0769043, 541.50189209, 325.77734375, 415.717529297, 1043.09863281, 337.784729004, 1177.86022949, 303.276611328, 84.3176879883, 21.7612953186, 2.12141680717, 0.279428839684, 0.0354235433042, 0.00226135947742, 6.23585947324e-05, 4.08836520194e-08], "dmean": [0.184104412794, 2.93934202194, 9.1393289566, 6.52104377747, 2.69320893288, 3.55416703224, 3.5094370842, 4.68173456192, 9.48172187805, 12.2167415619, 11.5467071533, 9.83146953583, 5.60754919052, 4.86780500412, 4.95624732971, 6.5166592598, 9.42233943939, 10.1695871353, 14.5513315201, 14.8162126541, 15.4304275513, 12.0006847382, 5.13700151443, 14.614821434, 25.5605258942, 12.9760627747, 8.9447145462, 12.3522539139, 18.9929332733, 10.7065124512, 20.7384185791, 11.4851894379, 6.04467010498, 2.64541769028, 0.778228402138, 0.242097571492, 0.074341148138, 0.0155203687027, 0.00179010443389, 6.40949001536e-05], "median": [0.0406812652946, 0.698222994804, 1.87734436989, 1.26310515404, 0.966709375381, 0.986780643463, 1.47569394112, 1.53747057915, 1.21970105171, 0.886811971664, 0.899434745312, 0.970413684845, 0.655901193619, 0.477869510651, 0.25792324543, 0.450920701027, 0.887115478516, 1.84655046463, 4.99686813354, 3.77087116241, 4.76598119736, 3.51992487907, 3.1374168396, 9.85716152191, 18.2355766296, 10.711722374, 3.86987066269, 3.72951745987, 5.40768766403, 4.54616832733, 5.87821006775, 4.70407867432, 2.64423513412, 0.934042453766, 0.260991036892, 0.068005643785, 0.0146743459627, 0.00158373080194, 7.96921303845e-05, 4.60077571915e-05], "dvar2": [0.843902766705, 116.433837891, 1200.00939941, 679.489501953, 362.89553833, 414.792724609, 212.354949951, 438.766784668, 2744.10961914, 3278.50610352, 3694.92382812, 3266.65991211, 977.562438965, 869.703796387, 584.786437988, 1173.83959961, 2913.29125977, 2811.20043945, 3352.53735352, 5319.17138672, 3286.36303711, 1751.98937988, 201.039764404, 1444.56945801, 3395.60522461, 1295.52587891, 671.674194336, 941.641113281, 2389.69970703, 732.073669434, 2523.35644531, 666.461730957, 181.045852661, 48.5104522705, 4.04353237152, 0.513111174107, 0.0696672871709, 0.00427046511322, 0.000136241083965, 9.1067995811e-08], "var": [0.320917487144, 68.8597412109, 812.717224121, 335.032653809, 121.32900238, 149.37286377, 126.320159912, 302.439666748, 1461.30554199, 2392.26586914, 2847.82739258, 2084.67236328, 814.788085938, 686.778503418, 569.948730469, 891.509033203, 2544.66064453, 2456.16088867, 2374.26855469, 3745.06738281, 4388.04443359, 1753.30041504, 204.046691895, 1336.29321289, 4645.20800781, 888.510253906, 519.278259277, 542.073852539, 1181.33642578, 511.64251709, 1393.55603027, 404.985534668, 133.323455811, 33.5555763245, 4.08566379547, 0.502885401249, 0.0555897168815, 0.00342332967557, 6.990586553e-05, 4.70854750745e-08]}, "pitch_salience": {"mean": 0.457076907158, "min": 0.0305630378425, "max": 0.930583059788, "dmean2": 0.150284722447, "dvar": 0.00860068574548, "dmean": 0.0966915860772, "median": 0.460381507874, "dvar2": 0.0193561520427, "var": 0.0372842587531}, "silence_rate_60dB": {"mean": 0.149698346853, "min": 0, "max": 1, "dmean2": 0.0915262773633, "dvar": 0.043664470315, "dmean": 0.0457573868334, "median": 0, "dvar2": 0.0944544449449, "var": 0.127281501889}, "melbands": {"mean": [0.0032404656522, 0.00707383127883, 0.00138575024903, 0.000300533632981, 0.000171892344952, 0.000143871598993, 0.000181463852641, 0.000166848374647, 0.000113862159196, 7.77417008067e-05, 3.62064347428e-05, 2.58478394244e-05, 2.29039978876e-05, 1.88172652997e-05, 2.45549763349e-05, 2.64323462034e-05, 2.37746735365e-05, 3.57681383321e-05, 2.45918017754e-05, 3.10996147164e-05, 2.94118017337e-05, 2.1336676582e-05, 8.83243319549e-06, 7.27380574972e-06, 1.74516244442e-05, 3.76920652343e-05, 2.41113721131e-05, 1.080050788e-05, 7.05867887518e-06, 7.92210448708e-06, 8.04053615866e-06, 1.22151832329e-05, 9.53949711402e-06, 6.80859602653e-06, 1.16216724564e-05, 1.43214410855e-05, 6.80687708154e-06, 5.27348129253e-06, 4.35445872426e-06, 2.35625248024e-06], "min": [3.7917721071e-25, 2.89384748395e-24, 5.7296403273e-24, 2.12527213691e-24, 4.0676023023e-24, 5.4546856198e-24, 4.20385356899e-24, 5.28100526974e-24, 4.78854110029e-24, 6.40964118862e-24, 6.52206688382e-24, 3.84608266594e-24, 2.93808305643e-24, 5.90217643462e-24, 4.78795339892e-24, 5.47311853815e-24, 7.6504282791e-24, 4.72108560428e-24, 5.5874126504e-24, 4.92196508949e-24, 7.9982512517e-24, 4.57309805948e-24, 7.32117824764e-24, 5.3272494793e-24, 3.37527470048e-24, 6.34218490375e-24, 7.05989647178e-24, 4.35406412383e-24, 5.9126998391e-24, 4.66639427216e-24, 7.4035503145e-24, 7.5672113422e-24, 7.69213377743e-24, 9.53196566769e-24, 9.15873506304e-24, 7.43854891742e-24, 7.02086836735e-24, 8.16023437226e-24, 8.18842431671e-24, 6.70918153509e-24], "max": [0.0599463880062, 0.0783543437719, 0.0476176775992, 0.0257088020444, 0.00745195196941, 0.0113797830418, 0.0149880172685, 0.0109492344782, 0.0108216740191, 0.00557456444949, 0.00280161318369, 0.00264453352429, 0.00162068300415, 0.00160175154451, 0.00286824465729, 0.00311603280716, 0.00210315710865, 0.00141471507959, 0.00219237129204, 0.00179573090281, 0.00214114366099, 0.000839578162413, 0.000414253678173, 0.000269012496574, 0.000489269092213, 0.000933755072765, 0.000456959620351, 0.000302188534988, 0.000188947000424, 0.00028556145844, 0.000188535646885, 0.000152697408339, 0.00016087917902, 0.000107012470835, 0.000131646200316, 0.00017543019203, 0.000181319002877, 6.57453929307e-05, 0.000128354222397, 9.41792241065e-05], "dmean2": [0.00383482943289, 0.0068195508793, 0.00168975465931, 0.000362930994015, 0.000205092699616, 0.000167293386767, 0.000230206307606, 0.000207990829949, 0.000138851581141, 9.07031717361e-05, 4.09449567087e-05, 2.95550507872e-05, 2.5926356102e-05, 2.50863267865e-05, 2.98096747429e-05, 3.11136391247e-05, 2.95175086649e-05, 4.21978365921e-05, 3.00332576444e-05, 3.0527367926e-05, 2.85742517008e-05, 2.15594409383e-05, 9.17786019272e-06, 8.14233499113e-06, 1.85933458852e-05, 3.47039240296e-05, 2.21159225475e-05, 1.21408820632e-05, 8.50808464747e-06, 9.54469851422e-06, 1.24969210447e-05, 1.96855362447e-05, 1.14120066428e-05, 8.14639315649e-06, 1.57848644449e-05, 2.03285453608e-05, 8.06709158496e-06, 5.99211944063e-06, 5.57631165066e-06, 2.79237156064e-06], "dvar": [3.89631204598e-05, 9.72132620518e-05, 6.87647070663e-06, 9.24246251088e-07, 9.26403984636e-08, 9.80725474165e-08, 2.43701208547e-07, 1.89587353816e-07, 1.17214796092e-07, 5.38395816818e-08, 1.15739515749e-08, 7.28059035282e-09, 3.595734821e-09, 3.33628236149e-09, 6.85136036793e-09, 6.91969592737e-09, 5.6175721852e-09, 5.3649387155e-09, 4.94105467652e-09, 3.94853083563e-09, 3.32813665516e-09, 1.41408940113e-09, 2.85474116568e-10, 9.6336778832e-11, 5.50857859327e-10, 1.58808766137e-09, 6.35019092865e-10, 2.34164743151e-10, 1.28392130261e-10, 1.53532395131e-10, 1.72037759039e-10, 4.79463468928e-10, 1.73691797056e-10, 8.82077605402e-11, 2.82714629485e-10, 5.15686826574e-10, 6.43788564125e-11, 3.80137137046e-11, 3.71106825825e-11, 1.2075524608e-11], "dmean": [0.00240120547824, 0.00435048341751, 0.00102602574043, 0.000220340007218, 0.00012756610522, 0.000108076259494, 0.000147805447341, 0.000136475529871, 9.1146590421e-05, 6.10808565398e-05, 2.78903735307e-05, 2.00676186068e-05, 1.76830453711e-05, 1.64208940987e-05, 2.04354855668e-05, 2.12128670682e-05, 1.95991815417e-05, 2.68646981567e-05, 1.9824170522e-05, 2.09275222005e-05, 1.94905715034e-05, 1.47072541949e-05, 6.18644662609e-06, 5.20183721164e-06, 1.22144874695e-05, 2.34964263655e-05, 1.47332766574e-05, 7.70220049162e-06, 5.49714832232e-06, 6.0791485339e-06, 7.69503822085e-06, 1.24355619846e-05, 7.60342391004e-06, 5.27705014974e-06, 1.04266937342e-05, 1.33973480843e-05, 5.37381129107e-06, 4.08626556236e-06, 3.69260919797e-06, 1.84480745702e-06], "median": [0.000563884503208, 0.00135556538589, 0.000257156672888, 6.12620351603e-05, 5.52136989427e-05, 3.23669155478e-05, 1.61391108122e-05, 7.8465527622e-06, 6.15386852587e-06, 5.22817026649e-06, 2.85046098725e-06, 1.94763629224e-06, 8.10086135061e-07, 6.8102485784e-07, 1.59784883635e-06, 1.71529586623e-06, 2.64897403213e-06, 7.7277127275e-06, 3.27579118675e-06, 4.9527907322e-06, 5.01321301272e-06, 3.27016346091e-06, 2.0938509806e-06, 2.57705960394e-06, 6.73085423841e-06, 1.35579557536e-05, 9.44872408581e-06, 4.85841746922e-06, 2.0896877686e-06, 1.57500483056e-06, 2.18384548134e-06, 2.88996398012e-06, 2.69960423793e-06, 2.24454470299e-06, 3.08235485136e-06, 3.50071559296e-06, 2.56097018791e-06, 1.84718874152e-06, 1.25604219647e-06, 5.54078155801e-07], "dvar2": [9.37800141401e-05, 0.000223190887482, 1.69250906765e-05, 2.56628982243e-06, 2.29585054967e-07, 2.11293695429e-07, 5.90208571793e-07, 4.06115731266e-07, 2.55857742104e-07, 1.30672319187e-07, 2.5185590502e-08, 1.5411220744e-08, 7.66047048018e-09, 7.15018311226e-09, 1.42487257548e-08, 1.453605325e-08, 1.16533236394e-08, 1.21767094186e-08, 1.10545066434e-08, 7.74707498152e-09, 6.55675602701e-09, 3.03916491973e-09, 5.86898363242e-10, 2.24498558632e-10, 1.2018978035e-09, 3.10380987578e-09, 1.35160616033e-09, 5.70652525234e-10, 2.70817951398e-10, 3.43676948011e-10, 4.07037598071e-10, 1.13520748357e-09, 3.87212178987e-10, 1.97404023683e-10, 5.96205695924e-10, 1.16061182887e-09, 1.42885495102e-10, 8.15031653278e-11, 8.1932911844e-11, 2.7586332523