{"tonal": {"thpcp": [1, 0.452512919903, 0.0931432843208, 0.140604913235, 0.0846721604466, 0.312123298645, 0.527953028679, 0.281875401735, 0.425617665052, 0.746962428093, 0.434024035931, 0.439042627811, 0.74799156189, 0.525314211845, 0.481151789427, 0.46013635397, 0.253615915775, 0.512228369713, 0.627003967762, 0.26908609271, 0.255075335503, 0.408414721489, 0.227452203631, 0.495066225529, 0.924724400043, 0.505354523659, 0.182262927294, 0.299223840237, 0.179897353053, 0.400960713625, 0.70817732811, 0.429663926363, 0.162834405899, 0.125696599483, 0.111112184823, 0.622443795204], "hpcp": {"dmean2": [0.0484765432775, 0.0488444194198, 0.0933812707663, 0.118797980249, 0.131789252162, 0.0782755091786, 0.0544829294086, 0.0601878240705, 0.101014666259, 0.104789443314, 0.0735233202577, 0.0294830482453, 0.0297334864736, 0.0274774730206, 0.0589615777135, 0.0697572231293, 0.0718532428145, 0.0727958083153, 0.0784809663892, 0.0699286833405, 0.0858240649104, 0.101534873247, 0.114491216838, 0.131696730852, 0.107828117907, 0.0643315762281, 0.0756170302629, 0.0891502723098, 0.0645092949271, 0.0595905333757, 0.0755265131593, 0.0606639422476, 0.0859042257071, 0.114254169166, 0.10543025285, 0.0485406331718], "median": [0.000485955824843, 0.00299048935995, 0.0324294045568, 0.0636545866728, 0.0422779917717, 0.00418113265187, 0.00237352284603, 0.00659787002951, 0.0572882369161, 0.090986341238, 0.0414856150746, 0.00157834135462, 0.00167862442322, 0.00197686720639, 0.00327894603834, 0.00400814507157, 0.00279888929799, 0.0117936721072, 0.0187102202326, 0.018313376233, 0.0253186170012, 0.0358491428196, 0.0287410728633, 0.00640982948244, 0.00729857757688, 0.0110629945993, 0.0226550269872, 0.0266018547118, 0.0120156323537, 0.003619115334, 0.0032010874711, 0.00299969664775, 0.0280757732689, 0.0505449324846, 0.027571497485, 0.00130944815464], "min": [0, 0, 0, 4.62715547656e-07, 0, 0, 0, 0, 0, 0, 0, 0, 0, 0, 0, 0, 0, 0, 0, 0, 0, 0, 0, 0, 0, 0, 0, 0, 0, 0, 0, 0, 0, 0, 0, 0], "dvar2": [0.0322336293757, 0.0197708494961, 0.0312472749501, 0.0421407110989, 0.0538538359106, 0.0346434153616, 0.0282550733536, 0.0232632923871, 0.0322595983744, 0.0396426394582, 0.0144485989586, 0.00913135521114, 0.0138671947643, 0.00493883155286, 0.0185958109796, 0.0349721573293, 0.0282316207886, 0.0324503369629, 0.0380866713822, 0.0239506270736, 0.0257283784449, 0.0435435920954, 0.0360205285251, 0.109550110996, 0.0642306208611, 0.0189808271825, 0.0189545340836, 0.0289843305945, 0.0225799586624, 0.0269723907113, 0.0493368171155, 0.0323595665395, 0.0273449327797, 0.0490553155541, 0.0488965623081, 0.0243459213525], "dvar": [0.0138386683539, 0.00786287710071, 0.0120526766405, 0.0198685452342, 0.0185819920152, 0.0129936784506, 0.00992157310247, 0.00833375565708, 0.0139690432698, 0.0219683237374, 0.00671322178096, 0.00376153388061, 0.00622397102416, 0.00208772346377, 0.00906931888312, 0.018603336066, 0.0120498426259, 0.0149435447529, 0.020390978083, 0.0115850623697, 0.0123062878847, 0.0236606784165, 0.0152491442859, 0.0405204035342, 0.0246417801827, 0.00790130533278, 0.00943895243108, 0.0155066540465, 0.00870913080871, 0.0100250830874, 0.0200035218149, 0.0121324788779, 0.0117254564539, 0.0248865410686, 0.0196406338364, 0.00905846245587], "dmean": [0.0276327319443, 0.0288562960923, 0.055881652981, 0.0727378204465, 0.0771477147937, 0.0451768934727, 0.0309372786433, 0.0334970466793, 0.0617231763899, 0.0679198727012, 0.0444161184132, 0.0170837212354, 0.0176488384604, 0.0160604920238, 0.0373562984169, 0.0419195964932, 0.0430892966688, 0.0472048707306, 0.0491901822388, 0.0476676672697, 0.0552159510553, 0.0630808621645, 0.069255001843, 0.0735209882259, 0.0616582483053, 0.0393571145833, 0.0500958673656, 0.0582399368286, 0.0402510948479, 0.0351665280759, 0.042742241174, 0.035447768867, 0.0544901378453, 0.0716519653797, 0.0639804750681, 0.0286181271076], "max": [1, 1, 1, 1, 1, 1, 1, 1, 1, 1, 0.731989204884, 1, 1, 0.792686283588, 1, 1, 1, 1, 1, 1, 1, 1, 1, 1, 1, 1, 1, 1, 1, 1, 1, 1, 1, 1, 1, 1], "var": [0.0579899661243, 0.0177816525102, 0.0262844543904, 0.0712214112282, 0.0268211122602, 0.0162903927267, 0.0105714695528, 0.00683150161058, 0.0483993925154, 0.118692934513, 0.0265042744577, 0.00775574427098, 0.0205138009042, 0.00501989433542, 0.0346306189895, 0.0950725898147, 0.0267436094582, 0.0429651923478, 0.119764201343, 0.0378250665963, 0.03565659374, 0.108289457858, 0.0427957363427, 0.0810909643769, 0.06391492486, 0.0196957215667, 0.0499033927917, 0.0759102627635, 0.0176624227315, 0.0252609886229, 0.0659696385264, 0.0214925128967, 0.0380876362324, 0.117870122194, 0.0406158603728, 0.0193803515285], "mean": [0.0788411051035, 0.0474003218114, 0.105647280812, 0.186594367027, 0.11321015656, 0.0429044850171, 0.0331192165613, 0.0292764361948, 0.164004832506, 0.263485372066, 0.119230538607, 0.0245418921113, 0.0370473377407, 0.0223098751158, 0.0822399258614, 0.139107897878, 0.0742700472474, 0.112144030631, 0.196813672781, 0.114358983934, 0.115681312978, 0.197084829211, 0.138412609696, 0.126776456833, 0.121239200234, 0.0668240860105, 0.134964689612, 0.165206372738, 0.070900246501, 0.0672086179256, 0.107611306012, 0.0599303282797, 0.130442708731, 0.243651360273, 0.133153527975, 0.0480236150324]}, "tuning_equal_tempered_deviation": 0.0182824656367, "chords_changes_rate": 0.0408432148397, "key_key": "G#", "tuning_diatonic_strength": 0.235700547695, "key_scale": "major", "chords_number_rate": 0.00988142285496, "tuning_frequency": 440.508636475, "tuning_nontempered_energy_ratio": 0.595434308052, "chords_histogram": [37.6152839661, 3.62318849564, 0, 1.84453225136, 5.13833999634, 2.56916999817, 2.10803699493, 7.44400548935, 5.79710149765, 3.88669300079, 0, 1.11989462376, 3.95256924629, 0, 4.61133050919, 0.988142311573, 3.0961792469, 0.988142311573, 0.395256906748, 5.2700920105, 0, 0.0658761560917, 0, 9.48616600037], "key_strength": 0.375446587801, "chords_key": "G#", "chords_strength": {"dmean2": 0.00458143558353, "median": 0.441454231739, "min": 0.169014722109, "dvar2": 2.86439299089e-05, "dvar": 3.50557820639e-05, "dmean": 0.00728582730517, "max": 0.617634773254, "var": 0.00747443549335, "mean": 0.429502934217}, "chords_scale": "major", "hpcp_entropy": {"dmean2": 0.587981104851, "median": 1.61402225494, "min": 0.0462074428797, "dvar2": 0.394059240818, "dvar": 0.155016258359, "dmean": 0.35654810071, "max": 3.88307666779, "var": 0.408291935921, "mean": 1.57127189636}}, "metadata": {"audio_properties": {"equal_loudness": 0, "codec": "flac", "downmix": "mix", "sample_rate": 96000, "analysis_sample_rate": 44100, "bit_rate": 0, "md5_encoded": "6f249408b2c9b4b6e39905895738ee35", "length": 70.4399795532, "replay_gain": 9.02387046814, "lossless": true}, "version": {"essentia_build_sha": "2d9f1f26377add8aeb1075a9c2973f962c4f09fd", "essentia": "2.1-beta2", "extractor": "music 1.0", "essentia_git_sha": "v2.1_beta2-1-ge3940c0"}, "tags": {"title": ["Feuillet d'album op. 58: Con delicatezza"], "media": ["Digital Media"], "albumartist": ["Scriabin; Garrick Ohlsson"], "tracktotal": ["34"], "albumartistsort": ["Scriabin, Alexander Nikolayevich; Ohlsson, Garrick"], "performer": ["Garrick Ohlsson (piano)"], "releasetype": ["album"], "musicbrainz_recordingid": ["18e3c49c-b776-44c3-a48d-c545b2d4f502"], "composer": ["\u0410\u043b\u0435\u043a\u0441\u0430\u043d\u0434\u0440 \u041d\u0438\u043a\u043e\u043b\u0430\u0435\u0432\u0438\u0447 \u0421\u043a\u0440\u044f\u0431\u0438\u043d"], "musicbrainz_releasegroupid": ["b01512e3-b59d-40ae-93c1-ae707832daf9"], "originalyear": ["2015"], "producer": ["Andrew Keener"], "discnumber": ["1"], "composersort": ["Scriabin, Alexander Nikolayevich"], "engineer": ["David Hinitt"], "file_name": "23 Feuillet d'album op. 58_ Con delicatezza.flac", "musicbrainz_albumartistid": ["a4eba7b5-aceb-4acf-b297-3c0a3cd42757", "1b2c79e2-113b-4e74-91d4-af085b8a11b0"], "work": ["Feuillet d'album, op. 58"], "date": ["2015-02"], "genre": ["Classical"], "musicbrainz_albumid": ["943e3d0b-ddad-4bcf-b847-3b53b07c542a"], "disctotal": ["1"], "tracknumber": ["23"], "releasestatus": ["official"], "musicbrainz_artistid": ["a4eba7b5-aceb-4acf-b297-3c0a3cd42757"], "originaldate": ["2015-02-02"], "musicbrainz_workid": ["2e3d65f3-8882-3906-820a-3a60833acc9d"], "copyright": ["2015 Hyperion Records Ltd, London"], "musicbrainz_releasetrackid": ["d0dcb095-2803-4d18-ac89-dddcf0e3db0b"], "artist": ["Alexander Scriabin"], "totaltracks": ["34"], "artistsort": ["Scriabin, Alexander Nikolayevich"], "album": ["Complete Po\u00e8mes"], "label": ["hyperion"], "isrc": ["GBAJY1598823"], "totaldiscs": ["1"], "script": ["Latn"], "acoustid_id": ["fc32d961-da76-43df-9a33-844a1381b764"]}}, "rhythm": {"bpm_histogram_first_peak_bpm": {"dmean2": 0, "median": 105, "min": 105, "dvar2": 0, "dvar": 0, "dmean": 0, "max": 105, "var": 0, "mean": 105}, "bpm": 105.006813049, "bpm_histogram_second_peak_spread": {"dmean2": 0, "median": 0.538461565971, "min": 0.538461565971, "dvar2": 0, "dvar": 0, "dmean": 0, "max": 0.538461565971, "var": 0, "mean": 0.538461565971}, "bpm_histogram_first_peak_weight": {"dmean2": 0, "median": 0.119047619402, "min": 0.119047619402, "dvar2": 0, "dvar": 0, "dmean": 0, "max": 0.119047619402, "var": 0, "mean": 0.119047619402}, "onset_rate": 2.14303088188, "beats_position": [0.557278871536, 1.1261677742, 1.69505667686, 2.26394557953, 2.83283448219, 3.40172338486, 3.97061228752, 4.57433080673, 5.17804956436, 5.78176879883, 6.33904743195, 6.8963265419, 7.46521520615, 8.03410434723, 8.60299301147, 9.17188167572, 9.74077033997, 10.321269989, 10.9017686844, 11.4822673798, 12.0859861374, 12.6664848328, 13.2469835281, 13.8274831772, 14.3963718414, 14.9304304123, 15.4528799057, 15.9869384766, 16.5442180634, 17.0898857117, 17.6355552673, 18.181224823, 18.7385025024, 19.3073921204, 19.8762817383, 20.45677948, 20.9676189423, 21.4552383423, 21.9544658661, 22.4769153595, 22.9877548218, 23.4985942841, 24.009431839, 24.5202713013, 25.0195007324, 25.5419502258, 26.0643978119, 26.5984573364, 27.1557369232, 27.6897945404, 28.2238540649, 28.7463035583, 29.2687530518, 29.8144207001, 30.3252601624, 30.8244895935, 31.3469390869, 31.8926067352, 32.4382743835, 32.9026756287, 33.3670730591, 33.8198623657, 34.2726516724, 34.7138328552, 35.1666221619, 35.6890678406, 36.211517334, 36.7223587036, 37.244808197, 37.7672538757, 38.2780952454, 38.8702049255, 39.462310791, 40.0544204712, 40.6116981506, 41.1689796448, 41.795917511, 42.4112472534, 43.1194534302, 43.8392753601, 44.5474815369, 45.2324714661, 45.9174575806, 46.6024475098, 47.287437439, 47.9608154297, 48.6341934204, 49.2379112244, 49.8300209045, 50.4221305847, 51.0142402649, 51.6063499451, 52.1984558105, 52.7905654907, 53.3942832947, 53.9863929749, 54.6133308411, 55.2983207703, 55.9833106995, 56.6334686279, 57.2836265564, 57.9221763611, 58.5142860413, 59.1180038452, 59.6985015869, 60.2673912048, 60.8478889465, 61.3471183777, 61.8463478088, 62.34557724, 62.8448066711, 63.3440361023, 63.8432655334, 64.3541030884, 64.8533325195, 65.3757781982, 65.7589111328, 66.1652603149, 66.5716094971, 66.9431304932, 67.3146438599, 67.686164856, 68.0576858521, 68.4408187866, 68.8355560303, 69.2302932739, 69.6366424561], "beats_loudness": {"dmean2": 0.018165467307, "median": 0.00812930148095, "min": 2.493900638e-06, "dvar2": 0.000482008443214, "dvar": 0.000197119297809, "dmean": 0.0119192274287, "max": 0.0957448035479, "var": 0.00043339075637, "mean": 0.0166180171072}, "danceability": 0.832927107811, "bpm_histogram_second_peak_weight": {"dmean2": 0, "median": 0.095238097012, "min": 0.095238097012, "dvar2": 0, "dvar": 0, "dmean": 0, "max": 0.095238097012, "var": 0, "mean": 0.095238097012}, "beats_count": 127, "bpm_histogram_second_peak_bpm": {"dmean2": 0, "median": 115, "min": 115, "dvar2": 0, "dvar": 0, "dmean": 0, "max": 115, "var": 0, "mean": 115}, "bpm_histogram_first_peak_spread": {"dmean2": 0, "median": 0.642857134342, "min": 0.642857134342, "dvar2": 0, "dvar": 0, "dmean": 0, "max": 0.642857134342, "var": 0, "mean": 0.642857134342}, "beats_loudness_band_ratio": {"dmean2": [0.219510644674, 0.404318928719, 0.465097367764, 0.131102085114, 0.00288008456118, 6.67291024001e-05], "median": [0.0960819721222, 0.24361550808, 0.390785157681, 0.0125624667853, 0.000529583252501, 7.36923948352e-06], "min": [0.00369779788889, 0.000411644257838, 5.57702041988e-05, 4.43340695711e-06, 2.08583878702e-06, 8.82610095232e-07], "dvar2": [0.058917183429, 0.113681145012, 0.118324048817, 0.0836685299873, 2.21132377192e-05, 5.30706927293e-08], "dvar": [0.0227627009153, 0.0484395287931, 0.0520632192492, 0.0267278235406, 6.77467369314e-06, 1.8769812371e-08], "dmean": [0.117936201394, 0.239596500993, 0.262853473425, 0.0679091587663, 0.00157709245104, 3.79159864679e-05], "max": [0.999606907368, 0.884663403034, 0.974280297756, 0.797721326351, 0.0165637582541, 0.00128135830164], "var": [0.109728381038, 0.0811064764857, 0.0922475084662, 0.0171449370682, 5.19382365383e-06, 1.4119043712e-08], "mean": [0.253682881594, 0.334722131491, 0.418771982193, 0.0487877912819, 0.00135641044471, 3.61933889508e-05]}}, "lowlevel": {"barkbands_spread": {"dmean2": 1.68540203571, "median": 2.38405275345, "min": 0.0219357050955, "dvar2": 3.60733270645, "dvar": 1.19786000252, "dmean": 0.955149888992, "max": 12.1912536621, "var": 3.95995140076, "mean": 2.84739327431}, "melbands_spread": {"dmean2": 1.67717850208, "median": 3.63322615623, "min": 0.0195109732449, "dvar2": 3.10349702835, "dvar": 1.07070362568, "dmean": 0.960983872414, "max": 20.4145393372, "var": 6.61164808273, "mean": 4.01723718643}, "hfc": {"dmean2": 2.98670101166, "median": 2.67301893234, "min": 2.58124928223e-05, "dvar2": 41.0103225708, "dvar": 16.6732845306, "dmean": 1.8454502821, "max": 98.7344436646, "var": 106.893295288, "mean": 6.54781627655}, "barkbands_kurtosis": {"dmean2": 124.865737915, "median": 4.00361633301, "min": -1.81079125404, "dvar2": 438470.34375, "dvar": 145134.5625, "dmean": 69.4492492676, "max": 10389.828125, "var": 121491.421875, "mean": 71.4267501831}, "gfcc": {"mean": [-312.654022217, 231.358444214, -60.9642028809, -60.3207435608, -45.815788269, -18.69962883, -32.2661094666, -12.7805986404, -6.29290771484, -5.48429584503, -2.8443915844, -9.49078655243, -5.98036718369], "icov": [[0.00208286847919, -0.00264546647668, 0.00337000750005, -0.00226509198546, 0.000372133479686, 0.00304500386119, -0.00300660706125, 0.00441907672212, -0.00477322284132, 0.0048253252171, -0.00343442684971, 0.00232523819432, -0.000205713731702], [-0.00264546647668, 0.00795572716743, -0.0060760397464, 0.0085050072521, -0.0025909494143, -0.00085912249051, 0.00286921695806, -0.00245698285289, 0.00686891237274, -0.00423405040056, 0.00516289798543, -0.00260886666365, 0.00130110490136], [0.00337000750005, -0.0060760397464, 0.00961344689131, -0.00857716891915, 0.00515998667106, 0.000671206973493, -0.00428293319419, 0.00808271486312, -0.0100807147101, 0.00802473537624, -0.00660404050723, 0.00280955526978, 0.000865213980433], [-0.00226509198546, 0.0085050072521, -0.00857716891915, 0.0160363987088, -0.00889160297811, 0.00172768346965, 0.00242723082192, -0.00756555655971, 0.0147857582197, -0.0118116680533, 0.0120520265773, -0.00769229279831, 0.00236400356516], [0.000372133479686, -0.0025909494143, 0.00515998667106, -0.00889160297811, 0.0113821420819, -0.00641999440268, 0.00268483650871, 0.00246314588003, -0.00777906319126, 0.00894862040877, -0.00876899063587, 0.00544249406084, -0.00155997031834], [0.00304500386119, -0.00085912249051, 0.000671206973493, 0.00172768346965, -0.00641999440268, 0.0219827424735, -0.0140143828467, 0.0138451205567, -0.00661424919963, 0.00245846365578, 0.00797630939633, -0.0101174553856, 0.00753604574129], [-0.00300660706125, 0.00286921695806, -0.00428293319419, 0.00242723082192, 0.00268483650871, -0.0140143828467, 0.030496250838, -0.0282442253083, 0.0213520992547, -0.0106372060254, -0.00125874241348, 0.0110843358561, -0.00817469507456], [0.00441907672212, -0.00245698285289, 0.00808271486312, -0.00756555655971, 0.00246314588003, 0.0138451205567, -0.0282442253083, 0.0404545105994, -0.0325016453862, 0.0229623056948, -0.00587195903063, -0.00210445001721, 0.00822638627142], [-0.00477322284132, 0.00686891237274, -0.0100807147101, 0.0147857582197, -0.00777906319126, -0.00661424919963, 0.0213520992547, -0.0325016453862, 0.0522480867803, -0.0349795743823, 0.0201051495969, -0.00697731785476, -0.00245677097701], [0.0048253252171, -0.00423405040056, 0.00802473537624, -0.0118116680533, 0.00894862040877, 0.00245846365578, -0.0106372060254, 0.0229623056948, -0.0349795743823, 0.0462050922215, -0.0330960340798, 0.0185218006372, -0.00418114615604], [-0.00343442684971, 0.00516289798543, -0.00660404050723, 0.0120520265773, -0.00876899063587, 0.00797630939633, -0.00125874241348, -0.00587195903063, 0.0201051495969, -0.0330960340798, 0.0523597933352, -0.0377937406301, 0.0187515933067], [0.00232523819432, -0.00260886666365, 0.00280955526978, -0.00769229279831, 0.00544249406084, -0.0101174553856, 0.0110843358561, -0.00210445001721, -0.00697731785476, 0.0185218006372, -0.0377937406301, 0.0534475706518, -0.0268572475761], [-0.000205713731702, 0.00130110490136, 0.000865213980433, 0.00236400356516, -0.00155997031834, 0.00753604574129, -0.00817469507456, 0.00822638627142, -0.00245677097701, -0.00418114615604, 0.0187515933067, -0.0268572475761, 0.0239721033722]], "cov": [[16253.7226563, 5600.40087891, -4413.99511719, -4131.57177734, -140.629013062, -1880.31542969, -962.523803711, -961.593383789, -58.8778953552, -846.869812012, 60.5737800598, -579.390258789, 135.726608276], [5600.40087891, 2610.06054688, -1234.84289551, -1793.49487305, -243.734588623, -629.831970215, -460.644439697, -515.354309082, -35.8699951172, -274.160217285, 44.7541618347, -193.18510437, 26.79728508], [-4413.99511719, -1234.84289551, 1546.83093262, 1066.0802002, -72.334777832, 511.695526123, 214.068817139, 161.792953491, 2.21072030067, 243.937988281, 4.79681825638, 156.015274048, -66.0925216675], [-4131.57177734, -1793.49487305, 1066.0802002, 1442.42138672, 239.551864624, 488.290496826, 314.316741943, 331.383453369, -10.0635728836, 187.652618408, -39.6207885742, 147.594345093, -35.232334137], [-140.629013062, -243.734588623, -72.334777832, 239.551864624, 296.21472168, 76.886100769, -1.39386427402, 26.170425415, -2.19402289391, -25.62931633, -9.4873790741, 22.2835006714, 4.35055732727], [-1880.31542969, -629.831970215, 511.695526123, 488.290496826, 76.886100769, 308.889862061, 120.559242249, 86.5881195068, -2.4251742363, 82.1112670898, -19.5115852356, 70.2454605103, -21.2406044006], [-962.523803711, -460.644439697, 214.068817139, 314.316741943, -1.39386427402, 120.559242249, 229.543197632, 193.804626465, -6.99664163589, 24.6010036469, -34.5005073547, -14.4956331253, -33.8811035156], [-961.593383789, -515.354309082, 161.792953491, 331.383453369, 26.170425415, 86.5881195068, 193.804626465, 249.110443115, 31.4676322937, 17.3856430054, -38.1607933044, -8.15468502045, -36.7422103882], [-58.8778953552, -35.8699951172, 2.21072030067, -10.0635728836, -2.19402289391, -2.4251742363, -6.99664163589, 31.4676322937, 66.1028823853, 34.4926605225, 1.81698822975, 0.557694137096, 1.78351938725], [-846.869812012, -274.160217285, 243.937988281, 187.652618408, -25.62931633, 82.1112670898, 24.6010036469, 17.3856430054, 34.4926605225, 130.974807739, 44.6360778809, 34.9641036987, -14.118689537], [60.5737800598, 44.7541618347, 4.79681825638, -39.6207885742, -9.4873790741, -19.5115852356, -34.5005073547, -38.1607933044, 1.81698822975, 44.6360778809, 78.9047851563, 33.0235595703, -8.08004760742], [-579.390258789, -193.18510437, 156.015274048, 147.594345093, 22.2835006714, 70.2454605103, -14.4956331253, -8.15468502045, 0.557694137096, 34.9641036987, 33.0235595703, 100.320793152, 55.2682609558], [135.726608276, 26.79728508, -66.0925216675, -35.232334137, 4.35055732727, -21.2406044006, -33.8811035156, -36.7422103882, 1.78351938725, -14.118689537, -8.08004760742, 55.2682609558, 121.261352539]]}, "spectral_energyband_middle_low": {"dmean2": 0.0070868502371, "median": 0.00584936048836, "min": 2.0379582466e-08, "dvar2": 0.000220749076107, "dvar": 7.46939476812e-05, "dmean": 0.00414491165429, "max": 0.174432501197, "var": 0.000396283954615, "mean": 0.013376172632}, "melbands_crest": {"dmean2": 5.6373667717, "median": 16.1806640625, "min": 5.59133291245, "dvar2": 31.2882595062, "dvar": 10.897313118, "dmean": 3.18707251549, "max": 39.8207130432, "var": 62.6174850464, "mean": 18.3020992279}, "spectral_kurtosis": {"dmean2": 79.579826355, "median": 202.335708618, "min": 3.05047798157, "dvar2": 5678.77099609, "dvar": 1858.30786133, "dmean": 45.3044281006, "max": 469.131164551, "var": 8602.18066406, "mean": 190.240463257}, "spectral_rms": {"dmean2": 0.000804899143986, "median": 0.00258033024147, "min": 2.18568620767e-05, "dvar2": 1.20901211176e-06, "dvar": 4.10264902939e-07, "dmean": 0.000473931868328, "max": 0.0132163185626, "var": 5.23892185811e-06, "mean": 0.00298696826212}, "zerocrossingrate": {"dmean2": 0.00204569404013, "median": 0.01806640625, "min": 0, "dvar2": 4.61006993646e-06, "dvar": 2.90390926239e-06, "dmean": 0.00147675303742, "max": 0.0390625, "var": 5.54891958018e-05, "mean": 0.0182840824127}, "silence_rate_60dB": {"dmean2": 0.0474777445197, "median": 0, "min": 0, "dvar2": 0.0491797104478, "dvar": 0.0231688767672, "dmean": 0.0237310472876, "max": 1, "var": 0.229592695832, "mean": 0.35716637969}, "erbbands_kurtosis": {"dmean2": 4.68438959122, "median": 4.28443670273, "min": -1.41960000992, "dvar2": 37.807434082, "dvar": 11.859495163, "dmean": 2.66178297997, "max": 48.8920402527, "var": 30.4474411011, "mean": 5.65111637115}, "erbbands": {"dmean2": [0.00206107040867, 0.0175639633089, 0.111015103757, 0.953754782677, 2.82257771492, 5.35289859772, 18.1399021149, 26.9109783173, 30.0720596313, 21.2679691315, 33.6588249207, 13.6629686356, 8.90172767639, 6.42013168335, 1.41388010979, 1.64560329914, 0.770464599133, 0.462982743979, 0.614761829376, 0.114335358143, 0.102187827229, 0.0319144502282, 0.0169776063412, 0.00781299639493, 0.00318147707731, 0.0014084991999, 0.000538821914233, 0.000398262753151, 0.00013711124484, 7.91311031207e-05, 4.54165237898e-05, 3.32630479534e-05, 2.45017363341e-05, 1.60750678333e-05, 1.00496354207e-05, 6.02138379691e-06, 3.04413492813e-06, 8.82444737726e-07, 3.38142899636e-06, 8.08706954558e-06], "median": [0.00117572001182, 0.00575163308531, 0.0417373739183, 0.239651039243, 0.615997731686, 2.64676785469, 3.83697462082, 5.96345472336, 10.1410017014, 6.16025829315, 5.90400505066, 3.87006449699, 1.53272283077, 0.80022919178, 0.348472803831, 0.694655001163, 0.431682795286, 0.152282595634, 0.08904158324, 0.0243320483714, 0.015313626267, 0.00516304140911, 0.00160525937099, 0.000768473837525, 0.000242598485784, 0.000130196698592, 9.03440377442e-05, 6.43129969831e-05, 5.02296134073e-05, 4.35714937339e-05, 3.51521921402e-05, 2.9997452657e-05, 2.50415687333e-05, 1.87938039744e-05, 1.34407464429e-05, 8.94013919606e-06, 4.90637194162e-06, 1.39329267768e-06, 3.43668398273e-06, 7.63103525969e-06], "min": [7.61093224355e-06, 1.37168917718e-05, 2.88358787657e-05, 2.11060432775e-05, 1.36220714921e-05, 4.90532283948e-06, 6.44671126793e-06, 4.74516173199e-06, 1.11086756078e-05, 1.00754450614e-05, 4.29993951911e-06, 4.62402704215e-06, 4.24452400694e-06, 3.65423352378e-06, 3.49575884684e-06, 2.82768291981e-06, 2.7597168355e-06, 3.09012966682e-06, 3.17487615575e-06, 2.49534878094e-06, 3.00633837469e-06, 2.67117661679e-06, 2.88266937787e-06, 3.95301822209e-06, 4.00432509196e-06, 2.81461757368e-06, 3.95284178012e-06, 4.12944109485e-06, 3.23138124259e-06, 2.24572431762e-06, 1.41999635161e-06, 1.15904492759e-06, 1.31717831664e-06, 6.65441518777e-07, 4.53872019079e-07, 2.17082444465e-07, 1.21546079868e-07, 3.80930487154e-08, 9.56394163865e-09, 1.72922354214e-09], "dvar2": [5.50520644538e-06, 0.00204299995676, 0.0647230371833, 8.63298988342, 68.2900543213, 134.090530396, 2349.48608398, 14253.8085938, 6142.74560547, 3984.97583008, 24038.7558594, 2426.65625, 2388.42260742, 1512.4083252, 36.2071113586, 29.0627117157, 6.31824016571, 2.48518848419, 8.55110645294, 0.207287028432, 0.395875036716, 0.0230475105345, 0.00711655663326, 0.0046910578385, 0.000406979379477, 0.000165355231729, 1.53686087287e-05, 2.53548714682e-05, 9.13105282052e-07, 1.55510804234e-07, 7.67719221528e-09, 3.41232486711e-09, 1.79756332042e-09, 7.40584704673e-10, 2.82817852471e-10, 1.02692444826e-10, 2.63750236928e-11, 2.24391360527e-12, 4.7948936488e-11, 2.7682037218e-10], "dvar": [2.05400374398e-06, 0.000778704648837, 0.0255132820457, 2.3471801281, 18.7352046967, 46.0863037109, 671.723815918, 3979.97192383, 1927.41186523, 2611.61767578, 10776.3232422, 1215.20166016, 1386.24865723, 867.119873047, 17.773475647, 15.7072992325, 3.62867736816, 1.17149877548, 3.56954479218, 0.0904689580202, 0.171124994755, 0.0103162424639, 0.00316045596264, 0.00329725607298, 0.000190522114281, 8.10393830761e-05, 8.07730793895e-06, 1.23084882944e-05, 4.54807405958e-07, 8.53314219285e-08, 3.04015745911e-09, 1.25936239215e-09, 6.6520583486e-10, 2.58777943518e-10, 9.88175027916e-11, 3.66798674767e-11, 9.65751870835e-12, 7.8083551994e-13, 1.6790796184e-11, 9.54500020689e-11], "dmean": [0.00121863384265, 0.0105575658381, 0.0685526207089, 0.513554513454, 1.49164998531, 3.14917421341, 10.1618108749, 14.8554735184, 16.5474967957, 14.3737707138, 22.7254142761, 9.15725517273, 6.47464227676, 4.65976858139, 1.03686380386, 1.14076066017, 0.56776112318, 0.31065505743, 0.40302169323, 0.0745748355985, 0.0644691064954, 0.0209170076996, 0.0109640648589, 0.00601468980312, 0.0022099155467, 0.000965842802543, 0.000383113510907, 0.000283528905129, 9.18876685319e-05, 4.77323010273e-05, 2.63101337623e-05, 1.93638516066e-05, 1.43579445648e-05, 9.4229772003e-06, 5.91232856095e-06, 3.56618465958e-06, 1.80774395631e-06, 5.13542602221e-07, 2.00440240405e-06, 4.77659204989e-06], "max": [0.0216355416924, 0.581715583801, 3.95716190338, 29.3857822418, 82.0397262573, 136.870620728, 336.335845947, 1330.63293457, 1097.34851074, 2018.44018555, 3212.76708984, 1431.53491211, 1272.17150879, 1117.75036621, 123.639511108, 138.551498413, 85.7210006714, 34.6732139587, 64.3083724976, 8.59298229218, 12.3254919052, 3.58591151237, 1.55360019207, 3.32436823845, 0.455500423908, 0.370593011379, 0.136810258031, 0.158368483186, 0.0272826943547, 0.0150718074292, 0.00181752268691, 0.000747068610508, 0.000576422316954, 0.000260221655481, 0.000171809384483, 0.000108034510049, 6.43935418339e-05, 1.6757290723e-05, 8.72410601005e-05, 0.000202826879104], "var": [5.13028680871e-06, 0.00229134829715, 0.140001893044, 5.10353374481, 52.2108078003, 136.662231445, 1386.51220703, 9718.09179688, 6171.18798828, 17014.6640625, 44485.9257813, 9268.05957031, 6513.31738281, 3832.54101563, 74.6758422852, 69.7098464966, 33.7607460022, 3.78918743134, 6.84802627563, 0.222381621599, 0.40294983983, 0.0293841399252, 0.0100151114166, 0.0122736971825, 0.000491308805067, 0.000145448095282, 3.75156050723e-05, 1.78238606168e-05, 8.83793973117e-07, 1.55018341275e-07, 8.49899262079e-09, 3.52959994565e-09, 2.02187910858e-09, 8.30505442195e-10, 4.03783506631e-10, 1.91097332403e-10, 6.01802913058e-11, 3.25726511735e-12, 9.98807911379e-11, 5.451633589e-10], "mean": [0.00189796334598, 0.0212810989469, 0.182807728648, 1.02404940128, 2.91819810867, 6.13481903076, 20.1738166809, 31.15990448, 36.440788269, 48.0413970947, 69.7372817993, 31.3279571533, 19.3030586243, 13.2774057388, 3.14968919754, 3.24595022202, 2.06025671959, 0.783273458481, 0.805841743946, 0.177454963326, 0.167594671249, 0.0544976592064, 0.0280769038945, 0.0144529528916, 0.00533088622615, 0.00206942320801, 0.000922728271689, 0.000461116462247, 0.000172073516296, 9.78132520686e-05, 6.35476462776e-05, 5.06226970174e-05, 4.02652076446e-05, 2.90142452286e-05, 2.05594405998e-05, 1.37169026857e-05, 7.51791094444e-06, 1.97062513507e-06, 7.15011492503e-06, 1.62945943885e-05]}, "spectral_strongpeak": {"dmean2": 0.460525006056, "median": 0.735761165619, "min": 0, "dvar2": 0.535854876041, "dvar": 0.23343424499, "dmean": 0.282098859549, "max": 8.13473415375, "var": 1.58220481873, "mean": 1.14412021637}, "spectral_energy": {"dmean2": 0.00725718587637, "median": 0.00682455627248, "min": 4.89665467285e-07, "dvar2": 0.000222605580348, "dvar": 7.61663250159e-05, "dmean": 0.00427537830546, "max": 0.179037854075, "var": 0.000430541782407, "mean": 0.0145149044693}, "average_loudness": 0.0896468088031, "spectral_rolloff": {"dmean2": 72.4015274048, "median": 473.73046875, "min": 21.533203125, "dvar2": 16642.125, "dvar": 5801.77978516, "dmean": 38.9922294617, "max": 1313.52539063, "var": 42162.4335938, "mean": 470.672241211}, "spectral_centroid": {"dmean2": 52.2544441223, "median": 390.787872314, "min": 138.888412476, "dvar2": 2954.01708984, "dvar": 1181.20043945, "dmean": 30.1596832275, "max": 797.831848145, "var": 12963.6630859, "mean": 411.442718506}, "pitch_salience": {"dmean2": 0.136910364032, "median": 0.513238191605, "min": 0.0133889373392, "dvar2": 0.0163974445313, "dvar": 0.00559609057382, "dmean": 0.0778887495399, "max": 0.859675645828, "var": 0.0283067096025, "mean": 0.477060467005}, "spectral_energyband_middle_high": {"dmean2": 0.000296169804642, "median": 9.3276714324e-05, "min": 1.77543235669e-09, "dvar2": 2.58359546024e-06, "dvar": 1.72164129708e-06, "dmean": 0.00022042033379, "max": 0.0543072521687, "var": 8.73113003763e-06, "mean": 0.000752324296627}, "spectral_contrast_coeffs": {"dmean2": [0.0798955336213, 0.0684515237808, 0.0408480204642, 0.0347410626709, 0.0209167655557, 0.0350917614996], "median": [-0.578393101692, -0.680655360222, -0.744256615639, -0.732905328274, -0.820094168186, -0.893847227097], "min": [-0.938400089741, -0.965923547745, -0.962752640247, -0.979515254498, -0.971340000629, -0.955683469772], "dvar2": [0.00375117501244, 0.00359680433758, 0.00154573016334, 0.00121833721641, 0.000362588994903, 0.00126546493266], "dvar": [0.00125169812236, 0.00121246278286, 0.000617737183347, 0.000496163149364, 0.000154445238877, 0.000399262527935], "dmean": [0.0454295352101, 0.039275046438, 0.0249842777848, 0.0212207250297, 0.0128864683211, 0.0197734627873], "max": [-0.341442734003, -0.401017457247, -0.42117780447, -0.54665017128, -0.61994343996, -0.753173828125], "var": [0.0145541392267, 0.0103107886389, 0.00854002684355, 0.00616538431495, 0.00486915698275, 0.000503918970935], "mean": [-0.607596218586, -0.687215983868, -0.742556333542, -0.745785713196, -0.818816304207, -0.893672347069]}, "melbands_skewness": {"dmean2": 2.05568027496, "median": 0.556700766087, "min": -4.13435077667, "dvar2": 30.3338813782, "dvar": 10.7599782944, "dmean": 1.19028329849, "max": 61.71824646, "var": 29.9505939484, "mean": 1.86932229996}, "spectral_spread": {"dmean2": 613919.5625, "median": 689329.5, "min": 174602.578125, "dvar2": 264334344192, "dvar": 85154045952, "dmean": 341573.34375, "max": 8992956, "var": 3591715946500.0, "mean": 1339938.625}, "dissonance": {"dmean2": 0.107487782836, "median": 0.325390726328, "min": 0.0832790955901, "dvar2": 0.00959252100438, "dvar": 0.00336151756346, "dmean": 0.0615864098072, "max": 0.499948441982, "var": 0.00852416548878, "mean": 0.325351327658}, "spectral_skewness": {"dmean2": 2.60916447639, "median": 11.5236406326, "min": 1.64887011051, "dvar2": 5.99629831314, "dvar": 2.10218930244, "dmean": 1.47304141521, "max": 16.8956851959, "var": 12.8981313705, "mean": 10.5684747696}, "spectral_flux": {"dmean2": 0.0199299640954, "median": 0.0251089539379, "min": 0.000623348052613, "dvar2": 0.000932284805458, "dvar": 0.000370385503629, "dmean": 0.0125168012455, "max": 0.288627713919, "var": 0.000980196520686, "mean": 0.0348271764815}, "spectral_contrast_valleys": {"dmean2": [0.628260493279, 0.477376937866, 0.40742212534, 0.425815820694, 0.305217385292, 0.764333963394], "median": [-8.93450450897, -6.92929792404, -9.02030181885, -10.9477643967, -12.6797847748, -14.6750335693], "min": [-12.3810958862, -13.2752113342, -15.4429588318, -15.6415567398, -15.1329994202, -17.1549625397], "dvar2": [0.244075357914, 0.181313738227, 0.167092680931, 0.223036140203, 0.105435535312, 0.645616948605], "dvar": [0.0862062945962, 0.0695927962661, 0.0660168528557, 0.0926962047815, 0.0419917665422, 0.20075686276], "dmean": [0.367201149464, 0.281763255596, 0.243478760123, 0.254843145609, 0.181241750717, 0.424720853567], "max": [-6.3589015007, -4.51796722412, -6.1858048439, -7.46932315826, -9.56346702576, -12.2932624817], "var": [0.939144611359, 3.3231613636, 2.95438981056, 2.3091199398, 0.566721022129, 0.452441900969], "mean": [-8.98989868164, -7.49035787582, -9.4434633255, -11.2318077087, -12.6684942245, -14.5353918076]}, "erbbands_flatness_db": {"dmean2": 0.0332660079002, "median": 0.431383252144, "min": 0.0563068389893, "dvar2": 0.00105394050479, "dvar": 0.000326490931911, "dmean": 0.018986210227, "max": 0.5584654212, "var": 0.0105617940426, "mean": 0.404774338007}, "spectral_energyband_high": {"dmean2": 2.56288128497e-08, "median": 1.09042748164e-08, "min": 5.33399491243e-10, "dvar2": 2.25422843369e-14, "dvar": 1.12178493965e-14, "dmean": 1.71514678016e-08, "max": 3.45916419064e-06, "var": 2.58699379735e-14, "mean": 3.77078741565e-08}, "spectral_entropy": {"dmean2": 0.29978209734, "median": 5.15040063858, "min": 3.56890296936, "dvar2": 0.0934043452144, "dvar": 0.031199760735, "dmean": 0.170102730393, "max": 7.89227676392, "var": 0.377383887768, "mean": 5.28007507324}, "silence_rate_20dB": {"dmean2": 0, "median": 1, "min": 1, "dvar2": 0, "dvar": 0, "dmean": 0, "max": 1, "var": 0, "mean": 1}, "melbands_flatness_db": {"dmean2": 0.0482123158872, "median": 0.547511279583, "min": 0.32429638505, "dvar2": 0.00256242160685, "dvar": 0.000834619859233, "dmean": 0.0274905264378, "max": 0.723351359367, "var": 0.00198549567722, "mean": 0.546801328659}, "barkbands": {"dmean2": [0.000230755031225, 6.80616067257e-05, 0.000114828973892, 0.000701726647094, 0.00127501622774, 0.00322954473086, 0.00193966191728, 0.00152573850937, 0.000709166284651, 0.000240875451709, 5.00372625538e-05, 4.25467078458e-05, 1.44099494719e-05, 1.53081291501e-05, 4.04568754675e-06, 2.02868568522e-06, 6.54871769257e-07, 2.16097944872e-07, 1.1109117537e-07, 4.13056220339e-08, 1.0872303946e-08, 3.21100546152e-09, 1.60901414414e-09, 1.4793118952e-09, 1.34017119624e-09, 1.24853116734e-09, 1.27417654205e-09], "median": [5.82455249969e-05, 2.56892435573e-05, 3.46305423591e-05, 9.47093722061e-05, 0.000681176723447, 0.000613934011199, 0.000669548579026, 0.000214640298509, 0.000139144962304, 2.27468317462e-05, 9.28321969695e-06, 1.44589630509e-05, 5.9183284975e-06, 2.93739708468e-06, 2.85447612214e-07, 2.86727555476e-07, 6.87408459044e-08, 1.51388963587e-08, 6.70567112948e-09, 2.75649991721e-09, 1.8409681557e-09, 1.23538490548e-09, 1.05357644831e-09, 1.17183074355e-09, 1.22116528001e-09, 1.36258926364e-09, 1.48090417706e-09], "min": [2.12083648421e-08, 1.06830285063e-07, 1.08524043085e-08, 2.03964956036e-09, 2.77172507168e-09, 2.45240189267e-10, 9.83306991387e-10, 1.85717968781e-10, 1.90472679296e-10, 1.14710893562e-10, 5.10115248653e-11, 3.97081707793e-11, 6.19449005979e-11, 4.09906102117e-11, 3.88744349211e-11, 4.59595937696e-11, 3.59349459911e-11, 5.47894715708e-11, 6.32392194166e-11, 5.40710219654e-11, 1.09356919353e-10, 8.13442091463e-11, 5.94830643075e-11, 7.12510328515e-11, 5.71323127696e-11, 6.22516413418e-11, 7.22536475095e-11], "dvar2": [8.15334288973e-08, 2.32943460077e-08, 6.50032347949e-08, 5.53519430468e-06, 5.89752062297e-06, 0.000134992311359, 2.60429205809e-05, 4.15216491092e-05, 7.50258413973e-06, 2.41089151132e-06, 4.25203765531e-08, 2.5414570004e-08, 2.00902028347e-09, 4.99846430912e-09, 5.70488156715e-10, 1.95140736903e-10, 7.41023735429e-12, 1.28659940774e-12, 9.42773203255e-13, 1.60740222673e-13, 1.19109476581e-14, 3.88730709838e-16, 9.04333319929e-18, 6.86694945654e-18, 5.47565482728e-18, 4.89726987706e-18, 5.44506527464e-18], "dvar": [2.79166378903e-08, 8.78157369044e-09, 2.5472727927e-08, 1.4600581153e-06, 2.00594763555e-06, 3.76246352971e-05, 8.39577751321e-06, 2.13569892367e-05, 4.06516301155e-06, 1.63435720424e-06, 1.84096062839e-08, 1.65542726194e-08, 1.20207654941e-09, 1.96386129581e-09, 2.90063806307e-10, 7.98233285026e-11, 3.05068643958e-12, 5.95870954575e-13, 6.63952237374e-13, 7.84793169578e-14, 5.82398932818e-15, 3.00496558272e-16, 3.23927753586e-18, 2.48423741248e-18, 1.79356476206e-18, 1.53876490585e-18, 1.67889902099e-18], "dmean": [0.00012723323016, 4.08608611906e-05, 7.17742368579e-05, 0.000368835986592, 0.000737551250495, 0.00177605671342, 0.00108710408676, 0.00105907430407, 0.000490196223836, 0.000180779883522, 3.26063782268e-05, 3.06425827148e-05, 1.04360260593e-05, 9.86656050372e-06, 2.8235569971e-06, 1.26763120534e-06, 4.23550716278e-07, 1.42963287431e-07, 8.63429079345e-08, 2.82191354728e-08, 7.88836462817e-09, 2.20658380456e-09, 9.24297527405e-10, 8.60539528524e-10, 7.60361162921e-10, 6.91941337561e-10, 6.9907818423e-10], "max": [0.00219096173532, 0.00197203364223, 0.00440916605294, 0.0188284758478, 0.0300603490323, 0.123888380826, 0.072117485106, 0.118926405907, 0.0706042870879, 0.0527786649764, 0.003834559815, 0.00595401134342, 0.00168001884595, 0.00160542165395, 0.000731142354198, 0.000336706871167, 5.17246335221e-05, 2.20090405492e-05, 4.61999188701e-05, 1.10018872874e-05, 3.21791685565e-06, 1.09593156594e-06, 3.60174006175e-08, 3.6991533392e-08, 1.85573423295e-08, 1.76235133154e-08, 1.80667782956e-08], "var": [2.88016117622e-08, 2.48866669494e-08, 1.967608938e-07, 2.11756787394e-06, 8.03949660622e-06, 8.77325583133e-05, 2.78332499875e-05, 0.000100344819657, 2.93752746074e-05, 8.16991996544e-06, 5.96953739773e-08, 7.00071964843e-08, 1.13082485598e-08, 3.55449847333e-09, 8.10217337666e-10, 1.27018798257e-10, 9.93722899106e-12, 1.96719940684e-12, 2.46171637762e-12, 1.53127361594e-13, 1.34577458633e-14, 9.78472661273e-16, 7.38220977268e-18, 5.61457195295e-18, 2.67099122015e-18, 1.68895381493e-18, 1.56000514622e-18], "mean": [0.000118015072076, 7.5247080531e-05, 0.000206381664611, 0.000568152405322, 0.00167559529655, 0.0036351645831, 0.00246193329804, 0.00338137429208, 0.00162080151495, 0.000538770691492, 8.59306092025e-05, 8.24228845886e-05, 3.51400813088e-05, 1.93461564777e-05, 6.05766945228e-06, 2.92110576083e-06, 1.0478402146e-06, 3.41302609286e-07, 1.95758630639e-07, 6.09779462479e-08, 1.63256501651e-08, 4.33585745085e-09, 1.97297245208e-09, 1.95685978532e-09, 1.75392511625e-09, 1.73022030037e-09, 1.79228010211e-09]}, "erbbands_skewness": {"dmean2": 0.748526394367, "median": 0.921315610409, "min": -2.78696084023, "dvar2": 0.563144981861, "dvar": 0.196270942688, "dmean": 0.436513066292, "max": 4.93824148178, "var": 1.59139919281, "mean": 0.910297751427}, "erbbands_spread": {"dmean2": 3.45974254608, "median": 4.64665842056, "min": 0.575752615929, "dvar2": 44.9732971191, "dvar": 16.3148002625, "dmean": 2.01790904999, "max": 76.6312103271, "var": 119.602920532, "mean": 7.9351348877}, "melbands_kurtosis": {"dmean2": 135.242080688, "median": 2.90960025787, "min": -1.72433948517, "dvar2": 515279.96875, "dvar": 174940.53125, "dmean": 76.4540557861, "max": 8716.67675781, "var": 195678.9375, "mean": 90.4102478027}, "melbands": {"dmean2": [2.53042871918e-05, 4.33779350715e-05, 0.000258963758824, 0.000234879596974, 0.000558779574931, 0.000605489651207, 0.000433821871411, 0.000246009120019, 0.000268736708676, 8.08261611382e-05, 4.60363626189e-05, 2.89784948109e-05, 4.919008461e-06, 4.80709149997e-06, 3.43954070559e-06, 1.13317707928e-06, 9.72885231931e-07, 1.29982231556e-06, 2.638922183e-07, 1.35806729418e-07, 1.1198326888e-07, 3.41792087966e-08, 2.30589698447e-08, 1.08515880726e-08, 6.5228227264e-09, 2.51202147972e-09, 2.48224063526e-09, 5.97747129572e-10, 3.82735870774e-10, 1.81016229783e-10, 2.82906420512e-10, 6.97863225541e-11, 6.27566679179e-11, 3.78142933632e-11, 2.76420084738e-11, 2.38426518112e-11, 2.05213103455e-11, 1.84196217307e-11, 1.55007291724e-11, 1.32938712122e-11], "median": [1.44170680869e-05, 1.59149731189e-05, 5.1085553423e-05, 9.43008053582e-05, 0.000159388466273, 0.000146803460666, 0.000142486445839, 5.487773