{"tonal": {"thpcp": [1, 0.783215582371, 0.452584415674, 0.357144236565, 0.281238406897, 0.421278804541, 0.668090641499, 0.59997266531, 0.353039681911, 0.219576478004, 0.17998598516, 0.368026256561, 0.566301345825, 0.40159291029, 0.460172355175, 0.895143449306, 0.748478651047, 0.336228191853, 0.241168633103, 0.223455309868, 0.431731402874, 0.743490755558, 0.626692116261, 0.353677541018, 0.303411066532, 0.287502557039, 0.552760839462, 0.897870659828, 0.657900810242, 0.336517930031, 0.314326733351, 0.277742683887, 0.295613586903, 0.35187381506, 0.356130212545, 0.635317325592], "hpcp": {"dmean2": [0.163171574473, 0.112272500992, 0.150426357985, 0.196591213346, 0.179737478495, 0.195970311761, 0.231169000268, 0.239362686872, 0.203620061278, 0.163360729814, 0.157384306192, 0.199513554573, 0.258353084326, 0.254409641027, 0.223689392209, 0.233165130019, 0.232120737433, 0.252981603146, 0.292453676462, 0.245918631554, 0.210314780474, 0.210392564535, 0.195963352919, 0.207613423467, 0.227489545941, 0.229608938098, 0.288767814636, 0.332773208618, 0.314418017864, 0.316217452288, 0.288044095039, 0.230212911963, 0.231471285224, 0.258729279041, 0.292509317398, 0.257568687201], "median": [0.0219195112586, 0.0220706537366, 0.0593456886709, 0.0880429670215, 0.0623154342175, 0.0772610008717, 0.104625701904, 0.0801684856415, 0.0403780415654, 0.0257453322411, 0.0229477304965, 0.0541250184178, 0.0931923612952, 0.0766310691833, 0.0383133739233, 0.0271115526557, 0.0228452086449, 0.0952457338572, 0.165631011128, 0.121674641967, 0.0416434705257, 0.0271967463195, 0.0196410380304, 0.0306673254818, 0.0353269167244, 0.0330986119807, 0.108036100864, 0.197214052081, 0.135767817497, 0.043707922101, 0.0268511511385, 0.0205630399287, 0.0425902046263, 0.0570061355829, 0.0489807911217, 0.0293471198529], "min": [0, 0, 0, 0, 0, 0, 0, 0, 0, 0, 0, 0, 0, 0, 0, 0, 0, 0, 0, 0, 0, 0, 0, 0, 0, 0, 0, 0, 0, 0, 0, 0, 0, 0, 0, 0], "dvar2": [0.083171710372, 0.0433752760291, 0.0495753437281, 0.0713542550802, 0.0710320696235, 0.0777571648359, 0.0958581194282, 0.100398361683, 0.0897385030985, 0.0719348862767, 0.073199249804, 0.086249679327, 0.105743199587, 0.112424440682, 0.108849808574, 0.136640697718, 0.139350116253, 0.114010363817, 0.118415847421, 0.0918257310987, 0.0984333381057, 0.112335547805, 0.105194613338, 0.111082307994, 0.121552757919, 0.111118264496, 0.118500776589, 0.131879478693, 0.130268961191, 0.168588906527, 0.183747410774, 0.139338061213, 0.118296317756, 0.12887121737, 0.163084611297, 0.15305519104], "dvar": [0.0294679980725, 0.0160589907318, 0.0191058516502, 0.0288422442973, 0.0263665430248, 0.0275738779455, 0.0390480570495, 0.0397131331265, 0.0314382240176, 0.0255961697549, 0.0268089547753, 0.0323982462287, 0.0427336320281, 0.0436389148235, 0.0406899377704, 0.0479401648045, 0.0476796999574, 0.040960688144, 0.0474383756518, 0.0344857014716, 0.0355699136853, 0.0413228832185, 0.0394011773169, 0.0403887927532, 0.0437497124076, 0.0410949885845, 0.0439415760338, 0.0538189299405, 0.0501896962523, 0.0614256933331, 0.0645163729787, 0.0498827546835, 0.0418061614037, 0.050255086273, 0.0596219077706, 0.0531533434987], "dmean": [0.089679017663, 0.0634039416909, 0.0889181792736, 0.117358617485, 0.103250034153, 0.111192986369, 0.136541604996, 0.138500750065, 0.112669579685, 0.0905150100589, 0.0870232582092, 0.114487461746, 0.150787457824, 0.148697167635, 0.12634241581, 0.126868665218, 0.125416666269, 0.144377067685, 0.173144578934, 0.144408866763, 0.118158392608, 0.116205409169, 0.108882777393, 0.114318303764, 0.125842139125, 0.128246471286, 0.165818870068, 0.194992691278, 0.184070840478, 0.174006402493, 0.156058251858, 0.123936578631, 0.129741802812, 0.150553137064, 0.164395168424, 0.140367314219], "max": [1, 1, 1, 1, 1, 1, 1, 1, 1, 1, 1, 1, 1, 1, 1, 1, 1, 1, 1, 1, 1, 1, 1, 1, 1, 1, 1, 1, 1, 1, 1, 1, 1, 1, 1, 1], "var": [0.0217940751463, 0.0139557961375, 0.026977898553, 0.057575263083, 0.0331645905972, 0.0338529907167, 0.127855122089, 0.0987233519554, 0.0285145752132, 0.0210619810969, 0.0221382696182, 0.0404399223626, 0.0960225462914, 0.0699494108558, 0.0391454435885, 0.037028696388, 0.0349791459739, 0.0477421842515, 0.103123635054, 0.0575635060668, 0.033004462719, 0.0380803346634, 0.0337612703443, 0.0321078039706, 0.0395264066756, 0.0402125492692, 0.059736546129, 0.111746005714, 0.0822307690978, 0.0561112239957, 0.049302700907, 0.0367754586041, 0.0452183559537, 0.0979628637433, 0.08554623276, 0.0435069687665], "mean": [0.0729270800948, 0.0597780458629, 0.122231125832, 0.188083454967, 0.133379489183, 0.152835249901, 0.297300517559, 0.24858930707, 0.111670158803, 0.0800983980298, 0.0742153450847, 0.14338926971, 0.246932685375, 0.208140820265, 0.117465548217, 0.100770734251, 0.0954871103168, 0.183586299419, 0.298206299543, 0.218506038189, 0.111766390502, 0.104396119714, 0.092245593667, 0.0981809943914, 0.116866476834, 0.118280142546, 0.211005479097, 0.332126110792, 0.26012635231, 0.150315105915, 0.11861693114, 0.0934066176414, 0.139917686582, 0.221890345216, 0.199266597629, 0.117253698409]}, "tuning_equal_tempered_deviation": 0.0443482920527, "chords_changes_rate": 0.0374843813479, "key_key": "B", "tuning_diatonic_strength": 0.565168678761, "key_scale": "major", "chords_number_rate": 0.00166597252246, "tuning_frequency": 440.508575439, "tuning_nontempered_energy_ratio": 0.661450028419, "chords_histogram": [31.0495624542, 6.39316940308, 25.6768016815, 0.104123279452, 2.74885463715, 0, 1.39525198936, 0, 0.0416493117809, 0, 0, 0, 0.0208246558905, 0, 0, 0.666388988495, 0, 0.45814242959, 0, 2.8738026619, 0, 0.39566847682, 2.76967930794, 25.406080246], "key_strength": 0.804205060005, "chords_key": "B", "chords_strength": {"dmean2": 0.0080637736246, "median": 0.583178400993, "min": 0.255224466324, "dvar2": 5.94575467403e-05, "dvar": 6.14266682533e-05, "dmean": 0.00872317608446, "max": 0.769248485565, "var": 0.00861050467938, "mean": 0.56951123476}, "chords_scale": "major", "hpcp_entropy": {"dmean2": 0.941603302956, "median": 1.98337972164, "min": 0, "dvar2": 0.585918664932, "dvar": 0.215422779322, "dmean": 0.556044757366, "max": 4.07375049591, "var": 0.397062152624, "mean": 1.94693863392}}, "metadata": {"audio_properties": {"equal_loudness": 0, "codec": "mp3", "downmix": "mix", "sample_rate": 44100, "analysis_sample_rate": 44100, "bit_rate": 320000, "md5_encoded": "627684f9790bdad8c165a089025c8164", "length": 222.928985596, "replay_gain": -12.8043861389, "lossless": false}, "version": {"essentia_build_sha": "70f2e5ece6736b2c40cc944ad0e695b16b925413", "essentia": "2.1-beta2", "extractor": "music 1.0", "essentia_git_sha": "v2.1_beta2"}, "tags": {"title": ["Loose Leaves"], "language": ["eng"], "media": ["CD"], "albumartist": ["Bright Eyes"], "initialkey": ["B"], "musicbrainz_recordingid": ["18e7bcaa-f79e-4e55-a65d-af78764c5957"], "musicbrainz_albumartistid": ["78f797e3-4913-4026-aad0-1cd858bd735b"], "originalyear": ["2002"], "discnumber": ["1/1"], "bpm": ["128"], "catalognumber": ["LBJ-45"], "contentgroup": ["Indie"], "musicbrainz album type": ["ep"], "musicbrainz album status": ["Official"], "file_name": "04 Loose Leaves.mp3", "originaldate": ["2002-05-06"], "acoustid_fingerprint": ["AQADtFaSSgo1tFWGhxf8HWfQo0-E_Me5Cc3xhcSn7MGPRi8qEbcOPcdPtFIELfVx6eg_9CnyDI-WNeg_NEdoEZeGfTq0ox6PlEKoc9h5hM8xpUYu0ngkoXGIsoTyHn2OSJko_AgpBY0LPVJxGnmWEz0cOg6uIZ_xKDuUHacYo7F2fId2LjiaVTpOXNnRyAs0iXiSo97Q7MH3QV8xhcFBrehr6BlyKceUZUeP66iqHNbEROiRi9BzvDnCN7B67MlxKscPD3uiB2cquEE3jcrwHI9RuzhCT0FIT13g-pgmJQfP47qxh4erzHgiHFdO9NPxKCzuo0b4QlyD8MdPnEc1smh24iiPJl-O_rCe45ZIXAnSLxC7DPmFJm-F58LnCldRaiHC3BG-I_9w9D28lQg7UioSfw1-PDsa5glq6fiP2EHC58HTjTgz48d9-MMZpsgfJN-LPgma41XQ58gB7Y0RPtLRkMcffEQvwnqH_Oi2QRdyoZcC59nQZ0at4_iR0xDlzIYq8vgPVwyPH-aIklKIK4fyCw7F4-bBZD96esLzIKRF_EN4CV1EUUKzjAF39By0PGDJF19OPDoUUUqUo9kfIm9w4UuNRlvQFzeDZuSFR_mxbSWeEOyFC5eUJZhy6cWPxBdyCm0-odnO4ChZXMtx6khzfIE-x_BIoy_0acW3E48NR3j84qqFT65QK_DRb9Dx1FGgkSRxbURv_AzyH-HT2GiMDx--5IF7XFlk5MWJVskVhJke6JkRRtWOPsen6cWjSMaLo_fRfDnyXtCToxJ5NFWyGLp4hEfD48aj4w3ac3h7-JmR7AjlVMdpocd59PCPXghlHslyvMSfBu3RxBKS_8jXo9HOBH0u_B8u8eikhMeUWR0CPYqR5gdPGnkTQvFL5Ns49Id_tFzwfvgRJnpiaD2RGx96Cw0XoYv044f3FFdQMh96NGccPD8GXsceo893NHXw7Sj5oFmiS_iPT8efHM2PsIqOO4NGXA-a3dCrI7-PHo1z_B2eKHyGI40lJC_OC82ZVOgvPMJ3PLvxcREafyjyDM0bodXQ_DjOy_iJM8e17LgOMUsaY7IyHPlQmNES9Mku1NSD7w7SJ8O0PDxu2MV55GgZ5Wge4UTXKIc9NL-QH7p2aOFRlvihC12m0Ah_fDn6opnE4Dl-dDOSZcuSoOFylLKRPzHCVAwD7Vkz4uKRU0ca6CfihN1wSU-EiUseNG0OhjnCHAo5Nkceimi0ozz6akHz4wuaPbgQC6aaQ5PI4UE4MheaPLh2HM23o8f34UcTqhT6D60SPEf02Li0TaCMj4ei_MGhEw2XDz93NNViqGJyXIdHpsaVHefRcmhWFrokxM3y4MnRJTl-Ij4PzUP4S_B19JFyfMcv_MHPohNvODaPkDo0KslepP_Q7kJ-lDscKoccCoevHAeAIwdwID_0I8eKH9zxY89x_Ah56Ec-1MrhZzh7PFN2mD-uI9eRnFXwoFxyYUeVG1SeFD0bYdc73Bs-sXgU9MgfaMoRSuzhKngO__B__MiLydFw4qdwHvlRbUtwGieP_GDkHPqRSwka7Ap8Hj6TF2UfxDuehYEuFc0jaGQtfNKJSPPh4c4OPwePx8VFCsc2qeiTCM_RRxHhNEf6wJokCtqPa0SoE051XCmehUf4q1CvIwx6RUHOozmP6oEeEu8NPdmKHzn6wyR66shJFpDDI5RhaooRtrihMxp-xF0Hbw2FfBlU8Qh_NJeGS3mCzwrO48V3hFXTQoTHQ0eew-iJipfgVReeNTrc415wLVsQ-tCPK7lw_ET1QItd4Tz0o3p0NN1ynB5y_egbOHoEH7eHy0V7HNeI5kcIIdQHT9WJTvlQloc9wT_yH5egK8Y1XBp8Hq2a4_Fl9PC6I_fxGdXRF34unIKPP8Z3fPCeHO2RE3t-aDJzpD-c9kbfgj36o7mOPMRIZamg48F3PAqHUscVHfmKHDZzTJJ0YecRnajMw5Pw6PCPC4fHw4-iYhcxPUfoLcV_pMyN6jMYzoW7oXtw9ZhSx0J7fGgqBt-F5kcuBr1muId-3MGlIYevHN9xwxqvoDf-yMJx8UMTS-h7PPPw7FTRXMXTwdNYPEgvC6U-6BfiJjG6Lmgq6cgX6AhzHj_8HMiR7McVvLiyo8lxCekg7kH4H1_24Dl-hM-RcCU6_fiPN0djLT1uoQlH_Ed4I1nCLQ6eM8F1tEez48zxRHhNJP6JuPitoIzCOIW7Bz1yUYLeHFNeGSF1sAuDK8f-IfQFHemm4x-cHeEOfSuao8Zz9IcvC-KRqh_6FD9qLZuIJzueFn7MEO0O_HpQMqHhH9eNWU7xzAKP5whzqVAe5MNRTmwCXxa-ZfiWoHhk9IQdfkS7FDlUMZsRZtTRTXXwKRmaFj3-40xI4tsQdjfEI3Re4tF2dGFy_LiPcke-Fzp6pHmH_hPy6OijQ3yCHIfduOgthN6OhFx4lMKFZ8aPRwkuXD6SZV0QXniEjhyDE2E5aD-R7ketzDq-mEFzhC_0DOmP_-hpoRkT5fiFamOMZlJ2_PgRppMeaBzR8EQoPcU5cbhzodmDsGqDizn0D9-F5kKfY4-SEyWoD4ryQ39wZoY6Hf0h_gAlBGEaEOAQQkAgSAmQAgkhBSGMIEGsEUQJYABgwBgEmIGIAcGJMAAEIaBCgCFgkEAKwEGEUhg5oTFgCABGDBKCGMAYoooggoQgjDKEADGGAKGEJEwyBYAixAADhANCIWMcUAYJAZhiRAlCmBGEMASMEEIKBZARRgEgFEMGCKOMkUY4BcgSRADjCEKEEMEEEAYoQQFCABBlhAAAEQiAIYAyAwCQQAkAyHBEUMaAQEAKgYAwygBpDCAEQMOAE4oRhoBQAhAiFhAMGKMAUVoqRgAQAHDBPANKECSMAIYZI4gAghCBiBDIAIIQIQgpYpgUAAgmAAXCEAUYEMg5AIATRggElCIACEKAMkQQIQSRAAkAkiHACAaAA4YoIARVAikGBOOEacAEEAAgRJACghBhhDICQKIUMAowAwUDQgBkhAIICCUAQA4hgBxAhAFDoFEAGeiUAFQBggBAIBAiADIMAWIIYAgwBJBAQAigKHIMAGAEEIIQYxxiQohTosGGGgMpUgJbAxThiCBABAEEQEQgJUAaAQgyzBBHEFLACgIc0sgRwiSgRgBqBBAECACMEw4YQYFAwjRkAUVCIUIIBVAQIYABSgBkjFDIAiQQAMJSwCwxAAEiAEUCKSaVIQwQQZhSiAElFiKMGAWEQoARwLgijhIEgDBAACGAYYQAoQQBggonAAKGEuEYCABoJIBAQAhBAHDICcMcU4JRIA1BgCnkRCXAAgCAEUACCZgDwBjglEHGCAAEJgAA5IQADBikGEQQAIKCcEYIqAQYgxglABLACOoQAkAAoJAgRBColCBKCQIJIIgIIRxSwCDDjEGEKUSQYoghg5SgQBEKDAEAGKOYd0YgAAMwTgrjgDLCAQEUMMYAhhQgDgsDCDICAAkWAYyJQUAh1iAGiAAECUQEAUIIhQwkzAAoBCASGQUMhQoAACRAhgCIDAA"], "date": ["2002-05-06"], "genre": ["Rock"], "musicbrainz album release country": ["US"], "album": ["There Is No Beginning to the Story"], "musicbrainz_artistid": ["78f797e3-4913-4026-aad0-1cd858bd735b"], "asin": ["B000066AQH"], "musicbrainz_albumid": ["d8e962f1-1b5c-4b99-918f-d09ce7829403"], "artist": ["Bright Eyes"], "artistsort": ["Bright Eyes"], "tracknumber": ["4/5"], "label": ["Saddle Creek Records"], "albumartistsort": ["Bright Eyes", "Bright Eyes"], "acoustid_id": ["44a897ef-26f4-4f85-a407-9d8759ba52b8"], "script": ["Latn"], "musicbrainz_releasegroupid": ["fb515f5a-d540-3ce1-bd3c-b79922f504f6"]}}, "rhythm": {"bpm_histogram_first_peak_bpm": {"dmean2": 0, "median": 129, "min": 129, "dvar2": 0, "dvar": 0, "dmean": 0, "max": 129, "var": 0, "mean": 129}, "bpm": 128.57925415, "bpm_histogram_second_peak_spread": {"dmean2": 0, "median": 0.209302306175, "min": 0.209302306175, "dvar2": 0, "dvar": 0, "dmean": 0, "max": 0.209302306175, "var": 0, "mean": 0.209302306175}, "bpm_histogram_first_peak_weight": {"dmean2": 0, "median": 0.399581581354, "min": 0.399581581354, "dvar2": 0, "dvar": 0, "dmean": 0, "max": 0.399581581354, "var": 0, "mean": 0.399581581354}, "onset_rate": 3.98750567436, "beats_position": [0.383129239082, 0.777868449688, 1.18421769142, 1.59056687355, 2.00852608681, 2.43809509277, 2.85605430603, 3.28562355042, 3.7151927948, 4.14476203918, 4.57433080673, 5.01551008224, 5.45668935776, 5.90947818756, 6.3622674942, 6.80344676971, 7.24462556839, 7.6858048439, 8.12698364258, 8.56816291809, 9.0093421936, 9.45052146912, 9.8800907135, 10.321269989, 10.7508392334, 11.1920175552, 11.6331968307, 12.0859861374, 12.538775444, 12.9799547195, 13.4211339951, 13.8623123169, 14.3034915924, 14.7446708679, 15.1858501434, 15.6386394501, 16.0914287567, 16.5326080322, 16.9853973389, 17.4497947693, 17.9025840759, 18.3437633514, 18.7965526581, 19.2493419647, 19.6905212402, 20.154920578, 20.5960998535, 21.0488891602, 21.5016784668, 21.9544658661, 22.4072551727, 22.8600444794, 23.3012237549, 23.7540130615, 24.195192337, 24.6595916748, 25.1239910126, 25.5767803192, 26.0295696259, 26.4823570251, 26.9351463318, 27.3763256073, 27.8175048828, 28.2819042206, 28.7346935272, 29.1874828339, 29.6402721405, 30.0930614471, 30.5458488464, 30.9986381531, 31.4630374908, 31.9274368286, 32.3802261353, 32.8446235657, 33.2974128723, 33.750202179, 34.2029914856, 34.6673927307, 35.1317901611, 35.5961914062, 36.0605888367, 36.5133781433, 36.96616745, 37.4189567566, 37.8717460632, 38.3129234314, 38.765712738, 39.2185020447, 39.6829032898, 40.1473007202, 40.6000900269, 41.0528793335, 41.5172767639, 41.981678009, 42.4460754395, 42.9104766846, 43.374874115, 43.8392753601, 44.2920608521, 44.7448501587, 45.2092514038, 45.6736488342, 46.1380500793, 46.590839386, 47.0436286926, 47.508026123, 47.9724235535, 48.4368247986, 48.901222229, 49.3656234741, 49.8300209045, 50.2944221497, 50.7588195801, 51.2232208252, 51.6876182556, 52.152015686, 52.6164169312, 53.0808143616, 53.5452156067, 53.9980049133, 54.45079422, 54.9151916504, 55.3795890808, 55.8439903259, 56.3199996948, 56.7727890015, 57.2255783081, 57.6783676147, 58.1311569214, 58.583946228, 59.0483436584, 59.5127410889, 59.977142334, 60.4415397644, 60.894329071, 61.3471183777, 61.8115196228, 62.2759170532, 62.7403144836, 63.2047157288, 63.6807250977, 64.1567306519, 64.621131897, 65.0971450806, 65.5731506348, 66.0375518799, 66.5019454956, 66.9663467407, 67.4307479858, 67.895149231, 68.3595428467, 68.8239440918, 69.2883453369, 69.7643508911, 70.2403640747, 70.7163696289, 71.1923828125, 71.6567764282, 72.1327896118, 72.608795166, 73.0731964111, 73.5375976562, 74.0136032104, 74.4780044556, 74.9540100098, 75.4184112549, 75.8828125, 76.3472061157, 76.8232192993, 77.2992248535, 77.7752380371, 78.2512435913, 78.7156448364, 79.1800460815, 79.6444396973, 80.1088409424, 80.584854126, 81.0608596802, 81.5252609253, 81.9896621704, 82.4656677246, 82.9416732788, 83.4060745239, 83.8820877075, 84.3580932617, 84.8224945068, 85.2868881226, 85.7512893677, 86.2156906128, 86.6800918579, 87.1560974121, 87.6437149048, 88.1197280884, 88.5841217041, 89.0485229492, 89.5129241943, 89.9773254395, 90.4417190552, 90.9061203003, 91.3705215454, 91.8465270996, 92.3225402832, 92.7869338989, 93.251335144, 93.7157363892, 94.1801376343, 94.64453125, 95.1089324951, 95.5733337402, 96.037727356, 96.5021286011, 96.9549179077, 97.4077072144, 97.860496521, 98.3132858276, 98.7660751343, 99.2072525024, 99.6484298706, 100.089614868, 100.542404175, 100.971969604, 101.401542664, 101.842720032, 102.2838974, 102.725074768, 103.177864075, 103.630653381, 104.095054626, 104.571060181, 105.047073364, 105.511474609, 105.975868225, 106.44026947, 106.893058777, 107.36907196, 107.833465576, 108.297866821, 108.762268066, 109.238273621, 109.714286804, 110.190292358, 110.654693604, 111.119087219, 111.595100403, 112.059501648, 112.535507202, 112.999908447, 113.464309692, 113.940315247, 114.393104553, 114.857505798, 115.333511353, 115.797912598, 116.262313843, 116.715103149, 117.167892456, 117.632286072, 118.096687317, 118.572692871, 119.048706055, 119.536323547, 120.000724792, 120.465126038, 120.929519653, 121.393920898, 121.858322144, 122.322715759, 122.787117004, 123.263130188, 123.739135742, 124.215148926, 124.679542542, 125.132331848, 125.596733093, 126.061134338, 126.525527954, 126.989929199, 127.454330444, 127.91872406, 128.383132935, 128.847518921, 129.311920166, 129.776321411, 130.240722656, 130.705123901, 131.181137085, 131.65713501, 132.121536255, 132.5859375, 133.050338745, 133.526351929, 134.002349854, 134.466751099, 134.931152344, 135.395553589, 135.859954834, 136.335968018, 136.811965942, 137.287979126, 137.752380371, 138.228393555, 138.704391479, 139.180404663, 139.644805908, 140.109207153, 140.56199646, 141.003173828, 141.455963135, 141.92036438, 142.373153687, 142.837554932, 143.313552856, 143.78956604, 144.265579224, 144.729980469, 145.194366455, 145.6587677, 146.123168945, 146.58757019, 147.051971436, 147.527984619, 148.003982544, 148.479995728, 148.944396973, 149.420410156, 149.884811401, 150.360809326, 150.83682251, 151.301223755, 151.765625, 152.241622925, 152.717636108, 153.193649292, 153.669662476, 154.1456604, 154.621673584, 155.074462891, 155.527252197, 156.003265381, 156.479278564, 156.955276489, 157.431289673, 157.918914795, 158.383300781, 158.847702026, 159.32371521, 159.788116455, 160.2525177, 160.728515625, 161.19291687, 161.657318115, 162.12171936, 162.597732544, 163.073745728, 163.549743652, 164.025756836, 164.490158081, 164.954559326, 165.430557251, 165.906570435, 166.37097168, 166.835372925, 167.311386108, 167.787384033, 168.251785278, 168.727798462, 169.203811646, 169.67980957, 170.167434692, 170.643447876, 171.119445801, 171.595458984, 172.059860229, 172.524261475, 172.98866272, 173.464660645, 173.940673828, 174.405075073, 174.869476318, 175.345489502, 175.821487427, 176.285888672, 176.761901855, 177.237915039, 177.713912964, 178.189926147, 178.67755127, 179.165161133, 179.629562378, 180.093963623, 180.569976807, 181.04598999, 181.521987915, 181.998001099, 182.474014282, 182.950012207, 183.437637329, 183.913650513, 184.389663696, 184.854049683, 185.330062866, 185.80607605, 186.293685913, 186.781311035, 187.24571228, 187.710113525, 188.197723389, 188.685348511, 189.149749756, 189.614151001, 190.090148926, 190.566162109, 191.030563354, 191.4949646, 191.959365845, 192.42376709, 192.899765015, 193.375778198, 193.851791382, 194.327789307, 194.815414429, 195.279815674, 195.744216919, 196.220230103, 196.696228027, 197.160629272, 197.636642456, 198.11265564, 198.588653564, 199.064666748, 199.529067993, 200.005081177, 200.481079102, 200.945480347, 201.409881592, 201.897506714, 202.361907959, 202.837905884, 203.313919067, 203.778320312, 204.254333496, 204.730331421, 205.194732666, 205.67074585, 206.146759033, 206.622756958, 207.098770142, 207.563171387, 208.03918457, 208.515182495, 208.991195679, 209.467208862, 209.943222046, 210.419219971, 210.895233154, 211.371246338, 211.847259521, 212.323257446, 212.79927063, 213.275283813, 213.762893677, 214.23890686, 214.714920044, 215.202529907, 215.678543091, 216.154556274, 216.630569458, 217.106567383, 217.582580566, 218.05859375, 218.534591675, 219.010604858, 219.486618042, 219.962631226, 220.427032471, 220.914642334, 221.390655518, 221.866668701, 222.342666626], "beats_loudness": {"dmean2": 0.0323637872934, "median": 0.0476732552052, "min": 0.000479835318401, "dvar2": 0.000667298038024, "dvar": 0.000210300786421, "dmean": 0.01810881868, "max": 0.104218922555, "var": 0.000314088800224, "mean": 0.0498811379075}, "danceability": 1.20953643322, "bpm_histogram_second_peak_weight": {"dmean2": 0, "median": 0.0711297094822, "min": 0.0711297094822, "dvar2": 0, "dvar": 0, "dmean": 0, "max": 0.0711297094822, "var": 0, "mean": 0.0711297094822}, "beats_count": 479, "bpm_histogram_second_peak_bpm": {"dmean2": 0, "median": 136, "min": 136, "dvar2": 0, "dvar": 0, "dmean": 0, "max": 136, "var": 0, "mean": 136}, "bpm_histogram_first_peak_spread": {"dmean2": 0, "median": 0.538647353649, "min": 0.538647353649, "dvar2": 0, "dvar": 0, "dmean": 0, "max": 0.538647353649, "var": 0, "mean": 0.538647353649}, "beats_loudness_band_ratio": {"dmean2": [0.377258062363, 0.145695373416, 0.195486187935, 0.142435252666, 0.0758452191949, 0.124213263392], "median": [0.488621473312, 0.0991223603487, 0.155511289835, 0.077878549695, 0.0555968359113, 0.0346845760942], "min": [0.0451415963471, 0.00308420346119, 0.0154652446508, 0.00762586388737, 0.0048873834312, 0.00252153375186], "dvar2": [0.0789922475815, 0.0161777324975, 0.0283828377724, 0.0213893316686, 0.00823441985995, 0.0150889307261], "dvar": [0.024436250329, 0.00614824844524, 0.0100415749475, 0.00761870760471, 0.00303101399913, 0.00463391188532], "dmean": [0.205869436264, 0.0822440609336, 0.110535420477, 0.0799080133438, 0.0432580076158, 0.0633487477899], "max": [0.918516874313, 0.671441495419, 0.678139328957, 0.581122756004, 0.811850667, 0.621683061123], "var": [0.0398095436394, 0.00896248780191, 0.0145297469571, 0.00930461287498, 0.0036663566716, 0.00357938185334], "mean": [0.496422857046, 0.121424220502, 0.184922114015, 0.113407671452, 0.0698108449578, 0.0536646395922]}}, "lowlevel": {"barkbands_spread": {"dmean2": 7.95600414276, "median": 20.7001228333, "min": 0.455936789513, "dvar2": 80.8545150757, "dvar": 40.8902359009, "dmean": 5.21792936325, "max": 86.1147155762, "var": 136.686431885, "mean": 23.0354137421}, "melbands_spread": {"dmean2": 10.595158577, "median": 22.916217804, "min": 0.486863225698, "dvar2": 150.178314209, "dvar": 72.5144577026, "dmean": 6.82176208496, "max": 145.712661743, "var": 195.135696411, "mean": 24.9390335083}, "hfc": {"dmean2": 8.9363193512, "median": 25.2260475159, "min": 1.15129538754e-16, "dvar2": 124.836051941, "dvar": 62.816986084, "dmean": 6.23499250412, "max": 126.535926819, "var": 257.080230713, "mean": 27.4282436371}, "barkbands_kurtosis": {"dmean2": 2.73769545555, "median": 0.822705864906, "min": -1.84403920174, "dvar2": 24.4422836304, "dvar": 10.1054582596, "dmean": 1.70420336723, "max": 91.8190612793, "var": 19.4212188721, "mean": 1.9413305521}, "gfcc": {"mean": [33.8663444519, 102.808227539, -127.532951355, 33.5611152649, -53.3932876587, 10.404712677, -28.5132465363, 6.8002448082, -19.0825004578, -0.370890378952, -19.4571056366, -8.55274772644, -15.0716714859], "icov": [[0.000564270361792, 1.49839506776e-05, 0.000577673548833, -0.00060038396623, 0.000544743495993, -0.000811667065136, 0.000529806013219, -0.0006857412518, 0.000796436856035, -0.000617309648078, 0.000689305772539, -0.000667236337904, 0.000797284883447], [1.49839506776e-05, 0.00287483655848, 7.74017898948e-05, 0.000610026239883, -0.00249534961767, 0.00176655070391, -0.0018090828089, 0.002327847993, -0.00160800595768, 0.00194611959159, -0.00306208594702, 0.00206258683465, -0.00206524459645], [0.000577673548833, 7.74017898948e-05, 0.00317484675907, -0.00195283151697, 4.90112688567e-06, -0.0020864715334, 0.00178146723192, -0.00142085214611, 0.00156365381554, -0.00115099025425, 0.00238450360484, -0.000939040619414, 0.00214926246554], [-0.00060038396623, 0.000610026239883, -0.00195283151697, 0.00593599770218, -0.00149323430378, 0.00236568390392, -0.00220014061779, 0.00128908618353, -0.0021690397989, 0.00171209534165, -0.00285169808194, 0.00367898959666, -0.00413992954418], [0.000544743495993, -0.00249534961767, 4.90112688567e-06, -0.00149323430378, 0.00983053911477, -0.00267702015117, -0.000644279352855, -0.00200135912746, 0.000411375251133, -0.00123438739683, 0.00243190606125, -0.00368497893214, 0.0040043592453], [-0.000811667065136, 0.00176655070391, -0.0020864715334, 0.00236568390392, -0.00267702015117, 0.00970945879817, -0.00353173352778, 0.000139887502883, -0.00123793305829, 0.0027280098293, -0.00378781324252, 0.00186096935067, -0.00287726335227], [0.000529806013219, -0.0018090828089, 0.00178146723192, -0.00220014061779, -0.000644279352855, -0.00353173352778, 0.00995214376599, -0.00269107264467, 0.000547540490516, -0.000345118489349, 0.00284334318712, 4.78094043501e-05, 0.00137030833866], [-0.0006857412518, 0.002327847993, -0.00142085214611, 0.00128908618353, -0.00200135912746, 0.000139887502883, -0.00269107264467, 0.0159095656127, -0.0042510763742, 0.000177370180609, -0.000323697051499, 0.00132944004145, -0.000348158268025], [0.000796436856035, -0.00160800595768, 0.00156365381554, -0.0021690397989, 0.000411375251133, -0.00123793305829, 0.000547540490516, -0.0042510763742, 0.0135414311662, -0.00465192878619, 0.00241511873901, -0.000542599125765, 0.00247664866038], [-0.000617309648078, 0.00194611959159, -0.00115099025425, 0.00171209534165, -0.00123438739683, 0.0027280098293, -0.000345118489349, 0.000177370180609, -0.00465192878619, 0.0184309463948, -0.00823722593486, 0.00369046255946, 0.000114149690489], [0.000689305772539, -0.00306208594702, 0.00238450360484, -0.00285169808194, 0.00243190606125, -0.00378781324252, 0.00284334318712, -0.000323697051499, 0.00241511873901, -0.00823722593486, 0.0223997496068, -0.00986029393971, 0.00552851520479], [-0.000667236337904, 0.00206258683465, -0.000939040619414, 0.00367898959666, -0.00368497893214, 0.00186096935067, 4.78094043501e-05, 0.00132944004145, -0.000542599125765, 0.00369046255946, -0.00986029393971, 0.0222675204277, -0.0102412533015], [0.000797284883447, -0.00206524459645, 0.00214926246554, -0.00413992954418, 0.0040043592453, -0.00287726335227, 0.00137030833866, -0.000348158268025, 0.00247664866038, 0.000114149690489, 0.00552851520479, -0.0102412533015, 0.0245657600462]], "cov": [[3232.91870117, -841.260131836, -113.464401245, -31.2327842712, -270.845550537, 175.51184082, -201.43296814, 134.170623779, -164.321731567, 73.9512252808, -40.271194458, 52.9575843811, -45.7787475586], [-841.260131836, 1084.98999023, -256.508666992, 71.7063522339, 227.096054077, -120.086868286, 203.430755615, -125.388710022, 108.814300537, -59.026638031, 82.7085037231, -21.3662109375, 50.6198387146], [-113.464401245, -256.508666992, 592.662719727, 92.1739959717, 10.6012048721, 90.0141296387, -54.2750549316, 61.5495376587, -29.0855712891, 10.1567878723, -55.314289093, -22.4137649536, -35.4966239929], [-31.2327842712, 71.7063522339, 92.1739959717, 267.065216064, 39.0319976807, -15.1058187485, 50.8975906372, -0.394742667675, 30.5742397308, -9.42715263367, -3.13817763329, -31.1191673279, 17.7026023865], [-270.845550537, 227.096054077, 10.6012048721, 39.0319976807, 186.435195923, 18.0167732239, 76.4828109741, -0.954066455364, 35.9345817566, -11.3778915405, 8.80834770203, -1.67964482307, -5.27946615219], [175.51184082, -120.086868286, 90.0141296387, -15.1058187485, 18.0167732239, 170.597091675, 23.6405525208, 35.5123939514, -11.5438108444, -4.87351799011, -6.11854982376, 4.49308490753, -5.54751396179], [-201.43296814, 203.430755615, -54.2750549316, 50.8975906372, 76.4828109741, 23.6405525208, 180.813430786, 4.17380142212, 36.1234016418, -19.2705669403, -2.01767992973, -19.6079120636, 5.96830177307], [134.170623779, -125.388710022, 61.5495376587, -0.394742667675, -0.954066455364, 35.5123939514, 4.17380142212, 96.0799179077, 13.2353954315, 12.7120676041, -16.9073066711, -6.9182434082, -15.3762807846], [-164.321731567, 108.814300537, -29.0855712891, 30.5742397308, 35.9345817566, -11.5438108444, 36.1234016418, 13.2353954315, 110.343963623, 16.4221000671, 5.40030145645, -15.5214481354, -5.74568796158], [73.9512252808, -59.026638031, 10.1567878723, -9.42715263367, -11.3778915405, -4.87351799011, -19.2705669403, 12.7120676041, 16.4221000671, 77.5305862427, 19.4195137024, -3.30201911926, -15.0636720657], [-40.271194458, 82.7085037231, -55.314289093, -3.13817763329, 8.80834770203, -6.11854982376, -2.01767992973, -16.9073066711, 5.40030145645, 19.4195137024, 77.5063858032, 24.6870155334, 2.50573706627], [52.9575843811, -21.3662109375, -22.4137649536, -31.1191673279, -1.67964482307, 4.49308490753, -19.6079120636, -6.9182434082, -15.5214481354, -3.30201911926, 24.6870155334, 73.5450057983, 21.6820373535], [-45.7787475586, 50.6198387146, -35.4966239929, 17.7026023865, -5.27946615219, -5.54751396179, 5.96830177307, -15.3762807846, -5.74568796158, -15.0636720657, 2.50573706627, 21.6820373535, 61.3217506409]]}, "spectral_energyband_middle_low": {"dmean2": 0.00838338024914, "median": 0.0140581158921, "min": 2.0792910598e-22, "dvar2": 0.000100268458482, "dvar": 3.83153965231e-05, "dmean": 0.00514287082478, "max": 0.0892707854509, "var": 7.79187612352e-05, "mean": 0.0156279690564}, "melbands_crest": {"dmean2": 5.62257099152, "median": 12.1592769623, "min": 2.5020005703, "dvar2": 23.7411613464, "dvar": 8.8188123703, "dmean": 3.37940311432, "max": 28.961101532, "var": 19.2250919342, "mean": 12.659491539}, "spectral_kurtosis": {"dmean2": 2.46091532707, "median": 3.77814602852, "min": -1.28673791885, "dvar2": 15.4522285461, "dvar": 7.66043806076, "dmean": 1.46351122856, "max": 125.076766968, "var": 21.3147697449, "mean": 4.27358150482}, "spectral_rms": {"dmean2": 0.00128689804114, "median": 0.00572466710582, "min": 3.20952162416e-12, "dvar2": 1.65844903677e-06, "dvar": 7.65714219142e-07, "dmean": 0.000840211228933, "max": 0.0118428105488, "var": 2.34605636251e-06, "mean": 0.00576414028183}, "zerocrossingrate": {"dmean2": 0.0120413713157, "median": 0.05126953125, "min": 0.00341796875, "dvar2": 0.00020414039318, "dvar": 0.000179770198883, "dmean": 0.0102233411744, "max": 0.50537109375, "var": 0.000912350777071, "mean": 0.0577503181994}, "silence_rate_60dB": {"dmean2": 0.00291666667908, "median": 0, "min": 0, "dvar2": 0.00311589194462, "dvar": 0.00145583739504, "dmean": 0.00145818141755, "max": 1, "var": 0.00918424036354, "mean": 0.00926890224218}, "erbbands_kurtosis": {"dmean2": 0.99354493618, "median": -0.313735961914, "min": -1.66028761864, "dvar2": 12.7668371201, "dvar": 6.59836006165, "dmean": 0.630592346191, "max": 108.559020996, "var": 11.3708839417, "mean": 0.0775059983134}, "erbbands": {"dmean2": [0.128838911653, 2.46825671196, 7.50264406204, 10.6968383789, 14.2290506363, 9.66890525818, 8.60456371307, 13.4781961441, 17.3054447174, 32.3312263489, 43.2697105408, 33.0879096985, 29.6906280518, 27.5158195496, 25.2868747711, 29.299911499, 27.9287662506, 38.460735321, 31.3257064819, 33.0074615479, 23.1773319244, 23.2412433624, 19.6027889252, 15.3118572235, 29.4666900635, 11.6290121078, 13.3189096451, 6.60438871384, 5.84460067749, 4.79541873932, 3.27528643608, 2.24196171761, 1.46067714691, 1.00195431709, 0.515433132648, 0.166566878557, 0.0425008423626, 0.00742300925776, 0.000721501884982, 5.21132606082e-05], "median": [0.0408230274916, 0.742957949638, 4.4944357872, 6.48429107666, 8.42530250549, 6.23923254013, 5.74789714813, 8.00123977661, 11.5659370422, 24.5930480957, 35.0171432495, 33.8330764771, 17.4505119324, 19.5286521912, 21.6251068115, 18.1223831177, 19.1154212952, 26.3412189484, 23.4830722809, 23.5317268372, 20.9504413605, 20.1020355225, 16.856048584, 13.8032493591, 13.5104990005, 9.74765205383, 8.17385196686, 4.25454425812, 3.36485433578, 2.25100207329, 1.58234906197, 0.5644749403, 0.279232621193, 0.212897956371, 0.121219828725, 0.0273623466492, 0.0056459326297, 0.00159610924311, 0.00017919234233, 5.50454278709e-05], "min": [3.74655236951e-22, 5.69447713644e-22, 6.67351183242e-21, 4.97656542683e-20, 3.79176038503e-20, 8.11755180469e-20, 1.96873393109e-19, 3.08654690756e-19, 2.86669961984e-19, 7.13127088538e-19, 5.22972793071e-19, 1.00139456893e-18, 1.17242212219e-18, 1.56487186336e-18, 1.83723038582e-18, 3.47240660419e-18, 1.64337016611e-18, 4.66159702156e-18, 4.85040802741e-18, 3.97658849038e-18, 5.06851198029e-18, 6.81549964962e-18, 6.29727306381e-18, 1.05645092468e-17, 1.6533092168e-17, 1.60203411043e-17, 1.82881543609e-17, 1.74312266792e-17, 1.10902660713e-17, 2.13464942028e-17, 1.81647489397e-17, 1.46233025329e-17, 1.14706690642e-17, 1.10363860077e-17, 8.91901622503e-18, 6.05432929072e-18, 3.27620184443e-18, 1.00144626772e-18, 2.98969026168e-19, 3.03445617784e-20], "dvar2": [0.0545239374042, 13.6138095856, 109.108108521, 270.552764893, 395.618896484, 225.812896729, 169.872558594, 567.773986816, 1233.01037598, 3240.67724609, 6566.43603516, 3794.51538086, 5386.08935547, 3343.19116211, 1788.00500488, 3791.08447266, 3028.73657227, 5073.85107422, 4151.72070312, 3417.95922852, 1741.79528809, 1279.85900879, 1336.65100098, 881.544555664, 7086.99511719, 511.542449951, 1245.00439453, 312.978546143, 230.751647949, 167.604690552, 55.8143768311, 39.5120887756, 16.7989997864, 7.20261573792, 1.73635745049, 0.211223393679, 0.0151013247669, 0.000453119515441, 3.11115036311e-06, 8.14329226273e-09], "dvar": [0.0214985031635, 5.39249229431, 40.1712265015, 96.4012908936, 145.618301392, 81.2169647217, 70.0455551147, 243.954620361, 526.183349609, 1274.05310059, 2954.69702148, 1662.52685547, 2560.52099609, 1955.73339844, 946.909301758, 1813.45715332, 1394.3470459, 2348.77001953, 1667.8951416, 1365.68591309, 756.966430664, 591.858947754, 585.786682129, 384.566986084, 2709.64282227, 220.955032349, 502.950683594, 131.508560181, 106.99785614, 79.8438415527, 27.4034824371, 20.7413654327, 9.04037857056, 3.64044260979, 0.823190867901, 0.0906666964293, 0.00591590441763, 0.000166390556842, 1.22512074086e-06, 3.71581654335e-09], "dmean": [0.0761967673898, 1.46312403679, 4.45971012115, 6.14802312851, 8.38436412811, 5.63713979721, 5.28654909134, 8.5589017868, 11.3083782196, 20.2065925598, 28.701997757, 21.8488483429, 20.0517692566, 18.8856086731, 17.3445987701, 20.1445083618, 18.5830059052, 25.3095760345, 19.4692440033, 20.6559123993, 14.6084604263, 14.8558826447, 12.442070961, 9.74251556396, 18.1637535095, 7.45307683945, 8.35513782501, 4.2750711441, 3.8963470459, 3.14080786705, 2.20534300804, 1.55688655376, 1.01139867306, 0.679686307907, 0.344745963812, 0.10648816824, 0.0260680746287, 0.0045522172004, 0.000453068118077, 3.41467894032e-05], "max": [1.35614347458, 22.8601856232, 65.8151321411, 134.101287842, 161.654556274, 150.139099121, 262.282867432, 252.304153442, 431.498260498, 671.368774414, 846.818847656, 796.455200195, 1064.86450195, 1593.69995117, 915.144348145, 1233.83850098, 806.463012695, 1298.22814941, 924.412597656, 850.665283203, 1226.6574707, 523.685302734, 791.431945801, 624.714477539, 995.438964844, 399.781555176, 656.355529785, 325.053436279, 246.280456543, 265.14944458, 118.458976746, 96.1849899292, 67.0733184814, 32.8889274597, 20.5614452362, 5.6477432251, 2.77328276634, 0.381317913532, 0.0147653380409, 0.00107073085383], "var": [0.0190168246627, 5.43963098526, 50.5401687622, 93.2228775024, 186.529647827, 127.078384399, 178.822509766, 538.741638184, 1009.62994385, 2191.63818359, 6928.87207031, 3603.22729492, 6180.52490234, 8079.47070312, 4814.41650391, 5418.99560547, 3528.11254883, 7118.32373047, 2463.78686523, 2805.49145508, 2297.24194336, 1862.14782715, 1387.45288086, 782.778564453, 3021.09179688, 416.370941162, 617.650268555, 199.1537323, 207.303848267, 158.124282837, 62.0996780396, 50.2399749756, 22.2824325562, 8.70294857025, 1.78545308113, 0.137559637427, 0.006367768161, 0.000145210477058, 1.49514448822e-06, 7.50337214583e-09], "mean": [0.0819300562143, 1.59992671013, 6.4678645134, 8.95648479462, 12.7692537308, 9.69911670685, 10.0853319168, 15.6953744888, 21.749578476, 38.2947387695, 62.211139679, 50.8489265442, 42.9174728394, 46.4248123169, 49.1700019836, 46.0410461426, 39.3335037231, 54.5336990356, 36.735042572, 40.2707633972, 32.1479263306, 32.8020973206, 26.5952205658, 20.6235656738, 27.6203174591, 15.2220144272, 15.1708726883, 7.67320346832, 6.98396348953, 5.49732398987, 3.83248114586, 2.48427653313, 1.56337153912, 1.04802453518, 0.513612687588, 0.138184189796, 0.0299505088478, 0.00554177351296, 0.000618382648099, 8.09031989775e-05]}, "spectral_strongpeak": {"dmean2": 1.10791742802, "median": 0.543347716331, "min": 0, "dvar2": 2.47843408585, "dvar": 1.01172673702, "dmean": 0.639077007771, "max": 12.7051296234, "var": 1.6577694416, "mean": 1.07315981388}, "spectral_energy": {"dmean2": 0.0166078917682, "median": 0.033591106534, "min": 1.05585550069e-20, "dvar2": 0.000354481278919, "dvar": 0.000156540452735, "dmean": 0.0107127036899, "max": 0.143758460879, "var": 0.00034540676279, "mean": 0.0364605635405}, "average_loudness": 0.970261931419, "spectral_rolloff": {"dmean2": 825.655334473, "median": 1248.92578125, "min": 107.666015625, "dvar2": 1556615.625, "dvar": 773378.5625, "dmean": 505.795227051, "max": 19164.5507812, "var": 1680307.125, "mean": 1509.58508301}, "spectral_centroid": {"dmean2": 384.233856201, "median": 1309.47851562, "min": 131.334686279, "dvar2": 177277.6875, "dvar": 93157.765625, "dmean": 250.111419678, "max": 11128.0058594, "var": 273909.53125, "mean": 1379.11657715}, "pitch_salience": {"dmean2": 0.11483142525, "median": 0.545272052288, "min": 0.163699567318, "dvar2": 0.0104468744248, "dvar": 0.00385549315251, "dmean": 0.0695456117392, "max": 0.91719776392, "var": 0.00872321147472, "mean": 0.544473290443}, "spectral_energyband_middle_high": {"dmean2": 0.00294521660544, "median": 0.00625373981893, "min": 1.51965417573e-21, "dvar2": 1.3243927242e-05, "dvar": 6.61922285872e-06, "dmean": 0.00204165978357, "max": 0.046897444874, "var": 4.59012844658e-05, "mean": 0.00829133670777}, "spectral_contrast_coeffs": {"dmean2": [0.0894678235054, 0.0767750740051, 0.061205368489, 0.0494233965874, 0.0374803841114, 0.0311525855213], "median": [-0.621466159821, -0.704113066196, -0.738230228424, -0.762932896614, -0.780575275421, -0.732670426369], "min": [-0.959201693535, -0.971961736679, -0.965065121651, -0.967490971088, -0.961847424507, -0.965530276299], "dvar2": [0.00518512818962, 0.00396831473336, 0.00247853971086, 0.00149531569332, 0.00092561513884, 0.000847736082505], "dvar": [0.00182932510506, 0.00155020982493, 0.00105739454739, 0.000631770002656, 0.000387337029679, 0.000374877854483], "dmean": [0.0528855584562, 0.047315299511, 0.0388277955353, 0.0310443397611, 0.0234061013907, 0.0198455546051], "max": [-0.359997034073, -0.354616254568, -0.426725149155, -0.501967787743, -0.549391925335, -0.494696229696], "var": [0.00376811553724, 0.00522474152967, 0.00578850088641, 0.00344431889243, 0.00174301012885, 0.00182080676313], "mean": [-0.619754552841, -0.698266804218, -0.730812251568, -0.756191015244, -0.777044177055, -0.732632577419]}, "melbands_skewness": {"dmean2": 0.974813640118, "median": 2.00539302826, "min": -1.19507145882, "dvar2": 1.00004196167, "dvar": 0.429139256477, "dmean": 0.623829722404, "max": 12.0791053772, "var": 1.43173587322, "mean": 2.18653202057}, "spectral_spread": {"dmean2": 668578.375, "median": 3842390.5, "min": 1077806, "dvar2": 1005332398080.0, "dvar": 687399043072, "dmean": 472782.53125, "max": 44770948, "var": 2002545541120.0, "mean": 4101393.25}, "dissonance": {"dmean2": 0.02674103342, "median": 0.46714246273, "min": 0.145755290985, "dvar2": 0.000691489840392, "dvar": 0.000263945694314, "dmean": 0.016140351072, "max": 0.5, "var": 0.000583742163144, "mean": 0.463019490242}, "spectral_skewness": {"dmean2": 0.320602148771, "median": 1.40927290916, "min": -0.228306531906, "dvar2": 0.145178481936, "dvar": 0.071757145226, "dmean": 0.198694899678, "max": 9.73671245575, "var": 0.241326674819, "mean": 1.42744517326}, "spectral_flux": {"dmean2": 0.0441711992025, "median": 0.0919580757618, "min": 1.02754832421e-10, "dvar2": 0.00177222373895, "dvar": 0.000748317921534, "dmean": 0.0278741847724, "max": 0.315192848444, "var": 0.00196849531494, "mean": 0.0991087779403}, "spectral_contrast_valleys": {"dmean2": [0.692424476147, 0.586492300034, 0.502615749836, 0.424848973751, 0.337432980537, 0.452651411295], "median": [-6.84206581116, -6.36693525314, -6.97857475281, -7.19220685959, -7.05809211731, -10.1046113968], "min": [-27.478931427, -27.3344554901, -27.4274368286, -27.1833934784, -27.3412590027, -27.2922000885], "dvar2": [0.333336800337, 0.281782716513, 0.231621682644, 0.17621190846, 0.145314261317, 0.283496648073], "dvar": [0.160635873675, 0.1449046731, 0.126584306359, 0.108526028693, 0.0984564125538, 0.174765989184], "dmean": [0.425450354815, 0.362390160561, 0.316650718451, 0.274523645639, 0.228916913271, 0.342818230391], "max": [-5.25594997406, -4.61393260956, -4.99829435349, -5.56255483627, -5.46207857132, -7.73189592361], "var": [0.534398674965, 0.621392130852, 0.580704569817, 0.562987327576, 0.56843316555, 1.07404196262], "mean": [-6.92569732666, -6.46182584763, -7.07524299622, 