{"tonal": {"thpcp": [1, 0.803695857525, 0.521775960922, 0.410876452923, 0.339677810669, 0.613464891911, 0.860932826996, 0.595506489277, 0.316604852676, 0.251389831305, 0.225994810462, 0.347665935755, 0.499284267426, 0.560671448708, 0.808532357216, 0.849992752075, 0.49469178915, 0.318745881319, 0.299390047789, 0.324121952057, 0.600089728832, 0.778863847256, 0.525936186314, 0.315441638231, 0.272738009691, 0.268895745277, 0.42075163126, 0.524680376053, 0.405837833881, 0.382900476456, 0.575968503952, 0.701644837856, 0.692768633366, 0.60540252924, 0.511461377144, 0.71847230196], "hpcp": {"dmean2": [0.201832741499, 0.170074388385, 0.138710588217, 0.133797124028, 0.145961046219, 0.169124931097, 0.177655860782, 0.160249829292, 0.120113708079, 0.101150535047, 0.104866683483, 0.131329581141, 0.135455816984, 0.131438031793, 0.134610503912, 0.18193398416, 0.250408530235, 0.266868531704, 0.251021951437, 0.249503076077, 0.245837166905, 0.23859642446, 0.256142824888, 0.23877851665, 0.194519639015, 0.154450982809, 0.183410391212, 0.199689388275, 0.186543360353, 0.152652949095, 0.125358998775, 0.102128826082, 0.114733509719, 0.147006511688, 0.190730452538, 0.214469343424], "median": [0.0305133610964, 0.0260988287628, 0.0206775330007, 0.0181538257748, 0.017523707822, 0.0334821343422, 0.0408103168011, 0.0356636084616, 0.020771259442, 0.0182842612267, 0.0184273123741, 0.0303723141551, 0.0370239019394, 0.0307426042855, 0.0239969342947, 0.0273112803698, 0.0310931392014, 0.0348983518779, 0.0271893367171, 0.0226019602269, 0.0365579687059, 0.0415925011039, 0.0389159172773, 0.0254713110626, 0.0171850137413, 0.0171948038042, 0.0437115728855, 0.0593223050237, 0.0407189466059, 0.0171820782125, 0.0130233690143, 0.0140704382211, 0.0244931131601, 0.0312931165099, 0.0359139442444, 0.0344961322844], "min": [0, 0, 0, 0, 0, 0, 0, 0, 0, 0, 0, 0, 0, 0, 0, 0, 0, 0, 0, 0, 0, 0, 0, 0, 0, 0, 0, 0, 0, 0, 0, 0, 0, 0, 0, 0], "dvar2": [0.109622016549, 0.0861003622413, 0.0785367265344, 0.0731276273727, 0.0791732668877, 0.085323408246, 0.0853647664189, 0.0818760246038, 0.06882468611, 0.0568461753428, 0.0565344169736, 0.0665342286229, 0.0641566812992, 0.0669096037745, 0.0719687193632, 0.106970719993, 0.144025713205, 0.156600043178, 0.153143823147, 0.171294257045, 0.141591876745, 0.144108608365, 0.155337378383, 0.150953292847, 0.133141055703, 0.0967705771327, 0.0956836491823, 0.108337089419, 0.100520275533, 0.101551868021, 0.0874096155167, 0.0572679080069, 0.0529297105968, 0.0771135538816, 0.102485358715, 0.121053561568], "dvar": [0.0425538159907, 0.0306702069938, 0.0278831962496, 0.0261930078268, 0.0276230927557, 0.0325419344008, 0.0360337048769, 0.0305788554251, 0.0248416028917, 0.0210285987705, 0.020901799202, 0.0247374456376, 0.0249696187675, 0.0244070123881, 0.0257382169366, 0.0387566126883, 0.0539391078055, 0.0604220665991, 0.0582687780261, 0.061775047332, 0.0510310344398, 0.0541955977678, 0.0561602711678, 0.0548980720341, 0.0484222993255, 0.0351231060922, 0.035280469805, 0.0410645604134, 0.0360666774213, 0.034978993237, 0.0298467874527, 0.0202157925814, 0.019307916984, 0.0285895299166, 0.0366830043495, 0.0452653616667], "dmean": [0.116856858134, 0.0961223915219, 0.0761652961373, 0.0732644349337, 0.0802427083254, 0.0973595753312, 0.105085380375, 0.0928086265922, 0.0671231970191, 0.0568231381476, 0.0585843883455, 0.0751770362258, 0.079730398953, 0.0750360935926, 0.0753185525537, 0.101091645658, 0.14121723175, 0.152168229222, 0.140938088298, 0.136892691255, 0.137991055846, 0.13455940783, 0.142991483212, 0.13216945529, 0.106548517942, 0.0852565318346, 0.104868583381, 0.114766046405, 0.105678744614, 0.0830070674419, 0.067969173193, 0.0558686740696, 0.0650152564049, 0.0837623476982, 0.107475578785, 0.121366307139], "max": [1, 1, 1, 1, 1, 1, 1, 1, 1, 1, 1, 1, 1, 1, 1, 1, 1, 1, 1, 1, 1, 1, 1, 1, 1, 1, 1, 1, 1, 1, 1, 1, 1, 1, 1, 1], "var": [0.087256796658, 0.033458404243, 0.0208398662508, 0.0197202097625, 0.021858567372, 0.0492140874267, 0.0737299844623, 0.0368616059422, 0.022167917341, 0.0192635729909, 0.0173896979541, 0.0278048105538, 0.0389930345118, 0.0254082977772, 0.0253989901394, 0.0564848408103, 0.0648913532495, 0.0635933876038, 0.0563165917993, 0.0483052991331, 0.0566877759993, 0.107109501958, 0.0712644532323, 0.0453079417348, 0.0385591574013, 0.0275939609855, 0.04537229985, 0.0800853297114, 0.0446111671627, 0.024113079533, 0.0197131913155, 0.0140113998204, 0.0188972651958, 0.0389892905951, 0.0430129691958, 0.0793093591928], "mean": [0.179714947939, 0.104593262076, 0.0673928111792, 0.0633003860712, 0.0685294792056, 0.12687766552, 0.164676085114, 0.111199304461, 0.0666941925883, 0.0576653108001, 0.05685294047, 0.0889600068331, 0.11093378067, 0.0858067646623, 0.0809570923448, 0.121777683496, 0.148349583149, 0.146472871304, 0.128000959754, 0.108138874173, 0.151907429099, 0.211431160569, 0.169926345348, 0.110319696367, 0.0868720859289, 0.0718184709549, 0.12970559299, 0.182028025389, 0.125908628106, 0.0669401288033, 0.0531516447663, 0.0477823466063, 0.0735074132681, 0.105564251542, 0.118543416262, 0.170948937535]}, "tuning_equal_tempered_deviation": 0.0733262747526, "chords_changes_rate": 0.0637162551284, "key_key": "A", "tuning_diatonic_strength": 0.641920626163, "key_scale": "major", "chords_number_rate": 0.00172630255111, "tuning_frequency": 440.763122559, "tuning_nontempered_energy_ratio": 0.741188764572, "chords_histogram": [35.6559944153, 4.62962961197, 9.91839313507, 2.62084126472, 10.828625679, 1.16133081913, 0.878844976425, 0.172630250454, 0.878844976425, 0.800376653671, 1.69491529465, 0, 0, 0, 0.360954165459, 0.109855622053, 0.0941619575024, 1.08286249638, 0, 0.564971745014, 0, 5.82234764099, 6.74827384949, 15.9761457443], "key_strength": 0.746076524258, "chords_key": "A", "chords_strength": {"dmean2": 0.0104031329975, "median": 0.439724445343, "min": -1, "dvar2": 0.000718471419532, "dvar": 0.00038803613279, "dmean": 0.00939098373055, "max": 0.78429889679, "var": 0.353823214769, "mean": 0.179545730352}, "chords_scale": "major", "hpcp_entropy": {"dmean2": 0.863328099251, "median": 1.86444199085, "min": 0, "dvar2": 0.789664983749, "dvar": 0.294328957796, "dmean": 0.518198311329, "max": 4.51367998123, "var": 1.27663719654, "mean": 1.70194137096}}, "metadata": {"audio_properties": {"equal_loudness": 0, "codec": "mp3", "downmix": "mix", "sample_rate": 44100, "analysis_sample_rate": 44100, "bit_rate": 128000, "md5_encoded": "0fabddd629017bdfe2b65cc52642a780", "length": 295.836730957, "replay_gain": -16.0619621277, "lossless": false}, "version": {"essentia_build_sha": "2d9f1f26377add8aeb1075a9c2973f962c4f09fd", "essentia": "2.1-beta2", "extractor": "music 1.0", "essentia_git_sha": "v2.1_beta2-1-ge3940c0"}, "tags": {"title": ["Phones"], "language": ["eng"], "media": ["(CD)"], "albumartist": ["Neon Trees"], "musicbrainz_recordingid": ["18e877a2-a990-4d6e-9316-f2e02f779113"], "encoding": ["Lavf52.64.2"], "musicbrainz_albumartistid": ["16243662-8538-4746-a0fb-0d15b5828b8e"], "discnumber": ["01/01"], "album": ["Start a Fire EP"], "contentgroup": ["Provo,Utah"], "musicbrainz album type": ["EP"], "musicbrainz album status": ["Promotion"], "file_name": "01-04 Phones.mp3", "acoustid_fingerprint": ["AQADtMmkJUkURQlwGDgPkxd-XPBxHC8uHMZxiPTxwz-MQ8cBHTlu_Hhy4q7g48XRhEjeFL-P43oRhtGD6jnCbEEv9NmK5jzyHU2VHX0Rm0f6fDipFDmzQEuWzTJ8HrW-4xtq5Wje499QickjaGESHqF1NGPwCnmY7Ggq6dAmZSi1B6lCRniGMH-ghzoa-Qhxo-GSI0_hvdDOo6fxfrAD9fhg-QiPoxf8I2yPGtZRVTTeH30ITz5KTvhn6Bc65T3SH7aP_PBXQasu5EKp4fjhvujx4Rc67sPfFf5wpD-046GPMP1xHV4koDly54eeIX-IK1KOD7iPpltEocfxJ0TqSFCbIe_RhDzKB8-n4cQb9EfzIO8MfVJwNI5k4gvS46KHw89VXDq248ET8WgeIj6SX_gOfic-NNMW9AGZG2eOUL0g7kWOH9ew_cC7VIVdHT2RSyrUJ5kwLXqQZqfww_zxwyOPHv0R5rh6aMyGZhaiNwH-5ujzoFlefMrxEHl2qOqPlnQKp4edVsePdBL6HPke_IccTXnwo2g8xci_4UfzhCi7F9csnMfZI9WR9BYe49JFvDg_-LiUI9caQqOQVmXwEzYupgt2-Dm8C7-FKyvCtBl0I9ZXPA8uHl9woulRvNnxHFk4KWhy5fgh5b_gdUd4oyceHH139GjSxchjOcFfnAd6aFn0HNGPovlE4WEET8VFIYfuZEGYSTda6sIZ_HikDHmYGVp-5MvhS-jRXEe_ID_-Q3sHfxdUmDhDB-JxnGjWHd_xos8HUaXxG6bwSMXxkUcP7Yfz48cH__iMcyp8HvrywU-KksfFfOgToeGhYjqaQ192TA_8Fm-yDdaDNsou6D0iffhSuCp-dA9wHeV4CdtLmMcJr8MzUcUJ88h16PyQ80LL5ShPNGbI4V-KvMGgKHzRR0GOX8eRs2hz6HvQt8h5-Dl-_Bu-4t-IvGhG5tB-hEczajj64vjxUXiOPDkx7cHT4AdzLYfI48dpUD3ewzhZ6MfhQr-H__DxDx3FoxaJ5riCoz_85ei8QDu24wt--EZ-XDp8Bf7Rp0d5-JJx-CvR17jzEEe-dip0ISyzovlu9EWY8zihH-Zy4R_2mcIl9DOKH9-LrMZPhHI-eDyuxwEjE8_RsDp6JjgefCu050WTi3iuUPhxaEczJgrODx8eiSr6QvTRHz2P7cXVY2MOjTjVkThOpRukUNrxlkYffEe15YcWh_iR18DF7HjIIPcDmqgOXbhsVC-hE9kZ4onw4z26Roc_HrELPch3HD8-y3BRNaGPZ-LRcEFoXdDVIDfxVsdxVceZrEQ3fkb540Gu5VApnZheCi76D_exmoUeUcKP8Nnx4ShXSkQOKdfQZ0F-9HByXBTOC_t0IYf4qfiOM0evQP9wzegTiNk-1AqP_MHO4c3xFByVZR96-NiOZPeQaz3aJFyO_3ijLUhjHcoXhDY13C84B7lGqM_R5Cn6Bl17OM5KaEdOgx6DPjtuIeQP3eDFIrxV3KFhReKO_PjYQbF8_OiXCof6YG-ONxH-5MILLT0RHvtR6jDFCK6WEEeeIeEkodeP77iH70dx2OgXCfmh38iFj_EF_Gj2oB_-ovzRPBXyEN-hJT_C5caVp_gB-NmRhznuH_p29BHy1OgT1D78oyeOUvpgJ1GCLWyO_A30H_mD50G95cQZohaaHLHI7ZC1RDnCLw-aMFOKC1_gp8c-Pvg5_ETQ59CS48-LuJNxXkJ-6DzKjGhcKL8RpnuOmsLhLTqeOEHeIEGtbAw2aykqSmnx4MmF30FSMSVimniWo3F09MiX9Dh5QdYklB2Pc4Wv4M1xaDw-MhpKo_kHXRdyHg_Ko8We4zzC54QeI_aCPkOVB5uTD-2OOwj5EM0J_UNJEreHH_EJ66qQVzg2hTlOH8e4HXnwycVzPIh29EoKjTu2sjiPvrgYpdB0NN2QL0smXMePWiee4SZS9Cd0QtMPkzl0-KIRtkcu4ifO19DxLUVIi0fD4JaHh-mQP9A3hCc85uizCeGOvoY-8Yh9odnRJxTCDlqOj2h-hF-OfBR8qM4qIt_xEzvuzLh5VI1k-KGQR0je4scdfCfsJMfFwJ8o5IG-Hn4OdxHRi7hUhPrhC93wPIhVo08HZ4d_6DKFW3iOE34O5TccM_hvpFx0_MIfCmeOXsFRHraiwBdiHd8huoeP0NyEHg3D430RnLSgVTnS45lGXEGP57gj5Id2PDuso8ev4-PRHNeO5sLt4DtEqjnOIj9OOCrx8jg__Am843mG9NIJ_cg1B19y1EcT68FDDT-aaMly7KNoXEjPQ3uWmciFmjn8RMeZGO_hfuge5Eg-lM_RhMQuvAr2NQgP8dfwIudxwnthjmrxFxfxEaeE8Lvw8TnKC5-O8meQM0df2Id_48uJdJkE7T6iS8mGG2E-hK-MkimP70dIHncS_EY-9CmeoTM7oiJ88ggPnTgnPBQr4xsP8oAxUFpIjrjWGWcUsIyMMRwjUmm0JDACAmCIIQQooYgQAAAgmACKAEaEEFICQAwDSBAEBJKCCAKQMRYhoQw0QgABAAQAGAMYI8oDAABmCwlACAKEM6EAYBwIAaEAjiNBSBFAGGcAURQgIaQTyAJDDFNMEAmgMUYQIpFBUBqhHCJAGqGQsoAYoRRRGAICkBDCECQZIIAAIwRwhhkBgBXCQQQMUcAAQ4kxhAEllIHIACMQUMwRhpQTjjCjBGBMACCYo04QEAAijBkggCBKESUIoAoAwwQQSBEkDFAIGIKoA0YBAYBiIgBFlAGEOCMcAUYAQwBRUAEhEAAEEEKIMwQJgiBThCEEjCDIACAIkQAQJQExAhCAGJTAAACFEgooEY2jAgEiGQIAIegMYIgwJQQASCMBCGKAAcCtc1BJoggRRAEIlQCCgOEEUQIJiwwQwBFJjFGOEAEYUcJRB5gBQBGxiGFKMYEFUEoAQAUxSgAjDMOACQU8NgAQRpRgAAGECEPACECMMERYJoAQggKogDFACoAFM6IpoSykwAAExDBICYOMAkIIZoRCwjKzBAJAGEGsAgAKCQDQhFAgEAIAKAyAIoRxIgQgSglNiSEgAAE4JQQ4I4QTAAACBTFGAMSYEQICQAkQCBAAhCISAEUINQIAZIRwBAIBBBACGSQAQIJIwZwAhBCGlDJKCGmIFEwYwQR0ChBghFDACSAEQkowbYwiQkBBkEIAKIMMQwQSxYRVDDghMBGGYGEEYVARpoRSCEhrECJCCI-EUBJAhgAUSgiMFEWKAKIUEAwAAARBTCGDBBJkEQQAIQIppIAghlAgBEGECAEYIohQKqklTgCBDAEEUQGRM1Q4YhCwBACBKGAUIQUQhFAIoBTCBABhAGKCEIaQAQQA4Q1QDDAClRICEMUEsMpoRYhyAAEBAARIECU4EoggBgRSABgkDBDEAQ2QIgQAAA"], "date": ["2009"], "genre": ["Rock", "Alternative Rock", "Indie", "Rock"], "musicbrainz album release country": ["US"], "musicbrainz_releasegroupid": ["eb2e39fa-1704-4157-a872-1934dbfca0e3"], "musicbrainz_artistid": ["16243662-8538-4746-a0fb-0d15b5828b8e"], "originaldate": ["2009"], "musicbrainz_albumid": ["cd1bdfb1-ebce-4a6a-b743-fdf01ec8cfce"], "originalalbum": ["Start a Fire"], "tracknumber": ["04/05"], "artistsort": ["Neon Trees"], "artist": ["Neon Trees"], "label": ["[no label]"], "albumartistsort": ["Neon Trees"], "acoustid_id": ["a857fe63-c4e0-4006-958c-8cef735974a7"], "script": ["Latin"]}}, "rhythm": {"bpm_histogram_first_peak_bpm": {"dmean2": 0, "median": 96, "min": 96, "dvar2": 0, "dvar": 0, "dmean": 0, "max": 96, "var": 0, "mean": 96}, "bpm": 95.0762176514, "bpm_histogram_second_peak_spread": {"dmean2": 0, "median": 0.535714268684, "min": 0.535714268684, "dvar2": 0, "dvar": 0, "dmean": 0, "max": 0.535714268684, "var": 0, "mean": 0.535714268684}, "bpm_histogram_first_peak_weight": {"dmean2": 0, "median": 0.453222453594, "min": 0.453222453594, "dvar2": 0, "dvar": 0, "dmean": 0, "max": 0.453222453594, "var": 0, "mean": 0.453222453594}, "onset_rate": 2.24432706833, "beats_position": [0.615328788757, 1.24226760864, 1.86920630932, 2.50775504112, 3.13469386101, 3.76163268089, 4.38857126236, 5.01551008224, 5.64244890213, 6.28099775314, 6.90793657303, 7.5464849472, 8.17342376709, 8.80036258698, 9.42730140686, 10.0658502579, 10.7043991089, 11.3429479599, 11.9814968109, 12.6084346771, 13.235373497, 13.8623123169, 14.5008611679, 15.1394100189, 15.7663488388, 16.3932876587, 17.0202255249, 17.6471652985, 18.2857131958, 18.9126529694, 19.5512008667, 20.1781406403, 20.8050785065, 21.4436283112, 22.0821762085, 22.7091159821, 23.3476638794, 23.9862117767, 24.6131515503, 25.2400894165, 25.8670291901, 26.4939670563, 27.1209068298, 27.7594547272, 28.3980045319, 29.0249423981, 29.6518821716, 30.290430069, 30.9289798737, 31.5559177399, 32.1828575134, 32.8097953796, 33.4483451843, 34.0752830505, 34.7138328552, 35.3407707214, 35.9793205261, 36.6062583923, 37.244808197, 37.8717460632, 38.4986839294, 39.1372337341, 39.7757797241, 40.402721405, 41.0296592712, 41.6565971375, 42.2835350037, 42.9104766846, 43.5490226746, 44.1875724792, 44.8145103455, 45.4530601501, 46.0916099548, 46.718547821, 47.3454856873, 47.9724235535, 48.5993652344, 49.2263031006, 49.8648529053, 50.5033988953, 51.1303405762, 51.7572784424, 52.3958282471, 53.0343742371, 53.661315918, 54.2882537842, 54.9268035889, 55.5653495789, 56.2038993835, 56.8308372498, 57.457775116, 58.0963249207, 58.7232627869, 59.3618125916, 59.977142334, 60.6156921387, 61.2542381287, 61.8811798096, 62.5197257996, 63.1582756042, 63.7852134705, 64.4121551514, 65.0390930176, 65.6660308838, 66.3045806885, 66.9431304932, 67.5700683594, 68.2086181641, 68.8355560303, 69.4624938965, 70.1010437012, 70.7279815674, 71.3549194336, 71.9818572998, 72.6204071045, 73.2589569092, 73.8858947754, 74.5128326416, 75.1397705078, 75.766708374, 76.3936462402, 77.0205917358, 77.6591339111, 78.2976837158, 78.924621582, 79.5515594482, 80.1785049438, 80.8054428101, 81.4439926147, 82.08253479, 82.7094802856, 83.3364181519, 83.9749679565, 84.6135101318, 85.2404556274, 85.8673934937, 86.4943313599, 87.1328811646, 87.7714233398, 88.3983688354, 89.0253067017, 89.6638565063, 90.3023986816, 90.9293441772, 91.5562820435, 92.1832199097, 92.8101577759, 93.4370956421, 94.0756454468, 94.7141952515, 95.3411331177, 95.9680709839, 96.6182327271, 97.2451705933, 97.8721084595, 98.4990463257, 99.1375961304, 99.7761459351, 100.403083801, 101.030021667, 101.656959534, 102.295509338, 102.934059143, 103.560997009, 104.187934875, 104.814872742, 105.441810608, 106.080360413, 106.718910217, 107.345848083, 107.97278595, 108.599723816, 109.226661682, 109.853607178, 110.492149353, 111.130699158, 111.769248962, 112.396186829, 113.023124695, 113.6616745, 114.288612366, 114.92716217, 115.565711975, 116.192649841, 116.819587708, 117.446525574, 118.085075378, 118.712013245, 119.350563049, 119.977500916, 120.604438782, 121.231384277, 121.858322144, 122.48526001, 123.112197876, 123.750747681, 124.389297485, 125.02784729, 125.666389465, 126.293327332, 126.920272827, 127.570426941, 128.220581055, 128.847518921, 129.474472046, 130.12461853, 130.751556396, 131.378494263, 132.005432129, 132.632385254, 133.25932312, 133.886260986, 134.513198853, 135.140136719, 135.767074585, 136.394012451, 137.032562256, 137.671112061, 138.298049927, 138.936599731, 139.563537598, 140.190475464, 140.829025269, 141.455963135, 142.082901001, 142.721450806, 143.36000061, 143.986938477, 144.613876343, 145.240814209, 145.867752075, 146.50630188, 147.144851685, 147.771789551, 148.410339355, 149.037277222, 149.664215088, 150.302764893, 150.929702759, 151.556640625, 152.183578491, 152.810516357, 153.449066162, 154.087615967, 154.714553833, 155.341491699, 155.968429565, 156.60697937, 157.245529175, 157.872467041, 158.499404907, 159.126342773, 159.764892578, 160.403442383, 161.030380249, 161.657318115, 162.29586792, 162.934417725, 163.561355591, 164.188293457, 164.815231323, 165.442169189, 166.069107056, 166.696044922, 167.334594727, 167.973144531, 168.611694336, 169.238632202, 169.877182007, 170.515731812, 171.154281616, 171.792831421, 172.408157349, 173.035095215, 173.662033081, 174.300582886, 174.93913269, 175.566070557, 176.193008423, 176.819946289, 177.446884155, 178.08543396, 178.723983765, 179.350921631, 179.977859497, 180.604797363, 181.231735229, 181.870285034, 182.508834839, 183.135772705, 183.762710571, 184.389663696, 185.016601563, 185.643539429, 186.282089233, 186.920639038, 187.547576904, 188.197723389, 188.836273193, 189.46321106, 190.090148926, 190.72869873, 191.355636597, 191.982574463, 192.609527588, 193.259674072, 193.898223877, 194.536773682, 195.163711548, 195.790649414, 196.41758728, 197.044525146, 197.671463013, 198.298416138, 198.925354004, 199.55229187, 200.190841675, 200.829391479, 201.456329346, 202.083267212, 202.710205078, 203.337142944, 203.975692749, 204.614242554, 205.24118042, 205.879730225, 206.506668091, 207.133605957, 207.772155762, 208.399093628, 209.026031494, 209.65296936, 210.291519165, 210.93006897, 211.557006836, 212.183944702, 212.810882568, 213.449432373, 214.087982178, 214.714920044, 215.34185791, 215.968795776, 216.607345581, 217.245895386, 217.872833252, 218.499771118, 219.126708984, 219.753646851, 220.380584717, 221.019134521, 221.657684326, 222.284622192, 222.923171997, 223.561721802, 224.188659668, 224.815597534, 225.4425354, 226.081085205, 226.71963501, 227.346572876, 227.985122681, 228.623672485, 229.146118164, 229.668563843, 230.179412842, 230.690246582, 231.201080322, 231.711929321, 232.153106689, 232.594284058, 233.047073364, 233.453414917, 233.84815979, 234.242904663, 234.637634277, 235.055603027, 235.473556519, 235.89151001, 236.286254883, 236.692596436, 237.098953247, 237.5052948, 237.946487427, 238.387664795, 238.828842163, 239.293243408, 239.757644653, 240.22203064, 240.767700195, 241.313369751, 241.859039307, 242.474365234, 243.089706421, 243.705032349, 244.285522461, 244.866027832, 245.446533203, 246.027023315, 246.607528687, 247.188018799, 247.76852417, 248.337417603, 248.906295776, 249.475189209, 250.05569458, 250.636184692, 251.216690063, 251.797180176, 252.377685547, 252.969787598, 253.561904907, 254.154006958, 254.746124268, 255.338226318, 255.872283936, 256.406341553, 256.94039917, 257.474456787, 258.008514404, 258.542572021, 259.030212402, 259.517822266, 260.005432129, 260.493041992, 260.980682373, 261.468292236, 261.979125977, 262.489959717, 263.000823975, 263.511657715, 264.022491455, 264.568145752, 265.113830566, 265.659484863, 266.216766357, 266.774047852, 267.331329346, 267.87701416, 268.422668457, 268.968353271, 269.502410889, 270.048065186, 270.582122803, 271.11618042, 271.650238037, 272.184295654, 272.718353271, 273.252410889, 273.798095703, 274.34375, 274.924255371, 275.493133545, 276.062042236, 276.63092041, 277.199798584, 277.768707275, 278.337585449, 278.906494141, 279.614685059, 280.322906494, 281.031097412, 281.739318848, 282.459136963, 283.178955078, 283.898773193, 284.618591309, 285.338409424, 286.058227539, 286.778045654, 287.49786377, 288.217681885, 288.856231689, 289.494781494, 290.133331299, 290.771881104, 291.387207031, 292.002532959, 292.617858887, 293.233184814, 293.836914063, 294.440643311, 295.044342041], "beats_loudness": {"dmean2": 0.0111038442701, "median": 0.0309931635857, "min": 0, "dvar2": 0.00013775289699, "dvar": 4.91168684675e-05, "dmean": 0.00655476097018, "max": 0.0607964321971, "var": 0.000291415024549, "mean": 0.0264270156622}, "danceability": 1.08151555061, "bpm_histogram_second_peak_weight": {"dmean2": 0, "median": 0.0270270276815, "min": 0.0270270276815, "dvar2": 0, "dvar": 0, "dmean": 0, "max": 0.0270270276815, "var": 0, "mean": 0.0270270276815}, "beats_count": 482, "bpm_histogram_second_peak_bpm": {"dmean2": 0, "median": 103, "min": 103, "dvar2": 0, "dvar": 0, "dmean": 0, "max": 103, "var": 0, "mean": 103}, "bpm_histogram_first_peak_spread": {"dmean2": 0, "median": 0.41866672039, "min": 0.41866672039, "dvar2": 0, "dvar": 0, "dmean": 0, "max": 0.41866672039, "var": 0, "mean": 0.41866672039}, "beats_loudness_band_ratio": {"dmean2": [0.167957261205, 0.0842650383711, 0.150509059429, 0.0781837701797, 0.0964259654284, 0.0747375711799], "median": [0.352286100388, 0.0520040690899, 0.0715718492866, 0.0388071201742, 0.0914424210787, 0.0972206071019], "min": [0, 0, 0, 0, 0, 0], "dvar2": [0.0349794141948, 0.0091268280521, 0.0321994312108, 0.0117181139067, 0.0131035782397, 0.0101141147316], "dvar": [0.0120091438293, 0.00362724903971, 0.0120023079216, 0.00390805397183, 0.00463626114652, 0.00388278928585], "dmean": [0.099425688386, 0.0476781837642, 0.0852952450514, 0.0431875288486, 0.0551553182304, 0.0427900701761], "max": [0.943944394588, 0.791970312595, 0.710858404636, 0.455319076777, 0.488063722849, 0.652462124825], "var": [0.0704145878553, 0.0063150585629, 0.0179801695049, 0.00450092134997, 0.00868297182024, 0.00728340446949], "mean": [0.355562269688, 0.0679384917021, 0.118315041065, 0.0593309365213, 0.103903979063, 0.0969016328454]}}, "lowlevel": {"barkbands_spread": {"dmean2": 9.15697097778, "median": 32.3032684326, "min": 0.653427124023, "dvar2": 82.449256897, "dvar": 34.1916885376, "dmean": 5.77419662476, "max": 99.9121017456, "var": 187.755004883, "mean": 33.9772491455}, "melbands_spread": {"dmean2": 16.4238929749, "median": 43.6697540283, "min": 0.528550207615, "dvar2": 243.786453247, "dvar": 96.8883361816, "dmean": 10.1156225204, "max": 214.138259888, "var": 1829.26525879, "mean": 56.8159599304}, "hfc": {"dmean2": 6.92556715012, "median": 23.1499290466, "min": 1.0164908219e-16, "dvar2": 80.5298538208, "dvar": 36.2525863647, "dmean": 4.57704019547, "max": 119.322059631, "var": 401.400360107, "mean": 24.3299255371}, "barkbands_kurtosis": {"dmean2": 3.66036915779, "median": 0.176127910614, "min": -1.9561342001, "dvar2": 183.51625061, "dvar": 62.5173835754, "dmean": 2.20861434937, "max": 227.410888672, "var": 104.692489624, "mean": 2.56549954414}, "gfcc": {"mean": [-223.775802612, 81.8474273682, -123.549812317, 61.6532096863, -52.9993591309, 19.5910701752, -22.2006435394, 5.56527376175, -1.36582624912, -10.2847118378, 0.97870528698, -16.4612255096, 0.104713827372], "icov": [[0.000610165705439, -0.00180150277447, 0.00160355970729, -0.00201947661117, 0.00122344482224, -0.0017787613906, 0.00118516210932, -0.00213290471584, 0.0015805097064, -0.00188638234977, 0.0023207697086, -0.00180362071842, 0.00190988904797], [-0.00180150277447, 0.00837815925479, -0.00328364782035, 0.00475371256471, -0.00374026969075, 0.00665519060567, -0.00577226700261, 0.00861701462418, -0.00730664515868, 0.00912272837013, -0.00951870158315, 0.00813256297261, -0.0060333320871], [0.00160355970729, -0.00328364782035, 0.00641537318006, -0.00521748885512, 0.00154930690769, -0.00409866636619, 0.0024844664149, -0.00467309542, 0.00309402798302, -0.0047417236492, 0.00661579798907, -0.00592738669366, 0.00544249312952], [-0.00201947661117, 0.00475371256471, -0.00521748885512, 0.0111566605046, -0.0044637741521, 0.00291222357191, 9.93096982711e-05, 0.00652712816373, -0.00691533321515, 0.00714837852865, -0.00757707329467, 0.00693166814744, -0.00788964051753], [0.00122344482224, -0.00374026969075, 0.00154930690769, -0.0044637741521, 0.00910215917975, -0.00248421682045, -0.00278474017978, -0.00114100845531, 0.00091622985201, -0.00322209298611, 0.00503936549649, -0.00480955373496, 0.00323098688386], [-0.0017787613906, 0.00665519060567, -0.00409866636619, 0.00291222357191, -0.00248421682045, 0.0131220612675, -0.00688716582954, 0.00508102681488, -0.00207851314917, 0.00577858928591, -0.00784618221223, 0.00609220378101, -0.00668621063232], [0.00118516210932, -0.00577226700261, 0.0024844664149, 9.93096982711e-05, -0.00278474017978, -0.00688716582954, 0.0166884381324, -0.00854102708399, 0.00256368378177, -0.00233753537759, 0.00382595905103, -0.00380444945768, 0.00383715284988], [-0.00213290471584, 0.00861701462418, -0.00467309542, 0.00652712816373, -0.00114100845531, 0.00508102681488, -0.00854102708399, 0.0247437376529, -0.013866902329, 0.00795446708798, -0.00924069434404, 0.00857019610703, -0.00740896724164], [0.0015805097064, -0.00730664515868, 0.00309402798302, -0.00691533321515, 0.00091622985201, -0.00207851314917, 0.00256368378177, -0.013866902329, 0.0261795837432, -0.0151643771678, 0.00719555979595, -0.00304938643239, 0.00297675118782], [-0.00188638234977, 0.00912272837013, -0.0047417236492, 0.00714837852865, -0.00322209298611, 0.00577858928591, -0.00233753537759, 0.00795446708798, -0.0151643771678, 0.0303967632353, -0.0166910178959, 0.00701363850385, -0.00295229442418], [0.0023207697086, -0.00951870158315, 0.00661579798907, -0.00757707329467, 0.00503936549649, -0.00784618221223, 0.00382595905103, -0.00924069434404, 0.00719555979595, -0.0166910178959, 0.0314526744187, -0.0181182678789, 0.00881785713136], [-0.00180362071842, 0.00813256297261, -0.00592738669366, 0.00693166814744, -0.00480955373496, 0.00609220378101, -0.00380444945768, 0.00857019610703, -0.00304938643239, 0.00701363850385, -0.0181182678789, 0.0356219597161, -0.0176242273301], [0.00190988904797, -0.0060333320871, 0.00544249312952, -0.00788964051753, 0.00323098688386, -0.00668621063232, 0.00383715284988, -0.00740896724164, 0.00297675118782, -0.00295229442418, 0.00881785713136, -0.0176242273301, 0.0310172513127]], "cov": [[217768.296875, 18665.4023438, -29027.1503906, 14479.4814453, -12524.2392578, 4855.29248047, -5264.63867188, 1477.56066895, -364.166900635, -2290.18115234, 122.337127686, -3871.82348633, -64.3860549927], [18665.4023438, 2380.55541992, -2587.39990234, 1198.29956055, -837.976745605, 262.090576172, -272.135131836, 54.0312042236, 46.4901313782, -278.232269287, 48.2110519409, -376.828613281, 4.12904024124], [-29027.1503906, -2587.39990234, 4212.16943359, -1787.69128418, 1680.3894043, -573.188232422, 668.380371094, -179.022369385, 53.5424613953, 319.553283691, -41.5542831421, 532.565429688, 5.89141893387], [14479.4814453, 1198.29956055, -1787.69128418, 1193.11535645, -773.295593262, 355.171600342, -379.587799072, 85.6106109619, -0.915323734283, -158.125534058, 7.2387752533, -249.5728302, 24.3702907562], [-12524.2392578, -837.976745605, 1680.3894043, -773.295593262, 964.209655762, -280.535858154, 401.399963379, -102.431694031, 57.8998641968, 107.817138672, -5.34378433228, 220.416610718, 13.0609607697], [4855.29248047, 262.090576172, -573.188232422, 355.171600342, -280.535858154, 277.434906006, -100.020423889, 50.3543052673, -28.787563324, -47.4796485901, 5.42004346848, -70.5509796143, 12.97797966], [-5264.63867188, -272.135131836, 668.380371094, -379.587799072, 401.399963379, -100.020423889, 276.466766357, -17.8942966461, 33.1387062073, 36.5177001953, 6.55557060242, 86.2428741455, 2.99032616615], [1477.56066895, 54.0312042236, -179.022369385, 85.6106109619, -102.431694031, 50.3543052673, -17.8942966461, 97.2311248779, 27.625951767, 2.85424208641, 4.65213632584, -27.3225650787, 0.454148441553], [-364.166900635, 46.4901313782, 53.5424613953, -0.915323734283, 57.8998641968, -28.787563324, 33.1387062073, 27.625951767, 86.9613418579, 28.9082984924, 10.7493944168, -1.9530133009, 2.34151554108], [-2290.18115234, -278.232269287, 319.553283691, -158.125534058, 107.817138672, -47.4796485901, 36.5177001953, 2.85424208641, 28.9082984924, 98.6577377319, 22.2885475159, 48.3468856812, -6.94562959671], [122.337127686, 48.2110519409, -41.5542831421, 7.2387752533, -5.34378433228, 5.42004346848, 6.55557060242, 4.65213632584, 10.7493944168, 22.2885475159, 69.6700973511, 19.3882923126, 5.3027920723], [-3871.82348633, -376.828613281, 532.565429688, -249.5728302, 220.416610718, -70.5509796143, 86.2428741455, -27.3225650787, -1.9530133009, 48.3468856812, 19.3882923126, 124.261177063, 22.6986160278], [-64.3860549927, 4.12904024124, 5.89141893387, 24.3702907562, 13.0609607697, 12.97797966, 2.99032616615, 0.454148441553, 2.34151554108, -6.94562959671, 5.3027920723, 22.6986160278, 53.8527946472]]}, "spectral_energyband_middle_low": {"dmean2": 0.0042244871147, "median": 0.00434672646224, "min": 1.19807915503e-22, "dvar2": 4.43234857812e-05, "dvar": 1.83932006621e-05, "dmean": 0.00270475470461, "max": 0.0570066645741, "var": 5.37817832083e-05, "mean": 0.00656959600747}, "melbands_crest": {"dmean2": 4.34468507767, "median": 13.1052017212, "min": 1.45727515221, "dvar2": 19.9760837555, "dvar": 7.54702663422, "dmean": 2.65203714371, "max": 33.2464485168, "var": 49.7159118652, "mean": 12.7753591537}, "spectral_kurtosis": {"dmean2": 1.66341972351, "median": 1.18963980675, "min": -1.28933346272, "dvar2": 5.84597063065, "dvar": 1.99302315712, "dmean": 0.95107626915, "max": 32.163356781, "var": 4.93300867081, "mean": 1.37038969994}, "spectral_rms": {"dmean2": 0.00094270700356, "median": 0.00492780515924, "min": 3.07703840706e-12, "dvar2": 1.40332576848e-06, "dvar": 5.26429971615e-07, "dmean": 0.00058569048997, "max": 0.00873024109751, "var": 5.53557219973e-06, "mean": 0.00410893466324}, "zerocrossingrate": {"dmean2": 0.0136312488467, "median": 0.087890625, "min": 0.00341796875, "dvar2": 0.000165966179338, "dvar": 8.6756372184e-05, "dmean": 0.0099854497239, "max": 0.53515625, "var": 0.0296153072268, "mean": 0.163190245628}, "silence_rate_60dB": {"dmean2": 0.00251177395694, "median": 0, "min": 0, "dvar2": 0.00313354888931, "dvar": 0.00125432712957, "dmean": 0.00125578837469, "max": 1, "var": 0.173121869564, "mean": 0.22272798419}, "erbbands_kurtosis": {"dmean2": 1.02014696598, "median": -0.0838180184364, "min": -1.74196088314, "dvar2": 2.1444067955, "dvar": 0.957142174244, "dmean": 0.640804111958, "max": 54.0985565186, "var": 4.70770549774, "mean": 0.212418168783}, "erbbands": {"dmean2": [0.102261215448, 1.45843780041, 3.88586330414, 4.65734004974, 4.64815378189, 4.1707906723, 3.07542872429, 5.94477462769, 11.0205478668, 19.0210952759, 15.1365766525, 23.7995491028, 15.6168260574, 12.6667938232, 17.1482639313, 15.9716024399, 18.5459766388, 25.6064624786, 29.1679363251, 25.416009903, 33.5122146606, 26.7189826965, 29.2746829987, 22.4466400146, 18.1308956146, 18.3457546234, 13.5933828354, 8.64226818085, 8.3465719223, 5.39183712006, 3.72039437294, 2.27340817451, 1.36535608768, 0.608207285404, 0.0332077890635, 0.00137319217902, 0.000360137812095, 8.2427788584e-05, 9.55626455834e-06, 1.20744216474e-05], "median": [0.0442102439702, 0.965191364288, 2.66071987152, 2.47947454453, 1.5335701704, 1.16921925545, 1.34176802635, 2.70378780365, 4.01615381241, 5.30510520935, 4.43339633942, 6.68303203583, 7.11112451553, 5.20200252533, 6.0088262558, 6.95945072174, 8.28899765015, 11.1701450348, 15.1695957184, 15.8641452789, 22.8296470642, 23.0449409485, 24.376083374, 21.8774471283, 21.0376853943, 18.1660614014, 16.5842189789, 10.9261398315, 9.0949678421, 6.38349628448, 4.2037024498, 2.44019699097, 1.30056619644, 0.572517514229, 0.0266280658543, 0.00105127377901, 0.000128792657051, 2.68095063802e-05, 2.07192897506e-05, 3.33253628924e-05], "min": [3.3354001483e-23, 1.39089922703e-22, 5.51845185001e-22, 1.55633598063e-21, 4.80673159536e-21, 1.02988703777e-20, 1.67165463135e-20, 4.56325235531e-20, 6.6948864541e-20, 9.14764046774e-20, 1.29698934443e-19, 2.30430029684e-19, 3.24470048026e-19, 3.41688743054e-19, 5.61793361495e-19, 7.99189079118e-19, 9.71590941266e-19, 1.28597944123e-18, 1.85723037226e-18, 2.25344967888e-18, 2.4427865648e-18, 3.10929975108e-18, 3.82566359735e-18, 3.74579186459e-18, 5.08377470336e-18, 5.47931261995e-18, 6.93948120214e-18, 7.30108320692e-18, 8.58415531509e-18, 8.45622273438e-18, 9.6508038878e-18, 7.73877838343e-18, 8.14165918231e-18, 6.13515434914e-18, 5.17121968823e-18, 3.43292217162e-18, 1.89811170609e-18, 8.3845772094e-19, 2.19653624062e-19, 2.25978457052e-20], "dvar2": [0.0358439236879, 6.24291658401, 41.8698692322, 60.494304657, 108.083229065, 88.791633606, 55.0721969604, 210.110595703, 709.389099121, 2770.4387207, 1885.13220215, 4066.61279297, 1479.06933594, 1144.23339844, 1938.30664063, 1750.8684082, 2307.07202148, 3503.79833984, 3764.46191406, 3156.17651367, 6264.31689453, 2254.72045898, 2415.22460938, 1215.81176758, 866.176391602, 1227.60266113, 387.904388428, 175.866500854, 200.566604614, 84.5431900024, 55.9480514526, 25.519487381, 12.7706947327, 1.49224698544, 0.0046280301176, 7.70962378738e-06, 7.06006574092e-07, 3.9236649485e-08, 2.27301025224e-10, 2.27062882385e-10], "dvar": [0.0134911099449, 2.17678451538, 14.4801216125, 23.9310512543, 41.3152580261, 34.0602760315, 21.3094921112, 88.0659408569, 296.134216309, 1217.04101563, 790.421081543, 1811.27526855, 659.596862793, 491.924072266, 918.667297363, 781.644042969, 980.024658203, 1414.23571777, 1491.41149902, 1316.00500488, 2292.71166992, 917.593200684, 962.969787598, 476.847961426, 354.398132324, 481.749420166, 143.692092896, 71.5858840942, 81.847869873, 35.533203125, 23.1051311493, 11.147986412, 6.14866495132, 0.679664075375, 0.00200397754088, 3.11012422571e-06, 2.61089894593e-07, 1.43737004521e-08, 8.89754867006e-11, 8.67878199862e-11], "dmean": [0.0613326691091, 0.873849749565, 2.30969429016, 2.822940588, 2.76349520683, 2.48397946358, 1.86993038654, 3.74144339561, 6.92311620712, 12.4225606918, 9.71667385101, 15.6656827927, 10.1554193497, 8.18653106689, 11.1869344711, 10.3155241013, 11.9670810699, 16.0738697052, 18.1315174103, 15.7966442108, 20.5797481537, 16.7784519196, 18.1589164734, 13.7700977325, 11.235039711, 11.2425060272, 8.28662014008, 5.29964733124, 5.08645439148, 3.42841458321, 2.39376807213, 1.46379137039, 0.91701066494, 0.399524480104, 0.0211787130684, 0.000854411511682, 0.000212000275496, 4.83484000142e-05, 5.95002529735e-06, 7.48824186303e-06], "max": [1.42254447937, 14.4015626907, 43.482673645, 73.5177078247, 81.1712646484, 109.537574768, 146.355819702, 348.984924316, 514.805664063, 1019.64099121, 744.216430664, 1360.37207031, 764.183166504, 773.069030762, 1033.77819824, 992.839538574, 1145.4161377, 828.917419434, 1086.41564941, 1467.44299316, 1931.1015625, 633.930908203, 1141.64135742, 406.597625732, 644.653137207, 927.99786377, 199.555984497, 206.176559448, 232.908325195, 177.132034302, 145.193405151, 132.561401367, 139.326370239, 25.6719703674, 1.54538190365, 0.0425147637725, 0.0105032911524, 0.00198892410845, 0.000203646923183, 0.000102420308394], "var": [0.0168604534119, 3.26988840103, 23.8781719208, 36.5035934448, 39.3861160278, 36.1196746826, 39.6850013733, 158.738265991, 736.03137207, 5004.83349609, 2015.19665527, 5335.77197266, 2011.32385254, 1094.31665039, 2415.55566406, 1734.95007324, 2002.36206055, 2904.43310547, 2934.60986328, 2335.26318359, 4571.65185547, 2671.45922852, 2576.36279297, 1434.20007324, 1114.96447754, 1317.78015137, 494.224700928, 285.92578125, 274.030029297, 121.972923279, 81.8700332642, 46.4661178589, 18.4186592102, 2.24593901634, 0.00490822270513, 6.91817240295e-06, 3.20521962749e-07, 1.68511622434e-08, 3.40288713874e-10, 4.29602436958e-10], "mean": [0.0896262973547, 1.50213396549, 4.30562353134, 4.48873138428, 3.47250461578, 3.05631804466, 3.17632317543, 6.69533109665, 12.2475681305, 25.194185257, 18.1326465607, 30.4494781494, 19.8188419342, 15.2990236282, 20.2712879181, 18.4018707275, 21.1034736633, 28.283700943, 32.4744262695, 29.156583786, 38.9481391907, 37.9433174133, 39.1825942993, 31.9766349792, 27.855802536, 26.7840805054, 21.1397514343, 14.3199272156, 13.1869239807, 9.12498950958, 6.31978464127, 3.97610664368, 2.42320656776, 1.00185108185, 0.0461432002485, 0.00181335851084, 0.000310842791805, 6.78221113048e-05, 2.15993259189e-05, 3.05472931359e-05]}, "spectral_strongpeak": {"dmean2": 0.698546171188, "median": 0.301801770926, "min": 0, "dvar2": 2.0866932869, "dvar": 0.788911342621, "dmean": 0.399327099323, "max": 13.8621463776, "var": 1.13150274754, "mean": 0.646875619888}, "spectral_energy": {"dmean2": 0.0103456806391, "median": 0.0248903464526, "min": 9.7048690718e-21, "dvar2": 0.000175883571501, "dvar": 6.57611453789e-05, "dmean": 0.00638804584742, "max": 0.0781225413084, "var": 0.000246849493124, "mean": 0.0229795258492}, "average_loudness": 0.898369312286, "spectral_rolloff": {"dmean2": 934.601196289, "median": 2734.71679688, "min": 86.1328125, "dvar2": 1025494.0625, "dvar": 440725.5625, "dmean": 565.167663574, "max": 19875.1464844, "var": 45201844, "mean": 5615.78662109}, "spectral_centroid": {"dmean2": 439.436218262, "median": 2348.52001953, "min": 195.212158203, "dvar2": 166240.46875, "dvar": 67496.1328125, "dmean": 275.428283691, "max": 11912.1025391, "var": 13129272, "mean": 3904.04101563}, "pitch_salience": {"dmean2": 0.0963619723916, "median": 0.540594279766, "min": 0.0821569785476, "dvar2": 0.0113949272782, "dvar": 0.00431706756353, "dmean": 0.0586835816503, "max": 0.959946811199, "var": 0.0243193507195, "mean": 0.556236743927}, "spectral_energyband_middle_high": {"dmean2": 0.00226644729264, "median": 0.00471245590597, "min": 1.02246753464e-21, "dvar2": 1.02000030893e-05, "dvar": 4.54328937849e-06, "dmean": 0.00149120891001, "max": 0.0420080497861, "var": 3.24058819388e-05, "mean": 0.00583687238395}, "spectral_contrast_coeffs": {"dmean2": [0.0712690576911, 0.066154576838, 0.0530705675483, 0.0437857583165, 0.0309779979289, 0.0269878208637], "median": [-0.669971287251, -0.764089226723, -0.785608053207, -0.787423491478, -0.788831830025, -0.692031145096], "min": [-0.985105991364, -0.986161530018, -0.985623657703, -0.975044548512, -0.972776532173, -0.967049479485], "dvar2": [0.00426612608135, 0.00369227281772, 0.00234844279476, 0.00156672135927, 0.000828688498586, 0.000774656713475], "dvar": [0.00155785935931, 0.00143039959949, 0.000946895277593, 0.000621384533588, 0.000333750766004, 0.000313956086757], "dmean": [0.0426717177033, 0.0402537882328, 0.0326408520341, 0.0266834963113, 0.019146874547, 0.0166899804026], "max": [-0.37177464366, -0.417598009109, -0.506077229977, -0.543823003769, -0.555034816265, -0.556291282177], "var": [0.019235894084, 0.0125941643491, 0.010123193264, 0.00761558394879, 0.00649930397049, 0.0133767332882], "mean": [-0.709414660931, -0.778370082378, -0.799152135849, -0.808102846146, -0.813494086266, -0.740477621555]}, "melbands_skewness": {"dmean2": 1.03118014336, "median": 1.74640083313, "min": -1.01907074451, "dvar2": 1.98434448242, "dvar": 0.77195584774, "dmean": 0.647023558617, "max": 15.9207324982, "var": 4.4735660553, "mean": 2.19025969505}, "spectral_spread": {"dmean2": 723301.125, "median": 4046422.25, "min": 1299730.875, "dvar2": 1095348387840.0, "dvar": 438557835264, "dmean": 446745.375, "max": 44167248, "var": 216967671710000.0, "mean": 11316491}, "dissonance": {"dmean2": 0.0160218793899, "median": 0.48699682951, "min": 0.252656042576, "dvar2": 0.000294099387247, "dvar": 0.00011036315118, "dmean": 0.00949851516634, "max": 0.500000119209, "var": 0.000329941220116, "mean": 0.482116162777}, "spectral_skewness": {"dmean2": 0.240163207054, "median": 0.7423812747, "min": -0.889768958092, "dvar2": 0.0774357840419, "dvar": 0.0276247356087, "dmean": 0.142041221261, "max": 3.79641866684, "var": 0.182352825999, "mean": 0.670525193214}, "spectral_flux": {"dmean2": 0.0264545362443, "median": 0.0791170299053, "min": 6.0290876458e-11, "dvar2": 0.000969428452663, "dvar": 0.000393990048906, "dmean": 0.0165479239076, "max": 0.236460343003, "var": 0.002192418091, "mean": 0.0721382126212}, "spectral_contrast_valleys": {"dmean2": [0.670031011105, 0.581886589527, 0.483157604933, 0.382397770882, 0.300404429436, 0.338012516499], "median": [-7.28365516663, -6.94324398041, -7.36111211777, -7.3514251709, -6.76334762573, -10.0168466568], "min": [-28.6542491913, -28.2824668884, -28.4377994537, -27.9845981598, -27.662776947, -27.4880218506], "dvar2": [0.287258684635, 0.223454877734, 0.155363753438, 0.110909633338, 0.101481668651, 0.218037858605], "dvar": [0.116317056119, 0.0911782681942, 0.0678942501545, 0.0548094846308, 0.0543205030262, 0.118062272668], "dmean": [0.405054420233, 0.350448578596, 0.296825587749, 0.242544949055, 0.194852694869, 0.240383550525], "max": [-5.49290275574, -5.16567087173, -5.56483840942, -5.85224056244, -5.505402565, -8.06914901733], "var": [65.596496582, 67.7878112793, 64.4649963379, 64.5331039429, 67.9482040405, 48.3489189148], "mean": [-11.3035898209, -10.9918174744, -11.3476333618, -11.3746261597, -10.947265625, -13.5873203278]}, "erbbands_flatness_db": {"dmean2": 0.0173807237297, "median": 0.158630251884, "min": 0.0800229161978, "dvar2": 0.0002