{"metadata": {"tags": {"label": ["Apple Records"], "releasecountry": ["XW"], "musicbrainz_releasetrackid": ["721669bf-2201-30aa-8603-0cd392533276"], "catalognumber": ["5099969944901"], "writer": ["John Lennon", "Paul McCartney"], "genre": ["Pop"], "releasetype": ["album", "compilation"], "originalyear": ["1969"], "tracknumber": ["4"], "disctotal": ["17"], "musicbrainz_albumartistid": ["b10bbbfc-cf9e-42e0-be17-e2c3e1d2600d"], "album": ["The Beatles In Stereo (Disc 13: Abbey Road)"], "musicbrainz_workid": ["53027b47-d8b3-3749-8e73-0f5d4e5fe242"], "work": ["Oh! Darling"], "albumartistsort": ["Beatles, The"], "releasestatus": ["official"], "discsubtitle": ["Abbey Road"], "producer": ["George Martin"], "musicbrainz_artistid": ["b10bbbfc-cf9e-42e0-be17-e2c3e1d2600d"], "acoustid_id": ["5f5838ea-5e76-4e66-a7e4-7d1bb1307622"], "musicbrainz_recordingid": ["18e83fa0-8745-4937-ad51-ee3495e3616e"], "performer": ["Ringo Starr (drums)", "George Harrison (electric guitar)", "Paul McCartney (electric bass guitar)", "John Lennon (piano)", "George Harrison (background vocals)", "John Lennon (background vocals)", "Paul McCartney (background vocals)", "Paul McCartney (lead vocals)"], "albumartist": ["The Beatles"], "barcode": ["077774644624"], "originaldate": ["1969"], "artist": ["The Beatles"], "bpm": ["172"], "isrc": ["GBAYE0601692"], "artistsort": ["Beatles, The"], "title": ["Oh! Darling"], "asin": ["B002VH7P4O"], "tracktotal": ["17"], "musicbrainz_releasegroupid": ["3002658c-fcf9-4f9b-9a41-c96ea3b9e2fc"], "musicbrainz_albumid": ["75b34c4a-1e15-3bf5-a734-abfafa94c731"], "discnumber": ["13"], "date": ["2009-09-09"], "musicip_puid": ["9a668913-9573-1e16-1c8b-1a42101d302b"], "media": ["Enhanced CD"], "file_name": "04 Oh! Darling.flac", "language": ["eng"], "script": ["Latn"]}, "audio_properties": {"sample_rate": 44100, "downmix": "mix", "lossless": true, "analysis_sample_rate": 44100, "md5_encoded": "8f087bb6213977281d2756cb4b5892db", "equal_loudness": 0, "replay_gain": -11.1521568298, "codec": "flac", "bit_rate": 0, "length": 207.240005493}, "version": {"extractor": "music 1.0", "essentia_build_sha": "2d9f1f26377add8aeb1075a9c2973f962c4f09fd", "essentia_git_sha": "v2.1_beta2-1-ge3940c0", "essentia": "2.1-beta2"}}, "rhythm": {"beats_loudness_band_ratio": {"dvar2": [0.0576355569065, 0.0177464466542, 0.0213971734047, 0.0246465876698, 0.0213408414274, 0.00791550427675], "var": [0.0517806224525, 0.00735398149118, 0.0109791029245, 0.0132823679596, 0.0147757865489, 0.00422117486596], "min": [0.000858354149386, 0.00259017478675, 0.0023874968756, 0.00110674614552, 0.00181609892752, 0.000407303276006], "dmean": [0.178838461637, 0.0659141540527, 0.0636007636786, 0.0807182788849, 0.0887481346726, 0.0454894304276], "mean": [0.538413524628, 0.0986769944429, 0.0818104669452, 0.109065324068, 0.131520792842, 0.0577022433281], "max": [0.967601060867, 0.764116644859, 0.800489068031, 0.673260629177, 0.65958738327, 0.694715678692], "dmean2": [0.29128870368, 0.114844217896, 0.11170502007, 0.141605526209, 0.14553911984, 0.0794974491], "median": [0.559931397438, 0.0758916288614, 0.049175683409, 0.0748435109854, 0.0980814024806, 0.0402481332421], "dvar": [0.0235196985304, 0.00650413706899, 0.00858964398503, 0.0086425812915, 0.00864380132407, 0.0030456003733]}, "bpm_histogram_first_peak_weight": {"dvar2": 0, "var": 0, "min": 0.517766475677, "dmean": 0, "mean": 0.517766475677, "max": 0.517766475677, "dmean2": 0, "median": 0.517766475677, "dvar": 0}, "bpm": 172.265411377, "beats_count": 592, "bpm_histogram_first_peak_spread": {"dvar2": 0, "var": 0, "min": 0, "dmean": 0, "mean": 0, "max": 0, "dmean2": 0, "median": 0, "dvar": 0}, "danceability": 1.16057515144, "bpm_histogram_first_peak_bpm": {"dvar2": 0, "var": 0, "min": 172, "dmean": 0, "mean": 172, "max": 172, "dmean2": 0, "median": 172, "dvar": 0}, "beats_position": [0.383129239082, 0.743038535118, 1.11455774307, 1.48607707024, 1.8575963974, 2.22911548615, 2.60063481331, 2.97215414047, 3.33206343651, 3.70358276367, 4.06349182129, 4.41179132462, 4.76009082794, 5.10838985443, 5.46829938889, 5.8282084465, 6.17650794983, 6.52480697632, 6.87310647964, 7.22140598297, 7.58131504059, 7.92961454391, 8.26630401611, 8.60299301147, 8.93968200684, 9.287981987, 9.63628101349, 9.98458003998, 10.3328800201, 10.6811790466, 11.0294780731, 11.3777770996, 11.7260770798, 12.0743761063, 12.4226751328, 12.7593650818, 13.0960540771, 13.4443531036, 13.7926530838, 14.1409521103, 14.5008611679, 14.8491611481, 15.1974601746, 15.545759201, 15.8940582275, 16.242357254, 16.5790481567, 16.9273471832, 17.2756462097, 17.6239452362, 17.9722442627, 18.3205432892, 18.6688423157, 19.0055332184, 19.3422222137, 19.6905212402, 20.0388202667, 20.3871192932, 20.7354183197, 21.0837192535, 21.43201828, 21.7803173065, 22.128616333, 22.4769153595, 22.825214386, 23.1735134125, 23.5218143463, 23.8701133728, 24.2184123993, 24.5667114258, 24.9150104523, 25.2633094788, 25.6116104126, 25.9599094391, 26.3198184967, 26.6797275543, 27.0280265808, 27.3763256073, 27.7246246338, 28.0613155365, 28.3980045319, 28.7230834961, 29.0481624603, 29.3732414246, 29.6983222961, 30.0234012604, 30.3484802246, 30.6735591888, 30.9986381531, 31.3237190247, 31.6487979889, 31.9738769531, 32.2989578247, 32.6240348816, 32.9491157532, 33.2741928101, 33.5992736816, 33.9243545532, 34.2842636108, 34.6441726685, 34.9924697876, 35.3407707214, 35.7006797791, 36.0605888367, 36.4321098328, 36.7920188904, 37.151927948, 37.4886169434, 37.8253059387, 38.1736030579, 38.5219039917, 38.8702049255, 39.2185020447, 39.5668029785, 39.9151000977, 40.2634010315, 40.6116981506, 40.9599990845, 41.3083000183, 41.6449890137, 41.981678009, 42.3299751282, 42.678276062, 43.0265769958, 43.374874115, 43.7231750488, 44.071472168, 44.4197731018, 44.7680702209, 45.1163711548, 45.4646720886, 45.801361084, 46.1496582031, 46.5095672607, 46.8578681946, 47.2061653137, 47.5544662476, 47.8911552429, 48.2394561768, 48.5761451721, 48.9244422913, 49.2727432251, 49.6210403442, 49.9577331543, 50.2944221497, 50.6427192688, 50.9910202026, 51.3393173218, 51.6876182556, 52.0359191895, 52.3726081848, 52.720905304, 53.0808143616, 53.4291152954, 53.7774124146, 54.1257133484, 54.4740142822, 54.8223114014, 55.1706123352, 55.5189094543, 55.8672103882, 56.2155075073, 56.5522003174, 56.9004974365, 57.2487983704, 57.5970954895, 57.9570045471, 58.305305481, 58.6536026001, 59.0019035339, 59.3618125916, 59.6985015869, 60.0468025208, 60.3950996399, 60.7434005737, 61.0916976929, 61.4167785645, 61.741859436, 62.0669364929, 62.3920173645, 62.7170982361, 63.0537872314, 63.3788642883, 63.7155532837, 64.0406341553, 64.3657150269, 64.6907958984, 65.0042648315, 65.3177337646, 65.6428070068, 65.9678878784, 66.2813568115, 66.5948257446, 66.9199066162, 67.2333755493, 67.5468444824, 67.8603134155, 68.1737823486, 68.4872512817, 68.8007278442, 69.1490249634, 69.4973220825, 69.8340148926, 70.1707000732, 70.5189971924, 70.8673019409, 71.2155990601, 71.5522918701, 71.8889770508, 72.2372741699, 72.5855789185, 72.9222640991, 73.2589569092, 73.6072540283, 73.9555511475, 74.303855896, 74.6521530151, 75.0004501343, 75.3487548828, 75.697052002, 76.0453491211, 76.3820419312, 76.7187271118, 77.0554199219, 77.3921051025, 77.7404098511, 78.1003189087, 78.4370040894, 78.7853012085, 79.133605957, 79.4819030762, 79.8302001953, 80.1785049438, 80.526802063, 80.8634872437, 81.2001800537, 81.5484771729, 81.8967819214, 82.2450790405, 82.5933761597, 82.9416732788, 83.2783660889, 83.6150588989, 83.9633560181, 84.3116531372, 84.6599502563, 84.9850311279, 85.3101119995, 85.6700210571, 86.0299301147, 86.3782272339, 86.7149200439, 87.0516052246, 87.3999099731, 87.7365951538, 88.0732879639, 88.421585083, 88.7582778931, 89.1065750122, 89.4432601929, 89.7915649414, 90.1398620605, 90.4881591797, 90.8248519897, 91.1731491089, 91.5098419189, 91.8581390381, 92.2064361572, 92.5547409058, 92.8914260864, 93.2281188965, 93.5648040771, 93.9014968872, 94.2497940063, 94.5980911255, 94.946395874, 95.2714691162, 95.6081619263, 95.9448471069, 96.2699279785, 96.6182327271, 96.9433059692, 97.2683868408, 97.61668396, 97.95337677, 98.2900695801, 98.6267547607, 98.9634475708, 99.3117446899, 99.6716537476, 100.031562805, 100.379859924, 100.739768982, 101.09967804, 101.459587097, 101.819496155, 102.191017151, 102.550926208, 102.910835266, 103.259140015, 103.619049072, 103.97895813, 104.338867188, 104.698776245, 105.058685303, 105.41859436, 105.766891479, 106.115188599, 106.463493347, 106.811790466, 107.160087585, 107.496780396, 107.833465576, 108.181770325, 108.541679382, 108.889976501, 109.249885559, 109.58657074, 109.934875488, 110.294784546, 110.654693604, 111.014602661, 111.36289978, 111.711196899, 112.059501648, 112.407798767, 112.779319763, 113.127616882, 113.475914001, 113.82421875, 114.172515869, 114.520812988, 114.880722046, 115.229019165, 115.588935852, 115.925621033, 116.262313843, 116.610610962, 116.958908081, 117.3072052, 117.655509949, 118.003807068, 118.352104187, 118.712013245, 119.071922302, 119.43183136, 119.791740417, 120.140045166, 120.488342285, 120.836639404, 121.196548462, 121.54485321, 121.904762268, 122.253059387, 122.601356506, 122.949661255, 123.297958374, 123.657867432, 124.017776489, 124.377685547, 124.737594604, 125.085891724, 125.434196472, 125.782493591, 126.13079071, 126.47908783, 126.827392578, 127.175689697, 127.500770569, 127.82585144, 128.150924683, 128.487609863, 128.824310303, 129.149383545, 129.486068726, 129.822769165, 130.147842407, 130.472915649, 130.79800415, 131.134689331, 131.471374512, 131.796463013, 132.121536255, 132.446624756, 132.771697998, 133.09677124, 133.421859741, 133.735321045, 134.060409546, 134.385482788, 134.710571289, 135.04725647, 135.395553589, 135.743850708, 136.092147827, 136.440444946, 136.788757324, 137.137054443, 137.485351563, 137.833648682, 138.170333862, 138.507034302, 138.843719482, 139.180404663, 139.528701782, 139.876998901, 140.225296021, 140.573608398, 140.921905518, 141.270202637, 141.618499756, 141.966796875, 142.315093994, 142.651794434, 142.988479614, 143.336776733, 143.685073853, 144.033370972, 144.381668091, 144.729980469, 145.078277588, 145.426574707, 145.774871826, 146.111557007, 146.448257446, 146.796554565, 147.144851685, 147.481536865, 147.818222046, 148.166534424, 148.514831543, 148.863128662, 149.199813843, 149.536499023, 149.884811401, 150.233108521, 150.569793701, 150.906478882, 151.231567383, 151.579864502, 151.916549683, 152.253234863, 152.601531982, 152.94984436, 153.298141479, 153.646438599, 153.983123779, 154.31980896, 154.668121338, 155.016418457, 155.364715576, 155.713012695, 156.049697876, 156.386398315, 156.734695435, 157.082992554, 157.431289673, 157.779586792, 158.116271973, 158.452972412, 158.801269531, 159.14956665, 159.49786377, 159.846160889, 160.194458008, 160.519546509, 160.856231689, 161.19291687, 161.518005371, 161.86630249, 162.191375732, 162.528076172, 162.864761353, 163.201446533, 163.538131714, 163.886444092, 164.234741211, 164.594650269, 164.954559326, 165.314468384, 165.674377441, 166.045898438, 166.429016113, 166.812149048, 167.183670044, 167.55519104, 167.915100098, 168.263397217, 168.623306274, 168.983215332, 169.34312439, 169.703033447, 170.062942505, 170.422851563, 170.78276062, 171.131057739, 171.479354858, 171.839263916, 172.199172974, 172.547485352, 172.895782471, 173.24407959, 173.592376709, 173.940673828, 174.288970947, 174.637283325, 174.985580444, 175.333877563, 175.682174683, 176.030471802, 176.378768921, 176.72706604, 177.086975098, 177.435287476, 177.795196533, 178.143493652, 178.491790771, 178.840087891, 179.18838501, 179.536682129, 179.884979248, 180.233291626, 180.581588745, 180.941497803, 181.30140686, 181.649703979, 181.998001099, 182.346298218, 182.694595337, 183.042892456, 183.402801514, 183.751113892, 184.111022949, 184.459320068, 184.807617188, 185.155914307, 185.504211426, 185.864120483, 186.224029541, 186.583938599, 186.943847656, 187.292144775, 187.640457153, 187.988754272, 188.337051392, 188.685348511, 189.03364563, 189.381942749, 189.730239868, 190.078552246, 190.426849365, 190.775146484, 191.123443604, 191.471740723, 191.83164978, 192.179946899, 192.528244019, 192.876556396, 193.213241577, 193.549926758, 193.886611938, 194.223312378, 194.559997559, 194.885070801, 195.22177124, 195.558456421, 195.895141602, 196.231826782, 196.58013916, 196.905212402, 197.241897583, 197.578598022, 197.915283203, 198.251968384, 198.600265503, 198.936950684, 199.273651123, 199.621948242, 199.970245361, 200.31854248, 200.852600098, 201.386657715, 201.909118652, 202.431564331, 202.95401001, 203.476455688, 204.022125244, 204.5677948, 205.113464355, 205.659133911, 206.204803467, 206.750473022], "beats_loudness": {"dvar2": 0.000754152424634, "var": 0.000443827710114, "min": 1.08494102591e-08, "dmean": 0.0183865893632, "mean": 0.041917860508, "max": 0.139893725514, "dmean2": 0.0313204862177, "median": 0.0402797944844, "dvar": 0.000284397625364}, "bpm_histogram_second_peak_weight": {"dvar2": 0, "var": 0, "min": 0.189509302378, "dmean": 0, "mean": 0.189509302378, "max": 0.189509302378, "dmean2": 0, "median": 0.189509302378, "dvar": 0}, "bpm_histogram_second_peak_spread": {"dvar2": 0, "var": 0, "min": 0, "dmean": 0, "mean": 0, "max": 0, "dmean2": 0, "median": 0, "dvar": 0}, "bpm_histogram_second_peak_bpm": {"dvar2": 0, "var": 0, "min": 178, "dmean": 0, "mean": 178, "max": 178, "dmean2": 0, "median": 178, "dvar": 0}, "onset_rate": 3.11201334}, "lowlevel": {"spectral_energyband_high": {"dvar2": 3.89152592106e-06, "var": 2.13759403778e-06, "min": 5.49032289087e-14, "dmean": 0.000493125116918, "mean": 0.000830208882689, "max": 0.0307949967682, "dmean2": 0.000732906744815, "median": 0.000344620028045, "dvar": 1.67503765169e-06}, "spectral_energyband_middle_low": {"dvar2": 9.89842155832e-05, "var": 5.80237101531e-05, "min": 3.17892883885e-15, "dmean": 0.00328388088383, "mean": 0.00849065929651, "max": 0.0827784389257, "dmean2": 0.00536594400182, "median": 0.00654271012172, "dvar": 3.70783418475e-05}, "spectral_energy": {"dvar2": 0.000754657899961, "var": 0.000472087209346, "min": 1.77183043086e-13, "dmean": 0.00894321128726, "mean": 0.0305825099349, "max": 0.199005901814, "dmean2": 0.0140737267211, "median": 0.0273112170398, "dvar": 0.000308305228828}, "spectral_spread": {"dvar2": 502484369408, "var": 2018864660480.0, "min": 1363872.375, "dmean": 440597.84375, "mean": 3875408.25, "max": 39729484, "dmean2": 586587.8125, "median": 3522046.75, "dvar": 341409267712}, "spectral_energyband_low": {"dvar2": 0.000724430487026, "var": 0.000271876109764, "min": 4.07578574637e-15, "dmean": 0.00686853146181, "mean": 0.0153543911874, "max": 0.173819229007, "dmean2": 0.011694855988, "median": 0.0125544350594, "dvar": 0.000270208809525}, "spectral_rolloff": {"dvar2": 1049738.75, "var": 5053469.5, "min": 86.1328125, "dmean": 373.330474854, "mean": 1561.34387207, "max": 21856.2011719, "dmean2": 628.057800293, "median": 1421.19140625, "dvar": 465022.1875}, "barkbands": {"dvar2": [4.37445407897e-07, 0.000239693908952, 0.000218911009142, 3.87137188227e-05, 1.17640756798e-05, 5.49377182324e-06, 5.59366299058e-06, 2.02641740543e-06, 2.31400781558e-06, 2.41256793743e-06, 2.20822698793e-06, 1.1454825426e-06, 3.9192937038e-06, 2.91207470582e-06, 4.59098009742e-06, 1.83083534466e-06, 8.1794308926e-07, 1.38742780109e-06, 5.51568348328e-07, 2.36256482822e-07, 3.28579574216e-07, 3.27058643279e-07, 1.89316551769e-07, 1.41932915199e-07, 5.58240742521e-08, 5.07765052227e-10, 1.32492562928e-12], "var": [3.34917586997e-07, 9.4669398095e-05, 6.25976608717e-05, 2.05969226954e-05, 3.9990050027e-06, 4.58569502371e-06, 2.94918095278e-06, 9.38281061735e-07, 4.3680915951e-06, 2.37754488808e-06, 2.18462264456e-06, 1.70842542957e-06, 4.32875503975e-06, 2.94921096611e-06, 4.77199819215e-06, 2.9812226785e-06, 8.53076983276e-07, 1.12707687094e-06, 3.7715639678e-07, 2.53148840557e-07, 2.38232985339e-07, 1.36848100851e-07, 7.85250975355e-08, 5.74354892535e-08, 1.57220494401e-08, 3.18581744319e-10, 6.38623431481e-13], "min": [1.30877315905e-15, 1.85586401051e-15, 1.08567198641e-15, 9.18467788498e-16, 1.48487861445e-15, 5.32275609934e-16, 9.11280727176e-17, 3.8382199509e-17, 9.10354483413e-17, 1.32150956997e-16, 5.8553190652e-16, 1.52109784915e-15, 1.00301957021e-15, 1.3673359053e-16, 1.14718838948e-15, 6.16919506474e-16, 5.45531357921e-16, 3.41277462443e-16, 1.56147601563e-15, 1.94914181976e-15, 6.87653269135e-16, 1.25216541779e-15, 8.04935780353e-16, 1.84709404313e-15, 3.56274678406e-15, 2.12517030104e-15, 4.94237659967e-14], "dmean": [0.000172110027052, 0.00392457051203, 0.00346089736558, 0.00156479945872, 0.000920587801374, 0.000816409301478, 0.000681788136717, 0.000281576823909, 0.000446014164481, 0.000345545675373, 0.000374141731299, 0.0003448096395, 0.00061985157663, 0.000557300227229, 0.000626880093478, 0.000402779260185, 0.000317348924, 0.000314721633913, 0.000184980497579, 0.000158641341841, 0.000153396496898, 0.0001142274632, 9.02380488697e-05, 7.31603577151e-05, 2.87801558443e-05, 5.747956493e-06, 2.68777938572e-07], "mean": [0.000197211382329, 0.00798764172941, 0.00545688113198, 0.00293307681568, 0.00156998680905, 0.00157911179122, 0.00100203999318, 0.000350299669662, 0.000943198509049, 0.00057141931029, 0.000620679056738, 0.000647321285214, 0.00115187792107, 0.000957248732448, 0.00118550250772, 0.000870622345246, 0.000611573515926, 0.000614581396803, 0.000358597259037, 0.000306322617689, 0.000266879011178, 0.00016917863104, 0.000110875800601, 7.6843345596e-05, 3.49061301677e-05, 8.35723494674e-06, 3.65054091844e-07], "max": [0.00643806532025, 0.1081943959, 0.102645874023, 0.0506782010198, 0.0428971014917, 0.0198810268193, 0.0199682712555, 0.0186438206583, 0.0222662314773, 0.0249926764518, 0.0177535358816, 0.0178837217391, 0.0225131362677, 0.0195248536766, 0.0259007494897, 0.0209508035332, 0.0109721962363, 0.0225183442235, 0.0138781368732, 0.00636693323031, 0.00966037157923, 0.00897320266813, 0.00491602532566, 0.00522972969338, 0.00604919763282, 0.00060020055389, 1.26875311253e-05], "dmean2": [0.000237520973315, 0.00665582064539, 0.00617523491383, 0.00266236742027, 0.00156192865688, 0.00129338726401, 0.00111030542757, 0.000466283003334, 0.000710103602614, 0.000559578358661, 0.00058143917704, 0.00053468241822, 0.000974871858489, 0.000869396841154, 0.00100129295606, 0.000625792832579, 0.000493304803967, 0.000494927342515, 0.000291916629067, 0.000248862837907, 0.000239224958932, 0.00017741121701, 0.000137996292324, 0.000113023619633, 4.38374881924e-05, 8.07799824543e-06, 3.91726729276e-07], "median": [1.39432831929e-05, 0.00570766674355, 0.00295424461365, 0.00117300520651, 0.00102682691067, 0.000812809739728, 0.000409136904636, 9.1084104497e-05, 0.000241442176048, 0.000141534968861, 0.000130853062728, 0.000215966778342, 0.000358547229553, 0.000283269328065, 0.000328834343236, 0.000214899715502, 0.000250734592555, 0.000266640214249, 0.000185488665011, 0.000119810225442, 9.46781146922e-05, 7.00995296938e-05, 3.06667025143e-05, 1.24298112496e-05, 8.04198498372e-06, 1.5311683228e-06, 7.98029660132e-08], "dvar": [2.34039788438e-07, 9.08787624212e-05, 7.53134809202e-05, 1.37603074108e-05, 4.17873025071e-06, 2.18769173443e-06, 2.13760131373e-06, 7.9997425928e-07, 1.0285496046e-06, 8.93908236321e-07, 9.03422630927e-07, 4.9864547691e-07, 1.62219180311e-06, 1.28787644371e-06, 1.86460226814e-06, 7.72737507759e-07, 3.57062077683e-07, 5.77467403673e-07, 2.20649468474e-07, 9.8743250021e-08, 1.39602832405e-07, 1.3559976253e-07, 7.90996566025e-08, 5.96319154056e-08, 2.10198773942e-08, 2.29459909407e-10, 5.64948532834e-13]}, "melbands_skewness": {"dvar2": 1.89746320248, "var": 3.79743695259, "min": -2.31690835953, "dmean": 0.703022837639, "mean": 2.88508152962, "max": 12.2286834717, "dmean2": 1.10087239742, "median": 2.44788241386, "dvar": 0.775975942612}, "barkbands_skewness": {"dvar2": 0.823812007904, "var": 2.22710323334, "min": -4.56841564178, "dmean": 0.498463273048, "mean": 1.51919341087, "max": 10.9319314957, "dmean2": 0.769050478935, "median": 1.19544017315, "dvar": 0.359712868929}, "erbbands": {"dvar2": [0.123084545135, 18.8998088837, 261.685699463, 374.583465576, 137.969665527, 160.215286255, 308.366638184, 495.192382813, 1407.95300293, 849.046875, 820.40057373, 1494.82495117, 1206.8380127, 2634.10205078, 2745.87939453, 1301.30957031, 6968.01855469, 7035.96435547, 10449.7109375, 11018.3232422, 3423.16259766, 2491.78564453, 3302.85424805, 2332.16088867, 1085.12487793, 658.463256836, 596.58013916, 495.224212646, 417.805389404, 303.181396484, 134.250350952, 89.4553833008, 30.5861663818, 9.25224494934, 2.26367259026, 0.0651339665055, 0.000395911250962, 5.85143607168e-06, 4.40075851316e-08, 1.25228494241e-09], "var": [0.0664114430547, 6.03035116196, 69.7066040039, 139.642440796, 68.0879821777, 56.4717674255, 131.065231323, 485.128723145, 656.213623047, 558.057739258, 486.295227051, 2200.76220703, 1599.49816895, 2846.14672852, 3189.04785156, 1682.56079102, 7127.82714844, 8658.58984375, 11128.4746094, 13178.9414063, 7663.04492188, 2868.95117188, 2986.72241211, 1924.45727539, 716.358947754, 674.563354492, 574.795043945, 252.420608521, 174.23651123, 120.89415741, 55.5435333252, 34.9801254272, 12.4940824509, 2.73245000839, 0.608018398285, 0.0280311014503, 0.000290498981485, 3.86837973565e-06, 2.26949286031e-08, 9.47003697682e-10], "min": [6.95043726891e-14, 3.68807604898e-13, 1.14101978733e-12, 2.40752361623e-12, 3.93053558451e-12, 5.10634416695e-12, 5.21256388747e-12, 3.94446064353e-12, 1.95493838132e-12, 7.29731921591e-13, 1.155817087e-12, 2.06359105151e-12, 2.77401430819e-12, 1.02491426804e-11, 3.54649122569e-11, 6.34903518648e-11, 4.94954841002e-11, 1.12621960369e-11, 3.5142833088e-11, 6.37680741544e-11, 2.30226879228e-11, 3.25783948429e-11, 2.38760469728e-11, 2.75419062556e-11, 1.31117047775e-10, 8.33090055274e-11, 2.44738673771e-11, 3.30788313407e-11, 4.75139649847e-11, 3.18562676238e-11, 2.19557531878e-11, 3.87282324266e-11, 3.39966770013e-11, 5.79621246832e-11, 1.16509172102e-11, 8.06879129484e-12, 3.26511690948e-12, 2.92509094203e-12, 3.46415886428e-12, 1.36336048787e-12], "dmean": [0.0930710062385, 1.02921128273, 3.62310695648, 4.76988363266, 3.20874547958, 3.37927556038, 4.89058589935, 7.82652854919, 10.1504821777, 7.26555728912, 6.52309799194, 10.5216331482, 8.98506736755, 12.6005172729, 14.956568718, 11.8913221359, 23.5269508362, 25.76720047, 30.2776584625, 27.3639450073, 18.948720932, 17.0123271942, 17.0348358154, 11.1737165451, 8.32703113556, 8.05037117004, 6.97585916519, 5.16631889343, 4.20316553116, 3.35113167763, 2.38129067421, 1.85547614098, 1.02410674095, 0.41156065464, 0.16761662066, 0.0481885038316, 0.00574040552601, 0.000670994922984, 5.17097614647e-05, 1.23124427773e-05], "mean": [0.163246184587, 2.03169560432, 6.19712114334, 8.72339057922, 6.28361749649, 5.58948516846, 7.81514215469, 15.5149717331, 15.6278543472, 10.909412384, 9.35817241669, 20.481180191, 17.5825424194, 22.9288978577, 29.1831912994, 24.1504020691, 45.6749305725, 53.6261405945, 60.2473449707, 56.2514228821, 44.8001785278, 35.7486610413, 35.4705276489, 24.4319190979, 16.5487995148, 15.5603628159, 13.04433918, 8.15100955963, 6.19781732559, 4.59409284592, 2.8610291481, 1.96758258343, 1.08651041985, 0.461262851954, 0.215380251408, 0.0687824487686, 0.00852298084646, 0.000957532087341, 8.30009157653e-05, 4.03201265726e-05], "max": [3.72646212578, 28.8830471039, 114.794410706, 146.284851074, 130.950698853, 147.24887085, 169.02583313, 232.779296875, 360.214324951, 325.113311768, 383.01361084, 614.90838623, 598.383605957, 732.398620605, 657.415527344, 651.600402832, 1155.22766113, 1195.48693848, 1703.49047852, 1884.90673828, 1054.87744141, 723.148681641, 1118.40795898, 930.635437012, 690.56048584, 363.50177002, 384.205383301, 371.488006592, 321.827484131, 307.423950195, 122.562187195, 103.91872406, 103.024200439, 78.3777999878, 48.1634635925, 8.17899703979, 0.385720998049, 0.0255485214293, 0.00228544767015, 0.000322951993439], "dmean2": [0.150093123317, 1.79391002655, 6.5126709938, 8.23427391052, 5.39792442322, 5.69528007507, 8.0945224762, 12.1761903763, 16.4327659607, 11.6698436737, 10.5939846039, 16.3860683441, 13.7532930374, 19.821849823, 23.1303844452, 18.1973953247, 36.9099159241, 40.3579406738, 48.0434913635, 42.1685295105, 29.0166912079, 26.1264839172, 26.5293655396, 17.3054695129, 13.1005496979, 12.6464567184, 10.9234819412, 8.01215553284, 6.54016065598, 5.15026903152, 3.65641689301, 2.87295937538, 1.5751349926, 0.63682538271, 0.253978788853, 0.0688373818994, 0.00780393974856, 0.000926754437387, 7.30466344976e-05, 1.85217759281e-05], "median": [0.0884608477354, 1.45451009274, 3.70245957375, 4.5560464859, 3.52539682388, 3.37805986404, 4.187541008, 7.38771057129, 7.55901288986, 3.24813318253, 3.04268813133, 5.66414546967, 5.42972898483, 6.56458282471, 9.71653461456, 10.3446531296, 15.883685112, 18.0501232147, 20.9068374634, 14.7400999069, 12.675037384, 14.5025949478, 17.3678817749, 12.6078042984, 8.46860408783, 5.94726419449, 4.61461734772, 3.11678028107, 2.57413959503, 1.68819355965, 0.771470010281, 0.349131405354, 0.176226601005, 0.0895241722465, 0.0504878722131, 0.0147494925186, 0.00136418209877, 0.000136346978252, 3.12261545332e-05, 3.45131265931e-05], "dvar": [0.0533785074949, 6.81152439117, 89.7491226196, 131.294235229, 49.6974029541, 56.7811660767, 115.062416077, 202.063354492, 529.105285645, 335.376403809, 333.989929199, 679.943115234, 524.265930176, 1011.68273926, 1145.82922363, 573.076782227, 2834.76953125, 2939.61450195, 4208.26464844, 4581.94042969, 1520.52954102, 1094.89123535, 1419.49523926, 954.82824707, 423.291290283, 271.431518555, 253.258956909, 208.040420532, 171.995162964, 124.853729248, 56.2427368164, 37.2229766846, 12.7867383957, 3.53173875809, 0.839416742325, 0.0267375148833, 0.000184684337, 2.65778703579e-06, 1.90282705148e-08, 5.59760571228e-10]}, "silence_rate_30dB": {"dvar2": 0.0330078937113, "var": 0.00777951348573, "min": 0, "dmean": 0.0123235490173, "mean": 0.992158591747, "max": 1, "dmean2": 0.0246498603374, "median": 1, "dvar": 0.012172264047}, "melbands_spread": {"dvar2": 218.641189575, "var": 346.675567627, "min": 0.539497375488, "dmean": 6.75509595871, "mean": 26.2138633728, "max": 202.335037231, "dmean2": 10.5082187653, "median": 22.6809120178, "dvar": 94.3675460815}, "melbands_crest": {"dvar2": 18.9769935608, "var": 28.2494354248, "min": 3.67596316338, "dmean": 2.59163212776, "mean": 15.493016243, "max": 33.1225204468, "dmean2": 4.2199754715, "median": 14.9261760712, "dvar": 7.39999961853}, "zerocrossingrate": {"dvar2": 0.000172501648194, "var": 0.00331098143943, "min": 0.00390625, "dmean": 0.00813027098775, "mean": 0.0564642809331, "max": 0.64990234375, "dmean2": 0.00970850884914, "median": 0.05029296875, "dvar": 0.000119933240057}, "barkbands_kurtosis": {"dvar2": 58.3995780945, "var": 120.775566101, "min": -1.95679461956, "dmean": 2.61956954002, "mean": 4.77259778976, "max": 173.409210205, "dmean2": 4.08184814453, "median": 0.481183558702, "dvar": 26.6524562836}, "spectral_flux": {"dvar2": 0.0018910196377, "var": 0.00319458288141, "min": 5.72288699914e-05, "dmean": 0.0247927736491, "mean": 0.081316806376, "max": 0.395792633295, "dmean2": 0.0370021648705, "median": 0.0700495243073, "dvar": 0.00107192469295}, "barkbands_crest": {"dvar2": 11.6146688461, "var": 15.8751420975, "min": 2.61422419548, "dmean": 2.1069393158, "mean": 10.2703390121, "max": 24.8276443481, "dmean2": 3.42634177208, "median": 9.5741071701, "dvar": 4.48238658905}, "barkbands_flatness_db": {"dvar2": 0.000964079867117, "var": 0.0030933492817, "min": 0.0348394662142, "dmean": 0.0193660575897, "mean": 0.151856347919, "max": 0.418576091528, "dmean2": 0.0279986020178, "median": 0.141521677375, "dvar": 0.000458773371065}, "spectral_entropy": {"dvar2": 0.0507728159428, "var": 0.202538147569, "min": 5.34596061707, "dmean": 0.145203560591, "mean": 7.49113368988, "max": 9.80714416504, "dmean2": 0.200728476048, "median": 7.5604429245, "dvar": 0.0275776479393}, "pitch_salience": {"dvar2": 0.0116776647046, "var": 0.0133047029376, "min": 0.108339399099, "dmean": 0.0635627359152, "mean": 0.5065356493, "max": 0.938547432423, "dmean2": 0.104379020631, "median": 0.506614148617, "dvar": 0.00437117228284}, "erbbands_spread": {"dvar2": 156.078567505, "var": 344.65927124, "min": 3.11892032623, "dmean": 7.32352018356, "mean": 36.2539138794, "max": 115.20879364, "dmean2": 10.9989728928, "median": 32.3733634949, "dvar": 70.2301864624}, "dynamic_complexity": 3.49644899368, "spectral_contrast_valleys": {"dvar2": [0.247700706124, 0.299057513475, 0.218780964613, 0.175707668066, 0.196432366967, 0.34796372056], "var": [1.44935941696, 1.34814536572, 1.30909729004, 1.58360946178, 1.65632641315, 1.68698620796], "min": [-27.314622879, -27.5966110229, -27.1657733917, -27.2727298737, -27.2579574585, -27.2749195099], "dmean": [0.350646913052, 0.37438595295, 0.31899112463, 0.282583832741, 0.273650586605, 0.378652632236], "mean": [-7.09215736389, -7.11178159714, -7.55666780472, -7.63996601105, -7.6481294632, -10.5960731506], "max": [-5.08555364609, -4.61396837234, -5.42803573608, -5.48165082932, -5.41113710403, -7.30251979828], "dmean2": [0.565974116325, 0.603454053402, 0.504814743996, 0.439051091671, 0.38942310214, 0.450288623571], "median": [-6.83182668686, -6.9568696022, -7.40187835693, -7.49618005753, -7.43572950363, -10.4173774719], "dvar": [0.11212836951, 0.136374562979, 0.104573696852, 0.0969945043325, 0.121311128139, 0.236168384552]}, "hfc": {"dvar2": 293.622283936, "var": 418.402252197, "min": 3.2250822013e-09, "dmean": 6.61157226563, "mean": 22.8261013031, "max": 249.942687988, "dmean2": 9.56735229492, "median": 17.5934753418, "dvar": 140.449447632}, "spectral_kurtosis": {"dvar2": 14.2898054123, "var": 14.2896957397, "min": -1.18836426735, "dmean": 1.86347687244, "mean": 4.8605723381, "max": 45.6517601013, "dmean2": 3.1677134037, "median": 3.92147421837, "dvar": 5.38926076889}, "mfcc": {"mean": [-649.196166992, 127.907203674, -15.1310739517, 37.0166969299, 12.6155719757, 18.9341545105, 2.75362873077, 5.70977497101, -1.35821819305, 1.98789334297, 2.05050349236, -0.0409881919622, -1.79872488976], "cov": [[9783.36230469, -869.578979492, -464.758117676, 220.665649414, -63.5234565735, 230.854904175, -38.2821311951, 86.4549102783, 103.323219299, 124.95501709, 17.4304637909, 117.716110229, 67.4741973877], [-869.578979492, 1285.77209473, -107.05721283, 159.701065063, 108.329742432, 35.4332084656, 29.5051841736, -2.20614337921, -18.7238197327, -17.5152950287, 41.8545074463, -24.9236984253, -16.2280044556], [-464.758117676, -107.05721283, 778.011779785, 40.5859680176, 38.7533760071, -30.2870330811, -29.3557682037, -22.3035507202, -25.1527194977, -28.9710063934, -25.500629425, 14.3437805176, -17.1535320282], [220.665649414, 159.701065063, 40.5859680176, 351.996307373, 105.394706726, -4.82848167419, -53.5304336548, 11.2260246277, 13.884976387, -13.2636508942, -21.9261455536, -3.26488137245, 29.9973468781], [-63.5234565735, 108.329742432, 38.7533760071, 105.394706726, 260.868621826, 43.7464256287, -49.3606719971, -1.39521861076, 34.0429000854, -0.313736498356, -27.6140041351, 11.7298355103, 29.6637420654], [230.854904175, 35.4332084656, -30.2870330811, -4.82848167419, 43.7464256287, 191.39944458, 93.9624938965, 31.1358146667, 1.40122795105, 9.83162593842, 1.00107002258, 4.12607097626, 9.90347290039], [-38.2821311951, 29.5051841736, -29.3557682037, -53.5304336548, -49.3606719971, 93.9624938965, 227.23500061, 52.4979019165, -14.6609296799, 10.1888132095, 25.3069324493, 4.28309202194, -22.1394252777], [86.4549102783, -2.20614337921, -22.3035507202, 11.2260246277, -1.39521861076, 31.1358146667, 52.4979019165, 129.637863159, -1.82942152023, -1.74200856686, 2.42209553719, -13.662109375, 2.44368267059], [103.323219299, -18.7238197327, -25.1527194977, 13.884976387, 34.0429000854, 1.40122795105, -14.6609296799, -1.82942152023, 119.670722961, 38.4201316833, -6.07844352722, 12.8237981796, 6.63886070251], [124.95501709, -17.5152950287, -28.9710063934, -13.2636508942, -0.313736498356, 9.83162593842, 10.1888132095, -1.74200856686, 38.4201316833, 81.0660324097, 17.9733200073, 7.82351255417, -1.5420293808], [17.4304637909, 41.8545074463, -25.500629425, -21.9261455536, -27.6140041351, 1.00107002258, 25.3069324493, 2.42209553719, -6.07844352722, 17.9733200073, 86.6670227051, 18.3655700684, -14.4650039673], [117.716110229, -24.9236984253, 14.3437805176, -3.26488137245, 11.7298355103, 4.12607097626, 4.28309202194, -13.662109375, 12.8237981796, 7.82351255417, 18.3655700684, 80.2745285034, 25.2182922363], [67.4741973877, -16.2280044556, -17.1535320282, 29.9973468781, 29.6637420654, 9.90347290039, -22.1394252777, 2.44368267059, 6.63886070251, -1.5420293808, -14.4650039673, 25.2182922363, 82.9037017822]], "icov": [[0.000131288965349, 0.000106297440652, 9.03456893866e-05, -0.000167490536114, 0.000109287902887, -0.00024220677733, 0.000141828029882, -8.02482827567e-05, -8.48923536978e-06, -0.000136037138873, -6.73522390571e-06, -0.000218303161091, 8.66991831572e-05], [0.000106297440652, 0.00100607657805, 0.000228151358897, -0.000542218738701, -0.000326891458826, -0.000199260874069, -0.000141527707456, 0.000169257516973, 0.000133579800604, 0.00015936960699, -0.000670224719215, 0.000223048322368, 0.000259282591287], [9.03456893866e-05, 0.000228151358897, 0.00146444619168, -0.000307093170704, -0.000214837302337, 3.13689051836e-05, 7.64004216762e-05, 9.59424869507e-05, 0.000363130093319, 0.000194028791157, 0.000382916507078, -0.000686404819135, 0.000726087484509], [-0.000167490536114, -0.000542218738701, -0.000307093170704, 0.00379555416293, -0.00117881060578, 0.000543554488104, 0.000346375250956, -0.000483202864416, -0.000232091537328, 0.000500096590258, 0.000278202467598, 0.000582746404689, -0.00104395346716], [0.000109287902887, -0.000326891458826, -0.000214837302337, -0.00117881060578, 0.00555333076045, -0.00213604327291, 0.00167804094963, -0.000260650296696, -0.00119961891323, -4.0805680328e-05, 0.00115829112474, -0.00104019988794, -0.000433099165093], [-0.00024220677733, -0.000199260874069, 3.13689051836e-05, 0.000543554488104, -0.00213604327291, 0.00801748875529, -0.00376458768733, -0.000210845435504, 0.00031830809894, -0.00040499996976, 0.000337366771419, 0.000732890155632, -0.00142172747292], [0.000141828029882, -0.000141527707456, 7.64004216762e-05, 0.000346375250956, 0.00167804094963, -0.00376458768733, 0.00734139140695, -0.00236416538246, 0.000491497514304, -0.000599938968662, -0.000516868312843, -0.00162080232985, 0.00197916361503], [-8.02482827567e-05, 0.000169257516973, 9.59424869507e-05, -0.000483202864416, -0.000260650296696, -0.000210845435504, -0.00236416538246, 0.00913137104362, -0.000347742141457, 0.000695958617143, -0.000705538957845, 0.00242269574665, -0.00130818749312], [-8.48923536978e-06, 0.000133579800604, 0.000363130093319, -0.000232091537328, -0.00119961891323, 0.00031830809894, 0.000491497514304, -0.000347742141457, 0.0108400536701, -0.00533525180072, 0.00180780864321, -0.00176367349923, 0.000609499693383], [-0.000136037138873, 0.00015936960699, 0.000194028791157, 0.000500096590258, -4.0805680328e-05, -0.00040499996976, -0.000599938968662, 0.000695958617143, -0.00533525180072, 0.0161363407969, -0.003592453897, 0.000573264667764, -0.000190445163753], [-6.73522390571e-06, -0.000670224719215, 0.000382916507078, 0.000278202467598, 0.00115829112474, 0.000337366771419, -0.000516868312843, -0.000705538957845, 0.00180780864321, -0.003592453897, 0.0150265172124, -0.00491153681651, 0.00318513414823], [-0.000218303161091, 0.000223048322368, -0.000686404819135, 0.000582746404689, -0.00104019988794, 0.000732890155632, -0.00162080232985, 0.00242269574665, -0.00176367349923, 0.000573264667764, -0.00491153681651, 0.0169027131051, -0.00619781389832], [8.66991831572e-05, 0.000259282591287, 0.000726087484509, -0.00104395346716, -0.000433099165093, -0.00142172747292, 0.00197916361503, -0.00130818749312, 0.000609499693383, -0.000190445163753, 0.00318513414823, -0.00619781389832, 0.015850936994]]}, "silence_rate_20dB": {"dvar2": 0, "var": 0, "min": 1, "dmean": 0, "mean": 1, "max": 1, "dmean2": 0, "median": 1, "dvar": 0}, "melbands_kurtosis": {"dvar2": 445.192657471, "var": 607.537780762, "min": -1.84918797016, "dmean": 7.09085893631, "mean": 16.1446743011, "max": 233.108581543, "dmean2": 11.3294267654, "median": 6.39507579803, "dvar": 176.396194458}, "barkbands_spread": {"dvar2": 98.7133560181, "var": 287.472961426, "min": 0.519195914268, "dmean": 5.12812137604, "mean": 25.1594600677, "max": 151.120635986, "dmean2": 7.96786403656, "median": 24.617811203, "dvar": 43.5449905396}, "erbbands_skewness": {"dvar2": 0.251945108175, "var": 0.733820557594, "min": -4.1669549942, "dmean": 0.323519796133, "mean": -0.180240139365, "max": 3.78929615021, "dmean2": 0.489368587732, "median": -0.241733163595, "dvar": 0.116338506341}, "average_loudness": 0.936527192593, "spectral_centroid": {"dvar2": 199644.84375, "var": 431385.6875, "min": 146.674194336, "dmean": 236.200515747, "mean": 1466.8605957, "max": 10588.9238281, "dmean2": 362.090362549, "median": 1487.07458496, "dvar": 92623.6796875}, "dissonance": {"dvar2": 0.00058185227681, "var": 0.000611400406342, "min": 0.129455238581, "dmean": 0.0138343805447, "mean": 0.472050368786, "max": 0.5, "dmean2": 0.0231596250087, "median": 0.478636920452, "dvar": 0.000228217468248}, "erbbands_flatness_db": {"dvar2": 0.000503409595694, "var": 0.00210216757841, "min": 0.0260163750499, "dmean": 0.0163827501237, "mean": 0.168428048491, "max": 0.352284789085, "dmean2": 0.0222381204367, "median": 0.16955922544, "dvar": 0.000275865604635}, "spectral_strongpeak": {"dvar2": 3.01311087608, "var": 1.55855929852, "min": 0, "dmean": 0.439241141081, "mean": 0.788200974464, "max": 10.6703157425, "dmean2": 0.781867206097, "median": 0.409802615643, "dvar": 1.09992170334}, "spectral_rms": {"dvar2": 2.62355501945e-06, "var": 3.5205957829e-06, "min": 1.31476802778e-08, "dmean": 0.000688064377755, "mean": 0.0051299193874, "max": 0.0139338476583, "dmean2": 0.00104351970367, "median": 0.0051618879661, "dvar": 1.16836702091e-06}, "silence_rate_60dB": {"dvar2": 0.0168127398938, "var": 0.0464537851512, "min": 0, "dmean": 0.00739412941039, "mean": 0.0488405972719, "max": 1, "dmean2": 0.0147899156436, "median": 0, "dvar": 0.00733898160979}, "melbands": {"dvar2": [1.2738553778e-05, 5.42860907444e-05, 9.4291062851e-06, 5.58887052193e-07, 3.70953443962e-07, 2.36021875821e-07, 2.85302803604e-07, 9.87077442005e-08, 5.80698333863e-08, 5.89309543386e-08, 3.38041274972e-08, 4.93842549076e-08, 4.12932195104e-08, 1.32663409147e-08, 2.30878356433e-08, 4.14382590463e-08, 2.61510955113e-08, 3.16961283886e-08, 2.15884341515e-08, 1.69665916872e-08, 4.39729364032e-09, 3.2822673468e-09, 3.22646775963e-09, 4.48592674118e-09, 1.66930169687e-09, 6.5196442689e-10, 4.28873825342e-10, 3.27000176936e-10, 2.94303970083e-10, 2.48136344805e-10, 1.60197896615e-10, 1.43298428679e-10, 1.36389718963e-10, 8.78125003267e-11, 4.55994061954e-11, 4.72329605983e-11, 3.0404689183e-11, 1.87255298073e-11, 8.11443360421e-12, 6.84325903236e-12], "var": [5.92225796936e-06, 1.47532882693e-05, 3.6830172121e-06, 2.23678682687e-07, 1.45670483676e-07, 2.12323669757e-07, 1.39741189287e-07, 5.89722581879e-08, 4.30862847622e-08, 9.89325883438e-08, 4.37787583962e-08, 5.22454008944e-08, 4.2101056863e-08, 2.32375469977e-08, 2.57095909006e-08, 4.59912605777e-08, 2.94752098284e-08, 3.28851363918e-08, 2.47259581698e-08, 2.04568344486e-08, 8.85280648788e-09, 3.11809777997e-09, 3.05253666788e-09, 3.59944363204e-09, 1.33044408823e-09, 4.28394819618e-10, 3.45041079042e-10, 3.13637948945e-10, 2.90713286777e-10, 1.43617312487e-10, 7.56758752885e-11, 5.92171936487e-11, 5.26744342588e-11, 3.39964827123e-11, 1.840064906e-11, 1.80836630392e-11, 1.14949386815e-11, 8.10068158386e-12, 2.90610027362e-12, 1.80658114336e-12], "min": [6.30643875439e-16, 5.69680320187e-16, 4.62576815655e-16, 3.32059626395e-16, 1.95091368034e-16, 8.97741104037e-17, 2.68076547578e-17, 7.14125288742e-18, 1.04243922956e-17, 1.31304268157e-1