{"tonal": {"thpcp": [1, 0.766797184944, 0.407767087221, 0.268859088421, 0.23440232873, 0.281247496605, 0.269944280386, 0.213782221079, 0.275272279978, 0.359332531691, 0.374702423811, 0.447250336409, 0.440608739853, 0.306085526943, 0.387878715992, 0.595365583897, 0.464420884848, 0.215513288975, 0.179851964116, 0.239752605557, 0.447854161263, 0.618922770023, 0.472948044538, 0.267889171839, 0.177033290267, 0.157476201653, 0.316231191158, 0.512908935547, 0.554862499237, 0.544933199883, 0.484882682562, 0.318563193083, 0.235645160079, 0.238248705864, 0.258326351643, 0.629702270031], "hpcp": {"dmean2": [0.166017070413, 0.143925115466, 0.175482064486, 0.221596062183, 0.219634264708, 0.224700435996, 0.218338981271, 0.182533562183, 0.188251078129, 0.179686650634, 0.175596088171, 0.148646444082, 0.130516201258, 0.146587729454, 0.192354306579, 0.217973917723, 0.223115667701, 0.198581472039, 0.146357014775, 0.130919098854, 0.163507193327, 0.201074242592, 0.207147195935, 0.23983348906, 0.223725497723, 0.179805144668, 0.160279169679, 0.15430174768, 0.185602501035, 0.248551949859, 0.256915569305, 0.267361164093, 0.233125582337, 0.188305035233, 0.179560139775, 0.184071823955], "median": [0.0212470218539, 0.0187453553081, 0.0273648928851, 0.0371158495545, 0.041329164058, 0.055046081543, 0.0497915484011, 0.0348043292761, 0.0320303738117, 0.0272119529545, 0.017801290378, 0.0145225357264, 0.0140056470409, 0.0209671035409, 0.0467344895005, 0.0611280351877, 0.0431819856167, 0.0197913255543, 0.0088278343901, 0.00985452532768, 0.030143905431, 0.05519470945, 0.0480922237039, 0.0480394363403, 0.0392849519849, 0.0256790965796, 0.0131662394851, 0.0122793186456, 0.0192894283682, 0.0851300507784, 0.143822014332, 0.133884578943, 0.050652526319, 0.0214293133467, 0.0151965506375, 0.0198474749923], "min": [0, 0, 0, 0, 0, 0, 0, 0, 0, 0, 0, 0, 0, 0, 0, 0, 0, 0, 0, 0, 0, 0, 0, 0, 0, 0, 0, 0, 0, 0, 0, 0, 0, 0, 0, 0], "dvar2": [0.079439304769, 0.0615531727672, 0.081973798573, 0.102273672819, 0.104318119586, 0.0933805033565, 0.0929556414485, 0.0855596140027, 0.0821807831526, 0.0863560959697, 0.0850726142526, 0.0759688913822, 0.0611558221281, 0.067375048995, 0.0794027447701, 0.094629779458, 0.10155274719, 0.10596460104, 0.0741168409586, 0.0663861334324, 0.0678912252188, 0.0839242637157, 0.0877802819014, 0.111608929932, 0.0994456037879, 0.0788119062781, 0.0796101614833, 0.0787814408541, 0.0880515053868, 0.0936043933034, 0.106774434447, 0.104927711189, 0.108170688152, 0.0990940108895, 0.100225307047, 0.0967299193144], "dvar": [0.031394675374, 0.0226162839681, 0.0308501012623, 0.0388512201607, 0.0388233922422, 0.0368988476694, 0.0387656949461, 0.0314362496138, 0.031701952219, 0.0392375215888, 0.0346397645772, 0.027883740142, 0.0223782155663, 0.0250574089587, 0.0317297652364, 0.044860560447, 0.0406257286668, 0.0393766872585, 0.0267507024109, 0.0232795458287, 0.0263088867068, 0.0378023125231, 0.0392199344933, 0.0464550703764, 0.0427420847118, 0.0305816475302, 0.0296267811209, 0.0312701165676, 0.0330560207367, 0.0402253642678, 0.0531516335905, 0.0415637679398, 0.0407005250454, 0.0366872251034, 0.0367315709591, 0.038072604686], "dmean": [0.0948078706861, 0.0812719836831, 0.100642442703, 0.127299740911, 0.125213414431, 0.133131057024, 0.129691749811, 0.105711251497, 0.109594464302, 0.105210602283, 0.101693868637, 0.0832790210843, 0.0727584585547, 0.0833742916584, 0.114687107503, 0.131010949612, 0.130684763193, 0.112192690372, 0.0806565508246, 0.0713174343109, 0.0950589925051, 0.120920464396, 0.122795797884, 0.140931516886, 0.132598549128, 0.103462778032, 0.0910862162709, 0.0874880924821, 0.104994282126, 0.148568943143, 0.155905812979, 0.158033505082, 0.133021205664, 0.105896130204, 0.100072100759, 0.103284969926], "max": [1, 1, 1, 1, 1, 1, 1, 1, 1, 1, 1, 1, 1, 1, 1, 1, 1, 1, 1, 1, 1, 1, 1, 1, 1, 1, 1, 1, 1, 1, 1, 1, 1, 1, 1, 1], "var": [0.0344126299024, 0.0191299654543, 0.0285971481353, 0.0404894836247, 0.0438584312797, 0.0516262389719, 0.0556590221822, 0.0317751504481, 0.0443822219968, 0.115056246519, 0.0775967538357, 0.0245136022568, 0.0179991070181, 0.0261230878532, 0.049850333482, 0.0970323905349, 0.060303978622, 0.0327289812267, 0.0192598234862, 0.0160769131035, 0.0331636928022, 0.070635586977, 0.0883058980107, 0.0748548954725, 0.068765245378, 0.0388976000249, 0.0278235878795, 0.0335949249566, 0.0277600642294, 0.0706051066518, 0.145329400897, 0.0832191109657, 0.0459548011422, 0.0315323323011, 0.0273356121033, 0.0375561863184], "mean": [0.0921779870987, 0.0730003044009, 0.0939973369241, 0.122701428831, 0.127949789166, 0.152722761035, 0.150454849005, 0.104519158602, 0.132449105382, 0.203299731016, 0.158585995436, 0.0735914111137, 0.0614141263068, 0.0818684250116, 0.152928948402, 0.211343809962, 0.16149777174, 0.0914762318134, 0.0604516342282, 0.0537734627724, 0.107983596623, 0.175143226981, 0.189469128847, 0.186078578234, 0.165573090315, 0.108779907227, 0.0804658532143, 0.0813548862934, 0.0882108062506, 0.2150246948, 0.341470420361, 0.261838555336, 0.139240399003, 0.0918074250221, 0.0800414606929, 0.0960377007723]}, "tuning_equal_tempered_deviation": 0.0871098935604, "chords_changes_rate": 0.0703661292791, "key_key": "C", "tuning_diatonic_strength": 0.686601519585, "key_scale": "major", "chords_number_rate": 0.00171624717768, "tuning_frequency": 446.399932861, "tuning_nontempered_energy_ratio": 0.729384601116, "chords_histogram": [45.5949668884, 7.89473676682, 29.8340969086, 0.629290640354, 0, 0, 2.77459955215, 0.171624720097, 0.0286041181535, 0, 0.51487416029, 0, 0.0286041181535, 0.429061770439, 0, 0.657894730568, 0, 0.772311210632, 0.371853560209, 7.12242555618, 2.43135023117, 0.114416472614, 0.429061770439, 0.200228840113], "key_strength": 0.788336455822, "chords_key": "C", "chords_strength": {"dmean2": 0.0130958165973, "median": 0.508056044579, "min": -1, "dvar2": 0.00120623188559, "dvar": 0.000649609311949, "dmean": 0.0124813402072, "max": 0.775356769562, "var": 0.0226589366794, "mean": 0.503486454487}, "chords_scale": "major", "hpcp_entropy": {"dmean2": 1.1088167429, "median": 2.06699085236, "min": 0, "dvar2": 0.824037909508, "dvar": 0.324748128653, "dmean": 0.670856118202, "max": 4.40894699097, "var": 0.637814223766, "mean": 2.05251574516}}, "metadata": {"audio_properties": {"equal_loudness": 0, "codec": "flac", "downmix": "mix", "sample_rate": 44100, "analysis_sample_rate": 44100, "bit_rate": 0, "md5_encoded": "a63fb2c394a48acbb2df15eb5b12fa54", "length": 162.266662598, "replay_gain": -11.1312942505, "lossless": true}, "version": {"essentia_build_sha": "2d9f1f26377add8aeb1075a9c2973f962c4f09fd", "essentia": "2.1-beta2", "extractor": "music 1.0", "essentia_git_sha": "v2.1_beta2-1-ge3940c0"}, "tags": {"title": ["New York Soul"], "media": ["CD"], "albumartist": ["Ray Barretto"], "tracktotal": ["17"], "musicbrainz_releasegroupid": ["64fbe3e7-b006-482f-ab51-d6bbfc174db4"], "releasetype": ["album", "compilation"], "musicbrainz_recordingid": ["18f2294c-b350-4855-8d7c-f3e5feb8cb4c"], "musicbrainz_albumartistid": ["169153fd-ba80-401a-8ccd-2825efaf9155"], "discnumber": ["1"], "album": ["Latin Soul Man"], "releasecountry": ["US"], "file_name": "03 - New York Soul.flac", "date": ["2007"], "genre": ["Jazz - Latin"], "disctotal": ["1"], "musicbrainz_artistid": ["169153fd-ba80-401a-8ccd-2825efaf9155"], "originaldate": ["2007"], "musicbrainz_albumid": ["dd4619e7-0c01-4447-a73e-f3ec14e5dbd4"], "artist": ["Ray Barretto"], "artistsort": ["Barretto, Ray"], "tracknumber": ["3"], "label": ["Fania"], "albumartistsort": ["Barretto, Ray"], "acoustid_id": ["b99cedb2-be02-4923-958d-e267a63afdcc"], "script": ["Latn"], "releasestatus": ["official"]}}, "rhythm": {"bpm_histogram_first_peak_bpm": {"dmean2": 0, "median": 133, "min": 133, "dvar2": 0, "dvar": 0, "dmean": 0, "max": 133, "var": 0, "mean": 133}, "bpm": 132.602264404, "bpm_histogram_second_peak_spread": {"dmean2": 0, "median": 0.32258066535, "min": 0.32258066535, "dvar2": 0, "dvar": 0, "dmean": 0, "max": 0.32258066535, "var": 0, "mean": 0.32258066535}, "bpm_histogram_first_peak_weight": {"dmean2": 0, "median": 0.409604519606, "min": 0.409604519606, "dvar2": 0, "dvar": 0, "dmean": 0, "max": 0.409604519606, "var": 0, "mean": 0.409604519606}, "onset_rate": 4.0299654007, "beats_position": [0.441179126501, 0.882358253002, 1.31192743778, 1.764716506, 2.21750569344, 2.67029476166, 3.12308382988, 3.5758728981, 4.02866220474, 4.48145103455, 4.94585037231, 5.39863920212, 5.85142850876, 6.30421733856, 6.76861667633, 7.22140598297, 7.66258478165, 8.10376358032, 8.55655288696, 9.0093421936, 9.47374153137, 9.93814086914, 10.4025392532, 10.866938591, 11.3197278976, 11.7725172043, 12.2369155884, 12.7013149261, 13.1541042328, 13.6068935394, 14.0712919235, 14.512471199, 14.9652605057, 15.4180498123, 15.870839119, 16.3236274719, 16.7880268097, 17.2524261475, 17.7168254852, 18.181224823, 18.6340141296, 19.0868015289, 19.5512008667, 20.0156002045, 20.4683895111, 20.9211788177, 21.3855781555, 21.8499774933, 22.3143768311, 22.7671642303, 23.219953537, 23.6727428436, 24.1487522125, 24.6247615814, 25.1007709503, 25.5767803192, 26.0527877808, 26.5404071808, 27.0280265808, 27.4924259186, 27.9452152252, 28.3980045319, 28.8624038696, 29.3268013, 29.7912006378, 30.2439899445, 30.6967792511, 31.1611785889, 31.6139678955, 32.0667572021, 32.5311546326, 32.9723358154, 33.4251251221, 33.8779144287, 34.3307037354, 34.783493042, 35.2246704102, 35.6890678406, 36.1418571472, 36.5946464539, 37.0474357605, 37.5002250671, 37.9530143738, 38.4058036804, 38.8702049255, 39.334602356, 39.7989997864, 40.2401809692, 40.6929702759, 41.1457595825, 41.5985488892, 42.0513381958, 42.5041275024, 42.9569168091, 43.4213142395, 43.8857116699, 44.3385009766, 44.8029022217, 45.2789115906, 45.743309021, 46.1960983276, 46.6488876343, 47.1132888794, 47.5776863098, 48.0420837402, 48.5064849854, 48.9708824158, 49.4352836609, 49.8996810913, 50.3640823364, 50.8284797668, 51.2928771973, 51.7572784424, 52.2332878113, 52.7092971802, 53.1736946106, 53.6380958557, 54.1024932861, 54.5668907166, 55.0312919617, 55.4956893921, 55.9600906372, 56.4361000061, 56.9237174988, 57.4229469299, 57.9105644226, 58.3865737915, 58.8393630981, 59.3037643433, 59.7681617737, 60.2441711426, 60.7201805115, 61.1845779419, 61.6373672485, 62.1017684937, 62.5545578003, 63.0073471069, 63.4601364136, 63.924533844, 64.3773193359, 64.8301086426, 65.2828979492, 65.7589111328, 66.200088501, 66.6412658691, 67.1056671143, 67.5700683594, 68.022857666, 68.4756469727, 68.9168243408, 69.3812255859, 69.8456192017, 70.2984085083, 70.7511978149, 71.2039871216, 71.6567764282, 72.0979614258, 72.5507507324, 73.0267562866, 73.5143737793, 74.0252151489, 74.5360565186, 75.0352783203, 75.5345077515, 76.0221328735, 76.5097503662, 76.9857559204, 77.461769104, 77.9261627197, 78.3905639648, 78.85496521, 79.3309707642, 79.8069839478, 80.282989502, 80.7473907471, 81.2001800537, 81.6529693604, 82.105758667, 82.5701599121, 83.0345535278, 83.4989547729, 83.9633560181, 84.4277572632, 84.8689346313, 85.321723938, 85.7745132446, 86.2389068604, 86.7033081055, 87.1560974121, 87.6088867188, 88.0500640869, 88.4912490845, 88.9440383911, 89.3968200684, 89.8380050659, 90.2791824341, 90.7203598022, 91.1615371704, 91.6143264771, 92.0903396606, 92.5779571533, 93.065574646, 93.5531921387, 94.0175933838, 94.4703826904, 94.9231719971, 95.3643493652, 95.8055343628, 96.246711731, 96.7111129761, 97.1522903442, 97.5934677124, 98.046257019, 98.4990463257, 98.9402236938, 99.381401062, 99.8225860596, 100.263763428, 100.704940796, 101.146118164, 101.587303162, 102.040092468, 102.492874146, 102.934059143, 103.375236511, 103.828025818, 104.280815125, 104.721992493, 105.174781799, 105.627571106, 106.068748474, 106.521537781, 106.974327087, 107.415504456, 107.856689453, 108.297866821, 108.739044189, 109.191833496, 109.633010864, 110.085800171, 110.526985168, 110.968162537, 111.409339905, 111.850517273, 112.291702271, 112.732879639, 113.174057007, 113.638458252, 114.07963562, 114.532424927, 114.985214233, 115.426391602, 115.86756897, 116.331970215, 116.784759521, 117.237548828, 117.678726196, 118.143127441, 118.58430481, 119.025482178, 119.466667175, 119.907844543, 120.349021912, 120.801811218, 121.242988586, 121.695777893, 122.136962891, 122.589744568, 123.042533875, 123.50693512, 123.959724426, 124.412513733, 124.86530304, 125.318092346, 125.759269714, 126.200454712, 126.653244019, 127.106025696, 127.547210693, 128, 128.42956543, 128.882354736, 129.335144043, 129.776321411, 130.217498779, 130.670288086, 131.123077393, 131.564254761, 132.005432129, 132.446624756, 132.887802124, 133.328979492, 133.77015686, 134.222946167, 134.675735474, 135.12852478, 135.581314087, 136.045715332, 136.4868927, 136.939682007, 137.392471313, 137.84526062, 138.298049927, 138.750839233, 139.20362854, 139.656417847, 140.109207153, 140.550384521, 141.003173828, 141.455963135, 141.897140503, 142.361541748, 142.802719116, 143.255508423, 143.708297729, 144.149475098, 144.590652466, 145.043441772, 145.496231079, 145.937408447, 146.378585815, 146.831375122, 147.260955811, 147.702133179, 148.143310547, 148.584487915, 149.025665283, 149.466842651, 149.90802002, 150.360809326, 150.813598633, 151.254776001, 151.695953369, 152.148742676, 152.601531982, 153.054321289, 153.507110596, 153.959899902, 154.412689209, 154.853881836, 155.295059204, 155.747848511, 156.200637817, 156.653427124, 157.094604492, 157.547393799, 158.000183105, 158.452972412, 158.905761719, 159.370162964, 159.83454895, 160.298950195, 160.76335144, 161.227752686, 161.703765869], "beats_loudness": {"dmean2": 0.0201919190586, "median": 0.0273127295077, "min": 0, "dvar2": 0.000329923554091, "dvar": 0.000128611180116, "dmean": 0.0122395474464, "max": 0.0859072953463, "var": 0.00026093077031, "mean": 0.0269686710089}, "danceability": 1.10934960842, "bpm_histogram_second_peak_weight": {"dmean2": 0, "median": 0.0593220330775, "min": 0.0593220330775, "dvar2": 0, "dvar": 0, "dmean": 0, "max": 0.0593220330775, "var": 0, "mean": 0.0593220330775}, "beats_count": 355, "bpm_histogram_second_peak_bpm": {"dmean2": 0, "median": 126, "min": 126, "dvar2": 0, "dvar": 0, "dmean": 0, "max": 126, "var": 0, "mean": 126}, "bpm_histogram_first_peak_spread": {"dmean2": 0, "median": 0.539682507515, "min": 0.539682507515, "dvar2": 0, "dvar": 0, "dmean": 0, "max": 0.539682507515, "var": 0, "mean": 0.539682507515}, "beats_loudness_band_ratio": {"dmean2": [0.30783495307, 0.189320653677, 0.208024278283, 0.123312853277, 0.0950646847486, 0.107690624893], "median": [0.381966799498, 0.194620579481, 0.160499617457, 0.0647168084979, 0.0542362183332, 0.0762987583876], "min": [0, 0, 0, 0, 0, 0], "dvar2": [0.0548712015152, 0.024213431403, 0.0329207777977, 0.03634166345, 0.0141901960596, 0.0112698329613], "dvar": [0.0227960646152, 0.0086918566376, 0.0128835542127, 0.0113326534629, 0.00476139597595, 0.00395289668813], "dmean": [0.178486779332, 0.11527723074, 0.11615306139, 0.0693857595325, 0.0555696934462, 0.0601187385619], "max": [0.974624991417, 0.613474011421, 0.797816932201, 0.718399703503, 0.516727387905, 0.401473581791], "var": [0.05197301507, 0.0189202148467, 0.0203401129693, 0.00916127581149, 0.00527952704579, 0.00631254492328], "mean": [0.400278449059, 0.214020848274, 0.192151874304, 0.0884855538607, 0.072912953794, 0.0951956436038]}}, "lowlevel": {"barkbands_spread": {"dmean2": 9.96169185638, "median": 19.572221756, "min": 0.443540871143, "dvar2": 169.573272705, "dvar": 71.6635360718, "dmean": 6.49671173096, "max": 144.016159058, "var": 243.155441284, "mean": 22.1597385406}, "melbands_spread": {"dmean2": 12.7314348221, "median": 17.9434738159, "min": 0.306094378233, "dvar2": 308.294372559, "dvar": 145.643478394, "dmean": 8.43757343292, "max": 262.053833008, "var": 639.768127441, "mean": 25.4937095642}, "hfc": {"dmean2": 8.88687038422, "median": 8.16814517975, "min": 1.07971197142e-16, "dvar2": 244.523147583, "dvar": 110.507904053, "dmean": 6.39451551437, "max": 114.817985535, "var": 302.492950439, "mean": 15.2806367874}, "barkbands_kurtosis": {"dmean2": 7.36463117599, "median": 2.29417705536, "min": -1.9355597496, "dvar2": 1259.9017334, "dvar": 438.812805176, "dmean": 4.46957015991, "max": 1037.81677246, "var": 551.193603516, "mean": 5.99376583099}, "gfcc": {"mean": [-76.082862854, 115.036071777, -117.656341553, 53.4403419495, -64.9748382568, 7.25151968002, -28.5675296783, 1.09551084042, -12.8267431259, -2.04052186012, -6.82681512833, -9.93199920654, -3.60189628601], "icov": [[0.000177365844138, -0.000523426453583, 0.000353071838617, -0.000373027112801, 0.000401572178816, -0.000288930226816, 0.000465027231257, -0.000515054736752, 0.000776060856879, -0.000619966886006, 0.00079210504191, -0.000434849236626, 0.000509088335093], [-0.000523426453583, 0.00332787050866, -0.000758679641876, 0.000327522779116, -0.000428883213317, 0.001437381492, -0.00232506985776, 0.00436579994857, -0.00437078205869, 0.00509640714154, -0.00555699365214, 0.00400074571371, -0.00336549500935], [0.000353071838617, -0.000758679641876, 0.00147586455569, -0.00139598944224, 0.000936714001, -0.000137376104249, 5.821297691e-06, 0.000614594027866, 0.000575886690058, -0.000452611100627, 0.00110470782965, -0.000911244947929, 0.000503642891999], [-0.000373027112801, 0.000327522779116, -0.00139598944224, 0.00480301911011, -0.00134199962486, -0.000201299713808, 0.00147708680015, -0.00196611694992, 0.000691289547831, -0.000118880459922, -0.000948304950725, 0.000591193092987, -0.000202485447517], [0.000401572178816, -0.000428883213317, 0.000936714001, -0.00134199962486, 0.00507439440116, -0.000418791809352, -0.00150562135968, 0.00196895003319, -0.00105106760748, 6.07989095442e-05, -0.000579556857701, -0.000227876778808, 0.00146394874901], [-0.000288930226816, 0.001437381492, -0.000137376104249, -0.000201299713808, -0.000418791809352, 0.00668574403971, -0.00250571407378, 0.00184029969387, -6.04993838351e-05, -0.000464294891572, -0.00129797821864, -0.000430037965998, -0.00248116417788], [0.000465027231257, -0.00232506985776, 5.821297691e-06, 0.00147708680015, -0.00150562135968, -0.00250571407378, 0.0140629010275, -0.00951806269586, 0.00409150775522, -0.000673563918099, 0.000844572496135, -0.00194080348592, 0.00102488591801], [-0.000515054736752, 0.00436579994857, 0.000614594027866, -0.00196611694992, 0.00196895003319, 0.00184029969387, -0.00951806269586, 0.0227127373219, -0.0113623095676, 0.00404226826504, -0.00298509676941, 0.000818527827505, -0.000729956722353], [0.000776060856879, -0.00437078205869, 0.000575886690058, 0.000691289547831, -0.00105106760748, -6.04993838351e-05, 0.00409150775522, -0.0113623095676, 0.0217210352421, -0.0106903016567, 0.00506070069969, 0.00215052254498, -0.00246813078411], [-0.000619966886006, 0.00509640714154, -0.000452611100627, -0.000118880459922, 6.07989095442e-05, -0.000464294891572, -0.000673563918099, 0.00404226826504, -0.0106903016567, 0.0226655509323, -0.0110672768205, 0.00639356626198, -0.00107266323175], [0.00079210504191, -0.00555699365214, 0.00110470782965, -0.000948304950725, -0.000579556857701, -0.00129797821864, 0.000844572496135, -0.00298509676941, 0.00506070069969, -0.0110672768205, 0.025247855112, -0.0122281368822, 0.00690681952983], [-0.000434849236626, 0.00400074571371, -0.000911244947929, 0.000591193092987, -0.000227876778808, -0.000430037965998, -0.00194080348592, 0.000818527827505, 0.00215052254498, 0.00639356626198, -0.0122281368822, 0.0215342603624, -0.00937156751752], [0.000509088335093, -0.00336549500935, 0.000503642891999, -0.000202485447517, 0.00146394874901, -0.00248116417788, 0.00102488591801, -0.000729956722353, -0.00246813078411, -0.00107266323175, 0.00690681952983, -0.00937156751752, 0.0212480314076]], "cov": [[31735.4726563, 1476.71655273, -4496.80175781, 927.548583984, -1625.59106445, 412.149200439, -757.190246582, 107.094337463, -538.303710938, 59.4651145935, -298.523742676, -172.424468994, -249.24357605], [1476.71655273, 2055.61547852, 418.531646729, 31.2360477448, 54.0504379272, -248.007507324, 13.2238788605, -219.465911865, 134.194824219, -206.518814087, 121.843162537, -153.005645752, 137.797439575], [-4496.80175781, 418.531646729, 1954.71679688, 145.661071777, 128.569030762, -128.539047241, 70.4003677368, -139.553894043, 53.0839881897, -99.033164978, 61.2633361816, 16.7752666473, 85.6808547974], [927.548583984, 31.2360477448, 145.661071777, 333.956817627, -25.5278778076, 21.1257152557, -46.5420150757, 4.4122428894, -29.8546352386, 6.04280376434, -0.895427107811, 0.479045748711, -13.5842971802], [-1625.59106445, 54.0504379272, 128.569030762, -25.5278778076, 340.294494629, -17.5165748596, 65.7447052002, -23.4574680328, 46.1215286255, -4.92791795731, 44.3423690796, -2.78682351112, 4.21598482132], [412.149200439, -248.007507324, -128.539047241, 21.1257152557, -17.5165748596, 221.066513062, 17.7466068268, 25.3807907104, -40.5051765442, 31.4184417725, -3.53763341904, 45.6426963806, -0.709800541401], [-757.190246582, 13.2238788605, 70.4003677368, -46.5420150757, 65.7447052002, 17.7466068268, 132.205230713, 34.6470375061, 14.8465871811, -11.7398834229, 20.8309440613, 17.4449539185, 12.5349578857], [107.094337463, -219.465911865, -139.553894043, 4.4122428894, -23.4574680328, 25.3807907104, 34.6470375061, 109.756324768, 21.4076118469, 30.8599090576, -14.7320957184, 10.4168615341, -13.8703327179], [-538.303710938, 134.194824219, 53.0839881897, -29.8546352386, 46.1215286255, -40.5051765442, 14.8465871811, 21.4076118469, 118.019721985, 21.9471149445, 5.56903553009, -38.6766242981, 20.6697597504], [59.4651145935, -206.518814087, -99.033164978, 6.04280376434, -4.92791795731, 31.4184417725, -11.7398834229, 30.8599090576, 21.9471149445, 98.2209243774, 5.38786554337, -4.44183683395, -22.2983837128], [-298.523742676, 121.843162537, 61.2633361816, -0.895427107811, 44.3423690796, -3.53763341904, 20.8309440613, -14.7320957184, 5.56903553009, 5.38786554337, 82.9774856567, 23.6633396149, 4.39487028122], [-172.424468994, -153.005645752, 16.7752666473, 0.479045748711, -2.78682351112, 45.6426963806, 17.4449539185, 10.4168615341, -38.6766242981, -4.44183683395, 23.6633396149, 99.7799453735, 16.1413478851], [-249.24357605, 137.797439575, 85.6808547974, -13.5842971802, 4.21598482132, -0.709800541401, 12.5349578857, -13.8703327179, 20.6697597504, -22.2983837128, 4.39487028122, 16.1413478851, 78.2118453979]]}, "spectral_energyband_middle_low": {"dmean2": 0.00850042048842, "median": 0.00615075184032, "min": 1.49180450801e-22, "dvar2": 0.000209131074371, "dvar": 8.00634952611e-05, "dmean": 0.00527125969529, "max": 0.0821802690625, "var": 0.000117848219816, "mean": 0.00954693183303}, "melbands_crest": {"dmean2": 4.5948009491, "median": 12.999830246, "min": 1.60625982285, "dvar2": 19.7928276062, "dvar": 7.99297618866, "dmean": 2.89176368713, "max": 39.0901794434, "var": 30.0548744202, "mean": 13.697227478}, "spectral_kurtosis": {"dmean2": 4.21892404556, "median": 2.62374973297, "min": -1.25928151608, "dvar2": 87.314163208, "dvar": 33.1589164734, "dmean": 2.48410391808, "max": 131.417114258, "var": 83.3835830688, "mean": 5.15171051025}, "spectral_rms": {"dmean2": 0.00115332868882, "median": 0.00400658976287, "min": 3.13107439281e-12, "dvar2": 2.35570905716e-06, "dvar": 1.04375067167e-06, "dmean": 0.00078898348147, "max": 0.010145467706, "var": 3.9007813939e-06, "mean": 0.00393807794899}, "zerocrossingrate": {"dmean2": 0.0121634993702, "median": 0.05078125, "min": 0, "dvar2": 0.000232867241721, "dvar": 0.000164283046615, "dmean": 0.0103735839948, "max": 0.52294921875, "var": 0.00352794746868, "mean": 0.0585370287299}, "silence_rate_60dB": {"dmean2": 0.0635374933481, "median": 0, "min": 0, "dvar2": 0.0783864110708, "dvar": 0.0307537354529, "dmean": 0.0317642018199, "max": 1, "var": 0.113348133862, "mean": 0.130329042673}, "erbbands_kurtosis": {"dmean2": 1.8450063467, "median": -0.267679870129, "min": -1.76028478146, "dvar2": 9.11774349213, "dvar": 3.82662844658, "dmean": 1.17746174335, "max": 64.7015686035, "var": 22.693403244, "mean": 1.04118716717}, "erbbands": {"dmean2": [0.0305521544069, 0.610375583172, 2.32817673683, 5.09762907028, 10.4407691956, 12.9922075272, 12.5887546539, 19.1822853088, 18.4725036621, 17.9697952271, 21.3393650055, 26.6650867462, 22.3752422333, 10.0228223801, 13.1371135712, 23.0569610596, 12.9953889847, 21.0084819794, 21.5633182526, 16.4190979004, 11.3110589981, 16.3170909882, 17.2484283447, 19.4760513306, 25.4295005798, 17.7178726196, 13.496348381, 8.23251914978, 5.33298063278, 4.81977128983, 2.42321777344, 1.11965954304, 0.580558419228, 0.225081264973, 0.0620981752872, 0.0159663949162, 0.0038852931466, 0.000818150467239, 0.000111911424028, 1.83671363629e-05], "median": [0.0432214140892, 0.750023961067, 1.53276705742, 1.95890712738, 2.72643971443, 3.47036242485, 4.80567359924, 9.01400947571, 7.36984539032, 5.15547943115, 5.06658744812, 6.51780605316, 7.32229232788, 3.79936289787, 3.36828565598, 4.26662635803, 2.89302873611, 4.83242607117, 4.9829454422, 4.04791164398, 3.43247365952, 3.37048864365, 2.68162345886, 3.50384521484, 3.88269710541, 2.69716143608, 3.46035575867, 2.38760662079, 1.57946443558, 0.951689362526, 0.59335488081, 0.276890724897, 0.139729633927, 0.045892201364, 0.0106886513531, 0.00178003450856, 0.000236568856053, 3.48749417753e-05, 1.52704178618e-05, 2.10043035622e-05], "min": [7.92670472305e-23, 6.68377383995e-22, 2.14448290366e-21, 4.40774135002e-21, 1.72759191248e-20, 2.47588970607e-20, 4.07266768987e-20, 9.4150518039e-20, 1.98864274672e-19, 1.41767538355e-19, 2.44385109455e-19, 3.35862832452e-19, 6.42543249881e-19, 7.53831302313e-19, 9.25322593703e-19, 1.68422048067e-18, 1.75776066283e-18, 1.63070510036e-18, 2.09468187288e-18, 3.44867437882e-18, 3.14186647218e-18, 6.0168224402e-18, 5.36195802491e-18, 7.04456209126e-18, 7.1403024569e-18, 9.24346127669e-18, 9.45643216028e-18, 9.26328383289e-18, 1.02825200672e-17, 1.04221655254e-17, 1.26022455248e-17, 1.16204739547e-17, 8.99935531484e-18, 8.83356929493e-18, 5.00019885581e-18, 4.21555890139e-18, 2.25834493374e-18, 9.71245903553e-19, 2.50570300787e-19, 2.72767815309e-20], "dvar2": [0.00204783724621, 1.03835582733, 18.7059059143, 139.536010742, 456.975006104, 600.849914551, 636.96496582, 1165.41833496, 1008.74243164, 1223.02478027, 3275.69238281, 6446.92773438, 2742.43359375, 660.894775391, 1540.36193848, 6135.15283203, 1343.75390625, 3659.47729492, 3494.20874023, 1474.7043457, 749.915710449, 1513.51428223, 2378.58520508, 1913.52722168, 4448.81982422, 1804.79101563, 1157.11743164, 475.00088501, 113.647254944, 203.402114868, 35.6155128479, 7.31139612198, 1.90095758438, 0.3170312047, 0.0240843426436, 0.00197838596068, 0.000178826609044, 9.77336731012e-06, 1.8089113496e-07, 1.15155029956e-09], "dvar": [0.000858258281369, 0.467099815607, 7.74115037918, 49.6691551208, 167.110061646, 232.081680298, 234.692398071, 425.131408691, 380.055541992, 518.000244141, 1315.39465332, 3154.80932617, 1183.54467773, 278.918365479, 684.034484863, 2825.16259766, 605.21496582, 1692.41381836, 1657.88867188, 651.780883789, 323.962799072, 677.792236328, 1041.39562988, 804.356567383, 1830.16601563, 712.38293457, 456.51083374, 193.516845703, 49.3466644287, 75.6497344971, 13.9902133942, 3.09658169746, 0.94728064537, 0.143738508224, 0.0100688748062, 0.000768920755945, 6.53096358292e-05, 3.53382165486e-06, 6.78372487073e-08, 4.68707961332e-10], "dmean": [0.0189738366753, 0.389985144138, 1.4358522892, 2.89240169525, 5.94515132904, 7.73423528671, 7.38207864761, 11.5657205582, 11.0387620926, 11.5930576324, 13.4446935654, 18.2280578613, 14.8978700638, 6.75244092941, 8.84154605865, 15.1645669937, 8.43626117706, 13.7974863052, 14.3842391968, 10.7241353989, 7.41165971756, 10.7127761841, 11.2402677536, 12.5235424042, 16.537317276, 11.2183265686, 8.56836700439, 5.37905216217, 3.51967382431, 2.97126197815, 1.53146481514, 0.726825237274, 0.39564460516, 0.152091324329, 0.0411951802671, 0.0103125451133, 0.00237147812732, 0.000484090531245, 6.650184514e-05, 1.21020893857e-05], "max": [0.311703592539, 9.66027355194, 35.2212486267, 63.9699363708, 124.448226929, 191.584014893, 180.452484131, 343.637237549, 246.219207764, 324.417022705, 1026.94042969, 1681.85681152, 737.72845459, 485.593811035, 634.980834961, 1629.93786621, 684.178894043, 1368.78442383, 1270.92431641, 614.801818848, 472.144561768, 517.350219727, 816.158203125, 623.020385742, 1059.82275391, 390.546386719, 324.157592773, 342.706878662, 90.6712036133, 176.196685791, 56.6649589539, 46.8269195557, 37.087852478, 9.38620471954, 1.92476534843, 0.434208363295, 0.142196014524, 0.0462356172502, 0.00602186890319, 0.000439844210632], "var": [0.00188424414955, 1.05887746811, 15.0344018936, 37.1147918701, 151.059875488, 243.502807617, 218.45791626, 572.563842773, 461.659698486, 972.071105957, 2831.12475586, 16440.6484375, 2343.08349609, 413.471466064, 1215.85827637, 5138.98876953, 941.028686523, 3187.27270508, 3899.75537109, 1639.02770996, 577.313781738, 1027.53503418, 1655.55566406, 1584.1965332, 2801.15454102, 968.239318848, 517.092590332, 221.624832153, 80.5662765503, 65.5258331299, 16.3628501892, 4.49129390717, 1.87590610981, 0.243742853403, 0.0138214314356, 0.000829038443044, 5.10808567924e-05, 2.54346787187e-06, 5.27219370383e-08, 7.22505333339e-10], "mean": [0.0485780909657, 0.970376431942, 3.09164357185, 3.70358371735, 7.26392269135, 9.14461517334, 9.51302337646, 17.3637771606, 14.8650989532, 17.3459796906, 22.3518619537, 36.9163818359, 24.2689361572, 10.1632843018, 12.7789955139, 21.7115383148, 12.5407714844, 20.9324569702, 24.2283000946, 18.2300434113, 11.9458208084, 15.1567697525, 16.7014961243, 20.7964344025, 25.4218540192, 16.09025383, 12.2954473495, 7.74710988998, 5.40302228928, 3.73010516167, 2.19999575615, 1.10520005226, 0.63477730751, 0.230822503567, 0.0586091093719, 0.0135158710182, 0.00260291644372, 0.000476515706396, 6.9239998993e-05, 2.72715224128e-05]}, "spectral_strongpeak": {"dmean2": 0.659883975983, "median": 0.316909998655, "min": 0, "dvar2": 1.82228326797, "dvar": 0.72159320116, "dmean": 0.387764841318, "max": 10.1696720123, "var": 1.18275880814, "mean": 0.678115725517}, "spectral_energy": {"dmean2": 0.0115687791258, "median": 0.0164540782571, "min": 1.00487169049e-20, "dvar2": 0.000303849985357, "dvar": 0.000126139246277, "dmean": 0.00765789486468, "max": 0.105503767729, "var": 0.000273617508356, "mean": 0.0198944378644}, "average_loudness": 0.856008887291, "spectral_rolloff": {"dmean2": 937.286499023, "median": 796.728515625, "min": 21.533203125, "dvar2": 2685735.25, "dvar": 1067576.375, "dmean": 562.712768555, "max": 19530.6152344, "var": 5650916, "mean": 1631.24768066}, "spectral_centroid": {"dmean2": 509.332000732, "median": 1340.65222168, "min": 140.930664063, "dvar2": 375913.4375, "dvar": 175505.59375, "dmean": 334.042053223, "max": 11632.5097656, "var": 1841148.875, "mean": 1527.53112793}, "pitch_salience": {"dmean2": 0.115908496082, "median": 0.555478930473, "min": 0.0343454182148, "dvar2": 0.0118403956294, "dvar": 0.00458527682349, "dmean": 0.0728285834193, "max": 0.911082208157, "var": 0.0131921125576, "mean": 0.558598220348}, "spectral_energyband_middle_high": {"dmean2": 0.00228541879915, "median": 0.00130547001027, "min": 1.22632645914e-21, "dvar2": 1.57025096996e-05, "dvar": 7.93559502199e-06, "dmean": 0.00165957771242, "max": 0.0407241284847, "var": 2.77826147794e-05, "mean": 0.00379327242263}, "spectral_contrast_coeffs": {"dmean2": [0.0789033919573, 0.0802050977945, 0.0643343403935, 0.0516972355545, 0.0383286438882, 0.0272825919092], "median": [-0.66333180666, -0.730087041855, -0.757227957249, -0.78145635128, -0.796709418297, -0.736240029335], "min": [-0.979044079781, -0.980825662613, -0.981349349022, -0.971010446548, -0.96523052454, -0.964972734451], "dvar2": [0.00519484654069, 0.00448643881828, 0.00294476584531, 0.00194044865202, 0.00120622711256, 0.000583121494856], "dvar": [0.00209091324359, 0.00174570677336, 0.0013447512174, 0.000888406240847, 0.00057680613827, 0.000279541302007], "dmean": [0.048520244658, 0.0490594133735, 0.0420384071767, 0.0336276814342, 0.0255959611386, 0.0177284497768], "max": [-0.387440115213, -0.391827195883, -0.451650351286, -0.536701917648, -0.562401950359, -0.591344833374], "var": [0.009227915667, 0.00586124835536, 0.00648054201156, 0.0050577968359, 0.00405283970758, 0.00284457090311], "mean": [-0.66111779213, -0.731100022793, -0.75252276659, -0.778624296188, -0.788243412971, -0.742817699909]}, "melbands_skewness": {"dmean2": 1.12339782715, "median": 2.38067340851, "min": -1.60059297085, "dvar2": 1.8729146719, "dvar": 0.83980435133, "dmean": 0.737850308418, "max": 44.5203399658, "var": 3.11401200294, "mean": 2.64578723907}, "spectral_spread": {"dmean2": 658912.8125, "median": 3936617.75, "min": 595326.125, "dvar2": 1167546384380.0, "dvar": 551881670656, "dmean": 439502.59375, "max": 42983148, "var": 17859832971300.0, "mean": 4515205}, "dissonance": {"dmean2": 0.0333010703325, "median": 0.468424081802, "min": 0.155008986592, "dvar2": 0.00141831650399, "dvar": 0.000539846136235, "dmean": 0.0201018489897, "max": 0.499997019768, "var": 0.00173540739343, "mean": 0.457696467638}, "spectral_skewness": {"dmean2": 0.46047064662, "median": 1.12914872169, "min": -0.0954246371984, "dvar2": 0.384673118591, "dvar": 0.162582874298, "dmean": 0.285028755665, "max": 9.37754917145, "var": 1.01866328716, "mean": 1.4294667244}, "spectral_flux": {"dmean2": 0.0375878959894, "median": 0.0584703087807, "min": 6.35380290048e-11, "dvar2": 0.00209054164588, "dvar": 0.000978847383521, "dmean": 0.0254267007113, "max": 0.281922101974, "var": 0.00247292290442, "mean": 0.0689573138952}, "spectral_contrast_valleys": {"dmean2": [0.734162151814, 0.69059419632, 0.651657521725, 0.584360063076, 0.501745641232, 0.426224321127], "median": [-7.17924451828, -6.77282047272, -7.83678722382, -8.21606636047, -7.82766628265, -10.6244411469], "min": [-28.13073349, -28.1963253021, -27.8521842957, -27.6801624298, -27.5454521179, -27.4181919098], "dvar2": [0.475617647171, 0.408696860075, 0.41278386116, 0.376531422138, 0.334016025066, 0.357857823372], "dvar": [0.204026564956, 0.18982835114, 0.21385063231, 0.198999494314, 0.179281413555, 0.202975705266], "dmean": [0.444696992636, 0.448440015316, 0.443695932627, 0.411102175713, 0.36146914959, 0.324260830879], "max": [-5.41910982132, -4.58942127228, -5.26891756058, -5.66654348373, -5.53645801544, -8.1138458252], "var": [6.44319009781, 6.90172958374, 6.46449279785, 6.36386489868, 6.40287065506, 4.98902463913], "mean": [-7.76436519623, -7.30389499664, -8.34861946106, -8.73205947876, -8.34847259521, -11.0338554382]}, "erbbands_flatness_db": {"dmean2": 0.0258758347481, "median": 0.162836581469, "min": 0.0149848116562, "dvar2": 0.000788091565482, "dvar": 0.000380474870326, "dmean": 0.017307607457, "max": 0.410581588745, "var": 0.00305069517344, "mean": 0.173435643315}, "spectral_energyband_high": {"dmean2": 0.0006703811232, "median": 0.000214979110751, "min": 6.84007603865e-21, "dvar2": 2.8523952551e-06, "dvar": 1.14092267722e-06, "dmean": 0.00044357785373, "max": 0.0150462705642, "var": 1.40250358527e-06, "mean": 0.000692983332556}, "spectral_entropy": {"dmean2": 0.301379621029, "median": 7.50960922241, "min": 4.51798439026, "dvar2": 0.114216983318, "dvar": 0.0556881353259, "dmean": 0.197162106633, "max": 9.81842899323, "var": 0.528654038906, "mean": 7.39017915726}, "silence_rate_20dB": {"dmean2": 0, "median": 1, "min": 1, "dvar2": 0, "dvar": 0, "dmean": 0, "max": 1, "var": 0, "mean": 1}, "melbands_flatness_db": {"dmean2": 0.0473656393588, "median": 0.194754034281, "min": 0.00364495743997, "dvar2": 0.00277349981479, "dvar": 0.00139629805926, "dmean": 0.0323868468404, "max": 0.653688669205, "var": 0.0130499843508, "mean": 0.220236212015}, "barkbands": {"dmean2": [7.01306998963e-05, 0.00220572319813, 0.00217273668386, 0.00223210500553, 0.00357862352394, 0.00203353678808, 0.00131621479522, 0.000884707958903, 0.0010890844278, 0.000551394885406, 0.000330624636263, 0.000535092549399, 0.000275610771496, 0.000513312581461, 0.000352917879354, 0.000243880596827, 0.000310214178171, 0.000289229414193, 0.000502685783431, 0.000361136073479, 0.000287022470729, 0.000150530453539, 9.39892415772e-05, 4.19338502979e-05, 1.36467460834e-05, 2.5326053219e-06, 6.49941398478e-07], "median": [1.64353332366e-05, 0.00273451395333, 0.00125648232643, 0.000400963413995, 0.00112036219798, 0.00104200420901, 0.000417977338657, 0.000209876860026, 0.000229759752983, 0.000149175088154, 7.77127206675e-05, 8.37753468659e-05, 4.45363584731e-05, 8.63837485667e-05, 6.87838037265e-05, 5.47882882529e-05, 5.55669539608e-05, 4.27858212788e-05, 7.98698019935e-05, 5.49812466488e-05, 7.47680678614e-05, 4.02135992772e-05, 2.25638887059e-05, 1.0398579434e-05, 2.54402857536e-06, 1.93052983377e-07, 1.88103328469e-08], "min": [3.99822908543e-25, 3.15408323025e-24, 1.19554857997e-24, 4.44607380297e-25, 7.62370088277e-24, 1.03200495449e-23, 1.29944378972e-23, 6.79116153808e-24, 1.39363906717e-23, 1.96590732458e-23, 1.13888211763e-23, 4.18861979716e-23, 3.2899428275e-23, 3.10289475609e-23, 3.43925305539e-23, 5.2696706796e-23, 9.71630321303e-23, 7.09942439847e-23, 1.61563762099e-22, 1.84696609585e-22, 2.80375074911e-22, 3.27120801209e-22, 4.37621559048e-22, 5.55965487551e-22, 8.82906453717e-22, 1.31609726505e-21, 1.82792597233e-21], "dvar2": [2.53192791178e-08, 1.28854335344e-05, 1.72863219632e-05, 2.91291453323e-05, 4.45024234068e-05, 1.29354493765e-05, 5.56306213184e-06, 4.5540427891e-06, 8.42276676849e-06, 1.80899326097e-06, 1.08753795303e-06, 2.98760596706e-06, 6.25417442279e-07, 1.97446206585e-06, 7.51512629904e-07, 4.57797455056e-07, 4.86032320168e-07, 6.08923699019e-07, 1.31834519834e-06, 6.65852951443e-07, 5.59047236948e-07, 1.21842518297e-07, 6.39414849957e-08, 9.70590807725e-09, 1.16163778596e-09, 6.25706292334e-11, 6.52997057468e-12], "dvar": [7.56776952215e-09, 5.80950290896e-06, 6.88738464305e-06, 1.03248630694e-05, 1.68574715644e-05, 4.77901858176e-06, 2.1136140731e-06, 1.78833499831e-06, 4.11432802139e-06, 7.63553373417e-07, 4.62705742166e-07, 1.41265763887e-06, 2.69147591325e-07, 9.42921928981e-07, 3.11860020474e-07, 1.90192082528e-07, 2.13496093693e-07, 2.66635765911e-07, 5.55660676582e-07, 2.67926367314e-07, 2.21890019247e-07, 5.00246990498e-08, 2.43349784768e-08, 4.58189797214e-09, 5.08322939297e-10, 2.34398351423e-11, 2.41856990164e-12], "dmean": [3.8354384742e-05, 0.00140658474993, 0.00131246098317, 0.00123922794592, 0.00211283285171, 0.00122367509175, 0.000810402736533, 0.000552729004994, 0.000736079644412, 0.00035836949246, 0.000223260649364, 0.000352294708136, 0.000173328618985, 0.000342363346135, 0.000224372095545, 0.000155462723342, 0.000201020229724, 0.000187112149433, 0.000322276755469, 0.000228015851462, 0.000183953830856, 9.84612343018e-05, 5.89150222368e-05, 2.79698670056e-05, 9.12358154892e-06, 1.58171258136e-06, 3.79425841857e-07], "max": [0.00227928045206, 0.0345711112022, 0.0325228348374, 0.030310317874, 0.0381795316935, 0.0308414436877, 0.0206657871604, 0.0369113832712, 0.0531065762043, 0.0185375586152, 0.0250949002802, 0.0359394587576, 0.0130474092439, 0.0276449676603, 0.0117429252714, 0.0121701071039, 0.00807489268482, 0.0115614887327, 0.0167723540217, 0.00933867692947, 0.00863556843251, 0.00368611491285, 0.00269646360539, 0.00237357779406, 0.00047904526582, 8.36795516079e-05, 3.59096593456e-05], "var": [7.96784416224e-09, 1.31574824991e-05, 1.13063724712e-05, 7.82096685725e-06, 1.71722203959e-05, 6.12432177149e-06, 2.84449356514e-06, 3.47494415109e-06, 1.92684237845e-05, 1.22301310057e-06, 7.26397161088e-07, 2.75797060567e-06, 3.92109711811e-07, 2.00003091777e-06, 6.89407045229e-07, 3.394001169e-07, 3.19673006288e-07, 4.38577842488e-07, 9.71167310126e-07, 4.09830789749e-07, 2.40630924964e-07, 6.56992469317e-08, 2.52332661432e-08, 8.16934342396e-09, 7.8737721898e-10, 2.08540823499e-11, 1.81144259748e-12], "mean": [4.33351451647e-05, 0.00351212592795, 0.0025045752991, 0.00134939595591, 0.00266986899078, 0.00186372420285, 0.00108616100624, 0.000870669493452, 0.00139443471562, 0.000518461049069, 0.000311629613861, 0.00049430335639, 0.000238670676481, 0.0005052241