{"tonal": {"thpcp": [1, 0.719646275043, 0.231787502766, 0.105220943689, 0.0850713402033, 0.134837582707, 0.25220939517, 0.229422733188, 0.111062735319, 0.104387454689, 0.19985678792, 0.4646294415, 0.571969747543, 0.344943732023, 0.195275679231, 0.187968567014, 0.146839544177, 0.11564206332, 0.133189305663, 0.156123563647, 0.371870011091, 0.721232354641, 0.593242049217, 0.25111913681, 0.157473027706, 0.117838688195, 0.11007977277, 0.118458509445, 0.0989837571979, 0.0796974003315, 0.0800851136446, 0.0920267701149, 0.146725222468, 0.239343002439, 0.347394675016, 0.650577008724], "hpcp": {"dmean2": [0.135637268424, 0.108223162591, 0.0961010158062, 0.0884764492512, 0.0795335024595, 0.0783580690622, 0.0826236233115, 0.102825067937, 0.144448176026, 0.235347509384, 0.324869841337, 0.351181775331, 0.329630732536, 0.349051654339, 0.246178716421, 0.137206226587, 0.100113138556, 0.107479132712, 0.141858041286, 0.128113642335, 0.0925582572818, 0.113587394357, 0.164254516363, 0.260025024414, 0.276627808809, 0.216763466597, 0.161458611488, 0.144981816411, 0.135716795921, 0.134146243334, 0.161347910762, 0.173056483269, 0.205912619829, 0.245423987508, 0.246346130967, 0.183994427323], "median": [0.0118704354391, 0.00815937481821, 0.00719276815653, 0.00829870719463, 0.00835115090013, 0.00778999738395, 0.00666661839932, 0.00630319165066, 0.011529436335, 0.0215781778097, 0.0315614566207, 0.151711702347, 0.339265823364, 0.198476195335, 0.0250769648701, 0.00370556861162, 0.00401370320469, 0.0162996537983, 0.0406848415732, 0.0369429588318, 0.0112381922081, 0.00393384741619, 0.0151758901775, 0.0765361785889, 0.115785688162, 0.0549777187407, 0.0161524713039, 0.0110993143171, 0.00942849367857, 0.0063283094205, 0.00553017761558, 0.00999638438225, 0.0853524655104, 0.183661937714, 0.149106323719, 0.0370314009488], "min": [0, 0, 0, 0, 0, 0, 0, 0, 0, 0, 0, 0, 0, 0, 0, 0, 0, 0, 0, 0, 0, 0, 0, 0, 0, 0, 0, 0, 0, 0, 0, 0, 0, 0, 0, 0], "dvar2": [0.0705616474152, 0.0606614090502, 0.0582536831498, 0.0474288836122, 0.0469995103776, 0.0515871606767, 0.0537020303309, 0.0745459496975, 0.0968944355845, 0.153279200196, 0.212008535862, 0.16927459836, 0.14488568902, 0.165163695812, 0.150985732675, 0.0991871654987, 0.0656021386385, 0.0597068779171, 0.068685516715, 0.0593763180077, 0.0447341278195, 0.0769064277411, 0.0937187299132, 0.130704119802, 0.131647974253, 0.108076602221, 0.0892354846001, 0.0797778740525, 0.0789063647389, 0.0884562432766, 0.115462146699, 0.112703584135, 0.0820593386889, 0.0944274067879, 0.0917162522674, 0.0849547833204], "dvar": [0.0259982291609, 0.0218644905835, 0.0208317302167, 0.0174028445035, 0.0163226369768, 0.017837902531, 0.018883023411, 0.0254718884826, 0.0339876636863, 0.053126078099, 0.076510258019, 0.0603789612651, 0.0550820454955, 0.0581771433353, 0.0526902042329, 0.0348844043911, 0.0227761790156, 0.0211246535182, 0.025660475716, 0.0223796926439, 0.0163354855031, 0.0270361043513, 0.0347675308585, 0.0485499501228, 0.0498815998435, 0.0402182303369, 0.0337571837008, 0.031412165612, 0.0290804263204, 0.030840061605, 0.0401508286595, 0.0393773652613, 0.0294540710747, 0.0367524921894, 0.0345679111779, 0.0316292084754], "dmean": [0.0765253677964, 0.0604090839624, 0.0537710934877, 0.0495467633009, 0.0441242046654, 0.0426636077464, 0.0450903065503, 0.0552360899746, 0.078669205308, 0.12836393714, 0.179095283151, 0.19939507544, 0.188273966312, 0.199621781707, 0.131924495101, 0.0728718116879, 0.0537584871054, 0.0600957982242, 0.0820857286453, 0.0743311047554, 0.0519899949431, 0.0616790615022, 0.0926865041256, 0.149592205882, 0.160514965653, 0.125002801418, 0.0916131734848, 0.0824996754527, 0.0752541124821, 0.0721873119473, 0.0861491262913, 0.0942068472505, 0.11865016818, 0.143634319305, 0.143519058824, 0.10539149493], "max": [1, 1, 1, 1, 1, 1, 1, 1, 1, 1, 1, 1, 1, 1, 1, 1, 1, 1, 1, 1, 1, 1, 1, 1, 1, 1, 1, 1, 1, 1, 1, 1, 1, 1, 1, 1], "var": [0.0259303487837, 0.0188910923898, 0.0183346625417, 0.019482659176, 0.0150767089799, 0.0123704113066, 0.0132197793573, 0.0168549120426, 0.0261091273278, 0.0438842847943, 0.0720175728202, 0.103327609599, 0.148654699326, 0.106245867908, 0.0408032163978, 0.0227967873216, 0.0149288242683, 0.0183224640787, 0.0383115746081, 0.0338992215693, 0.0152182588354, 0.0208685453981, 0.0365126281977, 0.0806001722813, 0.097942173481, 0.0546301417053, 0.0362179912627, 0.0372676700354, 0.0261642914265, 0.0206931196153, 0.0271935835481, 0.0286273546517, 0.0440131351352, 0.115751594305, 0.0858435109258, 0.0364494509995], "mean": [0.0713021457195, 0.0533561296761, 0.0498429723084, 0.053636778146, 0.0448188148439, 0.036086153239, 0.036261703819, 0.0416687615216, 0.066435649991, 0.108372017741, 0.157296687365, 0.29457449913, 0.452789574862, 0.325848340988, 0.104950964451, 0.0476429462433, 0.0385194160044, 0.0610530488193, 0.114197783172, 0.103880219162, 0.0502880476415, 0.0472655519843, 0.090493068099, 0.210379362106, 0.25898194313, 0.156186923385, 0.0884187892079, 0.0851102098823, 0.066487416625, 0.0523615218699, 0.0603067278862, 0.0706911236048, 0.168378859758, 0.326566487551, 0.268613815308, 0.113704130054]}, "tuning_equal_tempered_deviation": 0.0839690640569, "chords_changes_rate": 0.031822565943, "key_key": "C#", "tuning_diatonic_strength": 0.726555407047, "key_scale": "major", "chords_number_rate": 0.00216972036287, "tuning_frequency": 439.238189697, "tuning_nontempered_energy_ratio": 0.743519067764, "chords_histogram": [73.2401123047, 5.06268072128, 4.1947927475, 0.0241080038249, 0, 0.4339440763, 0.1446480304, 0.12054002285, 3.20636463165, 0.795564115047, 0.506268084049, 0.36162006855, 0.747348129749, 0, 0, 1.88042426109, 1.5429122448, 3.44744443893, 1.42237222195, 0.4339440763, 0.168756023049, 0, 0.4339440763, 1.83220827579], "key_strength": 0.819283366203, "chords_key": "C#", "chords_strength": {"dmean2": 0.00728390365839, "median": 0.599589645863, "min": 0.250202447176, "dvar2": 5.30544530193e-05, "dvar": 3.69450281141e-05, "dmean": 0.00663500279188, "max": 0.800732851028, "var": 0.00905520003289, "mean": 0.597135126591}, "chords_scale": "major", "hpcp_entropy": {"dmean2": 1.02877748013, "median": 1.97470331192, "min": 0, "dvar2": 0.709353685379, "dvar": 0.257993251085, "dmean": 0.598436355591, "max": 4.5605635643, "var": 0.527766227722, "mean": 1.92992937565}}, "metadata": {"audio_properties": {"equal_loudness": 0, "codec": "mp3", "downmix": "mix", "sample_rate": 44100, "analysis_sample_rate": 44100, "bit_rate": 255425, "md5_encoded": "2b34a7378a8435620e51464d79592ab0", "length": 192.574691772, "replay_gain": -11.8641033173, "lossless": false}, "version": {"essentia_build_sha": "70f2e5ece6736b2c40cc944ad0e695b16b925413", "essentia": "2.1-beta2", "extractor": "music 1.0", "essentia_git_sha": "v2.1_beta2"}, "tags": {"title": ["Let It Go"], "artist": ["Philip Selway"], "albumartist": ["Philip Selway"], "date": ["2014"], "genre": ["Indie"], "album": ["Weatherhouse"], "tracknumber": ["3/10"], "musicbrainz_recordingid": ["18fa2ad4-20f5-4324-bde2-7fc032b5d389"], "file_name": "2119838.mp3"}}, "rhythm": {"bpm_histogram_first_peak_bpm": {"dmean2": 0, "median": 161, "min": 161, "dvar2": 0, "dvar": 0, "dmean": 0, "max": 161, "var": 0, "mean": 161}, "bpm": 161.651412964, "bpm_histogram_second_peak_spread": {"dmean2": 0, "median": 0.166666686535, "min": 0.166666686535, "dvar2": 0, "dvar": 0, "dmean": 0, "max": 0.166666686535, "var": 0, "mean": 0.166666686535}, "bpm_histogram_first_peak_weight": {"dmean2": 0, "median": 0.446188360453, "min": 0.446188360453, "dvar2": 0, "dvar": 0, "dmean": 0, "max": 0.446188360453, "var": 0, "mean": 0.446188360453}, "onset_rate": 2.76759028435, "beats_position": [0.731428563595, 1.47446703911, 2.22911548615, 3.01859402657, 3.80807256699, 4.59755086899, 5.35219955444, 6.10684776306, 6.86149644852, 7.61614513397, 8.38240337372, 9.14866161346, 9.91492080688, 10.6695690155, 11.4242172241, 12.1788663864, 12.9219045639, 13.6765527725, 14.4428119659, 15.1858501434, 15.9404983521, 16.6951465607, 17.4497947693, 18.2044448853, 18.9474830627, 19.6905212402, 20.4451694489, 21.1998176575, 21.9544658661, 22.7091159821, 23.4637641907, 24.2184123993, 24.9730606079, 25.7277088165, 26.4823570251, 27.2370071411, 27.9800453186, 28.7230834961, 29.4777317047, 30.2323799133, 30.9870281219, 31.7416782379, 32.5195465088, 33.2741928101, 34.028842926, 34.783493042, 35.5381393433, 36.2927894592, 37.0358276367, 37.790473938, 38.545124054, 39.2997741699, 40.0544204712, 40.8206787109, 41.5637168884, 42.1326065063, 42.7014961243, 43.0962333679, 43.4793624878, 43.8624954224, 44.2340126038, 44.5939216614, 44.953830719, 45.3253517151, 45.6968688965, 46.0799980164, 46.4747390747, 46.8578681946, 47.2409973145, 47.6125144958, 47.9840354919, 48.355556488, 48.7270736694, 49.1102027893, 49.4933319092, 49.8764610291, 50.2479820251, 50.631111145, 51.0142402649, 51.3857574463, 51.7572784424, 52.1287956238, 52.5003166199, 52.871837616, 53.2433547974, 53.6264839172, 54.0096130371, 54.3811340332, 54.7642631531, 55.1473922729, 55.5305213928, 55.9136505127, 56.2851676941, 56.6566886902, 57.0282058716, 57.3997268677, 57.7828559875, 58.1659851074, 58.5607261658, 58.9438552856, 59.3269844055, 59.6985015869, 60.070022583, 60.4299316406, 60.801448822, 61.1729698181, 61.556098938, 61.9276161194, 62.2991371155, 62.6822662354, 63.0537872314, 63.4369163513, 63.8084335327, 64.1799545288, 64.563079834, 64.9462127686, 65.3177337646, 65.7008590698, 66.0723800659, 66.4555053711, 66.8270263672, 67.1985473633, 67.5816802979, 67.964805603, 68.3363265991, 68.7078475952, 69.0677566528, 69.450881958, 69.8224029541, 70.1939239502, 70.5770492554, 70.9601821899, 71.3316955566, 71.7148284912, 72.0979614258, 72.4694747925, 72.8409957886, 73.2125167847, 73.6072540283, 74.001991272, 74.3851242065, 74.7566452026, 75.1281585693, 75.5112915039, 75.8828125, 76.2543258667, 76.6258468628, 76.9973678589, 77.368888855, 77.7404098511, 78.1119232178, 78.4950561523, 78.8665771484, 79.2380905151, 79.6212234497, 80.0159606934, 80.3990936279, 80.7822189331, 81.1653518677, 81.5484771729, 81.9199981689, 82.291519165, 82.6630401611, 83.0345535278, 83.4176864624, 83.7892074585, 84.1723327637, 84.5438537598, 84.9153747559, 85.2868881226, 85.6584091187, 86.0299301147, 86.4246673584, 86.807800293, 87.1793212891, 87.5624465942, 87.9339675903, 88.3054885864, 88.6886138916, 89.0601348877, 89.4316558838, 89.814781189, 90.1863021851, 90.5578231812, 90.9293441772, 91.3008575439, 91.6839904785, 92.0671157837, 92.4386367798, 92.8101577759, 93.181678772, 93.5531921387, 93.9247131348, 94.3078460693, 94.702583313, 95.1089324951, 95.4804534912, 95.8519744873, 96.223487854, 96.5950088501, 96.9665298462, 97.3380508423, 97.7211761475, 98.104309082, 98.4874343872, 98.8705673218, 99.2420806885, 99.6136016846, 99.9851226807, 100.356643677, 100.739768982, 101.122901917, 101.494422913, 101.865936279, 102.249069214, 102.632194519, 103.003715515, 103.375236511, 103.758361816, 104.141494751, 104.513015747, 104.884536743, 105.25605011, 105.650794983, 106.02230835, 106.393829346, 106.77696228, 107.160087585, 107.54322052, 107.926345825, 108.30947876, 108.680992126, 109.064125061, 109.435646057, 109.807167053, 110.17868042, 110.561813354, 110.94493866, 111.316459656, 111.687980652, 112.059501648, 112.442626953, 112.825759888, 113.197273254, 113.56879425, 113.940315247, 114.323448181, 114.706573486, 115.078094482, 115.449615479, 115.821128845, 116.192649841, 116.575782776, 116.958908081, 117.342041016, 117.725166321, 118.096687317, 118.468208313, 118.839729309, 119.211242676, 119.59437561, 119.977500916, 120.349021912, 120.720542908, 121.092063904, 121.463577271, 121.846710205, 122.22983551, 122.612968445, 122.984489441, 123.367614746, 123.739135742, 124.110656738, 124.482177734, 124.86530304, 125.248435974, 125.631561279, 126.014694214, 126.386207581, 126.757728577, 127.129249573, 127.500770569, 127.872291565, 128.243804932, 128.626937866, 129.010070801, 129.393188477, 129.776321411, 130.147842407, 130.519363403, 130.902496338, 131.285614014, 131.668746948, 132.051879883, 132.435012817, 132.806533813, 133.189651489, 133.561172485, 133.932693481, 134.304214478, 134.675735474, 135.04725647, 135.418777466, 135.801895142, 136.173416138, 136.544937134, 136.928070068, 137.322814941, 137.705932617, 138.077453613, 138.448974609, 138.832107544, 139.20362854, 139.575149536, 139.946670532, 140.31817627, 140.701309204, 141.084442139, 141.467575073, 141.850692749, 142.210617065, 142.582122803, 142.965255737, 143.336776733, 143.719909668, 144.091430664, 144.46295166, 144.846069336, 145.217590332, 145.600723267, 145.983856201, 146.355377197, 146.750106812, 147.133239746, 147.516372681, 147.887893677, 148.259414673, 148.63092041, 149.002441406, 149.373962402, 149.757095337, 150.140228271, 150.511749268, 150.883255005, 151.254776001, 151.626296997, 151.997817993, 152.369338989, 152.752471924, 153.135604858, 153.518722534, 153.901855469, 154.273376465, 154.644897461, 155.028030396, 155.411148071, 155.782669067, 156.154190063, 156.52571106, 156.897232056, 157.268753052, 157.640274048, 158.023391724, 158.406524658, 158.778045654, 159.161178589, 159.532699585, 159.915817261, 160.287338257, 160.658859253, 161.041992188, 161.425125122, 161.796646118, 162.168167114, 162.539672852, 162.922805786, 163.305938721, 163.677459717, 164.060592651, 164.443710327, 164.815231323, 165.186752319, 165.569885254, 165.953018188, 166.324539185, 166.696044922, 167.079177856, 167.462310791, 167.833831787, 168.216964722, 168.600082397, 168.983215332, 169.366348267, 169.737869263, 170.121002197, 170.504119873, 170.887252808, 171.258773804, 171.6302948, 172.001815796, 172.373336792, 172.744842529, 173.116363525, 173.49949646, 173.871017456, 174.254150391, 174.637283325, 175.008789062, 175.380310059, 175.740219116, 176.111740112, 176.494873047, 176.878005981, 177.261123657, 177.644256592, 178.027389526, 178.398910522, 178.770431519, 179.153549194, 179.548294067, 179.931427002, 180.302947998, 180.674468994, 181.05758667, 181.440719604, 181.835464478, 182.230194092, 182.624938965, 183.008071899, 183.402801514, 183.785934448, 184.180679321, 184.552200317, 184.923721313, 185.29524231, 185.678359985, 186.14276123, 186.595550537, 187.059951782, 187.594009399, 188.128067017, 188.731781006, 189.335510254, 189.939224243, 190.531341553, 191.123443604, 191.715545654], "beats_loudness": {"dmean2": 0.0536380372941, "median": 0.0701632425189, "min": 1.24423698011e-08, "dvar2": 0.00272114179097, "dvar": 0.000985264778137, "dmean": 0.0301111694425, "max": 0.209673807025, "var": 0.0015894084936, "mean": 0.0686283633113}, "danceability": 0.89572173357, "bpm_histogram_second_peak_weight": {"dmean2": 0, "median": 0.100896865129, "min": 0.100896865129, "dvar2": 0, "dvar": 0, "dmean": 0, "max": 0.100896865129, "var": 0, "mean": 0.100896865129}, "beats_count": 447, "bpm_histogram_second_peak_bpm": {"dmean2": 0, "median": 80, "min": 80, "dvar2": 0, "dvar": 0, "dmean": 0, "max": 80, "var": 0, "mean": 80}, "bpm_histogram_first_peak_spread": {"dmean2": 0, "median": 0.439436614513, "min": 0.439436614513, "dvar2": 0, "dvar": 0, "dmean": 0, "max": 0.439436614513, "var": 0, "mean": 0.439436614513}, "beats_loudness_band_ratio": {"dmean2": [0.387326419353, 0.224025830626, 0.194972842932, 0.0891085937619, 0.0360806509852, 0.187290936708], "median": [0.608791708946, 0.128939822316, 0.105597011745, 0.0523791015148, 0.016123469919, 0.00812066439539], "min": [0.000101884208561, 0.00277625559829, 4.2238028982e-05, 1.42082399179e-05, 2.91217747872e-06, 4.65598941446e-06], "dvar2": [0.107653647661, 0.0619519017637, 0.0447341836989, 0.00929665844887, 0.00164066650905, 0.163708969951], "dvar": [0.0362999923527, 0.019661385566, 0.0142210805789, 0.00309460074641, 0.00057649781229, 0.0451342388988], "dmean": [0.219806075096, 0.128260403872, 0.111773617566, 0.0522940009832, 0.020422630012, 0.0956267789006], "max": [0.998238742352, 0.998991966248, 0.965774416924, 0.393338173628, 0.139305174351, 0.964693129063], "var": [0.0674764215946, 0.0244244318455, 0.0168926361948, 0.00442757364362, 0.000602289044764, 0.0262936260551], "mean": [0.577831506729, 0.166348025203, 0.141637742519, 0.071694239974, 0.023960871622, 0.0563118197024]}}, "lowlevel": {"barkbands_spread": {"dmean2": 6.77223396301, "median": 12.749423027, "min": 0.0976403281093, "dvar2": 121.880699158, "dvar": 51.3887825012, "dmean": 4.26863718033, "max": 136.961532593, "var": 212.639862061, "mean": 15.7812147141}, "melbands_spread": {"dmean2": 8.02017498016, "median": 11.7857065201, "min": 0.157374352217, "dvar2": 316.234588623, "dvar": 142.849151611, "dmean": 4.9969959259, "max": 280.800201416, "var": 460.87109375, "mean": 15.424612999}, "hfc": {"dmean2": 7.76160669327, "median": 18.7019634247, "min": 1.10273346666e-16, "dvar2": 238.006866455, "dvar": 94.0372467041, "dmean": 4.96228647232, "max": 141.383514404, "var": 265.362030029, "mean": 20.3505096436}, "barkbands_kurtosis": {"dmean2": 10.1664762497, "median": 3.81637859344, "min": -1.93615174294, "dvar2": 972.301696777, "dvar": 449.189422607, "dmean": 6.5484213829, "max": 833.581726074, "var": 4010.23779297, "mean": 17.4173316956}, "gfcc": {"mean": [-26.888961792, 116.561325073, -88.6451873779, 19.3116931915, -52.5264778137, 14.1548728943, -32.2338752747, 7.63406658173, -14.5770645142, -3.02671670914, -6.50825548172, -1.79500484467, -7.40146017075], "icov": [[0.000100266952359, -6.93581896485e-05, 0.000213165112655, -6.07320289419e-05, 0.000145771846292, -0.000382697442546, 0.000172617204953, -0.000218752713408, 1.63805161719e-05, -7.74337604525e-05, 9.67871892499e-05, -0.000235820480157, 9.54463830567e-05], [-6.93581896485e-05, 0.00112708262168, 0.000296414684271, 0.000230392775848, -0.000869384501129, 0.000992654124275, -0.00139383366331, 0.000750475854147, -0.000879721541423, 0.000731064472347, -0.00084309844533, 0.00111974962056, -0.000839370070025], [0.000213165112655, 0.000296414684271, 0.00168511108495, -0.000478701171232, -0.000210664744372, -0.000570006784983, -0.000230891891988, 0.000688612926751, -0.000554175174329, 0.000197089015273, 0.000559514330234, -0.000448826467618, 0.00105357985012], [-6.07320289419e-05, 0.000230392775848, -0.000478701171232, 0.00324654718861, -1.49547531691e-05, 3.15265679092e-05, -0.000972017471213, 0.000500178372022, -0.000368893321138, -0.000936901196837, -0.000284506706521, 0.00101285835262, -0.00110700819641], [0.000145771846292, -0.000869384501129, -0.000210664744372, -1.49547531691e-05, 0.00408948259428, -0.00122667569667, -0.000429339241236, -0.00045435395441, -0.000595602730755, -0.000329777249135, 0.00018382226699, -0.000959448458161, -0.00129181158263], [-0.000382697442546, 0.000992654124275, -0.000570006784983, 3.15265679092e-05, -0.00122667569667, 0.00772845558822, -0.00392216444016, 0.00093888369156, -0.00220084935427, 0.00136074889451, -0.00165374111384, 0.00129608507268, -0.000968238920905], [0.000172617204953, -0.00139383366331, -0.000230891891988, -0.000972017471213, -0.000429339241236, -0.00392216444016, 0.00854596775025, -0.00443445658311, 0.0023479682859, -0.00243857689202, 0.00135459809098, -0.00178027478978, -2.56710372923e-05], [-0.000218752713408, 0.000750475854147, 0.000688612926751, 0.000500178372022, -0.00045435395441, 0.00093888369156, -0.00443445658311, 0.0132161369547, -0.00578721240163, 0.00134283292573, -0.00126957590692, 0.0036352428142, 0.00241494830698], [1.63805161719e-05, -0.000879721541423, -0.000554175174329, -0.000368893321138, -0.000595602730755, -0.00220084935427, 0.0023479682859, -0.00578721240163, 0.0126722259447, -0.00417264783755, 0.00162017403636, -0.00060531089548, 0.000849786854815], [-7.74337604525e-05, 0.000731064472347, 0.000197089015273, -0.000936901196837, -0.000329777249135, 0.00136074889451, -0.00243857689202, 0.00134283292573, -0.00417264783755, 0.0129969874397, -0.00310451630503, -0.000872149947099, 0.000807703472674], [9.67871892499e-05, -0.00084309844533, 0.000559514330234, -0.000284506706521, 0.00018382226699, -0.00165374111384, 0.00135459809098, -0.00126957590692, 0.00162017403636, -0.00310451630503, 0.0112576754764, -0.00375830987468, 0.00222983653657], [-0.000235820480157, 0.00111974962056, -0.000448826467618, 0.00101285835262, -0.000959448458161, 0.00129608507268, -0.00178027478978, 0.0036352428142, -0.00060531089548, -0.000872149947099, -0.00375830987468, 0.0159653741866, -0.00723665067926], [9.54463830567e-05, -0.000839370070025, 0.00105357985012, -0.00110700819641, -0.00129181158263, -0.000968238920905, -2.56710372923e-05, 0.00241494830698, 0.000849786854815, 0.000807703472674, 0.00222983653657, -0.00723665067926, 0.0167096499354]], "cov": [[21213.7441406, 1629.19262695, -2922.18139648, -34.2549133301, -125.008483887, 832.751098633, 367.589782715, 589.439758301, 314.770355225, 150.436538696, 232.228546143, 55.7092247009, 66.4679718018], [1629.19262695, 2086.55200195, -565.500427246, -32.812122345, 488.653778076, 93.2737884521, 366.782348633, 112.979759216, 121.831092834, 12.4766941071, 100.164245605, -10.5662689209, 131.665145874], [-2922.18139648, -565.500427246, 1194.31982422, 144.209320068, 18.3543071747, -3.02171325684, -19.0817699432, -86.8212127686, -2.72240567207, -1.6994407177, -71.0162811279, -1.83873581886, -54.8021621704], [-34.2549133301, -32.812122345, 144.209320068, 376.233703613, 43.873260498, 63.2136497498, 82.5529937744, 12.141793251, 31.624332428, 45.4258041382, 4.37236213684, -2.95474529266, 14.1396417618], [-125.008483887, 488.653778076, 18.3543071747, 43.873260498, 448.851623535, 109.593048096, 174.524810791, 41.6075057983, 65.8890151978, 28.0612983704, 25.3295059204, 30.1753864288, 67.29637146], [832.751098633, 93.2737884521, -3.02171325684, 63.2136497498, 109.593048096, 266.358520508, 155.507537842, 68.7197875977, 66.5195083618, 28.1127700806, 24.9841632843, 3.72385621071, 12.0578718185], [367.589782715, 366.782348633, -19.0817699432, 82.5529937744, 174.524810791, 155.507537842, 303.299072266, 98.0577545166, 61.3192558289, 46.5378074646, 22.5280208588, 5.06940555573, 25.615732193], [589.439758301, 112.979759216, -86.8212127686, 12.141793251, 41.6075057983, 68.7197875977, 98.0577545166, 162.572067261, 79.7565765381, 22.6211013794, 11.994134903, -38.5624351501, -31.0101451874], [314.770355225, 121.831092834, -2.72240567207, 31.624332428, 65.8890151978, 66.5195083618, 61.3192558289, 79.7565765381, 140.503234863, 41.6787338257, 6.30030202866, -15.337849617, -12.5389661789], [150.436538696, 12.4766941071, -1.6994407177, 45.4258041382, 28.0612983704, 28.1127700806, 46.5378074646, 22.6211013794, 41.6787338257, 105.760971069, 28.8089542389, 10.6488828659, -2.97981762886], [232.228546143, 100.164245605, -71.0162811279, 4.37236213684, 25.3295059204, 24.9841632843, 22.5280208588, 11.994134903, 6.30030202866, 28.8089542389, 114.118797302, 23.6628780365, 3.4857981205], [55.7092247009, -10.5662689209, -1.83873581886, -2.95474529266, 30.1753864288, 3.72385621071, 5.06940555573, -38.5624351501, -15.337849617, 10.6488828659, 23.6628780365, 102.918907166, 48.8807144165], [66.4679718018, 131.665145874, -54.8021621704, 14.1396417618, 67.29637146, 12.0578718185, 25.615732193, -31.0101451874, -12.5389661789, -2.97981762886, 3.4857981205, 48.8807144165, 102.380340576]]}, "spectral_energyband_middle_low": {"dmean2": 0.00799121893942, "median": 0.0154812680557, "min": 2.32735575518e-22, "dvar2": 0.000103355640022, "dvar": 3.85362109228e-05, "dmean": 0.00491203414276, "max": 0.0793278515339, "var": 0.000172027677763, "mean": 0.0171246845275}, "melbands_crest": {"dmean2": 5.33903503418, "median": 15.5781726837, "min": 1.39605915546, "dvar2": 20.329875946, "dvar": 7.52498579025, "dmean": 3.18772482872, "max": 35.8794174194, "var": 33.077835083, "mean": 16.1547985077}, "spectral_kurtosis": {"dmean2": 3.72836303711, "median": 6.58695602417, "min": -1.25888264179, "dvar2": 27.1088352203, "dvar": 10.6738443375, "dmean": 2.2924888134, "max": 105.070243835, "var": 91.5465393066, "mean": 8.39137077332}, "spectral_rms": {"dmean2": 0.00156423496082, "median": 0.00711863301694, "min": 3.12983796866e-12, "dvar2": 2.88045862362e-06, "dvar": 1.04154571545e-06, "dmean": 0.000946870073676, "max": 0.0154248615727, "var": 9.93711819319e-06, "mean": 0.00645160395652}, "zerocrossingrate": {"dmean2": 0.0102897631004, "median": 0.03076171875, "min": 0.0029296875, "dvar2": 0.000298168015433, "dvar": 0.000209108606214, "dmean": 0.00828694645315, "max": 0.52099609375, "var": 0.00271888123825, "mean": 0.0445225387812}, "silence_rate_60dB": {"dmean2": 0.0327987447381, "median": 0, "min": 0, "dvar2": 0.0370229706168, "dvar": 0.0161321330816, "dmean": 0.0163973961025, "max": 1, "var": 0.112080305815, "mean": 0.128631711006}, "erbbands_kurtosis": {"dmean2": 3.69143533707, "median": 0.55580496788, "min": -1.91613233089, "dvar2": 171.362731934, "dvar": 91.2704162598, "dmean": 2.4287173748, "max": 413.29296875, "var": 696.011169434, "mean": 5.94121313095}, "erbbands": {"dmean2": [0.504510581493, 5.15606117249, 9.07054328918, 7.30999135971, 10.1481313705, 11.6128463745, 18.1581325531, 29.2452602386, 38.423374176, 19.4643974304, 29.5883293152, 35.8113327026, 47.8441581726, 35.0459022522, 36.0604133606, 22.5835075378, 26.3180828094, 14.6974163055, 20.769695282, 9.16284275055, 10.2657756805, 11.1575603485, 5.75989675522, 5.44710302353, 4.38762521744, 3.56947946548, 2.52419710159, 1.73880171776, 1.65250098705, 2.60543823242, 4.86381006241, 1.14342546463, 3.26991391182, 0.956296205521, 0.275060296059, 0.100656487048, 0.0292302258313, 0.0671502128243, 0.00655955914408, 0.000122871308122], "median": [0.325706034899, 3.43111109734, 4.93522119522, 4.55113220215, 5.62865114212, 7.92857646942, 13.7124576569, 19.1389274597, 25.4781494141, 14.3059825897, 21.7673339844, 24.3507232666, 28.7443943024, 22.9113006592, 19.4827976227, 15.6460237503, 15.037610054, 10.1456880569, 14.4092407227, 7.72657203674, 5.14349031448, 6.52307891846, 3.76206183434, 3.35933184624, 2.56902217865, 1.71923005581, 0.834971427917, 0.691828131676, 0.587610960007, 0.613305926323, 0.604814887047, 0.317578613758, 0.470469206572, 0.118939191103, 0.0275876447558, 0.0117970220745, 0.00421066069975, 0.00121635640971, 0.000139766329085, 7.59962786105e-05], "min": [2.3661611484e-22, 1.75265940284e-21, 6.86266437016e-21, 1.48722792831e-20, 3.43885088526e-20, 2.96447572866e-20, 3.55831612211e-20, 1.84076366196e-19, 2.24384864521e-19, 3.10994396968e-19, 5.31799172099e-19, 5.0494614938e-19, 1.01494451115e-18, 1.13718526207e-18, 1.44615283389e-18, 1.37404367418e-18, 1.69760353919e-18, 3.60380217654e-18, 3.38773867143e-18, 3.99682256893e-18, 6.54859741727e-18, 5.28334981053e-18, 7.52883084497e-18, 1.06884845955e-17, 1.04580014711e-17, 1.0030255623e-17, 1.02068462761e-17, 1.08605795219e-17, 1.15490047226e-17, 1.39496565682e-17, 1.49956347245e-17, 1.36904041021e-17, 1.22099410572e-17, 9.23646250153e-18, 8.15405282943e-18, 4.85065039133e-18, 2.74240833987e-18, 9.19207144037e-19, 2.65067830094e-19, 2.76096441793e-20], "dvar2": [0.520731627941, 46.2172050476, 235.112884521, 191.501907349, 242.929931641, 393.440246582, 760.103942871, 2032.80578613, 3822.85473633, 1040.27160645, 2109.71630859, 4485.96142578, 7042.13671875, 4018.59130859, 5496.45214844, 1610.56933594, 3343.20483398, 728.168212891, 2436.57226562, 261.221160889, 432.737945557, 512.464355469, 124.380554199, 205.126052856, 94.3992919922, 67.4496612549, 71.6549606323, 18.829668045, 23.3430805206, 80.4449310303, 455.646881104, 12.7311601639, 175.079284668, 15.6528959274, 1.56494796276, 0.190329015255, 0.0114752287045, 0.0976218357682, 0.000904169108253, 2.25202526849e-07], "dvar": [0.208389535546, 15.4631748199, 86.2908782959, 69.0979003906, 89.2610473633, 138.8568573, 319.504974365, 696.231201172, 1514.19604492, 419.26940918, 838.842468262, 1950.26977539, 2764.40771484, 1539.21911621, 2031.60119629, 616.740905762, 1257.45007324, 281.300537109, 882.601867676, 100.346138, 182.96244812, 186.938568115, 51.4282798767, 80.8808364868, 39.2100257874, 27.2841510773, 35.4924201965, 8.7916727066, 11.5885343552, 32.4257507324, 162.992141724, 5.66536664963, 67.9831237793, 6.16282653809, 0.563522279263, 0.0718756616116, 0.00478127645329, 0.0348228737712, 0.000321216328302, 8.06815378951e-08], "dmean": [0.3083537817, 2.96952581406, 5.26301908493, 4.41028738022, 6.09745454788, 6.94516706467, 11.833398819, 17.314781189, 23.9746799469, 11.9625377655, 18.6920375824, 23.493188858, 30.0345249176, 22.0172119141, 21.9475040436, 13.78058815, 15.8642959595, 8.8607006073, 12.4154872894, 5.56679582596, 6.35871553421, 6.70232343674, 3.57499718666, 3.37498545647, 2.77610254288, 2.27566218376, 1.69933962822, 1.16394174099, 1.10681927204, 1.65709578991, 2.90041160583, 0.779138326645, 2.07311463356, 0.618369460106, 0.168862491846, 0.0634914338589, 0.0192906502634, 0.0389232076705, 0.00382570945658, 7.31774198357e-05], "max": [5.49409532547, 43.5168037415, 125.218307495, 119.487129211, 139.470214844, 198.43611145, 409.820251465, 582.480651855, 638.480163574, 458.007385254, 511.791992188, 910.975524902, 737.037231445, 945.872192383, 1336.54162598, 568.903015137, 763.286560059, 355.276306152, 1473.5802002, 190.065185547, 361.815216064, 271.726776123, 195.18170166, 443.506652832, 155.383850098, 123.034057617, 169.229507446, 57.5218429565, 70.8732757568, 97.7286605835, 229.076034546, 53.1621360779, 232.939086914, 56.2096862793, 16.0384788513, 4.84511804581, 1.37166500092, 3.07116174698, 0.34479033947, 0.0059589301236], "var": [0.50304877758, 32.8288116455, 117.568283081, 107.296195984, 172.059005737, 276.948730469, 1085.88476562, 1459.27685547, 4554.66992188, 1080.74047852, 2373.24365234, 6630.09960938, 6911.4375, 3887.26879883, 5171.01220703, 1677.20422363, 2947.78955078, 807.855407715, 1490.89013672, 262.640838623, 1300.05957031, 675.713989258, 151.302368164, 166.88684082, 102.104011536, 72.7416610718, 87.66015625, 19.8103923798, 22.2263011932, 40.9841575623, 136.905654907, 10.2567481995, 73.512802124, 6.9604306221, 0.48567032814, 0.079920694232, 0.00812618248165, 0.0278123617172, 0.000262845453108, 6.87470489424e-08], "mean": [0.59322142601, 5.21417856216, 7.99075889587, 7.81256103516, 10.1938657761, 12.9412240982, 24.7509479523, 31.3626174927, 49.5339889526, 24.6456222534, 38.3289718628, 50.9709854126, 58.6168937683, 43.7687187195, 42.2009963989, 28.6177959442, 30.9858474731, 19.5305252075, 25.5261669159, 12.3270139694, 17.2277622223, 14.9788341522, 7.80989789963, 7.32885456085, 6.25029325485, 4.79757070541, 3.2025270462, 2.14557886124, 1.98443996906, 2.47253203392, 3.61376881599, 1.34391975403, 2.8664355278, 0.853503227234, 0.199365228415, 0.0805754214525, 0.0282695796341, 0.0365529693663, 0.00364461238496, 0.00012051572412]}, "spectral_strongpeak": {"dmean2": 0.631326317787, "median": 0.450412899256, "min": 0, "dvar2": 1.17253696918, "dvar": 0.430285930634, "dmean": 0.360289990902, "max": 8.63802337646, "var": 0.467133492231, "mean": 0.627936244011}, "spectral_energy": {"dmean2": 0.0255023930222, "median": 0.0519418120384, "min": 1.00407835643e-20, "dvar2": 0.00106299272738, "dvar": 0.000383612059522, "dmean": 0.0152380419895, "max": 0.243874505162, "var": 0.00149472465273, "mean": 0.0528492406011}, "average_loudness": 0.864472270012, "spectral_rolloff": {"dmean2": 629.484436035, "median": 602.9296875, "min": 86.1328125, "dvar2": 3005923.25, "dvar": 1215986.125, "dmean": 362.023651123, "max": 19229.1503906, "var": 3970911, "mean": 1033.47216797}, "spectral_centroid": {"dmean2": 236.57699585, "median": 732.417724609, "min": 94.1644363403, "dvar2": 169294.3125, "dvar": 80252.515625, "dmean": 152.392608643, "max": 11375.8476562, "var": 402866.6875, "mean": 834.881469727}, "pitch_salience": {"dmean2": 0.131631657481, "median": 0.503771781921, "min": 0.00911269150674, "dvar2": 0.013243095018, "dvar": 0.00474095297977, "dmean": 0.0783661007881, "max": 0.988231599331, "var": 0.0204911213368, "mean": 0.486986130476}, "spectral_energyband_middle_high": {"dmean2": 0.00296193081886, "median": 0.00425863545388, "min": 1.31656356389e-21, "dvar2": 1.9517079636e-05, "dvar": 7.57692805564e-06, "dmean": 0.00185942149255, "max": 0.0473257936537, "var": 3.86453102692e-05, "mean": 0.00596918025985}, "spectral_contrast_coeffs": {"dmean2": [0.0793481245637, 0.0769013762474, 0.0604617930949, 0.0453318469226, 0.0305833909661, 0.0245850160718], "median": [-0.665942370892, -0.717356204987, -0.752196311951, -0.788584411144, -0.802323877811, -0.792035281658], "min": [-0.980292439461, -0.984954476357, -0.992880582809, -0.981743335724, -0.98248308897, -0.962376236916], "dvar2": [0.00403712037951, 0.00374108715914, 0.00240191188641, 0.00126391043887, 0.000616094854195, 0.000558902975172], "dvar": [0.00144264858682, 0.00132078374736, 0.000914068252314, 0.000480414542835, 0.000252065743553, 0.000218568980927], "dmean": [0.0472718216479, 0.0460337512195, 0.0372050590813, 0.0272586029023, 0.018881868571, 0.0150319132954], "max": [-0.251034528017, -0.361087501049, -0.505160331726, -0.601838767529, -0.649105548859, -0.624273061752], "var": [0.00693506887183, 0.00590036297217, 0.00538887456059, 0.00293088820763, 0.002679877216, 0.00159982044715], "mean": [-0.656503021717, -0.711474776268, -0.754261255264, -0.791652679443, -0.800660729408, -0.791377484798]}, "melbands_skewness": {"dmean2": 1.31916749477, "median": 2.6111061573, "min": -2.16201400757, "dvar2": 2.28483605385, "dvar": 0.937703669071, "dmean": 0.820271670818, "max": 25.1660766602, "var": 4.10109949112, "mean": 3.01542305946}, "spectral_spread": {"dmean2": 768013.9375, "median": 3637287.25, "min": 1070740, "dvar2": 1501732012030.0, "dvar": 787664273408, "dmean": 522422.96875, "max": 42367056, "var": 6963752599550.0, "mean": 4518271.5}, "dissonance": {"dmean2": 0.0406007282436, "median": 0.457748711109, "min": 0.15346005559, "dvar2": 0.00140300975181, "dvar": 0.000508604687639, "dmean": 0.0240135099739, "max": 0.500000119209, "var": 0.00175251578912, "mean": 0.447693198919}, "spectral_skewness": {"dmean2": 0.403979003429, "median": 2.08028435707, "min": -0.0765747204423, "dvar2": 0.178027868271, "dvar": 0.0751622766256, "dmean": 0.256875932217, "max": 8.96068191528, "var": 0.983356297016, "mean": 2.162296772}, "spectral_flux": {"dmean2": 0.0387268327177, "median": 0.0995702445507, "min": 6.59438892381e-11, "dvar2": 0.00195398437791, "dvar": 0.000818008091301, "dmean": 0.024105720222, "max": 0.452567368746, "var": 0.00322112510912, "mean": 0.0954275652766}, "spectral_contrast_valleys": {"dmean2": [0.606986641884, 0.533396422863, 0.456638395786, 0.405592530966, 0.342086672783, 0.308506250381], "median": [-6.28281068802, -6.14591264725, -6.85601091385, -7.49096298218, -7.84863519669, -10.4248085022], "min": [-27.6682624817, -27.5269832611, -27.5786247253, -27.6280002594, -27.4825210571, -27.3922176361], "dvar2": [0.24343341589, 0.186594977975, 0.158139675856, 0.14074806869, 0.14409789443, 0.127247929573], "dvar": [0.0917531251907, 0.0761529356241, 0.0683582723141, 0.0687797218561, 0.0737710297108, 0.0727034062147], "dmean": [0.358458459377, 0.320892870426, 0.277956575155, 0.253031760454, 0.224255874753, 0.226852044463], "max": [-4.58082294464, -4.55459976196, -4.94947099686, -5.78400945663, -5.92728090286, -7.87001562119], "var": [3.32023644447, 2.93535447121, 3.00217080116, 2.85768246651, 2.34672474861, 1.99571919441], "mean": [-6.97306442261, -6.69660806656, -7.42936134338, -8.04907512665, -8.27890872955, -10.6273784637]}, "erbbands_flatness_db": {"dmean2": 0.0226395633072, "median": 0.164053425193, "min": 0.019808338955, "dvar2": 0.000464675802505, "dvar": 0.000225119874813, "dmean": 0.0153933428228, "max": 0.511301755905, "var": 0.00361930276267, "mean": 0.169072523713}, "spectral_energyband_high": {"dmean2": 0.000445043726359, "median": 0.00013659853721, "min": 7.21017877825e-21, "dvar2": 2.37059884967e-06, "dvar": 9.43515090057e-07, "dmean": 0.000296628655633, "max": 0.0143478326499, "var": 1.24424730075e-06, "mean": 0.000500660156831}, "spectral_entropy": {"dmean2": 0.239466443658, "median": 7.26878595352, "min": 2.86421203613, "dvar2": 0.0736782625318, "dvar": 0.0353304892778, "dmean": 0.161399632692, "max": 9.81983184814, "var": 0.561769247055, "mean": 7.17809963226}, "silence_rate_20dB": {"dmean2": 0, "median": 1, "min": 1, "dvar2": 0, "dvar": 0, "dmean": 0, "max": 1, "var": 0, "mean": 1}, "melbands_flatness_db": {"dmean2": 0.0440589897335, "median": 0.258673816919, "min": 0.00065606291173, "dvar2": 0.00167357409373, "dvar": 0.000669463712256, "dmean": 0.0276302639395, "max": 0.821860432625, "var": 0.0108285229653, "mean": 0.275322467089}, "barkbands": {"dmean2": [0.000689114909619, 0.0206280965358, 0.00652145827189, 0.00269325450063, 0.00359668699093, 0.00279677193612, 0.00221688952297, 0.00145734392572, 0.00149978254922, 0.00198437878862, 0.000779778172728, 0.000738744274713, 0.000581051688641, 0.000428800674854, 0.000275313854218, 0.000188314646948, 0.000175056949956, 0.000101764308056, 0.000106433253677, 8.00645138952e-05, 5.03951778228e-05, 4.96809043398e-05, 0.000148721315782, 0.000123742400319, 5.85364250583e-05, 1.76916655619e-05, 5.67203423998e-05], "median": [0.000247270101681, 0.0147797502577, 0.00274968380108, 0.00118011177983, 0.00290887104347, 0.00201580580324, 0.0013955909526, 0.000854968326166, 0.00106039387174, 0.000875618716236, 0.000347797118593, 0.000400543241994, 0.000296057551168, 0.000220073852688, 0.000173975611688, 8.52774101077e-05, 9.72389316303e-05, 5.73380057176e-05, 6.014801329e-05, 3.58431170753e-05, 1.72475156432e-05, 1.57701033459e-05, 2.06235745281e-05, 2.36006817431e-05, 6.14441159996e-06, 2.45055821324e-06, 6.94756010944e-07], "min": [4.23229397677e-24, 1.26655168207e-23, 3.9850523473e-24, 3.46623312387e-24, 1.30162412237e-23, 1.64723907331e-23, 2.01333553547e-23, 1.58850017476e-23, 2.30990984383e-23, 2.25011418721e-23, 2.64643774822e-23, 3.15205025681e-23, 3.0076527391e-23, 8.60960204494e-23, 6.53128361909e-23, 1.06266064147e-22, 8.28944379319e-23, 1.14198899897e-22, 1.89140042183e-22, 2.2511714817e-22, 2.90084576881e-22, 3.40694459437e-22, 5.53967561624e-22, 7.38583328743e-22, 9.99455111505e-22, 1.46320960024e-21, 2.02280011191e-21], "dvar2": [1.62129742876e-06, 0.0007223811117, 0.000166820929735, 1.96793298528e-05, 2.88955234282e-05, 1.64360517374e-05, 1.28775209305e-05, 5.2937939472e-06, 6.80665789332e-06, 1.25527021737e-05, 2.42488295044e-06, 2.06765275834e-06, 1.60204899657e-06, 5.59131933642e-07, 4.27583813689e-07, 1.22244543377e-07, 1.19022772083e-07, 3.84919971452e-08, 6.88061447818e-08, 3.17050101728e-08, 2.46408973226e-08, 2.63378154841e-08, 4.14971736973e-07, 2.14616704852e-07, 6.32975130088e-08, 4.67727012676e-09, 6.97318043308e-08], "dvar": [5.34868945579e-07, 0.000254185899394, 6.2364662881e-05, 7.26174084775e-06, 1.07236810436e-05, 5.87297745369e-06, 5.11081498189e-06, 2.08488927456e-06, 3.02988723888e-06, 4.95421227242e-06, 9.14382837891e-07, 8.09204834695e-07, 6.02894090207e-07, 2.19149484337e-07, 1.53688120008e-07, 4.99745453908e-08, 4.33862226146e-08, 1.5992958069e-08, 2.77605778365e-08, 1.27826060847e-08, 1.23536452179e-08, 1.29527597537e-08, 1.49859147314e-07, 8.56312354358e-08, 2.43640894126e-08, 1.90047666493e-09, 2.48223077648e-08], "dmean": [0.00038413979928, 0.0120254540816, 0.00385636813007, 0.0016330066137, 0.00220809364691, 0.00168271409348, 0.00138970196713, 0.000917364552151, 0.000989289139397, 0.00124513695482, 0.000474261207273, 0.000455480883829, 0.000350490299752, 0.000256039493252, 0.000164461525856, 0.000114918046165, 0.000105075101601, 6.30369104329e-05, 6.66856576572e-05, 5.0974842452e-05, 3.41964514519e-05, 3.37430283253e-05, 8.98931029951e-05, 8.04181399872e-05, 3.71523638023e-05, 1.15423245006e-05, 3.27918205585e-05], "max": [0.0182239189744, 0.186076149344, 0.0991943776608, 0.0363343991339, 0.0550636351109, 0.0490241646767, 0.0353067778051, 0.0201427973807, 0.0338081419468, 0.0359180942178, 0.0265060327947, 0.0225430242717, 0.0154717126861, 0.012308858335, 0.0153837241232, 0.00540615478531, 0.00410381797701, 0.00376846338622, 0.00636364798993, 0.0028411669191, 0.00303302239627, 0.00234684417956, 0.00737606780604, 0.00780684920028, 0.00344481039792, 0.00072037329664