{"metadata": {"tags": {"label": ["Up Music", "Warner Music France"], "title": ["Cambia la vida"], "genre": ["Soundtrack"], "asin": ["B000BVZDS2"], "album": ["L'Auberge Espagnole / Les Poup\u00e9es Russes"], "musicbrainz album type": ["soundtrack"], "script": ["Latn"], "albumartistsort": ["Various Artists"], "musicbrainz album release country": ["FR"], "musicbrainz_artistid": ["c859b542-c8ba-487d-97b5-56be9c89ffff"], "musicbrainz_albumid": ["7a469033-7ec7-49d7-ae76-176ba438c3a5"], "musicbrainz_recordingid": ["08029bef-b118-4fd3-874f-4c23991bb5ff"], "musicbrainz album status": ["official"], "albumartist": ["Various Artists"], "barcode": ["5051011174520"], "musicip_puid": ["37801eee-d840-a01e-9fa5-9844628aad23"], "artist": ["Ardagh"], "isrc": ["FR28X0200003"], "artistsort": ["Ardagh"], "catalognumber": ["5101117452", "5101117452"], "tracknumber": ["8/11"], "musicbrainz_albumartistid": ["89ad4ac3-39f7-470e-963a-56509c546377"], "encodedby": ["iTunes 10.1.0.54"], "discnumber": ["1/2"], "date": ["2005-12-05"], "media": ["CD"], "file_name": "08 - Cambia La Vida.mp3", "language": ["mul"]}, "audio_properties": {"sample_rate": 44100, "downmix": "mix", "lossless": false, "analysis_sample_rate": 44100, "md5_encoded": "4e83b7045e933cb4fcae42e9899e1ad9", "equal_loudness": 0, "replay_gain": -15.3680152893, "codec": "mp3", "bit_rate": 160000, "length": 257.854705811}, "version": {"extractor": "music 1.0", "essentia_build_sha": "2d9f1f26377add8aeb1075a9c2973f962c4f09fd", "essentia_git_sha": "v2.1_beta2-1-ge3940c0", "essentia": "2.1-beta2"}}, "rhythm": {"beats_loudness_band_ratio": {"dvar2": [0.241179034114, 0.105049185455, 0.0586044415832, 0.0457624047995, 0.0165977124125, 0.020688097924], "var": [0.105641685426, 0.0355173386633, 0.0188141111284, 0.0140812536702, 0.00627332134172, 0.00866577774286], "min": [0, 0, 0, 0, 0, 0], "dmean": [0.489775359631, 0.260701537132, 0.144608035684, 0.108763203025, 0.0898977965117, 0.112624160945], "mean": [0.481074690819, 0.188969388604, 0.124584786594, 0.0927850753069, 0.0793081671, 0.0846180617809], "max": [0.985356450081, 0.887132644653, 0.86414539814, 0.945634245872, 0.439041227102, 0.814950048923], "dmean2": [0.963572084904, 0.503174185753, 0.266181647778, 0.200100064278, 0.175177574158, 0.221406847239], "median": [0.42348203063, 0.124121576548, 0.0927855148911, 0.0525906607509, 0.0537496767938, 0.0504241511226], "dvar": [0.0670940876007, 0.0311906822026, 0.0178527180105, 0.0159274730831, 0.00565361278132, 0.00716449553147]}, "bpm_histogram_first_peak_weight": {"dvar2": 0, "var": 0, "min": 0.62340426445, "dmean": 0, "mean": 0.62340426445, "max": 0.62340426445, "dmean2": 0, "median": 0.62340426445, "dvar": 0}, "bpm": 109.971641541, "beats_count": 471, "bpm_histogram_first_peak_spread": {"dvar2": 0, "var": 0, "min": 0.365800827742, "dmean": 0, "mean": 0.365800827742, "max": 0.365800827742, "dmean2": 0, "median": 0.365800827742, "dvar": 0}, "danceability": 1.24517178535, "bpm_histogram_first_peak_bpm": {"dvar2": 0, "var": 0, "min": 110, "dmean": 0, "mean": 110, "max": 110, "dmean2": 0, "median": 110, "dvar": 0}, "beats_position": [0.580498874187, 1.13777780533, 1.68344664574, 2.22911548615, 2.77478456497, 3.32045340538, 3.86612248421, 4.41179132462, 4.95746040344, 5.50312900543, 6.04879808426, 6.59446716309, 7.12852573395, 7.67419481277, 8.2198638916, 8.77714252472, 9.32281208038, 9.86848068237, 10.4141492844, 10.95981884, 11.505487442, 12.051156044, 12.6084346771, 13.1541042328, 13.6997728348, 14.2454423904, 14.7911109924, 15.3251695633, 15.870839119, 16.4165077209, 16.9621772766, 17.5078449249, 18.0651245117, 18.5991840363, 19.1448516846, 19.6789112091, 20.2245807648, 20.7702484131, 21.3159179688, 21.8615875244, 22.4072551727, 22.9529247284, 23.4985942841, 24.0442619324, 24.589931488, 25.1356010437, 25.681268692, 26.2269382477, 26.7726078033, 27.3182754517, 27.8639450073, 28.409614563, 28.9552822113, 29.500951767, 30.0466213226, 30.6038990021, 31.1495685577, 31.6952381134, 32.2292976379, 32.7749671936, 33.3206329346, 33.8663024902, 34.4119720459, 34.9460296631, 35.4684791565, 36.0141487122, 36.5598182678, 37.1054878235, 37.6627655029, 38.2200431824, 38.765712738, 39.3113822937, 39.8686599731, 40.402721405, 40.9483909607, 41.4940567017, 42.0397262573, 42.585395813, 43.1426734924, 43.6883430481, 44.2340126038, 44.7680702209, 45.3137397766, 45.8594093323, 46.3934669495, 46.9507484436, 47.4964179993, 48.0420837402, 48.5877532959, 49.1334228516, 49.6790924072, 50.2247619629, 50.7704315186, 51.3160972595, 51.8617668152, 52.4074363708, 52.9531059265, 53.4987754822, 54.0444450378, 54.5901107788, 55.1241722107, 55.6814498901, 56.2155075073, 56.761177063, 57.3068466187, 57.8641242981, 58.4097938538, 58.9554634094, 59.5011329651, 60.0468025208, 60.5924720764, 61.1381378174, 61.683807373, 62.2294769287, 62.7635345459, 63.3092041016, 63.8548736572, 64.4121551514, 64.9694290161, 65.5150985718, 66.0607681274, 66.5948257446, 67.1404953003, 67.686164856, 68.2202224731, 68.7775039673, 69.3347854614, 69.8920593262, 70.4261245728, 70.971786499, 71.5174560547, 72.0515213013, 72.5971832275, 73.1428527832, 73.7001342773, 74.2341918945, 74.7682495117, 75.3255310059, 75.8712005615, 76.4168701172, 76.9509277344, 77.49659729, 78.0422668457, 78.5879364014, 79.133605957, 79.6908798218, 80.2365493774, 80.7822189331, 81.3162765503, 81.8735580444, 82.4076156616, 82.9648971558, 83.4989547729, 84.0562362671, 84.6019058228, 85.1475753784, 85.6816329956, 86.2273025513, 86.7729721069, 87.3302459717, 87.8643035889, 88.4099731445, 88.9556427002, 89.5013122559, 90.0469818115, 90.5810394287, 91.1267089844, 91.67237854, 92.2180480957, 92.7637176514, 93.2977752686, 93.8550567627, 94.4007263184, 94.946395874, 95.4920654297, 96.037727356, 96.5833969116, 97.1290664673, 97.6631240845, 98.2204055786, 98.7544631958, 99.3117446899, 99.8574142456, 100.403083801, 100.960357666, 101.506027222, 102.051696777, 102.585754395, 103.119819641, 103.653877258, 104.211151123, 104.768432617, 105.314102173, 105.859771729, 106.417053223, 106.95111084, 107.485168457, 108.042449951, 108.588119507, 109.133781433, 109.679450989, 110.225120544, 110.7707901, 111.316459656, 111.850517273, 112.407798767, 112.965080261, 113.499137878, 114.033195496, 114.578865051, 115.124534607, 115.670204163, 116.215873718, 116.773147583, 117.3072052, 117.864486694, 118.398544312, 118.944213867, 119.489883423, 120.047164917, 120.581222534, 121.12689209, 121.672561646, 122.218231201, 122.763900757, 123.297958374, 123.855232239, 124.400901794, 124.94657135, 125.492240906, 126.037910461, 126.583580017, 127.117637634, 127.66330719, 128.208984375, 128.754638672, 129.311920166, 129.857589722, 130.403259277, 130.948928833, 131.494598389, 132.051879883, 132.597549438, 133.143218994, 133.677276611, 134.211334229, 134.757003784, 135.30267334, 135.859954834, 136.40562439, 136.951293945, 137.496963501, 138.042633057, 138.576690674, 139.122360229, 139.668029785, 140.202087402, 140.759368896, 141.316635132, 141.873916626, 142.407974243, 142.953643799, 143.499313354, 144.04498291, 144.590652466, 145.14793396, 145.681991577, 146.239273071, 146.773330688, 147.319000244, 147.8646698, 148.398727417, 148.956008911, 149.490066528, 150.035736084, 150.58140564, 151.127075195, 151.672744751, 152.218414307, 152.764083862, 153.309753418, 153.855422974, 154.401092529, 154.946762085, 155.480819702, 156.038085938, 156.572158813, 157.11781311, 157.663482666, 158.22076416, 158.766433716, 159.312103271, 159.857772827, 160.403442383, 160.949111938, 161.494781494, 162.04045105, 162.586120605, 163.131790161, 163.677459717, 164.234741211, 164.768798828, 165.326080322, 165.860137939, 166.405807495, 166.951477051, 167.497146606, 168.042816162, 168.576873779, 169.134140015, 169.67980957, 170.225479126, 170.759536743, 171.305206299, 171.850875854, 172.39654541, 172.942214966, 173.487884521, 174.033554077, 174.590835571, 175.136505127, 175.682174683, 176.2162323, 176.773513794, 177.307571411, 177.841629028, 178.387298584, 178.93296814, 179.490249634, 180.035919189, 180.581588745, 181.138870239, 181.696136475, 182.230194092, 182.764266968, 183.321533203, 183.85559082, 184.389663696, 184.946929932, 185.504211426, 186.06149292, 186.607162476, 187.152832031, 187.686889648, 188.220947266, 188.77822876, 189.312286377, 189.846343994, 190.39201355, 190.937683105, 191.483352661, 192.029022217, 192.574691772, 193.120361328, 193.666030884, 194.211700439, 194.768981934, 195.314651489, 195.860321045, 196.405975342, 196.951644897, 197.497314453, 198.042984009, 198.577041626, 199.122711182, 199.668380737, 200.214050293, 200.759719849, 201.305389404, 201.85105896, 202.396728516, 202.942398071, 203.499679565, 204.033737183, 204.591018677, 205.136688232, 205.682357788, 206.216415405, 206.762084961, 207.307754517, 207.853424072, 208.399093628, 208.944763184, 209.490432739, 210.047698975, 210.59336853, 211.139038086, 211.673095703, 212.207168579, 212.741226196, 213.286895752, 213.832565308, 214.389831543, 214.947113037, 215.492782593, 216.038452148, 216.595733643, 217.141403198, 217.687072754, 218.244354248, 218.801635742, 219.347290039, 219.892959595, 220.427032471, 220.961090088, 221.506759644, 222.052429199, 222.586486816, 223.132156372, 223.677825928, 224.223495483, 224.76914978, 225.314819336, 225.860488892, 226.417770386, 226.951828003, 227.48588562, 228.043167114, 228.58883667, 229.134506226, 229.668563843, 230.225845337, 230.771514893, 231.317184448, 231.851242065, 232.396911621, 232.942581177, 233.488250732, 234.033920288, 234.579589844, 235.125259399, 235.670928955, 236.216598511, 236.762268066, 237.307937622, 237.841995239, 238.387664795, 238.933334351, 239.490600586, 240.024673462, 240.581939697, 241.127609253, 241.673278809, 242.218948364, 242.76461792, 243.310287476, 243.855957031, 244.401626587, 244.947296143, 245.504577637, 246.038635254, 246.58430481, 247.129974365, 247.664031982, 248.221313477, 248.755371094, 249.301040649, 249.858322144, 250.403991699, 250.938049316, 251.495330811, 252.052597046, 252.60987854, 253.167160034, 253.736053467, 254.304931641, 254.873825073, 255.454330444, 256.034820557, 256.615325928, 257.195831299], "beats_loudness": {"dvar2": 0.0022691115737, "var": 0.00107121735346, "min": 7.44805606079e-12, "dmean": 0.0408694557846, "mean": 0.0527726896107, "max": 0.160475611687, "dmean2": 0.0803321823478, "median": 0.0451961867511, "dvar": 0.000690088316333}, "bpm_histogram_second_peak_weight": {"dvar2": 0, "var": 0, "min": 0.00851063802838, "dmean": 0, "mean": 0.00851063802838, "max": 0.00851063802838, "dmean2": 0, "median": 0.00851063802838, "dvar": 0}, "bpm_histogram_second_peak_spread": {"dvar2": 0, "var": 0, "min": 0.428571432829, "dmean": 0, "mean": 0.428571432829, "max": 0.428571432829, "dmean2": 0, "median": 0.428571432829, "dvar": 0}, "bpm_histogram_second_peak_bpm": {"dvar2": 0, "var": 0, "min": 103, "dmean": 0, "mean": 103, "max": 103, "dmean2": 0, "median": 103, "dvar": 0}, "onset_rate": 4.74659252167}, "lowlevel": {"spectral_energyband_high": {"dvar2": 3.65490768672e-06, "var": 2.37860263042e-06, "min": 7.12269069598e-21, "dmean": 0.000615994620603, "mean": 0.000887170492206, "max": 0.0266798883677, "dmean2": 0.000961837940849, "median": 0.000379957578843, "dvar": 1.61448247127e-06}, "spectral_energyband_middle_low": {"dvar2": 0.000217112305108, "var": 0.000140851159813, "min": 1.86073872373e-22, "dmean": 0.00587125774473, "mean": 0.010580888018, "max": 0.107914604247, "dmean2": 0.00930944643915, "median": 0.00679295742884, "dvar": 8.65515248734e-05}, "spectral_energy": {"dvar2": 0.00155319145415, "var": 0.000853074539918, "min": 1.03785139767e-20, "dmean": 0.0142800500616, "mean": 0.0260179303586, "max": 0.198119655252, "dmean2": 0.0217555034906, "median": 0.0174393691123, "dvar": 0.000654854287859}, "spectral_spread": {"dvar2": 3471705112580.0, "var": 8826368557060.0, "min": 788465.875, "dmean": 988295, "mean": 5298958, "max": 42217512, "dmean2": 1460391.75, "median": 5000954, "dvar": 1592281006080.0}, "spectral_energyband_low": {"dvar2": 0.00128156796563, "var": 0.000491757120471, "min": 2.09510396597e-23, "dmean": 0.0080025633797, "mean": 0.00945277977735, "max": 0.179209187627, "dmean2": 0.0126585206017, "median": 0.00381567538716, "dvar": 0.000531387398951}, "spectral_rolloff": {"dvar2": 5188848, "var": 5538752.5, "min": 21.533203125, "dmean": 766.318237305, "mean": 1800.34484863, "max": 19573.6816406, "dmean2": 1284.61157227, "median": 1184.32617188, "dvar": 2140951.75}, "barkbands": {"dvar2": [1.70895746123e-05, 0.000814666564111, 0.000109397624328, 7.44850058254e-06, 9.01788007468e-05, 9.68755830399e-06, 7.39663164495e-06, 1.80335155164e-05, 5.54177131562e-05, 3.23078929796e-05, 9.95919799607e-06, 5.3643288993e-06, 3.76688444703e-06, 3.67232132703e-06, 1.7042490299e-06, 2.92431695925e-06, 5.43549674603e-07, 2.42664100369e-07, 1.16171662512e-07, 1.0293575059e-07, 9.28241306042e-08, 1.22852384266e-07, 1.24955434444e-07, 2.33314167986e-07, 2.60210157421e-07, 1.17262921151e-07, 1.05626449809e-08], "var": [4.17579030909e-06, 0.000272069388302, 3.26412082359e-05, 3.61840329788e-06, 3.71028836526e-05, 7.8537796071e-06, 3.51146422872e-06, 1.18904545161e-05, 3.87934123864e-05, 2.40930039581e-05, 9.38267294259e-06, 3.37779511028e-06, 2.54201563621e-06, 2.24649784286e-06, 9.98308564704e-07, 1.10485473215e-06, 4.68531368369e-07, 1.44869616747e-07, 8.75406556133e-08, 7.38505505637e-08, 4.96454966026e-08, 6.22700042641e-08, 8.81672548303e-08, 1.81664333354e-07, 1.19525708442e-07, 4.00949105028e-08, 2.56947352284e-09], "min": [3.50876899691e-25, 4.15811778029e-24, 5.93274775293e-25, 9.39316302762e-25, 1.21677495338e-23, 1.27355266483e-23, 6.2948307669e-24, 7.67146325513e-24, 1.56051848959e-23, 1.94865903866e-23, 8.05175810918e-24, 2.89122065602e-23, 4.89850752162e-23, 3.95425458647e-23, 7.2319839539e-23, 6.17155989087e-23, 6.56708465132e-23, 9.73123666551e-23, 9.77357451475e-23, 1.84290705939e-22, 2.43881157745e-22, 3.27911429163e-22, 5.12802048043e-22, 6.10877678645e-22, 9.83132430794e-22, 1.37987660613e-21, 2.11372212463e-21], "dmean": [0.00071323470911, 0.00573698617518, 0.00220998260193, 0.000843152287416, 0.0025733395014, 0.000903883483261, 0.00066800264176, 0.000822505506221, 0.00179837143514, 0.00121805712115, 0.000826747331303, 0.000523750612047, 0.00046689278679, 0.000430939457146, 0.000361634534784, 0.000429568230174, 0.000243609305471, 0.000165021527209, 0.000126805680338, 0.000109006294224, 8.68759016157e-05, 9.68207314145e-05, 9.06563509488e-05, 0.000110064291221, 0.00013143295655, 9.6475094324e-05, 2.13141756831e-05], "mean": [0.000496265478432, 0.00579245062545, 0.00254859123379, 0.00126470881514, 0.00324399233796, 0.00133983057458, 0.000772896280978, 0.00100923073478, 0.00233304896392, 0.0015996407019, 0.00107173144352, 0.000616305565927, 0.000586687470786, 0.000546691706404, 0.000467529695015, 0.000478730886243, 0.000386289699236, 0.00025626810384, 0.000218027475057, 0.000181628071005, 0.000135246460559, 0.000137790906592, 0.000125274425955, 0.000141530545079, 0.000152399938088, 9.7725642263e-05, 1.73550015461e-05], "max": [0.0212342441082, 0.149239704013, 0.0877682715654, 0.0307228751481, 0.0863788574934, 0.0571446232498, 0.0401418320835, 0.0754251182079, 0.0838694125414, 0.0923236906528, 0.0516320839524, 0.0385543145239, 0.0375737659633, 0.0330852381885, 0.0251378528774, 0.0193722527474, 0.00936744920909, 0.00686802109703, 0.00401709461585, 0.00437636999413, 0.00323342415504, 0.00365575961769, 0.00782177038491, 0.0131067931652, 0.00855290796608, 0.0040680617094, 0.0013841285836], "dmean2": [0.00127387116663, 0.00932961609215, 0.00378299993463, 0.00141140993219, 0.00425965897739, 0.00142887968104, 0.0011019409867, 0.00131971796509, 0.0028448055964, 0.00186097400729, 0.00125490943901, 0.000822632224299, 0.000745933211874, 0.000687512219884, 0.000585246365517, 0.000717803835869, 0.000390800851164, 0.000267817464191, 0.000202321112738, 0.000172565109096, 0.000137664042995, 0.000151427477249, 0.000140913340147, 0.000176295885467, 0.000219242094317, 0.000157332979143, 3.67382381228e-05], "median": [1.90157261386e-05, 0.00121040712111, 0.000738694972824, 0.000535505125299, 0.00113325740676, 0.00041937379865, 0.000207697215956, 0.000169146645931, 0.000261931767454, 0.000197500659851, 0.000153725108248, 0.000120852375403, 0.000130272164824, 0.00010428125097, 0.000160674579092, 0.000148286606418, 0.000150382271386, 0.000123400241137, 9.11626848392e-05, 8.32544174045e-05, 5.9152214817e-05, 5.57680905331e-05, 4.54735563835e-05, 4.72315950901e-05, 4.12007429986e-05, 2.13302901102e-05, 2.36130699705e-06], "dvar": [6.28520501778e-06, 0.000325678003719, 3.97243311454e-05, 2.71294447884e-06, 3.34760770784e-05, 4.27771692557e-06, 2.95774407277e-06, 7.75717126089e-06, 2.42788555624e-05, 1.44183741213e-05, 4.9574437071e-06, 2.3788834369e-06, 1.55497832566e-06, 1.45458022871e-06, 7.13320957857e-07, 1.12425652787e-06, 2.23251902298e-07, 9.63552722055e-08, 4.6852257185e-08, 4.18096455235e-08, 3.73221524796e-08, 5.03550374731e-08, 5.59621717855e-08, 1.1660091559e-07, 1.07330457411e-07, 4.49775967581e-08, 3.80102260777e-09]}, "melbands_skewness": {"dvar2": 3.42340064049, "var": 5.05398464203, "min": -2.39668989182, "dmean": 1.03834486008, "mean": 2.76609992981, "max": 22.921875, "dmean2": 1.55108201504, "median": 2.25225734711, "dvar": 1.60307061672}, "barkbands_skewness": {"dvar2": 2.06242918968, "var": 2.53935265541, "min": -4.68251943588, "dmean": 0.771059632301, "mean": 1.59844708443, "max": 17.9893550873, "dmean2": 1.16115498543, "median": 1.25608301163, "dvar": 0.923128247261}, "erbbands": {"dvar2": [0.571538090706, 54.977935791, 197.126098633, 94.1501235962, 371.837432861, 1543.32507324, 737.914855957, 755.486694336, 1302.15637207, 2724.67919922, 11434.2050781, 37510.9765625, 26924.3320313, 22255.9160156, 11179.9697266, 10454.890625, 8714.62792969, 7369.28662109, 6791.83789063, 10463.9287109, 2531.62597656, 1421.22644043, 705.941772461, 343.201538086, 310.651916504, 226.820068359, 174.749725342, 139.945907593, 162.906356812, 149.567947388, 106.30191803, 87.5826263428, 79.4862747192, 48.5791511536, 8.91247558594, 1.85769474506, 0.481866985559, 0.0305125191808, 0.000347580527887, 3.60023136636e-07], "var": [0.233679622412, 14.4106826782, 54.8374176025, 34.5233726501, 192.642623901, 533.629882813, 620.700805664, 495.389068604, 548.250427246, 2257.77050781, 6928.08056641, 27080.0957031, 16361.5341797, 20504.75, 10738.5107422, 6641.74755859, 6046.9453125, 4207.35351563, 4262.45751953, 3531.84033203, 1674.02185059, 1371.77050781, 549.790588379, 217.781814575, 219.851348877, 162.844543457, 93.2887878418, 73.9987258911, 79.2807006836, 77.4055862427, 78.45337677, 67.2767791748, 55.6937408447, 23.1254253387, 4.00285434723, 0.69498360157, 0.151885434985, 0.00880590640008, 8.16150131868e-05, 7.89680143498e-08], "min": [9.92796279806e-23, 1.07169376779e-21, 1.34665034016e-21, 7.82492583857e-21, 1.57053341705e-20, 3.18826298104e-20, 7.11690301663e-20, 9.18757778169e-20, 1.09900870545e-19, 1.3007859742e-19, 2.16025894238e-19, 3.49290507034e-19, 4.03848910395e-19, 1.25601420316e-18, 1.35462509232e-18, 1.22696310306e-18, 2.11014332609e-18, 2.2960081214e-18, 3.21418108287e-18, 3.61638235288e-18, 3.885811622e-18, 4.08012544688e-18, 3.95304775733e-18, 7.25544765253e-18, 5.98193527069e-18, 9.55907452095e-18, 8.06865883889e-18, 1.15395632831e-17, 1.17201078595e-17, 1.3256548698e-17, 1.26386588425e-17, 1.2372864205e-17, 1.04886973165e-17, 1.03879624343e-17, 7.0147496748e-18, 4.1645090363e-18, 2.47405771427e-18, 9.69771350713e-19, 2.84238981561e-19, 2.84660733813e-20], "dmean": [0.163739427924, 1.34318745136, 2.7983891964, 2.59353971481, 5.59819698334, 9.62265300751, 8.36628246307, 6.88860368729, 8.5462141037, 11.3655023575, 23.0882720947, 44.324508667, 35.8629684448, 32.8127555847, 29.7817134857, 22.1087932587, 21.8240451813, 19.7163410187, 21.4639091492, 25.4244308472, 14.1939706802, 12.4655923843, 9.52630996704, 6.31484460831, 6.35364151001, 5.05364084244, 3.76322817802, 3.35218858719, 3.43673110008, 3.39696192741, 2.44442200661, 2.12842202187, 1.94080352783, 1.72236073017, 0.795801520348, 0.38916683197, 0.189200505614, 0.0433140434325, 0.00361817283556, 0.000109548120236], "mean": [0.160853713751, 1.29623579979, 3.10455918312, 3.82884502411, 7.61785984039, 11.0624494553, 11.8604412079, 9.9129858017, 10.0870466232, 14.8784542084, 29.0502719879, 58.6593780518, 48.6440429688, 44.1775398254, 40.6845436096, 27.9870929718, 28.5426006317, 25.8720932007, 29.7773132324, 28.0023441315, 20.6672935486, 20.8673839569, 16.0856800079, 10.8884735107, 11.0141773224, 8.55389213562, 5.68256807327, 5.28818130493, 4.84928178787, 4.75659751892, 3.37840509415, 2.82986140251, 2.38155913353, 2.01106405258, 0.904997229576, 0.42253524065, 0.179227337241, 0.0399170927703, 0.00286922999658, 0.000103125566966], "max": [5.72057914734, 38.5776596069, 88.3830490112, 99.4014358521, 211.384307861, 311.588653564, 339.371368408, 412.794036865, 635.29486084, 981.971008301, 1893.6940918, 2557.56225586, 2209.81030273, 2006.26220703, 1580.07958984, 1973.69726563, 1945.02307129, 1618.46313477, 1249.98815918, 807.452392578, 1279.57836914, 611.299072266, 386.661193848, 311.160217285, 270.198486328, 190.265045166, 135.661178589, 142.301071167, 157.585632324, 132.079559326, 232.33493042, 241.069854736, 211.083602905, 115.536743164, 47.1229705811, 14.9234981537, 7.83465909958, 2.1319861412, 0.269827961922, 0.0114669464529], "dmean2": [0.266713440418, 2.30579185486, 4.81189155579, 4.37538003922, 9.06185626984, 16.3796272278, 13.4218015671, 11.0428218842, 14.0871753693, 18.2258090973, 36.6544380188, 69.3584442139, 55.7357330322, 48.4408493042, 44.2342529297, 33.7869033813, 34.1849327087, 31.5695381165, 33.9763336182, 42.6493453979, 22.8601589203, 19.9204502106, 15.2627038956, 10.0672340393, 10.143037796, 8.01051902771, 6.00813913345, 5.30728673935, 5.42382192612, 5.36242008209, 3.78412485123, 3.39705014229, 3.14858412743, 2.87490034103, 1.32396149635, 0.633967995644, 0.312554121017, 0.0718878209591, 0.00628891959786, 0.000189231112017], "median": [0.0228291731328, 0.305458694696, 1.01765632629, 1.85746669769, 2.98786878586, 3.46098065376, 3.72825884819, 3.4657523632, 3.07034301758, 3.22993350029, 5.69271802902, 7.24881649017, 7.13521623611, 7.18696832657, 6.85971641541, 6.25785160065, 6.60404014587, 5.87749862671, 8.82185935974, 8.2043762207, 8.41975021362, 8.40795993805, 7.76199483871, 5.03575706482, 5.05857849121, 3.88709449768, 2.37209844589, 2.34482431412, 1.91033625603, 1.84626662731, 1.20900392532, 0.925981044769, 0.776794075966, 0.558144330978, 0.240797787905, 0.104346841574, 0.034919783473, 0.00717655662447, 0.000362285878509, 3.83053047699e-05], "dvar": [0.249441921711, 20.3284168243, 72.1344299316, 34.0111427307, 145.409545898, 559.538879395, 314.708374023, 320.310119629, 517.889404297, 1150.90063477, 4976.00585938, 16616.7246094, 10965.2373047, 11331.7597656, 5619.27636719, 4679.81835938, 3668.28100586, 2902.50561523, 2787.08227539, 3926.06640625, 1095.96130371, 604.231140137, 287.150512695, 133.866363525, 124.253860474, 92.0658340454, 70.9636917114, 56.0305595398, 66.2268600464, 61.117149353, 48.6886100769, 42.6715927124, 38.6020812988, 20.2557144165, 3.66656899452, 0.722683668137, 0.182174935937, 0.0113246990368, 0.000124396246974, 1.26554610347e-07]}, "silence_rate_30dB": {"dvar2": 0.107079572976, "var": 0.0226890984923, "min": 0, "dmean": 0.0399819910526, "mean": 0.976769328117, "max": 1, "dmean2": 0.0799711793661, "median": 1, "dvar": 0.0383810810745}, "melbands_spread": {"dvar2": 394.676330566, "var": 466.490783691, "min": 0.223667249084, "dmean": 9.26475429535, "mean": 24.711774826, "max": 246.539596558, "dmean2": 14.4179992676, "median": 20.3797264099, "dvar": 167.532455444}, "melbands_crest": {"dvar2": 32.924407959, "var": 34.8866539001, "min": 1.62403285503, "dmean": 3.97533583641, "mean": 15.0451698303, "max": 36.3837280273, "dmean2": 6.42981433868, "median": 14.1689071655, "dvar": 13.648100853}, "zerocrossingrate": {"dvar2": 0.000408810126828, "var": 0.00311571010388, "min": 0.00244140625, "dmean": 0.0151567691937, "mean": 0.0713057667017, "max": 0.5244140625, "dmean2": 0.0179502721876, "median": 0.05908203125, "dvar": 0.000329375470756}, "barkbands_kurtosis": {"dvar2": 430.912322998, "var": 277.245239258, "min": -1.92591845989, "dmean": 5.01527070999, "mean": 5.95526838303, "max": 439.650787354, "dmean2": 7.91937160492, "median": 1.53980505466, "dvar": 183.03314209}, "spectral_flux": {"dvar2": 0.00457784393802, "var": 0.0048877983354, "min": 6.47651932084e-11, "dmean": 0.0372454673052, "mean": 0.0923489183187, "max": 0.421364098787, "dmean2": 0.0567037165165, "median": 0.0760693475604, "dvar": 0.00223512086086}, "barkbands_crest": {"dvar2": 22.9625167847, "var": 23.5174179077, "min": 2.49489283562, "dmean": 3.23553967476, "mean": 10.8730010986, "max": 26.6738262177, "dmean2": 5.25211668015, "median": 9.84106636047, "dvar": 9.24383544922}, "barkbands_flatness_db": {"dvar2": 0.00256884563714, "var": 0.00471756374463, "min": 0.0207292865962, "dmean": 0.031918309629, "mean": 0.133426755667, "max": 0.486780166626, "dmean2": 0.0471147038043, "median": 0.119352906942, "dvar": 0.00116499955766}, "spectral_entropy": {"dvar2": 0.20309305191, "var": 0.411265820265, "min": 4.34772920609, "dmean": 0.255223840475, "mean": 7.55996704102, "max": 9.8189496994, "dmean2": 0.366426050663, "median": 7.71228408813, "dvar": 0.0956024155021}, "pitch_salience": {"dvar2": 0.0169711839408, "var": 0.0165035184473, "min": 0.0615028329194, "dmean": 0.086632616818, "mean": 0.537307024002, "max": 0.913913667202, "dmean2": 0.141039267182, "median": 0.54760491848, "dvar": 0.00689296331257}, "erbbands_spread": {"dvar2": 330.874206543, "var": 528.349121094, "min": 1.32108485699, "dmean": 11.0086994171, "mean": 39.4654884338, "max": 172.340911865, "dmean2": 16.2397041321, "median": 35.2853927612, "dvar": 149.714599609}, "dynamic_complexity": 3.82772445679, "spectral_contrast_valleys": {"dvar2": [0.566587865353, 0.595461726189, 0.544752836227, 0.480838298798, 0.521563708782, 0.875442028046], "var": [3.86365938187, 3.03293800354, 3.07972574234, 2.97012829781, 3.29493069649, 3.63347053528], "min": [-27.9615917206, -27.9729175568, -27.7412109375, -27.5421829224, -27.4722919464, -27.3480796814], "dmean": [0.56233716011, 0.521352767944, 0.495256513357, 0.458348095417, 0.440286397934, 0.567106902599], "mean": [-7.92185163498, -7.41113901138, -7.7451415062, -8.01747131348, -8.00522994995, -10.3579683304], "max": [-4.78522825241, -4.71472215652, -4.54024934769, -5.33654117584, -5.52087688446, -7.19519138336], "dmean2": [0.838913083076, 0.806651949883, 0.726819753647, 0.665045499802, 0.606691122055, 0.7500628829], "median": [-7.51834392548, -7.16126155853, -7.52357816696, -7.73146438599, -7.59150028229, -9.83946418762], "dvar": [0.295653760433, 0.269652158022, 0.258619636297, 0.234850555658, 0.260216355324, 0.432608306408]}, "hfc": {"dvar2": 623.796020508, "var": 518.018432617, "min": 1.10117036e-16, "dmean": 10.7549972534, "mean": 21.1631259918, "max": 246.530853271, "dmean2": 16.1672515869, "median": 13.6872463226, "dvar": 267.765472412}, "spectral_kurtosis": {"dvar2": 42.1306114197, "var": 34.8481063843, "min": -1.29303407669, "dmean": 2.43820571899, "mean": 5.73320198059, "max": 101.033256531, "dmean2": 3.88933897018, "median": 4.0089764595, "dvar": 16.691734314}, "mfcc": {"mean": [-668.896484375, 113.432884216, -2.0135717392, 12.5676364899, 9.01471424103, 2.59930324554, -0.138020351529, 4.96286058426, 2.0226187706, -0.843781650066, -2.36098861694, -6.19405984879, -2.85116410255], "cov": [[11512.7890625, -1098.43457031, 345.116851807, 124.453567505, -52.0678634644, 185.981994629, 253.777618408, 92.8435821533, 78.6533508301, 42.691204071, -2.7861764431, -39.533164978, -42.488986969], [-1098.43457031, 1866.76123047, -314.915466309, -5.84233045578, 106.033531189, -35.6904029846, 15.3594102859, 68.0850143433, 34.8728256226, 28.9861240387, 33.6720542908, -18.3989105225, -26.6001739502], [345.116851807, -314.915466309, 825.422851563, 209.603347778, 213.336959839, 161.45199585, 76.3307495117, 26.3944396973, 27.7619514465, 17.067029953, 19.5575370789, 40.3355102539, 54.8993186951], [124.453567505, -5.84233045578, 209.603347778, 696.246032715, 270.969482422, 137.981933594, 68.5010375977, 14.8972234726, 23.1280651093, 6.42730331421, 7.44099283218, 70.4663772583, 47.5496177673], [-52.0678634644, 106.033531189, 213.336959839, 270.969482422, 372.863037109, 114.003288269, 62.5327110291, 24.7847061157, 49.4763908386, 35.8399467468, 18.842218399, 44.7584838867, 38.9692077637], [185.981994629, -35.6904029846, 161.45199585, 137.981933594, 114.003288269, 224.859786987, 141.904907227, 55.5844230652, 41.4153747559, 36.9924430847, 38.7493286133, 12.7055702209, 6.60930395126], [253.777618408, 15.3594102859, 76.3307495117, 68.5010375977, 62.5327110291, 141.904907227, 244.081130981, 104.996513367, 51.9783935547, 46.9002685547, 49.1261138916, 14.6028757095, 7.67926692963], [92.8435821533, 68.0850143433, 26.3944396973, 14.8972234726, 24.7847061157, 55.5844230652, 104.996513367, 148.716934204, 70.8395690918, 46.5116233826, 37.1844596863, 15.2007160187, 9.21144962311], [78.6533508301, 34.8728256226, 27.7619514465, 23.1280651093, 49.4763908386, 41.4153747559, 51.9783935547, 70.8395690918, 133.311950684, 75.6109619141, 34.1731071472, 15.1160402298, 8.88246059418], [42.691204071, 28.9861240387, 17.067029953, 6.42730331421, 35.8399467468, 36.9924430847, 46.9002685547, 46.5116233826, 75.6109619141, 133.631332397, 69.0229492188, 19.945022583, 8.03070831299], [-2.7861764431, 33.6720542908, 19.5575370789, 7.44099283218, 18.842218399, 38.7493286133, 49.1261138916, 37.1844596863, 34.1731071472, 69.0229492188, 119.071220398, 47.6855735779, 13.6921262741], [-39.533164978, -18.3989105225, 40.3355102539, 70.4663772583, 44.7584838867, 12.7055702209, 14.6028757095, 15.2007160187, 15.1160402298, 19.945022583, 47.6855735779, 101.601577759, 49.792098999], [-42.488986969, -26.6001739502, 54.8993186951, 47.5496177673, 38.9692077637, 6.60930395126, 7.67926692963, 9.21144962311, 8.88246059418, 8.03070831299, 13.6921262741, 49.792098999, 92.5088806152]], "icov": [[9.57905576797e-05, 5.389272701e-05, -1.90450991795e-05, -2.23511651711e-05, 3.59959667549e-05, 2.68443977802e-06, -9.58728778642e-05, -7.24314486433e-06, -4.4889311539e-05, -8.4131525e-06, 2.24622326641e-05, 3.8925143599e-05, 5.63729590795e-05], [5.389272701e-05, 0.000668902997859, 0.000304772722302, 1.29995487441e-05, -0.000435862049926, 0.000160380222951, 4.24463451054e-06, -0.000391176639823, 2.85855694528e-05, 9.04847620404e-05, -0.000297358055832, 0.000306120084133, 0.000108933185402], [-1.90450991795e-05, 0.000304772722302, 0.00173566536978, -2.59063854173e-05, -0.000797773129307, -0.000888656300958, 0.000248173892032, -0.000198120149435, 0.000111707566248, 0.000172439482412, -0.000111992216262, 0.00014128908515, -0.000624315813184], [-2.23511651711e-05, 1.29995487441e-05, -2.59063854173e-05, 0.00221790745854, -0.00128963694442, -0.000822881062049, 4.55578992842e-05, 0.00011807824194, 0.000155260539032, 0.000197073997697, 0.00061432342045, -0.00123662524857, -1.98881207325e-06], [3.59959667549e-05, -0.000435862049926, -0.000797773129307, -0.00128963694442, 0.00480486825109, -0.00109497259837, -4.12614608649e-05, 0.00069370836718, -0.00102913146839, -0.000627722358331, 0.000750671664719, -0.00074141449295, -0.00054268486565], [2.68443977802e-06, 0.000160380222951, -0.000888656300958, -0.000822881062049, -0.00109497259837, 0.00907991733402, -0.00442556384951, 0.000494995445479, -0.000545622955542, 0.000104137790913, -0.00144565082155, 0.00125327159185, 0.00071106076939], [-9.58728778642e-05, 4.24463451054e-06, 0.000248173892032, 4.55578992842e-05, -4.12614608649e-05, -0.00442556384951, 0.00870919879526, -0.00454714894295, 0.000744891061913, -0.000190732855117, -0.000985715654679, 0.000341978069628, -0.000243264090386], [-7.24314486433e-06, -0.000391176639823, -0.000198120149435, 0.00011807824194, 0.00069370836718, 0.000494995445479, -0.00454714894295, 0.0123647982255, -0.00503581762314, 0.000356576842023, -0.000658029515762, -0.000427056482295, -0.000460432231193], [-4.4889311539e-05, 2.85855694528e-05, 0.000111707566248, 0.000155260539032, -0.00102913146839, -0.000545622955542, 0.000744891061913, -0.00503581762314, 0.0138482814655, -0.00673888390884, 0.00172275980003, -0.000572894699872, 6.23075320618e-05], [-8.4131525e-06, 9.04847620404e-05, 0.000172439482412, 0.000197073997697, -0.000627722358331, 0.000104137790913, -0.000190732855117, 0.000356576842023, -0.00673888390884, 0.0149235390127, -0.00743368128315, 0.00184550147969, -0.000485701515572], [2.24622326641e-05, -0.000297358055832, -0.000111992216262, 0.00061432342045, 0.000750671664719, -0.00144565082155, -0.000985715654679, -0.000658029515762, 0.00172275980003, -0.00743368128315, 0.0160563196987, -0.00753680290654, 0.00176997249946], [3.8925143599e-05, 0.000306120084133, 0.00014128908515, -0.00123662524857, -0.00074141449295, 0.00125327159185, 0.000341978069628, -0.000427056482295, -0.000572894699872, 0.00184550147969, -0.00753680290654, 0.0179645027965, -0.00776433059946], [5.63729590795e-05, 0.000108933185402, -0.000624315813184, -1.98881207325e-06, -0.00054268486565, 0.00071106076939, -0.000243264090386, -0.000460432231193, 6.23075320618e-05, -0.000485701515572, 0.00176997249946, -0.00776433059946, 0.0154356462881]]}, "silence_rate_20dB": {"dvar2": 0, "var": 0, "min": 1, "dmean": 0, "mean": 1, "max": 1, "dmean2": 0, "median": 1, "dvar": 0}, "melbands_kurtosis": {"dvar2": 1612.34692383, "var": 1322.52148438, "min": -1.84659314156, "dmean": 11.8750944138, "mean": 17.9097919464, "max": 860.943115234, "dmean2": 18.6150875092, "median": 6.64585399628, "dvar": 723.651428223}, "barkbands_spread": {"dvar2": 253.559570313, "var": 306.77532959, "min": 0.223532795906, "dmean": 8.44452762604, "mean": 24.2397079468, "max": 128.046905518, "dmean2": 13.1237192154, "median": 20.2352485657, "dvar": 105.636833191}, "erbbands_skewness": {"dvar2": 0.523981869221, "var": 0.921853780746, "min": -2.84052491188, "dmean": 0.44740113616, "mean": 0.389803677797, "max": 8.04852581024, "dmean2": 0.680388450623, "median": 0.274396598339, "dvar": 0.235911652446}, "average_loudness": 0.882880687714, "spectral_centroid": {"dvar2": 279301.9375, "var": 749328.3125, "min": 115.594268799, "dmean": 297.860595703, "mean": 1358.83056641, "max": 11768.9951172, "dmean2": 457.537017822, "median": 1233.25378418, "dvar": 120799.625}, "dissonance": {"dvar2": 0.00176973012276, "var": 0.00187480146997, "min": 0.106683388352, "dmean": 0.0234228260815, "mean": 0.453692495823, "max": 0.499999940395, "dmean2": 0.0382312275469, "median": 0.467329382896, "dvar": 0.000716926821042}, "erbbands_flatness_db": {"dvar2": 0.00171758269425, "var": 0.00432120123878, "min": 0.0335724502802, "dmean": 0.0274964254349, "mean": 0.153744533658, "max": 0.408379822969, "dmean2": 0.0385983549058, "median": 0.141848668456, "dvar": 0.000882929656655}, "spectral_strongpeak": {"dvar2": 2.0324716568, "var": 1.77807641029, "min": 0, "dmean": 0.59965211153, "mean": 1.00435888767, "max": 10.8612089157, "dmean2": 0.964674890041, "median": 0.436065375805, "dvar": 0.895560741425}, "spectral_rms": {"dvar2": 5.4241095313e-06, "var": 6.10644974586e-06, "min": 3.18204013486e-12, "dmean": 0.00119118532166, "mean": 0.00439054425806, "max": 0.0139027861878, "dmean2": 0.00171546440106, "median": 0.00412480533123, "dvar": 2.53390908256e-06}, "silence_rate_60dB": {"dvar2": 0.103522032499, "var": 0.108962580562, "min": 0, "dmean": 0.0498874373734, "mean": 0.124437242746, "max": 1, "dmean2": 0.099783860147, "median": 0, "dvar": 0.0474044308066}, "melbands": {"dvar2": [4.8636647989e-05, 7.06741484464e-05, 2.47311186286e-06, 5.55441602046e-06, 9.99374833555e-07, 3.52214385657e-07, 2.96146907885e-07, 4.02037784397e-07, 9.87219891613e-07, 1.40540566917e-06, 7.0887460879e-07, 4.29179749517e-07, 1.70737834537e-07, 6.95375206305e-08, 4.61394620288e-08, 3.93979249225e-08, 3.25488365149e-08, 2.2610231909e-08, 8.28745960746e-09, 2.38478126136e-08, 3.54963636262e-09, 1.93028881768e-09, 1.4418746197e-09, 4.17814366438e-10, 2.52511622723e-10, 2.39910868949e-10, 1.55765914056e-10, 1.05420991381e-10, 8.021480008e-11, 6.34999067217e-11, 5.20273893412e-11, 5.5554432582e-11, 5.39640276909e-11, 5.0171065219e-11, 3.51392283326e-11, 4.88010777622e-11, 3.77349471115e-11, 3.92304799757e-11, 5.43431272204e-11, 3.36089732433e-11], "var": [1.93139112525e-05, 1.87668192666e-05, 1.03680247321e-06, 2.15563318307e-06, 6.90899184974e-07, 2.43064050665e-07, 1.27506083913e-07, 3.34787500833e-07, 6.03004764343e-07, 9.97383040158e-07, 4.25741632171e-07, 3.95544162757e-07, 1.70766014662e-07, 4.67619472033e-08, 3.32595995189e-08, 2.24933724979e-08, 1.87472934954e-08, 1.38357751922e-08, 4.41283987129e-09, 7.87781573308e-09, 2.24199214749e-09, 1.598390309e-09, 1.16315634902e-09, 2.49451320711e-10, 1.48115547605e-10, 1.57157536984e-10, 1.05369019066e-10, 7.03890210008e-11, 4.10150906294e-11, 3.16793501154e-11, 2.54080020912e-11, 2.56249986508e-11, 2.62869743334e-11, 2.49203851999e-11, 2.44947378353e-11, 3.06341410572e-11, 2.57828845079e-11, 2.63282937119e-11, 2.89676997667e-11, 1.44239498817e-11], "min": [1.74456391974e-24, 1.21404342389e-24, 1.18330092277e-24, 1.95543472275e-24, 2.60775208832e-24, 2.29060890239e-24, 1.52519018226e-24, 1.66510984937e-24, 1.4234688365e-24, 2.15936591637e-24, 2.01007694829e-24, 4.15911016731e-24, 2.89440915292e-24, 3.10905307763e-24, 2.22424045671e-24, 4.99764998246e-24, 3.13486046493e-24, 3.58377813191e-24, 3.51848529808e-24, 4.00213236919e-24, 3.87125087869e-24, 4.55104466401e-24, 2.67163049455e-24, 4.84397593382e-24, 4.70384149933e-24, 3.5664452801e-24, 5.13405665475e-24, 6.37644631616e-24, 4.36994428828e-24, 5.60949483929e-24, 6.09350163098e-24, 5.69769934925e-24, 5.24058403696e-24, 6.51511465266e-24, 6.53843416988e-24, 6.33391330273e-24, 6.74316092972e-24, 7.2330932501e-24, 7.44228811812e-24, 7.55016326918e-24], "dmean": [0.00149780337233, 0.00160667765886, 0.000475505192298, 0.000607435125858, 0.000306702189846, 0.000156596855959, 0.000132382003358, 0.000130390952108, 0.000224447227083, 0.000271482334938, 0.000179922601092, 0.000136500297231, 0.000111710556666, 6.07781075814e-05, 5.4064890719e-05, 4.36713089584e-05, 3.90956447518e-05, 3.7670663005e-05, 2.74190460914e-05, 3.70760135411e-05, 1.46919155668e-05, 1.3420486539e-05, 1.32362738441e-05, 6.84185852151e-06, 5.24669758306e-06, 5.39599341209e-06, 4.38089091404e-06, 3.34220771947e-06, 2.536214879e-06, 2.19311868932e-06, 2.00688668883e-06, 1.96708583644e-06, 2.02231422008e-06, 1.90635705621e-06, 1.3840677866e-06, 1.50522305375e-06, 1.27631494706e-06, 1.34554954911e-06, 1.55596490004e-06, 1.47026423747e-06], "mean": [0.00153952639084, 0.00171775033232, 0.000744492455851, 0.000737291236874, 0.000423688063165, 0.000228606251767, 0.000153496905114, 0.000167644073372, 0.000277120125247, 0.000354837538907, 0.000235946092289, 0.00017866527196, 0.000149265732034, 7.61128467275e-05, 6.81539459038e-05, 5.34780228918e-05, 4.85566415591e-05, 5.02203038195e-05, 3.31453011313e-05, 3.85117818951e-05, 2.14871561184e-05, 2.10728230741e-05, 2.05008800549e-05, 1.07227724584e-05, 8.37261541164e-06, 8.67295511853e-06, 7.1471758929e-06, 5.25495852344e-06, 3.56653367817e-06, 3.20319782077e-06, 2.99840985463e-06, 2.6939444524e-06, 2.69492670668e-06, 2.58450495494e-06, 1.84163582162e-06, 1.99712326321e-06, 1.60094430157e-06, 1.56505916493e-06, 1.86414422387e-06, 1.66591826201e-06], "max": [0.0393046289682, 0.04384374246, 0.0160358268768, 0.0225320570171, 0.0121847707778, 0.00922849215567, 0.00850101932883, 0.0110492650419, 0.0131012992933, 0.0161531958729, 0.0114582311362, 0.00928386580199, 0.00702566513792, 0.00416466780007, 0.00322525110096, 0.00443072710186, 0.00372695061378, 0.00203259917907, 0.00155638996512, 0.00128957931884, 0.00171990983654, 0.00072536553489, 0.000475356995594, 0.000286301714368, 0.000260478380369, 0.000216128843022, 0.000188098070794, 0.000107787047455, 8.8274