{"tonal": {"thpcp": [1, 0.598480284214, 0.262255519629, 0.199212446809, 0.184899628162, 0.357114851475, 0.467103123665, 0.397377103567, 0.700231492519, 0.964825034142, 0.59902125597, 0.244458675385, 0.174538835883, 0.193319737911, 0.435506492853, 0.665507793427, 0.514593362808, 0.289956003428, 0.228011533618, 0.2519544065, 0.480426758528, 0.672651231289, 0.550342798233, 0.536161541939, 0.585022747517, 0.347774237394, 0.186636418104, 0.181393459439, 0.18577760458, 0.415879994631, 0.600192368031, 0.423344761133, 0.247611865401, 0.232021167874, 0.313526391983, 0.744259595871], "hpcp": {"dmean2": [0.270397990942, 0.215003237128, 0.160252615809, 0.133329555392, 0.12494661659, 0.172802820802, 0.203298285604, 0.202962085605, 0.249324321747, 0.265900403261, 0.235405087471, 0.148402288556, 0.116747938097, 0.118554361165, 0.164944648743, 0.207294359803, 0.189412534237, 0.145318076015, 0.132781401277, 0.148234590888, 0.192599192262, 0.233478218317, 0.225643396378, 0.217510089278, 0.172179251909, 0.134395495057, 0.106746084988, 0.0965269654989, 0.108125716448, 0.174085825682, 0.198202967644, 0.165858611465, 0.148381620646, 0.148860126734, 0.192091405392, 0.264641195536], "median": [0.0751751363277, 0.0454007983208, 0.0112323695794, 0.0054688914679, 0.00679769832641, 0.0156513266265, 0.02318588458, 0.0337958931923, 0.0648171007633, 0.0894349962473, 0.0525347441435, 0.0118520595133, 0.00659861322492, 0.00838124752045, 0.0191098079085, 0.0334210768342, 0.0308674499393, 0.0140626356006, 0.00712675228715, 0.00928107369691, 0.0293249413371, 0.0429580807686, 0.043347813189, 0.0278256926686, 0.0134265096858, 0.00727344024926, 0.00640960317105, 0.00512627139688, 0.00757766840979, 0.0237584449351, 0.0343067795038, 0.0240210667253, 0.00961550138891, 0.00781992636621, 0.0140978405252, 0.0581647194922], "min": [0, 0, 0, 0, 0, 0, 0, 0, 0, 0, 0, 0, 0, 0, 0, 0, 0, 0, 0, 0, 0, 0, 0, 0, 0, 0, 0, 0, 0, 0, 0, 0, 0, 0, 0, 0], "dvar2": [0.123320922256, 0.0913247913122, 0.0849613696337, 0.0774246901274, 0.0731095969677, 0.0911779105663, 0.103788778186, 0.0952703207731, 0.107484996319, 0.114860080183, 0.105574920774, 0.0701202079654, 0.06607632339, 0.0638728886843, 0.0756747424603, 0.0989385247231, 0.087090075016, 0.0703327730298, 0.073176920414, 0.0839297696948, 0.0897028669715, 0.111528761685, 0.108624324203, 0.107015237212, 0.0921727195382, 0.0696170255542, 0.0592568814754, 0.0508446656168, 0.0558041520417, 0.0871892869473, 0.104926079512, 0.0783743932843, 0.0822351872921, 0.0838838219643, 0.111962296069, 0.120853513479], "dvar": [0.0601375699043, 0.0368953607976, 0.0317906849086, 0.0279047228396, 0.0256243180484, 0.0343505553901, 0.0413501672447, 0.0355592817068, 0.0436525754631, 0.0549887008965, 0.0421381406486, 0.0260895434767, 0.0238502062857, 0.0234929956496, 0.0310576017946, 0.0460078716278, 0.0362083874643, 0.0272771958262, 0.0276962015778, 0.0308506935835, 0.0355268642306, 0.0489123575389, 0.0438124649227, 0.0413832888007, 0.0395780205727, 0.0265935305506, 0.0213105622679, 0.0191149320453, 0.0203161779791, 0.034570466727, 0.0444450043142, 0.029785906896, 0.0298274736851, 0.0305887069553, 0.0409611314535, 0.048559166491], "dmean": [0.163116306067, 0.128704354167, 0.089921914041, 0.0739613324404, 0.0685762614012, 0.0989378020167, 0.117576800287, 0.115362942219, 0.147827938199, 0.161104932427, 0.140112146735, 0.0832652598619, 0.0644351840019, 0.0658220797777, 0.0976855382323, 0.122170753777, 0.112742416561, 0.0836995914578, 0.074960783124, 0.083700068295, 0.113928355277, 0.140343904495, 0.132575079799, 0.125439867377, 0.100046440959, 0.0778021514416, 0.0606764703989, 0.0553950071335, 0.0609825663269, 0.102275595069, 0.116924755275, 0.0958871021867, 0.0823560878634, 0.082438737154, 0.107727617025, 0.156829550862], "max": [1, 1, 1, 1, 1, 1, 1, 1, 1, 1, 1, 1, 1, 1, 1, 1, 1, 1, 1, 1, 1, 1, 1, 1, 1, 1, 1, 1, 1, 1, 1, 1, 1, 1, 1, 1], "var": [0.135164424777, 0.0582663863897, 0.0277056451887, 0.0214764028788, 0.017982551828, 0.0396283380687, 0.0586515776813, 0.0357166677713, 0.0727996528149, 0.122749522328, 0.0593984946609, 0.0224643908441, 0.017501598224, 0.0181942805648, 0.0492659546435, 0.0943773761392, 0.057596784085, 0.0301081463695, 0.0247231777757, 0.0265663452446, 0.0525199845433, 0.0880384147167, 0.0612467303872, 0.0600278563797, 0.0969146862626, 0.042591009289, 0.0195908341557, 0.0205832812935, 0.0168772507459, 0.0457041636109, 0.087156906724, 0.0494392998517, 0.0257505942136, 0.0252472367138, 0.0353202186525, 0.0811670124531], "mean": [0.283421725035, 0.169622316957, 0.0743289142847, 0.0564611367881, 0.0524045713246, 0.101214103401, 0.132387176156, 0.112625300884, 0.198460817337, 0.273452371359, 0.169775635004, 0.0692849010229, 0.0494680963457, 0.0547910146415, 0.123432002962, 0.188619360328, 0.145846933126, 0.0821798294783, 0.0646234229207, 0.0714093521237, 0.136163383722, 0.190643966198, 0.155979096889, 0.151959821582, 0.165808156133, 0.0985667705536, 0.0528968162835, 0.0514108464122, 0.0526534095407, 0.11786942929, 0.17010755837, 0.119985103607, 0.0701785832644, 0.0657598376274, 0.0888601914048, 0.210939332843]}, "tuning_equal_tempered_deviation": 0.0541870035231, "chords_changes_rate": 0.067095220089, "key_key": "F", "tuning_diatonic_strength": 0.59913444519, "key_scale": "major", "chords_number_rate": 0.00200883881189, "tuning_frequency": 441.527557373, "tuning_nontempered_energy_ratio": 0.737515509129, "chords_histogram": [17.7380466461, 45.0783462524, 7.25190830231, 2.55122542381, 11.3499393463, 0.502209722996, 0.160707116127, 0.100441947579, 3.43511462212, 1.38609886169, 2.20972275734, 2.49096012115, 0.261149048805, 0, 0, 0, 0.0803535580635, 0, 0, 0.100441947579, 0, 0, 0, 5.30333471298], "key_strength": 0.718227207661, "chords_key": "A", "chords_strength": {"dmean2": 0.012048159726, "median": 0.556698679924, "min": 0.25341117382, "dvar2": 0.000133633497171, "dvar": 0.000112845831609, "dmean": 0.0124396514148, "max": 0.863796055317, "var": 0.00979509204626, "mean": 0.557530164719}, "chords_scale": "minor", "hpcp_entropy": {"dmean2": 1.08385002613, "median": 1.91376805305, "min": 0, "dvar2": 0.761732578278, "dvar": 0.288188815117, "dmean": 0.646002948284, "max": 4.41582393646, "var": 0.554499804974, "mean": 1.90167677402}}, "metadata": {"audio_properties": {"equal_loudness": 0, "codec": "mp3", "downmix": "mix", "sample_rate": 44100, "analysis_sample_rate": 44100, "bit_rate": 192000, "md5_encoded": "1ed1d876169f013c6688d01bb3483481", "length": 231.13142395, "replay_gain": -5.22962760925, "lossless": false}, "version": {"essentia_build_sha": "70f2e5ece6736b2c40cc944ad0e695b16b925413", "essentia": "2.1-beta2", "extractor": "music 1.0", "essentia_git_sha": "v2.1_beta2"}, "tags": {"title": ["Cold Sweat"], "artist": ["Third World"], "albumartist": ["Third World"], "date": ["1999"], "genre": ["Reggae"], "album": ["Journey to Addis"], "tracknumber": ["2"], "file_name": "260364.mp3", "musicbrainz_recordingid": ["08061429-5fbe-4a6a-8b35-96a22fef51d1"], "encodedby": ["NattyDread"]}}, "rhythm": {"bpm_histogram_first_peak_bpm": {"dmean2": 0, "median": 123, "min": 123, "dvar2": 0, "dvar": 0, "dmean": 0, "max": 123, "var": 0, "mean": 123}, "bpm": 123.723434448, "bpm_histogram_second_peak_spread": {"dmean2": 0, "median": 0.300000011921, "min": 0.300000011921, "dvar2": 0, "dvar": 0, "dmean": 0, "max": 0.300000011921, "var": 0, "mean": 0.300000011921}, "bpm_histogram_first_peak_weight": {"dmean2": 0, "median": 0.607594907284, "min": 0.607594907284, "dvar2": 0, "dvar": 0, "dmean": 0, "max": 0.607594907284, "var": 0, "mean": 0.607594907284}, "onset_rate": 4.19653558731, "beats_position": [0.53405892849, 1.09133780003, 1.66022670269, 2.21750569344, 2.77478456497, 3.28562355042, 3.78485250473, 4.29569149017, 4.74848079681, 5.20126962662, 5.65405893326, 6.14167785645, 6.62929677963, 7.11691617966, 7.61614513397, 8.11537361145, 8.6146030426, 9.12544155121, 9.62467098236, 10.1006803513, 10.5882987976, 11.0759181976, 11.5751476288, 12.0743761063, 12.5736055374, 13.0728340149, 13.5604534149, 14.0480718613, 14.5240812302, 15.0000905991, 15.4877090454, 15.9753284454, 16.4513378143, 16.9505672455, 17.4497947693, 17.9374141693, 18.4250335693, 18.9010429382, 19.3770523071, 19.853061676, 20.3290691376, 20.8282985687, 21.3159179688, 21.7919273376, 22.2679367065, 22.7555541992, 23.2431735992, 23.7307929993, 24.195192337, 24.6828117371, 25.1704311371, 25.6580486298, 26.1340579987, 26.6216773987, 27.0976867676, 27.5853061676, 28.0729255676, 28.5721530914, 29.0713825226, 29.5706119537, 30.081451416, 30.6038990021, 31.0915184021, 31.5907478333, 32.0783653259, 32.5775947571, 33.0652160645, 33.5644454956, 34.0636711121, 34.5512924194, 35.0389099121, 35.5265312195, 36.0141487122, 36.5017662048, 36.9893875122, 37.4653968811, 37.94140625, 38.4290237427, 38.91664505, 39.4042625427, 39.8918800354, 40.3911094666, 40.8903388977, 41.3779602051, 41.8655776978, 42.3531951904, 42.8408164978, 43.3284339905, 43.8160552979, 44.3036727905, 44.7912902832, 45.2672996521, 45.743309021, 46.2309303284, 46.718547821, 47.2061653137, 47.6937866211, 48.1930160522, 48.6922454834, 49.1682548523, 49.655872345, 50.1434898376, 50.6194992065, 51.1071205139, 51.5947380066, 52.0823554993, 52.5699768066, 53.0575942993, 53.5452156067, 54.0328330994, 54.5204544067, 55.0080718994, 55.4956893921, 55.9833106995, 56.4709281921, 56.9585494995, 57.4345550537, 57.9105644226, 58.39818573, 58.8858032227, 59.37342453, 59.8610420227, 60.3486595154, 60.8362808228, 61.3122901917, 61.7882995605, 62.2759170532, 62.7519264221, 63.227935791, 63.7155532837, 64.2031707764, 64.6907958984, 65.1784133911, 65.6660308838, 66.1536483765, 66.6296615601, 67.1056671143, 67.5932846069, 68.0809020996, 68.5685272217, 69.0445327759, 69.5205459595, 70.0081634521, 70.4957809448, 70.9833984375, 71.4594116211, 71.9354171753, 72.423034668, 72.91065979, 73.3982772827, 73.8858947754, 74.3619003296, 74.8379135132, 75.3255310059, 75.8131484985, 76.2891616821, 76.7767791748, 77.252784729, 77.7171859741, 78.2048034668, 78.6924285889, 79.1800460815, 79.6792755127, 80.1668930054, 80.6661224365, 81.1537399292, 81.6297454834, 82.1173706055, 82.5933761597, 83.0809936523, 83.5686187744, 84.0562362671, 84.5438537598, 85.0314712524, 85.5190887451, 86.0067138672, 86.4943313599, 86.9819488525, 87.4695663452, 87.9571838379, 88.44480896, 88.9324264526, 89.4200439453, 89.907661438, 90.3952789307, 90.8829040527, 91.3705215454, 91.8581390381, 92.3341445923, 92.8101577759, 93.2977752686, 93.7853927612, 94.2730178833, 94.760635376, 95.2482528687, 95.7358703613, 96.223487854, 96.7111129761, 97.1987304688, 97.6747360229, 98.1507492065, 98.6383666992, 99.1259841919, 99.6019973755, 100.07800293, 100.565620422, 101.053237915, 101.529251099, 102.005256653, 102.492874146, 102.980499268, 103.46811676, 103.944122314, 104.420135498, 104.896141052, 105.372154236, 105.859771729, 106.347389221, 106.823402405, 107.299407959, 107.787025452, 108.263038635, 108.750656128, 109.226661682, 109.691062927, 110.17868042, 110.666305542, 111.153923035, 111.629928589, 112.105941772, 112.593559265, 113.069564819, 113.545578003, 114.009971619, 114.497596741, 114.973602295, 115.449615479, 115.937232971, 116.401634216, 116.889251709, 117.376869202, 117.864486694, 118.352104187, 118.851333618, 119.350563049, 119.838180542, 120.337409973, 120.836639404, 121.324264526, 121.811882019, 122.299499512, 122.787117004, 123.274734497, 123.762359619, 124.249977112, 124.737594604, 125.225212097, 125.71282959, 126.200454712, 126.688072205, 127.175689697, 127.66330719, 128.150924683, 128.638549805, 129.126159668, 129.61378479, 130.101409912, 130.589019775, 131.076644897, 131.564254761, 132.051879883, 132.539505005, 133.027114868, 133.51473999, 134.002349854, 134.489974976, 134.977600098, 135.465209961, 135.952835083, 136.428848267, 136.904846191, 137.392471313, 137.880081177, 138.367706299, 138.855331421, 139.342941284, 139.830566406, 140.31817627, 140.805801392, 141.293426514, 141.781036377, 142.268661499, 142.756271362, 143.232284546, 143.708297729, 144.195922852, 144.683532715, 145.159545898, 145.635559082, 146.111557007, 146.58757019, 147.051971436, 147.527984619, 148.003982544, 148.479995728, 148.956008911, 149.443618774, 149.919631958, 150.395645142, 150.883255005, 151.370880127, 151.846893311, 152.322906494, 152.810516357, 153.298141479, 153.785751343, 154.273376465, 154.761001587, 155.24861145, 155.724624634, 156.200637817, 156.688247681, 157.175872803, 157.651885986, 158.127883911, 158.603897095, 159.079910278, 159.567520142, 160.043533325, 160.519546509, 161.007156372, 161.483169556, 161.959182739, 162.446792603, 162.922805786, 163.39881897, 163.898040771, 164.397277832, 164.884887695, 165.372512817, 165.848526001, 166.324539185, 166.812149048, 167.29977417, 167.787384033, 168.275009155, 168.762634277, 169.238632202, 169.714645386, 170.202270508, 170.689880371, 171.165893555, 171.641906738, 172.129516602, 172.617141724, 173.104751587, 173.592376709, 174.080001831, 174.567611694, 175.055236816, 175.54284668, 176.030471802, 176.518096924, 176.994094849, 177.470108032, 177.957733154, 178.433731079, 178.909744263, 179.408981323, 179.908203125, 180.395828247, 180.88343811, 181.371063232, 181.858688354, 182.346298218, 182.822311401, 183.298324585, 183.785934448, 184.27355957, 184.749572754, 185.237182617, 185.724807739, 186.200805664, 186.688430786, 187.176055908, 187.663665771, 188.151290894, 188.638900757, 189.126525879, 189.614151001, 190.101760864, 190.589385986, 191.07699585, 191.564620972, 192.040634155, 192.516647339, 192.992645264, 193.468658447, 193.956283569, 194.443893433, 194.931518555, 195.419128418, 195.90675354, 196.394378662, 196.881988525, 197.369613647, 197.857223511, 198.333236694, 198.809249878, 199.296859741, 199.784484863, 200.260498047, 200.73651123, 201.224121094, 201.700134277, 202.176147461, 202.663757324, 203.151382446, 203.63899231, 204.126617432, 204.614242554, 205.101852417, 205.589477539, 206.077087402, 206.564712524, 207.052337646, 207.53994751, 208.004348755, 208.480361938, 208.956375122, 209.432373047, 209.90838623, 210.396011353, 210.872009277, 211.348022461, 211.835647583, 212.323257446, 212.810882568, 213.286895752, 213.762893677, 214.250518799, 214.738143921, 215.225753784, 215.701766968, 216.177780151, 216.665390015, 217.141403198, 217.617416382, 218.093414307, 218.56942749, 219.057052612, 219.544662476, 220.032287598, 220.508300781, 220.984298706, 221.471923828, 221.95954895, 222.435546875, 222.911560059, 223.399185181, 223.875183105, 224.351196289, 224.827209473, 225.303222656, 225.79083252, 226.278457642, 226.766067505, 227.253692627, 227.741317749, 228.217315674, 228.693328857, 229.180953979, 229.668563843, 230.156188965, 230.643798828], "beats_loudness": {"dmean2": 0.124881803989, "median": 0.046045165509, "min": 0, "dvar2": 0.0116363642737, "dvar": 0.00437500653788, "dmean": 0.0708500370383, "max": 0.42599901557, "var": 0.00488986121491, "mean": 0.0688018128276}, "danceability": 1.25115907192, "bpm_histogram_second_peak_weight": {"dmean2": 0, "median": 0.0147679327056, "min": 0.0147679327056, "dvar2": 0, "dvar": 0, "dmean": 0, "max": 0.0147679327056, "var": 0, "mean": 0.0147679327056}, "beats_count": 475, "bpm_histogram_second_peak_bpm": {"dmean2": 0, "median": 129, "min": 129, "dvar2": 0, "dvar": 0, "dmean": 0, "max": 129, "var": 0, "mean": 129}, "bpm_histogram_first_peak_spread": {"dmean2": 0, "median": 0.367033004761, "min": 0.367033004761, "dvar2": 0, "dvar": 0, "dmean": 0, "max": 0.367033004761, "var": 0, "mean": 0.367033004761}, "beats_loudness_band_ratio": {"dmean2": [0.8409050107, 0.101361528039, 0.203586950898, 0.210499256849, 0.326488524675, 0.486578553915], "median": [0.300548046827, 0.0357394739985, 0.0362354144454, 0.0342321172357, 0.0556663163006, 0.0988779515028], "min": [0, 0, 0, 0, 0, 0], "dvar2": [0.288913100958, 0.0222073849291, 0.0478796549141, 0.0657724663615, 0.0819678455591, 0.127373680472], "dvar": [0.109575591981, 0.00881759822369, 0.0185224302113, 0.0237199366093, 0.0274208318442, 0.0445703044534], "dmean": [0.457546681166, 0.0581202358007, 0.116112262011, 0.114605352283, 0.173176437616, 0.270009785891], "max": [0.996047437191, 0.96566426754, 0.769291162491, 0.787351608276, 0.809190571308, 0.928487479687], "var": [0.14529812336, 0.0189157128334, 0.0169216990471, 0.0187072753906, 0.0250184759498, 0.0569128729403], "mean": [0.431256562471, 0.0770181939006, 0.0920400097966, 0.0835664942861, 0.121756851673, 0.209280967712]}}, "lowlevel": {"barkbands_spread": {"dmean2": 15.6148252487, "median": 16.5507946014, "min": 0.129032254219, "dvar2": 538.489135742, "dvar": 246.726913452, "dmean": 10.3885831833, "max": 133.668228149, "var": 536.647338867, "mean": 23.2000179291}, "melbands_spread": {"dmean2": 14.8864440918, "median": 17.0981464386, "min": 0.224662154913, "dvar2": 706.150085449, "dvar": 312.788146973, "dmean": 9.7368106842, "max": 258.945953369, "var": 811.04473877, "mean": 24.8120346069}, "hfc": {"dmean2": 43.9854164124, "median": 11.3971281052, "min": 1.08357583133e-16, "dvar2": 11479.125, "dvar": 5447.19091797, "dmean": 29.7663593292, "max": 1292.99902344, "var": 9089.84472656, "mean": 39.8504638672}, "barkbands_kurtosis": {"dmean2": 13.8557577133, "median": 1.98987436295, "min": -1.97057521343, "dvar2": 1996.01489258, "dvar": 801.18371582, "dmean": 8.88848495483, "max": 1419.68994141, "var": 1629.24914551, "mean": 14.4981546402}, "gfcc": {"mean": [-75.466178894, 74.3097229004, -90.7839736938, 13.3247146606, -34.8062515259, 9.66199684143, -37.526260376, 13.35896492, -18.7976665497, -0.2345841676, -24.7465591431, 4.27696084976, -13.0455932617], "icov": [[5.755490929e-05, -5.79906054554e-06, 6.75785704516e-05, 1.70173298102e-05, -3.36709417752e-05, -0.000153533372213, 9.83499194263e-05, -7.19638192095e-05, 3.96260838897e-05, -4.37647322542e-05, 0.00015140530013, -8.02673748694e-05, 0.000182611547643], [-5.79906054554e-06, 0.000703722878825, 0.000122307872516, -0.000440019357484, -0.000328820751747, 0.000625040614977, -0.000816385552753, 0.000680695928168, -0.000345950014889, 0.000515426858328, -0.000283279572614, 0.00057510251645, 2.22599082917e-05], [6.75785704516e-05, 0.000122307872516, 0.000528473581653, -0.00030854990473, -0.000293792574666, -0.00022250773327, 0.000180507326149, 0.000176567671588, 0.000150793290231, 4.17788724008e-05, -7.95818123152e-05, 8.33879948914e-06, 0.000569347757846], [1.70173298102e-05, -0.000440019357484, -0.00030854990473, 0.00195523677394, -0.000347247900208, -0.000757241039537, 0.000392232555896, 0.000426275713835, -0.000730700674467, 0.000456479319837, -0.00044932612218, -1.84144464583e-05, 0.000122436409583], [-3.36709417752e-05, -0.000328820751747, -0.000293792574666, -0.000347247900208, 0.00190643954556, -0.000115460818051, 0.000206495315069, -0.00127275299747, 0.000580793130212, -0.000261806912022, -0.000220097907004, 0.00100563967135, -0.0010184997227], [-0.000153533372213, 0.000625040614977, -0.00022250773327, -0.000757241039537, -0.000115460818051, 0.00380688137375, -0.00278132664971, 0.000828674586955, -0.000300634128507, -0.000137123715831, 0.000934978132136, -0.000532907317393, 0.000215855092392], [9.83499194263e-05, -0.000816385552753, 0.000180507326149, 0.000392232555896, 0.000206495315069, -0.00278132664971, 0.00547094130889, -0.00221291626804, 0.000735004083253, 0.000648587942123, -0.00151013676077, 0.0015676971525, -0.000569249677937], [-7.19638192095e-05, 0.000680695928168, 0.000176567671588, 0.000426275713835, -0.00127275299747, 0.000828674586955, -0.00221291626804, 0.00661592697725, -0.00246814242564, 0.000831345736515, 0.0003661889059, -0.0014112801291, 0.00203968025744], [3.96260838897e-05, -0.000345950014889, 0.000150793290231, -0.000730700674467, 0.000580793130212, -0.000300634128507, 0.000735004083253, -0.00246814242564, 0.00632283976302, -0.00196740450338, 0.000982776633464, 0.000560517655686, -0.000624067266472], [-4.37647322542e-05, 0.000515426858328, 4.17788724008e-05, 0.000456479319837, -0.000261806912022, -0.000137123715831, 0.000648587942123, 0.000831345736515, -0.00196740450338, 0.00958351232111, -0.00408110860735, 0.00189317425247, 0.000217878667172], [0.00015140530013, -0.000283279572614, -7.95818123152e-05, -0.00044932612218, -0.000220097907004, 0.000934978132136, -0.00151013676077, 0.0003661889059, 0.000982776633464, -0.00408110860735, 0.0110554136336, -0.00491625396535, 0.00249271537177], [-8.02673748694e-05, 0.00057510251645, 8.33879948914e-06, -1.84144464583e-05, 0.00100563967135, -0.000532907317393, 0.0015676971525, -0.0014112801291, 0.000560517655686, 0.00189317425247, -0.00491625396535, 0.0118308542296, -0.00394822005183], [0.000182611547643, 2.22599082917e-05, 0.000569347757846, 0.000122436409583, -0.0010184997227, 0.000215855092392, -0.000569249677937, 0.00203968025744, -0.000624067266472, 0.000217878667172, 0.00249271537177, -0.00394822005183, 0.0115973949432]], "cov": [[26865.1132812, -1728.46276855, -3483.10595703, -1072.02734375, -374.001556396, 951.695373535, -19.9176044464, 578.334594727, 49.9242401123, 24.9808311462, -473.732208252, 129.175338745, -242.619125366], [-1728.46276855, 3402.84301758, 195.340332031, 914.239685059, 705.590698242, -131.420166016, 406.472259521, -159.144622803, 92.2554016113, -137.548812866, 52.659576416, -268.907348633, 18.4790859222], [-3483.10595703, 195.340332031, 3366.91430664, 818.194580078, 584.603637695, 193.861663818, -4.6547627449, -129.926559448, -67.6455535889, -2.30771279335, 102.555793762, -77.6426239014, -101.176887512], [-1072.02734375, 914.239685059, 818.194580078, 1028.52966309, 411.002349854, 157.6118927, 118.526985168, -80.2115707397, 66.3644104004, -45.0091362, 41.6715698242, -88.2305450439, -17.3916435242], [-374.001556396, 705.590698242, 584.603637695, 411.002349854, 896.508239746, 74.9277496338, 132.284729004, 69.3555450439, 8.420586586, -22.5253143311, 13.0685081482, -108.654067993, 4.20633602142], [951.695373535, -131.420166016, 193.861663818, 157.6118927, 74.9277496338, 526.90045166, 221.116439819, 41.8133277893, 8.23258304596, -13.6416244507, -28.6980934143, -11.7231302261, -22.7647953033], [-19.9176044464, 406.472259521, -4.6547627449, 118.526985168, 132.284729004, 221.116439819, 396.775146484, 79.2923660278, 10.3008680344, -35.0215034485, 14.2640333176, -56.2185974121, -9.45018196106], [578.334594727, -159.144622803, -129.926559448, -80.2115707397, 69.3555450439, 41.8133277893, 79.2923660278, 252.518478394, 63.8547210693, -2.52287077904, -11.5966968536, 10.7276468277, -27.1542816162], [49.9242401123, 92.2554016113, -67.6455535889, 66.3644104004, 8.420586586, 8.23258304596, 10.3008680344, 63.8547210693, 207.544891357, 26.9002246857, -13.7606611252, -18.3084316254, -1.09381091595], [24.9808311462, -137.548812866, -2.30771279335, -45.0091362, -22.5253143311, -13.6416244507, -35.0215034485, -2.52287077904, 26.9002246857, 139.500793457, 43.3768806458, 2.82516932487, -12.0752449036], [-473.732208252, 52.659576416, 102.555793762, 41.6715698242, 13.0685081482, -28.6980934143, 14.2640333176, -11.5966968536, -13.7606611252, 43.3768806458, 142.427185059, 37.0112228394, -13.2631044388], [129.175338745, -268.907348633, -77.6426239014, -88.2305450439, -108.654067993, -11.7231302261, -56.2185974121, 10.7276468277, -18.3084316254, 2.82516932487, 37.0112228394, 141.061538696, 28.2848453522], [-242.619125366, 18.4790859222, -101.176887512, -17.3916435242, 4.20633602142, -22.7647953033, -9.45018196106, -27.1542816162, -1.09381091595, -12.0752449036, -13.2631044388, 28.2848453522, 112.914733887]]}, "spectral_energyband_middle_low": {"dmean2": 0.00581119256094, "median": 0.00401428109035, "min": 1.81986323328e-22, "dvar2": 0.000182892021257, "dvar": 6.71279049129e-05, "dmean": 0.00363371754065, "max": 0.11670255661, "var": 8.97705249372e-05, "mean": 0.00688129849732}, "melbands_crest": {"dmean2": 5.02952051163, "median": 15.6066408157, "min": 1.00061452389, "dvar2": 23.3882694244, "dvar": 9.92255306244, "dmean": 3.18719625473, "max": 33.8958053589, "var": 36.8672409058, "mean": 16.0843811035}, "spectral_kurtosis": {"dmean2": 5.51069307327, "median": 6.25428676605, "min": -1.26163339615, "dvar2": 130.652038574, "dvar": 55.4396591187, "dmean": 3.56486558914, "max": 273.274169922, "var": 320.607849121, "mean": 9.48317623138}, "spectral_rms": {"dmean2": 0.00134968396742, "median": 0.00421749521047, "min": 3.13774635614e-12, "dvar2": 4.89284911964e-06, "dvar": 2.39230189436e-06, "dmean": 0.000995019101538, "max": 0.0230313688517, "var": 1.02072172012e-05, "mean": 0.00457219593227}, "zerocrossingrate": {"dmean2": 0.0329854041338, "median": 0.05615234375, "min": 0.0029296875, "dvar2": 0.00223635253496, "dvar": 0.0019367596833, "dmean": 0.0290729440749, "max": 0.5615234375, "var": 0.00956616457552, "mean": 0.0872861966491}, "silence_rate_60dB": {"dmean2": 0.0984627753496, "median": 0, "min": 0, "dvar2": 0.0980163067579, "dvar": 0.0467987172306, "dmean": 0.0492264404893, "max": 1, "var": 0.154936000705, "mean": 0.191662475467}, "erbbands_kurtosis": {"dmean2": 4.51045036316, "median": 0.519384622574, "min": -1.9024450779, "dvar2": 147.512191772, "dvar": 61.2009010315, "dmean": 2.93420910835, "max": 360.54486084, "var": 467.442596436, "mean": 5.35129785538}, "erbbands": {"dmean2": [0.18155272305, 2.182554245, 8.17358112335, 7.87514209747, 5.8924946785, 6.26803684235, 4.68513631821, 3.7607524395, 5.59889125824, 13.253537178, 28.896396637, 34.750995636, 18.3091125488, 28.3595752716, 30.8576278687, 23.7373352051, 23.7172546387, 24.7292861938, 26.5581073761, 31.026725769, 41.7588119507, 43.587387085, 23.8480567932, 9.80858039856, 7.49107837677, 3.74023485184, 2.3858795166, 2.58970069885, 2.98561644554, 2.8997220993, 3.68494963646, 3.86706352234, 4.82566642761, 5.86366462708, 5.56886911392, 4.23652458191, 3.77608466148, 1.01200580597, 0.0814045369625, 0.00222480390221], "median": [0.0171539261937, 0.237332895398, 0.695941865444, 0.755013763905, 1.12843871117, 1.74215757847, 1.74078893661, 1.07456898689, 1.38118910789, 2.6351647377, 3.58850002289, 4.01674461365, 3.57104468346, 3.92750501633, 4.06228303909, 2.31867218018, 2.59721016884, 3.15158128738, 4.14584827423, 5.7441110611, 7.11497020721, 7.34615278244, 3.38306975365, 1.58803999424, 1.35267066956, 0.77853935957, 0.465829342604, 0.563402235508, 0.633057236671, 0.331803888083, 0.19400395453, 0.164048716426, 0.133581072092, 0.067672431469, 0.0294380430132, 0.0167547855526, 0.0100678559393, 0.00203982042149, 6.95495473337e-05, 3.44444088114e-05], "min": [1.10466010094e-22, 7.94844030223e-22, 2.24120931705e-21, 7.86985127779e-21, 1.12791448349e-20, 3.46913732791e-20, 7.16061821954e-20, 1.07161041561e-19, 8.75041476666e-20, 2.27635684328e-19, 4.47720760627e-19, 2.28619977558e-19, 6.07775142675e-19, 7.55783551956e-19, 1.03901071068e-18, 1.65479290999e-18, 1.80622145261e-18, 2.92012706051e-18, 3.47188010373e-18, 3.2095635539e-18, 4.52772197532e-18, 6.40844448377e-18, 4.93145973332e-18, 6.29935590459e-18, 6.44073058385e-18, 8.86290442818e-18, 8.89185492244e-18, 1.03638625271e-17, 1.21421982737e-17, 1.2732964877e-17, 1.10910419667e-17, 1.1688248171e-17, 1.18048318337e-17, 8.91495724976e-18, 6.96275889176e-18, 4.52118600771e-18, 2.47932085771e-18, 9.8432693776e-19, 2.39223424885e-19, 2.7200225319e-20], "dvar2": [0.406158953905, 71.7898406982, 1180.3449707, 1152.47277832, 424.679138184, 241.162689209, 102.266090393, 102.333297729, 313.516571045, 1570.34912109, 8576.59277344, 14685.0244141, 2602.23144531, 8058.35839844, 7959.20996094, 14575.6523438, 13378.6679688, 8875.29199219, 7679.53125, 8527.93457031, 23030.0625, 19494.8886719, 7165.26464844, 1537.56298828, 885.970336914, 213.826858521, 101.034561157, 74.9297637939, 64.2038040161, 72.6234130859, 115.589775085, 144.120544434, 155.661697388, 233.460510254, 251.088973999, 145.949249268, 120.064979553, 8.84586811066, 0.0827000513673, 6.969129754e-05], "dvar": [0.215664818883, 30.1147098541, 420.09197998, 395.871337891, 149.558486938, 93.9971466064, 40.4706535339, 43.6965751648, 156.164535522, 664.165039062, 3591.14819336, 6132.87060547, 1110.30847168, 3273.0559082, 4025.85058594, 8472.59179688, 6419.58056641, 3777.51342773, 3210.28588867, 3984.99707031, 10054.5292969, 8596.48632812, 3251.50244141, 692.432861328, 363.469665527, 89.4345016479, 40.4011611938, 30.0506477356, 29.2864608765, 34.6903076172, 55.6426887512, 67.6201782227, 72.8249053955, 106.276535034, 117.265205383, 64.3149261475, 52.8244247437, 3.96839523315, 0.0349442362785, 2.83834087895e-05], "dmean": [0.125396072865, 1.44661831856, 5.03286027908, 4.68449115753, 3.5269100666, 3.95662283897, 2.97360825539, 2.43911552429, 3.65947580338, 8.38671779633, 18.3872413635, 22.4088535309, 11.8614377975, 18.4523849487, 20.5342082977, 16.0813312531, 15.8792676926, 16.0227813721, 16.9218063354, 20.2956123352, 27.0247802734, 28.1738815308, 15.3561010361, 6.44877099991, 4.6696395874, 2.37668418884, 1.5107396841, 1.67200708389, 1.9664452076, 1.93601047993, 2.45509815216, 2.54581952095, 3.12428379059, 3.70889759064, 3.53499650955, 2.68231320381, 2.39459466934, 0.64397996664, 0.0515929050744, 0.00138758670073], "max": [8.13899707794, 82.6901931763, 336.633056641, 308.482910156, 201.815139771, 210.241989136, 171.067733765, 227.694000244, 529.998046875, 673.774108887, 1456.84411621, 2253.80737305, 768.113769531, 1795.07751465, 2138.02636719, 3851.43359375, 4017.90014648, 2822.73950195, 1941.64685059, 1594.84985352, 2916.02416992, 2509.65307617, 1531.58459473, 887.61730957, 681.752258301, 305.149017334, 226.057647705, 206.446136475, 129.772583008, 187.197769165, 234.004180908, 242.431915283, 232.365737915, 213.84413147, 294.688781738, 172.103759766, 141.976104736, 40.5164794922, 3.33095383644, 0.0970714539289], "var": [0.336556255817, 37.4900283813, 445.958679199, 313.362884521, 131.531051636, 128.78314209, 62.5217399597, 115.884895325, 631.073608398, 1390.09790039, 7564.93017578, 11269.4248047, 2110.30004883, 6594.71679688, 10186.9902344, 18457.5429688, 18987.1035156, 5259.27441406, 4417.36328125, 7496.21142578, 16307.3203125, 12784.1845703, 4924.33691406, 973.47454834, 396.350280762, 106.718109131, 41.8458366394, 39.6809043884, 59.242816925, 76.9666366577, 122.708503723, 150.820022583, 130.383499146, 162.2996521, 181.169235229, 89.9666671753, 72.0598754883, 5.45667648315, 0.0394107550383, 2.8040518373e-05], "mean": [0.212978795171, 2.46937918663, 8.54834365845, 7.08104658127, 4.82573461533, 5.47693824768, 4.29287052155, 3.98714852333, 6.85790061951, 13.4937734604, 29.8071594238, 33.0978050232, 18.8715133667, 29.7409877777, 32.3408889771, 24.5505027771, 25.9633750916, 22.2037200928, 24.738111496, 31.822177887, 40.7069587708, 41.0774879456, 21.6241817474, 8.51387691498, 5.6872048378, 3.06279969215, 1.86789536476, 2.4957845211, 3.22848343849, 2.7982814312, 3.23245310783, 3.32631063461, 3.53519821167, 3.82337617874, 3.45288681984, 2.54845571518, 2.24396371841, 0.609049975872, 0.0463943444192, 0.00121566164307]}, "spectral_strongpeak": {"dmean2": 1.13273072243, "median": 0.527610719204, "min": 0, "dvar2": 6.85374164581, "dvar": 2.68230175972, "dmean": 0.681259989738, "max": 33.7170257568, "var": 3.89764285088, "mean": 1.15867519379}, "spectral_energy": {"dmean2": 0.0199639834464, "median": 0.018231946975, "min": 1.00915889329e-20, "dvar2": 0.00284504331648, "dvar": 0.00120941968635, "dmean": 0.0138810528442, "max": 0.543704986572, "var": 0.00213574967347, "mean": 0.031890053302}, "average_loudness": 0.755243659019, "spectral_rolloff": {"dmean2": 2577.75610352, "median": 1119.7265625, "min": 64.599609375, "dvar2": 22650926, "dvar": 10840802, "dmean": 1458.421875, "max": 19659.8144531, "var": 18412098, "mean": 2754.1809082}, "spectral_centroid": {"dmean2": 432.295043945, "median": 1141.02185059, "min": 102.695098877, "dvar2": 363063.90625, "dvar": 175959.359375, "dmean": 289.157714844, "max": 11694.6132812, "var": 1059189, "mean": 1261.59106445}, "pitch_salience": {"dmean2": 0.115789733827, "median": 0.497299581766, "min": 0.1368778795, "dvar2": 0.0122931394726, "dvar": 0.00505714351311, "dmean": 0.0734363570809, "max": 0.99609297514, "var": 0.0167066454887, "mean": 0.496427178383}, "spectral_energyband_middle_high": {"dmean2": 0.00384054193273, "median": 0.00183317484334, "min": 1.22043289825e-21, "dvar2": 9.06691202545e-05, "dvar": 4.54161636299e-05, "dmean": 0.00266157230362, "max": 0.166309669614, "var": 0.000119081312732, "mean": 0.00554358540103}, "spectral_contrast_coeffs": {"dmean2": [0.0806885585189, 0.0816351100802, 0.0682195946574, 0.0564949326217, 0.0486989729106, 0.0380069576204], "median": [-0.650658786297, -0.722938835621, -0.757730364799, -0.764214992523, -0.758828341961, -0.799509465694], "min": [-0.977685928345, -0.997292101383, -0.998847663403, -0.988360881805, -0.989007949829, -0.9638864398], "dvar2": [0.00512911798432, 0.00457332469523, 0.00322912004776, 0.00214509200305, 0.00186990574002, 0.00131034862716], "dvar": [0.00206924066879, 0.00191893102601, 0.00139029545244, 0.00097923562862, 0.000837568717543, 0.000588246097323], "dmean": [0.0504405014217, 0.0515873506665, 0.0429536364973, 0.0364943780005, 0.0318232737482, 0.0251732561737], "max": [-0.296731442213, -0.358528196812, -0.435052275658, -0.494551897049, -0.454788357019, -0.566170454025], "var": [0.00740727083758, 0.0086935730651, 0.00838660262525, 0.00667144311592, 0.00587439956143, 0.00316185737029], "mean": [-0.650736391544, -0.714031100273, -0.750278234482, -0.759668827057, -0.759294629097, -0.797295808792]}, "melbands_skewness": {"dmean2": 1.64225995541, "median": 2.16905736923, "min": -2.53351259232, "dvar2": 5.34340620041, "dvar": 2.30622506142, "dmean": 1.09600329399, "max": 21.6860103607, "var": 8.18257522583, "mean": 2.96275258064}, "spectral_spread": {"dmean2": 2558814.5, "median": 4130669.25, "min": 378896.25, "dvar2": 13132308152300.0, "dvar": 6775063445500.0, "dmean": 1780596.5, "max": 42296328, "var": 20074062676000.0, "mean": 5859121.5}, "dissonance": {"dmean2": 0.0444835796952, "median": 0.459109723568, "min": 0.10945584625, "dvar2": 0.00217631226406, "dvar": 0.000794003484771, "dmean": 0.0267702322453, "max": 0.500000059605, "var": 0.00275540584698, "mean": 0.444587320089}, "spectral_skewness": {"dmean2": 0.594686508179, "median": 1.95315980911, "min": -0.274334669113, "dvar2": 0.47242885828, "dvar": 0.210697457194, "dmean": 0.390748620033, "max": 14.1992864609, "var": 1.78842139244, "mean": 2.13695979118}, "spectral_flux": {"dmean2": 0.0467295236886, "median": 0.0628618076444, "min": 6.43557429569e-11, "dvar2": 0.00458034034818, "dvar": 0.00240093097091, "dmean": 0.0313170030713, "max": 0.600354790688, "var": 0.00546403462067, "mean": 0.079160310328}, "spectral_contrast_valleys": {"dmean2": [0.691788911819, 0.679790496826, 0.648707270622, 0.581287443638, 0.563605308533, 0.693056941032], "median": [-7.70006799698, -7.57947349548, -8.03787994385, -8.29915714264, -8.57127952576, -10.8411245346], "min": [-28.3413887024, -27.9200630188, -27.5817165375, -27.6138515472, -27.6136569977, -27.3767375946], "dvar2": [0.380630671978, 0.354172706604, 0.393378049135, 0.331529647112, 0.342045009136, 0.720440745354], "dvar": [0.200052767992, 0.166155636311, 0.183285802603, 0.167541190982, 0.17383491993, 0.410102844238], "dmean": [0.460374057293, 0.443134576082, 0.419868588448, 0.392493337393, 0.381144046783, 0.545470297337], "max": [-4.76358032227, -5.0698428154, -5.05081129074, -4.91486644745, -5.0576915741, -7.20685529709], "var": [4.21268463135, 3.58055663109, 4.05182790756, 4.09095811844, 3.57417869568, 3.75487971306], "mean": [-8.03377723694, -7.92509031296, -8.41229248047, -8.70447540283, -8.90614891052, -10.9654941559]}, "erbbands_flatness_db": {"dmean2": 0.040315259248, "median": 0.175525963306, "min": 0.0258190222085, "dvar2": 0.00152504991274, "dvar": 0.000829139258713, "dmean": 0.0290436781943, "max": 0.507644474506, "var": 0.00498708290979, "mean": 0.180091425776}, "spectral_energyband_high": {"dmean2": 0.00302730780095, "median": 0.00010850851686, "min": 7.36624126421e-21, "dvar2": 6.35740871076e-05, "dvar": 2.97313636111e-05, "dmean": 0.00200151791796, "max": 0.09986872226, "var": 4.68065481982e-05, "mean": 0.00215254863724}, "spectral_entropy": {"dmean2": 0.415709882975, "median": 7.25794363022, "min": 3.45937657356, "dvar2": 0.200810387731, "dvar": 0.10613411665, "dmean": 0.298114329576, "max": 9.82262706757, "var": 0.820713341236, "mean": 7.17481708527}, "silence_rate_20dB": {"dmean2": 0.00281322211958, "median": 1, "min": 0, "dvar2": 0.00421170704067, "dvar": 0.0014044388663, "dmean": 0.00140646973159, "max": 1, "var": 0.000702655815985, "mean": 0.999296844006}, "melbands_flatness_db": {"dmean2": 0.0499080494046, "median": 0.233028322458, "min": 9.060094186e-08, "dvar2": 0.00280861952342, "dvar": 0.00158540846314, "dmean": 0.036280374974, "max": 0.882943928242, "var": 0.0192234255373, "mean": 0.264607906342}, "barkbands": {"dmean2": [0.000139470226713, 0.00811681244522, 0.00738790212199, 0.00215958547778, 0.00174448231701, 0.000486582604935, 0.000452810956631, 0.00121139572002, 0.0013838004088, 0.00082734238822, 0.000809057324659, 0.000540077628102, 0.000510440382641, 0.000535953848157, 0.000535414204933, 0.00080304016592, 0.000932399416342, 0.000333439442329, 0.000175658075023, 7.76473534643e-05, 6.01867905061e-05, 8.05984745966e-05, 0.000123930178233, 0.000242431589868, 0.000636696990114, 0.0016252292553, 0.000495185202453], "median": [5.04123499923e-06, 0.000974373309873, 0.000508162891492, 0.000194375374122, 0.00054023048142, 0.000134034096845, 9.94186120806e-05, 0.000126131679281, 0.000119239179185, 0.000101634344901, 7.43764467188e-05, 3.1938754546e-05, 4.44323195552e-05, 5.31691002834e-05, 7.26903599571e-05, 0.000102738194983, 0.000147080398165, 3.32686540787e-05, 2.76678692899e-05, 1.45196036101e-05, 1.21860684885e-05, 1.70850344148e-05, 6.9519282988e-06, 8.42523149913e-06, 5.03160163134e-06, 4.89755484523e-06, 4.736824053e-07], "min": [8.03952110161e-25, 3.5700046205e-24, 7.69201751906e-25, 1.97473479644e-24, 8.32441052613e-24, 1.071303086e-23, 1.29150571909e-23, 1.70885573644e-23, 8.66188364367e-24, 1.90663136953e-23, 1.29475432718e-23, 2.71362092944e-23, 3.77578174864e-23, 4.77735237053e-23, 5.68844948182e-23, 5.84999052473e-23, 1.09889573653e-22, 9.50415200989e-23, 1.29353321783e-22, 1.84829466383e-22, 2.29787684357e-22, 3.89891309097e-22, 3.96655646208e-22, 6.08971437288e-22, 9.75253717213e-22, 1.34564261768e-21, 1.99656479439e-21], "dvar2": [2.08709337812e-07, 0.00089619285427, 0.000991863082163, 8.71453376021e-05, 1.85481821973e-05, 1.30815237753e-06, 1.90886703422e-06, 1.24056659843e-05, 2.2780335712e-05, 5.81376843911e-06, 5.57498378839e-06, 7.06918672222e-06, 5.92072501604e-06, 3.60446369996e-06, 3.0022217743e-06, 8.57628219819e-06, 7.65577442507e-06, 1.7527363525e-06, 4.69438418804e-07, 1.01122573426e-07, 4.48125128116e-08, 4.84442459481e-08, 1.27378626757e-07, 4.02915247832e-07, 2.99531279779e-06, 2.1494772227e-05, 2.52529525824e-06], "dvar": [9.47394767081e-08, 0.000409634434618, 0.000347810564563, 2.99497824017e-05, 7.11577740731e-06, 5.47730621747e-07, 9.02921442503e-07, 5.28568125446e-06, 9.45484589465e-06, 2.36695632339e-06, 2.57699480244e-06, 3.87500313082e-06, 2.84768293568e-06, 1.50684172695e-06, 1.29694103634e-06, 3.74377418666e-06, 3.56468785867e-06, 7.58801036227e-07, 1.98222821268e-07, 4.22526582611e-08, 1.79755090812e-08, 2.24926193226e-08, 6.06784666957e-08, 1.92758420781e-07, 1.40762745104e-06, 9.58263990469e-06, 1.09904499368e-06], "dmean": [9.12327741389e-05, 0.0055018812418, 0.00452990923077, 0.00125115050469, 0.00109446642455, 0.000313731579809, 0.00028994466993, 0.00076415395597, 0.000888273352757, 0.000533399579581, 0.000530413701199, 0.000357831391739, 0.000338052719599, 0.000345056992956, 0.000339814054314, 0.000511236838065, 0.000603730382863, 0.000213740189793, 0.000110663168016, 4.93385487061e-05, 3.83676706406e-05, 5.34809696546e-05, 8.24709422886e-05, 0.000158848648425, 0.000408068124671, 0.00104030338116, 0.000315534387482], "max": [0.0072806426324, 0.306128621101, 0.310423463583, 0.0895202532411, 0.0511232092977, 0.0247255675495, 0.0359194725752, 0.0526349246502, 0.07