{"tonal": {"thpcp": [1, 0.552970707417, 0.123277716339, 0.207964837551, 0.145475000143, 0.167461037636, 0.296106249094, 0.190180361271, 0.208663761616, 0.347795903683, 0.191886007786, 0.322890847921, 0.621393561363, 0.358424842358, 0.377087026834, 0.672447264194, 0.36399769783, 0.338612735271, 0.684227645397, 0.403974711895, 0.262333899736, 0.504143536091, 0.283806413412, 0.266243308783, 0.470827907324, 0.238877251744, 0.301273524761, 0.542645335197, 0.289093375206, 0.210191950202, 0.339239180088, 0.186930567026, 0.213290214539, 0.369910091162, 0.226214230061, 0.516524553299], "hpcp": {"dmean2": [0.0970021113753, 0.0708183050156, 0.0632646009326, 0.07251521945, 0.0561845526099, 0.0515011847019, 0.0571601428092, 0.080102071166, 0.133589357138, 0.130394086242, 0.105142913759, 0.0431515239179, 0.0357485823333, 0.0366921834648, 0.0418304502964, 0.0493854880333, 0.0478899665177, 0.0558723956347, 0.0617205239832, 0.0561328567564, 0.0830197632313, 0.100234881043, 0.0925828665495, 0.074225731194, 0.0621217302978, 0.0656361654401, 0.0805921927094, 0.0854989513755, 0.0666005834937, 0.0608117878437, 0.0798621028662, 0.0545922592282, 0.0329049639404, 0.0345472693443, 0.0352899953723, 0.0646715983748], "median": [0.0161419976503, 0.0205385368317, 0.00753703899682, 0.00848361756653, 0.00704536773264, 0.00351160555147, 0.00364439096302, 0.00462801614776, 0.0648637935519, 0.114561952651, 0.063648737967, 0.00350067042746, 0.00215579173528, 0.00227267830633, 0.00249250885099, 0.0031376669649, 0.0049155424349, 0.00423014163971, 0.00356347323395, 0.00461220927536, 0.0129703162238, 0.01722638309, 0.0124494554475, 0.0067312316969, 0.00525529822335, 0.00616607256234, 0.00584983499721, 0.00572845805436, 0.00530447112396, 0.0166318137199, 0.0184971429408, 0.0117802256718, 0.00381892733276, 0.00205759890378, 0.00361967692152, 0.00999410543591], "min": [0, 0, 0, 0, 0, 0, 0, 0, 0, 0, 0, 0, 0, 0, 0, 0, 0, 0, 0, 0, 0, 0, 0, 0, 0, 0, 0, 0, 0, 0, 0, 0, 0, 0, 0, 0], "dvar2": [0.0424630343914, 0.0188377518207, 0.0223864763975, 0.0266197118908, 0.0200787391514, 0.0243296194822, 0.028968853876, 0.0410443209112, 0.0516796335578, 0.0630743727088, 0.034711766988, 0.013549101539, 0.0136175276712, 0.0144511405379, 0.0157856419683, 0.0214017983526, 0.0136956730857, 0.0188615415245, 0.0255149211735, 0.0198612492532, 0.0286769941449, 0.0501937530935, 0.0440033227205, 0.0350648537278, 0.0359535366297, 0.0264109969139, 0.0389395989478, 0.0420386940241, 0.0196980666369, 0.0143943121657, 0.0311233755201, 0.0132601857185, 0.0101174172014, 0.0123859178275, 0.0110159451142, 0.0185995437205], "dvar": [0.020357158035, 0.00789485685527, 0.00853253342211, 0.0129461260512, 0.00756869884208, 0.00960576999933, 0.0135887758806, 0.0155803225935, 0.0198898855597, 0.0284253023565, 0.0133922919631, 0.00500458991155, 0.00604577595368, 0.00582287181169, 0.0060121496208, 0.00983843859285, 0.00575058814138, 0.00723672518507, 0.0113266669214, 0.00739608332515, 0.0113550936803, 0.0234813094139, 0.0158790796995, 0.0127348946407, 0.0155219547451, 0.0100081022829, 0.0143444752321, 0.020405612886, 0.00878784991801, 0.00592255033553, 0.0156808272004, 0.00596402958035, 0.0039409706369, 0.0066580818966, 0.00428902590647, 0.00795815978199], "dmean": [0.064320936799, 0.0448035113513, 0.0386770628393, 0.0481108911335, 0.0350170060992, 0.0331189073622, 0.035921394825, 0.0468953475356, 0.0796739459038, 0.0823955461383, 0.0661319717765, 0.0247321240604, 0.0227710548788, 0.0230656526983, 0.025428449735, 0.0314383581281, 0.0294822789729, 0.0337929017842, 0.0394473671913, 0.0331369973719, 0.0511119812727, 0.0635354742408, 0.0548317469656, 0.0430958941579, 0.038253955543, 0.0387868918478, 0.0476710982621, 0.0547293871641, 0.0423460379243, 0.0373919531703, 0.051450945437, 0.0345021858811, 0.0211417954415, 0.0246728882194, 0.0224628001451, 0.0418206974864], "max": [1, 1, 1, 1, 1, 1, 1, 1, 1, 1, 1, 1, 1, 1, 1, 1, 1, 1, 1, 1, 1, 1, 1, 1, 1, 1, 1, 1, 1, 1, 1, 1, 1, 1, 1, 1], "var": [0.0801637619734, 0.0218424759805, 0.0186856426299, 0.0484511069953, 0.0155668500811, 0.0272761564702, 0.0752648413181, 0.0277416221797, 0.0427957847714, 0.148836418986, 0.0493974611163, 0.0103293787688, 0.0345849208534, 0.0186484735459, 0.0165728796273, 0.0481174215674, 0.0182764902711, 0.0185156296939, 0.0512618906796, 0.015602266416, 0.0306225083768, 0.11383728683, 0.0398768819869, 0.0425773561001, 0.139688432217, 0.0396736524999, 0.0335905328393, 0.132647126913, 0.0476154237986, 0.0206830892712, 0.0873161926866, 0.027548795566, 0.0300525650382, 0.0974579080939, 0.0231599248946, 0.0257166903466], "mean": [0.175546705723, 0.0935222133994, 0.0679974630475, 0.109744466841, 0.0604723617435, 0.0689997524023, 0.119666554034, 0.0731806978583, 0.167096585035, 0.323501735926, 0.178886979818, 0.0398805551231, 0.0672769844532, 0.0470614135265, 0.0541739352047, 0.0957908853889, 0.0615236759186, 0.0675030872226, 0.11251258105, 0.062075458467, 0.104455754161, 0.201021894813, 0.115951061249, 0.12198831141, 0.217537850142, 0.117753885686, 0.109541803598, 0.221348822117, 0.13068652153, 0.0848654732108, 0.163091301918, 0.0918118655682, 0.0861301720142, 0.152313649654, 0.0772772058845, 0.0974625125527]}, "tuning_equal_tempered_deviation": 0.00224651792087, "chords_changes_rate": 0.0452385880053, "key_key": "F", "tuning_diatonic_strength": 0.29907694459, "key_scale": "major", "chords_number_rate": 0.00392480893061, "tuning_frequency": 433.191070557, "tuning_nontempered_energy_ratio": 0.573021709919, "chords_histogram": [7.56042146683, 6.46560621262, 24.2098731995, 2.56145429611, 4.27597618103, 1.63189423084, 0.454451560974, 5.32947731018, 2.91262125969, 2.31357169151, 0.681677341461, 0, 3.2844452858, 3.20181775093, 1.59058046341, 0.185911998153, 2.47882676125, 11.38194561, 4.09006404877, 4.42057418823, 0.454451560974, 1.63189423084, 1.71452176571, 7.16794061661], "key_strength": 0.54973757267, "chords_key": "C", "chords_strength": {"dmean2": 0.00479399878532, "median": 0.453019171953, "min": -1, "dvar2": 0.000801279442385, "dvar": 0.000439508847194, "dmean": 0.0072081242688, "max": 0.675935804844, "var": 0.0359920933843, "mean": 0.441262573004}, "chords_scale": "major", "hpcp_entropy": {"dmean2": 0.501594603062, "median": 1.5955401659, "min": 0, "dvar2": 0.355686306953, "dvar": 0.143346980214, "dmean": 0.309387922287, "max": 3.92511534691, "var": 0.375990778208, "mean": 1.53116869926}}, "metadata": {"audio_properties": {"equal_loudness": 0, "codec": "flac", "downmix": "mix", "sample_rate": 44100, "analysis_sample_rate": 44100, "bit_rate": 0, "md5_encoded": "b9baa6ab86d3d0a30688df0a36c1d114", "length": 224.733337402, "replay_gain": -10.5319576263, "lossless": true}, "version": {"essentia_build_sha": "2d9f1f26377add8aeb1075a9c2973f962c4f09fd", "essentia": "2.1-beta2", "extractor": "music 1.0", "essentia_git_sha": "v2.1_beta2-1-ge3940c0"}, "tags": {"title": ["Improvisation"], "albumartist": ["Moondog"], "tracktotal": ["30"], "initialkey": ["C"], "releasetype": ["album", "compilation"], "musicbrainz_recordingid": ["0806fce4-a850-4c0b-a718-e95a6263b6f8"], "artistsort": ["Moondog"], "musicbrainz_releasegroupid": ["f22dff75-31bd-3f4c-b685-a7a15efe2d08"], "album": ["More Moondog / The Story Of Moondog"], "musicbrainz_albumartistid": ["0b8dff0b-ce42-4cc6-afd1-1841f7781ed4"], "musicbrainz_releasetrackid": ["900f156e-a6ad-302d-85f2-55d269e59379"], "discnumber": ["1"], "bpm": ["133"], "file_name": "20. Improvisation.flac", "date": ["1956"], "genre": ["Pop"], "musicip_puid": ["0a9965b5-eadf-3f26-d9d5-177a90e76305"], "musicbrainz_artistid": ["0b8dff0b-ce42-4cc6-afd1-1841f7781ed4"], "asin": ["B000000z7s"], "musicbrainz_albumid": ["71f63138-15a5-4671-ad0b-986e6e4253eb"], "artist": ["Moondog"], "disctotal": ["1"], "tracknumber": ["20"], "albumartistsort": ["Moondog"], "acoustid_id": ["5c4b3d56-a4ae-4902-8f51-0c1ea5c947a3"], "script": ["Latn"], "releasestatus": ["official"]}}, "rhythm": {"bpm_histogram_first_peak_bpm": {"dmean2": 0, "median": 144, "min": 144, "dvar2": 0, "dvar": 0, "dmean": 0, "max": 144, "var": 0, "mean": 144}, "bpm": 144.220870972, "bpm_histogram_second_peak_spread": {"dmean2": 0, "median": 0.592233002186, "min": 0.592233002186, "dvar2": 0, "dvar": 0, "dmean": 0, "max": 0.592233002186, "var": 0, "mean": 0.592233002186}, "bpm_histogram_first_peak_weight": {"dmean2": 0, "median": 0.0896130353212, "min": 0.0896130353212, "dvar2": 0, "dvar": 0, "dmean": 0, "max": 0.0896130353212, "var": 0, "mean": 0.0896130353212}, "onset_rate": 1.42382991314, "beats_position": [0.603718817234, 1.21904754639, 1.83437633514, 2.4497051239, 3.07664394379, 3.70358276367, 4.31891155243, 4.87619018555, 5.4334692955, 6.025578022, 6.59446716309, 7.16335582733, 7.73224496841, 8.33596324921, 8.91646194458, 9.49696159363, 10.077460289, 10.6579589844, 11.2268476486, 11.7957363129, 12.2601356506, 12.7245349884, 13.2005443573, 13.6068935394, 14.0016326904, 14.3963718414, 14.8027210236, 15.2090702057, 15.6154193878, 16.0101585388, 16.4048976898, 16.7996368408, 17.2059860229, 17.6355552673, 17.995464325, 18.3553733826, 18.7152824402, 19.0635814667, 19.4118824005, 19.7369613647, 20.062040329, 20.3871192932, 20.7121982574, 21.037279129, 21.3507480621, 21.6758270264, 21.9892959595, 22.3608150482, 22.7555541992, 23.1502952576, 23.5566444397, 23.9978218079, 24.4390010834, 24.8801803589, 25.3329696655, 25.774148941, 26.2153282166, 26.6565074921, 27.0976867676, 27.5156459808, 27.9336051941, 28.3515644073, 28.7579135895, 29.1642627716, 29.5706119537, 30.081451416, 30.5806789398, 31.0566883087, 31.5443077087, 32.0435371399, 32.5543746948, 33.0419960022, 33.5528335571, 34.0752830505, 34.6093406677, 35.1201820374, 35.6426315308, 36.1418571472, 36.6410865784, 37.1403160095, 37.5931053162, 38.0458946228, 38.4870758057, 38.9398651123, 39.4042625427, 39.8570518494, 40.309841156, 40.7626304626, 41.2270278931, 41.703037262, 42.1674385071, 42.6318359375, 43.1078453064, 43.560634613, 44.0134239197, 44.4662132263, 44.919002533, 45.3717918396, 45.83618927, 46.2889785767, 46.7417678833, 47.1829452515, 47.6357345581, 48.076915741, 48.5297050476, 48.994102478, 49.4120635986, 49.8068008423, 50.2015419006, 50.5962791443, 51.0026283264, 51.420589447, 51.8269386292, 52.2681159973, 52.7092971802, 53.1504745483, 53.661315918, 54.1605415344, 54.6713829041, 55.182220459, 55.6930618286, 56.2038993835, 56.6799087524, 57.1675262451, 57.643535614, 58.1195449829, 58.583946228, 59.0483436584, 59.4546928406, 59.8610420227, 60.2673912048, 60.6621322632, 61.0684814453, 61.463218689, 61.8579597473, 62.2643089294, 62.6706581116, 63.0770072937, 63.4717445374, 63.8780937195, 64.2844467163, 64.67918396, 65.0855331421, 65.5034942627, 65.9214477539, 66.3394088745, 66.7573699951, 67.1288909912, 67.5004043579, 67.8603134155, 68.2318344116, 68.6497955322, 69.0793609619, 69.4973220825, 69.9152832031, 70.3332443237, 70.7511978149, 71.1691589355, 71.5871200562, 72.0050811768, 72.423034668, 72.8642196655, 73.3053970337, 73.7581863403, 74.1993637085, 74.5941009521, 74.9888458252, 75.3835830688, 75.7783203125, 76.1382293701, 76.4981384277, 76.8580474854, 77.217956543, 77.5778656006, 77.9493865967, 78.3209075928, 78.6924285889, 79.040725708, 79.3890228271, 79.7373199463, 80.0856246948, 80.4455337524, 80.8054428101, 81.1653518677, 81.5252609253, 81.9780502319, 82.4308395386, 82.8836288452, 83.3364181519, 83.7892074585, 84.2419967651, 84.6947860718, 85.1011352539, 85.5190887451, 85.9254379272, 86.2969589233, 86.656867981, 87.0283889771, 87.4115142822, 87.7946472168, 88.1661682129, 88.514465332, 88.8627624512, 89.2110671997, 89.5593643188, 89.907661438, 90.244354248, 90.5810394287, 90.8829040527, 91.1963729858, 91.5330581665, 91.8581390381, 92.1716079712, 92.4850769043, 92.8217697144, 93.181678772, 93.6460723877, 94.1569137573, 94.667755127, 95.2018127441, 95.7358703613, 96.2699279785, 96.8155975342, 97.3612670898, 97.9069366455, 98.4526062012, 98.9982757568, 99.5207214355, 100.019950867, 100.542404175, 101.111289978, 101.680175781, 102.237457275, 102.759910583, 103.282356262, 103.793197632, 104.292427063, 104.803260803, 105.302490234, 105.743675232, 106.1848526, 106.626029968, 107.078819275, 107.531608582, 107.97278595, 108.413963318, 108.855148315, 109.296325684, 109.725891113, 110.190292358, 110.643081665, 111.10748291, 111.560272217, 112.013061523, 112.46585083, 112.988296509, 113.510749817, 114.033195496, 114.544036865, 115.066482544, 115.588935852, 116.122993469, 116.657051086, 117.202720642, 117.759994507, 118.317276001, 118.874557495, 119.362174988, 119.84979248, 120.337409973, 120.836639404, 121.335868835, 121.823486328, 122.31111145, 122.810340881, 123.297958374, 123.773963928, 124.273193359, 124.760810852, 125.248435974, 125.747665405, 126.246894836, 126.757728577, 127.268569946, 127.779411316, 128.243804932, 128.731430054, 129.207427979, 129.671829224, 130.136230469, 130.600631714, 130.983764648, 131.366897583, 131.73840332, 132.098312378, 132.481445313, 132.864578247, 133.236099243, 133.607620239, 134.002349854, 134.385482788, 134.7918396, 135.186569214, 135.662582397, 136.126983643, 136.602996826, 137.078994751, 137.543395996, 137.996185303, 138.437362671, 138.878540039, 139.319732666, 139.760910034, 140.225296021, 140.678085327, 141.142486572, 141.572067261, 141.978408813, 142.384765625, 142.802719116, 143.220672607, 143.650253296, 144.068206787, 144.47454834, 144.89251709, 145.298858643, 145.705215454, 146.099945068, 146.494689941, 146.889434814, 147.295776367, 147.702133179, 148.108474731, 148.503219604, 148.886352539, 149.269470215, 149.652603149, 150.047348022, 150.465301514, 150.894866943, 151.312835693, 151.730789185, 152.148742676, 152.566711426, 152.996276855, 153.437454224, 153.855422974, 154.250152588, 154.668121338, 155.086074829, 155.50402832, 155.933609009, 156.386398315, 156.827575684, 157.268753052, 157.721542358, 158.174331665, 158.627120972, 159.079910278, 159.532699585, 159.985488892, 160.42666626, 160.891067505, 161.35546875, 161.819854736, 162.284255981, 162.748657227, 163.213058472, 163.689071655, 164.16506958, 164.641082764, 165.105484009, 165.569885254, 166.045898438, 166.521896362, 166.986297607, 167.462310791, 167.926712036, 168.391113281, 168.855514526, 169.319900513, 169.784301758, 170.248703003, 170.713104248, 171.177505493, 171.641906738, 172.094696045, 172.55909729, 173.023483276, 173.487884521, 174.0103302, 174.532791138, 175.043624878, 175.566070557, 176.076919556, 176.599365234, 177.121810913, 177.644256592, 178.166702271, 178.654327393, 179.141952515, 179.629562378, 180.152008057, 180.686080933, 181.22013855, 181.800628662, 182.381134033, 182.903579712, 183.426025391, 183.948471069, 184.459320068, 184.970153809, 185.480987549, 185.910568237, 186.340133667, 186.758087158, 187.187667847, 187.617233276, 188.035186768, 188.453155518, 188.882720947, 189.312286377, 189.753463745, 190.194641113, 190.635818481, 191.07699585, 191.518188477, 191.947753906, 192.377319336, 192.818496704, 193.248062134, 193.677642822, 194.11882019, 194.54838562, 194.954742432, 195.349472046, 195.73260498, 196.115737915, 196.510467529, 196.893600464, 197.276733398, 197.683074951, 198.089431763, 198.507385254, 198.925354004, 199.343307495, 199.761260986, 200.179229736, 200.597183228, 201.015136719, 201.433105469, 201.85105896, 202.28062439, 202.721817017, 203.162994385, 203.685440063, 204.207885742, 204.730331421, 205.32244873, 205.914550781, 206.518280029, 207.121994019, 207.714096069, 208.306213379, 208.89831543, 209.490432739, 210.070922852, 210.663040161, 211.208709717, 211.754379272, 212.300048828, 212.845703125, 213.391372681, 213.937042236, 214.529159546, 215.121261597, 215.724990845, 216.328704834, 216.932418823, 217.536148071, 218.139862061, 218.74357605, 219.347290039, 219.939407349, 220.531509399, 221.123626709, 221.599639893, 222.075637817, 222.551651001, 223.039276123, 223.526885986, 224.014511108], "beats_loudness": {"dmean2": 0.0264106560498, "median": 0.0210621096194, "min": 0, "dvar2": 0.000895337609109, "dvar": 0.000309931550873, "dmean": 0.0153871141374, "max": 0.114172108471, "var": 0.000580854772124, "mean": 0.0254273712635}, "danceability": 0.887820839882, "bpm_histogram_second_peak_weight": {"dmean2": 0, "median": 0.0855397135019, "min": 0.0855397135019, "dvar2": 0, "dvar": 0, "dmean": 0, "max": 0.0855397135019, "var": 0, "mean": 0.0855397135019}, "beats_count": 492, "bpm_histogram_second_peak_bpm": {"dmean2": 0, "median": 129, "min": 129, "dvar2": 0, "dvar": 0, "dmean": 0, "max": 129, "var": 0, "mean": 129}, "bpm_histogram_first_peak_spread": {"dmean2": 0, "median": 0.555555582047, "min": 0.555555582047, "dvar2": 0, "dvar": 0, "dmean": 0, "max": 0.555555582047, "var": 0, "mean": 0.555555582047}, "beats_loudness_band_ratio": {"dmean2": [0.0786002576351, 0.268548369408, 0.255824059248, 0.0745351687074, 0.00992754567415, 0.00492202863097], "median": [0.0110530266538, 0.653804063797, 0.23865622282, 0.0321964360774, 0.00223301607184, 6.15284880041e-05], "min": [0, 0, 0, 0, 0, 0], "dvar2": [0.0178767479956, 0.0587797574699, 0.0574318952858, 0.0141189265996, 0.00122235016897, 0.000609587470535], "dvar": [0.00789786782116, 0.0225562658161, 0.0216259416193, 0.00557750603184, 0.000415165617596, 0.000254642247455], "dmean": [0.0477553978562, 0.154601112008, 0.151343613863, 0.0444995909929, 0.00566766224802, 0.00278334785253], "max": [0.999685525894, 0.969359278679, 0.980090260506, 0.929098963737, 0.297462046146, 0.254446327686], "var": [0.0202511046082, 0.0629673227668, 0.0479167848825, 0.0109408330172, 0.000594989571255, 0.000503321236465], "mean": [0.078560590744, 0.603702008724, 0.297645509243, 0.065472625196, 0.00692744040862, 0.00383715843782]}}, "lowlevel": {"barkbands_spread": {"dmean2": 1.23135888577, "median": 2.55488824844, "min": 0.239389017224, "dvar2": 20.0314159393, "dvar": 9.8638420105, "dmean": 0.778921544552, "max": 128.925537109, "var": 101.334228516, "mean": 4.64211702347}, "melbands_spread": {"dmean2": 1.56001746655, "median": 3.46599197388, "min": 0.076830111444, "dvar2": 18.4078063965, "dvar": 8.03054046631, "dmean": 0.992372453213, "max": 168.898223877, "var": 254.634689331, "mean": 6.42348957062}, "hfc": {"dmean2": 2.30549097061, "median": 5.03299713135, "min": 1.09356354091e-16, "dvar2": 18.4365005493, "dvar": 9.56997966766, "dmean": 1.59882688522, "max": 60.8092460632, "var": 65.8609466553, "mean": 7.50109291077}, "barkbands_kurtosis": {"dmean2": 7.21605539322, "median": 10.8702039719, "min": -1.83007586002, "dvar2": 1464.95275879, "dvar": 516.86730957, "dmean": 4.69546747208, "max": 1704.10717773, "var": 1052.55664063, "mean": 21.5686435699}, "gfcc": {"mean": [-207.401000977, 151.430908203, -83.7959136963, -66.5943145752, -62.1039848328, -26.4203643799, -49.1423797607, -14.3932914734, -20.2454109192, -3.76894903183, -10.1943330765, 1.26752829552, -5.89250087738], "icov": [[0.000552457524464, -0.00142055889592, 0.00176442356315, -0.00179952662438, 0.00260791601613, -0.00171766639687, 0.00171001651324, -0.00179464532994, 0.00163643131964, -0.00157999875955, 0.00154489476699, -0.000725701625925, -9.07768044272e-05], [-0.00142055889592, 0.00540826283395, -0.00605334527791, 0.00803809333593, -0.00810879375786, 0.00446868315339, -0.00197374355048, 0.00298114796169, -0.00228441064246, 0.00578272109851, -0.00562923122197, 0.00473961932585, 0.000156831811182], [0.00176442356315, -0.00605334527791, 0.0145629914477, -0.0186379887164, 0.0191382914782, -0.00909822434187, -0.00190568959806, 0.00978722330183, -0.00964547879994, 0.00412662187591, 0.00237296638079, -0.00341399642639, 0.00103645154741], [-0.00179952662438, 0.00803809333593, -0.0186379887164, 0.0295191835612, -0.0285248793662, 0.0169075243175, -0.000636552053038, -0.0136774601415, 0.0212907865644, -0.014394431375, 0.00722730904818, -0.00115913467016, 0.00260281842202], [0.00260791601613, -0.00810879375786, 0.0191382914782, -0.0285248793662, 0.0402894839644, -0.0285104122013, 0.011282324791, 0.00571706239134, -0.022470433265, 0.0266686044633, -0.0196642167866, 0.0144032975659, -0.00769599620253], [-0.00171766639687, 0.00446868315339, -0.00909822434187, 0.0169075243175, -0.0285104122013, 0.0393976792693, -0.0323113538325, 0.01648914814, 0.00673212995753, -0.0246334522963, 0.0321527086198, -0.0243577454239, 0.0158083252609], [0.00171001651324, -0.00197374355048, -0.00190568959806, -0.000636552053038, 0.011282324791, -0.0323113538325, 0.0514157861471, -0.0468913838267, 0.0218952465802, 0.00278144539334, -0.0224436800927, 0.0267886798829, -0.0183886457235], [-0.00179464532994, 0.00298114796169, 0.00978722330183, -0.0136774601415, 0.00571706239134, 0.01648914814, -0.0468913838267, 0.0702525004745, -0.0527596026659, 0.0248206313699, 0.0038060687948, -0.0185193382204, 0.0203100088984], [0.00163643131964, -0.00228441064246, -0.00964547879994, 0.0212907865644, -0.022470433265, 0.00673212995753, 0.0218952465802, -0.0527596026659, 0.0753308907151, -0.0544797331095, 0.0238039642572, -0.00398786226287, -0.0082603385672], [-0.00157999875955, 0.00578272109851, 0.00412662187591, -0.014394431375, 0.0266686044633, -0.0246334522963, 0.00278144539334, 0.0248206313699, -0.0544797331095, 0.0749468207359, -0.0564559027553, 0.0284413639456, -0.00419439934194], [0.00154489476699, -0.00562923122197, 0.00237296638079, 0.00722730904818, -0.0196642167866, 0.0321527086198, -0.0224436800927, 0.0038060687948, 0.0238039642572, -0.0564559027553, 0.0780379474163, -0.0583718381822, 0.0237212199718], [-0.000725701625925, 0.00473961932585, -0.00341399642639, -0.00115913467016, 0.0144032975659, -0.0243577454239, 0.0267886798829, -0.0185193382204, -0.00398786226287, 0.0284413639456, -0.0583718381822, 0.0710506588221, -0.0339437276125], [-9.07768044272e-05, 0.000156831811182, 0.00103645154741, 0.00260281842202, -0.00769599620253, 0.0158083252609, -0.0183886457235, 0.0203100088984, -0.0082603385672, -0.00419439934194, 0.0237212199718, -0.0339437276125, 0.0313866771758]], "cov": [[18816.1464844, 5469.22607422, -2648.84326172, -2290.02563477, -511.656951904, -836.656860352, -1317.4720459, -604.68548584, -386.078033447, -560.690917969, -224.908309937, -127.006095886, 75.9066009521], [5469.22607422, 2837.33642578, -801.261535645, -871.189575195, 129.87310791, -331.352996826, -580.043701172, -405.689758301, -194.931686401, -427.763885498, -160.805404663, -150.457214355, 72.116645813], [-2648.84326172, -801.261535645, 1303.25085449, 756.59387207, -141.422744751, 192.637405396, 247.071517944, -3.18165302277, -77.9166717529, 71.9192657471, -94.0869140625, -51.0430488586, -89.3134231567], [-2290.02563477, -871.189575195, 756.59387207, 691.622314453, 60.1177024841, 157.99105835, 233.16003418, 96.514251709, -31.6390609741, 45.3765640259, -59.6666183472, -47.3419837952, -83.6605911255], [-511.656951904, 129.87310791, -141.422744751, 60.1177024841, 321.046691895, 103.679550171, 34.7929420471, 12.9930677414, 6.61520004272, -101.872680664, -61.2830810547, -71.3813323975, -6.72012853622], [-836.656860352, -331.352996826, 192.637405396, 157.99105835, 103.679550171, 291.942169189, 225.116149902, 77.7895965576, 17.9070663452, 35.8770751953, -62.4709434509, -54.8858795166, -62.9290008545], [-1317.4720459, -580.043701172, 247.071517944, 233.16003418, 34.7929420471, 225.116149902, 304.825073242, 170.443389893, 47.1760559082, 76.3176422119, -6.46204900742, -21.8853626251, -61.1308097839], [-604.68548584, -405.689758301, -3.18165302277, 96.514251709, 12.9930677414, 77.7895965576, 170.443389893, 181.980194092, 85.3628997803, 71.1783294678, 33.6166419983, 14.8557186127, -38.8762130737], [-386.078033447, -194.931686401, -77.9166717529, -31.6390609741, 6.61520004272, 17.9070663452, 47.1760559082, 85.3628997803, 109.689186096, 89.4112091064, 57.9560585022, 33.7441596985, 3.56695342064], [-560.690917969, -427.763885498, 71.9192657471, 45.3765640259, -101.872680664, 35.8770751953, 76.3176422119, 71.1783294678, 89.4112091064, 184.042358398, 110.912841797, 64.6558151245, -15.7931880951], [-224.908309937, -160.805404663, -94.0869140625, -59.6666183472, -61.2830810547, -62.4709434509, -6.46204900742, 33.6166419983, 57.9560585022, 110.912841797, 149.40788269, 96.6974105835, 20.8383808136], [-127.006095886, -150.457214355, -51.0430488586, -47.3419837952, -71.3813323975, -54.8858795166, -21.8853626251, 14.8557186127, 33.7441596985, 64.6558151245, 96.6974105835, 110.210998535, 57.3318710327], [75.9066009521, 72.116645813, -89.3134231567, -83.6605911255, -6.72012853622, -62.9290008545, -61.1308097839, -38.8762130737, 3.56695342064, -15.7931880951, 20.8383808136, 57.3318710327, 106.077400208]]}, "spectral_energyband_middle_low": {"dmean2": 0.00604525953531, "median": 0.0113206449896, "min": 1.82127573606e-22, "dvar2": 9.74222202785e-05, "dvar": 4.65501543658e-05, "dmean": 0.00399736501276, "max": 0.113724395633, "var": 0.000344519357895, "mean": 0.0172971114516}, "melbands_crest": {"dmean2": 3.19162368774, "median": 15.4659585953, "min": 1.5129622221, "dvar2": 12.3210659027, "dvar": 4.61367177963, "dmean": 1.93766832352, "max": 39.8699531555, "var": 26.3178081512, "mean": 15.7946405411}, "spectral_kurtosis": {"dmean2": 21.1785068512, "median": 62.5302886963, "min": -1.37836706638, "dvar2": 586.59588623, "dvar": 207.150283813, "dmean": 12.535569191, "max": 181.692169189, "var": 1527.9251709, "mean": 62.8936386108}, "spectral_rms": {"dmean2": 0.000584608642384, "median": 0.00350547861308, "min": 3.1129734207e-12, "dvar2": 6.95844960319e-07, "dvar": 3.56893423259e-07, "dmean": 0.000395091279643, "max": 0.0105771208182, "var": 5.76694674237e-06, "mean": 0.00352276489139}, "zerocrossingrate": {"dmean2": 0.00417470885441, "median": 0.02099609375, "min": 0.005859375, "dvar2": 6.44890969852e-05, "dvar": 5.01957256347e-05, "dmean": 0.00313248648308, "max": 0.529296875, "var": 0.00413706619292, "mean": 0.0351855568588}, "silence_rate_60dB": {"dmean2": 0.0285182893276, "median": 0, "min": 0, "dvar2": 0.0308051072061, "dvar": 0.0140551608056, "dmean": 0.0142576713115, "max": 1, "var": 0.223328068852, "mean": 0.336673557758}, "erbbands_kurtosis": {"dmean2": 2.53117775917, "median": 2.94830846786, "min": -1.643232584, "dvar2": 16.6159667969, "dvar": 8.08459758759, "dmean": 1.70669209957, "max": 114.207702637, "var": 128.2265625, "mean": 7.0138130188}, "erbbands": {"dmean2": [0.000290086667519, 0.00920633319765, 0.100793108344, 0.83663380146, 2.12466955185, 14.0988521576, 17.4227333069, 40.2683448792, 24.5560340881, 15.1570415497, 10.5943069458, 6.53174829483, 11.8488512039, 11.6959781647, 5.38378095627, 2.0005671978, 2.50214624405, 2.55669355392, 2.27757692337, 0.750931680202, 0.79642701149, 0.161562353373, 0.0678735747933, 0.0563772879541, 0.0101838344708, 0.00408521806821, 0.00211276696064, 0.00125214387663, 0.000928501365706, 0.000757675326895, 0.000630445720162, 0.000529755023308, 0.000439097755589, 0.000355586555088, 0.000270800606813, 0.000186435310752, 0.000113555965072, 5.3584586567e-05, 1.69494578586e-05, 7.58088935982e-06], "median": [7.92141872807e-05, 0.00120387994684, 0.0126982815564, 0.100120410323, 0.862047314644, 3.19371938705, 12.9185600281, 20.9514007568, 19.4851303101, 13.8024978638, 5.84676742554, 5.29189252853, 5.70663738251, 5.01187801361, 2.82920312881, 1.17069280148, 1.15674209595, 1.12485730648, 0.697432339191, 0.283398777246, 0.133525520563, 0.0523377545178, 0.0246141366661, 0.0126366969198, 0.00488763395697, 0.0035301761236, 0.00269686570391, 0.0022509356495, 0.00188644393347, 0.00168110127561, 0.0015015671961, 0.00132771977223, 0.00115190097131, 0.000994539121166, 0.000806832686067, 0.000581066356972, 0.000354978488758, 0.000173658583662, 6.39727513772e-05, 1.85816570593e-05], "min": [1.07436582269e-22, 2.59400083857e-22, 2.16703347082e-21, 5.19790280288e-21, 1.68561992809e-20, 2.9678157935e-20, 5.17240819167e-20, 8.38485328093e-20, 5.84419840251e-20, 9.08818556874e-20, 3.14536280953e-19, 3.84600598487e-19, 3.82336863644e-19, 8.94315935236e-19, 8.30457798742e-19, 1.16524777794e-18, 1.46499001119e-18, 1.67857187106e-18, 2.16665134246e-18, 3.00675479093e-18, 3.61499847972e-18, 4.24426372301e-18, 5.38693226196e-18, 5.34976538268e-18, 6.11743779478e-18, 7.74602944868e-18, 9.36545883651e-18, 7.61399322494e-18, 1.02784710181e-17, 9.05872454895e-18, 1.10874280146e-17, 1.19085007255e-17, 1.00005929263e-17, 8.3930848654e-18, 6.91248244054e-18, 4.10202133128e-18, 2.22555156516e-18, 9.60472289665e-19, 2.47203081158e-19, 2.78287856493e-20], "dvar2": [1.09585846531e-06, 0.00148860819172, 0.0957345217466, 7.39264059067, 22.0195083618, 932.196716309, 1141.96887207, 7688.49121094, 2443.82836914, 859.931884766, 1005.18927002, 340.280426025, 2246.09912109, 2922.3996582, 512.995849609, 230.187637329, 276.703979492, 457.291381836, 864.321594238, 54.5587272644, 10.2878761292, 0.372600585222, 0.0679776966572, 0.0464819036424, 0.0017559240805, 0.000565318448935, 3.33375501214e-05, 4.2343763198e-06, 1.3781564121e-06, 5.95284689098e-07, 3.394962107e-07, 2.46054270292e-07, 1.64774590417e-07, 1.08653409825e-07, 6.13665207538e-08, 3.20199191606e-08, 1.42818450399e-08, 4.15205558824e-09, 4.90554097343e-10, 1.25815691199e-10], "dvar": [5.74253192553e-07, 0.000908129499294, 0.0456380620599, 2.66560554504, 7.77850484848, 405.115081787, 516.471435547, 3700.99584961, 881.26739502, 408.661773682, 495.447357178, 212.017150879, 1343.61535645, 1412.01672363, 359.798980713, 90.611869812, 140.500457764, 253.341094971, 321.650756836, 22.3520412445, 3.63188147545, 0.163503929973, 0.0314146839082, 0.0243088491261, 0.000753067317419, 0.000242754103965, 1.33506800921e-05, 1.63047400292e-06, 5.16416264418e-07, 2.16719115542e-07, 1.17989266357e-07, 8.46596535098e-08, 5.68890357044e-08, 3.64666981056e-08, 2.14081463668e-08, 1.09885336386e-08, 4.9315360684e-09, 1.4216922084e-09, 1.69111391557e-10, 6.18463821822e-11], "dmean": [0.000182076837518, 0.00603733956814, 0.06503546983, 0.492071837187, 1.29355466366, 9.10071754456, 11.488237381, 25.8581771851, 15.1566038132, 9.85777664185, 7.26446771622, 4.8587436676, 9.41897201538, 8.44375896454, 4.42332649231, 1.36812090874, 1.61209416389, 1.73639285564, 1.4460054636, 0.485819101334, 0.465267509222, 0.103344894946, 0.0450267158449, 0.0396911092103, 0.00666511617601, 0.00260142213665, 0.00128495751414, 0.00074965658132, 0.000548883806914, 0.000446872931207, 0.000371854490368, 0.000308908172883, 0.000254275015322, 0.000206957498449, 0.000158166876645, 0.000108630898467, 6.63540195092e-05, 3.15100623993e-05, 1.01089826785e-05, 5.01296290167e-06], "max": [0.0586455650628, 2.29670286179, 9.73881626129, 52.5453605652, 62.1546096802, 312.266204834, 375.95513916, 1269.63452148, 703.257507324, 1025.63952637, 844.793273926, 821.872375488, 2062.99316406, 1226.58374023, 1045.92883301, 678.442626953, 1027.02868652, 1360.52307129, 1081.37939453, 252.691833496, 64.3998184204, 16.4214572906, 6.00767230988, 4.9541759491, 1.09071063995, 1.12611424923, 0.174471870065, 0.0586855299771, 0.0289443843067, 0.0146197667345, 0.00636435998604, 0.00527226179838, 0.00562381418422, 0.00420927908272, 0.00345975370146, 0.00272136717103, 0.00214708223939, 0.00144711905159, 0.000531502533704, 0.000132033514092], "var": [3.10739733322e-06, 0.005197214894, 0.387365758419, 10.0080881119, 26.118139267, 1388.92431641, 2253.83349609, 18721.6757813, 3934.58544922, 2073.74389648, 2239.74047852, 940.872802734, 4418.52294922, 2313.54980469, 2254.47973633, 130.697921753, 224.409942627, 370.525085449, 298.626922607, 30.543970108, 7.49796295166, 0.554142773151, 0.0919804349542, 0.100921288133, 0.00187661021482, 0.000327827001456, 2.18623517867e-05, 2.47894604399e-06, 9.13809287795e-07, 5.56830514142e-07, 3.8890695464e-07, 2.94991679084e-07, 2.24101569302e-07, 1.59483889206e-07, 1.06368460706e-07, 6.23044726922e-08, 2.86420807072e-08, 8.51362358389e-09, 7.16963155512e-10, 4.32041541432e-10], "mean": [0.000407450337661, 0.014259904623, 0.163600713015, 0.958038389683, 2.94883584976, 20.8943710327, 34.4048538208, 79.1147842407, 44.446182251, 28.1140365601, 21.7054100037, 14.7598781586, 23.0202274323, 18.3460292816, 12.5112857819, 3.57509756088, 3.29805970192, 3.82623815536, 2.92231273651, 1.13256978989, 0.909343898296, 0.276085972786, 0.121236667037, 0.108617648482, 0.0179000422359, 0.00661781383678, 0.00362185575068, 0.0024929153733, 0.00200825394131, 0.00178539811168, 0.00158354733139, 0.00140120531432, 0.00122360640671, 0.00105271942448, 0.000851112767123, 0.000618298712652, 0.00038535517524, 0.000191144106793, 6.70278386679e-05, 2.54764545389e-05]}, "spectral_strongpeak": {"dmean2": 0.519127249718, "median": 0.705899596214, "min": 0, "dvar2": 0.481298148632, "dvar": 0.183712005615, "dmean": 0.307904332876, "max": 6.59291028976, "var": 0.681355834007, "mean": 0.927201509476}, "spectral_energy": {"dmean2": 0.00623770058155, "median": 0.0125955883414, "min": 9.93286799827e-21, "dvar2": 0.000105499493657, "dvar": 5.16210966452e-05, "dmean": 0.00418883981183, "max": 0.114672370255, "var": 0.00038496759953, "mean": 0.0186312198639}, "average_loudness": 0.306909382343, "spectral_rolloff": {"dmean2": 157.074966431, "median": 473.73046875, "min": 21.533203125, "dvar2": 621183, "dvar": 286065.4375, "dmean": 93.4685897827, "max": 19638.28125, "var": 6018251, "mean": 922.60534668}, "spectral_centroid": {"dmean2": 51.2083091736, "median": 402.758148193, "min": 127.423858643, "dvar2": 38994.7695313, "dvar": 20410.1132813, "dmean": 32.9504356384, "max": 12174.2685547, "var": 1601191.125, "mean": 605.526672363}, "pitch_salience": {"dmean2": 0.0790867805481, "median": 0.582505524158, "min": 0.00763372471556, "dvar2": 0.00687021994963, "dvar": 0.00262826797552, "dmean": 0.0484997220337, "max": 0.885376036167, "var": 0.0175209585577, "mean": 0.56386333704}, "spectral_energyband_middle_high": {"dmean2": 0.000555994571187, "median": 0.000427733728429, "min": 1.06322536491e-21, "dvar2": 5.31202522325e-06, "dvar": 2.64590494226e-06, "dmean": 0.000409942120314, "max": 0.0464007481933, "var": 6.53537517792e-06, "mean": 0.00115598132834}, "spectral_contrast_coeffs": {"dmean2": [0.067726187408, 0.053924061358, 0.0423712134361, 0.0362147428095, 0.0216981768608, 0.0137725090608], "median": [-0.514376044273, -0.663280427456, -0.716192126274, -0.759644389153, -0.836629748344, -0.870195388794], "min": [-0.982650756836, -0.982402265072, -0.975842654705, -0.973733842373, -0.968309342861, -0.965063035488], "dvar2": [0.0033705632668, 0.00245838146657, 0.00154112128075, 0.00096355919959, 0.000355618918547, 0.000121595236124], "dvar": [0.00128994358238, 0.000954081711825, 0.000642517581582, 0.000368492823327, 0.000146168022184, 4.29547435488e-05], "dmean": [0.0409434773028, 0.0327924378216, 0.026528114453, 0.0218462217599, 0.0130796441808, 0.00809461064637], "max": [-0.199413388968, -0.299466609955, -0.375389695168, -0.545965731144, -0.653862774372, -0.79084199667], "var": [0.0252381302416, 0.0109543288127, 0.00568018294871, 0.00461147865281, 0.00354028213769, 0.000206458207686], "mean": [-0.536350846291, -0.66337788105, -0.718195259571, -0.768969237804, -0.83211016655, -0.870592474937]}, "melbands_skewness": {"dmean2": 0.595452785492, "median": 1.9691464901, "min": -4.96974992752, "dvar2": 2.84566426277, "dvar": 1.07857298851, "dmean": 0.384844958782, "max": 84.53099823, "var": 2.43107914925, "mean": 2.10927200317}, "spectral_spread": {"dmean2": 343872.125, "median": 1197755, "min": 515606.53125, "dvar2": 770492334080, "dvar": 346999521280, "dmean": 205173.625, "max": 51326520, "var": 24248898814000.0, "mean": 2604041}, "dissonance": {"dmean2": 0.0628359243274, "median": 0.393357992172, "min": 0.0724543482065, "dvar2": 0.00348249380477, "dvar": 0.00127879774664, "dmean": 0.0372268892825, "max": 0.500000238419, "var": 0.00390693591908, "mean": 0.386551946402}, "spectral_skewness": {"dmean2": 1.05805516243, "median": 6.08799552917, "min": -0.130876168609, "dvar2": 1.25858771801, "dvar": 0.44497898221, "dmean": 0.625977814198, "max": 11.0670289993, "var": 4.34693813324, "mean": 5.91975784302}, "spectral_flux": {"dmean2": 0.0214172527194, "median": 0.026372987777, "min": 6.29729879353e-11, "dvar2": 0.00113500421867, "dvar": 0.000468379555969, "dmean": 0.0133395902812, "max": 0.275029927492, "var": 0.00118304567877, "mean": 0.0351360701025}, "spectral_contrast_valleys": {"dmean2": [0.681312382221, 0.428412914276, 0.431858778, 0.376813948154, 0.243800446391, 0.154083609581], "median": [-9.73772239685, -6.87237644196, -8.44815254211, -9.6641368866, -10.765668869, -12.8220310211], "min": [-28.0784950256, -28.1112289429, -27.905796051, -27.669298172, -27.5485744476, -27.5263328552], "dvar2": [0.310357391834, 0.176869168878, 0.189222738147, 0.13815395534, 0.061008259654, 0.0314243547618], "dvar": [0.123530581594, 0.0865578949451, 0.0942257866263, 0.0693062394857, 0.0330713875592, 0.0179814733565], "dmean": [0.409263581038, 0.264552623034, 0.267445683479, 0.233411207795, 0.148957997561, 0.0912871733308], "max": [-6.09191513062, -4.67865657806, -5.56938028336, -6.37750959396, -8.47231674194, -12.1311693192], "var": [5.31702709198, 7.50034046173, 6.54370212555, 5.42232465744, 4.00533533096, 2.99630999565], "mean": [-9.8901758194, -7.35205984116, -8.89465522766, -9.9930973053, -10.9611673355, -13.0406532288]}, "erbbands_flatness_db": {"dmean2": 0.0171162188053, "median": 0.338757634163, "min": 0.0209178701043, "dvar2": 0.0003516501165, "dvar": 0.000177672292921, "dmean": 0.0109193474054, "max": 0.522447764874, "var": 0.00610242784023, "mean": 0.318388402462}, "spectral_energyband_high": {"dmean2": 1.56721796429e-07, "median": 9.03522789031e-07, "min": 6.92598165332e-21, "dvar2": 8.14674323553e-14, "dvar": 3.10896192688e-14, "dmean": 9.71048308429e-08, "max": 7.71889699536e-06, "var": 1.51497927701e-13, "mean": 9.57500333243e-07}, "spectral_entropy": {"dmean2": 0.171537011862, "median": 5.68447113037, "min": 3.87903571129, "dvar2": 0.0365152060986, "dvar": 0.0177869070321, "dmean": 0.108496129513, "max": 9.82056331635, "var": 0.600953280926, "mean": 5.80021333694}, "silence_rate_20dB": {"dmean2": 0, "median": 1, "min": 1, "dvar2": 0, "dvar": 0, "dmean": 0, "max": 1, "var": 0, "mean": 1}, "melbands_flatness_db": {"dmean2": 0.0215707104653, "median": 0.427758812904, "min": 0.00317915598862, "dvar2": 0.000518034445122, "dvar": 0.000263222755166, "dmean": 0.0136672751978, "max": 0.646866381168, "var": 0.00796866323799, "mean": 0.410674661398}, "barkbands": {"dmean2": [1.60682049e-07, 3.01856289298e-05, 0.000137035051011, 0.000364776060451, 0.00278375972994, 0.00394412549213, 0.0016153443139, 0.000527381605934, 0.000304399756715, 0.000463405653136, 0.000182897332706, 4.69650622108e-05, 6.84498954797e-05, 4.64553086204e-05, 3.29660542775e-05, 1.57595150085e-05, 3.00971873912e-06, 1.13082694497e-06, 5.3675739764e-07, 9.54548013965e-08, 3.97047443812e-08, 2.49437182021e-08, 2.10931165867e-08, 2.32636008235e-08, 3.01950962012e-08, 4.83918292105e-08, 7.91195375882e-08], "median": [3.79181770427e-08, 2.78526113107e-06, 1.11162653411e-05, 2.66521583399e-05, 0.00086290150648, 0.00230894004926, 0.000949301873334, 0.00026618555421, 0.000210639060242, 0.000177345849806, 7.75313892518e-05, 1.66075478774e-05, 2.51485471381e-05, 1.52380307554e-05, 6.44419105811e-06, 2.41529710365e-06, 8.81752839632e-07, 3.53545459575e-07, 1.2063350141e-07, 7.29691009838e-08, 6.13897626067e-08, 5.27606403011e-08, 5.24232213195e-08, 6.5841774699e-08, 1.01241369066e-07, 1.79004018719e-07, 3.27370145214e-07], "min": [3.11342445173e-25, 4.00518092216e-24, 5.36611389509e-25, 2.22442919168e-24, 8.46187979406e-24, 8.27848304423e-24, 2.95985975893e-24, 6.75057937768e-24, 2.07044843392e-23, 1.103555743e-23, 1.12814335412e-23, 2.25739142906e-23, 2.95397801202e-23, 3.76689065515e-23, 4.7966851425e-23, 4.82603360808e-23, 6.09323105169e-23, 9.93909457206e-23, 1.21937120506e-22, 1.47526215793e-22, 2.44860481227e-22, 3.06562353956e-22, 3.98434331912e-22, 5.83027884708e-22, 9.01390790013e-22, 1.26926199988e-21, 2.01854021253e-21], "dvar2": [1.64526931575e-12, 1.74666610064e-08, 1.89455377608e-07, 1.28758335904e-06, 3.12131596729e-05, 6.58309800201e-05, 1.12680572784e-05, 1.6480157683e-06, 7.34018158255e-07, 4.33134482591e-06, 5.59110162612e-07, 1.11239437217e-07,