{"metadata": {"tags": {"label": ["Lushgroove"], "originalyear": ["2010"], "asin": ["B004F49F1C"], "album": ["100 Chilled Classics - 100 Essential Chillout Lounge Classics"], "musicbrainz album type": ["album/compilation"], "script": ["Latn"], "albumartistsort": ["Various Artists"], "musicbrainz album release country": ["DE"], "acoustid_id": ["f99b8b83-d5bb-4f13-9b32-fd05020e524f"], "musicbrainz_artistid": ["a7ab4334-0a25-4446-8c5e-cce330ada832"], "musicbrainz_releasegroupid": ["6a565dc0-3fdd-4d10-9c5a-14dbdeb0fa8c"], "musicbrainz_recordingid": ["0807acf4-abad-433e-b177-90a187e0f5c1"], "albumartist": ["Various Artists"], "originaldate": ["2010"], "musicbrainz album status": ["official"], "artist": ["Strawberry Trees"], "musicbrainz_albumid": ["15b0db68-13de-459f-be56-f0bbc105facb"], "artistsort": ["Strawberry Trees"], "title": ["Emotional Jazz (DJ Proust mix)"], "tracknumber": ["30/100"], "musicbrainz_albumartistid": ["89ad4ac3-39f7-470e-963a-56509c546377"], "encoding": ["Lavf56.36.100"], "discnumber": ["1/1"], "date": ["2010"], "media": ["Digital Media"], "file_name": "Strawberry Trees - Emotional Jazz - DJ Proust Mix.mp3"}, "audio_properties": {"sample_rate": 44100, "downmix": "mix", "lossless": false, "analysis_sample_rate": 44100, "md5_encoded": "f7c6043deaca75609cf58d66c31b3e52", "equal_loudness": 0, "replay_gain": -8.02758216858, "codec": "mp3", "bit_rate": 160016, "length": 267.284912109}, "version": {"extractor": "music 1.0", "essentia_build_sha": "70f2e5ece6736b2c40cc944ad0e695b16b925413", "essentia_git_sha": "v2.1_beta2", "essentia": "2.1-beta2"}}, "rhythm": {"beats_loudness_band_ratio": {"dvar2": [0.150796622038, 0.0955057442188, 0.0618168860674, 0.013490610756, 0.0221589040011, 0.038393560797], "var": [0.073085449636, 0.024339357391, 0.0244344100356, 0.0127902645618, 0.0111990822479, 0.0136267347261], "min": [0, 0, 0, 0, 0, 0], "dmean": [0.369747310877, 0.138780429959, 0.149544030428, 0.0597435459495, 0.178537636995, 0.176573559642], "mean": [0.418422549963, 0.159464284778, 0.16782836616, 0.0810320004821, 0.105285152793, 0.103471413255], "max": [0.999905526638, 0.926206707954, 0.82037627697, 0.767756044865, 0.477026224136, 0.385066956282], "dmean2": [0.730227708817, 0.262739121914, 0.278292715549, 0.102423243225, 0.356072187424, 0.35295137763], "median": [0.339292168617, 0.113045230508, 0.122220523655, 0.0521038398147, 0.0652964413166, 0.0269622728229], "dvar": [0.0449751503766, 0.0277826488018, 0.0181623455137, 0.00481607858092, 0.00635753665119, 0.0101882591844]}, "bpm_histogram_first_peak_weight": {"dvar2": 0, "var": 0, "min": 0.58907365799, "dmean": 0, "mean": 0.58907365799, "max": 0.58907365799, "dmean2": 0, "median": 0.58907365799, "dvar": 0}, "bpm": 95.0563812256, "beats_count": 422, "bpm_histogram_first_peak_spread": {"dvar2": 0, "var": 0, "min": 0.398058235645, "dmean": 0, "mean": 0.398058235645, "max": 0.398058235645, "dmean2": 0, "median": 0.398058235645, "dvar": 0}, "danceability": 1.26650011539, "bpm_histogram_first_peak_bpm": {"dvar2": 0, "var": 0, "min": 96, "dmean": 0, "mean": 96, "max": 96, "dmean2": 0, "median": 96, "dvar": 0}, "beats_position": [0.638548731804, 1.28870749474, 1.92725622654, 2.56580495834, 3.20435357094, 3.84290242195, 4.46984100342, 5.0967798233, 5.73532867432, 6.3622674942, 6.98920631409, 7.61614513397, 8.25469398499, 8.88163280487, 9.52018165588, 10.1471195221, 10.774058342, 11.4009971619, 12.0395460129, 12.6664848328, 13.3050336838, 13.9319725037, 14.5705213547, 15.1974601746, 15.8243989944, 16.4513378143, 17.0898857117, 17.7168254852, 18.3437633514, 18.970703125, 19.6092510223, 20.247800827, 20.8747386932, 21.5132884979, 22.1518363953, 22.7787742615, 23.405714035, 24.0326519012, 24.6712017059, 25.2981395721, 25.9366893768, 26.563627243, 27.1905670166, 27.8175048828, 28.4560546875, 29.0946025848, 29.7215423584, 30.3484802246, 30.9754180908, 31.6139678955, 32.2525177002, 32.8794555664, 33.5063934326, 34.1449432373, 34.783493042, 35.4104309082, 36.0373687744, 36.6643066406, 37.3028564453, 37.9297943115, 38.5683441162, 39.1952819824, 39.8222198486, 40.4491615295, 41.0760993958, 41.7146492004, 42.3531951904, 42.9801368713, 43.6070747375, 44.2340126038, 44.8841705322, 45.5111083984, 46.1380500793, 46.7765960693, 47.415145874, 48.0420837402, 48.6690254211, 49.2959632874, 49.9229011536, 50.5498390198, 51.1883888245, 51.8153266907, 52.4538764954, 53.0808143616, 53.7077522278, 54.3463020325, 54.9848518372, 55.6117897034, 56.2387275696, 56.8772773743, 57.515827179, 58.1427650452, 58.7697029114, 59.3966445923, 60.0351905823, 60.6621322632, 61.3006782532, 61.9160079956, 62.5545578003, 63.1814956665, 63.8200454712, 64.4469833374, 65.0855331421, 65.7124710083, 66.3394088745, 66.9779586792, 67.6165084839, 68.2434463501, 68.8703842163, 69.508934021, 70.1474838257, 70.7744216919, 71.4013595581, 72.0399093628, 72.6784591675, 73.3053970337, 73.9323348999, 74.5592727661, 75.1862106323, 75.8131484985, 76.4516983032, 77.0902481079, 77.7171859741, 78.3441238403, 78.9710617065, 79.6096115112, 80.2481613159, 80.8867111206, 81.5252609253, 82.1521987915, 82.7791366577, 83.4060745239, 84.0446243286, 84.6831741333, 85.3101119995, 85.9370498657, 86.5639877319, 87.2025375366, 87.8294754028, 88.456413269, 89.0949630737, 89.7219009399, 90.3488388062, 90.9873886108, 91.6259384155, 92.2528762817, 92.8798141479, 93.5067520142, 94.1569137573, 94.7838516235, 95.4107894897, 96.037727356, 96.6646728516, 97.3032150269, 97.9417648315, 98.5687026978, 99.1956481934, 99.8341903687, 100.461128235, 101.08807373, 101.726615906, 102.353561401, 102.980499268, 103.607437134, 104.245986938, 104.884536743, 105.511474609, 106.138412476, 106.765350342, 107.403900146, 108.042449951, 108.669387817, 109.296325684, 109.934875488, 110.573425293, 111.200363159, 111.827301025, 112.454238892, 113.092788696, 113.719726562, 114.358276367, 114.985214233, 115.6121521, 116.239089966, 116.866027832, 117.504577637, 118.143127441, 118.770065308, 119.408615112, 120.047164917, 120.674102783, 121.301040649, 121.927978516, 122.56652832, 123.205078125, 123.832015991, 124.458953857, 125.085891724, 125.71282959, 126.339767456, 126.978317261, 127.605255127, 128.243804932, 128.870742798, 129.497680664, 130.136230469, 130.774780273, 131.40171814, 132.028656006, 132.667205811, 133.305755615, 133.932693481, 134.559631348, 135.198181152, 135.836730957, 136.463668823, 137.090606689, 137.717544556, 138.344482422, 138.983032227, 139.621582031, 140.248519897, 140.875457764, 141.50239563, 142.129333496, 142.767883301, 143.406433105, 144.033370972, 144.660308838, 145.298858643, 145.937408447, 146.564346313, 147.19128418, 147.829833984, 148.468383789, 149.095321655, 149.722259521, 150.349197388, 150.976135254, 151.603088379, 152.253234863, 152.880172729, 153.507110596, 154.134063721, 154.761001587, 155.399536133, 156.038085938, 156.665023804, 157.291976929, 157.918914795, 158.569061279, 159.195999146, 159.822952271, 160.449890137, 161.100036621, 161.726974487, 162.353912354, 162.980865479, 163.619400024, 164.246353149, 164.884887695, 165.51184082, 166.138778687, 166.765716553, 167.392654419, 168.031204224, 168.669754028, 169.296691895, 169.923629761, 170.562179565, 171.20072937, 171.827667236, 172.454605103, 173.093154907, 173.731704712, 174.358642578, 174.985580444, 175.612518311, 176.239456177, 176.866394043, 177.516555786, 178.143493652, 178.770431519, 179.397369385, 180.024307251, 180.662857056, 181.30140686, 181.928344727, 182.555282593, 183.193832397, 183.832382202, 184.459320068, 185.086257935, 185.724807739, 186.363357544, 186.99029541, 187.617233276, 188.244171143, 188.882720947, 189.509658813, 190.148208618, 190.775146484, 191.402084351, 192.029022217, 192.655960083, 193.294509888, 193.933059692, 194.559997559, 195.186935425, 195.825485229, 196.464035034, 197.0909729, 197.717910767, 198.344848633, 198.983398438, 199.621948242, 200.248886108, 200.875823975, 201.502761841, 202.129699707, 202.768249512, 203.406799316, 204.033737183, 204.660675049, 205.299224854, 205.937774658, 206.564712524, 207.191650391, 207.818588257, 208.457138062, 209.095687866, 209.722625732, 210.349563599, 210.988113403, 211.626663208, 212.253601074, 212.88053894, 213.507476807, 214.146026611, 214.772964478, 215.411514282, 216.038452148, 216.665390015, 217.292327881, 217.919265747, 218.557815552, 219.196365356, 219.823303223, 220.450241089, 221.077178955, 221.727340698, 222.354278564, 222.981216431, 223.619766235, 224.25831604, 224.885253906, 225.512191772, 226.139129639, 226.766067505, 227.40461731, 228.043167114, 228.67010498, 229.297042847, 229.923980713, 230.562530518, 231.189468384, 231.828018188, 232.454956055, 233.081893921, 233.720443726, 234.35899353, 234.985931396, 235.612869263, 236.251419067, 236.889968872, 237.516906738, 238.143844604, 238.770782471, 239.397735596, 240.036270142, 240.674819946, 241.301757812, 241.928695679, 242.567245483, 243.205795288, 243.832733154, 244.471282959, 245.098220825, 245.73677063, 246.363708496, 246.990646362, 247.629196167, 248.267745972, 248.894683838, 249.533233643, 250.14855957, 250.775512695, 251.402450562, 252.029388428, 252.656326294, 253.28326416, 253.910202026, 254.548751831, 255.187301636, 255.814239502, 256.441162109, 257.068115234, 257.695037842, 258.310394287, 258.914093018, 259.517822266, 260.191192627, 260.864562988, 261.549560547, 262.234558105, 262.931152344, 263.523254395, 264.115356445, 264.695861816, 265.276367188, 265.880096436, 266.483795166], "beats_loudness": {"dvar2": 0.000947719381656, "var": 0.000589347095229, "min": 0, "dmean": 0.0230375993997, "mean": 0.0480039529502, "max": 0.14271658659, "dmean2": 0.0384077765048, "median": 0.0457505062222, "dvar": 0.000307287002215}, "bpm_histogram_second_peak_weight": {"dvar2": 0, "var": 0, "min": 0.00950118806213, "dmean": 0, "mean": 0.00950118806213, "max": 0.00950118806213, "dmean2": 0, "median": 0.00950118806213, "dvar": 0}, "bpm_histogram_second_peak_spread": {"dvar2": 0, "var": 0, "min": 0.199999928474, "dmean": 0, "mean": 0.199999928474, "max": 0.199999928474, "dmean2": 0, "median": 0.199999928474, "dvar": 0}, "bpm_histogram_second_peak_bpm": {"dvar2": 0, "var": 0, "min": 88, "dmean": 0, "mean": 88, "max": 88, "dmean2": 0, "median": 88, "dvar": 0}, "onset_rate": 4.24996185303}, "lowlevel": {"spectral_energyband_high": {"dvar2": 4.2132537601e-06, "var": 2.56749376604e-06, "min": 6.98114587601e-21, "dmean": 0.000382219644962, "mean": 0.000416382070398, "max": 0.0153996339068, "dmean2": 0.000531564583071, "median": 8.5473911895e-06, "dvar": 1.9571368739e-06}, "spectral_energyband_middle_low": {"dvar2": 0.000238433247432, "var": 0.000101572499261, "min": 1.57368953215e-22, "dmean": 0.00439955713227, "mean": 0.0101091070101, "max": 0.119712159038, "dmean2": 0.00721844332293, "median": 0.00772491376847, "dvar": 8.75519617693e-05}, "spectral_energy": {"dvar2": 0.00109051319305, "var": 0.000551813805941, "min": 9.71056401644e-21, "dmean": 0.0115754939616, "mean": 0.026991520077, "max": 0.224404707551, "dmean2": 0.0187631491572, "median": 0.0218448080122, "dvar": 0.000435444380855}, "spectral_spread": {"dvar2": 1144720326660.0, "var": 12730749681700.0, "min": 283988.21875, "dmean": 567224, "mean": 2737718.25, "max": 42355328, "dmean2": 840366.375, "median": 2363406.5, "dvar": 618424238080}, "spectral_energyband_low": {"dvar2": 0.000824221002404, "var": 0.000338281242875, "min": 1.74396746201e-23, "dmean": 0.00796763785183, "mean": 0.0120340101421, "max": 0.192495673895, "dmean2": 0.0137176616117, "median": 0.00684593245387, "dvar": 0.000318410020554}, "spectral_rolloff": {"dvar2": 741705.3125, "var": 3209951, "min": 43.06640625, "dmean": 275.309509277, "mean": 1129.63806152, "max": 19659.8144531, "dmean2": 479.072021484, "median": 796.728515625, "dvar": 371517.40625}, "barkbands": {"dvar2": [7.31054612402e-08, 0.000452363950899, 0.000151393091073, 8.4321036411e-05, 5.21890651726e-05, 2.46968966167e-06, 1.10294797651e-06, 2.79551409221e-06, 3.91815592593e-06, 3.14273779622e-06, 5.73762065414e-07, 3.04591935674e-07, 3.23466764485e-07, 1.64884994547e-07, 7.43895361666e-06, 1.68149355773e-07, 4.64090874175e-07, 1.48590629578e-06, 2.16238095163e-06, 1.92640322894e-06, 9.23254958707e-07, 2.92910584676e-08, 4.5991740194e-08, 7.02797708918e-10, 3.20902748818e-10, 1.46981024574e-10, 1.77926597067e-11], "var": [3.82226339468e-08, 0.000168884987943, 4.95642852911e-05, 1.84128875844e-05, 2.96658818115e-05, 1.86731858776e-06, 8.90695218914e-07, 6.68386837788e-06, 2.42554642682e-06, 6.9628717938e-06, 1.41730549785e-06, 3.70751990886e-07, 4.6787397423e-07, 9.08118593657e-08, 1.31039587359e-05, 1.28758102846e-07, 2.283140077e-07, 7.01193243913e-07, 1.07882851808e-06, 1.51638664647e-06, 4.15541705934e-07, 1.81103683161e-08, 3.70945549832e-08, 2.8953450748e-10, 1.14826856357e-10, 4.02076150152e-11, 3.51206520463e-12], "min": [2.33184621178e-25, 1.66375616406e-24, 1.85035571381e-25, 1.19969414263e-24, 5.13104044508e-24, 7.23323761165e-24, 5.72517143028e-24, 7.69326263739e-24, 1.75945564148e-23, 1.03925458621e-23, 1.44506412072e-23, 3.22575258456e-23, 3.91378823085e-23, 3.30556795322e-23, 4.99857736734e-23, 6.33732859713e-23, 7.70638092093e-23, 7.94489206899e-23, 1.02028846101e-22, 1.83717122019e-22, 2.11119764351e-22, 3.24541566837e-22, 3.76846175053e-22, 5.93935723191e-22, 9.07838194367e-22, 1.32056931121e-21, 2.0126679572e-21], "dmean": [0.000118731913972, 0.00551473582163, 0.00276635680348, 0.00144851603545, 0.00234354310669, 0.000518020242453, 0.000391639856389, 0.000665564788505, 0.000479551119497, 0.000798037392087, 0.000255622668192, 0.000133097390062, 0.00013084973034, 7.81089329394e-05, 0.000836739782244, 7.36429210519e-05, 0.000114792550448, 0.000191123428522, 0.000233203856624, 0.000273085141089, 0.000147329395986, 3.24612083205e-05, 1.82523363037e-05, 4.4472094487e-06, 2.84518296212e-06, 1.53419819071e-06, 3.40371059337e-07], "mean": [0.000171548570506, 0.00814706180245, 0.00310925557278, 0.00121207290795, 0.0040590330027, 0.000929312547669, 0.000762467738241, 0.00162583822384, 0.00106879312079, 0.00196370878257, 0.000636234821286, 0.000230295219808, 0.000249554839684, 8.71592128533e-05, 0.00160373048857, 8.18900298327e-05, 0.000110126486106, 0.000179042428499, 0.000237633474171, 0.000311809155392, 0.000144789606566, 3.67423053831e-05, 2.35331535805e-05, 5.3399708122e-06, 3.12327142638e-06, 1.25384531202e-06, 2.34916669228e-07], "max": [0.00197774823755, 0.154544562101, 0.106572955847, 0.0663270205259, 0.0604375451803, 0.0195426363498, 0.0127650601789, 0.0236850026995, 0.0334069468081, 0.0295018032193, 0.0152776632458, 0.0117558948696, 0.00944102089852, 0.00621575675905, 0.0335340201855, 0.010378879495, 0.00544048240408, 0.0107014579698, 0.0118743451312, 0.0113873900846, 0.00826041400433, 0.00222678412683, 0.00716380029917, 0.000337191304425, 0.000247288815444, 0.000182611809578, 6.04713422945e-05], "dmean2": [0.000212940416532, 0.00958247669041, 0.00492926640436, 0.00267727137543, 0.00392058258876, 0.00086458271835, 0.000637097517028, 0.000960075180046, 0.000711237487849, 0.00105542992242, 0.000374393857783, 0.000208522003959, 0.000204870026209, 0.000127149338368, 0.00130133843049, 0.00011491303303, 0.000178479851456, 0.000287097966066, 0.000337448349455, 0.000377545657102, 0.000217071108636, 5.05040770804e-05, 2.70891596301e-05, 6.95095650372e-06, 4.46616695626e-06, 2.53714279097e-06, 6.11243820003e-07], "median": [9.59071767284e-05, 0.00390989892185, 0.00105172977783, 0.000358311226591, 0.0020686252974, 0.000353893847205, 0.000451976549812, 0.000597881153226, 0.000584250548854, 0.000899526756257, 0.000150358013343, 3.2555355574e-05, 4.38294737251e-05, 1.26465629364e-05, 0.000145830766996, 3.81942390959e-06, 2.15551267502e-06, 1.64492598742e-06, 2.23684173761e-06, 1.86503245914e-06, 1.00577483408e-06, 9.06669924916e-07, 7.30478063815e-07, 1.11341171305e-06, 5.341078122e-07, 4.1947803453e-08, 2.20582307975e-09], "dvar": [2.2821021517e-08, 0.000168779908563, 5.43696114619e-05, 2.90900388791e-05, 1.94090080186e-05, 9.41783071085e-07, 4.12475827716e-07, 1.54692804699e-06, 1.50503365148e-06, 1.66274958247e-06, 2.77445195707e-07, 1.24262029999e-07, 1.35292879122e-07, 6.77814995242e-08, 3.38097356689e-06, 7.59113234494e-08, 2.09465113699e-07, 6.55460667076e-07, 9.33370813527e-07, 9.89087880043e-07, 3.89330182315e-07, 1.37693376701e-08, 2.10211883456e-08, 2.80420103804e-10, 1.24919588562e-10, 5.46873310525e-11, 6.05667642775e-12]}, "melbands_skewness": {"dvar2": 2.35517048836, "var": 3.63788366318, "min": -2.91740059853, "dmean": 0.816195070744, "mean": 1.88268351555, "max": 25.316701889, "dmean2": 1.28768491745, "median": 1.59923791885, "dvar": 1.00411045551}, "barkbands_skewness": {"dvar2": 1.94216442108, "var": 2.60090065002, "min": -4.18176269531, "dmean": 0.707093834877, "mean": 1.09440290928, "max": 21.9472808838, "dmean2": 1.10830378532, "median": 0.918263912201, "dvar": 0.796914696693}, "erbbands": {"dvar2": [0.118176691234, 32.3335037231, 197.58821106, 442.009246826, 1198.94445801, 602.783203125, 74.2641067505, 278.79699707, 176.238113403, 1352.04992676, 326.665344238, 3358.93164062, 1138.98400879, 3375.17431641, 1110.53356934, 550.639831543, 760.017578125, 395.464172363, 26987.9082031, 1066.98876953, 572.774047852, 1451.86755371, 4142.08056641, 2537.09008789, 7688.42236328, 3864.09667969, 5658.52197266, 189.653045654, 44.5778007507, 18.8129882812, 95.9822769165, 0.86718672514, 0.196885988116, 0.0561370775104, 0.0179581586272, 0.00366770289838, 0.000598570972215, 6.18799531367e-05, 4.12724347143e-07, 1.45056466838e-09], "var": [0.0736826360226, 11.477232933, 69.9104232788, 105.791275024, 339.616638184, 420.629943848, 81.611000061, 170.431350708, 186.052993774, 2354.10449219, 605.951538086, 2014.95727539, 1553.29638672, 8375.80078125, 2693.07519531, 964.403686523, 1133.4083252, 309.488861084, 49307.5234375, 1286.62609863, 308.886077881, 766.265258789, 1915.10192871, 1617.44140625, 4051.01635742, 3085.87915039, 2488.4909668, 115.281455994, 27.7279720306, 9.77851295471, 77.3412017822, 0.639677464962, 0.0794184803963, 0.0205974690616, 0.00510218879208, 0.00096786650829, 0.000135640875669, 1.27687162603e-05, 8.56261053173e-08, 7.95599752745e-10], "min": [9.86117594055e-23, 3.34797389694e-22, 1.278649066e-21, 6.35741009277e-21, 6.67108925951e-21, 1.81563785698e-20, 7.14774457502e-20, 1.01076242814e-19, 1.14879761125e-19, 1.16276378041e-19, 3.14389120352e-19, 4.73882570547e-19, 5.16900460195e-19, 5.06111284971e-19, 8.37012481314e-19, 1.38077041032e-18, 1.64328444952e-18, 1.79461466105e-18, 2.80475873291e-18, 2.92191004832e-18, 3.6796591882e-18, 4.7359146501e-18, 5.4342213504e-18, 6.81409592412e-18, 6.25529612926e-18, 9.40510477609e-18, 1.04379671567e-17, 8.44109029225e-18, 1.08461658997e-17, 1.04090464409e-17, 1.14384785035e-17, 9.77802674755e-18, 9.91193488102e-18, 8.11974551352e-18, 6.5857411355e-18, 3.9666292358e-18, 2.32274776867e-18, 1.03409539669e-18, 2.66253179912e-19, 2.67632348487e-20], "dmean": [0.114072464406, 1.41511058807, 3.42516827583, 3.79701137543, 6.8336725235, 9.20133686066, 3.2594974041, 5.25891828537, 4.82278394699, 14.4473876953, 7.21447467804, 13.3610239029, 11.9211320877, 25.4655094147, 10.7977790833, 6.12488508224, 6.32055330276, 5.09585475922, 50.0265388489, 9.09873008728, 4.36400604248, 6.56300067902, 9.89161396027, 8.92964458466, 13.8199968338, 12.1862678528, 11.6460638046, 2.50938653946, 1.23491823673, 0.831289172173, 0.589949548244, 0.128422871232, 0.0688382089138, 0.0401077270508, 0.0177826527506, 0.00788094755262, 0.00255299126729, 0.000701496494003, 5.85114212299e-05, 1.37839751915e-05], "mean": [0.227741420269, 1.83097612858, 3.9484899044, 3.72483062744, 9.12200450897, 15.6880922318, 6.51604652405, 8.60029029846, 10.486533165, 31.8629493713, 19.3911685944, 30.5196208954, 31.5426292419, 60.369178772, 28.435760498, 12.7364139557, 12.5355215073, 8.49201107025, 96.8030929565, 15.7158060074, 4.78683280945, 6.40145874023, 9.37203788757, 9.4212808609, 14.4446811676, 13.9897041321, 11.4265832901, 2.6099460125, 1.41290819645, 0.864980220795, 0.828742921352, 0.176143288612, 0.0776082873344, 0.0443237163126, 0.0172375682741, 0.0068016378209, 0.00194463285152, 0.000507805962116, 5.17413245689e-05, 3.16859732266e-05], "max": [2.39511466026, 40.6834259033, 104.433380127, 184.311889648, 296.068969727, 249.007156372, 133.964736938, 207.959152222, 160.093994141, 451.630706787, 249.86416626, 1009.83770752, 554.862731934, 975.401489258, 599.113220215, 627.890625, 474.55065918, 341.930541992, 2047.5032959, 722.232177734, 400.879943848, 298.261810303, 530.26171875, 545.018676758, 780.673217773, 547.144836426, 595.125549316, 112.324958801, 86.4637069702, 47.5004577637, 334.684082031, 25.2906703949, 4.96572399139, 3.58852767944, 2.17580080032, 0.807751893997, 0.397041678429, 0.116839952767, 0.0103267710656, 0.000253988604527], "dmean2": [0.199704110622, 2.45704650879, 6.01383638382, 6.94329404831, 11.7309484482, 15.4953069687, 5.47832202911, 8.90730762482, 7.39121675491, 22.1528091431, 10.4658784866, 19.7423839569, 16.5371227264, 33.6709403992, 15.735657692, 9.33918476105, 9.76420593262, 8.2292432785, 77.2987594604, 14.219742775, 6.8100028038, 10.0503120422, 15.0139455795, 12.7101068497, 19.7443561554, 16.8743877411, 17.4182281494, 3.68834853172, 1.92559254169, 1.26711034775, 0.862638950348, 0.195848703384, 0.108051456511, 0.0628753826022, 0.0289619788527, 0.013201083988, 0.00434501515701, 0.00122800946701, 0.000102647201857, 2.19506273424e-05], "median": [0.0968037694693, 0.832897186279, 1.46957206726, 1.41782295704, 3.93149900436, 7.91921424866, 3.44472146034, 3.17572784424, 5.8227186203, 12.765663147, 10.0364894867, 16.8198356628, 18.2680625916, 16.3736743927, 10.0470323563, 2.68883514404, 2.62843227386, 1.72356569767, 8.50422477722, 1.89006447792, 0.365494132042, 0.149028748274, 0.0991582721472, 0.0990152955055, 0.118600666523, 0.0897396653891, 0.061990737915, 0.0269170068204, 0.0242714397609, 0.0352175459266, 0.0221180357039, 0.0344464182854, 0.0116912648082, 0.00778080848977, 0.00202215835452, 0.000391396752093, 5.46475894225e-05, 7.8017328633e-06, 1.25612168631e-05, 2.50876692007e-05], "dvar": [0.0414820499718, 12.2067813873, 73.4321670532, 153.94984436, 435.128448486, 212.70880127, 27.3824825287, 103.738761902, 69.7219619751, 651.260559082, 159.513320923, 1285.44421387, 501.570983887, 1919.63952637, 539.59197998, 232.284255981, 319.255767822, 160.480300903, 12472.8691406, 469.259765625, 252.753173828, 677.039733887, 1807.5604248, 1235.82897949, 3389.29516602, 1989.5135498, 2340.99511719, 90.8472442627, 20.9111614227, 8.41272926331, 43.8657951355, 0.379354268312, 0.077388189733, 0.0218149311841, 0.00663192104548, 0.00134008657187, 0.0002121363068, 2.13293824345e-05, 1.4179177299e-07, 5.94277405064e-10]}, "silence_rate_30dB": {"dvar2": 0.0425276309252, "var": 0.00843903701752, "min": 0, "dmean": 0.0151159763336, "mean": 0.991487145424, "max": 1, "dmean2": 0.0302345789969, "median": 1, "dvar": 0.0148878283799}, "melbands_spread": {"dvar2": 132.820587158, "var": 291.635253906, "min": 0.0830474421382, "dmean": 5.5984582901, "mean": 17.9048252106, "max": 156.143447876, "dmean2": 8.7414484024, "median": 13.2594604492, "dvar": 65.6227493286}, "melbands_crest": {"dvar2": 22.4475479126, "var": 31.1900024414, "min": 1.64225745201, "dmean": 3.30493831635, "mean": 15.469201088, "max": 37.1161460876, "dmean2": 5.51089143753, "median": 14.9088287354, "dvar": 8.73157310486}, "zerocrossingrate": {"dvar2": 0.000121273806144, "var": 0.00224417448044, "min": 0.00146484375, "dmean": 0.00642379792407, "mean": 0.0388315096498, "max": 0.52978515625, "dmean2": 0.00748169049621, "median": 0.02880859375, "dvar": 9.41465987125e-05}, "barkbands_kurtosis": {"dvar2": 1292.77392578, "var": 466.539825439, "min": -1.86688542366, "dmean": 4.99362516403, "mean": 5.18255090714, "max": 1089.46496582, "dmean2": 8.28913593292, "median": 0.890488862991, "dvar": 461.576446533}, "spectral_flux": {"dvar2": 0.00336242490448, "var": 0.00302824634127, "min": 6.28069055097e-11, "dmean": 0.0287582427263, "mean": 0.0738723427057, "max": 0.437623113394, "dmean2": 0.0454594306648, "median": 0.056576281786, "dvar": 0.00162577687297}, "barkbands_crest": {"dvar2": 16.4328212738, "var": 20.3992347717, "min": 2.49788093567, "dmean": 2.76627373695, "mean": 12.0556716919, "max": 26.3168029785, "dmean2": 4.52068138123, "median": 11.4477090836, "dvar": 6.14161300659}, "barkbands_flatness_db": {"dvar2": 0.00266720470972, "var": 0.00841099023819, "min": 0.0153691899031, "dmean": 0.0357184968889, "mean": 0.274393469095, "max": 0.752346992493, "dmean2": 0.0522839277983, "median": 0.274365305901, "dvar": 0.00122330570593}, "spectral_entropy": {"dvar2": 0.191372141242, "var": 0.691170275211, "min": 3.62360715866, "dmean": 0.297041743994, "mean": 6.41401815414, "max": 9.82679653168, "dmean2": 0.414629727602, "median": 6.29640102386, "dvar": 0.100721202791}, "pitch_salience": {"dvar2": 0.0118762431666, "var": 0.015012900345, "min": 0.0267062932253, "dmean": 0.0732938721776, "mean": 0.468412876129, "max": 0.815292656422, "dmean2": 0.118384316564, "median": 0.462787210941, "dvar": 0.00457535451278}, "erbbands_spread": {"dvar2": 195.400787354, "var": 258.160339355, "min": 0.723075091839, "dmean": 7.10771369934, "mean": 21.0486717224, "max": 132.354202271, "dmean2": 10.8634080887, "median": 16.2739944458, "dvar": 85.6071777344}, "dynamic_complexity": 2.90935230255, "spectral_contrast_valleys": {"dvar2": [0.27860173583, 0.305181652308, 0.424389004707, 0.462960422039, 0.605403900146, 0.695566356182], "var": [4.0528550148, 4.13605976105, 3.87951374054, 3.65768933296, 4.91707372665, 3.73029470444], "min": [-28.0050258636, -27.9579086304, -27.9208164215, -27.6700019836, -27.5041122437, -27.4186630249], "dmean": [0.378081768751, 0.380199223757, 0.422522395849, 0.434745371342, 0.552532434464, 0.530156672001], "mean": [-7.1572470665, -7.22463035583, -8.14187049866, -8.97519397736, -9.37756347656, -12.5244674683], "max": [-5.2440495491, -4.81768846512, -5.05812263489, -5.48567390442, -5.01770067215, -8.7121591568], "dmean2": [0.628582060337, 0.600613832474, 0.658267140388, 0.648792803288, 0.703525304794, 0.748424589634], "median": [-6.81357002258, -6.95080089569, -7.95521068573, -8.90620803833, -9.39555358887, -12.0994491577], "dvar": [0.13007928431, 0.151493251324, 0.19935773313, 0.230695948005, 0.373980641365, 0.320779889822]}, "hfc": {"dvar2": 556.248413086, "var": 434.339416504, "min": 1.09118787819e-16, "dmean": 6.42851543427, "mean": 14.3835058212, "max": 210.529571533, "dmean2": 9.3371181488, "median": 8.64825725555, "dvar": 266.819488525}, "spectral_kurtosis": {"dvar2": 1359.10534668, "var": 2096.03955078, "min": -1.25840806961, "dmean": 16.26836586, "mean": 35.7099571228, "max": 357.558319092, "dmean2": 25.8151664734, "median": 17.1817817688, "dvar": 562.885253906}, "mfcc": {"mean": [-757.438171387, 199.582260132, 17.9991359711, 8.02834510803, -2.23088693619, 9.49392032623, 5.17557001114, -0.155480712652, 8.02120018005, 15.6964731216, -1.78499996662, -8.17827701569, -0.883732140064], "cov": [[9673.10546875, -1063.64257812, -1553.42419434, 1451.29748535, -899.967834473, 60.2791137695, 218.937774658, 139.290847778, -113.162780762, -142.623153687, -72.4842834473, 68.0383682251, 94.2139053345], [-1063.64257812, 2988.01977539, 271.472167969, -1080.48034668, 76.1306152344, -39.9289207458, 36.3835258484, 3.82412171364, 97.6640930176, 34.4007720947, -55.2673950195, -123.9190979, -61.2214660645], [-1553.42419434, 271.472167969, 1300.13208008, -285.266143799, 299.602081299, 20.2700462341, -40.7638702393, -5.18941307068, -15.6984825134, 14.9582595825, -74.6579284668, 6.70805501938, -52.6273193359], [1451.29748535, -1080.48034668, -285.266143799, 1334.77111816, -117.706924438, 76.3494186401, 17.6085395813, -111.821998596, -37.5302696228, 10.2454366684, 79.4264526367, -11.1839399338, 49.0688323975], [-899.967834473, 76.1306152344, 299.602081299, -117.706924438, 538.184631348, 72.5815734863, -137.361877441, -153.772460938, -40.169757843, 118.535545349, 10.66634655, -59.8131370544, -52.7559394836], [60.2791137695, -39.9289207458, 20.2700462341, 76.3494186401, 72.5815734863, 277.926361084, 23.8517913818, -20.9384117126, -2.65971589088, 11.4476461411, -6.67641210556, -31.6962451935, 5.94867229462], [218.937774658, 36.3835258484, -40.7638702393, 17.6085395813, -137.361877441, 23.8517913818, 311.226989746, 171.577484131, 17.650560379, -99.3346557617, -41.5722694397, 60.9496955872, 32.9982299805], [139.290847778, 3.82412171364, -5.18941307068, -111.821998596, -153.772460938, -20.9384117126, 171.577484131, 347.422302246, 59.6398925781, -150.074020386, -60.439540863, 106.824859619, 32.6968193054], [-113.162780762, 97.6640930176, -15.6984825134, -37.5302696228, -40.169757843, -2.65971589088, 17.650560379, 59.6398925781, 134.265762329, 44.3451690674, 8.89751243591, -14.1000547409, 0.499183773994], [-142.623153687, 34.4007720947, 14.9582595825, 10.2454366684, 118.535545349, 11.4476461411, -99.3346557617, -150.074020386, 44.3451690674, 233.142196655, 76.5803833008, -80.8777236938, -24.2424125671], [-72.4842834473, -55.2673950195, -74.6579284668, 79.4264526367, 10.66634655, -6.67641210556, -41.5722694397, -60.439540863, 8.89751243591, 76.5803833008, 133.789978027, 25.5278682709, 13.8130264282], [68.0383682251, -123.9190979, 6.70805501938, -11.1839399338, -59.8131370544, -31.6962451935, 60.9496955872, 106.824859619, -14.1000547409, -80.8777236938, 25.5278682709, 179.595825195, 49.3266830444], [94.2139053345, -61.2214660645, -52.6273193359, 49.0688323975, -52.7559394836, 5.94867229462, 32.9982299805, 32.6968193054, 0.499183773994, -24.2424125671, 13.8130264282, 49.3266830444, 81.9519424438]], "icov": [[0.000180537099368, -3.2605301385e-05, 0.000165630539414, -0.000193063897314, 0.000233976505115, -7.74805957917e-05, 5.064697325e-05, -0.000126871964312, 0.000313716358505, -0.000309758353978, 0.000407417304814, -0.000195619359147, 0.000132054992719], [-3.2605301385e-05, 0.000533441954758, -8.14629020169e-05, 0.000486670411192, -1.27046823764e-05, 3.81768622901e-05, -0.000253563426668, 0.000290904194117, -0.000419099989813, 0.000322556152241, -0.000321384344716, 0.000511623802595, -8.84429027792e-05], [0.000165630539414, -8.14629020169e-05, 0.00112330028787, -0.000116843417345, -0.000312278658384, -7.41517578717e-05, 6.36573386146e-05, -0.000153657310875, 0.000265796086751, -0.000435383757576, 0.0010336471023, -0.00066890695598, 0.000478054367704], [-0.000193063897314, 0.000486670411192, -0.000116843417345, 0.00147864979226, -2.2605596314e-05, -0.000149983883603, -0.000410153559642, 0.00076747557614, -0.000509288220201, 0.000768832513131, -0.00112888368312, 0.000776234839577, -0.000565990805626], [0.000233976505115, -1.27046823764e-05, -0.000312278658384, -2.2605596314e-05, 0.00326479552314, -0.000905739550944, 0.000698307703715, 0.000223062903387, 0.00134873262141, -0.00161033764016, 0.000802116235718, -0.000548967858776, 0.00104243436363], [-7.74805957917e-05, 3.81768622901e-05, -7.41517578717e-05, -0.000149983883603, -0.000905739550944, 0.00409846752882, -0.000730913539883, 0.000130282191094, -0.000289983465336, 0.000373240618501, -0.00016881270858, 0.0010823860066, -0.000989312888123], [5.064697325e-05, -0.000253563426668, 6.36573386146e-05, -0.000410153559642, 0.000698307703715, -0.000730913539883, 0.00497901672497, -0.00210374849848, 0.000511833117343, -0.000100142555311, 0.000884670589585, -0.00055854889797, -0.000469740247354], [-0.000126871964312, 0.000290904194117, -0.000153657310875, 0.00076747557614, 0.000223062903387, 0.000130282191094, -0.00210374849848, 0.00739933829755, -0.00447104312479, 0.00332858180627, 0.00101251585875, -0.00229996792041, 5.95913879806e-05], [0.000313716358505, -0.000419099989813, 0.000265796086751, -0.000509288220201, 0.00134873262141, -0.000289983465336, 0.000511833117343, -0.00447104312479, 0.011999161914, -0.00514716980979, 0.000422447687015, 0.000997706316411, 1.50700293489e-06], [-0.000309758353978, 0.000322556152241, -0.000435383757576, 0.000768832513131, -0.00161033764016, 0.000373240618501, -0.000100142555311, 0.00332858180627, -0.00514716980979, 0.0109196649864, -0.00563602009788, 0.0033911857754, -0.000323965621646], [0.000407417304814, -0.000321384344716, 0.0010336471023, -0.00112888368312, 0.000802116235718, -0.00016881270858, 0.000884670589585, 0.00101251585875, 0.000422447687015, -0.00563602009788, 0.0137503994629, -0.00553999189287, -0.000253242615145], [-0.000195619359147, 0.000511623802595, -0.00066890695598, 0.000776234839577, -0.000548967858776, 0.0010823860066, -0.00055854889797, -0.00229996792041, 0.000997706316411, 0.0033911857754, -0.00553999189287, 0.0112385367975, -0.00441026547924], [0.000132054992719, -8.84429027792e-05, 0.000478054367704, -0.000565990805626, 0.00104243436363, -0.000989312888123, -0.000469740247354, 5.95913879806e-05, 1.50700293489e-06, -0.000323965621646, -0.000253242615145, -0.00441026547924, 0.0161398779601]]}, "silence_rate_20dB": {"dvar2": 0, "var": 0, "min": 1, "dmean": 0, "mean": 1, "max": 1, "dmean2": 0, "median": 1, "dvar": 0}, "melbands_kurtosis": {"dvar2": 1466.69396973, "var": 981.015441895, "min": -1.92763876915, "dmean": 8.22173786163, "mean": 10.3722696304, "max": 978.3515625, "dmean2": 13.4829359055, "median": 2.7021791935, "dvar": 550.830322266}, "barkbands_spread": {"dvar2": 52.5493278503, "var": 119.138679504, "min": 0.0318201780319, "dmean": 4.01021528244, "mean": 13.5742444992, "max": 89.2146606445, "dmean2": 6.13784742355, "median": 10.6506528854, "dvar": 26.9480686188}, "erbbands_skewness": {"dvar2": 0.781137824059, "var": 1.52081561089, "min": -8.59114360809, "dmean": 0.581343829632, "mean": -0.135558694601, "max": 11.3084888458, "dmean2": 0.875214934349, "median": -0.235177487135, "dvar": 0.342381775379}, "average_loudness": 0.915969133377, "spectral_centroid": {"dvar2": 172715.421875, "var": 1118029.375, "min": 63.7314033508, "dmean": 199.251907349, "mean": 919.958129883, "max": 11856.6728516, "dmean2": 285.713287354, "median": 668.739685059, "dvar": 103147.320312}, "dissonance": {"dvar2": 0.00406081322581, "var": 0.00421338062733, "min": 0.122219413519, "dmean": 0.0409997552633, "mean": 0.398334562778, "max": 0.500000119209, "dmean2": 0.0665400773287, "median": 0.40628349781, "dvar": 0.00156008393969}, "erbbands_flatness_db": {"dvar2": 0.0021567044314, "var": 0.00805324222893, "min": 0.0359245501459, "dmean": 0.0320316292346, "mean": 0.281354248524, "max": 0.526782631874, "dmean2": 0.0439118295908, "median": 0.27558350563, "dvar": 0.00108048354741}, "spectral_strongpeak": {"dvar2": 2.6865568161, "var": 3.72056627274, "min": 0, "dmean": 0.616582214832, "mean": 1.29872918129, "max": 16.3345031738, "dmean2": 1.0383515358, "median": 0.498726904392, "dvar": 1.24323630333}, "spectral_rms": {"dvar2": 3.99292321163e-06, "var": 3.84169925383e-06, "min": 3.07794111379e-12, "dmean": 0.000946085026953, "mean": 0.00474252272397, "max": 0.0147963315248, "dmean2": 0.00148960063234, "median": 0.00461649335921, "dvar": 1.69018426277e-06}, "silence_rate_60dB": {"dvar2": 0.0227338057011, "var": 0.0367589108646, "min": 0, "dmean": 0.00972982402891, "mean": 0.0382209867239, "max": 1, "dmean2": 0.019461337477, "median": 0, "dvar": 0.0096323247999}, "melbands": {"dvar2": [2.10807502299e-05, 5.14168459631e-05, 1.66197187355e-05, 3.99819055019e-06, 1.36611632229e-07, 1.18667074389e-07, 4.17366763372e-08, 1.83275503218e-07, 2.07743653391e-08, 1.26952187429e-07, 2.88628747569e-08, 6.82713974243e-08, 1.13117684108e-08, 5.18120302218e-09, 3.36759931052e-09, 2.62018740038e-09, 1.44467693364e-09, 6.060438551e-08, 1.22410650505e-08, 7.68400232332e-10, 8.10570666143e-10, 1.28354771256e-09, 2.20173479448e-09, 5.08449771175e-09, 1.22666921065e-09, 4.7506638623e-09, 1.87103865734e-09, 2.15471107623e-09, 3.48251916193e-09, 5.33454447282e-10, 1.26731151615e-11, 1.61506173019e-11, 1.09230419848e-11, 4.29810093766e-12, 3.62285965116e-11, 5.47410597754e-12, 1.42117098797e-13, 9.92571503504e-14, 8.79403700468e-14, 3.97717273069e-14], "var": [8.76296780916e-06, 1.91373474081e-05, 3.90489140045e-06, 2.25239091378e-06, 1.1307645309e-07, 7.51708171265e-08, 4.228310857e-08, 3.6133019421e-07, 3.09422141243e-08, 7.48582138499e-08, 3.94809731574e-08, 1.65662768836e-07, 2.77664984338e-08, 8.26048029978e-09, 5.3301034697e-09, 2.6039541634e-09, 9.7307317759e-10, 1.10991038582e-07, 1.79804775513e-08, 1.20739329645e-09, 3.63132079961e-10, 6.7021771466e-10, 1.13970255455e-09, 2.14897966089e-09, 8.54445569853e-10, 2.02235983515e-09, 1.50289702905e-09, 1.53327806007e-09, 1.45565437482e-09, 2.59268106984e-10, 9.05150693981e-12, 1.02802271904e-11, 5.60423799381e-12, 2.09364773782e-12, 2.8006550204e-11, 5.04047628289e-12, 5.26437820745e-14, 3.85867756475e-14, 2.97012475649e-14, 1.28915085733e-14], "min": [1.13665971896e-24, 9.25152009386e-25, 1.14345329047e-24, 9.20808146811e-25, 2.71959225151e-24, 2.07288664521e-24, 1.42135912662e-24, 1.08847224918e-24, 2.92012246855e-24, 2.74829416668e-24, 1.75087717357e-24, 1.40308279717e-24, 2.28544738548e-24, 2.70159715097e-24, 2.15947576525e-24, 3.87435346863e-24, 2.7199651855e-24, 3.40239376625e-24, 3.70130065742e-24, 3.58965080692e-24, 3.08360876356e-24, 4.01543374735e-24, 4.78406944225e-24, 3.49807983304e-24, 4.91907470314e-24, 4.65275841698e-24, 3.76473217395e-24, 5.73260802203e-24, 5.94163604596e-24, 4.38980031169e-24, 5.04321853265e-24, 5.72905578137e-24, 5.69191857654e-24, 5.60895131412e-24, 5.61653108413e-24, 5.21218701653e-24, 5.189342788e-24, 6.13025032182e-24, 5.76566878814e-24, 6.86608912458e-24], "dmean": [0.00128882855643, 0.00181936833542, 0.000731672917027, 0.000628877605777, 0.000150545558427, 0.000110495850095, 7.44970602682e-05, 0.000167255391716, 5.61150482099e-05, 8.08537079138e-05, 6.13371375948e-05, 0.000111900480988, 3.64075604011e-05, 1.97136869247e-05, 1.48898616317e-05, 1.13568767119e-05, 6.80751099935e-06, 7.53004787839e-05, 3.39582293236e-05, 5.05011757923e-06, 4.88335763293e-06, 6.28249244983e-06, 7.65547338233e-06, 1.05315075416e-05, 6.31266038909e-06, 1.01059422377e-05, 8.06158550404e-06, 8.88204885996e-06, 9.14698375709e-06, 3.58749207408e-06, 7.5346866879e-07, 7.25456686723e-07, 6.18470949121e-07, 3.88163527987e-07, 3.65380515177e-07, 1.56208997737e-07, 6.38371631112e-08, 4.78702268936e-08, 4.28509885353e-08, 3.26266516026e-08], "mean": [0.00215268437751, 0.00223798467778, 0.000735729350708, 0.00107084983028, 0.000284493318759, 0.000183214302524, 0.000155462039402, 0.000380831334041, 0.00015067406639, 0.000180598246516, 0.000157289920026, 0.000258708227193, 9.22016624827e-05, 4.027147952e-05, 2.98800096061e-05, 1.92062889255e-05, 8.17594354885e-06, 0.000145553261973, 6.1692095187e-05, 6.86940484229e-06, 4.79546815768e-06, 6.07012543696e-06, 7.50299614083e-06, 9.508344192e-06, 6.96556617186e-06, 9.8002174127e-06, 9.37823733693e-06, 9.78379375738e-06, 8.81675259734e-06, 3.57073736268e-06, 7.87229851085e-07, 8.25350184641e-07, 6.3548009166e-07, 3.85129538927e-07, 5.04896490838e-07, 2.21746446982e-07, 8.23909331871e-08, 5.21952330246e-08, 4.61217304348e-08, 3.46261437301e-08], "max": [0.0336599200964, 0.0472568459809, 0.031301394105, 0.0160904601216, 0.00405031209812, 0.00427481951192, 0.00241889711469, 0.00558989681304, 0.00185034866445, 0.00633896421641, 0.00273092486896, 0.00428558979183, 0.00218004127964, 0.00150319573004, 0.00115729065146, 0.000635017291643, 0.000737563008443, 0.00305237062275, 0.00126942130737, 0.000969828222878, 0.000517658714671, 0.000305623543682, 0.000390458124457, 0.000635565491393, 0.000492316728923, 0.000644701474812, 0.000397559837438, 0.000412685098127, 0.000440985197201, 0.000189301921637, 3.10877294396e-05, 5.2124618378e-05, 3.70838715753e-05, 2.26866904995e-05, 0.000200361202587, 8.34475067677e-05, 5.06837295688e-06, 4.13564066548e-06, 3.57139811058e-06, 2.8638241929e-06], "dmean2": [0.0022542483639, 0.00315295136534, 0.00132549775299, 0.00105171522591, 0.000255143764662, 0.000185968150618, 0.000115137481771, 0.000252175261267, 8.09358607512e-05, 0.000120268778119, 8.49787829793e-05, 0.000147758124513, 5.32974881935e-0