{"tonal": {"thpcp": [1, 0.497438549995, 0.0981691032648, 0.030005985871, 0.0266303177923, 0.0923669114709, 0.163068056107, 0.11215852946, 0.0504211038351, 0.0336182564497, 0.0160037633032, 0.0315305106342, 0.0344367399812, 0.012687439099, 0.00622620014474, 0.00649605831131, 0.00378955900669, 0.00766670238227, 0.0165901724249, 0.0795367732644, 0.378550499678, 0.437424123287, 0.141272440553, 0.0222638081759, 0.0142298862338, 0.00882969237864, 0.0191763937473, 0.0370864346623, 0.0495222806931, 0.0525171235204, 0.0398256294429, 0.026832267642, 0.024869998917, 0.0552000179887, 0.210539519787, 0.749664366245], "hpcp": {"dmean2": [0.135311767459, 0.114954680204, 0.0478121750057, 0.0310289617628, 0.0185190793127, 0.0197270717472, 0.0296097919345, 0.0395339950919, 0.0456523448229, 0.0443275012076, 0.0426255241036, 0.0471453145146, 0.0996764749289, 0.256168216467, 0.333977133036, 0.240707144141, 0.338618457317, 0.156390935183, 0.0525301396847, 0.0420983992517, 0.0705016702414, 0.0852997004986, 0.076438292861, 0.0478306375444, 0.0241842065006, 0.0118335234001, 0.0232574120164, 0.0234380792826, 0.00711082993075, 0.0039290189743, 0.00413016788661, 0.0037114622537, 0.0101982504129, 0.0270236860961, 0.0897940546274, 0.145944356918], "median": [0.194643631577, 0.0584520325065, 0.000723748817109, 0.000420019961894, 0.000568203395233, 0.00235675973818, 0.00483738165349, 0.00833065714687, 0.00757599528879, 0.00434143794701, 0.0012162826024, 0.00208006217144, 0.00316121615469, 0.0647559314966, 0.571201086044, 1, 0.338903218508, 0.0108274947852, 0.00113013223745, 0.00134825054556, 0.0193383004516, 0.0360398814082, 0.0236106738448, 0.00778052024543, 0.00467151030898, 0.00338537339121, 0.00488623790443, 0.00491090118885, 0.0017596501857, 0.00106043205597, 0.000836305785924, 0.000595024728682, 0.00062528939452, 0.000747500103898, 0.0231309663504, 0.159983962774], "min": [0, 0, 0, 0, 0, 0, 0, 0, 0, 0, 0, 0, 0, 0, 0, 0, 0, 0, 0, 0, 0, 0, 0, 0, 0, 0, 0, 0, 0, 0, 0, 0, 0, 0, 0, 0], "dvar2": [0.0352067425847, 0.0410659573972, 0.0294089037925, 0.0201995559037, 0.0110753746703, 0.00921821594238, 0.0115528851748, 0.0197089146823, 0.0265326891094, 0.0269049555063, 0.0315018109977, 0.0332318358123, 0.0550626032054, 0.105246514082, 0.0924685671926, 0.0977884307504, 0.0990912690759, 0.0639684796333, 0.0233543161303, 0.0192213915288, 0.0250450838357, 0.0326806381345, 0.0279160793871, 0.0126912267879, 0.00353355053812, 0.00137597380672, 0.00657862285152, 0.00539072602987, 0.000526919902768, 0.000239189073909, 0.000421178730903, 0.000666836975142, 0.00385417416692, 0.0135477576405, 0.0239395871758, 0.0419783703983], "dvar": [0.0147248283029, 0.013357758522, 0.0100535964593, 0.00720083666965, 0.0038496137131, 0.00327297765762, 0.0044500338845, 0.00746259838343, 0.00979015883058, 0.00990342907608, 0.0115466481075, 0.0120088001713, 0.0201889052987, 0.040630813688, 0.0378682352602, 0.0379924438894, 0.0416863709688, 0.025150058791, 0.00849674735218, 0.00714536756277, 0.00954773277044, 0.0127199953422, 0.0102345906198, 0.0045536570251, 0.00139303971082, 0.000522946182173, 0.00241216085851, 0.00185368454549, 0.000197925546672, 0.000100535471574, 0.000177875583177, 0.000236134132138, 0.00136193505023, 0.00499945273623, 0.00899478700012, 0.0158874616027], "dmean": [0.0868465825915, 0.0657969266176, 0.0253460854292, 0.0164175592363, 0.00989641062915, 0.0115347048268, 0.0181803964078, 0.023256521672, 0.025893965736, 0.0247894842178, 0.0230865962803, 0.0252884123474, 0.0543541833758, 0.14853772521, 0.205779060721, 0.138621836901, 0.211878985167, 0.0893341600895, 0.0289484709501, 0.0236137993634, 0.0421737283468, 0.0519774258137, 0.045603454113, 0.0277846083045, 0.0146907260641, 0.00730177666992, 0.0137398913503, 0.0138250561431, 0.00433395244181, 0.00249647977762, 0.00259069888853, 0.00212157680653, 0.00556377135217, 0.0146460235119, 0.0511887297034, 0.0907887965441], "max": [1, 1, 1, 1, 1, 1, 1, 1, 1, 1, 1, 1, 1, 1, 1, 1, 1, 1, 1, 1, 1, 1, 1, 1, 1, 0.50071811676, 1, 1, 0.521916210651, 0.7721824646, 1, 0.720294654369, 1, 1, 1, 1], "var": [0.106863692403, 0.017744731158, 0.00697441073135, 0.00490313256159, 0.00241778278723, 0.00299736484885, 0.00715978862718, 0.0138382166624, 0.0191425029188, 0.0121847959235, 0.010014815256, 0.00792196299881, 0.0163487847894, 0.0499847829342, 0.0950276479125, 0.107012152672, 0.081801943481, 0.0245948005468, 0.00685894116759, 0.00687694083899, 0.0200146734715, 0.0509314090014, 0.0257918704301, 0.00953054986894, 0.00468271318823, 0.00103233149275, 0.00563120888546, 0.00622969446704, 0.00111614447087, 0.000323854706949, 0.000655684270896, 0.000282402266748, 0.000989460619166, 0.00380806066096, 0.0107854846865, 0.0888661667705], "mean": [0.334940105677, 0.108173750341, 0.017047625035, 0.0108959684148, 0.00676098559052, 0.0146835595369, 0.0283974595368, 0.0379197150469, 0.0402128957212, 0.0304948892444, 0.0205457396805, 0.0190432108939, 0.0422672145069, 0.16121225059, 0.574025630951, 0.765710175037, 0.38089376688, 0.0751690790057, 0.0229758881032, 0.0203911047429, 0.0707262828946, 0.124862864614, 0.0858809277415, 0.0386079512537, 0.0257418397814, 0.0122542446479, 0.0241432320327, 0.0263685621321, 0.0097149014473, 0.0047674649395, 0.0049740979448, 0.00290170381777, 0.00587047217414, 0.0127032641321, 0.0609021186829, 0.289859980345]}, "tuning_equal_tempered_deviation": 0.0929818227887, "chords_changes_rate": 0.0207100585103, "key_key": "D", "tuning_diatonic_strength": 0.592880904675, "key_scale": "major", "chords_number_rate": 0.000578852603212, "tuning_frequency": 442.03793335, "tuning_nontempered_energy_ratio": 0.68666023016, "chords_histogram": [47.3630065918, 0.424491882324, 4.25778245926, 1.89735019207, 0.643169522285, 1.151273489, 0, 0, 0, 0.051453564316, 1.38281452656, 0, 0, 0, 0, 2.09030103683, 0.405196815729, 35.5544128418, 0, 1.94237196445, 0.0321584753692, 0.0064316955395, 0.154360696673, 2.64342689514], "key_strength": 0.720377981663, "chords_key": "D", "chords_strength": {"dmean2": 0.0044388952665, "median": 0.517957985401, "min": -1, "dvar2": 0.000504992203787, "dvar": 0.00026695075212, "dmean": 0.00433331914246, "max": 0.764083921909, "var": 0.036614947021, "mean": 0.504261553288}, "chords_scale": "major", "hpcp_entropy": {"dmean2": 0.870214760303, "median": 1.54078412056, "min": 0, "dvar2": 0.555932939053, "dvar": 0.207731708884, "dmean": 0.511934697628, "max": 3.6935274601, "var": 0.581303596497, "mean": 1.42955946922}}, "metadata": {"audio_properties": {"equal_loudness": 0, "codec": "flac", "downmix": "mix", "sample_rate": 44100, "analysis_sample_rate": 44100, "bit_rate": 0, "md5_encoded": "f215f387974c12f84e78f9d4ed870026", "length": 722, "replay_gain": -5.12181472778, "lossless": true}, "version": {"essentia_build_sha": "70f2e5ece6736b2c40cc944ad0e695b16b925413", "essentia": "2.1-beta2", "extractor": "music 1.0", "essentia_git_sha": "v2.1_beta2"}, "tags": {"title": ["Angler's Lantern"], "language": ["eng"], "media": ["Digital Media"], "albumartist": ["Alio Die & Lingua Fungi"], "tracktotal": ["6"], "musicbrainz_releasegroupid": ["51cdcce1-70c4-4422-afdb-e61b6dc932b2"], "releasetype": ["album"], "musicbrainz_recordingid": ["080d716a-bca1-46b4-b66e-4c86da1cf5db"], "musicbrainz_albumartistid": ["add76f87-1973-4af5-8b8d-990caa419c78", "ca298988-2231-4e69-930f-0d3609c333e4"], "musicbrainz_releasetrackid": ["7d5119e4-8d53-470c-a150-7f3bfd4f9443"], "discnumber": ["1"], "totaldiscs": ["1"], "catalognumber": ["HSL 066"], "releasecountry": ["XW"], "file_name": "01_Anglers_Lantern.flac", "albumartistsort": ["Alio Die & Lingua Fungi"], "date": ["2012-02"], "genre": ["Ambient; Italy"], "disctotal": ["1"], "releasestatus": ["official"], "musicbrainz_artistid": ["add76f87-1973-4af5-8b8d-990caa419c78", "ca298988-2231-4e69-930f-0d3609c333e4"], "originaldate": ["2012-02"], "musicbrainz_albumid": ["91b4703c-ae00-474f-99f7-77e33fe8f9d0"], "copyright": ["Stefano Musso 2012"], "artist": ["Alio Die & Lingua Fungi"], "tracknumber": ["1"], "artistsort": ["Alio Die & Lingua Fungi"], "album": ["Otter Songs"], "label": ["Hic Sunt Leones"], "isrc": ["USI4R1201885"], "acoustid_id": ["b04fff74-d4ce-4ecc-9a3b-46d7ed7a2c62"], "script": ["Latn"], "totaltracks": ["6"]}}, "rhythm": {"bpm_histogram_first_peak_bpm": {"dmean2": 0, "median": 129, "min": 129, "dvar2": 0, "dvar": 0, "dmean": 0, "max": 129, "var": 0, "mean": 129}, "bpm": 129.152801514, "bpm_histogram_second_peak_spread": {"dmean2": 0, "median": 0.616279065609, "min": 0.616279065609, "dvar2": 0, "dvar": 0, "dmean": 0, "max": 0.616279065609, "var": 0, "mean": 0.616279065609}, "bpm_histogram_first_peak_weight": {"dmean2": 0, "median": 0.0836820080876, "min": 0.0836820080876, "dvar2": 0, "dvar": 0, "dmean": 0, "max": 0.0836820080876, "var": 0, "mean": 0.0836820080876}, "onset_rate": 0.538771569729, "beats_position": [0.452789098024, 0.917188167572, 1.38158726692, 1.84598636627, 2.31038546562, 2.77478456497, 3.26240348816, 3.73841261864, 4.22603178024, 4.71365070343, 5.21287965775, 5.70049858093, 6.17650794983, 6.64090681076, 7.11691617966, 7.56970500946, 8.0224943161, 8.47528362274, 8.95129203796, 9.43891143799, 9.91492080688, 10.3909292221, 10.7972784042, 11.2036275864, 11.6215867996, 12.051156044, 12.4807252884, 12.8986845016, 13.328253746, 13.7462129593, 14.1525621414, 14.5589113235, 14.9768705368, 15.3948297501, 15.8127889633, 16.2191371918, 16.637096405, 17.0550556183, 17.4614048004, 17.8677539825, 18.2857131958, 18.6920623779, 19.1100215912, 19.5279808044, 19.9459400177, 20.363899231, 20.7818584442, 21.2926979065, 21.8035373688, 22.3027667999, 22.8019943237, 23.312833786, 23.8817234039, 24.4506111145, 25.0195007324, 25.5883903503, 26.1572780609, 26.7261676788, 27.3066654205, 27.8871650696, 28.4676647186, 29.0365524292, 29.6170520782, 30.2323799133, 30.8477096558, 31.4630374908, 32.0899772644, 32.7169151306, 33.3438529968, 33.9591827393, 34.5745124817, 35.2014503479, 35.8283882141, 36.455329895, 37.0706558228, 37.6859855652, 38.3013153076, 38.91664505, 39.5319709778, 40.1589126587, 40.7974586487, 41.4243965149, 41.9584579468, 42.492515564, 43.0149650574, 43.5374145508, 44.0598640442, 44.5823135376, 45.1047592163, 45.6272087097, 46.2193183899, 46.8114280701, 47.4035377502, 48.0304756165, 48.6574134827, 49.2959632874, 49.934513092, 50.5498390198, 51.1767807007, 51.8037185669, 52.4422683716, 53.0808143616, 53.7425842285, 54.4043540955, 55.0080718994, 55.6234016418, 56.2271194458, 56.8424491882, 57.4461669922, 58.0498847961, 58.6536026001, 59.2573242188, 59.8494338989, 60.4415397644, 60.9639892578, 61.4864387512, 62.0088882446, 62.531337738, 63.042175293, 63.5530128479, 64.0754623413, 64.5979156494, 65.1319732666, 65.6544189453, 66.1768722534, 66.7109298706, 67.2449874878, 67.779045105, 68.3131027222, 68.8471679688, 69.3812255859, 69.8456192017, 70.2868041992, 70.7395935059, 71.1923828125, 71.5755081177, 71.9586410522, 72.3533782959, 72.7365036011, 73.1196365356, 73.5027618408, 73.8858947754, 74.2690200806, 74.6521530151, 75.0352783203, 75.4184112549, 75.824760437, 76.2311096191, 76.6374588013, 77.0438079834, 77.4733810425, 77.9029464722, 78.3325119019, 78.7853012085, 79.2380905151, 79.6908798218, 80.1436691284, 80.5964584351, 81.0492477417, 81.5020370483, 81.954826355, 82.4076156616, 82.8487930298, 83.3015823364, 83.742767334, 84.1955566406, 84.6483459473, 85.1011352539, 85.5539245605, 86.0067138672, 86.4595031738, 86.9122848511, 87.3534698486, 87.7946472168, 88.235824585, 88.6770019531, 89.1181869507, 89.5593643188, 90.000541687, 90.4417190552, 90.8712921143, 91.3008575439, 91.7188186646, 92.1367797852, 92.5431289673, 92.9610900879, 93.36743927, 93.8202285767, 94.2730178833, 94.7257995605, 95.1785888672, 95.6313781738, 96.0841674805, 96.5485687256, 97.0129699707, 97.4889755249, 97.9649887085, 98.4758224487, 98.9866638184, 99.4858932495, 100.008346558, 100.530792236, 101.053237915, 101.564079285, 102.074920654, 102.585754395, 103.096595764, 103.595825195, 104.083442688, 104.571060181, 105.047073364, 105.511474609, 105.952651978, 106.393829346, 106.835006714, 107.229751587, 107.624488831, 108.007614136, 108.402359009, 108.8203125, 109.249885559, 109.679450989, 110.097412109, 110.526985168, 110.94493866, 111.36289978, 111.780860901, 112.198822021, 112.616775513, 113.046348572, 113.464309692, 113.893875122, 114.311836243, 114.741401672, 115.170974731, 115.600540161, 116.018501282, 116.448066711, 116.877639771, 117.3072052, 117.690338135, 118.07346344, 118.456596375, 118.851333618, 119.304122925, 119.745300293, 120.186485291, 120.627662659, 121.068840027, 121.510017395, 121.951202393, 122.392379761, 122.833557129, 123.274734497, 123.623039246, 123.971336365, 124.319633484, 124.667930603, 125.016235352, 125.364532471, 125.71282959, 126.061134338, 126.409431458, 126.757728577, 127.094421387, 127.442718506, 127.791015625, 128.139312744, 128.487609863, 128.824310303, 129.149383545, 129.486068726, 129.822769165, 130.147842407, 130.472915649, 130.867660522, 131.262405396, 131.65713501, 132.063491821, 132.469833374, 132.864578247, 133.2709198, 133.677276611, 134.002349854, 134.327438354, 134.652511597, 134.977600098, 135.360717773, 135.743850708, 136.126983643, 136.510116577, 136.893234253, 137.276367188, 137.659500122, 138.042633057, 138.425750732, 138.808883667, 139.192016602, 139.575149536, 139.946670532, 140.30657959, 140.678085327, 141.049606323, 141.548843384, 142.036453247, 142.535690308, 143.011703491, 143.487701416, 143.9637146, 144.451339722, 144.938949585, 145.426574707, 145.890975952, 146.366973877, 146.842987061, 147.307388306, 147.771789551, 148.236190796, 148.758636475, 149.281082153, 149.803527832, 150.349197388, 150.883255005, 151.417327881, 151.951385498, 152.485443115, 153.019500732, 153.55355835, 154.087615967, 154.552017212, 155.004806519, 155.457595825, 155.910385132, 156.305114746, 156.699859619, 157.082992554, 157.477722168, 157.884078979, 158.290420532, 158.685165405, 159.195999146, 159.706848145, 160.217681885, 160.76335144, 161.297409058, 161.819854736, 162.411972046, 163.004074097, 163.607803345, 164.211517334, 164.815231323, 165.465393066, 166.11555481, 166.754104614, 167.392654419, 168.06602478, 168.7394104, 169.412780762, 170.074554443, 170.736328125, 171.363265991, 171.990203857, 172.55909729, 173.127975464, 173.696868896, 174.358642578, 175.020401001, 175.682174683, 176.332336426, 176.982498169, 177.644256592, 178.306030273, 178.967803955, 179.629562378, 180.29133606, 180.953109741, 181.614868164, 182.265029907, 183.066116333, 183.85559082, 184.656692505, 185.457778931, 186.235641479, 187.013504028, 187.733337402, 188.453155518, 189.172973633, 189.892791748, 190.612609863, 191.332427979, 192.052246094, 192.772064209, 193.561538696, 194.351013184, 195.140487671, 195.941589355, 196.742675781, 197.543762207, 198.275192261, 199.006622314, 199.738052368, 200.481079102, 201.16607666, 201.85105896, 202.559265137, 203.267486572, 203.964080811, 204.660675049, 205.206344604, 205.75201416, 206.297683716, 206.831741333, 207.36579895, 207.899856567, 208.433914185, 208.97958374, 209.594909668, 210.210250854, 210.837188721, 211.487350464, 212.12588501, 212.764434814, 213.402984619, 214.041534424, 214.691696167, 215.34185791, 215.992019653, 216.642166138, 217.257507324, 217.872833252, 218.476547241, 219.091873169, 219.707214355, 220.310928345, 220.914642334, 221.518356323, 222.122085571, 222.725799561, 223.32951355, 223.933242798, 224.51373291, 225.094238281, 225.686340332, 226.243621826, 226.812515259, 227.40461731, 227.996734619, 228.58883667, 229.250610352, 229.900772095, 230.550918579, 231.201080322, 231.851242065, 232.501403809, 233.151565552, 233.790115356, 234.428665161, 235.067199707, 235.705749512, 236.355911255, 236.99446106, 237.644622803, 238.294784546, 238.944946289, 239.595092773, 240.245254517, 240.848968506, 241.452697754, 242.044799805, 242.625305176, 243.205795288, 243.786300659, 244.366790771, 244.947296143, 245.527801514, 246.119903564, 246.712020874, 247.304122925, 247.896224976, 248.511566162, 249.12689209, 249.742218018, 250.357543945, 250.972869873, 251.58821106, 252.203536987, 252.772415161, 253.329696655, 253.898590088, 254.374603271, 254.839004517, 255.303390503, 255.732971191, 256.162536621, 256.603729248, 257.056488037, 257.509277344, 257.950469971, 258.3800354, 258.80960083, 259.23916626, 259.668762207, 260.07510376, 260.481445312, 260.899414062, 261.305755615, 261.712097168, 262.118438721, 262.524810791, 262.919555664, 263.31427002, 263.72064209, 264.126983643, 264.591369629, 265.055786133, 265.520172119, 265.984588623, 266.390930176, 266.808898926, 267.226837158, 267.749298096, 268.283355713, 268.81741333, 269.363067627, 269.897125244, 270.535675049, 271.19744873, 271.95211792, 272.695129395, 273.531066895, 274.366973877, 275.1796875, 275.992370605, 276.805084229, 277.617767334, 278.41885376, 279.208343506, 279.928161621, 280.659576416, 281.391021729, 282.110839844, 282.772613525, 283.434356689, 284.096130371, 284.76953125, 285.419677734, 286.069824219, 286.720001221, 287.288879395, 287.846160889, 288.403442383, 288.960723877, 289.529602051, 290.110107422, 290.690612793, 291.259490967, 291.758728027, 292.257965088, 292.768798828, 293.268035889, 293.778869629, 294.289703369, 294.78894043, 295.288146973, 295.787384033, 296.298217773, 296.809051514, 297.331512451, 297.842346191, 298.353179932, 298.852416992, 299.351654053, 299.850891113, 300.361724854, 300.872558594, 301.371795654, 301.871002197, 302.381866455, 302.892700195, 303.391906738, 303.879547119, 304.37878418, 304.877990723, 305.377227783, 305.876464844, 306.352478027, 306.828460693, 307.316101074, 307.792114258, 308.268127441, 308.744110107, 309.173675537, 309.591644287, 310.009613037, 310.439178467, 310.868743896, 311.298309326, 311.727874756, 312.238739014, 312.749572754, 313.260406494, 313.794464111, 314.328521729, 314.862579346, 315.443084717, 316.011962891, 316.592468262, 317.172973633, 317.753448486, 318.252685547, 318.763519287, 319.274383545, 319.773590088, 320.272827148, 320.772064209, 321.27130127, 321.770507812, 322.269744873, 322.745758057, 323.22177124, 323.709381104, 324.196990967, 324.67300415, 325.149017334, 325.636627197, 326.124267578, 326.611877441, 327.076263428, 327.540679932, 328.005065918, 328.469482422, 328.933868408, 329.386657715, 329.839447021, 330.292236328, 330.745025635, 331.197814941, 331.662200928, 332.114990234, 332.579406738, 333.055419922, 333.531433105, 334.007446289, 334.483428955, 334.971069336, 335.458679199, 335.911468506, 336.364257812, 336.805450439, 337.246612549, 337.722625732, 338.198638916, 338.6746521, 339.127441406, 339.591827393, 340.044616699, 340.474182129, 340.903747559, 341.344940186, 341.774505615, 342.204071045, 342.633636475, 343.063201904, 343.492797852, 343.922363281, 344.351928711, 344.79309082, 345.234283447, 345.687072754, 346.139862061, 346.592651367, 347.045440674, 347.49822998, 347.93939209, 348.380584717, 348.821777344, 349.27456665, 349.727325439, 350.168518066, 350.621307373, 351.07409668, 351.526885986, 351.968078613, 352.397644043, 352.827209473, 353.268371582, 353.709564209, 354.139129639, 354.568695068, 354.998260498, 355.427825928, 355.857421875, 356.298583984, 356.774597168, 357.250610352, 357.726623535, 358.214233398, 358.701843262, 359.189483643, 359.665466309, 360.153106689, 360.640716553, 361.139953613, 361.627563477, 362.11517334, 362.695678711, 363.276184082, 363.845062256, 364.413970947, 364.994445801, 365.574951172, 366.155456543, 366.735961914, 367.235198975, 367.734405518, 368.233642578, 368.663208008, 369.092773438, 369.533966064, 369.963531494, 370.358276367, 370.741394043, 371.124542236, 371.507659912, 371.844360352, 372.181030273, 372.517730713, 372.854400635, 373.202728271, 373.539398193, 373.876098633, 374.212768555, 374.537872314, 374.862945557, 375.188018799, 375.513092041, 375.838165283, 376.163269043, 376.499938965, 376.836639404, 377.173339844, 377.510009766, 377.846710205, 378.183380127, 378.520080566, 378.856781006, 379.205078125, 379.553375244, 379.901672363, 380.249969482, 380.598266602, 380.934967041, 381.28326416, 381.619934082, 382.084350586, 382.548736572, 383.013153076, 383.477539062, 383.941955566, 384.406341553, 384.870727539, 385.335144043, 385.811157227, 386.28717041, 386.751556396, 387.215942383, 387.680358887, 388.226013184, 388.771697998, 389.328979492, 389.874633789, 390.420318604, 391.024017334, 391.627746582, 392.23147583, 392.835174561, 393.438903809, 394.065856934, 394.692779541, 395.296508789, 395.90020752, 396.503936768, 397.119262695, 397.734588623, 398.338317871, 398.942047119, 399.557373047, 400.161071777, 400.753204346, 401.356903076, 401.960632324, 402.564361572, 403.168060303, 403.760162354, 404.398712158, 405.04888916, 405.733856201, 406.41885376, 407.115447998, 407.730773926, 408.346099854, 408.961456299, 409.576782227, 410.192108154, 410.819030762, 411.445983887, 412.061309814, 412.676635742, 413.315185547, 413.953735352, 414.592285156, 415.254058838, 415.904205322, 416.565979004, 417.227752686, 417.87789917, 418.516448975, 419.154998779, 419.793548584, 420.420501709, 421.059051514, 421.697601318, 422.266479492, 422.835357666, 423.404266357, 424.019592285, 424.623291016, 425.227020264, 425.842346191, 426.457672119, 427.061401367, 427.676727295, 428.245605469, 428.802886963, 429.371795654, 429.929077148, 430.486328125, 431.090057373, 431.693786621, 432.297485352, 432.88961792, 433.481719971, 434.073822021, 434.67755127, 435.28125, 435.780487061, 436.279724121, 436.790557861, 437.289794922, 437.789031982, 438.276641846, 438.764251709, 439.251861572, 439.739501953, 440.227111816, 440.71472168, 441.202362061, 441.689971924, 442.177581787, 442.665222168, 443.141204834, 443.617218018, 444.093231201, 444.580841064, 445.056854248, 445.532867432, 446.008880615, 446.473266602, 446.949279785, 447.425292969, 447.901306152, 448.365692139, 448.841705322, 449.317718506, 449.793731689, 450.258117676, 450.72253418, 451.186920166, 451.65133667, 452.127349854, 452.60333252, 453.079345703, 453.543762207, 454.008148193, 454.472564697, 454.925354004, 455.378143311, 455.842529297, 456.295318604, 456.75970459, 457.224121094, 457.6769104, 458.129699707, 458.594085693, 459.058502197, 459.511291504, 459.964080811, 460.416870117, 460.881256104, 461.33404541, 461.786834717, 462.239624023, 462.704040527, 463.156829834, 463.609619141, 463.969512939, 464.329437256, 464.689331055, 465.049255371, 465.420776367, 465.792266846, 466.163787842, 466.535308838, 466.872009277, 467.220306396, 467.557006836, 467.905303955, 468.253601074, 468.601898193, 468.950195312, 469.298492432, 469.646789551, 469.98348999, 470.320159912, 470.668457031, 471.016784668, 471.365081787, 471.713378906, 472.050048828, 472.386749268, 472.71182251, 473.036895752, 473.361999512, 473.687072754, 474.012145996, 474.337219238, 474.66229248, 474.99899292, 475.335693359, 475.660766602, 475.985839844, 476.322540283, 476.659210205, 476.995910645, 477.332611084, 477.669281006, 478.005981445, 478.331054688, 478.679351807, 479.027648926, 479.375946045, 479.724243164, 480.060943604, 480.409240723, 480.745941162, 481.094238281, 481.4425354, 481.79083252, 482.150726318, 482.510650635, 482.975036621, 483.439453125, 483.903839111, 484.368255615, 484.832641602, 485.297058105, 485.761444092, 486.214233398, 486.667022705, 487.119812012, 487.572601318, 488.025390625, 488.478179932, 488.930969238, 489.372131348, 489.813323975, 490.266113281, 490.707305908, 491.148468018, 491.589660645, 492.030822754, 492.472015381, 492.901580811, 493.33114624, 493.76071167, 494.1902771, 494.619842529, 495.095855713, 495.571868896, 496.04788208, 496.512268066, 496.97668457, 497.441070557, 497.905487061, 498.369873047, 498.84588623, 499.321899414, 499.809509277, 500.285522461, 500.761535645, 501.283996582, 501.818054199, 502.352111816, 502.886169434, 503.43182373, 504.023925781, 504.61605835, 505.2081604, 505.765441895, 506.322723389, 506.752288818, 507.170227051, 507.599822998, 508.01776123, 508.44732666, 508.87689209, 509.306488037, 509.736053467, 510.165618896, 510.583587646, 511.001525879, 511.384674072, 511.767791748, 512.150939941, 512.534057617, 512.928771973, 513.311889648, 513.695068359, 514.078186035, 514.461303711, 514.844421387, 515.227539062, 515.610717773, 516.005432129, 516.388549805, 516.783325195, 517.224487305, 517.665649414, 518.106811523, 518.548034668, 519.012390137, 519.476806641, 519.929626465, 520.393981934, 520.869995117, 521.346008301, 521.822021484, 522.298034668, 522.785644531, 523.261657715, 523.737670898, 524.213684082, 524.678100586, 525.142456055, 525.618469238, 526.094482422, 526.570495605, 527.046508789, 527.522521973, 527.986938477, 528.45135498, 528.90411377, 529.368530273, 529.832885742, 530.297302246, 530.77331543, 531.249328613, 531.736938477, 532.22454834, 532.712219238, 533.199829102, 533.652587891, 534.105407715, 534.558166504, 535.045776367, 535.521789551, 536.009399414, 536.497070312, 536.996276855, 537.483886719, 537.971496582, 538.447509766, 538.923522949, 539.399536133, 539.875549316, 540.3515625, 540.839172363, 541.350036621, 541.860839844, 542.371704102, 542.882507324, 543.393371582, 543.892578125, 544.264099121, 544.635620117, 545.007141113, 545.378662109, 545.750183105, 546.133300781, 546.504821777, 546.876342773, 547.23626709, 547.596191406, 547.956115723, 548.315979004, 548.6875, 549.059020996, 549.418945312, 549.778869629, 550.138793945, 550.510314941, 550.881774902, 551.241699219, 551.601623535, 551.961547852, 552.321411133, 552.681335449, 553.041259766, 553.401184082, 553.761108398, 554.12097168, 554.504089355, 554.875610352, 555.247131348, 555.630310059, 556.036621094, 556.442993164, 556.849304199, 557.25567627, 557.696838379, 558.138061523, 558.590820312, 559.159729004, 559.71697998, 560.309082031, 560.901184082, 561.493347168, 562.085449219, 562.689147949, 563.223205566, 563.757263184, 564.279724121, 564.895019531, 565.510375977, 566.125732422, 566.682983398, 567.240234375, 567.797546387, 568.354797363, 568.923706055, 569.504211426, 570.073120117, 570.641967773, 571.234069824, 571.82623291, 572.46472168, 573.114929199, 573.741821289, 574.368774414, 575.007324219, 575.634277344, 576.261230469, 576.899780273, 577.538330078, 578.176879883, 578.815429688, 579.570068359, 580.301513672, 581.044494629, 581.787536621, 582.530578613, 583.273620605, 584.016662598, 584.77130127, 585.514343262, 586.269042969, 587.023681641, 587.766723633, 588.509765625, 589.241149902, 589.960998535, 590.657592773, 591.354187012, 592.05078125, 592.747375488, 593.443969727, 594.152160645, 594.872009277, 595.591796875, 596.160705566, 596.729614258, 597.286865234, 597.844177246, 598.401428223, 598.981933594, 599.562438965, 600.142944336, 600.758239746, 601.373596191, 601.988952637, 602.604248047, 603.219604492, 603.811706543, 604.403808594, 604.995910645, 605.588012695, 606.180114746, 606.772216797, 607.352722168, 607.921630859, 608.50213623, 609.070983887, 609.697937012, 610.324890137, 610.951843262, 611.578735352, 612.205688477, 612.821044922, 613.436340332, 614.016845703, 614.585754395, 615.154663086, 615.735107422, 616.327270508, 616.814880371, 617.302490234, 617.790100098, 618.277709961, 618.753723145, 619.241333008, 619.717346191, 620.193359375, 620.669372559, 621.145385742, 621.621398926, 622.097412109, 622.561828613, 623.026184082, 623.490600586, 623.95501709, 624.431030273, 624.895385742, 625.359802246, 625.82421875, 626.288635254, 626.752990723, 627.217407227, 627.68182373, 628.146179199, 628.610595703, 629.075012207, 629.551025391, 630.027038574, 630.39855957, 630.770080566, 631.141601562, 631.582763672, 632.012329102, 632.453491211, 632.89465332, 633.335876465, 633.777038574, 634.218200684, 634.647766113, 635.077331543, 635.506896973, 635.936523438, 636.354431152, 636.760803223, 637.167175293, 637.561889648, 637.968261719, 638.374572754, 638.780944824, 639.198913574, 639.616882324, 640.034790039, 640.452758789, 640.835876465, 641.219055176, 641.602172852, 642.054931641, 642.507751465, 642.960510254, 643.424926758, 643.889343262, 644.353759766, 644.806518555, 645.270935059, 645.723693848, 646.176513672, 646.629272461, 647.093688965, 647.558105469, 648.022460938, 648.498474121, 648.974487305, 649.438903809, 649.903320312, 650.367675781, 650.832092285, 651.366149902, 651.90020752, 652.469116211, 653.049621582, 653.618469238, 654.198974609, 654.77947998, 655.348388672, 655.917297363, 656.48614502, 657.07824707, 657.670349121, 658.262512207, 658.842956543, 659.423461914, 660.003967285, 660.584472656, 661.176574707, 661.745483398, 662.31439209, 662.894836426, 663.475341797, 664.044250488, 664.520263672, 664.996276855, 665.460693359, 665.913452148, 666.377868652, 666.830627441, 667.283447266, 667.736206055, 668.189025879, 668.641784668, 669.106201172, 669.582214355, 670.058227539, 670.534240723, 671.010253906, 671.48626709, 671.962280273, 672.426635742, 672.902648926, 673.378662109, 673.854675293, 674.330688477, 674.80670166, 675.271118164, 675.723876953, 676.188293457, 676.652709961, 677.11706543, 677.581481934, 678.045898438, 678.521911621, 678.997924805, 679.578430176, 680.170532227, 680.785827637, 681.412780762, 682.028076172, 682.643432617, 683.270385742, 683.885681152, 684.501037598, 685.116333008, 685.720092773, 686.323791504, 686.904296875, 687.496398926, 688.100097656, 688.703857422, 689.307556152, 689.911254883, 690.515014648, 691.130310059, 691.734069824, 692.337768555, 692.941467285, 693.545227051, 694.148925781, 694.752624512, 695.356384277, 695.948486328, 696.540588379, 697.155883789, 697.771240234, 698.386535645, 699.00189209, 699.617248535, 700.220947266, 700.824645996, 701.428405762, 702.020507812, 702.612609863, 703.193115234, 703.773620605, 704.354064941, 704.806884766, 705.27130127, 705.735656738, 706.200073242, 706.652893066, 707.117248535, 707.570068359, 708.022827148, 708.475646973, 708.951660156, 709.416015625, 709.880432129, 710.344848633, 710.820861816, 711.296875, 711.772888184, 712.214050293, 712.655212402, 713.096374512, 713.502746582, 713.909118652, 714.315429688, 714.721801758, 715.093322754, 715.499694824, 715.89440918, 716.335571289, 716.776794434, 717.217956543, 717.659118652, 718.146728516, 718.634338379, 719.122009277, 719.609619141, 720.097229004, 720.584838867, 721.07244873], "beats_loudness": {"dmean2": 0.0484786890447, "median": 0.0733200162649, "min": 0, "dvar2": 0.00240600877441, "dvar": 0.000809542951174, "dmean": 0.0282317306846, "max": 0.307672917843, "var": 0.0022604058031, "mean": 0.0785537585616}, "danceability": 0.857131481171, "bpm_histogram_second_peak_weight": {"dmean2": 0, "median": 0.0460251048207, "min": 0.0460251048207, "dvar2": 0, "dvar": 0, "dmean": 0, "max": 0.0460251048207, "var": 0, "mean": 0.0460251048207}, "beats_count": 1435, "bpm_histogram_second_peak_bpm": {"dmean2": 0, "median": 140, "min": 140, "dvar2": 0, "dvar": 0, "dmean": 0, "max": 140, "var": 0, "mean": 140}, "bpm_histogram_first_peak_spread": {"dmean2": 0, "median": 0.636363625526, "min": 0.636363625526, "dvar2": 0, "dvar": 0, "dmean": 0, "max": 0.636363625526, "var": 0, "mean": 0.636363625526}, "beats_loudness_band_ratio": {"dmean2": [0.222867503762, 0.152910679579, 0.115864351392, 0.0412720367312, 0.0218709688634, 0.0101549597457], "median": [0.710571706295, 0.123922877014, 0.0917903259397, 0.0223442781717, 0.00482999579981, 0.000351689697709], "min": [0, 0, 0, 0, 0, 0], "dvar2": [0.0386972911656, 0.020740037784, 0.0140501493588, 0.00576245645061, 0.00433608470485, 0.00301170675084], "dvar": [0.013459562324, 0.00732664437965, 0.00495794834569, 0.00270315469243, 0.00152105744928, 0.00150436151307], "dmean": [0.127916619182, 0.0881263837218, 0.0663709193468, 0.0239076502621, 0.0120971687138, 0.00611318601295], "max": [0.963629186153, 0.691341996193, 0.602316617966, 0.979383528233, 0.77237033844, 0.895496666431], "var": [0.0444677248597, 0.0135173918679, 0.00783426873386, 0.0148172760382, 0.00190383056179, 0.00411721225828], "mean": [0.660064101219, 0.151063501835, 0.112660616636, 0.0491088330746, 0.0143614178523, 0.00989294238389]}}, "lowlevel": {"barkbands_spread": {"dmean2": 2.10021066666, "median": 5.84068632126, "min": 0.674713432789, "dvar2": 6.83799362183, "dvar": 2.82958269119, "dmean": 1.27509796619, "max": 79.3840866089, "var": 32.0781898499, "mean": 7.11410856247}, "melbands_spread": {"dmean2": 2.8831615448, "median": 5.89125967026, "min": 0.694074451923, "dvar2": 25.5330734253, "dvar": 10.6828603745, "dmean": 1.77291452885, "max": 162.116714478, "var": 269.275970459, "mean": 9.23782348633}, "hfc": {"dmean2": 3.71808481216, "median": 15.2477970123, "min": 1.05429304207e-16, "dvar2": 18.0106754303, "dvar": 7.21249294281, "dmean": 2.34476256371, "max": 104.125343323, "var": 83.1455001831, "mean": 16.0489692688}, "barkbands_kurtosis": {"dmean2": 3.85957980156, "median": 4.24147748947, "min": -1.88898813725, "dvar2": 25.5822601318, "dvar": 9.2147769928, "dmean": 2.34461951256, "max": 120.894340515, "var": 33.9671707153, "mean": 5.79864645004}, "gfcc": {"mean": [-86.6450195312, 188.244812012, -97.3498382568, 15.2243108749, -39.0664749146, 9.21633911133, -13.8414850235, -8.18953132629, 1.57142186165, -8.87882232666, -7.72704648972, -7.4131321907, -4.99429941177], "icov": [[0.000301479914924, -0.0010491280118, 0.000651472888421, -0.0010622855043, 0.000650350993965, -0.00105140602682, 0.000586373382248, -0.000745628320146, 3.73289622075e-05, -0.00081386254169, 0.000615123659372, -0.000188238118426, 0.000139744151966], [-0.0010491280118, 0.00454782322049, -0.00256299925968, 0.00402105972171, -0.00210849242285, 0.00441157864407, -0.00155968545005, 0.00347489793785, -0.00172867928632, 0.00341854267754, -0.00213931663893, 0.00150508328807, -0.000878137303516], [0.000651472888421, -0.00256299925968, 0.00261137401685, -0.00186827639118, 0.00102164107375, -0.00134478288237, 0.00183551991358, -0.00182135705836, 7.45930401536e-06, -0.00246424018405, 0.00148840993643, -0.00049453106476, 0.000622865278274], [-0.0010622855043, 0.00402105972171, -0.00186827639118, 0.00849239621311, -0.00123074336443, 0.00488497968763, -0.00327030732296, 0.00427662068978, -0.00242850859649, 0.00425893487409, -0.00406127702445, 0.00110765988939, 0.000118819792988], [0.000650350993965, -0.00210849242285, 0.00102164107375, -0.00123074336443, 0.00736659020185, -0.00362005084753, 0.000470276660053, -0.00178913492709, -0.000763942254707, -0.00241199717857, 0.00104815594386, 0.000244687980739, -0.00126199633814], [-0.00105140602682, 0.00441157864407, -0.00134478288237, 0.00488497968763, -0.00362005084753, 0.013253480196, -0.00202776957303, 0.00155772001017, -0.00205505941994, 0.00282540055923, -0.000786596559919, -0.000395204551751, 0.000629348913208], [0.000586373382248, -0.00155968545005, 0.00183551991358, -0.00327030732296, 0.000470276660053, -0.00202776957303, 0.0099168960005, -0.00156090385281, 0.0015453962842, -0.00153938541189, -0.000213485807762, 0.0013973005116, -0.00178047490772], [-0.000745628320146, 0.00347489793785, -0.00182135705836, 0.00427662068978, -0.00178913492709, 0.00155772001017, -0.00156090385281, 0.0140949841589, -0.00530645158142, 0.0030269625131, -0.00196679658256, -0.000546531111468, 0.000815821054857], [3.73289622075e-05, -0.00172867928632, 7.45930401536e-06, -0.00242850859649, -0.000763942254707, -0.00205505941994, 0.0015453962842, -0.00530645158142, 0.0144552877173, -0.00723630050197, 0.00257317093201, 0.000805702758953, -0.00325250020251], [-0.00081386254169, 0.00341854267754, -0.00246424018405, 0.00425893487409, -0.00241199717857, 0.00282540055923, -0.00153938541189, 0.0030269625131, -0.00723630050197, 0.019949471578, -0.00523846037686, 0.000446820253273, 0.000868470291607], [0.000615123659372, -0.00213931663893, 0.00148840993643, -0.00406127702445, 0.00104815594386, -0.000786596559919, -0.000213485807762, -0.00196679658256, 0.00257317093201, -0.00523846037686, 0.0172658544034, -0.0057332473807, 0.000874010380358], [-0.000188238118426, 0.00150508328807, -0.00049453106476, 0.00110765988939, 0.000244687980739, -0.000395204551751, 0.0013973005116, -0.000546531111468, 0.000805702758953, 0.000446820253273, -0.0057332473807, 0.0173941105604, -0.00518667791039], [0.000139744151966, -0.000878137303516, 0.000622865278274, 0.000118819792988, -0.00126199633814, 0.000629348913208, -0.00178047490772, 0.000815821054857, -0.00325250020251, 0.000868470291607, 0.000874010380358, -0.00518667791039, 0.0176747478545]], "cov": [[29873.8125, 5952.26855469, -210.572952271, 613.790893555, -538.025634766, -29.997089386, -638.750610352, 24.6870288849, 969.898498535, 197.452255249, -332.263275146, -322.26184082, 50.6352844238], [5952.26855469, 2587.5715332, 1048.62145996, -174.43649292, 19.1976795197, -227.123779297, -264.272369385, -57.9622802734, 317.459869385, 73.8121948242, -120.196243286, -146.170578003, 49.0698127747], [-210.572952271, 1048.62145996, 1473.12084961, -214.20072937, 84.724899292, -147.850708008, -200.396362305, 20.7295837402, 165.928375244, 95.7182006836, -66.3521881104, -55.4275131226, 6.30712032318], [613.790893555, -174.43649292, -214.20072937, 310.453552246, -69.6671066284, -27.9421749115, 67.9551849365, -40.9054527283, -23.6153774261, -27.6339149475, 43.8234176636, 3.51061940193, -7.42847251892], [-538.025634766, 19.1976795197, 84.724899292, -69.6671066284, 207.70513916, 37.462802887, 0.142708599567, 27.1785831451, 37.6457061768, 26.2036571503, -9.01561260223, -1.07783579826, 20.7161006927], [-29.997089386, -227.123779297, -147.850708008, -27.9421749115, 37.462802887, 152.712463379, 16.055683136, 34.1887435913, 4.44158744812, 4.15950012207, -5.87800550461, 16.6070709229, -2.59537577629], [-638.750610352, -264.272369385, -200.396362305, 67.9551849365, 0.142708599567, 16.055683136, 164.063247681, -9.87304782867, -50.9822502136, -19.5955162048, 28.5923728943, 7.25135660172, 7.24192047119], [24.6870288849, -57.9622802734, 20.7295837402, -40.9054527283, 27.1785831451, 34.1887435913, -9.87304782867, 112.706954956, 44.1442909241, 17.2084922791, -5.1451716423, 9.40721607208, 1.28876078129], [969.898498535, 317.459869385, 165.928375244, -23.6153774261, 37.6457061768, 4.44158744812, -50.9822502136, 44.1442909241, 163.262252808, 55.5732383728, -27.0356826782, -17.2279872894, 21.3659553528], [197.452255249, 73.8121948242, 95.7182006836, -27.6339149475, 26.2036571503, 4.15950012207, -19.5955162048, 17.2084922791, 55.5732383728, 82.838684082, 4.30918598175, -0.0789042636752, 3.79324412346], [-332.263275146, -120.196243286, -66.3521881104, 43.8234176636, -9.01561260223, -5.87800550461, 28.5923728943, -5.1451716423, -27.0356826782, 4.30918598175, 85.9772949219, 29.3047409058, 0.543423116207], [-322.26184082, -146.170578003, -55.4275131226, 3.51061940193, -1.07783579826, 16.6070709229, 7.25135660172, 9.40721607208, -17.2279872894, -0.0789042636752, 29.3047409058, 80.108581543, 15.7358264923], [50.6352844238, 49.0698127747, 6.30712032318, -7.42847251892, 20.7161006927, -2.59537577629, 7.24192047119, 1.28876078129, 21.3659553528, 3.79324412346, 0.543423116207, 15.7358264923, 69.0209579468]]}, "spectral_energyband_middle_low": {"dmean2": 0.0105052078143, "median": 0.0237644445151, "min": 1.46866450398e-22, "dvar2": 0.000219807247049, "dvar": 6.4164873038e-05, "dmean": 0.00618810765445, "max": 0.190453007817, "var": 0.000238365842961, "mean": 0.0253829285502}, "melbands_crest": {"dmean2": 4.28678417206, "median": 15.7104721069, "min": 1.10158526897, "dvar2": 16.1505870819, "dvar": 5.05166769028, "dmean": 2.47592830658, "max": 33.7990379333, "var": 16.413898468, "mean": 15.5683851242}, "spectral_kurtosis": {"dmean2": 16.2625637054, "median": 21.7780418396, "min": -1.26837015152, "dvar2": 232.30355835, "dvar": 77.1705474854, "dmean": 9.21450901031, "max": 132.142288208, "var": 327.696563721, "mean": 26.2232284546}, "spectral_rms": {"dmean2": 0.0016134417383, "median": 0.00824795290828, "min": 3.10795594989e-12, "dvar2": 2.61033983406e-06, "dvar": 8.0086476828e-07, "dmean": 0.00093344313791, "max": 0.0189230572432, "var": 1.03028050944e-05, "mean": 0.00805421266705}, "zerocrossingrate": {"dmean2": 0.0035357165616, "median": 0.0146484375, "min": 0.0029296875, "dvar2"