{"metadata": {"tags": {"genre": ["Rap"], "album": ["STN MTN / Kauai"], "musicbrainz album type": ["album"], "script": ["Latn"], "albumartistsort": ["Childish Gambino"], "musicbrainz album release country": ["XW"], "acoustid_id": ["9e309767-6a0e-47cf-a096-074ddff9a2b8"], "musicbrainz_artistid": ["7fb57fba-a6ef-44c2-abab-2fa3bdee607e"], "musicbrainz_releasegroupid": ["8615b69b-7f26-453b-9411-0299971153ae"], "musicbrainz_recordingid": ["080fe4c4-92ca-4fac-a886-d738d9a9eca0"], "musicbrainz album status": ["Official"], "albumartist": ["Childish Gambino"], "originaldate": ["2014-10-02"], "artist": ["Childish Gambino"], "bpm": ["0"], "musicbrainz_albumid": ["ed46d108-080a-47e3-99fc-dff0dec9f698"], "artistsort": ["Childish Gambino"], "title": ["Dream / Southern Hospitality / Partna Dem"], "tracknumber": ["1/18"], "musicbrainz_albumartistid": ["7fb57fba-a6ef-44c2-abab-2fa3bdee607e"], "discnumber": ["1/2"], "date": ["2014-10-02"], "acoustid_fingerprint": ["AQADtIvIJkmiJMKFpMpkLggXTR_4ET6uK7hz9MSDH71hXcdJfBnS6EGyZxZ6OvjhxEMfL8Z-4eHxHcl8xMcPf9lx6yymTxK4H7vC4umQH_pRCY8z1HENXdmRy0U_NFV-HD96HQljGqGVKMcDfzmecDX-48ksTO-RXDvSH77APDp-VFFVPB2cRUZI5sFxOTAVdrhO5Gh2SwhZFrokIU9zPMd_gsnRjSsSTdORORdKbse3wy7K41sQikZCUeNQeTNqP_jASYMvTMpRLkRDnEN4BsaJswsuPbgO4z1SKYuF60OY44py6EuF8IOdsBx-3MlxwnpweFOO9hlmKbrQXKmM_qj9wmKyhEVECv8hLjuuo6mUpNCPmPtS_AtC3STEI_Txicd7PE6DP1uC_QiSoxy-yEEX2cFznEK5BmGWbIYe5PoxMrlCfMaFMFGWC6USHjFfNEeVMMuK89hFoVYtZMmiJDpGthfk40X1j9Cy_LgevMc3_EFzaBdyY-cPKom6oXEyVE523Ec_ool748N3FaGeI6HL4zSe6MF3OM_RZZmHKy-S60iXZSl-4fnAnDKaU8Pr4lGDhDnyGXdysNeCZ3zQ9KjDFdGzGsmF87CmlPhxNNWPiSWeyTR4NH0R6ULS4vvxoxa8JXhiXB3SJ0OeCu7Q77i0F9ZLPFSJJ8mHMBWhz0e6o8xkAfvRR9zQTCp1XL2RN1B5Gc179BsuHnlCY8oe9MfhL8UvxH_xLOOhkTgjHD00Mh9M5QiVEhW3TDiLkyUe-M2Razr-hIOjlQvkH2nUC2aMU4f3I_qSQ9x2hAZTXmhGcsJTnHkRNoIi-siF5hp6FV-O9_iOrmkJX3LRPVFwCnUSCl6OZGwbHHpC5NrioJLRJBPT4MlKXMyIKY8iPDvS-UjmRCxq5cZPPPnR52h61Ame4EuOhjlRJWOOm0nxB_llSMnSI-cPJs-Ph2Hw_LC_4BcOdpGElIuSQqfwQEta5PoCnxMuXAdOHf6ToHqG58ipQJF-o6mCd-Hx0lAb3th-6N1TfFZRMoKY4teRfVSIHk-W4uZx7ehzGKV0Kfjy4MePvmjICfxxffiD0Bsa8sSnGTuaNNMw9TgnXAPzwj80OXj0C-GDox2HH6Xkw3F24Z7QG9eQHzqyzwezT7gmKzA5XDqyH6J_fPCPbJfgXtiH0zBxwU5zVFyO_miuJ4jfQ45EIlQbH02H4TgzEZfDIzycS5CZw4e2ox_E59DhB0deBdt-3If5HEf6QLty_OiF5sF59Njx6fgkZYOPy7iP5oLwKPCz4AtKEvfgHx9x-FEefMbxL_hwRnDqE70HLR3R7-jR5Am-Hc1J9Ak0HUZ84coOs8KL9Dy6Ao16QbuhXYEfcYJ8Hb64QNN4pD-u40fzUuhz_OiP9GMhPxXM46Z1jC5Mxi5-iO6RnviPe0fjHt9z3ETOQ7NyNFtjId_w4DrODK9whYh-VJISL7BeQpOkED_CGC-u5PARUxm-44f64IqET8dxwBd6HWpOVPAvHOc-HE9WqF5IOLkOqsqF_8EDH7127DlK9bgGaz50mDx--FmO8Me3ow-JKcXRZ8cn_Mj244eYBR98-HhwHoekH5WFn-hzuMrxH18Q-sSZDCF1ozkN-fh9_Ar45Xgz9GgoJjN0Hr2Rw9bRJVyKXIceNCe6I9eFqj3CMF8Drbdh1D9uCrUP6slR6GDIKCEcH9KPRsc7PEdewSqt4osWXMcPaiy-Dj0vhJmi6Al-6JlRWimaOPhKBdeJQ1ePMA6eZ0QYksZXSLmeoekW_Li07-iLhuTxHFr6Fz2FG_WG5od-lDn8SFD9wD_648ky4xfC3WgqpseT4Tuy_Ggi9sg7hGmUxUGp7cGhJwqax6jUdXjSWPihHT66JYyhbw96SIp59CHyqBae9Ogj0DyqH100HnZ6JBPtCPkbgVsVPEd1oWl-XG-CHzm0TEadpBT0b8N_rM8RUvowRUmSHHeQP72QLDomC0-SJBzR7Mck5_gDnjjeYaJER2gsxD90STYu6Uil4-qxZjo-E-GPL1KOfsZ_NKeFvuiy8GieBSc9NE_Q1_igRT96_OgHH5d2ePjhafB3vIGW40WeHhcaLkfY4zl09DnSF_3g406MHEwUPgQj6Agf7fDR47LQ12jM4NqCMEkydRGSfiJ-9Ee_RDqaE8_xxYQ5Dclz9GhiHmr9oXk29MiPH9VpEc2HZ_oxaSfR7EgurUYOO5GM-3hD1Dra49GR_EjP4PFI4S8x6ZIObzz8o9eKEHoGR3yQ44FVojSP-Mepo2dhD_rhD6eRw-kRFpeGkoFenDcc8vikwxt8nAwqp-gP6zjEH_9GnDhMBbFzHA98HufxHT_ScDt-qMM34MKL43COHvJHokfq5PhxB183-OCP_NCHz0S1esd7cGEOzabgC-F5lMex2fhm5IdRxYfK5SijC54O7TyiV-gzNGl4XBH6gMkWJsITSceFJj_C6xF05MmHZuGCslPx4s6konbQWLki5IVUhA2Ro0c_iHqOjznSo29xB81RbzFiim0h5TlS97jww51uofgQqjz8G9JzXHjwE76xyRzR68Fj_BC54MObo1H8BNNz5ARwBEUCCcEEsAQQQwEBAhhBDEHACCoIAMgAgRR2jhChKEBMMaAYAIQQAZQAhgEGBCKKGlAIZIIYIAkAgBgFkHBIGGQIcAwwwZgCSiiALCOAMMIQAIQoQRQyEBgmhDJQKEIsAYYgxxgB1glgBAMAYCOUIBICQQBhAAlgkBaACIKEAk4wAwQhBgEgAWKCWCWcJMQAYBQBBHGCCDFHEAWkYABIwqwEAhhDEFICCiOAEAIgAIBBjAkmGBGCAAUZQYZQIgQyAACAjBBGGEIJYowaJwAWBgjAIBEKASIFAQ4QIZCiDCABFFMGCAOAAQoQZ4BkgBogiBGQGACUMUYQIoAQABgBAFACKEKAEMYgoJRATAlAjHCGKkEIEAI6BI1QgihCBFEIYGIIgMBAhwgRUgkhABGEESEcU5YgoBAVBAgFgBhGOYmsEwoZJbBEwjBAlFCGAWCZIs4IQ4AiwgCAqAJSKKOMEIBIJZhxAggCiFCCOACYIYAQJwhBAgBhgBFNEGQQIUwxZBQTwhqjgPhCICOQNYAyQIABgFEBDDFAIIMcEMAAJMwAzEhgBIEESICEUAgAZQBSBggBEBHAKEAFA0pRJZgSYjAGBADKASMMko4QZgUyFAICABLICEmCEIIYIiwAAgjDAGAKWGYAIEQKIghEQAmlICEAJGMQ1pgQEgVBgBDDFBBCGEAIAYaRJIAQBBBEAQFeAGAYYcQoABAQ0EhmCSHEACIEAQQARoAWlGiADBBMCQCQSIJJhAAgyDAEAdIMEgIQAIwAxwhBBgkiFLNEACIIEU4pJAgySggGABHAIIAEMp4aQwxgymqnDHKEIQMQAYBIYB1wzEAlACKMGAGEVUx5RwQQwAJghEBKESeQMUQIj5A2CCEhgBAACgJAUAIQIzQARgFCAEAYGCwUkQgIJxFhwEkAFCFUIUsEUUAB"], "media": ["Digital Media"], "file_name": "01 Dream _ Southern Hospitality _ Partna Dem.mp3", "language": ["eng"]}, "audio_properties": {"sample_rate": 44100, "downmix": "mix", "lossless": false, "analysis_sample_rate": 44100, "md5_encoded": "bef4f94e330af1dae485cd0a60ba3d78", "equal_loudness": 0, "replay_gain": -12.4105529785, "codec": "mp3", "bit_rate": 192000, "length": 300.799987793}, "version": {"extractor": "music 1.0", "essentia_build_sha": "70f2e5ece6736b2c40cc944ad0e695b16b925413", "essentia_git_sha": "v2.1_beta2", "essentia": "2.1-beta2"}}, "rhythm": {"beats_loudness_band_ratio": {"dvar2": [0.243987232447, 0.0540315881371, 0.0779193490744, 0.0679885223508, 0.0393300130963, 0.0862317606807], "var": [0.117805108428, 0.0200993865728, 0.0378999747336, 0.0193341597915, 0.0143037363887, 0.0351640172303], "min": [8.18492367216e-07, 2.2592364985e-05, 2.10686739592e-05, 2.56481007455e-06, 3.49550731471e-07, 2.82708498389e-07], "dmean": [0.307696849108, 0.114412754774, 0.155591905117, 0.133038237691, 0.113360174, 0.164468958974], "mean": [0.402797430754, 0.112010776997, 0.167366474867, 0.112772591412, 0.101121865213, 0.132325083017], "max": [0.999650776386, 0.743784368038, 0.870470106602, 0.779354095459, 0.748344302177, 0.986949980259], "dmean2": [0.579231083393, 0.207861319184, 0.277499854565, 0.244934901595, 0.213187947869, 0.311672776937], "median": [0.366770386696, 0.0534380599856, 0.0835692808032, 0.0650592148304, 0.0528934895992, 0.0371743030846], "dvar": [0.074481844902, 0.0189105086029, 0.0288239847869, 0.0220465082675, 0.0125202191994, 0.030868107453]}, "bpm_histogram_first_peak_weight": {"dvar2": 0, "var": 0, "min": 0.224738672376, "dmean": 0, "mean": 0.224738672376, "max": 0.224738672376, "dmean2": 0, "median": 0.224738672376, "dvar": 0}, "bpm": 95.0614700317, "beats_count": 575, "bpm_histogram_first_peak_spread": {"dvar2": 0, "var": 0, "min": 0.434210538864, "dmean": 0, "mean": 0.434210538864, "max": 0.434210538864, "dmean2": 0, "median": 0.434210538864, "dvar": 0}, "danceability": 1.21717190742, "bpm_histogram_first_peak_bpm": {"dvar2": 0, "var": 0, "min": 96, "dmean": 0, "mean": 96, "max": 96, "dmean2": 0, "median": 96, "dvar": 0}, "beats_position": [0.615328788757, 1.24226760864, 1.86920630932, 2.49614500999, 3.06503391266, 3.62231278419, 4.17959165573, 4.73687076569, 5.2941493988, 5.85142850876, 6.35065746307, 6.86149644852, 7.36072540283, 7.87156438828, 8.38240337372, 8.90485286713, 9.32281208038, 9.75238037109, 10.1819496155, 10.5882987976, 10.9946479797, 11.3893871307, 11.7957363129, 12.1904764175, 12.5852155685, 12.9799547195, 13.3746938705, 13.7694330215, 14.1525621414, 14.5356912613, 14.90721035, 15.2787294388, 15.6502494812, 16.0217685699, 16.3816776276, 16.7299766541, 17.0898857117, 17.4381847382, 17.7980957031, 18.2508831024, 18.7036724091, 19.1564617157, 19.6208610535, 20.0968704224, 20.5844898224, 21.1649875641, 21.7454872131, 22.3143768311, 22.8832645416, 23.4521541595, 24.0326519012, 24.6131515503, 25.1936511993, 25.774148941, 26.3546485901, 26.9467563629, 27.5388660431, 28.1309738159, 28.7230834961, 29.3151912689, 29.9073009491, 30.5110206604, 31.1147384644, 31.6952381134, 32.2757377625, 32.8678436279, 33.4483451843, 34.0172348022, 34.5977325439, 35.1782302856, 35.7819480896, 36.397277832, 37.0126075745, 37.6279373169, 38.2432632446, 38.8353729248, 39.427482605, 40.0195922852, 40.6116981506, 41.192199707, 41.7494773865, 42.3183670044, 42.8756446838, 43.4445343018, 44.0134239197, 44.5707015991, 45.046710968, 45.5343284607, 46.0219497681, 46.4863471985, 46.9623565674, 47.4383659363, 47.9027671814, 48.3671646118, 48.8315620422, 49.3540115356, 49.8764610291, 50.5266189575, 51.1767807007, 51.8269386292, 52.4770965576, 53.1156463623, 53.7541923523, 54.3811340332, 55.0080718994, 55.6350097656, 56.2619476318, 56.9004974365, 57.5390472412, 58.1659851074, 58.7929229736, 59.4198646545, 60.0584106445, 60.6969604492, 61.3238983154, 61.9508361816, 62.5777778625, 63.2163238525, 63.8548736572, 64.5050354004, 65.1435852051, 65.7821273804, 66.409072876, 67.0360107422, 67.6629486084, 68.3014984131, 68.9400405884, 69.566986084, 70.1939239502, 70.8208618164, 71.4594116211, 72.0979614258, 72.724899292, 73.3518371582, 73.9787750244, 74.6173248291, 75.2558746338, 75.8828125, 76.5097503662, 77.1366882324, 77.7752380371, 78.4137878418, 79.040725708, 79.6676635742, 80.2946014404, 80.9215393066, 81.5600891113, 82.198638916, 82.8255767822, 83.4525146484, 84.1026763916, 84.7296142578, 85.356552124, 85.9834899902, 86.6104278564, 87.2489776611, 87.8875274658, 88.514465332, 89.1530151367, 89.7799530029, 90.4068908691, 91.0222167969, 91.6491622925, 92.2761001587, 92.9378662109, 93.5764160156, 94.2033538818, 94.830291748, 95.4688415527, 96.1073913574, 96.7343292236, 97.3612670898, 97.9882049561, 98.6151428223, 99.253692627, 99.8922424316, 100.530792236, 101.169342041, 101.807891846, 102.44644165, 103.073379517, 103.700317383, 104.327255249, 104.965805054, 105.604354858, 106.231292725, 106.858230591, 107.496780396, 108.1353302, 108.762268066, 109.389205933, 110.027755737, 110.654693604, 111.28163147, 111.896957397, 112.523895264, 113.15083313, 113.777778625, 114.404716492, 115.031654358, 115.658592224, 116.308753967, 116.947296143, 117.585845947, 118.212783813, 118.839729309, 119.466667175, 120.093605042, 120.732154846, 121.370697021, 121.997642517, 122.624580383, 123.25151825, 123.890068054, 124.528617859, 125.155555725, 125.782493591, 126.421043396, 127.047981262, 127.674919128, 128.313461304, 128.94039917, 129.567337036, 130.217498779, 130.844436646, 131.471374512, 132.098312378, 132.725265503, 133.363800049, 134.002349854, 134.62928772, 135.256240845, 135.894775391, 136.533325195, 137.160263062, 137.787200928, 138.414154053, 139.041091919, 139.679641724, 140.31817627, 140.945129395, 141.58366394, 142.210617065, 142.849151611, 143.476104736, 144.103042603, 144.729980469, 145.368530273, 146.007064819, 146.634017944, 147.260955811, 147.899505615, 148.526443481, 149.164993286, 149.791931152, 150.430480957, 151.069015503, 151.707565308, 152.322906494, 152.94984436, 153.576782227, 154.203720093, 154.842269897, 155.480819702, 156.107757568, 156.734695435, 157.361633301, 158.000183105, 158.63873291, 159.265670776, 159.892608643, 160.519546509, 161.158096313, 161.796646118, 162.423583984, 163.050521851, 163.689071655, 164.32762146, 164.954559326, 165.581497192, 166.208435059, 166.846984863, 167.473922729, 168.112472534, 168.7394104, 169.366348267, 170.004898071, 170.643447876, 171.270385742, 171.897323608, 172.524261475, 173.151199341, 173.789749146, 174.42829895, 175.055236816, 175.682174683, 176.320724487, 176.959274292, 177.586212158, 178.213150024, 178.840087891, 179.467025757, 180.105575562, 180.744125366, 181.371063232, 181.998001099, 182.624938965, 183.275100708, 183.902038574, 184.52897644, 185.155914307, 185.794464111, 186.433013916, 187.059951782, 187.686889648, 188.313827515, 188.789840698, 189.265853882, 189.741851807, 190.21786499, 190.693878174, 191.169876099, 191.657501221, 192.145126343, 192.632736206, 193.120361328, 193.61958313, 194.107208252, 194.594833374, 195.082443237, 195.558456421, 196.046066284, 196.568527222, 197.0909729, 197.613418579, 198.124252319, 198.646713257, 199.157546997, 199.679992676, 200.179229736, 200.620407104, 201.038360596, 201.456329346, 201.874282837, 202.315460205, 202.756637573, 203.197814941, 203.62739563, 204.05696106, 204.498138428, 204.939315796, 205.368881226, 205.810058594, 206.239639282, 206.669204712, 207.098770142, 207.516723633, 207.934692383, 208.352645874, 208.782211304, 209.211791992, 209.629745483, 210.047698975, 210.465667725, 210.883621216, 211.313186646, 211.742767334, 212.160720825, 212.578674316, 212.996643066, 213.426208496, 213.855773926, 214.273742676, 214.691696167, 215.109649658, 215.539230347, 215.968795776, 216.386749268, 216.804718018, 217.234283447, 217.675460815, 218.128250122, 218.604263306, 219.08026123, 219.544662476, 219.985839844, 220.415420532, 220.844985962, 221.262939453, 221.680908203, 222.098861694, 222.528427124, 222.958007812, 223.375961304, 223.793914795, 224.211883545, 224.629837036, 225.047790527, 225.477371216, 225.906936646, 226.324890137, 226.742858887, 227.160812378, 227.590377808, 228.019943237, 228.437911987, 228.855865479, 229.297042847, 229.715011597, 230.144577026, 230.562530518, 230.992111206, 231.410064697, 231.839630127, 232.257598877, 232.675552368, 233.081893921, 233.499862671, 233.929428101, 234.35899353, 234.77696228, 235.194915771, 235.612869263, 236.042449951, 236.472015381, 236.889968872, 237.319549561, 237.74911499, 238.167068481, 238.585037231, 239.002990723, 239.420944214, 239.838912964, 240.256866455, 240.686431885, 241.115997314, 241.533966064, 241.951919556, 242.381484985, 242.811065674, 243.229019165, 243.646972656, 244.076553345, 244.494506836, 244.924072266, 245.342041016, 245.771606445, 246.201171875, 246.619140625, 247.037094116, 247.455047607, 247.873016357, 248.290969849, 248.70892334, 249.12689209, 249.55645752, 249.974411011, 250.403991699, 250.82194519, 251.25151062, 251.681091309, 252.0990448, 252.516998291, 252.934967041, 253.364532471, 253.7940979, 254.212051392, 254.64163208, 255.047973633, 255.465942383, 255.895507812, 256.325073242, 256.754638672, 257.184204102, 257.613769531, 258.043365479, 258.461303711, 258.879272461, 259.285614014, 259.703582764, 260.121551514, 260.551116943, 260.969055176, 261.387023926, 261.804992676, 262.246154785, 262.664123535, 263.082092285, 263.511657715, 263.929595947, 264.359191895, 264.777130127, 265.195098877, 265.613067627, 266.031005859, 266.460571289, 266.878540039, 267.308105469, 267.726074219, 268.144042969, 268.561981201, 269.003173828, 269.432739258, 269.873931885, 270.326721191, 270.779510498, 271.232299805, 271.696685791, 272.137878418, 272.579040527, 273.008605957, 273.438171387, 273.856140137, 274.274108887, 274.692047119, 275.110015869, 275.539581299, 275.969146729, 276.387115479, 276.805084229, 277.223022461, 277.652587891, 278.082183838, 278.50012207, 278.91809082, 279.34765625, 279.77722168, 280.19519043, 280.61315918, 281.031097412, 281.460662842, 281.890258789, 282.308197021, 282.726165771, 283.144134521, 283.562072754, 283.991638184, 284.421234131, 284.839172363, 285.257141113, 285.675109863, 286.104675293, 286.534240723, 286.952209473, 287.370147705, 287.799713135, 288.229278564, 288.647247314, 289.076812744, 289.494781494, 289.924346924, 290.342315674, 290.771881104, 291.189849854, 291.607788086, 292.025756836, 292.455322266, 292.873291016, 293.291229248, 293.709197998, 294.138763428, 294.568328857, 294.986297607, 295.404266357, 295.82220459, 296.251800537, 296.681365967, 297.110931396, 297.540496826, 297.958465576, 298.376403809, 298.805969238, 299.235565186, 299.665130615, 300.094696045], "beats_loudness": {"dvar2": 0.00387130118906, "var": 0.00176209991332, "min": 2.07063102775e-10, "dmean": 0.0348214805126, "mean": 0.0491959191859, "max": 0.191129118204, "dmean2": 0.0663595795631, "median": 0.0393242388964, "dvar": 0.0011233156547}, "bpm_histogram_second_peak_weight": {"dvar2": 0, "var": 0, "min": 0.210801392794, "dmean": 0, "mean": 0.210801392794, "max": 0.210801392794, "dmean2": 0, "median": 0.210801392794, "dvar": 0}, "bpm_histogram_second_peak_spread": {"dvar2": 0, "var": 0, "min": 0.444954097271, "dmean": 0, "mean": 0.444954097271, "max": 0.444954097271, "dmean2": 0, "median": 0.444954097271, "dvar": 0}, "bpm_histogram_second_peak_bpm": {"dvar2": 0, "var": 0, "min": 144, "dmean": 0, "mean": 144, "max": 144, "dmean2": 0, "median": 144, "dvar": 0}, "onset_rate": 4.74046278}, "lowlevel": {"spectral_energyband_high": {"dvar2": 1.58493967319e-05, "var": 9.18371097214e-06, "min": 7.89760544917e-21, "dmean": 0.00122973020189, "mean": 0.00151949573774, "max": 0.0317099764943, "dmean2": 0.00188958435319, "median": 0.000321930914652, "dvar": 6.97613404554e-06}, "spectral_energyband_middle_low": {"dvar2": 0.000260899891146, "var": 0.000151030020788, "min": 4.13375130265e-22, "dmean": 0.00582199869677, "mean": 0.00982080027461, "max": 0.116945698857, "dmean2": 0.00952402781695, "median": 0.0048792110756, "dvar": 9.93987487163e-05}, "spectral_energy": {"dvar2": 0.00109103415161, "var": 0.00130476488266, "min": 1.10459962244e-20, "dmean": 0.0136629091576, "mean": 0.0350149087608, "max": 0.23259562254, "dmean2": 0.0219480190426, "median": 0.0246229507029, "dvar": 0.000478319241665}, "spectral_spread": {"dvar2": 3609171329020.0, "var": 5522432458750.0, "min": 106565.445312, "dmean": 1036241.3125, "mean": 5243285, "max": 41873236, "dmean2": 1522388.375, "median": 4676375, "dvar": 1904399482880.0}, "spectral_energyband_low": {"dvar2": 0.0010689094197, "var": 0.000945096311625, "min": 1.25080447224e-22, "dmean": 0.00947379507124, "mean": 0.0196226499975, "max": 0.230983316898, "dmean2": 0.0158852506429, "median": 0.00173474173062, "dvar": 0.000443124008598}, "spectral_rolloff": {"dvar2": 8087538, "var": 7728763, "min": 21.533203125, "dmean": 1085.12524414, "mean": 2196.98046875, "max": 19099.9511719, "dmean2": 1812.25939941, "median": 1119.7265625, "dvar": 3800837.5}, "barkbands": {"dvar2": [3.2293055483e-06, 0.00104444276076, 0.000282915512798, 7.58234382374e-05, 1.67033340404e-05, 2.44570110226e-05, 6.44061947241e-05, 2.52098161582e-05, 3.23170170304e-05, 8.84593828232e-06, 6.23501227892e-06, 8.88105205377e-06, 6.46335092824e-06, 4.88991008751e-06, 4.51936466561e-06, 1.63651714047e-06, 1.04560081127e-06, 9.68513177213e-07, 7.26914549887e-07, 3.80063937655e-07, 4.00634718289e-07, 2.09617246583e-06, 8.16469935216e-07, 7.59721388022e-07, 1.25720089272e-06, 1.34294467102e-07, 8.94418594743e-10], "var": [4.21719823862e-06, 0.000619142781943, 7.09630621714e-05, 1.56271726155e-05, 1.00226334325e-05, 1.27796265588e-05, 2.89058716589e-05, 1.39671774377e-05, 2.07936045626e-05, 6.53037068332e-06, 3.7147317471e-06, 5.72644967178e-06, 3.84481108995e-06, 2.82849441646e-06, 2.8283300253e-06, 1.19733556403e-06, 8.48374497764e-07, 4.9185342732e-07, 3.25003725266e-07, 2.08377372246e-07, 2.93037430765e-07, 7.41302415008e-07, 4.14303542584e-07, 4.85930968352e-07, 8.10367112081e-07, 4.50220021264e-08, 4.21354812152e-10], "min": [1.59317187215e-22, 3.58017863849e-23, 9.37054027179e-24, 1.38077337689e-23, 3.0883453211e-23, 5.07384163968e-23, 7.57632489447e-23, 1.357190885e-22, 9.72401259289e-23, 7.31149608443e-23, 1.02475417104e-22, 4.79061943323e-23, 1.22177653663e-22, 1.28985472788e-22, 1.21715242333e-22, 1.47311999037e-22, 8.94625884921e-23, 4.29080000358e-22, 2.90219200728e-22, 2.73609627083e-22, 3.96371025194e-22, 6.58833403976e-22, 6.12479684749e-22, 9.45515907762e-22, 1.4664979259e-21, 1.77060857589e-21, 2.08177065788e-21], "dmean": [0.000444063043687, 0.00817877985537, 0.00320419645868, 0.00154743541498, 0.00122010265477, 0.00114927487448, 0.00177196646109, 0.00107303226832, 0.00133627525065, 0.00064309296431, 0.000469078193419, 0.000617340789177, 0.00055670569418, 0.000474615342682, 0.000418833194999, 0.000323618471157, 0.000307111477014, 0.000204672352993, 0.000188123813132, 0.000172638494405, 0.000168929866049, 0.000309777125949, 0.000214876534301, 0.000240882858634, 0.000269917189144, 7.62295967434e-05, 5.94036828261e-06], "mean": [0.000900119484868, 0.0148670161143, 0.00304040149786, 0.00141309457831, 0.00182849285193, 0.00139556161594, 0.00196776515804, 0.00125041953288, 0.00162752822507, 0.000759746821132, 0.000571758719161, 0.000729871098883, 0.000618974678218, 0.000535457278602, 0.000505662814248, 0.000446567486506, 0.000429090461694, 0.000264833768597, 0.000224919946049, 0.000222974835197, 0.000205224481761, 0.000306973990519, 0.000243565649725, 0.000272939272691, 0.000304274522932, 7.57925663493e-05, 5.76858201384e-06], "max": [0.0416189059615, 0.220372632146, 0.104112222791, 0.0788176953793, 0.0454157590866, 0.0681569874287, 0.0955910533667, 0.0573042146862, 0.0651386752725, 0.0656625851989, 0.0385225750506, 0.0446425639093, 0.0297043826431, 0.0447434559464, 0.0514566116035, 0.025895582512, 0.0129743423313, 0.0240921117365, 0.0123276328668, 0.00661995261908, 0.00893695000559, 0.0147400656715, 0.0246443208307, 0.0132469469681, 0.015624511987, 0.00459538213909, 0.000375636154786], "dmean2": [0.00070093764225, 0.0140927098691, 0.00594354001805, 0.00286289700307, 0.00195526494645, 0.0018746702699, 0.00287404051051, 0.00171303318348, 0.00207318039611, 0.000989067135379, 0.000720448500942, 0.000955130963121, 0.000873804558069, 0.000756914843805, 0.000659524113871, 0.000505713920575, 0.000476254703244, 0.000325924629578, 0.000295329606161, 0.00026710779639, 0.000253715057625, 0.000506651238538, 0.000333677890012, 0.000373654300347, 0.000422192475526, 0.000125138976728, 9.36082324188e-06], "median": [1.38430477818e-05, 0.0004141824611, 0.000270591350272, 0.000331097689923, 0.000760418944992, 0.000302550266497, 0.000157876187586, 0.000114661292173, 0.000118976648082, 9.28834051592e-05, 9.06373315956e-05, 9.14948323043e-05, 5.61327797186e-05, 7.58364913054e-05, 9.44267303566e-05, 0.000135443289764, 0.00010941340588, 7.55410583224e-05, 6.50085421512e-05, 6.11331488471e-05, 4.01497891289e-05, 5.20694775332e-05, 3.63896433555e-05, 3.96881223423e-05, 2.71178250841e-05, 6.3884458541e-06, 7.93697694235e-08], "dvar": [1.36964592912e-06, 0.000380921090255, 9.53721901169e-05, 2.52530207945e-05, 6.65566949465e-06, 1.00197112261e-05, 2.58562486124e-05, 1.05951685327e-05, 1.43113738886e-05, 4.10871962231e-06, 2.7014771149e-06, 4.02911018682e-06, 2.83532222056e-06, 2.09513063965e-06, 2.05565493161e-06, 7.33171589218e-07, 4.71189053997e-07, 3.94202544385e-07, 3.02009084407e-07, 1.63652998708e-07, 2.0094093145e-07, 8.27758015021e-07, 3.51103267349e-07, 3.4391635495e-07, 5.4823993878e-07, 4.99822050415e-08, 3.7915615092e-10]}, "melbands_skewness": {"dvar2": 5.46021699905, "var": 9.63693523407, "min": -4.4066400528, "dmean": 1.31502962112, "mean": 3.29103517532, "max": 26.813747406, "dmean2": 1.99973940849, "median": 2.46160554886, "dvar": 2.61653923988}, "barkbands_skewness": {"dvar2": 2.84059691429, "var": 4.47079229355, "min": -7.69114255905, "dmean": 0.971847176552, "mean": 1.76396453381, "max": 20.778427124, "dmean2": 1.47020316124, "median": 1.4329726696, "dvar": 1.35652804375}, "erbbands": {"dvar2": [1.00967097282, 56.7754745483, 269.017028809, 671.352294922, 311.244140625, 309.112945557, 474.9190979, 2697.421875, 11188.5419922, 16868.1035156, 13939.1894531, 17859.5117188, 12520.9648438, 4476.83642578, 10973.6035156, 12775.1982422, 11375.5390625, 10256.9677734, 13556.1708984, 8462.52246094, 4044.45825195, 3202.83959961, 2781.26489258, 2521.84741211, 1466.49804688, 720.621948242, 754.635681152, 607.966796875, 1042.08459473, 3991.38867188, 669.911437988, 379.597229004, 221.832046509, 245.305297852, 45.4456253052, 5.04560518265, 0.372447520494, 0.00807019975036, 2.6373701985e-05, 1.21393952668e-07], "var": [0.923707842827, 27.7060146332, 87.9325485229, 153.28805542, 91.0070495605, 194.553833008, 186.729125977, 1429.82263184, 5202.19189453, 6641.86914062, 8396.6171875, 10888.7832031, 10281.4462891, 3766.47387695, 7448.5546875, 7914.93359375, 7303.60986328, 6611.69921875, 7579.50976562, 4781.25048828, 2878.64379883, 2434.04296875, 1551.96081543, 939.34375, 840.115234375, 430.87322998, 463.152130127, 433.960723877, 531.486083984, 1224.34643555, 331.370880127, 219.960662842, 138.92515564, 96.9352798462, 37.4916763306, 3.23573517799, 0.121391825378, 0.00254708738066, 1.14377007776e-05, 6.07681798215e-08], "min": [2.61306658428e-21, 3.29155158626e-21, 8.55163631844e-21, 4.05538123066e-20, 3.3090782025e-20, 1.49440439867e-19, 3.92501801849e-19, 3.51909309155e-19, 9.94160357484e-19, 1.96760232217e-18, 2.0998904224e-18, 2.83573044299e-18, 2.14982545482e-18, 3.13528935233e-18, 3.08280619003e-18, 2.34853698542e-18, 5.65407065438e-18, 7.21955132266e-18, 5.10010407584e-18, 8.5587774139e-18, 6.82282598831e-18, 6.00092402883e-18, 2.39815640709e-17, 1.80944071548e-17, 1.30127372125e-17, 1.11558102087e-17, 1.48114067129e-17, 2.06526617224e-17, 2.12672767699e-17, 1.85149424695e-17, 1.84212874261e-17, 2.04006032462e-17, 1.5421358116e-17, 1.57709511127e-17, 1.08926923276e-17, 6.14190910603e-18, 3.50513317794e-18, 1.117835026e-18, 3.18071056355e-19, 3.13536478087e-20], "dmean": [0.274178445339, 1.76451778412, 3.26410508156, 4.93845081329, 3.82278132439, 4.86732816696, 4.66910171509, 11.6302042007, 23.6322345734, 23.6182994843, 25.7037658691, 29.2847213745, 25.4998607635, 15.0642328262, 20.2634029388, 23.7597427368, 24.1048927307, 23.7494926453, 22.1585521698, 19.9954051971, 15.9460678101, 16.7833824158, 11.3315057755, 8.93158054352, 10.0269460678, 7.91102361679, 6.70594406128, 6.51701259613, 7.66807699203, 12.3763866425, 6.27416276932, 5.32089328766, 3.92983818054, 3.56573987007, 1.52038919926, 0.516841769218, 0.12172909081, 0.0181449986994, 0.00115465978161, 7.2107410233e-05], "mean": [0.558559238911, 2.7867975235, 3.66176986694, 4.72565746307, 4.90248966217, 6.87924289703, 5.86958742142, 14.0868682861, 27.1771526337, 26.1228561401, 31.5355129242, 36.0289878845, 32.3830909729, 20.4372653961, 26.69647789, 28.6973972321, 28.4294986725, 28.8245849609, 27.0032520294, 26.32695961, 23.5918064117, 24.1380195618, 15.8465490341, 10.4676370621, 13.2167949677, 10.8488016129, 8.2896270752, 7.83247375488, 8.73709011078, 11.7042732239, 6.92052984238, 5.85317516327, 4.3988404274, 3.59366583824, 1.84364879131, 0.600409388542, 0.117746546865, 0.0170355979353, 0.00110914674588, 9.75804941845e-05], "max": [10.8042354584, 47.530544281, 102.373260498, 178.825042725, 206.517623901, 205.753494263, 345.755187988, 685.862487793, 1263.16601562, 2042.6015625, 1499.89294434, 1526.10693359, 2496.80102539, 1128.82055664, 1639.96777344, 1843.00622559, 1613.42077637, 1512.67626953, 2545.0078125, 1882.17822266, 1584.14147949, 610.548828125, 1400.85681152, 452.90802002, 503.240539551, 347.823120117, 476.293243408, 395.082122803, 506.686920166, 773.989074707, 535.907775879, 323.667541504, 263.18536377, 149.927246094, 124.772544861, 32.3023338318, 8.50775527954, 1.03878724575, 0.0634510368109, 0.00582546973601], "dmean2": [0.469795793295, 2.99450206757, 5.78217172623, 9.20245170593, 6.53305482864, 7.72799348831, 7.73636484146, 18.9366493225, 38.2865028381, 38.2146911621, 40.2954292297, 45.4265708923, 38.1037597656, 22.6842193604, 30.306060791, 36.4891319275, 36.8722686768, 37.0879745483, 34.5431938171, 30.8344306946, 24.4442863464, 25.9996833801, 17.7601451874, 14.2080717087, 15.4417963028, 12.1419353485, 10.0969610214, 9.96369457245, 12.0036220551, 20.5158729553, 9.81069755554, 8.34477233887, 6.10863924026, 5.70629501343, 2.33169221878, 0.815347790718, 0.200343132019, 0.0299458149821, 0.00185689935461, 0.000115744551294], "median": [0.0105784870684, 0.0972023308277, 0.401617705822, 1.00812935829, 2.04821491241, 2.12687492371, 2.08020162582, 2.78072452545, 3.02711105347, 3.0076956749, 3.36933112144, 2.86367082596, 3.1006603241, 3.78292393684, 4.09406805038, 3.98096847534, 3.12225103378, 3.98514795303, 5.4678735733, 7.20703268051, 7.48440361023, 6.78858947754, 4.4525384903, 3.05932831764, 4.26339149475, 3.39779758453, 2.12423706055, 1.18191552162, 1.65271401405, 1.69160914421, 0.989204764366, 0.710052371025, 0.626649975777, 0.41342318058, 0.141684532166, 0.0418559089303, 0.00910691171885, 0.00100527517498, 5.850522939e-05, 4.70131672046e-05], "dvar": [0.37181276083, 21.9110164642, 98.0840148926, 225.315963745, 107.575340271, 128.330184937, 180.075332642, 1111.84899902, 4453.06103516, 6644.72607422, 5910.21484375, 7801.76074219, 5976.55566406, 2083.47143555, 4933.00488281, 5668.92089844, 5103.60644531, 4480.86279297, 5884.90136719, 3589.05029297, 1756.07397461, 1387.59753418, 1143.0670166, 999.611022949, 638.845397949, 314.605163574, 356.917297363, 300.113128662, 456.263000488, 1520.4395752, 284.708343506, 166.330856323, 100.036132812, 96.4021835327, 21.2568473816, 2.1413064003, 0.13796852529, 0.00300600286573, 1.08436652226e-05, 5.21955705324e-08]}, "silence_rate_30dB": {"dvar2": 0.100906550884, "var": 0.0472315065563, "min": 0, "dmean": 0.0466229245067, "mean": 0.950293302536, "max": 1, "dmean2": 0.0932530462742, "median": 1, "dvar": 0.0444494001567}, "melbands_spread": {"dvar2": 1537.14099121, "var": 1250.9967041, "min": 0.066777780652, "dmean": 14.5390548706, "mean": 29.4505729675, "max": 299.224456787, "dmean2": 22.6929759979, "median": 18.1195259094, "dvar": 701.545959473}, "melbands_crest": {"dvar2": 36.6700782776, "var": 59.317363739, "min": 1.0053409338, "dmean": 3.94783878326, "mean": 16.6887512207, "max": 37.3855628967, "dmean2": 6.56531667709, "median": 15.5143089294, "dvar": 14.0000514984}, "zerocrossingrate": {"dvar2": 0.000951017078478, "var": 0.00494580110535, "min": 0.00048828125, "dmean": 0.022071480751, "mean": 0.0799864307046, "max": 0.51708984375, "dmean2": 0.0248045288026, "median": 0.05859375, "dvar": 0.000867371447384}, "barkbands_kurtosis": {"dvar2": 792.541625977, "var": 467.442352295, "min": -1.97290122509, "dmean": 7.01194620132, "mean": 8.5798034668, "max": 528.800720215, "dmean2": 11.2588071823, "median": 2.26860618591, "dvar": 326.585266113}, "spectral_flux": {"dvar2": 0.00435074651614, "var": 0.00556573504582, "min": 1.05099935699e-10, "dmean": 0.0353128910065, "mean": 0.0997028723359, "max": 0.460099369287, "dmean2": 0.0554434880614, "median": 0.084427639842, "dvar": 0.00201288564131}, "barkbands_crest": {"dvar2": 24.8055744171, "var": 31.2011013031, "min": 1.86186051369, "dmean": 3.34973835945, "mean": 11.9580945969, "max": 26.2930679321, "dmean2": 5.51041173935, "median": 10.8855705261, "dvar": 9.59131336212}, "barkbands_flatness_db": {"dvar2": 0.00209542829543, "var": 0.00608070008457, "min": 0.0206210184842, "dmean": 0.0317049361765, "mean": 0.168621599674, "max": 0.974453270435, "dmean2": 0.0471921227872, "median": 0.157653048635, "dvar": 0.0010101191001}, "spectral_entropy": {"dvar2": 0.131360664964, "var": 0.381827116013, "min": 2.56569457054, "dmean": 0.255104094744, "mean": 7.54625797272, "max": 9.78642368317, "dmean2": 0.364007949829, "median": 7.51717472076, "dvar": 0.0708832964301}, "pitch_salience": {"dvar2": 0.0181296598166, "var": 0.0334958210588, "min": 0.0240247696638, "dmean": 0.0898866727948, "mean": 0.515953719616, "max": 0.995969474316, "dmean2": 0.145900532603, "median": 0.520000219345, "dvar": 0.00731837237254}, "erbbands_spread": {"dvar2": 633.540283203, "var": 615.961975098, "min": 0.434521913528, "dmean": 13.760307312, "mean": 41.4386138916, "max": 186.573287964, "dmean2": 21.4377746582, "median": 37.3383712769, "dvar": 273.20098877}, "dynamic_complexity": 4.48169660568, "spectral_contrast_valleys": {"dvar2": [0.460983157158, 0.716735124588, 0.451245635748, 0.304086148739, 0.245743915439, 0.522870719433], "var": [3.95954489708, 1.63067364693, 1.55870366096, 1.47559809685, 1.48361957073, 2.50061774254], "min": [-26.9701385498, -27.0443611145, -27.2428627014, -27.2368717194, -27.2609882355, -27.4398422241], "dmean": [0.493641555309, 0.570783257484, 0.481663048267, 0.407398253679, 0.359873652458, 0.532064318657], "mean": [-8.12218952179, -7.49782991409, -7.92516088486, -8.15547084808, -8.04633331299, -10.3323564529], "max": [-4.92687559128, -4.44164180756, -4.70030117035, -5.31885480881, -5.32510948181, -7.22816991806], "dmean2": [0.749984145164, 0.883914649487, 0.71841186285, 0.592624008656, 0.493206441402, 0.690201282501], "median": [-7.76178073883, -7.37450265884, -7.77888870239, -8.00439357758, -7.89906311035, -10.1071777344], "dvar": [0.254750132561, 0.315634548664, 0.223040521145, 0.167455837131, 0.147092297673, 0.318884372711]}, "hfc": {"dvar2": 1265.18115234, "var": 953.858154297, "min": 1.14834771288e-16, "dmean": 13.8674726486, "mean": 25.4941482544, "max": 243.056488037, "dmean2": 21.1635494232, "median": 13.7994775772, "dvar": 554.435668945}, "spectral_kurtosis": {"dvar2": 1435.14929199, "var": 485.51751709, "min": -1.45549404621, "dmean": 2.81519842148, "mean": 5.31594514847, "max": 1040.56433105, "dmean2": 4.69322776794, "median": 3.48548722267, "dvar": 434.680175781}, "mfcc": {"mean": [-678.939941406, 97.8970870972, 1.91154372692, 15.9957456589, 6.26270723343, 3.82072377205, -2.9923593998, 1.92568767071, 0.963093936443, 1.54005229473, -1.59444832802, 0.222945168614, 4.67757987976], "cov": [[10004.7412109, 145.505264282, 419.144470215, -41.3568153381, 375.320526123, 198.978103638, 76.1407394409, 297.657012939, 223.880355835, 63.7325592041, 183.015731812, 13.5423402786, 24.9362602234], [145.505264282, 2648.57202148, 132.44960022, 331.276000977, 331.74407959, 75.1629257202, 253.171569824, 143.690689087, 95.3388290405, -2.14463973045, 101.140487671, 83.449508667, 51.2927970886], [419.144470215, 132.44960022, 1470.92797852, 163.716751099, 408.568664551, 180.118331909, 151.037277222, 123.128669739, 33.2195587158, -75.5205841064, 18.6664180756, 59.7579879761, 2.72214627266], [-41.3568153381, 331.276000977, 163.716751099, 856.044555664, 486.844085693, 239.935058594, 173.525543213, 120.058952332, 149.327560425, 78.1561965942, -6.77734470367, 39.0522041321, 93.3580474854], [375.320526123, 331.74407959, 408.568664551, 486.844085693, 739.409667969, 252.630599976, 188.85345459, 124.596008301, 120.172210693, 49.8054618835, 20.3120384216, 27.7734928131, 50.3372383118], [198.978103638, 75.1629257202, 180.118331909, 239.935058594, 252.630599976, 400.88684082, 218.251693726, 172.368453979, 122.290687561, 85.2866744995, 66.6464309692, 20.0509090424, 32.2701797485], [76.1407394409, 253.171569824, 151.037277222, 173.525543213, 188.85345459, 218.251693726, 456.528045654, 227.885223389, 100.597045898, 33.8191795349, 63.5691337585, 29.6642780304, -2.6937084198], [297.657012939, 143.690689087, 123.128669739, 120.058952332, 124.596008301, 172.368453979, 227.885223389, 329.613311768, 138.110595703, 57.6633872986, 67.2115783691, 37.1724243164, 20.9260787964], [223.880355835, 95.3388290405, 33.2195587158, 149.327560425, 120.172210693, 122.290687561, 100.597045898, 138.110595703, 240.286621094, 111.161773682, 56.3244247437, 36.4467430115, 50.8573150635], [63.7325592041, -2.14463973045, -75.5205841064, 78.1561965942, 49.8054618835, 85.2866744995, 33.8191795349, 57.6633872986, 111.161773682, 258.352172852, 95.4474029541, 56.8404197693, 51.9639892578], [183.015731812, 101.140487671, 18.6664180756, -6.77734470367, 20.3120384216, 66.6464309692, 63.5691337585, 67.2115783691, 56.3244247437, 95.4474029541, 173.906723022, 60.5413513184, 24.548494339], [13.5423402786, 83.449508667, 59.7579879761, 39.0522041321, 27.7734928131, 20.0509090424, 29.6642780304, 37.1724243164, 36.4467430115, 56.8404197693, 60.5413513184, 143.851928711, 62.3473014832], [24.9362602234, 51.2927970886, 2.72214627266, 93.3580474854, 50.3372383118, 32.2701797485, -2.6937084198, 20.9260787964, 50.8573150635, 51.9639892578, 24.548494339, 62.3473014832, 158.175552368]], "icov": [[0.000109107728349, 9.06812545054e-07, -1.21905231936e-05, 5.76319725951e-05, -7.74125510361e-05, -2.18338777813e-06, 6.63553219056e-05, -9.17706856853e-05, -7.10006352165e-05, 3.92229121644e-05, -0.000107254287286, 5.5019325373e-05, -8.04671344667e-06], [9.06812545054e-07, 0.000440017611254, 3.06001784338e-05, -0.000109199994768, -0.000152103355504, 0.000209255507798, -0.000195298256585, -2.0838167984e-05, -4.59008515463e-05, 0.000197122324607, -0.00029397115577, -0.000122081124573, -3.00179272017e-05], [-1.21905231936e-05, 3.06001784338e-05, 0.00089572230354, 0.000151651052875, -0.000546857074369, -0.000196209424757, 1.48422832353e-05, -0.000148788560182, 6.17082550889e-05, 0.000490868580528, -3.27660782204e-05, -0.000522863585502, 0.000151151689352], [5.76319725951e-05, -0.000109199994768, 0.000151651052875, 0.00221444759518, -0.00121624732856, -0.000484104210045, -0.000122434765217, 5.42403031432e-05, -0.000482726114569, -0.000170774001162, 0.000824559887405, -0.000164534329087, -0.000658538192511], [-7.74125510361e-05, -0.000152103355504, -0.000546857074369, -0.00121624732856, 0.00283716898412, -0.000694051967002, -0.000225110823521, 0.000265422044322, -0.000152612672537, -0.000158910523169, 0.000157101836521, 0.000225112948101, -2.32912752836e-05], [-2.18338777813e-06, 0.000209255507798, -0.000196209424757, -0.000484104210045, -0.000694051967002, 0.00464840512723, -0.00120656914078, -0.000809409713838, -0.000380883284379, -0.000619516533334, -0.000860623084009, 0.000870587537065, -0.000302947126329], [6.63553219056e-05, -0.000195298256585, 1.48422832353e-05, -0.000122434765217, -0.000225110823521, -0.00120656914078, 0.00406713364646, -0.00206981948577, 8.39245913085e-05, 0.000421763135819, -0.000422509619966, -0.000320099294186, 0.000811969803181], [-9.17706856853e-05, -2.0838167984e-05, -0.000148788560182, 5.42403031432e-05, 0.000265422044322, -0.000809409713838, -0.00206981948577, 0.00589669961482, -0.00215024966747, 0.000298096856568, -0.000462486670585, -0.000376531417714, 7.0694310125e-05], [-7.10006352165e-05, -4.59008515463e-05, 6.17082550889e-05, -0.000482726114569, -0.000152612672537, -0.000380883284379, 8.39245913085e-05, -0.00215024966747, 0.00717118522152, -0.0021106118802, -6.53041570331e-05, 0.000223838826059, -0.000968323787674], [3.92229121644e-05, 0.000197122324607, 0.000490868580528, -0.000170774001162, -0.000158910523169, -0.000619516533334, 0.000421763135819, 0.000298096856568, -0.0021106118802, 0.0063578854315, -0.0026223459281, -0.00100580835715, -0.000439700903371], [-0.000107254287286, -0.00029397115577, -3.27660782204e-05, 0.000824559887405, 0.000157101836521, -0.000860623084009, -0.000422509619966, -0.000462486670585, -6.53041570331e-05, -0.0026223459281, 0.00904353801161, -0.00262510078028, 0.000319384213071], [5.5019325373e-05, -0.000122081124573, -0.000522863585502, -0.000164534329087, 0.000225112948101, 0.000870587537065, -0.000320099294186, -0.000376531417714, 0.000223838826059, -0.00100580835715, -0.00262510078028, 0.0102077918127, -0.00342555297539], [-8.04671344667e-06, -3.00179272017e-05, 0.000151151689352, -0.000658538192511, -2.32912752836e-05, -0.000302947126329, 0.000811969803181, 7.0694310125e-05, -0.000968323787674, -0.000439700903371, 0.000319384213071, -0.00342555297539, 0.00854932144284]]}, "silence_rate_20dB": {"dvar2": 0, "var": 0, "min": 1, "dmean": 0, "mean": 1, "max": 1, "dmean2": 0, "median": 1, "dvar": 0}, "melbands_kurtosis": {"dvar2": 3370.84741211, "var": 2990.59521484, "min": -1.95143568516, "dmean": 17.8119506836, "mean": 26.8329277039, "max": 1208.70593262, "dmean2": 28.2866821289, "median": 8.32892513275, "dvar": 1504.3416748}, "barkbands_spread": {"dvar2": 395.542907715, "var": 338.287780762, "min": 0.029380556196, "dmean": 10.0650415421, "mean": 23.5482406616, "max": 117.510635376, "dmean2": 15.7886171341, "median": 18.7085342407, "dvar": 176.294464111}, "erbbands_skewness": {"dvar2": 1.11971950531, "var": 1.51182639599, "min": -6.4941649437, "dmean": 0.598126113415, "mean": 0.186558544636, "max": 12.3368148804, "dmean2": 0.899165272713, "median": 0.0836731791496, "dvar": 0.476554214954}, "average_loudness": 0.810490608215, "spectral_centroid": {"dvar2": 626487.4375, "var": 1001779.625, "min": 49.8323822021, "dmean": 432.631835938, "mean": 1642.38049316, "max": 10638.1845703, "dmean2": 641.666442871, "median": 1395.56445312, "dvar": 334423.6875}, "dissonance": {"dvar2": 0.00216299807653, "var": 0.0019570121076, "min": 0.127970442176, "dmean": 0.0236813295633, "mean": 0.457030266523, "max": 0.500000059605, "dmean2": 0.0385162942111, "median": 0.47196289897, "dvar": 0.000848129624501}, "erbbands_flatness_db": {"dvar2": 0.00128329603467, "var": 0.00370257394388, "min": 0.0523140579462, "dmean": 0.0255287066102, "mea