{"tonal": {"thpcp": [1, 0.95433652401, 0.711839139462, 0.481417775154, 0.426442742348, 0.57483124733, 0.625191867352, 0.530551731586, 0.438304394484, 0.505621433258, 0.522005259991, 0.290668994188, 0.130258321762, 0.129249766469, 0.151873975992, 0.181209415197, 0.172157749534, 0.154884114861, 0.192580983043, 0.231072515249, 0.347130566835, 0.445391923189, 0.525171816349, 0.754478216171, 0.95929312706, 0.865005254745, 0.530754745007, 0.311069697142, 0.275901734829, 0.21677570045, 0.174674406648, 0.277005583048, 0.378969013691, 0.392374366522, 0.505348563194, 0.771956443787], "hpcp": {"dmean2": [0.159078925848, 0.133670955896, 0.11474943161, 0.113508880138, 0.152185514569, 0.214372783899, 0.228864073753, 0.297246992588, 0.357455164194, 0.375752568245, 0.393890857697, 0.296624422073, 0.221180155873, 0.214113652706, 0.258153527975, 0.271067619324, 0.249862879515, 0.224361017346, 0.237913161516, 0.224655538797, 0.140352353454, 0.0712298229337, 0.0700013637543, 0.081029728055, 0.0968445241451, 0.0903694331646, 0.0859588086605, 0.097439467907, 0.113839410245, 0.15851585567, 0.187410607934, 0.185410767794, 0.247911512852, 0.32259953022, 0.297389090061, 0.22500936687], "median": [0.0451867468655, 0.0221608411521, 0.0194742139429, 0.0252857208252, 0.0377869717777, 0.0361100658774, 0.0426269434392, 0.0719090327621, 0.162296488881, 0.224879175425, 0.214139908552, 0.146767750382, 0.0885346233845, 0.0767282471061, 0.0947757586837, 0.109683096409, 0.0929253846407, 0.0730502903461, 0.082461796701, 0.0709721520543, 0.0432963222265, 0.0228167418391, 0.0189806930721, 0.0200511291623, 0.019367961213, 0.0213093794882, 0.0225283000618, 0.0261893793941, 0.0353702493012, 0.0517070144415, 0.070570461452, 0.0770428478718, 0.169833436608, 0.214159175754, 0.189977362752, 0.0920960456133], "min": [0, 0, 0, 0, 0, 0, 0, 0, 0, 0, 0, 0, 0, 0, 0, 0, 0, 0, 0, 0, 0, 0, 0, 0, 0, 0, 0, 0, 0, 0, 0, 0, 0, 0, 0, 0], "dvar2": [0.0573065765202, 0.0560835637152, 0.03837171942, 0.0428680218756, 0.0489932522178, 0.10965590179, 0.113010630012, 0.135260224342, 0.137369155884, 0.126248449087, 0.142896696925, 0.101392053068, 0.0860524624586, 0.0825557634234, 0.0976540520787, 0.100012294948, 0.0962839126587, 0.0809834375978, 0.0867201462388, 0.0817300528288, 0.0391598939896, 0.0139775387943, 0.0167473610491, 0.0203709416091, 0.0341636538506, 0.0276049170643, 0.0248520299792, 0.028565408662, 0.0311031024903, 0.0493325144053, 0.0633382126689, 0.0585113875568, 0.0777793601155, 0.111220903695, 0.0951502397656, 0.0788616091013], "dvar": [0.0233355853707, 0.0253004301339, 0.0158497672528, 0.0150789404288, 0.0194180179387, 0.0442848354578, 0.0425250902772, 0.0540159381926, 0.0543358884752, 0.0607490204275, 0.0640746504068, 0.040806800127, 0.0339606031775, 0.031410805881, 0.0402111671865, 0.0405802279711, 0.0396077930927, 0.0343885906041, 0.0347612127662, 0.0364788286388, 0.0163326803595, 0.00532809784636, 0.00668220873922, 0.00817224849015, 0.0141020761803, 0.0113953007385, 0.0093692522496, 0.0115629453212, 0.0130310049281, 0.021833723411, 0.0276136621833, 0.0242961682379, 0.0327647998929, 0.0490236058831, 0.0418243817985, 0.0347103588283], "dmean": [0.0955143868923, 0.0804162621498, 0.0677460581064, 0.0639164596796, 0.088697373867, 0.125041127205, 0.132022663951, 0.171213760972, 0.210750594735, 0.228331387043, 0.238137543201, 0.177138000727, 0.131456315517, 0.125538527966, 0.151803135872, 0.160965755582, 0.151020497084, 0.134528234601, 0.142291232944, 0.135228142142, 0.0841785594821, 0.0412982851267, 0.0409255363047, 0.0480622835457, 0.057730935514, 0.054178878665, 0.0503567792475, 0.0579373985529, 0.0685943886638, 0.0977207794785, 0.115275584161, 0.114885553718, 0.150013431907, 0.191479951143, 0.180465251207, 0.13961866498], "max": [1, 1, 1, 1, 1, 1, 1, 1, 1, 1, 1, 1, 1, 1, 1, 1, 1, 1, 1, 1, 1, 1, 1, 1, 1, 1, 1, 1, 1, 1, 1, 1, 1, 1, 1, 1], "var": [0.0307974368334, 0.0422899127007, 0.0225629676133, 0.0128193767741, 0.025931077078, 0.0567836165428, 0.0501033961773, 0.0667416006327, 0.087511703372, 0.120975375175, 0.108866706491, 0.0762695893645, 0.0481015555561, 0.0399961844087, 0.0696944445372, 0.0720647722483, 0.0587469264865, 0.0464429371059, 0.0553090907633, 0.0703628659248, 0.0251840539277, 0.00548034766689, 0.0081327650696, 0.0101386839524, 0.0187002215534, 0.0139495655894, 0.00996619276702, 0.0163167454302, 0.0192197300494, 0.0353169776499, 0.0495901070535, 0.0614228583872, 0.0805656909943, 0.113905109465, 0.0960948616266, 0.0596982650459], "mean": [0.112785473466, 0.10003452003, 0.0785970166326, 0.0633322224021, 0.100434742868, 0.137403935194, 0.142264351249, 0.183225736022, 0.279890567064, 0.362572997808, 0.346016645432, 0.258093655109, 0.174549087882, 0.154616624117, 0.208418294787, 0.226677685976, 0.192363724113, 0.158917337656, 0.183324679732, 0.189265012741, 0.105388723314, 0.0472281500697, 0.046862475574, 0.0550654008985, 0.0657016411424, 0.0624197497964, 0.0561567954719, 0.0698246657848, 0.0837806537747, 0.12586016953, 0.161487087607, 0.190413117409, 0.273553431034, 0.347813785076, 0.313627541065, 0.192437335849]}, "tuning_equal_tempered_deviation": 0.288073003292, "chords_changes_rate": 0.0565482452512, "key_key": "C", "tuning_diatonic_strength": 0.702503621578, "key_scale": "minor", "chords_number_rate": 0.00168173213024, "tuning_frequency": 445.884552002, "tuning_nontempered_energy_ratio": 0.878786087036, "chords_histogram": [13.3907928467, 0, 0.546562969685, 0.63064956665, 0, 0.315324783325, 0.12612991035, 1.5135589838, 0, 5.15030479431, 3.23733448982, 0.0630649551749, 0.315324783325, 0.399411380291, 0.441454708576, 0.2522598207, 8.76602935791, 0, 0, 0.2522598207, 0, 2.85894465446, 4.3304605484, 57.4101333618], "key_strength": 0.698712646961, "chords_key": "G#", "chords_strength": {"dmean2": 0.0112622696906, "median": 0.5652987957, "min": -1, "dvar2": 0.00102404050995, "dvar": 0.000559140578844, "dmean": 0.0100765172392, "max": 0.847649037838, "var": 0.0248322114348, "mean": 0.547947108746}, "chords_scale": "major", "hpcp_entropy": {"dmean2": 1.02114534378, "median": 2.1663043499, "min": 0, "dvar2": 0.640845537186, "dvar": 0.224989727139, "dmean": 0.605016887188, "max": 4.11011219025, "var": 0.414650738239, "mean": 2.14165520668}}, "metadata": {"audio_properties": {"equal_loudness": 0, "codec": "mp3", "downmix": "mix", "sample_rate": 44100, "analysis_sample_rate": 44100, "bit_rate": 192000, "md5_encoded": "77c69b5dc9d97a2e4431b5315069eeea", "length": 220.839187622, "replay_gain": -16.8972816467, "lossless": false}, "version": {"essentia_build_sha": "2d9f1f26377add8aeb1075a9c2973f962c4f09fd", "essentia": "2.1-beta2", "extractor": "music 1.0", "essentia_git_sha": "v2.1_beta2-1-ge3940c0"}, "tags": {"title": ["Gamelan Gabor #1"], "media": ["CD"], "albumartist": ["Various Artists"], "musicbrainz_recordingid": ["08130809-bc70-4eba-a86e-4c489baf0d1e"], "composer": ["Various"], "musicbrainz_albumartistid": ["89ad4ac3-39f7-470e-963a-56509c546377"], "discnumber": ["1/1"], "album": ["Night Recordings From Bali"], "catalognumber": ["SF003"], "musicbrainz album release country": ["US"], "musicbrainz album type": ["album", "compilation"], "musicbrainz album status": ["official"], "file_name": "05 Gamelan Gabor #1.mp3", "asin": ["B0000ZH0C6"], "date": ["2003"], "genre": ["Asia - Indonesia - Bali"], "musicbrainz_releasegroupid": ["d1d3299b-a432-33c8-92df-d1c03fcec51c"], "script": ["Latn"], "originaldate": ["2003"], "musicbrainz_albumid": ["e0d1e71c-0585-422d-ac06-d1143e24589d"], "tracknumber": ["5/19"], "encodedby": ["Itunes V4.1"], "artistsort": ["[unknown]"], "artist": ["[unknown]"], "label": ["Sublime Frequencies"], "albumartistsort": ["Various Artists"], "musicbrainz_artistid": ["125ec42a-7229-4250-afc5-e057484327fe"]}}, "rhythm": {"bpm_histogram_first_peak_bpm": {"dmean2": 0, "median": 152, "min": 152, "dvar2": 0, "dvar": 0, "dmean": 0, "max": 152, "var": 0, "mean": 152}, "bpm": 152.089294434, "bpm_histogram_second_peak_spread": {"dmean2": 0, "median": 0.155737712979, "min": 0.155737712979, "dvar2": 0, "dvar": 0, "dmean": 0, "max": 0.155737712979, "var": 0, "mean": 0.155737712979}, "bpm_histogram_first_peak_weight": {"dmean2": 0, "median": 0.265682667494, "min": 0.265682667494, "dvar2": 0, "dvar": 0, "dmean": 0, "max": 0.265682667494, "var": 0, "mean": 0.265682667494}, "onset_rate": 3.70376086235, "beats_position": [0.487619042397, 0.986848056316, 1.48607707024, 1.98530614376, 2.47292518616, 2.94893407822, 3.48299312592, 4.01705217361, 4.53950119019, 5.06195020676, 5.58439922333, 6.13006782532, 6.66412687302, 7.18657588959, 7.70902490616, 8.24308395386, 8.77714252472, 9.31120204926, 9.84526062012, 10.379319191, 10.866938591, 11.3777770996, 11.8770065308, 12.3297958374, 12.7941951752, 13.2585935593, 13.7346029282, 14.1990022659, 14.66340065, 15.1161899567, 15.5573692322, 16.0101585388, 16.4629478455, 16.9157371521, 17.3685264587, 17.8213157654, 18.2741031647, 18.7385025024, 19.2145118713, 19.5512008667, 19.8762817383, 20.2013607025, 20.5380496979, 20.8747386932, 21.2114276886, 21.548116684, 21.8964176178, 22.2563266754, 22.5930156708, 22.918094635, 23.2547836304, 23.6030826569, 23.9513835907, 24.2880725861, 24.6247615814, 24.9614505768, 25.3677997589, 25.774148941, 26.1804981232, 26.563627243, 26.958366394, 27.353105545, 27.7362346649, 28.1193637848, 28.5024929047, 28.8856239319, 29.2687530518, 29.6518821716, 30.0350112915, 30.4181404114, 30.8012695313, 31.1843986511, 31.5791378021, 31.9738769531, 32.3686180115, 32.7517471313, 33.1348762512, 33.5296134949, 33.9243545532, 34.3074836731, 34.690612793, 35.0853500366, 35.480091095, 35.8748283386, 36.2579574585, 36.6410865784, 37.0358276367, 37.4189567566, 37.8020858765, 38.1968231201, 38.5915641785, 38.9863014221, 39.3810424805, 39.7757797241, 40.1705207825, 40.5768699646, 40.9832191467, 41.3895683289, 41.8075294495, 42.2254867554, 42.6434440613, 43.0614051819, 43.467754364, 43.8741035461, 44.2804527283, 44.6751937866, 45.0699310303, 45.4530601501, 45.8478012085, 46.2309303284, 46.6024475098, 46.9855766296, 47.3687057495, 47.7634468079, 48.1581840515, 48.5529251099, 48.9476623535, 49.3424034119, 49.7371406555, 50.1434898376, 50.538230896, 50.9445800781, 51.3509292603, 51.7572784424, 52.152015686, 52.5467567444, 52.941493988, 53.3362350464, 53.73097229, 54.1373214722, 54.5436706543, 54.9384117126, 55.3447608948, 55.7511100769, 56.157459259, 56.5522003174, 56.9585494995, 57.3648986816, 57.7712478638, 58.1543769836, 58.5491142273, 58.9322433472, 59.3269844055, 59.6985015869, 60.0816307068, 60.4647598267, 60.8478889465, 61.2077980042, 61.5793190002, 61.9624481201, 62.34557724, 62.7287063599, 63.1118354797, 63.4949645996, 63.8780937195, 64.2496109009, 64.621131897, 64.9926528931, 65.3873901367, 65.7589111328, 66.1536483765, 66.5483856201, 66.9082946777, 67.2798156738, 67.6397247314, 67.9996337891, 68.3943786621, 68.7775039673, 69.1722412109, 69.543762207, 69.8688430786, 70.2055282593, 70.5422210693, 70.8905181885, 71.2155990601, 71.5406799316, 71.8657608032, 72.2024459839, 72.5507507324, 72.91065979, 73.2589569092, 73.5956420898, 73.9323348999, 74.2574157715, 74.5941009521, 74.9307937622, 75.2558746338, 75.580947876, 75.9060287476, 76.2427215576, 76.5794067383, 76.9160995483, 77.252784729, 77.6010894775, 77.9609985352, 78.3325119019, 78.7620849609, 79.1684341431, 79.5631713867, 79.9695205688, 80.3526535034, 80.7357788086, 81.1305236816, 81.5136489868, 81.8967819214, 82.2799072266, 82.6630401611, 83.0461654663, 83.4525146484, 83.8588638306, 84.2768249512, 84.6831741333, 85.0662994385, 85.449432373, 85.8557815552, 86.2505187988, 86.6452560425, 87.0400009155, 87.4231262207, 87.7946472168, 88.177772522, 88.5609054565, 88.9440383911, 89.3271636963, 89.7219009399, 90.116645813, 90.5113830566, 90.8945083618, 91.2776412964, 91.67237854, 92.0555114746, 92.4386367798, 92.8333740234, 93.216506958, 93.5996322632, 93.9827651978, 94.3658905029, 94.760635376, 95.1553726196, 95.5501098633, 95.9332427979, 96.316368103, 96.7111129761, 97.1058502197, 97.5005874634, 97.895324707, 98.2900695801, 98.6731948853, 99.0563278198, 99.4510650635, 99.8458023071, 100.217323303, 100.600448608, 100.983581543, 101.355102539, 101.738227844, 102.121360779, 102.504486084, 102.887619019, 103.259140015, 103.630653381, 104.002174377, 104.385307312, 104.756820679, 105.128341675, 105.511474609, 105.894599915, 106.277732849, 106.660858154, 107.055595398, 107.450340271, 107.833465576, 108.216598511, 108.611335754, 109.006072998, 109.389205933, 109.783943176, 110.17868042, 110.585029602, 110.991378784, 111.386123657, 111.792472839, 112.198822021, 112.605171204, 113.011520386, 113.417869568, 113.835823059, 114.25378418, 114.683357239, 115.10131073, 115.519271851, 115.925621033, 116.331970215, 116.738319397, 117.144668579, 117.551017761, 117.945755005, 118.340499878, 118.74684906, 119.141586304, 119.547935486, 119.954284668, 120.36063385, 120.755371094, 121.161720276, 121.55645752, 121.962806702, 122.369155884, 122.763900757, 123.158638, 123.564987183, 123.971336365, 124.366073608, 124.760810852, 125.167160034, 125.573509216, 125.968254089, 126.362991333, 126.757728577, 127.15246582, 127.547210693, 127.941947937, 128.336685181, 128.731430054, 129.126159668, 129.520904541, 129.904037476, 130.28717041, 130.681900024, 131.076644897, 131.471374512, 131.866119385, 132.260864258, 132.667205811, 133.073562622, 133.479904175, 133.874649048, 134.280990601, 134.675735474, 135.070480347, 135.465209961, 135.859954834, 136.254684448, 136.649429321, 137.032562256, 137.41569519, 137.810424805, 138.193557739, 138.599899292, 138.994644165, 139.389389038, 139.795730591, 140.202087402, 140.608428955, 141.014785767, 141.421127319, 141.827484131, 142.233825684, 142.640182495, 143.046524048, 143.452880859, 143.847610474, 144.242355347, 144.63710022, 145.031829834, 145.426574707, 145.82131958, 146.216049194, 146.610794067, 147.005523682, 147.400268555, 147.795013428, 148.178131104, 148.572875977, 148.956008911, 149.339141846, 149.73387146, 150.117004395, 150.500137329, 150.883255005, 151.277999878, 151.672744751, 152.067474365, 152.462219238, 152.86857605, 153.274917603, 153.681274414, 154.087615967, 154.505569458, 154.91192627, 155.318267822, 155.724624634, 156.119369507, 156.52571106, 156.932067871, 157.338409424, 157.733154297, 158.127883911, 158.534240723, 158.940582275, 159.346939087, 159.741668701, 160.136413574, 160.542770386, 160.949111938, 161.35546875, 161.761810303, 162.168167114, 162.562896729, 162.96925354, 163.375595093, 163.781951904, 164.188293457, 164.594650269, 164.989379883, 165.384124756, 165.76725769, 166.138778687, 166.521896362, 166.905029297, 167.29977417, 167.682891846, 168.06602478, 168.460769653, 168.855514526, 169.238632202, 169.633377075, 170.01651001, 170.411239624, 170.794372559, 171.177505493, 171.572235107, 171.955368042, 172.350112915, 172.756454468, 173.162811279, 173.557540894, 173.963897705, 174.370239258, 174.788208008, 175.194549561, 175.612518311, 176.030471802, 176.460037231, 176.878005981, 177.295959473, 177.713912964, 178.120269775, 178.526611328, 178.93296814, 179.339309692, 179.745666504, 180.163619995, 180.581588745, 180.999542236, 181.405899048, 181.823852539, 182.24180603, 182.671386719, 183.08934021, 183.495681763, 183.902038574, 184.296783447, 184.691513062, 185.086257935, 185.480987549, 185.864120483, 186.258865356, 186.653594971, 187.048339844, 187.431472778, 187.826202393, 188.220947266, 188.627304077, 189.010421753, 189.393554688, 189.776687622, 190.159820557, 190.542938232, 190.914459229, 191.285980225, 191.657501221, 192.017410278, 192.377319336, 192.737228394, 193.097137451, 193.44543457, 193.793731689, 194.142044067, 194.490341187, 194.827026367, 195.163711548, 195.512008667, 195.860321045, 196.208618164, 196.556915283, 196.905212402, 197.253509521, 197.601806641, 197.95010376, 198.310012817, 198.658325195, 199.006622314, 199.505844116, 200.005081177, 200.504302979, 201.003540039, 201.525985718, 202.141311646, 202.756637573, 203.371963501, 203.987304688, 204.614242554, 205.24118042, 205.844894409, 206.448608398, 207.063934326, 207.656051636, 208.143676758, 208.654510498, 209.165344238, 209.687789917, 210.187026978, 210.697860718, 211.18548584, 211.673095703, 212.160720825, 212.62512207, 213.101135254, 213.577133179, 214.053146362, 214.529159546, 215.005172729, 215.469558716, 215.992019653, 216.526077271, 217.036911011, 217.547744751, 218.05859375, 218.557815552, 219.068664551, 219.602722168, 220.125167847], "beats_loudness": {"dmean2": 0.0100999744609, "median": 0.0155093334615, "min": 0, "dvar2": 7.44325079722e-05, "dvar": 2.47810803558e-05, "dmean": 0.0057153343223, "max": 0.0452704802155, "var": 3.7470679672e-05, "mean": 0.0156308393925}, "danceability": 1.13415515423, "bpm_histogram_second_peak_weight": {"dmean2": 0, "median": 0.190036907792, "min": 0.190036907792, "dvar2": 0, "dvar": 0, "dmean": 0, "max": 0.190036907792, "var": 0, "mean": 0.190036907792}, "beats_count": 543, "bpm_histogram_second_peak_bpm": {"dmean2": 0, "median": 157, "min": 157, "dvar2": 0, "dvar": 0, "dmean": 0, "max": 157, "var": 0, "mean": 157}, "bpm_histogram_first_peak_spread": {"dmean2": 0, "median": 0.414634108543, "min": 0.414634108543, "dvar2": 0, "dvar": 0, "dmean": 0, "max": 0.414634108543, "var": 0, "mean": 0.414634108543}, "beats_loudness_band_ratio": {"dmean2": [0.134205386043, 0.251530647278, 0.189854040742, 0.160592004657, 0.111402608454, 0.192135736346], "median": [0.048358745873, 0.291405946016, 0.11744133383, 0.123840153217, 0.0695822387934, 0.084600917995], "min": [0, 0, 0, 0, 0, 0], "dvar2": [0.0323391929269, 0.0512074157596, 0.0351675972342, 0.0281294789165, 0.0176203995943, 0.0696672722697], "dvar": [0.0127939386293, 0.0181389842182, 0.0134261474013, 0.00989347696304, 0.00634956452996, 0.0234206859022], "dmean": [0.0777252465487, 0.146221280098, 0.108985468745, 0.0936035588384, 0.0654477551579, 0.110803380609], "max": [0.823469281197, 0.892344176769, 0.890628933907, 0.796172142029, 0.64195483923, 0.948103129864], "var": [0.0178583450615, 0.0600357986987, 0.0177145581692, 0.0138530014083, 0.00981356948614, 0.0465246215463], "mean": [0.100792273879, 0.338957250118, 0.153845593333, 0.149701401591, 0.10103494674, 0.181070715189]}}, "lowlevel": {"barkbands_spread": {"dmean2": 7.20937252045, "median": 23.4865226746, "min": 0.192646697164, "dvar2": 62.7520523071, "dvar": 26.8388290405, "dmean": 4.66970729828, "max": 139.889221191, "var": 234.971542358, "mean": 24.0924129486}, "melbands_spread": {"dmean2": 15.0402402878, "median": 31.3710441589, "min": 0.455832988024, "dvar2": 316.045013428, "dvar": 145.052825928, "dmean": 9.93760585785, "max": 167.315536499, "var": 1120.40625, "mean": 41.2049446106}, "hfc": {"dmean2": 8.74549388885, "median": 12.1051197052, "min": 1.0696326764e-16, "dvar2": 281.428588867, "dvar": 129.261428833, "dmean": 6.15581941605, "max": 212.923690796, "var": 417.661987305, "mean": 18.5545864105}, "barkbands_kurtosis": {"dmean2": 3.87012720108, "median": -0.0937259942293, "min": -1.88174557686, "dvar2": 129.360992432, "dvar": 51.891834259, "dmean": 2.41061902046, "max": 349.502105713, "var": 84.0764160156, "mean": 2.7125222683}, "gfcc": {"mean": [-70.3794784546, 101.12991333, -144.272445679, 34.0377197266, -69.8488616943, -10.3630580902, -24.6911525726, -2.15285754204, -23.8332614899, -9.57731723785, -19.0765800476, -6.52825689316, -12.9482908249], "icov": [[0.000438020651927, -0.000925187254325, 0.000883971573785, -0.000842712295707, 0.00113672297448, -0.00095309864264, 0.000820034765638, -0.000854347657878, 0.00140009599272, -0.000967432977632, 0.000841465720441, -0.000431304622907, 0.000452431762824], [-0.000925187254325, 0.00351598719135, -0.00209343596362, 0.00279685738496, -0.00323746469803, 0.00252569233999, -0.00180539779831, 0.00289354007691, -0.00328697101213, 0.00355909438804, -0.00191714440007, 0.0017191482475, -0.00121850613505], [0.000883971573785, -0.00209343596362, 0.00293105910532, -0.00200656289235, 0.00157427112572, -0.00222546001896, 0.00162419944536, -0.0018720185617, 0.00285142776556, -0.00197394308634, 0.000765368400607, -0.000966444145888, 0.000742557283957], [-0.000842712295707, 0.00279685738496, -0.00200656289235, 0.0039763818495, -0.00152672943659, 0.00152661104221, -0.00208900636062, 0.00179652927909, -0.00180486578029, 0.00247796950862, -0.00111669243779, 0.00188858120237, -0.000450687453849], [0.00113672297448, -0.00323746469803, 0.00157427112572, -0.00152672943659, 0.00657549174502, -0.00328571768478, 0.00193331844639, -0.0023298736196, 0.00373965455219, -0.00288199353963, 0.00268091913313, -0.000234794948483, 0.00160684192088], [-0.00095309864264, 0.00252569233999, -0.00222546001896, 0.00152661104221, -0.00328571768478, 0.00823513697833, -0.00297117209993, 0.00320167187601, -0.00383332534693, 0.00309172971174, -0.0024455410894, 0.000942852522712, -0.000739175651688], [0.000820034765638, -0.00180539779831, 0.00162419944536, -0.00208900636062, 0.00193331844639, -0.00297117209993, 0.00850921776146, -0.00447282847017, 0.0037371229846, -0.00293929036707, 0.00208182889037, -0.00222686259076, 0.000831950106658], [-0.000854347657878, 0.00289354007691, -0.0018720185617, 0.00179652927909, -0.0023298736196, 0.00320167187601, -0.00447282847017, 0.0111225433648, -0.00766936084256, 0.00457872124389, -0.000551062985323, 0.00365135399625, -0.000834101869259], [0.00140009599272, -0.00328697101213, 0.00285142776556, -0.00180486578029, 0.00373965455219, -0.00383332534693, 0.0037371229846, -0.00766936084256, 0.0176401194185, -0.00813962891698, 0.00514949113131, -0.00215733214281, 0.00318922125734], [-0.000967432977632, 0.00355909438804, -0.00197394308634, 0.00247796950862, -0.00288199353963, 0.00309172971174, -0.00293929036707, 0.00457872124389, -0.00813962891698, 0.0194843951613, -0.00760297570378, 0.00394725752994, -0.00170882779639], [0.000841465720441, -0.00191714440007, 0.000765368400607, -0.00111669243779, 0.00268091913313, -0.0024455410894, 0.00208182889037, -0.000551062985323, 0.00514949113131, -0.00760297570378, 0.0176135897636, -0.00563310319558, 0.00478623015806], [-0.000431304622907, 0.0017191482475, -0.000966444145888, 0.00188858120237, -0.000234794948483, 0.000942852522712, -0.00222686259076, 0.00365135399625, -0.00215733214281, 0.00394725752994, -0.00563310319558, 0.0143758710474, -0.003060760675], [0.000452431762824, -0.00121850613505, 0.000742557283957, -0.000450687453849, 0.00160684192088, -0.000739175651688, 0.000831950106658, -0.000834101869259, 0.00318922125734, -0.00170882779639, 0.00478623015806, -0.003060760675, 0.00828764121979]], "cov": [[15320.4697266, -1267.75, -2911.86352539, 1674.40368652, -1827.20788574, 57.2527084351, -110.94367218, 134.032302856, -271.98538208, -63.5118141174, -279.573120117, -31.9300193787, -45.5688018799], [-1267.75, 2053.54931641, 564.41027832, -1031.26196289, 725.59777832, -68.057472229, -149.245193481, -216.391723633, -7.55782222748, -87.4362564087, 24.5414829254, -13.1953687668, 76.7690582275], [-2911.86352539, 564.41027832, 1277.60644531, -195.714981079, 423.271270752, 82.4542617798, -8.75494861603, -69.1860351563, -15.0037717819, -3.72869992256, 84.5213928223, 5.10359621048, -5.88719987869], [1674.40368652, -1031.26196289, -195.714981079, 1030.81506348, -420.151092529, 62.1659584045, 111.559875488, 107.730628967, -40.7094421387, 11.3384532928, -33.0589561462, -30.3285179138, -56.8952064514], [-1827.20788574, 725.59777832, 423.271270752, -420.151092529, 609.669128418, 31.9876689911, -35.2045021057, -60.8787384033, 12.0561933517, -16.0438365936, 15.7353258133, -27.5860481262, 0.49120375514], [57.2527084351, -68.057472229, 82.4542617798, 62.1659584045, 31.9876689911, 190.196166992, 32.4430809021, -13.4890098572, -2.91136646271, 0.299339175224, 14.6486587524, 5.49594116211, -16.2395477295], [-110.94367218, -149.245193481, -8.75494861603, 111.559875488, -35.2045021057, 32.4430809021, 183.690246582, 68.2450256348, 5.88809156418, 5.51656150818, -10.5346488953, 1.81291258335, -5.26230430603], [134.032302856, -216.391723633, -69.1860351563, 107.730628967, -60.8787384033, -13.4890098572, 68.2450256348, 199.998916626, 63.7633209229, -1.1892002821, -41.2243080139, -39.4935035706, -18.7570266724], [-271.98538208, -7.55782222748, -15.0037717819, -40.7094421387, 12.0561933517, -2.91136646271, 5.88809156418, 63.7633209229, 115.358886719, 24.1371631622, -13.5418281555, -17.077085495, -21.8049640656], [-63.5118141174, -87.4362564087, -3.72869992256, 11.3384532928, -16.0438365936, 0.299339175224, 5.51656150818, -1.1892002821, 24.1371631622, 81.0798492432, 27.2174530029, -3.61058497429, -15.5961866379], [-279.573120117, 24.5414829254, 84.5213928223, -33.0589561462, 15.7353258133, 14.6486587524, -10.5346488953, -41.2243080139, -13.5418281555, 27.2174530029, 100.480308533, 30.0067424774, -31.4597759247], [-31.9300193787, -13.1953687668, 5.10359621048, -30.3285179138, -27.5860481262, 5.49594116211, 1.81291258335, -39.4935035706, -17.077085495, -3.61058497429, 30.0067424774, 99.4331588745, 24.5984115601], [-45.5688018799, 76.7690582275, -5.88719987869, -56.8952064514, 0.49120375514, -16.2395477295, -5.26230430603, -18.7570266724, -21.8049640656, -15.5961866379, -31.4597759247, 24.5984115601, 161.394866943]]}, "spectral_energyband_middle_low": {"dmean2": 0.00318610412069, "median": 0.00433877855539, "min": 1.15806951832e-22, "dvar2": 1.61306124937e-05, "dvar": 6.82399877405e-06, "dmean": 0.00214115693234, "max": 0.0480202399194, "var": 1.61586649483e-05, "mean": 0.00524635706097}, "melbands_crest": {"dmean2": 5.35372543335, "median": 11.4375734329, "min": 1.22357332706, "dvar2": 22.016746521, "dvar": 8.96799468994, "dmean": 3.30916619301, "max": 30.8614444733, "var": 24.7479343414, "mean": 12.3142032623}, "spectral_kurtosis": {"dmean2": 4.88181972504, "median": 3.5552213192, "min": -1.2542181015, "dvar2": 35.8323097229, "dvar": 13.0242919922, "dmean": 2.84606218338, "max": 45.0264472961, "var": 48.3866119385, "mean": 6.71788740158}, "spectral_rms": {"dmean2": 0.000653618713841, "median": 0.00329184322618, "min": 3.1088183243e-12, "dvar2": 4.05814262194e-07, "dvar": 1.95698305561e-07, "dmean": 0.000469368533231, "max": 0.00725497771055, "var": 1.13503506327e-06, "mean": 0.00319905206561}, "zerocrossingrate": {"dmean2": 0.0103349266574, "median": 0.076171875, "min": 0.0048828125, "dvar2": 0.000125703576487, "dvar": 0.000107113890408, "dmean": 0.0089742410928, "max": 0.52734375, "var": 0.00375229609199, "mean": 0.0830789059401}, "silence_rate_60dB": {"dmean2": 0.056782335043, "median": 0, "min": 0, "dvar2": 0.0613447986543, "dvar": 0.0275835394859, "dmean": 0.0283881817013, "max": 1, "var": 0.0819797962904, "mean": 0.090096719563}, "erbbands_kurtosis": {"dmean2": 2.40474820137, "median": -0.181295797229, "min": -1.90996909142, "dvar2": 27.3968868256, "dvar": 12.2193508148, "dmean": 1.53394269943, "max": 136.712249756, "var": 22.2319412231, "mean": 1.06653285027}, "erbbands": {"dmean2": [0.00213467003778, 0.0712664872408, 0.565383911133, 0.999274194241, 1.6147787571, 9.11598300934, 11.2060909271, 2.88792538643, 5.36437940598, 6.80224704742, 22.9473323822, 12.3946676254, 18.4281597137, 12.6042022705, 8.38509273529, 11.2884063721, 6.71209383011, 4.5479888916, 9.65985107422, 6.81623411179, 8.85177898407, 6.41476917267, 17.1263275146, 28.1377468109, 28.359992981, 45.925693512, 29.4446792603, 13.706785202, 11.7349300385, 4.34097766876, 2.02037072182, 0.905845940113, 0.256501048803, 0.0830121412873, 0.0256759542972, 0.00610234541818, 0.00158357445616, 0.000349647627445, 2.03392301046e-05, 6.8896342782e-06], "median": [0.00124488398433, 0.0347397215664, 0.213316425681, 0.399739801884, 1.08457767963, 3.83266878128, 4.34831047058, 1.45550775528, 2.98280477524, 3.98466205597, 13.3802814484, 6.71379184723, 10.404800415, 5.3985118866, 3.96441221237, 6.58194065094, 3.2605509758, 2.84038496017, 4.1661195755, 4.03390312195, 5.7934627533, 5.04911804199, 7.96502304077, 12.285900116, 7.97160243988, 6.95184898376, 9.02577590942, 4.81665706635, 2.543009758, 1.11181998253, 0.719595789909, 0.218063160777, 0.0552282705903, 0.0184780433774, 0.00610472355038, 0.00201863981783, 0.000620400649495, 0.000143432815094, 1.6219993995e-05, 1.51492386067e-05], "min": [1.19765960725e-22, 5.59671392e-22, 2.39270029727e-21, 5.02845800479e-21, 9.70577945515e-21, 2.1688245915e-20, 6.24435865606e-20, 5.32547731779e-20, 1.3231767194e-19, 2.42470884271e-19, 2.64141620453e-19, 2.98479748836e-19, 4.68272062946e-19, 4.28194360937e-19, 7.24224905527e-19, 1.250542817e-18, 1.57235495277e-18, 1.86830197797e-18, 2.37424886079e-18, 2.60831471116e-18, 4.35585783227e-18, 3.8775431246e-18, 4.52359765279e-18, 4.76609929784e-18, 7.28238065327e-18, 9.15742373964e-18, 1.03722716453e-17, 1.12388004124e-17, 8.69769081725e-18, 1.02278111687e-17, 1.02531518468e-17, 1.17397252749e-17, 9.27570394979e-18, 8.68164764927e-18, 6.41183592428e-18, 4.21013466453e-18, 2.53581212367e-18, 9.00374102645e-19, 2.44471446432e-19, 2.66627679472e-20], "dvar2": [5.74686309847e-05, 0.0157965645194, 1.13731873035, 4.05384111404, 5.59119653702, 230.497680664, 439.85534668, 45.7718429565, 64.1185836792, 145.010299683, 1396.33532715, 481.259399414, 1597.81555176, 522.903808594, 228.336593628, 343.374176025, 451.091278076, 96.7981567383, 459.225128174, 252.878097534, 265.063018799, 179.3855896, 1779.32214355, 4556.56933594, 9508.328125, 45864.21875, 6257.12207031, 1362.2166748, 1174.32519531, 147.333908081, 23.6237430573, 6.44730710983, 0.910966038704, 0.0617243982852, 0.0119980946183, 0.000327915913658, 1.79159669642e-05, 7.83820667039e-07, 8.91639562184e-09, 8.82653602985e-11], "dvar": [2.02117953449e-05, 0.0057656634599, 0.408242285252, 1.76228654385, 1.9458373785, 92.6282119751, 185.900161743, 17.8290538788, 28.1867675781, 67.7560806274, 590.187683105, 216.418518066, 726.058959961, 315.137237549, 93.8695297241, 151.734100342, 230.01461792, 45.7165603638, 240.846710205, 118.102394104, 126.284408569, 87.4935836792, 808.328552246, 2163.75366211, 4399.52148438, 19702.5820313, 2601.19970703, 619.109924316, 530.813598633, 61.9179649353, 11.669834137, 2.70878648758, 0.439740300179, 0.0342123173177, 0.0059595964849, 0.000150539708557, 8.76117974258e-06, 3.67030480675e-07, 3.22759130533e-09, 3.98447941308e-11], "dmean": [0.00130278605502, 0.0433143116534, 0.34749943018, 0.633288681507, 0.957448720932, 5.98173522949, 7.31007003784, 1.78428268433, 3.41068696976, 4.42966890335, 14.8350524902, 8.02521038055, 12.822353363, 9.18673801422, 5.46294784546, 7.49326181412, 4.62028646469, 3.10474085808, 6.8129901886, 4.60065746307, 5.76880979538, 4.19717168808, 11.2063970566, 18.8830318451, 19.319316864, 30.285484314, 19.0224628448, 9.0167722702, 7.78456830978, 2.88175344467, 1.39594304562, 0.603208780289, 0.181765466928, 0.0601307228208, 0.0185140874237, 0.00426372559741, 0.00111112836748, 0.000237151412875, 1.29707150336e-05, 4.812579391e-06], "max": [0.299677997828, 1.29559195042, 13.5739517212, 37.4487953186, 26.2976646423, 142.250427246, 317.844207764, 106.844772339, 169.612319946, 203.022109985, 492.79901123, 381.21282959, 854.701904297, 452.695617676, 147.140197754, 213.504135132, 621.511657715, 224.292205811, 384.519927979, 440.606933594, 393.999328613, 241.055618286, 879.668212891, 2190.7722168, 2476.03491211, 3198.54785156, 1049.10864258, 846.046875, 735.308654785, 254.313842773, 85.0740737915, 32.1004295349, 21.7876281738, 6.50278425217, 3.83517313004, 0.531153380871, 0.0896653905511, 0.0172649770975, 0.00341644650325, 0.000163758435519], "var": [1.84777927643e-05, 0.00965432543308, 1.22636795044, 8.27178859711, 3.57515954971, 157.434616089, 267.634857178, 25.8363819122, 83.9719467163, 146.693511963, 1174.64294434, 459.570129395, 1765.13452148, 1127.67138672, 163.392028809, 381.276000977, 756.298950195, 101.66268158, 550.254394531, 234.432723999, 380.00668335, 220.489593506, 2364.37426758, 6103.9453125, 11231.9921875, 23301.4121094, 4423.61376953, 1442.97216797, 1155.18737793, 120.486465454, 30.142244339, 4.92432641983, 0.794178247452, 0.0788080841303, 0.0103805977851, 0.000297240563668, 1.71074734681e-05, 6.37377922885e-07, 3.11773473705e-09, 1.28957775014e-10], "mean": [0.00233516143635, 0.0701913684607, 0.633886814117, 1.35343313217, 1.67557764053, 8.80607128143, 10.2361936569, 2.84137892723, 5.93765544891, 7.93761587143, 25.2414741516, 14.636961937, 26.0957355499, 18.3584289551, 8.81312274933, 13.5773534775, 9.10540676117, 5.59556818008, 11.2775754929, 8.52003383636, 11.909860611, 9.17722320557, 23.1988582611, 39.5888137817, 37.9510726929, 44.0631217957, 33.1823997498, 17.0591373444, 13.8299007416, 5.35997486115, 2.76786351204, 0.995092570782, 0.294422119856, 0.101636782289, 0.030086202547, 0.00740123540163, 0.00196688179858, 0.000410640990594, 2.50978391705e-05, 1.7213222236e-05]}, "spectral_strongpeak": {"dmean2": 2.21153306961, "median": 0.805425882339, "min": 0, "dvar2": 15.3198356628, "dvar": 6.41258811951, "dmean": 1.31815481186, "max": 32.7546577454, "var": 10.1187896729, "mean": 1.99126946926}, "spectral_energy": {"dmean2": 0.00466284388676, "median": 0.0111071374267, "min": 9.9063699459e-21, "dvar2": 2.70901673503e-05, "dvar": 1.25455089801e-05, "dmean": 0.00329232844524, "max": 0.0539505705237, "var": 4.48454375146e-05, "mean": 0.0116531196982}, "average_loudness": 0.948506653309, "spectral_rolloff": {"dmean2": 712.116210938, "median": 2540.91796875, "min": 129.19921875, "dvar2": 852952.5625, "dvar": 430605.28125, "dmean": 427.108764648, "max": 19681.3476563, "var": 5073105.5, "mean": 2627.7097168}, "spectral_centroid": {"dmean2": 370.892944336, "median": 1942.58007813, "min": 147.064620972, "dvar2": 185667.546875, "dvar": 94745.3046875, "dmean": 249.296585083, "max": 11702.1289063, "var": 1925227.625, "mean": 1971.18603516}, "pitch_salience": {"dmean2": 0.111714400351, "median": 0.505904793739, "min": 0.109200723469, "dvar2": 0.00952880829573, "dvar": 0.00387090910226, "dmean": 0.0694793090224, "max": 0.908422589302, "var": 0.0108617674559, "mean": 0.509423315525}, "spectral_energyband_middle_high": {"dmean2": 0.0018172012642, "median": 0.00324138742872, "min": 1.26015059332e-21, "dvar2": 6.00363182457e-06, "dvar": 3.12719134854e-06, "dmean": 0.00131065770984, "max": 0.0389817580581, "var": 1.38915338539e-05, "mean": 0.00399350887164}, "spectral_contrast_coeffs": {"dmean2": [0.0860853865743, 0.0764475911856, 0.063003629446, 0.0446726605296, 0.0367171429098, 0.0331895202398], "median": [-0.587806940079, -0.744490385056, -0.760322093964, -0.790580689907, -0.755346536636, -0.688159942627], "min": [-0.986461699009, -0.975421249866, -0.980385184288, -0.970531463623, -0.967456758022, -0.96486479044], "dvar2": [0.0046120476909, 0.00363361788914, 0.00240007042885, 0.00129299832042, 0.000933777540922, 0.000888660200872], "dvar": [0.0018291331362, 0.00139074947219, 0.00096941558877, 0.000503454590216, 0.000382311525755, 0.000413120986195], "dmean": [0.0542376972735, 0.046564258635, 0.0394113063812, 0.0278043653816, 0.02284418419, 0.0219995658845], "max": [-0.289203226566, -0.445608317852, -0.50626718998, -0.559426248074, -0.552704393864, -0.507489323616], "var": [0.00798970647156, 0.00589805236086, 0.00488957995549, 0.00277796783485, 0.00415596412495, 0.00602711876854], "mean": [-0.588669478893, -0.737088561058, -0.755504608154, -0.788473427296, -0.761902451515, -0.703808426857]}, "melbands_skewness": {"dmean2": 0.886425495148, "median": 1.48199284077, "min": -4.4488158226, "dvar2": 0.738465130329, "dvar": 0.313801825047, "dmean": 0.570401489735, "max": 10.1011457443, "var": 1.40917897224, "mean": 1.63586306572}, "spectral_spread": {"dmean2": 453494.4375, "median": 3225536, "min": 1445834.125, "dvar2": 481653194752, "dvar": 291774529536, "dmean": 291198.4375, "max": 42419392, "var": 11432819163100.0, "mean": 3417948}, "dissonance": {"dmean2": 0.032206337899, "median": 0.473763585091, "min": 0.212112411857, "dvar2": 0.00111856020521, "dvar": 0.000416928494815, "dmean": 0.0190841779113, "max": 0.500000178814, "var": 0.000990935834125, "mean": 0.464328408241}, "spectral_skewness": {"dmean2": 0.502330183983, "median": 0.899897813797, "min": -0.115219570696, "dvar2": 0.255501449108, "dvar": 0.101341925561, "dmean": 0.304994761944, "max": 5.51208257675, "var": 1.06875967979, "mean": 1.37042033672}, "spectral_flux": {"dmean2": 0.0224807988852, "median": 0.0546608045697, "min": 6.46379408331e-11, "dvar2": 0.000518413202371, "dvar": 0.000208796496736, "dmean": 0.0139176603407, "max": 0.2117369771, "var": 0.000604995002504, "mean": 0.0551861710846}, "spectral_contrast_valleys": {"dmean2": [0.703508377075, 0.598780632019, 0.552724540234, 0.448608726263, 0.408090829849, 0.329289317131], "median": [-8.25902080536, -7.02935028076, -7.65063285828, -7.99777936935, -7.48211956024, -11.0933456421], "min": [-28.2574748993, -27.8701763153, -27.7336864471, -27.7596569061, -27.5091362, -27.4041786194], "dvar2": [0.341296523809, 0.244305640459, 0.229096859694, 0.167408555746, 0.171802207828, 0.116275206208], "dvar": [0.150907412171, 0.125403299928, 0.132901951671, 0.106004424393, 0.103760071099, 0.0745373889804], "dmean": [0.420024633408, 0.365750342607, 0.363548129797, 0.309929937124, 0.280372917652, 0.240947723389], "max": [-6.44134473801, -4.78542375565, -5.66735887527, -6.05857038498, -5.79010391235, -8.3100566864], "var": [3.41013360023, 3.78826904297, 3.66396522522, 3.52476644516, 4.18044567108, 3.17833590508], "mean": [-8.48263168335, -7.24144601822, -7.88856506348, -8.33609199524, -8.01790428162, -11.3982086182]}, "erbbands_flatness_db": {"dmean2": 0.0243769399822, "median": 0.207967251539, "min": 0.0735883042216, "dvar2": 0.00051959179109, "dvar": 0.000235277373577, "dmean": 0.0162900984287, "max": 0.397030651569, "var": 0.00166165595874, "mean": 0.21372744441}, "spectral_energyband_high": {"dmean2": 0.00128542957827, "median": 0.000514012412168, "min": 7.00360657614e-21, "dvar2": 1.32925597427e-05, "dvar": 5.74592922931e-06, "dmean": 0.000855435035191, "max": 0.0494240671396, "var": 9.45865758695e-06, "mean": 0.00160983926617}, "spectral_entropy": {"dmean2": 0.251308619976, "median": 7.37470340729, "min": 4.6819024086, "dvar2": 0.0613229461014, "dvar": 0.0281053073704, "dmean": 0.165998265147, "max": 9.82294273376, "var": 0.285939157009, "mean": 7.2548828125}, "silence_rate_20dB": {"dmean2": 0, "median": 1, "min": 1, "dvar2": 0, "dvar": 0, "dmean": 0, "max": 1, "var": 0, "mean": 1}, "melbands_flatness_db": {"dmean2": 0.0343650691211, "median": 0.168082505465, "min": 0.000704404141288, "dvar2": 0.000999485026114, "dvar": 0.000470562663395, "dmean": 0.0230588447303, "max": 0.53376865387, "var": 0.00900310184807, "mean": 0.197198063135}, "barkbands": {"dmean2": [3.20978551827e-06, 0.00023309570679, 0.00063300068723, 0.000309567141812, 0.00217966036871, 0.000453400280094, 0.000384886196116, 0.000851345655974, 0.000663836370222, 0.000734705885407, 0.000108512984298, 0.00036322788219, 0.000167959689861, 0.000163603530382, 9.66811930994e-05, 0.000204871306778, 0.000116014954983, 0.000397533935029, 0.00065808405634, 0.000811841455288, 0.000505125150084, 0.00028275421937, 8.15182866063e-05, 2.45315222855e-05, 5.1152760534e-06, 1.04171954263e-06, 1.41245124041e-07], "median": [7.05058766926e-07, 9.10636881599e-05, 0.000211734484765, 9.74176655291e-05, 0.00107023585588, 0.000183974625543, 0.000206265976885, 0.000378085824195, 0.000226254807785, 0.000345134292729, 3.02176486002e-05, 0.000143687371747, 6.03351509199e-05, 6.28270208836e-05, 4.66655110358e-05, 0.000105030354462, 7.04356352799e-05, 0.000140871328767, 0.000192074425286, 0.000130080123199, 0.000169207647559, 6.01863284828e-05, 2.63177516899e-05, 4.7902631195e-06, 1.25283077068e-06, 3.90685016782e-07, 5.96370739459e-08], "min": [1.75984156703e-25, 2.95348872105e-24, 1.2153025445e-24, 2.35882007784e-25, 7.96002620768e-24, 8.07200106887e-24, 1.1507525021e-23, 9.91590111482e-24, 1.27743796257e-23, 8.77811283172e-24, 1.75425105277e-23, 2.62888543531e-23, 3.1426176892e-23, 3.69474774765e-23, 3.35177721624e-23, 6.89959835812e-23, 5.80573353468e-23, 8.67578558163e-23, 1.28428865155e-22, 1.49299423647e-22, 2.30238306949e-22, 2.8863794482e-22, 3.3867