{"metadata": {"tags": {"album": ["World Network Vol. 41RomaniaWild Sounds From Transylvania, Wallachia &amp; Moldavia"], "albumartist": ["Various"], "genre": ["Folk"], "artist": ["Various"], "date": ["1997"], "tracknumber": ["23"], "title": ["Fanfare Ciocarlia / Ciocarlia"], "file_name": "249677.mp3", "musicbrainz_recordingid": ["081360a4-c7ab-4d8a-b856-da38092d5447"]}, "audio_properties": {"sample_rate": 44100, "downmix": "mix", "lossless": false, "analysis_sample_rate": 44100, "md5_encoded": "473e9aa12d153c1684b137f531fcec19", "equal_loudness": 0, "replay_gain": -9.49334335327, "codec": "mp3", "bit_rate": 226016, "length": 183.275100708}, "version": {"extractor": "music 1.0", "essentia_build_sha": "70f2e5ece6736b2c40cc944ad0e695b16b925413", "essentia_git_sha": "v2.1_beta2", "essentia": "2.1-beta2"}}, "rhythm": {"beats_loudness_band_ratio": {"dvar2": [0.0799838900566, 0.0563148669899, 0.0358950644732, 0.0397665388882, 0.0373376347125, 0.0150425620377], "var": [0.0267781186849, 0.0302227400243, 0.0194189902395, 0.0152407167479, 0.0156613495201, 0.00655630370602], "min": [0.000107492371171, 1.98424568225e-05, 0.0196816716343, 0.0108618661761, 1.0620363355e-05, 1.48370108946e-05], "dmean": [0.127774000168, 0.153407737613, 0.133548483253, 0.116608977318, 0.110824868083, 0.066302254796], "mean": [0.143925324082, 0.232791915536, 0.232439786196, 0.189007997513, 0.165426194668, 0.108796544373], "max": [0.751785993576, 0.839362740517, 0.711818754673, 0.642916917801, 0.55717509985, 0.506678521633], "dmean2": [0.233565554023, 0.274626135826, 0.233146578074, 0.211644306779, 0.201338768005, 0.115880191326], "median": [0.0763171836734, 0.20446524024, 0.196775123477, 0.160067379475, 0.131631150842, 0.0954595506191], "dvar": [0.0234468095005, 0.0172544885427, 0.0129665480927, 0.0121173411608, 0.0109924515709, 0.0047427774407]}, "bpm_histogram_first_peak_weight": {"dvar2": 0, "var": 0, "min": 0.201863348484, "dmean": 0, "mean": 0.201863348484, "max": 0.201863348484, "dmean2": 0, "median": 0.201863348484, "dvar": 0}, "bpm": 109.564041138, "beats_count": 323, "bpm_histogram_first_peak_spread": {"dvar2": 0, "var": 0, "min": 0.58064520359, "dmean": 0, "mean": 0.58064520359, "max": 0.58064520359, "dmean2": 0, "median": 0.58064520359, "dvar": 0}, "danceability": 1.03293478489, "bpm_histogram_first_peak_bpm": {"dvar2": 0, "var": 0, "min": 110, "dmean": 0, "mean": 110, "max": 110, "dmean2": 0, "median": 110, "dvar": 0}, "beats_position": [0.510838985443, 1.04489791393, 1.57895684242, 2.10140585899, 2.62385487556, 3.14630389214, 3.66875267029, 4.19120168686, 4.71365070343, 5.23609972, 5.75854873657, 6.30421733856, 6.83827638626, 7.37233543396, 7.97605419159, 8.56816291809, 9.17188167572, 9.76399040222, 10.3560991287, 10.9249887466, 11.4938774109, 12.051156044, 12.6084346771, 13.1657142639, 13.7462129593, 14.3267116547, 14.9188203812, 15.5109291077, 16.1030387878, 16.6951465607, 17.2872562408, 17.9141941071, 18.5411338806, 19.1564617157, 19.7717914581, 20.3871192932, 20.9676189423, 21.548116684, 22.128616333, 22.7091159821, 23.2896137238, 23.8585033417, 24.4273910522, 24.9962806702, 25.5651702881, 26.1224479675, 26.6913375854, 27.2486171722, 27.8058948517, 28.3515644073, 28.8856239319, 29.4312915802, 29.9769611359, 30.5110206604, 31.0566883087, 31.6023578644, 32.1480255127, 32.6820869446, 33.2277526855, 33.7618141174, 34.2958717346, 34.8299331665, 35.3755989075, 35.9328804016, 36.4785499573, 37.0242156982, 37.5698852539, 38.1155548096, 38.7076644897, 39.2881622314, 39.8802719116, 40.4723815918, 41.0644874573, 41.6565971375, 42.2487068176, 42.8408164978, 43.4561424255, 44.071472168, 44.6519737244, 45.2324714661, 45.8129692078, 46.3934669495, 46.9739685059, 47.5776863098, 48.16979599, 48.7735137939, 49.3656234741, 49.9461212158, 50.5266189575, 51.0955085754, 51.6643981934, 52.2448959351, 52.8253974915, 53.4058952332, 54.0096130371, 54.6249427795, 55.182220459, 55.7511100769, 56.3083877563, 56.8656692505, 57.4113349915, 57.9570045471, 58.5026741028, 59.0483436584, 59.5940132141, 60.1396827698, 60.6853485107, 61.2658500671, 61.8463478088, 62.4152374268, 62.9841270447, 63.5530128479, 64.1219024658, 64.6907958984, 65.2480697632, 65.8053512573, 66.3742370605, 66.9199066162, 67.4539642334, 67.98802948, 68.5220870972, 69.0561447144, 69.60181427, 70.1474838257, 70.6815414429, 71.2155990601, 71.7728805542, 72.3301544189, 72.8758239746, 73.4214935303, 73.9671630859, 74.5360565186, 75.0817184448, 75.6273880005, 76.1614532471, 76.7071151733, 77.2411804199, 77.7868499756, 78.3441238403, 78.9594573975, 79.5747833252, 80.2017211914, 80.8054428101, 81.4091567993, 82.0012664795, 82.6049880981, 83.2203140259, 83.835647583, 84.4393615723, 85.0082550049, 85.5771408081, 86.1924667358, 86.7961883545, 87.3766860962, 87.9571838379, 88.5492935181, 89.1414031982, 89.7219009399, 90.3023986816, 90.8829040527, 91.486618042, 92.0787277222, 92.6708374023, 93.251335144, 93.8086166382, 94.3658905029, 94.9231719971, 95.4688415527, 96.0145111084, 96.5717926025, 97.1290664673, 97.6863479614, 98.2552337646, 98.8125152588, 99.381401062, 99.9386825562, 100.49596405, 101.053237915, 101.598907471, 102.156188965, 102.701858521, 103.235916138, 103.769973755, 104.327255249, 104.861312866, 105.406982422, 105.964263916, 106.533149719, 107.113647461, 107.705757141, 108.297866821, 108.889976501, 109.482086182, 110.074195862, 110.677909851, 111.28163147, 111.838912964, 112.396186829, 112.988296509, 113.580406189, 114.172515869, 114.764625549, 115.356735229, 115.960449219, 116.54094696, 117.121452332, 117.701950073, 118.282447815, 118.874557495, 119.478271484, 120.070381165, 120.627662659, 121.173332214, 121.71900177, 122.264671326, 122.798728943, 123.33278656, 123.866844177, 124.412513733, 124.94657135, 125.492240906, 126.026298523, 126.571968079, 127.106025696, 127.651695251, 128.197372437, 128.731430054, 129.265487671, 129.822769165, 130.3800354, 130.937316895, 131.494598389, 132.051879883, 132.609161377, 133.166442871, 133.723709106, 134.257781982, 134.7918396, 135.325897217, 135.859954834, 136.382400513, 136.91645813, 137.450515747, 137.996185303, 138.53024292, 139.075912476, 139.621582031, 140.167251587, 140.701309204, 141.24697876, 141.804260254, 142.361541748, 142.907211304, 143.452880859, 143.986938477, 144.532608032, 145.078277588, 145.670379639, 146.262496948, 146.842987061, 147.423492432, 148.015594482, 148.596099854, 149.176589966, 149.768707275, 150.360809326, 150.952926636, 151.556640625, 152.102310181, 152.659591675, 153.274917603, 153.89024353, 154.505569458, 155.109298706, 155.713012695, 156.305114746, 156.897232056, 157.489334106, 158.093063354, 158.708389282, 159.288879395, 159.822952271, 160.368606567, 160.914276123, 161.459945679, 162.005615234, 162.55128479, 163.096954346, 163.631011963, 164.176681519, 164.722351074, 165.244796753, 165.76725769, 166.301315308, 166.858596802, 167.415863037, 167.996368408, 168.565261841, 169.134140015, 169.726257324, 170.318359375, 170.898864746, 171.479354858, 172.059860229, 172.640365601, 173.220855713, 173.801361084, 174.370239258, 174.93913269, 175.508026123, 176.076919556, 176.645797729, 177.179855347, 177.713912964, 178.24798584, 178.747207642, 179.258041382, 179.815322876, 180.360992432, 180.918273926, 181.463943481, 182.009613037, 182.555282593], "beats_loudness": {"dvar2": 0.000596909027081, "var": 0.000200056878384, "min": 4.2713691073e-07, "dmean": 0.0133384903893, "mean": 0.0209888275713, "max": 0.0680323392153, "dmean2": 0.0248798765242, "median": 0.0193691384047, "dvar": 0.000166379046277}, "bpm_histogram_second_peak_weight": {"dvar2": 0, "var": 0, "min": 0.139751553535, "dmean": 0, "mean": 0.139751553535, "max": 0.139751553535, "dmean2": 0, "median": 0.139751553535, "dvar": 0}, "bpm_histogram_second_peak_spread": {"dvar2": 0, "var": 0, "min": 0.701986789703, "dmean": 0, "mean": 0.701986789703, "max": 0.701986789703, "dmean2": 0, "median": 0.701986789703, "dvar": 0}, "bpm_histogram_second_peak_bpm": {"dvar2": 0, "var": 0, "min": 101, "dmean": 0, "mean": 101, "max": 101, "dmean2": 0, "median": 101, "dvar": 0}, "onset_rate": 3.66638684273}, "lowlevel": {"spectral_energyband_high": {"dvar2": 1.67990458522e-06, "var": 1.49189838794e-06, "min": 7.29015761152e-21, "dmean": 0.000515664578415, "mean": 0.00114142394159, "max": 0.0118406508118, "dmean2": 0.000783317664173, "median": 0.000832433113828, "dvar": 6.87845954417e-07}, "spectral_energyband_middle_low": {"dvar2": 0.000506870506797, "var": 0.000169952967553, "min": 1.61119046497e-22, "dmean": 0.00640159333125, "mean": 0.0101905548945, "max": 0.136411592364, "dmean2": 0.0111084440723, "median": 0.00671010371298, "dvar": 0.000180353672476}, "spectral_energy": {"dvar2": 0.000606374407653, "var": 0.000255724502495, "min": 1.01863188845e-20, "dmean": 0.0077860574238, "mean": 0.018028235063, "max": 0.156457781792, "dmean2": 0.0131478179246, "median": 0.0149447545409, "dvar": 0.000215325635509}, "spectral_spread": {"dvar2": 1138849087490.0, "var": 5313543536640.0, "min": 526800.3125, "dmean": 483225.4375, "mean": 3923971, "max": 42253896, "dmean2": 734524.9375, "median": 3779388, "dvar": 556487737344}, "spectral_energyband_low": {"dvar2": 9.90196713246e-06, "var": 2.65572384706e-06, "min": 2.3292500311e-23, "dmean": 0.000925284635741, "mean": 0.000971478992142, "max": 0.0177653953433, "dmean2": 0.00167684664484, "median": 0.00046817943803, "dvar": 3.40711881108e-06}, "spectral_rolloff": {"dvar2": 1870902.5, "var": 2209014.5, "min": 236.865234375, "dmean": 669.882202148, "mean": 2529.51782227, "max": 19616.7480469, "dmean2": 1138.03979492, "median": 2583.984375, "dvar": 738789.9375}, "barkbands": {"dvar2": [2.79866668035e-12, 4.81071431579e-08, 2.23218739848e-06, 2.23373790504e-05, 0.000236793115619, 5.05071648149e-06, 8.48780018714e-06, 3.16836553793e-06, 4.39316772827e-06, 3.46238584825e-06, 1.59396392974e-06, 1.82658607173e-06, 6.44913654924e-07, 3.77697205067e-07, 5.73015825012e-07, 3.37393203154e-07, 1.0917575537e-06, 8.97093798358e-07, 8.40828022319e-07, 2.61221487108e-07, 1.52390157382e-07, 6.3339847145e-08, 1.49151361484e-07, 9.63062944948e-08, 3.47336062134e-08, 7.00377267293e-09, 1.56203799895e-10], "var": [1.59457310637e-12, 1.42045983864e-08, 6.03753619544e-07, 5.9850622165e-06, 6.21313956799e-05, 3.51865946868e-06, 5.2949367273e-06, 2.51932874562e-06, 3.4774886899e-06, 1.81890868589e-06, 1.17239574138e-06, 1.67226176018e-06, 5.83764290241e-07, 2.87318272285e-07, 4.23942225325e-07, 2.57918799207e-07, 1.01652221929e-06, 8.78128787463e-07, 1.05524168248e-06, 2.64264770067e-07, 1.5995581748e-07, 7.17711259313e-08, 9.66049853446e-08, 3.63737058251e-08, 1.0941876738e-08, 1.85844972744e-09, 4.4130372967e-11], "min": [1.50367005676e-24, 5.24174721237e-24, 1.09605911893e-24, 2.17190505767e-24, 1.52688240723e-23, 1.17065577828e-23, 5.16697542589e-24, 1.63722527298e-23, 9.88032269913e-24, 1.5490151621e-23, 2.28248698772e-23, 3.12181416495e-23, 3.06149060262e-23, 6.06444772607e-23, 7.06780559121e-23, 7.06196928269e-23, 7.23328021014e-23, 1.22639774692e-22, 1.29603359136e-22, 2.04164144247e-22, 3.04123902857e-22, 3.20597035119e-22, 4.71800668017e-22, 6.02864871332e-22, 8.93679794571e-22, 1.53546814844e-21, 2.06861977861e-21], "dmean": [4.71077015618e-07, 7.13474291842e-05, 0.000476391520351, 0.00130946061108, 0.00369728077203, 0.00078926444985, 0.00116871437058, 0.000675251940265, 0.000825484341476, 0.000493473606184, 0.000422825978603, 0.000556206272449, 0.000336977129336, 0.000246623152634, 0.000278737570625, 0.000214039828279, 0.000347621215042, 0.000361536163837, 0.000370470021153, 0.000225354902796, 0.000178309259354, 0.000112588932097, 0.000120590237202, 7.97588363639e-05, 3.97428739234e-05, 1.56869391503e-05, 2.47204570769e-06], "mean": [5.64254207802e-07, 8.0318772234e-05, 0.000449165236205, 0.00124944210984, 0.00375470751897, 0.00119872111827, 0.00158927834127, 0.000960323668551, 0.00124490831513, 0.000741085852496, 0.000638368714135, 0.000920579419471, 0.000570343574509, 0.000404274847824, 0.000480116490507, 0.000369014538592, 0.000601543288212, 0.000658330274746, 0.00072837335756, 0.000440234929556, 0.00033513084054, 0.000222969567403, 0.000221948474064, 0.000108606443973, 4.35145884694e-05, 1.41476866702e-05, 2.27083933169e-06], "max": [3.03735432681e-05, 0.00167446245905, 0.00934306159616, 0.0247452370822, 0.0919206961989, 0.0236962288618, 0.0298658870161, 0.0221133306623, 0.0374653525651, 0.0367237776518, 0.0191712453961, 0.0139809232205, 0.0098721710965, 0.00540297897533, 0.00770969549194, 0.0058373757638, 0.0235404036939, 0.014387851581, 0.00976928696036, 0.00497199036181, 0.00446049729362, 0.0034657260403, 0.0047450568527, 0.0033041620627, 0.00195810035802, 0.000946383166593, 0.000142791657709], "dmean2": [8.00752843588e-07, 0.000127834136947, 0.000870048475917, 0.0023861892987, 0.00668995734304, 0.00128140405286, 0.00190138001926, 0.00110435578972, 0.00131769059226, 0.000821158988401, 0.000709818094037, 0.000904512475245, 0.000548501906451, 0.000405560102081, 0.000461326126242, 0.000349152571289, 0.000557415070944, 0.000578050676268, 0.000578368431889, 0.000353706709575, 0.000273123383522, 0.000174401720869, 0.00018991412071, 0.000130186643219, 6.51896116324e-05, 2.62651647063e-05, 4.14718897446e-06], "median": [2.50520940881e-07, 4.37697672169e-05, 0.000169667415321, 0.000390610541217, 0.0015577346785, 0.000554792408366, 0.000771848659497, 0.000431951601058, 0.000610207440332, 0.000398859090637, 0.000282282009721, 0.000442039978225, 0.000309415947413, 0.00021947271307, 0.000250933982898, 0.000182818854228, 0.000280840060441, 0.000312499818392, 0.000338334677508, 0.000267188181169, 0.00019866679213, 0.000136429909617, 0.000110379114631, 4.51891355624e-05, 9.66274819802e-06, 1.95441543838e-06, 1.75584290218e-07], "dvar": [1.14279224105e-12, 1.67429448084e-08, 7.71086263285e-07, 7.81055314292e-06, 8.43084344524e-05, 2.04207753995e-06, 3.4912634419e-06, 1.32534876229e-06, 1.87603200175e-06, 1.1552263004e-06, 6.05634454587e-07, 7.03425257598e-07, 2.57023231143e-07, 1.45639219795e-07, 2.08233743137e-07, 1.27765460434e-07, 4.50502909644e-07, 3.56301910642e-07, 3.5395456166e-07, 1.08577303592e-07, 7.14226402465e-08, 2.76888378892e-08, 5.72316736225e-08, 3.60272558453e-08, 1.2948176753e-08, 2.54973153702e-09, 5.80636129455e-11]}, "melbands_skewness": {"dvar2": 1.02157855034, "var": 0.952621042728, "min": -1.09179079533, "dmean": 0.556907773018, "mean": 1.56375908852, "max": 6.35377979279, "dmean2": 0.907653450966, "median": 1.48853957653, "dvar": 0.382550626993}, "barkbands_skewness": {"dvar2": 0.651706039906, "var": 0.70650857687, "min": -2.12652206421, "dmean": 0.469827860594, "mean": 0.728450119495, "max": 4.24055528641, "dmean2": 0.760508477688, "median": 0.649736702442, "dvar": 0.244630888104}, "erbbands": {"dvar2": [5.96235759076e-06, 0.00646315002814, 1.55202424526, 77.2936782837, 1657.94482422, 3038.42919922, 621.517700195, 535.17199707, 931.179626465, 3033.87280273, 1609.72814941, 2612.05957031, 2984.99291992, 2502.64013672, 2240.15063477, 2392.05786133, 866.811279297, 978.176452637, 598.339538574, 1546.16894531, 1064.67053223, 3124.84423828, 3789.42919922, 2747.77197266, 1970.75256348, 534.689941406, 287.795837402, 300.660797119, 70.8095092773, 81.2251586914, 173.804443359, 49.6458015442, 25.4953594208, 7.94186973572, 0.84138739109, 0.324801564217, 0.011013851501, 0.000329472124577, 3.50961363438e-06, 1.04269126666e-08], "var": [3.2917344015e-06, 0.00179939146619, 0.414181262255, 21.0037155151, 480.81072998, 718.149780273, 197.959976196, 399.81652832, 464.66796875, 2137.46362305, 1111.26904297, 1952.02722168, 1855.38269043, 1783.44421387, 1547.90454102, 2397.99487305, 828.719848633, 747.148864746, 500.178710938, 1110.73046875, 955.043457031, 3025.57202148, 3736.12036133, 2722.41699219, 2057.55834961, 531.935668945, 383.982727051, 211.553771973, 80.9886169434, 70.5751800537, 77.0965499878, 26.13904953, 8.96080684662, 2.45188593864, 0.255966752768, 0.0827001556754, 0.0032278187573, 9.54613933573e-05, 1.02948786207e-06, 3.55450602285e-09], "min": [2.74625200302e-22, 1.24692509412e-21, 2.07141090733e-21, 7.91372900876e-21, 2.28858919664e-20, 3.98140446515e-20, 5.8528088357e-20, 1.1448381303e-19, 1.6201733334e-19, 1.39175218938e-19, 3.52545928034e-19, 2.79624399417e-19, 7.4130008472e-19, 7.61054140024e-19, 7.71516113617e-19, 1.88468904629e-18, 1.90043484284e-18, 3.26460746058e-18, 3.16266241317e-18, 3.86195945545e-18, 4.28065512047e-18, 4.18476296719e-18, 5.77139547092e-18, 8.7811343159e-18, 7.79777373189e-18, 8.71638675346e-18, 1.08055314793e-17, 1.2684368016e-17, 1.0784032228e-17, 1.06123211134e-17, 1.27062345355e-17, 1.19984516541e-17, 1.07428171268e-17, 1.0147005549e-17, 6.3659480798e-18, 4.88073205507e-18, 2.75799262941e-18, 1.05575780936e-18, 2.70687152339e-19, 2.79988197328e-20], "dmean": [0.000996063230559, 0.024889299646, 0.388781934977, 2.40973877907, 10.2204294205, 13.0993309021, 7.15035533905, 7.41025876999, 12.6448850632, 18.7483100891, 14.2228088379, 19.0480556488, 14.9598703384, 18.0584449768, 17.6403656006, 19.4323329926, 13.2319774628, 13.6698226929, 10.8215961456, 13.3781709671, 12.7797040939, 17.1922359467, 21.4618282318, 18.8916473389, 16.9817371368, 9.44081306458, 7.79107952118, 6.3706817627, 3.86108851433, 3.52121281624, 3.39349126816, 2.0767557621, 1.1957886219, 0.583572983742, 0.186844363809, 0.100012741983, 0.021417228505, 0.00373899680562, 0.000382087164326, 2.53067155427e-05], "mean": [0.00151360325981, 0.0279210247099, 0.379843145609, 2.45143508911, 9.73321247101, 12.780005455, 8.89893436432, 11.5754957199, 17.7589645386, 26.1641902924, 21.190574646, 28.7219200134, 23.7174968719, 29.080575943, 28.5978355408, 33.978225708, 24.7142372131, 24.3917942047, 21.174369812, 24.3240184784, 25.3608264923, 33.3185424805, 41.243473053, 35.886341095, 31.1494350433, 19.4445610046, 15.9816303253, 11.8121681213, 7.92878723145, 6.93911075592, 5.75655603409, 3.42795991898, 1.51303076744, 0.650730371475, 0.19901907444, 0.0889714434743, 0.0199577417225, 0.00361741124652, 0.000367140368326, 3.90787681681e-05], "max": [0.0217732470483, 0.535480618477, 6.97712230682, 47.3084182739, 240.995315552, 339.8515625, 219.083297729, 284.336730957, 290.045623779, 653.102661133, 533.221008301, 1163.88537598, 1011.30072021, 706.135498047, 685.859130859, 597.68145752, 377.523529053, 309.386352539, 264.209716797, 442.594940186, 386.014251709, 1306.07067871, 1033.85644531, 626.651977539, 509.710296631, 238.922943115, 256.643432617, 266.302429199, 125.479125977, 94.4024047852, 185.112136841, 66.3790359497, 54.1000595093, 32.0103378296, 11.5369119644, 6.84061002731, 1.13386893272, 0.197918772697, 0.0192136950791, 0.00129341054708], "dmean2": [0.00169273745269, 0.0449221655726, 0.712719678879, 4.3759059906, 18.1896762848, 24.084815979, 12.4979572296, 11.8367080688, 21.104265213, 29.8326663971, 23.0880012512, 30.4452285767, 24.3587856293, 29.7653274536, 29.3219203949, 31.652633667, 21.4549255371, 22.4822216034, 17.6809577942, 22.0864582062, 20.8518981934, 27.3957061768, 34.1607398987, 29.6388912201, 25.963804245, 14.7664585114, 11.8258428574, 9.86376953125, 5.9445104599, 5.4588804245, 5.38318014145, 3.32944202423, 1.96077370644, 0.960778295994, 0.305744916201, 0.168325468898, 0.0353705249727, 0.00623100530356, 0.000639101082925, 4.17961309722e-05], "median": [0.000961603829637, 0.0159204714, 0.161953359842, 0.939942419529, 2.5945110321, 5.27965831757, 4.61418104172, 5.22380876541, 10.0303611755, 11.6140937805, 11.0974693298, 14.2519035339, 12.3225059509, 14.8213291168, 15.9052734375, 17.247795105, 16.3213615417, 15.9185562134, 14.602722168, 13.5036182404, 14.5623130798, 18.1909389496, 19.8921508789, 18.8464126587, 16.8277282715, 12.8220663071, 9.75135993958, 7.43346452713, 5.15410423279, 4.31781101227, 2.95146751404, 1.56639456749, 0.511468112469, 0.162352204323, 0.0405833870173, 0.0109943244606, 0.00302443793043, 0.000685601029545, 3.74456358259e-05, 2.36929663515e-05], "dvar": [2.20200649892e-06, 0.00224714563228, 0.539625942707, 27.0340080261, 604.252075195, 1052.74865723, 219.216308594, 222.583251953, 350.71270752, 1335.2689209, 675.439697266, 1131.82263184, 1063.96594238, 960.670837402, 840.271484375, 935.184692383, 348.289031982, 373.099731445, 222.711425781, 559.58215332, 403.51953125, 1282.47595215, 1498.7364502, 1157.18884277, 966.175537109, 225.920547485, 139.104385376, 125.62322998, 31.5325222015, 33.4924545288, 64.9703369141, 18.8872928619, 9.52645015717, 2.9465341568, 0.311849445105, 0.117285646498, 0.00410437164828, 0.000122175144497, 1.30844443902e-06, 3.92706533958e-09]}, "silence_rate_30dB": {"dvar2": 0, "var": 0, "min": 1, "dmean": 0, "mean": 1, "max": 1, "dmean2": 0, "median": 1, "dvar": 0}, "melbands_spread": {"dvar2": 269.024047852, "var": 333.37197876, "min": 1.31195271015, "dmean": 10.0197191238, "mean": 35.38804245, "max": 166.917709351, "dmean2": 16.0912132263, "median": 33.2993392944, "dvar": 104.432830811}, "melbands_crest": {"dvar2": 17.5747852325, "var": 17.7931556702, "min": 1.67054831982, "dmean": 2.93096852303, "mean": 10.0454158783, "max": 29.7698974609, "dmean2": 4.88632392883, "median": 9.13842868805, "dvar": 6.54015398026}, "zerocrossingrate": {"dvar2": 0.000193715881323, "var": 0.0013205090072, "min": 0.0107421875, "dmean": 0.0100347893313, "mean": 0.0835845470428, "max": 0.52392578125, "dmean2": 0.0125122377649, "median": 0.08251953125, "dvar": 0.00011622801685}, "barkbands_kurtosis": {"dvar2": 14.0494937897, "var": 7.39893293381, "min": -1.76846075058, "dmean": 1.35890495777, "mean": 0.543306708336, "max": 28.4690170288, "dmean2": 2.30908322334, "median": -0.357258915901, "dvar": 5.14890241623}, "spectral_flux": {"dvar2": 0.00195503327996, "var": 0.00198113452643, "min": 6.44711783959e-11, "dmean": 0.0208383090794, "mean": 0.0797615274787, "max": 0.358659744263, "dmean2": 0.0341220498085, "median": 0.0782524496317, "dvar": 0.000905815279111}, "barkbands_crest": {"dvar2": 14.510509491, "var": 12.2373218536, "min": 2.31711626053, "dmean": 2.42211461067, "mean": 7.58560419083, "max": 24.3656616211, "dmean2": 4.1052441597, "median": 6.62948942184, "dvar": 5.3155670166}, "barkbands_flatness_db": {"dvar2": 0.000911764218472, "var": 0.00412493105978, "min": 0.0354744456708, "dmean": 0.0193725824356, "mean": 0.128744840622, "max": 0.464902788401, "dmean2": 0.0312808938324, "median": 0.11123675853, "dvar": 0.000347104651155}, "spectral_entropy": {"dvar2": 0.060847517103, "var": 0.330518066883, "min": 4.72756528854, "dmean": 0.167809665203, "mean": 7.49054336548, "max": 9.82562065125, "dmean2": 0.262765258551, "median": 7.62554073334, "dvar": 0.0256139077246}, "pitch_salience": {"dvar2": 0.00749843893573, "var": 0.00898880977184, "min": 0.196328893304, "dmean": 0.0649904608727, "mean": 0.616153419018, "max": 0.924221694469, "dmean2": 0.10685249418, "median": 0.619468688965, "dvar": 0.00272008846514}, "erbbands_spread": {"dvar2": 119.892860413, "var": 187.950195312, "min": 3.34220314026, "dmean": 6.84023141861, "mean": 34.481967926, "max": 111.813064575, "dmean2": 10.9418315887, "median": 33.9359893799, "dvar": 48.457824707}, "dynamic_complexity": 3.09680366516, "spectral_contrast_valleys": {"dvar2": [0.441548973322, 0.288910359144, 0.222677707672, 0.175326481462, 0.146891504526, 0.329089552164], "var": [2.73584222794, 2.29891419411, 2.24830842018, 2.28404426575, 2.65382456779, 2.84993743896], "min": [-27.7622318268, -27.8994464874, -27.6145420074, -27.4416809082, -27.5127830505, -27.3855667114], "dmean": [0.467214435339, 0.362226486206, 0.317725539207, 0.272202402353, 0.254714995623, 0.394384294748], "mean": [-8.86048984528, -6.74607467651, -7.23446178436, -7.71214485168, -7.75086355209, -10.6046094894], "max": [-6.35929107666, -4.41366100311, -5.03941297531, -5.47392177582, -5.85508060455, -7.85874080658], "dmean2": [0.784947156906, 0.60821390152, 0.527652442455, 0.441840261221, 0.390760481358, 0.558237016201], "median": [-8.35532188416, -6.43108081818, -6.91638183594, -7.38427019119, -7.35582542419, -10.2721672058], "dvar": [0.177127361298, 0.124253109097, 0.099755205214, 0.084308937192, 0.0799834877253, 0.171909958124]}, "hfc": {"dvar2": 182.693267822, "var": 289.901580811, "min": 1.07981189484e-16, "dmean": 6.88847208023, "mean": 22.7444992065, "max": 128.857406616, "dmean2": 10.4454460144, "median": 20.3083076477, "dvar": 76.6744689941}, "spectral_kurtosis": {"dvar2": 89.5230407715, "var": 270.507598877, "min": -1.25476300716, "dmean": 2.30665802956, "mean": 6.32407140732, "max": 199.726425171, "dmean2": 4.00230789185, "median": 2.99422597885, "dvar": 34.4870185852}, "mfcc": {"mean": [-642.84979248, 97.1120605469, -28.3161067963, 10.5261974335, -18.8619346619, -6.82564258575, -14.5463829041, -1.88557708263, -13.8761072159, -5.09871435165, -9.10129451752, -3.53306674957, -7.34759044647], "cov": [[9187.82519531, -1210.63427734, 717.046386719, 721.946655273, -8.19476699829, 396.217590332, 212.630340576, 156.781478882, -101.593017578, 142.713897705, -193.140274048, 7.90284824371, -114.818077087], [-1210.63427734, 1563.98303223, 309.98059082, 30.2862796783, 102.618537903, -68.4767608643, -32.1638145447, -85.0827865601, -42.6466827393, -112.348197937, -26.1339225769, -122.729652405, -80.2626037598], [717.046386719, 309.98059082, 975.48248291, 126.30947876, 47.2094535828, 84.6623382568, 93.9317626953, -0.422490149736, -8.03410053253, -5.57850074768, -96.377532959, -41.4476318359, -36.5804634094], [721.946655273, 30.2862796783, 126.30947876, 403.324066162, 50.0775108337, 108.984741211, 56.2968978882, 38.5313949585, -49.4948043823, 21.6010017395, -16.3963432312, 14.9623374939, -17.6572494507], [-8.19476699829, 102.618537903, 47.2094535828, 50.0775108337, 175.791091919, 32.2532234192, 13.1217279434, -2.43860220909, -0.395620644093, -12.6575040817, -9.03218460083, -16.0276107788, -7.69203519821], [396.217590332, -68.4767608643, 84.6623382568, 108.984741211, 32.2532234192, 134.50920105, 50.4497528076, 30.6657009125, 0.41431415081, 23.8328723907, -21.3746738434, 6.04000425339, -4.24484539032], [212.630340576, -32.1638145447, 93.9317626953, 56.2968978882, 13.1217279434, 50.4497528076, 100.830978394, 36.3031997681, 9.28352451324, 13.9629583359, -3.30775332451, 2.48384666443, -8.66753578186], [156.781478882, -85.0827865601, -0.422490149736, 38.5313949585, -2.43860220909, 30.6657009125, 36.3031997681, 80.032585144, 20.2650089264, 20.1563720703, -1.96727514267, 18.9468269348, 3.93191146851], [-101.593017578, -42.6466827393, -8.03410053253, -49.4948043823, -0.395620644093, 0.41431415081, 9.28352451324, 20.2650089264, 85.4108047485, 17.131187439, 9.49068260193, 12.2689838409, 11.8195343018], [142.713897705, -112.348197937, -5.57850074768, 21.6010017395, -12.6575040817, 23.8328723907, 13.9629583359, 20.1563720703, 17.131187439, 71.3500518799, 15.0994224548, 19.9769954681, 7.56079244614], [-193.140274048, -26.1339225769, -96.377532959, -16.3963432312, -9.03218460083, -21.3746738434, -3.30775332451, -1.96727514267, 9.49068260193, 15.0994224548, 79.6655502319, 27.0334606171, 6.90199661255], [7.90284824371, -122.729652405, -41.4476318359, 14.9623374939, -16.0276107788, 6.04000425339, 2.48384666443, 18.9468269348, 12.2689838409, 19.9769954681, 27.0334606171, 90.4502716064, 37.8645820618], [-114.818077087, -80.2626037598, -36.5804634094, -17.6572494507, -7.69203519821, -4.24484539032, -8.66753578186, 3.93191146851, 11.8195343018, 7.56079244614, 6.90199661255, 37.8645820618, 77.3095779419]], "icov": [[0.000173676962731, 0.000168792219483, -0.00010953945457, -0.000221658221562, 4.62540956505e-05, -0.000128009851323, 1.68669630511e-05, -3.53658324457e-05, 0.000104879880382, -8.11060453998e-05, 0.00023410707945, 3.88673615817e-05, 0.000283947068965], [0.000168792219483, 0.0010726749897, -0.000411463435739, -0.000440055940999, -0.000311132345814, 0.00035287256469, 0.000271606520982, 0.000303772045299, -1.69055056176e-05, 0.000908809714019, -0.000240724853938, 0.000788521778304, 0.000621549261268], [-0.00010953945457, -0.000411463435739, 0.00152234255802, -3.25347318721e-05, 7.97220991444e-07, -0.000152214211994, -0.00135637365747, 0.000754669192247, -0.000299853709294, -0.000371369620552, 0.00156543077901, -0.000309022812871, 1.80570714292e-05], [-0.000221658221562, -0.000440055940999, -3.25347318721e-05, 0.00417578965425, -0.000674080976751, -0.00220723333769, -0.00043657689821, -0.00124608981423, 0.00260030478239, -0.000703728583176, -0.000379397009965, -0.00117474654689, 0.000258955114987], [4.62540956505e-05, -0.000311132345814, 7.97220991444e-07, -0.000674080976751, 0.00653793895617, -0.0016835196875, -0.000169721781276, 0.000523155438714, -0.000872431672178, 0.00127393589355, -0.000244906172156, 0.000887142494321, -0.000299318635371], [-0.000128009851323, 0.00035287256469, -0.000152214211994, -0.00220723333769, -0.0016835196875, 0.0127280792221, -0.00365041359328, -0.00064498669235, -0.000545477902051, -0.00256882351823, 0.00289498292841, -0.000353175331838, 4.1285052248e-06], [1.68669630511e-05, 0.000271606520982, -0.00135637365747, -0.00043657689821, -0.000169721781276, -0.00365041359328, 0.0152439456433, -0.0053555900231, -0.000701952085365, 0.000440429867012, -0.00254309549928, 0.00102408532985, 0.00111936684698], [-3.53658324457e-05, 0.000303772045299, 0.000754669192247, -0.00124608981423, 0.000523155438714, -0.00064498669235, -0.0053555900231, 0.0182687137276, -0.00392448762432, -0.00171339302324, 0.00242718239315, -0.00267815077677, 0.00068497256143], [0.000104879880382, -1.69055056176e-05, -0.000299853709294, 0.00260030478239, -0.000872431672178, -0.000545477902051, -0.000701952085365, -0.00392448762432, 0.0152370883152, -0.00296592735685, -0.000919808808248, -0.000556927290745, -0.00109020411037], [-8.11060453998e-05, 0.000908809714019, -0.000371369620552, -0.000703728583176, 0.00127393589355, -0.00256882351823, 0.000440429867012, -0.00171339302324, -0.00296592735685, 0.0190341472626, -0.00410535978153, -0.000582302978728, -0.000147511585965], [0.00023410707945, -0.000240724853938, 0.00156543077901, -0.000379397009965, -0.000244906172156, 0.00289498292841, -0.00254309549928, 0.00242718239315, -0.000919808808248, -0.00410535978153, 0.0181356910616, -0.00551008526236, 0.00209959456697], [3.88673615817e-05, 0.000788521778304, -0.000309022812871, -0.00117474654689, 0.000887142494321, -0.000353175331838, 0.00102408532985, -0.00267815077677, -0.000556927290745, -0.000582302978728, -0.00551008526236, 0.0177957341075, -0.00730021297932], [0.000283947068965, 0.000621549261268, 1.80570714292e-05, 0.000258955114987, -0.000299318635371, 4.1285052248e-06, 0.00111936684698, 0.00068497256143, -0.00109020411037, -0.000147511585965, 0.00209959456697, -0.00730021297932, 0.0176999494433]]}, "silence_rate_20dB": {"dvar2": 0, "var": 0, "min": 1, "dmean": 0, "mean": 1, "max": 1, "dmean2": 0, "median": 1, "dvar": 0}, "melbands_kurtosis": {"dvar2": 71.4943847656, "var": 32.2318115234, "min": -1.594866395, "dmean": 3.07385492325, "mean": 3.92320585251, "max": 58.5354423523, "dmean2": 5.18894863129, "median": 2.1890630722, "dvar": 25.9943695068}, "barkbands_spread": {"dvar2": 87.4787445068, "var": 104.175674438, "min": 0.797250807285, "dmean": 5.47056436539, "mean": 23.8170604706, "max": 78.00730896, "dmean2": 8.88409042358, "median": 23.3092460632, "dvar": 32.6245498657}, "erbbands_skewness": {"dvar2": 0.222402587533, "var": 0.343299776316, "min": -2.38885807991, "dmean": 0.351157516241, "mean": 0.0285738613456, "max": 3.34349441528, "dmean2": 0.550806760788, "median": -0.00396332424134, "dvar": 0.0892748013139}, "average_loudness": 0.863551616669, "spectral_centroid": {"dvar2": 321850.625, "var": 709628.75, "min": 245.577041626, "dmean": 337.777801514, "mean": 1909.97241211, "max": 11331.5449219, "dmean2": 538.99029541, "median": 1950.08215332, "dvar": 129937.351562}, "dissonance": {"dvar2": 0.000906877452508, "var": 0.00121974863578, "min": 0.143069267273, "dmean": 0.0173977781087, "mean": 0.46846845746, "max": 0.500000059605, "dmean2": 0.0297064613551, "median": 0.477203398943, "dvar": 0.000330977753038}, "erbbands_flatness_db": {"dvar2": 0.000477689842228, "var": 0.00377217982896, "min": 0.0751515701413, "dmean": 0.0160322692245, "mean": 0.188884839416, "max": 0.465265959501, "dmean2": 0.0247078184038, "median": 0.171715945005, "dvar": 0.000220015906962}, "spectral_strongpeak": {"dvar2": 5.54986810684, "var": 2.66580057144, "min": 0, "dmean": 0.953617036343, "mean": 1.31412446499, "max": 16.0720310211, "dmean2": 1.65306520462, "median": 0.72208404541, "dvar": 2.14710712433}, "spectral_rms": {"dvar2": 3.28936266669e-06, "var": 2.90246543955e-06, "min": 3.1524390303e-12, "dmean": 0.000772717350628, "mean": 0.00383224361576, "max": 0.0123548265547, "dmean2": 0.00125351618044, "median": 0.00381840905175, "dvar": 1.2049945326e-06}, "silence_rate_60dB": {"dvar2": 0.0440949201584, "var": 0.0972648486495, "min": 0, "dmean": 0.0195109583437, "mean": 0.109196856618, "max": 1, "dmean2": 0.039026863873, "median": 0, "dvar": 0.0191310029477}, "melbands": {"dvar2": [1.47663226091e-09, 1.98441924226e-07, 5.57732164452e-06, 1.39164621942e-05, 1.33436537908e-06, 2.23528516585e-07, 2.28195887075e-07, 2.70511975486e-07, 1.12044723721e-07, 1.08100316254e-07, 8.25838668561e-08, 4.47299797202e-08, 2.7047233786e-08, 2.16706599332e-08, 1.35859785644e-08, 5.8606697273e-09, 3.8664609292e-09, 1.90766713537e-09, 4.84884665752e-09, 1.71828351547e-09, 1.76622660941e-09, 3.53775964079e-09, 3.71165298496e-09, 2.17188000917e-09, 2.884578576e-09, 2.24406826455e-09, 5.529260938e-10, 2.27153559851e-10, 1.65274238739e-10, 1.13268977531e-10, 1.76848799494e-10, 3.33345746839e-11, 2.56514774699e-11, 3.47340559093e-11, 4.91928893454e-11, 5.22749933618e-11, 2.65408719308e-11, 2.1043134249e-11, 8.91127709818e-12, 3.78672440626e-12], "var": [5.37202837769e-10, 5.35387059131e-08, 1.60469301136e-06, 3.57256885763e-06, 3.65569121641e-07, 1.66713718386e-07, 1.26365478081e-07, 2.04010575544e-07, 7.48062802813e-08, 8.22061423378e-08, 4.94546981145e-08, 2.99213418486e-08, 1.98172287469e-08, 1.62804774106e-08, 1.61351376704e-08, 5.10233011397e-09, 2.85998469352e-09, 1.58472324152e-09, 3.42980688295e-09, 1.13734011098e-09, 1.63076985249e-09, 3.40577699376e-09, 3.2985409959e-09, 2.2861035287e-09, 2.6416726584e-09, 2.2545776357e-09, 5.41645506225e-10, 2.20973170317e-10, 1.93068769305e-10, 1.29824123674e-10, 9.92425655544e-11, 3.50621198741e-11, 2.07355261433e-11, 2.52970786679e-11, 2.14319759856e-11, 3.46741281521e-11, 9.19795923454e-12, 6.98946239427e-12, 2.92405878156e-12, 1.13997049647e-12], "min": [4.23391508593e-24, 1.45702451422e-24, 1.33012894065e-24, 2.7195636553e-24, 2.31153580448e-24, 2.85791526415e-24, 1.99860809402e-24, 1.6992718653e-24, 2.06155998311e-24, 1.64328354724e-24, 3.24431156287e-24, 2.70058563407e-24, 2.58342223749e-24, 3.45389297273e-24, 4.87018899284e-24, 4.19427600874e-24, 5.15325752918e-24, 4.05079877616e-24, 5.18819972855e-24, 5.438881186e-24, 4.70422370244e-24, 3.08759369443e-24, 4.29866636676e-24, 5.21317388152e-24, 6.26688655263e-24, 5.50815145652e-24, 5.32562442584e-24, 5.447776776e-24, 4.73447099612e-24, 4.10373568163e-24, 6.64434190185e-24, 5.08374231735e-24, 5.20540636261e-24, 5.43565395603e-24, 6.30224290397e-24, 6.49468670509e-24, 6.55684421125e-24, 7.56533700869e-24, 6.46917691557e-24, 6.6144590619e-24], "dmean": [1.3730320461e-05, 0.000140570715303, 0.000622069987003, 0.000882180815097, 0.000311786978273, 0.000159776333021, 0.000204725220101, 0.000189733022125, 0.000118653893878, 0.000123527468531, 7.59542017477e-05, 7.45874494896e-05, 5.93778750044e-05, 5.78322215006e-05, 4.24863719672e-05, 3.16811092489e-05, 2.67855994025e-05, 1.80953011295e-05, 2.30529949476e-05, 1.61911939358e-05, 1.67925736605e-05, 2.01754646696e-05, 2.05581709452e-05, 1.66714071383e-05, 1.81090854312e-05, 1.56815476657e-05, 9.82582696452e-06, 6.16127454123e-06, 5.39641268915e-06, 4.88089426653e-06, 4.23655092163e-06, 2.4490720989e-06, 2.11418546314e-06, 2.0513778054e-06, 1.88362491826e-06, 2.07071252589e-06, 1.26942643419e-06, 1.02567207705e-06, 6.5918487735e-07, 3.92870504129e-07], "mean": [1.74069282366e-05, 0.000138639879879, 0.000639266509097, 0.000857081031427, 0.000370833935449, 0.000249194330536, 0.00029074610211, 0.000270483229542, 0.000172283456777, 0.000183506766916, 0.000115939197713, 0.000116253424494, 9.32931652642e-05, 9.48252200033e-05, 7.30271349312e-05, 5.41306908417e-05, 4.449363405e-05, 3.25025903294e-05, 3.87591062463e-05, 2.71252647508e-05, 3.05540161207e-05, 3.51041344402e-05, 3.63487779396e-05, 3.05274843413e-05, 2.93299872283e-05, 2.537790715e-05, 1.78416830749e-05, 1.14682297863e-05, 1.03063057395e-05, 8.53553956404e-06, 6.62564025333e-06, 4.67449444841e-06, 3.66863491763e-06, 3.84372879125e-06, 2.96077246276e-06, 3.55904467142e-06, 1.67229063663e-06, 1.2273936818e-06, 7.50142646666e-07, 4.32153797192e-07], "max": [0.000295714387903, 0.00250892108306, 0.0128130763769, 0.0225554145873, 0.00887683872133, 0.00558841833845, 0.00424840953201, 0.0061195474118, 0.00437381351367, 0.00688409572467, 0.00542475702241, 0.00260202866048, 0.00251551833935, 0.00137549405918, 0.0016787420027, 0.000722718599718, 0.00055735220667, 0.000447419966804, 0.000719930569176, 0.000521285750438, 0.000454519846244, 0.00109925726429, 0.00114796718117, 0.00073466647882, 0.00064160511829, 0.000654983334243, 0.000211572463741, 0.000218735716771, 0.00019211358449, 0.000103796977783, 0.000209144025575, 0.000113196532766, 4.98499721289e-05, 6.98455551174e-05, 0.000104095503048, 9.38884477364e-05, 5.74197620153e-05, 5.00781134178e-05, 3.22231499013e-05, 2.33425962506e-05], "dmean2": [2.42241603701e-05, 0.000257310224697, 0.00112308748066, 0.00159498595167, 0.000557404593565, 0.000255796854617, 0.000338468438713, 0.000302511878544, 0.0001934383763, 0.000197955785552, 0.000124358441099, 0.000123175574117, 9.89178588497e-05, 9.47343869484e-05, 6.85834820615e-05, 5.16047803103e-05, 4.40435323981e-05, 2.97307924484e-05, 3.81284044124e-05, 2.64831196546e-05, 2.72274482995e-05, 3.21094557876e-05, 3.27106099576e-05, 2.65598300757e-05, 2.82213313767e-05, 2.38401917159e-05, 1.55024099513e-05, 9.56684380071e-06, 8.32577552501e-06, 7.39307733966e-06, 6.61019294057e-06, 3.78794948119e-06, 3.29572071678e-06, 3.18357251672e-06, 2.99646399071e-06, 3.30124885295e-06, 2.08093251786e-06, 1.6970714114e-06, 1.08630126761e-06, 6.5040546815e-07], "median": [1.01859441202e-05, 5.93265940552e-05, 0.00021316872153, 0.000313762226142, 0.000198021822143, 0.000116264920507, 0.000162629512488, 0.000124357116874, 8.87355708983e-05, 8.80220468389e-05, 5.54133366677e-05, 5.89198971284e-05, 4.86620047013e-05, 4.74342195957e-05, 3.15670258715e-05, 2.91201231448e-05, 2.70780474239e-05, 1.94822132471e-05, 1.83898882824e-05, 1.57844770001e-05, 1.52704124048e-05, 1.60933541338e-05, 1.62786345754e-05, 1.2995106772e-05, 1.12532925414e-05, 9.37458753469e-06, 9.2507507361e-06, 6.66283995088e-06, 5.55810311198e-06, 4.05440550821e-06, 3.20070694215e-06, 2.75120510196e-06, 2.05053402169e-06, 2.16206672121e-06, 1.48635842834e-06, 1.26156146507e-06, 7.01623434907e-07, 3.69457382021e-07, 1.88893508835e-07, 9.83578019031e-08], "dvar": [5.22062393316e-10, 6.89201584692e-08, 1.99220858121e-06, 4.95137828693e-06, 4.60244052647e-07, 9.22080758414e-08, 8.8140282628e-08, 1.19286170275e-07, 4.72368775206e-08, 4.64581866311e-08, 2.90234627442e-08, 1.67444085264e-08, 1.01751416182e-08, 8.04996336257e-09, 5.48917622467e-09, 2.28317054152e-09, 1.49774037617e-09, 7.20774273599e-10, 1.77867565121e-09, 6.43316677706e-10, 6.99705959839e-10, 1.44725909035e-09, 1.50326229242e-09, 8.61574145361e-10, 1.24170840277e-09, 1.12725107027e-09, 2.27898713789e-10, 9.84111611646e-11, 7.53602250048e-11, 5.79463282913e-11, 7.20936157994e-11, 1.4843909088e-11, 1.08814528568e-11, 1.37010567822e-11, 1.84789700902e-11, 2.0077934107e-11, 9.81081708928e-12, 7.78753450614e-12, 3.33646283344e-12, 1.39406531024e-12]}, "spectral_skewness": {"dvar2": 0.343891710043, "var": 1.30380499363, "min": -0.0729283094406, "dmean": 0.251072466373, "mean": 1.45290410519, "max": 12.2009954453, "dmean2": 0.424305468798, "median": 1.21941018105, "dvar