{"metadata": {"tags": {"label": ["Telarc"], "releasecountry": ["US"], "musicbrainz_releasetrackid": ["d2188b31-ed4d-3e68-8091-0fddf6c1bce4"], "catalognumber": ["CD-83466"], "genre": ["Jazz - Crossover (classical)"], "releasetype": ["album"], "originalyear": ["1999"], "tracknumber": ["3"], "disctotal": ["1"], "musicbrainz_albumartistid": ["03b10e63-04f5-4f59-9954-fc22a4386945"], "album": ["Ravel's Bol\u00e9ro - Nymph\u00e9as"], "script": ["Latn"], "albumartistsort": ["Loussier, Jacques, Trio"], "acoustid_id": ["ddccc1bf-84d7-48ff-90e1-5fdef690600a"], "musicbrainz_artistid": ["03b10e63-04f5-4f59-9954-fc22a4386945"], "musicbrainz_releasegroupid": ["376e91e3-e217-333f-b006-f08de1cad03b"], "musicbrainz_recordingid": ["0813975d-3b40-4920-a201-13f115455056"], "performer": ["Jacques Loussier Trio"], "albumartist": ["Jacques Loussier"], "barcode": ["089408346620"], "originaldate": ["1999-05-25"], "releasestatus": ["official"], "artist": ["Maurice Ravel (arr. Loussier)"], "musicbrainz_albumid": ["2c9fe24e-f947-44d9-bc3d-6844047b286e"], "artistsort": ["Loussier, Jacques, Trio"], "title": ["Nymph\u00e9as: II. Andante"], "asin": ["B00000J5Z4"], "tracktotal": ["8"], "discnumber": ["1"], "date": ["1999-05-25"], "media": ["CD"], "file_name": "03. Nympheas- II. Andante.flac", "composer": ["Maurice Ravel (arr. Loussier)"]}, "audio_properties": {"sample_rate": 44100, "downmix": "mix", "lossless": true, "analysis_sample_rate": 44100, "md5_encoded": "a9ace29333319e10e908d12832754491", "equal_loudness": 0, "replay_gain": -11.30443573, "codec": "flac", "bit_rate": 0, "length": 345.626678467}, "version": {"extractor": "music 1.0", "essentia_build_sha": "2d9f1f26377add8aeb1075a9c2973f962c4f09fd", "essentia_git_sha": "v2.1_beta2-1-ge3940c0", "essentia": "2.1-beta2"}}, "rhythm": {"beats_loudness_band_ratio": {"dvar2": [0.142127811909, 0.0826240703464, 0.105167143047, 0.0144669702277, 0.010379480198, 0.00892539694905], "var": [0.108041606843, 0.0540713183582, 0.060018569231, 0.0042345141992, 0.00494152866304, 0.0137335322797], "min": [0.000267938536126, 0.000278795399936, 0.000248378521064, 6.26249238849e-05, 1.04661467049e-05, 1.73545879534e-06], "dmean": [0.264018386602, 0.174048021436, 0.200953185558, 0.0406808815897, 0.0121252574027, 0.0175078194588], "mean": [0.46961954236, 0.254415988922, 0.263254344463, 0.0397072061896, 0.011763847433, 0.0227251667529], "max": [0.995072901249, 0.965913653374, 0.942171037197, 0.645379781723, 0.928638160229, 0.992158174515], "dmean2": [0.47083351016, 0.309181213379, 0.355761289597, 0.0739045962691, 0.0212701614946, 0.0337100885808], "median": [0.450521528721, 0.18361826241, 0.184935852885, 0.0200781039894, 0.00185453053564, 0.000905871158466], "dvar": [0.0544681251049, 0.0281062163413, 0.0383499115705, 0.00508402660489, 0.00446197856218, 0.00345334131271]}, "bpm_histogram_first_peak_weight": {"dvar2": 0, "var": 0, "min": 0.18157543242, "dmean": 0, "mean": 0.18157543242, "max": 0.18157543242, "dmean2": 0, "median": 0.18157543242, "dvar": 0}, "bpm": 154.872146606, "beats_count": 750, "bpm_histogram_first_peak_spread": {"dvar2": 0, "var": 0, "min": 0.330049276352, "dmean": 0, "mean": 0.330049276352, "max": 0.330049276352, "dmean2": 0, "median": 0.330049276352, "dvar": 0}, "danceability": 1.01653158665, "bpm_histogram_first_peak_bpm": {"dvar2": 0, "var": 0, "min": 157, "dmean": 0, "mean": 157, "max": 157, "dmean2": 0, "median": 157, "dvar": 0}, "beats_position": [0.568888902664, 1.14938771725, 1.72988653183, 2.28716540337, 2.83283448219, 3.36689329147, 3.9125623703, 4.446621418, 4.96907043457, 5.4915189743, 6.01396799088, 6.53641700745, 7.07047605515, 7.59292507172, 8.10376358032, 8.63782310486, 9.17188167572, 9.70594120026, 10.2399997711, 10.7508392334, 11.2732877731, 11.7841272354, 12.3065757751, 12.840634346, 13.3746938705, 13.8971424103, 14.4195919037, 14.9536504745, 15.4760990143, 15.9985485077, 16.5442180634, 17.0666656494, 17.600725174, 18.1115646362, 18.6340141296, 19.1564617157, 19.7021312714, 20.2361907959, 20.758638382, 21.2694778442, 21.7803173065, 22.3143768311, 22.8484344482, 23.3824939728, 23.9049434662, 24.4390010834, 24.9614505768, 25.4839000702, 26.0063495636, 26.5404071808, 27.0628566742, 27.5853061676, 28.1077537537, 28.6302032471, 29.1526527405, 29.6751022339, 30.1975498199, 30.7199993134, 31.2308387756, 31.7416782379, 32.2757377625, 32.7981834412, 33.3206329346, 33.8314743042, 34.3539237976, 34.8763694763, 35.3988189697, 35.9212684631, 36.455329895, 36.9893875122, 37.5234451294, 38.0691146851, 38.6147842407, 39.1256217957, 39.6480712891, 40.1705207825, 40.6813583374, 41.192199707, 41.7146492004, 42.2370948792, 42.771156311, 43.3052139282, 43.8276634216, 44.350112915, 44.8841705322, 45.4182319641, 45.9522895813, 46.4863471985, 47.0204086304, 47.5544662476, 48.0885238647, 48.6225852966, 49.14503479, 49.690700531, 50.2131500244, 50.6078910828, 51.0142402649, 51.3973693848, 51.7804985046, 52.1752357483, 52.5583648682, 52.941493988, 53.3246231079, 53.7077522278, 54.1024932861, 54.485622406, 54.8687515259, 55.2634925842, 55.6466217041, 56.0413589478, 56.4244880676, 56.7960090637, 57.1791381836, 57.5622673035, 57.9453964233, 58.340133667, 58.7232627869, 59.094783783, 59.4779129028, 59.8610420227, 60.2441711426, 60.6273002625, 60.9988212585, 61.3819503784, 61.7650794983, 62.1482086182, 62.531337738, 62.9144668579, 63.2975959778, 63.6923332214, 64.0754623413, 64.4585952759, 64.8417205811, 65.2248535156, 65.6079788208, 65.9911117554, 66.3742370605, 66.7573699951, 67.1521072388, 67.5352401733, 67.9183654785, 68.3131027222, 68.7078475952, 69.1025848389, 69.508934021, 69.9036712646, 70.2868041992, 70.6699295044, 71.053062439, 71.4361877441, 71.8193206787, 72.2024459839, 72.5855789185, 72.9803161621, 73.3750534058, 73.7697982788, 74.1645355225, 74.5592727661, 74.9540100098, 75.3603591919, 75.766708374, 76.1730575562, 76.5678024292, 76.9509277344, 77.3340606689, 77.7171859741, 78.0887069702, 78.4718322754, 78.85496521, 79.2264862061, 79.6096115112, 79.9811325073, 80.4803619385, 80.9912033081, 81.5020370483, 82.012878418, 82.5237197876, 83.0461654663, 83.5570068359, 84.0562362671, 84.5554656982, 85.0430831909, 85.5423126221, 86.0415420532, 86.5407714844, 87.0400009155, 87.5392303467, 88.0500640869, 88.572517395, 89.0949630737, 89.6058044434, 90.116645813, 90.6390914917, 91.1731491089, 91.695602417, 92.2180480957, 92.7404937744, 93.274559021, 93.8202285767, 94.3658905029, 94.8999557495, 95.4107894897, 95.9216308594, 96.432472229, 96.9433059692, 97.4657592773, 97.9882049561, 98.5106582642, 99.0331039429, 99.5439453125, 100.054779053, 100.577232361, 101.08807373, 101.610519409, 102.121360779, 102.643806458, 103.166259766, 103.700317383, 104.222763062, 104.74521637, 105.279273987, 105.813331604, 106.347389221, 106.869842529, 107.38067627, 107.903129578, 108.425575256, 108.948028564, 109.470474243, 109.992919922, 110.503761292, 111.0262146, 111.548660278, 112.071105957, 112.593559265, 113.104400635, 113.615234375, 114.137687683, 114.660133362, 115.18258667, 115.705032349, 116.239089966, 116.773147583, 117.3072052, 117.841270447, 118.363716125, 118.886169434, 119.420227051, 119.954284668, 120.488342285, 121.022399902, 121.55645752, 122.078910828, 122.601356506, 123.112197876, 123.495323181, 123.878456116, 124.273193359, 124.667930603, 125.062675476, 125.445800781, 125.828933716, 126.223670959, 126.595191956, 126.966712952, 127.338226318, 127.732971191, 128.116104126, 128.51083374, 128.893966675, 129.288711548, 129.671829224, 130.054962158, 130.426483154, 130.79800415, 131.169525146, 131.529434204, 131.9009552, 132.272476196, 132.643981934, 133.027114868, 133.398635864, 133.77015686, 134.130065918, 134.489974976, 134.87310791, 135.244628906, 135.616149902, 135.999267578, 136.382400513, 136.765533447, 137.148666382, 137.520172119, 137.903305054, 138.298049927, 138.669570923, 139.041091919, 139.412597656, 139.784118652, 140.167251587, 140.538772583, 140.921905518, 141.305038452, 141.676544189, 142.048065186, 142.419586182, 142.791107178, 143.151016235, 143.522537231, 143.894058228, 144.277191162, 144.648712158, 145.031829834, 145.414962769, 145.786483765, 146.158004761, 146.529525757, 146.889434814, 147.260955811, 147.620864868, 147.980773926, 148.352294922, 148.723800659, 149.095321655, 149.466842651, 149.849975586, 150.233108521, 150.604629517, 150.976135254, 151.359268188, 151.730789185, 152.102310181, 152.485443115, 152.880172729, 153.274917603, 153.669662476, 154.06439209, 154.459136963, 154.853881836, 155.260223389, 155.67817688, 156.084533691, 156.479278564, 156.874008179, 157.268753052, 157.663482666, 158.058227539, 158.452972412, 158.847702026, 159.242446899, 159.648788452, 160.066757202, 160.484710693, 160.891067505, 161.274185181, 161.657318115, 162.028839111, 162.411972046, 162.818313599, 163.201446533, 163.584579468, 163.956100464, 164.339233398, 164.722351074, 165.117095947, 165.535049438, 165.929794312, 166.324539185, 166.696044922, 167.055953979, 167.439086914, 167.822219849, 168.193740845, 168.576873779, 168.948379517, 169.319900513, 169.691421509, 170.086166382, 170.480911255, 170.898864746, 171.281997681, 171.665115356, 172.059860229, 172.454605103, 172.860946655, 173.267303467, 173.662033081, 174.045166016, 174.42829895, 174.811431885, 175.194549561, 175.566070557, 175.925979614, 176.309112549, 176.692245483, 177.075378418, 177.458496094, 177.864852905, 178.282806396, 178.689163208, 179.072280884, 179.467025757, 179.838546753, 180.233291626, 180.62802124, 181.034378052, 181.452331543, 181.835464478, 182.230194092, 182.613327026, 182.996459961, 183.379592896, 183.762710571, 184.145843506, 184.52897644, 184.900497437, 185.29524231, 185.689971924, 186.084716797, 186.479446411, 186.874191284, 187.326980591, 187.779769897, 188.232559204, 188.673736572, 189.068481445, 189.474822998, 189.88117981, 190.299133301, 190.72869873, 191.14666748, 191.541397095, 191.936141968, 192.307662964, 192.67918396, 193.073913574, 193.468658447, 193.86340332, 194.258132935, 194.664489746, 195.047622681, 195.430740356, 195.813873291, 196.185394287, 196.556915283, 196.928436279, 197.311553955, 197.69468689, 198.077819824, 198.460952759, 198.832473755, 199.203994751, 199.587112427, 199.970245361, 200.353378296, 200.73651123, 201.131240845, 201.514373779, 201.897506714, 202.28062439, 202.663757324, 203.03527832, 203.406799316, 203.778320313, 204.161453247, 204.544570923, 204.927703857, 205.310836792, 205.682357788, 206.065490723, 206.43699646, 206.820129395, 207.191650391, 207.574783325, 207.969512939, 208.375869751, 208.782211304, 209.188568115, 209.618133545, 210.047698975, 210.477279663, 211.034561157, 211.568618774, 212.11428833, 212.659957886, 213.194015503, 213.716461182, 214.250518799, 214.772964478, 215.295410156, 215.829467773, 216.363540649, 216.897598267, 217.431655884, 217.965713501, 218.522994995, 219.068664551, 219.625930786, 220.18321228, 220.740493774, 221.28616333, 221.820220947, 222.354278564, 222.876724243, 223.399185181, 223.910018921, 224.4324646, 224.954910278, 225.477371216, 225.999816895, 226.510650635, 227.021499634, 227.532333374, 228.066390991, 228.600448608, 229.122894287, 229.668563843, 230.225845337, 230.771514893, 231.317184448, 231.874465942, 232.431747437, 232.977416992, 233.499862671, 234.010696411, 234.53314209, 235.055603027, 235.566436768, 236.077270508, 236.599716187, 237.122177124, 237.644622803, 238.167068481, 238.677902222, 239.211975098, 239.734420776, 240.256866455, 240.779312134, 241.313369751, 241.835830688, 242.346664429, 242.869110107, 243.391555786, 243.925613403, 244.459671021, 244.993743896, 245.527801514, 246.038635254, 246.549468994, 247.071929932, 247.605987549, 248.128433228, 248.650878906, 249.173324585, 249.684173584, 250.206619263, 250.729064941, 251.263122559, 251.797180176, 252.331237793, 252.86529541, 253.387756348, 253.910202026, 254.432647705, 254.966705322, 255.489151001, 256, 256.52243042, 257.056488037, 257.578948975, 258.101409912, 258.612243652, 259.134674072, 259.64553833, 260.15637207, 260.655609131, 261.154815674, 261.665649414, 262.164886475, 262.664123535, 263.163360596, 263.662567139, 264.173431396, 264.684265137, 265.195098877, 265.705932617, 266.205169678, 266.704406738, 267.203613281, 267.702850342, 268.213684082, 268.724517822, 269.23538208, 269.734588623, 270.233825684, 270.744659424, 271.255493164, 271.766357422, 272.277191162, 272.788024902, 273.298858643, 273.809692383, 274.320526123, 274.831390381, 275.330596924, 275.829833984, 276.329071045, 276.828308105, 277.315917969, 277.815155029, 278.314361572, 278.802001953, 279.301208496, 279.800445557, 280.311279297, 280.822113037, 281.321350098, 281.820587158, 282.331420898, 282.842254639, 283.353088379, 283.863952637, 284.374786377, 284.908843994, 285.326782227, 285.7215271, 286.116271973, 286.511016846, 286.917358398, 287.335327148, 287.741668701, 288.148010254, 288.542755127, 288.9375, 289.332244873, 289.715362549, 290.098510742, 290.481628418, 290.876373291, 291.271118164, 291.66583252, 292.060577393, 292.466918945, 292.850067139, 293.233184814, 293.604705811, 293.987854004, 294.359344482, 294.730865479, 295.114013672, 295.497131348, 295.868652344, 296.24017334, 296.611694336, 296.994812012, 297.377960205, 297.772705078, 298.144226074, 298.515716553, 298.864044189, 299.212341309, 299.572235107, 299.943756104, 300.326873779, 300.710021973, 301.081542969, 301.476287842, 301.859405518, 302.230926514, 302.60244751, 302.997192383, 303.380310059, 303.775054932, 304.169799805, 304.703857422, 305.249511719, 305.783569336, 306.317626953, 306.85168457, 307.362548828, 307.873382568, 308.384216309, 308.906646729, 309.440734863, 309.99798584, 310.555267334, 311.112548828, 311.669830322, 312.227111816, 312.79598999, 313.330047607, 313.864135742, 314.386566162, 314.9090271, 315.43145752, 315.953918457, 316.487976074, 316.998809814, 317.509643555, 318.032104492, 318.542938232, 319.06539917, 319.57623291, 320.08706665, 320.609527588, 321.131958008, 321.654418945, 322.176879883, 322.72253418, 323.256591797, 323.790649414, 324.324707031, 324.858764648, 325.381225586, 325.915283203, 326.44934082, 326.994995117, 327.540679932, 328.086334229, 328.65524292, 329.224121094, 329.792999268, 330.315460205, 330.837921143, 331.348754883, 331.871185303, 332.370422363, 332.858032227, 333.368896484, 333.868103027, 334.378936768, 334.889801025, 335.400634766, 335.992736816, 336.584838867, 337.176940918, 337.769073486, 338.361175537, 338.941680908, 339.522155762, 340.102661133, 340.659942627, 341.217224121, 341.774505615, 342.296966553, 342.83102417, 343.365081787, 343.887512207, 344.409973145, 344.932434082], "beats_loudness": {"dvar2": 0.00512364972383, "var": 0.00213799183257, "min": 7.62170493385e-10, "dmean": 0.0278964247555, "mean": 0.0352079384029, "max": 0.34052747488, "dmean2": 0.0493992082775, "median": 0.0185548458248, "dvar": 0.00176961498801}, "bpm_histogram_second_peak_weight": {"dvar2": 0, "var": 0, "min": 0.176234975457, "dmean": 0, "mean": 0.176234975457, "max": 0.176234975457, "dmean2": 0, "median": 0.176234975457, "dvar": 0}, "bpm_histogram_second_peak_spread": {"dvar2": 0, "var": 0, "min": 0.570032596588, "dmean": 0, "mean": 0.570032596588, "max": 0.570032596588, "dmean2": 0, "median": 0.570032596588, "dvar": 0}, "bpm_histogram_second_peak_bpm": {"dvar2": 0, "var": 0, "min": 115, "dmean": 0, "mean": 115, "max": 115, "dmean2": 0, "median": 115, "dvar": 0}, "onset_rate": 3.72062730789}, "lowlevel": {"spectral_energyband_high": {"dvar2": 2.86272779704e-07, "var": 1.47281355112e-07, "min": 7.58435925977e-21, "dmean": 3.21546285704e-05, "mean": 4.84216870973e-05, "max": 0.0251804925501, "dmean2": 4.71618550364e-05, "median": 3.80152823709e-06, "dvar": 1.19315117786e-07}, "spectral_energyband_middle_low": {"dvar2": 0.000152361142682, "var": 0.000292614917271, "min": 3.37525687222e-22, "dmean": 0.00365717452951, "mean": 0.0115653164685, "max": 0.182903543115, "dmean2": 0.00587432738394, "median": 0.00460784928873, "dvar": 5.75607882638e-05}, "spectral_energy": {"dvar2": 0.00080929644173, "var": 0.00131703971419, "min": 1.02407399371e-20, "dmean": 0.00891959574074, "mean": 0.024223357439, "max": 0.420735895634, "dmean2": 0.0132416849956, "median": 0.0106708649546, "dvar": 0.000372650916688}, "spectral_spread": {"dvar2": 2251779211260.0, "var": 9463209656320.0, "min": 305152.46875, "dmean": 610550.875, "mean": 3573538.75, "max": 39381152, "dmean2": 932479.875, "median": 2593216.75, "dvar": 1166787084290.0}, "spectral_energyband_low": {"dvar2": 0.000719728472177, "var": 0.000763948948588, "min": 9.66644467947e-23, "dmean": 0.00618218118325, "mean": 0.0116607332602, "max": 0.40780210495, "dmean2": 0.00913451332599, "median": 0.00185437267646, "dvar": 0.000332436611643}, "spectral_rolloff": {"dvar2": 1614025.5, "var": 7866296, "min": 43.06640625, "dmean": 124.242088318, "mean": 865.98815918, "max": 21748.5351563, "dmean2": 221.514068604, "median": 452.197265625, "dvar": 644957.5625}, "barkbands": {"dvar2": [1.21872471937e-06, 0.000246345240157, 0.000265234994004, 1.09503059775e-06, 1.16887595141e-05, 1.87209443538e-05, 6.27655317658e-05, 1.55098150572e-05, 1.12527986857e-05, 1.47894579641e-05, 9.4523579719e-07, 8.60547515913e-07, 4.86731607907e-07, 4.56002879901e-07, 2.12085893736e-07, 8.23247514603e-09, 4.88417084554e-09, 6.06854699825e-09, 8.86960727087e-09, 1.44739908947e-09, 1.31207189558e-09, 1.59159707636e-09, 4.68237182361e-09, 2.79891687605e-09, 8.25248847036e-09, 1.84080892751e-08, 4.06642080009e-08], "var": [1.46392460465e-06, 0.000202926865313, 0.000243363072514, 1.30057560455e-06, 1.32407722049e-05, 1.78589925781e-05, 8.56013139128e-05, 1.86865654541e-05, 2.55100203503e-05, 1.48415392687e-05, 1.29677493987e-06, 9.89837872112e-07, 3.94822023964e-07, 4.94061453082e-07, 1.78350262559e-07, 1.13515232769e-08, 4.83418505226e-09, 1.63309721302e-09, 3.43129147318e-09, 5.44755351939e-10, 1.23587307055e-09, 1.35504796273e-09, 2.53969290043e-09, 2.65017341405e-09, 5.16060794098e-09, 6.20611961821e-09, 1.03397486129e-08], "min": [9.88364419797e-25, 2.54619529973e-23, 5.65323346884e-23, 1.8097256449e-23, 4.23789899128e-23, 2.52719511151e-23, 4.09590781487e-23, 7.51842692165e-23, 1.241345462e-22, 8.69324843771e-23, 9.03584883558e-23, 4.47536190097e-23, 9.41401613177e-23, 9.93116241789e-23, 5.75448408157e-23, 1.30209456746e-22, 1.16775673023e-22, 2.57526886305e-22, 3.33591177193e-22, 3.686265221e-22, 4.50465628224e-22, 4.08886701041e-22, 5.68313319041e-22, 8.65609372017e-22, 1.2521538409e-21, 1.53001241166e-21, 2.45157188853e-21], "dmean": [9.30454334593e-05, 0.00332131632604, 0.00311067071743, 0.000285893125692, 0.000767020857893, 0.000978228636086, 0.00166742643341, 0.000718479277566, 0.000441628624685, 0.000369678804418, 0.000109837295895, 9.34069685172e-05, 4.86107019242e-05, 4.20316464442e-05, 3.31038318109e-05, 1.30870848807e-05, 8.58331168274e-06, 4.44296438218e-06, 6.3987286012e-06, 2.49980917033e-06, 2.6247569167e-06, 2.78628135675e-06, 3.18938714372e-06, 4.28717930845e-06, 6.14295140622e-06, 6.9002858254e-06, 8.19551041786e-06], "mean": [0.000122436540551, 0.00611361116171, 0.00513862678781, 0.000543830276001, 0.00182766409125, 0.00227603712119, 0.00386397494003, 0.00160865974613, 0.00122806651052, 0.000717068614904, 0.00021544698393, 0.000197695000679, 0.000104019993159, 8.84760229383e-05, 6.41121368972e-05, 2.67291343334e-05, 1.67662929016e-05, 8.48229319672e-06, 1.15587527034e-05, 4.28778821515e-06, 5.25473978996e-06, 5.20618641531e-06, 5.68676887269e-06, 7.39831193641e-06, 8.61436092237e-06, 7.12310657036e-06, 6.50564606985e-06], "max": [0.0467722341418, 0.316284358501, 0.288744866848, 0.0208503324538, 0.0742994397879, 0.071994446218, 0.130422651768, 0.092430755496, 0.172813072801, 0.133135288954, 0.0629985406995, 0.0497494265437, 0.04152456671, 0.0526044741273, 0.0293864775449, 0.00288542779163, 0.00196996005252, 0.00367998331785, 0.00414460338652, 0.00160643283743, 0.00128859991673, 0.00133096892387, 0.00405755080283, 0.00213590729982, 0.00290335994214, 0.00517651066184, 0.00853430666029], "dmean2": [0.000127819177578, 0.00506920507178, 0.00457051303238, 0.000455565808807, 0.00121479155496, 0.00165342679247, 0.00281073804945, 0.0010480977362, 0.000656916119624, 0.000528239761479, 0.000149608764332, 0.000126047496451, 6.89741791575e-05, 5.63530775253e-05, 4.7061159421e-05, 1.87942496268e-05, 1.26926679513e-05, 7.07681829226e-06, 1.01646746771e-05, 3.79091648028e-06, 4.06452318202e-06, 4.23520623372e-06, 4.81466759084e-06, 6.20523132966e-06, 8.95252105693e-06, 1.0928406482e-05, 1.38387840707e-05], "median": [3.08368771584e-06, 0.00075064250268, 0.00038327020593, 0.00013220544497, 0.000557059247512, 0.000738670467399, 0.00065876118606, 0.000239810804487, 8.57953418745e-05, 7.67243473092e-05, 2.20896836254e-05, 1.56390833581e-05, 7.59788144933e-06, 5.00864689457e-06, 3.0036244425e-06, 1.06132074507e-06, 6.60872501612e-07, 3.55546319497e-07, 5.54856683266e-07, 3.08834614771e-07, 4.63234215431e-07, 4.66603950144e-07, 4.16124862568e-07, 4.6701421752e-07, 3.17963468888e-07, 1.38316465836e-07, 3.52807560944e-08], "dvar": [7.58318549288e-07, 9.89087857306e-05, 0.000124631958897, 4.63644454385e-07, 4.46480680694e-06, 6.12367921349e-06, 2.22811831918e-05, 7.2514249041e-06, 5.80052619625e-06, 7.36501624488e-06, 5.75361696065e-07, 4.22716738058e-07, 2.2135385791e-07, 2.5934440373e-07, 1.14407505691e-07, 4.41672609597e-09, 2.26341190235e-09, 2.11856088228e-09, 3.24342286362e-09, 5.49370215985e-10, 5.73097347356e-10, 7.09620862072e-10, 1.87925497386e-09, 1.3984652325e-09, 3.82997722426e-09, 7.21089721267e-09, 1.51119987635e-08]}, "melbands_skewness": {"dvar2": 2.17490339279, "var": 5.92443418503, "min": -4.0591044426, "dmean": 0.685757875443, "mean": 2.20031642914, "max": 29.7011241913, "dmean2": 1.06961107254, "median": 1.54708874226, "dvar": 0.980859398842}, "barkbands_skewness": {"dvar2": 1.93940925598, "var": 7.56133413315, "min": -10.9676942825, "dmean": 0.70531463623, "mean": 1.99941492081, "max": 25.4470977783, "dmean2": 1.08625423908, "median": 1.51181006432, "dvar": 0.873166620731}, "erbbands": {"dvar2": [0.168054148555, 15.9491662979, 349.928009033, 50.5387001038, 56.2419548035, 98.2552032471, 1155.55383301, 2143.04614258, 18825.9785156, 4655.16796875, 6280.40039063, 7656.98144531, 10309.1875, 3247.65820313, 595.122619629, 1653.23608398, 1021.92987061, 1197.55822754, 724.906555176, 55.4071159363, 12.3760347366, 13.7127580643, 10.0889225006, 59.792842865, 5.27199363708, 4.74150371552, 1.83346188068, 2.48956656456, 2.26272773743, 2.96221089363, 3.21777248383, 1.01921069622, 0.898005366325, 0.753472089767, 0.59579282999, 0.411875873804, 0.0568446926773, 0.0117792459205, 0.0012429022463, 5.7924153225e-06], "var": [0.0620702244341, 16.1854228973, 363.420349121, 48.1822967529, 54.0839271545, 123.653366089, 958.911010742, 2015.75744629, 23173.2949219, 8482.39550781, 9332.4296875, 18259.8652344, 8014.06298828, 4363.93261719, 725.66619873, 2022.32788086, 986.849304199, 1218.49291992, 651.351257324, 56.4646759033, 17.6416664124, 13.9753704071, 5.35623836517, 14.8505859375, 4.22190093994, 1.73268735409, 1.6229031086, 1.76333463192, 2.08177924156, 2.304666996, 1.6511721611, 0.780836522579, 0.913096189499, 0.582967400551, 0.28628924489, 0.129508212209, 0.0184321459383, 0.00346642266959, 0.000310498027829, 1.4738294567e-06], "min": [2.92068341176e-22, 7.53234947097e-21, 5.09544258997e-20, 8.31710072642e-20, 6.34678688035e-20, 1.5045682512e-19, 2.12886756738e-19, 2.52026681502e-19, 6.19674032389e-19, 5.35520244084e-19, 2.68674053222e-18, 2.64789323552e-18, 2.04585877799e-18, 4.84072711911e-18, 1.85913019933e-18, 2.01476402479e-18, 3.89397258593e-18, 5.29376029212e-18, 3.11042037401e-18, 4.43694097104e-18, 7.21499107595e-18, 7.47339733622e-18, 1.31439793428e-17, 1.54864985893e-17, 1.65971324911e-17, 1.7311146524e-17, 1.76592621761e-17, 1.61333538283e-17, 1.64969559558e-17, 1.60258898318e-17, 1.80088634445e-17, 1.94140596712e-17, 1.30859079551e-17, 1.32016263869e-17, 8.4696999881e-18, 5.72454851052e-18, 2.98069674047e-18, 1.53383832152e-18, 2.95446115638e-19, 3.45941537077e-20], "dmean": [0.053016807884, 0.926094830036, 3.7657353878, 1.56843233109, 1.74493265152, 2.28662347794, 5.12198114395, 9.36540031433, 26.7958831787, 14.5589637756, 15.2203798294, 10.7129545212, 10.5005340576, 6.52958536148, 3.3136074543, 4.09123563766, 2.51637721062, 1.95183801651, 1.9465867281, 1.08015155792, 0.537974059582, 0.43072411418, 0.308920741081, 0.352334290743, 0.216875478625, 0.126142978668, 0.110874705017, 0.0995829328895, 0.10847440362, 0.0964927449822, 0.0868810787797, 0.0772475227714, 0.0757938399911, 0.0612878017128, 0.0471956916153, 0.0289149880409, 0.0128650544211, 0.00502217654139, 0.00139160116669, 0.000103725782537], "mean": [0.083766669035, 1.7138543129, 6.45276355743, 3.02145862579, 3.42849206924, 5.36100196838, 13.0583267212, 21.7713985443, 60.7827110291, 35.5071487427, 37.0773773193, 31.4581947327, 20.0701236725, 14.5049724579, 6.99374485016, 8.90668582916, 5.85979175568, 4.23687887192, 3.86125850677, 2.45875382423, 1.1838285923, 0.874220609665, 0.628531634808, 0.600575089455, 0.426016002893, 0.221764326096, 0.218796148896, 0.195798486471, 0.202856808901, 0.179711282253, 0.150721907616, 0.133016601205, 0.131640389562, 0.0943359807134, 0.0608145073056, 0.0320123247802, 0.0125495269895, 0.0042132451199, 0.00109243579209, 0.000104900609585], "max": [10.1364345551, 65.3887023926, 331.275848389, 113.9087677, 162.15687561, 160.214782715, 1042.14611816, 866.747070313, 2327.6081543, 1954.45983887, 2395.14233398, 5029.84863281, 2649.15722656, 2087.06420898, 875.900939941, 2290.21801758, 1942.81945801, 2702.53588867, 1703.68530273, 248.555587769, 107.983467102, 122.014282227, 117.609931946, 299.939910889, 61.7660293579, 94.5096817017, 49.1045608521, 58.9746780396, 53.7404518127, 87.0485610962, 106.469055176, 43.5292282104, 37.5776863098, 32.135974884, 25.4941558838, 22.1525478363, 8.28384017944, 4.70039892197, 1.48922157288, 0.0979463011026], "dmean2": [0.0835887342691, 1.40370571613, 5.48983001709, 2.37453079224, 2.82234454155, 3.67883324623, 7.79570007324, 16.103477478, 45.9228744507, 22.6628131866, 22.0042476654, 15.6795539856, 15.5834684372, 8.78958511353, 4.50689268112, 5.4453587532, 3.44595217705, 2.67221188545, 2.68752837181, 1.56278753281, 0.776755869389, 0.635213792324, 0.470804154873, 0.580958545208, 0.32817363739, 0.191406354308, 0.170680508018, 0.156642943621, 0.165326282382, 0.150378480554, 0.12949848175, 0.113386422396, 0.110185153782, 0.0909278988838, 0.0706927701831, 0.0458319820464, 0.0207299105823, 0.00834744796157, 0.00236083939672, 0.000172026848304], "median": [0.0130289085209, 0.207484006882, 0.610986232758, 0.654074072838, 0.930222392082, 1.45222210884, 4.61807537079, 5.2735619545, 9.97432327271, 7.62578392029, 5.91905879974, 2.81753969193, 2.62702441216, 1.9530172348, 0.953806936741, 0.805478453636, 0.522471785545, 0.346382021904, 0.25685018301, 0.167822629213, 0.057878036052, 0.039103448391, 0.0236723441631, 0.0212114229798, 0.0259220302105, 0.0166918449104, 0.0219966806471, 0.01635594666, 0.0178488120437, 0.0143657894805, 0.0119282715023, 0.00979523546994, 0.00725913606584, 0.00421486515552, 0.00193107430823, 0.000723644101527, 0.00020265688363, 3.52968600055e-05, 2.05871547223e-05, 1.89858401427e-05], "dvar": [0.0588852055371, 6.88629865646, 169.725128174, 22.2466621399, 22.1929912567, 37.5552597046, 422.199798584, 697.351806641, 6449.59716797, 2147.95458984, 3078.12988281, 3904.63305664, 4670.47509766, 1846.06311035, 318.443054199, 834.76385498, 482.929260254, 664.852600098, 402.42565918, 25.6763343811, 6.59982872009, 6.46007394791, 3.9028198719, 20.9748859406, 2.24168896675, 1.78829908371, 0.78908675909, 1.01207232475, 1.05096149445, 1.25778830051, 1.31411385536, 0.464772850275, 0.460673570633, 0.379205465317, 0.251417517662, 0.156582757831, 0.0220457520336, 0.00456277607009, 0.000459851755295, 2.14558053813e-06]}, "silence_rate_30dB": {"dvar2": 0.054750520736, "var": 0.0375082679093, "min": 0, "dmean": 0.0243197847158, "mean": 0.960970044136, "max": 1, "dmean2": 0.0486428365111, "median": 1, "dvar": 0.0237285066396}, "melbands_spread": {"dvar2": 40.4905357361, "var": 294.423614502, "min": 0.297989606857, "dmean": 1.86000025272, "mean": 8.44264984131, "max": 180.91708374, "dmean2": 3.00482130051, "median": 5.46722078323, "dvar": 15.8636608124}, "melbands_crest": {"dvar2": 21.632724762, "var": 40.4321594238, "min": 1.59028613567, "dmean": 2.84069633484, "mean": 17.2019729614, "max": 38.2504386902, "dmean2": 4.55950498581, "median": 16.6293678284, "dvar": 8.90714454651}, "zerocrossingrate": {"dvar2": 0.000159037925187, "var": 0.010470061563, "min": 0.0029296875, "dmean": 0.00493631511927, "mean": 0.036949172616, "max": 0.83740234375, "dmean2": 0.0063196728006, "median": 0.02001953125, "dvar": 0.000111479930638}, "barkbands_kurtosis": {"dvar2": 1200.33227539, "var": 1823.52209473, "min": -1.95746099949, "dmean": 8.41051387787, "mean": 19.9783115387, "max": 1120.05773926, "dmean2": 12.9786214828, "median": 6.37072658539, "dvar": 517.865112305}, "spectral_flux": {"dvar2": 0.00304721086286, "var": 0.00242102821358, "min": 1.011965442e-10, "dmean": 0.022419527173, "mean": 0.0478215739131, "max": 0.541624605656, "dmean2": 0.0364670306444, "median": 0.0334973856807, "dvar": 0.0011960970005}, "barkbands_crest": {"dvar2": 13.2968416214, "var": 24.9871234894, "min": 3.82842040062, "dmean": 2.19386172295, "mean": 13.4524478912, "max": 26.5174999237, "dmean2": 3.57846093178, "median": 12.4999828339, "dvar": 5.19753789902}, "barkbands_flatness_db": {"dvar2": 0.00154347589705, "var": 0.00592282600701, "min": 0.0471662543714, "dmean": 0.02384885028, "mean": 0.289848566055, "max": 0.566234230995, "dmean2": 0.0369044356048, "median": 0.284057199955, "dvar": 0.000728576094843}, "spectral_entropy": {"dvar2": 0.135549291968, "var": 0.554542243481, "min": 4.02076911926, "dmean": 0.200067549944, "mean": 6.08495998383, "max": 9.79190158844, "dmean2": 0.317139208317, "median": 6.00607776642, "dvar": 0.0601101480424}, "pitch_salience": {"dvar2": 0.010296549648, "var": 0.0238323267549, "min": 0.0342215709388, "dmean": 0.0632279589772, "mean": 0.468291640282, "max": 0.853276371956, "dmean2": 0.101087145507, "median": 0.478873670101, "dvar": 0.00436095893383}, "erbbands_spread": {"dvar2": 149.500778198, "var": 358.362335205, "min": 0.359312385321, "dmean": 3.91842746735, "mean": 16.6727161407, "max": 172.674301147, "dmean2": 6.06498146057, "median": 11.2998428345, "dvar": 73.171546936}, "dynamic_complexity": 6.53669691086, "spectral_contrast_valleys": {"dvar2": [0.276519626379, 0.251360177994, 0.200185492635, 0.251808851957, 0.195610776544, 0.33193397522], "var": [3.09012556076, 3.52385640144, 2.97243356705, 2.49407434464, 1.99754595757, 2.18730378151], "min": [-27.1414680481, -27.1680202484, -27.2946472168, -27.4461975098, -27.2029075623, -27.2535572052], "dmean": [0.387341350317, 0.331316441298, 0.301130801439, 0.310897260904, 0.247240304947, 0.271677523851], "mean": [-8.1446056366, -7.51783943176, -9.00953483582, -10.1179275513, -10.6867303848, -12.6008625031], "max": [-5.08596944809, -4.44922161102, -5.68464374542, -6.38850212097, -6.15299797058, -7.71105861664], "dmean2": [0.623414456844, 0.530233800411, 0.474793642759, 0.491964131594, 0.389624267817, 0.40210300684], "median": [-7.86685800552, -7.12391853333, -8.72741317749, -10.0351543427, -10.6917476654, -12.5223321915], "dvar": [0.121104046702, 0.115123353899, 0.0941148176789, 0.112343132496, 0.0891363397241, 0.157786384225]}, "hfc": {"dvar2": 102.85282135, "var": 153.898330688, "min": 1.11661587345e-16, "dmean": 2.56949186325, "mean": 7.85039234161, "max": 349.400695801, "dmean2": 3.8197081089, "median": 3.0075314045, "dvar": 45.2221717834}, "spectral_kurtosis": {"dvar2": 1025.67211914, "var": 2700.89233398, "min": -1.16509246826, "dmean": 12.1297178268, "mean": 41.7683143616, "max": 321.396636963, "dmean2": 20.2680644989, "median": 20.2225055695, "dvar": 378.149108887}, "mfcc": {"mean": [-822.927001953, 191.065979004, 47.9037857056, 3.61623263359, -2.90838289261, -0.436463713646, -3.94080114365, -3.93557882309, -0.483936518431, 4.34060382843, 2.91541337967, 1.60556578636, 1.94668769836], "cov": [[11555.4775391, 2335.19702148, -1681.72351074, -173.456665039, -49.3486099243, -349.967285156, -164.851806641, 97.7632217407, -10.4489116669, 33.3583068848, 222.368453979, 158.191497803, 137.613433838], [2335.19702148, 3270.73242188, -848.303344727, -432.193725586, -55.2633666992, -223.969512939, -192.828491211, -136.528335571, -136.065444946, -75.8800125122, 30.2292098999, -64.3222885132, -30.5583286285], [-1681.72351074, -848.303344727, 1686.45373535, 342.69039917, 17.5852069855, 223.414642334, 163.814437866, 79.9708938599, 108.231903076, 72.8689346313, -20.3376121521, 69.8431243896, 44.0924835205], [-173.456665039, -432.193725586, 342.69039917, 512.196228027, 120.369300842, 115.273361206, 130.70223999, 99.0399475098, 93.9243469238, 60.0688247681, 34.1891212463, 68.7701187134, 66.4553451538], [-49.3486099243, -55.2633666992, 17.5852069855, 120.369300842, 241.298843384, 107.132957458, 60.193939209, 57.0936775208, 42.2253990173, 19.3092250824, 13.8305072784, 21.0350112915, 28.5137004852], [-349.967285156, -223.969512939, 223.414642334, 115.273361206, 107.132957458, 206.055831909, 108.814979553, 52.8904418945, 64.0182647705, 42.9986228943, 6.88429307938, 5.96163415909, -5.53245353699], [-164.851806641, -192.828491211, 163.814437866, 130.70223999, 60.193939209, 108.814979553, 160.961074829, 92.0290985107, 61.7817573547, 40.6993560791, 20.9208641052, 11.4511137009, 2.21726989746], [97.7632217407, -136.528335571, 79.9708938599, 99.0399475098, 57.0936775208, 52.8904418945, 92.0290985107, 153.355194092, 79.4091949463, 29.5363044739, 20.032283783, 18.8030643463, 14.2061004639], [-10.4489116669, -136.065444946, 108.231903076, 93.9243469238, 42.2253990173, 64.0182647705, 61.7817573547, 79.4091949463, 137.61567688, 80.3553237915, 18.6187210083, 5.08451700211, 2.31824040413], [33.3583068848, -75.8800125122, 72.8689346313, 60.0688247681, 19.3092250824, 42.9986228943, 40.6993560791, 29.5363044739, 80.3553237915, 130.632247925, 57.3029594421, 0.106305375695, -4.51483821869], [222.368453979, 30.2292098999, -20.3376121521, 34.1891212463, 13.8305072784, 6.88429307938, 20.9208641052, 20.032283783, 18.6187210083, 57.3029594421, 111.722953796, 58.0692024231, 17.9071464539], [158.191497803, -64.3222885132, 69.8431243896, 68.7701187134, 21.0350112915, 5.96163415909, 11.4511137009, 18.8030643463, 5.08451700211, 0.106305375695, 58.0692024231, 131.941436768, 78.5754547119], [137.613433838, -30.5583286285, 44.0924835205, 66.4553451538, 28.5137004852, -5.53245353699, 2.21726989746, 14.2061004639, 2.31824040413, -4.51483821869, 17.9071464539, 78.5754547119, 120.238983154]], "icov": [[0.000124195386888, -7.34796121833e-05, 0.000103743623185, -5.49091382709e-05, 6.4925152401e-05, 5.08202538185e-05, 7.64982614783e-05, -0.00020209615468, -3.44580894307e-06, -8.90643859748e-05, -5.08950797666e-05, -0.00014196477423, -6.20279752184e-05], [-7.34796121833e-05, 0.000431537948316, 4.0948511014e-05, 0.000238753957092, -0.000178584305104, 0.000156746231369, -4.76871207411e-07, 0.000253518606769, -3.18880738632e-05, 0.000220522037125, -0.000342674116837, 0.000350809714291, -0.000102907317341], [0.000103743623185, 4.0948511014e-05, 0.000964240694884, -0.000396317947889, 0.000603577762377, -0.000759431801271, -8.36612525745e-05, -0.000123172474559, 5.87666763749e-05, -0.000499664398376, 0.000726422993466, -0.000735988316592, -5.19770001119e-05], [-5.49091382709e-05, 0.000238753957092, -0.000396317947889, 0.00329379620962, -0.00106787111145, 0.000370698980987, -0.00157159555238, 0.00012368154421, -0.000774648913648, -0.000170584215084, -6.79660588503e-05, -0.00040796387475, -0.000981690129265], [6.4925152401e-05, -0.000178584305104, 0.000603577762377, -0.00106787111145, 0.00652912538499, -0.00384382926859, 0.00105019973125, -0.00157878932077, 0.000166583791724, 0.000320620485581, -0.000251306744758, 0.000318649137625, -0.00147083099], [5.08202538185e-05, 0.000156746231369, -0.000759431801271, 0.000370698980987, -0.00384382926859, 0.01092575863, -0.00575794279575, 0.00233775167726, -0.00198048097081, -0.000495142361615, 0.000778582354542, -0.000773495936301, 0.00170861918014], [7.64982614783e-05, -4.76871207411e-07, -8.36612525745e-05, -0.00157159555238, 0.00105019973125, -0.00575794279575, 0.0148445377126, -0.00685616070405, 0.00145845406223, -0.00090964010451, -0.00127208139747, 0.000793938350398, 0.000442283169832], [-0.00020209615468, 0.000253518606769, -0.000123172474559, 0.00012368154421, -0.00157878932077, 0.00233775167726, -0.00685616070405, 0.0141314631328, -0.00759664783254, 0.00415326142684, -0.00201963307336, 0.000626353372354, -0.000594802491833], [-3.44580894307e-06, -3.18880738632e-05, 5.87666763749e-05, -0.000774648913648, 0.000166583791724, -0.00198048097081, 0.00145845406223, -0.00759664783254, 0.0182590726763, -0.0112659074366, 0.00517114484683, -0.00221079355106, 0.00104198523331], [-8.90643859748e-05, 0.000220522037125, -0.000499664398376, -0.000170584215084, 0.000320620485581, -0.000495142361615, -0.00090964010451, 0.00415326142684, -0.0112659074366, 0.0197541639209, -0.012016158551, 0.00683934194967, -0.00185820425395], [-5.08950797666e-05, -0.000342674116837, 0.000726422993466, -6.79660588503e-05, -0.000251306744758, 0.000778582354542, -0.00127208139747, -0.00201963307336, 0.00517114484683, -0.012016158551, 0.020663626492, -0.0118440864608, 0.00421155430377], [-0.00014196477423, 0.000350809714291, -0.000735988316592, -0.00040796387475, 0.000318649137625, -0.000773495936301, 0.000793938350398, 0.000626353372354, -0.00221079355106, 0.00683934194967, -0.0118440864608, 0.0197869259864, -0.0103200599551], [-6.20279752184e-05, -0.000102907317341, -5.19770001119e-05, -0.000981690129265, -0.00147083099, 0.00170861918014, 0.000442283169832, -0.000594802491833, 0.00104198523331, -0.00185820425395, 0.00421155430377, -0.0103200599551, 0.015439783223]]}, "silence_rate_20dB": {"dvar2": 0.00268408493139, "var": 0.00060425826814, "min": 0, "dmean": 0.000940544181503, "mean": 0.999395430088, "max": 1, "dmean2": 0.00188121467363, "median": 1, "dvar": 0.000939705525525}, "melbands_kurtosis": {"dvar2": 2538.88208008, "var": 3754.09643555, "min": -1.97512257099, "dmean": 10.0511837006, "mean": 23.1448936462, "max": 1425.25170898, "dmean2": 15.604174614, "median": 5.96512985229, "dvar": 1104.01428223}, "barkbands_spread": {"dvar2": 66.5079345703, "var": 63.9149131775, "min": 0.107224069536, "dmean": 1.90523672104, "mean": 6.01933431625, "max": 152.461029053, "dmean2": 3.02112579346, "median": 4.4335565567, "dvar": 28.6993026733}, "erbbands_skewness": {"dvar2": 0.602287232876, "var": 1.7231720686, "min": -9.8531627655, "dmean": 0.412427991629, "mean": 1.40966331959, "max": 8.10935878754, "dmean2": 0.653327703476, "median": 1.26993429661, "dvar": 0.253371119499}, "average_loudness": 0.0727155059576, "spectral_centroid": {"dvar2": 25505.3789063, "var": 250093.484375, "min": 97.1069259644, "dmean": 50.9238700867, "mean": 503.9972229, "max": 11098.8427734, "dmean2": 79.6315155029, "median": 415.645233154, "dvar": 12910.1777344}, "dissonance": {"dvar2": 0.00418358808383, "var": 0.00512336753309, "min": 0.104904100299, "dmean": 0.0397459752858, "mean": 0.373665422201, "max": 0.500000178814, "dmean2": 0.0677379667759, "median": 0.378698259592, "dvar": 0.00150597048923}, "erbbands_flatness_db": {"dvar2": 0.0010629768949, "var": 0.00754895200953, "min": 0.0169270019978, "dmean": 0.0191440004855, "mean": 0.257939964533, "max": 0.532403826714, "dmean2": 0.0294513460249, "median": 0.253287345171, "dvar": 0.000528071308509}, "spectral_strongpeak": {"dvar2": 0.873242020607, "var": 1.07451426983, "min": 0, "dmean": 0.303178936243, "mean": 0.822917461395, "max": 14.4875059128, "dmean2": 0.493103414774, "median": 0.462896376848, "dvar": 0.366767734289}, "spectral_rms": {"dvar2": 2.42946975959e-06, "var": 8.38796040625e-06, "min": 3.16084896972e-12, "dmean":