{"tonal": {"thpcp": [1, 0.808266937733, 0.472484767437, 0.366148382425, 0.378890216351, 0.474322915077, 0.516250491142, 0.389480233192, 0.304783016443, 0.349144160748, 0.418383687735, 0.473719984293, 0.570251345634, 0.671711087227, 0.709063351154, 0.705278277397, 0.641070961952, 0.622734725475, 0.607503890991, 0.509415388107, 0.485320270061, 0.484505355358, 0.388639599085, 0.324156016111, 0.329366475344, 0.349721640348, 0.451570272446, 0.594566583633, 0.628255724907, 0.596125781536, 0.577634572983, 0.556339323521, 0.64910620451, 0.766610264778, 0.712254881859, 0.798581182957], "hpcp": {"dmean2": [0.298306435347, 0.312363833189, 0.319896697998, 0.326998054981, 0.298872172832, 0.275050759315, 0.260917127132, 0.261120855808, 0.285474330187, 0.272218763828, 0.207241028547, 0.181693255901, 0.193175762892, 0.204739034176, 0.245850786567, 0.287437856197, 0.308874428272, 0.329852283001, 0.307024478912, 0.294795006514, 0.289436548948, 0.307831227779, 0.334550648928, 0.367592662573, 0.398897916079, 0.34736853838, 0.257117003202, 0.181929439306, 0.182826727629, 0.206965401769, 0.204581141472, 0.187211737037, 0.17047470808, 0.186672627926, 0.218678861856, 0.246702760458], "median": [0.0999406948686, 0.125707283616, 0.144020318985, 0.131410762668, 0.123477131128, 0.120362475514, 0.109969899058, 0.0846172124147, 0.0847742408514, 0.0857430845499, 0.0717598199844, 0.0547048598528, 0.0499008670449, 0.0557095035911, 0.0767115056515, 0.0882751345634, 0.0794595181942, 0.0751233249903, 0.077580794692, 0.0759607031941, 0.108888551593, 0.111089840531, 0.128266811371, 0.152821987867, 0.166546076536, 0.133050441742, 0.0806540846825, 0.0613804012537, 0.0619833096862, 0.0754901021719, 0.071642190218, 0.0589190460742, 0.0470577292144, 0.0535410568118, 0.0585308372974, 0.0747203826904], "min": [0, 0, 0, 0, 0, 0, 0, 0, 0, 0, 0, 0, 0, 0, 0, 0, 0, 0, 0, 0, 0, 0, 0, 0, 0, 0, 0, 0, 0, 0, 0, 0, 0, 0, 0, 0], "dvar2": [0.126227170229, 0.13565351069, 0.126878097653, 0.133702114224, 0.114192709327, 0.106858894229, 0.110985629261, 0.129070833325, 0.155694365501, 0.14690515399, 0.0939708724618, 0.0867610275745, 0.0991742387414, 0.0953216701746, 0.110961548984, 0.133855119348, 0.150556266308, 0.170342564583, 0.142302021384, 0.126870110631, 0.114100180566, 0.129208043218, 0.15503898263, 0.148972839117, 0.185186967254, 0.144254818559, 0.11168217659, 0.069527938962, 0.0709649547935, 0.0794188976288, 0.0782598480582, 0.0768161267042, 0.0778328627348, 0.084808640182, 0.0929412022233, 0.0966626778245], "dvar": [0.0467225238681, 0.0492182448506, 0.0483513623476, 0.050124257803, 0.0439793542027, 0.041230481118, 0.0412800945342, 0.0456124693155, 0.0546663105488, 0.0518069788814, 0.0335553474724, 0.0301809124649, 0.0345238894224, 0.0340768061578, 0.0397038720548, 0.050491515547, 0.0562839135528, 0.0591201297939, 0.0534429103136, 0.0490159764886, 0.0435373075306, 0.050017055124, 0.0569297149777, 0.0537533201277, 0.0711362585425, 0.0525064729154, 0.0394229516387, 0.0259244851768, 0.0265401117504, 0.0296756774187, 0.0300057567656, 0.0275904666632, 0.0273932367563, 0.0314119495451, 0.0364228077233, 0.0374675765634], "dmean": [0.171599432826, 0.181066960096, 0.187595784664, 0.190532490611, 0.171858087182, 0.160537153482, 0.150297611952, 0.147261604667, 0.157715573907, 0.152324557304, 0.116466082633, 0.102427616715, 0.108300261199, 0.11350658536, 0.138338789344, 0.166290253401, 0.175161510706, 0.184505745769, 0.17582090199, 0.168334335089, 0.167570501566, 0.178121075034, 0.192631617188, 0.212457239628, 0.225673049688, 0.197551354766, 0.144745364785, 0.104502737522, 0.1053288728, 0.120181024075, 0.119373299181, 0.106319472194, 0.0968866124749, 0.107605166733, 0.126115053892, 0.142502263188], "max": [1, 1, 1, 1, 1, 1, 1, 1, 1, 1, 1, 1, 1, 1, 1, 1, 1, 1, 1, 1, 1, 1, 1, 1, 1, 1, 1, 1, 1, 1, 1, 1, 1, 1, 1, 1], "var": [0.0535006001592, 0.0622022002935, 0.0624607764184, 0.0642975568771, 0.0554915107787, 0.049091566354, 0.0574766620994, 0.046266656369, 0.046768900007, 0.0446199066937, 0.0299166236073, 0.0244465116411, 0.0286202486604, 0.029432464391, 0.0388171337545, 0.0659677237272, 0.0773779004812, 0.0698263496161, 0.0655489638448, 0.0593482963741, 0.0599659532309, 0.0906034111977, 0.0680388435721, 0.078424423933, 0.12309808284, 0.0890770480037, 0.0400390513241, 0.0298040751368, 0.0320947766304, 0.0409363210201, 0.0601324811578, 0.0317126736045, 0.0237325169146, 0.030268356204, 0.0403312183917, 0.0431382395327], "mean": [0.188683152199, 0.222253859043, 0.234612867236, 0.233360469341, 0.212115734816, 0.206048697233, 0.20100915432, 0.1685539186, 0.16058139503, 0.160311758518, 0.128591969609, 0.10725582391, 0.108979843557, 0.115714900196, 0.149414286017, 0.196728497744, 0.207875460386, 0.197244405746, 0.191126078367, 0.18407997489, 0.214774414897, 0.253653824329, 0.235668867826, 0.26423227787, 0.330877155066, 0.267437070608, 0.156334415078, 0.121150135994, 0.125366121531, 0.156942620873, 0.170815497637, 0.128870114684, 0.100845739245, 0.115523830056, 0.138433605433, 0.156743124127]}, "tuning_equal_tempered_deviation": 0.154124781489, "chords_changes_rate": 0.0865603610873, "key_key": "A#", "tuning_diatonic_strength": 0.695362150669, "key_scale": "major", "chords_number_rate": 0.00911161769181, "tuning_frequency": 433.942382812, "tuning_nontempered_energy_ratio": 0.839821398258, "chords_histogram": [27.2209568024, 2.90432810783, 5.12528467178, 10.7630977631, 0, 0.455580860376, 2.33485198021, 0.854214131832, 2.96127557755, 1.48063778877, 8.59908866882, 0, 3.3599088192, 2.8473803997, 2.39179944992, 6.32118463516, 1.53758537769, 7.91571760178, 0, 0.398633271456, 0, 0, 6.32118463516, 6.2072892189], "key_strength": 0.70192861557, "chords_key": "A#", "chords_strength": {"dmean2": 0.015896178782, "median": 0.495720028877, "min": -1, "dvar2": 0.00323887215927, "dvar": 0.00146649964154, "dmean": 0.0124052409083, "max": 0.763753414154, "var": 0.0308287534863, "mean": 0.48249989748}, "chords_scale": "major", "hpcp_entropy": {"dmean2": 1.15301632881, "median": 2.51326608658, "min": 0, "dvar2": 0.860610187054, "dvar": 0.31079941988, "dmean": 0.679926216602, "max": 4.51977872849, "var": 0.771810173988, "mean": 2.47446513176}}, "metadata": {"audio_properties": {"equal_loudness": 0, "codec": "flac", "downmix": "mix", "sample_rate": 44100, "analysis_sample_rate": 44100, "bit_rate": 0, "md5_encoded": "55314b9378f4bd9fc60c9c77bcfd0663", "length": 81.4666671753, "replay_gain": -13.9098911285, "lossless": true}, "version": {"essentia_build_sha": "70f2e5ece6736b2c40cc944ad0e695b16b925413", "essentia": "2.1-beta2", "extractor": "music 1.0", "essentia_git_sha": "v2.1_beta2"}, "tags": {"title": ["Clumsy Grandmother Serves Delicious Dessert by Mistake #1"], "barcode": ["744861030928"], "media": ["CD"], "albumartist": ["Jad Fair & Yo La Tengo"], "tracktotal": ["22"], "language": ["eng"], "releasetype": ["album"], "musicbrainz_recordingid": ["08193079-38be-4635-8fb7-d4b871efdd00"], "composer": ["Yo La Tengo"], "musicbrainz_releasegroupid": ["459d2bcb-5e4c-3b0e-94bd-51f9f8c8148c"], "musicbrainz_discid": ["0GhiRcUAI7d4IcsYdwH3fuy364Q-"], "musicbrainz_albumartistid": ["be4a8e65-a7ba-474c-989b-ed16e51c1a39", "3f542031-b054-454d-b57b-812fa2a81b11"], "lyricist": ["David Fair"], "musicbrainz_workid": ["858551de-e16e-48fb-a618-013e32368ad9"], "acoustid_fingerprint": ["AQACeZmYJFr0BBB-nDl2HJcOHmiPHz9eWMd_HD_gB-fx4DgPcocuHHpw4Bvy48fh46iO_Mc_3ApkRQvRNWiOL0-g6-jxMEifob_wpccfItxhLsObBg61dNCZD7_gs8Gpg12PnEEemMrR45GiD4d2NJMN-kkLnSaao2SOH9cdaM_h58gyhhvaw_9xX3iGL6sQQneK8Bka9cFfcB9-5MqhPdORVscDRyy-5fDRKsXl4znCSwcT5VAXF4_xhEZzHtfwQJ-FzUd1prhy9Ia4Iz_OB_2Fb9lxEqGVo3mG68eeqEPf48NlVXiO79AFf0UePcEvEw-JN0pu4EtymJ_QoyQbwWk0XCliXoZuXDnOb4iLHxe-oHkaIU-h_siHf0IfNFUUD9-P3khjGrB0C30k4kcTtEqOHx9-Qns0mOPxD3ZwEocflPSLNzrRw3EolD-eKB4uOLtxhRgz0UJ5oblxHTMXimiejdB33EifE5XxXviyKWg8lFzwXahFpDNEPkOo48vRPFFEVNrx4xceTsMtITzhM9A3Bh7DovrRNRHSseh59JTAE5Y9HH-Q3sd76DpyGL9QK5zQ94QnFj_SMUfywyG-ZJEWnMR7XFlAjahVopew5ceTw8-Fdwn8eJIQnkJ__DhKH7uWE-2OZhfyvgh_3DpE5_CjFEJ_PMdrNehCKMu4EM-CaJ_QD2dwR0WnIx05Q_xC5PjhHveOq3AUEpdY8HSQK6uhpeKNR0GO76h6pBr2BD98_A-aKQ_xHErzoPaR-ii14xw6s8YPR4pelPLAy2iPtNDUB1emQz1KK0iPiZdxkriOy8T_oIcdVTjC7gke4xoDTYd_IdeOB-7gD_9RHW3cIHVCHZ6EH03u4Tqu6cgzhDlxHtqRp8JVD9fxwz_yfIaOoIlutIscvDxC_nigH_3Rw5v4QdHxncIZEj0taDnySBXBNehfXAqP96iUBxeYa7CVwjm-HlY_RP4Mc8cfHY3DQKWO5xOa-zgHPAv6PIe2Y_tROYT2w9Rx-MfVIbWG9jmyHz-h_3goNFcQHj8YiUcYMZ_xHQ1no5UNPWh-dD_efA3yHL0MP8KPzUecC46kSId2RPrRTPhQTocPpykFZr5w-piewyj140py1DXh5_iFhnFwRRfyo1-FZiTULcdN3C1K-cVo6fjhjkfXE2F1wvnR7kZZFv1x5Hh2aPIOIxyTRzgZhDYOscYZF3Zi_MdzXDWki8hn-Dxe9NFlVD_ygdqJb2ClHDCNCpeOsIe3Y68FPz_CF4-g8WiOXDt-_ER8vDO0H82RfxJ65BZ6_MhxX7hhGT_6I7VwiM_xFeEa_Ed_NNrYYd8Rb8clSHkM-zj8zMMvTZCY4wuPE8ezKnjww4zjQHuOVdEuvKi0hMV53CLyI82WGaXEB0Kf6fAY5fiR_og2hrgH78YzdL3AvDlOa3h2vDgt48EvaFzxo9-Q5ifOGH4O7jj8KCl6zii8Fc9ixMM5-IS-ZEH4o-XhFz0-9BQehqDMC6kJPegR8jhSSlHxQ491pLlx_PCPS3DVCj0Rlof4d8jCG7sk9DPs_XhZXGJwNIyC83hxZWmCSx56Hqn-ITnKMLLw44d_5IKqHjp1BT1sFz1-oXEa1Ar6wxfio0q7AUGFU8oShSlQQjMKgKJMISYYYIQaICYxgAJTmTXGKEOYIcR4BRAwgCEGAAECAOQUY04ATwAAEAwBFABCAAQU8IwIJI0hxBggEBNAEcKIQEQqQCBjDAiKCDPICKMIIYYAYgARgDBmCEIACCUAEYg4BQQjgBBmDDKAIKIAAAAIhhBAjhFBBGMUAQEUQcoDxJBFwDgLgEAGAWCIA8goIRhQQBkBACOACCQUIcgxBIQRBCHhmABKEkUMEEApwIhjxCgIFCFAWSAMM0BBxYAWyBkliCUECQ8SIYYJIAQxxgmAkKEAKCiEsFoYABEjQhEjhQQECSoYAkZAY5ACRgCnsAAMQKGAIggJQABDCAkBBDBEIGUUQcI5xJAjQBkAhGEACaQEARARwZBIggFlCIGKCEWEE8o4gIAxAAAFEGCCOSeMMwgAwAQ1wDhAgCAGEIOQAoQoAQxSSkBImZKCGEYEEUQpIgAgwCjCFEIAMwMQUEQRSJyERFIBNDDEG6KUAVYSRixgRinBABKGCMYAINAAYpoiQihAGUCCACCAgQgwwgwQjAHLmHHCEAMYEFIBwQgAghgAgBACESAGFwA55JQyQgFhBCHAEUowQEw4RESBUCjACAEWE2eEEAA"], "discnumber": ["1"], "catalognumber": ["OLE 309-2"], "releasecountry": ["US"], "file_name": "1-14 Clumsy Grandmother Serves Delicious Dessert by Mistake #1.flac", "originaldate": ["1998-10-20"], "work": ["Clumsy Grandmother Serves Delicious Dessert by Mistake #1"], "date": ["1998-10-20"], "genre": ["Lo-Fi"], "musicbrainz_albumid": ["e3aefaeb-65ca-4f2a-b33f-efc1d4e9e3ef"], "disctotal": ["1"], "albumartistsort": ["Fair, Jad & Yo La Tengo"], "musicbrainz_artistid": ["be4a8e65-a7ba-474c-989b-ed16e51c1a39", "3f542031-b054-454d-b57b-812fa2a81b11"], "asin": ["B00000AFUC"], "grouping": ["Rock"], "musicbrainz_releasetrackid": ["2c1ef8db-b479-36c3-aa76-a4d7e917e2b0"], "artist": ["Jad Fair & Yo La Tengo"], "tracknumber": ["14"], "artistsort": ["Fair, Jad & Yo La Tengo"], "album": ["Strange but True"], "label": ["Matador Records"], "releasestatus": ["official"], "totaldiscs": ["1"], "script": ["Latn"], "acoustid_id": ["1caaa5bd-7a6b-4a5a-9351-f0816fdc6e1e"]}}, "rhythm": {"bpm_histogram_first_peak_bpm": {"dmean2": 0, "median": 136, "min": 136, "dvar2": 0, "dvar": 0, "dmean": 0, "max": 136, "var": 0, "mean": 136}, "bpm": 137.165588379, "bpm_histogram_second_peak_spread": {"dmean2": 0, "median": 0.3125, "min": 0.3125, "dvar2": 0, "dvar": 0, "dmean": 0, "max": 0.3125, "var": 0, "mean": 0.3125}, "bpm_histogram_first_peak_weight": {"dmean2": 0, "median": 0.430107533932, "min": 0.430107533932, "dvar2": 0, "dvar": 0, "dmean": 0, "max": 0.430107533932, "var": 0, "mean": 0.430107533932}, "onset_rate": 2.74918079376, "beats_position": [0.429569154978, 0.870748281479, 1.31192743778, 1.75310659409, 2.19428563118, 2.6470746994, 3.08825397491, 3.52943301201, 3.95900225639, 4.38857126236, 4.82975053787, 5.28253936768, 5.72371864319, 6.1648979187, 6.59446716309, 7.03564596176, 7.47682523727, 7.91800451279, 8.35918331146, 8.80036258698, 9.24154186249, 9.682721138, 10.1122903824, 10.5534696579, 10.9830379486, 11.4242172241, 11.8653964996, 12.3065757751, 12.7477550507, 13.1889343262, 13.6301136017, 14.0712919235, 14.512471199, 14.9536504745, 15.3948297501, 15.8360090256, 16.2771873474, 16.7067565918, 17.1363258362, 17.5775051117, 18.0186843872, 18.4598636627, 18.9010429382, 19.3422222137, 19.7834014893, 20.2245807648, 20.6657600403, 21.1069393158, 21.5365066528, 21.9776859283, 22.4072551727, 22.8368244171, 23.2663936615, 23.707572937, 24.1487522125, 24.589931488, 25.0195007324, 25.4490699768, 25.8786392212, 26.3082084656, 26.7609977722, 27.2137870789, 27.6549663544, 28.0961437225, 28.537322998, 28.9785022736, 29.4312915802, 29.8840808868, 30.3252601624, 30.778049469, 31.2192287445, 31.6720180511, 32.1015853882, 32.5311546326, 32.9839439392, 33.4367332458, 33.8779144287, 34.3307037354, 34.7718811035, 35.2246704102, 35.6658477783, 36.1070289612, 36.5482063293, 36.9893875122, 37.4305648804, 37.8717460632, 38.3013153076, 38.730884552, 39.1720619202, 39.6016311646, 40.0312004089, 40.4723815918, 40.91355896, 41.3547401428, 41.795917511, 42.2370948792, 42.678276062, 43.1194534302, 43.5490226746, 44.0018119812, 44.4429931641, 44.8841705322, 45.3137397766, 45.743309021, 46.1728782654, 46.6024475098, 47.0436286926, 47.4848060608, 47.9143753052, 48.3439445496, 48.7735137939, 49.2030830383, 49.6326522827, 50.0622215271, 50.5033988953, 50.9445800781, 51.3857574463, 51.8269386292, 52.2565078735, 52.6860771179, 53.1156463623, 53.5452156067, 53.9747848511, 54.4043540955, 54.8455314636, 55.2867126465, 55.7046699524, 56.1342391968, 56.5522003174, 56.9817695618, 57.4113349915, 57.8409042358, 58.2588653564, 58.7000427246, 59.129611969, 59.5591812134, 59.977142334, 60.3950996399, 60.8362808228, 61.2774581909, 61.7070274353, 62.1365966797, 62.5661659241, 62.9957351685, 63.4253044128, 63.8548736572, 64.2844467163, 64.714012146, 65.1435852051, 65.5731506348, 66.0027160645, 66.4322891235, 66.8618545532, 67.2914276123, 67.720993042, 68.1505661011, 68.5685272217, 69.0097045898, 69.4392700195, 69.8688430786, 70.2868041992, 70.7163696289, 71.145942688, 71.5638961792, 71.9818572998, 72.3998184204, 72.817779541, 73.2473449707, 73.7001342773, 74.1413116455, 74.6057128906, 75.0468902588, 75.4996795654, 75.859588623, 76.2194976807, 76.5794067383, 76.9277114868, 77.310836792, 77.7055740356, 78.1003189087, 78.4950561523, 78.889793396, 79.2961425781, 79.7024917603, 80.1088409424, 80.5151901245, 80.9215393066], "beats_loudness": {"dmean2": 0.0170990526676, "median": 0.0263301022351, "min": 3.69748315299e-10, "dvar2": 0.00021804869175, "dvar": 6.73425456625e-05, "dmean": 0.00983260944486, "max": 0.0652149021626, "var": 0.000152203458128, "mean": 0.0263111200184}, "danceability": 1.14643335342, "bpm_histogram_second_peak_weight": {"dmean2": 0, "median": 0.0591397844255, "min": 0.0591397844255, "dvar2": 0, "dvar": 0, "dmean": 0, "max": 0.0591397844255, "var": 0, "mean": 0.0591397844255}, "beats_count": 187, "bpm_histogram_second_peak_bpm": {"dmean2": 0, "median": 144, "min": 144, "dvar2": 0, "dvar": 0, "dmean": 0, "max": 144, "var": 0, "mean": 144}, "bpm_histogram_first_peak_spread": {"dmean2": 0, "median": 0.5, "min": 0.5, "dvar2": 0, "dvar": 0, "dmean": 0, "max": 0.5, "var": 0, "mean": 0.5}, "beats_loudness_band_ratio": {"dmean2": [0.389470607042, 0.159919366241, 0.174263641238, 0.118326798081, 0.123229391873, 0.0757482722402], "median": [0.442675679922, 0.10871630162, 0.084096185863, 0.0678593441844, 0.120520599186, 0.069518879056], "min": [0.000249531120062, 0.000307737849653, 0.000609898241237, 0.00199088803492, 0.00311999954283, 0.00498317740858], "dvar2": [0.0925721004605, 0.0164539795369, 0.0384640060365, 0.014741611667, 0.0164641700685, 0.00745714269578], "dvar": [0.0267378687859, 0.00504985731095, 0.0126487417147, 0.00615009944886, 0.00560685899109, 0.00371713633649], "dmean": [0.211457774043, 0.085881061852, 0.0971324145794, 0.0690425261855, 0.0751107186079, 0.047612555325], "max": [0.904921233654, 0.345142573118, 0.810465872288, 0.955266773701, 0.635523617268, 0.894963622093], "var": [0.0526162609458, 0.00749173015356, 0.0198096446693, 0.0274905804545, 0.0114136226475, 0.0132284117863], "mean": [0.415827453136, 0.125846475363, 0.130965068936, 0.113733097911, 0.147980585694, 0.101035870612]}}, "lowlevel": {"barkbands_spread": {"dmean2": 11.4863033295, "median": 33.403968811, "min": 1.03846001625, "dvar2": 127.91872406, "dvar": 48.1696472168, "dmean": 7.02270412445, "max": 141.60786438, "var": 280.32623291, "mean": 33.9905014038}, "melbands_spread": {"dmean2": 18.2278022766, "median": 39.0363807678, "min": 2.25820302963, "dvar2": 364.621582031, "dvar": 160.596679688, "dmean": 11.7902479172, "max": 206.394927979, "var": 964.786987305, "mean": 47.5762405396}, "hfc": {"dmean2": 7.73604154587, "median": 16.6545715332, "min": 1.14214862285e-16, "dvar2": 117.664093018, "dvar": 47.870426178, "dmean": 4.96380186081, "max": 100.413566589, "var": 272.507751465, "mean": 22.4798946381}, "barkbands_kurtosis": {"dmean2": 2.25504922867, "median": -0.584071397781, "min": -1.8930054903, "dvar2": 13.0864496231, "dvar": 4.94729614258, "dmean": 1.33940052986, "max": 39.8927459717, "var": 11.9620828629, "mean": 0.490704268217}, "gfcc": {"mean": [-43.8461723328, 91.079284668, -151.984542847, 53.4924087524, -42.0017700195, -2.19204306602, -28.5143203735, 7.04557704926, -17.7510948181, -5.05296897888, -3.91599369049, -8.26688575745, -11.6604948044], "icov": [[0.000216336324229, -0.000472225307021, 0.000466324359877, -0.000657948141452, 0.000919600657653, -0.000714363355655, 0.000346957531292, -0.00023949657043, 0.000557389634196, -0.000886296271347, 0.00106044812128, -0.000988666899502, 0.00112365197856], [-0.000472225307021, 0.00205956073478, -0.000857655890286, 0.000714916095603, -0.00255252607167, 0.00344542600214, -0.00112911267206, 0.000258229702013, -0.000331832561642, 0.00104042270686, -0.00248115090653, 0.00314427912235, -0.00234182248823], [0.000466324359877, -0.000857655890286, 0.00312643288635, -0.000633343297523, 0.000195127970073, -0.00206104968674, 0.00325171137229, -0.0021714118775, 0.00093341426691, -0.00197795801796, 0.00308272172697, -0.00468443427235, 0.00371717708185], [-0.000657948141452, 0.000714916095603, -0.000633343297523, 0.00641932524741, -0.00370537256822, -0.000979193137027, 0.00294890999794, -0.000449264916824, -0.0052286204882, 0.00788485910743, -0.00543328095227, 0.000820090936031, -0.00158104056027], [0.000919600657653, -0.00255252607167, 0.000195127970073, -0.00370537256822, 0.012147272937, -0.00367162330076, -0.00450893770903, 0.00107266451232, 0.00396696757525, -0.00749439140782, 0.00610383693129, -0.00371855078265, 0.00273765414022], [-0.000714363355655, 0.00344542600214, -0.00206104968674, -0.000979193137027, -0.00367162330076, 0.0132193323225, -0.00317796855234, -0.00201799953356, 0.00427586678416, -0.000586185255088, -0.00685521448031, 0.00806387234479, -0.00426809582859], [0.000346957531292, -0.00112911267206, 0.00325171137229, 0.00294890999794, -0.00450893770903, -0.00317796855234, 0.0136731322855, -0.000893521297257, -0.00591933261603, 0.00443140044808, 0.000827663519885, -0.00414852518588, 0.00412706844509], [-0.00023949657043, 0.000258229702013, -0.0021714118775, -0.000449264916824, 0.00107266451232, -0.00201799953356, -0.000893521297257, 0.00973496865481, -0.00465687690303, -0.0018988060765, 0.00455538742244, 0.0023284133058, -0.00609929766506], [0.000557389634196, -0.000331832561642, 0.00093341426691, -0.0052286204882, 0.00396696757525, 0.00427586678416, -0.00591933261603, -0.00465687690303, 0.0202335342765, -0.00702434638515, -0.000716083042789, 0.00183026609011, -3.45705411746e-05], [-0.000886296271347, 0.00104042270686, -0.00197795801796, 0.00788485910743, -0.00749439140782, -0.000586185255088, 0.00443140044808, -0.0018988060765, -0.00702434638515, 0.0249607972801, -0.012398567982, -0.00214041955769, 0.00455802772194], [0.00106044812128, -0.00248115090653, 0.00308272172697, -0.00543328095227, 0.00610383693129, -0.00685521448031, 0.000827663519885, 0.00455538742244, -0.000716083042789, -0.012398567982, 0.0206748265773, -0.00579082034528, 0.00306395441294], [-0.000988666899502, 0.00314427912235, -0.00468443427235, 0.000820090936031, -0.00371855078265, 0.00806387234479, -0.00414852518588, 0.0023284133058, 0.00183026609011, -0.00214041955769, -0.00579082034528, 0.0239539146423, -0.0119464639574], [0.00112365197856, -0.00234182248823, 0.00371717708185, -0.00158104056027, 0.00273765414022, -0.00426809582859, 0.00412706844509, -0.00609929766506, -3.45705411746e-05, 0.00455802772194, 0.00306395441294, -0.0119464639574, 0.0233375634998]], "cov": [[32524.3496094, 2747.21313477, -1838.27832031, 2509.89208984, -1300.63574219, 470.231048584, -1025.12451172, 150.146102905, -199.606964111, 11.0885906219, 157.746994019, -210.645797729, -499.372314453], [2747.21313477, 1766.62792969, -514.055541992, 43.5914382935, 112.359489441, -313.302459717, 155.894607544, -166.694076538, 43.106918335, -13.4015722275, 32.2291526794, -77.5622177124, -53.0349273682], [-1838.27832031, -514.055541992, 1513.13977051, -167.691116333, 132.66545105, 129.081802368, -254.533554077, 292.296447754, -99.3101425171, 154.811889648, -146.7396698, 181.83770752, -4.03228473663], [2509.89208984, 43.5914382935, -167.691116333, 628.142944336, -124.341110229, 136.824401855, -131.392944336, 81.7647476196, 53.4707679749, -85.3098602295, 73.3358917236, -32.8600463867, 27.298789978], [-1300.63574219, 112.359489441, 132.66545105, -124.341110229, 249.401275635, -18.7092590332, 105.427009583, -35.4996910095, -8.83959293365, 48.0986938477, -11.2473230362, 25.0916290283, -11.3430767059], [470.231048584, -313.302459717, 129.081802368, 136.824401855, -18.7092590332, 236.240814209, -68.2258682251, 74.7912063599, -26.8667564392, 25.2135314941, 37.3221549988, -8.34064674377, -2.49179840088], [-1025.12451172, 155.894607544, -254.533554077, -131.392944336, 105.427009583, -68.2258682251, 235.039474487, -75.2348175049, 48.0940208435, -23.3506851196, 8.97277927399, -23.2280578613, 2.13213706017], [150.146102905, -166.694076538, 292.296447754, 81.7647476196, -35.4996910095, 74.7912063599, -75.2348175049, 271.336517334, 26.3211116791, -4.54396390915, -75.970199585, 20.8097171783, 58.6407585144], [-199.606964111, 43.106918335, -99.3101425171, 53.4707679749, -8.83959293365, -26.8667564392, 48.0940208435, 26.3211116791, 100.315002441, -9.88461589813, 20.5484008789, -15.7017993927, 19.2177352905], [11.0885906219, -13.4015722275, 154.811889648, -85.3098602295, 48.0986938477, 25.2135314941, -23.3506851196, -4.54396390915, -9.88461589813, 126.344024658, 38.8522491455, 29.8163490295, -44.9343032837], [157.746994019, 32.2291526794, -146.7396698, 73.3358917236, -11.2473230362, 37.3221549988, 8.97277927399, -75.970199585, 20.5484008789, 38.8522491455, 142.096664429, -7.77581739426, -19.5107860565], [-210.645797729, -77.5622177124, 181.83770752, -32.8600463867, 25.0916290283, -8.34064674377, -23.2280578613, 20.8097171783, -15.7017993927, 29.8163490295, -7.77581739426, 91.7251205444, 18.3757896423], [-499.372314453, -53.0349273682, -4.03228473663, 27.298789978, -11.3430767059, -2.49179840088, 2.13213706017, 58.6407585144, 19.2177352905, -44.9343032837, -19.5107860565, 18.3757896423, 100.659164429]]}, "spectral_energyband_middle_low": {"dmean2": 0.00473984889686, "median": 0.00457528838888, "min": 4.66544506738e-22, "dvar2": 5.12805381732e-05, "dvar": 2.23326733249e-05, "dmean": 0.00302542024292, "max": 0.0516013018787, "var": 4.4224478188e-05, "mean": 0.00635102437809}, "melbands_crest": {"dmean2": 5.63533592224, "median": 11.0499305725, "min": 2.76672530174, "dvar2": 27.0114917755, "dvar": 10.3731222153, "dmean": 3.47672748566, "max": 29.7813282013, "var": 30.2793521881, "mean": 12.4957475662}, "spectral_kurtosis": {"dmean2": 3.57200288773, "median": 4.09624671936, "min": -1.18217849731, "dvar2": 17.9125232697, "dvar": 5.60185194016, "dmean": 2.00976085663, "max": 23.7502574921, "var": 8.91585254669, "mean": 4.7209610939}, "spectral_rms": {"dmean2": 0.00129216106143, "median": 0.00387627654709, "min": 3.1902432085e-12, "dvar2": 3.26873168888e-06, "dvar": 1.29721024678e-06, "dmean": 0.000819752807729, "max": 0.0114200729877, "var": 2.68938038062e-06, "mean": 0.0039993445389}, "zerocrossingrate": {"dmean2": 0.0113775935024, "median": 0.078125, "min": 0.0224609375, "dvar2": 0.000121524346469, "dvar": 9.49306122493e-05, "dmean": 0.00956176873296, "max": 0.70458984375, "var": 0.00722515769303, "mean": 0.0948482826352}, "silence_rate_60dB": {"dmean2": 0.0136830098927, "median": 0, "min": 0, "dvar2": 0.0169162321836, "dvar": 0.00679364055395, "dmean": 0.00683955522254, "max": 1, "var": 0.05398517102, "mean": 0.057264957577}, "erbbands_kurtosis": {"dmean2": 1.51238965988, "median": 0.0538777112961, "min": -1.77429664135, "dvar2": 3.72525906563, "dvar": 1.51198303699, "dmean": 0.941896021366, "max": 30.3503227234, "var": 10.2201824188, "mean": 1.24256598949}, "erbbands": {"dmean2": [0.235902756453, 1.72992825508, 3.00426626205, 4.71635770798, 6.37268686295, 5.44897222519, 6.32587432861, 8.87883663177, 16.4558696747, 17.6021022797, 15.5251274109, 15.2459192276, 11.6480379105, 10.3599023819, 11.0331897736, 16.6904640198, 17.1160163879, 16.3317718506, 17.9467716217, 20.9040756226, 16.2841491699, 43.5790519714, 56.6001434326, 17.3410167694, 29.3597373962, 17.661699295, 7.52396869659, 2.1987850666, 1.8924998045, 1.65761935711, 1.71537458897, 1.31427407265, 0.626674592495, 0.219820648432, 0.0641623958945, 0.029054177925, 0.0138076459989, 0.00477786595002, 0.000452802778454, 3.00353294733e-05], "median": [0.0249636694789, 0.371744334698, 0.769591569901, 1.9714666605, 3.3603978157, 2.51445698738, 2.55851554871, 3.7252061367, 4.83664226532, 5.35123634338, 4.37950515747, 4.18970012665, 4.39092540741, 4.59149503708, 6.18454360962, 8.58022499084, 8.79340553284, 10.8322553635, 15.490776062, 19.4282302856, 16.3607845306, 33.3694610596, 39.7212486267, 21.3827400208, 31.8589611053, 25.9871883392, 8.17824172974, 1.74007749557, 0.802184939384, 0.694519042969, 0.491007953882, 0.290655493736, 0.116828985512, 0.0367856770754, 0.0109880771488, 0.00437512760982, 0.00143123487942, 0.000256816041656, 3.49133151758e-05, 2.31417307077e-05], "min": [4.33606673559e-22, 4.84666244697e-21, 5.68730291983e-20, 1.71573001325e-19, 1.35965318722e-19, 2.44243945914e-19, 5.86961417307e-19, 4.60617436955e-19, 5.13941273252e-19, 6.39835370748e-19, 1.46714543707e-18, 4.85899002626e-18, 1.88699419186e-18, 3.55972172169e-18, 3.5082665381e-18, 3.41738461779e-18, 3.86734688278e-18, 5.41306579264e-18, 2.37378584644e-18, 3.59658750724e-18, 6.44463156762e-18, 1.45928722125e-17, 1.28305308302e-17, 1.28037616112e-17, 2.06233332066e-17, 1.95974373412e-17, 1.5879554964e-17, 1.62814820237e-17, 1.46275575499e-17, 1.82454652239e-17, 1.87007503961e-17, 1.27978241088e-17, 1.12976468683e-17, 1.19170281305e-17, 8.92928401797e-18, 6.71816406617e-18, 3.14743215693e-18, 1.26933057025e-18, 3.28544351982e-19, 3.41627337819e-20], "dvar2": [0.309787809849, 16.3709182739, 47.1396141052, 81.0335845947, 85.0090560913, 79.1172485352, 151.126785278, 284.824707031, 1772.48632812, 1714.22668457, 2575.15087891, 2376.4309082, 1133.43029785, 754.004394531, 537.151306152, 1219.51184082, 1312.84216309, 1700.31665039, 818.41027832, 877.919128418, 862.779418945, 5817.83349609, 17485.9082031, 572.097106934, 1755.46911621, 458.788909912, 154.037918091, 25.369720459, 17.2437210083, 14.4581899643, 15.232462883, 9.65921401978, 2.65666699409, 0.420268207788, 0.0314143747091, 0.00874985102564, 0.00292481528595, 0.000938116398174, 8.01061651146e-06, 8.7163254392e-09], "dvar": [0.114609204233, 5.84332609177, 16.6884899139, 32.6147384644, 31.4118099213, 29.7187385559, 55.4588813782, 108.091598511, 779.580932617, 762.558410645, 1084.82128906, 1083.51171875, 505.451721191, 305.407714844, 204.320419312, 509.014526367, 709.699707031, 790.708862305, 329.999938965, 349.471954346, 324.520782471, 2312.33422852, 6679.57324219, 225.028549194, 657.506469727, 175.05506897, 57.5762634277, 9.6832036972, 7.09412002563, 5.77259635925, 6.14476156235, 4.08708095551, 1.19560134411, 0.185919865966, 0.0138355623931, 0.00390523322858, 0.00127779250033, 0.000371402711608, 3.09331380777e-06, 3.41221095823e-09], "dmean": [0.133500412107, 0.964525103569, 1.68765997887, 2.80226397514, 3.75123739243, 3.25943088531, 3.76617741585, 5.35814094543, 10.1964559555, 11.124671936, 9.80384159088, 9.7841758728, 7.40083742142, 6.29645347595, 6.59423112869, 10.484869957, 11.6149091721, 10.3074865341, 11.0233039856, 12.9286413193, 10.01334095, 26.5482616425, 34.4463920593, 10.5211963654, 17.5864887238, 10.7848615646, 4.59406518936, 1.34209227562, 1.19406950474, 1.0503975153, 1.08862745762, 0.854845404625, 0.404392451048, 0.143885165453, 0.0428726039827, 0.019674513489, 0.0094539700076, 0.00320632592775, 0.000300008687191, 1.92495936062e-05], "max": [2.50823998451, 21.0030517578, 45.4530067444, 85.2607040405, 66.9346008301, 90.3055267334, 121.001358032, 121.246368408, 528.113708496, 536.239868164, 894.15814209, 633.885986328, 720.071472168, 616.64855957, 218.964508057, 494.167205811, 1079.84155273, 1131.05554199, 275.656707764, 320.352996826, 533.128112793, 854.52557373, 1577.50976562, 307.032989502, 440.543640137, 284.300933838, 161.526489258, 62.1334648132, 46.2097091675, 37.3770141602, 60.5053100586, 43.6089515686, 34.5799865723, 10.3302116394, 1.84635233879, 1.03368008137, 1.05657207966, 0.64240115881, 0.0473162643611, 0.0014235310955], "var": [0.0804403424263, 3.8746137619, 11.8230237961, 40.4440956116, 40.868057251, 46.6435317993, 66.9428024292, 144.225234985, 1184.52270508, 1108.90710449, 1254.5435791, 1454.41564941, 837.104003906, 362.183227539, 244.405395508, 1759.38842773, 19878.6367188, 1057.50354004, 515.092712402, 815.180480957, 660.033569336, 7347.69726562, 15595.6367188, 813.139587402, 2368.28027344, 1198.95288086, 310.155914307, 24.1256084442, 32.5514640808, 22.899520874, 51.253200531, 45.2509155273, 4.13025760651, 0.404817461967, 0.0277934763581, 0.00571117922664, 0.00182445684914, 0.000356634729542, 2.6852121664e-06, 3.31742744386e-09], "mean": [0.10526201129, 0.870545864105, 1.73918509483, 3.6165471077, 5.4076051712, 4.7938117981, 5.21657657623, 7.72629833221, 14.9251861572, 16.3387527466, 13.5288715363, 12.9678783417, 11.4229631424, 8.97344493866, 10.5357580185, 21.280292511, 40.2411422729, 18.3571052551, 21.2763290405, 28.3367061615, 24.0698337555, 61.2174415588, 75.1176986694, 30.0710849762, 48.7757797241, 38.0044021606, 14.6274747849, 3.80748224258, 3.49936699867, 2.97022294998, 3.80396652222, 3.41957688332, 1.16281688213, 0.339004307985, 0.0918492972851, 0.0301281567663, 0.0133779067546, 0.00389546225779, 0.000347775727278, 3.64060542779e-05]}, "spectral_strongpeak": {"dmean2": 1.44067287445, "median": 0.391152501106, "min": 0, "dvar2": 6.0315952301, "dvar": 2.3210568428, "dmean": 0.843452274799, "max": 15.6724443436, "var": 4.46144247055, "mean": 1.35454022884}, "spectral_energy": {"dmean2": 0.0143339475617, "median": 0.0154011584818, "min": 1.04320933084e-20, "dvar2": 0.000608799979091, "dvar": 0.000228389239055, "dmean": 0.00873118638992, "max": 0.133678525686, "var": 0.000241773857852, "mean": 0.0191511902958}, "average_loudness": 0.956856310368, "spectral_rolloff": {"dmean2": 881.340148926, "median": 2713.18359375, "min": 107.666015625, "dvar2": 1280481.25, "dvar": 549385.5625, "dmean": 538.190002441, "max": 21619.3359375, "var": 8458865, "mean": 2990.79492188}, "spectral_centroid": {"dmean2": 383.74420166, "median": 2269.50708008, "min": 851.098266602, "dvar2": 129941.976562, "dvar": 68188.3515625, "dmean": 248.851043701, "max": 11321.0224609, "var": 433652.03125, "mean": 2290.88232422}, "pitch_salience": {"dmean2": 0.11824849993, "median": 0.620259642601, "min": 0.116383142769, "dvar2": 0.0117241917178, "dvar": 0.00436592195183, "dmean": 0.071829341352, "max": 0.872635066509, "var": 0.0136349536479, "mean": 0.599378943443}, "spectral_energyband_middle_high": {"dmean2": 0.00258181174286, "median": 0.00492369476706, "min": 1.54494568744e-21, "dvar2": 1.45571975736e-05, "dvar": 5.90806621403e-06, "dmean": 0.0016359933652, "max": 0.0481717064977, "var": 2.4537963327e-05, "mean": 0.00650937808678}, "spectral_contrast_coeffs": {"dmean2": [0.0838719233871, 0.0789219662547, 0.056876193732, 0.0437293574214, 0.032648012042, 0.0281626097858], "median": [-0.683110654354, -0.761425614357, -0.81468307972, -0.802202939987, -0.778698921204, -0.734773159027], "min": [-0.970750629902, -0.971532762051, -0.960278630257, -0.965295612812, -0.964753329754, -0.959331333637], "dvar2": [0.00439540063962, 0.00408098194748, 0.00212473818101, 0.00112325558439, 0.000673230329994, 0.000676662428305], "dvar": [0.00166881608311, 0.00159758259542, 0.000785195908975, 0.00043032297981, 0.000250186421908, 0.000332404044457], "dmean": [0.0505595169961, 0.0474516563118, 0.033994756639, 0.0262957401574, 0.0195429865271, 0.0182875059545], "max": [-0.427370548248, -0.475542068481, -0.4728500247, -0.4332241714, -0.605304121971, -0.579941153526], "var": [0.00570018170401, 0.00575332855806, 0.00377006456256, 0.00520224124193, 0.00215021031909, 0.00327823590487], "mean": [-0.684435427189, -0.757669270039, -0.804800570011, -0.789944052696, -0.774529933929, -0.732920229435]}, "melbands_skewness": {"dmean2": 1.09122562408, "median": 1.72717869282, "min": -1.45652008057, "dvar2": 1.58994412422, "dvar": 0.649960517883, "dmean": 0.69204133749, "max": 7.12842226028, "var": 1.44486486912, "mean": 1.74584186077}, "spectral_spread": {"dmean2": 429504.8125, "median": 2852255, "min": 1449557.25, "dvar2": 284312207360, "dvar": 290349056000, "dmean": 290915.8125, "max": 39410312, "var": 6291345899520.0, "mean": 3368957}, "dissonance": {"dmean2": 0.0158009100705, "median": 0.488763988018, "min": 0.362671136856, "dvar2": 0.000362488412065, "dvar": 0.000129452921101, "dmean": 0.00933877099305, "max": 0.500000059605, "var": 0.000220953632379, "mean": 0.48422023654}, "spectral_skewness": {"dmean2": 0.400253117085, "median": 1.03549706936, "min": -0.0244652479887, "dvar2": 0.177737921476, "dvar": 0.0594533719122, "dmean": 0.23645567894, "max": 2.8322250843, "var": 0.153510987759, "mean": 1.065564394}, "spectral_flux": {"dmean2": 0.0373554080725, "median": 0.0721991434693, "min": 1.02137617808e-10, "dvar2": 0.00209609442391, "dvar": 0.00105149124283, "dmean": 0.0234225373715, "max": 0.317301362753, "var": 0.00229769083671, "mean": 0.0804490596056}, "spectral_contrast_valleys": {"dmean2": [0.711582899094, 0.630868971348, 0.514046311378, 0.393045604229, 0.264491140842, 0.394462764263], "median": [-7.20441484451, -6.78977584839, -7.27798223495, -7.18534708023, -6.64160108566, -10.8087024689], "min": [-27.4732189178, -27.4819164276, -27.5892543793, -27.2743835449, -27.224527359, -27.2926807404], "dvar2": [0.346520006657, 0.262487143278, 0.20133446157, 0.121144860983, 0.0623634569347, 0.258493989706], "dvar": [0.169766545296, 0.139834418893, 0.111242122948, 0.081755913794, 0.0594368614256, 0.155468061566], "dmean": [0.44551512599, 0.381198704243, 0.320631116629, 0.245892643929, 0.16534280777, 0.286878407001], "max": [-5.20318126678, -4.7635216713, -5.32690906525, -5.65001058578, -5.60055541992, -8.04125785828], "var": [4.16687488556, 3.5122282505, 3.26676654816, 3.28472900391, 3.44408464432, 3.47077965736], "mean": [-7.75559616089, -7.24544429779, -7.69272518158, -7.63289785385, -7.07248163223, -11.0052070618]}, "erbbands_flatness_db": {"dmean2": 0.0229648966342, "median": 0.181727662683, "min": 0.0282652694732, "dvar2": 0.000477205321658, "dvar": 0.0002495610388, "dmean": 0.0161443483084, "max": 0.477477550507, "var": 0.00480906572193, "mean": 0.190428346395}, "spectral_energyband_high": {"dmean2": 0.000340962811606, "median": 0.000374826893676, "min": 7.36853862911e-21, "dvar2": 3.05742275941e-07, "dvar": 1.25326764078e-07, "dmean": 0.000216125132283, "max": 0.00696549843997, "var": 1.11279211978e-06, "mean": 0.000839662912767}, "spectral_entropy": {"dmean2": 0.137230083346, "median": 7.65637969971, "min": 5.25505447388, "dvar2": 0.0167665742338, "dvar": 0.00815642159432, "dmean": 0.0895799919963, "max": 9.80698013306, "var": 0.205179542303, "mean": 7.6086807251}, "silence_rate_20dB": {"dmean2": 0, "median": 1, "min": 1, "dvar2": 0, "dvar": 0, "dmean": 0, "max": 1, "var": 0, "mean": 1}, "melbands_flatness_db": {"dmean2": 0.0392835438251, "median": 0.159868508577, "min": 0.00738882040605, "dvar2": 0.00167011667509, "dvar": 0.000699347874615, "dmean": 0.0252291318029, "max": 0.410614281893, "var": 0.00372572755441, "mean": 0.163768038154}, "barkbands": {"dmean2": [0.000253590638749, 0.00784054305404, 0.00260207639076, 0.00187071645632, 0.00163331266958, 0.00107203738298, 0.00123544118833, 0.000715135363862, 0.000683935068082, 0.000340603321092, 0.000270971911959, 0.000395139824832, 0.000388608052162, 0.000346747518051, 0.000418738694862, 0.000344404223142, 0.00077800010331, 0.000980072654784, 0.000413819361711, 0.000454446329968, 0.000114720700367, 5.13674422109e-05, 5.96661229793e-05, 5.52780074941e-05, 1.32238656079e-05, 7.38466314942e-06, 2.86311387754e-06], "median": [1.29922837004e-05, 0.00145177054219, 0.000497947563417, 0.000776330241933, 0.000970162451267, 0.000464716053102, 0.000338485406246, 0.00020360518829, 0.000189783750102, 0.000127240404254, 0.000118045310955, 0.000175707042217, 0.000174453132786, 0.000208486744668, 0.00035191240022, 0.000269198499154, 0.000525916635524, 0.000675567018334, 0.000450441730209, 0.000574729754589, 9.18622172321e-05, 2.18775421672e-05, 1.84281980182e-05, 9.52596838033e-06, 2.19254570766e-06, 8.08184267953e-07, 1.24184765582e-07], "min": [5.26722465859e-24, 1.73145723246e-23, 7.37394862458e-23, 4.52864030433e-23, 8.36647890049e-23, 6.0956758894e-23, 3.04911085066e-23, 6.1351896166e-23, 1.68868500485e-22, 6.98173203121e-23, 6.3023448248e-23, 1.21941575993e-22, 7.26655120768e-23, 1.05882034037e-22, 4.2283272686e-23, 1.04280393964e-22, 2.35101905798e-22, 2.36843130075e-22, 3.33549348633e-22, 3.83557803635e-22, 4.01040526395e-22, 3.56859418454e-22, 7.16833587927e-22, 6.28142246654e-22, 1.1686666592e-21, 1.72257616066e-21, 2.36883504608e-21], "dvar2": [3.60605724836e-07, 0.000333817093633, 3.08241542371e-05, 1.09047241494e-05, 5.44496151633e-06, 4.21511776949e-06, 8.47881619848e-06, 3.72121030523e-06, 4.88073146698e-06, 7.47282228986e-07, 4.30929532058e-07, 7.13368137895e-07, 9.2109507932e-07, 4.45554348971e-07, 3.52282086169e-07, 2.88120986625e-07, 1.90586365534e-06, 4.29515557698e-06, 3.32763818278e-07, 3.21974027884e-07, 3.88187224587e-08, 1.32615278758e-08, 1.8421578929e-08, 1.67311977606e-08, 1.44698053539e-09, 8.96298257835e-10, 3.33752470105e-10], "dvar": [1.5522992669e-07, 0.000120803553727, 1.13374426292e-05, 4.21332924816e-06, 2.04234379453e-06, 1.58411489792e-06, 3.8720795601e-06, 1.67865982803e-06, 2.11620499613e-06, 2.9275236102e-07, 1.6854352225e-07, 2.8606072533e-07, 4.38194291519e-07, 2.09554855246e-07, 1.3631620277e-07, 1.11786881973e-07, 7.54419147597e-07, 1.61693139944e-06, 1.26411052292e-07, 1.24912375554e-07, 1.46417304947e-08, 5.46538503343e-09, 7.27421944902e-09, 7.17612458345e-09, 6.30519580991e-10, 3.8699460303e-10, 1.29347893507e-10], "dmean": [0.000162030686624, 0.00441613886505, 0.00148088496644, 0.00109620520379, 0.000973887334112, 0.000641451217234, 0.000778584915679, 0.000448749837233, 0.000435626629042, 0.000207339267945, 0.000162841955898, 0.000240273715463, 0.000261735956883, 0.000216940272367, 0.000255381601164, 0.000210947415326, 0.000473756546853, 0.000597006932367, 0.000251852703514, 0.000273119512713, 6.92146422807e-05, 3.2288084185e-05, 3.75369236281e-05, 3.56847776857e-05, 8.78095761436e-06, 5.09028768647e-06, 1.89059596778e-06], "max": [0.00316900573671, 0.0877304524183, 0.0336694642901, 0.0297215618193, 0.0187016278505, 0.0171663165092, 0.0385227687657, 0.0372387468815, 0.030634213239, 0.0107012912631, 0.0141642410308, 0.0110767707229, 0.0259200148284, 0.0129310768098, 0.00505804549903, 0.00563731603324, 0.0159697830677, 0.0227667614818, 0.005570047535, 0.0058810506016, 0.00236502359621, 0.00121323450003, 0.0019646694418, 0.00212335772812, 0.000552130921278, 0.000622104853392, 0.000331161689246], "var": [1.52530688524e-07, 8.2556194684e-05, 1.02498197521e-05, 4.79735763292e-06, 3.13597092827e-06, 1.94801441467e-06, 6.32773890175e-06, 2.2568294753e-06, 2.75009006145e-06, 4.04946661092e-07, 1.88690634673e-07, 3.7213970927e-07, 1.16089713629e-05, 3.23167341776e-07, 2.46898707701e-07, 2.27298613709e-07, 2.30170667237e-06, 4.14332907894e-06, 4.48701939604e-07, 6.34154730506e-0