{"tonal": {"thpcp": [1, 0.715845406055, 0.252750188112, 0.14263920486, 0.132507637143, 0.194369584322, 0.277086555958, 0.234554350376, 0.209914833307, 0.294205546379, 0.323790371418, 0.400897085667, 0.519712984562, 0.39335796237, 0.253525465727, 0.296299606562, 0.260586857796, 0.173649191856, 0.156830444932, 0.21233612299, 0.559453547001, 0.920934021473, 0.648341715336, 0.252970337868, 0.184692621231, 0.167101368308, 0.235642552376, 0.29690566659, 0.273164153099, 0.302701115608, 0.319344311953, 0.24074088037, 0.228985309601, 0.269571304321, 0.258322000504, 0.585569560528], "hpcp": {"dmean2": [0.164119631052, 0.190410166979, 0.286489903927, 0.311817646027, 0.300492286682, 0.176801756024, 0.119137749076, 0.10711529851, 0.129403635859, 0.162348240614, 0.15428955853, 0.159108102322, 0.19525526464, 0.196745365858, 0.23521527648, 0.267865747213, 0.216397419572, 0.176091447473, 0.167634502053, 0.16047860682, 0.128113731742, 0.117134787142, 0.159172788262, 0.278716266155, 0.328617721796, 0.282305151224, 0.169785782695, 0.117213442922, 0.120896376669, 0.156155213714, 0.167306050658, 0.173227772117, 0.184056520462, 0.18091571331, 0.159716308117, 0.159695595503], "median": [0.0417903028429, 0.0475525073707, 0.167010784149, 0.321945875883, 0.213683754206, 0.045358184725, 0.0254942085594, 0.024713806808, 0.0371737964451, 0.0539434365928, 0.0464346185327, 0.0347892716527, 0.0402891412377, 0.0467827506363, 0.083180360496, 0.111198499799, 0.082945920527, 0.0488981492817, 0.0430429205298, 0.0450893677771, 0.0323740504682, 0.0246988087893, 0.0365152731538, 0.151942819357, 0.277442485094, 0.184661567211, 0.0505931563675, 0.025889005512, 0.0278180576861, 0.0364411659539, 0.0455403774977, 0.0456325486302, 0.0416405424476, 0.04005516693, 0.0361795052886, 0.0421012789011], "min": [0, 0, 0, 0, 0, 0, 0, 0, 0, 0, 0, 0, 0, 0, 0, 0, 0, 0, 0, 0, 0, 0, 0, 0, 0, 0, 0, 0, 0, 0, 0, 0, 0, 0, 0, 0], "dvar2": [0.067409068346, 0.0845102593303, 0.106689706445, 0.11776393652, 0.105711944401, 0.0651582926512, 0.0515011064708, 0.0450941435993, 0.0507597699761, 0.0632028356194, 0.0605909302831, 0.0766874030232, 0.093275077641, 0.0896947458386, 0.0900136977434, 0.101949051023, 0.0801955536008, 0.0655028298497, 0.0684701055288, 0.0644907131791, 0.0528570562601, 0.0489267148077, 0.0634390041232, 0.0955449268222, 0.117047071457, 0.0904816016555, 0.0605055727065, 0.044265948236, 0.044577524066, 0.0644048079848, 0.065146997571, 0.0711499974132, 0.0929666087031, 0.0815728977323, 0.0721062943339, 0.0675633698702], "dvar": [0.0279649347067, 0.0316477194428, 0.0421527735889, 0.0536556057632, 0.0444782972336, 0.0257270466536, 0.0186049565673, 0.0165117792785, 0.0191299431026, 0.0255760960281, 0.023280505091, 0.0290239751339, 0.0374159030616, 0.0362273342907, 0.036948338151, 0.0444287583232, 0.0321264714003, 0.0246851611882, 0.0295653361827, 0.02604066208, 0.0197939760983, 0.0190302580595, 0.0243076663464, 0.039727833122, 0.0551404356956, 0.0391516648233, 0.0234427861869, 0.0188254956156, 0.0163623504341, 0.0256061889231, 0.029460337013, 0.0270194336772, 0.0346707478166, 0.0336223766208, 0.0277159530669, 0.0248242914677], "dmean": [0.09648232162, 0.109715946019, 0.170726627111, 0.188557729125, 0.181726023555, 0.10379318893, 0.0672380626202, 0.060943171382, 0.0755632296205, 0.0976228266954, 0.0915409103036, 0.0928326249123, 0.116549104452, 0.117679588497, 0.140749379992, 0.162683576345, 0.130554839969, 0.101650051773, 0.102110110223, 0.0963378548622, 0.0742124468088, 0.0677192732692, 0.0919541344047, 0.170220300555, 0.201081842184, 0.171729072928, 0.0992017686367, 0.0682616755366, 0.0693205222487, 0.0914342105389, 0.102056190372, 0.102032266557, 0.10653731972, 0.10799895972, 0.0940932407975, 0.0918338298798], "max": [1, 1, 1, 1, 1, 1, 1, 1, 1, 1, 1, 1, 1, 1, 1, 1, 1, 1, 1, 1, 1, 1, 1, 1, 1, 1, 1, 1, 1, 1, 1, 1, 1, 1, 1, 1], "var": [0.0400302633643, 0.0315570943058, 0.0700910165906, 0.149495020509, 0.0938520878553, 0.0323810018599, 0.0148742040619, 0.0124800819904, 0.0207295939326, 0.0363938175142, 0.0248341020197, 0.0272097364068, 0.0475675500929, 0.0527429282665, 0.0532753691077, 0.0777030736208, 0.049157448113, 0.0279941931367, 0.047186460346, 0.0350466780365, 0.0191898550838, 0.0199549738318, 0.0258181765676, 0.0678708329797, 0.134950146079, 0.082142598927, 0.0274923220277, 0.0308458637446, 0.0183611474931, 0.0320482440293, 0.0491069592535, 0.0352953150868, 0.0521667376161, 0.0573450401425, 0.0341742187738, 0.0258818231523], "mean": [0.120220467448, 0.115203626454, 0.261145919561, 0.445969074965, 0.319244921207, 0.112718768418, 0.0636126771569, 0.0590943060815, 0.0866828262806, 0.123572029173, 0.104603983462, 0.0936155244708, 0.131206572056, 0.144400492311, 0.178787708282, 0.231775924563, 0.175425484776, 0.11306451261, 0.13214045763, 0.116213679314, 0.0774421691895, 0.0699415281415, 0.0946953445673, 0.249498993158, 0.410708099604, 0.289140343666, 0.112816952169, 0.0823671966791, 0.0745220407844, 0.10508929193, 0.132410749793, 0.121822759509, 0.134995341301, 0.142417684197, 0.107362985611, 0.102120369673]}, "tuning_equal_tempered_deviation": 0.0362447015941, "chords_changes_rate": 0.0378391817212, "key_key": "A#", "tuning_diatonic_strength": 0.655773282051, "key_scale": "major", "chords_number_rate": 0.00149365200195, "tuning_frequency": 437.971466064, "tuning_nontempered_energy_ratio": 0.716611385345, "chords_histogram": [63.4304199219, 2.93751549721, 0.224047794938, 0, 0.622354984283, 0.398307204247, 0, 0, 0, 0, 0.0248942002654, 0, 0, 0, 0, 0.497884005308, 1.29449832439, 26.7861595154, 0.348518788815, 0.348518788815, 0, 0.746825993061, 1.24470996857, 1.09534478188], "key_strength": 0.792647182941, "chords_key": "A#", "chords_strength": {"dmean2": 0.00982244126499, "median": 0.610445022583, "min": 0.315671354532, "dvar2": 7.48732854845e-05, "dvar": 5.73506913497e-05, "dmean": 0.00907383486629, "max": 0.849172532558, "var": 0.00776169123128, "mean": 0.605323672295}, "chords_scale": "major", "hpcp_entropy": {"dmean2": 1.20329797268, "median": 1.92940735817, "min": 0.0335801579058, "dvar2": 0.996107816696, "dvar": 0.380479604006, "dmean": 0.720475077629, "max": 4.50714540482, "var": 0.72178709507, "mean": 1.91904771328}}, "metadata": {"audio_properties": {"equal_loudness": 0, "codec": "flac", "downmix": "mix", "sample_rate": 44100, "analysis_sample_rate": 44100, "bit_rate": 0, "md5_encoded": "f85bf117a91a33be8e0f265bc17299f0", "length": 186.493331909, "replay_gain": -5.38993835449, "lossless": true}, "version": {"essentia_build_sha": "70f2e5ece6736b2c40cc944ad0e695b16b925413", "essentia": "2.1-beta2", "extractor": "music 1.0", "essentia_git_sha": "v2.1_beta2"}, "tags": {"title": ["Milk Cow Blues"], "media": ["CD"], "albumartist": ["Bumble Bee Slim"], "tracktotal": ["24"], "releasetype": ["album", "compilation"], "musicbrainz_recordingid": ["081b12b0-590e-44dd-9702-03b1ebf7dadc"], "musicbrainz_albumartistid": ["0e9ec477-69d1-4eb9-b88c-12b9be1d5ed7"], "musicbrainz_releasetrackid": ["f3fa9a5d-a0d3-4f35-b3a0-3f6878d51423"], "album": ["Complete Recorded Works in Chronological Order, Volume 3: 26 November 1934 to 4 April 1935"], "catalognumber": ["DOCD-5263"], "file_name": "20 - Amos Easton - Milk Cow Blues.flac", "musicbrainz_releasegroupid": ["e3de691e-64e0-4183-87e7-cf148750c1ed"], "script": ["Latn"], "musicbrainz_albumid": ["af0d7a4d-07fb-48d8-9074-4b3845875784"], "artist": ["Amos Easton"], "totaltracks": ["24"], "artistsort": ["Easton, Amos"], "tracknumber": ["20"], "label": ["Document Records"], "albumartistsort": ["Bumble Bee Slim"], "musicbrainz_artistid": ["e92c996a-513f-4b50-b616-b9583d41cd6d"], "releasestatus": ["official"]}}, "rhythm": {"bpm_histogram_first_peak_bpm": {"dmean2": 0, "median": 99, "min": 99, "dvar2": 0, "dvar": 0, "dmean": 0, "max": 99, "var": 0, "mean": 99}, "bpm": 99.9177474976, "bpm_histogram_second_peak_spread": {"dmean2": 0, "median": 0, "min": 0, "dvar2": 0, "dvar": 0, "dmean": 0, "max": 0, "var": 0, "mean": 0}, "bpm_histogram_first_peak_weight": {"dmean2": 0, "median": 0.621359229088, "min": 0.621359229088, "dvar2": 0, "dvar": 0, "dmean": 0, "max": 0.621359229088, "var": 0, "mean": 0.621359229088}, "onset_rate": 3.03462004662, "beats_position": [0.580498874187, 1.14938771725, 1.71827661991, 2.28716540337, 2.85605430603, 3.43655323982, 4.01705217361, 4.60916090012, 5.21287965775, 5.80498838425, 6.40870714188, 7.01242637634, 7.60453510284, 8.19664382935, 8.78875255585, 9.4040813446, 10.0078001022, 10.6115188599, 11.2152376175, 11.8189563751, 12.4342851639, 13.0496139526, 13.6533327103, 14.2570514679, 14.8607711792, 15.4760990143, 16.0798187256, 16.6951465607, 17.298866272, 17.9025840759, 18.5179138184, 19.1332416534, 19.7485713959, 20.363899231, 20.9676189423, 21.5713367462, 22.1750564575, 22.7787742615, 23.3824939728, 23.9862117767, 24.589931488, 25.1936511993, 25.8089790344, 26.4243087769, 27.0280265808, 27.6433563232, 28.2586841583, 28.8624038696, 29.4777317047, 30.0930614471, 30.7083892822, 31.3004989624, 31.9042167664, 32.5079345703, 33.111656189, 33.7153739929, 34.3190917969, 34.9228096008, 35.5265312195, 36.1302490234, 36.7339668274, 37.3376846313, 37.9297943115, 38.545124054, 39.1488418579, 39.7525634766, 40.3562812805, 40.9483909607, 41.5637168884, 42.1674385071, 42.771156311, 43.374874115, 43.9669837952, 44.5590934753, 45.1628112793, 45.7665290833, 46.3586387634, 46.9507484436, 47.5428581238, 48.1349639893, 48.7270736694, 49.2959632874, 49.8880729675, 50.480178833, 51.0722885132, 51.6527900696, 52.2448959351, 52.8370056152, 53.4291152954, 54.0328330994, 54.6249427795, 55.2170524597, 55.8207702637, 56.4244880676, 57.0165977478, 57.608707428, 58.2008171082, 58.7929229736, 59.3850326538, 59.977142334, 60.5692520142, 61.1613578796, 61.7650794983, 62.3687973022, 62.9725151062, 63.5646247864, 64.1567306519, 64.7372360229, 65.3293380737, 65.9446716309, 66.5483856201, 67.1521072388, 67.7558288574, 68.3711547852, 68.9864807129, 69.5785903931, 70.1707000732, 70.7628097534, 71.3665313721, 71.9702453613, 72.57396698, 73.1660766602, 73.7697982788, 74.3619003296, 74.9540100098, 75.5461196899, 76.1382293701, 76.7419509888, 77.345664978, 77.9493865967, 78.5531082153, 79.1452102661, 79.7489318848, 80.3526535034, 80.9679794312, 81.5717010498, 82.16381073, 82.7559204102, 83.3480224609, 83.9401321411, 84.5438537598, 85.1243515015, 85.7280731201, 86.3317871094, 86.935508728, 87.5392303467, 88.1313400269, 88.7234420776, 89.3271636963, 89.9308853149, 90.5345993042, 91.1383209229, 91.730430603, 92.3225402832, 92.9262542725, 93.5299758911, 94.1336975098, 94.7490234375, 95.3759613037, 95.9912872314, 96.5950088501, 97.1871185303, 97.802444458, 98.4061660767, 99.0098876953, 99.6136016846, 100.217323303, 100.809432983, 101.401542664, 101.993652344, 102.585754395, 103.189476013, 103.781585693, 104.373695374, 104.977409363, 105.581130981, 106.1848526, 106.788566589, 107.392288208, 107.996009827, 108.588119507, 109.180221558, 109.783943176, 110.376052856, 110.979774475, 111.571876526, 112.175598145, 112.779319763, 113.383033752, 113.975143433, 114.578865051, 115.170974731, 115.774688721, 116.378410339, 116.982131958, 117.597457886, 118.201179504, 118.816505432, 119.397003174, 119.977500916, 120.557998657, 121.161720276, 121.742218018, 122.345939636, 122.949661255, 123.553375244, 124.168708801, 124.784034729, 125.410972595, 126.014694214, 126.618408203, 127.222129822, 127.814239502, 128.406341553, 129.010070801, 129.625396729, 130.217498779, 130.79800415, 131.40171814, 132.005432129, 132.609161377, 133.189651489, 133.781768799, 134.37387085, 134.965988159, 135.55809021, 136.161804199, 136.765533447, 137.369247437, 137.949752808, 138.553466797, 139.157180786, 139.749298096, 140.341400146, 140.945129395, 141.548843384, 142.152557373, 142.756271362, 143.36000061, 143.9637146, 144.567428589, 145.159545898, 145.763259888, 146.355377197, 146.947479248, 147.539596558, 148.131698608, 148.723800659, 149.315917969, 149.90802002, 150.488525391, 151.09223938, 151.695953369, 152.299682617, 152.903396606, 153.507110596, 154.099227905, 154.702941895, 155.295059204, 155.887161255, 156.479278564, 157.082992554, 157.686706543, 158.290420532, 158.89414978, 159.49786377, 160.101577759, 160.705307007, 161.309020996, 161.912734985, 162.516464233, 163.108566284, 163.712280273, 164.304397583, 164.896499634, 165.488616943, 166.080718994, 166.672836304, 167.276550293, 167.903488159, 168.507202148, 169.099319458, 169.691421509, 170.283538818, 170.875640869, 171.479354858, 172.083084106, 172.686798096, 173.290512085, 173.894241333, 174.497955322, 175.101669312, 175.70539856, 176.309112549, 176.912826538, 177.516555786, 178.097045898, 178.700775146, 179.304489136, 179.908203125, 180.511917114, 181.115646362, 181.719360352, 182.323074341, 182.938415527, 183.553741455, 184.169067383, 184.784393311, 185.399719238, 186.015060425], "beats_loudness": {"dmean2": 0.0289277695119, "median": 0.0386976972222, "min": 1.20729355402e-08, "dvar2": 0.000709529093001, "dvar": 0.000232437480008, "dmean": 0.0162670705467, "max": 0.105809472501, "var": 0.000322981912177, "mean": 0.039629291743}, "danceability": 1.09192931652, "bpm_histogram_second_peak_weight": {"dmean2": 0, "median": 0.016181230545, "min": 0.016181230545, "dvar2": 0, "dvar": 0, "dmean": 0, "max": 0.016181230545, "var": 0, "mean": 0.016181230545}, "beats_count": 310, "bpm_histogram_second_peak_bpm": {"dmean2": 0, "median": 105, "min": 105, "dvar2": 0, "dvar": 0, "dmean": 0, "max": 105, "var": 0, "mean": 105}, "bpm_histogram_first_peak_spread": {"dmean2": 0, "median": 0.368421077728, "min": 0.368421077728, "dvar2": 0, "dvar": 0, "dmean": 0, "max": 0.368421077728, "var": 0, "mean": 0.368421077728}, "beats_loudness_band_ratio": {"dmean2": [0.192056030035, 0.377285659313, 0.342401921749, 0.303383827209, 0.0519458279014, 0.00117821106687], "median": [0.0932257324457, 0.393702626228, 0.177597433329, 0.138863265514, 0.0272373892367, 0.000318293226883], "min": [0.00575624452904, 1.74686683749e-05, 1.07944078991e-05, 1.04424207166e-05, 2.27462460316e-05, 5.72648968955e-05], "dvar2": [0.0386506691575, 0.0721120983362, 0.0813586637378, 0.0832959339023, 0.00402842694893, 5.23626913491e-05], "dvar": [0.0141627592966, 0.029472257942, 0.0313480570912, 0.0304794833064, 0.0014618858695, 2.61764125753e-05], "dmean": [0.107347935438, 0.219616264105, 0.195424988866, 0.171723425388, 0.0298852454871, 0.000638057361357], "max": [0.99980443716, 0.922337055206, 0.935352087021, 0.892397344112, 0.307620763779, 0.0982976406813], "var": [0.0261290576309, 0.0538030639291, 0.0387327261269, 0.0340723767877, 0.00135319144465, 0.000109785025415], "mean": [0.150570601225, 0.412946254015, 0.24618126452, 0.206612512469, 0.0379320159554, 0.00162788922898]}}, "lowlevel": {"barkbands_spread": {"dmean2": 3.66447401047, "median": 10.5390539169, "min": 0.0162457488477, "dvar2": 11.1733045578, "dvar": 5.24394989014, "dmean": 2.35539984703, "max": 110.274772644, "var": 42.1569480896, "mean": 11.0232791901}, "melbands_spread": {"dmean2": 6.39625883102, "median": 16.1510334015, "min": 0.0143158584833, "dvar2": 31.9174041748, "dvar": 13.0319776535, "dmean": 4.06670761108, "max": 45.2969856262, "var": 51.9418258667, "mean": 16.4029483795}, "hfc": {"dmean2": 7.47779035568, "median": 14.0608291626, "min": 8.17809450382e-07, "dvar2": 63.9726638794, "dvar": 33.7309303284, "dmean": 4.9559006691, "max": 95.2177963257, "var": 206.116714478, "mean": 18.5658397675}, "barkbands_kurtosis": {"dmean2": 12.3055057526, "median": 0.162862300873, "min": -1.76814520359, "dvar2": 167907.1875, "dvar": 86925.25, "dmean": 9.01237297058, "max": 27328.8144531, "var": 718305.5, "mean": 40.317150116}, "gfcc": {"mean": [-130.693969727, 219.662734985, -175.376296997, -44.4785957336, -6.81294536591, -34.7192993164, -35.0429916382, -16.2605552673, -20.8238697052, -13.3972730637, -2.82341051102, -9.09282779694, -7.13357067108], "icov": [[0.00479690544307, -0.0086875166744, 0.00703851645812, -0.00260593416169, 0.00427527306601, -0.000451395229902, -0.00410787994042, 0.00936107430607, -0.00941103696823, 0.00863497704268, -0.00892816670239, 0.00756834587082, -0.00282246340066], [-0.0086875166744, 0.0200560502708, -0.0123652163893, 0.00629786867648, -0.0125110922381, 0.006733214017, 0.00455750990659, -0.0132007934153, 0.0140760848299, -0.00807941798121, 0.0117650749162, -0.00968512147665, 0.00560942105949], [0.00703851645812, -0.0123652163893, 0.0137907676399, -0.0067676268518, 0.00887575931847, -0.000601733860094, -0.00605148728937, 0.0123022962362, -0.00979220867157, 0.0102479234338, -0.0140200546011, 0.0132731031626, -0.00509057519957], [-0.00260593416169, 0.00629786867648, -0.0067676268518, 0.0130790229887, -0.00960123352706, -0.000643317762297, 0.00924957543612, -0.00624938402325, 0.00233382452279, -0.00507780816406, 0.015829121694, -0.0141243739054, 0.00629044929519], [0.00427527306601, -0.0125110922381, 0.00887575931847, -0.00960123352706, 0.0266183130443, -0.0102287754416, 0.00297668506391, -0.00110962381586, 0.00661804201081, -0.000388926797314, -0.0111851859838, 0.0124108493328, -0.00380610115826], [-0.000451395229902, 0.006733214017, -0.000601733860094, -0.000643317762297, -0.0102287754416, 0.0267783086747, -0.0269816648215, 0.0160858947784, -0.00439631938934, 9.39539750107e-05, 0.00817872211337, -0.0096998969093, 0.00785498507321], [-0.00410787994042, 0.00455750990659, -0.00605148728937, 0.00924957543612, 0.00297668506391, -0.0269816648215, 0.0527290403843, -0.0335839018226, 0.0161435399204, -0.00532750505954, 0.00228689238429, -0.00104538421147, -0.000217081265873], [0.00936107430607, -0.0132007934153, 0.0123022962362, -0.00624938402325, -0.00110962381586, 0.0160858947784, -0.0335839018226, 0.0491935797036, -0.0356384180486, 0.0173179823905, -0.00958587042987, 0.00880646891892, -0.00465566199273], [-0.00941103696823, 0.0140760848299, -0.00979220867157, 0.00233382452279, 0.00661804201081, -0.00439631938934, 0.0161435399204, -0.0356384180486, 0.0631493628025, -0.0500025600195, 0.035853356123, -0.0230306889862, 0.0148451207206], [0.00863497704268, -0.00807941798121, 0.0102479234338, -0.00507780816406, -0.000388926797314, 9.39539750107e-05, -0.00532750505954, 0.0173179823905, -0.0500025600195, 0.0846598297358, -0.0730209052563, 0.042260479182, -0.0131727531552], [-0.00892816670239, 0.0117650749162, -0.0140200546011, 0.015829121694, -0.0111851859838, 0.00817872211337, 0.00228689238429, -0.00958587042987, 0.035853356123, -0.0730209052563, 0.10852906853, -0.0766869336367, 0.0321689322591], [0.00756834587082, -0.00968512147665, 0.0132731031626, -0.0141243739054, 0.0124108493328, -0.0096998969093, -0.00104538421147, 0.00880646891892, -0.0230306889862, 0.042260479182, -0.0766869336367, 0.0954296886921, -0.0490456148982], [-0.00282246340066, 0.00560942105949, -0.00509057519957, 0.00629044929519, -0.00380610115826, 0.00785498507321, -0.000217081265873, -0.00465566199273, 0.0148451207206, -0.0131727531552, 0.0321689322591, -0.0490456148982, 0.0507089905441]], "cov": [[10184.0263672, 3573.24755859, -1862.32885742, -998.714782715, 232.96635437, -751.931945801, -305.586791992, -642.499633789, -375.538665771, -536.097900391, -70.2917175293, -383.44354248, -173.425720215], [3573.24755859, 1490.4498291, -499.821166992, -328.043945312, 137.490737915, -352.544830322, -145.826477051, -220.084365845, -184.372558594, -217.253723145, -37.0521354675, -155.359390259, -60.5880012512], [-1862.32885742, -499.821166992, 593.517028809, 232.32434082, -42.5079879761, 80.8187026978, 18.287103653, 80.8227920532, 34.709236145, 71.8322067261, 2.93428969383, 48.4343490601, 27.6670780182], [-998.714782715, -328.043945312, 232.32434082, 275.404144287, 24.772687912, 66.2055892944, -8.48952579498, 55.5376052856, 33.1705703735, 31.1653079987, -23.3038730621, 35.1788253784, 13.7185506821], [232.96635437, 137.490737915, -42.5079879761, 24.772687912, 102.008239746, 2.09491848946, -10.0045604706, -19.5939731598, -41.1786613464, -24.2343482971, -7.46547651291, -16.329656601, -9.39074134827], [-751.931945801, -352.544830322, 80.8187026978, 66.2055892944, 2.09491848946, 205.652633667, 91.3621673584, 31.0155010223, 23.7169075012, 35.7523651123, 2.37976050377, 34.3392028809, 2.63342571259], [-305.586791992, -145.826477051, 18.287103653, -8.48952579498, -10.0045604706, 91.3621673584, 84.8460388184, 47.4474983215, 19.5362167358, 17.9891357422, 2.74340176582, 12.1188049316, 0.762221336365], [-642.499633789, -220.084365845, 80.8227920532, 55.5376052856, -19.5939731598, 31.0155010223, 47.4474983215, 121.682975769, 67.688293457, 47.3976097107, -0.24877166748, 18.5778408051, 5.53125762939], [-375.538665771, -184.372558594, 34.709236145, 33.1705703735, -41.1786613464, 23.7169075012, 19.5362167358, 67.688293457, 94.8891525269, 63.5687446594, 10.5651903152, 12.0642900467, -7.90344810486], [-536.097900391, -217.253723145, 71.8322067261, 31.1653079987, -24.2343482971, 35.7523651123, 17.9891357422, 47.3976097107, 63.5687446594, 89.9350204468, 40.0680885315, 23.9008350372, -2.93904900551], [-70.2917175293, -37.0521354675, 2.93428969383, -23.3038730621, -7.46547651291, 2.37976050377, 2.74340176582, -0.24877166748, 10.5651903152, 40.0680885315, 52.3312072754, 27.8961772919, 3.53026103973], [-383.44354248, -155.359390259, 48.4343490601, 35.1788253784, -16.329656601, 34.3392028809, 12.1188049316, 18.5778408051, 12.0642900467, 23.9008350372, 27.8961772919, 60.2662391663, 34.8236885071], [-173.425720215, -60.5880012512, 27.6670780182, 13.7185506821, -9.39074134827, 2.63342571259, 0.762221336365, 5.53125762939, -7.90344810486, -2.93904900551, 3.53026103973, 34.8236885071, 50.2358169556]]}, "spectral_energyband_middle_low": {"dmean2": 0.00850793346763, "median": 0.0128961009905, "min": 1.52366036454e-11, "dvar2": 9.46592917899e-05, "dvar": 4.47785423603e-05, "dmean": 0.00566722033545, "max": 0.111524514854, "var": 0.000213196864934, "mean": 0.0171208046377}, "melbands_crest": {"dmean2": 5.31428623199, "median": 12.1057329178, "min": 3.58754611015, "dvar2": 21.7803325653, "dvar": 8.6352519989, "dmean": 3.30442929268, "max": 39.9951095581, "var": 36.7874679565, "mean": 13.4430055618}, "spectral_kurtosis": {"dmean2": 32.4277153015, "median": 30.8040313721, "min": -1.16601574421, "dvar2": 615.321777344, "dvar": 204.492050171, "dmean": 18.3111610413, "max": 106.463882446, "var": 378.73248291, "mean": 32.9031791687}, "spectral_rms": {"dmean2": 0.00100823980756, "median": 0.00467001646757, "min": 4.48967313105e-07, "dvar2": 8.93008689218e-07, "dvar": 4.48347122983e-07, "dmean": 0.000675995077472, "max": 0.0105130905285, "var": 2.95940799333e-06, "mean": 0.00480342889205}, "zerocrossingrate": {"dmean2": 0.00474881008267, "median": 0.03662109375, "min": 0, "dvar2": 2.49866516242e-05, "dvar": 1.90413702512e-05, "dmean": 0.0039945198223, "max": 0.193359375, "var": 0.000297307356959, "mean": 0.0387769937515}, "silence_rate_60dB": {"dmean2": 0.00547876954079, "median": 0, "min": 0, "dvar2": 0.00719248550013, "dvar": 0.00273166783154, "dmean": 0.00273904390633, "max": 1, "var": 0.0261677708477, "mean": 0.0268890820444}, "erbbands_kurtosis": {"dmean2": 1.59329593182, "median": -0.423676490784, "min": -1.76688969135, "dvar2": 11.2871408463, "dvar": 4.70302629471, "dmean": 1.02111017704, "max": 108.313072205, "var": 9.94032478333, "mean": 0.480640172958}, "erbbands": {"dmean2": [0.00173263659235, 0.0443619787693, 0.321027725935, 1.99454283714, 7.54341411591, 17.8386688232, 19.4324703217, 26.6776771545, 35.7189979553, 39.7621955872, 30.5151405334, 37.9143409729, 23.5546627045, 46.5393486023, 56.3311653137, 82.5508041382, 88.8456420898, 53.1073226929, 32.2792816162, 17.997335434, 12.0895309448, 7.80376291275, 3.04854440689, 1.023635149, 0.33945941925, 0.078257843852, 0.0227856356651, 0.00988615117967, 0.00472129601985, 0.00214167544618, 0.000887902919203, 0.000359497382306, 0.000158436771017, 7.36272268114e-05, 3.55946467607e-05, 1.6673018763e-05, 7.34422519599e-06, 2.3840425456e-06, 5.15210194862e-06, 1.18305842989e-05], "median": [0.00131634017453, 0.0203521046788, 0.149717792869, 1.10734295845, 3.88087010384, 8.35201835632, 11.2660923004, 12.5501432419, 21.1016597748, 21.0985660553, 13.9329204559, 15.0108203888, 12.9803829193, 24.672870636, 32.8824691772, 34.1126556396, 42.4259033203, 33.0352935791, 22.6562595367, 16.3987979889, 11.6692533493, 6.85894775391, 3.21400666237, 1.22837281227, 0.406693577766, 0.0955481380224, 0.0195343308151, 0.00448202528059, 0.00157145143021, 0.000677338102832, 0.000308973074425, 0.000167993392097, 0.000110890410724, 7.91136044427e-05, 5.74941113882e-05, 3.85664898204e-05, 2.14580268221e-05, 7.02127681507e-06, 1.19835367514e-05, 2.57611081906e-05], "min": [2.43570830172e-09, 6.09351769043e-09, 5.28972066149e-09, 2.57925192315e-09, 4.95334884221e-09, 2.05570369616e-08, 4.46378116692e-08, 4.84419722113e-08, 2.26069509779e-08, 2.61693866577e-08, 2.50637501864e-08, 9.44544353843e-09, 8.7736156118e-09, 1.3949073896e-08, 1.1289676749e-08, 3.15153698693e-08, 2.54336587346e-08, 2.96206117412e-08, 1.43750924053e-07, 2.56958088585e-07, 1.06173104086e-07, 5.74257867925e-08, 5.32130286501e-08, 8.43364489356e-08, 4.5020914996e-08, 5.30795354337e-08, 9.72359046614e-08, 7.57743734425e-08, 1.45439003063e-07, 1.41581381286e-07, 6.55208367561e-08, 1.82558792972e-07, 1.07488624224e-07, 7.98941286462e-08, 6.65953479029e-08, 4.40041283412e-08, 2.55083065781e-08, 7.03190528029e-09, 1.79381887122e-09, 3.03216590725e-10], "dvar2": [4.41557131126e-06, 0.0037736624945, 0.245264723897, 9.92363834381, 156.934768677, 1324.49072266, 1040.84741211, 2717.2355957, 3737.17285156, 7135.23242188, 5187.68505859, 8208.52734375, 1905.31018066, 6588.19335938, 13351.2421875, 36691.4804688, 30293.6425781, 8484.31738281, 2889.84521484, 413.435699463, 185.683502197, 116.135765076, 11.0313234329, 1.07816517353, 0.144129008055, 0.00730848265812, 0.00131440500263, 0.00037673956831, 9.73696733126e-05, 2.11912338273e-05, 4.02884279538e-06, 5.70149552459e-07, 9.98630298454e-08, 2.11266026895e-08, 4.46313519475e-09, 6.61944055125e-10, 6.79002340465e-11, 5.31285779259e-12, 2.64063961669e-11, 1.42251696533e-10], "dvar": [1.50398943788e-06, 0.00137594307307, 0.0878658741713, 3.37757754326, 60.985874176, 606.30090332, 434.673034668, 1446.4375, 1796.31213379, 3613.56323242, 2981.98583984, 3801.01245117, 874.483459473, 3193.671875, 7662.85986328, 18991.5117188, 14558.9599609, 3954.99560547, 1215.69519043, 159.230331421, 73.3979263306, 51.2727508545, 4.17742538452, 0.379600673914, 0.0548766180873, 0.00258096400648, 0.000455296249129, 0.000130631917273, 3.36380653607e-05, 7.36257152312e-06, 1.39542407851e-06, 1.97090670895e-07, 3.43520660806e-08, 7.19696657825e-09, 1.51660772829e-09, 2.30055682837e-10, 2.52022552133e-11, 1.99446232099e-12, 1.34126191056e-11, 7.13657882789e-11], "dmean": [0.000977520248853, 0.0257246233523, 0.185617700219, 1.1708432436, 4.6184296608, 11.3438558578, 12.401558876, 18.0134239197, 22.8582820892, 26.6994934082, 20.607088089, 24.7671051025, 14.7774162292, 29.5126800537, 37.4845314026, 55.8856925964, 58.2664070129, 33.3508110046, 19.6478691101, 10.5470657349, 7.18379163742, 4.6917963028, 1.79759025574, 0.59743475914, 0.201174333692, 0.0456390269101, 0.0127506107092, 0.00539765460417, 0.00255817594007, 0.00115582218859, 0.000478930072859, 0.000194783002371, 8.66690825205e-05, 4.09077729273e-05, 2.01808361453e-05, 9.80050026556e-06, 4.46541798738e-06, 1.43325632962e-06, 3.46457977685e-06, 7.94171501184e-06], "max": [0.0351054109633, 0.848253786564, 4.72728490829, 26.1722488403, 132.867279053, 388.113555908, 520.734924316, 1119.06152344, 1484.25219727, 1984.92297363, 1636.20751953, 1870.39306641, 717.461791992, 1239.86950684, 3118.62817383, 2963.39477539, 2048.94458008, 1325.98681641, 1040.94104004, 351.108337402, 327.966186523, 224.260162354, 33.2880325317, 9.27731323242, 5.42384386063, 0.642482578754, 0.267359644175, 0.171525284648, 0.0750304758549, 0.0381102524698, 0.0266576595604, 0.00566933257505, 0.00227584829554, 0.00123097957112, 0.000722785713151, 0.000317192520015, 9.09904847504e-05, 2.39029523073e-05, 5.45033290109e-05, 0.000127199746203], "var": [2.082066203e-06, 0.00275948247872, 0.118213526905, 6.10997390747, 133.27305603, 1232.88256836, 1091.96118164, 4055.01196289, 7258.30419922, 19377.0273438, 14148.2226562, 10818.7304688, 1769.76782227, 7227.34130859, 29023.2851562, 53877.9492188, 43506.6367188, 10449.8720703, 2407.25366211, 263.07144165, 169.752960205, 115.385391235, 7.59179544449, 0.645024061203, 0.106190435588, 0.00390258082189, 0.000350264250301, 8.51485528983e-05, 2.11619917536e-05, 4.58803879155e-06, 8.49301954986e-07, 1.23209062508e-07, 2.23433094249e-08, 5.04379649158e-09, 1.25427601638e-09, 3.14232501131e-10, 7.28538895878e-11, 7.39986023846e-12, 7.85591453001e-11, 4.02551297851e-10], "mean": [0.00170090224128, 0.0371664129198, 0.26167845726, 1.98848593235, 8.10913944244, 20.0451126099, 22.2149906158, 32.8242073059, 45.0475082397, 57.5338478088, 39.1543388367, 42.2069702148, 24.5327625275, 48.9397697449, 70.6934814453, 99.1903305054, 110.03212738, 64.0667724609, 35.4178581238, 19.8214015961, 14.3510913849, 9.25256061554, 3.81613087654, 1.37586963177, 0.470220834017, 0.106722027063, 0.0232907794416, 0.006950000301, 0.00283332890831, 0.00125112535898, 0.000549537769984, 0.000262619694695, 0.000149491694174, 9.56099902396e-05, 6.48532586638e-05, 4.2135205149e-05, 2.30779078265e-05, 7.58057876737e-06, 1.42568887895e-05, 3.08824819513e-05]}, "spectral_strongpeak": {"dmean2": 1.17939221859, "median": 1.06552088261, "min": 0, "dvar2": 2.20864367485, "dvar": 1.02216255665, "dmean": 0.750802159309, "max": 12.730014801, "var": 3.97592139244, "mean": 1.81193554401}, "spectral_energy": {"dmean2": 0.0103166410699, "median": 0.0223542787135, "min": 2.06610936693e-10, "dvar2": 0.000110074128315, "dvar": 5.48604512005e-05, "dmean": 0.00692600058392, "max": 0.113288193941, "var": 0.000302359170746, "mean": 0.0266831163317}, "average_loudness": 0.904526054859, "spectral_rolloff": {"dmean2": 326.569671631, "median": 1205.859375, "min": 21.533203125, "dvar2": 145550.15625, "dvar": 82654.0078125, "dmean": 198.614974976, "max": 12575.390625, "var": 193975.015625, "mean": 1140.21643066}, "spectral_centroid": {"dmean2": 190.554275513, "median": 791.171386719, "min": 276.866088867, "dvar2": 37045.2851562, "dvar": 20440.1796875, "dmean": 123.2628479, "max": 10972.6005859, "var": 177553.265625, "mean": 849.703186035}, "pitch_salience": {"dmean2": 0.120345875621, "median": 0.643085598946, "min": 0.00110376637895, "dvar2": 0.0104575119913, "dvar": 0.00415621092543, "dmean": 0.0742098242044, "max": 0.9345921278, "var": 0.0187528003007, "mean": 0.617316901684}, "spectral_energyband_middle_high": {"dmean2": 0.00490677496418, "median": 0.00547374552116, "min": 1.33361854546e-11, "dvar2": 3.51063354174e-05, "dvar": 1.92725838133e-05, "dmean": 0.00324476487003, "max": 0.0797798037529, "var": 0.000114289192425, "mean": 0.00914288777858}, "spectral_contrast_coeffs": {"dmean2": [0.0942423343658, 0.0849785506725, 0.0681038275361, 0.0506458766758, 0.037338513881, 0.0478487461805], "median": [-0.539740681648, -0.715066075325, -0.797107696533, -0.815864384174, -0.717719376087, -0.797521829605], "min": [-0.963885605335, -0.96364313364, -0.963809788227, -0.960748851299, -0.956584393978, -0.959237158298], "dvar2": [0.00559968827292, 0.00452568521723, 0.00286124646664, 0.00162926234771, 0.0009041109588, 0.00160650571343], "dvar": [0.00203608698212, 0.00174817803781, 0.00118529656902, 0.000687540799845, 0.000318984966725, 0.00052039755974], "dmean": [0.0561594255269, 0.0517861582339, 0.0420834757388, 0.0308295562863, 0.0221749916673, 0.0272975564003], "max": [-0.261796265841, -0.394634306431, -0.470341205597, -0.548833847046, -0.601876437664, -0.687755942345], "var": [0.00962794199586, 0.00705454265699, 0.00540702790022, 0.0032090570312, 0.00153054401744, 0.000946562737226], "mean": [-0.545010328293, -0.710516214371, -0.783255040646, -0.803859114647, -0.721096754074, -0.801015257835]}, "melbands_skewness": {"dmean2": 0.858593523502, "median": 1.23431611061, "min": -2.84783267975, "dvar2": 8.60656738281, "dvar": 5.28042650223, "dmean": 0.572971284389, "max": 234.038238525, "var": 63.373790741, "mean": 1.68670248985}, "spectral_spread": {"dmean2": 295233.625, "median": 1116313.625, "min": 627946.9375, "dvar2": 186366853120, "dvar": 140791726080, "dmean": 172081.15625, "max": 40071312, "var": 1921578827780.0, "mean": 1318247.125}, "dissonance": {"dmean2": 0.0443778932095, "median": 0.460349202156, "min": 0.209801077843, "dvar2": 0.00198059459217, "dvar": 0.000699154101312, "dmean": 0.0261662714183, "max": 0.500000119209, "var": 0.00129971746355, "mean": 0.451776146889}, "spectral_skewness": {"dmean2": 2.06227970123, "median": 2.88046050072, "min": 0.00859732180834, "dvar2": 2.47801589966, "dvar": 0.817181825638, "dmean": 1.16355025768, "max": 7.58874511719, "var": 1.53068840504, "mean": 3.04071879387}, "spectral_flux": {"dmean2": 0.0350607261062, "median": 0.0747190117836, "min": 2.30835285038e-05, "dvar2": 0.00123318505939, "dvar": 0.000527977361344, "dmean": 0.0219256412238, "max": 0.275384515524, "var": 0.00143277959432, "mean": 0.0827315971255}, "spectral_contrast_valleys": {"dmean2": [0.781846821308, 0.617420136929, 0.604946434498, 0.501954555511, 0.384487509727, 0.685877740383], "median": [-8.21768951416, -6.29104566574, -6.52798271179, -6.80326700211, -8.95812416077, -13.8366184235], "min": [-27.1057281494, -27.4864215851, -27.5264148712, -27.168718338, -27.3945960999, -27.2607326508], "dvar2": [0.366379588842, 0.264538288116, 0.272283583879, 0.203697293997, 0.131551146507, 0.320317149162], "dvar": [0.141969233751, 0.11231264472, 0.108879178762, 0.0832780301571, 0.0588057935238, 0.117660492659], "dmean": [0.457742273808, 0.370667815208, 0.354380518198, 0.295784980059, 0.226122125983, 0.387643009424], "max": [-6.30010032654, -4.5923871994, -5.026222229, -5.61046171188, -7.81632900238, -12.3275899887], "var": [1.38769710064, 1.71644616127, 1.72834479809, 1.63460302353, 0.809327125549, 0.286837697029], "mean": [-8.37166213989, -6.45945549011, -6.70785808563, -6.98443984985, -9.08487129211, -13.7934188843]}, "erbbands_flatness_db": {"dmean2": 0.0232317000628, "median": 0.340005576611, "min": 0.038634672761, "dvar2": 0.000414698239183, "dvar": 0.000200344977202, "dmean": 0.0151460524648, "max": 0.47547775507, "var": 0.00311368587427, "mean": 0.343257635832}, "spectral_energyband_high": {"dmean2": 1.00385955193e-06, "median": 8.03575517239e-07, "min": 5.27882806911e-11, "dvar2": 2.25540809987e-12, "dvar": 7.86282605865e-13, "dmean": 5.62423849715e-07, "max": 1.04335367723e-05, "var": 6.25074211141e-13, "mean": 9.86820055005e-07}, "spectral_entropy": {"dmean2": 0.232292115688, "median": 6.80064964294, "min": 5.32996177673, "dvar2": 0.0425458885729, "dvar": 0.018230792135, "dmean": 0.149499043822, "max": 9.79346752167, "var": 0.171790495515, "mean": 6.78481960297}, "silence_rate_20dB": {"dmean2": 0, "median": 1, "min": 1, "dvar2": 0, "dvar": 0, "dmean": 0, "max": 1, "var": 0, "mean": 1}, "melbands_flatness_db": {"dmean2": 0.0382737182081, "median": 0.356823027134, "min": 0.124009735882, "dvar2": 0.00118005729746, "dvar": 0.000479238748085, "dmean": 0.0242654997855, "max": 0.707117795944, "var": 0.00255262223072, "mean": 0.356233298779}, "barkbands": {"dmean2": [2.42452606471e-05, 0.000147651531734, 0.000352651986759, 0.00116265413817, 0.00406744098291, 0.00299928034656, 0.00306507945061, 0.00150076963473, 0.00143613270484, 0.000825465540402, 0.0015494262334, 0.00210022041574, 0.00212260289118, 0.000926284992602, 0.000433147593867, 0.000263697671471, 0.000148303166497, 4.58184076706e-05, 1.16291530503e-05, 1.8007624476e-06, 3.58620809493e-07, 1.17741485894e-07, 3.58123095623e-08, 1.18616316769e-08, 5.23066079339e-09, 3.12543879666e-09, 2.27870744496e-09], "median": [0.000158211216331, 6.48632121738e-05, 0.000128005791339, 0.000535418395884, 0.00242298166268, 0.00172028352972, 0.00153561588377, 0.000485016120365, 0.000575447629672, 0.000393827736843, 0.000741488940548, 0.000778471352533, 0.000876896374393, 0.00047516298946, 0.00033627441735, 0.000234247592743, 0.000122072277009, 4.70658305858e-05, 1.28949150167e-05, 1.90367472896e-06, 1.975313495e-07, 3.60380312259e-08, 1.12615987646e-08, 5.8302545014e-09, 5.42961142713e-09, 6.916109907e-09, 4.33911173658e-09], "min": [7.10629471934e-11, 4.44524313192e-11, 7.71133048909e-13, 3.43198722479e-13, 5.21308256979e-12, 6.16225907107e-12, 1.33650490848e-12, 1.45597900056e-12, 3.97464992776e-13, 2.25590244185e-13, 3.13331581818e-13, 7.25561863195e-13, 5.23058430336e-13, 6.33770325716e-13, 4.05949622875e-12, 3.41871908387e-12, 9.00209431737e-13, 9.07728265383e-13, 1.50018756098e-12, 1.02268790225e-12, 2.33128251946e-12, 4.03142840291e-12, 2.32638214248e-12, 8.05495687511e-12, 8.60743594455e-12, 1.27589423402e-11, 1.69138175687e-11], "dvar2": [4.44863895721e-10, 4.05184295005e-08, 3.02533152308e-07, 3.80380834031e-06, 5.01427639392e-05, 2.52584122791e-05, 2.96210819215e-05, 1.39648509503e-05, 9.99821622827e-06, 2.31863032241e-06, 9.24522646528e-06, 2.15504351218e-05, 1.75085187948e-05, 3.00778151541e-06, 2.75340624967e-07, 8.84594939521e-08, 4.11347080842e-08, 2.35997865694e-09, 1.53185783502e-10, 4.08149165507e-12, 4.20508598645e-13, 6.10418833535e-14, 6.4852471978e-15, 5.84170989271e-16, 1.04922434398e-16, 1.76033927431e-17, 6.17511503095e-18], "dvar": [1.57143478785e-10, 1.47088785596e-08, 1.08213995986e-07, 1.31528929614e-06, 2.22856560868e-05, 1.2306325516e-05, 1.42902244988e-05, 7.36553693059e-06, 4.63785090687e-06, 1.03371451132e-06, 4.70296436106e-06, 1.16695910037e-05, 8.59283136379e-06, 1.35237019094e-06, 1.078412879e-07, 3.48901991742e-08, 1.77910681742e-08, 8.5029616681e-10, 5.51344317423e-11, 1.45919550314e-12, 1.46015849151e-13, 2.11065482447e-14, 2.24912065561e-15, 2.01745526519e-16, 3.57343579722e-17, 6.0068259625e-18, 2.00301206303e-18], "dmean": [1.44660452861e-05, 8.55215039337e-05, 0.000203415969736, 0.000686576415319, 0.00256447540596, 0.0019757526461, 0.00196356116794, 0.000981502817012, 0.000928137509618, 0.000503384915646, 0.0010111508891, 0.00141575373709, 0.00138004205655, 0.000574284931645, 0.000253094884101, 0.000155725356308, 8.91770614544e-05, 2.66944971372e-05, 6.81137134961e-06, 1.04719663341e-06, 1.97312360228e-07, 6.36799839526e-08, 1.92761664408e-08, 6.43193320826e-09, 2.87196777471e-09, 1.75995751306e-09, 1.27240795678e-09], "max": [0.000253711012192, 0.0028227714356, 0.00567637011409, 0.0166921131313, 0.0655446350574, 0.0908072516322, 0.100815802813, 0.069898314774, 0.0588418208063, 0.0223461706191, 0.0652293339372, 0.0596712902188, 0.0531593374908, 0.022946048528, 0.00709426868707, 0.00540248630568, 0.00319555262104, 0.000415523187257, 0.000177961759618, 2.03861291084e-05, 5.69795474803e-06, 1.82081066669e-06, 1.0471569567e-06, 1.58675220518e-07, 9.22582827911e-08, 5.03884436398e-08, 1.66623372877e-08], "var": [1.24955845671e-09, 2.98630098428e-08, 1.2235399538e-07, 2.42305395659e-06, 4.79292575619e-05, 3.31031988026e-05, 7.95083178673e-05, 3.32408235408e-05, 1.33063458634e-05, 1.88051512851e-06, 1.41138980325e-05, 3.49398396793e-05, 2.49256245297e-05, 2.7169223813e-06, 1.56168866283e-07, 7.36786063271e-08, 3.86279346287e-08, 1.26969379455e-09, 9.53641679513e-11, 1.99895005062e-12, 9.85987211473e-14, 1.32440674028e-14, 1.36815599201e-15, 1.26715850977e-16, 2.35958745666e-17, 6.04662203536e-18, 2.45786399942e-18], "mean": [0.000153830653289, 0.000119977223221, 0.00024857124663, 0.00110034353565, 0.00476843910292, 0.00361804105341, 0.00410335324705, 0.00176696712151, 0.00156488781795, 0.000745747529436, 0.00169337494299, 0.00243050255813, 0.00249262200668, 0.00091924413573, 0.000427451159339, 0.000290668278467, 0.000167542835698, 5.41145636817e-05, 1.48688568515e-05, 2.17808883463e-06, 2.75424838492e-07, 6.77613485323e-08, 2.08420676273e-08, 8.83616113612e-09, 6.46677733585e-09, 7.24941262575e-09, 4.66274041599e-09]}, "erbbands_skewness": {"dmean2": 0.617107748985, "median": -0.182922750711, "min": -3.76403617859, "dvar2": 0.289239048958, "dvar": 0.124150231481, "dmean