{"tonal": {"thpcp": [1, 0.760346114635, 0.511453390121, 0.568232119083, 0.542933642864, 0.500040531158, 0.727331578732, 0.812982559204, 0.559051513672, 0.409083992243, 0.408408850431, 0.542303323746, 0.925026595592, 0.977352321148, 0.587345063686, 0.379105806351, 0.335961282253, 0.303381979465, 0.34153097868, 0.384464710951, 0.363844901323, 0.424290329218, 0.417519837618, 0.305175155401, 0.324359476566, 0.335835367441, 0.303625643253, 0.473088741302, 0.588654220104, 0.462093949318, 0.375132650137, 0.334511518478, 0.33395332098, 0.538277506828, 0.751710951328, 0.887274026871], "hpcp": {"dmean2": [0.315864235163, 0.309802383184, 0.275952190161, 0.24019536376, 0.219328030944, 0.194048061967, 0.180025339127, 0.184474647045, 0.184171780944, 0.17566204071, 0.16877515614, 0.155080497265, 0.155716985464, 0.143420666456, 0.139650672674, 0.179911032319, 0.209893777966, 0.204490467906, 0.192296713591, 0.188180834055, 0.178554400802, 0.225153744221, 0.264727532864, 0.330452412367, 0.402601569891, 0.320418596268, 0.306595504284, 0.309110403061, 0.267361760139, 0.255153954029, 0.297313243151, 0.316497921944, 0.291887879372, 0.271531194448, 0.256992131472, 0.304313242435], "median": [0.0577368587255, 0.0798006057739, 0.0520726256073, 0.0159349180758, 0.0110000707209, 0.0103869698942, 0.0202502217144, 0.0235981941223, 0.0208654757589, 0.016875449568, 0.0171453487128, 0.0196799263358, 0.0249993652105, 0.0233985632658, 0.0212074369192, 0.0326283127069, 0.0433711484075, 0.0342352986336, 0.0213751234114, 0.0170802250504, 0.0205672699958, 0.0512452460825, 0.0761632248759, 0.108136869967, 0.0894606634974, 0.063945107162, 0.0309190247208, 0.0331648550928, 0.040571808815, 0.0403371863067, 0.0535612367094, 0.0598605796695, 0.0387253761292, 0.0215921346098, 0.0219356548041, 0.0309515073895], "min": [0, 0, 0, 0, 0, 0, 0, 0, 0, 0, 0, 0, 0, 0, 0, 0, 0, 0, 0, 0, 0, 0, 0, 0, 0, 0, 0, 0, 0, 0, 0, 0, 0, 0, 0, 0], "dvar2": [0.161604017019, 0.145741939545, 0.144178777933, 0.143628433347, 0.140849590302, 0.122254773974, 0.0947709530592, 0.0997391492128, 0.105999149382, 0.102334782481, 0.0915527194738, 0.0839758291841, 0.0821143090725, 0.0690739378333, 0.0662255361676, 0.0880743861198, 0.101849608123, 0.101130962372, 0.101677618921, 0.107979848981, 0.0932659432292, 0.101510062814, 0.117980286479, 0.125857636333, 0.189281061292, 0.143226414919, 0.180666044354, 0.172762751579, 0.139426440001, 0.131274208426, 0.147072255611, 0.163752183318, 0.161620333791, 0.172203883529, 0.149356231093, 0.171195730567], "dvar": [0.0633874237537, 0.0596463307738, 0.0522008128464, 0.0521324165165, 0.0509638823569, 0.0445872433484, 0.0348666757345, 0.0372729562223, 0.0382019281387, 0.0380548648536, 0.0354226902127, 0.0308345537633, 0.0286895930767, 0.0257950220257, 0.0233687590808, 0.0327021852136, 0.0395445749164, 0.0376892350614, 0.0375620685518, 0.0394630022347, 0.0346466749907, 0.0393840298057, 0.0477191545069, 0.0506051108241, 0.0798397138715, 0.0543581284583, 0.0654444247484, 0.0667686164379, 0.0525731518865, 0.0455192625523, 0.0552722811699, 0.0642631873488, 0.0577653609216, 0.0617306083441, 0.0551130250096, 0.0639132857323], "dmean": [0.179189234972, 0.178972959518, 0.154666528106, 0.130374416709, 0.118022501469, 0.105668231845, 0.100139006972, 0.102229081094, 0.102066718042, 0.0983839258552, 0.0952367633581, 0.0863816514611, 0.0856837183237, 0.0802814662457, 0.077954813838, 0.102379240096, 0.121161587536, 0.116587214172, 0.108228690922, 0.103893660009, 0.100702278316, 0.128690287471, 0.154791548848, 0.190541580319, 0.227793574333, 0.181128010154, 0.166882872581, 0.170144662261, 0.149649739265, 0.142086833715, 0.168192982674, 0.179658681154, 0.162268310785, 0.14571762085, 0.139286518097, 0.167189463973], "max": [1, 1, 1, 1, 1, 1, 1, 1, 1, 1, 1, 1, 1, 1, 1, 1, 1, 1, 1, 1, 1, 1, 1, 1, 1, 1, 1, 1, 1, 1, 1, 1, 1, 1, 1, 1], "var": [0.105772934854, 0.1067090258, 0.0493246726692, 0.0394777469337, 0.0372073352337, 0.0337078943849, 0.0296179708093, 0.0364213250577, 0.0334888547659, 0.0533826909959, 0.050646148622, 0.0264611449093, 0.0271046683192, 0.0304677449167, 0.0219220258296, 0.0466027073562, 0.0598919764161, 0.0398314110935, 0.0347399152815, 0.0327015034854, 0.0298499744385, 0.0435357503593, 0.0707239881158, 0.068715557456, 0.106505565345, 0.0698352456093, 0.0518455393612, 0.0598476268351, 0.0500643588603, 0.0416206754744, 0.0730375498533, 0.090047031641, 0.051746007055, 0.0425717607141, 0.040281444788, 0.0551973879337], "mean": [0.234712347388, 0.24798925221, 0.149030461907, 0.0961927101016, 0.0852454006672, 0.0769788622856, 0.0866586267948, 0.0975524559617, 0.092320472002, 0.107657641172, 0.105939723551, 0.0774338543415, 0.0823016017675, 0.0852134525776, 0.0770406872034, 0.120039537549, 0.149362638593, 0.117249771953, 0.0951845794916, 0.0848775431514, 0.0847359076142, 0.136580258608, 0.190735965967, 0.225133165717, 0.253735780716, 0.192927017808, 0.129774019122, 0.144180819392, 0.137761697173, 0.126878172159, 0.184550046921, 0.206282764673, 0.141851365566, 0.103799246252, 0.103627935052, 0.13760176301]}, "tuning_equal_tempered_deviation": 0.242469638586, "chords_changes_rate": 0.0809248536825, "key_key": "A", "tuning_diatonic_strength": 0.395761281252, "key_scale": "major", "chords_number_rate": 0.0044040735811, "tuning_frequency": 434.193115234, "tuning_nontempered_energy_ratio": 0.92383825779, "chords_histogram": [21.497385025, 2.0644094944, 0.330305546522, 0, 0.522983789444, 0.908340215683, 0, 0.825763821602, 1.32122218609, 1.1010184288, 0, 1.6515276432, 0.1376273036, 1.29369664192, 3.82603907585, 7.29424715042, 2.0644094944, 8.06496047974, 20.0110111237, 11.0652351379, 3.30305528641, 1.87173140049, 9.68896198273, 1.15606939793], "key_strength": 0.53681987524, "chords_key": "A", "chords_strength": {"dmean2": 0.0131672257558, "median": 0.460942059755, "min": 0.212599307299, "dvar2": 0.000147620245116, "dvar": 9.49748864514e-05, "dmean": 0.0116932904348, "max": 0.741573154926, "var": 0.0105610350147, "mean": 0.46796002984}, "chords_scale": "major", "hpcp_entropy": {"dmean2": 1.10730695724, "median": 2.36803436279, "min": 0, "dvar2": 0.747760653496, "dvar": 0.286226570606, "dmean": 0.667692542076, "max": 4.3662238121, "var": 0.595649003983, "mean": 2.3488881588}}, "metadata": {"audio_properties": {"equal_loudness": 0, "codec": "flac", "downmix": "mix", "sample_rate": 44100, "analysis_sample_rate": 44100, "bit_rate": 0, "md5_encoded": "b535aae9ab1b4970f70e3f431839b236", "length": 168.626663208, "replay_gain": -11.2797698975, "lossless": true}, "version": {"essentia_build_sha": "70f2e5ece6736b2c40cc944ad0e695b16b925413", "essentia": "2.1-beta2", "extractor": "music 1.0", "essentia_git_sha": "v2.1_beta2"}, "tags": {"title": ["Apostolic"], "barcode": ["781484030928"], "albumartist": ["Loose Fur"], "tracktotal": ["10"], "language": ["English"], "musicbrainz_recordingid": ["081f01ba-2a24-489f-89ac-7f3a746d6878"], "artistsort": ["Loose Fur"], "mood": ["Very sad"], "musicbrainz_albumid": ["17fa24c2-ec91-4d4f-b69d-eda8ec2e05a9"], "musicbrainz_albumartistid": ["09d717db-5428-472b-ac6e-3c0600c8c753"], "lyricist": ["Jim O'Rourke"], "musicbrainz_releasetrackid": ["82beef6c-c193-3169-8a08-daed843e8f95"], "discnumber": ["1"], "album": ["Born Again in the USA"], "catalognumber": ["DC309CD"], "releasecountry": ["US"], "engineer": ["Jeremy Lemos"], "file_name": "04-Apostolic.flac", "acoustid_fingerprint": ["AQADtEmWRFmWicF0wl-QH36GHN8hFyd8HheqikLh86iKztADHz5--Md34YePE9eObw-ewZMwPobqDP7xTBleNN3xN_ghzYmKTjnSH6Ga4RfaC9J-8MNTHT9O6PEJR_OFT9lxsfjRE7zQW7iSKRnU5HgU_PDh6dOgGteCTzkcbSgZFlduVNk4NB80H9Rp9DiFHmKSH86Hdj0u9DEDv8PHGM9BoeehJQvKh2DmVcZb3IX248N_dMeVHL5wSRf8Iv3gUeAzC38CS0dJRkP2HV06SPpwG826F__wG-rxo-fgOCweOGKMHhcHjbOh7_gIjzz6C9fQp7DSQd9wsUIu4gvKNQ96IkyVC4dGKTtSaiil8PjR6CmqI1eM52BSs-iPC6X-IEx640o1NNHRs3ge5FOHJpLGohNx8YYUS4d_lKiUF_eOG2J-9AmHH4-LLh-qcUK56MYv-D0cMwwe5ji2_OgJvT-ebUeTz_iM5seOo5RoaMkWocu6wjmeSzhcMNKhTTz8oye0w8yNZ1qP40L4ZMSProejVEf6hSjv4R1qx8NJQ3qOkxosHSVJ4T067zDzsTi0rBd-HPxx5eiORj16GD98lOgT2JqHkkTPFKaEHx8kKc8HPDb-If6Oo9lvXEcPr3PxJtkR6dCOMGJzXDq-BZ58PMdP9Dka5MNJQytZ2Ckik_BzfA3Sr7igbU3xGrlpTMWPrUfPDrl0TGcOPzOm4vmEzoc7xcPhzphu4j-aXEEf9IfPsPjgE3ckQ-6JnsHz4T-a48MP1UW-HL2HO0MPx0uOfrg5IswjFdomHj_6R9BPWNqENVLmQRNz9MkP7yHaZcalg8_RnEcfo5K1HM2zdODxJD66w88C7cejI9fxb4HJCF-Cy8eXo7dg8jp6HPeOLGPDQo-O8MBFpjHOzHhO_MZ3pM-0Q_qF-DmY7mg0cUQdHT5xHv6De56RzHlx0egzNMcTHrKWfch63Oi1oEt3PDsFJi8qLUfyIz_-FCzzo6lc4cmUCdZD4ofZo8d3NA4eFdvRB6GF5gxkSUfI-mh69NIVND8-NEpRbXuC_Dv65BDf4nWGHT8LV9UCddkFrxmqMETdLYMP3yjZouUELdWP78OfKYEWHSVz6HrQLxBfYWWPO8c3-MyRH_uSEw8cScnQMTiDP4gOLfYxSdpO_A3xUDmaFdMLbe3h5zju44KmZUf1w6uO8PhxHnN4HqXsFLZ45IKkK0kR_jh144qxLza6kIYfo6tynMSDfzZOBueMpMiTo4s2oxmZhrjx6Ei-nIhMnMa1xCh1w5JCHpOOHMmLH_9x5cNTY0-P6kFzHXmhI0z04kkOVzzOD75FXAjFVIS8I0yO_hlypcOjEfqImMMpCnsa4RuaH7124STyG7pRLWJs6Emg-5gZJUFuHVZz9Dq-HPyH2sfX44cj6UI4FpMoaJmPO8QoasRfXDnetEJJNjnMDCFJ_IqCH9cJZo4OKpqW4TrM4HrQPMh96Dtivug9ocxi4kd_hEklfUh-vB-cj8Ln44edEHlyQ49QHs2n48uH-9DGxsfFb8j1wiPRt3h2YbbQZJJ0VDnOoNk0o_aRz1Ceo3kYTGJL5BUih0tJvDu0X2h-DfmO9whFwYd0KcePlDnxj_CP6mjXFxaTD6HRPhDRLjuY62iOK8oEJnGWHBqP_0XvyvATH7o2w1cQSse1HmxH4TuD5kM4Jtnx4D9RbVqFJzRCk0SPJscbxcPN4NcQ2odoHyFPtD-cpngPK-QRXtCF9kX6RD_-HRd7-D_y4zLEfHiOhzuuoI3BSjROJ7godGXg0OhRlccpoyvjQLry4FoTCmFq9Ee1MfApWD5qSUWoornxoEmbo2tmBT_6KDkcwg8pnLiw78FrxJIqBW92_MGDK8inoM2hS3kifAjFX5jy4EOjj0O4yIZ6XDqy5OilkDhz_KCe4o-G80hGXkiXsEKf48OeVcZfNMuqDV1zBfmgrSwc5_iH4yvC_-hTOM6LMRyJH28q3IcJPlGoIL0OrVxw6riPMD_6EOWvwpWw_whz5ji0hDdCnBl8HXgWHT0Ph8oR_8Yf3JG0DFdR6ogtJSIuFdeio0-DNFlzaIj8o88Es8dnPDPxHeGhvR1ha8cMZdWEH8ifo7uOD82YIzx0NYi0hoE5_PA_PDyeRIePnkGsJccfDk2bC-GDiSRhLigf5GkhH40WhG7QNywqMeOEE_lfNG4iVJJwoxKZ4jdIOcGV4yKPK4eOO7jEQ40seEtW9Kj5JPAfGU0dqJqGcMqJJnrwonmmbaiEKzvC5IFWJR-uHx2aa8edQot3lE-KPVqaQYxIPFewM4efyMH7QeMmNIyYI0ycotuD1xWYBs11xHpCPHMgycm54A-0Lw8aRkXOHA2qkzHOxUeYMOKgNZIQ8hqar2imZ0TFRMO1aMhCNBek6fioFmnxWEeoB0yuEd9jxHrgS0GnBY0fnHbAvAWTnEcuaJGcHIwoHi-PcOuR8hoqSTf4JPo06EfrZIRzPMxynJKI3sK3o-FRicUbQdONZjva-DF8VGiSptC-VMePH_2hJZT04XqGc0EY6sEl_WjydMhfNLlCaA_yB__QPDz60Hh24Wie8EUeCd6ao26OHz5eHrpA50ZjDT1-7dBTXMGNykiPH1eRfhde44foMLiWHc4DPYKzH12z4HgOIRQA1AEmhBgCImEEAg4II5xACjADDFCICSIdYEgJYCxATDEBjAAIICEMkI4ZC4QCwAkGGCJCMOEEAMAIIIASwgFhBICQKKsIIAAYZQQTiADAhLRCKaaIEYAAY4QwQBgKiDFKCcIMEEISZhQwBBghAJIAAOuAQAwBoZARAhAAgHAAOosU0lIQIhQQglrADBAAQUIgkEQBQAUThEiECCNWICQIdEIwhoCwAjiogVAWMAAQBcAoAQgwRIgGpAECKEGAAsYqQYAQhgAHgBGMGACUE4QYBgQhAEBBhFFECUEEQQAJYQgAiBAgkMHIIMKYcUAJYE0iQqBAEEHOCAGUAMgiwRRAQiBLoBGUMmSQEERKBgwCRjBqCCJGKGCUEQAYBAQiwgCFiABIEUMEMAQhpBQABAGgGDDSOqOdAMYAIIAhACiDhBAWMAiAMIAYYAhAACEACDYOQiYEs0hYQ65gBiCAlDEAAlEQFQQg0Y0wDgrmgFPAMEOgIUQAqQBgQkAjHDTCCIUUEEBIgICABDAEBDIEEKcEUkAYQQiTSggKHHLACGCIEQwAaYVDCAEChAGCCUEpYQQIRZBAwgkijBhEKgAAAIRQAYQQQBJBlLICECOAEoYYpJwBAAhigEAAGAoGo0JBR41DQAFoEEMMICYIUBYBJSCQEgkFhALAOEANQYIgKQUwQhkltEHAOEWBdQoAQBhDDBAIgCEEGAEAIAAYAIxhDggHjCBCSGiAUMIARRyABAgjvBCGEGM4AEIBppSAwgiDlJNEIAKEAAICQBAiFAghCBDQBGGMAAAAA4QAABgDEAAKAAQAIQ4YgQQRkirhIRDIQCUAEEAA4ZQAQAgFABBUAMCI0cI6oASABkFghABAIQAMEIJAgBQwwAgLACEKCkQEBhwIYhxAwhgBmBRCGAQAcAY"], "date": ["2006"], "genre": ["Alternative > Indie Rock"], "composersort": ["Kotche, Glenn"], "disctotal": ["1"], "initialkey": ["8A"], "musicbrainz_artistid": ["09d717db-5428-472b-ac6e-3c0600c8c753"], "grouping": ["Alternative"], "artist": ["Loose Fur"], "tracknumber": ["4"], "composer": ["Jim O'Rourke"], "bpm": ["152.000000"], "label": ["Drag City"], "albumartistsort": ["Loose Fur"], "acoustid_id": ["f697d309-3dd0-4cdf-b9b9-5e48979922ed"], "script": ["Latin"], "musicbrainz_releasegroupid": ["f527b67f-702e-3958-90bc-6020e8b7b22a"]}}, "rhythm": {"bpm_histogram_first_peak_bpm": {"dmean2": 0, "median": 152, "min": 152, "dvar2": 0, "dvar": 0, "dmean": 0, "max": 152, "var": 0, "mean": 152}, "bpm": 153.894485474, "bpm_histogram_second_peak_spread": {"dmean2": 0, "median": 0.397379934788, "min": 0.397379934788, "dvar2": 0, "dvar": 0, "dmean": 0, "max": 0.397379934788, "var": 0, "mean": 0.397379934788}, "bpm_histogram_first_peak_weight": {"dmean2": 0, "median": 0.34338748455, "min": 0.34338748455, "dvar2": 0, "dvar": 0, "dmean": 0, "max": 0.34338748455, "var": 0, "mean": 0.34338748455}, "onset_rate": 4.89188814163, "beats_position": [0.394739210606, 0.789478421211, 1.18421769142, 1.57895684242, 1.9620860815, 2.35682535172, 2.73995471001, 3.13469386101, 3.52943301201, 3.92417216301, 4.3073015213, 4.69043064117, 5.07355976105, 5.45668935776, 5.83981847763, 6.2229475975, 6.59446716309, 6.97759628296, 7.36072540283, 7.73224496841, 8.11537361145, 8.498503685, 8.88163280487, 9.26476192474, 9.64789104462, 10.0310201645, 10.4141492844, 10.7972784042, 11.1687984467, 11.5519275665, 11.9350566864, 12.3181858063, 12.7013149261, 13.084444046, 13.4675731659, 13.8507022858, 14.2338323593, 14.6285715103, 15.0233106613, 15.4180498123, 15.8127889633, 16.2075271606, 16.602268219, 16.99700737, 17.391746521, 17.7980957031, 18.2044448853, 18.5991840363, 18.9939231873, 19.3886623383, 19.7717914581, 20.154920578, 20.5380496979, 20.9211788177, 21.2926979065, 21.6642169952, 22.035736084, 22.4072551727, 22.7787742615, 23.1619052887, 23.5450344086, 23.9165534973, 24.2880725861, 24.6595916748, 25.0311107635, 25.4142398834, 25.7857589722, 26.168888092, 26.5404071808, 26.9119262695, 27.2834453583, 27.6665763855, 28.0497055054, 28.4444446564, 28.8391838074, 29.2339229584, 29.6286621094, 30.0234012604, 30.4181404114, 30.8128795624, 31.2308387756, 31.6255779266, 32.0203170776, 32.4150543213, 32.8097953796, 33.204536438, 33.5992736816, 33.99401474, 34.3887519836, 34.783493042, 35.1782302856, 35.572971344, 35.9677085876, 36.362449646, 36.7571868896, 37.151927948, 37.5350570679, 37.9181861877, 38.3129234314, 38.7076644897, 39.1024017334, 39.4855308533, 39.8686599731, 40.2401809692, 40.6233100891, 41.006439209, 41.3779602051, 41.7494773865, 42.1209983826, 42.492515564, 42.8756446838, 43.2587738037, 43.6302947998, 44.0018119812, 44.3733329773, 44.7448501587, 45.1279792786, 45.5111083984, 45.8826293945, 46.2657585144, 46.6488876343, 47.0204086304, 47.4035377502, 47.7866668701, 48.1581840515, 48.5529251099, 48.9476623535, 49.3424034119, 49.7371406555, 50.1434898376, 50.5498390198, 50.9445800781, 51.3393173218, 51.7340583801, 52.1404075623, 52.5467567444, 52.941493988, 53.3362350464, 53.73097229, 54.1257133484, 54.5204544067, 54.9151916504, 55.3099327087, 55.7046699524, 56.0994110107, 56.4941482544, 56.8888893127, 57.2604064941, 57.6319274902, 58.0150566101, 58.3865737915, 58.7697029114, 59.1528320312, 59.5359611511, 59.9074821472, 60.2906112671, 60.6621322632, 61.0452613831, 61.4167785645, 61.7882995605, 62.1598167419, 62.531337738, 62.9028549194, 63.2743759155, 63.6458930969, 64.0174102783, 64.4005432129, 64.7836685181, 65.1551895142, 65.5383224487, 65.9214477539, 66.316192627, 66.7109298706, 67.1056671143, 67.5004043579, 67.895149231, 68.2898864746, 68.6962356567, 69.1025848389, 69.508934021, 69.9152832031, 70.3100204468, 70.7047576904, 71.0995025635, 71.4826278687, 71.8657608032, 72.2604980469, 72.6552352905, 73.0499725342, 73.4447174072, 73.8278427124, 74.210975647, 74.5941009521, 74.9772338867, 75.3487548828, 75.7202682495, 76.0917892456, 76.4633102417, 76.8464355469, 77.2295684814, 77.6010894775, 77.9726028442, 78.3441238403, 78.7156448364, 79.098777771, 79.4819030762, 79.8534240723, 80.2249450684, 80.5964584351, 80.9679794312, 81.3395004272, 81.7110214233, 82.08253479, 82.4772796631, 82.8720169067, 83.2667541504, 83.661491394, 84.0562362671, 84.4509735107, 84.8457107544, 85.2404556274, 85.6351928711, 86.0299301147, 86.4246673584, 86.8310165405, 87.2257614136, 87.6321105957, 88.0268478394, 88.421585083, 88.8163223267, 89.2110671997, 89.6058044434, 90.000541687, 90.3952789307, 90.7900238037, 91.1615371704, 91.5330581665, 91.9161911011, 92.2993164062, 92.6708374023, 93.0423583984, 93.4138793945, 93.7853927612, 94.1569137573, 94.5284347534, 94.9231719971, 95.3063049316, 95.6894302368, 96.0609512329, 96.432472229, 96.8039855957, 97.1871185303, 97.5702438354, 97.9417648315, 98.3248977661, 98.7080230713, 99.0911560059, 99.474281311, 99.8574142456, 100.240539551, 100.623672485, 101.006797791, 101.401542664, 101.796279907, 102.191017151, 102.585754395, 102.980499268, 103.375236511, 103.769973755, 104.153106689, 104.536231995, 104.930976868, 105.325714111, 105.708839417, 106.091972351, 106.486709595, 106.881446838, 107.276191711, 107.682540894, 108.065666199, 108.460403442, 108.855148315, 109.249885559, 109.633010864, 110.016143799, 110.410881042, 110.805618286, 111.188751221, 111.571876526, 111.966621399, 112.361358643, 112.744483948, 113.127616882, 113.522354126, 113.917098999, 114.300224304, 114.683357239, 115.078094482, 115.472831726, 115.855964661, 116.262313843, 116.657051086, 117.05178833, 117.446525574, 117.829658508, 118.212783813, 118.607528687, 119.00226593, 119.385391235, 119.76852417, 120.151649475, 120.53478241, 120.917915344, 121.301040649, 121.695777893, 122.078910828, 122.462036133, 122.845169067, 123.228294373, 123.623039246, 124.006164551, 124.389297485, 124.772422791, 125.155555725, 125.550292969, 125.933418274, 126.316551208, 126.711288452, 127.094421387, 127.477546692, 127.860679626, 128.25541687, 128.638549805, 129.033279419, 129.416412354, 129.811157227, 130.194290161, 130.589019775, 130.983764648, 131.378494263, 131.773239136, 132.15637207, 132.539505005, 132.922622681, 133.305755615, 133.677276611, 134.048797607, 134.420318604, 134.7918396, 135.163360596, 135.534866333, 135.906387329, 136.266296387, 136.626205444, 136.99772644, 137.369247437, 137.740768433, 138.123901367, 138.507034302, 138.878540039, 139.261672974, 139.644805908, 140.016326904, 140.3878479, 140.759368896, 141.119277954, 141.479187012, 141.827484131, 142.187393188, 142.547302246, 142.918823242, 143.290344238, 143.661849976, 144.033370972, 144.404891968, 144.776412964, 145.14793396, 145.519454956, 145.890975952, 146.262496948, 146.634017944, 147.005523682, 147.377044678, 147.748565674, 148.12008667, 148.491607666, 148.863128662, 149.234649658, 149.594558716, 149.954467773, 150.32598877, 150.674285889, 151.022583008, 151.370880127, 151.893325806, 152.427383423, 152.973052979, 153.518722534, 154.06439209, 154.610061646, 155.155731201, 155.713012695, 156.270294189, 156.839187622, 157.408065796, 157.837631226, 158.267211914, 158.696777344, 159.114730835, 159.521087646, 159.915817261, 160.310562134, 160.705307007, 161.100036621, 161.494781494, 161.889526367, 162.272644043, 162.667388916, 163.050521851, 163.445251465, 163.828384399, 164.211517334, 164.606262207, 164.989379883, 165.372512817, 165.76725769, 166.161987305, 166.556732178, 166.951477051, 167.334594727, 167.717727661, 168.112472534], "beats_loudness": {"dmean2": 0.0468800738454, "median": 0.0497358031571, "min": 8.28075812365e-08, "dvar2": 0.00165301281959, "dvar": 0.000567101640627, "dmean": 0.0280500389636, "max": 0.166227146983, "var": 0.000820457295049, "mean": 0.0520245470107}, "danceability": 1.25022351742, "bpm_histogram_second_peak_weight": {"dmean2": 0, "median": 0.320185601711, "min": 0.320185601711, "dvar2": 0, "dvar": 0, "dmean": 0, "max": 0.320185601711, "var": 0, "mean": 0.320185601711}, "beats_count": 432, "bpm_histogram_second_peak_bpm": {"dmean2": 0, "median": 157, "min": 157, "dvar2": 0, "dvar": 0, "dmean": 0, "max": 157, "var": 0, "mean": 157}, "bpm_histogram_first_peak_spread": {"dmean2": 0, "median": 0.092024564743, "min": 0.092024564743, "dvar2": 0, "dvar": 0, "dmean": 0, "max": 0.092024564743, "var": 0, "mean": 0.092024564743}, "beats_loudness_band_ratio": {"dmean2": [0.362260997295, 0.266136884689, 0.162453442812, 0.0727656781673, 0.103017650545, 0.028517127037], "median": [0.655602097511, 0.187217861414, 0.0646821558475, 0.0300127789378, 0.0633616149426, 0.0155862988904], "min": [0.00746588874608, 0.00212045991793, 0.000525422743522, 0.000424264959292, 0.000513075094204, 0.000631392467767], "dvar2": [0.0756762549281, 0.0483195111156, 0.0235562808812, 0.0129065392539, 0.0202594809234, 0.00101352157071], "dvar": [0.027387464419, 0.0160514675081, 0.00840743537992, 0.00457847304642, 0.00744110485539, 0.000393032445572], "dmean": [0.209321916103, 0.147508755326, 0.0897902175784, 0.0397153943777, 0.0587571486831, 0.016043337062], "max": [0.99215143919, 0.83770352602, 0.700134396553, 0.522995114326, 0.729631483555, 0.189939141273], "var": [0.0513468310237, 0.0197629090399, 0.00936149526387, 0.00334414187819, 0.00776392035186, 0.000436905393144], "mean": [0.614613950253, 0.20409744978, 0.0974925234914, 0.0435820035636, 0.0817380994558, 0.0209850519896]}}, "lowlevel": {"barkbands_spread": {"dmean2": 8.31237602234, "median": 15.564286232, "min": 0.150700420141, "dvar2": 96.3203430176, "dvar": 43.0860786438, "dmean": 5.32626581192, "max": 158.576568604, "var": 140.068283081, "mean": 17.716917038}, "melbands_spread": {"dmean2": 9.5850944519, "median": 12.4973812103, "min": 0.304632812738, "dvar2": 178.399642944, "dvar": 83.924118042, "dmean": 6.20253705978, "max": 265.82321167, "var": 305.338409424, "mean": 17.2390975952}, "hfc": {"dmean2": 8.10143375397, "median": 12.2377147675, "min": 1.06122349212e-16, "dvar2": 182.425888062, "dvar": 76.6533813477, "dmean": 5.59753036499, "max": 204.523086548, "var": 132.142318726, "mean": 14.80027771}, "barkbands_kurtosis": {"dmean2": 10.133515358, "median": 4.18322229385, "min": -1.92163896561, "dvar2": 1407.6697998, "dvar": 883.752319336, "dmean": 6.52076196671, "max": 2213.19287109, "var": 2920.17431641, "mean": 11.4051971436}, "gfcc": {"mean": [-18.8318748474, 117.468399048, -111.03502655, 41.9534225464, -37.4724502563, 1.221976161, -35.9054031372, 5.62808895111, -19.6575431824, -4.44041347504, -16.4150619507, 0.850037753582, -9.62253856659], "icov": [[0.00022442160116, -0.000383788225008, 0.000286365597276, -0.000458845723188, 0.000280060688965, -0.000355297612259, 0.000568838382605, -0.000574822654016, 0.000832837133203, -0.000787204247899, 0.000909214373678, -0.000291844946332, 0.000366248510545], [-0.000383788225008, 0.00251446361654, -0.000180963790626, 0.000365434214473, -0.000662481877953, 0.0017940386897, -0.0025510371197, 0.0022332414519, -0.00122162525076, 0.00206828699447, -0.00300436606631, 0.0022381215822, -0.00177119893488], [0.000286365597276, -0.000180963790626, 0.00190922955517, -0.000664381426759, 0.000246892042924, -0.00194844242651, 0.000194384585484, 0.000577154860366, 0.00130166031886, -0.00182991474867, 0.00167019141372, -0.000421812525019, 0.000626690802164], [-0.000458845723188, 0.000365434214473, -0.000664381426759, 0.00574444560334, -0.00228242599405, -0.000974055263214, -0.000239863773459, 0.00308111263439, -0.00545931886882, 0.00366109167226, -0.000455774483271, -0.00161566527095, 0.000293982331641], [0.000280060688965, -0.000662481877953, 0.000246892042924, -0.00228242599405, 0.00578959006816, 0.00093869731063, -0.00157044013031, -0.00212618405931, 0.000540085369721, -0.00102800293826, -0.000263126683421, -0.000240021603531, 1.52467600856e-05], [-0.000355297612259, 0.0017940386897, -0.00194844242651, -0.000974055263214, 0.00093869731063, 0.0106255896389, -0.00444537168369, -0.00147979077883, -0.000795422063675, 0.000625228625722, -0.00250023347326, 0.00205122935586, -0.0010843698401], [0.000568838382605, -0.0025510371197, 0.000194384585484, -0.000239863773459, -0.00157044013031, -0.00444537168369, 0.0131989121437, -0.00297100702301, -0.00171302212402, -0.000596922531258, 0.00281944358721, -0.000839066517074, -0.00104389782064], [-0.000574822654016, 0.0022332414519, 0.000577154860366, 0.00308111263439, -0.00212618405931, -0.00147979077883, -0.00297100702301, 0.0161491353065, -0.00611621700227, 0.00091825571144, 0.00062240374973, -0.00187484628987, 1.42465669342e-05], [0.000832837133203, -0.00122162525076, 0.00130166031886, -0.00545931886882, 0.000540085369721, -0.000795422063675, -0.00171302212402, -0.00611621700227, 0.0203362330794, -0.00465804710984, -0.000444449542556, 0.00119057914708, -0.000285828486085], [-0.000787204247899, 0.00206828699447, -0.00182991474867, 0.00366109167226, -0.00102800293826, 0.000625228625722, -0.000596922531258, 0.00091825571144, -0.00465804710984, 0.0183808580041, -0.0084608765319, 0.00144956423901, -0.00137902249116], [0.000909214373678, -0.00300436606631, 0.00167019141372, -0.000455774483271, -0.000263126683421, -0.00250023347326, 0.00281944358721, 0.00062240374973, -0.000444449542556, -0.0084608765319, 0.0250688940287, -0.00912951026112, 0.00132315419614], [-0.000291844946332, 0.0022381215822, -0.000421812525019, -0.00161566527095, -0.000240021603531, 0.00205122935586, -0.000839066517074, -0.00187484628987, 0.00119057914708, 0.00144956423901, -0.00912951026112, 0.022192966193, -0.00575999682769], [0.000366248510545, -0.00177119893488, 0.000626690802164, 0.000293982331641, 1.52467600856e-05, -0.0010843698401, -0.00104389782064, 1.42465669342e-05, -0.000285828486085, -0.00137902249116, 0.00132315419614, -0.00575999682769, 0.0223445277661]], "cov": [[11174.8349609, 561.444519043, -1152.83703613, 112.461936951, -427.665557861, -147.639526367, -444.293365479, 66.6833190918, -325.326202393, 47.7679634094, -226.929718018, -39.1656227112, -133.352279663], [561.444519043, 1013.80926514, -262.960754395, 131.331314087, 158.868255615, -124.990600586, 129.542419434, -84.7336349487, 53.8073158264, -73.5347442627, 56.7248573303, -38.567653656, 59.5878295898], [-1152.83703613, -262.960754395, 965.67779541, 39.0959625244, -19.8591766357, 195.114379883, 47.8447875977, -26.5346279144, -4.36116886139, 51.9235610962, -21.2017936707, -1.58732891083, -13.8170928955], [112.461936951, 131.331314087, 39.0959625244, 374.125579834, 145.944046021, 44.5287246704, 66.2136001587, -13.07289505, 89.4100723267, -45.8955993652, 7.14672470093, 18.9372158051, 10.4809265137], [-427.665557861, 158.868255615, -19.8591766357, 145.944046021, 295.97265625, -1.44906353951, 96.1354141235, 20.0449085236, 70.1679992676, -16.4789791107, 29.2685852051, 12.8196554184, 23.8980770111], [-147.639526367, -124.990600586, 195.114379883, 44.5287246704, -1.44906353951, 174.255813599, 49.6012153625, 28.9246940613, 21.0889415741, 15.5321025848, -4.50870990753, 1.58021593094, -0.886859178543], [-444.293365479, 129.542419434, 47.8447875977, 66.2136001587, 96.1354141235, 49.6012153625, 159.287902832, 20.4240131378, 57.5449333191, -11.7710485458, 13.1089172363, 0.447931587696, 24.4568920135], [66.6833190918, -84.7336349487, -26.5346279144, -13.07289505, 20.0449085236, 28.9246940613, 20.4240131378, 98.4068984985, 24.1686496735, 11.3907737732, -4.55087947845, 10.5219392776, -0.617978453636], [-325.326202393, 53.8073158264, -4.36116886139, 89.4100723267, 70.1679992676, 21.0889415741, 57.5449333191, 24.1686496735, 101.573280334, 0.905586183071, 19.4319324493, 5.84262657166, 13.9027481079], [47.7679634094, -73.5347442627, 51.9235610962, -45.8955993652, -16.4789791107, 15.5321025848, -11.7710485458, 11.3907737732, 0.905586183071, 84.8081283569, 18.5754108429, 6.25780725479, -1.4977003336], [-226.929718018, 56.7248573303, -21.2017936707, 7.14672470093, 29.2685852051, -4.50870990753, 13.1089172363, -4.55087947845, 19.4319324493, 18.5754108429, 68.7231063843, 21.3672904968, 11.9267616272], [-39.1656227112, -38.567653656, -1.58732891083, 18.9372158051, 12.8196554184, 1.58021593094, 0.447931587696, 10.5219392776, 5.84262657166, 6.25780725479, 21.3672904968, 62.0311203003, 12.6484298706], [-133.352279663, 59.5878295898, -13.8170928955, 10.4809265137, 23.8980770111, -0.886859178543, 24.4568920135, -0.617978453636, 13.9027481079, -1.4977003336, 11.9267616272, 12.6484298706, 55.6357917786]]}, "spectral_energyband_middle_low": {"dmean2": 0.0158299226314, "median": 0.0110235558823, "min": 2.13871475272e-22, "dvar2": 0.000686968502123, "dvar": 0.000276892795227, "dmean": 0.00962396431714, "max": 0.161607638001, "var": 0.000297884951578, "mean": 0.0152630573139}, "melbands_crest": {"dmean2": 5.9471616745, "median": 15.0772895813, "min": 1.71861982346, "dvar2": 24.0128211975, "dvar": 9.27660274506, "dmean": 3.57911324501, "max": 39.8075447083, "var": 25.8989601135, "mean": 15.4947156906}, "spectral_kurtosis": {"dmean2": 3.56517004967, "median": 5.1719212532, "min": -1.26518380642, "dvar2": 12.808962822, "dvar": 4.6095905304, "dmean": 2.08686923981, "max": 30.6349487305, "var": 7.61021518707, "mean": 5.61490106583}, "spectral_rms": {"dmean2": 0.00197385973297, "median": 0.00532561261207, "min": 3.14040286831e-12, "dvar2": 5.22798973179e-06, "dvar": 2.35601896748e-06, "dmean": 0.00131953076925, "max": 0.0165323410183, "var": 5.69165467823e-06, "mean": 0.00543223461136}, "zerocrossingrate": {"dmean2": 0.00980395078659, "median": 0.037109375, "min": 0.001953125, "dvar2": 0.000168338927324, "dvar": 0.000124024852994, "dmean": 0.00818904768676, "max": 0.89599609375, "var": 0.00206400756724, "mean": 0.0436313301325}, "silence_rate_60dB": {"dmean2": 0.0468190573156, "median": 0, "min": 0, "dvar2": 0.0501388944685, "dvar": 0.0228595100343, "dmean": 0.0234063062817, "max": 1, "var": 0.0452405139804, "mean": 0.0474944934249}, "erbbands_kurtosis": {"dmean2": 1.45429968834, "median": -0.549028754234, "min": -1.92972481251, "dvar2": 6.33288240433, "dvar": 2.78525066376, "dmean": 0.929685950279, "max": 30.6354789734, "var": 5.30781650543, "mean": 0.0892583727837}, "erbbands": {"dmean2": [0.239806741476, 2.47914028168, 9.72606945038, 13.9011564255, 34.7994232178, 17.2523517609, 13.8945207596, 25.3222465515, 26.7615890503, 16.5910053253, 10.7407054901, 20.1285839081, 20.2410144806, 10.4616250992, 10.0686426163, 11.1638326645, 10.8244438171, 11.6366662979, 17.2421073914, 13.7896137238, 21.5854225159, 21.8017749786, 25.8625526428, 14.4107637405, 5.53338861465, 4.01376485825, 3.43978714943, 1.91451728344, 1.68937671185, 1.65398323536, 1.12678539753, 0.827039718628, 0.682694673538, 0.399292171001, 0.179047644138, 0.0807420164347, 0.0248589776456, 0.00529806409031, 0.000952394329943, 7.59234608267e-05], "median": [0.0767183601856, 1.13729941845, 4.49394416809, 5.63631248474, 9.29425811768, 10.6978416443, 8.88315200806, 13.5202178955, 9.55710506439, 5.13829803467, 5.9177312851, 8.33769798279, 10.0378580093, 4.87387084961, 5.60740947723, 7.83819007874, 6.41476631165, 7.28043174744, 12.3000822067, 10.3357963562, 14.412355423, 18.0228290558, 17.5348320007, 10.2000465393, 4.23020648956, 2.76582813263, 2.54334640503, 1.2276301384, 0.835206985474, 0.55757600069, 0.283546417952, 0.137015596032, 0.0825101286173, 0.0505381897092, 0.0244568660855, 0.0103430720046, 0.00252872845158, 0.000353139737854, 5.73299621465e-05, 3.91314097214e-05], "min": [1.3302748247e-22, 7.23335013477e-22, 3.04515637298e-21, 7.71758946056e-21, 1.92805671055e-20, 3.06526283954e-20, 6.97021222852e-20, 1.66309573539e-19, 1.7251974831e-19, 3.03281144551e-19, 3.11347887433e-19, 4.60963870536e-19, 5.37756785364e-19, 9.38796228508e-19, 1.31497563722e-18, 1.30452627813e-18, 1.87446633469e-18, 2.40582710106e-18, 2.67719631551e-18, 2.99350770021e-18, 4.89693859123e-18, 5.54051612706e-18, 5.53523540603e-18, 7.23669960394e-18, 8.00186814033e-18, 1.08242770464e-17, 1.26888802862e-17, 9.96783491963e-18, 1.22623487393e-17, 1.13767178903e-17, 1.16027094239e-17, 1.07848676804e-17, 1.19853342239e-17, 8.98703363244e-18, 6.60778798036e-18, 4.32199760748e-18, 2.61151341859e-18, 1.03575379042e-18, 2.85399903701e-19, 2.64291201203e-20], "dvar2": [0.187913894653, 16.3957633972, 355.670654297, 486.691894531, 3857.15209961, 572.404724121, 530.16003418, 2104.44506836, 4114.1875, 1564.78161621, 399.319915771, 3984.13793945, 1461.15917969, 1170.91870117, 458.921386719, 434.531707764, 1049.08752441, 436.396270752, 664.056884766, 544.497924805, 1153.10705566, 1105.85546875, 1950.51831055, 587.321350098, 105.070739746, 92.8477020264, 43.7264251709, 16.3831596375, 20.3613452911, 33.1211891174, 18.034740448, 14.8060970306, 26.0517158508, 9.01819419861, 1.23279929161, 0.304853469133, 0.0235597323626, 0.000673865433782, 2.33850460063e-05, 5.82093733215e-08], "dvar": [0.0794894620776, 6.32667398453, 136.148773193, 198.264938354, 1513.63928223, 217.235336304, 210.01399231, 788.591918945, 1561.21057129, 650.046325684, 184.998275757, 1568.6451416, 564.456848145, 509.667694092, 179.295089722, 175.709381104, 444.21105957, 195.817184448, 286.39642334, 214.582733154, 484.539794922, 478.592376709, 878.519165039, 275.676940918, 43.1261978149, 34.611618042, 17.3031959534, 7.34147930145, 8.44782924652, 12.1753702164, 6.61245775223, 5.56588983536, 9.45457839966, 3.179022789, 0.434756189585, 0.106944724917, 0.00847914721817, 0.000262249843217, 8.65968650032e-06, 2.19795612821e-08], "dmean": [0.162825927138, 1.49532938004, 5.75490093231, 8.46299934387, 20.2895717621, 10.3542718887, 8.56047439575, 14.9639968872, 15.9070663452, 10.0992689133, 6.74288654327, 12.5783319473, 12.3195781708, 6.53192090988, 6.28113651276, 6.91313743591, 6.93555307388, 7.51919555664, 10.9233064651, 8.62163925171, 13.8143405914, 14.4565210342, 16.941072464, 9.50784111023, 3.54798698425, 2.51901483536, 2.24478530884, 1.29627835751, 1.10762560368, 1.04636526108, 0.70010471344, 0.522331058979, 0.419303268194, 0.242929428816, 0.110361136496, 0.050668913871, 0.0160178858787, 0.00343943596818, 0.000576833554078, 4.82320137962e-05], "max": [3.14817619324, 27.5040817261, 203.976852417, 208.683166504, 378.22567749, 197.940872192, 330.139160156, 355.726287842, 720.13458252, 621.188659668, 417.714691162, 1432.9354248, 522.181152344, 1317.26794434, 242.695327759, 434.494781494, 773.889282227, 386.885681152, 326.652435303, 256.190856934, 366.588409424, 431.457458496, 624.063415527, 346.545257568, 166.674285889, 187.32409668, 111.412902832, 125.451339722, 126.70703125, 148.056228638, 91.2428970337, 68.0592498779, 100.026031494, 52.3851356506, 23.5317630768, 12.9254312515, 3.98204731941, 0.408506035805, 0.0952747911215, 0.00524433050305], "var": [0.115998908877, 9.85045337677, 159.962036133, 243.82182312, 1393.7800293, 335.331939697, 395.390594482, 918.793823242, 1424.09509277, 834.187133789, 329.238311768, 2221.54101562, 979.92199707, 1609.03845215, 252.400283813, 273.912689209, 970.476928711, 422.61807251, 554.775817871, 309.065429688, 1112.20251465, 1753.47888184, 2975.12280273, 593.736022949, 66.8661575317, 37.3320503235, 24.0714607239, 11.6763954163, 11.4855012894, 9.79295158386, 4.98729085922, 4.47378778458, 6.51132249832, 2.00064849854, 0.283571392298, 0.0711345523596, 0.00653635477647, 0.000254075479461, 6.85065197104e-06, 1.96337204272e-08], "mean": [0.221227735281, 2.25097370148, 8.25434112549, 11.0564870834, 21.8316936493, 16.2371006012, 15.1916227341, 22.2070007324, 19.6079826355, 13.1286401749, 10.7993049622, 19.5272483826, 20.3134021759, 10.7265262604, 10.5121793747, 12.2116394043, 12.1733236313, 13.322684288, 19.4484901428, 15.3329153061, 25.7416477203, 33.7735862732, 36.6643257141, 17.9559574127, 6.6902141571, 4.43586587906, 3.99450039864, 2.19941282272, 1.74150645733, 1.32515096664, 0.7995916605, 0.587494909763, 0.423143357038, 0.249581173062, 0.125106155872, 0.0611837655306, 0.0201455838978, 0.00396487955004, 0.000569599913433, 7.12403052603e-05]}, "spectral_strongpeak": {"dmean2": 0.570101499557, "median": 0.419125765562, "min": 0, "dvar2": 1.08533072472, "dvar": 0.427768200636, "dmean": 0.333574652672, "max": 10.6020183563, "var": 0.555789232254, "mean": 0.592009067535}, "spectral_energy": {"dmean2": 0.0276640988886, "median": 0.029071200639, "min": 1.01086842681e-20, "dvar2": 0.00146933377255, "dvar": 0.000614073534962, "dmean": 0.0175944063812, "max": 0.280151247978, "var": 0.000921724771615, "mean": 0.0360807292163}, "average_loudness": 0.904530525208, "spectral_rolloff": {"dmean2": 683.553100586, "median": 516.796875, "min": 64.599609375, "dvar2": 1267932.875, "dvar": 568685.4375, "dmean": 405.180145264, "max": 21727.0019531, "var": 2753617.25, "mean": 1044.81604004}, "spectral_centroid": {"dmean2": 419.221740723, "median": 1026.66040039, "min": 142.020431519, "dvar2": 222394.0625, "dvar": 100591.382812, "dmean": 267.183746338, "max": 11826.5585938, "var": 713226.5, "mean": 1154.56115723}, "pitch_salience": {"dmean2": 0.140636697412, "median": 0.580688297749, "min": 0.103860452771, "dvar2": 0.01510405913, "dvar": 0.00560709740967, "dmean": 0.0842935144901, "max": 0.910557031631, "var": 0.0144078806043, "mean": 0.566263139248}, "spectral_energyband_middle_high": {"dmean2": 0.00170209305361, "median": 0.00297152530402, "min": 1.25596390024e-21, "dvar2": 7.57519819672e-06, "dvar": 3.37905476044e-06, "dmean": 0.00120072357822, "max": 0.0464535467327, "var": 1.07046143967e-05, "mean": 0.00366238551214}, "spectral_contrast_coeffs": {"dmean2": [0.0981607288122, 0.081011839211, 0.060914684087, 0.046323671937, 0.0363983511925, 0.0332756973803], "median": [-0.626659572124, -0.735579371452, -0.785436630249, -0.801440417767, -0.782551288605, -0.755100846291], "min": [-0.977879106998, -0.994100987911, -0.986743807793, -0.985314846039, -0.962859153748, -0.963721811771], "dvar2": [0.00687654828653, 0.00415670732036, 0.00248398119584, 0.00132789020427, 0.00091215071734, 0.000912030227482], "dvar": [0.00283357687294, 0.00155438354705, 0.000924668856896, 0.000517102598678, 0.000370003544958, 0.000412871420849], "dmean": [0.0608128793538, 0.0491737984121, 0.0370841138065, 0.0283666923642, 0.0227930620313, 0.0214780904353], "max": [-0.29521843791, -0.437894940376, -0.494190454483, -0.572022557259, -0.585702300072, -0.622019886971], "var": [0.00864344276488, 0.00485083740205, 0.00358537188731, 0.00197674939409, 0.00203400733881, 0.00197747140191], "mean": [-0.62426006794, -0.733956754208, -0.780427753925, -0.800264179707, -0.785581767559, -0.754942774773]}, "melbands_skewness": {"dmean2": 1.48031651974, "median": 3.39273381233, "min": -1.64222896099, "dvar2": 4.02419137955, "dvar": 1.67054402828, "dmean": 0.946761906147, "max": 55.8650474548, "var": 4.96806097031, "mean": 3.67447924614}, "spectral_spread": {"dmean2": 815018.8125, "median": 3463250, "min": 1927417.5, "dvar2": 1421473742850.0, "dvar": 653994688512, "dmean": 546079.4375, "max": 42205364, "var": 7551893635070.0, "mean": 3900686}, "dissonance": {"dmean2": 0.0240077674389, "median": 0.475683808327, "min": 0.185831263661, "dvar2": 0.000626813329291, "dvar": 0.000242739450186, "dmean": 0.0144413178787, "max": 0.500000119209, "var": 0.000603691441938, "mean": 0.470093011856}, "spectral_skewness": {"dmean2": 0.426656037569, "median": 1.5688521862, "min": -0.0840264335275, "dvar2": 0.164613813162, "dvar": 0.0646666660905, "dmean": 0.25938847661, "max": 4.33365631104, "var": 0.192284375429, "mean": 1.59841406345}, "spectral_flux": {"dmean2": 0.060866676271, "median": 0.0799358338118, "min": 6.56453572057e-11, "dvar2": 0.00418931385502, "dvar": 0.00202535907738, "dmean": 0.0391184724867, "max": 0.469204485416, "var": 0.00373371643946, "mean": 0.0974467545748}, "spectral_contrast_valleys": {"dmean2": [0.69954764843, 0.668729364872, 0.59778958559, 0.499353647232, 0.439787834883, 0.592830359936], "median": [-6.78798723221, -6.61605119705, -7.32592725754, -7.4639339447, -7.38158035278, -10.7660274506], "min": [-27.8899002075, -27.5838184357, -27.5589160919, -27.5555534363, -27.5562725067, -27.3816299438], "dvar2": [0.356680065393, 0.373706936836, 0.321125298738, 0.261387109756, 0.258008986712, 0.455459237099], "dvar": [0.178242504597, 0.188249319792, 0.176030278206, 0.15459318459, 0.15094679594, 0.220348760486], "dmean": [0.455350279808, 0.436067938805, 0.399086177349, 0.350369483232, 0.319671720266, 0.453993320465], "max": [-4.84428834915, -4.68974590302, -5.20737123489, -5.49879837036, -5.54417848587, -7.46605587006], "var": [2.38620901108, 2.29391503334, 2.15373468399, 2.16693997383, 2.17177915573, 1.79124128819], "mean": [-6.96772193909, -6.8156709671, -7.5104265213, -7.70411252975, -7.60482406616, -10.7990465164]}, "erbbands_flatness_db": {"dmean2": 0.0254419408739, "median": 0.156816884875, "min": 0.0335504412651, "dvar2": 0.00058169499971, "dvar": 0.000280383130303, "dmean": 0.0180216860026, "max": 0.321210473776, "var": 0.00116888363846, "mean": 0.156248807907}, "spectral_energyband_high": {"dmean2": 0.000244313065195, "median": 0.000134096015245, "min": 7.36497868286e-21, "dvar2": 6.64913159198e-07, "dvar": 2.52258502087e-07, "dmean": 0