{"tonal": {"thpcp": [1, 0.683807611465, 0.494237542152, 0.450690001249, 0.355644822121, 0.423983126879, 0.471691787243, 0.419131606817, 0.435089915991, 0.43977740407, 0.362314879894, 0.338066667318, 0.313959926367, 0.305531412363, 0.494418174028, 0.54365837574, 0.336929053068, 0.232670500875, 0.236378654838, 0.308143675327, 0.462518125772, 0.457459151745, 0.302649140358, 0.363366574049, 0.436975479126, 0.521251678467, 0.653994858265, 0.45561671257, 0.271241933107, 0.419388175011, 0.508793652058, 0.36259034276, 0.265535444021, 0.269542634487, 0.354934364557, 0.76262819767], "hpcp": {"dmean2": [0.279769837856, 0.268037647009, 0.235830128193, 0.284438431263, 0.301621556282, 0.29100266099, 0.289981007576, 0.275114566088, 0.249094814062, 0.237410396338, 0.213443502784, 0.187473461032, 0.201860934496, 0.207505360246, 0.180926188827, 0.160998165607, 0.172907248139, 0.214462339878, 0.240363508463, 0.224639773369, 0.180899992585, 0.172403365374, 0.155673697591, 0.234663382173, 0.322175472975, 0.231969088316, 0.178025379777, 0.18433766067, 0.192356199026, 0.197432070971, 0.172482207417, 0.171661496162, 0.223918989301, 0.292564034462, 0.325704455376, 0.307560920715], "median": [0.011222941801, 0.00864622648805, 0.0117558734491, 0.0174663327634, 0.0199761986732, 0.0174737498164, 0.018204299733, 0.0192050840706, 0.0152986329049, 0.0112736076117, 0.0098359901458, 0.0110503686592, 0.0181993376464, 0.0217227507383, 0.0154087711126, 0.00747725740075, 0.00602499721572, 0.00916377827525, 0.024711150676, 0.0268674716353, 0.0182209350169, 0.0124552827328, 0.0100571364164, 0.0167587660253, 0.0132067613304, 0.0125122284517, 0.00741478335112, 0.0121070109308, 0.0131520815194, 0.010164950043, 0.00806789845228, 0.00794592965394, 0.0134195871651, 0.0393089279532, 0.046708445996, 0.0341429933906], "min": [0, 0, 0, 0, 0, 0, 0, 0, 0, 0, 0, 0, 0, 0, 0, 0, 0, 0, 0, 0, 0, 0, 0, 0, 0, 0, 0, 0, 0, 0, 0, 0, 0, 0, 0, 0], "dvar2": [0.181493967772, 0.181906536222, 0.142902195454, 0.186004474759, 0.192775517702, 0.18441568315, 0.204214140773, 0.182719260454, 0.171240106225, 0.177162155509, 0.153319835663, 0.116785421968, 0.118820391595, 0.117233581841, 0.106020726264, 0.100016921759, 0.113450095057, 0.137097388506, 0.143862619996, 0.125408962369, 0.0972246602178, 0.104680262506, 0.0903682932258, 0.105616644025, 0.191458821297, 0.111679680645, 0.120491571724, 0.103206537664, 0.11340354383, 0.125016316772, 0.109762810171, 0.109623223543, 0.128022879362, 0.147045969963, 0.176137879491, 0.161345630884], "dvar": [0.0692621544003, 0.0698055103421, 0.0528275817633, 0.0686492696404, 0.072418898344, 0.0677807554603, 0.0739901661873, 0.0658158585429, 0.0594453960657, 0.0604370236397, 0.0527297519147, 0.0411040596664, 0.0474799014628, 0.0481439866126, 0.037097916007, 0.0345189757645, 0.0387677513063, 0.046405095607, 0.0512119010091, 0.046379365027, 0.0345236063004, 0.038811840117, 0.038010481745, 0.0410254783928, 0.079441934824, 0.0439611040056, 0.0425994805992, 0.0386580787599, 0.0478099696338, 0.0459108874202, 0.0401450954378, 0.0400716215372, 0.0484924167395, 0.0604287572205, 0.0777425244451, 0.061587613076], "dmean": [0.15120318532, 0.143601700664, 0.126698389649, 0.151097178459, 0.161371991038, 0.154774829745, 0.154718115926, 0.147623583674, 0.131484240294, 0.124898992479, 0.112300261855, 0.101143032312, 0.114675052464, 0.118602104485, 0.0997963920236, 0.0849724039435, 0.0904791280627, 0.112924419343, 0.130591586232, 0.124046824872, 0.0986343845725, 0.0949493423104, 0.0897173583508, 0.129299595952, 0.176306292415, 0.127627670765, 0.0958932489157, 0.101964466274, 0.10750503093, 0.10722964257, 0.092683956027, 0.0928531363606, 0.123122006655, 0.165507122874, 0.183051198721, 0.168552085757], "max": [1, 1, 1, 1, 1, 1, 1, 1, 1, 1, 1, 1, 1, 1, 1, 1, 1, 1, 1, 1, 1, 1, 1, 1, 1, 1, 1, 1, 1, 1, 1, 1, 1, 1, 1, 1], "var": [0.0692094787955, 0.0639894977212, 0.0385517142713, 0.0504969507456, 0.0571360327303, 0.0479758679867, 0.0520838536322, 0.0515668466687, 0.0407752022147, 0.0412756577134, 0.037230707705, 0.030917013064, 0.0637245252728, 0.0706975385547, 0.0308104623109, 0.0240543521941, 0.0258405953646, 0.0329150110483, 0.0500639490783, 0.0472778268158, 0.0257483180612, 0.0407292321324, 0.0627948790789, 0.0485342144966, 0.0939050540328, 0.0446133427322, 0.0309871211648, 0.0444753281772, 0.0696631520987, 0.0390134006739, 0.0299912784249, 0.0311831347644, 0.0368722639978, 0.0804880335927, 0.133841797709, 0.0649838373065], "mean": [0.12842220068, 0.117106854916, 0.0924104079604, 0.110167361796, 0.122563935816, 0.108906745911, 0.11305334419, 0.114271335304, 0.0941435471177, 0.0878429114819, 0.0815790444613, 0.0793889835477, 0.128469139338, 0.141263663769, 0.0875473171473, 0.0604568757117, 0.0614203996956, 0.0800677537918, 0.120180256665, 0.118865743279, 0.0786400586367, 0.0944168195128, 0.11354328692, 0.135441526771, 0.169933393598, 0.118387006223, 0.0704792365432, 0.108973413706, 0.132204443216, 0.0942151248455, 0.0689964741468, 0.0700376927853, 0.0922257974744, 0.19816057384, 0.25983902812, 0.177679911256]}, "tuning_equal_tempered_deviation": 0.223799467087, "chords_changes_rate": 0.0829015523195, "key_key": "C#", "tuning_diatonic_strength": 0.503446221352, "key_scale": "minor", "chords_number_rate": 0.00224525039084, "tuning_frequency": 434.193115234, "tuning_nontempered_energy_ratio": 0.92743742466, "chords_histogram": [12.0898103714, 4.95682191849, 14.2487049103, 3.86873912811, 5.11226272583, 5.38860082626, 3.5578584671, 12.0207252502, 0.362694293261, 21.6753025055, 0.120898097754, 0.466321229935, 0.345423132181, 0.915371358395, 1.01899826527, 0.172711566091, 0.656304001808, 0.0345423147082, 0.138169258833, 1.91709840298, 0.293609678745, 0.155440419912, 2.19343686104, 8.29015541077], "key_strength": 0.567318856716, "chords_key": "G#", "chords_strength": {"dmean2": 0.0152642829344, "median": 0.460317015648, "min": -1, "dvar2": 0.000774480926339, "dvar": 0.000475829932839, "dmean": 0.0138064362109, "max": 0.813592135906, "var": 0.0267640259117, "mean": 0.46850168705}, "chords_scale": "major", "hpcp_entropy": {"dmean2": 1.15583050251, "median": 1.96319210529, "min": 0, "dvar2": 0.877467155457, "dvar": 0.328493565321, "dmean": 0.686381936073, "max": 4.65205764771, "var": 0.688085615635, "mean": 2.02435994148}}, "metadata": {"audio_properties": {"equal_loudness": 0, "codec": "flac", "downmix": "mix", "analysis_sample_rate": 44100, "bit_rate": 0, "md5_encoded": "c1a252233db6099d0ba50796902af538", "length": 268.799987793, "replay_gain": -13.2983055115, "lossless": true}, "version": {"essentia_build_sha": "5a55991247aa8bc5301991e5ebe36927b56abb96", "essentia": "2.1-beta1", "extractor": "music 1.0", "essentia_git_sha": "v2.1_beta1-6-g5578087"}, "tags": {"title": ["Leap in the Dark"], "media": ["CD"], "albumartist": ["kimino-museum"], "discsubtitle": ["omnibus side"], "tracktotal": ["12"], "albumartistsort": ["kimino-museum"], "performer": ["Cherose (vocals)"], "releasetype": ["album", "remix"], "musicbrainz_recordingid": ["0828dc65-d4f8-4cfd-b20e-c2bf96eec8a1"], "artistsort": ["SYNC.ART'S"], "musicbrainz_releasegroupid": ["6faa669e-4412-4dc6-8b2a-57547966334d"], "albumsort": ["palette \u301c\u4eba\u3005\u304c\u611b\u3057\u305f\u5e7b\u60f3\u90f7\u301c (2009-12-30, kimino-museum, 1ab8e203-0734-4575-83a9-2eea53c0f4a0)"], "musicbrainz_albumartistid": ["cdbd86e2-0db8-43ea-9d63-1a59f14ad5cc"], "lyricist": ["\u9ed2\u5ca9\u30b5\u30c8\u30b7"], "artists": ["SYNC.ART'S"], "discnumber": ["2"], "composersort": ["ZUN"], "catalognumber": ["Muse-7001", "Muse-7002"], "replaygain_track_gain": ["-7.580000"], "releasecountry": ["JP"], "file_name": "2-10 - SYNC.ART'S - Leap in the Dark.flac", "replaygain_album_gain": ["-10.130000"], "replaygain_track_peak": ["0.980865"], "work": ["\u5e7d\u96c5\u306b\u54b2\u304b\u305b\u3001\u58a8\u67d3\u306e\u685c \uff5e Border of Life", "Leap in the Dark"], "date": ["2009-12-30"], "genre": ["Touhou"], "musicbrainz_albumid": ["1ab8e203-0734-4575-83a9-2eea53c0f4a0"], "disctotal": ["2"], "tracknumber": ["10"], "replaygain_album_peak": ["1.000000"], "musicbrainz_artistid": ["d7ec66bf-8c59-4eff-8ce7-169427c59997"], "originaldate": ["2009-12-30"], "musicbrainz_workid": ["255e9094-da2f-3f1f-bc5b-9258a2a630d7", "55608120-c7ca-316a-bfd9-f81ee8f82d64"], "musicbrainz_releasetrackid": ["0594d9d9-184c-30e1-9541-0960ad5d1c0c"], "artist": ["SYNC.ART'S"], "arranger": ["\u4e94\u6761\u4e0b\u4f4d"], "composer": ["ZUN"], "album": ["palette \u301c\u4eba\u3005\u304c\u611b\u3057\u305f\u5e7b\u60f3\u90f7\u301c"], "releasestatus": ["official"], "totaldiscs": ["2"], "script": ["Jpan"], "totaltracks": ["12"]}}, "rhythm": {"bpm_histogram_first_peak_bpm": {"dmean2": 0, "median": 144, "min": 144, "dvar2": 0, "dvar": 0, "dmean": 0, "max": 144, "var": 0, "mean": 144}, "bpm": 144.921096802, "bpm_histogram_second_peak_spread": {"dmean2": 0, "median": 0.136363625526, "min": 0.136363625526, "dvar2": 0, "dvar": 0, "dmean": 0, "max": 0.136363625526, "var": 0, "mean": 0.136363625526}, "bpm_histogram_first_peak_weight": {"dmean2": 0, "median": 0.610852718353, "min": 0.610852718353, "dvar2": 0, "dvar": 0, "dmean": 0, "max": 0.610852718353, "var": 0, "mean": 0.610852718353}, "onset_rate": 5.0405960083, "beats_position": [0.417959183455, 0.859138309956, 1.28870749474, 1.70666658878, 2.13623571396, 2.55419492722, 2.9837641716, 3.42494320869, 3.86612248421, 4.29569149017, 4.71365070343, 5.13160991669, 5.54956912994, 5.95591831207, 6.3622674942, 6.78022670746, 7.19818592072, 7.61614513397, 8.0224943161, 8.42884349823, 8.84680271149, 9.26476192474, 9.682721138, 10.1006803513, 10.5070295334, 10.9133787155, 11.3313379288, 11.749297142, 12.1672563553, 12.5852155685, 12.9915647507, 13.3979139328, 13.8158731461, 14.2338323593, 14.6517915726, 15.0581407547, 15.4644899368, 15.8824491501, 16.2887973785, 16.6951465607, 17.1131057739, 17.5310649872, 17.9490242004, 18.3669834137, 18.784942627, 19.2029018402, 19.6208610535, 20.0272102356, 20.4335594177, 20.851518631, 21.2694778442, 21.6874370575, 22.0937862396, 22.5001354218, 22.918094635, 23.3360538483, 23.7424030304, 24.1487522125, 24.5667114258, 24.984670639, 25.4026298523, 25.8205890656, 26.2385482788, 26.6448974609, 27.0512466431, 27.4692058563, 27.8871650696, 28.3051242828, 28.7230834961, 29.1294326782, 29.5357818604, 29.9537410736, 30.3600902557, 30.7664394379, 31.1843986511, 31.6023578644, 32.0203170776, 32.4382743835, 32.8562355042, 33.2741928101, 33.6805419922, 34.0868911743, 34.5048522949, 34.9112014771, 35.3175506592, 35.7355079651, 36.1534690857, 36.5714263916, 36.9893875122, 37.4073448181, 37.8253059387, 38.2316551208, 38.638004303, 39.0559616089, 39.4739227295, 39.8918800354, 40.2982292175, 40.7045783997, 41.1225395203, 41.5404968262, 41.9584579468, 42.3764152527, 42.7827644348, 43.1891136169, 43.6070747375, 44.0250320435, 44.4429931641, 44.86095047, 45.2672996521, 45.6736488342, 46.0916099548, 46.5095672607, 46.9275283813, 47.3454856873, 47.7518348694, 48.1581840515, 48.5761451721, 48.994102478, 49.4120635986, 49.8184127808, 50.2247619629, 50.6427192688, 51.0606803894, 51.4786376953, 51.8849868774, 52.2913360596, 52.7092971802, 53.1272544861, 53.5452156067, 53.9631729126, 54.3695220947, 54.7758712769, 55.1938323975, 55.6117897034, 56.029750824, 56.4477081299, 56.854057312, 57.2604064941, 57.6667556763, 58.0963249207, 58.5026741028, 58.9090232849, 59.3269844055, 59.7449417114, 60.162902832, 60.5808601379, 60.9872093201, 61.3935585022, 61.8115196228, 62.2294769287, 62.6474380493, 63.0653953552, 63.4717445374, 63.8780937195, 64.2960510254, 64.714012146, 65.1319732666, 65.5383224487, 65.9562835693, 66.3626327515, 66.7805862427, 67.1985473633, 67.6165084839, 68.0344696045, 68.4408187866, 68.8471679688, 69.26512146, 69.6830825806, 70.1010437012, 70.5073928833, 70.9137420654, 71.3316955566, 71.7496566772, 72.1560058594, 72.5623550415, 72.9803161621, 73.3982772827, 73.8162307739, 74.2225799561, 74.6405410767, 75.0468902588, 75.4648513794, 75.8828125, 76.2891616821, 76.6955108643, 77.1134643555, 77.5314254761, 77.9377746582, 78.3441238403, 78.7620849609, 79.1800460815, 79.5979995728, 80.0159606934, 80.433921814, 80.8518829346, 81.2582321167, 81.6645812988, 82.08253479, 82.5004959106, 82.9184570312, 83.3364181519, 83.7543716431, 84.1723327637, 84.5786819458, 84.9850311279, 85.4029922485, 85.8209533691, 86.2389068604, 86.656867981, 87.0632171631, 87.4695663452, 87.8875274658, 88.3054885864, 88.7234420776, 89.1297912598, 89.5361404419, 89.9541015625, 90.3720626831, 90.7900238037, 91.2079772949, 91.6143264771, 92.0206756592, 92.4386367798, 92.8565979004, 93.274559021, 93.6809082031, 94.0872573853, 94.5052108765, 94.9231719971, 95.3411331177, 95.7590942383, 96.1654434204, 96.5717926025, 96.9897460938, 97.4077072144, 97.825668335, 98.2436294556, 98.6499786377, 99.0563278198, 99.474281311, 99.8922424316, 100.310203552, 100.716552734, 101.122901917, 101.540863037, 101.958816528, 102.36516571, 102.771514893, 103.189476013, 103.607437134, 104.025398254, 104.443351746, 104.849700928, 105.25605011, 105.67401123, 106.091972351, 106.509933472, 106.927886963, 107.334236145, 107.740585327, 108.158546448, 108.576507568, 108.994468689, 109.400817871, 109.807167053, 110.225120544, 110.643081665, 111.061042786, 111.479003906, 111.885353088, 112.291702271, 112.709655762, 113.127616882, 113.545578003, 113.963539124, 114.369888306, 114.776237488, 115.194190979, 115.6121521, 116.03011322, 116.448066711, 116.854415894, 117.260765076, 117.678726196, 118.096687317, 118.503036499, 118.909385681, 119.327346802, 119.745300293, 120.163261414, 120.581222534, 120.987571716, 121.393920898, 121.811882019, 122.22983551, 122.647796631, 123.054145813, 123.460494995, 123.878456116, 124.296417236, 124.714370728, 125.132331848, 125.550292969, 125.956642151, 126.362991333, 126.780952454, 127.198905945, 127.616867065, 128.023223877, 128.42956543, 128.847518921, 129.265487671, 129.683441162, 130.101409912, 130.507751465, 130.914108276, 131.332061768, 131.750015259, 132.167984009, 132.574325562, 132.980682373, 133.398635864, 133.816589355, 134.234558105, 134.652511597, 135.058868408, 135.465209961, 135.883178711, 136.301132202, 136.719085693, 137.125442505, 137.531784058, 137.938140869, 138.35609436, 138.77406311, 139.192016602, 139.598358154, 140.016326904, 140.434280396, 140.852249146, 141.270202637, 141.676544189, 142.082901001, 142.500854492, 142.918823242, 143.336776733, 143.754730225, 144.161087036, 144.567428589, 144.985397339, 145.40335083, 145.82131958, 146.227661133, 146.634017944, 147.051971436, 147.469924927, 147.887893677, 148.294235229, 148.700592041, 149.118545532, 149.536499023, 149.954467773, 150.372421265, 150.790390015, 151.196731567, 151.603088379, 152.02104187, 152.438995361, 152.856964111, 153.274917603, 153.681274414, 154.087615967, 154.505569458, 154.923538208, 155.329879761, 155.736236572, 156.154190063, 156.572158813, 156.990112305, 157.408065796, 157.814422607, 158.22076416, 158.63873291, 159.056686401, 159.474639893, 159.892608643, 160.298950195, 160.705307007, 161.123260498, 161.541213989, 161.959182739, 162.365524292, 162.771881104, 163.189834595, 163.607803345, 164.025756836, 164.443710327, 164.884887695, 165.326080322, 165.76725769, 166.208435059, 166.649612427, 167.090789795, 167.520355225, 167.949935913, 168.367889404, 168.797454834, 169.238632202, 169.67980957, 170.121002197, 170.562179565, 171.003356934, 171.444534302, 171.874099731, 172.292053223, 172.710021973, 173.127975464, 173.545944214, 173.963897705, 174.370239258, 174.776596069, 175.194549561, 175.612518311, 176.030471802, 176.448425293, 176.854782104, 177.261123657, 177.679092407, 178.097045898, 178.515014648, 178.921356201, 179.327713013, 179.745666504, 180.163619995, 180.569976807, 180.976318359, 181.394287109, 181.812240601, 182.230194092, 182.648162842, 183.066116333, 183.472473145, 183.878814697, 184.296783447, 184.714736938, 185.13269043, 185.55065918, 185.957000732, 186.363357544, 186.781311035, 187.199264526, 187.617233276, 188.023574829, 188.429931641, 188.847885132, 189.265853882, 189.683807373, 190.101760864, 190.508117676, 190.914459229, 191.332427979, 191.75038147, 192.168334961, 192.586303711, 192.992645264, 193.399002075, 193.816955566, 194.234924316, 194.641265869, 195.05921936, 195.465576172, 195.883529663, 196.301498413, 196.719451904, 197.125808716, 197.532150269, 197.95010376, 198.36807251, 198.786026001, 199.192382812, 199.610336304, 200.016693115, 200.434646606, 200.852600098, 201.270568848, 201.6769104, 202.083267212, 202.501220703, 202.919174194, 203.337142944, 203.743484497, 204.161453247, 204.5677948, 204.985748291, 205.403717041, 205.821670532, 206.239639282, 206.645980835, 207.052337646, 207.470291138, 207.888244629, 208.29460144, 208.700942993, 209.118911743, 209.536865234, 209.954818726, 210.372787476, 210.779129028, 211.18548584, 211.603439331, 212.021408081, 212.439361572, 212.857315063, 213.263671875, 213.670013428, 214.087982178, 214.505935669, 214.92388916, 215.318634033, 215.736587524, 216.154556274, 216.572509766, 216.990478516, 217.408432007, 217.81477356, 218.221130371, 218.639083862, 219.057052612, 219.475006104, 219.881362915, 220.299316406, 220.717269897, 221.123626709, 221.5415802, 221.95954895, 222.377502441, 222.783843994, 223.190200806, 223.608154297, 224.026123047, 224.444076538, 224.862030029, 225.279998779, 225.686340332, 226.092697144, 226.510650635, 226.928619385, 227.346572876, 227.752914429, 228.15927124, 228.577224731, 228.995193481, 229.413146973, 229.819503784, 230.225845337, 230.643798828, 231.061767578, 231.479721069, 231.886077881, 232.292419434, 232.710388184, 233.128341675, 233.546295166, 233.952651978, 234.35899353, 234.77696228, 235.194915771, 235.612869263, 236.030838013, 236.437179565, 236.843536377, 237.261489868, 237.679458618, 238.097412109, 238.503753662, 238.910110474, 239.328063965, 239.746032715, 240.163986206, 240.581939697, 240.988296509, 241.394638062, 241.812606812, 242.230560303, 242.648529053, 243.066482544, 243.472824097, 243.879180908, 244.297134399, 244.715103149, 245.133056641, 245.551010132, 245.957366943, 246.363708496, 246.781677246, 247.199630737, 247.617584229, 248.02394104, 248.430297852, 248.848251343, 249.266204834, 249.684173584, 250.102127075, 250.520080566, 250.926437378, 251.332778931, 251.750747681, 252.168701172, 252.575057983, 252.981399536, 253.399353027, 253.817321777, 254.235275269, 254.653244019, 255.059585571, 255.465942383, 255.883895874, 256.301849365, 256.719818115, 257.137786865, 257.544128418, 257.950469971, 258.368438721, 258.786376953, 259.204345703, 259.610687256, 260.017059326, 260.434997559, 260.852966309, 261.270935059, 261.688873291, 262.095245361, 262.501586914, 262.919555664, 263.325897217, 263.743835449, 264.173431396, 264.626220703, 265.07901001, 265.520172119, 265.961364746, 266.414154053, 266.855316162, 267.296508789, 267.784118652, 268.283355713], "beats_loudness": {"dmean2": 0.020656792447, "median": 0.0396079644561, "min": 0, "dvar2": 0.000360278878361, "dvar": 0.000133376190206, "dmean": 0.0122571736574, "max": 0.121648021042, "var": 0.000297512538964, "mean": 0.0411268733442}, "danceability": 1.19700682163, "bpm_histogram_second_peak_weight": {"dmean2": 0, "median": 0.0294573642313, "min": 0.0294573642313, "dvar2": 0, "dvar": 0, "dmean": 0, "max": 0.0294573642313, "var": 0, "mean": 0.0294573642313}, "beats_count": 646, "bpm_histogram_second_peak_bpm": {"dmean2": 0, "median": 136, "min": 136, "dvar2": 0, "dvar": 0, "dmean": 0, "max": 136, "var": 0, "mean": 136}, "bpm_histogram_first_peak_spread": {"dmean2": 0, "median": 0.36451613903, "min": 0.36451613903, "dvar2": 0, "dvar": 0, "dmean": 0, "max": 0.36451613903, "var": 0, "mean": 0.36451613903}, "beats_loudness_band_ratio": {"dmean2": [0.265984922647, 0.120414674282, 0.174808710814, 0.111210592091, 0.0733190476894, 0.12395619601], "median": [0.564011752605, 0.0545158088207, 0.06949262321, 0.0332878902555, 0.0288778990507, 0.125931292772], "min": [0, 0, 0, 0, 0, 0], "dvar2": [0.0480769388378, 0.0192006472498, 0.0356627739966, 0.0201194733381, 0.00767690734938, 0.0168617591262], "dvar": [0.0196695569903, 0.00695450883359, 0.0125715387985, 0.00770508591086, 0.00317679625005, 0.00660800654441], "dmean": [0.153591096401, 0.0679752379656, 0.102244883776, 0.0632065683603, 0.0422867946327, 0.0713912397623], "max": [0.993668973446, 0.623095750809, 0.639470160007, 0.449550271034, 0.497380971909, 0.768424928188], "var": [0.0412865206599, 0.00752167869359, 0.0154945459217, 0.00747327459976, 0.00411243084818, 0.010655301623], "mean": [0.550238907337, 0.0851744264364, 0.121638216078, 0.0678010508418, 0.0531494691968, 0.14210639894]}}, "lowlevel": {"barkbands_spread": {"dmean2": 17.6119346619, "median": 28.1335525513, "min": 0.215009197593, "dvar2": 364.300964355, "dvar": 176.864151001, "dmean": 11.4706344604, "max": 124.884635925, "var": 462.641082764, "mean": 32.5717697144}, "melbands_spread": {"dmean2": 14.5418891907, "median": 19.137348175, "min": 0.29149723053, "dvar2": 397.495239258, "dvar": 185.658248901, "dmean": 9.56321144104, "max": 250.110046387, "var": 727.265441895, "mean": 25.5914421082}, "hfc": {"dmean2": 22.9149608612, "median": 26.8287525177, "min": 1.04467107866e-16, "dvar2": 923.492492676, "dvar": 495.098114014, "dmean": 15.8341903687, "max": 497.031494141, "var": 1348.76916504, "mean": 35.9088172913}, "barkbands_kurtosis": {"dmean2": 16.212020874, "median": 2.61931753159, "min": -1.96740758419, "dvar2": 3619.62036133, "dvar": 1319.26245117, "dmean": 9.91013908386, "max": 813.68371582, "var": 1253.37011719, "mean": 11.6714754105}, "gfcc": {"mean": [30.8852481842, 42.4052658081, -77.4461593628, 34.3565483093, -42.701587677, 21.5508956909, -20.8055305481, 16.9259281158, -14.5196409225, 6.30244207382, -10.7250919342, 1.35649263859, -13.7905244827], "icov": [[6.83041653247e-05, -0.000102399957541, -7.60197826821e-06, -9.62894846452e-05, 0.000175845460035, -0.000119642420032, 0.000134160218295, -0.000208559766179, 0.000196826673346, -0.000288025883492, 0.00020717215375, -0.000202751674806, 0.00019229609461], [-0.000102399957541, 0.00131946359761, 0.000122152254335, 0.000400970282499, -0.00079675426241, 0.00070813682396, -0.000163752571098, -0.000160516428878, -0.000393338094, 0.000956270378083, -0.00166705762967, 0.000783348281402, -5.80665437155e-05], [-7.60197826821e-06, 0.000122152254335, 0.00219746935181, -0.000412319437601, -0.000365827174392, -0.000667474989314, -0.000289130024612, 0.00153608014807, -0.00229123723693, 0.000464042939711, -0.000378498778446, -0.00109279633034, 0.000731122097932], [-9.62894846452e-05, 0.000400970282499, -0.000412319437601, 0.00437828432769, -0.00147561472841, -0.00179340015166, 0.00253435201012, -0.00193322217092, 0.000330951035721, 0.000992041430436, -0.00120366178453, -0.000580887543038, 2.8346241379e-05], [0.000175845460035, -0.00079675426241, -0.000365827174392, -0.00147561472841, 0.00542819779366, -0.000593191478401, -0.00170239014551, 0.000598721147981, -0.00130575476214, -0.00038035408943, 0.00210484070703, -0.00102753459942, -0.000407660059864], [-0.000119642420032, 0.00070813682396, -0.000667474989314, -0.00179340015166, -0.000593191478401, 0.00825413502753, -0.00475646648556, 0.000254987389781, 0.00302953878418, -0.00459016719833, 0.00259154941887, 0.00109719554894, -0.00186089158524], [0.000134160218295, -0.000163752571098, -0.000289130024612, 0.00253435201012, -0.00170239014551, -0.00475646648556, 0.0100516881794, -0.00522805098444, 0.00122294051107, 0.00142163143028, -0.0044371560216, 0.00205218535848, 0.000858123064972], [-0.000208559766179, -0.000160516428878, 0.00153608014807, -0.00193322217092, 0.000598721147981, 0.000254987389781, -0.00522805098444, 0.0142422299832, -0.00816597044468, 0.00146392243914, -0.000140097676194, 0.000605501176324, 0.000227327589528], [0.000196826673346, -0.000393338094, -0.00229123723693, 0.000330951035721, -0.00130575476214, 0.00302953878418, 0.00122294051107, -0.00816597044468, 0.0196240060031, -0.011611122638, 0.00445469049737, -0.00208087335341, -0.00211869971827], [-0.000288025883492, 0.000956270378083, 0.000464042939711, 0.000992041430436, -0.00038035408943, -0.00459016719833, 0.00142163143028, 0.00146392243914, -0.011611122638, 0.0270231086761, -0.013634422794, 0.00494313845411, 5.62350442124e-06], [0.00020717215375, -0.00166705762967, -0.000378498778446, -0.00120366178453, 0.00210484070703, 0.00259154941887, -0.0044371560216, -0.000140097676194, 0.00445469049737, -0.013634422794, 0.0230844654143, -0.0107981245965, 0.00198527192697], [-0.000202751674806, 0.000783348281402, -0.00109279633034, -0.000580887543038, -0.00102753459942, 0.00109719554894, 0.00205218535848, 0.000605501176324, -0.00208087335341, 0.00494313845411, -0.0107981245965, 0.0211650375277, -0.00983419734985], [0.00019229609461, -5.80665437155e-05, 0.000731122097932, 2.8346241379e-05, -0.000407660059864, -0.00186089158524, 0.000858123064972, 0.000227327589528, -0.00211869971827, 5.62350442124e-06, 0.00198527192697, -0.00983419734985, 0.0207075979561]], "cov": [[21303.8789062, 937.320129395, -156.566864014, 526.40447998, -525.447021484, 217.106735229, -242.194442749, 282.051727295, -69.620513916, 185.536407471, 40.1863708496, 49.5577392578, -161.782333374], [937.320129395, 1084.86987305, -82.3907012939, -93.8733901978, 69.1437759399, -113.737823486, 44.9629402161, 55.4710464478, 29.6820201874, 4.6016459465, 76.4001235962, -3.01970267296, -19.6797389984], [-156.566864014, -82.3907012939, 652.619567871, 120.208999634, 114.16506958, 85.5920333862, 27.4296474457, -8.26848697662, 92.131362915, 46.4259567261, 35.3819465637, 64.4258956909, 23.5277137756], [526.40447998, -93.8733901978, 120.208999634, 359.826416016, 82.8942642212, 86.1353149414, -34.6742897034, 34.9964828491, 23.9452209473, 15.9130144119, 6.25872421265, 37.797794342, 20.3329048157], [-525.447021484, 69.1437759399, 114.16506958, 82.8942642212, 286.524902344, 71.9888916016, 78.0656814575, 32.3686828613, 48.1764526367, 16.55742836, 2.05936717987, 13.815662384, 20.7370204926], [217.106735229, -113.737823486, 85.5920333862, 86.1353149414, 71.9888916016, 268.598266602, 135.510360718, 42.9505348206, 0.748359978199, 43.4836769104, 1.7433577776, -18.5580940247, 5.07706880569], [-242.194442749, 44.9629402161, 27.4296474457, -34.6742897034, 78.0656814575, 135.510360718, 248.373031616, 83.7670669556, 18.9402713776, 33.6327209473, 34.8778915405, -25.9852313995, -9.79914951324], [282.051727295, 55.4710464478, -8.26848697662, 34.9964828491, 32.3686828613, 42.9505348206, 83.7670669556, 140.309432983, 58.9933586121, 30.2775001526, 16.7526836395, -4.55412578583, -0.475476950407], [-69.620513916, 29.6820201874, 92.131362915, 23.9452209473, 48.1764526367, 0.748359978199, 18.9402713776, 58.9933586121, 117.572761536, 48.8845825195, 19.2268218994, 20.1730003357, 16.7804508209], [185.536407471, 4.6016459465, 46.4259567261, 15.9130144119, 16.55742836, 43.4836769104, 33.6327209473, 30.2775001526, 48.8845825195, 83.2328414917, 43.8410720825, 8.4131193161, 3.90788722038], [40.1863708496, 76.4001235962, 35.3819465637, 6.25872421265, 2.05936717987, 1.7433577776, 34.8778915405, 16.7526836395, 19.2268218994, 43.8410720825, 96.2580108643, 40.7552490234, 9.23306846619], [49.5577392578, -3.01970267296, 64.4258956909, 37.797794342, 13.815662384, -18.5580940247, -25.9852313995, -4.55412578583, 20.1730003357, 8.4131193161, 40.7552490234, 96.249382019, 40.7999954224], [-161.782333374, -19.6797389984, 23.5277137756, 20.3329048157, 20.7370204926, 5.07706880569, -9.79914951324, -0.475476950407, 16.7804508209, 3.90788722038, 9.23306846619, 40.7999954224, 70.3627548218]]}, "spectral_energyband_middle_low": {"dmean2": 0.00528499018401, "median": 0.00662896968424, "min": 1.50978952691e-22, "dvar2": 4.85929376737e-05, "dvar": 2.50778011832e-05, "dmean": 0.00364161445759, "max": 0.0832910016179, "var": 7.7638294897e-05, "mean": 0.00910713709891}, "melbands_crest": {"dmean2": 5.9289598465, "median": 19.3679065704, "min": 1.55866467953, "dvar2": 30.4713497162, "dvar": 13.8718729019, "dmean": 3.87097167969, "max": 37.9707107544, "var": 43.3212165833, "mean": 19.1449108124}, "spectral_kurtosis": {"dmean2": 1.28656303883, "median": 2.69152259827, "min": -1.25516223907, "dvar2": 1.7911195755, "dvar": 0.772598206997, "dmean": 0.845109879971, "max": 15.5916938782, "var": 2.60401296616, "mean": 2.77322793007}, "spectral_rms": {"dmean2": 0.00129576993641, "median": 0.00639668479562, "min": 3.13534701674e-12, "dvar2": 1.58432794706e-06, "dvar": 6.42092288672e-07, "dmean": 0.000880202103872, "max": 0.0112296231091, "var": 4.93789957545e-06, "mean": 0.00624853745103}, "zerocrossingrate": {"dmean2": 0.0232547745109, "median": 0.0693359375, "min": 0.00244140625, "dvar2": 0.000472756160889, "dvar": 0.000380259414669, "dmean": 0.0195276234299, "max": 0.58349609375, "var": 0.00374314049259, "mean": 0.0815650671721}, "silence_rate_60dB": {"dmean2": 0.00794747751206, "median": 0, "min": 0, "dvar2": 0.00874627474695, "dvar": 0.00395708810538, "dmean": 0.00397339556366, "max": 1, "var": 0.0404477715492, "mean": 0.0422352738678}, "erbbands_kurtosis": {"dmean2": 1.39307892323, "median": -0.409034490585, "min": -1.74316501617, "dvar2": 4.74382686615, "dvar": 2.25706028938, "dmean": 0.8919749856, "max": 29.088306427, "var": 4.77381849289, "mean": 0.188262343407}, "erbbands": {"dmean2": [0.499713629484, 3.29758930206, 6.86676645279, 4.63041782379, 5.75107526779, 8.59134864807, 9.77278423309, 9.43699359894, 13.368929863, 21.4234523773, 34.0861167908, 30.6086196899, 25.2320308685, 23.3961486816, 22.7787017822, 22.3560523987, 17.6846351624, 17.9589366913, 19.3201351166, 19.3318843842, 17.2407436371, 17.7243671417, 16.6961021423, 18.0271492004, 18.1305599213, 19.0368671417, 12.344871521, 10.4126110077, 13.6289901733, 14.3881378174, 21.0780162811, 10.3165807724, 8.69618034363, 4.96502447128, 2.86143517494, 1.0491335392, 0.359577506781, 0.0979230925441, 0.0173106864095, 0.000929380476009], "median": [0.429607093334, 2.5753672123, 3.85234498978, 2.1620054245, 2.27393579483, 2.64730978012, 2.96623039246, 3.13277053833, 4.86410140991, 7.39114522934, 8.21064186096, 6.19952344894, 6.20565366745, 6.69299840927, 7.71469593048, 7.42526865005, 7.07146072388, 7.65521240234, 6.5971698761, 7.13041067123, 6.81631660461, 8.59362792969, 8.44042205811, 10.8660068512, 12.0303211212, 11.8361816406, 6.9429473877, 6.04422187805, 6.57513332367, 6.40698623657, 5.28199577332, 3.58251261711, 2.61031627655, 1.6546652317, 0.962644815445, 0.439450472593, 0.172731161118, 0.0526014938951, 0.00902608223259, 0.000580871128477], "min": [5.42329818545e-23, 4.53386205865e-22, 2.14121941765e-21, 6.37443151492e-21, 1.11072924081e-20, 2.58622461379e-20, 5.95169310805e-20, 1.21457992494e-19, 1.01755041442e-19, 1.80942398575e-19, 2.01399634948e-19, 3.39690352243e-19, 4.87737845808e-19, 9.42138038183e-19, 7.18840735221e-19, 1.21706640402e-18, 1.72157409597e-18, 2.0608809983e-18, 2.51852011976e-18, 3.06655002305e-18, 4.27913145378e-18, 4.42875395093e-18, 5.64395134035e-18, 6.11559566356e-18, 7.04358353659e-18, 5.94159532658e-18, 9.07338632531e-18, 8.97065132041e-18, 1.00090136249e-17, 9.81909295624e-18, 1.29806260611e-17, 1.14451364803e-17, 1.02029692806e-17, 8.73139594567e-18, 5.8702956665e-18, 4.05702601468e-18, 2.36113515295e-18, 1.01130357228e-18, 2.3262151547e-19, 2.67386294566e-20], "dvar2": [0.480362743139, 18.7311267853, 141.37991333, 84.421295166, 100.843925476, 261.775146484, 343.419799805, 597.655151367, 685.062011719, 2167.68603516, 6203.62744141, 7766.22949219, 5352.05908203, 4195.54882812, 2169.21533203, 2198.83642578, 1487.72668457, 1362.69165039, 1809.96179199, 1931.39794922, 1508.3302002, 1182.00341797, 1045.17297363, 1354.79052734, 1348.00073242, 1137.78161621, 470.09576416, 310.564910889, 460.350158691, 822.841369629, 1262.15966797, 462.286010742, 440.451324463, 126.807632446, 25.7749977112, 2.50205564499, 0.284028083086, 0.0143725825474, 0.000500051886775, 1.88243723187e-06], "dvar": [0.20434550941, 8.14559459686, 70.5029067993, 37.9876098633, 38.7223739624, 101.849975586, 148.325439453, 269.655883789, 297.359283447, 1063.29711914, 3042.08447266, 3848.84570312, 2502.27661133, 2095.15942383, 1222.21630859, 1026.81799316, 710.636352539, 605.342529297, 844.545593262, 853.175964355, 740.3125, 538.282043457, 469.891021729, 631.322570801, 663.240661621, 562.209106445, 210.986053467, 160.913787842, 234.671630859, 394.638549805, 591.489013672, 244.713317871, 265.119384766, 79.3387069702, 13.3818130493, 1.20775091648, 0.128111362457, 0.00620545260608, 0.000208948767977, 7.87969838711e-07], "dmean": [0.337076961994, 2.22907423973, 4.70116424561, 3.07625579834, 3.45888900757, 5.17117881775, 6.09670162201, 5.97210741043, 8.60059833527, 14.3289012909, 23.3357334137, 20.9774551392, 17.1413898468, 16.0113868713, 15.7134475708, 14.5017290115, 11.7603855133, 11.8295516968, 12.6783437729, 12.4373607635, 11.561501503, 11.5912694931, 10.9074420929, 12.1652593613, 12.5861568451, 12.8998622894, 7.77091693878, 6.69210910797, 8.82221603394, 9.2277841568, 13.0729112625, 7.11022472382, 5.90096664429, 3.38725757599, 1.94386923313, 0.705392301083, 0.241058707237, 0.0628336966038, 0.0110374446958, 0.0006042040186], "max": [4.32914495468, 26.3842773438, 66.0760879517, 64.8760375977, 86.5296096802, 160.065383911, 319.950683594, 464.737762451, 320.414367676, 631.233825684, 1138.39038086, 2059.40820312, 1472.44335938, 1486.08154297, 1090.36047363, 869.934020996, 1163.32043457, 634.040283203, 786.725646973, 944.61505127, 641.095397949, 821.885070801, 526.718688965, 875.840759277, 903.091491699, 631.492614746, 440.209014893, 351.326263428, 446.822387695, 620.174865723, 851.906616211, 403.819244385, 662.619445801, 370.254974365, 155.598190308, 24.2350330353, 4.27218103409, 0.788020968437, 0.172265842557, 0.0166188962758], "var": [0.525810360909, 26.9939651489, 99.5593338013, 42.8003349304, 42.9516563416, 154.234848022, 297.983734131, 492.505737305, 643.885620117, 2321.50292969, 6821.96923828, 8152.609375, 5153.17236328, 4586.2734375, 3370.01098633, 2328.43847656, 1820.70617676, 1524.40441895, 2024.91223145, 1624.76867676, 2004.55358887, 1760.16638184, 1103.28942871, 1330.74499512, 1597.42626953, 1290.61975098, 397.978363037, 365.920013428, 535.617004395, 751.368896484, 919.087463379, 533.782958984, 714.062805176, 198.598297119, 26.2914505005, 2.1109483242, 0.185911223292, 0.00973305013031, 0.000343027466442, 1.81661232546e-06], "mean": [0.663620352745, 4.94828081131, 7.44970750809, 4.09770870209, 4.7099981308, 7.48396062851, 9.38634586334, 9.71851921082, 14.6532325745, 24.5418891907, 41.178352356, 35.2754325867, 29.3753700256, 25.875043869, 25.4916439056, 22.1880016327, 20.0108165741, 20.4223079681, 21.2153053284, 19.0478382111, 19.5497608185, 20.993144989, 19.4925861359, 22.5682201385, 24.8924007416, 23.5297794342, 12.5442943573, 10.8744325638, 13.535785675, 14.2638587952, 15.4862890244, 10.4085111618, 8.64634132385, 4.90766954422, 2.53260445595, 0.936830401421, 0.324046224356, 0.0872644037008, 0.0155264232308, 0.00101587793324]}, "spectral_strongpeak": {"dmean2": 0.59916561842, "median": 0.42876085639, "min": 0, "dvar2": 1.40384042263, "dvar": 0.542367637157, "dmean": 0.347422301769, "max": 11.9939994812, "var": 0.671625256538, "mean": 0.636078417301}, "spectral_energy": {"dmean2": 0.0185627862811, "median": 0.0419405177236, "min": 1.00761608835e-20, "dvar2": 0.000418817566242, "dvar": 0.000158154041856, "dmean": 0.0123260580003, "max": 0.129257053137, "var": 0.000716486887541, "mean": 0.0450816899538}, "average_loudness": 0.943974196911, "spectral_rolloff": {"dmean2": 1643.64807129, "median": 861.328125, "min": 43.06640625, "dvar2": 5354611.5, "dvar": 2422071, "dmean": 979.736022949, "max": 21382.4707031, "var": 6540669, "mean": 1866.01831055}, "spectral_centroid": {"dmean2": 553.06060791, "median": 1649.89331055, "min": 121.133110046, "dvar2": 343614.15625, "dvar": 170138.96875, "dmean": 369.096862793, "max": 11747.3496094, "var": 1246477.625, "mean": 1823.45812988}, "pitch_salience": {"dmean2": 0.127875268459, "median": 0.444915771484, "min": 0.0272155255079, "dvar2": 0.01487639267, "dvar": 0.00780556770042, "dmean": 0.0856131464243, "max": 0.934353888035, "var": 0.0265931747854, "mean": 0.432054847479}, "spectral_energyband_middle_high": {"dmean2": 0.00258692819625, "median": 0.00293822074309, "min": 1.20371288407e-21, "dvar2": 1.0439603102e-05, "dvar": 6.21224216957e-06, "dmean": 0.00188845582306, "max": 0.0483618862927, "var": 3.51198832504e-05, "mean": 0.00507547566667}, "spectral_contrast_coeffs": {"dmean2": [0.0805547013879, 0.0856728181243, 0.0689183026552, 0.0556994527578, 0.0431304611266, 0.0250778496265], "median": [-0.669776082039, -0.737084507942, -0.792289376259, -0.795387089252, -0.788088858128, -0.790398001671], "min": [-0.979274570942, -0.98291605711, -0.986987650394, -0.970465540886, -0.972143769264, -0.964816510677], "dvar2": [0.00443303911015, 0.00508155999705, 0.00305850082077, 0.001929514925, 0.00122547347564, 0.00040901437751], "dvar": [0.00181556458119, 0.00211143074557, 0.00134293304291, 0.000823438167572, 0.000551556237042, 0.000167361082276], "dmean": [0.0500116981566, 0.0539681948721, 0.044088922441, 0.0349269099534, 0.0275735445321, 0.0155215319246], "max": [-0.355451077223, -0.455926895142, -0.46923917532, -0.561753511429, -0.558886408806, -0.57119679451], "var": [0.00744222477078, 0.00820460636169, 0.00657332548872, 0.00341504043899, 0.00282457936555, 0.000973678717855], "mean": [-0.66812723875, -0.73460662365, -0.776637256145, -0.787492871284, -0.781010627747, -0.788947284222]}, "melbands_skewness": {"dmean2": 1.95509445667, "median": 3.69769430161, "min": -1.97738468647, "dvar2": 5.78173732758, "dvar": 2.67498230934, "dmean": 1.3212338686, "max": 27.9642028809, "var": 10.5239696503, "mean": 4.49161338806}, "spectral_spread": {"dmean2": 1213991.5, "median": 6733851, "min": 1865159.5, "dvar2": 1673602138110.0, "dvar": 841911894016, "dmean": 828539.75, "max": 42610896, "var": 10699657969700.0, "mean": 6980024}, "dissonance": {"dmean2": 0.0257474351674, "median": 0.475567400455, "min": 0.262292861938, "dvar2": 0.000635805772617, "dvar": 0.000246641400736, "dmean": 0.0156287942082, "max": 0.5, "var": 0.000580947031267, "mean": 0.469495654106}, "spectral_skewness": {"dmean2": 0.259533703327, "median": 1.35852599144, "min": -0.229170694947, "dvar2": 0.0625917837024, "dvar": 0.0292161777616, "dmean": 0.172334849834, "max": 3.04095053673, "var": 0.126661345363, "mean": 1.32022702694}, "spectral_flux": {"dmean2": 0.0471770055592, "median": 0.101422712207, "min": 6.14664291687e-11, "dvar2": 0.00180602434557, "dvar": 0.000777514826041, "dmean": 0.0302684493363, "max": 0.292618691921, "var": 0.00256513734348, "mean": 0.104063130915}, "spectral_contrast_valleys": {"dmean2": [0.670381247997, 0.792520940304, 0.680534243584, 0.578341066837, 0.51694971323, 0.626340270042], "median": [-6.72235202789, -6.8130979538, -7.40906715393, -7.67968273163, -7.25225687027, -9.1329908371], "min": [-27.9408245087, -28.0110931396, -27.8134117126, -27.5730056763, -27.4337024689, -27.401468277], "dvar2": [0.371476948261, 0.622091472149, 0.372153818607, 0.271540939808, 0.247679531574, 0.470311909914], "dvar": [0.165548309684, 0.247056245804, 0.158066615462, 0.1321195364, 0.125577330589, 0.21751755476], "dmean": [0.426150888205, 0.48371091485, 0.430625885725, 0.371332019567, 0.349600553513, 0.446233928204], "max": [-5.4513258934, -4.60803222656, -5.32080173492, -5.82490825653, -5.38066291809, -6.84730911255], "var": [5.00869894028, 4.16952753067, 3.67538714409, 3.56401586533, 3.7132294178, 3.51093578339], "mean": [-7.18620061874, -7.0801320076, -7.58955907822, -7.85124063492, -7.49064350128, -9.33417320251]}, "erbbands_flatness_db": {"dmean2": 0.0256070010364, "median": 0.0905407071114, "min": 0.0251647867262, "dvar2": 0.000602610234637, "dvar": 0.000290243624477, "dmean": 0.0173051543534, "max": 0.287158548832, "var": 0.00124244310427, "mean": 0.0987411737442}, "spectral_energyband_high": {"dmean2": 0.00234512845054, "median": 0.0012711873278, "min": 6.95235288211e-21, "dvar2": 1