{"tonal": {"thpcp": [1, 0.606135368347, 0.314373522997, 0.230494067073, 0.21806062758, 0.342373669147, 0.459820359945, 0.380299985409, 0.329977124929, 0.344135850668, 0.283718049526, 0.276832580566, 0.318443030119, 0.436427086592, 0.586289286613, 0.500351905823, 0.316345274448, 0.235372826457, 0.194213554263, 0.1939958781, 0.420183926821, 0.575884401798, 0.370765388012, 0.197756811976, 0.206679686904, 0.254957050085, 0.338132321835, 0.383087068796, 0.294250905514, 0.252561122179, 0.26895493269, 0.216664090753, 0.191052600741, 0.244769722223, 0.401704967022, 0.840865194798], "hpcp": {"dmean2": [0.232402488589, 0.232811808586, 0.223709821701, 0.201653882861, 0.192154169083, 0.183614462614, 0.182048663497, 0.234315529466, 0.332206308842, 0.388289362192, 0.360774308443, 0.344837874174, 0.262377411127, 0.210656896234, 0.194461748004, 0.220978438854, 0.238333985209, 0.254707783461, 0.216497898102, 0.186215057969, 0.195900544524, 0.20314861834, 0.220231622458, 0.289165377617, 0.378300458193, 0.314131468534, 0.245657682419, 0.200871258974, 0.176405400038, 0.180502921343, 0.24158193171, 0.26035758853, 0.228119909763, 0.183911561966, 0.176587373018, 0.210164681077], "median": [0.0389762222767, 0.0426715016365, 0.0367847532034, 0.0248083360493, 0.0175064820796, 0.0171486288309, 0.017863156274, 0.0197874568403, 0.0563979372382, 0.173690348864, 0.213219791651, 0.148855492473, 0.0438721776009, 0.0284439362586, 0.0270609240979, 0.03860861063, 0.0490234419703, 0.0443132035434, 0.0325657501817, 0.0283052865416, 0.0287563111633, 0.0412184968591, 0.0456988923252, 0.0466402098536, 0.0478781610727, 0.0487635247409, 0.032326079905, 0.0219615027308, 0.0159347243607, 0.0219560004771, 0.0528254657984, 0.0660769343376, 0.0509463995695, 0.0199722126126, 0.0178469382226, 0.0263085775077], "min": [0, 0, 0, 0, 0, 0, 0, 0, 0, 0, 0, 0, 0, 0, 0, 0, 0, 0, 0, 0, 0, 0, 0, 0, 0, 0, 0, 0, 0, 0, 0, 0, 0, 0, 0, 0], "dvar2": [0.123623624444, 0.118555180728, 0.122852802277, 0.111071355641, 0.111804269254, 0.106863968074, 0.110976889729, 0.135215356946, 0.175868675113, 0.180678158998, 0.176411852241, 0.16084343195, 0.146938487887, 0.128434255719, 0.115648262203, 0.129267498851, 0.132834345102, 0.136016815901, 0.122166693211, 0.107362821698, 0.106880113482, 0.111998640001, 0.121528737247, 0.146890193224, 0.23127643764, 0.174754172564, 0.144311547279, 0.111144483089, 0.0975586920977, 0.0954555496573, 0.117631815374, 0.126928895712, 0.117807842791, 0.105028390884, 0.103129267693, 0.125123843551], "dvar": [0.0443533658981, 0.0437815189362, 0.0422920435667, 0.038090441376, 0.0391961373389, 0.0367041006684, 0.0389479100704, 0.0485800839961, 0.0629654526711, 0.0649534910917, 0.0654466673732, 0.0571520254016, 0.052220787853, 0.0449076145887, 0.0400193817914, 0.0460883826017, 0.0495834350586, 0.0493243001401, 0.0426350608468, 0.0390106774867, 0.0374809093773, 0.0394059568644, 0.0433684512973, 0.0525360293686, 0.0820898264647, 0.0606347285211, 0.0507366135716, 0.0393600910902, 0.0344186872244, 0.0334417335689, 0.0421880669892, 0.0482382290065, 0.0431655012071, 0.0370607301593, 0.0366277545691, 0.0436512939632], "dmean": [0.128936871886, 0.131083399057, 0.12267690897, 0.108857989311, 0.103738732636, 0.0990039333701, 0.0980283841491, 0.126635462046, 0.183516040444, 0.219872742891, 0.20401096344, 0.193379700184, 0.142847701907, 0.112726926804, 0.104427978396, 0.121991835535, 0.132782042027, 0.140472054482, 0.11893761158, 0.103082157671, 0.108199872077, 0.112597063184, 0.123434714973, 0.163281098008, 0.210123479366, 0.176296055317, 0.135394945741, 0.110855683684, 0.0961532071233, 0.0971924960613, 0.135603934526, 0.15048097074, 0.127632185817, 0.099102139473, 0.0949377864599, 0.114487051964], "max": [1, 1, 1, 1, 1, 1, 1, 1, 1, 1, 1, 1, 1, 1, 1, 1, 1, 1, 1, 1, 1, 1, 1, 1, 1, 1, 1, 1, 1, 1, 1, 1, 1, 1, 1, 1], "var": [0.0459456555545, 0.0581061057746, 0.03567956388, 0.0331423617899, 0.0464447028935, 0.0287857241929, 0.0266901645809, 0.0368767790496, 0.0532141812146, 0.112749747932, 0.14706325531, 0.0629166737199, 0.0405324026942, 0.0307356510311, 0.0278568528593, 0.0491467341781, 0.0801494643092, 0.0529102496803, 0.0509147457778, 0.0629572346807, 0.0378268882632, 0.0318324044347, 0.0403365492821, 0.0628498494625, 0.106953747571, 0.0775315612555, 0.0452657975256, 0.0317976698279, 0.0260222256184, 0.0236345585436, 0.0506935790181, 0.0899134203792, 0.0415956415236, 0.0264069475234, 0.0319084376097, 0.039623491466], "mean": [0.131654039025, 0.149157464504, 0.114568524063, 0.0983363240957, 0.104719363153, 0.0843595862389, 0.0743875801563, 0.0953026935458, 0.156406462193, 0.32739636302, 0.389356553555, 0.236002787948, 0.122403390706, 0.089744374156, 0.0849033370614, 0.133305430412, 0.17903406918, 0.14807228744, 0.128478750587, 0.133991554379, 0.110467486084, 0.10778658092, 0.123987875879, 0.169925749302, 0.228275567293, 0.194815292954, 0.123171105981, 0.0916439518332, 0.0756183192134, 0.0755335688591, 0.163601368666, 0.224224358797, 0.14435993135, 0.0769979134202, 0.0804720893502, 0.0992692038417]}, "tuning_equal_tempered_deviation": 0.259684443474, "chords_changes_rate": 0.0743502378464, "key_key": "F", "tuning_diatonic_strength": 0.621951401234, "key_scale": "major", "chords_number_rate": 0.00234341714531, "tuning_frequency": 434.193115234, "tuning_nontempered_energy_ratio": 0.946899116039, "chords_histogram": [13.0379209518, 17.0430335999, 22.1559429169, 0.213037922978, 0.149126544595, 0, 3.64294838905, 0, 0.447379618883, 0.191734135151, 0.532594799995, 0, 0, 0.0213037915528, 0, 1.57648062706, 1.19301235676, 5.15551757812, 9.88495922089, 13.9113759995, 5.73072004318, 0, 0.447379618883, 4.66553068161], "key_strength": 0.807090520859, "chords_key": "C", "chords_strength": {"dmean2": 0.010652677156, "median": 0.531685650349, "min": 0.226341247559, "dvar2": 0.000114775117254, "dvar": 7.04429112375e-05, "dmean": 0.0091931540519, "max": 0.79133605957, "var": 0.00768056465313, "mean": 0.522918820381}, "chords_scale": "major", "hpcp_entropy": {"dmean2": 1.13163912296, "median": 2.35784029961, "min": 0, "dvar2": 0.840193331242, "dvar": 0.317080825567, "dmean": 0.675422310829, "max": 4.57438755035, "var": 1.0134677887, "mean": 2.35735464096}}, "metadata": {"audio_properties": {"equal_loudness": 0, "codec": "vorbis", "downmix": "mix", "sample_rate": 44100, "analysis_sample_rate": 44100, "bit_rate": 256000, "md5_encoded": "721ff36218190439fd57d2071f3012c3", "length": 217.932342529, "replay_gain": -9.87725067139, "lossless": false}, "version": {"essentia_build_sha": "70f2e5ece6736b2c40cc944ad0e695b16b925413", "essentia": "2.1-beta2", "extractor": "music 1.0", "essentia_git_sha": "v2.1_beta2"}, "tags": {"title": ["Let Me Die"], "barcode": ["727361697525"], "media": ["CD"], "albumartist": ["Alastis"], "tracktotal": ["11"], "musicbrainz_releasegroupid": ["cfda6b1e-089c-3dca-9808-5dd105ec4616"], "releasetype": ["album"], "musicbrainz_recordingid": ["082cc3ce-c3b1-44c3-8ba6-351339371e4c"], "musicbrainz_albumartistid": ["f7170223-b50c-4d47-a4be-a580ed63e2ee"], "discnumber": ["1"], "album": ["...and Death Smiled"], "catalognumber": ["CD AR 029"], "releasecountry": ["FR"], "file_name": "03 - Let me die.ogg", "originaldate": ["1995"], "albumartistsort": ["Alastis"], "date": ["1995"], "genre": ["Black Metal"], "disctotal": ["1"], "musicbrainz_artistid": ["f7170223-b50c-4d47-a4be-a580ed63e2ee"], "asin": ["B000051SW5"], "musicbrainz_albumid": ["46d92d96-8b66-4c63-9c54-75d9b96441ed"], "tracknumber": ["3"], "encodedby": ["Volosatyi"], "artistsort": ["Alastis"], "artist": ["Alastis"], "label": ["Adipocere Records"], "releasestatus": ["official"], "totaldiscs": ["1"], "script": ["Latn"], "totaltracks": ["11"]}}, "rhythm": {"bpm_histogram_first_peak_bpm": {"dmean2": 0, "median": 120, "min": 120, "dvar2": 0, "dvar": 0, "dmean": 0, "max": 120, "var": 0, "mean": 120}, "bpm": 119.552131653, "bpm_histogram_second_peak_spread": {"dmean2": 0, "median": 0.198473274708, "min": 0.198473274708, "dvar2": 0, "dvar": 0, "dmean": 0, "max": 0.198473274708, "var": 0, "mean": 0.198473274708}, "bpm_histogram_first_peak_weight": {"dmean2": 0, "median": 0.32151299715, "min": 0.32151299715, "dvar2": 0, "dvar": 0, "dmean": 0, "max": 0.32151299715, "var": 0, "mean": 0.32151299715}, "onset_rate": 4.13389778137, "beats_position": [0.49922901392, 0.99845802784, 1.48607707024, 1.98530614376, 2.48453521729, 2.9837641716, 3.48299312592, 3.98222208023, 4.48145103455, 4.98067998886, 5.4915189743, 5.99074840546, 6.5015873909, 7.00081634521, 7.50004529953, 7.98766422272, 8.48689365387, 8.99773216248, 9.50857162476, 10.0194101334, 10.5302495956, 11.0294780731, 11.5287075043, 12.0279359818, 12.5155553818, 13.0147848129, 13.5140132904, 14.0016326904, 14.5008611679, 15.0000905991, 15.4993190765, 15.9985485077, 16.50938797, 17.0202255249, 17.5310649872, 18.0419044495, 18.5527439117, 19.0635814667, 19.5628108978, 20.0736503601, 20.5728797913, 21.0837192535, 21.5829467773, 22.0821762085, 22.5814056396, 23.0806350708, 23.5798625946, 24.0790920258, 24.5783214569, 25.0775508881, 25.5767803192, 26.076007843, 26.5752372742, 27.0744667053, 27.5620861053, 28.0613155365, 28.5605430603, 29.0597724915, 29.5590019226, 30.0582313538, 30.5574588776, 31.0566883087, 31.5559177399, 32.0551452637, 32.5543746948, 33.0652160645, 33.5644454956, 34.0636711121, 34.5629005432, 35.0621299744, 35.5613594055, 36.0605888367, 36.5714263916, 37.0822677612, 37.5698852539, 38.0691146851, 38.5683441162, 39.0675735474, 39.5668029785, 40.0660324097, 40.5652618408, 41.0644874573, 41.5637168884, 42.0513381958, 42.5389556885, 43.0381851196, 43.5374145508, 44.0482521057, 44.5358734131, 45.046710968, 45.5575485229, 46.0567779541, 46.5560073853, 47.0668487549, 47.5776863098, 48.076915741, 48.5761451721, 49.0869827271, 49.5862121582, 50.0854415894, 50.573059082, 51.0606803894, 51.5482978821, 52.0591392517, 52.5583648682, 53.0575942993, 53.5568237305, 54.0676651001, 54.5668907166, 55.0777320862, 55.5769615173, 56.0877990723, 56.5870285034, 57.0746459961, 57.5738754272, 58.0731048584, 58.5723342896, 59.0715637207, 59.5591812134, 60.0584106445, 60.5576400757, 61.0568695068, 61.556098938, 62.0553283691, 62.5545578003, 63.0537872314, 63.5530128479, 64.0406341553, 64.5398635864, 65.0623092651, 65.5731506348, 66.0839920044, 66.5948257446, 67.0824508667, 67.5816802979, 68.0809020996, 68.5685272217, 69.0677566528, 69.566986084, 70.0662155151, 70.5654373169, 71.064666748, 71.5522918701, 72.0515213013, 72.5507507324, 73.0383682251, 73.5375976562, 74.0484313965, 74.5592727661, 75.0701141357, 75.580947876, 76.068572998, 76.5794067383, 77.0786361694, 77.5778656006, 78.0770950317, 78.5647125244, 79.0639419556, 79.5515594482, 80.0391845703, 80.5500183105, 81.0608596802, 81.5717010498, 82.08253479, 82.5701599121, 83.0809936523, 83.5802230835, 84.0794525146, 84.5786819458, 85.077911377, 85.5655288696, 86.0647583008, 86.5639877319, 87.0516052246, 87.5392303467, 88.0384597778, 88.5492935181, 89.0485229492, 89.5593643188, 90.0702056885, 90.5810394287, 91.0802688599, 91.579498291, 92.0787277222, 92.5779571533, 93.0887985229, 93.5996322632, 94.1104736328, 94.6213150024, 95.1089324951, 95.5965499878, 96.0841674805, 96.5833969116, 97.0942382812, 97.5934677124, 98.0810852051, 98.5919265747, 99.0795440674, 99.5787734985, 100.07800293, 100.577232361, 101.076461792, 101.587303162, 102.086524963, 102.585754395, 103.073379517, 103.560997009, 104.06022644, 104.559455872, 105.070289612, 105.581130981, 106.080360413, 106.591201782, 107.090431213, 107.589660645, 108.088890076, 108.588119507, 109.087341309, 109.58657074, 110.085800171, 110.585029602, 111.084259033, 111.583488464, 112.082717896, 112.570335388, 113.05796051, 113.557182312, 114.056411743, 114.567253113, 115.078094482, 115.588935852, 116.111381531, 116.633827209, 117.156280518, 117.678726196, 118.189567566, 118.712013245, 119.234466553, 119.745300293, 120.267753601, 120.79019928, 121.312652588, 121.835098267, 122.369155884, 122.891609192, 123.414054871, 123.92489624, 124.43573761, 124.94657135, 125.469024658, 125.991470337, 126.502311707, 127.013153076, 127.535598755, 128.046432495, 128.557281494, 129.079727173, 129.625396729, 130.171066284, 130.71673584, 131.239181519, 131.761627197, 132.284072876, 132.806533813, 133.317367554, 133.839813232, 134.350662231, 134.861495972, 135.372329712, 135.894775391, 136.417236328, 136.951293945, 137.485351562, 138.007797241, 138.53024292, 139.052688599, 139.563537598, 140.085983276, 140.596817017, 141.107666016, 141.630111694, 142.152557373, 142.68661499, 143.220672607, 143.743133545, 144.265579224, 144.799636841, 145.333694458, 145.856140137, 146.378585815, 146.912643433, 147.423492432, 147.94593811, 148.468383789, 148.979232788, 149.490066528, 150.000900269, 150.511749268, 151.034194946, 151.556640625, 152.067474365, 152.589935303, 153.112380981, 153.63482666, 154.168884277, 154.691329956, 155.225387573, 155.736236572, 156.247070312, 156.769515991, 157.291976929, 157.814422607, 158.336868286, 158.859313965, 159.381759644, 159.892608643, 160.415054321, 160.9375, 161.471557617, 162.005615234, 162.539672852, 163.062133789, 163.607803345, 164.141860962, 164.675918579, 165.186752319, 165.69758606, 166.220046997, 166.742492676, 167.264938354, 167.787384033, 168.298233032, 168.809066772, 169.319900513, 169.84236145, 170.364807129, 170.887252808, 171.409698486, 171.932144165, 172.454605103, 172.965438843, 173.487884521, 174.0103302, 174.532791138, 175.055236816, 175.566070557, 176.076919556, 176.599365234, 177.133422852, 177.65586853, 178.189926147, 178.723983765, 179.258041382, 179.792098999, 180.314559937, 180.837005615, 181.347839355, 181.870285034, 182.392745972, 182.903579712, 183.414413452, 183.93687439, 184.459320068, 184.981765747, 185.504211426, 186.026657104, 186.549118042, 187.083175659, 187.594009399, 188.10484314, 188.627304077, 189.149749756, 189.660583496, 190.183029175, 190.705490112, 191.216323853, 191.738769531, 192.26121521, 192.783676147, 193.317733765, 193.840179443, 194.362625122, 194.885070801, 195.407531738, 195.929977417, 196.464035034, 196.986480713, 197.508926392, 198.03137207, 198.553833008, 199.076278687, 199.598724365, 200.109558105, 200.632019043, 201.154464722, 201.6769104, 202.199356079, 202.721817017, 203.244262695, 203.766708374, 204.289154053, 204.82321167, 205.334060669, 205.844894409, 206.355728149, 206.878189087, 207.412246704, 207.934692383, 208.538406372, 209.142120361, 209.745849609, 210.361175537, 210.999725342, 211.638275146, 212.276824951, 212.834106445, 213.391372681, 213.948654175, 214.482711792, 215.028381348, 215.574050903, 216.119720459, 216.665390015, 217.21105957], "beats_loudness": {"dmean2": 0.0401432104409, "median": 0.0449358075857, "min": 5.48346590357e-10, "dvar2": 0.00113664194942, "dvar": 0.000397765950765, "dmean": 0.0232338197529, "max": 0.124968856573, "var": 0.000647110922728, "mean": 0.0484676659107}, "danceability": 1.22995936871, "bpm_histogram_second_peak_weight": {"dmean2": 0, "median": 0.248226955533, "min": 0.248226955533, "dvar2": 0, "dvar": 0, "dmean": 0, "max": 0.248226955533, "var": 0, "mean": 0.248226955533}, "beats_count": 424, "bpm_histogram_second_peak_bpm": {"dmean2": 0, "median": 115, "min": 115, "dvar2": 0, "dvar": 0, "dmean": 0, "max": 115, "var": 0, "mean": 115}, "bpm_histogram_first_peak_spread": {"dmean2": 0, "median": 0.50183147192, "min": 0.50183147192, "dvar2": 0, "dvar": 0, "dmean": 0, "max": 0.50183147192, "var": 0, "mean": 0.50183147192}, "beats_loudness_band_ratio": {"dmean2": [0.306841701269, 0.196768000722, 0.104086041451, 0.0509199909866, 0.0452753789723, 0.148825734854], "median": [0.614464879036, 0.162047863007, 0.0525876581669, 0.0327843502164, 0.0376815982163, 0.0801745206118], "min": [0.0478078871965, 0.0145298643038, 0.00450136838481, 0.00321137183346, 0.00743859540671, 9.04535409063e-05], "dvar2": [0.0595649369061, 0.0275035724044, 0.0141712781042, 0.00355799472891, 0.00203234050423, 0.0199548862875], "dvar": [0.0249798875302, 0.0100919799879, 0.00487858243287, 0.00129239540547, 0.000699965807144, 0.00679744593799], "dmean": [0.180652841926, 0.112905435264, 0.0593759827316, 0.0290093328804, 0.026634240523, 0.0841549709439], "max": [0.954799592495, 0.641184151173, 0.477390140295, 0.296518594027, 0.259162932634, 0.490042209625], "var": [0.0521825887263, 0.0198272932321, 0.00675139017403, 0.00155203067698, 0.000931302201934, 0.00993998348713], "mean": [0.566643059254, 0.199961259961, 0.0848810821772, 0.04370142892, 0.0460197329521, 0.112551353872]}}, "lowlevel": {"barkbands_spread": {"dmean2": 16.4836215973, "median": 29.6742458344, "min": 0.0161366593093, "dvar2": 309.896575928, "dvar": 113.779899597, "dmean": 9.7685174942, "max": 102.018928528, "var": 296.588562012, "mean": 32.8619384766}, "melbands_spread": {"dmean2": 15.1369018555, "median": 20.4865550995, "min": 0.0616669617593, "dvar2": 258.762451172, "dvar": 95.3120193481, "dmean": 8.94849586487, "max": 155.089523315, "var": 328.657501221, "mean": 24.9013290405}, "hfc": {"dmean2": 26.0030059814, "median": 25.2130432129, "min": 1.06867963198e-16, "dvar2": 1909.64343262, "dvar": 714.812988281, "dmean": 15.3312931061, "max": 308.309417725, "var": 897.947814941, "mean": 34.3590774536}, "barkbands_kurtosis": {"dmean2": 10.4420070648, "median": 1.97601222992, "min": -1.85279750824, "dvar2": 63025.8515625, "dvar": 27635.6582031, "dmean": 6.34339904785, "max": 12847.3554688, "var": 43665.8203125, "mean": 12.3493776321}, "gfcc": {"mean": [42.2047195435, 74.0263519287, -101.000701904, 57.617980957, -55.4250144958, 13.8562202454, -35.3284072876, 1.12581181526, -21.5068340302, 3.58675026894, -18.5758113861, 0.699080467224, -9.56035232544], "icov": [[0.000148236227687, -4.19277530455e-05, 0.0001137337822, -0.00022649494349, 0.000213653212995, -0.000162641517818, 0.000199814312509, -0.00044194117072, 0.000526853022166, -0.000269135867711, 0.00029260921292, -0.000137873648782, 0.00021616043523], [-4.19277530455e-05, 0.00258400151506, 0.00261987117119, 4.13287743868e-05, -0.00283529609442, 0.000488652731292, 6.58535791445e-05, 0.00104254856706, -0.00240303622559, 0.000609944108874, -0.000764105876442, 0.000942743849009, -0.00122018333059], [0.0001137337822, 0.00261987117119, 0.00705063389614, -0.000116519899166, -0.00597488740459, -0.000141472744872, 0.00236690975726, -0.00433117384091, 0.00117831118405, -0.000629051995929, -0.00105902587529, 9.28690133151e-05, -0.000115406583063], [-0.00022649494349, 4.13287743868e-05, -0.000116519899166, 0.00334836426191, -0.000157915463205, -0.00110433192458, -0.000884880020749, 0.00129540322814, -0.000846256501973, 9.34103445616e-05, -0.000820629298687, 0.0015527557116, -0.0020812372677], [0.000213653212995, -0.00283529609442, -0.00597488740459, -0.000157915463205, 0.012912210077, 0.000325255765347, -0.00533677451313, 0.00242953002453, 0.000555858539883, -0.000469747319585, 0.000941106118262, -0.00105923286173, -0.00220785662532], [-0.000162641517818, 0.000488652731292, -0.000141472744872, -0.00110433192458, 0.000325255765347, 0.0149476081133, -0.000358383433195, -0.00804025121033, 0.00165328674484, 0.00159402063582, -0.00210600881837, 0.000216162705328, 0.00135778274853], [0.000199814312509, 6.58535791445e-05, 0.00236690975726, -0.000884880020749, -0.00533677451313, -0.000358383433195, 0.0115025965497, -0.00483474880457, -0.00138856854755, 0.00143209844828, 0.000520217057783, 0.00171286438126, 0.000466058845632], [-0.00044194117072, 0.00104254856706, -0.00433117384091, 0.00129540322814, 0.00242953002453, -0.00804025121033, -0.00483474880457, 0.0230125393718, -0.00588692957535, -0.00423451606184, 0.00292317057028, 0.00387696921825, -0.00159519468434], [0.000526853022166, -0.00240303622559, 0.00117831118405, -0.000846256501973, 0.000555858539883, 0.00165328674484, -0.00138856854755, -0.00588692957535, 0.022778686136, -0.0064536142163, -0.00327268103138, 0.00349882664159, -0.000816306972411], [-0.000269135867711, 0.000609944108874, -0.000629051995929, 9.34103445616e-05, -0.000469747319585, 0.00159402063582, 0.00143209844828, -0.00423451606184, -0.0064536142163, 0.0253304764628, -0.00735972262919, -0.00557499099523, 0.00572204543278], [0.00029260921292, -0.000764105876442, -0.00105902587529, -0.000820629298687, 0.000941106118262, -0.00210600881837, 0.000520217057783, 0.00292317057028, -0.00327268103138, -0.00735972262919, 0.0238224659115, -0.00607155449688, -0.0010812159162], [-0.000137873648782, 0.000942743849009, 9.28690133151e-05, 0.0015527557116, -0.00105923286173, 0.000216162705328, 0.00171286438126, 0.00387696921825, 0.00349882664159, -0.00557499099523, -0.00607155449688, 0.0295941215008, -0.0129213528708], [0.00021616043523, -0.00122018333059, -0.000115406583063, -0.0020812372677, -0.00220785662532, 0.00135778274853, 0.000466058845632, -0.00159519468434, -0.000816306972411, 0.00572204543278, -0.0010812159162, -0.0129213528708, 0.0320001244545]], "cov": [[12284.4658203, -1609.90820312, 284.693389893, 468.678710938, -674.710693359, 488.98147583, -375.180480957, 441.155212402, -374.449493408, 113.78061676, -186.523086548, -43.4737243652, -206.457214355], [-1609.90820312, 1709.76477051, -683.442626953, 61.4342956543, 215.264480591, -237.537506104, 170.070114136, -270.113769531, 201.110076904, -69.2007141113, 54.8952255249, -8.92777919769, 102.343132019], [284.693389893, -683.442626953, 570.67401123, -22.5002536774, 63.4195556641, 117.379104614, -33.8616905212, 159.905792236, -70.6663131714, 43.9559020996, -6.88118076324, 8.84795951843, -25.8511714935], [468.678710938, 61.4342956543, -22.5002536774, 371.430999756, 14.3200893402, 31.6086063385, 37.4976997375, 4.43917989731, 14.4153757095, -3.10591983795, 6.93643283844, -14.7698469162, 17.7683029175], [-674.710693359, 215.264480591, 63.4195556641, 14.3200893402, 209.84437561, -28.9753456116, 89.600479126, -18.0651702881, 33.6238327026, -6.84476566315, 13.2664337158, 5.45010232925, 32.1586990356], [488.98147583, -237.537506104, 117.379104614, 31.6086063385, -28.9753456116, 132.840301514, -3.54608845711, 86.7365341187, -24.4677639008, 13.3386192322, -7.87494659424, -10.5923728943, -20.6940898895], [-375.180480957, 170.070114136, -33.8616905212, 37.4976997375, 89.600479126, -3.54608845711, 157.005981445, 11.2193717957, 40.3888664246, -10.7073354721, -0.704306602478, -18.2737808228, 11.4832868576], [441.155212402, -270.113769531, 159.905792236, 4.43917989731, -18.0651702881, 86.7365341187, 11.2193717957, 133.578842163, -10.367980957, 26.056810379, -13.5777482986, -16.0743217468, -22.7186279297], [-374.449493408, 201.110076904, -70.6663131714, 14.4153757095, 33.6238327026, -24.4677639008, 40.3888664246, -10.367980957, 86.0731964111, 10.7858858109, 18.9741325378, -7.77413511276, 10.9025316238], [113.78061676, -69.2007141113, 43.9559020996, -3.10591983795, -6.84476566315, 13.3386192322, -10.7073354721, 26.056810379, 10.7858858109, 59.7461128235, 18.6747875214, 9.51907920837, -8.96763896942], [-186.523086548, 54.8952255249, -6.88118076324, 6.93643283844, 13.2664337158, -7.87494659424, -0.704306602478, -13.5777482986, 18.9741325378, 18.6747875214, 59.7571640015, 17.5622062683, 10.6175813675], [-43.4737243652, -8.92777919769, 8.84795951843, -14.7698469162, 5.45010232925, -10.5923728943, -18.2737808228, -16.0743217468, -7.77413511276, 9.51907920837, 17.5622062683, 52.8119125366, 19.3327598572], [-206.457214355, 102.343132019, -25.8511714935, 17.7683029175, 32.1586990356, -20.6940898895, 11.4832868576, -22.7186279297, 10.9025316238, -8.96763896942, 10.6175813675, 19.3327598572, 49.4531707764]]}, "spectral_energyband_middle_low": {"dmean2": 0.00909101590514, "median": 0.0121183088049, "min": 1.60364188652e-22, "dvar2": 0.000166425306816, "dvar": 5.89281444263e-05, "dmean": 0.0054078460671, "max": 0.102052226663, "var": 7.55213550292e-05, "mean": 0.0139551209286}, "melbands_crest": {"dmean2": 6.12118816376, "median": 13.2385540009, "min": 1.53849506378, "dvar2": 27.303812027, "dvar": 9.89237499237, "dmean": 3.6351351738, "max": 39.8368034363, "var": 23.0358276367, "mean": 13.9676084518}, "spectral_kurtosis": {"dmean2": 1.44075381756, "median": 1.61434793472, "min": -1.26950728893, "dvar2": 16.4959983826, "dvar": 5.7944226265, "dmean": 0.839817225933, "max": 76.5489501953, "var": 18.5719795227, "mean": 2.17731428146}, "spectral_rms": {"dmean2": 0.00253291637637, "median": 0.00554909417406, "min": 3.11304996538e-12, "dvar2": 9.01673138287e-06, "dvar": 3.30400598614e-06, "dmean": 0.00150815444067, "max": 0.0149549553171, "var": 4.7805383474e-06, "mean": 0.00599292619154}, "zerocrossingrate": {"dmean2": 0.0167951583862, "median": 0.0703125, "min": 0, "dvar2": 0.000257351319306, "dvar": 0.000172868458321, "dmean": 0.0131678832695, "max": 0.5380859375, "var": 0.0023112713825, "mean": 0.0803945437074}, "silence_rate_60dB": {"dmean2": 0.000426212034654, "median": 0, "min": 0, "dvar2": 0.000426086975494, "dvar": 0.000213037928916, "dmean": 0.000213083316339, "max": 1, "var": 0.0164461340755, "mean": 0.0167252589017}, "erbbands_kurtosis": {"dmean2": 0.77778595686, "median": -0.945410728455, "min": -1.78988540173, "dvar2": 1.17843925953, "dvar": 0.420150816441, "dmean": 0.458777159452, "max": 10.0114860535, "var": 0.52763146162, "mean": -0.750628888607}, "erbbands": {"dmean2": [0.592582523823, 6.49955463409, 14.1926412582, 12.4661464691, 17.7358436584, 15.6262207031, 13.5637235641, 12.3533554077, 9.34998226166, 9.30447292328, 16.1637363434, 32.9596214294, 15.6266145706, 10.5083742142, 13.8070487976, 12.7225322723, 14.2295131683, 19.477563858, 18.7299671173, 11.4381504059, 15.7559671402, 22.2026081085, 22.6342601776, 22.2060852051, 37.1241264343, 50.6210632324, 52.9090118408, 27.8334064484, 18.9338436127, 14.8450603485, 12.4412403107, 9.04288101196, 6.32959699631, 3.8104763031, 1.76550555229, 0.734437644482, 0.207913860679, 0.0414815060794, 0.00619019754231, 0.000313537108013], "median": [0.126796603203, 1.19312405586, 3.32441496849, 7.19427776337, 9.7280664444, 13.2913961411, 13.8033342361, 10.866815567, 8.82829666138, 6.31135940552, 6.56566810608, 9.93944072723, 6.54908418655, 5.23353815079, 6.2833313942, 9.03803920746, 8.48272132874, 12.0355186462, 14.4265460968, 11.1049633026, 20.8590259552, 18.8766803741, 12.6915721893, 16.4167137146, 14.7338666916, 15.3887338638, 16.4422988892, 16.9369106293, 17.5314350128, 9.92519569397, 7.31608200073, 3.94386506081, 2.28121161461, 1.25109946728, 0.536122024059, 0.171542450786, 0.0410499200225, 0.00529174832627, 0.000480368064018, 6.99508018442e-05], "min": [1.75083361267e-22, 1.28065865445e-21, 2.0992531282e-21, 1.93155437591e-21, 1.18554005317e-20, 1.96235077864e-20, 3.2324056683e-20, 1.11365691088e-19, 2.73330433835e-19, 1.5657789703e-19, 2.25629280204e-19, 3.28213712382e-19, 6.14171265063e-19, 6.438736148e-19, 1.01586237143e-18, 1.63899127875e-18, 2.09149991586e-18, 2.78528483334e-18, 2.3980133462e-18, 3.0623793784e-18, 4.8927753912e-18, 6.00526548628e-18, 6.95089464023e-18, 6.74466362427e-18, 7.07817788417e-18, 6.7672539268e-18, 9.86914730947e-18, 9.85390071642e-18, 1.09257481193e-17, 1.26826532706e-17, 1.25936420192e-17, 1.01203422092e-17, 1.0854081191e-17, 1.00781659241e-17, 6.55311051469e-18, 4.60226087468e-18, 2.63560526072e-18, 1.0370815187e-18, 2.43048876724e-19, 2.89381834848e-20], "dvar2": [0.774754881859, 103.453819275, 487.989929199, 267.3019104, 932.346923828, 697.498535156, 362.444793701, 633.852722168, 581.182922363, 477.907836914, 2338.25292969, 8355.12011719, 1439.19055176, 981.182312012, 1419.00683594, 719.929138184, 1209.9831543, 1076.39428711, 1351.92956543, 427.100952148, 271.952148438, 2368.56713867, 1863.01782227, 958.439880371, 3661.72192383, 9702.56054688, 10851.7431641, 2505.44262695, 763.925842285, 610.65814209, 598.45904541, 423.941192627, 212.852416992, 87.8045806885, 16.2931232452, 3.18523168564, 0.255467653275, 0.0117910234258, 0.000313780503348, 7.43104521916e-07], "dvar": [0.270069479942, 36.7086906433, 174.207855225, 96.221862793, 322.885375977, 244.241500854, 133.82800293, 273.386413574, 211.878005981, 203.061584473, 1001.98742676, 3664.52880859, 539.768981934, 345.855529785, 521.072692871, 278.556213379, 482.339324951, 432.413238525, 526.41595459, 159.770370483, 98.9797058105, 822.034118652, 662.142089844, 345.428161621, 1325.72558594, 3410.17211914, 3822.39941406, 902.351135254, 275.115570068, 223.451583862, 220.692474365, 160.621124268, 82.5954742432, 33.5543060303, 6.63929128647, 1.28685450554, 0.108676172793, 0.00496021006256, 0.000131424836582, 3.11505573336e-07], "dmean": [0.334533900023, 3.59758973122, 7.86769628525, 7.20710468292, 10.2129631042, 9.35584259033, 8.57361316681, 7.85826206207, 6.01402044296, 5.8835401535, 10.2734670639, 21.1551570892, 9.63830566406, 6.25390625, 8.7405462265, 7.88333702087, 8.89730834961, 11.8394594193, 11.2815418243, 6.83141756058, 9.38033771515, 12.7093372345, 12.7364740372, 12.6143703461, 20.6301174164, 27.5701847076, 28.8738441467, 15.6708860397, 10.7687759399, 8.5028295517, 7.23858737946, 5.4492020607, 3.89867925644, 2.322275877, 1.09686589241, 0.467690944672, 0.133783087134, 0.0266446415335, 0.00400431267917, 0.000202390569029], "max": [4.14925146103, 44.1199798584, 113.849060059, 118.646217346, 251.657440186, 280.914001465, 241.693878174, 468.906677246, 490.369537354, 490.560577393, 824.838745117, 1498.05615234, 473.414428711, 358.592376709, 604.502685547, 503.695770264, 591.347717285, 615.389465332, 767.722290039, 258.499023438, 144.732421875, 636.683654785, 426.938140869, 271.702178955, 670.079162598, 595.545227051, 712.170654297, 447.897521973, 205.943954468, 174.155441284, 236.276580811, 222.060974121, 130.734649658, 162.744506836, 70.3926467896, 22.782623291, 6.79839754105, 1.08695840836, 0.198503434658, 0.0096965264529], "var": [0.245918616652, 28.0072364807, 143.340988159, 105.679260254, 308.107330322, 328.784423828, 261.261932373, 472.15914917, 347.43927002, 412.892150879, 1933.18969727, 7759.03027344, 712.943481445, 261.860412598, 491.86706543, 423.613037109, 1540.5526123, 690.968322754, 655.721191406, 168.43460083, 155.644424438, 598.669250488, 525.312866211, 345.514801025, 1118.17114258, 2438.2109375, 2868.89453125, 851.392700195, 370.874359131, 312.83303833, 319.333007812, 199.332672119, 99.5719833374, 41.7734680176, 10.2654829025, 1.82036221027, 0.173265606165, 0.0064521767199, 0.000141454889672, 3.24302561694e-07], "mean": [0.341455698013, 3.27717065811, 7.74209737778, 10.16755867, 14.8739280701, 18.5070934296, 18.3529949188, 15.883146286, 14.6052589417, 11.3958091736, 17.4136695862, 34.7218780518, 14.4910945892, 9.16759681702, 12.8304653168, 15.0434989929, 18.1988620758, 20.3866176605, 20.1121234894, 13.9591264725, 22.8613777161, 23.4489345551, 18.884393692, 21.4606113434, 26.4195594788, 32.1969795227, 34.3159370422, 25.6494617462, 22.8514022827, 15.5111656189, 13.1742925644, 8.75921058655, 5.74307489395, 3.38410520554, 1.67922568321, 0.681387662888, 0.194204375148, 0.0338819287717, 0.00444103870541, 0.000245516974246]}, "spectral_strongpeak": {"dmean2": 0.545382678509, "median": 0.392538905144, "min": 0, "dvar2": 0.672017872334, "dvar": 0.238067433238, "dmean": 0.312968194485, "max": 10.9643125534, "var": 0.301396638155, "mean": 0.54122453928}, "spectral_energy": {"dmean2": 0.0397722758353, "median": 0.0315622575581, "min": 9.93335671338e-21, "dvar2": 0.002936872188, "dvar": 0.00107107567601, "dmean": 0.0230397861451, "max": 0.229241967201, "var": 0.00104216986801, "mean": 0.0417128205299}, "average_loudness": 0.953207433224, "spectral_rolloff": {"dmean2": 1684.87316895, "median": 1184.32617188, "min": 21.533203125, "dvar2": 4417972, "dvar": 1702269.75, "dmean": 973.510253906, "max": 19789.0136719, "var": 4598389, "mean": 1928.68835449}, "spectral_centroid": {"dmean2": 636.284729004, "median": 1614.11291504, "min": 304.589233398, "dvar2": 463053.6875, "dvar": 176390.09375, "dmean": 376.146179199, "max": 11581.9140625, "var": 669891.625, "mean": 1717.94824219}, "pitch_salience": {"dmean2": 0.166074693203, "median": 0.621515333652, "min": 0.0132621517405, "dvar2": 0.0252911671996, "dvar": 0.00877697858959, "dmean": 0.0971717834473, "max": 0.954647123814, "var": 0.0140385506675, "mean": 0.595222711563}, "spectral_energyband_middle_high": {"dmean2": 0.0025088172406, "median": 0.00308093591593, "min": 1.25888316521e-21, "dvar2": 2.31252633967e-05, "dvar": 8.33812191559e-06, "dmean": 0.00148062396329, "max": 0.0506489761174, "var": 8.86762700247e-06, "mean": 0.00381805677898}, "spectral_contrast_coeffs": {"dmean2": [0.0911106616259, 0.0707359090447, 0.0569936782122, 0.04360390082, 0.0356188863516, 0.0341081395745], "median": [-0.646539926529, -0.741433024406, -0.79601329565, -0.813180446625, -0.806467592716, -0.722081065178], "min": [-0.980460703373, -0.976393818855, -0.979663848877, -0.970652163029, -0.965022802353, -0.962844312191], "dvar2": [0.00550492620096, 0.00359411095269, 0.00205913046375, 0.00114792876411, 0.00093897106126, 0.00116352527402], "dvar": [0.00188754638657, 0.00131056469399, 0.000789122947026, 0.000411823071772, 0.000324364285916, 0.000468228827231], "dmean": [0.0534554496408, 0.0430464856327, 0.0350387915969, 0.0258703064173, 0.0208068490028, 0.0208937283605], "max": [-0.37491351366, -0.497268974781, -0.547148644924, -0.64003443718, -0.582006216049, -0.553200542927], "var": [0.00493676075712, 0.00365553167649, 0.00277731195092, 0.00122464436572, 0.000899710168596, 0.0025621552486], "mean": [-0.644681870937, -0.739414691925, -0.78969848156, -0.809854745865, -0.80374956131, -0.716020703316]}, "melbands_skewness": {"dmean2": 1.86515128613, "median": 3.5495390892, "min": -0.271159440279, "dvar2": 4.64313316345, "dvar": 1.73766207695, "dmean": 1.10602712631, "max": 51.9723434448, "var": 4.95629405975, "mean": 3.98557543755}, "spectral_spread": {"dmean2": 914078.25, "median": 5399401.5, "min": 832210, "dvar2": 1727051595780.0, "dvar": 794962034688, "dmean": 587201.1875, "max": 45676272, "var": 5944297127940.0, "mean": 5558714}, "dissonance": {"dmean2": 0.0163331907243, "median": 0.48404353857, "min": 0.356448709965, "dvar2": 0.000269183452474, "dvar": 9.62155027082e-05, "dmean": 0.00969050545245, "max": 0.500000059605, "var": 0.000196526190848, "mean": 0.480477422476}, "spectral_skewness": {"dmean2": 0.280654013157, "median": 0.972210049629, "min": -0.100854724646, "dvar2": 0.138508871198, "dvar": 0.0491626672447, "dmean": 0.165327563882, "max": 6.29962205887, "var": 0.174288704991, "mean": 1.01812851429}, "spectral_flux": {"dmean2": 0.0621764957905, "median": 0.101048707962, "min": 0, "dvar2": 0.00455132406205, "dvar": 0.00234908307903, "dmean": 0.0387235619128, "max": 0.404620915651, "var": 0.00467964913696, "mean": 0.117717795074}, "spectral_contrast_valleys": {"dmean2": [0.654829919338, 0.508577346802, 0.473259836435, 0.360213071108, 0.463870882988, 0.462527364492], "median": [-6.40996408463, -6.51741409302, -7.2434668541, -7.16611814499, -6.74688196182, -9.18706893921], "min": [-27.8510875702, -27.8173217773, -27.9694461823, -27.7224674225, -27.4166679382, -27.3849887848], "dvar2": [0.289532512426, 0.209029600024, 0.222097814083, 0.119947463274, 0.273772716522, 0.425641089678], "dvar": [0.11837233603, 0.0912987291813, 0.0974496454, 0.0578079335392, 0.118928439915, 0.189812749624], "dmean": [0.388536542654, 0.308216750622, 0.28716468811, 0.217562571168, 0.274993926287, 0.30598950386], "max": [-4.83308410645, -4.73674964905, -4.98652648926, -5.52506732941, -5.14034223557, -7.14583730698], "var": [2.15950512886, 2.02186822891, 1.9217209816, 1.84786093235, 2.20657777786, 2.80207490921], "mean": [-6.56456136703, -6.64445829391, -7.34059047699, -7.3015332222, -6.89937973022, -9.55058002472]}, "erbbands_flatness_db": {"dmean2": 0.018775979057, "median": 0.103831671178, "min": 0.0380531661212, "dvar2": 0.000386369501939, "dvar": 0.000163779841387, "dmean": 0.0121459905058, "max": 0.335259407759, "var": 0.00133613450453, "mean": 0.110882796347}, "spectral_energyband_high": {"dmean2": 0.00306110293604, "median": 0.00189037015662, "min": 6.95450484417e-21, "dvar2": 2.861284338e-05, "dvar": 1.0521475815e-05, "dmean": 0.00175319681875, "max": 0.0337228067219, "var": 1.22652700156e-05, "mean": 0.00308769172989}, "spectral_entropy": {"dmean2": 0.179420799017, "median": 8.01487827301, "min": 5.88940954208, "dvar2": 0.0352016277611, "dvar": 0.0141423577443, "dmean": 0.110774487257, "max": 9.81856822968, "var": 0.113324061036, "mean": 7.97013807297}, "silence_rate_20dB": {"dmean2": 0, "median": 1, "min": 1, "dvar2": 0, "dvar": 0, "dmean": 0, "max": 1, "var": 0, "mean": 1}, "melbands_flatness_db": {"dmean2": 0.0554224438965, "median": 0.171426579356, "min": 0.00260880636051, "dvar2": 0.00296011613682, "dvar": 0.00103105732705, "dmean": 0.0327896177769, "max": 0.593279063702, "var": 0.00401284173131, "mean": 0.178590148687}, "barkbands": {"dmean2": [0.000512006168719, 0.0257551670074, 0.011757302098, 0.00404410343617, 0.00511604454368, 0.00143284467049, 0.000614180695266, 0.000592071563005, 0.00129487109371, 0.0003851861984, 0.000363617931725, 0.000297409918858, 0.000316648656735, 0.000441306707216, 0.000304801389575, 0.000255423539784, 0.000426448648795, 0.000376149575459, 0.000671669491567, 0.00121980172116, 0.000813512713648, 0.000529935699888, 0.000427886698162, 0.00041889064596, 0.000285315181827, 0.000129187203129, 3.41095183103e-05], "median": [9.98651084956e-05, 0.00536318449304, 0.00316655496135, 0.00217022444122, 0.00430374871939, 0.00141834805254, 0.000505257805344, 0.000230648933211, 0.000437382550444, 0.000166904763319, 0.000163390577654, 0.000186083489098, 0.000167309233802, 0.000272919394774, 0.000205974996788, 0.000324266264215, 0.000356611359166, 0.000202466791961, 0.000354366842657, 0.000332912139129, 0.000397192779928, 0.000444804580184, 0.000266881717835, 0.000159730290761, 9.35955977184e-05, 2.7991078241e-05, 2.28148405768e-06], "min": [7.12511692762e-25, 6.98375088404e-24, 1.60256225149e-24, 8.13460004132e-25, 1.03924653983e-23, 8.71373389324e-24, 1.24130892197e-23, 9.11209760633e-24, 7.45617601435e-24, 7.53027687462e-24, 2.06373443876e-23, 3.61099343871e-23, 3.53421739334e-23, 5.80640690635e-23, 5.80308043768e-23, 9.53472952076e-23, 8.75739734435e-23, 1.09473029851e-22, 1.43072117796e-22, 1.30128424954e-22, 2.58469909564e-22, 3.51688883293e-22, 4.39197261375e-22, 5.71457857449e-22, 9.52669020772e-22, 1.34457733992e-21, 2.0218465116e-21], "dvar2": [6.38663323116e-07, 0.0015840951819, 0.000318811275065, 2.71785720543e-05, 8.02678623586e-05, 5.65934305996e-06, 2.09053359868e-06, 3.12281622428e-06, 1.04573928184e-05, 1.14394083539e-06, 1.10596670311e-06, 4.03760907375e-07, 5.68101256704e-07, 5.43124542673e-07, 4.02208740979e-07, 7.5046493464e-08, 7.57983002586e-07, 4.2037777348e-07, 1.12039947453e-06, 5.82268194194e-06, 2.0152392608e-06, 6.56197244098e-07, 6.63196146888e-07, 9.31778458835e-07, 4.53698476122e-07, 9.67726236922e-08, 9.29161458885e-09], "dvar": [2.54361765428e-07, 0.000561648863368, 0.000115069313324, 9.88967167359e-06, 2.74646627076e-05, 2.3418872388e-06, 7.8687463656e-07, 1.32800130359e-06, 4.5366186896e-06, 4.13517767583e-07, 3.93480092953e-07, 1.55280034164e-07, 2.26108426205e-07, 2.1210408363e-07, 1.54754189907e-07, 2.74677116607e-08, 2.62141725216e-07, 1.50780010699e-07, 4.05370116141e-07, 2.04550883609e-06, 7.24177596112e-07, 2.36951166244e-07, 2.43479718165e-07, 3.60224447604e-07, 1.78687429297e-07, 4.02088851104e-08, 3.89027121628e-09], "dmean": [0.000314645527396, 0.0144128315151, 0.00657047843561, 0.0023643465247, 0.00301251118071, 0.000902246916667, 0.00038942048559, 0.000378515571356, 0.000830746488646, 0.000232667705859, 0.000224778123084, 0.000182937917998, 0.000197177010705, 0.000267055118456, 0.000181754905498, 0.000152082997374, 0.000244339753408, 0.00021241948707, 0.000375348259695, 0.00066396931652, 0.00045044007129, 0.000300744519336, 0.000248718482908, 0.000256547355093, 0.000176512970938, 8.27260519145e-05, 2.19812009163e-05], "max": [0.0056282337755, 0.174172371626, 0.107442751527, 0.0406662970781, 0.0806031003594, 0.0384080410004, 0.0307495519519, 0.0296982582659, 0.0487183406949, 0.0144128780812, 0.0159888900816, 0.011236641556, 0.0112838223577, 0