{"tonal": {"thpcp": [1, 0.856011092663, 0.465925753117, 0.259906709194, 0.306260883808, 0.615804195404, 0.656793355942, 0.389912337065, 0.310173511505, 0.278824836016, 0.305119276047, 0.501472234726, 0.656118392944, 0.638342320919, 0.519557774067, 0.350439459085, 0.235516324639, 0.194553360343, 0.188823178411, 0.396616250277, 0.851604819298, 0.96037375927, 0.599263429642, 0.299352020025, 0.199971154332, 0.173521474004, 0.208440616727, 0.302585721016, 0.334687381983, 0.289612978697, 0.260190427303, 0.289137750864, 0.388688415289, 0.519519269466, 0.677907645702, 0.849061131477], "hpcp": {"dmean2": [0.261059999466, 0.298838853836, 0.350495159626, 0.37846571207, 0.401986628771, 0.376118719578, 0.269396543503, 0.189818739891, 0.186551362276, 0.244657456875, 0.24700473249, 0.224417477846, 0.202169835567, 0.184760525823, 0.209370911121, 0.288587838411, 0.334211200476, 0.295191764832, 0.249703392386, 0.197960704565, 0.150926098228, 0.135810643435, 0.135147064924, 0.243157833815, 0.392503231764, 0.388494700193, 0.270346969366, 0.168629661202, 0.12577213347, 0.113512217999, 0.147767707705, 0.228068634868, 0.247834712267, 0.207831859589, 0.190667048097, 0.213857397437], "median": [0.0151510657743, 0.0276583638042, 0.0348824858665, 0.0701536387205, 0.117856115103, 0.076547972858, 0.0202222168446, 0.0070858518593, 0.00979128759354, 0.0162253640592, 0.0214924626052, 0.0172349959612, 0.00767597742379, 0.00667250109836, 0.0115126045421, 0.027888122946, 0.0439953804016, 0.0307257752866, 0.0143062081188, 0.00827177427709, 0.00651108194143, 0.00586480321363, 0.00575113808736, 0.0147287398577, 0.0485856235027, 0.0882002040744, 0.0477856956422, 0.0130155840889, 0.00473811570555, 0.0037316037342, 0.00479682395235, 0.00562654761598, 0.0077518648468, 0.0103241764009, 0.0094882203266, 0.00936085823923], "min": [0, 0, 0, 0, 0, 0, 0, 0, 0, 0, 0, 0, 0, 0, 0, 0, 0, 0, 0, 0, 0, 0, 0, 0, 0, 0, 0, 0, 0, 0, 0, 0, 0, 0, 0, 0], "dvar2": [0.157896786928, 0.162444874644, 0.183754995465, 0.181895196438, 0.178062304854, 0.176594555378, 0.144737690687, 0.121812269092, 0.111239612103, 0.14939711988, 0.148788332939, 0.133534356952, 0.143623754382, 0.122028343379, 0.12921205163, 0.172970041633, 0.185529902577, 0.158734589815, 0.150928810239, 0.124093972147, 0.0914077237248, 0.0902442038059, 0.0844004973769, 0.120393536985, 0.21807256341, 0.167142212391, 0.128884166479, 0.0891030803323, 0.0775396600366, 0.0674149766564, 0.0973720178008, 0.156869217753, 0.182171851397, 0.134377345443, 0.12169636786, 0.141165226698], "dvar": [0.0580628439784, 0.0597201138735, 0.0720020830631, 0.0719336494803, 0.070041321218, 0.0698615461588, 0.0544753819704, 0.0426311716437, 0.039545416832, 0.0602337792516, 0.05938725546, 0.0476696938276, 0.0505529902875, 0.042243309319, 0.0451019406319, 0.0616692788899, 0.068202406168, 0.0634437948465, 0.0610906742513, 0.0454388298094, 0.0331385061145, 0.0323140993714, 0.0300224088132, 0.0445514284074, 0.0905768051744, 0.0685251057148, 0.0498941428959, 0.0332051888108, 0.0288036689162, 0.0245429985225, 0.0341624692082, 0.0558907054365, 0.0652956143022, 0.046881839633, 0.0432771928608, 0.0504899434745], "dmean": [0.140480786562, 0.165452778339, 0.196674019098, 0.216863393784, 0.231897488236, 0.215497672558, 0.149098604918, 0.10101877898, 0.1012019068, 0.134219884872, 0.137963905931, 0.121984384954, 0.107576750219, 0.0980619266629, 0.111996307969, 0.158196672797, 0.185547217727, 0.167324379086, 0.142605707049, 0.109862394631, 0.082805454731, 0.0730783492327, 0.0724863186479, 0.132266506553, 0.216535404325, 0.222094029188, 0.156137824059, 0.0946156457067, 0.0688630864024, 0.0619891472161, 0.0792209655046, 0.120403490961, 0.130386635661, 0.110469244421, 0.101601868868, 0.114144176245], "max": [1, 1, 1, 1, 1, 1, 1, 1, 1, 1, 1, 1, 1, 1, 1, 1, 1, 1, 1, 1, 1, 1, 1, 1, 1, 1, 1, 1, 1, 1, 1, 1, 1, 1, 1, 1], "var": [0.0428201593459, 0.0506596788764, 0.0761955156922, 0.0879153981805, 0.0927989184856, 0.0851343646646, 0.047653362155, 0.0285067930818, 0.0296796634793, 0.089993365109, 0.0926175415516, 0.0380196012557, 0.0397338010371, 0.0338340364397, 0.0304332152009, 0.051061347127, 0.0685582831502, 0.0735223591328, 0.0678837224841, 0.0393125340343, 0.0245160199702, 0.0213181972504, 0.0197304412723, 0.0358123257756, 0.1059968099, 0.0952960178256, 0.0537406913936, 0.0272925887257, 0.0221804790199, 0.0176399946213, 0.0226663630456, 0.0369033776224, 0.0451351441443, 0.031761482358, 0.0275815650821, 0.0330986604095], "mean": [0.0987905710936, 0.132043048739, 0.172299668193, 0.215800702572, 0.254163920879, 0.217567130923, 0.118421517313, 0.0660589113832, 0.0778404697776, 0.156515210867, 0.166933178902, 0.0991016477346, 0.078834913671, 0.0708672106266, 0.0775503143668, 0.127456143498, 0.166761621833, 0.162243589759, 0.132052838802, 0.0890690684319, 0.059859752655, 0.0494484454393, 0.0479920394719, 0.100805543363, 0.216447219253, 0.244092360139, 0.152311146259, 0.0760844796896, 0.0508254542947, 0.0441028997302, 0.0529780834913, 0.076906375587, 0.0850654542446, 0.0736091732979, 0.0661310181022, 0.0734883844852]}, "tuning_equal_tempered_deviation": 0.316603839397, "chords_changes_rate": 0.0346961319447, "key_key": "A#", "tuning_diatonic_strength": 0.854081630707, "key_scale": "major", "chords_number_rate": 0.00132596690673, "tuning_frequency": 434.193115234, "tuning_nontempered_energy_ratio": 0.930068492889, "chords_histogram": [78.7182312012, 7.8453040123, 3.80110502243, 0, 0, 0, 0.287292808294, 0, 0.022099448368, 0.0662983432412, 0.353591173887, 0, 0, 0, 0, 0, 0.574585616589, 3.75690603256, 0.022099448368, 0.574585616589, 1.0165746212, 2.05524873734, 0, 0.906077325344], "key_strength": 0.906168401241, "chords_key": "A#", "chords_strength": {"dmean2": 0.0139217562973, "median": 0.661712944508, "min": -1, "dvar2": 0.000953866401687, "dvar": 0.000521010195371, "dmean": 0.0126349776983, "max": 0.91050940752, "var": 0.0205917097628, "mean": 0.650036752224}, "chords_scale": "major", "hpcp_entropy": {"dmean2": 1.17641758919, "median": 2.02941322327, "min": 0, "dvar2": 0.930970549583, "dvar": 0.330740064383, "dmean": 0.696235716343, "max": 4.42591524124, "var": 0.541529774666, "mean": 2.04394245148}}, "metadata": {"audio_properties": {"equal_loudness": 0, "codec": "mp3", "downmix": "mix", "sample_rate": 44100, "analysis_sample_rate": 44100, "bit_rate": 192024, "md5_encoded": "526733969521a1698bb2bdfd9cc28bb9", "length": 210.050613403, "replay_gain": -13.5031166077, "lossless": false}, "version": {"essentia_build_sha": "2d9f1f26377add8aeb1075a9c2973f962c4f09fd", "essentia": "2.1-beta2", "extractor": "music 1.0", "essentia_git_sha": "v2.1_beta2-1-ge3940c0"}, "tags": {"title": ["Dance im Olivehain"], "media": ["CD"], "albumartist": ["Phenomden"], "musicbrainz_recordingid": ["082d2050-3e9e-4ef7-a457-b40e2e9cbfaf"], "musicbrainz_albumartistid": ["8b02888d-053d-46da-bef8-4a2b0fd74d11"], "discnumber": ["1/1"], "album": ["Gangdalang"], "musicbrainz album release country": ["CH"], "musicbrainz album type": ["album"], "musicbrainz album status": ["official"], "originaldate": ["2008"], "date": ["2008"], "file_name": "1-7 Dance im Olivehain.mp3", "musicbrainz_releasegroupid": ["2b8c0ca3-66a8-3c34-b745-2c08f139691d"], "script": ["Latn"], "asin": ["B001FY2KFS"], "musicbrainz_albumid": ["ffd0bfe2-5092-4135-a675-b3c133208cdf"], "artist": ["Phenomden"], "artistsort": ["Phenomden"], "tracknumber": ["7/14"], "label": ["One Ton"], "albumartistsort": ["Phenomden"], "acoustid_id": ["5ab851bb-301a-4352-a402-423181605023"], "musicbrainz_artistid": ["8b02888d-053d-46da-bef8-4a2b0fd74d11"]}}, "rhythm": {"bpm_histogram_first_peak_bpm": {"dmean2": 0, "median": 161, "min": 161, "dvar2": 0, "dvar": 0, "dmean": 0, "max": 161, "var": 0, "mean": 161}, "bpm": 161.606262207, "bpm_histogram_second_peak_spread": {"dmean2": 0, "median": 0, "min": 0, "dvar2": 0, "dvar": 0, "dmean": 0, "max": 0, "var": 0, "mean": 0}, "bpm_histogram_first_peak_weight": {"dmean2": 0, "median": 0.686379909515, "min": 0.686379909515, "dvar2": 0, "dvar": 0, "dmean": 0, "max": 0.686379909515, "var": 0, "mean": 0.686379909515}, "onset_rate": 5.37913560867, "beats_position": [0.336689323187, 0.696598649025, 1.06811785698, 1.43963718414, 1.8111563921, 2.19428563118, 2.56580495834, 2.94893407822, 3.32045340538, 3.69197273254, 4.06349182129, 4.43501138687, 4.80653047562, 5.18965959549, 5.54956912994, 5.92108821869, 6.29260778427, 6.66412687302, 7.04725599289, 7.4303855896, 7.81351470947, 8.19664382935, 8.56816291809, 8.93968200684, 9.32281208038, 9.682721138, 10.0542402267, 10.4373693466, 10.8204984665, 11.1920175552, 11.5635375977, 11.9234466553, 12.3065757751, 12.689704895, 13.0728340149, 13.4327430725, 13.8158731461, 14.1873922348, 14.5589113235, 14.9420404434, 15.3251695633, 15.696688652, 16.0682086945, 16.4397277832, 16.8228569031, 17.1943759918, 17.5775051117, 17.9490242004, 18.3205432892, 18.6920623779, 19.0751914978, 19.4467124939, 19.8298416138, 20.2013607025, 20.5728797913, 20.94439888, 21.3159179688, 21.6990470886, 22.0821762085, 22.4536952972, 22.825214386, 23.1851234436, 23.5682544708, 23.9397735596, 24.3112926483, 24.6828117371, 25.0543308258, 25.4490699768, 25.8205890656, 26.1921081543, 26.563627243, 26.9467563629, 27.3298854828, 27.7014045715, 28.0729255676, 28.4444446564, 28.8159637451, 29.1874828339, 29.5590019226, 29.9421310425, 30.3252601624, 30.6967792511, 31.0682983398, 31.4398174286, 31.8113365173, 32.1944656372, 32.5775947571, 32.9491157532, 33.3206329346, 33.6921539307, 34.0636711121, 34.4351921082, 34.818321228, 35.2014503479, 35.572971344, 35.9444885254, 36.3160095215, 36.6875267029, 37.059047699, 37.4421768188, 37.8253059387, 38.1968231201, 38.5683441162, 38.9398651123, 39.3113822937, 39.6945114136, 40.0776405334, 40.4491615295, 40.8206787109, 41.192199707, 41.5637168884, 41.9352378845, 42.3067550659, 42.678276062, 43.0730133057, 43.4445343018, 43.8160552979, 44.1875724792, 44.5590934753, 44.9422225952, 45.3253517151, 45.6968688965, 46.0683898926, 46.439907074, 46.8114280701, 47.1829452515, 47.5660743713, 47.9492073059, 48.3207244873, 48.6922454834, 49.0637626648, 49.4352836609, 49.8300209045, 50.2015419006, 50.573059082, 50.9445800781, 51.3160972595, 51.6876182556, 52.0591392517, 52.4422683716, 52.8253974915, 53.1969146729, 53.5684356689, 53.9399528503, 54.3114738464, 54.6829910278, 55.0545120239, 55.4492492676, 55.8207702637, 56.1922874451, 56.5638084412, 56.9353294373, 57.3068466187, 57.6899757385, 58.0731048584, 58.4446258545, 58.8161430359, 59.187664032, 59.5591812134, 59.9423103333, 60.3254394531, 60.6969604492, 61.0684814453, 61.4399986267, 61.8115196228, 62.1946487427, 62.5777778625, 62.9492950439, 63.32081604, 63.6923332214, 64.0638504028, 64.4353713989, 64.806892395, 65.1900177002, 65.5731506348, 65.9446716309, 66.316192627, 66.6877059937, 67.0592269897, 67.4423599243, 67.8254852295, 68.1970062256, 68.5685272217, 68.9400405884, 69.3115615845, 69.6830825806, 70.0662155151, 70.4493408203, 70.8208618164, 71.180770874, 71.5638961792, 71.9354171753, 72.3069381714, 72.6784591675, 73.0615844727, 73.4447174072, 73.8162307739, 74.18775177, 74.5592727661, 74.9307937622, 75.3139190674, 75.6854400635, 76.068572998, 76.4400863647, 76.8116073608, 77.1831283569, 77.5662536621, 77.9493865967, 78.3209075928, 78.6924285889, 79.0639419556, 79.4354629517, 79.8185958862, 80.2017211914, 80.5732421875, 80.9447631836, 81.3162765503, 81.6877975464, 82.0593185425, 82.4308395386, 82.8255767822, 83.1970977783, 83.5686187744, 83.9401321411, 84.3116531372, 84.6831741333, 85.0546951294, 85.4378204346, 85.8209533691, 86.1924667358, 86.5639877319, 86.9471206665, 87.3302459717, 87.7017669678, 88.0732879639, 88.44480896, 88.8163223267, 89.1878433228, 89.5593643188, 89.9308853149, 90.3140106201, 90.6971435547, 91.0686569214, 91.4401779175, 91.8116989136, 92.1832199097, 92.5663452148, 92.9494781494, 93.3209991455, 93.6925125122, 94.0640335083, 94.4355545044, 94.8186798096, 95.1902008057, 95.5733337402, 95.9448471069, 96.316368103, 96.6878890991, 97.0594100952, 97.4309310913, 97.8140563965, 98.1855773926, 98.5687026978, 98.9402236938, 99.3117446899, 99.683265686, 100.054779053, 100.437911987, 100.821044922, 101.192558289, 101.564079285, 101.935600281, 102.307121277, 102.690246582, 103.073379517, 103.444892883, 103.816413879, 104.199546814, 104.571060181, 104.954193115, 105.325714111, 105.697235107, 106.068748474, 106.44026947, 106.811790466, 107.183311462, 107.554824829, 107.937957764, 108.321083069, 108.692604065, 109.064125061, 109.435646057, 109.818771362, 110.190292358, 110.573425293, 110.94493866, 111.316459656, 111.687980652, 112.059501648, 112.442626953, 112.825759888, 113.197273254, 113.56879425, 113.940315247, 114.311836243, 114.694961548, 115.078094482, 115.449615479, 115.821128845, 116.192649841, 116.564170837, 116.935691833, 117.3072052, 117.690338135, 118.07346344, 118.444984436, 118.816505432, 119.188026428, 119.559547424, 119.931060791, 120.314193726, 120.697319031, 121.068840027, 121.440361023, 121.811882019, 122.195007324, 122.578140259, 122.949661255, 123.321174622, 123.692695618, 124.064216614, 124.43573761, 124.807250977, 125.190383911, 125.573509216, 125.945030212, 126.316551208, 126.688072205, 127.059593201, 127.442718506, 127.82585144, 128.197372437, 128.568893433, 128.94039917, 129.311920166, 129.683441162, 130.066574097, 130.438095093, 130.809616089, 131.181137085, 131.564254761, 131.935775757, 132.307296753, 132.690429688, 133.073562622, 133.445083618, 133.816589355, 134.188110352, 134.571243286, 134.954376221, 135.325897217, 135.697418213, 136.068939209, 136.440444946, 136.823577881, 137.195098877, 137.578231812, 137.949752808, 138.321273804, 138.692779541, 139.064300537, 139.447433472, 139.830566406, 140.202087402, 140.573608398, 140.945129395, 141.316635132, 141.688156128, 142.059677124, 142.43119812, 142.825942993, 143.197463989, 143.568969727, 143.940490723, 144.312011719, 144.683532715, 145.055053711, 145.438186646, 145.82131958, 146.192825317, 146.564346313, 146.93586731, 147.319000244, 147.69052124, 148.073654175, 148.445159912, 148.816680908, 149.188201904, 149.5597229, 149.942855835, 150.314376831, 150.697509766, 151.069015503, 151.440536499, 151.835281372, 152.206802368, 152.578323364, 152.94984436, 153.321365356, 153.692871094, 154.06439209, 154.447525024, 154.830657959, 155.202178955, 155.573699951, 155.945205688, 156.316726685, 156.688247681, 157.071380615, 157.45451355, 157.826034546, 158.197555542, 158.569061279, 158.940582275, 159.312103271, 159.695236206, 160.078369141, 160.449890137, 160.821395874, 161.19291687, 161.564437866, 161.935958862, 162.319091797, 162.702224731, 163.073745728, 163.445251465, 163.816772461, 164.188293457, 164.559814453, 164.942947388, 165.326080322, 165.69758606, 166.069107056, 166.440628052, 166.812149048, 167.195281982, 167.578414917, 167.949935913, 168.32144165, 168.692962646, 169.064483643, 169.436004639, 169.819137573, 170.202270508, 170.573776245, 170.945297241, 171.316818237, 171.688339233, 172.059860229, 172.442993164, 172.826126099, 173.197631836, 173.569152832, 173.940673828, 174.312194824, 174.68371582, 175.066848755, 175.449981689, 175.821487427, 176.193008423, 176.564529419, 176.936050415, 177.307571411, 177.690704346, 178.073822021, 178.445343018, 178.805252075, 179.176773071, 179.559906006, 179.931427002, 180.302947998, 180.686080933, 181.069198608, 181.440719604, 181.823852539, 182.206985474, 182.57850647, 182.950012207, 183.321533203, 183.693054199, 184.064575195, 184.44770813, 184.830841064, 185.202362061, 185.573867798, 185.945388794, 186.31690979, 186.688430786, 187.071563721, 187.454696655, 187.826202393, 188.197723389, 188.569244385, 188.940765381, 189.312286377, 189.683807373, 190.066940308, 190.450057983, 190.821578979, 191.193099976, 191.564620972, 191.936141968, 192.319274902, 192.690795898, 193.073913574, 193.44543457, 193.816955566, 194.188476563, 194.559997559, 194.931518555, 195.314651489, 195.686157227, 196.069290161, 196.440811157, 196.812332153, 197.183853149, 197.578598022, 197.95010376, 198.321624756, 198.693145752, 199.064666748, 199.436187744, 199.819320679, 200.202438354, 200.573959351, 200.945480347, 201.317001343, 201.688522339, 202.060043335, 202.44317627, 202.826293945, 203.197814941, 203.569335938, 203.940856934, 204.323989868, 204.695510864, 205.07862854, 205.450149536, 205.821670532, 206.193191528, 206.564712524, 206.936233521, 207.319366455, 207.690887451, 208.074005127, 208.457138062, 208.828659058, 209.200180054, 209.583312988], "beats_loudness": {"dmean2": 0.0828573852777, "median": 0.116040214896, "min": 2.77054573727e-10, "dvar2": 0.003999076318, "dvar": 0.00141177617479, "dmean": 0.0474664531648, "max": 0.222295597196, "var": 0.00253540626727, "mean": 0.108327701688}, "danceability": 1.85686552525, "bpm_histogram_second_peak_weight": {"dmean2": 0, "median": 0.0143369175494, "min": 0.0143369175494, "dvar2": 0, "dvar": 0, "dmean": 0, "max": 0.0143369175494, "var": 0, "mean": 0.0143369175494}, "beats_count": 559, "bpm_histogram_second_peak_bpm": {"dmean2": 0, "median": 152, "min": 152, "dvar2": 0, "dvar": 0, "dmean": 0, "max": 152, "var": 0, "mean": 152}, "bpm_histogram_first_peak_spread": {"dmean2": 0, "median": 0.293357908726, "min": 0.293357908726, "dvar2": 0, "dvar": 0, "dmean": 0, "max": 0.293357908726, "var": 0, "mean": 0.293357908726}, "beats_loudness_band_ratio": {"dmean2": [0.305945903063, 0.0922475755215, 0.142839580774, 0.161883488297, 0.0417253337801, 0.0324544161558], "median": [0.818227767944, 0.0281133688986, 0.0514585226774, 0.0296856183559, 0.0106891933829, 0.0152591699734], "min": [0.00286702415906, 0.000210549740586, 0.00043492304394, 0.000381564110285, 5.33003003511e-05, 4.52740860055e-05], "dvar2": [0.0765281841159, 0.0171071048826, 0.0227241124958, 0.0289468951523, 0.00347240734845, 0.00750441197306], "dvar": [0.0273799840361, 0.00623006373644, 0.00823279749602, 0.01056144014, 0.00119715812616, 0.00245061330497], "dmean": [0.169461578131, 0.0506734102964, 0.0806849524379, 0.089911185205, 0.0229751709849, 0.0190735608339], "max": [0.997891902924, 0.783564388752, 0.613133609295, 0.699485242367, 0.230848535895, 0.737307369709], "var": [0.0384038761258, 0.00792719051242, 0.00916819181293, 0.00996414199471, 0.000985381309874, 0.00218701595441], "mean": [0.755618810654, 0.0541703812778, 0.0842391997576, 0.0700262859464, 0.0211150404066, 0.0239853747189]}}, "lowlevel": {"barkbands_spread": {"dmean2": 16.2853965759, "median": 19.7428760529, "min": 0.0371045097709, "dvar2": 373.70904541, "dvar": 152.819580078, "dmean": 10.2859096527, "max": 156.291717529, "var": 322.859191895, "mean": 23.3444461823}, "melbands_spread": {"dmean2": 19.8706893921, "median": 18.228351593, "min": 0.209586009383, "dvar2": 929.000854492, "dvar": 424.234954834, "dmean": 12.6087913513, "max": 281.524536133, "var": 663.539733887, "mean": 23.703496933}, "hfc": {"dmean2": 15.4584636688, "median": 21.1751365662, "min": 1.16892081968e-16, "dvar2": 373.953765869, "dvar": 177.106414795, "dmean": 11.4294662476, "max": 117.139831543, "var": 368.073394775, "mean": 23.9102020264}, "barkbands_kurtosis": {"dmean2": 17.5154781342, "median": 2.51964902878, "min": -1.95009827614, "dvar2": 6057.18408203, "dvar": 2206.09375, "dmean": 10.6475658417, "max": 2354.93041992, "var": 1875.04821777, "mean": 10.333313942}, "gfcc": {"mean": [-11.4173173904, 70.7548904419, -104.535774231, 27.3151302338, -61.4061965942, 19.0252780914, -28.7270641327, 16.547794342, -23.8530864716, 7.9605474472, -9.76289749146, 3.08940076828, -6.04518938065], "icov": [[9.44933854043e-05, -0.000164883647813, 7.90050107753e-05, -0.000160716022947, 0.000202601557248, -0.000156263806275, 0.00016998006322, -0.000163356176927, 0.000116238596092, -9.80107870419e-05, 0.000170141618582, -1.30728349177e-05, 0.00024767711875], [-0.000164883647813, 0.00132757390384, 1.95823213289e-05, 0.000282532622805, -0.000859774183482, 0.000600667379331, -0.000894859491382, 0.000487418437842, -0.000667213345878, 0.000899607141037, -0.00136556406505, 0.000792070408352, -0.00133685010951], [7.90050107753e-05, 1.95823213289e-05, 0.00139852007851, -0.000720288720913, -0.000186602992471, -0.000628029694781, 0.000542925263289, -0.00074981758371, -0.000292468379484, 0.000728736631572, -2.0542225684e-05, -0.000289031362627, 0.000649227527902], [-0.000160716022947, 0.000282532622805, -0.000720288720913, 0.00249524810351, -0.000933131901547, 0.000226862801355, -4.86874296257e-06, 0.000242295092903, -0.00129421672318, 5.20818139194e-05, 0.000138588686241, -0.000531253870577, -0.000507600198034], [0.000202601557248, -0.000859774183482, -0.000186602992471, -0.000933131901547, 0.00363499345258, -0.000794353836682, -8.05335657788e-05, -0.000129807551275, 0.000134207875817, -0.0014985933667, 0.000365868560039, 0.000530445307959, -0.000194575361093], [-0.000156263806275, 0.000600667379331, -0.000628029694781, 0.000226862801355, -0.000794353836682, 0.00411353493109, -0.00225583813153, 0.000603354361374, 0.000356848438969, -0.000599633844104, -0.00121627689805, 0.000574214325752, -0.000346909451764], [0.00016998006322, -0.000894859491382, 0.000542925263289, -4.86874296257e-06, -8.05335657788e-05, -0.00225583813153, 0.00481812376529, -0.00312873488292, 9.22339022509e-05, 0.00148663111031, -0.000612605246715, -0.00128827337176, 0.00126745586749], [-0.000163356176927, 0.000487418437842, -0.00074981758371, 0.000242295092903, -0.000129807551275, 0.000603354361374, -0.00312873488292, 0.008087140508, -0.0023904980626, -0.000659480167087, -0.000993606867269, 0.000353519106284, -0.00173865247052], [0.000116238596092, -0.000667213345878, -0.000292468379484, -0.00129421672318, 0.000134207875817, 0.000356848438969, 9.22339022509e-05, -0.0023904980626, 0.00748562533408, -0.00421759625897, 0.00121946469881, 0.0010020827176, 0.000752845196985], [-9.80107870419e-05, 0.000899607141037, 0.000728736631572, 5.20818139194e-05, -0.0014985933667, -0.000599633844104, 0.00148663111031, -0.000659480167087, -0.00421759625897, 0.0111320093274, -0.0033855882939, -9.33458359214e-05, -0.00163939874619], [0.000170141618582, -0.00136556406505, -2.0542225684e-05, 0.000138588686241, 0.000365868560039, -0.00121627689805, -0.000612605246715, -0.000993606867269, 0.00121946469881, -0.0033855882939, 0.0125366309658, -0.00469952588901, 0.00129254977219], [-1.30728349177e-05, 0.000792070408352, -0.000289031362627, -0.000531253870577, 0.000530445307959, 0.000574214325752, -0.00128827337176, 0.000353519106284, 0.0010020827176, -9.33458359214e-05, -0.00469952588901, 0.0137568013743, -0.00478394608945], [0.00024767711875, -0.00133685010951, 0.000649227527902, -0.000507600198034, -0.000194575361093, -0.000346909451764, 0.00126745586749, -0.00173865247052, 0.000752845196985, -0.00163939874619, 0.00129254977219, -0.00478394608945, 0.0136150810868]], "cov": [[16278.8535156, 1186.58129883, -569.084472656, 488.126617432, -503.671478271, 50.0279502869, -270.812255859, 23.3271389008, -19.3873996735, -17.1742992401, -133.911895752, -152.557006836, -153.911865234], [1186.58129883, 1671.25146484, -41.6370353699, 82.3210601807, 380.983062744, 137.550292969, 450.420257568, 179.963546753, 145.950897217, 17.7765312195, 189.293365479, 20.520570755, 120.877586365], [-569.084472656, -41.6370353699, 1213.390625, 481.905548096, 266.35836792, 214.282165527, 90.1888504028, 173.67527771, 192.202102661, 44.4563751221, 34.9229888916, 25.3959941864, -10.2470235825], [488.126617432, 82.3210601807, 481.905548096, 770.101501465, 270.382843018, 90.4263916016, 34.1411094666, 121.340621948, 230.607788086, 103.481971741, 17.3224239349, 21.3716487885, 28.9938659668], [-503.671478271, 380.983062744, 266.35836792, 270.382843018, 553.918640137, 177.170089722, 202.878707886, 134.30859375, 158.53024292, 104.081344604, 80.4990234375, 16.7810535431, 56.6661453247], [50.0279502869, 137.550292969, 214.282165527, 90.4263916016, 177.170089722, 462.533935547, 306.433380127, 127.241699219, 48.2319793701, 39.718788147, 95.5975723267, 33.1650238037, 12.4819917679], [-270.812255859, 450.420257568, 90.1888504028, 34.1411094666, 202.878707886, 306.433380127, 612.399108887, 236.091415405, 72.5895614624, 6.84720659256, 139.490066528, 62.4394187927, 35.4792442322], [23.3271389008, 179.963546753, 173.67527771, 121.340621948, 134.30859375, 127.241699219, 236.091415405, 268.692626953, 132.855987549, 60.0918807983, 70.2733917236, 29.4624671936, 34.5540466309], [-19.3873996735, 145.950897217, 192.202102661, 230.607788086, 158.53024292, 48.2319793701, 72.5895614624, 132.855987549, 291.101043701, 118.615455627, 28.2676849365, -3.25068235397, 22.1790828705], [-17.1742992401, 17.7765312195, 44.4563751221, 103.481971741, 104.081344604, 39.718788147, 6.84720659256, 60.0918807983, 118.615455627, 165.724807739, 42.6139755249, 13.950553894, 27.5842819214], [-133.911895752, 189.293365479, 34.9229888916, 17.3224239349, 80.4990234375, 95.5975723267, 139.490066528, 70.2733917236, 28.2676849365, 42.6139755249, 147.007492065, 52.6137962341, 27.6767482758], [-152.557006836, 20.520570755, 25.3959941864, 21.3716487885, 16.7810535431, 33.1650238037, 62.4394187927, 29.4624671936, -3.25068235397, 13.950553894, 52.6137962341, 107.293388367, 37.9749565125], [-153.911865234, 120.877586365, -10.2470235825, 28.9938659668, 56.6661453247, 12.4819917679, 35.4792442322, 34.5540466309, 22.1790828705, 27.5842819214, 27.6767482758, 37.9749565125, 104.734703064]]}, "spectral_energyband_middle_low": {"dmean2": 0.0121347680688, "median": 0.0077670593746, "min": 3.2715402172e-22, "dvar2": 0.000340560247423, "dvar": 0.00013996065536, "dmean": 0.00777433859184, "max": 0.123524181545, "var": 0.00017311341071, "mean": 0.0116059957072}, "melbands_crest": {"dmean2": 8.24919605255, "median": 17.4861412048, "min": 2.46391224861, "dvar2": 48.6423492432, "dvar": 19.7462501526, "dmean": 4.97936916351, "max": 39.1575469971, "var": 41.9980201721, "mean": 17.8268566132}, "spectral_kurtosis": {"dmean2": 2.17349338531, "median": 3.04380679131, "min": -1.39183223248, "dvar2": 5.94294309616, "dvar": 2.44333410263, "dmean": 1.42130184174, "max": 37.8544273376, "var": 6.43814277649, "mean": 3.49423742294}, "spectral_rms": {"dmean2": 0.00237628701143, "median": 0.00550324469805, "min": 3.19989499308e-12, "dvar2": 5.14289013154e-06, "dvar": 3.22812616105e-06, "dmean": 0.00179315858986, "max": 0.0159848388284, "var": 9.82638812275e-06, "mean": 0.00578126730397}, "zerocrossingrate": {"dmean2": 0.0239182785153, "median": 0.04931640625, "min": 0.0029296875, "dvar2": 0.000994024798274, "dvar": 0.000795309082605, "dmean": 0.0206158645451, "max": 0.6162109375, "var": 0.00384900928475, "mean": 0.065305352211}, "silence_rate_60dB": {"dmean2": 0.102586776018, "median": 0, "min": 0, "dvar2": 0.119023993611, "dvar": 0.0486535392702, "dmean": 0.0512877181172, "max": 1, "var": 0.0672404840589, "mean": 0.0725022107363}, "erbbands_kurtosis": {"dmean2": 2.36925411224, "median": 0.14964851737, "min": -1.8413412571, "dvar2": 12.7991533279, "dvar": 5.89233350754, "dmean": 1.59126925468, "max": 91.5890274048, "var": 13.5284891129, "mean": 1.42036521435}, "erbbands": {"dmean2": [0.708032310009, 6.59777450562, 9.94709873199, 5.95836162567, 11.023144722, 28.3520832062, 17.0850696564, 12.0065917969, 24.2001152039, 50.7160110474, 28.1519851685, 59.8026390076, 34.0585136414, 41.4777336121, 31.6328830719, 63.5185661316, 35.4705505371, 31.1654663086, 19.3226642609, 21.8848686218, 18.2375431061, 16.219707489, 15.23757267, 15.4445333481, 22.0128536224, 13.2173051834, 11.0234794617, 8.9011592865, 9.53808403015, 7.73531293869, 4.9953455925, 3.43937706947, 3.57280039787, 3.04450464249, 0.890337109566, 0.200238838792, 0.0477908924222, 0.0258042775095, 0.00226278044283, 5.68342293263e-05], "median": [0.218599081039, 2.35815382004, 1.27471923828, 0.398922085762, 1.2710044384, 5.86167144775, 3.29803204536, 2.34960794449, 6.82706260681, 11.0131053925, 6.76087379456, 14.3264532089, 7.96622848511, 9.8756275177, 8.02314186096, 9.12509918213, 7.73772335052, 5.25456285477, 4.44014072418, 4.75671720505, 5.4552488327, 5.98236513138, 4.3297958374, 5.91075515747, 10.7672262192, 5.40044212341, 3.0841383934, 2.69274878502, 2.95697069168, 2.03578948975, 0.946837544441, 0.669311583042, 0.746034145355, 0.945487380028, 0.28768324852, 0.0618177503347, 0.0146157480776, 0.00357236713171, 0.000192589330254, 5.00709866174e-05], "min": [1.27442662805e-21, 3.66595865388e-21, 1.01083296467e-20, 5.80642339038e-20, 9.37627642022e-20, 7.98504393291e-20, 4.42372003992e-19, 5.20986732421e-19, 1.44174711485e-19, 1.18952128962e-18, 1.05116912831e-18, 1.40788477042e-18, 1.27683868187e-18, 2.15510803701e-18, 2.11511674952e-18, 2.35096331296e-18, 3.37075417191e-18, 5.18438385409e-18, 5.55961159151e-18, 3.95857539177e-18, 7.40640149687e-18, 6.1370204686e-18, 8.58729446552e-18, 1.00794579802e-17, 1.94680596759e-17, 1.239350567e-17, 1.29935954259e-17, 1.11995134692e-17, 1.46442202762e-17, 1.51397874899e-17, 1.51173990194e-17, 1.36493412021e-17, 1.42667694909e-17, 1.23027441045e-17, 8.73631022569e-18, 5.41061527008e-18, 3.79939854495e-18, 1.14033330468e-18, 3.24321905148e-19, 3.11387876446e-20], "dvar2": [1.37063395977, 137.057403564, 467.264434814, 185.446166992, 752.10760498, 3912.16015625, 1027.63269043, 525.643432617, 1892.74707031, 13524.2714844, 5897.296875, 11475.5302734, 5724.46826172, 5660.85058594, 7793.77392578, 19563.3046875, 5191.50439453, 6489.18261719, 1472.9296875, 1932.16333008, 1739.65588379, 855.6484375, 701.50390625, 785.655883789, 1082.52526855, 503.960083008, 357.481231689, 218.602630615, 269.890899658, 242.840682983, 82.6952285767, 29.2572689056, 32.9610710144, 24.6586208344, 4.17338562012, 0.144202843308, 0.00679019931704, 0.00158840906806, 1.49210191012e-05, 3.94054211483e-09], "dvar": [0.537791550159, 65.6927490234, 192.983535767, 72.2185287476, 284.391662598, 1443.8470459, 413.330932617, 228.550765991, 815.011291504, 5502.81347656, 2346.48632813, 5500.26953125, 2666.98364258, 2939.82666016, 3293.00708008, 9126.875, 2300.02563477, 2795.84301758, 644.940795898, 795.796203613, 803.325012207, 365.979278564, 283.304901123, 303.472015381, 454.000427246, 216.977401733, 144.454299927, 89.7842483521, 109.568588257, 107.226097107, 37.6113967896, 14.3126134872, 15.5280666351, 11.2080478668, 1.82820272446, 0.0715751722455, 0.00339451967739, 0.000681251578499, 6.44391002425e-06, 2.39128294943e-09], "dmean": [0.437476605177, 4.26843452454, 6.31635189056, 3.49755334854, 6.47418832779, 16.7070713043, 10.384973526, 7.56286859512, 15.2332057953, 31.7636966705, 17.1737384796, 39.7158584595, 22.6618804932, 29.2270641327, 20.9806900024, 44.130443573, 23.6778926849, 20.2475566864, 12.5203924179, 13.6805267334, 11.7942914963, 10.4801540375, 9.4029750824, 9.40404891968, 13.9195508957, 8.52890968323, 6.99770736694, 5.74063444138, 6.09706926346, 5.13853645325, 3.45568943024, 2.45826816559, 2.46659564972, 2.04719495773, 0.621537148952, 0.140617504716, 0.0333036147058, 0.0169293172657, 0.00147532380652, 4.09767671954e-05], "max": [5.53637647629, 63.5227203369, 102.306877136, 170.402542114, 289.536407471, 494.32913208, 261.961853027, 235.873092651, 434.208129883, 1137.20703125, 1130.10351563, 864.771850586, 949.999816895, 1106.44213867, 1306.85266113, 1533.7668457, 848.688354492, 1386.19836426, 535.259765625, 424.644256592, 962.891479492, 335.898498535, 233.965881348, 311.919006348, 363.033996582, 285.936828613, 172.714782715, 105.862579346, 174.700119019, 201.474441528, 100.563240051, 50.2197494507, 66.9061737061, 88.0295639038, 44.012134552, 6.01931715012, 1.25798499584, 0.234802812338, 0.0207787267864, 0.000397073512431], "var": [0.647368252277, 77.6693878174, 178.536315918, 74.7894821167, 252.4349823, 1129.14733887, 458.623199463, 281.831787109, 1147.68408203, 7014.85302734, 2380.04321289, 10888.2216797, 4204.84130859, 8620.23925781, 5399.87255859, 23182.3339844, 4746.30615234, 4382.91699219, 1050.70654297, 1106.55456543, 1241.84533691, 611.751037598, 379.125579834, 320.984313965, 802.442077637, 315.534118652, 196.152618408, 133.530715942, 151.473999023, 137.50692749, 52.7473526001, 23.8299484253, 24.4574775696, 16.1197509766, 2.36604738235, 0.117104865611, 0.00581234600395, 0.000763701449614, 6.75807723383e-06, 5.15057241302e-09], "mean": [0.517500400543, 5.04648542404, 6.2183880806, 2.94497537613, 5.75992155075, 16.7657337189, 11.2575054169, 8.46501350403, 19.5243396759, 41.8140144348, 19.4306507111, 60.1910438538, 31.491897583, 51.604385376, 33.5804748535, 70.6067581177, 35.5191230774, 27.2797336578, 16.4175033569, 17.1122512817, 16.1724967957, 14.9944839478, 12.2559118271, 12.1312885284, 20.7868652344, 11.900885582, 9.23387908936, 7.80169487, 8.19621086121, 6.67411327362, 4.28224515915, 3.03595137596, 3.05194139481, 2.50828814507, 0.805796682835, 0.194909647107, 0.0456826984882, 0.0171191841364, 0.0013930023415, 7.45426441426e-05]}, "spectral_strongpeak": {"dmean2": 1.05776309967, "median": 0.443313360214, "min": 0, "dvar2": 2.28175377846, "dvar": 0.924210131168, "dmean": 0.626077055931, "max": 9.48038005829, "var": 1.27588748932, "mean": 0.885545909405}, "spectral_energy": {"dmean2": 0.034617818892, "median": 0.0310428421944, "min": 1.04953112329e-20, "dvar2": 0.0016958481865, "dvar": 0.000983284553513, "dmean": 0.0248942058533, "max": 0.261902987957, "var": 0.00200943066739, "mean": 0.0443307831883}, "average_loudness": 0.960395514965, "spectral_rolloff": {"dmean2": 1461.05883789, "median": 947.4609375, "min": 21.533203125, "dvar2": 5586722, "dvar": 2698630.75, "dmean": 876.151306152, "max": 18690.8203125, "var": 5990771, "mean": 1609.13769531}, "spectral_centroid": {"dmean2": 625.817749023, "median": 1299.05126953, "min": 79.1975402832, "dvar2": 487636.65625, "dvar": 240013.34375, "dmean": 414.33807373, "max": 11258.1572266, "var": 612941.875, "mean": 1450.00109863}, "pitch_salience": {"dmean2": 0.188230663538, "median": 0.451708376408, "min": 0.0234412774444, "dvar2": 0.0245067011565, "dvar": 0.0120640667155, "dmean": 0.122942753136, "max": 0.922829270363, "var": 0.0299005284905, "mean": 0.452682942152}, "spectral_energyband_middle_high": {"dmean2": 0.0042939921841, "median": 0.00344430608675, "min": 1.37470511171e-21, "dvar2": 3.02977041429e-05, "dvar": 1.51042613652e-05, "dmean": 0.00299836113118, "max": 0.041447583586, "var": 4.72943575005e-05, "mean": 0.00616672122851}, "spectral_contrast_coeffs": {"dmean2": [0.0977945774794, 0.101350598037, 0.0912120714784, 0.0684392824769, 0.0476735718548, 0.0403526909649], "median": [-0.624499559402, -0.707403302193, -0.732177734375, -0.768602728844, -0.78258818388, -0.778536677361], "min": [-0.981938660145, -0.958949923515, -0.977346122265, -0.963585019112, -0.95919072628, -0.959808528423], "dvar2": [0.00680453004315, 0.0070578539744, 0.00592992687598, 0.00326034426689, 0.00159620214254, 0.00120886636432], "dvar": [0.00302923610434, 0.0030892030336, 0.0031256955117, 0.00159657851327, 0.000837658008095, 0.000550489756279], "dmean": [0.0648792237043, 0.0645548030734, 0.06269569695, 0.0456519834697, 0.0329582504928, 0.0271151699126], "max": [-0.163428261876, -0.335700392723, -0.326943844557, -0.488866746426, -0.555230975151, -0.57242846489], "var": [0.0119282193482, 0.0101163238287, 0.0137855662033, 0.00670228945091, 0.00385833182372, 0.00252558104694], "mean": [-0.614619612694, -0.697866141796, -0.706915080547, -0.755900740623, -0.772121846676, -0.774323344231]}, "melbands_skewness": {"dmean2": 2.46412801743, "median": 2.67730903625, "min": -1.66263520718, "dvar2": 6.83180713654, "dvar": 3.16787719727, "dmean": 1.64362585545, "max": 23.4023532867, "var": 8.90186309814, "mean": 3.47748231888}, "spectral_spread": {"dmean2": 1434187.125, "median": 5277126, "min": 1961966.5, "dvar2": 2653049585660.0, "dvar": 1416257208320.0, "dmean": 1006402.75, "max": 42172436, "var": 4361431547900.0, "mean": 5765394.5}, "dissonance": {"dmean2": 0.0489061884582, "median": 0.456000030041, "min": 0.163947120309, "dvar2": 0.00240067881532, "dvar": 0.000974145659711, "dmean": 0.0300989914685, "max": 0.499999940395, "var": 0.00239304848947, "mean": 0.441360116005}, "spectral_skewness": {"dmean2": 0.395818769932, "median": 1.4186924696, "min": -0.151450097561, "dvar2": 0.144890263677, "dvar": 0.0699273943901, "dmean": 0.26643961668, "max": 4.77673959732, "var": 0.250522941351, "mean": 1.46790254116}, "spectral_flux": {"dmean2": 0.0806820839643, "median": 0.103556275368, "min": 1.03122670125e-10, "dvar2": 0.00529203657061, "dvar": 0.00261002941988, "dmean": 0.0530619397759, "max": 0.44634065032, "var": 0.0065349387005, "mean": 0.124252073467}, "spectral_contrast_valleys": {"dmean2": [0.902900874615, 0.964131653309, 0.874237775803, 0.778328001499, 0.71021848917, 0.645806312561], "median": [-7.40013599396, -7.23271656036, -7.71082687378, -8.10683059692, -7.88156509399, -9.90029716492], "min": [-26.9792461395, -27.6912708282, -27.2363758087, -27.4526920319, -27.4255580902, -27.2900485992], "dvar2": [0.739713430405, 0.713129758835, 0.605014443398, 0.533109784126, 0.497772663832, 0.404509991407], "dvar": [0.416872531176, 0.34499591589, 0.29438751936, 0.265931963921, 0.271095246077, 0.256183445454], "dmean": [0.633107244968, 0.654545724392, 0.602761149406, 0.552350461483, 0.532910764217, 0.547941982746], "max": [-5.08546257019, -4.73021316528, -5.13702535629, -5.84084892273, -5.73492383957, -7.89319515228], "var": [2.68299889565, 2.08514332771, 1.87015604973, 1.72835290432, 1.71625506878, 1.82587921619], "mean": [-7.83613348007, -7.37795734406, -7.83486700058, -8.22532939911, -7.9414806366, -9.95087432861]}, "erbbands_flatness_db": {"dmean2": 0.0368164479733, "median": 0.147278368473, "min": 0.0193772092462, "dvar2": 0.00105905148666, "dvar": 0.000571073847823, "dmean": 0.0273468215019, "max": 0.341003000736, "var": 0.00267757452093, "mean": 0.153612464666}, "spectral_energyband_high": {"dmean2": 0.00106905854773, "median": 0.000447957601864, "min": 7.35793310737e-21, "dvar2": 2.60469005298e-06, "dvar": 1.1777921145e-06, "dmean": 0.000745612778701, "max": 0.0114322556183, "var": 1.9293315745e-06, "mean": 0.00109165767208}, "spectral_entropy": {"dmean2": 0.375307053328, "median": 7.61832427979, "min": 4.86449098587, "dvar2": 0.117488220334, "dvar": 0.0614732094109, "dmean": 0.275310069323, "max": 9.79663467407, "var": 0.309250503778, "mean": 7.57119321823}, "silence_rate_20dB": {"dmean2": 0, "median": 1, "min": 1, "dvar2": 0, "dvar": 0, "dmean": 0, "max": 1, "var": 0, "mean": 1}, "melbands_flatness_db": {"dmean2": 0.0732468217611, "median": 0.223756402731, "min": 0.00451672216877, "dvar2": 0.0039685415104, "dvar": 0.002021842869, "dmean": 0.0506210066378, "max": 0.736260175705, "var": 0.00711528072134, "mean": 0.227190896869}, "barkbands": {"dmean2": [0.000380975165172, 0.0276482794434, 0.0083331130445, 0.00147551612463, 0.00648958049715, 0.00153732520994, 0.00291588320397, 0.00133619154803, 0.00258121406659, 0.000772515544668, 0.0012114662677, 0.00141793640796, 0.000827464624308, 0.00056331983069, 0.000392139540054, 0.000397161958972, 0.000310282834107, 0.000261807668721, 0.000424614379881, 0.000289317307761, 0.000237077052589, 0.000262781511992, 0.000184779506526, 0.000184478674782, 0.000199697969947, 2.98643553833e-05, 1.92613479157e-05], "median": [3.82670259569e-05, 0.0117160249501, 0.000283876841422, 5.04632116645e-05, 0.00130740506575, 0.000249116681516, 0.000730593688786, 0.000123356934637, 0.000564773392398, 8.09306657175e-05, 0.00023677124409, 0.0001909561106, 0.000132600602228, 7.03114201315e-05, 6.86474668328e-05, 8.65095789777e-05, 0.000110210516141, 6.27552071819e-05, 0.000185592245543, 0.000109047083242, 7.03920450178e-05, 8.09169505374e-05, 3.98754345952e-05, 3.50379559677e-05, 6.49990033708e-05, 9.65001891018e-06, 1.07790333459e-06], "min": [1.88176868261e-23, 2.26981314842e-23, 8.89430888761e-24, 2.20386500783e-23, 3.36879136825e-23, 7.34898149247e-23, 1.08655018958e-23, 4.19642163151e-23, 4.95455766665e-23, 5.11619968376e-23, 5.64452759989e-23, 5.01543437825e-23, 7.26396374391e-23, 1.16171228865e-22, 8.07044085977e-23, 1.19320260624e-22, 8.65403952637e-23, 1.70210056274e-22, 3.29350967786e-22, 2.52171467392e-22, 3.17467819545e-22, 3.