{"rhythm": {"bpm": 119.997528076, "bpm_histogram_second_peak_weight": {"mean": 0.121319204569, "min": 0.121319204569, "max": 0.121319204569, "dmean2": 0, "dvar": 0, "dmean": 0, "median": 0.121319204569, "dvar2": 0, "var": 0}, "bpm_histogram_first_peak_weight": {"mean": 0.33215546608, "min": 0.33215546608, "max": 0.33215546608, "dmean2": 0, "dvar": 0, "dmean": 0, "median": 0.33215546608, "dvar2": 0, "var": 0}, "danceability": 1.17982769012, "beats_loudness": {"mean": 0.0511528030038, "min": 1.59188573434e-08, "max": 0.504939556122, "dmean2": 0.0554133206606, "dvar": 0.0019114081515, "dmean": 0.0313662700355, "median": 0.0270996280015, "dvar2": 0.00553320767358, "var": 0.00335897877812}, "onset_rate": 4.50758552551, "bpm_histogram_second_peak_spread": {"mean": 0.386904716492, "min": 0.386904716492, "max": 0.386904716492, "dmean2": 0, "dvar": 0, "dmean": 0, "median": 0.386904716492, "dvar2": 0, "var": 0}, "bpm_histogram_first_peak_spread": {"mean": 0.165680497885, "min": 0.165680497885, "max": 0.165680497885, "dmean2": 0, "dvar": 0, "dmean": 0, "median": 0.165680497885, "dvar2": 0, "var": 0}, "beats_position": [0.452789098024, 0.9287981987, 1.40480720997, 1.88081634045, 2.35682535172, 2.83283448219, 3.30884337425, 3.79646253586, 4.28408145905, 4.78331041336, 5.27092981339, 5.75854873657, 6.29260778427, 6.82666635513, 7.36072540283, 7.89478445053, 8.42884349823, 9.02095222473, 9.61306095123, 10.2051696777, 10.8088884354, 11.412607193, 12.0047159195, 12.5968255997, 13.1889343262, 13.7810430527, 14.3731517792, 14.9652605057, 15.5573692322, 16.1494789124, 16.7415866852, 17.3220863342, 17.9025840759, 18.483083725, 19.0635814667, 19.5628108978, 20.062040329, 20.5728797913, 21.0721092224, 21.5713367462, 22.0705661774, 22.523355484, 22.9877548218, 23.4521541595, 23.9629936218, 24.4622211456, 24.9614505768, 25.3910198212, 25.8205890656, 26.2617683411, 26.7029476166, 27.0860767365, 27.4692058563, 27.8523349762, 28.2354640961, 28.6185932159, 29.0017223358, 29.3964614868, 29.7912006378, 30.1743297577, 30.5690689087, 30.9638080597, 31.358549118, 31.753288269, 32.1480255127, 32.542766571, 32.9375038147, 33.332244873, 33.7269821167, 34.121723175, 34.5280723572, 34.9344215393, 35.3407707214, 35.7355079651, 36.1302490234, 36.5249862671, 36.908115387, 37.2912483215, 37.6743774414, 38.0691146851, 38.4522438049, 38.8469848633, 39.2301139832, 39.613243103, 39.9963722229, 40.3795013428, 40.7626304626, 41.1457595825, 41.5172767639, 41.88879776, 42.2603149414, 42.6434440613, 43.0265769958, 43.4213142395, 43.8044433594, 44.1991844177, 44.5939216614, 44.9770507812, 45.3601799011, 45.7549209595, 46.2309303284, 46.718547821, 47.2061653137, 47.6937866211, 48.1814041138, 48.6690254211, 49.1566429138, 49.655872345, 50.1434898376, 50.6427192688, 51.1419487, 51.6411781311, 52.2332878113, 52.8253974915, 53.5219955444, 54.2185935974, 54.9035835266, 55.5885696411, 56.2851676941, 56.9817695618, 57.6783676147, 58.3169136047, 58.9554634094, 59.5940132141, 60.2325630188, 60.8711090088, 61.5212669373, 62.1714286804, 62.8215866089, 63.4833564758, 64.0638504028, 64.6443557739, 65.2248535156, 65.8517913818, 66.478729248, 67.1056671143, 67.720993042, 68.3363265991, 68.9632644653, 69.5785903931, 70.0662155151, 70.5538330078, 71.0414505005, 71.5058517456, 71.9702453613, 72.4346466064, 72.8990478516, 73.3634490967, 73.8278427124, 74.280632019, 74.7450332642, 75.2094345093, 75.673828125, 76.1266174316, 76.5794067383, 77.0321960449, 77.4849853516, 77.9377746582, 78.3905639648, 78.8433532715, 79.2961425781, 79.7489318848, 80.2017211914, 80.6312942505, 81.0608596802, 81.4904327393, 81.8967819214, 82.3031311035, 82.7094802856, 83.1274337769, 83.591835022, 84.0562362671, 84.5206298828, 84.9850311279, 85.4378204346, 85.9022216797, 86.3666229248, 86.8194122314, 87.2722015381, 87.7249908447, 88.1893844604, 88.6421737671, 89.0949630737, 89.6058044434, 90.116645813, 90.6390914917, 91.1615371704, 91.6839904785, 92.2064361572, 92.7172775269, 93.2281188965, 93.7273483276, 94.2265777588, 94.7257995605, 95.2250289917, 95.7358703613, 96.2350997925, 96.7343292236, 97.2335586548, 97.7327880859, 98.2436294556, 98.7428588867, 99.2420806885, 99.7529220581, 100.252151489, 100.75138092, 101.250610352, 101.749839783, 102.260681152, 102.759910583, 103.259140015, 103.769973755, 104.269203186, 104.768432617, 105.267662048, 105.766891479, 106.277732849, 106.77696228, 107.276191711, 107.787025452, 108.286254883, 108.785484314, 109.284713745, 109.783943176, 110.283172607, 110.782402039, 111.293243408, 111.804077148, 112.30330658, 112.802536011, 113.301765442, 113.800994873, 114.300224304, 114.799453735, 115.310295105, 115.809524536, 116.308753967, 116.807983398, 117.3072052, 117.81804657, 118.317276001, 118.816505432, 119.327346802, 119.84979248, 120.372245789, 120.906303406, 121.440361023, 121.962806702, 122.48526001, 122.99609375, 123.50693512, 124.029388428, 124.551834106, 125.085891724, 125.619949341, 126.154014587, 126.664848328, 127.175689697, 127.686531067, 128.185760498, 128.6849823, 129.195831299, 129.857589722, 130.519363403, 131.192733765, 131.866119385, 132.539505005, 133.212875366, 133.874649048, 134.536407471, 135.209793091, 135.883178711, 136.556549072, 137.229934692, 137.903305054, 138.576690674, 139.238449097, 139.900222778, 140.573608398, 141.235366821, 141.897140503, 142.570526123, 143.243896484, 143.917282104, 144.590652466, 145.252426147, 145.914199829, 146.58757019, 147.260955811, 147.934326172, 148.596099854, 149.269470215, 149.931243896, 150.604629517, 151.277999878, 151.951385498, 152.613143921, 153.274917603, 153.948303223, 154.621673584, 155.295059204, 155.968429565, 156.630203247, 157.291976929, 157.96534729, 158.63873291, 159.312103271, 159.985488892, 160.635650635, 161.309020996, 161.982406616, 162.655776978, 163.317550659, 163.979324341, 164.652694702, 165.326080322, 165.999450684, 166.661224365, 167.334594727, 168.007980347, 168.669754028, 169.34312439, 170.01651001, 170.689880371, 171.351654053, 172.025024414, 172.686798096, 173.360183716, 174.021942139, 174.68371582, 175.35710144, 176.030471802, 176.703857422, 177.377227783, 178.039001465, 178.712371826, 179.374145508, 180.047531128, 180.720901489, 181.382675171, 182.044433594, 182.717819214, 183.391204834, 184.064575195, 184.726348877, 185.3881073, 186.06149292, 186.73487854, 187.408248901, 188.081634521, 188.743392944, 189.405166626, 190.078552246, 190.751922607, 191.425308228, 192.098678589, 192.748840332, 193.422225952, 194.095596313, 194.768981934, 195.430740356, 196.104125977, 196.765899658, 197.43927002, 198.11265564, 198.786026001, 199.459411621, 200.132781982, 200.794555664, 201.456329346, 202.129699707, 202.803085327, 203.46484375, 204.126617432, 204.800003052, 205.473373413, 206.146759033, 206.808517456, 207.470291138, 208.143676758, 208.817047119, 209.490432739, 210.163803101, 210.837188721, 211.498947144, 212.160720825, 212.834106445, 213.507476807, 214.169250488, 214.831008911, 215.504394531, 216.177780151, 216.851150513, 217.524536133, 218.186294556, 218.859680176, 219.521453857, 220.194824219, 220.868209839, 221.5415802, 222.203353882, 222.865127563, 223.538497925, 224.211883545, 224.873641968, 225.547027588, 226.20880127, 226.882171631, 227.555557251, 228.240539551, 228.925521851, 229.610519409, 230.295501709, 230.992111206, 231.700317383, 232.385299683, 233.070297241, 233.720443726, 234.370605469, 234.893051147, 235.415512085, 235.937957764, 236.332687378, 236.727432251, 237.133789062, 237.540130615, 237.946487427, 238.341217041, 238.724349976, 239.10748291, 239.490600586, 239.862121582, 240.233642578, 240.605163574, 240.988296509, 241.371429443, 241.766159058, 242.172515869, 242.578857422, 242.973602295, 243.356735229, 243.739852905, 244.111373901, 244.482894897, 244.854415894, 245.22593689, 245.597457886, 245.98059082, 246.363708496, 246.735229492, 247.106750488, 247.478271484, 247.84979248, 248.221313477, 248.592834473, 248.975952148, 249.359085083, 249.730606079, 250.102127075, 250.473648071, 250.845169067, 251.228302002, 251.611419678, 251.994552612, 252.389297485, 252.7840271, 253.190383911, 253.585113525, 253.979858398, 254.374603271, 254.769332886, 255.175689697, 255.58203125, 255.965164185, 256.348297119, 256.731414795, 257.126159668, 257.520904541, 257.938873291, 258.333587646, 258.71673584, 259.099853516, 259.483001709, 259.854522705, 260.226013184, 260.59753418, 260.969055176, 261.340576172, 261.723724365, 262.106842041, 262.478363037, 262.861480713, 263.244628906, 263.650970459, 264.068939209, 264.463653564, 264.846801758, 265.229919434, 265.624664307, 266.031005859, 266.43737793, 266.843719482, 267.226837158, 267.609985352, 267.981506348, 268.352996826, 268.724517822, 269.107666016, 269.490783691, 269.873931885, 270.280273438, 270.68661499, 271.081359863, 271.464477539, 271.847625732, 272.230743408, 272.602264404, 272.9737854, 273.345306396, 273.716827393, 274.099945068, 274.483093262, 274.85458374, 275.226104736, 275.597625732, 275.969146729, 276.340667725, 276.712188721, 277.083709717, 277.455230713, 277.838348389, 278.221496582, 278.593017578, 278.964538574, 279.34765625, 279.730773926, 280.102294922, 280.473815918, 280.845336914, 281.21685791, 281.588378906, 281.959899902, 282.343048096, 282.726165771, 283.097686768, 283.469207764, 283.84072876, 284.212249756, 284.583770752, 284.955291748, 285.315185547, 285.826019287, 286.336853027, 286.836090088, 287.335327148, 287.834564209, 288.345397949, 288.84463501, 289.343841553, 289.843078613, 290.342315674, 290.841522217, 291.340759277, 291.839996338, 292.339233398, 292.838439941, 293.337677002, 293.836914062, 294.336151123, 294.835357666, 295.334594727, 295.833831787, 296.333068848, 296.832275391, 297.331512451, 297.830749512, 298.329986572, 298.829193115, 299.328430176, 299.839263916, 300.338500977, 300.837738037, 301.33694458, 301.836181641, 302.335418701, 302.834655762, 303.333862305, 303.833099365, 304.332336426, 304.831573486, 305.330780029, 305.83001709, 306.32925415, 306.828460693, 307.327697754, 307.826934814, 308.326171875, 308.825378418, 309.324615479, 309.823852539, 310.334686279, 310.83392334, 311.3331604, 311.832366943, 312.331604004, 312.830841064, 313.330047607, 313.829284668, 314.328521729, 314.827758789, 315.326965332, 315.826202393, 316.325439453, 316.824676514, 317.323883057, 317.823120117, 318.322357178, 318.821594238, 319.320800781, 319.820037842, 320.319274902, 320.830108643, 321.329345703, 321.828552246, 322.327789307, 322.827026367, 323.326263428, 323.825469971, 324.324707031, 324.823944092, 325.323181152, 325.822387695, 326.321624756, 326.820861816, 327.320098877, 327.81930542, 328.31854248, 328.817779541, 329.316986084, 329.816223145, 330.327056885, 330.826293945, 331.325531006, 331.824768066, 332.323974609, 332.834838867, 333.32244873, 333.821685791, 334.320892334, 334.820129395, 335.319366455, 335.818572998, 336.317810059, 336.817047119, 337.31628418, 337.815490723, 338.314727783, 338.813964844, 339.313201904, 339.812408447, 340.311645508, 340.822479248, 341.321716309, 341.820953369, 342.320159912, 342.819396973, 343.318634033, 343.817871094, 344.317077637, 344.816314697, 345.315551758, 345.814788818, 346.313995361, 346.813232422, 347.312469482, 347.811706543, 348.322540283, 348.810150146, 349.309387207, 349.808624268, 350.319458008, 350.818664551, 351.317901611, 351.817138672, 352.316375732, 352.815582275, 353.314819336, 353.814056396, 354.313293457, 354.8125, 355.311737061, 355.810974121, 356.310211182, 356.809417725, 357.308654785, 357.807891846, 358.307098389, 358.817962646, 359.317169189, 359.81640625, 360.315643311, 360.814880371, 361.314086914, 361.813323975, 362.312561035, 362.811798096, 363.311004639, 363.810241699, 364.30947876, 364.80871582, 365.307922363, 365.807159424, 366.306396484, 366.805603027, 367.304840088, 367.804077148, 368.303314209, 368.802520752, 369.301757812, 369.800994873, 370.300231934, 370.799438477, 371.310302734, 371.809509277, 372.308746338, 372.807983398, 373.307189941, 373.806427002, 374.305664062, 374.804901123, 375.304107666, 375.803344727, 376.302581787, 376.801818848, 377.301025391, 377.800262451, 378.299499512, 378.810333252, 379.309570312, 379.808776855, 380.308013916, 380.807250977, 381.306488037, 381.80569458, 382.304931641, 382.804168701, 383.303405762, 383.802612305, 384.301849365, 384.801086426, 385.300323486, 385.799530029, 386.29876709, 386.79800415, 387.297241211, 387.796447754, 388.295684814, 388.794921875, 389.294128418, 389.793365479, 390.304199219, 390.803436279, 391.30267334, 391.8019104, 392.301116943, 392.800354004, 393.299591064, 393.798828125, 394.298034668, 394.797271729, 395.296508789, 395.795715332, 396.294952393, 396.794189453, 397.293426514, 397.792633057, 398.291870117, 398.791107178, 399.290344238, 399.801177979, 400.300415039, 400.799621582, 401.298858643, 401.798095703, 402.297302246, 402.796539307, 403.295776367, 403.795013428, 404.294219971, 404.793457031, 405.292694092, 405.791931152, 406.291137695, 406.790374756, 407.289611816, 407.788848877, 408.28805542, 408.682800293, 409.042724609, 409.414245605, 409.785766602, 410.15725708, 410.528778076, 410.900299072, 411.271820068, 411.654968262, 412.038085938, 412.432830811, 412.815948486, 413.210693359, 413.605438232, 414.023406982, 414.418121338, 414.801269531, 415.196014404, 415.602355957, 416.00869751, 416.415039062, 416.821411133, 417.227752686, 417.634094238, 418.028839111, 418.423583984, 418.818328857, 419.23626709, 419.65423584, 420.07220459, 420.490142822, 420.861663818, 421.233184814, 421.604705811, 421.976226807, 422.359344482, 422.742492676, 423.125610352, 423.520355225, 423.9034729, 424.286621094, 424.65814209, 425.041259766, 425.412780762, 425.795898438, 426.179046631, 426.562164307, 426.9453125, 427.328430176, 427.723175049, 428.117919922, 428.512634277, 428.90737915], "bpm_histogram_first_peak_bpm": {"mean": 120, "min": 120, "max": 120, "dmean2": 0, "dvar": 0, "dmean": 0, "median": 120, "dvar2": 0, "var": 0}, "beats_count": 850, "beats_loudness_band_ratio": {"mean": [0.575041472912, 0.196370199323, 0.0822127684951, 0.0619468949735, 0.059222470969, 0.0509857609868], "min": [0.000610787363257, 0.000650549773127, 0.000184325734153, 7.41476378607e-06, 2.95330977451e-07, 2.78201724768e-07], "max": [0.99115717411, 0.979220211506, 0.81213259697, 0.681437253952, 0.575988411903, 0.581662654877], "dmean2": [0.37904548645, 0.23938575387, 0.117792986333, 0.101174786687, 0.0908523648977, 0.0769262686372], "dvar": [0.0435019098222, 0.0192414280027, 0.00888102035969, 0.00626004254445, 0.00370673602447, 0.00314771803096], "dmean": [0.215429916978, 0.139814883471, 0.0686322972178, 0.0564746670425, 0.0506168082356, 0.04317131266], "median": [0.654549956322, 0.131584078074, 0.0408287234604, 0.0365560427308, 0.0362285152078, 0.0229353699833], "dvar2": [0.128702044487, 0.0517372041941, 0.0233938395977, 0.0187413059175, 0.0108603332192, 0.00948271807283], "var": [0.0872106775641, 0.0395469963551, 0.0114151211455, 0.00648440374061, 0.00605792086571, 0.00608559930697]}, "bpm_histogram_second_peak_bpm": {"mean": 89, "min": 89, "max": 89, "dmean2": 0, "dvar": 0, "dmean": 0, "median": 89, "dvar2": 0, "var": 0}}, "tonal": {"chords_number_rate": 0.00118867517449, "tuning_diatonic_strength": 0.64002853632, "chords_changes_rate": 0.0524097681046, "thpcp": [1, 0.631993234158, 0.178800836205, 0.085133060813, 0.165299370885, 0.270308434963, 0.203329101205, 0.112522304058, 0.115692853928, 0.132756188512, 0.117026738822, 0.118655465543, 0.136552214622, 0.136726856232, 0.207710891962, 0.304028511047, 0.263276010752, 0.162972971797, 0.121124014258, 0.128596976399, 0.254050076008, 0.448288440704, 0.374324947596, 0.161526203156, 0.103837840259, 0.10492580384, 0.130490541458, 0.162497252226, 0.16193138063, 0.207171097398, 0.283619612455, 0.226999729872, 0.147961109877, 0.178133442998, 0.303055733442, 0.694844961166], "hpcp": {"mean": [0.0893690809608, 0.0664204731584, 0.0705184042454, 0.139312803745, 0.245826810598, 0.205267637968, 0.088575720787, 0.0569412969053, 0.0575379021466, 0.0715567693114, 0.0891082137823, 0.088797904551, 0.113605894148, 0.15552778542, 0.124479271472, 0.0811370611191, 0.0976825878024, 0.16618591547, 0.381030380726, 0.548367500305, 0.346564561129, 0.0980485677719, 0.0466842018068, 0.0906447991729, 0.148228362203, 0.111499071121, 0.0617035739124, 0.0634422004223, 0.0727991759777, 0.0641736611724, 0.0650667995214, 0.0748807936907, 0.0749765634537, 0.113901905715, 0.166719347239, 0.14437200129], "min": [0, 0, 0, 0, 0, 0, 0, 0, 0, 0, 0, 0, 0, 0, 0, 0, 0, 0, 0, 0, 0, 0, 0, 0, 0, 0, 0, 0, 0, 0, 0, 0, 0, 0, 0, 0], "max": [1, 1, 1, 1, 1, 1, 1, 1, 1, 1, 1, 1, 1, 1, 1, 1, 1, 1, 1, 1, 1, 1, 1, 1, 1, 1, 1, 1, 1, 1, 1, 1, 1, 1, 1, 1], "dmean2": [0.189265146852, 0.1522090137, 0.16343742609, 0.214711979032, 0.253138303757, 0.257576525211, 0.176266893744, 0.120508305728, 0.123890392482, 0.143535748124, 0.14769692719, 0.165936142206, 0.191705390811, 0.207500711083, 0.198972478509, 0.18831487, 0.23135048151, 0.319449275732, 0.399150520563, 0.350912600756, 0.343579739332, 0.219603419304, 0.128692597151, 0.170229643583, 0.249710813165, 0.182546466589, 0.130001828074, 0.128376528621, 0.118248648942, 0.111513487995, 0.131579190493, 0.149590581656, 0.158701702952, 0.180538699031, 0.176946848631, 0.201969474554], "dvar": [0.042201410979, 0.033503998071, 0.033353369683, 0.037887647748, 0.0422117523849, 0.0464294329286, 0.0339512825012, 0.0250605158508, 0.0271723605692, 0.0324432104826, 0.0323378741741, 0.0333076193929, 0.0376077406108, 0.0406900942326, 0.0390643104911, 0.0407236367464, 0.0493893958628, 0.0589399337769, 0.0595884248614, 0.0628305748105, 0.0507966950536, 0.0382190942764, 0.0257553365082, 0.0284482836723, 0.0556172430515, 0.0281002875417, 0.0233461931348, 0.0239381417632, 0.0234264396131, 0.0192308109254, 0.0281723886728, 0.0321875624359, 0.034874483943, 0.0360850207508, 0.0345162302256, 0.0423118472099], "dmean": [0.103625275195, 0.0822506248951, 0.0890049189329, 0.122722297907, 0.15227176249, 0.15260642767, 0.0979905724525, 0.0655498281121, 0.0669468343258, 0.0789651572704, 0.0823288187385, 0.0921219587326, 0.108940623701, 0.121271915734, 0.114571161568, 0.102056756616, 0.1254478544, 0.177774131298, 0.230670705438, 0.202855110168, 0.200336903334, 0.11934736371, 0.0677288621664, 0.0942601487041, 0.139771357179, 0.102575443685, 0.0709221884608, 0.0710791796446, 0.0670334175229, 0.0623427666724, 0.071904271841, 0.0817899927497, 0.086816817522, 0.102081179619, 0.10095154494, 0.113660536706], "median": [0.0123756639659, 0.00793111138046, 0.0118788313121, 0.0602283999324, 0.125204876065, 0.0965828001499, 0.0257529020309, 0.00860255397856, 0.00841130781919, 0.0114757632837, 0.0135139077902, 0.0179020874202, 0.0307836141437, 0.0348306074739, 0.0247606039047, 0.0145352240652, 0.0150879789144, 0.0499475970864, 0.322819143534, 0.530538082123, 0.268788635731, 0.0339068137109, 0.00581061001867, 0.0240003913641, 0.04122332111, 0.0373224467039, 0.0123138017952, 0.00860994495451, 0.00794247351587, 0.0106800459325, 0.0188182070851, 0.0203075557947, 0.0160749685019, 0.0176341570914, 0.0235433168709, 0.0205966569483], "dvar2": [0.1212740466, 0.0951776728034, 0.0946933478117, 0.105063907802, 0.109215721488, 0.120121538639, 0.0952425971627, 0.071904681623, 0.0771574601531, 0.0927339345217, 0.0912657007575, 0.0926456227899, 0.10343054682, 0.105792894959, 0.105566993356, 0.116210386157, 0.142094895244, 0.166694805026, 0.164835616946, 0.155327752233, 0.141389027238, 0.109989352524, 0.074729397893, 0.0812710821629, 0.15663151443, 0.0817535147071, 0.0680383592844, 0.0695338174701, 0.064798116684, 0.0541608370841, 0.082109823823, 0.0931296274066, 0.0997981056571, 0.100816078484, 0.0927180126309, 0.116740144789], "var": [0.0363652519882, 0.0263205207884, 0.0252846218646, 0.0403658635914, 0.0816402956843, 0.0657306537032, 0.0277544409037, 0.0220003724098, 0.0234092324972, 0.0282322447747, 0.0382822267711, 0.03316353634, 0.0389802828431, 0.0645786225796, 0.0463441126049, 0.0306427441537, 0.0390718095005, 0.0619548596442, 0.0950814187527, 0.156566157937, 0.0924663245678, 0.0279514733702, 0.0163658112288, 0.0251567158848, 0.0591079778969, 0.0308016110212, 0.0196466967463, 0.0218108575791, 0.0304058529437, 0.0219597648829, 0.0215096157044, 0.0261230040342, 0.0280440878123, 0.0456950850785, 0.0854440703988, 0.0663202777505]}, "tuning_frequency": 434.193115234, "chords_scale": "major", "chords_histogram": [14.739572525, 5.17613983154, 30.2571868896, 0.162092074752, 1.25351202488, 0.551113009453, 0.324184149504, 0, 0, 0, 0.205316618085, 0, 0, 0.280959576368, 0.0864491015673, 2.10719680786, 0, 8.29911422729, 4.61422109604, 17.6572284698, 0.62675601244, 5.81370210648, 4.53857803345, 3.30667829514], "hpcp_entropy": {"mean": 1.98822784424, "min": 0.0365435257554, "max": 4.67995405197, "dmean2": 1.15403223038, "dvar": 0.3097255826, "dmean": 0.677542150021, "median": 2.00866365433, "dvar2": 0.876559615135, "var": 0.73774600029}, "chords_key": "D#", "key_key": "G#", "key_scale": "major", "tuning_nontempered_energy_ratio": 0.974082946777, "tuning_equal_tempered_deviation": 0.361343324184, "key_strength": 0.696283936501, "chords_strength": {"mean": 0.500837624073, "min": 0.228209719062, "max": 0.798472821712, "dmean2": 0.00851213280112, "dvar": 5.0191203627e-05, "dmean": 0.00756957335398, "median": 0.504991650581, "dvar2": 8.09963094071e-05, "var": 0.00833575427532}}, "metadata": {"audio_properties": {"md5_encoded": "66d0c2f0b27b7d7498ad35ac646b8a97", "downmix": "mix", "equal_loudness": 0, "bit_rate": 0, "analysis_sample_rate": 44100, "length": 429.706665039, "lossless": true, "replay_gain": -6.84737586975, "codec": "flac"}, "version": {"essentia_git_sha": "v2.1_beta1-7-ge0e83e8", "essentia_build_sha": "ed039d7e5a6e3dec64cf0be7c36ef885fb432306", "extractor": "music 1.0", "essentia": "2.1-beta1"}, "tags": {"originaldate": ["1990"], "mixer": ["Jean Michel Jarre", "Michel Geiss"], "albumartistsort": ["Jarre, Jean Michel"], "title": ["Calypso, Part 2"], "tracktotal": ["4"], "producer": ["Jean Michel Jarre"], "script": ["Latn"], "replaygain_album_peak": ["0.999969"], "composer": ["Jean Michel Jarre"], "totaldiscs": ["1"], "grouping": ["Electronica"], "replaygain_album_gain": ["-2.79 dB"], "musicbrainz_albumid": ["00a13057-73b1-3a71-a2ee-f247c1d4326d"], "label": ["Disques Dreyfus"], "albumartist": ["Jean Michel Jarre"], "musicbrainz_albumartistid": ["86e2e2ad-6d1b-44fd-9463-b6683718a1cc"], "musicbrainz_releasetrackid": ["a7e12190-33e3-3b61-afb9-0226407c88a5"], "releasestatus": ["official"], "artistsort": ["Jarre, Jean Michel"], "date": ["1990"], "catalognumber": ["843 614-4"], "releasecountry": ["GB"], "language": ["eng"], "releasetype": ["album"], "media": ["Cassette"], "album": ["Waiting for Cousteau"], "disctotal": ["1"], "artists": ["Jean Michel Jarre"], "musicbrainz_artistid": ["86e2e2ad-6d1b-44fd-9463-b6683718a1cc"], "asin": ["B000001ZSD"], "musicbrainz_recordingid": ["083020eb-c2db-4726-bb9e-b3744a2c60ff"], "totaltracks": ["4"], "artist": ["Jean Michel Jarre"], "genre": ["Ambient"], "acoustid_id": ["304762bb-a595-40fb-b189-70566dce5917"], "replaygain_track_gain": ["-2.38 dB"], "tracknumber": ["2"], "mood": ["Retro; Relaxed"], "replaygain_track_peak": ["0.999969"], "performer": ["Amoco Renegades (drums)"], "musicbrainz_releasegroupid": ["361bd924-fe82-3182-844f-e8cf71f45490"], "composersort": ["Jarre, Jean Michel"], "discnumber": ["1"], "file_name": "02 Calypso, Part 2.flac", "originalyear": ["1990"]}}, "lowlevel": {"mfcc": {"mean": [-702.684753418, 128.067001343, 13.3964929581, 32.6496505737, 8.97681045532, 8.6315536499, 1.83128535748, 3.90256214142, 0.773317754269, -1.26903772354, -2.49472951889, -0.163342982531, 0.416162252426], "cov": [[17602.9042969, -2120.33789062, -1865.47937012, 598.936218262, -173.848724365, 306.802886963, 194.65574646, 195.904632568, 221.799530029, 125.290397644, 175.595840454, -50.7786750793, -97.9331436157], [-2120.33789062, 3104.68359375, 1011.6519165, -18.0632400513, 159.276687622, 45.417175293, 85.891204834, 52.8098602295, 87.9041748047, 50.1925086975, 37.5525665283, 2.91686081886, -19.0662479401], [-1865.47937012, 1011.6519165, 1307.61804199, 24.2128925323, 144.202423096, 76.2830657959, 82.225730896, 33.0069122314, 58.4916114807, 63.3043212891, 40.791847229, -5.96690130234, -19.7002449036], [598.936218262, -18.0632400513, 24.2128925323, 311.099090576, 21.9491558075, 67.8905181885, 29.150434494, 30.5877952576, 9.82178688049, 16.3728160858, 7.24654626846, -3.83853459358, -4.74399900436], [-173.848724365, 159.276687622, 144.202423096, 21.9491558075, 216.219696045, 67.271446228, 55.6812057495, 13.2210216522, 16.234998703, 20.3351745605, 22.0120658875, 5.8421421051, -7.29504776001], [306.802886963, 45.417175293, 76.2830657959, 67.8905181885, 67.271446228, 186.589706421, 60.4113845825, 36.0518417358, 43.4543037415, 28.9202804565, 36.0962982178, -2.13342523575, -3.73409223557], [194.65574646, 85.891204834, 82.225730896, 29.150434494, 55.6812057495, 60.4113845825, 149.349578857, 60.2490005493, 37.3309135437, 33.6102638245, 30.4174175262, 1.72397267818, -2.97634840012], [195.904632568, 52.8098602295, 33.0069122314, 30.5877952576, 13.2210216522, 36.0518417358, 60.2490005493, 132.920150757, 62.3233451843, 38.6245651245, 19.4215564728, 16.8047199249, 4.96271657944], [221.799530029, 87.9041748047, 58.4916114807, 9.82178688049, 16.234998703, 43.4543037415, 37.3309135437, 62.3233451843, 136.707641602, 59.9360046387, 33.0025367737, -0.0514542870224, -1.32876121998], [125.290397644, 50.1925086975, 63.3043212891, 16.3728160858, 20.3351745605, 28.9202804565, 33.6102638245, 38.6245651245, 59.9360046387, 136.317825317, 55.3714637756, 4.86590766907, -14.7296695709], [175.595840454, 37.5525665283, 40.791847229, 7.24654626846, 22.0120658875, 36.0962982178, 30.4174175262, 19.4215564728, 33.0025367737, 55.3714637756, 115.351570129, 35.1123466492, -6.46873569489], [-50.7786750793, 2.91686081886, -5.96690130234, -3.83853459358, 5.8421421051, -2.13342523575, 1.72397267818, 16.8047199249, -0.0514542870224, 4.86590766907, 35.1123466492, 85.2141952515, 33.9818229675], [-97.9331436157, -19.0662479401, -19.7002449036, -4.74399900436, -7.29504776001, -3.73409223557, -2.97634840012, 4.96271657944, -1.32876121998, -14.7296695709, -6.46873569489, 33.9818229675, 100.015548706]], "icov": [[8.28659030958e-05, 2.38770244323e-05, 0.000116511051601, -0.000136597591336, 5.33373022336e-05, -7.67897290643e-05, -9.14387201192e-05, -1.61173775268e-05, -0.000118110307085, 1.77177244041e-05, -0.000117566640256, 6.89542939654e-05, 7.12725959602e-05], [2.38770244323e-05, 0.000445507525001, -0.000291590869892, 6.97961741025e-06, -0.000108172542241, 7.8449731518e-05, -5.98824299232e-05, -5.00780406583e-05, -0.000203364092158, 8.73082171893e-05, -3.39156977134e-05, -1.58326947712e-05, 6.0288093664e-05], [0.000116511051601, -0.000291590869892, 0.00125476974063, -0.000218117900658, -0.000301837251754, -0.000230834048125, -0.000314585195156, 8.38158011902e-05, -0.000218025757931, -0.000225075535127, -0.000197762696189, 0.000203264644369, 0.000133254870889], [-0.000136597591336, 6.97961741025e-06, -0.000218117900658, 0.00378955574706, -5.19641944265e-05, -0.00115899962839, 0.000111171946628, -0.000660631980281, 0.000715059635695, -0.000312292337185, 0.000435885507613, 2.42627484113e-05, -2.31548401644e-05], [5.33373022336e-05, -0.000108172542241, -0.000301837251754, -5.19641944265e-05, 0.00588547484949, -0.00166924926452, -0.0016269411426, 0.000715874077287, 0.000138351504575, -0.00020578863041, 9.02902029338e-05, -0.000761890667491, 0.000488944584504], [-7.67897290643e-05, 7.8449731518e-05, -0.000230834048125, -0.00115899962839, -0.00166924926452, 0.00764194782823, -0.00142737221904, -0.000276861916063, -0.00128165946808, 0.000483231706312, -0.0016272686189, 0.00109341205098, -0.000448468897957], [-9.14387201192e-05, -5.98824299232e-05, -0.000314585195156, 0.000111171946628, -0.0016269411426, -0.00142737221904, 0.00993420556188, -0.0038102529943, 0.000449778453913, -0.000326847075485, -0.00134763226379, 0.00129636505153, -0.000414688896853], [-1.61173775268e-05, -5.00780406583e-05, 8.38158011902e-05, -0.000660631980281, 0.000715874077287, -0.000276861916063, -0.0038102529943, 0.0118594160303, -0.00422286055982, -0.00109081401024, 0.0016947373515, -0.00308395409957, 0.000240558278165], [-0.000118110307085, -0.000203364092158, -0.000218025757931, 0.000715059635695, 0.000138351504575, -0.00128165946808, 0.000449778453913, -0.00422286055982, 0.0115613928065, -0.00327682960778, -0.00108159752563, 0.00176495919004, -0.00097690417897], [1.77177244041e-05, 8.73082171893e-05, -0.000225075535127, -0.000312292337185, -0.00020578863041, 0.000483231706312, -0.000326847075485, -0.00109081401024, -0.00327682960778, 0.011053821072, -0.00442560994998, 0.00102890492417, 0.000970857741777], [-0.000117566640256, -3.39156977134e-05, -0.000197762696189, 0.000435885507613, 9.02902029338e-05, -0.0016272686189, -0.00134763226379, 0.0016947373515, -0.00108159752563, -0.00442560994998, 0.014121754095, -0.00688883382827, 0.00226957118139], [6.89542939654e-05, -1.58326947712e-05, 0.000203264644369, 2.42627484113e-05, -0.000761890667491, 0.00109341205098, 0.00129636505153, -0.00308395409957, 0.00176495919004, 0.00102890492417, -0.00688883382827, 0.0176166314632, -0.00597355142236], [7.12725959602e-05, 6.0288093664e-05, 0.000133254870889, -2.31548401644e-05, 0.000488944584504, -0.000448468897957, -0.000414688896853, 0.000240558278165, -0.00097690417897, 0.000970857741777, 0.00226957118139, -0.00597355142236, 0.0124059179798]]}, "barkbands_spread": {"mean": 20.0249118805, "min": 0.222457781434, "max": 141.743103027, "dmean2": 10.8087654114, "dvar": 80.6856307983, "dmean": 6.79120206833, "median": 17.2628765106, "dvar2": 194.128234863, "var": 230.292098999}, "spectral_strongpeak": {"mean": 0.455193400383, "min": 0, "max": 7.61008453369, "dmean2": 0.403625696898, "dvar": 0.157795652747, "dmean": 0.238608211279, "median": 0.326474457979, "dvar2": 0.418525785208, "var": 0.223250925541}, "melbands_crest": {"mean": 15.5727119446, "min": 2.2317044735, "max": 36.4378738403, "dmean2": 5.56040525436, "dvar": 11.8637571335, "dmean": 3.49344372749, "median": 14.9181957245, "dvar2": 30.9291133881, "var": 31.4969425201}, "spectral_energyband_middle_high": {"mean": 0.00310147181153, "min": 1.06246692e-10, "max": 0.0883412137628, "dmean2": 0.00251042447053, "dvar": 1.45293961396e-05, "dmean": 0.00160093151499, "median": 0.00135456561111, "dvar2": 3.5243388993e-05, "var": 2.68434796453e-05}, "spectral_rms": {"mean": 0.00457637058571, "min": 2.05886999538e-06, "max": 0.0229977481067, "dmean2": 0.00156222633086, "dvar": 2.56358589468e-06, "dmean": 0.00103727343958, "median": 0.00417604111135, "dvar2": 5.64860283703e-06, "var": 8.6037634901e-06}, "spectral_flux": {"mean": 0.0774381011724, "min": 5.11588732479e-05, "max": 0.654713213444, "dmean2": 0.0448532439768, "dvar": 0.00207493570633, "dmean": 0.0280643887818, "median": 0.0546403452754, "dvar2": 0.0044442829676, "var": 0.00531529495493}, "erbbands_flatness_db": {"mean": 0.166904985905, "min": 0.0361873321235, "max": 0.520717084408, "dmean2": 0.0296562518924, "dvar": 0.000499085057527, "dmean": 0.0199721492827, "median": 0.140925392509, "dvar2": 0.00112677481957, "var": 0.00661886902526}, "barkbands_flatness_db": {"mean": 0.174590438604, "min": 0.0127916447818, "max": 0.671969234943, "dmean2": 0.0437759496272, "dvar": 0.00102652364876, "dmean": 0.0288876257837, "median": 0.139717921615, "dvar2": 0.00220460700803, "var": 0.0134808756411}, "spectral_entropy": {"mean": 7.30035448074, "min": 3.67408275604, "max": 8.65371227264, "dmean2": 0.305654853582, "dvar": 0.0674143359065, "dmean": 0.207067996264, "median": 7.61320161819, "dvar2": 0.14901599288, "var": 0.827951848507}, "spectral_energyband_high": {"mean": 0.000852521276101, "min": 1.16164511343e-09, "max": 0.0398113653064, "dmean2": 0.00101157533936, "dvar": 3.08659423354e-06, "dmean": 0.000652867078315, "median": 0.000203187053557, "dvar2": 7.55962673793e-06, "var": 3.64769789485e-06}, "barkbands_kurtosis": {"mean": 7.4916267395, "min": -1.90842723846, "max": 604.866699219, "dmean2": 7.90199756622, "dvar": 183.841705322, "dmean": 5.07378339767, "median": 3.17688393593, "dvar2": 385.941619873, "var": 283.549926758}, "spectral_complexity": {"mean": 14.7867832184, "min": 0, "max": 66, "dmean2": 6.18886804581, "dvar": 35.9360618591, "dmean": 4.10909986496, "median": 12, "dvar2": 75.4417114258, "var": 147.157211304}, "spectral_contrast_coeffs": {"mean": [-0.660238742828, -0.722537338734, -0.791860282421, -0.797565996647, -0.800847411156, -0.76321208477], "min": [-0.939695596695, -0.955454647541, -0.963792920113, -0.94030046463, -0.936517119408, -0.958996772766], "max": [-0.344205766916, -0.403771668673, -0.506583094597, -0.580122172832, -0.547025442123, -0.531756520271], "dmean2": [0.0793520063162, 0.073482722044, 0.0630317628384, 0.051312956959, 0.0395521596074, 0.0373571105301], "dvar": [0.00193887064233, 0.0015019091079, 0.00114226061851, 0.000718291616067, 0.000502986717038, 0.000605271779932], "dmean": [0.0490983761847, 0.0461466349661, 0.0391966998577, 0.0313202627003, 0.0241155736148, 0.0234997943044], "median": [-0.664780974388, -0.724863886833, -0.799283027649, -0.801807224751, -0.803577184677, -0.758943319321], "dvar2": [0.0051223388873, 0.00380648369901, 0.0028091489803, 0.00183800631203, 0.0012934039114, 0.0013948562555], "var": [0.00644009001553, 0.00555872963741, 0.00323918927461, 0.00223460281268, 0.00237729889341, 0.00412129424512]}, "spectral_centroid": {"mean": 1240.89941406, "min": 115.304977417, "max": 4404.29199219, "dmean2": 493.407867432, "dvar": 167539.578125, "dmean": 306.014923096, "median": 1126.51074219, "dvar2": 418618.15625, "var": 630239.875}, "spectral_energyband_low": {"mean": 0.018528284505, "min": 4.61109428418e-10, "max": 0.51725178957, "dmean2": 0.0174820329994, "dvar": 0.000781322421972, "dmean": 0.0108667723835, "median": 0.00744182057679, "dvar2": 0.00192781339865, "var": 0.00110109779052}, "dissonance": {"mean": 0.457237064838, "min": 0.151157036424, "max": 0.499999791384, "dmean2": 0.0307503882796, "dvar": 0.000490533479024, "dmean": 0.0186028201133, "median": 0.471717208624, "dvar2": 0.00129532266874, "var": 0.00199121865444}, "zerocrossingrate": {"mean": 0.0515981651843, "min": 0.001953125, "max": 0.494140625, "dmean2": 0.0128444489092, "dvar": 0.000157215472427, "dmean": 0.0104488125071, "median": 0.0439453125, "dvar2": 0.000207454824704, "var": 0.00176031701267}, "erbbands": {"mean": [0.368560373783, 2.84009742737, 3.9989695549, 8.05543231964, 8.61170291901, 10.1834058762, 17.8985767365, 9.62134933472, 8.18277168274, 9.09642791748, 11.9338769913, 10.8207931519, 9.98428630829, 12.7210531235, 10.7918624878, 14.3868303299, 11.2442169189, 12.4262485504, 15.6564359665, 14.921705246, 16.2025318146, 17.0897159576, 17.5413990021, 16.1290283203, 14.8796253204, 12.4507465363, 10.2664937973, 8.42762088776, 9.74656963348, 3.87248373032, 2.31212186813, 1.67964744568, 1.45849883556, 0.883739292622, 0.466389983892, 0.193961560726, 0.0355744771659, 0.00270471442491, 0.000733611988835, 7.71662453189e-05], "min": [6.14508577357e-09, 6.91945345466e-09, 9.6461052479e-09, 1.03334514279e-07, 9.93798039417e-08, 4.98416241612e-08, 3.59822500684e-08, 3.32795657698e-08, 4.41878569291e-08, 7.27175049064e-08, 7.62994787351e-08, 2.13679484773e-07, 1.39075126526e-07, 2.29092478321e-07, 9.77708580763e-08, 1.20301862694e-07, 2.77636303281e-07, 3.59230540425e-07, 3.87115164813e-07, 4.39829335619e-07, 2.54208543993e-07, 3.33373805006e-07, 2.71722967682e-07, 3.26933076167e-07, 3.34767179311e-07, 3.59026103069e-07, 3.67335985629e-07, 3.20397077758e-07, 3.58945555945e-07, 2.49135354125e-07, 3.10319080654e-07, 5.26780581822e-07, 2.06460384788e-07, 4.42082210839e-07, 4.0645281274e-07, 1.97601337959e-07, 8.71722534157e-08, 6.43854676241e-08, 6.94233222021e-08, 2.41255406763e-08], "max": [17.9959316254, 117.305503845, 260.756225586, 343.392974854, 413.863525391, 251.973068237, 460.695770264, 331.016296387, 322.801696777, 414.987487793, 695.647705078, 1227.16369629, 480.54989624, 571.756286621, 362.448577881, 1034.49255371, 2296.47119141, 551.258850098, 632.022888184, 1318.66699219, 481.260162354, 929.453918457, 838.21295166, 725.008178711, 479.451202393, 521.552490234, 399.160003662, 380.632904053, 707.496582031, 243.444519043, 434.709777832, 211.969421387, 146.550445557, 61.2712516785, 43.525177002, 22.2511749268, 1.9784373045, 0.151359468699, 0.0533699095249, 0.00607289560139], "dmean2": [0.522624135017, 3.41727542877, 4.93923473358, 7.32635688782, 10.0081691742, 10.5123405457, 13.5329408646, 6.97898483276, 5.93841981888, 7.8362493515, 11.0331764221, 13.7484817505, 11.1466188431, 12.95271492, 9.75592517853, 16.1005935669, 14.1651439667, 14.6353788376, 19.2646617889, 16.628112793, 18.5185718536, 21.152179718, 27.1496486664, 21.9145755768, 18.7562217712, 16.1109580994, 14.0797529221, 11.1674480438, 13.6136703491, 4.96238470078, 3.10369968414, 2.1921505928, 2.05844902992, 1.17542433739, 0.691324472427, 0.314612597227, 0.0499119274318, 0.00351507752202, 0.00103815691546, 8.83188840817e-05], "dvar": [0.747485518456, 33.6392364502, 88.9774780273, 153.704772949, 234.307678223, 210.237823486, 315.367095947, 66.8022689819, 101.688415527, 126.430915833, 285.343566895, 873.385437012, 391.939147949, 386.021087646, 172.474685669, 843.027282715, 1700.69689941, 624.347106934, 1138.5847168, 830.566162109, 614.148193359, 1101.41430664, 2062.70043945, 1180.33581543, 844.002685547, 689.223449707, 556.121826172, 417.509979248, 1038.78662109, 112.647621155, 59.547416687, 30.3067855835, 27.7423229218, 8.77761268616, 2.9869697094, 0.662671029568, 0.0101487971842, 5.17691696587e-05, 5.71347391087e-06, 3.03734815077e-08], "dmean": [0.318844825029, 2.08955383301, 2.91151762009, 4.42949485779, 5.79568529129, 6.38024091721, 9.10821914673, 4.7190527916, 4.0834274292, 5.13119983673, 7.17229890823, 8.31611442566, 6.98598861694, 8.22262001038, 6.06032180786, 9.90370464325, 8.3707113266, 9.08938694, 11.7752056122, 10.2203292847, 11.1918935776, 12.5473098755, 15.8211154938, 13.0395669937, 11.1824474335, 9.83244228363, 8.41346645355, 6.85627508163, 8.38271331787, 3.07463026047, 1.89735591412, 1.34864866734, 1.28136217594, 0.755312144756, 0.436222970486, 0.195801690221, 0.0326421670616, 0.0022939206101, 0.000692525703926, 5.69077237742e-05], "median": [0.0845614373684, 0.762937307358, 1.63138997555, 3.05777335167, 3.71651887894, 4.31593561172, 6.72745227814, 4.63108634949, 2.88959622383, 3.86538410187, 4.62926244736, 3.83830714226, 3.00447463989, 4.33691740036, 4.10329198837, 4.29108810425, 3.56690335274, 3.19825053215, 4.64905548096, 5.36227083206, 5.65375709534, 5.21687889099, 4.52957582474, 4.23366212845, 3.70886445045, 3.03979969025, 2.35982990265, 1.79165220261, 1.32383716106, 0.888692378998, 0.584298253059, 0.370106428862, 0.20563480258, 0.0980325043201, 0.0463710874319, 0.015351283364, 0.0024787641596, 0.000165092613315, 2.50296325248e-05, 2.66985243798e-05], "dvar2": [2.02215147018, 86.8470077515, 248.78163147, 435.804382324, 674.69354248, 580.933654785, 781.074401855, 157.682907104, 217.314071655, 306.023529053, 694.696716309, 2425.77929688, 980.544799805, 939.515136719, 424.025115967, 2186.02368164, 4920.54589844, 1470.8704834, 2770.24291992, 2159.73461914, 1540.50817871, 2849.96606445, 5387.46582031, 3042.59130859, 2093.15307617, 1628.98022461, 1449.61828613, 1043.90893555, 2591.6484375, 283.787597656, 164.271392822, 80.7648925781, 72.361946106, 21.6688404083, 7.50046682358, 1.67510032654, 0.023311547935, 0.000119964432088, 1.31411798066e-05, 7.41258290304e-08], "var": [0.805712223053, 37.0041275024, 73.2060241699, 246.127334595, 242.711486816, 286.533843994, 972.689453125, 220.516815186, 320.483673096, 250.520019531, 522.713806152, 663.181152344, 508.27053833, 671.556030273, 386.971435547, 1110.68054199, 1181.68518066, 930.553405762, 1479.76342773, 1080.21887207, 970.78717041, 1496.40136719, 1895.23205566, 1351.28234863, 1317.35205078, 1043.002075