{"metadata": {"tags": {"album": ["OperationGet Down"], "albumartist": ["Craig Mack"], "genre": ["Rap"], "artist": ["Craig Mack"], "date": ["1997"], "tracknumber": ["4"], "title": ["craig mack - craig mack-operation get down-04"], "file_name": "234305.mp3", "musicbrainz_recordingid": ["08378b68-d995-464d-a274-05fbba0881f3"]}, "audio_properties": {"sample_rate": 44100, "downmix": "mix", "lossless": false, "analysis_sample_rate": 44100, "md5_encoded": "f45ec1888db8bcc00c81a9942997f648", "equal_loudness": 0, "replay_gain": -11.9960632324, "codec": "mp3", "bit_rate": 320000, "length": 240.744491577}, "version": {"extractor": "music 1.0", "essentia_build_sha": "70f2e5ece6736b2c40cc944ad0e695b16b925413", "essentia_git_sha": "v2.1_beta2", "essentia": "2.1-beta2"}}, "rhythm": {"beats_loudness_band_ratio": {"dvar2": [0.0839918330312, 0.0412940569222, 0.0197384096682, 0.0147119965404, 0.0016058323672, 0.0486406050622], "var": [0.095794968307, 0.0222473908216, 0.00675607379526, 0.00322862830944, 0.000567874696571, 0.0297520179302], "min": [0, 0, 0, 0, 0, 0], "dmean": [0.546242535114, 0.240717306733, 0.0700476244092, 0.0496820248663, 0.0332444868982, 0.240123391151], "mean": [0.626874387264, 0.142133563757, 0.0668854489923, 0.03447169438, 0.0238502547145, 0.140248388052], "max": [0.997342646122, 0.624686717987, 0.585422098637, 0.593229949474, 0.125029981136, 0.999095618725], "dmean2": [1.08960437775, 0.476932674646, 0.129993528128, 0.0990094915032, 0.0659112036228, 0.479013621807], "median": [0.584107041359, 0.0872852280736, 0.039868041873, 0.0190510023385, 0.0167658217251, 0.0499639064074], "dvar": [0.0259186010808, 0.0137778790668, 0.00638693058863, 0.00476963771507, 0.000555602891836, 0.0167629867792]}, "bpm_histogram_first_peak_weight": {"dvar2": 0, "var": 0, "min": 0.96656537056, "dmean": 0, "mean": 0.96656537056, "max": 0.96656537056, "dmean2": 0, "median": 0.96656537056, "dvar": 0}, "bpm": 82.5169296265, "beats_count": 330, "bpm_histogram_first_peak_spread": {"dvar2": 0, "var": 0, "min": 0.00313478708267, "dmean": 0, "mean": 0.00313478708267, "max": 0.00313478708267, "dmean2": 0, "median": 0.00313478708267, "dvar": 0}, "danceability": 1.69258224964, "bpm_histogram_first_peak_bpm": {"dvar2": 0, "var": 0, "min": 82, "dmean": 0, "mean": 82, "max": 82, "dmean2": 0, "median": 82, "dvar": 0}, "beats_position": [0.650158703327, 1.3235373497, 1.99691605568, 2.68190479279, 3.36689329147, 4.08671188354, 4.80653047562, 5.52634906769, 6.25777769089, 6.98920631409, 7.70902490616, 8.44045352936, 9.17188167572, 9.89170074463, 10.6115188599, 11.354557991, 12.0743761063, 12.7941951752, 13.5140132904, 14.2454423904, 14.9768705368, 15.696688652, 16.4397277832, 17.1595458984, 17.8793640137, 18.6107940674, 19.3422222137, 20.062040329, 20.7818584442, 21.5132884979, 22.2447166443, 22.9645347595, 23.6959629059, 24.4273910522, 25.1472110748, 25.8670291901, 26.5984573364, 27.3298854828, 28.0497055054, 28.7811336517, 29.5125617981, 30.2323799133, 30.9521980286, 31.6836280823, 32.4150543213, 33.1348762512, 33.8663024902, 34.5977325439, 35.3175506592, 36.0489807129, 36.7804069519, 37.5002250671, 38.2200431824, 38.9514732361, 39.6829032898, 40.402721405, 41.134147644, 41.8655776978, 42.585395813, 43.3052139282, 44.0366439819, 44.7680702209, 45.4878921509, 46.2193183899, 46.9507484436, 47.6705665588, 48.4019927979, 49.1334228516, 49.8532409668, 50.573059082, 51.3044891357, 52.0359191895, 52.7557373047, 53.4871635437, 54.2185935974, 54.9384117126, 55.6582298279, 56.3896598816, 57.1210861206, 57.8409042358, 58.5607261658, 59.2921524048, 60.0235824585, 60.7434005737, 61.4748306274, 62.2062568665, 62.9260749817, 63.6575050354, 64.3889312744, 65.1087493896, 65.8285675049, 66.5599975586, 67.2914276123, 68.0112457275, 68.7426757812, 69.474105835, 70.1939239502, 70.9253463745, 71.6567764282, 72.3765945435, 73.0964126587, 73.8278427124, 74.5592727661, 75.2790908813, 75.9989089966, 76.7303390503, 77.461769104, 78.1815872192, 78.9130172729, 79.6444396973, 80.3642578125, 81.0956878662, 81.8271179199, 82.5469360352, 83.2667541504, 83.9981842041, 84.7296142578, 85.449432373, 86.1808624268, 86.9122848511, 87.6321105957, 88.3519287109, 89.0833511353, 89.814781189, 90.5345993042, 91.2660293579, 91.9974594116, 92.7172775269, 93.4487075806, 94.1801376343, 94.8999557495, 95.6197738647, 96.3511962891, 97.0826263428, 97.802444458, 98.5338745117, 99.2653045654, 99.9851226807, 100.716552734, 101.447982788, 102.167800903, 102.887619019, 103.619049072, 104.350471497, 105.070289612, 105.801719666, 106.533149719, 107.252967834, 107.97278595, 108.704216003, 109.435646057, 110.155464172, 110.886894226, 111.61831665, 112.338134766, 113.069564819, 113.800994873, 114.520812988, 115.240631104, 115.972061157, 116.703491211, 117.423309326, 118.15473938, 118.886169434, 119.605987549, 120.337409973, 121.068840027, 121.788658142, 122.508476257, 123.239906311, 123.971336365, 124.69115448, 125.410972595, 126.142402649, 126.873832703, 127.605255127, 128.336685181, 129.056503296, 129.776321411, 130.507751465, 131.239181519, 131.958999634, 132.678817749, 133.410247803, 134.141677856, 134.87310791, 135.604537964, 136.324356079, 137.044174194, 137.775604248, 138.507034302, 139.226852417, 139.946670532, 140.678085327, 141.409515381, 142.129333496, 142.86076355, 143.592193604, 144.312011719, 145.043441772, 145.774871826, 146.494689941, 147.214508057, 147.94593811, 148.677368164, 149.397186279, 150.128616333, 150.860046387, 151.579864502, 152.311294556, 153.042724609, 153.762542725, 154.48236084, 155.213790894, 155.945205688, 156.665023804, 157.384857178, 158.116271973, 158.847702026, 159.567520142, 160.298950195, 161.030380249, 161.750198364, 162.481628418, 163.213058472, 163.944488525, 164.675918579, 165.395736694, 166.127166748, 166.846984863, 167.578414917, 168.309844971, 169.041259766, 169.761077881, 170.492507935, 171.223937988, 171.943756104, 172.663574219, 173.383392334, 174.114822388, 174.846252441, 175.566070557, 176.285888672, 177.017318726, 177.748748779, 178.468566895, 179.18838501, 179.931427002, 180.651245117, 181.371063232, 182.090881348, 182.83392334, 183.553741455, 184.285171509, 185.016601562, 185.736419678, 186.456237793, 187.187667847, 187.919082642, 188.638900757, 189.358734131, 190.090148926, 190.821578979, 191.553009033, 192.284439087, 193.004257202, 193.724075317, 194.455505371, 195.186935425, 195.90675354, 196.626571655, 197.358001709, 198.089431763, 198.820861816, 199.55229187, 200.272109985, 200.991928101, 201.723358154, 202.454788208, 203.174606323, 203.906021118, 204.637451172, 205.357269287, 206.077087402, 206.808517456, 207.53994751, 208.259765625, 208.991195679, 209.722625732, 210.442443848, 211.162261963, 211.893692017, 212.62512207, 213.344940186, 214.076370239, 214.807800293, 215.527618408, 216.259048462, 216.990478516, 217.710296631, 218.430114746, 219.1615448, 219.892959595, 220.61277771, 221.344207764, 222.075637817, 222.795455933, 223.526885986, 224.25831604, 224.978134155, 225.697952271, 226.429382324, 227.160812378, 227.892242432, 228.623672485, 229.343490601, 230.063308716, 230.79473877, 231.526168823, 232.245986938, 232.965805054, 233.697235107, 234.428665161, 235.20652771, 235.97277832, 236.750656128, 237.528518677, 238.317993164, 239.10748291, 239.896957397], "beats_loudness": {"dvar2": 0.0147403636947, "var": 0.00628027971834, "min": 3.7367591681e-16, "dmean": 0.120288640261, "mean": 0.119279019535, "max": 0.32469829917, "dmean2": 0.238684818149, "median": 0.100178822875, "dvar": 0.00432686461136}, "bpm_histogram_second_peak_weight": {"dvar2": 0, "var": 0, "min": 0.0182370822877, "dmean": 0, "mean": 0.0182370822877, "max": 0.0182370822877, "dmean2": 0, "median": 0.0182370822877, "dvar": 0}, "bpm_histogram_second_peak_spread": {"dvar2": 0, "var": 0, "min": 0, "dmean": 0, "mean": 0, "max": 0, "dmean2": 0, "median": 0, "dvar": 0}, "bpm_histogram_second_peak_bpm": {"dvar2": 0, "var": 0, "min": 76, "dmean": 0, "mean": 76, "max": 76, "dmean2": 0, "median": 76, "dvar": 0}, "onset_rate": 4.73092889786}, "lowlevel": {"spectral_energyband_high": {"dvar2": 2.73635505437e-05, "var": 1.36448725243e-05, "min": 7.26998377498e-21, "dmean": 0.00132048863452, "mean": 0.00169605656993, "max": 0.0353690087795, "dmean2": 0.0019945485983, "median": 0.000499519635923, "dvar": 1.17264353321e-05}, "spectral_energyband_middle_low": {"dvar2": 0.000974175694864, "var": 0.000278814171907, "min": 1.57067229696e-22, "dmean": 0.00761992158368, "mean": 0.00938265677541, "max": 0.24913264811, "dmean2": 0.0129741728306, "median": 0.00530145131052, "dvar": 0.000360376317985}, "spectral_energy": {"dvar2": 0.0116473315284, "var": 0.00575498957187, "min": 1.01665449057e-20, "dmean": 0.0326494313776, "mean": 0.0498862937093, "max": 0.483457714319, "dmean2": 0.0559532940388, "median": 0.0211416184902, "dvar": 0.00444051763043}, "spectral_spread": {"dvar2": 1929475391490.0, "var": 8321651179520.0, "min": 1176649, "dmean": 945863.875, "mean": 6228791, "max": 42352176, "dmean2": 1303708.125, "median": 5576205, "dvar": 1145277120510.0}, "spectral_energyband_low": {"dvar2": 0.010534144938, "var": 0.00511818099767, "min": 1.84620209984e-23, "dmean": 0.0261251274496, "mean": 0.0374626405537, "max": 0.457117795944, "dmean2": 0.0456212460995, "median": 0.0104471566156, "dvar": 0.00395840127021}, "spectral_rolloff": {"dvar2": 5348252, "var": 5509879, "min": 64.599609375, "dmean": 840.571594238, "mean": 1526.59680176, "max": 19939.7460938, "dmean2": 1436.10693359, "median": 581.396484375, "dvar": 2421146.75}, "barkbands": {"dvar2": [1.79090966412e-06, 0.00435778358951, 0.00226893462241, 0.000156713707838, 0.000216342537897, 3.48579160345e-05, 2.06178228837e-05, 1.28713163576e-05, 2.91676110464e-06, 5.78200172185e-07, 7.98096095878e-07, 1.00396630387e-06, 9.90548073787e-07, 5.61272997857e-07, 1.69864591726e-07, 1.08260557852e-07, 2.9023362913e-07, 2.60440288002e-07, 9.75434090833e-07, 2.51964434028e-06, 1.64976461292e-06, 2.15728960029e-06, 1.52860195612e-06, 2.55529272408e-07, 1.27614342205e-07, 3.41698296324e-08, 2.46053222241e-09], "var": [1.3024580312e-06, 0.00283855735324, 0.000597725098487, 3.680908776e-05, 5.14747625857e-05, 1.19262767839e-05, 8.83804932528e-06, 5.92196693106e-06, 2.10105258702e-06, 3.61264881121e-07, 4.10318676813e-07, 5.41410202004e-07, 6.71322652579e-07, 2.26517130386e-07, 1.09889526811e-07, 6.61699317561e-08, 1.10815555843e-07, 7.91993315374e-08, 3.20547428601e-07, 7.77486320658e-07, 8.89901571099e-07, 1.18313494113e-06, 7.17019247531e-07, 1.59431891689e-07, 1.06471190975e-07, 1.46109737642e-08, 1.38096623026e-09], "min": [4.87945426278e-25, 1.16329274781e-24, 1.19544376008e-24, 9.04723568776e-25, 9.25205573041e-24, 1.29171082292e-23, 1.10576376467e-23, 7.97249257657e-24, 2.77662914321e-23, 1.51156793493e-23, 1.47256949168e-23, 2.44541753023e-23, 3.14474635146e-23, 5.46959737861e-23, 8.0565758405e-23, 8.06665874505e-23, 7.99327701038e-23, 9.30849809709e-23, 1.56173393492e-22, 1.66836495768e-22, 3.24236044164e-22, 3.2933854796e-22, 4.54896830322e-22, 5.60660484736e-22, 9.39344869782e-22, 1.35082632998e-21, 2.02815376377e-21], "dmean": [0.000406304490753, 0.0181933250278, 0.0091063240543, 0.00260176998563, 0.00245923805051, 0.00128321675584, 0.00150976178702, 0.000887005415279, 0.000500669470057, 0.000217173248529, 0.0002513572108, 0.000277054670732, 0.000279908359516, 0.000180240822374, 0.000110051936645, 0.00011447264842, 0.000115432478196, 9.37718577916e-05, 0.000223192007979, 0.000274426362012, 0.000311910785967, 0.000300213781884, 0.0003546300577, 0.000144325545989, 9.79390897555e-05, 5.15508618264e-05, 1.40025367728e-05], "mean": [0.000716408423614, 0.0289038233459, 0.00684779696167, 0.00216934178025, 0.00219314475544, 0.0013993155444, 0.00178751791827, 0.0010233365465, 0.00070679851342, 0.000290200259769, 0.000310315284878, 0.000342149374774, 0.000351421593223, 0.000195241955225, 0.000157202361152, 0.000165670164279, 0.00014438474318, 0.000107039340946, 0.000251228048, 0.000277182931313, 0.000397510419134, 0.000347618595697, 0.000417813833337, 0.000192378633074, 0.000122673343867, 5.15624669788e-05, 1.73855478351e-05], "max": [0.00816994067281, 0.342214345932, 0.225478842854, 0.102345898747, 0.1292206496, 0.0623108521104, 0.0395494997501, 0.0368947386742, 0.0311642698944, 0.0108896838501, 0.012936537154, 0.0159786809236, 0.016061944887, 0.00777948880568, 0.00609733490273, 0.00355301843956, 0.00462042493746, 0.00588188366964, 0.00643042940646, 0.0119592221454, 0.0132194776088, 0.0138512477279, 0.013878306374, 0.00653526000679, 0.00632658461109, 0.0017559430562, 0.000423018354923], "dmean2": [0.00059126567794, 0.0309370905161, 0.0156736299396, 0.00469104247168, 0.0043270457536, 0.00216958997771, 0.00248690950684, 0.00141869299114, 0.000763844931498, 0.000342182232998, 0.000409607571783, 0.000438416784164, 0.00044763207552, 0.000298125931295, 0.000173532913323, 0.00018326510326, 0.000193661355297, 0.000155358953634, 0.000368451321265, 0.000455235800473, 0.000467772362754, 0.000443662400357, 0.000586994865444, 0.000223952665692, 0.000148001461639, 8.09093544376e-05, 2.19525172724e-05], "median": [0.000303958862787, 0.00777740124613, 0.000343596824678, 0.00028186509735, 0.000538712833077, 0.000358166988008, 0.000626080611255, 0.000193977844901, 0.000193112486158, 9.94572255877e-05, 8.5993349785e-05, 7.905431994e-05, 6.89044682076e-05, 4.32836677646e-05, 5.38339336345e-05, 7.21742107999e-05, 4.23345154559e-05, 2.97654078167e-05, 7.32701737434e-05, 6.31997463643e-05, 0.00011674434063, 7.13808549335e-05, 4.44918950961e-05, 4.47461607109e-05, 3.25767978211e-05, 1.03551446955e-05, 1.4789962961e-06], "dvar": [8.58564874306e-07, 0.00173654267564, 0.000849842035677, 5.62326313229e-05, 7.77455570642e-05, 1.32372488224e-05, 7.93451818026e-06, 5.31515070179e-06, 1.31845115448e-06, 2.49875029112e-07, 3.15982163102e-07, 4.12471791833e-07, 4.18120009726e-07, 2.18062083945e-07, 7.09380785224e-08, 4.36803837545e-08, 1.02118718814e-07, 9.628709563e-08, 3.67377310795e-07, 9.4786327054e-07, 7.26195651168e-07, 1.00235729406e-06, 6.08600203122e-07, 1.12009637121e-07, 6.29007175235e-08, 1.45271457086e-08, 1.04218011998e-09]}, "melbands_skewness": {"dvar2": 8.75360774994, "var": 12.3205013275, "min": -8.73847579956, "dmean": 1.61875462532, "mean": 4.50211620331, "max": 27.1104869843, "dmean2": 2.52307844162, "median": 3.52793741226, "dvar": 4.06193733215}, "barkbands_skewness": {"dvar2": 4.81229972839, "var": 6.13276672363, "min": -18.7822380066, "dmean": 1.1295003891, "mean": 2.57055950165, "max": 31.3327465057, "dmean2": 1.77074849606, "median": 2.01153731346, "dvar": 2.16438651085}, "erbbands": {"dvar2": [3.53516578674, 318.426727295, 3535.73266602, 1357.55554199, 4236.94970703, 1379.81274414, 1069.2121582, 2574.07226562, 4092.57495117, 5536.11962891, 4641.06103516, 1259.49475098, 981.753173828, 713.180480957, 1107.41894531, 1718.24389648, 1879.17163086, 1701.77001953, 504.710144043, 306.515869141, 544.048583984, 807.830322266, 819.082214355, 558.097412109, 5845.04101562, 5203.44384766, 2438.30566406, 4642.98388672, 2926.2902832, 1462.78930664, 834.231689453, 276.089050293, 57.0961341858, 26.8741321564, 4.1043176651, 1.03674674034, 0.0936548709869, 0.0029928307049, 8.60267537064e-05, 2.78101424556e-07], "var": [2.69254517555, 154.619979858, 1042.57446289, 314.759094238, 924.925354004, 400.139251709, 329.645446777, 1049.91748047, 1666.61901855, 2421.46435547, 2320.56176758, 983.648742676, 679.287963867, 350.530273438, 607.063964844, 953.264831543, 1323.18041992, 675.058227539, 318.859832764, 207.459487915, 297.225982666, 266.740081787, 253.536087036, 244.569335938, 1742.91845703, 1693.84509277, 1130.48718262, 2239.98828125, 1404.55932617, 812.835083008, 397.36895752, 151.286148071, 37.1489067078, 21.0767498016, 3.29296469688, 0.456453830004, 0.0380379892886, 0.00150153785944, 4.65914235974e-05, 1.9200274437e-07], "min": [6.11194346345e-23, 3.35986032684e-22, 2.81537908897e-21, 2.41371221964e-21, 1.48036669131e-20, 2.47937985896e-20, 6.51246598717e-20, 7.77792760105e-20, 1.16786554608e-19, 2.83684020918e-19, 2.35717187214e-19, 6.43652343986e-19, 5.6860178172e-19, 6.37861614409e-19, 1.06012790794e-18, 1.15657685717e-18, 1.91310745662e-18, 2.18930202917e-18, 2.68303083396e-18, 4.32408872007e-18, 4.03478064647e-18, 4.67964651611e-18, 5.88101344569e-18, 5.67802042824e-18, 8.8389807105e-18, 7.66232952403e-18, 1.07872441703e-17, 1.04264379133e-17, 1.29403117596e-17, 1.14160627361e-17, 1.30870668351e-17, 1.10037661403e-17, 9.92145242114e-18, 8.17207792216e-18, 6.73888369974e-18, 4.50412664835e-18, 2.33398253575e-18, 1.02697637014e-18, 2.57548267188e-19, 2.93190355334e-20], "dmean": [0.542591631413, 4.59775018692, 11.8866491318, 8.09676456451, 9.97820091248, 7.32133817673, 7.51481580734, 11.3256139755, 19.6994724274, 21.9827766418, 15.5367593765, 11.3873596191, 8.11921691895, 7.64664411545, 9.31239700317, 11.2220973969, 12.3400068283, 9.96526432037, 6.19971704483, 4.984146595, 6.64947509766, 5.92975950241, 5.0889954567, 6.24040651321, 14.6511211395, 12.4465360641, 10.9492549896, 14.8525886536, 10.6557798386, 10.5237722397, 8.13723373413, 4.88427686691, 2.15070080757, 1.34450423717, 0.557445466518, 0.285104095936, 0.0808684825897, 0.0157587304711, 0.00257168523967, 0.000160595474881], "mean": [0.902288734913, 6.03945970535, 9.86269569397, 6.48579597473, 7.91807842255, 7.00534963608, 7.94524478912, 13.6068677902, 23.1974849701, 26.1196269989, 19.1414833069, 16.8743209839, 11.8407783508, 10.3893280029, 12.3807020187, 14.7729940414, 16.3382263184, 11.752325058, 9.00504684448, 7.70047283173, 9.96257209778, 7.62233448029, 6.18036079407, 7.98082256317, 15.4118108749, 12.7311325073, 13.0757007599, 18.3617076874, 12.5130643845, 11.7714357376, 9.88366413116, 6.25940752029, 2.73482131958, 1.67874097824, 0.695258259773, 0.28510427475, 0.0802937075496, 0.0179956760257, 0.00313820596784, 0.000237081301748], "max": [11.6769523621, 83.5087814331, 284.25592041, 171.335098267, 571.784729004, 385.029144287, 316.168609619, 593.320739746, 467.256500244, 706.298828125, 1053.03869629, 705.498840332, 455.167266846, 245.579879761, 638.405395508, 763.66809082, 723.527587891, 293.034423828, 458.409484863, 219.220474243, 245.77053833, 201.698913574, 345.309753418, 284.873779297, 528.014099121, 545.300292969, 381.969024658, 536.655334473, 465.601013184, 538.158996582, 337.863586426, 199.481964111, 102.888771057, 114.147415161, 26.1002349854, 10.172328949, 2.81129264832, 0.443764448166, 0.0882618501782, 0.00456702662632], "dmean2": [0.793541967869, 7.99286937714, 20.2391014099, 14.4998912811, 17.9880714417, 12.6178455353, 12.9166526794, 18.671661377, 32.5863990784, 35.5874671936, 24.4472007751, 17.2087097168, 12.2853775024, 12.2475881577, 14.9956350327, 17.596862793, 19.3540229797, 16.4617919922, 9.68790912628, 7.80815410614, 10.6816644669, 9.88192939758, 8.35802936554, 10.2081031799, 24.3857078552, 20.2990932465, 16.900592804, 22.4481334686, 16.1836700439, 16.9967193604, 13.2784786224, 7.87823677063, 3.34153819084, 2.02686476707, 0.835615158081, 0.451870918274, 0.12716114521, 0.0235507488251, 0.00411469349638, 0.000254470331129], "median": [0.293901234865, 1.17802786827, 0.698706865311, 1.04096508026, 1.29014754295, 1.68652284145, 1.98855280876, 3.98908114433, 8.55031204224, 7.91876125336, 4.774497509, 5.42397403717, 3.93933343887, 3.69288635254, 4.13733720779, 3.85633206367, 3.88482141495, 3.13172125816, 3.37600231171, 2.89678430557, 4.11675214767, 2.53578925133, 1.8316719532, 2.63671827316, 4.1083650589, 3.07132172585, 3.92034649849, 4.93181467056, 2.89473104477, 1.72067928314, 1.23461997509, 0.976320564747, 0.693039834499, 0.431041568518, 0.189618781209, 0.0558722354472, 0.0164146572351, 0.00365725439042, 0.000257583073108, 4.7647212341e-05], "dvar": [1.62782037258, 120.415596008, 1360.75463867, 486.167297363, 1504.5826416, 509.593017578, 393.484802246, 1008.3760376, 1556.26672363, 2216.34472656, 1949.02734375, 575.899475098, 438.622741699, 281.308197021, 445.593841553, 703.049682617, 807.453063965, 647.981750488, 219.146194458, 125.576644897, 194.182754517, 292.884765625, 301.721038818, 213.006027222, 2185.11010742, 1999.94274902, 1018.11834717, 1978.01159668, 1263.35131836, 679.247131348, 332.853790283, 112.680183411, 25.5392436981, 13.0086956024, 1.97237968445, 0.43781888485, 0.0393426455557, 0.00134610617533, 3.58978395525e-05, 1.19060814541e-07]}, "silence_rate_30dB": {"dvar2": 0.166226238012, "var": 0.135104075074, "min": 0, "dmean": 0.0914351865649, "mean": 0.838943004608, "max": 1, "dmean2": 0.182888016105, "median": 1, "dvar": 0.0830766558647}, "melbands_spread": {"dvar2": 991.011352539, "var": 749.509399414, "min": 0.208660647273, "dmean": 10.8508090973, "mean": 21.8115501404, "max": 315.255279541, "dmean2": 17.3828525543, "median": 14.5659265518, "dvar": 418.97833252}, "melbands_crest": {"dvar2": 35.4829940796, "var": 57.3800582886, "min": 1.68683218956, "dmean": 3.73733401299, "mean": 19.8806476593, "max": 34.8722381592, "dmean2": 6.11183452606, "median": 19.5801410675, "dvar": 13.9879236221}, "zerocrossingrate": {"dvar2": 0.000511135964189, "var": 0.00332723464817, "min": 0.001953125, "dmean": 0.016535770148, "mean": 0.0629052594304, "max": 0.529296875, "dmean2": 0.0194668658078, "median": 0.04931640625, "dvar": 0.000427312537795}, "barkbands_kurtosis": {"dvar2": 2347.16455078, "var": 1430.89990234, "min": -1.96514236927, "dmean": 11.8566837311, "mean": 14.9538135529, "max": 1225.72375488, "dmean2": 19.439119339, "median": 4.25457811356, "dvar": 1013.33947754}, "spectral_flux": {"dvar2": 0.0192665290087, "var": 0.0120254587382, "min": 6.57614657174e-11, "dmean": 0.0583332069218, "mean": 0.112518027425, "max": 0.63846296072, "dmean2": 0.0987497344613, "median": 0.0733009278774, "dvar": 0.00781979318708}, "barkbands_crest": {"dvar2": 18.2303104401, "var": 34.0960769653, "min": 2.53829789162, "dmean": 3.17651820183, "mean": 14.1947937012, "max": 26.2201690674, "dmean2": 4.76175022125, "median": 13.8794393539, "dvar": 7.87775993347}, "barkbands_flatness_db": {"dvar2": 0.00302366004325, "var": 0.00459918798879, "min": 0.0225335732102, "dmean": 0.0330426432192, "mean": 0.157322794199, "max": 0.521085083485, "dmean2": 0.0519280768931, "median": 0.149468019605, "dvar": 0.00125612551346}, "spectral_entropy": {"dvar2": 0.137602120638, "var": 0.213388860226, "min": 4.53920698166, "dmean": 0.239879563451, "mean": 7.73839998245, "max": 9.81984615326, "dmean2": 0.360212147236, "median": 7.71445560455, "dvar": 0.0596934482455}, "pitch_salience": {"dvar2": 0.0223782341927, "var": 0.0280068553984, "min": 0.0342546850443, "dmean": 0.0911642387509, "mean": 0.434144198895, "max": 0.9456204772, "dmean2": 0.148341327906, "median": 0.44514426589, "dvar": 0.00914489012212}, "erbbands_spread": {"dvar2": 634.917724609, "var": 835.229248047, "min": 1.24476325512, "dmean": 16.4643096924, "mean": 54.5673217773, "max": 202.10647583, "dmean2": 24.9234447479, "median": 48.4490242004, "dvar": 295.786682129}, "dynamic_complexity": 3.89456892014, "spectral_contrast_valleys": {"dvar2": [0.503884255886, 0.434254288673, 0.368892848492, 0.334769964218, 0.416675597429, 0.443046927452], "var": [3.29396295547, 2.74210333824, 2.60864114761, 2.46489644051, 2.51863098145, 2.47392392159], "min": [-27.9227809906, -28.1601638794, -27.9199199677, -27.6565551758, -27.4297409058, -27.366355896], "dmean": [0.462660044432, 0.450701534748, 0.425487905741, 0.37867629528, 0.371403157711, 0.485431849957], "mean": [-7.4718708992, -7.33640098572, -7.99828529358, -8.36233043671, -8.03984260559, -9.95204257965], "max": [-4.81862068176, -4.67905235291, -5.26854133606, -5.80604839325, -5.17840528488, -7.18409156799], "dmean2": [0.730036973953, 0.704336941242, 0.652005910873, 0.57532787323, 0.530583202839, 0.627044320107], "median": [-7.16529893875, -7.16349315643, -7.8179769516, -8.17938709259, -7.89675664902, -9.84766769409], "dvar": [0.236796230078, 0.196623966098, 0.178173035383, 0.159757912159, 0.200816750526, 0.252711862326]}, "hfc": {"dvar2": 2401.12792969, "var": 1095.21606445, "min": 1.08983825031e-16, "dmean": 13.6149768829, "mean": 21.6770095825, "max": 321.079833984, "dmean2": 20.8468570709, "median": 12.4495267868, "dvar": 996.675231934}, "spectral_kurtosis": {"dvar2": 9.26712608337, "var": 9.65957450867, "min": -1.37485945225, "dmean": 1.17071640491, "mean": 2.59149622917, "max": 107.488967896, "dmean2": 1.8252876997, "median": 2.15045404434, "dvar": 3.39183211327}, "mfcc": {"mean": [-665.689208984, 100.272079468, 26.4223403931, 25.2074146271, -0.566639065742, 11.6977977753, 3.35057616234, 2.35145068169, 6.29480171204, 7.22077846527, 3.47167301178, 8.72853946686, 7.13961076736], "cov": [[8665.07519531, 451.312011719, 175.187988281, 509.956542969, -101.25201416, 306.268554688, -16.3196620941, 50.3448295593, -60.2879714966, 112.889205933, 24.5030593872, 59.9488220215, -13.1591405869], [451.312011719, 1571.76501465, -347.038085938, 162.165756226, 68.3411483765, -92.2093734741, 205.950057983, -26.9929447174, 118.816574097, -47.8628997803, 55.5842933655, 56.3928871155, 9.45465755463], [175.187988281, -347.038085938, 939.745727539, 125.226646423, 200.960098267, 178.704696655, -30.467010498, 198.166000366, -20.1340274811, 31.1577911377, -14.745470047, 6.28618431091, 33.3895835876], [509.956542969, 162.165756226, 125.226646423, 414.852874756, 163.124511719, 80.6235122681, -1.06488716602, -3.207675457, 53.0790901184, 46.8116607666, 2.84744524956, -26.5586910248, 5.09354066849], [-101.25201416, 68.3411483765, 200.960098267, 163.124511719, 385.103759766, 73.3742599487, 26.2878379822, 84.6473617554, 48.3193855286, 75.8119659424, 0.204396113753, -19.5709991455, 17.6204166412], [306.268554688, -92.2093734741, 178.704696655, 80.6235122681, 73.3742599487, 250.419921875, 37.1278800964, 50.4263725281, 10.2929000854, 44.2708930969, 20.2054901123, 9.15605068207, 1.72246980667], [-16.3196620941, 205.950057983, -30.467010498, -1.06488716602, 26.2878379822, 37.1278800964, 214.879074097, 70.7104492188, 43.6959609985, -11.8448600769, 27.8479251862, 33.6382675171, -9.02662467957], [50.3448295593, -26.9929447174, 198.166000366, -3.207675457, 84.6473617554, 50.4263725281, 70.7104492188, 236.351806641, 52.8616905212, 25.7906951904, 16.9876651764, 33.9439086914, 14.7835855484], [-60.2879714966, 118.816574097, -20.1340274811, 53.0790901184, 48.3193855286, 10.2929000854, 43.6959609985, 52.8616905212, 148.858795166, 59.2407035828, 38.652797699, 22.8431568146, 12.442647934], [112.889205933, -47.8628997803, 31.1577911377, 46.8116607666, 75.8119659424, 44.2708930969, -11.8448600769, 25.7906951904, 59.2407035828, 158.908126831, 51.4513816833, 23.1333370209, 21.9469261169], [24.5030593872, 55.5842933655, -14.745470047, 2.84744524956, 0.204396113753, 20.2054901123, 27.8479251862, 16.9876651764, 38.652797699, 51.4513816833, 119.789680481, 59.0810775757, 9.22535419464], [59.9488220215, 56.3928871155, 6.28618431091, -26.5586910248, -19.5709991455, 9.15605068207, 33.6382675171, 33.9439086914, 22.8431568146, 23.1333370209, 59.0810775757, 107.81199646, 40.9506492615], [-13.1591405869, 9.45465755463, 33.3895835876, 5.09354066849, 17.6204166412, 1.72246980667, -9.02662467957, 14.7835855484, 12.442647934, 21.9469261169, 9.22535419464, 40.9506492615, 105.512130737]], "icov": [[0.000145203666762, -7.13177942089e-05, 4.88835394208e-06, -0.000214182800846, 0.000191613682546, -0.000159640519996, 7.8485623817e-05, -0.000128235609736, 0.000227198004723, -0.000193153231521, 0.000100730321719, -0.000125202321215, 8.17507243482e-05], [-7.13177942089e-05, 0.00100675702561, 0.000309792987537, -0.000367909844499, -0.000378576252842, 0.000462198338937, -0.000808970595244, 0.000276395556284, -0.000579570303671, 0.000724042649381, -0.000264242495177, -0.000370090507204, -0.000147155631566], [4.88835394208e-06, 0.000309792987537, 0.00184634141624, -0.000470631144708, -0.000557785038836, -0.000784941425081, 0.000569680356421, -0.00145704275928, 0.000627560424618, 0.000455797446193, 7.56040899432e-05, -0.000305199268041, -0.000286831811536], [-0.000214182800846, -0.000367909844499, -0.000470631144708, 0.00385022349656, -0.00129800720606, -0.000654708885122, 0.000319906190271, 0.00113005680032, -0.00140056363307, 8.55249090819e-05, -0.000167677513673, 0.00109733745921, -0.000198049747269], [0.000191613682546, -0.000378576252842, -0.000557785038836, -0.00129800720606, 0.00430509075522, -0.000304042216158, -0.000299909996102, -0.00107851880603, 0.000366788153769, -0.00199829670601, 0.000500596652273, 0.00129881338216, -0.000466988276457], [-0.000159640519996, 0.000462198338937, -0.000784941425081, -0.000654708885122, -0.000304042216158, 0.00561437942088, -0.00159219652414, 0.000182400690392, 0.000307440554025, -0.000923342478927, -0.000590685987845, 1.24779435282e-05, 0.000218633736949], [7.8485623817e-05, -0.000808970595244, 0.000569680356421, 0.000319906190271, -0.000299909996102, -0.00159219652414, 0.00708921812475, -0.00206452887505, -0.000849333184306, 0.00142276624683, -0.000383573089493, -0.00144921208266, 0.00125860201661], [-0.000128235609736, 0.000276395556284, -0.00145704275928, 0.00113005680032, -0.00107851880603, 0.000182400690392, -0.00206452887505, 0.00718005141243, -0.00249690492637, 0.000226621617912, 0.000499861489516, -0.00136702368036, 9.44353378145e-05], [0.000227198004723, -0.000579570303671, 0.000627560424618, -0.00140056363307, 0.000366788153769, 0.000307440554025, -0.000849333184306, -0.00249690492637, 0.0105430437252, -0.0035163348075, -0.0010975045152, 0.000124368161778, -0.000303997599985], [-0.000193153231521, 0.000724042649381, 0.000455797446193, 8.55249090819e-05, -0.00199829670601, -0.000923342478927, 0.00142276624683, 0.000226621617912, -0.0035163348075, 0.0104953525588, -0.0036695622839, -0.000116275950859, -0.00120101554785], [0.000100730321719, -0.000264242495177, 7.56040899432e-05, -0.000167677513673, 0.000500596652273, -0.000590685987845, -0.000383573089493, 0.000499861489516, -0.0010975045152, -0.0036695622839, 0.0139809744433, -0.00740949669853, 0.00238961959258], [-0.000125202321215, -0.000370090507204, -0.000305199268041, 0.00109733745921, 0.00129881338216, 1.24779435282e-05, -0.00144921208266, -0.00136702368036, 0.000124368161778, -0.000116275950859, -0.00740949669853, 0.0173436757177, -0.0061623393558], [8.17507243482e-05, -0.000147155631566, -0.000286831811536, -0.000198049747269, -0.000466988276457, 0.000218633736949, 0.00125860201661, 9.44353378145e-05, -0.000303997599985, -0.00120101554785, 0.00238961959258, -0.0061623393558, 0.012238570489]]}, "silence_rate_20dB": {"dvar2": 0.00577303906903, "var": 0.00096350471722, "min": 0, "dmean": 0.00192901236005, "mean": 0.999035596848, "max": 1, "dmean2": 0.00385839678347, "median": 1, "dvar": 0.00192537426483}, "melbands_kurtosis": {"dvar2": 10623.15625, "var": 7252.06298828, "min": -1.95304656029, "dmean": 32.2061538696, "mean": 46.7282447815, "max": 1082.65026855, "dmean2": 52.766494751, "median": 16.7273731232, "dvar": 4502.74169922}, "barkbands_spread": {"dvar2": 336.941223145, "var": 351.680999756, "min": 0.152550682425, "dmean": 9.61501407623, "mean": 23.9104042053, "max": 123.568344116, "dmean2": 15.2063093185, "median": 18.5378627777, "dvar": 147.566665649}, "erbbands_skewness": {"dvar2": 0.861800432205, "var": 1.04768276215, "min": -7.84182214737, "dmean": 0.572863459587, "mean": 0.330550193787, "max": 9.54458904266, "dmean2": 0.876274883747, "median": 0.380772978067, "dvar": 0.369639664888}, "average_loudness": 0.956706523895, "spectral_centroid": {"dvar2": 625573, "var": 1235968, "min": 133.255935669, "dmean": 464.73223877, "mean": 1549.13818359, "max": 11810.7441406, "dmean2": 713.052185059, "median": 1314.34936523, "dvar": 289808.3125}, "dissonance": {"dvar2": 0.00129002763424, "var": 0.00108368718065, "min": 0.178661033511, "dmean": 0.0228858944029, "mean": 0.454957634211, "max": 0.499999940395, "dmean2": 0.0375880524516, "median": 0.462270647287, "dvar": 0.000496803026181}, "erbbands_flatness_db": {"dvar2": 0.000955432886258, "var": 0.00180111872032, "min": 0.0317112132907, "dmean": 0.0228789560497, "mean": 0.131902858615, "max": 0.415294229984, "dmean2": 0.0336996056139, "median": 0.124858140945, "dvar": 0.000471364328405}, "spectral_strongpeak": {"dvar2": 0.805158615112, "var": 0.405891299248, "min": 0, "dmean": 0.365695923567, "mean": 0.622295200825, "max": 11.993721962, "dmean2": 0.618759512901, "median": 0.38695910573, "dvar": 0.311818182468}, "spectral_rms": {"dvar2": 1.8127484509e-05, "var": 1.62810447364e-05, "min": 3.14937767705e-12, "dmean": 0.00176742731128, "mean": 0.00569109292701, "max": 0.0217178743333, "dmean2": 0.00281041092239, "median": 0.00454158242792, "dvar": 7.74617456045e-06}, "silence_rate_60dB": {"dvar2": 0.0557393990457, "var": 0.0603527799249, "min": 0, "dmean": 0.0250771604478, "mean": 0.0645192414522, "max": 1, "dmean2": 0.0501591600478, "median": 0, "dvar": 0.0244462098926}, "melbands": {"dvar2": [0.000256271858234, 0.000829641357996, 4.95735475852e-05, 1.45091289596e-05, 1.27053829146e-06, 1.33627918331e-06, 8.91109891654e-07, 6.41515839561e-07, 2.70992018159e-07, 5.25792032136e-08, 2.44704114749e-08, 1.11804467906e-08, 1.40723264153e-08, 1.17997984717e-08, 1.41039375734e-08, 1.11555271687e-08, 6.28923313428e-09, 1.81615111838e-09, 1.11028375382e-09, 4.84743134521e-10, 1.22774357347e-09, 9.96017823773e-10, 8.70004346343e-10, 4.72440697674e-10, 3.23278542824e-10, 2.19468976326e-09, 3.2706570785e-09, 2.48922771284e-09, 1.04109221244e-09, 1.26416299651e-09, 1.86254234258e-09, 1.56643309435e-09, 3.17337239819e-10, 5.57593471395e-10, 2.33882246903e-10, 4.3189413157e-10, 6.40220376713e-11, 2.9592005929e-11, 2.4778500432e-11, 2.17999091001e-11], "var": [0.000202189112315, 0.000280663662124, 1.17242825581e-05, 3.42719658875e-06, 3.98608563046e-07, 5.04827085024e-07, 3.65380316225e-07, 2.84819918761e-07, 1.46129181644e-07, 4.00918196419e-08, 1.68691265401e-08, 5.53505064005e-09, 7.21512405377e-09, 6.20255491413e-09, 8.02126542965e-09, 7.82372477914e-09, 2.40964914688e-09, 1.04235009513e-09, 7.27798710187e-10, 2.95510838022e-10, 6.57397913884e-10, 3.70413366646e-10, 2.4019083944e-10, 1.54083287796e-10, 1.67633074089e-10, 6.79786005264e-10, 1.03504238513e-09, 7.80170150705e-10, 4.15915940577e-10, 5.66405145008e-10, 8.99694818646e-10, 6.54142906509e-10, 2.06465816666e-10, 2.76834721813e-10, 1.09404839355e-10, 1.78658920991e-10, 3.77912041938e-11, 1.9221048364e-11, 1.55896129339e-11, 1.65815156744e-11], "min": [9.46945277968e-25, 1.17405783954e-24, 6.03366968676e-25, 2.33028249225e-24, 1.94646241603e-24, 2.33179710519e-24, 1.87297647283e-24, 3.67568713269e-24, 1.6428232469e-24, 4.69555727653e-24, 2.61612880505e-24, 2.74372370381e-24, 2.85821365079e-24, 2.23351351665e-24, 3.44236061515e-24, 4.49087587619e-24, 4.36667722084e-24, 3.62924255246e-24, 5.64651726486e-24, 5.07529361706e-24, 3.61476813814e-24, 3.89600138959e-24, 4.05847754821e-24, 4.78114947361e-24, 3.86183779593e-24, 6.30447656362e-24, 3.49887697699e-24, 4.41202922871e-24, 5.61523143579e-24, 5.857716234e-24, 4.73051998628e-24, 6.61017909706e-24, 6.90005195314e-24, 5.76335979227e-24, 5.78025600957e-24, 5.45097639583e-24, 6.13509589993e-24, 6.5945864724e-24, 6.88349297388e-24, 6.82351035723e-24], "dmean": [0.00473737809807, 0.00632968731225, 0.00156114483252, 0.000615827622823, 0.000266341434326, 0.00026019330835, 0.000299473584164, 0.000234939507209, 0.000115476257633, 7.28133527446e-05, 4.02482073696e-05, 3.0641858757e-05, 3.25508444803e-05, 2.91436281259e-05, 3.19891405525e-05, 2.73366422334e-05, 1.83167921932e-05, 1.07218656922e-05, 8.0487170635e-06, 7.3257360782e-06, 8.68192637427e-06, 7.05381899024e-06, 4.56914040114e-06, 4.34252115156e-06, 4.89240301249e-06, 1.00001770988e-05, 1.06186635094e-05, 8.29056170915e-06, 6.59192119201e-06, 7.96255335445e-06, 9.183734619e-06, 7.17447301213e-06, 4.13428733737e-06, 6.88243653713e-06, 4.23662140747e-06, 5.75927288082e-06, 2.30974933402e-06, 1.51435938278e-06, 1.31827243877e-06, 1.12246084427e-06], "mean": [0.00793493539095, 0.00629747984931, 0.00125661911443, 0.000526229443494, 0.000288788753096, 0.000303842010908, 0.000353866344085, 0.000276275066426, 0.000141441822052, 0.00010634350474, 5.6548131397e-05, 4.03209596698e-05, 4.08509695262e-05, 3.70342204405e-05, 3.96939067286e-05, 3.43851788784e-05, 1.97950648726e-05, 1.42401731864e-05, 1.14852618935e-05, 1.0398654922e-05, 1.23270237964e-05, 8.84284872882e-06, 5.24428514836e-06, 5.00671058035e-06, 6.20204264123e-06, 1.06202996903e-05, 1.07313453555e-05, 8.07944616099e-06, 7.40733094062e-06, 9.72964517132e-06, 1.10555820356e-05, 7.93070557847e-06, 4.91316950502e-06, 7.37714481147e-06, 5.13760596732e-06, 6.3871761995e-06, 3.05629555442e-06, 1.91192771126e-06, 1.55734358032e-06, 1.38667019201e-06], "max": [0.0975585356355, 0.133312508464, 0.0438478402793, 0.0345435254276, 0.0114226927981, 0.0130440350622, 0.00618970021605, 0.00673665851355, 0.00889907125384, 0.00378094939515, 0.00224319892004, 0.000999672804028, 0.00175933411811, 0.00151009787805, 0.00159796304069, 0.00218205247074, 0.000667514337692, 0.000867893511895, 0.000398299569497, 0.000282315653749, 0.000410337786889, 0.000230401579756, 0.000380861660233, 0.000184516145964, 0.000286850263365, 0.000361752725439, 0.000464562181151, 0.000345394742908, 0.00026312484988, 0.000497645523865, 0.00034665336716, 0.000322170293657, 0.00033976539271, 0.000300900283037, 0.000183895361261, 0.000147466576891, 0.000144757141243, 8.18757471279e-05, 7.11081011104e-05, 0.000116504561447], "dmean2": [0.00738775450736, 0.0108526041731, 0.0027862561401, 0.00109067128506, 0.000455939705716, 0.000434328016127, 0.000493906263728, 0.000378228462068, 0.000180232527782, 0.000109979155241, 6.11908617429e-05, 4.90570710099e-05, 5.29108474439e-05, 4.59449620394e-05, 5.00311471114e-05, 4.39008108515e-05, 3.04100631183e-05, 1.69345912582e-05, 1.26830727822e-05, 1.17555628094e-05, 1.40826332427e-05, 1.1837351849e-05, 7.6108290159e-06, 7.16848717275e-06, 8.02621616458e-06, 1.67022426467e-05, 1.75575278263e-05, 1.36328344524e-05, 1.05973049358e-05, 1.22301735246e-05, 1.39229441629e-05, 1.12701400212e-05, 6.32423552815e-06, 1.14410131573e-05, 6.83885400576e-06, 9.82696474239e-06, 3.66694939657e-06, 2.35374591284e-06, 2.065180297e-06, 1.69634074609e-06], "median": [0.00238053780049, 0.000854198355228, 0.00019693915965, 0.000121215955005, 7.98725523055e-05, 8.93657415872e-05, 0.000130223663291, 7.61316550779e-05, 2.92839540634e-05, 3.09126662614e-05, 1.68161968759e-05, 1.33622197609e-05, 1.19487267511e-05, 9.73883743427e-06, 7.84303665569e-06, 6.59079114484e-06, 4.36487925981e-06, 4.76627201351e-06, 3.65199980479e-06, 4.47465208708e-06, 4.51310643257e-06, 2.71450289802e-06, 1.44831199123e-06, 1.34948356845e-06, 1.78755044544e-06, 2.98348572869e-06, 2.14941246668e-06, 1.76672153884e-06, 2.12894406104e-06, 2.73125965577e-06, 2.77819094663e-06, 1.6009337287e-06, 1.09064740172e-06, 8.05314357422e-07, 7.08410880179e-07, 5.821265745e-07, 5.95656672431e-07, 5.02304885686e-07, 3.77942228624e-07, 3.51489177319e-07], "dvar": [0.000110747569124, 0.000316194142215, 1.78808404598e-05, 5.22193522556e-06, 4.68548279287e-07, 5.16121701821e-07, 3.3919661746e-07, 2.58002387454e-07, 1.15102785969e-07, 2.37231976286e-08, 1.09595905684e-08, 4.44195835669e-09, 5.60541169037e-09, 4.82076245589e-09, 5.94576210489e-09, 4.68565364287e-09, 2.41251019162e-09, 7.87084064591e-10, 4.64010802004e-10, 1.99126840017e-10, 4.23858753651e-10, 3.58429258496e-10, 3.16174364468e-10, 1.76977418831e-10, 1.25685406527e-10, 8.20003953628e-10, 1.2527916482e-09, 9.43340183746e-10, 4.11408712653e-10, 5.24304377691e-10, 7.95902954653e-10, 6.43215036789e-10, 1.61373345242e-10, 2.41669323442e-10, 9.30686291922e-11, 1.61511762298e-10, 2.74019591739e-11, 1.32694072744e-11, 1.10839861595e-11, 1.04403751269e-11]}, "spectral_skewness": {"dvar2": 0.162108138204, "var": 0.294512271881, "min": -1.35107445717, "dmean": 0.256082504988, "mean": 1.21305418015, "max": 9.27844524384, "dmean2": 0.380481481552, "median": 1.19575023651, "dvar": 0.0718168839812}, "melbands_flatness_db": {"dvar2": 0.0044909385033, "var