{"tonal": {"thpcp": [1, 0.461072772741, 0.238636925817, 0.224919378757, 0.218837872148, 0.287315994501, 0.296481639147, 0.196510627866, 0.175333410501, 0.198652714491, 0.188106700778, 0.238836944103, 0.268619328737, 0.246218755841, 0.375051379204, 0.380631029606, 0.191397190094, 0.12631931901, 0.133868381381, 0.204331874847, 0.595889568329, 0.755539298058, 0.388732910156, 0.145218774676, 0.0972891151905, 0.0945780575275, 0.168032765388, 0.308431774378, 0.39209228754, 0.397752434015, 0.283096343279, 0.136072590947, 0.120176121593, 0.139489516616, 0.26391017437, 0.853661179543], "hpcp": {"dmean2": [0.204412579536, 0.191280335188, 0.149854406714, 0.133014380932, 0.132237166166, 0.134763345122, 0.156856521964, 0.179354846478, 0.196417614818, 0.197683677077, 0.182837381959, 0.145356148481, 0.115492336452, 0.121364936233, 0.159899175167, 0.243253931403, 0.258430957794, 0.209127277136, 0.138934016228, 0.0950044542551, 0.0871646031737, 0.12842926383, 0.189897581935, 0.263394862413, 0.299121260643, 0.197794258595, 0.10455518961, 0.102842397988, 0.129730835557, 0.196513310075, 0.30564942956, 0.299123555422, 0.270787209272, 0.244343340397, 0.240587025881, 0.219271242619], "median": [0.0444883331656, 0.0490296110511, 0.0307808611542, 0.0201098416001, 0.0185830928385, 0.025285417214, 0.0392957702279, 0.0368811003864, 0.0317980200052, 0.0323506742716, 0.02961791493, 0.0207077357918, 0.0129945520312, 0.0120635833591, 0.0352635085583, 0.140721708536, 0.191370397806, 0.0880163162947, 0.0181841347367, 0.0111565701663, 0.0115588558838, 0.0187698602676, 0.0245011933148, 0.0384572409093, 0.0437171272933, 0.0266085974872, 0.0145951891318, 0.0142991198227, 0.0146174747497, 0.0671149492264, 0.271846592426, 0.32635191083, 0.12732988596, 0.0226753279567, 0.0173025876284, 0.0213643871248], "min": [0, 0, 0, 0, 0, 0, 0, 0, 0, 0, 0, 0, 0, 0, 0, 0, 0, 0, 0, 0, 0, 0, 0, 0, 0, 0, 0, 0, 0, 0, 0, 0, 0, 0, 0, 0], "dvar2": [0.106156803668, 0.0916434973478, 0.0730157867074, 0.0701068788767, 0.0686034485698, 0.0650662183762, 0.075066678226, 0.0904753580689, 0.109164096415, 0.0961316078901, 0.0974318161607, 0.0763748660684, 0.0619503334165, 0.0666198804975, 0.0767443478107, 0.0990381985903, 0.109959624708, 0.0920426920056, 0.0756771788001, 0.0488016158342, 0.0418921671808, 0.0577453635633, 0.090936653316, 0.116530656815, 0.160460740328, 0.0825292393565, 0.0469433329999, 0.0454826578498, 0.0681476965547, 0.0820498540998, 0.123358510435, 0.13222104311, 0.114130742848, 0.140694901347, 0.149526715279, 0.136568382382], "dvar": [0.0398759990931, 0.0356610529125, 0.0267988108099, 0.0256754122674, 0.0273001939058, 0.0238718558103, 0.0277135502547, 0.0349095016718, 0.0388259254396, 0.0384615324438, 0.0392522253096, 0.0259485226125, 0.0225409362465, 0.0251743681729, 0.0281819123775, 0.0377126708627, 0.0448011122644, 0.0356110557914, 0.0277753956616, 0.0176877230406, 0.0152720008045, 0.022338738665, 0.0408882834017, 0.0509744919837, 0.060815371573, 0.0328228846192, 0.0172208417207, 0.0167803596705, 0.0248094070703, 0.0289018321782, 0.0476941876113, 0.0562233440578, 0.041656665504, 0.0518115237355, 0.0548638664186, 0.0493615008891], "dmean": [0.116033822298, 0.110971674323, 0.0854334309697, 0.0758683308959, 0.0752013623714, 0.0772167295218, 0.0900443717837, 0.101930864155, 0.110309742391, 0.114754229784, 0.106914803386, 0.081356331706, 0.0637257769704, 0.06691172719, 0.0899983942509, 0.144943594933, 0.154998868704, 0.122976921499, 0.0772447139025, 0.0528129599988, 0.0487617477775, 0.0739307776093, 0.116998001933, 0.157808750868, 0.170550584793, 0.114557728171, 0.0599899552763, 0.0578902587295, 0.0723907873034, 0.109323933721, 0.180210635066, 0.176170364022, 0.155613005161, 0.134588822722, 0.130729824305, 0.120192892849], "max": [1, 1, 1, 1, 1, 1, 1, 1, 1, 1, 1, 1, 1, 1, 1, 1, 1, 1, 1, 1, 1, 1, 1, 1, 1, 1, 1, 1, 1, 1, 1, 1, 1, 1, 1, 1], "var": [0.0441080667078, 0.0446602329612, 0.0246085897088, 0.0277474448085, 0.0405335538089, 0.0264939758927, 0.0338208079338, 0.0473166815937, 0.0385089553893, 0.079077847302, 0.0887754335999, 0.0250721350312, 0.0201795324683, 0.0243540741503, 0.0229940526187, 0.0855379626155, 0.118171028793, 0.0506384856999, 0.0221070609987, 0.0124570336193, 0.0115263750777, 0.0247741639614, 0.0624170787632, 0.0729179009795, 0.0705794766545, 0.0453431457281, 0.0173838939518, 0.0151031389832, 0.0194833446294, 0.0248574800789, 0.11784979701, 0.152874752879, 0.0499007813632, 0.0411367528141, 0.0423434861004, 0.038299754262], "mean": [0.129501357675, 0.133632570505, 0.0885728448629, 0.0790276750922, 0.0895383432508, 0.0847849547863, 0.107650496066, 0.121074251831, 0.110977686942, 0.169046163559, 0.171561062336, 0.0862680748105, 0.0569356568158, 0.060338228941, 0.092098094523, 0.268584102392, 0.340542703867, 0.175212800503, 0.0654541701078, 0.043850928545, 0.0426289774477, 0.0757370740175, 0.139018833637, 0.176726967096, 0.179278165102, 0.127599447966, 0.0613317266107, 0.0541667416692, 0.0628718286753, 0.118951708078, 0.384768992662, 0.45072799921, 0.20781840384, 0.10756034404, 0.101377464831, 0.0986363589764]}, "tuning_equal_tempered_deviation": 0.218951687217, "chords_changes_rate": 0.0604813806713, "key_key": "G", "tuning_diatonic_strength": 0.583223104477, "key_scale": "major", "chords_number_rate": 0.00205718982033, "tuning_frequency": 434.193115234, "tuning_nontempered_energy_ratio": 0.962183177471, "chords_histogram": [31.3104305267, 0.041143797338, 3.68236994743, 0, 0.205718994141, 0.061715696007, 0.370294183493, 0, 0, 0, 0, 0, 0, 1.3783172369, 0.699444532394, 1.23431396484, 0, 18.1855583191, 4.40238618851, 12.0962762833, 2.53034353256, 0.205718994141, 21.1890563965, 2.40691208839], "key_strength": 0.74808549881, "chords_key": "G", "chords_strength": {"dmean2": 0.0103517435491, "median": 0.553077638149, "min": -1, "dvar2": 0.000925149943214, "dvar": 0.000490798556712, "dmean": 0.00943191628903, "max": 0.759989976883, "var": 0.0130258146673, "mean": 0.535730063915}, "chords_scale": "major", "hpcp_entropy": {"dmean2": 1.02999603748, "median": 2.01209902763, "min": 0, "dvar2": 0.729287445545, "dvar": 0.282378166914, "dmean": 0.614923894405, "max": 4.20143938065, "var": 0.568912923336, "mean": 1.9808255434}}, "metadata": {"audio_properties": {"equal_loudness": 0, "codec": "mp3", "downmix": "mix", "sample_rate": 44100, "analysis_sample_rate": 44100, "bit_rate": 192022, "md5_encoded": "2380ac68963041e63c906807bc3bb56a", "length": 225.697952271, "replay_gain": -4.99957084656, "lossless": false}, "version": {"essentia_build_sha": "2d9f1f26377add8aeb1075a9c2973f962c4f09fd", "essentia": "2.1-beta2", "extractor": "music 1.0", "essentia_git_sha": "v2.1_beta2-1-ge3940c0"}, "tags": {"title": ["Shakin' Hands With the Holy Ghost"], "language": ["eng"], "acoustid_fingerprint": ["AQADtImSiEmiKImI19Dx5oOP6jzOQ7MOvxXCK8aF70LPo0FeodaFW9iHO2ik48f34MfRZzH0FocfIjyPH3l0nIbWG_4Resd0HE6OmMNh5_iRb8UO18cv43kj-OiJ5AiaKs_xpQW-MEdJ6cF7xGdRys5g_eBpnM3RHfqG5mgXXPTQT4Z4HOnx4w-Q9sLxCDr-45WGN4N_6McnBzf2Qf3hlziPH35qHC-2XDo-HbgLk8J5nMefwjnkEnxgXGMG9xD4DHeCG9mXC1aJu_BX8DqqE31APcfhH6WUhSJuHU9cHDlNBecV6KSR-2i2RkK7HA-uJTNxK_iLMNIu4VUuiDue4fCNTD-e3_CPLgiJE_rx8IJ3vPii48elGup4HB5-4T8ewDdg4rpg6DDB4z0sDfqOGxfyC0Y18qgN8_hxGT881sKNZD2RF6XwN8gP71DVIx68ucTt5HB04Tt-pD-S3Xh-PLwwS-kWmMdx5MqNnWim6UGXRJdw5DnKLJvB7srh5-j14ZlxTfFRP0F6HgmfCObR43wC7kMfcUOj5liT6A26MA9OEaGVBXqOMD_6PAiTK4H2KMhX4qnw5UEPX4qHJJqWI95znDxqpeLgPMGTpaBU6niQbheS_7BCKVRgUrmMSr5wR2hcMD6e2CjLBg-mfDruIw9EJUs-5OmD55ho6QizLrhK_DL0X6ioQ1z3ILZ08LDy6Gge5eCP60F-GqKS446Hf0O9KE3Q98OVQE16-PhjKB9HXBsiC89iDf2HMMkX3FkOXT_Oo5fhOoYnU2hlLlAlveh8oTlfqD_-nHgu5FuOa6jGC2F2CRKPPJGJPuHR5A0uHU3GyEeXfsGvDWHGQOuP60WeHOGP5j8eXOGMix66PMcUboLeHf3hHefx42Mx9_Dio6fRw3uONjvK44N1aPyDBxWbw9GP34D-4toOf0fYMeizwz86DWWPO3BRHs-Rm2CyV9B_XPB08MZD4uShyUefPfDYo82O8rikEu8hZtrxPII-wvtxPsUfI73xoxSunujhHhQvHXmZQzuim8HDIz_RJ9ByIj9eeeiy9Gh-IaZoJDn8LDEuUUfzB1msSISqHemS42zRfKiVKE0QMkl4aBmRH1kOLfODvOHx59iz4-jCPEHDUUeuLEgeo5aeDadihM8y6Dme9Yj540UzuhEiafygk0eeB8-GxjsqlVNw5N_x_YQWHhWVLQo-RrBC_KGC3DkaR5iYH58rXJmDnmjyI1-PRkl0aM8zfDsOPwp-fKeCv4KWD9Mf6OxRUdIH6xSoMcoThNqIK2FRabmOpsdzPNfgKnMSBo8UeDriJEikOPiDn3iCizmOhyecK3hqKXiTI4eO5sku-Ki0hsTlookkWoN2d8g5_B2u44mWFT8Hnw3OLDMeZD_OeAJ1bUrw0LugD03RD92Jhtxx_Ql--Lh0vJOEZjfKE_-HOVWa4I6MMM9RMgq-y7hITN4Fr0e7GieNJK4QapNghVkaNKF-PNKRVxq0kPOIkD6epfh6_ESYMUQy60b1NEKf4EvwWDiuD80vJPuCHD2aK0etzAhzQnmUHPmI5iem4ya-VmjqI1cSWYcu5ih0-XiW4znClOjzFW-xOscllFGKr_iDi0j4o9aRk2iXo-lHHHnUELwEfUH5VbAk4n9weC9xaTn0wRJK3Og7NBc-nM3x6KgoQcvo44lyBvkXEadynMPzoC-aKseX40GPJzoqyhJOHu1FxNTxBSI_1CJ4hLKE5jseCzdKMg6oE1Z5PBz6gSEDL_uR57ghRnMoo8yEGvl0_IF_1PtR8jooqq5w0WhsZOyh5-gTI0xMHCWPZ_kRXkpwaHYIP5HQfPiR52DlZmjS5EF_PEV3OGSOMJOgZzqDH80f9Ac_BWGeybhm4vB-lIk64X_QkfHgI80leBFQki4uMYd4fDvyqPg5wZONJxl3_MWHStly4vWCcNUHKXoGysmOH97RqsadB_qEdkloZMmQ58RFKof6IYwbdFmF58fRJ9qRXoKWI8-LJmJKoX3wHyU1NGW2o0eynPgxv0OZXAma49aGP1BJ5BemfnDFNEEffMie44eWsZh-PCZ6HlrisMLD49lZ5EN1Zdj2HO2S43GK0OLRkNDJ4znCnJiIL1F0lHeOD5MkbkL-Bcm4HM2z4KSx85ExZUctKdfwHGc-mDvmL0rwFs8Q5tCMkDyaaEnyoLzRyNmMXM3xB3qO5jRK7dB3YRf67HjEoNKiB5wzCs1zlLjeFJWUCx7ZBOZCJON7gKp2vEm6EMcT-QmmaPrQlzmOnEWyHU3rBJ9y9AjTEfoTsch9XD8eogl3RCIf6F9wHqGupMh4KriyQI-OJrrxBX1TwUuUHVqi4-JivDSoUMmgL8hz4bmCxmkxWce_FzlPJJSm45kefDnR72hk_MSnpkPyP4huNC_6HP8lZGwSHTpz5BLKKLnQ9Ph1_Lhkoami5EK6fdAUhYjFHNSPj_gTvHikHM-P8g0a-Ud-JC8O5kl2wT5ch8OTM_jAUkKYL0hOXfgjvNPxNBeaveiP7xXe49SOxslQnFqo4mGiEI36gvly_J2IMFFQb8dDQnzxFx8rNLtQHp9xthHCTfnhD5Wy8LiOkid-NDyuzUKeI5msHeePTpwDTsd5NON0ot8T5PiyFB8XolmH_MP9wM8NfwnKEw9xHT0XMDmP_0SORqPQh4YOpkST4-ipDVquOCkARgZRABiCABHHCEgRNQAA5ISBYCAEBDRQGSaAM15KqxhCSAABDBKACGIYUQQAQxwgCCMhhLUCAGYdAgYggYgiDAgGiANACmMBEAgwwQAiQAlIDAMIKGCtAoYhCBi0wghgIASBICQIIAYtoQwARhhlhCHCGOIIAQUCwIxygihGFEBAQAaEIcAAJoxACDwEBBBEEacEFIQgQp4wwMgJCAAEAQIMAwJxggAzShFmHAWCCCEocAoQAAiBChFBFAECUYIEAooEApRRRkAggAJGAyAAMIoYQAhgwAAJoTCMEMKAYUAoYAAAQAhggCTAAICYAsARBQBAQBCAjBUCCAUIEAAoQ4whBBFDrAAEOiMAIYQZAQhxAAiAnLKAOEAEIKAxQpwRQBiriBICEiEMIgI5JwRWAAGkDSEGASikUcKIwAAwgErqmLCCCCKAIaAoY4QRwgkCgCVAAGGEegAQAKABxDiACBIKMKGIMIAKgQAghAqkgEEACUGAg0BJZqCAyBGCJFBGMkOwIMIIIIEBgChjCQEAGeiAANBQYoxQQCCBkDHAIGKAEoIwQgwwRjBhiEKACFEAMIAAZp2BBBAFABMKIMAgAM0oAaEABAiiBBEACgMUFYQKxKAiAAFgGDAKEGMUE8II4oAQhAqgqDUAMaEANIwQQgQgjAjFCAFOAQCZgIYQRQgAigliiQCIDQGAEZY4YZA0QAGmFCHCKGYgEkICJBhRghIAMBJMGWEIsIAYAIQQkglFIDNKKCUEIoYBYQQ1AFCBAABEEEMBAUQA6AhigjFJgSCASEiAEQYMYQRiwiBBACACEALAAEQoIAwRAiiCmGACEAQk0IBIJ4CwDAgAhCDGAGKMIgoAAQQQBgghEBAAC0UAZcIwYDUESCkCEEJACSkOQUABAQRyAAAgCHCCCQKAAEQQAZwgxDgFCBEIIAMIcQQSQAxQyAgglDEIISAEEAY4JQQRAgxOSBEA"], "date": ["2012"], "genre": ["Contemporary country"], "musicbrainz_releasegroupid": ["514a7c52-82e1-41bf-b270-adefb2bd5c6c"], "musicbrainz album type": ["Album"], "musicbrainz_recordingid": ["083b74e6-fd0e-4ff4-8e71-45eb42dc2ba6"], "musicbrainz album release country": ["US"], "musicbrainz_albumartistid": ["1576a26e-f77d-47ac-87f2-4f610c141ac6"], "musicbrainz_albumid": ["7fee4ee8-c94f-44d9-923b-36a87cdb2fd0"], "artist": ["Blackberry Smoke"], "bpm": ["120.61"], "album": ["The Whippoorwill"], "tracknumber": ["12"], "label": ["Southern Ground"], "acoustid_id": ["a395797a-2f28-4aba-8ea9-888c21cffd04"], "musicbrainz_artistid": ["1576a26e-f77d-47ac-87f2-4f610c141ac6"], "file_name": "Blackberry Smoke - Shakin' Hands With the Holy Ghost.mp3"}}, "rhythm": {"bpm_histogram_first_peak_bpm": {"dmean2": 0, "median": 120, "min": 120, "dvar2": 0, "dvar": 0, "dmean": 0, "max": 120, "var": 0, "mean": 120}, "bpm": 120.67653656, "bpm_histogram_second_peak_spread": {"dmean2": 0, "median": 0, "min": 0, "dvar2": 0, "dvar": 0, "dmean": 0, "max": 0, "var": 0, "mean": 0}, "bpm_histogram_first_peak_weight": {"dmean2": 0, "median": 0.3702031672, "min": 0.3702031672, "dvar2": 0, "dvar": 0, "dmean": 0, "max": 0.3702031672, "var": 0, "mean": 0.3702031672}, "onset_rate": 2.84879374504, "beats_position": [0.487619042397, 0.99845802784, 1.52090704441, 2.04335594177, 2.56580495834, 3.08825397491, 3.61070299149, 4.13315200806, 4.6439909935, 5.15482997894, 5.67727899551, 6.19972801208, 6.72217655182, 7.24462556839, 7.75546455383, 8.26630401611, 8.77714252472, 9.29959201813, 9.82204055786, 10.3444900513, 10.866938591, 11.3777770996, 11.900226593, 12.4226751328, 12.9451246262, 13.4559631348, 13.9784126282, 14.5008611679, 15.0117006302, 15.5225391388, 16.0333786011, 16.5442180634, 17.0434455872, 17.5426750183, 18.0535144806, 18.5527439117, 19.0635814667, 19.574420929, 20.062040329, 20.5728797913, 21.0837192535, 21.5829467773, 22.0821762085, 22.5814056396, 23.0806350708, 23.5914726257, 24.0907020569, 24.589931488, 25.0891609192, 25.5883903503, 26.0992279053, 26.6100673676, 27.0976867676, 27.5853061676, 28.0845336914, 28.5953731537, 29.0946025848, 29.6054420471, 30.0930614471, 30.6038990021, 31.0915184021, 31.6023578644, 32.0899772644, 32.5775947571, 33.0652160645, 33.5644454956, 34.0636711121, 34.5745124817, 35.0853500366, 35.5961914063, 36.0954170227, 36.5946464539, 37.0822677612, 37.5814971924, 38.0807266235, 38.5683441162, 39.0791816711, 39.6016311646, 40.1008605957, 40.5884780884, 41.099319458, 41.6101570129, 42.1093864441, 42.6086158752, 43.1194534302, 43.6186828613, 44.1179122925, 44.6287536621, 45.139591217, 45.650428772, 46.1496582031, 46.6488876343, 47.1597251892, 47.6705665588, 48.16979599, 48.6690254211, 49.1566429138, 49.655872345, 50.1551017761, 50.6427192688, 51.1419487, 51.6411781311, 52.152015686, 52.6628570557, 53.1620864868, 53.661315918, 54.1489334106, 54.6597709656, 55.1590003967, 55.6582298279, 56.1458511353, 56.6334686279, 57.1210861206, 57.6203155518, 58.1195449829, 58.6303825378, 59.129611969, 59.6288414001, 60.1280708313, 60.6273002625, 61.1265296936, 61.6257591248, 62.1249885559, 62.6242179871, 63.1234474182, 63.6226730347, 64.1102905273, 64.6095199585, 65.1087493896, 65.6195907593, 66.1304321289, 66.6412658691, 67.1288909912, 67.6397247314, 68.1389541626, 68.6381835938, 69.1258010864, 69.6250305176, 70.1126480103, 70.6118774414, 71.0995025635, 71.5871200562, 72.0747375488, 72.5623550415, 73.0499725342, 73.5492019653, 74.0484313965, 74.5476608276, 75.0468902588, 75.5461196899, 76.0453491211, 76.5445785522, 77.0438079834, 77.5430374146, 78.0306549072, 78.5298843384, 79.0175018311, 79.5051269531, 79.9927444458, 80.4803619385, 80.9795913696, 81.4788208008, 81.9780502319, 82.4772796631, 82.9648971558, 83.4641265869, 83.9633560181, 84.4625854492, 84.9618148804, 85.449432373, 85.9370498657, 86.4478912354, 86.935508728, 87.4231262207, 87.9107437134, 88.3983688354, 88.8859863281, 89.3968200684, 89.8844451904, 90.3952789307, 90.8945083618, 91.393737793, 91.8813552856, 92.3805847168, 92.8682098389, 93.36743927, 93.8666687012, 94.3658905029, 94.853515625, 95.3527450562, 95.8403625488, 96.3279800415, 96.8155975342, 97.3032150269, 97.802444458, 98.3016738892, 98.8009033203, 99.3001327515, 99.7993621826, 100.286979675, 100.774604797, 101.285438538, 101.77305603, 102.272285461, 102.771514893, 103.270744324, 103.769973755, 104.257591248, 104.74521637, 105.25605011, 105.743675232, 106.242897034, 106.742126465, 107.252967834, 107.740585327, 108.239814758, 108.739044189, 109.238273621, 109.737503052, 110.236732483, 110.735961914, 111.223579407, 111.711196899, 112.210426331, 112.709655762, 113.220497131, 113.719726563, 114.218955994, 114.706573486, 115.217414856, 115.716644287, 116.215873718, 116.703491211, 117.202720642, 117.690338135, 118.177955627, 118.653968811, 119.141586304, 119.640815735, 120.128433228, 120.61605072, 121.115280151, 121.614509583, 122.113739014, 122.612968445, 123.112197876, 123.611427307, 124.110656738, 124.598274231, 125.097503662, 125.585121155, 126.084350586, 126.583580017, 127.082809448, 127.582038879, 128.069656372, 128.557281494, 129.056503296, 129.555740356, 130.054962158, 130.554199219, 131.053421021, 131.541046143, 132.040267944, 132.539505005, 133.038726807, 133.526351929, 134.02557373, 134.524810791, 135.024032593, 135.511657715, 135.999267578, 136.498504639, 136.99772644, 137.485351563, 137.972961426, 138.483810425, 138.994644165, 139.482269287, 139.96987915, 140.457504272, 140.945129395, 141.432739258, 141.92036438, 142.407974243, 142.895599365, 143.383224487, 143.870834351, 144.370071411, 144.880905151, 145.380126953, 145.890975952, 146.401809692, 146.912643433, 147.423492432, 147.934326172, 148.433563232, 148.944396973, 149.455230713, 149.966079712, 150.488525391, 151.010971069, 151.533416748, 152.02104187, 152.508651733, 153.007888794, 153.507110596, 154.017959595, 154.540405273, 155.062850952, 155.573699951, 156.084533691, 156.595367432, 157.106216431, 157.605438232, 158.104675293, 158.615509033, 159.126342773, 159.637191772, 160.148025513, 160.635650635, 161.123260498, 161.634094238, 162.133331299, 162.632553101, 163.1434021, 163.631011963, 164.130249023, 164.617858887, 165.117095947, 165.604721069, 166.092330933, 166.579956055, 167.067565918, 167.55519104, 168.042816162, 168.530426025, 169.018051147, 169.505661011, 169.993286133, 170.492507935, 170.991744995, 171.479354858, 171.978591919, 172.477813721, 172.965438843, 173.453063965, 173.940673828, 174.416687012, 174.892700195, 175.380310059, 175.867935181, 176.343948364, 176.843170166, 177.330795288, 177.818405151, 178.317642212, 178.816864014, 179.304489136, 179.815322876, 180.302947998, 180.8021698, 181.30140686, 181.812240601, 182.299865723, 182.799087524, 183.286712646, 183.762710571, 184.261947632, 184.761169434, 185.248794556, 185.759628296, 186.258865356, 186.758087158, 187.24571228, 187.744934082, 188.244171143, 188.731781006, 189.219406128, 189.718643188, 190.21786499, 190.705490112, 191.193099976, 191.680725098, 192.179946899, 192.67918396, 193.166793823, 193.654418945, 194.142044067, 194.629653931, 195.117279053, 195.628112793, 196.115737915, 196.603347778, 197.0909729, 197.590194702, 198.077819824, 198.577041626, 199.064666748, 199.55229187, 200.039901733, 200.527526855, 201.015136719, 201.514373779, 202.013595581, 202.501220703, 202.988845825, 203.46484375, 203.940856934, 204.428482056, 204.916091919, 205.403717041, 205.891326904, 206.378952026, 206.866577148, 207.342575073, 207.818588257, 208.29460144, 208.770614624, 209.246612549, 209.769073486, 210.291519165, 210.813964844, 211.464126587, 212.11428833, 212.764434814, 213.414596558, 214.076370239, 214.738143921, 215.388290405, 216.050064087, 216.711837769, 217.361984253, 218.012145996, 218.673919678, 219.335693359, 220.032287598, 220.728881836, 221.425476074, 222.122085571, 222.81867981, 223.515274048, 224.211883545, 224.908477783], "beats_loudness": {"dmean2": 0.0158087201416, "median": 0.0443392619491, "min": 4.70722794077e-10, "dvar2": 0.000204618831049, "dvar": 7.43869168218e-05, "dmean": 0.00933184381574, "max": 0.0934964865446, "var": 0.000297207618132, "mean": 0.040209736675}, "danceability": 1.01843643188, "bpm_histogram_second_peak_weight": {"dmean2": 0, "median": 0.0632054209709, "min": 0.0632054209709, "dvar2": 0, "dvar": 0, "dmean": 0, "max": 0.0632054209709, "var": 0, "mean": 0.0632054209709}, "beats_count": 444, "bpm_histogram_second_peak_bpm": {"dmean2": 0, "median": 115, "min": 115, "dvar2": 0, "dvar": 0, "dmean": 0, "max": 115, "var": 0, "mean": 115}, "bpm_histogram_first_peak_spread": {"dmean2": 0, "median": 0.570680618286, "min": 0.570680618286, "dvar2": 0, "dvar": 0, "dmean": 0, "max": 0.570680618286, "var": 0, "mean": 0.570680618286}, "beats_loudness_band_ratio": {"dmean2": [0.735046446323, 0.705545961857, 0.181038483977, 0.0906257852912, 0.0838059186935, 0.0593670196831], "median": [0.322226822376, 0.308662056923, 0.118054032326, 0.0579090416431, 0.0492243804038, 0.0446001440287], "min": [0.0127722304314, 0.00108438462485, 0.004567112308, 0.0012370768236, 7.37032969482e-05, 1.17660683827e-05], "dvar2": [0.174162581563, 0.123306877911, 0.0251381043345, 0.0107791237533, 0.00528282206506, 0.00384607026353], "dvar": [0.0471337549388, 0.035422604531, 0.00900994613767, 0.00385247240774, 0.00182600587141, 0.00158758333419], "dmean": [0.375850021839, 0.35788500309, 0.1006751284, 0.0516267381608, 0.0461744144559, 0.0328084640205], "max": [0.909108638763, 0.804754734039, 0.804435968399, 0.603175401688, 0.450057387352, 0.533888459206], "var": [0.0683217942715, 0.0565137788653, 0.0142511762679, 0.00482306489721, 0.00226174062118, 0.0020882722456], "mean": [0.419093042612, 0.321927666664, 0.150218471885, 0.0771502926946, 0.0582902319729, 0.0506340228021]}}, "lowlevel": {"barkbands_spread": {"dmean2": 6.76753234863, "median": 21.2299880981, "min": 0.776748239994, "dvar2": 72.6830749512, "dvar": 37.7791175842, "dmean": 4.4790725708, "max": 143.508972168, "var": 295.489196777, "mean": 23.8857002258}, "melbands_spread": {"dmean2": 8.24856758118, "median": 19.2215862274, "min": 0.726733982563, "dvar2": 128.402206421, "dvar": 62.5813064575, "dmean": 5.47059583664, "max": 189.500488281, "var": 422.973510742, "mean": 24.0808887482}, "hfc": {"dmean2": 8.39847564697, "median": 22.1059589386, "min": 1.26060459234e-16, "dvar2": 162.444854736, "dvar": 76.8811569214, "dmean": 5.6502571106, "max": 164.351196289, "var": 327.270050049, "mean": 24.4199943542}, "barkbands_kurtosis": {"dmean2": 2.88707900047, "median": 1.86038899422, "min": -1.90458071232, "dvar2": 20.9139099121, "dvar": 9.24391555786, "dmean": 1.83855712414, "max": 83.044883728, "var": 25.4491233826, "mean": 3.2144973278}, "gfcc": {"mean": [-3.69904279709, 101.041465759, -111.464485168, 24.7660064697, -51.4128265381, 8.63312721252, -31.5417518616, 7.6300368309, -20.1661815643, 7.49641466141, -12.2826414108, -0.526814997196, -8.44977474213], "icov": [[0.000114441296319, -0.000119054799143, 0.000231516649364, -0.00016357358254, 0.000120974567835, -0.000242328096647, 0.000361271522706, -0.000264366768533, 0.000159739531227, -0.000306695787003, 0.000529269862454, -0.00053186918376, 0.000349692098098], [-0.000119054799143, 0.00104487582576, -0.000133825655212, 0.000300666753901, -0.00072666950291, 0.000610192189924, -0.000989386346191, 0.00111247098539, -0.000753715343308, 0.00109473441262, -0.00156083668116, 0.00200104876421, -0.00115184788592], [0.000231516649364, -0.000133825655212, 0.00196141027845, -0.000507546763401, -2.05965116038e-05, -0.000337304692948, 0.000506731856149, -0.000622696068604, 0.00111140054651, -0.00194863753859, 0.00194613472559, -0.00172089028638, 0.000946520187426], [-0.00016357358254, 0.000300666753901, -0.000507546763401, 0.00328570255078, 9.64780701906e-05, -0.00146688811947, -0.000638481404167, -0.000109638283902, -0.000877386075445, 0.000308585353196, -0.00134705042001, 0.000888699141797, -0.00135089294054], [0.000120974567835, -0.00072666950291, -2.05965116038e-05, 9.64780701906e-05, 0.0041132606566, -0.00045630056411, -0.00100219447631, -4.69085643999e-05, -0.000699391122907, -0.00112168863416, 0.00188487814739, -0.00182724348269, -0.00029631331563], [-0.000242328096647, 0.000610192189924, -0.000337304692948, -0.00146688811947, -0.00045630056411, 0.00598735129461, -0.0015927295899, -0.00201517948881, 8.27082185424e-05, 0.00059571658494, -0.00171986350324, 0.000369088869775, 0.0018801552942], [0.000361271522706, -0.000989386346191, 0.000506731856149, -0.000638481404167, -0.00100219447631, -0.0015927295899, 0.00863951351494, -0.00301458104514, 0.00199801987037, -0.00138419575524, -0.0014484920539, 0.000399025855586, 0.000985960825346], [-0.000264366768533, 0.00111247098539, -0.000622696068604, -0.000109638283902, -4.69085643999e-05, -0.00201517948881, -0.00301458104514, 0.0128732500598, -0.00503608724102, -8.79144936334e-05, 0.00171937746927, 0.000298197497614, 0.00114883319475], [0.000159739531227, -0.000753715343308, 0.00111140054651, -0.000877386075445, -0.000699391122907, 8.27082185424e-05, 0.00199801987037, -0.00503608724102, 0.0114139886573, -0.00105887965765, 0.000681867531966, 0.00106623896863, -0.00174926710315], [-0.000306695787003, 0.00109473441262, -0.00194863753859, 0.000308585353196, -0.00112168863416, 0.00059571658494, -0.00138419575524, -8.79144936334e-05, -0.00105887965765, 0.0152775673196, -0.00631180452183, 0.00292068533599, 0.000994399888441], [0.000529269862454, -0.00156083668116, 0.00194613472559, -0.00134705042001, 0.00188487814739, -0.00171986350324, -0.0014484920539, 0.00171937746927, 0.000681867531966, -0.00631180452183, 0.020190846175, -0.00609123148024, -0.000304633693304], [-0.00053186918376, 0.00200104876421, -0.00172089028638, 0.000888699141797, -0.00182724348269, 0.000369088869775, 0.000399025855586, 0.000298197497614, 0.00106623896863, 0.00292068533599, -0.00609123148024, 0.0187127329409, -0.00550585146993], [0.000349692098098, -0.00115184788592, 0.000946520187426, -0.00135089294054, -0.00029631331563, 0.0018801552942, 0.000985960825346, 0.00114883319475, -0.00174926710315, 0.000994399888441, -0.000304633693304, -0.00550585146993, 0.0198851935565]], "cov": [[24796.4609375, -3848.48852539, -503.128295898, 1675.45898438, -952.333557129, 1883.81994629, -710.451049805, 1069.41162109, 9.23426532745, 227.33253479, -472.142944336, 485.295623779, -623.496337891], [-3848.48852539, 3774.41357422, -711.432189941, -622.165100098, 529.761230469, -788.533447266, 279.945800781, -498.492340088, 138.665084839, -200.275894165, 215.035217285, -292.146514893, 319.894317627], [-503.128295898, -711.432189941, 945.902893066, 155.937149048, -19.3025112152, 170.668731689, -5.4292678833, 105.235328674, -81.2360534668, 112.03565979, -54.8480567932, 80.1745452881, -80.4177627563], [1675.45898438, -622.165100098, 155.937149048, 592.59552002, -84.7020568848, 350.141723633, 16.6695690155, 175.481872559, 24.3966007233, 60.6739120483, -11.9181833267, 47.9201087952, -65.8027572632], [-952.333557129, 529.761230469, -19.3025112152, -84.7020568848, 366.858062744, -86.6373443604, 93.8538742065, -49.9515800476, 36.5698814392, -6.57376098633, 21.7699508667, -23.8882369995, 51.7538452148], [1883.81994629, -788.533447266, 170.668731689, 350.141723633, -86.6373443604, 506.508636475, 21.3130588531, 215.019668579, -0.708501040936, 69.0798339844, -30.7859477997, 60.5855789185, -113.014877319], [-710.451049805, 279.945800781, -5.4292678833, 16.6695690155, 93.8538742065, 21.3130588531, 205.268859863, 10.0009946823, 7.61156511307, 13.2313909531, 43.0085449219, -32.6659965515, 10.3503465652], [1069.41162109, -498.492340088, 105.235328674, 175.481872559, -49.9515800476, 215.019668579, 10.0009946823, 209.083557129, 34.4146995544, 41.6814575195, -38.5105133057, 32.2117080688, -65.1471099854], [9.23426532745, 138.665084839, -81.2360534668, 24.3966007233, 36.5698814392, -0.708501040936, 7.61156511307, 34.4146995544, 126.578636169, -4.35946273804, 2.35619425774, -21.0226459503, 17.2084102631], [227.33253479, -200.275894165, 112.03565979, 60.6739120483, -6.57376098633, 69.0798339844, 13.2313909531, 41.6814575195, -4.35946273804, 99.0812911987, 10.0364017487, 12.0584897995, -28.3490219116], [-472.142944336, 215.035217285, -54.8480567932, -11.9181833267, 21.7699508667, -30.7859477997, 43.0085449219, -38.5105133057, 2.35619425774, 10.0364017487, 86.8729248047, -4.31517887115, 25.7289276123], [485.295623779, -292.146514893, 80.1745452881, 47.9201087952, -23.8882369995, 60.5855789185, -32.6659965515, 32.2117080688, -21.0226459503, 12.0584897995, -4.31517887115, 95.6748580933, -8.37103366852], [-623.496337891, 319.894317627, -80.4177627563, -65.8027572632, 51.7538452148, -113.014877319, 10.3503465652, -65.1471099854, 17.2084102631, -28.3490219116, 25.7289276123, -8.37103366852, 94.8557739258]]}, "spectral_energyband_middle_low": {"dmean2": 0.008590022102, "median": 0.0111351739615, "min": 3.24108034127e-22, "dvar2": 0.000286067981506, "dvar": 0.000110302076791, "dmean": 0.00533937150612, "max": 0.107502266765, "var": 0.000152110427734, "mean": 0.0135649004951}, "melbands_crest": {"dmean2": 4.32810974121, "median": 11.8157463074, "min": 1.8865776062, "dvar2": 21.2115783691, "dvar": 8.66441726685, "dmean": 2.73162484169, "max": 33.126991272, "var": 24.7111549377, "mean": 12.8955039978}, "spectral_kurtosis": {"dmean2": 5.37742376328, "median": 3.77942562103, "min": -1.18006789684, "dvar2": 191.630371094, "dvar": 68.8704528809, "dmean": 3.1783413887, "max": 172.931243896, "var": 283.655883789, "mean": 8.51561450958}, "spectral_rms": {"dmean2": 0.00116070860531, "median": 0.00553603842854, "min": 3.28533814736e-12, "dvar2": 2.7730079637e-06, "dvar": 1.05510707726e-06, "dmean": 0.000721252523363, "max": 0.0117212180048, "var": 4.08004189012e-06, "mean": 0.00520876143128}, "zerocrossingrate": {"dmean2": 0.0104002049193, "median": 0.05419921875, "min": 0.00732421875, "dvar2": 0.00015614341828, "dvar": 0.000136285438202, "dmean": 0.00874877441674, "max": 0.509765625, "var": 0.00258464063518, "mean": 0.0626474767923}, "silence_rate_60dB": {"dmean2": 0.023047639057, "median": 0, "min": 0, "dvar2": 0.0245770104229, "dvar": 0.0113893095404, "dmean": 0.0115226339549, "max": 1, "var": 0.0823370963335, "mean": 0.0905256643891}, "erbbands_kurtosis": {"dmean2": 1.05725455284, "median": -0.192864745855, "min": -1.65413308144, "dvar2": 2.92456388474, "dvar": 1.46598005295, "dmean": 0.697383463383, "max": 53.0931549072, "var": 9.23440074921, "mean": 0.554271697998}, "erbbands": {"dmean2": [0.239903271198, 1.77456855774, 3.3084499836, 3.38712787628, 11.6335868835, 14.2135381699, 14.4083242416, 26.1754837036, 20.7404594421, 19.9354686737, 36.4932975769, 35.4143867493, 24.3496589661, 24.4507255554, 21.1917171478, 30.0236320496, 23.2096805573, 35.0243835449, 35.1743507385, 22.7871952057, 24.5484867096, 19.9792842865, 13.7941455841, 11.9361152649, 14.9931335449, 12.4810476303, 7.06741380692, 5.61826992035, 3.99441885948, 3.53486394882, 3.77981233597, 3.05484700203, 1.7675511837, 0.813590168953, 0.369449436665, 0.159585028887, 0.0772506818175, 0.0242149289697, 0.00361690088175, 0.000104344719148], "median": [0.137834727764, 1.20348703861, 2.30807828903, 3.37892985344, 4.1321015358, 5.03290224075, 9.89252471924, 12.3855085373, 13.5265455246, 11.5969314575, 18.2018222809, 14.113653183, 19.6581916809, 15.480093956, 12.5479717255, 15.1057958603, 14.3962497711, 20.1065101624, 17.41431427, 11.9035978317, 12.8053035736, 11.1875019073, 9.9735918045, 10.5568981171, 11.373008728, 8.52935409546, 6.07892465591, 4.76412773132, 3.61994075775, 2.76040482521, 1.83250904083, 1.49696707726, 1.1670114994, 0.55400633812, 0.247131943703, 0.0948362648487, 0.032391730696, 0.00552135473117, 0.00023577013053, 5.52833116672e-05], "min": [7.57734700577e-22, 3.4408108348e-21, 7.1551349168e-21, 1.25110720297e-20, 4.39580967358e-20, 1.05263838203e-19, 1.11958598641e-19, 3.50556765456e-19, 8.3998604052e-19, 2.37774018336e-18, 1.14865215671e-18, 1.35094765411e-18, 1.57713047324e-18, 2.68761362135e-18, 1.45744457304e-18, 4.55036190868e-18, 4.54588355285e-18, 4.45201551053e-18, 6.23895931216e-18, 8.32630409301e-18, 1.1278007119e-17, 8.97574344426e-18, 1.11046085559e-17, 1.06082621381e-17, 1.29871128114e-17, 8.94706261088e-18, 1.62528433765e-17, 1.58514920346e-17, 2.11836769341e-17, 2.29428667582e-17, 2.49891395401e-17, 2.56536352329e-17, 1.44626061553e-17, 1.04437309512e-17, 8.29368422555e-18, 5.89458334364e-18, 3.47232099099e-18, 1.59713128686e-18, 3.138964309e-19, 3.90205813424e-20], "dvar2": [0.287134110928, 18.3237628937, 54.1234359741, 33.6869049072, 973.774475098, 1327.41455078, 652.68927002, 3513.6784668, 1741.86169434, 1628.64208984, 6566.55029297, 6711.22851563, 2170.59985352, 2415.72460938, 2389.84155273, 5080.24365234, 2719.78613281, 4850.07226563, 5629.02294922, 2398.13330078, 2723.16577148, 1545.0513916, 609.202880859, 349.223876953, 658.93762207, 415.157867432, 145.303604126, 81.020324707, 54.2946739197, 71.8123626709, 216.269287109, 104.555007935, 38.1953086853, 8.30684947968, 0.752976953983, 0.120406091213, 0.0265122205019, 0.00310450419784, 0.000109841908852, 9.00870631426e-08], "dvar": [0.115686535835, 6.40995407104, 18.4227962494, 11.470287323, 351.636108398, 481.964874268, 260.408935547, 1457.34179688, 727.109191895, 680.821350098, 3182.78930664, 3074.30932617, 984.511230469, 1165.13354492, 1233.52478027, 2491.79345703, 1356.7545166, 2189.20629883, 2637.38989258, 1072.2878418, 1080.59936523, 656.033569336, 270.675598145, 164.344680786, 296.411773682, 166.113067627, 53.0324249268, 33.2852478027, 24.1133613586, 36.8853378296, 119.0756073, 56.6734695435, 20.0687274933, 4.3590927124, 0.340610772371, 0.0533699579537, 0.0118370745331, 0.00137757498305, 4.16398397647e-05, 3.37512382487e-08], "dmean": [0.149744555354, 1.02798509598, 1.88404762745, 1.97356510162, 6.76681470871, 8.1913061142, 9.24182224274, 16.6413211823, 12.9972782135, 12.5750188828, 24.0879592896, 23.2398529053, 16.0813617706, 15.9325828552, 14.1819620132, 19.4800949097, 15.5046443939, 22.785451889, 23.3354320526, 14.9249134064, 15.1377830505, 12.7172422409, 8.78844928741, 7.44277572632, 9.62013912201, 7.64045143127, 4.21796035767, 3.53504085541, 2.62332868576, 2.38655543327, 2.66948652267, 2.08529019356, 1.20620906353, 0.553799927235, 0.245724096894, 0.106407649815, 0.051091235131, 0.0159410182387, 0.00213182508014, 6.19565689703e-05], "max": [3.33525443077, 25.075006485, 49.2694778442, 41.6607666016, 218.253494263, 259.927581787, 237.439453125, 514.904174805, 680.859008789, 715.801635742, 1069.18334961, 1617.93640137, 747.434020996, 934.889282227, 1218.86022949, 1600.61572266, 826.685852051, 955.54876709, 1022.67248535, 804.995605469, 836.146057129, 778.074584961, 449.465148926, 491.089904785, 492.445709229, 288.978973389, 130.742630005, 119.891555786, 149.334991455, 181.349746704, 346.127258301, 280.167114258, 99.6543121338, 58.6678504944, 17.8500881195, 6.05451488495, 2.08497405052, 0.791383385658, 0.227405071259, 0.00758210709319], "var": [0.147747635841, 5.37357473373, 19.5933246613, 15.1295824051, 285.013702393, 372.572784424, 522.565917969, 2105.19824219, 1350.09057617, 1693.67053223, 9098.65820313, 12533.5537109, 2289.30151367, 2767.9465332, 3526.99072266, 8051.57568359, 3252.37158203, 5097.11425781, 6243.26416016, 2536.87597656, 2187.91357422, 1546.38781738, 794.749328613, 432.191741943, 805.081237793, 390.728942871, 101.360671997, 104.76071167, 76.5400695801, 99.9567260742, 261.377868652, 133.485412598, 44.4965744019, 8.9111289978, 0.720714271069, 0.128973796964, 0.0310100782663, 0.00259365164675, 3.87986001442e-05, 3.07060723514e-08], "mean": [0.250028818846, 1.68796110153, 3.61748123169, 4.03405380249, 8.65061569214, 10.0543365479, 18.0725021362, 27.9376983643, 24.4794082642, 23.4559574127, 47.8424110413, 47.8563041687, 32.9048423767, 30.5772609711, 27.7014484406, 36.400894165, 29.8107643127, 42.5655059814, 43.8129959106, 28.6485862732, 27.0858745575, 23.6256599426, 18.5318984985, 16.183467865, 20.0394687653, 15.6261892319, 9.18719863892, 8.42050266266, 6.38740873337, 5.53483247757, 5.36063480377, 4.28727912903, 2.6797516346, 1.21831572056, 0.539806544781, 0.238745570183, 0.114984482527, 0.028480829671, 0.00227363407612, 9.79369215202e-05]}, "spectral_strongpeak": {"dmean2": 0.924953877926, "median": 0.37553191185, "min": 0, "dvar2": 2.34580874443, "dvar": 0.924452543259, "dmean": 0.539851307869, "max": 9.44559860229, "var": 1.58401846886, "mean": 0.935589194298}, "spectral_energy": {"dmean2": 0.0157037377357, "median": 0.0314139127731, "min": 1.10632838145e-20, "dvar2": 0.000677966454532, "dvar": 0.000249175936915, "dmean": 0.00944258458912, "max": 0.140821635723, "var": 0.000411931541748, "mean": 0.0319915004075}, "average_loudness": 0.928843259811, "spectral_rolloff": {"dmean2": 620.685302734, "median": 968.994140625, "min": 64.599609375, "dvar2": 1253910.625, "dvar": 617701.625, "dmean": 382.973419189, "max": 19659.8144531, "var": 3812955.5, "mean": 1475.42102051}, "spectral_centroid": {"dmean2": 296.679046631, "median": 1246.35302734, "min": 161.936981201, "dvar2": 106698.15625, "dvar": 53182.4726563, "dmean": 196.865707397, "max": 11307.4433594, "var": 428857.0625, "mean": 1317.6328125}, "pitch_salience": {"dmean2": 0.101042844355, "median": 0.57787334919, "min": 0.148377493024, "dvar2": 0.0108736213297, "dvar": 0.00412538414821, "dmean": 0.062410954386, "max": 0.940373718739, "var": 0.0109689505771, "mean": 0.5699249506}, "spectral_energyband_middle_high": {"dmean2": 0.00268659833819, "median": 0.00448094820604, "min": 1.42400000732e-21, "dvar2": 1.2601223716e-05, "dvar": 5.9018743741e-06, "dmean": 0.00179787306115, "max": 0.044024631381, "var": 3.38741956512e-05, "mean": 0.00629107654095}, "spectral_contrast_coeffs": {"dmean2": [0.075766697526, 0.073209695518, 0.0601018555462, 0.0466391332448, 0.0344784408808, 0.0279593709856], "median": [-0.683818399906, -0.722134530544, -0.769962251186, -0.793245613575, -0.794561266899, -0.755035877228], "min": [-0.9602689147, -0.968860208988, -0.978574693203, -0.954605221748, -0.959730267525, -0.961217999458], "dvar2": [0.00560194021091, 0.00392834888771, 0.00241963937879, 0.00147779728286, 0.000792706792708, 0.000620642385911], "dvar": [0.00216895691119, 0.00153983489145, 0.000991118140519, 0.000633881019894, 0.000334692478646, 0.00027066929033], "dmean": [0.0463647283614, 0.0448256507516, 0.0374843478203, 0.0293410532176, 0.0214273072779, 0.0175532456487], "max": [-0.322721600533, -0.374799132347, -0.404341638088, -0.54238152504, -0.594866394997, -0.597510457039], "var": [0.00621076766402, 0.0052719572559, 0.00411101989448, 0.00322167132981, 0.001767523936, 0.00185883184895], "mean": [-0.671777486801, -0.718887865543, -0.76348221302, -0.784893274307, -0.789594650269, -0.757983088493]}, "melbands_skewness": {"dmean2": 0.875381231308, "median": 2.16286444664, "min": -1.16506683826, "dvar2": 1.23186683655, "dvar": 0.546649992466, "dmean": 0.576704740524, "max": 12.7134437561, "var": 1.88304495811, "mean": 2.36403656006}, "spectral_spread": {"dmean2": 635070.4375, "median": 4511435.5, "min": 550562.6875, "dvar2": 658520473600, "dvar": 408064131072, "dmean": 438232.75, "max": 40041500, "var": 3665538056190.0, "mean": 4573170}, "dissonance": {"dmean2": 0.0266149826348, "median": 0.470967590809, "min": 0.174541041255, "dvar2": 0.000713126035407, "dvar": 0.000290053634671, "dmean": 0.0160934235901, "max": 0.500000119209, "var": 0.00156804046128, "mean": 0.459313064814}, "spectral_skewness": {"dmean2": 0.465297520161, "median": 1.53074657917, "min": -0.0403589494526, "dvar2": 0.670621097088, "dvar": 0.240948662162, "dmean": 0.281248509884, "max": 10.777338028, "var": 1.31271743774, "mean": 1.8114784956}, "spectral_flux": {"dmean2": 0.041065081954, "median": 0.0792139694095, "min": 1.05182147714e-10, "dvar2": 0.00249644741416, "dvar": 0.00117545446847, "dmean": 0.0265120230615, "max": 0.333517581224, "var": 0.00300182797946, "mean": 0.0857472196221}, "spectral_contrast_valleys": {"dmean2": [0.553661882877, 0.546944737434, 0.481251627207, 0.422553926706, 0.38765078783, 0.316827446222], "median": [-6.58943033218, -6.29318809509, -6.88649320602, -7.18732643127, -7.16598987579, -9.64043903351], "min": [-27.2006568909, -27.1400337219, -27.3256206512, -27.4095897675, -27.3891372681, -27.2103309631], "dvar2": [0.27466610074, 0.230999335647, 0.18082305789, 0.166890829802, 0.201335847378, 0.145376577973], "dvar": [0.120876073837, 0.0969398617744, 0.0836266502738, 0.0833353549242, 0.101380214095, 0.0879133492708], "dmean": [0.335684746504, 0.333364844322, 0.296515405178, 0.268725693226, 0.247944653034, 0.225438594818], "max": [-5.10610294342, -4.60312318802, -5.40100622177, -5.86078262329, -5.65270328522, -7.27714395523], "var": [2.67512655258, 1.85739696026, 2.08240389824, 2.29401946068, 2.84325528145, 4.27048015594], "mean": [-7.11122989655, -6.58562374115, -7.24792575836, -7.59136152267, -7.68415021896, -10.4276924133]}, "erbbands_flatness_db": {"dmean2": 0.0192180406302, "median": 0.136349350214, "min": 0.0354278609157, "dvar2": 0.00036522487062, "dvar": 0.000206708951737, "dmean": 0.0136672519147, "max": 0.403865218163, "var": 0.00548228016123, "mean": 0.155668213964}, "spectral_energyband_high": {"dmean2": 0.000499743793625, "median": 0.00066012039315, "min": 8.10706955225e-21, "dvar2": 1.15671775802e-06, "dvar": 6.49865683044e-07, "dmean": 0.000347777095158, "max": 0.0211113896221, "var": 2.18215222958e-06, "mean": 0.00105277239345}, "spectral_entropy": {"dmean2": 0.172443449497, "median": 7.73282909393, "min": 4.93744134903, "dvar2": 0.03508971259, "dvar": 0.017