{"tonal": {"thpcp": [1, 0.618073701859, 0.175535082817, 0.0708230435848, 0.0565028339624, 0.160067617893, 0.23011097312, 0.132417961955, 0.0714365914464, 0.0792357176542, 0.0819088742137, 0.161078721285, 0.27182084322, 0.290844142437, 0.270587176085, 0.272878676653, 0.197685331106, 0.125159963965, 0.0968946963549, 0.0928327515721, 0.363863915205, 0.645952165127, 0.45268625021, 0.282742619514, 0.271521002054, 0.160413458943, 0.241430744529, 0.338083326817, 0.245576530695, 0.232590019703, 0.230236902833, 0.124526903033, 0.13063301146, 0.196492433548, 0.221263542771, 0.625479459763], "hpcp": {"dmean2": [0.119151413441, 0.107549533248, 0.0964376926422, 0.119528800249, 0.187687426805, 0.269927471876, 0.231173381209, 0.252871483564, 0.191531077027, 0.0861684158444, 0.055128261447, 0.0787908360362, 0.090468518436, 0.0698022395372, 0.0542246326804, 0.0629095211625, 0.0763274133205, 0.102365672588, 0.13803692162, 0.167914375663, 0.15118098259, 0.0968121364713, 0.0987703576684, 0.116363808513, 0.0968396216631, 0.0995119959116, 0.208446159959, 0.170845374465, 0.253717750311, 0.167729735374, 0.124463990331, 0.106126219034, 0.113702461123, 0.112669564784, 0.13632491231, 0.133032262325], "median": [0.00360762374476, 0.00308698392473, 0.00252019311301, 0.00317521416582, 0.00995355565101, 0.0915920361876, 0.139394029975, 0.0607149228454, 0.00223185424693, 0.000582134234719, 0.00118114054203, 0.00734732951969, 0.0100749665871, 0.00650305207819, 0.00171156111173, 0.00119944778271, 0.00252454099245, 0.00653826072812, 0.0134779810905, 0.01285153348, 0.0138709805906, 0.00691624358296, 0.00476067233831, 0.00356154912151, 0.0023160292767, 0.00315387407318, 0.0169806648046, 0.0282015223056, 0.0237153153867, 0.00674121640623, 0.00331448484212, 0.00460275681689, 0.00461470754817, 0.0057770460844, 0.00530370417982, 0.00524106482044], "min": [0, 0, 0, 0, 0, 0, 0, 0, 0, 0, 0, 0, 0, 0, 0, 0, 0, 0, 0, 0, 0, 0, 0, 0, 0, 0, 0, 0, 0, 0, 0, 0, 0, 0, 0, 0], "dvar2": [0.0725367963314, 0.0716571360826, 0.0664130076766, 0.0846593081951, 0.121188059449, 0.159636616707, 0.119820147753, 0.142743676901, 0.176610961556, 0.0593805499375, 0.0368868336082, 0.043720100075, 0.0502121597528, 0.033348120749, 0.0328481346369, 0.0402052216232, 0.0519724823534, 0.0636587962508, 0.0697530210018, 0.0891720578074, 0.0804995894432, 0.0609657764435, 0.0567064322531, 0.0839531570673, 0.0723224282265, 0.0628278106451, 0.136705562472, 0.109886735678, 0.161318406463, 0.0834617316723, 0.0880514606833, 0.0546997450292, 0.0673652589321, 0.0696671903133, 0.0910054817796, 0.0894726738334], "dvar": [0.0285811275244, 0.0235718842596, 0.0236117243767, 0.0310134980828, 0.0404417999089, 0.0519977509975, 0.0500044710934, 0.0497396253049, 0.0526737682521, 0.0198324434459, 0.0130608379841, 0.015946958214, 0.0197343137115, 0.0122743109241, 0.0119268558919, 0.0144749479368, 0.0186290014535, 0.0228593032807, 0.0264763906598, 0.0341700203717, 0.0297168586403, 0.0238481145352, 0.0215437188745, 0.0309938099235, 0.026486730203, 0.0209013391286, 0.0444585382938, 0.0460328757763, 0.0533636398613, 0.0311671495438, 0.0343025922775, 0.0202042907476, 0.0254283603281, 0.0283472910523, 0.0317245014012, 0.0319414176047], "dmean": [0.0682701468468, 0.0590460859239, 0.052908308804, 0.0657823085785, 0.101793371141, 0.151796102524, 0.134809017181, 0.143964484334, 0.100960411131, 0.0449351929128, 0.0298583898693, 0.0452434159815, 0.0536264702678, 0.0398420207202, 0.0299531295896, 0.0347686335444, 0.0406025983393, 0.0561641976237, 0.0799106433988, 0.100894026458, 0.0884068906307, 0.0538016110659, 0.0567126981914, 0.0640210956335, 0.0520868822932, 0.0524985902011, 0.114359669387, 0.0985041260719, 0.14128574729, 0.092877201736, 0.0693588033319, 0.0602087415755, 0.0656678676605, 0.0638989508152, 0.07563829422, 0.0746487006545], "max": [1, 1, 1, 1, 1, 1, 1, 1, 1, 1, 1, 1, 1, 1, 1, 1, 1, 1, 1, 1, 1, 1, 1, 1, 1, 1, 1, 1, 1, 1, 1, 1, 1, 1, 1, 1], "var": [0.0459673702717, 0.0164949893951, 0.0219790004194, 0.0408368818462, 0.0330806039274, 0.0788657665253, 0.166986554861, 0.0888387709856, 0.0339348874986, 0.0120122721419, 0.00828614644706, 0.0199412237853, 0.0370229259133, 0.0149479974061, 0.00970065128058, 0.0110052004457, 0.0128744412214, 0.0233907420188, 0.0398194380105, 0.0419279448688, 0.0364786759019, 0.0657741501927, 0.0361321941018, 0.0216308645904, 0.0173888187855, 0.0124907568097, 0.0547973066568, 0.139853268862, 0.0746315345168, 0.0497190020978, 0.0643992125988, 0.0201145485044, 0.0429870635271, 0.0813437700272, 0.0462434925139, 0.045498766005], "mean": [0.0859152451158, 0.0464684814215, 0.0487470403314, 0.0733231529593, 0.0825667455792, 0.233404025435, 0.37316018343, 0.230640485883, 0.0655027031898, 0.0264283400029, 0.0210846085101, 0.059730861336, 0.0858682543039, 0.0494131110609, 0.0266572926193, 0.0295676160604, 0.030565129593, 0.060108166188, 0.101432718337, 0.108531452715, 0.100972361863, 0.101827457547, 0.0737682953477, 0.0467047132552, 0.0361572429538, 0.0346414856613, 0.13577952981, 0.241043627262, 0.168924480677, 0.105508290231, 0.101320825517, 0.0598599165678, 0.0900923386216, 0.126159235835, 0.0916393846273, 0.086793333292]}, "tuning_equal_tempered_deviation": 0.0380096361041, "chords_changes_rate": 0.0659556537867, "key_key": "B", "tuning_diatonic_strength": 0.5744779706, "key_scale": "major", "chords_number_rate": 0.00336794834584, "tuning_frequency": 442.293365479, "tuning_nontempered_energy_ratio": 0.677393317223, "chords_histogram": [36.3177108765, 1.51557672024, 5.16418743134, 0.168397411704, 1.34717929363, 0.617457211018, 0.336794823408, 0.224529892206, 0.561324715614, 0.954252064228, 0.0561324730515, 0.0561324730515, 0.224529892206, 0, 0, 2.97502112389, 8.70053291321, 5.52904844284, 0.533258497715, 4.82739257813, 1.01038455963, 7.60594987869, 13.6682567596, 7.60594987869], "key_strength": 0.764256954193, "chords_key": "B", "chords_strength": {"dmean2": 0.00927383825183, "median": 0.488853543997, "min": -1, "dvar2": 0.00145318056457, "dvar": 0.000661198049784, "dmean": 0.0105227595195, "max": 0.747062563896, "var": 0.0235059969127, "mean": 0.480643540621}, "chords_scale": "major", "hpcp_entropy": {"dmean2": 0.845287919044, "median": 1.82954216003, "min": 0, "dvar2": 0.536049425602, "dvar": 0.205401197076, "dmean": 0.504670023918, "max": 4.22968769073, "var": 0.448461771011, "mean": 1.83488619328}}, "metadata": {"audio_properties": {"equal_loudness": 0, "codec": "flac", "downmix": "mix", "sample_rate": 44100, "analysis_sample_rate": 44100, "bit_rate": 0, "md5_encoded": "d8346657e1b5b374a47df1c7b580e272", "length": 165.399993896, "replay_gain": -11.5810222626, "lossless": true}, "version": {"essentia_build_sha": "2d9f1f26377add8aeb1075a9c2973f962c4f09fd", "essentia": "2.1-beta2", "extractor": "music 1.0", "essentia_git_sha": "v2.1_beta2-1-ge3940c0"}, "tags": {"title": ["Lydia"], "barcode": ["5099750456620"], "media": ["CD"], "albumartist": ["Various Artists"], "tracktotal": ["15"], "musicbrainz_releasegroupid": ["aa91a254-0d5c-3f15-b373-08ff047eafea"], "releasetype": ["album", "compilation"], "musicbrainz_recordingid": ["0846ffd6-80b0-4557-9ba9-b1494fc3b833"], "musicbrainz_albumartistid": ["89ad4ac3-39f7-470e-963a-56509c546377"], "originalyear": ["2001"], "musicbrainz_releasetrackid": ["8488c6d1-a42f-3b7b-ab0d-df95fc9ff8b0"], "discnumber": ["2"], "album": ["Acoustic Chill"], "catalognumber": ["504566 2"], "releasecountry": ["GB"], "compilation": ["1"], "originaldate": ["2001"], "albumartistsort": ["Various Artists"], "date": ["2001"], "file_name": "6597d2b54984b987da99c1cd69aa.flac", "disctotal": ["2"], "acoustid_id": ["09166597-d2b5-4984-b987-da99c1cd69aa"], "musicbrainz_artistid": ["e479c9f2-730c-4044-b554-e967320d57e9"], "asin": ["B00005NSVX"], "musicbrainz_albumid": ["324df982-65f3-498b-8bb6-c17f5988be9d"], "tracknumber": ["6"], "artistsort": ["Williams, Kathryn"], "artist": ["Kathryn Williams"], "label": ["INCredible Records"], "releasestatus": ["official"], "totaldiscs": ["2"], "script": ["Latn"], "totaltracks": ["15"]}}, "rhythm": {"bpm_histogram_first_peak_bpm": {"dmean2": 0, "median": 103, "min": 103, "dvar2": 0, "dvar": 0, "dmean": 0, "max": 103, "var": 0, "mean": 103}, "bpm": 103.999130249, "bpm_histogram_second_peak_spread": {"dmean2": 0, "median": 0.0666666775942, "min": 0.0666666775942, "dvar2": 0, "dvar": 0, "dmean": 0, "max": 0.0666666775942, "var": 0, "mean": 0.0666666775942}, "bpm_histogram_first_peak_weight": {"dmean2": 0, "median": 0.442105263472, "min": 0.442105263472, "dvar2": 0, "dvar": 0, "dmean": 0, "max": 0.442105263472, "var": 0, "mean": 0.442105263472}, "onset_rate": 5.27146339417, "beats_position": [0.603718817234, 1.21904754639, 1.83437633514, 2.43809509277, 3.05342388153, 3.68036270142, 4.27247142792, 4.85297060013, 5.41024923325, 5.97913837433, 6.54802703857, 7.12852573395, 7.69741487503, 8.27791404724, 8.85841274261, 9.42730140686, 10.0078001022, 10.5882987976, 11.1571884155, 11.7260770798, 12.3065757751, 12.8754644394, 13.4443531036, 14.0016326904, 14.5821313858, 15.1626300812, 15.7547388077, 16.3236274719, 16.8925170898, 17.4614048004, 18.0419044495, 18.6340141296, 19.2145118713, 19.7950115204, 20.363899231, 20.94439888, 21.5248966217, 22.1053962708, 22.6742858887, 23.2431735992, 23.800453186, 24.3809528351, 24.9614505768, 25.5419502258, 26.1224479675, 26.6913375854, 27.2602272034, 27.8407249451, 28.4212245941, 29.0017223358, 29.5822219849, 30.1627197266, 30.7432193756, 31.3353290558, 31.9158267975, 32.4963264465, 33.0652160645, 33.6224937439, 34.1797714233, 34.7602729797, 35.3175506592, 35.8980484009, 36.4669380188, 37.0358276367, 37.6047172546, 38.1736030579, 38.7541046143, 39.334602356, 39.9151000977, 40.4956016541, 41.0760993958, 41.6449890137, 42.2138786316, 42.771156311, 43.340045929, 43.8973236084, 44.4662132263, 45.0234909058, 45.5923805237, 46.1728782654, 46.7417678833, 47.3106575012, 47.8795471191, 48.4600448608, 49.0405426025, 49.6210403442, 50.2015419006, 50.7820396423, 51.3509292603, 51.9198188782, 52.4770965576, 53.0459861755, 53.6148757935, 54.1837615967, 54.7526512146, 55.333152771, 55.9020385742, 56.4709281921, 57.0514259338, 57.6319274902, 58.2008171082, 58.7697029114, 59.3502044678, 59.9307022095, 60.4879798889, 61.0568695068, 61.6257591248, 62.1946487427, 62.7635345459, 63.3324241638, 63.9013137817, 64.470199585, 65.0390930176, 65.6195907593, 66.2117004395, 66.8038101196, 67.3726959229, 67.9531936646, 68.5220870972, 69.1025848389, 69.6714706421, 70.2403640747, 70.8092498779, 71.3781356812, 71.9470291138, 72.515914917, 73.0964126587, 73.6769180298, 74.2341918945, 74.8146896362, 75.4067993164, 75.9872970581, 76.5678024292, 77.15990448, 77.7404098511, 78.3209075928, 78.889793396, 79.4586868286, 80.0275726318, 80.5964584351, 81.1653518677, 81.7342376709, 82.3031311035, 82.8836288452, 83.4641265869, 84.0562362671, 84.6483459473, 85.2404556274, 85.8441696167, 86.4478912354, 87.0400009155, 87.6321105957, 88.2126083374, 88.7931060791, 89.3736038208, 89.9541015625, 90.5229949951, 91.1034927368, 91.67237854, 92.2644882202, 92.8565979004, 93.4487075806, 94.0408172607, 94.6213150024, 95.2018127441, 95.7823104858, 96.3860321045, 96.9665298462, 97.5470275879, 98.1159133911, 98.6848068237, 99.253692627, 99.8225860596, 100.403083801, 100.983581543, 101.564079285, 102.132965088, 102.725074768, 103.305580139, 103.886077881, 104.466575623, 105.070289612, 105.662399292, 106.254508972, 106.835006714, 107.403900146, 107.97278595, 108.541679382, 109.110565186, 109.691062927, 110.271560669, 110.840454102, 111.409339905, 111.989837646, 112.570335388, 113.15083313, 113.719726563, 114.288612366, 114.869110107, 115.43800354, 116.006889343, 116.575782776, 117.144668579, 117.725166321, 118.294059753, 118.874557495, 119.443443298, 120.02394104, 120.604438782, 121.184944153, 121.765441895, 122.345939636, 122.926437378, 123.50693512, 124.087432861, 124.667930603, 125.248435974, 125.828933716, 126.409431458, 126.989929199, 127.547210693, 128.104492188, 128.6849823, 129.265487671, 129.857589722, 130.449707031, 131.030197144, 131.610702515, 132.202804565, 132.794921875, 133.375411987, 133.955917358, 134.536407471, 135.116912842, 135.697418213, 136.277908325, 136.846801758, 137.41569519, 137.996185303, 138.576690674, 139.157180786, 139.737686157, 140.31817627, 140.898681641, 141.479187012, 142.059677124, 142.640182495, 143.209060669, 143.777954102, 144.346847534, 144.915740967, 145.496231079, 146.065124512, 146.634017944, 147.202896118, 147.771789551, 148.352294922, 148.932785034, 149.524902344, 150.117004395, 150.709106445, 151.301223755, 151.881713867, 152.462219238, 153.042724609, 153.623214722, 154.203720093, 154.784210205, 155.353103638, 155.92199707, 156.514099121, 157.094604492, 157.675094604, 158.267211914, 158.870925903, 159.404983521, 159.927429199, 160.449890137, 160.960723877, 161.471557617, 161.994003296, 162.516464233, 163.027297974, 163.549743652, 164.141860962, 164.722351074], "beats_loudness": {"dmean2": 0.0442300066352, "median": 0.0483743846416, "min": 0, "dvar2": 0.00118408340495, "dvar": 0.000398906733608, "dmean": 0.0254614558071, "max": 0.143218114972, "var": 0.000750998326112, "mean": 0.0509468875825}, "danceability": 0.987480223179, "bpm_histogram_second_peak_weight": {"dmean2": 0, "median": 0.0491228066385, "min": 0.0491228066385, "dvar2": 0, "dvar": 0, "dmean": 0, "max": 0.0491228066385, "var": 0, "mean": 0.0491228066385}, "beats_count": 286, "bpm_histogram_second_peak_bpm": {"dmean2": 0, "median": 108, "min": 108, "dvar2": 0, "dvar": 0, "dmean": 0, "max": 108, "var": 0, "mean": 108}, "bpm_histogram_first_peak_spread": {"dmean2": 0, "median": 0.511627912521, "min": 0.511627912521, "dvar2": 0, "dvar": 0, "dmean": 0, "max": 0.511627912521, "var": 0, "mean": 0.511627912521}, "beats_loudness_band_ratio": {"dmean2": [0.336791872978, 0.208591505885, 0.207420453429, 0.0999995321035, 0.0191564410925, 0.0238177254796], "median": [0.712803959846, 0.133112490177, 0.0681920349598, 0.0209238640964, 0.0071618501097, 0.0017655728152], "min": [0, 0, 0, 0, 0, 0], "dvar2": [0.0733570158482, 0.0361777842045, 0.0423553846776, 0.0237395726144, 0.000622261490207, 0.00235105585307], "dvar": [0.0264759175479, 0.0134810274467, 0.0155390305445, 0.00874174479395, 0.000207970617339, 0.00080528104445], "dmean": [0.201261311769, 0.119725681841, 0.116755701602, 0.0552396886051, 0.0108138676733, 0.0126034198329], "max": [0.996202349663, 0.696353077888, 0.676450908184, 0.565807819366, 0.11043279618, 0.252685189247], "var": [0.0453315712512, 0.0151533931494, 0.0158193353564, 0.00749533809721, 0.000205420234124, 0.000507650955115], "mean": [0.677755475044, 0.162866964936, 0.116398788989, 0.0494528152049, 0.0123218698427, 0.00889434572309]}}, "lowlevel": {"barkbands_spread": {"dmean2": 5.46452713013, "median": 5.84689235687, "min": 0.0672019794583, "dvar2": 104.8620224, "dvar": 42.1723632813, "dmean": 3.32206320763, "max": 108.71559906, "var": 64.2592163086, "mean": 7.84089851379}, "melbands_spread": {"dmean2": 4.16471815109, "median": 5.05436849594, "min": 0.254627913237, "dvar2": 107.5131073, "dvar": 45.5953330994, "dmean": 2.54304671288, "max": 224.729110718, "var": 252.667648315, "mean": 8.18779373169}, "hfc": {"dmean2": 5.85165309906, "median": 10.8362617493, "min": 1.03817063019e-16, "dvar2": 74.9745788574, "dvar": 32.3080368042, "dmean": 3.71164727211, "max": 146.955947876, "var": 116.315628052, "mean": 13.4200954437}, "barkbands_kurtosis": {"dmean2": 18.7657756805, "median": 11.4409341812, "min": -1.81128048897, "dvar2": 3915.18041992, "dvar": 1629.33679199, "dmean": 11.861579895, "max": 1384.87744141, "var": 3929.17480469, "mean": 23.8936977386}, "gfcc": {"mean": [-53.7223510742, 140.404037476, -72.6403961182, 22.0099163055, -41.2607460022, 16.4684524536, -42.0224456787, 6.09296274185, -16.2358112335, -0.172280028462, -14.3539733887, -7.4247045517, -9.20007133484], "icov": [[0.000343024468748, -0.00099801691249, 0.000588201277424, -0.00102703762241, 0.000948036671616, -0.00106983073056, 0.000888784183189, -0.000933148432523, 0.000902486499399, -0.00092338520335, 0.00107015005779, -0.000513249135111, 0.000384903221857], [-0.00099801691249, 0.00436961743981, -0.00135704502463, 0.00363518414088, -0.00312303914689, 0.00360336899757, -0.00262818462215, 0.0029963045381, -0.00338499411009, 0.00411990936846, -0.00469389325008, 0.00301343179308, -0.00211785663851], [0.000588201277424, -0.00135704502463, 0.0025415555574, -0.00221208226867, 0.00153552542906, -0.0021274338942, 0.000889618007932, -0.00155306456145, 0.0017381865764, -0.00166357425041, 0.000802387832664, -0.000747816811781, 6.3048908487e-05], [-0.00102703762241, 0.00363518414088, -0.00221208226867, 0.00654969085008, -0.00311354594305, 0.00338739366271, -0.00209658429958, 0.00342368055135, -0.00444089062512, 0.00276898080483, -0.00320895016193, 0.000452085165307, -0.00102957803756], [0.000948036671616, -0.00312303914689, 0.00153552542906, -0.00311354594305, 0.00755861215293, -0.00185227685142, 0.00189986114856, -0.00331543805078, 0.000795761763584, -0.00175564025994, 0.000854369194712, 0.000389314023778, -0.00122151453979], [-0.00106983073056, 0.00360336899757, -0.0021274338942, 0.00338739366271, -0.00185227685142, 0.00953687727451, -0.00367790530436, 0.00229420699179, -0.00286592403427, 0.00191924464889, -0.00310221663676, 0.000945186940953, -0.00175249914173], [0.000888784183189, -0.00262818462215, 0.000889618007932, -0.00209658429958, 0.00189986114856, -0.00367790530436, 0.00906478334218, -0.00251730624586, 0.00176418246701, -0.00185644347221, 0.00110479514115, -0.00226270407438, -3.24572720274e-05], [-0.000933148432523, 0.0029963045381, -0.00155306456145, 0.00342368055135, -0.00331543805078, 0.00229420699179, -0.00251730624586, 0.00952196121216, -0.00181076792069, -8.02958602435e-05, -0.00117611233145, 0.00202561588958, -0.0035913400352], [0.000902486499399, -0.00338499411009, 0.0017381865764, -0.00444089062512, 0.000795761763584, -0.00286592403427, 0.00176418246701, -0.00181076792069, 0.0104953348637, -0.00380515214056, 0.00223237508908, -0.00205264869146, 0.00105691992212], [-0.00092338520335, 0.00411990936846, -0.00166357425041, 0.00276898080483, -0.00175564025994, 0.00191924464889, -0.00185644347221, -8.02958602435e-05, -0.00380515214056, 0.0183541029692, -0.00807152036577, 0.00104224006645, 0.00101976119913], [0.00107015005779, -0.00469389325008, 0.000802387832664, -0.00320895016193, 0.000854369194712, -0.00310221663676, 0.00110479514115, -0.00117611233145, 0.00223237508908, -0.00807152036577, 0.0185697581619, -0.00648724799976, 0.00402725348249], [-0.000513249135111, 0.00301343179308, -0.000747816811781, 0.000452085165307, 0.000389314023778, 0.000945186940953, -0.00226270407438, 0.00202561588958, -0.00205264869146, 0.00104224006645, -0.00648724799976, 0.0196913462132, -0.00594625761732], [0.000384903221857, -0.00211785663851, 6.3048908487e-05, -0.00102957803756, -0.00122151453979, -0.00175249914173, -3.24572720274e-05, -0.0035913400352, 0.00105691992212, 0.00101976119913, 0.00402725348249, -0.00594625761732, 0.0149282943457]], "cov": [[20479.4472656, 1056.54272461, -2046.6328125, 48.1902732849, -1098.91210938, 428.522491455, -828.466186523, 411.455291748, -529.250183105, 35.3147926331, -548.122070313, -134.883575439, -179.402603149], [1056.54272461, 1601.53149414, -365.355102539, -264.286529541, 350.314208984, -232.443344116, 41.5777206421, -75.7328033447, 151.474060059, -159.894546509, 101.365913391, -123.698776245, 90.1101379395], [-2046.6328125, -365.355102539, 914.153564453, 191.635070801, 5.82749509811, 99.7814178467, 110.140296936, 9.9651517868, 16.6232681274, 65.0606460571, 74.7425918579, 70.8433609009, 27.553768158], [48.1902732849, -264.286529541, 191.635070801, 422.87121582, 4.81469106674, 23.4864673615, -0.388301461935, -33.4626121521, 77.7887573242, 37.3363380432, 24.0639762878, 52.8548049927, -8.77756595612], [-1098.91210938, 350.314208984, 5.82749509811, 4.81469106674, 366.473724365, -87.8633956909, 56.1598777771, 3.79165220261, 110.023002625, -34.1720542908, 67.113067627, -23.7850952148, 66.0115814209], [428.522491455, -232.443344116, 99.7814178467, 23.4864673615, -87.8633956909, 215.368652344, 23.7905979156, 32.8905220032, -28.6531867981, 38.0951957703, -11.6820802689, 31.377910614, -1.69256949425], [-828.466186523, 41.5777206421, 110.140296936, -0.388301461935, 56.1598777771, 23.7905979156, 186.806488037, 5.18325471878, 31.1363773346, 3.04902982712, 42.4131889343, 21.1455364227, 30.3766994476], [411.455291748, -75.7328033447, 9.9651517868, -33.4626121521, 3.79165220261, 32.8905220032, 5.18325471878, 181.511520386, -25.502664566, 23.4131584167, -25.8834667206, 0.873570919037, 31.6834487915], [-529.250183105, 151.474060059, 16.6232681274, 77.7887573242, 110.023002625, -28.6531867981, 31.1363773346, -25.502664566, 184.881088257, 2.87489461899, 45.8509521484, 6.62608528137, 16.9855060577], [35.3147926331, -159.894546509, 65.0606460571, 37.3363380432, -34.1720542908, 38.0951957703, 3.04902982712, 23.4131584167, 2.87489461899, 96.2710266113, 23.3264827728, 21.0434207916, -18.6697921753], [-548.122070313, 101.365913391, 74.7425918579, 24.0639762878, 67.113067627, -11.6820802689, 42.4131889343, -25.8834667206, 45.8509521484, 23.3264827728, 114.55531311, 20.6384277344, 0.319706201553], [-134.883575439, -123.698776245, 70.8433609009, 52.8548049927, -23.7850952148, 31.377910614, 21.1455364227, 0.873570919037, 6.62608528137, 21.0434207916, 20.6384277344, 80.0955429077, 15.6978406906], [-179.402603149, 90.1101379395, 27.553768158, -8.77756595612, 66.0115814209, -1.69256949425, 30.3766994476, 31.6834487915, 16.9855060577, -18.6697921753, 0.319706201553, 15.6978406906, 102.804824829]]}, "spectral_energyband_middle_low": {"dmean2": 0.00951839704067, "median": 0.0147582208738, "min": 1.42363329428e-22, "dvar2": 0.000167998703546, "dvar": 6.60823934595e-05, "dmean": 0.00596015620977, "max": 0.114536449313, "var": 0.00020672530809, "mean": 0.0179853215814}, "melbands_crest": {"dmean2": 5.03559017181, "median": 18.5603713989, "min": 1.6150457859, "dvar2": 20.9353199005, "dvar": 7.84320020676, "dmean": 2.97648525238, "max": 31.2624149323, "var": 27.4908180237, "mean": 18.5403156281}, "spectral_kurtosis": {"dmean2": 9.90351104736, "median": 10.5886058807, "min": -1.26077401638, "dvar2": 114.102806091, "dvar": 52.7524795532, "dmean": 6.49498224258, "max": 123.713973999, "var": 107.434631348, "mean": 12.7070541382}, "spectral_rms": {"dmean2": 0.00155482045375, "median": 0.00700926873833, "min": 3.14094215047e-12, "dvar2": 2.2589792934e-06, "dvar": 8.95519860933e-07, "dmean": 0.000951435707975, "max": 0.0133782709017, "var": 4.74868966194e-06, "mean": 0.00673886947334}, "zerocrossingrate": {"dmean2": 0.00920008774847, "median": 0.01806640625, "min": 0, "dvar2": 0.000272690405836, "dvar": 0.000171520689037, "dmean": 0.00674203736708, "max": 0.52392578125, "var": 0.00313077750616, "mean": 0.0272689834237}, "silence_rate_60dB": {"dmean2": 0.0101081002504, "median": 0, "min": 0, "dvar2": 0.0114070214331, "dvar": 0.00502889044583, "dmean": 0.00505334092304, "max": 1, "var": 0.044291626662, "mean": 0.0464561395347}, "erbbands_kurtosis": {"dmean2": 2.61618089676, "median": 0.682626605034, "min": -1.8321160078, "dvar2": 23.0498104095, "dvar": 9.58133506775, "dmean": 1.64063477516, "max": 88.3300170898, "var": 40.4617271423, "mean": 2.37616229057}, "erbbands": {"dmean2": [0.208298787475, 2.50164604187, 11.5136461258, 12.4446372986, 17.3803901672, 16.6480026245, 16.191286087, 10.3431930542, 11.2074394226, 25.945728302, 15.1010437012, 7.51236772537, 11.2879676819, 11.0563755035, 7.10568332672, 4.77704381943, 7.05972671509, 9.83647155762, 8.00050640106, 5.41089773178, 7.28807735443, 3.54573917389, 3.27535915375, 2.09941148758, 1.71837329865, 1.40484058857, 1.87996244431, 2.17939949036, 3.74546217918, 2.46735620499, 1.83073282242, 1.67377758026, 1.45130062103, 1.05060875416, 0.567735016346, 0.174579918385, 0.0341237671673, 0.00434590457007, 0.000322892097756, 3.28057758452e-05], "median": [0.074229054153, 2.97977900505, 12.1173324585, 10.2287759781, 10.0433559418, 12.3764123917, 10.2711191177, 10.6728935242, 10.0383367538, 15.5464906693, 9.00814914703, 5.67148208618, 5.66137123108, 5.74552297592, 4.03512382507, 3.01844930649, 4.61201620102, 5.82258605957, 5.21673059464, 3.94928097725, 3.39026594162, 2.3305978775, 1.58686900139, 0.827929258347, 0.3980704844, 0.283293098211, 0.234112620354, 0.20370978117, 0.190195292234, 0.112976260483, 0.0827264487743, 0.102221593261, 0.100088231266, 0.0811395049095, 0.0412599518895, 0.0118672288954, 0.00174773333129, 0.000218424640479, 5.08913362864e-05, 6.09569615335e-05], "min": [5.71217968003e-23, 4.83504486086e-22, 1.20989523117e-21, 3.52320497083e-21, 1.12920347968e-20, 1.98444926413e-20, 5.40421844976e-20, 6.54222704088e-20, 1.08976379888e-19, 2.22997320742e-19, 1.97253624772e-19, 4.335824862e-19, 5.25048602819e-19, 4.44973590416e-19, 8.21489454842e-19, 1.46632115159e-18, 1.59462162088e-18, 2.35980070383e-18, 2.64159549592e-18, 3.6916396586e-18, 2.77304483502e-18, 4.88157040263e-18, 5.01599138807e-18, 5.08041138699e-18, 5.13064441123e-18, 8.21445024904e-18, 8.12861454405e-18, 1.01853685315e-17, 1.03792001101e-17, 1.09160320558e-17, 1.15019290468e-17, 1.15346729913e-17, 7.1095784874e-18, 8.42078300821e-18, 6.52214459487e-18, 4.25158178989e-18, 2.29484117635e-18, 1.05505305148e-18, 2.49628374714e-19, 2.45931717481e-20], "dvar2": [0.220921590924, 10.9611034393, 199.781784058, 319.210906982, 1199.97375488, 727.45123291, 898.923156738, 276.118682861, 537.903259277, 5916.62841797, 1292.89208984, 292.307128906, 1619.91564941, 1191.15270996, 740.168945313, 218.872085571, 340.920928955, 1074.73498535, 259.973968506, 97.7199554443, 204.431808472, 62.234828949, 88.4629669189, 28.3074703217, 38.287311554, 52.9434242249, 46.4155578613, 42.6706085205, 210.771652222, 56.2715072632, 20.9916095734, 15.4417562485, 13.7827548981, 9.6077299118, 4.76859855652, 0.30593791604, 0.0098830210045, 0.000220645451918, 7.59520105476e-07, 1.55034640681e-09], "dvar": [0.0878629460931, 4.67531442642, 69.5750274658, 119.811546326, 428.36819458, 266.680847168, 404.750427246, 111.427947998, 309.207580566, 3369.58666992, 639.699890137, 171.119155884, 986.688537598, 998.715881348, 563.56072998, 108.343650818, 149.056228638, 482.361419678, 111.305732727, 40.3824882507, 73.8250808716, 25.3822994232, 38.3285140991, 12.9147052765, 18.204864502, 31.7880191803, 25.6900691986, 16.3940181732, 76.474861145, 20.7291660309, 7.65559053421, 5.66001987457, 5.28581428528, 4.07473039627, 1.96515655518, 0.138598740101, 0.00451406929642, 0.000101892146631, 3.34811431912e-07, 6.13083417367e-10], "dmean": [0.125090762973, 1.54372560978, 6.75909566879, 7.46890974045, 10.2513828278, 10.2124586105, 10.3656997681, 6.55938482285, 7.75118207932, 18.950504303, 10.6589803696, 5.20292425156, 8.67273616791, 9.02932262421, 5.26205444336, 3.16226792336, 4.58957242966, 6.52622842789, 5.03436183929, 3.39236998558, 4.30964803696, 2.20611214638, 2.11517953873, 1.36791419983, 1.11196494102, 0.922530293465, 1.17836737633, 1.28892350197, 2.15241765976, 1.41133224964, 1.03201282024, 0.938629746437, 0.820236444473, 0.603830516338, 0.33091917634, 0.101802632213, 0.0197895206511, 0.00252469722182, 0.00018607142556, 1.95260236069e-05], "max": [4.04495096207, 23.2160949707, 123.840873718, 155.615844727, 352.618164063, 345.612457275, 665.14050293, 297.392272949, 602.278320313, 1589.2791748, 630.249023438, 510.444213867, 1087.86352539, 1664.88269043, 1590.21057129, 494.378997803, 384.987243652, 906.966247559, 287.225219727, 216.539916992, 171.335281372, 150.880584717, 150.318023682, 85.5347061157, 152.073654175, 389.26385498, 247.469650269, 143.334747314, 282.099365234, 140.820510864, 44.7154693604, 28.3725757599, 56.6420936584, 77.2403640747, 69.4870834351, 15.6538953781, 2.80078244209, 0.60280829668, 0.0223351288587, 0.000688569620252], "var": [0.291922718287, 15.7995910645, 189.084121704, 268.754516602, 888.244689941, 572.586730957, 1334.77307129, 502.75604248, 1624.97253418, 12114.6298828, 3343.45629883, 908.688720703, 9771.92578125, 16865.9433594, 3309.30810547, 387.42666626, 254.557754517, 1013.09655762, 246.049758911, 166.919769287, 122.276939392, 47.820224762, 53.7228469849, 20.0909576416, 25.7261047363, 66.3990325928, 49.0307044983, 16.8443622589, 51.0027770996, 14.9247102737, 5.49932527542, 4.34787797928, 5.24995470047, 4.82846069336, 2.45560193062, 0.240603238344, 0.00742514431477, 0.000150059277075, 4.25172601126e-07, 1.40545741711e-09], "mean": [0.312665909529, 4.19995689392, 15.888923645, 15.9019870758, 18.3927574158, 20.4634113312, 23.612569809, 17.2315979004, 22.9041595459, 50.5733718872, 30.6178798676, 13.2962684631, 28.304813385, 34.8716659546, 14.769785881, 7.7229642868, 9.24210929871, 13.2150335312, 10.2227869034, 7.31847476959, 7.18052721024, 4.21105527878, 3.51968455315, 2.17105054855, 1.35568761826, 1.09706509113, 1.2438172102, 1.13342416286, 1.64160048962, 1.07471680641, 0.75897705555, 0.717073142529, 0.675403594971, 0.550689816475, 0.341320514679, 0.105757661164, 0.0180854424834, 0.00230194581673, 0.000189708196558, 6.38904675725e-05]}, "spectral_strongpeak": {"dmean2": 0.479273349047, "median": 0.620223522186, "min": 0, "dvar2": 0.987990677357, "dvar": 0.375756263733, "dmean": 0.274884313345, "max": 8.24567604065, "var": 0.577166140079, "mean": 0.772916316986}, "spectral_energy": {"dmean2": 0.0227360073477, "median": 0.0503580905497, "min": 1.01121561649e-20, "dvar2": 0.000541514251381, "dvar": 0.000207045726711, "dmean": 0.0138063402846, "max": 0.1834525913, "var": 0.000703871133737, "mean": 0.0514151863754}, "average_loudness": 0.949307203293, "spectral_rolloff": {"dmean2": 271.626953125, "median": 301.46484375, "min": 64.599609375, "dvar2": 1087351, "dvar": 453593.375, "dmean": 152.532791138, "max": 19659.8144531, "var": 4492999.5, "mean": 634.080932617}, "spectral_centroid": {"dmean2": 202.020584106, "median": 407.444763184, "min": 86.9153137207, "dvar2": 169433.53125, "dvar": 77028.984375, "dmean": 125.466941833, "max": 11703.4287109, "var": 1423974.375, "mean": 594.086669922}, "pitch_salience": {"dmean2": 0.117186531425, "median": 0.444390416145, "min": 0.0555332675576, "dvar2": 0.0111198397353, "dvar": 0.00435062684119, "dmean": 0.0708754807711, "max": 0.817927122116, "var": 0.0161450840533, "mean": 0.446110218763}, "spectral_energyband_middle_high": {"dmean2": 0.000955857802182, "median": 0.0011982456781, "min": 1.11788663512e-21, "dvar2": 4.51341657026e-06, "dvar": 2.75157276519e-06, "dmean": 0.00071360002039, "max": 0.0514079816639, "var": 3.70962188754e-05, "mean": 0.00282261986285}, "spectral_contrast_coeffs": {"dmean2": [0.0807132944465, 0.0633158758283, 0.0529060028493, 0.0492308996618, 0.0400930270553, 0.0362220332026], "median": [-0.587541520596, -0.696365952492, -0.761549830437, -0.766788959503, -0.794425904751, -0.825190782547], "min": [-0.972779452801, -0.98391276598, -0.974872350693, -0.970347881317, -0.969272911549, -0.965113818645], "dvar2": [0.00425778748468, 0.00274594966322, 0.0019353274256, 0.00178452639375, 0.00113470898941, 0.00119918875862], "dvar": [0.00154161662795, 0.00113741576206, 0.000835406186525, 0.000753391359467, 0.000508588214871, 0.000518346379977], "dmean": [0.0476572103798, 0.0394926965237, 0.0332015566528, 0.0303824394941, 0.0258432272822, 0.0233387164772], "max": [-0.292366921902, -0.382435113192, -0.455934107304, -0.483677536249, -0.582010686398, -0.624948382378], "var": [0.00928927212954, 0.00710249738768, 0.00639005983248, 0.00380390975624, 0.00256985216402, 0.00145175901707], "mean": [-0.592275202274, -0.689664125443, -0.753155350685, -0.764871120453, -0.795090258121, -0.820621669292]}, "melbands_skewness": {"dmean2": 1.54657793045, "median": 3.53416371346, "min": -0.69697701931, "dvar2": 3.1734483242, "dvar": 1.26976633072, "dmean": 0.955412507057, "max": 16.8607063293, "var": 3.63486838341, "mean": 3.71413135529}, "spectral_spread": {"dmean2": 2120834.25, "median": 3595738.5, "min": 853918.625, "dvar2": 5800958885890.0, "dvar": 2679057940480.0, "dmean": 1371771.875, "max": 42981400, "var": 20419358752800.0, "mean": 4499377}, "dissonance": {"dmean2": 0.0454747229815, "median": 0.439775168896, "min": 0.193420931697, "dvar2": 0.00179045274854, "dvar": 0.000644517480396, "dmean": 0.0275173541158, "max": 0.500000119209, "var": 0.00201667519286, "mean": 0.430868655443}, "spectral_skewness": {"dmean2": 0.959295511246, "median": 2.73214316368, "min": -0.0602206215262, "dvar2": 0.800709545612, "dvar": 0.374825119972, "dmean": 0.639700591564, "max": 9.21307086945, "var": 0.987718462944, "mean": 2.75777745247}, "spectral_flux": {"dmean2": 0.0468966178596, "median": 0.0715523287654, "min": 6.44861386512e-11, "dvar2": 0.00239801243879, "dvar": 0.000882943626493, "dmean": 0.0283619966358, "max": 0.293615937233, "var": 0.00189148657955, "mean": 0.0788368210196}, "spectral_contrast_valleys": {"dmean2": [0.665193617344, 0.485584080219, 0.523113965988, 0.528310239315, 0.591619670391, 0.973601281643], "median": [-6.62254190445, -6.66405057907, -7.8166308403, -8.24713516235, -8.7194814682, -10.838602066], "min": [-27.9515266418, -27.9130516052, -27.7620639801, -27.637845993, -27.5359477997, -27.4066448212], "dvar2": [0.346332043409, 0.213715523481, 0.257765233517, 0.297859609127, 0.358640372753, 0.79995816946], "dvar": [0.142224237323, 0.104059241712, 0.119148857892, 0.144311130047, 0.177068859339, 0.417616426945], "dmean": [0.387589454651, 0.299424052238, 0.325002640486, 0.332408189774, 0.395478278399, 0.676193058491], "max": [-5.19547510147, -5.04094982147, -5.23850154877, -6.19962835312, -6.35141563416, -8.00831985474], "var": [5.68512487411, 5.76455211639, 5.27579498291, 5.12945461273, 4.80438041687, 4.32140350342], "mean": [-6.98666238785, -7.05342054367, -8.18385791779, -8.63500118256, -9.04098892212, -11.0264310837]}, "erbbands_flatness_db": {"dmean2": 0.0444782674313, "median": 0.183146998286, "min": 0.0564567781985, "dvar2": 0.0016386344796, "dvar": 0.000813068880234, "dmean": 0.0303462706506, "max": 0.338344603777, "var": 0.0024107596837, "mean": 0.183112367988}, "spectral_energyband_high": {"dmean2": 0.000402211910114, "median": 4.19818425144e-05, "min": 7.16686811836e-21, "dvar2": 8.54298662034e-07, "dvar": 3.43048355944e-07, "dmean": 0.000235419473029, "max": 0.0120881861076, "var": 3.83401214776e-07, "mean": 0.000214026935282}, "spectral_entropy": {"dmean2": 0.543614029884, "median": 6.68181991577, "min": 4.77661943436, "dvar2": 0.287068098783, "dvar": 0.133016362786, "dmean": 0.36115783453, "max": 9.81942558289, "var": 0.463864296675, "mean": 6.7249917984}, "silence_rate_20dB": {"dmean2": 0, "median": 1, "min": 1, "dvar2": 0, "dvar": 0, "dmean": 0, "max": 1, "var": 0, "mean": 1}, "melbands_flatness_db": {"dmean2": 0.0625235363841, "median": 0.341648548841, "min": 0.00333974836394, "dvar2": 0.00332660228014, "dvar": 0.00167594302911, "dmean": 0.0429006665945, "max": 0.753018021584, "var": 0.00919360108674, "mean": 0.345746159554}, "barkbands": {"dmean2": [0.000327010347974, 0.00940630864352, 0.0109697626904, 0.00470658624545, 0.00502829765901, 0.00144932453986, 0.00129964575171, 0.00071610964369, 0.00038779922761, 0.000441236363258, 0.000238419510424, 0.00014786531392, 0.000142897697515, 0.000225350566325, 0.000132290209876, 0.000119376025395, 6.52545350022e-05, 6.16947581875e-05, 3.33943462465e-05, 2.98032719002e-05, 5.07500444655e-05, 9.44361599977e-05, 6.49556677672e-05, 8.44244423206e-05, 8.50857031764e-05, 2.53563557635e-05, 1.8243276827e-06], "median": [2.09550016734e-05, 0.00980027765036, 0.00986120477319, 0.00213300716132, 0.00425177067518, 0.00127905514091, 0.000837684143335, 0.000349798880052, 0.000216325279325, 0.000149360726937, 9.82494821073e-05, 6.82929312461e-05, 8.35184619064e-05, 0.000115214097605, 8.17819454824e-05, 5.91759453528e-05, 3.56802956958e-05, 2.53799080383e-05, 1.01968198578e-05, 5.52214123672e-06, 5.44094882571e-06, 5.14339171787e-06, 2.78986635749e-06, 5.99507211518e-06, 6.71219413562e-06, 1.47864000155e-06, 1.36188944566e-07], "min": [9.67448758971e-25, 2.00783027243e-24, 8.74458032679e-25, 9.7742548284e-25, 6.11868798753e-24, 7.11958642103e-24, 1.18307757653e-23, 1.03116757864e-23, 1.86151262783e-23, 1.28789573381e-23, 1.22719367602e-23, 2.73886984266e-23, 2.83653113827e-23, 3.16604464927e-23, 4.63658171971e-23, 3.33229834723e-23, 8.24255958079e-23, 8.91327247269e-23, 1.01853832576e-22, 1.59869175279e-22, 2.25633176798e-22, 2.88064663823e-22, 3.30089063915e-22, 5.66896550099e-22, 9.02397502746e-22, 1.34100497384e-21, 1.83677878398e-21], "dvar2": [6.58869737435e-07, 0.000203268136829, 0.000193573563593, 5.93286276853e-05, 7.0567104558e-05, 5.14429621035e-06, 9.52488517214e-06, 3.46510933014e-06, 8.99762198969e-07, 2.54059432336e-06, 8.00359089226e-07, 3.47978442505e-07, 1.34839012844e-07, 4.02313105496e-07, 5.74973064715e-08, 5.24228411791e-08, 1.92831830503e-08, 3.39496395441e-08, 9.21436793533e-09, 2.17867768271e-08, 2.6835030198e-08, 1.14782203298e-07, 2.69251430041e-08, 4.11295957292e-08, 6.50400551194e-08, 6.59855636798e-09, 2.45645379038e-11], "dvar": [2.33010567285e-07, 8.58311832417e-05, 6.64465915179e-05, 2.22576582019e-05, 2.57690280705e-05, 2.17690262616e-06, 5.25644281879e-06, 1.83291342637e-06, 5.15384044775e-07, 1.61347179528e-06, 6.63045057081e-07, 1.66084987541e-07, 5.82772479163e-08, 1.828454117e-07, 2.3888500067e-08, 1.91959710349e-08, 7.59853158172e-09, 1.5072664894e-08, 4.04236022433e-09, 1.42618077348e-08, 1.17381304676e-08, 4.1896768721e-08, 9.87136328234e-09, 1.54567789679e-08, 2.82794410111e-08, 2.96092195207e-09, 1.103958331e-11], "dmean": [0.000187179117347, 0.0058006090112, 0.0064016347751, 0.00282797473483, 0.00304825347848, 0.000921759405173, 0.000930471462198, 0.000517702312209, 0.00027058480191, 0.000346998305758, 0.00018366020231, 9.76816809271e-05, 9.13059993763e-05, 0.000147641592775, 8.26761606731e-05, 7.14265916031e-05, 4.03124395234e-05, 3.9801816456e-05, 2.14825486182e-05, 1.97183762793e-05, 3.07400878228e-05, 5.44018766959e-05, 3.67885659216e-05, 4.75086490042e-05, 4.93900624861e-05, 1.48041335706e-05, 1.04507944343e-06], "max": [0.00825498811901, 0.105493336916, 0.0987928509712, 0.0669227987528, 0.0778591930866, 0.0286188200116, 0.055911667645, 0.0401570647955, 0.0323609150946, 0.0476852096617, 0.0387891829014, 0.0177424140275, 0.00744271790609, 0.0164231285453, 0.00609150854871, 0.00275054038502, 0.00240224413574, 0.00337370368652, 0.00128548254725, 0.00791720021516, 0.00370237603784, 0.00660654716194, 0.0017716602888, 0.00224594422616, 0.00570764532313, 0.00273590022698, 0.000133338748128], "var": [1.9780171101e-07, 0.000300660118228, 0.000189997081179, 4.16618095187e-05, 5.45505572518e-05, 1.08085350803e-05, 2.11971928366e-05, 8.30648150441e-06, 2.70529903901e-06, 1.97727677005e-05, 7.46772275306e-06, 3.73343880256e-07, 9.35576949246e-08, 3.90794127725e-07, 7.70782975223e-08, 3.0684674357e-08, 1.34517250672e-08, 2.0637299869e-08, 5.31642463386e-09, 3.16914920973e-08, 1.65937272811e-08, 2.87044485958e-08, 7.1803163415e-09, 1.39239269004e-08, 3.79661848626e-08, 5.07636155334e-09, 1.3853681223e-11], "mean": [0.000186076838872, 0.0159626919776, 0.014327599667, 0.00456055812538, 0.00630773976445, 0.00235837814398, 0.00252602016553, 0.00144088582601, 0.000659914920107, 0.00116357998922, 0.000589947856497, 0.000207356570172, 0.000170292361872, 0.000281979475403, 0.000168975791894, 0.000117308569315, 7.02663455741e-05, 6.21000290266e-05, 2.96564066957e-05, 2.31073863688e-05, 2.9351658668e-05, 4.2027560994e-05, 2.71526787401e-05, 3.80491364922e-05, 4.8782741942e-05, 1.44218101923e-05, 9.57719862527e-07]}, "erbbands_skewness": {"dmean2": 0.613391757011, "median": 0.870455861092, "min": -3.43651175499, "dvar2": 0.393503904343, "dvar": 0.168838799, "dmean": 0.389097929001, "max": 7.38843250275, "var": 0.821715116501, "mean": 0.963562011719}, "erbbands_spread": {"dmean2": 17.3974514008, "median": 29.1770114899, "min": 3.45735263824, "dvar2": 612.391845703, "dvar": 253.524276733, "dmean": 10.8085002899, "max": 174.712158203, "var": 405.436584473, "mean": 