{"tonal": {"thpcp": [1, 0.569651603699, 0.329921543598, 0.283976703882, 0.303050726652, 0.345058470964, 0.371554136276, 0.390787929296, 0.519234955311, 0.560184419155, 0.388480186462, 0.27895501256, 0.27227294445, 0.276499867439, 0.360633283854, 0.392622977495, 0.270858258009, 0.196400776505, 0.211248904467, 0.293036550283, 0.485883176327, 0.558311343193, 0.458106458187, 0.40381732583, 0.353460341692, 0.395131111145, 0.468412131071, 0.351764559746, 0.318180769682, 0.556242823601, 0.593353152275, 0.363947868347, 0.300502717495, 0.353689283133, 0.496018350124, 0.931093156338], "hpcp": {"dmean2": [0.254523843527, 0.218658164144, 0.229482233524, 0.241956084967, 0.250832617283, 0.265635579824, 0.266360670328, 0.25396323204, 0.229400232434, 0.203041225672, 0.176358103752, 0.15942338109, 0.174097508192, 0.178299069405, 0.145795613527, 0.125731036067, 0.142776504159, 0.194356754422, 0.222637280822, 0.233996853232, 0.234276071191, 0.21551400423, 0.192669466138, 0.228210493922, 0.297742694616, 0.217638149858, 0.205111280084, 0.266558408737, 0.260569900274, 0.223131388426, 0.251723855734, 0.297221422195, 0.326990485191, 0.365042537451, 0.359383761883, 0.323252558708], "median": [0.0348291695118, 0.0300403311849, 0.0315968841314, 0.0445407107472, 0.0493261143565, 0.0505171380937, 0.0750994607806, 0.0781832709908, 0.0518051572144, 0.0368815883994, 0.0310049336404, 0.031699385494, 0.0418684147298, 0.0408337526023, 0.0423443727195, 0.0315698832273, 0.0306470282376, 0.0430843830109, 0.0755786299706, 0.085895486176, 0.0814783126116, 0.0528017394245, 0.0341142229736, 0.0494344159961, 0.0505466274917, 0.0427480265498, 0.0350840054452, 0.0565560348332, 0.061842083931, 0.0451337359846, 0.0269337408245, 0.0290664099157, 0.0708971768618, 0.16356998682, 0.176350861788, 0.100095801055], "min": [0, 0, 0, 0, 0, 0, 0, 0, 0, 0, 0, 0, 0, 0, 0, 0, 0, 0, 0, 0, 0, 0, 0, 0, 0, 0, 0, 0, 0, 0, 0, 0, 0, 0, 0, 0], "dvar2": [0.134648084641, 0.110359124839, 0.120898507535, 0.127006590366, 0.117687053978, 0.12845313549, 0.117987722158, 0.117902070284, 0.110827848315, 0.100565880537, 0.0874713808298, 0.0618492774665, 0.0679462254047, 0.0797788277268, 0.0499527305365, 0.0527276098728, 0.0603694729507, 0.090725146234, 0.0937627926469, 0.100571803749, 0.0987180545926, 0.0941997915506, 0.0926634594798, 0.0912889614701, 0.158635824919, 0.0828717723489, 0.094235919416, 0.12995903194, 0.124537400901, 0.101688049734, 0.142835527658, 0.183034032583, 0.154722362757, 0.170675873756, 0.171134918928, 0.150045141578], "dvar": [0.0479326508939, 0.0395576544106, 0.0445752292871, 0.046404056251, 0.0435389354825, 0.0464099161327, 0.0438853986561, 0.0453606024384, 0.0394248366356, 0.0360379368067, 0.0316478908062, 0.0234894361347, 0.0262911356986, 0.0316980406642, 0.018773810938, 0.0189028196037, 0.0219142716378, 0.0328267849982, 0.0357420071959, 0.0412199646235, 0.0373131595552, 0.0351057238877, 0.0348232798278, 0.0335747748613, 0.0584990642965, 0.031254902482, 0.0350882299244, 0.0495172925293, 0.0480255298316, 0.0371131673455, 0.0523767061532, 0.0669791847467, 0.0561232306063, 0.0635738894343, 0.0658199489117, 0.0546993725002], "dmean": [0.139275938272, 0.12023499608, 0.127325132489, 0.135431572795, 0.141633033752, 0.147630244493, 0.152935370803, 0.148778319359, 0.130171149969, 0.112899981439, 0.0986059084535, 0.0909702852368, 0.101901337504, 0.104564495385, 0.0846430584788, 0.0707506760955, 0.0801942497492, 0.108242474496, 0.128065019846, 0.137521266937, 0.137528330088, 0.125335976481, 0.111514247954, 0.131303593516, 0.167960673571, 0.125263050199, 0.117033436894, 0.153499186039, 0.152625694871, 0.127846330404, 0.136682704091, 0.161974430084, 0.183551728725, 0.207428961992, 0.203336045146, 0.183117702603], "max": [1, 1, 1, 1, 1, 1, 1, 1, 1, 1, 1, 1, 1, 1, 1, 1, 1, 1, 1, 1, 1, 1, 1, 1, 1, 1, 1, 1, 1, 1, 1, 1, 1, 1, 1, 1], "var": [0.0416496954858, 0.0343951359391, 0.0381506718695, 0.0408801399171, 0.0426241494715, 0.0467963777483, 0.0644165799022, 0.076829507947, 0.0441008619964, 0.0294447075576, 0.0339491032064, 0.033827137202, 0.0403292290866, 0.0567097775638, 0.0213966276497, 0.0154428603128, 0.0184683334082, 0.0312958806753, 0.0584401488304, 0.0745706483722, 0.0460708290339, 0.0476537272334, 0.0486353263259, 0.0427781976759, 0.0664432048798, 0.036934569478, 0.0380141064525, 0.0832614824176, 0.0899663418531, 0.0414341725409, 0.0416967794299, 0.0548528805375, 0.0597047433257, 0.127869859338, 0.142439380288, 0.0641397312284], "mean": [0.119923055172, 0.103222586215, 0.110155798495, 0.125425174832, 0.135056078434, 0.142047360539, 0.188736513257, 0.203621223569, 0.141208514571, 0.101397253573, 0.0989683866501, 0.10050483793, 0.131086453795, 0.142714381218, 0.098454169929, 0.0713896453381, 0.0767867863178, 0.106515750289, 0.176613494754, 0.202940389514, 0.166516944766, 0.146783411503, 0.128479167819, 0.143626064062, 0.170262947679, 0.127862766385, 0.11565540731, 0.202188491821, 0.215677708387, 0.132291272283, 0.109229624271, 0.128562390804, 0.180297523737, 0.338442713022, 0.363489627838, 0.207062453032]}, "tuning_equal_tempered_deviation": 0.228433549404, "chords_changes_rate": 0.0618585310876, "key_key": "G#", "tuning_diatonic_strength": 0.571772575378, "key_scale": "minor", "chords_number_rate": 0.00332871009596, "tuning_frequency": 434.193115234, "tuning_nontempered_energy_ratio": 0.914059042931, "chords_histogram": [17.1151180267, 17.4479885101, 1.22052705288, 5.74202489853, 0.388349503279, 3.66158103943, 1.60887658596, 20.7212200165, 0, 0.416088759899, 0, 0, 0, 0, 0.527045786381, 0, 4.96532583237, 0, 1.08183073997, 0, 0.915395259857, 2.24687933922, 4.3273229599, 17.6144237518], "key_strength": 0.624202609062, "chords_key": "G#", "chords_strength": {"dmean2": 0.0133751546964, "median": 0.568166911602, "min": -1, "dvar2": 0.00117824797053, "dvar": 0.000630292168353, "dmean": 0.0119344992563, "max": 0.825862705708, "var": 0.0442183203995, "mean": 0.535247862339}, "chords_scale": "major", "hpcp_entropy": {"dmean2": 1.14969801903, "median": 2.21892929077, "min": 0, "dvar2": 0.945894956589, "dvar": 0.34946885705, "dmean": 0.688037455082, "max": 4.48051977158, "var": 0.848380208015, "mean": 2.15703701973}}, "metadata": {"audio_properties": {"equal_loudness": 0, "codec": "flac", "downmix": "mix", "sample_rate": 44100, "analysis_sample_rate": 44100, "bit_rate": 0, "md5_encoded": "59651a8f58c2314b041f60b7bd2791d1", "length": 167.36000061, "replay_gain": -17.6921043396, "lossless": true}, "version": {"essentia_build_sha": "70f2e5ece6736b2c40cc944ad0e695b16b925413", "essentia": "2.1-beta2", "extractor": "music 1.0", "essentia_git_sha": "v2.1_beta2"}, "tags": {"title": ["[\u30b0\u30fc\u30cb\u30fc\u30ba] My Key! Go Home!.nes"], "language": ["jpn"], "albumartist": ["IOSYS"], "date": ["2005-08-08"], "file_name": "13 [\u30b0\u30fc\u30cb\u30fc\u30ba] My Key! Go Home!.nes.flac", "tracktotal": ["26"], "albumartistsort": ["IOSYS"], "releasetype": ["album"], "musicbrainz_artistid": ["9a4cafe7-3349-404b-a268-780e911d1801"], "musicbrainz_recordingid": ["084c26aa-2bfb-4a2c-8add-e389b81ec1b3"], "releasecountry": ["JP"], "musicbrainz_albumartistid": ["9a4cafe7-3349-404b-a268-780e911d1801"], "musicbrainz_albumid": ["418e4064-0260-4458-982a-3a648ae0f6ed"], "artist": ["IOSYS"], "tracknumber": ["13"], "artistsort": ["IOSYS"], "catalognumber": ["IO-0063"], "album": ["\u30d5\u30a1\u30df\u30b3\u30f3\uff23\uff24\uff24\uff38"], "releasestatus": ["official"], "script": ["Jpan"], "totaltracks": ["26"]}}, "rhythm": {"bpm_histogram_first_peak_bpm": {"dmean2": 0, "median": 178, "min": 178, "dvar2": 0, "dvar": 0, "dmean": 0, "max": 178, "var": 0, "mean": 178}, "bpm": 178.205444336, "bpm_histogram_second_peak_spread": {"dmean2": 0, "median": 0, "min": 0, "dvar2": 0, "dvar": 0, "dmean": 0, "max": 0, "var": 0, "mean": 0}, "bpm_histogram_first_peak_weight": {"dmean2": 0, "median": 0.572301447392, "min": 0.572301447392, "dvar2": 0, "dvar": 0, "dmean": 0, "max": 0.572301447392, "var": 0, "mean": 0.572301447392}, "onset_rate": 3.01109361649, "beats_position": [0.359909296036, 0.719818592072, 1.05650794506, 1.39319729805, 1.71827661991, 2.04335594177, 2.38004541397, 2.71673464775, 3.04181408882, 3.39011335373, 3.7151927948, 4.05188179016, 4.38857126236, 4.71365070343, 5.05034017563, 5.38702917099, 5.71210861206, 6.06040811539, 6.38548755646, 6.72217655182, 7.04725599289, 7.38394546509, 7.70902490616, 8.04571437836, 8.38240337372, 8.71909236908, 9.05578231812, 9.39247131348, 9.71755123138, 10.0542402267, 10.379319191, 10.71600914, 11.0526981354, 11.3893871307, 11.7260770798, 12.051156044, 12.3762359619, 12.7013149261, 13.0380039215, 13.3746938705, 13.7113828659, 14.0596818924, 14.3963718414, 14.756280899, 15.1277999878, 15.4993190765, 15.8592290878, 16.2075271606, 16.5558280945, 16.8809070587, 17.2175960541, 17.5542850494, 17.8793640137, 18.2160549164, 18.5527439117, 18.877822876, 19.2145118713, 19.5512008667, 19.8878898621, 20.2245807648, 20.549659729, 20.8863487244, 21.2230377197, 21.5597267151, 21.8964176178, 22.221496582, 22.5465755463, 22.8832645416, 23.219953537, 23.5450344086, 23.8817234039, 24.2184123993, 24.5551013947, 24.89179039, 25.2168693542, 25.553560257, 25.8902492523, 26.2153282166, 26.5520172119, 26.8887062073, 27.2137870789, 27.5504760742, 27.8871650696, 28.2122440338, 28.5605430603, 28.9088420868, 29.2571430206, 29.6170520782, 29.9769611359, 30.3252601624, 30.68516922, 31.0450782776, 31.3817672729, 31.7184581757, 32.0551452637, 32.391834259, 32.7169151306, 33.0419960022, 33.3786849976, 33.7153739929, 34.0520629883, 34.3887519836, 34.725440979, 35.0621299744, 35.3872108459, 35.7238998413, 36.0605888367, 36.3856697083, 36.7223587036, 37.059047699, 37.3841247559, 37.7208137512, 38.0575065613, 38.3825836182, 38.7192726135, 39.0559616089, 39.3810424805, 39.7177314758, 40.0544204712, 40.3795013428, 40.7277984619, 41.0528793335, 41.3895683289, 41.7262573242, 42.0513381958, 42.3880271912, 42.7247161865, 43.0497932434, 43.3864860535, 43.7231750488, 44.0598640442, 44.3965530396, 44.7216300964, 45.046710968, 45.3833999634, 45.7200889587, 46.0567779541, 46.3934669495, 46.7301597595, 47.0668487549, 47.3919258118, 47.7170066833, 48.0536956787, 48.3903846741, 48.7154655457, 49.0637626648, 49.3888435364, 49.7255325317, 50.0622215271, 50.3873023987, 50.723991394, 51.0606803894, 51.3857574463, 51.7340583801, 52.0823554993, 52.4074363708, 52.7325172424, 53.0575942993, 53.3826751709, 53.73097229, 54.0676651001, 54.392742157, 54.7178230286, 55.0429000854, 55.3795890808, 55.7162818909, 56.0529708862, 56.3896598816, 56.726348877, 57.0514259338, 57.3881187439, 57.7131958008, 58.0382766724, 58.3633537292, 58.6884346008, 59.0251235962, 59.37342453, 59.7217216492, 60.0468025208, 60.3834915161, 60.7201805115, 61.0452613831, 61.3819503784, 61.7186393738, 62.0437164307, 62.380405426, 62.7170982361, 63.0537872314, 63.3904762268, 63.7155532837, 64.0406341553, 64.3773193359, 64.714012146, 65.0507049561, 65.3873901367, 65.7124710083, 66.049156189, 66.385848999, 66.7109298706, 67.0476150513, 67.3843078613, 67.720993042, 68.0576858521, 68.3827667236, 68.7194519043, 69.0561447144, 69.3812255859, 69.7179107666, 70.0546035767, 70.3796844482, 70.7163696289, 71.053062439, 71.3897476196, 71.7264404297, 72.0515213013, 72.3882064819, 72.7132873535, 73.0383682251, 73.3750534058, 73.7117462158, 74.0484313965, 74.3851242065, 74.7218093872, 75.0468902588, 75.3835830688, 75.7202682495, 76.0569610596, 76.3936462402, 76.7187271118, 77.0554199219, 77.3921051025, 77.7171859741, 78.0538787842, 78.3905639648, 78.7156448364, 79.0639419556, 79.3890228271, 79.7141036987, 80.0507888794, 80.3874816895, 80.712562561, 81.0608596802, 81.3859405518, 81.7226257324, 82.0593185425, 82.3843994141, 82.7210845947, 83.0577774048, 83.3828582764, 83.719543457, 84.0562362671, 84.3813171387, 84.7180023193, 85.0546951294, 85.3913803101, 85.7280731201, 86.0647583008, 86.4014511108, 86.7265319824, 87.0516052246, 87.3882980347, 87.7249908447, 88.0500640869, 88.386756897, 88.7234420776, 89.0485229492, 89.3852157593, 89.7219009399, 90.05859375, 90.3952789307, 90.7319717407, 91.0570526123, 91.3821334839, 91.7188186646, 92.0555114746, 92.3921966553, 92.7172775269, 93.0539703369, 93.3906555176, 93.7273483276, 94.0640335083, 94.3891143799, 94.7257995605, 95.0508804321, 95.3875732422, 95.7242584229, 96.0609512329, 96.3860321045, 96.7227172852, 97.0594100952, 97.3844909668, 97.7211761475, 98.046257019, 98.3829498291, 98.7196350098, 99.0563278198, 99.381401062, 99.7064819336, 100.043174744, 100.379859924, 100.716552734, 101.053237915, 101.413146973, 101.77305603, 102.132965088, 102.492874146, 102.864395142, 103.21269989, 103.549385071, 103.886077881, 104.222763062, 104.559455872, 104.884536743, 105.221221924, 105.557914734, 105.882987976, 106.219680786, 106.556373596, 106.881446838, 107.218139648, 107.554824829, 107.891517639, 108.22820282, 108.553283691, 108.878364563, 109.215057373, 109.551742554, 109.876823425, 110.213516235, 110.550201416, 110.886894226, 111.223579407, 111.548660278, 111.885353088, 112.222038269, 112.570335388, 112.918640137, 113.266937256, 113.615234375, 113.963539124, 114.323448181, 114.683357239, 115.043266296, 115.379951477, 115.716644287, 116.053329468, 116.390022278, 116.726707458, 117.063400269, 117.38848114, 117.713554382, 118.038635254, 118.363716125, 118.700408936, 119.037094116, 119.373786926, 119.710472107, 120.047164917, 120.395462036, 120.743759155, 121.080451965, 121.428749084, 121.765441895, 122.102127075, 122.438819885, 122.763900757, 123.088973999, 123.414054871, 123.739135742, 124.064216614, 124.389297485, 124.714370728, 125.051063538, 125.387756348, 125.71282959, 126.0495224, 126.386207581, 126.711288452, 127.047981262, 127.384666443, 127.721359253, 128.058044434, 128.383132935, 128.719818115, 129.056503296, 129.381591797, 129.718276978, 130.054962158, 130.3800354, 130.71673584, 131.053421021, 131.378494263, 131.715194702, 132.051879883, 132.388565063, 132.725265503, 133.061950684, 133.398635864, 133.723709106, 134.048797607, 134.397094727, 134.722167969, 135.04725647, 135.372329712, 135.720626831, 136.057327271, 136.394012451, 136.719085693, 137.044174194, 137.380859375, 137.717544556, 138.054244995, 138.390930176, 138.739227295, 139.064300537, 139.389389038, 139.71446228, 140.051147461, 140.3878479, 140.712921143, 141.037994385, 141.374694824, 141.699768066, 142.036453247, 142.373153687, 142.709838867, 143.046524048, 143.371612549, 143.708297729, 144.04498291, 144.381668091, 144.71836853, 145.055053711, 145.380126953, 145.716827393, 146.053512573, 146.378585815, 146.703674316, 147.028747559, 147.35383606, 147.69052124, 148.027206421, 148.363891602, 148.700592041, 149.04888916, 149.385574341, 149.722259521, 150.047348022, 150.372421265, 150.709106445, 151.045806885, 151.382492065, 151.719177246, 152.055877686, 152.392562866, 152.729248047, 153.065933228, 153.391021729, 153.716094971, 154.052780151, 154.389480591, 154.714553833, 155.051239014, 155.387939453, 155.713012695, 156.049697876, 156.386398315, 156.711471558, 157.059768677, 157.384857178, 157.70993042, 158.046615601, 158.383300781, 158.720001221, 159.056686401, 159.393371582, 159.730072021, 160.078369141, 160.496322632, 160.914276123, 161.320632935, 161.738586426, 162.156555176, 162.574508667, 162.992462158, 163.503311157, 164.014144897, 164.524978638, 165.082260132, 165.639541626, 166.19682312, 166.765716553], "beats_loudness": {"dmean2": 0.0181824080646, "median": 0.031833730638, "min": 0, "dvar2": 0.000254873331869, "dvar": 8.68957868079e-05, "dmean": 0.0106023643166, "max": 0.084671407938, "var": 0.000198843335966, "mean": 0.0321306325495}, "danceability": 1.02949357033, "bpm_histogram_second_peak_weight": {"dmean2": 0, "median": 0.297352343798, "min": 0.297352343798, "dvar2": 0, "dvar": 0, "dmean": 0, "max": 0.297352343798, "var": 0, "mean": 0.297352343798}, "beats_count": 492, "bpm_histogram_second_peak_bpm": {"dmean2": 0, "median": 185, "min": 185, "dvar2": 0, "dvar": 0, "dmean": 0, "max": 185, "var": 0, "mean": 185}, "bpm_histogram_first_peak_spread": {"dmean2": 0, "median": 0, "min": 0, "dvar2": 0, "dvar": 0, "dmean": 0, "max": 0, "var": 0, "mean": 0}, "beats_loudness_band_ratio": {"dmean2": [0.239898994565, 0.2033816576, 0.181588485837, 0.109795235097, 0.102192088962, 0.125831916928], "median": [0.304143548012, 0.179540216923, 0.0893677473068, 0.0410191901028, 0.0806635022163, 0.136951327324], "min": [0, 0, 0, 0, 0, 0], "dvar2": [0.0462967418134, 0.0326820649207, 0.0489623583853, 0.0178803056479, 0.0116749573499, 0.0179238766432], "dvar": [0.0179236680269, 0.011534769088, 0.0175996851176, 0.00696258386597, 0.00465810811147, 0.00629679393023], "dmean": [0.141199097037, 0.116985663772, 0.104829564691, 0.0637287795544, 0.0613151565194, 0.074247546494], "max": [0.964688360691, 0.901088833809, 0.954074144363, 0.582209825516, 0.664967954159, 0.612960100174], "var": [0.0383179597557, 0.0444308109581, 0.0271514151245, 0.0113277006894, 0.00824263505638, 0.0171108562499], "mean": [0.331047415733, 0.239587947726, 0.149526551366, 0.0817611142993, 0.103851094842, 0.161711767316]}}, "lowlevel": {"barkbands_spread": {"dmean2": 12.182600975, "median": 37.5030212402, "min": 0.469809502363, "dvar2": 174.373718262, "dvar": 69.7080383301, "dmean": 7.673183918, "max": 120.986373901, "var": 569.294555664, "mean": 42.3938179016}, "melbands_spread": {"dmean2": 15.9495887756, "median": 33.3296165466, "min": 0.465482801199, "dvar2": 343.57824707, "dvar": 138.714080811, "dmean": 10.0081605911, "max": 241.958816528, "var": 560.209594727, "mean": 36.2254447937}, "hfc": {"dmean2": 13.4783468246, "median": 42.7132453918, "min": 1.08355035416e-16, "dvar2": 344.736999512, "dvar": 167.529769897, "dmean": 8.96803474426, "max": 233.803390503, "var": 1146.67407227, "mean": 45.7377052307}, "barkbands_kurtosis": {"dmean2": 3.01101827621, "median": -0.125647544861, "min": -1.89826118946, "dvar2": 50.9060668945, "dvar": 22.1727199554, "dmean": 1.92529201508, "max": 164.247619629, "var": 72.971572876, "mean": 2.10792469978}, "gfcc": {"mean": [2.61777091026, 47.3900947571, -96.4572753906, 31.5377998352, -45.3588523865, 3.18178367615, -37.3816490173, 13.5604305267, -25.6433639526, -0.616899967194, -23.6877574921, -2.43566226959, -11.8641757965], "icov": [[7.97930551926e-05, -9.65604849625e-05, 8.63845052663e-05, -0.000132162691443, 0.000250055454671, -0.000102133970358, 0.000248959724559, -0.000365126179531, 0.000386225932743, -0.000283952191239, 0.000616730889305, -0.000324383523548, 0.00032051015296], [-9.65604849625e-05, 0.00140683015343, 0.000326476816554, -0.000719055940863, -0.000274372461718, 0.000240296896663, -0.00085653772112, 0.00144556944724, -0.000610752904322, 0.00173526979052, -0.00151426787488, 0.00163333374076, -0.000466230500024], [8.63845052663e-05, 0.000326476816554, 0.00139218929689, -0.000612587027717, -0.000534783990588, -0.000828329764772, 0.000550943426788, 0.000144205056131, 8.09022167232e-05, -0.000429620296927, 0.00113594264258, -0.00192191277165, 0.00179781625047], [-0.000132162691443, -0.000719055940863, -0.000612587027717, 0.00333650945686, -0.00103943946306, 0.000391794688767, 0.000817804422695, -0.000499739777297, -0.000955591269303, 1.88328012882e-05, -0.000802359601948, 0.000395008770283, -0.00130570307374], [0.000250055454671, -0.000274372461718, -0.000534783990588, -0.00103943946306, 0.00526796234772, 3.65358246199e-05, -0.00143328227568, -0.00116246228572, 0.00139676511753, -0.00113375752699, 0.00199558213353, -0.000496534572449, -0.000678159412928], [-0.000102133970358, 0.000240296896663, -0.000828329764772, 0.000391794688767, 3.65358246199e-05, 0.00561346532777, -0.00271117174998, -0.00178147596307, 0.0016578133218, -0.00147841789294, 7.54874927225e-05, 0.00144165987149, -0.000292869022815], [0.000248959724559, -0.00085653772112, 0.000550943426788, 0.000817804422695, -0.00143328227568, -0.00271117174998, 0.00909411720932, -0.000575080746785, -0.000672144582495, -0.0003623025259, 0.0003473139368, 0.000369688990759, 0.000106034472992], [-0.000365126179531, 0.00144556944724, 0.000144205056131, -0.000499739777297, -0.00116246228572, -0.00178147596307, -0.000575080746785, 0.00951442681253, -0.00355219934136, -0.00142332992982, -0.00132973177824, 0.00229358999059, -0.000714324822184], [0.000386225932743, -0.000610752904322, 8.09022167232e-05, -0.000955591269303, 0.00139676511753, 0.0016578133218, -0.000672144582495, -0.00355219934136, 0.0123665649444, -0.00204163766466, 0.000329377042362, -1.89750826394e-05, 0.00113293132745], [-0.000283952191239, 0.00173526979052, -0.000429620296927, 1.88328012882e-05, -0.00113375752699, -0.00147841789294, -0.0003623025259, -0.00142332992982, -0.00204163766466, 0.0188022591174, -0.00815885420889, 0.00151589990128, 7.59645772632e-05], [0.000616730889305, -0.00151426787488, 0.00113594264258, -0.000802359601948, 0.00199558213353, 7.54874927225e-05, 0.0003473139368, -0.00132973177824, 0.000329377042362, -0.00815885420889, 0.0212244931608, -0.00731107965112, 0.0020819301717], [-0.000324383523548, 0.00163333374076, -0.00192191277165, 0.000395008770283, -0.000496534572449, 0.00144165987149, 0.000369688990759, 0.00229358999059, -1.89750826394e-05, 0.00151589990128, -0.00731107965112, 0.0177965220064, -0.00665950449184], [0.00032051015296, -0.000466230500024, 0.00179781625047, -0.00130570307374, -0.000678159412928, -0.000292869022815, 0.000106034472992, -0.000714324822184, 0.00113293132745, 7.59645772632e-05, 0.0020819301717, -0.00665950449184, 0.0140856513754]], "cov": [[42915.7539062, -1403.67504883, 118.522598267, 595.365356445, -1477.26049805, 1026.20056152, -1207.24316406, 1408.92541504, -835.74420166, 396.732208252, -863.651245117, -53.2935371399, -784.63269043], [-1403.67504883, 2296.52880859, -1193.76184082, 293.361053467, -23.1899623871, -410.632263184, 148.669296265, -382.464935303, 83.4528274536, -264.307830811, 76.4320983887, -180.870376587, 155.246841431], [118.522598267, -1193.76184082, 1849.51306152, 53.801361084, 213.929931641, 349.364807129, -82.3341369629, 194.093963623, -47.2016983032, 165.377822876, -55.4003410339, 170.220031738, -153.687225342], [595.365356445, 293.361053467, 53.801361084, 454.018280029, 67.6902160645, -49.409828186, -35.4594573975, 8.67170143127, 25.0647735596, -12.5888977051, 4.50532817841, -0.0176273304969, 31.6983776093], [-1477.26049805, -23.1899623871, 213.929931641, 67.6902160645, 318.354705811, 36.3755950928, 80.6067733765, 4.03557538986, 12.3507766724, 11.8534860611, 7.51995658875, 14.7184495926, 32.2877807617], [1026.20056152, -410.632263184, 349.364807129, -49.409828186, 36.3755950928, 374.676422119, 46.1791267395, 158.146057129, -44.1441764832, 85.926574707, -35.6772041321, -0.166103720665, -60.617603302], [-1207.24316406, 148.669296265, -82.3341369629, -35.4594573975, 80.6067733765, 46.1791267395, 192.379974365, -18.4334049225, 28.5708560944, -8.673412323, 20.6882457733, -28.9666671753, 23.0665397644], [1408.92541504, -382.464935303, 194.093963623, 8.67170143127, 4.03557538986, 158.146057129, -18.4334049225, 249.845535278, 4.19465255737, 81.053527832, -27.1465091705, 0.715680062771, -48.8200569153], [-835.74420166, 83.4528274536, -47.2016983032, 25.0647735596, 12.3507766724, -44.1441764832, 28.5708560944, 4.19465255737, 119.194595337, 2.0434589386, 26.6695766449, -10.6495285034, 11.2266569138], [396.732208252, -264.307830811, 165.377822876, -12.5888977051, 11.8534860611, 85.926574707, -8.673412323, 81.053527832, 2.0434589386, 105.644004822, 13.9836416245, 19.3054637909, -27.1913452148], [-863.651245117, 76.4320983887, -55.4003410339, 4.50532817841, 7.51995658875, -35.6772041321, 20.6882457733, -27.1465091705, 26.6695766449, 13.9836416245, 88.0835876465, 20.6988544464, 22.3046340942], [-53.2935371399, -180.870376587, 170.220031738, -0.0176273304969, 14.7184495926, -0.166103720665, -28.9666671753, 0.715680062771, -10.6495285034, 19.3054637909, 20.6988544464, 106.383575439, 22.447593689], [-784.63269043, 155.246841431, -153.687225342, 31.6983776093, 32.2877807617, -60.617603302, 23.0665397644, -48.8200569153, 11.2266569138, -27.1913452148, 22.3046340942, 22.447593689, 120.745384216]]}, "spectral_energyband_middle_low": {"dmean2": 0.00755164399743, "median": 0.00951076764613, "min": 1.49577809505e-22, "dvar2": 9.78217940428e-05, "dvar": 4.12253102695e-05, "dmean": 0.00482565397397, "max": 0.0789979025722, "var": 8.76769336173e-05, "mean": 0.0114463530481}, "melbands_crest": {"dmean2": 6.25373888016, "median": 12.6095161438, "min": 1.60093653202, "dvar2": 34.5618553162, "dvar": 13.56483078, "dmean": 3.7843298912, "max": 34.1262016296, "var": 33.2498931885, "mean": 13.6878166199}, "spectral_kurtosis": {"dmean2": 2.20888853073, "median": 2.90505123138, "min": -1.27708792686, "dvar2": 24.4633312225, "dvar": 9.6347360611, "dmean": 1.3180577755, "max": 104.88899231, "var": 22.8047180176, "mean": 3.81501936913}, "spectral_rms": {"dmean2": 0.00125060614664, "median": 0.00513320369646, "min": 3.10709292496e-12, "dvar2": 2.14391002373e-06, "dvar": 8.72114071626e-07, "dmean": 0.000798129418399, "max": 0.0100963171571, "var": 3.69880262951e-06, "mean": 0.00487799197435}, "zerocrossingrate": {"dmean2": 0.0184334814548, "median": 0.11083984375, "min": 0.00439453125, "dvar2": 0.000400190532673, "dvar": 0.000281760061625, "dmean": 0.0147423269227, "max": 0.53466796875, "var": 0.00760075403377, "mean": 0.127421557903}, "silence_rate_60dB": {"dmean2": 0.0660469010472, "median": 0, "min": 0, "dvar2": 0.0647386386991, "dvar": 0.0319224186242, "dmean": 0.0330188684165, "max": 1, "var": 0.0808911919594, "mean": 0.0887779146433}, "erbbands_kurtosis": {"dmean2": 1.08667743206, "median": -0.374222755432, "min": -1.88217806816, "dvar2": 4.85770463943, "dvar": 1.95796203613, "dmean": 0.688155412674, "max": 43.0947189331, "var": 4.12548923492, "mean": 0.0538579560816}, "erbbands": {"dmean2": [0.104227587581, 1.16829037666, 5.10237216949, 5.38352537155, 10.5933465958, 15.3182468414, 7.4893746376, 9.18279743195, 9.85648918152, 16.4576873779, 34.7525749207, 56.1055488586, 32.8760375977, 16.0495529175, 11.193116188, 15.0228099823, 11.7609500885, 17.8850383759, 23.0302143097, 22.7963142395, 23.5094909668, 26.3380889893, 18.848690033, 16.2593860626, 21.5963897705, 24.0397014618, 10.5495138168, 5.86371803284, 7.43648052216, 5.36333370209, 6.65872383118, 3.29461455345, 4.20248603821, 3.48778915405, 1.8000369072, 1.41823208332, 0.909216463566, 0.1643076092, 0.0113939875737, 0.000423349876655], "median": [0.0600030869246, 0.433467686176, 1.79107987881, 3.62013816833, 6.60429239273, 6.68134450912, 5.31328010559, 4.7777056694, 4.3872294426, 6.47144317627, 8.12499904633, 14.9884538651, 9.55579662323, 6.20187616348, 5.64713954926, 7.87847328186, 5.48888158798, 7.34698629379, 12.0031528473, 13.9215097427, 23.662147522, 31.6272697449, 19.6479091644, 19.0398159027, 23.6607666016, 20.7842140198, 10.0630979538, 6.99606466293, 6.41231203079, 6.68855142593, 7.59846973419, 4.61603927612, 5.58173799515, 3.37090301514, 1.82499802113, 0.952126920223, 0.359234064817, 0.0547107383609, 0.00456856098026, 0.000212070444832], "min": [6.81761740849e-23, 3.92415613506e-22, 9.03623127535e-22, 3.00784277254e-21, 1.09034723586e-20, 1.95933787019e-20, 3.45233134431e-20, 6.19928442126e-20, 9.38079295561e-20, 1.17077696335e-19, 1.53567890178e-19, 2.69352393023e-19, 4.80090302551e-19, 7.87028541837e-19, 1.09556442878e-18, 6.07070643287e-19, 1.7138373723e-18, 1.96033326574e-18, 2.93242868378e-18, 2.3392709082e-18, 3.2761305001e-18, 4.25549518137e-18, 3.84663717537e-18, 5.18849949123e-18, 7.04612298107e-18, 7.49343165066e-18, 9.76364124952e-18, 1.00251502643e-17, 1.01517527386e-17, 1.10720308747e-17, 1.06949457032e-17, 1.03735074531e-17, 8.64812532777e-18, 7.59102738241e-18, 6.34146477444e-18, 4.48506468472e-18, 2.49738234639e-18, 9.65492758995e-19, 2.50638543188e-19, 2.71262702024e-20], "dvar2": [0.0283968430012, 6.54011726379, 106.551460266, 59.7172813416, 221.843826294, 621.888000488, 107.773925781, 342.365631104, 559.388244629, 2157.59204102, 13270.203125, 24534.6132812, 8192.26757812, 2274.30419922, 1418.62475586, 1144.11328125, 1697.80688477, 1666.72473145, 2062.26635742, 1989.55664062, 1635.3692627, 1056.08508301, 1233.97229004, 755.081420898, 1221.44335938, 1478.43786621, 392.308135986, 61.7141685486, 145.88961792, 64.6837310791, 84.3482055664, 22.8019580841, 54.1415023804, 26.6870098114, 7.90589618683, 6.40020370483, 3.70097374916, 0.106270805001, 0.000551873119548, 6.149458045e-07], "dvar": [0.0122882947326, 2.26033234596, 38.3729858398, 21.7307090759, 98.6109771729, 232.93536377, 40.9328918457, 129.968536377, 224.096511841, 854.616760254, 5671.44238281, 10365.3417969, 3536.70581055, 1130.76855469, 568.691101074, 482.918792725, 690.399291992, 763.112670898, 916.011291504, 919.72644043, 700.254638672, 444.635620117, 545.61138916, 342.712890625, 594.954833984, 569.609985352, 156.596176147, 24.6152591705, 54.611000061, 25.4539680481, 30.8032836914, 9.03846263885, 25.1820373535, 10.201426506, 3.25929236412, 2.93226003647, 1.57345032692, 0.0511464066803, 0.000238986933255, 2.8400620522e-07], "dmean": [0.0692018270493, 0.659850537777, 2.93694210052, 3.19776940346, 6.75695037842, 9.20645809174, 4.61937999725, 5.52880525589, 5.9241104126, 10.011223793, 21.80119133, 35.384967804, 21.7499637604, 10.8611822128, 7.1525349617, 9.2164773941, 7.53256940842, 11.7205924988, 14.9589366913, 14.859457016, 14.7160167694, 16.2780513763, 12.0860147476, 10.5239906311, 14.0854921341, 14.7588443756, 6.52758073807, 3.57270789146, 4.3972492218, 3.27361941338, 3.97459936142, 2.00016188622, 2.81269478798, 2.13885593414, 1.11516165733, 0.92230784893, 0.559429824352, 0.103540673852, 0.00723559688777, 0.000260662927758], "max": [1.35243046284, 15.9847602844, 53.124874115, 50.0123672485, 152.749725342, 195.428619385, 123.678955078, 234.629730225, 482.376556396, 715.971862793, 1884.7019043, 1931.23876953, 1317.90075684, 1062.63098145, 995.000854492, 444.699829102, 760.145751953, 574.023620605, 615.436462402, 790.408508301, 813.930541992, 486.238098145, 529.027893066, 541.820617676, 718.403564453, 413.795715332, 285.203125, 97.319732666, 139.40586853, 119.97908783, 76.0174484253, 59.2696113586, 150.139801025, 50.8723182678, 32.6083564758, 35.3956604004, 18.6020183563, 3.48448371887, 0.274623930454, 0.00831108074635], "var": [0.0280404072255, 1.7120885849, 31.1772975922, 36.4923286438, 206.338424683, 247.753158569, 171.787216187, 170.714828491, 388.079681396, 917.478149414, 8306.45703125, 15069.3027344, 15173.8603516, 4544.84667969, 1061.95153809, 1009.94281006, 1094.96191406, 2829.74511719, 3660.64379883, 2455.60717773, 1706.50805664, 1429.70483398, 1323.06274414, 1207.25976562, 1886.39331055, 1377.99816895, 469.330841064, 72.30027771, 88.1689300537, 64.6292419434, 98.2431335449, 36.016658783, 76.3563919067, 40.1075706482, 21.4608078003, 21.17461586, 4.39751243591, 0.190290674567, 0.00071708537871, 8.31431805182e-07], "mean": [0.119690477848, 0.808806478977, 3.45998430252, 5.42426776886, 11.2083387375, 11.9515047073, 9.68509960175, 8.91922092438, 9.27450180054, 14.2915744781, 31.2492809296, 53.1852340698, 57.9921379089, 28.0302524567, 13.829993248, 17.150094986, 14.3911743164, 27.7027816772, 35.0293998718, 31.6264896393, 33.3901863098, 39.5710754395, 28.9117679596, 27.0214233398, 35.3968658447, 32.5758171082, 16.4518680573, 8.87845897675, 8.51590538025, 8.13881397247, 9.63293743134, 6.09497499466, 7.76397514343, 5.83474588394, 3.977840662, 3.43884849548, 1.43607354164, 0.290195077658, 0.018265677616, 0.000654550734907]}, "spectral_strongpeak": {"dmean2": 0.946242809296, "median": 0.43761202693, "min": 0, "dvar2": 2.45073103905, "dvar": 0.953741669655, "dmean": 0.565464794636, "max": 19.5477104187, "var": 1.89007174969, "mean": 1.04395198822}, "spectral_energy": {"dmean2": 0.0142617700621, "median": 0.0270085241646, "min": 9.89537668325e-21, "dvar2": 0.000375305680791, "dvar": 0.000138864692417, "dmean": 0.00874997209758, "max": 0.104484014213, "var": 0.00029456827906, "mean": 0.0281808823347}, "average_loudness": 0.907896459103, "spectral_rolloff": {"dmean2": 1964.23632812, "median": 2627.05078125, "min": 107.666015625, "dvar2": 7996615.5, "dvar": 3178363, "dmean": 1173.08447266, "max": 19659.8144531, "var": 15572707, "mean": 4025.09082031}, "spectral_centroid": {"dmean2": 465.241516113, "median": 1868.1574707, "min": 142.938446045, "dvar2": 230961.8125, "dvar": 107901.34375, "dmean": 293.711700439, "max": 11909.8037109, "var": 1879016.25, "mean": 1982.13391113}, "pitch_salience": {"dmean2": 0.114905394614, "median": 0.566901504993, "min": 0.0804977715015, "dvar2": 0.0115331429988, "dvar": 0.00475487951189, "dmean": 0.0709602236748, "max": 0.989807963371, "var": 0.0128759192303, "mean": 0.560171306133}, "spectral_energyband_middle_high": {"dmean2": 0.00226818723604, "median": 0.00436395779252, "min": 1.16054641534e-21, "dvar2": 9.96578091872e-06, "dvar": 5.06011429025e-06, "dmean": 0.00155636388808, "max": 0.0430057868361, "var": 4.67385070806e-05, "mean": 0.00662933010608}, "spectral_contrast_coeffs": {"dmean2": [0.0931106954813, 0.0855640992522, 0.0690419450402, 0.0528841093183, 0.0395597107708, 0.0272965524346], "median": [-0.639000892639, -0.730888426304, -0.773629963398, -0.776412785053, -0.786817073822, -0.77824151516], "min": [-0.98125064373, -0.981196463108, -0.98904889822, -0.973414123058, -0.973453521729, -0.965849399567], "dvar2": [0.00666583189741, 0.00525292335078, 0.00348689453676, 0.00210804864764, 0.00131554459222, 0.000776420056354], "dvar": [0.00285693514161, 0.0022224902641, 0.00153271644376, 0.0010005076183, 0.000659836630803, 0.00034931965638], "dmean": [0.0580246187747, 0.0532340444624, 0.0432935394347, 0.0339009836316, 0.0253142267466, 0.0167538728565], "max": [-0.242716953158, -0.245678216219, -0.396171450615, -0.495802134275, -0.530303061008, -0.575214326382], "var": [0.0105604110286, 0.00968106277287, 0.00906517449766, 0.00512938946486, 0.00317192054354, 0.00268567493185], "mean": [-0.632715344429, -0.720899283886, -0.752263665199, -0.766601979733, -0.780978322029, -0.771845281124]}, "melbands_skewness": {"dmean2": 1.30623376369, "median": 2.36809372902, "min": -1.41034293175, "dvar2": 2.30561375618, "dvar": 0.960118412971, "dmean": 0.827065289021, "max": 15.0441150665, "var": 3.48754858971, "mean": 2.73976516724}, "spectral_spread": {"dmean2": 970131, "median": 6050178.5, "min": 814347.8125, "dvar2": 1606693683200.0, "dvar": 824435867648, "dmean": 632803.75, "max": 42864308, "var": 27038295523300.0, "mean": 6829104}, "dissonance": {"dmean2": 0.025376977399, "median": 0.477874010801, "min": 0.00157176202629, "dvar2": 0.00112496130168, "dvar": 0.000421528704464, "dmean": 0.0151364812627, "max": 0.500000059605, "var": 0.00117705750745, "mean": 0.468011111021}, "spectral_skewness": {"dmean2": 0.285466909409, "median": 1.3718329668, "min": -0.0904554352164, "dvar2": 0.16693431139, "dvar": 0.0665933042765, "dmean": 0.175688922405, "max": 8.16632461548, "var": 0.292982190847, "mean": 1.38770806789}, "spectral_flux": {"dmean2": 0.0412826687098, "median": 0.0855078548193, "min": 6.32747673701e-11, "dvar2": 0.00168958341237, "dvar": 0.000785510172136, "dmean": 0.0258713643998, "max": 0.293706387281, "var": 0.00218790327199, "mean": 0.0895175933838}, "spectral_contrast_valleys": {"dmean2": [0.774850606918, 0.717406153679, 0.639205217361, 0.499423325062, 0.388751685619, 0.360872864723], "median": [-6.87779426575, -6.82819128036, -7.3855047226, -7.48610782623, -6.74936008453, -8.97751617432], "min": [-28.0139255524, -28.0085735321, -27.7911052704, -27.8111152649, -27.5213985443, -27.4052581787], "dvar2": [0.664588034153, 0.521635234356, 0.461351156235, 0.31794154644, 0.247037306428, 0.245437547565], "dvar": [0.298480451107, 0.239917635918, 0.214557483792, 0.162657648325, 0.135929584503, 0.127912834287], "dmean": [0.474393486977, 0.444161534309, 0.396047145128, 0.320456087589, 0.254935115576, 0.239067062736], "max": [-5.35010623932, -5.08233165741, -5.45189380646, -5.87074947357, -5.6438164711, -7.66947174072], "var": [9.33236598969, 8.80973529816, 8.2695684433, 8.06701183319, 8.87647914886, 8.6136302948], "mean": [-7.77242660522, -7.47395896912, -8.0491027832, -8.16717529297, -7.56742525101, -10.050444603]}, "erbbands_flatness_db": {"dmean2": 0.0232511144131, "median": 0.106087215245, "min": 0.0347948558629, "dvar2": 0.000634390627965, "dvar": 0.000323714280967, "dmean": 0.0154112651944, "max": 0.398192107677, "var": 0.00387762975879, "mean": 0.124260045588}, "spectral_energyband_high": {"dmean2": 0.00106397317722, "median": 0.00223744078539, "min": 7.06838354227e-21, "dvar2": 2.48423884841e-06, "dvar": 1.13380122002e-06, "dmean": 0.000694921414834, "max": 0.0190218742937, "var": 7.928555533e-06, "mean": 0.00296384165995}, "spectral_entropy": {"dmean2": 0.219520509243, "median": 7.94534635544, "min": 3.41853380203, "dvar2": 0.0818314626813, "dvar": 0.0406428277493, "dmean": 0.148079261184, "max": 9.83104324341, "var": 0.427052825689, "mean": 7.82589197159}, "silence_rate_20dB": {"dmean2": 0, "median": 1, "min": 1, "dvar2": 0, "dvar": 0, "dmean": 0, "max": 1, "var": 0, "mean": 1}, "melbands_flatness_db": {"dmean2": 0.0397629253566, "median": 0.148340255022, "min": 0.00295084132813, "dvar2": 0.00168353982735, "dvar": 0.000743445998523, "dmean": 0.0254569463432, "max": 0.622230648994, "var": 0.00576892169192, "mean": 0.163787841797}, "barkbands": {"dmean2": [0.000317918660585, 0.00452853785828, 0.00468210224062, 0.00187320238911, 0.00399226229638, 0.0010131833842, 0.000811903097201, 0.00122563063633, 0.00255728606135, 0.000813324877527, 0.000290534051601, 0.000404397782404, 0.000289774179691, 0.000478628178826, 0.000484099349706, 0.00044484261889, 0.00048052915372, 0.000349197973264, 0.000389589491533, 0.000482986913994, 0.000191864455701, 0.000200769398361, 0.000196196124307, 0.00021550215024, 0.000257665175013, 0.000373591203243, 6.70144363539e-05], "median": [0.000150305757415, 0.00199639238417, 0.00175427366048, 0.00112899194937, 0.00229162583128, 0.000603472231887, 0.000397504947614, 0.000149160157889, 0.000687675899826, 0.000181158393389, 9.09343943931e-05, 0.000181107548997, 8.77034981386e-05, 0.000157772752573, 0.000212587940041, 0.00035435060272, 0.000535231258254, 0.000321778672514, 0.000401193916332, 0.00043839996215, 0.000200488444534, 0.000187030804227, 0.000266140123131, 0.000300515646813, 0.000248122320045, 0.000189706552192, 2.66840797849e-05], "min": [1.06503975228e-25, 3.27887925052e-24, 7.43789534616e-25, 8.43893025261e-25, 4.81167681292e-24, 7.55487513537e-24, 5.18640980316e-24, 4.77495612664e-24, 7.98693898632e-24, 1.61511744611e-23, 1.01777571814e-23, 1.86556705734e-23, 3.27162011303e-23, 2.00886032756e-23, 2.21235646439e-23, 6.06096916502e-23, 4.97210603526e-23, 6.04772513705e-23, 1.44490704274e-22, 1.44146925002e-22, 2.55711319777e-22, 3.09658954864e-22, 3.45143281533e-22, 5.70222236214e-22, 8.79397701385e-22, 1.33723257788e-21, 1.87133316355e-21], "dvar2": [2.52600301565e-07, 8.25277311378e-05, 7.67605379224e-05, 6.36230879536e-06, 3.5394445149e-05, 3.26053873323e-06, 3.82425241696e-06, 1.78290792974e-05, 4.29213141615e-05, 5.6454755395e-06, 7.36325205253e-07, 9.78368689175e-07, 8.79488936789e-07, 9.68965423453e-07, 1.06166089608e-06, 5.67931408568e-07, 3.58880441809e-07, 3.73153341116e-07, 4.13430313984e-07, 5.34859111667e-07, 9.2787665551e-08, 1.05109940307e-07, 7.15865340339e-08, 1.2283533124e-07, 1.64700765026e-07, 5.93009474414e-07, 2.14528572684e-08], "dvar": [9.90545814261e-08, 2.7850319384e-05, 2.77932613244e-05, 2.51672122431e-06, 1.42410344779e-05, 1.23934205476e-06, 1.47849380028e-06, 7.33563365429e-06, 1.87655350601e-05, 2.50296170634e-06, 3.60685902479e-07, 4.18710556005e-07, 3.59947961215e-07, 4.24013848033e-07, 4.90556317345e-07, 2.43205505512e-07, 1.49257786575e-07, 1.70584300463e-07, 1.9372257043e-07, 2.19435079885e-07, 3.60273375577e-08, 3.94562533756e-08, 2.78347354055e-08, 5.7384188068e-08, 6.37812718196e-08, 2.75554526752e-07, 8.96019436425e-09], "dmean": [0.000197105808184, 0.00263258186169, 0.0027317062486, 0.00112967076711, 0.00246890448034, 0.000618769554421,