{"tonal": {"thpcp": [1, 0.724177420139, 0.342244803905, 0.214502766728, 0.171295434237, 0.218745619059, 0.315501272678, 0.293596059084, 0.220946595073, 0.204879820347, 0.204818755388, 0.273153036833, 0.296995252371, 0.215387672186, 0.266849994659, 0.492512464523, 0.568035125732, 0.402093142271, 0.245653629303, 0.298506110907, 0.515335738659, 0.565426468849, 0.356556743383, 0.191400706768, 0.189517423511, 0.23348402977, 0.279772311449, 0.307198107243, 0.28204959631, 0.285702347755, 0.304108560085, 0.30535286665, 0.361079394817, 0.38710308075, 0.384852766991, 0.692391574383], "hpcp": {"dmean2": [0.301773667336, 0.239216700196, 0.162897795439, 0.186182230711, 0.229143857956, 0.236769333482, 0.21986477077, 0.21969909966, 0.250060766935, 0.264469355345, 0.238719001412, 0.228073135018, 0.286033540964, 0.309358566999, 0.3550119102, 0.380921244621, 0.370350211859, 0.25884911418, 0.171150296926, 0.134043887258, 0.143215686083, 0.175220295787, 0.171018064022, 0.14031842351, 0.13112205267, 0.127357438207, 0.147069126368, 0.168178603053, 0.144216656685, 0.189266964793, 0.273656874895, 0.345137417316, 0.285731077194, 0.204361900687, 0.231791213155, 0.252186357975], "median": [0.0786770880222, 0.0493831299245, 0.0173989720643, 0.0132678421214, 0.0123424865305, 0.0161929409951, 0.0201129950583, 0.0217040702701, 0.0203049108386, 0.015235370025, 0.0108817303553, 0.0165667273104, 0.0247027613223, 0.0404974222183, 0.116336718202, 0.180186972022, 0.120950594544, 0.036031793803, 0.0203483961523, 0.0151090845466, 0.0266111008823, 0.039582323283, 0.0351585075259, 0.0218721590936, 0.0173769984394, 0.0171491205692, 0.0309442803264, 0.0384585373104, 0.0261519383639, 0.0244977604598, 0.0395158305764, 0.0422013476491, 0.0304219014943, 0.0195388440043, 0.0232962928712, 0.0482126921415], "min": [0, 0, 0, 0, 0, 0, 0, 0, 0, 0, 0, 0, 0, 0, 0, 0, 0, 0, 0, 0, 0, 0, 0, 0, 0, 0, 0, 0, 0, 0, 0, 0, 0, 0, 0, 0], "dvar2": [0.144732579589, 0.106293529272, 0.0737737119198, 0.114966221154, 0.148455545306, 0.142271712422, 0.120176248252, 0.121681809425, 0.158515170217, 0.168360725045, 0.151675760746, 0.126381501555, 0.17443190515, 0.153314128518, 0.142703309655, 0.158853217959, 0.164739638567, 0.126412451267, 0.0832268595695, 0.059437032789, 0.0584683008492, 0.0687742233276, 0.0675300359726, 0.0535323247313, 0.0500338487327, 0.051425524056, 0.0549439676106, 0.0663150027394, 0.0540920421481, 0.0847820341587, 0.135880947113, 0.195475101471, 0.146928071976, 0.0991429314017, 0.125323697925, 0.119586244226], "dvar": [0.054760184139, 0.0406532287598, 0.0266982316971, 0.0407909117639, 0.0535391904414, 0.0519849061966, 0.0460356399417, 0.0440591946244, 0.0568199791014, 0.0590690970421, 0.0557091347873, 0.0507264472544, 0.0629646927118, 0.0549729317427, 0.0559491366148, 0.0740949809551, 0.061744581908, 0.0478121861815, 0.030765844509, 0.0216481462121, 0.0218472853303, 0.0276152864099, 0.0273162387311, 0.0213372651488, 0.0198211986572, 0.0201821383089, 0.0236804876477, 0.0273741409183, 0.0201562680304, 0.0306951217353, 0.0557769499719, 0.0816287919879, 0.0584862791002, 0.036628510803, 0.0446767099202, 0.0547277405858], "dmean": [0.172120496631, 0.135602936149, 0.0895780622959, 0.0997839570045, 0.123126775026, 0.129376187921, 0.122439585626, 0.121862433851, 0.135493785143, 0.143620297313, 0.131400913, 0.131368294358, 0.158781737089, 0.169249728322, 0.206204995513, 0.223105996847, 0.215459734201, 0.147265359759, 0.0958463251591, 0.0747571513057, 0.0818264782429, 0.10229088366, 0.100168392062, 0.0818023234606, 0.0770785585046, 0.0747309178114, 0.0864790529013, 0.0990523993969, 0.082982070744, 0.106436595321, 0.156972005963, 0.200632199645, 0.164071634412, 0.112811237574, 0.127164810896, 0.144914075732], "max": [1, 1, 1, 1, 1, 1, 1, 1, 1, 1, 1, 1, 1, 1, 1, 1, 1, 1, 1, 1, 1, 1, 1, 1, 1, 1, 1, 1, 1, 1, 1, 1, 1, 1, 1, 1], "var": [0.0763801261783, 0.0403503701091, 0.0196945499629, 0.0266989227384, 0.0383265130222, 0.0447003357112, 0.048906609416, 0.0386138781905, 0.0438534319401, 0.0503006651998, 0.0552115663886, 0.0645630583167, 0.0640987083316, 0.0494250841439, 0.0838631317019, 0.143118783832, 0.0894085764885, 0.0428157299757, 0.0242774281651, 0.0169459413737, 0.0202884227037, 0.036219548434, 0.0333335958421, 0.0235984660685, 0.0214640162885, 0.0236111879349, 0.0344005189836, 0.0336862839758, 0.0187198575586, 0.0300530456007, 0.0802655443549, 0.0990122109652, 0.0596285872161, 0.029360640794, 0.0392296351492, 0.0898364782333], "mean": [0.206453770399, 0.130189314485, 0.0698860064149, 0.0691983625293, 0.0852518603206, 0.102153070271, 0.112167023122, 0.102984569967, 0.104318290949, 0.111038938165, 0.11149327457, 0.131840661168, 0.141342669725, 0.140521019697, 0.252812445164, 0.365129292011, 0.264418393373, 0.124963603914, 0.0783212408423, 0.0625449791551, 0.0798704326153, 0.115198753774, 0.107200525701, 0.0806740745902, 0.0748076215386, 0.0747853294015, 0.0997361764312, 0.108441665769, 0.0786443501711, 0.0974347516894, 0.179830729961, 0.207406267524, 0.146815985441, 0.0896953344345, 0.108993321657, 0.188164174557]}, "tuning_equal_tempered_deviation": 0.07743819803, "chords_changes_rate": 0.0483980923891, "key_key": "G", "tuning_diatonic_strength": 0.61136162281, "key_scale": "major", "chords_number_rate": 0.00238582142629, "tuning_frequency": 436.708374023, "tuning_nontempered_energy_ratio": 0.733134448528, "chords_histogram": [16.2576694489, 8.92978858948, 54.3285598755, 0.647580087185, 5.82822084427, 4.80572605133, 0, 0, 0, 0, 0, 0, 0, 0.0340831615031, 0.0340831615031, 0.0340831615031, 0, 2.21540570259, 0, 5.99863672256, 0, 0.37491479516, 0.477164268494, 0.0340831615031], "key_strength": 0.709216117859, "chords_key": "D", "chords_strength": {"dmean2": 0.0131245451048, "median": 0.497988015413, "min": -1, "dvar2": 0.0015708594583, "dvar": 0.000749039580114, "dmean": 0.0120169399306, "max": 0.743046164513, "var": 0.0558727644384, "mean": 0.465021640062}, "chords_scale": "major", "hpcp_entropy": {"dmean2": 1.07472097874, "median": 2.16175746918, "min": 0, "dvar2": 0.794241726398, "dvar": 0.31870085001, "dmean": 0.655779838562, "max": 4.19369029999, "var": 0.756648302078, "mean": 2.09004235268}}, "metadata": {"audio_properties": {"equal_loudness": 0, "codec": "mp3", "downmix": "mix", "sample_rate": 44100, "analysis_sample_rate": 44100, "bit_rate": 192000, "md5_encoded": "e36c65e0aa9eafd5b36adbdaedb79b99", "length": 136.202453613, "replay_gain": -5.18947792053, "lossless": false}, "version": {"essentia_build_sha": "2d9f1f26377add8aeb1075a9c2973f962c4f09fd", "essentia": "2.1-beta2", "extractor": "music 1.0", "essentia_git_sha": "v2.1_beta2-1-ge3940c0"}, "tags": {"title": ["Walk and Talk With My Lord"], "language": ["eng"], "acoustid_fingerprint": ["AQADtErSTJKSKQlslInx5zhchca9CydyF94741qOJuIxnYEW94H2Y5LDIYyyWBL-OBk6Hy4PSnlahHoO8RFy0eijTAoaNw--JBd85vg4MOmioPqI8IWWRL4QySSahzj840eYo--hNsmRSscdKRpKy2jShESjH6GorIPOB2F4_EOz5viOZnKOHpcHx5mHvghT55B7hOHRVilqZY7QSApzhDeaKksM1XQg1h6-BhVtGVr0qMETnEGs4-ETVNTHIMw_QWYT9EMz6sd9iBFJCU-iHKH0DGE0e-jzQAvXIz7hp8edIx-JJoO-7PCz9Gh0nGHwHeZ05Clew88l4z_643PQ5tgphBmh_cgN6suG4zry6YO-Hb_QbH0OluGDixClGfEF_-j34QgTijmhjQnyWkHP4h_spGJw8sH05KjuIg9TaNePt0fsKEQvNJUu3JkIczzy51AUNYtj1BZCNg-ax3iMJtxKFGH5JPjDHNoqIf4xvWi4C3fQrMsRvmiO_tD0B83kMMLh7Ed-ypjyB73RTMqC6eglNDkpBv-GMDHuLFmE5jw-5UKYsGgX5LohXo5wpBWDD2Gexah0UYbew08UnNrhb4L-BdHWD1fyqfhTNA6Pn8KDjslx8SmSR0mFMO_RLsEv7Eat5EGX8cKZD32LMDyhfwijNUX3dIKfh_gRpqicnfjoEB6Z4j606EfoJsaZBx-DWzhTNDrqITzTDc2OHx4l5MpS9CuaSDhhJ1GMb2yQHqcLLaQZhPZxGj7x5mimC_0LX0Ie6ThzaKSGlEoO72nQ7Wiuo2R45D3EF7sQZll24yoaH_eR5gN0xsijXUdzqZHg6QhLaEeTf_gWB9p0I8wWHX3ywM9yOCYuKR7MPUGJmUaeHFqeHA2fF-fx5INYdcIRhnFQNdmNtKID3UoR_mjmNcd_DXlidNMhxjlqrsLFB7oSBfkOn8Gd45uRps2gDWE49kKz5uh74dKLdId-ZsW3Y9txNEohvgi3Bb8-9NTQ1EFO4jl-QnfRB1Oy_Lim40eTDyJ_1NKR54W_D--R7tDDtEgTLbiC64HHC2dRSc6N9EgWHj_8EBeeCXYu4R4aH6EVHposHc0R7keYp3h4vFJSiEdMHxeDnLlwN_iJMKw-9MdTBu90nBT6w4-EPLOghcdxE02VOURHF_pghbzRWDMqPQ30o0fDp8dVhRBzhC-Nhoty5NMTiC-OMDHRhxmuPEfq9BDCxCXRH42oOUGtLEcO8Uf8Y_oyCf7RVIyGJ4If5DkOnQ_6RUsMfTHyHA7R7gnezEOkbGGOZDqOPlkOjzSe6UGFq3iR_EWYB82V4JbxPQhjQ2sohHmWIz8avcFzaGE-VMfFPGgupUJ_aFEoBafCHg01ncF8GN8qo2TKCJGSRSz-w4-U4_wQkm2g5ZnRjkeYSSGx30KYlRa0vkJJFqmYoOlb5KmsQNP2IcyzHEfDZahl5rBr7NFwdUOqSkFyOEuaCDXR7JmEXSgfSkLzWYhXJNR-vMlhjsKpSMGvBFsuPJJuOFMy5IeWncjRjNmNo6KORiR-onGGL8pFNJ9-JO7RHOE54jwaa2kQ-IGWHz-e5MhzONIm4-jC3Gj44Dw6L8gPLcgj4UXj_gifrLgyfYMvXHnRqGZQmcEPc0zxNzG0cBlK6sgPX-OQ70XPNBCVHOKOPqgXNUGaf0UzH98Cqx8uiU6RJ9BONE8Y5OngLiJRHmFydE2M5scjHs2P_WiULseNXhGaJxd0Lke1lwijKTsuPiReDyWZ6jCPcoxxLsO0PviLkCS-Hsf_w1WWRjipw9-hH81zhDce9ULD66j0WOiPMHWgxUVIhg7uobGGWhGa3aic45KMLj_aMcOlfAjzJESyczjMbsKVp7iyJLh85Eo-aOsRpmkTnMf7wQp3fEE-O4WtQ-PRIBqXCzeVBNfgUsczIY8SaLmEVLpQOU-CZpdQe_iQjjx05Bf83PhjodJVnMO0KUeuQZNlhPmi489x6cOPi_gXNJraInyPHn5w-MlhRdqJ9hdqBVoq6cVX9CS0jHpU9EaYMTvRCa7o4yob-HB8hIdOGs_RXBq0E34knHbhH6c-OM6hK-iP5mmJ_PDx8cN_ONYRPocWvceFXOHRKoT1aHjjDNVG40pe_EihvxHSZyExbg_RjUfzYkq0NOiJvMcvaJnENIlgHdVYaEGtKwmeWdCSTkGn5ciPqsk8PA7OHT5aF_cR_9CPmspR7eh4JtByIh6aayiXfmiqMFKCSLoF3bDiJBXivUmRdznuY092NA8TlLuFM8rwWIfPDH_QpPqgHYHTBrWORl6aIt_h4_uFXXnQ58N2HXmMPkqOL08Q7tCSTcgjXtiP5mgfC02VH25io62QTV8gJXqNUF8Dxg6aLcdzUD8uHaFfaHl3REua4nGOd0PzBN0RqiJEBmGGH80XotS24Tvs5MPRPYfFREHCSkcoHc0pKeiJM0KzMqh14mXCIdwUaBJPfJNl5Hh2NBVPPA_OonL44emCj8gv6EPDUKvRp9DzINePhmqG3mjCLUyE7kIYVqidE_oDO5nxEOHYF1MeHpfUCj6qo9FVnMS7I_mD_B7uGE3MRqjSLMfxI8wh3kJoZUml4BeaIM-Dxj5UL_jRONkTI83iVAgPOYwLP4-C5xJxickHPerx5kSoalbQvGlxScYZNDnaRRhTPGKqIMw_w7sgNGm6YWZCCVr4HB3zQaOUPEOjFzqcZzijGBcvtEonIc8Ru0dDiYX8OHgOM8eHPhcU5S06_QiT56g3iwjzODhEnsdTNL-EaqqFH6aSHX0zNPli9EfD9Dg5PGhO5DGaijruIkyPkkXTnxiZkVCU5MmRH2dGwpeC53gc2OERNkqgJU8o5M_hXjiPpg6-JUKYH8ktl_BxUceXtIUf_GicolZ2hDeaD1ryRUf3WDgfaE3aovmRr8ezIzeeZGECPRMAIhgEQDghCGJMIQMEEcQhIwQRwBkgAGAKOUOFMAwYBYBkBjJBnAEGA6YJYAwTYgQiQhihmBBECQQoMMgAIRk1SDIAgJAMOWWUkAIEA5QACgAAEBBGAGoIYQoIAowSQghkCSBMCGKEAEYARwwVSikBiCBACGGUkEBAAIAgxhALgoAEAEWQIAABA4ChgBiECBPGAGIEMpQIYYAwQAFBhCFMCmG4QR44oSwQThFAFBAUCAWMIkhxgRAzAAgBhNMEIEABAgAQBQwAAgkFzACIAAAAUdQAwgigAAEBABJCCAScCwAAo5R1QgEkBGGCCMAUIIAYYSQTRgjBIAXOAEqQgMQhQwByiAjFiLCCCQOEokpYwIRAUAHhDBKAKKYQAYIQxhVQgBjBkLKMGIIUM4IBE4ABTkCDCEUEMKOMYhQBAhQCAjgljAGKKCAIEgAYACgAAAgkBDAAIqKIQAZQD6AAEBAAACMMKCSQFUo4QIkjRhIAAhAGEESAQQBBCAwRQCoCJDBACiQRAcZABJwQAAMBlAAAKOCAAQgYJgQQBCiDFCBMACQEQVQYRAQhkhFEDCEGCWIMIhAQS5QAVAFCFDSOIGEMcIxhoQiASBgAHFBCIRiEIAYYKYQQgCwHmGECAIAMQEwYQBhFABgAETCAGeEUQkQCAZBABEEgiWAWEgqIEcgQCRgDAgnDgACIEIWQARBAQZghTAIhBAGGECQAUNAIoQAgQhjCmFHAGAWEMYpaxgRwhBAhhBDGAGMUooIZKIA3xihEDBCKAGSoAAIgIQARAgiBFLRMImaAQIYBQQADxAAjAEAEGkAIAIYYcAgCCgnBFADDAICMQCAAKoxgQgFCgHNAKkUAEEIhAhgxygABjNAAQKAQINIAQjFAAijFiGBCIgE"], "date": ["1996"], "genre": ["Country"], "musicbrainz album type": ["Album", "Compilation"], "musicbrainz_releasegroupid": ["360ca37d-bc3b-4a10-83dc-136bada00a85"], "musicip_puid": ["c265144f-cf91-bdc8-501a-3c3ae945d5e9"], "musicbrainz_recordingid": ["084deacc-1ad6-4aeb-abf8-c91d8926f96d"], "musicbrainz album release country": ["DE"], "musicbrainz_albumartistid": ["b2785b92-fcdc-4dc0-be86-49aaf96b7b39"], "musicbrainz_albumid": ["a2a80474-0163-4412-989e-f772c53f0eaf"], "artist": ["Sleepy LaBeef"], "bpm": ["105.82"], "album": ["Larger Than Life (Disc 5)"], "catalognumber": ["BCD 15662 FI"], "tracknumber": ["12"], "label": ["Bear Family Records"], "acoustid_id": ["d0c5dddc-2920-4ed5-a62e-053ee9458d65"], "musicbrainz_artistid": ["b2785b92-fcdc-4dc0-be86-49aaf96b7b39"], "file_name": "Sleepy LaBeef - Walk and Talk With My Lord.mp3"}}, "rhythm": {"bpm_histogram_first_peak_bpm": {"dmean2": 0, "median": 105, "min": 105, "dvar2": 0, "dvar": 0, "dmean": 0, "max": 105, "var": 0, "mean": 105}, "bpm": 105.788635254, "bpm_histogram_second_peak_spread": {"dmean2": 0, "median": 0.199999988079, "min": 0.199999988079, "dvar2": 0, "dvar": 0, "dmean": 0, "max": 0.199999988079, "var": 0, "mean": 0.199999988079}, "bpm_histogram_first_peak_weight": {"dmean2": 0, "median": 0.487394958735, "min": 0.487394958735, "dvar2": 0, "dvar": 0, "dmean": 0, "max": 0.487394958735, "var": 0, "mean": 0.487394958735}, "onset_rate": 4.36793851852, "beats_position": [0.49922901392, 1.03328800201, 1.60217678547, 2.17106580734, 2.73995471001, 3.32045340538, 3.88934230804, 4.45823097229, 5.01551008224, 5.5727891922, 6.15328788757, 6.72217655182, 7.2910656929, 7.85995435715, 8.42884349823, 9.0093421936, 9.57823085785, 10.1471195221, 10.7276191711, 11.2965078354, 11.8653964996, 12.445895195, 13.0263938904, 13.6068935394, 14.1757822037, 14.7446708679, 15.3251695633, 15.9056682587, 16.4745578766, 17.0434455872, 17.6123352051, 18.181224823, 18.7501125336, 19.3190021515, 19.8878898621, 20.45677948, 21.037279129, 21.5945568085, 22.1518363953, 22.7207260132, 23.2896137238, 23.8585033417, 24.4273910522, 25.0078907013, 25.5767803192, 26.1456680298, 26.7145576477, 27.2834453583, 27.8407249451, 28.3980045319, 28.9668922424, 29.5357818604, 30.1046714783, 30.6735591888, 31.2540588379, 31.8345565796, 32.4034461975, 32.9723358154, 33.5528335571, 34.1333312988, 34.690612793, 35.2478904724, 35.8283882141, 36.397277832, 36.96616745, 37.5350570679, 38.1039466858, 38.6612243652, 39.2417221069, 39.8222198486, 40.3795013428, 40.9483909607, 41.5172767639, 42.0861663818, 42.6550559998, 43.2123336792, 43.7812232971, 44.350112915, 44.9073905945, 45.4646720886, 46.0219497681, 46.5792274475, 47.1597251892, 47.7286148071, 48.297504425, 48.866394043, 49.4352836609, 50.0041732788, 50.573059082, 51.1419487, 51.7108383179, 52.2797279358, 52.8486175537, 53.4175033569, 53.9863929749, 54.5552825928, 55.1241722107, 55.6814498901, 56.2387275696, 56.8076171875, 57.3765068054, 57.9337844849, 58.491065979, 59.0715637207, 59.6520614624, 60.2209510803, 60.7898406982, 61.3471183777, 61.9276161194, 62.4848976135, 63.0537872314, 63.6226730347, 64.1799545288, 64.7372360229, 65.2945098877, 65.8750076294, 66.4555053711, 67.0127868652, 67.5816802979, 68.1505661011, 68.7194519043, 69.2883453369, 69.8572311401, 70.4261245728, 70.995010376, 71.5638961792, 72.1211776733, 72.6784591675, 73.2473449707, 73.8162307739, 74.3735122681, 74.9307937622, 75.488067627, 76.0569610596, 76.6258468628, 77.1831283569, 77.7404098511, 78.2976837158, 78.8781814575, 79.4354629517, 79.9927444458, 80.5500183105, 81.1189117432, 81.6877975464, 82.2450790405, 82.7907485962, 83.3480224609, 83.9169158936, 84.4858016968, 85.0546951294, 85.6351928711, 86.1924667358, 86.7729721069, 87.3534698486, 87.9223556519, 88.4912490845, 89.0601348877, 89.6290206909, 90.1979141235, 90.7667999268, 91.3472976685, 91.9045791626, 92.4618606567, 93.03074646, 93.5996322632, 94.1569137573, 94.7141952515, 95.2946929932, 95.8635787964, 96.432472229, 96.9897460938, 97.5470275879, 98.1275253296, 98.6848068237, 99.253692627, 99.8109741211, 100.356643677, 100.913917542, 101.482810974, 102.051696777, 102.62059021, 103.189476013, 103.746757507, 104.315643311, 104.884536743, 105.453422546, 106.02230835, 106.602806091, 107.160087585, 107.728981018, 108.297866821, 108.855148315, 109.435646057, 109.992919922, 110.550201416, 111.10748291, 111.676368713, 112.245262146, 112.802536011, 113.371429443, 113.940315247, 114.497596741, 115.054870605, 115.6121521, 116.192649841, 116.749931335, 117.3072052, 117.876098633, 118.433380127, 118.990653992, 119.547935486, 120.116821289, 120.674102783, 121.231384277, 121.811882019, 122.380767822, 122.949661255, 123.50693512, 124.075828552, 124.644714355, 125.20199585, 125.759269714, 126.316551208, 126.873832703, 127.419502258, 127.965164185, 128.522445679, 129.079727173, 129.637008667, 130.205886841, 130.786392212, 131.366897583, 131.970611572, 132.562713623, 133.154830933, 133.746932983, 134.339050293, 134.931152344, 135.523269653], "beats_loudness": {"dmean2": 0.0182465240359, "median": 0.0333997122943, "min": 0, "dvar2": 0.000248185882811, "dvar": 8.21844369057e-05, "dmean": 0.0105590242893, "max": 0.0629423335195, "var": 0.000168160826433, "mean": 0.0325674489141}, "danceability": 1.35751450062, "bpm_histogram_second_peak_weight": {"dmean2": 0, "median": 0.01680672355, "min": 0.01680672355, "dvar2": 0, "dvar": 0, "dmean": 0, "max": 0.01680672355, "var": 0, "mean": 0.01680672355}, "beats_count": 239, "bpm_histogram_second_peak_bpm": {"dmean2": 0, "median": 110, "min": 110, "dvar2": 0, "dvar": 0, "dmean": 0, "max": 110, "var": 0, "mean": 110}, "bpm_histogram_first_peak_spread": {"dmean2": 0, "median": 0.5, "min": 0.5, "dvar2": 0, "dvar": 0, "dmean": 0, "max": 0.5, "var": 0, "mean": 0.5}, "beats_loudness_band_ratio": {"dmean2": [0.219459697604, 0.282602339983, 0.0858453661203, 0.0633420571685, 0.116976588964, 0.0400215797126], "median": [0.561069607735, 0.448376178741, 0.039599917829, 0.0296315960586, 0.0462518818676, 0.0551461055875], "min": [0, 0, 0, 0, 0, 0], "dvar2": [0.0310728698969, 0.0471274219453, 0.00727270217612, 0.0044526681304, 0.0211831759661, 0.00155181367882], "dvar": [0.0124506689608, 0.0168297570199, 0.00255916803144, 0.00181828706991, 0.0076470291242, 0.000550637079868], "dmean": [0.125220641494, 0.164668262005, 0.0491868257523, 0.0353681109846, 0.0658313632011, 0.0220874901861], "max": [0.860870540142, 0.75171661377, 0.295721620321, 0.425547778606, 0.534999132156, 0.202351376414], "var": [0.023887604475, 0.0304445754737, 0.00335872755386, 0.00249234284274, 0.00645546382293, 0.000701807846781], "mean": [0.538998961449, 0.437901556492, 0.0615901052952, 0.0436499454081, 0.077875085175, 0.0578153654933]}}, "lowlevel": {"barkbands_spread": {"dmean2": 10.563419342, "median": 23.7189006805, "min": 0.822432041168, "dvar2": 111.148170471, "dvar": 48.3691253662, "dmean": 6.91666078568, "max": 117.707374573, "var": 153.338027954, "mean": 24.0679187775}, "melbands_spread": {"dmean2": 14.7487239838, "median": 21.4794406891, "min": 0.677415549755, "dvar2": 292.29107666, "dvar": 140.461959839, "dmean": 9.84224319458, "max": 191.753311157, "var": 781.417053223, "mean": 29.8290653229}, "hfc": {"dmean2": 7.17383098602, "median": 8.67524051666, "min": 1.08333290492e-16, "dvar2": 105.297142029, "dvar": 57.7386512756, "dmean": 5.42251014709, "max": 105.303749084, "var": 222.577148438, "mean": 14.0208425522}, "barkbands_kurtosis": {"dmean2": 7.42964696884, "median": 1.73082494736, "min": -1.93441331387, "dvar2": 187.152572632, "dvar": 77.0844345093, "dmean": 4.66818380356, "max": 137.190170288, "var": 147.550918579, "mean": 5.86271858215}, "gfcc": {"mean": [-69.4065933228, 90.5982589722, -116.132339478, 50.4302062988, -48.9443702698, 10.5811109543, -36.6795463562, 12.9318914413, -23.7744197845, -7.68852376938, -16.296918869, -2.83910536766, -20.797870636], "icov": [[0.00032988874591, -0.000672759080771, 0.000964643724728, -0.00103644805495, 0.000640534388367, -0.000591990305111, 0.000820558634587, -0.000594139448367, 0.000807840551715, -0.000209753619856, 0.00113498524297, -0.000647023611236, 0.000971855653916], [-0.000672759080771, 0.00323985051364, -0.00164597725961, 0.0020977135282, -0.00107705430128, 0.00072196056135, -0.0014334457228, 0.000781329697929, -0.00177339836955, 0.00216049212031, -0.00336684263311, 0.00265577761456, -0.00127518351655], [0.000964643724728, -0.00164597725961, 0.00404066685587, -0.00307157309726, 0.00188800424803, -0.00146099482663, 0.00150608073454, -0.000987824751064, 0.00226476951502, -0.00059105118271, 0.00309076113626, -0.0014832491288, 0.00201501348056], [-0.00103644805495, 0.0020977135282, -0.00307157309726, 0.00702800694853, -0.00158325582743, 3.80576893804e-05, -0.000438723451225, 0.0018373002531, -0.00225860136561, 0.000716959591955, -0.00421859743074, 0.00445341924205, -0.00323560182005], [0.000640534388367, -0.00107705430128, 0.00188800424803, -0.00158325582743, 0.00599441258237, -0.00125715776812, 0.00034935947042, 0.00170844048262, -0.00203850190155, 0.000322854844853, 0.00138273276389, -0.0019325214671, 0.00330841913819], [-0.000591990305111, 0.00072196056135, -0.00146099482663, 3.80576893804e-05, -0.00125715776812, 0.0115012014285, -0.00549151841551, 0.00187844468746, 0.000291484117042, -0.00358885200694, 0.000131425898871, 0.00052314781351, -0.00106311240233], [0.000820558634587, -0.0014334457228, 0.00150608073454, -0.000438723451225, 0.00034935947042, -0.00549151841551, 0.0118290008977, -0.00537940720096, 0.00144748378079, 0.00119672343135, 0.000270535383606, 0.00287409871817, -0.000719814095646], [-0.000594139448367, 0.000781329697929, -0.000987824751064, 0.0018373002531, 0.00170844048262, 0.00187844468746, -0.00537940720096, 0.0141307199374, -0.00930762384087, 0.00438541313633, 0.00138484954368, -0.00531491544098, 0.00343275442719], [0.000807840551715, -0.00177339836955, 0.00226476951502, -0.00225860136561, -0.00203850190155, 0.000291484117042, 0.00144748378079, -0.00930762384087, 0.0185238216072, -0.00422232039273, -0.00265145977028, 0.00268409657292, -0.00134380033705], [-0.000209753619856, 0.00216049212031, -0.00059105118271, 0.000716959591955, 0.000322854844853, -0.00358885200694, 0.00119672343135, 0.00438541313633, -0.00422232039273, 0.0146059822291, -0.00527185853571, 0.00250915228389, 0.00141475955024], [0.00113498524297, -0.00336684263311, 0.00309076113626, -0.00421859743074, 0.00138273276389, 0.000131425898871, 0.000270535383606, 0.00138484954368, -0.00265145977028, -0.00527185853571, 0.0228304471821, -0.0104125514627, 0.00679108733311], [-0.000647023611236, 0.00265577761456, -0.0014832491288, 0.00445341924205, -0.0019325214671, 0.00052314781351, 0.00287409871817, -0.00531491544098, 0.00268409657292, 0.00250915228389, -0.0104125514627, 0.0251120794564, -0.00903814472258], [0.000971855653916, -0.00127518351655, 0.00201501348056, -0.00323560182005, 0.00330841913819, -0.00106311240233, -0.000719814095646, 0.00343275442719, -0.00134380033705, 0.00141475955024, 0.00679108733311, -0.00903814472258, 0.0225266702473]], "cov": [[46197.3476563, 2911.47729492, -5240.01171875, 2012.39904785, -1965.6529541, 337.288909912, -1523.30175781, 493.995452881, -941.854919434, -415.745147705, -701.990478516, -78.5194854736, -739.782043457], [2911.47729492, 750.018432617, -297.473022461, 27.8417015076, -70.4741592407, -1.62114238739, -13.0214262009, 100.097961426, 3.05308032036, -102.226112366, -6.92179393768, -23.6486721039, -58.7385253906], [-5240.01171875, -297.473022461, 1134.16967773, -48.8972396851, 107.387702942, 12.9258346558, 132.52494812, -116.264907837, 25.5234088898, 56.749584198, 32.6626091003, -23.4896259308, 86.2301177979], [2012.39904785, 27.8417015076, -48.8972396851, 388.611450195, -72.9565582275, 61.50522995, -101.48097229, -66.8844680786, -56.3143959045, 35.0810852051, -21.2674484253, -46.6920127869, -22.3697490692], [-1965.6529541, -70.4741592407, 107.387702942, -72.9565582275, 327.941619873, 0.961873829365, 71.865524292, -35.2592391968, 85.6971359253, 32.3674468994, 55.6780281067, -1.54686367512, 5.95340394974], [337.288909912, -1.62114238739, 12.9258346558, 61.50522995, 0.961873829365, 138.928482056, 31.5005702972, -29.0777015686, -17.7193431854, 38.819644928, -8.1118555069, -20.837928772, -4.52249908447], [-1523.30175781, -13.0214262009, 132.52494812, -101.48097229, 71.865524292, 31.5005702972, 202.882736206, 56.5598297119, 59.0545768738, -13.6129627228, 20.662311554, -6.5803899765, 22.8557929993], [493.995452881, 100.097961426, -116.264907837, -66.8844680786, -35.2592391968, -29.0777015686, 56.5598297119, 194.109664917, 62.2008590698, -66.1110610962, -5.30838012695, 31.3567352295, -16.7752590179], [-941.854919434, 3.05308032036, 25.5234088898, -56.3143959045, 85.6971359253, -17.7193431854, 59.0545768738, 62.2008590698, 130.084655762, 11.4915628433, 42.074005127, 4.70594358444, 5.66361618042], [-415.745147705, -102.226112366, 56.749584198, 35.0810852051, 32.3674468994, 38.819644928, -13.6129627228, -66.1110610962, 11.4915628433, 125.47984314, 30.559431076, -16.0651111603, -4.02361917496], [-701.990478516, -6.92179393768, 32.6626091003, -21.2674484253, 55.6780281067, -8.1118555069, 20.662311554, -5.30838012695, 42.074005127, 30.559431076, 86.2578811646, 16.8728561401, -1.8172711134], [-78.5194854736, -23.6486721039, -23.4896259308, -46.6920127869, -1.54686367512, -20.837928772, -6.5803899765, 31.3567352295, 4.70594358444, -16.0651111603, 16.8728561401, 68.538482666, 15.4005975723], [-739.782043457, -58.7385253906, 86.2301177979, -22.3697490692, 5.95340394974, -4.52249908447, 22.8557929993, -16.7752590179, 5.66361618042, -4.02361917496, -1.8172711134, 15.4005975723, 71.5727081299]]}, "spectral_energyband_middle_low": {"dmean2": 0.00966432783753, "median": 0.00383096071891, "min": 1.54945812328e-22, "dvar2": 0.000349186797393, "dvar": 0.000145978017827, "dmean": 0.00629961444065, "max": 0.105358392, "var": 0.000155040121172, "mean": 0.00799259915948}, "melbands_crest": {"dmean2": 5.30821561813, "median": 14.4380722046, "min": 1.6073346138, "dvar2": 21.7415885925, "dvar": 9.60377979279, "dmean": 3.38350772858, "max": 31.4378528595, "var": 40.0915298462, "mean": 14.952495575}, "spectral_kurtosis": {"dmean2": 2.33691072464, "median": 3.56350708008, "min": -1.26399827003, "dvar2": 6.56980037689, "dvar": 2.48900818825, "dmean": 1.40229678154, "max": 32.9336776733, "var": 7.28473138809, "mean": 4.07483816147}, "spectral_rms": {"dmean2": 0.00145771971438, "median": 0.00355836516246, "min": 3.12757415452e-12, "dvar2": 3.59930868399e-06, "dvar": 1.68258679878e-06, "dmean": 0.00103898753878, "max": 0.0109020927921, "var": 3.83703172702e-06, "mean": 0.00375353661366}, "zerocrossingrate": {"dmean2": 0.0122031187639, "median": 0.05517578125, "min": 0.005859375, "dvar2": 0.00015273252211, "dvar": 0.000103040125396, "dmean": 0.0100886765867, "max": 0.52490234375, "var": 0.00685531599447, "mean": 0.0701266601682}, "silence_rate_60dB": {"dmean2": 0.0784313753247, "median": 0, "min": 0, "dvar2": 0.0920649021864, "dvar": 0.0376745164394, "dmean": 0.0392090007663, "max": 1, "var": 0.0896289125085, "mean": 0.0995398014784}, "erbbands_kurtosis": {"dmean2": 1.27482128143, "median": -0.631671845913, "min": -1.76205062866, "dvar2": 4.16359090805, "dvar": 1.89177024364, "dmean": 0.82836163044, "max": 23.3087043762, "var": 4.44651842117, "mean": 0.0602071136236}, "erbbands": {"dmean2": [0.0133943175897, 0.421405673027, 5.19267702103, 13.0137825012, 22.2247581482, 9.83245182037, 5.71988105774, 8.79423713684, 6.5252404213, 7.60941886902, 10.6403512955, 8.52081203461, 5.47051477432, 7.88119935989, 10.4350643158, 12.1984796524, 8.90434169769, 10.107790947, 11.9313821793, 10.0662460327, 16.2799758911, 29.6903858185, 29.2738685608, 22.8332195282, 10.5169696808, 5.85709142685, 4.21756982803, 3.58800840378, 2.82497596741, 1.99263703823, 1.4432631731, 0.982901751995, 0.420173674822, 0.19293372333, 0.0957832559943, 0.0430730767548, 0.0111073618755, 0.00174486753531, 4.43526187155e-05, 1.81978339242e-05], "median": [0.0145594021305, 0.348377376795, 1.36075699329, 3.64226913452, 2.32797288895, 1.60863983631, 1.60308361053, 1.69041109085, 3.01169991493, 3.0294034481, 4.45250463486, 3.60670495033, 2.50109505653, 2.63428235054, 3.47847104073, 4.92831420898, 2.94131398201, 2.85838890076, 3.93996596336, 3.45297217369, 6.21084022522, 13.3452129364, 12.0712080002, 9.71336364746, 5.39742088318, 2.96213102341, 1.78120028973, 1.28655767441, 1.02622961998, 0.838125050068, 0.626981317997, 0.471878111362, 0.223314672709, 0.0783299952745, 0.0297221951187, 0.0117904013023, 0.0027598135639, 0.000356176897185, 1.68562601175e-05, 1.633741158e-05], "min": [3.28894065861e-23, 4.08100414978e-22, 1.00949285534e-21, 3.58890080215e-21, 8.33749428281e-21, 1.29463830972e-20, 2.07278585276e-20, 6.33108466588e-20, 1.16874843214e-19, 1.77929173474e-19, 2.08076158639e-19, 2.73136046391e-19, 4.08235759376e-19, 5.76498616534e-19, 5.63209804897e-19, 9.90128265588e-19, 1.45750795575e-18, 1.80503196689e-18, 2.56342113777e-18, 3.35770829288e-18, 3.68464832807e-18, 4.03404280136e-18, 5.71389773295e-18, 6.41365985754e-18, 6.65319233778e-18, 7.31488719698e-18, 8.04237352057e-18, 8.75450323608e-18, 9.49562894079e-18, 1.22738374508e-17, 1.01695999875e-17, 9.88831887453e-18, 8.06394721812e-18, 7.3444837193e-18, 5.72965469644e-18, 3.85673870502e-18, 2.17982129858e-18, 9.05005073304e-19, 2.49185626291e-19, 2.59646937493e-20], "dvar2": [0.000396908231778, 0.470266252756, 84.6724777222, 661.27947998, 2821.78930664, 528.901977539, 121.595321655, 429.612701416, 164.496795654, 292.174591064, 600.083374023, 367.157897949, 202.111129761, 309.955230713, 605.413513184, 884.819458008, 542.494140625, 974.141357422, 913.493286133, 848.096740723, 1259.04199219, 3486.77758789, 4100.97509766, 2283.91186523, 432.083496094, 114.834747314, 63.5930900574, 70.2994003296, 47.8232803345, 20.3180904388, 37.1612625122, 9.49801540375, 1.27381789684, 0.124250002205, 0.038111101836, 0.00944018084556, 0.000810904079117, 3.02829448628e-05, 1.51207988353e-08, 7.85080334076e-10], "dvar": [0.000149337443872, 0.189215376973, 33.76587677, 248.52015686, 1142.41113281, 224.035461426, 60.8072624207, 170.230773926, 64.6204833984, 134.203262329, 295.395996094, 187.950576782, 95.3658981323, 152.166748047, 289.464385986, 418.219360352, 269.317840576, 482.691558838, 430.795715332, 395.11932373, 622.510009766, 1879.11523438, 2248.30029297, 1180.24719238, 213.846572876, 56.0772399902, 30.1011638641, 34.6690483093, 23.2613449097, 9.36926841736, 13.7406902313, 4.66959810257, 0.547234296799, 0.0591713003814, 0.0161555856466, 0.00373524706811, 0.000318445410812, 1.17114641398e-05, 5.95534643821e-09, 3.4140526517e-10], "dmean": [0.0086908088997, 0.268017888069, 3.152810812, 7.59364748001, 14.0322713852, 6.33327913284, 3.832498312, 5.33912801743, 4.08440208435, 5.03363704681, 7.35378980637, 5.91806125641, 3.73248577118, 5.332716465, 7.17348194122, 8.40434074402, 6.05559825897, 6.85369205475, 8.04154586792, 6.64412641525, 11.2577552795, 21.2319889069, 20.76994133, 15.7496109009, 7.27660131454, 3.9295194149, 2.89154458046, 2.43230247498, 1.96881628036, 1.40643513203, 1.0034070015, 0.684833705425, 0.30179142952, 0.137572392821, 0.0654205605388, 0.0283804554492, 0.00721099507064, 0.00109847960994, 2.90063999273e-05, 1.25484175442e-05], "max": [0.15080858767, 5.65032720566, 69.6205291748, 174.697463989, 336.858825684, 138.128616333, 112.448616028, 174.109115601, 144.877960205, 192.359481812, 438.010437012, 268.779449463, 245.497512817, 255.663116455, 504.973266602, 377.250640869, 502.06817627, 562.236938477, 460.422637939, 563.772888184, 524.651428223, 838.52154541, 1026.97424316, 921.340332031, 348.182983398, 158.195037842, 120.42816925, 204.789138794, 113.33795929, 81.9297790527, 149.91973877, 106.793426514, 38.9647483826, 3.18783068657, 1.78067600727, 1.03711342812, 0.384593009949, 0.0844695717096, 0.00188835302833, 0.000151374231791], "var": [0.000274359452305, 0.293034732342, 40.4557495117, 194.415527344, 1045.62609863, 224.62638855, 82.4799423218, 152.488754272, 101.650032043, 269.28338623, 737.349731445, 778.082763672, 221.415634155, 410.762329102, 687.723510742, 1027.93054199, 880.274475098, 1227.89794922, 1136.02416992, 845.247131348, 1595.67602539, 6670.05371094, 8662.12890625, 3603.41943359, 539.846313477, 135.957885742, 65.4585723877, 67.0850372314, 43.667881012, 16.4893703461, 17.7473468781, 8.07859706879, 0.862965464592, 0.11521268636, 0.0235111154616, 0.0042870673351, 0.000348032568581, 1.22098090287e-05, 6.88664814064e-09, 5.11879982845e-10], "mean": [0.0185425803065, 0.501604139805, 4.10061454773, 8.15001487732, 12.9161233902, 6.44139766693, 4.8271241188, 5.662296772, 6.33065414429, 8.52918338776, 14.3933877945, 13.1593379974, 7.37780857086, 10.264922142, 12.8337640762, 15.8935642242, 12.5931615829, 12.9778461456, 15.6486349106, 11.9255170822, 21.7939167023, 47.328578949, 44.1369132996, 30.8467750549, 13.6755943298, 7.21736192703, 5.09992218018, 4.05690860748, 3.19103074074, 2.29329490662, 1.61343109608, 1.127861619, 0.528035283089, 0.222851574421, 0.0925626307726, 0.0371557958424, 0.00915521848947, 0.00132079969626, 4.11685905419e-05, 2.32932143263e-05]}, "spectral_strongpeak": {"dmean2": 0.749985516071, "median": 0.375108867884, "min": 0, "dvar2": 2.09105587006, "dvar": 0.826439976692, "dmean": 0.440199792385, "max": 12.0600757599, "var": 1.15619587898, "mean": 0.687072694302}, "spectral_energy": {"dmean2": 0.0155503321439, "median": 0.0129785127938, "min": 1.00262634749e-20, "dvar2": 0.000610413611867, "dvar": 0.00025813395041, "dmean": 0.0104527045041, "max": 0.121827013791, "var": 0.000337021978339, "mean": 0.0183741953224}, "average_loudness": 0.938316106796, "spectral_rolloff": {"dmean2": 881.312988281, "median": 1162.79296875, "min": 107.666015625, "dvar2": 1101574.125, "dvar": 551145.1875, "dmean": 535.557983398, "max": 19530.6152344, "var": 10782128, "mean": 2015.38378906}, "spectral_centroid": {"dmean2": 511.315887451, "median": 1510.99255371, "min": 166.242828369, "dvar2": 270482.875, "dvar": 128078.21875, "dmean": 343.751647949, "max": 12038.7890625, "var": 3186858, "mean": 1809.05554199}, "pitch_salience": {"dmean2": 0.132354781032, "median": 0.537153363228, "min": 0.115855462849, "dvar2": 0.0148637518287, "dvar": 0.00596167473122, "dmean": 0.0821472629905, "max": 0.860104680061, "var": 0.0186012648046, "mean": 0.528043806553}, "spectral_energyband_middle_high": {"dmean2": 0.00194283341989, "median": 0.0020569935441, "min": 1.10531878086e-21, "dvar2": 1.01504565464e-05, "dvar": 5.93724462306e-06, "dmean": 0.0014333461877, "max": 0.0360720045865, "var": 2.70001110039e-05, "mean": 0.00405339011922}, "spectral_contrast_coeffs": {"dmean2": [0.0958910062909, 0.0690406709909, 0.0586657971144, 0.0469519197941, 0.0401320680976, 0.0274435840547], "median": [-0.637878835201, -0.75363111496, -0.775041282177, -0.791401565075, -0.777289688587, -0.765883207321], "min": [-0.983373582363, -0.980798780918, -0.97834533453, -0.969822883606, -0.968132853508, -0.96471786499], "dvar2": [0.00719848740846, 0.00324627803639, 0.00233347574249, 0.00152743048966, 0.00126532150898, 0.000701274373569], "dvar": [0.00318191479892, 0.00128736277111, 0.00103458377998, 0.000741882307921, 0.000706702528987, 0.000311870593578], "dmean": [0.0611224584281, 0.0427720956504, 0.0376639701426, 0.0300362948328, 0.0266993511468, 0.0171744022518], "max": [-0.316967785358, -0.531774401665, -0.517070770264, -0.564260303974, -0.51770222187, -0.554054021835], "var": [0.0107330912724, 0.00529009616002, 0.00575605873019, 0.00462485570461, 0.00528609380126, 0.00245242728852], "mean": [-0.633653819561, -0.754080116749, -0.771397292614, -0.781991302967, -0.765949308872, -0.76949006319]}, "melbands_skewness": {"dmean2": 1.6683434248, "median": 2.91162085533, "min": -1.39071083069, "dvar2": 3.4882569313, "dvar": 1.62918639183, "dmean": 1.12560331821, "max": 16.0207500458, "var": 5.74482393265, "mean": 3.30038571358}, "spectral_spread": {"dmean2": 734582.25, "median": 4162115.25, "min": 1474130.125, "dvar2": 1217752072190.0, "dvar": 577172996096, "dmean": 499453.03125, "max": 42519652, "var": 41293094846500.0, "mean": 5291798}, "dissonance": {"dmean2": 0.0230737682432, "median": 0.478162378073, "min": 0.331611633301, "dvar2": 0.00053230067715, "dvar": 0.000196857334231, "dmean": 0.0137278363109, "max": 0.499983280897, "var": 0.000412410096033, "mean": 0.472860604525}, "spectral_skewness": {"dmean2": 0.303831905127, "median": 1.3230073452, "min": -0.375404149294, "dvar2": 0.0869380682707, "dvar": 0.0343728028238, "dmean": 0.188538700342, "max": 4.65378332138, "var": 0.182201042771, "mean": 1.31908714771}, "spectral_flux": {"dmean2": 0.0470732562244, "median": 0.0607291944325, "min": 6.32018465341e-11, "dvar2": 0.00300095858984, "dvar": 0.00136222073343, "dmean": 0.0311663672328, "max": 0.315185427666, "var": 0.00287405843846, "mean": 0.0746713802218}, "spectral_contrast_valleys": {"dmean2": [0.685192525387, 0.604567110538, 0.591238200665, 0.525308191776, 0.427065640688, 0.415918380022], "median": [-7.39820814133, -7.14934301376, -7.84359407425, -8.34436225891, -7.65018081665, -10.4521303177], "min": [-28.3855056763, -28.1052627563, -27.9892311096, -27.7965927124, -27.5681495667, -27.4002532959], "dvar2": [0.317346185446, 0.280153542757, 0.297938644886, 0.258284211159, 0.227617889643, 0.207332268357], "dvar": [0.143187582493, 0.135621845722, 0.147309526801, 0.133649766445, 0.130580604076, 0.131463363767], "dmean": [0.42498961091, 0.383020430803, 0.390264570713, 0.354005396366, 0.302946835756, 0.329154133797], "max": [-5.77957344055, -5.42830133438, -5.81179904938, -6.28392267227, -5.71071100235, -8.17444896698], "var": [12.6391811371, 13.0613889694, 12.3387537003, 11.9446706772, 12.7217645645, 9.54699039459], "mean": [-8.11067199707, -7.82839584351, -8.51083946228, -8.9591588974, -8.29974937439, -10.9690895081]}, "erbbands_flatness_db": {"dmean2": 0.0233162492514, "median": 0.143028646708, "min": 0.0333074890077, "dvar2": 0.000513748265803, "dvar": 0.000285115442239, "dmean": 0.0165273491293, "max": 0.296497046947, "var": 0.00158639112487, "mean": 0.151016250253}, "spectral_energyband_high": {"dmean2": 0.000284201698378, "median": 0.000158455455676, "min": 7.02430790188e-21, "dvar2": 3.51745683247e-07, "dvar": 1.72964647049e-07, "dmean": 0.000210387574043, "max": 0.0104647139087, "var": 3.79870925826e-07, "mean": 0.000397728115786}, "spectral_entropy": {"dmean2": 0.247708797455, "median": 7.54495286942, "min": 5.64169740677, "dvar2": 0.0625356137753, "dvar": 0.0258251018822, "dmean": 0.163344189525, "max": 9.82350730896, "var": 0.25832849741, "mean": 7.59385633469}, "silence_rate_20dB": {"dmean2": 0, "median": 1, "min": 1, "dvar2": 0, "dvar": 0, "dmean": 0, "max": 1, "var": 0, "mean": 1}, "melbands_flatness_db": {"dmean2": 0.0476954244077, "median": 0.190340191126, "min": 0.002983285347, "dvar2": 0.00226140837185, "dvar": 0.000974765804131, "dmean": 0.031376067549, "max": 0.462195664644, "var": 0.00467223534361, "mean": 0.195840582252}, "barkbands": {"dmean2": [2.76022410617e-06, 0.00129189621657, 0.00635703094304, 0.00450879801065, 0.00503233866766, 0.000888622249477, 0.000472041545436, 0.00048774323659, 0.00035013773595, 0.000209008037928, 0.000238643740886, 0.000322835054249, 0.000217186228838, 0.000207500401302, 0.000230677193031, 0.000263377238298, 0.000629092333838, 0.000568672665395, 0.00033818508382, 0.000114227208542, 9.70808105194e-05, 7.59236281738e-05, 5.22387999808e-05, 3.37297024089e-05, 1.47824857777e-05, 7.30226429368e-06, 3.90476088796e-07], "median": [5.16538648299e-07, 0.00108765612822, 0.00153371947818, 0.0008105795132, 0.000574314442929, 0.000207072444027, 0.000209161778912, 0.000157462040079, 0.000135926951771, 6.54245377518e-05, 4.12590197811e-05, 0.000105475068267, 5.94309130975e-05, 3.72563808924e-05, 8.00537454779e-05, 4.75317210658e-05, 0.000282290420728, 0.000190680118976, 0.000146584352478, 5.30934376002e-05, 3.80633719033e-05, 2.87540697173e-05, 2.24832801905e-05, 1.77878991963e-05, 5.50236563868e-06, 1.86621014109e-06, 6.03116347975e-08], "min": [2.67698395117e-25, 2.1454231943e-24, 8.43604499385e-25, 9.49139100146e-25, 4.51990398535e-24, 6.32870524303e-24, 7.18534192179e-24, 6.35997174501e-24, 1.42938046152e-23, 5.6602911707e-24, 1.04682930751e-23, 2.68894851577e-23, 3.70482939002e-23, 2.86561076005e-23, 4.53185507029e-23, 4.96142044099e-23, 4.65457279706e-23, 8.92417579258e-23, 1.16096053576e-22, 1.32988468565e-22, 2.38186112124e-22, 2.69106405139e-22, 4.25802680883e-22, 5.54467181945e-22, 8.57467620655e-22, 1.22883354745e-21, 1.88220283379e-21], "dvar2": [3.02854442913e-11, 4.2482470235e-06, 0.000129273394123, 7.93641520431e-05, 0.000155688190716, 3.86413648812e-06, 8.74503655268e-07, 1.15582179205e-06, 5.56797260742e-07, 2.31340010259e-07, 3.2637115055e-07, 5.62219668154e-07, 2.80792335161e-07, 5.03297599153e-07, 3.3546032796e-07, 4.07895782928e-07, 1.48861533944e-06, 1.69999395894e-06, 4.48507336159e-07, 4.64926586119e-08, 3.97915371764e-08, 3.04579366173e-08, 3.96356725219e-08, 7.33495042482e-09, 8.04903366181e-10, 3.06643210823e-10, 1.46024620347e-12], "dvar": [1.331355165e-11, 1.66622896813e-06, 5.04019153595e-05, 2.94853361993e-05, 6.6182736191e-05, 1.62046057994e-06, 3.61415402494e-07, 5.61359058793e-07, 2.81880318198e-07, 1.1753174789e-07, 1.55220320153e-07, 2.70081528697e-07, 1.36286246288e-07, 2.445117957e-07, 1.51586803554e-07, 1.75201691377e-07, 7.65109120948e-07, 8.26731707093e-07, 2.