{"tonal": {"thpcp": [1, 0.933141767979, 0.378268241882, 0.268695682287, 0.260632812977, 0.317364782095, 0.526440858841, 0.436349630356, 0.223960936069, 0.341502815485, 0.351518183947, 0.523771762848, 0.774997055531, 0.517031252384, 0.229226738214, 0.198214501143, 0.180501714349, 0.168236672878, 0.176853820682, 0.188856214285, 0.349178701639, 0.774985730648, 0.765407264233, 0.541154801846, 0.613946199417, 0.568015158176, 0.435270428658, 0.366521209478, 0.399405658245, 0.477515131235, 0.582637131214, 0.532744050026, 0.453656256199, 0.564481794834, 0.523336470127, 0.506656110287], "hpcp": {"dmean2": [0.259355604649, 0.24847432971, 0.27053424716, 0.302676707506, 0.324034452438, 0.292064458132, 0.266378492117, 0.26754501462, 0.239603281021, 0.237038999796, 0.28966447711, 0.280950009823, 0.187178269029, 0.168823555112, 0.163138121367, 0.15232296288, 0.19548766315, 0.16525284946, 0.119449801743, 0.14002238214, 0.143848881125, 0.314307510853, 0.419960170984, 0.260603636503, 0.157008260489, 0.144118145108, 0.134133279324, 0.137913048267, 0.147200495005, 0.152774721384, 0.196695134044, 0.284906566143, 0.280156165361, 0.277920335531, 0.296232968569, 0.308828085661], "median": [0.0156285259873, 0.0177023913711, 0.0173352584243, 0.0215439982712, 0.0264627542347, 0.0262082517147, 0.0332826338708, 0.0398060679436, 0.0384105443954, 0.0514807552099, 0.0871789008379, 0.0787455141544, 0.0320887118578, 0.00865093898028, 0.00823465362191, 0.020728867501, 0.0329821333289, 0.0289696566761, 0.0158431194723, 0.0084226988256, 0.0124531518668, 0.0366431325674, 0.0536426156759, 0.0416424795985, 0.0140823498368, 0.00772804301232, 0.00779562070966, 0.00617873482406, 0.00538149476051, 0.0055837072432, 0.0334314703941, 0.0868499428034, 0.0914520993829, 0.0396316349506, 0.0219537951052, 0.0210265181959], "min": [0, 0, 0, 0, 0, 0, 0, 0, 0, 0, 0, 0, 0, 0, 0, 0, 0, 0, 0, 0, 0, 0, 0, 0, 0, 0, 0, 0, 0, 0, 0, 0, 0, 0, 0, 0], "dvar2": [0.143451884389, 0.14918833971, 0.148366034031, 0.196413651109, 0.191806584597, 0.171266153455, 0.152032598853, 0.138727337122, 0.11959373951, 0.124167755246, 0.157968729734, 0.137149140239, 0.100775711238, 0.0945697277784, 0.101179152727, 0.0633697286248, 0.0984050855041, 0.0753232091665, 0.0612789653242, 0.0808857306838, 0.06308118999, 0.186005964875, 0.275702893734, 0.143599018455, 0.0967018604279, 0.0982410386205, 0.0877720341086, 0.095902889967, 0.112348102033, 0.100447937846, 0.109043829143, 0.143350347877, 0.1218720451, 0.143310382962, 0.149840250611, 0.179424643517], "dvar": [0.0555668249726, 0.0544438064098, 0.0559137761593, 0.0727316141129, 0.0709658637643, 0.065670222044, 0.0564947426319, 0.0534545332193, 0.0482964776456, 0.0470575615764, 0.0674047470093, 0.0589610338211, 0.0391164831817, 0.0353319272399, 0.0368064753711, 0.0252352189273, 0.0409737750888, 0.0309990160167, 0.022316057235, 0.031875539571, 0.0244126264006, 0.0707232356071, 0.105695016682, 0.0526196025312, 0.0348347425461, 0.0349899157882, 0.0306881554425, 0.0330904498696, 0.0374216400087, 0.0336863212287, 0.0383601523936, 0.0558638460934, 0.0468373633921, 0.0530209615827, 0.0592701807618, 0.0682909861207], "dmean": [0.146512553096, 0.136402890086, 0.147957757115, 0.166800424457, 0.178926244378, 0.165268629789, 0.145493075252, 0.150474622846, 0.137260660529, 0.134318396449, 0.165889754891, 0.162019118667, 0.106346733868, 0.0932880863547, 0.0893134325743, 0.0882824733853, 0.117311663926, 0.098149895668, 0.0670845359564, 0.0795067846775, 0.0848938301206, 0.177203565836, 0.235316440463, 0.147790059447, 0.0861320272088, 0.0778050050139, 0.0719989016652, 0.0724830627441, 0.0773131549358, 0.0807069316506, 0.108474887908, 0.165472209454, 0.165023446083, 0.156351700425, 0.165829539299, 0.172572255135], "max": [1, 1, 1, 1, 1, 1, 1, 1, 1, 1, 1, 1, 1, 1, 1, 1, 1, 1, 1, 1, 1, 1, 1, 1, 1, 1, 1, 1, 1, 1, 1, 1, 1, 1, 1, 1], "var": [0.0559405907989, 0.0435071922839, 0.0488393343985, 0.0640105307102, 0.0738309323788, 0.0646950080991, 0.0487098582089, 0.0619595982134, 0.0554787293077, 0.0449072085321, 0.134971737862, 0.118396982551, 0.0358186587691, 0.031130630523, 0.0318088270724, 0.0282921902835, 0.0620799995959, 0.0460368692875, 0.0169819518924, 0.0490351803601, 0.0389403700829, 0.0601065717638, 0.105119131505, 0.0538373067975, 0.0241514071822, 0.0241992361844, 0.0198212694377, 0.0202344935387, 0.0221080519259, 0.0206137187779, 0.0306621547788, 0.0853798612952, 0.0783693864942, 0.0549785345793, 0.0770771279931, 0.0746850371361], "mean": [0.121940486133, 0.10268048197, 0.11189302057, 0.133775293827, 0.163225099444, 0.149247616529, 0.127091258764, 0.158138900995, 0.146612077951, 0.141939103603, 0.280148804188, 0.261418551207, 0.105971395969, 0.0752747729421, 0.0730159729719, 0.0889093652368, 0.147481784225, 0.122242823243, 0.0627423897386, 0.0956716090441, 0.0984774008393, 0.146734029055, 0.217114493251, 0.144845679402, 0.0642175972462, 0.0555295571685, 0.0505673401058, 0.0471313036978, 0.0495453849435, 0.0529078431427, 0.097821995616, 0.217111319304, 0.214427933097, 0.151603877544, 0.171996295452, 0.159128770232]}, "tuning_equal_tempered_deviation": 0.397048443556, "chords_changes_rate": 0.0803072601557, "key_key": "C", "tuning_diatonic_strength": 0.368315905333, "key_scale": "major", "chords_number_rate": 0.00837988872081, "tuning_frequency": 454.990661621, "tuning_nontempered_energy_ratio": 0.978005945683, "chords_histogram": [22.8351955414, 9.00837993622, 19.9022350311, 0.349162012339, 0, 0, 0, 0, 10.8938550949, 4.95810079575, 0, 0, 3.63128495216, 1.74581003189, 0, 0.837988853455, 3.07262563705, 0.907821238041, 8.65921783447, 4.608938694, 2.86312842369, 0, 0, 5.72625684738], "key_strength": 0.530795276165, "chords_key": "C", "chords_strength": {"dmean2": 0.013223009184, "median": 0.467144608498, "min": 0.232767522335, "dvar2": 0.000137665789225, "dvar": 0.000101936188003, "dmean": 0.0116330608726, "max": 0.726807117462, "var": 0.00796606112272, "mean": 0.47363525629}, "chords_scale": "major", "hpcp_entropy": {"dmean2": 1.10471117496, "median": 2.09025907516, "min": 0, "dvar2": 0.905408143997, "dvar": 0.342504829168, "dmean": 0.649300158024, "max": 4.17569494247, "var": 0.566704750061, "mean": 2.04612207413}}, "metadata": {"audio_properties": {"equal_loudness": 0, "codec": "mp3", "downmix": "mix", "sample_rate": 44100, "analysis_sample_rate": 44100, "bit_rate": 157742, "md5_encoded": "bde2457c8abf44f0a07c7f8a66b8b927", "length": 66.4555130005, "replay_gain": -10.8749408722, "lossless": false}, "version": {"essentia_build_sha": "70f2e5ece6736b2c40cc944ad0e695b16b925413", "essentia": "2.1-beta2", "extractor": "music 1.0", "essentia_git_sha": "v2.1_beta2"}, "tags": {"title": ["Taking It Lyte (feat. MC Lyte)"], "language": ["eng"], "media": ["CD"], "albumartist": ["Lord Finesse"], "musicbrainz_recordingid": ["0856b313-961c-4694-9644-21bf4b5c3c9c"], "musicbrainz_albumartistid": ["bcd09d6f-ee04-4418-a39d-4ecb57747116"], "discnumber": ["1/1"], "album": ["The Awakening"], "musicbrainz album release country": ["US"], "musicbrainz album type": ["album"], "musicbrainz album status": ["official"], "file_name": "06 Taking It Lyte (feat. MC Lyte).mp3", "originaldate": ["1996-02-20"], "date": ["1996-02-20"], "genre": ["Hip-Hop"], "musicbrainz_releasegroupid": ["4cb73a57-30ba-3843-acb6-c7a580470305"], "script": ["Latn"], "asin": ["B000003111"], "musicbrainz_albumid": ["b79edcef-bc1a-471f-9468-d050459c4d3a"], "tracknumber": ["6/16"], "encodedby": ["Lame 3.90"], "artistsort": ["Lord Finesse"], "artist": ["Lord Finesse"], "label": ["Penalty Recordings"], "albumartistsort": ["Lord Finesse"], "musicbrainz_artistid": ["bcd09d6f-ee04-4418-a39d-4ecb57747116"]}}, "rhythm": {"bpm_histogram_first_peak_bpm": {"dmean2": 0, "median": 89, "min": 89, "dvar2": 0, "dvar": 0, "dmean": 0, "max": 89, "var": 0, "mean": 89}, "bpm": 88.429107666, "bpm_histogram_second_peak_spread": {"dmean2": 0, "median": 0, "min": 0, "dvar2": 0, "dvar": 0, "dmean": 0, "max": 0, "var": 0, "mean": 0}, "bpm_histogram_first_peak_weight": {"dmean2": 0, "median": 0.947916686535, "min": 0.947916686535, "dvar2": 0, "dvar": 0, "dmean": 0, "max": 0.947916686535, "var": 0, "mean": 0.947916686535}, "onset_rate": 4.25774431229, "beats_position": [0.673378646374, 1.369977355, 2.06657600403, 2.76317453384, 3.44816327095, 4.13315200806, 4.82975053787, 5.52634906769, 6.19972801208, 6.88471651077, 7.56970500946, 8.24308395386, 8.91646194458, 9.58984088898, 10.2632198334, 10.9365987778, 11.6215867996, 12.3065757751, 12.9799547195, 13.6533327103, 14.3267116547, 15.0117006302, 15.696688652, 16.3700675964, 17.0434455872, 17.7168254852, 18.390203476, 19.0635814667, 19.7369613647, 20.4219493866, 21.1069393158, 21.7803173065, 22.4536952972, 23.1270751953, 23.800453186, 24.4854412079, 25.158821106, 25.8321990967, 26.5171871185, 27.1905670166, 27.8639450073, 28.537322998, 29.2223129272, 29.9073009491, 30.5806789398, 31.2540588379, 31.9274368286, 32.6008148193, 33.2741928101, 33.9591827393, 34.6441726685, 35.3175506592, 35.9909286499, 36.6643066406, 37.3376846313, 38.0110664368, 38.6844444275, 39.369430542, 40.0544204712, 40.7277984619, 41.4011802673, 42.0861663818, 42.771156311, 43.4445343018, 44.1179122925, 44.7912902832, 45.4646720886, 46.1380500793, 46.8114280701, 47.4964179993, 48.1814041138, 48.8547821045, 49.5281639099, 50.2015419006, 50.8749198914, 51.5482978821, 52.2216758728, 52.906665802, 53.5916557312, 54.2650337219, 54.9384117126, 55.6117897034, 56.2851676941, 56.9701576233, 57.6551475525, 58.3285255432, 59.0019035339, 59.6752815247, 60.3486595154, 61.0336494446, 61.7186393738, 62.4036254883, 63.0886154175, 63.7619934082, 64.4469833374, 65.1319732666, 65.8169631958], "beats_loudness": {"dmean2": 0.158508494496, "median": 0.109413772821, "min": 1.28520950966e-05, "dvar2": 0.022175045684, "dvar": 0.0067896055989, "dmean": 0.117626316845, "max": 0.478655129671, "var": 0.0120778465644, "mean": 0.106826476753}, "danceability": 1.52846133709, "bpm_histogram_second_peak_weight": {"dmean2": 0, "median": 0, "min": 0, "dvar2": 0, "dvar": 0, "dmean": 0, "max": 0, "var": 0, "mean": 0}, "beats_count": 97, "bpm_histogram_second_peak_bpm": {"dmean2": 0, "median": 0, "min": 0, "dvar2": 0, "dvar": 0, "dmean": 0, "max": 0, "var": 0, "mean": 0}, "bpm_histogram_first_peak_spread": {"dmean2": 0, "median": 0.0520833134651, "min": 0.0520833134651, "dvar2": 0, "dvar": 0, "dmean": 0, "max": 0.0520833134651, "var": 0, "mean": 0.0520833134651}, "beats_loudness_band_ratio": {"dmean2": [0.896282851696, 0.829376876354, 0.316629886627, 0.110756188631, 0.149706318974, 0.365481436253], "median": [0.0963556542993, 0.262509524822, 0.0560142546892, 0.0420975610614, 0.0368337146938, 0.15757393837], "min": [1.83106003533e-05, 0.000181758179679, 9.97693350655e-05, 5.98989063292e-05, 8.72319142218e-05, 0.00093535403721], "dvar2": [0.38292080164, 0.138579368591, 0.126930221915, 0.0133955664933, 0.00756575493142, 0.0847646147013], "dvar": [0.162913382053, 0.0450240783393, 0.0487240254879, 0.00464445864782, 0.00272264401428, 0.0330424234271], "dmean": [0.45358929038, 0.417054176331, 0.182289525867, 0.0612006336451, 0.0773856118321, 0.220941379666], "max": [0.996161043644, 0.859919667244, 0.897257804871, 0.429934442043, 0.363235861063, 0.997953653336], "var": [0.140804678202, 0.0725146308541, 0.0387612208724, 0.00388828804716, 0.00315709155984, 0.0637979581952], "mean": [0.295500040054, 0.308319121599, 0.130295813084, 0.0428972691298, 0.0500468164682, 0.214788064361]}}, "lowlevel": {"barkbands_spread": {"dmean2": 12.8725605011, "median": 11.900554657, "min": 0.431526988745, "dvar2": 298.60333252, "dvar": 150.592269897, "dmean": 8.65571308136, "max": 110.503829956, "var": 431.293884277, "mean": 20.2603855133}, "melbands_spread": {"dmean2": 20.2651920319, "median": 12.6883964539, "min": 0.334597438574, "dvar2": 1341.24865723, "dvar": 676.027709961, "dmean": 13.7358732224, "max": 258.81729126, "var": 1843.78100586, "mean": 28.6645374298}, "hfc": {"dmean2": 12.7235898972, "median": 4.18458747864, "min": 1.1714410074e-16, "dvar2": 743.467651367, "dvar": 479.658325195, "dmean": 9.70653152466, "max": 288.955078125, "var": 1115.23205566, "mean": 16.2373733521}, "barkbands_kurtosis": {"dmean2": 29.2116394043, "median": 5.24308109283, "min": -1.96444964409, "dvar2": 6662.96826172, "dvar": 3526.36401367, "dmean": 19.2702636719, "max": 782.906677246, "var": 4584.77001953, "mean": 22.0550022125}, "gfcc": {"mean": [-113.772399902, 82.8637390137, -91.7780761719, 40.8400802612, -87.0693664551, 5.38486909866, -35.2313308716, 7.87168598175, -14.149102211, -4.66960716248, -15.46717453, -3.57677483559, -8.09632492065], "icov": [[0.000109166670882, -9.60242905421e-05, 9.58387099672e-05, -0.000181498253369, 3.62341779692e-05, -0.000241872359766, 0.000180442861165, -0.000218028741074, 0.000425511039793, -0.000138649469591, 0.000113342568511, -6.13233278273e-05, 2.73851719612e-06], [-9.60242905421e-05, 0.000840884109493, -0.000265306851361, 0.000684736121912, -0.000750482780859, 0.000623313593678, -0.000644459971227, 0.000101755569631, -0.000581531203352, 0.00076043070294, -0.000687194406055, 0.00047332822578, -1.31646647787e-05], [9.58387099672e-05, -0.000265306851361, 0.00127675500698, -0.000842683482915, 9.50906032813e-05, -0.000616531877313, 0.000124867990962, -0.000163651726325, -7.79315232649e-05, -0.000303802255075, 0.000322267616866, -0.00115448480938, 0.00094069232], [-0.000181498253369, 0.000684736121912, -0.000842683482915, 0.00238561583683, -0.000516262429301, 0.000660475634504, -0.000311400101054, 0.000369441026123, -0.00103144033346, -0.000172698564711, -0.00016419084568, 0.000539636879694, -0.00104033190291], [3.62341779692e-05, -0.000750482780859, 9.50906032813e-05, -0.000516262429301, 0.00268648937345, -0.000279525615042, 8.13851002022e-05, -0.000511250866111, 0.000419906049501, -0.000833173457067, 0.000185295531992, -0.000244809751166, 0.000308973103529], [-0.000241872359766, 0.000623313593678, -0.000616531877313, 0.000660475634504, -0.000279525615042, 0.00351570197381, -0.00206133117899, 0.000309707218548, -0.000569224648643, -0.000156442431035, 0.000683856429532, -0.000281038112007, 0.000128945801407], [0.000180442861165, -0.000644459971227, 0.000124867990962, -0.000311400101054, 8.13851002022e-05, -0.00206133117899, 0.00470346957445, -0.00148577301297, 0.000541384564713, 3.61263846571e-05, -0.000460613635369, -0.000802425027359, 0.000225626892643], [-0.000218028741074, 0.000101755569631, -0.000163651726325, 0.000369441026123, -0.000511250866111, 0.000309707218548, -0.00148577301297, 0.00494138943031, -0.0012890228536, -0.00050324422773, 8.40280772536e-05, 0.000374955154257, -0.00166779663414], [0.000425511039793, -0.000581531203352, -7.79315232649e-05, -0.00103144033346, 0.000419906049501, -0.000569224648643, 0.000541384564713, -0.0012890228536, 0.00691840052605, -0.000796335225459, 0.000137488037581, 0.000107796498924, -3.8204525481e-05], [-0.000138649469591, 0.00076043070294, -0.000303802255075, -0.000172698564711, -0.000833173457067, -0.000156442431035, 3.61263846571e-05, -0.00050324422773, -0.000796335225459, 0.00827308092266, -0.00182468653657, -0.000644042738713, 0.00143321102951], [0.000113342568511, -0.000687194406055, 0.000322267616866, -0.00016419084568, 0.000185295531992, 0.000683856429532, -0.000460613635369, 8.40280772536e-05, 0.000137488037581, -0.00182468653657, 0.00906722899526, -0.00111635576468, -0.00109802512452], [-6.13233278273e-05, 0.00047332822578, -0.00115448480938, 0.000539636879694, -0.000244809751166, -0.000281038112007, -0.000802425027359, 0.000374955154257, 0.000107796498924, -0.000644042738713, -0.00111635576468, 0.0102387508377, -0.00275083445013], [2.73851719612e-06, -1.31646647787e-05, 0.00094069232, -0.00104033190291, 0.000308973103529, 0.000128945801407, 0.000225626892643, -0.00166779663414, -3.8204525481e-05, 0.00143321102951, -0.00109802512452, -0.00275083445013, 0.0104153044522]], "cov": [[16943.9726562, -139.755966187, -342.555480957, 632.868347168, 266.307312012, 927.711364746, 28.5102138519, 529.607177734, -775.687744141, 242.695846558, -191.918701172, 85.4976959229, 120.430335999], [-139.755966187, 3137.33496094, -145.713867188, -678.235595703, 648.7421875, -291.63470459, 297.105102539, 147.351593018, 85.5480804443, -193.628967285, 198.984436035, -99.9395751953, -27.5174465179], [-342.555480957, -145.713867188, 1439.4465332, 467.194976807, 76.2417373657, 295.36315918, 136.726638794, 41.7705078125, 122.427490234, 112.051315308, -36.1076545715, 145.586517334, -65.9533462524], [632.868347168, -678.235595703, 467.194976807, 825.29876709, -16.5099697113, 93.0936813354, -33.3780899048, 13.0027170181, 58.0588302612, 103.268585205, -38.1674537659, 55.3124732971, 37.9450340271], [266.307312012, 648.7421875, 76.2417373657, -16.5099697113, 562.940185547, 13.6558742523, 103.70451355, 92.2316894531, 14.1573476791, 21.0561122894, 37.7320594788, 2.14208126068, -10.4334411621], [927.711364746, -291.63470459, 295.36315918, 93.0936813354, 13.6558742523, 564.244018555, 200.216415405, 69.5515518188, -14.0757846832, 64.9783782959, -55.6307640076, 70.5890960693, -14.7955780029], [28.5102138519, 297.105102539, 136.726638794, -33.3780899048, 103.70451355, 200.216415405, 375.78616333, 117.051582336, 22.1268501282, 7.37266874313, 23.7953224182, 40.0858459473, 1.8952075243], [529.607177734, 147.351593018, 41.7705078125, 13.0027170181, 92.2316894531, 69.5515518188, 117.051582336, 285.35055542, 28.8877830505, 24.1644248962, 10.6434764862, 16.1587085724, 39.3039207458], [-775.687744141, 85.5480804443, 122.427490234, 58.0588302612, 14.1573476791, -14.0757846832, 22.1268501282, 28.8877830505, 212.09135437, 11.3155698776, 13.9746084213, 2.88500475883, 0.410693615675], [242.695846558, -193.628967285, 112.051315308, 103.268585205, 21.0561122894, 64.9783782959, 7.37266874313, 24.1644248962, 11.3155698776, 161.084716797, 9.1998500824, 27.4385509491, -11.7411813736], [-191.918701172, 198.984436035, -36.1076545715, -38.1674537659, 37.7320594788, -55.6307640076, 23.7953224182, 10.6434764862, 13.9746084213, 9.1998500824, 137.466262817, 8.14399147034, 15.9375753403], [85.4976959229, -99.9395751953, 145.586517334, 55.3124732971, 2.14208126068, 70.5890960693, 40.0858459473, 16.1587085724, 2.88500475883, 27.4385509491, 8.14399147034, 129.987625122, 24.4336700439], [120.430335999, -27.5174465179, -65.9533462524, 37.9450340271, -10.4334411621, -14.7955780029, 1.8952075243, 39.3039207458, 0.410693615675, -11.7411813736, 15.9375753403, 24.4336700439, 122.189041138]]}, "spectral_energyband_middle_low": {"dmean2": 0.0105419112369, "median": 0.00191517709754, "min": 2.60319706345e-22, "dvar2": 0.000783401308581, "dvar": 0.000329923670506, "dmean": 0.00662799738348, "max": 0.174762636423, "var": 0.000325676955981, "mean": 0.00788567680866}, "melbands_crest": {"dmean2": 6.30923271179, "median": 14.8628978729, "min": 1.60082316399, "dvar2": 34.9817962646, "dvar": 14.7451925278, "dmean": 4.09486532211, "max": 33.9622344971, "var": 38.2305335999, "mean": 15.6841535568}, "spectral_kurtosis": {"dmean2": 3.38442564011, "median": 2.49692630768, "min": -1.31859600544, "dvar2": 25.0519218445, "dvar": 10.3113384247, "dmean": 2.14161658287, "max": 46.1664581299, "var": 22.8290061951, "mean": 4.01163196564}, "spectral_rms": {"dmean2": 0.0018565490609, "median": 0.00234977179207, "min": 3.19624665276e-12, "dvar2": 8.67418930284e-06, "dvar": 6.3102461354e-06, "dmean": 0.00146428472362, "max": 0.0238227006048, "var": 1.5862255168e-05, "mean": 0.00355668994598}, "zerocrossingrate": {"dmean2": 0.0202721208334, "median": 0.04296875, "min": 0.00390625, "dvar2": 0.00076183269266, "dvar": 0.000713206769433, "dmean": 0.0196157004684, "max": 0.515625, "var": 0.00604614941403, "mean": 0.0755846723914}, "silence_rate_60dB": {"dmean2": 0.194337651134, "median": 0, "min": 0, "dvar2": 0.190129980445, "dvar": 0.0876979753375, "dmean": 0.097134873271, "max": 1, "var": 0.235351502895, "mean": 0.378973096609}, "erbbands_kurtosis": {"dmean2": 5.40541267395, "median": 1.68559646606, "min": -1.89398908615, "dvar2": 66.5032196045, "dvar": 28.2946910858, "dmean": 3.47173523903, "max": 69.2088165283, "var": 66.934135437, "mean": 4.48578453064}, "erbbands": {"dmean2": [0.732570588589, 5.73481178284, 8.95811462402, 7.14925956726, 14.7311258316, 24.9798202515, 8.59463214874, 9.27286338806, 10.8201408386, 19.147436142, 17.9012527466, 16.2024803162, 12.2920236588, 13.8112821579, 10.4090166092, 6.86210298538, 4.62012147903, 4.43293714523, 10.6420211792, 8.53937911987, 7.58194541931, 8.0914850235, 8.97719097137, 7.27479171753, 10.1969060898, 10.25025177, 9.06108951569, 15.0444803238, 17.8767318726, 9.45908927917, 8.41886043549, 5.85651779175, 2.51153469086, 1.26386630535, 0.451427578926, 0.0879971012473, 0.0182157568634, 0.00416208803654, 0.000391070963815, 4.64920049126e-05], "median": [0.00296840909868, 0.0287698023021, 0.263363718987, 0.519853115082, 0.420419514179, 0.965642511845, 1.10625779629, 1.54469096661, 3.00517106056, 3.47063732147, 2.8746752739, 3.19186925888, 1.01986956596, 0.888310551643, 0.701825678349, 0.438642650843, 0.314795106649, 0.174027234316, 0.275910824537, 0.353419303894, 0.355491131544, 0.49317997694, 0.387016803026, 0.439019918442, 0.617669939995, 0.705669641495, 0.424667745829, 0.506667435169, 0.466609269381, 0.389111369848, 0.316779822111, 0.1941254884, 0.0952107459307, 0.0550966374576, 0.0180792734027, 0.00337225571275, 0.000535749597475, 7.44313365431e-05, 1.01794385046e-05, 9.20175716601e-06], "min": [1.30694930583e-21, 2.92506291507e-21, 5.69742538102e-21, 3.87964541705e-20, 4.05948643757e-20, 3.07726361464e-19, 3.07638835416e-19, 5.14231820442e-19, 4.21438208188e-19, 1.77923706327e-19, 4.22926512905e-19, 1.68800596934e-18, 2.19388895246e-18, 2.67934988024e-18, 4.39324391441e-18, 2.71430467177e-18, 2.7502235423e-18, 6.30163478718e-18, 4.13605691836e-18, 6.45687425428e-18, 6.99422236072e-18, 1.32582071951e-17, 1.16048079811e-17, 1.7607042264e-17, 1.26400162459e-17, 1.3625021265e-17, 1.74110484353e-17, 1.3718395894e-17, 1.60798914909e-17, 2.12001543719e-17, 1.4255705123e-17, 1.9371759309e-17, 1.45244064732e-17, 1.44582601483e-17, 8.48126893614e-18, 6.38217364111e-18, 3.58468231027e-18, 1.62002961077e-18, 2.91236050664e-19, 3.23007179113e-20], "dvar2": [8.38325500488, 410.199829102, 941.507019043, 591.930969238, 2128.7824707, 8635.90332031, 532.673950195, 1122.75878906, 860.837036133, 3609.4050293, 4044.02441406, 2204.49902344, 2074.52587891, 4177.02490234, 1175.21105957, 526.341003418, 225.019012451, 211.330062866, 1594.06237793, 858.030822754, 601.734069824, 1046.43127441, 1279.55700684, 500.958190918, 1375.7166748, 1060.60168457, 796.94152832, 2553.58300781, 2701.90673828, 866.225891113, 601.973022461, 272.494537354, 84.7590484619, 17.523765564, 2.11601662636, 0.0547681637108, 0.00186291278806, 0.000140326897963, 9.80292725217e-07, 8.91447626827e-09], "dvar": [3.90290403366, 200.545120239, 368.731079102, 234.179992676, 811.734375, 3593.7746582, 255.8540802, 546.949890137, 380.659851074, 1668.20703125, 1619.38586426, 827.518859863, 867.738464355, 1752.71325684, 574.438720703, 255.24180603, 110.851531982, 102.952568054, 691.661010742, 420.951049805, 301.718383789, 456.635925293, 579.124328613, 312.158935547, 630.038635254, 524.37677002, 484.431396484, 1224.17004395, 1345.19958496, 466.368743896, 334.220275879, 150.355728149, 50.1506385803, 9.78957748413, 1.00753748417, 0.0295637864619, 0.00101825268939, 7.10449894541e-05, 5.76836896471e-07, 5.86382320478e-09], "dmean": [0.468044698238, 3.95889282227, 5.45767879486, 4.1888756752, 8.53908729553, 15.4435358047, 5.88249015808, 6.87295818329, 6.82540225983, 12.6544389725, 11.3332939148, 9.73826026917, 7.9945397377, 9.33640003204, 7.12420272827, 4.55712366104, 3.12667155266, 2.99652004242, 7.06648492813, 6.04594278336, 5.32784843445, 5.70104408264, 6.35553979874, 5.15023040771, 6.89540863037, 6.91452264786, 6.52501583099, 10.9693126678, 12.7813167572, 6.92406129837, 6.05405473709, 4.0671005249, 1.90268564224, 0.942183375359, 0.323732256889, 0.066739462316, 0.0139822559431, 0.00311077293009, 0.000297967228107, 3.47901768691e-05], "max": [16.1389198303, 129.654983521, 218.696914673, 168.679672241, 301.824920654, 672.108032227, 301.046691895, 380.570983887, 357.797241211, 666.327026367, 702.239257812, 399.519805908, 787.325012207, 769.71496582, 576.811645508, 343.403594971, 148.172546387, 187.431533813, 450.165802002, 352.427581787, 315.22052002, 310.738311768, 271.140594482, 171.839004517, 303.193878174, 402.531860352, 471.482299805, 523.33581543, 438.49597168, 538.780761719, 465.23135376, 243.790039062, 237.907180786, 83.6600189209, 26.3985996246, 5.17584848404, 0.357466906309, 0.087346509099, 0.00817697122693, 0.000657545693684], "var": [3.88909029961, 231.862228394, 298.53112793, 180.242141724, 589.432922363, 3213.15258789, 522.358032227, 737.390869141, 732.674804688, 2576.13671875, 1729.37463379, 1112.77197266, 1081.99499512, 1917.06176758, 1045.86804199, 393.681091309, 153.845840454, 173.46661377, 793.327392578, 621.05670166, 525.757385254, 512.784729004, 715.765258789, 514.247924805, 939.086791992, 975.321228027, 1053.44995117, 2235.60546875, 2463.171875, 1137.40222168, 911.511413574, 431.939086914, 140.849731445, 26.8769397736, 2.23843789101, 0.0683193877339, 0.00173465325497, 9.4509065093e-05, 8.98060420695e-07, 1.0086621316e-08], "mean": [0.396226972342, 3.47722244263, 4.40365886688, 3.48105883598, 6.585709095, 15.0050573349, 8.23987007141, 8.17104434967, 10.6688499451, 16.8485336304, 14.1596870422, 15.0259904861, 10.6066131592, 11.2100563049, 10.3913230896, 5.81172227859, 3.68758487701, 3.84532356262, 7.14791345596, 6.60747289658, 6.6692814827, 6.04731655121, 7.22350263596, 6.83210849762, 9.11650753021, 9.7180223465, 9.30729103088, 14.3697404861, 16.5740203857, 9.72385597229, 8.6908493042, 5.75982236862, 2.79273366928, 1.34420406818, 0.429678499699, 0.0863875672221, 0.0159630570561, 0.00325888860971, 0.000319165614201, 4.48578357464e-05]}, "spectral_strongpeak": {"dmean2": 0.761695086956, "median": 0.445733219385, "min": 0, "dvar2": 2.00305509567, "dvar": 0.815654993057, "dmean": 0.464026242495, "max": 15.4332742691, "var": 1.22474265099, "mean": 0.782939970493}, "spectral_energy": {"dmean2": 0.0323664397001, "median": 0.00565946288407, "min": 1.04713932732e-20, "dvar2": 0.00640808744356, "dvar": 0.00390675244853, "dmean": 0.0243564322591, "max": 0.581709086895, "var": 0.00614798208699, "mean": 0.0292250979692}, "average_loudness": 0.890032887459, "spectral_rolloff": {"dmean2": 1249.51159668, "median": 667.529296875, "min": 64.599609375, "dvar2": 4261046, "dvar": 2393894.25, "dmean": 783.749755859, "max": 18669.2871094, "var": 7864730.5, "mean": 2066.40185547}, "spectral_centroid": {"dmean2": 549.778503418, "median": 859.273925781, "min": 127.831207275, "dvar2": 568211.125, "dvar": 353548.9375, "dmean": 391.607055664, "max": 11415.7402344, "var": 1756719.375, "mean": 1398.80737305}, "pitch_salience": {"dmean2": 0.149064660072, "median": 0.561315894127, "min": 0.0520834214985, "dvar2": 0.0196957234293, "dvar": 0.00957124494016, "dmean": 0.0970467627048, "max": 0.867081582546, "var": 0.0273436587304, "mean": 0.542609632015}, "spectral_energyband_middle_high": {"dmean2": 0.00140120962169, "median": 0.000250783050433, "min": 1.45296556612e-21, "dvar2": 1.33294533953e-05, "dvar": 7.60845432524e-06, "dmean": 0.00103361229412, "max": 0.0349354036152, "var": 1.54109820869e-05, "mean": 0.00164859730285}, "spectral_contrast_coeffs": {"dmean2": [0.0890844091773, 0.082032173872, 0.0636132881045, 0.0534650534391, 0.0403708480299, 0.0325221419334], "median": [-0.640990018845, -0.724286139011, -0.792271494865, -0.831077933311, -0.823246836662, -0.786033928394], "min": [-0.963757038116, -0.959801495075, -0.974364995956, -0.96326482296, -0.968500077724, -0.958954334259], "dvar2": [0.00598738528788, 0.00557395117357, 0.00294603966177, 0.0024049745407, 0.00131528323982, 0.000961029203609], "dvar": [0.00284751760773, 0.00242861616425, 0.00140888185706, 0.00112154695671, 0.000632966519333, 0.000490710488521], "dmean": [0.0566047169268, 0.0516034923494, 0.0414539389312, 0.0349535830319, 0.0264287833124, 0.0221678651869], "max": [-0.289348214865, -0.338582038879, -0.435269474983, -0.470986992121, -0.577103257179, -0.545639157295], "var": [0.00997804291546, 0.0082270251587, 0.00831008795649, 0.00445441296324, 0.00302697857842, 0.00250738346949], "mean": [-0.632395327091, -0.713750600815, -0.769688427448, -0.817000329494, -0.811520218849, -0.776253163815]}, "melbands_skewness": {"dmean2": 2.13545513153, "median": 2.63417243958, "min": -5.43035936356, "dvar2": 6.76701831818, "dvar": 4.08770942688, "dmean": 1.54316389561, "max": 25.1600475311, "var": 11.7879972458, "mean": 3.22499990463}, "spectral_spread": {"dmean2": 1237138.5, "median": 5009186.5, "min": 1542325, "dvar2": 1986642706430.0, "dvar": 1310897078270.0, "dmean": 902664.5, "max": 39730952, "var": 4422277529600.0, "mean": 5358984.5}, "dissonance": {"dmean2": 0.0470368787646, "median": 0.444544136524, "min": 0.171040251851, "dvar2": 0.00220301747322, "dvar": 0.000899392354768, "dmean": 0.029057463631, "max": 0.500000059605, "var": 0.00247406610288, "mean": 0.433621585369}, "spectral_skewness": {"dmean2": 0.516126871109, "median": 1.34071671963, "min": -0.847915768623, "dvar2": 0.320522814989, "dvar": 0.158558264375, "dmean": 0.354106754065, "max": 5.54143333435, "var": 0.782489717007, "mean": 1.38869953156}, "spectral_flux": {"dmean2": 0.0669072568417, "median": 0.0455351881683, "min": 1.02329825169e-10, "dvar2": 0.00913350004703, "dvar": 0.0045139756985, "dmean": 0.0434688068926, "max": 0.579408526421, "var": 0.0116792656481, "mean": 0.0874091088772}, "spectral_contrast_valleys": {"dmean2": [0.787252724171, 0.737018048763, 0.740719437599, 0.72760784626, 0.570793807507, 0.616504132748], "median": [-8.22478580475, -7.50338506699, -8.55587482452, -9.30524539948, -8.68160057068, -10.775226593], "min": [-27.025762558, -27.673822403, -26.8231182098, -27.5132465363, -27.2595062256, -27.2597293854], "dvar2": [0.50633919239, 0.540200054646, 0.503795266151, 0.595353543758, 0.447083353996, 0.586005747318], "dvar": [0.283729344606, 0.276620298624, 0.276451200247, 0.322787314653, 0.287012994289, 0.373091369867], "dmean": [0.511040508747, 0.469637751579, 0.481011211872, 0.488006442785, 0.416147589684, 0.503984391689], "max": [-4.80775690079, -4.71596384048, -5.55541801453, -5.97315597534, -5.3554983139, -7.05397081375], "var": [2.88320684433, 1.81439483166, 2.02389383316, 1.9559211731, 1.88534939289, 2.42059588432], "mean": [-8.46253967285, -7.73832607269, -8.69635391235, -9.35907649994, -8.79667568207, -10.7123908997]}, "erbbands_flatness_db": {"dmean2": 0.0371649637818, "median": 0.183491498232, "min": 0.0405619218946, "dvar2": 0.001296209055, "dvar": 0.000726053316612, "dmean": 0.0266046188772, "max": 0.455506831408, "var": 0.00397146353498, "mean": 0.189136907458}, "spectral_energyband_high": {"dmean2": 0.00122937955894, "median": 7.3714494647e-05, "min": 7.76619924625e-21, "dvar2": 1.06149300336e-05, "dvar": 6.30823888059e-06, "dmean": 0.000960418256, "max": 0.0400790348649, "var": 1.56968053489e-05, "mean": 0.00143854320049}, "spectral_entropy": {"dmean2": 0.396068513393, "median": 7.36271810532, "min": 4.99222040176, "dvar2": 0.165813192725, "dvar": 0.0878390073776, "dmean": 0.280423521996, "max": 9.79550933838, "var": 0.446816653013, "mean": 7.36413860321}, "silence_rate_20dB": {"dmean2": 0.0573226138949, "median": 1, "min": 0, "dvar2": 0.0659194067121, "dvar": 0.0278308000416, "dmean": 0.0286512933671, "max": 1, "var": 0.0221876557916, "mean": 0.9772965312}, "melbands_flatness_db": {"dmean2": 0.0616844557226, "median": 0.238246634603, "min": 0.00535313785076, "dvar2": 0.00365588790737, "dvar": 0.00210155989043, "dmean": 0.0449966192245, "max": 0.589353561401, "var": 0.0100423134863, "mean": 0.242754876614}, "barkbands": {"dmean2": [0.000442543503596, 0.0238758977503, 0.00592381600291, 0.0027963584289, 0.00610525812954, 0.000947563326918, 0.00101793487556, 0.000915299169719, 0.000683131860569, 0.000458989146864, 0.000301370862871, 0.000189782964299, 9.64076098171e-05, 0.000120668344607, 0.000175432345713, 0.000167364501976, 0.00015388034808, 0.000140404328704, 0.000163591190358, 0.000223678332986, 0.000310369563522, 0.000406258594012, 0.00028620637022, 0.000202313516638, 8.78170030774e-05, 1.23135241665e-05, 2.08597953133e-06], "median": [2.8094125355e-06, 0.000110311215394, 0.000338381098118, 0.00012047560449, 0.000275109079666, 0.000133558234666, 0.000226745280088, 0.000105474588054, 0.000123781486764, 2.59263979387e-05, 1.4288903003e-05, 9.21961418499e-06, 5.19166678714e-06, 3.42445218848e-06, 5.52541087018e-06, 6.28503221378e-06, 8.21368485049e-06, 6.16107672613e-06, 9.92003333522e-06, 1.52695556608e-05, 9.90543958324e-06, 1.26226668726e-05, 1.17073313959e-05, 7.18983528714e-06, 3.88325088352e-06, 3.86660360618e-07, 2.11442756637e-08], "min": [5.15429093697e-24, 2.34642605736e-23, 7.03477598511e-24, 1.34294197446e-23, 7.34878080626e-23, 4.6405335973e-23, 1.81853406576e-23, 1.01584403444e-23, 7.7749266227e-23, 7.81334036225e-23, 7.87590018748e-23, 8.02059873452e-23, 4.92141036251e-23, 1.11287397312e-22, 1.27261540342e-22, 1.10280242817e-22, 2.16413298704e-22, 2.08792220784e-22, 3.4271619003e-22, 2.52923826125e-22, 3.88644530213e-22, 4.98334364285e-22, 5.52817112124e-22, 9.17118126865e-22, 1.29753164453e-21, 1.85124475118e-21, 2.32591333879e-21], "dvar2": [3.0666060411e-06, 0.00688751973212, 0.000393390626414, 0.000116460600111, 0.000493039668072, 8.86636371433e-06, 8.71931115398e-06, 7.95630512584e-06, 3.77951573682e-06, 3.41580562235e-06, 1.20494348721e-06, 3.67483607988e-07, 1.03237198346e-07, 1.76671377972e-07, 4.04860145409e-07, 3.16436654657e-07, 3.64821175936e-07, 2.28938517921e-07, 2.65238526254e-07, 5.02770490129e-07, 1.16117405469e-06, 1.29390991788e-06, 7.64401306697e-07, 3.70007455786e-07, 7.87260816537e-08, 9.26289100978e-10, 2.70485162046e-11], "dvar": [1.33331627694e-06, 0.00366160296835, 0.000150729960296, 4.23549026891e-05, 0.000198687557713, 4.73535465062e-06, 4.12482268075e-06, 3.51896301254e-06, 1.42127873914e-06, 1.41348618854e-06, 5.64174740703e-07, 1.79319542326e-07, 4.75169876779e-08, 8.39271194764e-08, 1.85552622156e-07, 1.60272975336e-07, 1.54528493113e-07, 1.19696238698e-07, 1.56220934855e-07, 2.43792669608e-07, 5.86699115956e-07, 7.03052307927e-07, 4.00358516117e-07, 2.22392927185e-07, 4.10994935862e-08, 5.05708697141e-10, 1.5995772415e-11], "dmean": [0.000291213829769, 0.0166708659381, 0.00353387906216, 0.00153119594324, 0.00374344782904, 0.000694340968039, 0.000669666973408, 0.000580898311455, 0.000406376610044, 0.000299649691442, 0.000205962787732, 0.000123677964439, 6.32587180007e-05, 8.00560956122e-05, 0.000119347561849, 0.00012213762966, 0.000104680628283, 0.000100939039839, 0.000114196045615, 0.000149626692291, 0.000227150201681, 0.000302499334794, 0.000208270954317, 0.000147935832501, 6.39516292722e-05, 9.41386133491e-06, 1.57468502948e-06], "max": [0.0109457131475, 0.553789079189, 0.14115473628, 0.0664608478546, 0.151869520545, 0.0384603440762, 0.0404235944152, 0.0347733832896, 0.0148546583951, 0.0288052931428, 0.0158840455115, 0.0100700836629, 0.0029945850838, 0.0077856387943, 0.00709068542346, 0.00769310258329, 0.00597346806899, 0.00390209606849, 0.00399888725951, 0.0074495812878, 0.0123153496534, 0.0115746324882, 0.0177484471351, 0.0129103986546, 0.00457147927955, 0.000445508980192, 4.21676777478e-05], "var": [1.44842988448e-06, 0.00452282559127, 0.000111926601676, 2.66823608399e-05, 0.000168241153006, 7.48555430619e-06, 6.85073973727e-06, 5.03174533151e-06, 1.79011749424e-06, 1.54404665409e-06, 8.23532047889e-07, 2.94929606071e-07, 5.90016178137e-08, 1.29531116499e-07, 2.36075010207e-07, 2.66404782678e-07, 1.59803263955e-07, 1.86942372693e-07, 2.72517155508e-07, 4.41855661393e-07, 1.07121786641e-06, 1.54255383222e-06, 1.01550563159e-06, 6.68154086725e-07, 1.03495018777e-07, 9.62478541311e-10, 2.53173055437e-11], "mean": [0.000291043834295, 0.0152158029377, 0.00279124872759, 0.00107391178608, 0.00359295983799, 0.000883984728716, 0.000938265642617, 0.000704006000888, 0.000610707618762, 0.00035711468081, 0.000260057597188, 0.000153969958774, 6.96814022376e-05, 9.51830588747e-05, 0.000123942547361, 0.000140663323691, 0.00010309053323, 0.000126218263176, 0.000157225847943, 0.000208997051232, 0.000296781567158, 0.000418578798417, 0.00029598720721, 0.000213838662603, 8.88218492037e-05, 1.13155292638e-05, 1.65864423707e-06]}, "erbbands_skewness": {"dmean2": 1.04864299297, "median": 0.958831846714, "min": -6.68093061447, "dvar2": 1.16880512238, "dvar": 0.579373002052, "dmean": 0.726884782314, "max": 6.69043207169, "var": 2.98517870903, "mean": 0.707158088684}, "erbbands_spread": {"dmean2": 23.2012767792, "median": 35.1588935852, "min": 2.09872221947, "dvar2": 678.180419922, "dvar": 330.801513672, "dmean": 15.6682662964, "max": 203.38444519, "var": 946.517211914, "mean": 42.403968811}, "melbands_kurtosis": {"dmean2": 46.3350067139, "median": 12.6240282059, "min": -1.95537507534, "dvar2": 13233.515625, "dvar": 7462.76708984, "dmean": 32.6549682617, "max": 1076.35046387, "var": 11639.4804688, "mean": 41.2348403931}, "melbands": {"dmean2": [0.00657822890207, 0.00562605448067, 0.00134694681037, 0.00165502540767, 0.000395674374886, 0.000193684609258, 0.000178363159648, 0.000212016704609, 0.000135976646561, 9.96122762444e-05, 6.26107866992e-05, 5.93781551288e-05, 3.78292243113e-05, 2.48690139415e-05, 1.33530902531e-05, 8.59561623656e-06, 9.09998379939e-06, 1.85877615877e-05, 1.16991268442e-05, 1.39408775794e-05, 8.61823355081e-06, 7.24447409084e-06, 1.25756023408e-05, 5.85481893722e-06, 6.29674923402e-06, 6.83476446284e-06, 9.38775792747e-06, 6.62655884298e-06, 5.26641679244e-06, 7.42273641663e-06, 9.52205300564e-06, 1.04370483314e-05, 7.60260672905e-06, 5.03107276018e-06, 5.72729913983e-06, 4.04825232181e-06, 3.52986739927e-06, 1.89996069366e-06, 1.49698576024e-06, 9.80799086392e-07], "median": [2.85496389552e-05, 0.000115075192298, 0.000100078890682, 4.63218566438e-05, 4.22550874646e-05, 3.48220928572e-05, 4.27206650784e-05, 3.54555195372e-05, 2.12463182834e-05, 1.67837824847e-05, 4.28442535849e-06, 3.30860643771e-06, 2.15827299144e-06, 1.16785429327e-06, 8.12418647911e-07, 4.09917959132e-07, 2.90027912797e-07, 3.92459241993e-07, 4.29172530403e-07, 4.26914652962e-07, 3.90753115198e-07, 4.98110523495e-07, 3.8160928284e-07, 2.76374521491e-07, 3.32903539402e-07, 3.63920747759e-07, 4.86806243316e-07, 3.98904205667e-07, 2.49990051771e-07, 1.9663302453e-07, 2.85395685751e-07, 2.73907829751e-07, 1.99294674985e-07, 2.11106595316e-07, 2.0325816763e-07, 1.2060921506e-07, 1.16344928358e-07, 6.05514998142e-08, 5.60790063275e-08, 4.0011698843e-08], "min": [8.98922699831e-24, 2.9965725566e-24, 5.92139032526e-24, 1.02057751542e-23, 1.390170288e-23, 1.03106826105e-23, 6.54484405916e-24, 1.81902509223e-24, 4.31377620854e-24, 1.15344993308e-23, 1.09377055456e-23, 1.07053023898e-23, 1.18854501369e-23, 1.09640085348e-23, 5.69403035718e-24, 6.22187414938e-24, 1.24218739747e-23, 4.37032688582e-24, 1.18468701055e-23, 7.17479011832e-24, 8.2341119849e-24, 1.42550920551e-23, 1.04263540739e-23, 1.04430471595e-23, 1.50557416977e-23, 1.05230321333e-23, 6.45879511162e-24, 9.94805824076e-24, 1.12535062875e-23, 8.47204111138e-24, 7.94416537032e-24, 8.82280890175e-24, 9.96358065679e-24, 1.29150327362e-23, 7.88557351545e-24, 8.27288055408e-24, 1.33317556091e-23, 9.30166088185e-24, 1.2369746835e-23, 1.15633045867e-23], "dvar2": [0.000560973712709, 0.000366847903933, 1.80534243555e-05, 3.7721642002e-05, 1.25177075461e-06, 4.46720093805e-07, 2.38810315523e-07, 3.79381049243e-07, 2.62646381088e-07, 8.33191933225e-08, 5.43861027325e-08, 7.58681792945e-08, 1.63299649358e-08, 6.36124575237e-09, 1.82149584305e-09, 8.60027271621e-10, 9.44703093531e-10, 5.20329956899e-09, 2.29650298778e-09, 2.4547153199e-09, 8.41857694667e-10, 7.14641568145e-10, 3.1515492438e-09, 3.32719046758e-10, 4.03896999179e-10, 6.57491505685e-10, 1.03015562747e-09, 4.792128