{"tonal": {"thpcp": [1, 0.684808731079, 0.24374678731, 0.14224332571, 0.150735899806, 0.231069117785, 0.328493028879, 0.300799697638, 0.229588225484, 0.16417171061, 0.11412344873, 0.209902763367, 0.344502806664, 0.312612831593, 0.314415276051, 0.352919578552, 0.22017095983, 0.116244249046, 0.105062194169, 0.123096324503, 0.300515204668, 0.481196284294, 0.330918043852, 0.17150183022, 0.183971300721, 0.134373992682, 0.154703035951, 0.242395117879, 0.19560790062, 0.131827488542, 0.129784017801, 0.12628620863, 0.186412960291, 0.269040286541, 0.30526676774, 0.643531024456], "hpcp": {"dmean2": [0.255335509777, 0.223802581429, 0.150380253792, 0.136663332582, 0.117508739233, 0.127883449197, 0.173484623432, 0.159456133842, 0.130613550544, 0.129291296005, 0.143096312881, 0.179911911488, 0.23121444881, 0.285737723112, 0.376160293818, 0.386192828417, 0.386597186327, 0.258003234863, 0.177923232317, 0.182954579592, 0.197213634849, 0.225823312998, 0.230976432562, 0.226461678743, 0.181283757091, 0.137488752604, 0.177656695247, 0.234886392951, 0.242897048593, 0.23505449295, 0.2235827595, 0.177464485168, 0.126993119717, 0.112310633063, 0.130490586162, 0.197944715619], "median": [0.100616812706, 0.0680003762245, 0.0208622273058, 0.0104250581935, 0.0104951951653, 0.0203792378306, 0.0276350267231, 0.0263958163559, 0.0148914195597, 0.010586685501, 0.0122488252819, 0.0257027763873, 0.0401080697775, 0.0669276714325, 0.241944894195, 0.440811485052, 0.282780945301, 0.0365962982178, 0.011670017615, 0.0115530546755, 0.0275377966464, 0.0416469275951, 0.0529106669128, 0.0240500159562, 0.0160074625164, 0.0124573297799, 0.0287558846176, 0.0513316132128, 0.0562423691154, 0.035503834486, 0.0238987505436, 0.0171018242836, 0.0136980814859, 0.0116286948323, 0.013763897121, 0.0566637441516], "min": [0, 0, 0, 0, 0, 0, 0, 0, 0, 0, 0, 0, 0, 0, 0, 0, 0, 0, 0, 0, 0, 0, 0, 0, 0, 0, 0, 0, 0, 0, 0, 0, 0, 0, 0, 0], "dvar2": [0.107669979334, 0.0905813127756, 0.0623747929931, 0.0713797360659, 0.0489544868469, 0.0509925745428, 0.0864803195, 0.0749740153551, 0.0631593540311, 0.0717568099499, 0.0804385244846, 0.0936502292752, 0.113484807312, 0.11427488178, 0.140949830413, 0.151733145118, 0.140681281686, 0.111891113222, 0.0911244675517, 0.108379632235, 0.100749753416, 0.110077232122, 0.103690333664, 0.124999217689, 0.0940790772438, 0.0804771855474, 0.0856920331717, 0.106395892799, 0.105910077691, 0.116421543062, 0.122819595039, 0.0879825875163, 0.0611377991736, 0.0572209767997, 0.0668544694781, 0.0878565460443], "dvar": [0.0472618639469, 0.0348450653255, 0.0233980119228, 0.0314746424556, 0.0192097704858, 0.0188963599503, 0.0326794348657, 0.0268785022199, 0.0229149796069, 0.0266792364419, 0.0292309205979, 0.0342202074826, 0.0428408384323, 0.0422447100282, 0.053835965693, 0.071898393333, 0.0532122403383, 0.0426272600889, 0.0338494479656, 0.0391312837601, 0.0376302152872, 0.0448411107063, 0.0405257605016, 0.0459565520287, 0.0340716354549, 0.028782973066, 0.0320075824857, 0.044946461916, 0.0412417128682, 0.0468989983201, 0.0518330708146, 0.0324904993176, 0.0217643454671, 0.0206554513425, 0.0235435198992, 0.0332695953548], "dmean": [0.150136113167, 0.129546970129, 0.0860866382718, 0.0773474648595, 0.066317923367, 0.0735362395644, 0.101386524737, 0.0912781059742, 0.073133662343, 0.0721028745174, 0.0786970555782, 0.100885137916, 0.130875244737, 0.161346971989, 0.220653891563, 0.228609055281, 0.22688600421, 0.144371524453, 0.0971962586045, 0.100433886051, 0.11288177222, 0.133800685406, 0.136054307222, 0.12789234519, 0.100740432739, 0.0754706338048, 0.102245688438, 0.136907741427, 0.13997913897, 0.136166721582, 0.12890945375, 0.101089157164, 0.0703415498137, 0.0625744834542, 0.0723608285189, 0.115646414459], "max": [1, 1, 1, 1, 1, 1, 1, 1, 1, 1, 1, 1, 1, 1, 1, 1, 1, 1, 1, 1, 1, 1, 1, 1, 1, 1, 1, 1, 1, 1, 1, 1, 1, 1, 1, 1], "var": [0.0957805737853, 0.0494605228305, 0.0244747046381, 0.0514093786478, 0.0229098629206, 0.021439909935, 0.0487966425717, 0.0287378039211, 0.0228021014482, 0.0289480350912, 0.0227003674954, 0.0309777352959, 0.0505542568862, 0.0425182320178, 0.0856669545174, 0.155179411173, 0.0887701585889, 0.0390587151051, 0.0250592995435, 0.0292965751141, 0.0411330983043, 0.0663713291287, 0.051115501672, 0.0445674136281, 0.0286579597741, 0.0201455894858, 0.0329255126417, 0.0713513344526, 0.0535843633115, 0.0648563355207, 0.0937068983912, 0.0404693558812, 0.0166594069451, 0.0166043750942, 0.0201459955424, 0.0488478466868], "mean": [0.241623446345, 0.166164129972, 0.0861163437366, 0.0923776477575, 0.0674733147025, 0.0776811540127, 0.121714040637, 0.0982207432389, 0.0661946386099, 0.0651685446501, 0.0634121894836, 0.0936036780477, 0.135093405843, 0.153283834457, 0.323136717081, 0.502130746841, 0.343863517046, 0.122392758727, 0.0714247450233, 0.0756891295314, 0.116026908159, 0.164946451783, 0.151040777564, 0.115283310413, 0.0824356600642, 0.057304892689, 0.105398632586, 0.172985449433, 0.156972512603, 0.157877579331, 0.177211776376, 0.110554605722, 0.0583698116243, 0.0527549572289, 0.0618104487658, 0.150897920132]}, "tuning_equal_tempered_deviation": 0.0304142087698, "chords_changes_rate": 0.0385273955762, "key_key": "D", "tuning_diatonic_strength": 0.661483049393, "key_scale": "major", "chords_number_rate": 0.00192636984866, "tuning_frequency": 441.272583008, "tuning_nontempered_energy_ratio": 0.708059966564, "chords_histogram": [40.0684928894, 0.770547926426, 13.4631853104, 0.535102725029, 0.0856164395809, 0, 0.214041098952, 0, 0.385273963213, 0, 0, 0, 0, 0, 0, 3.03938364983, 2.61130142212, 4.81592464447, 0, 0.49229452014, 1.02739727497, 2.54708909988, 25.2782535553, 4.66609573364], "key_strength": 0.765046954155, "chords_key": "D", "chords_strength": {"dmean2": 0.00927248969674, "median": 0.576654314995, "min": -1, "dvar2": 0.000848119787406, "dvar": 0.000466342200525, "dmean": 0.00937327649444, "max": 0.831450641155, "var": 0.0284187830985, "mean": 0.570467948914}, "chords_scale": "major", "hpcp_entropy": {"dmean2": 1.15720689297, "median": 1.78468298912, "min": 0, "dvar2": 0.85675662756, "dvar": 0.32500436902, "dmean": 0.690642118454, "max": 4.04721355438, "var": 0.656210362911, "mean": 1.73130214214}}, "metadata": {"audio_properties": {"equal_loudness": 0, "codec": "flac", "downmix": "mix", "analysis_sample_rate": 44100, "bit_rate": 0, "md5_encoded": "177327f4d0dbea006a89142993f82d9c", "length": 216.880004883, "replay_gain": -9.10059928894, "lossless": true}, "version": {"essentia_build_sha": "12879b851c9f4b0d899e1af4e221aa110f283a84", "essentia": "2.1-beta1", "extractor": "music 1.0", "essentia_git_sha": "v2.1_beta1-7-ge0e83e8-dirty"}, "tags": {"title": ["Mamma Mia (Spanish version)"], "barcode": ["602537123094"], "media": ["CD"], "albumartist": ["ABBA"], "disc": ["1"], "language": ["eng"], "releasetype": ["album"], "musicbrainz_recordingid": ["416a273e-51b8-4b1c-8873-4c9b4ed54a0f"], "trackc": ["14"], "musicbrainz_discid": ["PvKx1PzeBaZwqYZp5Oie.hUp2Gk-"], "musicbrainz_albumartistid": ["d87e52c5-bb8d-4da8-b941-9f4928627dc8"], "musicbrainz_albumstatus": ["Official"], "track": ["14"], "publisher": ["Polar"], "replaygain_track_gain": ["-3.87 dB"], "compilation": ["0"], "discc": ["2"], "date": ["2012-11-19"], "disctotal": ["2"], "artist_credit": ["ABBA"], "asin": ["B009EJSQ3G"], "musicbrainz_albumid": ["c549b917-ad9c-454f-bcdd-1a7b52de1455"], "tracknumber": ["14"], "replaygain_reference_loudness": ["89.0 dB"], "replaygain_album_peak": ["0.993591"], "album": ["ABBA"], "label": ["Polar"], "musicbrainz_artistid": ["d87e52c5-bb8d-4da8-b941-9f4928627dc8"], "totaltracks": ["14"], "albumartist_credit": ["ABBA"], "tracktotal": ["14"], "replaygain_track_peak": ["0.960815"], "musicbrainz_albumtype": ["album"], "artistsort": ["ABBA"], "discnumber": ["1"], "bpm": ["0"], "catalognumber": ["00602537123094"], "releasecountry": ["XE"], "file_name": "01-14. Mamma Mia (Spanish version).flac", "replaygain_album_gain": ["-5.67 dB"], "genre": ["Disco"], "musicbrainz_releasegroupid": ["5ee43a5f-94eb-3f0c-a1ec-e0476251d95f"], "script": ["Latn"], "originaldate": ["1975-4-21"], "album artist": ["ABBA"], "artist": ["ABBA"], "year": ["2012"], "albumartistsort": ["ABBA"], "totaldiscs": ["2"], "releasestatus": ["official"]}}, "rhythm": {"bpm_histogram_first_peak_bpm": {"dmean2": 0, "median": 136, "min": 136, "dvar2": 0, "dvar": 0, "dmean": 0, "max": 136, "var": 0, "mean": 136}, "bpm": 137.226882935, "bpm_histogram_second_peak_spread": {"dmean2": 0, "median": 0.33333337307, "min": 0.33333337307, "dvar2": 0, "dvar": 0, "dmean": 0, "max": 0.33333337307, "var": 0, "mean": 0.33333337307}, "bpm_histogram_first_peak_weight": {"dmean2": 0, "median": 0.511156201363, "min": 0.511156201363, "dvar2": 0, "dvar": 0, "dmean": 0, "max": 0.511156201363, "var": 0, "mean": 0.511156201363}, "onset_rate": 3.98805713654, "beats_position": [0.46439909935, 0.9287981987, 1.39319729805, 1.84598636627, 2.29877543449, 2.75156450272, 3.20435357094, 3.64553284645, 4.08671188354, 4.53950119019, 4.99229001999, 5.4334692955, 5.87464857101, 6.31582736969, 6.76861667633, 7.22140598297, 7.6858048439, 8.16181373596, 8.63782310486, 9.11383247375, 9.6014509201, 10.077460289, 10.5418596268, 10.9946479797, 11.4474372864, 11.8886165619, 12.3297958374, 12.7709751129, 13.2237634659, 13.6765527725, 14.1293420792, 14.5821313858, 15.0233106613, 15.4760990143, 15.9288883209, 16.3700675964, 16.8112468719, 17.2524261475, 17.693605423, 18.1347846985, 18.575963974, 19.0171432495, 19.458322525, 19.8994998932, 20.3406791687, 20.7818584442, 21.2230377197, 21.6642169952, 22.1053962708, 22.5465755463, 22.9877548218, 23.4289340973, 23.8701133728, 24.3112926483, 24.7524719238, 25.1936511993, 25.6348285675, 26.0643978119, 26.4939670563, 26.9235363007, 27.353105545, 27.7942848206, 28.2354640961, 28.6766433716, 29.106212616, 29.5357818604, 29.9769611359, 30.4181404114, 30.8593196869, 31.2888889313, 31.7184581757, 32.1596374512, 32.6008148193, 33.0303840637, 33.4599533081, 33.901134491, 34.3423118591, 34.783493042, 35.2246704102, 35.6542396545, 36.0838088989, 36.5249862671, 36.96616745, 37.4073448181, 37.848526001, 38.2897033691, 38.730884552, 39.1720619202, 39.613243103, 40.0428123474, 40.4723815918, 40.9019508362, 41.3315200806, 41.7726974487, 42.2254867554, 42.6666641235, 43.1194534302, 43.560634613, 43.9902038574, 44.4197731018, 44.8493423462, 45.2905197144, 45.7317008972, 46.1612701416, 46.6024475098, 47.0436286926, 47.4848060608, 47.9259872437, 48.3671646118, 48.80834198, 49.2379112244, 49.6674804688, 50.1086616516, 50.5498390198, 50.9794082642, 51.4089775085, 51.8501586914, 52.2913360596, 52.7325172424, 53.1736946106, 53.6148757935, 54.0444450378, 54.4740142822, 54.9151916504, 55.3563690186, 55.7975502014, 56.2271194458, 56.6566886902, 57.0978660583, 57.5390472412, 57.9686164856, 58.39818573, 58.8393630981, 59.280544281, 59.7217216492, 60.1512908936, 60.5808601379, 61.0220413208, 61.463218689, 61.9043960571, 62.3571853638, 62.7983665466, 63.2395439148, 63.6807250977, 64.1335144043, 64.5746917725, 65.0042648315, 65.4338302612, 65.8750076294, 66.3045806885, 66.7457580566, 67.1753311157, 67.6165084839, 68.0576858521, 68.4988632202, 68.9284362793, 69.358001709, 69.7875747681, 70.2171401978, 70.6583175659, 71.0995025635, 71.5406799316, 71.9702453613, 72.3998184204, 72.8409957886, 73.2821731567, 73.7001342773, 74.1413116455, 74.5824966431, 75.0236740112, 75.4532394409, 75.8828125, 76.3239898682, 76.7651672363, 77.2063446045, 77.6359176636, 78.0654830933, 78.5066680908, 78.947845459, 79.3774108887, 79.8069839478, 80.2481613159, 80.6893386841, 81.1305236816, 81.5600891113, 82.0012664795, 82.4308395386, 82.8720169067, 83.3131942749, 83.7543716431, 84.1955566406, 84.6367340088, 85.0895233154, 85.5423126221, 85.9834899902, 86.4246673584, 86.8542404175, 87.2954177856, 87.7482070923, 88.1893844604, 88.6305618286, 89.0717468262, 89.5129241943, 89.9541015625, 90.3952789307, 90.8248519897, 91.2544174194, 91.695602417, 92.1367797852, 92.5663452148, 92.9959182739, 93.4370956421, 93.8782730103, 94.3078460693, 94.737411499, 95.1785888672, 95.6197738647, 96.0609512329, 96.5021286011, 96.9433059692, 97.3844909668, 97.8140563965, 98.2436294556, 98.6731948853, 99.1027679443, 99.532333374, 99.9619064331, 100.403083801, 100.844261169, 101.273826599, 101.703399658, 102.144577026, 102.585754395, 103.026939392, 103.46811676, 103.89768219, 104.327255249, 104.768432617, 105.198005676, 105.627571106, 106.068748474, 106.509933472, 106.939498901, 107.36907196, 107.810249329, 108.251426697, 108.680992126, 109.110565186, 109.551742554, 109.981315613, 110.410881042, 110.852058411, 111.293243408, 111.734420776, 112.175598145, 112.605171204, 113.034736633, 113.475914001, 113.917098999, 114.346664429, 114.776237488, 115.217414856, 115.658592224, 116.099769592, 116.54094696, 116.982131958, 117.423309326, 117.852874756, 118.282447815, 118.723625183, 119.153198242, 119.582763672, 120.02394104, 120.465126038, 120.906303406, 121.347480774, 121.777046204, 122.218231201, 122.647796631, 123.065757751, 123.50693512, 123.948112488, 124.377685547, 124.807250977, 125.248435974, 125.689613342, 126.13079071, 126.56036377, 127.001541138, 127.431106567, 127.860679626, 128.290252686, 128.731430054, 129.172607422, 129.602172852, 130.031738281, 130.472915649, 130.914108276, 131.343673706, 131.773239136, 132.214416504, 132.643981934, 133.073562622, 133.503128052, 133.94430542, 134.37387085, 134.815048218, 135.244628906, 135.685806274, 136.126983643, 136.579772949, 137.020950317, 137.462127686, 137.891693115, 138.321273804, 138.762451172, 139.192016602, 139.621582031, 140.062759399, 140.492340088, 140.921905518, 141.363082886, 141.804260254, 142.233825684, 142.663391113, 143.092971802, 143.522537231, 143.9637146, 144.404891968, 144.834457397, 145.264038086, 145.693603516, 146.134780884, 146.564346313, 147.005523682, 147.446716309, 147.876281738, 148.305847168, 148.735412598, 149.164993286, 149.606170654, 150.047348022, 150.476913452, 150.906478882, 151.34765625, 151.765625, 152.206802368, 152.636367798, 153.065933228, 153.495513916, 153.925079346, 154.354644775, 154.784210205, 155.213790894, 155.643356323, 156.084533691, 156.52571106, 156.955276489, 157.384857178, 157.814422607, 158.243988037, 158.661941528, 159.103118896, 159.532699585, 159.962265015, 160.403442383, 160.833007812, 161.262588501, 161.680541992, 162.110107422, 162.539672852, 162.980865479, 163.410430908, 163.839996338, 164.281173706, 164.710739136, 165.140319824, 165.581497192, 166.022674561, 166.440628052, 166.88180542, 167.311386108, 167.740951538, 168.170516968, 168.600082397, 169.029663086, 169.459228516, 169.888793945, 170.318359375, 170.747940063, 171.177505493, 171.607070923, 172.036636353, 172.466217041, 172.895782471, 173.313735962, 173.75491333, 174.196090698, 174.625671387, 175.055236816, 175.496414185, 175.925979614, 176.355545044, 176.785125732, 177.214691162, 177.644256592, 178.073822021, 178.515014648, 178.956192017, 179.397369385, 179.838546753, 180.268112183, 180.697677612, 181.127258301, 181.55682373, 181.998001099, 182.439178467, 182.868743896, 183.298324585, 183.739501953, 184.180679321, 184.610244751, 185.039810181, 185.457778931, 185.898956299, 186.340133667, 186.769699097, 187.199264526, 187.640457153, 188.070022583, 188.499588013, 188.929153442, 189.358734131, 189.788299561, 190.21786499, 190.659042358, 191.100219727, 191.529785156, 191.959365845, 192.388931274, 192.818496704, 193.259674072, 193.70085144, 194.142044067, 194.583221436, 195.024398804, 195.465576172, 195.90675354, 196.347930908, 196.789108276, 197.230285645, 197.671463013, 198.11265564, 198.553833008, 198.995010376, 199.436187744, 199.877365112, 200.31854248, 200.74810791, 201.177688599, 201.618865967, 202.060043335, 202.501220703, 202.942398071, 203.371963501, 203.801544189, 204.242721558, 204.683898926, 205.125076294, 205.566253662, 206.00743103, 206.448608398, 206.889785767, 207.330978394, 207.772155762, 208.21333313, 208.654510498, 209.095687866, 209.536865234, 209.978042603, 210.419219971, 210.860397339, 211.313186646, 211.765975952, 212.218765259, 212.671554565, 213.124343872, 213.577133179, 214.029922485, 214.482711792, 214.947113037, 215.411514282, 215.875915527, 216.340316772], "beats_loudness": {"dmean2": 0.0413674302399, "median": 0.0398179292679, "min": 0, "dvar2": 0.0020526049193, "dvar": 0.000686570070684, "dmean": 0.0228878650814, "max": 0.19320358336, "var": 0.00110120268073, "mean": 0.0442655272782}, "danceability": 1.30387711525, "bpm_histogram_second_peak_weight": {"dmean2": 0, "median": 0.0162271801382, "min": 0.0162271801382, "dvar2": 0, "dvar": 0, "dmean": 0, "max": 0.0162271801382, "var": 0, "mean": 0.0162271801382}, "beats_count": 494, "bpm_histogram_second_peak_bpm": {"dmean2": 0, "median": 129, "min": 129, "dvar2": 0, "dvar": 0, "dmean": 0, "max": 129, "var": 0, "mean": 129}, "bpm_histogram_first_peak_spread": {"dmean2": 0, "median": 0.466101706028, "min": 0.466101706028, "dvar2": 0, "dvar": 0, "dmean": 0, "max": 0.466101706028, "var": 0, "mean": 0.466101706028}, "beats_loudness_band_ratio": {"dmean2": [0.267999500036, 0.183435127139, 0.146499916911, 0.202450826764, 0.100392527878, 0.0729433894157], "median": [0.535508215427, 0.135968700051, 0.0836822092533, 0.0665360093117, 0.0463212430477, 0.0323090851307], "min": [0, 0, 0, 0, 0, 0], "dvar2": [0.0606698989868, 0.022025892511, 0.0270373038948, 0.0539508834481, 0.0143650248647, 0.00439040316269], "dvar": [0.0238771531731, 0.00744559569284, 0.00902998168021, 0.0183739382774, 0.00557954097167, 0.00162262003869], "dmean": [0.157185450196, 0.103593073785, 0.085212700069, 0.114040926099, 0.0588205419481, 0.038954179734], "max": [0.959532558918, 0.562039911747, 0.813388466835, 0.79254835844, 0.53889977932, 0.440920084715], "var": [0.069523088634, 0.0101938201115, 0.0159368682653, 0.0278829559684, 0.00618420448154, 0.00211715092883], "mean": [0.489235520363, 0.153093829751, 0.128699526191, 0.137958973646, 0.0723273679614, 0.0440006740391]}}, "lowlevel": {"barkbands_spread": {"dmean2": 8.77994441986, "median": 18.9117221832, "min": 1.12387490273, "dvar2": 94.1788787842, "dvar": 46.5408439636, "dmean": 5.80373620987, "max": 136.979431152, "var": 236.504074097, "mean": 21.9237270355}, "melbands_spread": {"dmean2": 11.728720665, "median": 20.4363632202, "min": 0.802723646164, "dvar2": 190.499908447, "dvar": 96.2222976685, "dmean": 7.8241019249, "max": 232.866897583, "var": 431.292144775, "mean": 25.3634586334}, "hfc": {"dmean2": 8.38063240051, "median": 10.7097549438, "min": 1.06136067175e-16, "dvar2": 134.003875732, "dvar": 74.3626251221, "dmean": 6.22180891037, "max": 140.703491211, "var": 296.065246582, "mean": 16.6853523254}, "barkbands_kurtosis": {"dmean2": 5.23726320267, "median": 1.39748096466, "min": -1.86325848103, "dvar2": 124.328041077, "dvar": 50.5252609253, "dmean": 3.32479023933, "max": 149.008850098, "var": 64.7766799927, "mean": 3.78219246864}, "gfcc": {"mean": [-46.2244682312, 90.2491455078, -119.674240112, 23.6812725067, -50.7899551392, 5.76214170456, -32.7316665649, 8.67889690399, -23.5502223969, -1.15112555027, -10.5461215973, -4.02019023895, -7.58421707153], "icov": [[0.000144397359691, -0.000303831358906, 0.000250000826782, -0.000301237392705, 0.000383809296181, -0.000535438710358, 0.000596193131059, -0.000690591463353, 0.000700406788383, -0.000457694957731, 0.000498495064676, -0.000285829475615, 0.000372342241462], [-0.000303831358906, 0.00206830189563, -6.64759572828e-05, -0.00058485486079, -0.00103025697172, 0.00163707241882, -0.00220484496094, 0.00145519780926, -0.00136183656286, 0.00208352971822, -0.00233770604245, 0.00205530482344, -0.000566904956941], [0.000250000826782, -6.64759572828e-05, 0.00178197864443, -0.00128565437626, 0.000338688580086, -0.00178837811109, 0.000773945939727, -0.00153940706514, 0.00121539761312, -0.000796979526058, 0.00146491301712, -0.00198400928639, 0.00219166348688], [-0.000301237392705, -0.00058485486079, -0.00128565437626, 0.00468430621549, -0.00162092980463, -0.000460041919723, 0.000360123929568, 0.00153985095676, -0.00330200442113, 0.00162842741702, 1.63296372193e-05, 8.53655274113e-06, -0.00152340414934], [0.000383809296181, -0.00103025697172, 0.000338688580086, -0.00162092980463, 0.00455198297277, -0.00111595797352, -0.000256914761849, -0.00115354650188, 0.00104570516851, -0.0017330578994, 0.00226985942572, -0.000568619754631, 8.69004143169e-05], [-0.000535438710358, 0.00163707241882, -0.00178837811109, -0.000460041919723, -0.00111595797352, 0.00866867695004, -0.00532183144242, 0.00227150181308, -0.000954106450081, 0.000986908795312, -0.00336017319933, 0.00426283758134, -0.00176009198185], [0.000596193131059, -0.00220484496094, 0.000773945939727, 0.000360123929568, -0.000256914761849, -0.00532183144242, 0.0120003158227, -0.0043266909197, 0.00197317963466, -0.00123313895892, -0.000956459844019, 0.000858881976455, 0.00190382346045], [-0.000690591463353, 0.00145519780926, -0.00153940706514, 0.00153985095676, -0.00115354650188, 0.00227150181308, -0.0043266909197, 0.010274223052, -0.00410491414368, 0.000356029893737, 0.00211137766019, -0.00222091632895, -0.00144063157495], [0.000700406788383, -0.00136183656286, 0.00121539761312, -0.00330200442113, 0.00104570516851, -0.000954106450081, 0.00197317963466, -0.00410491414368, 0.0122468695045, -0.00351008563302, 0.00172972620931, -0.000272046338068, -0.000877965474501], [-0.000457694957731, 0.00208352971822, -0.000796979526058, 0.00162842741702, -0.0017330578994, 0.000986908795312, -0.00123313895892, 0.000356029893737, -0.00351008563302, 0.017627093941, -0.00801326241344, 0.00206095771864, 0.00137330789585], [0.000498495064676, -0.00233770604245, 0.00146491301712, 1.63296372193e-05, 0.00226985942572, -0.00336017319933, -0.000956459844019, 0.00211137766019, 0.00172972620931, -0.00801326241344, 0.0191214103252, -0.00839338079095, 0.00130293809343], [-0.000285829475615, 0.00205530482344, -0.00198400928639, 8.53655274113e-06, -0.000568619754631, 0.00426283758134, 0.000858881976455, -0.00222091632895, -0.000272046338068, 0.00206095771864, -0.00839338079095, 0.0220356751233, -0.00785744935274], [0.000372342241462, -0.000566904956941, 0.00219166348688, -0.00152340414934, 8.69004143169e-05, -0.00176009198185, 0.00190382346045, -0.00144063157495, -0.000877965474501, 0.00137330789585, 0.00130293809343, -0.00785744935274, 0.0196011736989]], "cov": [[28787.7050781, 1510.51306152, -1120.38793945, 567.528869629, -1218.33520508, 400.67010498, -541.97265625, 743.354980469, -712.382507324, 6.233335495, -336.906585693, -103.540863037, -236.581069946], [1510.51306152, 1713.80505371, -441.742919922, 471.306915283, 318.882171631, 52.9356079102, 209.915985107, -160.203994751, 121.712303162, -104.278213501, 77.7742996216, -157.664428711, 22.4574394226], [-1120.38793945, -441.742919922, 1515.3223877, 281.122833252, 154.873413086, 263.450164795, 54.537273407, 181.632995605, 16.0696716309, 29.097902298, -83.5007476807, 71.0066986084, -75.3587875366], [567.528869629, 471.306915283, 281.122833252, 589.205444336, 246.393447876, 127.598327637, 56.267250061, 1.5650998354, 122.271385193, -48.9049758911, -29.2916049957, -29.3515319824, 21.309753418], [-1218.33520508, 318.882171631, 154.873413086, 246.393447876, 462.369598389, 80.5484771729, 121.894699097, -21.9034957886, 92.53565979, -16.4892845154, -5.62564182281, -35.5806808472, 17.343662262], [400.67010498, 52.9356079102, 263.450164795, 127.598327637, 80.5484771729, 281.066589355, 111.78691864, 16.1911506653, -6.64265823364, 14.2904348373, 11.0896968842, -38.1774291992, -27.7465286255], [-541.97265625, 209.915985107, 54.537273407, 56.267250061, 121.894699097, 111.78691864, 199.298934937, -1.19563913345, 24.4535541534, 3.87899327278, 33.6179428101, -39.8741836548, -12.7016324997], [743.354980469, -160.203994751, 181.632995605, 1.5650998354, -21.9034957886, 16.1911506653, -1.19563913345, 210.321640015, 7.36285018921, 14.1656560898, -48.87707901, 37.0760307312, -4.36739349365], [-712.382507324, 121.712303162, 16.0696716309, 122.271385193, 92.53565979, -6.64265823364, 24.4535541534, 7.36285018921, 158.550643921, -1.69895815849, 2.1671974659, -2.85953211784, 27.8483562469], [6.233335495, -104.278213501, 29.097902298, -48.9049758911, -16.4892845154, 14.2904348373, 3.87899327278, 14.1656560898, -1.69895815849, 85.2371063232, 28.6775512695, 9.00021839142, -12.5144739151], [-336.906585693, 77.7742996216, -83.5007476807, -29.2916049957, -5.62564182281, 11.0896968842, 33.6179428101, -48.87707901, 2.1671974659, 28.6775512695, 102.911117554, 10.833070755, 5.46202707291], [-103.540863037, -157.664428711, 71.0066986084, -29.3515319824, -35.5806808472, -38.1774291992, -39.8741836548, 37.0760307312, -2.85953211784, 9.00021839142, 10.833070755, 88.9619674683, 24.6967868805], [-236.581069946, 22.4574394226, -75.3587875366, 21.309753418, 17.343662262, -27.7465286255, -12.7016324997, -4.36739349365, 27.8483562469, -12.5144739151, 5.46202707291, 24.6967868805, 76.2487106323]]}, "spectral_energyband_middle_low": {"dmean2": 0.00804977305233, "median": 0.00660065747797, "min": 1.45872308952e-22, "dvar2": 0.000237160013057, "dvar": 9.68772292254e-05, "dmean": 0.00525120645761, "max": 0.12939748168, "var": 0.000152870037709, "mean": 0.0100889587775}, "melbands_crest": {"dmean2": 5.12518405914, "median": 12.0762348175, "min": 1.52922010422, "dvar2": 22.6827964783, "dvar": 9.42474746704, "dmean": 3.20023989677, "max": 32.002494812, "var": 22.2880496979, "mean": 12.6289787292}, "spectral_kurtosis": {"dmean2": 2.66567087173, "median": 4.70482063293, "min": -1.26278877258, "dvar2": 8.89540195465, "dvar": 3.10929632187, "dmean": 1.64798247814, "max": 22.3756656647, "var": 7.15322351456, "mean": 4.88114500046}, "spectral_rms": {"dmean2": 0.0015848823823, "median": 0.00391400046647, "min": 3.12174960361e-12, "dvar2": 5.65882828596e-06, "dvar": 2.76076866612e-06, "dmean": 0.00115840637591, "max": 0.0174407493323, "var": 7.19208946975e-06, "mean": 0.00423114793375}, "zerocrossingrate": {"dmean2": 0.0131537429988, "median": 0.0556640625, "min": 0.00537109375, "dvar2": 0.000265927723376, "dvar": 0.000283564324491, "dmean": 0.0117737930268, "max": 0.51904296875, "var": 0.00470859603956, "mean": 0.0697984546423}, "silence_rate_60dB": {"dmean2": 0.113918632269, "median": 0, "min": 0, "dvar2": 0.115936592221, "dvar": 0.053706035018, "dmean": 0.0569532178342, "max": 1, "var": 0.126716375351, "mean": 0.148897454143}, "erbbands_kurtosis": {"dmean2": 1.48931384087, "median": -0.111330509186, "min": -1.77556598186, "dvar2": 3.66226959229, "dvar": 1.46617937088, "dmean": 0.932883262634, "max": 19.6439590454, "var": 3.07820510864, "mean": 0.371032863855}, "erbbands": {"dmean2": [0.250044882298, 3.23781442642, 5.70250749588, 7.32267141342, 9.09548664093, 7.89673423767, 14.8175802231, 14.219748497, 13.4752311707, 11.2661819458, 49.4432106018, 26.1954612732, 32.1818962097, 28.886806488, 29.4726810455, 41.7973632812, 35.8115997314, 28.956905365, 20.1456413269, 17.0654449463, 19.5166835785, 19.2731876373, 13.4130935669, 12.7135591507, 5.25682067871, 5.53683567047, 7.61079931259, 2.62540578842, 2.39675974846, 1.64928936958, 1.59983229637, 1.5024009943, 1.1988427639, 0.800250649452, 0.369382113218, 0.1346206218, 0.0367557257414, 0.00759086059406, 0.00119458418339, 8.39948115754e-05], "median": [0.0379710793495, 0.355676084757, 0.934831976891, 2.6381444931, 2.27288579941, 2.48115563393, 5.36171627045, 4.324842453, 4.9197807312, 5.5859746933, 11.3680477142, 7.16548252106, 7.40406322479, 10.0939121246, 6.11986112595, 9.0690164566, 7.40581274033, 6.94031047821, 6.501537323, 5.70611286163, 6.96793460846, 7.57593250275, 7.28419971466, 6.17460727692, 3.79213094711, 3.67929887772, 2.96522140503, 1.0424478054, 0.608132243156, 0.361881822348, 0.350853413343, 0.37276506424, 0.265979528427, 0.150017350912, 0.0588563755155, 0.0216090902686, 0.00717066414654, 0.00136526743881, 0.000188992300536, 3.40812002833e-05], "min": [9.13712469186e-23, 7.19965504561e-22, 2.35374546225e-21, 2.26158671757e-21, 1.05079564334e-20, 2.6054179505e-20, 5.66948622492e-20, 7.84913621956e-20, 9.47382234019e-20, 7.57549194823e-20, 1.89778251405e-19, 3.40853368184e-19, 5.94924581666e-19, 7.19812930935e-19, 5.42359011498e-19, 1.12747829758e-18, 1.09167440515e-18, 1.99351251408e-18, 2.48903898914e-18, 2.56008863388e-18, 2.7643799113e-18, 4.56335526175e-18, 5.13936082694e-18, 6.21107257217e-18, 7.50771705984e-18, 7.08146923583e-18, 8.13187859875e-18, 7.86104064105e-18, 9.93380884514e-18, 1.09571487225e-17, 1.22571284024e-17, 9.61214973778e-18, 9.64873841781e-18, 7.53152083633e-18, 5.38174211721e-18, 3.69797089901e-18, 2.20869031555e-18, 8.90608304936e-19, 2.54766148595e-19, 2.83676453508e-20], "dvar2": [0.525296926498, 91.5279693604, 216.089035034, 278.821899414, 874.641113281, 559.531494141, 991.44708252, 1209.4621582, 1141.82385254, 513.626098633, 14929.8603516, 3175.00341797, 11278.2861328, 4388.61083984, 9227.18652344, 20336.4980469, 13597.8183594, 8681.2578125, 3729.46850586, 1660.71582031, 2518.51904297, 2691.95532227, 935.398803711, 904.903076172, 80.510559082, 74.0660247803, 233.150421143, 27.5581550598, 29.8350448608, 16.2168102264, 14.1916618347, 10.4708623886, 7.31841802597, 3.5576376915, 1.01811861992, 0.15460512042, 0.0113104050979, 0.00051393796457, 1.01767273009e-05, 4.38927649782e-08], "dvar": [0.200412780046, 33.61120224, 85.4434204102, 109.794403076, 324.981384277, 223.313919067, 390.781524658, 458.84262085, 433.189666748, 216.008422852, 5938.92236328, 1223.8848877, 4720.78515625, 1786.49133301, 3557.60546875, 7847.40722656, 5833.22509766, 3782.22705078, 1455.41784668, 679.74609375, 1100.65869141, 1174.90795898, 383.300109863, 391.10760498, 35.8444709778, 34.6806983948, 98.5166854858, 14.2821302414, 14.4609880447, 8.44685935974, 7.59854745865, 5.45207929611, 3.93481326103, 1.88981223106, 0.547634840012, 0.0833130627871, 0.00633596256375, 0.000275903847069, 5.04793933942e-06, 1.96547933484e-08], "dmean": [0.149986073375, 1.87606465816, 3.44038033485, 4.73205327988, 5.54108047485, 4.99651432037, 9.47614097595, 8.77265262604, 8.45912647247, 7.41342163086, 31.1709671021, 16.2738189697, 20.3151168823, 18.5313243866, 18.4759349823, 26.632484436, 23.0207042694, 18.9072399139, 12.740940094, 10.771156311, 12.7385759354, 12.6014480591, 8.75981807709, 8.53018856049, 3.55772304535, 3.7600133419, 5.14528942108, 1.88543093204, 1.68662488461, 1.19144380093, 1.17493903637, 1.08603906631, 0.891088247299, 0.598125755787, 0.275234788656, 0.0971654132009, 0.026484766975, 0.00548096001148, 0.000828854157589, 5.78196959395e-05], "max": [4.14978790283, 58.7034683228, 110.126594543, 138.647644043, 322.728302002, 326.992584229, 424.624816895, 428.13961792, 378.480438232, 398.225311279, 1587.44885254, 598.777099609, 1729.29943848, 1467.78308105, 1474.73059082, 2118.90844727, 1613.16918945, 2199.58251953, 1472.3449707, 663.870788574, 767.116149902, 1396.17944336, 525.951843262, 620.669555664, 124.818000793, 93.2534790039, 261.625244141, 53.7463989258, 64.2813262939, 44.7367095947, 47.8701820374, 36.2234764099, 42.7716026306, 38.8171806335, 28.3204803467, 8.94341182709, 2.11490297318, 0.409766674042, 0.0433897823095, 0.00245763175189], "var": [0.152885839343, 23.08452034, 76.2685623169, 125.640037537, 299.140563965, 235.152404785, 549.071899414, 539.340332031, 477.417999268, 357.574584961, 8599.18945312, 1790.96569824, 6779.71630859, 3107.99658203, 6657.02197266, 12499.0585938, 11040.7988281, 6196.02587891, 2179.72167969, 1081.49511719, 2184.21704102, 2465.07836914, 1138.33166504, 848.68170166, 94.241859436, 108.119415283, 259.681121826, 28.9987354279, 23.9762420654, 14.9975614548, 14.6372747421, 11.3337097168, 10.5072278976, 5.09986877441, 1.46806406975, 0.209662780166, 0.0165656134486, 0.000673711183481, 1.02267749753e-05, 2.86093300161e-08], "mean": [0.145992934704, 1.66124367714, 3.88950157166, 6.91726636887, 6.74442338943, 6.86010026932, 13.7981042862, 12.3391342163, 11.9955854416, 12.1603069305, 42.7470779419, 23.1158657074, 28.395822525, 28.1478633881, 28.3536891937, 38.4041442871, 35.1901473999, 27.6494922638, 19.0377101898, 16.4897785187, 21.5909099579, 22.8896713257, 18.2065181732, 16.1370716095, 7.32440090179, 7.84365987778, 9.56212520599, 3.03763437271, 2.3441889286, 1.69186651707, 1.77555310726, 1.70623683929, 1.4637556076, 0.987817943096, 0.460156619549, 0.161710187793, 0.0447594039142, 0.00876876711845, 0.0012028531637, 8.91076342668e-05]}, "spectral_strongpeak": {"dmean2": 0.956526458263, "median": 0.463964343071, "min": 0, "dvar2": 2.19328784943, "dvar": 0.871682703495, "dmean": 0.5700314641, "max": 15.5868253708, "var": 1.27886605263, "mean": 0.872046232224}, "spectral_energy": {"dmean2": 0.0218910835683, "median": 0.0157023817301, "min": 9.98895391342e-21, "dvar2": 0.0019315329846, "dvar": 0.000829428026918, "dmean": 0.0147088551894, "max": 0.311784237623, "var": 0.00110177777242, "mean": 0.0257219579071}, "average_loudness": 0.85460716486, "spectral_rolloff": {"dmean2": 853.812438965, "median": 1205.859375, "min": 86.1328125, "dvar2": 2130716, "dvar": 1152295.375, "dmean": 521.254394531, "max": 19573.6816406, "var": 7912137.5, "mean": 1858.55102539}, "spectral_centroid": {"dmean2": 377.956298828, "median": 1285.02099609, "min": 203.320083618, "dvar2": 158335.53125, "dvar": 77759.359375, "dmean": 252.400085449, "max": 11957.5898438, "var": 1363331.625, "mean": 1457.51147461}, "pitch_salience": {"dmean2": 0.119371421635, "median": 0.563290476799, "min": 0.115115053952, "dvar2": 0.0133006395772, "dvar": 0.00505126174539, "dmean": 0.0746679604053, "max": 0.969523847103, "var": 0.0111336130649, "mean": 0.558257043362}, "spectral_energyband_middle_high": {"dmean2": 0.00301810516976, "median": 0.00264518265612, "min": 1.20321296083e-21, "dvar2": 3.05390603899e-05, "dvar": 1.39663843584e-05, "dmean": 0.00213273358531, "max": 0.0650952085853, "var": 4.72109713883e-05, "mean": 0.00512581272051}, "spectral_contrast_coeffs": {"dmean2": [0.0754454061389, 0.0748512819409, 0.0647786036134, 0.053291272372, 0.0368546918035, 0.0278692860156], "median": [-0.657945275307, -0.713553547859, -0.752320766449, -0.76535820961, -0.785205721855, -0.787183761597], "min": [-0.983719289303, -0.976815462112, -0.976045250893, -0.970797479153, -0.967349588871, -0.966085970402], "dvar2": [0.0041466942057, 0.00376600516029, 0.0027882407885, 0.00179283542093, 0.000912960269488, 0.000616728852037], "dvar": [0.001683332026, 0.00149932724889, 0.00122270092834, 0.00080152018927, 0.000400790100684, 0.000280368723907], "dmean": [0.047228500247, 0.0470014922321, 0.042362190783, 0.0343096293509, 0.0238618627191, 0.0182275120169], "max": [-0.290739029646, -0.438940197229, -0.477274626493, -0.496763467789, -0.579591095448, -0.628877401352], "var": [0.00702608935535, 0.00583735108376, 0.00585713190958, 0.00486122537404, 0.00256228167564, 0.00246375659481], "mean": [-0.658078491688, -0.7131716609, -0.747871935368, -0.758514523506, -0.781905591488, -0.784361183643]}, "melbands_skewness": {"dmean2": 1.26932954788, "median": 2.10583305359, "min": -1.42573451996, "dvar2": 2.31433773041, "dvar": 1.10896229744, "dmean": 0.871705293655, "max": 14.0947027206, "var": 3.18994569778, "mean": 2.3865571022}, "spectral_spread": {"dmean2": 761267.4375, "median": 3988218, "min": 1559624.875, "dvar2": 1149066280960.0, "dvar": 784457007104, "dmean": 587710.5, "max": 42694196, "var": 19140962156500.0, "mean": 4918434.5}, "dissonance": {"dmean2": 0.0327833741903, "median": 0.466097652912, "min": 0.27469727397, "dvar2": 0.000949213397689, "dvar": 0.000352231581928, "dmean": 0.019628033042, "max": 0.500000119209, "var": 0.000669835077133, "mean": 0.460813105106}, "spectral_skewness": {"dmean2": 0.333635598421, "median": 1.56162202358, "min": -0.0801566466689, "dvar2": 0.095580086112, "dvar": 0.0379419438541, "dmean": 0.213079601526, "max": 3.65541887283, "var": 0.152994602919, "mean": 1.55909562111}, "spectral_flux": {"dmean2": 0.0506444424391, "median": 0.0654786527157, "min": 6.42463790501e-11, "dvar2": 0.00447688717395, "dvar": 0.00232829339802, "dmean": 0.0331279374659, "max": 0.456364661455, "var": 0.00513250706717, "mean": 0.0843649953604}, "spectral_contrast_valleys": {"dmean2": [0.741268754005, 0.602697610855, 0.522848427296, 0.464802145958, 0.37946459651, 0.429099112749], "median": [-7.23324012756, -6.92349720001, -7.51155662537, -7.98214530945, -7.66225576401, -10.3776435852], "min": [-28.4291725159, -28.3663902283, -27.8651371002, -27.6456413269, -27.5754737854, -27.4199085236], "dvar2": [0.479576826096, 0.297707915306, 0.219931095839, 0.192500561476, 0.163834765553, 0.283648043871], "dvar": [0.266023516655, 0.146584197879, 0.112048141658, 0.103964187205, 0.0974479913712, 0.179815858603], "dmean": [0.505921542645, 0.397984087467, 0.347973763943, 0.319389075041, 0.27711558342, 0.358029693365], "max": [-4.77548599243, -4.61664867401, -5.28874588013, -6.14832925797, -5.75955629349, -7.92405319214], "var": [6.88130712509, 6.27734375, 5.83898019791, 5.38733053207, 5.66137933731, 5.25746870041], "mean": [-7.92495346069, -7.36806821823, -7.9266076088, -8.38327407837, -8.05992889404, -10.8003749847]}, "erbbands_flatness_db": {"dmean2": 0.0279343277216, "median": 0.15827280283, "min": 0.0342091917992, "dvar2": 0.000691377092153, "dvar": 0.000374060909962, "dmean": 0.0198776088655, "max": 0.38503742218, "var": 0.00277030537836, "mean": 0.160358056426}, "spectral_energyband_high": {"dmean2": 0.000385836348869, "median": 0.00022047040693, "min": 6.93506852315e-21, "dvar2": 4.77594198856e-07, "dvar": 2.70680203585e-07, "dmean": 0.000295035453746, "max": 0.00685693509877, "var": 8.02188651505e-07, "mean": 0.000580681371503}, "spectral_entropy": {"dmean2": 0.225266456604, "median": 7.49049758911, "min": 5.70447826385, "dvar2": 0.0479071736336, "dvar": 0.0262994300574, "dmean": 0.164552241564, "max": 9.82177066803, "var": 0.216844394803, "mean": 7.53533792496}, "silence_rate_20dB": {"dmean2": 0, "median": 1, "min": 1, "dvar2": 0, "dvar": 0, "dmean": 0, "max": 1, "var": 0, "mean": 1}, "melbands_flatness_db": {"dmean2": 0.0407664068043, "median": 0.190287947655, "min": 0.00232851132751, "dvar2": 0.00193617446348, "dvar": 0.000913725467399, "dmean": 0.0281930807978, "max": 0.449625700712, "var": 0.00386218121275, "mean": 0.19479188323}, "barkbands": {"dmean2": [0.000205079588341, 0.012631428428, 0.0043809004128, 0.0026517373044, 0.00262260297313, 0.00195393501781, 0.000851670803968, 0.00177948910277, 0.00122130999807, 0.00112043065019, 0.000645897409413, 0.000980959041044, 0.000717933406122, 0.000541433691978, 0.000430513202446, 0.000313215772621, 0.000425685342634, 0.000281513552181, 0.000176064801053, 0.000127368330141, 0.000127613544464, 6.08114969509e-05, 5.39327702427e-05, 7.13551708031e-05, 5.89677110838e-05, 2.31437297771e-05, 6.97769837643e-06], "median": [1.23530935525e-05, 0.00155278202146, 0.000871913158335, 0.000817855529021, 0.000823381124064, 0.000748508609831, 0.000323632673826, 0.000393339723814, 0.000262199377175, 0.000273921701591, 8.90934024937e-05, 0.000183359938092, 0.000115950089821, 0.000105328188511, 0.000119143747725, 8.82445456227e-05, 0.000145065423567, 0.000130774016725, 8.2126876805e-05, 7.70887127146e-05, 4.55056360806e-05, 1.49839997903e-05, 1.19964433907e-05, 1.74445376615e-05, 1.08584890768e-05, 4.30704358223e-06, 1.03422075881e-06], "min": [4.77610953989e-25, 2.86858973549e-24, 7.9732636881e-25, 9.35402665203e-25, 6.85059984071e-24, 1.10330149313e-23, 7.8638648522e-24, 7.99712712492e-24, 1.29760708487e-23, 1.81698111419e-23, 1.25921709003e-23, 2.19911574964e-23, 1.74909663562e-23, 3.19230519772e-23, 3.42867032857e-23, 4.71337133349e-23, 6.15506701815e-23, 8.40806954068e-23, 1.37717834842e-22, 1.35797646425e-22, 2.40619640732e-22, 2.65161191845e-22, 4.00776807039e-22, 5.23997259087e-22, 7.99342228701e-22, 1.25112642846e-21, 1.92448274908e-21], "dvar2": [2.7794470725e-07, 0.00139964360278, 0.000124642057926, 3.97924377467e-05, 5.82428001508e-05, 2.01339862542e-05, 3.65470168617e-06, 1.89400998352e-05, 7.16291060598e-06, 9.30330497795e-06, 3.97659641749e-06, 1.1935621842e-05, 5.30141915078e-06, 3.08734206556e-06, 