{"tonal": {"thpcp": [1, 0.813645541668, 0.499649465084, 0.470674663782, 0.315234035254, 0.13416351378, 0.105829440057, 0.101017400622, 0.219164252281, 0.357479572296, 0.280359238386, 0.190672561526, 0.229869008064, 0.32025885582, 0.674604892731, 0.916858613491, 0.534096300602, 0.181626930833, 0.183755293489, 0.239394441247, 0.342117458582, 0.394202560186, 0.285494953394, 0.296323120594, 0.354666173458, 0.214259088039, 0.122951343656, 0.11780230701, 0.104613080621, 0.228920966387, 0.341132193804, 0.213832512498, 0.119664646685, 0.170520469546, 0.260571181774, 0.612123668194], "hpcp": {"dmean2": [0.0969403237104, 0.0901163294911, 0.0780277177691, 0.101629696786, 0.158901900053, 0.211614534259, 0.238090023398, 0.242975309491, 0.193053498864, 0.149156942964, 0.118123143911, 0.082251496613, 0.0658168569207, 0.0672927722335, 0.09472887218, 0.100760549307, 0.124055877328, 0.112539410591, 0.127328529954, 0.167441651225, 0.20932790637, 0.206492334604, 0.195272564888, 0.125426009297, 0.124597936869, 0.141488328576, 0.140236720443, 0.155065625906, 0.142237737775, 0.121757596731, 0.114466123283, 0.0981600433588, 0.0685748979449, 0.0587543584406, 0.0627831071615, 0.0816760733724], "median": [0.00357284443453, 0.00291915750131, 0.00189309252892, 0.00203230138868, 0.00410577747971, 0.022946510464, 0.0601096376777, 0.0466686338186, 0.0126862451434, 0.00355033390224, 0.00246280338615, 0.00214271503501, 0.00179964792915, 0.0019769098144, 0.00274291215464, 0.00306529086083, 0.00245223497041, 0.00272778538056, 0.00277301948518, 0.00476669333875, 0.0192303806543, 0.0278161838651, 0.0167196653783, 0.00276484596543, 0.00121688377112, 0.00161268946249, 0.00583228189498, 0.00996360741556, 0.0081286393106, 0.0043111750856, 0.00424008350819, 0.00409202184528, 0.00255849561654, 0.00183258764446, 0.00160871329717, 0.0026620645076], "min": [0, 0, 0, 0, 0, 0, 0, 0, 0, 0, 0, 0, 0, 0, 0, 0, 0, 0, 0, 0, 0, 0, 0, 0, 0, 0, 0, 0, 0, 0, 0, 0, 0, 0, 0, 0], "dvar2": [0.0581118986011, 0.0509490519762, 0.0501383878291, 0.0656255111098, 0.107486866415, 0.117376849055, 0.13421779871, 0.130028530955, 0.110392421484, 0.0931590795517, 0.0736579671502, 0.0526970252395, 0.0449146106839, 0.0460896119475, 0.0667644143105, 0.0612967647612, 0.093234077096, 0.0838410258293, 0.0924977734685, 0.112086385489, 0.11781731993, 0.122372999787, 0.112170755863, 0.0822214260697, 0.0935699045658, 0.110073126853, 0.0889584347606, 0.103871695697, 0.0913319960237, 0.0721181705594, 0.0701547786593, 0.0598503500223, 0.0438531972468, 0.035713173449, 0.0430577583611, 0.0471301004291], "dvar": [0.0241173841059, 0.0195456854999, 0.0178894307464, 0.0246353317052, 0.0391294844449, 0.0457623004913, 0.0569962263107, 0.051566183567, 0.0432821922004, 0.0388351455331, 0.0294534862041, 0.0193861685693, 0.0162665899843, 0.0161424055696, 0.0234828498214, 0.0263083409518, 0.0335398092866, 0.0303020738065, 0.0339842028916, 0.0422655828297, 0.0462697073817, 0.0508676879108, 0.0439513958991, 0.0291748214513, 0.0326288826764, 0.037912722677, 0.0339538939297, 0.0385084375739, 0.0327949672937, 0.0276170279831, 0.0288056656718, 0.021714868024, 0.015356936492, 0.0129699390382, 0.0150828827173, 0.0185482893139], "dmean": [0.0571814998984, 0.0517231188715, 0.0424258634448, 0.0557091571391, 0.0881469622254, 0.123265840113, 0.140336468816, 0.141867563128, 0.112364806235, 0.0864059701562, 0.0676091834903, 0.0445179790258, 0.0356290489435, 0.0361087955534, 0.0533523410559, 0.0587691515684, 0.0694801732898, 0.0616265013814, 0.0704106092453, 0.0936651900411, 0.121689774096, 0.119781777263, 0.113145932555, 0.0679633542895, 0.0671283900738, 0.0765031799674, 0.0791987553239, 0.0870954021811, 0.0799811184406, 0.0685048550367, 0.067075945437, 0.0556525699794, 0.0379172563553, 0.0325562506914, 0.0344980917871, 0.0467512980103], "max": [1, 1, 1, 1, 1, 1, 1, 1, 1, 1, 1, 1, 1, 1, 1, 1, 1, 1, 1, 1, 1, 1, 1, 1, 1, 1, 1, 1, 1, 1, 1, 1, 1, 1, 1, 1], "var": [0.0537288635969, 0.0229275338352, 0.0131405266002, 0.0224151052535, 0.0338242873549, 0.0726057216525, 0.134083926678, 0.0990423411131, 0.0611970983446, 0.0761352553964, 0.0437813661993, 0.0162956956774, 0.0129362447187, 0.0118764014915, 0.029108857736, 0.0613939724863, 0.0401271656156, 0.0270022582263, 0.0328560397029, 0.0451029092073, 0.0861833170056, 0.135053008795, 0.0612955726683, 0.0214135739952, 0.0261883232743, 0.0369652174413, 0.0491047762334, 0.0577946007252, 0.0334251709282, 0.0410313457251, 0.0564656294882, 0.0226558912545, 0.0127811618149, 0.0127356639132, 0.0109066618606, 0.0310717709363], "mean": [0.0926517024636, 0.0580770336092, 0.0325009860098, 0.046313457191, 0.0707712844014, 0.166253134608, 0.271600574255, 0.220986589789, 0.135705083609, 0.127835512161, 0.0856177434325, 0.0364388860762, 0.0287433359772, 0.0274363830686, 0.0595251359046, 0.0970916599035, 0.0761457309127, 0.0517867766321, 0.0624325536191, 0.0869824886322, 0.183223083615, 0.24901932478, 0.145060867071, 0.0493299774826, 0.049908041954, 0.0650196671486, 0.0929192975163, 0.10706564039, 0.0775405913591, 0.0804815292358, 0.0963275358081, 0.0581928901374, 0.0333936549723, 0.0319951735437, 0.0284129735082, 0.062175065279]}, "tuning_equal_tempered_deviation": 0.0347417481244, "chords_changes_rate": 0.0580952391028, "key_key": "E", "tuning_diatonic_strength": 0.636968791485, "key_scale": "minor", "chords_number_rate": 0.00190476188436, "tuning_frequency": 439.491973877, "tuning_nontempered_energy_ratio": 0.695353627205, "chords_histogram": [22.571428299, 2.3047618866, 11.0857143402, 3.12380957603, 0.761904776096, 1.18095242977, 1.46666669846, 11.2761907578, 0.62857145071, 19.6000003815, 0.228571429849, 0.838095247746, 0.114285714924, 0.0190476197749, 0, 0, 0.228571429849, 0.1523809582, 0.0190476197749, 0.0380952395499, 0.838095247746, 0.857142865658, 16.4190483093, 6.24761915207], "key_strength": 0.883733868599, "chords_key": "E", "chords_strength": {"dmean2": 0.0106965517625, "median": 0.503514051437, "min": -1, "dvar2": 0.00108177645598, "dvar": 0.000533327169251, "dmean": 0.0111468341202, "max": 0.759371221066, "var": 0.02965323627, "mean": 0.493611454964}, "chords_scale": "minor", "hpcp_entropy": {"dmean2": 0.896800458431, "median": 1.56166160107, "min": 0, "dvar2": 0.653149425983, "dvar": 0.258352041245, "dmean": 0.530341923237, "max": 4.04103899002, "var": 0.552106201649, "mean": 1.4682174921}}, "metadata": {"audio_properties": {"equal_loudness": 0, "codec": "flac", "downmix": "mix", "sample_rate": 44100, "analysis_sample_rate": 44100, "bit_rate": 0, "md5_encoded": "c665c015e6675bd2098275282048dd9f", "length": 243.733337402, "replay_gain": -11.2612781525, "lossless": true}, "version": {"essentia_build_sha": "2d9f1f26377add8aeb1075a9c2973f962c4f09fd", "essentia": "2.1-beta2", "extractor": "music 1.0", "essentia_git_sha": "v2.1_beta2-1-ge3940c0"}, "tags": {"title": ["Veinte A\u00f1os"], "barcode": ["828765308625"], "media": ["CD"], "albumartist": ["Bebo Vald\u00e9s & Diego el Cigala"], "tracktotal": ["9"], "musicbrainz_releasegroupid": ["42d5ed7d-c35c-3f8f-a4d3-d13141a9f60f"], "releasetype": ["album"], "musicbrainz_recordingid": ["08631877-c1b9-4e05-b965-e7954f38055f"], "artistsort": ["Vald\u00e9s, Bebo & Diego el Cigala"], "album": ["L\u00e1grimas Negras"], "musicbrainz_albumartistid": ["4034bdc9-e19d-4f70-8603-4c01aa2e89cb", "ff84fb01-b472-45e4-b2cd-94d4970e2ed8"], "originalyear": ["2003"], "musicbrainz_releasetrackid": ["b660c439-af35-3099-bba7-6ed49c4e1e1f"], "discnumber": ["1"], "bpm": ["115"], "releasecountry": ["US"], "file_name": "02- Veinte Anos.flac", "originaldate": ["2003"], "date": ["2004-06-22"], "genre": ["Latino - Cuba - Flamenco"], "musicip_puid": ["4f843fea-7335-efbc-6777-7d1df9379909"], "musicbrainz_artistid": ["4034bdc9-e19d-4f70-8603-4c01aa2e89cb", "ff84fb01-b472-45e4-b2cd-94d4970e2ed8"], "asin": ["B0001EKZOQ"], "musicbrainz_albumid": ["7d47c734-b49c-4ce2-9c48-76a04770d6a8"], "artist": ["Bebo Vald\u00e9s & Diego El Cigala"], "disctotal": ["1"], "tracknumber": ["2"], "label": ["Bluebird Records"], "albumartistsort": ["Vald\u00e9s, Bebo & Diego el Cigala"], "acoustid_id": ["dad15432-f7fe-4e7a-acc4-709153036da6"], "script": ["Latn"], "releasestatus": ["official"]}}, "rhythm": {"bpm_histogram_first_peak_bpm": {"dmean2": 0, "median": 115, "min": 115, "dvar2": 0, "dvar": 0, "dmean": 0, "max": 115, "var": 0, "mean": 115}, "bpm": 114.146530151, "bpm_histogram_second_peak_spread": {"dmean2": 0, "median": 0.652173876762, "min": 0.652173876762, "dvar2": 0, "dvar": 0, "dmean": 0, "max": 0.652173876762, "var": 0, "mean": 0.652173876762}, "bpm_histogram_first_peak_weight": {"dmean2": 0, "median": 0.221505373716, "min": 0.221505373716, "dvar2": 0, "dvar": 0, "dmean": 0, "max": 0.221505373716, "var": 0, "mean": 0.221505373716}, "onset_rate": 3.61843967438, "beats_position": [0.336689323187, 0.684988677502, 1.05650794506, 1.43963718414, 1.84598636627, 2.2523355484, 2.65868473053, 3.12308382988, 3.55265307426, 3.98222208023, 4.41179132462, 4.841360569, 5.27092981339, 5.70049858093, 6.14167785645, 6.59446716309, 7.04725599289, 7.51165533066, 7.97605419159, 8.44045352936, 8.88163280487, 9.35764122009, 9.83365058899, 10.4025392532, 10.9365987778, 11.4822673798, 12.0279359818, 12.5852155685, 13.1541042328, 13.7113828659, 14.2802715302, 14.8375511169, 15.3832197189, 15.9288883209, 16.4745578766, 17.031835556, 17.5775051117, 18.1115646362, 18.6572322845, 19.2029018402, 19.7369613647, 20.2594108582, 20.7818584442, 21.4087982178, 22.035736084, 22.6394557953, 23.2663936615, 23.8933334351, 24.5202713013, 25.1704311371, 25.7857589722, 26.4126987457, 27.0396366119, 27.6665763855, 28.2586841583, 28.8507938385, 29.4429016113, 30.0234012604, 30.6038990021, 31.1960086823, 31.7648983002, 32.3337860107, 32.9258956909, 33.5063934326, 34.0868911743, 34.6790008545, 35.2711105347, 35.8632202148, 36.455329895, 37.059047699, 37.6395454407, 38.2316551208, 38.8353729248, 39.427482605, 40.0195922852, 40.5884780884, 41.1689796448, 41.703037262, 42.2254867554, 42.7479362488, 43.2587738037, 43.7812232971, 44.3036727905, 44.7912902832, 45.2905197144, 45.7897491455, 46.347026825, 46.9043083191, 47.4499778748, 48.018863678, 48.5877532959, 49.14503479, 49.690700531, 50.2595901489, 50.8284797668, 51.3973693848, 51.9662590027, 52.5351448059, 53.0808143616, 53.6380958557, 54.2069816589, 54.7758712769, 55.3447608948, 55.9252586365, 56.4825401306, 57.0514259338, 57.608707428, 58.1659851074, 58.7232627869, 59.280544281, 59.8494338989, 60.4183197021, 60.9872093201, 61.5444869995, 62.1133766174, 62.6706581116, 63.2395439148, 63.7968254089, 64.3424911499, 64.899772644, 65.4570541382, 66.0143280029, 66.5716094971, 67.1288909912, 67.6977767944, 68.2550582886, 68.8123321533, 69.358001709, 69.9152832031, 70.4609527588, 71.0182266235, 71.5755081177, 72.1444015503, 72.701675415, 73.2705688477, 73.8162307739, 74.3735122681, 74.9307937622, 75.4996795654, 76.068572998, 76.6374588013, 77.2063446045, 77.8216781616, 78.4486160278, 79.0639419556, 79.6676635742, 80.2713851929, 80.8518829346, 81.4323806763, 82.047706604, 82.6630401611, 83.2203140259, 83.7543716431, 84.3000411987, 84.8224945068, 85.3449401855, 85.8673934937, 86.4014511108, 86.9238967896, 87.4463500977, 87.9687957764, 88.4912490845, 89.0253067017, 89.5477523804, 90.093421936, 90.6274795532, 91.1615371704, 91.6839904785, 92.2180480957, 92.7404937744, 93.274559021, 93.8086166382, 94.3426742554, 94.8767318726, 95.4107894897, 95.9448471069, 96.5021286011, 97.0477981567, 97.5934677124, 98.1275253296, 98.6731948853, 99.2072525024, 99.7529220581, 100.286979675, 100.844261169, 101.378318787, 101.912376404, 102.44644165, 102.980499268, 103.514556885, 104.037002563, 104.571060181, 105.093513489, 105.615959167, 106.138412476, 106.660858154, 107.183311462, 107.705757141, 108.22820282, 108.773872375, 109.319541931, 109.865211487, 110.399269104, 110.94493866, 111.479003906, 112.024665833, 112.558731079, 113.081176758, 113.615234375, 114.149291992, 114.683357239, 115.205802917, 115.728248596, 116.262313843, 116.784759521, 117.318817139, 117.852874756, 118.398544312, 118.932601929, 119.455055237, 119.977500916, 120.499954224, 121.010787964, 121.533241272, 122.055686951, 122.589744568, 123.123809814, 123.657867432, 124.18031311, 124.714370728, 125.248435974, 125.759269714, 126.270111084, 126.780952454, 127.291786194, 127.82585144, 128.359909058, 128.893966675, 129.416412354, 129.938858032, 130.472915649, 131.006988525, 131.529434204, 132.051879883, 132.5859375, 133.119995117, 133.654052734, 134.176498413, 134.698959351, 135.209793091, 135.720626831, 136.219863892, 136.74230957, 137.276367188, 137.810424805, 138.321273804, 138.866943359, 139.401000977, 139.923446655, 140.445892334, 140.968338013, 141.479187012, 141.990020752, 142.500854492, 143.000091553, 143.499313354, 144.010162354, 144.532608032, 145.055053711, 145.565887451, 146.07673645, 146.58757019, 147.098403931, 147.60925293, 148.12008667, 148.642532349, 149.164993286, 149.675827026, 150.186660767, 150.709106445, 151.231567383, 151.754013062, 152.27645874, 152.78729248, 153.298141479, 153.80897522, 154.31980896, 154.819046021, 155.318267822, 155.829116821, 156.3515625, 156.885620117, 157.419677734, 157.930511475, 158.441360474, 158.987030029, 159.521087646, 160.055145264, 160.577590942, 161.100036621, 161.634094238, 162.144943237, 162.655776978, 163.178222656, 163.700683594, 164.223129272, 164.745574951, 165.279632568, 165.813690186, 166.347747803, 166.88180542, 167.415863037, 167.949935913, 168.48399353, 169.018051147, 169.540496826, 170.074554443, 170.597000122, 171.107849121, 171.6302948, 172.152740479, 172.686798096, 173.232467651, 173.766525269, 174.300582886, 174.834640503, 175.35710144, 175.891159058, 176.425216675, 176.947662354, 177.470108032, 177.992553711, 178.515014648, 179.037460327, 179.559906006, 180.082351685, 180.604797363, 181.127258301, 181.649703979, 182.183761597, 182.717819214, 183.228652954, 183.751113892, 184.27355957, 184.796005249, 185.318450928, 185.829299927, 186.340133667, 186.850967407, 187.361816406, 187.872650146, 188.383483887, 188.894332886, 189.405166626, 189.927612305, 190.438461304, 190.972518921, 191.4949646, 192.017410278, 192.539855957, 193.050704956, 193.584762573, 194.107208252, 194.629653931, 195.152099609, 195.674560547, 196.185394287, 196.696228027, 197.218673706, 197.729522705, 198.240356445, 198.762802124, 199.285263062, 199.80770874, 200.31854248, 200.817779541, 201.317001343, 201.839447021, 202.361907959, 202.861129761, 203.360351563, 203.871200562, 204.370422363, 204.858047485, 205.357269287, 205.868118286, 206.378952026, 206.889785767, 207.412246704, 207.923080444, 208.422302246, 208.933151245, 209.455596924, 209.978042603, 210.488891602, 211.01133728, 211.394470215, 211.789199829, 212.183944702, 212.578674316, 212.961807251, 213.344940186, 213.72807312, 214.111190796, 214.471099854, 214.831008911, 215.190933228, 215.666931152, 216.154556274, 216.630569458, 217.12979126, 217.640625, 218.151473999, 218.673919678, 219.196365356, 219.707214355, 220.241271973, 220.786941528, 221.320999146, 221.820220947, 222.307846069, 222.795455933, 223.294692993, 223.793914795, 224.281539917, 224.792373657, 225.303222656, 225.814056396, 226.266845703, 226.708023071, 227.149200439, 227.601989746, 228.054779053, 228.507568359, 228.995193481, 229.494415283, 229.993652344, 230.527709961, 231.05015564, 231.572601318, 232.095046997, 232.617507935, 233.139953613, 233.639175415, 234.126800537, 234.6144104, 235.055603027, 235.508392334, 235.961181641, 236.448791504, 236.948028564, 237.447250366, 237.888427734, 238.329605103, 238.770782471, 239.223571777, 239.571884155, 239.931793213, 240.291702271, 240.651611328, 241.011520386, 241.371429443, 241.731338501, 242.160903931, 242.59046936, 243.00843811], "beats_loudness": {"dmean2": 0.0481587946415, "median": 0.0316770747304, "min": 0, "dvar2": 0.00158841407392, "dvar": 0.000559096515644, "dmean": 0.0274298153818, "max": 0.153049767017, "var": 0.000868267961778, "mean": 0.035405356437}, "danceability": 1.05771052837, "bpm_histogram_second_peak_weight": {"dmean2": 0, "median": 0.0688172057271, "min": 0.0688172057271, "dvar2": 0, "dvar": 0, "dmean": 0, "max": 0.0688172057271, "var": 0, "mean": 0.0688172057271}, "beats_count": 466, "bpm_histogram_second_peak_bpm": {"dmean2": 0, "median": 108, "min": 108, "dvar2": 0, "dvar": 0, "dmean": 0, "max": 108, "var": 0, "mean": 108}, "bpm_histogram_first_peak_spread": {"dmean2": 0, "median": 0.572614073753, "min": 0.572614073753, "dvar2": 0, "dvar": 0, "dmean": 0, "max": 0.572614073753, "var": 0, "mean": 0.572614073753}, "beats_loudness_band_ratio": {"dmean2": [0.48893865943, 0.31524926424, 0.311548292637, 0.104515850544, 0.0283279251307, 0.0451565273106], "median": [0.659847021103, 0.0967121869326, 0.0726622790098, 0.0164232179523, 0.00479778181762, 0.00162774464116], "min": [0, 0, 0, 0, 0, 0], "dvar2": [0.161882132292, 0.0854991823435, 0.0962911993265, 0.0244333874434, 0.00153118302114, 0.0354324802756], "dvar": [0.0709317699075, 0.0344830863178, 0.0397064425051, 0.0105339391157, 0.000593133794609, 0.0126226972789], "dmean": [0.281449705362, 0.179200083017, 0.176628962159, 0.0596891455352, 0.0154800862074, 0.0242005903274], "max": [0.997626781464, 0.973298311234, 0.970899105072, 0.886715054512, 0.152474492788, 0.99502414465], "var": [0.127149313688, 0.0432178191841, 0.0523582957685, 0.0121920229867, 0.000583534711041, 0.0140315406024], "mean": [0.562819898129, 0.183147743344, 0.185480669141, 0.0577069930732, 0.0138996718451, 0.0220597684383]}}, "lowlevel": {"barkbands_spread": {"dmean2": 5.33184766769, "median": 6.02232646942, "min": 0.0407611168921, "dvar2": 178.207611084, "dvar": 73.8101119995, "dmean": 3.31037735939, "max": 134.113418579, "var": 157.410614014, "mean": 8.94665718079}, "melbands_spread": {"dmean2": 5.04267597198, "median": 6.38241291046, "min": 0.213729932904, "dvar2": 227.758499146, "dvar": 108.003570557, "dmean": 3.28087091446, "max": 290.580078125, "var": 526.51550293, "mean": 11.098649025}, "hfc": {"dmean2": 4.444688797, "median": 3.24211549759, "min": 1.0491559196e-16, "dvar2": 124.356216431, "dvar": 59.0871009827, "dmean": 3.16157031059, "max": 312.713195801, "var": 261.705596924, "mean": 9.38679218292}, "barkbands_kurtosis": {"dmean2": 20.5246906281, "median": 7.83958292007, "min": -1.9649682045, "dvar2": 8966.64648438, "dvar": 4264.58740234, "dmean": 13.4120674133, "max": 3187.07543945, "var": 28135.3066406, "mean": 31.8111610413}, "gfcc": {"mean": [-151.439025879, 146.815765381, -90.1447219849, 6.64086389542, -42.2574157715, 6.20286560059, -28.4608860016, 0.0230589918792, -10.357834816, -1.71890294552, -9.16111373901, -3.87345123291, -6.49010372162], "icov": [[0.000142826233059, -0.000231076817727, 0.000247596239205, -0.000343756080838, 0.000309054710669, -0.000386894738767, 0.000286124122795, -0.000442490738351, 0.000361307873391, -0.00032996488153, 0.000238616106799, -0.000249682401773, 0.000141701268149], [-0.000231076817727, 0.00102180044632, -0.000271127850283, 0.000546313181985, -0.000946826301515, 0.00072529289173, -0.00074385071639, 0.00109884073026, -0.000803156581242, 0.00127860310022, -0.000710182357579, 0.000906144501641, -0.000508226105012], [0.000247596239205, -0.000271127850283, 0.00127485836856, -0.000851592223626, 0.000177372829057, -0.00152995216195, 0.000864746631123, -0.000776256434619, 0.000841919623781, -0.000262367422692, 0.000265146634774, -0.000568312476389, -0.00010474670853], [-0.000343756080838, 0.000546313181985, -0.000851592223626, 0.00317270215601, -0.000699646014255, 0.000540792359971, -0.000436584494309, 0.00131309148856, -0.00161210086662, 0.00025278920657, -0.000385321414797, 0.00151836301666, -0.00130076520145], [0.000309054710669, -0.000946826301515, 0.000177372829057, -0.000699646014255, 0.00227290159091, -0.000596476369537, 0.000188024059753, -0.00131509173661, 0.000458819005871, -0.000789114448708, -0.000277594517684, 0.000517262378708, -0.000342441548128], [-0.000386894738767, 0.00072529289173, -0.00152995216195, 0.000540792359971, -0.000596476369537, 0.00521115073934, -0.00210893899202, -4.27414743172e-05, -0.000182250092621, 0.000471397681395, -0.000306526635541, 0.000294965197099, 0.000197269328055], [0.000286124122795, -0.00074385071639, 0.000864746631123, -0.000436584494309, 0.000188024059753, -0.00210893899202, 0.00508085126057, -0.00206828606315, -0.000287193135591, 0.000571507203858, -0.000136321017635, -0.000462737982161, -0.000242299167439], [-0.000442490738351, 0.00109884073026, -0.000776256434619, 0.00131309148856, -0.00131509173661, -4.27414743172e-05, -0.00206828606315, 0.00913932453841, -0.00257775629871, -0.000649738358334, 4.87821671413e-05, -0.000765995413531, 0.000808544282336], [0.000361307873391, -0.000803156581242, 0.000841919623781, -0.00161210086662, 0.000458819005871, -0.000182250092621, -0.000287193135591, -0.00257775629871, 0.00824884325266, -0.00331284431741, -0.00223659700714, 0.000906054629013, 5.42191555724e-05], [-0.00032996488153, 0.00127860310022, -0.000262367422692, 0.00025278920657, -0.000789114448708, 0.000471397681395, 0.000571507203858, -0.000649738358334, -0.00331284431741, 0.010984188877, -0.00310738408007, -0.000890577910468, 0.000368202076061], [0.000238616106799, -0.000710182357579, 0.000265146634774, -0.000385321414797, -0.000277594517684, -0.000306526635541, -0.000136321017635, 4.87821671413e-05, -0.00223659700714, -0.00310738408007, 0.0113035440445, -0.00391225283965, 0.00101576908492], [-0.000249682401773, 0.000906144501641, -0.000568312476389, 0.00151836301666, 0.000517262378708, 0.000294965197099, -0.000462737982161, -0.000765995413531, 0.000906054629013, -0.000890577910468, -0.00391225283965, 0.0126312226057, -0.00534884957597], [0.000141701268149, -0.000508226105012, -0.00010474670853, -0.00130076520145, -0.000342441548128, 0.000197269328055, -0.000242299167439, 0.000808544282336, 5.42191555724e-05, 0.000368202076061, 0.00101576908492, -0.00534884957597, 0.0114520890638]], "cov": [[25349.890625, -858.510253906, -2144.50146484, 682.596618652, -2917.39477539, 607.970397949, -682.49798584, 384.640228271, -596.809265137, 333.462982178, -481.620697021, 294.445922852, -260.80480957], [-858.510253906, 3767.27563477, -411.641418457, 34.1703720093, 1434.16430664, -316.266418457, 431.945556641, -211.7162323, 271.645935059, -295.80770874, 155.265670776, -307.656005859, 101.101837158], [-2144.50146484, -411.641418457, 1952.90600586, 259.564910889, 228.210327148, 446.37387085, -36.2321090698, 77.8833312988, -78.8439102173, 7.62614917755, 2.31957745552, 68.3606948853, 80.3319473267], [682.596618652, 34.1703720093, 259.564910889, 521.08404541, 98.5404129028, 78.6435394287, -1.57875180244, 6.15359592438, 67.9052734375, 36.0169944763, 14.5899276733, -25.9921970367, 40.8413467407], [-2917.39477539, 1434.16430664, 228.210327148, 98.5404129028, 1400.81091309, -57.5431671143, 280.334716797, -6.25067949295, 221.960418701, -67.6706390381, 153.019424438, -147.232940674, 81.0602645874], [607.970397949, -316.266418457, 446.37387085, 78.6435394287, -57.5431671143, 415.924560547, 62.9235839844, 97.9293670654, -37.3524932861, 33.6549110413, -12.0176706314, 47.2165336609, -0.796846330166], [-682.49798584, 431.945556641, -36.2321090698, -1.57875180244, 280.334716797, 62.9235839844, 350.740325928, 53.3102035522, 97.0326461792, -26.887096405, 56.1189079285, -25.0306186676, 21.7954845428], [384.640228271, -211.7162323, 77.8833312988, 6.15359592438, -6.25067949295, 97.9293670654, 53.3102035522, 193.891189575, 49.3687820435, 66.8457107544, 22.3729019165, 39.8631248474, -12.9274377823], [-596.809265137, 271.645935059, -78.8439102173, 67.9052734375, 221.960418701, -37.3524932861, 97.0326461792, 49.3687820435, 256.455596924, 65.4886169434, 98.8502120972, -24.0267429352, 8.96999073029], [333.462982178, -295.80770874, 7.62614917755, 36.0169944763, -67.6706390381, 33.6549110413, -26.887096405, 66.8457107544, 65.4886169434, 172.650695801, 52.167049408, 48.8465995789, -8.65809440613], [-481.620697021, 155.265670776, 2.31957745552, 14.5899276733, 153.019424438, -12.0176706314, 56.1189079285, 22.3729019165, 98.8502120972, 52.167049408, 154.362060547, 25.9550666809, 15.2044143677], [294.445922852, -307.656005859, 68.3606948853, -25.9921970367, -147.232940674, 47.2165336609, -25.0306186676, 39.8631248474, -24.0267429352, 48.8465995789, 25.9550666809, 148.797073364, 37.5552139282], [-260.80480957, 101.101837158, 80.3319473267, 40.8413467407, 81.0602645874, -0.796846330166, 21.7954845428, -12.9274377823, 8.96999073029, -8.65809440613, 15.2044143677, 37.5552139282, 120.647163391]]}, "spectral_energyband_middle_low": {"dmean2": 0.00590020650998, "median": 0.00346688460559, "min": 1.40095019849e-22, "dvar2": 0.000155590198119, "dvar": 7.83757277532e-05, "dmean": 0.00413914304227, "max": 0.136036127806, "var": 0.000290183670586, "mean": 0.011148207821}, "melbands_crest": {"dmean2": 4.33226013184, "median": 17.9240989685, "min": 1.58133149147, "dvar2": 19.8894023895, "dvar": 8.27410125732, "dmean": 2.77446818352, "max": 34.6068344116, "var": 36.2019271851, "mean": 17.9403381348}, "spectral_kurtosis": {"dmean2": 13.0549268723, "median": 13.1248788834, "min": -1.5131496191, "dvar2": 284.48614502, "dvar": 119.267990112, "dmean": 8.01170349121, "max": 276.786071777, "var": 553.923583984, "mean": 20.8839950562}, "spectral_rms": {"dmean2": 0.000941379927099, "median": 0.00352377141826, "min": 3.01890153501e-12, "dvar2": 1.79517110155e-06, "dvar": 9.20875720567e-07, "dmean": 0.000682485930156, "max": 0.0145548814908, "var": 6.41350288788e-06, "mean": 0.00393043411896}, "zerocrossingrate": {"dmean2": 0.00840722024441, "median": 0.02197265625, "min": 0.00244140625, "dvar2": 0.000292983429972, "dvar": 0.00027082307497, "dmean": 0.00674774264917, "max": 0.90087890625, "var": 0.00746394321322, "mean": 0.0373580753803}, "silence_rate_60dB": {"dmean2": 0.103277437389, "median": 0, "min": 0, "dvar2": 0.102334268391, "dvar": 0.0489626564085, "dmean": 0.0516338013113, "max": 1, "var": 0.176866039634, "mean": 0.229567542672}, "erbbands_kurtosis": {"dmean2": 3.71961569786, "median": 1.22070431709, "min": -1.87723720074, "dvar2": 53.8707962036, "dvar": 24.9760532379, "dmean": 2.4558634758, "max": 194.302154541, "var": 64.3361740112, "mean": 4.01008319855}, "erbbands": {"dmean2": [0.0791081488132, 1.26013922691, 2.22108030319, 1.37213027477, 2.6403055191, 6.46867609024, 9.83324718475, 13.6211280823, 10.3960790634, 31.4952487946, 31.0822658539, 47.5248336792, 12.9003620148, 7.1234793663, 10.3507785797, 7.62529468536, 14.2171182632, 7.78169870377, 3.48010706902, 2.66820764542, 1.49176359177, 1.54613542557, 1.50443482399, 0.830605566502, 0.419768691063, 0.704254090786, 0.546636104584, 0.579034090042, 0.626312017441, 0.708639025688, 0.659784078598, 0.629889905453, 0.703397393227, 0.640839219093, 0.408081322908, 0.122892983258, 0.0334999002516, 0.00704734073952, 0.00069410353899, 3.99199016101e-05], "median": [0.0138984052464, 0.268130064011, 0.560155630112, 0.65663433075, 1.1270236969, 1.88485360146, 2.24966692924, 2.03902196884, 2.04234361649, 3.00908136368, 2.37483859062, 2.80208826065, 1.72774767876, 1.38843262196, 1.34976696968, 1.17139863968, 1.3643887043, 1.22061574459, 0.91798043251, 0.758004307747, 0.538610041142, 0.537412762642, 0.314790606499, 0.151829615235, 0.101695634425, 0.0954949781299, 0.0506765134633, 0.0370325371623, 0.0210027992725, 0.0149325914681, 0.0105211734772, 0.0063914754428, 0.00328819267452, 0.00175282580312, 0.000880133942701, 0.000327179732267, 0.000115231407108, 2.01394432224e-05, 1.43176948768e-05, 1.78073842108e-05], "min": [4.39746188658e-23, 5.69559391105e-22, 1.2673953909e-21, 4.8248968532e-21, 9.5319099678e-21, 3.27311070925e-20, 3.42325950007e-20, 3.05092418061e-20, 1.3073351767e-19, 9.75800734822e-20, 1.31107312834e-19, 3.39301448108e-19, 3.7572854358e-19, 4.31752219848e-19, 7.13104547866e-19, 1.19373050156e-18, 1.35575615841e-18, 1.62233341217e-18, 2.75674606823e-18, 3.0731567146e-18, 3.68479928853e-18, 3.90721161163e-18, 5.52741896284e-18, 6.64895965458e-18, 7.81365973556e-18, 8.86181089541e-18, 8.73259949346e-18, 9.52667799226e-18, 9.0381401594e-18, 8.48920738848e-18, 1.15166181201e-17, 1.12992673151e-17, 1.05997115721e-17, 8.47241065896e-18, 5.98705220996e-18, 4.35507118351e-18, 2.46820148233e-18, 9.139522724e-19, 2.53918546961e-19, 2.46638714567e-20], "dvar2": [0.0432533510029, 12.7777605057, 48.8740196228, 11.1554889679, 37.4808654785, 239.399414063, 1000.13769531, 4403.84619141, 2027.375, 19339.7988281, 16838.1953125, 44143.1796875, 4805.70117188, 1081.16918945, 1587.43115234, 1549.38879395, 5901.39355469, 1749.88256836, 279.678924561, 222.927978516, 24.4652462006, 34.083656311, 61.9992027283, 21.860118866, 2.14605760574, 5.41317510605, 4.18457126617, 3.23747062683, 5.1467089653, 7.19215488434, 4.07391119003, 9.85200691223, 30.5795307159, 29.0866909027, 10.3937263489, 1.00568068027, 0.0264600720257, 0.000995642854832, 8.95932680578e-06, 1.81776567132e-08], "dvar": [0.0197642855346, 5.18813371658, 19.6898403168, 4.76190662384, 16.0671272278, 132.10307312, 517.091247559, 2219.43945313, 1093.11889648, 8932.4375, 8164.47265625, 22946.453125, 2641.81542969, 541.619018555, 861.665893555, 695.14263916, 2839.17724609, 831.621520996, 115.342956543, 100.366569519, 11.6059904099, 13.9363584518, 29.6674137115, 8.99595737457, 1.02822065353, 2.61337208748, 1.96900475025, 1.6108789444, 2.22189760208, 3.03373456001, 1.73914551735, 4.57302188873, 14.9145498276, 14.7050485611, 5.2622013092, 0.40549877286, 0.0103085748851, 0.000368699635146, 3.34107789968e-06, 6.62227295223e-09], "dmean": [0.0544872581959, 0.801904320717, 1.43671321869, 0.892498970032, 1.72200858593, 4.54321193695, 7.02451515198, 9.47148895264, 7.17808818817, 20.8298416138, 21.2889003754, 34.4465255737, 9.440366745, 5.11080121994, 7.48874664307, 5.03644943237, 9.61029815674, 5.3434343338, 2.25990700722, 1.8857678175, 1.04208266735, 1.03147661686, 1.01065218449, 0.561242520809, 0.286175638437, 0.471129626036, 0.36689338088, 0.394288063049, 0.41837361455, 0.458527088165, 0.425964057446, 0.407639801502, 0.467991232872, 0.428695172071, 0.262578248978, 0.0737813487649, 0.0192213412374, 0.00395961431786, 0.000388745538658, 2.36556134041e-05], "max": [2.3098731041, 39.3941345215, 105.460769653, 47.5722846985, 83.068977356, 370.206695557, 833.258361816, 1254.2043457, 1637.5682373, 2824.31005859, 3124.87792969, 3486.28686523, 2588.91870117, 1106.90454102, 876.726928711, 1449.83068848, 2375.7265625, 1947.64611816, 516.271789551, 555.715087891, 113.903800964, 162.80279541, 252.381347656, 143.181228638, 39.5348777771, 93.408782959, 76.061088562, 41.8274040222, 58.5208587646, 77.8737258911, 42.9560699463, 114.532623291, 197.266189575, 195.438186646, 113.64390564, 33.5735664368, 4.30034303665, 0.592549681664, 0.0508685559034, 0.00217765243724], "var": [0.0901301130652, 10.6968479156, 36.529876709, 13.3027896881, 50.3487434387, 827.604675293, 1576.43774414, 4456.33154297, 2002.42126465, 18583.3867188, 18030.421875, 63366.8945313, 7974.15722656, 1506.9197998, 3596.8671875, 1585.98449707, 12684.6289063, 2125.58544922, 200.374786377, 239.828842163, 30.432849884, 24.161863327, 50.1928215027, 15.4478263855, 2.68008255959, 7.02307081223, 6.15296125412, 7.18051338196, 7.29159355164, 9.82753372192, 6.10474967957, 10.1545038223, 29.7807788849, 28.9847888947, 11.9730415344, 0.622671842575, 0.0134372748435, 0.000359343044693, 2.92656250167e-06, 6.40231601068e-09], "mean": [0.152306005359, 1.88542604446, 2.86747980118, 1.99517095089, 3.68168759346, 11.6789588928, 14.4256982803, 16.176153183, 12.0148258209, 33.9679794312, 39.8050918579, 69.722442627, 19.7474708557, 11.9278316498, 17.2294178009, 10.0193786621, 21.7300624847, 9.22834587097, 4.14673280716, 3.71167302132, 2.18291902542, 1.97692584991, 1.79613363743, 0.967986106873, 0.546810865402, 0.87346726656, 0.745722055435, 0.889462292194, 0.86840993166, 0.882067084312, 0.807302474976, 0.651009678841, 0.687704384327, 0.600973308086, 0.370948761702, 0.0918386951089, 0.0203949958086, 0.00361437117681, 0.000327341724187, 3.89030792576e-05]}, "spectral_strongpeak": {"dmean2": 0.542897641659, "median": 0.454203903675, "min": 0, "dvar2": 1.23730349541, "dvar": 0.547610402107, "dmean": 0.352064400911, "max": 12.5311250687, "var": 1.73890948296, "mean": 0.928478360176}, "spectral_energy": {"dmean2": 0.0105288121849, "median": 0.0127273891121, "min": 9.34161076709e-21, "dvar2": 0.000381327816285, "dvar": 0.000174068773049, "dmean": 0.00732949096709, "max": 0.217140689492, "var": 0.000641815946437, "mean": 0.0224083643407}, "average_loudness": 0.468722313643, "spectral_rolloff": {"dmean2": 439.036834717, "median": 473.73046875, "min": 64.599609375, "dvar2": 3257377.5, "dvar": 1273391.125, "dmean": 241.772964478, "max": 21791.6015625, "var": 7694252, "mean": 985.464660645}, "spectral_centroid": {"dmean2": 171.129257202, "median": 492.316986084, "min": 77.7137374878, "dvar2": 161579.859375, "dvar": 78742.8984375, "dmean": 112.260826111, "max": 11576.125, "var": 1290067, "mean": 690.461608887}, "pitch_salience": {"dmean2": 0.106518253684, "median": 0.445456951857, "min": 0.0211769267917, "dvar2": 0.0121859367937, "dvar": 0.00525730894879, "dmean": 0.0672968924046, "max": 0.934771180153, "var": 0.0241805128753, "mean": 0.433981597424}, "spectral_energyband_middle_high": {"dmean2": 0.000826208852232, "median": 0.000324117252603, "min": 1.15836951265e-21, "dvar2": 8.56611677591e-06, "dvar": 4.55617691841e-06, "dmean": 0.000602689455263, "max": 0.101417094469, "var": 2.39422715822e-05, "mean": 0.00173544837162}, "spectral_contrast_coeffs": {"dmean2": [0.0690458640456, 0.0705442875624, 0.054320730269, 0.0495690479875, 0.0370945297182, 0.0292177964002], "median": [-0.647019803524, -0.683784008026, -0.739211082458, -0.741146683693, -0.774282932281, -0.807975172997], "min": [-0.980673551559, -0.991978168488, -0.976338982582, -0.973631739616, -0.966495931149, -0.964210927486], "dvar2": [0.00335469306447, 0.00411153770983, 0.00228185672313, 0.00205112737603, 0.0012526382925, 0.00100569985807], "dvar": [0.00140438054223, 0.00191881379578, 0.00110269477591, 0.000934568059165, 0.000604523986112, 0.000505025614984], "dmean": [0.043089158833, 0.0453330539167, 0.035599142313, 0.031975556165, 0.02445624955, 0.0194414760917], "max": [-0.249042958021, -0.26756504178, -0.357014894485, -0.435635477304, -0.568100690842, -0.617604017258], "var": [0.0116493487731, 0.0130085060373, 0.00918079726398, 0.00583033449948, 0.00400251988322, 0.00322422292084], "mean": [-0.639814972878, -0.668107926846, -0.727617561817, -0.740102350712, -0.776712834835, -0.807314395905]}, "melbands_skewness": {"dmean2": 1.2618868351, "median": 2.60945439339, "min": -3.65443778038, "dvar2": 2.73203897476, "dvar": 1.26028895378, "dmean": 0.83139026165, "max": 21.1735534668, "var": 5.47663831711, "mean": 3.0735938549}, "spectral_spread": {"dmean2": 1252734.5, "median": 2677211, "min": 439616.375, "dvar2": 4353182138370.0, "dvar": 2133953871870.0, "dmean": 826554.3125, "max": 42426292, "var": 23059014615000.0, "mean": 4000050}, "dissonance": {"dmean2": 0.0578157491982, "median": 0.411965787411, "min": 0.143232792616, "dvar2": 0.0029391546268, "dvar": 0.00112163368613, "dmean": 0.0348229557276, "max": 0.5, "var": 0.00339473364875, "mean": 0.403611302376}, "spectral_skewness": {"dmean2": 0.967672228813, "median": 2.77882051468, "min": -0.538023233414, "dvar2": 1.0743033886, "dvar": 0.446415871382, "dmean": 0.605425477028, "max": 13.9115104675, "var": 2.64544415474, "mean": 3.10943388939}, "spectral_flux": {"dmean2": 0.0370973683894, "median": 0.0335179157555, "min": 6.5547754724e-11, "dvar2": 0.00265961443074, "dvar": 0.00107626034878, "dmean": 0.0234787650406, "max": 0.357087910175, "var": 0.00241788476706, "mean": 0.0498673580587}, "spectral_contrast_valleys": {"dmean2": [0.642095446587, 0.593898177147, 0.52291238308, 0.556866586208, 0.524359941483, 0.594092547894], "median": [-7.78167533875, -7.74721813202, -8.62762260437, -9.44479560852, -10.0011119843, -12.5240516663], "min": [-27.9128646851, -27.8815765381, -28.1567726135, -27.7441425323, -27.4559726715, -27.3610477448], "dvar2": [0.316319197416, 0.287030190229, 0.244330823421, 0.35471111536, 0.423972845078, 0.805281579494], "dvar": [0.146435201168, 0.134340390563, 0.122352547944, 0.174256756902, 0.219223022461, 0.425611972809], "dmean": [0.396801114082, 0.374366432428, 0.340375065804, 0.361424207687, 0.360343754292, 0.436865091324], "max": [-5.22798681259, -5.10882997513, -5.72639656067, -6.64877605438, -6.731757164, -7.75249433517], "var": [4.96024274826, 4.49085474014, 4.2511920929, 4.00833415985, 4.39946317673, 4.96598482132], "mean": [-8.13774681091, -8.07534217834, -8.93013954163, -9.74439811707, -10.2144069672, -12.4009122849]}, "erbbands_flatness_db": {"dmean2": 0.0356399789453, "median": 0.237393930554, "min": 0.0205275584012, "dvar2": 0.00192685623188, "dvar": 0.000948586617596, "dmean": 0.0245561338961, "max": 0.428047597408, "var": 0.00346585339867, "mean": 0.230926349759}, "spectral_energyband_high": {"dmean2": 0.000148397302837, "median": 5.52719757252e-06, "min": 6.7185564212e-21, "dvar2": 6.82240965943e-07, "dvar": 3.24053701206e-07, "dmean": 9.88054089248e-05, "max": 0.030099729076, "var": 7.5678894973e-07, "mean": 0.000190293852938}, "spectral_entropy": {"dmean2": 0.397664755583, "median": 6.38797807693, "min": 3.87161540985, "dvar2": 0.262954026461, "dvar": 0.124221131206, "dmean": 0.266228616238, "max": 9.82204723358, "var": 0.620325922966, "mean": 6.44890928268}, "silence_rate_20dB": {"dmean2": 0, "median": 1, "min": 1, "dvar2": 0, "dvar": 0, "dmean": 0, "max": 1, "var": 0, "mean": 1}, "melbands_flatness_db": {"dmean2": 0.0473594516516, "median": 0.343684792519, "min": 0.0030738436617, "dvar2": 0.00331614515744, "dvar": 0.00168684695382, "dmean": 0.0327446125448, "max": 0.787029206753, "var": 0.0145684592426, "mean": 0.361506134272}, "barkbands": {"dmean2": [1.32928198582e-05, 0.00478323409334, 0.00154582550749, 0.000552685640287, 0.00157587614376, 0.00153480039444, 0.00117627053987, 0.00153547106311, 0.00184512883425, 0.000244643684709, 0.000297209626297, 0.000170761137269, 0.000308745191433, 0.000138067465741, 5.91844691371e-05, 3.35687509505e-05, 3.0538529245e-05, 2.63122674369e-05, 1.21114699141e-05, 1.45876210809e-05, 1.38231052915e-05, 1.73159733095e-05, 2.35080915445e-05, 3.58985489584e-05, 5.68736395508e-05, 2.0830457288e-05, 4.3189356802e-06], "median": [1.52531333697e-06, 0.000973731162958, 0.000299766747048, 0.000159509436344, 0.000562696601264, 0.000204374984605, 0.000108256106614, 6.22491133981e-05, 0.000100534234662, 3.04291479551e-05, 3.1391151424e-05, 1.96836026589e-05, 2.2326126782e-05, 2.01416860364e-05, 1.52589691425e-05, 8.35944774735e-06, 9.50901630858e-06, 3.69021336155e-06, 2.07734456126e-06, 1.94807125808e-06, 1.02648800748e-06, 5.44648514733e-07, 3.93313172253e-07, 2.43193426286e-07, 1.44170883232e-07, 6.21830054115e-08, 2.12932285137e-08], "min": [6.19150053933e-25, 1.98066564994e-24, 3.63272369703e-25, 1.04307655813e-24, 9.54269654258e-24, 6.0644616889e-24, 8.70771015137e-24, 3.03796310222e-24, 1.34629368668e-23, 6.52338467596e-24, 2.02127715598e-23, 2.62762215345e-23, 2.45559430922e-23, 1.89929590975e-23, 4.72159031749e-23, 6.12384769005e-23, 4.03415041896e-23, 9.85174431957e-23, 1.2059066747e-22, 1.71763468546e-22, 2.68307093405e-22, 2.76473709662e-22, 3.65358391276e-22, 6.11727477477e-22, 8.94741639215e-22, 1.27066271393e-21, 1.78574157863e-21], "dvar2": [1.08216502426e-09, 0.000179817041499, 2.48947671935e-05, 2.13689872908e-06, 1.13891637739e-05, 4.16135517298e-05, 2.55111481238e-05, 4.69583501399e-05, 5.97147663939e-05, 3.16384375765e-06, 1.35225388931e-06, 8.40474172037e-07, 2.62179560195e-06, 6.19608101715e-07, 9.11221249567e-08, 2.13588613462e-08, 1.15130029954e-08, 2.1319523924e-08, 3.62980312474e-09, 2.2359374352e-09, 2.03695926793e-09, 4.09709643989e-09, 5.18060749854e-09, 6.10258865663e-08, 2.15939067516e-07, 1.85726172219e-08, 3.54076601372e-10], "dvar": [6.24577445318e-10, 7.35680514481e-05, 9.81959237834e-06, 8.66536765898e-07, 5.860668