{"tonal": {"thpcp": [1, 0.707776010036, 0.402102828026, 0.454216569662, 0.438230723143, 0.420858830214, 0.492942482233, 0.491520375013, 0.400999605656, 0.344781637192, 0.370663881302, 0.490991979837, 0.522993266582, 0.433987915516, 0.416261017323, 0.475269049406, 0.49210101366, 0.431700527668, 0.391344070435, 0.413369625807, 0.447102487087, 0.440859168768, 0.376479715109, 0.365695893764, 0.418858915567, 0.412092447281, 0.38384231925, 0.37478107214, 0.331659644842, 0.288807839155, 0.284689456224, 0.270150303841, 0.278318524361, 0.298864930868, 0.275858223438, 0.608723342419], "hpcp": {"dmean2": [0.304899305105, 0.280569046736, 0.296296626329, 0.285078942776, 0.272716850042, 0.285536438227, 0.24992364645, 0.250497788191, 0.272160351276, 0.27489644289, 0.244458839297, 0.249899044633, 0.257701724768, 0.25204372406, 0.223319649696, 0.217966020107, 0.206050530076, 0.185604080558, 0.165308445692, 0.164808347821, 0.181459337473, 0.184000223875, 0.180240184069, 0.298810362816, 0.428558051586, 0.323836266994, 0.239209458232, 0.261377602816, 0.272431612015, 0.270108908415, 0.300332248211, 0.323460102081, 0.285621076822, 0.246167749166, 0.244442790747, 0.280200600624], "median": [0.0906585156918, 0.0720367133617, 0.062228500843, 0.0618034638464, 0.0667582079768, 0.0691546648741, 0.0663494616747, 0.0688521936536, 0.0748678818345, 0.07585978508, 0.0644420236349, 0.0601900108159, 0.069150865078, 0.0683932825923, 0.0661751106381, 0.0646767169237, 0.0582295916975, 0.0435242950916, 0.036225374788, 0.0378841497004, 0.0461008474231, 0.0489080548286, 0.0462207347155, 0.138108700514, 0.197675317526, 0.185224369168, 0.0756483599544, 0.0774587318301, 0.0741770863533, 0.0704077035189, 0.0790778622031, 0.0797625854611, 0.0678136944771, 0.0595251210034, 0.0591889843345, 0.0815972834826], "min": [0, 0, 0, 0, 0, 0, 0, 0, 0, 0, 0, 0, 0, 0, 0, 0, 0, 0, 0, 0, 0, 0, 0, 0, 0, 0, 0, 0, 0, 0, 0, 0, 0, 0, 0, 0], "dvar2": [0.143884271383, 0.134874463081, 0.173682272434, 0.153068304062, 0.144447743893, 0.160891592503, 0.120833225548, 0.115733444691, 0.125257521868, 0.122756071389, 0.104086317122, 0.111992783844, 0.112404383719, 0.115656845272, 0.094934053719, 0.0945539847016, 0.0924082770944, 0.0848986506462, 0.0770876407623, 0.080520324409, 0.0782173648477, 0.0777254775167, 0.0798813477159, 0.115441225469, 0.254083842039, 0.116426378489, 0.0944776237011, 0.115693025291, 0.120196335018, 0.119568690658, 0.147019296885, 0.176477283239, 0.146341368556, 0.114182598889, 0.116082087159, 0.132309734821], "dvar": [0.0535058118403, 0.0487206839025, 0.0575282610953, 0.0545235089958, 0.0518863983452, 0.0535618886352, 0.0424844361842, 0.0432332679629, 0.0462607629597, 0.0456840656698, 0.0382300242782, 0.040663715452, 0.0413590222597, 0.042465724051, 0.0355700366199, 0.0347123220563, 0.0340964198112, 0.0312096551061, 0.0280210990459, 0.0286871548742, 0.028044892475, 0.028879923746, 0.0290381498635, 0.041365776211, 0.0928652882576, 0.0427884161472, 0.0344559773803, 0.0430289208889, 0.044357471168, 0.0432780720294, 0.054180983454, 0.0611958578229, 0.0499969050288, 0.0406086333096, 0.042980261147, 0.0489965155721], "dmean": [0.174165934324, 0.158614620566, 0.165378913283, 0.160697862506, 0.155414789915, 0.15977871418, 0.141856238246, 0.143137276173, 0.155198678374, 0.156968891621, 0.139973580837, 0.141996979713, 0.14727692306, 0.144268661737, 0.129066452384, 0.124612271786, 0.118181265891, 0.10616260767, 0.0945226550102, 0.0942947864532, 0.10297704488, 0.104926541448, 0.102074146271, 0.167676180601, 0.239180698991, 0.185050621629, 0.13744404912, 0.14879065752, 0.153771981597, 0.15355925262, 0.172296136618, 0.182188004255, 0.16022144258, 0.137834653258, 0.139083489776, 0.159213617444], "max": [1, 1, 1, 1, 1, 1, 1, 1, 1, 1, 1, 1, 1, 1, 1, 1, 1, 1, 1, 1, 1, 1, 1, 1, 1, 1, 1, 1, 1, 1, 1, 1, 1, 1, 1, 1], "var": [0.0678731277585, 0.0528827160597, 0.0546731986105, 0.0730271339417, 0.074831739068, 0.0560250245035, 0.0459752455354, 0.0520729981363, 0.0562198609114, 0.0545525513589, 0.0403663925827, 0.0418415740132, 0.0501754879951, 0.0508610270917, 0.0442586876452, 0.0427201278508, 0.0356347709894, 0.0340274460614, 0.0383502803743, 0.0325315631926, 0.0270248744637, 0.0327910333872, 0.0284105557948, 0.0560040399432, 0.155958369374, 0.0657521486282, 0.0407760590315, 0.0556867979467, 0.0524385459721, 0.0498999319971, 0.0671730712056, 0.0673880204558, 0.0484855026007, 0.0383837223053, 0.0455246567726, 0.0657820925117], "mean": [0.204350620508, 0.169573307037, 0.162646830082, 0.185703203082, 0.192280009389, 0.16867955029, 0.152910962701, 0.161517068744, 0.174697607756, 0.172258138657, 0.147102966905, 0.142889380455, 0.163661912084, 0.161018028855, 0.149979785085, 0.146439254284, 0.129590302706, 0.112846694887, 0.111237503588, 0.105556584895, 0.108748175204, 0.116776324809, 0.107786856592, 0.237848162651, 0.390732795, 0.276551306248, 0.157114759088, 0.177477315068, 0.171231120825, 0.164443343878, 0.19260878861, 0.192053124309, 0.156683698297, 0.134717494249, 0.144830539823, 0.19184666872]}, "tuning_equal_tempered_deviation": 0.0864368230104, "chords_changes_rate": 0.100068226457, "key_key": "A#", "tuning_diatonic_strength": 0.38821670413, "key_scale": "minor", "chords_number_rate": 0.00432112812996, "tuning_frequency": 434.193115234, "tuning_nontempered_energy_ratio": 0.808725237846, "chords_histogram": [3.45690250397, 3.95724368095, 4.16192865372, 0.0454855598509, 0.0682283341885, 1.18262445927, 2.34250617027, 10.7573347092, 14.7373209, 20.3775310516, 1.18262445927, 2.86559009552, 7.61883115768, 1.27359569073, 5.91312265396, 4.04821491241, 5.82215166092, 1.11439621449, 0.0227427799255, 0.977939486504, 0.0682283341885, 1.72845125198, 2.79736185074, 3.47964525223], "key_strength": 0.604827344418, "chords_key": "F", "chords_strength": {"dmean2": 0.0155157027766, "median": 0.454004973173, "min": 0.174100831151, "dvar2": 0.000174030239577, "dvar": 0.000122458164697, "dmean": 0.0132678868249, "max": 0.748283982277, "var": 0.00906953122467, "mean": 0.455240547657}, "chords_scale": "major", "hpcp_entropy": {"dmean2": 1.16490292549, "median": 2.55359101295, "min": 0, "dvar2": 0.85742098093, "dvar": 0.306964427233, "dmean": 0.691897451878, "max": 4.50360059738, "var": 0.591731190681, "mean": 2.5320649147}}, "metadata": {"audio_properties": {"equal_loudness": 0, "codec": "mp3", "downmix": "mix", "sample_rate": 44100, "analysis_sample_rate": 44100, "bit_rate": 194165, "md5_encoded": "b9d81996611cd62c3a1d08b3c7bee6b4", "length": 204.121887207, "replay_gain": -0.379411697388, "lossless": false}, "version": {"essentia_build_sha": "5a811adb4c06fd6d02ca903f7349a26d851abfa8", "essentia": "2.1-beta1", "extractor": "music 1.0", "essentia_git_sha": "v2.1_beta1-34-gf95df8b"}, "tags": {"title": ["Does Anybody Really Know What Time It Is?"], "artist": ["Quincy Conserve"], "albumartist": ["Quincy Conserve"], "date": ["2008"], "file_name": "05 - Quincy Conserve - Does Anybody Really Know What Time It Is.mp3", "musicbrainz_albumid": ["01ded8cf-b728-4e71-b830-e4651cd74271"], "album": ["Aire of Good Feeling: Best Of"], "tracknumber": ["5/25"], "albumartistsort": ["Quincy Conserve"], "musicbrainz_artistid": ["170c882b-3a17-44c0-971b-42d2e7079451"], "musicbrainz_recordingid": ["0869082d-1431-491a-81eb-ecd15b929e86"]}}, "rhythm": {"bpm_histogram_first_peak_bpm": {"dmean2": 0, "median": 120, "min": 120, "dvar2": 0, "dvar": 0, "dmean": 0, "max": 120, "var": 0, "mean": 120}, "bpm": 120.886169434, "bpm_histogram_second_peak_spread": {"dmean2": 0, "median": 0.384615421295, "min": 0.384615421295, "dvar2": 0, "dvar": 0, "dmean": 0, "max": 0.384615421295, "var": 0, "mean": 0.384615421295}, "bpm_histogram_first_peak_weight": {"dmean2": 0, "median": 0.295566499233, "min": 0.295566499233, "dvar2": 0, "dvar": 0, "dmean": 0, "max": 0.295566499233, "var": 0, "mean": 0.295566499233}, "onset_rate": 2.97347545624, "beats_position": [0.46439909935, 0.9287981987, 1.39319729805, 1.8575963974, 2.33360528946, 2.80961441994, 3.28562355042, 3.76163268089, 4.23764181137, 4.7020406723, 5.15482997894, 5.630838871, 6.10684776306, 6.59446716309, 7.05886602402, 7.5464849472, 8.0224943161, 8.498503685, 8.93968200684, 9.4040813446, 9.86848068237, 10.5070295334, 11.1455783844, 11.7957363129, 12.4226751328, 13.0496139526, 13.6765527725, 14.3034915924, 14.9304304123, 15.5573692322, 16.1726989746, 16.7880268097, 17.4149665833, 18.0419044495, 18.6688423157, 19.2841720581, 19.8066215515, 20.3290691376, 20.8050785065, 21.2578678131, 21.7106571198, 22.1634464264, 22.6046257019, 23.0574150085, 23.5102043152, 23.9629936218, 24.40417099, 24.8685703278, 25.3329696655, 25.774148941, 26.2153282166, 26.7493877411, 27.2834453583, 27.8175048828, 28.3399543762, 28.8624038696, 29.3848514557, 29.9073009491, 30.4297504425, 30.9405899048, 31.4398174286, 31.9506568909, 32.449886322, 32.9491157532, 33.4483451843, 33.9475746155, 34.4468002319, 34.9460296631, 35.4684791565, 35.9793205261, 36.4785499573, 36.9893875122, 37.4770050049, 37.9646263123, 38.4638557434, 38.9630813599, 39.4507026672, 39.9499320984, 40.4491615295, 40.9367790222, 41.4360084534, 41.9352378845, 42.4344673157, 42.9336967468, 43.4213142395, 43.9089317322, 44.3965530396, 44.8841705322, 45.3833999634, 45.8826293945, 46.3818588257, 46.8810882568, 47.3687057495, 47.8795471191, 48.3787727356, 48.8780021667, 49.3888435364, 49.8880729675, 50.3756904602, 50.8749198914, 51.3741493225, 51.8733787537, 52.3726081848, 52.871837616, 53.3826751709, 53.8935127258, 54.4043540955, 54.8919715881, 55.3912010193, 55.8904304504, 56.3896598816, 56.8888893127, 57.3765068054, 57.8641242981, 58.3517456055, 58.8393630981, 59.3269844055, 59.8146018982, 60.3022193909, 60.7898406982, 61.2542381287, 61.7186393738, 62.1946487427, 62.6822662354, 63.1582756042, 63.6342849731, 64.1102905273, 64.5863037109, 65.0623092651, 65.5499343872, 66.0375518799, 66.5019454956, 66.9895706177, 67.4771881104, 67.964805603, 68.4756469727, 68.9748764038, 69.474105835, 69.9849395752, 70.4957809448, 71.0066223145, 71.5174560547, 72.0282974243, 72.5391387939, 73.0383682251, 73.5375976562, 74.0484313965, 74.5592727661, 75.0701141357, 75.5577316284, 76.0569610596, 76.5561904907, 77.0554199219, 77.5662536621, 78.0770950317, 78.5763244629, 79.075553894, 79.5747833252, 80.0856246948, 80.584854126, 81.0840835571, 81.5717010498, 82.070930481, 82.5701599121, 83.0809936523, 83.5802230835, 84.0678405762, 84.5670700073, 85.0546951294, 85.5539245605, 86.0531539917, 86.5407714844, 87.0283889771, 87.5160064697, 88.0152359009, 88.514465332, 89.0020828247, 89.4780960083, 89.965713501, 90.4533309937, 90.9641723633, 91.4634017944, 91.9742355347, 92.4850769043, 92.9959182739, 93.5067520142, 94.0059814453, 94.5052108765, 95.0160522461, 95.5268936157, 96.0145111084, 96.5021286011, 97.0129699707, 97.5121994019, 98.011428833, 98.4990463257, 98.9866638184, 99.474281311, 99.9619064331, 100.449523926, 100.937141418, 101.424758911, 101.912376404, 102.400001526, 102.887619019, 103.352012634, 103.816413879, 104.315643311, 104.814872742, 105.302490234, 105.801719666, 106.289337158, 106.77696228, 107.264579773, 107.763809204, 108.251426697, 108.739044189, 109.226661682, 109.737503052, 110.248344421, 110.759178162, 111.270019531, 111.769248962, 112.268478394, 112.767707825, 113.266937256, 113.766166687, 114.25378418, 114.764625549, 115.26385498, 115.763084412, 116.262313843, 116.761543274, 117.260765076, 117.771606445, 118.270835876, 118.770065308, 119.269294739, 119.76852417, 120.27936554, 120.766983032, 121.277824402, 121.788658142, 122.276275635, 122.787117004, 123.286346436, 123.785575867, 124.284805298, 124.784034729, 125.28326416, 125.79410553, 126.281723022, 126.780952454, 127.280181885, 127.779411316, 128.278640747, 128.777862549, 129.277099609, 129.776321411, 130.28717041, 130.79800415, 131.320449829, 131.842895508, 132.33052063, 132.818145752, 133.305755615, 133.804992676, 134.292602539, 134.7918396, 135.279449463, 135.767074585, 136.254684448, 136.719085693, 137.195098877, 137.659500122, 138.135513306, 138.623123169, 139.099136353, 139.563537598, 140.039550781, 140.515548706, 141.003173828, 141.490783691, 141.978408813, 142.477645874, 142.94203186, 143.406433105, 143.882446289, 144.370071411, 144.846069336, 145.333694458, 145.809707642, 146.285705566, 146.773330688, 147.260955811, 147.748565674, 148.236190796, 148.735412598, 149.234649658, 149.722259521, 150.233108521, 150.743942261, 151.243179321, 151.742401123, 152.241622925, 152.740859985, 153.228485107, 153.716094971, 154.215332031, 154.714553833, 155.213790894, 155.713012695, 156.212234497, 156.711471558, 157.210693359, 157.70993042, 158.209152222, 158.708389282, 159.207611084, 159.706848145, 160.194458008, 160.68208313, 161.181304932, 161.680541992, 162.168167114, 162.667388916, 163.166610718, 163.65423584, 164.1534729, 164.652694702, 165.140319824, 165.627929688, 166.11555481, 166.603164673, 167.102401733, 167.601623535, 168.089248657, 168.565261841, 169.041259766, 169.517272949, 170.004898071, 170.492507935, 170.980133057, 171.479354858, 171.96697998, 172.454605103, 172.942214966, 173.429840088, 173.905853271, 174.381851196, 174.881088257, 175.380310059, 175.867935181, 176.355545044, 176.843170166, 177.330795288, 177.818405151, 178.306030273, 178.793640137, 179.281265259, 179.768890381, 180.233291626, 180.709289551, 181.196914673, 181.672927856, 182.148925781, 182.624938965, 183.112564087, 183.60017395, 184.064575195, 184.540588379, 185.016601562, 185.492599487, 185.968612671, 186.456237793, 186.943847656, 187.443084717, 187.93069458, 188.418319702, 188.987213135, 189.567703247, 190.148208618, 190.751922607, 191.367248535, 192.00579834, 192.644348145, 193.1900177, 193.724075317, 194.258132935, 194.792190552, 195.326248169, 195.848709106, 196.382766724, 196.905212402, 197.43927002, 198.008163452, 198.565444946, 199.111114502, 199.633560181, 200.156005859, 200.620407104, 201.073196411, 201.514373779, 201.978775024, 202.44317627, 202.907577515, 203.383575439], "beats_loudness": {"dmean2": 0.0310176871717, "median": 0.0409730710089, "min": 2.91152105092e-07, "dvar2": 0.000675319053698, "dvar": 0.000227504817303, "dmean": 0.0175730586052, "max": 0.111868619919, "var": 0.000351447670255, "mean": 0.0421435162425}, "danceability": 1.2118871212, "bpm_histogram_second_peak_weight": {"dmean2": 0, "median": 0.0985221639276, "min": 0.0985221639276, "dvar2": 0, "dvar": 0, "dmean": 0, "max": 0.0985221639276, "var": 0, "mean": 0.0985221639276}, "beats_count": 407, "bpm_histogram_second_peak_bpm": {"dmean2": 0, "median": 126, "min": 126, "dvar2": 0, "dvar": 0, "dmean": 0, "max": 126, "var": 0, "mean": 126}, "bpm_histogram_first_peak_spread": {"dmean2": 0, "median": 0.568345308304, "min": 0.568345308304, "dvar2": 0, "dvar": 0, "dmean": 0, "max": 0.568345308304, "var": 0, "mean": 0.568345308304}, "beats_loudness_band_ratio": {"dmean2": [0.450293451548, 0.268642127514, 0.181507378817, 0.137208178639, 0.141232997179, 0.038272920996], "median": [0.462188154459, 0.120873682201, 0.0741048008204, 0.100530594587, 0.0969937965274, 0.0270380396396], "min": [0.0243283957243, 0.00514637632295, 0.00282444758341, 0.00296995579265, 0.000915136595722, 0.00167907797731], "dvar2": [0.0934532359242, 0.0636226013303, 0.034787081182, 0.013438295573, 0.016252906993, 0.00196372251958], "dvar": [0.0319577902555, 0.0226281005889, 0.0125508457422, 0.00494678551331, 0.0056362869218, 0.00067578983726], "dmean": [0.25191193819, 0.1508833915, 0.101557098329, 0.0792304202914, 0.0804134905338, 0.0218818411231], "max": [0.976735949516, 0.949012219906, 0.748926579952, 0.558671474457, 0.571688354015, 0.191343665123], "var": [0.0515496209264, 0.0242342092097, 0.0133330430835, 0.00843564048409, 0.00713245756924, 0.000666125852149], "mean": [0.480783641338, 0.166432246566, 0.114138007164, 0.126988172531, 0.110847249627, 0.0330125577748]}}, "lowlevel": {"barkbands_spread": {"dmean2": 7.40881443024, "median": 20.0246391296, "min": 0.862631261349, "dvar2": 59.1787376404, "dvar": 26.9278049469, "dmean": 4.82823371887, "max": 134.012512207, "var": 117.146659851, "mean": 20.9588356018}, "melbands_spread": {"dmean2": 10.1720848083, "median": 20.8303756714, "min": 0.786130726337, "dvar2": 116.621665955, "dvar": 52.8382377625, "dmean": 6.55702781677, "max": 173.116897583, "var": 247.113647461, "mean": 23.7420158386}, "hfc": {"dmean2": 9.92781639099, "median": 24.6883544922, "min": 1.11033631528e-16, "dvar2": 180.379821777, "dvar": 89.9672241211, "dmean": 6.97731018066, "max": 271.745574951, "var": 421.219573975, "mean": 28.0947399139}, "barkbands_kurtosis": {"dmean2": 4.29213953018, "median": 1.06953597069, "min": -1.87415421009, "dvar2": 68.02684021, "dvar": 29.0795555115, "dmean": 2.76766824722, "max": 127.454971313, "var": 77.043296814, "mean": 3.85002207756}, "gfcc": {"mean": [-21.3250350952, 127.292098999, -124.755332947, 6.2494020462, -6.80597114563, -14.3893203735, -2.63954043388, -8.39410495758, -4.85097408295, -4.55077409744, -5.626475811, -5.84736299515, -1.06634187698], "icov": [[0.000238856737269, -0.000382337195333, 0.000922759412788, -0.000826057395898, 0.000726682425011, -0.000453045824543, 0.000446121382993, -0.000314431701554, 0.000148217543028, -5.89408082305e-05, -0.000188781588804, 0.000476536049973, -0.000630418129731], [-0.000382337195333, 0.00316276098602, -0.00314036314376, 0.00368194491602, -0.00267339497805, 0.0019981879741, -0.0018269973807, 0.00195891712792, -0.00093680259306, 0.000621323473752, -0.00136677350383, 0.000792319711763, 0.000533073558472], [0.000922759412788, -0.00314036314376, 0.00856884010136, -0.00695000728592, 0.00675216689706, -0.00548060471192, 0.00258033303544, -0.0022594560869, 0.00155774061568, -0.00161553011276, -0.000241647547227, 0.00201784283854, -0.00387927237898], [-0.000826057395898, 0.00368194491602, -0.00695000728592, 0.0117505816743, -0.00887230411172, 0.00633822381496, -0.00452278647572, 0.000861671171151, 0.00179954187479, -0.0025740317069, 0.0054693678394, -0.0100459121168, 0.00900048855692], [0.000726682425011, -0.00267339497805, 0.00675216689706, -0.00887230411172, 0.0133603205904, -0.00774494512007, 0.00144896993879, 0.000747290730942, -0.00333158206195, 0.0054537425749, -0.00802087783813, 0.0113931605592, -0.011006786488], [-0.000453045824543, 0.0019981879741, -0.00548060471192, 0.00633822381496, -0.00774494512007, 0.00971885304898, -0.00161460798699, -0.00191935454495, 0.00319832237437, -0.00315149873495, 0.00633725756779, -0.00854967907071, 0.00791751034558], [0.000446121382993, -0.0018269973807, 0.00258033303544, -0.00452278647572, 0.00144896993879, -0.00161460798699, 0.00757916783914, -0.00142835290171, -0.00313939363696, 0.00245852977969, -0.00176212773658, 0.00242843106389, -0.00191608502064], [-0.000314431701554, 0.00195891712792, -0.0022594560869, 0.000861671171151, 0.000747290730942, -0.00191935454495, -0.00142835290171, 0.00952315796167, -0.00310034118593, -0.00105308531784, -0.0021455551032, 0.00541813811287, -0.00385252665728], [0.000148217543028, -0.00093680259306, 0.00155774061568, 0.00179954187479, -0.00333158206195, 0.00319832237437, -0.00313939363696, -0.00310034118593, 0.0152434650809, -0.00859020464122, 0.00633334880695, -0.00882154796273, 0.00773327751085], [-5.89408082305e-05, 0.000621323473752, -0.00161553011276, -0.0025740317069, 0.0054537425749, -0.00315149873495, 0.00245852977969, -0.00105308531784, -0.00859020464122, 0.0259012207389, -0.021488936618, 0.0147087723017, -0.00887059699744], [-0.000188781588804, -0.00136677350383, -0.000241647547227, 0.0054693678394, -0.00802087783813, 0.00633725756779, -0.00176212773658, -0.0021455551032, 0.00633334880695, -0.021488936618, 0.0431431271136, -0.028185268864, 0.0108443051577], [0.000476536049973, 0.000792319711763, 0.00201784283854, -0.0100459121168, 0.0113931605592, -0.00854967907071, 0.00242843106389, 0.00541813811287, -0.00882154796273, 0.0147087723017, -0.028185268864, 0.0449313409626, -0.0225046388805], [-0.000630418129731, 0.000533073558472, -0.00387927237898, 0.00900048855692, -0.011006786488, 0.00791751034558, -0.00191608502064, -0.00385252665728, 0.00773327751085, -0.00887059699744, 0.0108443051577, -0.0225046388805, 0.0308675244451]], "cov": [[7998.90332031, 281.617126465, -948.59564209, -112.755355835, -1.86793112755, -324.709411621, -180.228942871, -27.5917205811, -16.0651741028, 7.25511932373, 37.2967300415, -56.8538208008, 91.7107467651], [281.617126465, 797.427490234, -65.2439651489, -203.807739258, 73.7551956177, -109.017425537, 70.580909729, -107.385482788, 53.3489074707, -0.482623159885, 36.975566864, -39.6014900208, 33.0824241638], [-948.59564209, -65.2439651489, 621.321044922, 106.451461792, -162.451522827, 221.474975586, -75.1812362671, 124.476142883, -77.3983154297, 69.517868042, -5.82755041122, 33.1315383911, -9.4974489212], [-112.755355835, -203.807739258, 106.451461792, 373.432495117, 96.4405288696, 5.90957450867, 115.264816284, 4.24117898941, 9.32498836517, -18.9708538055, -7.56453800201, 42.915222168, -27.576669693], [-1.86793112755, 73.7551956177, -162.451522827, 96.4405288696, 291.402893066, 17.752325058, 111.444946289, -42.5664520264, 42.051990509, -44.7047576904, 4.44768476486, -7.93666744232, 20.3807487488], [-324.709411621, -109.017425537, 221.474975586, 5.90957450867, 17.752325058, 309.210449219, -35.0103340149, 90.9044876099, -48.1591758728, 15.5897541046, -19.6504058838, 8.8310880661, -12.5605564117], [-180.228942871, 70.580909729, -75.1812362671, 115.264816284, 111.444946289, -35.0103340149, 260.210662842, -8.56941509247, 73.9525604248, -26.1076831818, 1.81834459305, 1.02150630951, -10.079583168], [-27.5917205811, -107.385482788, 124.476142883, 4.24117898941, -42.5664520264, 90.9044876099, -8.56941509247, 191.508224487, 9.2701883316, 50.375579834, 2.00495457649, -6.90965890884, 6.98464679718], [-16.0651741028, 53.3489074707, -77.3983154297, 9.32498836517, 42.051990509, -48.1591758728, 73.9525604248, 9.2701883316, 124.662582397, 23.071521759, 14.8167982101, 1.34428095818, -9.42711353302], [7.25511932373, -0.482623159885, 69.517868042, -18.9708538055, -44.7047576904, 15.5897541046, -26.1076831818, 50.375579834, 23.071521759, 98.6848373413, 39.9639015198, 5.28054523468, 11.5412120819], [37.2967300415, 36.975566864, -5.82755041122, -7.56453800201, 4.44768476486, -19.6504058838, 1.81834459305, 2.00495457649, 14.8167982101, 39.9639015198, 61.9715118408, 28.8351364136, 15.6096916199], [-56.8538208008, -39.6014900208, 33.1315383911, 42.915222168, -7.93666744232, 8.8310880661, 1.02150630951, -6.90965890884, 1.34428095818, 5.28054523468, 28.8351364136, 64.431602478, 23.3046245575], [91.7107467651, 33.0824241638, -9.4974489212, -27.576669693, 20.3807487488, -12.5605564117, -10.079583168, 6.98464679718, -9.42711353302, 11.5412120819, 15.6096916199, 23.3046245575, 68.4660339355]]}, "spectral_energyband_middle_low": {"dmean2": 0.00722690206021, "median": 0.00669314619154, "min": 2.56332664491e-22, "dvar2": 0.000125100312289, "dvar": 5.97499019932e-05, "dmean": 0.00480112107471, "max": 0.16076771915, "var": 0.000165648030816, "mean": 0.010956694372}, "melbands_crest": {"dmean2": 6.26799869537, "median": 15.3369731903, "min": 1.00027513504, "dvar2": 29.7712078094, "dvar": 12.4739532471, "dmean": 3.94949388504, "max": 38.034526825, "var": 49.0924224854, "mean": 16.2281761169}, "spectral_kurtosis": {"dmean2": 5.05325078964, "median": 13.0627918243, "min": -1.25361585617, "dvar2": 34.2326202393, "dvar": 13.3787689209, "dmean": 3.16677069664, "max": 69.0411224365, "var": 39.8944091797, "mean": 14.0826616287}, "spectral_rms": {"dmean2": 0.00126649497543, "median": 0.00536934891716, "min": 3.13229346974e-12, "dvar2": 1.96938754016e-06, "dvar": 8.99510666841e-07, "dmean": 0.000844458816573, "max": 0.013614853844, "var": 3.38527866006e-06, "mean": 0.00531112914905}, "zerocrossingrate": {"dmean2": 0.0162979830056, "median": 0.0732421875, "min": 0.005859375, "dvar2": 0.000240121764364, "dvar": 0.00014374278544, "dmean": 0.0125374579802, "max": 0.53125, "var": 0.00171271769796, "mean": 0.0802384614944}, "silence_rate_60dB": {"dmean2": 0.0209328774363, "median": 0, "min": 0, "dvar2": 0.0227707829326, "dvar": 0.0103550413623, "dmean": 0.0104652484879, "max": 1, "var": 0.0394769012928, "mean": 0.0411737933755}, "erbbands_kurtosis": {"dmean2": 1.40512120724, "median": 0.146834611893, "min": -1.72040700912, "dvar2": 3.58024859428, "dvar": 1.5668951273, "dmean": 0.893161952496, "max": 51.1647491455, "var": 3.46889805794, "mean": 0.552391290665}, "erbbands": {"dmean2": [0.271161556244, 1.52560043335, 3.39903903008, 3.68518519402, 6.06663417816, 13.2343549728, 20.4853076935, 21.6667251587, 23.6955184937, 19.7862854004, 23.1485080719, 28.232585907, 32.4383926392, 34.737033844, 30.7329921722, 27.5308589935, 33.9863891602, 40.1388053894, 39.7582130432, 44.6649894714, 34.7558250427, 19.8247642517, 16.164182663, 12.9359388351, 10.120798111, 4.88579511642, 2.6756374836, 1.37101042271, 0.595681369305, 0.37495842576, 0.269528418779, 0.133424758911, 0.0561202354729, 0.0340892598033, 0.0211328510195, 0.0117559544742, 0.00618898682296, 0.00249565858394, 0.00142051407602, 0.000767253572121], "median": [0.232585176826, 0.916286110878, 1.33914935589, 1.79571580887, 2.42584228516, 3.93608760834, 4.69360733032, 5.29217195511, 5.50470542908, 5.6491060257, 9.98942756653, 14.1365871429, 18.3228378296, 18.9049873352, 14.6108999252, 16.5324020386, 22.4686927795, 27.2470855713, 27.3802089691, 28.5260353088, 21.0307540894, 10.1700553894, 8.18674087524, 8.13945770264, 6.5057926178, 3.03585195541, 1.60361909866, 0.752427399158, 0.306206882, 0.113697104156, 0.0521121658385, 0.0248527470976, 0.0115083809942, 0.00652419310063, 0.00400178832933, 0.00240500085056, 0.00171414995566, 0.00153760600369, 0.00186022859998, 0.00129586271942], "min": [1.61957624572e-22, 1.70615290965e-21, 2.99056527983e-21, 1.49058398746e-20, 5.15449973141e-20, 4.7507932641e-20, 5.39359111759e-20, 1.79228234776e-19, 2.10324487243e-19, 1.74081116339e-19, 3.53295999904e-19, 7.38811666943e-19, 1.17675355007e-18, 1.39690270701e-18, 1.00017323675e-18, 1.94970502884e-18, 2.46828295962e-18, 2.46820913375e-18, 3.24635158446e-18, 5.41966752111e-18, 4.42287104241e-18, 5.13696779342e-18, 9.5005903701e-18, 8.21039706403e-18, 8.71103737643e-18, 1.12594625569e-17, 1.12952645882e-17, 1.08418339549e-17, 1.1999775143e-17, 1.24196536763e-17, 1.48652512077e-17, 1.16223342839e-17, 1.02238613813e-17, 9.51975449053e-18, 7.6268798717e-18, 4.05245005154e-18, 2.27250605904e-18, 1.05652605336e-18, 3.16388415893e-19, 3.30480917506e-20], "dvar2": [0.171895623207, 9.11821937561, 35.8108520508, 34.5686531067, 118.725906372, 975.879882812, 3201.79858398, 2991.99658203, 4701.60009766, 3805.31933594, 2659.76000977, 5984.81933594, 5151.58642578, 4838.66748047, 5125.390625, 2701.53735352, 3557.03491211, 4574.21484375, 4642.19384766, 5565.55224609, 3696.29223633, 2057.79907227, 1205.10009766, 649.129516602, 425.36529541, 110.148361206, 58.4275817871, 10.4100751877, 2.02501058578, 1.09843480587, 0.766421079636, 0.123902946711, 0.00885856337845, 0.00336541421711, 0.00129512802232, 0.000394339731429, 0.000103239079181, 1.53536111611e-05, 5.59206409889e-06, 1.58772070336e-06], "dvar": [0.0670255124569, 3.40378904343, 13.5798044205, 12.7067060471, 44.3190536499, 447.87677002, 1652.06445312, 1347.3314209, 2195.14892578, 1699.30834961, 1146.25622559, 2420.59594727, 2249.22607422, 1989.45874023, 2181.36669922, 1105.98962402, 1494.26782227, 2003.97290039, 1995.77661133, 2296.90795898, 1529.89831543, 813.889892578, 504.161743164, 276.569061279, 174.173248291, 44.684135437, 22.0300006866, 4.36995983124, 0.907623946667, 0.477171599865, 0.309708565474, 0.0517232455313, 0.00358147942461, 0.00132981163915, 0.000511418795213, 0.000155767600518, 4.20559772465e-05, 6.68086704536e-06, 2.53108464676e-06, 8.62491617681e-07], "dmean": [0.17266266048, 0.928114891052, 2.0209479332, 2.18693137169, 3.61264610291, 8.30635070801, 13.336640358, 14.0220308304, 15.5529642105, 12.7384824753, 14.7938776016, 17.5967063904, 20.5845565796, 21.5113544464, 19.3880767822, 17.1732006073, 21.2349281311, 25.2620372772, 25.1888046265, 28.2994709015, 22.0608024597, 12.5453166962, 10.1874828339, 8.17481422424, 6.31693792343, 3.01120114326, 1.64447653294, 0.856592059135, 0.379487067461, 0.24012029171, 0.167584761977, 0.0826364532113, 0.034197665751, 0.0205565169454, 0.0127331642434, 0.00710268272087, 0.00380160822533, 0.00158404535614, 0.000966769002844, 0.0005518902326], "max": [4.28141784668, 30.7057056427, 54.1517028809, 64.1831436157, 128.166915894, 670.408081055, 1347.6439209, 1176.17700195, 1302.95544434, 1274.64343262, 1098.63037109, 1633.19555664, 2291.79199219, 1373.10046387, 1675.83093262, 1053.07385254, 1724.48986816, 1914.97473145, 1703.65319824, 1383.23718262, 1239.10766602, 1262.67895508, 754.179260254, 448.104949951, 333.198242188, 141.854812622, 198.727340698, 62.8676300049, 35.1405067444, 20.6516532898, 19.0240802765, 6.18811798096, 0.915519297123, 0.528647243977, 0.320567071438, 0.176426514983, 0.0933827906847, 0.072363011539, 0.0619210638106, 0.0297193154693], "var": [0.164516180754, 3.79970169067, 14.8820571899, 15.6549453735, 79.8149032593, 761.865234375, 3138.52514648, 2580.92236328, 4891.02587891, 3500.28369141, 2621.94458008, 3679.22998047, 3886.73510742, 4341.43994141, 4204.453125, 2460.88525391, 3120.32861328, 4598.13330078, 4436.72460938, 7404.35009766, 3844.33081055, 1528.42834473, 847.065185547, 576.421508789, 350.012237549, 72.2754669189, 26.8640232086, 7.19247770309, 1.67010080814, 0.687722086906, 0.31814289093, 0.0523750260472, 0.00381644186564, 0.00134119181894, 0.000514581333846, 0.0001582315017, 4.81458264403e-05, 1.22600140458e-05, 9.07459434529e-06, 4.89487638333e-06], "mean": [0.363614439964, 1.49133276939, 2.6787712574, 3.05990314484, 5.18874979019, 11.6486797333, 18.2434310913, 19.8788871765, 24.9380664825, 20.2963447571, 25.4223365784, 30.3391857147, 35.3252792358, 37.5264434814, 32.5114326477, 31.6207275391, 39.3872070312, 46.6116638184, 48.1331520081, 58.0648841858, 43.881652832, 23.6017055511, 17.731584549, 15.6690168381, 12.1326522827, 5.6355881691, 2.99842238426, 1.5095140934, 0.647788882256, 0.320713311434, 0.183583557606, 0.0845459997654, 0.0336901694536, 0.0196307022125, 0.0121258245781, 0.00690390588716, 0.00414171162993, 0.00260312762111, 0.00271401484497, 0.00194838526659]}, "spectral_strongpeak": {"dmean2": 0.718532502651, "median": 0.220182716846, "min": 0, "dvar2": 1.63024818897, "dvar": 0.640137135983, "dmean": 0.424296200275, "max": 16.0084781647, "var": 1.08834064007, "mean": 0.623928308487}, "spectral_energy": {"dmean2": 0.0154852597043, "median": 0.0295506548136, "min": 1.00565436168e-20, "dvar2": 0.000411900604377, "dvar": 0.000174712826265, "dmean": 0.0100718773901, "max": 0.189998358488, "var": 0.000407267245464, "mean": 0.0323831066489}, "average_loudness": 0.937210977077, "spectral_rolloff": {"dmean2": 591.638671875, "median": 1184.32617188, "min": 21.533203125, "dvar2": 2117784.75, "dvar": 772552.6875, "dmean": 359.69354248, "max": 22028.4667969, "var": 1719772.25, "mean": 1282.4387207}, "spectral_centroid": {"dmean2": 329.646514893, "median": 1227.22436523, "min": 161.166702271, "dvar2": 135165.15625, "dvar": 64179.6171875, "dmean": 218.017349243, "max": 11372.7617188, "var": 412618.65625, "mean": 1306.93774414}, "pitch_salience": {"dmean2": 0.127858236432, "median": 0.559284508228, "min": 0.0803749933839, "dvar2": 0.0124372784048, "dvar": 0.00503468001261, "dmean": 0.0800695493817, "max": 0.996090590954, "var": 0.0181283075362, "mean": 0.545814275742}, "spectral_energyband_middle_high": {"dmean2": 0.00369886332192, "median": 0.00525131542236, "min": 1.3607780438e-21, "dvar2": 3.22338710248e-05, "dvar": 1.49726683958e-05, "dmean": 0.00249705160968, "max": 0.123620413244, "var": 5.9031539422e-05, "mean": 0.00734473858029}, "spectral_contrast_coeffs": {"dmean2": [0.0875584334135, 0.0814559832215, 0.0627777948976, 0.0468425527215, 0.0357486307621, 0.0806930959225], "median": [-0.713251173496, -0.775316178799, -0.794229745865, -0.802005708218, -0.793891012669, -0.749346375465], "min": [-0.998853027821, -0.996866345406, -0.993964195251, -0.986279547215, -0.990301191807, -0.963020563126], "dvar2": [0.00496346922591, 0.00420810654759, 0.00239073042758, 0.00133281480521, 0.00083566311514, 0.0047974139452], "dvar": [0.00194442353677, 0.00160025176592, 0.000908812216949, 0.000509277218953, 0.000326437817421, 0.00183996395208], "dmean": [0.0534761920571, 0.0494928136468, 0.0379254892468, 0.0284340269864, 0.0218026321381, 0.0498465672135], "max": [-0.275455743074, -0.374936819077, -0.558207809925, -0.575662136078, -0.616202414036, -0.479662686586], "var": [0.0069141741842, 0.00538086472079, 0.00283070467412, 0.00171523692552, 0.00153672590386, 0.00510742003098], "mean": [-0.702627062798, -0.764661252499, -0.788978815079, -0.79988515377, -0.793203413486, -0.742159903049]}, "melbands_skewness": {"dmean2": 1.10688209534, "median": 1.88061237335, "min": -1.38252556324, "dvar2": 1.47317790985, "dvar": 0.658191025257, "dmean": 0.729911565781, "max": 18.0402393341, "var": 3.13708400726, "mean": 2.28576874733}, "spectral_spread": {"dmean2": 628009.0625, "median": 2554772, "min": 1269929.875, "dvar2": 756502036480, "dvar": 339708116992, "dmean": 393553, "max": 41746832, "var": 2155115577340.0, "mean": 2723036.25}, "dissonance": {"dmean2": 0.0279331095517, "median": 0.47951066494, "min": 0.236961215734, "dvar2": 0.000831649929751, "dvar": 0.000315823039273, "dmean": 0.0167297255248, "max": 0.500000119209, "var": 0.000700262666214, "mean": 0.471724957228}, "spectral_skewness": {"dmean2": 0.472417443991, "median": 2.12191390991, "min": -0.043419778347, "dvar2": 0.230930715799, "dvar": 0.0948141217232, "dmean": 0.298306971788, "max": 6.79473781586, "var": 0.3984195292, "mean": 2.1727206707}, "spectral_flux": {"dmean2": 0.0380495116115, "median": 0.0860624536872, "min": 6.54748824602e-11, "dvar2": 0.00173739145976, "dvar": 0.000763002841268, "dmean": 0.0239458587021, "max": 0.358276337385, "var": 0.00195504981093, "mean": 0.0916516259313}, "spectral_contrast_valleys": {"dmean2": [0.650044023991, 0.595346689224, 0.482993215322, 0.43255802989, 0.393194019794, 1.21029913425], "median": [-6.71159076691, -6.49378013611, -6.6950674057, -6.81311225891, -7.42178964615, -11.3906078339], "min": [-27.8560180664, -27.8159275055, -27.5490665436, -27.5185623169, -27.4407634735, -27.3313732147], "dvar2": [0.303189784288, 0.228109225631, 0.16925945878, 0.161311268806, 0.190645337105, 1.04627645016], "dvar": [0.131955713034, 0.101741500199, 0.0791624933481, 0.0845325738192, 0.102522134781, 0.389526307583], "dmean": [0.402052521706, 0.37153595686, 0.308344751596, 0.288169533014, 0.269477307796, 0.758812487125], "max": [-5.29145097733, -4.51952457428, -5.04666137695, -5.1607093811, -5.34509325027, -9.13903617859], "var": [1.19731378555, 1.33707678318, 1.26876866817, 1.39125645161, 1.28536045551, 1.30129861832], "mean": [-6.87183570862, -6.62925624847, -6.84517860413, -7.01910543442, -7.57477426529, -11.4969453812]}, "erbbands_flatness_db": {"dmean2": 0.0366699583828, "median": 0.183577567339, "min": 0.0338330119848, "dvar2": 0.000928050547373, "dvar": 0.00039375378401, "dmean": 0.0237878486514, "max": 0.3737436831, "var": 0.00165045028552, "mean": 0.18443839252}, "spectral_energyband_high": {"dmean2": 0.000113798967504, "median": 9.81588091236e-05, "min": 7.15260571515e-21, "dvar2": 6.97071484979e-08, "dvar": 2.98517548458e-08, "dmean": 7.40194082027e-05, "max": 0.00488618761301, "var": 5.5187463488e-08, "mean": 0.000162914991961}, "spectral_entropy": {"dmean2": 0.215340435505, "median": 7.49208068848, "min": 5.2825922966, "dvar2": 0.0464467741549, "dvar": 0.0211291816086, "dmean": 0.141115471721, "max": 9.82377529144, "var": 0.0942309126258, "mean": 7.44378757477}, "silence_rate_20dB": {"dmean2": 0, "median": 1, "min": 1, "dvar2": 0, "dvar": 0, "dmean": 0, "max": 1, "var": 0, "mean": 1}, "melbands_flatness_db": {"dmean2": 0.0478499531746, "median": 0.244676560163, "min": 3.1494664654e-07, "dvar2": 0.00177350861486, "dvar": 0.000778281944804, "dmean": 0.0313013345003, "max": 0.552255451679, "var": 0.00375641859137, "mean": 0.250898212194}, "barkbands": {"dmean2": [0.0024525935296, 0.00732190394774, 0.00295660155825, 0.00132525840309, 0.00340799288824, 0.0026135367807, 0.001591169741, 0.00103546574246, 0.00132584269159, 0.00111209449824, 0.000816951098386, 0.000715258414857, 0.000865555484779, 0.000783021969255, 0.00083534733858, 0.000761350034736, 0.000410650274716, 0.000294407975161, 0.000242437352426, 0.000106569481432, 5.07279546582e-05, 1.53861092258e-05, 1.00294537333e-05, 4.39692166765e-06, 3.00500391859e-06, 3.17638864544e-06, 3.06187212118e-05], "median": [0.0015390337212, 0.00574719859287, 0.00106129050255, 0.000513820094056, 0.00124930543825, 0.000607546477113, 0.000345477543306, 0.000346002256265, 0.000617785262875, 0.000555219943635, 0.000328566529788, 0.000356516509783, 0.000531043100636, 0.000458799768239, 0.000538064457942, 0.000412941095419, 0.000181119830813, 0.000145204714499, 0.000158081471454, 6.11694704276e-05, 2.75412676274e-05, 7.32417629479e-06, 2.01438433578e-06, 8.64935486788e-07, 5.61033857593e-07, 8.52589494116e-07, 3.84649902117e-05], "min": [5.16976365476e-24, 6.16896012087e-24, 1.32063302751e-24, 5.16145418842e-24, 1.85068409196e-23, 1.71989852693e-23, 1.33356588929e-23, 5.74735972096e-24, 3.91860943316e-23, 4.26156292517e-23, 1.78691115643e-23, 3.44437781137e-23, 2.90232687094e-23, 3.18942333106e-23, 9.4651248521e-23, 1.08821582205e-22, 7.8527341826e-23, 1.68481630476e-22, 1.49114123376e-22, 2.52896108709e-22, 3.21205379406e-22, 3.66894587449e-22, 4.74650563721e-22, 5.83118155639e-22, 1.03117645806e-21, 1.25764976541e-21, 2.31507900952e-21], "dvar2": [1.5985515347e-05, 0.000173268810613, 2.56387193076e-05, 4.6633290367e-06, 4.87655452162e-05, 4.21406512032e-05, 1.9716024326e-05, 6.04350134381e-06, 8.86840189196e-06, 5.45430793863e-06, 3.26949793816e-06, 2.00459476218e-06, 2.07234961636e-06, 2.06418621929e-06, 1.69856264165e-06, 1.64217635756e-06, 9.14555812415e-07, 3.89920103316e-07, 2.20462041511e-07, 5.33969775063e-08, 1.90935942612e-08, 1.3634532392e-09, 1.05661923655e-09, 7.993958967e-11, 2.6209971693e-11, 2.65905162472e-11, 2.37635600087e-09], "dvar": [6.23275627731e-06, 6.53971655993e-05, 9.52965365286e-06, 1.68740962181e-06, 2.25901203521e-05, 2.07965767913e-05, 8.88403883437e-06, 2.60672959485e-06, 3.67277129953e-06, 2.31484295909e-06, 1.44750390518e-06, 8.33204296669e-07, 8.57691702549e-07, 9.18960154195e-07, 6.90443698659e-07, 6.90002934789e-07, 3.62948043175e-07, 1.62599548048e-07, 9.21742113746e-08, 2.12561488411e-08, 7.3938304368e-09, 6.18011475328e-10, 4.28379109962e-10, 3.30999359865e-11, 1.03507211482e-11, 1.07417677184e-11, 1.19916288011e-09], "dmean": [0.00151214865036, 0.00455709639937, 0.0017335062148, 0.000775630585849, 0.00214517582208, 0.00170817959588, 0.00103278481402, 0.00066357338801, 0.000824660470244, 0.000698070973158, 0.000509518838953, 0.000443521974375, 0.000536883831955, 0.000493822677527, 0.000524149509147, 0.00047806231305, 0.000256292260019, 0.000185280834557, 0.00015223470109, 6.51120644761e-05, 3.12379852403e-05, 9.84843882179e-06, 6.26644168733e-06, 2.70152531812e-06, 1.80992299192e-06, 1.94338826986e-06, 2.13742951019e-05], "max": [0.0354608818889, 0.125119060278, 0.0418393425643, 0.0199605859816, 0.112737223506, 0.13171339035, 0.0749215111136, 0.0472924597561, 0.0552436895669, 0.06766166538, 0.0384166650474, 0.0272748041898, 0.0306709464639, 0.0375600084662, 0.0170913040638, 0.0274167079479, 0.0275544058532, 0.012179825455, 0.0059553431347, 0.00284086400643, 0.00337711698376, 0.000791187980212, 0.000617801269982, 0.000140089381603, 4.57940805063e-05, 4.78665278933e-05, 0.00107643404044], "var": [1.29276486405e-05, 9.65756553342e-05, 1.03654574559e-05, 2.10555231206e-06, 4.11209512095e-05, 3.95792485506e-05, 2.0236506316e-05, 5.69212170376e-06, 6.80589391777e-06, 3.96516588808e-06, 2.79012920146e-06, 1.63838922163e-06, 1.93971300178e-06, 1.97104168365e-06, 1.71826638962e-06, 2.18737363866e-06,