{"metadata": {"tags": {"bpm": ["88.12"], "musicip_puid": ["259c6da2-94bf-500b-333e-a04216574e7f"], "musicbrainz_albumid": ["a210b652-6e7f-40f6-88e9-79c388f20e2f"], "genre": ["Country"], "musicbrainz_artistid": ["1a46826b-4d73-4e04-8590-f36c9d832f9e"], "title": ["Willie and Laura Mae Jones"], "tracknumber": ["11"], "artist": ["Waylon Jennings"], "musicbrainz_albumartistid": ["1a46826b-4d73-4e04-8590-f36c9d832f9e"], "album": ["The Journey: Six Strings Away (Disc 2)"], "musicbrainz album type": ["Compilation"], "musicbrainz_recordingid": ["086af0a3-492c-435a-b63e-3ea605f3d8b0"], "date": ["1993"], "acoustid_id": ["53c3fc82-3c9e-4c5d-ba81-f95c2fec1f25"], "file_name": "Waylon Jennings - Willie and Laura Mae Jones.mp3", "acoustid_fingerprint": ["AQADtEmiZVqiKphIkRB_4okUfILPo_zRPmPRjCf0PbgX6niYo_qFOdkjeL009KbBM8f1gMZzoc4ZTJQxXQqahcfBI1fEI49MeHzwDAofwz9elFOMhtGDd_HxTUePaPie4lG-IFRyHhx2GuKOfCZxSbNxKSma8giP41muIb-MiznRH1cOt7lwHx8fIveFXzcUnbiVBz_xBwyP92gO5T-uHE19VOKioxa0xInxsBH0--iONAs-PTh-_NiDR4cjLcY1Xci0jwm0Jzdy4ZkfPNlFPIRz_Aoe6Qij8YLeHWH74CYuRjFOBd6OK1fwC3kxXcoETw3y48d1oU-OqNHRQ3xFcDty5vjgLw6qRcSZB1HDxBP6w1duKDrOoA3y6QLj436MPyN-Hb8wOUPaQx2FP0f4HXmi4mqg78OlBH0OLaEy7BZy1DphJzdcXcgPnxI0WQO97PgjnCfCdBcqjrgomCfOfbij3KjUIeUFxo7wtPhxVxqi_3iSHBcaH92OP8Zf5Edy7InxhEyFg5M-PEoeWNMjItcDPUpwqoejKHmEXDqugNeDZ6kW9Iejo4185COUTnuQ8_hyxH-CJzrxJaGhpc6O8DpOI9R1QeuDZ8a_oj1OYuJJnIOuB300eDK6piryZMfzIJSXoIk2HbKO6mh6hH2KZlJ25JElaMezFOF5PMvBJJqJKhtO4TifFBdK6kjxu5BC6Qgv-HlRbsN4hNbiQQvLFvGNSmQ1wVWFOvhihBlPaHuwT0JGLeMxyzn65EhjbjhzXL1R9sSN57iPfETlHX6HtlyEvHmOQ7uDHNNzPHtwPTIo_cVfCheJZhJjhD-0wh-H_Mkx-cOPNyKeJXh_lDqaCz9yHl2k7IasZB5-jgj1HPci7GA_7ExHlCecB91EC8d_40czhFZ0aPJnNKUe5EETZ5yIsDvKDlrcbMiDHs1xG2ukoMkfhH2hb7mRL8vBp-jxTMR-uMeTDJ5EE4-PvIP2CzlzCQ3jo9xW1NqJr8hRKWMuKA138OSwpxSaH-_R58aeC5eg1Dx6Pkb5DFeOsEmONwwsP8ddcci3XHCqoXYOLeSLUhee6hCaI02q5EIlJvhJnIgUDnof3DiciwjHLMGVLMeZEbnh3_jxH7p85EnaoWTQXHiOH-yHTskQZofuODj6VGgu8NvRbGEq7DlE5eg55D7aw2rR_9hzvPqQR9CVCYy-o-GGXtioHF4X6CL8HpHWBdeLlPHx6cjFC82Dvscn4YmStoiUrNKE94JyPAhx5kK86BN-8NEI2UJVbF0s9A_6Q-Rz9NIR_XCWpPh0_ET244TGLkO-HFOYxMV1vMeZ48eQH5J5XFcRxg_C4yL6LEKzbMeTL3gkSegP_0LnUYJUMriQKxaqL0bTKeivYMpxHd_RPMfDDFsodgjZUsGvQCODJgePnIklYT8eIzzT4Mphtag2QcejC98cNJyUQ9HB4c5x5sowWTk-wntuaA8u4fHwwHuwL8Wd62j0I5QOTCca5hu-FY2P0FWhyyXCs3hSXDzsHbmUUbiUD4rqCy8egRdxS8FzYnrhvcOPhxmeH5d8fIH46XCNsjnyo10m3NRx8ciPFzrS7-hxOsElnWgS_Sg_7OqMfOgVSDp-ItpWPDrebPhSAZXOGHkOLaoQfvgWUrh0PM0qCs-DIauxr_iJP0GYsxM6Nnhy4sxxbbmRnjn0PMd3NGlR6xL05LhOhBlJ9NFxCXsC3kacZMdIZZKIZjs02xpye8KtSUdTG-EvNKEyo9MH7UKTH--hZ0dFX2jUHtfZQetxbVVQh8lU9Ea6I1KnjfgDTgwJpTtT9IefoefxHH_wQoucHSGdZMaDNicuYjob9HnQxGCl_EjQHLWi8Hh04dJFTJF4QeyL6clxpdCuoHkeZM-P5qgVvMgz_B3kCxwlEuGTsWjaBM9xCt_M4XnwJC26KfDRZ-mG60fIBm6KV5B0IXyDS0FDYVqkEPkeiBfyZjFOJhKa7Ch5PMKfBPmgeJGClNnAHd-DqUrUCc2kOghlNPgFXfqwa0fzZCinHT8u4ysKO5nRE5W2o3n2IT_CkAczs4N-_Ph-RHqOJufwF8cZEtNzNDVF5NogRTTRqC9-PMXOHaETkUEz4YyOHD_mZ3jKQJqPH3mySnB64UMsamieaoXWWEZ4ET9OXExI-EeXt_gPTsnRX8WPpwzCJzwUJ8c5hM-44H9R_ziFH72yY8p5vAuTg-ZxEr9y5Mlk1MqD_YkFcaR09Mg9nFbRWEuFbtJRHqbxH2Fu3PmEi0cra8Z_42ieEX_whcYXyfjywPuRp8dRKuHRME6LvIG-4xSfIaeWidiLZtRRRR-ybprwQ--DHl6UFu5yMCf-lPgzdLngPsf0BOfR73iZQ9uFD_mOypl1_ET74EFI6tDyI8dTPLiWJ0LDHN1zPFQR_4f2Idpr9EF-sDrRJ9wgTpIw1TiOPj9cH6aap8i10PAxfRWeEdl77GQHdVGOxg_yBf9R5McH7Qiz5viF8OThHc44HuXyoP_QPDsePDt8KF4efEsssLph_bge7DkHfbOCfPjwTegTHs2P70TOo4l09CFxnXhGiSglRUedycQfNKcG7UqMfci8MDtG7mi2PfiFvsiF48-OcpFOmGMaeFJ-GH2H41egicdzYbq4IJde4eGOY0-yeMOPUM8JuYQ3fbjEFCda5sE_6IpC4w2a6Zg6sXg-3C2k5CFq4UkudJ_QnIc-4SyelXiCPMolNGqOEvvxKXiObTqN_DiH5jmsH4zz48qO_khPC9MjAAQQAoYwQIgBRCFhCDCEACAcEJR1IQhihghEiECIEmWEMEYQopgERRgFFGDQCYIAEQIAIogwSEDHmBACKQOBIkB4IpBjUDKEBAJCGAEIAQcIxAQgBAAEERHUCkCVQ0IQwAVQyAkmECBAEQGYEMAQAQxTggDiJCRAKKEYAYY4RIQjAABIgAAIASsAEFAgpQAwSgisGAMEESUQIk4IUAhTRCoBpHGGAEIIMIAAAphg0AFkjBLECYIkAwoJJhwBlDThhAFIAmatQwQYAgwDCgCgiEDMACGECxQxYgAzAhCmkBCCMSaIMkQ4C6wygggjGCIAGROEUQwIQpUSCghmBCGAYAYRUVRIgQRxAjpgjCGECYEEQUAIgSRhghhAmDFKYGIACAY0AQCRADjACACAAGkAcIIIRQABDBBBGAEGCCA8A0giwgAghBADpAAIEOAoIUJAQYwQgAmAiFCEEcWMYEIaA5gA0BDACBRIASEYAggBIzBwggmhDEJEKGIAQgoRJJBwgBAjgECICAMIAAQKAxkTlAgpGBCWAcAAM4IoRgQiDgCAkBKAesIUAUoBAwRh4gikjCFMEQcMQkIigBRxiBlEiAAAEWGMQEgCARAByAgDBBFKOEIIFQQITgRwSgCEBGGIUQUYQgQQQIhRCCihBDAWGEGAMooICRgggBmDhQACIUeUIIAAQRLCViCAgAACCYDBEwAIo4wShhkEFDNMOIYAYQ5RYAghjDHGCBFKAIAAAwoAAYwQgiEllCICCASAQMoYgAggFBBACACCMICkAIIBgAQCwCQABHBACCVAEIgAAaR0VDiAjADGGAUUQIYQAQQSBEDglFCOSQ8MJEAaIAwQhCkgvxBAAKOEI8A45IUBTjKNmBGGGCQMEIopbgAyCACDCAECAYSQAdopCBgzDhkDoBBMIBKAEAQI9oACCAhghCTMGAIIM4QRpRggCBkFhCIMEYCgEEoAIgkgxiCBiEBAAA"]}, "audio_properties": {"sample_rate": 44100, "downmix": "mix", "lossless": false, "analysis_sample_rate": 44100, "md5_encoded": "24020943c784ce48973c6316829bfc4a", "equal_loudness": 0, "replay_gain": -4.84613800049, "codec": "mp3", "bit_rate": 128000, "length": 175.568984985}, "version": {"extractor": "music 1.0", "essentia_build_sha": "2d9f1f26377add8aeb1075a9c2973f962c4f09fd", "essentia_git_sha": "v2.1_beta2-1-ge3940c0", "essentia": "2.1-beta2"}}, "rhythm": {"beats_loudness_band_ratio": {"dvar2": [0.0851857885718, 0.0332450456917, 0.0456813685596, 0.0248194579035, 0.00382016878575, 0.0090964846313], "var": [0.0481060184538, 0.0148531636223, 0.0238948520273, 0.012963260524, 0.00135924038477, 0.00236551580019], "min": [0.0379617549479, 0.0297652892768, 0.0169807597995, 0.00421834224835, 0.0035170854535, 0.00166385050397], "dmean": [0.22370006144, 0.127401843667, 0.156786471605, 0.0911220610142, 0.0405163876712, 0.0546261630952], "mean": [0.431391865015, 0.224555417895, 0.20793145895, 0.10241124779, 0.0468826256692, 0.0558008737862], "max": [0.915806889534, 0.707923829556, 0.627210080624, 0.648744106293, 0.235376611352, 0.300152391195], "dmean2": [0.373639792204, 0.227130413055, 0.265473753214, 0.158873647451, 0.0738210231066, 0.106589347124], "median": [0.431908279657, 0.194756999612, 0.171858265996, 0.059106875211, 0.0374944992363, 0.0397108085454], "dvar": [0.0265500787646, 0.0117690367624, 0.0162725988775, 0.0102800298482, 0.00122658663895, 0.00299044302665]}, "bpm_histogram_first_peak_weight": {"dvar2": 0, "var": 0, "min": 0.8671875, "dmean": 0, "mean": 0.8671875, "max": 0.8671875, "dmean2": 0, "median": 0.8671875, "dvar": 0}, "bpm": 88.1660385132, "beats_count": 257, "bpm_histogram_first_peak_spread": {"dvar2": 0, "var": 0, "min": 0.122529640794, "dmean": 0, "mean": 0.122529640794, "max": 0.122529640794, "dmean2": 0, "median": 0.122529640794, "dvar": 0}, "danceability": 1.16371703148, "bpm_histogram_first_peak_bpm": {"dvar2": 0, "var": 0, "min": 88, "dmean": 0, "mean": 88, "max": 88, "dmean2": 0, "median": 88, "dvar": 0}, "beats_position": [0.743038535118, 1.50929701328, 2.24072551727, 2.96054410934, 3.66875267029, 4.3653512001, 5.05034017563, 5.73532867432, 6.43192720413, 7.12852573395, 7.8251247406, 8.52172279358, 9.2067117691, 9.8800907135, 10.5650787354, 11.2384576797, 11.9234466553, 12.6084346771, 13.3050336838, 14.0132427216, 14.7214508057, 15.4180498123, 16.114648819, 16.8112468719, 17.5078449249, 18.1928348541, 18.877822876, 19.5628108978, 20.247800827, 20.9211788177, 21.5945568085, 22.2679367065, 22.9413146973, 23.6263027191, 24.3112926483, 24.9962806702, 25.681268692, 26.3662586212, 27.0512466431, 27.7362346649, 28.4212245941, 29.0946025848, 29.7679805756, 30.4529705048, 31.1379585266, 31.8229465485, 32.5079345703, 33.1929244995, 33.8779144287, 34.5512924194, 35.2362823486, 35.9212684631, 36.6062583923, 37.2912483215, 37.976234436, 38.6612243652, 39.334602356, 40.0195922852, 40.7045783997, 41.3895683289, 42.0745582581, 42.7595443726, 43.4445343018, 44.1179122925, 44.8029022217, 45.4878921509, 46.1612701416, 46.8346481323, 47.5196380615, 48.204624176, 48.8780021667, 49.5629920959, 50.2479820251, 50.9329681396, 51.6179580688, 52.302947998, 52.9763259888, 53.661315918, 54.3463020325, 55.0312919617, 55.7046699524, 56.3780479431, 57.0514259338, 57.7248077393, 58.39818573, 59.0715637207, 59.7565536499, 60.4415397644, 61.1265296936, 61.8115196228, 62.4965057373, 63.1814956665, 63.8548736572, 64.5166397095, 65.1900177002, 65.8634033203, 66.536781311, 67.1985473633, 67.8603134155, 68.5453033447, 69.2186813354, 69.9036712646, 70.5770492554, 71.2504272461, 71.9354171753, 72.6204071045, 73.3053970337, 73.9903869629, 74.6753692627, 75.3487548828, 76.0221328735, 76.7071151733, 77.3921051025, 78.0654830933, 78.7504730225, 79.4238510132, 80.1088409424, 80.7822189331, 81.4672088623, 82.1521987915, 82.8487930298, 83.5221786499, 84.1955566406, 84.8805389404, 85.5655288696, 86.2389068604, 86.9122848511, 87.5856704712, 88.2474365234, 88.9092025757, 89.5709762573, 90.2327423096, 90.9177322388, 91.602722168, 92.2761001587, 92.9610900879, 93.6460723877, 94.3194503784, 94.9928359985, 95.6662139893, 96.33959198, 97.0129699707, 97.6863479614, 98.3597259521, 99.0331039429, 99.7064819336, 100.379859924, 101.053237915, 101.726615906, 102.400001526, 103.096595764, 103.769973755, 104.443351746, 105.116729736, 105.790107727, 106.463493347, 107.148475647, 107.833465576, 108.495239258, 109.15700531, 109.830383301, 110.51537323, 111.200363159, 111.87374115, 112.558731079, 113.243713379, 113.928703308, 114.602081299, 115.27545929, 115.960449219, 116.645439148, 117.330429077, 118.027030945, 118.723625183, 119.397003174, 120.081993103, 120.766983032, 121.451972961, 122.136962891, 122.82194519, 123.50693512, 124.191925049, 124.876914978, 125.550292969, 126.223670959, 126.89704895, 127.570426941, 128.267028809, 128.952011108, 129.637008667, 130.321990967, 131.006988525, 131.691970825, 132.376953125, 133.050338745, 133.723709106, 134.397094727, 135.070480347, 135.743850708, 136.417236328, 137.090606689, 137.76399231, 138.448974609, 139.133972168, 139.807342529, 140.492340088, 141.177322388, 141.862304688, 142.547302246, 143.220672607, 143.894058228, 144.555831909, 145.217590332, 145.890975952, 146.564346313, 147.249343872, 147.94593811, 148.63092041, 149.30430603, 149.97769165, 150.66267395, 151.336044312, 152.02104187, 152.70602417, 153.391021729, 154.06439209, 154.73777771, 155.411148071, 156.084533691, 156.757904053, 157.442901611, 158.127883911, 158.824493408, 159.509475708, 160.194458008, 160.867843628, 161.541213989, 162.214599609, 162.887985229, 163.561355591, 164.246353149, 164.931335449, 165.604721069, 166.289703369, 166.974685669, 167.648071289, 168.32144165, 168.994827271, 169.668212891, 170.35319519, 171.03817749, 171.723175049, 172.408157349, 173.093154907, 173.778137207, 174.451522827, 175.124893188], "beats_loudness": {"dvar2": 0.000559972249903, "var": 0.000487644108944, "min": 1.25345223978e-07, "dmean": 0.017285220325, "mean": 0.0389910377562, "max": 0.100917935371, "dmean2": 0.0294064711779, "median": 0.0376193933189, "dvar": 0.000222429793212}, "bpm_histogram_second_peak_weight": {"dvar2": 0, "var": 0, "min": 0.00390625, "dmean": 0, "mean": 0.00390625, "max": 0.00390625, "dmean2": 0, "median": 0.00390625, "dvar": 0}, "bpm_histogram_second_peak_spread": {"dvar2": 0, "var": 0, "min": 0.5, "dmean": 0, "mean": 0.5, "max": 0.5, "dmean2": 0, "median": 0.5, "dvar": 0}, "bpm_histogram_second_peak_bpm": {"dvar2": 0, "var": 0, "min": 78, "dmean": 0, "mean": 78, "max": 78, "dmean2": 0, "median": 78, "dvar": 0}, "onset_rate": 4.26563596725}, "lowlevel": {"spectral_energyband_high": {"dvar2": 1.72943174448e-07, "var": 3.07902581653e-07, "min": 7.51325080766e-21, "dmean": 0.000183536161785, "mean": 0.000337193865562, "max": 0.00788806937635, "dmean2": 0.000221412963583, "median": 0.000108057181933, "dvar": 1.02998328089e-07}, "spectral_energyband_middle_low": {"dvar2": 0.00018356340297, "var": 0.000175078515895, "min": 2.78992561465e-22, "dmean": 0.00604643067345, "mean": 0.0134408175945, "max": 0.0955033972859, "dmean2": 0.0093886423856, "median": 0.00927712675184, "dvar": 8.15356470412e-05}, "spectral_energy": {"dvar2": 0.000258461164776, "var": 0.000369508139556, "min": 1.0688105708e-20, "dmean": 0.00795031897724, "mean": 0.0202497653663, "max": 0.137539178133, "dmean2": 0.0116888508201, "median": 0.014080485329, "dvar": 0.000124673839309}, "spectral_spread": {"dvar2": 1028074635260.0, "var": 2988208553980.0, "min": 1524421.5, "dmean": 580087.875, "mean": 4549842, "max": 40584712, "dmean2": 797081.6875, "median": 4431911, "dvar": 562320244736}, "spectral_energyband_low": {"dvar2": 6.08755217399e-05, "var": 3.79748053092e-05, "min": 5.94768873903e-23, "dmean": 0.00285790371709, "mean": 0.00508614256978, "max": 0.0600472949445, "dmean2": 0.00459182076156, "median": 0.00323395454325, "dvar": 2.56179046119e-05}, "spectral_rolloff": {"dvar2": 1444021.375, "var": 1633358.125, "min": 129.19921875, "dmean": 408.609130859, "mean": 1029.94628906, "max": 18863.0859375, "dmean2": 669.815307617, "median": 581.396484375, "dvar": 672345.0625}, "barkbands": {"dvar2": [1.32341373416e-08, 2.89176823571e-05, 1.52360007633e-05, 6.97600917192e-05, 4.16858601966e-05, 4.98579220221e-06, 1.07458008642e-05, 9.23647621676e-06, 7.35296225685e-06, 8.54920108395e-06, 3.37115875482e-06, 6.21427534497e-06, 1.461568786e-06, 8.28336624181e-07, 1.53097829525e-07, 2.91363278393e-07, 2.56959395983e-07, 3.515038145e-07, 2.18187750534e-07, 2.90596382513e-08, 1.71735710097e-08, 8.53049719751e-09, 1.44849572337e-08, 6.93495039172e-09, 2.25171548074e-09, 1.32851243895e-10, 6.17543887215e-18], "var": [7.97915244988e-09, 1.19148189697e-05, 5.7749230109e-06, 3.03103461192e-05, 2.02775136131e-05, 5.79921743338e-06, 1.08403728518e-05, 1.139068263e-05, 6.21128810963e-06, 7.17840111975e-06, 2.39289624915e-06, 4.7124408411e-06, 1.72598322479e-06, 9.91447791421e-07, 1.98222096515e-07, 5.04997842654e-07, 4.69958195026e-07, 4.7763251132e-07, 2.95512307957e-07, 3.15961692365e-08, 2.02046059883e-08, 1.08386517539e-08, 1.56159600806e-08, 9.13943676295e-09, 3.07032865798e-09, 1.81822779055e-10, 1.47881126864e-18], "min": [1.38428775223e-23, 2.04425904073e-23, 1.74195492007e-23, 1.58902192736e-23, 1.16738878973e-23, 4.51680234204e-23, 2.18843394189e-23, 4.26835186212e-23, 4.47307546652e-23, 1.89083174778e-23, 1.73858411742e-23, 7.67242329886e-23, 5.68528078534e-23, 9.27051223569e-23, 1.13572935613e-22, 1.12469540088e-22, 8.51703458197e-23, 2.26782061199e-22, 2.66675678566e-22, 1.99833108551e-22, 3.87660688136e-22, 3.49835628146e-22, 5.90595496792e-22, 7.36507299276e-22, 1.01954513946e-21, 1.2620023591e-21, 2.16797656981e-21], "dmean": [2.91770393233e-05, 0.00129323429428, 0.00115211156663, 0.00294247409329, 0.00242935912684, 0.000896005600225, 0.00107209035195, 0.000768234138377, 0.000541562098078, 0.000412547378801, 0.000289793533739, 0.000393843482016, 0.000256351573626, 0.000175823020982, 0.000106699662865, 0.000107427003968, 0.000109915607027, 9.53542839852e-05, 0.000128803934786, 6.16130710114e-05, 4.22878583777e-05, 3.67675020243e-05, 4.0357652324e-05, 3.43506944773e-05, 1.85510689334e-05, 4.11033624914e-06, 8.01696542485e-10], "mean": [2.9535674912e-05, 0.00154311652295, 0.00175762351137, 0.00374350883067, 0.00404252950102, 0.00167592929211, 0.00159065565094, 0.00126092589926, 0.0008356369799, 0.000640447367914, 0.000427880615462, 0.000591146643274, 0.000422295939643, 0.00027560046874, 0.000175267297891, 0.000204344920348, 0.000212515427847, 0.000179292619578, 0.000238901615376, 0.000107853906229, 7.24046476535e-05, 6.07349356869e-05, 6.72302630846e-05, 5.64474248677e-05, 3.11581679853e-05, 6.7448891059e-06, 6.91135315645e-10], "max": [0.00110219116323, 0.0411258265376, 0.0346853919327, 0.0637158080935, 0.0431628599763, 0.0309588927776, 0.0419891700149, 0.0527925826609, 0.0528450235724, 0.0712420195341, 0.0365223959088, 0.0826604813337, 0.0203725546598, 0.0189411249012, 0.00801855698228, 0.0266202315688, 0.011647884734, 0.0197041574866, 0.0117429029197, 0.00256911758333, 0.00323949079029, 0.00131052406505, 0.00360359204933, 0.000912232790142, 0.000924382009543, 0.000245853618253, 1.72843463986e-08], "dmean2": [4.33731293015e-05, 0.00207977136597, 0.00199771299958, 0.00501639116555, 0.00401307083666, 0.00139783904888, 0.00164919497911, 0.00114698917605, 0.000833971775137, 0.000640522281174, 0.000443129451014, 0.000598894432187, 0.0003917402355, 0.000257126695942, 0.000160289971973, 0.000159524817718, 0.000159481511218, 0.000142699500429, 0.000185813332791, 8.84807523107e-05, 5.83758228458e-05, 4.83998846903e-05, 5.32213343831e-05, 4.52530111943e-05, 2.46495128522e-05, 5.70969586988e-06, 1.49164469665e-09], "median": [2.94321580441e-06, 0.00051326333778, 0.000926059903577, 0.00178598368075, 0.00274056266062, 0.000851010088809, 0.000382363796234, 0.000191984669073, 0.000156424706802, 8.57072736835e-05, 5.20467219758e-05, 9.0968409495e-05, 5.96339195909e-05, 4.44526376668e-05, 4.08206578868e-05, 4.80005146528e-05, 4.1187638999e-05, 3.60702470061e-05, 5.68437026232e-05, 4.24243407906e-05, 2.23468105105e-05, 1.87810255738e-05, 1.95914726646e-05, 1.54696426762e-05, 6.16373245066e-06, 8.4462351424e-07, 2.63055355276e-10], "dvar": [6.52192255757e-09, 1.17535055324e-05, 5.32724925506e-06, 2.6622779842e-05, 1.60102481459e-05, 2.36125356423e-06, 5.09998744747e-06, 4.52951690022e-06, 3.15897796099e-06, 3.48404864781e-06, 1.43935869801e-06, 2.71842895927e-06, 6.48677428217e-07, 4.05189496178e-07, 7.27777873522e-08, 1.34783803674e-07, 1.20606188148e-07, 1.46618475583e-07, 9.95299984652e-08, 1.38782159098e-08, 8.59204707382e-09, 4.53549819923e-09, 7.16721881844e-09, 3.73834607714e-09, 1.19543974719e-09, 6.94538038193e-11, 1.95390814033e-18]}, "melbands_skewness": {"dvar2": 1.49956858158, "var": 3.0828473568, "min": -1.56695199013, "dmean": 0.823175251484, "mean": 3.4481985569, "max": 11.0776224136, "dmean2": 1.27069938183, "median": 3.31149101257, "dvar": 0.670846641064}, "barkbands_skewness": {"dvar2": 0.737253904343, "var": 1.46772944927, "min": -2.67192173004, "dmean": 0.593988537788, "mean": 2.20086550713, "max": 7.95503854752, "dmean2": 0.904450893402, "median": 2.15774416924, "dvar": 0.329367816448}, "erbbands": {"dvar2": [0.0267196111381, 1.45983040333, 11.2732143402, 221.702026367, 1193.02429199, 308.374725342, 350.385162354, 422.737701416, 1949.40991211, 2754.859375, 4637.35107422, 3115.05761719, 9760.79785156, 3986.43212891, 5240.03710938, 12469.8173828, 2925.81494141, 2248.80493164, 725.800476074, 278.617797852, 853.634521484, 715.764099121, 827.121520996, 660.004394531, 374.155700684, 49.1709403992, 39.2162857056, 16.9571228027, 10.9309616089, 14.4007349014, 11.3922023773, 4.50141048431, 1.57611036301, 0.449881911278, 0.0852344110608, 0.00749570224434, 0.000201924558496, 8.48745074222e-08, 2.28233737465e-10, 3.27265631261e-10], "var": [0.00825203955173, 0.654725432396, 4.38046503067, 97.2848739624, 454.154327393, 177.175598145, 414.646179199, 465.551696777, 2148.43774414, 2866.11694336, 4942.38671875, 2989.22949219, 10354.7275391, 3245.4909668, 4664.03076172, 9181.59667969, 3695.875, 3016.56542969, 877.784912109, 376.435333252, 2024.5859375, 1204.26184082, 1328.48828125, 1048.60961914, 462.590301514, 55.5251235962, 43.1792869568, 21.9387321472, 13.1214380264, 15.5725574493, 13.0173740387, 5.63758420944, 1.92109525204, 0.574602007866, 0.115925915539, 0.0117917573079, 0.000213182633161, 9.89139294916e-08, 4.54283721751e-10, 5.38996403066e-10], "min": [1.96890114638e-22, 4.8814286704e-21, 1.71600169038e-20, 4.45635735571e-20, 4.11550853702e-20, 2.96295287623e-20, 1.81343904289e-19, 4.88580174165e-19, 3.06368570338e-19, 7.51925426483e-19, 9.62039486733e-19, 7.43377962418e-19, 1.11465978982e-18, 1.18502049651e-18, 1.8506327797e-18, 3.29508513704e-18, 3.55760910241e-18, 5.56367015318e-18, 6.56494705567e-18, 5.87620173607e-18, 5.94423279196e-18, 7.77994219943e-18, 1.22196066626e-17, 1.14079001178e-17, 1.22446412839e-17, 1.0941314004e-17, 1.39225746749e-17, 1.50505131951e-17, 1.56614836848e-17, 1.39551573192e-17, 1.77849473071e-17, 1.64882010762e-17, 1.31340018903e-17, 9.75543561784e-18, 8.3819874103e-18, 5.55344454645e-18, 2.01075757549e-18, 1.12192016085e-18, 2.93383463233e-19, 3.45976498383e-20], "dmean": [0.0328859910369, 0.309019953012, 0.998259305954, 5.51670312881, 10.9542284012, 6.91928482056, 7.16478538513, 7.30997657776, 13.7450733185, 15.990696907, 15.8854293823, 12.2222671509, 14.3239164352, 9.40214157104, 12.3303022385, 16.1414413452, 11.5025081635, 9.53557777405, 6.34826946259, 4.52714490891, 6.15979814529, 5.56225919724, 4.64063882828, 5.65466737747, 6.04807138443, 2.54527759552, 2.05027008057, 1.46097183228, 1.29692709446, 1.34961998463, 1.15471589565, 0.843522369862, 0.503830254078, 0.262762576342, 0.110628038645, 0.0331171452999, 0.00452897138894, 9.67779851635e-05, 7.85337761045e-06, 9.36532978812e-06], "mean": [0.0315618403256, 0.403695970774, 1.66574084759, 8.00920009613, 14.5562753677, 11.9710302353, 13.546339035, 13.2253274918, 21.2606239319, 24.6780281067, 26.5120258331, 19.9944458008, 22.6655235291, 15.9912471771, 19.9370441437, 25.4184055328, 20.3686561584, 15.9751291275, 10.9506750107, 8.59021282196, 12.8643465042, 11.2285070419, 9.37526798248, 11.4852285385, 11.2747411728, 4.70690107346, 3.46140742302, 2.48893523216, 2.11552381516, 2.20933198929, 1.8869805336, 1.37846314907, 0.81374591589, 0.431598395109, 0.185795411468, 0.0562061965466, 0.00706942705438, 0.000158392329467, 1.88499889191e-05, 2.4672885047e-05], "max": [0.969349622726, 9.80035495758, 28.6349430084, 105.557373047, 225.828216553, 156.243927002, 229.152801514, 310.962860107, 754.693237305, 777.129211426, 1189.40637207, 800.924072266, 2861.52075195, 1717.05651855, 1540.17089844, 4118.56054688, 1163.66943359, 982.181762695, 605.159362793, 436.755645752, 1499.39453125, 812.298217773, 1040.26696777, 700.352661133, 364.450012207, 100.277938843, 135.093002319, 83.498374939, 46.2986526489, 73.0296630859, 101.737594604, 27.5156269073, 14.840968132, 11.303232193, 5.90341758728, 1.87088644505, 0.241313502192, 0.00514161353931, 0.000228997058002, 0.000164574477822], "dmean2": [0.0556295514107, 0.495025902987, 1.70903789997, 9.43831729889, 18.4152870178, 11.3339614868, 11.2551412582, 11.3498687744, 20.8845729828, 24.0339794159, 23.6465854645, 18.6564216614, 22.1439361572, 13.9427394867, 18.1300487518, 24.0728855133, 17.208108902, 13.6014795303, 9.27439975739, 6.67240524292, 8.99291706085, 8.09358882904, 6.67816972733, 8.23190307617, 8.60681056976, 3.59620332718, 2.89758062363, 1.99298393726, 1.73449242115, 1.84200024605, 1.52694547176, 1.12816548347, 0.677453160286, 0.35647597909, 0.148911088705, 0.0450304672122, 0.00653943419456, 0.000135893686092, 1.01108325907e-05, 1.331344356e-05], "median": [0.00793485529721, 0.163259103894, 1.02773654461, 4.54462337494, 7.68829488754, 8.32352161407, 7.09033298492, 5.930352211, 5.6847205162, 5.11943483353, 4.50920200348, 3.89537930489, 3.0556166172, 2.3947095871, 3.00519108772, 3.94609260559, 3.00568842888, 2.66157531738, 2.14632916451, 2.35651564598, 2.96324086189, 2.36337041855, 1.99742889404, 2.38002443314, 3.40170812607, 1.99050223827, 1.10046231747, 0.776522994041, 0.649400532246, 0.673661351204, 0.539860129356, 0.379472523928, 0.219009742141, 0.0939411520958, 0.0336786992848, 0.00809938460588, 0.000784694682807, 2.28419758059e-05, 1.14753402158e-05, 1.72794389073e-05], "dvar": [0.0101406387985, 0.60403162241, 3.99385499954, 81.1608734131, 462.567901611, 118.896240234, 153.822296143, 200.995040894, 956.445495605, 1301.68688965, 2117.44165039, 1386.71777344, 4392.24804688, 1646.71337891, 2393.91870117, 5417.24365234, 1305.81018066, 1149.65759277, 331.80380249, 124.878356934, 407.991668701, 317.707244873, 358.944396973, 281.326538086, 185.020721436, 23.7596263885, 19.015039444, 9.00339031219, 5.68159675598, 6.98524188995, 5.95544242859, 2.37912392616, 0.824417352676, 0.237121239305, 0.0443227216601, 0.00416660681367, 9.60550605669e-05, 4.17556620391e-08, 1.36886321722e-10, 1.65510452566e-10]}, "silence_rate_30dB": {"dvar2": 0.00211362587288, "var": 0.00105664564762, "min": 0, "dmean": 0.000793440907728, "mean": 0.998942196369, "max": 1, "dmean2": 0.00158709171228, "median": 1, "dvar": 0.000792802602518}, "melbands_spread": {"dvar2": 174.512039185, "var": 222.991256714, "min": 0.959621369839, "dmean": 5.53201723099, "mean": 15.8943424225, "max": 180.259460449, "dmean2": 8.47568798065, "median": 11.9769239426, "dvar": 84.4301834106}, "melbands_crest": {"dvar2": 22.1169910431, "var": 20.4657115936, "min": 2.02628540993, "dmean": 3.28867864609, "mean": 13.9192657471, "max": 29.5952148438, "dmean2": 5.47424936295, "median": 13.5772275925, "dvar": 8.34812545776}, "zerocrossingrate": {"dvar2": 0.000200110254809, "var": 0.00115042296238, "min": 0.0048828125, "dmean": 0.0101666720584, "mean": 0.0492945201695, "max": 0.50927734375, "dmean2": 0.0114625012502, "median": 0.0419921875, "dvar": 0.000152147767949}, "barkbands_kurtosis": {"dvar2": 63.1781425476, "var": 90.1169815063, "min": -1.85871505737, "dmean": 4.12707185745, "mean": 8.22287368774, "max": 102.365013123, "dmean2": 6.3505616188, "median": 5.19003725052, "dvar": 27.791765213}, "spectral_flux": {"dvar2": 0.00173088395968, "var": 0.00248726177961, "min": 6.69258815034e-11, "dmean": 0.0250539332628, "mean": 0.0723348557949, "max": 0.279265880585, "dmean2": 0.0386333204806, "median": 0.0593636408448, "dvar": 0.000834432430565}, "barkbands_crest": {"dvar2": 10.4504537582, "var": 9.76957988739, "min": 2.33593511581, "dmean": 2.31850719452, "mean": 9.62786197662, "max": 21.8711013794, "dmean2": 3.82300662994, "median": 9.35522651672, "dvar": 3.97955369949}, "barkbands_flatness_db": {"dvar2": 0.00106276141014, "var": 0.00267054163851, "min": 0.0344982072711, "dmean": 0.0235342811793, "mean": 0.168189048767, "max": 0.357530862093, "dmean2": 0.0350736342371, "median": 0.16419801116, "dvar": 0.000505329633597}, "spectral_entropy": {"dvar2": 0.0841164514422, "var": 0.244283273816, "min": 5.61363077164, "dmean": 0.199035182595, "mean": 7.4268913269, "max": 9.81778621674, "dmean2": 0.279379010201, "median": 7.44905185699, "dvar": 0.043146353215}, "pitch_salience": {"dvar2": 0.0108513329178, "var": 0.00751378852874, "min": 0.277068704367, "dmean": 0.0696137025952, "mean": 0.644251585007, "max": 0.887190759182, "dmean2": 0.115906506777, "median": 0.653779029846, "dvar": 0.00404028454795}, "erbbands_spread": {"dvar2": 198.643859863, "var": 537.429992676, "min": 5.55076408386, "dmean": 9.231757164, "mean": 46.2662734985, "max": 133.925247192, "dmean2": 13.4880666733, "median": 41.8062591553, "dvar": 98.7278060913}, "dynamic_complexity": 4.51886987686, "spectral_contrast_valleys": {"dvar2": [0.343995064497, 0.281102269888, 0.225603997707, 0.184495940804, 0.170187160373, 0.376209199429], "var": [1.21261680126, 1.23628306389, 1.2024731636, 1.16538965702, 1.13564574718, 1.5237095356], "min": [-27.26811409, -27.9173278809, -27.6440925598, -27.5333175659, -27.3187046051, -27.2427577972], "dmean": [0.430216163397, 0.403156071901, 0.354993164539, 0.32098031044, 0.311123907566, 0.421754568815], "mean": [-7.53169107437, -6.88978433609, -7.65175628662, -8.10012340546, -8.04663181305, -10.5589199066], "max": [-5.34317159653, -4.7538895607, -4.81772899628, -5.81636667252, -6.15932941437, -8.22828769684], "dmean2": [0.679414868355, 0.627990186214, 0.544447004795, 0.459509760141, 0.398502528667, 0.481724351645], "median": [-7.36922121048, -6.78418254852, -7.59797286987, -8.03844928741, -7.94055843353, -10.3933963776], "dvar": [0.173382252455, 0.143330171704, 0.124632798135, 0.11267837137, 0.11177585274, 0.232574209571]}, "hfc": {"dvar2": 63.267375946, "var": 239.334121704, "min": 1.13513810172e-16, "dmean": 4.20511484146, "mean": 12.1658277512, "max": 159.262451172, "dmean2": 5.32768440247, "median": 6.55460214615, "dvar": 38.5211334229}, "spectral_kurtosis": {"dvar2": 22.1904449463, "var": 16.6183795929, "min": -1.22430241108, "dmean": 2.11624503136, "mean": 4.71083831787, "max": 39.9070625305, "dmean2": 3.47419118881, "median": 3.52845597267, "dvar": 8.07038021088}, "mfcc": {"mean": [-686.959960938, 129.895935059, 13.5131063461, 26.8201274872, 4.11666440964, 1.99138152599, -2.61822414398, 0.464602798223, -11.3351755142, -0.316524147987, -6.09953022003, -3.73270177841, -2.94561862946], "cov": [[8025.98974609, -185.509796143, -250.175552368, -203.396972656, -175.642776489, -269.381103516, -122.451660156, -7.89679527283, -129.170913696, 79.576499939, 50.3023033142, 31.8458175659, 61.6654090881], [-185.509796143, 1685.43945313, -382.543579102, -33.2749519348, 15.9869937897, -105.880218506, -29.8050098419, 114.2084198, -95.8422775269, 5.55077981949, 6.03403139114, 1.3634865284, 67.967590332], [-250.175552368, -382.543579102, 629.069396973, 180.843734741, 18.5443592072, 160.334609985, 68.0421295166, -54.9564437866, 87.3544692993, -17.2530078888, -54.769657135, -6.01949453354, -23.828792572], [-203.396972656, -33.2749519348, 180.843734741, 286.161468506, 91.3381195068, 102.002250671, 8.87029838562, -38.690788269, 5.86974859238, 20.8983078003, -27.5226535797, -16.0014686584, 2.47238898277], [-175.642776489, 15.9869937897, 18.5443592072, 91.3381195068, 197.290863037, 66.3707275391, -20.7542591095, -44.6348609924, 0.23831102252, 7.14432001114, 8.1033706665, -10.5713615417, -14.6432676315], [-269.381103516, -105.880218506, 160.334609985, 102.002250671, 66.3707275391, 173.64630127, 40.0916862488, -40.7044372559, 27.6329364777, 8.06578063965, -14.1357603073, -3.29995441437, -24.3824253082], [-122.451660156, -29.8050098419, 68.0421295166, 8.87029838562, -20.7542591095, 40.0916862488, 101.679977417, 42.9760818481, 19.9679393768, -3.6397588253, 3.44920635223, 13.9949617386, -0.747060000896], [-7.89679527283, 114.2084198, -54.9564437866, -38.690788269, -44.6348609924, -40.7044372559, 42.9760818481, 130.590957642, 26.4386730194, -19.3103199005, 3.11847662926, 11.4801063538, -5.17514133453], [-129.170913696, -95.8422775269, 87.3544692993, 5.86974859238, 0.23831102252, 27.6329364777, 19.9679393768, 26.4386730194, 90.8881607056, 6.55689668655, -10.1878900528, -7.24863195419, -25.4539661407], [79.576499939, 5.55077981949, -17.2530078888, 20.8983078003, 7.14432001114, 8.06578063965, -3.6397588253, -19.3103199005, 6.55689668655, 81.9222183228, 24.2770824432, -13.1801939011, 3.42242336273], [50.3023033142, 6.03403139114, -54.769657135, -27.5226535797, 8.1033706665, -14.1357603073, 3.44920635223, 3.11847662926, -10.1878900528, 24.2770824432, 71.6030426025, 27.5165138245, -1.19273757935], [31.8458175659, 1.3634865284, -6.01949453354, -16.0014686584, -10.5713615417, -3.29995441437, 13.9949617386, 11.4801063538, -7.24863195419, -13.1801939011, 27.5165138245, 70.9390487671, 24.7361755371], [61.6654090881, 67.967590332, -23.828792572, 2.47238898277, -14.6432676315, -24.3824253082, -0.747060000896, -5.17514133453, -25.4539661407, 3.42242336273, -1.19273757935, 24.7361755371, 80.6045913696]], "icov": [[0.000140203992487, 4.00670760428e-05, -3.1480594771e-05, 5.5650696595e-05, 4.45846308139e-05, 0.000150440842845, 0.000139233336085, -8.44555543154e-05, 0.000240734923864, -0.000255717925029, 8.31791039673e-05, -0.000116593153507, 2.1305269911e-05], [4.00670760428e-05, 0.000808777753264, 0.000325620087096, -8.01276255515e-05, -0.000238287917455, -7.09621745045e-05, 0.000295502570225, -0.00103991269134, 0.000790737394709, -0.000334157404723, 0.000340745638823, 0.000110802691779, -0.0005077632959], [-3.1480594771e-05, 0.000325620087096, 0.00332803535275, -0.00169364234898, 0.000927048793528, -0.00104497617576, -0.00162937596906, 0.00191646709573, -0.00274237594567, 0.00149410800077, 0.000775643682573, -0.000262359972112, -9.18820733204e-05], [5.5650696595e-05, -8.01276255515e-05, -0.00169364234898, 0.00612091552466, -0.002281247871, -0.00182837515604, 0.000873202108778, -0.00138327013701, 0.00217500142753, -0.00261773797683, 0.00209090835415, 8.14619925222e-05, -0.000907734152861], [4.45846308139e-05, -0.000238287917455, 0.000927048793528, -0.002281247871, 0.00767727661878, -0.00256683188491, 0.00167074927595, 0.00174636440352, -0.00135202636011, 0.00203765626065, -0.00308664701879, 0.00129404570907, 0.000300458312267], [0.000150440842845, -7.09621745045e-05, -0.00104497617576, -0.00182837515604, -0.00256683188491, 0.0121673336253, -0.00558952847496, 0.00420880038291, -0.00124493404292, -0.00132841360755, 0.00249518686906, -0.00256333081052, 0.00361139210872], [0.000139233336085, 0.000295502570225, -0.00162937596906, 0.000873202108778, 0.00167074927595, -0.00558952847496, 0.0167397428304, -0.00778437126428, 0.0015578630846, -0.000948495755438, -0.00204153591767, -0.0006250567385, -0.00190224463586], [-8.44555543154e-05, -0.00103991269134, 0.00191646709573, -0.00138327013701, 0.00174636440352, 0.00420880038291, -0.00778437126428, 0.0156409591436, -0.00697543192655, 0.00414996687323, -0.000550245575141, -0.00106054742355, 0.00201129587367], [0.000240734923864, 0.000790737394709, -0.00274237594567, 0.00217500142753, -0.00135202636011, -0.00124493404292, 0.0015578630846, -0.00697543192655, 0.0185217801481, -0.00569705478847, 0.00373737560585, -0.00122199719772, 0.00373717676848], [-0.000255717925029, -0.000334157404723, 0.00149410800077, -0.00261773797683, 0.00203765626065, -0.00132841360755, -0.000948495755438, 0.00414996687323, -0.00569705478847, 0.0194995105267, -0.0108802039176, 0.00808620266616, -0.0040441295132], [8.31791039673e-05, 0.000340745638823, 0.000775643682573, 0.00209090835415, -0.00308664701879, 0.00249518686906, -0.00204153591767, -0.000550245575141, 0.00373737560585, -0.0108802039176, 0.0255508236587, -0.0129872029647, 0.00595981441438], [-0.000116593153507, 0.000110802691779, -0.000262359972112, 8.14619925222e-05, 0.00129404570907, -0.00256333081052, -0.0006250567385, -0.00106054742355, -0.00122199719772, 0.00808620266616, -0.0129872029647, 0.0240668021142, -0.00900557916611], [2.1305269911e-05, -0.0005077632959, -9.18820733204e-05, -0.000907734152861, 0.000300458312267, 0.00361139210872, -0.00190224463586, 0.00201129587367, 0.00373717676848, -0.0040441295132, 0.00595981441438, -0.00900557916611, 0.0182810071856]]}, "silence_rate_20dB": {"dvar2": 0, "var": 0, "min": 1, "dmean": 0, "mean": 1, "max": 1, "dmean2": 0, "median": 1, "dvar": 0}, "melbands_kurtosis": {"dvar2": 356.358520508, "var": 489.884521484, "min": -1.68059945107, "dmean": 9.87273311615, "mean": 22.8009738922, "max": 192.394958496, "dmean2": 15.3962783813, "median": 16.4194374084, "dvar": 153.77230835}, "barkbands_spread": {"dvar2": 99.5263442993, "var": 178.490081787, "min": 1.011064291, "dmean": 5.26735019684, "mean": 16.9971199036, "max": 121.10118103, "dmean2": 7.9071097374, "median": 13.4708557129, "dvar": 47.5138168335}, "erbbands_skewness": {"dvar2": 0.231533080339, "var": 0.608947455883, "min": -2.76676297188, "dmean": 0.353792577982, "mean": 0.619329690933, "max": 4.48357057571, "dmean2": 0.526202619076, "median": 0.614571511745, "dvar": 0.113658711314}, "average_loudness": 0.601400315762, "spectral_centroid": {"dvar2": 194085.859375, "var": 404885.75, "min": 190.023391724, "dmean": 243.413299561, "mean": 991.041687012, "max": 11204.3710938, "dmean2": 362.329711914, "median": 848.813293457, "dvar": 100091.851563}, "dissonance": {"dvar2": 0.000817183521576, "var": 0.000873007578775, "min": 0.277953386307, "dmean": 0.0179812982678, "mean": 0.459856778383, "max": 0.500000119209, "dmean2": 0.0297863129526, "median": 0.467398911715, "dvar": 0.000312533753458}, "erbbands_flatness_db": {"dvar2": 0.000652638787869, "var": 0.00236879847944, "min": 0.0483995862305, "dmean": 0.0182433594018, "mean": 0.161876484752, "max": 0.339426219463, "dmean2": 0.0250573791564, "median": 0.156874880195, "dvar": 0.00036300192005}, "spectral_strongpeak": {"dvar2": 0.898110628128, "var": 0.739473938942, "min": 0, "dmean": 0.345443248749, "mean": 0.677945375443, "max": 13.9139156342, "dmean2": 0.568143546581, "median": 0.414400875568, "dvar": 0.365418583155}, "spectral_rms": {"dvar2": 1.81409052402e-06, "var": 4.17946512243e-06, "min": 3.22915153818e-12, "dmean": 0.000822124071419, "mean": 0.00394669594243, "max": 0.0115838060156, "dmean2": 0.00116785080172, "median": 0.00370635394938, "dvar": 9.56430767474e-07}, "silence_rate_60dB": {"dvar2": 0.0991252586246, "var": 0.105838656425, "min": 0, "dmean": 0.0476064532995, "mean": 0.120322622359, "max": 1, "dmean2": 0.0952254980803, "median": 0, "dvar": 0.0453399382532}, "melbands": {"dvar2": [2.33056425714e-06, 2.06595723284e-06, 1.02912972579e-05, 3.05474623019e-06, 3.32389817004e-07, 1.95135299919e-07, 4.16406066961e-07, 3.2721993648e-07, 2.59577689121e-07, 1.45214841041e-07, 2.42087907054e-07, 7.60176490644e-08, 5.30107584495e-08, 9.22610894349e-08, 2.70550781778e-08, 1.38954368012e-08, 1.0205745582e-08, 2.72706612847e-09, 6.74729883077e-10, 1.27157451235e-09, 1.60461621768e-09, 1.03024710985e-09, 4.39080827253e-10, 1.19618914773e-09, 5.28165788882e-10, 3.62018998112e-10, 9.76176084411e-11, 2.1459726357e-11, 2.19788787864e-11, 1.5529633135e-11, 5.43997616051e-12, 4.19890684722e-12, 4.02561534454e-12, 5.47808369847e-12, 4.46321972436e-12, 3.29209793107e-12, 1.65810713684e-12, 9.67795722034e-13, 5.69498929352e-13, 3.36355834678e-13], "var": [8.39044218992e-07, 1.01550369891e-06, 4.42175723947e-06, 1.35168511406e-06, 3.93467274762e-07, 2.30349442631e-07, 4.75202767802e-07, 3.73770319584e-07, 2.84146011609e-07, 1.29632397261e-07, 2.55836766883e-07, 5.67311779776e-08, 4.75078429929e-08, 6.83849989969e-08, 2.99458022823e-08, 1.45260647955e-08, 1.2487515022e-08, 2.72510258803e-09, 7.92642840253e-10, 1.51080314925e-09, 3.26791504968e-09, 1.50407497568e-09, 8.79238848395e-10, 1.51078105581e-09, 7.74552977312e-10, 4.0929731826e-10, 1.14576875765e-10, 1.86130694191e-11, 2.13930990978e-11, 1.26456085187e-11, 6.50133419322e-12, 4.31336520321e-12, 4.29522910295e-12, 4.98881318201e-12, 4.66423861339e-12, 3.2910839852e-12, 1.86084676314e-12, 1.0337547875e-12, 6.25437202029e-13, 3.75267010392e-13], "min": [4.70510880437e-24, 8.12700833979e-24, 8.94134156364e-24, 2.07518104715e-24, 5.84804203829e-24, 1.16551130077e-23, 5.09135166965e-24, 9.53839646179e-24, 7.11140751117e-24, 5.43327001838e-24, 5.11925328543e-24, 5.10051034476e-24, 3.81518811187e-24, 6.73257047207e-24, 8.85547089867e-24, 5.25556292783e-24, 9.77740396113e-24, 1.04961532757e-23, 8.25812254427e-24, 8.92541367311e-24, 5.82938784447e-24, 5.2316876581e-24, 1.24153082854e-23, 7.49786652433e-24, 8.13107255118e-24, 9.33766212698e-24, 6.1585858111e-24, 7.07438626889e-24, 8.42735292996e-24, 8.72454049878e-24, 9.00787961442e-24, 8.28323593119e-24, 5.9931904727e-24, 6.9642778526e-24, 9.77777472576e-24, 7.45064294396e-24, 9.04684776541e-24, 9.93776755025e-24, 7.69187739764e-24, 8.58928240798e-24], "dmean": [0.000336288620019, 0.000450731429737, 0.00114801502787, 0.000625001383014, 0.000236836232943, 0.000165395540535, 0.000209776771953, 0.000171403153217, 0.000123348989291, 7.72215425968e-05, 7.16525246389e-05, 3.9081012801e-05, 4.00019234803e-05, 4.71580533485e-05, 3.27306552208e-05, 2.36548166868e-05, 1.87340920093e-05, 1.10643304652e-05, 7.12897735866e-06, 6.69603196002e-06, 8.10286019259e-06, 6.61085186948e-06, 4.03745616495e-06, 5.05520574734e-06, 4.77487537864e-06, 5.2592999964e-06, 3.35599906975e-06, 1.47925277361e-06, 1.55680265834e-06, 9.65848926171e-07, 8.56076724176e-07, 7.67508538502e-07, 7.27715473658e-07, 7.70636006564e-07, 7.00479233728e-07, 6.19529259893e-07, 4.96966094943e-07, 3.73606638959e-07, 2.93487772751e-07, 2.12355828921e-07], "mean": [0.000366780906916, 0.000766313925851, 0.00162216264289, 0.000979543663561, 0.000469704566058, 0.000304881337797, 0.000326696434058, 0.000271276425337, 0.000203233081265, 0.000121150886116, 0.000111542176455, 6.30081194686e-05, 6.20879218332e-05, 7.02647666913e-05, 5.42958077858e-05, 3.85763087252e-05, 2.89058134513e-05, 1.77680030902e-05, 1.20662352856e-05, 1.21532339108e-05, 1.59220107889e-05, 1.25857513922e-05, 7.72075873101e-06, 9.45960255194e-06, 9.14004158403e-06, 9.27378096094e-06, 5.91351818002e-06, 2.45343153438e-06, 2.48163883043e-06, 1.52788300056e-06, 1.38638108638e-06, 1.19736500892e-06, 1.15878174256e-06, 1.22307562833e-06, 1.0919630995e-06, 9.88080500974e-07, 7.81363269198e-07, 5.82087807288e-07, 4.55846105751e-07, 3.37074226309e-07], "max": [0.0106052020565, 0.0129628051072, 0.0226740222424, 0.0115863112733, 0.00748056499287, 0.00645328313112, 0.00979333557189, 0.0077447053045, 0.0