{"tonal": {"thpcp": [1, 0.88220256567, 0.317160487175, 0.123044796288, 0.116306915879, 0.249840199947, 0.488884240389, 0.477412819862, 0.273586213589, 0.233326047659, 0.243283644319, 0.194060772657, 0.221610188484, 0.256865411997, 0.291720241308, 0.580439925194, 0.68043500185, 0.476125448942, 0.394088715315, 0.311215817928, 0.307468920946, 0.683893084526, 0.88909971714, 0.549087584019, 0.371782779694, 0.374455690384, 0.272643268108, 0.230817437172, 0.204631775618, 0.192132472992, 0.299892753363, 0.354778409004, 0.226307675242, 0.143654406071, 0.206081867218, 0.491632521152], "hpcp": {"dmean2": [0.277775526047, 0.237228915095, 0.223953217268, 0.300028502941, 0.351503103971, 0.269837647676, 0.248380750418, 0.265750527382, 0.204324066639, 0.148211285472, 0.124869659543, 0.120808161795, 0.143546625972, 0.158019334078, 0.126490652561, 0.109775193036, 0.159683465958, 0.245567247272, 0.370088487864, 0.350883066654, 0.205047830939, 0.115583233535, 0.106652952731, 0.185023903847, 0.276135891676, 0.237312987447, 0.154887393117, 0.141508936882, 0.144059538841, 0.135459378362, 0.145219936967, 0.160469129682, 0.177778512239, 0.241446346045, 0.276414215565, 0.251725077629], "median": [0.00575598562136, 0.00548599893227, 0.016017653048, 0.0621977075934, 0.0753079429269, 0.0461890399456, 0.0104933502153, 0.00823399145156, 0.00914103444666, 0.0101076969877, 0.0100209396333, 0.00959697179496, 0.0132106458768, 0.0124198552221, 0.00949681457132, 0.005973524414, 0.00782979931682, 0.0308922082186, 0.0966211855412, 0.0958900600672, 0.0288684852421, 0.00254033738747, 0.00268674688414, 0.0112300347537, 0.0263259336352, 0.0289298761636, 0.0165231879801, 0.0112669169903, 0.00943622179329, 0.0099126175046, 0.0119229163975, 0.012064550072, 0.0137718459591, 0.0149820391089, 0.0159318484366, 0.0147366821766], "min": [0, 0, 0, 0, 0, 0, 0, 0, 0, 0, 0, 0, 0, 0, 0, 0, 0, 0, 0, 0, 0, 0, 0, 0, 0, 0, 0, 0, 0, 0, 0, 0, 0, 0, 0, 0], "dvar2": [0.194715037942, 0.147883847356, 0.126272365451, 0.134373411536, 0.172569707036, 0.133637547493, 0.164584100246, 0.191656410694, 0.144171714783, 0.0881643667817, 0.0666671171784, 0.0625182390213, 0.0733788907528, 0.0849701985717, 0.0645638033748, 0.0566880106926, 0.0881835594773, 0.121829070151, 0.194449096918, 0.17285233736, 0.106019549072, 0.0710031911731, 0.0646166801453, 0.0970020890236, 0.166427403688, 0.114288978279, 0.0740518644452, 0.0753719285131, 0.0804279446602, 0.0812220051885, 0.0865751430392, 0.0923306643963, 0.0974613651633, 0.14240218699, 0.168456733227, 0.144601672888], "dvar": [0.0781451612711, 0.0562737025321, 0.0456670708954, 0.0550360754132, 0.074158616364, 0.0517614707351, 0.0626711770892, 0.0728516206145, 0.0513772293925, 0.0314322151244, 0.0242408085614, 0.0226842071861, 0.0295823533088, 0.0345063693821, 0.0237678084522, 0.0199691392481, 0.0316512472928, 0.0464427992702, 0.0847559645772, 0.0692887604237, 0.0370338596404, 0.0245811901987, 0.0223792549223, 0.0347281210124, 0.0635563582182, 0.0455696880817, 0.0278265066445, 0.0278772432357, 0.0300317257643, 0.0289590284228, 0.0314929783344, 0.0342514663935, 0.035396464169, 0.0580172166228, 0.0711483433843, 0.054261803627], "dmean": [0.152600690722, 0.129546552896, 0.121059559286, 0.172541022301, 0.199737221003, 0.153708294034, 0.136945769191, 0.14307320118, 0.109115801752, 0.0806500613689, 0.0686607062817, 0.0670109763741, 0.0815602838993, 0.0897402241826, 0.0703936293721, 0.0590352527797, 0.0862968936563, 0.141506060958, 0.213468626142, 0.204728022218, 0.11144067347, 0.0600674599409, 0.0556240081787, 0.0991198122501, 0.153935045004, 0.135177567601, 0.087012656033, 0.0775715708733, 0.0790272578597, 0.0732758045197, 0.0793495997787, 0.0878845974803, 0.0977822244167, 0.13770724833, 0.157124981284, 0.141065314412], "max": [1, 1, 1, 1, 1, 1, 1, 1, 1, 1, 1, 1, 1, 1, 1, 1, 1, 1, 1, 1, 1, 1, 1, 1, 1, 1, 1, 1, 1, 1, 1, 1, 1, 1, 1, 1], "var": [0.0681085661054, 0.0427563041449, 0.0343212746084, 0.0681558400393, 0.113019429147, 0.0535860992968, 0.0548744723201, 0.0621443241835, 0.0365887209773, 0.0284823011607, 0.0223764292896, 0.01892564632, 0.0364113673568, 0.0524067878723, 0.0221781786531, 0.0128540443256, 0.0219972673804, 0.0524643734097, 0.132884681225, 0.0993574336171, 0.0273912884295, 0.0140864923596, 0.0128769585863, 0.0252917986363, 0.0645863413811, 0.0566543489695, 0.0276772119105, 0.0244958233088, 0.0295519605279, 0.0198208820075, 0.023218953982, 0.0305243730545, 0.0303753819317, 0.0882435366511, 0.111886844039, 0.0586937665939], "mean": [0.113714061677, 0.089801132679, 0.088719971478, 0.197336941957, 0.256549179554, 0.158438891172, 0.107277698815, 0.108048960567, 0.0786710530519, 0.066602230072, 0.0590463764966, 0.0554397106171, 0.0865338742733, 0.102371096611, 0.0653009414673, 0.0414513908327, 0.0594647973776, 0.141860261559, 0.288549393415, 0.254559010267, 0.0915164649487, 0.035504501313, 0.0335602909327, 0.0720912367105, 0.141067251563, 0.137757182121, 0.0789431333542, 0.0673260912299, 0.0701993480325, 0.0559961162508, 0.0639454871416, 0.074118360877, 0.0841756984591, 0.167485594749, 0.196339100599, 0.137385711074]}, "tuning_equal_tempered_deviation": 0.235068887472, "chords_changes_rate": 0.0731231197715, "key_key": "D#", "tuning_diatonic_strength": 0.646992504597, "key_scale": "major", "chords_number_rate": 0.00150150153786, "tuning_frequency": 434.193115234, "tuning_nontempered_energy_ratio": 0.919772028923, "chords_histogram": [17.4624633789, 0.165165171027, 12.4924926758, 0.810810804367, 1.20120120049, 0, 0, 0, 0, 0, 0, 0, 0.420420408249, 0, 0.0300300307572, 19.0690689087, 1.95195198059, 23.1081085205, 3.85885882378, 6.33633613586, 5.40540552139, 0.375375390053, 6.53153133392, 0.780780792236], "key_strength": 0.692906081676, "chords_key": "D#", "chords_strength": {"dmean2": 0.0132987173274, "median": 0.493892818689, "min": -1, "dvar2": 0.0013148029102, "dvar": 0.000662086938974, "dmean": 0.0113441618159, "max": 0.76452255249, "var": 0.0161838140339, "mean": 0.491521656513}, "chords_scale": "minor", "hpcp_entropy": {"dmean2": 1.19845592976, "median": 1.93065428734, "min": 0, "dvar2": 1.037068367, "dvar": 0.389701783657, "dmean": 0.709353506565, "max": 4.54875469208, "var": 0.638221442699, "mean": 1.97720992565}}, "metadata": {"audio_properties": {"equal_loudness": 0, "codec": "mp3", "downmix": "mix", "sample_rate": 44100, "analysis_sample_rate": 44100, "bit_rate": 160014, "md5_encoded": "d10f237c4a39aeeb7f599211cb2fe19d", "length": 309.211425781, "replay_gain": -13.5316257477, "lossless": false}, "version": {"essentia_build_sha": "70f2e5ece6736b2c40cc944ad0e695b16b925413", "essentia": "2.1-beta2", "extractor": "music 1.0", "essentia_git_sha": "v2.1_beta2"}, "tags": {"title": ["Overpowered"], "barcode": ["5099950709021"], "media": ["CD"], "albumartist": ["R\u00f3is\u00edn Murphy"], "musicbrainz_recordingid": ["086f3f33-ba57-4983-a982-1e5c5fd1af0d"], "encoding": ["Lavf56.36.100"], "musicbrainz_albumartistid": ["4c56405d-ba8e-4283-99c3-1dc95bdd50e7"], "originalyear": ["2007"], "discnumber": ["1/1"], "album": ["Overpowered"], "catalognumber": ["507 0902"], "musicbrainz album release country": ["GB"], "musicbrainz album type": ["album"], "musicbrainz album status": ["official"], "isrc": ["GBAYE0701772"], "originaldate": ["2007"], "date": ["2007"], "file_name": "R\u00f3is\u00edn Murphy - Overpowered.mp3", "musicbrainz_releasegroupid": ["e6ae4ffa-d39d-340b-acc7-2b46048cf742"], "musicbrainz_artistid": ["4c56405d-ba8e-4283-99c3-1dc95bdd50e7"], "asin": ["B000W03O8I"], "musicbrainz_albumid": ["724536a0-a8f5-4046-84be-3130f6662dde"], "artist": ["R\u00f3is\u00edn Murphy"], "artistsort": ["Murphy, R\u00f3is\u00edn"], "tracknumber": ["1/13"], "label": ["EMI"], "albumartistsort": ["Murphy, R\u00f3is\u00edn"], "script": ["Latn"]}}, "rhythm": {"bpm_histogram_first_peak_bpm": {"dmean2": 0, "median": 117, "min": 117, "dvar2": 0, "dvar": 0, "dmean": 0, "max": 117, "var": 0, "mean": 117}, "bpm": 117.045249939, "bpm_histogram_second_peak_spread": {"dmean2": 0, "median": 0.357142865658, "min": 0.357142865658, "dvar2": 0, "dvar": 0, "dmean": 0, "max": 0.357142865658, "var": 0, "mean": 0.357142865658}, "bpm_histogram_first_peak_weight": {"dmean2": 0, "median": 0.721581578255, "min": 0.721581578255, "dvar2": 0, "dvar": 0, "dmean": 0, "max": 0.721581578255, "var": 0, "mean": 0.721581578255}, "onset_rate": 4.7989897728, "beats_position": [0.522448956966, 1.05650794506, 1.5673469305, 2.06657600403, 2.57741498947, 3.08825397491, 3.59909296036, 4.1099319458, 4.62077093124, 5.14321994781, 5.66566896439, 6.17650794983, 6.68734693527, 7.19818592072, 7.70902490616, 8.2198638916, 8.73070240021, 9.24154186249, 9.72916126251, 10.2399997711, 10.7508392334, 11.261677742, 11.7725172043, 12.294965744, 12.8058052063, 13.328253746, 13.8390922546, 14.3499317169, 14.8607711792, 15.3716096878, 15.8824491501, 16.3932876587, 16.904127121, 17.4149665833, 17.9258041382, 18.4366436005, 18.9474830627, 19.4699325562, 19.9807701111, 20.5032196045, 21.0140590668, 21.5248966217, 22.035736084, 22.5465755463, 23.0574150085, 23.5682544708, 24.0790920258, 24.589931488, 25.1007709503, 25.6232185364, 26.1340579987, 26.6565074921, 27.1673469543, 27.6781845093, 28.1890239716, 28.6998634338, 29.2107028961, 29.7331504822, 30.2323799133, 30.7432193756, 31.2540588379, 31.776506424, 32.2873458862, 32.8097953796, 33.3206329346, 33.8314743042, 34.3423118591, 34.8531494141, 35.3639907837, 35.8748283386, 36.3856697083, 36.8965072632, 37.4073448181, 37.9297943115, 38.4406356812, 38.9630813599, 39.4739227295, 39.9847602844, 40.4956016541, 41.006439209, 41.5172767639, 42.0281181335, 42.5389556885, 43.0614051819, 43.5722427368, 44.0946922302, 44.6055335999, 45.1163711548, 45.6272087097, 46.1380500793, 46.6488876343, 47.1597251892, 47.6705665588, 48.1814041138, 48.6922454834, 49.2146911621, 49.7255325317, 50.2479820251, 50.7588195801, 51.269657135, 51.7804985046, 52.2913360596, 52.8021774292, 53.3246231079, 53.8238525391, 54.3463020325, 54.8455314636, 55.367980957, 55.8904304504, 56.4012680054, 56.912109375, 57.4229469299, 57.9337844849, 58.4446258545, 58.9554634094, 59.4663009644, 59.977142334, 60.4879798889, 60.9988212585, 61.5212669373, 62.0437164307, 62.5545578003, 63.0653953552, 63.5762329102, 64.0870742798, 64.5979156494, 65.1087493896, 65.6195907593, 66.1304321289, 66.6412658691, 67.1521072388, 67.6745529175, 68.1853942871, 68.7078475952, 69.2186813354, 69.7295227051, 70.2403640747, 70.7511978149, 71.2620391846, 71.7728805542, 72.2837142944, 72.8061676025, 73.3170089722, 73.8394546509, 74.3502960205, 74.8611297607, 75.3719711304, 75.8828125, 76.3936462402, 76.9044876099, 77.4153289795, 77.9261627197, 78.4370040894, 78.9594573975, 79.4702911377, 79.9927444458, 80.503578186, 81.0144195557, 81.5252609253, 82.0360946655, 82.5469360352, 83.0693893433, 83.5686187744, 84.0794525146, 84.5902938843, 85.112739563, 85.6235809326, 86.1460266113, 86.656867981, 87.1677093506, 87.6785507202, 88.1893844604, 88.7002258301, 89.2110671997, 89.7219009399, 90.2327423096, 90.7435836792, 91.2544174194, 91.7652587891, 92.2877044678, 92.7985458374, 93.3209991455, 93.8318328857, 94.3426742554, 94.853515625, 95.3643493652, 95.8751907349, 96.3860321045, 96.8968658447, 97.4193191528, 97.9417648315, 98.4526062012, 98.9634475708, 99.474281311, 99.9851226807, 100.49596405, 101.006797791, 101.51763916, 102.02848053, 102.53931427, 103.05015564, 103.572608948, 104.095054626, 104.605895996, 105.116729736, 105.627571106, 106.138412476, 106.649246216, 107.160087585, 107.670928955, 108.181770325, 108.692604065, 109.203445435, 109.725891113, 110.248344421, 110.759178162, 111.270019531, 111.780860901, 112.291702271, 112.814147949, 113.336593628, 113.859046936, 114.369888306, 114.880722046, 115.379951477, 115.890792847, 116.401634216, 116.912467957, 117.423309326, 117.934150696, 118.444984436, 118.955825806, 119.466667175, 119.977500916, 120.488342285, 120.999183655, 121.510017395, 122.032470703, 122.543312073, 123.065757751, 123.576599121, 124.087432861, 124.598274231, 125.109115601, 125.619949341, 126.142402649, 126.653244019, 127.175689697, 127.686531067, 128.197372437, 128.708206177, 129.219039917, 129.729888916, 130.240722656, 130.751556396, 131.262405396, 131.773239136, 132.284072876, 132.794921875, 133.317367554, 133.828201294, 134.350662231, 134.861495972, 135.372329712, 135.883178711, 136.394012451, 136.904846191, 137.41569519, 137.926528931, 138.437362671, 138.94821167, 139.470657349, 139.981491089, 140.503936768, 141.014785767, 141.525619507, 142.036453247, 142.547302246, 143.058135986, 143.568969727, 144.079818726, 144.602264404, 145.113098145, 145.623947144, 146.134780884, 146.657226562, 147.168075562, 147.678909302, 148.189743042, 148.700592041, 149.211425781, 149.722259521, 150.233108521, 150.755554199, 151.266387939, 151.788833618, 152.299682617, 152.810516357, 153.321365356, 153.832199097, 154.343032837, 154.853881836, 155.364715576, 155.887161255, 156.386398315, 156.897232056, 157.408065796, 157.930511475, 158.452972412, 158.963806152, 159.474639893, 159.985488892, 160.496322632, 161.007156372, 161.518005371, 162.028839111, 162.539672852, 163.062133789, 163.572967529, 164.095413208, 164.606262207, 165.117095947, 165.627929688, 166.138778687, 166.649612427, 167.160446167, 167.671295166, 168.182128906, 168.692962646, 169.215423584, 169.726257324, 170.248703003, 170.759536743, 171.270385742, 171.781219482, 172.292053223, 172.802902222, 173.313735962, 173.824569702, 174.335418701, 174.846252441, 175.36869812, 175.879547119, 176.401992798, 176.912826538, 177.423675537, 177.934509277, 178.445343018, 178.956192017, 179.467025757, 179.977859497, 180.488708496, 180.999542236, 181.521987915, 182.044433594, 182.555282593, 183.066116333, 183.576965332, 184.087799072, 184.598632812, 185.109481812, 185.620315552, 186.131149292, 186.641998291, 187.152832031, 187.67527771, 188.18611145, 188.708572388, 189.219406128, 189.730239868, 190.241088867, 190.751922607, 191.262756348, 191.773605347, 192.284439087, 192.806884766, 193.306121826, 193.828567505, 194.339401245, 194.861862183, 195.372695923, 195.883529663, 196.394378662, 196.905212402, 197.416046143, 197.926895142, 198.437728882, 198.948562622, 199.459411621, 199.9818573, 200.504302979, 201.015136719, 201.525985718, 202.036819458, 202.547653198, 203.058502197, 203.569335938, 204.080184937, 204.591018677, 205.101852417, 205.612701416, 206.123535156, 206.634368896, 207.156814575, 207.667663574, 208.190109253, 208.700942993, 209.211791992, 209.722625732, 210.233459473, 210.744308472, 211.26675415, 211.789199829, 212.300048828, 212.810882568, 213.321716309, 213.844161987, 214.355010986, 214.854232788, 215.365081787, 215.875915527, 216.386749268, 216.897598267, 217.420043945, 217.930877686, 218.453323364, 218.964172363, 219.475006104, 219.985839844, 220.496688843, 221.007522583, 221.518356323, 222.029205322, 222.551651001, 223.062484741, 223.584945679, 224.095779419, 224.606613159, 225.117462158, 225.628295898, 226.139129639, 226.649978638, 227.160812378, 227.671646118, 228.182495117, 228.704940796, 229.215774536, 229.738220215, 230.249069214, 230.759902954, 231.270736694, 231.781585693, 232.292419434, 232.803268433, 233.314102173, 233.824935913, 234.335784912, 234.858230591, 235.369064331, 235.89151001, 236.402359009, 236.913192749, 237.424026489, 237.934875488, 238.445709229, 238.956542969, 239.467391968, 239.978225708, 240.489059448, 241.011520386, 241.522354126, 242.044799805, 242.555648804, 243.066482544, 243.577316284, 244.088165283, 244.598999023, 245.109832764, 245.620681763, 246.131515503, 246.642349243, 247.164810181, 247.675643921, 248.1980896, 248.70892334, 249.219772339, 249.730606079, 250.241439819, 250.752288818, 251.263122559, 251.773956299, 252.296417236, 252.807250977, 253.329696655, 253.840545654, 254.351379395, 254.862213135, 255.373062134, 255.883895874, 256.394744873, 256.905578613, 257.416412354, 257.927246094, 258.438079834, 258.948944092, 259.471374512, 259.982208252, 260.504669189, 261.01550293, 261.52633667, 262.03717041, 262.548034668, 263.058868408, 263.569702148, 264.080535889, 264.602996826, 265.113830566, 265.636291504, 266.147125244, 266.657958984, 267.168792725, 267.679626465, 268.190460205, 268.701324463, 269.212158203, 269.722991943, 270.233825684, 270.744659424, 271.255493164, 271.777954102, 272.288787842, 272.811248779, 273.32208252, 273.83291626, 274.34375, 274.85458374, 275.365447998, 275.876281738, 276.387115479, 276.909576416, 277.432006836, 277.942840576, 278.453704834, 278.964538574, 279.475372314, 279.986206055, 280.497039795, 281.019500732, 281.55355835, 282.087615967, 282.540405273, 282.99319458, 283.445983887, 283.968444824, 284.490875244, 285.013336182, 285.500946045, 285.988555908, 286.476196289, 287.021850586, 287.5675354, 288.113189697, 288.670471191, 289.227752686, 289.773406982, 290.319091797, 290.864746094, 291.363983154, 291.863220215, 292.362457275, 292.873291016, 293.384124756, 293.894958496, 294.336151123, 294.777313232, 295.218505859, 295.659667969, 295.996368408, 296.344665527, 296.692962646, 297.041259766, 297.401184082, 297.737854004, 298.074554443, 298.411254883, 298.747924805, 299.084625244, 299.421295166, 299.769622803, 300.117919922, 300.466217041, 300.81451416, 301.162811279, 301.511108398, 301.929077148, 302.347015381, 302.776580811, 303.264221191, 303.763427734, 304.251068115, 304.750274658, 305.249511719, 305.748748779, 306.294403076, 306.840087891, 307.385742188, 307.977874756, 308.569976807], "beats_loudness": {"dmean2": 0.0741937384009, "median": 0.094573199749, "min": 0, "dvar2": 0.00242766784504, "dvar": 0.000714184250683, "dmean": 0.0378128401935, "max": 0.176696747541, "var": 0.00191205367446, "mean": 0.0917035266757}, "danceability": 1.55869472027, "bpm_histogram_second_peak_weight": {"dmean2": 0, "median": 0.0148270176724, "min": 0.0148270176724, "dvar2": 0, "dvar": 0, "dmean": 0, "max": 0.0148270176724, "var": 0, "mean": 0.0148270176724}, "beats_count": 608, "bpm_histogram_second_peak_bpm": {"dmean2": 0, "median": 110, "min": 110, "dvar2": 0, "dvar": 0, "dmean": 0, "max": 110, "var": 0, "mean": 110}, "bpm_histogram_first_peak_spread": {"dmean2": 0, "median": 0.215053737164, "min": 0.215053737164, "dvar2": 0, "dvar": 0, "dmean": 0, "max": 0.215053737164, "var": 0, "mean": 0.215053737164}, "beats_loudness_band_ratio": {"dmean2": [1.2590867281, 0.726186752319, 0.0613981187344, 0.0719871371984, 0.149056404829, 0.570501983166], "median": [0.311332553625, 0.148510992527, 0.0126247247681, 0.0132864899933, 0.020455705002, 0.0103741437197], "min": [0, 0, 0, 0, 0, 0], "dvar2": [0.229210853577, 0.0773981288075, 0.0152580728754, 0.0148353194818, 0.00492368079722, 0.059258993715], "dvar": [0.0588343404233, 0.0220935177058, 0.00568644655868, 0.00594627484679, 0.00145068950951, 0.0156471431255], "dmean": [0.631512641907, 0.366104096174, 0.0363898053765, 0.0397823043168, 0.0753445625305, 0.28516036272], "max": [0.992377579212, 0.987940609455, 0.887655198574, 0.717686116695, 0.30439478159, 0.556427538395], "var": [0.147327363491, 0.0509833581746, 0.0254022907466, 0.00827072095126, 0.00234549166635, 0.0282595194876], "mean": [0.521587491035, 0.229398757219, 0.0658859163523, 0.042099494487, 0.0455348491669, 0.147449374199]}}, "lowlevel": {"barkbands_spread": {"dmean2": 18.0313568115, "median": 13.4807271957, "min": 0.0309221111238, "dvar2": 647.575195312, "dvar": 296.006896973, "dmean": 11.1364870071, "max": 125.046913147, "var": 507.318634033, "mean": 21.5099563599}, "melbands_spread": {"dmean2": 24.4289169312, "median": 11.3545284271, "min": 0.181676790118, "dvar2": 2171.20703125, "dvar": 910.089599609, "dmean": 14.7762022018, "max": 291.060791016, "var": 1069.75854492, "mean": 22.481344223}, "hfc": {"dmean2": 32.8379058838, "median": 10.2457180023, "min": 1.06789619268e-16, "dvar2": 3382.84399414, "dvar": 1915.66625977, "dmean": 20.6466293335, "max": 334.297027588, "var": 3008.09887695, "mean": 29.9690341949}, "barkbands_kurtosis": {"dmean2": 24.1622409821, "median": 4.40136957169, "min": -1.95433413982, "dvar2": 14054.2099609, "dvar": 4985.65283203, "dmean": 14.3014564514, "max": 3079.86572266, "var": 4151.21582031, "mean": 17.2897472382}, "gfcc": {"mean": [-64.8084716797, 92.2521972656, -80.7292404175, 8.68010234833, -45.4856529236, 17.6852664948, -38.9704170227, 11.3097839355, -23.4694309235, 1.42975068092, -15.3153085709, 0.905284523964, -9.32077598572], "icov": [[8.3618600911e-05, -5.25222458236e-05, 0.00014655481209, -0.000153257700731, 9.70109540503e-05, -0.000289458112093, 0.000241419009399, -9.70519831753e-05, 6.92292596796e-05, 3.20221370202e-05, 9.77512027021e-05, -0.00015872559743, 0.000297146383673], [-5.25222458236e-05, 0.00063598138513, -0.000130295171402, 0.00034464430064, -0.000452139560366, 0.000667686515953, -0.000653420982417, 7.60802140576e-05, -3.32656600222e-05, 0.000393111578887, -0.000595917692408, 0.00154596380889, -0.00105468416587], [0.00014655481209, -0.000130295171402, 0.000994989299215, -0.000549600517843, 0.000504633993842, -0.000719588133506, 0.00037013515248, -0.000162874071975, -0.000253120728303, 0.000375293573597, -6.87087522238e-05, -0.000330467417371, 0.000699018302839], [-0.000153257700731, 0.00034464430064, -0.000549600517843, 0.00159034971148, -0.00112247944344, 0.000543023576029, -0.000488806108478, 4.81652423332e-05, 7.5248106441e-05, -0.000275567028439, 0.000955057272222, 0.000507699733134, -0.000293850520393], [9.70109540503e-05, -0.000452139560366, 0.000504633993842, -0.00112247944344, 0.00307786092162, -0.0012193141738, -0.000400387390982, 0.000306973670376, -0.000809271237813, 0.00072997942334, -0.000850015261676, 0.000424129102612, 0.000506657233927], [-0.000289458112093, 0.000667686515953, -0.000719588133506, 0.000543023576029, -0.0012193141738, 0.00479600625113, -0.00226204516366, -0.00120587053243, 0.00151492992882, -0.00203885836527, 7.57792076911e-05, 0.000789914280176, -0.000659966724925], [0.000241419009399, -0.000653420982417, 0.00037013515248, -0.000488806108478, -0.000400387390982, -0.00226204516366, 0.00608833087608, -0.000696447503287, -0.00219389749691, 0.00203698151745, -0.00182305043563, -0.000393664115109, 0.000565104419366], [-9.70519831753e-05, 7.60802140576e-05, -0.000162874071975, 4.81652423332e-05, 0.000306973670376, -0.00120587053243, -0.000696447503287, 0.00582327367738, -0.000910830160137, -0.00123943248764, 0.000828066084068, -0.000702256686054, -0.000843759858981], [6.92292596796e-05, -3.32656600222e-05, -0.000253120728303, 7.5248106441e-05, -0.000809271237813, 0.00151492992882, -0.00219389749691, -0.000910830160137, 0.00861521530896, -0.00401047244668, -0.000287575996481, -0.00025199551601, -0.000137217299198], [3.20221370202e-05, 0.000393111578887, 0.000375293573597, -0.000275567028439, 0.00072997942334, -0.00203885836527, 0.00203698151745, -0.00123943248764, -0.00401047244668, 0.0109149301425, -0.00449666939676, 0.00109671324026, 0.00083588733105], [9.77512027021e-05, -0.000595917692408, -6.87087522238e-05, 0.000955057272222, -0.000850015261676, 7.57792076911e-05, -0.00182305043563, 0.000828066084068, -0.000287575996481, -0.00449666939676, 0.0134066790342, -0.00499233603477, 0.000104722181277], [-0.00015872559743, 0.00154596380889, -0.000330467417371, 0.000507699733134, 0.000424129102612, 0.000789914280176, -0.000393664115109, -0.000702256686054, -0.00025199551601, 0.00109671324026, -0.00499233603477, 0.0162825249135, -0.00636013550684], [0.000297146383673, -0.00105468416587, 0.000699018302839, -0.000293850520393, 0.000506657233927, -0.000659966724925, 0.000565104419366, -0.000843759858981, -0.000137217299198, 0.00083588733105, 0.000104722181277, -0.00636013550684, 0.0138329556212]], "cov": [[33459.34375, -5584.89794922, -1607.72094727, 2861.6730957, -504.59387207, 1942.55151367, -1458.03674316, 758.50982666, -925.181030273, 340.543640137, -878.964416504, 34.5288047791, -792.761108398], [-5584.89794922, 5196.85253906, -260.63973999, -872.373352051, 736.083435059, -680.601623535, 729.56048584, -308.475708008, 272.985290527, -301.994659424, 300.831298828, -275.890686035, 294.617248535], [-1607.72094727, -260.63973999, 1571.15942383, 375.686126709, -41.0955886841, 139.438995361, 40.1364898682, 59.6685218811, 48.0891609192, 13.0594234467, -12.1986980438, 6.01717329025, -44.0467529297], [2861.6730957, -872.373352051, 375.686126709, 1414.28149414, 299.390075684, 289.406707764, -44.290851593, 94.3689193726, -46.3858413696, 30.3793888092, -160.249862671, -46.9478034973, -129.187530518], [-504.59387207, 736.083435059, -41.0955886841, 299.390075684, 697.404968262, 94.6667404175, 264.152008057, -12.2030992508, 106.399124146, -24.6671924591, 60.8372879028, -76.0200805664, 9.96806144714], [1942.55151367, -680.601623535, 139.438995361, 289.406707764, 94.6667404175, 542.267456055, 47.3905220032, 172.919403076, -20.9023132324, 113.83782196, -20.3941364288, 18.8165740967, -61.7832794189], [-1458.03674316, 729.56048584, 40.1364898682, -44.290851593, 264.152008057, 47.3905220032, 411.218933105, 20.1059093475, 135.707763672, -15.8324928284, 105.868881226, -23.9160251617, 51.4943771362], [758.50982666, -308.475708008, 59.6685218811, 94.3689193726, -12.2030992508, 172.919403076, 20.1059093475, 251.194473267, 28.6866817474, 73.7417221069, -3.89237523079, 29.2307415009, -8.32841491699], [-925.181030273, 272.985290527, 48.0891609192, -46.3858413696, 106.399124146, -20.9023132324, 135.707763672, 28.6866817474, 208.821563721, 60.8061752319, 71.3579025269, 1.93600726128, 27.3305282593], [340.543640137, -301.994659424, 13.0594234467, 30.3793888092, -24.6671924591, 113.83782196, -15.8324928284, 73.7417221069, 60.8061752319, 174.706817627, 42.1779060364, 24.3149547577, -17.9693984985], [-878.964416504, 300.831298828, -12.1986980438, -160.249862671, 60.8372879028, -20.3941364288, 105.868881226, -3.89237523079, 71.3579025269, 42.1779060364, 151.042984009, 30.5166378021, 42.3130378723], [34.5288047791, -275.890686035, 6.01717329025, -46.9478034973, -76.0200805664, 18.8165740967, -23.9160251617, 29.2307415009, 1.93600726128, 24.3149547577, 30.5166378021, 111.989471436, 33.1734848022], [-792.761108398, 294.617248535, -44.0467529297, -129.187530518, 9.96806144714, -61.7832794189, 51.4943771362, -8.32841491699, 27.3305282593, -17.9693984985, 42.3130378723, 33.1734848022, 121.629615784]]}, "spectral_energyband_middle_low": {"dmean2": 0.00957610551268, "median": 0.00524699687958, "min": 1.75579005729e-22, "dvar2": 0.000245614297455, "dvar": 0.000106777290057, "dmean": 0.00619540410116, "max": 0.0831047222018, "var": 0.000152024731506, "mean": 0.00978585146368}, "melbands_crest": {"dmean2": 7.1166305542, "median": 17.1103649139, "min": 1.00298368931, "dvar2": 46.4634742737, "dvar": 18.3058700562, "dmean": 4.37870979309, "max": 39.0859947205, "var": 42.9604873657, "mean": 17.4739551544}, "spectral_kurtosis": {"dmean2": 12.3434438705, "median": 4.34565973282, "min": -1.43239533901, "dvar2": 988.653808594, "dvar": 341.750396729, "dmean": 7.3787856102, "max": 596.533081055, "var": 3299.90307617, "mean": 20.6217288971}, "spectral_rms": {"dmean2": 0.00184031052049, "median": 0.00456591136754, "min": 3.06914628261e-12, "dvar2": 4.01886973123e-06, "dvar": 2.10255984712e-06, "dmean": 0.00124927039724, "max": 0.0142135350034, "var": 8.62763045006e-06, "mean": 0.00498662469909}, "zerocrossingrate": {"dmean2": 0.0332224480808, "median": 0.04345703125, "min": 0.00244140625, "dvar2": 0.00209437846206, "dvar": 0.00149197434075, "dmean": 0.0266590118408, "max": 0.52392578125, "var": 0.00614247331396, "mean": 0.0703000724316}, "silence_rate_60dB": {"dmean2": 0.0558726340532, "median": 0, "min": 0, "dvar2": 0.0742212086916, "dvar": 0.0271601453424, "dmean": 0.0279342196882, "max": 1, "var": 0.0994217395782, "mean": 0.111953750253}, "erbbands_kurtosis": {"dmean2": 3.52006268501, "median": 0.419870495796, "min": -1.87880682945, "dvar2": 65.4825973511, "dvar": 24.1678752899, "dmean": 2.1499915123, "max": 157.416351318, "var": 55.5404052734, "mean": 2.3279876709}, "erbbands": {"dmean2": [0.481647580862, 3.05224204063, 8.27764701843, 10.8542375565, 15.9539756775, 19.7764205933, 12.6281423569, 12.0009889603, 13.1156702042, 14.489654541, 10.9520311356, 17.3015518188, 14.4605569839, 31.3726902008, 27.9025688171, 14.1243209839, 18.6991004944, 17.2715053558, 18.6286487579, 21.4717216492, 20.6707630157, 13.526881218, 11.5995397568, 9.34342288971, 12.6388692856, 9.36100578308, 9.04483699799, 9.10094833374, 11.1370210648, 14.8307847977, 23.8678379059, 16.9624423981, 11.0286226273, 6.76279306412, 4.3775305748, 2.52440047264, 0.749738156796, 0.221191242337, 0.0199529379606, 0.00031618992216], "median": [0.0364342331886, 0.539432406425, 1.89801990986, 2.78535842896, 3.3368537426, 2.9403424263, 3.02577972412, 2.74255275726, 2.99316716194, 3.37362623215, 4.19633245468, 4.39135932922, 3.7724404335, 6.03482055664, 5.0852098465, 3.00746059418, 4.48396015167, 4.18412971497, 3.91634988785, 4.54504871368, 2.4171667099, 1.81837797165, 2.22078704834, 1.58803021908, 0.9259147048, 0.738833427429, 0.623696327209, 0.467347741127, 0.459202289581, 0.401911258698, 0.505696177483, 0.466836929321, 0.461856901646, 0.414117276669, 0.266754865646, 0.10288234055, 0.025470584631, 0.00443421071395, 0.000199147776584, 4.43099779659e-05], "min": [5.35158504937e-23, 5.16815519893e-22, 3.16859450015e-21, 3.55011499793e-21, 1.36892720667e-20, 2.21504169264e-20, 3.68680602869e-20, 6.93302916751e-20, 6.52713939575e-20, 1.5080372399e-19, 1.33555444329e-19, 2.13023306163e-19, 4.70485546567e-19, 7.59486115776e-19, 5.67814254078e-19, 1.12958212807e-18, 1.55822753509e-18, 1.57915334343e-18, 2.0918179668e-18, 2.85242150019e-18, 3.92403977401e-18, 5.60444974379e-18, 4.71308611956e-18, 5.99512880146e-18, 5.49660607143e-18, 6.60581598178e-18, 9.7754947477e-18, 8.62129489742e-18, 1.12236770692e-17, 1.01746962472e-17, 1.04163281119e-17, 1.03775589837e-17, 9.22197774182e-18, 8.03732192857e-18, 6.6355403035e-18, 4.52265094457e-18, 2.32561539706e-18, 8.96146072342e-19, 2.49883094644e-19, 2.71326808521e-20], "dvar2": [1.66010844707, 38.5491714478, 425.468811035, 685.040344238, 988.037902832, 2374.81835938, 634.956542969, 766.78326416, 873.006774902, 1760.66174316, 643.360839844, 3924.93481445, 3010.6574707, 8572.89941406, 6814.06884766, 1642.57177734, 2819.38232422, 1818.40795898, 2359.30541992, 3135.56713867, 2602.25952148, 950.869689941, 710.753662109, 411.7550354, 974.01574707, 636.277282715, 507.060150146, 581.344421387, 1133.22070312, 1199.42297363, 2582.8137207, 1104.57177734, 503.43069458, 183.562149048, 67.5618743896, 27.8767795563, 2.56597304344, 0.248786747456, 0.00236356910318, 4.86634235131e-07], "dvar": [0.621983587742, 17.1576900482, 163.998703003, 254.207550049, 425.05456543, 1073.0357666, 261.618377686, 279.243743896, 334.174926758, 773.458679199, 273.474517822, 1572.21374512, 1249.45825195, 3322.1472168, 2725.96630859, 656.169921875, 1089.7454834, 662.376159668, 930.555297852, 1223.82873535, 1162.98596191, 494.902282715, 336.834014893, 223.683227539, 468.000701904, 264.014068604, 276.454345703, 325.422515869, 619.213684082, 728.986633301, 1385.55639648, 576.128051758, 256.695404053, 103.475845337, 32.5514526367, 11.7818021774, 1.08043551445, 0.10094602406, 0.000905972148757, 1.9254575534e-07], "dmean": [0.295073419809, 1.94519019127, 4.84973621368, 6.34045219421, 9.85478878021, 12.971830368, 7.8542599678, 7.04154109955, 7.65299749374, 9.06914329529, 6.921667099, 11.0032672882, 9.25562858582, 19.261598587, 17.1188602448, 8.62053775787, 11.4079208374, 10.2758378983, 11.2324352264, 12.830871582, 13.416973114, 9.35123729706, 7.49892807007, 5.85858488083, 7.50864505768, 5.78005075455, 6.11274337769, 6.37144088745, 7.87817287445, 9.52981758118, 14.7568864822, 10.4298057556, 6.8525967598, 4.31008577347, 2.70546507835, 1.52026295662, 0.44836640358, 0.131355538964, 0.0116765471175, 0.000190684906556], "max": [6.99944496155, 39.0241241455, 121.06300354, 136.83883667, 207.694549561, 294.862457275, 312.241241455, 262.256561279, 577.846435547, 1012.80114746, 701.952697754, 1046.34692383, 1093.05517578, 1748.76220703, 1358.43554688, 877.867431641, 1518.82739258, 655.584838867, 850.494140625, 1009.87890625, 408.937438965, 247.785842896, 288.2578125, 172.707122803, 161.343612671, 121.526046753, 156.215316772, 188.189620972, 246.464279175, 240.45904541, 279.443389893, 187.828796387, 156.262863159, 155.957977295, 78.1753845215, 33.5823364258, 7.25100421906, 2.25912547112, 0.225809916854, 0.00313634378836], "var": [0.867348134518, 35.8682518005, 162.66444397, 206.660720825, 494.505157471, 1255.22241211, 353.039520264, 259.437835693, 474.225738525, 2123.82861328, 793.677490234, 2904.82446289, 1849.07104492, 5739.8046875, 6832.26269531, 1399.34619141, 3788.99023438, 1162.57250977, 2235.24609375, 1421.03015137, 1623.66015625, 699.18170166, 559.691345215, 368.412109375, 603.997009277, 263.611480713, 382.14630127, 440.644805908, 815.985351562, 1023.63848877, 1742.31188965, 748.594482422, 394.597839355, 212.445175171, 54.3845558167, 13.2345924377, 1.07903134823, 0.0867424532771, 0.000661014579237, 1.57890085006e-07], "mean": [0.366345733404, 3.14311146736, 6.14401245117, 6.98233318329, 11.3320322037, 14.5289878845, 9.46191883087, 7.93780326843, 9.50182342529, 13.9538173676, 11.2945613861, 17.926733017, 13.4772129059, 27.5155601501, 26.0755176544, 13.1713199615, 20.0296916962, 15.8086748123, 18.3493175507, 17.2531166077, 15.6159229279, 10.5099411011, 10.4711036682, 8.083984375, 8.58226203918, 5.6704916954, 6.59881782532, 6.40344381332, 8.09832000732, 9.71802520752, 13.9058275223, 10.4489355087, 7.96725988388, 5.91729927063, 3.43592357635, 1.54710960388, 0.433349430561, 0.116366356611, 0.00874864310026, 0.00018506165361]}, "spectral_strongpeak": {"dmean2": 0.816919147968, "median": 0.505026757717, "min": 0, "dvar2": 1.69012606144, "dvar": 0.664312005043, "dmean": 0.474823921919, "max": 20.9649505615, "var": 0.957129120827, "mean": 0.786942720413}, "spectral_energy": {"dmean2": 0.0238024778664, "median": 0.0213687345386, "min": 9.65515099334e-21, "dvar2": 0.00113269756548, "dvar": 0.000511816004291, "dmean": 0.0156526137143, "max": 0.207075193524, "var": 0.00135084125213, "mean": 0.0343315042555}, "average_loudness": 0.927682876587, "spectral_rolloff": {"dmean2": 2504.17041016, "median": 710.595703125, "min": 43.06640625, "dvar2": 18404912, "dvar": 8664916, "dmean": 1426.41125488, "max": 19444.4824219, "var": 12743983, "mean": 2125.37304688}, "spectral_centroid": {"dmean2": 696.122497559, "median": 768.107116699, "min": 64.8044128418, "dvar2": 1253665.5, "dvar": 535452.25, "dmean": 425.946990967, "max": 11760.5683594, "var": 1577251.75, "mean": 1107.77392578}, "pitch_salience": {"dmean2": 0.175047010183, "median": 0.482342362404, "min": 0.0202864781022, "dvar2": 0.0298238620162, "dvar": 0.0116724725813, "dmean": 0.106134988368, "max": 0.995923519135, "var": 0.0239619165659, "mean": 0.47915905714}, "spectral_energyband_middle_high": {"dmean2": 0.00269759423099, "median": 0.00148457009345, "min": 1.15000592098e-21, "dvar2": 2.27511991397e-05, "dvar": 9.60344914347e-06, "dmean": 0.00169294490479, "max": 0.0655165836215, "var": 3.09905626636e-05, "mean": 0.00357456249185}, "spectral_contrast_coeffs": {"dmean2": [0.112026929855, 0.087694786489, 0.0747785046697, 0.0578231178224, 0.0417425371706, 0.0363476313651], "median": [-0.643813848495, -0.753557264805, -0.760297179222, -0.779230475426, -0.813786745071, -0.822264492512], "min": [-0.995217144489, -0.993445396423, -0.993454813957, -0.990764021873, -0.988716542721, -0.965756237507], "dvar2": [0.0102566070855, 0.00551002379507, 0.00410627853125, 0.00258530373685, 0.00134460348636, 0.0012129280949], "dvar": [0.00489783706143, 0.00215974240564, 0.00185893464368, 0.00109334266745, 0.00059263483854, 0.000519356573932], "dmean": [0.0728871151805, 0.0539874769747, 0.0487306267023, 0.0360837504268, 0.02617270872, 0.0229995939881], "max": [-0.250186741352, -0.382847189903, -0.474404215813, -0.544788062572, -0.597552478313, -0.625438988209], "var": [0.0138382222503, 0.00693253427744, 0.00749776838347, 0.00457677152008, 0.00244704587385, 0.0019609357696], "mean": [-0.623730361462, -0.746166050434, -0.753807842731, -0.778492629528, -0.813641667366, -0.819940090179]}, "melbands_skewness": {"dmean2": 2.06596302986, "median": 2.97348284721, "min": -2.93958544731, "dvar2": 5.35569620132, "dvar": 2.31158590317, "dmean": 1.32390010357, "max": 41.3881340027, "var": 7.70162725449, "mean": 3.4872879982}, "spectral_spread": {"dmean2": 1991112.375, "median": 5905903, "min": 172100.1875, "dvar2": 7168952631300.0, "dvar": 3959904272380.0, "dmean": 1297122.5, "max": 42427520, "var": 22902845997100.0, "mean": 6247346}, "dissonance": {"dmean2": 0.0474474951625, "median": 0.460715711117, "min": 0.12132230401, "dvar2": 0.00241250172257, "dvar": 0.000969341315795, "dmean": 0.0291265752167, "max": 0.500000238419, "var": 0.00279604247771, "mean": 0.444433510303}, "spectral_skewness": {"dmean2": 0.969380021095, "median": 1.90450131893, "min": -0.395897179842, "dvar2": 1.93962931633, "dvar": 0.760235607624, "dmean": 0.609711945057, "max": 21.0903701782, "var": 7.28783655167, "mean": 2.59654378891}, "spectral_flux": {"dmean2": 0.0731181129813, "median": 0.0850414484739, "min": 6.42050718147e-11, "dvar2": 0.00528621487319, "dvar": 0.00231655989774, "dmean": 0.0448733121157, "max": 0.409687846899, "var": 0.00568345142528, "mean": 0.100299149752}, "spectral_contrast_valleys": {"dmean2": [1.08348309994, 0.788056075573, 0.688397705555, 0.684245765209, 0.806069016457, 0.918806135654], "median": [-7.24480104446, -6.93832063675, -7.72447776794, -8.14774894714, -8.24825668335, -10.2357931137], "min": [-28.2274341583, -28.2496356964, -27.7269077301, -27.7725982666, -27.5558166504, -27.3873996735], "dvar2": [1.01632535458, 0.672856092453, 0.485865741968, 0.611231923103, 1.09122610092, 1.39151608944], "dvar": [0.444015026093, 0.254631251097, 0.196686729789, 0.273077249527, 0.512013852596, 0.75242716074], "dmean": [0.674228966236, 0.482341200113, 0.432485252619, 0.450958251953, 0.536626458168, 0.652123689651], "max": [-5.18716239929, -5.00568962097, -5.48142910004, -5.39416694641, -5.53405570984, -7.06032562256], "var": [5.92667770386, 4.98200511932, 4.99895811081, 5.63793992996, 6.49378538132, 7.1245675087], "mean": [-7.85745859146, -7.32848358154, -8.13589477539, -8.60360336304, -8.78411388397, -10.7739772797]}, "erbbands_flatness_db": {"dmean2": 0.0452860966325, "median": 0.146311759949, "min": 0.0266255121678, "dvar2": 0.00249618873931, "dvar": 0.00114459812175, "dmean": 0.0303799826652, "max": 0.604413628578, "var": 0.00974136777222, "mean": 0.174941912293}, "spectral_energyband_high": {"dmean2": 0.00316300452687, "median": 0.00019650120521, "min": 6.913288793e-21, "dvar2": 3.66036329069e-05, "dvar": 2.1061505322e-05, "dmean": 0.00200077192858, "max": 0.0345980711281, "var": 3.13227537845e-05, "mean": 0.00223865406588}, "spectral_entropy": {"dmean2": 0.57634472847, "median": 7.39834070206, "min": 3.40780448914, "dvar2": 0.508767485619, "dvar": 0.243245959282, "dmean": 0.379539728165, "max": 9.82431316376, "var": 1.02201330662, "mean": 7.26244211197}, "silence_rate_20dB": {"dmean2": 0, "median": 1, "min": 1, "dvar2": 0, "dvar": 0, "dmean": 0, "max": 1, "var": 0, "mean": 1}, "melbands_flatness_db": {"dmean2": 0.0841827616096, "median": 0.264241784811, "min": -2.50230584697e-07, "dvar2": 0.00975965149701, "dvar": 0.00450243148953, "dmean": 0.0545616298914, "max": 0.958584666252, "var": 0.0202081687748, "mean": 0.283625811338}, "barkbands": {"dmean2": [0.000485048862174, 0.0137975430116, 0.00781105598435, 0.00380306295119, 0.00554469181225, 0.00159822299611, 0.00107318989467, 0.0004507790145, 0.000811622943729, 0.000516810570844, 0.000949370849412, 0.000434247223893, 0.000462685129605, 0.000302136701066, 0.000448708073236, 0.000354611867806, 0.000250446930295, 0.00020829756977, 0.000228434946621, 0.000220945847104, 0.000220892572543, 0.000350984890247, 0.00078294792911, 0.000657904660329, 0.000587373564485, 0.000482201372506, 0.000143501456478], "median": [2.64723021246e-05, 0.00239301426336, 0.00117