{"tonal": {"thpcp": [1, 0.737250626087, 0.333984822035, 0.212448373437, 0.116308063269, 0.0901855230331, 0.0906191468239, 0.0985010489821, 0.138838425279, 0.211255803704, 0.220475509763, 0.159838944674, 0.126610845327, 0.11160941422, 0.0913242995739, 0.0922691598535, 0.0939086526632, 0.11952611059, 0.225849911571, 0.224663808942, 0.138054072857, 0.167653009295, 0.206332013011, 0.166150569916, 0.155459553003, 0.170437753201, 0.186587244272, 0.173981651664, 0.101846180856, 0.0727772191167, 0.14539334178, 0.24106515944, 0.204507470131, 0.161246195436, 0.206926301122, 0.572166323662], "hpcp": {"dmean2": [0.12690256536, 0.101522386074, 0.0807208940387, 0.0903143063188, 0.0958533510566, 0.115548856556, 0.182651892304, 0.176100596786, 0.144417852163, 0.198415905237, 0.213529065251, 0.173967212439, 0.15385068953, 0.150148287416, 0.150655761361, 0.147683799267, 0.0927189141512, 0.0851588770747, 0.130883961916, 0.195765733719, 0.174094364047, 0.153208255768, 0.186331301928, 0.222431853414, 0.230905964971, 0.294901013374, 0.307826519012, 0.220454186201, 0.149622187018, 0.109986051917, 0.0993377119303, 0.104824341834, 0.139750823379, 0.178350776434, 0.162305951118, 0.143753141165], "median": [0.0281830951571, 0.030437964946, 0.0308556370437, 0.0248284302652, 0.0197000205517, 0.0462006852031, 0.0994853377342, 0.0971616283059, 0.04467285797, 0.0555342361331, 0.0686715766788, 0.0633077025414, 0.0529278889298, 0.0514841377735, 0.0759284198284, 0.0706028342247, 0.0408553928137, 0.0185534134507, 0.0528924800456, 0.0810405239463, 0.0620408765972, 0.0595318004489, 0.0779889672995, 0.495972663164, 1, 0.53141105175, 0.124461397529, 0.0439164340496, 0.028574295342, 0.0186052769423, 0.0187648274004, 0.0267794057727, 0.0460348650813, 0.0669145509601, 0.0491341426969, 0.0273648761213], "min": [0, 0, 0, 0, 0, 0, 0, 0, 0, 0, 0, 0, 0, 0, 0, 0, 0, 0, 0, 0, 0, 0, 0, 0, 0, 0, 0, 0, 0, 0, 0, 0, 0, 0, 0, 0], "dvar2": [0.0554043389857, 0.0357334092259, 0.0235014911741, 0.0248452220112, 0.0388303920627, 0.0379447229207, 0.0664455443621, 0.0640879943967, 0.0625460967422, 0.0863034799695, 0.0879581496119, 0.0575030706823, 0.0623747222126, 0.0607595741749, 0.051223538816, 0.0450398288667, 0.0277486294508, 0.0379423424602, 0.0465610511601, 0.0760665163398, 0.0701753944159, 0.0628176108003, 0.0765274688601, 0.0839586183429, 0.141382426023, 0.102989777923, 0.123941063881, 0.0975627824664, 0.060959149152, 0.0563318617642, 0.0455367490649, 0.0465459227562, 0.0658703893423, 0.0759807378054, 0.0694017782807, 0.0641400292516], "dvar": [0.018821708858, 0.0125770857558, 0.00851795449853, 0.00889882724732, 0.0139938257635, 0.0137768359855, 0.0244254507124, 0.0229600314051, 0.0215774644166, 0.0293738692999, 0.0319263152778, 0.0211068559438, 0.0221688244492, 0.0219957213849, 0.0179820116609, 0.0163820758462, 0.00978753808886, 0.0128679452464, 0.0173029564321, 0.0288076084107, 0.0245219990611, 0.0221058223397, 0.0287900492549, 0.0302425902337, 0.049662001431, 0.037482637912, 0.0456422492862, 0.0354139246047, 0.0223164707422, 0.0202666632831, 0.0156966987997, 0.0167586822063, 0.0226939599961, 0.0272492952645, 0.02565285936, 0.022057371214], "dmean": [0.0724036991596, 0.0587048903108, 0.0467619821429, 0.0512669309974, 0.0556615740061, 0.0671375095844, 0.110533691943, 0.107239022851, 0.0820466503501, 0.112267628312, 0.123279601336, 0.100859671831, 0.0871063768864, 0.0871979594231, 0.0882112309337, 0.0859769508243, 0.0539554655552, 0.047482829541, 0.0782750695944, 0.115062378347, 0.10037265718, 0.0894471257925, 0.109901919961, 0.131886512041, 0.129874706268, 0.169098198414, 0.17573775351, 0.125028580427, 0.0822655707598, 0.0611393302679, 0.0563548766077, 0.0586447790265, 0.08007068187, 0.10207028687, 0.0934254452586, 0.0838350579143], "max": [1, 1, 1, 0.818943679333, 1, 1, 1, 1, 1, 1, 1, 1, 1, 1, 1, 1, 0.937102854252, 1, 1, 1, 1, 1, 1, 1, 1, 1, 1, 1, 1, 1, 1, 1, 1, 1, 1, 1], "var": [0.0237958319485, 0.0171479228884, 0.00966098252684, 0.0108236940578, 0.0149712599814, 0.0149547858164, 0.036406122148, 0.0361774601042, 0.0241242032498, 0.0315514951944, 0.0407103188336, 0.0259220730513, 0.024663111195, 0.0314647518098, 0.0276212953031, 0.0242329128087, 0.00997988786548, 0.00997956749052, 0.0222294330597, 0.0530300810933, 0.0433212220669, 0.0256320331246, 0.0355112142861, 0.0540023967624, 0.14465148747, 0.0631674826145, 0.0754940286279, 0.0567738674581, 0.0209124535322, 0.0170761309564, 0.0151677839458, 0.0159282702953, 0.0225776117295, 0.0450390093029, 0.0613236501813, 0.0393928475678], "mean": [0.0908471494913, 0.0800831615925, 0.0655279755592, 0.0662059411407, 0.0673823282123, 0.0857636332512, 0.162054210901, 0.161203145981, 0.0990580096841, 0.120296157897, 0.148049518466, 0.119218111038, 0.111546978354, 0.122294291854, 0.133882045746, 0.12483715266, 0.0730777457356, 0.0522198788822, 0.104324169457, 0.172971621156, 0.146740362048, 0.115699075162, 0.148475944996, 0.410546809435, 0.717530548573, 0.528999865055, 0.239644318819, 0.15243819356, 0.0834545865655, 0.0647108703852, 0.0650220066309, 0.070677511394, 0.0996208116412, 0.151582494378, 0.158197909594, 0.114689327776]}, "tuning_equal_tempered_deviation": 0.180604994297, "chords_changes_rate": 0.0465924888849, "key_key": "A#", "tuning_diatonic_strength": 0.285848945379, "key_scale": "minor", "chords_number_rate": 0.00486787222326, "tuning_frequency": 434.193115234, "tuning_nontempered_energy_ratio": 0.786605000496, "chords_histogram": [2.08623099327, 25.4520168304, 0.278164118528, 0.556328237057, 0.0695410296321, 0, 0, 44.0194702148, 11.0570240021, 0, 0, 0, 0, 0, 0, 0, 0.417246162891, 1.25173854828, 10.7788591385, 3.40751051903, 0, 0.625869274139, 0, 0], "key_strength": 0.534319400787, "chords_key": "A#", "chords_strength": {"dmean2": 0.00833136867732, "median": 0.423617660999, "min": 0.225541323423, "dvar2": 5.71972268517e-05, "dvar": 3.90287568734e-05, "dmean": 0.0070251757279, "max": 0.636352956295, "var": 0.00703863985837, "mean": 0.439925342798}, "chords_scale": "major", "hpcp_entropy": {"dmean2": 0.978741288185, "median": 2.53167748451, "min": 0, "dvar2": 0.615263521671, "dvar": 0.222273692489, "dmean": 0.581102371216, "max": 4.47673416138, "var": 0.51346963644, "mean": 2.51832818985}}, "metadata": {"audio_properties": {"equal_loudness": 0, "codec": "mp3", "downmix": "mix", "sample_rate": 44100, "analysis_sample_rate": 44100, "bit_rate": 128000, "md5_encoded": "52e38a9b83d9d413d2842e9561945378", "length": 66.7167358398, "replay_gain": 3.65209770203, "lossless": false}, "version": {"essentia_build_sha": "e76a03f03bb3900de42a1fa0d9be1e72f12def64", "essentia": "2.1-beta1", "extractor": "music 1.0", "essentia_git_sha": "v2.1_beta1-28-g21ef5f4-dirty"}, "tags": {"title": ["Intro"], "replaygain_album_gain": ["-0.40 dB"], "albumartist": ["Heideroosjes"], "date": ["2009"], "file_name": "1-01 - Heideroosjes - Intro.mp3", "replaygain_track_gain": ["+0.40 dB"], "replaygain_track_peak": ["0.366106"], "acoustid_id": ["e6757cad-d623-4456-9f5f-f5e2ff195f22"], "musicbrainz_recordingid": ["0870805f-78e4-4a25-aaba-0f79d09f5d47"], "musicbrainz_albumartistid": ["79b6b394-6c05-40c1-9e3c-d22870eee839"], "musicbrainz_albumid": ["fa53570e-1baa-447b-afcc-94c1cc65382a"], "artist": ["Heideroosjes"], "tracknumber": ["1/14"], "replaygain_album_peak": ["0.477775"], "album": ["20 Years: Ode & Tribute"], "discnumber": ["1/2"], "musicbrainz_artistid": ["79b6b394-6c05-40c1-9e3c-d22870eee839"], "musicbrainz_releasegroupid": ["2f2766ae-f87d-47d2-a85f-8f3d696068a5"]}}, "rhythm": {"bpm_histogram_first_peak_bpm": {"dmean2": 0, "median": 172, "min": 172, "dvar2": 0, "dvar": 0, "dmean": 0, "max": 172, "var": 0, "mean": 172}, "bpm": 172.265655518, "bpm_histogram_second_peak_spread": {"dmean2": 0, "median": 0, "min": 0, "dvar2": 0, "dvar": 0, "dmean": 0, "max": 0, "var": 0, "mean": 0}, "bpm_histogram_first_peak_weight": {"dmean2": 0, "median": 0.338983058929, "min": 0.338983058929, "dvar2": 0, "dvar": 0, "dmean": 0, "max": 0.338983058929, "var": 0, "mean": 0.338983058929}, "onset_rate": 0.224772468209, "beats_position": [0.417959183455, 0.847528338432, 1.26548755169, 1.68344664574, 2.10140585899, 2.51936507225, 2.93732428551, 3.35528349876, 3.7732424736, 4.19120168686, 4.60916090012, 5.02712011337, 5.4334692955, 5.85142850876, 6.26938772202, 6.68734693527, 7.10530614853, 7.52326536179, 7.94122457504, 8.35918331146, 8.77714252472, 9.19510173798, 9.61306095123, 10.0310201645, 10.4489793777, 10.866938591, 11.2848978043, 11.7028570175, 12.1208162308, 12.538775444, 12.9567346573, 13.3746938705, 13.7462129593, 14.1061220169, 14.4660310745, 14.8375511169, 15.1858501434, 15.5225391388, 15.870839119, 16.2191371918, 16.5674381256, 16.9157371521, 17.2524261475, 17.5891151428, 17.9258041382, 18.2741031647, 18.6107940674, 18.9474830627, 19.272562027, 19.6208610535, 19.96916008, 20.3174591064, 20.6657600403, 21.0024490356, 21.339138031, 21.6874370575, 22.035736084, 22.3724250793, 22.7091159821, 23.0574150085, 23.405714035, 23.7540130615, 24.102312088, 24.4506111145, 24.7989120483, 25.1472110748, 25.4955101013, 25.8321990967, 26.168888092, 26.5171871185, 26.8538761139, 27.1905670166, 27.5388660431, 27.8871650696, 28.2354640961, 28.5837631226, 28.9204521179, 29.2571430206, 29.6054420471, 29.9537410736, 30.3020401001, 30.6387290955, 30.9754180908, 31.3121089935, 31.6487979889, 31.9970970154, 32.3453979492, 32.6936950684, 33.0419960022, 33.3902931213, 33.750202179, 34.1913833618, 34.6209526062, 35.0505218506, 35.4684791565, 35.8980484009, 36.3392295837, 36.7687988281, 37.1983680725, 37.6163253784, 38.034286499, 38.4638557434, 38.8934249878, 39.334602356, 39.7757797241, 40.1356925964, 40.4956016541, 40.8555107117, 41.2154197693, 41.5753288269, 41.9352378845, 42.2835350037, 42.6318359375, 42.9801368713, 43.3284339905, 43.6767349243, 44.0250320435, 44.3733329773, 44.7216300964, 45.0583229065, 45.3950119019, 45.7317008972, 46.0683898926, 46.4050788879, 46.7417678833, 47.0784568787, 47.415145874, 47.7518348694, 48.0885238647, 48.4368247986, 48.7851219177, 49.1334228516, 49.4817237854, 49.8184127808, 50.1667098999, 50.5150108337, 50.8633079529, 51.2116088867, 51.5482978821, 51.8849868774, 52.2332878113, 52.5699768066, 52.9182739258, 53.2665748596, 53.6148757935, 53.9631729126, 54.3114738464, 54.6481628418, 54.9848518372, 55.3215408325, 55.6582298279, 56.0065307617, 56.3548278809, 56.6915168762, 57.0282058716, 57.3765068054, 57.7131958008, 58.0614967346, 58.39818573, 58.7464828491, 59.1063919067, 59.4430847168, 59.8610420227, 60.2789993286, 60.7201805115, 61.1613578796, 61.6025390625, 62.0437164307, 62.473285675, 62.9028549194, 63.3324241638, 63.7503852844, 64.1683425903, 64.5979156494, 65.0158691406, 65.4338302612, 65.8517913818, 66.2697525024], "beats_loudness": {"dmean2": 0.0377732254565, "median": 0.0994891226292, "min": 2.894830331e-08, "dvar2": 0.00242846249603, "dvar": 0.00103267002851, "dmean": 0.022783247754, "max": 0.364123463631, "var": 0.00426396215335, "mean": 0.0989949330688}, "danceability": 0.862344622612, "bpm_histogram_second_peak_weight": {"dmean2": 0, "median": 0.242937847972, "min": 0.242937847972, "dvar2": 0, "dvar": 0, "dmean": 0, "max": 0.242937847972, "var": 0, "mean": 0.242937847972}, "beats_count": 178, "bpm_histogram_second_peak_bpm": {"dmean2": 0, "median": 178, "min": 178, "dvar2": 0, "dvar": 0, "dmean": 0, "max": 178, "var": 0, "mean": 178}, "bpm_histogram_first_peak_spread": {"dmean2": 0, "median": 0, "min": 0, "dvar2": 0, "dvar": 0, "dmean": 0, "max": 0, "var": 0, "mean": 0}, "beats_loudness_band_ratio": {"dmean2": [0.169830337167, 0.0752661600709, 0.0677484944463, 0.056732788682, 0.0329469181597, 0.142764866352], "median": [0.363064229488, 0.0538199618459, 0.0837553068995, 0.0886367559433, 0.0460038408637, 0.317091941833], "min": [0.0779963061213, 0.00510492641479, 0.00695496192202, 0.00153257534839, 0.0031395831611, 0.126893982291], "dvar2": [0.0158800538629, 0.00390085275285, 0.00281310733408, 0.00330673181452, 0.000706478196662, 0.0167177189142], "dvar": [0.00615025591105, 0.00136192899663, 0.00107022095472, 0.00119776558131, 0.000238944834564, 0.00570986839011], "dmean": [0.0997068956494, 0.0425552986562, 0.0383748933673, 0.0332337357104, 0.0185146927834, 0.0839568376541], "max": [0.835350453854, 0.246506169438, 0.266737908125, 0.331203758717, 0.139607384801, 0.601933598518], "var": [0.0215046778321, 0.00272283586673, 0.00199010805227, 0.00198226817884, 0.000499548972584, 0.00921873189509], "mean": [0.386972099543, 0.0715592652559, 0.0899828374386, 0.0914299339056, 0.0468612425029, 0.32396915555]}}, "lowlevel": {"barkbands_spread": {"dmean2": 11.7055892944, "median": 42.7996330261, "min": 3.92203116417, "dvar2": 92.5937728882, "dvar": 35.949092865, "dmean": 7.19066572189, "max": 113.193183899, "var": 211.758712769, "mean": 42.8642578125}, "melbands_spread": {"dmean2": 5.97743988037, "median": 20.4953975677, "min": 1.18459773064, "dvar2": 31.0309829712, "dvar": 13.015247345, "dmean": 3.70554089546, "max": 170.327697754, "var": 114.338500977, "mean": 20.4699039459}, "hfc": {"dmean2": 291.343994141, "median": 684.856506348, "min": 1.18445010998e-16, "dvar2": 169092.140625, "dvar": 63945.6679688, "dmean": 180.125686646, "max": 5035.12060547, "var": 324795.75, "mean": 719.305969238}, "barkbands_kurtosis": {"dmean2": 2.58236479759, "median": 2.35892820358, "min": -1.76540160179, "dvar2": 16.9799842834, "dvar": 7.26066589355, "dmean": 1.62436902523, "max": 82.3901824951, "var": 85.4628448486, "mean": 4.82902431488}, "gfcc": {"mean": [-22.3283424377, 132.496444702, -89.4160766602, -39.8590354919, 16.0190734863, -6.55583000183, -14.8984928131, -8.16062736511, 9.23770427704, -12.4719562531, 2.49056363106, -8.52106189728, -2.80588817596], "icov": [[7.99081099103e-05, -0.000551387609448, 0.000415760936448, -0.00028057617601, 0.000319990504067, -0.000173516760697, 0.000354248448275, -4.96325083077e-05, 0.000425137404818, -0.00059027376119, 0.000458533671917, -0.000157316448167, 0.000181852621608], [-0.000551387609448, 0.0113286310807, -0.00561149977148, 0.00378188118339, -0.0070967702195, 0.00471779191867, -0.00245272135362, 0.00400652503595, -0.00825398415327, 0.0106154829264, -0.0109028294683, 0.00863105151802, -0.00458639627323], [0.000415760936448, -0.00561149977148, 0.0141411582008, -0.00854394026101, -0.00042024612776, -0.00487135816365, 0.00675324117765, -0.00587646989152, 0.0061436155811, -0.00874979607761, 0.00843590311706, -0.0050576380454, 0.00848081801087], [-0.00028057617601, 0.00378188118339, -0.00854394026101, 0.015225475654, 0.00202975375578, -0.0026704671327, -0.00851274374872, 0.00941301882267, -0.000267738330876, -0.00216132006608, -0.00333474949002, 0.00771940872073, -0.00699915084988], [0.000319990504067, -0.0070967702195, -0.00042024612776, 0.00202975375578, 0.0152170555666, -0.000914573902264, -0.00395809719339, -0.00114378239959, 0.00379240536131, -0.000802955531981, -0.00131057505496, -0.000498645589687, 0.00162976130378], [-0.000173516760697, 0.00471779191867, -0.00487135816365, -0.0026704671327, -0.000914573902264, 0.0198054928333, -0.00242024217732, -0.00341517990455, -0.00385217089206, 0.00479577435181, 0.00133025867399, -0.00549247674644, 0.00470506213605], [0.000354248448275, -0.00245272135362, 0.00675324117765, -0.00851274374872, -0.00395809719339, -0.00242024217732, 0.025130758062, -0.0151174375787, 0.00368277123198, -0.00399095052853, -0.00670856889337, 0.0151034938172, -0.00559825962409], [-4.96325083077e-05, 0.00400652503595, -0.00587646989152, 0.00941301882267, -0.00114378239959, -0.00341517990455, -0.0151174375787, 0.0487576425076, -0.0269448012114, -0.00308647542261, 0.0199871640652, -0.0272401180118, 0.0152791850269], [0.000425137404818, -0.00825398415327, 0.0061436155811, -0.000267738330876, 0.00379240536131, -0.00385217089206, 0.00368277123198, -0.0269448012114, 0.0486544854939, -0.0186230801046, -0.0167758110911, 0.0255281347781, -0.014719392173], [-0.00059027376119, 0.0106154829264, -0.00874979607761, -0.00216132006608, -0.000802955531981, 0.00479577435181, -0.00399095052853, -0.00308647542261, -0.0186230801046, 0.0479359962046, -0.0239485409111, -0.00142221176066, 0.00462439330295], [0.000458533671917, -0.0109028294683, 0.00843590311706, -0.00333474949002, -0.00131057505496, 0.00133025867399, -0.00670856889337, 0.0199871640652, -0.0167758110911, -0.0239485409111, 0.0794180035591, -0.0561123713851, 0.0168762560934], [-0.000157316448167, 0.00863105151802, -0.0050576380454, 0.00771940872073, -0.000498645589687, -0.00549247674644, 0.0151034938172, -0.0272401180118, 0.0255281347781, -0.00142221176066, -0.0561123713851, 0.100093357265, -0.0539225228131], [0.000181852621608, -0.00458639627323, 0.00848081801087, -0.00699915084988, 0.00162976130378, 0.00470506213605, -0.00559825962409, 0.0152791850269, -0.014719392173, 0.00462439330295, 0.0168762560934, -0.0539225228131, 0.069156371057]], "cov": [[23722.4746094, 1547.20959473, -596.157836914, -195.631256104, 99.2990646362, -473.386413574, -310.393127441, -457.038726807, -130.266921997, -221.210769653, 31.0501289368, -121.413734436, 84.0753097534], [1547.20959473, 725.030212402, -182.626281738, -228.382217407, 299.7940979, -215.422149658, 36.386844635, -63.6893577576, 76.3848342896, -95.8260650635, 78.4648590088, -40.0582618713, 40.1885871887], [-596.157836914, -182.626281738, 276.358337402, 177.002075195, -69.1671524048, 124.653312683, -7.77121591568, 30.598285675, -32.7943267822, 48.2062759399, -45.3406677246, -11.6289453506, -48.967010498], [-195.631256104, -228.382217407, 177.002075195, 255.825759888, -108.629798889, 114.480575562, 20.2032756805, 1.89374184608, -35.2583885193, 50.5974159241, -36.9260597229, -13.7630271912, -27.066078186], [99.2990646362, 299.7940979, -69.1671524048, -108.629798889, 210.701919556, -83.0008850098, 39.4444274902, -10.1253385544, 37.1981315613, -36.744140625, 37.4140396118, -15.3116207123, 12.5260343552], [-473.386413574, -215.422149658, 124.653312683, 114.480575562, -83.0008850098, 144.528030396, 5.29422140121, 37.2324867249, -16.301158905, 37.8986434937, -30.6186695099, 5.19214916229, -26.8999729156], [-310.393127441, 36.386844635, -7.77121591568, 20.2032756805, 39.4444274902, 5.29422140121, 88.2703781128, 27.5962581635, 32.3191184998, 15.3088521957, 12.3420829773, -12.4981555939, -0.915848195553], [-457.038726807, -63.6893577576, 30.598285675, 1.89374184608, -10.1253385544, 37.2324867249, 27.5962581635, 67.6034164429, 32.3689880371, 30.7508468628, 0.192489683628, 9.72984790802, -9.2065410614], [-130.266921997, 76.3848342896, -32.7943267822, -35.2583885193, 37.1981315613, -16.301158905, 32.3191184998, 32.3689880371, 70.46849823, 21.8796806335, 28.7681159973, 0.533427000046, 8.48998069763], [-221.210769653, -95.8260650635, 48.2062759399, 50.5974159241, -36.744140625, 37.8986434937, 15.3088521957, 30.7508468628, 21.8796806335, 64.9993896484, 12.4683513641, 13.4740314484, -6.05767726898], [31.0501289368, 78.4648590088, -45.3406677246, -36.9260597229, 37.4140396118, -30.6186695099, 12.3420829773, 0.192489683628, 28.7681159973, 12.4683513641, 49.4218597412, 21.2744979858, 18.9201431274], [-121.413734436, -40.0582618713, -11.6289453506, -13.7630271912, -15.3116207123, 5.19214916229, -12.4981555939, 9.72984790802, 0.533427000046, 13.4740314484, 21.2744979858, 41.8845329285, 21.2210521698], [84.0753097534, 40.1885871887, -48.967010498, -27.066078186, 12.5260343552, -26.8999729156, -0.915848195553, -9.2065410614, 8.48998069763, -6.05767726898, 18.9201431274, 21.2210521698, 37.8061637878]]}, "spectral_energyband_middle_low": {"dmean2": 0.00905197579414, "median": 0.0190845727921, "min": 1.8124296392e-22, "dvar2": 0.000111757632112, "dvar": 4.19206553488e-05, "dmean": 0.00569865293801, "max": 0.0863746926188, "var": 0.000180220260518, "mean": 0.0191439464688}, "melbands_crest": {"dmean2": 4.77885293961, "median": 15.9582843781, "min": 1.78221070766, "dvar2": 17.505771637, "dvar": 6.15500164032, "dmean": 2.93201375008, "max": 30.1702690125, "var": 32.629940033, "mean": 15.8808708191}, "spectral_kurtosis": {"dmean2": 20.3879871368, "median": 45.5988388062, "min": -1.22865629196, "dvar2": 312.367858887, "dvar": 122.681671143, "dmean": 12.7794780731, "max": 93.6021575928, "var": 285.865081787, "mean": 45.9137153625}, "spectral_rms": {"dmean2": 0.00115637516137, "median": 0.00975007656962, "min": 3.21487953446e-12, "dvar2": 1.76981018285e-06, "dvar": 6.40215830572e-07, "dmean": 0.000703493482433, "max": 0.0206091236323, "var": 1.71371211763e-05, "mean": 0.00873508770019}, "zerocrossingrate": {"dmean2": 0.0393874533474, "median": 0.39404296875, "min": 0.0849609375, "dvar2": 0.00121289747767, "dvar": 0.000729876628611, "dmean": 0.0313769131899, "max": 0.72607421875, "var": 0.00636246195063, "mean": 0.395080327988}, "silence_rate_60dB": {"dmean2": 0.0024364774581, "median": 0, "min": 0, "dvar2": 0.00312667759135, "dvar": 0.00138985132799, "dmean": 0.00139178847894, "max": 1, "var": 0.109537996352, "mean": 0.125217393041}, "erbbands_kurtosis": {"dmean2": 0.940366446972, "median": -0.0444389395416, "min": -1.52688002586, "dvar2": 0.707682907581, "dvar": 0.285839438438, "dmean": 0.582203924656, "max": 5.91049957275, "var": 0.697837650776, "mean": 0.10926630348}, "erbbands": {"dmean2": [0.511029720306, 2.86358714104, 6.94826984406, 10.6756258011, 14.7961883545, 9.77043914795, 15.8414173126, 21.2311897278, 33.1018753052, 47.0409812927, 36.3896026611, 50.8459854126, 20.6181507111, 37.7120285034, 58.0618591309, 109.830230713, 43.2781906128, 65.666519165, 59.080871582, 33.3160095215, 25.8418464661, 12.048535347, 9.08621120453, 2.63252258301, 0.766281962395, 0.536931157112, 0.461362630129, 0.361836999655, 0.287754833698, 0.229011535645, 0.179576247931, 0.13861489296, 0.103318221867, 0.0738042220473, 0.0500034019351, 0.0317634493113, 0.0186827145517, 0.0102010099217, 0.008574959822, 0.0300083104521], "median": [0.366833239794, 1.83912134171, 3.89540839195, 7.14670705795, 10.4889135361, 6.65583324432, 10.2812738419, 16.9061450958, 23.5893878937, 34.963432312, 30.4822635651, 45.7404975891, 20.9141750336, 32.7044754028, 65.3277893066, 98.1424407959, 51.7285041809, 75.1363067627, 80.7907791138, 52.7695159912, 42.267993927, 21.1950187683, 13.763920784, 4.42619419098, 0.577821671963, 0.189524561167, 0.163358643651, 0.10919071734, 0.0633030533791, 0.050681155175, 0.0418346486986, 0.0348709560931, 0.028482588008, 0.0216816067696, 0.0160237289965, 0.0106261987239, 0.00655614258721, 0.0054874792695, 0.0282264128327, 0.115149661899], "min": [2.12756190035e-22, 4.49095711308e-22, 3.53188915557e-21, 3.15472500773e-20, 5.10695784882e-20, 3.24005935079e-20, 9.3142624312e-20, 9.10291584599e-20, 2.89529758006e-19, 6.3088698258e-19, 5.39537498428e-19, 3.90504651808e-19, 1.8206342476e-18, 2.52651006409e-18, 2.11053437573e-18, 3.08140205094e-18, 2.78649520537e-18, 3.54644092337e-18, 2.86663990774e-18, 6.83764286103e-18, 7.08462162114e-18, 6.38802553035e-18, 6.11766237432e-18, 5.77694006256e-18, 8.57254169929e-18, 9.05324530457e-18, 1.2546537392e-17, 1.47808324631e-17, 1.1058347653e-17, 1.56244954765e-17, 1.45108473286e-17, 1.24274978301e-17, 1.09686597679e-17, 1.02347115094e-17, 7.98013810564e-18, 4.44908522321e-18, 3.12740942302e-18, 1.21098662651e-18, 2.82970008953e-19, 3.10874281296e-20], "dvar2": [0.611601293087, 20.3696632385, 104.243301392, 265.580169678, 396.835723877, 183.007400513, 455.427246094, 814.17401123, 1985.13745117, 3474.20361328, 2126.71240234, 4072.35498047, 657.121032715, 2510.71728516, 5314.38378906, 19337.71875, 2865.43359375, 6292.39257812, 4323.61669922, 1595.5489502, 873.116271973, 194.101593018, 108.413604736, 11.2648935318, 1.68521761894, 1.02486598492, 0.908154249191, 0.473025083542, 0.279065489769, 0.167661294341, 0.102680951357, 0.0599603801966, 0.0322068706155, 0.0156037341803, 0.00670143775642, 0.00252982764505, 0.00084043701645, 0.000250131852226, 0.000102639838587, 0.00103324465454], "dvar": [0.241804093122, 7.93867206573, 41.8529396057, 93.4597015381, 160.384506226, 70.0627365112, 194.99017334, 302.330841064, 792.677978516, 1458.15246582, 828.195129395, 1620.03344727, 235.58241272, 910.434082031, 1878.16540527, 7078.02246094, 1000.60540771, 2148.78833008, 1514.77294922, 564.622802734, 303.749420166, 66.2526779175, 37.5606651306, 3.97858190536, 0.681869626045, 0.461688399315, 0.335045129061, 0.189623355865, 0.113029815257, 0.0676597729325, 0.041326507926, 0.0241492856294, 0.0129960179329, 0.00632526027039, 0.00273646833375, 0.00104182038922, 0.000349136127625, 0.000104876009573, 4.07113766414e-05, 0.00036102233571], "dmean": [0.315194755793, 1.76863384247, 4.3341012001, 6.50632715225, 9.30550956726, 5.90678596497, 10.0106801987, 13.0957612991, 20.0471572876, 29.9163703918, 21.8982276917, 31.835187912, 12.1741247177, 22.3265895844, 34.1551589966, 65.0620346069, 25.3839740753, 37.8645172119, 34.6898994446, 19.8952121735, 15.083117485, 6.94409132004, 5.21972322464, 1.53637123108, 0.455916464329, 0.326276093721, 0.272792160511, 0.215720906854, 0.171768724918, 0.136609092355, 0.107214063406, 0.0831671357155, 0.0623796507716, 0.044837102294, 0.0305797047913, 0.0195967741311, 0.0116126434878, 0.00635762419552, 0.0052457023412, 0.0174843706191], "max": [7.65965890884, 67.0424346924, 173.916275024, 133.413909912, 212.963180542, 118.452972412, 192.402572632, 199.757141113, 410.221710205, 446.730804443, 433.177062988, 452.477050781, 173.303344727, 388.649230957, 988.901062012, 1463.70385742, 311.747436523, 504.705230713, 415.934326172, 283.515686035, 220.075149536, 84.1694335938, 82.5721206665, 59.0305633545, 31.1114673615, 30.2239227295, 17.724899292, 10.5799531937, 5.99921894073, 3.72626256943, 2.96942162514, 2.3078584671, 1.72830581665, 1.23712289333, 0.832642674446, 0.518109560013, 0.289308786392, 0.158011600375, 0.241817250848, 0.286144226789], "var": [1.14525973797, 46.2289123535, 241.504760742, 236.965896606, 472.884033203, 121.612747192, 490.446990967, 652.005249023, 1580.77807617, 3132.48754883, 1586.38220215, 3280.87573242, 528.589233398, 1977.96813965, 4550.95117188, 12540.3759766, 2264.07348633, 4500.03027344, 3998.55859375, 1680.61584473, 946.290344238, 216.766906738, 104.853088379, 12.8311519623, 2.80462884903, 1.60441792011, 0.841070473194, 0.369729787111, 0.167447283864, 0.0821068361402, 0.0426050312817, 0.0252140630037, 0.0139818936586, 0.00709412340075, 0.00323733128607, 0.00130960927345, 0.000463392498204, 0.000194665495655, 0.000352163653588, 0.0032002904918], "mean": [0.867127358913, 4.07980871201, 8.72537136078, 12.3179712296, 17.5340137482, 9.72597122192, 17.4660606384, 24.3198757172, 34.7950439453, 51.6088638306, 39.7874336243, 59.7662506104, 24.8306732178, 43.0744552612, 74.0141067505, 118.664077759, 55.9357757568, 81.5665435791, 83.1623306274, 52.020362854, 40.9150009155, 19.8141746521, 13.4396333694, 4.28546142578, 0.881279408932, 0.480633676052, 0.380478382111, 0.272620767355, 0.189338639379, 0.144819512963, 0.110811524093, 0.087364949286, 0.0673993006349, 0.0499963276088, 0.035218026489, 0.0232016313821, 0.0141742061824, 0.00978506542742, 0.0262741036713, 0.100217051804]}, "spectral_strongpeak": {"dmean2": 34.6644210815, "median": 0.357222229242, "min": 0, "dvar2": 4193.08349609, "dvar": 1569.28894043, "dmean": 18.9420585632, "max": 380.898803711, "var": 2156.04541016, "mean": 19.4584369659}, "spectral_energy": {"dmean2": 0.0255584213883, "median": 0.097440585494, "min": 1.05938370065e-20, "dvar2": 0.00105383549817, "dvar": 0.00038671225775, "dmean": 0.0155982393771, "max": 0.435354351997, "var": 0.00435696914792, "mean": 0.09577485919}, "average_loudness": 0.77246594429, "spectral_rolloff": {"dmean2": 1035.1751709, "median": 21834.6679688, "min": 107.666015625, "dvar2": 17027538, "dvar": 6200531, "dmean": 560.357788086, "max": 22006.9335938, "var": 6619847.5, "mean": 21287.3945312}, "spectral_centroid": {"dmean2": 159.376571655, "median": 898.211120605, "min": 215.765716553, "dvar2": 52570.7695312, "dvar": 25688.5214844, "dmean": 99.9175567627, "max": 11163.6826172, "var": 278442.1875, "mean": 908.462402344}, "pitch_salience": {"dmean2": 0.0821571424603, "median": 0.568311333656, "min": 0.199802741408, "dvar2": 0.00480231782421, "dvar": 0.00173130421899, "dmean": 0.0501237735152, "max": 0.959411919117, "var": 0.00786921940744, "mean": 0.565339565277}, "spectral_energyband_middle_high": {"dmean2": 0.00432608136907, "median": 0.0122594870627, "min": 1.34915500509e-21, "dvar2": 2.40230965574e-05, "dvar": 8.46513466968e-06, "dmean": 0.0025646481663, "max": 0.0434745512903, "var": 5.32931226189e-05, "mean": 0.010859507136}, "spectral_contrast_coeffs": {"dmean2": [0.0757652595639, 0.0768720209599, 0.0640668794513, 0.043311547488, 0.0750662609935, 0.032774310559], "median": [-0.692852199078, -0.772023558617, -0.786452531815, -0.809403836727, -0.723550915718, -0.855985701084], "min": [-0.962969183922, -0.990308642387, -0.964951097965, -0.970171153545, -0.966660261154, -0.960482656956], "dvar2": [0.00379221234471, 0.00389562104829, 0.00247675296851, 0.0011141593568, 0.00392178166658, 0.000881401705556], "dvar": [0.00131356262136, 0.00132931035478, 0.000868285191245, 0.000383930804674, 0.00151777546853, 0.000328606198309], "dmean": [0.0458681695163, 0.0459906235337, 0.0376287959516, 0.0251676253974, 0.0460940301418, 0.0200932640582], "max": [-0.444393843412, -0.595552265644, -0.6136495471, -0.711051642895, -0.547599554062, -0.623684048653], "var": [0.00728103565052, 0.0031690557953, 0.00209629861638, 0.00103067269083, 0.00517597096041, 0.000853191479109], "mean": [-0.694286465645, -0.771840453148, -0.784262895584, -0.811435699463, -0.729808270931, -0.858508825302]}, "melbands_skewness": {"dmean2": 0.681301355362, "median": 1.7743781805, "min": -0.116328507662, "dvar2": 0.390058726072, "dvar": 0.149493455887, "dmean": 0.42604586482, "max": 9.07498073578, "var": 1.59753489494, "mean": 2.05829596519}, "spectral_spread": {"dmean2": 841897, "median": 3007267.75, "min": 1860910, "dvar2": 1116606562300.0, "dvar": 527632924672, "dmean": 524090.4375, "max": 41052748, "var": 3817467805700.0, "mean": 3274983.25}, "dissonance": {"dmean2": 0.0323632583022, "median": 0.471397727728, "min": 0.171678721905, "dvar2": 0.000719520787243, "dvar": 0.000274461664958, "dmean": 0.0190776642412, "max": 0.499999880791, "var": 0.000512858969159, "mean": 0.466844290495}, "spectral_skewness": {"dmean2": 1.19226419926, "median": 5.24095392227, "min": -0.030492156744, "dvar2": 1.03239524364, "dvar": 0.401151776314, "dmean": 0.747513234615, "max": 7.79973506927, "var": 1.07291102409, "mean": 5.1570482254}, "spectral_flux": {"dmean2": 0.0289550200105, "median": 0.155856713653, "min": 6.95606836021e-11, "dvar2": 0.00112944410648, "dvar": 0.000434691522969, "dmean": 0.017567884177, "max": 0.422791808844, "var": 0.00496912328526, "mean": 0.134316205978}, "spectral_contrast_valleys": {"dmean2": [0.545303821564, 0.534274041653, 0.462304651737, 0.330055594444, 0.771312117577, 0.964733362198], "median": [-6.28345489502, -5.71932888031, -6.09947109222, -6.24376106262, -8.424741745, -10.8197612762], "min": [-27.8266677856, -27.7229385376, -27.5129566193, -27.5064601898, -27.5010852814, -27.2996368408], "dvar2": [0.241412401199, 0.233932778239, 0.168057888746, 0.114007391036, 0.471777498722, 0.705253124237], "dvar": [0.130049541593, 0.121486976743, 0.0997996255755, 0.0797443017364, 0.217185944319, 0.313737422228], "dmean": [0.32760322094, 0.320551216602, 0.273351371288, 0.197354391217, 0.482690691948, 0.604110479355], "max": [-4.93923902512, -4.61058425903, -5.14975547791, -5.46221017838, -6.3139166832, -8.68939876556], "var": [2.98785758018, 3.19086813927, 3.11708831787, 3.08467626572, 2.70900464058, 2.4573366642], "mean": [-6.74955415726, -6.25464677811, -6.70272016525, -6.90747642517, -8.74811172485, -11.1871623993]}, "erbbands_flatness_db": {"dmean2": 0.0379173308611, "median": 0.185791656375, "min": 0.0441319160163, "dvar2": 0.00100468541496, "dvar": 0.000388720451156, "dmean": 0.0237448811531, "max": 0.288272172213, "var": 0.00111399276648, "mean": 0.184129193425}, "spectral_energyband_high": {"dmean2": 0.000562065513805, "median": 0.00132994551677, "min": 7.50716246755e-21, "dvar2": 3.74907585865e-07, "dvar": 1.3297280077e-07, "dmean": 0.000332652911311, "max": 0.00461394153535, "var": 6.26321650543e-07, "mean": 0.00121395266615}, "spectral_entropy": {"dmean2": 0.242034971714, "median": 7.19279575348, "min": 5.95296478271, "dvar2": 0.0477240048349, "dvar": 0.0192984994501, "dmean": 0.152862861753, "max": 9.80775642395, "var": 0.0736550241709, "mean": 7.21410179138}, "silence_rate_20dB": {"dmean2": 0.0041768187657, "median": 1, "min": 0, "dvar2": 0.00485550938174, "dvar": 0.00208332436159, "dmean": 0.00208768271841, "max": 1, "var": 0.00450129294768, "mean": 0.995478272438}, "melbands_flatness_db": {"dmean2": 0.0485124625266, "median": 0.288625508547, "min": 0.00409240741283, "dvar2": 0.00170744594652, "dvar": 0.000655911106151, "dmean": 0.0307343248278, "max": 0.507693529129, "var": 0.00277713686228, "mean": 0.290414690971}, "barkbands": {"dmean2": [0.00329441973008, 0.0135511765257, 0.00613958854228, 0.00472568813711, 0.00320296292193, 0.00252357567661, 0.00290340720676, 0.00121034646872, 0.00223273830488, 0.000933985982556, 0.00119289418217, 0.00291336560622, 0.000930437003262, 0.001624670811, 0.000928447348997, 0.000584050256293, 0.000250180950388, 0.000149036000948, 3.08888193103e-05, 1.15035845738e-05, 1.00261331681e-05, 7.85438987805e-06, 6.46584430797e-06, 6.35820561001e-06, 6.81442588757e-06, 9.63407728705e-06, 0.00151344959158], "median": [0.00286511774175, 0.00997700542212, 0.00321392109618, 0.00265205628239, 0.00255702226423, 0.00206669396721, 0.00244273920543, 0.00093610805925, 0.00199952884577, 0.000710190390237, 0.000953625829425, 0.00249058590271, 0.000959863653407, 0.00172084954102, 0.00109008315485, 0.000850005308166, 0.000353071896825, 0.000207134784432, 3.1903218769e-05, 3.62760738426e-06, 3.53883501703e-06, 1.71499459611e-06, 1.47735818246e-06, 1.68431574821e-06, 2.09793370232e-06, 3.19294008477e-06, 0.00369555153884], "min": [2.8082270851e-24, 3.10118044301e-24, 1.60587201602e-24, 1.00379773399e-23, 1.60771682641e-23, 1.75242799522e-23, 2.47851781827e-23, 3.27202306318e-23, 2.20730144371e-23, 7.43282541601e-23, 4.82464300407e-23, 7.13825718094e-23, 5.37547365084e-23, 6.27796965392e-23, 7.24183020017e-23, 9.76233166913e-23, 9.06170895823e-23, 1.2713086711e-22, 1.44925385565e-22, 1.85083694164e-22, 3.56097946799e-22, 3.49777164086e-22, 5.77058593171e-22, 6.3376100627e-22, 1.0360273594e-21, 1.52884848211e-21, 2.19884579513e-21], "dvar2": [2.04080679396e-05, 0.000428595289122, 7.52743144403e-05, 4.91230384796e-05, 1.73146036104e-05, 1.03121883512e-05, 1.24815496747e-05, 2.09470204027e-06, 7.87085355114e-06, 1.51599022047e-06, 2.70560326499e-06, 1.26396325868e-05, 1.29250145164e-06, 3.61219576916e-06, 1.09245672775e-06, 4.5134098059e-07, 8.31117787925e-08, 2.91307635791e-08, 1.98094363135e-09, 5.32288602084e-10, 3.53201884407e-10, 2.04969388684e-10, 1.33151684123e-10, 1.2394980875e-10, 1.2823656026e-10, 2.24187113318e-10, 2.78107290796e-06], "dvar": [7.83313225838e-06, 0.000162788579473, 2.95299978461e-05, 1.79822836799e-05, 6.65745847073e-06, 4.21316963184e-06, 4.95241874887e-06, 7.5583443504e-07, 3.15076408697e-06, 5.52534061171e-07, 9.5966038316e-07, 4.60643650513e-06, 4.53727125205e-07, 1.23291681575e-06, 3.87797371104e-07, 1.57231724529e-07, 2.86658075055e-08, 1.01329700186e-08, 7.21301185447e-10, 2.33452174259e-10, 1.37573175074e-10, 8.25139956362e-11, 5.36193658918e-11, 4.9973712668e-11, 5.21857557167e-11, 9.30519619691e-11, 9.68111976363e-07], "dmean": [0.00198471499607, 0.00832364521921, 0.00377274677157, 0.00291732419282, 0.00197755219415, 0.00158698146697, 0.00182977132499, 0.000713611021638, 0.00139777129516, 0.000553387391847, 0.000701729499269, 0.00172514584847, 0.000546297989786, 0.000934348558076, 0.000539200846106, 0.000339265767252, 0.000143363533425, 8.56908154674e-05, 1.80812876351e-05, 6.92681032888e-06, 5.95545589022e-06, 4.67914287583e-06, 3.85407020076e-06, 3.82907501262e-06, 4.15431168221e-06, 5.97898906562e-06, 0.00088743888773], "max": [0.0353852286935, 0.251114010811, 0.121610157192, 0.0600349605083, 0.0336659401655, 0.0252027213573, 0.0232859868556, 0.0112057933584, 0.0236965678632, 0.00841324217618, 0.0237928386778, 0.0324789620936, 0.00681813759729, 0.0107028447092, 0.00666055595502, 0.00398558238521, 0.00182379723992, 0.00138849334326, 0.000922791368794, 0.000705544254743, 0.000265367561951, 0.000148207574966, 0.000106818049971, 0.000106204686745, 0.000113981761388, 0.000150716368807, 0.0112429494038], "var": [1.69296181411e-05, 0.00090504687978, 0.000113809772301, 5.03265946463e-05, 1.43478137034e-05, 1.14793092507e-05, 1.11241661216e-05, 1.33537696456e-06, 6.2090098254e-06, 1.18812681649e-06, 2.30659406952e-06, 8.45337854116e-06, 9.43932434438e-07, 2.4649630177e-06, 9.47941714458e-07, 4.26692793098e-07, 7.47192743233e-08, 2.63071857631e-08, 2.05613992499e-09, 8.19768364302e-10, 3.0427838027e-10, 1.25468344048e-10, 5.54881522674e-11, 5.30369775875e-11, 6.02264627059e-11, 1.22304597006e-10, 4.32593606092e-06], "mean": [0.00409057969227, 0.022788349539, 0.00671006552875, 0.0052037849091, 0.00357696204446, 0.00304412911646, 0.0033431884367, 0.0012210609857, 0.00258289091289, 0.000977256800979, 0.0012607636163, 0.00308890803717, 0.00108639535028, 0.00192128191702, 0.00117185141426, 0.00084073265316, 0.000349974958226, 0.000207060729736, 3.698591172e-05, 1.00023526102e-05, 8.04053615866e-06, 5.15101237397e-06, 3.98659040002e-06, 4.08636788052e-06, 4.71328121421e-06, 7.15382839189e-06, 0.00336239184253]}, "erbbands_skewness": {"dmean2": 0.411597877741, "median": -0.376339972019, "min": -1.60327684879, "dvar2": 0.100704625249, "dvar": 0.0384337417781, "dmean": 0.259307652712, "max": 1.090685606, "var": 0.152348041534, "mean": -0.335678756237}, "erbbands_spread": {"dmean2": 5.3103351593, "median": 20.2900733948, "min": 8.13325881958, "dvar2": 19.2889614105, "dvar": 7.12860250473, "dmean": 3.3080060482, "max": 71.1167602539, "var": 55.0426559448, "mean": 22.0203285217}, "melbands_kurtosis": {"dmean2": 3.99843645096, "median": 2.50763607025, "min": -1.3095921278, "dvar2": 35.6105003357, "dvar": 15.869383812, "dmean": 2.5394115448, "max": 127.727134705, "var": 191.203659058, "mean": 6.52235174179}, "melbands": {"dmean2": [0.00403038272634, 0.00347919808701, 0.00189533852972, 0.000829099095426, 0.00047030634596, 0.000479035195895, 0.000508012715727, 0.000437838345533, 0.000373774062609, 0.000288957322482, 0.000107946550997, 0.000157489877893, 0.000170644503669, 0.00040315365186, 0.00013327972556, 7.91462516645e-05, 0.000146984530147, 0.000113270369184, 6.39891150058e-05, 4.64878321509e-05, 3.1853429391e-05, 1.59802311828e-05, 1.04622895378e-05, 6.16729448666e-06, 2.28473732022e-06, 7.23752407339e-07, 4.2814346557e-07, 3.50576328856e-07, 3.05427221292e-07, 2.4173834845e-07, 2.05312616686e-07, 1.68279072454e-07, 1.43543914533e-07, 1.21039263945e-07, 1.05128250993e-07, 9.22421747873e-08, 8.17194418801e-08, 7.30864329057e-08, 6.61686172521e-08, 6.08486416809e-08], "median": [0.00308847753331, 0.00235291174613, 0.00153422367293, 0.000656062329654, 0.000345868262229, 0.000415341230109, 0.000409725151258, 0.000339448277373, 0.000280286098132, 0.000261707144091, 8.96077617654e-05, 0.000123686491861, 0.000167596983374, 0.000313501135679, 0.000150724285049, 9.03595573618e-05, 0.000147360420669, 0.000137491078931, 7.7915356087e-05, 5.94393277424e-05, 4.37979615526e-05, 2.15715535887e-05, 1.45978110595e-05, 8.33178273751e-06, 2.94338155982e-06, 5.1151266689e-07, 1.17844194847e-07, 1.11336852626e-07, 9.79546115332e-08, 9.49887919433e-08, 5.01932078123e-08, 3.62907925933e-08, 3.04037399701e-08, 2.6767274619e-08, 2.39281963132e-08, 2.2207668593e-08, 2.09862118794e-08, 1.97783602829e-08, 1.87981878952e-08, 1.79559123126e-08], "min": [1.7491976887e-24, 2.3920512872e-24, 6.53604313248e-24, 2.87644067643e-24, 3.9175605637e-24, 2.23284673197e-24, 4.91495961023e-24, 8.3434875494e-24, 3.6106928827e-24, 2.89334359905e-24, 8.8726641221e-24, 9.40850341399e-24, 5.55262427891e