{"tonal": {"thpcp": [1, 0.726658403873, 0.416713386774, 0.363200217485, 0.326112806797, 0.306356549263, 0.330346554518, 0.362957119942, 0.383975327015, 0.418827623129, 0.433596670628, 0.468405663967, 0.520723223686, 0.456796348095, 0.359159529209, 0.359571993351, 0.401973336935, 0.416447967291, 0.429351836443, 0.426623523235, 0.388981193304, 0.385769784451, 0.347853064537, 0.284473985434, 0.292462438345, 0.321625441313, 0.303732246161, 0.268365889788, 0.242280453444, 0.238247036934, 0.279017686844, 0.318498283625, 0.349754959345, 0.393803060055, 0.422996431589, 0.712400794029], "hpcp": {"dmean2": [0.310945808887, 0.271236121655, 0.232514634728, 0.235354751348, 0.230153560638, 0.225368276238, 0.247586265206, 0.249171122909, 0.241610392928, 0.245346993208, 0.225319176912, 0.204307943583, 0.20329067111, 0.191038236022, 0.1867146492, 0.172790512443, 0.165564924479, 0.17444601655, 0.190569713712, 0.212785661221, 0.229957073927, 0.249378859997, 0.267259687185, 0.336015105247, 0.439809858799, 0.349492549896, 0.269245266914, 0.244184762239, 0.228114277124, 0.23208874464, 0.257705658674, 0.268274694681, 0.263646394014, 0.27202335, 0.277330726385, 0.289477616549], "median": [0.0912600085139, 0.0836090967059, 0.0623900480568, 0.0520782880485, 0.0557337999344, 0.0606644675136, 0.0758411735296, 0.0768279954791, 0.0754166394472, 0.0594554692507, 0.0540664531291, 0.0470854341984, 0.0485425814986, 0.0561529360712, 0.0520521625876, 0.0443605296314, 0.0409337878227, 0.0366492159665, 0.0394903682172, 0.0468916296959, 0.0535175465047, 0.0660775825381, 0.0748960524797, 0.186101362109, 0.226487159729, 0.196555450559, 0.0746053233743, 0.0602720752358, 0.0487440302968, 0.0432123169303, 0.0431689508259, 0.0492422021925, 0.0606355331838, 0.0744060799479, 0.0752466246486, 0.0796210318804], "min": [0, 0, 0, 0, 0, 0, 0, 0, 0, 0, 0, 0, 0, 0, 0, 0, 0, 0, 0, 0, 0, 0, 0, 0, 0, 0, 0, 0, 0, 0, 0, 0, 0, 0, 0, 0], "dvar2": [0.150579199195, 0.120385497808, 0.107368588448, 0.114569924772, 0.112515069544, 0.102769188583, 0.110995419323, 0.107112571597, 0.104941017926, 0.10951590538, 0.101728990674, 0.0902760773897, 0.0961393564939, 0.0769862160087, 0.0762854367495, 0.0736388266087, 0.0694344341755, 0.0875797048211, 0.0930367931724, 0.108949691057, 0.10932533443, 0.112119227648, 0.12356570363, 0.129179164767, 0.214321181178, 0.129737272859, 0.122002184391, 0.111629530787, 0.110866107047, 0.118026360869, 0.142136663198, 0.143715441227, 0.133287325501, 0.13094817102, 0.133566722274, 0.131409317255], "dvar": [0.0568809397519, 0.0454867593944, 0.0388451330364, 0.042728126049, 0.0410562008619, 0.0382749736309, 0.0406837761402, 0.0407500080764, 0.0380920544267, 0.0415430739522, 0.0381834581494, 0.0333888158202, 0.0341797471046, 0.0300320312381, 0.0291290059686, 0.0272697433829, 0.0255043767393, 0.0310318376869, 0.0343488790095, 0.0405367910862, 0.0411587283015, 0.0414729937911, 0.045979835093, 0.0477743633091, 0.0862661451101, 0.049211833626, 0.0461425222456, 0.0423559881747, 0.0408131144941, 0.0436957031488, 0.0509227328002, 0.0528185814619, 0.0492950454354, 0.0484943054616, 0.0493349730968, 0.05080531165], "dmean": [0.180192172527, 0.156256377697, 0.13250349462, 0.134416714311, 0.132964268327, 0.130882769823, 0.143710151315, 0.144806370139, 0.138486459851, 0.140856772661, 0.130919620395, 0.115479744971, 0.115827016532, 0.110875688493, 0.109036274254, 0.100690156221, 0.0943784788251, 0.0985542982817, 0.108976066113, 0.122367143631, 0.132381498814, 0.143477916718, 0.15312884748, 0.195408627391, 0.251391291618, 0.201531171799, 0.154155820608, 0.139370858669, 0.129414319992, 0.131033584476, 0.143922895193, 0.149342343211, 0.148827522993, 0.154625326395, 0.159391626716, 0.1669087708], "max": [1, 1, 1, 1, 1, 1, 1, 1, 1, 1, 1, 1, 1, 1, 1, 1, 1, 1, 1, 1, 1, 1, 1, 1, 1, 1, 1, 1, 1, 1, 1, 1, 1, 1, 1, 1], "var": [0.0730691924691, 0.0601802691817, 0.0426501408219, 0.0489903204143, 0.0606012493372, 0.0602716654539, 0.0537197627127, 0.0530236773193, 0.0432511232793, 0.0511624068022, 0.0431974940002, 0.0316837057471, 0.0331653505564, 0.0385587364435, 0.0340693406761, 0.027750717476, 0.0238239280879, 0.0263892803341, 0.0374644957483, 0.0434455797076, 0.04576934129, 0.0483228452504, 0.0536883100867, 0.0721866637468, 0.148288652301, 0.0739734098315, 0.0528359524906, 0.046447660774, 0.0427847579122, 0.0411110855639, 0.046814981848, 0.053884126246, 0.0513111911714, 0.0528677403927, 0.0564459525049, 0.0654354542494], "mean": [0.209139809012, 0.183464631438, 0.144250437617, 0.144416093826, 0.161445885897, 0.167259380221, 0.172442004085, 0.171346217394, 0.156227812171, 0.15493799746, 0.139709383249, 0.114254236221, 0.117462657392, 0.129175499082, 0.121988996863, 0.107784688473, 0.0973079055548, 0.0956879481673, 0.112062804401, 0.127919524908, 0.140473246574, 0.158164426684, 0.169889464974, 0.286123901606, 0.401633322239, 0.291850239038, 0.167365983129, 0.145873308182, 0.130977764726, 0.123042993248, 0.132678180933, 0.145775675774, 0.154217287898, 0.168215125799, 0.174146875739, 0.188127323985]}, "tuning_equal_tempered_deviation": 0.204867333174, "chords_changes_rate": 0.115792661905, "key_key": "A#", "tuning_diatonic_strength": 0.479902595282, "key_scale": "minor", "chords_number_rate": 0.00515307672322, "tuning_frequency": 434.193115234, "tuning_nontempered_energy_ratio": 0.840099990368, "chords_histogram": [3.18278264999, 7.15368270874, 5.06213998795, 0.0303122159094, 0, 1.18217647076, 1.27311301231, 9.00272846222, 9.48772335052, 11.7611398697, 1.54592299461, 1.03061532974, 3.91027593613, 0.48499545455, 0, 0, 2.42497730255, 3.00090932846, 5.45619869232, 25.826007843, 5.668384552, 1.60654747486, 0.151561081409, 0.757805407047], "key_strength": 0.565049946308, "chords_key": "E", "chords_strength": {"dmean2": 0.0165351312608, "median": 0.506651818752, "min": -1, "dvar2": 0.00128555379342, "dvar": 0.000696143193636, "dmean": 0.0134492600337, "max": 0.747401416302, "var": 0.0303775817156, "mean": 0.491515606642}, "chords_scale": "major", "hpcp_entropy": {"dmean2": 1.17782342434, "median": 2.56674265862, "min": 0, "dvar2": 0.878810048103, "dvar": 0.310967296362, "dmean": 0.696269214153, "max": 4.5171713829, "var": 0.632776677608, "mean": 2.51336956024}}, "metadata": {"audio_properties": {"equal_loudness": 0, "codec": "mp3", "downmix": "mix", "analysis_sample_rate": 44100, "bit_rate": 128000, "md5_encoded": "40cbb72772b98948960f98d054ca8a91", "length": 153.12979126, "replay_gain": -2.36895561218, "lossless": false}, "version": {"essentia_build_sha": "12879b851c9f4b0d899e1af4e221aa110f283a84", "essentia": "2.1-beta1", "extractor": "music 1.0", "essentia_git_sha": "v2.1_beta1-7-ge0e83e8-dirty"}, "tags": {"title": ["Congratulations"], "language": ["eng"], "albumartist": ["Cliff Richard"], "musicbrainz_recordingid": ["08723b14-976c-48d8-b27b-5560c3102b59"], "musicbrainz_albumartistid": ["b5c2fdfc-d037-45b8-84f9-09ebb7ff8aa1"], "discnumber": ["2/6"], "bpm": ["0"], "musicbrainz album release country": ["GB"], "musicbrainz album type": ["compilation"], "musicbrainz album status": ["official"], "file_name": "1231-2-18. Congratulations.mp3", "date": ["2002"], "genre": ["Rock/Pop"], "album": ["The Singles Collection"], "script": ["Latn"], "asin": ["B000069HG5"], "musicbrainz_albumid": ["7dfcc7e2-ea0c-4ccc-baf3-43a88db3ef10"], "artist": ["Cliff Richard"], "tracknumber": ["18/27"], "composer": ["Billy Marvin/Phil Coulter"], "ct_gapless_data": ["0"], "label": ["EMI"], "albumartistsort": ["Richard, Cliff"], "musicbrainz_artistid": ["b5c2fdfc-d037-45b8-84f9-09ebb7ff8aa1"]}}, "rhythm": {"bpm_histogram_first_peak_bpm": {"dmean2": 0, "median": 94, "min": 94, "dvar2": 0, "dvar": 0, "dmean": 0, "max": 94, "var": 0, "mean": 94}, "bpm": 93.272315979, "bpm_histogram_second_peak_spread": {"dmean2": 0, "median": 0, "min": 0, "dvar2": 0, "dvar": 0, "dmean": 0, "max": 0, "var": 0, "mean": 0}, "bpm_histogram_first_peak_weight": {"dmean2": 0, "median": 0.272084802389, "min": 0.272084802389, "dvar2": 0, "dvar": 0, "dmean": 0, "max": 0.272084802389, "var": 0, "mean": 0.272084802389}, "onset_rate": 3.59784531593, "beats_position": [0.673378646374, 1.34675729275, 2.00852608681, 2.67029476166, 3.34367346764, 4.01705217361, 4.69043064117, 5.36380958557, 6.025578022, 6.68734693527, 7.3491153717, 7.99927425385, 8.64943313599, 9.29959201813, 9.93814086914, 10.5882987976, 11.2384576797, 11.8886165619, 12.538775444, 13.1889343262, 13.8390922546, 14.4892511368, 15.1277999878, 15.7663488388, 16.4165077209, 17.0550556183, 17.693605423, 18.3437633514, 18.9823131561, 19.6208610535, 20.2710208893, 20.9211788177, 21.5597267151, 22.2098865509, 22.8484344482, 23.4869842529, 24.1255321503, 24.764081955, 25.4026298523, 26.0527877808, 26.6913375854, 27.3298854828, 27.9684352875, 28.5953731537, 29.2339229584, 29.8724708557, 30.5110206604, 31.1379585266, 31.7881164551, 32.4150543213, 33.0419960022, 33.6689338684, 34.2958717346, 34.9344215393, 35.572971344, 36.1999092102, 36.8268470764, 37.4537849426, 38.0923347473, 38.7192726135, 39.3462142944, 39.9615402222, 40.5884780884, 41.2154197693, 41.8423576355, 42.4692955017, 43.1078453064, 43.7463951111, 44.3849411011, 45.0351028442, 45.6852607727, 46.347026825, 47.0087966919, 47.6705665588, 48.3323364258, 49.0057144165, 49.6674804688, 50.3176422119, 50.9561882019, 51.5947380066, 52.2448959351, 52.8950538635, 53.5336036682, 54.1721534729, 54.8223114014, 55.4724693298, 56.1110191345, 56.7495689392, 57.3881187439, 58.0266647339, 58.6652145386, 59.3037643433, 59.9539222717, 60.6040802002, 61.2542381287, 61.8927879333, 62.531337738, 63.169883728, 63.8084335327, 64.4469833374, 65.0855331421, 65.7240829468, 66.3626327515, 67.0127868652, 67.6629486084, 68.3014984131, 68.9400405884, 69.5902023315, 70.2403640747, 70.8905181885, 71.5290679932, 72.1676177979, 72.8061676025, 73.4331054688, 74.0716552734, 74.6985931396, 75.3487548828, 75.9989089966, 76.6374588013, 77.276008606, 77.9145584106, 78.5531082153, 79.1800460815, 79.8069839478, 80.4455337524, 81.0840835571, 81.7226257324, 82.3611755371, 82.9997253418, 83.6382751465, 84.2652130127, 84.8921508789, 85.5307006836, 86.1692504883, 86.807800293, 87.4463500977, 88.0965042114, 88.7466659546, 89.3968200684, 90.0469818115, 90.7087478638, 91.393737793, 92.0787277222, 92.7521057129, 93.4254837036, 94.0872573853, 94.737411499, 95.3875732422, 96.037727356, 96.6878890991, 97.3264389038, 97.9649887085, 98.6151428223, 99.2653045654, 99.9038543701, 100.542404175, 101.180953979, 101.831108093, 102.469657898, 103.108207703, 103.758361816, 104.396911621, 105.035461426, 105.67401123, 106.300949097, 106.95111084, 107.578048706, 108.216598511, 108.855148315, 109.493690491, 110.132240295, 110.782402039, 111.432563782, 112.082717896, 112.744483948, 113.406257629, 114.068023682, 114.683357239, 115.287071228, 115.902404785, 116.482902527, 117.063400269, 117.620681763, 118.177955627, 118.723625183, 119.2576828, 119.791740417, 120.337409973, 120.766983032, 121.173332214, 121.568069458, 121.927978516, 122.287887573, 122.659408569, 123.030929565, 123.390838623, 123.762359619, 124.133872986, 124.493782043, 124.853691101, 125.190383911, 125.527069092, 125.863761902, 126.200454712, 126.525527954, 126.850608826, 127.175689697, 127.500770569, 127.814239502, 128.127700806, 128.452789307, 128.777862549, 129.091339111, 129.404800415, 129.741500854, 130.066574097, 130.3800354, 130.705123901, 131.030197144, 131.355285645, 131.680358887, 132.005432129, 132.33052063, 132.655593872, 132.969070435, 133.282531738, 133.607620239, 133.932693481, 134.246170044, 134.571243286, 134.896316528, 135.209793091, 135.534866333, 135.859954834, 136.173416138, 136.4868927, 136.811965942, 137.137054443, 137.450515747, 137.76399231, 138.089065552, 138.414154053, 138.739227295, 139.064300537, 139.389389038, 139.71446228, 140.027938843, 140.341400146, 140.666488647, 140.979949951, 141.293426514, 141.618499756, 141.931976318, 142.257049561, 142.582122803, 142.918823242, 143.243896484, 143.568969727, 143.894058228, 144.21913147, 144.544219971, 144.869293213, 145.194366455, 145.519454956, 145.844528198, 146.181228638, 146.517913818, 146.842987061, 147.168075562, 147.504760742, 147.841445923, 148.189743042, 148.514831543, 148.851516724, 149.188201904, 149.524902344, 149.873199463, 150.221496582, 150.569793701, 150.91809082, 151.277999878, 151.637908936, 151.997817993, 152.357727051], "beats_loudness": {"dmean2": 0.0354822315276, "median": 0.058790192008, "min": 0, "dvar2": 0.000820168817881, "dvar": 0.000282249500742, "dmean": 0.0202726125717, "max": 0.149546802044, "var": 0.000527472584508, "mean": 0.058283444494}, "danceability": 1.15450692177, "bpm_histogram_second_peak_weight": {"dmean2": 0, "median": 0.155477032065, "min": 0.155477032065, "dvar2": 0, "dvar": 0, "dmean": 0, "max": 0.155477032065, "var": 0, "mean": 0.155477032065}, "beats_count": 284, "bpm_histogram_second_peak_bpm": {"dmean2": 0, "median": 185, "min": 185, "dvar2": 0, "dvar": 0, "dmean": 0, "max": 185, "var": 0, "mean": 185}, "bpm_histogram_first_peak_spread": {"dmean2": 0, "median": 0.54166662693, "min": 0.54166662693, "dvar2": 0, "dvar": 0, "dmean": 0, "max": 0.54166662693, "var": 0, "mean": 0.54166662693}, "beats_loudness_band_ratio": {"dmean2": [0.338112026453, 0.158832460642, 0.133459210396, 0.130431428552, 0.0908159837127, 0.214646041393], "median": [0.23603567481, 0.0471706353128, 0.055850174278, 0.110868602991, 0.0752714723349, 0.306233882904], "min": [0, 0, 0, 0, 0, 0], "dvar2": [0.0717742145061, 0.0288055427372, 0.0169235654175, 0.0119032468647, 0.00611920561641, 0.0295645799488], "dvar": [0.0228283647448, 0.0103240003809, 0.00635380297899, 0.00436034472659, 0.00207310728729, 0.00999198481441], "dmean": [0.187550216913, 0.0878682881594, 0.0753680169582, 0.0749840661883, 0.0495834052563, 0.119488559663], "max": [0.901078760624, 0.596362411976, 0.582559943199, 0.555560112, 0.315688639879, 0.784876406193], "var": [0.0323681011796, 0.0117879398167, 0.00829552300274, 0.00745367165655, 0.00237186485901, 0.0147852431983], "mean": [0.272864729166, 0.0946935117245, 0.0853214785457, 0.12645457685, 0.0818608254194, 0.306018859148]}}, "lowlevel": {"barkbands_spread": {"dmean2": 16.3185176849, "median": 42.3835678101, "min": 0.573658108711, "dvar2": 241.543930054, "dvar": 108.738327026, "dmean": 10.6205968857, "max": 124.401451111, "var": 440.923400879, "mean": 43.896648407}, "melbands_spread": {"dmean2": 12.4563474655, "median": 24.5961494446, "min": 0.468356341124, "dvar2": 187.81350708, "dvar": 88.6367263794, "dmean": 8.11852359772, "max": 225.53918457, "var": 468.396026611, "mean": 28.8215751648}, "hfc": {"dmean2": 140.059265137, "median": 264.543060303, "min": 1.07657900831e-16, "dvar2": 26649.4492188, "dvar": 10787.3876953, "dmean": 92.82396698, "max": 1642.63208008, "var": 36062.8398438, "mean": 298.213043213}, "barkbands_kurtosis": {"dmean2": 6.57841157913, "median": 1.67368555069, "min": -1.84059727192, "dvar2": 444.565490723, "dvar": 163.013275146, "dmean": 3.99084973335, "max": 264.245666504, "var": 254.43107605, "mean": 5.31448793411}, "gfcc": {"mean": [-3.1243917942, 83.7830047607, -100.418540955, -6.66871500015, 4.61163663864, -17.9798126221, 15.0849552155, -25.4594631195, 2.10681986809, -8.73985004425, -7.33895015717, -4.11380004883, -6.31522941589], "icov": [[0.000143618119182, -0.000603968161158, 0.00123259180691, -0.00110659294296, 0.000598429236561, -0.00031262927223, 0.000319878396112, -0.000250532437349, 0.000432178552728, -0.000439122872194, 0.000396588613512, -0.000270360527793, 0.000208321478567], [-0.000603968161158, 0.00486097484827, -0.00655472511426, 0.0066482690163, -0.00259863096289, 0.00140021042898, -0.00253883493133, 0.0034327248577, -0.00386992632411, 0.00397989992052, -0.00423544459045, 0.00435958243906, -0.00332249491476], [0.00123259180691, -0.00655472511426, 0.0158194378018, -0.0135781206191, 0.00736703304574, -0.00500904023647, 0.00466382596642, -0.00492685195059, 0.00575933139771, -0.00652293581516, 0.0046168086119, -0.00379273621365, 0.00185338815209], [-0.00110659294296, 0.0066482690163, -0.0135781206191, 0.0171544868499, -0.00833988003433, 0.00433924933895, -0.00500768842176, 0.00294793676585, -0.00207404443063, 0.00270493444987, -0.00197553564794, -0.000637161720078, 0.00256244908087], [0.000598429236561, -0.00259863096289, 0.00736703304574, -0.00833988003433, 0.0100337956101, -0.00427072215825, -0.000447004713351, 0.00165462039877, -0.000384317128919, 0.00147448305506, -0.0025809048675, 0.00460867071524, -0.00418134592474], [-0.00031262927223, 0.00140021042898, -0.00500904023647, 0.00433924933895, -0.00427072215825, 0.00792435090989, -0.00125436019152, -0.00273591442965, 0.00300059351139, -0.00037867561332, 0.00115827936679, -0.00157965125982, 0.000500506255776], [0.000319878396112, -0.00253883493133, 0.00466382596642, -0.00500768842176, -0.000447004713351, -0.00125436019152, 0.00975029729307, -0.00284085352905, -0.00073846266605, -0.0012904353207, 0.00354315340519, -0.00599753204733, 0.00425474857911], [-0.000250532437349, 0.0034327248577, -0.00492685195059, 0.00294793676585, 0.00165462039877, -0.00273591442965, -0.00284085352905, 0.0135543690994, -0.00947308074683, 0.00528679415584, -0.00823644828051, 0.0102035682648, -0.00769724370912], [0.000432178552728, -0.00386992632411, 0.00575933139771, -0.00207404443063, -0.000384317128919, 0.00300059351139, -0.00073846266605, -0.00947308074683, 0.0212253239006, -0.0154956737533, 0.011201357469, -0.0115910796449, 0.00946529395878], [-0.000439122872194, 0.00397989992052, -0.00652293581516, 0.00270493444987, 0.00147448305506, -0.00037867561332, -0.0012904353207, 0.00528679415584, -0.0154956737533, 0.0316239744425, -0.0207219887525, 0.0136722018942, -0.00937634613365], [0.000396588613512, -0.00423544459045, 0.0046168086119, -0.00197553564794, -0.0025809048675, 0.00115827936679, 0.00354315340519, -0.00823644828051, 0.011201357469, -0.0207219887525, 0.0344501174986, -0.0181803144515, 0.00674326019362], [-0.000270360527793, 0.00435958243906, -0.00379273621365, -0.000637161720078, 0.00460867071524, -0.00157965125982, -0.00599753204733, 0.0102035682648, -0.0115910796449, 0.0136722018942, -0.0181803144515, 0.0290644988418, -0.0125047145411], [0.000208321478567, -0.00332249491476, 0.00185338815209, 0.00256244908087, -0.00418134592474, 0.000500506255776, 0.00425474857911, -0.00769724370912, 0.00946529395878, -0.00937634613365, 0.00674326019362, -0.0125047145411, 0.0218199584633]], "cov": [[29368.359375, 1215.05883789, -2546.79858398, 105.512786865, 151.291931152, -900.889404297, 441.510864258, -1010.06512451, 64.5648193359, -354.66217041, -240.04800415, 10.7740192413, -384.237976074], [1215.05883789, 993.963745117, 5.56657266617, -371.370178223, -11.1887836456, 27.6083259583, -102.586730957, 0.17407540977, -5.52882289886, 25.1819000244, 34.5470733643, -90.760635376, 150.70539856], [-2546.79858398, 5.56657266617, 589.565368652, 122.372840881, -102.521865845, 203.741455078, -96.7250061035, 164.479797363, -50.6443862915, 67.376335144, 39.5244674683, -0.111338451505, 51.9203720093], [105.512786865, -371.370178223, 122.372840881, 424.730926514, 93.539680481, -8.25195884705, 141.256896973, -49.0118713379, 0.69139957428, -26.1818733215, -16.5392360687, 66.7950515747, -112.70791626], [151.291931152, -11.1887836456, -102.521865845, 93.539680481, 277.139770508, 38.8026313782, 81.3288879395, -57.1852645874, -17.802734375, -33.83751297, -5.1238489151, -6.94093370438, 1.54979205132], [-900.889404297, 27.6083259583, 203.741455078, -8.25195884705, 38.8026313782, 283.574157715, -41.6917610168, 105.463134766, -60.1686706543, 16.2300033569, 17.2093143463, -17.2836589813, 60.583732605], [441.510864258, -102.586730957, -96.7250061035, 141.256896973, 81.3288879395, -41.6917610168, 239.852401733, -37.7662773132, 62.9909629822, -26.1995563507, -16.8626689911, 52.0626945496, -75.2951507568], [-1010.06512451, 0.17407540977, 164.479797363, -49.0118713379, -57.1852645874, 105.463134766, -37.7662773132, 222.684875488, 38.2089424133, 58.3277587891, 33.3096656799, -27.2192211151, 56.592666626], [64.5648193359, -5.52882289886, -50.6443862915, 0.69139957428, -17.802734375, -60.1686706543, 62.9909629822, 38.2089424133, 137.178451538, 40.0581092834, 4.52308225632, 19.5078487396, -30.5846309662], [-354.66217041, 25.1819000244, 67.376335144, -26.1818733215, -33.83751297, 16.2300033569, -26.1995563507, 58.3277587891, 40.0581092834, 88.4275054932, 41.7312469482, -6.13260126114, 27.6107616425], [-240.04800415, 34.5470733643, 39.5244674683, -16.5392360687, -5.1238489151, 17.2093143463, -16.8626689911, 33.3096656799, 4.52308225632, 41.7312469482, 67.3270263672, 19.4831390381, 26.1283359528], [10.7740192413, -90.760635376, -0.111338451505, 66.7950515747, -6.94093370438, -17.2836589813, 52.0626945496, -27.2192211151, 19.5078487396, -6.13260126114, 19.4831390381, 89.2648773193, -8.40718078613], [-384.237976074, 150.70539856, 51.9203720093, -112.70791626, 1.54979205132, 60.583732605, -75.2951507568, 56.592666626, -30.5846309662, 27.6107616425, 26.1283359528, -8.40718078613, 127.063980103]]}, "spectral_energyband_middle_low": {"dmean2": 0.005217066966, "median": 0.00578692369163, "min": 1.69222263581e-22, "dvar2": 4.67387690151e-05, "dvar": 2.15696691157e-05, "dmean": 0.00349653558806, "max": 0.0823559612036, "var": 9.07111025299e-05, "mean": 0.0089355930686}, "melbands_crest": {"dmean2": 6.24757480621, "median": 14.5864696503, "min": 1.65030753613, "dvar2": 30.0895423889, "dvar": 11.90147686, "dmean": 3.88493657112, "max": 37.8874702454, "var": 47.6452980042, "mean": 15.3994913101}, "spectral_kurtosis": {"dmean2": 7.10763454437, "median": 20.1252498627, "min": -1.25963521004, "dvar2": 63.4092025757, "dvar": 27.7023353577, "dmean": 4.75353717804, "max": 85.7061309814, "var": 87.4647979736, "mean": 21.7901420593}, "spectral_rms": {"dmean2": 0.00129083218053, "median": 0.00653385836631, "min": 3.13824899227e-12, "dvar2": 1.52883023929e-06, "dvar": 7.05562001713e-07, "dmean": 0.000875988858752, "max": 0.0149652166292, "var": 4.62881052954e-06, "mean": 0.0063599855639}, "zerocrossingrate": {"dmean2": 0.0497966893017, "median": 0.3583984375, "min": 0.05859375, "dvar2": 0.00223750364967, "dvar": 0.00128551956732, "dmean": 0.0395898744464, "max": 0.77783203125, "var": 0.00729983393103, "mean": 0.356833815575}, "silence_rate_60dB": {"dmean2": 0.00606612069532, "median": 0, "min": 0, "dvar2": 0.00724358996376, "dvar": 0.0030237340834, "dmean": 0.00303260050714, "max": 1, "var": 0.033653292805, "mean": 0.0348696187139}, "erbbands_kurtosis": {"dmean2": 1.57392406464, "median": 0.535273194313, "min": -1.62186455727, "dvar2": 3.18213105202, "dvar": 1.39164936543, "dmean": 1.01006019115, "max": 20.1304111481, "var": 3.88934397697, "mean": 1.0899784565}, "erbbands": {"dmean2": [0.341505110264, 1.86200416088, 4.63285064697, 4.22504520416, 6.21721696854, 10.3715295792, 10.1270484924, 11.7454862595, 11.9337711334, 15.2699241638, 18.048248291, 32.9808921814, 34.8981323242, 47.8488388062, 42.7837524414, 45.6633605957, 50.21251297, 38.8681716919, 58.0908355713, 42.0500030518, 29.0634765625, 17.2456474304, 18.1153450012, 18.2879886627, 13.4962902069, 24.176322937, 8.33058452606, 4.91952133179, 3.27407050133, 2.11357188225, 1.85367226601, 0.26390299201, 0.0578037835658, 0.038922265172, 0.0257541798055, 0.0168590918183, 0.076281554997, 0.151574060321, 0.146738812327, 0.0302473399788], "median": [0.128198727965, 0.780307769775, 2.19641399384, 2.29387235641, 2.60843753815, 3.22336196899, 3.36070847511, 3.51537251472, 4.17033195496, 5.10242462158, 5.76043510437, 10.9410953522, 15.9623088837, 23.0153236389, 23.2269020081, 23.7259712219, 33.1637420654, 31.4490852356, 40.451499939, 29.3604202271, 18.5224094391, 10.1746883392, 8.54201126099, 8.42137908936, 6.2913274765, 5.85509872437, 4.1554942131, 2.47544050217, 1.28159999847, 0.599956989288, 0.342908471823, 0.0820021256804, 0.0203140936792, 0.0116982478648, 0.00812940951437, 0.00749489665031, 0.024468831718, 0.0653147697449, 0.0921909511089, 0.0484128966928], "min": [1.0300808123e-22, 6.87300503659e-22, 2.98824893178e-21, 2.97580891085e-21, 1.02064402144e-20, 1.45338057006e-20, 4.44546765219e-20, 3.29044498985e-20, 1.16675285891e-19, 1.56827175662e-19, 2.63599765453e-19, 3.63817582199e-19, 2.64785942451e-19, 4.73936544082e-19, 1.01658346613e-18, 1.07846433077e-18, 1.94623273143e-18, 1.78939804652e-18, 2.4626773634e-18, 2.52905178332e-18, 3.12899864378e-18, 3.85513686976e-18, 5.51060114021e-18, 5.10719714959e-18, 7.09859849195e-18, 8.53006018458e-18, 9.8036627291e-18, 1.07274704449e-17, 9.12612405244e-18, 1.00595800029e-17, 1.09369084401e-17, 1.05063840923e-17, 1.04820600192e-17, 8.8332210519e-18, 6.78177342809e-18, 4.04559810093e-18, 2.24688103764e-18, 9.51291515444e-19, 2.54292174104e-19, 2.75483197229e-20], "dvar2": [0.402540624142, 10.0251550674, 41.4907531738, 40.4945602417, 124.700828552, 483.648498535, 402.584686279, 666.170471191, 698.83392334, 1342.0501709, 1988.64416504, 5178.90673828, 3653.84082031, 7874.53466797, 5476.24560547, 7877.24414062, 7750.91943359, 3283.17041016, 11215.3632812, 6441.27685547, 3400.17871094, 1527.10949707, 2138.34057617, 2175.93432617, 927.204589844, 5821.08789062, 352.573791504, 86.5122756958, 42.7621078491, 23.043762207, 34.0527992249, 0.213321104646, 0.00714367767796, 0.00334535748698, 0.00140444585122, 0.000531559344381, 0.0279208850116, 0.107129149139, 0.103127732873, 0.00196243170649], "dvar": [0.143432319164, 4.07216453552, 16.2548885345, 16.5000514984, 58.3320999146, 239.159759521, 189.921112061, 288.50894165, 293.004760742, 546.963867188, 791.649780273, 2257.08642578, 1531.11791992, 3237.34887695, 2182.15063477, 2914.18994141, 3013.78881836, 1327.08935547, 4583.01611328, 2575.48901367, 1554.83447266, 700.001342773, 951.103393555, 932.885437012, 403.461517334, 2538.82373047, 160.190643311, 42.4697418213, 21.1679134369, 11.1075048447, 15.368976593, 0.0979351401329, 0.00296246586367, 0.00137651024852, 0.000580201565754, 0.000225584721193, 0.013305278495, 0.0558067075908, 0.052365642041, 0.00111291441135], "dmean": [0.205409243703, 1.13866901398, 2.83432936668, 2.57164168358, 3.99824404716, 6.79824781418, 6.63477754593, 7.57143306732, 7.57725954056, 9.72407436371, 11.2256374359, 21.1909732819, 21.6960105896, 30.1292476654, 26.6386985779, 28.0434246063, 30.9624233246, 24.4870357513, 37.0386009216, 26.6261959076, 18.9124298096, 11.534034729, 12.2624931335, 12.3181657791, 9.15129470825, 16.1880512238, 5.89516401291, 3.51119923592, 2.36032176018, 1.49603366852, 1.27235817909, 0.174329653382, 0.035411786288, 0.0236174874008, 0.0157022103667, 0.0105518689379, 0.0533822216094, 0.114329904318, 0.109743461013, 0.0227960087359], "max": [6.98985290527, 41.7826843262, 63.0502548218, 114.487861633, 170.392166138, 446.181488037, 349.198150635, 319.162719727, 376.465606689, 570.024230957, 649.903747559, 1258.07128906, 778.17980957, 1209.15319824, 1422.94543457, 992.545593262, 1421.59216309, 601.13458252, 1739.18432617, 1108.45251465, 1271.99035645, 1014.64361572, 877.519165039, 808.248718262, 373.422790527, 1126.4786377, 222.630783081, 98.7866210938, 88.001625061, 74.4144287109, 89.7156982422, 4.28214788437, 0.939519047737, 0.64755487442, 0.41124561429, 0.234713375568, 1.70396351814, 5.97830104828, 3.86224222183, 0.680373311043], "var": [0.248121544719, 8.36735248566, 38.3248825073, 34.7813148499, 119.296676636, 678.489929199, 556.986572266, 600.073547363, 698.395263672, 1030.14086914, 1528.0925293, 5290.79882812, 3173.20019531, 6147.56201172, 4608.29931641, 5857.93261719, 5255.64111328, 3156.59814453, 10115.7060547, 5091.59960938, 3279.53344727, 1352.42370605, 1457.79443359, 1479.6796875, 652.864624023, 3706.41235352, 266.201141357, 82.4622192383, 36.3314666748, 17.2419338226, 20.161819458, 0.140027046204, 0.00357705890201, 0.00159626756795, 0.000692465517204, 0.000311367533868, 0.0214119497687, 0.110772378743, 0.11799775809, 0.00397582305595], "mean": [0.316287338734, 1.82527959347, 4.50706768036, 4.19695520401, 6.13793420792, 10.9829425812, 11.2948827744, 11.8036594391, 12.245724678, 15.332201004, 18.0569992065, 34.6469917297, 34.8176422119, 48.8962211609, 45.6472625732, 49.9048271179, 55.4125518799, 48.6225585938, 69.7309570312, 49.9925460815, 35.0287475586, 20.195602417, 20.0082302094, 19.0831298828, 14.3144283295, 22.9029502869, 9.29304027557, 5.5924706459, 3.41213107109, 1.98054480553, 1.57865571976, 0.212507039309, 0.0404567047954, 0.0257105510682, 0.0175013635308, 0.0134450886399, 0.0727611035109, 0.176094159484, 0.199063271284, 0.0650839284062]}, "spectral_strongpeak": {"dmean2": 19.4913043976, "median": 0.475484192371, "min": 0, "dvar2": 1669.06774902, "dvar": 619.205993652, "dmean": 10.3900241852, "max": 214.892623901, "var": 549.468078613, "mean": 8.30523204803}, "spectral_energy": {"dmean2": 0.0186292659491, "median": 0.0437585934997, "min": 1.00948225305e-20, "dvar2": 0.000439590279711, "dvar": 0.000184892021935, "dmean": 0.0122981332242, "max": 0.229556649923, "var": 0.000689662410878, "mean": 0.0462051108479}, "average_loudness": 0.952308177948, "spectral_rolloff": {"dmean2": 4081.43701172, "median": 21414.7695312, "min": 64.599609375, "dvar2": 73780136, "dvar": 27952530, "dmean": 2150.51000977, "max": 22050, "var": 28313486, "mean": 19714.84375}, "spectral_centroid": {"dmean2": 387.926574707, "median": 1347.55639648, "min": 195.111740112, "dvar2": 184090.84375, "dvar": 93794.9140625, "dmean": 271.306060791, "max": 11671.0419922, "var": 1805245.75, "mean": 1607.69177246}, "pitch_salience": {"dmean2": 0.113756760955, "median": 0.564017891884, "min": 0.103569820523, "dvar2": 0.00987219810486, "dvar": 0.00409887358546, "dmean": 0.0725520849228, "max": 0.952608942986, "var": 0.0179816726595, "mean": 0.543385267258}, "spectral_energyband_middle_high": {"dmean2": 0.00441024033353, "median": 0.00728063005954, "min": 1.1431508838e-21, "dvar2": 2.78984916804e-05, "dvar": 1.3008066162e-05, "dmean": 0.0030472590588, "max": 0.0581709034741, "var": 5.61010929232e-05, "mean": 0.00895060040057}, "spectral_contrast_coeffs": {"dmean2": [0.0867414548993, 0.0781890228391, 0.064992710948, 0.0493245832622, 0.0370648428798, 0.0794419199228], "median": [-0.691251039505, -0.791083931923, -0.792053103447, -0.7934705019, -0.80666577816, -0.699421405792], "min": [-0.978819072247, -0.980996310711, -0.976625442505, -0.974163115025, -0.966970801353, -0.964292347431], "dvar2": [0.00468043191358, 0.0037733130157, 0.00257779355161, 0.00145996024366, 0.000917701749131, 0.00450933957472], "dvar": [0.00175886915531, 0.00138805655297, 0.000973204965703, 0.000549736665562, 0.000377136137104, 0.0020582601428], "dmean": [0.0530703775585, 0.0470127165318, 0.0393386520445, 0.0298048406839, 0.0229569934309, 0.0529881082475], "max": [-0.325258880854, -0.519788682461, -0.553589820862, -0.605361163616, -0.643951892853, -0.420090734959], "var": [0.00846835225821, 0.00442525744438, 0.00348308985122, 0.00227788323537, 0.00177746615373, 0.00913169514388], "mean": [-0.689450979233, -0.784681856632, -0.78889721632, -0.792716622353, -0.807569980621, -0.704018235207]}, "melbands_skewness": {"dmean2": 1.22189724445, "median": 1.74483585358, "min": -2.34703874588, "dvar2": 1.84204447269, "dvar": 0.765413045883, "dmean": 0.797650039196, "max": 18.6691474915, "var": 3.51443958282, "mean": 2.18233633041}, "spectral_spread": {"dmean2": 666025.125, "median": 3947397.5, "min": 1930352.125, "dvar2": 799095652352, "dvar": 388245848064, "dmean": 433125.96875, "max": 42950772, "var": 20916320862200.0, "mean": 4512643}, "dissonance": {"dmean2": 0.0244547110051, "median": 0.484130501747, "min": 0, "dvar2": 0.0008548910846, "dvar": 0.000309541646857, "dmean": 0.0143762258813, "max": 0.5, "var": 0.000452100357506, "mean": 0.477896571159}, "spectral_skewness": {"dmean2": 0.552868783474, "median": 3.11931610107, "min": -0.0872258469462, "dvar2": 0.321882933378, "dvar": 0.1486684829, "dmean": 0.382344186306, "max": 7.49751424789, "var": 0.764564692974, "mean": 3.15232658386}, "spectral_flux": {"dmean2": 0.0346584841609, "median": 0.116246782243, "min": 6.3763917757e-11, "dvar2": 0.00106615992263, "dvar": 0.000469976017484, "dmean": 0.0223892237991, "max": 0.344219624996, "var": 0.00180263910443, "mean": 0.11544084549}, "spectral_contrast_valleys": {"dmean2": [0.652524590492, 0.605071187019, 0.496533036232, 0.396271675825, 0.444187760353, 0.980056166649], "median": [-6.82134199142, -6.61183977127, -6.58758544922, -6.77495670319, -7.20012617111, -11.1164312363], "min": [-28.0707015991, -28.2920818329, -27.8983573914, -28.0369815826, -27.5528774261, -27.4462242126], "dvar2": [0.284565627575, 0.238153502345, 0.16961710155, 0.123986259103, 0.204754695296, 0.692679226398], "dvar": [0.120190039277, 0.109733879566, 0.0900631919503, 0.075428918004, 0.123465813696, 0.286158978939], "dmean": [0.398419767618, 0.376818627119, 0.31827121973, 0.267027050257, 0.335668623447, 0.610990643501], "max": [-5.1272277832, -4.82148313522, -5.03449630737, -5.27947092056, -5.47428894043, -9.01862812042], "var": [7.1177110672, 7.36981391907, 7.24918174744, 7.24971103668, 7.16199207306, 4.76303958893], "mean": [-7.24577283859, -7.00318861008, -7.01728630066, -7.24847698212, -7.66537475586, -11.4491958618]}, "erbbands_flatness_db": {"dmean2": 0.0314433462918, "median": 0.146617725492, "min": 0.0384136661887, "dvar2": 0.000693216512445, "dvar": 0.00031503799255, "dmean": 0.0211187880486, "max": 0.318449825048, "var": 0.0015050994698, "mean": 0.149835303426}, "spectral_energyband_high": {"dmean2": 0.00150566734374, "median": 0.00123814074323, "min": 7.07028670391e-21, "dvar2": 7.99800545792e-06, "dvar": 4.41228075942e-06, "dmean": 0.00116961752065, "max": 0.0339362621307, "var": 1.13680316645e-05, "mean": 0.0023169782944}, "spectral_entropy": {"dmean2": 0.214252009988, "median": 7.65761375427, "min": 6.39794683456, "dvar2": 0.0427545011044, "dvar": 0.0206826534122, "dmean": 0.14913469553, "max": 9.82345485687, "var": 0.158114418387, "mean": 7.63793849945}, "silence_rate_20dB": {"dmean2": 0, "median": 1, "min": 1, "dvar2": 0, "dvar": 0, "dmean": 0, "max": 1, "var": 0, "mean": 1}, "melbands_flatness_db": {"dmean2": 0.0489099062979, "median": 0.220444262028, "min": 0.00301844254136, "dvar2": 0.00189533294179, "dvar": 0.000851508113556, "dmean": 0.0330540947616, "max": 0.567500531673, "var": 0.004927797243, "mean": 0.225012376904}, "barkbands": {"dmean2": [0.00234852638096, 0.00889448262751, 0.00392807740718, 0.00155858660582, 0.00255193468183, 0.00135586247779, 0.000914412434213, 0.000794938823674, 0.00136927864514, 0.0014973533107, 0.00117437704466, 0.00115933502093, 0.00110664882232, 0.000904636399355, 0.00113876943942, 0.000603221647907, 0.00032494898187, 0.000353155686753, 0.000302913278574, 0.000433118635556, 0.000155945352162, 8.29772980069e-05, 6.33559102425e-05, 5.29233147972e-06, 3.54752933163e-06, 5.08630182594e-05, 0.00149577914272], "median": [0.000660331919789, 0.00424042809755, 0.00173545465805, 0.000564782414585, 0.00103087280877, 0.000424052355811, 0.00031999044586, 0.000200415350264, 0.000482961651869, 0.00058045971673, 0.000488338177092, 0.000512215134222, 0.000675096758641, 0.000584071269259, 0.000691508641466, 0.000358997291187, 0.000169779959833, 0.000149641360622, 0.000136463553645, 0.000122624100186, 7.8416444012e-05, 3.14848111884e-05, 1.30391144921e-05, 1.60407330441e-06, 1.05831406927e-06, 1.40163328979e-05, 0.00182629469782], "min": [5.61205163609e-25, 2.7734398969e-24, 5.11736139977e-25, 3.67580240499e-25, 6.15668781176e-24, 6.29886579043e-24, 8.19017874336e-24, 8.69596243477e-24, 1.8164189719e-23, 1.58731846113e-23, 1.57219047555e-23, 1.44208632858e-23, 3.66786210582e-23, 2.69543989439e-23, 4.07846105155e-23, 4.60679559411e-23, 5.51674286175e-23, 1.028692354e-22, 1.37396661169e-22, 1.73334462951e-22, 2.39179218584e-22, 2.52982517377e-22, 4.63719804096e-22, 5.82971440133e-22, 8.62650828078e-22, 1.22987933719e-21, 2.01940596529e-21], "dvar2": [1.74860706466e-05, 0.000233589686104, 2.99766143144e-05, 6.87663214194e-06, 2.11450660572e-05, 7.59410386308e-06, 3.46106662619e-06, 4.73615591545e-06, 7.88160468801e-06, 6.72825171932e-06, 4.49225262855e-06, 5.04248509969e-06, 3.47373270415e-06, 2.06395384339e-06, 4.25521102443e-06, 1.54348128945e-06, 5.19401396559e-07, 8.30962449072e-07, 5.88368095578e-07, 1.69868587818e-06, 1.02628490595e-07, 2.71592668355e-08, 3.32487282151e-08, 5.85605869352e-11, 2.7153397586e-11, 1.76782286587e-08, 5.01601562064e-06], "dvar": [6.99885094946e-06, 8.86948837433e-05, 1.19841452033e-05, 2.73898490377e-06, 1.02507501651e-05, 3.3646299471e-06, 1.4629075622e-06, 1.79183643922e-06, 3.47292916558e-06, 2.82031192e-06, 1.85203953151e-06, 1.86206375474e-06, 1.35864956974e-06, 8.54891709423e-07, 1.70840758074e-06, 6.60385921947e-07, 2.32795358102e-07, 3.80332664918e-07, 2.39057612816e-07, 7.60207967687e-07, 4.70580800993e-08, 1.33785418299e-08, 1.52753862892e-08, 2.46930913217e-11, 1.11979392772e-11, 8.37547808885e-09, 2.76570835922e-06], "dmean": [0.00142257974949, 0.00545140868053, 0.00239844108, 0.000940413912758, 0.00168898445554, 0.000885702494998, 0.000581656000577, 0.000484396208776, 0.00088290887652, 0.000935292104259, 0.000726513098925, 0.000709798943717, 0.00068224518327, 0.000562082335819, 0.000722800614312, 0.000381307298085, 0.000211841339478, 0.000238777502091, 0.000198354304302, 0.000294197641779, 0.000109738793981, 5.98680162511e-05, 4.38787719759e-05, 3.24082452607e-06, 2.15430668504e-06, 3.60264202754e-05, 0.00110889284406], "max": [0.0517654195428, 0.172036021948, 0.0625077411532, 0.0362694375217, 0.0804173499346, 0.0436019748449, 0.0305080190301, 0.0418624579906, 0.0474656969309, 0.029290754348, 0.0456888303161, 0.0320130959153, 0.0271026175469, 0.0250115208328, 0.0341759994626, 0.0196593683213, 0.0179051663727, 0.016418799758, 0.0134760998189, 0.020986776799, 0.00348125421442, 0.00190836482216, 0.00304807303473, 6.07553847658e-05, 5.78354374738e-05, 0.00167972256895, 0.0348182730377], "var": [1.46602178575e-05, 0.000173739870661, 2.98056147585e-05, 4.42904092779e-06, 3.09413262585e-05, 7.97069606051e-06, 3.39477719535e-06, 2.79461528407e-06, 8.44259830046e-06, 5.38123231308e-06, 3.6253129565e-06, 3.5988430227e-06, 2.42515784521e-06, 1.76411390385e-06, 3.75099489247e-06, 1.19344963423e-06, 4.28266986319e-07, 5.83808400734e-07, 3.41065572229e-07, 1.16743433409e-06, 8.19004810637e-08, 2.26878302811e-08, 2.1010412965e-08, 3.01403138558e-11, 1.31335550074e-11, 1.29474031496e-08, 9.01093608263e-06], "mean": [0.00202137767337, 0.00917173922062, 0.00371477659792, 0.00124788202811, 0.00289405626245, 0.00142360280734, 0.000929953239392, 0.000686996907461, 0.00144782289863, 0.00140897382516, 0.00110229942948, 0.0011840085499, 0.00116617081221, 0.000993698835373, 0.00129518820904, 0.000676057767123, 0.000346696819179, 0.000372359383618, 0.00030159833841, 0.000428762461524, 0.000173177570105, 8.47563424031e-05, 5.52488199901e-05, 3.58023635272e-06, 2.34894355344e-06, 4.82631839986e-05, 0.00268436106853]}, "erbbands_skewness": {"dmean2": 0.551280677319, "median": -0.244921520352, "min": -3.96148109436, "dvar2": 0.217687904835, "dvar": 0.0928486138582, "dmean": 0.35535299778, "max": 2.8244843483, "var": 0.387815415859, "mean": -0.244409874082}, "erbbands_spread": {"dmean2": 9.42652797699, "median": 24.2994174957, "min": 4.08445978165, "dvar2": 79.3350524902, "dvar": 35.2560691833, "dmean": 6.2458152771, "max": 93.8387908936, "var": 166.260391235, "mean": 26.6391143799}, "melbands_kurtosis": {"dmean2": 10.5149078369, "median": 2.76210570335, "min": -1.81994688511, "dvar2": 578.380004883, "dvar": 217.241363525, "dmean": 6.52875471115, "max": 440.140045166, "var": 419.336975098, "mean": 9.41829967499}, "melbands": {"dmean2": [0.00267805671319, 0.00234791683033, 0.000746997538954, 0.000584522786085, 0.000369131186744, 0.000258888758253, 0.00018028638442, 0.000167197387782, 0.000166353042005, 0.000204409327125, 0.000182944364497, 0.000203691903153, 0.000159480929142, 0.000135847600177, 0.000119232943689, 0.000103396909253, 7.75226217229e-05, 9.8171956779e-05, 8.25302340672e-05, 4.60144801764e-05, 3.59504738299e-05, 1.9565477