{"tonal": {"thpcp": [1, 0.554463207722, 0.104871101677, 0.102017782629, 0.121799409389, 0.159588217735, 0.226992353797, 0.261083990335, 0.207808896899, 0.174543783069, 0.270561754704, 0.521874845028, 0.709071993828, 0.55092716217, 0.286565542221, 0.193378955126, 0.199755594134, 0.233206108212, 0.265689373016, 0.25266546011, 0.245864793658, 0.278399825096, 0.283329367638, 0.25808057189, 0.257280528545, 0.290122836828, 0.359145224094, 0.524927616119, 0.738834500313, 0.724939644337, 0.475338131189, 0.301640808582, 0.233794644475, 0.192806363106, 0.174058184028, 0.586093664169], "hpcp": {"dmean2": [0.462512582541, 0.370807021856, 0.221624538302, 0.171772032976, 0.192484885454, 0.243543490767, 0.270939707756, 0.236024990678, 0.208159327507, 0.209255278111, 0.203448534012, 0.213343054056, 0.252784401178, 0.29249098897, 0.325261831284, 0.412365376949, 0.540055453777, 0.568797171116, 0.409144878387, 0.283292293549, 0.231367126107, 0.184926986694, 0.155276983976, 0.318720847368, 0.517644286156, 0.298757851124, 0.0926205813885, 0.0878940597177, 0.104278206825, 0.135934874415, 0.168880194426, 0.195410341024, 0.17801746726, 0.160357236862, 0.237384870648, 0.395046591759], "median": [0.048894174397, 0.0335927791893, 0.0170640237629, 0.00742116104811, 0.00434381794184, 0.00336559489369, 0.00478358007967, 0.00690725119784, 0.0109271015972, 0.0141629874706, 0.0141782369465, 0.00770695088431, 0.00649339333177, 0.00515702459961, 0.00825005117804, 0.0319359786808, 0.0518920086324, 0.0361113622785, 0.0130387991667, 0.00448382273316, 0.00285801431164, 0.00407744618133, 0.00667325034738, 0.0624012574553, 0.0998994186521, 0.0659249797463, 0.00398218212649, 0.0036031617783, 0.00446503609419, 0.00712430104613, 0.011889282614, 0.00918582174927, 0.00488266535103, 0.00442601088434, 0.00790356192738, 0.0266710855067], "min": [0, 0, 0, 0, 0, 0, 0, 0, 0, 0, 0, 0, 0, 0, 0, 0, 0, 0, 0, 0, 0, 0, 0, 0, 0, 0, 0, 0, 0, 0, 0, 0, 0, 0, 0, 0], "dvar2": [0.232700422406, 0.188067615032, 0.121944323182, 0.10566394031, 0.132248014212, 0.199158370495, 0.225822672248, 0.185438454151, 0.150860443711, 0.145474135876, 0.141504853964, 0.15575799346, 0.174240887165, 0.186412274837, 0.199975639582, 0.226500526071, 0.274174869061, 0.332279711962, 0.235653966665, 0.18205870688, 0.155314251781, 0.118382282555, 0.0956210792065, 0.0954137071967, 0.192389518023, 0.0762031152844, 0.055528935045, 0.0538858920336, 0.0627905800939, 0.0818452835083, 0.107267141342, 0.140534698963, 0.131131410599, 0.0947686955333, 0.132798790932, 0.213666468859], "dvar": [0.0917105749249, 0.0718176588416, 0.0434330403805, 0.0367739833891, 0.0463319085538, 0.0687127187848, 0.0778520107269, 0.0644840747118, 0.0528212562203, 0.0508460886776, 0.0492833442986, 0.0549200214446, 0.0617378875613, 0.0668598413467, 0.0732180699706, 0.0879440382123, 0.108492545784, 0.126917675138, 0.0861732363701, 0.0659873485565, 0.0564855188131, 0.0415814630687, 0.0326830968261, 0.0445320419967, 0.112625539303, 0.0371323600411, 0.0195306129754, 0.0187618434429, 0.0219331160188, 0.0284237544984, 0.036661170423, 0.0478412657976, 0.0440836846828, 0.0329044423997, 0.0469486676157, 0.0788293927908], "dmean": [0.259328365326, 0.208196982741, 0.121103130281, 0.0911368876696, 0.100116878748, 0.125055536628, 0.138995081186, 0.123729392886, 0.110884018242, 0.112165674567, 0.108883582056, 0.112924344838, 0.131590768695, 0.151910230517, 0.17340490222, 0.223845601082, 0.293361783028, 0.301783561707, 0.215788215399, 0.148102223873, 0.120198637247, 0.0964443832636, 0.0816116183996, 0.183137029409, 0.292482942343, 0.169509038329, 0.0491761006415, 0.0469773411751, 0.0557841546834, 0.0733224526048, 0.0915350466967, 0.10426056385, 0.0935184881091, 0.0843791514635, 0.127057760954, 0.217651024461], "max": [1, 1, 1, 1, 1, 1, 1, 1, 1, 1, 1, 1, 1, 1, 1, 1, 1, 1, 1, 1, 1, 1, 1, 1, 1, 1, 1, 1, 1, 1, 1, 1, 1, 1, 1, 1], "var": [0.0968821048737, 0.0714346244931, 0.0325343459845, 0.024149235338, 0.0286793876439, 0.0407662913203, 0.0473090000451, 0.0406731031835, 0.0352472178638, 0.0400560684502, 0.0415684655309, 0.0396207049489, 0.0394082255661, 0.0423618294299, 0.0499862767756, 0.0708088427782, 0.101092338562, 0.111788995564, 0.0700472965837, 0.0460702516139, 0.0365861132741, 0.0255471114069, 0.0201314166188, 0.0500679910183, 0.144604727626, 0.0434810593724, 0.0125444829464, 0.0117083126679, 0.0139597058296, 0.0189832951874, 0.0276022199541, 0.0381996631622, 0.0297621637583, 0.021105023101, 0.0321795158088, 0.0683313086629], "mean": [0.213902756572, 0.166195869446, 0.0864470228553, 0.058335814625, 0.0602594278753, 0.0703503042459, 0.0801493898034, 0.0762205272913, 0.0741689950228, 0.0839836969972, 0.0854707732797, 0.0778540819883, 0.0776127278805, 0.0875201299787, 0.108341827989, 0.158352702856, 0.222881093621, 0.218689486384, 0.14339324832, 0.09099470824, 0.070527844131, 0.0581630803645, 0.0525073967874, 0.176804408431, 0.301665782928, 0.16726256907, 0.0316360220313, 0.0307752732188, 0.0367427133024, 0.0481423065066, 0.0684758275747, 0.0787601098418, 0.0626888349652, 0.0526538863778, 0.0816192254424, 0.157431781292]}, "tuning_equal_tempered_deviation": 0.185799270868, "chords_changes_rate": 0.0719856992364, "key_key": "D", "tuning_diatonic_strength": 0.453759223223, "key_scale": "minor", "chords_number_rate": 0.00211244728416, "tuning_frequency": 434.193115234, "tuning_nontempered_energy_ratio": 0.859254002571, "chords_histogram": [18.4595394135, 36.09034729, 5.42736434937, 8.95352649689, 0, 12.0084495544, 3.89990258217, 0.584985375404, 0, 2.1774456501, 0, 2.07994794846, 1.21871948242, 0, 0, 0, 1.348716259, 1.62495934963, 1.08872282505, 4.43613910675, 0.601234972477, 0, 0, 0], "key_strength": 0.599577963352, "chords_key": "F", "chords_strength": {"dmean2": 0.0132021056488, "median": 0.433510124683, "min": 0.246895030141, "dvar2": 0.000125240941998, "dvar": 7.65594959375e-05, "dmean": 0.0105972848833, "max": 0.788627028465, "var": 0.0154283884913, "mean": 0.46881711483}, "chords_scale": "major", "hpcp_entropy": {"dmean2": 1.21700835228, "median": 2.32647609711, "min": 0, "dvar2": 0.89162093401, "dvar": 0.298730224371, "dmean": 0.70441955328, "max": 4.20016860962, "var": 0.495287150145, "mean": 2.29009962082}}, "metadata": {"audio_properties": {"equal_loudness": 0, "codec": "vorbis", "downmix": "mix", "sample_rate": 44100, "analysis_sample_rate": 44100, "bit_rate": 256000, "md5_encoded": "7424b8f4747f5554697fc3ee814490c4", "length": 285.737518311, "replay_gain": -10.4125919342, "lossless": false}, "version": {"essentia_build_sha": "70f2e5ece6736b2c40cc944ad0e695b16b925413", "essentia": "2.1-beta2", "extractor": "music 1.0", "essentia_git_sha": "v2.1_beta2"}, "tags": {"title": ["Death of a Child"], "barcode": ["5018615110323"], "albumartist": ["Ultraviolence"], "tracktotal": ["10"], "language": ["eng"], "releasetype": ["album"], "musicbrainz_recordingid": ["08850ab7-7b9a-4ab4-b916-18c040da6dcd"], "album": ["Life of Destructor"], "musicbrainz_discid": ["JlSo2XL68bI_eGmdyXTDWah6tPM-"], "musicbrainz_albumartistid": ["344c5e8c-d4f1-4bec-8ff5-08ef100a9e5d"], "discnumber": ["0"], "bpm": ["0"], "catalognumber": ["MOSH103CD"], "releasecountry": ["GB"], "compilation": ["0"], "musicip_puid": ["370325ad-3088-a42b-a378-20c5193a3d72"], "albumartistsort": ["Ultraviolence"], "date": ["1994"], "file_name": "10-death_of_a_child.ogg", "disctotal": ["0"], "musicbrainz_artistid": ["344c5e8c-d4f1-4bec-8ff5-08ef100a9e5d"], "asin": ["B000024D4N"], "musicbrainz_albumid": ["64dd4979-45c9-4be1-8aef-4a2b7b9f8c38"], "tracknumber": ["10"], "artistsort": ["Ultraviolence"], "artist": ["Ultraviolence"], "label": ["Earache Records"], "releasestatus": ["official"], "totaldiscs": ["0"], "script": ["Latn"], "totaltracks": ["10"]}}, "rhythm": {"bpm_histogram_first_peak_bpm": {"dmean2": 0, "median": 83, "min": 83, "dvar2": 0, "dvar": 0, "dmean": 0, "max": 83, "var": 0, "mean": 83}, "bpm": 83.5188980103, "bpm_histogram_second_peak_spread": {"dmean2": 0, "median": 0.5, "min": 0.5, "dvar2": 0, "dvar": 0, "dmean": 0, "max": 0.5, "var": 0, "mean": 0.5}, "bpm_histogram_first_peak_weight": {"dmean2": 0, "median": 0.696470558643, "min": 0.696470558643, "dvar2": 0, "dvar": 0, "dmean": 0, "max": 0.696470558643, "var": 0, "mean": 0.696470558643}, "onset_rate": 2.89407372475, "beats_position": [0.66176867485, 1.34675729275, 2.02013611794, 2.68190479279, 3.3785033226, 4.07510185242, 4.78331041336, 5.47990942001, 6.18811798096, 6.8963265419, 7.61614513397, 8.33596324921, 9.05578231812, 9.77560043335, 10.4954195023, 11.2152376175, 11.9350566864, 12.6548748016, 13.3746938705, 14.0945119858, 14.8143310547, 15.5341491699, 16.2539672852, 16.9737873077, 17.693605423, 18.4134235382, 19.1332416534, 19.853061676, 20.5612697601, 21.2694778442, 21.9892959595, 22.7091159821, 23.4289340973, 24.1487522125, 24.8685703278, 25.5883903503, 26.3082084656, 27.0280265808, 27.747844696, 28.4676647186, 29.1874828339, 29.9073009491, 30.6271190643, 31.3469390869, 32.0667572021, 32.7865753174, 33.5063934326, 34.2262115479, 34.9460296631, 35.6658477783, 36.3740577698, 37.0822677612, 37.8020858765, 38.5219039917, 39.2417221069, 39.9615402222, 40.6813583374, 41.4011802673, 42.1209983826, 42.8408164978, 43.560634613, 44.2804527283, 45.0002708435, 45.7200889587, 46.439907074, 47.1597251892, 47.8795471191, 48.5993652344, 49.3075714111, 50.0157814026, 50.7355995178, 51.4554176331, 52.1752357483, 52.8950538635, 53.6148757935, 54.3346939087, 55.0545120239, 55.7743301392, 56.4941482544, 57.2139663696, 57.9337844849, 58.6536026001, 59.37342453, 60.0932426453, 60.8130607605, 61.5328788757, 62.252696991, 62.9725151062, 63.6923332214, 64.4121551514, 65.1319732666, 65.8517913818, 66.5716094971, 67.2798156738, 67.9996337891, 68.7194519043, 69.4392700195, 70.1474838257, 70.8673019409, 71.5871200562, 72.3069381714, 73.0267562866, 73.7465744019, 74.4663925171, 75.1862106323, 75.9060287476, 76.6258468628, 77.345664978, 78.0654830933, 78.7853012085, 79.5051269531, 80.2249450684, 80.9447631836, 81.6645812988, 82.3727874756, 83.0809936523, 83.8008117676, 84.5206298828, 85.2404556274, 85.9602737427, 86.6800918579, 87.3999099731, 88.1197280884, 88.8395462036, 89.5593643188, 90.2791824341, 90.9990005493, 91.7188186646, 92.4386367798, 93.158454895, 93.8782730103, 94.5980911255, 95.3179092407, 96.037727356, 96.7575454712, 97.4773712158, 98.1971893311, 98.9170074463, 99.625213623, 100.3334198, 101.053237915, 101.77305603, 102.492874146, 103.21269989, 103.932518005, 104.652336121, 105.372154236, 106.091972351, 106.811790466, 107.531608582, 108.251426697, 108.971244812, 109.691062927, 110.410881042, 111.130699158, 111.850517273, 112.570335388, 113.290153503, 114.009971619, 114.729797363, 115.43800354, 116.146209717, 116.866027832, 117.585845947, 118.305664062, 119.025482178, 119.745300293, 120.372245789, 120.999183655, 121.626121521, 122.160179138, 122.694236755, 123.239906311, 123.715919495, 124.191925049, 124.667930603, 125.155555725, 125.643173218, 126.13079071, 126.618408203, 127.094421387, 127.570426941, 128.058044434, 128.545669556, 129.033279419, 129.486068726, 129.938858032, 130.391647339, 130.844436646, 131.285614014, 131.73840332, 132.260864258, 132.771697998, 133.282531738, 133.839813232, 134.397094727, 134.954376221, 135.511657715, 136.068939209, 136.614593506, 137.160263062, 137.705932617, 138.263214111, 138.808883667, 139.354553223, 139.900222778, 140.434280396, 140.968338013, 141.514007568, 142.048065186, 142.756271362, 143.464492798, 144.184310913, 144.89251709, 145.612335205, 146.33215332, 147.051971436, 147.771789551, 148.491607666, 149.211425781, 149.931243896, 150.651062012, 151.370880127, 152.090698242, 152.810516357, 153.530334473, 154.250152588, 154.969970703, 155.689788818, 156.409606934, 157.129425049, 157.849243164, 158.569061279, 159.288879395, 160.00869751, 160.728515625, 161.448348999, 162.156555176, 162.864761353, 163.584579468, 164.304397583, 165.024215698, 165.744033813, 166.463851929, 167.183670044, 167.903488159, 168.623306274, 169.34312439, 170.062942505, 170.78276062, 171.502578735, 172.222396851, 172.942214966, 173.662033081, 174.381851196, 175.101669312, 175.821487427, 176.541305542, 177.261123657, 177.969345093, 178.67755127, 179.397369385, 180.1171875, 180.837005615, 181.55682373, 182.276641846, 182.996459961, 183.716278076, 184.436096191, 185.155914307, 185.875732422, 186.595550537, 187.315368652, 188.035186768, 188.755004883, 189.474822998, 190.194641113, 190.914459229, 191.634277344, 192.342483521, 193.050704956, 193.770523071, 194.490341187, 195.210159302, 195.929977417, 196.649795532, 197.369613647, 198.089431763, 198.809249878, 199.529067993, 200.248886108, 200.968704224, 201.688522339, 202.408340454, 203.128158569, 203.847976685, 204.5677948, 205.287612915, 206.00743103, 206.727249146, 207.447067261, 208.166885376, 208.875091553, 209.583312988, 210.303131104, 211.022949219, 211.742767334, 212.462585449, 213.182403564, 213.90222168, 214.622039795, 215.34185791, 216.061676025, 216.781494141, 217.501312256, 218.221130371, 218.940948486, 219.660766602, 220.380584717, 221.100402832, 221.820220947, 222.540039062, 223.259857178, 223.979675293, 224.68788147, 225.396102905, 226.115921021, 226.835739136, 227.555557251, 228.275375366, 228.995193481, 229.715011597, 230.434829712, 231.154647827, 231.874465942, 232.594284058, 233.314102173, 234.033920288, 234.753738403, 235.473556519, 236.193374634, 236.913192749, 237.633010864, 238.341217041, 239.049423218, 239.769241333, 240.500671387, 241.208877563, 241.928695679, 242.648529053, 243.368347168, 244.088165283, 244.807983398, 245.527801514, 246.247619629, 246.967437744, 247.687255859, 248.407073975, 249.12689209, 249.846710205, 250.56652832, 251.286346436, 252.006164551, 252.725982666, 253.445800781, 254.165618896, 254.885437012, 255.605255127, 256.325073242, 257.044891357, 257.764709473, 258.484527588, 259.204345703, 259.924163818, 260.632385254, 261.352203369, 262.072021484, 262.7918396, 263.523254395, 264.254699707, 264.858398438, 265.473724365, 266.077453613, 266.681182861, 267.284881592, 267.87701416, 268.469116211, 268.979949951, 269.479187012, 269.966796875, 270.454406738, 270.907196045, 271.371612549, 271.835998535, 272.300415039, 272.764801025, 273.229187012, 273.681976318, 274.134765625, 274.587554932, 275.040344238, 275.504760742, 275.969146729, 276.421936035, 276.863128662, 277.304290771, 277.757080078, 278.198272705, 278.627838135, 279.057403564, 279.475372314, 279.916534424, 280.346130371, 280.775695801, 281.12399292, 281.472290039, 281.820587158, 282.168884277, 282.517181396, 282.853881836, 283.190551758, 283.538848877, 283.887145996, 284.223846436, 284.572143555, 284.920440674], "beats_loudness": {"dmean2": 0.0426850914955, "median": 0.12863509357, "min": 4.39423786247e-09, "dvar2": 0.0017387693515, "dvar": 0.00062896712916, "dmean": 0.024944646284, "max": 0.277200847864, "var": 0.00369976460934, "mean": 0.108994990587}, "danceability": 1.23725640774, "bpm_histogram_second_peak_weight": {"dmean2": 0, "median": 0.0282352939248, "min": 0.0282352939248, "dvar2": 0, "dvar": 0, "dmean": 0, "max": 0.0282352939248, "var": 0, "mean": 0.0282352939248}, "beats_count": 426, "bpm_histogram_second_peak_bpm": {"dmean2": 0, "median": 133, "min": 133, "dvar2": 0, "dvar": 0, "dmean": 0, "max": 133, "var": 0, "mean": 133}, "bpm_histogram_first_peak_spread": {"dmean2": 0, "median": 0.111111044884, "min": 0.111111044884, "dvar2": 0, "dvar": 0, "dmean": 0, "max": 0.111111044884, "var": 0, "mean": 0.111111044884}, "beats_loudness_band_ratio": {"dmean2": [0.0812214165926, 0.0835755616426, 0.0252451281995, 0.00741445925087, 0.00289615429938, 0.00724052498117], "median": [0.913843393326, 0.0618113428354, 0.0154505893588, 0.0028232964687, 0.00167788518593, 0.000689229578711], "min": [0.186223566532, 0.0144710671157, 0.000241171001107, 8.0261961557e-06, 4.36069711895e-07, 3.45934552115e-07], "dvar2": [0.0167239047587, 0.015144794248, 0.00195074512158, 0.000389473309042, 7.67825622461e-05, 0.000448134349426], "dvar": [0.00629978068173, 0.00555078079924, 0.000697314040735, 0.000137955488754, 3.15663710353e-05, 0.000151341591845], "dmean": [0.047667812556, 0.0481864362955, 0.0145815387368, 0.0043141390197, 0.00173502450343, 0.0039374078624], "max": [0.991102337837, 0.813343167305, 0.326149940491, 0.158139660954, 0.0797882452607, 0.154738798738], "var": [0.00744742061943, 0.00554233137518, 0.000878338178154, 0.000154917492182, 4.32808847108e-05, 0.00012847869948], "mean": [0.894624352455, 0.0808095633984, 0.0221638046205, 0.00606646761298, 0.00303776469082, 0.0061191059649]}}, "lowlevel": {"barkbands_spread": {"dmean2": 2.97651076317, "median": 2.79577875137, "min": 0.106888823211, "dvar2": 31.0679302216, "dvar": 12.6648750305, "dmean": 1.85472154617, "max": 76.83959198, "var": 38.2121543884, "mean": 4.89783430099}, "melbands_spread": {"dmean2": 2.52053451538, "median": 2.21956753731, "min": 0.162016183138, "dvar2": 35.925983429, "dvar": 15.8546648026, "dmean": 1.59277498722, "max": 189.754608154, "var": 76.3946228027, "mean": 4.16543865204}, "hfc": {"dmean2": 5.80399417877, "median": 10.9103164673, "min": 1.08661244444e-16, "dvar2": 54.6432800293, "dvar": 23.6625976562, "dmean": 3.67991423607, "max": 55.2172622681, "var": 87.6146316528, "mean": 12.4695558548}, "barkbands_kurtosis": {"dmean2": 18.8636188507, "median": 20.6101570129, "min": -1.76827859879, "dvar2": 582.507568359, "dvar": 223.424179077, "dmean": 11.5877752304, "max": 349.592559814, "var": 469.647125244, "mean": 25.1937065125}, "gfcc": {"mean": [-99.8259124756, 169.597793579, -68.3541030884, 47.1876869202, -35.587638855, 9.16941356659, -14.2646942139, -6.36110210419, -8.75040340424, -5.47211074829, 2.15200257301, -10.5282802582, -2.34550404549], "icov": [[0.000180265313247, -0.000613063573837, 0.000424558238592, -0.000647761509754, 0.000504961353727, -0.000577358878218, -5.7707693486e-05, -0.000393880414777, 0.000107026149635, -0.000431883643614, 0.000556635495741, -0.00049886648776, 0.000536534527782], [-0.000613063573837, 0.00576006900519, -0.00166311929934, 0.00541701726615, -0.00216741254553, 0.00492257392034, -0.000659517070744, 0.00339727057144, -0.00214110687375, 0.00440378673375, -0.00493619777262, 0.00538829574361, -0.00481550209224], [0.000424558238592, -0.00166311929934, 0.00190092052799, -0.0011899768142, 0.00054360111244, -0.00146452127956, 0.00012979474559, -0.000149482482811, 0.000513078353833, -0.00113329140004, 0.00232872273773, -0.00183823541738, 0.00146119121928], [-0.000647761509754, 0.00541701726615, -0.0011899768142, 0.0086953015998, -0.00110049569048, 0.00357452663593, -0.000940390513279, 0.00227232486941, 3.63073813787e-05, 0.00132924935315, -0.00579159334302, 0.00758553156629, -0.00558546558022], [0.000504961353727, -0.00216741254553, 0.00054360111244, -0.00110049569048, 0.00739531731233, -0.000958419288509, -0.00206652306952, -0.00144484522752, 5.8297522628e-05, -0.00194593681954, 0.000205609860132, -0.00142275716644, -0.00113660108764], [-0.000577358878218, 0.00492257392034, -0.00146452127956, 0.00357452663593, -0.000958419288509, 0.0104076387361, -5.9569687437e-05, 0.00312456698157, -0.0019416770665, 0.00584175949916, -0.00673515209928, 0.00169935484882, -0.00244743307121], [-5.7707693486e-05, -0.000659517070744, 0.00012979474559, -0.000940390513279, -0.00206652306952, -5.9569687437e-05, 0.0136328022927, -0.0028531474527, 0.00301669957116, 0.000321111205267, -0.00270117120817, 0.00196201144718, -0.00202731695026], [-0.000393880414777, 0.00339727057144, -0.000149482482811, 0.00227232486941, -0.00144484522752, 0.00312456698157, -0.0028531474527, 0.023235771805, -0.00480793975294, -0.00353304459713, 0.00740089733154, -0.00311703095213, -0.00241925683804], [0.000107026149635, -0.00214110687375, 0.000513078353833, 3.63073813787e-05, 5.8297522628e-05, -0.0019416770665, 0.00301669957116, -0.00480793975294, 0.0165680535138, -4.05357495765e-05, -0.0055294544436, 0.00514702964574, -0.00185190094635], [-0.000431883643614, 0.00440378673375, -0.00113329140004, 0.00132924935315, -0.00194593681954, 0.00584175949916, 0.000321111205267, -0.00353304459713, -4.05357495765e-05, 0.0223746616393, -0.00606867531314, -0.000523623835761, -0.00214422098361], [0.000556635495741, -0.00493619777262, 0.00232872273773, -0.00579159334302, 0.000205609860132, -0.00673515209928, -0.00270117120817, 0.00740089733154, -0.0055294544436, -0.00606867531314, 0.0261458307505, -0.00991308875382, -0.00132484699134], [-0.00049886648776, 0.00538829574361, -0.00183823541738, 0.00758553156629, -0.00142275716644, 0.00169935484882, 0.00196201144718, -0.00311703095213, 0.00514702964574, -0.000523623835761, -0.00991308875382, 0.0273364055902, -0.00857646204531], [0.000536534527782, -0.00481550209224, 0.00146119121928, -0.00558546558022, -0.00113660108764, -0.00244743307121, -0.00202731695026, -0.00241925683804, -0.00185190094635, -0.00214422098361, -0.00132484699134, -0.00857646204531, 0.027941884473]], "cov": [[25701.8984375, -2693.89526367, -5369.44189453, 2124.96411133, -1627.56140137, 660.563720703, 13.5854825974, 390.416625977, -169.95993042, 341.968505859, -32.0186729431, -80.3266601562, -236.980895996], [-2693.89526367, 2294.68676758, 973.019287109, -864.828063965, 517.245727539, -323.958007812, 78.3028030396, -237.418136597, 273.622558594, -255.344696045, 158.783615112, -127.790359497, 168.069869995], [-5369.44189453, 973.019287109, 1908.75854492, -591.226257324, 355.734588623, -156.518051147, -13.5473680496, -116.076568604, 43.9923667908, -112.401885986, -25.1218414307, 11.3343009949, 39.0986480713], [2124.96411133, -864.828063965, -591.226257324, 606.515686035, -211.198028564, 112.402610779, 8.0636138916, 69.7267990112, -79.4379806519, 104.127738953, -5.06824684143, -3.18722987175, -28.3064136505], [-1627.56140137, 517.245727539, 355.734588623, -211.198028564, 330.20980835, -83.538734436, 48.8979454041, -46.7694129944, 60.4999504089, -39.9290046692, 51.7534828186, -8.25862121582, 66.0517349243], [660.563720703, -323.958007812, -156.518051147, 112.402610779, -83.538734436, 223.054000854, -12.7345590591, 0.922534227371, -12.8276090622, 3.19213056564, 26.8258552551, 24.7136859894, -14.3137187958], [13.5854825974, 78.3028030396, -13.5473680496, 8.0636138916, 48.8979454041, -12.7345590591, 92.9502487183, -1.3606159687, 3.68648862839, -2.32957577705, 22.2565364838, -7.64414215088, 21.8285083771], [390.416625977, -237.418136597, -116.076568604, 69.7267990112, -46.7694129944, 0.922534227371, -1.3606159687, 88.6771011353, -25.141746521, 41.6321754456, -40.9835243225, 19.8292694092, -16.9760284424], [-169.95993042, 273.622558594, 43.9923667908, -79.4379806519, 60.4999504089, -12.8276090622, 3.68648862839, -25.141746521, 112.866973877, -30.7222061157, 45.5737953186, -26.9024505615, 30.6941585541], [341.968505859, -255.344696045, -112.401885986, 104.127738953, -39.9290046692, 3.19213056564, -2.32957577705, 41.6321754456, -30.7222061157, 88.4249420166, -11.1277322769, 22.8929157257, -10.5403461456], [-32.0186729431, 158.783615112, -25.1218414307, -5.06824684143, 51.7534828186, 26.8258552551, 22.2565364838, -40.9835243225, 45.5737953186, -11.1277322769, 100.259895325, 2.20041203499, 38.397151947], [-80.3266601562, -127.790359497, 11.3343009949, -3.18722987175, -8.25862121582, 24.7136859894, -7.64414215088, 19.8292694092, -26.9024505615, 22.8929157257, 2.20041203499, 69.9871292114, 2.84006857872], [-236.980895996, 168.069869995, 39.0986480713, -28.3064136505, 66.0517349243, -14.3137187958, 21.8285083771, -16.9760284424, 30.6941585541, -10.5403461456, 38.397151947, 2.84006857872, 67.0660018921]]}, "spectral_energyband_middle_low": {"dmean2": 0.0194099191576, "median": 0.0103725474328, "min": 1.77013167477e-22, "dvar2": 0.000938561628573, "dvar": 0.000348384695826, "dmean": 0.0112668639049, "max": 0.141247808933, "var": 0.000358264456736, "mean": 0.015673674643}, "melbands_crest": {"dmean2": 8.03283882141, "median": 21.2390174866, "min": 1.58177602291, "dvar2": 34.9676361084, "dvar": 12.5462722778, "dmean": 4.70661497116, "max": 37.6892433167, "var": 23.1587848663, "mean": 21.4689502716}, "spectral_kurtosis": {"dmean2": 29.6470031738, "median": 8.74904251099, "min": -1.25439453125, "dvar2": 7860.51220703, "dvar": 2587.52368164, "dmean": 17.1676578522, "max": 842.872314453, "var": 9338.06738281, "mean": 42.1229400635}, "spectral_rms": {"dmean2": 0.0024312955793, "median": 0.010100456886, "min": 3.12732392066e-12, "dvar2": 4.81393863083e-06, "dvar": 1.86527245205e-06, "dmean": 0.00149066234007, "max": 0.0174385588616, "var": 1.38584518936e-05, "mean": 0.00883954856545}, "zerocrossingrate": {"dmean2": 0.00448389397934, "median": 0.00732421875, "min": 0, "dvar2": 4.12815898017e-05, "dvar": 2.87023412966e-05, "dmean": 0.00344249000773, "max": 0.52490234375, "var": 0.000646980246529, "mean": 0.0126224691048}, "silence_rate_60dB": {"dmean2": 0.0328321829438, "median": 0, "min": 0, "dvar2": 0.0374476797879, "dvar": 0.0161467175931, "dmean": 0.016414757818, "max": 1, "var": 0.0460065566003, "mean": 0.0483464710414}, "erbbands_kurtosis": {"dmean2": 2.57166552544, "median": 0.572110176086, "min": -1.8191293478, "dvar2": 21.8895053864, "dvar": 7.92294645309, "dmean": 1.52976512909, "max": 69.801322937, "var": 14.3705053329, "mean": 1.55044150352}, "erbbands": {"dmean2": [1.40271103382, 8.45072841644, 24.7433586121, 39.3155975342, 36.1065063477, 21.0192470551, 17.6583900452, 17.1073894501, 17.5889911652, 11.9133415222, 9.96743488312, 10.4134178162, 7.80173444748, 5.95933771133, 7.94964313507, 4.69842100143, 5.02579164505, 4.16627597809, 2.97391963005, 2.89706015587, 2.12411499023, 1.86537134647, 1.38312506676, 3.32359719276, 4.10586071014, 15.0748348236, 3.57461595535, 2.39586925507, 1.03048729897, 1.04252648354, 1.13553714752, 0.394270151854, 0.123038098216, 0.0552006959915, 0.0263485498726, 0.00854483246803, 0.00160217948724, 0.000283855042653, 6.20091086603e-05, 5.47655763512e-05], "median": [0.923168718815, 7.23274040222, 12.9792985916, 9.66388893127, 8.70108222961, 11.0481424332, 10.9432868958, 8.89026737213, 7.66804599762, 5.01105928421, 3.98686885834, 3.33106827736, 2.27344059944, 2.10262322426, 2.84602069855, 2.56072092056, 2.00708651543, 2.10411906242, 1.67421483994, 1.1362786293, 0.780990660191, 0.54932141304, 0.500250577927, 0.644050896168, 0.426840484142, 0.302546262741, 0.22582320869, 0.160457760096, 0.107564799488, 0.0908170193434, 0.0509561151266, 0.0320905074477, 0.0175849944353, 0.00438743690029, 0.00108447007369, 0.000324577558786, 8.26678442536e-05, 1.09076208901e-05, 5.39782668056e-05, 0.000116112314572], "min": [1.71662115697e-22, 1.28573089123e-21, 4.00216637541e-21, 5.65996193486e-21, 1.34620672013e-20, 4.14677337924e-20, 7.24711093857e-20, 1.09464649094e-19, 2.17129896013e-19, 1.24815428128e-19, 2.6837714708e-19, 7.58706394651e-19, 4.71807432884e-19, 7.66809404233e-19, 1.47801913981e-18, 1.52372996764e-18, 1.99079688013e-18, 3.07854889822e-18, 3.76487202619e-18, 2.62532051058e-18, 2.82230406088e-18, 5.23960436383e-18, 5.96183188667e-18, 7.67232021147e-18, 8.29517397783e-18, 5.71382411387e-18, 9.5913064407e-18, 1.29264548299e-17, 1.1167632274e-17, 1.33181331218e-17, 1.33423786127e-17, 1.03086283689e-17, 1.09180379688e-17, 7.39806682502e-18, 7.09232267265e-18, 5.07968843114e-18, 2.17183404259e-18, 1.07889343071e-18, 2.68250226555e-19, 2.67532731384e-20], "dvar2": [2.34502291679, 81.6930160522, 924.445678711, 3443.98144531, 3407.04296875, 1489.69006348, 484.446105957, 549.461425781, 607.786376953, 309.375335693, 384.469390869, 273.720397949, 216.854949951, 152.320129395, 178.905319214, 72.1329421997, 104.724754333, 62.4003868103, 29.8866271973, 37.1994552612, 15.6331977844, 13.3693141937, 6.52670526505, 45.8519439697, 70.6732406616, 1212.7019043, 168.209365845, 143.414276123, 8.35470676422, 15.6265087128, 25.6059951782, 1.71502673626, 0.161832943559, 0.0240565575659, 0.00485937669873, 0.00056472606957, 2.34543531406e-05, 9.0530977559e-07, 4.0758731501e-08, 3.42067152381e-09], "dvar": [0.923887729645, 35.9176292419, 372.355316162, 1305.57373047, 1202.96362305, 529.526733398, 170.063400269, 228.164215088, 248.365447998, 129.78427124, 145.930999756, 109.114303589, 83.521232605, 58.943107605, 66.562210083, 27.6609783173, 40.2284202576, 23.8679199219, 11.2816648483, 13.4477500916, 5.92161655426, 4.94960737228, 2.59148335457, 14.8155202866, 37.0968742371, 379.863037109, 63.0176429749, 50.4194908142, 3.53977680206, 6.80194044113, 12.3898572922, 0.809326827526, 0.0816225856543, 0.0107326041907, 0.00223194132559, 0.000256512517808, 1.32511086122e-05, 5.53828556349e-07, 2.35172361585e-08, 1.29436705798e-09], "dmean": [0.875521838665, 5.59392213821, 15.1586637497, 22.8010120392, 20.0917739868, 11.9107027054, 10.2527952194, 10.2579212189, 10.6156082153, 7.30773115158, 5.99540948868, 6.31544685364, 4.73947811127, 3.6626598835, 4.77361011505, 2.92060232162, 3.04972863197, 2.53247117996, 1.79802620411, 1.71050059795, 1.30206918716, 1.12890315056, 0.867114901543, 1.84864485264, 2.66283035278, 8.24249076843, 2.18758630753, 1.40415906906, 0.654751837254, 0.717958331108, 0.768320202827, 0.259202390909, 0.0826236605644, 0.0342428125441, 0.0165237504989, 0.00527631910518, 0.00110296870116, 0.000207013028557, 4.45820769528e-05, 3.30489565386e-05], "max": [8.41918945312, 60.6122131348, 198.972442627, 245.152984619, 295.867919922, 284.521972656, 300.334442139, 213.496780396, 348.286437988, 177.970016479, 183.294494629, 145.144195557, 266.881561279, 163.468414307, 129.888412476, 99.6121902466, 165.098129272, 108.535469055, 79.5646972656, 77.6097335815, 37.9008407593, 44.052532196, 28.0523357391, 38.100692749, 60.7469978333, 178.511917114, 115.878601074, 92.4875793457, 28.3249607086, 49.5828971863, 56.9447402954, 10.5157928467, 4.27021884918, 2.0598359108, 1.30771648884, 0.509525895119, 0.112461917102, 0.0172253660858, 0.00238515320234, 0.000368470995454], "var": [1.84246611595, 86.0273284912, 518.269592285, 1187.71411133, 940.926635742, 410.394439697, 258.647827148, 401.699920654, 417.814178467, 188.651565552, 162.703063965, 164.106445312, 167.924713135, 104.828308105, 127.981147766, 67.8645248413, 92.577041626, 52.6288833618, 25.0961666107, 29.1916637421, 15.8931932449, 14.6758518219, 11.155749321, 29.0176753998, 123.025436401, 529.858520508, 73.7934265137, 36.6110534668, 9.86748218536, 18.4048843384, 36.3256225586, 2.32160758972, 0.221634894609, 0.0244211424142, 0.00634012650698, 0.000700718141161, 3.82404687116e-05, 1.45057720147e-06, 4.87039102381e-08, 4.40786607214e-09], "mean": [1.36469972134, 10.1572685242, 20.8071918488, 23.0428371429, 19.1747226715, 15.1165418625, 14.8726615906, 16.235332489, 14.7878646851, 10.0813703537, 8.49475574493, 8.58740711212, 7.03839111328, 5.69370126724, 7.31767559052, 5.6478562355, 5.45106935501, 4.69566679001, 3.50358080864, 3.3282186985, 2.69060325623, 2.52639842033, 2.22547793388, 3.45534896851, 6.1895160675, 11.0191764832, 4.06180810928, 1.9611685276, 1.38698756695, 1.59428739548, 1.74218595028, 0.527493774891, 0.172808006406, 0.0631548315287, 0.0309638567269, 0.00953537598252, 0.00209884135984, 0.000381996273063, 0.000100346260297, 0.000105753148091]}, "spectral_strongpeak": {"dmean2": 0.525703966618, "median": 0.4437263906, "min": 0, "dvar2": 0.224130615592, "dvar": 0.0897265300155, "dmean": 0.3169272542, "max": 2.31763839722, "var": 0.169356361032, "mean": 0.486955374479}, "spectral_energy": {"dmean2": 0.048742942512, "median": 0.104569703341, "min": 1.00246591969e-20, "dvar2": 0.00251251575537, "dvar": 0.000911655370146, "dmean": 0.029433734715, "max": 0.311705887318, "var": 0.00343564804643, "mean": 0.0942961350083}, "average_loudness": 0.934072554111, "spectral_rolloff": {"dmean2": 149.970993042, "median": 129.19921875, "min": 21.533203125, "dvar2": 287045.46875, "dvar": 112277.929688, "dmean": 85.9934158325, "max": 19336.8164062, "var": 780822.5, "mean": 215.996002197}, "spectral_centroid": {"dmean2": 233.020294189, "median": 332.943603516, "min": 99.6731109619, "dvar2": 116300.84375, "dvar": 66676.6640625, "dmean": 148.753982544, "max": 11573.5615234, "var": 562431.75, "mean": 585.092773438}, "pitch_salience": {"dmean2": 0.201525121927, "median": 0.443912655115, "min": 0.0662850514054, "dvar2": 0.0214363224804, "dvar": 0.00779286772013, "dmean": 0.118826203048, "max": 0.973439097404, "var": 0.0150626879185, "mean": 0.448747843504}, "spectral_energyband_middle_high": {"dmean2": 0.000530306948349, "median": 0.000528385047801, "min": 1.34729576722e-21, "dvar2": 5.74796388264e-07, "dvar": 2.39845064698e-07, "dmean": 0.000333618430886, "max": 0.00911188684404, "var": 1.61052150816e-06, "mean": 0.00108189927414}, "spectral_contrast_coeffs": {"dmean2": [0.107344657183, 0.0826810151339, 0.0593226850033, 0.0413333624601, 0.0304643586278, 0.0306613761932], "median": [-0.68752092123, -0.760375380516, -0.81303024292, -0.824564933777, -0.81495320797, -0.760625243187], "min": [-0.975771486759, -0.975953519344, -0.974057197571, -0.986573934555, -0.971319615841, -0.965426206589], "dvar2": [0.00778621667996, 0.0038948492147, 0.00214066612534, 0.00103787973057, 0.000671339454129, 0.000967256026343], "dvar": [0.00303900614381, 0.00136894162279, 0.000764639291447, 0.000377765216399, 0.00027706118999, 0.000391295092413], "dmean": [0.0670077204704, 0.0489444956183, 0.0352964550257, 0.0246139466763, 0.0185281652957, 0.0184981413186], "max": [-0.338320195675, -0.477152734995, -0.585564136505, -0.603098332882, -0.646215081215, -0.585409998894], "var": [0.00643999362364, 0.00297222333029, 0.00260587898083, 0.00218233303167, 0.00221209041774, 0.00365712819621], "mean": [-0.677314221859, -0.758017003536, -0.809049129486, -0.821694135666, -0.813829362392, -0.765519082546]}, "melbands_skewness": {"dmean2": 1.91744935513, "median": 4.68153572083, "min": -2.42051029205, "dvar2": 3.17908191681, "dvar": 1.1996935606, "dmean": 1.17717194557, "max": 14.7154006958, "var": 5.80768203735, "mean": 5.0483455658}, "spectral_spread": {"dmean2": 619269.4375, "median": 2830016.75, "min": 136078.34375, "dvar2": 520563982336, "dvar": 251477999616, "dmean": 389702.21875, "max": 42028612, "var": 5428904722430.0, "mean": 3096708.75}, "dissonance": {"dmean2": 0.0536242090166, "median": 0.459472239017, "min": 0.0793511047959, "dvar2": 0.00411732494831, "dvar": 0.00141947693191, "dmean": 0.031533587724, "max": 0.500000178814, "var": 0.00367292854935, "mean": 0.440021753311}, "spectral_skewness": {"dmean2": 1.15152168274, "median": 2.3018784523, "min": -0.0665447860956, "dvar2": 4.19758033752, "dvar": 1.43531882763, "dmean": 0.690621197224, "max": 24.9811973572, "var": 16.032957077, "mean": 3.58791518211}, "spectral_flux": {"dmean2": 0.0851424187422, "median": 0.171562746167, "min": 6.57841350837e-11, "dvar2": 0.00525679066777, "dvar": 0.00223363935947, "dmean": 0.0539679303765, "max": 0.45191603899, "var": 0.00789228640497, "mean": 0.170774072409}, "spectral_contrast_valleys": {"dmean2": [0.660095572472, 0.681051433086, 0.557283937931, 0.436607956886, 0.329090833664, 0.402865409851], "median": [-5.85942029953, -6.58873033524, -7.70277452469, -8.3620557785, -8.79832267761, -11.9579496384], "min": [-27.9969730377, -27.9941806793, -27.7501831055, -27.5393161774, -27.5017719269, -27.426279068], "dvar2": [0.301989585161, 0.343657076359, 0.276898771524, 0.191344261169, 0.140495836735, 0.258297711611], "dvar": [0.114340312779, 0.163404151797, 0.129324629903, 0.0911414921284, 0.0778252333403, 0.118749722838], "dmean": [0.393714934587, 0.422632694244, 0.352746427059, 0.274212151766, 0.216612190008, 0.255313813686], "max": [-4.82350111008, -4.78011083603, -5.6774892807, -6.49907159805, -6.48395490646, -8.90107631683], "var": [2.15584135056, 2.76279783249, 3.02221083641, 3.40695428848, 4.53161287308, 3.55451726913], "mean": [-6.25976467133, -6.93461751938, -8.05801868439, -8.78613471985, -9.05282783508, -12.0206069946]}, "erbbands_flatness_db": {"dmean2": 0.0291559565812, "median": 0.18818923831, "min": 0.0288835857064, "dvar2": 0.000858949439134, "dvar": 0.000345911103068, "dmean": 0.0183318536729, "max": 0.609717071056, "var": 0.00789691135287, "mean": 0.207101747394}, "spectral_energyband_high": {"dmean2": 0.000165069490322, "median": 1.59562005138e-05, "min": 7.17931217826e-21, "dvar2": 2.84452568167e-07, "dvar": 1.0816975049e-07, "dmean": 0.000107525811472, "max": 0.00431779632345, "var": 2.5159499728e-07, "mean": 0.000263422291027}, "spectral_entropy": {"dmean2": 0.343014061451, "median": 6.73880147934, "min": 3.33799815178, "dvar2": 0.0882176607847, "dvar": 0.0383999459445, "dmean": 0.212069496512, "max": 9.81767654419, "var": 0.902373671532, "mean": 6.57189559937}, "silence_rate_20dB": {"dmean2": 0, "median": 1, "min": 1, "dvar2": 0, "dvar": 0, "dmean": 0, "max": 1, "var": 0, "mean": 1}, "melbands_flatness_db": {"dmean2": 0.0491738244891, "median": 0.409312516451, "min": 0.00283868121915, "dvar2": 0.00198870082386, "dvar": 0.000903197855223, "dmean": 0.0315458290279, "max": 0.949946284294, "var": 0.0214314907789, "mean": 0.430924713612}, "barkbands": {"dmean2": [0.0265700519085, 0.0376937836409, 0.0249653663486, 0.0149594554678, 0.00695143826306, 0.00208421167918, 0.00119609979447, 0.000551688310225, 0.000404820108088, 0.000246999232331, 0.000188131001778, 0.000101204095699, 0.000103118050902, 8.2959086285e-05, 5.71004129597e-05, 4.44441539003e-05, 4.64635813842e-05, 2.51218898484e-05, 8.99972656043e-05, 0.000252845988143, 7.17480943422e-05, 2.64671125478e-05, 3.92361398553e-05, 9.68833774095e-06, 4.30025284004e-06, 1.13519422484e-06, 2.73033634812e-07], "median": [0.00807027332485, 0.0424164831638, 0.00799070298672, 0.00232366705313, 0.00369614246301, 0.0011778799817, 0.000444336881628, 0.000191552055185, 0.000136046030093, 6.61809026496e-05, 6.29426212981e-05, 4.97499058838e-05, 3.97395706386e-05, 3.67781613022e-05, 2.63513975369e-05, 1.35777618198e-05, 1.02022795545e-05, 9.71817189566e-06, 1.06183742901e-05, 5.94130005993e-06, 4.68579446533e-06, 3.37119445248e-06, 1.96856103685e-06, 1.30994214942e-06, 2.5178502483e-07, 3.91472383399e-08, 7.14427850212e-09], "min": [2.04504473633e-25, 6.03298180005e-24, 1.3343131575e-24, 2.79238222217e-24, 1.41930796994e-23, 1.61452280276e-23, 1.22409148051e-23, 7.07155346938e-24, 3.281528206e-23, 1.80407534978e-23, 2.55343483403e-23, 2.84179031616e-23, 2.99382337634e-23, 6.98376476799e-23, 3.84161376891e-23, 4.43515018964e-23, 8.27222264409e-23, 9.64367373612e-23, 1.52844021819e-22, 1.09997805369e-22, 3.05684585272e-22, 3.09630353923e-22, 4.46638504252e-22, 5.74436646714e-22, 8.45103936216e-22, 1.26274643795e-21, 2.11192680343e-21], "dvar2": [0.00114881549962, 0.00151516718324, 0.00111035385635, 0.000641581020318, 0.00015278038336, 6.99188376529e-06, 3.1723579923e-06, 8.08106619843e-07, 3.93973976998e-07, 2.20838245468e-07, 9.51552081574e-08, 3.26623741387e-08, 4.22535997302e-08, 2.57554439997e-08, 1.08917683761e-08, 7.23257453927e-09, 1.02523047829e-08, 2.00084393498e-09, 3.92739174515e-08, 3.43874404507e-07, 1.08807235222e-07, 5.82603165711e-09, 2.73409686002e-08, 9.48270684198e-10, 1.31607030829e-10, 1.1345614552e-11, 1.63327164293e-12], "dvar": [0.000395986804506, 0.000601702253334, 0.000434385467088, 0.000228048636927, 5.35715626029e-05, 2.56406929111e-06, 1.23943732433e-06, 3.06236330516e-07, 1.58936330763e-07, 8.3854139632e-08, 3.61784735503e-08, 1.25305366083e-08, 1.62070641352e-08, 9.719944849e-09, 4.08411704456e-09, 2.67261435205e-09, 3.68459818212e-09, 7.99682042807e-10, 1.45864964551e-08, 1.12048056167e-07, 3.84458758163e-08, 2.44472353472e-09, 1.28536417066e-08, 5.24871535124e-10, 5.78383764493e-11, 5.88287448269e-12, 8.63540467431e-13], "dmean": [0.0149960843846, 0.023941539228, 0.0148897087201, 0.00826199818403, 0.0038740162272, 0.00122234981973, 0.000704442150891, 0.000322318315739, 0.000246851268457, 0.000147627186379, 0.00011408609862, 6.30429058219e-05, 6.27195113339e-05, 4.96640677738e-05, 3.43338579114e-05, 2.70264954452e-05, 2.76119517366e-05, 1.5550702301e-05, 5.28304735781e-05, 0.000141863245517, 4.18506861024e-05, 1.66930058185e-05, 2.67402901954e-05, 6.52042126603e-06, 2.65080802819e-06, 7.3379362675e-07, 2.06234815892e-07],