{"tonal": {"thpcp": [1, 0.668421268463, 0.377485215664, 0.36956563592, 0.356326580048, 0.365185648203, 0.41083791852, 0.36977866292, 0.458164274693, 0.598406136036, 0.455915093422, 0.427082717419, 0.546747505665, 0.458383738995, 0.459451675415, 0.561014592648, 0.445998072624, 0.429046571255, 0.540052592754, 0.402863770723, 0.37669467926, 0.566670000553, 0.485302656889, 0.314609318972, 0.268091499805, 0.26467821002, 0.337282568216, 0.348725289106, 0.35281637311, 0.459034413099, 0.474680691957, 0.389962106943, 0.495687425137, 0.704680681229, 0.751681029797, 0.89511269331], "hpcp": {"dmean2": [0.293219059706, 0.268638581038, 0.287951916456, 0.313840508461, 0.281731694937, 0.27821341157, 0.313417494297, 0.289633572102, 0.287703722715, 0.289088577032, 0.267039179802, 0.268331676722, 0.282012701035, 0.227673396468, 0.230867996812, 0.289220482111, 0.26503482461, 0.217102259398, 0.189224466681, 0.173916220665, 0.194963306189, 0.198299661279, 0.21594119072, 0.280302405357, 0.276764452457, 0.263385385275, 0.331664949656, 0.394351094961, 0.474225252867, 0.530550003052, 0.466113388538, 0.396262973547, 0.304227262735, 0.288677096367, 0.290112942457, 0.288781642914], "median": [0.0895900726318, 0.0845350921154, 0.118118852377, 0.14995187521, 0.10855050385, 0.112843051553, 0.153142958879, 0.118187204003, 0.0896697416902, 0.108867168427, 0.100648835301, 0.106727704406, 0.118501886725, 0.0928278490901, 0.10893367976, 0.171018078923, 0.143465057015, 0.0733812823892, 0.0515616647899, 0.0669756680727, 0.0989711135626, 0.0970544070005, 0.0975757539272, 0.127195358276, 0.129174590111, 0.0982728302479, 0.119103118777, 0.166758149862, 0.20172996819, 0.283509016037, 0.315405160189, 0.201325714588, 0.0876550376415, 0.0805819630623, 0.0748533457518, 0.0736335143447], "min": [0, 0, 0, 0, 0, 0, 0, 0, 0, 0, 0, 0, 0, 0, 0, 0, 0, 0, 0, 0, 0, 0, 0, 0, 0, 0, 0, 0, 0, 0, 0, 0, 0, 0, 0, 0], "dvar2": [0.125616401434, 0.116493657231, 0.115733332932, 0.126818016171, 0.133664667606, 0.126814186573, 0.136717796326, 0.135703340173, 0.136384323239, 0.132006272674, 0.11398383975, 0.106987848878, 0.111756257713, 0.0845635160804, 0.0834237337112, 0.103549435735, 0.0994194000959, 0.0956739112735, 0.0879028439522, 0.0635222271085, 0.0650822147727, 0.0717521607876, 0.0775266364217, 0.10755828768, 0.109015390277, 0.108217552304, 0.147637650371, 0.170218855143, 0.178969487548, 0.198484405875, 0.168819770217, 0.145313799381, 0.131768882275, 0.128919020295, 0.131696075201, 0.136153161526], "dvar": [0.0450279004872, 0.0412501133978, 0.0406375974417, 0.0469598844647, 0.0467428155243, 0.0444633662701, 0.0487032532692, 0.0477017089725, 0.0490868762136, 0.0509837865829, 0.0403076075017, 0.0377431958914, 0.0412214323878, 0.0302271526307, 0.0287995506078, 0.0367550626397, 0.0345672294497, 0.0326985456049, 0.0301259234548, 0.0221056044102, 0.0226823985577, 0.0253713522106, 0.02676278539, 0.0369180776179, 0.0380209684372, 0.037420630455, 0.0497343949974, 0.0590378008783, 0.0629145205021, 0.0683147087693, 0.0642024949193, 0.0506205782294, 0.0460373461246, 0.0452201366425, 0.0465199574828, 0.0489322058856], "dmean": [0.162218078971, 0.148729473352, 0.159326836467, 0.175308614969, 0.156149089336, 0.155898734927, 0.176845759153, 0.160972744226, 0.160854518414, 0.161869600415, 0.149963080883, 0.150400370359, 0.161524951458, 0.128951594234, 0.128920301795, 0.164182946086, 0.149867132306, 0.119673348963, 0.103862799704, 0.0958973690867, 0.10972572118, 0.111591719091, 0.119987688959, 0.155563890934, 0.154019728303, 0.145026385784, 0.184156298637, 0.222147673368, 0.262223035097, 0.297390878201, 0.261076062918, 0.221813678741, 0.164985343814, 0.157542079687, 0.157978743315, 0.157243400812], "max": [1, 1, 1, 1, 1, 1, 1, 1, 1, 1, 1, 1, 1, 1, 1, 1, 1, 1, 1, 1, 1, 1, 1, 1, 1, 1, 1, 1, 1, 1, 1, 1, 1, 1, 1, 1], "var": [0.0470664016902, 0.0373848862946, 0.0437229909003, 0.0716150924563, 0.0484077483416, 0.0395590364933, 0.0540812276304, 0.0471203923225, 0.0574613288045, 0.084321975708, 0.046940844506, 0.0392343699932, 0.0678429082036, 0.0380338989198, 0.0259439349174, 0.0514990538359, 0.0400620661676, 0.0290187094361, 0.0297787878662, 0.0201690681279, 0.0219452790916, 0.0255461651832, 0.0256473459303, 0.0403505451977, 0.0437351465225, 0.0358644239604, 0.0521114394069, 0.0888529121876, 0.0864464789629, 0.0974976718426, 0.119208738208, 0.066010825336, 0.0384931638837, 0.0391214117408, 0.0388908162713, 0.0419127754867], "mean": [0.174515008926, 0.157073929906, 0.194618225098, 0.254189908504, 0.193662822247, 0.181415453553, 0.23224645853, 0.194711446762, 0.195165082812, 0.238306805491, 0.189450278878, 0.182249650359, 0.229402601719, 0.171127766371, 0.160011708736, 0.240709081292, 0.206146016717, 0.133639201522, 0.113879434764, 0.11242954433, 0.143270298839, 0.14813092351, 0.14986872673, 0.1949878335, 0.201634034514, 0.165647417307, 0.210557237267, 0.299333035946, 0.319297760725, 0.380224406719, 0.42477825284, 0.283930808306, 0.160347506404, 0.156983450055, 0.151359781623, 0.155122920871]}, "tuning_equal_tempered_deviation": 0.0429202690721, "chords_changes_rate": 0.0433310754597, "key_key": "B", "tuning_diatonic_strength": 0.408919811249, "key_scale": "minor", "chords_number_rate": 0.00186188216321, "tuning_frequency": 443.060424805, "tuning_nontempered_energy_ratio": 0.740741729736, "chords_histogram": [1.33716988564, 5.82261323929, 7.44752883911, 0.592417061329, 0, 0, 0.135409608483, 7.02437353134, 3.11442112923, 19.4989852905, 0.558564662933, 6.48273515701, 0.304671645164, 0.0338524021208, 2.01421809196, 0.08463101089, 14.91198349, 0.304671645164, 0.0338524021208, 0.423155039549, 0.406228840351, 13.0670280457, 0.744752883911, 15.6567363739], "key_strength": 0.608383178711, "chords_key": "F#", "chords_strength": {"dmean2": 0.0106418645009, "median": 0.502678871155, "min": -1, "dvar2": 0.00071611237945, "dvar": 0.000376394455088, "dmean": 0.00957798864692, "max": 0.756067693233, "var": 0.0217594690621, "mean": 0.49597427249}, "chords_scale": "major", "hpcp_entropy": {"dmean2": 1.12337481976, "median": 2.64108657837, "min": 0, "dvar2": 0.813057005405, "dvar": 0.290789186954, "dmean": 0.664633214474, "max": 4.61727190018, "var": 0.526850402355, "mean": 2.57530665398}}, "metadata": {"audio_properties": {"equal_loudness": 0, "codec": "flac", "downmix": "mix", "sample_rate": 44100, "analysis_sample_rate": 44100, "bit_rate": 0, "md5_encoded": "3704d1a169bb31a6c73ed5c0da6ca1f5", "length": 274.293334961, "replay_gain": -15.3122348785, "lossless": true}, "version": {"essentia_build_sha": "70f2e5ece6736b2c40cc944ad0e695b16b925413", "essentia": "2.1-beta2", "extractor": "music 1.0", "essentia_git_sha": "v2.1_beta2"}, "tags": {"title": ["Anticipation of a High"], "barcode": ["781676673025"], "media": ["CD"], "albumartist": ["Alchemist"], "tracktotal": ["9"], "musicbrainz_releasegroupid": ["c93f7996-f67d-3795-98fd-59309b4c7169"], "releasetype": ["album"], "musicbrainz_recordingid": ["089e0f75-38f3-4524-8523-27a09318ed3c"], "mood": ["Unknown"], "musicbrainz_albumartistid": ["c5ea06be-59af-4334-bfce-73829b1ce6af"], "originalyear": ["2007"], "musicbrainz_releasetrackid": ["dcc77dac-74dc-3ae6-8076-872c1c29637a"], "discnumber": ["1"], "totaldiscs": ["1"], "catalognumber": ["RR 6730-2"], "releasecountry": ["NL"], "file_name": "04 Anticipation of a High.flac", "website": ["http://www.alchemist.com.au/"], "originaldate": ["2007-09-08"], "albumartistsort": ["Alchemist"], "date": ["2007-09"], "genre": ["Death Metal", "Progressive Metal"], "musicbrainz_albumid": ["b84af0a4-f25b-3581-8f39-a6b6c22a2405"], "disctotal": ["1"], "musicbrainz_artistid": ["c5ea06be-59af-4334-bfce-73829b1ce6af"], "asin": ["B000V1MMHW"], "grouping": ["Metal"], "artist": ["Alchemist"], "tracknumber": ["4"], "artistsort": ["Alchemist"], "album": ["Tripsis"], "label": ["Relapse Records"], "releasestatus": ["official"], "acoustid_id": ["f4646540-2060-42b3-bbc1-544104b3503a"], "script": ["Latn"], "totaltracks": ["9"]}}, "rhythm": {"bpm_histogram_first_peak_bpm": {"dmean2": 0, "median": 178, "min": 178, "dvar2": 0, "dvar": 0, "dmean": 0, "max": 178, "var": 0, "mean": 178}, "bpm": 178.205291748, "bpm_histogram_second_peak_spread": {"dmean2": 0, "median": 0, "min": 0, "dvar2": 0, "dvar": 0, "dmean": 0, "max": 0, "var": 0, "mean": 0}, "bpm_histogram_first_peak_weight": {"dmean2": 0, "median": 0.47175142169, "min": 0.47175142169, "dvar2": 0, "dvar": 0, "dmean": 0, "max": 0.47175142169, "var": 0, "mean": 0.47175142169}, "onset_rate": 2.94193840027, "beats_position": [0.336689323187, 0.684988677502, 1.03328800201, 1.369977355, 1.70666658878, 2.04335594177, 2.38004541397, 2.71673464775, 3.05342388153, 3.39011335373, 3.72680258751, 4.06349182129, 4.38857126236, 4.72526073456, 5.05034017563, 5.38702917099, 5.71210861206, 6.03718805313, 6.3622674942, 6.6989569664, 7.03564596176, 7.37233543396, 7.70902490616, 8.03410434723, 8.37079334259, 8.70748329163, 9.04417228699, 9.38086128235, 9.70594120026, 10.0310201645, 10.3677091599, 10.7043991089, 11.0410881042, 11.3777770996, 11.7144670486, 12.051156044, 12.3762359619, 12.7013149261, 13.0380039215, 13.3746938705, 13.7113828659, 14.0480718613, 14.3731517792, 14.7098407745, 15.0465307236, 15.3832197189, 15.7199087143, 16.0449886322, 16.3700675964, 16.7067565918, 17.0434455872, 17.3685264587, 17.7052154541, 18.0419044495, 18.3785934448, 18.7152824402, 19.0403633118, 19.3770523071, 19.7137413025, 20.0388202667, 20.3755092621, 20.7121982574, 21.0604991913, 21.3855781555, 21.7106571198, 22.035736084, 22.3724250793, 22.7091159821, 23.0341949463, 23.3708839417, 23.707572937, 24.0442619324, 24.3809528351, 24.7060317993, 25.0427207947, 25.37940979, 25.7044887543, 26.0411777496, 26.3778686523, 26.7145576477, 27.0512466431, 27.3763256073, 27.7130146027, 28.0497055054, 28.3747844696, 28.711473465, 29.0481624603, 29.3732414246, 29.7099323273, 30.0466213226, 30.3717002869, 30.7083892822, 31.0450782776, 31.3701572418, 31.7068481445, 32.0435371399, 32.3686180115, 32.7053070068, 33.0419960022, 33.3786849976, 33.7153739929, 34.0404510498, 34.3771438599, 34.7138328552, 35.0389099121, 35.3755989075, 35.7122879028, 36.0373687744, 36.3740577698, 36.7107467651, 37.0358276367, 37.3725166321, 37.7092056274, 38.034286499, 38.3709754944, 38.7076644897, 39.0327415466, 39.369430542, 39.7061233521, 40.0428123474, 40.3795013428, 40.7045783997, 41.041267395, 41.3779602051, 41.703037262, 42.0397262573, 42.3764152527, 42.7014961243, 43.0381851196, 43.374874115, 43.6999549866, 44.0366439819, 44.3733329773, 44.7100219727, 45.046710968, 45.3717918396, 45.7200889587, 46.0451698303, 46.3702468872, 46.6953277588, 47.0320167542, 47.3687057495, 47.7053947449, 48.0420837402, 48.3671646118, 48.7038536072, 49.0405426025, 49.3772315979, 49.7139205933, 50.0390014648, 50.3756904602, 50.7123794556, 51.0374603271, 51.3741493225, 51.7108383179, 52.0475273132, 52.3842163086, 52.7092971802, 53.0343742371, 53.3710632324, 53.7077522278, 54.0444450378, 54.3811340332, 54.7062110901, 55.0429000854, 55.3795890808, 55.7046699524, 56.029750824, 56.3664398193, 56.7031288147, 57.0282058716, 57.3648986816, 57.701587677, 58.0266647339, 58.3633537292, 58.7000427246, 59.03673172, 59.37342453, 59.6985015869, 60.0351905823, 60.3718795776, 60.6969604492, 61.0336494446, 61.3703384399, 61.7186393738, 62.0437164307, 62.3687973022, 62.7054862976, 63.042175293, 63.3788642883, 63.7155532837, 64.0522460938, 64.3773193359, 64.714012146, 65.0390930176, 65.3757781982, 65.7124710083, 66.0375518799, 66.3742370605, 66.7109298706, 67.0360107422, 67.3726959229, 67.7093887329, 68.0460739136, 68.3827667236, 68.7078475952, 69.0445327759, 69.3812255859, 69.7062988281, 70.0429916382, 70.3796844482, 70.7047576904, 71.0414505005, 71.3781356812, 71.7032165527, 72.0399093628, 72.3765945435, 72.701675415, 73.0383682251, 73.3750534058, 73.7001342773, 74.0368270874, 74.3735122681, 74.6985931396, 75.0352783203, 75.3719711304, 75.697052002, 76.0337371826, 76.3704299927, 76.7071151733, 77.0438079834, 77.368888855, 77.7055740356, 78.0422668457, 78.3673477173, 78.7040328979, 79.040725708, 79.3658065796, 79.7024917603, 80.0391845703, 80.3874816895, 80.712562561, 81.0376434326, 81.3743286133, 81.7110214233, 82.047706604, 82.3843994141, 82.7094802856, 83.0461654663, 83.3828582764, 83.7079315186, 84.0446243286, 84.3813171387, 84.7063903809, 85.0430831909, 85.3797683716, 85.7048492432, 86.0531539917, 86.3782272339, 86.7033081055, 87.0400009155, 87.3766860962, 87.7133789062, 88.0500640869, 88.3751449585, 88.7118377686, 89.0485229492, 89.3736038208, 89.6986846924, 90.035369873, 90.3720626831, 90.7087478638, 91.0454406738, 91.3705215454, 91.7072067261, 92.0438995361, 92.3689804077, 92.7056655884, 93.0423583984, 93.3790435791, 93.7157363892, 94.0408172607, 94.3658905029, 94.702583313, 95.039276123, 95.3643493652, 95.7010421753, 96.037727356, 96.374420166, 96.7111129761, 97.0361862183, 97.3728790283, 97.709564209, 98.046257019, 98.3829498291, 98.7080230713, 99.0331039429, 99.3697967529, 99.7064819336, 100.031562805, 100.368255615, 100.704940796, 101.041633606, 101.378318787, 101.703399658, 102.040092468, 102.376777649, 102.701858521, 103.038543701, 103.375236511, 103.700317383, 104.037002563, 104.373695374, 104.710380554, 105.047073364, 105.372154236, 105.697235107, 106.02230835, 106.35900116, 106.69568634, 107.03237915, 107.36907196, 107.694145203, 108.030838013, 108.367523193, 108.704216003, 109.040908813, 109.377593994, 109.714286804, 110.039360046, 110.376052856, 110.712738037, 111.037818909, 111.374511719, 111.711196899, 112.047889709, 112.38457489, 112.709655762, 113.046348572, 113.383033752, 113.708114624, 114.044807434, 114.381492615, 114.706573486, 115.043266296, 115.379951477, 115.705032349, 116.041717529, 116.378410339, 116.703491211, 117.040176392, 117.376869202, 117.701950073, 118.038635254, 118.375328064, 118.700408936, 119.037094116, 119.373786926, 119.698867798, 120.035552979, 120.372245789, 120.708930969, 121.045623779, 121.370697021, 121.707389832, 122.044082642, 122.380767822, 122.717460632, 123.042533875, 123.379226685, 123.715919495, 124.040992737, 124.366073608, 124.702766418, 125.039451599, 125.364532471, 125.701225281, 126.037910461, 126.374603271, 126.711288452, 127.036369324, 127.373062134, 127.709747314, 128.046432495, 128.383132935, 128.708206177, 129.056503296, 129.381591797, 129.706665039, 130.031738281, 130.368438721, 130.705123901, 131.041809082, 131.366897583, 131.703582764, 132.040267944, 132.376953125, 132.702041626, 133.038726807, 133.375411987, 133.700500488, 134.037185669, 134.37387085, 134.710571289, 135.04725647, 135.372329712, 135.709014893, 136.045715332, 136.370788574, 136.707473755, 137.044174194, 137.369247437, 137.705932617, 138.042633057, 138.367706299, 138.704391479, 139.041091919, 139.366165161, 139.702850342, 140.039550781, 140.364624023, 140.701309204, 141.037994385, 141.374694824, 141.711380005, 142.036453247, 142.373153687, 142.709838867, 143.034912109, 143.371612549, 143.708297729, 144.04498291, 144.370071411, 144.706756592, 145.043441772, 145.380126953, 145.705215454, 146.041900635, 146.378585815, 146.703674316, 147.040359497, 147.377044678, 147.702133179, 148.038818359, 148.37550354, 148.712203979, 149.04888916, 149.373962402, 149.710647583, 150.035736084, 150.372421265, 150.709106445, 151.045806885, 151.370880127, 151.707565308, 152.044265747, 152.369338989, 152.70602417, 153.042724609, 153.367797852, 153.704483032, 154.041183472, 154.366256714, 154.702941895, 155.039627075, 155.364715576, 155.701400757, 156.038085938, 156.374786377, 156.711471558, 157.0365448, 157.373245239, 157.70993042, 158.046615601, 158.383300781, 158.708389282, 159.045074463, 159.381759644, 159.706848145, 160.043533325, 160.368606567, 160.705307007, 161.041992188, 161.378677368, 161.703765869, 162.04045105, 162.37713623, 162.702224731, 163.038909912, 163.538131714, 164.048980713, 164.536590576, 165.035827637, 165.535049438, 166.034286499, 166.533508301, 167.032745361, 167.531967163, 168.031204224, 168.530426025, 169.029663086, 169.528884888, 170.01651001, 170.515731812, 171.014968872, 171.514190674, 172.013427734, 172.524261475, 173.035095215, 173.534332275, 174.033554077, 174.532791138, 175.020401001, 175.53125, 176.04208374, 176.541305542, 177.040542603, 177.528152466, 178.027389526, 178.526611328, 179.025848389, 179.52507019, 180.024307251, 180.523529053, 181.034378052, 181.533599854, 182.032836914, 182.532058716, 183.031295776, 183.530517578, 184.029754639, 184.52897644, 185.028198242, 185.515823364, 186.015060425, 186.514282227, 187.013504028, 187.512741089, 188.011962891, 188.511199951, 189.022033691, 189.521270752, 190.032104492, 190.542938232, 191.042175293, 191.541397095, 192.040634155, 192.539855957, 193.039093018, 193.538314819, 194.03755188, 194.525161743, 195.024398804, 195.523620605, 196.022857666, 196.522079468, 197.032928467, 197.532150269, 198.042984009, 198.577041626, 199.111114502, 199.645172119, 200.179229736, 200.690063477, 201.200897217, 201.711746216, 202.210968018, 202.710205078, 203.20942688, 203.70866394, 204.207885742, 204.707122803, 205.194732666, 205.682357788, 206.169967651, 206.68081665, 207.191650391, 207.702484131, 208.201721191, 208.700942993, 209.200180054, 209.699401855, 210.210250854, 210.709472656, 211.208709717, 211.707931519, 212.207168579, 212.694778442, 213.194015503, 213.693237305, 214.192474365, 214.691696167, 215.190933228, 215.701766968, 216.20098877, 216.70022583, 217.199447632, 217.698684692, 218.197906494, 218.708755493, 219.207977295, 219.707214355, 220.206436157, 220.705657959, 221.193283081, 221.692520142, 222.191741943, 222.690963745, 223.190200806, 223.689422607, 224.188659668, 224.699493408, 225.210342407, 225.709564209, 226.20880127, 226.708023071, 227.207244873, 227.706481934, 228.205703735, 228.704940796, 229.204162598, 229.703399658, 230.214233398, 230.713470459, 231.212692261, 231.711929321, 232.199539185, 232.710388184, 233.197998047, 233.697235107, 234.196456909, 234.707290649, 235.20652771, 235.705749512, 236.216598511, 236.715820312, 237.215057373, 237.714279175, 238.213516235, 238.712738037, 239.211975098, 239.711196899, 240.198822021, 240.698043823, 241.208877563, 241.708114624, 242.207336426, 242.706573486, 243.205795288, 243.716644287, 244.20425415, 244.703491211, 245.202713013, 245.690338135, 246.189559937, 246.688796997, 247.188018799, 247.687255859, 248.186477661, 248.685714722, 249.196548462, 249.707382202, 250.206619263, 250.717453003, 251.216690063, 251.715911865, 252.215148926, 252.714370728, 253.213607788, 253.71282959, 254.212051392, 254.699676514, 255.198913574, 255.698135376, 256.197357178, 256.696594238, 257.195831299, 257.706665039, 258.2059021, 258.705108643, 259.204345703, 259.703582764, 260.202819824, 260.713653564, 261.224487305, 261.746948242, 262.269378662, 262.7918396, 263.31427002, 263.836730957, 264.347564697, 264.870025635, 265.392456055, 265.914916992, 266.43737793, 266.95980835, 267.482269287, 268.004699707, 268.527160645, 269.037994385, 269.537231445, 270.048065186, 270.558898926, 271.069732666, 271.592193604, 272.114654541, 272.637084961, 273.159545898, 273.681976318], "beats_loudness": {"dmean2": 0.0184818748385, "median": 0.0338101126254, "min": 0, "dvar2": 0.000240629116888, "dvar": 8.79865983734e-05, "dmean": 0.0106491697952, "max": 0.0779284909368, "var": 0.000209361460293, "mean": 0.0347378589213}, "danceability": 1.1148096323, "bpm_histogram_second_peak_weight": {"dmean2": 0, "median": 0.206214696169, "min": 0.206214696169, "dvar2": 0, "dvar": 0, "dmean": 0, "max": 0.206214696169, "var": 0, "mean": 0.206214696169}, "beats_count": 709, "bpm_histogram_second_peak_bpm": {"dmean2": 0, "median": 185, "min": 185, "dvar2": 0, "dvar": 0, "dmean": 0, "max": 185, "var": 0, "mean": 185}, "bpm_histogram_first_peak_spread": {"dmean2": 0, "median": 0, "min": 0, "dvar2": 0, "dvar": 0, "dmean": 0, "max": 0, "var": 0, "mean": 0}, "beats_loudness_band_ratio": {"dmean2": [0.270235568285, 0.122348949313, 0.0977446809411, 0.140204623342, 0.0982709899545, 0.0548459514976], "median": [0.421279579401, 0.101955622435, 0.0945031046867, 0.157368838787, 0.134426742792, 0.0666310563684], "min": [0, 0, 0, 0, 0, 0], "dvar2": [0.0409580469131, 0.00992855336517, 0.00832526013255, 0.0152926342562, 0.00759885692969, 0.00252466346137], "dvar": [0.0151567496359, 0.0033422189299, 0.00301957759075, 0.00501184770837, 0.00265603745356, 0.000868214701768], "dmean": [0.15656234324, 0.0694298744202, 0.0562523305416, 0.0817950889468, 0.0565530695021, 0.0317512862384], "max": [0.814136981964, 0.429767757654, 0.568506538868, 0.810953974724, 0.440659463406, 0.302178651094], "var": [0.0297832321376, 0.0045873648487, 0.0051125716418, 0.0116574456915, 0.00431909458712, 0.00256941677071], "mean": [0.429565608501, 0.114241875708, 0.112686730921, 0.177798524499, 0.14430257678, 0.0801717862487]}}, "lowlevel": {"barkbands_spread": {"dmean2": 9.56962776184, "median": 35.2563209534, "min": 4.11031866074, "dvar2": 71.6636123657, "dvar": 24.4780292511, "dmean": 5.54750061035, "max": 68.0905380249, "var": 71.1564483643, "mean": 34.4834213257}, "melbands_spread": {"dmean2": 18.4801902771, "median": 41.2736663818, "min": 6.19736433029, "dvar2": 263.860198975, "dvar": 97.5801544189, "dmean": 11.1863946915, "max": 160.41456604, "var": 332.018310547, "mean": 43.899269104}, "hfc": {"dmean2": 14.0565738678, "median": 33.57239151, "min": 1.07502873949e-16, "dvar2": 214.871063232, "dvar": 79.6416931152, "dmean": 8.03355789185, "max": 102.335914612, "var": 213.948730469, "mean": 33.37707901}, "barkbands_kurtosis": {"dmean2": 1.30134761333, "median": -0.822080492973, "min": -1.71709954739, "dvar2": 2.42156553268, "dvar": 0.892730295658, "dmean": 0.74971973896, "max": 12.8268489838, "var": 1.37201523781, "mean": -0.450179845095}, "gfcc": {"mean": [31.8404483795, 91.0684051514, -148.261199951, 49.2176170349, -52.5949516296, 18.3652191162, -27.9389095306, 8.02622127533, -25.3034820557, -4.74585103989, -13.1649742126, -5.42002677917, -10.0777082443], "icov": [[0.000250556739047, -0.000839496555272, 0.000486786389956, -0.000665250758175, 0.00063750235131, -0.000547881936654, 0.000661846715957, -0.000592704687733, 0.000587870134041, -0.000875644211192, 0.00122368219309, -0.00111838034354, 0.000766393786762], [-0.000839496555272, 0.00741449091583, 0.000398900534492, 0.00310642411932, -0.0015616917517, 0.00152768811677, -0.00166250835173, 0.00247969431803, -0.00616855965927, 0.00600052811205, -0.00773993507028, 0.00636050896719, -0.00584314577281], [0.000486786389956, 0.000398900534492, 0.00466488255188, -0.00102917884942, 0.000148645369336, -0.00107786396984, 0.00244136620313, -0.00140894588549, -0.00182879308704, -0.00199140957557, 0.00351902795956, -0.00452973367646, 0.000752031861339], [-0.000665250758175, 0.00310642411932, -0.00102917884942, 0.00734047824517, -0.00206143781543, -0.00104603741784, 0.00012328401499, -0.00141040608287, -0.000649731431622, 0.00372916576453, -0.00537601532415, 0.0047198231332, -0.00325390184298], [0.00063750235131, -0.0015616917517, 0.000148645369336, -0.00206143781543, 0.0146575020626, -0.000681109493598, -0.00383919244632, 0.000205648029805, 0.000602565763984, 0.00148451945279, -0.0062750261277, 0.0057057403028, -0.00573535589501], [-0.000547881936654, 0.00152768811677, -0.00107786396984, -0.00104603741784, -0.000681109493598, 0.015178674832, -0.00800662953407, -0.00149924680591, 0.000291726231808, -0.00490462593734, 0.00477236742154, -0.00253135850653, 0.000168395446963], [0.000661846715957, -0.00166250835173, 0.00244136620313, 0.00012328401499, -0.00383919244632, -0.00800662953407, 0.0203239694238, -0.00301138288341, -0.00399491051212, 0.00360896112397, -0.00196279562078, 0.00096934317844, -0.00225739576854], [-0.000592704687733, 0.00247969431803, -0.00140894588549, -0.00141040608287, 0.000205648029805, -0.00149924680591, -0.00301138288341, 0.0202832240611, -0.00591521523893, 0.0025708519388, -0.00769610749558, 0.00409418111667, -0.00520089594647], [0.000587870134041, -0.00616855965927, -0.00182879308704, -0.000649731431622, 0.000602565763984, 0.000291726231808, -0.00399491051212, -0.00591521523893, 0.023103851825, -0.0155320642516, 0.00788396317512, -0.00899124331772, 0.0058929361403], [-0.000875644211192, 0.00600052811205, -0.00199140957557, 0.00372916576453, 0.00148451945279, -0.00490462593734, 0.00360896112397, 0.0025708519388, -0.0155320642516, 0.0354039780796, -0.0195723641664, 0.00824012793601, -0.00224602269009], [0.00122368219309, -0.00773993507028, 0.00351902795956, -0.00537601532415, -0.0062750261277, 0.00477236742154, -0.00196279562078, -0.00769610749558, 0.00788396317512, -0.0195723641664, 0.0428756922483, -0.0230252314359, 0.00905122235417], [-0.00111838034354, 0.00636050896719, -0.00452973367646, 0.0047198231332, 0.0057057403028, -0.00253135850653, 0.00096934317844, 0.00409418111667, -0.00899124331772, 0.00824012793601, -0.0230252314359, 0.0444523021579, -0.0203455332667], [0.000766393786762, -0.00584314577281, 0.000752031861339, -0.00325390184298, -0.00573535589501, 0.000168395446963, -0.00225739576854, -0.00520089594647, 0.0058929361403, -0.00224602269009, 0.00905122235417, -0.0203455332667, 0.0438700467348]], "cov": [[17315.6835938, 790.547363281, -1139.27294922, 614.807922363, -847.926330566, 357.04208374, -444.533813477, 159.721405029, -132.881774902, 86.0227813721, -220.21836853, 32.7317008972, -165.367279053], [790.547363281, 427.983947754, -223.933990479, -54.6211471558, 58.9516525269, -28.4479789734, 56.4006347656, -0.341574907303, 36.3944206238, -24.0488471985, 46.128364563, -19.8529663086, 28.8145427704], [-1139.27294922, -223.933990479, 501.701385498, 2.17314743996, -18.6006355286, 35.9480857849, -25.2724227905, 29.17137146, 77.3093185425, 60.4657669067, -7.24094200134, 58.3995170593, 2.51420927048], [614.807922363, -54.6211471558, 2.17314743996, 241.226715088, 9.47653007507, 45.4620552063, -1.97602510452, 43.9868354797, -18.7543392181, -1.21952593327, 7.53118038177, -1.57765078545, 6.18804740906], [-847.926330566, 58.9516525269, -18.6006355286, 9.47653007507, 172.206588745, -10.3339290619, 77.4613265991, 9.10634613037, 6.47844266891, -16.802614212, 45.2682685852, -14.7279701233, 33.4046401978], [357.04208374, -28.4479789734, 35.9480857849, 45.4620552063, -10.3339290619, 118.134689331, 29.9829711914, 32.4665794373, 24.8808250427, 27.3080024719, -4.61536598206, 14.9023199081, 2.23602867126], [-444.533813477, 56.4006347656, -25.2724227905, -1.97602510452, 77.4613265991, 29.9829711914, 112.692375183, 22.3169975281, 27.894613266, -3.76792526245, 28.7515945435, -2.64265751839, 22.9234428406], [159.721405029, -0.341574907303, 29.17137146, 43.9868354797, 9.10634613037, 32.4665794373, 22.3169975281, 78.7135238647, 31.4575786591, 19.1217136383, 18.9292755127, 12.5850992203, 10.1571235657], [-132.881774902, 36.3944206238, 77.3093185425, -18.7543392181, 6.47844266891, 24.8808250427, 27.894613266, 31.4575786591, 108.068588257, 48.6593704224, 21.2398452759, 24.7223796844, 5.42668962479], [86.0227813721, -24.0488471985, 60.4657669067, -1.21952593327, -16.802614212, 27.3080024719, -3.76792526245, 19.1217136383, 48.6593704224, 68.8767166138, 19.5430049896, 19.2057723999, -4.1963968277], [-220.21836853, 46.128364563, -7.24094200134, 7.53118038177, 45.2682685852, -4.61536598206, 28.7515945435, 18.9292755127, 21.2398452759, 19.5430049896, 62.7478981018, 17.2474861145, 13.5334415436], [32.7317008972, -19.8529663086, 58.3995170593, -1.57765078545, -14.7279701233, 14.9023199081, -2.64265751839, 12.5850992203, 24.7223796844, 19.2057723999, 17.2474861145, 49.9167480469, 12.2928714752], [-165.367279053, 28.8145427704, 2.51420927048, 6.18804740906, 33.4046401978, 2.23602867126, 22.9234428406, 10.1571235657, 5.42668962479, -4.1963968277, 13.5334415436, 12.2928714752, 38.6445770264]]}, "spectral_energyband_middle_low": {"dmean2": 0.00858870241791, "median": 0.00847924593836, "min": 1.44183932045e-22, "dvar2": 0.000167635545949, "dvar": 6.04116212344e-05, "dmean": 0.00492748012766, "max": 0.0799605250359, "var": 6.57352575217e-05, "mean": 0.0101428907365}, "melbands_crest": {"dmean2": 6.36441898346, "median": 10.9498443604, "min": 1.66618347168, "dvar2": 26.243686676, "dvar": 10.631029129, "dmean": 3.83817076683, "max": 27.4603023529, "var": 17.8850326538, "mean": 11.6905832291}, "spectral_kurtosis": {"dmean2": 2.29168987274, "median": 3.0309586525, "min": -1.28077876568, "dvar2": 7.37360715866, "dvar": 2.48888039589, "dmean": 1.31819856167, "max": 37.7063751221, "var": 3.89345955849, "mean": 3.38901305199}, "spectral_rms": {"dmean2": 0.00140267063398, "median": 0.0053388690576, "min": 3.1055132424e-12, "dvar2": 1.84246846402e-06, "dvar": 6.95466496836e-07, "dmean": 0.000875031924807, "max": 0.0103238457814, "var": 2.56423663814e-06, "mean": 0.00533798336983}, "zerocrossingrate": {"dmean2": 0.0119060100988, "median": 0.076171875, "min": 0.0166015625, "dvar2": 9.48692832026e-05, "dvar": 5.61862798349e-05, "dmean": 0.0087913358584, "max": 0.56591796875, "var": 0.00198878510855, "mean": 0.0808400586247}, "silence_rate_60dB": {"dmean2": 0.00474094133824, "median": 0, "min": 0, "dvar2": 0.00522679742426, "dvar": 0.00236475281417, "dmean": 0.00237026996911, "max": 1, "var": 0.041537117213, "mean": 0.0434230566025}, "erbbands_kurtosis": {"dmean2": 0.88972979784, "median": -0.0271461009979, "min": -1.4308899641, "dvar2": 0.628545463085, "dvar": 0.235920965672, "dmean": 0.537323415279, "max": 6.27729225159, "var": 0.547564148903, "mean": 0.0925063863397}, "erbbands": {"dmean2": [0.271026402712, 2.45690655708, 4.44992446899, 4.39512872696, 17.433588028, 16.9898414612, 11.1677217484, 10.1749830246, 16.9488201141, 16.9941520691, 26.319316864, 21.6391544342, 38.8545417786, 34.8979072571, 29.7675857544, 42.3965606689, 59.9934616089, 41.5785903931, 32.493019104, 31.1181602478, 34.3280601501, 53.2160606384, 46.8429718018, 25.8875198364, 28.5200939178, 41.6117362976, 23.138048172, 13.7420635223, 14.2264451981, 9.1172580719, 4.20236825943, 1.7119423151, 0.834151446819, 0.31143578887, 0.114548943937, 0.0274070892483, 0.00751593988389, 0.00175801420119, 0.000178896472789, 2.54199203482e-05], "median": [0.0336626321077, 0.658161044121, 2.80549097061, 3.62870049477, 6.80986690521, 5.34094142914, 4.73399448395, 5.79794788361, 7.83054161072, 8.90190982819, 16.4185695648, 15.2055168152, 31.3188552856, 30.698261261, 31.9552268982, 36.6093139648, 50.3459243774, 38.5553207397, 32.4696884155, 35.112953186, 41.6177597046, 53.1961517334, 60.4356651306, 39.8265838623, 35.5139083862, 34.6378173828, 20.3259010315, 11.9315347672, 7.85120391846, 4.93167686462, 3.08398127556, 1.8646146059, 0.854974210262, 0.380782067776, 0.124103263021, 0.0282479375601, 0.00505073834211, 0.00070679129567, 9.36880969675e-05, 4.2069616029e-05], "min": [4.95231793277e-23, 4.02001977444e-22, 2.23874312329e-21, 7.18392952629e-21, 1.52788579412e-20, 3.03048086413e-20, 4.13508396009e-20, 7.56521035171e-20, 8.31979229458e-20, 1.3333784413e-19, 2.46622555464e-19, 3.95627562287e-19, 6.89223119799e-19, 7.07755946327e-19, 6.76171708997e-19, 9.75679901829e-19, 1.33666038377e-18, 1.72324562119e-18, 2.42109933671e-18, 2.09435182781e-18, 3.56455783315e-18, 4.95207183341e-18, 5.35576285571e-18, 4.49274422953e-18, 7.08511544797e-18, 8.16323867013e-18, 7.80602320414e-18, 1.0468296561e-17, 1.15755431582e-17, 1.07498142476e-17, 1.22290390032e-17, 1.17536144646e-17, 9.30470903797e-18, 8.59953342986e-18, 5.24191095697e-18, 4.64040093195e-18, 2.581791992e-18, 9.54391581584e-19, 2.55677882576e-19, 2.53149611496e-20], "dvar2": [0.126258254051, 11.7652215958, 40.2150497437, 29.586101532, 683.072875977, 1015.79858398, 343.216888428, 202.466522217, 1312.4864502, 2784.66967773, 1545.35693359, 1139.36828613, 2795.4921875, 3474.34643555, 1289.12304688, 3998.80859375, 7672.61425781, 3290.3840332, 2054.86206055, 1167.41101074, 1447.99707031, 3109.55126953, 2140.42578125, 662.823852539, 942.61126709, 3164.25, 740.905456543, 264.61328125, 325.576660156, 140.714172363, 29.703502655, 4.0731511116, 0.964974284172, 0.151347875595, 0.0278302039951, 0.00194456276949, 0.000242145630182, 1.77931706276e-05, 1.71403542026e-07, 1.03855102296e-09], "dvar": [0.0545930601656, 4.47490596771, 14.3194313049, 10.5820465088, 250.094451904, 356.992523193, 119.522254944, 72.3286132812, 481.073425293, 991.336669922, 581.409240723, 422.368988037, 1040.84057617, 1428.04418945, 507.215393066, 1657.97338867, 3274.56591797, 1266.14001465, 834.894714355, 446.804534912, 573.871520996, 1126.37963867, 777.480712891, 237.845230103, 347.620544434, 1136.00439453, 268.898132324, 97.6557922363, 118.695777893, 50.7921295166, 10.8555278778, 1.5965180397, 0.381302714348, 0.0663583651185, 0.0109395142645, 0.000792724895291, 8.52443117765e-05, 6.11730501987e-06, 5.88579673888e-08, 3.72375408286e-10], "dmean": [0.166620016098, 1.47532308102, 2.52507328987, 2.56313371658, 10.1098423004, 9.32838726044, 6.24837255478, 5.89897966385, 9.9646987915, 10.0004339218, 15.7766685486, 12.9721679688, 23.7432327271, 21.7145900726, 18.2657642365, 26.1118240356, 36.9121665955, 25.2334957123, 19.7436695099, 18.5222644806, 20.6416549683, 30.9448490143, 27.4974822998, 15.4117975235, 16.6490573883, 24.1473331451, 12.9278068542, 7.84272432327, 7.87667179108, 5.03519582748, 2.33789372444, 1.00095105171, 0.500048696995, 0.203329190612, 0.0715254992247, 0.0171702932566, 0.00436222786084, 0.000966806546785, 9.82042984106e-05, 1.5253986021e-05], "max": [1.31538069248, 16.2441196442, 58.0952949524, 55.8506088257, 154.750335693, 164.878173828, 143.173522949, 143.251068115, 506.726501465, 1135.6907959, 611.135375977, 508.492553711, 600.715698242, 1492.82446289, 421.723602295, 1080.04528809, 1769.23327637, 789.720581055, 802.890441895, 532.372924805, 633.897216797, 388.013885498, 387.986358643, 245.349136353, 241.041168213, 507.391174316, 178.645736694, 115.053092957, 98.8740463257, 94.3953781128, 63.9643363953, 39.3525047302, 15.6142435074, 8.84242725372, 2.97151255608, 1.14344358444, 0.155626431108, 0.0283768307418, 0.00328526133671, 0.000217945620534], "var": [0.0556264817715, 4.22904872894, 13.8736162186, 14.5441970825, 245.641784668, 240.672271729, 100.038299561, 113.274421692, 551.054016113, 822.769592285, 912.155761719, 944.945983887, 2313.95825195, 2794.14331055, 1138.5255127, 4044.10668945, 7581.83935547, 2474.23852539, 1692.9732666, 817.745056152, 1142.58935547, 1729.11462402, 1695.62133789, 701.586608887, 977.368041992, 2576.77807617, 350.058227539, 166.43913269, 131.696075439, 54.5406761169, 16.8183193207, 3.75134992599, 1.07258331776, 0.233098253608, 0.0314309075475, 0.00205197720788, 0.000102583828266, 4.41683505414e-06, 4.07873379515e-08, 5.53767975919e-10], "mean": [0.151014223695, 1.51456069946, 3.69234728813, 4.46116781235, 12.0425682068, 9.55094718933, 7.81387996674, 9.47646903992, 14.5156593323, 15.3945951462, 25.2971153259, 24.6203365326, 44.7083969116, 44.2442321777, 40.5304794312, 54.9907226562, 72.8946456909, 51.6118011475, 41.761505127, 40.7420043945, 47.5938987732, 60.8656082153, 65.8950119019, 43.1181259155, 42.2807159424, 52.200012207, 24.0247631073, 15.2102985382, 11.4693279266, 7.30438661575, 4.14643383026, 2.28405785561, 1.15391457081, 0.529706895351, 0.185559287667, 0.0430879592896, 0.0084861991927, 0.00131266494282, 0.000143363635289, 4.52969106846e-05]}, "spectral_strongpeak": {"dmean2": 0.873031139374, "median": 0.299002081156, "min": 0, "dvar2": 2.34715986252, "dvar": 0.874778091908, "dmean": 0.484554797411, "max": 10.7662525177, "var": 0.833383977413, "mean": 0.58841997385}, "spectral_energy": {"dmean2": 0.0174879040569, "median": 0.029216112569, "min": 9.88531722996e-21, "dvar2": 0.000338053068845, "dvar": 0.000127601335407, "dmean": 0.0107509763911, "max": 0.109246343374, "var": 0.000249632372288, "mean": 0.0318347737193}, "average_loudness": 0.95217448473, "spectral_rolloff": {"dmean2": 984.817565918, "median": 2519.38476562, "min": 150.732421875, "dvar2": 784631.4375, "dvar": 311361.28125, "dmean": 582.324157715, "max": 20176.6113281, "var": 3201748.25, "mean": 2567.14379883}, "spectral_centroid": {"dmean2": 440.086486816, "median": 2138.76708984, "min": 520.716369629, "dvar2": 156957.1875, "dvar": 62591.875, "dmean": 261.497528076, "max": 11709.3916016, "var": 910590.125, "mean": 2223.08081055}, "pitch_salience": {"dmean2": 0.138934507966, "median": 0.61735355854, "min": 0.21788738668, "dvar2": 0.0143357887864, "dvar": 0.00550663890317, "dmean": 0.0852185189724, "max": 0.87998354435, "var": 0.00884257256985, "mean": 0.610855162144}, "spectral_energyband_middle_high": {"dmean2": 0.00377382687293, "median": 0.0108989626169, "min": 1.14577954504e-21, "dvar2": 1.39826343002e-05, "dvar": 5.62752939004e-06, "dmean": 0.00228686397895, "max": 0.0514031276107, "var": 2.61644818238e-05, "mean": 0.0110646579415}, "spectral_contrast_coeffs": {"dmean2": [0.101058259606, 0.0746129900217, 0.0604033693671, 0.0478119961917, 0.0364464893937, 0.0380419529974], "median": [-0.66437035799, -0.783059060574, -0.779314756393, -0.791240751743, -0.786720454693, -0.726404905319], "min": [-0.979000270367, -0.975326418877, -0.977580845356, -0.97073251009, -0.967591285706, -0.964464366436], "dvar2": [0.00652704760432, 0.00354603142478, 0.002230260754, 0.00135731173214, 0.000816717278212, 0.00120239017997], "dvar": [0.00249855383299, 0.00124385638628, 0.000815033155959, 0.000515018939041, 0.000346216664184, 0.000444472942036], "dmean": [0.0616559460759, 0.0443065688014, 0.036551643163, 0.0290399566293, 0.0225356929004, 0.0225567687303], "max": [-0.309710741043, -0.481632769108, -0.594211876392, -0.60288310051, -0.624458193779, -0.595857739449], "var": [0.00618404475972, 0.00280919042416, 0.00221592397429, 0.0016692240024, 0.00168262911029, 0.00140192825347], "mean": [-0.66080135107, -0.781841039658, -0.778867304325, -0.788970828056, -0.781044065952, -0.725430965424]}, "melbands_skewness": {"dmean2": 1.02607536316, "median": 1.55035769939, "min": -1.57786893845, "dvar2": 0.829984426498, "dvar": 0.323926329613, "dmean": 0.638759553432, "max": 5.9297118187, "var": 0.701406240463, "mean": 1.66858768463}, "spectral_spread": {"dmean2": 456769.0625, "median": 3645526.5, "min": 1260590.875, "dvar2": 453058560000, "dvar": 272012279808, "dmean": 283009.53125, "max": 43152724, "var": 12456224096300.0, "mean": 3942942.5}, "dissonance": {"dmean2": 0.0149896340445, "median": 0.487741798162, "min": 0.384941667318, "dvar2": 0.000182314965059, "dvar": 6.50665315334e-05, "dmean": 0.00872474443167, "max": 0.500000059605, "var": 9.24108026084e-05, "mean": 0.485793799162}, "spectral_skewness": {"dmean2": 0.32554063201, "median": 1.10353732109, "min": -0.0838300585747, "dvar2": 0.0941413417459, "dvar": 0.0324996747077, "dmean": 0.189613908529, "max": 3.88890743256, "var": 0.0674658641219, "mean": 1.1024184227}, "spectral_flux": {"dmean2": 0.0383361391723, "median": 0.10395899415, "min": 6.40748495928e-11, "dvar2": 0.00115896470379, "dvar": 0.000541940156836, "dmean": 0.0243015401065, "max": 0.273716300726, "var": 0.00169977289625, "mean": 0.105977147818}, "spectral_contrast_valleys": {"dmean2": [0.694726347923, 0.615294039249, 0.444046378136, 0.383344441652, 0.409162998199, 0.369733065367], "median": [-6.78896331787, -6.32517337799, -6.47796344757, -6.65686559677, -6.40514373779, -9.55451965332], "min": [-28.2561950684, -27.9947013855, -28.0068302155, -27.6821651459, -27.5274982452, -27.432888031], "dvar2": [0.310050308704, 0.324681580067, 0.149748593569, 0.125111550093, 0.160666927695, 0.18051892519], "dvar": [0.131368502975, 0.135413005948, 0.0765848532319, 0.0714122876525, 0.0836404263973, 0.087137684226], "dmean": [0.424163937569, 0.361091643572, 0.264048993587, 0.235489219427, 0.250082463026, 0.22903765738], "max": [-5.37276124954, -4.54145050049, -5.28117513657, -5.41015911102, -5.36822605133, -8.07454013824], "var": [4.41244077682, 4.48241186142, 4.26267528534, 4.16569852829, 4.23140954971, 3.44375014305], "mean": [-7.07787179947, -6.61209630966, -6.75497293472, -6.93546009064, -6.71130371094, -9.87647628784]}, "erbbands_flatness_db": {"dmean2": 0.0188543181866, "median": 0.148730188608, "min": 0.0748251602054, 