{"tonal": {"thpcp": [1, 0.980325937271, 0.497040271759, 0.15017876029, 0.082386828959, 0.088351406157, 0.113451190293, 0.202609613538, 0.292002975941, 0.266619682312, 0.178468808532, 0.117638386786, 0.0953206196427, 0.0872767716646, 0.111503079534, 0.198295786977, 0.189349547029, 0.136142522097, 0.152227893472, 0.1333476156, 0.110337257385, 0.147070884705, 0.222683399916, 0.321352601051, 0.558858811855, 0.589347958565, 0.311554849148, 0.157460018992, 0.121918313205, 0.114669755101, 0.152807354927, 0.167153373361, 0.119299456477, 0.0945858284831, 0.210273042321, 0.567054927349], "hpcp": {"dmean2": [0.132177114487, 0.125901222229, 0.146060675383, 0.217487707734, 0.271682471037, 0.279301226139, 0.262340307236, 0.244237035513, 0.181193098426, 0.144937098026, 0.133915796876, 0.134498938918, 0.14832264185, 0.144416153431, 0.116499975324, 0.19256208837, 0.308686375618, 0.314164221287, 0.295848101377, 0.263502061367, 0.161675706506, 0.108120679855, 0.0989088267088, 0.115036725998, 0.141388356686, 0.154321029782, 0.149714052677, 0.126011997461, 0.11118517071, 0.0984813198447, 0.087469637394, 0.0857148244977, 0.103250071406, 0.12111967802, 0.134746044874, 0.137888073921], "median": [0.00310441246256, 0.00507928803563, 0.01032021828, 0.0174633860588, 0.0353813879192, 0.0733144134283, 0.0574013032019, 0.0144852679223, 0.00208667828701, 0.00226565031335, 0.00426109833643, 0.00560231693089, 0.00384869449772, 0.00181631627493, 0.00118566164747, 0.00429701991379, 0.0890769734979, 0.336548835039, 0.261516720057, 0.0573003552854, 0.0035109645687, 0.00174878712278, 0.00250378227793, 0.00531621882692, 0.00815581623465, 0.0123816654086, 0.017309460789, 0.0130250994116, 0.00855564605445, 0.00760350935161, 0.00579437566921, 0.00484229950234, 0.00622870540246, 0.00620853900909, 0.00412028469145, 0.00332938344218], "min": [0, 0, 0, 0, 0, 0, 0, 0, 0, 0, 0, 0, 0, 0, 0, 0, 0, 0, 0, 0, 0, 0, 0, 0, 0, 0, 0, 0, 0, 0, 0, 0, 0, 0, 0, 0], "dvar2": [0.0913554877043, 0.0810556858778, 0.0935865193605, 0.136779651046, 0.15375700593, 0.13818885386, 0.138699814677, 0.15147010982, 0.127380728722, 0.109021030366, 0.0908324420452, 0.0872527882457, 0.105781018734, 0.11371190846, 0.081072576344, 0.116146735847, 0.153994739056, 0.130306601524, 0.126752361655, 0.115816399455, 0.0916588008404, 0.0755711346865, 0.0635477378964, 0.0677844807506, 0.0821959003806, 0.0812982097268, 0.0646539032459, 0.062650538981, 0.0642453208566, 0.0634303689003, 0.0522949062288, 0.0471566468477, 0.0623460114002, 0.0747187286615, 0.0958318784833, 0.0977064669132], "dvar": [0.0312514379621, 0.0287355817854, 0.0323519892991, 0.0479547567666, 0.054969098419, 0.0530212335289, 0.0522297024727, 0.0538242869079, 0.0458159856498, 0.0388741493225, 0.0310165863484, 0.0305148661137, 0.0373790115118, 0.0384326912463, 0.0277790538967, 0.0408779978752, 0.0577196218073, 0.050967913121, 0.0500690676272, 0.0445251986384, 0.0323076881468, 0.0250478293747, 0.0221419930458, 0.0234827436507, 0.0279119648039, 0.0288430936635, 0.0238885842264, 0.0222920440137, 0.0220532398671, 0.0213178172708, 0.017633639276, 0.0160487350076, 0.0226374026388, 0.0261565521359, 0.0322507321835, 0.0332149639726], "dmean": [0.0713388621807, 0.0670220777392, 0.0806846469641, 0.119561001658, 0.15140324831, 0.160732731223, 0.151048272848, 0.134849563241, 0.0973571911454, 0.0777718573809, 0.0709944739938, 0.0732496455312, 0.0802484676242, 0.0766605511308, 0.0619252361357, 0.105716794729, 0.177544519305, 0.184795305133, 0.16993920505, 0.15320110321, 0.0884002149105, 0.056321632117, 0.0531529001892, 0.0622256286442, 0.0771407932043, 0.0862248912454, 0.0864080190659, 0.0721104070544, 0.0602119229734, 0.0528383404016, 0.0473008789122, 0.0465995706618, 0.0581735596061, 0.0668598115444, 0.0721840113401, 0.0748296678066], "max": [1, 1, 1, 1, 1, 1, 1, 1, 1, 1, 1, 1, 1, 1, 1, 1, 1, 1, 1, 1, 1, 1, 1, 1, 1, 1, 1, 1, 1, 1, 1, 1, 1, 1, 1, 1], "var": [0.0243650916964, 0.0192571468651, 0.0229003205895, 0.0379554666579, 0.0543383397162, 0.0972170755267, 0.117750048637, 0.0565922111273, 0.033983130008, 0.0266425199807, 0.0201346166432, 0.0279633942991, 0.0351044163108, 0.0251132752746, 0.0185238365084, 0.0374437868595, 0.0925586745143, 0.142009884119, 0.161215528846, 0.0813113301992, 0.0234983414412, 0.0150752840564, 0.0149756567553, 0.0171494930983, 0.0361067466438, 0.0630898550153, 0.0405086800456, 0.0238057635725, 0.0150584420189, 0.013227221556, 0.0114467283711, 0.0140540935099, 0.0458177551627, 0.0388780124485, 0.0240297894925, 0.0284238215536], "mean": [0.0562324300408, 0.0465290062129, 0.0620195046067, 0.0939051583409, 0.1355137676, 0.235669672489, 0.248526886106, 0.131382077932, 0.0664005875587, 0.0514127165079, 0.0483560152352, 0.0644385665655, 0.0704882517457, 0.0503083504736, 0.0398866608739, 0.0886717364192, 0.239125967026, 0.421698063612, 0.413401544094, 0.209600925446, 0.063330091536, 0.0347423665226, 0.0372576154768, 0.0478421486914, 0.0854400843382, 0.12313708663, 0.112433001399, 0.0752599537373, 0.0496078804135, 0.040196519345, 0.0368044450879, 0.0470206327736, 0.0836209505796, 0.0798483341932, 0.0574110373855, 0.0641942098737]}, "tuning_equal_tempered_deviation": 0.203367576003, "chords_changes_rate": 0.0569717697799, "key_key": "D#", "tuning_diatonic_strength": 0.450079798698, "key_scale": "minor", "chords_number_rate": 0.00290846871212, "tuning_frequency": 444.085327148, "tuning_nontempered_energy_ratio": 0.873847365379, "chords_histogram": [1.55688619614, 1.18049609661, 2.95979475975, 7.85286569595, 1.26603937149, 4.49957227707, 1.93327629566, 1.81351578236, 16.5440540314, 13.5671510696, 2.2070145607, 0, 0, 0.393498718739, 0.153977751732, 1.89905905724, 12.8314800262, 3.45594525337, 2.92557740211, 0, 0, 0.0171086397022, 10.9666385651, 11.9760475159], "key_strength": 0.60439914465, "chords_key": "G", "chords_strength": {"dmean2": 0.0086475526914, "median": 0.522213757038, "min": 0.236782282591, "dvar2": 7.74936343078e-05, "dvar": 4.91519240313e-05, "dmean": 0.00758864637464, "max": 0.761060416698, "var": 0.0101735005155, "mean": 0.522750258446}, "chords_scale": "minor", "hpcp_entropy": {"dmean2": 0.953855454922, "median": 2.24710536003, "min": 0, "dvar2": 0.599552810192, "dvar": 0.215576499701, "dmean": 0.566434383392, "max": 4.27975940704, "var": 0.505738437176, "mean": 2.23703694344}}, "metadata": {"audio_properties": {"equal_loudness": 0, "codec": "flac", "downmix": "mix", "sample_rate": 44100, "analysis_sample_rate": 44100, "bit_rate": 0, "md5_encoded": "424c6a5a03fa281525bf49aee3e5d48c", "length": 271.361846924, "replay_gain": -8.94086074829, "lossless": true}, "version": {"essentia_build_sha": "70f2e5ece6736b2c40cc944ad0e695b16b925413", "essentia": "2.1-beta2", "extractor": "music 1.0", "essentia_git_sha": "v2.1_beta2"}, "tags": {"title": ["My Dying Robot"], "media": ["Digital Media"], "albumartist": ["Sabled Sun"], "tracktotal": ["11"], "albumartistsort": ["Sabled Sun"], "releasetype": ["album"], "musicbrainz_recordingid": ["08a55333-213b-4386-ba05-08864626d8cb"], "musicbrainz_workid": ["1b0ff695-2e17-4095-b898-56df115ef00d"], "musicbrainz_releasegroupid": ["ac6b03ae-7a06-4d03-b0d4-2120627b3e23"], "musicbrainz_albumartistid": ["7192e7c7-15ad-46ea-bfa0-6c0903a6a7a2"], "musicbrainz_releasetrackid": ["24f2808f-3df3-3735-926a-445b2c84cd03"], "discnumber": ["1"], "totaldiscs": ["1"], "album": ["2146"], "releasecountry": ["XW"], "writer": ["Simon Heath"], "file_name": "10_My_Dying_Robot.flac", "work": ["My Dying Robot"], "date": ["2012-12-21"], "genre": ["Dark Ambient; Industrial"], "disctotal": ["1"], "musicbrainz_artistid": ["7192e7c7-15ad-46ea-bfa0-6c0903a6a7a2"], "originaldate": ["2012-12-21"], "musicbrainz_albumid": ["1d025870-a6a7-43e2-9a57-7daa7ec7dc9c"], "tracknumber": ["10"], "artistsort": ["Sabled Sun"], "artist": ["Sabled Sun"], "label": ["Cryo Chamber"], "releasestatus": ["official"], "acoustid_id": ["d5f41cd7-d119-44a0-97cd-5f2120faada9"], "script": ["Latn"], "totaltracks": ["11"]}}, "rhythm": {"bpm_histogram_first_peak_bpm": {"dmean2": 0, "median": 80, "min": 80, "dvar2": 0, "dvar": 0, "dmean": 0, "max": 80, "var": 0, "mean": 80}, "bpm": 79.9591445923, "bpm_histogram_second_peak_spread": {"dmean2": 0, "median": 0.406250059605, "min": 0.406250059605, "dvar2": 0, "dvar": 0, "dmean": 0, "max": 0.406250059605, "var": 0, "mean": 0.406250059605}, "bpm_histogram_first_peak_weight": {"dmean2": 0, "median": 0.399999976158, "min": 0.399999976158, "dvar2": 0, "dvar": 0, "dmean": 0, "max": 0.399999976158, "var": 0, "mean": 0.399999976158}, "onset_rate": 2.03402423859, "beats_position": [0.557278871536, 1.11455774307, 1.67183673382, 2.24072551727, 2.80961441994, 3.32045340538, 3.84290242195, 4.3653512001, 4.841360569, 5.31736946106, 5.78176879883, 6.26938772202, 6.7570066452, 7.24462556839, 7.73224496841, 8.20825386047, 8.68426322937, 9.17188167572, 9.64789104462, 10.1355104446, 10.623128891, 11.110748291, 11.5983667374, 12.0859861374, 12.5852155685, 13.0728340149, 13.572063446, 14.0712919235, 14.5589113235, 15.0581407547, 15.545759201, 16.0449886322, 16.50938797, 16.9853973389, 17.4614048004, 17.9258041382, 18.390203476, 18.8662128448, 19.3422222137, 19.8298416138, 20.3174591064, 20.8050785065, 21.2810878754, 21.7570972443, 22.2447166443, 22.7323360443, 23.219953537, 23.6959629059, 24.1835823059, 24.6712017059, 25.1472110748, 25.6348285675, 26.1224479675, 26.6100673676, 27.2602272034, 27.9103851318, 28.5721530914, 29.2339229584, 30.0001811981, 30.7432193756, 31.4862575531, 32.2409057617, 32.9955558777, 33.750202179, 34.5048522949, 35.2594985962, 36.0141487122, 36.7571868896, 37.5118370056, 38.2664833069, 39.0095214844, 39.7525634766, 40.4956016541, 41.2502479553, 42.0048980713, 42.7479362488, 43.4909744263, 44.2456245422, 45.0002708435, 45.7549209595, 46.5095672607, 47.2642173767, 48.0072555542, 48.7502937317, 49.5049438477, 50.2595901489, 51.0142402649, 51.7688865662, 52.5235366821, 53.2665748596, 54.0096130371, 54.7526512146, 55.4956893921, 56.2503395081, 57.0049858093, 57.7480278015, 58.491065979, 59.2457122803, 60.0003623962, 60.7434005737, 61.4864387512, 62.2410888672, 62.9957351685, 63.7387733459, 64.4818115234, 65.2364578247, 65.9911117554, 66.7457580566, 67.5004043579, 68.2550582886, 69.0097045898, 69.7643508911, 70.5073928833, 71.2504272461, 72.0050811768, 72.7481155396, 73.4911575317, 74.245803833, 75.0004501343, 75.7551040649, 76.4981384277, 77.252784729, 78.0074386597, 78.7504730225, 79.5051269531, 80.2597732544, 81.0144195557, 81.7574615479, 82.5004959106, 83.2551422119, 84.0097961426, 84.7528305054, 85.4958724976, 86.2505187988, 87.0051651001, 87.7482070923, 88.4912490845, 89.2458953857, 90.000541687, 90.7435836792, 91.486618042, 92.2412643433, 92.9959182739, 93.7505645752, 94.5052108765, 95.2598648071, 96.0145111084, 96.7575454712, 97.5005874634, 98.2552337646, 99.0098876953, 99.7529220581, 100.49596405, 101.250610352, 102.005256653, 102.759910583, 103.502944946, 104.245986938, 105.00063324, 105.755279541, 106.509933472, 107.264579773, 108.019226074, 108.773872375, 109.528526306, 110.271560669, 111.014602661, 111.757637024, 112.500679016, 113.255325317, 114.009971619, 114.753013611, 115.496055603, 116.250701904, 117.005348206, 117.748390198, 118.491424561, 119.246078491, 120.000724792, 120.755371094, 121.510017395, 122.264671326, 123.019317627, 123.773963928, 124.528617859, 125.271652222, 126.014694214, 126.757728577, 127.500770569, 128.25541687, 129.010070801, 129.753097534, 130.496139526, 131.250793457, 132.005432129, 132.76008606, 133.51473999, 134.257781982, 135.000808716, 135.743850708, 136.498504639, 137.253143311, 137.996185303, 138.739227295, 139.493881226, 140.248519897, 141.003173828, 141.74621582, 142.500854492, 143.255508423, 144.010162354, 144.764801025, 145.519454956, 146.262496948, 147.005523682, 147.748565674, 148.491607666, 149.246261597, 150.000900269, 150.755554199, 151.51020813, 152.264846802, 153.019500732, 153.774139404, 154.528793335, 155.260223389, 155.991653442, 156.734695435, 157.477722168, 158.22076416, 159.010253906, 159.764892578, 160.50793457, 161.250976562, 162.005615234, 162.748657227, 163.491699219, 164.246353149, 165.000991821, 165.744033813, 166.498687744, 167.253326416, 168.019592285, 168.785842896, 169.552108765, 170.318359375, 171.003356934, 171.676727295, 172.350112915, 172.907394409, 173.464660645, 173.975509644, 174.486343384, 174.997192383, 175.508026123, 176.018859863, 176.529708862, 176.936050415, 177.342407227, 177.748748779, 178.155105591, 178.561447144, 178.956192017, 179.350921631, 179.757278442, 180.163619995, 180.569976807, 180.976318359, 181.47555542, 181.98638916, 182.485626221, 182.973236084, 183.460861206, 183.960083008, 184.459320068, 184.95854187, 185.457778931, 185.945388794, 186.433013916, 186.920639038, 187.408248901, 187.895874023, 188.383483887, 188.871109009, 189.358734131, 189.846343994, 190.333969116, 190.821578979, 191.309204102, 191.901306152, 192.493423462, 193.085525513, 193.61958313, 194.153640747, 194.687713623, 195.22177124, 195.755828857, 196.301498413, 196.83555603, 197.369613647, 197.915283203, 198.460952759, 199.006622314, 199.47102356, 199.935409546, 200.399810791, 200.864212036, 201.317001343, 201.781402588, 202.257415771, 202.710205078, 203.174606323, 203.62739563, 204.080184937, 204.532974243, 204.985748291, 205.438537598, 205.879730225, 206.332519531, 206.773696899, 207.226486206, 207.667663574, 208.097229004, 208.538406372, 208.97958374, 209.420761108, 209.873550415, 210.314727783, 210.76751709, 211.208709717, 211.649887085, 212.091064453, 212.532241821, 212.973419189, 213.414596558, 213.855773926, 214.250518799, 214.656860352, 215.063217163, 215.457962036, 215.817871094, 216.177780151, 216.549285889, 216.920806885, 217.292327881, 217.663848877, 218.046981812, 218.418502808, 218.801635742, 219.173141479, 219.544662476, 219.997451782, 220.43862915, 220.879821777, 221.332611084, 221.773788452, 222.226577759, 222.667755127, 223.097320557, 223.538497925, 223.979675293, 224.420852661, 224.873641968, 225.326431274, 225.767608643, 226.278457642, 226.789291382, 227.300125122, 227.752914429, 228.205703735, 228.658493042, 229.111282349, 229.564071655, 230.016860962, 230.45803833, 230.910827637, 231.363616943, 231.80480957, 232.176315308, 232.547836304, 232.930969238, 233.302490234, 233.67401123, 234.045532227, 234.417053223, 234.800170898, 235.171691895, 235.543212891, 235.914733887, 236.367523193, 236.831924438, 237.284713745, 237.737503052, 238.190292358, 238.643081665, 239.095870972, 239.53704834, 239.978225708, 240.431015015, 240.89541626, 241.371429443, 241.835830688, 242.300216675, 242.76461792, 243.217407227, 243.670196533, 244.20425415, 244.738311768, 245.260772705, 245.794830322, 246.305664062, 246.897766113, 247.478271484, 248.070373535, 248.650878906, 249.242996216, 249.823486328, 250.415603638, 251.007705688, 251.576599121, 252.145477295, 252.725982666, 253.329696655, 253.910202026, 254.502304077, 255.094421387, 255.75617981, 256.406341553, 257.056488037, 257.683441162, 258.321990967, 258.995361328, 259.65713501, 260.318908691, 260.969055176, 261.549560547, 262.118438721, 262.687347412, 263.30267334, 263.929595947, 264.579772949, 265.229919434, 265.891693115, 266.5418396, 267.192016602, 267.749298096, 268.30657959, 268.852233887, 269.421142578, 269.978393555, 270.524078369], "beats_loudness": {"dmean2": 0.0519157908857, "median": 0.0166481807828, "min": 1.92036026192e-07, "dvar2": 0.00476478645578, "dvar": 0.0014800298959, "dmean": 0.027735453099, "max": 0.211751654744, "var": 0.00148418033496, "mean": 0.0316395014524}, "danceability": 0.950319945812, "bpm_histogram_second_peak_weight": {"dmean2": 0, "median": 0.0844444409013, "min": 0.0844444409013, "dvar2": 0, "dvar": 0, "dmean": 0, "max": 0.0844444409013, "var": 0, "mean": 0.0844444409013}, "beats_count": 451, "bpm_histogram_second_peak_bpm": {"dmean2": 0, "median": 123, "min": 123, "dvar2": 0, "dvar": 0, "dmean": 0, "max": 123, "var": 0, "mean": 123}, "bpm_histogram_first_peak_spread": {"dmean2": 0, "median": 0.0425532460213, "min": 0.0425532460213, "dvar2": 0, "dvar": 0, "dmean": 0, "max": 0.0425532460213, "var": 0, "mean": 0.0425532460213}, "beats_loudness_band_ratio": {"dmean2": [0.208679765463, 0.17387033999, 0.0683009624481, 0.0646223053336, 0.0537249334157, 0.0110169379041], "median": [0.854560434818, 0.0742366835475, 0.0189176611602, 0.00952217355371, 0.00596263632178, 0.000594619254116], "min": [0.000193066924112, 0.000146104997839, 0.000656318676192, 0.000171317195054, 2.6243751563e-06, 4.44728982529e-07], "dvar2": [0.0405528731644, 0.0293452423066, 0.0124402195215, 0.013380639255, 0.0113078383729, 0.00105434725992], "dvar": [0.0142061607912, 0.0102231362835, 0.00484846252948, 0.00517167570069, 0.00415334571153, 0.000335841701599], "dmean": [0.115725725889, 0.0965829268098, 0.0384561605752, 0.036692455411, 0.0316184721887, 0.00588247226551], "max": [0.986739218235, 0.913135826588, 0.732186317444, 0.790061593056, 0.704164028168, 0.156427040696], "var": [0.0992651283741, 0.0309989694506, 0.0102102039382, 0.0151696708053, 0.0157538149506, 0.00021908681083], "mean": [0.709634959698, 0.14147105813, 0.051341727376, 0.0584851168096, 0.0563007593155, 0.00479136407375]}}, "lowlevel": {"barkbands_spread": {"dmean2": 4.13872718811, "median": 4.05585861206, "min": 0.198957458138, "dvar2": 40.7600479126, "dvar": 15.3203983307, "dmean": 2.57148694992, "max": 54.8683624268, "var": 89.0591506958, "mean": 8.08161449432}, "melbands_spread": {"dmean2": 5.38623189926, "median": 3.17299556732, "min": 0.294072836637, "dvar2": 131.16178894, "dvar": 47.1898422241, "dmean": 3.30853128433, "max": 102.883560181, "var": 290.077911377, "mean": 9.8955039978}, "hfc": {"dmean2": 1.83659780025, "median": 3.32764911652, "min": 4.75443115988e-08, "dvar2": 4.88859081268, "dvar": 2.22091960907, "dmean": 1.22480046749, "max": 51.9168128967, "var": 41.3497238159, "mean": 5.57466602325}, "barkbands_kurtosis": {"dmean2": 11.9643135071, "median": 14.8531532288, "min": -1.85999965668, "dvar2": 242.409317017, "dvar": 101.403747559, "dmean": 7.81509923935, "max": 224.340377808, "var": 624.033874512, "mean": 22.1884708405}, "gfcc": {"mean": [-200.925949097, 203.433288574, -109.387939453, 21.119884491, -0.973713338375, -29.7952442169, -8.98516750336, -8.05272006989, -17.5196723938, -23.3462924957, -7.41167497635, -19.4749889374, -11.8172674179], "icov": [[0.000112643960165, -0.00028545470559, 0.000160020703333, -0.000354090938345, 0.000133075285703, -4.25789112342e-05, -9.23479310586e-05, 0.000232120757573, -0.000218735483941, 0.000155796471518, 2.02451210498e-05, -0.00043544213986, 0.000306669418933], [-0.00028545470559, 0.00381749426015, -0.0020784237422, 0.00262976367958, -0.00266396463849, 0.00146361859515, -0.000456654001027, 0.000744413526263, -0.00131121079903, 0.00227026920766, -0.00315386406146, 0.0040461528115, -0.00411313585937], [0.000160020703333, -0.0020784237422, 0.0020106502343, -0.00153327011503, 0.0012413788354, -0.0017362171784, 0.000399890472181, -8.28358970466e-05, 0.00161564454902, -0.00188492040616, 0.00297597888857, -0.00337874307297, 0.00220938795246], [-0.000354090938345, 0.00262976367958, -0.00153327011503, 0.00412537204102, -0.00173667329364, 0.00215857662261, -0.000801370653789, 0.000585722271353, -0.000511884747539, 0.000623090891168, -0.00194415182341, 0.00281749223359, -0.00215849652886], [0.000133075285703, -0.00266396463849, 0.0012413788354, -0.00173667329364, 0.00524905277416, -0.0016366681084, -5.06391261297e-05, -0.00213234242983, 0.00133476860356, -0.000625422399025, 0.00346039212309, -0.00158703769557, 0.00149375619367], [-4.25789112342e-05, 0.00146361859515, -0.0017362171784, 0.00215857662261, -0.0016366681084, 0.00515634519979, -0.00142700411379, 0.00191367545631, -0.00303842197172, 0.0017209147336, -0.00362467789091, 0.00462227221578, -0.00357935205102], [-9.23479310586e-05, -0.000456654001027, 0.000399890472181, -0.000801370653789, -5.06391261297e-05, -0.00142700411379, 0.00458676414564, -0.00264762528241, 0.00226438161917, -0.00323988939635, 0.00435000471771, -0.00396845582873, 0.00435299659148], [0.000232120757573, 0.000744413526263, -8.28358970466e-05, 0.000585722271353, -0.00213234242983, 0.00191367545631, -0.00264762528241, 0.00688139395788, -0.00332386372611, 0.00577090727165, -0.00258520338684, 0.00149279064499, -0.00189948314801], [-0.000218735483941, -0.00131121079903, 0.00161564454902, -0.000511884747539, 0.00133476860356, -0.00303842197172, 0.00226438161917, -0.00332386372611, 0.0130150998011, -0.00684886518866, 0.00332205509767, -0.002217059955, 0.00410187803209], [0.000155796471518, 0.00227026920766, -0.00188492040616, 0.000623090891168, -0.000625422399025, 0.0017209147336, -0.00323988939635, 0.00577090727165, -0.00684886518866, 0.0184602234513, -0.00778718851507, 0.00233561475761, -0.00535320397466], [2.02451210498e-05, -0.00315386406146, 0.00297597888857, -0.00194415182341, 0.00346039212309, -0.00362467789091, 0.00435000471771, -0.00258520338684, 0.00332205509767, -0.00778718851507, 0.0184912886471, -0.00695299962536, 0.0035026720725], [-0.00043544213986, 0.0040461528115, -0.00337874307297, 0.00281749223359, -0.00158703769557, 0.00462227221578, -0.00396845582873, 0.00149279064499, -0.002217059955, 0.00233561475761, -0.00695299962536, 0.0211338158697, -0.011458273977], [0.000306669418933, -0.00411313585937, 0.00220938795246, -0.00215849652886, 0.00149375619367, -0.00357935205102, 0.00435299659148, -0.00189948314801, 0.00410187803209, -0.00535320397466, 0.0035026720725, -0.011458273977, 0.0191458556801]], "cov": [[17446.4101562, -485.1769104, -426.023742676, 1761.4095459, -278.094299316, -720.041870117, 640.17755127, -441.520111084, 174.832244873, 69.7875671387, 14.7348861694, 302.163116455, -278.010925293], [-485.1769104, 1805.51428223, 1162.36486816, -711.668457031, 399.129425049, 526.245361328, -320.605834961, -132.057235718, -13.3569126129, -23.8563251495, 56.3101005554, -46.9052848816, 266.137390137], [-426.023742676, 1162.36486816, 2321.98413086, -168.211425781, 77.2689437866, 541.140808105, -33.2181816101, -375.321380615, -103.685333252, 142.290115356, -55.0108184814, 123.519500732, 181.061523438], [1761.4095459, -711.668457031, -168.211425781, 856.151855469, -55.349571228, -375.568572998, 323.017822266, 50.9525756836, -35.0604171753, 5.2458896637, -80.8364105225, 59.8796882629, -139.846588135], [-278.094299316, 399.129425049, 77.2689437866, -55.349571228, 540.938293457, 37.7100296021, 192.22253418, 257.507476807, -31.7895526886, -127.875022888, -116.147895813, -47.2765159607, -14.2548408508], [-720.041870117, 526.245361328, 541.140808105, -375.568572998, 37.7100296021, 583.351501465, -196.432830811, -184.280273438, 50.7144584656, 70.5035247803, 74.3685913086, -37.9584503174, 124.819343567], [640.17755127, -320.605834961, -33.2181816101, 323.017822266, 192.22253418, -196.432830811, 724.338256836, 285.443817139, -50.3680229187, -74.3425292969, -193.701660156, 43.5056190491, -175.488113403], [-441.520111084, -132.057235718, -375.321380615, 50.9525756836, 257.507476807, -184.280273438, 285.443817139, 485.017913818, -4.00746107101, -163.363937378, -105.036308289, -38.5649452209, -92.2460403442], [174.832244873, -13.3569126129, -103.685333252, -35.0604171753, -31.7895526886, 50.7144584656, -50.3680229187, -4.00746107101, 123.358848572, 34.6452980042, 26.0550746918, -12.7690753937, -3.79268789291], [69.7875671387, -23.8563251495, 142.290115356, 5.2458896637, -127.875022888, 70.5035247803, -74.3425292969, -163.363937378, 34.6452980042, 146.946289062, 65.8212661743, 33.0844726562, 43.203250885], [14.7348861694, 56.3101005554, -55.0108184814, -80.8364105225, -116.147895813, 74.3685913086, -193.701660156, -105.036308289, 26.0550746918, 65.8212661743, 148.281158447, 14.3015756607, 59.9333076477], [302.163116455, -46.9052848816, 123.519500732, 59.8796882629, -47.2765159607, -37.9584503174, 43.5056190491, -38.5649452209, -12.7690753937, 33.0844726562, 14.3015756607, 108.482460022, 34.7484283447], [-278.010925293, 266.137390137, 181.061523438, -139.846588135, -14.2548408508, 124.819343567, -175.488113403, -92.2460403442, -3.79268789291, 43.203250885, 59.9333076477, 34.7484283447, 155.116149902]]}, "spectral_energyband_middle_low": {"dmean2": 0.00619587348774, "median": 0.0063833440654, "min": 1.3726076482e-12, "dvar2": 7.13836125215e-05, "dvar": 3.64319166692e-05, "dmean": 0.0043153562583, "max": 0.262723177671, "var": 0.000697471608873, "mean": 0.0147485164925}, "melbands_crest": {"dmean2": 4.86273956299, "median": 18.9694900513, "min": 4.7940659523, "dvar2": 20.2746734619, "dvar": 7.60121631622, "dmean": 3.05424261093, "max": 34.4589920044, "var": 33.2161979675, "mean": 19.447303772}, "spectral_kurtosis": {"dmean2": 30.8885784149, "median": 16.2397766113, "min": -0.885485172272, "dvar2": 3360.04003906, "dvar": 1120.76464844, "dmean": 17.7995967865, "max": 654.074584961, "var": 5527.68603516, "mean": 43.5696372986}, "spectral_rms": {"dmean2": 0.00100631895475, "median": 0.00383059377782, "min": 1.79040640091e-07, "dvar2": 1.3740191207e-06, "dvar": 5.43662338259e-07, "dmean": 0.000667024694849, "max": 0.0172141324729, "var": 9.82199708233e-06, "mean": 0.0044245775789}, "zerocrossingrate": {"dmean2": 0.00511934841052, "median": 0.013671875, "min": 0.00341796875, "dvar2": 4.02556142944e-05, "dvar": 2.69680313068e-05, "dmean": 0.00386380171403, "max": 0.412109375, "var": 0.000622754218057, "mean": 0.0236535668373}, "silence_rate_60dB": {"dmean2": 0.030121512711, "median": 0, "min": 0, "dvar2": 0.0360620878637, "dvar": 0.0148330787197, "dmean": 0.0150594674051, "max": 1, "var": 0.16864874959, "mean": 0.214750170708}, "erbbands_kurtosis": {"dmean2": 3.03299689293, "median": -0.0460644960403, "min": -1.9073266983, "dvar2": 38.751865387, "dvar": 13.6549253464, "dmean": 1.82098734379, "max": 92.1502761841, "var": 35.3136482239, "mean": 1.72991645336}, "erbbands": {"dmean2": [0.042737390846, 0.792338073254, 4.30470228195, 14.7909078598, 8.94793987274, 7.6561255455, 3.69265151024, 2.35226154327, 1.68262672424, 2.64183330536, 1.76284003258, 2.91462135315, 3.16718482971, 2.06582808495, 1.35613119602, 1.04253518581, 1.17060911655, 2.28204441071, 1.1573331356, 0.985512197018, 1.20102584362, 1.23520934582, 9.38601589203, 3.38591384888, 1.26423621178, 0.790964484215, 0.409539610147, 0.125838547945, 0.0135599672794, 0.00715202139691, 0.0051918127574, 0.00278780888766, 0.00384613010101, 0.00101548526436, 0.000191371669644, 5.9518544731e-05, 4.12772606069e-05, 0.000107999549073, 6.59423312754e-05, 1.39510148074e-05], "median": [0.0223320424557, 0.480977505445, 3.06042075157, 9.98958206177, 6.39309692383, 4.49410915375, 3.51290893555, 1.90071082115, 1.03362119198, 1.55792069435, 1.14136910439, 0.876081943512, 1.46049869061, 1.14806878567, 0.681207418442, 0.522043943405, 0.704270362854, 1.29360222816, 0.501090228558, 0.43093007803, 0.590641260147, 0.693315029144, 3.43528795242, 0.990932047367, 0.254232466221, 0.049301546067, 0.0116319376975, 0.00412883423269, 0.00122117553838, 0.000763468910009, 0.000614241929725, 0.000372320850147, 0.000184766497114, 7.77905879659e-05, 2.22914641199e-05, 1.28487190523e-05, 6.79382628732e-06, 1.64176026374e-06, 1.16596393127e-05, 2.01419825316e-05], "min": [5.01855612622e-10, 2.05474859349e-09, 4.74690819985e-09, 4.34892566403e-09, 1.28498367502e-09, 2.82234596805e-10, 6.10101746901e-10, 3.49710621572e-10, 5.62113855462e-10, 1.997033372e-10, 2.45108378039e-10, 3.45010042757e-09, 2.73798450579e-09, 2.37886554899e-09, 8.6315277148e-10, 5.35593236428e-10, 9.72793720577e-11, 1.84363233013e-10, 4.73508898757e-10, 4.37390096364e-10, 2.42090192337e-09, 4.92436180721e-09, 3.1599656225e-09, 1.99840366477e-09, 1.65351643489e-09, 2.04499439604e-09, 2.01462091454e-09, 2.33745245382e-09, 1.21175958157e-09, 2.44902587099e-09, 3.05378899945e-09, 2.42544584417e-09, 1.25801269402e-09, 7.01170177475e-10, 5.97252358681e-10, 2.59916921319e-10, 2.54690601942e-10, 1.36679847995e-10, 1.5854220714e-10, 2.44217406714e-11], "dvar2": [0.00577724725008, 1.71547937393, 51.1053237915, 453.103942871, 175.403656006, 136.435958862, 27.3323230743, 12.6408700943, 9.88722705841, 16.8905773163, 10.0128831863, 42.5461196899, 30.0510978699, 15.2228832245, 9.38770580292, 5.45035457611, 7.21720504761, 18.4834442139, 8.61131763458, 5.47489929199, 9.01074504852, 8.02587890625, 297.714416504, 92.6305160522, 8.56756973267, 4.37823295593, 1.38358139992, 0.136799886823, 0.00166735425591, 0.000449767656391, 0.000258711865172, 0.00195295677986, 0.00651825033128, 0.000503895164002, 1.24160169435e-05, 9.52128232257e-07, 6.01928888955e-08, 7.18217307849e-08, 2.39260877777e-08, 3.49996809312e-10], "dvar": [0.002264872659, 0.739143908024, 21.3505878448, 221.960571289, 72.7786026001, 54.1018638611, 12.2803297043, 4.92774868011, 3.83990621567, 6.46278381348, 5.46729183197, 24.4676799774, 11.4589967728, 5.75197553635, 4.15129804611, 2.71032810211, 2.79876685143, 8.13392448425, 3.40718150139, 2.1822104454, 3.58444881439, 3.21285128593, 105.443962097, 34.4056587219, 3.3957464695, 1.81954240799, 0.686155080795, 0.0671278759837, 0.000694672460668, 0.000185036507901, 0.000115336297313, 0.000994451693259, 0.00310100778006, 0.000211258753552, 4.75437582281e-06, 3.39989924214e-07, 2.08030392912e-08, 2.76885376849e-08, 9.50632106367e-09, 1.53634577282e-10], "dmean": [0.0270805899054, 0.51561743021, 2.78928351402, 10.2527494431, 5.8351020813, 4.78038883209, 2.46992278099, 1.47122299671, 1.02595889568, 1.6050195694, 1.20732843876, 2.077947855, 1.93421506882, 1.26520419121, 0.867761492729, 0.673393309116, 0.717533051968, 1.39192891121, 0.708420574665, 0.601937711239, 0.729706287384, 0.746615767479, 5.49015522003, 1.99046671391, 0.776930391788, 0.49413061142, 0.265985846519, 0.0823999643326, 0.0087351296097, 0.00447344826534, 0.00328541267663, 0.00179418362677, 0.00255163316615, 0.000661359867081, 0.000115980757982, 3.50955087924e-05, 2.4989258236e-05, 6.55317780911e-05, 4.05855826102e-05, 9.2240570666e-06], "max": [0.807634174824, 17.244178772, 135.316040039, 548.043762207, 302.504394531, 188.980331421, 77.756980896, 39.8965034485, 45.4538993835, 46.2079849243, 86.9421539307, 107.669281006, 82.1187744141, 72.8050994873, 50.288028717, 77.7141494751, 64.7164230347, 120.001312256, 85.3712158203, 48.5308456421, 61.1694030762, 87.1470794678, 114.342338562, 98.231880188, 75.8274154663, 99.4270477295, 54.4614372253, 17.6541233063, 1.39053237438, 0.891274571419, 0.461486369371, 1.84950149059, 3.42639422417, 0.857957780361, 0.0976505205035, 0.0391473546624, 0.0096197463572, 0.00569063285366, 0.00286734267138, 0.000363816012396], "var": [0.0252886340022, 10.7318792343, 213.496688843, 3068.31030273, 906.489135742, 145.09602356, 60.2222633362, 18.676279068, 11.9191970825, 18.0073814392, 33.410358429, 91.5018081665, 42.0881919861, 15.5108861923, 13.7703037262, 19.1072978973, 8.69607448578, 26.7537937164, 12.4999475479, 8.19448471069, 15.6444215775, 10.3549032211, 177.201293945, 42.4483032227, 21.5595321655, 21.7021923065, 7.30893421173, 0.647289037704, 0.00664286175743, 0.0019586016424, 0.00092689646408, 0.00141837762203, 0.00391415832564, 0.000198624664336, 3.69248755305e-06, 2.45258604537e-07, 2.93895343617e-08, 1.95002272108e-07, 6.42682351781e-08, 2.44611442213e-09], "mean": [0.0916068777442, 1.83725976944, 7.76953077316, 29.9113349915, 16.4399833679, 8.52556419373, 6.13193225861, 3.39800715446, 2.23559045792, 3.18400859833, 2.90982413292, 4.53154420853, 4.37700176239, 2.69176697731, 1.93256258965, 1.65182995796, 1.62299072742, 2.7849855423, 1.62913000584, 1.2913517952, 1.6113461256, 1.63134717941, 8.7400598526, 3.43326044083, 2.12265181541, 1.65023350716, 0.953329801559, 0.289295554161, 0.0314534157515, 0.016073891893, 0.0118639646098, 0.00352359819226, 0.00312243704684, 0.00076602876652, 0.000167513033375, 7.15895366739e-05, 8.25406677905e-05, 0.000211941412999, 0.000127289560623, 3.96741597797e-05]}, "spectral_strongpeak": {"dmean2": 0.304069936275, "median": 0.440998286009, "min": 0, "dvar2": 0.146016016603, "dvar": 0.0556827783585, "dmean": 0.188959866762, "max": 4.27730464935, "var": 0.33232152462, "mean": 0.611238241196}, "spectral_energy": {"dmean2": 0.0108550591394, "median": 0.0150402840227, "min": 3.28569393915e-11, "dvar2": 0.000218402899918, "dvar": 9.88347746897e-05, "dmean": 0.00733249634504, "max": 0.303734481335, "var": 0.00152783107478, "mean": 0.0301338415593}, "average_loudness": 0.244914725423, "spectral_rolloff": {"dmean2": 245.668273926, "median": 193.798828125, "min": 86.1328125, "dvar2": 389900.78125, "dvar": 144305.90625, "dmean": 137.205657959, "max": 4242.04101562, "var": 709536.6875, "mean": 572.661132812}, "spectral_centroid": {"dmean2": 229.041549683, "median": 384.826080322, "min": 120.304679871, "dvar2": 107694.585938, "dvar": 41099.75, "dmean": 142.639328003, "max": 3055.55981445, "var": 464163.5625, "mean": 689.708862305}, "pitch_salience": {"dmean2": 0.140176460147, "median": 0.472383379936, "min": 0.0813424959779, "dvar2": 0.0156433694065, "dvar": 0.00566170411184, "dmean": 0.0861936286092, "max": 0.812154471874, "var": 0.0175803937018, "mean": 0.463777691126}, "spectral_energyband_middle_high": {"dmean2": 0.000275745696854, "median": 0.000410668319091, "min": 3.26157124312e-13, "dvar2": 1.69036283637e-07, "dvar": 6.92019455073e-08, "dmean": 0.00017317532911, "max": 0.00538326473907, "var": 3.45470994034e-07, "mean": 0.000589671079069}, "spectral_contrast_coeffs": {"dmean2": [0.080099016428, 0.0647638961673, 0.0539019778371, 0.0420832410455, 0.0361257493496, 0.0461956858635], "median": [-0.590919613838, -0.754004597664, -0.792163610458, -0.808847308159, -0.783830285072, -0.792835593224], "min": [-0.94394159317, -0.950866818428, -0.96695548296, -0.949894607067, -0.953634679317, -0.96485543251], "dvar2": [0.00427351938561, 0.00257414183579, 0.00183027714957, 0.0011431099847, 0.000950362475123, 0.00228586234152], "dvar": [0.00150978169404, 0.000927420798689, 0.00067186675733, 0.000408630934544, 0.000340279686498, 0.00080297223758], "dmean": [0.0483346059918, 0.0392022617161, 0.0325150489807, 0.0251087266952, 0.0215458851308, 0.0269381143153], "max": [-0.265819847584, -0.451385557652, -0.482450842857, -0.542633235455, -0.548195064068, -0.511699914932], "var": [0.00763919157907, 0.00469837896526, 0.00590361561626, 0.00184886856005, 0.00498479418457, 0.00935257785022], "mean": [-0.583552718163, -0.747086107731, -0.782261908054, -0.806032836437, -0.767676711082, -0.770895063877]}, "melbands_skewness": {"dmean2": 1.38487923145, "median": 4.49628019333, "min": -1.52489984035, "dvar2": 1.53270041943, "dvar": 0.614086151123, "dmean": 0.887328982353, "max": 14.9766693115, "var": 7.31193637848, "mean": 4.68696165085}, "spectral_spread": {"dmean2": 434074.5, "median": 1783918, "min": 134365.09375, "dvar2": 159329222656, "dvar": 57349193728, "dmean": 252563.640625, "max": 16108983, "var": 688674897920, "mean": 1901455.625}, "dissonance": {"dmean2": 0.0393549911678, "median": 0.461915969849, "min": 0.21395675838, "dvar2": 0.00167019432411, "dvar": 0.000588644004893, "dmean": 0.0230620894581, "max": 0.499999970198, "var": 0.00135478726588, "mean": 0.451867908239}, "spectral_skewness": {"dmean2": 1.69444656372, "median": 2.22784805298, "min": -0.414916157722, "dvar2": 3.87633562088, "dvar": 1.30556631088, "dmean": 0.976913869381, "max": 19.6970310211, "var": 11.5579214096, "mean": 3.40995764732}, "spectral_flux": {"dmean2": 0.0270540881902, "median": 0.0458240360022, "min": 9.55700852501e-06, "dvar2": 0.000902297499124, "dvar": 0.00034536459134, "dmean": 0.0161280650645, "max": 0.251471608877, "var": 0.00114097550977, "mean": 0.0509843602777}, "spectral_contrast_valleys": {"dmean2": [0.654276967049, 0.525320112705, 0.502818703651, 0.442821741104, 0.379539728165, 0.702185511589], "median": [-7.07177257538, -7.41586112976, -8.3524684906, -8.91299819946, -9.63554763794, -13.8190011978], "min": [-16.0096492767, -18.180644989, -18.1828117371, -18.7244796753, -17.8045978546, -19.5743179321], "dvar2": [0.284898102283, 0.179809615016, 0.203284114599, 0.188795268536, 0.179473400116, 0.703185737133], "dvar": [0.100181102753, 0.0641143247485, 0.0750204250216, 0.0718173235655, 0.0747759416699, 0.233989953995], "dmean": [0.386118501425, 0.310755550861, 0.300575226545, 0.269831299782, 0.2339502424, 0.403581857681], "max": [-5.43168878555, -5.28036260605, -5.71321821213, -6.56902599335, -6.6654458046, -10.1274375916], "var": [3.36718249321, 2.29722929001, 1.6314021349, 1.78648424149, 3.17803311348, 1.42490816116], "mean": [-7.78803157806, -7.901699543, -8.70100021362, -9.20533561707, -9.69149684906, -14.1538639069]}, "erbbands_flatness_db": {"dmean2": 0.0254493299872, "median": 0.292168796062, "min": 0.040938809514, "dvar2": 0.000650637433864, "dvar": 0.000232297301409, "dmean": 0.0156941395253, "max": 0.495520561934, "var": 0.00468077883124, "mean": 0.290705174208}, "spectral_energyband_high": {"dmean2": 1.32422219394e-05, "median": 6.13399492977e-07, "min": 1.89948295808e-12, "dvar2": 1.30626753858e-09, "dvar": 6.3292276975e-10, "dmean": 8.62780234456e-06, "max": 0.00133797922172, "var": 7.74950681404e-09, "mean": 3.30777511408e-05}, "spectral_entropy": {"dmean2": 0.332514762878, "median": 6.27415657043, "min": 3.58258914948, "dvar2": 0.0967359691858, "dvar": 0.0363022051752, "dmean": 0.208908110857, "max": 8.44078731537, "var": 0.486140966415, "mean": 6.20119714737}, "silence_rate_20dB": {"dmean2": 0, "median": 1, "min": 1, "dvar2": 0, "dvar": 0, "dmean": 0, "max": 1, "var": 0, "mean": 1}, "melbands_flatness_db": {"dmean2": 0.0471647568047, "median": 0.435372889042, "min": 0.185790926218, "dvar2": 0.00234334124252, "dvar": 0.000820447865408, "dmean": 0.029606917873, "max": 0.860667586327, "var": 0.0128212794662, "mean": 0.450331240892}, "barkbands": {"dmean2": [3.46265296685e-05, 0.00285085826181, 0.00523520773277, 0.00548394862562, 0.00161894469056, 0.000370526395272, 0.000141650467413, 8.60869986354e-05, 0.00012184435036, 0.00010532894521, 3.95625902456e-05, 2.97201277135e-05, 2.64708760369e-05, 4.32889573858e-05, 2.27937889576e-05, 2.19550565816e-05, 1.67041907844e-05, 0.000154443536303, 3.18841157423e-05, 1.7212705643e-05, 6.08416394243e-06, 3.21140049664e-07, 2.02676162075e-07, 1.98959980935e-07, 5.02135506508e-08, 2.45495819229e-08, 3.34522155754e-07], "median": [1.54391136675e-06, 0.00146679289173, 0.00269055087119, 0.00340798217803, 0.00115582020953, 0.000319886254147, 8.83937391336e-05, 5.44814138266e-05, 3.71621863451e-05, 3.75115087081e-05, 1.38001287269e-05, 1.28302799567e-05, 1.32279610625e-05, 2.30288242165e-05, 7.69829239289e-06, 9.94097536022e-06, 5.84004828852e-06, 5.85857669648e-05, 4.44473062089e-06, 7.22724109892e-07, 1.3162838286e-07, 2.81330443386e-08, 2.33857555543e-08, 1.16704272912e-08, 3.26609983503e-09, 7.45598138785e-10, 5.75252956381e-09], "min": [1.29224434972e-11, 1.15644004789e-11, 4.08880481556e-12, 9.77571756183e-13, 1.2664164422e-13, 6.02600787195e-14, 3.16817190158e-14, 3.00918915369e-15, 1.46747089307e-13, 6.25684942225e-14, 3.25843173244e-14, 1.96812984204e-14, 1.58501050843e-15, 7.53647988336e-15, 5.70899994691e-15, 2.37335921315e-14, 8.67587929667e-14, 5.04472799526e-14, 3.78679089496e-14, 4.30960707387e-14, 5.54081791299e-14, 3.21377547784e-14, 1.04189206362e-13, 1.02899920572e-13, 7.03292404782e-14, 1.24134602879e-13, 1.43873443974e-12], "dvar2": [8.9655838309e-09, 2.28920398513e-05, 7.35304638511e-05, 5.9450558183e-05, 5.25972382093e-06, 2.83189223182e-07, 5.33077439968e-08, 1.85843127554e-08, 7.00137832155e-08, 3.58672203049e-08, 8.218038694e-09, 4.26670432319e-09, 4.31642366294e-09, 6.40024211407e-09, 2.82295942178e-09, 2.81960166326e-09, 1.99007921253e-09, 8.20786425493e-08, 7.83340325938e-09, 2.57737697851e-09, 2.87717932812e-10, 9.16488889988e-13, 3.41197691845e-13, 1.49511722447e-11, 9.88038101855e-13, 2.95048409532e-14, 6.8730134431e-13], "dvar": [2.83079804042e-09, 9.95020127448e-06, 3.26778608724e-05, 3.19995633618e-05, 2.02538171834e-06, 1.31795573566e-07, 2.03752268391e-08, 7.86546916487e-09, 3.99815398566e-08, 1.27906290004e-08, 4.20700096981e-09, 2.14350004413e-09, 1.613