{"metadata": {"tags": {"album": ["Music From Mo' Better Blues (1990 Film)"], "label": ["Sony"], "albumartist": ["Branford Marsalis Quartet"], "artist": ["Branford Marsalis Quartet"], "genre": ["Soundtracks"], "date": ["1990"], "tracknumber": ["1"], "title": ["Harlem Blues"], "file_name": "296695.mp3", "musicbrainz_recordingid": ["08bca7c0-cc1f-4684-b3df-193dfa9ede3c"], "encoding": ["Audiograbber 1.81.02, LAME dll 3.91, 256 Kbit/s, Joint Stereo, High quality"]}, "audio_properties": {"sample_rate": 44100, "downmix": "mix", "lossless": false, "analysis_sample_rate": 44100, "md5_encoded": "9a790053f9269f43e3e79b38a9c777ae", "equal_loudness": 0, "replay_gain": -8.17279243469, "codec": "mp3", "bit_rate": 256000, "length": 290.873474121}, "version": {"extractor": "music 1.0", "essentia_build_sha": "70f2e5ece6736b2c40cc944ad0e695b16b925413", "essentia_git_sha": "v2.1_beta2", "essentia": "2.1-beta2"}}, "rhythm": {"beats_loudness_band_ratio": {"dvar2": [0.118145801127, 0.0923074260354, 0.0444247871637, 0.059717066586, 0.00972808245569, 0.0377517789602], "var": [0.0731749758124, 0.0842497572303, 0.0256406422704, 0.035694103688, 0.00394361186773, 0.0077381785959], "min": [0, 0, 0, 0, 0, 0], "dmean": [0.227906942368, 0.208030730486, 0.126043125987, 0.126419499516, 0.0428273119032, 0.0455675832927], "mean": [0.273087590933, 0.358832448721, 0.169253379107, 0.149155572057, 0.0439500510693, 0.0344694256783], "max": [0.981500446796, 0.994523584843, 0.927774012089, 0.932605326176, 0.504552304745, 0.932725787163], "dmean2": [0.400683015585, 0.353581339121, 0.217354312539, 0.218484774232, 0.0749422311783, 0.0832342579961], "median": [0.169138684869, 0.27230617404, 0.1178297773, 0.0686848908663, 0.0163935683668, 0.0116896275431], "dvar": [0.0448967814445, 0.0362595133483, 0.0161864962429, 0.0227132774889, 0.00358397769742, 0.012940261513]}, "bpm_histogram_first_peak_weight": {"dvar2": 0, "var": 0, "min": 0.248153612018, "dmean": 0, "mean": 0.248153612018, "max": 0.248153612018, "dmean2": 0, "median": 0.248153612018, "dvar": 0}, "bpm": 150.876800537, "beats_count": 678, "bpm_histogram_first_peak_spread": {"dvar2": 0, "var": 0, "min": 0.445544540882, "dmean": 0, "mean": 0.445544540882, "max": 0.445544540882, "dmean2": 0, "median": 0.445544540882, "dvar": 0}, "danceability": 0.989869296551, "bpm_histogram_first_peak_bpm": {"dvar2": 0, "var": 0, "min": 152, "dmean": 0, "mean": 152, "max": 152, "dmean2": 0, "median": 152, "dvar": 0}, "beats_position": [0.441179126501, 0.893968224525, 1.35836732388, 1.82276642323, 2.29877543449, 2.76317453384, 3.22757363319, 3.68036270142, 4.13315200806, 4.55111122131, 4.95746040344, 5.35219955444, 5.74693870544, 6.19972801208, 6.66412687302, 7.12852573395, 7.59292507172, 8.05732440948, 8.52172279358, 8.98612213135, 9.45052146912, 9.91492080688, 10.3677091599, 10.8204984665, 11.2848978043, 11.749297142, 12.202085495, 12.6548748016, 13.1076641083, 13.4907932281, 13.873922348, 14.2454423904, 14.6285715103, 15.0465307236, 15.4644899368, 15.8824491501, 16.3120174408, 16.7415866852, 17.1711559296, 17.600725174, 18.0186843872, 18.4250335693, 18.8313827515, 19.2377319336, 19.6440811157, 20.0504302979, 20.45677948, 20.9560089111, 21.4552383423, 21.9544658661, 22.4420852661, 22.918094635, 23.3941040039, 23.8236732483, 24.2532424927, 24.6828117371, 25.1123809814, 25.5419502258, 25.9715194702, 26.3894786835, 26.8887062073, 27.3879356384, 27.8871650696, 28.3980045319, 28.9088420868, 29.4196815491, 29.9189109802, 30.4181404114, 30.9173698425, 31.4049873352, 31.9042167664, 32.4034461975, 32.9026756287, 33.4019050598, 33.9127426147, 34.4468002319, 34.9924697876, 35.5265312195, 36.0489807129, 36.5714263916, 37.093875885, 37.6047172546, 38.1155548096, 38.6263923645, 39.1720619202, 39.7293434143, 40.2866210938, 40.8438987732, 41.4127883911, 42.0281181335, 42.6434440613, 43.3284339905, 44.0134239197, 44.6984100342, 45.3833999634, 46.0683898926, 46.7533760071, 47.4383659363, 48.1581840515, 48.8780021667, 49.4585037231, 50.0390014648, 50.538230896, 51.0374603271, 51.5366897583, 52.0359191895, 52.5351448059, 53.0459861755, 53.5452156067, 54.0560531616, 54.5552825928, 54.9848518372, 55.4260292053, 55.878818512, 56.3316078186, 56.761177063, 57.1907463074, 57.6203155518, 58.0498847961, 58.491065979, 58.9322433472, 59.37342453, 59.8146018982, 60.2441711426, 60.673740387, 61.1033096313, 61.5328788757, 61.9508361816, 62.3920173645, 62.7519264221, 63.1234474182, 63.4833564758, 63.924533844, 64.3657150269, 64.806892395, 65.2480697632, 65.6892471313, 66.1304321289, 66.5832214355, 67.0127868652, 67.4307479858, 67.8487091064, 68.2666625977, 68.7078475952, 69.1490249634, 69.5902023315, 70.0313796997, 70.4493408203, 70.8673019409, 71.2852630615, 71.7148284912, 72.1444015503, 72.5855789185, 73.0151443481, 73.4331054688, 73.8510665894, 74.280632019, 74.7218093872, 75.1629943848, 75.5925598145, 76.0221328735, 76.4284820557, 76.8348312378, 77.252784729, 77.6707458496, 78.0887069702, 78.5066680908, 78.9362335205, 79.3658065796, 79.7953720093, 80.2249450684, 80.6428985596, 81.0608596802, 81.4788208008, 81.8967819214, 82.3147354126, 82.7326965332, 83.1506576538, 83.5686187744, 83.9865722656, 84.4045333862, 84.8341064453, 85.263671875, 85.6816329956, 86.0995864868, 86.5175476074, 86.935508728, 87.3534698486, 87.7714233398, 88.1893844604, 88.6073455811, 89.0253067017, 89.4316558838, 89.849609375, 90.2559585571, 90.6623077393, 91.0686569214, 91.486618042, 91.9045791626, 92.3225402832, 92.7404937744, 93.158454895, 93.5648040771, 93.9827651978, 94.3891143799, 94.8070755005, 95.2250289917, 95.6429901123, 96.0609512329, 96.4789123535, 96.8968658447, 97.3032150269, 97.709564209, 98.1275253296, 98.5338745117, 98.9402236938, 99.3581848145, 99.7761459351, 100.194099426, 100.612060547, 101.030021667, 101.447982788, 101.865936279, 102.2838974, 102.701858521, 103.119819641, 103.526168823, 103.932518005, 104.373695374, 104.803260803, 105.244445801, 105.662399292, 106.091972351, 106.521537781, 106.95111084, 107.392288208, 107.833465576, 108.274642944, 108.715827942, 109.15700531, 109.598182678, 110.039360046, 110.480545044, 110.921722412, 111.36289978, 111.804077148, 112.245262146, 112.686439514, 113.127616882, 113.580406189, 114.033195496, 114.544036865, 115.043266296, 115.542495728, 116.03011322, 116.506118774, 116.982131958, 117.469749451, 117.957366943, 118.456596375, 118.955825806, 119.455055237, 119.954284668, 120.418685913, 120.883079529, 121.335868835, 121.788658142, 122.264671326, 122.717460632, 123.170249939, 123.599815369, 124.017776489, 124.43573761, 124.853691101, 125.271652222, 125.689613342, 126.095962524, 126.502311707, 126.920272827, 127.338226318, 127.721359253, 128.104492188, 128.522445679, 128.92880249, 129.346755981, 129.753097534, 130.159454346, 130.565795898, 130.983764648, 131.390106201, 131.796463013, 132.202804565, 132.609161377, 133.003890991, 133.410247803, 133.816589355, 134.222946167, 134.62928772, 135.024032593, 135.430389404, 135.836730957, 136.254684448, 136.66104126, 137.067382812, 137.462127686, 137.868484497, 138.27482605, 138.692779541, 139.099136353, 139.505477905, 139.900222778, 140.30657959, 140.712921143, 141.119277954, 141.537231445, 141.943572998, 142.34992981, 142.756271362, 143.162628174, 143.568969727, 143.975326538, 144.381668091, 144.776412964, 145.182769775, 145.589111328, 145.983856201, 146.390197754, 146.796554565, 147.19128418, 147.586029053, 147.980773926, 148.37550354, 148.770248413, 149.164993286, 149.5597229, 149.966079712, 150.372421265, 150.767166138, 151.17350769, 151.579864502, 151.986206055, 152.392562866, 152.798904419, 153.20526123, 153.611602783, 154.017959595, 154.412689209, 154.807434082, 155.202178955, 155.620132446, 156.014877319, 156.409606934, 156.804351807, 157.19909668, 157.605438232, 158.000183105, 158.406524658, 158.801269531, 159.254058838, 159.706848145, 160.159637451, 160.612426758, 161.065216064, 161.518005371, 161.970794678, 162.400360107, 162.818313599, 163.22467041, 163.631011963, 164.048980713, 164.455322266, 164.861679077, 165.256408691, 165.651153564, 166.045898438, 166.440628052, 166.835372925, 167.241714478, 167.648071289, 168.042816162, 168.437545776, 168.843902588, 169.250244141, 169.668212891, 170.086166382, 170.480911255, 170.875640869, 171.281997681, 171.676727295, 172.059860229, 172.454605103, 172.849334717, 173.24407959, 173.638824463, 174.033554077, 174.42829895, 174.834640503, 175.240997314, 175.647338867, 176.053695679, 176.448425293, 176.843170166, 177.237915039, 177.632644653, 178.039001465, 178.433731079, 178.840087891, 179.234832764, 179.629562378, 180.024307251, 180.419036865, 180.813781738, 181.208526611, 181.603256226, 181.998001099, 182.392745972, 182.775863647, 183.170608521, 183.576965332, 183.971694946, 184.366439819, 184.749572754, 185.13269043, 185.527435303, 185.933776855, 186.328521729, 186.73487854, 187.129608154, 187.524353027, 187.93069458, 188.337051392, 188.731781006, 189.126525879, 189.521270752, 189.916000366, 190.310745239, 190.693878174, 191.07699585, 191.471740723, 191.854873657, 192.24961853, 192.632736206, 193.027481079, 193.410614014, 193.793731689, 194.176864624, 194.559997559, 194.943130493, 195.326248169, 195.73260498, 196.127349854, 196.533691406, 196.928436279, 197.346389771, 197.752746582, 198.159088135, 198.565444946, 198.983398438, 199.412963867, 199.842529297, 200.283721924, 200.690063477, 201.08480835, 201.479537964, 201.874282837, 202.292236328, 202.710205078, 203.151382446, 203.580947876, 204.010513306, 204.440093994, 204.869659424, 205.276000977, 205.682357788, 206.077087402, 206.471832275, 206.85496521, 207.238098145, 207.632827759, 208.027572632, 208.410705566, 208.805435181, 209.200180054, 209.606521606, 210.001266479, 210.396011353, 210.802352905, 211.18548584, 211.580215454, 211.974960327, 212.3697052, 212.764434814, 213.147567749, 213.530700684, 213.925445557, 214.320175171, 214.703308105, 215.08644104, 215.481170654, 215.875915527, 216.2706604, 216.665390015, 217.071746826, 217.46647644, 217.872833252, 218.279174805, 218.685531616, 219.103485107, 219.521453857, 219.939407349, 220.35736084, 220.77532959, 221.181671143, 221.599639893, 222.017593384, 222.447158813, 222.865127563, 223.283081055, 223.701034546, 224.107391357, 224.525344849, 224.93170166, 225.338043213, 225.744400024, 226.139129639, 226.533874512, 226.940216064, 227.346572876, 227.752914429, 228.170883179, 228.58883667, 228.983581543, 229.366714478, 229.761444092, 230.156188965, 230.550918579, 230.945663452, 231.352020264, 231.758361816, 232.153106689, 232.547836304, 232.942581177, 233.33732605, 233.743667603, 234.150024414, 234.544754028, 235.009155273, 235.473556519, 235.926345825, 236.379135132, 236.831924438, 237.284713745, 237.74911499, 238.213516235, 238.677902222, 239.142303467, 239.629928589, 240.117553711, 240.628387451, 241.115997314, 241.615234375, 242.114456177, 242.520812988, 242.927154541, 243.333511353, 243.716644287, 244.111373901, 244.506118774, 244.900863647, 245.295593262, 245.690338135, 246.096679688, 246.491424561, 246.886169434, 247.269287109, 247.652420044, 248.035552979, 248.441894531, 248.848251343, 249.254592896, 249.660949707, 250.06729126, 250.462036133, 250.868392944, 251.274734497, 251.681091309, 252.087432861, 252.493789673, 252.888519287, 253.28326416, 253.677993774, 254.084350586, 254.479095459, 254.873825073, 255.256958008, 255.651702881, 256.046447754, 256.452789307, 256.859130859, 257.253875732, 257.648620605, 258.043365479, 258.438079834, 258.821228027, 259.204345703, 259.587463379, 259.970611572, 260.365356445, 260.760070801, 261.154815674, 261.549560547, 261.94430542, 262.339050293, 262.733795166, 263.128509521, 263.523254395, 263.917999268, 264.312744141, 264.707489014, 265.102203369, 265.496948242, 265.891693115, 266.286437988, 266.681182861, 267.075927734, 267.45904541, 267.853790283, 268.248535156, 268.631652832, 269.026397705, 269.421142578, 269.815856934, 270.210601807, 270.60534668, 271.011688232, 271.406433105, 271.789550781, 272.184295654, 272.579040527, 272.9737854, 273.368530273, 273.763275146, 274.146392822, 274.529510498, 274.924255371, 275.319000244, 275.70211792, 276.096862793, 276.491607666, 276.886352539, 277.281097412, 277.687438965, 278.105377197, 278.523345947, 278.941314697, 279.359283447, 279.753997803, 280.148742676, 280.543487549, 280.938232422, 281.332977295, 281.72769165, 282.134063721, 282.610076904, 283.08605957, 283.562072754, 284.107757568, 284.653411865, 285.19909668, 285.756378174, 286.302032471, 286.836090088, 287.370147705, 287.904205322, 288.438262939, 288.983947754, 289.529602051, 290.063659668], "beats_loudness": {"dvar2": 0.00185330328532, "var": 0.000933336850721, "min": 0, "dmean": 0.0198259577155, "mean": 0.0252344924957, "max": 0.178988546133, "dmean2": 0.0354247950017, "median": 0.013299738057, "dvar": 0.000641941092908}, "bpm_histogram_second_peak_weight": {"dvar2": 0, "var": 0, "min": 0.150664702058, "dmean": 0, "mean": 0.150664702058, "max": 0.150664702058, "dmean2": 0, "median": 0.150664702058, "dvar": 0}, "bpm_histogram_second_peak_spread": {"dvar2": 0, "var": 0, "min": 0.306122422218, "dmean": 0, "mean": 0.306122422218, "max": 0.306122422218, "dmean2": 0, "median": 0.306122422218, "dvar": 0}, "bpm_histogram_second_peak_bpm": {"dvar2": 0, "var": 0, "min": 144, "dmean": 0, "mean": 144, "max": 144, "dmean2": 0, "median": 144, "dvar": 0}, "onset_rate": 3.16616725922}, "lowlevel": {"spectral_energyband_high": {"dvar2": 5.44771239674e-07, "var": 6.18093906724e-07, "min": 6.9900614936e-21, "dmean": 0.000125892853248, "mean": 0.000264639616944, "max": 0.0244444739074, "dmean2": 0.00018208475376, "median": 4.81055976707e-05, "dvar": 2.67863498493e-07}, "spectral_energyband_middle_low": {"dvar2": 3.7251807953e-05, "var": 8.10375495348e-05, "min": 1.35777527316e-22, "dmean": 0.00235044816509, "mean": 0.00753729324788, "max": 0.0946350321174, "dmean2": 0.00347316288389, "median": 0.00442292075604, "dvar": 1.75693639903e-05}, "spectral_energy": {"dvar2": 0.000188100864762, "var": 0.000492461782414, "min": 9.94363427093e-21, "dmean": 0.00478874379769, "mean": 0.0170023273677, "max": 0.228289023042, "dmean2": 0.00673366244882, "median": 0.00928191654384, "dvar": 9.44706916925e-05}, "spectral_spread": {"dvar2": 1634997764100.0, "var": 15240859222000.0, "min": 734220.0625, "dmean": 587144.625, "mean": 4707184, "max": 42970600, "dmean2": 852475.4375, "median": 3931372.5, "dvar": 1011140984830.0}, "spectral_energyband_low": {"dvar2": 0.000124828788103, "var": 0.000118445255794, "min": 9.88433642342e-24, "dmean": 0.00226606987417, "mean": 0.00465517630801, "max": 0.156412810087, "dmean2": 0.00341347092763, "median": 0.000554829312023, "dvar": 5.49606593268e-05}, "spectral_rolloff": {"dvar2": 1969032.5, "var": 4930428, "min": 21.533203125, "dmean": 302.515258789, "mean": 1242.00708008, "max": 19853.6132812, "dmean2": 519.108459473, "median": 689.0625, "dvar": 1016356.4375}, "barkbands": {"dvar2": [5.4943525285e-09, 6.11696741544e-05, 3.22222003888e-05, 2.27605892178e-06, 3.84328131986e-06, 1.07638679765e-05, 4.31609078078e-06, 6.34168418401e-06, 1.35911604957e-05, 6.646253496e-06, 1.68109527294e-05, 8.10938854556e-06, 2.5087360882e-06, 4.22121092924e-06, 1.46055083405e-06, 8.06998514236e-07, 8.99155168099e-08, 2.81752420506e-07, 1.2036581154e-07, 7.27745828044e-08, 8.95804230794e-09, 1.28514505704e-08, 5.03484045566e-08, 9.68225464248e-08, 1.42477475151e-07, 5.64374991185e-09, 1.36461175693e-10], "var": [2.03801509002e-09, 3.73260591005e-05, 3.47625064023e-05, 1.27989380871e-06, 5.25374343852e-06, 2.07551329368e-05, 4.79786876895e-06, 5.68953510083e-06, 1.63098502526e-05, 1.23167328638e-05, 2.58804338955e-05, 1.75944260263e-05, 4.80124481328e-06, 4.53856273452e-06, 1.24642963328e-06, 8.92831280908e-07, 1.43048083601e-07, 3.32534426661e-07, 1.39772851071e-07, 1.14262292072e-07, 1.38028681818e-08, 1.83655330943e-08, 2.97980147224e-08, 8.672041929e-08, 1.03841038879e-07, 3.34343441821e-09, 7.05652758448e-11], "min": [7.51075059507e-25, 1.84378408339e-24, 7.36421869585e-25, 7.10573905253e-25, 8.43245212685e-24, 4.10053053978e-24, 7.13116374368e-24, 4.22238272836e-24, 1.8558153166e-23, 1.27403481662e-23, 1.14161086638e-23, 2.16871636357e-23, 3.08102626962e-23, 4.60246285447e-23, 4.23557311378e-23, 5.46533374319e-23, 7.53565375055e-23, 8.08035589472e-23, 1.25050849163e-22, 1.25159926538e-22, 2.98978989898e-22, 3.3892670419e-22, 3.76203903437e-22, 5.52733555977e-22, 8.1685383008e-22, 1.28850747967e-21, 1.93338039327e-21], "dmean": [3.8320740714e-05, 0.0013685664162, 0.00107143702917, 0.000254806189332, 0.000615882396232, 0.00116331339814, 0.000372126989532, 0.000392272573663, 0.000599321792834, 0.000391535228118, 0.000554276339244, 0.000428756204201, 0.000299557170365, 0.000262170273345, 0.000178584290552, 0.000126859842567, 5.06022624904e-05, 7.82693605288e-05, 6.5353953687e-05, 5.17760163348e-05, 1.70105522557e-05, 1.43314400702e-05, 2.6161522328e-05, 3.05040011881e-05, 2.84781308437e-05, 6.43698876956e-06, 1.18786294934e-06], "mean": [3.62897808373e-05, 0.00240871869028, 0.00201905006543, 0.000402542180382, 0.00136716780253, 0.00290525890887, 0.000767912948504, 0.000733608205337, 0.00124997925013, 0.000828242336866, 0.00108167040162, 0.000918022240512, 0.000573078927118, 0.000432943052147, 0.000310855015414, 0.000263015099335, 0.000101172910945, 0.000151274143718, 0.000130658518174, 0.000108391330286, 4.0695318603e-05, 3.23533640767e-05, 3.9238610043e-05, 5.28524069523e-05, 3.83596889151e-05, 7.74428644945e-06, 1.23494589843e-06], "max": [0.000688592786901, 0.107130840421, 0.102419003844, 0.0204156190157, 0.0294574536383, 0.0567493699491, 0.046965111047, 0.0502898991108, 0.0801028460264, 0.0612132810056, 0.115108348429, 0.109216727316, 0.0670479461551, 0.0577901899815, 0.0255450047553, 0.0240524504334, 0.00764207355678, 0.0221443660557, 0.00662916293368, 0.0089003238827, 0.00188320409507, 0.00525589007884, 0.00672011775896, 0.0112383589149, 0.0170160289854, 0.0024172924459, 0.000489175086841], "dmean2": [7.34074201318e-05, 0.00217532296665, 0.00157476577442, 0.000416547147324, 0.000987059553154, 0.00173056242056, 0.000555539561901, 0.000602433516178, 0.000875288038515, 0.000562929315493, 0.000755370594561, 0.000580501684453, 0.000421229429776, 0.000380204117391, 0.000270955526503, 0.000182900432264, 7.38314411137e-05, 0.000115708586236, 9.74804715952e-05, 7.61801784392e-05, 2.66645474767e-05, 2.12435643334e-05, 4.00051649194e-05, 4.48981772934e-05, 4.0875380364e-05, 9.6502044471e-06, 1.91534059013e-06], "median": [1.89409693121e-05, 0.000186886056326, 0.000167660269653, 4.93589395774e-05, 0.000545585236978, 0.0011424110271, 0.000152040709509, 8.69274008437e-05, 9.74814174697e-05, 8.13940860098e-05, 3.64417210221e-05, 3.59557088814e-05, 3.3166634239e-05, 2.42138230533e-05, 2.47549214691e-05, 1.22079190987e-05, 8.20582681627e-06, 1.20413624245e-05, 1.54253502842e-05, 1.36346443469e-05, 4.88614841743e-06, 2.19037929128e-06, 4.66981236968e-06, 4.79091795569e-06, 2.27043574341e-06, 4.60074119246e-07, 1.18408578942e-07], "dvar": [1.62785263047e-09, 2.2991311198e-05, 1.58682050824e-05, 8.85931456196e-07, 1.50192863657e-06, 4.98091048939e-06, 1.97583653971e-06, 2.72548868452e-06, 6.19113507128e-06, 3.62297282663e-06, 9.16768203751e-06, 4.98902181789e-06, 1.47874379763e-06, 2.00162276087e-06, 6.45531315513e-07, 3.31680666932e-07, 4.53245405652e-08, 1.35385505473e-07, 5.38272963979e-08, 3.5973954482e-08, 3.71237085517e-09, 6.29530427787e-09, 2.17036770778e-08, 4.42196359529e-08, 6.68623982847e-08, 2.42872189027e-09, 6.00587982125e-11]}, "melbands_skewness": {"dvar2": 1.96969008446, "var": 4.93019151688, "min": -2.08387327194, "dmean": 0.705053806305, "mean": 2.58671236038, "max": 30.5584964752, "dmean2": 1.08113598824, "median": 2.19358110428, "dvar": 0.828746080399}, "barkbands_skewness": {"dvar2": 3.17029333115, "var": 3.87111234665, "min": -4.37967157364, "dmean": 0.69676399231, "mean": 2.00923728943, "max": 26.9497413635, "dmean2": 1.1067636013, "median": 1.72014200687, "dvar": 1.1306848526}, "erbbands": {"dvar2": [0.0136684048921, 4.58337879181, 44.6688537598, 18.1359958649, 19.5203094482, 42.722202301, 662.362304688, 876.725036621, 544.338439941, 2036.88427734, 3028.99755859, 8495.44433594, 4035.22973633, 18557.9570312, 13666.3769531, 12577.4980469, 4483.87109375, 9499.55566406, 4217.33544922, 5013.28808594, 1315.12145996, 179.026245117, 373.331420898, 657.42956543, 155.322341919, 254.638473511, 24.1270160675, 10.0917224884, 15.4370088577, 21.9365062714, 49.9597434998, 36.6423568726, 34.7013893127, 39.4300880432, 4.13739776611, 0.197406113148, 0.0155668715015, 0.000482355360873, 3.92150468542e-06, 9.26426224623e-09], "var": [0.0168080497533, 2.63338184357, 46.2529640198, 15.5423698425, 14.1220798492, 58.9799003601, 975.919555664, 1670.86767578, 720.492736816, 1727.6192627, 2852.77832031, 10918.2910156, 4586.65429688, 30629.453125, 36842.2421875, 21599.953125, 10761.5683594, 11597.4677734, 5601.85009766, 3381.0246582, 2068.22753906, 332.626708984, 577.125793457, 670.320007324, 304.841156006, 363.766937256, 31.5427188873, 24.3392524719, 22.6063709259, 24.2948055267, 25.6462478638, 30.0722198486, 30.441204071, 21.8145961761, 3.37009191513, 0.131638452411, 0.00877292826772, 0.000265068607405, 2.14661281461e-06, 4.63762050984e-09], "min": [8.49992829101e-23, 4.58256999125e-22, 2.19563602739e-21, 4.64085724484e-21, 9.23828993091e-21, 1.87322513725e-20, 3.82970697251e-20, 3.34271504974e-20, 1.74457418895e-19, 1.29491764474e-19, 1.91741874782e-19, 4.22922661345e-19, 5.61676212041e-19, 7.36200619641e-19, 7.32706453637e-19, 1.24686692975e-18, 1.48681072555e-18, 2.29829734374e-18, 1.3126683203e-18, 3.28385119714e-18, 2.93295580463e-18, 4.59291828325e-18, 4.70161601959e-18, 6.17789601216e-18, 6.09366627834e-18, 7.8129070012e-18, 7.74112426764e-18, 8.67063704814e-18, 1.03043890683e-17, 1.18083622406e-17, 1.15333486751e-17, 1.0607679803e-17, 9.55812409043e-18, 8.14503821511e-18, 6.13539050921e-18, 4.22576341502e-18, 2.42273281162e-18, 8.92561071567e-19, 2.53218312723e-19, 2.64004079058e-20], "dmean": [0.0215823370963, 0.374375253916, 1.27643740177, 0.827351808548, 1.07557713985, 1.90856003761, 8.03003025055, 9.27547931671, 5.48620557785, 6.21546268463, 9.72151756287, 15.4332818985, 9.32658004761, 18.0503940582, 19.9228973389, 16.6259937286, 13.4902057648, 11.5127859116, 10.2208356857, 7.89651250839, 5.65589284897, 2.27582645416, 3.04999661446, 4.14435577393, 2.58483695984, 2.7346432209, 0.968500375748, 0.525657713413, 0.499917447567, 0.464763253927, 0.807110548019, 0.685323655605, 0.519348144531, 0.406309247017, 0.156718611717, 0.0394725874066, 0.00977440085262, 0.00180525099859, 0.00019781095034, 1.52554157467e-05], "mean": [0.0469373166561, 0.638940632343, 2.38399410248, 1.60309410095, 1.87108170986, 4.33096504211, 18.4281005859, 23.0750427246, 12.3654031754, 12.0430984497, 19.2743377686, 31.8999881744, 18.1258335114, 39.4610710144, 46.4954147339, 36.5526580811, 29.0030155182, 22.6452388763, 19.2059669495, 15.4270095825, 13.2803621292, 5.53973722458, 7.04885196686, 8.2128534317, 6.15718746185, 5.8110332489, 2.17224144936, 1.47988510132, 1.22205841541, 0.77724558115, 1.22599411011, 1.14287662506, 0.880623817444, 0.5495916605, 0.203235685825, 0.0482203885913, 0.011911300011, 0.00217503705062, 0.000210969228647, 3.02727112285e-05], "max": [1.91527092457, 27.3854618073, 115.894142151, 64.5033721924, 48.676612854, 128.531967163, 408.236480713, 706.837097168, 642.454467773, 994.281677246, 953.182067871, 2143.46875, 1930.74047852, 5222.25585938, 3932.74731445, 3638.22509766, 3339.05029297, 2985.88867188, 2855.61816406, 1622.84143066, 899.406433105, 366.325683594, 819.534301758, 573.925842285, 367.965362549, 578.48815918, 89.1317138672, 87.8216934204, 161.241851807, 265.024932861, 232.117095947, 183.182067871, 244.989334106, 324.498718262, 63.3654212952, 13.2864599228, 4.44710159302, 0.912374079227, 0.089057572186, 0.00246607861482], "dmean2": [0.0329493358731, 0.59650015831, 1.89718997478, 1.26369428635, 1.71175420284, 3.09064126015, 12.296453476, 13.6866407394, 8.28981494904, 9.18325042725, 14.6697177887, 22.1124153137, 12.4838247299, 23.8553028107, 25.3798904419, 22.8152141571, 18.5002174377, 16.4884338379, 14.9801683426, 12.0289974213, 8.33934116364, 3.21838283539, 4.41584920883, 6.13518762589, 3.75092434883, 3.94899487495, 1.46488571167, 0.804910957813, 0.73900192976, 0.702636659145, 1.2385365963, 1.02455067635, 0.771464169025, 0.599506556988, 0.223074674606, 0.0589280351996, 0.0147569701076, 0.00280712661333, 0.000316076359013, 2.39124765358e-05], "median": [0.00286686117761, 0.052154302597, 0.193841442466, 0.254666626453, 0.495680451393, 1.78458273411, 6.78791999817, 7.58994483948, 3.95390701294, 2.19703912735, 3.48795843124, 3.04872703552, 3.21450543404, 3.61545467377, 2.72715854645, 2.53890895844, 2.24007225037, 1.87617897987, 1.86184430122, 1.07347917557, 0.766951799393, 0.501489162445, 0.639847040176, 0.884428143501, 0.852256059647, 0.715654015541, 0.367765903473, 0.140493065119, 0.0826406776905, 0.096560664475, 0.145476162434, 0.107174247503, 0.0726738870144, 0.0382391773164, 0.00872147455812, 0.00256577832624, 0.000783414056059, 0.000214299856452, 2.15525251406e-05, 1.37420411193e-05], "dvar": [0.00548369064927, 1.73676300049, 21.5736713409, 7.915579319, 7.78415489197, 16.3110141754, 275.351043701, 424.592285156, 248.814254761, 925.933105469, 1313.66638184, 4091.15869141, 2185.22338867, 9663.44140625, 8601.9140625, 7132.92041016, 2842.16943359, 4276.73876953, 2147.88037109, 1868.7244873, 577.907958984, 88.7915725708, 183.50239563, 297.977020264, 80.4572906494, 123.709877014, 10.5991001129, 4.53680896759, 7.23432302475, 11.0846157074, 20.8002147675, 16.5708827972, 16.3390045166, 16.9831504822, 1.99558246136, 0.0880476608872, 0.00678756367415, 0.000205405624001, 1.77176571015e-06, 3.80176867765e-09]}, "silence_rate_30dB": {"dvar2": 0.0171868912876, "var": 0.00878093671054, "min": 0, "dmean": 0.00734413648024, "mean": 0.991139829159, "max": 1, "dmean2": 0.0146894454956, "median": 1, "dvar": 0.00728994887322}, "melbands_spread": {"dvar2": 300.81628418, "var": 615.005187988, "min": 0.212001040578, "dmean": 4.99047327042, "mean": 17.4523334503, "max": 281.954376221, "dmean2": 7.25536584854, "median": 11.0337667465, "dvar": 177.240875244}, "melbands_crest": {"dvar2": 20.2757205963, "var": 41.4352493286, "min": 1.54567503929, "dmean": 3.01941347122, "mean": 16.5258903503, "max": 38.6425895691, "dmean2": 4.74846124649, "median": 15.542383194, "dvar": 8.52196216583}, "zerocrossingrate": {"dvar2": 0.000318809121381, "var": 0.00346487108618, "min": 0, "dmean": 0.00889005511999, "mean": 0.0496972315013, "max": 0.54296875, "dmean2": 0.0100361555815, "median": 0.03759765625, "dvar": 0.000323261512676}, "barkbands_kurtosis": {"dvar2": 1742.85437012, "var": 1353.65161133, "min": -1.96066439152, "dmean": 7.76101016998, "mean": 14.1107597351, "max": 1158.79162598, "dmean2": 12.8051118851, "median": 4.90126895905, "dvar": 637.498901367}, "spectral_flux": {"dvar2": 0.00135727447923, "var": 0.00215427321382, "min": 6.42422365305e-11, "dmean": 0.017554404214, "mean": 0.0497454218566, "max": 0.383930593729, "dmean2": 0.0278363768011, "median": 0.0372363999486, "dvar": 0.00056721852161}, "barkbands_crest": {"dvar2": 13.4998502731, "var": 26.8065109253, "min": 2.89738368988, "dmean": 2.43858337402, "mean": 12.6544055939, "max": 26.7967758179, "dmean2": 3.8932826519, "median": 11.621099472, "dvar": 5.58007907867}, "barkbands_flatness_db": {"dvar2": 0.000959058757871, "var": 0.00416444987059, "min": 0.0269765928388, "dmean": 0.0212085116655, "mean": 0.188843801618, "max": 0.461202651262, "dmean2": 0.0315373465419, "median": 0.180690422654, "dvar": 0.000481513008708}, "spectral_entropy": {"dvar2": 0.0951679497957, "var": 0.530803382397, "min": 3.97787547112, "dmean": 0.200292661786, "mean": 6.84701061249, "max": 9.82209205627, "dmean2": 0.290211796761, "median": 6.88676261902, "dvar": 0.0547844693065}, "pitch_salience": {"dvar2": 0.00899294670671, "var": 0.0195569042116, "min": 0.0482727959752, "dmean": 0.0643598288298, "mean": 0.485975563526, "max": 0.840909719467, "dmean2": 0.102172777057, "median": 0.494116723537, "dvar": 0.00391860632226}, "erbbands_spread": {"dvar2": 228.262466431, "var": 387.778411865, "min": 0.823432266712, "dmean": 6.16795969009, "mean": 27.2403144836, "max": 171.432037354, "dmean2": 9.3268699646, "median": 23.1852989197, "dvar": 106.844345093}, "dynamic_complexity": 6.86790513992, "spectral_contrast_valleys": {"dvar2": [0.258598297834, 0.171648129821, 0.150278687477, 0.144576847553, 0.129656434059, 0.19757334888], "var": [4.70436191559, 4.67312335968, 4.43944835663, 4.31364440918, 4.28491020203, 3.48731374741], "min": [-27.9595928192, -28.2134075165, -27.7927303314, -27.8348426819, -27.5502433777, -27.381685257], "dmean": [0.366987735033, 0.289160370827, 0.273634463549, 0.25026884675, 0.228587031364, 0.272188216448], "mean": [-8.5284614563, -7.82317399979, -8.65640449524, -9.4293088913, -9.39711856842, -11.5336933136], "max": [-5.22029018402, -5.0853395462, -5.27198553085, -6.16765546799, -5.41740322113, -7.92116451263], "dmean2": [0.601330161095, 0.468369156122, 0.444846540689, 0.3998657763, 0.34619346261, 0.375184118748], "median": [-8.20212936401, -7.41025495529, -8.30098056793, -9.04627227783, -8.93678283691, -11.2714605331], "dvar": [0.110627532005, 0.0767504200339, 0.0688430145383, 0.0669376775622, 0.0683985128999, 0.118222460151]}, "hfc": {"dvar2": 114.232406616, "var": 356.96887207, "min": 1.08037484088e-16, "dmean": 3.28321361542, "mean": 12.0490722656, "max": 238.386978149, "dmean2": 4.51418113708, "median": 4.9309015274, "dvar": 60.0753135681}, "spectral_kurtosis": {"dvar2": 35.0617408752, "var": 86.3860626221, "min": -1.56095802784, "dmean": 2.69047665596, "mean": 8.70796108246, "max": 120.867729187, "dmean2": 4.3908200264, "median": 6.34116601944, "dvar": 13.9992694855}, "mfcc": {"mean": [-758.621459961, 139.601455688, 13.154086113, 7.74120235443, 0.434443593025, -5.88995981216, 3.25655508041, -5.31561660767, -13.222284317, 4.40385580063, -7.58189296722, -2.53456711769, 0.220173418522], "cov": [[16851.3203125, 544.382080078, -2269.00805664, 190.729385376, 97.2384033203, 6.21855783463, 342.802947998, 196.778579712, 61.5967826843, 524.067871094, 26.9769515991, 250.601577759, 75.2284088135], [544.382080078, 1519.23571777, -90.6416015625, 63.1988792419, 46.2837104797, 75.0831222534, 92.4539489746, -24.4541893005, -11.4344387054, -22.3281364441, -41.9788894653, -46.703037262, -11.5547208786], [-2269.00805664, -90.6416015625, 1100.02954102, -36.4982910156, 144.84185791, 12.9728059769, -45.3183174133, 6.29830884933, -23.8457946777, -64.0549087524, -35.3164291382, -12.3189735413, -37.4458999634], [190.729385376, 63.1988792419, -36.4982910156, 441.092285156, 96.5368423462, 123.595863342, -18.218711853, 69.588394165, 173.558700562, -31.6302070618, 40.8556785583, 39.5322341919, -12.5495691299], [97.2384033203, 46.2837104797, 144.84185791, 96.5368423462, 323.219146729, -40.5237770081, 9.73938846588, 48.3027458191, 47.0711746216, 46.5702018738, -37.7063598633, 42.2234916687, -8.77933311462], [6.21855783463, 75.0831222534, 12.9728059769, 123.595863342, -40.5237770081, 429.352111816, -10.3413171768, 16.4390220642, 160.027084351, -68.5035476685, 110.129219055, 11.7006502151, 4.43328714371], [342.802947998, 92.4539489746, -45.3183174133, -18.218711853, 9.73938846588, -10.3413171768, 218.956130981, 34.208820343, -60.2519340515, 84.0453720093, 8.27389526367, 3.77463674545, 19.0438098907], [196.778579712, -24.4541893005, 6.29830884933, 69.588394165, 48.3027458191, 16.4390220642, 34.208820343, 156.119384766, 52.4127502441, 24.947681427, 8.51793289185, 12.8147878647, 13.7222290039], [61.5967826843, -11.4344387054, -23.8457946777, 173.558700562, 47.0711746216, 160.027084351, -60.2519340515, 52.4127502441, 276.910583496, -43.09217453, 61.1189613342, 23.8614883423, -7.69628095627], [524.067871094, -22.3281364441, -64.0549087524, -31.6302070618, 46.5702018738, -68.5035476685, 84.0453720093, 24.947681427, -43.09217453, 192.516983032, 1.26508057117, 14.0449209213, 17.2624492645], [26.9769515991, -41.9788894653, -35.3164291382, 40.8556785583, -37.7063598633, 110.129219055, 8.27389526367, 8.51793289185, 61.1189613342, 1.26508057117, 150.973693848, 34.3342018127, 10.8170681], [250.601577759, -46.703037262, -12.3189735413, 39.5322341919, 42.2234916687, 11.7006502151, 3.77463674545, 12.8147878647, 23.8614883423, 14.0449209213, 34.3342018127, 133.205001831, 38.3003730774], [75.2284088135, -11.5547208786, -37.4458999634, -12.5495691299, -8.77933311462, 4.43328714371, 19.0438098907, 13.7222290039, -7.69628095627, 17.2624492645, 10.8170681, 38.3003730774, 121.287086487]], "icov": [[9.57224110607e-05, -2.32542297454e-05, 0.000196853361558, 1.0950720025e-05, -5.3053638112e-05, -5.99864142714e-05, -2.18288423639e-05, -8.38522173581e-05, 1.35909813253e-05, -0.000176594141521, 8.51167569635e-05, -0.000172556727193, 8.44843743835e-05], [-2.32542297454e-05, 0.000739697366953, 4.65883786092e-05, -0.000116457587865, -0.000198840469238, -0.000194642925635, -0.000409002270317, 0.000262198940618, 7.84664152889e-05, 0.000265480804956, 0.000249758508289, 0.000313402502798, -3.95456918341e-05], [0.000196853361558, 4.65883786092e-05, 0.00147487223148, 0.000237743806792, -0.00080690276809, -0.000345594686223, 7.01681419741e-05, -0.000303905631881, 0.000352984643541, 0.00013855547877, 0.000199460322619, -0.000217139124288, 0.00039333695895], [1.0950720025e-05, -0.000116457587865, 0.000237743806792, 0.00338817248121, -0.000797976274043, -0.000341511651641, -0.000115797833132, -0.000812596757896, -0.00148723041639, 0.000485278374981, -9.8679724033e-05, -0.00058385450393, 0.000500658585224], [-5.3053638112e-05, -0.000198840469238, -0.00080690276809, -0.000797976274043, 0.00458351057023, 0.000554267433472, -2.542974471e-06, -0.000534924096428, -0.000940316298511, -0.00127781345509, 0.00144190911669, -0.00147395464592, 0.000513763632625], [-5.99864142714e-05, -0.000194642925635, -0.000345594686223, -0.000341511651641, 0.000554267433472, 0.00383053673431, -0.000588719907682, 0.000289961346425, -0.00173345720395, 0.00104591262061, -0.00204891874455, 0.000426660524681, -0.000374488823581], [-2.18288423639e-05, -0.000409002270317, 7.01681419741e-05, -0.000115797833132, -2.542974471e-06, -0.000588719907682, 0.00646507740021, -0.00152812362649, 0.00185144448187, -0.0023757009767, -0.000637286459096, 0.000144258359796, -0.00036973587703], [-8.38522173581e-05, 0.000262198940618, -0.000303905631881, -0.000812596757896, -0.000534924096428, 0.000289961346425, -0.00152812362649, 0.0080373743549, -0.00157978385687, -0.000414665206335, 0.000132732660859, 0.000462312542368, -0.00101869087666], [1.35909813253e-05, 7.84664152889e-05, 0.000352984643541, -0.00148723041639, -0.000940316298511, -0.00173345720395, 0.00185144448187, -0.00157978385687, 0.00677606090903, 0.000347575958585, -0.00124849448912, 2.70024997917e-06, 0.000328470283421], [-0.000176594141521, 0.000265480804956, 0.00013855547877, 0.000485278374981, -0.00127781345509, 0.00104591262061, -0.0023757009767, -0.000414665206335, 0.000347575958585, 0.0077170082368, -0.00115496083163, 0.000294148019748, -0.000549142889213], [8.51167569635e-05, 0.000249758508289, 0.000199460322619, -9.8679724033e-05, 0.00144190911669, -0.00204891874455, -0.000637286459096, 0.000132732660859, -0.00124849448912, -0.00115496083163, 0.00970436353236, -0.00254135252908, 0.000308865302941], [-0.000172556727193, 0.000313402502798, -0.000217139124288, -0.00058385450393, -0.00147395464592, 0.000426660524681, 0.000144258359796, 0.000462312542368, 2.70024997917e-06, 0.000294148019748, -0.00254135252908, 0.0100092887878, -0.00316361081786], [8.44843743835e-05, -3.95456918341e-05, 0.00039333695895, 0.000500658585224, 0.000513763632625, -0.000374488823581, -0.00036973587703, -0.00101869087666, 0.000328470283421, -0.000549142889213, 0.000308865302941, -0.00316361081786, 0.00965662579983]]}, "silence_rate_20dB": {"dvar2": 0, "var": 0, "min": 1, "dmean": 0, "mean": 1, "max": 1, "dmean2": 0, "median": 1, "dvar": 0}, "melbands_kurtosis": {"dvar2": 1951.01098633, "var": 2411.62548828, "min": -1.94755208492, "dmean": 9.7566204071, "mean": 21.9194755554, "max": 1241.83422852, "dmean2": 15.4050865173, "median": 8.79090499878, "dvar": 754.907897949}, "barkbands_spread": {"dvar2": 121.916786194, "var": 166.179946899, "min": 0.126315921545, "dmean": 3.90272974968, "mean": 13.7198352814, "max": 117.249534607, "dmean2": 5.96974420547, "median": 10.5194606781, "dvar": 58.9475975037}, "erbbands_skewness": {"dvar2": 0.627490758896, "var": 2.28977251053, "min": -5.81393098831, "dmean": 0.442108243704, "mean": 1.15860342979, "max": 12.3348999023, "dmean2": 0.648452103138, "median": 0.941243767738, "dvar": 0.34224075079}, "average_loudness": 0.209611430764, "spectral_centroid": {"dvar2": 176736.609375, "var": 1237165.625, "min": 155.312545776, "dmean": 162.729248047, "mean": 993.460632324, "max": 11703.8916016, "dmean2": 234.786819458, "median": 741.719482422, "dvar": 102455.320312}, "dissonance": {"dvar2": 0.00245256978087, "var": 0.00248720007949, "min": 0.134901538491, "dmean": 0.0305274836719, "mean": 0.424797326326, "max": 0.499903321266, "dmean2": 0.0512228794396, "median": 0.435596644878, "dvar": 0.000901583640371}, "erbbands_flatness_db": {"dvar2": 0.00074970984133, "var": 0.00358372740448, "min": 0.0234653092921, "dmean": 0.0180693082511, "mean": 0.203937262297, "max": 0.444944411516, "dmean2": 0.0260527320206, "median": 0.200392663479, "dvar": 0.000402033037972}, "spectral_strongpeak": {"dvar2": 1.76272511482, "var": 2.62826395035, "min": 0, "dmean": 0.441876798868, "mean": 1.11195719242, "max": 16.7749061584, "dmean2": 0.714867889881, "median": 0.531127929688, "dvar": 0.779130220413}, "spectral_rms": {"dvar2": 8.11019674529e-07, "var": 5.52757273908e-06, "min": 3.1146600056e-12, "dmean": 0.00048243929632, "mean": 0.00332567770965, "max": 0.0149238398299, "dmean2": 0.000668354972731, "median": 0.00300924037583, "dvar": 4.52758627034e-07}, "silence_rate_60dB": {"dvar2": 0.0777015089989, "var": 0.210957676172, "min": 0, "dmean": 0.0370399951935, "mean": 0.302442520857, "max": 1, "dmean2": 0.0740858986974, "median": 0, "dvar": 0.0356694571674}, "melbands": {"dvar2": [2.71631893156e-06, 9.67328469414e-06, 4.96539826145e-07, 1.18498221013e-07, 5.45748548575e-07, 3.8362657051e-07, 1.35657245437e-07, 2.41242645416e-07, 2.14436724377e-07, 3.43517683632e-07, 1.0722993693e-07, 2.80871716996e-07, 1.94316655211e-07, 1.64077349041e-07, 3.05016172319e-08, 2.38377122486e-08, 4.17428935862e-08, 1.61951323463e-08, 9.69039426479e-09, 6.64849064691e-09, 1.83899151462e-09, 2.60646726424e-10, 2.85459184068e-10, 1.09287923156e-09, 5.46378720045e-10, 1.27734989253e-10, 9.37103936116e-11, 1.46566370152e-10, 2.2388717616e-11, 4.55534828608e-12, 5.85727126523e-12, 5.08543597857e-12, 7.58752609353e-12, 7.76730069152e-12, 2.02120715997e-11, 1.69956670265e-11, 2.27588919932e-11, 2.36085317962e-11, 2.69584233409e-11, 3.29652485864e-11], "var": [2.05121796171e-06, 8.65244965098e-06, 4.75575262726e-07, 9.91939685946e-08, 8.61275168518e-07, 7.63369712331e-07, 1.79545139645e-07, 2.08626559584e-07, 2.03263880394e-07, 4.18055975615e-07, 1.24566895465e-07, 5.02903731103e-07, 4.81160554955e-07, 3.37558702768e-07, 5.28722132742e-08, 4.18689225512e-08, 4.30388276129e-08, 2.09903845416e-08, 5.95538596215e-09, 5.75736747166e-09, 2.93823032571e-09, 3.79566933439e-10, 4.80386230794e-10, 1.26954502466e-09, 4.8008030884e-10, 2.05166841849e-10, 1.40550876493e-10, 1.75684009007e-10, 1.95867211339e-11, 6.63728317099e-12, 1.40831348319e-11, 9.44935362596e-12, 7.18418293605e-12, 8.13853498483e-12, 9.1804324559e-12, 9.92132244415e-12, 1.55944736291e-11, 1.80726961174e-11, 1.30156085562e-11, 1.87149393205e-11], "min": [1.12441314645e-24, 8.78649152061e-25, 1.18632610573e-24, 4.61219114632e-25, 1.44756577614e-24, 5.64501073775e-25, 2.53097225641e-24, 1.55009254888e-24, 1.2663940085e-24, 2.20645085444e-24, 2.53544647825e-2