{"tonal": {"thpcp": [1, 0.471094995737, 0.120025210083, 0.0985294505954, 0.140970602632, 0.463166534901, 0.528761863708, 0.225555151701, 0.220902889967, 0.254427105188, 0.110664926469, 0.102875679731, 0.160103619099, 0.156164377928, 0.429436206818, 0.566172242165, 0.255515664816, 0.0640949308872, 0.041134994477, 0.0474005416036, 0.186987802386, 0.241842910647, 0.1088039428, 0.0764826610684, 0.0829572156072, 0.0541319139302, 0.144095957279, 0.201659366488, 0.274994343519, 0.795954406261, 0.851817309856, 0.286740332842, 0.0832707509398, 0.0772076770663, 0.143225997686, 0.70016938448], "hpcp": {"dmean2": [0.191482380033, 0.125884100795, 0.0569638684392, 0.0462920740247, 0.100600317121, 0.206894248724, 0.215355575085, 0.173985853791, 0.0683541595936, 0.0512226708233, 0.0787901207805, 0.162044003606, 0.17102406919, 0.108904644847, 0.102563641965, 0.105491705239, 0.0597321204841, 0.0541390813887, 0.0717946961522, 0.0750643014908, 0.161588832736, 0.185649946332, 0.0963665097952, 0.0361815840006, 0.0223192200065, 0.0270754210651, 0.0765664950013, 0.0961528867483, 0.0554199889302, 0.0392225757241, 0.0384910404682, 0.0304711014032, 0.0637829452753, 0.092971265316, 0.122932426631, 0.190666243434], "median": [0.122290343046, 0.0412159264088, 0.00297555164434, 0.00224490184337, 0.0130491601303, 0.115896858275, 0.180415928364, 0.0778009220958, 0.00352862756699, 0.001423645881, 0.0116675412282, 0.0359591506422, 0.041278000921, 0.0288542080671, 0.00892601255327, 0.00472234142944, 0.00579107133672, 0.00549536477774, 0.00557969789952, 0.0177783984691, 0.0634480565786, 0.0828702971339, 0.0321690067649, 0.00362132373266, 0.00123554852325, 0.00245796144009, 0.00840028002858, 0.0105719882995, 0.00614764587954, 0.00164215941913, 0.000986043713056, 0.00459436653182, 0.0170402210206, 0.0211502555758, 0.0451258718967, 0.117287732661], "min": [0, 0, 0, 0, 0, 0, 0, 0, 0, 0, 0, 0, 0, 0, 0, 0, 0, 0, 0, 0, 0, 0, 0, 0, 0, 0, 0, 0, 0, 0, 0, 0, 0, 0, 0, 0], "dvar2": [0.0736608505249, 0.0377145931125, 0.0270003713667, 0.0194206349552, 0.0354279465973, 0.0723466128111, 0.0966015979648, 0.0572012290359, 0.0288394521922, 0.028166834265, 0.0236624274403, 0.0621671415865, 0.0688287764788, 0.0340303592384, 0.0428840592504, 0.0496566146612, 0.0193632859737, 0.0174685884267, 0.0364645682275, 0.0188670735806, 0.054496627301, 0.0720846876502, 0.0282439161092, 0.0126583995298, 0.00793206878006, 0.00513441348448, 0.0287065785378, 0.0459684766829, 0.0159178376198, 0.0217978712171, 0.0217927470803, 0.00641026301309, 0.0200021769851, 0.0341623909771, 0.0342170856893, 0.0664759725332], "dvar": [0.0333445183933, 0.0151185998693, 0.0103971688077, 0.0082612298429, 0.013119620271, 0.0314003527164, 0.0457687787712, 0.0223905220628, 0.0112233823165, 0.0111756781116, 0.00898224953562, 0.0270175468177, 0.0319137461483, 0.0132566494867, 0.0181161686778, 0.0235334057361, 0.00820413976908, 0.00689625646919, 0.0159667730331, 0.00789208430797, 0.0241269674152, 0.0334630981088, 0.0124258473516, 0.00512865232304, 0.00353446579538, 0.00206028111279, 0.0125384544954, 0.0202874969691, 0.00637813657522, 0.00916727911681, 0.00986486114562, 0.00275823590346, 0.00876828283072, 0.0153138963506, 0.0132730938494, 0.0296133570373], "dmean": [0.11789830029, 0.0773820951581, 0.0328860282898, 0.0270067546517, 0.0576558485627, 0.129149883986, 0.12909424305, 0.105443775654, 0.0397845767438, 0.0298349149525, 0.0462071597576, 0.100808031857, 0.105959318578, 0.0651409998536, 0.0617977418005, 0.0634425207973, 0.0358241088688, 0.0318832583725, 0.0426322594285, 0.0450307503343, 0.0994222462177, 0.114890754223, 0.0597129762173, 0.0213530510664, 0.0133723467588, 0.0163176748902, 0.0479365326464, 0.058139231056, 0.0336445309222, 0.0242247041315, 0.0239452123642, 0.0184325072914, 0.03966319561, 0.0562193915248, 0.0753914043307, 0.118906334043], "max": [1, 1, 1, 1, 1, 1, 1, 1, 1, 1, 1, 1, 1, 1, 1, 1, 1, 0.959531009197, 1, 1, 1, 1, 1, 1, 1, 0.868795156479, 1, 1, 1, 1, 1, 1, 1, 1, 1, 1], "var": [0.153245866299, 0.0282324161381, 0.0144624439999, 0.0155572863296, 0.0140275927261, 0.101227104664, 0.180426493287, 0.0545941963792, 0.0214378125966, 0.0220478791744, 0.0125667667016, 0.0816874355078, 0.102897696197, 0.0211982745677, 0.0374424494803, 0.0554499253631, 0.0121570723131, 0.0116759836674, 0.0359757170081, 0.0146323023364, 0.0590196214616, 0.0959703996778, 0.0312797538936, 0.00806333683431, 0.0061800875701, 0.00284306984395, 0.029744900763, 0.0500446297228, 0.0107165416703, 0.0149798756465, 0.0199784357101, 0.00391778862104, 0.0194584559649, 0.0339107513428, 0.0236197356135, 0.137865543365], "mean": [0.347585707903, 0.117004945874, 0.0339787900448, 0.0315047428012, 0.058443646878, 0.285705476999, 0.408051937819, 0.192231222987, 0.0489765182137, 0.0402051322162, 0.0575233288109, 0.188996002078, 0.215762302279, 0.0920382142067, 0.0901398509741, 0.103819474578, 0.0451570376754, 0.0419786199927, 0.0653305947781, 0.0637231767178, 0.17523227632, 0.231027677655, 0.104263663292, 0.0261540599167, 0.0167852137238, 0.0193418823183, 0.0763007327914, 0.0986844673753, 0.0443976595998, 0.0312088970095, 0.0338508524001, 0.0220886319876, 0.0587986335158, 0.0822874978185, 0.112211972475, 0.324790745974]}, "tuning_equal_tempered_deviation": 0.09695161134, "chords_changes_rate": 0.0494450032711, "key_key": "A", "tuning_diatonic_strength": 0.629160344601, "key_scale": "major", "chords_number_rate": 0.00437268754467, "tuning_frequency": 450.544708252, "tuning_nontempered_energy_ratio": 0.768134176731, "chords_histogram": [33.1315155029, 0, 27.2452068329, 4.4735956192, 4.54086780548, 1.37907838821, 0, 0.302724510431, 2.28725194931, 0, 5.61722183228, 0, 0, 0, 0, 0.807265400887, 0, 1.17726206779, 0.403632700443, 4.67541217804, 1.74907505512, 1.51362264156, 4.13723516464, 6.55903148651], "key_strength": 0.712355792522, "chords_key": "A", "chords_strength": {"dmean2": 0.00708491681144, "median": 0.561644732952, "min": 0.312564581633, "dvar2": 4.75233100588e-05, "dvar": 5.80131199968e-05, "dmean": 0.00926692504436, "max": 0.761411011219, "var": 0.00802506878972, "mean": 0.560508489609}, "chords_scale": "major", "hpcp_entropy": {"dmean2": 0.86001265049, "median": 1.66925692558, "min": 0.0370428264141, "dvar2": 0.47384428978, "dvar": 0.181018307805, "dmean": 0.505149066448, "max": 3.74079942703, "var": 0.324169039726, "mean": 1.65378308296}}, "metadata": {"audio_properties": {"equal_loudness": 0, "codec": "flac", "downmix": "mix", "sample_rate": 44100, "analysis_sample_rate": 44100, "bit_rate": 0, "md5_encoded": "4b026e6fc700db293b00cb13b1a49813", "length": 138, "replay_gain": -6.50525856018, "lossless": true}, "version": {"essentia_build_sha": "2d9f1f26377add8aeb1075a9c2973f962c4f09fd", "essentia": "2.1-beta2", "extractor": "music 1.0", "essentia_git_sha": "v2.1_beta2-1-ge3940c0"}, "tags": {"title": ["12 Minuets, K. 585: No. 7 in A"], "barcode": ["028948300006"], "media": ["CD"], "albumartist": ["W.A. Mozart"], "tracktotal": ["35"], "musicbrainz_releasegroupid": ["f72954d9-0467-48d6-ab97-369faa02c825"], "releasetype": ["album", "compilation"], "musicbrainz_recordingid": ["08bdf448-1fd8-4053-aa7f-8c6b3c95cbbb"], "composer": ["Wolfgang Amadeus Mozart"], "originalyear": ["2016"], "musicbrainz_releasetrackid": ["5a3e45c6-0b90-41a8-86cf-d748ccb293cd"], "discnumber": ["72"], "totaldiscs": ["40"], "catalognumber": ["0289 483 0000 6"], "releasecountry": ["XE"], "file_name": "CD72 13 12 Minuets, K. 585_ No. 7 in A.flac", "musicbrainz_albumartistid": ["b972f589-fb0e-474e-b64a-803b0364fa75"], "albumartistsort": ["Mozart, Wolfgang Amadeus"], "date": ["2016-10-28"], "genre": ["Classical"], "disctotal": ["40"], "discsubtitle": ["Orchestral"], "releasestatus": ["official"], "musicbrainz_artistid": ["b972f589-fb0e-474e-b64a-803b0364fa75"], "originaldate": ["2016-10-28"], "musicbrainz_albumid": ["6956cd96-57da-4c55-a385-2ce4cce969c1"], "artist": ["Wolfgang Amadeus Mozart"], "tracknumber": ["13"], "artistsort": ["Mozart, Wolfgang Amadeus"], "album": ["The New Complete Edition"], "label": ["Deutsche Grammophon", "Decca Classics"], "isrc": ["GBBBA6671207"], "acoustid_id": ["853844e8-c3d3-4aa3-9227-afdd413b608e"], "script": ["Latn"], "totaltracks": ["35"]}}, "rhythm": {"bpm_histogram_first_peak_bpm": {"dmean2": 0, "median": 108, "min": 108, "dvar2": 0, "dvar": 0, "dmean": 0, "max": 108, "var": 0, "mean": 108}, "bpm": 107.284606934, "bpm_histogram_second_peak_spread": {"dmean2": 0, "median": 0.447761178017, "min": 0.447761178017, "dvar2": 0, "dvar": 0, "dmean": 0, "max": 0.447761178017, "var": 0, "mean": 0.447761178017}, "bpm_histogram_first_peak_weight": {"dmean2": 0, "median": 0.169960469007, "min": 0.169960469007, "dvar2": 0, "dvar": 0, "dmean": 0, "max": 0.169960469007, "var": 0, "mean": 0.169960469007}, "onset_rate": 1.49978899956, "beats_position": [0.46439909935, 0.940408170223, 1.40480720997, 1.86920630932, 2.33360528946, 2.7863945961, 3.25079369545, 3.70358276367, 4.15637159348, 4.59755086899, 5.05034017563, 5.51473903656, 5.97913837433, 6.43192720413, 6.87310647964, 7.31428575516, 7.8251247406, 8.33596324921, 8.84680271149, 9.35764122009, 9.8800907135, 10.4025392532, 10.9482088089, 11.4938774109, 11.9931058884, 12.4923353195, 13.0031747818, 13.5140132904, 14.0248527527, 14.5240812302, 15.0233106613, 15.5225391388, 16.0217685699, 16.5209980011, 17.0202255249, 17.5194549561, 18.0302944183, 18.5295238495, 19.0403633118, 19.5512008667, 20.062040329, 20.5728797913, 21.0837192535, 21.5945568085, 22.1053962708, 22.5930156708, 23.1038551331, 23.614692688, 24.1139221191, 24.6131515503, 25.1123809814, 25.6580486298, 26.2037181854, 26.7493877411, 27.2950553894, 27.8407249451, 28.3980045319, 28.9552822113, 29.5125617981, 30.0698413849, 30.6271190643, 31.1843986511, 31.7300682068, 32.2873458862, 32.8330154419, 33.3902931213, 33.9243545532, 34.4584121704, 35.0040817261, 35.5381393433, 36.0722007751, 36.6062583923, 37.1403160095, 37.7324256897, 38.3245353699, 38.8818130493, 39.4507026672, 40.0195922852, 40.5652618408, 41.099319458, 41.6565971375, 42.2138786316, 42.7595443726, 43.3052139282, 43.8624954224, 44.4197731018, 44.9770507813, 45.5227203369, 46.0683898926, 46.625667572, 47.1829452515, 47.7518348694, 48.297504425, 48.8431739807, 49.4120635986, 49.9693412781, 50.573059082, 51.1767807007, 51.7804985046, 52.3609962463, 52.941493988, 53.510383606, 54.0792732239, 54.6481628418, 55.2054405212, 55.7743301392, 56.3316078186, 56.8888893127, 57.4461669922, 57.9918365479, 58.5491142273, 59.094783783, 59.6404533386, 60.1977310181, 60.7550086975, 61.3122901917, 61.8695678711, 62.4152374268, 62.9609069824, 63.5065765381, 64.0754623413, 64.6443557739, 65.2132415771, 65.7937393188, 66.3742370605, 66.9547348022, 67.5468444824, 68.1273422241, 68.7078475952, 69.2883453369, 69.8456192017, 70.4029006958, 70.9601821899, 71.5058517456, 72.0515213013, 72.608795166, 73.1544647217, 73.7117462158, 74.280632019, 74.8379135132, 75.3951950073, 75.9524688721, 76.4981384277, 77.0554199219, 77.6126937866, 78.1699752808, 78.7620849609, 79.3425827026, 79.9230804443, 80.503578186, 81.0840835571, 81.6529693604, 82.2218551636, 82.7907485962, 83.3596343994, 83.9169158936, 84.4741897583, 85.0662994385, 85.6700210571, 86.2621307373, 86.8542404175, 87.4463500977, 88.0268478394, 88.5957336426, 89.1762313843, 89.7567367554, 90.3256225586, 90.9061203003, 91.4750061035, 92.0438995361, 92.6243972778, 93.2048950195, 93.8086166382, 94.4007263184, 94.9928359985, 95.5384979248, 96.0841674805, 96.6414489746, 97.1987304688, 97.7444000244, 98.2900695801, 98.8473434448, 99.404624939, 99.9735107422, 100.542404175, 101.134513855, 101.726615906, 102.307121277, 102.899223328, 103.491333008, 104.071838379, 104.652336121, 105.244445801, 105.84815979, 106.463493347, 106.997550964, 107.485168457, 107.984397888, 108.472015381, 108.843536377, 109.215057373, 109.574966431, 109.934875488, 110.318000793, 110.701133728, 111.084259033, 111.455780029, 111.862129211, 112.268478394, 112.651611328, 113.127616882, 113.592018127, 114.056411743, 114.578865051, 115.124534607, 115.658592224, 116.20426178, 116.749931335, 117.295600891, 117.841270447, 118.375328064, 118.92099762, 119.455055237, 120.000724792, 120.53478241, 121.068840027, 121.602897644, 122.183395386, 122.763900757, 123.344398499, 123.92489624, 124.505393982, 125.097503662, 125.689613342, 126.270111084, 126.850608826, 127.431106567, 128.011611938, 128.580490112, 129.160995483, 129.729888916, 130.310379028, 130.890884399, 131.471374512, 132.051879883, 132.632385254, 133.224487305, 133.816589355, 134.397094727, 134.989196777, 135.581314087, 136.185028076, 136.777145386, 137.369247437], "beats_loudness": {"dmean2": 0.0201574079692, "median": 0.00855011679232, "min": 2.06390211588e-07, "dvar2": 0.000822670815978, "dvar": 0.000298887927784, "dmean": 0.0119389370084, "max": 0.116293944418, "var": 0.000515494553838, "mean": 0.0189242251217}, "danceability": 0.797813534737, "bpm_histogram_second_peak_weight": {"dmean2": 0, "median": 0.146245062351, "min": 0.146245062351, "dvar2": 0, "dvar": 0, "dmean": 0, "max": 0.146245062351, "var": 0, "mean": 0.146245062351}, "beats_count": 254, "bpm_histogram_second_peak_bpm": {"dmean2": 0, "median": 103, "min": 103, "dvar2": 0, "dvar": 0, "dmean": 0, "max": 103, "var": 0, "mean": 103}, "bpm_histogram_first_peak_spread": {"dmean2": 0, "median": 0.638655483723, "min": 0.638655483723, "dvar2": 0, "dvar": 0, "dmean": 0, "max": 0.638655483723, "var": 0, "mean": 0.638655483723}, "beats_loudness_band_ratio": {"dmean2": [0.26797452569, 0.161386057734, 0.477257221937, 0.334034949541, 0.0779808908701, 0.0165358558297], "median": [0.052236776799, 0.0665293857455, 0.446718454361, 0.19981174171, 0.0419563390315, 0.00520853884518], "min": [0.000271411903668, 5.21918154845e-05, 0.00350572844036, 0.000635952805169, 9.18882069527e-05, 4.52936328657e-05], "dvar2": [0.0849488154054, 0.0294531807303, 0.112652651966, 0.0720564201474, 0.00980116333812, 0.000871794240084], "dvar": [0.0356082357466, 0.0103710247204, 0.0369888842106, 0.0246819928288, 0.00364045496099, 0.000350787187926], "dmean": [0.150224775076, 0.0926877483726, 0.269780606031, 0.192334249616, 0.0458764061332, 0.00999349635094], "max": [0.937701463699, 0.519908487797, 0.922785460949, 0.897384762764, 0.364809811115, 0.180940762162], "var": [0.0447850525379, 0.0123714469373, 0.059732530266, 0.0410144366324, 0.00377807463519, 0.000315084325848], "mean": [0.142354235053, 0.106128916144, 0.44734737277, 0.253954052925, 0.0601125098765, 0.0114316269755]}}, "lowlevel": {"barkbands_spread": {"dmean2": 3.80185461044, "median": 10.3311462402, "min": 0.70511585474, "dvar2": 23.5721969604, "dvar": 9.29995727539, "dmean": 2.53283286095, "max": 77.4017791748, "var": 36.9064407349, "mean": 11.1371068954}, "melbands_spread": {"dmean2": 5.71387243271, "median": 14.9789190292, "min": 0.720469653606, "dvar2": 37.094203949, "dvar": 16.3236045837, "dmean": 3.88690018654, "max": 90.2193984985, "var": 86.9820251465, "mean": 16.3369197845}, "hfc": {"dmean2": 3.6474378109, "median": 4.24424123764, "min": 3.88958909525e-08, "dvar2": 43.016002655, "dvar": 18.8718013763, "dmean": 2.54636001587, "max": 113.558677673, "var": 174.88999939, "mean": 10.5267705917}, "barkbands_kurtosis": {"dmean2": 3.79111886024, "median": 1.21993291378, "min": -1.82502710819, "dvar2": 160.368759155, "dvar": 54.1534957886, "dmean": 2.43549537659, "max": 214.352859497, "var": 97.5595855713, "mean": 3.56737208366}, "gfcc": {"mean": [-132.702682495, 130.991165161, -150.008300781, -6.11957836151, -48.5117225647, -13.4530334473, -24.0502910614, 1.80543231964, -15.2623157501, 0.485944837332, -8.78811073303, -3.52336549759, -14.1674728394], "icov": [[0.000568769872189, -0.00138573208824, 0.0011389387073, -0.00136397732422, 0.00231444044039, -0.00141682708636, 0.00159544125199, -0.00134646776132, 0.00172136491165, -0.000823997717816, 0.000474429369206, -0.000517717155162, 0.000859999796376], [-0.00138573208824, 0.00519466819242, -0.00322861666791, 0.00399991404265, -0.00696685677394, 0.00530136795714, -0.00492436345667, 0.00537239108235, -0.00490778544918, 0.00470238411799, -0.00361335207708, 0.00355700473301, -0.0032908138819], [0.0011389387073, -0.00322861666791, 0.00319932913408, -0.00298077776097, 0.0042763017118, -0.00346318027005, 0.00399586837739, -0.00303757772781, 0.00377437728457, -0.0024402809795, 0.00248429505154, -0.00209097610787, 0.00211977725849], [-0.00136397732422, 0.00399991404265, -0.00298077776097, 0.00692166574299, -0.00617987290025, 0.00248769135214, -0.00290580093861, 0.0032416540198, -0.00370240677148, 0.00307314051315, -0.00153255090117, 0.00207029655576, -0.00149975763634], [0.00231444044039, -0.00696685677394, 0.0042763017118, -0.00617987290025, 0.0175008438528, -0.00938584003597, 0.00323308072984, -0.0035066944547, 0.0048277406022, -0.00428514322266, 0.00446492386982, -0.00237148953602, 0.0040170494467], [-0.00141682708636, 0.00530136795714, -0.00346318027005, 0.00248769135214, -0.00938584003597, 0.0142673905939, -0.0082406308502, 0.00260861520655, -0.00183099485002, 0.0033518045675, -0.00223793578334, 0.00156839494593, -0.000119126954814], [0.00159544125199, -0.00492436345667, 0.00399586837739, -0.00290580093861, 0.00323308072984, -0.0082406308502, 0.0182918608189, -0.00931350048631, 0.00373764312826, -0.00285100424662, 0.00104462506715, -0.00161468028091, 0.000823899114039], [-0.00134646776132, 0.00537239108235, -0.00303757772781, 0.0032416540198, -0.0035066944547, 0.00260861520655, -0.00931350048631, 0.0212119631469, -0.0147971473634, 0.00664140004665, -0.000782264280133, 0.00168186589144, -0.00186720199417], [0.00172136491165, -0.00490778544918, 0.00377437728457, -0.00370240677148, 0.0048277406022, -0.00183099485002, 0.00373764312826, -0.0147971473634, 0.0242637656629, -0.0151824727654, 0.00534970220178, -0.00230604177341, 0.00306331855245], [-0.000823997717816, 0.00470238411799, -0.0024402809795, 0.00307314051315, -0.00428514322266, 0.0033518045675, -0.00285100424662, 0.00664140004665, -0.0151824727654, 0.0301260594279, -0.0177301522344, 0.0078907655552, -0.00285323872231], [0.000474429369206, -0.00361335207708, 0.00248429505154, -0.00153255090117, 0.00446492386982, -0.00223793578334, 0.00104462506715, -0.000782264280133, 0.00534970220178, -0.0177301522344, 0.0267234090716, -0.0145491110161, 0.00683092093095], [-0.000517717155162, 0.00355700473301, -0.00209097610787, 0.00207029655576, -0.00237148953602, 0.00156839494593, -0.00161468028091, 0.00168186589144, -0.00230604177341, 0.0078907655552, -0.0145491110161, 0.0249956324697, -0.0121998637915], [0.000859999796376, -0.0032908138819, 0.00211977725849, -0.00149975763634, 0.0040170494467, -0.000119126954814, 0.000823899114039, -0.00186720199417, 0.00306331855245, -0.00285323872231, 0.00683092093095, -0.0121998637915, 0.0173716247082]], "cov": [[14782.2138672, 680.574157715, -2385.05712891, 389.556793213, -1096.63513184, -457.368682861, -661.00390625, -414.01675415, -602.937988281, -169.966369629, 259.443328857, 7.45767641068, -59.2889251709], [680.574157715, 1604.39379883, 408.563049316, -257.279998779, 164.233337402, -224.697860718, -16.3905906677, -248.030136108, -106.931152344, -101.571846008, 6.85912418365, -34.5084686279, 108.011260986], [-2385.05712891, 408.563049316, 1629.55737305, 139.793045044, 214.599624634, 113.622299194, -27.3991165161, -63.2261619568, -78.4061431885, -91.9890213013, -129.86605835, -28.6840171814, -16.0096149445], [389.556793213, -257.279998779, 139.793045044, 393.127349854, 40.2323493958, 114.245552063, -12.4171590805, 20.1206951141, -30.3663444519, -28.2897701263, -41.3282051086, -29.0908298492, -60.3806304932], [-1096.63513184, 164.233337402, 214.599624634, 40.2323493958, 274.464385986, 116.015098572, 102.942230225, 16.1266784668, 32.9919891357, -12.4112062454, -45.0570487976, -35.1783790588, -17.9766407013], [-457.368682861, -224.697860718, 113.622299194, 114.245552063, 116.015098572, 230.797607422, 86.9806060791, 63.4463729858, 13.9853553772, -6.82515335083, -33.2705154419, -20.6170520782, -51.4590797424], [-661.00390625, -16.3905906677, -27.3991165161, -12.4171590805, 102.942230225, 86.9806060791, 162.252792358, 79.9166564941, 68.0536117554, 17.4164447784, -8.74947452545, -8.56496143341, -2.13800215721], [-414.01675415, -248.030136108, -63.2261619568, 20.1206951141, 16.1266784668, 63.4463729858, 79.9166564941, 163.799514771, 106.413642883, 32.759979248, -12.6963644028, -5.68352603912, -18.898771286], [-602.937988281, -106.931152344, -78.4061431885, -30.3663444519, 32.9919891357, 13.9853553772, 68.0536117554, 106.413642883, 162.416168213, 73.2440948486, 12.3960390091, -7.35374689102, -9.43384361267], [-169.966369629, -101.571846008, -91.9890213013, -28.2897701263, -12.4112062454, -6.82515335083, 17.4164447784, 32.759979248, 73.2440948486, 100.594436646, 56.2107543945, 6.2996711731, -10.5987348557], [259.443328857, 6.85912418365, -129.86605835, -41.3282051086, -45.0570487976, -33.2705154419, -8.74947452545, -12.6963644028, 12.3960390091, 56.2107543945, 104.369041443, 41.8185081482, 5.35032320023], [7.45767641068, -34.5084686279, -28.6840171814, -29.0908298492, -35.1783790588, -20.6170520782, -8.56496143341, -5.68352603912, -7.35374689102, 6.2996711731, 41.8185081482, 89.1113510132, 50.3401603699], [-59.2889251709, 108.011260986, -16.0096149445, -60.3806304932, -17.9766407013, -51.4590797424, -2.13800215721, -18.898771286, -9.43384361267, -10.5987348557, 5.35032320023, 50.3401603699, 112.748474121]]}, "spectral_energyband_middle_low": {"dmean2": 0.0028146696277, "median": 0.00287727918476, "min": 9.06769017511e-12, "dvar2": 2.48123469646e-05, "dvar": 1.71621250047e-05, "dmean": 0.00228288304061, "max": 0.117568947375, "var": 0.000202064635232, "mean": 0.00935502070934}, "melbands_crest": {"dmean2": 4.64378452301, "median": 14.7838258743, "min": 4.21854496002, "dvar2": 17.4403381348, "dvar": 7.81744384766, "dmean": 3.07276582718, "max": 37.316696167, "var": 35.2211914063, "mean": 15.765625}, "spectral_kurtosis": {"dmean2": 8.66149044037, "median": 10.545375824, "min": -1.19162631035, "dvar2": 77.2061691284, "dvar": 26.3550167084, "dmean": 4.9712896347, "max": 116.301277161, "var": 137.336593628, "mean": 14.2934427261}, "spectral_rms": {"dmean2": 0.000488872407004, "median": 0.00237141619436, "min": 2.02201320576e-07, "dvar2": 3.08049095565e-07, "dvar": 1.73902137135e-07, "dmean": 0.000375018833438, "max": 0.0113043952733, "var": 5.10557129019e-06, "mean": 0.00307055795565}, "zerocrossingrate": {"dmean2": 0.00565668428317, "median": 0.041015625, "min": 0, "dvar2": 5.86013702559e-05, "dvar": 3.39929247275e-05, "dmean": 0.00469247810543, "max": 0.2763671875, "var": 0.00029975126381, "mean": 0.0429897755384}, "silence_rate_60dB": {"dmean2": 0.0996129885316, "median": 0, "min": 0, "dvar2": 0.0997910052538, "dvar": 0.0473181568086, "dmean": 0.0497981160879, "max": 1, "var": 0.234981670976, "mean": 0.377460062504}, "erbbands_kurtosis": {"dmean2": 2.08782625198, "median": 0.40062558651, "min": -1.6311955452, "dvar2": 7.02399730682, "dvar": 3.55583405495, "dmean": 1.38069081306, "max": 53.508441925, "var": 10.8746347427, "mean": 1.38225281239}, "erbbands": {"dmean2": [0.00113455369137, 0.0418723933399, 0.503704965115, 0.57962334156, 0.445936948061, 1.76595878601, 3.37574195862, 2.78843402863, 14.1880140305, 39.4758987427, 10.7108879089, 7.43778133392, 12.297504425, 26.7051105499, 27.5093040466, 53.361289978, 27.533744812, 14.8486318588, 8.78012466431, 7.2863612175, 11.6302185059, 11.5561418533, 6.25308990479, 3.2337038517, 4.70382928848, 1.34308683872, 1.24516117573, 0.34439176321, 0.327675670385, 0.116117693484, 0.0806741639972, 0.0310371350497, 0.0202640797943, 0.0086069740355, 0.00369117408991, 0.00148422818165, 0.000515720283147, 9.38293014769e-05, 1.40528572956e-05, 5.1825763876e-06], "median": [0.000564806978218, 0.0168768428266, 0.108401484787, 0.236744046211, 0.285115540028, 0.58859705925, 1.02752125263, 1.51124060154, 5.65439605713, 17.9436073303, 7.60414600372, 3.73512744904, 3.94571018219, 7.11426210403, 8.1863079071, 7.63513708115, 5.32053995132, 2.74375963211, 2.52520442009, 2.73599696159, 2.85452842712, 2.76216936111, 1.432264328, 0.746001899242, 0.633320569992, 0.440178245306, 0.19275200367, 0.0821447372437, 0.045283343643, 0.0199177004397, 0.00976774003357, 0.0035838438198, 0.00234796223231, 0.00111575180199, 0.000590170442592, 0.00022935650486, 8.37969419081e-05, 2.9255868867e-05, 9.9541966847e-06, 7.41856320019e-06], "min": [5.07292929885e-10, 2.42631403857e-09, 6.22672802209e-09, 9.62217772127e-09, 9.55796419788e-09, 6.00116223382e-09, 4.35884750516e-09, 8.50875103708e-09, 1.24324488482e-08, 1.16544311979e-08, 1.64361058097e-08, 2.52830734127e-08, 2.41409967572e-08, 1.53656696256e-08, 3.42767836337e-09, 6.23629681229e-09, 7.69761054897e-09, 5.23764409621e-09, 9.89011095243e-09, 1.78310415322e-08, 1.26140440315e-08, 9.01486707505e-09, 1.16747846945e-08, 3.8256868784e-09, 7.27405424783e-09, 5.3571724834e-09, 2.0422139535e-09, 4.53990534055e-09, 2.83066947659e-09, 5.76691716603e-09, 4.99441066282e-09, 3.05925307309e-09, 1.41797962261e-09, 2.08778816457e-09, 1.30100508144e-09, 1.56852808519e-09, 1.30501975892e-09, 6.28515961498e-10, 9.06871452933e-11, 1.37412893564e-11], "dvar2": [5.83322344028e-06, 0.0113108716905, 2.70555901527, 3.00809907913, 0.899367332458, 15.8233766556, 58.3190002441, 81.8348083496, 986.661560059, 8599.70703125, 331.78137207, 348.509521484, 1418.17163086, 6217.31640625, 4309.72314453, 28274.7675781, 5758.77246094, 4727.60791016, 495.056915283, 394.555114746, 895.507324219, 1175.32714844, 314.564544678, 90.9679336548, 150.917709351, 20.4011516571, 13.1436185837, 0.747909247875, 1.24864554405, 0.1252284199, 0.056143078953, 0.00807002093643, 0.00314005627297, 0.000797012238763, 9.73315763986e-05, 1.98838679353e-05, 2.54734391092e-06, 7.54613651566e-08, 1.29425703488e-09, 7.30688773376e-11], "dvar": [3.20847993862e-06, 0.00711109070107, 1.99511253834, 1.73285007477, 0.4507599473, 7.18878030777, 40.9979667664, 71.3982543945, 634.544677734, 6251.41845703, 198.271896362, 157.170715332, 578.771240234, 2344.49755859, 1887.17700195, 11240.0439453, 2721.19189453, 2112.69506836, 179.137390137, 146.879592896, 318.061981201, 452.889465332, 116.22756958, 31.9194030762, 56.286403656, 7.3602976799, 4.73181915283, 0.284405887127, 0.439289927483, 0.0475170761347, 0.021342150867, 0.00323463487439, 0.00122573843691, 0.000326405395754, 4.20353753725e-05, 8.0898980741e-06, 1.01077273484e-06, 3.18271844435e-08, 5.39251865384e-10, 4.01264056704e-11], "dmean": [0.000814277736936, 0.0326413437724, 0.436244726181, 0.454372674227, 0.326565474272, 1.26602673531, 2.82807779312, 2.36547708511, 11.3344011307, 32.0247535706, 8.12601947784, 5.03473377228, 8.27443408966, 16.896604538, 18.011089325, 34.1616096497, 18.7900123596, 9.78651714325, 5.40158557892, 4.42565727234, 6.91917419434, 7.08422040939, 3.79133081436, 1.94660615921, 2.85582518578, 0.820101201534, 0.742035925388, 0.211847379804, 0.198476999998, 0.0719484612346, 0.0506326779723, 0.0197119116783, 0.0125373825431, 0.00561874220148, 0.00239629647695, 0.000942197395489, 0.000327197019942, 6.05876266491e-05, 9.32089915295e-06, 3.90723744204e-06], "max": [0.0895329266787, 2.50885796547, 42.6842765808, 58.1617698669, 13.4332818985, 59.3059005737, 170.876480103, 369.466705322, 840.995361328, 2455.8828125, 311.237884521, 415.265411377, 848.987915039, 1118.38183594, 1079.5916748, 2128.84716797, 1432.01013184, 1520.46105957, 330.944732666, 398.08505249, 326.408599854, 596.676391602, 290.455993652, 167.115631104, 144.986480713, 93.1991043091, 58.9159393311, 12.5023851395, 15.2446546555, 5.89795541763, 3.32709646225, 1.16372609138, 0.899441719055, 0.773089706898, 0.158870950341, 0.107230350375, 0.0227934531868, 0.00491005228832, 0.000559249368962, 0.000161000425578], "var": [2.69227439276e-05, 0.0307921674103, 8.99523639679, 9.48164272308, 3.14109063148, 40.5812149048, 279.779022217, 460.404632568, 6689.24267578, 56669.5898438, 1352.0435791, 326.244598389, 1065.53210449, 3860.87158203, 3900.6809082, 21197.0039063, 7574.13574219, 4037.68432617, 379.328125, 262.954956055, 663.792114258, 825.171936035, 217.854095459, 72.751914978, 150.892730713, 15.1065893173, 10.833694458, 1.09586846828, 1.29456698895, 0.125595241785, 0.0670722350478, 0.0140307340771, 0.00460648769513, 0.00115331937559, 0.000210450656596, 3.28609821736e-05, 4.76403056382e-06, 1.91061445776e-07, 4.46223413775e-09, 6.08188666096e-10], "mean": [0.00206566299312, 0.0787500068545, 1.07456493378, 1.17250394821, 1.06211543083, 3.47896242142, 7.84046554565, 7.1208987236, 38.8739624023, 100.073684692, 21.6357975006, 9.53525543213, 14.5853023529, 26.6079063416, 31.6765632629, 55.6632156372, 33.1516532898, 15.8664579391, 10.1622009277, 7.92154836655, 11.5675106049, 11.9449682236, 7.07196712494, 4.07388925552, 5.74961090088, 1.77508342266, 1.52267992496, 0.543684780598, 0.430475264788, 0.164896726608, 0.117312386632, 0.0532607510686, 0.0322134420276, 0.0152204474434, 0.00712809199467, 0.0027060622815, 0.000968328327872, 0.000213393417653, 4.00319368055e-05, 1.96112105186e-05]}, "spectral_strongpeak": {"dmean2": 0.821002244949, "median": 0.961665034294, "min": 0, "dvar2": 1.56208884716, "dvar": 0.666698276997, "dmean": 0.525574028492, "max": 10.8156433105, "var": 1.97899878025, "mean": 1.42664051056}, "spectral_energy": {"dmean2": 0.00429393909872, "median": 0.00576420500875, "min": 4.19075052438e-11, "dvar2": 5.14570056112e-05, "dvar": 2.88801475108e-05, "dmean": 0.00325218471698, "max": 0.130984097719, "var": 0.000372899492504, "mean": 0.0148971676826}, "average_loudness": 0.204398348927, "spectral_rolloff": {"dmean2": 356.591156006, "median": 1119.7265625, "min": 21.533203125, "dvar2": 234703, "dvar": 100276.210938, "dmean": 206.867706299, "max": 4371.24023438, "var": 326070.34375, "mean": 1143.38024902}, "spectral_centroid": {"dmean2": 202.703704834, "median": 946.566711426, "min": 149.757980347, "dvar2": 61043.2265625, "dvar": 34502.9648438, "dmean": 137.366958618, "max": 11037.5566406, "var": 200817.40625, "mean": 1015.85131836}, "pitch_salience": {"dmean2": 0.0906223878264, "median": 0.461045056581, "min": 0.0868816226721, "dvar2": 0.00606359634548, "dvar": 0.00262848078273, "dmean": 0.058740708977, "max": 0.777634441853, "var": 0.00941738858819, "mean": 0.460341185331}, "spectral_energyband_middle_high": {"dmean2": 0.00255564763211, "median": 0.00188624439761, "min": 2.15793789088e-12, "dvar2": 2.60922242887e-05, "dvar": 1.064576918e-05, "dmean": 0.00167400809005, "max": 0.0771556347609, "var": 3.31830051437e-05, "mean": 0.00415185885504}, "spectral_contrast_coeffs": {"dmean2": [0.0635798573494, 0.0618143640459, 0.0591235160828, 0.0487821400166, 0.034757155925, 0.020516583696], "median": [-0.635619580746, -0.655640184879, -0.681783795357, -0.708478033543, -0.735999166965, -0.752063930035], "min": [-0.988632678986, -0.962710022926, -0.967254221439, -0.969367444515, -0.955023705959, -0.960378170013], "dvar2": [0.002750499174, 0.00259226839989, 0.0022484716028, 0.00143172324169, 0.000743732322007, 0.000267718598479], "dvar": [0.00104903860483, 0.00112809799612, 0.000927175278775, 0.000605893845204, 0.000310599250952, 0.000112021094537], "dmean": [0.0395552255213, 0.0402639061213, 0.0373697206378, 0.0309681463987, 0.0220443028957, 0.0130036175251], "max": [-0.349004089832, -0.353407114744, -0.413055360317, -0.481177806854, -0.532561182976, -0.597090601921], "var": [0.0113738561049, 0.0100778555498, 0.00620536180213, 0.00593796465546, 0.00525659928098, 0.00255557894707], "mean": [-0.636057913303, -0.651921153069, -0.687276661396, -0.712027311325, -0.735703408718, -0.757010579109]}, "melbands_skewness": {"dmean2": 0.809759914875, "median": 1.2340773344, "min": -2.59124827385, "dvar2": 1.2660176754, "dvar": 0.501669168472, "dmean": 0.551979959011, "max": 23.6965656281, "var": 2.98856925964, "mean": 1.4417744875}, "spectral_spread": {"dmean2": 330685.5625, "median": 2376778.75, "min": 846950.125, "dvar2": 227657416704, "dvar": 191843647488, "dmean": 206221.734375, "max": 39686112, "var": 1602788917250.0, "mean": 2535570}, "dissonance": {"dmean2": 0.0538607798517, "median": 0.426446467638, "min": 0.112510122359, "dvar2": 0.00227874633856, "dvar": 0.00084780092584, "dmean": 0.03238260746, "max": 0.499947369099, "var": 0.00213666190393, "mean": 0.42082208395}, "spectral_skewness": {"dmean2": 0.693703472614, "median": 2.14056682587, "min": -0.0104302465916, "dvar2": 0.385318517685, "dvar": 0.132475078106, "dmean": 0.402539968491, "max": 8.60230350494, "var": 1.00528740883, "mean": 2.43546462059}, "spectral_flux": {"dmean2": 0.0175206270069, "median": 0.0314121320844, "min": 0.00014895365166, "dvar2": 0.00040414193063, "dvar": 0.000140688338433, "dmean": 0.0103660160676, "max": 0.224722325802, "var": 0.000727351056412, "mean": 0.0380140542984}, "spectral_contrast_valleys": {"dmean2": [0.632357895374, 0.484417587519, 0.422284126282, 0.365349948406, 0.265699446201, 0.195442974567], "median": [-8.89361763, -7.43707132339, -8.21397972107, -8.94464206696, -9.24167633057, -12.8276691437], "min": [-27.6594352722, -27.1944885254, -27.256193161, -27.0280418396, -27.3367977142, -27.2361698151], "dvar2": [0.287292659283, 0.178396999836, 0.139342457056, 0.114209838212, 0.0744571760297, 0.0537061095238], "dvar": [0.127096518874, 0.091617166996, 0.0762393921614, 0.0649326220155, 0.0536640658975, 0.0389707535505], "dmean": [0.382706284523, 0.305468201637, 0.263204574585, 0.230603531003, 0.178806468844, 0.130094006658], "max": [-6.48190355301, -5.42334604263, -6.0923705101, -7.08925914764, -7.49985408783, -10.4957284927], "var": [1.28814017773, 1.74348390102, 1.64177882671, 1.28371834755, 1.24843680859, 0.834276795387], "mean": [-9.04695510864, -7.74476957321, -8.46701622009, -9.1961145401, -9.38092517853, -12.7164344788]}, "erbbands_flatness_db": {"dmean2": 0.0243572592735, "median": 0.258012443781, "min": 0.0179808996618, "dvar2": 0.000438249844592, "dvar": 0.000219718320295, "dmean": 0.0170302465558, "max": 0.433938354254, "var": 0.00284904660657, "mean": 0.256318449974}, "spectral_energyband_high": {"dmean2": 3.31160590576e-05, "median": 1.00763509181e-05, "min": 2.17630362516e-12, "dvar2": 6.54653087295e-09, "dvar": 2.42360953528e-09, "dmean": 2.02208484552e-05, "max": 0.00112609367352, "var": 1.17003224887e-08, "mean": 6.07044821663e-05}, "spectral_entropy": {"dmean2": 0.190608590841, "median": 6.70548963547, "min": 4.99104833603, "dvar2": 0.0272887516767, "dvar": 0.0141359753907, "dmean": 0.134658232331, "max": 9.79586982727, "var": 0.172574594617, "mean": 6.6744184494}, "silence_rate_20dB": {"dmean2": 0, "median": 1, "min": 1, "dvar2": 0, "dvar": 0, "dmean": 0, "max": 1, "var": 0, "mean": 1}, "melbands_flatness_db": {"dmean2": 0.0257608406246, "median": 0.259841769934, "min": 0.0834092348814, "dvar2": 0.000588373339269, "dvar": 0.000285631685983, "dmean": 0.0184282548726, "max": 0.566950440407, "var": 0.00473296362907, "mean": 0.268101096153}, "barkbands": {"dmean2": [3.80914485731e-07, 0.00011655005801, 0.000564449757803, 0.000133521389216, 0.000457260844996, 0.000328968366375, 0.001842308091, 0.000926816719584, 0.000366938591469, 0.000701936078258, 0.0004559274239, 0.00130734138656, 0.000471658975584, 0.000279450294329, 0.000145359692397, 0.000228435950703, 0.000217576714931, 0.000131590466481, 9.02705796761e-05, 2.25315907301e-05, 2.07429620787e-05, 8.9616405603e-06, 2.43808744926e-06, 1.18091963941e-06, 5.79426171043e-07, 2.73447341215e-07, 7.28057685251e-08], "median": [2.65039489022e-07, 4.14657006331e-05, 8.69667856023e-05, 4.95076092193e-05, 0.000160822019097, 0.000146460530232, 0.000883260567207, 0.000442440476036, 0.000129060295876, 0.000164373224834, 9.73795176833e-05, 0.000104665879917, 5.05305324623e-05, 4.21590448241e-05, 3.17850208376e-05, 5.80216292292e-05, 3.75278723368e-05, 2.29394936468e-05, 1.1693749002e-05, 6.81765004629e-06, 3.18391630572e-06, 1.22627704968e-06, 3.71774120822e-07, 1.33937206215e-07, 9.14134403729e-08, 4.65813592143e-08, 4.91447877948e-08], "min": [1.01370066855e-11, 1.28042663278e-11, 5.62933553938e-12, 3.22940632569e-12, 2.11144535016e-12, 8.87677735137e-13, 8.55691548434e-13, 6.2065690044e-13, 1.12001087658e-12, 6.72343040617e-13, 1.34177960626e-13, 1.3388201409e-13, 1.70713825563e-13, 1.06599557198e-13, 2.76978120344e-13, 2.77807697636e-13, 1.20079361493e-13, 1.83287806048e-13, 9.4833408975e-14, 1.35887869425e-13, 7.67885714324e-14, 1.1145656609e-13, 1.80830800637e-13, 1.07657013458e-13, 1.84576773353e-13, 6.83583723481e-13, 8.40855109065e-13], "dvar2": [3.06555236924e-13, 8.52789057149e-08, 3.59719001608e-06, 1.11251431179e-07, 9.85317342383e-07, 8.95064715678e-07, 1.34260990308e-05, 3.30790931002e-06, 1.10109897378e-06, 3.52458619091e-06, 9.98083578452e-07, 1.97884055524e-05, 2.17301021621e-06, 1.51045480834e-06, 1.59289555768e-07, 3.10005646043e-07, 4.23130131821e-07, 1.45565280718e-07, 4.8922778717e-08, 5.189470631e-09, 3.27263527389e-09, 6.60281662679e-10, 4.662738598e-11, 1.05094474789e-11, 2.78552636686e-12, 6.44749932697e-13, 3.4194472747e-14], "dvar": [9.79835583872e-14, 4.31395967837e-08, 2.51314759225e-06, 5.42796385616e-08, 5.37398022971e-07, 8.39557912968e-07, 8.1635071183e-06, 2.55512486547e-06, 4.4545939204e-07, 1.35427978876e-06, 4.61648170358e-07, 7.96839140094e-06, 1.07979894892e-06, 6.703749591e-07, 5.68469396001e-08, 1.11347084442e-07, 1.58824519758e-07, 5.27099004444e-08, 1.76715442279e-08, 1.91363924706e-09, 1.17551557377e-09, 2.43278813761e-10, 1.74660303581e-11, 4.19372609556e-12, 1.22701382475e-12, 2.57728951028e-13, 1.41709738629e-14], "dmean": [2.25025829081e-07, 8.48065465107e-05, 0.000484353193315, 9.83756108326e-05, 0.000345418986399, 0.000279975385638, 0.001468472532, 0.000739891082048, 0.000247432326432, 0.00045218897867, 0.000301166903228, 0.00083080137847, 0.000328321504639, 0.000181541385246, 8.86143243406e-05, 0.000136878952617, 0.000132819885039, 7.85355441622e-05, 5.41200533917e-05, 1.38640716614e-05, 1.23617801364e-05, 5.55523502044e-06, 1.53006988057e-06, 7.53710764911e-07, 3.83034688411e-07, 1.75470049157e-07, 4.75775685516e-08], "max": [6.59575925965e-06, 0.00506861833856, 0.0483016222715, 0.00746032036841, 0.0197195038199, 0.0385160185397, 0.067557670176, 0.0501532405615, 0.0210840236396, 0.0251157954335, 0.016191508621, 0.0724865347147, 0.037196662277, 0.0267499070615, 0.00642746407539, 0.00765195395797, 0.00918665807694, 0.00585218984634, 0.00209097168408, 0.00137593294494, 0.000889420334715, 0.000274767779047, 0.00010522564844, 3.70600319002e-05, 4.53597713204e-05, 1.30024554892e-05, 2.9928476124e-06], "var": [1.61289127128e-13, 1.76100925842e-07, 1.15032653412e-05, 2.93131733997e-07, 3.77788592232e-06, 5.47079980606e-06, 7.05112324795e-05, 2.44737238972e-05, 8.40293637339e-07, 2.36692494582e-06, 1.11440829187e-06, 1.42822700582e-05, 3.76029493054e-06, 1.28192789361e-06, 1.04138784707e-07, 1.99351205765e-07, 2.97419944673e-07, 8.70817160603e-08, 4.92086194015e-08, 4.03689437434e-09, 2.95434054998e-09, 7.56425588833e-10, 5.62297951257e-11, 2.0785501792e-11, 6.18250112563e-12, 1.39148068068e-12, 1.23814722581e-13], "mean": [3.80245325005e-07, 0.000193352956558, 0.00117667205632, 0.000246449752012, 0.00102426472586, 0.000771655410063, 0.00469360360876, 0.0020707026124, 0.000433794135461, 0.000718007737305, 0.000493260275107, 0.00131774728652, 0.000590429583099, 0.000284134468529, 0.000148917984916, 0.000212045619264, 0.000207312157727, 0.000132009270601, 0.000109298074676, 2.74151389021e-05, 2.59794232988e-05, 1.21838384075e-05, 3.58902207154e-06, 2.10362736652e-06, 1.16028570574e-06, 5.48575769699e-07, 2.01397213573e-07]}, "erbbands_skewness": {"dmean2": 0.597625672817, "median": 0.455402970314, "min": -3.05021810532, "dvar2": 0.27749055624, "dvar": 0.129801988602, "dmean": 0.40885040164, "max": 5.41429281235, "var": 0.778000891209, "mean": 0.513759732246}, "erbbands_spread": {"dmean2": 6.33610391617, "median": 16.7957344055, "min": 1.78267526627, "dvar2": 40.5923500061, "dvar": 16.5048313141, "dmean": 4.15560817719, "max": 150.765945435, "var": 188.109100342, "mean": 18.8508319855