{"tonal": {"thpcp": [1, 0.791879117489, 0.198265075684, 0.061401464045, 0.0455266423523, 0.136281579733, 0.416619151831, 0.394007623196, 0.116571500897, 0.0466803275049, 0.0530625060201, 0.112675130367, 0.308217197657, 0.368259936571, 0.506419241428, 0.913097023964, 0.701550245285, 0.184246852994, 0.090580701828, 0.0893560796976, 0.314177066088, 0.729430019855, 0.561628937721, 0.154506310821, 0.0668751597404, 0.0535236001015, 0.321846008301, 0.747337400913, 0.590975284576, 0.283811241388, 0.418385803699, 0.359174072742, 0.149089470506, 0.170669525862, 0.183385029435, 0.446839421988], "hpcp": {"dmean2": [0.245489135385, 0.210901379585, 0.0881593823433, 0.0299180876464, 0.0222125537694, 0.0605250261724, 0.134600445628, 0.126583114266, 0.0517605990171, 0.0223518870771, 0.023780727759, 0.0497332364321, 0.113724581897, 0.133801981807, 0.158001676202, 0.18895894289, 0.174421370029, 0.0835149884224, 0.037212498486, 0.0427282452583, 0.112711496651, 0.205150917172, 0.181576222181, 0.0789920985699, 0.0313089378178, 0.026898952201, 0.115500964224, 0.200038611889, 0.184410318732, 0.118076786399, 0.138492524624, 0.12317506969, 0.0704122260213, 0.0690930634737, 0.0781776234508, 0.151712149382], "median": [0.095830604434, 0.0712513104081, 0.00891947653145, 0.000955088238697, 0.000923916290049, 0.00388539512642, 0.0090452907607, 0.00756832538173, 0.00221335189417, 0.000506702519488, 0.000599038903601, 0.00430830242112, 0.0123917898163, 0.0160834025592, 0.0314745157957, 0.0363093428314, 0.0255930069834, 0.00551886716858, 0.000798106018919, 0.00125322386157, 0.0136860543862, 0.0325203835964, 0.031261831522, 0.00892883352935, 0.00172751187347, 0.000836051942315, 0.0108801312745, 0.0300820432603, 0.0280949957669, 0.012960029766, 0.00517738098279, 0.00433444138616, 0.00387150538154, 0.0027444162406, 0.0043193991296, 0.0390103161335], "min": [0, 0, 0, 0, 0, 0, 0, 0, 0, 0, 0, 0, 0, 0, 0, 0, 0, 0, 0, 0, 0, 0, 0, 0, 0, 0, 0, 0, 0, 0, 0, 0, 0, 0, 0, 0], "dvar2": [0.114116601646, 0.0841998532414, 0.0314108170569, 0.0144476033747, 0.00926757138222, 0.0194509364665, 0.0710138380527, 0.064015686512, 0.0166728571057, 0.0104289492592, 0.0103646013886, 0.0149751808494, 0.0539377517998, 0.0635374635458, 0.0609815493226, 0.0895984023809, 0.0780386030674, 0.029353601858, 0.0182628817856, 0.0172041878104, 0.0414206720889, 0.106372781098, 0.0781437829137, 0.0305403787643, 0.0103145325556, 0.0065062046051, 0.0437349751592, 0.0996534973383, 0.081120505929, 0.0463018603623, 0.0738387852907, 0.0638124495745, 0.0278406441212, 0.0393077768385, 0.0356771610677, 0.0529203824699], "dvar": [0.0502443239093, 0.0369989573956, 0.011787397787, 0.00552211888134, 0.0036155632697, 0.00750978197902, 0.0315892808139, 0.0288303978741, 0.0064776497893, 0.00421712547541, 0.00426284829155, 0.00592511147261, 0.0222948696464, 0.0282887015492, 0.0243214517832, 0.0408108197153, 0.0347463563085, 0.0114282779396, 0.00769149698317, 0.0069835819304, 0.0166444778442, 0.0488364174962, 0.0339276343584, 0.011121747084, 0.0042020548135, 0.00257530808449, 0.0172408185899, 0.0461829043925, 0.0358125045896, 0.0174252428114, 0.0336435548961, 0.0294036176056, 0.0103469081223, 0.0168123804033, 0.0155291361734, 0.0203226208687], "dmean": [0.145660638809, 0.127157986164, 0.051220741123, 0.0168039407581, 0.0125199193135, 0.0358103625476, 0.0801731422544, 0.0753510966897, 0.0304501634091, 0.0126599846408, 0.0135047119111, 0.0291422754526, 0.0674841031432, 0.0787993296981, 0.0948622748256, 0.113532677293, 0.104300782084, 0.0491639822721, 0.0208621900529, 0.0239998791367, 0.0683431476355, 0.121907755733, 0.109766639769, 0.045297563076, 0.0175986941904, 0.015177465044, 0.069482691586, 0.119015693665, 0.111152239144, 0.0702215135098, 0.0827239528298, 0.0728286877275, 0.0411914512515, 0.0397939756513, 0.0452873520553, 0.0897977650166], "max": [1, 1, 1, 1, 1, 1, 1, 1, 1, 1, 1, 1, 1, 1, 1, 1, 1, 1, 1, 1, 1, 1, 1, 1, 1, 1, 1, 1, 1, 1, 1, 1, 1, 1, 1, 1], "var": [0.135177582502, 0.0941603854299, 0.01730273664, 0.00871378835291, 0.00586069421843, 0.010093470104, 0.0679624676704, 0.0642100721598, 0.00900501385331, 0.00614352803677, 0.00782483629882, 0.00895936600864, 0.0417505353689, 0.0545033179224, 0.049472566694, 0.141045495868, 0.0968411415815, 0.0150073636323, 0.0157865379006, 0.0119353700429, 0.0275762360543, 0.11318462342, 0.0684926062822, 0.0117140412331, 0.00873304996639, 0.00556007539853, 0.0315808579326, 0.117480009794, 0.0785472840071, 0.0250286366791, 0.0697248280048, 0.0594282224774, 0.012853121385, 0.0293316226453, 0.0257717687637, 0.0363547727466], "mean": [0.293828904629, 0.232676967978, 0.0582560114563, 0.0180415250361, 0.0133770434186, 0.0400434657931, 0.122414752841, 0.115770824254, 0.0342520773411, 0.0137160299346, 0.01559129823, 0.0331072099507, 0.0905631259084, 0.108205415308, 0.148800611496, 0.268294304609, 0.206135734916, 0.0541370511055, 0.0266152285039, 0.0262553989887, 0.0923143029213, 0.21432761848, 0.165022820234, 0.0453984215856, 0.0196498557925, 0.0157267805189, 0.094567656517, 0.219589337707, 0.173645615578, 0.0833919420838, 0.122933842242, 0.105535723269, 0.0438067950308, 0.0501476377249, 0.0538838244975, 0.131294339895]}, "tuning_equal_tempered_deviation": 0.122831575572, "chords_changes_rate": 0.0523494966328, "key_key": "D", "tuning_diatonic_strength": 0.713879406452, "key_scale": "major", "chords_number_rate": 0.00149569986388, "tuning_frequency": 442.293365479, "tuning_nontempered_energy_ratio": 0.752995312214, "chords_histogram": [40.2343254089, 3.502430439, 17.7115783691, 5.48423290253, 4.18795967102, 0, 0.860027432442, 0, 0, 0.236819148064, 0, 0.46117413044, 0, 0.299139976501, 0, 0.224354982376, 1.15916740894, 2.36819148064, 0.61074411869, 2.46790480614, 2.21862149239, 5.69612360001, 6.34426021576, 5.93294286728], "key_strength": 0.870975852013, "chords_key": "D", "chords_strength": {"dmean2": 0.00903821829706, "median": 0.531174659729, "min": -1, "dvar2": 0.000562107656151, "dvar": 0.000308671122184, "dmean": 0.00968591123819, "max": 0.807053625584, "var": 0.0504296422005, "mean": 0.508426189423}, "chords_scale": "major", "hpcp_entropy": {"dmean2": 0.906309127808, "median": 1.54089772701, "min": 0, "dvar2": 0.565082192421, "dvar": 0.211123347282, "dmean": 0.526694893837, "max": 3.57924675941, "var": 0.44259417057, "mean": 1.45288062096}}, "metadata": {"audio_properties": {"equal_loudness": 0, "codec": "flac", "downmix": "mix", "sample_rate": 44100, "analysis_sample_rate": 44100, "bit_rate": 0, "md5_encoded": "0ff79f52b9e5c2aecf0bc0da1b182333", "length": 372.506652832, "replay_gain": -6.97138404846, "lossless": true}, "version": {"essentia_build_sha": "2d9f1f26377add8aeb1075a9c2973f962c4f09fd", "essentia": "2.1-beta2", "extractor": "music 1.0", "essentia_git_sha": "v2.1_beta2-1-ge3940c0"}, "tags": {"title": ["Concerto For Flute No. 2 In D Major, K. 285d/314: III. Rondo. Allegretto (Cadenza: Irena Grafenauer)"], "media": ["CD"], "albumartist": ["Wolfgang Amadeus Mozart"], "tracktotal": ["6"], "musicbrainz_releasegroupid": ["7b33936c-a80c-354c-8f03-b68e39434833"], "releasetype": ["album", "compilation"], "musicbrainz_recordingid": ["08bfe2a2-d309-4556-bdf9-7fd4e0b3ddf5"], "musicbrainz_albumartistid": ["b972f589-fb0e-474e-b64a-803b0364fa75"], "discnumber": ["5"], "album": ["Complete Mozart Edition, Vol.9: Wind Concertos (Disc5)"], "catalognumber": ["422 509-2", "422 672-2", "422 673-2", "422 674-2", "422 675-2", "422 676-2", "422 677-2", "422 678-2"], "releasecountry": ["DE"], "file_name": "03 - Flute Concerto in D major, K314,285d - III. Allegro.flac", "asin": ["B00000410Q"], "date": ["1991-03-08"], "genre": ["Classical"], "disctotal": ["5"], "musicbrainz_artistid": ["b972f589-fb0e-474e-b64a-803b0364fa75"], "originaldate": ["1991-03-08"], "musicbrainz_albumid": ["df54b193-3a62-4323-8194-d6e6c96adc2f"], "artist": ["Wolfgang Amadeus Mozart"], "artistsort": ["Mozart, Wolfgang Amadeus"], "tracknumber": ["3"], "label": ["Philips Classics", "Philips Classics", "Philips Classics", "Philips Classics", "Philips Classics", "Philips Classics", "Philips Classics", "Philips Classics"], "albumartistsort": ["Mozart, Wolfgang Amadeus"], "acoustid_id": ["9ab71a76-82dd-469b-860e-8416fb211513"], "script": ["Latn"], "releasestatus": ["official"]}}, "rhythm": {"bpm_histogram_first_peak_bpm": {"dmean2": 0, "median": 117, "min": 117, "dvar2": 0, "dvar": 0, "dmean": 0, "max": 117, "var": 0, "mean": 117}, "bpm": 117.230201721, "bpm_histogram_second_peak_spread": {"dmean2": 0, "median": 0.442477881908, "min": 0.442477881908, "dvar2": 0, "dvar": 0, "dmean": 0, "max": 0.442477881908, "var": 0, "mean": 0.442477881908}, "bpm_histogram_first_peak_weight": {"dmean2": 0, "median": 0.251366108656, "min": 0.251366108656, "dvar2": 0, "dvar": 0, "dmean": 0, "max": 0.251366108656, "var": 0, "mean": 0.251366108656}, "onset_rate": 3.59971642494, "beats_position": [0.487619042397, 0.975238084793, 1.47446703911, 1.97369611263, 2.47292518616, 2.9837641716, 3.50621318817, 4.04027223587, 4.57433080673, 5.0967798233, 5.60761880875, 6.13006782532, 6.64090681076, 7.1517457962, 7.65097475052, 8.16181373596, 8.66104316711, 9.17188167572, 9.682721138, 10.1819496155, 10.6927890778, 11.2152376175, 11.7376871109, 12.2601356506, 12.782585144, 13.3050336838, 13.8158731461, 14.3267116547, 14.8375511169, 15.3483896255, 15.8592290878, 16.3816776276, 16.904127121, 17.426574707, 17.9490242004, 18.4714736938, 18.9939231873, 19.5047607422, 20.0156002045, 20.5264396667, 21.0256690979, 21.5365066528, 22.035736084, 22.5465755463, 23.0574150085, 23.5682544708, 24.0790920258, 24.589931488, 25.1007709503, 25.6000003815, 26.0992279053, 26.6100673676, 27.1209068298, 27.6317462921, 28.1541938782, 28.6650333405, 29.1874828339, 29.6983222961, 30.2091598511, 30.7199993134, 31.2308387756, 31.753288269, 32.2757377625, 32.7981834412, 33.3206329346, 33.8314743042, 34.3423118591, 34.8647613525, 35.3872108459, 35.9096603394, 36.4321098328, 36.96616745, 37.4886169434, 38.0110664368, 38.545124054, 39.0907936096, 39.6248512268, 40.1473007202, 40.6697502136, 41.1805877686, 41.6914291382, 42.2138786316, 42.7247161865, 43.2355537415, 43.7463951111, 44.2688446045, 44.7796821594, 45.3021316528, 45.8129692078, 46.3354187012, 46.8578681946, 47.380317688, 47.9027671814, 48.4136047363, 48.9244422913, 49.4352836609, 49.9461212158, 50.4569587708, 50.9561882019, 51.4670295715, 51.9662590027, 52.4770965576, 52.9763259888, 53.4755554199, 53.9863929749, 54.485622406, 54.9848518372, 55.4956893921, 56.0181388855, 56.5522003174, 57.0862579346, 57.608707428, 58.0847167969, 58.5723342896, 59.0483436584, 59.5243530273, 60.0003623962, 60.4879798889, 60.9639892578, 61.4516105652, 61.9392280579, 62.4616775513, 62.9841270447, 63.5181846619, 64.0406341553, 64.5514755249, 65.0623092651, 65.5847625732, 66.1188201904, 66.6412658691, 67.1637191772, 67.6745529175, 68.1970062256, 68.7194519043, 69.2302932739, 69.7411346436, 70.2519683838, 70.7628097534, 71.273651123, 71.7960968018, 72.3301544189, 72.8642196655, 73.3982772827, 73.9207229614, 74.4431762695, 74.9540100098, 75.4648513794, 75.975692749, 76.4865264893, 77.0089797974, 77.5314254761, 78.0422668457, 78.5531082153, 79.0639419556, 79.5747833252, 80.0856246948, 80.6080703735, 81.1305236816, 81.6645812988, 82.1754150391, 82.6746444702, 83.1738739014, 83.6731033325, 84.1723327637, 84.6599502563, 85.1591796875, 85.6584091187, 86.1576385498, 86.656867981, 87.1560974121, 87.6553268433, 88.1545562744, 88.665397644, 89.2110671997, 89.7683410645, 90.3256225586, 90.8829040527, 91.428565979, 91.9858474731, 92.4850769043, 92.9959182739, 93.4951477051, 93.9943771362, 94.5052108765, 95.0044403076, 95.5036697388, 96.0145111084, 96.525352478, 97.0361862183, 97.5470275879, 98.0578689575, 98.5570983887, 99.0679321289, 99.590385437, 100.112831116, 100.635284424, 101.169342041, 101.69178772, 102.214241028, 102.736686707, 103.259140015, 103.781585693, 104.304031372, 104.82648468, 105.33732605, 105.859771729, 106.382217407, 106.904670715, 107.450340271, 107.97278595, 108.506843567, 109.029296875, 109.551742554, 110.109024048, 110.666305542, 111.223579407, 111.757637024, 112.280090332, 112.802536011, 113.31337738, 113.82421875, 114.346664429, 114.880722046, 115.426391602, 115.983673096, 116.529342651, 117.075012207, 117.609069824, 118.143127441, 118.677185059, 119.199638367, 119.722084045, 120.232925415, 120.755371094, 121.277824402, 121.800270081, 122.322715759, 122.833557129, 123.344398499, 123.855232239, 124.366073608, 124.876914978, 125.376144409, 125.886978149, 126.386207581, 126.885437012, 127.384666443, 127.860679626, 128.336685181, 128.812698364, 129.288711548, 129.764709473, 130.229110718, 130.705123901, 131.169525146, 131.633926392, 132.098312378, 132.527893066, 132.945846558, 133.363800049, 133.781768799, 134.19972229, 134.61769104, 135.035644531, 135.453598022, 135.859954834, 136.277908325, 136.695877075, 137.125442505, 137.555007935, 137.996185303, 138.518630981, 139.041091919, 139.551925659, 140.074371338, 140.585220337, 141.096054077, 141.595275879, 142.106124878, 142.60534668, 143.092971802, 143.592193604, 144.079818726, 144.590652466, 145.089889526, 145.612335205, 146.123168945, 146.634017944, 147.144851685, 147.644073486, 148.143310547, 148.642532349, 149.141769409, 149.640991211, 150.15184021, 150.674285889, 151.185119629, 151.695953369, 152.206802368, 152.717636108, 153.228485107, 153.739318848, 154.238540649, 154.73777771, 155.24861145, 155.759460449, 156.258682251, 156.746307373, 157.245529175, 157.744766235, 158.243988037, 158.743209839, 159.242446899, 159.75328064, 160.240905762, 160.751739502, 161.250976563, 161.750198364, 162.249435425, 162.748657227, 163.247894287, 163.747116089, 164.257949829, 164.768798828, 165.279632568, 165.790466309, 166.301315308, 166.823760986, 167.346206665, 167.868652344, 168.40272522, 168.936782837, 169.470840454, 170.01651001, 170.550567627, 171.084625244, 171.607070923, 172.129516602, 172.640365601, 173.151199341, 173.67364502, 174.196090698, 174.706939697, 175.217773438, 175.728607178, 176.227844238, 176.72706604, 177.237915039, 177.748748779, 178.271194458, 178.782043457, 179.304489136, 179.815322876, 180.326171875, 180.837005615, 181.359451294, 181.881896973, 182.41595459, 182.926803589, 183.437637329, 183.960083008, 184.482528687, 185.004989624, 185.527435303, 186.038269043, 186.537506104, 187.036727905, 187.535964966, 188.035186768, 188.534423828, 189.022033691, 189.53288269, 190.032104492, 190.554550171, 191.07699585, 191.587844849, 192.08706665, 192.586303711, 193.085525513, 193.584762573, 194.107208252, 194.629653931, 195.163711548, 195.697769165, 196.231826782, 196.75428772, 197.288345337, 197.810791016, 198.344848633, 198.87890625, 199.38973999, 199.900588989, 200.411422729, 200.92225647, 201.433105469, 201.943939209, 202.454788208, 202.95401001, 203.453231812, 203.952468872, 204.451690674, 204.939315796, 205.426940918, 205.914550781, 206.402175903, 206.913009644, 207.423858643, 207.934692383, 208.457138062, 208.991195679, 209.513641357, 210.024490356, 210.535324097, 211.046157837, 211.557006836, 212.067840576, 212.659957886, 213.252059937, 213.844161987, 214.436279297, 215.016769409, 215.608886719, 216.20098877, 216.804718018, 217.38520813, 217.965713501, 218.511383057, 219.057052612, 219.591110229, 220.125167847, 220.647613525, 221.170059204, 221.704116821, 222.238174438, 222.772247314, 223.294692993, 223.817138672, 224.339584351, 224.862030029, 225.384490967, 225.895324707, 226.417770386, 226.928619385, 227.439453125, 227.950286865, 228.461135864, 228.983581543, 229.506027222, 230.016860962, 230.527709961, 231.05015564, 231.572601318, 232.095046997, 232.605895996, 233.116729736, 233.639175415, 234.150024414, 234.672470093, 235.194915771, 235.71736145, 236.251419067, 236.797088623, 237.354370117, 237.888427734, 238.422485352, 238.956542969, 239.490600586, 240.013061523, 240.535507202, 241.057952881, 241.58039856, 242.091247559, 242.602081299, 243.124526978, 243.646972656, 244.181045532, 244.703491211, 245.22593689, 245.73677063, 246.247619629, 246.770065308, 247.292510986, 247.826568604, 248.337417603, 248.859863281, 249.38230896, 249.8931427, 250.403991699, 250.903213501, 251.402450562, 251.901672363, 252.400909424, 252.900131226, 253.399353027, 253.910202026, 254.421035767, 254.943481445, 255.465942383, 256, 256.534057617, 257.068115234, 257.625396729, 258.171051025, 258.71673584, 259.274017334, 259.831298828, 260.365356445, 260.922637939, 261.479919434, 262.013977051, 262.559631348, 263.093688965, 263.627746582, 264.161804199, 264.707489014, 265.264770508, 265.810424805, 266.356109619, 266.890167236, 267.435821533, 267.993103027, 268.550384521, 269.119262695, 269.676544189, 270.233825684, 270.721435547, 271.19744873, 271.673461914, 272.137878418, 272.602264404, 273.066650391, 273.531066895, 273.983856201, 274.448242188, 274.912658691, 275.353820801, 275.795013428, 276.236175537, 276.665740967, 277.095336914, 277.524902344, 277.931243896, 278.337585449, 278.743927002, 279.150299072, 279.533416748, 279.916534424, 280.311279297, 280.70602417, 281.089141846, 281.483886719, 281.878631592, 282.261749268, 282.633270264, 283.016418457, 283.399536133, 283.852325439, 284.305114746, 284.757904053, 285.326782227, 285.884063721, 286.441345215, 286.998626709, 287.5675354, 288.136413574, 288.612426758, 289.088439941, 289.552825928, 289.970794678, 290.38873291, 290.80670166, 291.23626709, 291.64263916, 292.060577393, 292.478546143, 292.884887695, 293.291229248, 293.709197998, 294.115539551, 294.510284424, 294.916625977, 295.31137085, 295.717712402, 296.124084473, 296.518829346, 296.901947021, 297.296691895, 297.703033447, 298.09777832, 298.515716553, 298.910461426, 299.305206299, 299.688323975, 300.071472168, 300.524261475, 300.977050781, 301.441436768, 301.952270508, 302.463134766, 302.962341309, 303.461578369, 303.972412109, 304.448425293, 304.97088623, 305.49331665, 306.039001465, 306.596282959, 307.153564453, 307.757263184, 308.372589111, 308.976318359, 309.614868164, 310.265014648, 310.891967773, 311.518920898, 312.145843506, 312.761169434, 313.388122559, 314.038269043, 314.688415527, 315.361816406, 316.035186768, 316.708557129, 317.370330811, 318.043701172, 318.693878174, 319.344024658, 319.99420166, 320.644348145, 321.224853516, 321.805358887, 322.397460938, 322.954742432, 323.523620605, 324.057678223, 324.603363037, 325.137420654, 325.683074951, 326.217132568, 326.762817383, 327.30847168, 327.854156494, 328.388214111, 328.887420654, 329.386657715, 329.885894775, 330.373504639, 330.861114502, 331.337127686, 331.824768066, 332.31237793, 332.81161499, 333.32244873, 333.821685791, 334.320892334, 334.820129395, 335.319366455, 335.830200195, 336.341033936, 336.851867676, 337.362701416, 337.873565674, 338.372772217, 338.872009277, 339.359619141, 339.870483398, 340.381317139, 340.903747559, 341.426208496, 341.937042236, 342.447875977, 342.958709717, 343.457946777, 343.957183838, 344.468017578, 344.978851318, 345.489685059, 346.012145996, 346.557830811, 347.091888428, 347.614318848, 348.136779785, 348.670837402, 349.20489502, 349.738952637, 350.273010254, 350.783843994, 351.306304932, 351.828735352, 352.339599609, 352.85043335, 353.36126709, 353.88369751, 354.38293457, 354.893768311, 355.404632568, 355.903839111, 356.403076172, 356.902313232, 357.401550293, 357.900756836, 358.399993896, 358.910827637, 359.3984375, 359.886077881, 360.373687744, 360.872924805, 361.279266357, 361.68560791, 362.09197998, 362.509918213, 362.881439209, 363.252960205, 363.612884521, 363.97277832, 364.413970947, 364.855133057, 365.307922363, 365.691070557, 366.074188232, 366.457305908, 366.852050781, 367.258392334, 367.664764404, 368.071105957, 368.547119141, 369.011505127, 369.475921631, 369.928710938, 370.393096924, 370.84588623, 371.298675537, 371.751464844], "beats_loudness": {"dmean2": 0.0260466765612, "median": 0.0115576284006, "min": 0, "dvar2": 0.00121200515423, "dvar": 0.000478316855151, "dmean": 0.0154110509902, "max": 0.237636685371, "var": 0.000762583920732, "mean": 0.0213495213538}, "danceability": 0.928837895393, "bpm_histogram_second_peak_weight": {"dmean2": 0, "median": 0.0860655754805, "min": 0.0860655754805, "dvar2": 0, "dvar": 0, "dmean": 0, "max": 0.0860655754805, "var": 0, "mean": 0.0860655754805}, "beats_count": 733, "bpm_histogram_second_peak_bpm": {"dmean2": 0, "median": 112, "min": 112, "dvar2": 0, "dvar": 0, "dmean": 0, "max": 112, "var": 0, "mean": 112}, "bpm_histogram_first_peak_spread": {"dmean2": 0, "median": 0.57603687048, "min": 0.57603687048, "dvar2": 0, "dvar": 0, "dmean": 0, "max": 0.57603687048, "var": 0, "mean": 0.57603687048}, "beats_loudness_band_ratio": {"dmean2": [0.097997367382, 0.253375709057, 0.417560577393, 0.44661873579, 0.0869699344039, 0.00649547576904], "median": [0.0257647186518, 0.0607623197138, 0.297451853752, 0.231821522117, 0.0252689570189, 0.000858240120579], "min": [0, 0, 0, 0, 0, 0], "dvar2": [0.0192361529917, 0.0863123908639, 0.137021720409, 0.163054063916, 0.0231519844383, 0.000297375634545], "dvar": [0.008057304658, 0.0314938090742, 0.0598211921751, 0.068300023675, 0.00843741279095, 0.000103331032733], "dmean": [0.055975034833, 0.14421248436, 0.238676041365, 0.248274356127, 0.0477517284453, 0.00358430389315], "max": [0.999884128571, 0.899538755417, 0.971148490906, 0.995367884636, 0.971687018871, 0.0949463546276], "var": [0.0166488755494, 0.0474307276309, 0.0945058688521, 0.112939216197, 0.00662309722975, 6.72986425343e-05], "mean": [0.0645265951753, 0.173448085785, 0.359402596951, 0.376173079014, 0.0458896905184, 0.00292394729331]}}, "lowlevel": {"barkbands_spread": {"dmean2": 4.93777275085, "median": 7.17817401886, "min": 0.0480036772788, "dvar2": 32.7193984985, "dvar": 13.1380901337, "dmean": 3.04738855362, "max": 119.22832489, "var": 40.6023101807, "mean": 8.33616828918}, "melbands_spread": {"dmean2": 6.29837799072, "median": 10.2954015732, "min": 0.0382524244487, "dvar2": 56.5466995239, "dvar": 22.4707126617, "dmean": 3.97471356392, "max": 163.399261475, "var": 326.84866333, "mean": 13.5458993912}, "hfc": {"dmean2": 7.01365947723, "median": 5.53653430939, "min": 1.06447828239e-16, "dvar2": 218.058547974, "dvar": 107.313644409, "dmean": 4.90990114212, "max": 330.677154541, "var": 365.254974365, "mean": 12.2381639481}, "barkbands_kurtosis": {"dmean2": 17.7578201294, "median": 2.56991362572, "min": -1.95026481152, "dvar2": 10297.3652344, "dvar": 3766.51342773, "dmean": 10.8170471191, "max": 3119.13549805, "var": 5258.46191406, "mean": 14.5343561172}, "gfcc": {"mean": [-190.611083984, 137.613525391, -164.182373047, -29.6436157227, -41.104434967, -1.37295675278, -18.3831634521, 8.06661891937, -8.15066242218, 0.487639963627, -1.37999379635, 3.18896317482, 4.79457616806], "icov": [[0.000284421810647, -0.000389013061067, 0.000959746015724, -0.000403112673666, 0.000779927999247, -0.000401470577344, 0.000453307235148, -0.00020229164511, 0.000827576441225, -0.000237635715166, 0.000452299747849, -8.55921171024e-05, 0.000406402919907], [-0.000389013061067, 0.00163348740898, -0.00120645470452, 0.000922443869058, -0.00109579239506, 0.00136630237103, -1.0393860066e-05, 0.000646271917503, -0.00180855905637, 0.00181467807852, -0.00166803889442, 0.0013336900156, -0.000883228785824], [0.000959746015724, -0.00120645470452, 0.00451651914045, -0.00230986089446, 0.00185172748752, -0.000254247774137, 0.00132506608497, -0.000344980682712, 0.00251428526826, -0.00082706368994, 0.00188113679178, -0.000387353851693, 0.00146917696111], [-0.000403112673666, 0.000922443869058, -0.00230986089446, 0.0045102071017, -0.00138039735612, 0.00040974712465, -0.000486861303216, 0.000927461544052, -0.000217995315325, 0.000241431815084, 0.000800213136245, -0.000797591870651, 0.000974945607595], [0.000779927999247, -0.00109579239506, 0.00185172748752, -0.00138039735612, 0.00813755393028, -0.00584063725546, 0.00149503268767, 0.000136889371788, 0.000527314317878, 0.00118151062634, -0.00129287107848, 0.00181205011904, 0.000175189925358], [-0.000401470577344, 0.00136630237103, -0.000254247774137, 0.00040974712465, -0.00584063725546, 0.00983373448253, -0.00522790243849, 2.73813366221e-05, 0.00184611103032, -0.00325638684444, 0.00240949215367, -0.00213247141801, 0.00126940722112], [0.000453307235148, -1.0393860066e-05, 0.00132506608497, -0.000486861303216, 0.00149503268767, -0.00522790243849, 0.0110979732126, -0.00421153195202, -0.00142467033584, 0.00701036956161, -0.00566263543442, 0.00354369473644, -0.00100224500056], [-0.00020229164511, 0.000646271917503, -0.000344980682712, 0.000927461544052, 0.000136889371788, 2.73813366221e-05, -0.00421153195202, 0.00850491225719, -0.00505228759721, -0.00179900671355, 0.00575239723548, -0.00460994010791, 0.000616903707851], [0.000827576441225, -0.00180855905637, 0.00251428526826, -0.000217995315325, 0.000527314317878, 0.00184611103032, -0.00142467033584, -0.00505228759721, 0.0141747267917, -0.0088224504143, 0.00205768528394, 0.00374529836699, -0.00129362742882], [-0.000237635715166, 0.00181467807852, -0.00082706368994, 0.000241431815084, 0.00118151062634, -0.00325638684444, 0.00701036956161, -0.00179900671355, -0.0088224504143, 0.0181202292442, -0.012339384295, 0.0045709903352, 0.00116951880045], [0.000452299747849, -0.00166803889442, 0.00188113679178, 0.000800213136245, -0.00129287107848, 0.00240949215367, -0.00566263543442, 0.00575239723548, 0.00205768528394, -0.012339384295, 0.0207427795976, -0.0140680652112, 0.00622714497149], [-8.55921171024e-05, 0.0013336900156, -0.000387353851693, -0.000797591870651, 0.00181205011904, -0.00213247141801, 0.00354369473644, -0.00460994010791, 0.00374529836699, 0.0045709903352, -0.0140680652112, 0.018577888608, -0.00948191341013], [0.000406402919907, -0.000883228785824, 0.00146917696111, 0.000974945607595, 0.000175189925358, 0.00126940722112, -0.00100224500056, 0.000616903707851, -0.00129362742882, 0.00116951880045, 0.00622714497149, -0.00948191341013, 0.0118962479755]], "cov": [[27681.0683594, 3109.1784668, -3631.45556641, -443.509643555, -1895.1541748, -1036.52319336, -1231.04382324, -758.351928711, -998.512207031, -433.091766357, -283.670837402, -37.617729187, -103.353652954], [3109.1784668, 2369.83251953, 91.386100769, -219.69152832, -461.399993896, -808.181152344, -483.270050049, -393.580963135, 20.7781944275, -159.119918823, -110.074363708, -253.345077515, 22.7690410614], [-3631.45556641, 91.386100769, 1305.3046875, 401.75680542, 53.2374992371, -192.795425415, -159.410140991, -225.791412354, -82.4775848389, -56.7650985718, -68.2016601563, -100.151618958, -92.7323913574], [-443.509643555, -219.69152832, 401.75680542, 494.676239014, 67.0419998169, 38.5564460754, -67.708152771, -156.763961792, -171.252258301, -55.4587745667, -33.7426490784, -13.1782712936, -100.004699707], [-1895.1541748, -461.399993896, 53.2374992371, 67.0419998169, 474.268585205, 387.775482178, 229.997451782, 94.5684890747, 41.7726173401, 39.8796043396, 57.1189537048, 14.1725931168, -33.4531974792], [-1036.52319336, -808.181152344, -192.795425415, 38.5564460754, 387.775482178, 602.633117676, 348.270599365, 214.280166626, 7.6336479187, 50.356048584, 59.7994232178, 90.6966705322, -18.8614559174], [-1231.04382324, -483.270050049, -159.410140991, -67.708152771, 229.997451782, 348.270599365, 417.123626709, 287.937713623, 105.795768738, -19.7449378967, 8.87331676483, 54.9729919434, 63.6890830994], [-758.351928711, -393.580963135, -225.791412354, -156.763961792, 94.5684890747, 214.280166626, 287.937713623, 488.18850708, 246.055236816, 53.5914573669, -63.5645904541, 30.5349960327, 91.2022476196], [-998.512207031, 20.7781944275, -82.4775848389, -171.252258301, 41.7726173401, 7.6336479187, 105.795768738, 246.055236816, 366.180358887, 165.286651611, -0.230749160051, -87.9854736328, 8.16054916382], [-433.091766357, -159.119918823, -56.7650985718, -55.4587745667, 39.8796043396, 50.356048584, -19.7449378967, 53.5914573669, 165.286651611, 269.310028076, 142.576385498, -12.0046014786, -88.5687103271], [-283.670837402, -110.074363708, -68.2016601563, -33.7426490784, 57.1189537048, 59.7994232178, 8.87331676483, -63.5645904541, -0.230749160051, 142.576385498, 247.905197144, 120.885559082, -37.9286079407], [-37.617729187, -253.345077515, -100.151618958, -13.1782712936, 14.1725931168, 90.6966705322, 54.9729919434, 30.5349960327, -87.9854736328, -12.0046014786, 120.885559082, 245.097763062, 112.77532196], [-103.353652954, 22.7690410614, -92.7323913574, -100.004699707, -33.4531974792, -18.8614559174, 63.6890830994, 91.2022476196, 8.16054916382, -88.5687103271, -37.9286079407, 112.77532196, 231.407226563]]}, "spectral_energyband_middle_low": {"dmean2": 0.00364027288742, "median": 0.00267068645917, "min": 1.69858034983e-22, "dvar2": 5.74058321945e-05, "dvar": 3.60276826541e-05, "dmean": 0.00282049854286, "max": 0.320935666561, "var": 0.000302411179291, "mean": 0.00880042184144}, "melbands_crest": {"dmean2": 5.47665882111, "median": 16.9304332733, "min": 1.42216300964, "dvar2": 24.8160152435, "dvar": 11.0323524475, "dmean": 3.50462961197, "max": 39.7677001953, "var": 54.5629882813, "mean": 17.9377365112}, "spectral_kurtosis": {"dmean2": 18.9490756989, "median": 24.3147354126, "min": -1.26927626133, "dvar2": 300.706298828, "dvar": 104.492256165, "dmean": 11.0253124237, "max": 131.461212158, "var": 314.69241333, "mean": 28.0454769135}, "spectral_rms": {"dmean2": 0.000867951486725, "median": 0.00266718538478, "min": 3.0903135953e-12, "dvar2": 9.75908164946e-07, "dvar": 5.54940982056e-07, "dmean": 0.000636706070509, "max": 0.0181807111949, "var": 4.90316142532e-06, "mean": 0.00321482843719}, "zerocrossingrate": {"dmean2": 0.00453813606873, "median": 0.0380859375, "min": 0, "dvar2": 3.92147521779e-05, "dvar": 2.27469245146e-05, "dmean": 0.00357057387009, "max": 0.53271484375, "var": 0.00403183884919, "mean": 0.0473493114114}, "silence_rate_60dB": {"dmean2": 0.164069324732, "median": 0, "min": 0, "dvar2": 0.164332106709, "dvar": 0.0752892196178, "dmean": 0.082029543817, "max": 1, "var": 0.199708476663, "mean": 0.275741696358}, "erbbands_kurtosis": {"dmean2": 7.00394582748, "median": 1.64655470848, "min": -1.87093019485, "dvar2": 171.109191895, "dvar": 75.0457458496, "dmean": 4.53388929367, "max": 222.545227051, "var": 240.040847778, "mean": 7.34448719025}, "erbbands": {"dmean2": [0.00411475542933, 0.014003531076, 0.0662139952183, 0.223899737, 0.759167671204, 1.3572384119, 6.14457798004, 9.510679245, 12.6903295517, 8.85707950592, 18.0525836945, 25.1270446777, 58.4692344666, 63.0020828247, 42.6814537048, 64.1217727661, 45.4413986206, 46.9638214111, 17.3039093018, 6.72997808456, 6.83441543579, 4.90714788437, 2.31903910637, 1.39792299271, 1.27581775188, 0.392267793417, 0.220777973533, 0.104368142784, 0.0573293603957, 0.0416028499603, 0.0221318360418, 0.0108337262645, 0.00591241987422, 0.00308926240541, 0.00287803332321, 0.000935755670071, 0.000242984315264, 5.64416623092e-05, 9.12369978323e-06, 8.98832149687e-06], "median": [0.00183512293734, 0.00345378322527, 0.00278870970942, 0.00434380024672, 0.0217930004001, 0.16734546423, 0.791889071465, 1.27135109901, 2.02264690399, 1.80089211464, 4.52300024033, 7.05917549133, 11.3068466187, 10.9880390167, 4.81888532639, 5.74040651321, 4.26751327515, 2.57139587402, 2.89785885811, 1.95790696144, 1.72989988327, 1.138910532, 0.58881354332, 0.301471143961, 0.192179828882, 0.0768629536033, 0.0366899892688, 0.016601420939, 0.0102402865887, 0.00562019087374, 0.00287328846753, 0.00157522736117, 0.000994687550701, 0.000639992009383, 0.000522054499015, 0.000164921337273, 3.8649293856e-05, 9.04586613615e-06, 5.54244934392e-06, 8.74999568623e-06], "min": [7.13438734488e-23, 3.84296505608e-22, 1.95678984694e-21, 3.25154278258e-21, 6.36675586045e-21, 2.04572848412e-20, 3.95400378424e-20, 4.86842060903e-20, 1.35706798931e-19, 9.80065367867e-20, 2.53095269607e-19, 1.57066825395e-19, 3.30642469757e-19, 4.2589965852e-19, 9.63588485827e-19, 1.05895393185e-18, 1.51208150686e-18, 1.77964724145e-18, 1.92769023722e-18, 2.4192478997e-18, 3.07414995172e-18, 3.61216497253e-18, 4.0824539603e-18, 6.38756396357e-18, 7.23353729246e-18, 6.98523752491e-18, 7.62252228424e-18, 9.13796514291e-18, 9.69777203016e-18, 1.00344692811e-17, 1.14150146983e-17, 9.85566674703e-18, 8.63692861099e-18, 6.90114675742e-18, 5.72957445992e-18, 4.08680451674e-18, 2.12916930736e-18, 9.50965399487e-19, 2.30912844668e-19, 2.33790870976e-20], "dvar2": [2.53775160672e-05, 0.00107495510019, 0.0522433295846, 0.983966708183, 9.60888195038, 18.8148479462, 344.28225708, 1232.13244629, 3551.59155273, 1160.5592041, 2996.05151367, 4285.31689453, 25132.2558594, 41440.5546875, 30162.7265625, 80376.484375, 37860.7226563, 105306.453125, 7054.59863281, 438.622772217, 342.474884033, 240.257019043, 41.5495491028, 29.1769638062, 31.1137447357, 1.98432219028, 0.613503038883, 0.152680069208, 0.0385585315526, 0.0261554475874, 0.0103249466047, 0.00236752140336, 0.000597346981522, 0.000121648947243, 8.27881231089e-05, 2.0765397494e-05, 9.46923819356e-07, 4.48278036913e-08, 6.39617414588e-10, 2.46929060532e-10], "dvar": [9.27724249777e-06, 0.00051169609651, 0.0293800104409, 0.496316164732, 5.4387011528, 8.72534275055, 241.262405396, 734.393554688, 2229.14819336, 692.919555664, 2095.69702148, 2146.36401367, 12667.1025391, 21795.2285156, 16777.5292969, 37278.9492188, 19300.3652344, 45814.9882813, 3334.79541016, 199.480163574, 150.684738159, 109.25189209, 18.8786907196, 12.4998598099, 12.5743846893, 0.809654593468, 0.274828195572, 0.0722637698054, 0.0173656512052, 0.0107963271439, 0.00457253679633, 0.00101730693132, 0.000282360328129, 6.17625555606e-05, 3.82036305382e-05, 8.29564578453e-06, 4.8881810244e-07, 2.41202755547e-08, 3.66183111611e-10, 1.33470706709e-10], "dmean": [0.00235174200498, 0.00894640292972, 0.04776494205, 0.167183175683, 0.582120597363, 1.05550050735, 5.14776325226, 7.328748703, 9.95793056488, 6.72005939484, 13.4613847733, 18.0793247223, 40.7262496948, 43.6969146729, 29.2762107849, 42.6415481567, 29.2140197754, 29.6830101013, 10.9384336472, 4.36742448807, 4.40205621719, 3.17701125145, 1.48809933662, 0.915983915329, 0.814597249031, 0.254152923822, 0.145411267877, 0.0694325268269, 0.038742352277, 0.027638906613, 0.0150775052607, 0.00750525295734, 0.00410626176745, 0.00219992408529, 0.00197112630121, 0.000648950051982, 0.00017406482948, 4.10498469137e-05, 6.85040185999e-06, 6.53092729408e-06], "max": [0.0716809928417, 1.1641626358, 9.70400810242, 37.0505485535, 118.831695557, 115.111991882, 614.379516602, 1425.12768555, 4493.7421875, 1502.50952148, 4151.84863281, 1410.99023438, 2631.13720703, 5687.28271484, 5668.65917969, 12551.1904297, 6475.48339844, 10494.2861328, 3999.20043945, 500.177032471, 331.076293945, 285.673217773, 136.785507202, 184.663711548, 178.275543213, 40.2755966187, 19.544172287, 11.0016202927, 4.20988225937, 3.81626224518, 2.80211138725, 1.54947066307, 0.56645065546, 0.348912864923, 0.294455200434, 0.205961123109, 0.0236076805741, 0.00523008080199, 0.0005037986557, 0.000381170655601], "var": [1.99428395717e-05, 0.00202118349262, 0.141240283847, 2.5934214592, 29.0414276123, 98.2138061523, 1340.95080566, 3047.54833984, 22132.5078125, 3964.02392578, 8353.28710938, 6510.47900391, 33797.40625, 54570.2304688, 40097.3945313, 105459.234375, 33598.3125, 112373.882813, 8594.57324219, 291.199493408, 260.342041016, 176.869659424, 32.1164093018, 20.5863437653, 19.4795532227, 1.48080551624, 0.614798486233, 0.152459472418, 0.0396265126765, 0.0245575755835, 0.00830026902258, 0.00236465060152, 0.000585613073781, 0.000145157682709, 6.73641625326e-05, 9.81282119028e-06, 9.07119044768e-07, 4.99614358773e-08, 1.05233943781e-09, 7.2124928252e-10], "mean": [0.00308924261481, 0.0162140615284, 0.110092148185, 0.386585772038, 1.59473407269, 3.52574872971, 13.0782165527, 16.7275352478, 26.8958587646, 15.5818195343, 28.2408332825, 36.4862327576, 71.8622894287, 74.2461242676, 49.2124900818, 71.2720413208, 44.4133529663, 48.6703910828, 17.6214389801, 6.56424188614, 6.67226600647, 4.83592367172, 2.34179711342, 1.45987951756, 1.27021551132, 0.433543771505, 0.255392044783, 0.125366345048, 0.0704927667975, 0.0478852763772, 0.0255260802805, 0.012916947715, 0.00700714997947, 0.00375043833628, 0.00292601273395, 0.000995214097202, 0.000281161337625, 6.74314724165e-05, 1.60704948939e-05, 1.87179357454e-05]}, "spectral_strongpeak": {"dmean2": 1.2806789875, "median": 1.27133107185, "min": 0, "dvar2": 2.91455364227, "dvar": 1.4121723175, "dmean": 0.850793600082, "max": 31.2136192322, "var": 5.04870891571, "mean": 2.00198125839}, "spectral_energy": {"dmean2": 0.00752210943028, "median": 0.00729172443971, "min": 9.78878912988e-21, "dvar2": 0.000169136706972, "dvar": 9.18426594581e-05, "dmean": 0.00546547863632, "max": 0.338801711798, "var": 0.000509761157446, "mean": 0.0156192267314}, "average_loudness": 0.026081437245, "spectral_rolloff": {"dmean2": 270.438690186, "median": 925.927734375, "min": 21.533203125, "dvar2": 190724.375, "dvar": 87826.1484375, "dmean": 153.114868164, "max": 19853.6132813, "var": 5876015.5, "mean": 1332.40332031}, "spectral_centroid": {"dmean2": 151.690490723, "median": 856.634033203, "min": 91.4861221313, "dvar2": 39751.8710938, "dvar": 17859.6289063, "dmean": 102.66078949, "max": 11925.8837891, "var": 1930735.125, "mean": 1067.37719727}, "pitch_salience": {"dmean2": 0.119050689042, "median": 0.46370524168, "min": 0.0267654657364, "dvar2": 0.0107737397775, "dvar": 0.00455269170925, "dmean": 0.0748950988054, "max": 0.924824118614, "var": 0.0211470462382, "mean": 0.448827654123}, "spectral_energyband_middle_high": {"dmean2": 0.00511601381004, "median": 0.00220820726827, "min": 1.15097335475e-21, "dvar2": 0.000130325061036, "dvar": 6.37003322481e-05, "dmean": 0.00346611253917, "max": 0.242670714855, "var": 0.000177247115062, "mean": 0.00687095662579}, "spectral_contrast_coeffs": {"dmean2": [0.0664539113641, 0.0665318742394, 0.0686665177345, 0.0557617768645, 0.0383664630353, 0.0235147513449], "median": [-0.699904084206, -0.672021389008, -0.636224150658, -0.704377770424, -0.751093745232, -0.794285416603], "min": [-0.982670605183, -0.98196721077, -0.979251682758, -0.985178411007, -0.971810281277, -0.965948700905], "dvar2": [0.0027712834999, 0.002930307528, 0.00316625949927, 0.00207988219336, 0.000964781676885, 0.000370215799194], "dvar": [0.00113062560558, 0.00129421090242, 0.00141396815889, 0.000933847390115, 0.000431970023783, 0.000150470616063], "dmean": [0.0414908714592, 0.0432122759521, 0.0446940399706, 0.0358771793544, 0.024968797341, 0.0148213449866], "max": [-0.324367791414, -0.240656942129, -0.267823189497, -0.317873775959, -0.52987998724, -0.618683040142], "var": [0.0213501509279, 0.0127028096467, 0.0132276341319, 0.00786559004337, 0.0036199381575, 0.0021056542173], "mean": [-0.697982847691, -0.669729471207, -0.63327473402, -0.699241638184, -0.751280069351, -0.792981505394]}, "melbands_skewness": {"dmean2": 1.36951315403, "median": 0.537357926369, "min": -12.7450437546, "dvar2": 5.34152889252, "dvar": 1.99592244625, "dmean": 0.864238917828, "max": 93.3828430176, "var": 8.4317483902, "mean": 0.477037608624}, "spectral_spread": {"dmean2": 508845.3125, "median": 1758271.5, "min": 584289.625, "dvar2": 340288438272, "dvar": 140618268672, "dmean": 308518.5, "max": 42884784, "var": 27461435785200.0, "mean": 2580027}, "dissonance": {"dmean2": 0.0851328670979, "median": 0.4050385952, "min": 0.0991601347923, "dvar2": 0.0067237354815, "dvar": 0.00244180043228, "dmean": 0.0499945953488, "max": 0.499999970198, "var": 0.00456640170887, "mean": 0.396585911512}, "spectral_skewness": {"dmean2": 1.30234098434, "median": 3.39406824112, "min": -0.0848839059472, "dvar2": 1.26142311096, "dvar": 0.425090700388, "dmean": 0.754868984222, "max": 9.00553321838, "var": 1.59277617931, "mean": 3.52943587303}, "spectral_flux": {"dmean2": 0.0311401449144, "median": 0.0400434955955, "min": 6.23383081266e-11, "dvar2": 0.00140246248338, "dvar": 0.000495904008858, "dmean": 0.0183401536196, "max": 0.290667563677, "var": 0.00112059398089, "mean": 0.0475038774312}, "spectral_contrast_valleys": {"dmean2": [0.627304673195, 0.531731724739, 0.484306305647, 0.4073531