{"metadata": {"tags": {"mood": ["Unknown"], "musicbrainz_releasetrackid": ["995a67c6-afe4-32f1-b4fb-3b6b74f41858"], "genre": ["Electronic", "Dub"], "releasetype": ["album"], "disctotal": ["1"], "musicbrainz_albumartistid": ["08a5bf40-299c-418f-bc12-9900ccf58714"], "album": ["Heavy Heavy Monster Dub"], "grouping": ["Reggae"], "script": ["Latn"], "albumartistsort": ["Dubblestandart"], "acoustid_id": ["074fa170-dc38-4a75-ae08-1115cde85d2f"], "musicbrainz_artistid": ["08a5bf40-299c-418f-bc12-9900ccf58714"], "musicbrainz_releasegroupid": ["555399e8-39f2-42af-b439-3a5fee68c904"], "musicbrainz_recordingid": ["08c444cc-0189-4f91-9885-35acb0a3fcf4"], "albumartist": ["Dubblestandart"], "releasestatus": ["official"], "artist": ["Dubblestandart"], "musicbrainz_albumid": ["a242f5f8-9a47-4348-8862-3c376e8927a8"], "discnumber": ["1"], "title": ["Dub Is The Roots - Mad Professor Dub feat. Mikey Dread and Sonic Colin"], "tracknumber": ["7"], "tracktotal": ["15"], "artistsort": ["Dubblestandart"], "file_name": "07 - Dub Is The Roots - Mad Professor Dub feat. Mikey Dread and Sonic Colin.flac"}, "audio_properties": {"sample_rate": 44100, "downmix": "mix", "lossless": true, "analysis_sample_rate": 44100, "md5_encoded": "6686b7922bf9348302a46d317b6c9296", "equal_loudness": 0, "replay_gain": -11.9968490601, "codec": "flac", "bit_rate": 0, "length": 257.906677246}, "version": {"extractor": "music 1.0", "essentia_build_sha": "2d9f1f26377add8aeb1075a9c2973f962c4f09fd", "essentia_git_sha": "v2.1_beta2-1-ge3940c0", "essentia": "2.1-beta2"}}, "rhythm": {"beats_loudness_band_ratio": {"dvar2": [0.132795095444, 0.0105546964332, 0.0210124216974, 0.0155860222876, 0.00727736251429, 0.0259759016335], "var": [0.0683763474226, 0.00405179522932, 0.00588274747133, 0.00790678337216, 0.0024826026056, 0.0100081013516], "min": [0, 0, 0, 0, 0, 0], "dmean": [0.280592143536, 0.0439996905625, 0.0574865862727, 0.0767329484224, 0.0332354903221, 0.11906465143], "mean": [0.720962941647, 0.0522608160973, 0.0397118218243, 0.0652054324746, 0.0242356136441, 0.110115848482], "max": [0.994588553905, 0.671745479107, 0.563665449619, 0.69619935751, 0.338584303856, 0.724481999874], "dmean2": [0.533696830273, 0.0835861861706, 0.110935598612, 0.145788401365, 0.0626433119178, 0.217477947474], "median": [0.821168422699, 0.0330137982965, 0.00973855517805, 0.034293550998, 0.00575866736472, 0.0866370946169], "dvar": [0.0545017756522, 0.00426016934216, 0.00762655679137, 0.00591886369511, 0.00273155490868, 0.00972428545356]}, "bpm_histogram_first_peak_weight": {"dvar2": 0, "var": 0, "min": 0.957559704781, "dmean": 0, "mean": 0.957559704781, "max": 0.957559704781, "dmean2": 0, "median": 0.957559704781, "dvar": 0}, "bpm": 88.2941360474, "beats_count": 378, "bpm_histogram_first_peak_spread": {"dvar2": 0, "var": 0, "min": 0.0295698400587, "dmean": 0, "mean": 0.0295698400587, "max": 0.0295698400587, "dmean2": 0, "median": 0.0295698400587, "dvar": 0}, "danceability": 1.90126991272, "bpm_histogram_first_peak_bpm": {"dvar2": 0, "var": 0, "min": 89, "dmean": 0, "mean": 89, "max": 89, "dmean2": 0, "median": 89, "dvar": 0}, "beats_position": [0.719818592072, 1.43963718414, 2.18267560005, 2.90249419212, 3.59909296036, 4.29569149017, 4.96907043457, 5.64244890213, 6.33904743195, 7.03564596176, 7.75546455383, 8.47528362274, 9.18349170685, 9.8800907135, 10.5650787354, 11.2500677109, 11.9350566864, 12.6084346771, 13.2818136215, 13.9551925659, 14.6401815414, 15.3251695633, 15.9985485077, 16.6835365295, 17.3685264587, 18.0419044495, 18.7152824402, 19.4002723694, 20.0852603912, 20.758638382, 21.43201828, 22.1170063019, 22.8019943237, 23.4753742218, 24.1487522125, 24.8337402344, 25.5187301636, 26.1921081543, 26.865486145, 27.5504760742, 28.2354640961, 28.9088420868, 29.5822219849, 30.2672100067, 30.9521980286, 31.6255779266, 32.2989578247, 32.9839439392, 33.6689338684, 34.3423118591, 35.0156898499, 35.7006797791, 36.3856697083, 37.059047699, 37.7324256897, 38.4174156189, 39.1024017334, 39.7757797241, 40.4607696533, 41.1457595825, 41.8191375732, 42.492515564, 43.1775054932, 43.8624954224, 44.5358734131, 45.2092514038, 45.8826293945, 46.5676193237, 47.2526054382, 47.9259872437, 48.6109733582, 49.2959632874, 49.9693412781, 50.6427192688, 51.327709198, 52.0126991272, 52.6860771179, 53.3710632324, 54.0560531616, 54.7294311523, 55.4028091431, 56.0761909485, 56.761177063, 57.4461669922, 58.1195449829, 58.7929229736, 59.4779129028, 60.162902832, 60.8362808228, 61.5096588135, 62.1946487427, 62.8796348572, 63.5530128479, 64.2380065918, 64.9229888916, 65.5963668823, 66.2697525024, 66.9431304932, 67.6281204224, 68.3131027222, 68.9864807129, 69.6714706421, 70.3564605713, 71.029838562, 71.7032165527, 72.3882064819, 73.0731964111, 73.7465744019, 74.4199523926, 75.1049423218, 75.789932251, 76.4633102417, 77.1366882324, 77.8100662231, 78.4950561523, 79.1800460815, 79.8534240723, 80.5384140015, 81.2233963013, 81.8967819214, 82.5701599121, 83.2551422119, 83.9401321411, 84.6135101318, 85.2868881226, 85.9718780518, 86.656867981, 87.3302459717, 88.0036239624, 88.6886138916, 89.3736038208, 90.0469818115, 90.7203598022, 91.4053497314, 92.0903396606, 92.7637176514, 93.4370956421, 94.1220855713, 94.8070755005, 95.4804534912, 96.1538314819, 96.8388214111, 97.5238113403, 98.1971893311, 98.8705673218, 99.555557251, 100.240539551, 100.913917542, 101.587303162, 102.272285461, 102.957275391, 103.630653381, 104.304031372, 104.989021301, 105.67401123, 106.347389221, 107.020767212, 107.71736908, 108.39074707, 109.064125061, 109.737503052, 110.422492981, 111.10748291, 111.780860901, 112.454238892, 113.139228821, 113.82421875, 114.497596741, 115.170974731, 115.86756897, 116.54094696, 117.214332581, 117.89931488, 118.58430481, 119.2576828, 119.931060791, 120.61605072, 121.301040649, 121.97441864, 122.647796631, 123.321174622, 124.017776489, 124.69115448, 125.364532471, 126.037910461, 126.734512329, 127.40789032, 128.081268311, 128.76625061, 129.451248169, 130.12461853, 130.79800415, 131.48298645, 132.167984009, 132.84135437, 133.51473999, 134.19972229, 134.884719849, 135.55809021, 136.243087769, 136.928070068, 137.601455688, 138.27482605, 138.959823608, 139.644805908, 140.31817627, 140.99156189, 141.66494751, 142.34992981, 143.034912109, 143.708297729, 144.393280029, 145.078277588, 145.751647949, 146.425033569, 147.110015869, 147.795013428, 148.468383789, 149.141769409, 149.826751709, 150.511749268, 151.185119629, 151.858505249, 152.543487549, 153.228485107, 153.901855469, 154.575241089, 155.24861145, 155.933609009, 156.618591309, 157.291976929, 157.976959229, 158.661941528, 159.335327148, 160.00869751, 160.693695068, 161.378677368, 162.052062988, 162.72543335, 163.410430908, 164.095413208, 164.768798828, 165.442169189, 166.127166748, 166.812149048, 167.485534668, 168.158905029, 168.843902588, 169.528884888, 170.202270508, 170.887252808, 171.572235107, 172.245620728, 172.919006348, 173.603988647, 174.288970947, 174.962356567, 175.635726929, 176.309112549, 176.994094849, 177.679092407, 178.352462769, 179.037460327, 179.722442627, 180.395828247, 181.069198608, 181.754196167, 182.439178467, 183.112564087, 183.785934448, 184.470932007, 185.155914307, 185.829299927, 186.502670288, 187.187667847, 187.872650146, 188.546035767, 189.219406128, 189.904388428, 190.589385986, 191.262756348, 191.936141968, 192.621124268, 193.306121826, 193.979492188, 194.652877808, 195.337860107, 196.022857666, 196.696228027, 197.369613647, 198.054595947, 198.739593506, 199.412963867, 200.086349487, 200.771331787, 201.456329346, 202.129699707, 202.814697266, 203.499679565, 204.173049927, 204.846435547, 205.531417847, 206.216415405, 206.889785767, 207.563171387, 208.236557007, 208.921539307, 209.606521606, 210.279907227, 210.964889526, 211.649887085, 212.323257446, 212.996643066, 213.681625366, 214.366622925, 215.039993286, 215.713378906, 216.398361206, 217.083358765, 217.756729126, 218.430114746, 219.115097046, 219.800079346, 220.473464966, 221.146850586, 221.831832886, 222.516815186, 223.190200806, 223.863571167, 224.548568726, 225.233551025, 225.906936646, 226.580307007, 227.265304565, 227.950286865, 228.623672485, 229.297042847, 229.982040405, 230.667022705, 231.340408325, 232.013778687, 232.698776245, 233.383758545, 234.057144165, 234.730514526, 235.415512085, 236.100494385, 236.773880005, 237.447250366, 238.132247925, 238.817230225, 239.490600586, 240.163986206, 240.848968506, 241.533966064, 242.207336426, 242.880722046, 243.577316284, 244.250701904, 244.924072266, 245.597457886, 246.282440186, 246.967437744, 247.640808105, 248.314193726, 248.999176025, 249.684173584, 250.357543945, 251.030929565, 251.704299927, 252.389297485, 253.074279785, 253.759277344, 254.444259644, 255.129241943, 255.814239502, 256.499237061, 257.184204102], "beats_loudness": {"dvar2": 0.0031324881129, "var": 0.0019726511091, "min": 0, "dmean": 0.0439495630562, "mean": 0.116845056415, "max": 0.201792299747, "dmean2": 0.0742730274796, "median": 0.127802327275, "dvar": 0.00107331061736}, "bpm_histogram_second_peak_weight": {"dvar2": 0, "var": 0, "min": 0.0106100793928, "dmean": 0, "mean": 0.0106100793928, "max": 0.0106100793928, "dmean2": 0, "median": 0.0106100793928, "dvar": 0}, "bpm_histogram_second_peak_spread": {"dvar2": 0, "var": 0, "min": 0.200000032783, "dmean": 0, "mean": 0.200000032783, "max": 0.200000032783, "dmean2": 0, "median": 0.200000032783, "dvar": 0}, "bpm_histogram_second_peak_bpm": {"dvar2": 0, "var": 0, "min": 83, "dmean": 0, "mean": 83, "max": 83, "dmean2": 0, "median": 83, "dvar": 0}, "onset_rate": 5.47053480148}, "lowlevel": {"spectral_energyband_high": {"dvar2": 0.000259683351032, "var": 0.000114743976155, "min": 6.60465025812e-21, "dmean": 0.0053353193216, "mean": 0.00477333413437, "max": 0.0646124705672, "dmean2": 0.00828749034554, "median": 0.000183067357284, "dvar": 0.00011209690274}, "spectral_energyband_middle_low": {"dvar2": 0.000538249267265, "var": 0.000165786783327, "min": 1.7358817324e-22, "dmean": 0.0072109522298, "mean": 0.00736585306004, "max": 0.0958188846707, "dmean2": 0.0123403985053, "median": 0.00249198265374, "dvar": 0.000201435104827}, "spectral_energy": {"dvar2": 0.00237881601788, "var": 0.00267510931008, "min": 9.75534486062e-21, "dmean": 0.0246820244938, "mean": 0.0477807372808, "max": 0.221551686525, "dmean2": 0.0383433997631, "median": 0.0250219311565, "dvar": 0.00116489012726}, "spectral_spread": {"dvar2": 8936607449090.0, "var": 27532913016800.0, "min": 262761.34375, "dmean": 2247203.5, "mean": 7228385, "max": 42720132, "dmean2": 2771323.75, "median": 5596924.5, "dvar": 6241200898050.0}, "spectral_energyband_low": {"dvar2": 0.00177204189822, "var": 0.00192714098375, "min": 2.37982074829e-23, "dmean": 0.0186524838209, "mean": 0.0308666974306, "max": 0.209333121777, "dmean2": 0.0271405894309, "median": 0.0130275404081, "dvar": 0.000894147553481}, "spectral_rolloff": {"dvar2": 30766928, "var": 19047240, "min": 21.533203125, "dmean": 2315.97363281, "mean": 3021.82885742, "max": 19509.0820313, "dmean2": 4004.84301758, "median": 1227.39257813, "dvar": 15360912}, "barkbands": {"dvar2": [7.8153971117e-06, 0.00179749086965, 0.000639567209873, 0.000257949286606, 8.67179987836e-05, 2.47257480623e-06, 7.01350188592e-07, 3.51025960299e-06, 3.3801313748e-06, 4.71787961942e-06, 4.65749944851e-05, 1.83915381058e-05, 4.4513717512e-06, 4.92295339427e-06, 1.53150438109e-06, 4.7571100481e-07, 4.68505135132e-07, 1.71792567016e-06, 2.88813112093e-07, 5.39581662906e-07, 4.06230384442e-07, 9.91384126792e-07, 1.8979245624e-06, 6.91592731528e-06, 2.09599529626e-05, 2.39906530624e-05, 4.83231269754e-06], "var": [1.08001104309e-05, 0.00133529293817, 0.000211105405469, 6.14665623289e-05, 2.21554637392e-05, 9.54781398832e-07, 2.71759290627e-07, 4.12728240917e-06, 3.31376259055e-06, 2.29819329434e-06, 1.50513105837e-05, 1.34847932713e-05, 2.84910152004e-06, 4.4309695113e-06, 1.23520078432e-06, 2.87418629341e-07, 4.26685460297e-07, 8.53577546422e-07, 2.23597183435e-07, 2.09285317965e-07, 1.79398824685e-07, 4.23097844759e-07, 8.35560854284e-07, 3.02543503494e-06, 9.18378100323e-06, 1.11803547043e-05, 1.87321506928e-06], "min": [1.30486793814e-24, 2.8878990783e-24, 1.50762501091e-24, 1.30359520968e-24, 5.38529662572e-24, 1.48669925267e-23, 8.64584610146e-24, 4.68945228199e-24, 9.97287974914e-24, 2.38961082766e-23, 1.46090776091e-23, 3.20981254556e-23, 4.19820130172e-23, 3.78489530091e-23, 4.86972798253e-23, 5.84799502218e-23, 8.51439284457e-23, 1.23606261829e-22, 1.17165685855e-22, 1.73379535308e-22, 2.51063376567e-22, 3.04387294047e-22, 4.11921026114e-22, 5.66751298718e-22, 8.56038936758e-22, 1.24064985077e-21, 1.84418928022e-21], "dmean": [0.00139572366606, 0.0165160819888, 0.00685510458425, 0.00363913737237, 0.00257270317525, 0.000525072682649, 0.000273990153801, 0.000416867027525, 0.000509946024977, 0.000460451177787, 0.00139528221916, 0.00109286396764, 0.000620392384008, 0.000691587862093, 0.000329389527906, 0.000201908143936, 0.000188722100575, 0.000317262223689, 0.000109983498987, 0.000163013741258, 0.000171283842064, 0.000300320622046, 0.000422978802817, 0.000818720378447, 0.00141494476702, 0.00156294705812, 0.000701148586813], "mean": [0.00254505989142, 0.021488038823, 0.00551534350961, 0.00280984118581, 0.0023084608838, 0.000569403811824, 0.000303039938444, 0.000512896687724, 0.000726278405637, 0.000466161436634, 0.00119586696383, 0.00136847048998, 0.000771150283981, 0.000945672974922, 0.000405781203881, 0.000244754570303, 0.000244554626988, 0.000338804064086, 0.000139618423418, 0.000151110987645, 0.000167292106198, 0.000285762303974, 0.000398963340558, 0.000732604821678, 0.00124489143491, 0.00132968567777, 0.00056163436966], "max": [0.0158694591373, 0.194113761187, 0.0903392583132, 0.079515427351, 0.0493905730546, 0.010570245795, 0.00743468990549, 0.0625377371907, 0.027247807011, 0.0370300039649, 0.051283955574, 0.0624609291553, 0.0240108594298, 0.0343149676919, 0.0151962870732, 0.00850669573992, 0.0113191315904, 0.0118411369622, 0.0130237517878, 0.014139723964, 0.00733941653743, 0.00668541667983, 0.0100212125108, 0.0171882417053, 0.0203278455883, 0.0261988509446, 0.00900872517377], "dmean2": [0.00216248934157, 0.0242863595486, 0.0114288311452, 0.00645393831655, 0.00459405314177, 0.000860632921103, 0.000455816014437, 0.000683254736941, 0.000820085639134, 0.000781547452789, 0.00239353440702, 0.00178400683217, 0.00101400283165, 0.00106809521094, 0.0005280157784, 0.000324495893437, 0.000292232434731, 0.000515872146934, 0.000174035143573, 0.000275716942269, 0.000283268309431, 0.000487805431476, 0.000682831043378, 0.0012916487176, 0.00220517255366, 0.00243424065411, 0.00110127276275], "median": [0.000923847488593, 0.00778265390545, 0.000706730992533, 0.00045492121717, 0.000520343892276, 0.000177743393579, 0.000106631494418, 5.77718383283e-05, 9.20392049011e-05, 4.4634733058e-05, 5.86572386965e-05, 0.00010378879233, 9.69723041635e-05, 0.000111104956886, 6.31209331914e-05, 4.46497288067e-05, 3.87894724554e-05, 4.19948773924e-05, 2.53486068686e-05, 2.03442814382e-05, 1.75796612893e-05, 1.93420601136e-05, 1.87320365512e-05, 1.43352126543e-05, 1.5665193132e-05, 8.98183316167e-06, 3.84633585782e-06], "dvar": [3.6550788991e-06, 0.000874559103977, 0.000257791340118, 9.34087001951e-05, 3.10377581627e-05, 9.58131863626e-07, 2.72113908295e-07, 1.73804062342e-06, 1.39619351103e-06, 1.83298357115e-06, 1.77417168743e-05, 7.59276599638e-06, 1.79399989975e-06, 2.18120180762e-06, 7.17257989891e-07, 2.1003509687e-07, 2.38235230654e-07, 7.11423638222e-07, 1.30964238565e-07, 2.11801534533e-07, 1.63235412742e-07, 3.97653849404e-07, 7.87088879406e-07, 2.95395420835e-06, 8.97399786481e-06, 1.08236681626e-05, 2.00711679099e-06]}, "melbands_skewness": {"dvar2": 15.2245807648, "var": 25.2884407043, "min": -2.94034838676, "dmean": 2.21049404144, "mean": 4.50902938843, "max": 47.1193771362, "dmean2": 3.07891321182, "median": 2.83084988594, "dvar": 7.87877178192}, "barkbands_skewness": {"dvar2": 7.35148286819, "var": 11.557507515, "min": -5.90671157837, "dmean": 1.64295721054, "mean": 2.30819892883, "max": 26.0391693115, "dmean2": 2.26061964035, "median": 1.26027357578, "dvar": 3.79863190651}, "erbbands": {"dvar2": [4.1667714119, 64.6836700439, 518.745849609, 1529.22351074, 1894.41760254, 752.502807617, 177.601486206, 146.202636719, 75.6142883301, 793.011230469, 1723.20568848, 1983.35559082, 1905.48498535, 24135.6367188, 58266, 27787.5996094, 8421.83886719, 15112.25, 5977.52294922, 2805.19262695, 1727.91308594, 1401.12231445, 6507.23095703, 485.694519043, 1449.35168457, 931.095092773, 577.455810547, 543.308349609, 1069.52929688, 1822.3963623, 1783.46179199, 1239.87341309, 3465.87744141, 2433.1496582, 861.898254395, 281.058959961, 101.213020325, 10.9617958069, 0.127430662513, 0.000163978998899], "var": [1.65597259998, 61.2227745056, 248.010009766, 465.584289551, 467.959899902, 199.358047485, 65.9564056396, 56.3258552551, 32.3496170044, 262.128173828, 2634.88012695, 926.313049316, 2199.08935547, 8080.34326172, 21063.3632813, 13892.6142578, 4863.53857422, 15221.0888672, 4803.32324219, 1653.63903809, 1213.08520508, 1287.01013184, 2986.61547852, 337.810211182, 1031.93200684, 367.471588135, 239.790344238, 278.209655762, 444.348602295, 757.880004883, 719.954467773, 598.636474609, 1434.18408203, 963.344299316, 460.009307861, 170.996368408, 41.4392471313, 4.02294301987, 0.0475001856685, 6.64272520225e-05], "min": [8.66853184783e-23, 1.04262046952e-21, 2.82164049885e-21, 1.04486676168e-20, 2.39718847911e-20, 2.60206124511e-20, 5.15089438716e-20, 1.40710970218e-19, 1.32285579918e-19, 2.56882438493e-19, 1.78284861137e-19, 3.15236592739e-19, 4.84755704603e-19, 7.77211769122e-19, 1.29797976397e-18, 1.75157583339e-18, 2.16319538186e-18, 2.17760941762e-18, 2.77847858446e-18, 2.86004893262e-18, 4.15194664434e-18, 5.92778389189e-18, 6.69512129585e-18, 8.69234474895e-18, 8.43044034186e-18, 8.09708572782e-18, 9.94083657162e-18, 1.00734443772e-17, 1.27657245379e-17, 1.23542832469e-17, 1.25303296151e-17, 1.20924077911e-17, 1.01342396706e-17, 8.6852731819e-18, 5.79861136743e-18, 4.24593628221e-18, 2.24569031114e-18, 8.78488247805e-19, 2.19533760421e-19, 2.88299132974e-20], "dmean": [0.654417037964, 3.25288748741, 7.15248298645, 9.87079429626, 11.5060853958, 7.37454509735, 4.49471664429, 4.06920528412, 3.1819524765, 6.80447101593, 8.88572311401, 11.1527061462, 12.1336421967, 30.7250156403, 53.7751617432, 40.6970100403, 25.8255176544, 37.4248809814, 21.4289340973, 14.131570816, 11.7308750153, 10.6290130615, 19.1245517731, 6.21051692963, 7.41253709793, 7.12541627884, 6.19701194763, 6.75736045837, 9.60187149048, 13.0065412521, 12.6928167343, 11.1847524643, 17.969959259, 14.6196079254, 9.56902503967, 5.70440769196, 3.06738519669, 0.995983660221, 0.111004374921, 0.00442425394431], "mean": [0.756742477417, 4.22874689102, 6.93963909149, 8.40223884583, 9.30463504791, 7.05474853516, 4.73059940338, 4.43662166595, 3.59961175919, 7.06120300293, 12.1425056458, 13.5144262314, 18.6198616028, 28.0053596497, 55.1664428711, 47.4785690308, 32.8929214478, 54.0282592773, 28.3268947601, 16.810049057, 15.5914583206, 14.3550596237, 20.2584342957, 7.99771499634, 8.49426746368, 6.75570201874, 5.99491214752, 6.80591106415, 9.08590221405, 11.8497962952, 11.6424531937, 10.4350862503, 15.726978302, 12.5909862518, 8.93357658386, 5.34524583817, 2.50157356262, 0.783982098103, 0.0874391645193, 0.00357527239248], "max": [8.74600887299, 46.2093505859, 109.277870178, 194.488510132, 186.469009399, 172.072433472, 111.933280945, 72.8380050659, 64.6967315674, 266.044219971, 1650.38867188, 412.292022705, 814.220458984, 1368.53430176, 1686.35888672, 2450.07348633, 1090.28283691, 2145.78466797, 1323.01416016, 635.643066406, 587.570556641, 620.621643066, 748.053283691, 242.512359619, 896.024475098, 418.270965576, 338.210998535, 272.408630371, 229.117797852, 326.126068115, 201.81211853, 275.419189453, 291.258056641, 232.013870239, 176.712905884, 122.45904541, 55.9529838562, 15.1302461624, 1.52730953693, 0.0513905920088], "dmean2": [1.03936266899, 4.74524068832, 10.848028183, 16.4472293854, 20.7872390747, 12.8968067169, 7.5141825676, 6.71189785004, 5.24560117722, 11.4463424683, 14.1046285629, 18.6328086853, 18.656873703, 52.6136856079, 91.0991973877, 67.5995483398, 42.7425613403, 57.4188613892, 33.4849891663, 23.3863773346, 18.2893371582, 16.5336589813, 31.3634777069, 9.67109870911, 11.9614276886, 11.9098882675, 10.2885389328, 10.975851059, 15.8188447952, 20.9260044098, 20.6611537933, 17.4732894897, 28.7445106506, 23.5617847443, 14.2177276611, 8.64891529083, 4.84249019623, 1.58980643749, 0.176077768207, 0.00694961985573], "median": [0.3431853652, 0.976463973522, 1.20103824139, 1.52215051651, 1.70414912701, 1.66475212574, 1.40154564381, 1.45134079456, 1.30524814129, 1.86031424999, 1.68526804447, 2.08562421799, 2.21694612503, 2.26263403893, 3.91425895691, 4.85327863693, 5.13231086731, 6.48617267609, 4.96888303757, 3.27479696274, 3.29943013191, 2.63623714447, 2.56655883789, 1.62071347237, 1.4769616127, 0.950987994671, 0.721398055553, 0.674117982388, 0.687763869762, 0.560835897923, 0.557240903378, 0.30284678936, 0.246676698327, 0.235654652119, 0.0814492255449, 0.0423837527633, 0.0145839657634, 0.00505602313206, 0.000558428582735, 6.80632874719e-05], "dvar": [1.59435451031, 37.1995582581, 231.03956604, 594.161071777, 685.669006348, 269.198150635, 67.4853897095, 56.7081718445, 30.0124988556, 296.967193604, 949.965270996, 737.50958252, 874.333190918, 9074.46972656, 22142.7128906, 10940.6787109, 3250.24389648, 6988.93896484, 2736.85058594, 1161.95922852, 807.080932617, 729.85333252, 2630.16772461, 214.475601196, 658.416259766, 369.537078857, 228.816619873, 226.002548218, 422.306304932, 746.821594238, 725.105163574, 528.441101074, 1463.06958008, 1004.9276123, 396.032409668, 142.163452148, 43.28956604, 4.48422861099, 0.0524604320526, 6.91475797794e-05]}, "silence_rate_30dB": {"dvar2": 0.218053102493, "var": 0.156637191772, "min": 0, "dmean": 0.12693554163, "mean": 0.805563032627, "max": 1, "dmean2": 0.253893941641, "median": 1, "dvar": 0.110823996365}, "melbands_spread": {"dvar2": 1428.3248291, "var": 996.651977539, "min": 0.0802499428391, "dmean": 16.381816864, "mean": 26.4371814728, "max": 288.674194336, "dmean2": 25.8115692139, "median": 16.9407749176, "dvar": 605.432067871}, "melbands_crest": {"dvar2": 46.9029464722, "var": 71.8977890015, "min": 1.64381897449, "dmean": 5.18599081039, "mean": 19.5561141968, "max": 39.5510940552, "dmean2": 8.19796943665, "median": 19.803232193, "dvar": 22.8969783783}, "zerocrossingrate": {"dvar2": 0.00265452638268, "var": 0.00736073590815, "min": 0.00048828125, "dmean": 0.0407040528953, "mean": 0.0915368869901, "max": 0.53564453125, "dmean2": 0.0479724556208, "median": 0.06201171875, "dvar": 0.00199284637347}, "barkbands_kurtosis": {"dvar2": 5464.72412109, "var": 3886.11572266, "min": -1.98419940472, "dmean": 20.1951694489, "mean": 22.7879428864, "max": 771.770751953, "dmean2": 30.9866027832, "median": 1.94843435287, "dvar": 2508.68286133}, "spectral_flux": {"dvar2": 0.00616940902546, "var": 0.0097165806219, "min": 6.42218569991e-11, "dmean": 0.0582982599735, "mean": 0.130905047059, "max": 0.406917452812, "dmean2": 0.0905679166317, "median": 0.0979072526097, "dvar": 0.00351591152139}, "barkbands_crest": {"dvar2": 21.1677188873, "var": 33.2950630188, "min": 1.98204433918, "dmean": 3.92562675476, "mean": 12.6463823318, "max": 26.3782367706, "dmean2": 5.53409719467, "median": 11.9639425278, "dvar": 10.4174194336}, "barkbands_flatness_db": {"dvar2": 0.00391089776531, "var": 0.0099933994934, "min": 0.0181596968323, "dmean": 0.0501155890524, "mean": 0.184181153774, "max": 0.634736299515, "dmean2": 0.067866563797, "median": 0.165811002254, "dvar": 0.0024050581269}, "spectral_entropy": {"dvar2": 0.366170972586, "var": 0.689734518528, "min": 4.50113010406, "dmean": 0.413787513971, "mean": 7.54204082489, "max": 9.81915378571, "dmean2": 0.560444295406, "median": 7.62711334229, "dvar": 0.203092828393}, "pitch_salience": {"dvar2": 0.0194698125124, "var": 0.0355920791626, "min": 0.0469777099788, "dmean": 0.11784298718, "mean": 0.485532730818, "max": 0.939067721367, "dmean2": 0.165427148342, "median": 0.495081782341, "dvar": 0.00977255217731}, "erbbands_spread": {"dvar2": 1069.71435547, "var": 2029.80932617, "min": 0.84569633007, "dmean": 22.0768013, "mean": 49.1916503906, "max": 235.446853638, "dmean2": 29.4053859711, "median": 33.8201217651, "dvar": 643.968811035}, "dynamic_complexity": 4.27602386475, "spectral_contrast_valleys": {"dvar2": [0.744546890259, 0.653921246529, 0.827833116055, 0.674415111542, 0.811969220638, 1.45974314213], "var": [4.60956287384, 2.92657136917, 3.03531527519, 2.97645759583, 3.27530002594, 4.13058614731], "min": [-28.2386798859, -27.768245697, -27.688873291, -27.7179374695, -27.6373462677, -27.3974723816], "dmean": [0.658092200756, 0.592716038227, 0.628278195858, 0.546893060207, 0.583177864552, 0.828030288219], "mean": [-7.53790092468, -7.63005447388, -8.05494022369, -8.37870979309, -8.58863925934, -10.3203430176], "max": [-5.02508354187, -4.8023314476, -4.67628908157, -5.45767498016, -5.46742248535, -7.02053117752], "dmean2": [0.895087718964, 0.852995038033, 0.943065285683, 0.812054038048, 0.830715417862, 1.02460920811], "median": [-6.72197341919, -7.42814302444, -7.95683670044, -8.24010372162, -8.36408901215, -10.3871889114], "dvar": [0.562302649021, 0.354059278965, 0.446819663048, 0.333485871553, 0.4274944067, 0.804636836052]}, "hfc": {"dvar2": 37297.3203125, "var": 16641.1835938, "min": 1.03956082301e-16, "dmean": 66.6235580444, "mean": 66.5583953857, "max": 735.870361328, "dmean2": 102.958648682, "median": 15.897277832, "dvar": 16024.9033203}, "spectral_kurtosis": {"dvar2": 235.379196167, "var": 355.769683838, "min": -1.41604065895, "dmean": 4.97984743118, "mean": 8.82147979736, "max": 378.958435059, "dmean2": 7.24343729019, "median": 4.52076101303, "dvar": 119.068191528}, "mfcc": {"mean": [-705.434570313, 110.849662781, 15.6654233932, 7.00685834885, 21.7883377075, 16.0683383942, 9.11461353302, 6.10393667221, 0.865214705467, -0.0728986039758, 5.56775426865, 1.36838114262, 0.281007736921], "cov": [[13747.4306641, -2100.85498047, -120.107307434, -161.630203247, -72.824836731, 218.043701172, 349.025268555, 189.067581177, -73.3833465576, -46.2189483643, -6.93006467819, -94.4372634888, -146.756469727], [-2100.85498047, 3345.73242188, -777.547241211, -21.9207363129, 313.696960449, -180.381332397, 121.863822937, 122.264358521, 71.7717208862, 73.5892410278, 120.834846497, 28.3258266449, 83.5687179565], [-120.107307434, -777.547241211, 3705.99780273, 719.859924316, 559.554626465, 511.694549561, 63.5059585571, 8.58299827576, 112.820358276, 44.7231445313, 15.7707386017, 97.020866394, 127.047668457], [-161.630203247, -21.9207363129, 719.859924316, 821.582092285, 228.085723877, 90.5632629395, -72.2521591187, -114.844871521, -3.40369272232, 16.4997596741, 59.1528053284, 84.9591217041, 55.1025886536], [-72.824836731, 313.696960449, 559.554626465, 228.085723877, 655.925598145, 205.028137207, 123.974029541, 119.041793823, 87.1846923828, 94.8596420288, 134.435592651, 74.0739440918, 104.780181885], [218.043701172, -180.381332397, 511.694549561, 90.5632629395, 205.028137207, 329.091308594, 132.220184326, 68.236114502, 61.6972846985, 61.1000518799, 52.4981956482, 45.5527534485, 64.3086013794], [349.025268555, 121.863822937, 63.5059585571, -72.2521591187, 123.974029541, 132.220184326, 306.307830811, 149.107711792, 59.738483429, 54.1370925903, 54.6884269714, 0.0941419824958, 58.7224006653], [189.067581177, 122.264358521, 8.58299827576, -114.844871521, 119.041793823, 68.236114502, 149.107711792, 244.653396606, 84.4769821167, 59.7698173523, 57.2466697693, 4.89029693604, 29.5061664581], [-73.3833465576, 71.7717208862, 112.820358276, -3.40369272232, 87.1846923828, 61.6972846985, 59.738483429, 84.4769821167, 159.256607056, 72.7703704834, 42.9738960266, 32.5798454285, 30.7737731934], [-46.2189483643, 73.5892410278, 44.7231445313, 16.4997596741, 94.8596420288, 61.1000518799, 54.1370925903, 59.7698173523, 72.7703704834, 138.206939697, 78.534286499, 26.0663394928, 29.0468940735], [-6.93006467819, 120.834846497, 15.7707386017, 59.1528053284, 134.435592651, 52.4981956482, 54.6884269714, 57.2466697693, 42.9738960266, 78.534286499, 161.082366943, 56.9822692871, 33.453453064], [-94.4372634888, 28.3258266449, 97.020866394, 84.9591217041, 74.0739440918, 45.5527534485, 0.0941419824958, 4.89029693604, 32.5798454285, 26.0663394928, 56.9822692871, 103.542747498, 49.8115959167], [-146.756469727, 83.5687179565, 127.047668457, 55.1025886536, 104.780181885, 64.3086013794, 58.7224006653, 29.5061664581, 30.7737731934, 29.0468940735, 33.453453064, 49.8115959167, 111.570220947]], "icov": [[8.88002978172e-05, 6.3901708927e-05, 2.13091625483e-05, -1.98244470084e-05, -2.68173225777e-05, -1.28912452055e-05, -0.000138776100357, -5.40299624845e-05, 5.34146311111e-05, 3.8342710468e-05, -7.91606362327e-06, -1.00824991023e-05, 0.000156573121785], [6.3901708927e-05, 0.000427773251431, 0.000103280959593, -4.71103303425e-05, -0.000298048078548, 0.000378226308385, -0.000252036727034, -4.55686495116e-05, -7.9036472016e-05, 1.22448573165e-05, -6.01852043474e-05, 3.73316179321e-05, -0.000104101811303], [2.13091625483e-05, 0.000103280959593, 0.000457213434856, -0.000304788525682, -0.000240908557316, -0.000492992985528, 6.90538872732e-05, -4.8802481615e-05, -0.000200777794817, 0.000140371004818, 0.00031150309951, 8.16621977719e-05, -4.34990579379e-05], [-1.98244470084e-05, -4.71103303425e-05, -0.000304788525682, 0.00189455738291, -0.000455002940726, 8.19475244498e-05, 0.000278523453744, 0.00107983441558, 0.000136485658004, -2.86138038064e-05, -0.000487453682581, -0.000707317027263, -0.00019975026953], [-2.68173225777e-05, -0.000298048078548, -0.000240908557316, -0.000455002940726, 0.00284394039772, -0.000940176832955, 0.000199848363991, -0.000833040627185, -2.57162846538e-05, -7.07889339537e-05, -0.00127460458316, 0.000310630566673, -0.00105778931174], [-1.28912452055e-05, 0.000378226308385, -0.000492992985528, 8.19475244498e-05, -0.000940176832955, 0.00577340135351, -0.00200268928893, 0.000280651554931, -0.000217397842789, -0.00103163078893, 0.000304461224005, -0.00121532578487, -0.000464456359623], [-0.000138776100357, -0.000252036727034, 6.90538872732e-05, 0.000278523453744, 0.000199848363991, -0.00200268928893, 0.00623366655782, -0.00247067469172, -0.000121661199955, 0.000147582046338, -0.000989464344457, 0.00229685287923, -0.00260447524488], [-5.40299624845e-05, -4.55686495116e-05, -4.8802481615e-05, 0.00107983441558, -0.000833040627185, 0.000280651554931, -0.00247067469172, 0.00762527994812, -0.00248363125138, -0.000199591595447, -0.00111668941099, 0.000588012568187, 0.000198995156097], [5.34146311111e-05, -7.9036472016e-05, -0.000200777794817, 0.000136485658004, -2.57162846538e-05, -0.000217397842789, -0.000121661199955, -0.00248363125138, 0.0100001087412, -0.00422521494329, 0.00128313270397, -0.00253021763638, 0.000247652205871], [3.8342710468e-05, 1.22448573165e-05, 0.000140371004818, -2.86138038064e-05, -7.07889339537e-05, -0.00103163078893, 0.000147582046338, -0.000199591595447, -0.00422521494329, 0.0127128669992, -0.00512236030772, 0.00181131612044, -0.000885343179107], [-7.91606362327e-06, -6.01852043474e-05, 0.00031150309951, -0.000487453682581, -0.00127460458316, 0.000304461224005, -0.000989464344457, -0.00111668941099, 0.00128313270397, -0.00512236030772, 0.0118507193401, -0.00546963233501, 0.00162663764786], [-1.00824991023e-05, 3.73316179321e-05, 8.16621977719e-05, -0.000707317027263, 0.000310630566673, -0.00121532578487, 0.00229685287923, 0.000588012568187, -0.00253021763638, 0.00181131612044, -0.00546963233501, 0.0168532170355, -0.00639843195677], [0.000156573121785, -0.000104101811303, -4.34990579379e-05, -0.00019975026953, -0.00105778931174, -0.000464456359623, -0.00260447524488, 0.000198995156097, 0.000247652205871, -0.000885343179107, 0.00162663764786, -0.00639843195677, 0.0145054748282]]}, "silence_rate_20dB": {"dvar2": 0, "var": 0, "min": 1, "dmean": 0, "mean": 1, "max": 1, "dmean2": 0, "median": 1, "dvar": 0}, "melbands_kurtosis": {"dvar2": 44649.6875, "var": 37859.1835938, "min": -1.93117380142, "dmean": 56.2152557373, "mean": 75.4029541016, "max": 3269.35888672, "dmean2": 81.8559570313, "median": 10.18887043, "dvar": 21598.1757813}, "barkbands_spread": {"dvar2": 1013.1449585, "var": 918.773986816, "min": 0.259100317955, "dmean": 18.6540317535, "mean": 30.0341110229, "max": 148.895935059, "dmean2": 27.5364570618, "median": 19.5614967346, "dvar": 526.741455078}, "erbbands_skewness": {"dvar2": 1.12901258469, "var": 1.53491199017, "min": -5.69657897949, "dmean": 0.752369225025, "mean": 0.0700792521238, "max": 6.32072257996, "dmean2": 1.09105753899, "median": 0.0225629210472, "dvar": 0.523264110088}, "average_loudness": 0.936779856682, "spectral_centroid": {"dvar2": 859592.0625, "var": 1394617.625, "min": 94.9892578125, "dmean": 486.851623535, "mean": 1483.28808594, "max": 11588.0751953, "dmean2": 733.575561523, "median": 1297.01025391, "dvar": 413979.1875}, "dissonance": {"dvar2": 0.00185125693679, "var": 0.0013652703492, "min": 0.173496335745, "dmean": 0.0243954323232, "mean": 0.461145311594, "max": 0.500000119209, "dmean2": 0.0404964908957, "median": 0.47248005867, "dvar": 0.000719128234778}, "erbbands_flatness_db": {"dvar2": 0.00250538741238, "var": 0.00671547977254, "min": 0.0220221076161, "dmean": 0.037184804678, "mean": 0.156833052635, "max": 0.530242443085, "dmean2": 0.0512120500207, "median": 0.138151243329, "dvar": 0.0015193130821}, "spectral_strongpeak": {"dvar2": 2.77370095253, "var": 1.98582565784, "min": 0, "dmean": 0.577938258648, "mean": 0.860788822174, "max": 18.7470493317, "dmean2": 0.936930060387, "median": 0.326182693243, "dvar": 1.24625253677}, "spectral_rms": {"dvar2": 7.36867923479e-06, "var": 1.38128816616e-05, "min": 3.08502984443e-12, "dmean": 0.00175348541234, "mean": 0.00572733161971, "max": 0.0147019727156, "dmean2": 0.00259494781494, "median": 0.00494081387296, "dvar": 4.14220130551e-06}, "silence_rate_60dB": {"dvar2": 0.17121219635, "var": 0.11160390079, "min": 0, "dmean": 0.0887648537755, "mean": 0.128004327416, "max": 1, "dmean2": 0.177545696497, "median": 0, "dvar": 0.0808799639344}, "melbands": {"dvar2": [0.000196791210328, 6.69140354148e-05, 3.66802414646e-05, 6.30913837085e-06, 2.84999885025e-07, 7.49002566636e-08, 1.84960402549e-08, 1.10708008094e-07, 9.54698080591e-08, 8.0272393177e-08, 4.60658213797e-08, 3.39185163512e-07, 9.36754020131e-07, 3.05734062067e-07, 6.437583977e-08, 5.49439249653e-08, 5.75037972794e-08, 2.10988062577e-08, 7.22690396415e-09, 2.67254685049e-09, 3.58344998119e-09, 1.74223191429e-09, 3.47766859754e-09, 3.96395183344e-09, 2.5230825762e-10, 5.21554743838e-10, 1.28024035817e-09, 3.48460232891e-10, 1.61896954176e-10, 4.0288297698e-10, 1.35386424294e-10, 2.45656606168e-10, 5.83909087748e-10, 5.63909696716e-10, 5.25395782436e-10, 5.5936910659e-10, 5.75876013542e-10, 7.53538009768e-10, 6.42982733723e-09, 8.37746150228e-10], "var": [0.000113722519018, 6.64121762384e-05, 1.30527787405e-05, 1.58932914474e-06, 1.01320431156e-07, 2.90682216075e-08, 7.95911248019e-09, 4.66460647885e-08, 1.32513534368e-07, 5.35583772887e-08, 5.4967554064e-08, 1.18541137795e-07, 3.10537615178e-07, 2.38716921785e-07, 3.31859162372e-08, 4.17390282337e-08, 5.25442338528e-08, 1.56031898513e-08, 5.60970514485e-09, 1.2500671609e-09, 2.13743134303e-09, 1.51011048111e-09, 2.09343631319e-09, 2.18546514219e-09, 1.63050711821e-10, 4.29682622816e-10, 6.29498009275e-10, 1.2406241312e-10, 7.92666973726e-11, 1.444964981e-10, 7.73297953449e-11, 1.09171345575e-10, 2.29713401079e-10, 2.36298952627e-10, 2.07040981581e-10, 2.46012377136e-10, 2.55533677551e-10, 4.26031376843e-10, 1.90439353176e-09, 4.2039199899e-10], "min": [1.83992103154e-24, 1.60499904282e-24, 2.26267514052e-24, 1.5794776176e-24, 1.92751358265e-24, 3.18731005158e-24, 2.65952542396e-24, 2.68243039477e-24, 1.76623294273e-24, 1.99596757935e-24, 2.49444779928e-24, 3.48387875902e-24, 2.59470058185e-24, 3.75352601036e-24, 4.13906284512e-24, 2.85988406375e-24, 3.47195946518e-24, 3.51424004311e-24, 4.15568651098e-24, 3.50950332781e-24, 3.72733464501e-24, 4.92651957793e-24, 4.60048809897e-24, 5.0747631081e-24, 6.37235883338e-24, 4.72404304382e-24, 4.46351936329e-24, 5.13163051304e-24, 4.49808843144e-24, 6.37363521032e-24, 5.34074610053e-24, 5.93498910397e-24, 5.92397976118e-24, 6.40563061978e-24, 6.19203666893e-24, 7.34959696175e-24, 6.32210681599e-24, 6.16488486543e-24, 6.50163933068e-24, 6.86914043857e-24], "dmean": [0.00509197963402, 0.003381236922, 0.00166479300242, 0.000695574621204, 0.000173144362634, 9.23049738049e-05, 4.99823327118e-05, 7.81017661211e-05, 6.79938457324e-05, 7.47574886191e-05, 5.97016187385e-05, 0.00011523887224, 0.000203582530958, 0.000135891808895, 6.47610722808e-05, 7.14214038453e-05, 6.94038608344e-05, 3.84861778002e-05, 2.2127849661e-05, 1.45637550304e-05, 1.48515573528e-05, 1.10790933832e-05, 1.57172580657e-05, 1.48455310409e-05, 4.10147004004e-06, 4.51324467576e-06, 6.8105414357e-06, 4.37352900917e-06, 3.27898328578e-06, 5.09521714775e-06, 3.45346211361e-06, 4.72475085189e-06, 7.01598173691e-06, 7.20150137568e-06, 6.79765071254e-06, 7.13210056347e-06, 7.4121248872e-06, 9.36274318519e-06, 2.12036284211e-05, 9.29384623305e-06], "mean": [0.00646896846592, 0.00440993066877, 0.00152151286602, 0.000599714170676, 0.000186431250768, 0.000101014193206, 5.67368770135e-05, 8.45756876515e-05, 9.05390334083e-05, 9.73237983999e-05, 9.1643370979e-05, 0.000102561367385, 0.000189646350918, 0.000171853709617, 7.17100556358e-05, 9.10656308406e-05, 9.73811329459e-05, 4.82657196699e-05, 2.70464861387e-05, 1.61634816322e-05, 1.89924012375e-05, 1.41801992868e-05, 1.76914454642e-05, 1.57383365149e-05, 5.26728263139e-06, 5.49754940948e-06, 6.65843936076e-06, 3.94203561882e-06, 3.25118207911e-06, 4.58967451777e-06, 3.56951431968e-06, 4.5590454647e-06, 6.36446247881e-06, 6.47885508442e-06, 6.16493252892e-06, 6.61175499772e-06, 6.67246467856e-06, 9.16300905374e-06, 1.5965248167e-05, 8.76045123732e-06], "max": [0.0643806681037, 0.0521347410977, 0.0325133986771, 0.0129705313593, 0.00474792532623, 0.00166768941563, 0.00100304442458, 0.00407747924328, 0.0114249810576, 0.00355386105366, 0.00395869789645, 0.00608914112672, 0.0078540770337, 0.00897140335292, 0.00307963811792, 0.00268894503824, 0.00436956388876, 0.00278478651308, 0.000993313966319, 0.000494390493259, 0.000743892684113, 0.000637312768959, 0.00068372010719, 0.000779659196269, 0.000229182391195, 0.000566316768527, 0.000751165905967, 0.00023730310204, 0.000194104955881, 0.000199163376237, 0.0001600436226, 0.000108987136628, 0.000165361576364, 0.000284324079985, 0.000138459305163, 0.000139697280247, 0.000192936655367, 0.000171103674802, 0.000362060294719, 0.000147955885041], "dmean2": [0.00745950080454, 0.00459982827306, 0.00271745515056, 0.00124859320931, 0.000289666786557, 0.000151682455908, 8.25240713311e-05, 0.00013169797603, 0.000108693864604, 0.000123048419482, 9.11646784516e-05, 0.000196967768716, 0.000348378351191, 0.000221713693463, 0.000108575950435, 0.000113596965093, 0.00010723995365, 6.10013157711e-05, 3.55650117854e-05, 2.43963204412e-05, 2.33056689467e-05, 1.72707968886e-05, 2.5294135412e-05, 2.39301698457e-05, 6.4973901317e-06, 7.19833269613e-06, 1.14998338177e-05, 7.32019316274e-06, 5.41619192518e-06, 8.5620677055e-06, 5.52956862521e-06, 7.70424958318e-06, 1.15195443868e-05, 1.1586544133e-05, 1.11796498459e-05, 1.14548611236e-05, 1.15766088129e-05, 1.43668876262e-05, 3.62002028851e-05, 1.4366495634e-05], "median": [0.00284098251723, 0.000828307121992, 0.000280436943285, 0.00012647814583, 5.39241118531e-05, 3.30276343448e-05, 2.04371590371e-05, 1.91854160221e-05, 1.08916483441e-05, 1.26867553263e-05, 1.00241513792e-05, 6.44900637781e-06, 1.21703078548e-05, 1.11780682346e-05, 9.27296605369e-06, 1.0321062291e-05, 1.09524289655e-05, 5.58830470254e-06, 4.36866093878e-06, 2.91541778097e-06, 3.42433918377e-06, 2.15039995055e-06, 2.27029363