{"metadata": {"tags": {"bpm": ["111.48"], "musicip_puid": ["34e2b77a-fe47-2ad3-fdba-dcaa0b427573"], "musicbrainz_albumid": ["8f5cad8a-7162-4150-99b2-0db05a563b3c"], "genre": ["Oldies"], "musicbrainz_artistid": ["7f6c83a6-f048-4895-99a1-94caf32a47ef"], "title": ["Why Why Why (Is It So Hard)"], "tracknumber": ["18"], "artist": ["Paul Revere & The Raiders"], "musicbrainz_albumartistid": ["7f6c83a6-f048-4895-99a1-94caf32a47ef"], "album": ["'63 -'67: The Essential Ride"], "musicbrainz album type": ["Compilation"], "musicbrainz_recordingid": ["08c78356-07b2-45fe-a6e3-de718c913d12"], "musicbrainz album release country": ["United States"], "date": ["1966"], "acoustid_id": ["9fbe33b1-2e6e-4e81-9987-b97b11a08bda"], "file_name": "Paul Revere & The Raiders - Why Why Why (Is It So Hard).mp3", "acoustid_fingerprint": ["AQADtAkXnlGQ58PbwaViHGFIMtCU9BJ-uIucIF-QT4eX426Iw1126Cv6MUcTMeOQe6ikYzf67Lh08Ef4JQ_My8iP5sd3tDKaX-hjwR_C5lDzIxeHW8lxgdfxG3luaHkRmjrOOcN9nNJR74TdI5KXQXsu5FlRfcVzdIrywUdspoOf6NB-PNGxH9egHf5y5Dl-PJGWBFssEc9REjmXUEJyy0nQ_CiuHBW5KbDe4EexG-EXiLOe4A9y4hGMngpyH_XwBrUNybuCPowkwUWVKD9-gyE5GnqGqQ5yFyfypHig88jx40eTLMkYMSglpkd-KN-Rl3hu8EcdB1VGIdehS8FlI06io4aPPhHuIH_xHtfxJIR6B_l09EcTMcGv4y--gmU-oi98wkcf3PlQJbkQbTf0E5GeJfjR1LjCw0dP4U-C49rxJsd5oQmPRj3xG0m_HFnCHD2aE7_hJOXRgzd-Ijf0RBmqhEvgP_h5-PWQD-ZwHE68dKgtlCG84y8RXtCltEPshBR-PGgqHo8Q6Tp05F8xM2g4IaR66EnyIi9-nDiTMQXDK2iWfMgzqFYifDm0_Ah11HkSWMpT_PlwNMedI3liJwh_NE_wJA-OKwdjEe5QxwYuWcLLoIfHw0uUHuGTQ550ZN-PZyPOL2iUPApqHWeE5gt6Ik9Q-gmcJbFRJRJ55Gzw44ebIr-DMydEbkb84AeHEzua08N05FegewgpCmV0xMaPMz6YnHC0B5q2F09yXNWFIuXgwz1uVrhwgbnx48gDLY-OCl0jiDvhbPrgWQ9-9LrRQ8zzokRYfdgufMfh5_h8GOF16MWPfMeDPhcsrTjh9cZVpA_K4Tq0G2bF4C2uQz8uPUjPHJZn_Mdx5MvxQ3-Oa49xOfCYBQ8eHf7w48IsSfCXJ5B6w4yOkMdp_GjUPKhE5EmEv_gH7cdPZsj12GDEHFXaMEZzTvjxtEfMB9KPkJTxKEFt_Pgfo8rErNic5PgnPMcuRh3MZcdv-Oi5IPmPHMybCxdK0vgbPLnR9sgPPUVIqejhPOiO7EfyB9cvzImNJpWPGn9xiUazNQib5imSJ_hxisZp9DXew6kWtBFf_C1iaLkUXDFS9gquzPDmjkhD8UcfW8ivEHtTfEblHM2RtwH74YmibIX2HP3xF4xSOE5kIfRXNNvR48pwBvUVNJeET8nyDT8yRod8j2gq5rgP-8gRitKKN4-h5wqCcjnODUZn8DyeCLmUPBKq5IIXHj-aCnoaEf3hI_zRz8EdPD2-H9RxRIeoaEfYxMaLH_-F_cEl_LjRM2iqHOzwo8-R8wJzQ6eCF9GPX-i0o4m2G38WnEifZcQF_RL-o88zWCWhNQlKHemNMsSf44_gHo-OxwjlhQmaeYeu7Mhx5HiORtug6XhnTHkWaEROObhzNEePZo0ilMFTnAmRS0ETHYpm4yJiSRFOPCyeBjnKNU8gLlsuIX_w6HDF4MEpDWkuwSMNTXTwHNWWR_jxMAuaWIYefrg-_NihV0FzhNhznIVVZjiPQL8Qfjn8oz4eNOeO_0SXo7rhB_VX5PiDhlFXlL6gfMNxKug1lLLxdQOfiYSWSBm66Mehj8M_lF1ilAQfXvjR1Dl6Qd8R6fCDH6N4OGF5lGQ4ZI4JjU-I9NjRvCpOKXgWHTkV4XgTHvoxHVpO4TKet8GZ41NolEdatSQeoz8eHid-guhRb9Sxo3qRNGEqIl1yD39x9Mtx4niOvsTxI4n4PLilPMgNTPrR1Dm-40d_-OyRH8-hJT-ePNiPi8d3dKnyQMyFaN-R89C1Ix5hpcdNHs9Rfjj6HrnCQfuON1iziCae5FD5wjfO2MMz_ZgehDmiP-g_aHmCSonQbCMyTj_-DMfZMWgfEel0KTgTXLiS4_Lhw5OeCZWSFL-humXR50jrCHWSE3_gKz2ePrgCjoJFIb-PXSa0Ta3w0gr8HL2J3oeX8Ji4HD_-Iw8zLsGVR5rQP8jG6LjEI8yXHG8i4nj4JHiUB2F64iYSPsd7NE0y4kdlZUejJsfzgEOtD2F-KNbmoznCH7sSJ_gTTNTRRMHxJ4gbHooepD-8E5WT5PiEcBfwwzLCF2-O8oWPq3B3HP2J68hv6FOHmTnaONiiHfqLaZdxHZ-hJctmhMc_TH_hbgl23IKPHnkmaD9y4vSBn4Z5nEd-wy_0KcaP0DvOFV8qIrwO_8MlMRDpoGR29Ie_Q1tKfKj9ozly7kIoNfB76EhzFj8uDZ78oi_WdEfYHeJuI4uVBf3h5-ji40s0vMiH74JU5oL-48unorqK5mHxHHfxQOeOH1mYKMrxFD1O8ajCMF2IrUos9PiH2jr2BfZDPAnMZRlCmRcSHX2OZ0d_nEmm4BNC8YauIPR3nEevwR0xHuELuX1C5HhQ8oVfAv2EXIkHjdRjRGOO_uAqfEcf-Ef9XNi1I6agKUdzPElShL-KrQp-lBLTo89wHtaPp0ETZ2D-Icw__NCzxchTBjxeVNnWEGn84ISHtsYz4mNCPOgvMMmXHfkt4ccdRFr5wc_h_tDUHNdQMx7-QD_Ch0c9MsaWD5134Ity5ImSp5Ci5BrSZfgFdyb6MENtGKcK7-B4PNjz4hPSjgBAlGIAYCYYUKAgAwCAAhCJhAAAAkIQAUJARYwASAFAhBDKKCQII8AACRECGBgEkBOMKwGY8AAwQoBwzhDgNAHGCYsEUEQAAqRSiJAkGKPACaUQEUQ6wCQiCggEAUQEAkOFAAYwCYBRgiogCEJKUIYQUERRBghgQCkigBLiAQMUQdIBAoAxgAGmmYBESOqQUM4JSAR4hDJFjCNAWISAQUwhRowRwIACmDRCAUIIII4QY4BQzCDmCLNGEMAEJE5IJxwWkAkgHCMCWCmAVRSAKpASAAECABAEIUIRQMYQyZwSDiCgkEWGICYNAgwIAQzVSiAFhFBAKGoEAUYAY7RghigokCHEAAGE8AAAJwyRABgAiDJCAIUYEYgIIRQCUCACiTjeICgAQcARRBATwAFnjFDAAQSAMIgIChwjAAGAAGMeMYSAYFAR4AAVRgglgSHICMecIUpoQxBAABFgICKEKiAEI0ghJCCSCiigiYIKAGEYYQABZQAQQlkiBAUKOUcIQE5Q5QlQCBDEqMWMMWqAYEQJRiFChCJBAEJEKoGAYQZBQIiQVAwChGAGGeGMYBoBQwQBA1AgDECCQIWccUZgBwhBhioBgSUOAIIAZIZJBJnBwhjiECaIYQYEhwIAAAAwyDHElBJCIGAAosAIwoAikhAFAHDAUODIAoYwwBBBABghkDKIAEMkgEQJAB1hAhBhhAAOAUMAF0IQIYgQgkJkmREAAGEAEoAJVYRgCgDIHIJKEAaEEYoQA41RwkEFBBJGMgwBIkARJhAEUiCEnICQEOyIEgR4hQjBAgDCHECIEQMIYcAKAIRggBgBAAEAIUCoEQxhARAwAoFtJCECCGEA4IAUQIShGAhKFEBKI6AQM8Ig5TgQxACggSSGEGacEMgoQQAihiNmgEJCAAwFEoQgIoFSzChmQBBAAGI0EoAY4RhywAGADDJGSAcAlkohogA"], "language": ["eng"]}, "audio_properties": {"sample_rate": 44100, "downmix": "mix", "lossless": false, "analysis_sample_rate": 44100, "md5_encoded": "c56df8c74db758fe2470ba057da23a06", "equal_loudness": 0, "replay_gain": -5.0574760437, "codec": "mp3", "bit_rate": 192000, "length": 169.952651978}, "version": {"extractor": "music 1.0", "essentia_build_sha": "2d9f1f26377add8aeb1075a9c2973f962c4f09fd", "essentia_git_sha": "v2.1_beta2-1-ge3940c0", "essentia": "2.1-beta2"}}, "rhythm": {"beats_loudness_band_ratio": {"dvar2": [0.0520123653114, 0.0560940168798, 0.040831182152, 0.0464877225459, 0.00449950667098, 0.0101540014148], "var": [0.0366093553603, 0.0316563025117, 0.0189212858677, 0.0307484976947, 0.00166529370472, 0.00181873107795], "min": [0.0675475746393, 0.0108189517632, 0.00687766773626, 0.00543660204858, 0.000986846280284, 0.000285247544525], "dmean": [0.164281010628, 0.119149267673, 0.127769351006, 0.122392371297, 0.0375706963241, 0.0179528966546], "mean": [0.417726844549, 0.178854390979, 0.176172107458, 0.197765856981, 0.0554812215269, 0.0197913497686], "max": [0.914094090462, 0.834914326668, 0.661857903004, 0.807420194149, 0.281261593103, 0.64667648077], "dmean2": [0.285607993603, 0.207451313734, 0.223225414753, 0.210762619972, 0.0663555711508, 0.0328423380852], "median": [0.392713487148, 0.0992859452963, 0.140084460378, 0.130562633276, 0.0448238626122, 0.0131799476221], "dvar": [0.0177449509501, 0.0191467218101, 0.0143480468541, 0.0157875176519, 0.00155164685566, 0.0034189033322]}, "bpm_histogram_first_peak_weight": {"dvar2": 0, "var": 0, "min": 0.21179625392, "dmean": 0, "mean": 0.21179625392, "max": 0.21179625392, "dmean2": 0, "median": 0.21179625392, "dvar": 0}, "bpm": 117.369621277, "beats_count": 374, "bpm_histogram_first_peak_spread": {"dvar2": 0, "var": 0, "min": 0.512345671654, "dmean": 0, "mean": 0.512345671654, "max": 0.512345671654, "dmean2": 0, "median": 0.512345671654, "dvar": 0}, "danceability": 0.947258114815, "bpm_histogram_first_peak_bpm": {"dvar2": 0, "var": 0, "min": 117, "dmean": 0, "mean": 117, "max": 117, "dmean2": 0, "median": 117, "dvar": 0}, "beats_position": [0.49922901392, 1.02167797089, 1.55573689938, 2.08979582787, 2.6470746994, 3.20435357094, 3.75002264977, 4.29569149017, 4.86458063126, 5.4334692955, 5.97913837433, 6.52480697632, 7.07047605515, 7.61614513397, 8.15020370483, 8.6958732605, 9.24154186249, 9.77560043335, 10.3096599579, 10.8321084976, 11.354557991, 11.8770065308, 12.3994560242, 12.9102945328, 13.4095239639, 13.9319725037, 14.4428119659, 14.9536504745, 15.4644899368, 15.9753284454, 16.4977779388, 17.0202255249, 17.5310649872, 18.0419044495, 18.5643539429, 19.0984115601, 19.6440811157, 20.1897506714, 20.7354183197, 21.2694778442, 21.8035373688, 22.3375968933, 22.8716545105, 23.4173240662, 23.9629936218, 24.497051239, 25.0311107635, 25.5419502258, 26.0643978119, 26.5752372742, 26.9235363007, 27.2602272034, 27.5969161987, 27.9336051941, 28.2702941895, 28.6069831848, 28.9436721802, 29.2803630829, 29.6170520782, 29.9537410736, 30.290430069, 30.6271190643, 30.9638080597, 31.3004989624, 31.6255779266, 31.962266922, 32.2989578247, 32.6240348816, 32.9491157532, 33.2741928101, 33.6108856201, 33.9475746155, 34.2842636108, 34.6209526062, 34.9576416016, 35.2943305969, 35.6310195923, 35.9677085876, 36.2927894592, 36.6410865784, 36.9777755737, 37.2912483215, 37.6163253784, 37.94140625, 38.2664833069, 38.5915641785, 38.91664505, 39.2417221069, 39.5668029785, 39.8802719116, 40.1937408447, 40.5188217163, 40.8322906494, 41.1457595825, 41.4592285156, 41.7726974487, 42.0861663818, 42.3996353149, 42.7247161865, 43.0497932434, 43.5374145508, 44.0250320435, 44.5242614746, 45.0234909058, 45.4995002747, 45.9755096436, 46.4631271362, 46.9507484436, 47.4499778748, 47.9492073059, 48.4368247986, 48.9244422913, 49.4120635986, 49.8996810913, 50.3756904602, 50.8516998291, 51.3393173218, 51.8269386292, 52.3377761841, 52.8370056152, 53.3246231079, 53.8006324768, 54.2766418457, 54.7526512146, 55.240272522, 55.7278900146, 56.2155075073, 56.7031288147, 57.1907463074, 57.6783676147, 58.2124252319, 58.7464828491, 59.280544281, 59.8029937744, 60.3254394531, 60.859500885, 61.3935585022, 61.9043960571, 62.4152374268, 62.9260749817, 63.4369163513, 63.9477539063, 64.4585952759, 64.9694290161, 65.4802703857, 65.9911117554, 66.5019454956, 67.0127868652, 67.5236282349, 68.0344696045, 68.5569152832, 69.0677566528, 69.5785903931, 70.1010437012, 70.6234893799, 71.145942688, 71.6567764282, 72.1792297363, 72.701675415, 73.2241287231, 73.7349624634, 74.2574157715, 74.7566452026, 75.2558746338, 75.766708374, 76.2891616821, 76.7999954224, 77.3224487305, 77.8332901001, 78.3441238403, 78.85496521, 79.3658065796, 79.8882522583, 80.2481613159, 80.5964584351, 80.9447631836, 81.3046722412, 81.6761856079, 82.047706604, 82.4076156616, 82.7559204102, 83.1042175293, 83.4525146484, 83.8008117676, 84.1491165161, 84.4974136353, 84.8341064453, 85.170791626, 85.507484436, 85.8557815552, 86.1924667358, 86.5407714844, 86.8890686035, 87.2373657227, 87.5856704712, 87.9107437134, 88.2474365234, 88.5841217041, 88.9208145142, 89.2575073242, 89.6058044434, 89.942489624, 90.2791824341, 90.6158676147, 90.9525604248, 91.2776412964, 91.6259384155, 91.9510192871, 92.2877044678, 92.6243972778, 92.9494781494, 93.274559021, 93.5996322632, 93.9363250732, 94.2730178833, 94.5980911255, 94.9347839355, 95.2714691162, 95.6081619263, 95.9448471069, 96.281539917, 96.6182327271, 96.9433059692, 97.2683868408, 97.5934677124, 97.918548584, 98.2436294556, 98.5803146362, 98.9170074463, 99.2420806885, 99.555557251, 99.8690261841, 100.194099426, 100.519180298, 100.844261169, 101.169342041, 101.482810974, 101.796279907, 102.10974884, 102.434829712, 102.771514893, 103.119819641, 103.46811676, 103.816413879, 104.327255249, 104.82648468, 105.325714111, 105.813331604, 106.300949097, 106.788566589, 107.276191711, 107.775421143, 108.263038635, 108.750656128, 109.249885559, 109.737503052, 110.225120544, 110.701133728, 111.188751221, 111.676368713, 112.152381897, 112.663215637, 113.15083313, 113.638458252, 114.126075745, 114.602081299, 115.078094482, 115.554100037, 116.053329468, 116.54094696, 117.028572083, 117.527801514, 118.015419006, 118.503036499, 119.00226593, 119.5131073, 120.02394104, 120.53478241, 121.045623779, 121.568069458, 122.090522766, 122.601356506, 123.123809814, 123.646255493, 124.145484924, 124.644714355, 125.132331848, 125.666389465, 126.188842773, 126.711288452, 127.23374176, 127.7445755, 128.25541687, 128.754638672, 129.265487671, 129.776321411, 130.29876709, 130.821228027, 131.343673706, 131.866119385, 132.376953125, 132.864578247, 133.352203369, 133.863037109, 134.37387085, 134.896316528, 135.418777466, 135.929611206, 136.440444946, 136.928070068, 137.41569519, 137.926528931, 138.448974609, 138.971420288, 139.482269287, 140.004714966, 140.503936768, 140.99156189, 141.50239563, 142.013244629, 142.535690308, 143.058135986, 143.568969727, 144.091430664, 144.590652466, 145.101501465, 145.600723267, 146.111557007, 146.634017944, 147.156463623, 147.678909302, 148.178131104, 148.677368164, 149.164993286, 149.675827026, 150.186660767, 150.697509766, 151.231567383, 151.742401123, 152.253234863, 152.764083862, 153.263305664, 153.762542725, 154.273376465, 154.784210205, 155.283447266, 155.782669067, 156.293518066, 156.792739868, 157.291976929, 157.802810669, 158.313644409, 158.824493408, 159.335327148, 159.846160889, 160.357009888, 160.856231689, 161.35546875, 161.854690552, 162.353912354, 162.864761353, 163.375595093, 163.886444092, 164.385665894, 164.884887695, 165.372512817, 165.871749878, 166.37097168, 166.88180542, 167.392654419, 167.903488159, 168.40272522, 168.91355896, 169.4243927], "beats_loudness": {"dvar2": 0.000577466271352, "var": 0.000495213025715, "min": 1.20345058363e-08, "dmean": 0.013609841466, "mean": 0.0336907505989, "max": 0.102945566177, "dmean2": 0.0239436160773, "median": 0.0310170762241, "dvar": 0.000186428093002}, "bpm_histogram_second_peak_weight": {"dvar2": 0, "var": 0, "min": 0.13136729598, "dmean": 0, "mean": 0.13136729598, "max": 0.13136729598, "dmean2": 0, "median": 0.13136729598, "dvar": 0}, "bpm_histogram_second_peak_spread": {"dvar2": 0, "var": 0, "min": 0, "dmean": 0, "mean": 0, "max": 0, "dmean2": 0, "median": 0, "dvar": 0}, "bpm_histogram_second_peak_bpm": {"dvar2": 0, "var": 0, "min": 178, "dmean": 0, "mean": 178, "max": 178, "dmean2": 0, "median": 178, "dvar": 0}, "onset_rate": 3.19468021393}, "lowlevel": {"spectral_energyband_high": {"dvar2": 2.74452958138e-07, "var": 4.86299313707e-07, "min": 7.39474426022e-21, "dmean": 0.00010457092867, "mean": 0.000241976929829, "max": 0.0125164398924, "dmean2": 0.000147575367009, "median": 9.84201979009e-05, "dvar": 1.53662725211e-07}, "spectral_energyband_middle_low": {"dvar2": 4.88319637952e-05, "var": 7.74521686253e-05, "min": 4.17296538892e-22, "dmean": 0.00323697715066, "mean": 0.0108168786392, "max": 0.0685569271445, "dmean2": 0.00488608889282, "median": 0.00913966819644, "dvar": 2.06282620638e-05}, "spectral_energy": {"dvar2": 0.000162363168783, "var": 0.000369472167222, "min": 1.055376883e-20, "dmean": 0.0060660559684, "mean": 0.0247917957604, "max": 0.131988450885, "dmean2": 0.00902455765754, "median": 0.0209664665163, "dvar": 6.96152201272e-05}, "spectral_spread": {"dvar2": 394694492160, "var": 1281116471300.0, "min": 1708974.625, "dmean": 316754.90625, "mean": 3298035.5, "max": 40057976, "dmean2": 451537.46875, "median": 3031356.25, "dvar": 291809525760}, "spectral_energyband_low": {"dvar2": 4.44245088147e-05, "var": 4.2858398956e-05, "min": 5.09640337711e-23, "dmean": 0.00239511742257, "mean": 0.00639627827331, "max": 0.0640653222799, "dmean2": 0.00378936645575, "median": 0.00455070845783, "dvar": 1.89350284927e-05}, "spectral_rolloff": {"dvar2": 633695.8125, "var": 1370631.625, "min": 86.1328125, "dmean": 255.810119629, "mean": 1178.91418457, "max": 18906.1523438, "dmean2": 417.406768799, "median": 1055.12695313, "dvar": 332424.90625}, "barkbands": {"dvar2": [4.30251304806e-07, 1.87348632608e-05, 1.31104707179e-05, 1.28498104459e-05, 7.08318657416e-06, 3.44385966855e-06, 3.39972893926e-06, 1.05750114017e-05, 6.85861823513e-06, 7.82512579462e-05, 9.85299629974e-06, 4.92227263749e-06, 2.89972467726e-06, 9.9703242995e-07, 8.75003081546e-07, 1.40617999023e-07, 1.58590907517e-07, 6.77256863924e-08, 3.94139156867e-08, 4.03442435015e-08, 1.57772515053e-08, 3.41810952875e-08, 4.26729904746e-08, 1.61417279543e-08, 1.77279713132e-09, 4.01481174694e-11, 2.39248074477e-12], "var": [3.26578799559e-07, 1.72584404936e-05, 9.53678591031e-06, 7.65317236073e-06, 9.0066159828e-06, 5.45041984878e-06, 1.00517654573e-05, 1.07615232992e-05, 5.91374828218e-06, 9.25799249671e-05, 1.21839393614e-05, 5.52174105906e-06, 2.81661596091e-06, 8.28325710245e-07, 5.78657079586e-07, 1.50747638372e-07, 1.73478824195e-07, 7.3556300606e-08, 4.07693185878e-08, 5.5595741344e-08, 1.25827632758e-08, 2.4357619921e-08, 6.84445780053e-08, 2.7659053714e-08, 2.68915734125e-09, 4.25472747312e-11, 8.70405147697e-13], "min": [1.50127503561e-23, 2.52512387832e-23, 1.33033329507e-23, 1.22678094399e-23, 2.31138864248e-23, 8.27781282801e-23, 1.18032296891e-22, 1.03505764109e-22, 6.80868119216e-23, 9.52801726109e-23, 1.17457577012e-22, 8.69983763508e-23, 1.09187676774e-22, 9.33549859707e-23, 8.79938367717e-23, 1.82007515287e-22, 2.07385195852e-22, 2.82370678431e-22, 4.1457334056e-22, 2.3745324141e-22, 4.64959918683e-22, 3.32687710576e-22, 6.19584986477e-22, 8.24050008584e-22, 1.31591450176e-21, 1.41027276734e-21, 2.51318109219e-21], "dmean": [0.000135452719405, 0.00134058168624, 0.0010755197145, 0.00109355244786, 0.00103539216798, 0.000632413313724, 0.000577423663344, 0.000831433280837, 0.000552004494239, 0.00227837194689, 0.000648168148473, 0.000636201060843, 0.000488938938361, 0.000309969764203, 0.000249112024903, 0.000118249525258, 0.000145548387081, 8.73377794051e-05, 6.76276176819e-05, 6.13892116235e-05, 2.29188426601e-05, 2.1749854568e-05, 2.95904137602e-05, 1.67722082551e-05, 6.60988598611e-06, 1.54153508447e-06, 2.14854196656e-07], "mean": [0.000178467351361, 0.00286659086123, 0.00229801074602, 0.00176532915793, 0.00272919097915, 0.0014951901976, 0.00119057099801, 0.00149718753528, 0.00102319044527, 0.00426352769136, 0.00119873112999, 0.00115416583139, 0.000925772299524, 0.000558989471756, 0.000463085627416, 0.000224679664825, 0.000293491058983, 0.000182709380169, 0.000157599060913, 0.00014283703058, 4.56098132418e-05, 3.71563910448e-05, 5.5395255913e-05, 3.05995963572e-05, 1.12641173473e-05, 2.28105727729e-06, 2.08455659845e-07], "max": [0.00716042192653, 0.0365735404193, 0.0333235114813, 0.0430108606815, 0.0388727895916, 0.0307982955128, 0.0504305176437, 0.0605301372707, 0.060759011656, 0.0843394100666, 0.0580935701728, 0.0398132093251, 0.0189231969416, 0.0122669721022, 0.0220619868487, 0.0071007530205, 0.00801145937294, 0.00451812986284, 0.00415218947455, 0.00505794771016, 0.00325751374476, 0.00454054679722, 0.00518535543233, 0.00330253178254, 0.00126426713541, 0.000221039867029, 3.50258596882e-05], "dmean2": [0.00019456652808, 0.0020671649836, 0.00178044650238, 0.00179851613939, 0.00162484042812, 0.000962483638432, 0.000840873806737, 0.00124865071848, 0.000841216533445, 0.00338486442342, 0.000989167718217, 0.000978485331871, 0.000783705560025, 0.000492938037496, 0.000393041875213, 0.000185099823284, 0.000232000777032, 0.000140863005072, 0.000105970815639, 9.39208039199e-05, 3.54567055183e-05, 3.22708292515e-05, 4.16787261202e-05, 2.30434234254e-05, 9.24845244299e-06, 2.10295365832e-06, 3.45852384953e-07], "median": [5.16118188898e-06, 0.00162217766047, 0.00110250711441, 0.000889765098691, 0.00194105540868, 0.000820605200715, 0.000450636987807, 0.000484581949422, 0.000332746625645, 0.0005563540617, 0.000366441177903, 0.000339320744388, 0.000283746281639, 0.000217642140342, 0.000230572404689, 0.000109737600724, 0.000165602774359, 8.75376208569e-05, 9.79206597549e-05, 6.8205059506e-05, 2.04487823794e-05, 1.24159096231e-05, 1.3757191482e-05, 5.36692732567e-06, 1.73144928794e-06, 4.75334985595e-07, 3.05227239039e-08], "dvar": [2.09443228982e-07, 8.71815245773e-06, 4.72671536045e-06, 4.91452101414e-06, 2.91371929961e-06, 1.57568354098e-06, 1.88977480775e-06, 4.69602809972e-06, 2.63688002633e-06, 3.3381213143e-05, 4.13562975154e-06, 2.19963294512e-06, 1.11078054488e-06, 3.85022786986e-07, 3.52265118408e-07, 6.39425365989e-08, 6.62025456677e-08, 2.84192740452e-08, 1.66023284009e-08, 1.89553706065e-08, 7.0968955157e-09, 1.45479566172e-08, 2.27915357698e-08, 9.08580943815e-09, 9.30016175182e-10, 1.9620050376e-11, 9.59839304392e-13]}, "melbands_skewness": {"dvar2": 0.573868095875, "var": 1.88939273357, "min": -1.20491981506, "dmean": 0.485109984875, "mean": 1.774913311, "max": 11.3071022034, "dmean2": 0.724902629852, "median": 1.55856370926, "dvar": 0.265922725201}, "barkbands_skewness": {"dvar2": 0.314107984304, "var": 1.15849220753, "min": -1.88373196125, "dmean": 0.372060894966, "mean": 1.08077502251, "max": 7.17939138412, "dmean2": 0.557302772999, "median": 0.903844118118, "dvar": 0.152434974909}, "erbbands": {"dvar2": [0.0404461398721, 0.780070543289, 10.1766796112, 87.079208374, 76.5072479248, 129.431610107, 90.4752807617, 368.805786133, 805.906982422, 1224.45910645, 6281.07275391, 4401.36132813, 14525.3261719, 105170.148438, 13839.5869141, 7246.94287109, 5579.74609375, 3649.52368164, 2444.05786133, 1096.9720459, 286.515991211, 303.321777344, 247.225280762, 88.4045257568, 146.120895386, 72.6953811646, 24.8472976685, 38.6605186462, 46.6853790283, 46.4660148621, 30.5584793091, 11.2755947113, 4.13128852844, 0.588554501534, 0.015102557838, 0.00177859084215, 8.60811342136e-05, 6.29807755104e-06, 4.60295197513e-08, 2.45584969027e-10], "var": [0.0404275991023, 0.542379796505, 6.85763406754, 54.7650337219, 66.1352539063, 156.253189087, 262.750305176, 458.823242188, 2238.71679688, 1471.15917969, 6553.34033203, 3991.45605469, 18191.8300781, 112832.351563, 16511.5761719, 7491.6796875, 5606.6171875, 3246.22363281, 1494.46472168, 960.606628418, 349.135162354, 357.948669434, 300.136322021, 80.8192901611, 161.855300903, 111.460319519, 22.8696517944, 28.2785663605, 33.2078704834, 46.047000885, 51.8526077271, 15.6228981018, 6.91019487381, 0.998561739922, 0.0252929273993, 0.00230147386901, 7.78679677751e-05, 3.00996953229e-06, 1.71221010703e-08, 5.51850676267e-10], "min": [8.77866528679e-22, 5.25409938575e-21, 9.65106355789e-21, 3.91166053793e-20, 4.85613923876e-20, 9.47931275151e-20, 3.79790879267e-19, 6.01850978526e-19, 1.56698365546e-18, 2.74007155464e-18, 1.16519204665e-18, 1.81572100156e-18, 1.75382969377e-18, 3.87398542079e-18, 5.08609742652e-18, 3.19859658654e-18, 5.43207895261e-18, 4.02670240061e-18, 4.28545442238e-18, 7.36276358366e-18, 1.09968054154e-17, 1.2017576897e-17, 1.44843097202e-17, 1.08103134104e-17, 2.38405843703e-17, 1.25685255071e-17, 1.24780468373e-17, 2.19743358682e-17, 1.27154509818e-17, 1.31192003204e-17, 1.78659994266e-17, 1.6323458131e-17, 1.41578446934e-17, 1.21780987395e-17, 1.17985800027e-17, 6.50633675978e-18, 2.41019254674e-18, 1.11884025724e-18, 3.48968087541e-19, 3.6430724081e-20], "dmean": [0.051426243037, 0.285078048706, 1.01498126984, 2.73425674438, 2.91251063347, 4.08280515671, 4.01718902588, 5.91275453568, 8.16479110718, 10.8991737366, 18.3327293396, 12.9835987091, 37.9215393066, 69.5605773926, 25.9685878754, 27.1632995605, 21.0735702515, 19.2350883484, 11.2214403152, 10.8277454376, 6.18029069901, 6.19706964493, 5.32968854904, 3.3807914257, 3.70742511749, 2.81702947617, 1.17518901825, 0.825571656227, 0.790986895561, 0.859892547131, 0.798932611942, 0.43407958746, 0.250438839197, 0.104003340006, 0.0297119040042, 0.0104637257755, 0.00225406396203, 0.00044121890096, 3.12069387292e-05, 7.41383701097e-06], "mean": [0.0796570181847, 0.645570039749, 2.34975504875, 5.06249094009, 6.63219213486, 9.99474716187, 10.2758197784, 12.6711483002, 17.2578468323, 20.8955841064, 33.8347969055, 26.5516891479, 76.2086639404, 127.840538025, 52.7647819519, 52.7545585632, 42.8258323669, 37.5991668701, 21.7055873871, 20.7729148865, 13.8875017166, 13.5599603653, 12.008849144, 7.72355651855, 8.46565532684, 6.78003501892, 2.59567832947, 1.59429228306, 1.36814773083, 1.503510952, 1.52067494392, 0.788103342056, 0.446496158838, 0.183801859617, 0.0493399016559, 0.0157148428261, 0.00330148893408, 0.00053966982523, 4.21905169787e-05, 2.99310995615e-05], "max": [2.08639812469, 6.57427167892, 33.5249710083, 73.4962768555, 177.863021851, 132.736938477, 177.741607666, 315.026031494, 788.086975098, 623.87878418, 1677.37854004, 1537.35791016, 1587.78637695, 3153.32324219, 1818.6809082, 983.151855469, 907.540161133, 656.950866699, 1219.09912109, 486.520050049, 221.331863403, 348.472290039, 266.627471924, 195.877365112, 288.112091064, 183.652114868, 133.875808716, 196.232086182, 184.343338013, 134.395446777, 161.288040161, 92.2333526611, 55.1685409546, 21.738243103, 3.41260647774, 1.75874888897, 0.139031812549, 0.0521387420595, 0.0035246561747, 0.000155120578711], "dmean2": [0.0726353004575, 0.465347886086, 1.68392598629, 4.46335506439, 4.72289466858, 6.40497970581, 5.97058057785, 9.12066650391, 11.9053602219, 16.5018501282, 27.3842945099, 19.2592716217, 56.8531723022, 103.299819946, 39.3466377258, 41.793838501, 33.3971290588, 30.9137058258, 17.6122646332, 17.1851387024, 9.58008575439, 9.75619125366, 8.49827671051, 5.37660598755, 5.71184778214, 4.33132314682, 1.80370604992, 1.28410470486, 1.18290352821, 1.27314782143, 1.11505174637, 0.601765990257, 0.348119258881, 0.144538462162, 0.0411596409976, 0.014233184047, 0.00311378273182, 0.000648139626719, 4.99191410199e-05, 1.09949014586e-05], "median": [0.0178307257593, 0.424699574709, 1.46194493771, 2.38512969017, 4.13255786896, 6.04833078384, 5.75875806808, 6.56336355209, 6.87942171097, 8.85466098785, 11.0890846252, 10.7023763657, 18.1500244141, 15.3625221252, 17.5904903412, 18.8091373444, 16.5685863495, 15.1084690094, 10.5086555481, 10.3738603592, 8.00492954254, 7.93747282028, 5.96321868896, 4.97677898407, 4.76535415649, 3.28349041939, 1.45221626759, 0.607059717178, 0.463540196419, 0.432656168938, 0.362111181021, 0.160504803061, 0.063846282661, 0.0237584114075, 0.0100352307782, 0.00330192712136, 0.000674465438351, 0.000103549136838, 1.65013952937e-05, 2.49469721894e-05], "dvar": [0.0217701233923, 0.296262592077, 3.68738508224, 33.0631752014, 29.8357124329, 53.6715164185, 44.1443099976, 165.252883911, 433.391967773, 545.554321289, 2848.45703125, 1704.68835449, 6264.203125, 44819.0742188, 5640.90917969, 2965.81054688, 2144.13793945, 1383.31945801, 964.753662109, 471.27230835, 128.280853271, 128.43762207, 104.575370789, 35.6751480103, 64.3515701294, 34.1833992004, 11.5052642822, 16.9513206482, 19.8345222473, 20.4565811157, 17.0502719879, 5.6887717247, 2.31031537056, 0.3241302073, 0.00854180380702, 0.000912553223316, 4.27583327109e-05, 2.69891984317e-06, 1.82653643321e-08, 1.07756269185e-10]}, "silence_rate_30dB": {"dvar2": 0.000819530629087, "var": 0.000136569957249, "min": 0, "dmean": 0.000273224053672, "mean": 0.999863386154, "max": 1, "dmean2": 0.000546522729564, "median": 1, "dvar": 0.000273160723737}, "melbands_spread": {"dvar2": 107.539993286, "var": 220.154327393, "min": 1.25074231625, "dmean": 4.86484956741, "mean": 22.0081939697, "max": 175.046813965, "dmean2": 7.34254455566, "median": 21.1315078735, "dvar": 57.8211212158}, "melbands_crest": {"dvar2": 17.1930484772, "var": 21.2973556519, "min": 1.62633049488, "dmean": 2.8220770359, "mean": 12.756855011, "max": 33.3256072998, "dmean2": 4.4555978775, "median": 11.985461235, "dvar": 7.29006433487}, "zerocrossingrate": {"dvar2": 0.00012648102711, "var": 0.000937654869631, "min": 0.00537109375, "dmean": 0.0059865815565, "mean": 0.0448260977864, "max": 0.5087890625, "dmean2": 0.00698144128546, "median": 0.0419921875, "dvar": 0.000106405772385}, "barkbands_kurtosis": {"dvar2": 15.711230278, "var": 29.2214298248, "min": -1.91901195049, "dmean": 1.62423622608, "mean": 2.77621412277, "max": 63.6298866272, "dmean2": 2.45825362206, "median": 0.820222973824, "dvar": 7.43569612503}, "spectral_flux": {"dvar2": 0.000823165057227, "var": 0.00167336291634, "min": 1.02731538554e-10, "dmean": 0.0172259155661, "mean": 0.0636887252331, "max": 0.249326229095, "dmean2": 0.0271833352745, "median": 0.0575817972422, "dvar": 0.000361812766641}, "barkbands_crest": {"dvar2": 10.5872583389, "var": 15.3074388504, "min": 2.58444142342, "dmean": 2.18312048912, "mean": 9.35161113739, "max": 22.8690338135, "dmean2": 3.39187526703, "median": 8.48482608795, "dvar": 4.49797868729}, "barkbands_flatness_db": {"dvar2": 0.000552388140932, "var": 0.00213660649024, "min": 0.0187121871859, "dmean": 0.0173298306763, "mean": 0.15332724154, "max": 0.334165245295, "dmean2": 0.0251190979034, "median": 0.149552643299, "dvar": 0.000270250020549}, "spectral_entropy": {"dvar2": 0.0418827347457, "var": 0.193132698536, "min": 5.49873638153, "dmean": 0.142082646489, "mean": 7.25142097473, "max": 9.8189239502, "dmean2": 0.203399330378, "median": 7.28976106644, "dvar": 0.0226299781352}, "pitch_salience": {"dvar2": 0.0068837380968, "var": 0.0101128332317, "min": 0.16274741292, "dmean": 0.0586072131991, "mean": 0.56266194582, "max": 0.985512912273, "dmean2": 0.0930312052369, "median": 0.565474927425, "dvar": 0.00286250608042}, "erbbands_spread": {"dvar2": 68.2106018066, "var": 183.758026123, "min": 3.36644649506, "dmean": 4.95080471039, "mean": 26.2530822754, "max": 108.539520264, "dmean2": 7.38360071182, "median": 24.3156967163, "dvar": 32.1798934937}, "dynamic_complexity": 4.99461269379, "spectral_contrast_valleys": {"dvar2": [0.2327170223, 0.216990873218, 0.177346169949, 0.162268951535, 0.119348071516, 0.151289403439], "var": [1.38701176643, 1.4864064455, 1.75567245483, 1.52431023121, 1.42378616333, 1.47766232491], "min": [-26.8553619385, -27.3871040344, -27.1125106812, -27.3815593719, -27.3363323212, -27.2022418976], "dmean": [0.353049755096, 0.326713562012, 0.308941990137, 0.287186086178, 0.239627972245, 0.26766487956], "mean": [-7.44584798813, -7.02338314056, -7.57774925232, -8.06486701965, -8.14700031281, -11.2174501419], "max": [-5.4955945015, -5.19457006454, -5.16845321655, -5.75401830673, -6.26969814301, -7.72763156891], "dmean2": [0.5778632164, 0.52748477459, 0.484045028687, 0.441649287939, 0.355257213116, 0.350160270929], "median": [-7.18506097794, -6.72644233704, -7.3032746315, -7.79441547394, -7.85383844376, -11.0615234375], "dvar": [0.096362374723, 0.0956353247166, 0.0853783264756, 0.0824745893478, 0.0676229894161, 0.0987286493182]}, "hfc": {"dvar2": 102.72051239, "var": 269.662139893, "min": 1.13939497168e-16, "dmean": 4.42673158646, "mean": 17.2132663727, "max": 104.787719727, "dmean2": 6.49966096878, "median": 11.7503204346, "dvar": 45.6696128845}, "spectral_kurtosis": {"dvar2": 16.0358867645, "var": 13.6670598984, "min": -1.16907501221, "dmean": 2.40722203255, "mean": 6.68536663055, "max": 34.6255569458, "dmean2": 4.11397075653, "median": 5.94421291351, "dvar": 5.66929626465}, "mfcc": {"mean": [-678.312866211, 153.865325928, -17.6674365997, 20.4655189514, 1.49480056763, 6.38450431824, 3.12552475929, 8.372423172, -7.35743761063, 6.16566228867, -6.2405834198, -1.42932713032, 0.490468084812], "cov": [[10663.1103516, 933.874755859, -872.520568848, -255.848770142, -400.631958008, 67.0417404175, 116.41078949, 270.871704102, -0.947296798229, 149.095779419, -1.0572425127, 58.2304229736, -38.2455635071], [933.874755859, 1207.48168945, -243.772201538, 145.40625, -52.5418434143, -144.403427124, 4.58451318741, 10.2510204315, -122.088539124, 45.9605369568, -82.7161102295, -24.8545055389, 36.7861328125], [-872.520568848, -243.772201538, 463.596618652, 68.6257171631, 78.7963256836, 2.65611124039, -96.0693817139, -74.6035842896, -20.5251541138, -46.3894767761, -5.35093975067, -9.48137664795, 14.5216159821], [-255.848770142, 145.40625, 68.6257171631, 239.519607544, 83.490020752, -22.2484130859, -82.700958252, -65.6467819214, -42.1047401428, -15.724653244, -30.4844894409, -22.2431926727, 18.2081394196], [-400.631958008, -52.5418434143, 78.7963256836, 83.490020752, 191.45223999, 19.5962562561, -46.6438789368, -46.8187217712, -3.74906277657, -2.98449015617, -12.2768678665, -3.42712473869, 5.9844250679], [67.0417404175, -144.403427124, 2.65611124039, -22.2484130859, 19.5962562561, 125.763496399, 44.1964797974, 13.495806694, 28.6068763733, -24.887834549, 17.1824035645, 2.2792429924, -21.6023788452], [116.41078949, 4.58451318741, -96.0693817139, -82.700958252, -46.6438789368, 44.1964797974, 156.236434937, 67.9133377075, 31.0369606018, 6.06552791595, 9.62089824677, 10.3924503326, -17.7524719238], [270.871704102, 10.2510204315, -74.6035842896, -65.6467819214, -46.8187217712, 13.495806694, 67.9133377075, 122.716842651, 44.5449256897, 0.00972457043827, 21.13073349, 3.85266804695, -12.6178197861], [-0.947296798229, -122.088539124, -20.5251541138, -42.1047401428, -3.74906277657, 28.6068763733, 31.0369606018, 44.5449256897, 110.409500122, 6.47679710388, 25.6085891724, 4.22097349167, -16.5921916962], [149.095779419, 45.9605369568, -46.3894767761, -15.724653244, -2.98449015617, -24.887834549, 6.06552791595, 0.00972457043827, 6.47679710388, 132.280609131, 8.95181751251, 8.91321563721, 19.6109542847], [-1.0572425127, -82.7161102295, -5.35093975067, -30.4844894409, -12.2768678665, 17.1824035645, 9.62089824677, 21.13073349, 25.6085891724, 8.95181751251, 86.3985824585, 20.1540622711, -10.4604511261], [58.2304229736, -24.8545055389, -9.48137664795, -22.2431926727, -3.42712473869, 2.2792429924, 10.3924503326, 3.85266804695, 4.22097349167, 8.91321563721, 20.1540622711, 57.9511108398, 18.8760185242], [-38.2455635071, 36.7861328125, 14.5216159821, 18.2081394196, 5.9844250679, -21.6023788452, -17.7524719238, -12.6178197861, -16.5921916962, 19.6109542847, -10.4604511261, 18.8760185242, 75.475151062]], "icov": [[0.000133004272357, -9.84728540061e-05, 0.000166224112036, 9.40283061936e-05, 0.000197004032088, -0.000320284394547, 0.000311125128064, -0.000218575572944, 5.21336514794e-05, -0.000128479776322, 0.000114054317237, -0.000184894321137, 9.69659304246e-05], [-9.84728540061e-05, 0.0015282878885, 0.000601720297709, -0.00115977297537, 0.00010749737703, 0.0014577775728, -0.000705201702658, -0.000456284469692, 0.00120643037371, -0.00013200948888, 0.000572434219066, 0.000299035513308, -0.00016012355627], [0.000166224112036, 0.000601720297709, 0.00331950187683, -0.000290226133075, -0.00026396670728, -6.80022858432e-05, 0.00132036895957, 0.000358117453288, 0.000520623638295, 0.000683623715304, 7.63706484577e-05, 0.000249211589107, -0.0005207277718], [9.40283061936e-05, -0.00115977297537, -0.000290226133075, 0.0071938126348, -0.0020700970199, -0.0008195071714, 0.00234104460105, 0.00137827848084, 6.63692844682e-05, 0.000761016912293, 7.66453304095e-05, 0.00168071861845, -0.00094896153314], [0.000197004032088, 0.00010749737703, -0.00026396670728, -0.0020700970199, 0.00740775605664, -0.00212421058677, 0.00128274038434, 0.000770764832851, -0.00069727213122, -0.000906914938241, 0.00108573562466, -0.00104291574098, 0.0003265121195], [-0.000320284394547, 0.0014577775728, -6.80022858432e-05, -0.0008195071714, -0.00212421058677, 0.0125061627477, -0.00471413088962, 0.00116915116087, -0.000832276127767, 0.00219331332482, -0.00145850214176, 0.000659168872517, 0.00105269253254], [0.000311125128064, -0.000705201702658, 0.00132036895957, 0.00234104460105, 0.00128274038434, -0.00471413088962, 0.0120671764016, -0.00431606546044, -0.000116732691822, -0.000954693765379, 0.00183778686915, -0.00203473260626, 0.00133432191797], [-0.000218575572944, -0.000456284469692, 0.000358117453288, 0.00137827848084, 0.000770764832851, 0.00116915116087, -0.00431606546044, 0.0140356076881, -0.00436241878197, 0.00150479294825, -0.00233317515813, 0.00159655429889, -0.000757657398935], [5.21336514794e-05, 0.00120643037371, 0.000520623638295, 6.63692844682e-05, -0.00069727213122, -0.000832276127767, -0.000116732691822, -0.00436241878197, 0.0130613287911, -0.00121975736693, -0.00124432740267, 9.97975585051e-05, 0.00137341895606], [-0.000128479776322, -0.00013200948888, 0.000683623715304, 0.000761016912293, -0.000906914938241, 0.00219331332482, -0.000954693765379, 0.00150479294825, -0.00121975736693, 0.00903278402984, -0.0016484989319, 0.000514933373779, -0.00256161647849], [0.000114054317237, 0.000572434219066, 7.63706484577e-05, 7.66453304095e-05, 0.00108573562466, -0.00145850214176, 0.00183778686915, -0.00233317515813, -0.00124432740267, -0.0016484989319, 0.0152236316353, -0.00580798462033, 0.00300153205171], [-0.000184894321137, 0.000299035513308, 0.000249211589107, 0.00168071861845, -0.00104291574098, 0.000659168872517, -0.00203473260626, 0.00159655429889, 9.97975585051e-05, 0.000514933373779, -0.00580798462033, 0.0227157417685, -0.0072311013937], [9.69659304246e-05, -0.00016012355627, -0.0005207277718, -0.00094896153314, 0.0003265121195, 0.00105269253254, 0.00133432191797, -0.000757657398935, 0.00137341895606, -0.00256161647849, 0.00300153205171, -0.0072311013937, 0.0173602737486]]}, "silence_rate_20dB": {"dvar2": 0, "var": 0, "min": 1, "dmean": 0, "mean": 1, "max": 1, "dmean2": 0, "median": 1, "dvar": 0}, "melbands_kurtosis": {"dvar2": 79.9059371948, "var": 123.159942627, "min": -1.53362178802, "dmean": 3.10595321655, "mean": 6.91733980179, "max": 237.785247803, "dmean2": 4.72931146622, "median": 3.02376365662, "dvar": 36.1037902832}, "barkbands_spread": {"dvar2": 45.8107719421, "var": 109.810806274, "min": 1.25197863579, "dmean": 3.6499376297, "mean": 17.4094638824, "max": 106.645469666, "dmean2": 5.49903202057, "median": 16.2741203308, "dvar": 23.6598510742}, "erbbands_skewness": {"dvar2": 0.205298870802, "var": 0.438229888678, "min": -3.29743409157, "dmean": 0.329451978207, "mean": 0.433105349541, "max": 3.71685218811, "dmean2": 0.487860828638, "median": 0.373800098896, "dvar": 0.0940329730511}, "average_loudness": 0.76559472084, "spectral_centroid": {"dvar2": 92496.3046875, "var": 237236.953125, "min": 195.56036377, "dmean": 163.432617188, "mean": 1087.7598877, "max": 10881.375, "dmean2": 244.30279541, "median": 1079.37670898, "dvar": 53241.1953125}, "dissonance": {"dvar2": 0.00101336278021, "var": 0.00110619841143, "min": 0.27908372879, "dmean": 0.0210923589766, "mean": 0.449227929115, "max": 0.500000178814, "dmean2": 0.0348997376859, "median": 0.456177055836, "dvar": 0.000387535896152}, "erbbands_flatness_db": {"dvar2": 0.000426251557656, "var": 0.00155447341967, "min": 0.033604696393, "dmean": 0.0153872203082, "mean": 0.191303670406, "max": 0.329442292452, "dmean2": 0.0219593010843, "median": 0.192547276616, "dvar": 0.000211744321859}, "spectral_strongpeak": {"dvar2": 2.31195449829, "var": 2.61421895027, "min": 0, "dmean": 0.597646832466, "mean": 1.24847280979, "max": 9.86464595795, "dmean2": 0.976803541183, "median": 0.540151834488, "dvar": 0.954909622669}, "spectral_rms": {"dvar2": 8.85948111318e-07, "var": 4.24278641731e-06, "min": 3.20879412451e-12, "dmean": 0.000550083466806, "mean": 0.00446591386572, "max": 0.011347652413, "dmean2": 0.00080570334103, "median": 0.0045227301307, "dvar": 3.94719222641e-07}, "silence_rate_60dB": {"dvar2": 0.0294931735843, "var": 0.10231321305, "min": 0, "dmean": 0.0144808739424, "mean": 0.115694575012, "max": 1, "dmean2": 0.0289657060057, "median": 0, "dvar": 0.0142689719796}, "melbands": {"dvar2": [1.99229020836e-06, 1.67634539139e-06, 2.16102966988e-06, 4.22452046678e-07, 1.17980135883e-07, 1.69235704561e-07, 1.67931389683e-07, 1.79275403411e-07, 3.75421677745e-07, 1.52899318095e-07, 3.86062964708e-07, 2.04335970011e-06, 1.84570978945e-07, 7.76783437573e-08, 3.7745575554e-08, 2.5016511529e-08, 1.54589496759e-08, 6.01578475923e-09, 3.4279732386e-09, 1.37667177658e-09, 4.36873232035e-10, 3.59926505267e-10, 5.84767512191e-10, 1.3563530854e-10, 7.15831213749e-11, 7.09912337249e-11, 1.10788087038e-10, 3.36771860399e-11, 1.52703769768e-11, 6.85756919999e-12, 1.52938790104e-11, 1.59027374602e-11, 1.68714243964e-11, 1.99209052032e-11, 1.4923586672e-11, 8.05683124383e-12, 4.41960443937e-12, 2.76534416026e-12, 1.5218162017e-12, 3.0011019711e-13], "var": [1.91438175534e-06, 1.23704273847e-06, 1.32048808155e-06, 5.3905500863e-07, 2.53727307609e-07, 2.17231360011e-07, 5.23270784925e-07, 1.91850261899e-07, 3.98140457492e-07, 1.43412734133e-07, 4.93450158956e-07, 2.18643253902e-06, 2.32011970525e-07, 8.89033628937e-08, 3.03182439154e-08, 2.57811922921e-08, 1.23449579448e-08, 3.77662345841e-09, 2.49308529376e-09, 1.4696052153e-09, 4.42505171394e-10, 3.74106218226e-10, 6.43518793808e-10, 1.24289245562e-10, 5.41784360431e-11, 7.16320197602e-11, 1.16182147236e-10, 4.67790389758e-11, 1.27185336915e-11, 6.24141667169e-12, 1.05470744985e-11, 1.05771945022e-11, 1.04407411536e-11, 1.99905231257e-11, 2.1520778215e-11, 1.18866852125e-11, 4.0010000521e-12, 3.60626090622e-12, 2.45983290161e-12, 3.89265822267e-13], "min": [8.23198994906e-24, 6.12886902637e-24, 7.04046761654e-24, 4.27898349831e-24, 1.10418454403e-23, 1.71113112683e-23, 2.22564372193e-23, 3.01566030838e-23, 7.9880512802e-24, 1.15321043491e-23, 9.18069142862e-24, 1.61615542929e-23, 1.74293894517e-23, 1.21325994696e-23, 6.23872264059e-24, 1.23905672408e-23, 7.55941424102e-24, 7.55521040125e-24, 6.76112960342e-24, 1.22080051058e-23, 1.39016823696e-23, 1.0403854972e-23, 2.01046597504e-23, 8.12253628732e-24, 7.45495801311e-24, 1.8336016246e-23, 1.2384004707e-23, 7.82389169241e-24, 6.0030263849e-24, 1.27585511316e-23, 1.23610204556e-23, 7.11527135188e-24, 5.94154690468e-24, 8.71049246378e-24, 1.11658117761e-23, 1.02602318002e-23, 9.29525375358e-24, 9.78930787219e-24, 8.75101151532e-24, 1.0620984203e-23], "dmean": [0