{"tonal": {"thpcp": [1, 0.551397562027, 0.108312033117, 0.0983658581972, 0.0978597998619, 0.1044787094, 0.109506390989, 0.0993028655648, 0.0965048372746, 0.114350549877, 0.151603281498, 0.1832600981, 0.161637336016, 0.126453280449, 0.0856560915709, 0.0525329634547, 0.0574112869799, 0.0786755084991, 0.129177287221, 0.1344011724, 0.0957441627979, 0.0915032029152, 0.0837796032429, 0.0827980786562, 0.19035859406, 0.645406484604, 0.891035854816, 0.501119315624, 0.18330489099, 0.121469497681, 0.0851292088628, 0.0771122649312, 0.0875552967191, 0.0876003652811, 0.0833492651582, 0.547693490982], "hpcp": {"dmean2": [0.153524503112, 0.127485752106, 0.0900295898318, 0.0603496842086, 0.0688549280167, 0.0836333036423, 0.102250233293, 0.112830229104, 0.10282972455, 0.110301859677, 0.114434972405, 0.124308347702, 0.232872903347, 0.380097597837, 0.318808823824, 0.350962221622, 0.205121517181, 0.13863915205, 0.100624211133, 0.0877148285508, 0.0907596796751, 0.0913072600961, 0.0836904644966, 0.19090294838, 0.318840354681, 0.194895133376, 0.105980582535, 0.104335807264, 0.101656742394, 0.101516507566, 0.108618572354, 0.108328364789, 0.105971433222, 0.128276318312, 0.149395361543, 0.16047860682], "median": [0.0487214066088, 0.0213898252696, 0.0102062541991, 0.00520767224953, 0.00655016675591, 0.0139605784789, 0.0312117841095, 0.032025270164, 0.0165176633745, 0.00797961838543, 0.00618758518249, 0.00509979855269, 0.0454075820744, 0.362214028835, 0.56113499403, 0.251073867083, 0.0228446125984, 0.00668841227889, 0.00603680172935, 0.0105815613642, 0.01433605887, 0.0126794800162, 0.0147661939263, 0.381750404835, 0.695271551609, 0.388121128082, 0.0188753772527, 0.0143748521805, 0.0102494936436, 0.0153721561655, 0.019046831876, 0.01723353751, 0.0139131797478, 0.0201931372285, 0.0446378067136, 0.060922563076], "min": [0, 0, 0, 0, 0, 0, 0, 0, 0, 0, 0, 0, 0, 0, 0, 0, 0, 0, 0, 0, 0, 0, 0, 0, 0, 0, 0, 0, 0, 0, 0, 0, 0, 0, 0, 0], "dvar2": [0.0592733174562, 0.0560605339706, 0.0431506969035, 0.0229062605649, 0.0317923873663, 0.0349102504551, 0.0376908816397, 0.0449870862067, 0.0487461686134, 0.0646243542433, 0.0729868486524, 0.0710004493594, 0.100691840053, 0.128710404038, 0.130188405514, 0.120243668556, 0.0978401452303, 0.0787780508399, 0.0540052838624, 0.0437046289444, 0.0411391109228, 0.0437700338662, 0.0365517735481, 0.0565224066377, 0.168248802423, 0.0608920492232, 0.04355398193, 0.0476089045405, 0.0477133095264, 0.04861587286, 0.0547716170549, 0.0540179535747, 0.0524233058095, 0.0582010671496, 0.0610447824001, 0.0657712370157], "dvar": [0.0211131796241, 0.0204040613025, 0.015279953368, 0.00830925628543, 0.0109898317605, 0.0121743474156, 0.0137654580176, 0.0161113664508, 0.016586182639, 0.022262217477, 0.0250665452331, 0.0250394139439, 0.0355553738773, 0.047298759222, 0.0552885718644, 0.0439245440066, 0.0354304164648, 0.0280576888472, 0.0189923197031, 0.015413986519, 0.0145770534873, 0.0154483830556, 0.0130830463022, 0.0214715339243, 0.0665795952082, 0.0227043312043, 0.0157243423164, 0.0165360029787, 0.0170639306307, 0.0177335832268, 0.0191579777747, 0.0187807753682, 0.0183868333697, 0.0209795180708, 0.0216382779181, 0.0233568716794], "dmean": [0.0885207280517, 0.0723694339395, 0.0512902066112, 0.0338632278144, 0.0383508577943, 0.0469025336206, 0.0596620813012, 0.0644860342145, 0.0571106560528, 0.0604452416301, 0.0620337240398, 0.0673171579838, 0.129058331251, 0.219641804695, 0.189981922507, 0.202402591705, 0.11408880353, 0.0769535079598, 0.0557488054037, 0.0493400469422, 0.0518846139312, 0.0515178069472, 0.0478231683373, 0.11536616087, 0.190623894334, 0.117207169533, 0.0607768595219, 0.0587728247046, 0.0575710497797, 0.0570255592465, 0.0614704266191, 0.0606666430831, 0.0596749633551, 0.0717843994498, 0.0852780491114, 0.0937542170286], "max": [1, 1, 1, 1, 1, 1, 1, 1, 1, 1, 1, 1, 1, 1, 1, 1, 1, 1, 1, 1, 1, 1, 1, 1, 1, 1, 1, 1, 1, 1, 1, 1, 1, 1, 1, 1], "var": [0.022469509393, 0.0239982828498, 0.0154272355139, 0.00814567506313, 0.00965638831258, 0.0115280495957, 0.022640125826, 0.0237053856254, 0.0159282553941, 0.0216112844646, 0.0202818829566, 0.018755607307, 0.032756280154, 0.0920973196626, 0.148053556681, 0.0778658613563, 0.0438463129103, 0.0324263013899, 0.0194264184684, 0.0136353531852, 0.0147768929601, 0.0162267386913, 0.0136201838031, 0.0417573079467, 0.141350165009, 0.0432019941509, 0.0193009357899, 0.0169832687825, 0.0193611159921, 0.0226982999593, 0.020582979545, 0.0177529770881, 0.0176600385457, 0.0207911357284, 0.0212828423828, 0.0251970160753], "mean": [0.100713960826, 0.0787912681699, 0.0533711090684, 0.0327325537801, 0.0357721671462, 0.0490216054022, 0.0804885551333, 0.0837434828281, 0.0596568472683, 0.0570143647492, 0.0522018969059, 0.0515903234482, 0.118609771132, 0.402143746614, 0.555191934109, 0.312240421772, 0.114214710891, 0.0756859406829, 0.0530428141356, 0.0480475686491, 0.054554477334, 0.0545825585723, 0.0519337579608, 0.341260135174, 0.623085975647, 0.343568086624, 0.0674877092242, 0.0612903870642, 0.0609750710428, 0.0650992169976, 0.068231895566, 0.0618742220104, 0.0601308122277, 0.0712502226233, 0.0944618806243, 0.114186793566]}, "tuning_equal_tempered_deviation": 0.237400174141, "chords_changes_rate": 0.0608879998326, "key_key": "D", "tuning_diatonic_strength": 0.38465103507, "key_scale": "minor", "chords_number_rate": 0.00105994578917, "tuning_frequency": 434.193115234, "tuning_nontempered_energy_ratio": 0.811958312988, "chords_histogram": [27.2641620636, 2.43787550926, 0.223766341805, 0.482864201069, 0.71840775013, 0.0117771755904, 0.412201166153, 0.694853365421, 5.41750097275, 27.4643745422, 13.0137796402, 0.412201166153, 0, 0, 0, 0.906842529774, 2.43787550926, 8.16158294678, 3.58026146889, 0.105994582176, 0, 0, 0, 6.25368022919], "key_strength": 0.428068101406, "chords_key": "A", "chords_strength": {"dmean2": 0.00763115053996, "median": 0.495730161667, "min": 0.219454407692, "dvar2": 4.92733161082e-05, "dvar": 3.4351960494e-05, "dmean": 0.00692082149908, "max": 0.786059975624, "var": 0.005487811286, "mean": 0.49146258831}, "chords_scale": "major", "hpcp_entropy": {"dmean2": 0.978747785091, "median": 2.39948868752, "min": 0, "dvar2": 0.621627211571, "dvar": 0.220614373684, "dmean": 0.579660534859, "max": 4.41101932526, "var": 0.435553312302, "mean": 2.38248085976}}, "metadata": {"audio_properties": {"equal_loudness": 0, "codec": "mp3", "downmix": "mix", "analysis_sample_rate": 44100, "bit_rate": 192000, "md5_encoded": "138f12ab0447736fd5baf49e21aca290", "length": 394.266113281, "replay_gain": -7.40125274658, "lossless": false}, "version": {"essentia_build_sha": "ab033649a6180e58ab3ffa3648ee50b8e9460706", "essentia": "2.1-beta1", "extractor": "music 1.0", "essentia_git_sha": "v2.1_beta1-8-g0ed32f5-dirty"}, "tags": {"title": ["Careful With That Axe, Eugene"], "musicbrainz album artist sortname": ["VA"], "musicbrainz_recordingid": ["08c99e60-70b6-43ff-b713-3606007abc09"], "artistsort": ["Electric Family, The"], "taggingdate": ["2006-09-19T16:38:12"], "musicbrainz_albumartistid": ["89ad4ac3-39f7-470e-963a-56509c546377"], "discnumber": ["2/2"], "originalartist": ["Pink Floyd"], "album": ["Signs of Life: A Tribute to Pink Floyd"], "musicbrainz album type": ["album"], "musicbrainz album status": ["official"], "releasedate": ["2000"], "originaldate": ["2000"], "musicbrainz album artist": ["VA"], "date": ["2000", "2000"], "file_name": "07 - The Electric Family - Careful With That Axe, Eugene.mp3", "musicip_puid": [""], "musicbrainz non-album": ["0"], "musicbrainz_albumid": ["aa48fc8e-6cca-4c08-afe6-9b019c60729f"], "artist": ["The Electric Family"], "url": [""], "tracknumber": ["7/10"], "musicbrainz_artistid": ["17da1b0e-5c1a-4427-8960-3511e8c246b1"]}}, "rhythm": {"bpm_histogram_first_peak_bpm": {"dmean2": 0, "median": 161, "min": 161, "dvar2": 0, "dvar": 0, "dmean": 0, "max": 161, "var": 0, "mean": 161}, "bpm": 163.947158813, "bpm_histogram_second_peak_spread": {"dmean2": 0, "median": 0, "min": 0, "dvar2": 0, "dvar": 0, "dmean": 0, "max": 0, "var": 0, "mean": 0}, "bpm_histogram_first_peak_weight": {"dmean2": 0, "median": 0.30306905508, "min": 0.30306905508, "dvar2": 0, "dvar": 0, "dmean": 0, "max": 0.30306905508, "var": 0, "mean": 0.30306905508}, "onset_rate": 2.31303930283, "beats_position": [0.766258478165, 1.54412698746, 2.32199549675, 3.11147379875, 3.87773227692, 4.60916090012, 5.34058952332, 6.08362817764, 6.82666635513, 7.5464849472, 8.27791404724, 9.0093421936, 9.74077033997, 10.4605894089, 11.1920175552, 11.9350566864, 12.6780948639, 13.3979139328, 14.1293420792, 14.8607711792, 15.6038093567, 16.3352375031, 17.0666656494, 17.7980957031, 18.5295238495, 19.2609519958, 19.9923801422, 20.7238082886, 21.4552383423, 22.1750564575, 22.8948745728, 23.6263027191, 24.369342804, 25.1007709503, 25.8438091278, 26.5752372742, 27.3066654205, 28.0380954742, 28.7695236206, 29.500951767, 30.2323799133, 30.9638080597, 31.6952381134, 32.4266662598, 33.1580963135, 33.8779144287, 34.6093406677, 35.3407707214, 36.0838088989, 36.8152389526, 37.5466651917, 38.2897033691, 39.0327415466, 39.7641716003, 40.4956016541, 41.2154197693, 41.9468460083, 42.6666641235, 43.3980941772, 44.129524231, 44.86095047, 45.5923805237, 46.3238105774, 47.0552368164, 47.7866668701, 48.5180931091, 49.2495231628, 49.9693412781, 50.7123794556, 51.4438095093, 52.1752357483, 52.906665802, 53.6380958557, 54.3695220947, 55.1009521484, 55.8323783875, 56.5638084412, 57.2952384949, 58.0266647339, 58.7464828491, 59.4779129028, 60.2093429565, 60.9291610718, 61.6721992493, 62.4036254883, 63.135055542, 63.8780937195, 64.6095199585, 65.3409500122, 66.0723800659, 66.8154220581, 67.5468444824, 68.2898864746, 69.0213165283, 69.7527389526, 70.4725646973, 71.2039871216, 71.9238052368, 72.6552352905, 73.3866653442, 74.1180953979, 74.8495254517, 75.580947876, 76.3123779297, 77.0554199219, 77.7868499756, 78.5182723999, 79.2497024536, 79.9927444458, 80.7241744995, 81.4555969238, 82.1870269775, 82.9184570312, 83.6382751465, 84.3580932617, 85.0895233154, 85.8209533691, 86.5639877319, 87.3070297241, 88.0384597778, 88.7698822021, 89.4897003174, 90.2211303711, 90.9525604248, 91.6839904785, 92.4038085938, 93.1352386475, 93.8666687012, 94.5980911255, 95.3295211792, 96.0609512329, 96.7923812866, 97.5238113403, 98.2436294556, 98.9866638184, 99.7297058105, 100.472740173, 101.192558289, 101.923988342, 102.643806458, 103.375236511, 104.118278503, 104.861312866, 105.59274292, 106.324172974, 107.055595398, 107.787025452, 108.506843567, 109.238273621, 109.969703674, 110.68952179, 111.420951843, 112.152381897, 112.883804321, 113.615234375, 114.346664429, 115.078094482, 115.797912598, 116.54094696, 117.272377014, 118.003807068, 118.74684906, 119.489883423, 120.232925415, 120.964347839, 121.695777893, 122.427207947, 123.158638, 123.890068054, 124.621498108, 125.352920532, 126.084350586, 126.804168701, 127.523986816, 128.243804932, 128.963623047, 129.706665039, 130.449707031, 131.192733765, 131.924163818, 132.655593872, 133.387023926, 134.118453979, 134.849884033, 135.592926025, 136.324356079, 137.055786133, 137.787200928, 138.507034302, 139.226852417, 139.958267212, 140.701309204, 141.455963135, 142.187393188, 142.918823242, 143.650253296, 144.381668091, 145.101501465, 145.83291626, 146.564346313, 147.307388306, 148.038818359, 148.770248413, 149.490066528, 150.209884644, 150.929702759, 151.672744751, 152.415786743, 153.158813477, 153.89024353, 154.621673584, 155.353103638, 156.084533691, 156.804351807, 157.53578186, 158.267211914, 159.010253906, 159.741668701, 160.473098755, 161.204528809, 161.935958862, 162.655776978, 163.375595093, 164.118637085, 164.861679077, 165.593109131, 166.324539185, 167.055953979, 167.775772095, 168.507202148, 169.227020264, 169.970062256, 170.713104248, 171.444534302, 172.175964355, 172.907394409, 173.638824463, 174.370239258, 175.101669312, 175.833099365, 176.564529419, 177.295959473, 178.027389526, 178.75881958, 179.490249634, 180.210067749, 180.929885864, 181.661315918, 182.40435791, 183.135772705, 183.878814697, 184.610244751, 185.341674805, 186.06149292, 186.781311035, 187.524353027, 188.26739502, 188.998809814, 189.730239868, 190.461669922, 191.193099976, 191.912918091, 192.632736206, 193.375778198, 194.11882019, 194.850250244, 195.593276978, 196.324707031, 197.056137085, 197.7759552, 198.507385254, 199.227203369, 199.970245361, 200.690063477, 201.409881592, 202.141311646, 202.872741699, 203.604171753, 204.335601807, 205.07862854, 205.821670532, 206.553100586, 207.28453064, 208.015960693, 208.747390747, 209.490432739, 210.233459473, 210.976501465, 211.545394897, 212.11428833, 212.509017944, 212.857315063, 213.205612183, 213.565536499, 213.925445557, 214.273742676, 214.633651733, 214.993560791, 215.353469849, 215.713378906, 216.073287964, 216.433197021, 216.804718018, 217.176239014, 217.536148071, 217.896057129, 218.267562866, 218.639083862, 218.99899292, 219.358901978, 219.718811035, 220.078720093, 220.427032471, 220.786941528, 221.146850586, 221.518356323, 221.889877319, 222.249786377, 222.609695435, 222.981216431, 223.352737427, 223.712646484, 224.08416748, 224.455688477, 224.815597534, 225.18711853, 225.558639526, 225.918548584, 226.29006958, 226.649978638, 227.021499634, 227.381408691, 227.741317749, 228.101226807, 228.472732544, 228.84425354, 229.215774536, 229.587295532, 229.958816528, 230.330337524, 230.713470459, 231.084991455, 231.456497192, 231.81640625, 232.176315308, 232.536224365, 232.896133423, 233.267654419, 233.627563477, 233.987472534, 234.35899353, 234.730514526, 235.102035522, 235.473556519, 235.845077515, 236.204986572, 236.576507568, 236.936416626, 237.296325684, 237.656234741, 238.016143799, 238.376052856, 238.735961914, 239.095870972, 239.444168091, 239.815689087, 240.187210083, 240.558731079, 240.930252075, 241.290161133, 241.65007019, 242.021575928, 242.393096924, 242.753005981, 243.124526978, 243.484436035, 243.855957031, 244.227478027, 244.587387085, 244.958908081, 245.318817139, 245.678726196, 246.038635254, 246.41015625, 246.781677246, 247.153198242, 247.524719238, 247.907836914, 248.27935791, 248.650878906, 249.010787964, 249.370697021, 249.742218018, 250.102127075, 250.473648071, 250.833557129, 251.193466187, 251.553375244, 251.913284302, 252.273193359, 252.644714355, 253.004623413, 253.376144409, 253.736053467, 254.095962524, 254.455871582, 254.81578064, 255.187301636, 255.547210693, 255.907119751, 256.267028809, 256.638549805, 256.998443604, 257.35836792, 257.718261719, 258.089782715, 258.461303711, 258.821228027, 259.181121826, 259.552642822, 259.924163818, 260.295684814, 260.667205811, 261.038726807, 261.410247803, 261.770141602, 262.141662598, 262.501586914, 262.87310791, 263.244628906, 263.616149902, 263.987670898, 264.359191895, 264.730712891, 265.102203369, 265.473724365, 265.833648682, 266.19354248, 266.565063477, 266.936584473, 267.308105469, 267.668029785, 268.027923584, 268.376220703, 268.73614502, 269.096038818, 269.467559814, 269.839080811, 270.210601807, 270.582122803, 270.942047119, 271.301940918, 271.673461914, 272.03338623, 272.393280029, 272.764801025, 273.136322021, 273.507843018, 273.867736816, 274.227661133, 274.587554932, 274.947479248, 275.319000244, 275.69052124, 276.062042236, 276.433563232, 276.805084229, 277.176605225, 277.536499023, 277.89642334, 278.256317139, 278.616241455, 278.987762451, 279.34765625, 279.707580566, 280.079101562, 280.438995361, 280.798919678, 281.158813477, 281.518737793, 281.890258789, 282.261749268, 282.633270264, 282.99319458, 283.364715576, 283.724609375, 284.084533691, 284.44442749, 284.804351807, 285.164245605, 285.524169922, 285.895690918, 286.267211914, 286.627105713, 286.998626709, 287.370147705, 287.741668701, 288.113189697, 288.484710693, 288.856231689, 289.227752686, 289.599273682, 289.95916748, 290.319091797, 290.690612793, 291.050506592, 291.410430908, 291.770324707, 292.130249023, 292.50177002, 292.873291016, 293.244812012, 293.616333008, 293.987854004, 294.359344482, 294.730865479, 295.102386475, 295.473907471, 295.845428467, 296.205352783, 296.576873779, 296.936767578, 297.308288574, 297.656585693, 298.01651001, 298.376403809, 298.747924805, 299.119445801, 299.490966797, 299.862487793, 300.234008789, 300.593902588, 300.953826904, 301.313751221, 301.685241699, 302.045166016, 302.416687012, 302.776580811, 303.148101807, 303.508026123, 303.867919922, 304.227844238, 304.599365234, 304.97088623, 305.342407227, 305.713928223, 306.085449219, 306.445343018, 306.805267334, 307.17678833, 307.548278809, 307.896606445, 308.256500244, 308.616424561, 308.976318359, 309.336242676, 309.696136475, 310.056060791, 310.427581787, 310.799072266, 311.170593262, 311.542114258, 311.913635254, 312.28515625, 312.656677246, 313.028198242, 313.399719238, 313.771240234, 314.14276123, 314.502655029, 314.862579346, 315.222503662, 315.593994141, 315.953918457, 316.313812256, 316.673736572, 317.045257568, 317.416778564, 317.788299561, 318.148193359, 318.508117676, 318.868011475, 319.227935791, 319.599456787, 319.970977783, 320.342498779, 320.714019775, 321.062316895, 321.410614014, 321.770507812, 322.130432129, 322.501953125, 322.873474121, 323.244995117, 323.616516113, 323.988006592, 324.359527588, 324.731048584, 325.0909729, 325.450866699, 325.822387695, 326.193908691, 326.565429688, 326.936950684, 327.30847168, 327.679992676, 328.039916992, 328.411407471, 328.771331787, 329.131256104, 329.479553223, 329.839447021, 330.199371338, 330.559265137, 330.919189453, 331.279083252, 331.650604248, 332.010528564, 332.370422363, 332.718719482, 333.067016602, 333.438537598, 333.810058594, 334.18157959, 334.576324463, 334.959442139, 335.330963135, 335.702484131, 336.062408447, 336.433929443, 336.805450439, 337.176940918, 337.548461914, 337.90838623, 338.268280029, 338.639801025, 339.011322021, 339.382843018, 339.742767334, 340.102661133, 340.474182129, 340.834106445, 341.205627441, 341.577148438, 341.937042236, 342.296966553, 342.656860352, 343.005157471, 343.365081787, 343.724975586, 344.084899902, 344.444793701, 344.816314697, 345.176239014, 345.536132812, 345.907653809, 346.290802002, 346.66229248, 347.045440674, 347.41696167, 347.788482666, 348.148376465, 348.519897461, 348.879821777, 349.239715576, 349.599639893, 349.971160889, 350.342681885, 350.714202881, 351.07409668, 351.434020996, 351.805511475, 352.177032471, 352.536956787, 352.908477783, 353.279998779, 353.639892578, 353.999816895, 354.359710693, 354.731231689, 355.102752686, 355.474273682, 355.845794678, 356.217315674, 356.57723999, 356.925537109, 357.262207031, 357.61050415, 357.982025146, 358.36517334, 358.748291016, 359.119812012, 359.491333008, 359.851226807, 360.211151123, 360.582672119, 360.942565918, 361.302490234, 361.67401123, 362.033905029, 362.393829346, 362.765350342, 363.125244141, 363.485168457, 363.856689453, 364.216583252, 364.588104248, 364.959625244, 365.33114624, 365.691070557, 366.050964355, 366.410888672, 366.759185791, 367.130706787, 367.502227783, 367.873748779, 368.245239258, 368.605163574, 368.965057373, 369.336578369, 369.719726562, 370.091247559, 370.474365234, 370.84588623, 371.217407227, 371.577331543, 371.937225342, 372.308746338, 372.680267334, 373.040161133, 373.400085449, 373.759979248, 374.119903564, 374.479797363, 374.83972168, 375.211242676, 375.582763672, 375.954284668, 376.325805664, 376.69732666, 377.068847656, 377.428741455, 377.800262451, 378.160186768, 378.520080566, 378.880004883, 379.251525879, 379.623016357, 379.994537354, 380.35446167, 380.714355469, 381.085876465, 381.457397461, 381.817321777, 382.177215576, 382.548736572, 382.920257568, 383.291778564, 383.651702881, 384.01159668, 384.383117676, 384.754638672, 385.126159668, 385.497680664, 385.86920166, 386.240722656, 386.623840332, 387.006988525, 387.390106201, 387.866119385, 388.330505371, 388.794921875, 389.259307861, 389.677276611, 390.106842041, 390.536407471, 390.954376221, 391.372314453, 391.790283203, 392.196624756, 392.602996826, 393.020935059, 393.427307129], "beats_loudness": {"dmean2": 0.0924539864063, "median": 0.0871385186911, "min": 0.000500693859067, "dvar2": 0.00845138635486, "dvar": 0.00382774253376, "dmean": 0.0564975365996, "max": 0.38857793808, "var": 0.00677254144102, "mean": 0.111052654684}, "danceability": 1.19479870796, "bpm_histogram_second_peak_weight": {"dmean2": 0, "median": 0.268542200327, "min": 0.268542200327, "dvar2": 0, "dvar": 0, "dmean": 0, "max": 0.268542200327, "var": 0, "mean": 0.268542200327}, "beats_count": 783, "bpm_histogram_second_peak_bpm": {"dmean2": 0, "median": 167, "min": 167, "dvar2": 0, "dvar": 0, "dmean": 0, "max": 167, "var": 0, "mean": 167}, "bpm_histogram_first_peak_spread": {"dmean2": 0, "median": 0.0481927990913, "min": 0.0481927990913, "dvar2": 0, "dvar": 0, "dmean": 0, "max": 0.0481927990913, "var": 0, "mean": 0.0481927990913}, "beats_loudness_band_ratio": {"dmean2": [0.340280056, 0.120521351695, 0.0803810879588, 0.0442071966827, 0.00763538759202, 0.226005315781], "median": [0.549706339836, 0.0470063202083, 0.0301036629826, 0.0147340772673, 0.00355950277299, 0.178679093719], "min": [0.0197089295834, 0.00134524761233, 0.00257875327952, 0.00106961396523, 0.00030091800727, 0.0239478219301], "dvar2": [0.0633703693748, 0.01788196899, 0.0104706846178, 0.00391231197864, 0.000179404261871, 0.0307026039809], "dvar": [0.0222004055977, 0.0073982719332, 0.0037698301021, 0.00158860068768, 7.60650800657e-05, 0.0106395715848], "dmean": [0.197489082813, 0.0704427435994, 0.0459090471268, 0.0262426435947, 0.0045258058235, 0.132093265653], "max": [0.941560208797, 0.597564220428, 0.554133236408, 0.37501257658, 0.173810228705, 0.928738474846], "var": [0.0507783740759, 0.00867079105228, 0.00408284645528, 0.00222431495786, 0.000168766171555, 0.0187434311956], "mean": [0.533323287964, 0.0852511972189, 0.0509980022907, 0.031633477658, 0.00649156561121, 0.203943774104]}}, "lowlevel": {"barkbands_spread": {"dmean2": 12.8583164215, "median": 17.7653808594, "min": 0.887626826763, "dvar2": 321.291870117, "dvar": 164.229980469, "dmean": 8.59031391144, "max": 131.961486816, "var": 631.580505371, "mean": 26.6933250427}, "melbands_spread": {"dmean2": 6.89888572693, "median": 7.16046190262, "min": 0.519441664219, "dvar2": 198.024612427, "dvar": 91.6079559326, "dmean": 4.45974731445, "max": 272.434844971, "var": 272.584472656, "mean": 12.5470685959}, "hfc": {"dmean2": 176.81980896, "median": 183.00541687, "min": 1.13217600104e-16, "dvar2": 149332, "dvar": 71905.7109375, "dmean": 117.731117249, "max": 4750.18359375, "var": 175375.296875, "mean": 352.301361084}, "barkbands_kurtosis": {"dmean2": 13.885052681, "median": 14.2560997009, "min": -1.94059002399, "dvar2": 380.288665771, "dvar": 187.807571411, "dmean": 9.77730083466, "max": 246.891464233, "var": 916.535400391, "mean": 26.0316581726}, "gfcc": {"mean": [11.3486623764, 62.2387390137, -36.9295349121, 4.84775590897, -35.0558853149, 6.46253681183, -9.48893642426, -3.94091010094, -1.3313062191, -2.33137774467, -7.79932451248, 4.81100940704, -8.0041217804], "icov": [[0.000548688927665, -0.000642248895019, 0.00130521366373, -0.00102723715827, 0.00155364233069, -0.00131061766297, 0.000605475041084, -0.000681962119415, 0.000960501492955, -0.000563926994801, 0.00153418956324, -0.00143084896263, 0.0010115839541], [-0.000642248895019, 0.00885521899909, -0.00996526889503, 0.0111669525504, -0.00967063196003, 0.00689218146726, -0.00636102445424, 0.00498099206015, -0.00416417140514, 0.00594001449645, -0.00806178711355, 0.00864988658577, -0.00511720543727], [0.00130521366373, -0.00996526889503, 0.0212300214916, -0.0222672205418, 0.0194016210735, -0.0120304599404, 0.00800269469619, -0.00650028605014, 0.00232710130513, -0.00208352389745, 0.00508895423263, -0.0049566575326, 0.00165154587012], [-0.00102723715827, 0.0111669525504, -0.0222672205418, 0.0344159677625, -0.0285930950195, 0.0144162196666, -0.00727332662791, 0.00491908658296, -0.000312581774779, -0.00402537221089, 0.00394645193592, -0.00338897015899, 0.00452159019187], [0.00155364233069, -0.00967063196003, 0.0194016210735, -0.0285930950195, 0.0343638733029, -0.0167602393776, 0.00418265815824, 0.0024845120497, -0.00520380446687, 0.00704745994881, -0.00774038489908, 0.0101798502728, -0.00726370839402], [-0.00131061766297, 0.00689218146726, -0.0120304599404, 0.0144162196666, -0.0167602393776, 0.0180923007429, -0.00595981720835, -0.00351160019636, 0.00743604172021, -0.00733586680144, 0.00462285848334, -0.00467160204425, 0.00410807039589], [0.000605475041084, -0.00636102445424, 0.00800269469619, -0.00727332662791, 0.00418265815824, -0.00595981720835, 0.0140800802037, -0.00301019195467, -0.00304236356169, 0.00152384524699, 0.00343676912598, -0.00615814700723, 0.00367015553638], [-0.000681962119415, 0.00498099206015, -0.00650028605014, 0.00491908658296, 0.0024845120497, -0.00351160019636, -0.00301019195467, 0.0204621981829, -0.0120035968721, 0.0108526078984, -0.0132951997221, 0.0156508088112, -0.0115458359942], [0.000960501492955, -0.00416417140514, 0.00232710130513, -0.000312581774779, -0.00520380446687, 0.00743604172021, -0.00304236356169, -0.0120035968721, 0.0302106011659, -0.0261038858443, 0.0225518476218, -0.0196153447032, 0.0121382316574], [-0.000563926994801, 0.00594001449645, -0.00208352389745, -0.00402537221089, 0.00704745994881, -0.00733586680144, 0.00152384524699, 0.0108526078984, -0.0261038858443, 0.0483467355371, -0.0377439074218, 0.02833462134, -0.014539164491], [0.00153418956324, -0.00806178711355, 0.00508895423263, 0.00394645193592, -0.00774038489908, 0.00462285848334, 0.00343676912598, -0.0132951997221, 0.0225518476218, -0.0377439074218, 0.0520890913904, -0.0369210578501, 0.0173675809056], [-0.00143084896263, 0.00864988658577, -0.0049566575326, -0.00338897015899, 0.0101798502728, -0.00467160204425, -0.00615814700723, 0.0156508088112, -0.0196153447032, 0.02833462134, -0.0369210578501, 0.0501678548753, -0.0243621431291], [0.0010115839541, -0.00511720543727, 0.00165154587012, 0.00452159019187, -0.00726370839402, 0.00410807039589, 0.00367015553638, -0.0115458359942, 0.0121382316574, -0.014539164491, 0.0173675809056, -0.0243621431291, 0.0291629433632]], "cov": [[8518.55273438, -2658.49121094, 414.038391113, -418.092559814, -1309.23681641, 1291.72436523, -830.627197266, 509.75378418, -716.19732666, -181.774093628, -315.979675293, 291.594818115, -283.057128906], [-2658.49121094, 1516.14440918, -194.271713257, 62.0652313232, 535.351379395, -556.255249023, 432.236633301, -216.683181763, 275.54107666, 19.4583072662, 124.031387329, -137.072097778, 137.790054321], [414.038391113, -194.271713257, 280.623199463, 74.1355895996, -123.417915344, 137.874832153, -98.7094573975, 74.7097015381, -45.325302124, -3.24408197403, -36.514213562, 26.719619751, -22.6838703156], [-418.092559814, 62.0652313232, 74.1355895996, 207.973968506, 150.183700562, -39.1929397583, 48.7497673035, -53.2467727661, 56.8032226562, 18.4882926941, -8.7826499939, -16.2847537994, -18.1380634308], [-1309.23681641, 535.351379395, -123.417915344, 150.183700562, 380.373352051, -191.337402344, 197.469161987, -127.033218384, 134.421936035, 28.1530570984, 48.7981872559, -71.2718582153, 39.0908508301], [1291.72436523, -556.255249023, 137.874832153, -39.1929397583, -191.337402344, 372.202819824, -144.845611572, 120.461326599, -137.865493774, -12.3318796158, -50.5463066101, 51.517829895, -53.9374313354], [-830.627197266, 432.236633301, -98.7094573975, 48.7497673035, 197.469161987, -144.845611572, 245.399917603, -67.2004852295, 111.696250916, 2.56798601151, 29.1404476166, -30.4837360382, 26.7577762604], [509.75378418, -216.683181763, 74.7097015381, -53.2467727661, -127.033218384, 120.461326599, -67.2004852295, 139.015441895, -34.0091896057, -1.66980540752, -15.8904151917, 17.178155899, 0.342932701111], [-716.19732666, 275.54107666, -45.325302124, 56.8032226562, 134.421936035, -137.865493774, 111.696250916, -34.0091896057, 149.294876099, 42.1126174927, 22.5755691528, -24.9672374725, 16.8856010437], [-181.774093628, 19.4583072662, -3.24408197403, 18.4882926941, 28.1530570984, -12.3318796158, 2.56798601151, -1.66980540752, 42.1126174927, 69.2977218628, 38.1493263245, -6.4152712822, 3.74351167679], [-315.979675293, 124.031387329, -36.514213562, -8.7826499939, 48.7981872559, -50.5463066101, 29.1404476166, -15.8904151917, 22.5755691528, 38.1493263245, 79.3020095825, 14.7888374329, 20.2198905945], [291.594818115, -137.072097778, 26.719619751, -16.2847537994, -71.2718582153, 51.517829895, -30.4837360382, 17.178155899, -24.9672374725, -6.4152712822, 14.7888374329, 74.8136672974, 13.3575429916], [-283.057128906, 137.790054321, -22.6838703156, -18.1380634308, 39.0908508301, -53.9374313354, 26.7577762604, 0.342932701111, 16.8856010437, 3.74351167679, 20.2198905945, 13.3575429916, 80.4412612915]]}, "spectral_energyband_middle_low": {"dmean2": 0.00745966937393, "median": 0.00505894608796, "min": 2.78756054654e-22, "dvar2": 0.000181468698429, "dvar": 7.49207974877e-05, "dmean": 0.00468703778461, "max": 0.22158280015, "var": 0.000327366375132, "mean": 0.0132562825456}, "melbands_crest": {"dmean2": 5.29664945602, "median": 21.3413715363, "min": 2.5733833313, "dvar2": 31.3192253113, "dvar": 12.9159097672, "dmean": 3.5170712471, "max": 38.1527938843, "var": 61.9889297485, "mean": 21.5794296265}, "spectral_kurtosis": {"dmean2": 3.31434941292, "median": 5.23034000397, "min": -1.21532428265, "dvar2": 23.3763961792, "dvar": 10.9998340607, "dmean": 2.35877752304, "max": 73.9312515259, "var": 47.9174804688, "mean": 7.71843147278}, "spectral_rms": {"dmean2": 0.0013037356548, "median": 0.00669926265255, "min": 3.21598325227e-12, "dvar2": 2.42161786446e-06, "dvar": 1.26182510485e-06, "dmean": 0.000928301829845, "max": 0.0222363006324, "var": 1.07637961264e-05, "mean": 0.00729134306312}, "zerocrossingrate": {"dmean2": 0.0574921779335, "median": 0.30078125, "min": 0.01708984375, "dvar2": 0.00326392543502, "dvar": 0.0020600121934, "dmean": 0.0449608974159, "max": 0.83837890625, "var": 0.0116165596992, "mean": 0.302945375443}, "silence_rate_60dB": {"dmean2": 0.00329819181934, "median": 0, "min": 0, "dvar2": 0.0032878711354, "dvar": 0.00164548796602, "dmean": 0.00164899881929, "max": 1, "var": 0.0275148451328, "mean": 0.0283257756382}, "erbbands_kurtosis": {"dmean2": 1.80011355877, "median": 0.454580545425, "min": -1.81190097332, "dvar2": 5.449426651, "dvar": 2.44237351418, "dmean": 1.13383150101, "max": 73.3829193115, "var": 8.23672103882, "mean": 1.07807838917}, "erbbands": {"dmean2": [0.802977502346, 1.97187936306, 3.33438038826, 7.41581058502, 9.96352672577, 11.9520835876, 22.213891983, 18.6353263855, 14.8719081879, 21.3427257538, 24.1975746155, 25.6811504364, 37.3093070984, 38.2708435059, 19.1430034637, 20.2040920258, 14.0738115311, 8.00141429901, 6.51769113541, 6.11013793945, 3.73844099045, 2.61841106415, 2.26374483109, 1.96271634102, 1.89517259598, 1.79384613037, 1.95346045494, 2.45441389084, 4.03492116928, 6.13699913025, 10.0146360397, 11.3975038528, 7.78277778625, 2.97601032257, 0.62029260397, 1.99399781227, 1.57710421085, 0.331539809704, 0.0226750336587, 0.00611527636647], "median": [0.596877574921, 1.91646230221, 2.23866224289, 3.5571167469, 2.71097040176, 4.07343626022, 6.35084342957, 4.39865779877, 4.94794511795, 7.52761650085, 3.35548591614, 7.01689910889, 7.4046459198, 5.46875238419, 3.13044476509, 1.96029651165, 2.57558941841, 1.86244654655, 2.0130045414, 2.69791293144, 1.16528511047, 1.22474503517, 0.885255157948, 1.17236447334, 1.17036747932, 1.21327757835, 1.15523016453, 1.576862216, 1.9538384676, 2.81391692162, 3.43882083893, 3.30247592926, 1.80317401886, 0.451001673937, 0.0969165414572, 0.442604780197, 0.514709591866, 0.162809103727, 0.0244110152125, 0.0092429369688], "min": [1.08042652112e-21, 9.26206612286e-22, 2.07428887386e-21, 1.05162040057e-20, 4.03861531362e-20, 1.15436815569e-19, 2.8034492543e-19, 4.52689479471e-19, 1.04031600169e-18, 7.02077971807e-19, 8.95658139178e-19, 1.5630782256e-18, 1.37330396792e-18, 3.09839668342e-18, 6.59375072537e-18, 2.92021370767e-18, 4.26854685066e-18, 5.25464043942e-18, 4.75569543368e-18, 6.19329852876e-18, 6.56284808486e-18, 1.14277764407e-17, 1.51605182904e-17, 1.23263592838e-17, 1.01492811229e-17, 1.41034741118e-17, 1.69447220563e-17, 2.48550502541e-17, 2.2201097507e-17, 2.15317115225e-17, 1.84229947269e-17, 2.07756849862e-17, 1.19052308806e-17, 1.32196936658e-17, 1.27909568553e-17, 6.38883120427e-18, 3.01010900831e-18, 1.21388237904e-18, 2.54287443665e-19, 3.17292362744e-20], "dvar2": [2.42161488533, 9.40395450592, 40.9615745544, 244.825393677, 614.057983398, 702.33605957, 3007.88427734, 2087.70410156, 1556.96313477, 3119.18579102, 5861.83447266, 7528.28662109, 17658.7988281, 11223.3476562, 3804.00024414, 6349.94970703, 2878.1953125, 783.323242188, 920.951660156, 258.399169922, 178.865463257, 160.630630493, 40.4579467773, 34.192237854, 17.2482357025, 24.0462341309, 19.2860469818, 26.0663928986, 75.6023483276, 199.593078613, 543.001159668, 772.756530762, 436.144622803, 149.064071655, 7.58015203476, 32.0806999207, 11.5787096024, 0.384359478951, 0.00127229478676, 9.65433864621e-05], "dvar": [1.10662424564, 3.63294458389, 15.1082353592, 92.0818405151, 239.027328491, 267.557739258, 1181.8248291, 873.743225098, 771.879821777, 1283.43896484, 2284.43823242, 2906.82714844, 8518.41601562, 4431.77734375, 1569.20776367, 2523.45874023, 1158.50476074, 326.269866943, 352.422851562, 99.9267272949, 62.3203620911, 57.5166053772, 15.1941070557, 11.2747430801, 6.36583375931, 9.18982028961, 7.55617570877, 10.4368619919, 30.2013053894, 83.2180328369, 222.29057312, 317.186157227, 178.150222778, 58.1610679626, 2.75577235222, 13.3577070236, 5.06481838226, 0.176083892584, 0.000580630381592, 4.2908694013e-05], "dmean": [0.552814900875, 1.30819988251, 2.05899763107, 4.45925998688, 5.96978282928, 7.14625167847, 13.9287538528, 11.5850868225, 9.20659065247, 13.0014982224, 14.4530000687, 15.6802873611, 23.8842163086, 23.4396038055, 11.7662477493, 12.3810434341, 8.73169898987, 4.94668626785, 3.95608258247, 3.67833614349, 2.23880505562, 1.55947780609, 1.35929226875, 1.17731499672, 1.15689861774, 1.10228550434, 1.20853340626, 1.52901017666, 2.53095459938, 3.91068720818, 6.38345718384, 7.19748783112, 4.91169643402, 1.84109079838, 0.383529990911, 1.28237247467, 1.02185440063, 0.219372019172, 0.0151829663664, 0.00398440985009], "max": [16.2512969971, 47.2892913818, 104.477767944, 210.393844604, 302.574707031, 359.385772705, 1003.83563232, 1137.94592285, 1791.63903809, 1096.87756348, 1651.25170898, 3148.96289062, 6418.58740234, 2551.34692383, 1529.36901855, 1973.35852051, 1664.9609375, 635.335632324, 766.707702637, 358.050140381, 598.144287109, 419.837005615, 168.575698853, 198.345489502, 71.9066238403, 112.756774902, 78.1123962402, 92.3817596436, 179.743774414, 280.05871582, 402.242919922, 468.906311035, 436.992584229, 401.427490234, 71.5388870239, 152.170654297, 52.0946960449, 7.49727916718, 0.472506999969, 0.119373947382], "var": [1.67941391468, 7.21408891678, 18.9692192078, 158.012176514, 346.049835205, 428.053192139, 3759.23291016, 2197.45776367, 1794.94140625, 2573.03759766, 3583.03759766, 7400.64013672, 38674.4765625, 11028.5292969, 3343.01733398, 4902.75048828, 2331.24389648, 694.89855957, 610.644348145, 236.042510986, 160.929138184, 105.187660217, 34.8676490784, 30.330373764, 17.6967449188, 20.8181018829, 20.2125587463, 28.1543674469, 74.9451980591, 208.211303711, 481.415740967, 612.756286621, 380.138122559, 109.365531921, 4.25755739212, 32.5186386108, 12.3898630142, 0.602706491947, 0.00413205008954, 0.000317488156725], "mean": [0.963273406029, 2.61913466454, 3.39956068993, 7.57711076736, 8.29314804077, 11.1797075272, 25.6069297791, 20.35795784, 15.617442131, 21.1306934357, 22.7313117981, 29.1686897278, 47.1397171021, 40.921295166, 21.2289524078, 21.0549030304, 15.6214609146, 9.13722610474, 6.83216953278, 7.10669660568, 4.50361824036, 3.31102085114, 3.00666427612, 2.76726794243, 2.72557806969, 2.56247282028, 2.90885853767, 3.7618086338, 5.77025556564, 8.67550086975, 13.0876970291, 14.2473049164, 9.73980140686, 3.67752504349, 0.759454786777, 2.71242213249, 2.22021055222, 0.54984498024, 0.0561498180032, 0.0182422604412]}, "spectral_strongpeak": {"dmean2": 18.8931484222, "median": 0.191610068083, "min": 0, "dvar2": 3332.08935547, "dvar": 1306.56164551, "dmean": 10.183054924, "max": 319.819915771, "var": 1160.96142578, "mean": 8.68288326263}, "spectral_energy": {"dmean2": 0.0250842105597, "median": 0.0460021235049, "min": 1.06011111876e-20, "dvar2": 0.00158975739032, "dvar": 0.000837400497403, "dmean": 0.0176039021462, "max": 0.506814420223, "var": 0.00356763950549, "mean": 0.0655260458589}, "average_loudness": 0.697457551956, "spectral_rolloff": {"dmean2": 6464.50683594, "median": 21727.0019531, "min": 43.06640625, "dvar2": 100823384, "dvar": 46659172, "dmean": 3470.93432617, "max": 22050, "var": 81053064, "mean": 15986.3300781}, "spectral_centroid": {"dmean2": 270.398864746, "median": 689.734069824, "min": 190.802841187, "dvar2": 153559.890625, "dvar": 77504.3671875, "dmean": 176.470504761, "max": 11333.6845703, "var": 252088.71875, "mean": 829.854797363}, "pitch_salience": {"dmean2": 0.096997089684, "median": 0.464450359344, "min": 0.086693353951, "dvar2": 0.00767541537061, "dvar": 0.00335703697056, "dmean": 0.0638517439365, "max": 0.857802391052, "var": 0.0198839791119, "mean": 0.458799690008}, "spectral_energyband_middle_high": {"dmean2": 0.00184617447667, "median": 0.000616726698354, "min": 1.49885076508e-21, "dvar2": 1.64337361639e-05, "dvar": 6.64109984427e-06, "dmean": 0.00115949497558, "max": 0.0647679939866, "var": 2.52264671872e-05, "mean": 0.00307995127514}, "spectral_contrast_coeffs": {"dmean2": [0.0766061916947, 0.0771551281214, 0.0626568719745, 0.0463152229786, 0.0289935655892, 0.0355867482722], "median": [-0.732678413391, -0.77143907547, -0.792381644249, -0.824118196964, -0.838578224182, -0.795930981636], "min": [-0.965568065643, -0.939581573009, -0.956428229809, -0.972335934639, -0.975360453129, -0.962120831013], "dvar2": [0.00399173470214, 0.00372383953072, 0.00249110953882, 0.0013058707118, 0.000526068266481, 0.00131975370459], "dvar": [0.0014383958187, 0.00134014524519, 0.000895398668945, 0.000468135171104, 0.000188232210348, 0.000563962268643], "dmean": [0.0460943430662, 0.0459252037108, 0.0374543294311, 0.0276338607073, 0.017326656729, 0.0233179181814], "max": [-0.337093949318, -0.426852524281, -0.424975156784, -0.564027190208, -0.675826013088, -0.527917921543], "var": [0.00539165781811, 0.00352367269807, 0.00334830977954, 0.00148688431364, 0.000618526886683, 0.00168458151165], "mean": [-0.72342312336, -0.765662372112, -0.783871352673, -0.819275259972, -0.836781322956, -0.785443902016]}, "melbands_skewness": {"dmean2": 1.69619083405, "median": 4.59324598312, "min": -1.17004108429, "dvar2": 3.18315267563, "dvar": 1.40969014168, "dmean": 1.12942063808, "max": 19.5967388153, "var": 6.20009088516, "mean": 4.95639467239}, "spectral_spread": {"dmean2": 1403646.5, "median": 8052968, "min": 1798764.875, "dvar2": 2337874640900.0, "dvar": 1465718145020.0, "dmean": 1014502.625, "max": 41109808, "var": 7766149169150.0, "mean": 7991603.5}, "dissonance": {"dmean2": 0.037119474262, "median": 0.468881577253, "min": 0.236036241055, "dvar2": 0.00120515085291, "dvar": 0.000429933425039, "dmean": 0.0216618161649, "max": 0.500000119209, "var": 0.000686695275363, "mean": 0.463102012873}, "spectral_skewness": {"dmean2": 0.404323071241, "median": 1.9661192894, "min": 0.00783507805318, "dvar2": 0.21017614007, "dvar": 0.113541826606, "dmean": 0.292080700397, "max": 6.72583055496, "var": 0.611698329449, "mean": 2.08106589317}, "spectral_flux": {"dmean2": 0.0427910462022, "median": 0.0898013859987, "min": 1.02961694726e-10, "dvar2": 0.00341831054538, "dvar": 0.00122505193576, "dmean": 0.0258351210505, "max": 0.482738673687, "var": 0.00566157465801, "mean": 0.109231777489}, "spectral_contrast_valleys": {"dmean2": [0.524364650249, 0.555671691895, 0.471678704023, 0.42136323452, 0.355396091938, 0.633578360081], "median": [-6.3558883667, -6.67837238312, -7.38849449158, -8.10487556458, -8.11280536652, -9.66075325012