{"metadata": {"tags": {"releasecountry": ["XW"], "title": ["Blackbird"], "writer": ["John Lennon", "Paul McCartney"], "producer": ["Chris Thomas", "George Martin"], "releasetype": ["album", "compilation"], "asin": ["B000002UAX"], "disctotal": ["13"], "script": ["Latn"], "acoustid_id": ["d67e0c45-bd22-4ad5-afd4-97b45947c00f"], "musicbrainz_artistid": ["b10bbbfc-cf9e-42e0-be17-e2c3e1d2600d"], "albumartist": ["The Beatles"], "releasestatus": ["official"], "isrc": ["GBAYE0601654"], "artistsort": ["Beatles, The"], "tracknumber": ["11"], "tracktotal": ["17"], "musicbrainz_releasegroupid": ["a5550169-ec99-45b1-827b-2d79c0c0fbb8"], "date": ["2009-09-09"], "media": ["CD"], "composer": ["The Beatles"], "label": ["Apple Records"], "musicbrainz_releasetrackid": ["982608c9-2598-3777-ae1c-43115605c85b"], "discsubtitle": ["The Beatles"], "bpm": ["94"], "genre": ["Pop"], "initialkey": ["G"], "originalyear": ["2009"], "file_name": "11 The Beatles - Blackbird.flac", "album": ["The Beatles In Mono (Disc 10: The Beatles)"], "engineer": ["Geoff Emerick"], "musicbrainz_workid": ["8a9cc43c-2958-36a1-b9e9-0afd8a346285"], "albumartistsort": ["Beatles, The"], "musicbrainz_albumid": ["5cd103c6-07e3-32b1-8cea-7e53eb994829"], "barcode": ["4988006740037"], "originaldate": ["2009-09-09"], "totaltracks": ["17"], "artist": ["The Beatles"], "totaldiscs": ["13"], "catalognumber": ["5099969945120"], "musicbrainz_albumartistid": ["b10bbbfc-cf9e-42e0-be17-e2c3e1d2600d"], "discnumber": ["10"], "musicip_puid": ["d8d53356-122f-117f-ebc5-3e1eb5e6dfd9"], "musicbrainz_recordingid": ["08db8f3d-6efa-45e6-93b3-1e334fa2ed45"], "language": ["eng"], "work": ["Blackbird"]}, "audio_properties": {"sample_rate": 44100, "downmix": "mix", "lossless": true, "analysis_sample_rate": 44100, "md5_encoded": "39deb18b54a0b39ef5d0f2169ff8128a", "equal_loudness": 0, "replay_gain": -6.78208351135, "codec": "flac", "bit_rate": 0, "length": 138.919998169}, "version": {"extractor": "music 1.0", "essentia_build_sha": "2d9f1f26377add8aeb1075a9c2973f962c4f09fd", "essentia_git_sha": "v2.1_beta2-1-ge3940c0", "essentia": "2.1-beta2"}}, "rhythm": {"beats_loudness_band_ratio": {"dvar2": [0.0760088115931, 0.0384704396129, 0.0380375832319, 0.0218010097742, 0.0560170337558, 0.000626523105893], "var": [0.0636382848024, 0.0287836473435, 0.0239109583199, 0.00621671043336, 0.019839419052, 0.000203261966817], "min": [0.0480792373419, 0.00712627824396, 0.000899244099855, 0.000146331178257, 6.8396802817e-05, 8.04498813523e-06], "dmean": [0.217426985502, 0.153086021543, 0.122772693634, 0.055569794029, 0.070476166904, 0.00846728589386], "mean": [0.539298117161, 0.431019306183, 0.138379991055, 0.0448084771633, 0.0607355982065, 0.00740453414619], "max": [0.919253706932, 0.723376691341, 0.594627916813, 0.515145123005, 0.890101015568, 0.107310347259], "dmean2": [0.355585277081, 0.273693501949, 0.21147890389, 0.0996833741665, 0.126871392131, 0.0152095453814], "median": [0.599934339523, 0.438412129879, 0.0675320252776, 0.0142178973183, 0.0115963006392, 0.00345126888715], "dvar": [0.03184440732, 0.0155773414299, 0.0170028321445, 0.00760916760191, 0.0217145252973, 0.000226080577704]}, "bpm_histogram_first_peak_weight": {"dvar2": 0, "var": 0, "min": 0.38425925374, "dmean": 0, "mean": 0.38425925374, "max": 0.38425925374, "dmean2": 0, "median": 0.38425925374, "dvar": 0}, "bpm": 93.5157318115, "beats_count": 217, "bpm_histogram_first_peak_spread": {"dvar2": 0, "var": 0, "min": 0.569948196411, "dmean": 0, "mean": 0.569948196411, "max": 0.569948196411, "dmean2": 0, "median": 0.569948196411, "dvar": 0}, "danceability": 1.07317495346, "bpm_histogram_first_peak_bpm": {"dvar2": 0, "var": 0, "min": 94, "dmean": 0, "mean": 94, "max": 94, "dmean2": 0, "median": 94, "dvar": 0}, "beats_position": [0.696598649025, 1.369977355, 2.02013611794, 2.67029476166, 3.32045340538, 3.97061228752, 4.60916090012, 5.24770975113, 5.89786815643, 6.54802703857, 7.19818592072, 7.84834432602, 8.498503685, 9.14866161346, 9.79882049561, 10.4373693466, 11.0875282288, 11.7260770798, 12.3762359619, 13.0263938904, 13.6881628036, 14.3499317169, 15.0000905991, 15.6502494812, 16.3004074097, 16.9505672455, 17.600725174, 18.2624931335, 18.9126529694, 19.5512008667, 20.1781406403, 20.8166885376, 21.4552383423, 22.0937862396, 22.7323360443, 23.3824939728, 24.0326519012, 24.6712017059, 25.3097496033, 25.9599094391, 26.6100673676, 27.2486171722, 27.8987751007, 28.537322998, 29.1874828339, 29.8376407623, 30.476190567, 31.1147384644, 31.7648983002, 32.4034461975, 33.0652160645, 33.7037620544, 34.3423118591, 34.9808616638, 35.6194114685, 36.269569397, 36.9197273254, 37.5698852539, 38.2316551208, 38.8934249878, 39.5435829163, 40.1821289063, 40.8206787109, 41.4592285156, 42.0977783203, 42.7363243103, 43.3632659912, 43.9785919189, 44.6055335999, 45.2324714661, 45.8594093323, 46.5095672607, 47.1597251892, 47.7982749939, 48.4368247986, 49.0753746033, 49.7139205933, 50.3640823364, 51.0142402649, 51.6643981934, 52.302947998, 52.941493988, 53.5916557312, 54.2302017212, 54.8803634644, 55.5189094543, 56.1458511353, 56.7495689392, 57.3648986816, 57.9802246094, 58.6071662903, 59.2341041565, 59.8610420227, 60.4995918274, 61.1613578796, 61.7999076843, 62.438457489, 63.0886154175, 63.7387733459, 64.3773193359, 65.0158691406, 65.6660308838, 66.316192627, 66.9663467407, 67.6048965454, 68.2434463501, 68.8936004639, 69.543762207, 70.1823120117, 70.8208618164, 71.4710159302, 72.0979614258, 72.7365036011, 73.3750534058, 74.001991272, 74.6521530151, 75.3023147583, 75.9292526245, 76.5678024292, 77.2063446045, 77.8448944092, 78.4834442139, 79.1219940186, 79.7605438232, 80.3990936279, 81.0376434326, 81.6761856079, 82.3147354126, 82.9648971558, 83.6150588989, 84.2652130127, 84.8921508789, 85.5190887451, 86.1344223022, 86.7381362915, 87.3766860962, 88.0036239624, 88.6305618286, 89.2575073242, 89.8844451904, 90.5229949951, 91.1615371704, 91.788482666, 92.4270248413, 93.0539703369, 93.6809082031, 94.3078460693, 94.9347839355, 95.5849380493, 96.2583236694, 96.8504257202, 97.4309310913, 98.0810852051, 98.7196350098, 99.3581848145, 100.054779053, 100.75138092, 101.424758911, 102.098136902, 102.771514893, 103.444892883, 104.106666565, 104.768432617, 105.430198669, 106.080360413, 106.730522156, 107.36907196, 108.007614136, 108.64616394, 109.296325684, 109.934875488, 110.573425293, 111.223579407, 111.87374115, 112.512290955, 113.15083313, 113.789382935, 114.427932739, 115.054870605, 115.681808472, 116.320358276, 116.958908081, 117.597457886, 118.23600769, 118.874557495, 119.5131073, 120.174873352, 120.825035095, 121.463577271, 122.102127075, 122.74067688, 123.367614746, 123.982948303, 124.598274231, 125.225212097, 125.852149963, 126.490699768, 127.129249573, 127.756187439, 128.383132935, 128.998458862, 129.637008667, 130.263946533, 130.902496338, 131.541046143, 132.191192627, 132.736862183, 133.282531738, 133.816589355, 134.350662231, 134.884719849, 135.441986084, 135.999267578, 136.556549072, 137.102218628, 137.647888184, 138.193557739], "beats_loudness": {"dvar2": 0.00203067413531, "var": 0.0010316564003, "min": 1.2590244296e-05, "dmean": 0.025032101199, "mean": 0.0341363847256, "max": 0.220906943083, "dmean2": 0.0448849387467, "median": 0.0264583881944, "dvar": 0.000714254449122}, "bpm_histogram_second_peak_weight": {"dvar2": 0, "var": 0, "min": 0.0277777779847, "dmean": 0, "mean": 0.0277777779847, "max": 0.0277777779847, "dmean2": 0, "median": 0.0277777779847, "dvar": 0}, "bpm_histogram_second_peak_spread": {"dvar2": 0, "var": 0, "min": 0.25, "dmean": 0, "mean": 0.25, "max": 0.25, "dmean2": 0, "median": 0.25, "dvar": 0}, "bpm_histogram_second_peak_bpm": {"dvar2": 0, "var": 0, "min": 89, "dmean": 0, "mean": 89, "max": 89, "dmean2": 0, "median": 89, "dvar": 0}, "onset_rate": 3.75710940361}, "lowlevel": {"spectral_energyband_high": {"dvar2": 1.19857162417e-07, "var": 6.51953300235e-08, "min": 7.37046867982e-09, "dmean": 4.47512429673e-05, "mean": 6.31805305602e-05, "max": 0.00590941123664, "dmean2": 6.82487225276e-05, "median": 1.4376377294e-05, "dvar": 4.7557175975e-08}, "spectral_energyband_middle_low": {"dvar2": 0.000112385474495, "var": 0.000269945245236, "min": 1.24614123465e-08, "dmean": 0.0042262612842, "mean": 0.0144968545064, "max": 0.217129603028, "dmean2": 0.00577285932377, "median": 0.00904758553952, "dvar": 5.84882945986e-05}, "spectral_energy": {"dvar2": 0.00012737295765, "var": 0.000402413017582, "min": 6.36563939338e-08, "dmean": 0.00508646294475, "mean": 0.0197211094201, "max": 0.226884797215, "dmean2": 0.00687518343329, "median": 0.013137480244, "dvar": 6.94463742548e-05}, "spectral_spread": {"dvar2": 692999159808, "var": 1555419758590.0, "min": 1021548.0625, "dmean": 469977.5, "mean": 3225192, "max": 14943038, "dmean2": 680193.6875, "median": 2945323, "dvar": 376720523264}, "spectral_energyband_low": {"dvar2": 8.64813409862e-06, "var": 3.47976638295e-05, "min": 1.83424653244e-08, "dmean": 0.00111231976189, "mean": 0.00289913523011, "max": 0.0788736864924, "dmean2": 0.00154626264703, "median": 0.00131475925446, "dvar": 4.53145821666e-06}, "spectral_rolloff": {"dvar2": 783190.25, "var": 724039.375, "min": 107.666015625, "dmean": 187.553024292, "mean": 653.553039551, "max": 19638.28125, "dmean2": 326.480804443, "median": 366.064453125, "dvar": 364064.4375}, "barkbands": {"dvar2": [6.96083490327e-13, 6.43515249976e-07, 4.69471297038e-06, 8.84869496076e-06, 6.3427592977e-05, 5.57128669243e-06, 5.23933886143e-06, 2.74365629593e-06, 1.69746101619e-06, 3.94833386963e-06, 1.09110101221e-06, 2.94123026379e-07, 2.75777006209e-06, 4.71463954455e-06, 6.44485135126e-06, 2.73711316368e-06, 3.66368112736e-07, 7.15062867584e-07, 1.04006844026e-07, 4.02744468886e-08, 1.16085274726e-08, 2.7811863923e-09, 1.02212061037e-08, 6.52893250574e-09, 1.62262403514e-09, 3.91498777841e-11, 7.2369286128e-13], "var": [3.41458767728e-13, 7.4624554145e-06, 1.04330156319e-05, 7.22256982044e-06, 0.000118226402265, 7.34716468287e-06, 9.19637659536e-06, 6.235985893e-06, 4.87139368488e-06, 7.98987093731e-06, 7.18767410035e-07, 5.64442302675e-07, 3.61849924957e-06, 5.46818637304e-06, 1.01036075648e-05, 3.11461371894e-06, 3.83598688813e-07, 5.56840802801e-07, 5.28717869486e-08, 1.16491420954e-08, 3.11881143134e-09, 1.24076426911e-09, 5.02300867566e-09, 6.33319752197e-09, 1.90638860254e-09, 3.13123277307e-11, 2.61315247869e-13], "min": [2.22894029622e-11, 2.09147810182e-09, 9.41823175005e-10, 4.01038180442e-09, 4.63198102096e-09, 1.02462494045e-09, 3.12604719888e-10, 4.06824678112e-11, 8.09486713771e-11, 2.4845894786e-10, 6.43506012366e-11, 1.49157561302e-10, 9.53630438505e-11, 1.6098353206e-10, 1.5672821374e-10, 1.13926777734e-10, 7.21160561823e-11, 1.40027683893e-10, 4.67882607658e-11, 1.65310820588e-10, 2.3736521082e-10, 2.31867663958e-10, 4.65455840537e-10, 5.53859014207e-10, 6.16594553193e-10, 1.2545982031e-09, 5.58920110194e-09], "dmean": [8.10449023447e-08, 0.000309141614707, 0.000720661715604, 0.000841308443341, 0.00298184109852, 0.00052900146693, 0.000488589517772, 0.000378880795324, 0.000287652743282, 0.000334981043125, 0.000122618715977, 9.32151888264e-05, 0.000203272938961, 0.000344508705894, 0.000334331271006, 0.000176777495653, 9.52050322667e-05, 0.000124984799186, 3.73629954993e-05, 1.64149769262e-05, 9.12843552214e-06, 6.80774110151e-06, 9.75075545284e-06, 9.47714033828e-06, 4.84403972223e-06, 8.72951375186e-07, 7.41699750506e-08], "mean": [9.17598228511e-08, 0.000819962704554, 0.00163513363805, 0.00187334639486, 0.00793617870659, 0.00135100027546, 0.00121600658167, 0.000945190840866, 0.000647990615107, 0.000750528241042, 0.000186083343579, 0.000173751628608, 0.000356145348633, 0.000547154282685, 0.000528024276718, 0.000249578879448, 0.000153403816512, 0.000216510830796, 6.18989215582e-05, 2.03670242627e-05, 1.06233919723e-05, 8.65707988851e-06, 1.3115697584e-05, 1.25458864204e-05, 6.56824749967e-06, 1.12832526611e-06, 1.50111276298e-07], "max": [2.67694686045e-05, 0.0370999500155, 0.0421162359416, 0.0482317470014, 0.177294954658, 0.0537740252912, 0.0470255985856, 0.0296742506325, 0.0458629205823, 0.0399719849229, 0.0277421139181, 0.0185353420675, 0.0559676811099, 0.0478262379766, 0.0678978785872, 0.0401786677539, 0.0114488638937, 0.0180660951883, 0.00498532271013, 0.00590211711824, 0.00301384623162, 0.00103068095632, 0.00253831618465, 0.00286325649358, 0.00155973306391, 0.00024090304214, 2.76997561741e-05], "dmean2": [1.31146890681e-07, 0.00036179315066, 0.00104846537579, 0.0012566044461, 0.00411992054433, 0.000785630720202, 0.000646508589853, 0.000515162129886, 0.000378606084269, 0.000491598621011, 0.00018808436289, 0.000139316209243, 0.000296691199765, 0.000539337983355, 0.000510973157361, 0.000261311652139, 0.000145788348163, 0.000188049860299, 5.85778288951e-05, 2.76445134659e-05, 1.52730335685e-05, 1.09961001726e-05, 1.5315870769e-05, 1.35015807246e-05, 7.16149361324e-06, 1.37055485538e-06, 1.16817034268e-07], "median": [3.24236353322e-08, 7.67624514992e-05, 0.000602137879469, 0.00101290759631, 0.00436637643725, 0.000513732084073, 0.000210334022995, 5.73113211431e-05, 1.56385322043e-05, 1.82941330422e-05, 1.46644624692e-05, 1.10773216875e-05, 8.19716569822e-06, 8.62864180817e-06, 1.20397126011e-05, 3.84148734156e-06, 9.81412449619e-06, 1.7855745682e-05, 6.84029419062e-06, 2.94517553812e-06, 1.81216864803e-06, 1.84346185961e-06, 2.31832814279e-06, 1.78408072316e-06, 8.24212577299e-07, 1.94739726567e-07, 8.00925477051e-08], "dvar": [2.83014497254e-13, 5.29332851329e-07, 2.10810503631e-06, 3.54703729499e-06, 3.15637989843e-05, 2.6351217457e-06, 2.76136529465e-06, 1.46815170865e-06, 1.09222958145e-06, 1.77664048806e-06, 4.51698696224e-07, 1.49662767512e-07, 1.35119194056e-06, 2.30144701163e-06, 3.70892757928e-06, 1.48420690493e-06, 1.71227071633e-07, 3.14286950243e-07, 3.74421738059e-08, 1.33764350707e-08, 4.02469613192e-09, 1.12575626598e-09, 4.19212131675e-09, 3.56484886055e-09, 8.85147732888e-10, 1.99206345863e-11, 2.9293841658e-13]}, "melbands_skewness": {"dvar2": 3.14885902405, "var": 6.63139915466, "min": -3.9088075161, "dmean": 0.920751035213, "mean": 3.91285848618, "max": 18.2663974762, "dmean2": 1.38012850285, "median": 3.53813123703, "dvar": 1.35288321972}, "barkbands_skewness": {"dvar2": 2.38423776627, "var": 6.97580766678, "min": -6.43370342255, "dmean": 0.838380396366, "mean": 3.41758823395, "max": 15.6897296906, "dmean2": 1.23401522636, "median": 2.99695110321, "dvar": 1.11964738369}, "erbbands": {"dvar2": [1.60750460054e-05, 0.0739372372627, 5.42546701431, 18.8710422516, 1048.25683594, 313.996917725, 147.347351074, 589.249816895, 1587.56652832, 971.359130859, 1210.4510498, 806.37487793, 6115.01367188, 668.65435791, 1368.12145996, 427.282562256, 6791.64892578, 9055.72070313, 14523.4267578, 14997.5195313, 2619.95947266, 1064.1541748, 1510.98999023, 1037.43994141, 181.381851196, 145.483062744, 74.6484603882, 2.09418153763, 4.47235488892, 2.13305211067, 10.424612999, 5.67506694794, 1.13168203831, 0.358205020428, 0.041849475354, 0.00176617933903, 9.23315383261e-05, 1.94811832444e-06, 3.05544887169e-08, 2.05657546548e-10], "var": [0.000150611638674, 0.722528576851, 18.1358413696, 18.5793437958, 2119.42480469, 595.498474121, 243.232116699, 640.313232422, 2185.12988281, 2826.6809082, 2891.40209961, 2057.45898438, 14256.3828125, 1526.57019043, 1158.89758301, 544.596374512, 9489.37792969, 11852.6748047, 29348.1308594, 19342.9648438, 4538.27978516, 1307.51245117, 1609.63781738, 634.309936523, 66.6394424438, 36.4479064941, 17.8171424866, 1.0135114193, 2.19085407257, 1.14319634438, 5.81452798843, 4.55301523209, 0.972274780273, 0.400893300772, 0.0504545383155, 0.00188564311247, 3.96768991777e-05, 8.094582995e-07, 1.08220419293e-08, 5.71204694655e-10], "min": [4.31472031437e-08, 6.50066112939e-07, 7.28951590645e-06, 1.50354990183e-05, 1.80997612915e-05, 1.93482592294e-05, 1.32839440994e-05, 1.0715285498e-05, 6.35298647467e-06, 5.61944716537e-06, 1.45368596804e-06, 1.97051645046e-06, 5.56510985916e-06, 4.64022150481e-06, 5.58723741051e-06, 6.11221366853e-06, 4.28116391049e-06, 7.27663928046e-06, 9.82391065918e-06, 8.89547754923e-06, 6.89914759278e-06, 5.19083368999e-06, 8.69973519002e-06, 2.29998363466e-06, 3.18368574881e-06, 9.22165145312e-06, 7.72909606894e-06, 1.03334296e-05, 7.20569096302e-06, 1.19988490042e-05, 1.37203551276e-05, 9.6418953035e-06, 9.70518249233e-06, 4.95162657899e-06, 6.38544725007e-06, 5.71809732719e-06, 1.75554180259e-06, 1.23151176012e-06, 4.6148909405e-07, 1.07920307357e-07], "dmean": [0.0015041991137, 0.102825067937, 0.792311429977, 1.45205032825, 11.7098741531, 6.28647661209, 2.8246512413, 4.95463705063, 7.83183145523, 6.41281986237, 8.23956203461, 5.93238067627, 12.5248212814, 5.13176488876, 4.43755817413, 3.79729700089, 8.5393409729, 15.3063735962, 17.2681522369, 14.9085245132, 7.02257108688, 5.45626783371, 6.83956480026, 3.55028820038, 1.25119924545, 0.765477061272, 0.552203536034, 0.25269022584, 0.257886886597, 0.206700637937, 0.302877426147, 0.246563255787, 0.126989558339, 0.0694692730904, 0.0249599255621, 0.00625717639923, 0.00127351214178, 0.000157108021085, 1.58915936481e-05, 6.08661730439e-06], "mean": [0.00396660203114, 0.269964128733, 1.85831665993, 3.90743613243, 28.6212863922, 17.187210083, 8.45600128174, 11.5052013397, 19.8766689301, 16.7063350677, 21.380657196, 14.4557180405, 29.8666553497, 11.2454147339, 8.19313716888, 7.02819108963, 16.2891731262, 28.7110710144, 29.909740448, 22.1686344147, 11.0186786652, 9.49669456482, 12.0970401764, 6.22725963593, 2.08442735672, 0.958576977253, 0.60451900959, 0.34013274312, 0.323989927769, 0.296307653189, 0.405840456486, 0.318541646004, 0.172725751996, 0.0960112810135, 0.0324203036726, 0.00795929599553, 0.00160323269665, 0.000229486249737, 3.59291188943e-05, 2.39789442276e-05], "max": [0.16508282721, 11.5320367813, 56.1645431519, 71.767539978, 794.758056641, 245.452987671, 289.029907227, 517.154968262, 1092.60668945, 862.275878906, 641.171386719, 721.518798828, 1712.81799316, 720.07800293, 1039.1385498, 497.636016846, 3134.52441406, 2174.5246582, 3616.75390625, 3903.93286133, 1899.21643066, 678.188049316, 838.061645508, 771.085754395, 286.56137085, 397.714385986, 200.933319092, 19.6568489075, 48.7437171936, 30.5376262665, 83.5888900757, 79.4544067383, 26.2907943726, 19.5967636108, 8.69892215729, 1.77363598347, 0.164985656738, 0.0377438440919, 0.00599271198735, 0.000328616355546], "dmean2": [0.00185132422484, 0.124122537673, 1.10099375248, 2.20135569572, 15.7979364395, 9.11296081543, 4.06378555298, 7.36940431595, 10.608007431, 8.26333045959, 10.8785591125, 7.68400382996, 17.8147602081, 7.09737730026, 6.75650310516, 5.53024959564, 11.9534473419, 22.7568569183, 24.4799060822, 21.1383647919, 9.65313625336, 8.17202663422, 10.0646924973, 5.3674530983, 2.00280785561, 1.28962850571, 0.937237560749, 0.407174617052, 0.41952803731, 0.322199255228, 0.476494967937, 0.363134860992, 0.189507424831, 0.100538656116, 0.0381124503911, 0.0097000207752, 0.00206764508039, 0.000249696720857, 2.44786388066e-05, 8.2518608906e-06], "median": [0.000626719556749, 0.0356009230018, 0.561334192753, 2.70298051834, 13.6352882385, 8.47429656982, 4.06213283539, 4.00936603546, 4.39675140381, 2.29250669479, 1.88498651981, 0.519293427467, 0.744307518005, 0.63673043251, 0.690261244774, 0.560733556747, 0.414461582899, 0.616020977497, 0.55779337883, 0.630663752556, 0.386050105095, 0.672089099884, 0.934364378452, 0.692179560661, 0.301111459732, 0.15272167325, 0.0806296616793, 0.0691802278161, 0.0685940682888, 0.0590900182724, 0.0650656372309, 0.0446036458015, 0.0249743424356, 0.0113068688661, 0.00411668792367, 0.00121363741346, 0.000307456648443, 6.94512491464e-05, 1.94935000764e-05, 1.62453889061e-05], "dvar": [1.15062330224e-05, 0.0560688860714, 2.72304868698, 7.7863202095, 560.731689453, 146.932693481, 69.2295761108, 272.630981445, 781.860595703, 567.039245605, 638.678100586, 505.513092041, 2667.90625, 404.994812012, 541.868164063, 205.126251221, 3376.66845703, 3955.07202148, 8664.91210938, 8453.55273438, 1597.25927734, 532.013427734, 745.349975586, 411.071075439, 63.7410125732, 49.8489227295, 25.203578949, 0.80548453331, 1.86726534367, 0.911334216595, 4.4053645134, 2.86124300957, 0.557197332382, 0.194317385554, 0.0227316115052, 0.000984206446446, 3.76650932594e-05, 8.17020747945e-07, 1.21432677247e-08, 1.07731601418e-10]}, "silence_rate_30dB": {"dvar2": 0.00631578359753, "var": 0.00399436475709, "min": 0, "dmean": 0.00300852418877, "mean": 0.995989322662, "max": 1, "dmean2": 0.00601805420592, "median": 1, "dvar": 0.00299927941523}, "melbands_spread": {"dvar2": 99.6813583374, "var": 174.169692993, "min": 0.296142995358, "dmean": 3.27222323418, "mean": 9.54388427734, "max": 175.039077759, "dmean2": 4.83400678635, "median": 4.60262918472, "dvar": 51.1822509766}, "melbands_crest": {"dvar2": 15.3439512253, "var": 23.0488376617, "min": 4.95294380188, "dmean": 2.34009337425, "mean": 16.4062576294, "max": 33.5821304321, "dmean2": 3.66627955437, "median": 16.3996734619, "dvar": 5.91247320175}, "zerocrossingrate": {"dvar2": 9.54951319727e-05, "var": 0.000534648250323, "min": 0.00390625, "dmean": 0.00541426613927, "mean": 0.0272230673581, "max": 0.3359375, "dmean2": 0.00618195720017, "median": 0.0205078125, "dvar": 9.19558588066e-05}, "barkbands_kurtosis": {"dvar2": 960.639160156, "var": 2601.11547852, "min": -1.95741128922, "dmean": 11.8696641922, "mean": 34.5022697449, "max": 359.875488281, "dmean2": 17.3175945282, "median": 16.0567245483, "dvar": 486.53237915}, "spectral_flux": {"dvar2": 0.00123136409093, "var": 0.00169036153238, "min": 0.000169481965713, "dmean": 0.0186825338751, "mean": 0.0475542210042, "max": 0.351743608713, "dmean2": 0.0283600110561, "median": 0.0359160006046, "dvar": 0.000534672522917}, "barkbands_crest": {"dvar2": 12.8947076797, "var": 22.7924594879, "min": 2.96222496033, "dmean": 2.15543174744, "mean": 13.691868782, "max": 26.3968296051, "dmean2": 3.36815953255, "median": 12.9974107742, "dvar": 5.26395273209}, "barkbands_flatness_db": {"dvar2": 0.00193850800861, "var": 0.00475669838488, "min": 0.0652201622725, "dmean": 0.0255708284676, "mean": 0.263344466686, "max": 0.526711761951, "dmean2": 0.0370669290423, "median": 0.257991194725, "dvar": 0.000951036869083}, "spectral_entropy": {"dvar2": 0.283833801746, "var": 0.544303715229, "min": 3.30896496773, "dmean": 0.301904141903, "mean": 6.19272756577, "max": 8.61235237122, "dmean2": 0.43264195323, "median": 6.25467300415, "dvar": 0.14200104773}, "pitch_salience": {"dvar2": 0.0114296637475, "var": 0.0242027752101, "min": 0.0473356060684, "dmean": 0.0642739906907, "mean": 0.480403393507, "max": 0.929453670979, "dmean2": 0.0978665500879, "median": 0.505600750446, "dvar": 0.004848273471}, "erbbands_spread": {"dvar2": 217.191253662, "var": 343.526031494, "min": 0.671162188053, "dmean": 6.9973192215, "mean": 25.9260997772, "max": 146.920074463, "dmean2": 10.3905582428, "median": 21.0449771881, "dvar": 103.625762939}, "dynamic_complexity": 4.83388566971, "spectral_contrast_valleys": {"dvar2": [0.410102665424, 0.398847013712, 0.83894097805, 0.66471105814, 0.449717074633, 0.38905993104], "var": [1.57386171818, 1.17223322392, 1.58705985546, 1.52637171745, 1.33991789818, 0.905053794384], "min": [-13.3326501846, -13.4922628403, -14.4369859695, -14.3282165527, -14.2427663803, -15.2697687149], "dmean": [0.492337942123, 0.391446262598, 0.486396402121, 0.463666290045, 0.433612465858, 0.36298507452], "mean": [-8.54741287231, -8.06905937195, -9.14861392975, -9.57205104828, -9.52388286591, -11.9058961868], "max": [-5.87820625305, -5.44620466232, -5.65171337128, -6.01216697693, -6.08988952637, -8.25387477875], "dmean2": [0.727255403996, 0.587824642658, 0.745416402817, 0.691767930984, 0.605443716049, 0.519079089165], "median": [-8.38377761841, -7.95850658417, -9.10750579834, -9.55296516418, -9.47123718262, -11.8983840942], "dvar": [0.206788882613, 0.202133476734, 0.374843358994, 0.299574553967, 0.230263441801, 0.205490380526]}, "hfc": {"dvar2": 56.0260620117, "var": 198.823181152, "min": 0.000202003924642, "dmean": 2.83461713791, "mean": 9.77505302429, "max": 131.719924927, "dmean2": 3.73090171814, "median": 4.23032951355, "dvar": 33.4569892883}, "spectral_kurtosis": {"dvar2": 57.4958572388, "var": 77.1298980713, "min": -1.21036291122, "dmean": 4.26116275787, "mean": 12.4732217789, "max": 113.989677429, "dmean2": 6.75667381287, "median": 10.3989315033, "dvar": 26.4848690033}, "mfcc": {"mean": [-775.443908691, 159.0052948, 18.4546546936, 28.60987854, 13.60019207, -7.5451593399, -10.7839069366, -1.54885458946, -19.4774017334, -9.73174858093, -7.30428028107, -9.25531196594, -14.1103858948], "cov": [[10498.4238281, 254.340270996, -2021.48901367, -943.548278809, -153.313690186, -429.411529541, -273.006164551, 401.937744141, -31.6432266235, 504.072174072, 418.656890869, -98.3547363281, -185.766571045], [254.340270996, 1042.60742188, -134.439163208, -265.193634033, -118.075439453, -68.8374786377, 18.8522930145, 94.634223938, -68.9628143311, -5.89892435074, 119.47869873, 3.67338943481, -18.7143573761], [-2021.48901367, -134.439163208, 1035.76428223, 403.973937988, 50.5358734131, 204.064620972, 162.681488037, -21.3855361938, 55.6428985596, -97.0118560791, -99.5313110352, 112.049079895, 84.5920333862], [-943.548278809, -265.193634033, 403.973937988, 734.339477539, 316.560119629, 151.5728302, 74.5761108398, -15.9386138916, 137.909179688, -32.6060905457, -111.939880371, 76.2973022461, 76.6527023315], [-153.313690186, -118.075439453, 50.5358734131, 316.560119629, 425.225982666, 58.9796943665, -57.5436859131, -2.81578397751, 92.2252197266, 27.9795150757, -55.3866271973, 23.2056770325, 48.6811027527], [-429.411529541, -68.8374786377, 204.064620972, 151.5728302, 58.9796943665, 322.853027344, 115.212226868, -60.9378547668, 57.2703475952, 20.0681114197, -31.4663791656, 38.1773147583, 21.5681667328], [-273.006164551, 18.8522930145, 162.681488037, 74.5761108398, -57.5436859131, 115.212226868, 266.600341797, 27.2911300659, 1.32664525509, -8.23036670685, 46.1951675415, 24.9111099243, -15.4927492142], [401.937744141, 94.634223938, -21.3855361938, -15.9386138916, -2.81578397751, -60.9378547668, 27.2911300659, 225.514099121, 1.50046873093, -13.3205356598, 59.8004226685, 34.4002571106, 12.3276023865], [-31.6432266235, -68.9628143311, 55.6428985596, 137.909179688, 92.2252197266, 57.2703475952, 1.32664525509, 1.50046873093, 209.636886597, 36.0328521729, -69.393371582, 20.5038776398, 53.604347229], [504.072174072, -5.89892435074, -97.0118560791, -32.6060905457, 27.9795150757, 20.0681114197, -8.23036670685, -13.3205356598, 36.0328521729, 192.853485107, 49.0859680176, -16.1272506714, 2.96074295044], [418.656890869, 119.47869873, -99.5313110352, -111.939880371, -55.3866271973, -31.4663791656, 46.1951675415, 59.8004226685, -69.393371582, 49.0859680176, 220.644470215, 9.73969459534, -59.4585227966], [-98.3547363281, 3.67338943481, 112.049079895, 76.2973022461, 23.2056770325, 38.1773147583, 24.9111099243, 34.4002571106, 20.5038776398, -16.1272506714, 9.73969459534, 167.127227783, 38.3109130859], [-185.766571045, -18.7143573761, 84.5920333862, 76.6527023315, 48.6811027527, 21.5681667328, -15.4927492142, 12.3276023865, 53.604347229, 2.96074295044, -59.4585227966, 38.3109130859, 153.40133667]], "icov": [[0.000193375832168, 4.1300238081e-05, 0.000319028622471, 5.49503820366e-05, 3.23527528963e-05, -1.14675331133e-05, 4.32622728113e-05, -0.000334538257448, -5.2724906709e-05, -0.000350972928572, -3.65631676686e-05, -0.000113215130114, 9.77291128947e-05], [4.1300238081e-05, 0.00113835255615, 6.85561535647e-05, 0.000408086751122, -3.60125122825e-05, 5.29679846295e-06, -9.60479010246e-05, -0.000369602174032, 8.35217997519e-06, 0.000104598962935, -0.000407858344261, -6.73679460306e-05, -0.000168345970451], [0.000319028622471, 6.85561535647e-05, 0.00209381687455, -0.000689944194164, 0.00049003463937, -0.000495745276567, -0.00039119477151, -0.000477199209854, 0.000126837316202, -9.83621139312e-05, 0.000229623125051, -0.000673388072755, -0.000287377042696], [5.49503820366e-05, 0.000408086751122, -0.000689944194164, 0.00320811755955, -0.00207810779102, -1.56278420036e-05, -0.000897406425793, -3.35712538799e-05, -0.000747517566197, 0.000337039062288, 0.000366198801203, -0.000436821283074, -2.6785342925e-05], [3.23527528963e-05, -3.60125122825e-05, 0.00049003463937, -0.00207810779102, 0.00425307732075, -0.000613091513515, 0.00153398083057, -0.000437772279838, -0.000384692131775, -0.000587804766838, -0.000147515966091, 9.72851994447e-05, -0.000206125885597], [-1.14675331133e-05, 5.29679846295e-06, -0.000495745276567, -1.56278420036e-05, -0.000613091513515, 0.00479996483773, -0.00207571010105, 0.0014959143009, -0.000607809983194, -0.000642593950033, 0.000322650972521, -0.000678189040627, -2.29913421208e-05], [4.32622728113e-05, -9.60479010246e-05, -0.00039119477151, -0.000897406425793, 0.00153398083057, -0.00207571010105, 0.0058925524354, -0.00108146155253, -0.000145076715853, 0.000110069391667, -0.00142913579475, 0.000275063968729, 0.00061782670673], [-0.000334538257448, -0.000369602174032, -0.000477199209854, -3.35712538799e-05, -0.000437772279838, 0.0014959143009, -0.00108146155253, 0.00634156540036, -0.000695485970937, 0.0014044069685, -0.00157553481404, -0.000719291856512, -0.00107564625796], [-5.2724906709e-05, 8.35217997519e-06, 0.000126837316202, -0.000747517566197, -0.000384692131775, -0.000607809983194, -0.000145076715853, -0.000695485970937, 0.00682000350207, -0.00167361216154, 0.00207652687095, -0.00031290872721, -0.000978332012892], [-0.000350972928572, 0.000104598962935, -9.83621139312e-05, 0.000337039062288, -0.000587804766838, -0.000642593950033, 0.000110069391667, 0.0014044069685, -0.00167361216154, 0.00738696288317, -0.00240732822567, 0.000930933805648, -0.00107461970765], [-3.65631676686e-05, -0.000407858344261, 0.000229623125051, 0.000366198801203, -0.000147515966091, 0.000322650972521, -0.00142913579475, -0.00157553481404, 0.00207652687095, -0.00240732822567, 0.00768590159714, -0.00128932052758, 0.00220198952593], [-0.000113215130114, -6.73679460306e-05, -0.000673388072755, -0.000436821283074, 9.72851994447e-05, -0.000678189040627, 0.000275063968729, -0.000719291856512, -0.00031290872721, 0.000930933805648, -0.00128932052758, 0.0074021643959, -0.00166265375447], [9.77291128947e-05, -0.000168345970451, -0.000287377042696, -2.6785342925e-05, -0.000206125885597, -2.29913421208e-05, 0.00061782670673, -0.00107564625796, -0.000978332012892, -0.00107461970765, 0.00220198952593, -0.00166265375447, 0.00863733608276]]}, "silence_rate_20dB": {"dvar2": 0, "var": 0, "min": 1, "dmean": 0, "mean": 1, "max": 1, "dmean2": 0, "median": 1, "dvar": 0}, "melbands_kurtosis": {"dvar2": 1820.34924316, "var": 3452.49072266, "min": -1.9686473608, "dmean": 16.8473377228, "mean": 46.1942481995, "max": 513.960876465, "dmean2": 25.3396091461, "median": 26.2012176514, "dvar": 819.651611328}, "barkbands_spread": {"dvar2": 62.5149230957, "var": 91.5352325439, "min": 0.184620499611, "dmean": 2.74068546295, "mean": 7.96264839172, "max": 103.455566406, "dmean2": 4.14708662033, "median": 4.54579401016, "dvar": 31.0668296814}, "erbbands_skewness": {"dvar2": 1.14631736279, "var": 3.98048973083, "min": -11.236123085, "dmean": 0.584183752537, "mean": 1.51728546619, "max": 9.88595867157, "dmean2": 0.816357910633, "median": 1.36214733124, "dvar": 0.619793772697}, "average_loudness": 0.747992455959, "spectral_centroid": {"dvar2": 110050.296875, "var": 210478.71875, "min": 143.171463013, "dmean": 127.346420288, "mean": 584.421081543, "max": 3984.59570313, "dmean2": 188.934448242, "median": 406.278137207, "dvar": 54757.9570313}, "dissonance": {"dvar2": 0.00193196721375, "var": 0.00320705887862, "min": 0.145406112075, "dmean": 0.027960896492, "mean": 0.406832516193, "max": 0.499065935612, "dmean2": 0.0444340445101, "median": 0.415247499943, "dvar": 0.000805956078693}, "erbbands_flatness_db": {"dvar2": 0.00105804018676, "var": 0.00280328840017, "min": 0.0217853207141, "dmean": 0.020510584116, "mean": 0.231762886047, "max": 0.460611522198, "dmean2": 0.0286862589419, "median": 0.231079548597, "dvar": 0.000584633671679}, "spectral_strongpeak": {"dvar2": 2.24605774879, "var": 2.08800435066, "min": 0, "dmean": 0.417517632246, "mean": 0.958921611309, "max": 18.0880374908, "dmean2": 0.683122456074, "median": 0.532650113106, "dvar": 0.934627830982}, "spectral_rms": {"dvar2": 8.47902697387e-07, "var": 4.32266460848e-06, "min": 7.88059605838e-06, "dmean": 0.000543404428754, "mean": 0.00386231346056, "max": 0.0148778697476, "dmean2": 0.000721209566109, "median": 0.00358009128831, "dvar": 4.66093638352e-07}, "silence_rate_60dB": {"dvar2": 0.0881842374802, "var": 0.116544611752, "min": 0, "dmean": 0.0431221798062, "mean": 0.134692519903, "max": 1, "dmean2": 0.0862587764859, "median": 0, "dvar": 0.0412642620504}, "melbands": {"dvar2": [1.36034419285e-08, 8.09990638118e-07, 2.39444170802e-06, 4.14000896853e-06, 1.93926155134e-07, 2.97066947041e-07, 3.10444278284e-07, 1.0991711008e-07, 6.8509748985e-08, 3.61955656558e-08, 1.46257818301e-07, 1.17252918486e-08, 2.29765344528e-08, 3.82180020964e-09, 1.01752366533e-08, 3.04492715486e-08, 4.34646842962e-08, 5.0560529985e-08, 3.47382069776e-08, 2.4735696158e-08, 3.28550320283e-09, 1.44622502862e-09, 1.11323650298e-09, 2.45356357453e-09, 8.04461441906e-10, 1.39632680418e-10, 2.85342461465e-11, 9.22089557487e-11, 5.64675840808e-11, 2.3181461091e-12, 5.32441224357e-13, 1.89557484293e-12, 1.49687575703e-12, 7.37419240254e-13, 2.49294335175e-12, 6.22016804383e-12, 1.88244688934e-12, 8.79386895334e-13, 3.58282305733e-13, 2.3113997695e-13], "var": [1.56672541607e-07, 3.506718258e-06, 3.92742413169e-06, 7.10837366569e-06, 3.33437640165e-07, 3.44681950537e-07, 4.5990958597e-07, 3.08380407432e-07, 1.59968365665e-07, 9.62544817185e-08, 3.42549640209e-07, 2.72319073957e-08, 1.43335707747e-08, 9.57855306183e-09, 1.23618475456e-08, 3.97109118921e-08, 5.11175457518e-08, 9.49028375885e-08, 5.61971873481e-08, 2.72961422354e-08, 4.01507804781e-09, 1.6231420652e-09, 1.4992483921e-09, 1.31687050153e-09, 4.52099496728e-10, 5.18961609797e-11, 1.31949069726e-11, 2.13835563839e-11, 1.2975711651e-11, 9.52963619474e-13, 2.6426498251e-13, 9.77882163265e-13, 5.08754442654e-13, 3.90531330148e-13, 1.61864716509e-12, 2.67517561922e-12, 1.74015023311e-12, 6.2071691103e-13, 3.93802151262e-13, 2.45788578292e-13], "min": [5.05262942596e-10, 1.68875802231e-09, 3.25829874193e-09, 1.29752864009e-09, 4.99285501832e-10, 2.34816222022e-10, 8.67205196542e-11, 3.77412302799e-11, 1.18061055723e-11, 1.16113342899e-11, 2.24730251769e-11, 2.16930848285e-11, 1.35321658393e-11, 2.05283429144e-11, 9.7863227938e-12, 1.12687914555e-11, 1.14032750256e-11, 1.90444066767e-11, 1.26693534136e-11, 7.81945862227e-12, 8.11459753558e-12, 4.27272496897e-12, 9.58854697031e-12, 4.45972859336e-12, 1.56745677635e-12, 1.81469986607e-12, 3.38166539042e-12, 6.87508426925e-12, 3.73186334265e-12, 7.23580396988e-12, 5.29125658219e-12, 3.87365573645e-12, 4.19702337121e-12, 7.78623346354e-12, 8.63502238463e-12, 5.23829070398e-12, 6.7651860676e-12, 9.18950419232e-12, 2.55215336711e-12, 4.46798110662e-12], "dmean": [4.47988895758e-05, 0.000313755590469, 0.000539571512491, 0.00073360762326, 0.000113860201964, 0.000111853070848, 0.000114384085464, 7.25204736227e-05, 6.32663504803e-05, 4.06864055549e-05, 6.20922874077e-05, 2.05574633583e-05, 1.6421019609e-05, 1.21758612295e-05, 1.10865339593e-05, 2.1891659344e-05, 3.16466503136e-05, 3.01529071294e-05, 2.32056863751e-05, 1.70380699274e-05, 6.9611037361e-06, 5.66469771002e-06, 6.58936914988e-06, 6.16056286162e-06, 2.88146907224e-06, 1.14518252303e-06, 6.2885197849e-07, 5.26225846897e-07, 4.26025081879e-07, 2.04111799462e-07, 1.31669324333e-07, 1.56344171387e-07, 1.31197083419e-07, 1.20947973414e-07, 1.70553207113e-07, 1.87846694644e-07, 1.52980589974e-07, 1.022811702e-07, 6.8853616142e-08, 5.53379138069e-08], "mean": [0.000118680145533, 0.000760097580496, 0.00142452598084, 0.00187344453298, 0.000332304363837, 0.00026789389085, 0.000296766316751, 0.000181882598554, 0.00015981636534, 9.32559269131e-05, 0.000146183228935, 4.28629427915e-05, 2.71728949883e-05, 2.28351873375e-05, 1.92214210983e-05, 3.98912889068e-05, 5.40390174137e-05, 4.87318466185e-05, 3.28464739141e-05, 2.43027079705e-05, 9.90045555227e-06, 9.07754383661e-06, 1.1244002053e-05, 9.83997779258e-06, 4.62930256617e-06, 1.78783193405e-06, 9.12588973279e-07, 5.78839092213e-07, 4.38466599917e-07, 2.47146743959e-07, 1.72632155682e-07, 1.86668998481e-07, 1.61920269193e-07, 1.6894604471e-07, 2.29575803701e-07, 2.25844104307e-07, 1.91512739889e-07, 1.33676294922e-07, 9.18149325457e-08, 7.50151158968e-08], "max": [0.00536391930655, 0.0250378847122, 0.0324284620583, 0.0429136753082, 0.00853582005948, 0.0136245554313, 0.0145958131179, 0.00835433136672, 0.0052333669737, 0.00606573745608, 0.00832103379071, 0.00311346491799, 0.00421919859946, 0.00274466630071, 0.00331413606182, 0.00551983574405, 0.00494168139994, 0.00762115465477, 0.00734730763361, 0.00333872577175, 0.00189534947276, 0.00087810709374, 0.000714369642083, 0.00105165573768, 0.000699506141245, 0.000222656017286, 0.000109347216494, 0.000314507371513, 0.000184228047146, 3.47278692061e-05, 1.20140948638e-05, 3.57732897101e-05, 2.42476380663e-05, 2.38924421865e-05, 3.7946007069e-05, 5.87432114116e-05, 5.52124947717e-05, 2.15749678318e-05, 1.94035492314e-05, 1.61182324518e-05], "dmean2": [5.27108823007e-05, 0.000425318168709, 0.000748822465539, 0.00102846533991, 0.000163599019288, 0.000164678393048, 0.000155474204803, 9.43874329096e-05, 8.27406911412e-05, 5.33332895429e-05, 8.85858316906e-05, 2.83151184703e-05, 2.49236127274e-05, 1.78438222065e-05, 1.51620288307e-05, 3.14273311233e-05, 4.74745502288e-05, 4.33928034909e-05, 3.32064737449e-05, 2.53611760854e-05, 1.01990362964e-05, 8.45550493977e-06, 9.75686998572e-06, 9.24604137253e-06, 4.51267214885e-06, 1.82064741239e-06, 1.02339731711e-06, 8.98945700101e-07, 7.33974502509e-07, 3.32967005079e-07, 2.11623230939e-07, 2.51426314435e-07, 2.13025828089e-07, 1.86779800515e-07, 2.6600295655e-07, 2.93194375445e-07, 2.19808455881e-07, 1.54547095121e-07, 1.05313645804e-07, 7.96608148335e-08], "median": [1.12795387395e-05, 0.000210060621612, 0.000812145415694, 0.000977546209469, 0.000147097394802, 9.37780714594e-05, 6.4671956352e-05, 2.17557462747e-05, 1.16974506454e-05, 2.48286778515e-06, 3.50831646756e-06, 2.22225799007e-06, 2.3807888283e-06, 1.47248283611e-06, 7.83606651567e-07, 7.9122344232e-07, 9.85047336144e-07, 6.99099700796e-07, 8.26839652746e-07, 5.20143601079e-07, 3.73487068828e-07, 5.26724534211e-07, 7.74708269091e-07, 7.95662401742e-07, 4.62436901216e-07, 2.10194457395e-07, 1.37430845371e-07, 7.61869785038e-08, 4.41614709246e-08, 3.58905332121e-08, 3.53011415655e-08, 3.43617436727e-08, 2.81732006613e-08, 3.00869871239e-08, 3.46891724234e-08, 2.95224928948e-08, 2.23046718872e-08, 1.79069026274e-08, 9.79745173879e-09, 7.69728103478e-09], "dvar": [1.10323501445e-08, 4.39873446112e-07, 1.18164962259e-06, 1.98585030375e-06, 9.10922395292e-08, 1.37099817721e-07, 1.55204219254e-07, 6.3278029927e-08, 3.72459929565e-08, 2.24563070361e-08, 6.40023500864e-08, 7.06178759913e-09, 8.99115271125e-09, 2.24156071482e-09, 4.79635087203e-09, 1.45598537671e-08, 1.86897075594e-08, 3.08487528855e-08, 2.37484840682e-08, 1.30159607536e-08, 1.70649328002e-09, 7.18042347803e-10, 5.93411597638e-10, 9.8478747379e-10, 3.12382952838e-10, 4.74992371824e-11, 1.11207276027e-11, 3.10891520861e-11, 1.93778118551e-11, 8.7325665362e-13, 2.10220702608e-13, 8.19526358668e-13, 5.67741003949e-13, 3.13955784113e-13, 1.09928060578e-12, 2.47678678782e-12, 1.01521102722e-12, 4.03277861409e-13, 1.91307107417e-13, 1.23344571861e-13]}, "spectral_skewness": {"dvar2": 0.438175737858, "var": 0.8542304039, "min": -0.0347369909286, "dmean": 0.426888227463, "mean": 2.64113330841, "max": 8.83750247955, "dmean2": 0.649308741093, "median": 2.48139810562, "dvar": 0.212333217263}, "melbands_flatness_db": {"dvar2": 0.00283570354804, "var": 0.00731887714937, "min": 0.0889948233962, "dmean": 0.0299945380539,