{"tonal": {"thpcp": [1, 0.571485877037, 0.0883110836148, 0.0528458356857, 0.0694255828857, 0.11875064671, 0.153492465615, 0.121632531285, 0.0697356909513, 0.050810854882, 0.120977513492, 0.418454349041, 0.485030382872, 0.241757839918, 0.206875711679, 0.209501340985, 0.139193862677, 0.127455249429, 0.16668972373, 0.311347097158, 0.577529251575, 0.632400691509, 0.354929715395, 0.120856747031, 0.0603643544018, 0.0574956722558, 0.167036563158, 0.238772854209, 0.126098111272, 0.0407757237554, 0.0337255336344, 0.039656214416, 0.0761547908187, 0.107419610023, 0.131139546633, 0.565291643143], "hpcp": {"dmean2": [0.264497369528, 0.217226803303, 0.12573350966, 0.0672286376357, 0.0606163553894, 0.0804516300559, 0.087375536561, 0.0630305856466, 0.0350232720375, 0.0328462310135, 0.0359646081924, 0.0552359931171, 0.0799691677094, 0.11709599942, 0.218819767237, 0.238037839532, 0.214148968458, 0.0808315202594, 0.0493066571653, 0.0626325979829, 0.0733295977116, 0.0814451724291, 0.0742197781801, 0.0655639842153, 0.0588710717857, 0.0963656306267, 0.163876697421, 0.161292731762, 0.162997350097, 0.13393124938, 0.12055310607, 0.140785992146, 0.15572309494, 0.178573518991, 0.249053642154, 0.306355684996], "median": [0.113796025515, 0.0486444681883, 0.00572843523696, 0.00164060737006, 0.00245022820309, 0.00361470971256, 0.0034703174606, 0.00374418497086, 0.00235191592947, 0.00150821066927, 0.00105066224933, 0.00332863209769, 0.00525181461126, 0.00647789705545, 0.139979526401, 0.273305237293, 0.139176249504, 0.00690137501806, 0.00142428185791, 0.00109161145519, 0.0024937747512, 0.00442203972489, 0.00312197580934, 0.000847745803185, 0.000540933164302, 0.00311994552612, 0.014017525129, 0.0190041586757, 0.0153185036033, 0.00214264472015, 0.00153391156346, 0.00159301247913, 0.00171954277903, 0.00286173052154, 0.0158961247653, 0.0762039422989], "min": [0, 0, 0, 0, 0, 0, 0, 0, 0, 0, 0, 0, 0, 0, 0, 0, 0, 0, 0, 0, 0, 0, 0, 0, 0, 0, 0, 0, 0, 0, 0, 0, 0, 0, 0, 0], "dvar2": [0.111358553171, 0.106200933456, 0.0607361719012, 0.0394347310066, 0.0369446277618, 0.0395116955042, 0.0476757287979, 0.0286701899022, 0.0186464954168, 0.0225637294352, 0.0198341030627, 0.03250143677, 0.0522326305509, 0.0646948069334, 0.0859180167317, 0.101670391858, 0.0822380036116, 0.0425031632185, 0.0309110805392, 0.0463851429522, 0.0481670349836, 0.0524773746729, 0.0497512258589, 0.050364099443, 0.0432974882424, 0.0550469383597, 0.0891837105155, 0.087664693594, 0.084156692028, 0.0784988701344, 0.0695726051927, 0.0932833105326, 0.107739947736, 0.109374828637, 0.135766580701, 0.1652854532], "dvar": [0.0493244044483, 0.0411895848811, 0.0218233391643, 0.0136878956109, 0.0127437403426, 0.0165497455746, 0.0223174132407, 0.0114957848564, 0.00721069471911, 0.00830544158816, 0.00815515872091, 0.0128462966532, 0.0197988823056, 0.0240834280849, 0.0345590002835, 0.0507794842124, 0.0330420769751, 0.0155052924529, 0.0118414117023, 0.0181881505996, 0.020441532135, 0.0221752356738, 0.0200427304953, 0.0189336966723, 0.0160444322973, 0.0207918658853, 0.0414015240967, 0.0421051234007, 0.0318992957473, 0.0312865190208, 0.0275484938174, 0.0314925387502, 0.037458255887, 0.0404432676733, 0.0526920743287, 0.0628952458501], "dmean": [0.162819087505, 0.128743946552, 0.0690973326564, 0.0360553264618, 0.0330216027796, 0.0472163110971, 0.0520159639418, 0.0385095439851, 0.0198398400098, 0.0180642865598, 0.0205896534026, 0.0324093699455, 0.0455607995391, 0.0650230571628, 0.128925263882, 0.146587833762, 0.127923950553, 0.0445506870747, 0.0278501436114, 0.0353226214647, 0.043377391994, 0.0487368889153, 0.0436102412641, 0.0364324897528, 0.0320604369044, 0.0546468123794, 0.0985056459904, 0.0978107601404, 0.0928845703602, 0.0756172463298, 0.0681300982833, 0.0757706537843, 0.0835163071752, 0.0984236672521, 0.142741307616, 0.175865247846], "max": [1, 1, 1, 1, 1, 1, 1, 1, 1, 1, 1, 1, 1, 1, 1, 1, 1, 1, 1, 1, 1, 1, 1, 1, 1, 1, 1, 1, 1, 1, 1, 1, 1, 1, 1, 1], "var": [0.108584567904, 0.0564055144787, 0.0173828490078, 0.00984083022922, 0.0091426698491, 0.0323688164353, 0.0651209130883, 0.018566608429, 0.005916132126, 0.00585821829736, 0.00780053017661, 0.0139312008396, 0.0211651045829, 0.0235628522933, 0.0683931112289, 0.163420408964, 0.06644243747, 0.0120973587036, 0.00923188775778, 0.0167521387339, 0.0300580654293, 0.038739785552, 0.029087824747, 0.0172402746975, 0.0114546082914, 0.0201630089432, 0.0992011129856, 0.120598047972, 0.038704328239, 0.0479059070349, 0.0504051074386, 0.0266167633235, 0.0262880250812, 0.0327827557921, 0.0580790564418, 0.109735347331], "mean": [0.27608525753, 0.154950588942, 0.0527620650828, 0.0263530835509, 0.0251007117331, 0.0729226469994, 0.104240342975, 0.0550502687693, 0.0178013350815, 0.0147234536707, 0.0173125937581, 0.033246666193, 0.0468958541751, 0.0572511926293, 0.246787652373, 0.436566978693, 0.249491870403, 0.0385537035763, 0.0230707470328, 0.0303089171648, 0.0518426112831, 0.0670097395778, 0.053100746125, 0.0304442998022, 0.022182341665, 0.0528147891164, 0.182683348656, 0.211748242378, 0.105543486774, 0.0903151035309, 0.0914613679051, 0.0607674457133, 0.0556427501142, 0.0727712288499, 0.135923862457, 0.2521302104]}, "tuning_equal_tempered_deviation": 0.0347269512713, "chords_changes_rate": 0.057124517858, "key_key": "D", "tuning_diatonic_strength": 0.594676971436, "key_scale": "major", "chords_number_rate": 0.0021394949872, "tuning_frequency": 444.855529785, "tuning_nontempered_energy_ratio": 0.666477560997, "chords_histogram": [53.8724861145, 1.92554557323, 3.4659819603, 2.99529314041, 1.28369700909, 0.855798006058, 0.128369703889, 0.021394951269, 0.941377818584, 0, 2.86692333221, 0, 0.0427899025381, 0, 0, 1.62601625919, 0.256739407778, 6.88917398453, 0, 0, 0, 0.641848504543, 8.30124092102, 13.8853235245], "key_strength": 0.803230762482, "chords_key": "D", "chords_strength": {"dmean2": 0.00858988706023, "median": 0.500641822815, "min": -1, "dvar2": 0.000839386950247, "dvar": 0.000463273114292, "dmean": 0.00862765591592, "max": 0.758199512959, "var": 0.0112700145692, "mean": 0.504392206669}, "chords_scale": "major", "hpcp_entropy": {"dmean2": 0.917523741722, "median": 1.50938129425, "min": 0, "dvar2": 0.630899488926, "dvar": 0.260976433754, "dmean": 0.548504650593, "max": 4.09219074249, "var": 0.680716991425, "mean": 1.46001076698}}, "metadata": {"audio_properties": {"equal_loudness": 0, "codec": "mp3", "downmix": "mix", "sample_rate": 44100, "analysis_sample_rate": 44100, "bit_rate": 184201, "md5_encoded": "d2b575e2bfc2e6ca0f89dabf3a5fb8ef", "length": 216.999191284, "replay_gain": -10.1965789795, "lossless": false}, "version": {"essentia_build_sha": "70f2e5ece6736b2c40cc944ad0e695b16b925413", "essentia": "2.1-beta2", "extractor": "music 1.0", "essentia_git_sha": "v2.1_beta2"}, "tags": {"title": ["Don't Be Afraid (Acoustic Version)"], "tracknumber": ["7"], "musicbrainz_recordingid": ["08e1b952-bd04-408e-b890-41ff2c24bf53"], "discnumber": ["2"], "file_name": "1962814.mp3"}}, "rhythm": {"bpm_histogram_first_peak_bpm": {"dmean2": 0, "median": 110, "min": 110, "dvar2": 0, "dvar": 0, "dmean": 0, "max": 110, "var": 0, "mean": 110}, "bpm": 110.70639801, "bpm_histogram_second_peak_spread": {"dmean2": 0, "median": 0.290909051895, "min": 0.290909051895, "dvar2": 0, "dvar": 0, "dmean": 0, "max": 0.290909051895, "var": 0, "mean": 0.290909051895}, "bpm_histogram_first_peak_weight": {"dmean2": 0, "median": 0.132832080126, "min": 0.132832080126, "dvar2": 0, "dvar": 0, "dmean": 0, "max": 0.132832080126, "var": 0, "mean": 0.132832080126}, "onset_rate": 3.52051496506, "beats_position": [0.545668900013, 1.11455774307, 1.66022670269, 2.20589566231, 2.73995471001, 3.27401351929, 3.80807256699, 4.34213161469, 4.86458063126, 5.41024923325, 5.94430828094, 6.47836732864, 7.02403593063, 7.5464849472, 8.06893444061, 8.59138298035, 9.10222244263, 9.62467098236, 10.1587295532, 10.7043991089, 11.2384576797, 11.7725172043, 12.3065757751, 12.840634346, 13.3630838394, 13.8042631149, 14.2338323593, 14.66340065, 15.0929698944, 15.5341491699, 15.9521083832, 16.3700675964, 16.7648067474, 17.1595458984, 17.5542850494, 18.0419044495, 18.5179138184, 18.9939231873, 19.4815406799, 19.96916008, 20.45677948, 20.94439888, 21.4204082489, 21.8964176178, 22.3724250793, 22.8484344482, 23.3360538483, 23.8701133728, 24.4157810211, 24.9614505768, 25.5651702881, 26.168888092, 26.7493877411, 27.3182754517, 27.8871650696, 28.3980045319, 28.897233963, 29.3964614868, 29.895690918, 30.3949203491, 30.8825397491, 31.3817672729, 31.8809967041, 32.391834259, 32.9142837524, 33.4483451843, 33.9824028015, 34.5629005432, 35.1317901611, 35.6890678406, 36.2463493347, 36.8036270142, 37.3609046936, 37.9181861877, 38.4638557434, 39.0095214844, 39.55519104, 40.1008605957, 40.6233100891, 41.1457595825, 41.6914291382, 42.2370948792, 42.7827644348, 43.340045929, 43.8973236084, 44.4313812256, 44.9770507812, 45.5227203369, 46.1148300171, 46.6953277588, 47.2758255005, 47.8447151184, 48.4136047363, 48.9708824158, 49.5165519714, 50.0854415894, 50.5266189575, 50.9329681396, 51.362537384, 51.8037185669, 52.2216758728, 52.6396369934, 53.0459861755, 53.4523353577, 53.8702926636, 54.2882537842, 54.7062110901, 55.1357803345, 55.5653495789, 56.0065307617, 56.4477081299, 56.8656692505, 57.2952384949, 57.7248077393, 58.1427650452, 58.5607261658, 58.9902954102, 59.4082527161, 59.8378219604, 60.2673912048, 60.6853485107, 61.1265296936, 61.5677070618, 61.9972763062, 62.438457489, 62.8680267334, 63.3092041016, 63.7503852844, 64.1915664673, 64.621131897, 65.0507049561, 65.6195907593, 66.200088501, 66.8966903687, 67.5932846069, 68.2898864746, 68.9864807129, 69.6830825806, 70.3796844482, 71.087890625, 71.7960968018, 72.4926986694, 73.1660766602, 73.8510665894, 74.5592727661, 75.2674789429, 75.975692749, 76.6722869873, 77.368888855, 78.0654830933, 78.7504730225, 79.4122467041, 80.0856246948, 80.7357788086, 81.3975524902, 82.0593185425, 82.7326965332, 83.4176864624, 84.1026763916, 84.7876663208, 85.4610443115, 86.1344223022, 86.807800293, 87.4811782837, 88.0616760254, 88.6305618286, 89.1994552612, 89.7451248169, 90.2907943726, 90.8364639282, 91.3821334839, 91.9161911011, 92.4386367798, 92.972694397, 93.5183639526, 94.0524215698, 94.5864868164, 95.1089324951, 95.6546020508, 96.1770477295, 96.6878890991, 97.1987304688, 97.709564209, 98.2087936401, 98.7196350098, 99.2304763794, 99.7529220581, 100.286979675, 100.809432983, 101.355102539, 101.900772095, 102.44644165, 102.992103577, 103.514556885, 104.071838379, 104.617500305, 105.174781799, 105.732063293, 106.300949097, 106.858230591, 107.427116394, 107.996009827, 108.576507568, 109.15700531, 109.725891113, 110.306388855, 110.886894226, 111.455780029, 112.001449585, 112.558731079, 113.092788696, 113.626846313, 114.149291992, 114.729797363, 115.310295105, 115.890792847, 116.529342651, 117.179496765, 117.771606445, 118.363716125, 118.944213867, 119.536323547, 120.128433228, 120.685714722, 121.231384277, 121.777046204, 122.31111145, 122.845169067, 123.344398499, 123.855232239, 124.366073608, 124.888526917, 125.410972595, 125.933418274, 126.455871582, 126.978317261, 127.500770569, 128.011611938, 128.522445679, 129.044891357, 129.602172852, 130.171066284, 130.774780273, 131.378494263, 131.970611572, 132.562713623, 133.166442871, 133.851425171, 134.536407471, 135.221405029, 135.883178711, 136.544937134, 137.218322754, 137.891693115, 138.53024292, 139.180404663, 139.749298096, 140.294967651, 140.829025269, 141.363082886, 141.897140503, 142.419586182, 142.965255737, 143.522537231, 144.091430664, 144.660308838, 145.229202271, 145.82131958, 146.413421631, 147.005523682, 147.632461548, 148.247802734, 148.863128662, 149.466842651, 150.082168579, 150.627838135, 151.161895752, 151.695953369, 152.230026245, 152.775695801, 153.321365356, 153.855422974, 154.389480591, 154.923538208, 155.457595825, 155.980041504, 156.514099121, 157.0365448, 157.570602417, 158.104675293, 158.63873291, 159.277282715, 159.915817261, 160.542770386, 161.169708252, 161.796646118, 162.37713623, 162.922805786, 163.48008728, 164.048980713, 164.606262207, 165.175140381, 165.744033813, 166.301315308, 166.928253174, 167.578414917, 168.275009155, 168.959991455, 169.505661011, 170.039718628, 170.585388184, 171.131057739, 171.665115356, 172.210784912, 172.756454468, 173.302124023, 173.847793579, 174.405075073, 174.962356567, 175.496414185, 176.018859863, 176.55291748, 177.075378418, 177.586212158, 178.097045898, 178.631103516, 179.165161133, 179.69921875, 180.233291626, 180.732513428, 181.254959106, 181.858688354, 182.474014282, 183.100952148, 183.727890015, 184.378051758, 185.039810181, 185.701583862, 186.270477295, 186.839355469, 187.396636963, 187.942306519, 188.499588013, 189.03364563, 189.579315186, 190.124984741, 190.542938232, 190.972518921, 191.402084351, 191.83164978, 192.24961853, 192.655960083, 193.073913574, 193.480270386, 193.898223877, 194.316192627, 194.72253418, 195.140487671, 195.558456421, 195.976409912, 196.405975342, 196.83555603, 197.253509521, 197.671463013, 198.101043701, 198.530609131, 198.960174561, 199.38973999, 199.830932617, 200.283721924, 200.829391479, 201.363449097, 201.885894775, 202.408340454, 202.930786133, 203.476455688, 204.033737183, 204.591018677, 205.136688232, 205.67074585, 206.193191528, 206.715637207, 207.238098145, 207.760543823, 208.29460144, 208.828659058, 209.362716675, 209.90838623, 210.454055786, 210.999725342, 211.580215454, 212.160720825, 212.648345947, 213.135955811, 213.623580933, 214.146026611, 214.656860352, 215.167709351, 215.690155029, 216.212600708], "beats_loudness": {"dmean2": 0.0299469660968, "median": 0.0162863582373, "min": 0, "dvar2": 0.000848464027513, "dvar": 0.000302641972667, "dmean": 0.0177872460335, "max": 0.101269990206, "var": 0.000457588612335, "mean": 0.0227802880108}, "danceability": 1.05707573891, "bpm_histogram_second_peak_weight": {"dmean2": 0, "median": 0.0977443605661, "min": 0.0977443605661, "dvar2": 0, "dvar": 0, "dmean": 0, "max": 0.0977443605661, "var": 0, "mean": 0.0977443605661}, "beats_count": 400, "bpm_histogram_second_peak_bpm": {"dmean2": 0, "median": 115, "min": 115, "dvar2": 0, "dvar": 0, "dmean": 0, "max": 115, "var": 0, "mean": 115}, "bpm_histogram_first_peak_spread": {"dmean2": 0, "median": 0.592307686806, "min": 0.592307686806, "dvar2": 0, "dvar": 0, "dmean": 0, "max": 0.592307686806, "var": 0, "mean": 0.592307686806}, "beats_loudness_band_ratio": {"dmean2": [0.423186480999, 0.390365719795, 0.220182046294, 0.126689121127, 0.0719806998968, 0.1392211169], "median": [0.58833950758, 0.262466192245, 0.0431746952236, 0.0109898578376, 0.0092054028064, 0.00550993764773], "min": [0, 0, 0, 0, 0, 0], "dvar2": [0.109730400145, 0.10035943985, 0.0735271275043, 0.0384629294276, 0.0184081718326, 0.100038431585], "dvar": [0.0431449525058, 0.0336496792734, 0.0258174054325, 0.0132413292304, 0.00623516133055, 0.035254843533], "dmean": [0.253947347403, 0.228249296546, 0.122678533196, 0.0676633045077, 0.0391728021204, 0.0725369825959], "max": [0.997518658638, 0.883042037487, 0.808642983437, 0.764199972153, 0.605307102203, 0.984576165676], "var": [0.0805565938354, 0.0514522157609, 0.0261206086725, 0.00899968110025, 0.0043387520127, 0.0221807081252], "mean": [0.540593266487, 0.314373552799, 0.113514959812, 0.0458320491016, 0.0295130684972, 0.0466071143746]}}, "lowlevel": {"barkbands_spread": {"dmean2": 5.10585594177, "median": 5.70201015472, "min": 0.208187997341, "dvar2": 118.226715088, "dvar": 59.4923439026, "dmean": 3.36419963837, "max": 113.813102722, "var": 184.204605103, "mean": 9.8935251236}, "melbands_spread": {"dmean2": 5.40669202805, "median": 4.96178531647, "min": 0.256814539433, "dvar2": 240.98664856, "dvar": 137.50869751, "dmean": 3.7407412529, "max": 279.03527832, "var": 533.973205566, "mean": 10.8659324646}, "hfc": {"dmean2": 4.03684949875, "median": 3.43681907654, "min": 1.13499437082e-16, "dvar2": 159.592849731, "dvar": 92.5828399658, "dmean": 3.05274224281, "max": 354.388153076, "var": 433.207397461, "mean": 10.2689275742}, "barkbands_kurtosis": {"dmean2": 15.2918367386, "median": 16.437084198, "min": -1.9576883316, "dvar2": 635.995605469, "dvar": 268.092803955, "dmean": 9.88354206085, "max": 380.594055176, "var": 726.969482422, "mean": 23.8836307526}, "gfcc": {"mean": [-117.034660339, 118.165214539, -88.1680908203, 31.4955196381, -53.321559906, -3.64308691025, -45.6658592224, -11.2451782227, -30.6390857697, -10.7689533234, -25.1594734192, -10.2332134247, -12.3600549698], "icov": [[0.000142441320349, -0.000125370293972, 0.000258839252638, -0.000100543977169, 0.000188321326277, -0.000171251944266, 0.00043633650057, -0.000272017088719, 0.000530816789251, -9.28381996346e-05, 0.000409853295423, 0.0001914340246, 0.000140657211887], [-0.000125370293972, 0.00149318086915, -0.000127572144265, 0.000902655534446, -0.000522452057339, 0.000836174585856, -0.00114782643504, 0.00181144115049, -0.00211114878766, 0.00134868477471, -0.00104079965968, 0.000168555547134, -0.000406047794968], [0.000258839252638, -0.000127572144265, 0.00148591212928, -0.000139855983434, -5.54410144105e-05, -0.000553397578187, 0.000866608461365, -0.000506735406816, 0.000880691804923, -0.000696873874404, 0.000577864644583, -0.000427568127634, 0.000607785070315], [-0.000100543977169, 0.000902655534446, -0.000139855983434, 0.00181254174095, -0.000418203737354, 0.000762271403801, -0.000597405305598, 0.00133240327705, -0.00138822884765, 0.00107439269777, -0.00114373257384, -0.000213305000216, -0.000300785701256], [0.000188321326277, -0.000522452057339, -5.54410144105e-05, -0.000418203737354, 0.00427478924394, -0.00103348947596, 0.000723156495951, 7.95019805082e-05, -0.000411336135585, 0.000589110481087, -0.00136474648025, 0.000828822317999, 0.000104398706753], [-0.000171251944266, 0.000836174585856, -0.000553397578187, 0.000762271403801, -0.00103348947596, 0.00709326658398, -0.00304241036065, 0.00117801432498, 0.000172310217749, -0.00104235322215, 0.000955887255259, 0.000153247921844, 0.000585051602684], [0.00043633650057, -0.00114782643504, 0.000866608461365, -0.000597405305598, 0.000723156495951, -0.00304241036065, 0.00616009673104, -0.000929212139454, 0.00184117397293, 0.000244662543992, -1.68917886185e-05, 0.000641218735836, 0.00135545479134], [-0.000272017088719, 0.00181144115049, -0.000506735406816, 0.00133240327705, 7.95019805082e-05, 0.00117801432498, -0.000929212139454, 0.00757031748071, -0.00318812392652, 0.000225883035455, -0.00119781435933, 0.0002563141461, -0.00058575993171], [0.000530816789251, -0.00211114878766, 0.000880691804923, -0.00138822884765, -0.000411336135585, 0.000172310217749, 0.00184117397293, -0.00318812392652, 0.0123888868839, -0.00349547690712, 0.00397973973304, 0.000207271688851, 0.000214085521293], [-9.28381996346e-05, 0.00134868477471, -0.000696873874404, 0.00107439269777, 0.000589110481087, -0.00104235322215, 0.000244662543992, 0.000225883035455, -0.00349547690712, 0.0126785859466, -0.00346869742498, 0.00146332208533, 0.00131424458232], [0.000409853295423, -0.00104079965968, 0.000577864644583, -0.00114373257384, -0.00136474648025, 0.000955887255259, -1.68917886185e-05, -0.00119781435933, 0.00397973973304, -0.00346869742498, 0.0140597736463, -0.000182028030395, 0.000841473171022], [0.0001914340246, 0.000168555547134, -0.000427568127634, -0.000213305000216, 0.000828822317999, 0.000153247921844, 0.000641218735836, 0.0002563141461, 0.000207271688851, 0.00146332208533, -0.000182028030395, 0.0121322181076, -0.00178911571857], [0.000140657211887, -0.000406047794968, 0.000607785070315, -0.000300785701256, 0.000104398706753, 0.000585051602684, 0.00135545479134, -0.00058575993171, 0.000214085521293, 0.00131424458232, 0.000841473171022, -0.00178911571857, 0.0153755834326]], "cov": [[18333.3652344, -880.219787598, -2392.83618164, -87.3430099487, -982.000732422, -152.287475586, -878.022888184, 404.367156982, -441.206420898, -73.6704864502, -457.342712402, -244.086074829, 16.2560119629], [-880.219787598, 1918.86096191, -197.834350586, -370.710235596, 242.710647583, -59.4271736145, 259.639282227, -312.578491211, 166.937896729, -141.924942017, 62.6313781738, -29.8721046448, 28.0143375397], [-2392.83618164, -197.834350586, 1165.37353516, 14.3360548019, 106.349136353, 70.1056365967, -8.14955806732, 25.7117118835, 7.33516073227, 74.9442672729, 35.2364234924, 60.1728935242, -32.2469482422], [-87.3430099487, -370.710235596, 14.3360548019, 844.568054199, 44.3691101074, -58.4512748718, -31.1649971008, -47.0967712402, 7.88283777237, -29.64818573, 37.4608383179, 28.2261390686, 13.4990186691], [-982.000732422, 242.710647583, 106.349136353, 44.3691101074, 335.534057617, 24.2812519073, 55.2166481018, -66.7207641602, 44.2495918274, -16.3876209259, 54.5717735291, -6.26642656326, -1.48568320274], [-152.287475586, -59.4271736145, 70.1056365967, -58.4512748718, 24.2812519073, 209.747390747, 96.1312561035, -11.1316127777, -25.2159671783, 23.5105857849, -6.11282539368, -10.4705858231, -23.6778011322], [-878.022888184, 259.639282227, -8.14955806732, -31.1649971008, 55.2166481018, 96.1312561035, 308.445892334, -60.71667099, 2.95179891586, -18.335062027, 32.3603172302, -10.964050293, -20.4566040039], [404.367156982, -312.578491211, 25.7117118835, -47.0967712402, -66.7207641602, -11.1316127777, -60.71667099, 223.838668823, 3.41082000732, 37.5999946594, -18.1662044525, -3.92093038559, -1.85840451717], [-441.206420898, 166.937896729, 7.33516073227, 7.88283777237, 44.2495918274, -25.2159671783, 2.95179891586, 3.41082000732, 134.738082886, 9.902551651, -4.21581268311, -0.525662302971, 6.28487253189], [-73.6704864502, -141.924942017, 74.9442672729, -29.64818573, -16.3876209259, 23.5105857849, -18.335062027, 37.5999946594, 9.902551651, 111.052467346, 11.5542783737, -9.45624351501, -15.7140016556], [-457.342712402, 62.6313781738, 35.2364234924, 37.4608383179, 54.5717735291, -6.11282539368, 32.3603172302, -18.1662044525, -4.21581268311, 11.5542783737, 99.2479171753, 2.76671457291, -4.54360532761], [-244.086074829, -29.8721046448, 60.1728935242, 28.2261390686, -6.26642656326, -10.4705858231, -10.964050293, -3.92093038559, -0.525662302971, -9.45624351501, 2.76671457291, 93.5546722412, 12.4260492325], [16.2560119629, 28.0143375397, -32.2469482422, 13.4990186691, -1.48568320274, -23.6778011322, -20.4566040039, -1.85840451717, 6.28487253189, -15.7140016556, -4.54360532761, 12.4260492325, 72.7619171143]]}, "spectral_energyband_middle_low": {"dmean2": 0.00670260190964, "median": 0.00735735613853, "min": 1.61338476046e-22, "dvar2": 0.000104445971374, "dvar": 4.41946249339e-05, "dmean": 0.00435691792518, "max": 0.12026758492, "var": 0.00019266801246, "mean": 0.0130550907925}, "melbands_crest": {"dmean2": 4.73243379593, "median": 19.1830253601, "min": 1.69095599651, "dvar2": 23.6357002258, "dvar": 8.79132652283, "dmean": 3.00214004517, "max": 33.5377845764, "var": 29.7648983002, "mean": 19.3964080811}, "spectral_kurtosis": {"dmean2": 6.69474077225, "median": 7.09240627289, "min": -1.49677538872, "dvar2": 128.536758423, "dvar": 52.0910987854, "dmean": 4.09646081924, "max": 182.63432312, "var": 199.635925293, "mean": 11.0790481567}, "spectral_rms": {"dmean2": 0.000833713973407, "median": 0.003317222232, "min": 3.09398470386e-12, "dvar2": 9.64184891927e-07, "dvar": 4.60561381033e-07, "dmean": 0.000580400635954, "max": 0.0109619814903, "var": 4.22577431891e-06, "mean": 0.00371220032685}, "zerocrossingrate": {"dmean2": 0.00864657573402, "median": 0.0224609375, "min": 0.0048828125, "dvar2": 0.000274285528576, "dvar": 0.00029574756627, "dmean": 0.00761893251911, "max": 0.52685546875, "var": 0.00308460788801, "mean": 0.0361782088876}, "silence_rate_60dB": {"dmean2": 0.0706260055304, "median": 0, "min": 0, "dvar2": 0.0769793018699, "dvar": 0.0340648852289, "dmean": 0.0353092215955, "max": 1, "var": 0.129738658667, "mean": 0.153204232454}, "erbbands_kurtosis": {"dmean2": 2.89199280739, "median": 0.921365737915, "min": -1.93496918678, "dvar2": 22.9075660706, "dvar": 9.4002122879, "dmean": 1.847843647, "max": 65.4889755249, "var": 33.3169975281, "mean": 2.75283074379}, "erbbands": {"dmean2": [0.00114124605898, 0.0743862316012, 1.02844464779, 4.2819018364, 13.9510469437, 15.7073202133, 4.69191646576, 5.44215011597, 7.5543179512, 9.40869617462, 11.452755928, 6.76547288895, 6.53637266159, 6.55486774445, 4.63978433609, 9.03646755219, 8.12004566193, 8.15148258209, 4.59527254105, 5.69728279114, 10.7546682358, 10.46052742, 3.15943264961, 1.51296448708, 4.636302948, 4.84887170792, 1.22622597218, 1.20760905743, 0.868237137794, 0.407989621162, 0.325075149536, 0.464814215899, 1.02793955803, 0.991984009743, 0.406641244888, 0.104248471558, 0.0244256556034, 0.00606653094292, 0.000585356377997, 2.19432149606e-05], "median": [0.00116159615573, 0.0442914962769, 0.707621455193, 4.78738451004, 8.13757133484, 4.99203300476, 3.71302652359, 1.54643023014, 2.25984191895, 1.29380738735, 1.90968799591, 0.760344266891, 0.38973608613, 0.83653742075, 0.442318499088, 1.54889464378, 0.824744701385, 0.474394381046, 0.371551841497, 0.834254860878, 1.53327989578, 1.42191278934, 0.38015255332, 0.229016065598, 0.516420602798, 0.399336993694, 0.258572161198, 0.371107906103, 0.249789983034, 0.129276320338, 0.0443766899407, 0.0442274436355, 0.0384426675737, 0.0212537888438, 0.00882343761623, 0.0030989581719, 0.000874951831065, 0.00020604277961, 2.48205851676e-05, 1.52795200847e-05], "min": [1.16114557098e-22, 4.17889055474e-22, 6.47408880532e-22, 6.31772359873e-21, 2.80752757784e-20, 6.0385031284e-20, 4.4598095423e-20, 5.91811345259e-20, 1.33388599415e-19, 2.32468047617e-19, 2.96134433306e-19, 3.63399519947e-19, 5.68109143966e-19, 4.72404812383e-19, 1.14882059136e-18, 1.18367725859e-18, 1.18517538608e-18, 2.97571814716e-18, 2.14146617435e-18, 2.82971187685e-18, 3.83355820912e-18, 4.00263971659e-18, 5.00450970758e-18, 7.31992720845e-18, 7.28063116627e-18, 6.45854681348e-18, 1.07375339242e-17, 1.06627385989e-17, 1.23788976604e-17, 1.10022184854e-17, 1.27389056881e-17, 9.83452235621e-18, 9.28474172516e-18, 8.8739580427e-18, 6.91461201703e-18, 4.40900418663e-18, 2.2275167395e-18, 9.97246671747e-19, 2.65992514621e-19, 2.85697940753e-20], "dvar2": [2.48344576903e-06, 0.0169880818576, 3.31892156601, 67.0211334229, 605.226257324, 1199.13720703, 215.898956299, 260.317382812, 817.713806152, 1780.13562012, 3261.23120117, 1761.45776367, 1638.53076172, 1422.4831543, 555.893798828, 2103.05297852, 2262.20019531, 3941.2097168, 851.066772461, 1172.29187012, 3857.33154297, 2666.58886719, 464.684417725, 59.788028717, 521.96887207, 978.80065918, 40.3484382629, 127.654090881, 20.1635723114, 3.31811857224, 4.32239294052, 7.01415109634, 55.6181106567, 53.9514427185, 16.7305469513, 1.57792663574, 0.0636631846428, 0.00301557499915, 1.9766335754e-05, 1.37557982782e-08], "dvar": [2.54672363553e-06, 0.0191950201988, 4.53901720047, 23.5927696228, 242.141372681, 460.93371582, 108.598327637, 135.75843811, 478.111053467, 1314.44726562, 2027.35803223, 971.639953613, 947.532226562, 868.523193359, 365.197021484, 1284.4798584, 1285.92224121, 2028.16333008, 418.34588623, 625.010864258, 1758.27514648, 1242.29833984, 289.043914795, 32.3937797546, 270.602783203, 480.819061279, 21.9956512451, 53.1412124634, 10.0976600647, 2.02156615257, 2.60668087006, 4.72381305695, 32.1869163513, 31.1273441315, 8.55643177032, 0.752078592777, 0.0279755350202, 0.00126879604068, 9.35139269131e-06, 6.31674668128e-09], "dmean": [0.00089652632596, 0.0643408298492, 0.925098180771, 2.81366205215, 8.66614055634, 9.73717498779, 3.26198816299, 3.96134972572, 5.76999330521, 7.77683115005, 9.01190185547, 5.41974401474, 5.29453468323, 5.20127391815, 3.7314145565, 6.78881692886, 6.07639837265, 5.98098134995, 3.22760033607, 4.175365448, 7.46859264374, 7.07835388184, 2.37433171272, 1.08110356331, 3.19853234291, 3.42333745956, 0.856057286263, 0.814508855343, 0.589490056038, 0.299825519323, 0.240752622485, 0.348559707403, 0.754774570465, 0.716552615166, 0.285431265831, 0.070021905005, 0.0160892810673, 0.00412781443447, 0.000398644653615, 1.50593823491e-05], "max": [0.0684919655323, 6.02540874481, 92.5009613037, 82.7487182617, 234.839279175, 363.041351318, 343.338470459, 280.282165527, 972.905212402, 1437.62683105, 2037.83361816, 2478.10424805, 2339.42480469, 1377.42370605, 1157.82019043, 1305.38500977, 1243.90905762, 2356.15209961, 795.062927246, 1081.16320801, 2199.66333008, 1489.97314453, 1096.92236328, 200.173797607, 690.91607666, 1311.6763916, 311.622070312, 589.032104492, 156.294021606, 56.014881134, 66.4034042358, 101.782836914, 255.440307617, 207.726699829, 154.005340576, 49.5509872437, 7.77255678177, 1.29550373554, 0.102089390159, 0.00288290879689], "var": [2.38270331465e-05, 0.188794657588, 43.69713974, 67.6432723999, 650.623352051, 840.337158203, 482.31149292, 937.32244873, 2192.71044922, 6802.61474609, 15091.1035156, 5149.20458984, 4872.59765625, 3919.38452148, 1586.55407715, 5804.44580078, 3353.16601562, 3998.85864258, 851.246398926, 1638.7355957, 8058.77978516, 5420.58349609, 860.066345215, 106.816299438, 1163.68762207, 2471.28759766, 78.48097229, 98.0967712402, 26.2704238892, 6.91831016541, 9.12329387665, 18.999546051, 107.69985199, 82.3847351074, 13.425989151, 0.906805634499, 0.0329578816891, 0.0018686739495, 1.89941201825e-05, 1.24385888256e-08], "mean": [0.00244584493339, 0.170388132334, 2.4971704483, 7.37481021881, 17.836763382, 16.3958148956, 9.51244068146, 12.9934806824, 15.0851259232, 19.8831520081, 25.3010845184, 13.7069292068, 13.2959604263, 13.0150156021, 8.3159866333, 15.423830986, 11.3447904587, 10.1244897842, 5.33899307251, 7.85490894318, 17.2752799988, 16.6764087677, 4.85891151428, 2.24118971825, 6.9193983078, 7.18758440018, 1.71486616135, 1.61350166798, 1.16679954529, 0.629638135433, 0.448449879885, 0.65175139904, 1.33067476749, 1.17921864986, 0.411131471395, 0.0901003628969, 0.0215252544731, 0.00586938066408, 0.000616492063273, 3.61532765965e-05]}, "spectral_strongpeak": {"dmean2": 0.46447005868, "median": 0.438607782125, "min": 0, "dvar2": 0.949939310551, "dvar": 0.386805087328, "dmean": 0.288383334875, "max": 18.3184757233, "var": 1.58145487309, "mean": 0.789047896862}, "spectral_energy": {"dmean2": 0.00754642626271, "median": 0.0112790614367, "min": 9.81206004696e-21, "dvar2": 0.000115075526992, "dvar": 5.41646513739e-05, "dmean": 0.00522157084197, "max": 0.123169153929, "var": 0.00034485469223, "mean": 0.0184563472867}, "average_loudness": 0.561152637005, "spectral_rolloff": {"dmean2": 427.895355225, "median": 322.998046875, "min": 129.19921875, "dvar2": 2297020.5, "dvar": 1130017.25, "dmean": 256.737548828, "max": 19509.0820312, "var": 4348114.5, "mean": 857.096618652}, "spectral_centroid": {"dmean2": 208.849945068, "median": 435.653991699, "min": 117.130325317, "dvar2": 144559.71875, "dvar": 88184.9296875, "dmean": 142.229156494, "max": 11596.8759766, "var": 943709.9375, "mean": 684.776123047}, "pitch_salience": {"dmean2": 0.103632003069, "median": 0.468185126781, "min": 0.0364028327167, "dvar2": 0.0100706126541, "dvar": 0.00405295798555, "dmean": 0.0661446526647, "max": 0.875707685947, "var": 0.0186195615679, "mean": 0.460871845484}, "spectral_energyband_middle_high": {"dmean2": 0.000861700333189, "median": 0.000280905544059, "min": 1.22864109063e-21, "dvar2": 8.41222754389e-06, "dvar": 4.97854307469e-06, "dmean": 0.000672954018228, "max": 0.0756191015244, "var": 3.57597200491e-05, "mean": 0.00217635696754}, "spectral_contrast_coeffs": {"dmean2": [0.0720818191767, 0.0554069057107, 0.0474387556314, 0.0436070635915, 0.0384598895907, 0.0256786085665], "median": [-0.511676430702, -0.690141737461, -0.77745193243, -0.772008895874, -0.753822863102, -0.762147665024], "min": [-0.976384162903, -0.976049542427, -0.978121995926, -0.970488488674, -0.966258645058, -0.964236497879], "dvar2": [0.00373738608323, 0.00259229796939, 0.00174240965862, 0.00140645250212, 0.00122030568309, 0.000553043209948], "dvar": [0.00143105664756, 0.00118823978119, 0.000819456356112, 0.000663401558995, 0.000594172801357, 0.000283441302599], "dmean": [0.0443461537361, 0.0354529246688, 0.0308798998594, 0.0282696764916, 0.0257015693933, 0.0173796992749], "max": [-0.270876139402, -0.304993957281, -0.313031703234, -0.484479129314, -0.454898446798, -0.600851535797], "var": [0.00804745871574, 0.0097091672942, 0.00701441150159, 0.00504820374772, 0.00528706237674, 0.00378879788332], "mean": [-0.518301010132, -0.675362408161, -0.763183474541, -0.763906180859, -0.749395787716, -0.75951218605]}, "melbands_skewness": {"dmean2": 1.42909705639, "median": 4.47235631943, "min": -1.7800732851, "dvar2": 2.90326857567, "dvar": 1.26039290428, "dmean": 0.946840465069, "max": 24.6331176758, "var": 6.50545310974, "mean": 4.64069747925}, "spectral_spread": {"dmean2": 830856.75, "median": 3737653.25, "min": 562224.3125, "dvar2": 1456001122300.0, "dvar": 906943201280, "dmean": 571400, "max": 42718280, "var": 11117033160700.0, "mean": 4237340.5}, "dissonance": {"dmean2": 0.038360401988, "median": 0.444431275129, "min": 0.12766982615, "dvar2": 0.00168567162473, "dvar": 0.000662050966639, "dmean": 0.0236173607409, "max": 0.499999970198, "var": 0.00243922253139, "mean": 0.431435078382}, "spectral_skewness": {"dmean2": 0.619341313839, "median": 2.12959003448, "min": -0.233660951257, "dvar2": 0.576531648636, "dvar": 0.250994771719, "dmean": 0.394705027342, "max": 10.8326625824, "var": 1.47613060474, "mean": 2.39010095596}, "spectral_flux": {"dmean2": 0.0293896291405, "median": 0.0370482355356, "min": 6.27148610821e-11, "dvar2": 0.00122512772214, "dvar": 0.000492161663715, "dmean": 0.0184104777873, "max": 0.281138300896, "var": 0.0014927246375, "mean": 0.0470610037446}, "spectral_contrast_valleys": {"dmean2": [0.594253242016, 0.497666805983, 0.474495947361, 0.499479204416, 0.505787014961, 0.475893080235], "median": [-8.12386608124, -7.8833231926, -8.85001373291, -9.25498867035, -9.45199298859, -11.8494129181], "min": [-28.1388378143, -28.4083652496, -27.6155071259, -27.522819519, -27.5261192322, -27.3866672516], "dvar2": [0.271798551083, 0.219636842608, 0.204239144921, 0.237926155329, 0.294607192278, 0.337832152843], "dvar": [0.122803844512, 0.108881354332, 0.105173826218, 0.12222032249, 0.148203805089, 0.182737708092], "dmean": [0.366798907518, 0.311757534742, 0.304034143686, 0.33327832818, 0.346073031425, 0.346101760864], "max": [-6.17434930801, -5.12205839157, -5.10197544098, -5.89116048813, -6.08807945251, -7.2373251915], "var": [2.7099134922, 2.961196661, 2.9736135006, 3.17804169655, 3.29917049408, 3.32344007492], "mean": [-8.29194450378, -8.0691318512, -8.96788024902, -9.45424175262, -9.64505195618, -11.9787864685]}, "erbbands_flatness_db": {"dmean2": 0.0268933065236, "median": 0.195464640856, "min": 0.0311596021056, "dvar2": 0.000939371646382, "dvar": 0.000429693696788, "dmean": 0.0184844732285, "max": 0.387306392193, "var": 0.00274269329384, "mean": 0.198679998517}, "spectral_energyband_high": {"dmean2": 0.00018984694907, "median": 3.59178593499e-05, "min": 6.89427494802e-21, "dvar2": 1.29549493977e-06, "dvar": 8.25201539101e-07, "dmean": 0.000144018427818, "max": 0.0343278087676, "var": 2.62308913079e-06, "mean": 0.000289358926238}, "spectral_entropy": {"dmean2": 0.384417772293, "median": 6.52434110641, "min": 4.06569433212, "dvar2": 0.185038596392, "dvar": 0.0817282423377, "dmean": 0.258978515863, "max": 9.81836509705, "var": 0.535196602345, "mean": 6.52971935272}, "silence_rate_20dB": {"dmean2": 0, "median": 1, "min": 1, "dvar2": 0, "dvar": 0, "dmean": 0, "max": 1, "var": 0, "mean": 1}, "melbands_flatness_db": {"dmean2": 0.0409793742001, "median": 0.311779201031, "min": 0.00339045398869, "dvar2": 0.00185616675299, "dvar": 0.000854364596307, "dmean": 0.0279320925474, "max": 0.704048991203, "var": 0.00779830152169, "mean": 0.318685442209}, "barkbands": {"dmean2": [4.37980219203e-07, 0.000191701503354, 0.00113898213021, 0.0020295495633, 0.00465153250843, 0.000621659622993, 0.00058380025439, 0.000546326162294, 0.000329023314407, 0.000193557702005, 0.000118118980026, 0.000221434194827, 0.000190456456039, 0.000158068593009, 9.164903895e-05, 0.000184433345567, 0.00020785810193, 4.59439143015e-05, 6.47281194688e-05, 9.8331074696e-05, 2.84485886368e-05, 2.0543771825e-05, 1.1592208466e-05, 4.27622871939e-05, 7.18118535588e-05, 1.66925019585e-05, 3.46083652403e-06], "median": [9.40567090879e-08, 0.000105638391688, 0.000779571128078, 0.00173897121567, 0.00224743783474, 0.000233846571064, 0.000115524511784, 6.38499768684e-05, 2.49208969763e-05, 1.98025336431e-05, 6.38954816168e-06, 3.37687633873e-05, 1.10865375973e-05, 8.13475617178e-06, 6.15344970356e-06, 2.44778038905e-05, 2.60331580648e-05, 5.18257320437e-06, 7.61169576435e-06, 7.60240118325e-06, 8.43516045279e-06, 6.24997164778e-06, 1.9075482669e-06, 2.43904628405e-06, 1.74283945853e-06, 5.27303882336e-07, 9.22170073636e-08], "min": [6.94370529696e-26, 2.31502473905e-24, 4.46533384198e-25, 1.04599987943e-24, 1.57644590681e-23, 9.92890154253e-24, 1.52023956732e-23, 7.40846334022e-24, 2.39590656878e-23, 1.7074517218e-23, 1.02847346088e-23, 2.64821047645e-23, 1.76535789878e-23, 4.50344093157e-23, 4.86688871436e-23, 6.27969000178e-23, 6.74348215388e-23, 6.66345379277e-23, 1.15720025671e-22, 1.58322452546e-22, 2.83920985747e-22, 3.5230583563e-22, 4.00685728314e-22, 5.70659101072e-22, 9.19368033897e-22, 1.17820851876e-21, 2.12522995178e-21], "dvar2": [5.04382256447e-12, 1.0371843473e-07, 4.01613806389e-06, 1.71278134076e-05, 8.0644931586e-05, 3.18301658808e-06, 5.47286163055e-06, 6.79124605085e-06, 4.749924301e-06, 1.26154463942e-06, 4.36553847294e-07, 1.32563513944e-06, 1.3643920056e-06, 1.40965096307e-06, 2.90816160486e-07, 1.22468054542e-06, 1.10622545435e-06, 1.31056467012e-07, 1.11637220357e-07, 3.3192188198e-07, 3.48919435567e-08, 1.014875739e-08, 4.71088235088e-09, 8.34440143649e-08, 3.35188843792e-07, 3.85398095659e-08, 8.08081157544e-10], "dvar": [1.59964283573e-12, 9.2442967059e-08, 4.88195018988e-06, 5.73953775529e-06, 3.26629451592e-05, 1.53580594997e-06, 3.47764489561e-06, 4.04517186325e-06, 2.41190855377e-06, 7.07969206815e-07, 2.72410147772e-07, 7.47979754578e-07, 7.35208800506e-07, 6.81061123942e-07, 1.49685234874e-07, 5.90782633481e-07, 5.21203787684e-07, 7.77326221169e-08, 5.57136381474e-08, 1.5924719321e-07, 1.92618792028e-08, 5.38552047402e-09, 2.91154189647e-09, 5.10095325978e-08, 1.86589190321e-07, 1.74883112436e-08, 3.5253927555e-10], "dmean": [2.51211673685e-07, 0.000156618785695, 0.000995152979158, 0.00131756847259, 0.00290562678128, 0.000441403361037, 0.000447948550573, 0.000417375238612, 0.000258463987848, 0.000153031214722, 8.96137062227e-05, 0.000164685392519, 0.000137561553856, 0.000109544140287, 6.55657568132e-05, 0.000129623207613, 0.000139803887578, 3.37154524459e-05, 4.43707649538e-05, 6.84455808369e-05, 1.98027319129e-05, 1.42336912177e-05, 8.48891522764e-06, 3.15049946948e-05, 5.08833181811e-05, 1.11352810563e-05, 2.34317349168e-06], "max": [6.71700181556e-05, 0.0127115761861, 0.0917753130198, 0.0321063697338, 0.0857317969203, 0.0342720262706, 0.0703345388174, 0.0739843100309, 0.117136254907, 0.0390082299709, 0.0280438940972, 0.0396136790514, 0.0263830404729, 0.0406329296529, 0.0169261917472, 0.0337143316865, 0.0432510860264, 0.0209407247603, 0.00819805450737, 0.0192879606038, 0.0115493154153, 0.00330828083679, 0.00217486056499, 0.00982157234102, 0.0168748088181, 0.00757087208331, 0.000638679717667], "var": [1.26579671224e-12, 8.64507569531e-07, 4.32150955021e-05, 1.51585891217e-05, 6.24837048235e-05, 9.45148622122e-06, 1.67124235304e-05, 2.92410386464e-05, 1.22247156469e-05, 2.70835448646e-06, 1.15224941055e-06, 3.37611345458e-06, 1.67748362401e-06, 1.10995142677e-06, 4.23540626571e-07, 1.65812980413e-06, 2.84731709144e-06, 1.79666741928e-07, 1.90250077026e-07, 8.27554515581e-07, 5.52483854221e-08, 1.49049856901e-08, 1.01593276014e-08, 1.8657470946e-07, 4.08756960724e-07, 2.00554559626e-08, 6.29545693354e-10], "mean": [2.53828801533e-07, 0.000394226401113, 0.00257477280684, 0.00318228569813, 0.00542135443538, 0.00144504324999, 0.00112750532571, 0.00118827843107, 0.000618475431111, 0.000353121111402, 0.000188148056623, 0.000360790843843, 0