{"tonal": {"thpcp": [1, 0.650397360325, 0.295764088631, 0.195123791695, 0.197789520025, 0.385606348515, 0.531218826771, 0.398658543825, 0.274063408375, 0.236056238413, 0.229182288051, 0.329263389111, 0.396625220776, 0.347921103239, 0.58370578289, 0.878328740597, 0.590444922447, 0.236507132649, 0.170557200909, 0.187233716249, 0.426633000374, 0.607902288437, 0.388963907957, 0.179164096713, 0.176778271794, 0.235863611102, 0.42877009511, 0.486937999725, 0.376213014126, 0.478240847588, 0.558749675751, 0.375319838524, 0.248373985291, 0.292476892471, 0.406111449003, 0.778942763805], "hpcp": {"dmean2": [0.24036963284, 0.234947308898, 0.243206769228, 0.188583880663, 0.201895162463, 0.164280340075, 0.187338516116, 0.257322520018, 0.311423182487, 0.351850628853, 0.341056346893, 0.231328174472, 0.15949383378, 0.141835749149, 0.168169558048, 0.203015118837, 0.188907444477, 0.174960315228, 0.151704117656, 0.140487492085, 0.163990944624, 0.191873922944, 0.195196330547, 0.224781095982, 0.226670607924, 0.217744499445, 0.146900162101, 0.112485714257, 0.124885708094, 0.183917790651, 0.211568489671, 0.160285994411, 0.111082017422, 0.112675189972, 0.142737537622, 0.200250387192], "median": [0.0793500766158, 0.0626373663545, 0.0450371429324, 0.0418798327446, 0.0390377826989, 0.0338500626385, 0.035546310246, 0.0592989437282, 0.151552826166, 0.201349928975, 0.116649672389, 0.0307575874031, 0.0205386970192, 0.0252577010542, 0.0507688783109, 0.0624805875123, 0.0616109259427, 0.0405781716108, 0.0342929251492, 0.0356692075729, 0.0583221130073, 0.0601359605789, 0.0531865134835, 0.10145162046, 0.107036732137, 0.0818520188332, 0.0379129014909, 0.0217347145081, 0.0235775392503, 0.0633200109005, 0.0850549563766, 0.0536752045155, 0.0263326987624, 0.0237101279199, 0.0396461002529, 0.0702766552567], "min": [0, 0, 0, 0, 0, 0, 0, 0, 0, 0, 0, 0, 0, 0, 0, 0, 0, 0, 0, 0, 0, 0, 0, 0, 0, 0, 0, 0, 0, 0, 0, 0, 0, 0, 0, 0], "dvar2": [0.102907605469, 0.100032627583, 0.117662146688, 0.0854281187057, 0.0920032635331, 0.0738958716393, 0.0851215720177, 0.120057813823, 0.12297142297, 0.157413348556, 0.165430560708, 0.128145575523, 0.0877931937575, 0.0709363892674, 0.0678824931383, 0.0882097408175, 0.0745909139514, 0.0796064585447, 0.0635485649109, 0.0563198551536, 0.0602554418147, 0.0781399011612, 0.0781231969595, 0.0837784036994, 0.09925301373, 0.0827186331153, 0.0592098385096, 0.0418022498488, 0.0452868714929, 0.0665893405676, 0.0819098725915, 0.0545337758958, 0.0351501777768, 0.0406496822834, 0.0527577213943, 0.0798555612564], "dvar": [0.0400611385703, 0.0370223782957, 0.0421595275402, 0.0342551842332, 0.0329673364758, 0.028048042208, 0.0323374383152, 0.0443423129618, 0.0476866513491, 0.0618133544922, 0.061713334173, 0.0473369173706, 0.0318514704704, 0.0257090516388, 0.0261166151613, 0.0340055413544, 0.028365733102, 0.0299783796072, 0.0234096795321, 0.0207866784185, 0.0230131763965, 0.0305233430117, 0.0303680058569, 0.0319688804448, 0.0433576963842, 0.0325280874968, 0.0214576609433, 0.015252857469, 0.0169412065297, 0.0258738491684, 0.034571249038, 0.0214465726167, 0.0127096911892, 0.0152608864009, 0.0190331973135, 0.0305112060159], "dmean": [0.13877607882, 0.133046492934, 0.138459503651, 0.110712498426, 0.115874610841, 0.0938350111246, 0.107561178505, 0.146976694465, 0.181678697467, 0.20203320682, 0.196022361517, 0.129919707775, 0.0885650515556, 0.0798418149352, 0.0991490110755, 0.12000759691, 0.11068996042, 0.100447699428, 0.0876027569175, 0.0818529576063, 0.096093326807, 0.112642198801, 0.115222625434, 0.1326289922, 0.13251554966, 0.129996612668, 0.0842037051916, 0.0641344934702, 0.0724270939827, 0.110667429864, 0.128334254026, 0.0959897488356, 0.0642358288169, 0.0661651492119, 0.0820102542639, 0.11675529927], "max": [1, 1, 1, 1, 1, 1, 1, 1, 1, 1, 1, 1, 1, 1, 1, 1, 1, 1, 1, 1, 1, 1, 1, 1, 1, 1, 1, 1, 1, 1, 1, 1, 1, 1, 1, 1], "var": [0.0595203079283, 0.0369151569903, 0.0670644342899, 0.10393217206, 0.0448720268905, 0.0275584757328, 0.0360705852509, 0.0478111952543, 0.0914127752185, 0.133865907788, 0.0781885683537, 0.0391805022955, 0.0232678446919, 0.0205558072776, 0.0471915006638, 0.0804042890668, 0.0411163978279, 0.0283078309149, 0.0217725597322, 0.0200784560293, 0.0301896743476, 0.0479106344283, 0.0351594686508, 0.0648258775473, 0.147682100534, 0.0761642456055, 0.0205552726984, 0.0133710755035, 0.0159493181854, 0.0458287224174, 0.0892430394888, 0.043053753674, 0.0130022801459, 0.0144993523136, 0.0180442146957, 0.0476720035076], "mean": [0.181812554598, 0.140470132232, 0.178565219045, 0.208625540137, 0.140136644244, 0.0927376970649, 0.109204806387, 0.15163359046, 0.290841072798, 0.373379260302, 0.242844894528, 0.110432177782, 0.0728551745415, 0.073850505054, 0.143977418542, 0.198346093297, 0.148850828409, 0.102329589427, 0.0881385058165, 0.0855719149113, 0.122940115631, 0.148091629148, 0.129906520247, 0.217943623662, 0.327949732542, 0.220459878445, 0.0883068591356, 0.0636825188994, 0.0699091851711, 0.159295916557, 0.226978108287, 0.145231053233, 0.0668961554766, 0.0660053417087, 0.0880665779114, 0.160093858838]}, "tuning_equal_tempered_deviation": 0.0396388098598, "chords_changes_rate": 0.0554049983621, "key_key": "F", "tuning_diatonic_strength": 0.73943823576, "key_scale": "major", "chords_number_rate": 0.00361336953938, "tuning_frequency": 434.946166992, "tuning_nontempered_energy_ratio": 0.731182992458, "chords_histogram": [24.450466156, 4.99849462509, 22.0415534973, 0.271002709866, 6.20295095444, 1.47545921803, 0, 0, 0.361336946487, 0, 0.331225544214, 1.26467931271, 0.692562460899, 0, 0, 1.53568208218, 0, 2.07768750191, 0, 6.56428766251, 0, 1.47545921803, 24.450466156, 1.80668473244], "key_strength": 0.909195780754, "chords_key": "A#", "chords_strength": {"dmean2": 0.0102904913947, "median": 0.566086649895, "min": -1, "dvar2": 0.00120220647659, "dvar": 0.000632692361251, "dmean": 0.00980771426111, "max": 0.771377146244, "var": 0.0174586996436, "mean": 0.557109057903}, "chords_scale": "major", "hpcp_entropy": {"dmean2": 1.06566143036, "median": 2.01229333878, "min": 0, "dvar2": 0.819963693619, "dvar": 0.304740697145, "dmean": 0.633955776691, "max": 4.42078971863, "var": 0.715067505836, "mean": 1.99107217789}}, "metadata": {"audio_properties": {"equal_loudness": 0, "codec": "flac", "downmix": "mix", "sample_rate": 44100, "analysis_sample_rate": 44100, "bit_rate": 0, "md5_encoded": "051b1cd8db1eaa8110fe838685eb0e44", "length": 154.173339844, "replay_gain": -15.1550331116, "lossless": true}, "version": {"essentia_build_sha": "2d9f1f26377add8aeb1075a9c2973f962c4f09fd", "essentia": "2.1-beta2", "extractor": "music 1.0", "essentia_git_sha": "v2.1_beta2-1-ge3940c0"}, "tags": {"title": ["It\u2019s Not True"], "barcode": ["4988005518477"], "media": ["CD"], "albumartist": ["The Who"], "tracktotal": ["24"], "musicbrainz_releasegroupid": ["ce576566-68f1-438e-a8d1-a32f9f1d5d8e"], "releasetype": ["album", "compilation"], "musicbrainz_recordingid": ["08e6bfb4-5d5e-4d6d-a1db-dc5d0724126f"], "acoustid_id": ["018c38e0-0dcc-4162-8ca5-3d56dc3dce6f"], "originalyear": ["2008"], "musicbrainz_releasetrackid": ["8e06efe1-5fe2-3ae5-b83d-c8f38029a1ca"], "discnumber": ["2"], "album": ["My Generation Box"], "catalognumber": ["UICY-93533/4"], "releasecountry": ["JP"], "originaldate": ["2008-08-06"], "albumartistsort": ["Who, The"], "date": ["2008-08-06"], "file_name": "38e00dcc41628ca53d56dc3dce6f.flac", "disctotal": ["2"], "discsubtitle": ["Stereo"], "musicbrainz_artistid": ["9fdaa16b-a6c4-4831-b87c-bc9ca8ce7eaa"], "asin": ["B0017U0AQG"], "musicbrainz_albumid": ["83ceb31d-5aec-4c7f-a0c3-db32a0863c13"], "musicbrainz_albumartistid": ["9fdaa16b-a6c4-4831-b87c-bc9ca8ce7eaa"], "tracknumber": ["9"], "artistsort": ["Who, The"], "artist": ["The Who"], "label": ["Universal International"], "releasestatus": ["official"], "totaldiscs": ["2"], "script": ["Latn"], "totaltracks": ["24"]}}, "rhythm": {"bpm_histogram_first_peak_bpm": {"dmean2": 0, "median": 101, "min": 101, "dvar2": 0, "dvar": 0, "dmean": 0, "max": 101, "var": 0, "mean": 101}, "bpm": 101.689193726, "bpm_histogram_second_peak_spread": {"dmean2": 0, "median": 0, "min": 0, "dvar2": 0, "dvar": 0, "dmean": 0, "max": 0, "var": 0, "mean": 0}, "bpm_histogram_first_peak_weight": {"dmean2": 0, "median": 0.466165423393, "min": 0.466165423393, "dvar2": 0, "dvar": 0, "dmean": 0, "max": 0.466165423393, "var": 0, "mean": 0.466165423393}, "onset_rate": 3.63183307648, "beats_position": [0.580498874187, 1.17260766029, 1.75310659409, 2.34521532059, 2.93732428551, 3.55265307426, 4.1679816246, 4.78331041336, 5.38702917099, 5.99074840546, 6.59446716309, 7.19818592072, 7.80190467834, 8.40562343597, 9.0093421936, 9.61306095123, 10.1935596466, 10.7856683731, 11.3777770996, 11.9814968109, 12.5736055374, 13.1657142639, 13.7578229904, 14.361541748, 14.9536504745, 15.545759201, 16.1378688812, 16.7299766541, 17.3220863342, 17.9141941071, 18.5063037872, 19.0984115601, 19.6905212402, 20.2826309204, 20.8747386932, 21.4668483734, 22.0473461151, 22.6394557953, 23.2431735992, 23.8352832794, 24.4273910522, 25.0195007324, 25.6116104126, 26.2153282166, 26.8074378967, 27.3995456696, 28.0032653809, 28.6069831848, 29.199092865, 29.7912006378, 30.383310318, 30.9754180908, 31.567527771, 32.1596374512, 32.7517471313, 33.3438529968, 33.9243545532, 34.5048522949, 35.0969619751, 35.6890678406, 36.2811775208, 36.8732872009, 37.4653968811, 38.0575065613, 38.6496124268, 39.2417221069, 39.8338317871, 40.4259414673, 41.0180473328, 41.5985488892, 42.1906585693, 42.7827644348, 43.374874115, 43.9553718567, 44.5474815369, 45.1511993408, 45.7317008972, 46.3238105774, 46.9159164429, 47.508026123, 48.111743927, 48.7038536072, 49.3075714111, 49.9112930298, 50.5033988953, 51.0955085754, 51.6876182556, 52.2913360596, 52.8834457397, 53.4755554199, 54.0792732239, 54.6829910278, 55.2867126465, 55.878818512, 56.4709281921, 57.0630378723, 57.643535614, 58.2356452942, 58.8161430359, 59.4082527161, 60.0003623962, 60.5924720764, 61.1729698181, 61.741859436, 62.310749054, 62.8912467957, 63.4717445374, 64.0638504028, 64.6443557739, 65.2480697632, 65.8517913818, 66.4555053711, 67.0476150513, 67.6397247314, 68.2202224731, 68.8007278442, 69.3696136475, 69.9384994507, 70.5073928833, 71.0762786865, 71.6567764282, 72.2372741699, 72.8061676025, 73.4098815918, 74.0136032104, 74.6057128906, 75.2094345093, 75.8015441895, 76.3936462402, 76.9857559204, 77.5662536621, 78.1583633423, 78.7504730225, 79.3425827026, 79.9346923828, 80.526802063, 81.1305236816, 81.7342376709, 82.3379592896, 82.9416732788, 83.533782959, 84.1258926392, 84.7180023193, 85.3101119995, 85.8906097412, 86.4827194214, 87.0748291016, 87.6669387817, 88.2590484619, 88.8511581421, 89.4432601929, 90.035369873, 90.6274795532, 91.2079772949, 91.8116989136, 92.4038085938, 92.9843063354, 93.5764160156, 94.1453018188, 94.7141952515, 95.2946929932, 95.8751907349, 96.4556884766, 97.0361862183, 97.61668396, 98.1971893311, 98.7776870728, 99.3697967529, 99.9619064331, 100.542404175, 101.111289978, 101.680175781, 102.260681152, 102.841178894, 103.421676636, 104.002174377, 104.582672119, 105.163169861, 105.732063293, 106.300949097, 106.881446838, 107.46194458, 108.042449951, 108.622947693, 109.203445435, 109.795555115, 110.387664795, 110.968162537, 111.548660278, 112.12915802, 112.7212677, 113.31337738, 113.893875122, 114.485984802, 115.078094482, 115.658592224, 116.215873718, 116.773147583, 117.330429077, 117.89931488, 118.468208313, 119.048706055, 119.629203796, 120.209701538, 120.813423157, 121.405532837, 121.997642517, 122.601356506, 123.205078125, 123.808792114, 124.400901794, 124.993011475, 125.596733093, 126.200454712, 126.792556763, 127.384666443, 127.976776123, 128.568893433, 129.149383545, 129.729888916, 130.321990967, 130.902496338, 131.48298645, 132.063491821, 132.655593872, 133.236099243, 133.816589355, 134.397094727, 134.989196777, 135.581314087, 136.173416138, 136.765533447, 137.357635498, 137.949752808, 138.53024292, 139.122360229, 139.71446228, 140.31817627, 140.910293579, 141.50239563, 142.106124878, 142.698226929, 143.290344238, 143.894058228, 144.486160278, 145.078277588, 145.635559082, 146.169616699, 146.715286255, 147.19128418, 147.655685425, 148.131698608, 148.596099854, 148.956008911, 149.315917969, 149.675827026, 150.035736084, 150.372421265, 150.720718384, 151.057418823, 151.394104004, 151.742401123, 152.079086304, 152.427383423, 152.764083862, 153.112380981, 153.460678101], "beats_loudness": {"dmean2": 0.0186283905059, "median": 0.0433782152832, "min": 0, "dvar2": 0.000234298815485, "dvar": 7.1877904702e-05, "dmean": 0.0106018753722, "max": 0.0700142607093, "var": 0.000194264444872, "mean": 0.0406116396189}, "danceability": 1.07119691372, "bpm_histogram_second_peak_weight": {"dmean2": 0, "median": 0.0187969915569, "min": 0.0187969915569, "dvar2": 0, "dvar": 0, "dmean": 0, "max": 0.0187969915569, "var": 0, "mean": 0.0187969915569}, "beats_count": 267, "bpm_histogram_second_peak_bpm": {"dmean2": 0, "median": 172, "min": 172, "dvar2": 0, "dvar": 0, "dmean": 0, "max": 172, "var": 0, "mean": 172}, "bpm_histogram_first_peak_spread": {"dmean2": 0, "median": 0.48760330677, "min": 0.48760330677, "dvar2": 0, "dvar": 0, "dmean": 0, "max": 0.48760330677, "var": 0, "mean": 0.48760330677}, "beats_loudness_band_ratio": {"dmean2": [0.254228442907, 0.184542611241, 0.161412537098, 0.194434031844, 0.0991545319557, 0.0601665861905], "median": [0.316118329763, 0.134931400418, 0.144943252206, 0.163057893515, 0.112735882401, 0.0480576232076], "min": [0, 0, 0, 0, 0, 0], "dvar2": [0.0438451506197, 0.0226416066289, 0.0229836013168, 0.0383527465165, 0.00935347098857, 0.0127418022603], "dvar": [0.0168169941753, 0.00835805572569, 0.00818206276745, 0.0131623372436, 0.00319228414446, 0.00438332976773], "dmean": [0.145472347736, 0.104507245123, 0.0932324528694, 0.113749273121, 0.0572026073933, 0.0334273353219], "max": [0.994505643845, 0.73577350378, 0.672780752182, 0.644531667233, 0.36453679204, 0.582475781441], "var": [0.044223472476, 0.0136360675097, 0.0114810606465, 0.0162000562996, 0.00448571052402, 0.00281570712104], "mean": [0.344271361828, 0.161915421486, 0.165467128158, 0.185627371073, 0.118593327701, 0.0536872334778]}}, "lowlevel": {"barkbands_spread": {"dmean2": 7.70466375351, "median": 24.3959884644, "min": 0.228402152658, "dvar2": 83.719078064, "dvar": 44.1785163879, "dmean": 5.19287538528, "max": 106.756759644, "var": 196.074127197, "mean": 26.2554397583}, "melbands_spread": {"dmean2": 11.4418544769, "median": 27.3818340302, "min": 0.288147807121, "dvar2": 258.926208496, "dvar": 142.056289673, "dmean": 7.75607347488, "max": 224.594726563, "var": 596.019958496, "mean": 31.7242336273}, "hfc": {"dmean2": 12.9332075119, "median": 26.5785255432, "min": 1.09020717286e-16, "dvar2": 506.528137207, "dvar": 306.443634033, "dmean": 9.31367111206, "max": 375.36807251, "var": 984.52130127, "mean": 32.3799476624}, "barkbands_kurtosis": {"dmean2": 3.85526514053, "median": 0.204205587506, "min": -1.887565732, "dvar2": 942.246520996, "dvar": 390.840332031, "dmean": 2.38361644745, "max": 1438.63037109, "var": 5254.51806641, "mean": 8.87428283691}, "gfcc": {"mean": [17.9449119568, 95.8387985229, -125.477302551, 34.8563995361, -55.2133636475, 15.8500833511, -36.5802268982, 14.8838300705, -21.1158599854, 1.42744100094, -12.8810663223, -3.19251894951, -8.54714298248], "icov": [[0.000270365097094, -0.000402441335609, 0.000708195380867, -0.000689531676471, 0.000668221735395, -0.000618173216935, 0.000757445814088, -0.000798897526693, 0.000924806459807, -0.000640725833364, 0.00106078118552, -0.000956506934017, 0.000612435222138], [-0.000402441335609, 0.00233146431856, -0.000277166051092, 0.00122765870765, -0.00187970174011, 0.00161339179613, -0.00183057063259, 0.000643675797619, -0.00149414874613, 0.00215982296504, -0.00349073857069, 0.0027447945904, -0.00106927589513], [0.000708195380867, -0.000277166051092, 0.00370013690554, -0.00214945385233, 0.00078074564226, -0.000974605849478, 0.00117595260963, -0.00266890623607, 0.00216555595398, -0.00180169090163, 0.00239007500932, -0.00319715309888, 0.00244091055356], [-0.000689531676471, 0.00122765870765, -0.00214945385233, 0.00549491774291, -0.00140084547456, 0.00125811586622, -0.00258433190174, 0.00125564204063, -0.00232107471675, 0.00220740423538, -0.00247114477679, 0.00305128423497, -0.00274612382054], [0.000668221735395, -0.00187970174011, 0.00078074564226, -0.00140084547456, 0.00777192227542, -0.00192663259804, -8.29488344607e-05, -0.00148574716877, 0.000308285525534, -0.00156485615298, 0.00394474156201, -0.00227467156947, 0.000593702192418], [-0.000618173216935, 0.00161339179613, -0.000974605849478, 0.00125811586622, -0.00192663259804, 0.00991622451693, -0.00385408406146, 0.000698011484928, 0.0013219708344, -0.00188953126781, 0.000109213149699, 0.00183130754158, 2.0720250177e-05], [0.000757445814088, -0.00183057063259, 0.00117595260963, -0.00258433190174, -8.29488344607e-05, -0.00385408406146, 0.0086967125535, -0.00292579177767, 0.00289801228791, -0.000668089545798, 0.00182115181815, -0.0022769139614, 0.000919509970117], [-0.000798897526693, 0.000643675797619, -0.00266890623607, 0.00125564204063, -0.00148574716877, 0.000698011484928, -0.00292579177767, 0.0165436286479, -0.00856072735041, -2.86799113383e-05, 0.00141020747833, 0.00257761660032, -0.00197755359113], [0.000924806459807, -0.00149414874613, 0.00216555595398, -0.00232107471675, 0.000308285525534, 0.0013219708344, 0.00289801228791, -0.00856072735041, 0.0190200787038, -0.00693082204089, 0.00165918318089, 0.000725567340851, 0.00103822199162], [-0.000640725833364, 0.00215982296504, -0.00180169090163, 0.00220740423538, -0.00156485615298, -0.00188953126781, -0.000668089545798, -2.86799113383e-05, -0.00693082204089, 0.0201403703541, -0.00924207363278, 0.00067949964432, 7.7061529737e-05], [0.00106078118552, -0.00349073857069, 0.00239007500932, -0.00247114477679, 0.00394474156201, 0.000109213149699, 0.00182115181815, 0.00141020747833, 0.00165918318089, -0.00924207363278, 0.0242706649005, -0.0110912546515, 0.00426325155422], [-0.000956506934017, 0.0027447945904, -0.00319715309888, 0.00305128423497, -0.00227467156947, 0.00183130754158, -0.0022769139614, 0.00257761660032, 0.000725567340851, 0.00067949964432, -0.0110912546515, 0.0241225864738, -0.00914701167494], [0.000612435222138, -0.00106927589513, 0.00244091055356, -0.00274612382054, 0.000593702192418, 2.0720250177e-05, 0.000919509970117, -0.00197755359113, 0.00103822199162, 7.7061529737e-05, 0.00426325155422, -0.00914701167494, 0.0197920836508]], "cov": [[22795.3574219, 584.052612305, -2846.9597168, 371.178039551, -1171.66186523, 484.222625732, -898.138183594, 39.3862762451, -532.893127441, -22.474237442, -283.905517578, 29.6750144958, -87.9937286377], [584.052612305, 1044.61633301, -317.596862793, -64.3009719849, 135.132781982, -98.6503829956, 100.400100708, 7.14957857132, 47.6720504761, -64.7517318726, 58.4609451294, -67.9671020508, 14.4571533203], [-2846.9597168, -317.596862793, 855.273254395, 101.494697571, 129.821060181, 6.62640237808, 115.581748962, 53.9628982544, 45.9054527283, 38.7610778809, 1.28953576088, 34.5142059326, -11.2250967026], [371.178039551, -64.3009719849, 101.494697571, 305.515991211, 16.1494522095, 24.9050922394, 51.7920150757, 30.0731277466, 4.25605297089, -8.75769329071, -21.7598571777, -5.2665514946, 17.0655059814], [-1171.66186523, 135.132781982, 129.821060181, 16.1494522095, 253.666061401, 2.07177686691, 111.146308899, 27.3428649902, 44.4379653931, -4.98881721497, -5.29725837708, -14.4634189606, 11.888051033], [484.222625732, -98.6503829956, 6.62640237808, 24.9050922394, 2.07177686691, 167.781112671, 41.1264038086, 10.1193361282, -33.2772865295, 17.6610794067, -26.0372638702, 3.11951708794, -10.0851774216], [-898.138183594, 100.400100708, 115.581748962, 51.7920150757, 111.146308899, 41.1264038086, 234.098648071, 25.6670322418, 12.0552177429, -9.79684925079, 0.479676693678, -7.52332353592, 10.2843866348], [39.3862762451, 7.14957857132, 53.9628982544, 30.0731277466, 27.3428649902, 10.1193361282, 25.6670322418, 101.286842346, 43.4190292358, 12.5490913391, -19.4144306183, -12.8073787689, 0.718410730362], [-532.893127441, 47.6720504761, 45.9054527283, 4.25605297089, 44.4379653931, -33.2772865295, 12.0552177429, 43.4190292358, 105.125282288, 23.4145183563, 9.3799495697, -16.9109992981, 1.03257811069], [-22.474237442, -64.7517318726, 38.7610778809, -8.75769329071, -4.98881721497, 17.6610794067, -9.79684925079, 12.5490913391, 23.4145183563, 80.0243911743, 24.2891025543, 14.1230268478, -7.20278358459], [-283.905517578, 58.4609451294, 1.28953576088, -21.7598571777, -5.29725837708, -26.0372638702, 0.479676693678, -19.4144306183, 9.3799495697, 24.2891025543, 81.919052124, 25.5187320709, 0.550748407841], [29.6750144958, -67.9671020508, 34.5142059326, -5.2665514946, -14.4634189606, 3.11951708794, -7.52332353592, -12.8073787689, -16.9109992981, 14.1230268478, 25.5187320709, 73.8614959717, 19.3937511444], [-87.9937286377, 14.4571533203, -11.2250967026, 17.0655059814, 11.888051033, -10.0851774216, 10.2843866348, 0.718410730362, 1.03257811069, -7.20278358459, 0.550748407841, 19.3937511444, 65.8474197388]]}, "spectral_energyband_middle_low": {"dmean2": 0.00703043211251, "median": 0.0121008455753, "min": 1.7343538666e-22, "dvar2": 7.16519061825e-05, "dvar": 2.89300769509e-05, "dmean": 0.00450544990599, "max": 0.0644480288029, "var": 6.79624426994e-05, "mean": 0.013340790756}, "melbands_crest": {"dmean2": 4.34309911728, "median": 11.8164386749, "min": 1.61634624004, "dvar2": 15.5136833191, "dvar": 6.09654283524, "dmean": 2.6562063694, "max": 39.2154312134, "var": 23.4502506256, "mean": 12.5734949112}, "spectral_kurtosis": {"dmean2": 1.83873701096, "median": 4.08450937271, "min": -1.27871751785, "dvar2": 3.16762804985, "dvar": 1.16173410416, "dmean": 1.10190153122, "max": 15.0396957397, "var": 4.11270523071, "mean": 4.23334693909}, "spectral_rms": {"dmean2": 0.000913949217647, "median": 0.00571022136137, "min": 3.11017227597e-12, "dvar2": 7.82129234267e-07, "dvar": 3.66537960872e-07, "dmean": 0.000611033290625, "max": 0.00923962332308, "var": 2.09495715353e-06, "mean": 0.00548581080511}, "zerocrossingrate": {"dmean2": 0.010954445228, "median": 0.056640625, "min": 0, "dvar2": 0.000270080228802, "dvar": 0.00026839619386, "dmean": 0.00982930790633, "max": 0.52392578125, "var": 0.00338495871983, "mean": 0.0674890577793}, "silence_rate_60dB": {"dmean2": 0.00241000158712, "median": 0, "min": 0, "dvar2": 0.00270535773598, "dvar": 0.00120334664825, "dmean": 0.00120481930207, "max": 1, "var": 0.0313267409801, "mean": 0.0323746427894}, "erbbands_kurtosis": {"dmean2": 1.05620646477, "median": -0.156595379114, "min": -1.8113386631, "dvar2": 2.38081288338, "dvar": 1.07072412968, "dmean": 0.677067041397, "max": 39.5718917847, "var": 3.30143761635, "mean": 0.340955466032}, "erbbands": {"dmean2": [0.123067989945, 1.18340659142, 2.53492212296, 4.70346260071, 7.71582221985, 14.9370155334, 12.2590646744, 17.766456604, 15.3204536438, 27.8244743347, 33.8018341064, 31.6089420319, 44.9011116028, 34.130355835, 37.582649231, 33.5517120361, 37.970954895, 47.9996337891, 54.7289390564, 30.2284870148, 26.543926239, 44.4193115234, 24.5142383575, 13.3473701477, 17.4172668457, 13.6006679535, 10.9386482239, 7.13029956818, 7.25756120682, 8.78813171387, 6.81313562393, 3.97732996941, 2.49407672882, 2.75335049629, 1.49180161953, 0.228053838015, 0.0314370989799, 0.00509689189494, 0.000597865902819, 2.70719338005e-05], "median": [0.0571507588029, 0.929158687592, 2.90017151833, 3.56388401985, 4.16595602036, 5.56668901443, 8.13530921936, 11.6867418289, 10.5242977142, 17.9802875519, 18.6237697601, 21.6333084106, 26.5454730988, 22.6736297607, 22.3065719604, 16.9541988373, 22.3285198212, 24.76130867, 31.6688022614, 17.6224822998, 21.5417709351, 38.9339981079, 25.5116825104, 13.3137102127, 15.7502918243, 10.6844615936, 7.0177693367, 3.53830242157, 2.93152189255, 2.12003540993, 1.57458555698, 1.09855484962, 0.654855906963, 0.45112618804, 0.192929491401, 0.0449827238917, 0.0073637845926, 0.000858005485497, 8.56954939081e-05, 4.55265617347e-05], "min": [7.42786127211e-23, 3.59783504948e-22, 4.11151133211e-21, 1.17418740316e-20, 1.1845072891e-20, 3.2220985455e-20, 4.9071346004e-20, 8.35577271252e-20, 8.1526972872e-20, 1.84499068414e-19, 1.39218568372e-19, 3.85729570776e-19, 7.55702126365e-19, 8.70674079354e-19, 9.52484103092e-19, 1.18047410507e-18, 1.67007786354e-18, 2.00301144265e-18, 2.56061203241e-18, 2.94335491249e-18, 2.96938339124e-18, 5.1043595065e-18, 5.44480471275e-18, 6.32591088379e-18, 8.2290905187e-18, 5.20167895993e-18, 1.05764413271e-17, 1.00456511086e-17, 1.22201310951e-17, 1.1979321448e-17, 1.1789495078e-17, 1.18484159802e-17, 9.57804259958e-18, 7.92083835471e-18, 6.60593592297e-18, 4.56306078545e-18, 2.43967988122e-18, 8.97762796849e-19, 2.53909732317e-19, 2.48655952818e-20], "dvar2": [0.0470491051674, 3.14745879173, 8.05279636383, 51.2808952332, 157.671020508, 768.171936035, 298.877075195, 723.397399902, 598.326904297, 1981.90454102, 4560.06494141, 4615.9609375, 6401.05664063, 5428.64941406, 5908.54833984, 4774.34472656, 6047.67724609, 10780.0849609, 9336.09375, 4521.44873047, 2171.29248047, 4818.49023438, 1463.64453125, 399.213104248, 981.741760254, 748.973571777, 669.04095459, 399.380889893, 531.442077637, 1157.63928223, 666.243469238, 195.080886841, 84.0776062012, 155.846618652, 45.6679573059, 1.01524019241, 0.0206023994833, 0.000446853402536, 5.9933186094e-06, 3.85932086289e-09], "dvar": [0.0195345077664, 1.18335711956, 3.13418722153, 19.4103717804, 60.0864372253, 290.073364258, 129.084014893, 318.633758545, 251.545974731, 879.421447754, 2204.01147461, 1795.37878418, 2594.42529297, 2434.62719727, 2768.85595703, 2171.70898438, 2814.52075195, 4380.05322266, 3983.88037109, 2304.47338867, 961.310546875, 2033.16345215, 624.016967773, 187.893341064, 460.990600586, 375.779602051, 309.055267334, 211.002410889, 298.490905762, 599.927124023, 367.818878174, 106.348976135, 44.2867851257, 79.9578094482, 23.5178012848, 0.523886024952, 0.0104084368795, 0.000253124075243, 3.41126678904e-06, 2.17769113853e-09], "dmean": [0.0784448981285, 0.729616522789, 1.53293573856, 2.80864882469, 4.71490335464, 8.84129142761, 7.7258181572, 11.274772644, 9.6675863266, 18.0559978485, 23.3112411499, 19.9116230011, 27.9778308868, 22.1605587006, 24.7309684753, 21.8719081879, 24.7971057892, 31.4067516327, 34.8535003662, 20.7488441467, 17.5483264923, 28.716796875, 15.8261804581, 8.88070392609, 11.5088405609, 9.20731544495, 7.41548728943, 4.97913265228, 5.2071928978, 6.23377180099, 4.91222810745, 2.78790926933, 1.69860172272, 1.85221254826, 1.00639057159, 0.158075720072, 0.0221246797591, 0.00356742017902, 0.000399401964387, 1.87745972653e-05], "max": [1.89197385311, 12.8302564621, 33.8176994324, 89.4826126099, 101.710250854, 206.851409912, 199.502410889, 476.892700195, 293.857269287, 479.241516113, 990.280700684, 1080.27233887, 1059.61914063, 1308.84606934, 1591.79199219, 1084.55493164, 1433.66186523, 1256.79370117, 1141.29968262, 1213.75292969, 608.93359375, 734.977539063, 504.168334961, 249.237991333, 698.304138184, 583.354797363, 512.90838623, 394.321502686, 435.332214355, 456.446960449, 390.071075439, 337.56652832, 208.615737915, 341.469818115, 115.534233093, 24.2450180054, 5.28012561798, 0.752801120281, 0.0968481004238, 0.00201808824204], "var": [0.0259327311069, 1.87521159649, 14.1738815308, 28.7275009155, 72.0159912109, 277.42300415, 352.790466309, 1238.72741699, 1084.25292969, 2241.64746094, 6475.75146484, 3574.02075195, 5581.33349609, 5216.38525391, 7625.47509766, 5351.81640625, 7048.26318359, 9595.36816406, 8695.24316406, 6153.50097656, 1822.70068359, 3852.01977539, 1481.36999512, 502.348693848, 1026.82312012, 879.589355469, 652.236877441, 468.630981445, 847.445739746, 1532.02722168, 847.204833984, 238.819580078, 88.8575592041, 155.738479614, 42.1861114502, 0.902772784233, 0.0174467135221, 0.000550990749616, 6.99580368746e-06, 5.02676034131e-09], "mean": [0.118272937834, 1.34350466728, 3.8766014576, 5.05017089844, 6.95398902893, 10.9739646912, 14.8606100082, 23.8864936829, 22.7905654907, 34.5905189514, 45.5456390381, 36.8524742126, 51.4240455627, 42.5304489136, 47.0863990784, 40.0430526733, 48.987197876, 59.9151000977, 65.2448196411, 41.6346740723, 34.0617904663, 57.3477516174, 36.8351287842, 20.2111663818, 24.5938072205, 18.5224895477, 14.3748216629, 9.08791351318, 9.65044498444, 10.5757513046, 7.99935293198, 4.53499889374, 2.63264393806, 2.77686309814, 1.4524487257, 0.231564924121, 0.0315352901816, 0.00478932959959, 0.000512906874064, 5.69441872358e-05]}, "spectral_strongpeak": {"dmean2": 1.12197709084, "median": 0.461240053177, "min": 0, "dvar2": 2.91255450249, "dvar": 1.18908452988, "dmean": 0.649060189724, "max": 10.5719814301, "var": 1.97624075413, "mean": 1.04812407494}, "spectral_energy": {"dmean2": 0.0109363039955, "median": 0.0334217920899, "min": 9.91500122016e-21, "dvar2": 0.000124951082398, "dvar": 5.55231817998e-05, "dmean": 0.00722581334412, "max": 0.0875049009919, "var": 0.000190672770259, "mean": 0.0329937785864}, "average_loudness": 0.967079102993, "spectral_rolloff": {"dmean2": 726.732116699, "median": 1528.85742188, "min": 21.533203125, "dvar2": 1460482, "dvar": 831258.5, "dmean": 464.060119629, "max": 19789.0136719, "var": 5174660, "mean": 1926.33483887}, "spectral_centroid": {"dmean2": 347.796630859, "median": 1467.11291504, "min": 124.392089844, "dvar2": 192343.53125, "dvar": 102767.367188, "dmean": 239.441467285, "max": 11859.5458984, "var": 1226401.5, "mean": 1611.87573242}, "pitch_salience": {"dmean2": 0.101481221616, "median": 0.574075579643, "min": 0.0325434245169, "dvar2": 0.00780214928091, "dvar": 0.00309590669349, "dmean": 0.0622934177518, "max": 0.914781451225, "var": 0.0133675942197, "mean": 0.565642356873}, "spectral_energyband_middle_high": {"dmean2": 0.00412482162938, "median": 0.00765914516523, "min": 1.14998400958e-21, "dvar2": 2.51967794611e-05, "dvar": 1.19051319416e-05, "dmean": 0.00280685070902, "max": 0.0503636300564, "var": 5.21603069501e-05, "mean": 0.00933137256652}, "spectral_contrast_coeffs": {"dmean2": [0.0831354707479, 0.0767727866769, 0.0625736638904, 0.0492507852614, 0.034354545176, 0.0294702071697], "median": [-0.654613018036, -0.72764980793, -0.760674655437, -0.772120475769, -0.773865103722, -0.764797866344], "min": [-0.994974434376, -0.979702949524, -0.98470467329, -0.983906745911, -0.980919182301, -0.977152943611], "dvar2": [0.00486792623997, 0.00361301098019, 0.00250407285057, 0.00155925448053, 0.000754857435822, 0.000697913870681], "dvar": [0.00184381497093, 0.00138645572588, 0.000975653296337, 0.000689602806233, 0.000314655684633, 0.000276851205854], "dmean": [0.0508454069495, 0.0468257218599, 0.0383938923478, 0.031045364216, 0.021276878193, 0.0182367712259], "max": [-0.343872189522, -0.428195029497, -0.48859295249, -0.555938720703, -0.629998028278, -0.629192590714], "var": [0.00626850361004, 0.00658866856247, 0.00444530369714, 0.00409094849601, 0.00195744307712, 0.00175649416633], "mean": [-0.654136240482, -0.720877945423, -0.756569087505, -0.765917420387, -0.772867739201, -0.767139017582]}, "melbands_skewness": {"dmean2": 0.750654280186, "median": 1.79329574108, "min": -3.1975607872, "dvar2": 0.717790782452, "dvar": 0.319473415613, "dmean": 0.490526527166, "max": 19.567445755, "var": 2.15518808365, "mean": 2.05316162109}, "spectral_spread": {"dmean2": 728146.5, "median": 3970451.5, "min": 2007687.25, "dvar2": 1083810250750.0, "dvar": 583087161344, "dmean": 478814.25, "max": 42761516, "var": 13737818849300.0, "mean": 4567121.5}, "dissonance": {"dmean2": 0.0249754749238, "median": 0.475627064705, "min": 0.33495426178, "dvar2": 0.000567546230741, "dvar": 0.000207000077353, "dmean": 0.0148703102022, "max": 0.5, "var": 0.000508198572788, "mean": 0.469892114401}, "spectral_skewness": {"dmean2": 0.251399576664, "median": 1.51658093929, "min": -0.136530071497, "dvar2": 0.0505197383463, "dvar": 0.0230027977377, "dmean": 0.158375307918, "max": 3.12621283531, "var": 0.169833123684, "mean": 1.49885332584}, "spectral_flux": {"dmean2": 0.032109901309, "median": 0.0895990505815, "min": 6.53852666455e-11, "dvar2": 0.000949477951508, "dvar": 0.000437991198851, "dmean": 0.0209784433246, "max": 0.214132353663, "var": 0.00158601265866, "mean": 0.0913694724441}, "spectral_contrast_valleys": {"dmean2": [0.608800053596, 0.558126568794, 0.499839991331, 0.419791728258, 0.331983417273, 0.412325054407], "median": [-6.83092355728, -6.32170677185, -6.77589988708, -7.1899061203, -7.00370979309, -9.78847789764], "min": [-28.2437763214, -27.9251003265, -27.9112243652, -27.6198730469, -27.4580669403, -27.3876743317], "dvar2": [0.248632147908, 0.20674584806, 0.179374575615, 0.145637452602, 0.107789546251, 0.235384270549], "dvar": [0.114966221154, 0.099374204874, 0.0971123129129, 0.0884842127562, 0.0777465105057, 0.134561926126], "dmean": [0.37889572978, 0.339620888233, 0.312746077776, 0.272798806429, 0.235038533807, 0.291331261396], "max": [-5.21783351898, -4.88647556305, -5.16715574265, -5.69844245911, -5.43299436569, -6.86643981934], "var": [4.69856595993, 5.07706308365, 5.09221315384, 4.9339017868, 4.8828997612, 4.11779403687], "mean": [-7.17343902588, -6.66431665421, -7.11227178574, -7.49964046478, -7.34580516815, -10.0309772491]}, "erbbands_flatness_db": {"dmean2": 0.0216237064451, "median": 0.152939662337, "min": 0.0220725964755, "dvar2": 0.000414047710365, "dvar": 0.000204415424378, "dmean": 0.0144697166979, "max": 0.306650280952, "var": 0.00112309120595, "mean": 0.154455929995}, "spectral_energyband_high": {"dmean2": 0.000969172280747, "median": 0.000545676099136, "min": 7.10731515323e-21, "dvar2": 7.57978250476e-06, "dvar": 4.88515615871e-06, "dmean": 0.00073094770778, "max": 0.0458116680384, "var": 1.52038437591e-05, "mean": 0.00151194690261}, "spectral_entropy": {"dmean2": 0.169924870133, "median": 7.67900419235, "min": 5.49753808975, "dvar2": 0.0296095274389, "dvar": 0.0160586033016, "dmean": 0.11930847913, "max": 9.82904720306, "var": 0.180016249418, "mean": 7.67507076263}, "silence_rate_20dB": {"dmean2": 0, "median": 1, "min": 1, "dvar2": 0, "dvar": 0, "dmean": 0, "max": 1, "var": 0, "mean": 1}, "melbands_flatness_db": {"dmean2": 0.0298644565046, "median": 0.166481882334, "min": 0.0033132636454, "dvar2": 0.000830206437968, "dvar": 0.000382046884624, "dmean": 0.0197847690433, "max": 0.60192745924, "var": 0.0052579860203, "mean": 0.175555050373}, "barkbands": {"dmean2": [0.000366996682715, 0.004825275857, 0.00242864643224, 0.00200157961808, 0.00347945583053, 0.00194387603551, 0.00115920300595, 0.00175806530751, 0.00132336025126, 0.00141989707481, 0.00103918858804, 0.000793481187429, 0.00095040287124, 0.00104937166907, 0.000865556881763, 0.000511252612341, 0.000835602812003, 0.00040362396976, 0.000329800910549, 0.000305302120978, 0.000212242026464, 0.000214436091483, 0.000246521522058, 0.000156889873324, 0.000221602749662, 2.60654687736e-05, 3.15581905852e-06], "median": [8.1960708485e-05, 0.00350205716677, 0.00213877437636, 0.00103098666295, 0.00170690822415, 0.00140373269096, 0.000743187963963, 0.000982344849035, 0.000839285436086, 0.000859438499901, 0.000548887124751, 0.000302866857965, 0.000457535788883, 0.000435021705925, 0.000429130566772, 0.000306976609863, 0.000675470335409, 0.0003593864094, 0.00030862443964, 0.000227044831263, 0.000119165604701, 7.84619405749e-05, 5.63512658118e-05, 4.57594287582e-05, 3.46280903614e-05, 5.5800987866e-06, 3.32643708134e-07], "min": [9.39834091338e-26, 1.16377375574e-24, 2.25774475986e-24, 3.29868025089e-24, 5.47522716334e-24, 9.66465601625e-24, 1.48809074414e-24, 3.35662839526e-24, 1.47311932773e-23, 2.15880148639e-23, 2.10450292811e-23, 2.00541158545e-23, 2.78486201116e-23, 4.52470767494e-23, 5.17694197346e-23, 4.73328281383e-23, 7.57208460933e-23, 9.90431905901e-23, 1.37822418866e-22, 1.26572277859e-22, 2.43614131484e-22, 3.68660651378e-22, 4.20089030766e-22, 6.22015384884e-22, 8.63866052525e-22, 1.42850587983e-21, 1.96235615047e-21], "dvar2": [5.44744182207e-07, 5.32850099262e-05, 8.33272315504e-06, 1.0691762327e-05, 3.85252351407e-05, 7.41185886e-06, 3.23515951095e-06, 9.01398834685e-06, 7.14405223334e-06, 6.23028063274e-06, 4.79185382574e-06, 2.87877719529e-06, 3.57224416803e-06, 4.49192339147e-06, 2.5905496841e-06, 1.02161868654e-06, 1.74757508375e-06, 4.37910841811e-07, 3.05261494304e-07, 3.42100236139e-07, 2.92968820759e-07, 4.97947098665e-07, 8.86295879354e-07, 3.03067849927e-07, 9.14921315598e-07, 1.42989842189e-08, 1.71027234042e-10], "dvar": [2.34222071072e-07, 2.10965135921e-05, 3.34735022989e-06, 4.06028493671e-06, 1.47048585859e-05, 3.26594818034e-06, 1.40744361943e-06, 4.1782518565e-06, 2.86433873953e-06, 2.61255763689e-06, 2.32606703321e-06, 1.27125758809e-06, 1.66154563885e-06, 1.82534415671e-06, 1.17389890875e-06, 5.24562040027e-07, 7.3930544886e-07, 1.7894601001e-07, 1.37055778282e-07, 1.75184908358e-07, 1.43953982956e-07, 2.81189102225e-07, 4.83226131109e-07, 1.66263760093e-07, 4.83779842853e-07, 7.20178894298e-09, 9.33230714928e-11], "dmean": [0.000226654592552, 0.00300653278828, 0.00146892305929, 0.00120304885786, 0.00208856607787, 0.00123767391779, 0.000732256856281, 0.00119500001892, 0.000828168937005, 0.000886231020559, 0.000685905280989, 0.000518250686582, 0.000614598917309, 0.00067520106677, 0.00056354951812, 0.000338471319992, 0.000543381785974, 0.000258239510003, 0.000216629341594, 0.000207866818528, 0.000145310114021, 0.000151564236148, 0.000178659523954, 0.000109804001113, 0.000150427295011, 1.81538271136e-05, 2.1072914933e-06], "max": [0.014006992802, 0.0530339851975, 0.0371692925692, 0.0397870838642, 0.0499892681837, 0.0415854118764, 0.0218197740614, 0.0390660092235, 0.037454854697, 0.0328319482505, 0.0450627319515, 0.021767789498, 0.0413575284183, 0.0224866885692, 0.0226781722158, 0.0156990643591, 0.0169642549008, 0.00999206956476, 0.00957156717777, 0.0134872840717, 0.00953994784504, 0.0124662406743, 0.014329360798, 0.0149210439995, 0.0229405332357, 0.00366535037756, 0.000464523414848], "var": [2.86392548787e-07, 3.32582167175e-05, 1.54357603606e-05, 5.53766403755e-06, 1.49396000779e-05, 1.25418500829e-05, 4.58459862784e-06, 1.16253113447e-05, 5.57871317142e-06, 4.61169065602e-06, 7.91312959336e-06, 2.85258306576e-06, 4.06892377214e-06, 3.72571184926e-06, 3.04041782329e-06, 1.23248923956e-06, 1.37640029152e-06, 3.93374051555e-07, 3.25582078631e-07, 4.15061094827e-07, 3.08945146799e-07, 8.16934687009e-07, 1.15797763556e-06, 3.61908604418e-07, 9.72618636297e-07, 1.19103296115e-08, 1.90496340924e-10], "mean": [0.00024031160865, 0.00534631125629, 0.00345024024136, 0.00177105679177, 0.00292878691107, 0.00266330945306, 0.00154753564857, 0.00224792049266, 0.00146924343426, 0.00153793906793, 0.00128900934942, 0.000837652594782, 0.00111786776688, 0.00115288246889, 0.00104048207868, 0.00059772626264, 0.00103769334964, 0.000557707215194, 0.000476368266391, 0.000402868376113, 0.000272009317996, 0.000281970773358, 0.000294920464512, 0.000176395231392, 0.000227498050663, 2.55792929238e-05, 2.57545025306e-06]}, "erbbands_skewness": {"dmean2": 0.449331969023, "median": 0.0670743435621, "min": -3.32017183304, "dvar2": 0.180213302374, "dvar": 0.0854725837708, "dmean": 0.300793558359, "max": 5.59272575378, "var": 0.482969045639, "mean": 0.0578813329339}, "erbbands_spread": {"dmean2": 9.19807338715, "median": 31.9287528992, "min": 5.30606603622, "dvar2": 103.831848145, "dvar": 46.6603775024, "dmean": 6.02615594864, "max": 128.820388794, "var": 177.569442749, "mean": 33.7248077393}, "melbands_kurtosis": {"dmean2": 5.52221059799, "median": 3.53352856636, "min": -1.76499664783, "dvar2": 288.179840088, "dvar": 115.377441406, "dmean": 3.55117249489, "max": 484.88394165, "var": 717.096374512, "mean": 9.17316627502}, "melbands": {"dmean2": [0.00123130052816, 0.0013369693188, 0.000809773278888, 0.00084197166143, 0.000453253189335, 0.000383464066545, 0.000230671750614, 0.000328853959218, 0.000254246726399, 0.000204347379622, 0.000227639175137, 0.000145940080984, 0.000139593568747, 9.38017983572e-05, 9.332