{"tonal": {"thpcp": [1, 0.668347895145, 0.527856588364, 0.514367818832, 0.348401218653, 0.305644452572, 0.312666445971, 0.31128141284, 0.646133482456, 0.772635579109, 0.388148546219, 0.160936906934, 0.141521647573, 0.229000240564, 0.612065374851, 0.727567136288, 0.398658007383, 0.362713813782, 0.403572618961, 0.28308480978, 0.342425376177, 0.380609542131, 0.320320993662, 0.570503652096, 0.669405400753, 0.448798000813, 0.367253243923, 0.252252876759, 0.23670373857, 0.630946099758, 0.735969603062, 0.386515110731, 0.391224056482, 0.525629341602, 0.52167057991, 0.833158969879], "hpcp": {"dmean2": [0.281028181314, 0.216023564339, 0.193773433566, 0.175679981709, 0.167602136731, 0.173061907291, 0.205872759223, 0.207499831915, 0.166372030973, 0.120500847697, 0.108482979238, 0.133259370923, 0.188542991877, 0.206921860576, 0.177071526647, 0.151857271791, 0.143585056067, 0.144713789225, 0.157591447234, 0.153678640723, 0.145086616278, 0.163262680173, 0.161177381873, 0.184788808227, 0.197374865413, 0.137828856707, 0.130672931671, 0.210743278265, 0.207045257092, 0.170031130314, 0.256454855204, 0.308350175619, 0.334082394838, 0.380068212748, 0.392945379019, 0.359827816486], "median": [0.0177644826472, 0.0099539058283, 0.0102746030316, 0.0113878361881, 0.0111623536795, 0.0169773530215, 0.0346663482487, 0.0382819920778, 0.0212853699923, 0.00642337044701, 0.0045053679496, 0.00873889122158, 0.0288968496025, 0.0374985821545, 0.0276962667704, 0.00878148246557, 0.00614010542631, 0.0111481267959, 0.0216717142612, 0.0230885222554, 0.0209458936006, 0.0201950203627, 0.0190295930952, 0.0229550581425, 0.00942450109869, 0.0059397732839, 0.0143675170839, 0.0459928251803, 0.0556232407689, 0.0294200778008, 0.00738660246134, 0.00647355662659, 0.0228713545948, 0.0671977773309, 0.0863684490323, 0.0537128560245], "min": [0, 0, 0, 0, 0, 0, 0, 0, 0, 0, 0, 0, 0, 0, 0, 0, 0, 0, 0, 0, 0, 0, 0, 0, 0, 0, 0, 0, 0, 0, 0, 0, 0, 0, 0, 0], "dvar2": [0.170551598072, 0.13634686172, 0.120875716209, 0.113088674843, 0.100949667394, 0.0942893996835, 0.100845746696, 0.102643966675, 0.0839927494526, 0.0751800090075, 0.0643532425165, 0.0724224150181, 0.0913917645812, 0.100128777325, 0.0871215313673, 0.0843788087368, 0.0824974253774, 0.0724633261561, 0.0763105899096, 0.0707548111677, 0.063639767468, 0.0733845829964, 0.0738151445985, 0.0810517966747, 0.128256961703, 0.0654269978404, 0.0595981776714, 0.0896581634879, 0.0806446075439, 0.057782586664, 0.172010734677, 0.196784764528, 0.201014667749, 0.204024195671, 0.214362293482, 0.210125550628], "dvar": [0.0603416077793, 0.0502600036561, 0.0440545789897, 0.0417285263538, 0.0375861562788, 0.034274995327, 0.0400030165911, 0.045210134238, 0.0311196204275, 0.0264199990779, 0.0226685851812, 0.0256618708372, 0.0385409928858, 0.0440239347517, 0.032267536968, 0.0330535769463, 0.0341028310359, 0.0276112817228, 0.0296274889261, 0.0274874716997, 0.0239026360214, 0.0307523794472, 0.0332030728459, 0.0309126675129, 0.048370283097, 0.0242777075619, 0.0214898567647, 0.0366844944656, 0.0364323295653, 0.0225771386176, 0.0690457597375, 0.0908127352595, 0.0724316164851, 0.0729996562004, 0.0791844651103, 0.0750521570444], "dmean": [0.152603060007, 0.118973858654, 0.107180252671, 0.0976131185889, 0.0929907783866, 0.0959493741393, 0.122879363596, 0.126215532422, 0.095396630466, 0.0639826953411, 0.0574240647256, 0.0735849142075, 0.112912371755, 0.124007858336, 0.101728945971, 0.0868474021554, 0.0825201719999, 0.0815528258681, 0.091002419591, 0.0889976471663, 0.0830843448639, 0.09847047925, 0.0965037569404, 0.105329088867, 0.107907228172, 0.0751081109047, 0.0726862251759, 0.126349031925, 0.126596137881, 0.0983929783106, 0.144233837724, 0.169947564602, 0.180625244975, 0.209338501096, 0.218194171786, 0.196152687073], "max": [1, 1, 1, 1, 1, 1, 1, 1, 1, 1, 1, 1, 1, 1, 1, 1, 1, 1, 1, 1, 1, 1, 1, 1, 1, 1, 1, 1, 1, 1, 1, 1, 1, 1, 1, 1], "var": [0.0617921352386, 0.0717043653131, 0.0393663346767, 0.0348497480154, 0.0373782403767, 0.0279429461807, 0.0700936093926, 0.0981148257852, 0.0322901271284, 0.0158859230578, 0.0135271111503, 0.0192657578737, 0.0742838233709, 0.092614069581, 0.0313570871949, 0.0474975965917, 0.0623406022787, 0.0251347403973, 0.0310477744788, 0.0356381349266, 0.0237356312573, 0.0702441856265, 0.0957994386554, 0.038767144084, 0.0457288920879, 0.0218687076122, 0.0164161678404, 0.0606671236455, 0.0785030052066, 0.0270103719085, 0.0554874278605, 0.0847102329135, 0.0587320216, 0.0871206000447, 0.113383747637, 0.0671114549041], "mean": [0.138465434313, 0.134927108884, 0.0913913473487, 0.0801755413413, 0.0820175260305, 0.0816542133689, 0.169491395354, 0.202674970031, 0.101817719638, 0.042216386646, 0.0371234454215, 0.060070514679, 0.160554766655, 0.19085277617, 0.104574523866, 0.0951457768679, 0.105863705277, 0.0742577835917, 0.089823782444, 0.0998401120305, 0.0840254426003, 0.149652451277, 0.175595998764, 0.117727063596, 0.09633654356, 0.0661700591445, 0.062091268599, 0.165507495403, 0.193056881428, 0.101389244199, 0.102624475956, 0.137881189585, 0.136842742562, 0.218551248312, 0.262316375971, 0.175318598747]}, "tuning_equal_tempered_deviation": 0.227595746517, "chords_changes_rate": 0.0363636352122, "key_key": "A", "tuning_diatonic_strength": 0.419069319963, "key_scale": "major", "chords_number_rate": 0.00235294108279, "tuning_frequency": 434.193115234, "tuning_nontempered_energy_ratio": 0.962102472782, "chords_histogram": [0.363636374474, 4.72727251053, 23.0588226318, 3.05882358551, 14.3529415131, 0, 10.0320854187, 3.44385027885, 18.7593574524, 0.427807480097, 0.342245995998, 0, 0, 0, 0, 0.513368964195, 0, 0, 0, 1.26203203201, 0, 1.06951868534, 15.0588235855, 3.52941179276], "key_strength": 0.546577274799, "chords_key": "E", "chords_strength": {"dmean2": 0.00959188956767, "median": 0.576004862785, "min": 0.296934664249, "dvar2": 6.93306938047e-05, "dvar": 6.96556162438e-05, "dmean": 0.00980536732823, "max": 0.801830708981, "var": 0.00810645334423, "mean": 0.568291842937}, "chords_scale": "major", "hpcp_entropy": {"dmean2": 1.12472212315, "median": 1.84473073483, "min": 0, "dvar2": 0.833890736103, "dvar": 0.305903792381, "dmean": 0.65636485815, "max": 4.26141357422, "var": 0.504906415939, "mean": 1.82192218304}}, "metadata": {"audio_properties": {"equal_loudness": 0, "codec": "mp3", "downmix": "mix", "sample_rate": 44100, "analysis_sample_rate": 44100, "bit_rate": 192023, "md5_encoded": "4c7e97044c9ec0f3675ad98160feef19", "length": 217.025299072, "replay_gain": -4.59889411926, "lossless": false}, "version": {"essentia_build_sha": "2d9f1f26377add8aeb1075a9c2973f962c4f09fd", "essentia": "2.1-beta2", "extractor": "music 1.0", "essentia_git_sha": "v2.1_beta2-1-ge3940c0"}, "tags": {"title": ["Mit Dir teil ich einen Traum"], "language": ["ger"], "acoustid_fingerprint": ["AQADtEoiWYmSJEGYF3o2NDzqKUF3If0CS-gphENTFV0z-IQewjgJ8dA3eEefBbXgRwlyHo1CCZ2WBR6lC3nYwXrxbfAv5CWsY3qGTtFyNA-FrgjzQusCq4GPrke4BmEu9PBF1Du09OiVo7_QnEEf5fDD40fD9dCew69x5bD0I0d6XISyPKioI3wGP8QPn7AaVEf4ww-0D4WrLMe9oDnRLoQPWVHkoTlL9IHPI3yiEOEHf7B04zy8H30i9Ic1RQly0mg4ycJDNJOOh_CPe3B-nFmM9BwFRVaGhutxBT5CeUGfHelD6CuaE30GH-GH5kf40Ghe9EF_aJFWdA3E93gD8WiJ-g62H-IPPXAP7USh5aWEPg_S41RooXnRJ0fzIlcs9PDI4MoIPxBzdGGO6zg-8IcnJ8dHC1J79EeeoRZT9EGYB_vhTUugE48zNPlxouGyHEc4D81TPBfaBSV3oF-OZseH5si1wjyiw0f4C80RnkRzdJ3QNYiU10Kfozn0Hc2HS4YvtAuaoyd6pJqKB_5kpFx4TOdRK0dzRnjQBFd2-Eefo0czlrgi9DlOaGRJxNGyg9GJM0Z_PGieB32WHj-O5NkRWowMJlyOP2hOomsWoPmOi4QrVK6KSHKeIUyoOuiD5qHQs2hi4lIWBx1-JD1yZsePiyF6dO3RxNlxoXkWtEeTcehl1AphHSesKQv6I8wP7dERvmgY5eiKKeOFXAqStSt-MLyETxd6Hx4jJORORObhZ2GEbr6QKyKS_dhToxlbPBkP3kOyRwizX3hGo7nGIG9yJEueo8xyohmZ43bQJA2LCsmPMM-O_gpOBmWPSbmIJk-GfjLyHFoeIzz8DyfaE02OnkLTLbjR89ge44SlHX5WhC-0ZxBj4gqNMNna4Tma96i3o3t8NP8Qliu2NzBJo4e2QkscIrR2NO8RPkjt48rQ_IipQMt1hOcxRTqDXsF1lAzRRVdE_ENzBp2iHGl9JF9Aws8CHq6yHD3RdIuB5jz6KDH6o1GzHB-aKhmeozlj4T08ZkFOI5l-NFdRb0YT8fgYNAqzw0f_oU-ItDpEhYlStEfRnDjhCzqa5yglzNQOh-PRJ9HRMI2PZ6h0TNFxdTF-SOqO64iO92gq5piNMD_4hBrUPMKl1IjkozlyHVqO8FqCH2F6o7JU6EM_IwyH_8H2IH_gOIPOwM8RWSr87MGPZpqE8CiZoTlROUeYijp-NEevYEokDn179GDio_KPa47Q74jOQuvg_YNP1A5uGorItEiz4Rk8Hn52gVl9hE8EMQhZRWh-MM_Q3GgZJUYILZN4RHp4OA4ZnIfH48ssPEfCSkc06hQuefgqC34QZotxQc-RJc8q4S3CRB--SGg44kwEHzZ6HoefKMZPNM-CrsQbHc0DnoGd4NrRxMEroc8Oxx2a53jQH85BqUM_NB3RTnpwFo4TpdCJ1M1xGr0a-JzgiDmYC90RJg_0G2Ef8IlQFvm1oXkPjVJGDT3MH1uc4-Yhckf144kOzSYeHdVHNCfCLqgfNL-RB1aJ09C0hS-aI0yVHP3Wog_RlHgWNDyeowmFX2h3NI-CLVeOS-AaM2j-4D32LqgVHPkOR72hHWFiZsWF8LmgZc2DvMTU48yMvhrOI70OXQrC5fDDHJaGPkMRJn6hMwua-shLGpcMcznS89AVbUgv9MrRvEKeoIkkFjryg8mt4lZCWEUfomEEP7rRWwh_NF_wo-GyGF2JRs2CPgt6cmgeHtoYNA-hi2ieyAKjD99R-Qi7HPnRToqhJc7Qg8kYhUMNb8nB7YIWheFx09DiolZ25DpKMiMqZxrxHfXRPER-o6nR82g0g8-Or0caR_B4hE909A_ESRnMFaFcPGFWNDPC58P2CA_sKUO-ww-xZ2gcvqgV4luP5tbQF2HW5UUPnTlc4UoUIs9x5_iP5kUXLT_6C41MNJ2O_riUI3WEkzoSfhj3onnQtRNOfIc5Pjjyo4_QcBp-D-EeuCKqM0dJHsVzY0qFyswNi8kRf4WeHY-Oq3nQvMSjHH5miP9QSdLx5US5A59kWDM0sscjOMcRZm_wEc2PXJgyEu2yHA96Qv0R_niHWtmD5sGP43nwoCGH4phyIt9EWMcF69Ceo1HRh-iK5kXXQMuLPoOfCz2NJshJIs1uKHpoVIbP4_wRhsvR7_CRN4Z44z9ch4j0Izy0_OhzpBXxo_lwiUF1Im909Ic0H2HmVWhI_ImG83CV6biY46dR3B--LAhzJDcq6hOYPEuKHtblwtrRD0eyH82DyYN5C9dmiGnRZ0EpQT-O7uh5XB9CZsUR5kfoEZeC8MfJ4E10-HizANYUGj2a5-iao9OgZTz6kEMq7DnhnhH8g2H84fyEfj_CHNrtQxyjxMKzO9Dyqbgy9JKRqonyIWSegxMj4xe0p2gi0pCT9egjSkKYJwp-NBFZolmW415wH36O3EZy9IoinHuOLc5QBe0OV6HwH8lyGuGPZseX4RuaJA8-GGUpFH6QY1PxBY1aaGvgCz_MoOfRHJqH7oT4QxaHtKoPPxbaFXfQ4DS2E18pJLyHXAoxJS--6Ef548mJcDp0Cc2zFP1C9ISWh6gRhmQTNM6FPjx6NJK0I9CszAjzGv1xtFGOS0a-MIMYZzilo3GiBK70oXIWKrh-iBl3PNMGjYS7w08RHo5YPAsa3QaAgBQEIKOIEEARoIxAQBgBAABIEaMAIQoAAYBgQAgFkBGCKWeIAAwBTAwiAAAABACCCuEAIUIwwRBTQAhFgEBAACCAUAQRAYRAQAgDBAIIEQKEAgAAoRhAwCAgECMGGCOMApYZZIxhgiFGBAGCISCQIkYTDYRSiiBnAMEMCGEEYEgAJZBAAjFhGDHMACEYY8gQIJFwQgggiFNEACMAFoQAgAgTSCjihDHCIYaAIsAAwBgwAhghCBEAIeAEUkgwASRRhBBpBEAOWCEEAAwBIRBzSiACEAJEACOcQoAAIgShCggGkFCAMAGIEIYwRoAwCkBEDSSKIOYEEgYowAAQThBgoFJCLUUMIARYbAACzBpChBBACAQUAAYwgICggAAglCCECGMAAAwAoARAAgnBGEGGCQMcAAgRwAgSlAADmAAAAYKIEAIYahAgQADCFBKWGKIcUQQIJRgUwiLCBAMCMGAkE8oIwSBTAloBFBJCMUSJIgQRIQAkhDlCFASAGEAEM4AQDIhCXCFABCBKASEEEEAAApAThgJrEmIAMGSQQoAQQYgRTAABgQDAMIKMAAgpIYBAkAhhAAAGAAQEIwgAIQBDBlgABRESMMMIkAgpJQgATABggAFKCWadQYgwIJYxBAmAHGLMUA-IcUYYAYAwgDAjhABAGGEAQAAwQjBgAjkjiAGAIEYEEgIBAhAyAhlgDSCAECSUUEYCgggUSTBEiABWCEAVEogA4QwBBAghACEACeEAMwIJwKChCCLBoCEAMEIAUIIYLhBQRjlDhDIIAACcQkYgBIQBTDALhABCAEYAIRIwQQAQAAKKACkA"], "date": ["2015"], "genre": ["Schlager"], "musicbrainz_releasegroupid": ["ab77dc8b-859a-4d64-b0c2-b4f8af8564d4"], "musicbrainz album type": ["Album"], "musicbrainz_recordingid": ["08e76a15-6a5d-4fa2-964e-4ea44156e1a5"], "artistsort": ["Alfinito, Daniela"], "musicbrainz album release country": ["DE"], "musicbrainz_albumartistid": ["c888ceb8-2f81-483d-9ddc-25f60c264113"], "musicbrainz_albumid": ["f3650060-9a8e-4f74-b4f4-0e75d4ec110d"], "artist": ["Daniela Alfinito"], "tracknumber": ["11"], "bpm": ["112.00"], "album": ["Ein bisschen sterben"], "label": ["Telamo"], "acoustid_id": ["3cc8eadd-8298-4506-b626-510f5942198c"], "musicbrainz_artistid": ["c888ceb8-2f81-483d-9ddc-25f60c264113"], "file_name": "Daniela Alfinito - Mit Dir teil ich einen Traum.mp3"}}, "rhythm": {"bpm_histogram_first_peak_bpm": {"dmean2": 0, "median": 112, "min": 112, "dvar2": 0, "dvar": 0, "dmean": 0, "max": 112, "var": 0, "mean": 112}, "bpm": 112.010391235, "bpm_histogram_second_peak_spread": {"dmean2": 0, "median": 0, "min": 0, "dvar2": 0, "dvar": 0, "dmean": 0, "max": 0, "var": 0, "mean": 0}, "bpm_histogram_first_peak_weight": {"dmean2": 0, "median": 0.813895761967, "min": 0.813895761967, "dvar2": 0, "dvar": 0, "dmean": 0, "max": 0.813895761967, "var": 0, "mean": 0.813895761967}, "onset_rate": 3.97628211975, "beats_position": [0.487619042397, 0.99845802784, 1.53251695633, 2.06657600403, 2.60063481331, 3.13469386101, 3.66875267029, 4.20281171799, 4.73687076569, 5.27092981339, 5.80498838425, 6.33904743195, 6.87310647964, 7.41877555847, 7.96444416046, 8.498503685, 9.03256225586, 9.56662082672, 10.1006803513, 10.6347389221, 11.1687984467, 11.7028570175, 12.2369155884, 12.7709751129, 13.3050336838, 13.8390922546, 14.3731517792, 14.9188203812, 15.4644899368, 15.9985485077, 16.5326080322, 17.0666656494, 17.600725174, 18.1347846985, 18.6688423157, 19.2029018402, 19.7369613647, 20.2710208893, 20.8050785065, 21.339138031, 21.8731975555, 22.4188652039, 22.9645347595, 23.4985942841, 24.0326519012, 24.5667114258, 25.1007709503, 25.6348285675, 26.168888092, 26.7029476166, 27.2370071411, 27.7710647583, 28.3051242828, 28.8391838074, 29.3732414246, 29.9073009491, 30.4529705048, 30.9986381531, 31.5326976776, 32.0667572021, 32.6008148193, 33.1348762512, 33.6689338684, 34.2029914856, 34.7370529175, 35.2711105347, 35.8167800903, 36.3508377075, 36.8965072632, 37.4305648804, 37.9646263123, 38.4986839294, 39.0327415466, 39.5668029785, 40.1008605957, 40.6349182129, 41.1689796448, 41.703037262, 42.2370948792, 42.771156311, 43.3052139282, 43.8392753601, 44.3849411011, 44.9306106567, 45.4646720886, 45.9987297058, 46.532787323, 47.0668487549, 47.6009063721, 48.1349639893, 48.6690254211, 49.2030830383, 49.7371406555, 50.2712020874, 50.8052597046, 51.3393173218, 51.8849868774, 52.4190483093, 52.9647140503, 53.4987754822, 54.0328330994, 54.5668907166, 55.1009521484, 55.6350097656, 56.1690673828, 56.7031288147, 57.2371864319, 57.7712478638, 58.305305481, 58.8393630981, 59.37342453, 59.9074821472, 60.4415397644, 60.9872093201, 61.5328788757, 62.0669364929, 62.6009979248, 63.135055542, 63.6691131592, 64.2031707764, 64.7372360229, 65.2712936401, 65.8053512573, 66.3394088745, 66.8734664917, 67.4075241089, 67.9531936646, 68.4988632202, 69.0329208374, 69.566986084, 70.1010437012, 70.6351013184, 71.1691589355, 71.7032165527, 72.2372741699, 72.7713394165, 73.3053970337, 73.8394546509, 74.3735122681, 74.9191818237, 75.4532394409, 75.9989089966, 76.5329666138, 77.0670318604, 77.6010894775, 78.1351470947, 78.6692047119, 79.2032623291, 79.7373199463, 80.2713851929, 80.8054428101, 81.3395004272, 81.8735580444, 82.4076156616, 82.9532852173, 83.4989547729, 84.0330123901, 84.5670700073, 85.1011352539, 85.6351928711, 86.1576385498, 86.7033081055, 87.2373657227, 87.7714233398, 88.3054885864, 88.8395462036, 89.3852157593, 89.9192733765, 90.4649429321, 90.9990005493, 91.5330581665, 92.0671157837, 92.6011810303, 93.1352386475, 93.6692962646, 94.2033538818, 94.737411499, 95.2714691162, 95.8055343628, 96.33959198, 96.8736495972, 97.4077072144, 97.95337677, 98.4990463257, 99.0331039429, 99.5671615601, 100.101219177, 100.635284424, 101.169342041, 101.703399658, 102.237457275, 102.771514893, 103.305580139, 103.839637756, 104.373695374, 104.919364929, 105.465034485, 105.999092102, 106.533149719, 107.067207336, 107.601264954, 108.1353302, 108.669387817, 109.203445435, 109.737503052, 110.271560669, 110.805618286, 111.339683533, 111.87374115, 112.407798767, 112.941856384, 113.475914001, 114.009971619, 114.544036865, 115.089706421, 115.635368347, 116.169433594, 116.703491211, 117.237548828, 117.771606445, 118.305664063, 118.839729309, 119.373786926, 119.919456482, 120.465126038, 120.999183655, 121.533241272, 122.067298889, 122.601356506, 123.135414124, 123.66947937, 124.203536987, 124.737594604, 125.271652222, 125.805709839, 126.339767456, 126.873832703, 127.40789032, 127.953559875, 128.499221802, 129.033279419, 129.567337036, 130.101409912, 130.635467529, 131.169525146, 131.703582764, 132.237640381, 132.771697998, 133.305755615, 133.839813232, 134.37387085, 134.907928467, 135.453598022, 135.98765564, 136.521713257, 137.067382813, 137.601455688, 138.135513306, 138.669570923, 139.20362854, 139.737686157, 140.271743774, 140.805801392, 141.339859009, 141.873916626, 142.407974243, 142.94203186, 143.487701416, 144.033370972, 144.567428589, 145.101501465, 145.635559082, 146.169616699, 146.703674316, 147.237731934, 147.771789551, 148.305847168, 148.839904785, 149.373962402, 149.919631958, 150.465301514, 150.999359131, 151.533416748, 152.067474365, 152.601531982, 153.135604858, 153.669662476, 154.203720093, 154.73777771, 155.271835327, 155.805892944, 156.339950562, 156.874008179, 157.408065796, 157.942123413, 158.487792969, 159.033462524, 159.567520142, 160.101577759, 160.635650635, 161.169708252, 161.703765869, 162.237823486, 162.771881104, 163.305938721, 163.839996338, 164.374053955, 164.908111572, 165.453781128, 165.999450684, 166.533508301, 167.067565918, 167.601623535, 168.135681152, 168.669754028, 169.203811646, 169.737869263, 170.27192688, 170.805984497, 171.340042114, 171.874099731, 172.408157349, 172.953826904, 173.49949646, 174.033554077, 174.567611694, 175.101669312, 175.635726929, 176.169799805, 176.715454102, 177.237915039, 177.771972656, 178.306030273, 178.828475952, 179.362533569, 179.908203125, 180.442260742, 180.976318359, 181.510375977, 182.044433594, 182.57850647, 183.112564087, 183.635009766, 184.169067383, 184.714736938, 185.248794556, 185.794464111, 186.340133667, 186.874191284, 187.408248901, 187.942306519, 188.476364136, 189.022033691, 189.567703247, 190.101760864, 190.635818481, 191.169876099, 191.703948975, 192.238006592, 192.772064209, 193.306121826, 193.840179443, 194.374237061, 194.908294678, 195.453964233, 195.999633789, 196.533691406, 197.067749023, 197.601806641, 198.135864258, 198.669921875, 199.203994751, 199.738052368, 200.272109985, 200.806167603, 201.34022522, 201.874282837, 202.419952393, 202.965621948, 203.499679565, 204.033737183, 204.5677948, 205.101852417, 205.635910034, 206.169967651, 206.704025269, 207.238098145, 207.772155762, 208.306213379, 208.840270996, 209.374328613, 209.919998169, 210.465667725, 211.022949219, 211.580215454, 212.149108887, 212.694778442, 213.240447998, 213.774505615, 214.296951294, 214.819412231, 215.34185791, 215.864303589, 216.386749268], "beats_loudness": {"dmean2": 0.033419277519, "median": 0.046198964119, "min": 8.75556160906e-09, "dvar2": 0.00100857252255, "dvar": 0.000368710665498, "dmean": 0.0192764624953, "max": 0.1151689291, "var": 0.000549995747861, "mean": 0.0505226738751}, "danceability": 1.29935753345, "bpm_histogram_second_peak_weight": {"dmean2": 0, "median": 0.00248138955794, "min": 0.00248138955794, "dvar2": 0, "dvar": 0, "dmean": 0, "max": 0.00248138955794, "var": 0, "mean": 0.00248138955794}, "beats_count": 404, "bpm_histogram_second_peak_bpm": {"dmean2": 0, "median": 105, "min": 105, "dvar2": 0, "dvar": 0, "dmean": 0, "max": 105, "var": 0, "mean": 105}, "bpm_histogram_first_peak_spread": {"dmean2": 0, "median": 0.182044893503, "min": 0.182044893503, "dvar2": 0, "dvar": 0, "dmean": 0, "max": 0.182044893503, "var": 0, "mean": 0.182044893503}, "beats_loudness_band_ratio": {"dmean2": [0.279339849949, 0.188367277384, 0.145872071385, 0.141990751028, 0.0711262449622, 0.0541721582413], "median": [0.658997654915, 0.132614850998, 0.076761238277, 0.0427460223436, 0.0179410986602, 0.0418043769896], "min": [0.0137787451968, 0.00504937581718, 0.00647823419422, 0.00092778110411, 0.000770547194406, 0.00139078265056], "dvar2": [0.051143027842, 0.024740498513, 0.0226444397122, 0.0315387025476, 0.0108203589916, 0.00313041219488], "dvar": [0.0208505578339, 0.00900358334184, 0.00832416303456, 0.0128060299903, 0.00405778968707, 0.00111876567826], "dmean": [0.173104867339, 0.108101204038, 0.0838739126921, 0.0847944691777, 0.0414144992828, 0.0307228825986], "max": [0.983348190784, 0.648736059666, 0.711028456688, 0.662336289883, 0.56890308857, 0.2263738662], "var": [0.0644231289625, 0.0126967858523, 0.0132391266525, 0.0186817701906, 0.00480073411018, 0.00106904527638], "mean": [0.590224862099, 0.154174253345, 0.11320887506, 0.0997348278761, 0.0460301823914, 0.04597363621]}}, "lowlevel": {"barkbands_spread": {"dmean2": 13.5189027786, "median": 17.4558334351, "min": 0.185745373368, "dvar2": 355.942382813, "dvar": 167.305664063, "dmean": 9.22814178467, "max": 140.573440552, "var": 411.036224365, "mean": 23.1333026886}, "melbands_spread": {"dmean2": 12.3665752411, "median": 15.3828248978, "min": 0.202023714781, "dvar2": 505.422912598, "dvar": 227.129806519, "dmean": 8.08417701721, "max": 274.029327393, "var": 430.686523438, "mean": 19.211397171}, "hfc": {"dmean2": 22.6251926422, "median": 15.8518104553, "min": 1.18542380082e-16, "dvar2": 1992.37316895, "dvar": 942.459716797, "dmean": 15.3377990723, "max": 563.868530273, "var": 1870.73400879, "mean": 30.0929012299}, "barkbands_kurtosis": {"dmean2": 12.9597682953, "median": 3.83266687393, "min": -1.96597719193, "dvar2": 1356.22314453, "dvar": 1000.24743652, "dmean": 10.6607608795, "max": 957.764526367, "var": 3370.13818359, "mean": 19.1552124023}, "gfcc": {"mean": [6.77414035797, 70.0637741089, -76.6823425293, 10.7118330002, -49.4187736511, 15.1108980179, -36.7338943481, 15.5845632553, -21.2891750336, 5.98558807373, -16.6370773315, 6.48639392853, -10.1318836212], "icov": [[0.000103369384306, 0.000108211461338, 6.33275340078e-05, -4.49001636298e-05, -6.52784146951e-05, -6.0278649471e-05, 2.25098647206e-05, -2.58668187598e-05, 0.000145167374285, -7.40786708775e-05, 2.68491785391e-05, -0.000209463134524, 6.90175947966e-05], [0.000108211461338, 0.0010431172559, 0.00050958537031, -0.000360900565283, -0.000908013025764, -0.000184820310096, -0.000141794269439, -2.22414691962e-05, 0.000154189809109, 0.000254206970567, -0.000236323015997, -3.41790000675e-05, 1.13501846499e-05], [6.33275340078e-05, 0.00050958537031, 0.00173198094126, -0.000628067879006, -0.00154828082304, -0.000416275055613, 0.000243355971179, 5.13214690727e-05, -0.000173793407157, 0.000322562787915, 0.00017170139472, -0.000245072849793, 0.000819931679871], [-4.49001636298e-05, -0.000360900565283, -0.000628067879006, 0.00308598252013, 0.000690564804245, 0.000177638372406, 0.000273396959528, -0.00139338662848, -0.000445535057224, -0.000493346073199, -0.000414352514781, 0.000271248572972, -0.00171219173353], [-6.52784146951e-05, -0.000908013025764, -0.00154828082304, 0.000690564804245, 0.00654690526426, 0.00102418370079, -0.00264827464707, 0.000526109244674, -0.00225127348676, -0.000959553872235, 0.00059076101752, -0.00162321410608, 0.00026689239894], [-6.0278649471e-05, -0.000184820310096, -0.000416275055613, 0.000177638372406, 0.00102418370079, 0.00529489619657, -0.00273210019805, -0.000986522180028, 0.000493395491503, -0.00139161921106, -0.00128489581402, 0.00140829209704, -0.000539731467143], [2.25098647206e-05, -0.000141794269439, 0.000243355971179, 0.000273396959528, -0.00264827464707, -0.00273210019805, 0.00811875332147, -0.0014477649238, 5.60508960916e-05, 0.000667845190037, -0.00249158032238, 0.000821130000986, -0.000213630584767], [-2.58668187598e-05, -2.22414691962e-05, 5.13214690727e-05, -0.00139338662848, 0.000526109244674, -0.000986522180028, -0.0014477649238, 0.0125871999189, -0.00465978775173, -0.000203336283448, 0.000419110641815, -0.0036647322122, -0.000163550226716], [0.000145167374285, 0.000154189809109, -0.000173793407157, -0.000445535057224, -0.00225127348676, 0.000493395491503, 5.60508960916e-05, -0.00465978775173, 0.0128000024706, -0.00302155641839, 2.18889235839e-05, 0.00203168648295, -0.00364283262752], [-7.40786708775e-05, 0.000254206970567, 0.000322562787915, -0.000493346073199, -0.000959553872235, -0.00139161921106, 0.000667845190037, -0.000203336283448, -0.00302155641839, 0.0136224562302, -0.00507731642574, -0.000173891239683, 0.000348669796949], [2.68491785391e-05, -0.000236323015997, 0.00017170139472, -0.000414352514781, 0.00059076101752, -0.00128489581402, -0.00249158032238, 0.000419110641815, 2.18889235839e-05, -0.00507731642574, 0.0166027285159, -0.00714310025796, -7.47198919271e-06], [-0.000209463134524, -3.41790000675e-05, -0.000245072849793, 0.000271248572972, -0.00162321410608, 0.00140829209704, 0.000821130000986, -0.0036647322122, 0.00203168648295, -0.000173891239683, -0.00714310025796, 0.019925840199, -0.0052829971537], [6.90175947966e-05, 1.13501846499e-05, 0.000819931679871, -0.00171219173353, 0.00026689239894, -0.000539731467143, -0.000213630584767, -0.000163550226716, -0.00364283262752, 0.000348669796949, -7.47198919271e-06, -0.0052829971537, 0.0181992053986]], "cov": [[11570.9667969, -1229.24133301, -175.122451782, -4.86469173431, -154.439163208, 71.8500213623, -79.5350570679, 2.62480688095, -158.759384155, 73.0837860107, 42.1507720947, 127.999252319, -28.2008934021], [-1229.24133301, 1429.51025391, -174.191329956, 129.613449097, 204.008102417, 86.074005127, 153.571548462, 66.1852493286, 71.4705963135, 34.4823226929, 73.4474868774, 34.4567718506, 49.4482727051], [-175.122451782, -174.191329956, 887.781616211, 133.605697632, 217.775192261, 53.4146690369, 63.0741157532, 47.2849731445, 74.9857940674, 27.1548309326, 14.8894281387, 23.4124469757, -5.80746507645], [-4.86469173431, 129.613449097, 133.605697632, 456.175018311, 40.2020950317, 43.733795166, 36.4066925049, 98.202796936, 82.1618804932, 53.6970558167, 50.3252296448, 39.9506072998, 65.8877182007], [-154.439163208, 204.008102417, 217.775192261, 40.2020950317, 307.954711914, 42.1355781555, 125.153579712, 51.0845146179, 84.8788757324, 47.1918792725, 43.2270317078, 39.9721221924, 20.7975997925], [71.8500213623, 86.074005127, 53.4146690369, 43.733795166, 42.1355781555, 294.473266602, 135.730834961, 58.0413627625, 34.4424514771, 58.299621582, 66.1600723267, 15.1652784348, 21.818611145], [-79.5350570679, 153.571548462, 63.0741157532, 36.4066925049, 125.153579712, 135.730834961, 235.31628418, 62.8812446594, 52.8782997131, 45.5334663391, 68.29662323, 28.082567215, 24.1986808777], [2.62480688095, 66.1852493286, 47.2849731445, 98.202796936, 51.0845146179, 58.0413627625, 62.8812446594, 138.219406128, 73.4195632935, 40.789100647, 40.7393531799, 39.1067619324, 35.2932777405], [-158.759384155, 71.4705963135, 74.9857940674, 82.1618804932, 84.8788757324, 34.4424514771, 52.8782997131, 73.4195632935, 142.696487427, 50.2686576843, 33.1442871094, 22.4645614624, 40.1006584167], [73.0837860107, 34.4823226929, 27.1548309326, 53.6970558167, 47.1918792725, 58.299621582, 45.5334663391, 40.789100647, 50.2686576843, 114.278274536, 56.8857727051, 27.7209854126, 21.4107341766], [42.1507720947, 73.4474868774, 14.8894281387, 50.3252296448, 43.2270317078, 66.1600723267, 68.29662323, 40.7393531799, 33.1442871094, 56.8857727051, 113.198417664, 48.161403656, 25.9257106781], [127.999252319, 34.4567718506, 23.4124469757, 39.9506072998, 39.9721221924, 15.1652784348, 28.082567215, 39.1067619324, 22.4645614624, 27.7209854126, 48.161403656, 82.937713623, 30.8025569916], [-28.2008934021, 49.4482727051, -5.80746507645, 65.8877182007, 20.7975997925, 21.818611145, 24.1986808777, 35.2932777405, 40.1006584167, 21.4107341766, 25.9257106781, 30.8025569916, 78.9960174561]]}, "spectral_energyband_middle_low": {"dmean2": 0.00671513425186, "median": 0.00761476531625, "min": 2.87535129896e-22, "dvar2": 8.47930132295e-05, "dvar": 3.86434439861e-05, "dmean": 0.00444825645536, "max": 0.0916217789054, "var": 0.000106764229713, "mean": 0.0110360234976}, "melbands_crest": {"dmean2": 4.77092504501, "median": 13.0893478394, "min": 2.11485600471, "dvar2": 20.2331905365, "dvar": 11.651342392, "dmean": 3.46919250488, "max": 35.8046569824, "var": 77.0832366943, "mean": 16.3850631714}, "spectral_kurtosis": {"dmean2": 1.98033726215, "median": 4.22025585175, "min": -1.46596431732, "dvar2": 4.9132361412, "dvar": 2.24861454964, "dmean": 1.29288220406, "max": 26.427324295, "var": 9.32595443726, "mean": 4.64435720444}, "spectral_rms": {"dmean2": 0.00106062181294, "median": 0.00527216261253, "min": 3.18801517303e-12, "dvar2": 1.00827480765e-06, "dvar": 7.83599205079e-07, "dmean": 0.000934598559979, "max": 0.0127825737, "var": 7.76585784479e-06, "mean": 0.00565753085539}, "zerocrossingrate": {"dmean2": 0.0243580564857, "median": 0.058837890625, "min": 0.001953125, "dvar2": 0.000866077898536, "dvar": 0.000744995544665, "dmean": 0.0221850089729, "max": 0.51953125, "var": 0.00435303850099, "mean": 0.0738806426525}, "silence_rate_60dB": {"dmean2": 0.02182751894, "median": 0, "min": 0, "dvar2": 0.02519983612, "dvar": 0.0107948547229, "dmean": 0.0109125925228, "max": 1, "var": 0.038109537214, "mean": 0.0396876335144}, "erbbands_kurtosis": {"dmean2": 1.80832958221, "median": 0.620046257973, "min": -1.76825714111, "dvar2": 4.93068790436, "dvar": 2.21186804771, "dmean": 1.17507183552, "max": 31.7388477325, "var": 6.33185338974, "mean": 1.29025065899}, "erbbands": {"dmean2": [0.333761632442, 1.498883605, 2.80570220947, 4.76340961456, 7.57462739944, 10.0406093597, 10.4067926407, 13.7440376282, 29.7381973267, 23.3761711121, 22.19739151, 33.3363838196, 41.6352386475, 48.5481643677, 26.5588436127, 27.571023941, 22.9064235687, 17.784280777, 36.3681640625, 18.5907802582, 25.6034660339, 19.4962539673, 11.3542613983, 10.0061435699, 9.51711845398, 5.32036876678, 7.06228923798, 6.49453830719, 4.88281536102, 6.86114501953, 7.46545314789, 8.13317298889, 5.63572120667, 5.67578792572, 3.25542020798, 1.86534845829, 0.754235029221, 0.245235607028, 0.0383171886206, 0.00103456433862], "median": [0.0681105554104, 0.535676658154, 0.767623722553, 1.72858417034, 3.52089548111, 4.38422012329, 5.32394123077, 8.14372825623, 9.39589881897, 7.30253124237, 8.35294055939, 10.0907039642, 11.5387916565, 8.97635364532, 6.41674232483, 6.62682437897, 5.42871665955, 5.1127281189, 6.04712772369, 4.6009979248, 4.96990394592, 4.55626106262, 3.30943346024, 2.92177271843, 2.68854093552, 1.87085103989, 1.58277106285, 1.37242794037, 1.03575277328, 1.27057957649, 1.44303774834, 1.31818175316, 0.981330394745, 0.787512779236, 0.570538043976, 0.293888568878, 0.108228981495, 0.0221122056246, 0.001215422526, 0.000121502867842], "min": [1.24262631968e-21, 5.58839223263e-21, 1.12666296891e-20, 2.77283736778e-20, 2.82836509757e-20, 1.66676609086e-19, 1.37630472069e-19, 1.40345731204e-19, 3.38810025276e-19, 4.37289599513e-19, 8.24550333301e-19, 1.24894460065e-18, 9.8411828145e-19, 6.27114211806e-19, 1.40818689814e-18, 3.89566665182e-18, 4.55023245492e-18, 3.03437414478e-18, 2.49121985083e-18, 5.13394651624e-18, 6.13798041171e-18, 1.1865048928e-17, 7.71391664294e-18, 9.29840013144e-18, 1.176215345e-17, 1.18628850235e-17, 1.16555439311e-17, 1.72664341032e-17, 1.90608138449e-17, 1.57412900703e-17, 1.30035778415e-17, 1.06102821132e-17, 1.05052905596e-17, 1.19649458762e-17, 7.13440300477e-18, 5.00425824467e-18, 3.00808551774e-18, 1.209993286e-18, 3.20705006221e-19, 3.88150657343e-20], "dvar2": [0.362642794847, 8.53382873535, 58.1346702576, 120.331161499, 178.944259644, 461.008239746, 505.252410889, 671.599975586, 4873.90039063, 3989.63525391, 2556.87915039, 10045.7607422, 11773.4042969, 21142.7597656, 5295.83544922, 8054.56787109, 4939.68798828, 1909.02392578, 14520.5957031, 2000.58374023, 10006.578125, 5159.86816406, 1270.54333496, 1017.11212158, 816.93762207, 179.132720947, 357.688354492, 247.075546265, 148.263916016, 294.088378906, 503.775726318, 713.851196289, 266.473449707, 307.553619385, 149.812698364, 42.8174705505, 5.5510764122, 0.653303921223, 0.00631564995274, 4.22616358264e-06], "dvar": [0.529892802238, 7.10359525681, 21.8572044373, 42.875705719, 65.8025741577, 211.366714478, 227.586502075, 299.90335083, 2061.54370117, 1768.7923584, 1111.90441895, 4218.27050781, 5318.82373047, 10319.0185547, 2387.30444336, 3553.99194336, 2326.88305664, 873.716308594, 6365.85351563, 826.561035156, 3969.54663086, 2284.84057617, 568.426635742, 432.298461914, 389.764587402, 82.8183135986, 159.983322144, 102.524902344, 57.83385849, 112.699211121, 190.149017334, 291.103820801, 117.657562256, 150.200164795, 70.1405487061, 21.6064662933, 2.63593864441, 0.270021110773, 0.00274008465931, 1.76357525561e-06], "dmean": [0.415175497532, 1.49866580963, 1.70457434654, 2.71626830101, 4.45534563065, 6.43059873581, 6.86711454391, 9.1103553772, 19.1801052094, 14.6367263794, 13.9689493179, 21.4022674561, 27.4508323669, 32.7622108459, 17.1600399017, 17.9418487549, 14.6576061249, 11.324971199, 23.2930679321, 11.3843889236, 15.9653530121, 12.4236431122, 7.37830400467, 6.44927358627, 6.14874315262, 3.40320539474, 4.37920379639, 3.9401538372, 2.93766689301, 4.03940868378, 4.4755320549, 4.97314786911, 3.51400303841, 3.61274170876, 2.11472320557, 1.2505120039, 0.512897193432, 0.1627202034, 0.0239104535431, 0.00063700316241], "max": [7.48988056183, 28.5523967743, 38.1738967896, 61.8884048462, 127.998222351, 367.265014648, 473.637268066, 347.155639648, 1011.2545166, 1209.90368652, 883.652893066, 2191.0793457, 1286.01147461, 2607.74536133, 1527.13122559, 1985.48754883, 1635.76757813, 1049.21728516, 1774.04821777, 622.420227051, 1520.07800293, 1668.59692383, 763.84173584, 614.339782715, 665.014709473, 281.944213867, 286.635742188, 246.558959961, 189.399429321, 208.714538574, 462.027008057, 409.689880371, 271.3230896, 286.894805908, 251.110733032, 122.022491455, 43.671585083, 18.0948143005, 1.14418196678, 0.0188552103937], "var": [2.83249950409, 32.1044654846, 18.437669754, 30.6200885773, 100.110198975, 593.116882324, 519.796691895, 671.727233887, 4212.80322266, 2721.17626953, 1732.74987793, 6656.98486328, 10814.0537109, 22046.5273438, 5486.53027344, 6900.21142578, 4897.15039063, 1742.15637207, 9565.96777344, 1179.43701172, 4149.66748047, 3521.09741211, 1003.96734619, 634.14251709, 610.431213379, 168.588012695, 259.065856934, 156.523376465, 60.2459945679, 107.916748047, 173.736114502, 335.871429443, 184.3722229, 244.460906982, 106.858818054, 34.8526802063, 4.57585954666, 0.394446104765, 0.00355729251169, 2.05663286579e-06], "mean": [0.88544100523, 3.25581860542, 2.00740456581, 3.35107898712, 6.84201145172, 11.8888378143, 12.5004425049, 17.1598548889, 31.9002189636, 20.6630058289, 20.5226631165, 33.0096549988, 44.8774185181, 52.0887908936, 27.4380340576, 29.9324111938, 23.6209793091, 17.7600059509, 32.0359230042, 15.77460289, 20.1219367981, 18.5190105438, 11.5524215698, 9.61183929443, 9.01967430115, 5.42455720901, 6.08501815796, 5.25751543045, 3.53140282631, 4.59040641785, 5.2598285675, 5.95540952682, 4.51616954803, 4.25100183487, 2.63760519028, 1.61111009121, 0.642752289772, 0.189032301307, 0.023495933041, 0.000646612839773]}, "spectral_strongpeak": {"dmean2": 0.855546832085, "median": 0.618228673935, "min": 0, "dvar2": 2.60427951813, "dvar": 1.07571828365, "dmean": 0.532590687275, "max": 16.2227993011, "var": 1.79251539707, "mean": 1.00841391087}, "spectral_energy": {"dmean2": 0.0133314058185, "median": 0.0284905917943, "min": 1.0417526367e-20, "dvar2": 0.000191778075532, "dvar": 0.000173376203747, "dmean": 0.0122153637931, "max": 0.16747905314, "var": 0.00133302679751, "mean": 0.0407678745687}, "average_loudness": 0.965143918991, "spectral_rolloff": {"dmean2": 1829.23388672, "median": 839.794921875, "min": 64.599609375, "dvar2": 11929770, "dvar": 5065732.5, "dmean": 1050.85180664, "max": 19293.75, "var": 8118350, "mean": 1743.74853516}, "spectral_centroid": {"dmean2": 419.767944336, "median": 934.039428711, "min": 149.362335205, "dvar2": 338873.9375, "dvar": 156263.265625, "dmean": 268.876434326, "max": 11140.8398438, "var": 443901.03125, "mean": 1071.09204102}, "pitch_salience": {"dmean2": 0.107561886311, "median": 0.547941327095, "min": 0.0396986790001, "dvar2": 0.00962592195719, "dvar": 0.00579852005467, "dmean": 0.0805788114667, "max": 0.87226754427, "var": 0.0347297005355, "mean": 0.499615132809}, "spectral_energyband_middle_high": {"dmean2": 0.00363795878366, "median": 0.00215583830141, "min": 1.37458192319e-21, "dvar2": 4.28642961197e-05, "dvar": 2.31658232224e-05, "dmean": 0.00249702320434, "max": 0.0851767137647, "var": 8.24686285341e-05, "mean": 0.00560994958505}, "spectral_contrast_coeffs": {"dmean2": [0.0753109529614, 0.0799497961998, 0.0723711326718, 0.0534954257309, 0.0356127470732, 0.0257471352816], "median": [-0.662932157516, -0.722851037979, -0.743032515049, -0.777946352959, -0.801823914051, -0.818319439888], "min": [-0.971867144108, -0.973432123661, -0.963795959949, -0.96405506134, -0.963399767876, -0.960310339928], "dvar2": [0.00396352401003, 0.00453619193286, 0.00344120501541, 0.00193775829393, 0.000856181082781, 0.000564120244235], "dvar": [0.0016469504917, 0.00171246752143, 0.00141096615698, 0.000774670683313, 0.000383656995837, 0.000233693164773], "dmean": [0.0471678674221, 0.0491374656558, 0.0452578924596, 0.0330325514078, 0.0224926117808, 0.0160978659987], "max": [-0.295823186636, -0.421722710133, -0.468644618988, -0.517113804817, -0.610500514507, -0.641526460648], "var": [0.00680932030082, 0.00511312345043, 0.00556107610464, 0.00347372866236, 0.0018833380891, 0.00102053093724], "mean": [-0.657834410667, -0.717433393002, -0.735865354538, -0.77199691534, -0.796368777752, -0.815479934216]}, "melbands_skewness": {"dmean2": 1.30952310562, "median": 2.59407544136, "min": -1.02808618546, "dvar2": 2.30505800247, "dvar": 1.38516318798, "dmean": 0.998492896557, "max": 24.1008224487, "var": 9.22507381439, "mean": 3.57971453667}, "spectral_spread": {"dmean2": 1339142.75, "median": 6311123.5, "min": 2419124.75, "dvar2": 2566222774270.0, "dvar": 1560096669700.0, "dmean": 985208.1875, "max": 40274748, "var": 7087843180540.0, "mean": 6738536}, "dissonance": {"dmean2": 0.0396485738456, "median": 0.458519995213, "min": 0.29061165452, "dvar2": 0.00126768636983, "dvar": 0.000463987293188, "dmean": 0.02363486588, "max": 0.500000059605, "var": 0.000959558878094, "mean": 0.452270507813}, "spectral_skewness": {"dmean2": 0.329338163137, "median": 1.84574449062, "min": -0.470425486565, "dvar2": 0.11629384011, "dvar": 0.0577055253088, "dmean": 0.219651177526, "max": 4.18221759796, "var": 0.288222700357, "mean": 1.83427834511}, "spectral_flux": {"dmean2": 0.0379924066365, "median": 0.0815293341875, "min": 6.74721251093e-11, "dvar2": 0.00134753074963, "dvar": 0.000719536270481, "dmean": 0.0265666525811, "max": 0.274983942509, "var": 0.0028093745932, "mean": 0.090782828629}, "spectral_contrast_valleys": {"dmean2": [0.5726801157, 0.62920743227, 0.638815164566, 0.558948218822, 0.471610248089, 0.525563716888], "median": [-6.92786836624, -6.68630027771, -7.47684669495, -7.96695899963, -7.84645080566, -9.5994052887], "min": [-27.3073673248, -27.6639919281, -27.2833099365, -27.4257831573, -27.33735466, -27.3105316162], "dvar2": [0.259847998619, 0.342410504818, 0.436989784241, 0.360353022814, 0.324597597122, 0.514544665813], "dvar": [0.122811056674, 0.13971824944, 0.184958457947, 0.162011250854, 0.154253914952, 0.250491917133], "dmean": [0.36269313097, 0.388313174248, 0.398245722055, 0.366335302591, 0.321490615606, 0.386550605297], "max": [-5.36071395874, -4.65598487854, -4.82583189011, -5.87299966812, -5.60922765732, -7.11144161224], "var": [1.44075870514, 1.12948763371, 1.23065078259, 1.18492758274, 1.25188672543, 1.58004391193], "mean": [-7.18067550659, -6.79635047913, -7.56225252151, -8.05680370331, -8.0035982132, -9.77686214447]}, "erbbands_flatness_db": {"dmean2": 0.0285596400499, "median": 0.119943499565, "min": 0.0256881043315, "dvar2": 0.000743736862205, "dvar": 0.000381212710636, "dmean": 0.019771149382, "max": 0.280421286821, "var": 0.00163581664674, "mean": 0.122439578176}, "spectral_energyband_high": {"dmean2": 0.00182593532372, "median": 0.000466484052595, "min": 7.5408708853e-21, "dvar2": 1.73916450876e-05, "dvar": 8.2307124103e-06, "dmean": 0.00119954685215, "max": 0.051514133811, "var": 1.42446751852e-05, "mean": 0.0016457233578}, "spectral_entropy": {"dmean2": 0.342802107334, "median": 7.59299659729, "min": 5.61542797089, "dvar2": 0.144622087479, "dvar": 0.0674278959632, "dmean": 0.227138906717, "max": 9.81490135193, "var": 0.220930948853, "mean": 7.61275959015}, "silence_rate_20dB": {"dmean2": 0, "median": 1, "min": 1, "dvar2": 0, "dvar": 0, "dmean": 0, "max": 1, "var": 0, "mean": 1}, "melbands_flatness_db": {"dmean2": 0.045205950737, "median": 0.209369897842, "min": 0.00469972426072, "dvar2": 0.00303172692657, "dvar": 0.0015746129211, "dmean": 0.0366747193038, "max": 0.609228312969, "var": 0.00941735692322, "mean": 0.229127019644}, "barkbands": {"dmean2": [0.000714869413059, 0.00729765323922, 0.00298385228962, 0.00186435389332, 0.00264998665079, 0.00155499693938, 0.00214912905358, 0.000925435742829, 0.00159892835654, 0.00168432737701, 0.000634903030004, 0.000826129689813, 0.000508353929035, 0.000521116657183, 0.000548536947463, 0.000448121252703, 0.00036669918336, 0.0002234