{"tonal": {"thpcp": [1, 0.611870467663, 0.200098052621, 0.133966356516, 0.0935702249408, 0.201394885778, 0.328459531069, 0.242543488741, 0.176093742251, 0.191863447428, 0.14363142848, 0.22830812633, 0.34419682622, 0.283912181854, 0.359482079744, 0.458857506514, 0.283168584108, 0.133826985955, 0.125480100513, 0.166772097349, 0.530141234398, 0.870451450348, 0.539076864719, 0.181695044041, 0.161368504167, 0.14366440475, 0.256166994572, 0.405913978815, 0.299752235413, 0.244863197207, 0.343772768974, 0.277755737305, 0.196545854211, 0.183601856232, 0.197878986597, 0.617623329163], "hpcp": {"dmean2": [0.18467733264, 0.180361524224, 0.132632866502, 0.12577611208, 0.158960551023, 0.233598783612, 0.249456897378, 0.233494699001, 0.162917613983, 0.141712069511, 0.144094526768, 0.154975816607, 0.175241231918, 0.173259630799, 0.177552253008, 0.202576547861, 0.205388277769, 0.180343836546, 0.153845474124, 0.170463696122, 0.254270672798, 0.236526697874, 0.247440680861, 0.17776556313, 0.122744120657, 0.0934736207128, 0.108717814088, 0.11072127521, 0.136017471552, 0.121247522533, 0.105269424617, 0.103527642787, 0.12763158977, 0.161543577909, 0.185295671225, 0.209052696824], "median": [0.0228921379894, 0.01918152906, 0.0104826148599, 0.00720160780475, 0.0119571611285, 0.109135471284, 0.197352141142, 0.11353610456, 0.0137820867822, 0.00792869739234, 0.00821067485958, 0.0186446234584, 0.0224223528057, 0.0218867342919, 0.0192908197641, 0.015592132695, 0.0131198419258, 0.0148149142042, 0.0139415320009, 0.0190765243024, 0.145650550723, 0.275318861008, 0.153346911073, 0.0219347719103, 0.0101164728403, 0.00651061022654, 0.0138847557828, 0.0211877916008, 0.0164095368236, 0.00871583633125, 0.00693701719865, 0.011329500936, 0.0456097349524, 0.0603497363627, 0.0388386286795, 0.0250207968056], "min": [0, 0, 0, 0, 0, 0, 0, 0, 0, 0, 0, 0, 0, 0, 0, 0, 0, 0, 0, 0, 0, 0, 0, 0, 0, 0, 0, 0, 0, 0, 0, 0, 0, 0, 0, 0], "dvar2": [0.0848201438785, 0.0881124511361, 0.0632277205586, 0.0650015324354, 0.0739542469382, 0.0889727398753, 0.101705320179, 0.0913060978055, 0.081620670855, 0.091021694243, 0.0965215861797, 0.0813195481896, 0.0923719033599, 0.0941799655557, 0.0984392091632, 0.122719213367, 0.125904470682, 0.100891187787, 0.0871284604073, 0.0738047137856, 0.102383412421, 0.0950445458293, 0.0916979163885, 0.0804898738861, 0.0573281124234, 0.0532385185361, 0.0479297749698, 0.0456506982446, 0.0721616372466, 0.0649375468493, 0.0552191548049, 0.0508533157408, 0.0472898148, 0.0641745999455, 0.0808166116476, 0.102433994412], "dvar": [0.0368987098336, 0.0321224704385, 0.0225119180977, 0.0233011003584, 0.0269141551107, 0.0344385318458, 0.0465731360018, 0.0350663103163, 0.0299327839166, 0.032250020653, 0.0338672325015, 0.0300895441324, 0.0380533076823, 0.0343562290072, 0.0363858640194, 0.0496572516859, 0.0469866283238, 0.0364614129066, 0.0313562676311, 0.0270868092775, 0.0380484461784, 0.0420780740678, 0.0342797674239, 0.0291894152761, 0.0204678364098, 0.0182713437825, 0.0175326764584, 0.0203762315214, 0.0253567826003, 0.0233157817274, 0.0218103826046, 0.0189851745963, 0.0175265464932, 0.0256045926362, 0.0295528676361, 0.0372806601226], "dmean": [0.109459802508, 0.10240739584, 0.0715235024691, 0.0676656514406, 0.0876228511333, 0.138195171952, 0.1513363868, 0.137773215771, 0.0894387587905, 0.0774315819144, 0.0777180045843, 0.0881312564015, 0.102032080293, 0.0985703840852, 0.0995174273849, 0.114902026951, 0.114303231239, 0.0982153713703, 0.0842187851667, 0.0938920602202, 0.147760182619, 0.14152559638, 0.144429504871, 0.0986244529486, 0.0661237761378, 0.0499519743025, 0.0627222582698, 0.0666207522154, 0.0780009329319, 0.0680963173509, 0.0598370581865, 0.0586778633296, 0.074368827045, 0.0942707359791, 0.105005770922, 0.119640514255], "max": [1, 1, 1, 1, 1, 1, 1, 1, 1, 1, 1, 1, 1, 1, 1, 1, 1, 1, 1, 1, 1, 1, 1, 1, 1, 1, 1, 1, 1, 1, 1, 1, 1, 1, 1, 1], "var": [0.0982054173946, 0.0402716398239, 0.0178034920245, 0.0181622039527, 0.0227274671197, 0.0617522038519, 0.141162499785, 0.0631540343165, 0.0275052413344, 0.0313218645751, 0.0248820129782, 0.0360472463071, 0.0853993445635, 0.0470211394131, 0.036204289645, 0.0755527615547, 0.0508607439697, 0.0311428122222, 0.0308351833373, 0.0251435227692, 0.0745762586594, 0.157861575484, 0.0704330727458, 0.0254645198584, 0.0196163374931, 0.0135358050466, 0.0289344936609, 0.0734448805451, 0.0387962386012, 0.0320053659379, 0.0441284663975, 0.0212180763483, 0.0203377325088, 0.0468768291175, 0.0369675606489, 0.0617416128516], "mean": [0.190181732178, 0.117364302278, 0.0554669983685, 0.0520074814558, 0.0691216886044, 0.219726547599, 0.360774248838, 0.223430097103, 0.0753067731857, 0.0668820738792, 0.0595442950726, 0.10617300868, 0.168238341808, 0.124237693846, 0.101487949491, 0.142482802272, 0.115120850503, 0.0814619585872, 0.076097086072, 0.0820145010948, 0.255985081196, 0.414467960596, 0.253600716591, 0.082934230566, 0.0555247627199, 0.0387818589807, 0.0834717303514, 0.136135950685, 0.100526504219, 0.0729852169752, 0.079521253705, 0.0595306269825, 0.094626404345, 0.142658561468, 0.117672502995, 0.148993805051]}, "tuning_equal_tempered_deviation": 0.0157026872039, "chords_changes_rate": 0.050917994231, "key_key": "E", "tuning_diatonic_strength": 0.576096594334, "key_scale": "major", "chords_number_rate": 0.00318237463944, "tuning_frequency": 440, "tuning_nontempered_energy_ratio": 0.630084633827, "chords_histogram": [31.383108139, 1.78702569008, 2.35006117821, 0.220318242908, 1.93390452862, 0, 1.61566710472, 0, 0, 0.220318242908, 0, 0, 0.905752778053, 0.0979192182422, 1.22399020195, 2.25214195251, 0.0979192182422, 15.1774787903, 1.76254594326, 3.72093033791, 0.24479803443, 12.1909427643, 16.3280296326, 6.48714828491], "key_strength": 0.790688812733, "chords_key": "E", "chords_strength": {"dmean2": 0.00723133608699, "median": 0.494721800089, "min": 0.274615317583, "dvar2": 5.26846779394e-05, "dvar": 4.85658019898e-05, "dmean": 0.00775315100327, "max": 0.694608390331, "var": 0.00477577093989, "mean": 0.492467999458}, "chords_scale": "major", "hpcp_entropy": {"dmean2": 1.01208996773, "median": 1.63857626915, "min": 0, "dvar2": 0.786280870438, "dvar": 0.301524251699, "dmean": 0.602130234241, "max": 4.48523759842, "var": 0.628393530846, "mean": 1.63399910927}}, "metadata": {"audio_properties": {"equal_loudness": 0, "codec": "mp3", "downmix": "mix", "sample_rate": 44100, "analysis_sample_rate": 44100, "bit_rate": 192000, "md5_encoded": "b1276035ee8d375ddb6019a55ec047ab", "length": 189.62286377, "replay_gain": -4.94264411926, "lossless": false}, "version": {"essentia_build_sha": "2d9f1f26377add8aeb1075a9c2973f962c4f09fd", "essentia": "2.1-beta2", "extractor": "music 1.0", "essentia_git_sha": "v2.1_beta2-1-ge3940c0"}, "tags": {"title": ["Bloom"], "acoustid_fingerprint": ["AQADtEmSRknSPMB2oT8e3-iFMpyhN8epC2GaBj0_nIGz48uKsElIQnx0xIcV9vAYUqhoPEEt5mhiGs8uNNJzTPrxo2lFo1wS43vwW8Z-1EaT58jTiEqgSXmOME_xPegTbDtq5cFz4Wimfwh96FmFc8mGxkfLHeoFLTuqWDLC62jGE19mHc3RZ0b00Qm078bFHH8yeMyg9WGC90JOHtV1NE6H48mecIhM2tB0hNHEIq5ygp9CXKsgKToV40JMeSiZi2jc4xsiUtcKuUFlCWGe4DouGX0ppGcaHBdU9PiFEL50tBJx1Ee0HYdYMbg_pNYQHnp25Cith2ioTHhczPLR_EF5Bi2R65huqEejSUqKicfjqMHP4suTIn1-1Bf8B16P7_jRUM0Rf4K2XkOaH2-MfIcefBM078irBC2aHFdO1A-OxzsS8gg_XGmY4MrRC826HIkRL2k67EEPWzxOOUjJ49hQR0dFp2iULBODy0d-pBXTQE8u5KJStEsZND8e4siVQ9N-pM6F_IDYqugjxMS1C9WRbmEFfTl-4JxQcsbXQ7_xC9dqNHmglcjv4xvRs_jxnLj04-Ia-Me5Ec04xPQOeUmWovkTvFmO_0X4487xdAoOn8ez4D_O9Pjx5qiMa0O6Hv6hIz_80LiJHz8-hBd05A--4w78RMcz5KEEhVRYIQxHDt_BovZj9Ma1fHiO-sOoF3cnWMqLUftwfWieYzpuBmeO58KnIyce6ExRrhyc50Kjagd-HDmq7_CNC08e_Mcx0Tn6KIHHo1pSkgKTPuiaI2dWGbqNn1hH9Hlw6MTrQrmOPPh4VMf7g0524d3RXJg-4biSI4-OkmEkoY_xrCFySUdVhkIjPcaF6TtSjtA5DX4d9EcGNFT4EA8fXLzx5UV1XOiTBclS6sizYXeIs8ejJPlxSXSQQ8uzIXQYXDyOiDGcM4R-Im_wYdeHL0d6BnoQ08b5BP3Q_PiPv8iXEnqIdh9-HC-P_qiowltYBleOwz9yUTquwuPx7ghE20R1vNLQGT6eyXhy6IiP9DkUeRGaMKIWQVsv4ycH_XigJ0rUqYhF5XDy4Qny4MzQUDl6BRp1Ynt2zKIciHnQSYmKX_iPvkW0_YKNrx2uHc2Hr8J_hNDy4t0z5DRyhYGWH-Hx6MBz1PZg7sNtI4ciR4nwR8cf9E8xJcyFPT8uNG-FkE-IHxMnNHXxLPj0IuZW_NDwHPKRd3j04Tj8xUJ-6MizC1eP14LDoxYj9BnCPNShx4uGnImCj8SOatcR5zukz7gnNHfwRQcLO8czIkzodEIZ5sGRhxC1vZh_5FITHn1ONDp2LsdP5IT2B5bOosfRH3oJUT9eKTl2nPKR_-iN3Bd6aMnSHM_MDL-44xqaQy_y44vxoU7xDD_-AGGaE5qoJElwCbF_NFOSJ0HtFPmP7R9wJ8PURENz3ImC9_iFH62m48yQ48h3OCgbHfpx-QjhUImOE89mpA969Omh5RGuvPihsvEw8YgPHidcBXngH9uPqscdxC_hLTWOB5WYvbDaCtWLH79wG28i_DiDvIdK50YYfbgEX8I3Gg6z4x8c90N3fDiTnKjxO3iCG5csmColTJePbOLxQ-kRczeaG4-QjgxaQT-0h3hT5OE1wczQL6lxKZjGdWjCF_TcCe-HC1Pco9SHp_hyDZdy_EI_HdaLH72GX8jRB-KP8NiToxYP8xR-1DbY_cN57ImRC7pufEnxsD56NFUo6NPx4vGhJSMmf8IV5NHx4jvuPMgPRXlIlHyQ6_gF88cTHPmh-bjww8eV4mrgB-Eq47nxkEef4_twuGrxZZiOG9EbXIeeHf-SBLmF3cEPh0pwGtENVWSKcOfgGIe7Cx_ypNCjHDn8o81DPBKahKjED-EzaLFG_AhzoWSW4QjDk4G-SDzS2qiOPzSuI-SFH0rnI-sS4i8uuOgTEa-O38il4OIWnGjEQbMGVc3BF_mJX8H1os4Fxwl6hAvHBtUWJYduCrpCLuhzNLlxjxQeRUaYvfiRjkzR8xAffvjQhCL6JMohVj6epUee4zyqOMo1fDEXhI8eQrMTHc1-3EOeNHiIOF9wZ4ROytDDpUnwYQ_ChAlFo1ZwXE6ML8rxHXmOJmajCDqHvHiPPqFGnEZzBlfRjNmFF8_hHudx5zjyNCg1Ho5yoz_uVMY-I4yPnjE-oYmZI-SHF6rTo9lcokfzHNN1PNlxfsRR_nAu6ONxXDs89cjxHDOJ_-CPzyoenC2iQbsU_EIuHZcVXMkThFzQ7FAbCY9CrI-Ii8dfkOGhoFpOwU2i4_hxTqiWO8NZaPLRXMUVI9LRZMefoGeOxsIf5Ck0UYlwCX6Op6kEkS_66Lh08IUGMzui-bgU-H3QU_hxmUEuRYce6Qhz1CL2HP8yvDl4ET9RSksXbNS0EKXU4yyqN4OTfoOrolwyUsSToz_8sEif8EhmXXiP70clBs8YHE0v7BHegw_eHMmRn2B0bEkZH7Wy4znwHNeCH9fxRDniI1l49EyDJ8fyYU-y4canHE31CMmO-A2uH02ioZxY3E0w5egpgVeSRLBHREiW58fDPCp-uK7xjvhRE7uE6-CxK1OR9MiTKKFQaTma88GX8LgfvLgwPQKT65jl5ACACUECAQSQEAQgYAxQgAEAgCHOGCKEMAIAYxBRgihjglGIIEKcIcgAJYARAAkBCABEEEoEQoAJQYAVBhICgGNWSABFwA4YhoQHDiJAhAZAGEAIAUQAYAhCjDkhBGEKIEMgIEaBIQAhiBhnEEOQKAAgMFAgwgBAQghHiRBYESAFUEAwBAwBRBEEDVBAEEQgIUAAIgghCCAHBBMAEMAMAsYooZQFgDiImDDCIYKAU8ABoJQADEnACDJAcEaQAcRYhgRhyiEThEIIGUacIgAQASQRSiFGCBnQICAIUZQ4AghUTCAAglFAGcAAAoZ4AqBDRAAiABbEGUUEooIZwiAxFDgBJDACGQREIYQhQ4EFAhHAjPOCCKUIFABARYGEYBJDBYAQSCKAAMQABSAAThGgCEHIQcUEYgAIRggBAAAuGALMIAmUkEQAgIRyXgighCRGIGEwAMAQhQxkTBBqBACCAAKIMooQQShQnEAgACKCACaEMgIIQYAglEFDHDOMCSEIIAIhDAQDAClAKGWOICEAoYYKYIRhHBDrGAhGKCKANwBRhghVTBFkBGRCKEcAMYAZwLAjQGhDCXBACAAQQYAQhAA1AgHgADDMAMTMQkAAKhxARCCDLCBAAGEUElBxaZSRgAgKDFKCCMAU4RQkiA0BFAgiEEDUACKYQg4oKRQggGhEoFAUAGUJYZgyARASgiFnPACSEGOI0QhQRwBhSCABCBCCCIeMFwAgDQxiAgKiBADACOegMwAA7QRABCCFlGUOIAEVQwQwAZQwChCDEBXOCSEUYsIoAgAoBAqBFDDUGeAMgQIRAYBw0BBhBBBAESMYYwYIQaBVVAjAjEQUICAME84gAowAgAlijDKEIAERAMwpQwQVBAABlFCAUEmQMYxYQhxQCEHDnEAAAGsFE0pgIoxCRAEEBACAAAMkM4AgQxkDCAAiEABNECcA"], "date": ["2005"], "genre": ["Rock"], "musicbrainz album type": ["Album"], "musicip_puid": ["78c934d1-61a2-df4d-f48a-c20113a14120"], "musicbrainz_recordingid": ["08ff609e-7273-4a54-a031-3cf11909cb45"], "musicbrainz_albumid": ["67ec78f6-b739-41be-b1e2-f1c99a0999b2"], "artist": ["Eric Johnson"], "tracknumber": ["01"], "bpm": ["89.97"], "album": ["Bloom"], "musicbrainz album release country": ["United States"], "acoustid_id": ["ec88644a-2e5d-47ac-951e-b42d136765ce"], "file_name": "Eric Johnson - Bloom.mp3"}}, "rhythm": {"bpm_histogram_first_peak_bpm": {"dmean2": 0, "median": 91, "min": 91, "dvar2": 0, "dvar": 0, "dmean": 0, "max": 91, "var": 0, "mean": 91}, "bpm": 89.9438781738, "bpm_histogram_second_peak_spread": {"dmean2": 0, "median": 0, "min": 0, "dvar2": 0, "dvar": 0, "dmean": 0, "max": 0, "var": 0, "mean": 0}, "bpm_histogram_first_peak_weight": {"dmean2": 0, "median": 0.531914889812, "min": 0.531914889812, "dvar2": 0, "dvar": 0, "dmean": 0, "max": 0.531914889812, "var": 0, "mean": 0.531914889812}, "onset_rate": 3.34322285652, "beats_position": [0.626938760281, 1.27709746361, 1.93886613846, 2.60063481331, 3.27401351929, 3.94739222527, 4.62077093124, 5.2941493988, 5.9675283432, 6.62929677963, 7.2910656929, 7.94122457504, 8.60299301147, 9.26476192474, 9.93814086914, 10.6115188599, 11.2848978043, 11.9582767487, 12.6316547394, 13.2934236526, 13.9551925659, 14.6285715103, 15.2787294388, 15.9521083832, 16.6254863739, 17.298866272, 17.9606342316, 18.6224040985, 19.2841720581, 19.9459400177, 20.6193199158, 21.2926979065, 21.9544658661, 22.6278457642, 23.2896137238, 23.9629936218, 24.6363716125, 25.2981395721, 25.9599094391, 26.6332874298, 27.2950553894, 27.9568252563, 28.6185932159, 29.291973114, 29.9537410736, 30.6271190643, 31.2888889313, 31.9506568909, 32.6240348816, 33.2974128723, 33.9591827393, 34.6209526062, 35.2943305969, 35.9561004639, 36.6178665161, 37.2912483215, 37.9646263123, 38.6263923645, 39.2881622314, 39.9499320984, 40.6116981506, 41.2850799561, 41.9584579468, 42.6202278137, 43.281993866, 43.9553718567, 44.6171417236, 45.2905197144, 45.9638977051, 46.625667572, 47.2990455627, 47.9608154297, 48.6341934204, 49.2959632874, 49.9577331543, 50.6194992065, 51.2928771973, 51.9662590027, 52.6164169312, 53.2897949219, 53.9631729126, 54.6249427795, 55.2867126465, 55.9600906372, 56.6218566895, 57.2836265564, 57.9570045471, 58.6303825378, 59.2921524048, 59.9539222717, 60.6273002625, 61.3006782532, 61.9624481201, 62.6242179871, 63.2859840393, 63.95936203, 64.6327438354, 65.2945098877, 65.9562835693, 66.6180496216, 67.2914276123, 67.964805603, 68.6265716553, 69.2883453369, 69.9617233276, 70.6351013184, 71.2968673706, 71.9586410522, 72.632019043, 73.2937850952, 73.9555511475, 74.6289291382, 75.3023147583, 75.9640808105, 76.6258468628, 77.2876205444, 77.9493865967, 78.6111526489, 79.2729263306, 79.9463043213, 80.619682312, 81.2930603027, 81.9664382935, 82.6282043457, 83.2899780273, 83.9633560181, 84.6251220703, 85.2868881226, 85.9602737427, 86.6336517334, 87.2954177856, 87.9571838379, 88.6073455811, 89.2807235718, 89.9541015625, 90.6158676147, 91.2892532349, 91.9626312256, 92.6243972778, 93.2977752686, 93.9479370117, 94.6213150024, 95.2946929932, 95.9564590454, 96.6182327271, 97.2799987793, 97.9417648315, 98.6035385132, 99.2653045654, 99.9386825562, 100.612060547, 101.285438538, 101.958816528, 102.632194519, 103.293968201, 103.955734253, 104.629112244, 105.290885925, 105.952651978, 106.626029968, 107.287796021, 107.949569702, 108.622947693, 109.296325684, 109.958091736, 110.619865417, 111.293243408, 111.95500946, 112.616775513, 113.278549194, 113.940315247, 114.613693237, 115.287071228, 115.94884491, 116.610610962, 117.283988953, 117.945755005, 118.607528687, 119.280906677, 119.954284668, 120.61605072, 121.277824402, 121.951202393, 122.612968445, 123.274734497, 123.948112488, 124.621498108, 125.28326416, 125.945030212, 126.618408203, 127.291786194, 127.953559875, 128.615325928, 129.288711548, 129.950469971, 130.612243652, 131.285614014, 131.958999634, 132.632385254, 133.294143677, 133.955917358, 134.61769104, 135.279449463, 135.952835083, 136.626205444, 137.299591064, 137.961364746, 138.623123169, 139.296508789, 139.958267212, 140.620040894, 141.281814575, 141.943572998, 142.616958618, 143.290344238, 143.9637146, 144.625488281, 145.287246704, 145.960632324, 146.622406006, 147.284164429, 147.957550049, 148.61932373, 149.281082153, 149.954467773, 150.627838135, 151.289611816, 151.951385498, 152.624755859, 153.298141479, 153.959899902, 154.621673584, 155.295059204, 155.956817627, 156.618591309, 157.291976929, 157.942123413, 158.615509033, 159.288879395, 159.950653076, 160.612426758, 161.285797119, 161.959182739, 162.632553101, 163.294326782, 163.956100464, 164.617858887, 165.291244507, 165.953018188, 166.62638855, 167.29977417, 167.961532593, 168.623306274, 169.285079956, 169.946838379, 170.608612061, 171.270385742, 171.943756104, 172.617141724, 173.278915405, 173.940673828, 174.614059448, 175.28742981, 175.96081543, 176.634185791, 177.295959473, 177.957733154, 178.631103516, 179.292877197, 179.954650879, 180.604797363, 181.278182983, 181.951568604, 182.624938965, 183.298324585, 183.971694946, 184.656692505, 185.341674805, 186.038269043, 186.74647522, 187.443084717, 188.151290894, 188.847885132], "beats_loudness": {"dmean2": 0.0350700765848, "median": 0.0555697493255, "min": 3.55310703526e-07, "dvar2": 0.000872178003192, "dvar": 0.000293569202768, "dmean": 0.0196017250419, "max": 0.132724538445, "var": 0.000488016026793, "mean": 0.0569722615182}, "danceability": 1.04344630241, "bpm_histogram_second_peak_weight": {"dmean2": 0, "median": 0.0177304968238, "min": 0.0177304968238, "dvar2": 0, "dvar": 0, "dmean": 0, "max": 0.0177304968238, "var": 0, "mean": 0.0177304968238}, "beats_count": 283, "bpm_histogram_second_peak_bpm": {"dmean2": 0, "median": 86, "min": 86, "dvar2": 0, "dvar": 0, "dmean": 0, "max": 86, "var": 0, "mean": 86}, "bpm_histogram_first_peak_spread": {"dmean2": 0, "median": 0.458483725786, "min": 0.458483725786, "dvar2": 0, "dvar": 0, "dmean": 0, "max": 0.458483725786, "var": 0, "mean": 0.458483725786}, "beats_loudness_band_ratio": {"dmean2": [0.396619319916, 0.350016623735, 0.178210154176, 0.0347887575626, 0.0343866832554, 0.0778688192368], "median": [0.446335494518, 0.268862366676, 0.11875873059, 0.0234462525696, 0.02525633201, 0.06139780581], "min": [0.0080144777894, 0.00451825745404, 0.00282177166082, 0.00117471918929, 0.0006690697046, 0.00128983636387], "dvar2": [0.0683965310454, 0.0645835772157, 0.0243296548724, 0.00130055681802, 0.00105197366793, 0.00520248850808], "dvar": [0.0229189768434, 0.0212590601295, 0.00928865093738, 0.000542058784049, 0.000479200156406, 0.00224481453188], "dmean": [0.222430408001, 0.195219874382, 0.105230011046, 0.0193526316434, 0.0212569013238, 0.0452024936676], "max": [0.910316050053, 0.919858157635, 0.599037051201, 0.215339973569, 0.328266263008, 0.632776260376], "var": [0.0370424389839, 0.0308212265372, 0.0140118785203, 0.000676687341183, 0.00104236719199, 0.00453402008861], "mean": [0.457935839891, 0.292844742537, 0.156806439161, 0.0300820898265, 0.0340456627309, 0.0724878683686]}}, "lowlevel": {"barkbands_spread": {"dmean2": 7.21669149399, "median": 18.1621627808, "min": 0.63971889019, "dvar2": 58.3503494263, "dvar": 25.0641365051, "dmean": 4.62752866745, "max": 75.4569854736, "var": 128.734802246, "mean": 20.4208240509}, "melbands_spread": {"dmean2": 5.87879276276, "median": 12.8386182785, "min": 0.727186977863, "dvar2": 65.1754150391, "dvar": 24.5044250488, "dmean": 3.54866981506, "max": 172.080596924, "var": 167.760620117, "mean": 15.3948869705}, "hfc": {"dmean2": 8.66205215454, "median": 27.1692180634, "min": 1.13781790221e-16, "dvar2": 104.699295044, "dvar": 49.4175796509, "dmean": 5.83073949814, "max": 101.359680176, "var": 285.048187256, "mean": 29.7932815552}, "barkbands_kurtosis": {"dmean2": 4.55748128891, "median": 5.62289142609, "min": -1.8281416893, "dvar2": 39.5537490845, "dvar": 15.6996030807, "dmean": 2.8247756958, "max": 151.256210327, "var": 70.7744140625, "mean": 7.49786186218}, "gfcc": {"mean": [42.7823791504, 83.1363143921, -89.2065429688, 42.9339675903, -62.4708023071, 6.67851209641, -47.2443199158, 9.39799022675, -22.7421016693, 7.03186368942, -19.4118900299, -0.969112694263, -15.2948122025], "icov": [[0.000257296866039, -0.000588398135733, 5.83520602504e-07, -0.000186778794159, 0.00092969997786, -0.000606658926699, 0.000642914674245, -0.000538717198651, 0.000677457079291, -0.000826509203762, 0.000957942102104, -0.000557868275791, 0.000348923611455], [-0.000588398135733, 0.00370083516464, -0.000454297813121, 0.00088985968614, -0.0031215348281, 0.00271189073101, -0.0013251270866, 0.000855178281199, -0.00312022911385, 0.00521247880533, -0.00637763971463, 0.00413171481341, -0.00248955818824], [5.83520602504e-07, -0.000454297813121, 0.00356190069579, -0.000383991806302, -0.000228441014769, -0.00189999712165, 0.00113610329572, -0.000804240931757, 0.00187932723202, -0.00212115631439, 0.00321591901593, -0.00360230612569, 0.00156930484809], [-0.000186778794159, 0.00088985968614, -0.000383991806302, 0.00624315487221, -0.0015966653591, -0.00142758374568, -0.000939988007303, 0.0017708260566, -0.00347147416323, 0.00225435849279, -0.00316347647458, 0.00340048968792, -0.00216243648902], [0.00092969997786, -0.0031215348281, -0.000228441014769, -0.0015966653591, 0.0113171990961, -0.00143861596007, -0.000175489578396, -0.00146384572145, 0.00252616475336, -0.00477772532031, 0.00496328948066, -0.00411268556491, 0.00240471563302], [-0.000606658926699, 0.00271189073101, -0.00189999712165, -0.00142758374568, -0.00143861596007, 0.0117681296542, -0.00439900578931, -0.00162372249179, -1.44224777614e-05, 0.00312456651591, -0.00319178239442, -0.00213843025267, 0.000855510530528], [0.000642914674245, -0.0013251270866, 0.00113610329572, -0.000939988007303, -0.000175489578396, -0.00439900578931, 0.0147781725973, -0.00494741788134, 0.00111191312317, -1.25208698591e-05, -0.00093362678308, 0.00455012079328, -0.00279763899744], [-0.000538717198651, 0.000855178281199, -0.000804240931757, 0.0017708260566, -0.00146384572145, -0.00162372249179, -0.00494741788134, 0.0205775685608, -0.0132754147053, -0.00216510915197, 0.00805445294827, -0.0076985321939, 0.00543603440747], [0.000677457079291, -0.00312022911385, 0.00187932723202, -0.00347147416323, 0.00252616475336, -1.44224777614e-05, 0.00111191312317, -0.0132754147053, 0.0299061518162, -0.010524250567, -0.0039392914623, 0.00763953384012, -0.00374877126887], [-0.000826509203762, 0.00521247880533, -0.00212115631439, 0.00225435849279, -0.00477772532031, 0.00312456651591, -1.25208698591e-05, -0.00216510915197, -0.010524250567, 0.0290016047657, -0.0138796381652, -0.00028860749444, 0.0047911638394], [0.000957942102104, -0.00637763971463, 0.00321591901593, -0.00316347647458, 0.00496328948066, -0.00319178239442, -0.00093362678308, 0.00805445294827, -0.0039392914623, -0.0138796381652, 0.0386944711208, -0.0218613166362, 0.00620464142412], [-0.000557868275791, 0.00413171481341, -0.00360230612569, 0.00340048968792, -0.00411268556491, -0.00213843025267, 0.00455012079328, -0.0076985321939, 0.00763953384012, -0.00028860749444, -0.0218613166362, 0.0399811379611, -0.020323606208], [0.000348923611455, -0.00248955818824, 0.00156930484809, -0.00216243648902, 0.00240471563302, 0.000855510530528, -0.00279763899744, 0.00543603440747, -0.00374877126887, 0.0047911638394, 0.00620464142412, -0.020323606208, 0.0300353057683]], "cov": [[10600.8828125, -470.626373291, 1182.39221191, -198.81211853, -525.660766602, 607.545532227, -412.985443115, 399.103515625, -177.258544922, 247.275390625, -174.894348145, 281.348175049, -159.235824585], [-470.626373291, 1270.62878418, -513.555358887, 80.9775619507, 109.091033936, -321.483978271, 92.482749939, -164.509674072, 105.049728394, -168.132659912, 118.934020996, -144.818786621, 99.6307449341], [1182.39221191, -513.555358887, 736.826538086, -60.644493103, -26.2577114105, 255.053497314, -88.1052932739, 138.105911255, -78.0060577393, 114.270675659, -65.6627883911, 139.125610352, -57.7919197083], [-198.81211853, 80.9775619507, -60.644493103, 217.732635498, 28.4689865112, 9.07250595093, 40.6673736572, -20.5454902649, 33.8665084839, -19.482000351, 22.8241157532, -25.0061244965, 18.5341091156], [-525.660766602, 109.091033936, -26.2577114105, 28.4689865112, 149.176071167, -20.4685916901, 33.9577255249, -2.8970246315, 16.8907623291, -1.02213215828, 12.6022367477, -6.92196464539, 5.88150119781], [607.545532227, -321.483978271, 255.053497314, 9.07250595093, -20.4685916901, 235.00213623, -1.97317957878, 85.6453704834, -27.5378742218, 54.5919837952, -23.6255378723, 70.1415481567, -26.9206600189], [-412.985443115, 92.482749939, -88.1052932739, 40.6673736572, 33.9577255249, -1.97317957878, 114.986228943, 7.13790512085, 29.3621692657, -17.6096935272, 11.5348949432, -28.6477336884, 11.4569015503], [399.103515625, -164.509674072, 138.105911255, -20.5454902649, -2.8970246315, 85.6453704834, 7.13790512085, 134.737960815, 27.221830368, 56.8381767273, -24.3280906677, 31.8060340881, -32.0176124573], [-177.258544922, 105.049728394, -78.0060577393, 33.8665084839, 16.8907623291, -27.5378742218, 29.3621692657, 27.221830368, 81.0634613037, 14.5713386536, 21.2058544159, -24.0026016235, 1.69182610512], [247.275390625, -168.132659912, 114.270675659, -19.482000351, -1.02213215828, 54.5919837952, -17.6096935272, 56.8381767273, 14.5713386536, 93.6533203125, 7.63739538193, 36.6344337463, -27.491765976], [-174.894348145, 118.934020996, -65.6627883911, 22.8241157532, 12.6022367477, -23.6255378723, 11.5348949432, -24.3280906677, 21.2058544159, 7.63739538193, 69.2611846924, 15.260216713, 19.5519962311], [281.348175049, -144.818786621, 139.125610352, -25.0061244965, -6.92196464539, 70.1415481567, -28.6477336884, 31.8060340881, -24.0026016235, 36.6344337463, 15.260216713, 92.5234298706, 16.4043312073], [-159.235824585, 99.6307449341, -57.7919197083, 18.5341091156, 5.88150119781, -26.9206600189, 11.4569015503, -32.0176124573, 1.69182610512, -27.491765976, 19.5519962311, 16.4043312073, 66.5716629028]]}, "spectral_energyband_middle_low": {"dmean2": 0.010082051158, "median": 0.0265024788678, "min": 2.76712437904e-22, "dvar2": 0.000119139331218, "dvar": 4.37490089098e-05, "dmean": 0.00621192436665, "max": 0.0947413742542, "var": 0.000169581675436, "mean": 0.0273358002305}, "melbands_crest": {"dmean2": 4.42652273178, "median": 12.7446041107, "min": 1.70183181763, "dvar2": 15.7010164261, "dvar": 5.8048210144, "dmean": 2.6874756813, "max": 32.8157958984, "var": 16.6543369293, "mean": 13.3599100113}, "spectral_kurtosis": {"dmean2": 1.6418479681, "median": 2.32980966568, "min": -1.21454560757, "dvar2": 8.26515674591, "dvar": 3.06096792221, "dmean": 0.98941630125, "max": 91.2308273315, "var": 4.95288944244, "mean": 2.85662555695}, "spectral_rms": {"dmean2": 0.00132939754985, "median": 0.00681893806905, "min": 3.20776586717e-12, "dvar2": 1.95233405975e-06, "dvar": 7.70482529333e-07, "dmean": 0.000813921797089, "max": 0.012220970355, "var": 3.14024987347e-06, "mean": 0.00665298756212}, "zerocrossingrate": {"dmean2": 0.0117573169991, "median": 0.0556640625, "min": 0.0048828125, "dvar2": 0.000126565806568, "dvar": 0.000101937504951, "dmean": 0.0100340088829, "max": 0.53125, "var": 0.00152563792653, "mean": 0.0628129467368}, "silence_rate_60dB": {"dmean2": 0.00195934367366, "median": 0, "min": 0, "dvar2": 0.00195548054762, "dvar": 0.000978586613201, "dmean": 0.000979551812634, "max": 1, "var": 0.0213156975806, "mean": 0.0217923596501}, "erbbands_kurtosis": {"dmean2": 1.09432446957, "median": -0.407318204641, "min": -1.7071441412, "dvar2": 2.30114507675, "dvar": 0.954306960106, "dmean": 0.692862987518, "max": 25.3257961273, "var": 3.75448870659, "mean": 0.162384331226}, "erbbands": {"dmean2": [0.243567705154, 2.7568564415, 6.68378400803, 9.68328094482, 14.1040897369, 25.5508308411, 23.3869400024, 25.4423389435, 31.8951835632, 37.1666908264, 21.3826351166, 27.449388504, 11.5120134354, 8.17419147491, 6.98503780365, 6.53204250336, 12.0587301254, 11.760632515, 10.8868427277, 11.9044618607, 15.3094530106, 14.5019330978, 8.69104099274, 9.94422912598, 10.2225618362, 11.5818796158, 11.2325868607, 9.73221206665, 11.1016330719, 5.39820098877, 5.10731077194, 3.40180063248, 2.10986113548, 1.44998300076, 1.89913523197, 0.558346569538, 0.154562070966, 0.0283311344683, 0.00103591196239, 3.67796528735e-05], "median": [0.0856871381402, 1.46598672867, 5.3394575119, 9.4247303009, 13.9313583374, 20.7745666504, 24.3727607727, 24.6460227966, 24.3165969849, 31.9538993835, 18.7784061432, 14.2267961502, 10.9416742325, 7.47205162048, 5.38721942902, 6.41936969757, 10.3053321838, 11.1341362, 8.94967842102, 11.0571327209, 13.7734375, 14.5859546661, 10.5576572418, 10.7701253891, 10.2308111191, 8.6227388382, 8.04546546936, 6.90189647675, 5.75858592987, 5.32254934311, 5.80076551437, 4.09542512894, 2.38186645508, 1.42842411995, 1.10437822342, 0.337314218283, 0.0889668315649, 0.0150145608932, 0.000513576611411, 7.84256699262e-05], "min": [9.22401702638e-22, 8.17580551465e-21, 9.18238334593e-21, 3.54642249275e-20, 4.7087227289e-20, 2.18958740648e-19, 7.59889159529e-19, 4.60826817048e-19, 2.64049493212e-19, 9.801311675e-19, 1.48818715409e-18, 5.45689705933e-19, 1.6638377164e-18, 4.16383943359e-18, 3.2423989019e-18, 2.70826087662e-18, 3.76633779023e-18, 5.30270749122e-18, 4.44666571991e-18, 1.45759414797e-17, 6.92613795168e-18, 4.38918369838e-18, 1.14736593221e-17, 1.04279681974e-17, 2.67581579243e-17, 1.47460941861e-17, 1.86587924867e-17, 1.54531400495e-17, 1.49228775722e-17, 2.04637320162e-17, 1.90922036948e-17, 1.19745064297e-17, 1.61994654116e-17, 1.39369659632e-17, 1.14593002939e-17, 6.96763677583e-18, 2.81382359844e-18, 1.42081980725e-18, 3.11178780696e-19, 3.09729088512e-20], "dvar2": [0.201177507639, 19.469165802, 87.1972122192, 224.402297974, 326.853668213, 1392.82141113, 1260.9498291, 1729.5012207, 3084.74658203, 4081.7019043, 1535.24938965, 4512.45605469, 450.564239502, 239.649856567, 194.548934937, 139.984603882, 421.984558105, 301.91015625, 300.327484131, 471.492523193, 803.554504395, 519.721435547, 114.85684967, 196.499786377, 203.145965576, 350.055175781, 382.782043457, 313.160583496, 461.088989258, 64.6063461304, 53.2823143005, 24.6076641083, 9.05352115631, 4.26287460327, 8.36846828461, 0.702982962132, 0.064359806478, 0.0021447930485, 2.93649327432e-06, 1.86505100253e-09], "dvar": [0.0779019519687, 7.70583820343, 30.8030853271, 77.583656311, 118.741523743, 509.169952393, 548.665161133, 764.907226563, 1274.45739746, 1917.26220703, 738.945068359, 2104.04614258, 208.974700928, 120.128456116, 89.4696578979, 62.3196716309, 189.714996338, 136.59161377, 129.387023926, 189.633651733, 353.865692139, 223.557525635, 44.9612007141, 75.6088485718, 75.4232025146, 131.378219604, 140.486755371, 113.292007446, 161.858398438, 24.2723770142, 21.6179103851, 10.5264892578, 4.25650930405, 2.14122867584, 3.88888144493, 0.375996649265, 0.0332390107214, 0.00115696049761, 1.52747429638e-06, 9.99114013744e-10], "dmean": [0.144681453705, 1.64110577106, 3.94813847542, 5.8052611351, 8.4337053299, 15.2514715195, 15.176410675, 16.7424087524, 19.7852210999, 24.6795845032, 14.2712602615, 18.3404846191, 7.57456445694, 5.34720039368, 4.47203445435, 4.15169239044, 7.91138124466, 7.37887430191, 6.86005067825, 7.50183773041, 9.71331119537, 9.09237194061, 5.31191396713, 5.9713640213, 6.00084161758, 6.74723672867, 6.57009124756, 5.6491355896, 6.20223522186, 3.2094848156, 3.20113492012, 2.23286962509, 1.46743488312, 1.03035259247, 1.29458117485, 0.39669084549, 0.111364610493, 0.020609067753, 0.000738445785828, 2.58474938164e-05], "max": [3.0864303112, 30.5665340424, 76.5028305054, 155.066452026, 168.809753418, 404.415313721, 401.732452393, 513.860046387, 690.058837891, 912.103515625, 617.59185791, 1185.12536621, 362.098968506, 367.082885742, 353.629699707, 231.589874268, 304.855285645, 287.720031738, 319.603790283, 474.562042236, 549.277648926, 521.807373047, 164.660614014, 191.10874939, 177.750610352, 204.816619873, 176.262161255, 151.134780884, 142.71987915, 85.8044052124, 102.117271423, 58.6361465454, 38.6575012207, 26.1826076508, 20.7041358948, 6.57563638687, 2.6357986927, 0.390633910894, 0.0172425433993, 0.000425936945248], "var": [0.077280677855, 9.06145191193, 53.8453712463, 179.684494019, 288.606536865, 1131.42785645, 2504.16333008, 3384.51953125, 5320.85693359, 12754.8251953, 2943.44824219, 9947.88085938, 868.5859375, 702.781677246, 230.716125488, 153.308807373, 491.484344482, 373.976013184, 369.634765625, 482.720428467, 848.135498047, 682.484558105, 128.137710571, 174.704208374, 162.160018921, 297.130523682, 262.683410645, 169.002944946, 180.468063354, 102.908027649, 96.3170089722, 51.3788909912, 23.5616874695, 9.34842967987, 7.17286539078, 0.932383418083, 0.0833598300815, 0.00279226177372, 3.56666782864e-06, 3.32687477567e-09], "mean": [0.179343014956, 2.4184756279, 7.50313997269, 13.3430080414, 18.7895145416, 31.2463626862, 42.2661857605, 46.8498344421, 49.5964393616, 74.2522354126, 36.573009491, 45.6248168945, 19.6051216125, 13.4332838058, 9.39539813995, 9.50968742371, 16.9711017609, 16.4570178986, 14.7454853058, 16.8182258606, 21.9022216797, 21.6898918152, 13.5930433273, 14.2034225464, 13.8922290802, 14.239068985, 13.282412529, 11.3422279358, 10.447262764, 8.43927288055, 8.63427829742, 6.47944879532, 4.1407585144, 2.61556363106, 2.13203454018, 0.752823531628, 0.219594374299, 0.0390851721168, 0.00137411220931, 9.1413698101e-05]}, "spectral_strongpeak": {"dmean2": 0.802596271038, "median": 0.739028930664, "min": 4.60210092257e-09, "dvar2": 0.818680822849, "dvar": 0.344487726688, "dmean": 0.463292777538, "max": 5.49651956558, "var": 0.731849968433, "mean": 1.03983998299}, "spectral_energy": {"dmean2": 0.0197386462241, "median": 0.0476603657007, "min": 1.05470051744e-20, "dvar2": 0.000523471622728, "dvar": 0.000205427611945, "dmean": 0.0120137296617, "max": 0.153085932136, "var": 0.000471244915389, "mean": 0.0485876537859}, "average_loudness": 0.959374189377, "spectral_rolloff": {"dmean2": 467.836761475, "median": 516.796875, "min": 107.666015625, "dvar2": 757643.5, "dvar": 303716.96875, "dmean": 270.226379395, "max": 18324.7558594, "var": 1588437.875, "mean": 890.649353027}, "spectral_centroid": {"dmean2": 289.999725342, "median": 923.106933594, "min": 159.057174683, "dvar2": 112317.304688, "dvar": 46793.9648438, "dmean": 175.654922485, "max": 10898.5498047, "var": 283494.3125, "mean": 1034.92932129}, "pitch_salience": {"dmean2": 0.10236607492, "median": 0.574863433838, "min": 0.14639133215, "dvar2": 0.00874044839293, "dvar": 0.00333139370196, "dmean": 0.0626374781132, "max": 0.926681816578, "var": 0.0101604871452, "mean": 0.572893857956}, "spectral_energyband_middle_high": {"dmean2": 0.0011832297314, "median": 0.00291965343058, "min": 1.70481338597e-21, "dvar2": 1.99074997909e-06, "dvar": 8.36510423596e-07, "dmean": 0.000755997549277, "max": 0.0206764936447, "var": 4.88359864903e-06, "mean": 0.0033340533264}, "spectral_contrast_coeffs": {"dmean2": [0.0803029611707, 0.0710547566414, 0.0565396696329, 0.0468009933829, 0.0351895578206, 0.0324618294835], "median": [-0.615095674992, -0.66717851162, -0.758401751518, -0.784300327301, -0.795760631561, -0.771891772747], "min": [-0.96957552433, -0.957377016544, -0.956636726856, -0.959942340851, -0.959100604057, -0.958532691002], "dvar2": [0.00441118981689, 0.00330864475109, 0.0019616454374, 0.00135595153552, 0.000776583037805, 0.00100983923767], "dvar": [0.00161285011563, 0.00128038588446, 0.000762701209169, 0.000545506190974, 0.000316900521284, 0.000380050187232], "dmean": [0.0481309071183, 0.0435335040092, 0.0346515215933, 0.0293732788414, 0.0219370815903, 0.0192903522402], "max": [-0.225056946278, -0.413267731667, -0.486221671104, -0.573972225189, -0.603629589081, -0.615473687649], "var": [0.0059333476238, 0.00580240786076, 0.00335353123955, 0.00220515881665, 0.00137043825816, 0.00115799263585], "mean": [-0.61244136095, -0.668124496937, -0.754724979401, -0.78038841486, -0.790725111961, -0.768101096153]}, "melbands_skewness": {"dmean2": 0.958580672741, "median": 3.45349979401, "min": -1.4609130621, "dvar2": 0.971994400024, "dvar": 0.40122538805, "dmean": 0.612965881824, "max": 10.4578142166, "var": 1.78567349911, "mean": 3.5910513401}, "spectral_spread": {"dmean2": 797620.1875, "median": 6083002, "min": 1324678.75, "dvar2": 772519297024, "dvar": 557035552768, "dmean": 617894.25, "max": 40348712, "var": 3057579458560.0, "mean": 6056565}, "dissonance": {"dmean2": 0.0240547116846, "median": 0.4656637609, "min": 0.334186822176, "dvar2": 0.000471730600111, "dvar": 0.00017227193166, "dmean": 0.0143708297983, "max": 0.499997258186, "var": 0.000406058505177, "mean": 0.462791204453}, "spectral_skewness": {"dmean2": 0.286666959524, "median": 1.36821556091, "min": 0.00753211136907, "dvar2": 0.111902572215, "dvar": 0.0427702367306, "dmean": 0.172572717071, "max": 7.44688892365, "var": 0.119252324104, "mean": 1.38004851341}, "spectral_flux": {"dmean2": 0.0411558449268, "median": 0.0867766439915, "min": 1.02698613502e-10, "dvar2": 0.00193450972438, "dvar": 0.000773080042563, "dmean": 0.0259186811745, "max": 0.29828196764, "var": 0.0019523469964, "mean": 0.093282289803}, "spectral_contrast_valleys": {"dmean2": [0.618443906307, 0.515431582928, 0.472159266472, 0.409599453211, 0.365127533674, 0.313443720341], "median": [-6.39959621429, -6.25509643555, -7.37603235245, -7.53872919083, -7.15332794189, -9.11822605133], "min": [-27.0051364899, -27.4695034027, -27.3078517914, -27.2587490082, -27.2778606415, -27.2633914948], "dvar2": [0.275850951672, 0.175176158547, 0.150317370892, 0.12430870533, 0.131637647748, 0.145032286644], "dvar": [0.113108702004, 0.0794875472784, 0.0695096179843, 0.061309337616, 0.0656797811389, 0.0917787998915], "dmean": [0.373834788799, 0.312663346529, 0.28563657403, 0.259914785624, 0.231914356351, 0.233955308795], "max": [-4.90926742554, -4.68357563019, -6.05789089203, -6.08605289459, -5.7893371582, -7.71580457687], "var": [1.4642316103, 1.10339260101, 0.926550626755, 0.784500360489, 0.748227059841, 1.75484144688], "mean": [-6.61665868759, -6.39974594116, -7.50888442993, -7.66131258011, -7.2628531456, -9.47127628326]}, "erbbands_flatness_db": {"dmean2": 0.0182311628014, "median": 0.114182963967, "min": 0.0528038926423, "dvar2": 0.000334652257152, "dvar": 0.00018719570653, "dmean": 0.0133024649695, "max": 0.354377269745, "var": 0.00180576741695, "mean": 0.124057561159}, "spectral_energyband_high": {"dmean2": 0.000852259341627, "median": 0.00118510657921, "min": 7.66818480601e-21, "dvar2": 1.51172537244e-06, "dvar": 6.60079990666e-07, "dmean": 0.000565481255762, "max": 0.0121043557301, "var": 2.94787764687e-06, "mean": 0.00172731804196}, "spectral_entropy": {"dmean2": 0.203553572297, "median": 7.71384620667, "min": 5.61228847504, "dvar2": 0.0446064434946, "dvar": 0.0215765461326, "dmean": 0.137167662382, "max": 9.79109287262, "var": 0.137989461422, "mean": 7.66051340103}, "silence_rate_20dB": {"dmean2": 0, "median": 1, "min": 1, "dvar2": 0, "dvar": 0, "dmean": 0, "max": 1, "var": 0, "mean": 1}, "melbands_flatness_db": {"dmean2": 0.034049898386, "median": 0.2022690624, "min": 0.00563750742003, "dvar2": 0.00107765500434, "dvar": 0.000442757300334, "dmean": 0.0211201626807, "max": 0.51858818531, "var": 0.0028528268449, "mean": 0.206296339631}, "barkbands": {"dmean2": [0.000459240574855, 0.0109187504277, 0.00623544538394, 0.00386295141652, 0.00584707222879, 0.00319964857772, 0.00255943462253, 0.00113766477443, 0.00103838986252, 0.000370557943825, 0.000182287534699, 0.000160001247423, 0.000261291686911, 0.000294727389701, 0.000196300679818, 0.00025655925856, 0.000271904980764, 0.000166486468515, 0.000221846436034, 0.000238398934016, 0.00025987776462, 0.000253508624155, 0.000169808539795, 0.000132587461849, 0.000191224855371, 8.66809859872e-05, 1.00956403912e-05], "median": [8.6520682089e-05, 0.0054249279201, 0.00480173900723, 0.00312809366733, 0.00592007953674, 0.00293016992509, 0.00216047186404, 0.000697061768733, 0.000543217174709, 0.00027241348289, 0.000103073638456, 0.000116820716357, 0.000206947181141, 0.000237486645347, 0.000151222324348, 0.000219713561819, 0.000252065947279, 0.000176193178049, 0.000215497915633, 0.000174893459189, 0.000191320490558, 0.00016073131701, 0.000196960623725, 0.000165671342984, 0.000144834455568, 5.23396993231e-05, 3.65460482499e-06], "min": [1.16539865144e-23, 3.63417458973e-23, 5.37695757709e-24, 1.56011191068e-23, 6.97883533397e-23, 6.51024627647e-23, 2.71006253567e-23, 7.20332369058e-23, 2.1971967666e-23, 1.24993155031e-22, 4.48146579111e-23, 8.18648608547e-23, 1.19324690867e-22, 6.9131995823e-23, 1.58959006499e-22, 2.11745286873e-22, 6.96373211862e-23, 2.06515643942e-22, 4.25055118424e-22, 3.97408661274e-22, 3.94575224364e-22, 4.09985148831e-22, 6.97188048379e-22, 7.9590390587e-22, 1.42481093108e-21, 1.61094646082e-21, 2.27929799543e-21], "dvar2": [7.86958366916e-07, 0.000320906779962, 7.59360773372e-05, 3.53580871888e-05, 5.97400976403e-05, 2.53050984611e-05, 1.47045693666e-05, 3.90561353925e-06, 5.6703388509e-06, 4.69172476869e-07, 1.07020134976e-07, 7.71401005295e-08, 1.82552994943e-07, 1.7800978469e-07, 1.16417261609e-07, 1.93001298499e-07, 1.63296036249e-07, 4.39536087526e-08, 1.00414894177e-07, 1.49563405216e-07, 2.17142229531e-07, 2.02327839816e-07, 6.12745481021e-08, 3.3668893451e-08, 7.65548691106e-08, 1.95366496314e-08, 2.79423567617e-10], "dvar": [3.15291885045e-07, 0.000128262938233, 2.62240300799e-05, 1.2400468222e-05, 2.21315731324e-05, 1.10783630589e-05, 6.31271495877e-06, 1.88888009234e-06, 2.61994910034e-06, 2.20835460141e