{"rhythm": {"bpm": 139.871841431, "bpm_histogram_second_peak_weight": {"mean": 0.025225225836, "min": 0.025225225836, "max": 0.025225225836, "dmean2": 0, "dvar": 0, "dmean": 0, "median": 0.025225225836, "dvar2": 0, "var": 0}, "bpm_histogram_first_peak_weight": {"mean": 0.722522497177, "min": 0.722522497177, "max": 0.722522497177, "dmean2": 0, "dvar": 0, "dmean": 0, "median": 0.722522497177, "dvar2": 0, "var": 0}, "danceability": 1.12377595901, "beats_loudness": {"mean": 0.0614551231265, "min": 3.32049143736e-09, "max": 0.146802529693, "dmean2": 0.0265556424856, "dvar": 0.000282079941826, "dmean": 0.0151856383309, "median": 0.0562422461808, "dvar2": 0.000752363353968, "var": 0.00140593841206}, "onset_rate": 5.35295772552, "bpm_histogram_second_peak_spread": {"mean": 0.0666666701436, "min": 0.0666666701436, "max": 0.0666666701436, "dmean2": 0, "dvar": 0, "dmean": 0, "median": 0.0666666701436, "dvar2": 0, "var": 0}, "bpm_histogram_first_peak_spread": {"mean": 0.236190482974, "min": 0.236190482974, "max": 0.236190482974, "dmean2": 0, "dvar": 0, "dmean": 0, "median": 0.236190482974, "dvar2": 0, "var": 0}, "beats_position": [0.406349211931, 0.812698423862, 1.21904754639, 1.62539684772, 2.03174591064, 2.4497051239, 2.87927436829, 3.29723358154, 3.72680258751, 4.15637159348, 4.58594083786, 5.01551008224, 5.44507932663, 5.87464857101, 6.29260778427, 6.72217655182, 7.1517457962, 7.58131504059, 8.01088428497, 8.44045352936, 8.87002277374, 9.29959201813, 9.72916126251, 10.1587295532, 10.5882987976, 11.017868042, 11.4474372864, 11.8653964996, 12.3065757751, 12.7245349884, 13.1541042328, 13.5836734772, 14.0132427216, 14.4428119659, 14.8723802567, 15.301949501, 15.7315187454, 16.1610889435, 16.5906581879, 17.0202255249, 17.4381847382, 17.8793640137, 18.2973232269, 18.7268924713, 19.1564617157, 19.5860309601, 20.0156002045, 20.4335594177, 20.8747386932, 21.2926979065, 21.733877182, 22.1518363953, 22.5814056396, 23.010974884, 23.4405441284, 23.8701133728, 24.2996826172, 24.7292518616, 25.158821106, 25.5883903503, 26.0179595947, 26.4475269318, 26.865486145, 27.2950553894, 27.7246246338, 28.1658039093, 28.5837631226, 29.0249423981, 29.4429016113, 29.8724708557, 30.3020401001, 30.7316093445, 31.1611785889, 31.5907478333, 32.0203170776, 32.4382743835, 32.8794555664, 33.2974128723, 33.7269821167, 34.1565513611, 34.5861206055, 35.0156898499, 35.4452590942, 35.8748283386, 36.304397583, 36.7339668274, 37.1635360718, 37.5931053162, 38.0226745605, 38.4522438049, 38.8702049255, 39.2997741699, 39.7293434143, 40.1589126587, 40.5884780884, 41.0180473328, 41.4476165771, 41.8771858215, 42.3067550659, 42.7247161865, 43.1542854309, 43.5838546753, 44.0134239197, 44.4429931641, 44.8725624084, 45.3021316528, 45.7317008972, 46.1612701416, 46.590839386, 47.0204086304, 47.4499778748, 47.8795471191, 48.297504425, 48.7270736694, 49.1566429138, 49.5862121582, 50.0157814026, 50.445350647, 50.8749198914, 51.2928771973, 51.7340583801, 52.1636276245, 52.5931968689, 53.0111541748, 53.4523353577, 53.8702926636, 54.3114738464, 54.7294311523, 55.1590003967, 55.5885696411, 56.0181388855, 56.4477081299, 56.8772773743, 57.3068466187, 57.736415863, 58.1659851074, 58.5955543518, 59.0251235962, 59.4546928406, 59.884262085, 60.3022193909, 60.7317886353, 61.1613578796, 61.590927124, 62.0204963684, 62.4500656128, 62.8796348572, 63.3092041016, 63.7387733459, 64.1683425903, 64.5979156494, 65.0158691406, 65.4454421997, 65.8750076294, 66.3045806885, 66.7341461182, 67.1637191772, 67.5932846069, 68.0344696045, 68.4756469727, 68.9284362793, 69.3812255859, 69.8224029541, 70.2635803223, 70.7163696289, 71.1691589355, 71.6219482422, 72.0747375488, 72.5043106079, 72.9338760376, 73.3634490967, 73.7930145264, 74.2225799561, 74.6521530151, 75.0817184448, 75.5112915039, 75.9408569336, 76.3704299927, 76.7999954224, 77.2295684814, 77.6591339111, 78.0887069702, 78.5182723999, 78.947845459, 79.3774108887, 79.8069839478, 80.2365493774, 80.6661224365, 81.0956878662, 81.5252609253, 81.9432220459, 82.3727874756, 82.8023605347, 83.2319259644, 83.661491394, 84.0910644531, 84.5206298828, 84.9502029419, 85.3797683716, 85.7977294922, 86.2273025513, 86.656867981, 87.08644104, 87.5160064697, 87.9455795288, 88.3751449585, 88.8047180176, 89.2342834473, 89.6638565063, 90.093421936, 90.5229949951, 90.9525604248, 91.3705215454, 91.8000869751, 92.2296600342, 92.6708374023, 93.0887985229, 93.5183639526, 93.9479370117, 94.3775024414, 94.8070755005, 95.2366409302, 95.6662139893, 96.0841674805, 96.5137405396, 96.9433059692, 97.3728790283, 97.802444458, 98.2320175171, 98.6499786377, 99.0911560059, 99.5207214355, 99.9502944946, 100.379859924, 100.809432983, 101.238998413, 101.668571472, 102.098136902, 102.527709961, 102.957275391, 103.375236511, 103.804801941, 104.234375, 104.675552368, 105.093513489, 105.511474609, 105.952651978, 106.382217407, 106.811790466, 107.229751587, 107.659317017, 108.088890076, 108.518455505, 108.948028564, 109.377593994, 109.807167053, 110.236732483, 110.666305542, 111.095870972, 111.525436401, 111.95500946, 112.38457489, 112.814147949, 113.243713379, 113.6616745, 114.091247559, 114.520812988, 114.950386047, 115.379951477, 115.809524536, 116.239089966, 116.668663025, 117.098228455, 117.527801514, 117.957366943, 118.375328064, 118.804893494, 119.234466553, 119.664031982, 120.093605042, 120.523170471, 120.95274353, 121.38230896, 121.811882019, 122.241447449, 122.671020508, 123.088973999, 123.530158997, 123.959724426, 124.389297485, 124.807250977, 125.248435974, 125.666389465, 126.095962524, 126.525527954, 126.955101013, 127.384666443, 127.814239502, 128.243804932, 128.673370361, 129.10295105, 129.532516479, 129.962081909, 130.391647339, 130.821228027, 131.262405396, 131.703582764, 132.15637207, 132.632385254, 133.085174561, 133.549560547, 134.002349854, 134.44354248, 134.87310791, 135.30267334, 135.743850708, 136.161804199, 136.591384888, 137.020950317, 137.450515747, 137.880081177, 138.309661865, 138.739227295, 139.168792725, 139.598358154, 140.016326904, 140.457504272, 140.887069702, 141.316635132, 141.734603882, 142.164169312, 142.593734741, 143.02331543, 143.452880859, 143.870834351, 144.312011719, 144.741577148, 145.171157837, 145.589111328, 146.030288696, 146.448257446, 146.877822876, 147.307388306, 147.736953735, 148.166534424, 148.596099854, 149.025665283, 149.455230713, 149.884811401, 150.314376831, 150.743942261, 151.17350769, 151.603088379, 152.02104187, 152.4506073, 152.880172729, 153.309753418, 153.739318848, 154.157272339, 154.598449707, 155.028030396, 155.457595825, 155.875549316, 156.305114746, 156.734695435, 157.175872803, 157.593826294, 158.023391724, 158.452972412, 158.882537842, 159.312103271, 159.741668701, 160.17124939, 160.600814819, 161.030380249, 161.459945679, 161.889526367, 162.319091797, 162.748657227, 163.178222656, 163.607803345, 164.025756836, 164.455322266, 164.884887695, 165.314468384, 165.744033813, 166.173599243, 166.603164673, 167.021133423, 167.450698853, 167.880264282, 168.309844971, 168.7394104, 169.16897583, 169.59854126, 170.039718628, 170.480911255, 170.922088623, 171.363265991, 171.804443359, 172.245620728, 172.686798096, 173.127975464, 173.580764771, 174.033554077, 174.486343384, 174.93913269, 175.36869812, 175.798278809, 176.227844238, 176.657409668, 177.086975098, 177.516555786, 177.946121216, 178.375686646, 178.805252075, 179.234832764, 179.664398193, 180.093963623, 180.523529053, 180.953109741, 181.382675171, 181.812240601, 182.24180603, 182.671386719, 183.100952148, 183.530517578, 183.960083008, 184.389663696, 184.807617188, 185.237182617, 185.666748047, 186.096328735, 186.525894165, 186.955459595, 187.385025024, 187.814605713, 188.244171143, 188.673736572, 189.103302002, 189.521270752, 189.950836182, 190.380401611, 190.809967041, 191.239547729, 191.669113159, 192.098678589, 192.528244019, 192.957824707, 193.387390137, 193.816955566, 194.246520996, 194.676101685, 195.105667114, 195.535232544, 195.953201294, 196.382766724, 196.812332153, 197.241897583, 197.671463013, 198.101043701, 198.530609131, 198.960174561, 199.38973999, 199.80770874, 200.248886108, 200.6668396, 201.096420288, 201.525985718, 201.955551147, 202.385116577, 202.814697266, 203.244262695, 203.673828125, 204.103393555, 204.521362305, 204.962539673, 205.380493164, 205.821670532, 206.239639282, 206.669204712, 207.098770142, 207.528335571, 207.95791626, 208.387481689, 208.817047119, 209.246612549, 209.676193237, 210.094146729, 210.535324097, 210.953277588, 211.382858276, 211.812423706, 212.241989136, 212.671554565, 213.101135254, 213.530700684, 213.960266113, 214.389831543, 214.819412231, 215.248977661, 215.666931152, 216.108108521, 216.526077271, 216.967254639, 217.38520813, 217.826385498, 218.244354248, 218.673919678, 219.103485107, 219.533050537, 219.962631226, 220.380584717, 220.821762085, 221.239730835, 221.669296265, 222.098861694, 222.528427124, 222.958007813, 223.387573242, 223.817138672, 224.246704102, 224.676269531, 225.094238281, 225.523803711, 225.953369141, 226.394546509, 226.812515259, 227.242080688, 227.671646118, 228.112823486, 228.530792236, 228.960357666, 229.389923096, 229.807891846, 230.237457275, 230.667022705, 231.096588135, 231.526168823, 231.967346191, 232.40852356, 232.861312866, 233.302490234, 233.720443726, 234.138412476, 234.556365967, 234.939498901, 235.322631836, 235.705749512, 236.088882446, 236.472015381, 236.855148315, 237.238265991, 237.621398926, 238.00453186, 238.387664795], "bpm_histogram_first_peak_bpm": {"mean": 140, "min": 140, "max": 140, "dmean2": 0, "dvar": 0, "dmean": 0, "median": 140, "dvar2": 0, "var": 0}, "beats_count": 556, "beats_loudness_band_ratio": {"mean": [0.590730071068, 0.0502619370818, 0.0771820098162, 0.0588201209903, 0.0696929693222, 0.167682081461], "min": [0.00258438964374, 0.0019391059177, 0.000738221220672, 0.00117276597302, 0.00279361382127, 0.0015493411338], "max": [0.984952270985, 0.532462477684, 0.681365668774, 0.385421991348, 0.44386190176, 0.781540811062], "dmean2": [0.194366142154, 0.0688939094543, 0.0789488703012, 0.0486483573914, 0.0502983517945, 0.103888146579], "dvar": [0.0190406125039, 0.0022081551142, 0.00447570392862, 0.00126917846501, 0.00183701491915, 0.00716034788638], "dmean": [0.112627826631, 0.0388260483742, 0.0461639501154, 0.0285670962185, 0.0299180354923, 0.0597624629736], "median": [0.691211521626, 0.0322083607316, 0.0471090227365, 0.0399125926197, 0.040399145335, 0.116351351142], "dvar2": [0.0467723011971, 0.00596077879891, 0.0137530239299, 0.00377250416204, 0.00495803635567, 0.0177683699876], "var": [0.0820917710662, 0.00377603108063, 0.0088456729427, 0.00310806138441, 0.00409774202853, 0.0201144851744]}, "bpm_histogram_second_peak_bpm": {"mean": 133, "min": 133, "max": 133, "dmean2": 0, "dvar": 0, "dmean": 0, "median": 133, "dvar2": 0, "var": 0}}, "tonal": {"chords_number_rate": 0.00155460555106, "tuning_diatonic_strength": 0.505729556084, "chords_changes_rate": 0.0509133301675, "thpcp": [1, 0.980044662952, 0.473374098539, 0.24196754396, 0.190070107579, 0.235871076584, 0.374331563711, 0.393759816885, 0.320739686489, 0.437389343977, 0.435253322124, 0.253833144903, 0.207322672009, 0.21662978828, 0.50299847126, 0.871326804161, 0.58449023962, 0.183654263616, 0.135312721133, 0.152525931597, 0.254477649927, 0.471582084894, 0.507188498974, 0.349321871996, 0.447632491589, 0.628911316395, 0.53457146883, 0.398378610611, 0.38686260581, 0.45771381259, 0.694096088409, 0.703132033348, 0.462449371815, 0.368300527334, 0.357869565487, 0.524702906609], "hpcp": {"mean": [0.105839006603, 0.102779492736, 0.121602848172, 0.184403568506, 0.186804190278, 0.122860968113, 0.0978480279446, 0.0950767844915, 0.139400139451, 0.265674412251, 0.260372787714, 0.125763386488, 0.0642845854163, 0.0504967644811, 0.0626649111509, 0.0994503200054, 0.10461191088, 0.0852123275399, 0.116203159094, 0.115635670722, 0.0674369707704, 0.0550803281367, 0.0575529932976, 0.133633822203, 0.231489241123, 0.155284106731, 0.0487922392786, 0.0359491296113, 0.040522236377, 0.0676082000136, 0.125287294388, 0.134746998549, 0.0928058847785, 0.118924498558, 0.167085647583, 0.14202195406], "min": [0, 0, 0, 0, 0, 0, 0, 0, 0, 0, 0, 0, 0, 0, 0, 0, 0, 0, 0, 0, 0, 0, 0, 0, 0, 0, 0, 0, 0, 0, 0, 0, 0, 0, 0, 0], "max": [1, 1, 1, 1, 1, 1, 1, 1, 1, 1, 1, 1, 1, 1, 1, 1, 1, 1, 1, 1, 1, 1, 1, 1, 1, 1, 1, 1, 1, 1, 1, 1, 1, 1, 1, 1], "dmean2": [0.229138880968, 0.213258266449, 0.241982683539, 0.287548869848, 0.275413244963, 0.251280128956, 0.252549737692, 0.262796521187, 0.299175798893, 0.323006570339, 0.313613593578, 0.239212110639, 0.143485218287, 0.108079142869, 0.117156304419, 0.158409371972, 0.172954127192, 0.151355624199, 0.170083805919, 0.167548447847, 0.121847122908, 0.105366319418, 0.118996948004, 0.195081666112, 0.251105487347, 0.194909542799, 0.0945378392935, 0.0735464766622, 0.0720699131489, 0.0927900746465, 0.165965795517, 0.184262141585, 0.170489981771, 0.184532374144, 0.199993953109, 0.242711395025], "dvar": [0.048295237124, 0.049747530371, 0.0616711489856, 0.0676165372133, 0.0622620284557, 0.062133166939, 0.0663015022874, 0.0709186941385, 0.067671097815, 0.0706714093685, 0.069167599082, 0.0521444864571, 0.0351185314357, 0.0266930870712, 0.0253782551736, 0.035229600966, 0.0405757278204, 0.0327047407627, 0.0337039269507, 0.0354076363146, 0.0246497038752, 0.0242976974696, 0.0267142225057, 0.0370603092015, 0.0755368545651, 0.0363738536835, 0.0164524912834, 0.0122306756675, 0.0120786894113, 0.0125308055431, 0.0312161073089, 0.040432408452, 0.0394392311573, 0.0410879850388, 0.0485299490392, 0.0549022033811], "dmean": [0.124880298972, 0.116466373205, 0.133575379848, 0.164089053869, 0.1580067873, 0.136461257935, 0.13270829618, 0.136849284172, 0.161824196577, 0.182015046477, 0.177691176534, 0.13075402379, 0.0767862647772, 0.0580752007663, 0.0642880424857, 0.0896612629294, 0.0971483811736, 0.0836590528488, 0.097974807024, 0.0961270406842, 0.0680112466216, 0.0577389895916, 0.0644399449229, 0.107101231813, 0.137620747089, 0.109271198511, 0.0521022826433, 0.0400712303817, 0.0401678010821, 0.0531128421426, 0.0965521857142, 0.107555180788, 0.0963049829006, 0.10599847883, 0.113247692585, 0.135593876243], "median": [0.0238653048873, 0.0210144221783, 0.0252673998475, 0.0459723621607, 0.0467368140817, 0.0250032022595, 0.0145292459056, 0.0129550164565, 0.041461803019, 0.082930997014, 0.074372202158, 0.0312474146485, 0.010940445587, 0.0100314896554, 0.015061404556, 0.0242137163877, 0.0242765750736, 0.0207393504679, 0.0294852778316, 0.0260085016489, 0.0129631850868, 0.00810291059315, 0.00806951522827, 0.0163308270276, 0.0211449488997, 0.0198394004256, 0.00977440457791, 0.00640115654096, 0.00628048088402, 0.0136628784239, 0.0289642363787, 0.0277972407639, 0.017748400569, 0.0156204793602, 0.0191074684262, 0.0235514044762], "dvar2": [0.134280130267, 0.133201733232, 0.162355259061, 0.169526159763, 0.159014746547, 0.174823135138, 0.196314305067, 0.213205084205, 0.198484390974, 0.179788857698, 0.174266204238, 0.150810331106, 0.101558037102, 0.0777176842093, 0.0728094577789, 0.0939688310027, 0.108712203801, 0.092025436461, 0.088590182364, 0.0916649252176, 0.0698405429721, 0.0689429491758, 0.0777557864785, 0.0963629111648, 0.176399961114, 0.0922112613916, 0.046957463026, 0.0357683561742, 0.0339311957359, 0.0345261134207, 0.0833811834455, 0.0963262915611, 0.111422479153, 0.109873570502, 0.113686107099, 0.146108567715], "var": [0.0367884263396, 0.0389218404889, 0.0487007424235, 0.0799544677138, 0.0842370167375, 0.0480634719133, 0.0420302189887, 0.0435446798801, 0.050456404686, 0.11625379324, 0.117205373943, 0.0443299114704, 0.0241758469492, 0.0172984711826, 0.0189582258463, 0.0373723693192, 0.0414205566049, 0.0276146624237, 0.0425194501877, 0.0465353913605, 0.020812548697, 0.0218973811716, 0.0224500484765, 0.0454642958939, 0.139090180397, 0.0607143193483, 0.0118233673275, 0.00829652138054, 0.0119464341551, 0.0202636756003, 0.0473258532584, 0.0588803514838, 0.0350561365485, 0.0509463399649, 0.0928948894143, 0.0628569796681]}, "tuning_frequency": 434.193115234, "chords_scale": "major", "chords_histogram": [4.6055188179, 25.4372329712, 19.9961128235, 12.8643608093, 9.15273952484, 7.22891569138, 0, 14.5355615616, 0.855033040047, 4.52778863907, 0.136027976871, 0.155460551381, 0, 0, 0, 0, 0, 0, 0, 0, 0.136027976871, 0, 0.369218796492, 0], "hpcp_entropy": {"mean": 2.32628655434, "min": 0, "max": 4.56192779541, "dmean2": 1.1704454422, "dvar": 0.295519471169, "dmean": 0.700161516666, "median": 2.35045051575, "dvar2": 0.795705676079, "var": 0.584534347057}, "chords_key": "G#", "key_key": "F", "key_scale": "minor", "tuning_nontempered_energy_ratio": 0.886822104454, "tuning_equal_tempered_deviation": 0.198415085673, "key_strength": 0.605387270451, "chords_strength": {"mean": 0.503887653351, "min": 0.242499694228, "max": 0.768447577953, "dmean2": 0.00959099084139, "dvar": 5.35327271791e-05, "dmean": 0.00905388314277, "median": 0.499116927385, "dvar2": 5.93579461565e-05, "var": 0.00770319346339}}, "metadata": {"audio_properties": {"md5_encoded": "135a3f03d33f4d760bde98cd8afd7c84", "downmix": "mix", "equal_loudness": 0, "bit_rate": 160000, "analysis_sample_rate": 44100, "length": 238.915924072, "lossless": false, "replay_gain": -4.21648597717, "sample_rate": 44100, "codec": "mp3"}, "version": {"essentia_git_sha": "v2.1_beta2-1-ge3940c0", "essentia_build_sha": "2d9f1f26377add8aeb1075a9c2973f962c4f09fd", "extractor": "music 1.0", "essentia": "2.1-beta2"}, "tags": {"album": ["History of Dance 6: the Trance Edition (Disc 3)"], "bpm": ["139.99"], "title": ["L'esperanza (2)"], "musicbrainz_recordingid": ["eb70580c-dc01-44f1-a2fa-47c552559a65"], "artist": ["Airscape"], "genre": ["Techno"], "tracknumber": ["21"], "date": ["1999"], "acoustid_fingerprint": ["AQABz5GiRKGWZEqQ4CzgJPyMf0Ct48xxFcd1lMyRXnB-HDh8Qcfh4wd84dCD34J-kIj-4MDxGid81A6CM7mg_2hePMRh6AQsGMcDv4ee48GP432ILxtuXMOf4_hx9AuO65i1C8xDuDseHCk_PMjx4tA3_EF6_Hh12NuR7ziUDzHOw9NdwTb-ET6PCt_wMMd5dLEc5AbOQ8TxEznxw_jxlDryw-k36MgfHNfxKnhyVNxxZgf-44iOcyh56E0sGDiOQzx-3Dh-iMePq0XKEMhO_NgtiD1sfMgRr0NTk8N5PBcq-tCDd4eP6tBOWMR1HNqPhqtxBZ9xHRdJuArU7URjER-NS0f4HPZ51MowPSvCxFLw4Ae75Gge4_jx48dZPCuuC-Lx42vwHBfe8LAjPA_0qNhOfMFVfMkLv0Wu4CHqHw-eHWdONN-KB35IpId_6IFP4y1SrvCDykVYEj5sSYd_aD76tBqa72izo7GJ0EPDGx-QHz--G9O049txDvpx-NAPk7hgyYeP4-zx4NVxwvJBkTSO_cIH_Th8oqqPH99OnJrR8NAl2LiDo2MI7cdxKjQO54T2oMc1nbhx13iOsBl6ePqQC-7hB9uzoDLOdMO5HMzjCX5IHT5K9DScJxwOOTR8hniYHV90eCz8By-hh3gS4RKx_QH841MNO8HDEL_wokeO68a1o3kO47pgEunxhoGrQod7WM3RdugTXA9e6Az8wTmzIT-8CSlJ9LiUG0MtCzr0RXD84JuCH8YF-DiO34J5_HiFHz8uWCP0gsqNCyaxP0h9-MiDPx86Hp-gyYcZIz1hJ4gP_-iMp9BE4cSPJieeo60qvIcmE0-MWscPrziu9niSQxP6DFqGPTh1ME8WBx6zBz_84z384g5-GX54dIP2yMSHB1eNJ4euZDB_7AHM9biUww6usPCP5sGnEA-PH2WWHH6Uw4ef4yH8Hg984w384oGPt8KJ4znsTIao5mgXGpWFJ0e_4h90TEeP8zi09_CZgl-ON4KOeD_OHmMAIoxhVpQhwBAxlFXSGUsQkEIRiwAgAhEDEHPKMiAUMcJbBYAlCgEEkCCOMQIUcIIR5iTA2hlEBIDOGwAQEQopxARxxAFAIANAICoIcoQ5BgQRBABHkBqKGCuZsEYMoxBUBogJEBOKCYIQEIQo44hAhiGhEEHCAiIYUgg5hgBwijAghFOGGSkEM0IYRAwwDCgmkDGAASWEFA4AIwwQBDDhjAFiEYWIgUAyJ5xRIjgLFKIAAmSUKIoiAQBQgDLFAANCCYSAUsQiBQABAgABhHGAGUOEYUgRgIAUjFFGmCIMAOMEEAoYwJgDADiliGEBCaekME4YAAzCCCAlEhnACgYMIIgIIqRyziCmBDXKQYcIsgIBAwAjSDCBABEACMOQEoQAjohBSgGhFDMGAAUUA4IpARhwDjPkFCQMCSGJFUEAI4hjQAg"], "musicip_puid": ["ba894c63-91e1-6133-8027-580e47c702b1"], "file_name": "Airscape - L'esperanza (2).mp3", "acoustid_id": ["bc9ef6d3-4b74-466c-bda2-e9905a687680"], "musicbrainz album release country": ["Netherlands"], "musicbrainz album type": ["Compilation"], "musicbrainz_albumid": ["a7a5d70b-4881-48e1-b8f0-9ee774336f5a"]}}, "lowlevel": {"mfcc": {"mean": [-594.863037109, 62.3536109924, 17.8884944916, 28.872718811, 13.3835391998, 12.0985689163, 12.5388822556, 12.086930275, 5.3145403862, 10.3549776077, 2.55083322525, 4.72411298752, 5.59172105789], "cov": [[6224.97216797, -482.77355957, 286.78604126, 173.822174072, 15.970785141, -0.768904864788, 81.3850250244, 145.812179565, 123.227645874, 149.331359863, 39.8726997375, 12.7071228027, -1.77563643456], [-482.77355957, 643.852416992, 75.8892974854, 75.6498565674, 133.809631348, 74.5108413696, 39.9640045166, -9.15049934387, -8.48390197754, -11.7826776505, 6.38687753677, 6.69986581802, 21.8390541077], [286.78604126, 75.8892974854, 344.420928955, 80.3064041138, 147.082672119, 97.9656066895, 55.0183448792, 42.4901008606, 36.7253913879, 15.212937355, 8.91877746582, 14.8474550247, 22.5575447083], [173.822174072, 75.6498565674, 80.3064041138, 170.72883606, 60.2828483582, 42.0310974121, 40.0150871277, 21.7603855133, 14.77384758, 30.1141796112, 8.28207206726, 10.7125778198, 5.96753454208], [15.970785141, 133.809631348, 147.082672119, 60.2828483582, 202.346191406, 127.72743988, 62.4206619263, 39.8375053406, 26.1997051239, -1.36918723583, 11.2031974792, 12.2255373001, 19.3644809723], [-0.768904864788, 74.5108413696, 97.9656066895, 42.0310974121, 127.72743988, 137.801849365, 77.3507919312, 47.9839744568, 27.0233421326, 2.66839122772, 4.92802333832, 11.2162866592, 14.4125242233], [81.3850250244, 39.9640045166, 55.0183448792, 40.0150871277, 62.4206619263, 77.3507919312, 126.985107422, 70.661781311, 40.9132766724, 29.272026062, 12.2012386322, 5.68907165527, 11.0378465652], [145.812179565, -9.15049934387, 42.4901008606, 21.7603855133, 39.8375053406, 47.9839744568, 70.661781311, 92.9759216309, 53.9971389771, 29.1487674713, 12.9156341553, 13.8547668457, 16.9329910278], [123.227645874, -8.48390197754, 36.7253913879, 14.77384758, 26.1997051239, 27.0233421326, 40.9132766724, 53.9971389771, 80.0507202148, 46.9808425903, 26.5434894562, 19.3732357025, 20.2917690277], [149.331359863, -11.7826776505, 15.212937355, 30.1141796112, -1.36918723583, 2.66839122772, 29.272026062, 29.1487674713, 46.9808425903, 86.9283294678, 42.193523407, 18.8200550079, 12.8427705765], [39.8726997375, 6.38687753677, 8.91877746582, 8.28207206726, 11.2031974792, 4.92802333832, 12.2012386322, 12.9156341553, 26.5434894562, 42.193523407, 67.1837081909, 41.4912948608, 23.8196525574], [12.7071228027, 6.69986581802, 14.8474550247, 10.7125778198, 12.2255373001, 11.2162866592, 5.68907165527, 13.8547668457, 19.3732357025, 18.8200550079, 41.4912948608, 70.9302444458, 45.0385932922], [-1.77563643456, 21.8390541077, 22.5575447083, 5.96753454208, 19.3644809723, 14.4125242233, 11.0378465652, 16.9329910278, 20.2917690277, 12.8427705765, 23.8196525574, 45.0385932922, 71.5312042236]], "icov": [[0.00019513721054, 0.000162618467584, -0.000166751327924, -0.000171991385287, -3.36572920787e-05, 0.000177992202225, 1.75145851244e-05, -0.000221855530981, -2.42166220232e-06, -0.000186657474842, 2.27316704695e-05, 3.57079443347e-05, 4.93401530548e-05], [0.000162618467584, 0.00208114786074, 6.33383460809e-05, -0.000705805839971, -0.00146412628237, 0.000465166405775, -0.000675929011777, 0.000935557298362, 0.000170521598193, 0.000142231219797, -0.000220433314098, 0.000368659297237, -0.000639603706077], [-0.000166751327924, 6.33383460809e-05, 0.0046311900951, -0.000913835014217, -0.0028693776112, -0.000342055514921, 0.000166018420714, 0.000195058310055, -0.000845223315991, -0.0001384322386, 0.000710916239768, -0.000122990706586, -0.000528459029738], [-0.000171991385287, -0.000705805839971, -0.000913835014217, 0.00799909885973, -0.00139642169233, 0.000230399105931, -0.00122900202405, 0.000136050541187, 0.0017904312117, -0.00390989379957, 0.00245086313225, -0.00222801440395, 0.00110190548003], [-3.36572920787e-05, -0.00146412628237, -0.0028693776112, -0.00139642169233, 0.0160467047244, -0.0124394698068, 0.00213778670877, -0.000426013080869, -0.0012365563307, 0.00315053085797, -0.00411063106731, 0.0027040229179, -0.00114777032286], [0.000177992202225, 0.000465166405775, -0.000342055514921, 0.000230399105931, -0.0124394698068, 0.0239429157227, -0.00852595362812, -0.0010315439431, -0.000258000189206, 0.00130628142506, 0.00300227315165, -0.00354093220085, 0.00112264417112], [1.75145851244e-05, -0.000675929011777, 0.000166018420714, -0.00122900202405, 0.00213778670877, -0.00852595362812, 0.0187806319445, -0.0107990344986, 0.00135646387935, -0.00274312240072, -0.00162843393628, 0.00336889107712, -0.000416736089392], [-0.000221855530981, 0.000935557298362, 0.000195058310055, 0.000136050541187, -0.000426013080869, -0.0010315439431, -0.0107990344986, 0.0272284634411, -0.0128857027739, 0.00108972832095, 0.00300792371854, -0.00225798389874, -0.000940216588788], [-2.42166220232e-06, 0.000170521598193, -0.000845223315991, 0.0017904312117, -0.0012365563307, -0.000258000189206, 0.00135646387935, -0.0128857027739, 0.0285943634808, -0.0111805368215, -0.000964719045442, -0.000241616740823, -0.00233802408911], [-0.000186657474842, 0.000142231219797, -0.0001384322386, -0.00390989379957, 0.00315053085797, 0.00130628142506, -0.00274312240072, 0.00108972832095, -0.0111805368215, 0.0258043669164, -0.0142880957574, 0.00461209053174, -0.00023630533542], [2.27316704695e-05, -0.000220433314098, 0.000710916239768, 0.00245086313225, -0.00411063106731, 0.00300227315165, -0.00162843393628, 0.00300792371854, -0.000964719045442, -0.0142880957574, 0.0345681458712, -0.0186372157186, 0.00274888076819], [3.57079443347e-05, 0.000368659297237, -0.000122990706586, -0.00222801440395, 0.0027040229179, -0.00354093220085, 0.00336889107712, -0.00225798389874, -0.000241616740823, 0.00461209053174, -0.0186372157186, 0.034822806716, -0.0163699761033], [4.93401530548e-05, -0.000639603706077, -0.000528459029738, 0.00110190548003, -0.00114777032286, 0.00112264417112, -0.000416736089392, -0.000940216588788, -0.00233802408911, -0.00023630533542, 0.00274888076819, -0.0163699761033, 0.0247199553996]]}, "barkbands_spread": {"mean": 41.4666595459, "min": 0.521946549416, "max": 120.977676392, "dmean2": 17.6397724152, "dvar": 140.819778442, "dmean": 11.5758056641, "median": 41.3218917847, "dvar2": 340.144683838, "var": 412.060089111}, "spectral_strongpeak": {"mean": 0.564101755619, "min": 0, "max": 17.5312805176, "dmean2": 0.457984268665, "dvar": 0.435085445642, "dmean": 0.27272105217, "median": 0.432529240847, "dvar2": 1.1257891655, "var": 0.561194002628}, "melbands_crest": {"mean": 19.9627323151, "min": 1.4290895462, "max": 35.4603614807, "dmean2": 5.36611938477, "dvar": 10.7643232346, "dmean": 3.41799640656, "median": 21.2685928345, "dvar2": 26.1046104431, "var": 55.1472663879}, "spectral_energyband_middle_high": {"mean": 0.00476880883798, "min": 1.22322705619e-21, "max": 0.0284939985722, "dmean2": 0.00242804316804, "dvar": 3.38479844686e-06, "dmean": 0.00167982641142, "median": 0.0039222468622, "dvar2": 6.9620314207e-06, "var": 1.12102234198e-05}, "spectral_rms": {"mean": 0.00649867299944, "min": 3.21032328325e-12, "max": 0.012476936914, "dmean2": 0.00142273132224, "dvar": 9.80036475084e-07, "dmean": 0.000951690948568, "median": 0.00670794770122, "dvar2": 2.29015176956e-06, "var": 6.72975875204e-06}, "spectral_flux": {"mean": 0.106201969087, "min": 1.0278049245e-10, "max": 0.371077597141, "dmean2": 0.047737069428, "dvar": 0.00164180924185, "dmean": 0.032969288528, "median": 0.086579054594, "dvar2": 0.00283807027154, "var": 0.00465547060594}, "erbbands_flatness_db": {"mean": 0.0928902700543, "min": 0.0398130789399, "max": 0.268084704876, "dmean2": 0.0177647508681, "dvar": 0.000114285357995, "dmean": 0.0112898880616, "median": 0.0858810096979, "dvar2": 0.000268034171313, "var": 0.0009465838084}, "barkbands_flatness_db": {"mean": 0.105958417058, "min": 0.016013648361, "max": 0.391318589449, "dmean2": 0.0334618128836, "dvar": 0.000558850995731, "dmean": 0.0240164771676, "median": 0.0965985357761, "dvar2": 0.00119639234617, "var": 0.00323733990081}, "spectral_entropy": {"mean": 8.21704006195, "min": 6.62793254852, "max": 9.80352210999, "dmean2": 0.181224137545, "dvar": 0.0161606036127, "dmean": 0.119429439306, "median": 8.2562417984, "dvar2": 0.0363296754658, "var": 0.0660586059093}, "spectral_energyband_high": {"mean": 0.00450102891773, "min": 7.796115881e-21, "max": 0.0215602051467, "dmean2": 0.00308664911427, "dvar": 6.15770659351e-06, "dmean": 0.0021372155752, "median": 0.00363150704652, "dvar2": 1.40286492751e-05, "var": 1.36728467623e-05}, "barkbands_kurtosis": {"mean": 6.25723695755, "min": -1.92153251171, "max": 439.157043457, "dmean2": 7.10247898102, "dvar": 120.150245667, "dmean": 4.87145805359, "median": 1.26248836517, "dvar2": 256.069549561, "var": 240.500045776}, "spectral_complexity": {"mean": 28.0620937347, "min": 0, "max": 57, "dmean2": 8.28826904297, "dvar": 28.6179542542, "dmean": 5.74052476883, "median": 29, "dvar2": 54.005607605, "var": 159.501434326}, "spectral_contrast_coeffs": {"mean": [-0.697738051414, -0.758233308792, -0.790645718575, -0.800870478153, -0.791823685169, -0.780198633671], "min": [-0.966598570347, -0.971636176109, -0.980174660683, -0.97570681572, -0.98505705595, -0.958793342113], "max": [-0.364267557859, -0.487177431583, -0.547498106956, -0.61171245575, -0.632750213146, -0.618661701679], "dmean2": [0.0806973427534, 0.0787991732359, 0.062731988728, 0.0499148704112, 0.0347891785204, 0.0245042517781], "dvar": [0.0024130246602, 0.00151727499906, 0.000920309044886, 0.000566734524909, 0.000273717625532, 0.00015230421559], "dmean": [0.05336779356, 0.0496059581637, 0.0386804640293, 0.0303419157863, 0.0209275856614, 0.0149898277596], "median": [-0.713473320007, -0.764985084534, -0.795368671417, -0.80476051569, -0.792999565601, -0.778559505939], "dvar2": [0.00473339343444, 0.00373424892314, 0.00237375637516, 0.00150325382128, 0.000722283846699, 0.000381238816772], "var": [0.00840964354575, 0.00418247748166, 0.00278251594864, 0.00157272093929, 0.00105764076579, 0.000911359209567]}, "spectral_centroid": {"mean": 2389.12573242, "min": 193.537979126, "max": 10870.4677734, "dmean2": 405.096435547, "dvar": 72964.53125, "dmean": 283.026550293, "median": 2511.06445313, "dvar2": 127344.414063, "var": 578677.5625}, "spectral_energyband_low": {"mean": 0.0358641222119, "min": 9.00814593386e-23, "max": 0.138559579849, "dmean2": 0.0200229696929, "dvar": 0.00027004443109, "dmean": 0.0125134261325, "median": 0.030724413693, "dvar2": 0.000671777350362, "var": 0.000994175090455}, "dissonance": {"mean": 0.485268950462, "min": 0.250604629517, "max": 0.500000178814, "dmean2": 0.0150635866448, "dvar": 8.1357487943e-05, "dmean": 0.00889904890209, "median": 0.487533628941, "dvar2": 0.000220171365072, "var": 0.000125879305415}, "zerocrossingrate": {"mean": 0.0989263728261, "min": 0.00341796875, "max": 0.4970703125, "dmean2": 0.0223590005189, "dvar": 0.000278488529148, "dmean": 0.0185770839453, "median": 0.087890625, "dvar2": 0.000412004737882, "var": 0.00317102205008}, "erbbands": {"mean": [0.927314162254, 5.58763933182, 7.07101869583, 8.07462406158, 6.06396007538, 6.70435714722, 6.91402769089, 4.06703424454, 5.63741016388, 13.4898090363, 12.9124155045, 7.99463653564, 12.5877561569, 18.4347724915, 13.961066246, 17.1496372223, 13.0753946304, 16.5354309082, 18.5175800323, 19.6412525177, 19.9952945709, 25.8126754761, 25.8460464478, 34.217590332, 50.6932296753, 38.7465400696, 30.0951709747, 23.6298389435, 22.6324558258, 22.5964698792, 20.5784034729, 19.4533596039, 12.3049736023, 7.6439614296, 5.13119363785, 2.47803592682, 0.74758130312, 0.109932258725, 0.00911520887166, 0.000454828928923], "min": [5.95222891753e-22, 6.16772319959e-21, 2.33455119657e-20, 1.08581763037e-19, 1.38206306098e-19, 3.27467750566e-19, 1.14344391738e-18, 5.92870433712e-19, 2.72945252013e-19, 1.25006274205e-18, 4.55748517453e-18, 3.04646400982e-18, 1.13655443345e-18, 1.4041438461e-18, 2.76258162065e-18, 4.03152982666e-18, 2.08290612968e-18, 4.07088625303e-18, 3.58808905362e-18, 5.05704436187e-18, 1.09570196823e-17, 1.24989678894e-17, 9.58073672683e-18, 7.68935268747e-18, 8.72317542474e-18, 1.38672875771e-17, 1.93778258516e-17, 1.29921246988e-17, 2.02997368423e-17, 2.31044035513e-17, 1.72847131403e-17, 1.75379710285e-17, 1.4035871949e-17, 1.46405889533e-17, 8.77299237713e-18, 5.95065005915e-18, 3.44735812767e-18, 1.08157556385e-18, 3.5406284803e-19, 3.69870191988e-20], "max": [4.40483999252, 29.3063278198, 102.740898132, 208.714630127, 157.611434937, 197.73425293, 147.035995483, 59.4972343445, 120.720199585, 313.89251709, 249.234359741, 150.431640625, 279.171539307, 286.428314209, 346.776092529, 336.238189697, 405.995300293, 540.108337402, 386.934570313, 334.687774658, 196.888290405, 419.384460449, 338.079315186, 260.334320068, 1077.00036621, 533.864868164, 247.114303589, 273.713043213, 178.797302246, 191.114318848, 190.673446655, 199.261627197, 115.12172699, 61.2705764771, 35.3061027527, 22.8694629669, 6.57548522949, 1.13678455353, 0.158478140831, 0.00710045080632], "dmean2": [0.571668982506, 3.85953474045, 8.12327671051, 15.3779811859, 10.8334932327, 13.247387886, 9.26539611816, 5.01806974411, 5.64186859131, 11.5146169662, 11.7222166061, 7.74732971191, 12.1045560837, 16.3962440491, 15.4261894226, 19.4565792084, 13.8446779251, 18.6972503662, 17.4208049774, 17.4094944, 16.6492385864, 21.7404594421, 20.1339149475, 25.1592006683, 35.6683540344, 25.9325313568, 19.9867916107, 15.3167200089, 14.9336824417, 17.0336151123, 16.8158245087, 15.6598367691, 9.037566185, 6.53066587448, 6.17404174805, 3.38019704819, 1.19187545776, 0.131507128477, 0.0137860774994, 0.000635427364614], "dvar": [0.250899583101, 13.8137607574, 135.98336792, 759.930358887, 368.636413574, 487.095001221, 76.7289047241, 20.528301239, 31.4512519836, 170.949691772, 139.449111938, 63.1733894348, 176.502471924, 252.025390625, 280.023864746, 394.501525879, 168.082611084, 341.135070801, 245.406463623, 175.968093872, 145.47819519, 364.62588501, 310.813323975, 369.142578125, 1167.67419434, 481.644744873, 299.342681885, 181.326690674, 150.097625732, 190.747116089, 180.538619995, 205.193969727, 61.7644615173, 27.9007530212, 25.6811885834, 8.6476984024, 1.12778830528, 0.0120937852189, 0.000165651683346, 4.18341784325e-07], "dmean": [0.391726374626, 2.60061717033, 5.37467956543, 8.95671749115, 6.42036104202, 7.44900226593, 5.49078655243, 2.99451184273, 3.58407473564, 7.91224861145, 7.68998193741, 4.91076135635, 7.95306253433, 10.7429208755, 9.42012691498, 11.8549613953, 8.38103103638, 11.3782196045, 10.8226385117, 10.8465032578, 10.4047231674, 13.4995851517, 12.5744276047, 15.5782756805, 22.4876232147, 16.5931491852, 12.851723671, 10.1802301407, 9.7833032608, 11.1826629639, 10.8731546402, 10.3255319595, 6.15317201614, 4.44838237762, 3.93572235107, 2.17250180244, 0.726843297482, 0.0841173455119, 0.00850768852979, 0.000391167413909], "median": [0.680538713932, 3.30803465843, 2.84186434746, 1.66857552528, 1.55796539783, 2.20633363724, 3.26885390282, 2.33262395859, 2.70585775375, 5.4868478775, 7.00373077393, 4.15217351913, 6.34806489944, 9.51957416534, 8.58681678772, 9.97860145569, 8.21247196198, 10.5475072861, 13.6329288483, 14.8011283875, 15.5880489349, 18.8243865967, 18.2310581207, 25.4610481262, 32.9196739197, 28.2039546967, 22.4080963135, 16.1679286957, 16.1919136047, 16.851190567, 15.6639900208, 13.4066934586, 8.86904144287, 5.33938455582, 3.22507858276, 1.36449170113, 0.398538827896, 0.0680965706706, 0.00220039696433, 0.000156750611495], "dvar2": [0.558038115501, 27.4882888794, 307.123443604, 1987.5447998, 967.512756348, 1377.72888184, 209.052001953, 54.2285194397, 70.9168624878, 317.874084473, 309.130249023, 159.440536499, 382.037353516, 562.252502441, 762.020385742, 967.102355957, 412.425018311, 889.48059082, 641.957397461, 463.761291504, 361.508300781, 919.062133789, 777.809814453, 909.12286377, 2621.94775391, 1086.99743652, 694.98449707, 398.893585205, 346.662200928, 439.593017578, 442.033630371, 475.181518555, 133.784057617, 59.8209190369, 63.8558769226, 21.9943161011, 2.97292518616, 0.0303540807217, 0.000397822848754, 1.00256454516e-06], "var": [0.786484122276, 37.9978942871, 166.937393188, 558.143981934, 276.340484619, 308.839996338, 95.3350143433, 25.6888885498, 69.9437942505, 469.661437988, 303.431854248, 121.321601868, 361.892150879, 634.530395508, 321.146972656, 560.28112793, 262.570343018, 396.360473633, 333.303863525, 294.779998779, 270.126556396, 677.584594727, 703.292358398, 976.070373535, 3045.73754883, 1268.29406738, 746.511413574, 523.739624023, 463.971954346, 439.820617676, 347.666320801, 368.297058105, 143.377609253, 56.9330558777, 30.4136714935, 9.17309188843, 0.996497511864, 0.0149670317769, 0.000205451855436, 5.0460738521e-07]}, "pitch_salience": {"mean": 0.432276844978, "min": 0.0359504707158, "max": 0.978023529053, "dmean2": 0.124099843204, "dvar": 0.00759568298236, "dmean": 0.0819140598178, "median": 0.427835434675, "dvar2": 0.0175942908973, "var": 0.0312083736062}, "silence_rate_60dB": {"mean": 0.0326498895884, "min": 0, "max": 1, "dmean2": 0.0112741766497, "dvar": 0.00560357701033, "dmean": 0.00563654024154, "median": 0, "dvar2": 0.012898799032, "var": 0.0315853953362}, "melbands": {"mean": [0.00805905088782, 0.0051083965227, 0.00133195042145, 0.000464520097012, 0.000250730226981, 0.000101811303466, 9.29348316276e-05, 0.000151985601406, 0.000104151506093, 4.67438076157e-05, 6.0835522163e-05, 7.0088171924e-05, 5.19472632732e-05, 3.79362645617e-05, 4.31135194958e-05, 2.42784990405e-05, 3.22629748553e-05, 2.6736079235e-05, 3.29894573952e-05, 2.33416194533e-05, 2.40469689743e-05, 2.80866825051e-05, 2.4359962481e-05, 2.15912386921e-05, 2.73813002423e-05, 3.69824265363e-05, 3.1874034903e-05, 2.54901169683e-05, 1.98215730052e-05, 1.65192250279e-05, 1.24262942336e-05, 1.29772824948e-05, 1.1554282537e-05, 1.30016096591e-05, 1.15478414955e-05, 1.20311733554e-05, 1.1635217561e-05, 9.10439848667e-06, 6.5948329393e-06, 6.37179437035e-06], "min": [8.09783705238e-24, 1.10820505252e-23, 1.86052308071e-23, 1.47771349587e-23, 3.41122766733e-23, 1.62503326992e-23, 4.21510588094e-24, 1.64853012307e-23, 3.93445260003e-23, 1.78626129281e-23, 5.63472142775e-24, 5.43312605126e-24, 8.50153898721e-24, 1.04727927377e-23, 7.10957498729e-24, 4.27300827138e-24, 8.30719048143e-24, 5.90636213058e-24, 6.19745456562e-24, 7.97647237983e-24, 1.43480987559e-23, 1.23220120727e-23, 1.37322208477e-23, 5.57352593745e-24, 6.3417076429e-24, 5.4570092096e-24, 7.96607361538e-24, 8.93625814397e-24, 1.34620060109e-23, 9.76210479273e-24, 6.75583161358e-24, 1.0451024121e-23, 1.31846440944e-23, 1.28912690903e-23, 9.82530517302e-24, 9.68429944165e-24, 1.10159613363e-23, 9.86889368233e-24, 9.72689161965e-24, 1.33221693714e-23], "max": [0.0344374813139, 0.0410298742354, 0.0335986465216, 0.0131789203733, 0.00579315563664, 0.0013866199879, 0.00210801302455, 0.0036638493184, 0.00263045262545, 0.000799243163783, 0.00136985152494, 0.00105539523065, 0.00118212553207, 0.000683187798131, 0.00143248727545, 0.00112849113066, 0.00122622679919, 0.000722002005205, 0.000758521317039, 0.000603273510933, 0.000213185703615, 0.000332675670506, 0.000598860031459, 0.00024904080783, 0.000228484306717, 0.000560415443033, 0.000631618488114, 0.000416352704633, 0.000240465175011, 0.000226812699111, 0.000149574261741, 0.000120542499644, 0.00015874352539, 8.5183797637e-05, 0.000116552837426, 0.000105044069642, 0.000132684755954, 0.000110236083856, 5.0701732107e-05, 5.41270819667e-05], "dmean2": [0.00496299704537, 0.00370217789896, 0.00234404881485, 0.000920896127354, 0.000349194713635, 0.000123653895571, 8.983733278e-05, 0.000129963504151, 9.90044791251e-05, 4.68329963041e-05, 6.05807144893e-05, 6.40025828034e-05, 5.514548684e-05, 4.28259445471e-05, 4.97541113873e-05, 2.79529158433e-05, 3.97171643272e-05, 2.72578927252e-05, 3.35858712788e-05, 2.41426987486e-05, 2.22450671572e-05, 2.59578428086e-05, 2.08355140785e-05, 1.82107633009e-05, 2.23643455683e-05, 2.77548315353e-05, 2.32153943216e-05, 1.97767367354e-05, 1.47696719068e-05, 1.19054957395e-05, 8.97541576705e-06, 9.18197110877e-06, 8.40650227474e-06, 1.08805297714e-05, 1.00467077573e-05, 1.05785757114e-05, 9.68282529357e-06, 7.20347543393e-06, 5.09625351697e-06, 5.94785933572e-06], "dvar": [1.79322141776e-05, 1.75193090399e-05, 1.73620646819e-05, 2.60782985606e-06, 1.29768338297e-07, 1.21736043468e-08, 9.15157283288e-09, 2.23155183221e-08, 1.0454019872e-08, 2.38423525367e-09, 4.46315695513e-09, 3.65798036306e-09, 3.1680713608e-09, 1.69714553522e-09, 2.99379276925e-09, 9.47530720552e-10, 1.72627789841e-09, 7.9185