{"tonal": {"thpcp": [1, 0.682819843292, 0.304934412241, 0.196158379316, 0.199491918087, 0.328338474035, 0.436445385218, 0.323765277863, 0.185679376125, 0.177453860641, 0.239098578691, 0.390545159578, 0.447765171528, 0.390186935663, 0.562431097031, 0.705905139446, 0.573060393333, 0.489465415478, 0.487241983414, 0.518156290054, 0.769847154617, 0.91199105978, 0.563629150391, 0.228614464402, 0.150788933039, 0.182278186083, 0.378483772278, 0.487483263016, 0.337818294764, 0.270628124475, 0.306716650724, 0.275389790535, 0.336087465286, 0.467279970646, 0.535762429237, 0.788823962212], "hpcp": {"dmean2": [0.125294879079, 0.128272607923, 0.19132784009, 0.236485078931, 0.186081305146, 0.154390603304, 0.180146992207, 0.179687723517, 0.222230151296, 0.286407113075, 0.319505989552, 0.364212602377, 0.390199810266, 0.35067820549, 0.222187891603, 0.163450539112, 0.153981611133, 0.178679570556, 0.19744707644, 0.176136597991, 0.140942975879, 0.133187577128, 0.159517839551, 0.222058579326, 0.25106626749, 0.234254151583, 0.268539428711, 0.288722038269, 0.301239281893, 0.310893565416, 0.313324600458, 0.335718393326, 0.378976047039, 0.372462034225, 0.307291895151, 0.17227704823], "median": [0.0102466279641, 0.0161650367081, 0.0448992364109, 0.0578875914216, 0.0387795083225, 0.0236232671887, 0.019421108067, 0.0243115630001, 0.035415045917, 0.0471948347986, 0.0660266801715, 0.152566567063, 0.207053586841, 0.107562720776, 0.0218986514956, 0.0107794767246, 0.0114133078605, 0.029742853716, 0.0460754223168, 0.0354135259986, 0.0161046553403, 0.0122385090217, 0.0185868032277, 0.0462726317346, 0.0635649263859, 0.0575320385396, 0.0606222040951, 0.0753804445267, 0.0668031275272, 0.0451247356832, 0.0431622304022, 0.0558807775378, 0.129044592381, 0.156386628747, 0.0755414366722, 0.0181707404554], "min": [0, 0, 0, 0, 0, 0, 0, 0, 0, 0, 0, 2.31918438658e-05, 9.07782668946e-06, 1.66365282439e-06, 7.63845491747e-06, 0, 0, 0, 0, 4.64629702037e-05, 5.20274734299e-05, 2.39165838138e-05, 1.70140378941e-06, 5.15270185133e-05, 7.85467855167e-05, 1.66155859915e-05, 3.1615341868e-05, 5.2515995776e-05, 4.70682716696e-05, 3.99393593398e-06, 0, 0, 0, 0, 0, 0], "dvar2": [0.0666353404522, 0.0660722255707, 0.0785872489214, 0.111554808915, 0.0846127271652, 0.072258785367, 0.0922003313899, 0.0797820463777, 0.105866312981, 0.15286269784, 0.152784824371, 0.150275886059, 0.150036200881, 0.153114885092, 0.118306450546, 0.0889758914709, 0.0791075825691, 0.0803534165025, 0.0858051925898, 0.076916962862, 0.0695785582066, 0.0664463639259, 0.0784091874957, 0.102041982114, 0.107743129134, 0.0999342277646, 0.122259557247, 0.13284920156, 0.151606023312, 0.160478800535, 0.149752959609, 0.165328368545, 0.162741348147, 0.16467872262, 0.135157227516, 0.0877717956901], "dvar": [0.0233136247844, 0.0241076461971, 0.0305307935923, 0.0426296629012, 0.0304926615208, 0.0268256608397, 0.0345237143338, 0.0296896416694, 0.0380264110863, 0.0542010888457, 0.0533182099462, 0.055484265089, 0.0584591291845, 0.0563183166087, 0.0428055413067, 0.031738370657, 0.0287459660321, 0.0308540947735, 0.033831037581, 0.0277597308159, 0.0242192484438, 0.0231162440032, 0.0281414799392, 0.0374160818756, 0.039793215692, 0.0353123992682, 0.0455528460443, 0.0512784905732, 0.0541202798486, 0.0574805513024, 0.0572998709977, 0.059666570276, 0.0588717870414, 0.0634115859866, 0.0492514483631, 0.0312958322465], "dmean": [0.0681447908282, 0.0713452398777, 0.110428586602, 0.137389495969, 0.106990650296, 0.0892376080155, 0.102541364729, 0.101992785931, 0.124833405018, 0.160681381822, 0.180809378624, 0.208471149206, 0.227155715227, 0.199997425079, 0.122996225953, 0.0890485718846, 0.0843993499875, 0.10214240849, 0.115358375013, 0.100490517914, 0.077258720994, 0.0735049918294, 0.0884781479836, 0.125087738037, 0.142718285322, 0.13301178813, 0.155025422573, 0.165981754661, 0.172111257911, 0.175250023603, 0.17744615674, 0.18820476532, 0.215053126216, 0.216820597649, 0.176173850894, 0.0954260528088], "max": [1, 1, 1, 1, 1, 1, 1, 1, 1, 1, 1, 1, 1, 1, 1, 1, 1, 1, 1, 1, 1, 1, 1, 1, 1, 1, 1, 1, 1, 1, 1, 1, 1, 1, 1, 1], "var": [0.0173443686217, 0.0215116292238, 0.041159324348, 0.0625464469194, 0.0346047729254, 0.0317746885121, 0.0434573292732, 0.0301172491163, 0.0371875353158, 0.0612248405814, 0.0634463205934, 0.0831701159477, 0.111126959324, 0.0757998153567, 0.0400727763772, 0.0248391870409, 0.0241680648178, 0.039571583271, 0.0566515289247, 0.0342333465815, 0.0191283561289, 0.0204896889627, 0.0297121535987, 0.0456615127623, 0.0470645613968, 0.0361638702452, 0.0726592540741, 0.100757412612, 0.0728995651007, 0.0650793090463, 0.0653699338436, 0.0642169117928, 0.0866129770875, 0.113155394793, 0.0627617835999, 0.0264867078513], "mean": [0.0511008165777, 0.061772197485, 0.128264248371, 0.165203049779, 0.114483140409, 0.0917130857706, 0.103943109512, 0.0933267623186, 0.11389657855, 0.158356368542, 0.181564360857, 0.26732429862, 0.338889688253, 0.231400594115, 0.103339128196, 0.0664760544896, 0.0676057562232, 0.111270524561, 0.147906839848, 0.10972071439, 0.0629248246551, 0.060137283057, 0.0810280442238, 0.132351726294, 0.151742994785, 0.132230326533, 0.190602108836, 0.239223971963, 0.194204255939, 0.165874779224, 0.165121287107, 0.175597831607, 0.260893255472, 0.309064358473, 0.191008105874, 0.0774750858545]}, "tuning_equal_tempered_deviation": 0.042578432709, "chords_changes_rate": 0.0281523540616, "key_key": "C#", "tuning_diatonic_strength": 0.729094028473, "key_scale": "major", "chords_number_rate": 0.00189259520266, "tuning_frequency": 439.745910645, "tuning_nontempered_energy_ratio": 0.728448271751, "chords_histogram": [35.6754188538, 0.757038116455, 9.6758928299, 1.49041879177, 0.425833910704, 0.212916955352, 0.0236574411392, 0.331204175949, 0.0473148822784, 0, 0.354861617088, 0.0236574411392, 0, 0, 0, 0.378519058228, 0, 1.65602076054, 0, 4.18736696243, 1.67967820168, 0.709723234177, 40.3595924377, 2.01088237762], "key_strength": 0.82946562767, "chords_key": "F#", "chords_strength": {"dmean2": 0.0111259613186, "median": 0.589650392532, "min": 0.318294793367, "dvar2": 9.60260658758e-05, "dvar": 7.87198659964e-05, "dmean": 0.0103497793898, "max": 0.857419133186, "var": 0.00735953357071, "mean": 0.581976592541}, "chords_scale": "major", "hpcp_entropy": {"dmean2": 1.23348772526, "median": 2.09491491318, "min": 0.0434014499187, "dvar2": 0.968073666096, "dvar": 0.33249014616, "dmean": 0.716892004013, "max": 4.14568901062, "var": 0.510288655758, "mean": 2.0320327282}}, "metadata": {"audio_properties": {"equal_loudness": 0, "codec": "flac", "downmix": "mix", "sample_rate": 44100, "analysis_sample_rate": 44100, "bit_rate": 0, "md5_encoded": "89f22ea602615ca8d1c5c9c12ada5c7a", "length": 196.226669312, "replay_gain": -1.41683959961, "lossless": true}, "version": {"essentia_build_sha": "70f2e5ece6736b2c40cc944ad0e695b16b925413", "essentia": "2.1-beta2", "extractor": "music 1.0", "essentia_git_sha": "v2.1_beta2"}, "tags": {"title": ["Atto primo, Scena 3: Aria di Licida: << Quel destrier, che all'albergo \u00e8 vicino >> (Allegro molto)"], "language": ["ita"], "media": ["CD"], "albumartist": ["Antonio Vivaldi; Concerto Italiano, Rinaldo Alessandrini"], "tracktotal": ["23"], "albumartistsort": ["Vivaldi, Antonio; Concerto Italiano, Alessandrini, Rinaldo"], "releasetype": ["album"], "musicbrainz_recordingid": ["0e0667a4-b80a-484e-acdd-522dc404228f"], "composer": ["Antonio Vivaldi"], "musicbrainz_releasegroupid": ["9bbec2c0-4f07-4991-b1c2-be591f4a8007"], "musicbrainz_albumartistid": ["ad79836d-9849-44df-8789-180bbc823f3c", "2ed39906-8964-45b2-87de-a895616aa60d", "6fe8e649-728d-4ae6-969c-25947ff9bb96"], "lyricist": ["Pietro Metastasio"], "musicbrainz_releasetrackid": ["7551dd14-f2b3-4535-b2d8-02ac1cfec234"], "discnumber": ["1"], "composersort": ["Vivaldi, Antonio"], "catalognumber": ["30316"], "releasecountry": ["FR"], "originaldate": ["2002"], "work": ["L'Olimpiade, RV 725: Act I"], "date": ["2002-10-16"], "file_name": "08 - Antonio Vivaldi - Atto primo, Scena 3: Aria di Licida: << Quel destrier, che all'albergo e vicino >> (Allegro molto).flac", "musicbrainz_albumid": ["7e6b7aae-c390-47d4-97d6-b8ff01d37645"], "disctotal": ["3"], "releasestatus": ["official"], "musicbrainz_artistid": ["ad79836d-9849-44df-8789-180bbc823f3c"], "asin": ["B00006IWQQ"], "musicbrainz_workid": ["fc693db6-80e1-4bc2-97d5-affb5da5a7c5"], "artist": ["Antonio Vivaldi"], "tracknumber": ["8"], "artistsort": ["Vivaldi, Antonio"], "album": ["L'Olimpiade"], "label": ["na\u00efve"], "totaltracks": ["23"], "totaldiscs": ["3"], "script": ["Latn"], "acoustid_id": ["88ae45d1-d03c-4312-9c46-d485d70d8a5e"]}}, "rhythm": {"bpm_histogram_first_peak_bpm": {"dmean2": 0, "median": 152, "min": 152, "dvar2": 0, "dvar": 0, "dmean": 0, "max": 152, "var": 0, "mean": 152}, "bpm": 151.919830322, "bpm_histogram_second_peak_spread": {"dmean2": 0, "median": 0.0900900959969, "min": 0.0900900959969, "dvar2": 0, "dvar": 0, "dmean": 0, "max": 0.0900900959969, "var": 0, "mean": 0.0900900959969}, "bpm_histogram_first_peak_weight": {"dmean2": 0, "median": 0.431726902723, "min": 0.431726902723, "dvar2": 0, "dvar": 0, "dmean": 0, "max": 0.431726902723, "var": 0, "mean": 0.431726902723}, "onset_rate": 3.49565792084, "beats_position": [0.359909296036, 0.731428563595, 1.10294783115, 1.47446703911, 1.8575963974, 2.22911548615, 2.61224484444, 2.99537420273, 3.3785033226, 3.7732424736, 4.1679816246, 4.55111122131, 4.94585037231, 5.34058952332, 5.73532867432, 6.11845779419, 6.5015873909, 6.8963265419, 7.2910656929, 7.67419481277, 8.05732440948, 8.45206356049, 8.83519268036, 9.21832180023, 9.6014509201, 9.98458003998, 10.3677091599, 10.7508392334, 11.1455783844, 11.5403175354, 11.9350566864, 12.3297958374, 12.7245349884, 13.1076641083, 13.4907932281, 13.873922348, 14.2570514679, 14.6401815414, 15.0233106613, 15.4180498123, 15.8011789322, 16.1843090057, 16.5790481567, 16.9737873077, 17.3685264587, 17.7632656097, 18.1580047607, 18.5411338806, 18.9242630005, 19.3190021515, 19.7137413025, 20.0968704224, 20.4916095734, 20.8863487244, 21.2810878754, 21.6874370575, 22.0937862396, 22.5001354218, 22.8948745728, 23.3012237549, 23.707572937, 24.1255321503, 24.5318813324, 24.9382305145, 25.3329696655, 25.7393188477, 26.1340579987, 26.5404071808, 26.9467563629, 27.353105545, 27.7594547272, 28.1658039093, 28.5837631226, 28.9901123047, 29.3964614868, 29.7215423584, 30.0582313538, 30.3717002869, 30.7083892822, 31.0334682465, 31.358549118, 31.6952381134, 32.0319252014, 32.357006073, 32.6704750061, 32.9955558777, 33.3206329346, 33.6689338684, 33.99401474, 34.4003639221, 34.818321228, 35.2362823486, 35.6426315308, 36.0489807129, 36.455329895, 36.8500671387, 37.2564163208, 37.6627655029, 38.0575065613, 38.4638557434, 38.8702049255, 39.2765541077, 39.6829032898, 40.0892524719, 40.4956016541, 40.8903388977, 41.2850799561, 41.6914291382, 42.0977783203, 42.492515564, 42.8872566223, 43.281993866, 43.6767349243, 44.071472168, 44.4662132263, 44.86095047, 45.2556915283, 45.6388206482, 46.0219497681, 46.4166870117, 46.8114280701, 47.1945571899, 47.5892944336, 47.9724235535, 48.3671646118, 48.7619056702, 49.1566429138, 49.5513839722, 49.9461212158, 50.3408622742, 50.7355995178, 51.1419487, 51.5482978821, 51.9546470642, 52.3609962463, 52.7673454285, 53.1736946106, 53.5684356689, 53.9631729126, 54.3695220947, 54.7758712769, 55.1706123352, 55.5769615173, 55.9833106995, 56.3896598816, 56.7960090637, 57.2023582458, 57.608707428, 58.0034446716, 58.39818573, 58.7929229736, 59.187664032, 59.6056213379, 60.0003623962, 60.4067115784, 60.8130607605, 61.2077980042, 61.6141471863, 62.0204963684, 62.4268455505, 62.8331947327, 63.2395439148, 63.6458930969, 64.0638504028, 64.4818115234, 64.899772644, 65.2945098877, 65.7008590698, 66.1188201904, 66.536781311, 66.9547348022, 67.3843078613, 67.8022689819, 68.2202224731, 68.6381835938, 69.0561447144, 69.474105835, 69.8688430786, 70.2635803223, 70.6583175659, 71.053062439, 71.4477996826, 71.8425369263, 72.2372741699, 72.632019043, 73.0267562866, 73.4214935303, 73.8162307739, 74.210975647, 74.6057128906, 75.0004501343, 75.3951950073, 75.789932251, 76.1846694946, 76.5794067383, 76.9741516113, 77.368888855, 77.7520141602, 78.1351470947, 78.5298843384, 78.924621582, 79.3193664551, 79.7141036987, 80.1088409424, 80.503578186, 80.8983230591, 81.2930603027, 81.6877975464, 82.08253479, 82.4772796631, 82.8604049683, 83.2435379028, 83.6382751465, 84.0330123901, 84.4277572632, 84.8224945068, 85.228843689, 85.6468048096, 86.0531539917, 86.4595031738, 86.877456665, 87.2954177856, 87.7133789062, 88.1197280884, 88.5260772705, 88.9324264526, 89.3387756348, 89.7451248169, 90.151473999, 90.5578231812, 90.9525604248, 91.3472976685, 91.730430603, 92.1251678467, 92.5431289673, 92.9494781494, 93.3442153931, 93.7389526367, 94.1336975098, 94.5284347534, 94.9231719971, 95.3179092407, 95.7126541138, 96.1190032959, 96.525352478, 96.9200897217, 97.3264389038, 97.7327880859, 98.1391372681, 98.5454864502, 98.9518356323, 99.3581848145, 99.7529220581, 100.147659302, 100.542404175, 100.937141418, 101.343490601, 101.749839783, 102.144577026, 102.550926208, 102.957275391, 103.363624573, 103.769973755, 104.164710999, 104.559455872, 104.977409363, 105.383758545, 105.790107727, 106.173240662, 106.556373596, 106.95111084, 107.345848083, 107.728981018, 108.123718262, 108.506843567, 108.889976501, 109.273101807, 109.644622803, 110.016143799, 110.399269104, 110.782402039, 111.165527344, 111.548660278, 111.931785583, 112.314918518, 112.698051453, 113.081176758, 113.464309692, 113.847434998, 114.242172241, 114.636917114, 115.031654358, 115.426391602, 115.809524536, 116.192649841, 116.587387085, 116.982131958, 117.376869202, 117.771606445, 118.166343689, 118.561088562, 118.955825806, 119.350563049, 119.745300293, 120.140045166, 120.523170471, 120.906303406, 121.301040649, 121.695777893, 122.078910828, 122.473648071, 122.856781006, 123.25151825, 123.646255493, 124.040992737, 124.43573761, 124.830474854, 125.236824036, 125.631561279, 126.026298523, 126.432647705, 126.838996887, 127.245346069, 127.628479004, 128.011611938, 128.406341553, 128.801086426, 129.195831299, 129.602172852, 130.008529663, 130.403259277, 130.809616089, 131.204345703, 131.599090576, 131.993835449, 132.400177002, 132.806533813, 133.212875366, 133.619232178, 134.02557373, 134.420318604, 134.815048218, 135.209793091, 135.604537964, 135.999267578, 136.394012451, 136.777145386, 137.160263062, 137.543395996, 137.926528931, 138.332870483, 138.762451172, 139.180404663, 139.586761475, 139.981491089, 140.376235962, 140.770965576, 141.165710449, 141.548843384, 141.931976318, 142.315093994, 142.698226929, 143.081359863, 143.452880859, 143.824401855, 144.207519531, 144.602264404, 144.985397339, 145.356918335, 145.751647949, 146.146392822, 146.541137695, 146.924255371, 147.307388306, 147.69052124, 148.085250854, 148.468383789, 148.851516724, 149.246261597, 149.640991211, 150.024124146, 150.418869019, 150.813598633, 151.208343506, 151.59147644, 151.974594116, 152.357727051, 152.752471924, 153.135604858, 153.530334473, 153.925079346, 154.31980896, 154.714553833, 155.097686768, 155.480819702, 155.875549316, 156.270294189, 156.665023804, 157.059768677, 157.442901611, 157.837631226, 158.243988037, 158.63873291, 159.056686401, 159.463043213, 159.869384766, 160.275741577, 160.68208313, 161.076828003, 161.471557617, 161.86630249, 162.261047363, 162.655776978, 163.062133789, 163.48008728, 163.886444092, 164.281173706, 164.675918579, 165.070648193, 165.465393066, 165.871749878, 166.278091431, 166.672836304, 167.067565918, 167.450698853, 167.833831787, 168.193740845, 168.576873779, 168.948379517, 169.319900513, 169.703033447, 170.086166382, 170.480911255, 170.864028931, 171.258773804, 171.665115356, 172.071472168, 172.477813721, 172.884170532, 173.290512085, 173.708480835, 174.114822388, 174.521179199, 174.915908813, 175.299041748, 175.682174683, 176.065307617, 176.460037231, 176.843170166, 177.226303101, 177.609436035, 178.004165649, 178.398910522, 178.793640137, 179.18838501, 179.583129883, 179.977859497, 180.37260437, 180.767349243, 181.162078857, 181.545211792, 181.939956665, 182.323074341, 182.717819214, 183.112564087, 183.507293701, 183.890426636, 184.285171509, 184.668289185, 185.063034058, 185.457778931, 185.852508545, 186.247253418, 186.641998291, 187.025115967, 187.408248901, 187.802993774, 188.197723389, 188.592468262, 188.998809814, 189.393554688, 189.799911499, 190.206253052, 190.612609863, 191.018951416, 191.425308228, 191.761993408, 192.08706665, 192.412155151, 192.737228394, 193.062316895, 193.387390137, 193.724075317, 194.049163818, 194.385848999, 194.72253418, 195.047622681, 195.384307861, 195.720993042], "beats_loudness": {"dmean2": 0.027091069147, "median": 0.0161402188241, "min": 3.12954980473e-05, "dvar2": 0.00146210659295, "dvar": 0.000497836386785, "dmean": 0.0154818054289, "max": 0.210256561637, "var": 0.000503643415868, "mean": 0.0221424717456}, "danceability": 0.979602098465, "bpm_histogram_second_peak_weight": {"dmean2": 0, "median": 0.20281124115, "min": 0.20281124115, "dvar2": 0, "dvar": 0, "dmean": 0, "max": 0.20281124115, "var": 0, "mean": 0.20281124115}, "beats_count": 499, "bpm_histogram_second_peak_bpm": {"dmean2": 0, "median": 157, "min": 157, "dvar2": 0, "dvar": 0, "dmean": 0, "max": 157, "var": 0, "mean": 157}, "bpm_histogram_first_peak_spread": {"dmean2": 0, "median": 0.348484814167, "min": 0.348484814167, "dvar2": 0, "dvar": 0, "dmean": 0, "max": 0.348484814167, "var": 0, "mean": 0.348484814167}, "beats_loudness_band_ratio": {"dmean2": [0.27712598443, 0.251710265875, 0.323712915182, 0.194944053888, 0.156598255038, 0.0261553041637], "median": [0.189204856753, 0.244232356548, 0.300525516272, 0.0893055051565, 0.0465337596834, 0.00879727024585], "min": [0.00262989592738, 0.00625295052305, 0.0043051764369, 0.000590723531786, 0.000172857515281, 3.65879059245e-05], "dvar2": [0.0565205849707, 0.04360216856, 0.062253408134, 0.0394242927432, 0.0427703522146, 0.00151529198047], "dvar": [0.0199523456395, 0.0165611449629, 0.0216787625104, 0.014875956811, 0.015325143002, 0.000519478751812], "dmean": [0.160299137235, 0.148696735501, 0.183064043522, 0.110518559813, 0.0871095359325, 0.014726312831], "max": [0.949218928814, 0.794168591499, 0.872460186481, 0.832765638828, 0.788786530495, 0.205150827765], "var": [0.039257761091, 0.029419740662, 0.0354070030153, 0.0194319840521, 0.0130575625226, 0.000430270156357], "mean": [0.238278090954, 0.259618490934, 0.326372385025, 0.142234578729, 0.0867632031441, 0.0149877937511]}}, "lowlevel": {"barkbands_spread": {"dmean2": 5.09339475632, "median": 10.9787569046, "min": 0.792073309422, "dvar2": 25.0998916626, "dvar": 11.4907493591, "dmean": 3.34195137024, "max": 70.4820556641, "var": 38.6086921692, "mean": 12.3014097214}, "melbands_spread": {"dmean2": 6.7910861969, "median": 12.7389736176, "min": 1.0987033844, "dvar2": 50.4541854858, "dvar": 22.4130191803, "dmean": 4.42568635941, "max": 66.4849700928, "var": 67.7202072144, "mean": 14.7893571854}, "hfc": {"dmean2": 6.11584568024, "median": 6.0060968399, "min": 0.000499486923218, "dvar2": 232.896911621, "dvar": 117.47959137, "dmean": 4.40918874741, "max": 442.951385498, "var": 393.54208374, "mean": 11.3092899323}, "barkbands_kurtosis": {"dmean2": 3.43547606468, "median": 2.59437274933, "min": -1.84576833248, "dvar2": 16.1610450745, "dvar": 6.79625940323, "dmean": 2.16478562355, "max": 62.6714324951, "var": 15.2658424377, "mean": 3.3687171936}, "gfcc": {"mean": [-73.7888412476, 144.762130737, -132.279067993, 13.4480361938, -49.5194664001, -10.757768631, -36.6103172302, 4.7290263176, -15.532087326, -4.24509716034, -4.62344837189, -2.84778881073, -12.3478507996], "icov": [[0.000410178850871, -0.000107611595013, 0.00083411653759, -0.000595129095018, 0.000314517470542, -0.000420997734182, -4.9608930567e-05, -0.000283817935269, 0.000334485957865, -0.000629498099443, 0.000955110241193, -0.000302049040329, 0.000334177952027], [-0.000107611595013, 0.0062952702865, -0.00226284633391, 0.00254058465362, -0.00429552048445, 0.00324067659676, -0.00614106655121, 0.0048178145662, -0.00435318658128, 0.0057123680599, -0.00598278967664, 0.00561729911715, -0.00572540704161], [0.00083411653759, -0.00226284633391, 0.00558135285974, -0.00295998645015, 0.00238216063008, -0.00417641270906, 0.00173466012347, -0.00116811075713, 0.00184181402437, -0.00330632855184, 0.0052837273106, -0.00253911712207, 0.0015580401523], [-0.000595129095018, 0.00254058465362, -0.00295998645015, 0.00865147542208, -0.00469527766109, 0.00122675939929, -0.00170227210037, 0.00174213852733, -0.0027673386503, 0.00370131060481, -0.00260094134137, 0.00166824436747, -0.00500129302964], [0.000314517470542, -0.00429552048445, 0.00238216063008, -0.00469527766109, 0.0116187408566, -0.00133250060026, 0.00276454724371, -0.00357008655556, 0.00258451025002, -0.00509916897863, 0.00307350675575, -0.00166945322417, 0.00447651557624], [-0.000420997734182, 0.00324067659676, -0.00417641270906, 0.00122675939929, -0.00133250060026, 0.0127919698134, -0.00659287627786, 0.00186337844934, -0.00183737208135, 0.000562351604458, -0.00129138352349, 0.00221096095629, -0.00363892852329], [-4.9608930567e-05, -0.00614106655121, 0.00173466012347, -0.00170227210037, 0.00276454724371, -0.00659287627786, 0.0149284228683, -0.00783333554864, 0.00504537113011, -0.0040446119383, 0.00411438802257, -0.00497003644705, 0.00488267932087], [-0.000283817935269, 0.0048178145662, -0.00116811075713, 0.00174213852733, -0.00357008655556, 0.00186337844934, -0.00783333554864, 0.0196177344769, -0.00809016358107, 0.00475712167099, -0.00523082399741, -0.00139992847107, 0.00041276725824], [0.000334485957865, -0.00435318658128, 0.00184181402437, -0.0027673386503, 0.00258451025002, -0.00183737208135, 0.00504537113011, -0.00809016358107, 0.0192740093917, -0.0123700108379, 0.00262612570077, 0.00264855590649, 0.00128306134138], [-0.000629498099443, 0.0057123680599, -0.00330632855184, 0.00370131060481, -0.00509916897863, 0.000562351604458, -0.0040446119383, 0.00475712167099, -0.0123700108379, 0.0229733642191, -0.00826851092279, 0.00403760094196, -0.00552607886493], [0.000955110241193, -0.00598278967664, 0.0052837273106, -0.00260094134137, 0.00307350675575, -0.00129138352349, 0.00411438802257, -0.00523082399741, 0.00262612570077, -0.00826851092279, 0.0229212753475, -0.0143238632008, 0.00888858363032], [-0.000302049040329, 0.00561729911715, -0.00253911712207, 0.00166824436747, -0.00166945322417, 0.00221096095629, -0.00497003644705, -0.00139992847107, 0.00264855590649, 0.00403760094196, -0.0143238632008, 0.0271194949746, -0.0118660386652], [0.000334177952027, -0.00572540704161, 0.0015580401523, -0.00500129302964, 0.00447651557624, -0.00363892852329, 0.00488267932087, 0.00041276725824, 0.00128306134138, -0.00552607886493, 0.00888858363032, -0.0118660386652, 0.0181759167463]], "cov": [[4072.19360352, -441.156280518, -619.359985352, 72.4883956909, -14.1890239716, -0.55547451973, 42.9098930359, 107.871681213, -23.7716464996, 45.0773925781, -48.4793815613, 10.8587684631, -105.210266113], [-441.156280518, 639.509521484, 113.637443542, 14.2162742615, 110.292648315, -19.2553710938, 112.210998535, -60.9138565063, 45.9325637817, -35.5868110657, 29.9004859924, -48.7065582275, 83.4657058716], [-619.359985352, 113.637443542, 607.630615234, 145.18901062, -24.4158191681, 187.682678223, 39.5522880554, -57.7894325256, 7.66580677032, 20.2434768677, -122.904380798, -6.44865989685, 130.830718994], [72.4883956909, 14.2162742615, 145.18901062, 217.796600342, 44.6483917236, 53.6939353943, 7.92237234116, -14.208779335, 15.1393241882, 7.68308258057, -39.3939361572, 5.53938674927, 72.7251052856], [-14.1890239716, 110.292648315, -24.4158191681, 44.6483917236, 145.942108154, -15.1324319839, 14.9446878433, 10.6959428787, 21.7752494812, 12.5894489288, 16.1764316559, -13.6514205933, -8.38214015961], [-0.55547451973, -19.2553710938, 187.682678223, 53.6939353943, -15.1324319839, 176.648727417, 59.8436927795, -1.87264752388, 4.64764642715, 21.9929485321, -49.8645973206, 5.656229496, 50.1270484924], [42.9098930359, 112.210998535, 39.5522880554, 7.92237234116, 14.9446878433, 59.8436927795, 152.961883545, 34.2772331238, -3.77685904503, -1.24436879158, 7.13715171814, 12.5218315125, 4.35089302063], [107.871681213, -60.9138565063, -57.7894325256, -14.208779335, 10.6959428787, -1.87264752388, 34.2772331238, 98.320350647, 20.9692955017, 11.5946092606, 34.3922920227, 19.9452285767, -36.3300628662], [-23.7716464996, 45.9325637817, 7.66580677032, 15.1393241882, 21.7752494812, 4.64764642715, -3.77685904503, 20.9692955017, 105.219345093, 50.4278678894, 7.0040178299, -20.1748256683, 5.82829141617], [45.0773925781, -35.5868110657, 20.2434768677, 7.68308258057, 12.5894489288, 21.9929485321, -1.24436879158, 11.5946092606, 50.4278678894, 87.5534286499, 9.85404491425, -0.877295136452, 7.38135004044], [-48.4793815613, 29.9004859924, -122.904380798, -39.3939361572, 16.1764316559, -49.8645973206, 7.13715171814, 34.3922920227, 7.0040178299, 9.85404491425, 119.360481262, 36.200756073, -38.895866394], [10.8587684631, -48.7065582275, -6.44865989685, 5.53938674927, -13.6514205933, 5.656229496, 12.5218315125, 19.9452285767, -20.1748256683, -0.877295136452, 36.200756073, 79.1607055664, 22.346408844], [-105.210266113, 83.4657058716, 130.830718994, 72.7251052856, -8.38214015961, 50.1270484924, 4.35089302063, -36.3300628662, 5.82829141617, 7.38135004044, -38.895866394, 22.346408844, 139.239303589]]}, "spectral_energyband_middle_low": {"dmean2": 0.00687971292064, "median": 0.00686042848974, "min": 8.07634194189e-07, "dvar2": 0.000149285260704, "dvar": 6.48018685752e-05, "dmean": 0.00448567932472, "max": 0.206295624375, "var": 0.000166425525094, "mean": 0.0105376914144}, "melbands_crest": {"dmean2": 5.90165758133, "median": 12.5540866852, "min": 4.58780193329, "dvar2": 23.1110191345, "dvar": 8.79558086395, "dmean": 3.59928536415, "max": 32.8216285706, "var": 21.4298267365, "mean": 13.3752336502}, "spectral_kurtosis": {"dmean2": 6.91809654236, "median": 8.72320365906, "min": -0.689737796783, "dvar2": 50.6331748962, "dvar": 16.7795410156, "dmean": 3.98539471626, "max": 99.3231964111, "var": 42.7604370117, "mean": 10.20353508}, "spectral_rms": {"dmean2": 0.000964018923696, "median": 0.00339321698993, "min": 7.58944443078e-05, "dvar2": 1.04758635189e-06, "dvar": 5.30710451585e-07, "dmean": 0.000667358399369, "max": 0.0203753616661, "var": 3.46586170963e-06, "mean": 0.00366774969734}, "zerocrossingrate": {"dmean2": 0.00699241878465, "median": 0.03466796875, "min": 0.00244140625, "dvar2": 4.39229479525e-05, "dvar": 3.18645070365e-05, "dmean": 0.00581159256399, "max": 0.18408203125, "var": 0.000216847998672, "mean": 0.0369912907481}, "silence_rate_60dB": {"dmean2": 0.0785798802972, "median": 0, "min": 0, "dvar2": 0.0825763419271, "dvar": 0.0377444438636, "dmean": 0.0392852909863, "max": 1, "var": 0.0887560322881, "mean": 0.0984382405877}, "erbbands_kurtosis": {"dmean2": 1.59758985043, "median": -0.0483769178391, "min": -1.85809886456, "dvar2": 4.20534467697, "dvar": 1.74178385735, "dmean": 0.994358658791, "max": 57.2016563416, "var": 3.92228579521, "mean": 0.407493144274}, "erbbands": {"dmean2": [0.0147098870948, 0.402509719133, 1.69378638268, 2.32958865166, 4.84560823441, 3.8096883297, 9.00257301331, 16.7218513489, 31.375125885, 46.9483604431, 60.4370536804, 13.9476003647, 11.679017067, 12.3756799698, 43.4420928955, 45.4780769348, 13.1922912598, 26.690656662, 30.2987155914, 8.52301597595, 10.4744949341, 10.6290588379, 20.131893158, 14.3981170654, 4.78772926331, 0.88489228487, 0.817007482052, 0.320779919624, 0.234664589167, 0.136264652014, 0.0960303843021, 0.074492700398, 0.0380744822323, 0.0227252282202, 0.00871607661247, 0.00357759231701, 0.000869139679708, 0.000212602913962, 3.78441982321e-05, 1.15478969747e-05], "median": [0.00601106602699, 0.145563215017, 0.563506364822, 0.906252086163, 1.53158545494, 2.13737273216, 5.17602586746, 9.72783374786, 15.1480731964, 12.4748039246, 8.95864391327, 5.94479465485, 5.88454437256, 6.14647865295, 5.93579816818, 4.31332874298, 3.88450813293, 4.59040546417, 4.51135730743, 3.84303045273, 3.50875091553, 3.84193372726, 3.57634115219, 2.71831417084, 1.48655676842, 0.543341577053, 0.268710911274, 0.144502133131, 0.112986057997, 0.0674187466502, 0.0424649864435, 0.0289010647684, 0.0144040528685, 0.00731548853219, 0.00309457443655, 0.00124900857918, 0.000331033195835, 7.3415802035e-05, 1.96948749362e-05, 1.54909193952e-05], "min": [1.04245063994e-05, 0.000149937914102, 0.000959804281592, 0.00140222650953, 0.000690324639436, 0.000546722032595, 0.000111314533569, 0.000127960782265, 9.50044413912e-05, 7.59928225307e-05, 0.000134807181894, 0.000137239680043, 0.000115205853945, 6.9969733886e-05, 6.0250498791e-05, 8.79273211467e-05, 7.21157412045e-05, 2.49210625043e-05, 7.29972234694e-05, 5.97809084866e-05, 6.12862640992e-05, 3.61963029718e-05, 2.59517855739e-05, 2.59824137174e-05, 2.87644597847e-05, 3.53523137164e-05, 3.18008605973e-05, 2.05392771022e-05, 1.37130400617e-05, 1.18019643196e-05, 1.01513833215e-05, 9.72437101154e-06, 5.2820705605e-06, 4.31418857261e-06, 2.19098001253e-06, 1.58492980518e-06, 8.45711497277e-07, 2.83787244371e-07, 6.71775595151e-08, 1.28378268016e-08], "dvar2": [0.000620303791948, 0.555531322956, 10.4154233932, 15.4638557434, 103.838783264, 45.8461074829, 224.509368896, 592.5078125, 2688.94458008, 16385.0625, 62686.75, 3366.02783203, 585.23449707, 527.1875, 43545.7617188, 82313.515625, 3558.91650391, 19949.2753906, 43534.0742188, 599.531677246, 1152.95788574, 1237.94909668, 5319.77490234, 2596.69555664, 230.024581909, 3.49746727943, 8.75637245178, 2.58263802528, 0.397845089436, 0.191312223673, 0.206163465977, 0.131794989109, 0.0431869253516, 0.0246939174831, 0.00300750951283, 0.000210508398595, 1.09953425635e-05, 5.60300918551e-07, 1.5132490816e-08, 4.19060536272e-10], "dvar": [0.000320809805999, 0.233383864164, 4.88572597504, 6.30385398865, 42.1356658936, 21.6410083771, 103.5729599, 242.537704468, 1282.41345215, 6971.14306641, 29750.7871094, 1283.6640625, 271.348388672, 240.821960449, 18189.3554688, 43610.71875, 1380.58105469, 8778.35742188, 17579.2890625, 263.937835693, 498.546966553, 609.226196289, 2296.94140625, 1134.09619141, 107.886940002, 1.4894630909, 3.54721093178, 1.1059705019, 0.18587231636, 0.0871187672019, 0.0849700495601, 0.056744184345, 0.0176214426756, 0.0107413595542, 0.00135065137874, 0.000103076323285, 5.17953640156e-06, 2.61920007461e-07, 6.76834632785e-09, 2.02046657183e-10], "dmean": [0.00999363511801, 0.257625758648, 1.06784307957, 1.42784655094, 2.99551129341, 2.47128272057, 5.7263584137, 10.4178028107, 20.7784500122, 29.8131866455, 39.2727279663, 8.83096122742, 7.59036016464, 7.90791225433, 28.0577297211, 30.8497982025, 8.33965110779, 17.1272354126, 18.890296936, 5.55244684219, 6.6571559906, 7.0355629921, 13.3975496292, 9.64074325562, 3.19154644012, 0.595679521561, 0.540002524853, 0.220183297992, 0.161037042737, 0.0941882878542, 0.0665219128132, 0.0508307553828, 0.0253151636571, 0.015412081033, 0.00618032738566, 0.00251624104567, 0.000618351332378, 0.000148274120875, 2.61667155428e-05, 7.89999194239e-06], "max": [0.398198544979, 13.0230855942, 85.3591918945, 54.8503456116, 132.893127441, 140.975296021, 432.104003906, 274.03793335, 792.747253418, 2139.47924805, 5303.45605469, 1498.6895752, 452.776824951, 500.452392578, 5783.1875, 14157.6425781, 1625.85534668, 2746.61499023, 5984.51171875, 583.589599609, 703.614440918, 955.982421875, 1081.65112305, 883.311279297, 473.606933594, 27.1244564056, 65.5111541748, 65.7056121826, 13.5407333374, 13.8200960159, 15.4188632965, 8.79075813293, 4.97710895538, 5.70908117294, 2.50172591209, 0.394250720739, 0.0871399715543, 0.0213292911649, 0.00366627797484, 0.000510649115313], "var": [0.00110856164247, 0.468044608831, 10.3385744095, 12.0716304779, 75.9147796631, 60.6129455566, 246.897644043, 438.165435791, 2882.45629883, 13839.4921875, 51623.4023438, 1927.86901855, 524.418579102, 461.236572266, 32531.046875, 72786.6171875, 1810.15380859, 10157.2207031, 20573.6035156, 377.998748779, 779.070739746, 923.25390625, 4612.97412109, 2187.08276367, 210.749771118, 2.96158051491, 5.41113376617, 1.34493374825, 0.347435593605, 0.132272437215, 0.0935853421688, 0.0697074979544, 0.0212683212012, 0.0128207644448, 0.00170023576356, 0.000157181624672, 7.15920168659e-06, 3.38298775659e-07, 8.88437501345e-09, 6.8182354207e-10], "mean": [0.0179788693786, 0.395101517439, 1.56129217148, 2.18371701241, 4.49158525467, 4.55428171158, 9.75321006775, 16.5134525299, 33.8879013062, 47.8431587219, 57.4957542419, 13.8624658585, 12.8207979202, 12.6665792465, 39.5642738342, 40.4012870789, 11.3099555969, 20.3031826019, 23.3967113495, 8.83037281036, 10.1006317139, 10.8017587662, 20.4864902496, 14.8229398727, 5.01470708847, 1.11611878872, 0.85606443882, 0.372763037682, 0.276476681232, 0.162333399057, 0.106930911541, 0.0760076567531, 0.0373926907778, 0.0213118623942, 0.00889089889824, 0.00364369549789, 0.000905925640836, 0.000210010301089, 4.31443659181e-05, 2.24094255827e-05]}, "spectral_strongpeak": {"dmean2": 0.877301514149, "median": 0.511475920677, "min": 0, "dvar2": 2.17416071892, "dvar": 0.923211038113, "dmean": 0.540064275265, "max": 26.3503227234, "var": 1.88876664639, "mean": 0.951526105404}, "spectral_energy": {"dmean2": 0.00924485456198, "median": 0.0118017690256, "min": 5.90396621192e-06, "dvar2": 0.000269836571533, "dvar": 0.000130042375531, "dmean": 0.00629527820274, "max": 0.42553421855, "var": 0.000441487762146, "mean": 0.0173411685973}, "average_loudness": 0.193768978119, "spectral_rolloff": {"dmean2": 455.601104736, "median": 732.12890625, "min": 86.1328125, "dvar2": 428617.40625, "dvar": 181453.6875, "dmean": 274.448516846, "max": 8462.54882812, "var": 367964.46875, "mean": 935.018371582}, "spectral_centroid": {"dmean2": 268.610687256, "median": 796.020629883, "min": 176.536239624, "dvar2": 72224.3671875, "dvar": 34622.0664062, "dmean": 181.363189697, "max": 2684.45654297, "var": 159746.1875, "mean": 893.081787109}, "pitch_salience": {"dmean2": 0.124942071736, "median": 0.574274241924, "min": 0.117081530392, "dvar2": 0.010170057416, "dvar": 0.00398519216105, "dmean": 0.0766876786947, "max": 0.853513717651, "var": 0.0115277003497, "mean": 0.567696034908}, "spectral_energyband_middle_high": {"dmean2": 0.00298542086966, "median": 0.00151170860045, "min": 2.39357174081e-08, "dvar2": 9.35887437663e-05, "dvar": 4.44905272161e-05, "dmean": 0.00208678329363, "max": 0.344891548157, "var": 0.000103182159364, "mean": 0.0040839118883}, "spectral_contrast_coeffs": {"dmean2": [0.0844227895141, 0.084348641336, 0.0638976320624, 0.0512856952846, 0.0391254387796, 0.0231864061207], "median": [-0.650825500488, -0.709079384804, -0.776593565941, -0.795045852661, -0.772332727909, -0.772955477238], "min": [-0.873546361923, -0.939886808395, -0.946544766426, -0.92851382494, -0.92203938961, -0.9511500597], "dvar2": [0.00432612374425, 0.00439654476941, 0.00253036082722, 0.00180249859113, 0.0010678328108, 0.00036330264993], "dvar": [0.00156664988026, 0.00169856054708, 0.00108928047121, 0.000833096099086, 0.000568589486647, 0.000158401875524], "dmean": [0.0509522594512, 0.0518715754151, 0.0401014350355, 0.0328339710832, 0.0271618571132, 0.0149539653212], "max": [-0.330037742853, -0.353343039751, -0.341105937958, -0.399894475937, -0.454034239054, -0.658364355564], "var": [0.00509437918663, 0.00653636362404, 0.00477604893968, 0.00391029426828, 0.00505525525659, 0.000716890208423], "mean": [-0.646598875523, -0.699263036251, -0.764701128006, -0.782352805138, -0.755941092968, -0.774335086346]}, "melbands_skewness": {"dmean2": 0.862548947334, "median": 1.86574494839, "min": -1.26929283142, "dvar2": 0.556005716324, "dvar": 0.231596261263, "dmean": 0.553002417088, "max": 7.29375505447, "var": 0.792312383652, "mean": 1.93534076214}, "spectral_spread": {"dmean2": 463018.5, "median": 2547399.75, "min": 853337.75, "dvar2": 321444708352, "dvar": 222029381632, "dmean": 321414.90625, "max": 27184928, "var": 681199730688, "mean": 2683842.75}, "dissonance": {"dmean2": 0.0461850948632, "median": 0.453477352858, "min": 0.207434177399, "dvar2": 0.00166663166601, "dvar": 0.000597325968556, "dmean": 0.0273361802101, "max": 0.499895304441, "var": 0.00116073305253, "mean": 0.446995139122}, "spectral_skewness": {"dmean2": 0.606691896915, "median": 2.0359749794, "min": 0.52500641346, "dvar2": 0.302409499884, "dvar": 0.104219347239, "dmean": 0.363890439272, "max": 7.92981863022, "var": 0.372784614563, "mean": 2.1060051918}, "spectral_flux": {"dmean2": 0.0336798205972, "median": 0.0608956664801, "min": 0.00100381940138, "dvar2": 0.0018750319723, "dvar": 0.000657437485643, "dmean": 0.0200904756784, "max": 0.48363044858, "var": 0.00186270289123, "mean": 0.0689227581024}, "spectral_contrast_valleys": {"dmean2": [0.691720128059, 0.516038656235, 0.445260345936, 0.378712177277, 0.29691183567, 0.330434083939], "median": [-7.61496162415, -6.57226800919, -7.45427799225, -8.03437614441, -8.47441482544, -11.8070869446], "min": [-11.0268573761, -11.7001781464, -12.7483539581, -12.8682937622, -13.0975980759, -15.3945045471], "dvar2": [0.300754278898, 0.160288363695, 0.126943200827, 0.0881850719452, 0.0559487305582, 0.105457752943], "dvar": [0.104392342269, 0.0591295547783, 0.0478606559336, 0.0359520576894, 0.0308531783521, 0.0629549846053], "dmean": [0.411730378866, 0.309265673161, 0.274285614491, 0.239245653152, 0.208369582891, 0.251910299063], "max": [-5.49954223633, -5.02371644974, -5.80069494247, -6.21554088593, -6.45890045166, -9.15125083923], "var": [0.666639268398, 0.389437735081, 0.443519711494, 0.436265766621, 0.450412720442, 0.50082474947], "mean": [-7.7062959671, -6.63829612732, -7.53642034531, -8.10857963562, -8.51419734955, -11.8341255188]}, "erbbands_flatness_db": {"dmean2": 0.0295673329383, "median": 0.206867367029, "min": 0.079217620194, "dvar2": 0.000688135449309, "dvar": 0.000362403516192, "dmean": 0.0208443235606, "max": 0.439398795366, "var": 0.00250117247924, "mean": 0.215017020702}, "spectral_energyband_high": {"dmean2": 2.95550344163e-05, "median": 1.72054151335e-05, "min": 4.6139612131e-09, "dvar2": 6.01870198125e-09, "dvar": 2.89473556236e-09, "dmean": 2.15147410927e-05, "max": 0.00155745947268, "var": 6.41703401527e-09, "mean": 4.18513736804e-05}, "spectral_entropy": {"dmean2": 0.25338357687, "median": 7.02750205994, "min": 5.15372562408, "dvar2": 0.0437949933112, "dvar": 0.0221654865891, "dmean": 0.176469832659, "max": 8.24070072174, "var": 0.140334948897, "mean": 6.98900794983}, "silence_rate_20dB": {"dmean2": 0.000473372783745, "median": 1, "min": 0, "dvar2": 0.000709768617526, "dvar": 0.000236585765379, "dmean": 0.000236658379436, "max": 1, "var": 0.000118297029985, "mean": 0.99988168478}, "melbands_flatness_db": {"dmean2": 0.037417139858, "median": 0.253773152828, "min": 0.0806170776486, "dvar2": 0.000904823013116, "dvar": 0.000434999412391, "dmean": 0.0256775803864, "max": 0.557102501392, "var": 0.00262427167036, "mean": 0.256810307503}, "barkbands": {"dmean2": [8.99388305697e-06, 0.00141388527118, 0.0015856847167, 0.00111686554737, 0.00134037586395, 0.00168129766826, 0.00244791083969, 0.00312501122244, 0.000595000281464, 0.00039207394002, 0.00079123780597, 0.00144958286546, 0.000306218018522, 0.000740229152143, 0.000356291246135, 0.000179321301403, 0.000189744954696, 0.000375841045752, 0.000226642863709, 2.10329326364e-05, 1.49111074279e-05, 5.66729477214e-06, 3.75626314053e-06, 2.8245053727e-06, 1.6073097413e-06, 5.79059474148e-07, 2.27589794122e-07], "median": [3.27151451529e-06, 0.000502731185406, 0.000463629490696, 0.000291875214316, 0.00077823898755, 0.00101454323158, 0.000980696640909, 0.000443821714725, 0.000224698625971, 0.000144469770021, 0.00012558652088, 0.000112346984679, 6.20433784206e-05, 8.78328137333e-05, 6.70214139973e-05, 5.56776576559e-05, 5.05458301632e-05, 6.18901685812e-05, 4.04740712838e-05, 1.01894311229e-05, 4.80939706904e-06, 2.93337507173e-06, 1.65546271091e-06, 1.11618544452e-06, 5.34634637006e-07, 2.12149018353e-07, 6.67648265562e-08]