{"tonal": {"thpcp": [1, 0.54088228941, 0.118350990117, 0.0488251447678, 0.0568201430142, 0.23333580792, 0.383942604065, 0.241255953908, 0.0847249403596, 0.0633869320154, 0.0892618820071, 0.245147645473, 0.361395955086, 0.246894881129, 0.247638836503, 0.344332903624, 0.233216762543, 0.105701766908, 0.0823428407311, 0.138481333852, 0.441191971302, 0.63935315609, 0.371572911739, 0.14680019021, 0.155821189284, 0.127780884504, 0.164753168821, 0.235350593925, 0.143985137343, 0.0775533393025, 0.116664275527, 0.100859716535, 0.140644729137, 0.213176697493, 0.201166778803, 0.644375383854], "hpcp": {"dmean2": [0.0914575085044, 0.0809097588062, 0.0546728186309, 0.0502744205296, 0.0554934106767, 0.0704294741154, 0.0890776589513, 0.147632032633, 0.238777577877, 0.225723803043, 0.214586302638, 0.127096608281, 0.055510237813, 0.0614694617689, 0.106329768896, 0.123158164322, 0.123015813529, 0.0849657654762, 0.0667298510671, 0.0814434662461, 0.126218259335, 0.136693999171, 0.144799306989, 0.148811772466, 0.154898047447, 0.141297206283, 0.111382998526, 0.0915287360549, 0.125874191523, 0.210807129741, 0.218996852636, 0.183944955468, 0.12703423202, 0.0852289199829, 0.086177572608, 0.100850537419], "median": [0.00325099262409, 0.00261567044072, 0.00102706393227, 0.000548985321075, 0.000680795870721, 0.00266421539709, 0.00360108655877, 0.00998143758625, 0.0885461643338, 0.15587952733, 0.0729518011212, 0.00124959286768, 0.000409217813285, 0.000635994016193, 0.00611173873767, 0.0114272851497, 0.00711456127465, 0.000722820230294, 0.000383390753996, 0.000576055725105, 0.00316674285568, 0.00503141991794, 0.00544895930216, 0.00526012480259, 0.00405500875786, 0.00267679104581, 0.00121688051149, 0.00096773885889, 0.002656346187, 0.0421938076615, 0.0677764117718, 0.0349370911717, 0.00250965799205, 0.000713868008461, 0.000647664070129, 0.00245004706085], "min": [0, 0, 0, 0, 0, 0, 0, 0, 0, 0, 0, 0, 0, 0, 0, 0, 0, 0, 0, 0, 0, 0, 0, 0, 0, 0, 0, 0, 0, 0, 0, 0, 0, 0, 0, 0], "dvar2": [0.0513719208539, 0.0410069897771, 0.0322847999632, 0.0320413447917, 0.0311431959271, 0.0390588641167, 0.0569178275764, 0.0808329060674, 0.124233536422, 0.122969597578, 0.110724389553, 0.0920030102134, 0.0349128879607, 0.04036039114, 0.0627705529332, 0.0727668628097, 0.077047906816, 0.0622496455908, 0.0497268512845, 0.0535271130502, 0.0807439908385, 0.0819833576679, 0.0844560787082, 0.0854290276766, 0.0892567411065, 0.0784904137254, 0.0752494484186, 0.057798422873, 0.0751651376486, 0.113731332123, 0.121968992054, 0.0958743169904, 0.0744473710656, 0.0550790019333, 0.0534716658294, 0.0571872554719], "dvar": [0.0222070496529, 0.0153903458267, 0.0119229545817, 0.012172090821, 0.0119066173211, 0.0145566361025, 0.0214858800173, 0.0292616523802, 0.0490881800652, 0.0513825602829, 0.0450662150979, 0.033864416182, 0.0122393397614, 0.0143239665776, 0.0244567990303, 0.0315615199506, 0.0292016714811, 0.0224200356752, 0.0180318728089, 0.0196763370186, 0.032834507525, 0.0365907773376, 0.0322414748371, 0.0339959859848, 0.0381955131888, 0.0315640196204, 0.0275249630213, 0.0203767586499, 0.0270585119724, 0.0447352193296, 0.051257211715, 0.0366773828864, 0.0266100391746, 0.0200580973178, 0.0193700287491, 0.0209942273796], "dmean": [0.0528111681342, 0.0459898896515, 0.0300173070282, 0.0277012530714, 0.0310618858784, 0.0398971028626, 0.0499820895493, 0.0823097229004, 0.140091061592, 0.130797088146, 0.126831918955, 0.0686242058873, 0.0295223034918, 0.0329591445625, 0.0627568736672, 0.0725035220385, 0.0706844255328, 0.0464121215045, 0.0357810966671, 0.0447309203446, 0.0734940096736, 0.0791305974126, 0.0825886875391, 0.0868017151952, 0.089297786355, 0.0817607566714, 0.060449551791, 0.0490825511515, 0.0699749588966, 0.125083357096, 0.130267336965, 0.107560433447, 0.0696468055248, 0.0466911382973, 0.0479945540428, 0.0562498606741], "max": [1, 1, 1, 1, 1, 1, 1, 1, 1, 1, 1, 1, 1, 1, 1, 1, 1, 1, 1, 1, 1, 1, 1, 1, 1, 1, 1, 1, 1, 1, 1, 1, 1, 1, 1, 1], "var": [0.0534882619977, 0.0211402643472, 0.0116518121213, 0.0315311551094, 0.0199372489005, 0.0236695148051, 0.0490702539682, 0.0284774005413, 0.090186022222, 0.176126167178, 0.0704676434398, 0.0234916452318, 0.00796337425709, 0.00962915737182, 0.0385555289686, 0.0848179161549, 0.0404049418867, 0.0164410751313, 0.0130240898579, 0.0168090499938, 0.0492658689618, 0.0847381949425, 0.0433533973992, 0.0431807376444, 0.0773226618767, 0.0412070825696, 0.0188613124192, 0.0134503562003, 0.0224818158895, 0.0693093538284, 0.115661971271, 0.0526583194733, 0.0231123678386, 0.037844248116, 0.025489917025, 0.0267989262938], "mean": [0.0912835597992, 0.0558463670313, 0.0300799943507, 0.0452496409416, 0.0391196534038, 0.0545507520437, 0.0826831459999, 0.0780249536037, 0.249928742647, 0.387862026691, 0.209787711501, 0.0459038540721, 0.0189374201, 0.0220383759588, 0.0905020982027, 0.148916751146, 0.0935740247369, 0.0328615866601, 0.0245853830129, 0.0346212945879, 0.0950834602118, 0.140171766281, 0.0957611501217, 0.0960497036576, 0.133553653955, 0.0904559269547, 0.0409977026284, 0.0319376625121, 0.0537116527557, 0.171121612191, 0.247980818152, 0.144119024277, 0.0569382198155, 0.0604371242225, 0.0495613515377, 0.0639014989138]}, "tuning_equal_tempered_deviation": 0.0143773760647, "chords_changes_rate": 0.0405957251787, "key_key": "C", "tuning_diatonic_strength": 0.631703555584, "key_scale": "major", "chords_number_rate": 0.00288253673352, "tuning_frequency": 438.477722168, "tuning_nontempered_energy_ratio": 0.642709434032, "chords_histogram": [44.2949790955, 1.05693006516, 13.5719432831, 1.39322602749, 0, 0, 0, 0.312274813652, 1.22507810593, 0, 0, 0, 0, 0, 0, 7.83089113235, 0.744655311108, 5.52486181259, 0, 3.96348786354, 3.21883249283, 1.46528947353, 13.427816391, 1.96973335743], "key_strength": 0.850673556328, "chords_key": "C", "chords_strength": {"dmean2": 0.00738963438198, "median": 0.541894435883, "min": 0.23586730659, "dvar2": 5.64393194509e-05, "dvar": 6.45069012535e-05, "dmean": 0.00924315024167, "max": 0.821475803852, "var": 0.013425046578, "mean": 0.543880462646}, "chords_scale": "major", "hpcp_entropy": {"dmean2": 0.889867126942, "median": 1.33699631691, "min": 0, "dvar2": 0.722439289093, "dvar": 0.278117388487, "dmean": 0.520918190479, "max": 4.3832526207, "var": 0.545712172985, "mean": 1.32061803341}}, "metadata": {"audio_properties": {"equal_loudness": 0, "codec": "flac", "downmix": "mix", "sample_rate": 44100, "analysis_sample_rate": 44100, "bit_rate": 0, "md5_encoded": "f4d1391e5c26b68e47827d53e49e28d9", "length": 193.279998779, "replay_gain": -12.1664218903, "lossless": true}, "version": {"essentia_build_sha": "70f2e5ece6736b2c40cc944ad0e695b16b925413", "essentia": "2.1-beta2", "extractor": "music 1.0", "essentia_git_sha": "v2.1_beta2"}, "tags": {"title": ["Make You Feel My Love"], "barcode": ["5099968067526"], "media": ["CD"], "albumartist": ["Helene Fischer"], "tracktotal": ["16"], "musicbrainz_releasegroupid": ["ddaf4508-6429-45b7-a76b-bd4d4a9f7834"], "releasetype": ["album"], "musicbrainz_recordingid": ["0e068dab-ceaf-472a-8d42-64bfa2ec5ccb"], "musicbrainz_albumartistid": ["167e1cd2-4a9e-4f34-bcda-2e0acf0a1797"], "originalyear": ["2011"], "musicbrainz_releasetrackid": ["15f40930-3f1a-38d2-86d6-f866d19deab0"], "discnumber": ["1"], "totaldiscs": ["1"], "album": ["F\u00fcr einen Tag"], "catalognumber": ["50999 680675 2 6"], "releasecountry": ["DE"], "file_name": "16 Make you feel my love.flac", "originaldate": ["2011-10-14"], "albumartistsort": ["Fischer, Helene"], "date": ["2011-10-14"], "genre": ["Schlager"], "disctotal": ["1"], "musicbrainz_artistid": ["e8bee5d1-a3a5-4c1a-ada4-f1ca22101e84", "167e1cd2-4a9e-4f34-bcda-2e0acf0a1797"], "asin": ["B005KH0BDO"], "musicbrainz_albumid": ["03986bb3-22f7-4de5-89b7-2d32cb18329c"], "tracknumber": ["16"], "artistsort": ["Bolton, Michael feat. Fischer, Helene"], "artist": ["Michael Bolton feat. Helene Fischer"], "label": ["EMI Music Germany GmbH & Co. KG"], "releasestatus": ["official"], "acoustid_id": ["2291247e-318a-4f36-ae26-bd965b5d2e1b"], "script": ["Latn"], "totaltracks": ["16"]}}, "rhythm": {"bpm_histogram_first_peak_bpm": {"dmean2": 0, "median": 161, "min": 161, "dvar2": 0, "dvar": 0, "dmean": 0, "max": 161, "var": 0, "mean": 161}, "bpm": 162.039474487, "bpm_histogram_second_peak_spread": {"dmean2": 0, "median": 0.217391312122, "min": 0.217391312122, "dvar2": 0, "dvar": 0, "dmean": 0, "max": 0.217391312122, "var": 0, "mean": 0.217391312122}, "bpm_histogram_first_peak_weight": {"dmean2": 0, "median": 0.485943764448, "min": 0.485943764448, "dvar2": 0, "dvar": 0, "dmean": 0, "max": 0.485943764448, "var": 0, "mean": 0.485943764448}, "onset_rate": 3.07820439339, "beats_position": [0.394739210606, 0.812698423862, 1.21904754639, 1.6137868166, 2.02013611794, 2.42648530006, 2.79800438881, 3.16952371597, 3.55265307426, 3.92417216301, 4.29569149017, 4.66721057892, 5.0387301445, 5.4334692955, 5.80498838425, 6.17650794983, 6.54802703857, 6.91954612732, 7.2910656929, 7.66258478165, 8.04571437836, 8.4172334671, 8.80036258698, 9.17188167572, 9.55501079559, 9.94974994659, 10.3328800201, 10.7043991089, 11.0643081665, 11.4358272552, 11.807346344, 12.1904764175, 12.5619955063, 12.933514595, 13.3050336838, 13.6765527725, 14.0712919235, 14.4544210434, 14.8491611481, 15.1974601746, 15.545759201, 15.8940582275, 16.2307472229, 16.602268219, 16.9737873077, 17.3453063965, 17.7168254852, 18.1115646362, 18.5063037872, 18.9010429382, 19.2957820892, 19.6789112091, 20.062040329, 20.4451694489, 20.8282985687, 21.2230377197, 21.6061668396, 21.9892959595, 22.3375968933, 22.6975059509, 23.0574150085, 23.4173240662, 23.7888431549, 24.1719722748, 24.5551013947, 24.9150104523, 25.2981395721, 25.6580486298, 26.0179595947, 26.3778686523, 26.7493877411, 27.132516861, 27.5156459808, 27.9103851318, 28.2935142517, 28.6650333405, 29.0481624603, 29.4312915802, 29.8028106689, 30.1859397888, 30.5574588776, 30.9405899048, 31.3237190247, 31.6952381134, 32.0667572021, 32.4382743835, 32.8097953796, 33.1929244995, 33.5644454956, 33.935962677, 34.3074836731, 34.690612793, 35.0621299744, 35.4336509705, 35.8051681519, 36.1882972717, 36.5714263916, 36.9429473877, 37.3144645691, 37.6859855652, 38.0575065613, 38.4290237427, 38.8121528625, 39.1836738586, 39.55519104, 39.9383201599, 40.309841156, 40.6813583374, 41.0528793335, 41.4360084534, 41.8191375732, 42.1906585693, 42.5621757507, 42.9336967468, 43.3284339905, 43.6999549866, 44.071472168, 44.4429931641, 44.8029022217, 45.1860313416, 45.5575485229, 45.929069519, 46.3121986389, 46.6953277588, 47.0784568787, 47.4499778748, 47.8214950562, 48.1930160522, 48.5645332336, 48.9476623535, 49.3191833496, 49.690700531, 50.0622215271, 50.4337387085, 50.8052597046, 51.1883888245, 51.5599098206, 51.9198188782, 52.2913360596, 52.6628570557, 53.0343742371, 53.4175033569, 53.8006324768, 54.1837615967, 54.5668907166, 54.9384117126, 55.3099327087, 55.6698417664, 56.0529708862, 56.4244880676, 56.8076171875, 57.1907463074, 57.5622673035, 57.9453964233, 58.3169136047, 58.6768226624, 59.0483436584, 59.4314727783, 59.8029937744, 60.1745109558, 60.5576400757, 60.9407691956, 61.3238983154, 61.7186393738, 62.0901565552, 62.4500656128, 62.8099746704, 63.1814956665, 63.5414047241, 63.924533844, 64.2960510254, 64.6675720215, 65.0390930176, 65.4106140137, 65.7937393188, 66.1768722534, 66.5483856201, 66.9199066162, 67.3030395508, 67.686164856, 68.0576858521, 68.4292068481, 68.8007278442, 69.1838531494, 69.566986084, 69.9384994507, 70.3100204468, 70.6815414429, 71.053062439, 71.4245758057, 71.7960968018, 72.1676177979, 72.5391387939, 72.9222640991, 73.2937850952, 73.6769180298, 74.060043335, 74.4315643311, 74.7914733887, 75.1629943848, 75.5345077515, 75.9060287476, 76.2891616821, 76.6606826782, 77.0321960449, 77.4153289795, 77.7868499756, 78.1699752808, 78.5531082153, 78.9362335205, 79.3193664551, 79.7024917603, 80.0856246948, 80.46875, 80.8750991821, 81.2930603027, 81.6877975464, 82.08253479, 82.4656677246, 82.8487930298, 83.2551422119, 83.649887085, 84.0330123901, 84.4277572632, 84.8457107544, 85.263671875, 85.6584091187, 86.0531539917, 86.4362792969, 86.8194122314, 87.1909255981, 87.5508346558, 87.9223556519, 88.2938766479, 88.6537857056, 89.0253067017, 89.4084320068, 89.7915649414, 90.1746902466, 90.5462112427, 90.9177322388, 91.3008575439, 91.6839904785, 92.0671157837, 92.4502487183, 92.8217697144, 93.1932830811, 93.5648040771, 93.9247131348, 94.2962341309, 94.6793670654, 95.0624923706, 95.4340133667, 95.8171386719, 96.188659668, 96.5717926025, 96.9433059692, 97.3264389038, 97.7211761475, 98.1971893311, 98.6731948853, 99.1492080688, 99.6136016846, 100.07800293, 100.554008484, 101.018409729, 101.413146973, 101.784667969, 102.167800903, 102.550926208, 102.934059143, 103.305580139, 103.677093506, 104.048614502, 104.420135498, 104.803260803, 105.186393738, 105.557914734, 105.929428101, 106.300949097, 106.672470093, 107.043991089, 107.415504456, 107.787025452, 108.181770325, 108.553283691, 108.936416626, 109.319541931, 109.691062927, 110.050971985, 110.422492981, 110.805618286, 111.177139282, 111.571876526, 111.943397522, 112.314918518, 112.686439514, 113.05796051, 113.429473877, 113.800994873, 114.172515869, 114.544036865, 114.92716217, 115.310295105, 115.681808472, 116.053329468, 116.424850464, 116.79637146, 117.167892456, 117.539405823, 117.910926819, 118.282447815, 118.653968811, 119.037094116, 119.420227051, 119.791740417, 120.163261414, 120.546394348, 120.917915344, 121.301040649, 121.672561646, 122.032470703, 122.415596008, 122.787117004, 123.158638, 123.530158997, 123.901672363, 124.284805298, 124.656326294, 125.039451599, 125.410972595, 125.79410553, 126.177230835, 126.548751831, 126.931877136, 127.303398132, 127.686531067, 128.058044434, 128.42956543, 128.812698364, 129.195831299, 129.567337036, 129.938858032, 130.310379028, 130.681900024, 131.053421021, 131.424942017, 131.796463013, 132.179595947, 132.562713623, 132.934234619, 133.305755615, 133.677276611, 134.048797607, 134.420318604, 134.7918396, 135.163360596, 135.534866333, 135.906387329, 136.277908325, 136.637817383, 137.020950317, 137.392471313, 137.775604248, 138.158721924, 138.541854858, 138.913375854, 139.308120728, 139.691238403, 140.062759399, 140.434280396, 140.805801392, 141.177322388, 141.548843384, 141.92036438, 142.291885376, 142.663391113, 143.034912109, 143.429656982, 143.801177979, 144.172698975, 144.555831909, 144.938949585, 145.333694458, 145.728439331, 146.134780884, 146.541137695, 146.947479248, 147.342224121, 147.736953735, 148.143310547, 148.5496521, 148.944396973, 149.339141846, 149.73387146, 150.128616333, 150.511749268, 150.906478882, 151.289611816, 151.661132812, 152.044265747, 152.415786743, 152.78729248, 153.170425415, 153.55355835, 153.925079346, 154.30821228, 154.679718018, 155.062850952, 155.434371948, 155.805892944, 156.17741394, 156.548934937, 156.920455933, 157.28036499, 157.663482666, 158.035003662, 158.406524658, 158.778045654, 159.14956665, 159.532699585, 159.915817261, 160.298950195, 160.68208313, 161.065216064, 161.448348999, 161.831466675, 162.202987671, 162.574508667, 162.946029663, 163.317550659, 163.677459717, 164.048980713, 164.420501709, 164.792022705, 165.175140381, 165.558273315, 165.929794312, 166.301315308, 166.696044922, 167.067565918, 167.439086914, 167.81060791, 168.182128906, 168.553649902, 168.925170898, 169.296691895, 169.691421509, 170.074554443, 170.446075439, 170.817596436, 171.189117432, 171.549026489, 171.908935547, 172.292053223, 172.675186157, 173.058319092, 173.429840088, 173.801361084, 174.17288208, 174.544403076, 174.915908813, 175.28742981, 175.670562744, 176.053695679, 176.425216675, 176.808334351, 177.191467285, 177.562988281, 177.934509277, 178.306030273, 178.67755127, 179.037460327, 179.397369385, 179.780502319, 180.163619995, 180.54675293, 180.918273926, 181.289794922, 181.742584229, 182.206985474, 182.671386719, 183.240264893, 183.809158325, 184.366439819, 184.923721313, 185.480987549, 186.06149292, 186.641998291, 187.222488403, 187.814605713, 188.406707764, 188.998809814, 189.590927124, 190.183029175, 190.775146484, 191.378860474, 191.982574463, 192.586303711], "beats_loudness": {"dmean2": 0.0439619161189, "median": 0.0296170301735, "min": 2.45406170052e-07, "dvar2": 0.00167117419187, "dvar": 0.000607384485193, "dmean": 0.0250246375799, "max": 0.150817930698, "var": 0.000778060522862, "mean": 0.0360288061202}, "danceability": 1.08823478222, "bpm_histogram_second_peak_weight": {"dmean2": 0, "median": 0.0722891539335, "min": 0.0722891539335, "dvar2": 0, "dvar": 0, "dmean": 0, "max": 0.0722891539335, "var": 0, "mean": 0.0722891539335}, "beats_count": 499, "bpm_histogram_second_peak_bpm": {"dmean2": 0, "median": 152, "min": 152, "dvar2": 0, "dvar": 0, "dmean": 0, "max": 152, "var": 0, "mean": 152}, "bpm_histogram_first_peak_spread": {"dmean2": 0, "median": 0.376288592815, "min": 0.376288592815, "dvar2": 0, "dvar": 0, "dmean": 0, "max": 0.376288592815, "var": 0, "mean": 0.376288592815}, "beats_loudness_band_ratio": {"dmean2": [0.438386201859, 0.40430995822, 0.219870552421, 0.14221765101, 0.038676597178, 0.0406036973], "median": [0.413088619709, 0.339672505856, 0.0664867162704, 0.019743192941, 0.00523031549528, 0.00318398536183], "min": [0.00113585207146, 0.000248989497777, 0.000175379987922, 4.51416635769e-05, 1.05384679046e-05, 2.19591879613e-06], "dvar2": [0.120882332325, 0.0849284678698, 0.0625384896994, 0.0507933758199, 0.0079941349104, 0.0159524548799], "dvar": [0.0510095581412, 0.0344172641635, 0.0232564993203, 0.0184749308974, 0.00259339949116, 0.00542608927935], "dmean": [0.258053898811, 0.236019566655, 0.123510211706, 0.0799806714058, 0.0211860816926, 0.0215608365834], "max": [0.99877756834, 0.941602051258, 0.842312991619, 0.768374204636, 0.374766945839, 0.976729571819], "var": [0.0956337377429, 0.0585616640747, 0.0247703697532, 0.0179472733289, 0.0017066244036, 0.00298286997713], "mean": [0.464677423239, 0.379059076309, 0.129179656506, 0.0713983103633, 0.0171211175621, 0.0153014883399]}}, "lowlevel": {"barkbands_spread": {"dmean2": 3.7715857029, "median": 4.81462335587, "min": 0.129309877753, "dvar2": 87.0741271973, "dvar": 40.4775276184, "dmean": 2.56247782707, "max": 104.132110596, "var": 111.263580322, "mean": 7.91593360901}, "melbands_spread": {"dmean2": 3.86066579819, "median": 4.88721895218, "min": 0.184505626559, "dvar2": 132.449005127, "dvar": 74.0402679443, "dmean": 2.72892379761, "max": 236.248809814, "var": 261.888946533, "mean": 8.85018634796}, "hfc": {"dmean2": 4.60016012192, "median": 6.23325490952, "min": 1.11909185663e-16, "dvar2": 149.063720703, "dvar": 86.0072097778, "dmean": 3.44191050529, "max": 496.318237305, "var": 372.176544189, "mean": 11.6103668213}, "barkbands_kurtosis": {"dmean2": 12.8745422363, "median": 11.6821060181, "min": -1.9326543808, "dvar2": 906.560180664, "dvar": 381.448822021, "dmean": 8.57588577271, "max": 1354.39001465, "var": 4830.31933594, "mean": 24.8923282623}, "gfcc": {"mean": [-106.440544128, 121.053833008, -75.3040390015, 11.5441093445, -54.5366783142, -2.70200777054, -42.3224449158, -5.36035490036, -35.193901062, -7.79766702652, -15.3872861862, -3.30707406998, -11.8159418106], "icov": [[0.000123161924421, -0.000159128772793, 0.000267103750957, -0.000170659841388, 0.00029355136212, -0.000276791863143, 0.000330296985339, -0.000224323739531, 0.000395205424866, -0.000200384180062, 0.000352914270479, -3.93972077291e-05, 0.000140479227412], [-0.000159128772793, 0.00169152556919, -0.000605815614108, 0.00126133428421, -0.00131027051248, 0.00134981167503, -0.00126517040189, 0.00134865078144, -0.00155167444609, 0.00200203037821, -0.00155325687956, 0.00125529977959, -0.000527665950358], [0.000267103750957, -0.000605815614108, 0.00174624600913, -0.000792021513917, 0.000287433009362, -0.00111776322592, 0.00101833068766, -0.000690898101311, 0.00113271572627, -0.000602433283348, 0.00108187051956, -0.000582416309044, 0.000716850801837], [-0.000170659841388, 0.00126133428421, -0.000792021513917, 0.00301119382493, -0.0015832639765, 0.00070400943514, -0.000781207170803, 0.000959083030466, -0.00167859171052, 0.00192120508291, -0.000741670897696, 0.000868329312652, -0.000854036770761], [0.00029355136212, -0.00131027051248, 0.000287433009362, -0.0015832639765, 0.00445142714307, -0.00136708363425, 0.000667284301016, -0.000949628185481, 0.000581047788728, -0.000770914426539, 0.00123092567082, 4.54005530628e-05, 0.000528349366505], [-0.000276791863143, 0.00134981167503, -0.00111776322592, 0.00070400943514, -0.00136708363425, 0.00576876569539, -0.00258881621994, 0.00118577072863, -0.000781293201726, -2.94109122478e-05, -0.000316506280797, 0.000326345936628, 0.000736253045034], [0.000330296985339, -0.00126517040189, 0.00101833068766, -0.000781207170803, 0.000667284301016, -0.00258881621994, 0.0055601275526, -0.00119667127728, 0.00167139444966, -0.000934976502322, 0.000486300617922, -0.000421783159254, 0.00055099040037], [-0.000224323739531, 0.00134865078144, -0.000690898101311, 0.000959083030466, -0.000949628185481, 0.00118577072863, -0.00119667127728, 0.00647771824151, -0.00231051631272, 0.00164007535204, -0.0024954341352, 0.00103072205093, -0.00155696540605], [0.000395205424866, -0.00155167444609, 0.00113271572627, -0.00167859171052, 0.000581047788728, -0.000781293201726, 0.00167139444966, -0.00231051631272, 0.00887410156429, -0.00341251469217, 0.00257422006689, -0.00151330244262, 0.000412730209064], [-0.000200384180062, 0.00200203037821, -0.000602433283348, 0.00192120508291, -0.000770914426539, -2.94109122478e-05, -0.000934976502322, 0.00164007535204, -0.00341251469217, 0.00856378115714, -0.00179692253005, 0.00119601155166, -0.000956000236329], [0.000352914270479, -0.00155325687956, 0.00108187051956, -0.000741670897696, 0.00123092567082, -0.000316506280797, 0.000486300617922, -0.0024954341352, 0.00257422006689, -0.00179692253005, 0.0101245911792, -0.00245363381691, 0.000808272219729], [-3.93972077291e-05, 0.00125529977959, -0.000582416309044, 0.000868329312652, 4.54005530628e-05, 0.000326345936628, -0.000421783159254, 0.00103072205093, -0.00151330244262, 0.00119601155166, -0.00245363381691, 0.00894211418927, -0.00221756659448], [0.000140479227412, -0.000527665950358, 0.000716850801837, -0.000854036770761, 0.000528349366505, 0.000736253045034, 0.00055099040037, -0.00155696540605, 0.000412730209064, -0.000956000236329, 0.000808272219729, -0.00221756659448, 0.00963539164513]], "cov": [[18459.5898438, -1327.01599121, -2181.26538086, -294.840637207, -1225.87609863, 171.751312256, -600.841918945, 73.7282714844, -439.611755371, 233.237304688, -296.694580078, -84.034072876, -57.7671813965], [-1327.01599121, 2133.81787109, 132.797424316, -278.94342041, 370.058807373, -272.647613525, 211.985122681, -116.032821655, 59.9858398438, -306.60647583, 141.249526978, -150.319274902, -8.16687583923], [-2181.26538086, 132.797424316, 1101.72521973, 216.315551758, 228.581329346, 119.773269653, 12.315577507, -18.4896144867, 8.65302753448, -37.9015922546, -38.8559150696, 3.35157966614, -49.1968002319], [-294.840637207, -278.94342041, 216.315551758, 596.13482666, 153.906692505, 52.5614547729, -12.2999000549, 4.3881020546, 45.0265541077, -38.2446403503, -48.2999420166, -7.43019104004, 11.3432025909], [-1225.87609863, 370.058807373, 228.581329346, 153.906692505, 436.538269043, 26.9163360596, 68.1212539673, -11.9221458435, 47.7429962158, -61.969455719, -4.86160945892, -44.7349472046, -15.1232700348], [171.751312256, -272.647613525, 119.773269653, 52.5614547729, 26.9163360596, 305.298309326, 71.20262146, -18.0417613983, -17.0402011871, 58.7633018494, -39.2702636719, 3.76544117928, -42.7572631836], [-600.841918945, 211.985122681, 12.315577507, -12.2999000549, 68.1212539673, 71.20262146, 281.770599365, -1.5218372345, -9.30136489868, -20.0121746063, 27.6694068909, -14.7845945358, -14.4830732346], [73.7282714844, -116.032821655, -18.4896144867, 4.3881020546, -11.9221458435, -18.0417613983, -1.5218372345, 203.876037598, 26.304227829, 4.19239664078, 27.4847888947, 10.7170495987, 28.8487281799], [-439.611755371, 59.9858398438, 8.65302753448, 45.0265541077, 47.7429962158, -17.0402011871, -9.30136489868, 26.304227829, 169.267349243, 30.3724308014, -9.29219722748, 8.4973449707, 15.0060548782], [233.237304688, -306.60647583, -37.9015922546, -38.2446403503, -61.969455719, 58.7633018494, -20.0121746063, 4.19239664078, 30.3724308014, 199.120895386, -10.7368192673, 18.5074234009, 3.58378434181], [-296.694580078, 141.249526978, -38.8559150696, -48.2999420166, -4.86160945892, -39.2702636719, 27.6694068909, 27.4847888947, -9.29219722748, -10.7368192673, 141.133041382, 21.4986495972, 9.23846817017], [-84.034072876, -150.319274902, 3.35157966614, -7.43019104004, -44.7349472046, 3.76544117928, -14.7845945358, 10.7170495987, 8.4973449707, 18.5074234009, 21.4986495972, 143.862686157, 29.6063041687], [-57.7671813965, -8.16687583923, -49.1968002319, 11.3432025909, -15.1232700348, -42.7572631836, -14.4830732346, 28.8487281799, 15.0060548782, 3.58378434181, 9.23846817017, 29.6063041687, 124.182434082]]}, "spectral_energyband_middle_low": {"dmean2": 0.00781960785389, "median": 0.0127946697176, "min": 2.91931546385e-22, "dvar2": 0.000230667443248, "dvar": 0.000102372614492, "dmean": 0.00528535107151, "max": 0.179170787334, "var": 0.000291346310405, "mean": 0.0166513286531}, "melbands_crest": {"dmean2": 3.76883363724, "median": 16.6634521484, "min": 1.70926713943, "dvar2": 15.0053949356, "dvar": 6.45641851425, "dmean": 2.4513168335, "max": 39.7887153625, "var": 33.8222732544, "mean": 17.3873691559}, "spectral_kurtosis": {"dmean2": 8.00196933746, "median": 10.3787813187, "min": -1.21927022934, "dvar2": 149.536102295, "dvar": 69.5638580322, "dmean": 5.13784790039, "max": 206.731460571, "var": 327.497436523, "mean": 16.21966362}, "spectral_rms": {"dmean2": 0.000873599492479, "median": 0.0043426528573, "min": 3.17322340279e-12, "dvar2": 1.60363003943e-06, "dvar": 8.05844422302e-07, "dmean": 0.000624714826699, "max": 0.0137771582231, "var": 5.00374289913e-06, "mean": 0.00435454165563}, "zerocrossingrate": {"dmean2": 0.00675961235538, "median": 0.021484375, "min": 0, "dvar2": 0.000168246697285, "dvar": 0.000177976457053, "dmean": 0.00596730830148, "max": 0.52685546875, "var": 0.00149779662024, "mean": 0.030021995306}, "silence_rate_60dB": {"dmean2": 0.04757899791, "median": 0, "min": 0, "dvar2": 0.04963658005, "dvar": 0.0232198126614, "dmean": 0.0237866416574, "max": 1, "var": 0.112367659807, "mean": 0.129009008408}, "erbbands_kurtosis": {"dmean2": 4.09849739075, "median": 2.77453279495, "min": -1.88919138908, "dvar2": 84.8894424438, "dvar": 36.7716445923, "dmean": 2.69063615799, "max": 215.5884552, "var": 107.852600098, "mean": 5.71150016785}, "erbbands": {"dmean2": [0.00511171063408, 0.257414102554, 2.01776218414, 4.54354381561, 12.1141843796, 11.7393312454, 16.6029186249, 17.221862793, 8.14192962646, 9.80497932434, 11.4852676392, 14.2691297531, 12.4265489578, 6.54839849472, 23.3620414734, 11.742228508, 8.00675678253, 8.90227890015, 5.07817220688, 4.25232315063, 3.14200973511, 2.39656329155, 2.30573129654, 2.91096758842, 1.83978784084, 3.05163455009, 1.58750498295, 1.6553992033, 2.51384401321, 1.40831446648, 0.842448413372, 0.61538028717, 0.603899359703, 0.540061533451, 0.300315707922, 0.118585258722, 0.04071271047, 0.0110130710527, 0.00118731544353, 4.62950156361e-05], "median": [0.00200702343136, 0.0882341042161, 1.52959775925, 2.89187049866, 3.02756762505, 8.80734729767, 16.581199646, 6.85238742828, 3.51240682602, 2.30535912514, 3.35114097595, 2.06644821167, 1.87035834789, 1.22787177563, 2.95370292664, 1.88010275364, 1.09451341629, 0.690888047218, 0.582086384296, 0.683186411858, 0.469193220139, 0.494643718004, 0.514597177505, 0.442833960056, 0.29310259223, 0.307112634182, 0.182291477919, 0.0920803099871, 0.0800787210464, 0.0735756084323, 0.0706416219473, 0.0591605752707, 0.0424687340856, 0.0343665406108, 0.0171030629426, 0.00700588198379, 0.00248345010914, 0.000472491316032, 5.92336145928e-05, 2.69342235697e-05], "min": [2.84921513811e-22, 2.62414203993e-21, 8.01985692759e-21, 1.06595574755e-20, 2.36248857553e-20, 2.16959057367e-19, 2.71062252897e-19, 3.66527813627e-19, 1.12420359293e-18, 1.03450381711e-18, 8.44308110919e-19, 1.71613042036e-18, 1.40285727005e-18, 4.46004329837e-18, 6.12108276615e-18, 3.62040162348e-18, 5.37543403786e-18, 6.84965848661e-18, 1.37498850056e-17, 7.29514322294e-18, 5.89027621419e-18, 5.5195826673e-18, 9.98376476387e-18, 1.05252280939e-17, 2.04646137907e-17, 1.92074746219e-17, 1.66240671462e-17, 2.04851775007e-17, 1.73563800686e-17, 1.6465571069e-17, 2.2413795421e-17, 1.76556258901e-17, 1.26603069863e-17, 1.33645445716e-17, 5.49990486771e-18, 4.86037224507e-18, 3.26415644035e-18, 1.16661841621e-18, 3.05286437151e-19, 3.5764103749e-20], "dvar2": [0.000196159031475, 0.455633014441, 22.5740833282, 174.580551147, 1549.24206543, 779.293457031, 1152.38476562, 2121.15063477, 1025.55200195, 1335.72509766, 2100.80493164, 3548.6015625, 2946.0534668, 995.315063477, 13085.6591797, 3652.17675781, 1926.47241211, 2543.43969727, 516.964050293, 314.580810547, 352.760253906, 82.4125518799, 323.439788818, 269.688262939, 99.860206604, 531.431884766, 80.7788848877, 216.841812134, 619.643127441, 207.100723267, 35.1228561401, 12.3284807205, 18.7966346741, 13.585729599, 3.72178483009, 0.582138478756, 0.0584573224187, 0.0059315781109, 8.86288253241e-05, 9.71249463078e-08], "dvar": [0.000106344370579, 0.323065519333, 11.6841897964, 77.5607910156, 656.682922363, 350.157165527, 527.164367676, 948.853088379, 523.763244629, 703.149536133, 1163.03967285, 2521.99780273, 1587.48815918, 515.495483398, 7024.51757812, 2243.67626953, 1316.84643555, 1463.31384277, 273.227264404, 215.345123291, 205.470611572, 42.1364364624, 122.390579224, 123.391456604, 40.9715003967, 206.990661621, 34.1914787292, 115.90536499, 342.579315186, 107.034553528, 17.759393692, 7.09648895264, 9.27509689331, 6.05263805389, 2.07209539413, 0.313275486231, 0.0248590782285, 0.00242145406082, 3.43312349287e-05, 3.72536774762e-08], "dmean": [0.00377342128195, 0.20332378149, 1.42567622662, 2.98544120789, 7.79189348221, 7.97355985641, 11.4072227478, 11.7173366547, 5.89305400848, 7.03874111176, 8.54362869263, 11.1633720398, 9.35110378265, 4.8609457016, 17.1402549744, 9.05809116364, 5.95276927948, 6.58284902573, 3.72173237801, 3.20057439804, 2.3784058094, 1.71821427345, 1.55897271633, 2.03395795822, 1.26247763634, 2.08642983437, 1.09227526188, 1.1322722435, 1.74630105495, 1.04765546322, 0.593242585659, 0.432091236115, 0.411715567112, 0.367951780558, 0.209309190512, 0.081089258194, 0.0267998278141, 0.00706813996658, 0.00074171583401, 2.97018032143e-05], "max": [0.260594397783, 17.7884559631, 82.6463775635, 253.94682312, 569.167602539, 756.590332031, 533.234130859, 815.348632812, 997.732177734, 1109.0625, 1442.40527344, 3240.45703125, 2213.05737305, 883.02331543, 4401.68164062, 2531.02905273, 2312.47363281, 1564.14245605, 658.939758301, 992.30267334, 981.906005859, 212.209915161, 676.602111816, 537.695983887, 245.357757568, 540.348510742, 321.308288574, 623.643981934, 1032.74194336, 732.619750977, 200.086105347, 147.890228271, 160.270202637, 104.493202209, 93.0115737915, 40.7033233643, 4.71104478836, 1.49629974365, 0.181968688965, 0.00593669107184], "var": [0.000424904428655, 1.78163552284, 50.2772293091, 200.975311279, 1102.42871094, 1353.41381836, 2039.99230957, 3208.40209961, 1489.67602539, 3905.61181641, 4670.46777344, 19503.9746094, 8106.44970703, 1768.16601562, 34589.0273438, 11271.3076172, 4291.92724609, 4174.88623047, 1070.85314941, 1623.08630371, 570.953918457, 142.989059448, 155.024047852, 346.4715271, 66.5931549072, 226.033843994, 80.9698181152, 410.909332275, 1003.94842529, 244.086959839, 49.9598655701, 24.8274040222, 25.3509273529, 13.183391571, 5.65046167374, 0.704825222492, 0.0338508449495, 0.00286178919487, 3.01167692669e-05, 3.26294333775e-08], "mean": [0.00798877421767, 0.462403744459, 3.78284072876, 7.54938983917, 13.4983301163, 22.8443088531, 31.7842082977, 29.8514175415, 15.320356369, 18.7518844604, 20.2423858643, 31.3272323608, 22.7428665161, 10.7755079269, 41.4821929932, 21.5583076477, 12.7102994919, 12.6812238693, 7.8341383934, 7.61507558823, 4.78538227081, 3.58036208153, 3.08632850647, 3.74726653099, 2.45799875259, 3.57064700127, 2.01860690117, 2.12516593933, 2.98025035858, 1.7131305933, 1.06026220322, 0.750326037407, 0.657820403576, 0.556761682034, 0.318527758121, 0.11609569937, 0.036721047014, 0.00839147996157, 0.000799864996225, 5.36871193617e-05]}, "spectral_strongpeak": {"dmean2": 0.60966950655, "median": 0.779888927937, "min": 0, "dvar2": 1.22923910618, "dvar": 0.5096758008, "dmean": 0.380415558815, "max": 12.5247573853, "var": 1.7227076292, "mean": 1.1236011982}, "spectral_energy": {"dmean2": 0.00970576796681, "median": 0.019330099225, "min": 1.03210806619e-20, "dvar2": 0.000302354834275, "dvar": 0.000142015443998, "dmean": 0.00680140871555, "max": 0.194555342197, "var": 0.000513247679919, "mean": 0.0245648436248}, "average_loudness": 0.865618765354, "spectral_rolloff": {"dmean2": 303.361846924, "median": 366.064453125, "min": 21.533203125, "dvar2": 1254145.25, "dvar": 600913.0625, "dmean": 181.26184082, "max": 19293.75, "var": 1931301.375, "mean": 685.218566895}, "spectral_centroid": {"dmean2": 149.293930054, "median": 404.955627441, "min": 97.6679382324, "dvar2": 118397.640625, "dvar": 66896.2890625, "dmean": 106.017578125, "max": 11242.5068359, "var": 303880.34375, "mean": 568.78326416}, "pitch_salience": {"dmean2": 0.0857582762837, "median": 0.456674277782, "min": 0.0138447731733, "dvar2": 0.00859384052455, "dvar": 0.00381812918931, "dmean": 0.0556383468211, "max": 0.842135131359, "var": 0.0156768169254, "mean": 0.452877402306}, "spectral_energyband_middle_high": {"dmean2": 0.00113642169163, "median": 0.000439655152149, "min": 1.7085768962e-21, "dvar2": 1.18253619803e-05, "dvar": 6.99824295225e-06, "dmean": 0.000878817867488, "max": 0.102594383061, "var": 4.24071440648e-05, "mean": 0.00258660735562}, "spectral_contrast_coeffs": {"dmean2": [0.0671076327562, 0.063429646194, 0.0557398758829, 0.0465103015304, 0.0387968607247, 0.0257733222097], "median": [-0.519450128078, -0.620447278023, -0.704390823841, -0.750287652016, -0.766946554184, -0.81027251482], "min": [-0.961627244949, -0.973397374153, -0.967716932297, -0.965121984482, -0.957865476608, -0.961558222771], "dvar2": [0.00350670074113, 0.00340729858726, 0.00259333057329, 0.00170154275838, 0.00142162188422, 0.000604920671321], "dvar": [0.00145273201633, 0.0015865075402, 0.00129404116888, 0.000832350284327, 0.000730456202291, 0.000313366297632], "dmean": [0.0420478135347, 0.0410070046782, 0.0371060296893, 0.0307766702026, 0.0264109540731, 0.017630584538], "max": [-0.179043784738, -0.265947401524, -0.283794611692, -0.409592866898, -0.511396229267, -0.529981076717], "var": [0.0114463698119, 0.0134799927473, 0.0117582222447, 0.00740205077454, 0.00645656324923, 0.00305793667212], "mean": [-0.52405500412, -0.62090331316, -0.698152780533, -0.745283961296, -0.757769405842, -0.80161678791]}, "melbands_skewness": {"dmean2": 1.06863796711, "median": 2.79225325584, "min": -1.81522083282, "dvar2": 2.58851623535, "dvar": 1.14363515377, "dmean": 0.726671695709, "max": 42.5220489502, "var": 8.24414253235, "mean": 3.28884601593}, "spectral_spread": {"dmean2": 855546.375, "median": 3744169.75, "min": 568288.6875, "dvar2": 1380039000060.0, "dvar": 751898787840, "dmean": 587083.25, "max": 41182360, "var": 3780869095420.0, "mean": 3983780}, "dissonance": {"dmean2": 0.0532479062676, "median": 0.398648530245, "min": 0.134963214397, "dvar2": 0.00234105903655, "dvar": 0.000916031713132, "dmean": 0.0323675870895, "max": 0.499938070774, "var": 0.00345933926292, "mean": 0.391768306494}, "spectral_skewness": {"dmean2": 0.649484932423, "median": 2.71862030029, "min": -0.215579718351, "dvar2": 0.583069801331, "dvar": 0.286195456982, "dmean": 0.433775126934, "max": 12.2669706345, "var": 1.95980119705, "mean": 3.00808238983}, "spectral_flux": {"dmean2": 0.036356754601, "median": 0.0413498878479, "min": 1.01592720347e-10, "dvar2": 0.00227752909996, "dvar": 0.000937313365284, "dmean": 0.0227250102907, "max": 0.412976861, "var": 0.00198227283545, "mean": 0.052183713764}, "spectral_contrast_valleys": {"dmean2": [0.680683255196, 0.552882552147, 0.554707586765, 0.507163167, 0.505609691143, 0.488039553165], "median": [-8.13032913208, -7.89989566803, -8.83459663391, -9.48115062714, -9.61603736877, -11.5731248856], "min": [-26.9667243958, -26.859544754, -27.0173988342, -27.1964683533, -27.3088951111, -27.2011528015], "dvar2": [0.370462924242, 0.280340254307, 0.290108889341, 0.257862716913, 0.330876082182, 0.391898602247], "dvar": [0.173015490174, 0.129625305533, 0.138744771481, 0.129760324955, 0.17396850884, 0.214031532407], "dmean": [0.433187514544, 0.347986936569, 0.356326282024, 0.33276066184, 0.351199269295, 0.355358421803], "max": [-5.49955940247, -5.11035966873, -5.81066942215, -6.45795726776, -6.44505882263, -7.07704639435], "var": [1.61565792561, 1.75728094578, 1.69528722763, 1.68617081642, 1.7501411438, 2.13153386116], "mean": [-8.2510843277, -8.07496547699, -8.95419979095, -9.68324375153, -9.77421855927, -11.748919487]}, "erbbands_flatness_db": {"dmean2": 0.0275117643178, "median": 0.214429423213, "min": 0.0303552579135, "dvar2": 0.00108282093424, "dvar": 0.000558845931664, "dmean": 0.0199125800282, "max": 0.464466571808, "var": 0.00377519102767, "mean": 0.217702195048}, "spectral_energyband_high": {"dmean2": 0.000211536549614, "median": 2.86972026515e-05, "min": 7.30876513633e-21, "dvar2": 1.70645580511e-06, "dvar": 1.04254570488e-06, "dmean": 0.000157851769472, "max": 0.0615045875311, "var": 3.79840389542e-06, "mean": 0.00030555712874}, "spectral_entropy": {"dmean2": 0.351323902607, "median": 6.22486543655, "min": 3.31843042374, "dvar2": 0.181683853269, "dvar": 0.0956196114421, "dmean": 0.248372703791, "max": 9.80328178406, "var": 0.647205352783, "mean": 6.23062181473}, "silence_rate_20dB": {"dmean2": 0, "median": 1, "min": 1, "dvar2": 0, "dvar": 0, "dmean": 0, "max": 1, "var": 0, "mean": 1}, "melbands_flatness_db": {"dmean2": 0.0361079759896, "median": 0.337159991264, "min": 0.00547809805721, "dvar2": 0.00186558405403, "dvar": 0.00102563912515, "dmean": 0.0264003053308, "max": 0.838052868843, "var": 0.0101633835584, "mean": 0.34402063489}, "barkbands": {"dmean2": [9.2707314252e-06, 0.000782434828579, 0.00190247909632, 0.00249910959974, 0.00377127039246, 0.00203074328601, 0.000523088965565, 0.000641226011794, 0.000607239431702, 0.000318714708555, 0.000508405733854, 0.000344968721038, 0.0001695179526, 0.000169346400071, 9.90883636405e-05, 7.64544674894e-05, 5.69180119783e-05, 5.3442618082e-05, 4.75292254123e-05, 6.55597468722e-05, 3.76464267902e-05, 6.20079299551e-05, 3.16756777465e-05, 3.23102140101e-05, 4.3737294618e-05, 2.36083396885e-05, 6.91197647029e-06], "median": [3.11364351546e-06, 0.00016693060752, 0.00168834684882, 0.000508187687956, 0.00293686450459, 0.00096210668562, 0.000101903213363, 0.000119168049423, 5.22912814631e-05, 2.99287348753e-05, 5.0389644457e-05, 2.6456960768e-05, 1.59739247465e-05, 9.71648751147e-06, 1.03864940684e-05, 7.21689912098e-06, 9.2215168479e-06, 7.04839703758e-06, 6.61681133352e-06, 6.40775670036e-06, 2.83460576611e-06, 2.2606402581e-06, 2.38003940467e-06, 2.82302016785e-06, 2.91248989015e-06, 1.43835166e-06, 2.61527219436e-07], "min": [2.16820754828e-23, 9.46575420533e-24, 6.73519422344e-24, 5.2783779685e-24, 4.89516527573e-23, 3.76422777628e-23, 6.59153744612e-23, 5.62549522614e-23, 6.25017713759e-23, 3.34558181824e-23, 1.87315148162e-22, 9.82484731815e-23, 1.22383893458e-22, 1.81005586207e-22, 2.14710848519e-22, 9.73506295645e-23, 9.45262298447e-23, 1.68592108868e-22, 3.20050613258e-22, 4.46453570012e-22, 4.78508030439e-22, 4.6674766682e-22, 7.05564817181e-22, 7.6046893034e-22, 1.00814272937e-21, 1.52364709933e-21, 2.29130322147e-21], "dvar2": [5.68117553001e-10, 4.47610000265e-06, 1.95879838429e-05, 6.4598476456e-05, 7.46389050619e-05, 2.25549720199e-05, 4.16470402342e-06, 5.34391256224e-06, 5.76813454245