{"tonal": {"thpcp": [1, 0.661129176617, 0.187826305628, 0.0703017190099, 0.0446322597563, 0.0754724815488, 0.1290551126, 0.111754529178, 0.0624679811299, 0.0540227182209, 0.0755993798375, 0.19248111546, 0.344561129808, 0.426504790783, 0.624789476395, 0.730350911617, 0.402977794409, 0.105061538517, 0.0678118467331, 0.0807188302279, 0.180638879538, 0.284655541182, 0.19151429832, 0.0743774324656, 0.0724836587906, 0.110749207437, 0.328088343143, 0.515407204628, 0.368848592043, 0.265299856663, 0.310228765011, 0.237155809999, 0.165430694818, 0.165729373693, 0.203952461481, 0.599737226963], "hpcp": {"dmean2": [0.0905706807971, 0.050342168659, 0.0635002851486, 0.0766435042024, 0.0758292675018, 0.0580841600895, 0.0603665225208, 0.0899799540639, 0.138799235225, 0.20682322979, 0.319999366999, 0.356183171272, 0.276150584221, 0.236695513129, 0.113259233534, 0.0799883231521, 0.09039632231, 0.106246314943, 0.119194447994, 0.109592691064, 0.0792579576373, 0.0830957889557, 0.129593506455, 0.225251942873, 0.268580466509, 0.242457941175, 0.196920394897, 0.206363335252, 0.202692911029, 0.183374226093, 0.167263552547, 0.205465897918, 0.294980317354, 0.289175927639, 0.322963416576, 0.209026485682], "median": [0.00168502400629, 0.00109947309829, 0.00291459844448, 0.00717913219705, 0.00731410039589, 0.00427560228854, 0.00243787677027, 0.00202941894531, 0.0104987220839, 0.0381044670939, 0.0763674080372, 0.139379382133, 0.183545559645, 0.0701803267002, 0.00625889841467, 0.00155417155474, 0.00155069562607, 0.0130470460281, 0.0294551737607, 0.0207339115441, 0.00421307981014, 0.00188657455146, 0.00318338908255, 0.0376025810838, 0.0800989195704, 0.0555711612105, 0.0138299716637, 0.00904199294746, 0.00624795118347, 0.00484273582697, 0.00458375038579, 0.0111435987055, 0.173512533307, 0.317004621029, 0.176159620285, 0.0117811448872], "min": [0, 0, 0, 0, 0, 0, 0, 0, 0, 0, 0, 0, 0, 0, 0, 0, 0, 0, 0, 0, 0, 0, 0, 0, 0, 0, 0, 0, 0, 0, 0, 0, 0, 0, 0, 0], "dvar2": [0.0519149340689, 0.0277069974691, 0.0408049784601, 0.0435904487967, 0.0452400334179, 0.0385487265885, 0.0462523400784, 0.0516815036535, 0.0679562240839, 0.100348554552, 0.152178883553, 0.162154167891, 0.110328026116, 0.1171502918, 0.0583491958678, 0.0539657212794, 0.0617786683142, 0.0569086410105, 0.0628064870834, 0.0560256689787, 0.0536492317915, 0.0548020675778, 0.086837105453, 0.126960590482, 0.149903863668, 0.132143884897, 0.112717747688, 0.138124719262, 0.141236707568, 0.128088206053, 0.112101957202, 0.111822754145, 0.115309290588, 0.113648474216, 0.133173123002, 0.105664677918], "dvar": [0.0184343028814, 0.00995223317295, 0.0149956652895, 0.0165342614055, 0.0163317155093, 0.0134385768324, 0.015689317137, 0.0183623488992, 0.0257189944386, 0.0397006422281, 0.0558793768287, 0.0618529096246, 0.0459075048566, 0.0437861271203, 0.0215105637908, 0.0193504057825, 0.0222897008061, 0.022037981078, 0.0264305677265, 0.0210559498519, 0.018868682906, 0.0192935280502, 0.0311352498829, 0.0465108938515, 0.0557375065982, 0.0485900528729, 0.0427832379937, 0.0498534329236, 0.0506829768419, 0.0463468395174, 0.0412265174091, 0.0421528704464, 0.0455550476909, 0.0481932200491, 0.0525647513568, 0.0396812818944], "dmean": [0.0478735417128, 0.0271297525615, 0.0358377173543, 0.0441240668297, 0.0430344454944, 0.0313887037337, 0.0319844186306, 0.0483945943415, 0.0795329809189, 0.120168544352, 0.185521423817, 0.208245277405, 0.165741443634, 0.137442290783, 0.0623129345477, 0.0426715053618, 0.0490554049611, 0.0607779435813, 0.0707527175546, 0.0633808970451, 0.0423416383564, 0.0442171692848, 0.0696379393339, 0.127448007464, 0.155777573586, 0.138076528907, 0.111404627562, 0.115589663386, 0.111073054373, 0.0989983305335, 0.0915673002601, 0.114242851734, 0.176412120461, 0.172177553177, 0.192143887281, 0.114323571324], "max": [1, 1, 1, 1, 1, 1, 1, 1, 1, 1, 1, 1, 1, 1, 1, 1, 1, 1, 1, 1, 1, 1, 1, 1, 1, 1, 1, 1, 1, 1, 1, 1, 1, 1, 1, 1], "var": [0.0127756595612, 0.00762889441103, 0.0132698854432, 0.0225864704698, 0.0187668185681, 0.0113277891651, 0.0111629320309, 0.0130261108279, 0.0346494913101, 0.063392996788, 0.0645194798708, 0.0992708280683, 0.119611173868, 0.0606490597129, 0.0162320267409, 0.0134224612266, 0.0168992094696, 0.032467443496, 0.0563438087702, 0.0270055383444, 0.0128580387682, 0.0127643542364, 0.0221542175859, 0.052320048213, 0.092112287879, 0.0578542761505, 0.052881617099, 0.0708589032292, 0.0508504360914, 0.0351219922304, 0.0356215424836, 0.036726616323, 0.0759069547057, 0.146901488304, 0.088795311749, 0.0303317680955], "mean": [0.0314820297062, 0.0199869107455, 0.0337975658476, 0.057792570442, 0.0500451400876, 0.0279739797115, 0.0241920799017, 0.0338543914258, 0.0861955657601, 0.154298990965, 0.190994426608, 0.279788911343, 0.327060699463, 0.1804587394, 0.0470479317009, 0.0303670316935, 0.0361469499767, 0.0808924585581, 0.127472475171, 0.0857626125216, 0.0333071872592, 0.0324591323733, 0.0495949462056, 0.146922260523, 0.230806097388, 0.165175229311, 0.118804752827, 0.138924509287, 0.106201477349, 0.074082031846, 0.0742157846689, 0.0913325846195, 0.268570184708, 0.447813093662, 0.296062290668, 0.0841110795736]}, "tuning_equal_tempered_deviation": 0.0850441008806, "chords_changes_rate": 0.0374919213355, "key_key": "C#", "tuning_diatonic_strength": 0.745047867298, "key_scale": "major", "chords_number_rate": 0.00226244353689, "tuning_frequency": 439.745910645, "tuning_nontempered_energy_ratio": 0.697516560555, "chords_histogram": [63.6069793701, 6.59340667725, 17.9702644348, 0.614091813564, 0.387847453356, 0, 0.581771194935, 0, 0, 0, 1.22818362713, 0, 0.129282489419, 0, 0, 0.0969618633389, 0, 0.904977381229, 0, 0, 0, 2.0685198307, 4.46024560928, 1.35746610165], "key_strength": 0.914622008801, "chords_key": "C#", "chords_strength": {"dmean2": 0.00806652009487, "median": 0.571132659912, "min": 0.277276664972, "dvar2": 6.12006915617e-05, "dvar": 5.03553637827e-05, "dmean": 0.00817602872849, "max": 0.772993326187, "var": 0.0095286257565, "mean": 0.569216310978}, "chords_scale": "major", "hpcp_entropy": {"dmean2": 0.942375481129, "median": 1.94436264038, "min": 0, "dvar2": 0.647983253002, "dvar": 0.250226587057, "dmean": 0.567432999611, "max": 4.60070037842, "var": 0.782994031906, "mean": 1.85113990307}}, "metadata": {"audio_properties": {"equal_loudness": 0, "codec": "flac", "downmix": "mix", "sample_rate": 44100, "analysis_sample_rate": 44100, "bit_rate": 0, "md5_encoded": "224e132450e685e82fad6487e8c85115", "length": 143.600006104, "replay_gain": -3.34845542908, "lossless": true}, "version": {"essentia_build_sha": "70f2e5ece6736b2c40cc944ad0e695b16b925413", "essentia": "2.1-beta2", "extractor": "music 1.0", "essentia_git_sha": "v2.1_beta2"}, "tags": {"title": ["Never Make Me Cry"], "barcode": ["081227388324"], "media": ["CD"], "albumartist": ["Fleetwood Mac"], "tracktotal": ["21"], "musicbrainz_releasegroupid": ["22deeac8-6009-31ad-a069-26e85d246412"], "releasetype": ["album"], "musicbrainz_recordingid": ["0e112030-9515-443c-9549-882596d13381"], "mood": ["Unknown"], "musicbrainz_albumartistid": ["bd13909f-1c29-4c27-a874-d4aaf27c5b1a"], "originalyear": ["1979"], "musicbrainz_releasetrackid": ["e4b187b9-dfdf-3780-a2b2-93e2c34f120a"], "discnumber": ["2"], "totaldiscs": ["2"], "catalognumber": ["8122-73883-2"], "releasecountry": ["XE"], "file_name": "2-11 Never Make Me Cry.flac", "website": ["http://www.fleetwoodmac.com/"], "originaldate": ["1979-10-19"], "albumartistsort": ["Fleetwood Mac"], "date": ["2004"], "genre": ["Rock", "Pop", "Soft Rock"], "musicbrainz_albumid": ["4936b788-0ef7-34de-bf90-d551882e4bd0"], "disctotal": ["2"], "discsubtitle": ["Demos, Roughs and Outtakes"], "releasestatus": ["official"], "musicbrainz_artistid": ["bd13909f-1c29-4c27-a874-d4aaf27c5b1a"], "asin": ["B00009RAJJ"], "grouping": ["Classic Rock"], "artist": ["Fleetwood Mac"], "tracknumber": ["11"], "artistsort": ["Fleetwood Mac"], "album": ["Tusk"], "label": ["Rhino"], "isrc": ["USWB10400106"], "acoustid_id": ["b07f0e91-b8fb-416a-8b1b-58902343d49e"], "script": ["Latn"], "totaltracks": ["21"]}}, "rhythm": {"bpm_histogram_first_peak_bpm": {"dmean2": 0, "median": 152, "min": 152, "dvar2": 0, "dvar": 0, "dmean": 0, "max": 152, "var": 0, "mean": 152}, "bpm": 153.195785522, "bpm_histogram_second_peak_spread": {"dmean2": 0, "median": 0.0275229811668, "min": 0.0275229811668, "dvar2": 0, "dvar": 0, "dmean": 0, "max": 0.0275229811668, "var": 0, "mean": 0.0275229811668}, "bpm_histogram_first_peak_weight": {"dmean2": 0, "median": 0.490304708481, "min": 0.490304708481, "dvar2": 0, "dvar": 0, "dmean": 0, "max": 0.490304708481, "var": 0, "mean": 0.490304708481}, "onset_rate": 1.96357750893, "beats_position": [0.371519267559, 0.766258478165, 1.14938771725, 1.53251695633, 1.91564619541, 2.29877543449, 2.69351458549, 3.07664394379, 3.45977306366, 3.84290242195, 4.22603178024, 4.62077093124, 5.01551008224, 5.41024923325, 5.79337835312, 6.18811798096, 6.58285713196, 6.97759628296, 7.37233543396, 7.76707458496, 8.16181373596, 8.54494285583, 8.93968200684, 9.32281208038, 9.70594120026, 10.1006803513, 10.4838094711, 10.866938591, 11.261677742, 11.6448068619, 12.0279359818, 12.4110651016, 12.7941951752, 13.1889343262, 13.5836734772, 13.9784126282, 14.3731517792, 14.756280899, 15.1394100189, 15.5225391388, 15.9056682587, 16.2887973785, 16.6835365295, 17.0782756805, 17.4614048004, 17.8445339203, 18.2392749786, 18.6224040985, 19.0171432495, 19.4118824005, 19.8066215515, 20.2013607025, 20.5960998535, 20.9792289734, 21.3623580933, 21.7570972443, 22.1402263641, 22.523355484, 22.9064846039, 23.2896137238, 23.6727428436, 24.0558719635, 24.4390010834, 24.8221302032, 25.2052612305, 25.5883903503, 25.9831295013, 26.3778686523, 26.7609977722, 27.1441268921, 27.5388660431, 27.9336051941, 28.316734314, 28.6998634338, 29.0946025848, 29.4777317047, 29.8608608246, 30.2555999756, 30.6503391266, 31.0450782776, 31.4862575531, 31.9274368286, 32.3802261353, 32.8330154419, 33.2974128723, 33.7618141174, 34.2262115479, 34.690612793, 35.1434020996, 35.5961914062, 36.0141487122, 36.4437179565, 36.8616790771, 37.2680282593, 37.6627655029, 38.0575065613, 38.4522438049, 38.8585929871, 39.2533340454, 39.6480712891, 40.0428123474, 40.4375495911, 40.8322906494, 41.2386398315, 41.6333770752, 42.0281181335, 42.4228553772, 42.8175964355, 43.2123336792, 43.6070747375, 44.0018119812, 44.3965530396, 44.7912902832, 45.1976394653, 45.6039886475, 46.0103378296, 46.4050788879, 46.7998161316, 47.2061653137, 47.6009063721, 47.9956436157, 48.4019927979, 48.7967338562, 49.1914749146, 49.5862121582, 49.9925613403, 50.3873023987, 50.7820396423, 51.1767807007, 51.5715179443, 51.9662590027, 52.3609962463, 52.7557373047, 53.1504745483, 53.5336036682, 53.9283447266, 54.3114738464, 54.6946029663, 55.0777320862, 55.4724693298, 55.8672103882, 56.2619476318, 56.6566886902, 57.0398178101, 57.4345550537, 57.8176841736, 58.2124252319, 58.5955543518, 58.9902954102, 59.3850326538, 59.7681617737, 60.1512908936, 60.5344200134, 60.9291610718, 61.3122901917, 61.6954193115, 62.0901565552, 62.4848976135, 62.8796348572, 63.2743759155, 63.6575050354, 64.0522460938, 64.4353713989, 64.8185043335, 65.2132415771, 65.5963668823, 65.9911117554, 66.3742370605, 66.7573699951, 67.1521072388, 67.5468444824, 67.9415893555, 68.3363265991, 68.7426757812, 69.1490249634, 69.566986084, 69.9617233276, 70.3448486328, 70.7395935059, 71.145942688, 71.5406799316, 71.9354171753, 72.3301544189, 72.724899292, 73.1196365356, 73.5027618408, 73.8858947754, 74.280632019, 74.6753692627, 75.0701141357, 75.4648513794, 75.8479766846, 76.2427215576, 76.6374588013, 77.0321960449, 77.426940918, 77.8100662231, 78.1931991577, 78.5763244629, 78.9710617065, 79.3658065796, 79.7605438232, 80.1552810669, 80.526802063, 80.9099273682, 81.2814483643, 81.6645812988, 82.0593185425, 82.4540557861, 82.8371887207, 83.2203140259, 83.6150588989, 83.9981842041, 84.3929214478, 84.7992706299, 85.1940155029, 85.5887527466, 85.9834899902, 86.3782272339, 86.7613601685, 87.1444854736, 87.5392303467, 87.9339675903, 88.328704834, 88.7234420776, 89.1181869507, 89.5013122559, 89.8844451904, 90.2791824341, 90.6739196777, 91.0686569214, 91.4634017944, 91.8581390381, 92.2528762817, 92.6476211548, 93.0423583984, 93.4370956421, 93.8318328857, 94.2265777588, 94.6213150024, 95.0160522461, 95.4107894897, 95.8055343628, 96.188659668, 96.5717926025, 96.9665298462, 97.3612670898, 97.7560043335, 98.1507492065, 98.5454864502, 98.9402236938, 99.3349609375, 99.7297058105, 100.124443054, 100.519180298, 100.913917542, 101.297050476, 101.680175781, 102.074920654, 102.469657898, 102.864395142, 103.247528076, 103.630653381, 104.025398254, 104.420135498, 104.814872742, 105.209609985, 105.604354858, 105.999092102, 106.393829346, 106.788566589, 107.194915771, 107.601264954, 108.007614136, 108.402359009, 108.785484314, 109.180221558, 109.563354492, 109.946479797, 110.34122467, 110.724349976, 111.10748291, 111.502220154, 111.885353088, 112.268478394, 112.651611328, 113.034736633, 113.406257629, 113.789382935, 114.172515869, 114.567253113, 114.950386047, 115.333511353, 115.728248596, 116.122993469, 116.506118774, 116.889251709, 117.260765076, 117.64389801, 118.027030945, 118.421768188, 118.804893494, 119.199638367, 119.59437561, 119.989112854, 120.383850098, 120.778594971, 121.161720276, 121.55645752, 121.951202393, 122.345939636, 122.74067688, 123.123809814, 123.530158997, 123.936508179, 124.35446167, 124.772422791, 125.20199585, 125.619949341, 126.037910461, 126.455871582, 126.862220764, 127.268569946, 127.674919128, 128.081268311, 128.487609863, 128.893966675, 129.311920166, 129.706665039, 130.113006592, 130.519363403, 130.937316895, 131.343673706, 131.761627197, 132.260864258, 132.736862183, 133.224487305, 133.712112427, 134.19972229, 134.698959351, 135.198181152, 135.674194336, 136.15020752, 136.626205444, 137.020950317, 137.404083252, 137.787200928, 138.181945801, 138.53024292, 138.866943359, 139.20362854, 139.551925659, 139.900222778, 140.248519897, 140.596817017, 140.945129395, 141.293426514, 141.641723633, 141.990020752, 142.338317871, 142.68661499, 143.034912109], "beats_loudness": {"dmean2": 0.0303190127015, "median": 0.0191707760096, "min": 3.23212390185e-09, "dvar2": 0.00114750035573, "dvar": 0.000431584339822, "dmean": 0.0180859062821, "max": 0.255251079798, "var": 0.000747605226934, "mean": 0.0262535661459}, "danceability": 0.932285904884, "bpm_histogram_second_peak_weight": {"dmean2": 0, "median": 0.293628811836, "min": 0.293628811836, "dvar2": 0, "dvar": 0, "dmean": 0, "max": 0.293628811836, "var": 0, "mean": 0.293628811836}, "beats_count": 362, "bpm_histogram_second_peak_bpm": {"dmean2": 0, "median": 157, "min": 157, "dvar2": 0, "dvar": 0, "dmean": 0, "max": 157, "var": 0, "mean": 157}, "bpm_histogram_first_peak_spread": {"dmean2": 0, "median": 0.132352948189, "min": 0.132352948189, "dvar2": 0, "dvar": 0, "dmean": 0, "max": 0.132352948189, "var": 0, "mean": 0.132352948189}, "beats_loudness_band_ratio": {"dmean2": [0.335735857487, 0.349530875683, 0.140246301889, 0.114214599133, 0.042992670089, 0.0163351688534], "median": [0.599735021591, 0.279866814613, 0.0366623923182, 0.0304592046887, 0.01429958269, 0.0038073270116], "min": [0.019523723051, 0.000981642864645, 6.50136935292e-05, 8.91603995115e-05, 0.000218755725655, 7.71121412981e-05], "dvar2": [0.0736966952682, 0.0709877386689, 0.0381218269467, 0.0398956984282, 0.00336560467258, 0.00134748173878], "dvar": [0.0319738984108, 0.0277494546026, 0.0148814870045, 0.0152590293437, 0.00127721228637, 0.000555034144782], "dmean": [0.196496888995, 0.198305800557, 0.0825920775533, 0.0664164200425, 0.0243962816894, 0.00942499563098], "max": [0.99438726902, 0.921174824238, 0.717720806599, 0.767217457294, 0.258704304695, 0.311678409576], "var": [0.080759845674, 0.0463910512626, 0.0159869678319, 0.0147613370791, 0.00160542514641, 0.00111536693294], "mean": [0.568532109261, 0.310492634773, 0.088918581605, 0.0709862336516, 0.0297435875982, 0.0122424149886]}}, "lowlevel": {"barkbands_spread": {"dmean2": 4.27074766159, "median": 7.44619464874, "min": 0.714986562729, "dvar2": 66.8733291626, "dvar": 27.5448188782, "dmean": 2.70640254021, "max": 120.195373535, "var": 140.350189209, "mean": 10.1084165573}, "melbands_spread": {"dmean2": 4.26786279678, "median": 6.76688098907, "min": 0.483411878347, "dvar2": 49.2477455139, "dvar": 19.8616771698, "dmean": 2.66590261459, "max": 133.473648071, "var": 77.4785842896, "mean": 9.29656791687}, "hfc": {"dmean2": 2.90849852562, "median": 3.82256269455, "min": 1.1615804851e-16, "dvar2": 40.2279396057, "dvar": 25.4107246399, "dmean": 2.21004676819, "max": 267.371765137, "var": 289.537414551, "mean": 9.73747634888}, "barkbands_kurtosis": {"dmean2": 10.0926942825, "median": 8.61664581299, "min": -1.91991949081, "dvar2": 280.13269043, "dvar": 129.298110962, "dmean": 6.47186851501, "max": 313.505584717, "var": 923.847229004, "mean": 17.7656002045}, "gfcc": {"mean": [-121.1590271, 138.505432129, -96.019317627, 24.1919021606, -26.1169776917, -0.450430333614, -34.6197776794, -2.11347365379, -26.8950424194, -9.32825469971, -11.6029243469, -6.61085939407, -10.458946228], "icov": [[0.000739176641218, -0.00224452558905, 0.00152274721768, -0.00217801495455, 0.00191006867681, -0.00222025741823, 0.00148365995847, -0.00163050438277, 0.00183452980127, -0.000969068671111, 0.00121459609363, -0.000780962756835, 0.000908255635295], [-0.00224452558905, 0.00863605644554, -0.00443773623556, 0.00834597926587, -0.00696279481053, 0.00810576137155, -0.00464507751167, 0.00653649587184, -0.00631230929866, 0.00532469619066, -0.00524616334587, 0.00466199824587, -0.00348393502645], [0.00152274721768, -0.00443773623556, 0.00474842870608, -0.00513506587595, 0.00317072519101, -0.00681195408106, 0.00416448526084, -0.00335531216115, 0.00382013130002, -0.00214247987606, 0.00333279045299, -0.00330431037582, 0.0025333778467], [-0.00217801495455, 0.00834597926587, -0.00513506587595, 0.0122215654701, -0.00752877257764, 0.00866671279073, -0.00458859698847, 0.00625676149502, -0.00700664939359, 0.00540295103565, -0.00599786778912, 0.00574368191883, -0.0047245407477], [0.00191006867681, -0.00696279481053, 0.00317072519101, -0.00752877257764, 0.00888321083039, -0.00503969565034, 0.00284512201324, -0.00410315021873, 0.0047030011192, -0.00511972093955, 0.00711057707667, -0.00453930627555, 0.00362438592128], [-0.00222025741823, 0.00810576137155, -0.00681195408106, 0.00866671279073, -0.00503969565034, 0.0155517226085, -0.00697099417448, 0.00437181023881, -0.0058662397787, 0.00514507014304, -0.00619582785293, 0.00572620006278, -0.00377121963538], [0.00148365995847, -0.00464507751167, 0.00416448526084, -0.00458859698847, 0.00284512201324, -0.00697099417448, 0.00963475368917, -0.00417707115412, 0.00497080711648, -0.00443288404495, 0.00518105784431, -0.00340844132006, 0.00503154890612], [-0.00163050438277, 0.00653649587184, -0.00335531216115, 0.00625676149502, -0.00410315021873, 0.00437181023881, -0.00417707115412, 0.0177288278937, -0.010711456649, 0.00564037961885, -0.00584026332945, 0.00425082957372, -0.00149660021998], [0.00183452980127, -0.00631230929866, 0.00382013130002, -0.00700664939359, 0.0047030011192, -0.0058662397787, 0.00497080711648, -0.010711456649, 0.022482579574, -0.00742571381852, 0.00625762995332, -0.00523506337777, 0.00492383958772], [-0.000969068671111, 0.00532469619066, -0.00214247987606, 0.00540295103565, -0.00511972093955, 0.00514507014304, -0.00443288404495, 0.00564037961885, -0.00742571381852, 0.0183754600585, -0.00776303978637, 0.00520371086895, -0.00361431227066], [0.00121459609363, -0.00524616334587, 0.00333279045299, -0.00599786778912, 0.00711057707667, -0.00619582785293, 0.00518105784431, -0.00584026332945, 0.00625762995332, -0.00776303978637, 0.0220130365342, -0.0118841798976, 0.00612615281716], [-0.000780962756835, 0.00466199824587, -0.00330431037582, 0.00574368191883, -0.00453930627555, 0.00572620006278, -0.00340844132006, 0.00425082957372, -0.00523506337777, 0.00520371086895, -0.0118841798976, 0.0263846646994, -0.0113152312115], [0.000908255635295, -0.00348393502645, 0.0025333778467, -0.0047245407477, 0.00362438592128, -0.00377121963538, 0.00503154890612, -0.00149660021998, 0.00492383958772, -0.00361431227066, 0.00612615281716, -0.0113152312115, 0.02330465056]], "cov": [[19874.7988281, 3675.58666992, -4040.38867188, -802.147766113, -1438.33984375, -752.376647949, -377.31137085, -140.417999268, -317.775146484, -421.478942871, 209.969680786, -396.875274658, -20.23346138], [3675.58666992, 1577.15734863, -767.674316406, -269.414367676, 190.109039307, -355.685394287, 1.51779448986, -162.202178955, -55.6643257141, -91.2273254395, -52.2893295288, -91.9454803467, -9.79149055481], [-4040.38867188, -767.674316406, 1605.48571777, 265.216522217, 235.733917236, 379.678161621, -54.0534324646, 60.8164291382, 52.553314209, 31.1071186066, -25.0899868011, 98.1508712769, 10.2693548203], [-802.147766113, -269.414367676, 265.216522217, 322.765594482, 155.305221558, 5.28116846085, -9.87905979156, -3.34017539024, 24.2158145905, 13.3681287766, -19.4804916382, 10.855723381, 13.5575675964], [-1438.33984375, 190.109039307, 235.733917236, 155.305221558, 626.547546387, -83.1071929932, 89.6478500366, -66.0440597534, 27.1688842773, 48.2689704895, -117.809066772, 6.95043325424, -8.06182861328], [-752.376647949, -355.685394287, 379.678161621, 5.28116846085, -83.1071929932, 279.911193848, 28.2906284332, 59.8186912537, 10.6439561844, 1.2957752943, 23.2860240936, 14.2920322418, -9.32927131653], [-377.31137085, 1.51779448986, -54.0534324646, -9.87905979156, 89.6478500366, 28.2906284332, 219.15272522, 5.25576972961, 2.70009970665, 29.1272029877, -33.2863044739, -12.8348665237, -31.0721607208], [-140.417999268, -162.202178955, 60.8164291382, -3.34017539024, -66.0440597534, 59.8186912537, 5.25576972961, 113.184783936, 33.5744552612, -1.75683164597, 20.100561142, 2.01081442833, -11.6527462006], [-317.775146484, -55.6643257141, 52.553314209, 24.2158145905, 27.1688842773, 10.6439561844, 2.70009970665, 33.5744552612, 76.3360366821, 19.3079586029, -4.69977760315, 5.25537347794, -7.01708459854], [-421.478942871, -91.2273254395, 31.1071186066, 13.3681287766, 48.2689704895, 1.2957752943, 29.1272029877, -1.75683164597, 19.3079586029, 87.8027191162, 6.81088447571, 5.85502099991, -0.991504907608], [209.969680786, -52.2893295288, -25.0899868011, -19.4804916382, -117.809066772, 23.2860240936, -33.2863044739, 20.100561142, -4.69977760315, 6.81088447571, 94.104850769, 25.0026683807, 2.79693412781], [-396.875274658, -91.9454803467, 98.1508712769, 10.855723381, 6.95043325424, 14.2920322418, -12.8348665237, 2.01081442833, 5.25537347794, 5.85502099991, 25.0026683807, 70.1759185791, 24.6832714081], [-20.23346138, -9.79149055481, 10.2693548203, 13.5575675964, -8.06182861328, -9.32927131653, -31.0721607208, -11.6527462006, -7.01708459854, -0.991504907608, 2.79693412781, 24.6832714081, 62.1493682861]]}, "spectral_energyband_middle_low": {"dmean2": 0.00492730503902, "median": 0.00675124069676, "min": 1.77373986144e-22, "dvar2": 7.0287984272e-05, "dvar": 2.90307943942e-05, "dmean": 0.00327178346924, "max": 0.167385205626, "var": 0.000177976617124, "mean": 0.0115905553102}, "melbands_crest": {"dmean2": 5.39884376526, "median": 16.0576496124, "min": 1.73448860645, "dvar2": 21.1306781769, "dvar": 7.65913772583, "dmean": 3.2194070816, "max": 37.318447113, "var": 25.4777622223, "mean": 16.6548995972}, "spectral_kurtosis": {"dmean2": 5.45916509628, "median": 10.1300859451, "min": -1.22963881493, "dvar2": 30.1019077301, "dvar": 10.9067239761, "dmean": 3.2419052124, "max": 55.4469718933, "var": 41.951133728, "mean": 11.3461151123}, "spectral_rms": {"dmean2": 0.000893980672117, "median": 0.0035325565841, "min": 3.22328817283e-12, "dvar2": 8.72933071605e-07, "dvar": 3.80285882784e-07, "dmean": 0.000584025925491, "max": 0.0163499806076, "var": 5.28269765709e-06, "mean": 0.00379087449983}, "zerocrossingrate": {"dmean2": 0.00688899774104, "median": 0.0234375, "min": 0.00390625, "dvar2": 0.000217538326979, "dvar": 0.000119879783597, "dmean": 0.00523009616882, "max": 0.5185546875, "var": 0.000964217178989, "mean": 0.0296247638762}, "silence_rate_60dB": {"dmean2": 0.0620957314968, "median": 0, "min": 0, "dvar2": 0.069229632616, "dvar": 0.0300772301853, "dmean": 0.0310428459197, "max": 1, "var": 0.158320248127, "mean": 0.197219520807}, "erbbands_kurtosis": {"dmean2": 1.78065860271, "median": 0.100486516953, "min": -1.79055202007, "dvar2": 10.1425790787, "dvar": 4.63921785355, "dmean": 1.17272126675, "max": 87.9029769897, "var": 21.061712265, "mean": 1.62804734707}, "erbbands": {"dmean2": [0.0245074704289, 0.791233003139, 3.40229415894, 3.70686364174, 9.28194332123, 6.33382940292, 11.6942825317, 11.9319915771, 5.47820663452, 7.67559576035, 11.0232181549, 11.3069677353, 16.4021015167, 14.9352769852, 14.8401288986, 10.5351667404, 13.979804039, 13.5850419998, 8.15303134918, 6.82012796402, 6.61245393753, 4.77254009247, 3.65070605278, 2.88713955879, 2.55031895638, 1.67382001877, 0.550772190094, 0.178181454539, 0.0944771319628, 0.168740525842, 0.245632946491, 0.201864555478, 0.101286500692, 0.0375281460583, 0.0245961174369, 0.00541794672608, 0.000776555738412, 9.47543521761e-05, 1.46523716467e-05, 9.53816288529e-06], "median": [0.0104792378843, 0.311465233564, 1.62870597839, 2.47283124924, 4.46497917175, 5.17866134644, 6.03668832779, 3.80267548561, 1.92474889755, 1.70217037201, 2.5167131424, 1.22342586517, 2.28480815887, 2.00008583069, 2.15282654762, 2.37559247017, 2.58820009232, 1.93870151043, 1.66629862785, 2.03840208054, 1.71579837799, 1.48169016838, 1.05015730858, 0.931194901466, 0.698483228683, 0.308918952942, 0.204650774598, 0.0536207929254, 0.0204415526241, 0.0230794399977, 0.0122631657869, 0.00530992913991, 0.00294453091919, 0.00172763434239, 0.00111454795115, 0.000625737535302, 0.000294441706501, 0.000107297557406, 3.07974842144e-05, 1.7047575966e-05], "min": [1.1162314661e-21, 4.77834492163e-21, 9.11209157312e-21, 2.75262443403e-20, 3.47272910123e-20, 4.73249221617e-20, 1.64324210822e-19, 5.61970016255e-19, 3.20180987303e-19, 4.51435473662e-19, 6.30294876358e-19, 1.00340058531e-18, 1.21681804304e-18, 1.02199746664e-18, 2.36487876561e-18, 3.20443255256e-18, 3.60870239449e-18, 3.80362998738e-18, 7.00428584005e-18, 3.07548129891e-18, 3.37863182648e-18, 7.54922084707e-18, 8.34333822336e-18, 1.43674555694e-17, 8.98211025343e-18, 1.74820122601e-17, 1.2895142735e-17, 1.86759382864e-17, 1.61320849332e-17, 1.50847750161e-17, 1.37022857244e-17, 1.70928816845e-17, 1.31437129906e-17, 9.18805423772e-18, 7.98538491227e-18, 6.55410602656e-18, 2.92058469818e-18, 1.36225283494e-18, 3.33684478158e-19, 3.29356921225e-20], "dvar2": [0.00169647869188, 1.44284784794, 29.0019607544, 50.5563049316, 517.110900879, 159.929351807, 580.302856445, 1386.52587891, 554.016662598, 787.300720215, 2171.28442383, 3186.53491211, 6808.69970703, 11809.6386719, 4983.31201172, 2350.91552734, 9159.11230469, 7503.93994141, 3028.4753418, 321.167785645, 826.724121094, 255.655151367, 192.586151123, 86.2897186279, 68.581817627, 30.1429367065, 3.75910878181, 0.539471924305, 0.40209826827, 0.392952769995, 2.27456688881, 3.09477162361, 1.26643538475, 0.306348085403, 0.0700420290232, 0.00141831499059, 1.73647040356e-05, 1.40248815228e-07, 1.98399185969e-09, 1.86518786527e-10], "dvar": [0.000573071592953, 0.489750385284, 10.1969623566, 18.2868328094, 179.644607544, 61.743106842, 295.423187256, 534.549865723, 301.305236816, 485.403198242, 1327.85461426, 1527.06323242, 4656.87744141, 7714.9296875, 2795.88256836, 1607.44030762, 5374.88964844, 3760.98071289, 1258.44934082, 142.451904297, 335.720947266, 108.069572449, 75.8474349976, 43.4598922729, 34.070098877, 15.5796756744, 1.93680405617, 0.247853204608, 0.144274428487, 0.213357269764, 1.03760063648, 1.30230176449, 0.549833416939, 0.145665690303, 0.0311093199998, 0.000659860204905, 9.8395285022e-06, 6.86965009322e-08, 9.25526655315e-10, 8.39737099301e-11], "dmean": [0.0137766273692, 0.451953053474, 2.00016307831, 2.34782886505, 5.73535585403, 4.0913772583, 8.23397541046, 7.78130054474, 3.81174015999, 5.89167976379, 8.44008636475, 7.96877574921, 12.8623876572, 12.4697694778, 11.0149698257, 8.17029476166, 10.3297328949, 9.9587802887, 5.75703239441, 4.41516637802, 4.18715143204, 3.12651228905, 2.42204165459, 1.95369517803, 1.76575779915, 1.17648983002, 0.388909935951, 0.118300832808, 0.0599386356771, 0.114419788122, 0.163723096251, 0.130960315466, 0.0682542324066, 0.026522025466, 0.0159929580986, 0.00356085482053, 0.000517595326528, 6.09114176768e-05, 9.4813767646e-06, 6.2817507569e-06], "max": [0.410416036844, 9.83693695068, 49.3860778809, 123.051200867, 468.498718262, 207.476455688, 368.283843994, 591.416870117, 702.488891602, 683.065673828, 2173.80566406, 2095.32373047, 4293.84423828, 5312.79443359, 1965.90917969, 2221.85449219, 5826.9921875, 3034.66894531, 1523.12756348, 356.979919434, 1002.88684082, 361.705993652, 374.166473389, 281.095428467, 180.938842773, 128.361450195, 42.3121566772, 18.9502372742, 13.1029958725, 26.7705097198, 49.2999420166, 43.9296264648, 33.828163147, 22.6733379364, 7.89536762238, 1.27484977245, 0.195128664374, 0.0129890507087, 0.00135803560261, 0.000331338116666], "var": [0.000662707141601, 0.698920249939, 19.8529872894, 45.4831581116, 355.407318115, 266.133422852, 2239.97680664, 2093.33007812, 2231.95458984, 2499.73535156, 4838.66601562, 6932.06738281, 28514.046875, 46868.5351562, 17376.3613281, 6631.79589844, 22938.0820312, 7635.86181641, 2583.08642578, 454.595916748, 687.493530273, 473.285919189, 336.864501953, 159.106781006, 124.53704834, 64.3375473022, 5.90583181381, 0.548390686512, 0.152387410402, 0.729371190071, 1.8663340807, 1.62025284767, 0.67925131321, 0.207029893994, 0.0445151403546, 0.00118794396985, 2.25306812354e-05, 1.35375287869e-07, 2.26626561961e-09, 7.262635493e-10], "mean": [0.0188529938459, 0.60876506567, 3.16534256935, 4.70857048035, 10.7793540955, 11.4343013763, 24.6476097107, 18.9505767822, 11.1125736237, 15.4622354507, 20.0836429596, 18.7531909943, 34.8155632019, 31.0124950409, 27.8073177338, 18.5566444397, 22.715637207, 18.0204315186, 11.5215482712, 9.76107120514, 9.38200187683, 8.13497161865, 6.00927829742, 4.97696876526, 4.6099858284, 2.68796229362, 0.97960716486, 0.273150086403, 0.119969017804, 0.24826194346, 0.329643964767, 0.227136716247, 0.104044504464, 0.0362844541669, 0.0263378620148, 0.0068479673937, 0.00116297765635, 0.000192095918464, 4.3370637286e-05, 2.57525189227e-05]}, "spectral_strongpeak": {"dmean2": 0.458628863096, "median": 0.31960272789, "min": 0, "dvar2": 0.636489510536, "dvar": 0.300014734268, "dmean": 0.283714473248, "max": 12.870054245, "var": 1.8574757576, "mean": 0.820145368576}, "spectral_energy": {"dmean2": 0.0084402160719, "median": 0.0127909304574, "min": 1.064932677e-20, "dvar2": 0.000146925580339, "dvar": 6.46319967927e-05, "dmean": 0.00553080579266, "max": 0.274004936218, "var": 0.00051870464813, "mean": 0.0201447680593}, "average_loudness": 0.258708298206, "spectral_rolloff": {"dmean2": 389.481903076, "median": 344.53125, "min": 21.533203125, "dvar2": 1784094.625, "dvar": 701384.3125, "dmean": 227.348724365, "max": 18992.2851562, "var": 1291873.125, "mean": 632.281677246}, "spectral_centroid": {"dmean2": 171.656295776, "median": 523.145263672, "min": 139.950180054, "dvar2": 102500.390625, "dvar": 61607.4296875, "dmean": 113.65814209, "max": 11193.7314453, "var": 292124.875, "mean": 661.558776855}, "pitch_salience": {"dmean2": 0.121220521629, "median": 0.524743318558, "min": 0.0872619226575, "dvar2": 0.0118970843032, "dvar": 0.004165424034, "dmean": 0.0728399902582, "max": 0.815373003483, "var": 0.0134172821417, "mean": 0.511030733585}, "spectral_energyband_middle_high": {"dmean2": 0.00128028413747, "median": 0.000651056412607, "min": 1.19637458439e-21, "dvar2": 1.91951912711e-05, "dvar": 1.32723562274e-05, "dmean": 0.00101375381928, "max": 0.225702613592, "var": 0.00014712625125, "mean": 0.0037902018521}, "spectral_contrast_coeffs": {"dmean2": [0.0746675506234, 0.0568277239799, 0.0449255928397, 0.0383561998606, 0.0285394154489, 0.0210039895028], "median": [-0.621048808098, -0.726827204227, -0.777358055115, -0.781448125839, -0.771218657494, -0.815080106258], "min": [-0.965961277485, -0.977229356766, -0.984204232693, -0.983777344227, -0.98142260313, -0.980788946152], "dvar2": [0.00366549217142, 0.00232122209854, 0.0014142091386, 0.0010246533202, 0.000627806293778, 0.000462671072455], "dvar": [0.00128415762447, 0.00100285757799, 0.000628927897196, 0.000435644789832, 0.000286370312097, 0.000217952765524], "dmean": [0.0444395542145, 0.0360180065036, 0.0289491079748, 0.0239986311644, 0.0180667676032, 0.0133723132312], "max": [-0.314364254475, -0.328552991152, -0.381606280804, -0.489748090506, -0.566532969475, -0.583030581474], "var": [0.00642558792606, 0.01195819024, 0.00849431473762, 0.00418705539778, 0.0041647371836, 0.0029150750488], "mean": [-0.624094724655, -0.710650444031, -0.764577329159, -0.779720842838, -0.773556768894, -0.808435797691]}, "melbands_skewness": {"dmean2": 1.17760980129, "median": 3.49745321274, "min": -1.36989021301, "dvar2": 1.60649394989, "dvar": 0.629746735096, "dmean": 0.738650381565, "max": 19.7887744904, "var": 5.13420629501, "mean": 3.72542595863}, "spectral_spread": {"dmean2": 449986.84375, "median": 2912854, "min": 1446951.375, "dvar2": 563582140416, "dvar": 413753638912, "dmean": 295530.59375, "max": 42010360, "var": 3515248803840.0, "mean": 3378037.25}, "dissonance": {"dmean2": 0.0311770290136, "median": 0.458286225796, "min": 0.223435640335, "dvar2": 0.00100436713547, "dvar": 0.000376750394935, "dmean": 0.0188174303621, "max": 0.500000119209, "var": 0.00133794010617, "mean": 0.449870854616}, "spectral_skewness": {"dmean2": 0.49703374505, "median": 2.31829810143, "min": -0.00330514274538, "dvar2": 0.207939103246, "dvar": 0.0833449587226, "dmean": 0.306292742491, "max": 6.03279066086, "var": 0.580983102322, "mean": 2.38414645195}, "spectral_flux": {"dmean2": 0.0255927983671, "median": 0.0462210774422, "min": 6.74666364442e-11, "dvar2": 0.000834332255181, "dvar": 0.000347681023413, "dmean": 0.0160313360393, "max": 0.416720479727, "var": 0.00148838991299, "mean": 0.0529933534563}, "spectral_contrast_valleys": {"dmean2": [0.646992266178, 0.473620682955, 0.41663557291, 0.354972958565, 0.300053656101, 0.220178291202], "median": [-7.26542377472, -7.45667791367, -8.2730178833, -8.56206130981, -8.98051643372, -12.3924341202], "min": [-27.2578697205, -27.5137729645, -27.5075817108, -27.1987094879, -27.2527389526, -27.2218894958], "dvar2": [0.31386873126, 0.194283977151, 0.149281188846, 0.12707221508, 0.122305236757, 0.0959497615695], "dvar": [0.14023719728, 0.108653105795, 0.0915518775582, 0.0841308012605, 0.0841890126467, 0.0649530440569], "dmean": [0.386142075062, 0.299265891314, 0.269471555948, 0.232269704342, 0.206388354301, 0.150384604931], "max": [-5.35300922394, -5.40138292313, -5.46764278412, -5.98536205292, -6.41319656372, -8.17535686493], "var": [1.9412446022, 2.69862389565, 2.50677967072, 2.36671948433, 1.77537345886, 1.09133017063], "mean": [-7.5333571434, -7.79930591583, -8.59052085876, -8.83037281036, -9.22491836548, -12.0864715576]}, "erbbands_flatness_db": {"dmean2": 0.0188743770123, "median": 0.19537819922, "min": 0.0272877123207, "dvar2": 0.000359614205081, "dvar": 0.000166480327607, "dmean": 0.0127209527418, "max": 0.345537275076, "var": 0.00183836591896, "mean": 0.191273391247}, "spectral_energyband_high": {"dmean2": 3.35514196195e-05, "median": 1.10607034003e-05, "min": 7.41673886346e-21, "dvar2": 2.67271076382e-08, "dvar": 1.27985932963e-08, "dmean": 2.42146161327e-05, "max": 0.00417458172888, "var": 2.87073280703e-08, "mean": 5.99433806201e-05}, "spectral_entropy": {"dmean2": 0.240673974156, "median": 6.74308490753, "min": 4.76762104034, "dvar2": 0.0562247037888, "dvar": 0.0274249855429, "dmean": 0.164361432195, "max": 9.80705547333, "var": 0.284320533276, "mean": 6.74458503723}, "silence_rate_20dB": {"dmean2": 0, "median": 1, "min": 1, "dvar2": 0, "dvar": 0, "dmean": 0, "max": 1, "var": 0, "mean": 1}, "melbands_flatness_db": {"dmean2": 0.0402115695179, "median": 0.313676148653, "min": 0.00425451947376, "dvar2": 0.00147878599819, "dvar": 0.000586239795666, "dmean": 0.0256681554019, "max": 0.569569587708, "var": 0.00578208034858, "mean": 0.321185052395}, "barkbands": {"dmean2": [3.78871095563e-06, 0.00271156080998, 0.00307537801564, 0.00128434109502, 0.00268185278401, 0.00142074422911, 0.000331122311763, 0.000580959662329, 0.000555829610676, 0.000574232370127, 0.000428390689194, 0.000328825495671, 0.000298647617456, 0.000283605448203, 0.000159447750775, 0.000135080132168, 8.18221087684e-05, 6.55257026665e-05, 5.35463586857e-05, 4.53132888651e-05, 7.13701183486e-06, 2.81866346086e-06, 7.85963948147e-06, 7.90483773017e-06, 3.19536684401e-06, 6.14054727066e-07, 7.19976256391e-08], "median": [9.14579572964e-07, 0.000993904657662, 0.00150357093662, 0.000755246612243, 0.00205710227601, 0.000521650363225, 6.19436395937e-05, 0.000103208905784, 4.50917359558e-05, 6.72579917591e-05, 2.75404054264e-05, 6.38555502519e-05, 5.21787951584e-05, 3.48606263287e-05, 3.33408897859e-05, 2.75158017757e-05, 2.2446969524e-05, 1.76856156031e-05, 1.4529492546e-05, 7.21366450307e-06, 2.50846892413e-06, 5.72078192818e-07, 4.50486908221e-07, 1.99749351282e-07, 1.49582632503e-07, 1.52498230932e-07, 1.78564818043e-07], "min": [4.42943031699e-24, 2.79106845322e-23, 7.2032900851e-24, 7.48664892226e-24, 1.27101592482e-23, 5.33587157122e-23, 3.16602824097e-23, 1.88812248388e-23, 4.01843252319e-23, 3.29359241359e-23, 4.70970912563e-23, 7.14147384017e-23, 6.40713142765e-23, 6.42060264755e-23, 1.17319116145e-22, 5.31973652581e-23, 1.36491389638e-22, 1.62665011923e-22, 2.37908988443e-22, 3.23774162948e-22, 4.12941117928e-22, 4.02987409865e-22, 5.19656630842e-22, 7.93626432882e-22, 9.79628424249e-22, 1.73648212497e-21, 2.30383997568e-21], "dvar2": [7.10362810241e-11, 1.72568597918e-05, 2.60410415649e-05, 7.51773632146e-06, 3.13497184834e-05, 1.30449725475e-05, 2.54719793702e-06, 3.77896549253e-06, 6.33058380117e-06, 1.10675764518e-05, 6.7167970883e-06, 2.35524316849e-06, 3.17398462357e-06, 3.79303446607e-06, 2.46381972602e-07, 2.68096982836e-07, 7.31928935238e-08, 4.57381759134e-08, 3.16635961894e-08, 2.53259173633e-08, 7.08487324363e-10, 2.56626275785e-10, 1.82088855105e-09, 6.18209883285e-09, 1.45150946818e-09, 1.48019166368e-11, 4.95656914492e-14], "dvar": [2.68712725682e-11, 5.81540871281e-06, 9.0104613264e-06, 2.95422569252e-06, 1.1247009752e-05, 5.37787855137e-06, 1.44677289882e-06, 2.3757550025e-06, 3.10206519316e-06, 6.84024416842e-06, 3.76585489903e-06, 1.46866216255e-06, 2.04646789825e-06, 1.68970905179e-06, 1.19197601123e-07, 1.05211583445e-07, 3.21454400876e-08, 1.89208773094e-08, 1.72586691605e-08, 1.27069981204e-08, 3.22892101945e-10, 9.25094723048e-11, 9.45934885976e-10, 2.57914289925e-09, 7.11696312994e-10, 7.33424779242e-12, 2.20174254534e-14], "dmean": [2.25164035328e-06, 0.00154722342268, 0.00183939770795, 0.000826555129606, 0.00170677294955, 0.000936942466069, 0.000235047002207, 0.000443031953182, 0.0003873333917, 0.00044981011888, 0.000314202567097, 0.000238697699388, 0.000225456256885, 0.000196843582671, 0.000106409970613, 8.34767706692e-05, 5.36987754458e-05, 4.30933287134e-05, 3.69559238607e-05, 3.13255259243e-05, 4.87340321342e-06, 1.78165362286e-06, 5.49470269107e-06, 5.18489196111e-06, 2.16888270188e-06, 4.12269201888e-07, 4.52998243361e-08], "max": [0.000182156160008, 0.0341461226344, 0.0462760850787, 0.062610141933, 0.106032915413, 0.0562361031771, 0.0424638390541, 0.0807729139924, 0.0797878429294, 0.13368396461, 0.0887798145413, 0.0548413619399, 0.104625575244, 0.0514263212681, 0.010962468572, 0.0143186682835, 0.00598972663283, 0.00557719217613, 0.00645350245759, 0.00329993944615, 0.000508530763909, 0.000315471930662, 0.00141186802648, 0.00243663066067, 0.00148434890434, 0.000156650843564, 5.989696092e-06], "var": [2.56077901939e-11, 7.91922866483e-06, 1.68677797774e-05, 8.54367590364e-06, 3.93740847358e-05, 3.33337520715e-05, 8.