{"rhythm": {"bpm": 119.852249146, "bpm_histogram_second_peak_weight": {"mean": 0.0255102049559, "min": 0.0255102049559, "max": 0.0255102049559, "dmean2": 0, "dvar": 0, "dmean": 0, "median": 0.0255102049559, "dvar2": 0, "var": 0}, "bpm_histogram_first_peak_weight": {"mean": 0.497448980808, "min": 0.497448980808, "max": 0.497448980808, "dmean2": 0, "dvar": 0, "dmean": 0, "median": 0.497448980808, "dvar2": 0, "var": 0}, "danceability": 1.06242346764, "beats_loudness": {"mean": 0.0395007580519, "min": 5.32977310286e-06, "max": 0.0816813036799, "dmean2": 0.0218179412186, "dvar": 0.000101766556327, "dmean": 0.0125894183293, "median": 0.0391268134117, "dvar2": 0.000292555138003, "var": 0.000219602778088}, "onset_rate": 3.19104075432, "bpm_histogram_second_peak_spread": {"mean": 0.285714298487, "min": 0.285714298487, "max": 0.285714298487, "dmean2": 0, "dvar": 0, "dmean": 0, "median": 0.285714298487, "dvar2": 0, "var": 0}, "bpm_histogram_first_peak_spread": {"mean": 0.481382966042, "min": 0.481382966042, "max": 0.481382966042, "dmean2": 0, "dvar": 0, "dmean": 0, "median": 0.481382966042, "dvar2": 0, "var": 0}, "beats_position": [0.522448956966, 1.04489791393, 1.57895684242, 2.11301589012, 2.6470746994, 3.16952371597, 3.69197273254, 4.22603178024, 4.74848079681, 5.24770975113, 5.75854873657, 6.26938772202, 6.78022670746, 7.27945566177, 7.77868461609, 8.27791404724, 8.77714252472, 9.26476192474, 9.75238037109, 10.2399997711, 10.7392292023, 11.2384576797, 11.7376871109, 12.2369155884, 12.7477550507, 13.2469835281, 13.7462129593, 14.2454423904, 14.7446708679, 15.2439002991, 15.7431287766, 16.242357254, 16.7415866852, 17.2292060852, 17.7168254852, 18.2044448853, 18.7036724091, 19.2029018402, 19.6905212402, 20.1781406403, 20.6657600403, 21.1765975952, 21.6874370575, 22.1982765198, 22.7091159821, 23.219953537, 23.7424030304, 24.2416324615, 24.7408618927, 25.2400894165, 25.7277088165, 26.2153282166, 26.7145576477, 27.2137870789, 27.7130146027, 28.2122440338, 28.7230834961, 29.2223129272, 29.7331504822, 30.2439899445, 30.7548294067, 31.2540588379, 31.753288269, 32.264125824, 32.7633552551, 33.2625846863, 33.7734222412, 34.2726516724, 34.7602729797, 35.2478904724, 35.7355079651, 36.2231292725, 36.7107467651, 37.2215881348, 37.7324256897, 38.2432632446, 38.7424926758, 39.2417221069, 39.7293434143, 40.2401809692, 40.7510185242, 41.2618598938, 41.7494773865, 42.2487068176, 42.7479362488, 43.2471656799, 43.7463951111, 44.257232666, 44.7564620972, 45.2556915283, 45.7665290833, 46.2657585144, 46.7649879456, 47.2526054382, 47.7402267456, 48.2278442383, 48.7270736694, 49.2263031006, 49.7255325317, 50.2247619629, 50.723991394, 51.2232208252, 51.7224464417, 52.2216758728, 52.7092971802, 53.1969146729, 53.6845359802, 54.1837615967, 54.6829910278, 55.1706123352, 55.6582298279, 56.157459259, 56.6566886902, 57.1443061829, 57.6319274902, 58.1195449829, 58.6071662903, 59.094783783, 59.5824012756, 60.070022583, 60.5576400757, 61.0452613831, 61.556098938, 62.0553283691, 62.5545578003, 63.0653953552, 63.5646247864, 64.0522460938, 64.5514755249, 65.0507049561, 65.5499343872, 66.049156189, 66.5483856201, 67.0476150513, 67.5468444824, 68.0460739136, 68.5453033447, 69.0329208374, 69.5205459595, 70.0197753906, 70.5306091309, 71.0414505005, 71.5522918701, 72.0515213013, 72.5623550415, 73.0615844727, 73.5608139038, 74.0716552734, 74.5708847046, 75.0701141357, 75.5693435669, 76.068572998, 76.5678024292, 77.0670318604, 77.554649353, 78.0422668457, 78.5414962769, 79.040725708, 79.5283432007, 80.0159606934, 80.503578186, 80.9912033081, 81.4788208008, 81.9664382935, 82.4656677246, 82.9648971558, 83.4757385254, 83.9865722656, 84.4858016968, 84.9850311279, 85.4958724976, 85.9951019287, 86.4943313599, 86.9819488525, 87.4811782837, 87.9804077148, 88.479637146, 88.9904708862, 89.4897003174, 89.9889297485, 90.4881591797, 90.9990005493, 91.5098419189, 92.0206756592, 92.5199050903, 93.0191345215, 93.5183639526, 94.0175933838, 94.5168228149, 95.0044403076, 95.5036697388, 96.0028991699, 96.5137405396, 97.0129699707, 97.5238113403, 98.0230331421, 98.5222625732, 99.0214920044, 99.5207214355, 100.019950867, 100.519180298, 101.030021667, 101.540863037, 102.051696777, 102.562538147, 103.061767578, 103.560997009, 104.071838379, 104.582672119, 105.08190155, 105.581130981, 106.080360413, 106.579589844, 107.090431213, 107.589660645, 108.100494385, 108.599723816, 109.098953247, 109.598182678, 110.097412109, 110.596641541, 111.10748291, 111.595100403, 112.105941772, 112.616775513, 113.104400635, 113.592018127, 114.091247559, 114.59047699, 115.078094482, 115.565711975, 116.076553345, 116.587387085, 117.086616516, 117.585845947, 118.096687317, 118.595916748, 119.095146179, 119.605987549, 120.116821289, 120.61605072, 121.115280151, 121.602897644, 122.113739014, 122.624580383, 123.135414124, 123.646255493, 124.157096863, 124.667930603, 125.178771973, 125.689613342, 126.212059021, 126.734512329, 127.245346069, 127.756187439, 128.25541687, 128.76625061, 129.265487671, 129.776321411, 130.275558472, 130.774780273, 131.274017334, 131.773239136, 132.284072876, 132.794921875, 133.305755615, 133.804992676, 134.304214478, 134.815048218, 135.325897217, 135.825119019, 136.335968018, 136.835189819, 137.334411621, 137.833648682, 138.332870483, 138.832107544, 139.308120728, 139.807342529, 140.31817627, 140.829025269, 141.339859009, 141.850692749, 142.34992981, 142.849151611, 143.348388672, 143.847610474, 144.346847534, 144.846069336, 145.356918335, 145.867752075, 146.378585815, 146.877822876, 147.377044678, 147.887893677, 148.387115479, 148.886352539, 149.397186279, 149.90802002, 150.40725708, 150.906478882, 151.405715942, 151.904937744, 152.404174805, 152.915008545, 153.414230347, 153.925079346, 154.435913086, 154.935150146, 155.445983887, 155.945205688, 156.444442749, 156.943664551, 157.442901611, 157.942123413, 158.452972412, 158.963806152, 159.463043213, 159.962265015, 160.473098755, 160.983947754, 161.494781494, 162.005615234, 162.516464233, 163.027297974, 163.514923096, 164.025756836, 164.536590576, 165.047439575, 165.546661377, 166.057495117, 166.556732178, 167.067565918, 167.55519104, 168.042816162, 168.542037964, 169.041259766, 169.528884888, 170.01651001, 170.504119873, 171.014968872, 171.502578735, 171.990203857, 172.477813721, 172.965438843, 173.441452026, 173.940673828, 174.439910889, 174.93913269, 175.438369751, 175.937591553, 176.448425293, 176.959274292, 177.470108032, 177.969345093, 178.468566895, 178.967803955, 179.455413818, 179.954650879, 180.453872681, 180.953109741, 181.452331543, 181.951568604, 182.462402344, 182.973236084, 183.472473145, 183.971694946, 184.482528687, 184.993377686, 185.492599487, 186.003448486, 186.502670288, 187.013504028, 187.512741089, 188.011962891, 188.511199951, 189.010421753, 189.509658813, 190.008880615, 190.519729614, 191.030563354, 191.529785156, 192.029022217, 192.539855957, 193.050704956, 193.549926758, 194.049163818, 194.536773682, 195.036010742, 195.546844482, 196.069290161, 196.59173584, 197.114196777], "bpm_histogram_first_peak_bpm": {"mean": 120, "min": 120, "max": 120, "dmean2": 0, "dvar": 0, "dmean": 0, "median": 120, "dvar2": 0, "var": 0}, "beats_count": 393, "beats_loudness_band_ratio": {"mean": [0.369959354401, 0.19335950911, 0.120896756649, 0.0999669283628, 0.0791367813945, 0.208732590079], "min": [0.0021327205468, 0.0200801603496, 0.00299411686137, 0.00447313115001, 0.00340013881214, 0.00104603136424], "max": [0.903473675251, 0.719536721706, 0.599568545818, 0.755800783634, 0.75967913866, 0.86566144228], "dmean2": [0.61112165451, 0.270115911961, 0.168921589851, 0.137945115566, 0.0846834853292, 0.722831845284], "dvar": [0.0343745276332, 0.0125739583746, 0.00918098445982, 0.0130822854117, 0.00556611828506, 0.0331022664905], "dmean": [0.30897256732, 0.143728107214, 0.0983284264803, 0.0787875205278, 0.0498538017273, 0.362343966961], "median": [0.330379128456, 0.163631796837, 0.0839104503393, 0.0357592962682, 0.0240694899112, 0.09587123245], "dvar2": [0.106437519193, 0.0373564325273, 0.0246004331857, 0.0365502983332, 0.0126244844869, 0.110767796636], "var": [0.0492744147778, 0.0147171616554, 0.0122898416594, 0.0168645437807, 0.0136340968311, 0.0493838898838]}, "bpm_histogram_second_peak_bpm": {"mean": 115, "min": 115, "max": 115, "dmean2": 0, "dvar": 0, "dmean": 0, "median": 115, "dvar2": 0, "var": 0}}, "tonal": {"chords_number_rate": 0.0023479689844, "tuning_diatonic_strength": 0.760685682297, "chords_changes_rate": 0.0608123987913, "thpcp": [1, 0.678178071976, 0.332500010729, 0.250316470861, 0.209901288152, 0.297890663147, 0.358977556229, 0.27489233017, 0.195125892758, 0.162336975336, 0.177623808384, 0.297430634499, 0.388462305069, 0.467544645071, 0.840079545975, 0.962442457676, 0.519925892353, 0.204449504614, 0.159014880657, 0.193000689149, 0.360272347927, 0.692825138569, 0.727076590061, 0.375404983759, 0.197222918272, 0.307540655136, 0.658789873123, 0.869193315506, 0.647284507751, 0.553259372711, 0.636525154114, 0.476322352886, 0.29346498847, 0.288892567158, 0.389299333096, 0.739631593227], "hpcp": {"mean": [0.134980231524, 0.256449580193, 0.346726089716, 0.235142037272, 0.115286432207, 0.08679125458, 0.0727782547474, 0.103286467493, 0.124466881156, 0.0953123420477, 0.0676552355289, 0.0562864653766, 0.0615868084133, 0.103126958013, 0.134690016508, 0.162109926343, 0.291277498007, 0.333703905344, 0.180271863937, 0.0708879753947, 0.0551346093416, 0.0669183731079, 0.12491582334, 0.240220546722, 0.252096414566, 0.130162701011, 0.0683823302388, 0.106632366776, 0.228419646621, 0.301371991634, 0.224430426955, 0.191829457879, 0.220699876547, 0.165153384209, 0.101751968265, 0.100166589022], "min": [0, 0, 0, 0, 0, 0, 0, 0, 0, 0, 0, 0, 0, 0, 0, 0, 0, 0, 0, 0, 0, 0, 0, 0, 0, 0, 0, 0, 0, 0, 0, 0, 0, 0, 0, 0], "max": [1, 1, 1, 1, 1, 1, 1, 1, 1, 1, 1, 1, 1, 1, 1, 1, 1, 1, 1, 1, 1, 1, 1, 1, 1, 1, 1, 1, 1, 1, 1, 1, 1, 1, 1, 1], "dmean2": [0.265804260969, 0.311750352383, 0.341161161661, 0.304338335991, 0.207276269794, 0.165834382176, 0.150345131755, 0.153512656689, 0.177166968584, 0.173625439405, 0.127390667796, 0.118936359882, 0.133479058743, 0.164567545056, 0.198646008968, 0.258478403091, 0.306660175323, 0.320402234793, 0.254128485918, 0.14592911303, 0.121485628188, 0.148575857282, 0.185235574841, 0.267409771681, 0.338764548302, 0.213488981128, 0.156193986535, 0.224515542388, 0.310857385397, 0.319077193737, 0.34381711483, 0.290339142084, 0.258362561464, 0.269640058279, 0.215157866478, 0.220929384232], "dvar": [0.0463227182627, 0.0458369404078, 0.0530771538615, 0.0447741486132, 0.0337251909077, 0.0280805341899, 0.0248214323074, 0.0262298770249, 0.0316667966545, 0.0322234854102, 0.0216652546078, 0.0221405718476, 0.0243961773813, 0.02846458368, 0.0321093536913, 0.039906617254, 0.0475793220103, 0.0536535643041, 0.04022956267, 0.0245119892061, 0.0224791299552, 0.0280600376427, 0.0314732082188, 0.0390087626874, 0.0555567629635, 0.0272945184261, 0.0282093659043, 0.0385929569602, 0.0512412264943, 0.0530730858445, 0.05001982674, 0.0473317839205, 0.0504781082273, 0.049331471324, 0.0406419634819, 0.0415547341108], "dmean": [0.149186879396, 0.181993588805, 0.199657008052, 0.178736001253, 0.116383090615, 0.0921302065253, 0.0832989513874, 0.0885037481785, 0.10211571306, 0.0975148528814, 0.0717611461878, 0.0660607069731, 0.0737475752831, 0.0938968807459, 0.113323740661, 0.14862793684, 0.179520443082, 0.19183292985, 0.148916900158, 0.081812620163, 0.0671656802297, 0.0820058658719, 0.105924196541, 0.156275212765, 0.194763317704, 0.12194570154, 0.0857933610678, 0.12499217689, 0.17943200469, 0.188000336289, 0.196611002088, 0.167464092374, 0.148165747523, 0.151626482606, 0.119824431837, 0.121886879206], "median": [0.039411611855, 0.13919185102, 0.214697062969, 0.131631046534, 0.0357520394027, 0.0200817547739, 0.0201750118285, 0.0267817266285, 0.0375153906643, 0.0284859128296, 0.018192846328, 0.0137851806358, 0.0149197457358, 0.0306833740324, 0.0514916367829, 0.0649936497211, 0.149754330516, 0.182383641601, 0.0826112404466, 0.0168326497078, 0.00939143914729, 0.0132185677066, 0.0375956743956, 0.118384219706, 0.115961559117, 0.048437345773, 0.0127255860716, 0.0252750385553, 0.106289051473, 0.157600432634, 0.106072112918, 0.0622047372162, 0.0326207205653, 0.0272982101887, 0.022994408384, 0.0216709766537], "dvar2": [0.127722963691, 0.123468130827, 0.133297070861, 0.122508041561, 0.0933551639318, 0.078187122941, 0.0708349719644, 0.0688603967428, 0.0821277722716, 0.0874119699001, 0.0583140440285, 0.0613374374807, 0.067731924355, 0.0746656432748, 0.0855174958706, 0.108702152967, 0.116949781775, 0.126306265593, 0.106074869633, 0.0653990954161, 0.0606719069183, 0.0765511617064, 0.0869467630982, 0.0979194864631, 0.146302983165, 0.074223741889, 0.0763346850872, 0.104752853513, 0.136129915714, 0.12885850668, 0.133801326156, 0.124308653176, 0.125461131334, 0.133058428764, 0.108426705003, 0.112801082432], "var": [0.0459623299539, 0.0803068950772, 0.115280389786, 0.0673122555017, 0.0356465391815, 0.0278272479773, 0.020080562681, 0.0338144935668, 0.0434614345431, 0.0297442264855, 0.0190394297242, 0.0168724600226, 0.0185565650463, 0.0324623174965, 0.0430724583566, 0.0496685095131, 0.104931697249, 0.12378795445, 0.0535655766726, 0.0217801071703, 0.0181230735034, 0.0230266805738, 0.0398632995784, 0.0785025060177, 0.0894595831633, 0.0320791490376, 0.0225323662162, 0.0356701724231, 0.076779589057, 0.108764104545, 0.0709628388286, 0.0689165890217, 0.109318964183, 0.0677816569805, 0.0364560373127, 0.0374236553907]}, "tuning_frequency": 434.193115234, "chords_scale": "major", "chords_histogram": [51.8196754456, 4.20286464691, 10.824136734, 0, 0, 0, 0, 0, 0.352195352316, 0, 0, 0.586992263794, 0.21131721139, 0.352195352316, 0.845268845558, 1.03310632706, 1.78445649147, 1.97229397297, 0, 1.66705799103, 0, 6.64475250244, 11.5754871368, 6.12819910049], "hpcp_entropy": {"mean": 2.18053030968, "min": 0, "max": 4.11959409714, "dmean2": 1.04156219959, "dvar": 0.25675573945, "dmean": 0.622331380844, "median": 2.21914768219, "dvar2": 0.691788911819, "var": 0.465298891068}, "chords_key": "D", "key_key": "D", "key_scale": "major", "tuning_nontempered_energy_ratio": 0.961091279984, "tuning_equal_tempered_deviation": 0.307580173016, "key_strength": 0.859518527985, "chords_strength": {"mean": 0.551112234592, "min": 0.256550997496, "max": 0.897641658783, "dmean2": 0.0112595651299, "dvar": 8.98627768038e-05, "dmean": 0.0117692295462, "median": 0.541409790516, "dvar2": 9.75727598416e-05, "var": 0.0161797739565}}, "metadata": {"audio_properties": {"md5_encoded": "17c4094c60c58797c1b795890baa36db", "downmix": "mix", "equal_loudness": 0, "bit_rate": 128000, "analysis_sample_rate": 44100, "length": 197.720809937, "lossless": false, "replay_gain": -5.98383331299, "sample_rate": 44100, "codec": "mp3"}, "version": {"essentia_git_sha": "v2.1_beta2-1-ge3940c0", "essentia_build_sha": "2d9f1f26377add8aeb1075a9c2973f962c4f09fd", "extractor": "music 1.0", "essentia": "2.1-beta2"}, "tags": {"album": ["Rare Precious and Beautiful"], "bpm": ["118.87"], "title": ["And the Children Laught"], "musicbrainz_recordingid": ["0e12a388-adf6-4376-a4cb-563a775cf4b9"], "artist": ["Bee Gees"], "genre": ["Pop"], "tracknumber": ["08/13"], "date": ["1966"], "acoustid_fingerprint": ["AQADtIslKck0IXm-Itei5HiWi6gegfoxPfiRa0ePhj8qsXiWod4Z5B9OXIoUhGnCx0jWXeiNKXFigrmIJovj4UN_7EHuIyGeCx5lDZ8TB_6FPsL_4Bd6H-aBX4I3_IX_YMLBHT9x5wqSnRrSZit4hWj24MfOiZjE8YRFrUpwHTz8H9OD2sghOiSeLOivBFeqyHiyQ0ejpwjV8PjxG8eN8Hg7_MQX9PiL--iLlGNRL6KEPsbHo9GOBx_CH65T6ElcNBdeHfmS44nxGjmnozF11IuE4NmP8miUxLGD78N-oomLHgcj3_ATlMnxTEoeRD_C9NjDG6l6aJQOblxO9HoR7S2cHV1WNDnCHz_0rQizx8c3DnZRK1FiPL0RQ0efWhARiTr4o_YHv8Uz9PhlYlMSfI9w8mhG7ZgYusaZpkh2Ds2lFdmkaDlx5cLFYzoNP0To_MJ_6Eec5njwJyLOHs-EWLqgnQnCJCFxbdiD2hSYLMuCU5jy5EJ4CcmP33jppHgyU_BH3A--PSGu9_iO5hV6F3_wGVemIzzGK4d28IiuLyiXHE3QMcdz9KlwSY7xJTtaw0K7HU8U5Eb3Q2u4I9_xC3_QuEE38XiOH_-PXkOYTjvkLMKcHDc3oX8ELaeO_LhxbcfU9GgU3Ef4CXqM9EGtCz-qfbCiF08bRLIpJC2eCMePrnvgMBNqFRMvpNwlJO_hf-jxFCfFoVSIhkuw9siR5PnQ3nhwXeh1_Co6R0gWDjFOkcJ14TTqbCGsos8Q-1D0I_Qu_OLQw90i-EeFp8xwIUcyaw-2M8OnCD7axTt-aCX8hLj5EP7wqDmsKUNvZjjOFMmPPJQwJzpKUM6GbzFmHvmhazVw5tBzhNGoHtfRo5GPywwuiceuZGlQ6qAOx1mO73iLaO-gIxc8akeZzPjRC_4RfkfSH__xGKcWY0qmaAazbYZyHMcXR8Glx2ga9Nnw9kevLgjzFMnxJLswim3Q8EXJDPxDPDkR_1CUB-GaRzgv_DgZNF_RH0dyIfeJ9xi141l0ML-CWNeQpIcjHi1vXF9w5WiOh4RjosqtJMi5pDKSPBs-5eB11E6xh8CJI2yUZUJyHT9KJnDFHD1ZHLl_JMd1XFEeTEmNNkrkgfMRHkmUW2j3dGgUKQ-eB2fQJ8dfIon-IGdxZdnwLaiP5sWe7LiJ_yLKODlSlSb84D20ZntQpPuDHtfo4Tpx6ceuo_GPGmiO6kh8GbGzBE1N7JngaTt6HX2D_4HfD0-YFSPxUgevYHuQEzehMzrO5Ekgr0fDNXhy4kQ_TUNzfIdWMseH73hxqA2e5qhFDveFHk3F4ExU3GhyxeiT48eDBhV_HPqFRj3RD7n04TmaLNTQJ8tx2Tiv49JwE81zdEdF0cbWJMuJo3mC4zkPJlWkKujz4MuPW0duSHlehKkYzFGP88ObuuhDOB9-ITlSJz4uPjB99FVxLlRxJTmuIz_6yTCPH9HFnGiczMJP5OCO8EejHHPyKcFTDz2aZZmFmUu2oxfB5JKwLw-uI98NfTnCONlhHfmh5TlyhhIeBm-U4IoTGZ-OpBQlIT8aHdXGB0cbG1M2I4d2ZLqWFV8QyYcqnnhIEfEFP7i0bMePkA-Dxhp-EX9Qrin840pEEcqQ5RIeBbtw2UHDo5KURcVJfBqSST5SKi1KfegJv8LxVMcH5zrChRKeI7kufEKzF32C_sR94ziP-HApYV4mPOHUI_7E4YHlGVfGFM8eXPiS4cTeItkZhHpGoXsqnJgSJexQKpFk3DXCKx60qESMJz5KZTe2I0-UIvnheIOHMp_wCH2OpqJQR0iW-Ef-4LrR8_g-4tEJHz7yMUWyjIkA_EL5y3hm4ZGGMIeeG9EfHGxLGH_xiRH6wnFQS0eyx0e-DD-Yiw_Ovth5XDwSl8jF4JFl1MrhC32PKy--4BfyIDmeBUd5Y4oijR_4hDy-kIh-DroQZkefF2eKehneIc11lMxD6DOPyEpj8DamBM9yPKGOmjjuXGiqJUb4ZEj6Hy-6SIkS4hlxGemhrbQQ_MdeDiGn6EikLOokFGtu48wTNNxRKsfF4EFzIfwHfckYI9-CK-ExKg-Y00dTBT9-TKeEMHEWyEdO_Hhz9ERDLsF__EbiIz9GKQFjSZngbPkR_UioH8a3-LiSCz96Dk-OP4_xvBLyHgrFLEf2hJie47RxwyPRo0iYhjnC3fhxZRWajuiD_NBv5D1xZUcTzc0wWUT2HMmO8Sl6LniOO8eXiMYtHclotcjHjCgPjNycg3dx65hEoXmOnNDjI89R5kEz6TjqHU2z4Y_xH9eR9AieY3LCo6laIpuzE_JNROLHDf4lXDme40EzJio-5Xjwk8H8RMiTLNqRKBbgisfEJbiJo3koJFOzI-fx82gjDc0UHccR_0ZyvPgWHVNKpUGdZMh-JBEuEd9hpQ9uuDGe4c-DXOOQRMvx5DgbHE1FVE2WE3uC49nxSEVznchRSU8gb0eO_-j7COaJd8d_HD-28-jxg_wRi4koIYkoFf5xqdiuH32I6xPOPRkutkf3YspxKniL-jriw5UEPQyDR2NwwVVItDt-nKSGzoTzQWMLNNyFHj-aE7XxPfgWGU0o5nhU5AqFdGsmwT--4zyaz8EbPEfPTMJ_QestIX5wH9XRnMS340qFH7_Q5Tkc-oWbGtOZo4cPnodDEQCEAUQqIAhQxDoAgCKUAIEUEcYgwxAAhghCgANGGogAoNQLBogAAEoAgAKCAKUqAUAJRICBCDpEGBPGJGAEU4BAARYwRhhBCDMAECEEQcIRJoAQQAloADIAAAc8AdQYAQxgUBnBDGAGGIKAEAwBIRRAAgCBDEJQgCCQYopxTowRCgBJhCLIAECEgsoASgQQAjEmABEMKEYAUMYAwYQixAkGAAZGAGEAIAQYChAQAiACnSEUAEYIkEAIYIDRFChwiEFEGUAAcQIIJoxRSAEDoCiAWMEEAoASIDiDgiHkKGLEECSkUoIBARRCQgPAOWNECEIEUEQCB0xzhxAhADCEICWAQ8IoJAgykAhhQQIAGW2EEIQQggDRiAEBiACSAMIAGEBAYQBiAgGlEDDIMAGEMEYAqgAxGAgEBGBEAUKMI4YIRQQSgTgBnAECIKAAUBIgQgBQAgjhgEIEMTMEEUpQARCCIgCxiDFCMAIQIgKIgIA0HDACAEAAGCLIMIAYAQCTCBEBBBAYUCEZJ1IIJN1QygDEgQUIEEUQMMZIBSygECjIjAFsEaAcIwgDZDQREBoEgGCQMCaQEQopBAlgShBMgCBIMKYcAUAERAijSBDCACFCWAWhAQsYIQFQggiGALAECiCYQcYIZhwSQCihHBKAAECANcpQIRARjEhPMBECAAA4FwwIIZAggCGkGCCAAKGIVUBQAQQRyiKmDECAMCaEosgJahki0hEhnBIMGeAUM8AQgpRgABggACEKCMoUYQQSQxhCDAikiFRSMIGcEIIIIJABEiCCDLDWCEEkYMgyAgQRQCCLDDVQAOMMUEAIYAgxApBGDBAAEMCBE8gJIZQSzDHgMQVKAOcQCgACIAhRCCDGkFBAJACAA4AAQgwAhIgAADGGEQUIQcQyIoyRwBGAnACAICcEEQAYQYRRAAHMpDBCIDQIAg"], "musicip_puid": ["50435df4-74e3-95cb-c0aa-33c3d8061938"], "file_name": "Bee Gees - And the Children Laught.mp3", "acoustid_id": ["2124b2ba-929b-4522-8f44-55fbfdedb20c"], "musicbrainz album type": ["Compilation"], "musicbrainz_albumid": ["4f455857-e67d-490e-afcd-62b2602d0792"]}}, "lowlevel": {"mfcc": {"mean": [-639.022033691, 129.059814453, 4.67885732651, 19.9793510437, 18.9026222229, -0.822413921356, 10.9057674408, 1.64941620827, -3.40213537216, -0.965963661671, -7.28893041611, -8.04930496216, -3.75830125809], "cov": [[4396.8828125, -845.22845459, 85.8941802979, -506.510742188, -180.943740845, -279.862335205, 4.58229732513, 69.8470916748, -1.44432544708, 92.0550613403, 10.5056037903, -14.4544687271, -39.0991744995], [-845.22845459, 1518.10400391, -518.191223145, 261.589416504, -195.059875488, 87.2897186279, 126.459587097, 59.7902145386, -68.7708282471, 28.1269950867, -10.1194524765, -3.69355130196, 13.9679031372], [85.8941802979, -518.191223145, 1098.34313965, -301.893157959, 147.609268188, -2.94199991226, -8.18650150299, -42.7992401123, 22.0173225403, -62.7415008545, 61.6903762817, 1.24541032314, 80.4114608765], [-506.510742188, 261.589416504, -301.893157959, 637.397094727, 132.11239624, -11.0673036575, -146.930053711, -19.2607192993, 18.1411399841, 1.99753010273, -47.8230667114, 63.0279693604, 16.8086223602], [-180.943740845, -195.059875488, 147.609268188, 132.11239624, 377.619567871, -55.8331985474, -99.5497131348, -53.4457550049, 38.7668266296, -11.9192342758, -1.89805662632, 28.0497760773, 17.952287674], [-279.862335205, 87.2897186279, -2.94199991226, -11.0673036575, -55.8331985474, 265.192016602, 89.0400924683, 2.67008090019, -17.8684577942, -43.2820968628, 10.3033123016, -16.0032329559, -11.7514209747], [4.58229732513, 126.459587097, -8.18650150299, -146.930053711, -99.5497131348, 89.0400924683, 243.432861328, 75.1724090576, -35.1304283142, -21.8247585297, 6.03737831116, -29.1044712067, -18.9886779785], [69.8470916748, 59.7902145386, -42.7992401123, -19.2607192993, -53.4457550049, 2.67008090019, 75.1724090576, 119.378623962, 12.4410181046, -3.64148235321, -13.9844236374, 0.624876141548, -14.124417305], [-1.44432544708, -68.7708282471, 22.0173225403, 18.1411399841, 38.7668266296, -17.8684577942, -35.1304283142, 12.4410181046, 97.9717025757, 19.7551422119, 1.56596434116, -6.58805656433, -6.90544509888], [92.0550613403, 28.1269950867, -62.7415008545, 1.99753010273, -11.9192342758, -43.2820968628, -21.8247585297, -3.64148235321, 19.7551422119, 113.138267517, 23.3170146942, -6.15594244003, -23.3432006836], [10.5056037903, -10.1194524765, 61.6903762817, -47.8230667114, -1.89805662632, 10.3033123016, 6.03737831116, -13.9844236374, 1.56596434116, 23.3170146942, 82.6289291382, 12.3818473816, 0.232058346272], [-14.4544687271, -3.69355130196, 1.24541032314, 63.0279693604, 28.0497760773, -16.0032329559, -29.1044712067, 0.624876141548, -6.58805656433, -6.15594244003, 12.3818473816, 80.8883056641, 21.4109535217], [-39.0991744995, 13.9679031372, 80.4114608765, 16.8086223602, 17.952287674, -11.7514209747, -18.9886779785, -14.124417305, -6.90544509888, -23.3432006836, 0.232058346272, 21.4109535217, 84.625]], "icov": [[0.0003142899659, 0.000188776335563, 7.55583605496e-05, 0.000186311852303, 0.000161536125233, 0.000277569808532, 2.5927049137e-05, -0.00019203897682, 0.000135187117849, -0.000183351919986, 2.88972150884e-05, -6.89137887093e-05, -3.88968583138e-05], [0.000188776335563, 0.00110090302769, 0.000361295853509, -0.000404125574278, 0.00043333863141, 6.73952599755e-05, -0.000556343235075, -0.000250126293395, 0.000500610563904, -0.000423374265665, -0.000328591297148, 0.000318802456604, -0.000762374780606], [7.55583605496e-05, 0.000361295853509, 0.00153194786981, 0.00072225817712, -0.000548081297893, -7.70892147557e-05, 9.53952549025e-05, -0.000104788778117, -0.000155066358275, 0.000541296321899, -0.000893965829164, 0.000196144945221, -0.00142488931306], [0.000186311852303, -0.000404125574278, 0.00072225817712, 0.00308549567126, -0.00101982487831, -0.000519622000866, 0.00176542869303, -0.000577291066293, -0.000136036935146, -8.12482467154e-05, 0.00125927408226, -0.00163369660731, -0.000326019508066], [0.000161536125233, 0.00043333863141, -0.000548081297893, -0.00101982487831, 0.00395294977352, 0.000816556392238, -0.000117419032904, 0.00133657071274, -0.0011129102204, 0.000454126420664, 5.31822479388e-05, -0.000574231613427, 0.000377606513212], [0.000277569808532, 6.73952599755e-05, -7.70892147557e-05, -0.000519622000866, 0.000816556392238, 0.00530106946826, -0.00207864772528, 0.00133045820985, -0.000390385073842, 0.00202748342417, -0.00117793981917, 0.000499991350807, 0.00101626955438], [2.5927049137e-05, -0.000556343235075, 9.53952549025e-05, 0.00176542869303, -0.000117419032904, -0.00207864772528, 0.00840189866722, -0.00501171546057, 0.00259007397108, 0.000682781159412, -0.000803101051133, 0.00155882071704, 0.0004550437734], [-0.00019203897682, -0.000250126293395, -0.000104788778117, -0.000577291066293, 0.00133657071274, 0.00133045820985, -0.00501171546057, 0.0131585672498, -0.00404570158571, 0.000665261410177, 0.00250122067519, -0.00281050219201, 0.00169729336631], [0.000135187117849, 0.000500610563904, -0.000155066358275, -0.000136036935146, -0.0011129102204, -0.000390385073842, 0.00259007397108, -0.00404570158571, 0.0130543289706, -0.00218648440205, -0.000762332056183, 0.00241565075703, 9.50247776927e-05], [-0.000183351919986, -0.000423374265665, 0.000541296321899, -8.12482467154e-05, 0.000454126420664, 0.00202748342417, 0.000682781159412, 0.000665261410177, -0.00218648440205, 0.0122860427946, -0.00426330929622, 0.00113661412615, 0.00287112523802], [2.88972150884e-05, -0.000328591297148, -0.000893965829164, 0.00125927408226, 5.31822479388e-05, -0.00117793981917, -0.000803101051133, 0.00250122067519, -0.000762332056183, -0.00426330929622, 0.0159788616002, -0.00452639907598, 0.000592522788793], [-6.89137887093e-05, 0.000318802456604, 0.000196144945221, -0.00163369660731, -0.000574231613427, 0.000499991350807, 0.00155882071704, -0.00281050219201, 0.00241565075703, 0.00113661412615, -0.00452639907598, 0.0164196249098, -0.00350567838177], [-3.88968583138e-05, -0.000762374780606, -0.00142488931306, -0.000326019508066, 0.000377606513212, 0.00101626955438, 0.0004550437734, 0.00169729336631, 9.50247776927e-05, 0.00287112523802, 0.000592522788793, -0.00350567838177, 0.0154748931527]]}, "barkbands_spread": {"mean": 26.9096374512, "min": 1.37432658672, "max": 119.956954956, "dmean2": 10.9388866425, "dvar": 118.566444397, "dmean": 7.31695652008, "median": 17.8940982819, "dvar2": 219.893997192, "var": 540.128417969}, "spectral_strongpeak": {"mean": 1.38380157948, "min": 0, "max": 38.9373703003, "dmean2": 1.83908689022, "dvar": 7.36375999451, "dmean": 1.04307174683, "median": 0.525620937347, "dvar2": 20.2728500366, "var": 6.49027633667}, "melbands_crest": {"mean": 13.1942567825, "min": 1.00106716156, "max": 31.7907867432, "dmean2": 5.08887767792, "dvar": 7.35686159134, "dmean": 3.1220946312, "median": 12.6074676514, "dvar2": 19.6853370667, "var": 19.1589813232}, "spectral_energyband_middle_high": {"mean": 0.00727589428425, "min": 1.39528597524e-21, "max": 0.0561254508793, "dmean2": 0.00292858760804, "dvar": 7.65496042732e-06, "dmean": 0.00192686158698, "median": 0.00366125907749, "dvar2": 1.69055092556e-05, "var": 6.20576684014e-05}, "spectral_rms": {"mean": 0.00538211176172, "min": 3.20294745587e-12, "max": 0.0121526289731, "dmean2": 0.00120823085308, "dvar": 7.08186519205e-07, "dmean": 0.000779065827373, "median": 0.00547406636178, "dvar2": 1.72242653207e-06, "var": 2.63590482064e-06}, "spectral_flux": {"mean": 0.0937028825283, "min": 6.6300534507e-11, "max": 0.29577717185, "dmean2": 0.0398223735392, "dvar": 0.000743833079468, "dmean": 0.0260146725923, "median": 0.0870216935873, "dvar2": 0.00140057550743, "var": 0.00204571103677}, "erbbands_flatness_db": {"mean": 0.155464187264, "min": 0.0469738058746, "max": 0.353053122759, "dmean2": 0.0268446058035, "dvar": 0.000347007211531, "dmean": 0.0187676046044, "median": 0.154550537467, "dvar2": 0.000622004270554, "var": 0.00230049761012}, "barkbands_flatness_db": {"mean": 0.138352766633, "min": 0.0207868404686, "max": 0.307131618261, "dmean2": 0.0319849886, "dvar": 0.000447278755018, "dmean": 0.0209721922874, "median": 0.137353807688, "dvar2": 0.000977149233222, "var": 0.00197678501718}, "spectral_entropy": {"mean": 7.4208445549, "min": 5.9267411232, "max": 9.80603313446, "dmean2": 0.276701778173, "dvar": 0.0409227199852, "dmean": 0.191850796342, "median": 7.31902360916, "dvar2": 0.0798161402345, "var": 0.221659645438}, "spectral_energyband_high": {"mean": 0.0021389212925, "min": 7.43525672319e-21, "max": 0.0448232255876, "dmean2": 0.00184171157889, "dvar": 1.1513674508e-05, "dmean": 0.00127170805354, "median": 0.000261731591308, "dvar2": 2.31964568229e-05, "var": 2.47455336648e-05}, "barkbands_kurtosis": {"mean": 4.71726369858, "min": -1.94372904301, "max": 140.32585144, "dmean2": 4.99893426895, "dvar": 29.8556632996, "dmean": 3.11533236504, "median": 1.36318194866, "dvar2": 75.7543334961, "var": 67.5835113525}, "spectral_complexity": {"mean": 17.4684753418, "min": 0, "max": 48, "dmean2": 4.67574882507, "dvar": 11.2987718582, "dmean": 3.02160644531, "median": 17, "dvar2": 22.9798355103, "var": 55.0770568848}, "spectral_contrast_coeffs": {"mean": [-0.603390753269, -0.720222175121, -0.756475150585, -0.752684175968, -0.766973376274, -0.790313899517], "min": [-0.98162817955, -0.986116528511, -0.997835159302, -0.987520515919, -0.989148020744, -0.96428412199], "max": [-0.346433907747, -0.443322598934, -0.495819360018, -0.526135444641, -0.575046598911, -0.61695599556], "dmean2": [0.0860231816769, 0.0746413692832, 0.0609237737954, 0.0486419126391, 0.0353053025901, 0.0257604680955], "dvar": [0.00187437795103, 0.00146827357821, 0.000976789975539, 0.000614114105701, 0.000389507884393, 0.000201098635443], "dmean": [0.0523426495492, 0.046289678663, 0.0380570702255, 0.0304999034852, 0.0229559838772, 0.0163339283317], "median": [-0.602933287621, -0.725988328457, -0.77454584837, -0.763960003853, -0.777120709419, -0.79354172945], "dvar2": [0.00511755561456, 0.00360547075979, 0.00236815027893, 0.00149500090629, 0.000824082642794, 0.000453774177004], "var": [0.00549931591377, 0.00510083790869, 0.00624353811145, 0.00388883450069, 0.00298781809397, 0.00107380421832]}, "spectral_centroid": {"mean": 1210.03308105, "min": 197.77494812, "max": 11210.7714844, "dmean2": 374.029998779, "dvar": 114751.148438, "dmean": 253.715240479, "median": 1007.64306641, "dvar2": 226488.125, "var": 556544.9375}, "spectral_energyband_low": {"mean": 0.00929528474808, "min": 3.83421646243e-23, "max": 0.100944951177, "dmean2": 0.00884463079274, "dvar": 9.46561631281e-05, "dmean": 0.00535073969513, "median": 0.0065009589307, "dvar2": 0.000255931983702, "var": 0.000101513964182}, "dissonance": {"mean": 0.460660874844, "min": 0.129041805863, "max": 0.500000119209, "dmean2": 0.0334897972643, "dvar": 0.000442519987701, "dmean": 0.0201176460832, "median": 0.468927621841, "dvar2": 0.00115620682482, "var": 0.000964105711319}, "zerocrossingrate": {"mean": 0.0775008425117, "min": 0.00048828125, "max": 0.52001953125, "dmean2": 0.0180750079453, "dvar": 0.000648316752631, "dmean": 0.0171019993722, "median": 0.0498046875, "dvar2": 0.000624679902103, "var": 0.00493625644594}, "erbbands": {"mean": [0.119801603258, 0.649847865105, 2.91072940826, 11.9300289154, 20.9525985718, 15.4363880157, 16.0578594208, 12.4847621918, 16.4138965607, 14.9803800583, 27.3745613098, 33.5619735718, 45.3772392273, 54.4799461365, 39.8840103149, 36.2302398682, 34.2573471069, 32.6839828491, 34.2063140869, 33.8603401184, 32.8530006409, 25.6037254333, 29.3592414856, 18.2972679138, 16.3939170837, 10.3905248642, 5.39066696167, 3.63468384743, 3.32061576843, 3.31750750542, 7.1020617485, 8.08225345612, 8.40347385406, 17.8739089966, 2.05747675896, 0.900667786598, 0.265933901072, 0.0445593968034, 0.00184350076597, 0.000105681763671], "min": [2.28832897604e-22, 2.6148974484e-21, 1.14182703131e-20, 1.47373922977e-20, 7.20870390875e-20, 1.33282694447e-19, 2.71341788245e-19, 1.99647963679e-19, 2.64547378392e-19, 2.46500132734e-19, 1.17044319597e-18, 6.57322072295e-19, 1.02081997504e-18, 1.57365331614e-18, 1.73716758789e-18, 2.27342815862e-18, 4.03250217747e-18, 5.16783941466e-18, 6.08181567529e-18, 4.35470846481e-18, 2.9090469762e-18, 8.2861345481e-18, 1.24901294645e-17, 1.31907133931e-17, 1.42302213427e-17, 1.82626457652e-17, 1.29306660064e-17, 1.30818812399e-17, 1.74817723777e-17, 1.31503792392e-17, 1.4624415918e-17, 9.94525867917e-18, 1.51636351069e-17, 9.99164944947e-18, 7.35417000427e-18, 5.50223255395e-18, 2.69120978906e-18, 1.32535820147e-18, 3.15927469497e-19, 3.52973380078e-20], "max": [1.42786931992, 9.25970745087, 54.1859092712, 158.552612305, 306.908538818, 164.155715942, 340.855529785, 352.175598145, 705.101501465, 586.344055176, 839.364501953, 1099.01184082, 865.659301758, 1411.3795166, 1823.86108398, 1388.0255127, 784.75994873, 1860.66748047, 2346.21142578, 1023.80682373, 930.398498535, 779.377319336, 583.695678711, 329.002746582, 360.306793213, 438.431793213, 238.191818237, 157.601898193, 182.276367188, 272.455078125, 379.421508789, 297.574493408, 282.684265137, 550.928833008, 72.2155761719, 54.7692184448, 13.0148153305, 1.3315974474, 0.0495173484087, 0.00242484593764], "dmean2": [0.0912601202726, 0.838766336441, 4.77577781677, 11.6927375793, 19.3459587097, 13.7018585205, 12.9767627716, 10.9081048965, 14.8562488556, 14.9138183594, 26.0328845978, 29.7218456268, 36.1128692627, 42.3252830505, 32.12707901, 30.0347366333, 25.4933605194, 26.1080341339, 28.0113677979, 25.4562244415, 21.3393516541, 14.2643346786, 17.6445350647, 11.527176857, 10.6795110703, 6.96855306625, 3.67471528053, 3.31533312798, 3.27358388901, 3.2670481205, 8.42869377136, 10.0158214569, 8.38290309906, 18.2550792694, 2.14821696281, 1.38363528252, 0.368820697069, 0.0453135371208, 0.00188800680917, 7.37444133847e-05], "dvar": [0.00906129926443, 1.0216190815, 38.0342521667, 125.727600098, 239.009017944, 141.613723755, 197.307876587, 181.885604858, 588.264343262, 609.784423828, 1637.40039063, 2922.5534668, 2403.74951172, 3962.92529297, 2482.64648438, 2425.09570313, 1512.09680176, 2766.81860352, 2878.34643555, 1666.51367188, 1228.61999512, 534.491333008, 704.676635742, 238.001220703, 202.974365234, 136.683074951, 47.942237854, 44.1640205383, 41.5346298218, 76.1206130981, 290.237060547, 380.464935303, 281.749023438, 1421.65917969, 16.4454059601, 8.49124526978, 0.515162467957, 0.00643809884787, 8.69904488354e-06, 1.41977087864e-08], "dmean": [0.0608250163496, 0.497636854649, 2.64803171158, 7.05190467834, 11.872086525, 8.53021144867, 8.38743114471, 6.93416881561, 9.64232063293, 9.68894672394, 17.109992981, 19.5395107269, 22.8821659088, 27.0170269012, 20.2411956787, 18.7028675079, 15.964849472, 16.8376655579, 17.7953262329, 16.7076778412, 13.8537778854, 9.45489597321, 11.6821899414, 7.57598400116, 7.05938625336, 4.56479930878, 2.47444581985, 2.261957407, 2.17704916, 2.23502898216, 5.43022298813, 6.20642757416, 5.67601776123, 12.3092365265, 1.42166697979, 0.816992640495, 0.223432481289, 0.0290188211948, 0.00125327170826, 5.06989381392e-05], "median": [0.0733503177762, 0.394814610481, 1.47624015808, 6.9368185997, 15.7422351837, 11.4204463959, 8.88991451263, 7.31292295456, 5.67143297195, 3.9369571209, 6.85524272919, 9.3036737442, 7.92774772644, 9.88017749786, 8.30453491211, 8.88415241241, 5.98580265045, 10.2458095551, 8.14555644989, 8.6327085495, 6.32316207886, 5.88580036163, 6.58670568466, 6.40363311768, 7.49405431747, 4.55376291275, 1.87802422047, 1.01106846333, 0.754401087761, 0.541479885578, 0.627180218697, 0.586141347885, 0.393510967493, 0.291188567877, 0.100999414921, 0.0347419716418, 0.0128674367443, 0.00260329549201, 0.000145742189488, 4.82341529278e-05], "dvar2": [0.0198300834745, 2.70074558258, 108.351066589, 343.42376709, 655.563293457, 366.494750977, 456.924560547, 414.727294922, 1208.72766113, 1318.1060791, 3494.0625, 5999.82861328, 5877.00195313, 9711.42089844, 6060.19580078, 6058.68310547, 3835.43823242, 6300.65185547, 6487.97412109, 3704.06030273, 2814.24487305, 1194.43786621, 1548.03222656, 550.685302734, 450.13760376, 349.730194092, 109.786865234, 93.319229126, 83.7391891479, 146.191009521, 705.114929199, 976.205200195, 579.37713623, 2973.5715332, 37.173412323, 23.8535861969, 1.41593563557, 0.0159642733634, 1.94548374566e-05, 2.92534370061e-08], "var": [0.0184741262347, 0.865510582924, 25.604724884, 215.901657104, 375.857299805, 204.152526855, 553.130004883, 373.338348389, 1377.64453125, 1305.92163086, 3683.06982422, 7200.49707031, 7319.25634766, 12330.7666016, 7633.109375, 5891.46630859, 5087.50341797, 6198.59326172, 8378.43847656, 5070.45800781, 5707.61230469, 2949.70605469, 3242.38525391, 912.593688965, 647.605895996, 461.632202148, 145.332397461, 87.5450515747, 90.6698608398, 182.194824219, 419.341033936, 492.91116333, 518.93560791, 2578.65258789, 29.5495147705, 8.21153354645, 0.567812383175, 0.0111000072211, 1.76431385626e-05, 3.16409227707e-08]}, "pitch_salience": {"mean": 0.576797902584, "min": 0.183132559061, "max": 0.996066331863, "dmean2": 0.106837727129, "dvar": 0.00319629372098, "dmean": 0.0658292174339, "median": 0.578082442284, "dvar2": 0.00843729544431, "var": 0.00774016790092}, "silence_rate_60dB": {"mean": 0.0208993777633, "min": 0, "max": 1, "dmean2": 0.00187903700862, "dvar": 0.000938495562878, "dmean": 0.000939408200793, "median": 0, "dvar2": 0.00211043399759, "var": 0.0204625856131}, "melbands": {"mean": [0.000954684743192, 0.0012790717883, 0.00232364214025, 0.00139026669785, 0.000526096264366, 0.000300558458548, 0.000249551201705, 0.000163594944752, 0.000234655191889, 0.000212813654798, 0.000219997804379, 0.000213591425563, 0.000155243498739, 9.14723132155e-05, 7.92291757534e-05, 7.13110421202e-05, 5.7225497585e-05, 4.79014634038e-05, 5.56185077585e-05, 4.38231763837e-05, 3.8395748561e-05, 2.46204490395e-05, 3.15881770803e-05, 2.23732749873e-05, 1.39211406349e-05, 1.20968325064e-05, 1.00348070191e-05, 6.13951533524e-06, 3.47483432961e-06, 2.43280373979e-06, 1.96017140297e-06, 1.91336835087e-06, 1.68477993157e-06, 1.83408656085e-06, 2.42354576585e-06, 8.96556957741e-06, 2.99073894894e-06, 1.37703239034e-06, 2.15225263673e-05, 1.11578983706e-05], "min": [3.03958776125e-24, 9.21292822951e-24, 4.77949168242e-24, 6.34073537184e-24, 1.00025519632e-23, 4.60426003739e-24, 3.90876437017e-24, 3.76026288249e-24, 8.92027897748e-24, 3.86705019437e-24, 4.96905969111e-24, 6.41115935143e-24, 6.14889859919e-24, 4.7327039477e-24, 6.12840359844e-24, 9.97781959613e-24, 9.09523491562e-24, 9.09303951572e-24, 6.79419076396e-24, 3.78325226142e-24, 3.28350907517e-24, 6.86545566928e-24, 6.63683194603e-24, 9.39236568646e-24, 8.78960653511e-24, 9.04185900905e-24, 1.10068847027e-23, 1.04519305222e-23, 8.08186735221e-24, 6.9873433566e-24, 7.29416922797e-24, 9.23235550702e-24, 7.36290977839e-24, 7.37390334396e-24, 9.34470507715e-24, 5.46196798925e-24, 6.1689644596e-24, 1.08839643964e-23, 8.22890629178e-24, 8.71600817923e-24], "max": [0.01125528384, 0.0228125620633, 0.0271883103997, 0.0166752450168, 0.00918581150472, 0.00701911840588, 0.00903289485723, 0.00579638266936, 0.00617101602256, 0.00690357713029, 0.0043331249617, 0.00576598569751, 0.0071177566424, 0.00345642305911, 0.00243771448731, 0.00259184953757, 0.00325527088717, 0.0030912142247, 0.00263065402396, 0.00160152302124, 0.0014828464482, 0.00119509338401, 0.000816424086224, 0.000605898152571, 0.000285338523099, 0.000198997193365, 0.000383979437174, 0.000353694427758, 0.000215847045183, 0.000161705975188, 0.00010758839926, 0.00011931383051, 0.000119139294839, 0.000219501438551, 0.000276363018202, 0.000351001363015, 0.000128352636239, 7.50603867345e-05, 0.000859481107909, 0.000314427452395], "dmean2": [0.000816463725641, 0.00196262774989, 0.0021357559599, 0.00124985724688, 0.000413495727116, 0.000255875929724, 0.000224065006478, 0.00016836807481, 0.00022548760171, 0.000193333311472, 0.00018093061226, 0.000170940809767, 0.000134877220262, 8.10221390566e-05, 6.21986837359e-05, 5.68617069803e-05, 5.0853304856e-05, 4.26013357355e-05, 4.82077884953e-05, 3.68309301848e-05, 2.71230528597e-05, 1.61828975251e-05, 2.15471536649e-05, 1.48240060298e-05, 9.91614888335e-06, 8.10343317426e-06, 7.28696340957e-06, 4.51231335319e-06, 2.5568183446e-06, 2.04114940061e-06, 2.04884054256e-06, 1.9779467948e-06, 1.76997514245e-06, 1.92777565644e-06, 2.97605311061e-06, 1.15782631838e-05, 3.85436487704e-06, 1.58302395903e-06, 2.32290385611e-05, 1.11915514935e-05], "dvar": [7.30575493435e-07, 6.40335247226e-06, 3.48148614648e-06, 1.04736352569e-06, 1.67673277929e-07, 9.47711527033e-08, 1.26093027575e-07, 7.28047737653e-08, 1.17074456796e-07, 1.0971176323e-07, 6.19372144683e-08, 6.42405382223e-08, 4.26403730103e-08, 1.5815242449e-08, 9.75275593618e-09, 8.1826314613e-09, 1.07272963845e-08, 6.27038376777e-09, 8.72197958302e-09, 3.70043440334e-09, 2.60945354214e-09, 8.67745819644e-10, 1.08428821477e-09, 5.73967984252e-10, 1.72959327416e-10, 1.01515171269e-10, 1.20590828989e-10, 6.38451652657e-11, 2