{"tonal": {"thpcp": [1, 0.844927251339, 0.602581083775, 0.592042922974, 0.565556585789, 0.617087900639, 0.695311069489, 0.597136318684, 0.531373500824, 0.628897607327, 0.633770704269, 0.613700032234, 0.63941681385, 0.537604928017, 0.489259570837, 0.598812043667, 0.657599449158, 0.671610593796, 0.711738348007, 0.688731491566, 0.717594444752, 0.767840862274, 0.669175982475, 0.619082093239, 0.657874822617, 0.63287115097, 0.602815687656, 0.660055160522, 0.703323423862, 0.764727294445, 0.801625192165, 0.63525390625, 0.529477477074, 0.56178355217, 0.549263358116, 0.725592076778], "hpcp": {"dmean2": [0.265278041363, 0.242514923215, 0.231006473303, 0.242755368352, 0.276130735874, 0.285119950771, 0.263614475727, 0.266517192125, 0.284859240055, 0.3081163764, 0.278352349997, 0.254909485579, 0.260549426079, 0.274991512299, 0.278702110052, 0.267162591219, 0.275344699621, 0.293657690287, 0.279445469379, 0.247288316488, 0.240841314197, 0.233817085624, 0.232177868485, 0.297335535288, 0.344290137291, 0.323986649513, 0.288798183203, 0.252435266972, 0.232323795557, 0.245139554143, 0.254016488791, 0.251593947411, 0.236841380596, 0.241675421596, 0.241337925196, 0.261621147394], "median": [0.0311892125756, 0.0261938534677, 0.0229306872934, 0.0251839756966, 0.0332321673632, 0.0403138324618, 0.039012901485, 0.0398339740932, 0.0511168837547, 0.0553173832595, 0.0520337671041, 0.0355361327529, 0.0347741059959, 0.0302314125001, 0.0320125930011, 0.0328238867223, 0.0362417399883, 0.0433671437204, 0.0445841141045, 0.0329803451896, 0.0233598370105, 0.0162147562951, 0.0198810268193, 0.0444887131453, 0.0567482225597, 0.0524143278599, 0.0277416389436, 0.0221884995699, 0.0228914879262, 0.0233516469598, 0.0223676022142, 0.0241195131093, 0.0251221433282, 0.0219950769097, 0.0244083963335, 0.033858306706], "min": [3.51757898898e-06, 2.41989164351e-06, 1.85176190826e-06, 1.9572732981e-06, 2.78806555798e-06, 4.49905792266e-06, 2.03154900191e-06, 1.58089869728e-06, 4.01965007768e-06, 8.47171577334e-07, 2.25510552809e-06, 1.61280945576e-06, 6.46458261144e-07, 1.65893538906e-06, 1.50512232722e-06, 1.05447531951e-06, 6.75652108839e-06, 1.12029590582e-06, 1.87896591797e-06, 9.67295477494e-07, 9.31584224872e-07, 5.31758075795e-07, 5.18917261161e-07, 2.08610458685e-06, 8.45533406846e-07, 2.17004412661e-06, 4.61388663098e-06, 6.01770466346e-07, 1.17604645311e-06, 3.34966330229e-06, 8.02235661013e-07, 2.89276204057e-06, 2.03635227081e-06, 1.44350497067e-06, 4.73904083265e-06, 2.81770758193e-06], "dvar2": [0.134077042341, 0.124612107873, 0.11666623503, 0.126025959849, 0.147035181522, 0.149287566543, 0.13699233532, 0.134823352098, 0.140541777015, 0.161790043116, 0.146531671286, 0.126428067684, 0.137362658978, 0.155465558171, 0.160513579845, 0.144100978971, 0.153954610229, 0.161363422871, 0.144847631454, 0.122905604541, 0.129278540611, 0.129102930427, 0.108603879809, 0.141893133521, 0.171600162983, 0.154542893171, 0.158301740885, 0.135828047991, 0.124906420708, 0.135958179832, 0.150618880987, 0.136318072677, 0.127936080098, 0.13513609767, 0.126915961504, 0.136932075024], "dvar": [0.0503893457353, 0.044625878334, 0.0420892946422, 0.0479211583734, 0.0541413426399, 0.052826218307, 0.0499731972814, 0.050145983696, 0.0513739213347, 0.0597694329917, 0.0525611452758, 0.0463179461658, 0.0506463125348, 0.0563313886523, 0.0577484183013, 0.0533101297915, 0.0551931485534, 0.0571820512414, 0.0547112934291, 0.045227970928, 0.0462003946304, 0.0472838170826, 0.0402677580714, 0.0524131767452, 0.0681901425123, 0.0581208392978, 0.0582854449749, 0.0528227351606, 0.0459093376994, 0.0489328205585, 0.0573305077851, 0.0500741563737, 0.0462167263031, 0.0517270416021, 0.0483075603843, 0.0489945448935], "dmean": [0.145615518093, 0.133950307965, 0.127771571279, 0.136319741607, 0.153129681945, 0.156676620245, 0.146793842316, 0.150199592113, 0.158468827605, 0.17108643055, 0.15338537097, 0.141935780644, 0.145689874887, 0.150454208255, 0.152002617717, 0.146905571222, 0.152316644788, 0.1635864079, 0.15919560194, 0.139140874147, 0.132799237967, 0.129454568028, 0.1303512007, 0.16645334661, 0.195040568709, 0.182636246085, 0.159150242805, 0.140464067459, 0.130415663123, 0.135026142001, 0.138796821237, 0.138802960515, 0.131112158298, 0.135195866227, 0.135054409504, 0.145567804575], "max": [1, 1, 1, 1, 1, 1, 1, 1, 1, 1, 1, 1, 1, 1, 1, 1, 1, 1, 1, 1, 1, 1, 1, 1, 1, 1, 1, 1, 1, 1, 1, 1, 1, 1, 1, 1], "var": [0.0577044375241, 0.041296467185, 0.0370196439326, 0.0548000372946, 0.05803142488, 0.0542936511338, 0.0636235922575, 0.057386547327, 0.0573367811739, 0.0640328601003, 0.049673654139, 0.0486650951207, 0.0549528189003, 0.0588479563594, 0.0506889037788, 0.0607344768941, 0.0637013316154, 0.0701116621494, 0.0764804854989, 0.0525779128075, 0.0451368242502, 0.053188290447, 0.046667650342, 0.059268437326, 0.10160240531, 0.07307292521, 0.0533876530826, 0.0584474802017, 0.0525236018002, 0.0587957054377, 0.0757833197713, 0.0541515760124, 0.0435851961374, 0.0640197843313, 0.0623340606689, 0.0489273630083], "mean": [0.144817322493, 0.121758617461, 0.110809192061, 0.135621011257, 0.148935392499, 0.152108684182, 0.161196961999, 0.155986279249, 0.162523269653, 0.173903241754, 0.151557281613, 0.140211850405, 0.148997753859, 0.143334835768, 0.136527776718, 0.149491563439, 0.159291118383, 0.173198074102, 0.181554839015, 0.143874496222, 0.119917884469, 0.127234682441, 0.124399065971, 0.164334595203, 0.22648344934, 0.191362038255, 0.136474639177, 0.134087920189, 0.128089204431, 0.139760196209, 0.157476454973, 0.135241493583, 0.120347306132, 0.142434895039, 0.143538579345, 0.138992905617]}, "tuning_equal_tempered_deviation": 0.155171871185, "chords_changes_rate": 0.100923635066, "key_key": "A#", "tuning_diatonic_strength": 0.422386348248, "key_scale": "major", "chords_number_rate": 0.00450551928952, "tuning_frequency": 434.193115234, "tuning_nontempered_energy_ratio": 0.872175574303, "chords_histogram": [1.6445145607, 0.315386354923, 8.01982402802, 0.878576278687, 3.33408427238, 3.24397397041, 11.691822052, 20.0495605469, 1.03626942635, 1.41923856735, 0.337913930416, 2.34286999702, 1.05879700184, 2.02748370171, 1.03626942635, 0.0450551919639, 1.50934898853, 2.36539769173, 1.57693171501, 8.8984003067, 11.669295311, 8.31268310547, 1.10385227203, 6.0824508667], "key_strength": 0.40082642436, "chords_key": "B", "chords_strength": {"dmean2": 0.0151899419725, "median": 0.450062215328, "min": 0.179901242256, "dvar2": 0.000156650246936, "dvar": 9.65307990555e-05, "dmean": 0.0124328220263, "max": 0.784822762012, "var": 0.0103031601757, "mean": 0.457237631083}, "chords_scale": "minor", "hpcp_entropy": {"dmean2": 1.14897990227, "median": 3.19359779358, "min": 0.0499573014677, "dvar2": 0.848799049854, "dvar": 0.314886957407, "dmean": 0.678579390049, "max": 4.76601171494, "var": 0.645126104355, "mean": 3.08221411705}}, "metadata": {"audio_properties": {"equal_loudness": 0, "codec": "mp3", "downmix": "mix", "sample_rate": 44100, "analysis_sample_rate": 44100, "bit_rate": 320041, "md5_encoded": "e34d7cf1d557769de0860dac3336ace8", "length": 206.080001831, "replay_gain": -10.4301376343, "lossless": false}, "version": {"essentia_build_sha": "2d9f1f26377add8aeb1075a9c2973f962c4f09fd", "essentia": "2.1-beta2", "extractor": "music 1.0", "essentia_git_sha": "v2.1_beta2-1-ge3940c0"}, "tags": {"title": ["Problem Child"], "barcode": ["5021603044128"], "media": ["CD"], "albumartist": ["PC & Strictly Kev"], "tracktotal": ["23"], "language": ["mul"], "musicbrainz_recordingid": ["0e1e9302-ae2c-4b74-accd-9ac573370881", "0e1e9302-ae2c-4b74-accd-9ac573370881"], "composer": ["Tom Jenkinson"], "musicbrainz_albumartistid": ["b157779c-65f9-4d10-878e-cdf35db35944", "1eaa27b3-90b0-4de9-8c55-0034c9fe6fbc", "a2ee3fa9-b22d-4303-b49c-bc8b14c420ae"], "discnumber": ["01/01"], "album": ["Blechsd\u00f6ttir: The Nexus Phase"], "catalognumber": ["WARPCD44"], "contentgroup": ["Abstract,Ambient,Breakbeat"], "originalalbum": ["Port Rhombus EP"], "musicbrainz album type": ["Album", "Compilation"], "releasecountry": ["GB"], "musicbrainz album status": ["Official"], "file_name": "01-20 - Problem Child.mp3", "originaldate": ["1996-05-27"], "acoustid_fingerprint": ["AQADtA2Vcgq85KiD_HgI9Uen4pKCL0TaCu0SPUH4C64YqGHy4zzR8HgvYw_444eiHx9aNR3-4Ib15IgfHc9uYeJ6HA_2YM7xzkkQ_oLqHGM-RMp5lH7w9HiOzP4wXcefGM1HPDkufMfxVCilLLCno-XxB_0hVgzy_PDRLsOs5OAv7MePRj_yTEohZ8zxHMadGSdzzAkPPdEH_zj8BaU2PMmF_gnRxD_WQ31eNFN-TNZxPcj6ox-2HuFx6Ti-HBdldFN2iJdRTsM3PfjRVBmH9_jR8ERk7eBz7PhR_UQzfsilxbjuQzsa3biq4I_RTBkUWTryow-eByG1OYOeC3eOiPnR7MX0XHh-5JDqB_2xPRzqzXiOS8eF69BY4VsKb0OfPXjwQMvJ4w58TM-OKwGP8SL-wzu-hUdcPSrOXEIYoRKxJ5uEH1_0Bf0NH_6CMtyHK9fA-Akc54cU5fgHnodGJTu268Khczl8FXXwDD-HH2pU1KZxw9Vx50Gf4jrqVHiOvvgvPD1y_CiPZ0e6JzHqQc8-PMaDR6jowt5xdfgD7TvaSCXyxPiInsWdC0_xzMh76Mezo31SNB2e4zE-PIcm4s3gHn_QUllxHXVGPCNOhEccX4iZ4_iRc0fZKEfzqXhwBfqT4njiQ7Nb2NRw6fiDlinqxMUl4vHQ42mgSscT_NAvlMzRnHhyfPizQT06vXBo3BEubYbG7kE-odbxaCrOo8cdxOnxQ7_weOilxECz5LgiQ__w44VKsSjn4KGH5pGDJ4ce_eirIq1ymCMqEU9zPBeOXIkDnQuedkK-E-EjHk0PVccV_YjF46XQ3Og_PDxy-9B-Go9QMrgpPM1xHbl2HccVPPlQ6zhhqtmFKh9OI8-gnUfuVYGP57iGH_1w5KOgncfGh8EvUN1EQfcO1-hfhBIDEy5lXEmYCtfgU2D04Wkk7WiKSJyQ68enTsglvETIf5gSJWqQM9mP-hrEwxUjZQgdENMPH7dyw0coiYeeaMh5NI-O3ngsnOyEnFqhmQoT4oc_od3xlMUfKHLCo6myTMIRSsyPH_WDJzlKShnCZGbB8nhsYzKP9Av6qbiOfzgq6ZiiRIkq5PqhL0KY76gTqWB8-MeuC_6RHtrWHI80H7GkH_3R_MV1HGHCeXjSQoua6NCL1kaYX7iwS9JRR8vR_KiUiYJ_pC_qJMdVEVr2gNGPp4Fyz2he9FKHn7h-HD9RKUpKQZkifeiro_mK-qTQNFmQ5Qemf0SqHuJ4VEt05BIOf8cr3IipoxH1DGJv9Ci7EM3CCHfxD0-yQFFqPD1uH-GDi8STjENbRUeYHZz34PGGydmI5rjwmLhv_Jj8oUkSJYqIS3qg_qjoC7aJ7JIGH_sD_0h_QrOPR1KMXPrxDs6P57hQzxPcRAqaB3dddLmESInCGzr4MIefFc8XlE0m4VXAnbDKLKgoXsiD_oTXHSfCE08MXXGQc6Dy4HlpPAp-1MqDB5nOQ5ONX-SQi3lRMVJWNHEwdEZ-aM6DWBnxEjWaMM3x6MIthM-hRdpxPDp06uj64ZEiarhjNL9wSz-Uv8OTOUZFqWgegu-hbUeY7MRVPMJ8XMkx5UWJPDl0H33EgjpjnAmRPjrKjMYeonpe9MP14MmN5EfIoznODueDbgnxLEX4GxobC82yEMd_yHNqNNvRTqikMZzwYbvg8oOdzIjpBMx63MkmlDyaZdF17Ph7JB1RPscUzQ7xHXSOM9Ihqscf4R2hWUyHKTtaHj8020EeJj3-o_lROx1O6cerC32PMKp-6GOD6SuuoMwt6DzyC_-Oi2HhInaWETpZlHqM8FIoPM5R8mjy4z-YhAuJ8Cn0Izzs4kpxckecdCnERTF65MwyCU3cowb3qHLwCNMa_AiP83gSxtCZI72OH2c1XKHQF-fxB2HiRIeOyK8INr3w7EJzHqCCcK6OMxPqXRDHoTfil7iSLCmuKcfdwTkuBx0cKh_CMMlK_OihJQ--JKSw-4WjI97OAd1RUT-eiEQuWkOPZHmPHw-H2yWaMEdXyQj_Q-MTZniYFvmRH0-WzBDCrD-6_vhxUjn2aCrKJwiT44dEp6gOLT3e481xE02dD-V_0MGXHNrVoLmOa8epPGj09dih68jJUegbfBSeZhuqx4N_hIfaHGF01A_6iXCu7PiLJt-OPBfk5ULo-_CHJ-iPUXLw5PgSovlQ-eDxTDWa7SiJPCeUH7XjY0ru4slwOQVz7RKaH_JpVG0ELRU7RM5y9PCN5s9xpngkhsgPf8cr5MUl5USdqPBnwRe8HOHyhELy48eT5biJZujEY3yO-0WeJLKGU0o8GNIzDXcU7uiiC1OiSCF-PNfwo5RjNPwRPYi_5OhFiONh5XiOH28IHf-wHyJ3PEZ6Hk9mXArhUMGT482KnIfIp9DI6PgRid1WXFPAUFtJVC-asY7xU8j1Q4tTZci1_HBmeMXjRTtyJEqe6TguIc9RNCsPbvsOfQgTM_GEPiPyHFWToyn2zDiqH-I5QkuV49GJCx_EHJ-WHq8WEV8-XArKC2kcmgg7Yj0Rsx9ahRmayMI_NEpp5FIJh5DCLkX5hUjJB5WQh4e2SEeY53gD9ugn5KUJn4Ie-OiZ49pRi2guQtVxVagunDhjI_pxHlaF6iMuHU_yoKll9Aih6HlxkXFwVR5-Fk2l4xHEr4jOCSfHwB_M5IhWWSh79EeY77hbVKwU-CwAp4QHABAgDBAAACIEMJIJ5aAAggFBDAARCQIQQEIJwxADAhAhkCHAQQEQU4AqApQBVglJABKAEUAEIcIgKAghQggDEAIIIiKIAwRxI4AxwCjGEEDAAKsFIMQQIISAwAABISGAECAYIYQgIgwSBikBmGACCUASEAAKRoAUAEkACAHGOCIQIUIQgoAwjgEHhIACIMMAcEoZQRBiQAEggEDQUAYAIYwDhSQhwjgBBECGMMQEQJBxAJRkCiHGqCAIGmGAQEgYAAhRVBCngDGSAIiEAYgBqBQRBCAiFBBKMSOFIkgAKIxhRgACADCIIAeIMUAZIBCAignDgDBAGAAMMUQAJJlQGgCGhBBCQEM4lEAIwJABxhCGDCAOCGIoAQAAhYjCAhAhhAVEUQAcAYRBQhgBRABkEDCCIAONGQYBSAw0BhFBOCBCEKEEgMIihAQRgwBBEFMAAQuAAAIJZoBKSCCBAAGECEQEE45RZgBigiKhAFIIKSkAEgsRyBAhUhAgDANKEECEMAIACkwAThFBABLGKCOYcAIRZ4FwhhEknABGGIUIY8AKZ0AVBBiCBAECCKAMEcoYRREFAhomAADCGGCRUYgAICRQTAAtCHBmGAgQAKAgIBRBmiiIkJLCSQMAQAAQAAARRggiIABAAgSIYgwYYYwQxgEoOGTCIgY8kAQRAhBADDsEgBIEImAYEAAA4YwgAkhJqLNECAENNkIJBYBFDBkGACAKAaKAUMAAIARgDFFACEEMCCCIU0YoBwwAnhgBjCDEUMgUEcYYIhhCQEBhCEIOKAyQUgQJIwgAwDBpgSAACMWEsgwZYaRACDhlADICAUMYEAoZRihBhgBgAJPECGGAcERRwBSTQCgCBIIGGSAUEIIAIAIyiRkjBBCSKWMKAIQY4qQgAAnmEIGCCKMUAAoAIgAgwyhgoGAMCOUEIUgBIggQBDAkEKGMGCOUQAA"], "date": ["1996-09-23", "1996-09-23"], "genre": ["Electronic"], "musicbrainz album release country": ["GB"], "musicip_puid": ["3784d894-4d2e-ae3f-d7f0-541783f88ebf"], "musicbrainz_artistid": ["4d86ad4e-28d8-4e9f-8cf4-735c57060fdc", "4d86ad4e-28d8-4e9f-8cf4-735c57060fdc"], "asin": ["B0000076NB"], "musicbrainz_albumid": ["da8ebcc3-3da5-4cc8-be41-9e82ba17bea6", "da8ebcc3-3da5-4cc8-be41-9e82ba17bea6"], "artist": ["Squarepusher"], "artistsort": ["Squarepusher"], "tracknumber": ["20/23"], "label": ["Warp Records"], "albumartistsort": ["PC"], "acoustid_id": ["917c2cae-82b2-4bdd-bf23-6b6caf244069"], "script": ["Latn", "Latin"], "musicbrainz_releasegroupid": ["700be45d-4f88-3366-a7dc-128acfc38cf2"]}}, "rhythm": {"bpm_histogram_first_peak_bpm": {"dmean2": 0, "median": 91, "min": 91, "dvar2": 0, "dvar": 0, "dmean": 0, "max": 91, "var": 0, "mean": 91}, "bpm": 91.1496124268, "bpm_histogram_second_peak_spread": {"dmean2": 0, "median": 0.557142853737, "min": 0.557142853737, "dvar2": 0, "dvar": 0, "dmean": 0, "max": 0.557142853737, "var": 0, "mean": 0.557142853737}, "bpm_histogram_first_peak_weight": {"dmean2": 0, "median": 0.630372524261, "min": 0.630372524261, "dvar2": 0, "dvar": 0, "dmean": 0, "max": 0.630372524261, "var": 0, "mean": 0.630372524261}, "onset_rate": 6.11352777481, "beats_position": [0.580498874187, 1.20743763447, 1.8575963974, 2.51936507225, 3.1811337471, 3.84290242195, 4.5046710968, 5.16644001007, 5.8282084465, 6.47836732864, 7.12852573395, 7.79029464722, 8.45206356049, 9.10222244263, 9.76399040222, 10.4257593155, 11.0759181976, 11.7260770798, 12.387845993, 13.0496139526, 13.6997728348, 14.361541748, 15.0233106613, 15.6850786209, 16.3468475342, 16.99700737, 17.6471652985, 18.3089332581, 18.970703125, 19.6208610535, 20.2826309204, 20.94439888, 21.5945568085, 22.2563266754, 22.918094635, 23.5682544708, 24.2300224304, 24.89179039, 25.5419502258, 26.2037181854, 26.865486145, 27.5156459808, 28.1774139404, 28.8391838074, 29.4893417358, 30.1511096954, 30.8128795624, 31.4630374908, 32.1131973267, 32.7749671936, 33.4367332458, 34.0868911743, 34.7486610413, 35.4104309082, 36.0722007751, 36.7339668274, 37.3841247559, 38.034286499, 38.6960525513, 39.3462142944, 39.9847602844, 40.6116981506, 41.2270278931, 41.8423576355, 42.492515564, 43.1426734924, 43.7928352356, 44.4546012878, 45.1163711548, 45.7781410217, 46.439907074, 47.0900688171, 47.7518348694, 48.4136047363, 49.0637626648, 49.7139205933, 50.3756904602, 51.0374603271, 51.6876182556, 52.3377761841, 52.999546051, 53.661315918, 54.3230819702, 54.9848518372, 55.6466217041, 56.3083877563, 56.9585494995, 57.608707428, 58.2704734802, 58.9322433472, 59.5940132141, 60.2789993286, 60.9639892578, 61.648979187, 62.3339653015, 63.0189552307, 63.6923332214, 64.3424911499, 65.0042648315, 65.6660308838, 66.327796936, 66.9895706177, 67.6513366699, 68.3131027222, 68.9632644653, 69.6250305176, 70.2868041992, 70.936958313, 71.5871200562, 72.2488861084, 72.91065979, 73.5724258423, 74.2341918945, 74.8843536377, 75.5461196899, 76.2078933716, 76.8580474854, 77.5082092285, 78.1699752808, 78.831741333, 79.5051269531, 80.1552810669, 80.8054428101, 81.4672088623, 82.1289749146, 82.7791366577, 83.44090271, 84.1026763916, 84.7644424438, 85.4262084961, 86.0763702393, 86.7265319824, 87.3999099731, 88.0500640869, 88.7002258301, 89.3619918823, 90.023765564, 90.6739196777, 91.3356933594, 91.9974594116, 92.6476211548, 93.309387207, 93.9711532593, 94.6213150024, 95.2830810547, 95.9448471069, 96.6066207886, 97.2683868408, 97.918548584, 98.5687026978, 99.2304763794, 99.8922424316, 100.542404175, 101.204170227, 101.865936279, 102.516098022, 103.177864075, 103.839637756, 104.501403809, 105.163169861, 105.813331604, 106.475097656, 107.136871338, 107.787025452, 108.437187195, 109.098953247, 109.760726929, 110.422492981, 111.084259033, 111.734420776, 112.396186829, 113.05796051, 113.708114624, 114.369888306, 115.031654358, 115.69342041, 116.355194092, 117.005348206, 117.655509949, 118.317276001, 118.979042053, 119.640815735, 120.302581787, 120.95274353, 121.602897644, 122.264671326, 122.926437378, 123.576599121, 124.238365173, 124.900131226, 125.561904907, 126.223670959, 126.873832703, 127.523986816, 128.185760498, 128.847518921, 129.497680664, 130.147842407, 130.809616089, 131.471374512, 132.121536255, 132.783309937, 133.445083618, 134.095230103, 134.745391846, 135.407165527, 136.068939209, 136.730697632, 137.392471313, 138.042633057, 138.692779541, 139.354553223, 140.016326904, 140.666488647, 141.316635132, 141.966796875, 142.616958618, 143.290344238, 143.952102661, 144.613876343, 145.275650024, 145.937408447, 146.58757019, 147.249343872, 147.911102295, 148.561264038, 149.22303772, 149.884811401, 150.534957886, 151.196731567, 151.858505249, 152.508651733, 153.158813477, 153.820587158, 154.48236084, 154.981582642, 155.480819702, 155.968429565, 156.456054688, 156.943664551, 157.431289673, 157.930511475, 158.418136597, 158.917373657, 159.416595459, 159.915817261, 160.415054321, 160.914276123, 161.401901245, 161.889526367, 162.388748169, 162.887985229, 163.375595093, 163.863220215, 164.362442017, 164.861679077, 165.34928894, 165.836914063, 166.336135864, 166.835372925, 167.322982788, 167.822219849, 168.309844971, 168.797454834, 169.296691895, 169.784301758, 170.283538818, 170.771148682, 171.270385742, 171.757995605, 172.245620728, 172.744842529, 173.24407959, 173.75491333, 174.288970947, 174.799819946, 175.299041748, 175.728607178, 176.158187866, 176.576141357, 176.982498169, 177.40045166, 177.818405151, 178.236373901, 178.665939331, 179.095504761, 179.513473511, 179.94303894, 180.37260437, 180.8021698, 181.243347168, 181.696136475, 182.16053772, 182.590103149, 183.008071899, 183.426025391, 183.832382202, 184.238723755, 184.645080566, 185.063034058, 185.480987549, 185.88734436, 186.293685913, 186.711654663, 187.129608154, 187.535964966, 187.942306519, 188.360275269, 188.77822876, 189.184570313, 189.590927124, 190.008880615, 190.415237427, 190.821578979, 191.239547729, 191.657501221, 192.063858032, 192.470199585, 192.876556396, 193.282897949, 193.70085144, 194.107208252, 194.513549805, 194.931518555, 195.349472046, 195.767440796, 196.185394287, 196.59173584, 196.998092651, 197.404434204, 197.810791016, 198.228744507, 198.646713257, 199.05305481, 199.459411621, 199.865753174, 200.283721924, 200.690063477, 201.108016968, 201.525985718, 201.932327271, 202.338684082, 202.756637573, 203.162994385, 203.580947876, 203.987304688, 204.405258179, 204.82321167, 205.229568481, 205.647521973], "beats_loudness": {"dmean2": 0.0291710831225, "median": 0.0298762135208, "min": 0.00134924473241, "dvar2": 0.000610551971477, "dvar": 0.000228088247241, "dmean": 0.0168592892587, "max": 0.115376792848, "var": 0.000408822204918, "mean": 0.0329220853746}, "danceability": 1.21721851826, "bpm_histogram_second_peak_weight": {"dmean2": 0, "median": 0.0888252183795, "min": 0.0888252183795, "dvar2": 0, "dvar": 0, "dmean": 0, "max": 0.0888252183795, "var": 0, "mean": 0.0888252183795}, "beats_count": 350, "bpm_histogram_second_peak_bpm": {"dmean2": 0, "median": 144, "min": 144, "dvar2": 0, "dvar": 0, "dmean": 0, "max": 144, "var": 0, "mean": 144}, "bpm_histogram_first_peak_spread": {"dmean2": 0, "median": 0.0434782132506, "min": 0.0434782132506, "dvar2": 0, "dvar": 0, "dmean": 0, "max": 0.0434782132506, "var": 0, "mean": 0.0434782132506}, "beats_loudness_band_ratio": {"dmean2": [0.433859080076, 0.172002777457, 0.0471808947623, 0.0440795719624, 0.0939559191465, 0.245937347412], "median": [0.711550891399, 0.128508716822, 0.0120786223561, 0.00688719470054, 0.0235698744655, 0.095057927072], "min": [0.0175615400076, 0.000370190973626, 0.000106937688543, 6.13981501374e-06, 5.86686610404e-06, 2.14402971324e-05], "dvar2": [0.134008467197, 0.0261032227427, 0.00574356829748, 0.00333213526756, 0.0156416706741, 0.0760712996125], "dvar": [0.0431799888611, 0.00893171597272, 0.00202273786999, 0.00113060639706, 0.00501983892173, 0.0242989175022], "dmean": [0.239616677165, 0.0971316471696, 0.0255565997213, 0.0241415407509, 0.0511571578681, 0.139303863049], "max": [0.992282927036, 0.650510668755, 0.363863408566, 0.2386713624, 0.440687209368, 0.787760019302], "var": [0.0760061666369, 0.0144993728027, 0.00180118985008, 0.00124410109129, 0.00552390282974, 0.0316901654005], "mean": [0.628065645695, 0.154562786222, 0.0258624926209, 0.0211288630962, 0.0523115210235, 0.159952774644]}}, "lowlevel": {"barkbands_spread": {"dmean2": 22.636346817, "median": 29.5186271667, "min": 0.125495806336, "dvar2": 511.816955566, "dvar": 216.918823242, "dmean": 14.0009641647, "max": 112.556816101, "var": 524.571166992, "mean": 32.5407524109}, "melbands_spread": {"dmean2": 24.6862678528, "median": 15.8727207184, "min": 0.189448237419, "dvar2": 947.81048584, "dvar": 419.709991455, "dmean": 15.4730243683, "max": 259.904602051, "var": 1440.41381836, "mean": 31.7329902649}, "hfc": {"dmean2": 22.7319412231, "median": 15.756067276, "min": 5.95369398226e-09, "dvar2": 698.493347168, "dvar": 298.155395508, "dmean": 14.4361534119, "max": 200.87612915, "var": 822.747192383, "mean": 26.6503734589}, "barkbands_kurtosis": {"dmean2": 21.2030525208, "median": 3.1904759407, "min": -1.95059835911, "dvar2": 3607.41333008, "dvar": 1351.01806641, "dmean": 12.7065896988, "max": 1198.69042969, "var": 1207.93945313, "mean": 13.348482132}, "gfcc": {"mean": [-16.6635417938, 57.6482849121, -78.6317443848, 81.9194793701, -60.612247467, 18.0018882751, -41.1136283875, 1.58580243587, -29.0519542694, 0.438430070877, -20.6396713257, 1.25047802925, -11.8646707535], "icov": [[0.000311255280394, -0.000190862003365, 0.000449222949101, -0.000360747653758, 0.000360207748599, -0.000224590578, 0.000279991771095, -0.000192424020497, 0.000401242403314, -0.000471208273666, 0.000909917289391, -0.000647885375656, 0.000905082328245], [-0.000190862003365, 0.00317740696482, -0.00105245865416, 0.00230641616508, -0.00190997403115, 0.00192007154692, -0.00164701906033, 0.00312194647267, -0.00146703922655, 0.00213958253153, -0.00394746474922, 0.00520482566208, -0.00389088666998], [0.000449222949101, -0.00105245865416, 0.00156011083163, -0.00132254941855, 0.000784543226473, -0.00116293481551, 0.000900629151147, -5.16888212587e-06, 0.000513257400598, -0.000707071041688, 0.00225115916692, -0.00268633360974, 0.00298256264068], [-0.000360747653758, 0.00230641616508, -0.00132254941855, 0.00376334344037, -0.00195606285706, 0.00202072435059, -0.00148516113404, 0.00210782885551, -0.000725943653379, 0.00188606162556, -0.00312110898085, 0.00518244877458, -0.00408788863569], [0.000360207748599, -0.00190997403115, 0.000784543226473, -0.00195606285706, 0.00546895479783, -0.00163960340433, -0.00109232310206, -0.00133957341313, 0.00118051678874, -0.00060686073266, 0.00111064349767, -0.00314948288724, 0.00326596689411], [-0.000224590578, 0.00192007154692, -0.00116293481551, 0.00202072435059, -0.00163960340433, 0.00585139542818, -0.00218429137021, -0.00187126058154, 0.00109634920955, 0.00280989753082, -0.00399484019727, 0.00346496398561, -0.00212677381933], [0.000279991771095, -0.00164701906033, 0.000900629151147, -0.00148516113404, -0.00109232310206, -0.00218429137021, 0.0108910398558, -0.00344946235418, -0.00301753310487, -0.00172896217555, 0.00475453725085, -0.000440713047283, 0.000999584095553], [-0.000192424020497, 0.00312194647267, -5.16888212587e-06, 0.00210782885551, -0.00133957341313, -0.00187126058154, -0.00344946235418, 0.0163280963898, -0.00397893227637, -0.00242703338154, -0.00247400370426, 0.00550337741151, -0.00201470963657], [0.000401242403314, -0.00146703922655, 0.000513257400598, -0.000725943653379, 0.00118051678874, 0.00109634920955, -0.00301753310487, -0.00397893227637, 0.0180033296347, -0.00494662858546, -0.00191373447888, -0.000865611189511, 0.00126825273037], [-0.000471208273666, 0.00213958253153, -0.000707071041688, 0.00188606162556, -0.00060686073266, 0.00280989753082, -0.00172896217555, -0.00242703338154, -0.00494662858546, 0.0230336543173, -0.00641040224582, -0.00408500758931, 0.00177634670399], [0.000909917289391, -0.00394746474922, 0.00225115916692, -0.00312110898085, 0.00111064349767, -0.00399484019727, 0.00475453725085, -0.00247400370426, -0.00191373447888, -0.00641040224582, 0.0249424055219, -0.010355817154, 0.000458846159745], [-0.000647885375656, 0.00520482566208, -0.00268633360974, 0.00518244877458, -0.00314948288724, 0.00346496398561, -0.000440713047283, 0.00550337741151, -0.000865611189511, -0.00408500758931, -0.010355817154, 0.0260634608567, -0.010166676715], [0.000905082328245, -0.00389088666998, 0.00298256264068, -0.00408788863569, 0.00326596689411, -0.00212677381933, 0.000999584095553, -0.00201470963657, 0.00126825273037, 0.00177634670399, 0.000458846159745, -0.010166676715, 0.0263715796173]], "cov": [[7901.18896484, -1568.22070313, -2237.8918457, -59.8600730896, -527.810852051, -21.0982074738, -143.545089722, 249.187591553, -133.508499146, 183.831207275, -205.51399231, 58.9143257141, -150.257965088], [-1568.22070313, 1490.83239746, 475.059936523, -115.394866943, 261.711273193, -170.818878174, 82.3550643921, -210.753097534, 61.2366981506, -124.963172913, 85.4110488892, -109.788513184, 98.4161834717], [-2237.8918457, 475.059936523, 1885.88146973, 260.335449219, 119.708976746, 23.2617740631, -41.2064590454, -174.111206055, -29.3442211151, -79.8960647583, -11.7241945267, 5.10802316666, -41.7606163025], [-59.8600730896, -115.394866943, 260.335449219, 643.501342773, 88.5754776001, -62.63331604, 23.4458389282, -49.748840332, -19.1521224976, -51.2284240723, -22.7571563721, -61.1743392944, 15.8094244003], [-527.810852051, 261.711273193, 119.708976746, 88.5754776001, 324.676391602, 53.4865074158, 87.0637283325, -2.99142670631, 15.3049144745, -27.4116191864, 19.8557376862, -29.6685237885, 6.82197999954], [-21.0982074738, -170.818878174, 23.2617740631, -62.63331604, 53.4865074158, 330.879058838, 62.240650177, 96.5299835205, -8.79560184479, -4.59947538376, 4.77202415466, -13.958896637, -16.4743270874], [-143.545089722, 82.3550643921, -41.2064590454, 23.4458389282, 87.0637283325, 62.240650177, 162.580123901, 47.8133468628, 36.9754104614, -2.52579450607, -7.84534025192, -35.5606956482, 1.91871094704], [249.187591553, -210.753097534, -174.111206055, -49.748840332, -2.99142670631, 96.5299835205, 47.8133468628, 141.569564819, 24.2753353119, 35.3814086914, -2.20206642151, -2.40510249138, -14.9480924606], [-133.508499146, 61.2366981506, -29.3442211151, -19.1521224976, 15.3049144745, -8.79560184479, 36.9754104614, 24.2753353119, 82.4002990723, 21.9070529938, 20.039264679, 0.280295431614, 6.13624191284], [183.831207275, -124.963172913, -79.8960647583, -51.2284240723, -27.4116191864, -4.59947538376, -2.52579450607, 35.3814086914, 21.9070529938, 80.7397003174, 16.9373168945, 37.3950195313, -10.1989917755], [-205.51399231, 85.4110488892, -11.7241945267, -22.7571563721, 19.8557376862, 4.77202415466, -7.84534025192, -2.20206642151, 20.039264679, 16.9373168945, 76.56640625, 25.5407352448, 21.9178524017], [58.9143257141, -109.788513184, 5.10802316666, -61.1743392944, -29.6685237885, -13.958896637, -35.5606956482, -2.40510249138, 0.280295431614, 37.3950195313, 25.5407352448, 91.6862335205, 7.80182600021], [-150.257965088, 98.4161834717, -41.7606163025, 15.8094244003, 6.82197999954, -16.4743270874, 1.91871094704, -14.9480924606, 6.13624191284, -10.1989917755, 21.9178524017, 7.80182600021, 64.400680542]]}, "spectral_energyband_middle_low": {"dmean2": 0.0101805673912, "median": 0.00679130991921, "min": 9.29163430224e-14, "dvar2": 0.000170430139406, "dvar": 6.58614590066e-05, "dmean": 0.00611988361925, "max": 0.0923457741737, "var": 9.46280124481e-05, "mean": 0.0096992328763}, "melbands_crest": {"dmean2": 6.37272024155, "median": 15.4168319702, "min": 2.36606383324, "dvar2": 34.8124427795, "dvar": 12.9679088593, "dmean": 3.83888530731, "max": 37.6779670715, "var": 36.2926330566, "mean": 16.0522193909}, "spectral_kurtosis": {"dmean2": 4.33009147644, "median": 1.27947819233, "min": -0.782811284065, "dvar2": 189.043441772, "dvar": 86.3586654663, "dmean": 2.65587711334, "max": 168.947128296, "var": 128.680847168, "mean": 3.31272053719}, "spectral_rms": {"dmean2": 0.00198985333554, "median": 0.00472267298028, "min": 2.95376398896e-08, "dvar2": 3.93629943574e-06, "dvar": 1.64895823218e-06, "dmean": 0.0012766441796, "max": 0.0148601587862, "var": 3.98287102144e-06, "mean": 0.00480240024626}, "zerocrossingrate": {"dmean2": 0.0251380950212, "median": 0.06982421875, "min": 0.00341796875, "dvar2": 0.000547480594832, "dvar": 0.000370711262804, "dmean": 0.0203092209995, "max": 0.4873046875, "var": 0.00304673123173, "mean": 0.0821282789111}, "silence_rate_60dB": {"dmean2": 0.0733521133661, "median": 0, "min": 0, "dvar2": 0.0850940421224, "dvar": 0.0353767387569, "dmean": 0.0367282554507, "max": 1, "var": 0.0388072319329, "mean": 0.0404415912926}, "erbbands_kurtosis": {"dmean2": 6.0103521347, "median": -0.415948569775, "min": -1.93591332436, "dvar2": 223.453018188, "dvar": 86.607208252, "dmean": 3.51175951958, "max": 127.12940979, "var": 77.5102310181, "mean": 1.98766613007}, "erbbands": {"dmean2": [0.124576568604, 1.78778529167, 8.46940803528, 16.8226795197, 16.3378143311, 12.4921321869, 13.2482795715, 15.604262352, 6.7571349144, 6.00276851654, 3.82212805748, 3.62924480438, 9.64597702026, 4.01825857162, 4.81786823273, 12.0192642212, 8.27033615112, 7.36018562317, 8.46569538116, 16.5851325989, 13.6243333817, 23.3214607239, 19.9530220032, 21.6017780304, 22.6113681793, 28.6307048798, 29.4339046478, 35.9777679443, 32.5276565552, 25.4495258331, 17.029964447, 6.54444408417, 4.06105327606, 2.42180466652, 1.26722705364, 0.456112384796, 0.139817148447, 0.0160842742771, 0.000516771280672, 4.05042264902e-05], "median": [0.048976983875, 0.666764080524, 3.33028936386, 6.9441447258, 7.45409679413, 6.73169517517, 5.81182003021, 4.21293020248, 1.94990229607, 1.30649065971, 0.996331453323, 1.02753424644, 1.12698626518, 0.984980463982, 0.952982842922, 1.08770763874, 1.48695147038, 1.65375041962, 1.95281755924, 3.07909536362, 3.62278699875, 4.3986415863, 6.29064226151, 8.22427368164, 8.81361961365, 11.5727453232, 10.8334102631, 13.2215223312, 10.3222846985, 9.09639072418, 5.29459381104, 2.87805652618, 1.69710457325, 0.916828453541, 0.353839814663, 0.110519513488, 0.0193006284535, 0.00178076978773, 6.84075930621e-05, 3.61437851097e-05], "min": [8.9845887891e-13, 4.55132242658e-12, 1.29507663274e-11, 2.37699217948e-11, 3.11990017154e-11, 3.01484844034e-11, 2.91381710427e-11, 6.25965806966e-11, 1.80510828507e-10, 3.91945753631e-10, 5.87351001169e-10, 5.62035529228e-10, 2.66517335978e-10, 7.19388298931e-11, 3.58436780257e-10, 5.8732596564e-10, 2.15088308275e-10, 1.80857884224e-10, 2.98224361872e-10, 2.28537389013e-09, 4.79445239066e-09, 1.68700931003e-09, 1.77037795535e-09, 8.87678708317e-10, 4.26674195975e-10, 8.38965563688e-10, 1.91518245707e-09, 4.61442972721e-09, 1.60008928329e-09, 2.47605091985e-09, 1.0106583348e-09, 2.05688799326e-09, 1.79792247756e-09, 3.33612665271e-10, 4.43327929922e-10, 4.3302658681e-10, 3.91359375462e-11, 2.47072501347e-11, 2.15902244e-11, 1.70189166579e-12], "dvar2": [0.0455518849194, 8.84155273438, 208.406494141, 652.027709961, 641.132568359, 384.7628479, 515.847290039, 739.838623047, 141.85760498, 330.290435791, 48.3699417114, 133.767288208, 623.16217041, 46.6405448914, 95.063835144, 1250.05395508, 396.592376709, 233.18661499, 315.233184814, 1234.06958008, 505.864227295, 3545.68017578, 1063.64489746, 951.502319336, 1013.89984131, 1640.06811523, 2221.45336914, 3060.69262695, 2584.36694336, 1294.58996582, 677.038757324, 94.403427124, 41.543094635, 15.9101829529, 6.90470123291, 0.643943965435, 0.0593202449381, 0.000997843453661, 1.01383056972e-06, 2.11598005784e-09], "dvar": [0.0190505962819, 3.316614151, 78.3518753052, 249.695251465, 239.373199463, 138.094955444, 185.733978271, 259.882995605, 50.6238899231, 117.884963989, 21.4298534393, 55.1879653931, 252.648635864, 18.1133289337, 37.1083564758, 451.934539795, 150.961715698, 93.1310501099, 124.754112244, 467.920288086, 220.040435791, 1267.80786133, 403.875976563, 356.816741943, 378.308227539, 656.791809082, 915.164245605, 1291.83361816, 1016.89331055, 520.22833252, 266.049682617, 38.4263648987, 16.7982616425, 6.41982793808, 2.73418021202, 0.262173056602, 0.0241984259337, 0.000399834651034, 4.15197916936e-07, 9.09723907316e-10], "dmean": [0.0755758285522, 1.05884099007, 5.12454032898, 10.0417966843, 9.66045951843, 7.26733493805, 7.67540359497, 8.83787155151, 3.87631678581, 3.49721169472, 2.22230172157, 2.18523788452, 5.86510372162, 2.37290620804, 2.89164066315, 7.1946439743, 5.00853300095, 4.38758420944, 5.11907958984, 10.0395936966, 8.3574590683, 13.9261722565, 12.0463123322, 12.9190378189, 13.5232486725, 17.6969909668, 18.2959480286, 22.4534683228, 19.7119865417, 15.5916690826, 10.2066164017, 4.051176548, 2.49779701233, 1.48500978947, 0.769628882408, 0.27811807394, 0.0848106592894, 0.00976570881903, 0.000313708704198, 2.53964553849e-05], "max": [2.58908343315, 27.6470317841, 117.25982666, 251.237792969, 182.484298706, 193.465866089, 310.178649902, 246.264938354, 114.919517517, 356.680999756, 271.513092041, 525.15612793, 364.019775391, 66.772102356, 104.380203247, 357.753265381, 222.728103638, 126.439422607, 273.46295166, 280.457183838, 167.713882446, 446.311523438, 248.072296143, 167.451507568, 327.487091064, 546.276672363, 787.616027832, 803.694946289, 289.858551025, 292.435974121, 218.753219604, 109.782188416, 53.5631141663, 34.3772239685, 22.3292198181, 6.96862125397, 1.55382514, 0.360041707754, 0.0122933173552, 0.000335663789883], "var": [0.0248483289033, 4.47391223907, 121.661483765, 320.157165527, 271.214019775, 169.321777344, 289.362060547, 263.556121826, 69.4788360596, 131.969070435, 53.1231002808, 79.0571899414, 541.628051758, 31.827627182, 50.7797050476, 682.241760254, 222.530181885, 144.815231323, 166.95425415, 738.936950684, 475.816223145, 1933.10778809, 783.542907715, 553.361694336, 566.956848145, 2219.04614258, 3326.14477539, 3421.96362305, 1497.07519531, 1026.32629395, 475.837615967, 61.997379303, 22.8263511658, 7.29958105087, 2.49022626877, 0.255621522665, 0.0230487827212, 0.000375045608962, 4.02214936912e-07, 1.4658826375e-09], "mean": [0.10028386116, 1.42926037312, 7.47574138641, 13.2508544922, 12.6349897385, 10.264831543, 10.608877182, 10.0252275467, 4.78846502304, 4.38626527786, 2.87017989159, 3.17307639122, 8.1542673111, 3.16378355026, 3.59410095215, 8.86329269409, 6.56521844864, 5.91020202637, 6.50490951538, 13.109336853, 12.4955816269, 17.9744052887, 17.9211406708, 17.6243152618, 18.7102546692, 30.042388916, 31.9827575684, 33.9362831116, 25.6358680725, 21.7592277527, 13.6926651001, 5.74463939667, 3.46805787086, 1.89043319225, 0.840861737728, 0.29067915678, 0.0800414830446, 0.00938818603754, 0.000313885626383, 4.63778233097e-05]}, "spectral_strongpeak": {"dmean2": 0.730448067188, "median": 0.34737226367, "min": 0, "dvar2": 3.8450114727, "dvar": 1.34780812263, "dmean": 0.411664932966, "max": 23.2394561768, "var": 0.994382441044, "mean": 0.540054321289}, "spectral_energy": {"dmean2": 0.022403029725, "median": 0.0228612329811, "min": 8.94283995814e-13, "dvar2": 0.000730871513952, "dvar": 0.000287290662527, "dmean": 0.0138846663758, "max": 0.226344913244, "var": 0.000479875336168, "mean": 0.0277219340205}, "average_loudness": 0.863185584545, "spectral_rolloff": {"dmean2": 2084.35302734, "median": 409.130859375, "min": 21.533203125, "dvar2": 7035173, "dvar": 2995755.75, "dmean": 1187.79138184, "max": 12381.5917969, "var": 6040266.5, "mean": 2199.79223633}, "spectral_centroid": {"dmean2": 908.123779297, "median": 1663.59484863, "min": 102.012741089, "dvar2": 757741.125, "dvar": 336387.125, "dmean": 576.090270996, "max": 5196.37402344, "var": 1216624.375, "mean": 1762.82177734}, "pitch_salience": {"dmean2": 0.153973907232, "median": 0.62166339159, "min": 0.0284050721675, "dvar2": 0.0214009340852, "dvar": 0.00830149464309, "dmean": 0.0923735424876, "max": 0.923143565655, "var": 0.0263735614717, "mean": 0.579880535603}, "spectral_energyband_middle_high": {"dmean2": 0.00223750877194, "median": 0.00102571840398, "min": 2.08723893746e-13, "dvar2": 1.21294560813e-05, "dvar": 5.17494254382e-06, "dmean": 0.00139717280399, "max": 0.0268533751369, "var": 1.15706916404e-05, "mean": 0.00230293837376}, "spectral_contrast_coeffs": {"dmean2": [0.0984314084053, 0.0961801931262, 0.0609399415553, 0.0464953929186, 0.0416869930923, 0.0491816885769], "median": [-0.629019379616, -0.747598767281, -0.843619406223, -0.838474929333, -0.814103424549, -0.736900031567], "min": [-0.979989528656, -0.972768068314, -0.964040338993, -0.937223553658, -0.957171499729, -0.909631967545], "dvar2": [0.00657556671649, 0.00600633071736, 0.00237312261015, 0.0013438219903, 0.00130998506211, 0.00216641882434], "dvar": [0.00252101593651, 0.00207778974436, 0.000847653078381, 0.000499997986481, 0.000484330521431, 0.00092173361918], "dmean": [0.0597733519971, 0.0568393543363, 0.036291975528, 0.0278937257826, 0.0253853742033, 0.0313362777233], "max": [-0.330467224121, -0.442010849714, -0.571045696735, -0.683635652065, -0.622776329517, -0.526127159595], "var": [0.00672302441671, 0.00542332418263, 0.00238841888495, 0.00138069165405, 0.00160961586516, 0.0034047155641], "mean": [-0.62640440464, -0.740662336349, -0.835695207119, -0.83523696661, -0.810800850391, -0.73711669445]}, "melbands_skewness": {"dmean2": 3.33300590515, "median": 4.87855195999, "min": -2.02570009232, "dvar2": 15.5247783661, "dvar": 6.07913064957, "dmean": 2.06519246101, "max": 33.3021736145, "var": 14.6393013, "mean": 5.38633394241}, "spectral_spread": {"dmean2": 1594918.625, "median": 5717478.5, "min": 520848.34375, "dvar2": 3556975050750.0, "dvar": 1512240971780.0, "dmean": 1021010.125, "max": 19247732, "var": 3477329412100.0, "mean": 5952906.5}, "dissonance": {"dmean2": 0.0217287745327, "median": 0.487361073494, "min": 0.173099532723, "dvar2": 0.000919551821426, "dvar": 0.000388726824895, "dmean": 0.0131278093904, "max": 0.500000178814, "var": 0.000862546439748, "mean": 0.478969156742}, "spectral_skewness": {"dmean2": 0.617778837681, "median": 0.8085064888, "min": -0.33565762639, "dvar2": 1.51181876659, "dvar": 0.667743206024, "dmean": 0.392045557499, "max": 11.6409511566, "var": 1.1839659214, "mean": 1.04813313484}, "spectral_flux": {"dmean2": 0.0528514273465, "median": 0.0900583714247, "min": 0.000137930721394, "dvar2": 0.00275502423756, "dvar": 0.00116718932986, "dmean": 0.0327158123255, "max": 0.380405068398, "var": 0.00230077351443, "mean": 0.0931154489517}, "spectral_contrast_valleys": {"dmean2": [0.787736952305, 0.991861224174, 0.948817551136, 0.913467466831, 0.9027094841, 0.913627266884], "median": [-6.80846118927, -7.31491374969, -8.00092029572, -7.98952388763, -7.1384677887, -9.30975818634], "min": [-17.6292743683, -18.2597579956, -18.3550510406, -19.4881877899, -18.0536613464, -19.7733764648], "dvar2": [0.463987886906, 0.844120085239, 0.936535656452, 1.07811951637, 1.21771264076, 1.1955293417], "dvar": [0.20545579493, 0.353851467371, 0.410086482763, 0.496625721455, 0.544255554676, 0.546190083027], "dmean": [0.490426808596, 0.609379649162, 0.597607791424, 0.591999828815, 0.606411397457, 0.627160072327], "max": [-5.11092758179, -4.99185371399, -5.6550359726, -5.86777019501, -5.4914059639, -7.47975111008], "var": [0.754690468311, 0.909836769104, 1.08703494072, 1.35675680637, 1.51488471031, 1.17968332767], "mean": [-7.00940418243, -7.46324491501, -8.15434932709, -8.15858364105, -7.40345144272, -9.52635097504]}, "erbbands_flatness_db": {"dmean2": 0.0408809296787, "median": 0.129806861281, "min": 0.054110147059, "dvar2": 0.0029129688628, "dvar": 0.00125642574858, "dmean": 0.0258623231202, "max": 0.430688410997, "var": 0.00237889401615, "mean": 0.141394108534}, "spectral_energyband_high": {"dmean2": 0.0027282605879, "median": 0.00133884628303, "min": 5.40336384577e-13, "dvar2": 1.09983666334e-05, "dvar": 4.67901554657e-06, "dmean": 0.00171853497159, "max": 0.0309629403055, "var": 1.58472448675e-05, "mean": 0.00289139314555}, "spectral_entropy": {"dmean2": 0.525210678577, "median": 7.94635343552, "min": 4.18224191666, "dvar2": 0.579833686352, "dvar": 0.254350066185, "dmean": 0.337291508913, "m