{"tonal": {"thpcp": [1, 0.962747871876, 0.491388648748, 0.346628725529, 0.37649461627, 0.520112216473, 0.88877415657, 0.850297808647, 0.46413230896, 0.388104349375, 0.448780447245, 0.582892417908, 0.843773961067, 0.750794291496, 0.496586948633, 0.536178290844, 0.436501294374, 0.310310214758, 0.464813530445, 0.48749601841, 0.5591583848, 0.904674172401, 0.764181792736, 0.372483044863, 0.308723330498, 0.306394129992, 0.45161908865, 0.728706002235, 0.628788173199, 0.332638561726, 0.254022717476, 0.257002472878, 0.352591991425, 0.561911225319, 0.588536381721, 0.619494855404], "hpcp": {"dmean2": [0.203732356429, 0.211430892348, 0.232296690345, 0.280982613564, 0.264571607113, 0.205322340131, 0.174002960324, 0.17992824316, 0.2186280936, 0.269684940577, 0.25174215436, 0.20300398767, 0.175924226642, 0.18031989038, 0.196901679039, 0.229289099574, 0.218481659889, 0.196415141225, 0.17141841352, 0.1614934057, 0.136771202087, 0.161702156067, 0.175235882401, 0.213422328234, 0.284658432007, 0.231352284551, 0.143436565995, 0.129759848118, 0.138365119696, 0.191370725632, 0.213485136628, 0.209774434566, 0.160492315888, 0.123266160488, 0.124303869903, 0.152549535036], "median": [0.0432556793094, 0.0512137115002, 0.0644383579493, 0.103459700942, 0.0866936147213, 0.040597718209, 0.0155002363026, 0.0150238266215, 0.0333433151245, 0.0695425719023, 0.0612406283617, 0.0337873697281, 0.0195378828794, 0.0201522931457, 0.0378778800368, 0.0574246421456, 0.0566057860851, 0.0421256422997, 0.0276942439377, 0.022923534736, 0.0255632586777, 0.030255638063, 0.0378416702151, 0.058111641556, 0.088636547327, 0.0739982873201, 0.0304467864335, 0.0153785487637, 0.0151262721047, 0.0261479914188, 0.0421833917499, 0.041127089411, 0.0229393802583, 0.0142185334116, 0.015543310903, 0.0250112786889], "min": [0, 0, 0, 0, 0, 0, 0, 0, 0, 0, 0, 0, 0, 0, 0, 0, 0, 0, 0, 0, 0, 0, 0, 0, 0, 0, 0, 0, 0, 0, 0, 0, 0, 0, 0, 0], "dvar2": [0.0993663370609, 0.0871013477445, 0.0955598503351, 0.123480208218, 0.112958721817, 0.0950703322887, 0.0922675281763, 0.102587133646, 0.110652253032, 0.127045482397, 0.11663543433, 0.0983063653111, 0.091617487371, 0.0963110029697, 0.095963947475, 0.10542434454, 0.0920655727386, 0.0923749282956, 0.0768129974604, 0.0742586776614, 0.0587689727545, 0.0748198106885, 0.0818795189261, 0.083746239543, 0.133421421051, 0.0921095684171, 0.0631735250354, 0.0635224357247, 0.0667847171426, 0.0977365896106, 0.0998151302338, 0.0951518565416, 0.074236266315, 0.059059727937, 0.0553940199316, 0.07342466712], "dvar": [0.0370284318924, 0.0342075265944, 0.0359035432339, 0.0481257177889, 0.0464235953987, 0.0351895727217, 0.0343391560018, 0.0387345999479, 0.0416222140193, 0.0519220307469, 0.0465225428343, 0.0371882729232, 0.0353698395193, 0.0372721664608, 0.0372337810695, 0.0436455979943, 0.0382520183921, 0.0343136787415, 0.0314673148096, 0.0295284222811, 0.0215249154717, 0.0284361802042, 0.031176565215, 0.0308728627861, 0.0516110733151, 0.0359030850232, 0.0224491730332, 0.0241002384573, 0.0242561940104, 0.0334990806878, 0.039984818548, 0.0374049842358, 0.0274772793055, 0.022230444476, 0.0209725834429, 0.0269546043128], "dmean": [0.119478099048, 0.123738631606, 0.133993908763, 0.164629235864, 0.157842218876, 0.116928957403, 0.0974072441459, 0.100902788341, 0.124878466129, 0.155899778008, 0.147200793028, 0.115856163204, 0.100456774235, 0.105033613741, 0.114707320929, 0.134885281324, 0.130347773433, 0.113144472241, 0.101841777563, 0.0951608344913, 0.0776090025902, 0.0948192626238, 0.102851584554, 0.122646696866, 0.164098531008, 0.135161548853, 0.082627825439, 0.0741029977798, 0.0786945596337, 0.108093127608, 0.124003656209, 0.121765553951, 0.0908130034804, 0.0697165802121, 0.0708308443427, 0.0875858515501], "max": [1, 1, 1, 1, 1, 1, 1, 1, 1, 1, 1, 1, 1, 1, 1, 1, 1, 1, 1, 1, 1, 1, 1, 1, 1, 1, 1, 1, 1, 1, 1, 1, 1, 1, 1, 1], "var": [0.0524392090738, 0.0509377196431, 0.0507600419223, 0.10143211484, 0.100660994649, 0.0403498783708, 0.0335391871631, 0.0433221571147, 0.0500672310591, 0.0990679338574, 0.0936735197902, 0.0405368506908, 0.0398908741772, 0.0506651625037, 0.0586218610406, 0.0964622274041, 0.0772920697927, 0.0433051772416, 0.0579141415656, 0.043496184051, 0.0206164550036, 0.0434018522501, 0.0437229424715, 0.0421117693186, 0.0924160629511, 0.0697303712368, 0.0286484006792, 0.032135643065, 0.0284049157053, 0.041270442307, 0.0855494588614, 0.0639439672232, 0.0264288168401, 0.0223353877664, 0.0201808921993, 0.0282835941762], "mean": [0.145127817988, 0.15200445056, 0.160000249743, 0.258275359869, 0.248654052615, 0.126913577318, 0.0895256623626, 0.0972392857075, 0.134332165122, 0.229548469186, 0.219610974193, 0.119873940945, 0.10023779422, 0.115908928216, 0.150546744466, 0.217926025391, 0.193911671638, 0.128256171942, 0.138481646776, 0.11273752898, 0.0801454856992, 0.120049878955, 0.125908210874, 0.144416838884, 0.233655050397, 0.197369322181, 0.0962031930685, 0.0797356292605, 0.079134054482, 0.116642080247, 0.188206806779, 0.162400498986, 0.0859123468399, 0.0656078085303, 0.0663774088025, 0.0910658240318]}, "tuning_equal_tempered_deviation": 0.15383349359, "chords_changes_rate": 0.0614956729114, "key_key": "A#", "tuning_diatonic_strength": 0.587831258774, "key_scale": "major", "chords_number_rate": 0.00370828178711, "tuning_frequency": 434.193115234, "tuning_nontempered_energy_ratio": 0.852735102177, "chords_histogram": [24.8145866394, 6.05686044693, 10.2286777496, 5.84054374695, 13.9678611755, 0.278121143579, 1.42150807381, 0.525339901447, 1.35970330238, 0.0309023484588, 4.82076644897, 0.0309023484588, 0, 0.0309023484588, 0, 0.0927070453763, 0, 8.529047966, 0.216316446662, 0.834363400936, 0.525339901447, 6.3349814415, 6.55129766464, 7.50927066803], "key_strength": 0.79841196537, "chords_key": "A#", "chords_strength": {"dmean2": 0.0118810040876, "median": 0.556923270226, "min": -1, "dvar2": 0.00127145252191, "dvar": 0.00068989751162, "dmean": 0.0124034378678, "max": 0.782958745956, "var": 0.034426163882, "mean": 0.540108263493}, "chords_scale": "major", "hpcp_entropy": {"dmean2": 1.10492455959, "median": 2.07766771317, "min": 0, "dvar2": 0.861629784107, "dvar": 0.316178888083, "dmean": 0.661569952965, "max": 4.3150305748, "var": 0.686856389046, "mean": 2.00021505356}}, "metadata": {"audio_properties": {"equal_loudness": 0, "codec": "flac", "downmix": "mix", "sample_rate": 44100, "analysis_sample_rate": 44100, "bit_rate": 0, "md5_encoded": "53fff7a4b31a8680a37da82dcf5be509", "length": 150.226669312, "replay_gain": -7.77079582214, "lossless": true}, "version": {"essentia_build_sha": "2d9f1f26377add8aeb1075a9c2973f962c4f09fd", "essentia": "2.1-beta2", "extractor": "music 1.0", "essentia_git_sha": "v2.1_beta2-1-ge3940c0"}, "tags": {"title": ["Walk In The Park"], "barcode": ["5013929441927"], "media": ["CD"], "albumartist": ["Claudine Longet"], "tracktotal": ["25"], "musicbrainz_releasegroupid": ["0ab2e6ba-fe7d-46fc-827d-af798507c7eb"], "releasetype": ["album", "compilation"], "musicbrainz_recordingid": ["0e21672b-230c-4f4f-8014-33e5075c5152"], "musicbrainz_albumartistid": ["d92e5e90-2266-4835-bccc-e94c7790e1b4"], "discnumber": ["1"], "album": ["Hello, Hello: The Best Of Claudine Longet"], "catalognumber": ["CD REV 119"], "releasecountry": ["GB"], "file_name": "12. Walk In The Park.flac", "date": ["2005-10"], "genre": ["Pop"], "disctotal": ["1"], "musicbrainz_artistid": ["d92e5e90-2266-4835-bccc-e94c7790e1b4"], "originaldate": ["2005-10"], "musicbrainz_albumid": ["33c045c2-265e-4a92-9c4d-74dd98386a94"], "artist": ["Claudine Longet"], "artistsort": ["Longet, Claudine"], "tracknumber": ["12"], "label": ["Rev-Ola Records"], "albumartistsort": ["Longet, Claudine"], "acoustid_id": ["b69ff31a-9737-4e8a-ba68-f9bdc0a55d5a"], "script": ["Latn"], "releasestatus": ["official"]}}, "rhythm": {"bpm_histogram_first_peak_bpm": {"dmean2": 0, "median": 123, "min": 123, "dvar2": 0, "dvar": 0, "dmean": 0, "max": 123, "var": 0, "mean": 123}, "bpm": 123.213951111, "bpm_histogram_second_peak_spread": {"dmean2": 0, "median": 0, "min": 0, "dvar2": 0, "dvar": 0, "dmean": 0, "max": 0, "var": 0, "mean": 0}, "bpm_histogram_first_peak_weight": {"dmean2": 0, "median": 0.495176851749, "min": 0.495176851749, "dvar2": 0, "dvar": 0, "dmean": 0, "max": 0.495176851749, "var": 0, "mean": 0.495176851749}, "onset_rate": 3.68731760979, "beats_position": [0.49922901392, 1.02167797089, 1.54412698746, 2.04335594177, 2.54258489609, 3.04181408882, 3.54104304314, 4.04027223587, 4.53950119019, 5.0387301445, 5.53795909882, 6.03718805313, 6.52480697632, 7.03564596176, 7.53487491608, 8.03410434723, 8.52172279358, 9.0093421936, 9.49696159363, 9.98458003998, 10.4838094711, 10.9830379486, 11.4706573486, 11.9582767487, 12.445895195, 12.933514595, 13.4211339951, 13.9203624725, 14.4195919037, 14.90721035, 15.3948297501, 15.8824491501, 16.3700675964, 16.8576869965, 17.3453063965, 17.8329238892, 18.3205432892, 18.7965526581, 19.272562027, 19.760181427, 20.2594108582, 20.758638382, 21.246257782, 21.7454872131, 22.2447166443, 22.7323360443, 23.219953537, 23.707572937, 24.195192337, 24.6828117371, 25.1704311371, 25.6580486298, 26.1340579987, 26.6100673676, 27.0860767365, 27.5736961365, 28.0497055054, 28.537322998, 29.0249423981, 29.5125617981, 30.0117912292, 30.5110206604, 30.9986381531, 31.4862575531, 31.962266922, 32.4382743835, 32.9142837524, 33.3902931213, 33.8779144287, 34.3655319214, 34.8415412903, 35.329158783, 35.8051681519, 36.2927894592, 36.7804069519, 37.2564163208, 37.7324256897, 38.2200431824, 38.6960525513, 39.1720619202, 39.6596832275, 40.1473007202, 40.6349182129, 41.1225395203, 41.6101570129, 42.0977783203, 42.585395813, 43.0730133057, 43.560634613, 44.0482521057, 44.5358734131, 45.0234909058, 45.4995002747, 45.9755096436, 46.4631271362, 46.9507484436, 47.4267578125, 47.9027671814, 48.3787727356, 48.8547821045, 49.3307914734, 49.8068008423, 50.2828102112, 50.7704315186, 51.269657135, 51.7688865662, 52.2681159973, 52.7789573669, 53.2897949219, 53.789024353, 54.2882537842, 54.7874832153, 55.275100708, 55.7743301392, 56.2619476318, 56.7495689392, 57.2371864319, 57.736415863, 58.2124252319, 58.7000427246, 59.187664032, 59.6752815247, 60.162902832, 60.6505203247, 61.1381378174, 61.6257591248, 62.1017684937, 62.5893859863, 63.0653953552, 63.5530128479, 64.0406341553, 64.5166397095, 64.9926528931, 65.4802703857, 65.9678878784, 66.4555053711, 66.9431304932, 67.4307479858, 67.9183654785, 68.4059829712, 68.9052124023, 69.4044418335, 69.8920593262, 70.3912887573, 70.8905181885, 71.3781356812, 71.8657608032, 72.3533782959, 72.8409957886, 73.3286132813, 73.8162307739, 74.303855896, 74.8030853271, 75.3023147583, 75.789932251, 76.2659378052, 76.7419509888, 77.2295684814, 77.7171859741, 78.1931991577, 78.6692047119, 79.1568222046, 79.6444396973, 80.1320648193, 80.619682312, 81.1072998047, 81.5833053589, 82.0593185425, 82.5469360352, 83.0229492188, 83.4989547729, 83.9749679565, 84.4625854492, 84.9618148804, 85.4610443115, 85.9602737427, 86.4362792969, 86.9238967896, 87.3999099731, 87.8991394043, 88.3983688354, 88.8859863281, 89.3736038208, 89.8612213135, 90.3604507446, 90.8596801758, 91.3472976685, 91.8349151611, 92.3109283447, 92.8101577759, 93.2977752686, 93.7853927612, 94.2846221924, 94.795463562, 95.2946929932, 95.7939224243, 96.2931518555, 96.7923812866, 97.2799987793, 97.767616272, 98.2552337646, 98.7428588867, 99.2304763794, 99.7180938721, 100.205711365, 100.693328857, 101.180953979, 101.668571472, 102.144577026, 102.62059021, 103.096595764, 103.584213257, 104.071838379, 104.559455872, 105.035461426, 105.511474609, 105.999092102, 106.486709595, 106.962722778, 107.438728333, 107.926345825, 108.402359009, 108.878364563, 109.365982056, 109.841995239, 110.318000793, 110.794013977, 111.270019531, 111.757637024, 112.245262146, 112.732879639, 113.220497131, 113.708114624, 114.207344055, 114.706573486, 115.205802917, 115.705032349, 116.20426178, 116.715103149, 117.214332581, 117.701950073, 118.189567566, 118.677185059, 119.164802551, 119.652427673, 120.140045166, 120.61605072, 121.115280151, 121.602897644, 122.090522766, 122.578140259, 123.065757751, 123.541763306, 124.017776489, 124.505393982, 124.993011475, 125.480628967, 125.968254089, 126.444259644, 126.920272827, 127.40789032, 127.895507813, 128.383132935, 128.859130859, 129.346755981, 129.834381104, 130.321990967, 130.79800415, 131.274017334, 131.761627197, 132.260864258, 132.748474121, 133.247711182, 133.735321045, 134.222946167, 134.710571289, 135.198181152, 135.674194336, 136.15020752, 136.637817383, 137.113830566, 137.58984375, 138.077453613, 138.565078735, 139.041091919, 139.528701782, 140.016326904, 140.492340088, 140.968338013, 141.339859009, 141.711380005, 142.082901001, 142.442810059, 142.825942993, 143.197463989, 143.580581665, 143.9637146, 144.358459473, 144.753189087, 145.159545898, 145.565887451, 145.99546814, 146.413421631, 146.831375122, 147.168075562, 147.516372681, 147.8646698, 148.224578857, 148.572875977, 148.921173096, 149.269470215, 149.617782593], "beats_loudness": {"dmean2": 0.036271687597, "median": 0.0414059013128, "min": 3.29251514941e-10, "dvar2": 0.000885462446604, "dvar": 0.000300411513308, "dmean": 0.0196938980371, "max": 0.128968983889, "var": 0.000631934904959, "mean": 0.0408807806671}, "danceability": 1.10598814487, "bpm_histogram_second_peak_weight": {"dmean2": 0, "median": 0.0192926041782, "min": 0.0192926041782, "dvar2": 0, "dvar": 0, "dmean": 0, "max": 0.0192926041782, "var": 0, "mean": 0.0192926041782}, "beats_count": 312, "bpm_histogram_second_peak_bpm": {"dmean2": 0, "median": 172, "min": 172, "dvar2": 0, "dvar": 0, "dmean": 0, "max": 172, "var": 0, "mean": 172}, "bpm_histogram_first_peak_spread": {"dmean2": 0, "median": 0.451957285404, "min": 0.451957285404, "dvar2": 0, "dvar": 0, "dmean": 0, "max": 0.451957285404, "var": 0, "mean": 0.451957285404}, "beats_loudness_band_ratio": {"dmean2": [0.549532949924, 0.321288645267, 0.230973765254, 0.156391993165, 0.125574290752, 0.129838123918], "median": [0.323851853609, 0.191854387522, 0.151706755161, 0.0598857849836, 0.0455540157855, 0.0275329109281], "min": [5.70175288885e-05, 3.34042141503e-07, 7.7824353184e-07, 1.29460868266e-05, 0.00284943310544, 0.00121880811639], "dvar2": [0.15154093504, 0.0847030207515, 0.0368258617818, 0.0290001109242, 0.0447822585702, 0.0564865842462], "dvar": [0.0494911447167, 0.0282180607319, 0.0119238682091, 0.0103560071439, 0.017753764987, 0.0194728653878], "dmean": [0.290064930916, 0.174205958843, 0.130147844553, 0.0851315259933, 0.0700934156775, 0.0690295770764], "max": [0.897648215294, 0.8262180686, 0.539082467556, 0.734312295914, 0.996524333954, 0.980229854584], "var": [0.0634934529662, 0.0359053574502, 0.0181900355965, 0.00945464428514, 0.0402788110077, 0.016007123515], "mean": [0.355095356703, 0.2378064394, 0.174525678158, 0.0909589007497, 0.107901856303, 0.0656286180019]}}, "lowlevel": {"barkbands_spread": {"dmean2": 9.25166988373, "median": 17.1416435242, "min": 0.0635131150484, "dvar2": 165.153427124, "dvar": 78.9478683472, "dmean": 6.05551290512, "max": 126.809364319, "var": 358.375549316, "mean": 21.5958957672}, "melbands_spread": {"dmean2": 13.2839212418, "median": 17.3867855072, "min": 0.619232475758, "dvar2": 508.517211914, "dvar": 246.198699951, "dmean": 8.47391605377, "max": 309.731964111, "var": 717.846374512, "mean": 24.5884914398}, "hfc": {"dmean2": 7.49824762344, "median": 12.5150632858, "min": 1.29978198373e-16, "dvar2": 203.555938721, "dvar": 101.272453308, "dmean": 5.35713577271, "max": 158.019638062, "var": 348.798522949, "mean": 17.4346923828}, "barkbands_kurtosis": {"dmean2": 15.7776575089, "median": 2.66130232811, "min": -1.92889773846, "dvar2": 14941.8378906, "dvar": 5261.58496094, "dmean": 9.46740818024, "max": 2523.73022461, "var": 3607.40722656, "mean": 10.0066490173}, "gfcc": {"mean": [-55.0138969421, 92.0411224365, -128.004486084, 42.3067207336, -59.383140564, 9.92459487915, -37.0485305786, 7.990691185, -18.58045578, -0.318139016628, -8.26644039154, -2.4602894783, -3.0920715332], "icov": [[0.000241839399678, -0.000633611518424, 0.000540481705684, -0.000746403704397, 0.00079009484034, -0.000612920790445, 0.000652511022054, -0.00060105958255, 0.000438654009486, -0.000335288001224, 0.000421777396696, -0.000408856751164, 0.000196483058971], [-0.000633611518424, 0.00227193231694, -0.00162434391677, 0.00239093485288, -0.00182122562546, 0.001762488042, -0.00171329127625, 0.00226075504906, -0.00166005711071, 0.00156216300093, -0.00159849529155, 0.00164302601479, -0.000567671086174], [0.000540481705684, -0.00162434391677, 0.00265711755492, -0.00173417036422, 0.00192326621618, -0.00188909703866, 0.00187860592268, -0.00192321382929, 0.00213480065577, -0.00224412814714, 0.0014000547817, -0.00189993868116, 0.000929908710532], [-0.000746403704397, 0.00239093485288, -0.00173417036422, 0.00565434386954, -0.00311382790096, 0.0018785612192, -0.00172397261485, 0.00143833027687, -0.00196060794406, 0.00136872078292, -0.00209706113674, 0.00109455524944, -0.00090012740111], [0.00079009484034, -0.00182122562546, 0.00192326621618, -0.00311382790096, 0.00558758201078, -0.00148848351091, 0.000745832629036, -0.0017797423061, -0.000958988559432, -0.000393806898501, 0.000686587358359, -0.0019888302777, 0.000535774452146], [-0.000612920790445, 0.001762488042, -0.00188909703866, 0.0018785612192, -0.00148848351091, 0.00670375488698, -0.00389136769809, 0.00153466302436, -0.000312940916047, -0.0013401536271, 3.59475488949e-05, 0.000731821754016, -0.000928730645683], [0.000652511022054, -0.00171329127625, 0.00187860592268, -0.00172397261485, 0.000745832629036, -0.00389136769809, 0.00748954294249, -0.00267271371558, 0.00067723961547, -0.000295704376185, 3.45588159689e-05, -0.000501117261592, 0.00154380244203], [-0.00060105958255, 0.00226075504906, -0.00192321382929, 0.00143833027687, -0.0017797423061, 0.00153466302436, -0.00267271371558, 0.00959700532258, -0.00393309770152, 0.00269473763183, -0.00267698615789, 0.00297063938342, -0.00186706928071], [0.000438654009486, -0.00166005711071, 0.00213480065577, -0.00196060794406, -0.000958988559432, -0.000312940916047, 0.00067723961547, -0.00393309770152, 0.0117617528886, -0.00572714628652, 0.00362102361396, -0.00322853936814, 0.00154620653484], [-0.000335288001224, 0.00156216300093, -0.00224412814714, 0.00136872078292, -0.000393806898501, -0.0013401536271, -0.000295704376185, 0.00269473763183, -0.00572714628652, 0.01459580753, -0.00541806872934, 0.0041252146475, 0.000400302116759], [0.000421777396696, -0.00159849529155, 0.0014000547817, -0.00209706113674, 0.000686587358359, 3.59475488949e-05, 3.45588159689e-05, -0.00267698615789, 0.00362102361396, -0.00541806872934, 0.0139440996572, -0.00375566841103, -0.000208022989682], [-0.000408856751164, 0.00164302601479, -0.00189993868116, 0.00109455524944, -0.0019888302777, 0.000731821754016, -0.000501117261592, 0.00297063938342, -0.00322853936814, 0.0041252146475, -0.00375566841103, 0.0124790212139, -0.00248882384039], [0.000196483058971, -0.000567671086174, 0.000929908710532, -0.00090012740111, 0.000535774452146, -0.000928730645683, 0.00154380244203, -0.00186706928071, 0.00154620653484, 0.000400302116759, -0.000208022989682, -0.00248882384039, 0.0122576477006]], "cov": [[33117.953125, 6563.41308594, 415.178039551, -830.218444824, -3418.85131836, 179.116958618, -1412.62243652, -656.44744873, -1043.83239746, -182.978500366, -277.976013184, -397.356506348, -26.1815376282], [6563.41308594, 2739.05761719, 399.630859375, -540.293640137, -632.596069336, -81.615486145, -236.265884399, -288.67199707, -207.173843384, -64.1869277954, -34.6999702454, -124.718887329, -38.7803459167], [415.178039551, 399.630859375, 1083.04345703, -143.602554321, -363.788879395, 136.498641968, -139.256668091, -59.9100952148, -167.026763916, 88.1244812012, -13.7587556839, -0.996008694172, -28.4443244934], [-830.218444824, -540.293640137, -143.602554321, 465.708374023, 300.761871338, -9.75449371338, 81.7372970581, 100.619918823, 114.738197327, 7.63371229172, 39.5419235229, 52.3293037415, 21.0991973877], [-3418.85131836, -632.596069336, -363.788879395, 300.761871338, 816.666137695, -39.5320968628, 240.769165039, 138.817108154, 256.881500244, -0.405270129442, 54.6072540283, 84.2171554565, 12.9554672241], [179.116958618, -81.615486145, 136.498641968, -9.75449371338, -39.5320968628, 276.10824585, 84.3231582642, 9.710729599, -16.1342258453, 53.2721366882, -4.21829605103, -7.31241989136, -5.47640991211], [-1412.62243652, -236.265884399, -139.256668091, 81.7372970581, 240.769165039, 84.3231582642, 298.991668701, 77.7787704468, 90.7581176758, 13.5628852844, 27.8543186188, 8.48442077637, -11.3720521927], [-656.44744873, -288.67199707, -59.9100952148, 100.619918823, 138.817108154, 9.710729599, 77.7787704468, 186.527572632, 76.564163208, 4.42821455002, 20.3674354553, 6.12581443787, 14.1582546234], [-1043.83239746, -207.173843384, -167.026763916, 114.738197327, 256.881500244, -16.1342258453, 90.7581176758, 76.564163208, 205.898895264, 31.1953639984, 10.3892154694, 30.0349006653, -4.70126867294], [-182.978500366, -64.1869277954, 88.1244812012, 7.63371229172, -0.405270129442, 53.2721366882, 13.5628852844, 4.42821455002, 31.1953639984, 113.42565918, 23.3086280823, -13.5237379074, -13.1336622238], [-277.976013184, -34.6999702454, -13.7587556839, 39.5419235229, 54.6072540283, -4.21829605103, 27.8543186188, 20.3674354553, 10.3892154694, 23.3086280823, 96.6774368286, 20.6835289001, 7.45265388489], [-397.356506348, -124.718887329, -0.996008694172, 52.3293037415, 84.2171554565, -7.31241989136, 8.48442077637, 6.12581443787, 30.0349006653, -13.5237379074, 20.6835289001, 114.043128967, 20.3007526398], [-26.1815376282, -38.7803459167, -28.4443244934, 21.0991973877, 12.9554672241, -5.47640991211, -11.3720521927, 14.1582546234, -4.70126867294, -13.1336622238, 7.45265388489, 20.3007526398, 91.7906570435]]}, "spectral_energyband_middle_low": {"dmean2": 0.00665965909138, "median": 0.00978455040604, "min": 3.00731876695e-22, "dvar2": 7.94942170614e-05, "dvar": 3.76285206585e-05, "dmean": 0.00456744292751, "max": 0.0980278551579, "var": 0.000184881777386, "mean": 0.0134809212759}, "melbands_crest": {"dmean2": 5.68391609192, "median": 13.4956521988, "min": 1.71112477779, "dvar2": 26.5183544159, "dvar": 10.5288944244, "dmean": 3.5180284977, "max": 38.6725883484, "var": 34.2444343567, "mean": 14.6471891403}, "spectral_kurtosis": {"dmean2": 4.75685214996, "median": 3.5420498848, "min": -1.50875043869, "dvar2": 210.032562256, "dvar": 86.6105575562, "dmean": 2.97373747826, "max": 277.246917725, "var": 245.595718384, "mean": 6.81307792664}, "spectral_rms": {"dmean2": 0.00108272500802, "median": 0.00436860928312, "min": 3.37110070761e-12, "dvar2": 1.67709106336e-06, "dvar": 7.81851042575e-07, "dmean": 0.000757381669246, "max": 0.016118818894, "var": 5.32730655323e-06, "mean": 0.00438418239355}, "zerocrossingrate": {"dmean2": 0.0130707509816, "median": 0.04931640625, "min": 0.00390625, "dvar2": 0.000324549124343, "dvar": 0.000291414558887, "dmean": 0.0111131155863, "max": 0.501953125, "var": 0.00328723387793, "mean": 0.0653853192925}, "silence_rate_60dB": {"dmean2": 0.053176689893, "median": 0, "min": 0, "dvar2": 0.0562266148627, "dvar": 0.0258766878396, "dmean": 0.0265842340887, "max": 1, "var": 0.111246094108, "mean": 0.127491891384}, "erbbands_kurtosis": {"dmean2": 3.25259852409, "median": -0.17976346612, "min": -1.84195744991, "dvar2": 214.355697632, "dvar": 78.2029647827, "dmean": 1.98014760017, "max": 278.313934326, "var": 75.9832382202, "mean": 1.42187047005}, "erbbands": {"dmean2": [0.209108799696, 1.43700563908, 2.25132894516, 1.88007211685, 6.16375637054, 17.0252342224, 22.8599910736, 13.3249254227, 15.7488803864, 18.701789856, 34.2086372375, 24.1946334839, 18.9401264191, 24.0184879303, 17.1557540894, 18.5506305695, 18.9054985046, 14.4460754395, 13.9053239822, 13.0772132874, 13.1823043823, 12.4007825851, 13.0582227707, 10.7036542892, 13.7672395706, 5.34304189682, 5.76839399338, 4.82293319702, 5.25994443893, 5.0111322403, 2.2658803463, 2.60722780228, 2.40906620026, 1.34555125237, 0.484718471766, 0.0674531683326, 0.00702874921262, 0.000811063102446, 8.24990493129e-05, 1.86024190043e-05], "median": [0.0200631842017, 0.277220368385, 0.731879234314, 1.04313743114, 2.91148996353, 9.53101921082, 11.8405637741, 7.78043317795, 8.61525344849, 10.96048069, 11.5766773224, 10.5215377808, 6.50119018555, 8.31216430664, 6.32102918625, 7.08201694489, 8.84834766388, 7.67210054398, 7.07940292358, 6.68593502045, 7.62127876282, 8.11379909515, 7.21500253677, 6.68874025345, 6.79980039597, 3.2974691391, 3.06790304184, 2.71279406548, 1.82439577579, 1.07676124573, 0.565345108509, 0.466891169548, 0.341301560402, 0.170920848846, 0.0543804168701, 0.00972270127386, 0.00125255028252, 0.000159790477483, 3.3933614759e-05, 2.66486349574e-05], "min": [1.26458295662e-21, 1.57713121237e-21, 8.67042155466e-21, 7.23462180379e-20, 1.52143149121e-19, 1.48047687435e-19, 1.65103272787e-19, 3.94919056243e-19, 6.57062079089e-19, 6.05243970001e-19, 3.15518015093e-19, 1.33931356559e-18, 3.08694023194e-18, 2.93931124007e-18, 3.03521269913e-18, 7.30898857203e-18, 3.26346119504e-18, 5.71045707519e-18, 8.15899357923e-18, 1.19148633988e-17, 6.62874005169e-18, 8.85370535258e-18, 1.27552408509e-17, 1.29384663196e-17, 8.63179678247e-18, 1.90553709965e-17, 2.3749773174e-17, 1.65913190657e-17, 2.47713511566e-17, 2.3504178287e-17, 2.3080321015e-17, 2.86459296659e-17, 1.58917591868e-17, 8.63625115007e-18, 8.48951840839e-18, 4.88201170348e-18, 3.4835288747e-18, 1.4196742655e-18, 3.71367156252e-19, 4.28772786367e-20], "dvar2": [0.413097649813, 17.3181247711, 25.7766990662, 11.2346830368, 120.155822754, 763.519104004, 2154.453125, 1221.21679688, 958.598937988, 1407.33508301, 6840.88720703, 3680.94921875, 3742.70532227, 5392.79833984, 4367.37597656, 4005.71240234, 3252.49829102, 1283.10058594, 2217.05615234, 1044.23986816, 780.698181152, 1105.08776855, 698.441162109, 956.508728027, 4892.82080078, 316.416900635, 376.726593018, 134.462982178, 305.779510498, 483.736938477, 64.885597229, 139.615203857, 130.238983154, 47.1396903992, 9.66116809845, 0.135179281235, 0.000704477424733, 6.81923529555e-06, 7.75307853473e-08, 1.58112845039e-09], "dvar": [0.149679943919, 6.25928211212, 9.7257270813, 4.14429569244, 46.8037338257, 324.641693115, 1046.33288574, 703.342895508, 405.671478271, 601.063964844, 3184.88769531, 1590.24060059, 1753.76672363, 2201.47607422, 2048.65307617, 2190.23535156, 1244.7869873, 533.938354492, 830.065612793, 398.877410889, 318.73727417, 476.468200684, 295.579223633, 364.537261963, 1906.88317871, 160.217987061, 190.307998657, 62.612827301, 146.179641724, 216.479049683, 30.354850769, 64.5173950195, 62.8514823914, 22.3130168915, 4.03495883942, 0.0564262904227, 0.000309966766508, 2.93504172078e-06, 3.04600291656e-08, 6.43504138864e-10], "dmean": [0.121816381812, 0.843871831894, 1.36091697216, 1.13470077515, 3.73477387428, 10.9505357742, 15.8029088974, 9.27234649658, 10.2529535294, 12.2352313995, 22.9310188293, 16.1361160278, 12.3725223541, 15.5630302429, 11.2427816391, 12.2818880081, 12.1802558899, 9.14628124237, 8.8559513092, 8.31144523621, 8.33412742615, 7.99280452728, 8.36854553223, 6.72515678406, 8.65177536011, 3.63678598404, 3.87761116028, 3.21276378632, 3.52537035942, 3.18930673599, 1.47025752068, 1.67287969589, 1.56968450546, 0.883831560612, 0.313355594873, 0.0440257377923, 0.00468377489597, 0.000526437652297, 5.2685438277e-05, 1.2561915355e-05], "max": [5.5934176445, 56.2484741211, 48.5631866455, 31.3448791504, 107.263832092, 345.447723389, 838.748840332, 1049.89868164, 496.721740723, 560.95715332, 1891.35961914, 1319.41699219, 1790.50476074, 1159.55285645, 1567.40234375, 2057.03588867, 1260.39343262, 948.629150391, 1368.6965332, 480.578094482, 475.008270264, 985.45715332, 317.32321167, 596.936950684, 1109.70019531, 694.673828125, 758.349182129, 206.155807495, 441.483184814, 652.369506836, 132.849182129, 219.536529541, 147.167938232, 113.033187866, 83.431137085, 6.76549386978, 0.504838466644, 0.0739388018847, 0.0054032462649, 0.000793691258878], "var": [0.132562533021, 6.26201820374, 12.7471704483, 6.77179670334, 97.2872619629, 963.3125, 3581.70629883, 2512.10620117, 939.033508301, 1379.98498535, 8704.70117188, 3873.29711914, 4834.38769531, 4787.34179688, 4261.81835938, 5312.71826172, 5469.24804688, 1021.3248291, 1222.2869873, 886.553100586, 726.277099609, 880.247497559, 801.924377441, 513.803588867, 1764.0546875, 288.560211182, 494.68560791, 137.201202393, 286.271118164, 362.625061035, 56.2649230957, 126.843177795, 133.919952393, 41.655090332, 6.02470541, 0.0951516851783, 0.000609289330896, 4.83546591568e-06, 4.42229044495e-08, 1.42641787271e-09], "mean": [0.138831838965, 1.15649604797, 2.00685453415, 1.86886310577, 6.21563386917, 20.5593757629, 32.4547348022, 19.651971817, 18.9131469727, 23.6190071106, 40.2953071594, 30.5836544037, 24.5911064148, 28.5442218781, 19.8544101715, 22.974489212, 25.3685207367, 17.1461524963, 16.2731437683, 16.4707489014, 17.0624580383, 16.7662525177, 18.037815094, 13.6334667206, 14.9663791656, 6.65767049789, 7.08125782013, 5.84979295731, 5.64804029465, 4.77085399628, 2.28699445724, 2.56584763527, 2.46851372719, 1.32426655293, 0.419882118702, 0.0609516166151, 0.00667600892484, 0.000696077826433, 8.20232526166e-05, 3.54226576746e-05]}, "spectral_strongpeak": {"dmean2": 0.814784765244, "median": 0.519771754742, "min": 0, "dvar2": 1.95291280746, "dvar": 0.789395868778, "dmean": 0.492087811232, "max": 17.0364589691, "var": 1.42010784149, "mean": 0.913420081139}, "spectral_energy": {"dmean2": 0.0126053886488, "median": 0.0195618662983, "min": 1.1648427664e-20, "dvar2": 0.000474662316265, "dvar": 0.00019409514789, "dmean": 0.00847450084984, "max": 0.266311734915, "var": 0.000541980669368, "mean": 0.0251621697098}, "average_loudness": 0.841893911362, "spectral_rolloff": {"dmean2": 888.77911377, "median": 947.4609375, "min": 43.06640625, "dvar2": 3121267.75, "dvar": 1391954.375, "dmean": 536.212463379, "max": 18949.21875, "var": 5029193.5, "mean": 1693.98046875}, "spectral_centroid": {"dmean2": 385.38671875, "median": 1164.47290039, "min": 187.892028809, "dvar2": 221226.5, "dvar": 119414.976563, "dmean": 259.354766846, "max": 10765.7509766, "var": 716351.5625, "mean": 1411.56689453}, "pitch_salience": {"dmean2": 0.121439322829, "median": 0.56888115406, "min": 0.08008043468, "dvar2": 0.013736916706, "dvar": 0.00538203679025, "dmean": 0.0750396028161, "max": 0.935496389866, "var": 0.01618761383, "mean": 0.554000258446}, "spectral_energyband_middle_high": {"dmean2": 0.00200280128047, "median": 0.00259302160703, "min": 1.56257507522e-21, "dvar2": 1.66528843693e-05, "dvar": 7.67462006479e-06, "dmean": 0.00140996498521, "max": 0.0560492835939, "var": 2.87318543997e-05, "mean": 0.00422463705763}, "spectral_contrast_coeffs": {"dmean2": [0.0842853933573, 0.0728486180305, 0.0598421320319, 0.0503319352865, 0.0374055951834, 0.0290059484541], "median": [-0.641217947006, -0.719462513924, -0.766364634037, -0.777562439442, -0.786243617535, -0.753162503242], "min": [-0.961005032063, -0.966194629669, -0.966456115246, -0.956054449081, -0.963594079018, -0.96268248558], "dvar2": [0.00458405446261, 0.00370607059449, 0.00236912653781, 0.00214676326141, 0.00123080413323, 0.000695616356097], "dvar": [0.00178210181184, 0.00147560669575, 0.00102790328674, 0.000913706608117, 0.000589277537074, 0.000302904198179], "dmean": [0.0515108853579, 0.0451022163033, 0.0378203243017, 0.0318393334746, 0.0239890944213, 0.0187342874706], "max": [-0.336859613657, -0.370371431112, -0.415979623795, -0.390908926725, -0.456880509853, -0.596480250359], "var": [0.013013150543, 0.0087268576026, 0.0056073772721, 0.00412138784304, 0.00336393318139, 0.002006463008], "mean": [-0.648578763008, -0.723420858383, -0.765398800373, -0.772987604141, -0.779145121574, -0.755361139774]}, "melbands_skewness": {"dmean2": 1.24646651745, "median": 2.35368156433, "min": -15.3794393539, "dvar2": 2.94908046722, "dvar": 1.24443054199, "dmean": 0.817294061184, "max": 15.1028499603, "var": 5.14628744125, "mean": 2.25297260284}, "spectral_spread": {"dmean2": 728567.6875, "median": 4146775.25, "min": 258366.09375, "dvar2": 1042308923390.0, "dvar": 659390136320, "dmean": 507820.0625, "max": 40715496, "var": 3321516785660.0, "mean": 4304691}, "dissonance": {"dmean2": 0.0276070088148, "median": 0.469218820333, "min": 0.299561709166, "dvar2": 0.000691965629812, "dvar": 0.000266175309662, "dmean": 0.0166345778853, "max": 0.499999970198, "var": 0.000725378864445, "mean": 0.464162915945}, "spectral_skewness": {"dmean2": 0.446193307638, "median": 1.44238436222, "min": -0.425967872143, "dvar2": 0.586305856705, "dvar": 0.237437680364, "dmean": 0.287417054176, "max": 13.4234342575, "var": 0.903476834297, "mean": 1.60673058033}, "spectral_flux": {"dmean2": 0.0327838696539, "median": 0.065988920629, "min": 1.07927881909e-10, "dvar2": 0.00137545901816, "dvar": 0.000647430832032, "dmean": 0.0211474429816, "max": 0.386522889137, "var": 0.00207360065542, "mean": 0.0720908939838}, "spectral_contrast_valleys": {"dmean2": [0.655671000481, 0.561509549618, 0.495193839073, 0.419708430767, 0.346787840128, 0.411943048239], "median": [-7.27041625977, -6.63834762573, -7.40095090866, -7.73702812195, -7.55372905731, -10.2590360641], "min": [-26.969959259, -27.1173667908, -27.0558204651, -27.3117389679, -27.1624240875, -27.1772079468], "dvar2": [0.282360136509, 0.226142078638, 0.187162175775, 0.162395432591, 0.134221434593, 0.266095727682], "dvar": [0.12720541656, 0.105383299291, 0.0928726121783, 0.0854491144419, 0.0850594043732, 0.156133159995], "dmean": [0.40588504076, 0.351664960384, 0.313972681761, 0.277498066425, 0.254555284977, 0.306982755661], "max": [-5.21573019028, -4.62068223953, -5.35351705551, -5.4362654686, -5.60835361481, -7.3257393837], "var": [4.55950212479, 4.96692419052, 3.85006713867, 2.99500203133, 2.33138251305, 2.61018776894], "mean": [-7.81341505051, -7.2980890274, -7.94425106049, -8.18118000031, -7.92186784744, -10.6065330505]}, "erbbands_flatness_db": {"dmean2": 0.0264620669186, "median": 0.16176867485, "min": 0.0395257920027, "dvar2": 0.000989030464552, "dvar": 0.00051613204414, "dmean": 0.0183954462409, "max": 0.685560464859, "var": 0.00747326947749, "mean": 0.179878875613}, "spectral_energyband_high": {"dmean2": 0.000538218067959, "median": 0.000255907914834, "min": 8.62156862311e-21, "dvar2": 2.52741619988e-06, "dvar": 1.32575303269e-06, "dmean": 0.000368940411136, "max": 0.0230665523559, "var": 3.53734321834e-06, "mean": 0.000720493204426}, "spectral_entropy": {"dmean2": 0.260098010302, "median": 7.531042099, "min": 3.7790324688, "dvar2": 0.104598455131, "dvar": 0.0500276125968, "dmean": 0.181446686387, "max": 9.81636619568, "var": 0.252569556236, "mean": 7.49813842773}, "silence_rate_20dB": {"dmean2": 0, "median": 1, "min": 1, "dvar2": 0, "dvar": 0, "dmean": 0, "max": 1, "var": 0, "mean": 1}, "melbands_flatness_db": {"dmean2": 0.0419811718166, "median": 0.195330247283, "min": 0.00498152943328, "dvar2": 0.00175048515666, "dvar": 0.000816071929876, "dmean": 0.0276938155293, "max": 0.550872862339, "var": 0.00467569427565, "mean": 0.203907579184}, "barkbands": {"dmean2": [0.000322820298607, 0.00656348047778, 0.00173537048977, 0.000801701273303, 0.00405767560005, 0.001989179058, 0.00120569579303, 0.00147704628762, 0.000998419243842, 0.000786927470472, 0.000453463522717, 0.000462093012175, 0.000421285716584, 0.000258339016, 0.000296869897284, 0.000259678490693, 0.000263764290139, 0.000224136834731, 0.000269074167591, 0.000127944163978, 0.00012885563774, 0.000166993282619, 8.72697419254e-05, 0.000133936729981, 9.03856489458e-05, 6.80664652464e-06, 4.62290330461e-07], "median": [3.57743774657e-05, 0.00118146953173, 0.000516651663929, 0.000309363240376, 0.00271210353822, 0.00115767028183, 0.000614774238784, 0.000454860244645, 0.000372699694708, 0.000204999858397, 0.000137545895996, 0.00014148671471, 0.000175410576048, 0.000106570645585, 0.00013051876158, 0.000117454619613, 0.000150359119289, 0.000109073291242, 0.000149768253323, 6.58479548292e-05, 7.41538096918e-05, 5.13265840709e-05, 2.20121855818e-05, 2.26849388127e-05, 1.16751798487e-05, 1.02888327547e-06, 1.1296530289e-07], "min": [5.52221692534e-23, 1.71937377666e-23, 8.42599056718e-24, 4.20288303342e-23, 3.8200437874e-23, 4.11646742333e-23, 5.60123491341e-23, 4.43048778503e-24, 6.60781196214e-23, 9.17863202834e-23, 7.67795416043e-23, 1.65915585858e-22, 6.6594785649e-23, 1.03795446455e-22, 1.97448615537e-22, 1.77539293524e-22, 1.5068795768e-22, 2.58932320894e-22, 1.74388229659e-22, 3.79779172521e-22, 5.02312646628e-22, 7.14849192543e-22, 7.69370563012e-22, 1.14842617969e-21, 9.99306073592e-22, 1.71197811101e-21, 2.71160306111e-21], "dvar2": [7.46453110878e-07, 0.000371235830244, 1.44579071275e-05, 2.07509265238e-06, 3.77112446586e-05, 1.92893930944e-05, 4.9539239626e-06, 1.23558820633e-05, 5.14408338859e-06, 6.63531136524e-06, 2.00437762032e-06, 2.19690605263e-06, 1.64650225543e-06, 4.86242583975e-07, 6.77983905462e-07, 3.18527298759e-07, 4.52752715319e-07, 2.40694504328e-07, 1.10563644284e-06, 2.73904106507e-07, 1.42233133715e-07, 3.46971575027e-07, 8.91686013915e-08, 3.69419154822e-07, 2.2421227186e-07, 1.05035036224e-09, 3.27845866774e-12], "dvar": [3.51761542561e-07, 0.000135241120006, 5.44083241039e-06, 7.72891496581e-07, 1.6465137378e-05, 9.73654277914e-06, 2.06219829124e-06, 5.6072631196e-06, 2.30679734159e-06, 2.76676973954e-06, 9.48028457515e-07, 1.16868284294e-06, 6.27677138709e-07, 1.96075845338e-07, 2.51919487937e-07, 1.28655017306e-07, 1.89262465256e-07, 9.84384129765e-08, 4.4383315867e-07, 1.13577748095e-07, 6.63790373778e-08, 1.62118595881e-07, 4.14111553937e-08, 1.81728381676e-07, 1.04299338943e-07, 4.46827908007e-10, 1.22325782316e-12], "dmean": [0.000215698673856, 0.00384687702172, 0.00104624277446, 0.000478538393509, 0.00264809466898, 0.00136322353501, 0.000773476611357, 0.000982781988569, 0.000665458326694, 0.00051079201512, 0.000295340752928, 0.000302952714264, 0.000268017873168, 0.000163678763784, 0.000186914912774, 0.000161563730217, 0.000166352212545, 0.000140981937875, 0.000169068254763, 8.49697098602e-05, 8.68902498041e-05, 0.000109628206701, 5.55027290829e-05, 8.67155758897e-05, 5.88557268202e-05, 4.46845888291e-06, 2.83290830794e-07], "max": [0.0116592552513, 0.237199127674, 0.0345288142562, 0.0169351715595, 0.0796626508236, 0.0832413509488, 0.0264865905046, 0.0707350671291, 0.0438569635153, 0.0416665971279, 0.0312739424407, 0.0409681946039, 0.0254636649042, 0.0162233635783, 0.0149838216603, 0.0100543759763, 0.018638914451, 0.00525917857885, 0.015995927155, 0.0153527343646, 0.0117882573977, 0.0125568797812, 0.00472356099635, 0.00820289365947, 0.00932039413601, 0.000653722614516, 4.21932636527e-05], "var": [5.76105946948e-07, 0.000132077737362, 7.31291356715e-06, 1.20509173485e-06, 5.27078700543e-05, 3.48763860529e-05, 4.78428546558e-06, 1.44495243148e-05, 6.09652715866e-06, 6.5682861532e-06, 2.0591505745e-06, 2.78162724499e-06, 2.35559946304e-06, 3.1615954299e-07, 4.4764377094e-07, 2.68745282028e-07, 3.29604148419e-07, 2.29330964885e-07, 4.72730675938e-07, 1.63894583238e-07, 1.4770697021e-07, 2.98592624404e-07, 8.09253535294e-08, 4.05875738352e-07, 1.86405145541e-07, 8.1859363732e-10, 1.46356310318e-12], "mean": [0.000279795262031, 0.00510390568525, 0.00146068050526, 0.00068998808274, 0.0053133610636, 0.0029207537882, 0.00140358810313, 0.00166180334054, 0.00123301288113, 0.000922164646909, 0.000492463412229, 0.000533788756002, 0.000519604829606, 0.000271051190794, 0.000336412631441, 0.000300151616102, 0.000316630728776, 0.000291709613521, 0.000316445279168, 0.000145604048157, 0.000157425864018, 0.00017168217164, 8.74240795383e-05, 0.000140933218063, 8.52374214446e-05, 6.20689252173e-06, 3.63641646572e-07]}, "erbbands_skewness": {"dmean2": 0.625295519829, "median": 0.403010159731, "min": -11.2198028564, "dvar2": 0.706063091755, "dvar": 0.316895097494, "dmean": 0.414296030998, "max": 6.51744365692, "var": 0.876296520233, "mean": 0.336976230145}, "erbbands_spread": {"dmean2": 11.532697