{"tonal": {"thpcp": [1, 0.621114015579, 0.230743780732, 0.212816223502, 0.218630835414, 0.225673720241, 0.264056265354, 0.326905488968, 0.375121802092, 0.396229356527, 0.416167318821, 0.436321973801, 0.438675612211, 0.402125358582, 0.322856873274, 0.270017772913, 0.254656583071, 0.242442771792, 0.233421131968, 0.231816381216, 0.227426484227, 0.220223084092, 0.202644124627, 0.17263880372, 0.161240249872, 0.17693503201, 0.210712656379, 0.291503936052, 0.385989546776, 0.373860359192, 0.306431025267, 0.272012799978, 0.238433539867, 0.214999973774, 0.229812502861, 0.629380881786], "hpcp": {"dmean2": [0.423329353333, 0.39265781641, 0.328950881958, 0.29194149375, 0.279584854841, 0.26105478406, 0.235651388764, 0.221070915461, 0.222966268659, 0.220026776195, 0.193079635501, 0.163089111447, 0.150454089046, 0.167183607817, 0.20087492466, 0.27007356286, 0.333306610584, 0.333370983601, 0.301259547472, 0.26418453455, 0.233997493982, 0.216950282454, 0.232475936413, 0.532957851887, 0.910436213017, 0.508291304111, 0.234491050243, 0.212524309754, 0.203266456723, 0.215601742268, 0.269675284624, 0.334640115499, 0.38783839345, 0.390362262726, 0.385003715754, 0.421774417162], "median": [0.0619898810983, 0.0555989667773, 0.0469932258129, 0.0400160737336, 0.0359951741993, 0.0353714972734, 0.0375523269176, 0.0389713644981, 0.0400406643748, 0.0422131419182, 0.0432971939445, 0.0388319604099, 0.0371164381504, 0.0395097881556, 0.0440558418632, 0.0513080880046, 0.0585479736328, 0.0614773407578, 0.0572253614664, 0.0514329709113, 0.0438571460545, 0.0352581441402, 0.034662887454, 0.191930711269, 0.2924734056, 0.184612959623, 0.0347973257303, 0.0384323112667, 0.0429317355156, 0.0437883287668, 0.0442756786942, 0.048294365406, 0.0536346584558, 0.0562223792076, 0.061027918011, 0.063898190856], "min": [0, 0, 0, 0, 0, 0, 0, 0, 0, 0, 0, 0, 0, 0, 0, 0, 0, 0, 0, 0, 0, 0, 0, 0, 0, 0, 0, 0, 0, 0, 0, 0, 0, 0, 0, 0], "dvar2": [0.214310258627, 0.205062046647, 0.166079953313, 0.158515155315, 0.148919433355, 0.139464139938, 0.127945303917, 0.11686219275, 0.120501726866, 0.109261222184, 0.0946596637368, 0.0768863931298, 0.0679341703653, 0.0743872076273, 0.0909159779549, 0.131242707372, 0.176998183131, 0.166632264853, 0.149940222502, 0.126709446311, 0.110296182334, 0.107085801661, 0.119948446751, 0.13941077888, 0.372495412827, 0.131348297, 0.12626503408, 0.103190690279, 0.096393674612, 0.101681038737, 0.140334874392, 0.18365046382, 0.204795181751, 0.198708862066, 0.191606596112, 0.21006834507], "dvar": [0.0790458247066, 0.0764773786068, 0.0609312839806, 0.0565772205591, 0.0530715174973, 0.0496197789907, 0.0461414866149, 0.0421642810106, 0.0421524457633, 0.0377620123327, 0.032911516726, 0.0269566681236, 0.0238140579313, 0.0260307788849, 0.0317464321852, 0.0472129508853, 0.0654266700149, 0.0598423890769, 0.0527131482959, 0.0449711419642, 0.0391688272357, 0.0380165837705, 0.0431444123387, 0.0502606891096, 0.139483422041, 0.04839778319, 0.0443910397589, 0.0352618806064, 0.0338837057352, 0.0360041446984, 0.0500970818102, 0.066832922399, 0.0735345929861, 0.0729863271117, 0.073613204062, 0.0788242071867], "dmean": [0.234084188938, 0.215718910098, 0.179254919291, 0.157814130187, 0.150058627129, 0.140558183193, 0.12733694911, 0.120403438807, 0.120524004102, 0.117821492255, 0.104034088552, 0.0876719355583, 0.0809044763446, 0.0903323665261, 0.108809456229, 0.148371353745, 0.184729442, 0.183713376522, 0.164109155536, 0.143907055259, 0.127319931984, 0.117662459612, 0.126425147057, 0.293352305889, 0.485962003469, 0.282183557749, 0.126952692866, 0.114581733942, 0.110705696046, 0.11663749069, 0.145260021091, 0.180825755, 0.211016133428, 0.214756816626, 0.213044568896, 0.233083486557], "max": [1, 1, 1, 1, 1, 1, 1, 1, 1, 1, 1, 1, 1, 1, 1, 1, 1, 1, 1, 1, 1, 1, 1, 1, 1, 1, 1, 1, 1, 1, 1, 1, 1, 1, 1, 1], "var": [0.0764241442084, 0.0717347711325, 0.0515646487474, 0.0424927920103, 0.0397121496499, 0.0367507748306, 0.0355178527534, 0.0339190214872, 0.0315976142883, 0.0268534589559, 0.0226292032748, 0.0177787654102, 0.0156043516472, 0.0178612675518, 0.023171806708, 0.0401595048606, 0.0661461651325, 0.0588372647762, 0.0425280742347, 0.0353539846838, 0.0295885466039, 0.028088580817, 0.0343961156905, 0.0697032362223, 0.17346394062, 0.0712214335799, 0.0344373472035, 0.0259937178344, 0.0258369147778, 0.0272387005389, 0.0383103042841, 0.0548168234527, 0.0626116320491, 0.0658694282174, 0.0715588405728, 0.0756068751216], "mean": [0.198081195354, 0.181577160954, 0.14578397572, 0.121924817562, 0.114988565445, 0.109473496675, 0.105399832129, 0.104675218463, 0.102692984045, 0.0994403362274, 0.0915026664734, 0.0779539570212, 0.0728070139885, 0.0798938944936, 0.0951459631324, 0.131626754999, 0.174291133881, 0.168814271688, 0.138366982341, 0.122825652361, 0.107663154602, 0.0970818772912, 0.103770375252, 0.284192949533, 0.451543658972, 0.280460089445, 0.104190893471, 0.0960958153009, 0.098721370101, 0.10190153867, 0.119232930243, 0.147612094879, 0.169383868575, 0.178914859891, 0.187917709351, 0.197018414736]}, "tuning_equal_tempered_deviation": 0.27855399251, "chords_changes_rate": 0.116474941373, "key_key": "A#", "tuning_diatonic_strength": 0.335321575403, "key_scale": "major", "chords_number_rate": 0.00246507814154, "tuning_frequency": 434.193115234, "tuning_nontempered_energy_ratio": 0.873312354088, "chords_histogram": [3.63599014282, 17.1322917938, 3.16351675987, 0, 0.760065734386, 0.780608057976, 1.93097782135, 1.60230076313, 3.80032873154, 0.0205423180014, 0.205423176289, 8.50451946259, 0.554642558098, 0.225965484977, 0.431388646364, 0, 0, 1.74609696865, 18.7756786346, 22.4732952118, 10.9695978165, 2.71158576012, 0.0205423180014, 0.554642558098], "key_strength": 0.588929653168, "chords_key": "F", "chords_strength": {"dmean2": 0.018477473408, "median": 0.415798008442, "min": 0.135146930814, "dvar2": 0.000216991407797, "dvar": 0.000122129640658, "dmean": 0.0137161845341, "max": 0.679264843464, "var": 0.00619358336553, "mean": 0.419650763273}, "chords_scale": "minor", "hpcp_entropy": {"dmean2": 1.03093242645, "median": 3.71125793457, "min": 0, "dvar2": 0.705060958862, "dvar": 0.254199832678, "dmean": 0.603841304779, "max": 4.86656188965, "var": 0.458466559649, "mean": 3.58138370514}}, "metadata": {"audio_properties": {"equal_loudness": 0, "codec": "mp3", "downmix": "mix", "sample_rate": 44100, "analysis_sample_rate": 44100, "bit_rate": 320000, "md5_encoded": "8eeca833e2303d7956c53f758b2da6be", "length": 226.011428833, "replay_gain": -13.003528595, "lossless": false}, "version": {"essentia_build_sha": "70f2e5ece6736b2c40cc944ad0e695b16b925413", "essentia": "2.1-beta2", "extractor": "music 1.0", "essentia_git_sha": "v2.1_beta2"}, "tags": {"title": ["A Dream of Death"], "media": ["CD"], "albumartist": ["Blood Red Throne"], "musicbrainz_recordingid": ["0e2a0c22-b452-41c8-912d-4dc57ce7ca58"], "musicbrainz_albumartistid": ["e7b8fbc8-b1f2-4d66-8d42-4d0b58e440bb"], "originalyear": ["2003"], "discnumber": ["1/1"], "album": ["Affiliated With the Suffering"], "musicbrainz album release country": ["NL"], "musicbrainz album type": ["album"], "musicbrainz album status": ["official"], "file_name": "02.A_Dream_Of_Death.mp3", "asin": ["B0006O9M8Q"], "date": ["2004"], "genre": ["Death Metal"], "musicbrainz_releasegroupid": ["fa700c4b-1315-3e32-985b-0eea5bcfb1ca"], "script": ["Latn"], "originaldate": ["2003"], "musicbrainz_albumid": ["76d7ee5f-f61a-4a0b-8311-0e84ab655faf"], "artist": ["Blood Red Throne"], "artistsort": ["Blood Red Throne"], "tracknumber": ["2/13"], "label": ["Karmageddon Media"], "albumartistsort": ["Blood Red Throne"], "acoustid_id": ["f0a88577-b7a2-4072-a086-a0b128ac40fe"], "musicbrainz_artistid": ["e7b8fbc8-b1f2-4d66-8d42-4d0b58e440bb"]}}, "rhythm": {"bpm_histogram_first_peak_bpm": {"dmean2": 0, "median": 133, "min": 133, "dvar2": 0, "dvar": 0, "dmean": 0, "max": 133, "var": 0, "mean": 133}, "bpm": 132.429672241, "bpm_histogram_second_peak_spread": {"dmean2": 0, "median": 0, "min": 0, "dvar2": 0, "dvar": 0, "dmean": 0, "max": 0, "var": 0, "mean": 0}, "bpm_histogram_first_peak_weight": {"dmean2": 0, "median": 0.194852948189, "min": 0.194852948189, "dvar2": 0, "dvar": 0, "dmean": 0, "max": 0.194852948189, "var": 0, "mean": 0.194852948189}, "onset_rate": 4.4154791832, "beats_position": [0.417959183455, 0.859138309956, 1.30031740665, 1.74149656296, 2.19428563118, 2.6470746994, 3.09986400604, 3.55265307426, 3.99383211136, 4.43501138687, 4.8994102478, 5.36380958557, 5.81659841537, 6.26938772202, 6.73378658295, 7.18657588959, 7.6277551651, 8.08054447174, 8.53333282471, 8.99773216248, 9.45052146912, 9.89170074463, 10.3444900513, 10.7972784042, 11.2384576797, 11.6796369553, 12.1208162308, 12.5852155685, 13.0380039215, 13.4907932281, 13.9435825348, 14.3963718414, 14.8491611481, 15.301949501, 15.7547388077, 16.2075271606, 16.6719264984, 17.1363258362, 17.5891151428, 18.0419044495, 18.4946937561, 18.9474830627, 19.4002723694, 19.853061676, 20.3058490753, 20.758638382, 21.246257782, 21.7222671509, 22.2098865509, 22.6858959198, 23.1735134125, 23.6611328125, 24.1487522125, 24.6247615814, 25.1007709503, 25.5883903503, 26.076007843, 26.5752372742, 27.0628566742, 27.5388660431, 28.0264854431, 28.5024929047, 28.9785022736, 29.4661216736, 29.9537410736, 30.4297504425, 30.9289798737, 31.4165973663, 31.9042167664, 32.3802261353, 32.8562355042, 33.3438529968, 33.8314743042, 34.3074836731, 34.783493042, 35.2711105347, 35.7471199036, 36.2231292725, 36.7107467651, 37.1751480103, 37.6395454407, 38.1039466858, 38.5683441162, 39.0327415466, 39.4971427917, 39.9499320984, 40.402721405, 40.8555107117, 41.3083000183, 41.761089325, 42.2138786316, 42.6550559998, 43.1194534302, 43.5722427368, 44.0250320435, 44.4778213501, 44.9306106567, 45.3717918396, 45.8129692078, 46.2657585144, 46.7069396973, 47.1597251892, 47.6125144958, 48.0653038025, 48.5297050476, 48.9824943542, 49.4352836609, 49.8880729675, 50.3408622742, 50.7936515808, 51.2464370728, 51.6876182556, 52.152015686, 52.6164169312, 53.0692062378, 53.5219955444, 53.9863929749, 54.4391822815, 54.8919715881, 55.333152771, 55.7743301392, 56.2271194458, 56.726348877, 57.2371864319, 57.7248077393, 58.2124252319, 58.7000427246, 59.1760520935, 59.6520614624, 60.1396827698, 60.6273002625, 61.1149177551, 61.6025390625, 62.0901565552, 62.5777778625, 63.0653953552, 63.5414047241, 64.0174102783, 64.5050354004, 64.9926528931, 65.4802703857, 65.9678878784, 66.4555053711, 66.9431304932, 67.4307479858, 67.929977417, 68.4408187866, 68.9400405884, 69.4276657104, 69.9152832031, 70.4029006958, 70.8905181885, 71.3781356812, 71.8657608032, 72.3533782959, 72.8293838501, 73.3286132812, 73.8162307739, 74.303855896, 74.7914733887, 75.2674789429, 75.7434921265, 76.2194976807, 76.6955108643, 77.1831283569, 77.6707458496, 78.1467590332, 78.6227645874, 79.1103820801, 79.5979995728, 80.0856246948, 80.5732421875, 81.0608596802, 81.5368728638, 82.012878418, 82.5004959106, 82.9881134033, 83.4757385254, 83.9633560181, 84.4509735107, 84.9385910034, 85.4262084961, 85.9022216797, 86.3782272339, 86.842628479, 87.3302459717, 87.8178634644, 88.3054885864, 88.7814941406, 89.2575073242, 89.7451248169, 90.2327423096, 90.6971435547, 91.1847610474, 91.67237854, 92.1483917236, 92.6243972778, 93.0887985229, 93.5531921387, 94.0175933838, 94.4819946289, 94.946395874, 95.3875732422, 95.8403625488, 96.2931518555, 96.7575454712, 97.2219467163, 97.6631240845, 98.1275253296, 98.5687026978, 99.0098876953, 99.474281311, 99.9270706177, 100.379859924, 100.832649231, 101.285438538, 101.726615906, 102.179405212, 102.62059021, 103.073379517, 103.514556885, 103.97895813, 104.443351746, 104.907752991, 105.348930359, 105.790107727, 106.242897034, 106.69568634, 107.136871338, 107.578048706, 108.019226074, 108.460403442, 108.924804688, 109.389205933, 109.830383301, 110.306388855, 110.759178162, 111.211967468, 111.664756775, 112.117546082, 112.570335388, 113.034736633, 113.499137878, 113.951927185, 114.404716492, 114.869110107, 115.310295105, 115.774688721, 116.215873718, 116.680267334, 117.144668579, 117.597457886, 118.050247192, 118.514648438, 118.967437744, 119.420227051, 119.861404419, 120.325805664, 120.778594971, 121.231384277, 121.672561646, 122.136962891, 122.578140259, 123.042533875, 123.483718872, 123.948112488, 124.389297485, 124.853691101, 125.318092346, 125.782493591, 126.246894836, 126.699676514, 127.15246582, 127.605255127, 128.058044434, 128.522445679, 128.963623047, 129.404800415, 129.86920166, 130.333602905, 130.79800415, 131.262405396, 131.726806641, 132.167984009, 132.632385254, 133.085174561, 133.537963867, 133.979141235, 134.44354248, 134.907928467, 135.360717773, 135.81350708, 136.266296387, 136.707473755, 137.160263062, 137.624664307, 138.089065552, 138.553466797, 139.017868042, 139.470657349, 139.911834717, 140.364624023, 140.829025269, 141.293426514, 141.734603882, 142.17578125, 142.616958618, 143.058135986, 143.499313354, 143.952102661, 144.404891968, 144.869293213, 145.333694458, 145.786483765, 146.239273071, 146.703674316, 147.156463623, 147.60925293, 148.050430298, 148.491607666, 148.932785034, 149.373962402, 149.826751709, 150.279541016, 150.732330322, 151.185119629, 151.637908936, 152.079086304, 152.520263672, 152.96144104, 153.414230347, 153.855422974, 154.30821228, 154.761001587, 155.202178955, 155.643356323, 156.09614563, 156.548934937, 157.013336182, 157.466125488, 157.930511475, 158.383300781, 158.824493408, 159.126342773, 159.428207397, 159.730072021, 160.043533325, 160.357009888, 160.670471191, 160.983947754, 161.309020996, 161.634094238, 161.947570801, 162.261047363, 162.586120605, 162.911193848, 163.236282349, 163.549743652, 163.863220215, 164.188293457, 164.50177002, 164.815231323, 165.140319824, 165.465393066, 165.790466309, 166.11555481, 166.440628052, 166.765716553, 167.090789795, 167.415863037, 167.740951538, 168.06602478, 168.391113281, 168.716186523, 169.029663086, 169.34312439, 169.668212891, 169.981674194, 170.295150757, 170.620223999, 170.945297241, 171.270385742, 171.607070923, 171.943756104, 172.268844604, 172.593917847, 172.919006348, 173.24407959, 173.545944214, 173.847793579, 174.17288208, 174.497955322, 174.823028564, 175.148117065, 175.473190308, 175.798278809, 176.123352051, 176.448425293, 176.773513794, 177.098587036, 177.412063599, 177.725524902, 178.050613403, 178.375686646, 178.700775146, 179.025848389, 179.350921631, 179.676010132, 179.989471436, 180.302947998, 180.62802124, 180.941497803, 181.254959106, 181.568435669, 181.893508911, 182.230194092, 182.57850647, 182.91519165, 183.251876831, 183.588562012, 183.925262451, 184.27355957, 184.610244751, 184.946929932, 185.272018433, 185.597091675, 185.933776855, 186.270477295, 186.595550537, 186.920639038, 187.257324219, 187.594009399, 187.93069458, 188.26739502, 188.592468262, 188.929153442, 189.265853882, 189.590927124, 189.916000366, 190.264297485, 190.612609863, 190.937683105, 191.262756348, 191.587844849, 191.912918091, 192.24961853, 192.586303711, 192.911376953, 193.248062134, 193.584762573, 193.909835815, 194.246520996, 194.583221436, 194.908294678, 195.244979858, 195.581680298, 195.929977417, 196.266662598, 196.603347778, 196.928436279, 197.253509521, 197.590194702, 197.926895142, 198.263580322, 198.600265503, 198.925354004, 199.262039185, 199.598724365, 199.923812866, 200.248886108, 200.585571289, 200.92225647, 201.270568848, 201.607254028, 201.943939209, 202.26902771, 202.594100952, 202.919174194, 203.255874634, 203.604171753, 203.940856934, 204.277542114, 204.614242554, 204.950927734, 205.287612915, 205.612701416, 205.960998535, 206.297683716, 206.634368896, 206.959457397, 207.28453064, 207.632827759, 207.95791626, 208.282989502, 208.619674683, 208.956375122, 209.281448364, 209.606521606, 209.943222046, 210.279907227, 210.616592407, 210.953277588, 211.301589966, 211.626663208, 211.95173645, 212.28843689, 212.613510132, 212.950195312, 213.286895752, 213.623580933, 213.960266113, 214.296951294, 214.633651733, 214.970336914, 215.295410156, 215.632110596, 215.980407715, 216.317092896, 216.653778076, 216.990478516, 217.315551758, 217.652236938, 217.988937378, 218.325622559, 218.662307739, 218.987380981, 219.312469482, 219.637542725, 219.962631226, 220.299316406, 220.636001587, 220.984298706, 221.309387207, 221.634460449, 221.95954895, 222.296234131, 222.632919312, 222.969604492, 223.294692993, 223.619766235, 223.956451416, 224.293151855, 224.664672852, 225.047790527, 225.430923462], "beats_loudness": {"dmean2": 0.0414955690503, "median": 0.0644594877958, "min": 9.56421104092e-07, "dvar2": 0.000849722593557, "dvar": 0.00027445165324, "dmean": 0.0239478610456, "max": 0.107464626431, "var": 0.000478429865325, "mean": 0.060620598495}, "danceability": 1.34904277325, "bpm_histogram_second_peak_weight": {"dmean2": 0, "median": 0.159926474094, "min": 0.159926474094, "dvar2": 0, "dvar": 0, "dmean": 0, "max": 0.159926474094, "var": 0, "mean": 0.159926474094}, "beats_count": 545, "bpm_histogram_second_peak_bpm": {"dmean2": 0, "median": 185, "min": 185, "dvar2": 0, "dvar": 0, "dmean": 0, "max": 185, "var": 0, "mean": 185}, "bpm_histogram_first_peak_spread": {"dmean2": 0, "median": 0.548936188221, "min": 0.548936188221, "dvar2": 0, "dvar": 0, "dmean": 0, "max": 0.548936188221, "var": 0, "mean": 0.548936188221}, "beats_loudness_band_ratio": {"dmean2": [0.260921120644, 0.105190709233, 0.0397985465825, 0.0384474918246, 0.0941705331206, 0.0941642299294], "median": [0.739073693752, 0.0516740083694, 0.0155796064064, 0.0261151548475, 0.0771176218987, 0.0717387497425], "min": [0.172688499093, 1.06712673187e-06, 1.73893351985e-06, 6.08608297625e-06, 9.04293574422e-06, 0.000835878250655], "dvar2": [0.0433904901147, 0.0103460485116, 0.00280723744072, 0.00145098066423, 0.00692876148969, 0.00904711056501], "dvar": [0.0150042856112, 0.00351349986158, 0.00106322043575, 0.000453395070508, 0.0024285481777, 0.00302105396986], "dmean": [0.14882914722, 0.0600920282304, 0.0228042695671, 0.0218658726662, 0.0535971559584, 0.0529386214912], "max": [0.998683691025, 0.387606203556, 0.237792819738, 0.174407213926, 0.353914171457, 0.361436277628], "var": [0.021281844005, 0.00489159440622, 0.00114718812983, 0.000512391445227, 0.0028182414826, 0.00306731369346], "mean": [0.708594560623, 0.0742108076811, 0.0278970394284, 0.0317397154868, 0.0948806852102, 0.0892384946346]}}, "lowlevel": {"barkbands_spread": {"dmean2": 18.4563789368, "median": 40.8864746094, "min": 0.418282687664, "dvar2": 223.652755737, "dvar": 82.987953186, "dmean": 11.1631765366, "max": 102.644104004, "var": 159.801757812, "mean": 41.1877365112}, "melbands_spread": {"dmean2": 21.8196525574, "median": 27.1054096222, "min": 0.032163400203, "dvar2": 348.066345215, "dvar": 136.799728394, "dmean": 13.3035345078, "max": 114.600997925, "var": 225.90713501, "mean": 30.2074279785}, "hfc": {"dmean2": 22.3602333069, "median": 38.3860778809, "min": 2.13866155718e-06, "dvar2": 498.753204346, "dvar": 201.908554077, "dmean": 13.7042713165, "max": 140.751831055, "var": 366.469512939, "mean": 41.8729705811}, "barkbands_kurtosis": {"dmean2": 5.31002473831, "median": 0.639326572418, "min": -1.83424723148, "dvar2": 563.080505371, "dvar": 241.133880615, "dmean": 3.23800134659, "max": 1534.67407227, "var": 5078.65478516, "mean": 6.63655519485}, "gfcc": {"mean": [63.0250816345, 54.4735679626, -109.754570007, 67.6333999634, -32.6492729187, 22.19490242, -36.9741134644, 16.3830242157, -22.4971408844, 5.21490573883, -11.8015403748, 3.69930553436, -7.04284954071], "icov": [[0.000310995965265, -0.000201739108888, 0.000418869487476, -0.000549162330572, 0.00044913898455, -0.000331326300511, 0.000788591278251, -0.000859810796101, 0.000926582550164, -0.000719694886357, 0.000812980229966, -0.00128980353475, 0.00093949289294], [-0.000201739108888, 0.00647807633504, 0.0021738121286, -0.00164123228751, -0.000577628670726, 0.00652085756883, -0.0025012169499, 0.000939189747442, 0.0016763289459, 0.00363496737555, -0.00568464305252, 0.00449248077348, -0.00255419150926], [0.000418869487476, 0.0021738121286, 0.00665320688859, 0.00140122708399, -0.00267747510225, -0.00174851703923, 0.00355323310941, 0.000436345988419, -0.000572315067984, -0.000935883901548, 0.00168469268829, -0.00425081048161, 0.000358728779247], [-0.000549162330572, -0.00164123228751, 0.00140122708399, 0.0139770545065, -0.00327986245975, -0.00803724396974, 0.00241854484193, 0.00568964006379, -0.00725162355229, 0.00132580019999, 0.000681864796206, 0.0068380869925, -0.00558754615486], [0.00044913898455, -0.000577628670726, -0.00267747510225, -0.00327986245975, 0.0134454220533, 0.00346975587308, -0.00757674081251, -0.0024506628979, 0.00742358760908, -0.00657271454111, 0.000336478173267, 0.00337027781643, 0.00058151781559], [-0.000331326300511, 0.00652085756883, -0.00174851703923, -0.00803724396974, 0.00346975587308, 0.0216664019972, -0.00848417263478, -0.00528698321432, 0.00841098744422, 0.00166696088854, -0.00646134233102, 0.00863379985094, -0.00348802655935], [0.000788591278251, -0.0025012169499, 0.00355323310941, 0.00241854484193, -0.00757674081251, -0.00848417263478, 0.0236516911536, -0.00269366404973, -0.0111825028434, 0.00311273476109, 0.00959656666964, -0.0079408781603, 0.00116233562585], [-0.000859810796101, 0.000939189747442, 0.000436345988419, 0.00568964006379, -0.0024506628979, -0.00528698321432, -0.00269366404973, 0.0204690024257, -0.00962290074676, -0.00460619805381, 0.00296627450734, 0.00459891790524, -0.00703831482679], [0.000926582550164, 0.0016763289459, -0.000572315067984, -0.00725162355229, 0.00742358760908, 0.00841098744422, -0.0111825028434, -0.00962290074676, 0.0372795909643, -0.0101351700723, -0.012123494409, 0.00577871082351, 0.00282555026934], [-0.000719694886357, 0.00363496737555, -0.000935883901548, 0.00132580019999, -0.00657271454111, 0.00166696088854, 0.00311273476109, -0.00460619805381, -0.0101351700723, 0.0329835340381, -0.00847339071333, -0.00563781894743, 0.00717066740617], [0.000812980229966, -0.00568464305252, 0.00168469268829, 0.000681864796206, 0.000336478173267, -0.00646134233102, 0.00959656666964, 0.00296627450734, -0.012123494409, -0.00847339071333, 0.0318658426404, -0.0135210249573, -0.0069320849143], [-0.00128980353475, 0.00449248077348, -0.00425081048161, 0.0068380869925, 0.00337027781643, 0.00863379985094, -0.0079408781603, 0.00459891790524, 0.00577871082351, -0.00563781894743, -0.0135210249573, 0.0339935272932, -0.0106547418982], [0.00093949289294, -0.00255419150926, 0.000358728779247, -0.00558754615486, 0.00058151781559, -0.00348802655935, 0.00116233562585, -0.00703831482679, 0.00282555026934, 0.00717066740617, -0.0069320849143, -0.0106547418982, 0.0323333032429]], "cov": [[7478.83154297, -327.348419189, -134.968231201, -49.9630889893, -317.183441162, 70.2929382324, -310.875579834, 132.11227417, -217.998260498, 146.071258545, -143.56930542, 191.674621582, -178.04574585], [-327.348419189, 676.840393066, -390.01083374, 175.900360107, -15.4526767731, -104.770996094, 26.2438526154, -91.4211807251, 16.0670433044, -126.396392822, 63.0887336731, -116.82926178, 67.4897613525], [-134.968231201, -390.01083374, 455.288330078, -172.547653198, 45.2762565613, 15.902299881, -35.9679985046, 33.1094055176, -14.315320015, 96.3704299927, -13.5808105469, 118.253799438, -36.4204978943], [-49.9630889893, 175.900360107, -172.547653198, 236.149368286, 13.0585718155, 71.3290252686, 30.6175613403, -16.0607414246, 18.464263916, -62.8617286682, -4.20543956757, -108.022636414, 36.7631759644], [-317.183441162, -15.4526767731, 45.2762565613, 13.0585718155, 136.582580566, 11.1324939728, 51.4830207825, 19.9842090607, 4.03201150894, 13.8949480057, -18.0318412781, -20.5184612274, -3.06742715836], [70.2929382324, -104.770996094, 15.902299881, 71.3290252686, 11.1324939728, 137.12953186, 32.1104049683, 42.2684707642, 0.197119131684, -5.75188732147, -24.8534755707, -38.4460716248, 7.73155403137], [-310.875579834, 26.2438526154, -35.9679985046, 30.6175613403, 51.4830207825, 32.1104049683, 99.2052307129, 27.5274143219, 26.7531452179, -11.8366880417, -16.4858455658, -30.1052074432, 8.59230518341], [132.11227417, -91.4211807251, 33.1094055176, -16.0607414246, 19.9842090607, 42.2684707642, 27.5274143219, 98.354057312, 22.5802574158, 31.4311828613, -13.2032899857, 0.635984778404, -1.14786851406], [-217.998260498, 16.0670433044, -14.315320015, 18.464263916, 4.03201150894, 0.197119131684, 26.7531452179, 22.5802574158, 60.434551239, 15.0586767197, 23.6792907715, -8.88407897949, 8.38370037079], [146.071258545, -126.396392822, 96.3704299927, -62.8617286682, 13.8949480057, -5.75188732147, -11.8366880417, 31.4311828613, 15.0586767197, 82.4419326782, 14.1361093521, 50.5804672241, -19.6654052734], [-143.56930542, 63.0887336731, -13.5808105469, -4.20543956757, -18.0318412781, -24.8534755707, -16.4858455658, -13.2032899857, 23.6792907715, 14.1361093521, 79.0566864014, 29.0824947357, 25.2695484161], [191.674621582, -116.82926178, 118.253799438, -108.022636414, -20.5184612274, -38.4460716248, -30.1052074432, 0.635984778404, -8.88407897949, 50.5804672241, 29.0824947357, 113.495765686, -4.14146232605], [-178.04574585, 67.4897613525, -36.4204978943, 36.7631759644, -3.06742715836, 7.73155403137, 8.59230518341, -1.14786851406, 8.38370037079, -19.6654052734, 25.2695484161, -4.14146232605, 56.2018318176]]}, "spectral_energyband_middle_low": {"dmean2": 0.00671038683504, "median": 0.00604064902291, "min": 1.03409566066e-12, "dvar2": 7.3035065725e-05, "dvar": 2.70992786682e-05, "dmean": 0.00399830425158, "max": 0.0741319209337, "var": 4.07113875553e-05, "mean": 0.00797951873392}, "melbands_crest": {"dmean2": 9.90414905548, "median": 18.3460273743, "min": 4.29557323456, "dvar2": 58.6947555542, "dvar": 22.0212802887, "dmean": 6.11378622055, "max": 39.9977722168, "var": 37.5313949585, "mean": 19.0431251526}, "spectral_kurtosis": {"dmean2": 1.6446570158, "median": 3.03915739059, "min": -1.20249128342, "dvar2": 2.34919452667, "dvar": 0.845156669617, "dmean": 0.989361464977, "max": 24.187959671, "var": 1.74134802818, "mean": 3.22755813599}, "spectral_rms": {"dmean2": 0.00248613650911, "median": 0.0066861375235, "min": 2.93295875053e-06, "dvar2": 3.52981101059e-06, "dvar": 1.50911603214e-06, "dmean": 0.00155245151836, "max": 0.0109101161361, "var": 2.88718024422e-06, "mean": 0.00686020124704}, "zerocrossingrate": {"dmean2": 0.0187497399747, "median": 0.07421875, "min": 0, "dvar2": 0.000231415149756, "dvar": 0.000135857015266, "dmean": 0.0139187742025, "max": 0.224609375, "var": 0.000558044179343, "mean": 0.0752518922091}, "silence_rate_60dB": {"dmean2": 0.000410972977988, "median": 0, "min": 0, "dvar2": 0.000410755339544, "dvar": 0.000205423173611, "dmean": 0.000205465374165, "max": 1, "var": 0.00865519512445, "mean": 0.00873138196766}, "erbbands_kurtosis": {"dmean2": 1.44003069401, "median": 1.13477373123, "min": -1.76761305332, "dvar2": 1.63357329369, "dvar": 0.634295284748, "dmean": 0.892010807991, "max": 10.3902187347, "var": 2.04761695862, "mean": 1.15418589115}, "erbbands": {"dmean2": [1.36872708797, 5.24993848801, 12.110121727, 10.1195268631, 14.2334280014, 9.0886297226, 8.73079204559, 17.7435035706, 17.3277778625, 6.88921546936, 4.10785961151, 5.30827474594, 8.65390300751, 13.5321683884, 16.9123954773, 18.308391571, 20.2950954437, 22.4738540649, 28.0331382751, 33.9797096252, 52.1169586182, 51.6581764221, 40.0556526184, 44.6062507629, 28.3941173553, 38.7113456726, 27.7512741089, 20.4053020477, 16.437412262, 10.5056600571, 8.28170490265, 8.65209007263, 7.14238786697, 5.92928934097, 2.85253000259, 0.841158866882, 0.210611969233, 0.0400192923844, 0.00306588597596, 0.000126983140945], "median": [0.409325093031, 2.51666307449, 6.58546257019, 6.37950897217, 4.95215034485, 3.57453012466, 4.67321062088, 4.63808727264, 4.69096708298, 3.65298175812, 3.00028848648, 3.56971073151, 5.6723690033, 7.81045341492, 7.9765496254, 11.4617109299, 13.0213394165, 18.688337326, 30.0654182434, 36.6899795532, 68.4155044556, 69.0548934937, 56.487701416, 58.1563796997, 40.3891334534, 40.9631347656, 25.1634864807, 15.8973007202, 10.6256389618, 9.95587062836, 7.274518013, 5.43994283676, 4.39411401749, 2.93080425262, 1.10015749931, 0.380238413811, 0.101510167122, 0.0174929816276, 0.00127553089987, 0.00011445920245], "min": [1.49251874859e-07, 1.13410486335e-07, 1.47349474844e-08, 5.25520249539e-09, 3.02038549727e-09, 2.12420103729e-09, 1.6522306856e-09, 1.75375092226e-09, 1.78938353024e-09, 2.19780416089e-09, 2.02673455796e-09, 1.79660353261e-09, 7.07063652072e-09, 6.81628486987e-09, 6.98626889672e-09, 7.76341302355e-09, 1.31513031576e-08, 1.22470327213e-08, 1.89177118415e-08, 2.18178737299e-08, 3.80536171463e-08, 3.55359937032e-08, 2.45876972116e-08, 4.58714417562e-08, 4.7494477684e-08, 5.44615090803e-08, 7.73141621835e-08, 6.18407511865e-08, 7.48633297576e-08, 7.15475181323e-08, 7.39219458978e-08, 7.55801323749e-08, 7.47870174678e-08, 5.75130698621e-08, 3.22550626208e-08, 1.89146174279e-08, 7.77364395077e-09, 2.37682473703e-09, 1.22285015447e-09, 6.46963704831e-10], "dvar2": [1.7700548172, 24.6457462311, 142.351455688, 107.198059082, 591.859619141, 218.833175659, 163.931015015, 975.337219238, 1107.81994629, 154.148345947, 25.6362266541, 52.4073295593, 146.544876099, 429.24609375, 1067.14440918, 665.016906738, 844.474914551, 692.741210938, 735.132141113, 1276.74291992, 2140.73754883, 2306.12133789, 1912.17614746, 2198.28295898, 837.260559082, 1749.9864502, 922.086730957, 555.403259277, 372.842346191, 180.833145142, 107.582809448, 130.558166504, 79.1160888672, 65.9925994873, 24.2571926117, 2.33072137833, 0.213476777077, 0.0088719939813, 5.4038631788e-05, 6.28021581406e-08], "dvar": [0.707687795162, 9.31952953339, 52.1768226624, 40.1901397705, 216.948013306, 80.4874191284, 60.6623764038, 358.014801025, 426.519836426, 59.559211731, 9.37801551819, 19.4756317139, 55.709022522, 159.535308838, 405.476867676, 249.899658203, 309.678100586, 261.313110352, 274.923461914, 463.741210938, 777.059570312, 846.738647461, 686.97064209, 801.281066895, 309.950408936, 633.848876953, 343.87701416, 215.833724976, 149.661590576, 75.3647232056, 46.0941047668, 53.8648796082, 32.4116973877, 26.857749939, 9.22100257874, 0.922772884369, 0.090314745903, 0.00384540995583, 2.40954577748e-05, 2.83575634086e-08], "dmean": [0.810330748558, 3.04435014725, 6.93560361862, 5.89420032501, 8.19499015808, 5.3256354332, 5.27125120163, 10.707736969, 10.5633220673, 4.15317487717, 2.43892383575, 3.17038464546, 5.20065259933, 8.09640598297, 10.0404787064, 10.7814388275, 12.0146722794, 13.1916465759, 16.5551280975, 20.1027240753, 31.0823764801, 30.639289856, 23.8839244843, 26.3819503784, 16.9443416595, 22.558013916, 16.1321334839, 12.0804815292, 9.85236740112, 6.65914726257, 5.15427350998, 5.21126556396, 4.30643510818, 3.64022779465, 1.68565559387, 0.511051416397, 0.133258610964, 0.0258019566536, 0.00192011636682, 7.97888205852e-05], "max": [4.35201835632, 17.9814548492, 57.3701438904, 83.2332687378, 200.644348145, 115.953399658, 131.063278198, 253.193328857, 324.848846436, 198.802703857, 41.2333602905, 67.181350708, 180.87461853, 237.406555176, 425.653717041, 310.758148193, 234.097824097, 369.54095459, 355.092987061, 312.672088623, 648.817871094, 508.369598389, 433.289581299, 407.439453125, 298.836151123, 282.223419189, 161.458847046, 157.456176758, 148.286193848, 157.437774658, 212.940628052, 134.282211304, 77.4769744873, 53.994556427, 34.4448623657, 13.3922319412, 6.54076480865, 1.61484134197, 0.140922650695, 0.00452225236222], "var": [0.716985940933, 9.52575778961, 60.1952629089, 51.1774291992, 172.923187256, 70.9200363159, 120.332000732, 856.117919922, 799.983947754, 91.7909927368, 13.1907539368, 23.642572403, 90.0079193115, 249.067108154, 662.227294922, 308.981750488, 392.581481934, 362.678833008, 459.870269775, 706.678955078, 1327.54553223, 1284.37878418, 1135.23120117, 1287.2878418, 453.144073486, 756.512084961, 412.799987793, 294.878845215, 243.768920898, 144.853317261, 83.5463638306, 77.2928237915, 43.4073944092, 30.9635009766, 8.23679542542, 1.09557950497, 0.132983073592, 0.00602866057307, 3.39026264555e-05, 3.9324660861e-08], "mean": [0.782662451267, 3.51915764809, 8.88951587677, 8.47972774506, 8.87921047211, 6.2594332695, 8.59502124786, 18.7305641174, 16.4377479553, 6.72431659698, 4.00350427628, 4.86743307114, 8.27917957306, 12.7138204575, 15.6207580566, 16.7297210693, 19.4174118042, 23.8080024719, 34.6531448364, 42.562625885, 73.8840637207, 75.425453186, 63.0415496826, 65.5178604126, 43.9267082214, 47.4652748108, 31.1994571686, 21.531709671, 15.986656189, 13.139749527, 9.48383140564, 7.79495239258, 6.18159103394, 4.60874414444, 1.96262037754, 0.687664926052, 0.209172353148, 0.0445387177169, 0.00291483593173, 0.000151682674186]}, "spectral_strongpeak": {"dmean2": 0.367792308331, "median": 0.269612878561, "min": 0, "dvar2": 0.133465468884, "dvar": 0.0474664345384, "dmean": 0.216693863273, "max": 5.80753469467, "var": 0.0570797212422, "mean": 0.308845847845}, "spectral_energy": {"dmean2": 0.037082914263, "median": 0.0458220429718, "min": 8.81730244373e-09, "dvar2": 0.000868115457706, "dvar": 0.00036783280666, "dmean": 0.0229240506887, "max": 0.12200640142, "var": 0.000558283936698, "mean": 0.0511982403696}, "average_loudness": 0.977828264236, "spectral_rolloff": {"dmean2": 1890.55065918, "median": 2174.85351562, "min": 21.533203125, "dvar2": 2467259.25, "dvar": 999737.625, "dmean": 1116.75231934, "max": 10443.6035156, "var": 1485565.5, "mean": 1947.36645508}, "spectral_centroid": {"dmean2": 438.145294189, "median": 2412.18505859, "min": 151.29510498, "dvar2": 141817.671875, "dvar": 62067.578125, "dmean": 271.291595459, "max": 11062.5742188, "var": 164329.796875, "mean": 2379.48901367}, "pitch_salience": {"dmean2": 0.186742186546, "median": 0.56016844511, "min": 0.00139574531931, "dvar2": 0.0209313184023, "dvar": 0.00812107790262, "dmean": 0.115977808833, "max": 0.884851634502, "var": 0.0149186337367, "mean": 0.541742682457}, "spectral_energyband_middle_high": {"dmean2": 0.00330988899805, "median": 0.0075940513052, "min": 6.37042979132e-12, "dvar2": 1.01982595879e-05, "dvar": 3.96515133616e-06, "dmean": 0.00208006193861, "max": 0.0254250261933, "var": 9.75775219558e-06, "mean": 0.0079841511324}, "spectral_contrast_coeffs": {"dmean2": [0.10562415421, 0.0820026025176, 0.0559673383832, 0.0483921729028, 0.0321568883955, 0.0355218052864], "median": [-0.687932729721, -0.759607315063, -0.833666205406, -0.803809583187, -0.799984335899, -0.752029895782], "min": [-0.976080656052, -0.967323362827, -0.962862253189, -0.964853405952, -0.959483861923, -0.956018745899], "dvar2": [0.00676278676838, 0.00402864115313, 0.00187898904551, 0.00132768903859, 0.000636528711766, 0.000977371702902], "dvar": [0.00240267976187, 0.00150349666364, 0.000652938499115, 0.000458044465631, 0.000221110647544, 0.000411676766817], "dmean": [0.063644900918, 0.049832880497, 0.032610103488, 0.0283263921738, 0.0188928209245, 0.0221902877092], "max": [-0.428291380405, -0.477098107338, -0.655703127384, -0.684794425964, -0.703847050667, -0.578463375568], "var": [0.00424626935273, 0.00565774692222, 0.00137563236058, 0.000862401677296, 0.000508360564709, 0.00136771018151], "mean": [-0.687715470791, -0.749544203281, -0.829695403576, -0.803178429604, -0.799351215363, -0.74853348732]}, "melbands_skewness": {"dmean2": 1.95279085636, "median": 3.45932149887, "min": -0.116432860494, "dvar2": 3.9955239296, "dvar": 2.05950284004, "dmean": 1.22069549561, "max": 164.893325806, "var": 56.5276565552, "mean": 4.05999088287}, "spectral_spread": {"dmean2": 1093129.625, "median": 4761278.5, "min": 1952935.875, "dvar2": 1332708376580.0, "dvar": 645753798656, "dmean": 717800.375, "max": 39535544, "var": 1711609348100.0, "mean": 4770502}, "dissonance": {"dmean2": 0.00786636397243, "median": 0.493320345879, "min": 0.312740474939, "dvar2": 7.74179061409e-05, "dvar": 2.71314238489e-05, "dmean": 0.0045928247273, "max": 0.500000059605, "var": 3.49386245944e-05, "mean": 0.492082118988}, "spectral_skewness": {"dmean2": 0.262968420982, "median": 1.21309840679, "min": -0.0464062429965, "dvar2": 0.05237807706, "dvar": 0.0206414349377, "dmean": 0.162180989981, "max": 3.73137831688, "var": 0.0644753202796, "mean": 1.20076692104}, "spectral_flux": {"dmean2": 0.0633133128285, "median": 0.138836726546, "min": 2.34848939726e-05, "dvar2": 0.00253242114559, "dvar": 0.00111423444469, "dmean": 0.0408065654337, "max": 0.320839971304, "var": 0.00239668251015, "mean": 0.143533691764}, "spectral_contrast_valleys": {"dmean2": [0.650585651398, 0.580273866653, 0.504381716251, 0.411234855652, 0.292172789574, 0.627793848515], "median": [-6.37515878677, -6.79463529587, -6.97030591965, -6.738904953, -6.14447069168, -8.86941242218], "min": [-27.0406455994, -27.0094490051, -27.1687755585, -27.6307353973, -27.2380218506, -27.3980712891], "dvar2": [0.278362959623, 0.217534288764, 0.17619459331, 0.121937051415, 0.0769800618291, 0.424872010946], "dvar": [0.114165976644, 0.0931120365858, 0.080576300621, 0.0589853413403, 0.0436191000044, 0.196044549346], "dmean": [0.395246505737, 0.348220646381, 0.309472620487, 0.249599978328, 0.180144891143, 0.424474567175], "max": [-5.10144329071, -5.2146730423, -5.5102930069, -5.50929117203, -5.37225008011, -7.46295022964], "var": [0.878666102886, 0.83403724432, 0.763212323189, 0.743651509285, 0.748827278614, 1.04657769203], "mean": [-6.46982955933, -6.86098909378, -7.0379743576, -6.80990076065, -6.2328042984, -9.07282352448]}, "erbbands_flatness_db": {"dmean2": 0.0235878638923, "median": 0.110256128013, "min": 0.0293977856636, "dvar2": 0.000461204908788, "dvar": 0.000207737874007, "dmean": 0.0152618959546, "max": 0.256995439529, "var": 0.00070327532012, "mean": 0.114972651005}, "spectral_energyband_high": {"dmean2": 0.00232750060968, "median": 0.00219678948633, "min": 5.59268013844e-11, "dvar2": 6.33114404991e-06, "dvar": 2.5519900646e-06, "dmean": 0.00141161109786, "max": 0.0170034877956, "var": 3.91112007492e-06, "mean": 0.0027855176013}, "spectral_entropy": {"dmean2": 0.168955266476, "median": 8.08358478546, "min": 5.63564920425, "dvar2": 0.0236621331424, "dvar": 0.0107737574726, "dmean": 0.113286480308, "max": 9.78949546814, "var": 0.0389298796654, "mean": 8.06917667389}, "silence_rate_20dB": {"dmean2": 0, "median": 1, "min": 1, "dvar2": 0, "dvar": 0, "dmean": 0, "max": 1, "var": 0, "mean": 1}, "melbands_flatness_db": {"dmean2": 0.0558104142547, "median": 0.170613467693, "min": 0.0494629479945, "dvar2": 0.00179387093522, "dvar": 0.000702353136148, "dmean": 0.0347303710878, "max": 0.693213701248, "var": 0.00262805493549, "mean": 0.173782989383}, "barkbands": {"dmean2": [0.00951466429979, 0.0268268827349, 0.0106207840145, 0.00292995688505, 0.0036915668752, 0.00173771590926, 0.000983799342066, 0.000219294481212, 0.000250740413321, 0.000355195079464, 0.00044879768393, 0.000447973929113, 0.000468985497719, 0.000541543413419, 0.000523185182828, 0.000999572104774, 0.000936733267736, 0.000890600145794, 0.000655240961351, 0.0007422764902, 0.000604815781116, 0.000413095316617, 0.000299757928587, 0.000418181763962, 0.000460293376818, 0.000130374130094, 2.00347749342e-05], "median": [0.00304810376838, 0.0136706251651, 0.00556090474129, 0.00157996802591, 0.00126395979896, 0.000664109480567, 0.000295774341794, 0.000132953879074, 0.000165097546414, 0.000210266356589, 0.000183232172276, 0.000256456667557, 0.000273470272077, 0.000462602183688, 0.000516111322213, 0.00116738397628, 0.00119673041627, 0.00105063116644, 0.000892469717655, 0.000888811249752, 0.000475747161545, 0.000309142138576, 0.000268170086201, 0.000262473506154, 0.000216782980715, 6.79315489833e-05, 7.82637926022e-06], "min": [1.45999701218e-09, 1.65792268803e-09, 5.92894941584e-15, 6.29351747854e-15, 5.87855163311e-14, 7.55649747419e-14, 5.13137235069e-14, 7.38896519924e-14, 4.35216031508e-14, 1.48628139418e-13, 1.53091149241e-13, 2.08762410028e-13, 2.83485095207e-13, 2.67934708708e-13, 3.98296738473e-13, 4.52118133513e-13, 5.44169527147e-13, 7.08009172123e-13, 7.51828612387e-13, 1.09387564111e-12, 1.28456338448e-12, 2.17471093217e-12, 3.0218906804e-12, 4.21255695257e-12, 4.89087546504e-12, 4.28350