{"tonal": {"thpcp": [1, 0.415767014027, 0.0949726253748, 0.116424806416, 0.0829898715019, 0.500650525093, 0.916266262531, 0.515107572079, 0.520497322083, 0.793170809746, 0.373268574476, 0.144916534424, 0.187597557902, 0.101232714951, 0.36318269372, 0.697839438915, 0.382555574179, 0.0562792234123, 0.0625737085938, 0.0661588907242, 0.510360181332, 0.905801653862, 0.463176071644, 0.284460067749, 0.456863671541, 0.227463170886, 0.133465513587, 0.222045615315, 0.143726617098, 0.304225325584, 0.522536993027, 0.295942276716, 0.29676258564, 0.418252557516, 0.243340909481, 0.688403248787], "hpcp": {"dmean2": [0.0839781835675, 0.0785706713796, 0.0327704437077, 0.026674201712, 0.0271729584783, 0.0508494898677, 0.0685286149383, 0.0548318736255, 0.0188307873905, 0.0142879262567, 0.0241563767195, 0.0728698819876, 0.0865712463856, 0.0655821785331, 0.0444851778448, 0.0420319326222, 0.0440690591931, 0.0294865444303, 0.0283852107823, 0.0325126126409, 0.0529206357896, 0.0571996048093, 0.052929200232, 0.0585078671575, 0.0507634952664, 0.0634306445718, 0.101481065154, 0.0865328609943, 0.0749258324504, 0.0311831552535, 0.019910749048, 0.0318807847798, 0.0835796669126, 0.092215180397, 0.0932172089815, 0.0913216695189], "median": [0.00751259364188, 0.00723597407341, 0.00187474582344, 0.00115722580813, 0.0017061480321, 0.00630729366094, 0.00846939813346, 0.00680700596422, 0.0015829000622, 0.000808492768556, 0.00154090521391, 0.0207465440035, 0.039311144501, 0.0234829448164, 0.00167185789905, 0.00145124201663, 0.00148936128244, 0.00201741559431, 0.00133814616129, 0.00199471367523, 0.00315583124757, 0.00316412909888, 0.00348196318373, 0.00475144758821, 0.00404793070629, 0.00705642066896, 0.018230067566, 0.0263533182442, 0.0155674684793, 0.0012511179084, 0.000613941578194, 0.000814626691863, 0.0159000828862, 0.0270790215582, 0.025832336396, 0.00647194683552], "min": [0, 0, 0, 0, 0, 0, 0, 0, 0, 0, 0, 0, 0, 0, 0, 0, 0, 0, 0, 0, 0, 0, 0, 0, 0, 0, 0, 0, 0, 0, 0, 0, 0, 0, 0, 0], "dvar2": [0.0419303290546, 0.0321155190468, 0.0121491253376, 0.0135639430955, 0.0113368937746, 0.0167952161282, 0.0351763516665, 0.0199007112533, 0.00604127999395, 0.00476232683286, 0.0081720855087, 0.0239706281573, 0.035261746496, 0.0168458875269, 0.0168831571937, 0.0236819460988, 0.0209131985903, 0.0117544448003, 0.0157129839063, 0.0131452996284, 0.0249068252742, 0.0292585492134, 0.0189141854644, 0.0366185344756, 0.0309179741889, 0.0237599425018, 0.0394944474101, 0.0383461490273, 0.0275021009147, 0.0156350955367, 0.00883105024695, 0.0114321634173, 0.0383434407413, 0.0450644902885, 0.0377985201776, 0.0446808412671], "dvar": [0.0210670661181, 0.0116807110608, 0.00496109900996, 0.00631097052246, 0.00410185614601, 0.00742042576894, 0.018589342013, 0.0085116410628, 0.00212174956687, 0.00199360004626, 0.00316575844772, 0.0109665291384, 0.0194681882858, 0.00735552236438, 0.0073661589995, 0.0123857092112, 0.00772227346897, 0.00470057642087, 0.00790711585432, 0.00525485584512, 0.00958830118179, 0.0150378188118, 0.00779335433617, 0.0136949717999, 0.0136134987697, 0.00871910713613, 0.0168871283531, 0.0204945039004, 0.00986078660935, 0.00564788561314, 0.00369638367556, 0.00415572943166, 0.015000520274, 0.0232539977878, 0.0148476846516, 0.0161659214646], "dmean": [0.0515843443573, 0.0462229549885, 0.018853681162, 0.0154149029404, 0.0150430062786, 0.0320095904171, 0.042600851506, 0.0333998277783, 0.0104469098151, 0.00820413883775, 0.014364191331, 0.045415956527, 0.0563621707261, 0.0413397140801, 0.0279500707984, 0.025630088523, 0.0255687404424, 0.0172981582582, 0.0174685772508, 0.0190679114312, 0.0317115709186, 0.0346118584275, 0.0322968773544, 0.0344763696194, 0.0302364323288, 0.0363351069391, 0.0613858364522, 0.0541902594268, 0.0442106612027, 0.0171683449298, 0.0114170005545, 0.0176018550992, 0.0501938275993, 0.0580208301544, 0.0554772689939, 0.0534074306488], "max": [1, 1, 1, 1, 0.935579419136, 1, 1, 1, 0.725776493549, 1, 1, 1, 1, 1, 1, 1, 1, 1, 1, 1, 1, 1, 1, 1, 1, 1, 1, 1, 1, 1, 1, 1, 1, 1, 1, 1], "var": [0.117571957409, 0.0259803105146, 0.0136068528518, 0.0315235182643, 0.00744644645602, 0.0296212080866, 0.107571661472, 0.0320206768811, 0.00312206591479, 0.00788923446089, 0.00407613208517, 0.0389848388731, 0.113847441971, 0.0296747740358, 0.0320566035807, 0.0837633088231, 0.0193827394396, 0.0121520040557, 0.0397888086736, 0.0128600336611, 0.0296180322766, 0.0867352336645, 0.0242520365864, 0.0355684272945, 0.0700171664357, 0.0198874101043, 0.0705890879035, 0.139562293887, 0.0260426029563, 0.0100030256435, 0.0192271526903, 0.00565263954923, 0.0407702885568, 0.121757529676, 0.0387319363654, 0.0526195913553], "mean": [0.191707447171, 0.0902181044221, 0.035025972873, 0.0453418716788, 0.0244677010924, 0.0877803713083, 0.168666094542, 0.0924627482891, 0.0136025510728, 0.0151239130646, 0.0159904435277, 0.123352818191, 0.218930050731, 0.111948527396, 0.0687533020973, 0.110422834754, 0.0549772940576, 0.0322582907975, 0.05366788432, 0.0347383730114, 0.0735305175185, 0.126295924187, 0.0715285241604, 0.0717267915606, 0.101090624928, 0.0588149055839, 0.166385382414, 0.241697564721, 0.100489877164, 0.0229546520859, 0.0281395930797, 0.0200584493577, 0.121006019413, 0.221459329128, 0.124500244856, 0.12580293417]}, "tuning_equal_tempered_deviation": 0.0246810503304, "chords_changes_rate": 0.0476858355105, "key_key": "F#", "tuning_diatonic_strength": 0.460940539837, "key_scale": "minor", "chords_number_rate": 0.00596072943881, "tuning_frequency": 440.254241943, "tuning_nontempered_energy_ratio": 0.590345680714, "chords_histogram": [23.7377281189, 7.2230014801, 9.01121997833, 5.18934059143, 2.06872367859, 1.26227211952, 0.666199147701, 5.82047700882, 1.50771391392, 14.4810657501, 1.05189335346, 2.84011220932, 0.0350631140172, 0, 0.701262295246, 0, 1.22720897198, 1.47265076637, 1.47265076637, 0.105189338326, 0.561009824276, 2.06872367859, 14.2706871033, 3.22580647469], "key_strength": 0.73380112648, "chords_key": "F#", "chords_strength": {"dmean2": 0.00546015612781, "median": 0.461986482143, "min": -1, "dvar2": 0.00136429676786, "dvar": 0.000708811916411, "dmean": 0.00832722056657, "max": 0.679185509682, "var": 0.013149023056, "mean": 0.45747038722}, "chords_scale": "minor", "hpcp_entropy": {"dmean2": 0.502615392208, "median": 1.09069466591, "min": 0, "dvar2": 0.417578935623, "dvar": 0.173058763146, "dmean": 0.300865054131, "max": 3.51630783081, "var": 0.507557034492, "mean": 1.13954293728}}, "metadata": {"audio_properties": {"equal_loudness": 0, "codec": "flac", "downmix": "mix", "sample_rate": 44100, "analysis_sample_rate": 44100, "bit_rate": 0, "md5_encoded": "1b0ade7e8a339bbbd81684c0a5e44bfa", "length": 132.36000061, "replay_gain": 2.71582221985, "lossless": true}, "version": {"essentia_build_sha": "2d9f1f26377add8aeb1075a9c2973f962c4f09fd", "essentia": "2.1-beta2", "extractor": "music 1.0", "essentia_git_sha": "v2.1_beta2-1-ge3940c0"}, "tags": {"title": ["Suite no. 6 in F-sharp minor, HWV 431: Prelude"], "barcode": ["034571280417"], "media": ["CD"], "albumartist": ["Handel; Danny Driver"], "albumartistsort": ["Handel, George Frideric; Driver, Danny"], "tracktotal": ["24"], "language": ["zxx"], "performer": ["Danny Driver (piano)"], "releasetype": ["album"], "musicbrainz_recordingid": ["0e2dd6d4-e3d4-4114-9386-c118aedc3e49"], "composer": ["George Frideric Handel"], "musicbrainz_releasegroupid": ["19e6b40b-2f41-49a2-94c3-3a6279366f61"], "musicbrainz_albumartistid": ["27870d47-bb98-42d1-bf2b-c7e972e6befc", "464a0209-b912-43ba-a7ee-935578077172"], "originalyear": ["2014"], "producer": ["Simon Perry", "Michael Spring", "Andrew Keener"], "discnumber": ["2"], "composersort": ["Handel, George Frideric"], "catalognumber": ["CDA68041", "CDA68042"], "releasecountry": ["US"], "file_name": "CD2 01 Suite no. 6 in F-sharp minor, HWV 431_ Prelude.flac", "originaldate": ["2014-05-13"], "work": ["Suite de pi\u00e8ce in F-sharp minor, Vol. 1 no. 6, HWV 431: I. Pr\u00e9lude. Allegro moderato"], "date": ["2014-05-13"], "genre": ["Classical"], "musicbrainz_albumid": ["8c086b60-d763-486c-a7f2-2fb0910feb22"], "disctotal": ["2"], "tracknumber": ["1"], "releasestatus": ["official"], "musicbrainz_artistid": ["27870d47-bb98-42d1-bf2b-c7e972e6befc"], "asin": ["B00ITYHC00"], "musicbrainz_workid": ["d8b3c66e-7850-3470-9aae-59d06cfced28"], "copyright": ["\u00a9 2014 Hyperion Records Ltd, London"], "musicbrainz_releasetrackid": ["32f823a2-ab4d-4540-bc17-bd0af2df349d"], "artist": ["George Frideric Handel"], "totaltracks": ["24"], "artistsort": ["Handel, George Frideric"], "album": ["The Eight Great Suites"], "label": ["hyperion"], "isrc": ["GBAJY1404201"], "totaldiscs": ["2"], "script": ["Latn"], "acoustid_id": ["5e7a329a-c2d2-4e07-bfb7-f4f5f88b77ac"]}}, "rhythm": {"bpm_histogram_first_peak_bpm": {"dmean2": 0, "median": 144, "min": 144, "dvar2": 0, "dvar": 0, "dmean": 0, "max": 144, "var": 0, "mean": 144}, "bpm": 144.32019043, "bpm_histogram_second_peak_spread": {"dmean2": 0, "median": 0.333333343267, "min": 0.333333343267, "dvar2": 0, "dvar": 0, "dmean": 0, "max": 0.333333343267, "var": 0, "mean": 0.333333343267}, "bpm_histogram_first_peak_weight": {"dmean2": 0, "median": 0.133333340287, "min": 0.133333340287, "dvar2": 0, "dvar": 0, "dmean": 0, "max": 0.133333340287, "var": 0, "mean": 0.133333340287}, "onset_rate": 2.17560505867, "beats_position": [0.476009070873, 0.96362811327, 1.38158726692, 1.8111563921, 2.24072551727, 2.67029476166, 3.09986400604, 3.54104304314, 3.97061228752, 4.40018129349, 4.841360569, 5.2941493988, 5.73532867432, 6.1648979187, 6.58285713196, 7.01242637634, 7.4303855896, 7.83673477173, 8.26630401611, 8.68426322937, 9.10222244263, 9.52018165588, 9.93814086914, 10.3560991287, 10.774058342, 11.1804075241, 11.6099767685, 12.0047159195, 12.4110651016, 12.7941951752, 13.177324295, 13.6417226791, 14.0945119858, 14.5473012924, 15.0000905991, 15.4528799057, 15.9056682587, 16.3700675964, 16.8576869965, 17.3336963654, 17.8097057343, 18.2392749786, 18.6456241608, 19.0635814667, 19.4815406799, 19.8878898621, 20.3058490753, 20.7238082886, 21.1301574707, 21.5248966217, 21.9080276489, 22.2911567688, 22.6742858887, 23.0690250397, 23.4521541595, 23.8468933105, 24.2532424927, 24.6479816437, 25.0311107635, 25.4026298523, 25.774148941, 26.1340579987, 26.5055770874, 26.8887062073, 27.2602272034, 27.6433563232, 28.0264854431, 28.409614563, 28.7927436829, 29.1874828339, 29.5822219849, 29.9769611359, 30.3717002869, 30.7664394379, 31.1379585266, 31.5210876465, 31.9158267975, 32.322177887, 32.7285270691, 33.1348762512, 33.5296134949, 33.9243545532, 34.2958717346, 34.6673927307, 35.0389099121, 35.4104309082, 35.7935600281, 36.1534690857, 36.5133781433, 36.8732872009, 37.2331962585, 37.5698852539, 37.9181861877, 38.2664833069, 38.6263923645, 38.9863014221, 39.334602356, 39.6829032898, 40.0312004089, 40.4491615295, 40.8671188354, 41.2850799561, 41.8075294495, 42.3299751282, 42.8524246216, 43.374874115, 43.8857116699, 44.4081611633, 44.9306106567, 45.4530601501, 45.9987297058, 46.532787323, 47.0668487549, 47.6009063721, 48.111743927, 48.6225852966, 49.14503479, 49.6674804688, 50.2015419006, 50.8052597046, 51.4089775085, 52.0010871887, 52.5815849304, 53.1736946106, 53.8470726013, 54.5320625305, 55.2867126465, 56.0413589478, 56.7960090637, 57.5622673035, 58.3285255432, 59.094783783, 59.9307022095, 60.7782287598, 61.5677070618, 62.34557724, 63.1234474182, 63.889705658, 64.5746917725, 65.2596817017, 65.8401794434, 66.4206771851, 66.9779586792, 67.5352401733, 68.1041259766, 68.6614074707, 69.2070770264, 69.7527389526, 70.2868041992, 70.8324737549, 71.3781356812, 71.9238052368, 72.4694747925, 73.0035324097, 73.5375976563, 74.094871521, 74.5244445801, 74.9424057007, 75.3487548828, 75.766708374, 76.1498413086, 76.5329666138, 76.9393157959, 77.345664978, 77.7287979126, 78.1119232178, 78.4950561523, 78.8781814575, 79.2845306396, 79.6908798218, 80.0972290039, 80.5500183105, 80.9912033081, 81.4323806763, 81.8387298584, 82.256690979, 82.6514282227, 83.0345535278, 83.4176864624, 83.8008117676, 84.1839447021, 84.5670700073, 84.9618148804, 85.3333282471, 85.7048492432, 86.0763702393, 86.4362792969, 86.807800293, 87.1909255981, 87.5624465942, 87.9687957764, 88.386756897, 88.8047180176, 89.2226715088, 89.6406326294, 90.05859375, 90.4881591797, 90.9061203003, 91.3356933594, 91.730430603, 92.1367797852, 92.5547409058, 92.9610900879, 93.3906555176, 93.8086166382, 94.2381820679, 94.6561431885, 95.0741043091, 95.4804534912, 95.8984146118, 96.3047637939, 96.6995010376, 97.1058502197, 97.5121994019, 97.9069366455, 98.3713378906, 98.8357315063, 99.3117446899, 99.8109741211, 100.310203552, 100.809432983, 101.308662415, 101.807891846, 102.272285461, 102.736686707, 103.21269989, 103.677093506, 104.153106689, 104.629112244, 105.116729736, 105.581130981, 106.068748474, 106.556373596, 107.043991089, 107.508384705, 107.97278595, 108.437187195, 108.913192749, 109.365982056, 109.841995239, 110.34122467, 110.840454102, 111.351287842, 111.850517273, 112.338134766, 112.825759888, 113.31337738, 113.800994873, 114.288612366, 114.822669983, 115.356735229, 115.890792847, 116.424850464, 116.97052002, 117.504577637, 118.027030945, 118.549476624, 118.990653992, 119.408615112, 119.826576233, 120.244529724, 120.650878906, 121.057228088, 121.463577271, 121.858322144, 122.253059387, 122.671020508, 123.07736969, 123.483718872, 123.890068054, 124.308021545, 124.714370728, 125.155555725, 125.596733093, 126.037910461, 126.455871582, 126.873832703, 127.291786194, 127.814239502, 128.336685181, 128.859130859, 129.381591797, 129.892425537, 130.414871216, 130.925704956, 131.436553955], "beats_loudness": {"dmean2": 0.0286439042538, "median": 0.00890276953578, "min": 0, "dvar2": 0.00265734223649, "dvar": 0.000812135462184, "dmean": 0.0162511654198, "max": 0.256432712078, "var": 0.000931008486077, "mean": 0.0184667836875}, "danceability": 0.850937187672, "bpm_histogram_second_peak_weight": {"dmean2": 0, "median": 0.0912280678749, "min": 0.0912280678749, "dvar2": 0, "dvar": 0, "dmean": 0, "max": 0.0912280678749, "var": 0, "mean": 0.0912280678749}, "beats_count": 286, "bpm_histogram_second_peak_bpm": {"dmean2": 0, "median": 157, "min": 157, "dvar2": 0, "dvar": 0, "dmean": 0, "max": 157, "var": 0, "mean": 157}, "bpm_histogram_first_peak_spread": {"dmean2": 0, "median": 0.552941143513, "min": 0.552941143513, "dvar2": 0, "dvar": 0, "dmean": 0, "max": 0.552941143513, "var": 0, "mean": 0.552941143513}, "beats_loudness_band_ratio": {"dmean2": [0.204981133342, 0.312428742647, 0.352136939764, 0.0991422906518, 0.0134079791605, 0.00839709769934], "median": [0.0789860785007, 0.368989169598, 0.300009608269, 0.0403365939856, 0.00258924346417, 1.39512630994e-05], "min": [0, 0, 0, 0, 0, 0], "dvar2": [0.0524913370609, 0.0687639638782, 0.0930518656969, 0.0260752867907, 0.00053658260731, 0.0101623218507], "dvar": [0.0236554034054, 0.0338045246899, 0.0429224967957, 0.0104012330994, 0.000197626068257, 0.00413761613891], "dmean": [0.120786041021, 0.195532947779, 0.206478267908, 0.0588461346924, 0.00769624533132, 0.00566344568506], "max": [0.994534432888, 0.940858006477, 0.971535265446, 0.842110753059, 0.0943142995238, 0.784953534603], "var": [0.0563955716789, 0.0830782651901, 0.0888402536511, 0.011243140325, 0.000160484705702, 0.00214877608232], "mean": [0.189413890243, 0.403225511312, 0.40320751071, 0.0710271149874, 0.0068051693961, 0.00296462606639]}}, "lowlevel": {"barkbands_spread": {"dmean2": 1.35804092884, "median": 2.92132735252, "min": 0.0728091672063, "dvar2": 19.3361663818, "dvar": 7.5587553978, "dmean": 0.830332398415, "max": 133.031402588, "var": 26.2331218719, "mean": 3.62581706047}, "melbands_spread": {"dmean2": 1.68589890003, "median": 4.36067438126, "min": 0.0368987731636, "dvar2": 11.8427524567, "dvar": 4.96807384491, "dmean": 1.04442369938, "max": 157.597946167, "var": 154.623962402, "mean": 6.02232551575}, "hfc": {"dmean2": 2.20134949684, "median": 2.60001778603, "min": 1.08338875616e-16, "dvar2": 24.4093589783, "dvar": 11.3134641647, "dmean": 1.47370457649, "max": 131.734924316, "var": 122.824455261, "mean": 6.32320547104}, "barkbands_kurtosis": {"dmean2": 13.4746847153, "median": 4.33723258972, "min": -1.86975681782, "dvar2": 23476.6757813, "dvar": 7677.97021484, "dmean": 7.80838489532, "max": 4121.88671875, "var": 7229.31884766, "mean": 12.0535116196}, "gfcc": {"mean": [-281.411407471, 230.394714355, -98.603843689, -67.0048980713, -39.0295944214, -18.5843830109, -35.6241378784, -18.2102890015, -9.91603851318, -8.93478393555, -3.38793206215, -11.4222993851, -6.14583921432], "icov": [[0.000618769729044, -0.00139370001853, 0.00138937938027, -0.00131342967506, 0.000920114340261, -0.000258175568888, 0.00065401365282, 0.000155803369125, -7.59684116929e-05, 0.000552094599698, -0.0010062357178, 0.000992692192085, -0.00036039511906], [-0.00139370001853, 0.00452202791348, -0.00343637308106, 0.00398885924369, -0.00266314996406, 0.00120829744264, -0.00190862733871, 0.00131556787528, -0.000515255378559, -0.000115049384476, 0.00152068771422, -0.00123966170941, 0.00130306498613], [0.00138937938027, -0.00343637308106, 0.00452228263021, -0.00356005784124, 0.00287118763663, -0.00248725968413, 0.00168109475635, 0.00082522718003, 0.000947547028773, 0.000262431625742, -0.0012250902364, 0.00132085941732, 8.41914879857e-05], [-0.00131342967506, 0.00398885924369, -0.00356005784124, 0.00675810640678, -0.00430195359513, 0.00188741530292, -0.00359034212306, -0.000449864193797, 0.00314513477497, -0.00272088777274, 0.00414286693558, -0.00410913256928, 0.00263582845218], [0.000920114340261, -0.00266314996406, 0.00287118763663, -0.00430195359513, 0.00717339012772, -0.00150524347555, 0.00157277530525, 0.00062700395938, -0.00297865760513, 0.00391723122448, -0.00474593229592, 0.00231208465993, -0.00264142872766], [-0.000258175568888, 0.00120829744264, -0.00248725968413, 0.00188741530292, -0.00150524347555, 0.00886891130358, -0.0029101120308, 0.000359447440132, 0.000188105710549, -0.00332793360576, 0.00589376408607, -0.00429376401007, 0.00231678877026], [0.00065401365282, -0.00190862733871, 0.00168109475635, -0.00359034212306, 0.00157277530525, -0.0029101120308, 0.0127956299111, -0.00667216302827, 0.00281324167736, -0.00192190869711, -0.00202129571699, 0.0071544428356, -0.00241178064607], [0.000155803369125, 0.00131556787528, 0.00082522718003, -0.000449864193797, 0.00062700395938, 0.000359447440132, -0.00667216302827, 0.016465626657, -0.0112029565498, 0.00352064240724, -0.00092426687479, -0.0031309905462, 0.00726533774287], [-7.59684116929e-05, -0.000515255378559, 0.000947547028773, 0.00314513477497, -0.00297865760513, 0.000188105710549, 0.00281324167736, -0.0112029565498, 0.0254499558359, -0.0147705683485, 0.0058414619416, -0.00193161366042, 0.000654374307487], [0.000552094599698, -0.000115049384476, 0.000262431625742, -0.00272088777274, 0.00391723122448, -0.00332793360576, -0.00192190869711, 0.00352064240724, -0.0147705683485, 0.0239825192839, -0.0141273224726, 0.00672717485577, -0.00748399784788], [-0.0010062357178, 0.00152068771422, -0.0012250902364, 0.00414286693558, -0.00474593229592, 0.00589376408607, -0.00202129571699, -0.00092426687479, 0.0058414619416, -0.0141273224726, 0.0297122858465, -0.0195661690086, 0.0126445060596], [0.000992692192085, -0.00123966170941, 0.00132085941732, -0.00410913256928, 0.00231208465993, -0.00429376401007, 0.0071544428356, -0.0031309905462, -0.00193161366042, 0.00672717485577, -0.0195661690086, 0.0254226364195, -0.0140604665503], [-0.00036039511906, 0.00130306498613, 8.41914879857e-05, 0.00263582845218, -0.00264142872766, 0.00231678877026, -0.00241178064607, 0.00726533774287, 0.000654374307487, -0.00748399784788, 0.0126445060596, -0.0140604665503, 0.0223455838859]], "cov": [[17288.0625, 3483.70874023, -4084.50244141, -983.3203125, 509.453826904, -1518.36962891, -606.219543457, -461.844940186, -51.3248100281, -510.059112549, 273.5574646, -301.939941406, -4.67718362808], [3483.70874023, 1702.59643555, -145.575683594, -554.863952637, 18.7598361969, -216.574661255, -210.713668823, -318.149963379, -100.565719604, -178.404769897, -32.9772987366, -136.910675049, 3.97675275803], [-4084.50244141, -145.575683594, 2054.28808594, 295.297302246, -292.881896973, 547.348999023, 111.394798279, -127.290664673, -170.953674316, 36.6358108521, -187.731826782, -14.8713922501, -23.7706184387], [-983.3203125, -554.863952637, 295.297302246, 636.154907227, 96.3158950806, 105.012550354, 155.676208496, 98.9132156372, -41.5272254944, 33.3537216187, -10.0282363892, 38.7232170105, -32.0875930786], [509.453826904, 18.7598361969, -292.881896973, 96.3158950806, 295.185302734, -78.9625320435, -22.4632816315, 16.0753440857, 25.3734588623, -15.8029880524, 60.2053031921, 43.025188446, 19.2629165649], [-1518.36962891, -216.574661255, 547.348999023, 105.012550354, -78.9625320435, 314.148010254, 92.6240386963, 25.6303081512, -6.23508119583, 52.2607803345, -68.8660736084, 2.78522062302, -8.14268875122], [-606.219543457, -210.713668823, 111.394798279, 155.676208496, -22.4632816315, 92.6240386963, 212.877304077, 127.268119812, 29.6805820465, 45.127910614, -28.3342838287, -52.8858909607, -49.9333343506], [-461.844940186, -318.149963379, -127.290664673, 98.9132156372, 16.0753440857, 25.6303081512, 127.268119812, 242.628875732, 110.467979431, 64.161277771, 34.2835235596, 4.1769618988, -64.5096969604], [-51.3248100281, -100.565719604, -170.953674316, -41.5272254944, 25.3734588623, -6.23508119583, 29.6805820465, 110.467979431, 134.253723145, 76.0203399658, 35.250919342, 13.8441572189, -8.19535160065], [-510.059112549, -178.404769897, 36.6358108521, 33.3537216187, -15.8029880524, 52.2607803345, 45.127910614, 64.161277771, 76.0203399658, 125.883384705, 41.1905899048, 30.0796699524, 10.3815345764], [273.5574646, -32.9772987366, -187.731826782, -10.0282363892, 60.2053031921, -68.8660736084, -28.3342838287, 34.2835235596, 35.250919342, 41.1905899048, 125.63343811, 79.3288650513, -0.134780243039], [-301.939941406, -136.910675049, -14.8713922501, 38.7232170105, 43.025188446, 2.78522062302, -52.8858909607, 4.1769618988, 13.8441572189, 30.0796699524, 79.3288650513, 147.356140137, 53.8338050842], [-4.67718362808, 3.97675275803, -23.7706184387, -32.0875930786, 19.2629165649, -8.14268875122, -49.9333343506, -64.5096969604, -8.19535160065, 10.3815345764, -0.134780243039, 53.8338050842, 104.692047119]]}, "spectral_energyband_middle_low": {"dmean2": 0.00554828997701, "median": 0.00544880377129, "min": 1.85786171645e-22, "dvar2": 0.000195998247364, "dvar": 7.52450723667e-05, "dmean": 0.00358584965579, "max": 0.279891371727, "var": 0.000538530061021, "mean": 0.0130903190002}, "melbands_crest": {"dmean2": 3.79305171967, "median": 17.3621292114, "min": 1.53500342369, "dvar2": 19.0696086884, "dvar": 6.94845819473, "dmean": 2.31493854523, "max": 39.9364738464, "var": 39.89478302, "mean": 18.2133045197}, "spectral_kurtosis": {"dmean2": 59.0160255432, "median": 136.194763184, "min": -1.25526225567, "dvar2": 3128.14624023, "dvar": 1067.98254395, "dmean": 34.2360916138, "max": 481.84753418, "var": 5074.12695313, "mean": 140.361602783}, "spectral_rms": {"dmean2": 0.000582594715524, "median": 0.00246474007145, "min": 3.12166416848e-12, "dvar2": 8.11541895018e-07, "dvar": 3.48414545215e-07, "dmean": 0.000384269893402, "max": 0.0171059928834, "var": 5.6010139815e-06, "mean": 0.00296773272566}, "zerocrossingrate": {"dmean2": 0.00231068395078, "median": 0.02001953125, "min": 0, "dvar2": 2.37411913986e-05, "dvar": 1.64779212355e-05, "dmean": 0.00174260139465, "max": 0.52880859375, "var": 0.00199187803082, "mean": 0.0248462539166}, "silence_rate_60dB": {"dmean2": 0.0701754391193, "median": 0, "min": 0, "dvar2": 0.0715613141656, "dvar": 0.0338530279696, "dmean": 0.0350815653801, "max": 1, "var": 0.228196769953, "mean": 0.352332502604}, "erbbands_kurtosis": {"dmean2": 2.06866288185, "median": 1.5466105938, "min": -1.60448384285, "dvar2": 10.1000928879, "dvar": 4.03364419937, "dmean": 1.29030418396, "max": 62.3493118286, "var": 23.3478431702, "mean": 2.95679974556}, "erbbands": {"dmean2": [0.00112169177737, 0.0435717441142, 0.423070460558, 1.05680763721, 4.3942527771, 8.07041072845, 9.61199188232, 19.4035987854, 29.8482875824, 23.2655735016, 10.383852005, 6.34259748459, 6.01833868027, 5.42764520645, 4.39896774292, 3.34872913361, 2.67090082169, 3.13935756683, 2.04434895515, 1.417568326, 0.475256830454, 0.368180096149, 0.142692804337, 0.0701805055141, 0.0588896274567, 0.0179191250354, 0.0115221189335, 0.00368634634651, 0.00113406172022, 0.000661198049784, 0.000459666975075, 0.000148972219904, 7.50796752982e-05, 3.06998153974e-05, 1.61302723427e-05, 7.2555526458e-06, 3.61486718248e-06, 9.71115582615e-07, 2.68842541118e-06, 6.45043610348e-06], "median": [0.000299203180475, 0.00476669333875, 0.0343475565314, 0.156271576881, 0.607104063034, 1.21367323399, 2.05500841141, 4.93425941467, 7.91279792786, 6.55126333237, 4.10067462921, 3.07827496529, 2.22702717781, 2.03841233253, 1.64207482338, 1.0035264492, 0.86677134037, 0.756296396255, 0.374762147665, 0.116705842316, 0.0560914427042, 0.0201233997941, 0.00701687764376, 0.00217013899237, 0.000815124250948, 0.000267815543339, 0.000162233554875, 9.06040804693e-05, 7.42532865843e-05, 5.86189198657e-05, 4.34982175648e-05, 3.55298288923e-05, 2.63568563241e-05, 1.88932972378e-05, 1.32061522891e-05, 8.34258753457e-06, 4.4175558287e-06, 1.18793718684e-06, 3.16420391755e-06, 7.01339286024e-06], "min": [7.10214375979e-23, 4.89528505637e-22, 1.90099958424e-21, 7.30256289733e-21, 6.49134872852e-21, 3.93081009223e-20, 7.18272139023e-20, 6.11246987727e-20, 1.47324615258e-19, 3.70523432027e-19, 2.6414430879e-19, 3.4236178373e-19, 5.38973619744e-19, 7.31739221007e-19, 8.20822178582e-19, 1.68276712433e-18, 1.78397711837e-18, 3.0958464856e-18, 2.52324125311e-18, 3.71224844998e-18, 4.23353270892e-18, 5.27505815206e-18, 5.91157239265e-18, 6.47873167478e-18, 8.46261932205e-18, 9.08644171691e-18, 9.89813171814e-18, 9.92005200437e-18, 1.05764007953e-17, 1.25967613173e-17, 1.26004546787e-17, 1.04425092054e-17, 9.32435457752e-18, 7.95430856383e-18, 6.64295721847e-18, 4.41423734477e-18, 2.05878699058e-18, 1.06957668868e-18, 2.6744703418e-19, 2.65570213069e-20], "dvar2": [2.39769615291e-05, 0.0513837412, 8.15317344666, 35.6706733704, 461.234069824, 2189.09375, 1369.7166748, 5107.95361328, 9536.50488281, 8659.12109375, 1752.02258301, 785.35546875, 830.278747559, 609.931945801, 205.452896118, 183.385467529, 143.784454346, 167.901489258, 107.647644043, 80.5635452271, 6.94152545929, 3.06558799744, 1.38278198242, 0.194449618459, 0.208609983325, 0.0816531404853, 0.0528168007731, 0.00485385302454, 0.000228882607189, 8.11652062112e-05, 5.63868088648e-05, 2.41437123805e-06, 1.71103727098e-06, 2.7528743729e-08, 3.49350148809e-09, 3.04641756266e-10, 2.43821213219e-10, 4.893886945e-12, 4.13897562057e-11, 2.44271020078e-10], "dvar": [9.02381725609e-06, 0.0211683753878, 2.63850665092, 11.4398488998, 164.465545654, 691.131896973, 598.498718262, 1925.30236816, 2719.35668945, 6443.94091797, 916.56463623, 378.043731689, 413.200592041, 234.120376587, 99.7066726685, 79.7603378296, 86.6890106201, 72.549659729, 53.7783546448, 30.4064273834, 2.97982740402, 1.50704884529, 0.643318295479, 0.0869266241789, 0.114753715694, 0.0445029065013, 0.0279017277062, 0.00204876530915, 9.97444367385e-05, 3.82705438824e-05, 2.33657374338e-05, 1.0492265119e-06, 5.89044020671e-07, 1.00379358159e-08, 1.62070057375e-09, 1.23328569579e-10, 8.65809854367e-11, 1.91504407818e-12, 1.66960004849e-11, 9.68409519242e-11], "dmean": [0.000679085729644, 0.0264542456716, 0.249433472753, 0.639822423458, 2.71516823769, 4.88285684586, 6.197701931, 12.3354492188, 16.8499011993, 18.1275272369, 7.81526327133, 4.44096755981, 4.23068714142, 3.56974387169, 3.01724123955, 2.25938129425, 1.90652155876, 2.11875629425, 1.38679730892, 0.916957676411, 0.302917867899, 0.251363635063, 0.0976945012808, 0.0485679842532, 0.0454120635986, 0.0123651931062, 0.00702771218494, 0.00245361099951, 0.000762759125791, 0.000421805045335, 0.000307153939502, 9.8583928775e-05, 4.61697927676e-05, 1.92785373656e-05, 1.04335167634e-05, 4.66426035928e-06, 2.2903068384e-06, 6.00596479217e-07, 1.75933485025e-06, 4.2005499381e-06], "max": [0.185170471668, 5.90327453613, 50.2451896667, 102.73789978, 569.519836426, 821.808959961, 1105.50244141, 1086.87878418, 1384.96630859, 4771.54931641, 1282.75854492, 823.229003906, 829.051818848, 605.934143066, 425.012664795, 333.544372559, 380.07144165, 303.821899414, 397.635314941, 202.493759155, 88.7313461304, 46.8845977783, 54.4237709045, 15.0588827133, 17.0613632202, 13.2047290802, 10.0549573898, 2.79927706718, 0.568697333336, 0.36576667428, 0.224666178226, 0.0576201230288, 0.0437079556286, 0.00499091250822, 0.00262277387083, 0.000556345912628, 0.000507253920659, 6.03915868851e-05, 0.00014106859453, 0.00033406278817], "var": [5.49437318114e-05, 0.0631822049618, 4.67418956757, 19.0071105957, 403.741333008, 1576.20935059, 2869.23876953, 7953.84570313, 7332.17675781, 50623.9882813, 4976.96679688, 1647.35668945, 1928.1394043, 885.644958496, 748.407226563, 395.642089844, 366.109222412, 340.939697266, 207.048583984, 70.7387924194, 6.05143976212, 4.94403409958, 2.4677362442, 0.301406890154, 0.232387125492, 0.0633815973997, 0.0365827716887, 0.00247925962321, 0.000133303212351, 5.04510862811e-05, 2.38167667703e-05, 1.32656691676e-06, 3.9756764636e-07, 1.36302480414e-08, 3.59325014188e-09, 4.71418626358e-10, 1.60920207715e-10, 6.3546776348e-12, 1.53495174904e-10, 8.45485070844e-10], "mean": [0.00161554501392, 0.0485452674329, 0.414889425039, 1.38576209545, 6.29474925995, 10.9572753906, 18.196308136, 32.0643730164, 41.4811286926, 60.1326828003, 26.8348121643, 13.8621587753, 12.9240179062, 10.4411401749, 10.5735807419, 6.92601060867, 5.83199977875, 6.23946857452, 3.89682030678, 2.02441430092, 0.698964118958, 0.612446725368, 0.2764082551, 0.131314650178, 0.0834340825677, 0.0219208206981, 0.0105711938813, 0.00359971704893, 0.00121520948596, 0.000696579343639, 0.000419150775997, 0.000179225913598, 8.56401675264e-05, 4.48739665444e-05, 2.76620903605e-05, 1.54282697622e-05, 8.07824199001e-06, 2.01761326935e-06, 7.22781987861e-06, 1.65507535712e-05]}, "spectral_strongpeak": {"dmean2": 0.364100843668, "median": 0.788765728474, "min": 0, "dvar2": 0.376672744751, "dvar": 0.15515781939, "dmean": 0.22874109447, "max": 8.97115516663, "var": 0.798153162003, "mean": 0.996783554554}, "spectral_energy": {"dmean2": 0.00580594269559, "median": 0.00622681807727, "min": 9.98840622938e-21, "dvar2": 0.000200164315174, "dvar": 7.88326360635e-05, "dmean": 0.00377535284497, "max": 0.299930363894, "var": 0.00067669613054, "mean": 0.0147686256096}, "average_loudness": 0.0102193318307, "spectral_rolloff": {"dmean2": 102.116645813, "median": 495.263671875, "min": 21.533203125, "dvar2": 214012.921875, "dvar": 88984.3671875, "dmean": 56.7575302124, "max": 19422.9492188, "var": 3002034, "mean": 698.327880859}, "spectral_centroid": {"dmean2": 47.8879013062, "median": 426.125610352, "min": 154.803100586, "dvar2": 24316.5136719, "dvar": 11435.5644531, "dmean": 29.7394199371, "max": 11785.5869141, "var": 903845.875, "mean": 541.21496582}, "pitch_salience": {"dmean2": 0.0879924371839, "median": 0.497255474329, "min": 0.0104776313528, "dvar2": 0.00872361753136, "dvar": 0.00327838910744, "dmean": 0.0530824400485, "max": 0.826446592808, "var": 0.0195326507092, "mean": 0.493304848671}, "spectral_energyband_middle_high": {"dmean2": 0.000369771121768, "median": 0.000247771793511, "min": 1.18264320447e-21, "dvar2": 1.42950307236e-06, "dvar": 7.11017321464e-07, "dmean": 0.000259275140706, "max": 0.0418637394905, "var": 5.7621268752e-06, "mean": 0.00107065250631}, "spectral_contrast_coeffs": {"dmean2": [0.0671022683382, 0.0617899298668, 0.0431059524417, 0.0378792658448, 0.0233762506396, 0.0365828275681], "median": [-0.586119830608, -0.611568570137, -0.688589513302, -0.700855135918, -0.781553864479, -0.884772777557], "min": [-0.978110074997, -0.978593707085, -0.976324319839, -0.970263898373, -0.96783208847, -0.96347117424], "dvar2": [0.00318774976768, 0.00385215063579, 0.00215801806189, 0.00170616316609, 0.000524222385138, 0.00133348116651], "dvar": [0.00122181198094, 0.00146238843445, 0.000854696787428, 0.000687284511514, 0.000245312839979, 0.000465314107714], "dmean": [0.0403128229082, 0.0367549546063, 0.0263891462237, 0.0230521392077, 0.0147609570995, 0.0210954714566], "max": [-0.250022321939, -0.333979308605, -0.475289434195, -0.512500822544, -0.578449010849, -0.662699043751], "var": [0.0169921815395, 0.0122756129131, 0.00729319872335, 0.00533072045073, 0.00656779808924, 0.00151346763596], "mean": [-0.591772973537, -0.626353800297, -0.697546780109, -0.712274253368, -0.783149421215, -0.877482771873]}, "melbands_skewness": {"dmean2": 0.963984310627, "median": 1.35125780106, "min": -4.59891700745, "dvar2": 17.9510326385, "dvar": 6.5251531601, "dmean": 0.589618444443, "max": 117.507141113, "var": 16.9305286407, "mean": 1.76820456982}, "spectral_spread": {"dmean2": 550292.125, "median": 818060.4375, "min": 214806.171875, "dvar2": 531419791360, "dvar": 256986038272, "dmean": 311363.59375, "max": 42364940, "var": 12980018217000.0, "mean": 1285071.75}, "dissonance": {"dmean2": 0.0794516503811, "median": 0.348900556564, "min": 0.0899678617716, "dvar2": 0.00546371750534, "dvar": 0.00194648141041, "dmean": 0.0461066663265, "max": 0.499999940395, "var": 0.0067542498, "mean": 0.345371305943}, "spectral_skewness": {"dmean2": 2.60589528084, "median": 9.0352973938, "min": -0.0853898897767, "dvar2": 5.23392868042, "dvar": 1.85981059074, "dmean": 1.48811686039, "max": 17.1403121948, "var": 8.92970275879, "mean": 8.7653875351}, "spectral_flux": {"dmean2": 0.019002052024, "median": 0.0158962979913, "min": 6.36934532894e-11, "dvar2": 0.000955557334237, "dvar": 0.000389830005588, "dmean": 0.011803788133, "max": 0.329463094473, "var": 0.00116648094263, "mean": 0.0283120591193}, "spectral_contrast_valleys": {"dmean2": [0.679964363575, 0.512316584587, 0.459024935961, 0.442086189985, 0.328941941261, 0.708141744137], "median": [-9.1452331543, -7.67905807495, -8.99668502808, -10.7168807983, -12.4018974304, -14.5833187103], "min": [-27.9532928467, -28.3035545349, -27.6853542328, -27.6201953888, -27.5060062408, -27.3468036652], "dvar2": [0.339673012495, 0.359489530325, 0.317456126213, 0.360308915377, 0.199362814426, 0.493132352829], "dvar": [0.140257820487, 0.164100125432, 0.14800556004, 0.166331067681, 0.0935684219003, 0.170610487461], "dmean": [0.410196363926, 0.311715096235, 0.285309135914, 0.275627791882, 0.210593536496, 0.409643769264], "max": [-5.74027776718, -4.62528753281, -5.68349218369, -6.57033538818, -8.12304210663, -12.0209093094], "var": [3.60171771049, 4.53155231476, 4.08525753021, 3.96097612381, 2.68142437935, 1.66674697399], "mean": [-9.29204654694, -7.93826913834, -9.19012069702, -10.7489395142, -12.3764047623, -14.5946540833]}, "erbbands_flatness_db": {"dmean2": 0.0238681510091, "median": 0.408186078072, "min": 0.0313899107277, "dvar2": 0.000593544973526, "dvar": 0.000220667978283, "dmean": 0.0146362204105, "max": 0.54963439703, "var": 0.00439049489796, "mean": 0.399707347155}, "spectral_energyband_high": {"dmean2": 4.64668204359e-07, "median": 1.60697410934e-08, "min": 7.2472403471e-21, "dvar2": 9.50048095749e-11, "dvar": 5.14933061468e-11, "dmean": 2.88637210133e-07, "max": 0.000438402872533, "var": 6.99189386943e-11, "mean": 4.67728597187e-07}, "spectral_entropy": {"dmean2": 0.234417676926, "median": 5.28040361404, "min": 3.80480790138, "dvar2": 0.0795990675688, "dvar": 0.0320205874741, "dmean": 0.144115969539, "max": 9.81886100769, "var": 0.446455448866, "mean": 5.33059024811}, "silence_rate_20dB": {"dmean2": 0, "median": 1, "min": 1, "dvar2": 0, "dvar": 0, "dmean": 0, "max": 1, "var": 0, "mean": 1}, "melbands_flatness_db": {"dmean2": 0.0300853066146, "median": 0.503506183624, "min": 0.00359063642099, "dvar2": 0.00110652053263, "dvar": 0.000426971091656, "dmean": 0.0188093781471, "max": 0.696480572224, "var": 0.00595163274556, "mean": 0.497426748276}, "barkbands": {"dmean2": [1.74391680048e-05, 0.000129933003336, 0.000471527077025, 0.00045426361612, 0.00210945890285, 0.0019623786211, 0.00214532273822, 0.000590337091126, 0.000315607670927, 0.000172618412762, 0.000102495709143, 0.000110385561129, 5.87403555983e-05, 5.58408100915e-05, 4.53439351986e-05, 1.06152501758e-05, 6.14319105807e-06, 2.49572349276e-06, 1.03637296434e-06, 5.03928902162e-07, 1.14055715983e-07, 2.90938633185e-08, 1.4205776111e-08, 5.07113417925e-09, 2.29883445613e-09, 1.56582946609e-09, 1.26143984147e-09], "median": [4.45749083156e-06, 1.36833205033e-05, 2.45084811468e-05, 4.63996693725e-05, 0.000440611620434, 0.000443570315838, 0.000491720391437, 0.000164760116604, 9.78534953902e-05, 4.28545426985e-05, 2.35747975239e-05, 2.0122872229e-05, 1.41634282045e-05, 1.14061094791e-05, 2.63276047008e-06, 1.01098282812e-06, 2.62467324319e-07, 7.16870189876e-08, 1.96705904898e-08, 5.16088505265e-09, 2.4840538515e-09, 1.92489890694e-09, 1.41907352535e-09, 1.31735977682e-09, 1.1297323077e-09, 1.05604935907e-09, 1.18657661474e-09], "min": [7.85048734897e-25, 3.18599009007e-24, 2.08888592765e-24, 2.55269472473e-24, 7.92663766987e-24, 5.73140934788e-24, 1.39815813575e-23, 8.39572355197e-24, 8.85610829828e-24, 1.40432403036e-23, 8.70531911397e-24, 4.11125305274e-23, 3.81571073222e-23, 4.83496509125e-23, 4.66172713438e-23, 5.37001662664e-23, 7.42672089478e-23, 7.98574685972e-23, 1.23968064995e-22, 2.08426631086e-22, 2.15117572579e-22, 2.98959779557e-22, 4.49089097499e-22, 6.0149732731e-22, 8.89003881509e-22, 1.07310538705e-21, 1.87333548185e-21], "dvar2": [4.73935835021e-10, 4.61573108623e-07, 1.09272068585e-05, 5.39311076864e-06, 8.90497976798e-05, 4.71717903565e-05, 4.38889219367e-05, 3.90534523831e-06, 1.97238932742e-06, 7.41579981423e-07, 1.55493580678e-07, 2.19435960958e-07, 6.12445774095e-08, 4.69546712623e-08, 8.41548768449e-08, 2.7986946094e-09, 7.34040550565e-10, 4.43095754532e-10, 4.56903612167e-11, 7.95890922611e-11, 2.10885085436e-12, 1.1532804876e-13, 3.36645079489e-14, 4.93006971917e-15, 5.7558462952e-17, 2.56939487072e-17, 7.66047994818e-18], "dvar": [1.57855076233e-10, 1.96169622768e-07, 3.47483796759e-06, 1.81878692729e-06, 3.05814101011e-05, 1.82037183549e-05, 1.82556941581e-05, 2.11546853279e-06, 9.18236594316e-07, 3.80389820975e-07, 8.00938124712e-08, 1.01863456337e-07, 3.60127216936e-08, 2.15508304535e-08, 3.24388089723e-08, 1.16010900886e-09, 3.48978235198e-10, 2.01035965652e-10, 2.5868803627e-11, 4.28778713923e-11, 7.97383535069e-13, 5.23980883097e-14, 1.45562391757e-14, 1.80580055168e-15, 2.44804433157e-17, 9.27200066219e-18, 2.5203872732e-18], "dmean": [9.61213845585e-06, 8.00922935014e-05, 0.000275677244645, 0.000277700921288, 0.00131061312277, 0.00125741132069, 0.00135738507379, 0.000426203245297, 0.00021634370205, 0.000119942284073, 7.12422188371e-05, 7.5256000855e-05, 4.10755892517e-05, 3.77363030566e-05, 2.92496351904e-05, 6.87607689542e-06, 4.13633006247e-06, 1.69725319665e-06, 8.01416547347e-07, 3.34290092496e-07, 7.08388228077e-08, 1.90811064726e-08, 9.36170341248e-09, 3.22778048734e-09, 1.46355583208e-09, 9.57627310783e-10, 7.32893856714e-10], "max": [0.000139555719215, 0.0188938416541, 0.0498605817556, 0.0425587333739, 0.158076494932, 0.151088669896, 0.18403622508, 0.0583995468915, 0.0398379266262, 0.0380374453962, 0.0138922724873, 0.0134467007592, 0.00744425365701, 0.00529012503102, 0.00610493542627, 0.00150333554484, 0.000663033919409, 0.000946758606005, 0.000238738168264, 0.000402932811994, 4.81784773001e-05, 1.28256015159e-05, 4.93004290547e-06, 2.58133081843e-06, 2.53200482803e-07, 1.56026445097e-07, 3.78386069144e-08], "var": [1.47540035744e-10, 6.32123089872e-07, 5.87325212109e-06, 3.71389751308e-06, 8.86088237166e-05, 8.35684622871e-05, 9.75811562967e-05, 1.47411074067e-05, 4.19460457124e-06, 1.85739645531e-06, 5.91167122366e-07, 4.98775193591e-07, 1.44966449511e-07, 1.04792654554e-07, 7.86411291642e-08, 2.7443942674e-09, 1.122520632e-09, 7.37448213606e-10, 6.49684334109e-11, 5.93830540296e-11,