{"tonal": {"thpcp": [1, 0.96548730135, 0.440715104342, 0.2267999053, 0.207255363464, 0.489882469177, 0.814707159996, 0.544764339924, 0.314617484808, 0.462213426828, 0.415027439594, 0.405157446861, 0.841472029686, 0.924678862095, 0.547587871552, 0.438203394413, 0.42671173811, 0.353068560362, 0.340278804302, 0.348078429699, 0.394007235765, 0.753729403019, 0.821371376514, 0.441892057657, 0.319457739592, 0.38616964221, 0.576285302639, 0.970911443233, 0.975372850895, 0.545433580875, 0.324951082468, 0.286144345999, 0.363817185163, 0.667552828789, 0.775583684444, 0.689049601555], "hpcp": {"dmean2": [0.187354534864, 0.177636668086, 0.183903753757, 0.23845462501, 0.246445894241, 0.179277762771, 0.163898974657, 0.206541806459, 0.255063861609, 0.291396260262, 0.30400493741, 0.226367413998, 0.162451207638, 0.141457796097, 0.16725102067, 0.259454011917, 0.313143163919, 0.296535342932, 0.32012039423, 0.317043602467, 0.19302944839, 0.120389960706, 0.112108759582, 0.235266879201, 0.377591669559, 0.234379604459, 0.146775096655, 0.223030894995, 0.19676746428, 0.174566417933, 0.277414917946, 0.309339225292, 0.234772697091, 0.219363555312, 0.237444788218, 0.212537944317], "median": [0.0112125854939, 0.0113619957119, 0.019800150767, 0.0437300093472, 0.0472600199282, 0.0272977724671, 0.0103975888342, 0.0120891388506, 0.0326390191913, 0.0647580623627, 0.0658913776278, 0.0314031913877, 0.0119626652449, 0.00795745290816, 0.0154270399362, 0.0350284092128, 0.0468169823289, 0.0608571842313, 0.0792985856533, 0.0696905627847, 0.0292642600834, 0.00728298304603, 0.00520890764892, 0.0228060986847, 0.0338078476489, 0.0272490084171, 0.00619126250967, 0.00525745702907, 0.0058950856328, 0.0212133843452, 0.0551391914487, 0.0571570210159, 0.0282795839012, 0.0105078686029, 0.00932376552373, 0.0101799014956], "min": [0, 0, 0, 0, 0, 0, 0, 0, 0, 0, 0, 0, 0, 0, 0, 0, 0, 0, 0, 0, 0, 0, 0, 0, 0, 0, 0, 0, 0, 0, 0, 0, 0, 0, 0, 0], "dvar2": [0.115050464869, 0.108922332525, 0.0991252586246, 0.109235666692, 0.112295217812, 0.0820086821914, 0.0904428139329, 0.119179494679, 0.142332538962, 0.13991124928, 0.15427416563, 0.108487084508, 0.0810856819153, 0.0760101526976, 0.081173799932, 0.13368999958, 0.165094569325, 0.150643020868, 0.15500216186, 0.161736831069, 0.0900831893086, 0.0690528899431, 0.0703660026193, 0.0952460691333, 0.232480764389, 0.0938230752945, 0.0765670835972, 0.167389824986, 0.115421615541, 0.0858558490872, 0.142689019442, 0.163431733847, 0.127184897661, 0.138773843646, 0.172807276249, 0.143090650439], "dvar": [0.0415257290006, 0.040397439152, 0.0365560203791, 0.0440311953425, 0.0473323017359, 0.0309632401913, 0.032751403749, 0.0428993664682, 0.0526192113757, 0.0564146004617, 0.0619205348194, 0.0410794317722, 0.0302832033485, 0.0285833422095, 0.0309051778167, 0.0524904020131, 0.0630418434739, 0.0538981333375, 0.0595041029155, 0.0638381466269, 0.0338638722897, 0.0254395473748, 0.0253511052579, 0.0364495106041, 0.0919339060783, 0.0364591255784, 0.0294166784734, 0.0709745213389, 0.0474398173392, 0.031736753881, 0.0553427115083, 0.0640581399202, 0.0460489392281, 0.049160130322, 0.0606960579753, 0.0501264519989], "dmean": [0.102373100817, 0.097805917263, 0.103433653712, 0.139042109251, 0.143348842859, 0.102249190211, 0.0897842571139, 0.11247856915, 0.143241986632, 0.171019673347, 0.176522955298, 0.128618359566, 0.0905723273754, 0.079204402864, 0.0944493114948, 0.147776022553, 0.175972282887, 0.166639566422, 0.18376801908, 0.180932819843, 0.10805606842, 0.0659670829773, 0.0607744753361, 0.129394322634, 0.206001326442, 0.130607917905, 0.0835785269737, 0.123427465558, 0.111092865467, 0.098803088069, 0.158762201667, 0.17514924705, 0.131268754601, 0.120146207511, 0.127836555243, 0.113986231387], "max": [1, 1, 1, 1, 1, 1, 1, 1, 1, 1, 1, 1, 1, 1, 1, 1, 1, 1, 1, 1, 1, 1, 1, 1, 1, 1, 1, 1, 1, 1, 1, 1, 1, 1, 1, 1], "var": [0.0329556018114, 0.0349749773741, 0.0333728194237, 0.0727694034576, 0.0865398198366, 0.0323608443141, 0.0283410288393, 0.0364332981408, 0.0528249889612, 0.0996662303805, 0.101481020451, 0.0457477346063, 0.0285218842328, 0.025927266106, 0.0297255236655, 0.0655609071255, 0.0764627978206, 0.0546989068389, 0.0958756059408, 0.0973833352327, 0.0317064933479, 0.0203078556806, 0.0199799370021, 0.0368750579655, 0.0979956388474, 0.0436792783439, 0.0284251291305, 0.0691033750772, 0.0468882508576, 0.0317557156086, 0.0841267257929, 0.098118416965, 0.0470636859536, 0.0475406199694, 0.0489821247756, 0.0353930741549], "mean": [0.0812213271856, 0.0830830261111, 0.0940457955003, 0.179908066988, 0.196053564548, 0.105475448072, 0.0762515366077, 0.0921750366688, 0.137553840876, 0.231747359037, 0.232812255621, 0.130189821124, 0.0775627419353, 0.0682999417186, 0.0868397131562, 0.159338533878, 0.185124471784, 0.164469614625, 0.238690525293, 0.230452671647, 0.10519451648, 0.0541349872947, 0.0494698919356, 0.116930305958, 0.194462880492, 0.130030080676, 0.0750962123275, 0.110325962305, 0.0990631207824, 0.0967072471976, 0.200851395726, 0.220712080598, 0.130704030395, 0.104594998062, 0.101852051914, 0.0842741206288]}, "tuning_equal_tempered_deviation": 0.194242164493, "chords_changes_rate": 0.0659764036536, "key_key": "D#", "tuning_diatonic_strength": 0.559846401215, "key_scale": "major", "chords_number_rate": 0.00288947741501, "tuning_frequency": 434.193115234, "tuning_nontempered_energy_ratio": 0.896325051785, "chords_histogram": [8.69251155853, 5.73079681396, 9.65567016602, 2.60052967072, 0.192631825805, 0.963159143925, 0.120394892991, 0.144473880529, 8.88514328003, 2.81724047661, 1.4206597805, 0.264868766069, 1.03539609909, 0, 0.168552860618, 0.0240789782256, 0, 8.37948513031, 0, 0.240789785981, 0.313026726246, 1.54105460644, 6.95882511139, 39.8507118225], "key_strength": 0.676595032215, "chords_key": "C", "chords_strength": {"dmean2": 0.0133725190535, "median": 0.56134301424, "min": -1, "dvar2": 0.000875603815075, "dvar": 0.00052672176389, "dmean": 0.0116792349145, "max": 0.758483409882, "var": 0.0114296227694, "mean": 0.543230295181}, "chords_scale": "minor", "hpcp_entropy": {"dmean2": 1.25738453865, "median": 2.01063942909, "min": 0, "dvar2": 1.12908577919, "dvar": 0.45074698329, "dmean": 0.751460313797, "max": 4.74455118179, "var": 0.851533532143, "mean": 2.03607487679}}, "metadata": {"audio_properties": {"equal_loudness": 0, "codec": "mp3", "downmix": "mix", "sample_rate": 44100, "analysis_sample_rate": 44100, "bit_rate": 320000, "md5_encoded": "7252952e707f51bee066a2bf4f3db30a", "length": 192.783676147, "replay_gain": -11.8449802399, "lossless": false}, "version": {"essentia_build_sha": "2d9f1f26377add8aeb1075a9c2973f962c4f09fd", "essentia": "2.1-beta2", "extractor": "music 1.0", "essentia_git_sha": "v2.1_beta2-1-ge3940c0"}, "tags": {"title": ["Electricity"], "media": ["Digital Media"], "albumartist": ["Various Artists"], "musicbrainz_recordingid": ["0e2d1744-8ea3-402f-b9cb-e3bbd75de70b"], "originalyear": ["2011"], "discnumber": ["1/1"], "album": ["Face the Beat 01"], "catalognumber": ["[none]"], "contentgroup": ["Side-Line Facebook community"], "musicbrainz album type": ["album/compilation"], "musicbrainz album status": ["official"], "file_name": "09 Canal Pop - Electricity.mp3", "musicbrainz_albumartistid": ["89ad4ac3-39f7-470e-963a-56509c546377"], "date": ["2011"], "genre": ["Electronic"], "musicbrainz album release country": ["BE"], "musicbrainz_releasegroupid": ["41b293d5-c6d3-4d11-a3b6-9cdb846e85c0"], "musicbrainz_artistid": ["443f4cec-c38c-4276-beb4-b2d6b5cc91c0"], "originaldate": ["2011"], "musicbrainz_albumid": ["53c1018a-c736-4253-a0af-ca96c9e57777"], "tracknumber": ["9/55"], "encodedby": ["Tag&Rename 3.5.3"], "artistsort": ["Canal Pop"], "artist": ["Canal Pop"], "label": ["Side-Line"], "albumartistsort": ["Various Artists"], "acoustid_id": ["9f76c91d-f5b1-4c6b-9aca-d48e7514a841"], "script": ["Latn"]}}, "rhythm": {"bpm_histogram_first_peak_bpm": {"dmean2": 0, "median": 105, "min": 105, "dvar2": 0, "dvar": 0, "dmean": 0, "max": 105, "var": 0, "mean": 105}, "bpm": 104.887290955, "bpm_histogram_second_peak_spread": {"dmean2": 0, "median": 0.333333313465, "min": 0.333333313465, "dvar2": 0, "dvar": 0, "dmean": 0, "max": 0.333333313465, "var": 0, "mean": 0.333333313465}, "bpm_histogram_first_peak_weight": {"dmean2": 0, "median": 0.686567187309, "min": 0.686567187309, "dvar2": 0, "dvar": 0, "dmean": 0, "max": 0.686567187309, "var": 0, "mean": 0.686567187309}, "onset_rate": 4.29471063614, "beats_position": [0.510838985443, 1.03328800201, 1.54412698746, 2.06657600403, 2.60063481331, 3.1811337471, 3.76163268089, 4.34213161469, 4.93424034119, 5.52634906769, 6.10684776306, 6.68734693527, 7.25623559952, 7.8251247406, 8.39401340485, 8.96290206909, 9.54340076447, 10.1239004135, 10.6811790466, 11.261677742, 11.8305664063, 12.3994560242, 12.9683446884, 13.5372333527, 14.1061220169, 14.6750106812, 15.2555103302, 15.8243989944, 16.3932876587, 16.9737873077, 17.5426750183, 18.1115646362, 18.6804523468, 19.2493419647, 19.8182315826, 20.3871192932, 20.9560089111, 21.5248966217, 22.1053962708, 22.6742858887, 23.2431735992, 23.8236732483, 24.3925609589, 24.9614505768, 25.5303401947, 26.0992279053, 26.6797275543, 27.2486171722, 27.8175048828, 28.3980045319, 28.9668922424, 29.5357818604, 30.1046714783, 30.6735591888, 31.2424488068, 31.8113365173, 32.391834259, 32.960723877, 33.5296134949, 34.1101112366, 34.6790008545, 35.2478904724, 35.8167800903, 36.3856697083, 36.9545555115, 37.5234451294, 38.1039466858, 38.672832489, 39.2417221069, 39.8222198486, 40.3911094666, 40.9599990845, 41.5404968262, 42.0977783203, 42.678276062, 43.2471656799, 43.8160552979, 44.3965530396, 44.9770507813, 45.5459403992, 46.1148300171, 46.683719635, 47.2526054382, 47.8214950562, 48.3903846741, 48.959274292, 49.5281639099, 50.1086616516, 50.6775512695, 51.2464370728, 51.8153266907, 52.3842163086, 52.9531059265, 53.5219955444, 54.1024932861, 54.6713829041, 55.240272522, 55.8207702637, 56.3896598816, 56.9585494995, 57.5274353027, 58.0963249207, 58.6768226624, 59.2457122803, 59.8146018982, 60.3950996399, 60.9639892578, 61.5328788757, 62.1017684937, 62.6706581116, 63.2511558533, 63.8200454712, 64.3889312744, 64.9694290161, 65.5383224487, 66.107208252, 66.6761016846, 67.2449874878, 67.8254852295, 68.3943786621, 68.9632644653, 69.543762207, 70.1126480103, 70.6815414429, 71.2504272461, 71.8193206787, 72.3882064819, 72.9570999146, 73.5259857178, 74.094871521, 74.6753692627, 75.2558746338, 75.824760437, 76.3936462402, 76.9625396729, 77.5314254761, 78.1003189087, 78.6692047119, 79.2497024536, 79.8302001953, 80.3990936279, 80.9679794312, 81.5368728638, 82.105758667, 82.6746444702, 83.2435379028, 83.8240356445, 84.3929214478, 84.9618148804, 85.5423126221, 86.1111984253, 86.6800918579, 87.2373657227, 87.8178634644, 88.3983688354, 88.9672546387, 89.5361404419, 90.116645813, 90.6855316162, 91.2544174194, 91.8233108521, 92.3921966553, 92.972694397, 93.5415878296, 94.1104736328, 94.6793670654, 95.2598648071, 95.8287506104, 96.3976364136, 96.9665298462, 97.5354156494, 98.104309082, 98.6731948853, 99.2420806885, 99.8225860596, 100.391471863, 100.960357666, 101.529251099, 102.098136902, 102.678634644, 103.247528076, 103.816413879, 104.396911621, 104.954193115, 105.523078918, 106.091972351, 106.672470093, 107.252967834, 107.821853638, 108.39074707, 108.959632874, 109.528526306, 110.097412109, 110.666305542, 111.246803284, 111.815689087, 112.38457489, 112.965080261, 113.533966064, 114.102851868, 114.6717453, 115.240631104, 115.821128845, 116.390022278, 116.958908081, 117.539405823, 118.108299255, 118.677185059, 119.2576828, 119.814964294, 120.383850098, 120.95274353, 121.533241272, 122.102127075, 122.671020508, 123.25151825, 123.820404053, 124.389297485, 124.958183289, 125.527069092, 126.095962524, 126.664848328, 127.245346069, 127.82585144, 128.394729614, 128.963623047, 129.532516479, 130.101409912, 130.681900024, 131.250793457, 131.81968689, 132.400177002, 132.969070435, 133.537963867, 134.106842041, 134.675735474, 135.244628906, 135.81350708, 136.394012451, 136.974502563, 137.543395996, 138.112289429, 138.681182861, 139.250061035, 139.818954468, 140.3878479, 140.968338013, 141.537231445, 142.106124878, 142.68661499, 143.255508423, 143.824401855, 144.393280029, 144.962173462, 145.531066895, 146.099945068, 146.680450439, 147.249343872, 147.818222046, 148.398727417, 148.96762085, 149.536499023, 150.105392456, 150.674285889, 151.254776001, 151.823669434, 152.392562866, 152.96144104, 153.530334473, 154.110839844, 154.679718018, 155.24861145, 155.817504883, 156.386398315, 156.966888428, 157.547393799, 158.116271973, 158.685165405, 159.254058838, 159.822952271, 160.391830444, 160.960723877, 161.541213989, 162.110107422, 162.679000854, 163.259490967, 163.828384399, 164.397277832, 164.966171265, 165.535049438, 166.103942871, 166.672836304, 167.253326416, 167.833831787, 168.40272522, 168.971603394, 169.528884888, 170.086166382, 170.666656494, 171.247161865, 171.827667236, 172.39654541, 172.965438843, 173.545944214, 174.114822388, 174.68371582, 175.252609253, 175.821487427, 176.401992798, 176.97088623, 177.539764404, 178.108657837, 178.67755127, 179.246429443, 179.815322876, 180.395828247, 180.964706421, 181.533599854, 182.114105225, 182.682983398, 183.251876831, 183.820770264, 184.389663696, 184.970153809, 185.55065918, 186.14276123, 186.73487854, 187.315368652, 187.895874023, 188.476364136, 189.068481445, 189.660583496, 190.252700806, 190.868026733, 191.483352661, 192.110290527], "beats_loudness": {"dmean2": 0.0450267717242, "median": 0.0457618534565, "min": 1.24050922312e-10, "dvar2": 0.0014769207919, "dvar": 0.000492841005325, "dmean": 0.0250373072922, "max": 0.156846433878, "var": 0.000715814065188, "mean": 0.046363979578}, "danceability": 1.20269441605, "bpm_histogram_second_peak_weight": {"dmean2": 0, "median": 0.00597014930099, "min": 0.00597014930099, "dvar2": 0, "dvar": 0, "dmean": 0, "max": 0.00597014930099, "var": 0, "mean": 0.00597014930099}, "beats_count": 336, "bpm_histogram_second_peak_bpm": {"dmean2": 0, "median": 98, "min": 98, "dvar2": 0, "dvar": 0, "dmean": 0, "max": 98, "var": 0, "mean": 98}, "bpm_histogram_first_peak_spread": {"dmean2": 0, "median": 0.298780500889, "min": 0.298780500889, "dvar2": 0, "dvar": 0, "dmean": 0, "max": 0.298780500889, "var": 0, "mean": 0.298780500889}, "beats_loudness_band_ratio": {"dmean2": [0.636739492416, 0.190762713552, 0.101401001215, 0.185279712081, 0.274096995592, 0.339413136244], "median": [0.629000961781, 0.0746890082955, 0.0307193398476, 0.0362716540694, 0.0413327924907, 0.114989489317], "min": [0.00601649377495, 3.02549346998e-06, 1.06369597574e-07, 1.61714015121e-05, 9.93822979467e-09, 1.56709361931e-07], "dvar2": [0.197606638074, 0.0373469442129, 0.0233871042728, 0.0492001660168, 0.088295288384, 0.0461041666567], "dvar": [0.0617041960359, 0.0130639402196, 0.00833885464817, 0.0188611932099, 0.0250674318522, 0.0163338035345], "dmean": [0.336024999619, 0.100788526237, 0.0573656521738, 0.111229464412, 0.138782545924, 0.173977464437], "max": [0.998769819736, 0.992529630661, 0.739641189575, 0.982248842716, 0.968418121338, 0.959410607815], "var": [0.0813219174743, 0.012648852542, 0.00663378462195, 0.0192593708634, 0.0192677304149, 0.021343531087], "mean": [0.566384196281, 0.106397137046, 0.0576654560864, 0.103292055428, 0.0962537676096, 0.130553036928]}}, "lowlevel": {"barkbands_spread": {"dmean2": 17.3178424835, "median": 23.5109329224, "min": 0.0127033693716, "dvar2": 541.571472168, "dvar": 233.410568237, "dmean": 11.0537538528, "max": 147.145980835, "var": 490.317474365, "mean": 28.0073051453}, "melbands_spread": {"dmean2": 20.6917591095, "median": 21.8811969757, "min": 0.0110856965184, "dvar2": 1057.10961914, "dvar": 469.043548584, "dmean": 13.1691560745, "max": 316.517272949, "var": 1229.83630371, "mean": 31.1892642975}, "hfc": {"dmean2": 22.5630512238, "median": 9.80796051025, "min": 1.1230526621e-16, "dvar2": 2691.96850586, "dvar": 1153.72998047, "dmean": 14.5813293457, "max": 456.333587646, "var": 1562.23730469, "mean": 23.83984375}, "barkbands_kurtosis": {"dmean2": 26.9332637787, "median": 2.00276184082, "min": -1.98176455498, "dvar2": 21776.8691406, "dvar": 9350.41601563, "dmean": 16.5547580719, "max": 4707.16796875, "var": 9477.87695313, "mean": 17.496421814}, "gfcc": {"mean": [-67.7447891235, 56.738571167, -89.3422241211, 31.2554187775, -51.2866477966, 15.3865604401, -26.5268764496, 7.35564947128, -22.5536289215, 1.13879024982, -13.6491975784, 4.04472923279, -6.3553237915], "icov": [[5.723528011e-05, -6.07190704613e-05, 3.78080658265e-05, -4.31192820542e-05, 0.000104866558104, -0.000109543769213, 0.000110217697511, -0.000158377632033, 0.000151125175762, -8.14961822471e-05, 0.000201260467293, -0.000156956884894, 9.91942288238e-05], [-6.07190704613e-05, 0.000535235216375, -5.23814560438e-05, 0.000160028852406, -0.000273577607004, 0.000285205140244, -0.000423321820563, 0.000492216495331, -0.000497736444231, 0.000757789239287, -0.000866263580974, 0.000620644364972, -0.000346674059983], [3.78080658265e-05, -5.23814560438e-05, 0.000746148696635, -0.000333716307068, -2.39481178141e-05, -0.000138674513437, 0.000205151256523, -0.00021600764012, -7.58476062401e-06, -0.000153710090672, -0.000146101447172, 8.19204360596e-05, -0.000226486226893], [-4.31192820542e-05, 0.000160028852406, -0.000333716307068, 0.00156676000915, -0.000504339463077, 0.00045450538164, -0.000325360015268, -6.5588435973e-05, -6.84337555867e-06, -0.000491815968417, -5.57031489734e-05, 0.000115009985166, 6.19822458248e-05], [0.000104866558104, -0.000273577607004, -2.39481178141e-05, -0.000504339463077, 0.00270335446112, -0.000881228595972, -0.000566899310797, 0.000224968927796, -0.000443319207989, 0.000378865923267, 0.000334933283739, 1.67149592016e-05, 0.000894799595699], [-0.000109543769213, 0.000285205140244, -0.000138674513437, 0.00045450538164, -0.000881228595972, 0.00296945357695, -0.000923039973713, 5.24064671481e-05, 4.37013222836e-05, -0.00060128129553, -5.67917923036e-05, 0.000661320751533, -0.00102355401032], [0.000110217697511, -0.000423321820563, 0.000205151256523, -0.000325360015268, -0.000566899310797, -0.000923039973713, 0.0037499263417, -0.00147938996088, 1.65425881278e-05, 0.000519449356943, -0.000210435697227, 0.000349330104655, -0.000374248076696], [-0.000158377632033, 0.000492216495331, -0.00021600764012, -6.5588435973e-05, 0.000224968927796, 5.24064671481e-05, -0.00147938996088, 0.00595787260681, -0.00199008290656, 7.15650166967e-05, -0.000342703802744, -0.00116145168431, 0.000958979129791], [0.000151125175762, -0.000497736444231, -7.58476062401e-06, -6.84337555867e-06, -0.000443319207989, 4.37013222836e-05, 1.65425881278e-05, -0.00199008290656, 0.00706245703623, -0.00237976433709, -0.000512217578944, 0.00038833238068, -0.000726259371731], [-8.14961822471e-05, 0.000757789239287, -0.000153710090672, -0.000491815968417, 0.000378865923267, -0.00060128129553, 0.000519449356943, 7.15650166967e-05, -0.00237976433709, 0.00794579554349, -0.00184470694512, 0.0011556771351, -0.00112544349395], [0.000201260467293, -0.000866263580974, -0.000146101447172, -5.57031489734e-05, 0.000334933283739, -5.67917923036e-05, -0.000210435697227, -0.000342703802744, -0.000512217578944, -0.00184470694512, 0.00941785052419, -0.00501721398905, 0.00135183264501], [-0.000156956884894, 0.000620644364972, 8.19204360596e-05, 0.000115009985166, 1.67149592016e-05, 0.000661320751533, 0.000349330104655, -0.00116145168431, 0.00038833238068, 0.0011556771351, -0.00501721398905, 0.0112067675218, -0.00349374883808], [9.91942288238e-05, -0.000346674059983, -0.000226486226893, 6.19822458248e-05, 0.000894799595699, -0.00102355401032, -0.000374248076696, 0.000958979129791, -0.000726259371731, -0.00112544349395, 0.00135183264501, -0.00349374883808, 0.00763799715787]], "cov": [[27855.5253906, -813.17565918, -1315.06481934, -107.168197632, -1316.16711426, 286.530212402, -895.161560059, 406.068847656, -661.821960449, 91.7104568481, -520.288757324, 220.514877319, -195.512954712], [-813.17565918, 3886.45825195, 41.4651870728, -210.951416016, 508.778747559, -82.9334487915, 497.035339355, -184.247283936, 192.499298096, -315.933044434, 246.289993286, -104.363067627, 47.0939598083], [-1315.06481934, 41.4651870728, 1650.73547363, 376.935028076, 136.410568237, 57.0823402405, 40.2780990601, 56.8777656555, 98.3369293213, 87.3514022827, 74.2180633545, 4.74780654907, 62.6090698242], [-107.168197632, -210.951416016, 376.935028076, 830.046569824, 141.168670654, -23.3898410797, 58.9899368286, 61.3710861206, 39.958896637, 77.1543197632, 8.40290260315, -6.43250417709, -17.4906005859], [-1316.16711426, 508.778747559, 136.410568237, 141.168670654, 622.883789063, 137.837203979, 234.110092163, -14.0820960999, 83.8189239502, -48.8978271484, 27.6769657135, -61.8935623169, -30.6210575104], [286.530212402, -82.9334487915, 57.0823402405, -23.3898410797, 137.837203979, 468.883026123, 125.553565979, 32.6227645874, 21.4225578308, 42.3445625305, -18.3262786865, -18.9551258087, 45.9889602661], [-895.161560059, 497.035339355, 40.2780990601, 58.9899368286, 234.110092163, 125.553565979, 455.186279297, 61.0946044922, 76.8402557373, -43.0657997131, 49.4056015015, -26.7913818359, 18.893825531], [406.068847656, -184.247283936, 56.8777656555, 61.3710861206, -14.0820960999, 32.6227645874, 61.0946044922, 239.397750854, 55.6950645447, 37.7535934448, 16.5355033875, 34.3593711853, -9.84132862091], [-661.821960449, 192.499298096, 98.3369293213, 39.958896637, 83.8189239502, 21.4225578308, 76.8402557373, 55.6950645447, 214.242080688, 51.6567115784, 52.4868240356, 0.632811963558, 28.7301864624], [91.7104568481, -315.933044434, 87.3514022827, 77.1543197632, -48.8978271484, 42.3445625305, -43.0657997131, 37.7535934448, 51.6567115784, 192.782409668, 17.8704929352, 15.2801876068, 28.1305885315], [-520.288757324, 246.289993286, 74.2180633545, 8.40290260315, 27.6769657135, -18.3262786865, 49.4056015015, 16.5355033875, 52.4868240356, 17.8704929352, 178.283508301, 61.7453346252, 19.0278301239], [220.514877319, -104.363067627, 4.74780654907, -6.43250417709, -61.8935623169, -18.9551258087, -26.7913818359, 34.3593711853, 0.632811963558, 15.2801876068, 61.7453346252, 145.209594727, 49.4812316895], [-195.512954712, 47.0939598083, 62.6090698242, -17.4906005859, -30.6210575104, 45.9889602661, 18.893825531, -9.84132862091, 28.7301864624, 28.1305885315, 19.0278301239, 49.4812316895, 175.653671265]]}, "spectral_energyband_middle_low": {"dmean2": 0.00680233724415, "median": 0.00363126257434, "min": 2.34989723467e-22, "dvar2": 0.000187145153177, "dvar": 7.56232475396e-05, "dmean": 0.00426197564229, "max": 0.073712952435, "var": 9.2341513664e-05, "mean": 0.00703702121973}, "melbands_crest": {"dmean2": 7.969373703, "median": 16.3954772949, "min": 1.76912283897, "dvar2": 48.6774673462, "dvar": 19.8291721344, "dmean": 4.83514356613, "max": 39.8096885681, "var": 56.4160766602, "mean": 17.0733528137}, "spectral_kurtosis": {"dmean2": 5.61313486099, "median": 2.78121757507, "min": -1.58409035206, "dvar2": 513.79864502, "dvar": 242.715286255, "dmean": 3.61160802841, "max": 554.375488281, "var": 610.944335938, "mean": 7.0976266861}, "spectral_rms": {"dmean2": 0.00162989657838, "median": 0.00379448919557, "min": 3.20341344597e-12, "dvar2": 3.61521915693e-06, "dvar": 1.79096196007e-06, "dmean": 0.00111192103941, "max": 0.0138178095222, "var": 6.04020351602e-06, "mean": 0.0040128803812}, "zerocrossingrate": {"dmean2": 0.0249242819846, "median": 0.07421875, "min": 0.0009765625, "dvar2": 0.00098271574825, "dvar": 0.00072437588824, "dmean": 0.0205912608653, "max": 0.60498046875, "var": 0.0063811307773, "mean": 0.0892536863685}, "silence_rate_60dB": {"dmean2": 0.113707542419, "median": 0, "min": 0, "dvar2": 0.114757746458, "dvar": 0.0536179319024, "dmean": 0.0568469241261, "max": 1, "var": 0.145297855139, "mean": 0.176421001554}, "erbbands_kurtosis": {"dmean2": 6.90184164047, "median": 0.0134209385142, "min": -1.93127727509, "dvar2": 782.127746582, "dvar": 339.23916626, "dmean": 4.21524333954, "max": 416.62902832, "var": 457.195495605, "mean": 4.17962646484}, "erbbands": {"dmean2": [0.331044614315, 1.90213239193, 4.09367656708, 7.63360452652, 11.574681282, 6.7067656517, 10.0513153076, 7.84946393967, 5.37818717957, 7.670753479, 12.3595409393, 8.58407306671, 23.0016326904, 31.5184459686, 16.5491428375, 31.7797412872, 13.9821157455, 17.7650852203, 18.5658130646, 22.4152164459, 20.2777576447, 18.8692569733, 18.8597354889, 29.9871768951, 20.5526123047, 24.7131347656, 28.6927375793, 14.0062923431, 8.26242733002, 8.15228462219, 9.10174942017, 5.59942483902, 5.28502750397, 3.47428154945, 2.70573282242, 1.14897763729, 0.340196281672, 0.140896007419, 0.0147342830896, 0.0020108805038], "median": [0.0460254177451, 0.212840288877, 0.567657470703, 1.01514482498, 0.675467908382, 1.38979995251, 3.46587276459, 1.98381721973, 1.19689130783, 1.61003994942, 2.72514677048, 2.39210939407, 2.39959812164, 3.55618619919, 3.17751836777, 2.68437957764, 1.43023633957, 2.00215435028, 1.93145871162, 2.10835361481, 1.75299787521, 1.89333295822, 1.81856322289, 2.37633109093, 2.04716253281, 1.99883723259, 2.50333619118, 2.30764484406, 1.59039437771, 1.07327079773, 1.41488456726, 1.12686395645, 0.650868654251, 0.450659692287, 0.241392463446, 0.100316762924, 0.0278359726071, 0.0056097144261, 0.000689194712322, 6.0097383539e-05], "min": [2.39429786051e-22, 4.32779523239e-21, 2.32619053316e-20, 2.90117476293e-20, 4.41235716324e-20, 1.19001783063e-19, 6.03637378456e-20, 6.83618376613e-20, 1.79140010794e-19, 8.618829589e-19, 1.54909194561e-18, 8.98655531525e-19, 3.50457648539e-18, 2.87832466107e-18, 1.49471691785e-18, 2.58157320273e-18, 3.46295461812e-18, 5.51773598659e-18, 5.59831495878e-18, 7.99387261253e-18, 9.97751045126e-18, 2.89876876078e-17, 3.03743235559e-17, 1.71911838285e-17, 1.55393239976e-17, 2.0964566716e-17, 1.83027772598e-17, 2.13369402667e-17, 1.38923263343e-17, 1.37511199863e-17, 1.59557928924e-17, 1.23221770586e-17, 1.09297930325e-17, 1.11063960933e-17, 9.47739705291e-18, 6.4041638241e-18, 3.5419514006e-18, 1.39693693161e-18, 3.33611893059e-19, 3.30793468993e-20], "dvar2": [0.47924336791, 18.5535831451, 136.545196533, 311.120697021, 1561.70251465, 235.456954956, 573.473449707, 290.590484619, 151.598052979, 489.376556396, 2153.50732422, 570.194946289, 3228.72924805, 6109.54150391, 1892.45263672, 8428.1015625, 1373.92858887, 4153.59863281, 4934.11425781, 11195.7041016, 10255.078125, 7875.53613281, 7714.1171875, 11696.4628906, 8501.578125, 20059.0214844, 22635.2597656, 1191.06994629, 396.869384766, 502.74508667, 609.79296875, 363.372924805, 626.902832031, 206.982391357, 54.9116592407, 8.60449314117, 0.840188145638, 0.423013418913, 0.0036356751807, 0.000153080545715], "dvar": [0.169706493616, 7.05441904068, 54.024356842, 116.907905579, 623.397338867, 94.7933883667, 244.165206909, 124.99395752, 72.141204834, 212.927017212, 943.206420898, 278.052032471, 1965.54821777, 3159.00830078, 888.497741699, 4892.17041016, 742.686035156, 1601.03771973, 1888.1776123, 4360.84179688, 3574.97607422, 2807.10644531, 2763.24291992, 4204.30175781, 3030.54150391, 6973.61865234, 7893.90087891, 498.679870605, 188.361953735, 211.333145142, 250.422286987, 178.509140015, 261.206542969, 106.983406067, 24.7104988098, 3.80666565895, 0.335218012333, 0.147927060723, 0.00128811993636, 5.27083357156e-05], "dmean": [0.197633326054, 1.14098227024, 2.48962140083, 4.43945837021, 6.8868970871, 4.1366558075, 6.44868612289, 5.0087313652, 3.47445106506, 5.10468626022, 8.22782993317, 5.8210849762, 16.9515151978, 21.5708274841, 10.9706945419, 21.7527446747, 9.43385314941, 11.1223173141, 11.5097961426, 14.1898298264, 12.371972084, 11.5810718536, 11.3434200287, 17.5711269379, 12.4301967621, 14.334230423, 16.7756633759, 8.94237613678, 5.52819299698, 5.15489673615, 5.7590212822, 3.70240950584, 3.31267023087, 2.25576138496, 1.68613266945, 0.717668533325, 0.204322814941, 0.0786302313209, 0.00834674295038, 0.00107630179264], "max": [6.54840660095, 37.1084022522, 86.133140564, 117.596694946, 218.360748291, 155.39390564, 338.017303467, 189.374282837, 159.90586853, 338.948944092, 944.044372559, 428.993713379, 1094.51428223, 1111.79187012, 1096.57824707, 2972.54516602, 776.339233398, 1583.11755371, 1249.7923584, 1783.9029541, 1424.44421387, 1487.19787598, 1537.06030273, 1251.25244141, 1196.9083252, 2253.71264648, 2004.69042969, 312.443939209, 321.534393311, 167.545318604, 309.484893799, 689.770996094, 481.353790283, 396.466125488, 89.6418380737, 32.521938324, 8.35571575165, 5.21582651138, 0.385600268841, 0.0965252295136], "var": [0.225012421608, 8.98164463043, 46.9748001099, 97.0713500977, 490.442657471, 115.819480896, 531.347045898, 397.624145508, 265.251495361, 511.466522217, 2343.5859375, 913.086303711, 4842.80371094, 6912.81445313, 1793.77124023, 10720.2744141, 1681.94189453, 2283.46899414, 3409.31030273, 7232.89111328, 2732.19116211, 2339.92919922, 1932.62084961, 3237.8581543, 2102.33911133, 4174.45019531, 4786.64453125, 700.913391113, 326.876708984, 220.143249512, 292.622467041, 353.695068359, 383.600250244, 205.543106079, 32.5026931763, 4.45348072052, 0.325527459383, 0.0863101109862, 0.000797046930529, 2.89723775495e-05], "mean": [0.227160319686, 1.33724379539, 2.64390063286, 4.40620851517, 5.89845609665, 5.54726982117, 11.4117536545, 9.95168399811, 6.89326429367, 8.98704528809, 15.0154876709, 10.9210119247, 27.0526351929, 32.9333992004, 17.772731781, 34.0767745972, 14.0164985657, 15.0781755447, 16.2555961609, 19.9504013062, 15.5538473129, 15.3569965363, 13.3245763779, 19.8606891632, 14.0626554489, 14.2103557587, 16.7780647278, 12.9561281204, 8.41290855408, 6.13439702988, 7.692070961, 5.68160915375, 4.2390704155, 2.97338700294, 1.84217083454, 0.744168996811, 0.206205323339, 0.0598977282643, 0.00721497647464, 0.000736289424822]}, "spectral_strongpeak": {"dmean2": 0.920673787594, "median": 0.400301903486, "min": 0, "dvar2": 2.42615151405, "dvar": 1.02581572533, "dmean": 0.541434645653, "max": 16.0309391022, "var": 1.83719587326, "mean": 0.839220225811}, "spectral_energy": {"dmean2": 0.0178226847202, "median": 0.0147581025958, "min": 1.05184044354e-20, "dvar2": 0.000655356270727, "dvar": 0.000289109448204, "dmean": 0.0116860764101, "max": 0.195705160499, "var": 0.000566410541069, "mean": 0.0226970463991}, "average_loudness": 0.923181295395, "spectral_rolloff": {"dmean2": 1970.92053223, "median": 1184.32617188, "min": 43.06640625, "dvar2": 12740131, "dvar": 5247545, "dmean": 1147.31640625, "max": 21360.9375, "var": 11442210, "mean": 2472.88500977}, "spectral_centroid": {"dmean2": 571.226074219, "median": 1478.15185547, "min": 66.9749908447, "dvar2": 521985.90625, "dvar": 278596.5, "dmean": 390.429992676, "max": 10483.34375, "var": 1183179.375, "mean": 1645.86572266}, "pitch_salience": {"dmean2": 0.172120466828, "median": 0.493919372559, "min": 0.00967776216567, "dvar2": 0.027688620612, "dvar": 0.0113430181518, "dmean": 0.105114936829, "max": 0.97095066309, "var": 0.0290326029062, "mean": 0.489842534065}, "spectral_energyband_middle_high": {"dmean2": 0.00335577898659, "median": 0.00112852966413, "min": 2.18056179163e-21, "dvar2": 6.74278708175e-05, "dvar": 3.02159878629e-05, "dmean": 0.00232955254614, "max": 0.107359930873, "var": 6.32753872196e-05, "mean": 0.00431533483788}, "spectral_contrast_coeffs": {"dmean2": [0.0915708094835, 0.0841257721186, 0.0785559415817, 0.0619994029403, 0.0489391125739, 0.034511052072], "median": [-0.678152561188, -0.707970738411, -0.770996332169, -0.801705121994, -0.799241006374, -0.771638631821], "min": [-0.979877054691, -0.978142440319, -0.978885769844, -0.98500674963, -0.961110949516, -0.959573447704], "dvar2": [0.00695727299899, 0.005998772569, 0.00513887731358, 0.00320408376865, 0.0021550366655, 0.001172147342], "dvar": [0.00333143002354, 0.00278223794885, 0.00247114128433, 0.00142378290184, 0.000940958503634, 0.000510451674927], "dmean": [0.0608251616359, 0.0546476356685, 0.0523930229247, 0.0393779426813, 0.0310357157141, 0.0221935883164], "max": [-0.260391891003, -0.280159622431, -0.301640242338, -0.416385948658, -0.487942427397, -0.578393638134], "var": [0.0123884864151, 0.013298003003, 0.00918074231595, 0.00498152244836, 0.00310138729401, 0.00239838450216], "mean": [-0.66052210331, -0.705644488335, -0.761381924152, -0.792941689491, -0.795886337757, -0.770711660385]}, "melbands_skewness": {"dmean2": 2.26257634163, "median": 2.74847149849, "min": -11.253537178, "dvar2": 13.5645494461, "dvar": 6.57344722748, "dmean": 1.49395990372, "max": 92.6875610352, "var": 13.757109642, "mean": 3.41285204887}, "spectral_spread": {"dmean2": 1516447.125, "median": 5913289, "min": 232286.765625, "dvar2": 5260812746750.0, "dvar": 2427480440830.0, "dmean": 997919.5, "max": 39867908, "var": 6982041862140.0, "mean": 5945722}, "dissonance": {"dmean2": 0.0424902588129, "median": 0.460457623005, "min": 0.022477356717, "dvar2": 0.00315908505581, "dvar": 0.00130282971077, "dmean": 0.0263780616224, "max": 0.500000059605, "var": 0.00291354698129, "mean": 0.447369009256}, "spectral_skewness": {"dmean2": 0.552899420261, "median": 1.31413531303, "min": -0.611400008202, "dvar2": 0.963301301003, "dvar": 0.498852372169, "dmean": 0.367520034313, "max": 20.3520774841, "var": 1.90726315975, "mean": 1.62381589413}, "spectral_flux": {"dmean2": 0.0540714338422, "median": 0.0674216896296, "min": 1.02559273574e-10, "dvar2": 0.0036072738003, "dvar": 0.00170041015372, "dmean": 0.0355978347361, "max": 0.35543641448, "var": 0.00401099165902, "mean": 0.082251958549}, "spectral_contrast_valleys": {"dmean2": [0.812070131302, 1.00660610199, 0.953706502914, 0.860156476498, 0.75492554903, 0.68863427639], "median": [-7.62795639038, -7.75148868561, -8.22243309021, -8.57328796387, -8.12084007263, -9.90881156921], "min": [-26.9339141846, -27.1883182526, -27.1253566742, -27.3136005402, -27.2591075897, -27.1987133026], "dvar2": [0.692691504955, 1.3206717968, 1.12904155254, 1.03983652592, 0.89578551054, 0.913760244846], "dvar": [0.318740427494, 0.543016970158, 0.497707724571, 0.485691487789, 0.474416077137, 0.511880099773], "dmean": [0.539596617222, 0.642679750919, 0.622466683388, 0.573564469814, 0.521667122841, 0.500636041164], "max": [-5.4851307869, -4.59184980392, -5.14060926437, -4.75333213806, -4.19786119461, -7.15266561508], "var": [3.4429359436, 2.90799474716, 3.03886342049, 2.98471879959, 3.1174788475, 3.61578989029], "mean": [-8.17854309082, -8.06842136383, -8.42699337006, -8.73463058472, -8.38896560669, -10.482919693]}, "erbbands_flatness_db": {"dmean2": 0.0417496487498, "median": 0.140346944332, "min": 0.0240787565708, "dvar2": 0.00241362047382, "dvar": 0.0012366338633, "dmean": 0.0283811800182, "max": 0.684096097946, "var": 0.00589391076937, "mean": 0.156525164843}, "spectral_energyband_high": {"dmean2": 0.00211650994606, "median": 0.000407860556152, "min": 7.28098511557e-21, "dvar2": 3.50220434484e-05, "dvar": 1.40156953421e-05, "dmean": 0.00132912152912, "max": 0.054876524955, "var": 1.50031282828e-05, "mean": 0.00175400171429}, "spectral_entropy": {"dmean2": 0.442684590816, "median": 7.73636293411, "min": 2.12138319016, "dvar2": 0.351504355669, "dvar": 0.168520912528, "dmean": 0.298653513193, "max": 9.79382801056, "var": 0.739475488663, "mean": 7.52995443344}, "silence_rate_20dB": {"dmean2": 0, "median": 1, "min": 1, "dvar2": 0, "dvar": 0, "dmean": 0, "max": 1, "var": 0, "mean": 1}, "melbands_flatness_db": {"dmean2": 0.0728074833751, "median": 0.201413691044, "min": 0.00465176487342, "dvar2": 0.00594957126305, "dvar": 0.00293757696636, "dmean": 0.0482035838068, "max": 1, "var": 0.0184834953398, "mean": 0.230383753777}, "barkbands": {"dmean2": [0.00137822749093, 0.0093479687348, 0.0040652086027, 0.00312246009707, 0.00266426522285, 0.00114111683797, 0.000338049430866, 0.000578074832447, 0.000414507754613, 0.000686752377078, 0.000798718829174, 0.000746561214328, 0.000241629124503, 0.000343174004229, 0.000490237551276, 0.000351989147021, 0.000368371343939, 0.000426651735324, 0.00048558236449, 0.000541442481335, 0.000512775965035, 0.000239957022131, 0.000304870220134, 0.000283427769318, 0.000341050239513, 0.000205840886338, 0.000166054829606], "median": [0.000340233440511, 0.00120256445371, 0.000406629202189, 0.000210245198105, 0.000402079778723, 0.000351954076905, 6.83164253132e-05, 8.88569556992e-05, 9.26218926907e-05, 7.3700939538e-05, 8.66134505486e-05, 5.62258792343e-05, 2.02371375053e-05, 3.02419139189e-05, 4.15672075178e-05, 2.4796307116e-05, 3.16959558404e-05, 3.41910017596e-05, 4.17371702497e-05, 4.6153756557e-05, 6.05592613283e-05, 3.86467290809e-05, 4.87483266625e-05, 4.43258250016e-05, 3.82685320801e-05, 1.85379849427e-05, 3.52387633029e-06], "min": [2.11717566301e-24, 1.55135082147e-23, 2.14255032066e-23, 1.05747750978e-23, 2.42054616583e-23, 8.98913864589e-24, 3.53551901383e-23, 6.0118357524e-23, 5.16497747788e-23, 1.06248002388e-22, 4.38780181148e-23, 5.50833108014e-23, 7.61471465265e-23, 1.0219962502e-22, 1.21537035499e-22, 1.5700338876e-22, 4.40577376684e-22, 5.6164387243e-22, 2.56860734292e-22, 3.91378229861e-22, 5.6182809985e-22, 3.28534793361e-22, 5.45060678294e-22, 5.7467227e-22, 1.20650522449e-21, 1.76866280314e-21, 2.39162108506e-21], "dvar2": [5.33489401278e-06, 0.000382679252652, 0.000145072248415, 5.84969166084e-05, 4.39432624262e-05, 5.58676993023e-06, 7.10496408374e-07, 3.58566808245e-06, 1.4070966472e-06, 2.40438362198e-06, 4.091349183e-06, 4.54807423012e-06, 4.30434852206e-07, 1.66072527463e-06, 3.87147065339e-06, 3.71141300093e-06, 2.6091406653e-06, 2.85531541522e-06, 3.84706618206e-06, 9.19093872653e-06, 4.76086279377e-06, 3.76182839545e-07, 6.26837277196e-07, 1.14124998163e-06, 1.18345099054e-06, 2.83450248162e-07, 8.64504784204e-07], "dvar": [1.85375824913e-06, 0.00013791389938, 5.39769825991e-05, 2.26845168072e-05, 1.79488852154e-05, 2.36560913436e-06, 3.21071922826e-07, 1.56497583248e-06, 6.93727997714e-07, 1.4672340285e-06, 2.20174706556e-06, 2.64002846961e-06, 2.03037970437e-07, 6.25353152373e-07, 1.65369078786e-06, 1.28852082071e-06, 9.34437480282e-07, 1.03228910575e-06, 1.37121412536e-06, 3.19305854646e-06, 1.69891234236e-06, 1.67078013646e-07, 2.6292406119e-07, 5.26119947608e-07, 5.87887939218e-07, 1.18766358526e-07, 2.98728480175e-07], "dmean": [0.000785822165199, 0.00554180471227, 0.00236166641116, 0.00181115767919, 0.00163322733715, 0.000737392809242, 0.000213597988477, 0.000389828754123, 0.000274962891126, 0.000495984102599, 0.000544070790056, 0.000512885919306, 0.000156375273946, 0.000212398867006, 0.000305535009829, 0.000214737301576, 0.000224649658776, 0.000253880629316, 0.000288280920358, 0.000314304430503, 0.000312205345836, 0.000155702160555, 0.000194126740098, 0.000183877535164, 0.000217101303861, 0.000126439961605, 8.98708531167e-05], "max": [0.0285074245185, 0.186701342463, 0.0886630266905, 0.0422897078097, 0.038342371583, 0.0336556918919, 0.0133036235347, 0.0294058248401, 0.0281739290804, 0.0286749377847, 0.0374646037817, 0.0588424429297, 0.0143333002925, 0.0290665496141, 0.0552319586277, 0.0280610527843, 0.0261955484748, 0.0283169467002, 0.0235049519688, 0.050877276808, 0.0288700535893, 0.00789034832269, 0.00813600886613, 0.0258212201297, 0.0258352980018, 0.00536319706589, 0.0073370616883], "var": [2.47456068792e-06, 0.000187882425962, 4.01812139899e-05, 1.92999596038e-05, 1.67990983755e-05, 6.45561885904e-06, 7.33589558877e-07, 3.40496694662e-06, 2.26513793677e-06, 3.65101550415e-06, 4.79722257296e-06, 5.93403683524e-06, 3.92604420085e-07, 8.36913443436e-07, 4.76317973153e-06, 9.30307464841e-07, 8.51653339851e-07, 7.44582109746e-07, 9.76006163e-07, 1.90511786968e-06, 1.20987624541e-06, 2.34753699146e-07, 3.09847024482e-07, 9.54289703259e-07, 1.02220099052e-06, 1.25987085653e-07, 1.66122973155e-07], "mean": [0.000932794297114, 0.00661604152992, 0.00230226921849, 0.00163936812896, 0.00182613625657, 0.00149883970153, 0.000363562256098, 0.000665500527248, 0.000491891056299, 0.000788518227637, 0.000829482218251, 0.000798843218945, 0.000211153528653, 0.000278029998299, 0.000432093976997, 0.000253311765846, 0.000291937642032, 0.000278864958091, 0.000327567424392, 0.000