{"metadata": {"tags": {"label": ["Elektra"], "albumartist": ["Epidemic"], "musicbrainz_artistid": ["cefde085-e8c9-4a31-a0ac-10ac30d26645"], "tracknumber": ["4/12"], "genre": ["Rock"], "artist": ["Epidemic"], "musicbrainz_albumid": ["43c9895f-01f0-4211-b4af-65fbaa2e7763"], "artistsort": ["Epidemic"], "title": ["Catalyst"], "asin": ["B000068D11"], "musicbrainz_albumartistid": ["cefde085-e8c9-4a31-a0ac-10ac30d26645"], "album": ["Epidemic"], "musicbrainz album type": ["album"], "script": ["Latn"], "albumartistsort": ["Epidemic"], "discnumber": ["1/1"], "date": ["2002"], "musicbrainz_recordingid": ["0e43f79b-440b-4138-ab49-917279a30612"], "file_name": "Catalyst - Epidemic.mp3", "composer": ["Epidemic"], "musicbrainz album status": ["official"]}, "audio_properties": {"sample_rate": 44100, "downmix": "mix", "lossless": false, "analysis_sample_rate": 44100, "md5_encoded": "4c29c3a7ed03153d1ad10f61b2a413a7", "equal_loudness": 0, "replay_gain": -13.3761787415, "codec": "mp3", "bit_rate": 128000, "length": 205.217956543}, "version": {"extractor": "music 1.0", "essentia_build_sha": "70f2e5ece6736b2c40cc944ad0e695b16b925413", "essentia_git_sha": "v2.1_beta2", "essentia": "2.1-beta2"}}, "rhythm": {"beats_loudness_band_ratio": {"dvar2": [0.0592391565442, 0.0097771268338, 0.0157012306154, 0.0193834211677, 0.0118760811165, 0.00363957416266], "var": [0.0513890236616, 0.0047021987848, 0.00677370652556, 0.0130921453238, 0.00877462979406, 0.00254512112588], "min": [0.00412592338398, 0.000850994838402, 0.000997816561721, 0.000711882777978, 0.000650936679449, 0.000377630902221], "dmean": [0.185168921947, 0.0684116408229, 0.0642232149839, 0.0917805582285, 0.059605807066, 0.0377568043768], "mean": [0.588267147541, 0.0710375607014, 0.0793884694576, 0.147494927049, 0.0986189544201, 0.0605914779007], "max": [0.995425105095, 0.336346209049, 0.515196382999, 0.611928999424, 0.642936587334, 0.474175572395], "dmean2": [0.319981068373, 0.115062616765, 0.111367374659, 0.159502357244, 0.10598744452, 0.0630789995193], "median": [0.587160468102, 0.0474745556712, 0.0521128661931, 0.121798634529, 0.0751994401217, 0.055581625551], "dvar": [0.0237411316484, 0.00424086628482, 0.00565175153315, 0.00720174470916, 0.00417062221095, 0.00146660755854]}, "bpm_histogram_first_peak_weight": {"dvar2": 0, "var": 0, "min": 0.888888895512, "dmean": 0, "mean": 0.888888895512, "max": 0.888888895512, "dmean2": 0, "median": 0.888888895512, "dvar": 0}, "bpm": 129.378814697, "beats_count": 442, "bpm_histogram_first_peak_spread": {"dvar2": 0, "var": 0, "min": 0.0946881771088, "dmean": 0, "mean": 0.0946881771088, "max": 0.0946881771088, "dmean2": 0, "median": 0.0946881771088, "dvar": 0}, "danceability": 1.15346229076, "bpm_histogram_first_peak_bpm": {"dvar2": 0, "var": 0, "min": 129, "dmean": 0, "mean": 129, "max": 129, "dmean2": 0, "median": 129, "dvar": 0}, "beats_position": [0.429569154978, 0.870748281479, 1.33514738083, 1.79954648018, 2.2523355484, 2.71673464775, 3.1811337471, 3.64553284645, 4.1099319458, 4.57433080673, 5.0387301445, 5.4915189743, 5.94430828094, 6.40870714188, 6.87310647964, 7.33750534058, 7.80190467834, 8.26630401611, 8.73070240021, 9.19510173798, 9.65950107574, 10.1239004135, 10.5882987976, 11.0526981354, 11.5170974731, 11.9814968109, 12.445895195, 12.9102945328, 13.3746938705, 13.8390922546, 14.3034915924, 14.7678909302, 15.2322902679, 15.696688652, 16.1610889435, 16.6254863739, 17.0898857117, 17.5542850494, 18.0070743561, 18.4598636627, 18.9242630005, 19.3886623383, 19.853061676, 20.3174591064, 20.7818584442, 21.246257782, 21.7106571198, 22.1750564575, 22.6394557953, 23.1038551331, 23.5682544708, 24.0326519012, 24.497051239, 24.9614505768, 25.4258499146, 25.8902492523, 26.3546485901, 26.8190479279, 27.2718353271, 27.747844696, 28.2122440338, 28.6766433716, 29.1410427094, 29.6054420471, 30.0698413849, 30.5342407227, 30.9986381531, 31.4514274597, 31.9042167664, 32.3802261353, 32.8562355042, 33.3206329346, 33.7850341797, 34.2494316101, 34.7138328552, 35.1782302856, 35.6426315308, 36.1070289612, 36.5714263916, 37.0358276367, 37.5002250671, 37.9646263123, 38.4290237427, 38.8818130493, 39.334602356, 39.7989997864, 40.2634010315, 40.7277984619, 41.192199707, 41.6565971375, 42.1209983826, 42.585395813, 43.0497932434, 43.5141944885, 43.9785919189, 44.4429931641, 44.9073905945, 45.3717918396, 45.83618927, 46.3005905151, 46.7649879456, 47.229385376, 47.6937866211, 48.1581840515, 48.6225852966, 49.0869827271, 49.5513839722, 50.0157814026, 50.480178833, 50.9445800781, 51.4089775085, 51.8733787537, 52.3377761841, 52.8021774292, 53.2665748596, 53.73097229, 54.1953735352, 54.6597709656, 55.1241722107, 55.5885696411, 56.0529708862, 56.5173683167, 56.9817695618, 57.4461669922, 57.8989562988, 58.3633537292, 58.8161430359, 59.280544281, 59.7449417114, 60.2093429565, 60.673740387, 61.1381378174, 61.6025390625, 62.0669364929, 62.531337738, 62.9957351685, 63.4601364136, 63.924533844, 64.3889312744, 64.8533325195, 65.3177337646, 65.7821273804, 66.2465286255, 66.7109298706, 67.1753311157, 67.6397247314, 68.1041259766, 68.5685272217, 69.0329208374, 69.4973220825, 69.9617233276, 70.4261245728, 70.8905181885, 71.3549194336, 71.8193206787, 72.2837142944, 72.7481155396, 73.2125167847, 73.6769180298, 74.1413116455, 74.6057128906, 75.0701141357, 75.5345077515, 75.9989089966, 76.4633102417, 76.9277114868, 77.3805007935, 77.8448944092, 78.2976837158, 78.7620849609, 79.2264862061, 79.6908798218, 80.1552810669, 80.619682312, 81.0840835571, 81.5484771729, 82.012878418, 82.4888839722, 82.9532852173, 83.4176864624, 83.8820877075, 84.3348770142, 84.7992706299, 85.263671875, 85.7280731201, 86.1924667358, 86.656867981, 87.1212692261, 87.5856704712, 88.0500640869, 88.514465332, 88.9788665771, 89.4432601929, 89.907661438, 90.3720626831, 90.8364639282, 91.3008575439, 91.7652587891, 92.2296600342, 92.6940536499, 93.158454895, 93.6228561401, 94.0872573853, 94.551651001, 95.0160522461, 95.4804534912, 95.9448471069, 96.4092483521, 96.8736495972, 97.3380508423, 97.802444458, 98.2668457031, 98.7312469482, 99.1956481934, 99.6600418091, 100.124443054, 100.588844299, 101.053237915, 101.51763916, 101.982040405, 102.44644165, 102.910835266, 103.375236511, 103.839637756, 104.304031372, 104.768432617, 105.232833862, 105.697235107, 106.161628723, 106.626029968, 107.090431213, 107.54322052, 107.996009827, 108.460403442, 108.924804688, 109.389205933, 109.853607178, 110.318000793, 110.782402039, 111.246803284, 111.711196899, 112.175598145, 112.63999939, 113.104400635, 113.56879425, 114.033195496, 114.497596741, 114.961990356, 115.426391602, 115.890792847, 116.355194092, 116.819587708, 117.272377014, 117.736778259, 118.212783813, 118.677185059, 119.141586304, 119.605987549, 120.070381165, 120.53478241, 120.999183655, 121.463577271, 121.927978516, 122.380767822, 122.833557129, 123.297958374, 123.773963928, 124.238365173, 124.69115448, 125.167160034, 125.643173218, 126.107574463, 126.56036377, 127.024757385, 127.48915863, 127.941947937, 128.406341553, 128.870742798, 129.335144043, 129.799545288, 130.263946533, 130.728347778, 131.192733765, 131.65713501, 132.121536255, 132.5859375, 133.050338745, 133.51473999, 133.979141235, 134.44354248, 134.907928467, 135.372329712, 135.836730957, 136.301132202, 136.765533447, 137.229934692, 137.694335938, 138.158721924, 138.623123169, 139.087524414, 139.551925659, 140.016326904, 140.480728149, 140.945129395, 141.409515381, 141.873916626, 142.338317871, 142.802719116, 143.267120361, 143.731521606, 144.195922852, 144.660308838, 145.124710083, 145.589111328, 146.053512573, 146.517913818, 146.982315063, 147.446716309, 147.911102295, 148.37550354, 148.839904785, 149.30430603, 149.757095337, 150.209884644, 150.674285889, 151.138687134, 151.603088379, 152.067474365, 152.53187561, 152.996276855, 153.460678101, 153.925079346, 154.389480591, 154.853881836, 155.318267822, 155.782669067, 156.247070312, 156.711471558, 157.175872803, 157.640274048, 158.104675293, 158.569061279, 159.033462524, 159.49786377, 159.962265015, 160.42666626, 160.891067505, 161.35546875, 161.819854736, 162.284255981, 162.748657227, 163.213058472, 163.677459717, 164.141860962, 164.606262207, 165.070648193, 165.535049438, 165.999450684, 166.45223999, 166.905029297, 167.369430542, 167.833831787, 168.298233032, 168.762634277, 169.227020264, 169.691421509, 170.155822754, 170.620223999, 171.084625244, 171.549026489, 172.013427734, 172.477813721, 172.942214966, 173.406616211, 173.871017456, 174.335418701, 174.799819946, 175.264221191, 175.728607178, 176.193008423, 176.657409668, 177.121810913, 177.586212158, 178.050613403, 178.515014648, 178.979400635, 179.44380188, 179.908203125, 180.37260437, 180.837005615, 181.30140686, 181.765808105, 182.230194092, 182.694595337, 183.158996582, 183.623397827, 184.087799072, 184.552200317, 185.016601562, 185.480987549, 185.945388794, 186.398178101, 186.862579346, 187.326980591, 187.791381836, 188.255783081, 188.720184326, 189.172973633, 189.637359619, 190.101760864, 190.566162109, 191.030563354, 191.4949646, 191.959365845, 192.42376709, 192.888153076, 193.36416626, 193.816955566, 194.281356812, 194.745758057, 195.210159302, 195.674560547, 196.138946533, 196.603347778, 197.067749023, 197.532150269, 197.996551514, 198.460952759, 198.925354004, 199.378143311, 199.842529297, 200.295318604, 200.759719849, 201.224121094, 201.688522339, 202.10647583, 202.536056519, 202.965621948, 203.395187378, 203.824752808, 204.254333496, 204.683898926], "beats_loudness": {"dvar2": 0.00126568810083, "var": 0.000519000110216, "min": 2.27878249603e-09, "dmean": 0.0209486074746, "mean": 0.0456889532506, "max": 0.140957325697, "dmean2": 0.0375699140131, "median": 0.0423133298755, "dvar": 0.000429948995588}, "bpm_histogram_second_peak_weight": {"dvar2": 0, "var": 0, "min": 0.0136054418981, "dmean": 0, "mean": 0.0136054418981, "max": 0.0136054418981, "dmean2": 0, "median": 0.0136054418981, "dvar": 0}, "bpm_histogram_second_peak_spread": {"dvar2": 0, "var": 0, "min": 0.249999940395, "dmean": 0, "mean": 0.249999940395, "max": 0.249999940395, "dmean2": 0, "median": 0.249999940395, "dvar": 0}, "bpm_histogram_second_peak_bpm": {"dvar2": 0, "var": 0, "min": 140, "dmean": 0, "mean": 140, "max": 140, "dmean2": 0, "median": 140, "dvar": 0}, "onset_rate": 2.83584856987}, "lowlevel": {"spectral_energyband_high": {"dvar2": 3.46162732967e-06, "var": 3.79825564778e-06, "min": 7.01960331214e-21, "dmean": 0.00057110277703, "mean": 0.00159756140783, "max": 0.0309716500342, "dmean2": 0.00089617568301, "median": 0.0012956301216, "dvar": 1.71288900219e-06}, "spectral_energyband_middle_low": {"dvar2": 0.000167342092027, "var": 7.16334834578e-05, "min": 1.58946548807e-22, "dmean": 0.0037895089481, "mean": 0.00826156046242, "max": 0.0918783769011, "dmean2": 0.00635750079527, "median": 0.00596829270944, "dvar": 6.17775076535e-05}, "spectral_energy": {"dvar2": 0.0016810487723, "var": 0.000744236051105, "min": 1.00387236907e-20, "dmean": 0.0164510030299, "mean": 0.0427370332181, "max": 0.225643768907, "dmean2": 0.0272569321096, "median": 0.0395791605115, "dvar": 0.000663685787003}, "spectral_spread": {"dvar2": 531408158720, "var": 2618902183940.0, "min": 1506672.5, "dmean": 361596.03125, "mean": 4298331, "max": 41550316, "dmean2": 543927.0625, "median": 4187550.25, "dvar": 290433957888}, "spectral_energyband_low": {"dvar2": 0.00164168840274, "var": 0.000605271488894, "min": 5.00001151647e-23, "dmean": 0.0141782239079, "mean": 0.0227612145245, "max": 0.219545602798, "dmean2": 0.0234993994236, "median": 0.0167081356049, "dvar": 0.000644670508336}, "spectral_rolloff": {"dvar2": 1126073.75, "var": 2063159.875, "min": 64.599609375, "dmean": 484.251342773, "mean": 1754.90893555, "max": 19724.4140625, "dmean2": 796.531311035, "median": 1593.45703125, "dvar": 533390.25}, "barkbands": {"dvar2": [5.18786542614e-08, 0.00120854564011, 0.000161152362125, 1.86822308024e-05, 6.92756220815e-05, 1.83514282526e-06, 4.21421617602e-07, 1.37468293815e-06, 7.40326277082e-06, 4.99205361848e-06, 3.44936506735e-06, 3.03719184558e-06, 6.31980537946e-06, 2.8131291856e-06, 2.23027223001e-06, 2.36070286519e-06, 9.73637156676e-07, 4.30403758855e-07, 3.6432777506e-07, 2.95241989079e-07, 3.49365762986e-07, 3.80806568501e-07, 2.4716155167e-07, 1.38997904742e-07, 6.38152002352e-08, 2.0795885014e-09, 2.89954827726e-14], "var": [4.19321182221e-08, 0.000410464854212, 5.18234046467e-05, 7.34224158805e-06, 1.709838034e-05, 6.94180869232e-07, 3.94564182216e-07, 1.64790048984e-06, 1.10165774458e-05, 1.41854925459e-05, 3.88193666367e-06, 3.0147475627e-06, 8.59388910612e-06, 2.76694140666e-06, 2.48452420237e-06, 1.68019801094e-06, 7.95651658336e-07, 2.80054678115e-07, 3.64718488299e-07, 3.08722803766e-07, 2.10492672181e-07, 2.35905247337e-07, 2.72699026027e-07, 1.46852627836e-07, 6.06557009064e-08, 2.06068806463e-09, 6.14507114288e-15], "min": [3.06454515093e-24, 4.81182275219e-24, 1.2720605936e-24, 1.21944082993e-23, 1.19944052385e-23, 1.63347660596e-23, 2.30561023635e-23, 2.15258147593e-23, 2.53823379993e-23, 3.01450857146e-23, 2.09782806045e-23, 1.23289043504e-23, 3.82372240358e-23, 2.48287974575e-23, 6.4927266224e-23, 6.84072472213e-23, 1.48077118384e-22, 1.61231052124e-22, 1.71632883667e-22, 2.6319037749e-22, 3.42106634054e-22, 4.09961950009e-22, 4.17176859227e-22, 7.08167881464e-22, 8.9854139918e-22, 1.46157230365e-21, 1.99248907195e-21], "dmean": [0.000119950105727, 0.0110962446779, 0.00448292540386, 0.00142518361099, 0.00165261561051, 0.000365854386473, 0.000248193013249, 0.00031651489553, 0.000866272370331, 0.000763708958402, 0.000700202130247, 0.000729873077944, 0.000894215598237, 0.000678742362652, 0.000534615130164, 0.000500531168655, 0.000394531351048, 0.000285656919004, 0.000289414601866, 0.00023943548149, 0.000203518429771, 0.000140164513141, 0.000114956172183, 8.50276701385e-05, 5.66136477573e-05, 1.23845848066e-05, 2.92495272447e-08], "mean": [0.000189128870261, 0.0150843895972, 0.00639043096453, 0.00212296284735, 0.00212247949094, 0.000532107020263, 0.000400437711505, 0.00052793987561, 0.00158579275012, 0.00187487411313, 0.00131466554012, 0.00139601994306, 0.00190421263687, 0.00130129395984, 0.00105277763214, 0.000981630873866, 0.000796140520833, 0.000558122526854, 0.000713202054612, 0.000580233987421, 0.000405035418225, 0.000280715990812, 0.000271867669653, 0.000204743322683, 0.000121991251945, 2.37727654167e-05, 1.88608328955e-08], "max": [0.00154057145119, 0.162283048034, 0.093000203371, 0.0383237600327, 0.0604525990784, 0.0129634449258, 0.0104851461947, 0.021174736321, 0.0564718656242, 0.0390137508512, 0.0209721792489, 0.0226861853153, 0.0341336540878, 0.017884362489, 0.0230591613799, 0.0331771448255, 0.016052249819, 0.00657349638641, 0.00872023683041, 0.00854082964361, 0.00786909088492, 0.0108042377979, 0.0114659583196, 0.0100405989215, 0.00454347301275, 0.000700983742718, 2.14295118894e-06], "dmean2": [0.000203685223823, 0.0185105744749, 0.0077645056881, 0.00242271530442, 0.00289119896479, 0.000622583960649, 0.000414694281062, 0.000501675822306, 0.00137116515543, 0.00116292387247, 0.00114092475269, 0.00116673472803, 0.00146127224434, 0.00109998893458, 0.000852971861605, 0.000831129204016, 0.000652786809951, 0.000488554185722, 0.000490976555739, 0.000408691412304, 0.000341558625223, 0.000225145893637, 0.000177989306394, 0.000132312852656, 8.39887215989e-05, 1.82716175914e-05, 5.44454330509e-08], "median": [0.000116739080113, 0.00919733289629, 0.00432968325913, 0.00128032290377, 0.00126028154045, 0.000269931420917, 0.000212443774217, 0.000174293265445, 0.000628681038506, 0.000629477202892, 0.000678101147059, 0.000846151029691, 0.00074600847438, 0.000748701859266, 0.000638914585579, 0.000677838979755, 0.000586119655054, 0.0004599855165, 0.000616076693404, 0.000457835121779, 0.000308072543703, 0.000183042007848, 0.000183903524885, 0.000138619958307, 6.29789865343e-05, 8.1039752331e-06, 1.41675859933e-09], "dvar": [1.98566016962e-08, 0.000467026373371, 5.76054262638e-05, 6.87084957463e-06, 2.48426858889e-05, 6.68966833928e-07, 1.62935720027e-07, 6.01410079071e-07, 3.14704607263e-06, 2.38733991864e-06, 1.34993581469e-06, 1.23080837966e-06, 2.36478172155e-06, 1.13333965146e-06, 9.23704988054e-07, 8.83174664068e-07, 4.00143562729e-07, 1.61228030038e-07, 1.3416540412e-07, 1.12693022913e-07, 1.4483840971e-07, 1.61570937962e-07, 1.25660946537e-07, 6.72230981991e-08, 3.05610896589e-08, 9.79967773596e-10, 1.02319276099e-14]}, "melbands_skewness": {"dvar2": 2.84489178658, "var": 3.72368192673, "min": -0.942136406898, "dmean": 0.862489461899, "mean": 2.52851557732, "max": 16.5696544647, "dmean2": 1.36972045898, "median": 2.03838801384, "dvar": 1.16535425186}, "barkbands_skewness": {"dvar2": 1.77990353107, "var": 1.95525550842, "min": -2.00188660622, "dmean": 0.598018825054, "mean": 1.1810965538, "max": 14.4193630219, "dmean2": 0.957704365253, "median": 0.852795541286, "dvar": 0.683560848236}, "erbbands": {"dvar2": [0.298671752214, 84.1648101807, 293.113464355, 124.009490967, 912.419372559, 502.853240967, 80.7708816528, 137.753967285, 69.0618667603, 232.478439331, 927.83996582, 4934.72363281, 6138.84033203, 3503.21679688, 4238.73828125, 5767.90478516, 15145.5429688, 6896.61816406, 6411.77539062, 4041.78833008, 7164.97558594, 2009.6965332, 1334.63208008, 872.921325684, 919.576538086, 653.747253418, 952.034423828, 330.629669189, 427.696411133, 348.149963379, 218.448135376, 107.196754456, 33.1551170349, 13.9060916901, 1.76199185848, 0.116219028831, 0.00335820904002, 1.16141391118e-05, 7.99102650717e-09, 2.1685513385e-09], "var": [0.13424281776, 28.5181007385, 95.8916168213, 47.7193565369, 239.314880371, 122.569747925, 30.2545928955, 52.632270813, 54.2513275146, 224.292572021, 1291.40478516, 8158.17529297, 18290.5371094, 6263.22070312, 4057.78515625, 5844.390625, 18948.8886719, 8469.40136719, 6295.56738281, 7980.09472656, 4032.17285156, 1634.3840332, 910.098571777, 711.400634766, 934.400939941, 742.833435059, 439.149597168, 288.976470947, 269.015197754, 304.16003418, 218.996185303, 94.7038269043, 34.9346961975, 12.7372121811, 1.73651146889, 0.11784119159, 0.00348808104172, 1.21587581816e-05, 8.77449313208e-09, 1.14198139833e-09], "min": [2.51092179456e-22, 1.104281271e-21, 4.15335019212e-21, 3.01821241856e-20, 2.35707328901e-20, 5.3005688416e-20, 1.1185667448e-19, 1.42160190652e-19, 2.11139996854e-19, 5.9695448289e-19, 5.23475201896e-19, 4.76389858382e-19, 6.4673902014e-19, 6.05620699071e-19, 1.411085339e-18, 9.94053754583e-19, 2.25716330624e-18, 1.39803015419e-18, 3.5836144201e-18, 4.80630358433e-18, 5.40465584736e-18, 8.36467534726e-18, 8.44240799097e-18, 1.16579865955e-17, 9.68705342379e-18, 1.2264610251e-17, 1.14665951997e-17, 1.07857535909e-17, 1.31516878389e-17, 1.3678138668e-17, 1.34627838499e-17, 1.1672511887e-17, 1.1370561185e-17, 9.05339254272e-18, 7.29900532922e-18, 4.26449821515e-18, 2.55067511171e-18, 1.09939282745e-18, 2.49377170302e-19, 2.96629003301e-20], "dmean": [0.198049604893, 2.91736531258, 5.99097776413, 4.08374261856, 6.27081727982, 4.937084198, 2.8941617012, 3.03092670441, 2.98975968361, 4.76308250427, 8.69757652283, 21.71991539, 21.1098842621, 23.3007602692, 25.4013347626, 31.4246196747, 41.2826766968, 33.8824996948, 28.2880096436, 23.3819789886, 27.1137638092, 18.206571579, 15.5752592087, 14.395524025, 13.4634160995, 11.5949678421, 10.0633487701, 6.45712661743, 4.97737073898, 4.22212028503, 3.33431863785, 2.24210596085, 1.27471601963, 0.823546648026, 0.303810924292, 0.0912908911705, 0.016083130613, 0.00100792420562, 3.07509581035e-05, 1.95229531528e-05], "mean": [0.340789169073, 3.67650580406, 8.39575862885, 6.67468500137, 7.89363384247, 6.64445400238, 4.41282463074, 4.32981443405, 4.99819278717, 7.7641825676, 16.6006622314, 41.4089202881, 53.824016571, 54.0006484985, 52.0901603699, 65.1760864258, 91.032699585, 73.4413986206, 59.1958312988, 52.6169509888, 55.4859313965, 40.6322212219, 32.0310325623, 33.012424469, 34.5205802917, 28.2428512573, 18.7620048523, 14.5510149002, 9.96535491943, 8.94605350494, 7.60055398941, 5.2323012352, 2.92288088799, 1.7464120388, 0.636782944202, 0.181294962764, 0.030612455681, 0.00182632659562, 7.48936072341e-05, 5.65743503103e-05], "max": [3.21257066727, 42.6482467651, 117.39213562, 85.0255355835, 220.423904419, 154.558273315, 82.1662445068, 129.582855225, 121.531105042, 412.80847168, 586.57244873, 1569.88195801, 1475.41662598, 1121.83642578, 836.020446777, 1015.11987305, 1585.41125488, 1029.97998047, 1443.98352051, 1842.78369141, 1967.58557129, 807.931762695, 501.18145752, 245.065429688, 580.708435059, 299.470306396, 516.487243652, 267.578155518, 374.791442871, 388.485534668, 395.067993164, 238.837432861, 137.409362793, 66.607925415, 21.0131759644, 4.80060863495, 1.02920997143, 0.0515310242772, 0.00110334041528, 0.000266565126367], "dmean2": [0.329571217299, 4.85446739197, 10.2405042648, 6.98329401016, 10.8663110733, 8.67160892487, 4.95733976364, 5.11373472214, 5.01621341705, 7.7687625885, 13.6268005371, 34.2706832886, 32.2805366516, 36.1607322693, 41.4003868103, 50.4855880737, 68.0736083984, 54.9432983398, 45.5186500549, 37.0977973938, 45.1618156433, 30.0961894989, 26.4141845703, 24.640378952, 22.7846431732, 19.7092895508, 17.2848052979, 10.433380127, 8.00068283081, 6.55855369568, 5.22632265091, 3.51404333115, 1.93532717228, 1.23145413399, 0.455499112606, 0.134903535247, 0.0237539839, 0.00150245567784, 4.68143625767e-05, 3.20650360663e-05], "median": [0.228985860944, 2.09398174286, 5.55490446091, 4.98344898224, 4.58578443527, 3.96683216095, 2.75707840919, 2.11976647377, 2.79259324074, 3.87587022781, 6.51342725754, 16.4539470673, 16.1920490265, 27.2269115448, 33.9415588379, 42.2955665588, 39.6792793274, 42.6287651062, 38.2541656494, 34.3610229492, 39.6575317383, 32.2810821533, 26.3740005493, 29.2384033203, 28.639125824, 22.3218860626, 14.3810148239, 11.0439939499, 6.66542243958, 5.75165081024, 5.12691450119, 3.62624287605, 1.91753315926, 0.964986979961, 0.304744660854, 0.0666315481067, 0.00960967876017, 0.000550271011889, 4.82054747408e-05, 5.37949126738e-05], "dvar": [0.112031847239, 32.805847168, 108.530006409, 45.0982398987, 332.934631348, 175.859664917, 28.6338348389, 51.2787475586, 26.3924427032, 95.7593765259, 410.158752441, 2137.78637695, 2886.8918457, 1545.74145508, 1663.32519531, 2328.27587891, 5606.84472656, 2760.28198242, 2620.09790039, 1950.40148926, 2602.83203125, 833.581237793, 514.268066406, 317.929534912, 343.606903076, 248.980560303, 367.709320068, 151.119445801, 181.07460022, 167.79850769, 105.691612244, 48.3716125488, 16.4769611359, 6.59287118912, 0.868757247925, 0.0552251897752, 0.00160703354049, 5.48814523427e-06, 3.7890530713e-09, 8.62144633462e-10]}, "silence_rate_30dB": {"dvar2": 0.0923677831888, "var": 0.0198425985873, "min": 0, "dmean": 0.0343969240785, "mean": 0.9797488451, "max": 1, "dmean2": 0.0688016265631, "median": 1, "dvar": 0.0332178212702}, "melbands_spread": {"dvar2": 221.144775391, "var": 348.36517334, "min": 0.391573727131, "dmean": 8.53477191925, "mean": 33.1462287903, "max": 165.379135132, "dmean2": 13.3536081314, "median": 32.615234375, "dvar": 99.8237991333}, "melbands_crest": {"dvar2": 22.2551860809, "var": 26.6399707794, "min": 1.5511828661, "dmean": 3.22176361084, "mean": 15.3801708221, "max": 32.1910858154, "dmean2": 5.2509188652, "median": 15.1010961533, "dvar": 8.61117553711}, "zerocrossingrate": {"dvar2": 0.00019250359037, "var": 0.00132899964228, "min": 0.00390625, "dmean": 0.00959733966738, "mean": 0.0674131438136, "max": 0.52734375, "dmean2": 0.0119552379474, "median": 0.06591796875, "dvar": 0.00013689105981}, "barkbands_kurtosis": {"dvar2": 406.971221924, "var": 148.255401611, "min": -1.88207232952, "dmean": 3.22927904129, "mean": 2.86109614372, "max": 351.895202637, "dmean2": 5.58851480484, "median": -0.175021409988, "dvar": 137.212158203}, "spectral_flux": {"dvar2": 0.00326820276678, "var": 0.0031300263945, "min": 6.55949877748e-11, "dmean": 0.032500911504, "mean": 0.107196748257, "max": 0.399429738522, "dmean2": 0.0506121367216, "median": 0.0950827971101, "dvar": 0.00162137846928}, "barkbands_crest": {"dvar2": 20.5424156189, "var": 18.9078407288, "min": 2.10104894638, "dmean": 2.82302212715, "mean": 9.87557697296, "max": 26.2011604309, "dmean2": 4.51703023911, "median": 8.89979934692, "dvar": 8.79513263702}, "barkbands_flatness_db": {"dvar2": 0.00166048388928, "var": 0.00281790620647, "min": 0.0189181752503, "dmean": 0.0219169780612, "mean": 0.132243782282, "max": 0.435298323631, "dmean2": 0.0355686098337, "median": 0.11588383466, "dvar": 0.000640861399006}, "spectral_entropy": {"dvar2": 0.0367862470448, "var": 0.10864187032, "min": 5.92112588882, "dmean": 0.0955598205328, "mean": 7.8664855957, "max": 9.81175708771, "dmean2": 0.150018051267, "median": 7.9521689415, "dvar": 0.0150287970901}, "pitch_salience": {"dvar2": 0.0161418095231, "var": 0.0163496509194, "min": 0.058264542371, "dmean": 0.0807936638594, "mean": 0.503785192966, "max": 0.914040505886, "dmean2": 0.129332736135, "median": 0.511664569378, "dvar": 0.00667957076803}, "erbbands_spread": {"dvar2": 130.284591675, "var": 194.542266846, "min": 4.18881988525, "dmean": 6.59147167206, "mean": 33.1294288635, "max": 123.897651672, "dmean2": 10.4923191071, "median": 30.3409824371, "dvar": 52.489402771}, "dynamic_complexity": 2.58028173447, "spectral_contrast_valleys": {"dvar2": [0.245300516486, 0.270366460085, 0.159882202744, 0.131020829082, 0.200580865145, 0.228040710092], "var": [1.8006349802, 1.43542838097, 1.56478333473, 1.54498565197, 1.57100558281, 2.20153141022], "min": [-28.0409412384, -27.5528297424, -27.5181865692, -27.4312019348, -27.4456653595, -27.3357372284], "dmean": [0.352443277836, 0.366703867912, 0.292199075222, 0.249880224466, 0.233254760504, 0.247548118234], "mean": [-6.79881620407, -7.05544424057, -6.85176753998, -6.99328660965, -6.84603500366, -9.73800182343], "max": [-5.2295422554, -4.95540475845, -5.35104322433, -5.55876016617, -5.53351211548, -7.29478025436], "dmean2": [0.587538897991, 0.609044551849, 0.480503678322, 0.403876453638, 0.378486126661, 0.356179267168], "median": [-6.53352308273, -6.88377523422, -6.57532024384, -6.71086931229, -6.51841449738, -9.24747943878], "dvar": [0.0969388708472, 0.107861787081, 0.0678820833564, 0.0586623065174, 0.0886185467243, 0.118237622082]}, "hfc": {"dvar2": 319.44720459, "var": 460.200775146, "min": 1.06661823172e-16, "dmean": 7.82676124573, "mean": 34.6367378235, "max": 235.564041138, "dmean2": 12.3917703629, "median": 33.9066162109, "dvar": 140.335845947}, "spectral_kurtosis": {"dvar2": 8.40252971649, "var": 4.15970420837, "min": -1.22826039791, "dmean": 1.21342396736, "mean": 3.40533661842, "max": 21.0956077576, "dmean2": 2.09234833717, "median": 2.95482206345, "dvar": 2.76931738853}, "mfcc": {"mean": [-598.786254883, 103.653526306, -15.6492395401, 23.973367691, 11.8155059814, 21.4715461731, 15.4027996063, 14.5528926849, 6.09390211105, 7.51940155029, -0.709894299507, 0.85554254055, -0.999480068684], "cov": [[8177.984375, -639.844787598, 195.927352905, -251.091766357, 148.328826904, 213.244018555, 314.961700439, 112.371437073, -50.8256950378, 194.276672363, -34.8215065002, 27.6674404144, -58.4020118713], [-639.844787598, 1045.57519531, -158.174468994, 237.971878052, 13.4478769302, 33.2799072266, -62.9501152039, 14.7766571045, 48.9283409119, -14.844745636, 16.5125999451, 6.73881006241, 1.76185905933], [195.927352905, -158.174468994, 550.697265625, -58.5440979004, 121.571044922, 42.2973327637, 63.2344856262, 56.5039901733, 1.41891896725, 58.8484954834, -20.6492156982, 17.0773868561, -6.31569671631], [-251.091766357, 237.971878052, -58.5440979004, 230.232879639, 35.6699485779, -2.61239290237, -53.5210723877, -27.1663665771, 17.7049751282, -6.6414232254, 10.8749895096, 2.34536600113, 24.0478992462], [148.328826904, 13.4478769302, 121.571044922, 35.6699485779, 159.248550415, 26.2302474976, 12.3410892487, -2.97646927834, 16.7646694183, 36.6484832764, -1.8926050663, 11.6037311554, 14.9940719604], [213.244018555, 33.2799072266, 42.2973327637, -2.61239290237, 26.2302474976, 127.532264709, 64.8153610229, 30.1307983398, -12.2979421616, 13.6195907593, 8.02537822723, 15.266374588, -6.02077388763], [314.961700439, -62.9501152039, 63.2344856262, -53.5210723877, 12.3410892487, 64.8153610229, 151.804855347, 62.8282051086, -8.63873195648, 19.2783088684, 4.90751647949, 21.7016429901, -1.78600263596], [112.371437073, 14.7766571045, 56.5039901733, -27.1663665771, -2.97646927834, 30.1307983398, 62.8282051086, 97.0319671631, 20.6362323761, 18.7720317841, -0.219758018851, 9.24994850159, -11.191151619], [-50.8256950378, 48.9283409119, 1.41891896725, 17.7049751282, 16.7646694183, -12.2979421616, -8.63873195648, 20.6362323761, 89.1030883789, 31.3340187073, 0.60184943676, -19.1269626617, -5.77535247803], [194.276672363, -14.844745636, 58.8484954834, -6.6414232254, 36.6484832764, 13.6195907593, 19.2783088684, 18.7720317841, 31.3340187073, 85.6108551025, 16.182762146, 4.80551481247, -5.27001714706], [-34.8215065002, 16.5125999451, -20.6492156982, 10.8749895096, -1.8926050663, 8.02537822723, 4.90751647949, -0.219758018851, 0.60184943676, 16.182762146, 55.2616271973, 22.6595783234, 5.23813915253], [27.6674404144, 6.73881006241, 17.0773868561, 2.34536600113, 11.6037311554, 15.266374588, 21.7016429901, 9.24994850159, -19.1269626617, 4.80551481247, 22.6595783234, 62.7669143677, 18.5994434357], [-58.4020118713, 1.76185905933, -6.31569671631, 24.0478992462, 14.9940719604, -6.02077388763, -1.78600263596, -11.191151619, -5.77535247803, -5.27001714706, 5.23813915253, 18.5994434357, 52.0146141052]], "icov": [[0.000151616681251, 7.65064760344e-05, 7.97645188868e-05, 3.33067473548e-05, -0.000124314858112, -0.000129891079268, -0.000179932336323, -1.60746421898e-05, 0.000154403343913, -0.000354167539626, 0.000226742093218, -2.85222413368e-05, 0.000141719414387], [7.65064760344e-05, 0.00144437327981, 0.000370207213564, -0.00131571060047, -0.000134030473419, -0.000659186509438, 0.000481856230181, -0.000821093446575, -0.000441651034635, 0.000150594569277, 0.000161286632647, -0.00048799382057, 0.000616913661361], [7.97645188868e-05, 0.000370207213564, 0.00275814533234, 0.000355817057425, -0.00209384551272, -0.000176068773726, 8.73702520039e-05, -0.00154453073628, 0.000812323123682, -0.00123479252215, 0.00135334429797, -0.00050961994566, 0.000512336671818], [3.33067473548e-05, -0.00131571060047, 0.000355817057425, 0.00689643761143, -0.00160623469856, -0.000554930011276, 0.00159361597616, 0.000683474587277, -0.000655614072457, 0.000502311391756, -0.000997382565401, 0.000425691599958, -0.0025363790337], [-0.000124314858112, -0.000134030473419, -0.00209384551272, -0.00160623469856, 0.0098169175908, -0.00149090157356, -0.000482322619064, 0.00278653623536, -0.00192722247448, -0.00255921576172, 0.00162233796436, -0.00131240766495, -0.0022335248068], [-0.000129891079268, -0.000659186509438, -0.000176068773726, -0.000554930011276, -0.00149090157356, 0.0113774556667, -0.0043028476648, -0.000789528363384, 0.00219966424629, -0.000212095270399, -0.00126086105593, -0.000122354875202, 0.00193426280748], [-0.000179932336323, 0.000481856230181, 8.73702520039e-05, 0.00159361597616, -0.000482322619064, -0.0043028476648, 0.012577790767, -0.00657085003331, 0.00131717766635, -0.00040620440268, -0.000291040836601, -0.0012588838581, -0.00170085043646], [-1.60746421898e-05, -0.000821093446575, -0.00154453073628, 0.000683474587277, 0.00278653623536, -0.000789528363384, -0.00657085003331, 0.0179904419929, -0.00546218035743, -0.000500455324072, 0.00166391476523, -0.00320315221325, 0.00257730763406], [0.000154403343913, -0.000441651034635, 0.000812323123682, -0.000655614072457, -0.00192722247448, 0.00219966424629, 0.00131717766635, -0.00546218035743, 0.0171802993864, -0.00619593448937, -0.000671404355671, 0.00606953678653, -0.000552659854293], [-0.000354167539626, 0.000150594569277, -0.00123479252215, 0.000502311391756, -0.00255921576172, -0.000212095270399, -0.00040620440268, -0.000500455324072, -0.00619593448937, 0.0182860419154, -0.00614407006651, -0.000386071944376, 0.00172818102874], [0.000226742093218, 0.000161286632647, 0.00135334429797, -0.000997382565401, 0.00162233796436, -0.00126086105593, -0.000291040836601, 0.00166391476523, -0.000671404355671, -0.00614407006651, 0.0247933492064, -0.00951294694096, 0.000816738815047], [-2.85222413368e-05, -0.00048799382057, -0.00050961994566, 0.000425691599958, -0.00131240766495, -0.000122354875202, -0.0012588838581, -0.00320315221325, 0.00606953678653, -0.000386071944376, -0.00951294694096, 0.0249778125435, -0.00798120722175], [0.000141719414387, 0.000616913661361, 0.000512336671818, -0.0025363790337, -0.0022335248068, 0.00193426280748, -0.00170085043646, 0.00257730763406, -0.000552659854293, 0.00172818102874, 0.000816738815047, -0.00798120722175, 0.0248477160931]]}, "silence_rate_20dB": {"dvar2": 0, "var": 0, "min": 1, "dmean": 0, "mean": 1, "max": 1, "dmean2": 0, "median": 1, "dvar": 0}, "melbands_kurtosis": {"dvar2": 1223.98413086, "var": 736.229736328, "min": -1.71727836132, "dmean": 8.62903881073, "mean": 12.2129716873, "max": 583.616699219, "dmean2": 14.5719633102, "median": 3.99634885788, "dvar": 427.578887939}, "barkbands_spread": {"dvar2": 112.27368927, "var": 192.17539978, "min": 0.357690751553, "dmean": 5.94137430191, "mean": 30.5977020264, "max": 109.536102295, "dmean2": 9.60510921478, "median": 31.8233451843, "dvar": 48.3579826355}, "erbbands_skewness": {"dvar2": 0.182688310742, "var": 0.36190623045, "min": -3.77005600929, "dmean": 0.287561058998, "mean": -0.0847442001104, "max": 3.87877655029, "dmean2": 0.451453983784, "median": -0.11375053972, "dvar": 0.0731215626001}, "average_loudness": 0.965884804726, "spectral_centroid": {"dvar2": 164712.65625, "var": 445835.15625, "min": 143.147628784, "dmean": 232.179489136, "mean": 1842.12072754, "max": 11347.0712891, "dmean2": 380.933410645, "median": 1922.79992676, "dvar": 68382.734375}, "dissonance": {"dvar2": 0.00046967290109, "var": 0.000330434617354, "min": 0.292510539293, "dmean": 0.0115404548123, "mean": 0.480103880167, "max": 0.500000119209, "dmean2": 0.0198641773313, "median": 0.484914034605, "dvar": 0.000166987752891}, "erbbands_flatness_db": {"dvar2": 0.000335963093676, "var": 0.00147066602949, "min": 0.0595423579216, "dmean": 0.0128333363682, "mean": 0.154288843274, "max": 0.331679463387, "dmean2": 0.019459977746, "median": 0.1499556005, "dvar": 0.000154570618179}, "spectral_strongpeak": {"dvar2": 3.34347844124, "var": 1.76032781601, "min": 0, "dmean": 0.619912624359, "mean": 0.863493561745, "max": 13.7318916321, "dmean2": 1.09890139103, "median": 0.392980873585, "dvar": 1.31353962421}, "spectral_rms": {"dvar2": 5.11007419846e-06, "var": 4.17112551077e-06, "min": 3.12951704481e-12, "dmean": 0.00111229578033, "mean": 0.00612563453615, "max": 0.0148371243849, "dmean2": 0.00179401889909, "median": 0.00621400168166, "dvar": 2.11836550079e-06}, "silence_rate_60dB": {"dvar2": 0.0011309197871, "var": 0.017991727218, "min": 0, "dmean": 0.000452591077192, "mean": 0.0183278657496, "max": 1, "dmean2": 0.000905284599867, "median": 0, "dvar": 0.000452419626527}, "melbands": {"dvar2": [5.71436758037e-05, 9.77999152383e-05, 4.47174215878e-06, 4.85085774926e-06, 1.15039085813e-07, 6.64833947894e-08, 1.67530078699e-08, 3.13541654862e-08, 8.16275758098e-08, 1.81165532354e-07, 1.516261392e-07, 6.035374156e-08, 7.1016131642e-08, 3.76816444714e-08, 6.67525057452e-08, 5.42014291227e-08, 2.95192048583e-08, 1.94762908023e-08, 8.96296192821e-09, 1.08783151376e-08, 1.08411049027e-08, 3.21487503285e-09, 2.37056685393e-09, 8.07203803799e-10, 6.98710478364e-10, 6.75662525929e-10, 4.4579567815e-10, 3.37727262822e-10, 4.38803882119e-10, 2.34019137402e-10, 1.1626122981e-10, 1.31689534277e-10, 2.04666714132e-10, 1.07493097756e-10, 7.7562033185e-11, 8.23402110384e-11, 3.82057892268e-11, 1.80371897973e-11, 1.92689805084e-11, 9.07265582106e-12], "var": [2.06204604183e-05, 3.360626215e-05, 1.59490184615e-06, 1.16173600873e-06, 4.12195113597e-08, 2.53681715634e-08, 1.3898253215e-08, 3.07367713503e-08, 1.29047663222e-07, 2.78191265579e-07, 4.54458955801e-07, 1.08982099789e-07, 6.88379842018e-08, 3.47842075143e-08, 7.31702414214e-08, 7.06324527755e-08, 3.33811875919e-08, 1.75648011691e-08, 1.15003997436e-08, 1.38664573157e-08, 6.27324103775e-09, 2.40436581755e-09, 1.63473867776e-09, 4.40686209746e-10, 5.26086729735e-10, 5.90301030279e-10, 4.46376630103e-10, 3.35856592537e-10, 1.9966413245e-10, 1.35281466584e-10, 9.41655226017e-11, 8.22876281004e-11, 1.10083171745e-10, 9.48181810845e-11, 7.77564193588e-11, 6.64300628395e-11, 2.81091764448e-11, 1.70233618868e-11, 1.72528623332e-11, 7.87140144731e-12], "min": [1.83166067178e-24, 2.83454368211e-24, 5.79625095328e-24, 2.3480018859e-24, 4.10799198065e-24, 3.40416830886e-24, 3.29989075795e-24, 5.38173531316e-24, 4.36978769939e-24, 3.29964936651e-24, 2.96552811897e-24, 2.25789405179e-24, 4.71263177639e-24, 2.49110421234e-24, 6.36849341494e-24, 4.37256015104e-24, 2.01287799615e-24, 5.92772961149e-24, 4.89405676839e-24, 5.54913633042e-24, 5.74187279893e-24, 7.43370373374e-24, 4.47885797473e-24, 4.13067646484e-24, 7.73868603717e-24, 6.90697105214e-24, 6.9982517252e-24, 7.10120517308e-24, 6.96675803128e-24, 5.77840849733e-24, 6.2079416825e-24, 6.70966983999e-24, 8.26821286411e-24, 5.19234045944e-24, 6.90411143136e-24, 5.87879420296e-24, 7.03005938576e-24, 7.65779387337e-24, 7.20392432927e-24, 7.78330085453e-24], "dmean": [0.00248978356831, 0.00339652574621, 0.0007645409205, 0.000428764789831, 0.000110988723463, 6.74972325214e-05, 4.79701084259e-05, 5.36406514584e-05, 8.72602686286e-05, 0.000133942987304, 0.000105031394924, 9.38318335102e-05, 9.69920074567e-05, 8.05238014436e-05, 9.74632857833e-05, 7.96992244432e-05, 6.92412504577e-05, 4.88488658448e-05, 3.62805294571e-05, 3.45085500157e-05, 3.49195834133e-05, 2.19788871618e-05, 1.99706737476e-05, 1.22322880998e-05, 1.28736746774e-05, 1.23365871332e-05, 9.3459884738e-06, 8.17949512566e-06, 7.20479647498e-06, 4.87447232445e-06, 3.8412149479e-06, 2.94423284686e-06, 3.04573427456e-06, 2.29311535804e-06, 2.04047910302e-06, 1.91847971109e-06, 1.31821411742e-06, 9.58400391937e-07, 9.00179315977e-07, 7.03575722127e-07], "mean": [0.00367601006292, 0.00471301143989, 0.00124853628222, 0.000551568169612, 0.000173509542947, 9.66729130596e-05, 7.93673534645e-05, 8.76886188053e-05, 0.000167656224221, 0.000249986769632, 0.000259068765445, 0.000208288911381, 0.000183406649739, 0.000154131135787, 0.000196884473553, 0.000172044936335, 0.000135271591716, 9.35368443606e-05, 7.29213643353e-05, 6.9469671871e-05, 6.56411648379e-05, 4.37664166384e-05, 3.63062536053e-05, 2.31334252021e-05, 2.68174135272e-05, 2.7681238862e-05, 2.1656986064e-05, 1.80660972546e-05, 1.22865776575e-05, 9.40018253459e-06, 8.03641250968e-06, 5.55691804038e-06, 5.34837909072e-06, 4.75038950754e-06, 4.34116054748e-06, 4.03769900004e-06, 2.88952173833e-06, 2.06690106097e-06, 1.78530899575e-06, 1.38218354095e-06], "max": [0.0371572226286, 0.0541030280292, 0.0153716271743, 0.0156765021384, 0.00279067759402, 0.0026735921856, 0.00189564574976, 0.00420822715387, 0.0045784637332, 0.00846444536, 0.0073234080337, 0.0049382802099, 0.0032100463286, 0.00243870238774, 0.00344846467488, 0.00310072605498, 0.00232632295229, 0.00230004987679, 0.00198146677576, 0.00200626486912, 0.00201905332506, 0.00100718101021, 0.000821465800982, 0.000344489992131, 0.00021319546795, 0.00029698133585, 0.000321433850331, 0.000237067521084, 0.000432791392086, 0.000209492442082, 0.000150194624439, 0.000225798648898, 0.000246658804826, 0.000250904908171, 0.000231941885431, 0.000189768761629, 0.000176957371878, 0.00010833194392, 7.49086029828e-05, 5.52858182346e-05], "dmean2": [0.00413644593209, 0.00569764012471, 0.00130603369325, 0.000751466257498, 0.000189766418771, 0.000114088783448, 8.03711154731e-05, 8.68688366609e-05, 0.000135687922011, 0.000211477556149, 0.000160337454872, 0.000145044992678, 0.000158557697432, 0.000129537889734, 0.000157812333782, 0.000130871077999, 0.000112056681246, 7.9204881331e-05, 5.8074532717e-05, 5.6007229432e-05, 5.8216148318e-