{"tonal": {"thpcp": [1, 0.865260839462, 0.689998209476, 0.741968810558, 0.677865684032, 0.611887037754, 0.685250401497, 0.727178156376, 0.67570066452, 0.613491952419, 0.610724389553, 0.717317581177, 0.841863512993, 0.768950402737, 0.575083017349, 0.462334364653, 0.431358247995, 0.467240989208, 0.582957327366, 0.672149658203, 0.725144743919, 0.869720220566, 0.837285339832, 0.686478555202, 0.737300634384, 0.732811689377, 0.652620017529, 0.816618621349, 0.958400070667, 0.822686314583, 0.645616292953, 0.495552003384, 0.436398863792, 0.621113598347, 0.683023035526, 0.753829360008], "hpcp": {"dmean2": [0.316915035248, 0.285390406847, 0.238254487514, 0.212990403175, 0.206138208508, 0.224212616682, 0.264611124992, 0.30085542798, 0.314030110836, 0.329121649265, 0.324897885323, 0.29762622714, 0.283214837313, 0.279626458883, 0.276554703712, 0.300632417202, 0.3253441751, 0.303877234459, 0.272974103689, 0.224351808429, 0.189253389835, 0.22742369771, 0.253382056952, 0.307004004717, 0.434974700212, 0.343105733395, 0.286161094904, 0.300933688879, 0.277541577816, 0.270164102316, 0.306558400393, 0.316345155239, 0.290350914001, 0.268470078707, 0.287504434586, 0.305581480265], "median": [0.0714813694358, 0.0634032413363, 0.0418956540525, 0.0259273387492, 0.022560223937, 0.0231732428074, 0.0293443817645, 0.0374306589365, 0.0497991815209, 0.0601416639984, 0.054412599653, 0.0504166707397, 0.0517190210521, 0.0526761971414, 0.0533744245768, 0.0654767900705, 0.0813152715564, 0.0717500001192, 0.0459721311927, 0.0303161032498, 0.0282215308398, 0.0450216121972, 0.0456874445081, 0.0645499825478, 0.0614954978228, 0.0617109201849, 0.0429392084479, 0.0499082058668, 0.04458161816, 0.0409186296165, 0.0485347062349, 0.0472566708922, 0.0394461974502, 0.0367687158287, 0.0383127331734, 0.0509473457932], "min": [0, 0, 0, 0, 0, 0, 0, 0, 0, 0, 0, 0, 0, 0, 0, 0, 0, 0, 0, 0, 0, 0, 0, 0, 0, 0, 0, 0, 0, 0, 0, 0, 0, 0, 0, 0], "dvar2": [0.150908142328, 0.13084231317, 0.115431047976, 0.105864189565, 0.101991213858, 0.117279306054, 0.138376966119, 0.156108781695, 0.154635801911, 0.158811688423, 0.159290894866, 0.152070850134, 0.144805938005, 0.133142367005, 0.132407069206, 0.140950471163, 0.152892813087, 0.137378513813, 0.1333116889, 0.114911019802, 0.0907596573234, 0.103298701346, 0.128698959947, 0.121251136065, 0.234853550792, 0.149262964725, 0.15479080379, 0.15927028656, 0.143453493714, 0.141264095902, 0.159229010344, 0.170928612351, 0.155113220215, 0.133929342031, 0.150840133429, 0.151502758265], "dvar": [0.0572406351566, 0.0496599003673, 0.0426556766033, 0.0387568101287, 0.0368570014834, 0.0429864898324, 0.0515735000372, 0.0585977956653, 0.0574938543141, 0.063452616334, 0.0625428706408, 0.0553751811385, 0.0544947460294, 0.0518161989748, 0.0480033271015, 0.0529470443726, 0.0594575069845, 0.0523276440799, 0.0498657673597, 0.0424088276923, 0.0330212675035, 0.0400549396873, 0.0497696138918, 0.0458667911589, 0.0923371836543, 0.0579113960266, 0.0578659400344, 0.0605371594429, 0.0545588620007, 0.0525515154004, 0.0599462836981, 0.0654644295573, 0.059885956347, 0.0509876348078, 0.0538801923394, 0.0553627423942], "dmean": [0.180395871401, 0.162436917424, 0.134735912085, 0.118106536567, 0.113899938762, 0.124449849129, 0.147159442306, 0.167376160622, 0.175136774778, 0.187942296267, 0.184896036983, 0.16700643301, 0.159778058529, 0.157609671354, 0.154919609427, 0.171817228198, 0.188375994563, 0.174493283033, 0.154027298093, 0.124572299421, 0.105558790267, 0.130778774619, 0.14431771636, 0.172247871757, 0.241583392024, 0.193464249372, 0.160977557302, 0.169541105628, 0.155578270555, 0.150220006704, 0.17053501308, 0.176121845841, 0.161653712392, 0.149946212769, 0.157864972949, 0.170588880777], "max": [1, 1, 1, 1, 1, 1, 1, 1, 1, 1, 1, 1, 1, 1, 1, 1, 1, 1, 1, 1, 1, 1, 1, 1, 1, 1, 1, 1, 1, 1, 1, 1, 1, 1, 1, 1], "var": [0.065055757761, 0.0577549785376, 0.0428201630712, 0.0353302173316, 0.0321205295622, 0.0373336449265, 0.0498468913138, 0.0589929260314, 0.0579224340618, 0.0788489058614, 0.0737095251679, 0.054428473115, 0.0639429688454, 0.0617153123021, 0.0462684258819, 0.0647068321705, 0.0804561078548, 0.0602023638785, 0.0497900955379, 0.0385437048972, 0.0292763970792, 0.0470724366605, 0.0586357042193, 0.0491939522326, 0.0975501984358, 0.0701941475272, 0.0604150779545, 0.0643206238747, 0.0577481500804, 0.0498431921005, 0.0562800318003, 0.0644408091903, 0.0604476556182, 0.0518902167678, 0.0484676584601, 0.0550554618239], "mean": [0.187097355723, 0.170892998576, 0.127807542682, 0.102750070393, 0.0958658829331, 0.103840529919, 0.129557549953, 0.149379819632, 0.161157548428, 0.19328828156, 0.186079889536, 0.152564302087, 0.16385909915, 0.162861466408, 0.145039513707, 0.181486874819, 0.212996661663, 0.182835370302, 0.143482998013, 0.110132426023, 0.0969861149788, 0.138037472963, 0.151796340942, 0.167532473803, 0.222241908312, 0.19229722023, 0.153346523643, 0.164896562696, 0.150650158525, 0.135986939073, 0.152291357517, 0.161609455943, 0.15016900003, 0.136343628168, 0.135728552938, 0.159418031573]}, "tuning_equal_tempered_deviation": 0.169131234288, "chords_changes_rate": 0.125817745924, "key_key": "F", "tuning_diatonic_strength": 0.365474671125, "key_scale": "major", "chords_number_rate": 0.00258633797057, "tuning_frequency": 434.193115234, "tuning_nontempered_energy_ratio": 0.874652981758, "chords_histogram": [10.8017644882, 7.07439517975, 3.65130066872, 1.08017647266, 8.83919048309, 2.76890301704, 9.40209960938, 4.472843647, 5.91814994812, 0.684618890285, 0.334702581167, 1.71915411949, 1.27795529366, 0.2586337924, 0, 0.897611439228, 1.73436784744, 2.72326183319, 4.06207227707, 3.97078967094, 0.410771340132, 0.973680198193, 1.32359647751, 25.6199607849], "key_strength": 0.50606328249, "chords_key": "D", "chords_strength": {"dmean2": 0.0203084666282, "median": 0.441810578108, "min": 0.225185230374, "dvar2": 0.00028377052513, "dvar": 0.000164060664247, "dmean": 0.0159940235317, "max": 0.754842281342, "var": 0.00734259095043, "mean": 0.445352047682}, "chords_scale": "minor", "hpcp_entropy": {"dmean2": 1.27506387234, "median": 2.32217621803, "min": 0, "dvar2": 0.986150681973, "dvar": 0.350977569818, "dmean": 0.749134659767, "max": 4.52150201797, "var": 0.629706561565, "mean": 2.31262969971}}, "metadata": {"audio_properties": {"equal_loudness": 0, "codec": "aac", "downmix": "mix", "sample_rate": 44100, "analysis_sample_rate": 44100, "bit_rate": 292310, "md5_encoded": "76e154b45fb533abe14e3a5b4589c4b8", "length": 305.203094482, "replay_gain": -15.0724525452, "lossless": false}, "version": {"essentia_build_sha": "70f2e5ece6736b2c40cc944ad0e695b16b925413", "essentia": "2.1-beta2", "extractor": "music 1.0", "essentia_git_sha": "v2.1_beta2"}, "tags": {"title": ["Soul With a Capital 'S'"], "language": ["eng"], "media": [""], "musicbrainz_releasegroupid": ["9236171b-aeee-3d01-8fee-2b8e3d74d16b"], "musicbrainz_recordingid": ["0e432cf5-1716-436f-b708-c10153deb8d3"], "artistsort": ["Tower of Power"], "musicbrainz_albumartistid": ["6c4d81f8-8a34-4cda-9a4b-538c539b50f4"], "discnumber": ["1/1"], "bpm": ["127"], "catalognumber": [""], "file_name": "01 Soul With a Capital 'S'.m4a", "compilation": ["0"], "date": ["1999"], "genre": ["Soul, Rhythm And Blues"], "musicbrainz_albumid": ["55b2ed5c-20f1-4700-bb54-305077dbf865"], "album": ["Soul Vaccination: Live"], "discsubtitle": [""], "musicbrainz_artistid": ["6c4d81f8-8a34-4cda-9a4b-538c539b50f4"], "asin": ["B00000JQFW"], "grouping": [""], "tracknumber": ["1/15"], "encodedby": ["iTunes 10.0.1.22, QuickTime 7.6.8"], "composer": ["Castillo/S.Kupka"], "artist": ["Tower of Power"], "albumartistsort": ["Tower of Power"], "script": ["Latn"]}}, "rhythm": {"bpm_histogram_first_peak_bpm": {"dmean2": 0, "median": 129, "min": 129, "dvar2": 0, "dvar": 0, "dmean": 0, "max": 129, "var": 0, "mean": 129}, "bpm": 128.529891968, "bpm_histogram_second_peak_spread": {"dmean2": 0, "median": 0.180327832699, "min": 0.180327832699, "dvar2": 0, "dvar": 0, "dmean": 0, "max": 0.180327832699, "var": 0, "mean": 0.180327832699}, "bpm_histogram_first_peak_weight": {"dmean2": 0, "median": 0.476851850748, "min": 0.476851850748, "dvar2": 0, "dvar": 0, "dmean": 0, "max": 0.476851850748, "var": 0, "mean": 0.476851850748}, "onset_rate": 4.96371889114, "beats_position": [0.429569154978, 0.835918366909, 1.24226760864, 1.64861679077, 2.06657600403, 2.48453521729, 2.97215414047, 3.43655323982, 3.90095233917, 4.35374164581, 4.80653047562, 5.27092981339, 5.73532867432, 6.18811798096, 6.64090681076, 7.0936961174, 7.47682523727, 7.8251247406, 8.17342376709, 8.52172279358, 8.87002277374, 9.21832180023, 9.58984088898, 9.96135997772, 10.3328800201, 10.7043991089, 11.0759181976, 11.4474372864, 11.9582767487, 12.4691152573, 12.9683446884, 13.4675731659, 13.9551925659, 14.4660310745, 14.9768705368, 15.4644899368, 15.9521083832, 16.4513378143, 16.9505672455, 17.4497947693, 17.9490242004, 18.4366436005, 18.9358730316, 19.4118824005, 19.8878898621, 20.363899231, 20.851518631, 21.339138031, 21.826757431, 22.2911567688, 22.7787742615, 23.2663936615, 23.7540130615, 24.2300224304, 24.7060317993, 25.1936511993, 25.6580486298, 26.1340579987, 26.6100673676, 27.0976867676, 27.5620861053, 28.0264854431, 28.5024929047, 28.9785022736, 29.4545116425, 29.9305210114, 30.3949203491, 30.8825397491, 31.3469390869, 31.8229465485, 32.2989578247, 32.7749671936, 33.2509727478, 33.7385940552, 34.2146034241, 34.690612793, 35.1550102234, 35.6426315308, 36.1070289612, 36.5714263916, 37.0474357605, 37.5234451294, 37.9878463745, 38.4754638672, 38.9514732361, 39.427482605, 39.8918800354, 40.3562812805, 40.8322906494, 41.3083000183, 41.7726974487, 42.2370948792, 42.7014961243, 43.1775054932, 43.6535148621, 44.129524231, 44.6055335999, 45.0699310303, 45.5343284607, 45.9987297058, 46.4747390747, 46.9507484436, 47.415145874, 47.8795471191, 48.355556488, 48.8315620422, 49.2959632874, 49.7603607178, 50.2247619629, 50.7007713318, 51.1767807007, 51.6643981934, 52.1287956238, 52.6048049927, 53.0808143616, 53.5684356689, 54.0444450378, 54.5204544067, 54.9848518372, 55.4608612061, 55.936870575, 56.4128799438, 56.8888893127, 57.3532867432, 57.8176841736, 58.305305481, 58.7697029114, 59.2341041565, 59.7217216492, 60.1977310181, 60.673740387, 61.1613578796, 61.6257591248, 62.1133766174, 62.5777778625, 63.0653953552, 63.5530128479, 64.0290222168, 64.5050354004, 64.9810409546, 65.4570541382, 65.9330596924, 66.409072876, 66.8850784302, 67.3610839844, 67.837097168, 68.3131027222, 68.8007278442, 69.2883453369, 69.7759628296, 70.2403640747, 70.7047576904, 71.1923828125, 71.6567764282, 72.1327896118, 72.608795166, 73.0848083496, 73.5608139038, 74.0368270874, 74.5128326416, 74.9772338867, 75.4416275024, 75.9060287476, 76.3704299927, 76.8464355469, 77.3224487305, 77.7868499756, 78.2512435913, 78.7156448364, 79.1800460815, 79.6328353882, 80.0856246948, 80.5500183105, 81.0376434326, 81.4904327393, 81.9664382935, 82.4192276001, 82.8952331543, 83.3596343994, 83.835647583, 84.3116531372, 84.7876663208, 85.2520599365, 85.7280731201, 86.1924667358, 86.656867981, 87.1212692261, 87.5856704712, 88.0500640869, 88.514465332, 88.9788665771, 89.4432601929, 89.907661438, 90.3720626831, 90.8364639282, 91.3124694824, 91.788482666, 92.2528762817, 92.7172775269, 93.181678772, 93.6460723877, 94.1220855713, 94.5980911255, 95.0624923706, 95.5268936157, 95.9912872314, 96.4556884766, 96.9317016602, 97.4077072144, 97.8721084595, 98.3481140137, 98.8241271973, 99.288520813, 99.7529220581, 100.217323303, 100.681724548, 101.146118164, 101.622131348, 102.074920654, 102.53931427, 103.003715515, 103.46811676, 103.932518005, 104.40852356, 104.884536743, 105.348930359, 105.813331604, 106.289337158, 106.765350342, 107.229751587, 107.694145203, 108.170158386, 108.64616394, 109.110565186, 109.574966431, 110.039360046, 110.503761292, 110.968162537, 111.432563782, 111.885353088, 112.361358643, 112.837364197, 113.31337738, 113.800994873, 114.265396118, 114.729797363, 115.194190979, 115.670204163, 116.134597778, 116.610610962, 117.075012207, 117.539405823, 118.003807068, 118.468208313, 118.932601929, 119.397003174, 119.873016357, 120.349021912, 120.813423157, 121.289428711, 121.765441895, 122.22983551, 122.694236755, 123.158638, 123.623039246, 124.087432861, 124.551834106, 125.02784729, 125.503852844, 125.968254089, 126.432647705, 126.89704895, 127.361450195, 127.82585144, 128.290252686, 128.754638672, 129.230651855, 129.706665039, 130.171066284, 130.635467529, 131.099868774, 131.564254761, 132.028656006, 132.493057251, 132.957458496, 133.421859741, 133.886260986, 134.350662231, 134.815048218, 135.279449463, 135.743850708, 136.208251953, 136.672653198, 137.137054443, 137.601455688, 138.065841675, 138.541854858, 139.017868042, 139.482269287, 139.946670532, 140.411056519, 140.875457764, 141.339859009, 141.804260254, 142.268661499, 142.733062744, 143.197463989, 143.661849976, 144.126251221, 144.590652466, 145.055053711, 145.507843018, 145.960632324, 146.425033569, 146.877822876, 147.330612183, 147.795013428, 148.271011353, 148.747024536, 149.211425781, 149.664215088, 150.140228271, 150.593017578, 151.069015503, 151.533416748, 151.997817993, 152.462219238, 152.915008545, 153.367797852, 153.832199097, 154.284988403, 154.73777771, 155.202178955, 155.6665802, 156.130966187, 156.595367432, 157.071380615, 157.53578186, 158.011795044, 158.47618103, 158.940582275, 159.404983521, 159.869384766, 160.357009888, 160.821395874, 161.285797119, 161.750198364, 162.214599609, 162.667388916, 163.1434021, 163.607803345, 164.060592651, 164.524978638, 165.000991821, 165.465393066, 165.929794312, 166.394195557, 166.858596802, 167.322982788, 167.787384033, 168.251785278, 168.716186523, 169.192199707, 169.668212891, 170.132598877, 170.597000122, 171.061401367, 171.537414551, 172.001815796, 172.477813721, 172.942214966, 173.406616211, 173.882629395, 174.358642578, 174.823028564, 175.28742981, 175.751831055, 176.2162323, 176.692245483, 177.168243408, 177.632644653, 178.097045898, 178.561447144, 179.037460327, 179.513473511, 179.977859497, 180.442260742, 180.918273926, 181.394287109, 181.858688354, 182.334686279, 182.810699463, 183.275100708, 183.739501953, 184.203903198, 184.645080566, 185.109481812, 185.573867798, 186.026657104, 186.502670288, 186.967071533, 187.431472778, 187.895874023, 188.360275269, 188.824661255, 189.2890625, 189.753463745, 190.229476929, 190.693878174, 191.158279419, 191.611068726, 192.075454712, 192.539855957, 193.004257202, 193.468658447, 193.944671631, 194.420669556, 194.885070801, 195.337860107, 195.790649414, 196.255050659, 196.719451904, 197.183853149, 197.648254395, 198.11265564, 198.565444946, 199.018234253, 199.482620239, 199.958633423, 200.434646606, 200.899047852, 201.363449097, 201.839447021, 202.303848267, 202.77986145, 203.244262695, 203.70866394, 204.173049927, 204.637451172, 205.06703186, 205.426940918, 205.763626099, 206.100311279, 206.42539978, 206.762084961, 207.121994019, 207.470291138, 207.841812134, 208.201721191, 208.584854126, 208.991195679, 209.39755249, 209.931610107, 210.442443848, 210.93006897, 211.429290771, 211.928527832, 212.416137695, 212.903762817, 213.391372681, 213.878997803, 214.366622925, 214.854232788, 215.34185791, 215.829467773, 216.317092896, 216.781494141, 217.245895386, 217.710296631, 218.174682617, 218.650695801, 219.126708984, 219.591110229, 220.055511475, 220.531509399, 221.007522583, 221.471923828, 221.936325073, 222.412338257, 222.888336182, 223.352737427, 223.82875061, 224.304763794, 224.76914978, 225.233551025, 225.697952271, 226.162353516, 226.638366699, 227.114364624, 227.578765869, 228.043167114, 228.507568359, 228.971969604, 229.43637085, 229.900772095, 230.36517334, 230.829559326, 231.270736694, 231.723526001, 232.176315308, 232.629104614, 233.093505859, 233.557907104, 234.02230835, 234.486709595, 234.962722778, 235.427108765, 235.89151001, 236.355911255, 236.8203125, 237.284713745, 237.74911499, 238.213516235, 238.677902222, 239.142303467, 239.595092773, 240.04788208, 240.512283325, 240.97668457, 241.441085815, 241.905487061, 242.369888306, 242.834274292, 243.298675537, 243.763076782, 244.227478027, 244.680267334, 245.133056641, 245.597457886, 246.050247192, 246.503036499, 246.955825806, 247.420227051, 247.884628296, 248.360626221, 248.836639404, 249.312652588, 249.777053833, 250.241439819, 250.705841064, 251.158630371, 251.634643555, 252.0990448, 252.563446045, 253.02784729, 253.492233276, 253.945022583, 254.39781189, 254.873825073, 255.349838257, 255.814239502, 256.278625488, 256.754638672, 257.230651855, 257.695037842, 258.159454346, 258.635467529, 259.099853516, 259.56427002, 260.017059326, 260.481445312, 260.945831299, 261.410247803, 261.886260986, 262.350646973, 262.803436279, 263.279449463, 263.743835449, 264.219848633, 264.684265137, 265.148651123, 265.613067627, 266.077453613, 266.5418396, 267.006256104, 267.482269287, 267.946655273, 268.422668457, 268.887084961, 269.351470947, 269.827484131, 270.303497314, 270.779510498, 271.255493164, 271.731506348, 272.195922852, 272.671936035, 273.136322021, 273.600708008, 274.053497314, 274.517913818, 274.970703125, 275.435089111, 275.887878418, 276.352294922, 276.805084229, 277.257873535, 277.722259521, 278.198272705, 278.662658691, 279.127075195, 279.591461182, 280.055877686, 280.520263672, 280.996276855, 281.472290039, 281.936676025, 282.401092529, 282.865478516, 283.353088379, 283.829101562, 284.258666992, 284.688262939, 285.071380615, 285.442901611, 285.814422607, 286.185943604, 286.5574646, 286.940582275, 287.335327148, 287.741668701, 288.148010254, 288.670471191, 289.181304932, 289.668914795, 290.156555176, 290.644165039, 291.131774902, 291.619415283, 292.107025146, 292.59463501, 293.10546875, 293.604705811, 294.103942871, 294.696044922, 295.29977417, 295.949920654, 296.588470459, 297.285064697, 297.981658936, 298.678283691, 299.398101807, 300.129516602, 300.860961914, 301.580780029, 302.312194824, 303.043609619, 303.775054932, 304.506469727], "beats_loudness": {"dmean2": 0.0306903459132, "median": 0.0340022295713, "min": 2.65781813225e-10, "dvar2": 0.0005676644505, "dvar": 0.000172918604221, "dmean": 0.0167058948427, "max": 0.095830835402, "var": 0.00027285964461, "mean": 0.034371457994}, "danceability": 1.25801885128, "bpm_histogram_second_peak_weight": {"dmean2": 0, "median": 0.0771604925394, "min": 0.0771604925394, "dvar2": 0, "dvar": 0, "dmean": 0, "max": 0.0771604925394, "var": 0, "mean": 0.0771604925394}, "beats_count": 649, "bpm_histogram_second_peak_bpm": {"dmean2": 0, "median": 123, "min": 123, "dvar2": 0, "dvar": 0, "dmean": 0, "max": 123, "var": 0, "mean": 123}, "bpm_histogram_first_peak_spread": {"dmean2": 0, "median": 0.405769228935, "min": 0.405769228935, "dvar2": 0, "dvar": 0, "dmean": 0, "max": 0.405769228935, "var": 0, "mean": 0.405769228935}, "beats_loudness_band_ratio": {"dmean2": [0.645543634892, 0.155105218291, 0.251950234175, 0.201082542539, 0.21653971076, 0.188928082585], "median": [0.419715225697, 0.0575551204383, 0.0937767326832, 0.0709727704525, 0.117216147482, 0.106983229518], "min": [3.76835996576e-05, 0.000100149416539, 0.000732943415642, 0.00104608712718, 0.00364503171295, 0.00284482119605], "dvar2": [0.189447283745, 0.0211028493941, 0.0425818376243, 0.0377321951091, 0.0237002912909, 0.0213063266128], "dvar": [0.0555819869041, 0.00705844070762, 0.0143852112815, 0.0128554636613, 0.00813439954072, 0.00754945306107], "dmean": [0.33759573102, 0.0854840502143, 0.135889366269, 0.109670110047, 0.117283917964, 0.102735757828], "max": [0.973686516285, 0.607593595982, 0.612519204617, 0.727427840233, 0.656352162361, 0.862789928913], "var": [0.0783412158489, 0.00749362166971, 0.015318471007, 0.0157054401934, 0.0126276696101, 0.0126548791304], "mean": [0.417413264513, 0.0854899585247, 0.130612894893, 0.111048176885, 0.143322944641, 0.134057670832]}}, "lowlevel": {"barkbands_spread": {"dmean2": 15.3455886841, "median": 27.8057918549, "min": 0.853438019753, "dvar2": 243.975570679, "dvar": 102.100265503, "dmean": 9.57662773132, "max": 118.277290344, "var": 263.5050354, "mean": 29.9570789337}, "melbands_spread": {"dmean2": 20.5692520142, "median": 28.2441921234, "min": 0.453077584505, "dvar2": 549.73815918, "dvar": 234.773132324, "dmean": 12.9422616959, "max": 274.35836792, "var": 655.49987793, "mean": 33.5251426697}, "hfc": {"dmean2": 12.2788696289, "median": 16.0155925751, "min": 1.06868611708e-16, "dvar2": 264.266876221, "dvar": 129.071670532, "dmean": 8.61982250214, "max": 145.436553955, "var": 417.586761475, "mean": 21.7905673981}, "barkbands_kurtosis": {"dmean2": 7.08947658539, "median": 0.469896316528, "min": -1.94420588017, "dvar2": 174.0599823, "dvar": 71.2980804443, "dmean": 4.27039241791, "max": 247.517166138, "var": 107.524078369, "mean": 3.84980773926}, "gfcc": {"mean": [-12.3241796494, 58.3125991821, -119.370796204, 50.7262077332, -43.0488433838, 10.1738433838, -28.2810192108, 17.4137229919, -17.9948673248, 1.45550501347, -10.530418396, 2.57248568535, -10.0691671371], "icov": [[0.000135741560371, -0.000121026358102, -0.000100723176729, 3.56410491804e-05, 0.000118021023809, -3.375320739e-05, 1.05544195321e-05, -3.06530819216e-05, 0.000143619370647, -0.000457161455415, 0.000415933784097, -0.000276245526038, 0.000124055208289], [-0.000121026358102, 0.0011143310694, 0.000110896129627, -0.000781320210081, 1.49326406245e-05, 0.000711724220309, -0.000856867001858, 0.000506138661876, -0.000450305698905, 0.00102388451342, -0.00144120818004, 0.00142287800554, -0.00062461651396], [-0.000100723176729, 0.000110896129627, 0.00122559338342, -0.000817405583803, -0.000457376998384, -1.02382573459e-05, 0.000311985175358, -3.13602358801e-05, -0.000258753163507, 8.16139072413e-05, 0.00049924547784, -0.00104926701169, 0.00116310617886], [3.56410491804e-05, -0.000781320210081, -0.000817405583803, 0.00317100132816, -0.000970732595306, -0.00125293317251, 0.00146682024933, -0.000681765610352, -0.00031021508039, 0.000489831902087, -0.00106341356877, 0.00129931489937, -0.00143168738578], [0.000118021023809, 1.49326406245e-05, -0.000457376998384, -0.000970732595306, 0.00330333900638, 0.000176956222276, -0.000704758625943, 0.000708940729965, -0.000440889503807, 0.000172250176547, 0.000555039558094, -0.000395081675379, 0.000477078865515], [-3.375320739e-05, 0.000711724220309, -1.02382573459e-05, -0.00125293317251, 0.000176956222276, 0.00530844833702, -0.00303097791038, 0.000125652120914, 0.0013523924863, -0.000869488168973, -0.000877281592693, 0.00273342686705, -0.000393543421524], [1.05544195321e-05, -0.000856867001858, 0.000311985175358, 0.00146682024933, -0.000704758625943, -0.00303097791038, 0.00658444780856, -0.00411448441446, 0.00127024482936, 0.000267353345407, 0.000956133415457, -0.0010591003811, 0.00103101239074], [-3.06530819216e-05, 0.000506138661876, -3.13602358801e-05, -0.000681765610352, 0.000708940729965, 0.000125652120914, -0.00411448441446, 0.0119767254218, -0.00539832236245, 0.00284298765473, -0.00169970712159, 0.00041778938612, -0.000556275073905], [0.000143619370647, -0.000450305698905, -0.000258753163507, -0.00031021508039, -0.000440889503807, 0.0013523924863, 0.00127024482936, -0.00539832236245, 0.0126100769266, -0.00717049231753, 0.00164481915999, 0.000370987603674, -0.000256862520473], [-0.000457161455415, 0.00102388451342, 8.16139072413e-05, 0.000489831902087, 0.000172250176547, -0.000869488168973, 0.000267353345407, 0.00284298765473, -0.00717049231753, 0.0161382965744, -0.00760985398665, 0.00384451495484, -0.00210635620169], [0.000415933784097, -0.00144120818004, 0.00049924547784, -0.00106341356877, 0.000555039558094, -0.000877281592693, 0.000956133415457, -0.00169970712159, 0.00164481915999, -0.00760985398665, 0.0189518369734, -0.0124166579917, 0.00484076747671], [-0.000276245526038, 0.00142287800554, -0.00104926701169, 0.00129931489937, -0.000395081675379, 0.00273342686705, -0.0010591003811, 0.00041778938612, 0.000370987603674, 0.00384451495484, -0.0124166579917, 0.0207628421485, -0.00925935152918], [0.000124055208289, -0.00062461651396, 0.00116310617886, -0.00143168738578, 0.000477078865515, -0.000393543421524, 0.00103101239074, -0.000556275073905, -0.000256862520473, -0.00210635620169, 0.00484076747671, -0.00925935152918, 0.0168656371534]], "cov": [[9715.796875, 831.274169922, 881.081176758, 218.708328247, -153.369659424, -16.1762866974, -49.5340499878, -39.8957023621, 51.5667190552, 205.519271851, -67.0983428955, 9.90605831146, -26.0519390106], [831.274169922, 1597.55871582, 218.025817871, 507.804504395, 143.582015991, -30.5782051086, 69.0525360107, 21.2054195404, 48.4778137207, -38.3168067932, 53.1921691895, -62.8006210327, 19.0325088501], [881.081176758, 218.025817871, 1473.36950684, 567.24987793, 324.516662598, -13.5798215866, -156.851119995, -17.6851615906, 67.1785736084, 11.8721418381, 8.6366109848, 19.1880607605, -41.7917098999], [218.708328247, 507.804504395, 567.24987793, 774.636352539, 266.862182617, 63.5296669006, -94.3907089233, 8.94059276581, 59.2507400513, -0.697785317898, 30.0992355347, -35.5552406311, 16.4905033112], [-153.369659424, 143.582015991, 324.516662598, 266.862182617, 434.601867676, 22.4025554657, -5.23296833038, -4.84171915054, 22.7562980652, -16.4879112244, -5.04295921326, -12.8429365158, -12.2073554993], [-16.1762866974, -30.5782051086, -13.5798215866, 63.5296669006, 22.4025554657, 336.355285645, 170.557800293, 43.0666465759, -33.2722358704, -6.36673688889, -20.9293327332, -60.7489395142, -25.1214885712], [-49.5340499878, 69.0525360107, -156.851119995, -94.3907089233, -5.23296833038, 170.557800293, 336.910522461, 97.3206100464, -29.5677700043, -34.0003242493, -20.000875473, -30.149017334, -23.0399246216], [-39.8957023621, 21.2054195404, -17.6851615906, 8.94059276581, -4.84171915054, 43.0666465759, 97.3206100464, 137.095733643, 42.4081611633, -3.8790512085, 5.09020853043, -4.41275262833, -0.950470864773], [51.5667190552, 48.4778137207, 67.1785736084, 59.2507400513, 22.7562980652, -33.2722358704, -29.5677700043, 42.4081611633, 139.931228638, 58.1093788147, 15.8992881775, -0.651975393295, 8.066157341], [205.519271851, -38.3168067932, 11.8721418381, -0.697785317898, -16.4879112244, -6.36673688889, -34.0003242493, -3.8790512085, 58.1093788147, 114.092704773, 38.6332092285, 9.17514038086, 7.54245090485], [-67.0983428955, 53.1921691895, 8.6366109848, 30.0992355347, -5.04295921326, -20.9293327332, -20.000875473, 5.09020853043, 15.8992881775, 38.6332092285, 110.411102295, 59.2030105591, 11.3475837708], [9.90605831146, -62.8006210327, 19.1880607605, -35.5552406311, -12.8429365158, -60.7489395142, -30.149017334, -4.41275262833, -0.651975393295, 9.17514038086, 59.2030105591, 113.914741516, 40.5866279602], [-26.0519390106, 19.0325088501, -41.7917098999, 16.4905033112, -12.2073554993, -25.1214885712, -23.0399246216, -0.950470864773, 8.066157341, 7.54245090485, 11.3475837708, 40.5866279602, 85.6969909668]]}, "spectral_energyband_middle_low": {"dmean2": 0.00607723044232, "median": 0.00423125782982, "min": 1.85034911006e-22, "dvar2": 7.6489035564e-05, "dvar": 3.04668319586e-05, "dmean": 0.00378608820029, "max": 0.0623129196465, "var": 5.30609904672e-05, "mean": 0.00664914865047}, "melbands_crest": {"dmean2": 7.21881198883, "median": 14.9793300629, "min": 1.6367149353, "dvar2": 35.8968772888, "dvar": 13.9501962662, "dmean": 4.40260457993, "max": 36.5216751099, "var": 35.8284912109, "mean": 15.3639354706}, "spectral_kurtosis": {"dmean2": 2.01007843018, "median": 3.62472963333, "min": -1.25515186787, "dvar2": 5.31112766266, "dvar": 1.85123312473, "dmean": 1.2082722187, "max": 30.965259552, "var": 4.29434585571, "mean": 3.90174770355}, "spectral_rms": {"dmean2": 0.00209977524355, "median": 0.00451973639429, "min": 3.15987752457e-12, "dvar2": 6.54324003335e-06, "dvar": 2.41537941292e-06, "dmean": 0.00129097723402, "max": 0.013481807895, "var": 5.12770657224e-06, "mean": 0.00450554303825}, "zerocrossingrate": {"dmean2": 0.0171987712383, "median": 0.06982421875, "min": 0.0029296875, "dvar2": 0.000356813630788, "dvar": 0.000306003930746, "dmean": 0.0151000162587, "max": 0.5283203125, "var": 0.00241974834353, "mean": 0.0800020471215}, "silence_rate_60dB": {"dmean2": 0.0794339179993, "median": 0, "min": 0, "dvar2": 0.0907712429762, "dvar": 0.0381406545639, "dmean": 0.0397139377892, "max": 1, "var": 0.0972426235676, "mean": 0.10916698724}, "erbbands_kurtosis": {"dmean2": 1.8026920557, "median": -0.227758646011, "min": -1.85078001022, "dvar2": 5.59120178223, "dvar": 2.40823745728, "dmean": 1.12004506588, "max": 31.4711723328, "var": 4.67712688446, "mean": 0.385789245367}, "erbbands": {"dmean2": [0.438716620207, 3.19731450081, 7.69194793701, 5.85901498795, 3.83660721779, 7.89338254929, 8.93412208557, 11.4974899292, 16.3296470642, 15.2308607101, 31.1086959839, 33.5185546875, 30.369134903, 21.1526985168, 15.420592308, 29.6305522919, 19.3055305481, 20.8578243256, 23.2184505463, 22.1076641083, 31.4947357178, 40.0911636353, 35.2515640259, 30.1076545715, 26.8885746002, 12.2711305618, 11.8169250488, 10.9706544876, 5.47883892059, 3.74768662453, 2.74954485893, 2.29778242111, 1.50016391277, 0.733805835247, 0.469376981258, 0.273483246565, 0.0948251932859, 0.0279569067061, 0.00706927850842, 0.000520786794368], "median": [0.075024984777, 0.76808488369, 1.47392976284, 1.57141458988, 0.951880931854, 1.4010771513, 2.32702708244, 2.58458900452, 3.11701464653, 2.28012919426, 2.88297200203, 2.7203347683, 2.57000422478, 3.42477416992, 3.62815093994, 5.24208688736, 4.05335426331, 4.28775882721, 5.20023059845, 6.66194820404, 12.0893507004, 19.1037464142, 19.8388290405, 17.5955677032, 15.9128293991, 7.18063545227, 6.05670022964, 5.22909069061, 2.83134651184, 1.86560952663, 1.42589330673, 0.966481029987, 0.505670547485, 0.251386404037, 0.125710994005, 0.0435897298157, 0.00838957540691, 0.00127355905715, 0.000169610779267, 4.45498590125e-05], "min": [3.87888586896e-22, 7.2034824725e-22, 3.2065670582e-21, 7.01272898889e-21, 2.03949635675e-20, 2.05449110562e-20, 9.67568090528e-20, 9.19973216681e-20, 1.03726419637e-19, 3.409998567e-19, 4.49353615157e-19, 7.03359119479e-19, 5.74531374242e-19, 1.1494715825e-18, 1.50326686345e-18, 1.23512541115e-18, 2.6220000008e-18, 3.00134048023e-18, 3.49643909611e-18, 3.53252609111e-18, 4.50258933318e-18, 4.16683300023e-18, 8.45099908881e-18, 1.03749012524e-17, 6.86817947411e-18, 8.56513181537e-18, 1.02626214104e-17, 1.22918708153e-17, 1.29160613055e-17, 1.2229899271e-17, 1.33337320938e-17, 1.05321325704e-17, 1.07327809444e-17, 8.65203458334e-18, 7.29397772546e-18, 4.94350761894e-18, 2.60144642374e-18, 1.02066705002e-18, 2.83233672773e-19, 3.16735760664e-20], "dvar2": [0.564232587814, 34.6490058899, 241.046615601, 89.3926010132, 44.2530975342, 294.146331787, 372.764556885, 692.221557617, 1715.39526367, 1394.26220703, 5158.546875, 8731.07714844, 6730.63720703, 3192.61328125, 1816.05249023, 6216.09814453, 2563.85888672, 2894.31787109, 3525.50317383, 2390.95922852, 2925.28613281, 3807.56445312, 2925.55883789, 2335.08276367, 2152.58081055, 418.485290527, 459.402679443, 364.620635986, 98.3795089722, 50.6124839783, 26.2313327789, 27.2235164642, 10.414305687, 2.29228901863, 1.22333288193, 0.542019426823, 0.0717464759946, 0.00719514675438, 0.000416571972892, 2.5970898605e-06], "dvar": [0.188186004758, 11.7932500839, 86.5005264282, 34.7220153809, 16.3365268707, 108.648376465, 146.195297241, 267.069152832, 642.879943848, 617.41204834, 2235.27880859, 3815.68603516, 3201.6081543, 1700.24755859, 797.718261719, 2734.66674805, 1200.98840332, 1198.28186035, 1494.32092285, 1042.23413086, 1200.80322266, 1695.75634766, 1233.74865723, 1054.86560059, 876.291015625, 192.368606567, 207.13659668, 156.596740723, 44.0647392273, 22.3584842682, 11.9099531174, 13.0211524963, 5.02395296097, 1.11902570724, 0.600673854351, 0.237575858831, 0.0322249382734, 0.00334749696776, 0.00017949299945, 1.04909486254e-06], "dmean": [0.24408608675, 1.77391028404, 4.36946201324, 3.59099650383, 2.22247767448, 4.48119306564, 5.33910608292, 6.85319232941, 9.73945236206, 9.44716358185, 19.6684150696, 21.435503006, 20.359998703, 14.5646409988, 9.99558830261, 19.1055355072, 12.4959793091, 13.4394159317, 14.9205360413, 14.2720842361, 19.820930481, 25.4720745087, 22.2413291931, 19.4957790375, 17.2007102966, 8.08019638062, 7.84106636047, 7.18764066696, 3.63087463379, 2.48049092293, 1.84948027134, 1.57434570789, 1.00925719738, 0.51094943285, 0.329200029373, 0.184036448598, 0.0631086528301, 0.0186714679003, 0.00451772706583, 0.000326414650772], "max": [4.77285385132, 31.8865718842, 79.8799819946, 127.231918335, 85.6863708496, 130.009307861, 208.537918091, 289.924377441, 494.058502197, 489.083709717, 905.481140137, 1122.48266602, 1007.07037354, 1006.94165039, 1133.37414551, 1520.87158203, 1893.86462402, 1005.23370361, 1403.24182129, 1186.41479492, 638.079589844, 964.30090332, 946.803955078, 1205.01330566, 734.613525391, 315.574890137, 356.270080566, 207.024581909, 174.402770996, 123.049324036, 98.4742889404, 152.754486084, 57.4326782227, 20.6658477783, 20.1782531738, 9.90769481659, 3.67598438263, 1.64492118359, 0.307362288237, 0.0362767167389], "var": [0.18674865365, 8.98688030243, 65.6395187378, 50.2630767822, 16.4565219879, 82.0615158081, 202.027526855, 393.004425049, 688.902160645, 1115.74304199, 3848.53881836, 7007.953125, 9835.11621094, 6355.57128906, 1330.78283691, 4813.22314453, 2247.73608398, 1857.72460938, 2237.09082031, 1719.36633301, 2036.6262207, 3390.6574707, 2206.70532227, 2507.08520508, 2032.7298584, 487.180908203, 540.442932129, 328.262939453, 105.10017395, 51.3344726562, 34.1501731873, 31.8586559296, 11.9206542969, 2.43620014191, 1.09130513668, 0.304581284523, 0.0400590524077, 0.00420888140798, 0.00019438349409, 9.86703298622e-07], "mean": [0.250985205173, 1.79997873306, 4.35514497757, 4.80706977844, 2.53550815582, 4.18651437759, 6.98592805862, 8.80595016479, 11.3235816956, 11.8186988831, 24.3785896301, 28.2689685822, 34.3911170959, 25.1694583893, 14.8481826782, 26.1783504486, 17.2776870728, 18.8069572449, 20.7374801636, 20.1620864868, 28.412027359, 39.4498901367, 35.8865356445, 34.8361968994, 30.5654525757, 15.2041759491, 14.2794075012, 12.5849618912, 6.64748954773, 4.43164634705, 3.49824643135, 2.82393407822, 1.67386436462, 0.833172976971, 0.489336550236, 0.222902193666, 0.068795144558, 0.0196798145771, 0.00417896127328, 0.000308681919705]}, "spectral_strongpeak": {"dmean2": 0.958103001118, "median": 0.322963476181, "min": 0, "dvar2": 2.28975653648, "dvar": 0.923459887505, "dmean": 0.559135019779, "max": 11.5178098679, "var": 1.54348027706, "mean": 0.830208361149}, "spectral_energy": {"dmean2": 0.0252447202802, "median": 0.0209387168288, "min": 1.02344464174e-20, "dvar2": 0.00145642680582, "dvar": 0.000507003685925, "dmean": 0.0147613557056, "max": 0.186303138733, "var": 0.000587950868066, "mean": 0.0260632745922}, "average_loudness": 0.917998492718, "spectral_rolloff": {"dmean2": 1447.13293457, "median": 2002.58789062, "min": 43.06640625, "dvar2": 3423730.75, "dvar": 1602780.75, "dmean": 861.679443359, "max": 19659.8144531, "var": 4246438.5, "mean": 2144.81616211}, "spectral_centroid": {"dmean2": 542.489318848, "median": 2064.68945312, "min": 199.624755859, "dvar2": 272202.21875, "dvar": 123550.5625, "dmean": 351.507232666, "max": 11810.4033203, "var": 570158.8125, "mean": 2061.1953125}, "pitch_salience": {"dmean2": 0.153092712164, "median": 0.503822743893, "min": 0.0702457204461, "dvar2": 0.0176798757166, "dvar": 0.00690203765407, "dmean": 0.0934616699815, "max": 0.918057978153, "var": 0.0165156312287, "mean": 0.506841599941}, "spectral_energyband_middle_high": {"dmean2": 0.00341123295948, "median": 0.00318842823617, "min": 1.33639307842e-21, "dvar2": 2.00836238946e-05, "dvar": 1.03470356407e-05, "dmean": 0.00238511245698, "max": 0.0611703023314, "var": 4.47354250355e-05, "mean": 0.00561005529016}, "spectral_contrast_coeffs": {"dmean2": [0.0949266701937, 0.0990703180432, 0.0749732628465, 0.0583590567112, 0.042779866606, 0.0342711396515], "median": [-0.696836948395, -0.740072488785, -0.787599742413, -0.782019019127, -0.772029876709, -0.744932830334], "min": [-0.97424775362, -0.979543030262, -0.969973146915, -0.968448877335, -0.968481063843, -0.964695632458], "dvar2": [0.0059934258461, 0.00670366641134, 0.00387321040034, 0.00222394475713, 0.00116981228348, 0.000905931403395], "dvar": [0.00230069132522, 0.00286289374344, 0.00190841360018, 0.00100503873546, 0.000549410935491, 0.00044967661961], "dmean": [0.0578152053058, 0.0624104849994, 0.0488702021539, 0.037278547883, 0.0275404695421, 0.0229816939682], "max": [-0.316962152719, -0.360584318638, -0.377907633781, -0.528778791428, -0.581839323044, -0.578014612198], "var": [0.00621907087043, 0.0096037639305, 0.00994776561856, 0.00376416835934, 0.00218079099432, 0.00201900978573], "mean": [-0.694392800331, -0.728236794472, -0.762314498425, -0.773499727249, -0.766501069069, -0.744731783867]}, "melbands_skewness": {"dmean2": 2.10904312134, "median": 2.27665567398, "min": -2.33542013168, "dvar2": 5.73007535934, "dvar": 2.36233353615, "dmean": 1.31838583946, "max": 23.7116680145, "var": 6.78661632538, "mean": 3.02756595612}, "spectral_spread": {"dmean2": 886055.9375, "median": 4152374.25, "min": 1235794.125, "dvar2": 1199770959870.0, "dvar": 617526263808, "dmean": 606004.3125, "max": 42153028, "var": 3868894691330.0, "mean": 4521095.5}, "dissonance": {"dmean2": 0.0223709158599, "median": 0.483011841774, "min": 0.262308210135, "dvar2": 0.000593625591137, "dvar": 0.000231151134358, "dmean": 0.0136034218594, "max": 0.500000059605, "var": 0.000520581379533, "mean": 0.475804835558}, "spectral_skewness": {"dmean2": 0.301727056503, "median": 1.24115633965, "min": -0.0815113857388, "dvar2": 0.0843063667417, "dvar": 0.0331023931503, "dmean": 0.189476907253, "max": 3.88696932793, "var": 0.105224944651, "mean": 1.26630473137}, "spectral_flux": {"dmean2": 0.0566478520632, "median": 0.0905922800303, "min": 6.55817553041e-11, "dvar2": 0.00398180633783, "dvar": 0.001864497317, "dmean": 0.0358131080866, "max": 0.395096391439, "var": 0.00366930034943, "mean": 0.0993147343397}, "spectral_contrast_valleys": {"dmean2": [0.865899920464, 0.86917245388, 0.686704337597, 0.568884074688, 0.497400224209, 0.438641250134], "median": [-7.1828289032, -7.39851045609, -7.93587112427, -7.90685987473, -7.2269654274, -9.9965057373], "min": [-27.9621982574, -27.8857383728, -27.5693035126, -27.5656204224, -27.4882793427, -27.3618488312], "dvar2": [0.550956904888, 0.659723520279, 0.396181434393, 0.27107411623, 0.244013175368, 0.249785974622], "dvar": [0.227465644479, 0.29046946764, 0.185423627496, 0.133706077933, 0.121105194092, 0.133341893554], "dmean": [0.536799192429, 0.559372246265, 0.445942908525, 0.37447309494, 0.3386901021, 0.33410346508], "max": [-5.00312137604, -4.54324150085, -5.28689527512, -5.74102783203, -5.50446510315, -7.79165506363], "var": [2.67893528938, 1.77705180645, 1.31487214565, 1.15545642376, 1.15482437611, 1.24709415436], "mean": [-7.54476499557, -7.48305749893, -7.93961524963, -7.95448112488, -7.29664182663, -10.0605335236]}, "erbbands_flatness_db": {"dmean2": 0.0314907953143, "median": 0.146216467023, "min": 0.0388750322163, "dvar2": 0.000799967790954, "dvar": 0.000407903979067, "dmean": 0.0218967851251, "max": 0.379532068968, "var": 0.00217364216223, "mean": 0.152661889791}, "spectral_energyband_high": {"dmean2": 0.000726547033992, "median": 0.000553083023988, "min": 7.28887321975e-21, "dvar2": 1.3211371197e-06, "dvar": 6.359655913e-07, "dmean": 0.000509438687004, "max": 0.0127508891746, "var": 1.90989294424e-06, "mean": 0.00107236963231}, "spectral_entropy": {"dmean2": 0.229700475931, "median": 7.72952032089, "min": 6.17825698853, "dvar2": 0.0485707260668, "dvar": 0.025367256254, "dmean": 0.161603078246, "max": 9.82225131989, "var": 0.114841945469, "mean": 7.71762609482}, "silence_rate_20dB": {"dmean2": 0, "median": 1, "min": 1, "dvar2": 0, "dvar": 0, "dmean": 0, "max": 1, "var": 0, "mean": 1}, "melbands_flatness_db": {"dmean2": 0.0598793178797, "median": 0.179260104895, "min": 0.00302556320094, "dvar2": 0.00314995204099, "dvar": 0.00137818523217, "dmean": 0.0384800322354, "max": 0.