{"metadata": {"tags": {"album": ["terrible live lie"], "albumartist": ["nine inch nails"], "genre": ["Other"], "artist": ["nine inch nails"], "date": ["1994"], "tracknumber": ["1"], "title": ["Pinion (Intro)"], "file_name": "227758.mp3", "musicbrainz_recordingid": ["0e48efef-7796-4aec-9279-487cc68a2b23"]}, "audio_properties": {"sample_rate": 44100, "downmix": "mix", "lossless": false, "analysis_sample_rate": 44100, "md5_encoded": "68aa3302507423a6aa6882ac532bae1a", "equal_loudness": 0, "replay_gain": 6.47253990173, "codec": "mp3", "bit_rate": 192000, "length": 261.485717773}, "version": {"extractor": "music 1.0", "essentia_build_sha": "70f2e5ece6736b2c40cc944ad0e695b16b925413", "essentia_git_sha": "v2.1_beta2", "essentia": "2.1-beta2"}}, "rhythm": {"beats_loudness_band_ratio": {"dvar2": [0.0203320086002, 0.0167652275413, 0.00324375904165, 0.00125925813336, 0.00013989508443, 6.34769385215e-05], "var": [0.0160528831184, 0.0138587011024, 0.00211210665293, 0.000469087768579, 4.80975031678e-05, 1.53184937517e-05], "min": [0.208968907595, 1.18296738947e-05, 1.38169807542e-05, 6.98463327353e-06, 2.00978392968e-05, 1.98639518203e-05], "dmean": [0.0717556625605, 0.0593724623322, 0.0208344683051, 0.0105675747618, 0.00308808172122, 0.00155151542276], "mean": [0.889460861683, 0.0843699648976, 0.0264651216567, 0.0112388757989, 0.00337573909201, 0.00141056254506], "max": [0.999722480774, 0.79006499052, 0.486980050802, 0.199461042881, 0.0868474245071, 0.0480209700763], "dmean2": [0.127750486135, 0.105979599059, 0.0356113053858, 0.0190147571266, 0.00539459194988, 0.00279230601154], "median": [0.932237267494, 0.0423810556531, 0.0120953768492, 0.00471040979028, 0.00108798639849, 0.000354755902663], "dvar": [0.00739335594699, 0.00607158429921, 0.00124663277529, 0.000423875841079, 4.96092070534e-05, 2.18018230953e-05]}, "bpm_histogram_first_peak_weight": {"dvar2": 0, "var": 0, "min": 0.204868152738, "dmean": 0, "mean": 0.204868152738, "max": 0.204868152738, "dmean2": 0, "median": 0.204868152738, "dvar": 0}, "bpm": 115.58379364, "beats_count": 494, "bpm_histogram_first_peak_spread": {"dvar2": 0, "var": 0, "min": 0.454054057598, "dmean": 0, "mean": 0.454054057598, "max": 0.454054057598, "dmean2": 0, "median": 0.454054057598, "dvar": 0}, "danceability": 1.14494216442, "bpm_histogram_first_peak_bpm": {"dvar2": 0, "var": 0, "min": 115, "dmean": 0, "mean": 115, "max": 115, "dmean2": 0, "median": 115, "dvar": 0}, "beats_position": [0.49922901392, 1.01006805897, 1.53251695633, 2.03174591064, 2.53097510338, 2.97215414047, 3.39011335373, 3.80807256699, 4.23764181137, 4.66721057892, 5.0967798233, 5.52634906769, 5.95591831207, 6.38548755646, 6.81505680084, 7.24462556839, 7.67419481277, 8.10376358032, 8.53333282471, 8.97451210022, 9.41569137573, 9.85687065125, 10.2980499268, 10.7043991089, 11.1223583221, 11.5403175354, 11.9814968109, 12.4226751328, 12.8754644394, 13.328253746, 13.7926530838, 14.2570514679, 14.7214508057, 15.15102005, 15.5921993256, 16.0333786011, 16.4629478455, 16.8925170898, 17.3104763031, 17.7284355164, 18.1580047607, 18.5875740051, 19.0287532806, 19.4699325562, 19.8994998932, 20.3290691376, 20.8050785065, 21.2810878754, 21.7570972443, 22.2331066132, 22.6975059509, 23.1619052887, 23.6379127502, 24.1139221191, 24.589931488, 25.0659408569, 25.4955101013, 25.9366893768, 26.3778686523, 26.8074378967, 27.2370071411, 27.6781845093, 28.1193637848, 28.5489330292, 28.9785022736, 29.4080715179, 29.8376407623, 30.2788200378, 30.7083892822, 31.1379585266, 31.567527771, 31.9970970154, 32.4266662598, 32.9258956909, 33.4367332458, 33.9475746155, 34.4351921082, 34.9228096008, 35.4104309082, 35.8748283386, 36.3392295837, 36.8036270142, 37.2331962585, 37.6627655029, 38.1039466858, 38.5335159302, 38.9630813599, 39.3926506042, 39.8222198486, 40.2401809692, 40.6581382751, 41.0760993958, 41.4940567017, 41.923625946, 42.3648071289, 42.8059844971, 43.3052139282, 43.8044433594, 44.3036727905, 44.8145103455, 45.3137397766, 45.8129692078, 46.2657585144, 46.718547821, 47.1829452515, 47.6009063721, 48.018863678, 48.4368247986, 48.8431739807, 49.2495231628, 49.6674804688, 50.0854415894, 50.5033988953, 50.9213600159, 51.327709198, 51.7340583801, 52.1636276245, 52.5931968689, 53.0227661133, 53.4523353577, 53.8819046021, 54.3114738464, 54.7526512146, 55.2286605835, 55.7046699524, 56.1806793213, 56.6566886902, 57.1326980591, 57.608707428, 58.0847167969, 58.5607261658, 59.0483436584, 59.5243530273, 60.0003623962, 60.4763717651, 60.952381134, 61.4283905029, 61.9043960571, 62.3920173645, 62.8099746704, 63.227935791, 63.6575050354, 64.0870742798, 64.5050354004, 64.9229888916, 65.3409500122, 65.7589111328, 66.1884765625, 66.6180496216, 67.0360107422, 67.4423599243, 67.8603134155, 68.3595428467, 68.8355560303, 69.3231735229, 69.7991790771, 70.2984085083, 70.7976379395, 71.3433074951, 71.8889770508, 72.4462585449, 73.0035324097, 73.5608139038, 74.1180953979, 74.6753692627, 75.2326507568, 75.789932251, 76.3472061157, 76.8928756714, 77.4385452271, 77.9842147827, 78.5182723999, 79.0291137695, 79.5399551392, 80.0624008179, 80.584854126, 81.1072998047, 81.6297454834, 82.1521987915, 82.6630401611, 83.1738739014, 83.684715271, 84.1955566406, 84.6947860718, 85.0662994385, 85.4378204346, 85.8093414307, 86.1808624268, 86.5523757935, 86.9238967896, 87.2838058472, 87.6553268433, 88.0036239624, 88.36353302, 88.7234420776, 89.0833511353, 89.4897003174, 89.8960494995, 90.3023986816, 90.7203598022, 91.1267089844, 91.5330581665, 91.9394073486, 92.3457565308, 92.7404937744, 93.1352386475, 93.5415878296, 94.0640335083, 94.5864868164, 95.1089324951, 95.6313781738, 96.1538314819, 96.6762771606, 97.1987304688, 97.7327880859, 98.2552337646, 98.7776870728, 99.3001327515, 99.8109741211, 100.321815491, 100.832649231, 101.343490601, 101.865936279, 102.388389587, 102.899223328, 103.410064697, 103.909294128, 104.431747437, 104.954193115, 105.476638794, 105.999092102, 106.509933472, 107.020767212, 107.531608582, 108.042449951, 108.56489563, 109.087341309, 109.609794617, 110.132240295, 110.654693604, 111.165527344, 111.687980652, 112.210426331, 112.7212677, 113.243713379, 113.754554749, 114.265396118, 114.787841797, 115.310295105, 115.832740784, 116.355194092, 116.877639771, 117.400085449, 117.910926819, 118.421768188, 118.944213867, 119.466667175, 119.989112854, 120.499954224, 121.022399902, 121.533241272, 122.055686951, 122.578140259, 123.100585938, 123.611427307, 124.122268677, 124.644714355, 125.155555725, 125.666389465, 126.188842773, 126.699676514, 127.222129822, 127.732971191, 128.25541687, 128.76625061, 129.288711548, 129.799545288, 130.310379028, 130.821228027, 131.343673706, 131.866119385, 132.376953125, 132.887802124, 133.410247803, 133.932693481, 134.45513916, 134.977600098, 135.488433838, 136.010879517, 136.533325195, 137.055786133, 137.578231812, 138.089065552, 138.599899292, 139.110748291, 139.621582031, 140.14402771, 140.666488647, 141.177322388, 141.699768066, 142.222213745, 142.733062744, 143.243896484, 143.754730225, 144.265579224, 144.776412964, 145.287246704, 145.809707642, 146.33215332, 146.842987061, 147.365432739, 147.876281738, 148.398727417, 148.909561157, 149.420410156, 149.942855835, 150.465301514, 150.987747192, 151.51020813, 152.02104187, 152.53187561, 153.054321289, 153.576782227, 154.099227905, 154.621673584, 155.132507324, 155.643356323, 156.165802002, 156.688247681, 157.19909668, 157.70993042, 158.232376099, 158.754821777, 159.265670776, 159.788116455, 160.298950195, 160.821395874, 161.343856812, 161.86630249, 162.37713623, 162.899581909, 163.422042847, 163.956100464, 164.466934204, 164.977767944, 165.488616943, 165.999450684, 166.521896362, 167.0443573, 167.566802979, 168.077636719, 168.588470459, 169.110931396, 169.621765137, 170.144210815, 170.666656494, 171.177505493, 171.688339233, 172.199172974, 172.721633911, 173.24407959, 173.75491333, 174.277359009, 174.788208008, 175.310653687, 175.833099365, 176.355545044, 176.866394043, 177.388839722, 177.9112854, 178.445343018, 178.956192017, 179.467025757, 179.989471436, 180.511917114, 181.034378052, 181.580047607, 182.125717163, 182.671386719, 183.228652954, 183.77432251, 184.331604004, 184.900497437, 185.480987549, 186.06149292, 186.641998291, 187.222488403, 187.826202393, 188.429931641, 189.045257568, 189.660583496, 190.275909424, 190.90284729, 191.518188477, 192.145126343, 192.783676147, 193.433822632, 194.072372437, 194.734146118, 195.407531738, 196.069290161, 196.731063843, 197.392837524, 198.077819824, 198.762802124, 199.447799683, 200.132781982, 200.840988159, 201.549209595, 202.257415771, 202.977233887, 203.70866394, 204.428482056, 205.148300171, 205.891326904, 206.645980835, 207.400634766, 208.166885376, 208.933151245, 209.711013794, 210.488891602, 211.255142212, 212.021408081, 212.810882568, 213.600357056, 214.389831543, 215.179321289, 215.980407715, 216.781494141, 217.605804443, 218.430114746, 219.266021729, 220.113555908, 220.961090088, 221.808609009, 222.656143188, 223.515274048, 224.386032104, 225.117462158, 225.860488892, 226.510650635, 227.160812378, 227.706481934, 228.252151489, 228.809432983, 229.366714478, 229.923980713, 230.516098022, 231.108200073, 231.688705444, 232.292419434, 232.896133423, 233.499862671, 234.115188599, 234.730514526, 235.38067627, 236.030838013, 236.657775879, 237.296325684, 237.958084106, 238.619857788, 239.28163147, 239.943389893, 240.605163574, 241.278549194, 241.951919556, 242.625305176, 243.310287476, 243.995285034, 244.680267334, 245.365249634, 246.050247192, 246.735229492, 247.408615112, 248.081985474, 248.755371094, 249.440353394, 250.125350952, 250.810333252, 251.495330811, 252.18031311, 252.85369873, 253.53868103, 254.212051392, 254.885437012, 255.570419312, 256.255401611, 256.94039917, 257.625396729, 258.310394287, 258.995361328, 259.680358887, 260.365356445, 261.050323486], "beats_loudness": {"dvar2": 0.176574021578, "var": 0.0762448534369, "min": 1.95823304239e-05, "dmean": 0.13761909306, "mean": 0.185840710998, "max": 1.59410130978, "dmean2": 0.242645934224, "median": 0.0566748455167, "dvar": 0.0576512515545}, "bpm_histogram_second_peak_weight": {"dvar2": 0, "var": 0, "min": 0.0953346863389, "dmean": 0, "mean": 0.0953346863389, "max": 0.0953346863389, "dmean2": 0, "median": 0.0953346863389, "dvar": 0}, "bpm_histogram_second_peak_spread": {"dvar2": 0, "var": 0, "min": 0.494623661041, "dmean": 0, "mean": 0.494623661041, "max": 0.494623661041, "dmean2": 0, "median": 0.494623661041, "dvar": 0}, "bpm_histogram_second_peak_bpm": {"dvar2": 0, "var": 0, "min": 140, "dmean": 0, "mean": 140, "max": 140, "dmean2": 0, "median": 140, "dvar": 0}, "onset_rate": 1.41107285023}, "lowlevel": {"spectral_energyband_high": {"dvar2": 1.22409211656e-08, "var": 2.48723175389e-08, "min": 7.55975467552e-21, "dmean": 2.44220027525e-05, "mean": 9.25560088945e-05, "max": 0.0025083234068, "dmean2": 3.87468498957e-05, "median": 1.27626963149e-05, "dvar": 5.1096300524e-09}, "spectral_energyband_middle_low": {"dvar2": 6.96503557265e-05, "var": 0.000109342334326, "min": 2.22581660869e-22, "dmean": 0.00389474490657, "mean": 0.0118634775281, "max": 0.12624783814, "dmean2": 0.00621054135263, "median": 0.00884297117591, "dvar": 2.88867868221e-05}, "spectral_energy": {"dvar2": 0.00802191812545, "var": 0.06325224787, "min": 1.06179609536e-20, "dmean": 0.03752938658, "mean": 0.156611636281, "max": 1.93313026428, "dmean2": 0.0550338625908, "median": 0.0528239384294, "dvar": 0.00407468574122}, "spectral_spread": {"dvar2": 420463411200, "var": 1945844056060.0, "min": 1007325.875, "dmean": 247320.828125, "mean": 2803586, "max": 41441600, "dmean2": 409455.71875, "median": 2739716.5, "dvar": 228384489472}, "spectral_energyband_low": {"dvar2": 0.00768935168162, "var": 0.0579100251198, "min": 4.87999421835e-23, "dmean": 0.0365456938744, "mean": 0.144136205316, "max": 1.88897192478, "dmean2": 0.0535693913698, "median": 0.0452004931867, "dvar": 0.00389746692963}, "spectral_rolloff": {"dvar2": 112682.304688, "var": 321415.75, "min": 21.533203125, "dmean": 50.9962387085, "mean": 204.50038147, "max": 19509.0820312, "dmean2": 90.0889205933, "median": 150.732421875, "dvar": 60302.7070312}, "barkbands": {"dvar2": [0.000443784869276, 0.00568389194086, 0.000725398596842, 3.8830912672e-05, 2.06150671147e-05, 6.57146620142e-06, 3.60815505474e-07, 4.76890420487e-07, 7.10816152605e-07, 3.74455976271e-06, 7.57666782647e-07, 2.59997364083e-07, 8.0228815591e-08, 8.79294645983e-08, 1.05459299959e-07, 1.00132197645e-07, 3.6085527455e-08, 3.23492521659e-08, 1.76102563643e-08, 9.43096534201e-09, 3.07538461364e-09, 2.3388163628e-10, 5.02161923155e-11, 3.27454507953e-10, 3.57852414368e-10, 3.00615338178e-10, 1.91895547135e-15], "var": [0.0067496211268, 0.0243835765868, 0.000822116970085, 3.90071581933e-05, 2.08901346923e-05, 5.43620762983e-06, 2.7268626468e-07, 5.85566681366e-07, 5.13819031767e-07, 4.20034621129e-06, 1.31212868837e-06, 5.28206328454e-07, 6.63153656433e-08, 7.15369239401e-08, 7.90683429841e-08, 1.32251656737e-07, 2.90584001306e-08, 3.02742293457e-08, 1.65961377974e-08, 1.31844304363e-08, 3.38525252275e-09, 3.05941660894e-10, 7.56252976908e-11, 2.35407165983e-10, 2.44854581055e-10, 2.03906891372e-10, 6.40385707244e-16], "min": [3.87218252341e-24, 1.90057985975e-23, 7.3063239968e-24, 4.70559158724e-24, 1.38396952574e-23, 2.10618761946e-23, 2.2689608631e-23, 1.94984264556e-23, 3.05290937369e-23, 4.131896596e-23, 1.76726173568e-23, 6.4778556477e-23, 5.81305731932e-23, 4.74624348296e-23, 1.19849100354e-22, 5.12185518536e-23, 1.45009396096e-22, 1.23741049759e-22, 2.25861428968e-22, 2.51503598817e-22, 3.35663773538e-22, 4.0681804269e-22, 6.01707908995e-22, 6.9407920435e-22, 1.06349143191e-21, 1.36485124189e-21, 2.35689222209e-21], "dmean": [0.00796580966562, 0.0263314396143, 0.0118027916178, 0.0027687381953, 0.00179257453419, 0.000827739946544, 0.000238337961491, 0.000265139737166, 0.000226973192184, 0.000366123684216, 0.00014948892931, 0.000112746900413, 6.36961121927e-05, 7.37754162401e-05, 6.95435155649e-05, 5.87662216276e-05, 4.0039569285e-05, 3.117212691e-05, 2.85700716631e-05, 2.45078263106e-05, 1.188807164e-05, 3.20043886859e-06, 1.49684626649e-06, 2.25009989663e-06, 2.34328967963e-06, 1.76145022124e-06, 7.47362793874e-09], "mean": [0.0367072820663, 0.0836132466793, 0.0225497744977, 0.00550800841302, 0.0033429521136, 0.00150287779979, 0.00042532698717, 0.000500200490933, 0.000415227288613, 0.000706647289917, 0.000279349740595, 0.000206615091884, 0.000113825153676, 0.000136773611302, 0.000132350018248, 0.000123266683659, 8.35910323076e-05, 6.772029883e-05, 6.93594411132e-05, 6.6300315666e-05, 3.35406220984e-05, 9.22749495658e-06, 4.53546954304e-06, 5.36139441465e-06, 4.80218886878e-06, 3.55846486855e-06, 7.73399122522e-09], "max": [0.654192209244, 1.34449076653, 0.381940662861, 0.092745937407, 0.0666419491172, 0.0424279719591, 0.00732904020697, 0.0141062745824, 0.0104147233069, 0.0363713987172, 0.0313451215625, 0.0224480945617, 0.00765284895897, 0.00635102111846, 0.00731122959405, 0.00980237592012, 0.00350875104778, 0.00536960409954, 0.00322263827547, 0.00181136035826, 0.00127218628768, 0.000507700373419, 0.000169975144672, 0.000525270937942, 0.000367559900042, 0.000320871098666, 1.6001330323e-06], "dmean2": [0.0107105709612, 0.0394390560687, 0.0183709040284, 0.00436584139243, 0.00299720815383, 0.00136112875771, 0.000401874800446, 0.000426690763561, 0.000380250887247, 0.000604979752097, 0.000243758739089, 0.000185567652807, 0.00010775384726, 0.000125607446535, 0.000116146424261, 9.748651064e-05, 6.81991077727e-05, 5.20449175383e-05, 4.80103044538e-05, 4.01439974667e-05, 1.98062170966e-05, 5.23968265043e-06, 2.37386848312e-06, 3.5814803141e-06, 3.71250689568e-06, 2.8901317819e-06, 1.3296947543e-08], "median": [0.00349286664277, 0.01696559228, 0.0136240813881, 0.00357663421892, 0.00177835160866, 0.000627464265563, 0.000248990894761, 0.0002432911715, 0.000147622398799, 0.000166095545865, 3.7082372728e-05, 4.48973914899e-05, 2.14582432818e-05, 2.31333106058e-05, 2.05330306926e-05, 1.57984231919e-05, 1.49100287672e-05, 1.15526618174e-05, 7.21495052858e-06, 4.87542592964e-06, 3.27710995407e-06, 1.04386765543e-06, 4.66670428523e-07, 8.70651774676e-07, 9.27647590743e-07, 2.58929333086e-07, 1.770575353e-09], "dvar": [0.000300639279885, 0.00267476122826, 0.000293223711196, 1.57414488058e-05, 8.11387690192e-06, 2.48481524068e-06, 1.29491326106e-07, 1.9020126274e-07, 2.55134210647e-07, 1.38605923894e-06, 3.11307417178e-07, 1.1699255964e-07, 3.01212388365e-08, 3.2164010122e-08, 4.08650997485e-08, 4.63800198247e-08, 1.24839099058e-08, 1.21847989476e-08, 6.30907504018e-09, 3.70265151872e-09, 1.15942178081e-09, 9.22354692623e-11, 2.01501419717e-11, 1.31924651758e-10, 1.47585638155e-10, 1.17364909458e-10, 6.48920728858e-16]}, "melbands_skewness": {"dvar2": 4.88583278656, "var": 37.2058792114, "min": -0.610143303871, "dmean": 0.981393814087, "mean": 5.432970047, "max": 91.9315872192, "dmean2": 1.57381236553, "median": 4.45981931686, "dvar": 2.10710716248}, "barkbands_skewness": {"dvar2": 2.38067269325, "var": 25.3088283539, "min": -2.41052889824, "dmean": 0.73760843277, "mean": 3.89074230194, "max": 74.270111084, "dmean2": 1.1866787672, "median": 3.31096744537, "dvar": 1.0887337923}, "erbbands": {"dvar2": [14.5864543915, 151.032073975, 741.952026367, 733.097290039, 162.652542114, 370.673553467, 331.489044189, 630.114624023, 93.4735946655, 140.967895508, 243.361022949, 339.19708252, 1963.41003418, 2871.27905273, 1191.62011719, 202.565139771, 148.771820068, 203.545516968, 168.572525024, 246.951751709, 325.149383545, 100.710128784, 44.9580001831, 80.4640197754, 35.520450592, 19.785692215, 7.92665243149, 2.51251578331, 0.239326730371, 0.0459760203958, 0.0441813953221, 0.155406340957, 0.121327333152, 0.0522396489978, 0.0163521263748, 0.00850472040474, 0.000895120203495, 1.39298599606e-05, 4.95021224012e-09, 9.30141830224e-09], "var": [107.489646912, 223.918533325, 945.593505859, 638.804504395, 147.392120361, 314.984466553, 343.10333252, 373.633453369, 63.9267997742, 105.90901947, 308.911407471, 242.438598633, 2015.78881836, 5736.35888672, 1823.56616211, 244.323486328, 128.932937622, 165.472793579, 175.950653076, 213.712081909, 471.232574463, 92.0334243774, 53.0362091064, 87.1608352661, 41.3596458435, 27.8917255402, 10.2794046402, 3.31448197365, 0.416179180145, 0.0779039859772, 0.0630663260818, 0.120213896036, 0.0747512429953, 0.0450410842896, 0.00824134517461, 0.00501104723662, 0.000567252398469, 9.27670225792e-06, 1.61874513793e-08, 7.36205336693e-08], "min": [2.25065802792e-22, 3.80007298473e-21, 9.24337176024e-21, 1.81107107683e-20, 2.08976809692e-20, 6.04617716729e-20, 5.35529717887e-20, 1.80209490703e-19, 3.15513749943e-19, 2.77891585281e-19, 6.60071207061e-19, 7.70463526287e-19, 1.6749135614e-18, 1.11179154105e-18, 1.33094032644e-18, 2.08035882698e-18, 2.60633506116e-18, 2.85520041345e-18, 3.81371249186e-18, 4.15378339889e-18, 2.89821153056e-18, 7.53665928229e-18, 7.78518404297e-18, 1.03629997778e-17, 1.17654117145e-17, 1.19856452438e-17, 1.14806920117e-17, 1.57296516391e-17, 1.63318606317e-17, 1.45378895172e-17, 1.61560516643e-17, 1.37001896488e-17, 1.24282513916e-17, 1.17018734901e-17, 8.27070266659e-18, 4.67103060285e-18, 2.46176229485e-18, 1.07546466368e-18, 2.66522504749e-19, 3.65169124234e-20], "dmean": [1.27758610249, 4.4527349472, 12.1243562698, 11.6666526794, 5.04329824448, 7.33400392532, 7.44137763977, 6.48008584976, 3.55977940559, 3.92516136169, 5.8851313591, 4.76280975342, 9.31954479218, 10.0391407013, 5.7053027153, 3.58282208443, 2.71908545494, 3.45373344421, 3.29818725586, 3.2543118, 3.04793977737, 2.08747053146, 1.41610610485, 1.64541959763, 1.33310973644, 1.14334821701, 0.670156359673, 0.341859728098, 0.11625379324, 0.0531757883728, 0.040670260787, 0.0494167208672, 0.0417506657541, 0.0318772904575, 0.0119365965948, 0.00822241045535, 0.00321440002881, 0.000395834998926, 2.10330344999e-05, 4.05053833674e-05], "mean": [4.86494207382, 9.42884635925, 24.9088993073, 23.8341197968, 10.5509004593, 12.3109617233, 13.6561422348, 10.650759697, 6.23406267166, 7.42790412903, 11.4889860153, 9.21009349823, 17.784204483, 21.6225261688, 11.2097053528, 7.01429367065, 5.33541631699, 6.7622218132, 6.96424341202, 6.8192486763, 6.71788311005, 4.73817205429, 3.48673272133, 3.87701535225, 3.51074385643, 3.09496188164, 1.89050602913, 0.996496856213, 0.371348500252, 0.169144243002, 0.120784565806, 0.117077343166, 0.0898744761944, 0.062892138958, 0.0263680703938, 0.016733571887, 0.00608196342364, 0.000667697982863, 8.19583365228e-05, 0.000170054569026], "max": [86.1653823853, 162.479522705, 358.789642334, 367.845397949, 202.836608887, 209.052825928, 200.882202148, 478.717773438, 97.1373901367, 173.511779785, 264.554718018, 297.806243896, 1000.73577881, 1450.50805664, 1356.10925293, 300.296081543, 321.697845459, 224.042007446, 221.918609619, 291.538024902, 630.700378418, 216.587402344, 157.739883423, 326.94833374, 168.86517334, 81.4343338013, 50.1433944702, 39.7610549927, 13.5012197495, 4.231361866, 4.88171386719, 13.7800693512, 9.99624443054, 4.01615428925, 3.12520074844, 2.02509379387, 0.529279768467, 0.11040636152, 0.00178882398177, 0.0020804121159], "dmean2": [1.86535036564, 6.80172729492, 18.9463253021, 18.2521419525, 8.32656764984, 12.3838233948, 12.0159034729, 10.8788747787, 6.01679325104, 6.61651325226, 9.47711086273, 7.97008323669, 15.522028923, 16.4903488159, 9.28218650818, 5.99418497086, 4.5953001976, 5.90900087357, 5.47874736786, 5.34393072128, 4.99473428726, 3.54183650017, 2.37925195694, 2.74973917007, 2.2320895195, 1.87245285511, 1.10992646217, 0.56390017271, 0.190084844828, 0.0866764783859, 0.0641335472465, 0.0793409794569, 0.0655449777842, 0.0494885668159, 0.0195319242775, 0.0134887574241, 0.0052312691696, 0.000644582381938, 3.13285745506e-05, 5.93443655816e-05], "median": [0.61123585701, 3.21745610237, 15.131685257, 16.6207332611, 6.9152173996, 6.30291414261, 6.72698688507, 4.00608968735, 3.42743396759, 4.15108442307, 5.59303379059, 3.85331273079, 5.24502086639, 4.26803874969, 1.96618068218, 1.8208425045, 1.09596347809, 1.23278546333, 1.03584182262, 1.18813145161, 0.879953682423, 0.9112585783, 0.727695643902, 0.49658420682, 0.355259537697, 0.238725140691, 0.174831092358, 0.0922305956483, 0.0441273450851, 0.020456250757, 0.0131800370291, 0.0116790132597, 0.017490696162, 0.0101560996845, 0.0064846794121, 0.00254419539124, 0.000153359636897, 8.40177926875e-06, 2.82507262455e-05, 5.78521903662e-05], "dvar": [7.4287405014, 66.6984405518, 306.675811768, 291.92376709, 63.408908844, 142.903884888, 133.275085449, 223.475463867, 33.2690010071, 49.8138809204, 97.96144104, 121.250663757, 742.817016602, 1114.32128906, 485.369842529, 75.5804901123, 55.3630142212, 72.0699157715, 65.6672897339, 97.9889373779, 159.96711731, 34.9071998596, 16.744436264, 33.8937034607, 13.3833332062, 7.7709069252, 2.94028568268, 0.99735635519, 0.0956270545721, 0.0172350183129, 0.018562214449, 0.0616080537438, 0.0494240708649, 0.0236035007983, 0.0061223199591, 0.00327105843462, 0.000348249886883, 5.49827973373e-06, 2.1644130932e-09, 4.72601824342e-09]}, "silence_rate_30dB": {"dvar2": 0.109409876168, "var": 0.206665679812, "min": 0, "dmean": 0.0484816208482, "mean": 0.708159446716, "max": 1, "dmean2": 0.0969718471169, "median": 1, "dvar": 0.0461310632527}, "melbands_spread": {"dvar2": 15.674785614, "var": 25.152929306, "min": 0.0876108556986, "dmean": 1.11466777325, "mean": 3.24805188179, "max": 157.325866699, "dmean2": 1.81368768215, "median": 2.15045690536, "dvar": 6.49847793579}, "melbands_crest": {"dvar2": 20.6995334625, "var": 42.7295913696, "min": 1.74562513828, "dmean": 3.13167715073, "mean": 21.1223163605, "max": 39.9512405396, "dmean2": 5.15216779709, "median": 19.9139251709, "dvar": 7.68189811707}, "zerocrossingrate": {"dvar2": 7.19815725461e-05, "var": 0.000253641657764, "min": 0, "dmean": 0.00260607432574, "mean": 0.0119173917919, "max": 0.513671875, "dmean2": 0.00367002259009, "median": 0.00927734375, "dvar": 3.75373419956e-05}, "barkbands_kurtosis": {"dvar2": 12227.9873047, "var": 126539.8125, "min": -1.27294766903, "dmean": 12.2698774338, "mean": 52.8847236633, "max": 5767.4765625, "dmean2": 20.0846004486, "median": 19.0143413544, "dvar": 5285.66357422}, "spectral_flux": {"dvar2": 0.00458855181932, "var": 0.0052502611652, "min": 6.67253405306e-11, "dmean": 0.0343959107995, "mean": 0.110119983554, "max": 0.622433245182, "dmean2": 0.0586504228413, "median": 0.0934107601643, "dvar": 0.00166441278998}, "barkbands_crest": {"dvar2": 11.3361959457, "var": 13.0351829529, "min": 3.20815610886, "dmean": 2.35750222206, "mean": 12.9231567383, "max": 26.9620227814, "dmean2": 3.87596845627, "median": 12.613401413, "dvar": 4.13968276978}, "barkbands_flatness_db": {"dvar2": 0.00101043877658, "var": 0.00507813692093, "min": 0.0457430109382, "dmean": 0.0224956478924, "mean": 0.305775791407, "max": 0.596225976944, "dmean2": 0.0355190262198, "median": 0.309696286917, "dvar": 0.000383783743018}, "spectral_entropy": {"dvar2": 0.0452509373426, "var": 0.507118403912, "min": 4.90704154968, "dmean": 0.154642313719, "mean": 6.6004652977, "max": 9.81296634674, "dmean2": 0.244691565633, "median": 6.60835075378, "dvar": 0.017625529319}, "pitch_salience": {"dvar2": 0.0115543762222, "var": 0.0194180142134, "min": 0.00326281343587, "dmean": 0.0764911472797, "mean": 0.47787886858, "max": 0.93027305603, "dmean2": 0.125417768955, "median": 0.500709652901, "dvar": 0.00423549767584}, "erbbands_spread": {"dvar2": 64.5288925171, "var": 399.569122314, "min": 3.90315842628, "dmean": 4.96462440491, "mean": 32.9895401001, "max": 176.643569946, "dmean2": 8.04358673096, "median": 28.9571838379, "dvar": 25.0212860107}, "dynamic_complexity": 4.24681091309, "spectral_contrast_valleys": {"dvar2": [0.183793857694, 0.177334472537, 0.122441209853, 0.0884723886847, 0.0597965493798, 0.0707361772656], "var": [1.16958522797, 1.02422010899, 1.30929410458, 1.60521996021, 1.8829857111, 1.21595466137], "min": [-27.7106513977, -27.8146381378, -27.2518959045, -27.5498065948, -27.4758415222, -27.3755931854], "dmean": [0.316759139299, 0.312983989716, 0.265591025352, 0.215526789427, 0.157264500856, 0.148690760136], "mean": [-6.23650741577, -6.91047382355, -7.71377944946, -8.42329025269, -8.6465549469, -11.866071701], "max": [-4.23221969604, -5.17000961304, -5.43157148361, -5.78894329071, -6.15279102325, -9.18461990356], "dmean2": [0.528597712517, 0.53179037571, 0.446361988783, 0.356807112694, 0.256873607635, 0.234210401773], "median": [-6.18699455261, -6.8242688179, -7.70954608917, -8.4560546875, -8.79865455627, -11.8986663818], "dvar": [0.0836284160614, 0.0806748867035, 0.0617489144206, 0.0490264631808, 0.039042327553, 0.0409069992602]}, "hfc": {"dvar2": 43.8392372131, "var": 233.940307617, "min": 1.15838756794e-16, "dmean": 3.00132703781, "mean": 13.9564914703, "max": 91.3645248413, "dmean2": 4.5867972374, "median": 7.45570278168, "dvar": 19.4526691437}, "spectral_kurtosis": {"dvar2": 93.8858413696, "var": 164.274551392, "min": -1.21243596077, "dmean": 4.89436769485, "mean": 16.0076503754, "max": 92.7616577148, "dmean2": 8.35834789276, "median": 12.182557106, "dvar": 33.4745254517}, "mfcc": {"mean": [-738.338806152, 198.035888672, 21.2154655457, 43.8771324158, 16.4628276825, 10.24223423, 18.3030529022, 7.13571596146, 10.5326185226, 7.64632320404, -0.3945543468, -0.788678765297, -2.08961820602], "cov": [[10220.7675781, -1838.98791504, -1488.81604004, 523.986450195, -71.3207931519, 355.586456299, 202.52406311, 116.969429016, 311.62487793, 193.447937012, -123.446487427, 194.247558594, 126.508811951], [-1838.98791504, 1198.97094727, 381.849975586, -100.847343445, 70.9112701416, -108.54019928, 9.11975765228, 8.9673910141, -57.5931663513, -39.9304847717, 37.8383178711, -49.1024780273, -26.680896759], [-1488.81604004, 381.849975586, 423.856811523, -52.0183639526, 14.3241376877, -43.6580352783, -21.4803104401, -30.6887950897, -56.5068969727, -33.9185447693, 18.1005802155, -25.8839740753, -21.142496109], [523.986450195, -100.847343445, -52.0183639526, 191.326080322, -9.02613735199, 27.6406536102, -7.3609290123, 10.9484109879, 8.15396213531, 15.0631628036, 7.13177537918, 18.2153053284, 8.54188251495], [-71.3207931519, 70.9112701416, 14.3241376877, -9.02613735199, 130.532531738, 9.97368526459, 12.588265419, -4.14304971695, -3.92781734467, 0.450682073832, -4.62482833862, 7.70995378494, 12.6916456223], [355.586456299, -108.54019928, -43.6580352783, 27.6406536102, 9.97368526459, 105.391700745, 26.2042732239, -0.212385565042, 10.5631713867, -2.1690325737, -7.69825744629, 10.7062940598, 9.92756652832], [202.52406311, 9.11975765228, -21.4803104401, -7.3609290123, 12.588265419, 26.2042732239, 87.7779388428, 37.4234352112, 10.6000757217, -4.43855524063, -1.51967132092, -0.41145285964, 9.23847389221], [116.969429016, 8.9673910141, -30.6887950897, 10.9484109879, -4.14304971695, -0.212385565042, 37.4234352112, 86.5543441772, 31.263261795, 2.43465828896, 16.4374103546, -1.07457542419, 0.0909286290407], [311.62487793, -57.5931663513, -56.5068969727, 8.15396213531, -3.92781734467, 10.5631713867, 10.6000757217, 31.263261795, 91.2124099731, 24.1945304871, -8.74740505219, 13.3617305756, 0.961872935295], [193.447937012, -39.9304847717, -33.9185447693, 15.0631628036, 0.450682073832, -2.1690325737, -4.43855524063, 2.43465828896, 24.1945304871, 75.5462875366, 15.8228139877, 5.1487865448, 3.0570807457], [-123.446487427, 37.8383178711, 18.1005802155, 7.13177537918, -4.62482833862, -7.69825744629, -1.51967132092, 16.4374103546, -8.74740505219, 15.8228139877, 73.3775100708, 15.7631635666, -3.08863782883], [194.247558594, -49.1024780273, -25.8839740753, 18.2153053284, 7.70995378494, 10.7062940598, -0.41145285964, -1.07457542419, 13.3617305756, 5.1487865448, 15.7631635666, 65.8025512695, 22.8270740509], [126.508811951, -26.680896759, -21.142496109, 8.54188251495, 12.6916456223, 9.92756652832, 9.23847389221, 0.0909286290407, 0.961872935295, 3.0570807457, -3.08863782883, 22.8270740509, 57.6848602295]], "icov": [[0.000286210299237, 9.79224278126e-05, 0.000730281462893, -0.000475358072435, 8.86199486558e-05, -0.000238192369579, -0.000536441395525, 0.000182191390195, -0.00023387055262, -0.000275984668406, 0.000333861884428, -0.000348769070115, 3.71925452782e-05], [9.79224278126e-05, 0.00140830769669, -0.000795608968474, 3.40784317814e-05, -0.00068622326944, 0.000941453385167, -0.00064739555819, -0.000191982093384, -0.000109299217002, 0.000224619856454, -0.000444215722382, 0.000465336255729, 1.49109864651e-05], [0.000730281462893, -0.000795608968474, 0.00555922510102, -0.000938306970056, 0.000317812111462, -0.000548800569959, -0.00091230700491, 0.00147910590749, 0.000234316990827, 0.000191281491425, 9.21932951314e-05, -0.000514755956829, 0.000569815107156], [-0.000475358072435, 3.40784317814e-05, -0.000938306970056, 0.00676780939102, 0.000174598870217, -0.00122857303359, 0.002437525196, -0.00192959362175, 0.00119507382624, -0.000593944045249, -0.000481758528622, -0.000640251324512, -0.000263001595158], [8.86199486558e-05, -0.00068622326944, 0.000317812111462, 0.000174598870217, 0.0085350330919, -0.00117267598398, -0.00109992083162, 0.000550929631572, 0.000447383965366, -0.000890366500244, 0.00115938694216, -0.00135805970058, -0.00128265144303], [-0.000238192369579, 0.000941453385167, -0.000548800569959, -0.00122857303359, -0.00117267598398, 0.0126646244898, -0.00418105302379, 0.00244680442847, -0.00117715017404, 0.00165615940932, -0.000526050047483, -6.72049566219e-07, -0.000413249974372], [-0.000536441395525, -0.00064739555819, -0.00091230700491, 0.002437525196, -0.00109992083162, -0.00418105302379, 0.0177091378719, -0.00834806915373, 0.00168795394711, 0.000616279139649, 0.000924225838389, 0.00095589767443, -0.00206935103051], [0.000182191390195, -0.000191982093384, 0.00147910590749, -0.00192959362175, 0.000550929631572, 0.00244680442847, -0.00834806915373, 0.0196070689708, -0.00752009591088, 0.00295427371748, -0.00629652524367, 0.00323332496919, -0.000544549780898], [-0.00023387055262, -0.000109299217002, 0.000234316990827, 0.00119507382624, 0.000447383965366, -0.00117715017404, 0.00168795394711, -0.00752009591088, 0.0169597882777, -0.00563828926533, 0.00547279324383, -0.00475135119632, 0.00240618921816], [-0.000275984668406, 0.000224619856454, 0.000191281491425, -0.000593944045249, -0.000890366500244, 0.00165615940932, 0.000616279139649, 0.00295427371748, -0.00563828926533, 0.0172283295542, -0.006193629466, 0.00296105933376, -0.00164767121896], [0.000333861884428, -0.000444215722382, 9.21932951314e-05, -0.000481758528622, 0.00115938694216, -0.000526050047483, 0.000924225838389, -0.00629652524367, 0.00547279324383, -0.006193629466, 0.0196799598634, -0.00775417732075, 0.00322402594611], [-0.000348769070115, 0.000465336255729, -0.000514755956829, -0.000640251324512, -0.00135805970058, -6.72049566219e-07, 0.00095589767443, 0.00323332496919, -0.00475135119632, 0.00296105933376, -0.00775417732075, 0.0222225226462, -0.00825980491936], [3.71925452782e-05, 1.49109864651e-05, 0.000569815107156, -0.000263001595158, -0.00128265144303, -0.000413249974372, -0.00206935103051, -0.000544549780898, 0.00240618921816, -0.00164767121896, 0.00322402594611, -0.00825980491936, 0.0216826871037]]}, "silence_rate_20dB": {"dvar2": 0.0528977401555, "var": 0.133483588696, "min": 0, "dmean": 0.0241520162672, "mean": 0.84133887291, "max": 1, "dmean2": 0.0483083203435, "median": 1, "dvar": 0.0235676132143}, "melbands_kurtosis": {"dvar2": 59515.2304688, "var": 292093.8125, "min": -1.40307593346, "dmean": 26.8796043396, "mean": 94.2772598267, "max": 9573.64746094, "dmean2": 43.9073448181, "median": 36.7684173584, "dvar": 23651.28125}, "barkbands_spread": {"dvar2": 13.7200727463, "var": 14.632651329, "min": 0.0933118760586, "dmean": 1.22014820576, "mean": 3.82008886337, "max": 92.928817749, "dmean2": 1.96252155304, "median": 2.58296203613, "dvar": 4.98493719101}, "erbbands_skewness": {"dvar2": 0.218494176865, "var": 0.72380656004, "min": -2.38340973854, "dmean": 0.334485977888, "mean": 0.93790692091, "max": 5.67927026749, "dmean2": 0.538511276245, "median": 0.82478249073, "dvar": 0.086807154119}, "average_loudness": 0.163321942091, "spectral_centroid": {"dvar2": 49321.2617188, "var": 176656.828125, "min": 131.645431519, "dmean": 87.5634689331, "mean": 443.232055664, "max": 11284.8173828, "dmean2": 140.579345703, "median": 326.460479736, "dvar": 23784.3867188}, "dissonance": {"dvar2": 0.00158754212316, "var": 0.00147937890142, "min": 0.227684631944, "dmean": 0.0250689033419, "mean": 0.44778367877, "max": 0.500000119209, "dmean2": 0.0427584312856, "median": 0.458443075418, "dvar": 0.000554575119168}, "erbbands_flatness_db": {"dvar2": 0.00027422857238, "var": 0.00270636682399, "min": 0.0355804488063, "dmean": 0.0119165536016, "mean": 0.196443006396, "max": 0.328879266977, "dmean2": 0.0187488179654, "median": 0.191083341837, "dvar": 0.000110352419142}, "spectral_strongpeak": {"dvar2": 0.287846922874, "var": 0.190016746521, "min": 0, "dmean": 0.225512236357, "mean": 0.52703332901, "max": 7.47616958618, "dmean2": 0.382547736168, "median": 0.406810492277, "dvar": 0.104509823024}, "spectral_rms": {"dvar2": 5.51028142581e-06, "var": 5.81536260142e-05, "min": 3.21853784943e-12, "dmean": 0.00142239453271, "mean": 0.00972821749747, "max": 0.0434278808534, "dmean2": 0.0021399538964, "median": 0.00717882625759, "dvar": 2.52812355939e-06}, "silence_rate_60dB": {"dvar2": 0.0151535002515, "var": 0.0221339594573, "min": 0, "dmean": 0.00550523865968, "mean": 0.022640503943, "max": 1, "dmean2": 0.0110114552081, "median": 0, "dvar": 0.00547513924539}, "melbands": {"dvar2": [0.00067661999492, 0.000161897289217, 1.60407289513e-05, 1.32677632791e-06, 3.50946066874e-07, 2.66006679794e-07, 1.84500361655e-08, 1.67186051669e-08, 1.51078332067e-08, 1.68867728689e-08, 5.68156792724e-08, 5.61773489949e-08, 1.26120962562e-08, 4.6977564061e-09, 9.07435182551e-10, 9.91480009205e-10, 8.61624882553e-10, 5.06437891623e-10, 8.22612145068e-10, 4.37431119105e-10, 4.39274477904e-10, 1.45745082669e-10, 4.78768830137e-11, 8.34505589631e-11, 6.51210335656e-11, 2.49236326022e-11, 2.49360358751e-11, 8.14751651562e-12, 5.32697930905e-12, 2.70835003729e-12, 5.88564678765e-13, 1.39342191756e-13, 3.93710027958e-14, 1.85532470463e-14, 1.62196899114e-14, 3.61155638002e-14, 8.28367932517e-14, 4.67474230983e-14, 1.45760140069e-13, 2.73164500188e-14], "var": [0.00462606595829, 0.000226299089263, 1.48539174916e-05, 1.30526859721e-06, 3.70373953729e-07, 1.75802725266e-07, 1.31301174378e-08, 1.41371927498e-08, 1.82925603553e-08, 1.13552394154e-08, 5.71103235814e-08, 9.89509061355e-08, 1.86730559903e-08, 8.37506242135e-09, 6.75551337093e-10, 8.16598677567e-10, 6.2297378367e-10, 4.87993701004e-10, 5.20759879663e-10, 4.11366718467e-10, 6.49133136132e-10, 1.16837220454e-10, 4.55268461819e-11, 7.53780995955e-11, 6.42886230362e-11, 2.30773386511e-11, 2.50250740269e-11, 1.10564066583e-11, 6.10012908242e-12, 2.35656372888e-12, 8.54099668594e-13, 1.87129866182e-13, 4.20226496016e-14, 2.40289897897e-14, 1.88548127984e-14, 3.50572232377e-14, 5.31912736784e-14, 2.70463684814e-14, 8.55457062609e-14, 2.67613012371e-14], "min": [4.03452497011e-24, 6.70531375007e-24, 2.78567887663e-24, 3.58121078409e-24, 1.69831004664e-24, 4.02226488835e-24, 4.97253659555e-24, 1.81270947183e-24, 5.01949432979e-24, 4.34159972709e-24, 9.00442440365e-24, 3.99137546189e-24, 3.81409711724e-24, 7.11046403353e-24, 5.36774328729e-24, 5.84303750471e-24, 4.97037590553e-24, 5.08791381382e-24, 5.83196465861e-24, 4.67724544834e-24, 3.01633115569e-24, 7.22066001338e-24, 4.89264628509e-24, 6.11135670871e-24, 8.63612654625e-24, 7.99806665825e-24, 8.15428557217e-24, 7.18879634369e-24, 6.39408445714e-24, 7.88650200473e-24, 8.00389555148e-24, 9.01027459613e-24, 8.03956547503e-24, 7.99535692104e-24, 9.35083531524e-24, 6.45134550366e-24, 7.87824736422e-24, 7.31446425248e-24, 7.29825237201e-24, 8.64119971073e-24], "dmean": [0.00903286784887, 0.00559214968234, 0.00175624585245, 0.000436507165432, 0.000250545883318, 0.0001421807101, 5.13508421136e-05, 4.35924885096e-05, 4.59046314063e-05, 3.28645874106e-05, 4.85346608912e-05, 4.39804243797e-05, 1.92688694369e-05, 1.41236423588e-05, 7.26089365344e-06, 6.64978597342e-06, 7.00800228515e-06, 5.74217756366e-06, 5.51850871489e-06, 4.28017619925e-06, 3.67842676496e-06, 2.53998155131e-06, 1.44898808685e-06, 1.64133507496e-06, 1.4715077441e-06, 1.07259802462e-06, 1.09896598133e-06, 7.76695742388e-07, 5.6205317378e-07, 3.00455610613e-07, 1.87968325349e-07, 8.60642686007e-08, 4.51814656799e-08, 3.25172138105e-08, 2.48165878958e-08, 3.0180828503e-08, 3.23290585413e-08, 2.6173037071e-08, 4.24362802676e-08, 2.42327811151e-08], "mean": [0.0336924418807, 0.012420126237, 0.0037569925189, 0.000799353758339, 0.000481107388623, 0.000244924158324, 9.17157376534e-05, 8.36412800709e-05, 8.81154555827e-05, 5.96100690018e-05, 9.02001120267e-05, 9.10343005671e-05, 3.71413225366e-05, 2.56941893895e-05, 1.27736730064e-05, 1.16944484034e-05, 1.26677277876e-05, 1.11189201562e-05, 1.008761501e-05, 8.54513291415e-06, 7.5126831689e-06, 5.13155009685e-06, 3.19470723298e-06, 3.37302662956e-06, 3.12151087201e-06, 2.52857785199e-06, 2.53665848504e-06, 1.93357277567e-06, 1.35886284625e-06, 7.56593067308e-07, 4.96892255342e-07, 2.28065289321e-07, 1.14139012908e-07, 8.62672848712e-08, 6.64486563551e-08, 6.9259883162e-08, 7.11533871822e-08, 5.79761163522e-08, 6.94573074611e-08, 4.76752113343e-08], "max": [0.569174826145, 0.153792724013, 0.0573493801057, 0.0168381892145, 0.00718518253416, 0.00960554741323, 0.00146067934111, 0.00256485631689, 0.00200530304573, 0.00200036750175, 0.00527969235554, 0.00570915266871, 0.00498067773879, 0.00259288097732, 0.000482704374008, 0.00103897543158, 0.000481777271489, 0.000512231141329, 0.00069658231223, 0.000385950872442, 0.000755801971536, 0.000201327697141, 0.000143884390127, 0.000211127713555, 0.000290610565571, 0.000111369641672, 0.000107717933133, 4.14544992964e-05, 3.7277037336e-05, 4.78060464957e-05, 1.79588751053e-05, 1.24791722556e-05, 4.45490968559e-06, 2.4