{"metadata": {"tags": {"genre": ["Mash-Up"], "originalyear": ["2008"], "album": ["Mash-Up Your Bootz Party Sampler Vol. 2"], "musicbrainz album type": ["album/compilation"], "script": ["Latn"], "albumartistsort": ["Various artists"], "musicbrainz album release country": ["XW"], "acoustid_id": ["edd1b9fa-a75d-481b-a5fd-56aa56892c19"], "musicbrainz_artistid": ["ce05d116-a747-48ce-a1ef-6d401287de7c"], "musicbrainz_releasegroupid": ["b50bcab0-82fc-482c-8513-dc7c8569c5b1"], "musicbrainz_recordingid": ["0e4a1221-e684-4d8a-90ea-050b7932c763"], "albumartist": ["Various artists"], "originaldate": ["2008"], "musicbrainz album status": ["official"], "artist": ["DJ Peaking"], "musicbrainz_albumid": ["6558b9ca-2518-45c4-a2b5-016ee6c5c2b5"], "discnumber": ["1/1"], "title": ["U and Ur Hand 4Ever (The Veronicas vs. Pink)"], "tracknumber": ["16/17"], "musicbrainz_albumartistid": ["89ad4ac3-39f7-470e-963a-56509c546377"], "artistsort": ["Peaking, DJ"], "date": ["2008"], "media": ["Digital Media"], "file_name": "16. DJ Peaking - U and Ur Hand 4Ever (The Veronicas vs. Pink).mp3"}, "audio_properties": {"sample_rate": 44100, "downmix": "mix", "lossless": false, "analysis_sample_rate": 44100, "md5_encoded": "7c416618b7d3f46402c11bfe404c4710", "equal_loudness": 0, "replay_gain": -11.8964252472, "codec": "mp3", "bit_rate": 192029, "length": 171.023666382}, "version": {"extractor": "music 1.0", "essentia_build_sha": "70f2e5ece6736b2c40cc944ad0e695b16b925413", "essentia_git_sha": "v2.1_beta2", "essentia": "2.1-beta2"}}, "rhythm": {"beats_loudness_band_ratio": {"dvar2": [0.0919983610511, 0.0706969425082, 0.0273455735296, 0.0225117839873, 0.0144083201885, 0.00867501460016], "var": [0.0399879552424, 0.0262127798051, 0.00945797376335, 0.00878689624369, 0.00680714054033, 0.00491744838655], "min": [0, 0, 0, 0, 0, 0], "dmean": [0.255151748657, 0.161522433162, 0.0932732671499, 0.0901978462934, 0.0763713419437, 0.0548631995916], "mean": [0.427936196327, 0.1843637079, 0.118112049997, 0.107674330473, 0.128608256578, 0.107677452266], "max": [0.912741780281, 0.747334301472, 0.622484147549, 0.565084755421, 0.522131085396, 0.647681951523], "dmean2": [0.473621934652, 0.311558008194, 0.164698064327, 0.16423176229, 0.130833894014, 0.0967485904694], "median": [0.408598303795, 0.130646318197, 0.0874611288309, 0.0779867768288, 0.108835317194, 0.0945718362927], "dvar": [0.0277540758252, 0.0219618920237, 0.00913744885474, 0.00792631786317, 0.00476692570373, 0.0029857037589]}, "bpm_histogram_first_peak_weight": {"dvar2": 0, "var": 0, "min": 0.479518085718, "dmean": 0, "mean": 0.479518085718, "max": 0.479518085718, "dmean2": 0, "median": 0.479518085718, "dvar": 0}, "bpm": 146.123062134, "beats_count": 416, "bpm_histogram_first_peak_spread": {"dvar2": 0, "var": 0, "min": 0.502499997616, "dmean": 0, "mean": 0.502499997616, "max": 0.502499997616, "dmean2": 0, "median": 0.502499997616, "dvar": 0}, "danceability": 1.15161967278, "bpm_histogram_first_peak_bpm": {"dvar2": 0, "var": 0, "min": 148, "dmean": 0, "mean": 148, "max": 148, "dmean2": 0, "median": 148, "dvar": 0}, "beats_position": [0.429569154978, 0.847528338432, 1.25387752056, 1.67183673382, 2.07818579674, 2.49614500999, 2.90249419212, 3.30884337425, 3.7151927948, 4.13315200806, 4.55111122131, 4.95746040344, 5.36380958557, 5.78176879883, 6.19972801208, 6.60607719421, 7.01242637634, 7.4303855896, 7.83673477173, 8.25469398499, 8.66104316711, 9.06739234924, 9.47374153137, 9.89170074463, 10.2980499268, 10.7043991089, 11.1223583221, 11.5287075043, 11.9350566864, 12.3530158997, 12.7709751129, 13.177324295, 13.5836734772, 14.0016326904, 14.4195919037, 14.8259410858, 15.2322902679, 15.6386394501, 16.0449886322, 16.4629478455, 16.8692970276, 17.2756462097, 17.6819953918, 18.088344574, 18.5063037872, 18.9242630005, 19.3422222137, 19.7485713959, 20.154920578, 20.5728797913, 20.9908390045, 21.3971881866, 21.8035373688, 22.221496582, 22.6394557953, 23.0458049774, 23.4521541595, 23.8701133728, 24.2648525238, 24.6712017059, 25.0775508881, 25.4955101013, 25.9134693146, 26.3314285278, 26.7493877411, 27.1557369232, 27.5620861053, 27.9684352875, 28.3747844696, 28.7811336517, 29.1874828339, 29.6054420471, 30.0234012604, 30.4297504425, 30.8360996246, 31.2540588379, 31.6720180511, 32.0783653259, 32.4847145081, 32.9026756287, 33.3206329346, 33.7269821167, 34.1333312988, 34.5512924194, 34.9576416016, 35.3755989075, 35.7819480896, 36.1882972717, 36.5946464539, 37.0126075745, 37.4305648804, 37.848526001, 38.2432632446, 38.6612243652, 39.0791816711, 39.4855308533, 39.8918800354, 40.309841156, 40.7045783997, 41.1225395203, 41.5288887024, 41.9352378845, 42.3531951904, 42.771156311, 43.1891136169, 43.6070747375, 44.0134239197, 44.4197731018, 44.8145103455, 45.2324714661, 45.6272087097, 46.0451698303, 46.4631271362, 46.8810882568, 47.2758255005, 47.6937866211, 48.111743927, 48.5180931091, 48.9244422913, 49.3307914734, 49.748752594, 50.1667098999, 50.573059082, 50.9910202026, 51.3973693848, 51.8153266907, 52.2216758728, 52.6280250549, 53.0343742371, 53.4523353577, 53.8702926636, 54.2882537842, 54.6829910278, 55.1009521484, 55.5073013306, 55.9136505127, 56.3316078186, 56.7379570007, 57.1443061829, 57.5622673035, 57.9686164856, 58.3865737915, 58.7929229736, 59.2108840942, 59.6056213379, 60.01197052, 60.4183197021, 60.8362808228, 61.2542381287, 61.6605873108, 62.0669364929, 62.4848976135, 62.8912467957, 63.2975959778, 63.7155532837, 64.1335144043, 64.5398635864, 64.9462127686, 65.3641738892, 65.7821273804, 66.1768722534, 66.5948257446, 67.0127868652, 67.4191360474, 67.8254852295, 68.2434463501, 68.6614074707, 69.0677566528, 69.474105835, 69.8804550171, 70.2868041992, 70.7047576904, 71.122718811, 71.5290679932, 71.9354171753, 72.3533782959, 72.7713394165, 73.1660766602, 73.5840377808, 73.9903869629, 74.396736145, 74.8146896362, 75.2326507568, 75.6273880005, 76.0453491211, 76.4633102417, 76.8580474854, 77.276008606, 77.6939697266, 78.1003189087, 78.5066680908, 78.924621582, 79.3309707642, 79.7373199463, 80.1552810669, 80.5732421875, 80.9679794312, 81.3859405518, 81.8039016724, 82.2218551636, 82.6166000366, 83.0345535278, 83.4525146484, 83.8588638306, 84.2652130127, 84.6831741333, 85.077911377, 85.4958724976, 85.9138336182, 86.3317871094, 86.7381362915, 87.1560974121, 87.5624465942, 87.9687957764, 88.3751449585, 88.7814941406, 89.1878433228, 89.6058044434, 90.023765564, 90.4417190552, 90.8480682373, 91.2544174194, 91.67237854, 92.0787277222, 92.4850769043, 92.9030380249, 93.3209991455, 93.7389526367, 94.1336975098, 94.5400466919, 94.946395874, 95.3643493652, 95.7823104858, 96.2002716064, 96.6182327271, 97.0129699707, 97.4077072144, 97.825668335, 98.2436294556, 98.6499786377, 99.0563278198, 99.474281311, 99.8806304932, 100.298591614, 100.704940796, 101.122901917, 101.529251099, 101.947212219, 102.353561401, 102.759910583, 103.166259766, 103.584213257, 104.002174377, 104.420135498, 104.82648468, 105.232833862, 105.639183044, 106.057144165, 106.463493347, 106.881446838, 107.276191711, 107.694145203, 108.112106323, 108.518455505, 108.924804688, 109.342765808, 109.760726929, 110.167076111, 110.573425293, 110.979774475, 111.386123657, 111.804077148, 112.210426331, 112.628387451, 113.034736633, 113.441085815, 113.847434998, 114.25378418, 114.660133362, 115.078094482, 115.496055603, 115.902404785, 116.308753967, 116.726707458, 117.133056641, 117.539405823, 117.945755005, 118.352104187, 118.770065308, 119.188026428, 119.605987549, 120.02394104, 120.430290222, 120.836639404, 121.242988586, 121.649337769, 122.067298889, 122.473648071, 122.879997253, 123.297958374, 123.715919495, 124.110656738, 124.528617859, 124.94657135, 125.352920532, 125.782493591, 126.200454712, 126.606803894, 127.013153076, 127.431106567, 127.849067688, 128.25541687, 128.661773682, 129.079727173, 129.486068726, 129.892425537, 130.310379028, 130.71673584, 131.123077393, 131.529434204, 131.935775757, 132.342132568, 132.748474121, 133.166442871, 133.572784424, 133.979141235, 134.385482788, 134.7918396, 135.209793091, 135.627746582, 136.034103394, 136.440444946, 136.846801758, 137.264755249, 137.671112061, 138.089065552, 138.507034302, 138.913375854, 139.319732666, 139.726074219, 140.13243103, 140.550384521, 140.968338013, 141.374694824, 141.781036377, 142.199005127, 142.60534668, 143.011703491, 143.429656982, 143.847610474, 144.253967285, 144.660308838, 145.078277588, 145.496231079, 145.890975952, 146.308929443, 146.726898193, 147.133239746, 147.539596558, 147.957550049, 148.37550354, 148.781860352, 149.188201904, 149.582946777, 150.000900269, 150.40725708, 150.813598633, 151.231567383, 151.649520874, 152.079086304, 152.497055054, 152.903396606, 153.321365356, 153.727706909, 154.134063721, 154.552017212, 154.969970703, 155.387939453, 155.794281006, 156.200637817, 156.618591309, 157.024932861, 157.431289673, 157.837631226, 158.243988037, 158.650344849, 159.056686401, 159.474639893, 159.892608643, 160.298950195, 160.705307007, 161.11164856, 161.518005371, 161.935958862, 162.353912354, 162.771881104, 163.166610718, 163.572967529, 163.979324341, 164.385665894, 164.792022705, 165.221588135, 165.651153564, 166.080718994, 166.463851929, 166.846984863, 167.230117798, 167.624847412, 167.973144531, 168.32144165, 168.669754028, 169.018051147, 169.366348267, 169.726257324, 170.109390259, 170.504119873], "beats_loudness": {"dvar2": 0.000609552138485, "var": 0.000323562388076, "min": 0, "dmean": 0.0157447028905, "mean": 0.0355820283294, "max": 0.134369030595, "dmean2": 0.0275222938508, "median": 0.0331260189414, "dvar": 0.000204134077649}, "bpm_histogram_second_peak_weight": {"dvar2": 0, "var": 0, "min": 0.0120481923223, "dmean": 0, "mean": 0.0120481923223, "max": 0.0120481923223, "dmean2": 0, "median": 0.0120481923223, "dvar": 0}, "bpm_histogram_second_peak_spread": {"dvar2": 0, "var": 0, "min": 0, "dmean": 0, "mean": 0, "max": 0, "dmean2": 0, "median": 0, "dvar": 0}, "bpm_histogram_second_peak_bpm": {"dvar2": 0, "var": 0, "min": 140, "dmean": 0, "mean": 140, "max": 140, "dmean2": 0, "median": 140, "dvar": 0}, "onset_rate": 3.68338775635}, "lowlevel": {"spectral_energyband_high": {"dvar2": 1.69318059307e-06, "var": 1.91420804185e-06, "min": 7.18885302808e-21, "dmean": 0.000564616639167, "mean": 0.00175338680856, "max": 0.0122429542243, "dmean2": 0.000867449562065, "median": 0.00147222471423, "dvar": 6.9903109079e-07}, "spectral_energyband_middle_low": {"dvar2": 0.000297297083307, "var": 0.000121982884593, "min": 1.8741421647e-22, "dmean": 0.0060208379291, "mean": 0.00989962462336, "max": 0.120194606483, "dmean2": 0.0100436024368, "median": 0.00678030168638, "dvar": 0.000117652991321}, "spectral_energy": {"dvar2": 0.000759225338697, "var": 0.00045474403305, "min": 1.02758070636e-20, "dmean": 0.011750979349, "mean": 0.0284912735224, "max": 0.160988867283, "dmean2": 0.0191828291863, "median": 0.0240856260061, "dvar": 0.000309705792461}, "spectral_spread": {"dvar2": 691245416448, "var": 10893376094200.0, "min": 1848694.75, "dmean": 494431.25, "mean": 5339591, "max": 42846240, "dmean2": 700734.5625, "median": 5005782, "dvar": 383837536256}, "spectral_energyband_low": {"dvar2": 0.000511033285875, "var": 0.000214214654989, "min": 1.14429709554e-23, "dmean": 0.00719433277845, "mean": 0.0107575561851, "max": 0.134882941842, "dmean2": 0.012141562067, "median": 0.0062138531357, "dvar": 0.000197201166884}, "spectral_rolloff": {"dvar2": 2054146, "var": 4261885.5, "min": 86.1328125, "dmean": 753.128723145, "mean": 2582.40576172, "max": 19336.8164062, "dmean2": 1232.89880371, "median": 2304.05273438, "dvar": 920622.0625}, "barkbands": {"dvar2": [7.53893004912e-07, 0.000188874895684, 0.000123370889924, 0.000103494770883, 0.000101639365312, 1.85211683856e-06, 8.20716104499e-06, 5.56433860766e-06, 1.94827225641e-06, 6.08616483078e-06, 5.32794547325e-06, 2.45174805968e-06, 1.69082477441e-06, 2.23113579523e-06, 2.61029322246e-06, 5.38561107533e-06, 1.07822654627e-06, 7.49810965317e-07, 3.15928616601e-07, 2.2713088299e-07, 1.78609681711e-07, 1.79289855851e-07, 7.33570146849e-08, 5.0445816413e-08, 1.48403929146e-08, 3.19338666621e-09, 6.26533200321e-11], "var": [3.17625307389e-07, 7.01284589013e-05, 3.83038714062e-05, 2.91475043923e-05, 3.38116115017e-05, 1.30720968627e-06, 3.4317315567e-06, 2.22528296945e-06, 1.20016591154e-06, 5.93416098127e-06, 4.62118896394e-06, 1.80996755716e-06, 1.13036128369e-06, 1.45358649206e-06, 1.95542475012e-06, 4.17634873884e-06, 1.06560958102e-06, 5.36841184839e-07, 2.81756086906e-07, 2.17893102672e-07, 2.09699521747e-07, 9.98152032139e-08, 6.53117169236e-08, 7.83416638228e-08, 2.28377601275e-08, 3.87029119864e-09, 5.39747829764e-11], "min": [1.46981599241e-24, 3.12050339367e-24, 1.07358378149e-24, 1.10369746186e-24, 9.04585616726e-24, 1.00899419743e-23, 8.25633498546e-24, 1.2198339982e-23, 1.79916895049e-23, 8.76889893635e-24, 1.34305320385e-23, 2.75645418333e-23, 3.31444831821e-23, 4.82871226417e-23, 2.95704289441e-23, 4.58797211073e-23, 6.94415195987e-23, 8.41608562965e-23, 1.33623520526e-22, 1.73093601628e-22, 2.38196386248e-22, 3.4163175241e-22, 3.72191416085e-22, 5.92590898363e-22, 8.27266592081e-22, 1.26693151544e-21, 1.85673916107e-21], "dmean": [0.000229331111768, 0.00420434586704, 0.00292216194794, 0.0025668037124, 0.00288557354361, 0.000532404636033, 0.000851794728078, 0.000646709580906, 0.000469954218715, 0.000705281912815, 0.000620372535195, 0.000423128512921, 0.000321357976645, 0.00043071390246, 0.000502734968904, 0.00069246685598, 0.00041117152432, 0.000299488427117, 0.000281647691736, 0.000226264382945, 0.000207792370929, 0.000142538483487, 0.000102660851553, 9.71592671704e-05, 6.20407809038e-05, 2.75728343695e-05, 3.00060492009e-06], "mean": [0.000264501839411, 0.00568302813917, 0.00339424586855, 0.00277592195198, 0.00308828195557, 0.000823026464786, 0.00108277110849, 0.000846005510539, 0.000753029540647, 0.00115385849494, 0.00101748213638, 0.000659862998873, 0.000476351327961, 0.000688831671141, 0.00079409457976, 0.00111100100912, 0.0007611886831, 0.000583463406656, 0.000574138946831, 0.000511148537043, 0.000486029224703, 0.000281222164631, 0.000212667087908, 0.000250431330642, 0.000159412666108, 5.45894617971e-05, 4.75058777738e-06], "max": [0.00963284634054, 0.0856342017651, 0.105533227324, 0.0963120684028, 0.0756383016706, 0.0231498870999, 0.0256046708673, 0.0406492650509, 0.0158692281693, 0.0445703789592, 0.0317108258605, 0.024459740147, 0.0351327285171, 0.0337813198566, 0.0214511919767, 0.0430443845689, 0.017144581303, 0.0191952008754, 0.00546961603686, 0.00519377877936, 0.00326179666445, 0.00375841930509, 0.00454040709883, 0.00319532165304, 0.00146069284528, 0.00093039649073, 7.51117404434e-05], "dmean2": [0.000382589088986, 0.00727733084932, 0.0051130685024, 0.00449309591204, 0.00492035970092, 0.000879418686964, 0.00143278134055, 0.00107591086999, 0.000767110614106, 0.00109012168832, 0.000967934029177, 0.000682230165694, 0.00052722269902, 0.000695234106388, 0.00081576051889, 0.00109571171924, 0.000666977197398, 0.00048513742513, 0.000458732654806, 0.000370017107343, 0.00033608963713, 0.000233063648921, 0.000165836521774, 0.000148460705532, 8.95058838069e-05, 3.98366355512e-05, 4.75564229419e-06], "median": [4.84925549245e-05, 0.00298120686784, 0.00126866740175, 0.00127343263011, 0.00135828659404, 0.000469402846647, 0.000495891552418, 0.000396298477426, 0.000415980524849, 0.000473357329611, 0.000352033792296, 0.000291657692287, 0.000221640279051, 0.000346257700585, 0.000422456359956, 0.000488675257657, 0.000514795654453, 0.00042269853293, 0.000436618924141, 0.000388319545891, 0.000333716743626, 0.000189422455151, 0.000142738601426, 0.000186268764082, 0.000124390629935, 3.77891483367e-05, 1.41091993555e-06], "dvar": [2.87730216542e-07, 6.90685628797e-05, 4.5059248805e-05, 3.8224952732e-05, 3.92307556467e-05, 7.72547082306e-07, 3.14688509206e-06, 2.13164912566e-06, 7.6231242474e-07, 2.72167858384e-06, 2.19925641431e-06, 9.92797481558e-07, 7.21281082861e-07, 9.37980303206e-07, 1.06833476821e-06, 2.27942064157e-06, 4.58710303519e-07, 2.90404273073e-07, 1.29176200403e-07, 9.13022262239e-08, 7.14051537898e-08, 6.76252298604e-08, 3.02455340773e-08, 2.33048087495e-08, 7.4097332714e-09, 1.61996671633e-09, 2.60048180906e-11]}, "melbands_skewness": {"dvar2": 2.42449712753, "var": 2.01465058327, "min": -1.79853582382, "dmean": 0.819231808186, "mean": 2.21702432632, "max": 16.9381198883, "dmean2": 1.28675746918, "median": 2.00230336189, "dvar": 1.00150632858}, "barkbands_skewness": {"dvar2": 0.972508490086, "var": 1.00270426273, "min": -4.4501748085, "dmean": 0.542430460453, "mean": 0.87214833498, "max": 13.9586658478, "dmean2": 0.842109322548, "median": 0.778378427029, "dvar": 0.428078979254}, "erbbands": {"dvar2": [0.0773773416877, 13.4684886932, 150.064300537, 479.582946777, 1576.61914062, 870.461486816, 141.613555908, 166.576080322, 1537.56274414, 1676.78479004, 2010.52893066, 1208.2890625, 6976.86865234, 3046.49560547, 9841.92773438, 3700.57958984, 3598.18530273, 3299.58789062, 7006.30029297, 7024.91845703, 8832.60351562, 3513.65795898, 2117.14306641, 1330.96386719, 473.273040771, 500.513671875, 412.671813965, 253.469619751, 211.076126099, 142.180526733, 53.1504325867, 28.7657794952, 13.9769363403, 4.03955459595, 0.422401756048, 0.140938982368, 0.00679429760203, 0.000181064635399, 2.3628344934e-06, 2.88085444389e-09], "var": [0.0480703674257, 4.39892959595, 46.2146835327, 153.697677612, 472.186981201, 291.387023926, 86.307510376, 93.8323059082, 614.738830566, 783.044799805, 736.51776123, 679.491027832, 7256.45849609, 2348.56152344, 8890.24023438, 2773.77929688, 2272.29663086, 2389.8815918, 4177.19433594, 6571.7109375, 7143.33300781, 3357.90332031, 1793.27124023, 1248.86987305, 388.725769043, 442.697387695, 439.127655029, 277.091003418, 128.048324585, 88.0295181274, 52.2517585754, 39.8337631226, 19.7532062531, 5.40758132935, 0.640352725983, 0.145195841789, 0.00832308083773, 0.000252773868851, 1.51959193317e-06, 1.92099380847e-09], "min": [1.31120976056e-22, 6.96923142576e-22, 2.26076781684e-21, 5.33303616531e-21, 9.81700697476e-21, 3.68139058062e-20, 7.20650412531e-20, 9.11098925802e-20, 1.27248683297e-19, 1.8769746565e-19, 5.15093846038e-19, 5.56180579148e-19, 3.10642405768e-19, 6.73934030344e-19, 7.89264669526e-19, 1.47719568151e-18, 1.44384892909e-18, 2.34522516105e-18, 2.68530496026e-18, 3.02122031868e-18, 3.79929762892e-18, 3.47807485933e-18, 6.559232892e-18, 5.19830571739e-18, 6.9277373054e-18, 8.30657335386e-18, 8.55544139449e-18, 1.10288255769e-17, 1.16318658861e-17, 1.13859128299e-17, 1.15467804339e-17, 9.87103658999e-18, 9.56126158649e-18, 7.81435704881e-18, 6.56397139614e-18, 4.46105039077e-18, 2.08121061622e-18, 9.84738356717e-19, 2.45724340717e-19, 2.82883749525e-20], "dmean": [0.0942044407129, 1.07470905781, 3.20063281059, 6.0302066803, 11.0660333633, 8.55209255219, 4.23963117599, 4.86866474152, 11.2272129059, 13.7633562088, 10.8660993576, 10.9408655167, 22.1763553619, 16.3471183777, 24.6844081879, 15.5403404236, 13.9135198593, 16.3956336975, 24.6130828857, 28.4754619598, 29.5781822205, 22.8705310822, 16.3299541473, 15.9836597443, 11.0382480621, 10.31777668, 9.68965339661, 7.2338719368, 5.17143058777, 4.02243423462, 2.96059989929, 2.26661324501, 1.61168968678, 0.923314452171, 0.352956920862, 0.175337567925, 0.0380436293781, 0.00646214419976, 0.000492766790558, 2.20672191062e-05], "mean": [0.146246060729, 1.32443451881, 3.80519080162, 7.19912242889, 11.2752780914, 9.28101062775, 6.09319210052, 7.46115255356, 14.7089614868, 18.2984275818, 14.9801769257, 17.6891326904, 37.1742172241, 28.2117481232, 42.1265029907, 26.5760307312, 22.9374847412, 28.3082427979, 41.1592292786, 52.3154067993, 52.6419754028, 44.1461753845, 33.7464904785, 33.4168510437, 24.0183639526, 23.4949054718, 22.5348129272, 16.4292545319, 10.4329385757, 7.68496227264, 6.16963624954, 5.42647790909, 3.9937620163, 2.25380420685, 0.874785840511, 0.338148862123, 0.0770080238581, 0.0131449401379, 0.000745533616282, 5.50156073587e-05], "max": [2.18562078476, 22.555273056, 104.856178284, 210.735397339, 298.449981689, 193.55921936, 196.242950439, 181.032012939, 344.407775879, 390.264038086, 862.87097168, 417.24420166, 1789.12097168, 927.231018066, 1745.1940918, 1222.64672852, 1857.35583496, 1195.97094727, 1308.48266602, 1003.487854, 1582.73205566, 1035.62036133, 979.5390625, 385.164428711, 202.077560425, 240.447937012, 201.597305298, 142.842605591, 153.89125061, 147.385620117, 97.9721908569, 73.4619598389, 50.9855995178, 23.3022212982, 8.99655056, 6.29813623428, 1.13263916969, 0.201557353139, 0.014449769631, 0.000393224647269], "dmean2": [0.159871727228, 1.86565589905, 5.57239723206, 10.3844499588, 19.3050994873, 14.6182699203, 6.98875951767, 8.14187145233, 18.9007091522, 22.9612178802, 17.9831581116, 17.9671859741, 34.1300315857, 25.3168201447, 38.2864990234, 25.0962562561, 22.6220226288, 26.1523284912, 39.9369621277, 45.0446510315, 46.4436950684, 37.1019287109, 26.2066249847, 25.8321247101, 18.2274036407, 16.8996772766, 15.6539478302, 11.909784317, 8.49673557281, 6.55076265335, 4.76977205276, 3.51347303391, 2.43357896805, 1.37003958225, 0.513379573822, 0.260843515396, 0.0545609220862, 0.00933095999062, 0.000802770839073, 3.42069761246e-05], "median": [0.061270236969, 0.697472214699, 1.63704645634, 3.44117856026, 4.92358350754, 3.92173290253, 3.38776445389, 4.40222120285, 6.63073253632, 8.8878364563, 8.00106334686, 10.100151062, 15.5615348816, 13.9507045746, 14.2526483536, 12.9060592651, 11.7094955444, 14.807639122, 23.8253078461, 27.1798400879, 28.5847110748, 30.5111980438, 24.7609481812, 23.457775116, 19.4503173828, 18.2200832367, 15.801823616, 10.8467502594, 7.10858488083, 5.2206788063, 4.15130281448, 3.851344347, 2.96863555908, 1.68209671974, 0.700847923756, 0.239553451538, 0.0501894727349, 0.00719163008034, 0.000227865530178, 4.45578589279e-05], "dvar": [0.0297067891806, 4.88965272903, 55.1393470764, 179.660461426, 597.282226562, 332.524597168, 57.398765564, 66.3069381714, 573.392333984, 656.695556641, 764.82019043, 473.917877197, 3192.55151367, 1303.62353516, 4020.39501953, 1452.88525391, 1531.51123047, 1385.45996094, 2900.25097656, 2986.37695312, 3848.59326172, 1483.94958496, 861.431030273, 536.320251465, 184.136962891, 199.579925537, 165.008758545, 100.508758545, 79.8632888794, 55.8677139282, 22.4744739532, 13.2743272781, 6.26558876038, 1.87581920624, 0.211139813066, 0.0671563744545, 0.00347846769728, 9.39531528275e-05, 9.34337151648e-07, 1.20222276578e-09]}, "silence_rate_30dB": {"dvar2": 0.00514569040388, "var": 0.00122033106163, "min": 0, "dmean": 0.00190062448382, "mean": 0.998778343201, "max": 1, "dmean2": 0.00380176515318, "median": 1, "dvar": 0.00189716520254}, "melbands_spread": {"dvar2": 354.328765869, "var": 535.042480469, "min": 0.644895136356, "dmean": 11.4782629013, "mean": 40.9609489441, "max": 236.656356812, "dmean2": 17.8538227081, "median": 37.6371765137, "dvar": 160.040618896}, "melbands_crest": {"dvar2": 28.1446037292, "var": 22.9303016663, "min": 1.51929914951, "dmean": 3.49223923683, "mean": 12.6260957718, "max": 33.3082466125, "dmean2": 5.78699827194, "median": 12.0029268265, "dvar": 10.8629102707}, "zerocrossingrate": {"dvar2": 0.00020810260321, "var": 0.00249751564115, "min": 0.01123046875, "dmean": 0.0121264243498, "mean": 0.0955826938152, "max": 0.52734375, "dmean2": 0.0146632222459, "median": 0.087890625, "dvar": 0.000173935070052}, "barkbands_kurtosis": {"dvar2": 53.6366424561, "var": 39.2655601501, "min": -1.85043251514, "dmean": 1.80149149895, "mean": 0.857104241848, "max": 239.073150635, "dmean2": 2.96837615967, "median": -0.319963932037, "dvar": 26.5917186737}, "spectral_flux": {"dvar2": 0.00278813298792, "var": 0.00280198594555, "min": 6.47883205418e-11, "dmean": 0.029877897352, "mean": 0.0991481244564, "max": 0.318565905094, "dmean2": 0.0466998927295, "median": 0.0887853130698, "dvar": 0.00135855085682}, "barkbands_crest": {"dvar2": 16.87266922, "var": 11.6452112198, "min": 2.2428958416, "dmean": 2.59239125252, "mean": 7.97012615204, "max": 26.274810791, "dmean2": 4.32662630081, "median": 7.24797821045, "dvar": 6.42913150787}, "barkbands_flatness_db": {"dvar2": 0.00103325524833, "var": 0.000990164699033, "min": 0.0253439359367, "dmean": 0.0193145107478, "mean": 0.0839198455215, "max": 0.391662806273, "dmean2": 0.0313152372837, "median": 0.0783466920257, "dvar": 0.000410891807405}, "spectral_entropy": {"dvar2": 0.0349984131753, "var": 0.0822713449597, "min": 5.28675889969, "dmean": 0.112280219793, "mean": 7.98011159897, "max": 9.81744861603, "dmean2": 0.170631140471, "median": 7.99358510971, "dvar": 0.0169094465673}, "pitch_salience": {"dvar2": 0.0134597178549, "var": 0.00964415352792, "min": 0.0933941677213, "dmean": 0.0732337832451, "mean": 0.584574043751, "max": 0.923828065395, "dmean2": 0.123316787183, "median": 0.590737640858, "dvar": 0.0047787767835}, "erbbands_spread": {"dvar2": 217.604187012, "var": 273.063720703, "min": 4.29653978348, "dmean": 9.3136138916, "mean": 41.2981338501, "max": 125.857749939, "dmean2": 14.250292778, "median": 39.6361846924, "dvar": 96.4237518311}, "dynamic_complexity": 2.81861567497, "spectral_contrast_valleys": {"dvar2": [0.450718522072, 0.354524940252, 0.23401761055, 0.175298899412, 0.170242980123, 0.210305899382], "var": [5.29381561279, 4.73945856094, 4.39919424057, 4.31262111664, 4.29164266586, 3.93759155273], "min": [-27.8751811981, -28.3345870972, -27.6374130249, -27.6779937744, -27.4466953278, -27.4154529572], "dmean": [0.4559635818, 0.423728913069, 0.344999700785, 0.279091626406, 0.236350208521, 0.249039068818], "mean": [-7.43369197845, -6.99390506744, -7.31574058533, -7.41389274597, -7.05509614944, -9.48254013062], "max": [-5.07388544083, -4.54717445374, -5.22734355927, -5.59331941605, -5.63383722305, -7.78927898407], "dmean2": [0.72048664093, 0.658553421497, 0.542359471321, 0.434352755547, 0.357590019703, 0.338518232107], "median": [-6.85464048386, -6.59084844589, -6.94414520264, -7.04843950272, -6.682533741, -9.08071708679], "dvar": [0.227676987648, 0.173257663846, 0.12072865665, 0.094712972641, 0.0917446613312, 0.119846045971]}, "hfc": {"dvar2": 215.073669434, "var": 316.540618896, "min": 1.11006188984e-16, "dmean": 7.52267980576, "mean": 29.6418857574, "max": 114.848266602, "dmean2": 11.3014125824, "median": 27.7164440155, "dvar": 92.0208206177}, "spectral_kurtosis": {"dvar2": 2.46102499962, "var": 2.23515892029, "min": -1.24982273579, "dmean": 0.798821032047, "mean": 3.00309872627, "max": 19.7392539978, "dmean2": 1.32169747353, "median": 2.79820680618, "dvar": 0.943874895573}, "mfcc": {"mean": [-608.301574707, 84.8198471069, -4.29455327988, 22.8997478485, 8.90566635132, 3.54113602638, 3.81322002411, 3.60378336906, 6.59379148483, 2.28797793388, -4.84512472153, -0.916639268398, -2.48362660408], "cov": [[10696.59375, 1282.44177246, 187.351806641, 387.484588623, 246.355545044, 290.579498291, 121.456863403, 168.007217407, 131.051818848, 100.667366028, -19.2653522491, 66.9119567871, 5.0104970932], [1282.44177246, 670.970458984, -80.6131439209, 120.618598938, 55.5913925171, -11.32629776, 35.1594352722, 8.68270111084, 29.4905281067, -7.12338161469, -9.21854877472, 8.32287216187, -5.91130971909], [187.351806641, -80.6131439209, 396.971954346, 81.4424514771, 64.7277832031, 72.2372894287, -10.9918279648, 30.388584137, 0.8574655056, 27.5393695831, 54.3194885254, 24.7907772064, -5.89384031296], [387.484588623, 120.618598938, 81.4424514771, 271.848083496, 80.7232055664, 31.6164684296, 14.4616861343, 45.3565330505, 50.3860206604, 13.2406177521, 36.4338264465, 44.8767318726, 7.83321428299], [246.355545044, 55.5913925171, 64.7277832031, 80.7232055664, 200.094680786, 60.8783683777, 4.9538192749, 47.5120544434, 19.3822879791, 24.8022022247, 17.2303962708, 30.3287220001, 29.3791427612], [290.579498291, -11.32629776, 72.2372894287, 31.6164684296, 60.8783683777, 185.788909912, 71.6530685425, 51.3669471741, 7.58983469009, 43.0387001038, 23.0332355499, 4.40346097946, 21.3302402496], [121.456863403, 35.1594352722, -10.9918279648, 14.4616861343, 4.9538192749, 71.6530685425, 139.767852783, 57.1048316956, 35.1907310486, 22.7715263367, 7.00813341141, -1.11028242111, 5.38046693802], [168.007217407, 8.68270111084, 30.388584137, 45.3565330505, 47.5120544434, 51.3669471741, 57.1048316956, 129.589126587, 43.309803009, 25.6250629425, 8.85421276093, 25.4670085907, 22.2307739258], [131.051818848, 29.4905281067, 0.8574655056, 50.3860206604, 19.3822879791, 7.58983469009, 35.1907310486, 43.309803009, 105.885726929, 37.1317710876, 13.3530015945, 8.57665729523, 1.14493775368], [100.667366028, -7.12338161469, 27.5393695831, 13.2406177521, 24.8022022247, 43.0387001038, 22.7715263367, 25.6250629425, 37.1317710876, 89.7415313721, 41.0380897522, 14.2815914154, 8.92127132416], [-19.2653522491, -9.21854877472, 54.3194885254, 36.4338264465, 17.2303962708, 23.0332355499, 7.00813341141, 8.85421276093, 13.3530015945, 41.0380897522, 83.1047058105, 40.1123046875, 6.6011505127], [66.9119567871, 8.32287216187, 24.7907772064, 44.8767318726, 30.3287220001, 4.40346097946, -1.11028242111, 25.4670085907, 8.57665729523, 14.2815914154, 40.1123046875, 82.8489456177, 31.6431865692], [5.0104970932, -5.91130971909, -5.89384031296, 7.83321428299, 29.3791427612, 21.3302402496, 5.38046693802, 22.2307739258, 1.14493775368, 8.92127132416, 6.6011505127, 31.6431865692, 70.7890319824]], "icov": [[0.00013735317043, -0.000273055949947, -8.72793316375e-05, -2.26212087e-05, 3.72336799046e-05, -0.000239360597334, 0.000106013721961, -5.17796761415e-05, -6.03441403655e-05, -0.000136473565362, 0.000274423102383, -0.000168219325133, 9.53676062636e-05], [-0.000273055949947, 0.00234010699205, 0.000675471615978, -0.000849297677632, -0.000609218841419, 0.000788681907579, -0.000853532052133, 0.000454328663182, 0.000147580969497, 0.000278471386991, -0.000243222108111, 0.000262907968136, 0.000170026076376], [-8.72793316375e-05, 0.000675471615978, 0.00345000484958, -0.000792654405814, -0.000569503579754, -0.00102889060508, 0.000930811918806, -0.000589306408074, 0.000475806184113, 0.000317393045407, -0.00190758565441, 0.000249451550189, 0.0011169257341], [-2.26212087e-05, -0.000849297677632, -0.000792654405814, 0.00560619309545, -0.00120268913452, -0.000491441984195, 0.000419277668698, -0.000474723346997, -0.00240958016366, 0.00178871036042, -0.00133831391577, -0.00177110964432, 0.00073881377466], [3.72336799046e-05, -0.000609218841419, -0.000569503579754, -0.00120268913452, 0.00709428731352, -0.00197738176212, 0.00174031383358, -0.00143464806024, -0.000188193182112, -0.000818116299342, 0.000886504596565, -0.000831021694466, -0.00160309532657], [-0.000239360597334, 0.000788681907579, -0.00102889060508, -0.000491441984195, -0.00197738176212, 0.00990016385913, -0.00475181965157, -0.000883643166162, 0.00288373837247, -0.00294503569603, -0.00103361031506, 0.00265884958208, -0.00223990646191], [0.000106013721961, -0.000853532052133, 0.000930811918806, 0.000419277668698, 0.00174031383358, -0.00475181965157, 0.011841788888, -0.00387740158476, -0.00261489441618, 0.000624788634013, -0.000795130501501, 0.000747653655708, 0.000682980229612], [-5.17796761415e-05, 0.000454328663182, -0.000589306408074, -0.000474723346997, -0.00143464806024, -0.000883643166162, -0.00387740158476, 0.012525646016, -0.0031593919266, -0.00069446087582, 0.00268012657762, -0.00321395741776, -0.00140677648596], [-6.03441403655e-05, 0.000147580969497, 0.000475806184113, -0.00240958016366, -0.000188193182112, 0.00288373837247, -0.00261489441618, -0.0031593919266, 0.0145530505106, -0.0060250503011, 0.000648766406812, 0.000980730634183, 0.000747993879486], [-0.000136473565362, 0.000278471386991, 0.000317393045407, 0.00178871036042, -0.000818116299342, -0.00294503569603, 0.000624788634013, -0.00069446087582, -0.0060250503011, 0.019201207906, -0.00935256481171, 0.00194300024305, -0.00105985405389], [0.000274423102383, -0.000243222108111, -0.00190758565441, -0.00133831391577, 0.000886504596565, -0.00103361031506, -0.000795130501501, 0.00268012657762, 0.000648766406812, -0.00935256481171, 0.0233199503273, -0.0108861001208, 0.00297155068256], [-0.000168219325133, 0.000262907968136, 0.000249451550189, -0.00177110964432, -0.000831021694466, 0.00265884958208, 0.000747653655708, -0.00321395741776, 0.000980730634183, 0.00194300024305, -0.0108861001208, 0.0222918298095, -0.00846336130053], [9.53676062636e-05, 0.000170026076376, 0.0011169257341, 0.00073881377466, -0.00160309532657, -0.00223990646191, 0.000682980229612, -0.00140677648596, 0.000747993879486, -0.00105985405389, 0.00297155068256, -0.00846336130053, 0.0195028539747]]}, "silence_rate_20dB": {"dvar2": 0, "var": 0, "min": 1, "dmean": 0, "mean": 1, "max": 1, "dmean2": 0, "median": 1, "dvar": 0}, "melbands_kurtosis": {"dvar2": 451.594940186, "var": 184.888504028, "min": -1.80165088177, "dmean": 6.13847589493, "mean": 7.8145866394, "max": 452.678375244, "dmean2": 10.1679916382, "median": 4.08875226974, "dvar": 173.56918335}, "barkbands_spread": {"dvar2": 129.492797852, "var": 151.241531372, "min": 0.459695637226, "dmean": 7.23083877563, "mean": 35.8080177307, "max": 108.358192444, "dmean2": 11.5859680176, "median": 35.7476348877, "dvar": 51.6289634705}, "erbbands_skewness": {"dvar2": 0.223590478301, "var": 0.377358734608, "min": -3.27348995209, "dmean": 0.316363275051, "mean": -0.193437457085, "max": 5.03003025055, "dmean2": 0.483509510756, "median": -0.211544439197, "dvar": 0.0996981933713}, "average_loudness": 0.950730443001, "spectral_centroid": {"dvar2": 222353.15625, "var": 920617.75, "min": 246.386413574, "dmean": 303.985168457, "mean": 2090.14990234, "max": 11740.3642578, "dmean2": 476.302124023, "median": 2021.37438965, "dvar": 99168.3359375}, "dissonance": {"dvar2": 0.000377095944714, "var": 0.000263194873696, "min": 0.287112027407, "dmean": 0.0115378694609, "mean": 0.481425285339, "max": 0.500000119209, "dmean2": 0.0195660255849, "median": 0.485422581434, "dvar": 0.00014650412777}, "erbbands_flatness_db": {"dvar2": 0.000510390615091, "var": 0.00125434645452, "min": 0.0506556890905, "dmean": 0.0161357298493, "mean": 0.128903895617, "max": 0.342751860619, "dmean2": 0.0230797082186, "median": 0.122406221926, "dvar": 0.000278336170595}, "spectral_strongpeak": {"dvar2": 3.48768901825, "var": 1.70196056366, "min": 0, "dmean": 0.654206514359, "mean": 0.843995273113, "max": 14.0808954239, "dmean2": 1.14244365692, "median": 0.336357802153, "dvar": 1.36838614941}, "spectral_rms": {"dvar2": 3.56708574145e-06, "var": 4.04345155403e-06, "min": 3.16625610279e-12, "dmean": 0.000972170848399, "mean": 0.00487370789051, "max": 0.0125324502587, "dmean2": 0.0015300976811, "median": 0.00484749116004, "dvar": 1.55270731739e-06}, "silence_rate_60dB": {"dvar2": 0.039281245321, "var": 0.0566354468465, "min": 0, "dmean": 0.018191691488, "mean": 0.0602687671781, "max": 1, "dmean2": 0.0362525470555, "median": 0, "dvar": 0.0178586021066}, "melbands": {"dvar2": [9.3368735179e-06, 3.18882630381e-05, 1.64314005815e-05, 7.21204060028e-06, 2.43152982193e-07, 7.99522581474e-08, 3.43114407997e-07, 2.14896033413e-07, 1.0864667388e-07, 4.84718754024e-08, 1.7720338974e-07, 5.40526805537e-08, 1.00739107722e-07, 3.97877784053e-08, 2.71855302714e-08, 1.57379052013e-08, 1.62826552241e-08, 2.33971011454e-08, 1.7206820857e-08, 4.0783596944e-08, 8.87882034561e-09, 5.16453191324e-09, 4.10345002422e-09, 1.44263467838e-09, 1.1996292848e-09, 4.36123304137e-10, 2.72573796867e-10, 3.06298070241e-10, 2.37771774492e-10, 1.34916022798e-10, 1.04017149061e-10, 6.46629486067e-11, 1.15482193253e-10, 3.28085510148e-11, 2.16397802455e-11, 1.64789518836e-11, 1.26323864563e-11, 9.088217158e-12, 6.21831405812e-12, 2.7281660004e-12], "var": [4.19948901254e-06, 1.05917624751e-05, 5.17665603184e-06, 2.33587934417e-06, 1.17946207467e-07, 4.77452601899e-08, 1.39122690257e-07, 1.00709947048e-07, 4.47667858339e-08, 2.95697635266e-08, 1.82522271075e-07, 4.0777393906e-08, 8.71617515941e-08, 3.12684917958e-08, 2.39861659423e-08, 1.05230162362e-08, 1.09611164589e-08, 1.33628033083e-08, 1.53245860446e-08, 2.98517370823e-08, 7.04838187815e-09, 4.63917659843e-09, 2.40025888054e-09, 1.18304654961e-09, 1.02693564763e-09, 3.12494558008e-10, 1.92299745572e-10, 2.56239890417e-10, 2.23274579381e-10, 1.39765907181e-10, 9.55341916686e-11, 4.30877625246e-11, 4.54504628378e-11, 2.38791434543e-11, 1.8542946692e-11, 1.73882245408e-11, 1.56151168385e-11, 1.16570338451e-11, 6.62652745176e-12, 3.306096499e-12], "min": [1.72363622879e-24, 1.22678352751e-24, 1.19304986305e-24, 1.21967293253e-24, 2.79966932478e-24, 2.10476589489e-24, 1.88983443038e-24, 1.83723318522e-24, 4.4381369748e-24, 3.32195993063e-24, 1.23629886636e-24, 2.07514120967e-24, 1.77505457702e-24, 3.79729161895e-24, 3.10742802417e-24, 2.85756284054e-24, 3.74285311674e-24, 4.19201079465e-24, 3.11249034181e-24, 2.87954918283e-24, 3.19688386474e-24, 3.15407336949e-24, 4.56342741364e-24, 4.13596222733e-24, 3.40458009425e-24, 4.73389907197e-24, 3.62311783639e-24, 5.11591679823e-24, 4.43523357224e-24, 4.61079417226e-24, 6.38544011934e-24, 5.80103815568e-24, 5.87695339604e-24, 5.49125602808e-24, 4.83939107424e-24, 6.23438863878e-24, 6.02084951376e-24, 6.20360373638e-24, 5.10355455899e-24, 5.33135826132e-24], "dmean": [0.000989903695881, 0.00156274891924, 0.00116385472938, 0.000755835266318, 0.000172259722603, 0.000109251290269, 0.000169748920598, 0.000155067071319, 8.37458355818e-05, 7.23102057236e-05, 0.000113267939014, 6.78582218825e-05, 8.03771254141e-05, 4.99873785884e-05, 4.50828956673e-05, 2.90178249998e-05, 3.48992653016e-05, 4.32936431025e-05, 4.02440309699e-05, 5.67949209653e-05, 3.1284722354e-05, 2.70255077339e-05, 1.73929056473e-05, 1.47235004988e-05, 1.44851292134e-05, 1.00286597444e-05, 7.8261082308e-06, 7.81839935371e-06, 7.17108969184e-06, 5.54407915843e-06, 4.30070485891e-06, 3.13811870001e-06, 3.00899955619e-06, 2.0799855065e-06, 1.87076398106e-06, 1.60158958806e-06, 1.489065653e-06, 1.28033673263e-06, 1.02376179711e-06, 7.68008931118e-07], "mean": [0.00144462042954, 0.00197305437177, 0.00138487818185, 0.000792450271547, 0.000237059473875, 0.000170580562553, 0.000220341447857, 0.000205163581995, 0.000114789363579, 0.00011536875536, 0.000187177953194, 0.000111301218567, 0.000134213056299, 8.16422398202e-05, 6.96410425007e-05, 4.26931655966e-05, 5.55732549401e-05, 6.57756463625e-05, 6.54199684504e-05, 8.76036137925e-05, 5.25594732608e-05, 4.77924113511e-05, 3.29609320033e-05, 2.75587353826e-05, 2.75750844594e-05, 1.89354504982e-05, 1.53038727149e-05, 1.59669307322e-05, 1.50090581883e-05, 1.16665869427e-05, 8.72000327945e-06, 5.98192582402e-06, 5.01400791109e-06, 3.86130932384e-06, 3.51900916939e-06, 3.42405837728e-06, 3.29766317009e-06, 2.92838444693e-06, 2.33746163758e-06, 1.74161073119e-06], "max": [0.0219250600785, 0.0400193780661, 0.0346475169063, 0.0199835412204, 0.0051238052547, 0.00362625997514, 0.0050458968617, 0.00447235768661, 0.00584430247545, 0.00245192670263, 0.0088448934257, 0.0034165373072, 0.00442016590387, 0.00339112337679, 0.00319648254663, 0.0027848216705, 0.00292101991363, 0.00244753924198, 0.00229966570623, 0.00362607999705, 0.00119311490562, 0.000982841243967, 0.00167990534101, 0.000544506241567, 0.000395870825741, 0.000247182208113, 0.00022135580366, 0.000194880572963, 0.000157298913109, 0.000104101680336, 0.000105601327959, 9.03336986084e-05, 8.51135700941e-05, 0.00010717985424, 6.196074537e-05, 4.56669004052e-05, 5.06688047608e-05, 4.35945257777e-05, 3.87772670365e-05, 2.08538258448e-05], "dmean2": [0.00170168362092, 0.00269994232804, 0.0020048818551, 0.00129595969338, 0.000285876623821, 0.000182400253834, 0.000285058136797, 0.000257748470176, 0.000137926646858, 0.000118044517876, 0.00017443629622, 0.000105449908006, 0.000124900063383, 7.84346993896e-05, 7.34708955861e-05, 4.75145898235e-05, 5.57339735678e-05, 7.02519973856e-05, 6.46294211037e-05, 8.95464836503e-05, 4.92737017339e-05, 4.40080184489e-05, 2.82571854768e-05, 2.38664651988e-05, 2.3583366783e-05, 1.65906694747e-05, 1.30577109303e-05, 1.29628506329e-05, 1.16991232062e-05, 9.03647196537e-06, 7.19363333701e-06, 5.17663511346e-06, 5.02808916281e-06,