{"tonal": {"thpcp": [1, 0.632493376732, 0.0918580368161, 0.0395248606801, 0.0373413302004, 0.0957317054272, 0.173324629664, 0.127459600568, 0.0727482587099, 0.0823261290789, 0.0831697881222, 0.286054521799, 0.591327309608, 0.453798949718, 0.524381160736, 0.784573614597, 0.392791032791, 0.0326886475086, 0.0122749768198, 0.0331191644073, 0.459385424852, 0.813938856125, 0.428831875324, 0.169768661261, 0.265163451433, 0.193301036954, 0.471049398184, 0.882304251194, 0.525747895241, 0.173924982548, 0.192716434598, 0.0958699658513, 0.0342888049781, 0.0469207279384, 0.0566238984466, 0.469222396612], "hpcp": {"dmean2": [0.0835755318403, 0.0682901293039, 0.0466226153076, 0.045440543443, 0.0479818619788, 0.125352442265, 0.227335691452, 0.193525359035, 0.185108527541, 0.234323322773, 0.149406269193, 0.0282674171031, 0.0124648632482, 0.0278736371547, 0.146921575069, 0.227093592286, 0.162934035063, 0.0809350684285, 0.0909098237753, 0.0939934924245, 0.183517202735, 0.269837230444, 0.196303129196, 0.0858286097646, 0.0740248784423, 0.0416845567524, 0.0210795756429, 0.0260055642575, 0.0352023541927, 0.166536718607, 0.298894077539, 0.230099663138, 0.056400064379, 0.0270660631359, 0.0242842193693, 0.0475885942578], "median": [0.0174810029566, 0.0116811878979, 0.00601132260635, 0.00311085255817, 0.00640028249472, 0.045578815043, 0.0989194512367, 0.0865022093058, 0.108375377953, 0.135673075914, 0.0644331946969, 0.0023054080084, 0.000648136134259, 0.00346058467403, 0.0959059521556, 0.179699376225, 0.0959705561399, 0.0115753319114, 0.0103186229244, 0.0144449975342, 0.102472499013, 0.209633648396, 0.123103320599, 0.0200410671532, 0.00698579661548, 0.00397719955072, 0.00403609639034, 0.0059381518513, 0.0103173814714, 0.120742440224, 0.288725972176, 0.172808453441, 0.0145805105567, 0.00392405316234, 0.0040248837322, 0.0111289452761], "min": [0, 0, 0, 0, 0, 0, 0, 0, 0, 0, 0, 0, 0, 0, 0, 0, 0, 0, 0, 0, 0, 0, 0, 0, 0, 0, 0, 0, 0, 0, 0, 0, 0, 0, 0, 0], "dvar2": [0.0323891527951, 0.0279677882791, 0.0216318778694, 0.0183820538223, 0.0161388069391, 0.0341811105609, 0.0900466069579, 0.0680539533496, 0.0546802766621, 0.0890589877963, 0.0421853512526, 0.00644887331873, 0.00538113713264, 0.00799335166812, 0.0353057645261, 0.0771251469851, 0.05277851969, 0.029766369611, 0.044447671622, 0.0321213752031, 0.0462706908584, 0.107846982777, 0.0563108921051, 0.0290672462434, 0.0318703129888, 0.0110179679468, 0.00535260885954, 0.00467369286343, 0.00539831537753, 0.0342558771372, 0.0910708904266, 0.0574096888304, 0.0106482207775, 0.00787943229079, 0.00626414781436, 0.0093310624361], "dvar": [0.0147265559062, 0.0118164932355, 0.00768756913021, 0.00819975417107, 0.00603249995038, 0.0138546349481, 0.0408580116928, 0.0285593848675, 0.0236998815089, 0.0444850102067, 0.0186588913202, 0.00218542083167, 0.00182531995233, 0.00272134854458, 0.016829771921, 0.0414006374776, 0.0221099946648, 0.0126300416887, 0.0203983206302, 0.0138824013993, 0.0207487046719, 0.0513614229858, 0.0244649797678, 0.0122700436041, 0.0153299672529, 0.00497888959944, 0.00179404625669, 0.00170652160887, 0.00193954398856, 0.0160203278065, 0.0487815178931, 0.0282561387867, 0.00417778966948, 0.00283558201045, 0.00218514865264, 0.00398618075997], "dmean": [0.0530134923756, 0.0428671687841, 0.0278684366494, 0.0284717772156, 0.0281827840954, 0.0780389234424, 0.142215937376, 0.122434020042, 0.119668014348, 0.147633597255, 0.0969988182187, 0.0162225067616, 0.00681396434084, 0.0156546719372, 0.0973069369793, 0.148541092873, 0.103348441422, 0.050353076309, 0.0550353750587, 0.0575972832739, 0.115504696965, 0.166784748435, 0.125553756952, 0.0537789613008, 0.0483031794429, 0.0269766543061, 0.0125270783901, 0.0153364185244, 0.0206071063876, 0.109969556332, 0.191517159343, 0.14952814579, 0.0346477851272, 0.015842884779, 0.0144252004102, 0.0299110561609], "max": [1, 1, 1, 1, 1, 1, 1, 1, 1, 1, 1, 0.657662153244, 0.964934110641, 0.927653729916, 1, 1, 1, 1, 1, 1, 1, 1, 1, 1, 1, 1, 1, 0.550004065037, 0.921859920025, 1, 1, 1, 0.967195749283, 0.910996735096, 1, 1], "var": [0.0273175537586, 0.0172832049429, 0.00874229799956, 0.0130374236032, 0.0106163443998, 0.0305034033954, 0.0991139933467, 0.0588503554463, 0.0628940984607, 0.141698300838, 0.0464682616293, 0.00160432432313, 0.00101773778442, 0.00166935310699, 0.048023596406, 0.129450172186, 0.0421847067773, 0.0245137754828, 0.0675073117018, 0.030132682994, 0.0494639165699, 0.147538870573, 0.0581882409751, 0.0226705912501, 0.04256304726, 0.0109066162258, 0.00205015507527, 0.00199524662457, 0.00194314750843, 0.0395752489567, 0.132448688149, 0.0658106356859, 0.00440365308896, 0.00247539905831, 0.00181635445915, 0.00738957663998], "mean": [0.0731398686767, 0.0537856519222, 0.0306984521449, 0.0347401425242, 0.0350961498916, 0.120709843934, 0.249529466033, 0.191494971514, 0.221279397607, 0.331075906754, 0.165750727057, 0.0137940198183, 0.00517981871963, 0.013975690119, 0.193852365017, 0.343467503786, 0.180959314108, 0.0716393142939, 0.111894197762, 0.0815695524216, 0.19877435267, 0.372316479683, 0.221856117249, 0.0733932033181, 0.0813228562474, 0.0404553972185, 0.0144692575559, 0.0197997000068, 0.0238942634314, 0.198003381491, 0.421981960535, 0.266900807619, 0.038762435317, 0.0166787784547, 0.0157573670149, 0.0403970517218]}, "tuning_equal_tempered_deviation": 0.0100534586236, "chords_changes_rate": 0.0392503552139, "key_key": "C", "tuning_diatonic_strength": 0.575646400452, "key_scale": "major", "chords_number_rate": 0.00247524748556, "tuning_frequency": 439.491973877, "tuning_nontempered_energy_ratio": 0.616995811462, "chords_histogram": [50.7425727844, 21.2517681122, 1.59123051167, 0, 0, 0, 0, 0, 1.66195189953, 0, 0, 0, 0, 0, 0, 0.0707213580608, 0, 18.1046676636, 1.80339467525, 0.141442716122, 0, 0, 0, 4.63224887848], "key_strength": 0.817565619946, "chords_key": "C", "chords_strength": {"dmean2": 0.0063327755779, "median": 0.55397105217, "min": 0.35209736228, "dvar2": 3.36389493896e-05, "dvar": 3.11910807795e-05, "dmean": 0.00742172030732, "max": 0.705857932568, "var": 0.00464374339208, "mean": 0.548405766487}, "chords_scale": "major", "hpcp_entropy": {"dmean2": 0.935635328293, "median": 1.6964058876, "min": 0, "dvar2": 0.592709481716, "dvar": 0.238237723708, "dmean": 0.556848347187, "max": 3.94691705704, "var": 0.437543541193, "mean": 1.6524143219}}, "metadata": {"audio_properties": {"equal_loudness": 0, "codec": "flac", "downmix": "mix", "sample_rate": 96000, "analysis_sample_rate": 44100, "bit_rate": 0, "md5_encoded": "175efdba04dd966bf62aa794bb1d1ea9", "length": 131.252563477, "replay_gain": -7.36352157593, "lossless": true}, "version": {"essentia_build_sha": "70f2e5ece6736b2c40cc944ad0e695b16b925413", "essentia": "2.1-beta2", "extractor": "music 1.0", "essentia_git_sha": "v2.1_beta2"}, "tags": {"title": ["Bloody and Blunt"], "barcode": ["088561814328"], "media": ["CD"], "albumartist": ["Harold Budd / Simon Raymonde / Robin Guthrie / Elizabeth Fraser"], "tracktotal": ["8"], "language": ["eng"], "performer": ["Richard Thomas (drums)"], "releasetype": ["album"], "musicbrainz_recordingid": ["0e5121e5-8859-499e-90f8-5008877c57b3"], "musicbrainz_releasegroupid": ["6f7f19e2-e75e-3697-affe-9d56bfc34750"], "musicbrainz_albumartistid": ["5c864a6f-146e-4225-986d-3295ce90f784", "54cf21b1-9a02-4a75-a029-3a66db21c545", "47d7b25e-585b-4c97-b98b-411b21a53379", "0bf0cabe-def2-4113-8dc5-6e721b9c3a92"], "musicbrainz_releasetrackid": ["80afcca3-2eba-3efb-8c49-21ac87b4c583"], "discnumber": ["1"], "catalognumber": ["88561-8143-2"], "releasecountry": ["US"], "file_name": "1-07 Bloody and Blunt.flac", "originaldate": ["1986-11-10"], "date": ["1986"], "genre": ["Ethereal"], "musicbrainz_albumid": ["601ff3d9-9ba9-37dc-a430-f0e68e22374d"], "disctotal": ["1"], "musicbrainz_artistid": ["5c864a6f-146e-4225-986d-3295ce90f784", "54cf21b1-9a02-4a75-a029-3a66db21c545", "47d7b25e-585b-4c97-b98b-411b21a53379", "0bf0cabe-def2-4113-8dc5-6e721b9c3a92"], "asin": ["B000008U3U", "http://www.amazon.com/gp/product/B000008U3U"], "grouping": ["Electronic"], "artist": ["Harold Budd / Simon Raymonde / Robin Guthrie / Elizabeth Fraser"], "tracknumber": ["7"], "artistsort": ["Budd, Harold / Raymonde, Simon / Guthrie, Robin / Fraser, Elizabeth"], "album": ["The Moon and the Melodies"], "label": ["Relativity Records"], "albumartistsort": ["Budd, Harold / Raymonde, Simon / Guthrie, Robin / Fraser, Elizabeth"], "totaldiscs": ["1"], "script": ["Latn"], "releasestatus": ["official"]}}, "rhythm": {"bpm_histogram_first_peak_bpm": {"dmean2": 0, "median": 98, "min": 98, "dvar2": 0, "dvar": 0, "dmean": 0, "max": 98, "var": 0, "mean": 98}, "bpm": 97.0873031616, "bpm_histogram_second_peak_spread": {"dmean2": 0, "median": 0, "min": 0, "dvar2": 0, "dvar": 0, "dmean": 0, "max": 0, "var": 0, "mean": 0}, "bpm_histogram_first_peak_weight": {"dmean2": 0, "median": 0.633333325386, "min": 0.633333325386, "dvar2": 0, "dvar": 0, "dmean": 0, "max": 0.633333325386, "var": 0, "mean": 0.633333325386}, "onset_rate": 2.12532544136, "beats_position": [0.626938760281, 1.27709746361, 1.91564619541, 2.55419492722, 3.1811337471, 3.8196823597, 4.46984100342, 5.11999988556, 5.75854873657, 6.38548755646, 7.00081634521, 7.61614513397, 8.23147392273, 8.85841274261, 9.47374153137, 10.1006803513, 10.71600914, 11.3313379288, 11.9582767487, 12.5852155685, 13.1889343262, 13.8042631149, 14.4195919037, 15.0233106613, 15.6270294189, 16.2539672852, 16.8809070587, 17.4962348938, 18.1231746674, 18.7501125336, 19.365442276, 19.9923801422, 20.5960998535, 21.2114276886, 21.8383674622, 22.4536952972, 23.0806350708, 23.6959629059, 24.3112926483, 24.9382305145, 25.553560257, 26.168888092, 26.7726078033, 27.3995456696, 28.0032653809, 28.6185932159, 29.2223129272, 29.8376407623, 30.4529705048, 31.0682983398, 31.6952381134, 32.322177887, 32.9491157532, 33.5644454956, 34.1797714233, 34.8067131042, 35.422039032, 36.0373687744, 36.6410865784, 37.2564163208, 37.883354187, 38.4986839294, 39.1256217957, 39.7293434143, 40.344669342, 40.9716110229, 41.5753288269, 42.1790466309, 42.7943763733, 43.4097061157, 44.0250320435, 44.6519737244, 45.2789115906, 45.894241333, 46.5095672607, 47.1248970032, 47.7402267456, 48.3671646118, 48.994102478, 49.6210403442, 50.2363700867, 50.8284797668, 51.4438095093, 52.0591392517, 52.6744651794, 53.2897949219, 53.9051246643, 54.5204544067, 55.1241722107, 55.7511100769, 56.3780479431, 56.9933776855, 57.608707428, 58.2356452942, 58.8625831604, 59.4663009644, 60.0816307068, 60.6969604492, 61.3238983154, 61.9508361816, 62.5545578003, 63.1582756042, 63.7619934082, 64.4005432129, 65.0274810791, 65.6428070068, 66.258140564, 66.8734664917, 67.4888000488, 68.1041259766, 68.7078475952, 69.3115615845, 69.9384994507, 70.5654373169, 71.1923828125, 71.8077087402, 72.423034668, 73.0383682251, 73.6536941528, 74.2690200806, 74.8843536377, 75.4996795654, 76.1150131226, 76.7419509888, 77.3572769165, 77.9726028442, 78.5995483398, 79.2264862061, 79.8534240723, 80.46875, 81.0840835571, 81.6994094849, 82.3147354126, 82.9184570312, 83.5221786499, 84.1258926392, 84.7412261963, 85.356552124, 85.9951019287, 86.6104278564, 87.2373657227, 87.8526992798, 88.4680252075, 89.0717468262, 89.6870727539, 90.3023986816, 90.9061203003, 91.5098419189, 92.1135559082, 92.7404937744, 93.36743927, 93.9943771362, 94.6213150024, 95.2366409302, 95.8519744873, 96.4789123535, 97.1058502197, 97.7327880859, 98.3597259521, 98.9634475708, 99.5787734985, 100.194099426, 100.809432983, 101.424758911, 102.040092468, 102.655418396, 103.282356262, 103.909294128, 104.524627686, 105.139953613, 105.755279541, 106.370613098, 106.974327087, 107.589660645, 108.204986572, 108.8203125, 109.424034119, 110.050971985, 110.666305542, 111.293243408, 111.908569336, 112.523895264, 113.15083313, 113.766166687, 114.381492615, 115.008430481, 115.635368347, 116.250701904, 116.866027832, 117.481361389, 118.096687317, 118.712013245, 119.338951111, 119.965896606, 120.581222534, 121.196548462, 121.811882019, 122.427207947, 123.042533875, 123.646255493, 124.249977112, 124.853691101, 125.469024658, 126.095962524, 126.722900391, 127.349838257, 127.976776123, 128.615325928, 129.253875732, 129.892425537, 130.530975342], "beats_loudness": {"dmean2": 0.0308811217546, "median": 0.0288775935769, "min": 3.22858113577e-08, "dvar2": 0.000710862805136, "dvar": 0.000296442158287, "dmean": 0.018085854128, "max": 0.131193131208, "var": 0.000370304333046, "mean": 0.0317352004349}, "danceability": 1.15239310265, "bpm_histogram_second_peak_weight": {"dmean2": 0, "median": 0.0142857143655, "min": 0.0142857143655, "dvar2": 0, "dvar": 0, "dmean": 0, "max": 0.0142857143655, "var": 0, "mean": 0.0142857143655}, "beats_count": 211, "bpm_histogram_second_peak_bpm": {"dmean2": 0, "median": 92, "min": 92, "dvar2": 0, "dvar": 0, "dmean": 0, "max": 92, "var": 0, "mean": 92}, "bpm_histogram_first_peak_spread": {"dmean2": 0, "median": 0.357487976551, "min": 0.357487976551, "dvar2": 0, "dvar": 0, "dmean": 0, "max": 0.357487976551, "var": 0, "mean": 0.357487976551}, "beats_loudness_band_ratio": {"dmean2": [0.103660866618, 0.440398186445, 0.386617839336, 0.0606993287802, 0.0737101659179, 0.0448379144073], "median": [0.0181738566607, 0.541949033737, 0.358736783266, 0.0294502917677, 0.0415511578321, 0.0168168768287], "min": [0.000179797192686, 0.00791001040488, 0.00377016188577, 0.00275927176699, 0.00467907637358, 0.000640278565697], "dvar2": [0.0224663522094, 0.102418035269, 0.0757436305285, 0.00474510714412, 0.00613716291264, 0.00279065244831], "dvar": [0.0110954688862, 0.0403421930969, 0.0272101648152, 0.00189618871082, 0.00228395569138, 0.0010959841311], "dmean": [0.062220081687, 0.258093178272, 0.227283149958, 0.0354444310069, 0.0422596894205, 0.0266652442515], "max": [0.912166297436, 0.949686646461, 0.902622997761, 0.331911623478, 0.265905499458, 0.258933693171], "var": [0.0158042758703, 0.0634928494692, 0.0491363480687, 0.0017920274986, 0.00211646058597, 0.00148528150748], "mean": [0.0653120204806, 0.523132026196, 0.381775408983, 0.0407777763903, 0.0548580735922, 0.0310092754662]}}, "lowlevel": {"barkbands_spread": {"dmean2": 5.60933589935, "median": 9.72721481323, "min": 0.88762140274, "dvar2": 59.3646430969, "dvar": 22.3834095001, "dmean": 3.50968694687, "max": 112.205871582, "var": 121.756668091, "mean": 12.1957025528}, "melbands_spread": {"dmean2": 6.32780790329, "median": 10.0570716858, "min": 0.886419773102, "dvar2": 65.7749633789, "dvar": 25.9203605652, "dmean": 3.99381995201, "max": 116.37286377, "var": 94.6059875488, "mean": 12.6180744171}, "hfc": {"dmean2": 4.54752016068, "median": 12.156785965, "min": 3.02504440697e-06, "dvar2": 22.5915279388, "dvar": 10.60115242, "dmean": 3.12999629974, "max": 60.2599906921, "var": 56.3571624756, "mean": 13.2802715302}, "barkbands_kurtosis": {"dmean2": 5.96303844452, "median": 5.12629842758, "min": -1.75700891018, "dvar2": 73.9991073608, "dvar": 27.9305095673, "dmean": 3.73545503616, "max": 166.25692749, "var": 70.921661377, "mean": 7.26497554779}, "gfcc": {"mean": [-96.0797348022, 127.079719543, -166.989227295, 0.20731587708, -71.9835891724, -64.2161560059, -50.095249176, -7.24753427505, -24.3951263428, -10.3164367676, -13.1147193909, -8.97592735291, -10.46737957], "icov": [[0.00035452056909, -0.00115567178, 0.00069605599856, -0.000757293368224, 0.00140534772072, -0.000411881017499, 0.00116042094305, -0.00133870006539, 0.000996295944788, -0.00133623240981, 0.000709098763764, -0.000946345506236, 0.000343472143868], [-0.00115567178, 0.00818384997547, -0.00200417847373, 0.00258002639748, -0.00824555475265, 0.00570319965482, -0.00721831992269, 0.00553786149248, -0.0040378049016, 0.00742370961234, -0.00533110881224, 0.00745440972969, -0.00199665524997], [0.00069605599856, -0.00200417847373, 0.00494993757457, -0.00273783016019, 0.000837725994643, -0.00192734634038, 0.00338346557692, -0.00476476876065, 0.00338918878697, -0.00416212622076, 0.000843755609822, -0.00185501843225, -0.000340246187989], [-0.000757293368224, 0.00258002639748, -0.00273783016019, 0.00688455440104, -0.00287701562047, -0.000607800146099, -0.00342704565264, 0.00532014574856, -0.00463594682515, 0.00313068088144, 0.000512028578669, -0.000191036713659, 0.00182677735575], [0.00140534772072, -0.00824555475265, 0.000837725994643, -0.00287701562047, 0.0135085871443, -0.00540888123214, 0.00670005567372, -0.00614366447553, 0.00459664640948, -0.00711776129901, 0.00350440177135, -0.00533953262493, 0.00301336147822], [-0.000411881017499, 0.00570319965482, -0.00192734634038, -0.000607800146099, -0.00540888123214, 0.0130398897454, -0.00928943231702, 0.00175124045927, 0.00439031841233, -0.00200836500153, 0.00251266383566, 0.00100871897303, 0.000395868730266], [0.00116042094305, -0.00721831992269, 0.00338346557692, -0.00342704565264, 0.00670005567372, -0.00928943231702, 0.0184149835259, -0.00767385121435, -0.000366267486243, -0.00155325245578, 0.00191196647938, -0.00342460325919, 0.000651358161122], [-0.00133870006539, 0.00553786149248, -0.00476476876065, 0.00532014574856, -0.00614366447553, 0.00175124045927, -0.00767385121435, 0.0155937420204, -0.00923521071672, 0.00741431349888, -0.00133068289142, 0.001851462177, 0.00306203169748], [0.000996295944788, -0.0040378049016, 0.00338918878697, -0.00463594682515, 0.00459664640948, 0.00439031841233, -0.000366267486243, -0.00923521071672, 0.0229550115764, -0.0168998334557, 0.0090836295858, -0.0019172988832, -0.00157691352069], [-0.00133623240981, 0.00742370961234, -0.00416212622076, 0.00313068088144, -0.00711776129901, -0.00200836500153, -0.00155325245578, 0.00741431349888, -0.0168998334557, 0.0281051564962, -0.0158056914806, 0.0110533516854, -0.00114917499013], [0.000709098763764, -0.00533110881224, 0.000843755609822, 0.000512028578669, 0.00350440177135, 0.00251266383566, 0.00191196647938, -0.00133068289142, 0.0090836295858, -0.0158056914806, 0.0271590743214, -0.018000556156, 0.00888191815466], [-0.000946345506236, 0.00745440972969, -0.00185501843225, -0.000191036713659, -0.00533953262493, 0.00100871897303, -0.00342460325919, 0.001851462177, -0.0019172988832, 0.0110533516854, -0.018000556156, 0.0300926528871, -0.0138133699074], [0.000343472143868, -0.00199665524997, -0.000340246187989, 0.00182677735575, 0.00301336147822, 0.000395868730266, 0.000651358161122, 0.00306203169748, -0.00157691352069, -0.00114917499013, 0.00888191815466, -0.0138133699074, 0.0179939195514]], "cov": [[10651.0507812, 1396.57739258, -1602.50976562, -270.578063965, -773.043151855, -1034.28063965, -194.274703979, -77.7733078003, 129.879302979, -192.487289429, -0.529025316238, -150.210342407, 5.34409952164], [1396.57739258, 1167.59362793, -387.524719238, -250.28692627, 138.544433594, -485.603088379, 19.8015365601, -88.099937439, 55.1236839294, -130.947677612, 39.0053443909, -156.62008667, -20.2774791718], [-1602.50976562, -387.524719238, 791.452758789, 258.585449219, 255.335021973, 388.061523438, 39.8091125488, 154.270889282, -33.7566452026, 135.31098938, 18.4848098755, 52.276424408, -65.998840332], [-270.578063965, -250.28692627, 258.585449219, 360.281951904, 67.7992248535, 231.412322998, 59.2825927734, 35.0304107666, 15.6432781219, 60.6550674438, -31.7881298065, 21.1576709747, -41.669303894], [-773.043151855, 138.544433594, 255.335021973, 67.7992248535, 321.483184814, 115.403633118, 34.5208129883, 60.6028823853, -8.87205886841, 46.6823921204, 22.7240867615, -24.1513195038, -67.4174957275], [-1034.28063965, -485.603088379, 388.061523438, 231.412322998, 115.403633118, 461.586547852, 99.2658309937, 99.1968841553, -42.8453941345, 87.5026931763, -32.3500213623, 48.3088188171, -45.3647460938], [-194.274703979, 19.8015365601, 39.8091125488, 59.2825927734, 34.5208129883, 99.2658309937, 141.166259766, 59.3269577026, 24.8804168701, -2.67275047302, -28.4206619263, -16.0361557007, -18.8028907776], [-77.7733078003, -88.099937439, 154.270889282, 35.0304107666, 60.6028823853, 99.1968841553, 59.3269577026, 185.820587158, 45.4415245056, 33.6594085693, -20.6524906158, -11.9381189346, -47.8688316345], [129.879302979, 55.1236839294, -33.7566452026, 15.6432781219, -8.87205886841, -42.8453941345, 24.8804168701, 45.4415245056, 122.334526062, 43.5444602966, -24.4668178558, -38.5243530273, -8.78911113739], [-192.487289429, -130.947677612, 135.31098938, 60.6550674438, 46.6823921204, 87.5026931763, -2.67275047302, 33.6594085693, 43.5444602966, 126.379005432, 29.5083255768, -4.37183713913, -35.8635749817], [-0.529025316238, 39.0053443909, 18.4848098755, -31.7881298065, 22.7240867615, -32.3500213623, -28.4206619263, -20.6524906158, -24.4668178558, 29.5083255768, 98.2280731201, 35.0424194336, -12.4802951813], [-150.210342407, -156.62008667, 52.276424408, 21.1576709747, -24.1513195038, 48.3088188171, -16.0361557007, -11.9381189346, -38.5243530273, -4.37183713913, 35.0424194336, 107.370109558, 51.3946800232], [5.34409952164, -20.2774791718, -65.998840332, -41.669303894, -67.4174957275, -45.3647460938, -18.8028907776, -47.8688316345, -8.78911113739, -35.8635749817, -12.4802951813, 51.3946800232, 119.873085022]]}, "spectral_energyband_middle_low": {"dmean2": 0.0077790915966, "median": 0.0162907391787, "min": 4.11489009533e-10, "dvar2": 0.000118644165923, "dvar": 5.22024020029e-05, "dmean": 0.00564743345603, "max": 0.147264376283, "var": 0.000250253040576, "mean": 0.0203383788466}, "melbands_crest": {"dmean2": 4.42829418182, "median": 14.4701480865, "min": 5.3304438591, "dvar2": 16.9803600311, "dvar": 6.81175994873, "dmean": 2.87943148613, "max": 39.019859314, "var": 26.4993515015, "mean": 15.2354393005}, "spectral_kurtosis": {"dmean2": 7.97468471527, "median": 6.74954509735, "min": -1.23751616478, "dvar2": 63.6865539551, "dvar": 20.5422306061, "dmean": 4.50701141357, "max": 54.2525634766, "var": 35.7491264343, "mean": 8.41612911224}, "spectral_rms": {"dmean2": 0.000767257821281, "median": 0.00431395880878, "min": 1.61271998422e-06, "dvar2": 6.97094208135e-07, "dvar": 3.18454880244e-07, "dmean": 0.00056386331562, "max": 0.0121445450932, "var": 2.81060374618e-06, "mean": 0.00441021844745}, "zerocrossingrate": {"dmean2": 0.00670263636857, "median": 0.0380859375, "min": 0.0078125, "dvar2": 6.72900132486e-05, "dvar": 4.22320517828e-05, "dmean": 0.00535649619997, "max": 0.271484375, "var": 0.000446849619038, "mean": 0.0417496860027}, "silence_rate_60dB": {"dmean2": 0.0035385703668, "median": 0, "min": 0, "dvar2": 0.00387992197648, "dvar": 0.00176590576302, "dmean": 0.00176897225901, "max": 1, "var": 0.0443513505161, "mean": 0.0465157404542}, "erbbands_kurtosis": {"dmean2": 2.21522951126, "median": -0.2231580019, "min": -1.85700464249, "dvar2": 7.77174139023, "dvar": 3.1939740181, "dmean": 1.37657856941, "max": 28.2985248566, "var": 7.66285276413, "mean": 0.698181927204}, "erbbands": {"dmean2": [0.000679810356814, 0.00461057806388, 0.0660469681025, 0.28835234046, 1.18777310848, 4.87897491455, 33.6662254333, 26.6089458466, 19.4013881683, 62.6163368225, 25.5597801208, 38.6199836731, 10.1556549072, 6.86647415161, 8.2771062851, 4.40728521347, 5.9817109108, 7.10410785675, 3.44268202782, 32.6264801025, 10.8384037018, 16.1018390656, 15.3783588409, 13.3797855377, 15.3122825623, 3.9730155468, 0.654264450073, 0.841605365276, 0.1862270087, 0.0934408158064, 0.0604553073645, 0.0188607685268, 0.0149411503226, 0.012409822084, 0.00527975615114, 0.00239754421636, 0.000966518709902, 0.000219382956857, 3.9739170461e-05, 9.97166989691e-06], "median": [3.36668308591e-05, 0.000673210714012, 0.0178737342358, 0.169037312269, 1.34998643398, 5.0451335907, 23.2183952332, 32.0314559937, 24.5094413757, 34.0909538269, 28.3275985718, 21.2907924652, 6.31403112411, 4.20635700226, 4.12123012543, 1.94286298752, 2.1256570816, 3.35079479218, 2.34414935112, 12.6085357666, 6.47308492661, 9.30227375031, 10.1362123489, 10.1965198517, 9.25789070129, 3.3587269783, 0.739882290363, 0.347484499216, 0.167687028646, 0.0633334517479, 0.0351901128888, 0.00826273486018, 0.00351808802225, 0.00164832174778, 0.000882794265635, 0.000438353046775, 0.00016851228429, 4.38091738033e-05, 1.72183026734e-05, 2.32370330195e-05], "min": [2.2940623623e-08, 2.22270095662e-08, 1.14956066e-07, 2.59008913872e-07, 2.57228833789e-07, 6.22473123713e-07, 1.90724961158e-07, 2.2516879028e-07, 4.39970023081e-07, 4.55304359548e-07, 3.09625647787e-07, 3.44009237097e-07, 7.0852462386e-07, 9.87627913673e-07, 9.40062250265e-07, 9.67569121713e-07, 1.02137357771e-06, 5.7755215721e-07, 1.60809463523e-06, 5.29113947323e-07, 5.69391318095e-07, 8.27422297789e-07, 4.22721996074e-07, 3.6792124547e-07, 1.37773258757e-06, 2.06080153475e-06, 1.18209504762e-06, 1.40899317103e-06, 5.49518802018e-07, 5.18629860835e-07, 9.10341384497e-07, 8.94327854439e-07, 6.97295831742e-07, 5.55011411052e-07, 2.93717874911e-07, 1.74147217535e-07, 1.33122043167e-07, 2.27002523445e-08, 3.07417025169e-09, 2.08175462979e-10], "dvar2": [1.82070543815e-05, 0.000456179317553, 0.0917929336429, 1.09077429771, 8.92837238312, 57.596244812, 6787.66943359, 2292.63549805, 1310.7845459, 11478.7851562, 1541.77905273, 4334.82324219, 443.748199463, 174.800598145, 195.652099609, 103.33972168, 186.219589233, 150.037780762, 33.2441711426, 2514.6159668, 282.819641113, 615.248168945, 741.947570801, 517.863220215, 721.020324707, 33.188419342, 0.925115287304, 2.63415908813, 0.172034859657, 0.0400108732283, 0.0198318194598, 0.00617549894378, 0.00476347282529, 0.0041934279725, 0.000750741397496, 0.000208451237995, 3.80159508495e-05, 1.68666485933e-06, 6.2391791289e-08, 2.20106127768e-10], "dvar": [9.17535999179e-06, 0.000212701168493, 0.0675124228001, 0.633203983307, 3.11983346939, 28.6844711304, 2318.10839844, 1272.87536621, 1006.56518555, 5099.22753906, 984.937133789, 2860.08569336, 270.544219971, 101.50390625, 81.4249038696, 49.0190315247, 70.2202911377, 54.6705360413, 11.7493658066, 846.543579102, 95.1592636108, 200.103744507, 254.261947632, 193.571914673, 263.352264404, 11.6553573608, 0.329932868481, 0.871827840805, 0.0616103038192, 0.0158773455769, 0.00761420745403, 0.00217773439363, 0.00193892442621, 0.00186799396761, 0.000331756426021, 8.68731658556e-05, 1.71016254171e-05, 8.76529895777e-07, 3.35524461548e-08, 1.03472334867e-10], "dmean": [0.000467598903924, 0.00342432712205, 0.0608582310379, 0.225934460759, 0.878077328205, 3.41197299957, 22.4268913269, 20.7909297943, 17.7363491058, 42.7673454285, 20.0923614502, 30.480670929, 7.76010513306, 4.80654191971, 5.22039699554, 2.92320871353, 3.62801766396, 4.22030353546, 2.00949764252, 18.460609436, 6.19724941254, 9.10461235046, 8.81231784821, 7.92919063568, 9.22476387024, 2.33442997932, 0.38960275054, 0.483287453651, 0.110867463052, 0.0561632551253, 0.0358306393027, 0.0111951231956, 0.00964024662971, 0.00835267174989, 0.00355000118725, 0.00158975564409, 0.000666213978548, 0.000157932037837, 3.00380997942e-05, 7.24711890143e-06], "max": [0.0847456976771, 0.357307821512, 9.93254852295, 30.3009128571, 49.0481719971, 170.689254761, 1197.43115234, 884.242248535, 1115.65661621, 1556.80786133, 755.152709961, 1105.12878418, 529.516662598, 361.552032471, 175.902999878, 200.603622437, 165.471694946, 148.636901855, 107.870147705, 342.834320068, 142.356735229, 178.535736084, 314.239501953, 339.462524414, 425.558349609, 46.1772880554, 13.6065406799, 12.5147457123, 6.30929470062, 3.67406225204, 2.89490628242, 2.09239268303, 1.74550020695, 1.4322706461, 0.572047889233, 0.326756954193, 0.151751071215, 0.0272720940411, 0.0052535510622, 0.000188802761841], "var": [1.19439946502e-05, 0.000724412151612, 0.643761515617, 4.17060756683, 18.1485805511, 135.898223877, 5717.08984375, 6784.00195312, 5284.59082031, 14946.8300781, 4088.98193359, 8063.00097656, 660.846008301, 255.257049561, 139.557266235, 79.3564529419, 99.1723327637, 71.2325973511, 21.6104774475, 1084.31323242, 127.482955933, 284.160461426, 354.53414917, 286.58380127, 412.645568848, 22.7900238037, 1.05055010319, 1.93441152573, 0.17056517303, 0.0683084204793, 0.031110085547, 0.00978804193437, 0.0107437931001, 0.00710206013173, 0.00141914898995, 0.00022125079704, 3.42317725881e-05, 1.75837340066e-06, 5.76633105709e-08, 3.93045485048e-10], "mean": [0.000566121481825, 0.0080696111545, 0.226941227913, 0.765458583832, 2.85378861427, 8.78359031677, 51.1945343018, 61.1036605835, 48.4702301025, 79.3757705688, 49.1533164978, 54.1900100708, 13.3669595718, 8.57204914093, 8.09684658051, 4.46434593201, 5.15125131607, 6.137403965, 3.54637885094, 24.6738681793, 9.73179244995, 14.315615654, 15.2560453415, 14.5175361633, 15.3909912109, 4.65436410904, 1.00550663471, 0.96036106348, 0.273638039827, 0.140752151608, 0.0814931616187, 0.0303474031389, 0.0264725517482, 0.0207782275975, 0.0090370522812, 0.00368617055938, 0.00134532095399, 0.000291393167572, 5.3483476222e-05, 2.78035950032e-05]}, "spectral_strongpeak": {"dmean2": 0.697474837303, "median": 1.22155022621, "min": 0, "dvar2": 0.5941644907, "dvar": 0.257398724556, "dmean": 0.461507588625, "max": 6.3977971077, "var": 0.812094092369, "mean": 1.37064039707}, "spectral_energy": {"dmean2": 0.00795747432858, "median": 0.0190754979849, "min": 2.6658872887e-09, "dvar2": 0.000118432741147, "dvar": 5.25811883563e-05, "dmean": 0.00577833363786, "max": 0.151177227497, "var": 0.000257590116234, "mean": 0.0228170976043}, "average_loudness": 0.872061371803, "spectral_rolloff": {"dmean2": 613.861083984, "median": 667.529296875, "min": 21.533203125, "dvar2": 1428599, "dvar": 522711.65625, "dmean": 347.225708008, "max": 11714.0625, "var": 1004136.5, "mean": 985.320983887}, "spectral_centroid": {"dmean2": 306.715179443, "median": 917.586914062, "min": 275.871887207, "dvar2": 99549.5078125, "dvar": 46985.4492188, "dmean": 192.560516357, "max": 10951.1533203, "var": 224441.203125, "mean": 1027.93212891}, "pitch_salience": {"dmean2": 0.100283697248, "median": 0.527976989746, "min": 0.0487807840109, "dvar2": 0.00783060118556, "dvar": 0.00318187684752, "dmean": 0.0651522427797, "max": 0.809653460979, "var": 0.0112225124612, "mean": 0.522505700588}, "spectral_energyband_middle_high": {"dmean2": 0.00117595598567, "median": 0.00198734248988, "min": 1.94472313253e-10, "dvar2": 1.53218024934e-06, "dvar": 5.86844294048e-07, "dmean": 0.000717990798876, "max": 0.0120355449617, "var": 1.80218842161e-06, "mean": 0.00219599483535}, "spectral_contrast_coeffs": {"dmean2": [0.0668544247746, 0.0642563849688, 0.057824332267, 0.0580737255514, 0.03686664626, 0.0251245684922], "median": [-0.430836856365, -0.652871251106, -0.690124869347, -0.702308416367, -0.687362194061, -0.732118010521], "min": [-0.95672160387, -0.967549741268, -0.958134055138, -0.963976323605, -0.961873114109, -0.963202655315], "dvar2": [0.00301825022325, 0.00270485202782, 0.00210497505032, 0.00201066606678, 0.000827620679047, 0.000380116835004], "dvar": [0.00115049979649, 0.00109968148172, 0.000888979935553, 0.000721164222341, 0.000306225469103, 0.000139940108056], "dmean": [0.0412377305329, 0.0415605604649, 0.0387209430337, 0.034782666713, 0.0220268908888, 0.0150209562853], "max": [-0.198726862669, -0.387165933847, -0.477693229914, -0.542334794998, -0.567757844925, -0.628600358963], "var": [0.0104318046942, 0.00650552101433, 0.00510996393859, 0.00348541233689, 0.00250529265031, 0.00247640954331], "mean": [-0.444914162159, -0.656678795815, -0.69271916151, -0.70745831728, -0.695216298103, -0.740902483463]}, "melbands_skewness": {"dmean2": 0.97212433815, "median": 3.03451728821, "min": -0.139348760247, "dvar2": 1.01020658016, "dvar": 0.41196513176, "dmean": 0.642549216747, "max": 17.7158966064, "var": 1.7497125864, "mean": 3.26822853088}, "spectral_spread": {"dmean2": 363874.8125, "median": 2497888.25, "min": 1265636.25, "dvar2": 331750899712, "dvar": 246230319104, "dmean": 218371.390625, "max": 41564852, "var": 1598844305410.0, "mean": 2732399.75}, "dissonance": {"dmean2": 0.0369583368301, "median": 0.439286887646, "min": 0.284120559692, "dvar2": 0.00104267697316, "dvar": 0.00041160278488, "dmean": 0.0230253804475, "max": 0.500000059605, "var": 0.00118417362683, "mean": 0.434835344553}, "spectral_skewness": {"dmean2": 0.718323886395, "median": 1.53905081749, "min": -0.0389299653471, "dvar2": 0.428484797478, "dvar": 0.141094923019, "dmean": 0.412841767073, "max": 5.2749915123, "var": 0.324910998344, "mean": 1.64959144592}, "spectral_flux": {"dmean2": 0.0240640174598, "median": 0.0535300709307, "min": 8.73141834745e-05, "dvar2": 0.0006795952213, "dvar": 0.000258278596448, "dmean": 0.0145183652639, "max": 0.270840197802, "var": 0.000584270630497, "mean": 0.056146223098}, "spectral_contrast_valleys": {"dmean2": [0.755791187286, 0.440747231245, 0.45343247056, 0.362060338259, 0.276575356722, 0.296451628208], "median": [-10.111497879, -6.21463298798, -8.22662353516, -8.77486228943, -8.3354511261, -12.3045253754], "min": [-27.0668888092, -26.7451763153, -27.3669052124, -27.2458286285, -27.1980056763, -27.2330551147], "dvar2": [0.412545591593, 0.174562647939, 0.165967002511, 0.114872679114, 0.0833060070872, 0.097438827157], "dvar": [0.175224006176, 0.0904853716493, 0.090537302196, 0.0689378678799, 0.0593906901777, 0.0588635988533], "dmean": [0.454766452312, 0.276670902967, 0.288557946682, 0.225629001856, 0.181597545743, 0.18438193202], "max": [-6.82794094086, -4.70188379288, -6.58079910278, -7.44245815277, -6.9322810173, -9.2712469101], "var": [1.07665121555, 1.82324707508, 1.25098228455, 1.0099799633, 1.02007269859, 0.809366345406], "mean": [-10.0998258591, -6.47509241104, -8.42082977295, -8.95123386383, -8.53526592255, -12.2510089874]}, "erbbands_flatness_db": {"dmean2": 0.0208185743541, "median": 0.276042670012, "min": 0.0381101183593, "dvar2": 0.000330800976371, "dvar": 0.000155457732035, "dmean": 0.0143620539457, "max": 0.419688284397, "var": 0.00302282208577, "mean": 0.270414531231}, "spectral_energyband_high": {"dmean2": 3.34571086569e-05, "median": 3.20477265632e-05, "min": 2.68352229327e-10, "dvar2": 2.82019563258e-09, "dvar": 1.00768871025e-09, "dmean": 1.97620920517e-05, "max": 0.000663428974804, "var": 4.31970903492e-09, "mean": 5.57352395845e-05}, "spectral_entropy": {"dmean2": 0.176500543952, "median": 6.69748401642, "min": 5.35087203979, "dvar2": 0.0263727605343, "dvar": 0.0117072742432, "dmean": 0.120304279029, "max": 9.81070137024, "var": 0.191344872117, "mean": 6.71789264679}, "silence_rate_20dB": {"dmean2": 0, "median": 1, "min": 1, "dvar2": 0, "dvar": 0, "dmean": 0, "max": 1, "var": 0, "mean": 1}, "melbands_flatness_db": {"dmean2": 0.0302031338215, "median": 0.292698264122, "min": 0.0536644682288, "dvar2": 0.000720220792573, "dvar": 0.000306667847326, "dmean": 0.0205183029175, "max": 0.512967467308, "var": 0.00392181845382, "mean": 0.291246712208}, "barkbands": {"dmean2": [1.00930208191e-06, 1.81161376531e-05, 9.20319653233e-05, 0.000129783802549, 0.00153302541003, 0.00434235064313, 0.00171014072839, 0.00218065315858, 0.00151407707017, 0.000280161941191, 0.000274661753792, 8.02226859378e-05, 0.00012244102254, 0.000131171007524, 0.000378354336135, 0.000246686569881, 0.000354866322596, 0.000284027046291, 0.000344489497365, 7.15370406397e-05, 2.02005940082e-05, 4.90777028972e-06, 2.097794777e-06, 8.12414896245e-07, 8.79254798747e-07, 5.00574230955e-07, 1.92838527369e-07], "median": [4.98656902437e-08, 4.70853137813e-07, 1.95639731828e-05, 6.39900317765e-05, 0.0017098474782, 0.00490609649569, 0.0016805336345, 0.00126861268654, 0.000770881946664, 0.000135584763484, 0.000127801817143, 2.48497817665e-05, 3.63186118193e-05, 5.58135070605e-05, 0.000132696470246, 0.000103293248685, 0.000182643154403, 0.000165007921169, 0.000210695929127, 5.35722865607e-05, 1.34437214001e-05, 4.13844190916e-06, 1.10601672532e-06, 2.74764630603e-07, 1.30423501332e-07, 9.02066545905e-08, 3.06788692228e-08], "min": [7.26353283076e-11, 3.21743603982e-10, 2.83067267542e-11, 7.16396109102e-11, 1.7852122558e-10, 2.00446950704e-11, 3.05381206434e-11, 1.895982156e-11, 1.2767130235e-11, 3.30020212547e-11, 2.58022422872e-11, 2.01976907421e-11, 1.98121675316e-11, 1.50404497884e-11, 2.450970156e-11, 5.52241022009e-12, 1.75530683738e-11, 6.91353528245e-12, 2.02296200624e-11, 3.36837537029e-11, 3.43554282245e-11, 1.62766120027e-11, 2.85069415989e-11, 4.23891338697e-11, 4.3564225144e-11, 5.45987491329e-11, 2.02892737333e-11], "dvar2": [3.56624972608e-11, 9.85200632186e-09, 2.04270165227e-07, 1.48835667346e-07, 5.54532152819e-06, 7.63705684221e-05, 6.53079223412e-06, 1.29697164084e-05, 6.34199614069e-06, 3.22371903394e-07, 2.06256316915e-07, 3.96368875499e-08, 7.88111833572e-08, 5.14577145339e-08, 3.60405891797e-07, 1.4686483496e-07, 2.69160892685e-07, 2.31164349884e-07, 3.48399225913e-07, 1.18879981414e-08, 1.08517506092e-09, 1.27482524537e-10, 2.37778598894e-11, 1.34601080282e-11, 2.02903718133e-11, 1.03098909618e-11, 1.45959915161e-12], "dvar": [1.96440849698e-11, 4.85794071636e-09, 1.54854902235e-07, 5.65650459805e-08, 2.49036429523e-06, 3.20741237374e-05, 3.53916493623e-06, 7.34757668397e-06, 4.16952798332e-06, 1.98463652623e-07, 8.77353869555e-08, 1.89227193914e-08, 2.94321171879e-08, 1.87403479401e-08, 1.21277579979e-07, 4.9824727455e-08, 8.92880080983e-08, 7.94865897547e-08, 1.30976715695e-07, 4.11920053622e-09, 3.62828767031e-10, 4.56519336223e-11, 9.43767286543e-12, 5.02930553106e-12, 9.68207632124e-12, 4.5396451355e-12, 7.90531594179e-13], "dmean": [7.04525689343e-07, 1.24170865092e-05, 8.72516393429e-05, 8.67080307216e-05, 0.00105349603109, 0.00319328298792, 0.00127341540065, 0.00158514047507, 0.00119896128308, 0.000211116872379, 0.00017530117475, 5.35546896572e-05, 7.42015108699e-05, 7.79104375397e-05, 0.000212986196857, 0.000141684853588, 0.000200463502551, 0.000163430318935, 0.000208047174965, 4.16778493673e-05, 1.17357185445e-05, 2.91132846542e-06, 1.25212397961e-06, 5.05585319388e-07, 6.08975028626e-07, 3.46345160551e-07, 1.43701072375e-07], "max": [0.000106625157059, 0.00184172240552, 0.0154450675473, 0.00631909910589, 0.0326459109783, 0.123393245041, 0.0434645265341, 0.0808937996626, 0.0422309711576, 0.0136016644537, 0.0055809635669, 0.00392515026033, 0.00319658010267, 0.00278775230981, 0.00443604774773, 0.00320264487527, 0.00421712640673, 0.00560995656997, 0.00869460683316, 0.00134205725044, 0.000242664536927, 0.000198502151761, 9.53969356488e-05, 9.77990130195e-05, 0.000112302288471, 7.92365972302e-05, 2.21363625315e-05], "var": [3.08447711816e-11, 7.62001128862e-09, 1.42576300277e-06, 2.48204486297e-07, 1.14079721243e-05, 0.000118761716294, 1.2204781342e-05, 3.21878869727e-05, 1.21409402709e-05, 4.96037671383e-07, 1.55700789151e-07, 3.01181835027e-08, 4.17769463468e-08, 2.46514897384e-08, 1.48333654693e-07, 5.86111355005e-08, 1.1684899448e-07, 1.19061610349e-07, 2.09471650692e-07, 7.1997590112e-09, 8.72067418278e-10, 1.30612895499e-10, 4.07389365298e-11, 2.70242803829e-11, 4.56016266415e-11, 9.72557364504e-12, 1.38899200301e-12], "mean": [8.36576475649e-07, 1.67064099514e-05, 0.000324628199451, 0.000237892614678, 0.0028467848897, 0.00874754786491, 0.00287635903805, 0.00329710100777, 0.00209216657095, 0.000347800960299, 0.000263190013357, 7.48434031266e-05, 0.000100113094959, 0.000108746251499, 0.000271736673312, 0.00018023532175, 0.000290904456051, 0.000271281372989, 0.000352397037204, 7.77276654844e-05, 2.43592476181e-05, 6.88428644935e-06, 2.87690045297e-06, 1.41832981626e-06, 1.63140714449e-06, 7.48502202441e-07, 2.19646139499e-07]}, "erbbands_skewness": {"dmean2": 0.709184229374, "median": 0.988220572472, "min": -1.65636432171, "dvar2": 0.337329059839, "dvar": 0.134651973844, "dmean": 0.45074531436, "max": 4.9875497818, "var": 0.67343878746, "mean": 1.02466964722}, "erbbands_spread": {"dmean2": 10.0723390579, "median": 30.9868354797, "min": 3.77577400208, "dvar2": 73.943977356, "dvar": 29.5256557465, "dmean": 6.40854215622, "max": 112.332679749, "var": 153.110748291, "mean": 31.4335727692}, "melbands_kurtosis": {"dmean2": 10.8376731873, "median": 13.2726039886, "min": -1.29844629765, "dvar2": 301.64630127, "dvar": 117.960571289, "dmean": 6.93768644333, "max": 373.680206299, "var": 273.973236084, "mean": 17.4742698669}, "melbands": {"dmean2": [5.29392445969e-06, 2.52504269156e-05, 7.1038833994e-05, 0.000160964365932, 0.000935110903811, 0.000660323712509, 0.000285822927253, 0.000671085901558, 0