{"metadata": {"tags": {"album": ["Binocular"], "albumartist": ["Binocular"], "musicbrainz_recordingid": ["0e5221b5-cba1-4b0f-9267-5ba86b1e43ff"], "artist": ["Binocular"], "date": ["2001"], "tracknumber": ["2"], "title": ["02 - Never"], "file_name": "340141.mp3"}, "audio_properties": {"sample_rate": 44100, "downmix": "mix", "lossless": false, "analysis_sample_rate": 44100, "md5_encoded": "a5282d8b927438c9d9969e0aefba1a43", "equal_loudness": 0, "replay_gain": -14.5312271118, "codec": "mp3", "bit_rate": 192000, "length": 243.565719604}, "version": {"extractor": "music 1.0", "essentia_build_sha": "70f2e5ece6736b2c40cc944ad0e695b16b925413", "essentia_git_sha": "v2.1_beta2", "essentia": "2.1-beta2"}}, "rhythm": {"beats_loudness_band_ratio": {"dvar2": [0.139844655991, 0.0473096482456, 0.0435661450028, 0.0193262659013, 0.0161431021988, 0.021427994594], "var": [0.074640288949, 0.0201232414693, 0.017635570839, 0.00558270001784, 0.0105433417484, 0.00972916651517], "min": [0.000561205379199, 0.00470305653289, 0.000538480933756, 7.5118937275e-06, 3.66109679817e-06, 1.0193262824e-05], "dmean": [0.309240758419, 0.157355323434, 0.128040120006, 0.0531599521637, 0.068704277277, 0.0878591015935], "mean": [0.49390488863, 0.170493304729, 0.129933878779, 0.0496691428125, 0.0905281156301, 0.091271020472], "max": [0.994505465031, 0.828144550323, 0.772690594196, 0.660673797131, 0.732297003269, 0.932140469551], "dmean2": [0.583894491196, 0.291761308908, 0.229378476739, 0.0976097434759, 0.118154272437, 0.163281917572], "median": [0.484471917152, 0.1375118047, 0.08423165977, 0.0275093894452, 0.0583228096366, 0.0769098773599], "dvar": [0.0471165403724, 0.0162685979158, 0.0154729457572, 0.00719145126641, 0.00673530623317, 0.0090163834393]}, "bpm_histogram_first_peak_weight": {"dvar2": 0, "var": 0, "min": 0.651851892471, "dmean": 0, "mean": 0.651851892471, "max": 0.651851892471, "dmean2": 0, "median": 0.651851892471, "dvar": 0}, "bpm": 99.9918365479, "beats_count": 406, "bpm_histogram_first_peak_spread": {"dvar2": 0, "var": 0, "min": 0.321336686611, "dmean": 0, "mean": 0.321336686611, "max": 0.321336686611, "dmean2": 0, "median": 0.321336686611, "dvar": 0}, "danceability": 1.17423307896, "bpm_histogram_first_peak_bpm": {"dvar2": 0, "var": 0, "min": 99, "dmean": 0, "mean": 99, "max": 99, "dmean2": 0, "median": 99, "dvar": 0}, "beats_position": [0.53405892849, 1.09133780003, 1.64861679077, 2.21750569344, 2.79800438881, 3.39011335373, 3.98222208023, 4.57433080673, 5.17804956436, 5.78176879883, 6.38548755646, 6.98920631409, 7.59292507172, 8.19664382935, 8.78875255585, 9.38086128235, 9.98458003998, 10.5882987976, 11.1804075241, 11.7725172043, 12.3762359619, 12.9799547195, 13.5836734772, 14.1873922348, 14.7911109924, 15.3832197189, 15.9869384766, 16.5790481567, 17.1827659607, 17.7748756409, 18.3669834137, 18.970703125, 19.574420929, 20.1781406403, 20.7818584442, 21.3855781555, 21.9892959595, 22.5930156708, 23.1851234436, 23.7772331238, 24.3809528351, 24.984670639, 25.5883903503, 26.1921081543, 26.7958278656, 27.3879356384, 27.9800453186, 28.5837631226, 29.1874828339, 29.7912006378, 30.383310318, 30.9754180908, 31.5791378021, 32.1828575134, 32.7865753174, 33.3902931213, 33.9824028015, 34.5861206055, 35.1782302856, 35.7819480896, 36.3856697083, 36.9893875122, 37.5931053162, 38.1852149963, 38.7773246765, 39.3810424805, 39.9847602844, 40.5884780884, 41.192199707, 41.7843093872, 42.3764152527, 42.9801368713, 43.5838546753, 44.1875724792, 44.7912902832, 45.3833999634, 45.9755096436, 46.5792274475, 47.1829452515, 47.7866668701, 48.3903846741, 48.994102478, 49.5862121582, 50.1783218384, 50.7820396423, 51.3857574463, 51.9894790649, 52.5931968689, 53.1969146729, 53.789024353, 54.3811340332, 54.9848518372, 55.5885696411, 56.1922874451, 56.7843971252, 57.3765068054, 57.9802246094, 58.583946228, 59.187664032, 59.7913818359, 60.3834915161, 60.9872093201, 61.5793190002, 62.1830368042, 62.7867546082, 63.3904762268, 63.9825820923, 64.5863037109, 65.1784133911, 65.7821273804, 66.3742370605, 66.9779586792, 67.5700683594, 68.1737823486, 68.7775039673, 69.3812255859, 69.9849395752, 70.5886611938, 71.1923828125, 71.7844848633, 72.3765945435, 72.9803161621, 73.5840377808, 74.18775177, 74.7914733887, 75.3835830688, 75.975692749, 76.5794067383, 77.1831283569, 77.7868499756, 78.3905639648, 78.9942855835, 79.5863952637, 80.1785049438, 80.7822189331, 81.3859405518, 81.9896621704, 82.5817642212, 83.1738739014, 83.77759552, 84.3813171387, 84.9850311279, 85.5887527466, 86.1924667358, 86.7961883545, 87.3999099731, 87.9920196533, 88.5841217041, 89.1762313843, 89.7683410645, 90.3720626831, 90.9757843018, 91.579498291, 92.1832199097, 92.7869338989, 93.3906555176, 93.9943771362, 94.5864868164, 95.1785888672, 95.7823104858, 96.3860321045, 96.9897460938, 97.5818557739, 98.1739654541, 98.7776870728, 99.381401062, 99.9851226807, 100.588844299, 101.192558289, 101.784667969, 102.376777649, 102.980499268, 103.584213257, 104.187934875, 104.791656494, 105.395370483, 105.987480164, 106.591201782, 107.183311462, 107.787025452, 108.39074707, 108.994468689, 109.58657074, 110.17868042, 110.782402039, 111.386123657, 111.989837646, 112.593559265, 113.197273254, 113.789382935, 114.381492615, 114.985214233, 115.588935852, 116.192649841, 116.784759521, 117.376869202, 117.98059082, 118.58430481, 119.188026428, 119.791740417, 120.395462036, 120.987571716, 121.579681396, 122.183395386, 122.787117004, 123.390838623, 123.982948303, 124.575057983, 125.178771973, 125.782493591, 126.386207581, 126.989929199, 127.582038879, 128.185760498, 128.777862549, 129.381591797, 129.985305786, 130.589019775, 131.192733765, 131.784851074, 132.376953125, 132.980682373, 133.584396362, 134.188110352, 134.7918396, 135.38394165, 135.97605896, 136.579772949, 137.183486938, 137.787200928, 138.390930176, 138.994644165, 139.586761475, 140.178863525, 140.782577515, 141.386306763, 141.978408813, 142.582122803, 143.174240112, 143.777954102, 144.381668091, 144.985397339, 145.589111328, 146.192825317, 146.784942627, 147.388656616, 147.980773926, 148.584487915, 149.188201904, 149.791931152, 150.395645142, 150.987747192, 151.579864502, 152.183578491, 152.78729248, 153.391021729, 153.994735718, 154.598449707, 155.190567017, 155.782669067, 156.386398315, 156.990112305, 157.593826294, 158.185943604, 158.778045654, 159.381759644, 159.985488892, 160.589202881, 161.19291687, 161.78503418, 162.37713623, 162.980865479, 163.584579468, 164.188293457, 164.792022705, 165.384124756, 165.976226807, 166.579956055, 167.183670044, 167.787384033, 168.391113281, 168.994827271, 169.586929321, 170.179046631, 170.78276062, 171.386474609, 171.990203857, 172.582305908, 173.174423218, 173.778137207, 174.381851196, 174.985580444, 175.589294434, 176.193008423, 176.785125732, 177.377227783, 177.980941772, 178.584671021, 179.18838501, 179.792098999, 180.384216309, 180.976318359, 181.580047607, 182.195373535, 182.799087524, 183.402801514, 184.006530762, 184.575408936, 185.179138184, 185.782852173, 186.386566162, 186.99029541, 187.594009399, 188.18611145, 188.77822876, 189.381942749, 189.985671997, 190.589385986, 191.193099976, 191.796829224, 192.388931274, 192.981033325, 193.584762573, 194.188476562, 194.792190552, 195.384307861, 195.976409912, 196.58013916, 197.183853149, 197.787567139, 198.391296387, 198.983398438, 199.575500488, 200.179229736, 200.782943726, 201.386657715, 201.990386963, 202.582489014, 203.174606323, 203.789932251, 204.382034302, 204.985748291, 205.589477539, 206.193191528, 206.773696899, 207.377410889, 207.981124878, 208.584854126, 209.188568115, 209.792282104, 210.396011353, 210.988113403, 211.580215454, 212.183944702, 212.787658691, 213.391372681, 213.995101929, 214.587203979, 215.179321289, 215.783035278, 216.386749268, 216.990478516, 217.594192505, 218.186294556, 218.778411865, 219.382125854, 219.985839844, 220.577957153, 221.170059204, 221.773788452, 222.377502441, 222.981216431, 223.584945679, 224.188659668, 224.792373657, 225.384490967, 225.976593018, 226.580307007, 227.184036255, 227.787750244, 228.391464233, 228.983581543, 229.575683594, 230.179412842, 230.783126831, 231.38684082, 231.990570068, 232.594284058, 233.186386108, 233.778503418, 234.382217407, 235.009155273, 235.624481201, 236.228210449, 236.878356934, 237.528518677, 238.074188232, 238.619857788, 239.165527344, 239.687973022, 240.21043396, 240.732879639, 241.255325317, 241.777770996, 242.300216675, 242.822677612], "beats_loudness": {"dvar2": 0.00152743072249, "var": 0.000716436014045, "min": 1.45397457962e-10, "dmean": 0.0259518045932, "mean": 0.0375697277486, "max": 0.139152795076, "dmean2": 0.0424825660884, "median": 0.0319755524397, "dvar": 0.000587506976444}, "bpm_histogram_second_peak_weight": {"dvar2": 0, "var": 0, "min": 0.017283950001, "dmean": 0, "mean": 0.017283950001, "max": 0.017283950001, "dmean2": 0, "median": 0.017283950001, "dvar": 0}, "bpm_histogram_second_peak_spread": {"dvar2": 0, "var": 0, "min": 0, "dmean": 0, "mean": 0, "max": 0, "dmean2": 0, "median": 0, "dvar": 0}, "bpm_histogram_second_peak_bpm": {"dvar2": 0, "var": 0, "min": 115, "dmean": 0, "mean": 115, "max": 115, "dmean2": 0, "median": 115, "dvar": 0}, "onset_rate": 4.27379655838}, "lowlevel": {"spectral_energyband_high": {"dvar2": 2.27730492952e-06, "var": 3.18460115523e-06, "min": 7.44137414387e-21, "dmean": 0.000578694045544, "mean": 0.00123830628581, "max": 0.0243854280561, "dmean2": 0.000845390488394, "median": 0.000615032040514, "dvar": 1.08080519112e-06}, "spectral_energyband_middle_low": {"dvar2": 0.000220237256144, "var": 0.000129188294522, "min": 2.19421521948e-22, "dmean": 0.00578453112394, "mean": 0.0115065854043, "max": 0.0960783809423, "dmean2": 0.00928839575499, "median": 0.00814560335129, "dvar": 9.09169830265e-05}, "spectral_energy": {"dvar2": 0.000425452075433, "var": 0.00046920531895, "min": 1.00854666654e-20, "dmean": 0.00976326316595, "mean": 0.0284833665937, "max": 0.182024732232, "dmean2": 0.014432746917, "median": 0.0245225429535, "dvar": 0.000213183098822}, "spectral_spread": {"dvar2": 1432984485890.0, "var": 3827538853890.0, "min": 1115127.125, "dmean": 690656.8125, "mean": 5345064, "max": 42256288, "dmean2": 960633.8125, "median": 5019565, "dvar": 754978193408}, "spectral_energyband_low": {"dvar2": 0.000509140954819, "var": 0.000301669235341, "min": 4.05310674651e-23, "dmean": 0.0070472471416, "mean": 0.013044741936, "max": 0.17601403594, "dmean2": 0.0111020542681, "median": 0.00914348009974, "dvar": 0.000230335761444}, "spectral_rolloff": {"dvar2": 2093756.75, "var": 4784075.5, "min": 86.1328125, "dmean": 597.210205078, "mean": 1800.00708008, "max": 19444.4824219, "dmean2": 971.826171875, "median": 990.52734375, "dvar": 1039908.625}, "barkbands": {"dvar2": [2.63215440555e-08, 0.000174321525265, 0.000368697597878, 7.95409578132e-05, 9.51637193793e-05, 1.22514620671e-05, 3.94037760998e-06, 1.19098813229e-05, 1.80429888132e-05, 7.51349034545e-07, 1.320764909e-06, 8.84323696937e-07, 1.16778630854e-06, 2.22453149945e-06, 7.82983988756e-07, 1.51321637532e-06, 1.71671263161e-06, 1.15549869406e-06, 3.02723265122e-07, 2.90977936857e-07, 2.9627832987e-07, 1.10148583587e-07, 1.11913848855e-07, 1.30154532485e-07, 1.13934916612e-07, 4.28132231889e-08, 1.19942306087e-10], "var": [1.38445441777e-08, 7.10029053153e-05, 0.000120571996376, 2.60957440332e-05, 3.30724433297e-05, 9.16246244742e-06, 4.75027263747e-06, 8.72420969245e-06, 1.63259937835e-05, 7.07196079475e-07, 9.43316422308e-07, 7.37463267342e-07, 6.97232223956e-07, 2.22665221372e-06, 5.00847079365e-07, 1.53127768954e-06, 1.99671512746e-06, 1.1580697219e-06, 3.32262885649e-07, 3.27264643829e-07, 2.49425454513e-07, 1.26591956473e-07, 1.51612638888e-07, 1.62870875897e-07, 9.00903032175e-08, 2.5163044981e-08, 4.65652828796e-11], "min": [2.31826104091e-24, 8.0144039676e-24, 5.25052328994e-24, 1.59494698274e-24, 1.46165165675e-23, 1.85315606649e-23, 1.24812531128e-23, 3.34807304098e-23, 3.4104343888e-23, 2.63442970752e-23, 2.20489810007e-23, 3.71662917144e-23, 3.13379096676e-23, 5.81000221881e-23, 8.59580139672e-23, 8.44523877326e-23, 1.08149725149e-22, 1.29978705465e-22, 1.4446393349e-22, 2.41741994162e-22, 3.63544642283e-22, 3.01635520017e-22, 5.39029439088e-22, 7.0407130785e-22, 9.90960455329e-22, 1.53240085529e-21, 2.05936327213e-21], "dmean": [4.37275557488e-05, 0.00382696185261, 0.00420503690839, 0.00224919361062, 0.00261644460261, 0.00110250746366, 0.000591623887885, 0.000668504391797, 0.000945046951529, 0.000143119235872, 0.000224741263082, 0.00014834664762, 0.000186553545063, 0.000287343631499, 0.000212621511309, 0.000284258916508, 0.000363048893632, 0.000294994853903, 0.000208496086998, 0.000186368546565, 0.00014162408479, 0.00010406767251, 0.000106022933323, 0.000104366496089, 0.000103185935586, 6.25449392828e-05, 2.91607102554e-06], "mean": [4.88284094899e-05, 0.00618516514078, 0.00532065797597, 0.00275191944093, 0.00310441339388, 0.00200565764681, 0.00111100287177, 0.000880634295754, 0.00160112511367, 0.000226624979405, 0.000343432504451, 0.000201000497327, 0.000259309541434, 0.000453050073702, 0.000336695491569, 0.000490924925543, 0.000708674837369, 0.000554713071324, 0.000456727488199, 0.000399677344831, 0.000276057224255, 0.000174875851371, 0.00019245230942, 0.000179063907126, 0.000146176826092, 7.17929142411e-05, 2.76638297692e-06], "max": [0.00664629228413, 0.0963741391897, 0.151389494538, 0.0710344910622, 0.0603298693895, 0.0676878020167, 0.0304890722036, 0.0513059683144, 0.0773438960314, 0.0304013900459, 0.0227492488921, 0.0267467573285, 0.0206468105316, 0.0221788343042, 0.0144870178774, 0.0215280242264, 0.020234098658, 0.0215890239924, 0.00770331220701, 0.011760651134, 0.0208382047713, 0.00625858129933, 0.00438597472385, 0.00523521564901, 0.00454668514431, 0.0026467917487, 0.000167614140082], "dmean2": [7.65790609876e-05, 0.00642774486914, 0.00711810123175, 0.00384476105683, 0.00453718705103, 0.0017996422248, 0.000926520559005, 0.0010459824698, 0.00143573852256, 0.00022420095047, 0.000357168813935, 0.00023577902175, 0.00030486859032, 0.000446830556029, 0.000343755469657, 0.000456813315395, 0.000580770545639, 0.000474479194963, 0.00033755574259, 0.000300817773677, 0.000224625488045, 0.00016166131536, 0.000154788576765, 0.000152910331963, 0.000155850197189, 9.68457825365e-05, 4.80092057842e-06], "median": [1.96312648768e-05, 0.00415704865009, 0.00159964011982, 0.00119060557336, 0.00113927945495, 0.000981049146503, 0.000399424374336, 0.000122918005218, 0.000322386214975, 6.93692709319e-05, 9.18964942684e-05, 4.48181781394e-05, 7.41931726225e-05, 0.000121293145639, 0.000132400717121, 0.00017145970196, 0.000257625884842, 0.000244571623625, 0.000277049344731, 0.000223200855544, 0.000148096951307, 6.32139926893e-05, 6.56619376969e-05, 6.0713635321e-05, 4.845280273e-05, 1.55170037033e-05, 4.94914047522e-07], "dvar": [1.09034390405e-08, 6.71769739711e-05, 0.000141207725392, 3.02901153191e-05, 3.45545413438e-05, 4.8975171012e-06, 1.81673010502e-06, 5.23342214365e-06, 7.63074785937e-06, 3.41643641377e-07, 5.05340267409e-07, 3.69357195495e-07, 4.53870057981e-07, 9.52933362441e-07, 3.11640775408e-07, 6.33401725736e-07, 6.96900940511e-07, 4.67743234367e-07, 1.17699329394e-07, 1.19204948135e-07, 1.16058174626e-07, 4.89543090509e-08, 5.49755725388e-08, 6.70584370255e-08, 5.18697049756e-08, 1.84626909316e-08, 4.72042231692e-11]}, "melbands_skewness": {"dvar2": 2.06273317337, "var": 5.04229831696, "min": -3.44138765335, "dmean": 0.887450277805, "mean": 3.51235055923, "max": 22.1430721283, "dmean2": 1.28749585152, "median": 3.12820219994, "dvar": 1.09206020832}, "barkbands_skewness": {"dvar2": 0.979922115803, "var": 2.91865229607, "min": -4.45279502869, "dmean": 0.60670542717, "mean": 1.88251054287, "max": 19.5413684845, "dmean2": 0.887998104095, "median": 1.64007031918, "dvar": 0.508274972439}, "erbbands": {"dvar2": [0.0297127775848, 13.1870098114, 316.122680664, 749.910827637, 1234.43212891, 864.394104004, 775.385620117, 774.596923828, 516.134887695, 3344.26660156, 5294.34130859, 11838.4453125, 1968.4342041, 768.246520996, 1889.37976074, 636.269348145, 2427.47192383, 1671.86791992, 3097.78369141, 3491.22119141, 4989.93896484, 3554.44213867, 3092.6875, 1033.46252441, 738.416320801, 640.11114502, 1039.39990234, 146.596237183, 149.9765625, 134.421966553, 100.302307129, 82.4012908936, 32.853351593, 15.8529367447, 6.39171981812, 1.33119273186, 0.129659101367, 0.00178585608955, 1.14404372198e-06, 1.76055592327e-09], "var": [0.0159603971988, 5.45816707611, 114.776138306, 241.820968628, 359.688842773, 421.355316162, 634.575805664, 630.296569824, 452.331665039, 3133.35205078, 4141.5859375, 7766.70068359, 3615.52148438, 568.69354248, 1334.30505371, 525.658813477, 1464.43408203, 1369.60449219, 2729.71484375, 2124.12695312, 6188.18603516, 4209.51269531, 3463.76708984, 1201.51269531, 737.934753418, 708.914001465, 1025.88769531, 147.329956055, 181.044937134, 122.758293152, 139.454208374, 104.010482788, 32.1182785034, 12.7823553085, 4.60954761505, 0.843098282814, 0.0676874220371, 0.000998420407996, 5.90799629663e-07, 1.73782632729e-09], "min": [4.50190423053e-22, 1.64362857685e-21, 8.56103014983e-21, 6.22681774188e-21, 2.60156849104e-20, 5.2133927292e-20, 6.98333273475e-20, 1.65731852504e-19, 2.21448011455e-19, 2.93002417314e-19, 5.65836051643e-19, 8.14912490093e-19, 7.40002807025e-19, 7.76244277998e-19, 1.77722380905e-18, 1.50518261375e-18, 1.51619786778e-18, 2.94323807323e-18, 3.23281270578e-18, 5.38722715185e-18, 4.24025686012e-18, 5.94495781577e-18, 6.0542962035e-18, 8.34757835118e-18, 8.36780788024e-18, 1.1382931671e-17, 1.34873751023e-17, 1.33681833391e-17, 1.15536849105e-17, 1.06352687579e-17, 1.29953358139e-17, 1.23112731638e-17, 8.54063403435e-18, 9.67262573954e-18, 7.43497479677e-18, 4.50785020187e-18, 2.85424109074e-18, 1.20448002382e-18, 2.76815940292e-19, 2.83125279801e-20], "dmean": [0.0592950433493, 1.04525458813, 4.16251945496, 6.57630491257, 8.44349384308, 8.41772842407, 8.47313690186, 8.37455368042, 6.21810483932, 13.5055751801, 14.6318178177, 21.7109603882, 9.13590908051, 5.09206962585, 8.63198471069, 5.19462442398, 8.29818058014, 8.64474964142, 12.3489513397, 13.5465574265, 16.8521366119, 17.9193134308, 16.6933727264, 11.0607757568, 9.77087879181, 8.85448360443, 7.65592908859, 4.15572977066, 3.74960684776, 3.3813688755, 3.11672210693, 2.46656537056, 1.66651070118, 1.19748079777, 0.735027134418, 0.320986121893, 0.109983131289, 0.0139868166298, 0.000326207082253, 1.91219351109e-05], "mean": [0.0980121195316, 1.6983910799, 5.97044992447, 8.09021759033, 9.04526805878, 10.619934082, 14.9175739288, 16.1195926666, 11.3141107559, 23.2059135437, 21.3491592407, 35.2176628113, 16.9323139191, 8.86501693726, 13.4182605743, 7.82709503174, 12.2308692932, 14.370672226, 19.9603652954, 22.4312095642, 31.4633407593, 37.1560058594, 34.8694763184, 24.6821136475, 22.1996955872, 19.3205852509, 15.5122451782, 8.02054023743, 6.56387472153, 5.18562173843, 5.73856067657, 4.3032169342, 2.70788049698, 1.75735378265, 0.972198188305, 0.387908548117, 0.120205767453, 0.0156876593828, 0.000377867429052, 4.82051691506e-05], "max": [2.41349554062, 26.5407581329, 132.611175537, 183.201049805, 265.566101074, 341.340209961, 410.87310791, 630.887695312, 454.425201416, 1197.63464355, 1318.17529297, 2333.11523438, 1205.52685547, 738.65802002, 700.75567627, 476.029388428, 1015.36297607, 653.789123535, 772.48260498, 1016.81921387, 1460.27392578, 765.710021973, 873.095947266, 484.815002441, 395.882110596, 444.226043701, 1232.8302002, 223.385971069, 277.32409668, 154.030517578, 132.920074463, 145.036605835, 89.1310882568, 67.9619445801, 45.3440933228, 14.9992303848, 4.63993024826, 0.47022908926, 0.0174100231379, 0.00041329319356], "dmean2": [0.0969877913594, 1.74531710148, 6.95621061325, 11.0341148376, 14.6719179153, 14.4517259598, 13.7513494492, 13.4342422485, 10.2435283661, 20.7354202271, 22.351140976, 33.1779975891, 13.655880928, 7.99495887756, 13.7262582779, 8.24799251556, 13.5392951965, 13.5433235168, 19.4333133698, 21.7578125, 26.854719162, 28.4087581635, 26.6153030396, 17.7875232697, 15.8667058945, 14.2899017334, 12.2664022446, 6.4754781723, 5.75726127625, 5.33381748199, 4.55692720413, 3.6099421978, 2.48784947395, 1.80057656765, 1.12661254406, 0.496936053038, 0.171979606152, 0.0216114800423, 0.000507067597937, 2.83580793621e-05], "median": [0.0648953840137, 1.13774764538, 2.68828392029, 4.07110786438, 3.55145215988, 3.94326496124, 7.20612668991, 7.71396923065, 4.6828546524, 6.62750148773, 4.79411220551, 7.84897327423, 3.97217726707, 3.41910290718, 3.63138842583, 2.44112253189, 3.82145929337, 4.90664196014, 5.92644166946, 9.51607227325, 11.3072977066, 15.7271528244, 15.8145313263, 13.8351364136, 14.801615715, 11.1236276627, 7.88510131836, 4.41736268997, 2.56159639359, 1.47955906391, 1.93145036697, 1.40326678753, 0.964901089668, 0.61608672142, 0.292829096317, 0.0875467509031, 0.0253916606307, 0.00344669539481, 9.6421368653e-05, 3.7115158193e-05], "dvar": [0.0117346886545, 5.16442108154, 123.640052795, 290.817932129, 463.021972656, 319.727325439, 316.731811523, 317.785675049, 206.352859497, 1516.16662598, 2386.09106445, 4783.48242188, 1000.84881592, 319.372497559, 760.199829102, 261.201171875, 939.331481934, 680.860412598, 1306.06506348, 1410.77612305, 2131.82861328, 1460.26000977, 1237.97680664, 411.341644287, 277.155273438, 256.861633301, 412.706329346, 65.2542877197, 67.5591659546, 58.2109451294, 49.2674980164, 42.1397628784, 15.5138082504, 7.17040205002, 2.86583137512, 0.582578539848, 0.0544039793313, 0.000761878618505, 4.78605272747e-07, 8.45657543991e-10]}, "silence_rate_30dB": {"dvar2": 0.0274769924581, "var": 0.0051209484227, "min": 0, "dmean": 0.00953288841993, "mean": 0.994852721691, "max": 1, "dmean2": 0.0190675947815, "median": 1, "dvar": 0.00944250728935}, "melbands_spread": {"dvar2": 298.018096924, "var": 717.301452637, "min": 0.236803114414, "dmean": 8.09776592255, "mean": 27.052362442, "max": 237.903045654, "dmean2": 12.2730512619, "median": 19.5711956024, "dvar": 146.206542969}, "melbands_crest": {"dvar2": 20.3405570984, "var": 33.6227416992, "min": 1.23877847195, "dmean": 3.09999465942, "mean": 15.2398986816, "max": 32.2702713013, "dmean2": 4.94246816635, "median": 14.2318201065, "dvar": 8.31290054321}, "zerocrossingrate": {"dvar2": 0.000249518430792, "var": 0.00316288252361, "min": 0.0048828125, "dmean": 0.0130294291303, "mean": 0.0725027620792, "max": 0.5458984375, "dmean2": 0.0152555191889, "median": 0.06201171875, "dvar": 0.000229753830354}, "barkbands_kurtosis": {"dvar2": 200.872741699, "var": 704.499694824, "min": -1.94281053543, "dmean": 4.17339038849, "mean": 8.03715705872, "max": 661.167175293, "dmean2": 6.30693149567, "median": 2.0552687645, "dvar": 93.0044326782}, "spectral_flux": {"dvar2": 0.00172172754537, "var": 0.00321308081038, "min": 6.51795145634e-11, "dmean": 0.0258825886995, "mean": 0.0838569551706, "max": 0.388421624899, "dmean2": 0.0369809381664, "median": 0.0710423737764, "dvar": 0.00102916697506}, "barkbands_crest": {"dvar2": 14.0763940811, "var": 17.7692337036, "min": 2.67703294754, "dmean": 2.56089138985, "mean": 10.8562469482, "max": 25.3657226562, "dmean2": 4.14229631424, "median": 10.1168298721, "dvar": 5.58711528778}, "barkbands_flatness_db": {"dvar2": 0.00105565250851, "var": 0.00463776057586, "min": 0.0221330281347, "dmean": 0.0236034300178, "mean": 0.139308869839, "max": 0.602030158043, "dmean2": 0.0352173224092, "median": 0.127656757832, "dvar": 0.000500616442878}, "spectral_entropy": {"dvar2": 0.0669118762016, "var": 0.335451304913, "min": 3.77602267265, "dmean": 0.175668567419, "mean": 7.57967185974, "max": 9.80946350098, "dmean2": 0.253597438335, "median": 7.63935184479, "dvar": 0.0328386574984}, "pitch_salience": {"dvar2": 0.0128800952807, "var": 0.0160134676844, "min": 0.0778089091182, "dmean": 0.0755805000663, "mean": 0.492145568132, "max": 0.990135848522, "dmean2": 0.1201550439, "median": 0.496242105961, "dvar": 0.00547340931371}, "erbbands_spread": {"dvar2": 229.628036499, "var": 456.788574219, "min": 1.22821891308, "dmean": 9.9248380661, "mean": 49.99766922, "max": 167.394805908, "dmean2": 14.965927124, "median": 49.0345420837, "dvar": 107.566184998}, "dynamic_complexity": 2.77382469177, "spectral_contrast_valleys": {"dvar2": [0.296768754721, 0.292622834444, 0.227853193879, 0.153705731034, 0.123248770833, 0.246733576059], "var": [2.48177671432, 1.89350783825, 1.88918590546, 1.92617988586, 2.12373709679, 2.06452655792], "min": [-27.5165081024, -27.8148422241, -27.393415451, -27.4653320312, -27.4905529022, -27.3504676819], "dmean": [0.398801773787, 0.39580860734, 0.36158362031, 0.29799887538, 0.242374762893, 0.34752753377], "mean": [-7.42211341858, -7.13532066345, -8.10232067108, -8.17263412476, -7.55619096756, -9.88639640808], "max": [-5.32627677917, -4.67999649048, -5.63661241531, -6.1568274498, -5.66750383377, -7.64961576462], "dmean2": [0.66005218029, 0.637584090233, 0.564157485962, 0.456751018763, 0.356013000011, 0.441751301289], "median": [-6.95317983627, -6.96696281433, -7.93672657013, -7.93936014175, -7.24896287918, -9.72425174713], "dvar": [0.118951074779, 0.125885248184, 0.104428619146, 0.0760113596916, 0.0674691423774, 0.140033364296]}, "hfc": {"dvar2": 218.377655029, "var": 371.630554199, "min": 1.09586965429e-16, "dmean": 7.10033798218, "mean": 22.9050197601, "max": 138.157485962, "dmean2": 10.3057594299, "median": 17.3230628967, "dvar": 100.455909729}, "spectral_kurtosis": {"dvar2": 7.18014764786, "var": 32.2394180298, "min": -1.23359239101, "dmean": 1.09536015987, "mean": 3.8321352005, "max": 88.5637817383, "dmean2": 1.79208421707, "median": 3.08620929718, "dvar": 2.71005773544}, "mfcc": {"mean": [-641.294799805, 98.3475799561, 12.1141033173, 39.5067825317, 13.2705574036, -3.41905331612, -0.945239305496, 0.194860905409, 0.604622900486, 4.39490747452, -2.69486737251, 1.00699794292, -4.43209075928], "cov": [[8028.84130859, -6.15614318848, -447.652893066, 189.599029541, -58.9557914734, -197.615142822, 65.6918411255, 137.83581543, 114.058807373, 120.622566223, -23.3972702026, -53.1024589539, -51.8694343567], [-6.15614318848, 1027.60253906, -33.7731590271, 138.249206543, 86.8480834961, 9.27952575684, 120.823486328, 32.8065223694, 54.539932251, 61.5308876038, 39.1978721619, 64.436958313, 36.1609153748], [-447.652893066, -33.7731590271, 679.61730957, 29.5203266144, 103.801223755, 163.447311401, 3.80945181847, 55.9263954163, 7.29540491104, -20.6792316437, 49.0264091492, 22.3860931396, 80.5642242432], [189.599029541, 138.249206543, 29.5203266144, 448.882324219, 249.872207642, 27.1698112488, 44.9066772461, 67.5117797852, 89.4955825806, 31.0546627045, 47.7484893799, 59.6324195862, 70.1909942627], [-58.9557914734, 86.8480834961, 103.801223755, 249.872207642, 304.156311035, 56.3534126282, 34.4622955322, 59.5377616882, 70.3550491333, 25.1322250366, 42.4896240234, 43.5261573792, 49.9338531494], [-197.615142822, 9.27952575684, 163.447311401, 27.1698112488, 56.3534126282, 208.788269043, 69.1613388062, 27.0707073212, 24.5425815582, 5.54128694534, 36.6185760498, 1.33764588833, 33.7384872437], [65.6918411255, 120.823486328, 3.80945181847, 44.9066772461, 34.4622955322, 69.1613388062, 162.373977661, 59.8112487793, 37.7254600525, 29.1623191833, 24.6020774841, 22.0042057037, 15.5133905411], [137.83581543, 32.8065223694, 55.9263954163, 67.5117797852, 59.5377616882, 27.0707073212, 59.8112487793, 141.546844482, 75.1422958374, 18.4130592346, 22.7748527527, 19.2960109711, 34.030292511], [114.058807373, 54.539932251, 7.29540491104, 89.4955825806, 70.3550491333, 24.5425815582, 37.7254600525, 75.1422958374, 140.191207886, 54.5963172913, 36.6144943237, 13.0336227417, 19.5759086609], [120.622566223, 61.5308876038, -20.6792316437, 31.0546627045, 25.1322250366, 5.54128694534, 29.1623191833, 18.4130592346, 54.5963172913, 114.92339325, 46.4919891357, 18.3303127289, -1.3594121933], [-23.3972702026, 39.1978721619, 49.0264091492, 47.7484893799, 42.4896240234, 36.6185760498, 24.6020774841, 22.7748527527, 36.6144943237, 46.4919891357, 107.143424988, 42.2954139709, 21.3596038818], [-53.1024589539, 64.436958313, 22.3860931396, 59.6324195862, 43.5261573792, 1.33764588833, 22.0042057037, 19.2960109711, 13.0336227417, 18.3303127289, 42.2954139709, 96.5767669678, 41.7712020874], [-51.8694343567, 36.1609153748, 80.5642242432, 70.1909942627, 49.9338531494, 33.7384872437, 15.5133905411, 34.030292511, 19.5759086609, -1.3594121933, 21.3596038818, 41.7712020874, 101.675308228]], "icov": [[0.000140038973768, 1.76141547854e-05, 6.02681320743e-05, -0.000115912647743, 9.87737294054e-05, 0.000104149294202, -4.36264490418e-05, -0.000168602709891, 2.00366175704e-05, -0.000140694566653, 1.94067124539e-05, 0.000129830281367, 1.43061715789e-05], [1.76141547854e-05, 0.00114978093188, 9.35912612476e-06, -0.00018876689137, -6.61591839162e-05, 0.000295504141832, -0.000909374386538, 0.000353445473593, -0.000147545812069, -0.000315634679282, 8.74804973137e-05, -0.00036779846414, -0.000165234989254], [6.02681320743e-05, 9.35912612476e-06, 0.00219706143253, 0.000378314434784, -0.000614295713603, -0.0015483883908, 0.00094668683596, -0.00100642896723, 0.000636803160887, 0.000249918288318, -0.000566401693504, 0.000122404497233, -0.00101730821189], [-0.000115912647743, -0.00018876689137, 0.000378314434784, 0.00475892517716, -0.00351689592935, 0.00039444147842, -0.000215533713344, 0.000251832214417, -0.00111940444913, 0.000494053412694, -0.000312127667712, -0.000531514000613, -0.00152610032819], [9.87737294054e-05, -6.61591839162e-05, -0.000614295713603, -0.00351689592935, 0.00687766307965, -0.000857603154145, 0.000403762445785, -0.000650702917483, -0.000764650874771, -0.000227230062592, 5.48956631974e-05, -0.000723348988686, 0.00048142200103], [0.000104149294202, 0.000295504141832, -0.0015483883908, 0.00039444147842, -0.000857603154145, 0.00806481484324, -0.00392969092354, 0.00147021806333, -0.00082577613648, 0.000717750168405, -0.0020404169336, 0.00243310211226, -0.00164715969004], [-4.36264490418e-05, -0.000909374386538, 0.00094668683596, -0.000215533713344, 0.000403762445785, -0.00392969092354, 0.0100753093138, -0.00406524678692, 0.000850958167575, -0.00136188103352, 0.000452246196801, -0.00160652841441, 0.0010118217906], [-0.000168602709891, 0.000353445473593, -0.00100642896723, 0.000251832214417, -0.000650702917483, 0.00147021806333, -0.00406524678692, 0.0126805948094, -0.00609790487215, 0.00170575571246, 1.04067512439e-05, -0.000176618254045, -0.00211303727701], [2.00366175704e-05, -0.000147545812069, 0.000636803160887, -0.00111940444913, -0.000764650874771, -0.00082577613648, 0.000850958167575, -0.00609790487215, 0.0134581914172, -0.00473018689081, -0.00124322075862, 0.00175607623532, -0.000223135954002], [-0.000140694566653, -0.000315634679282, 0.000249918288318, 0.000494053412694, -0.000227230062592, 0.000717750168405, -0.00136188103352, 0.00170575571246, -0.00473018689081, 0.0132393008098, -0.00461182417348, -0.000589283881709, 0.00131035968661], [1.94067124539e-05, 8.74804973137e-05, -0.000566401693504, -0.000312127667712, 5.48956631974e-05, -0.0020404169336, 0.000452246196801, 1.04067512439e-05, -0.00124322075862, -0.00461182417348, 0.0147534273565, -0.00548173487186, 0.000551087665372], [0.000129830281367, -0.00036779846414, 0.000122404497233, -0.000531514000613, -0.000723348988686, 0.00243310211226, -0.00160652841441, -0.000176618254045, 0.00175607623532, -0.000589283881709, -0.00548173487186, 0.0163610000163, -0.0055968859233], [1.43061715789e-05, -0.000165234989254, -0.00101730821189, -0.00152610032819, 0.00048142200103, -0.00164715969004, 0.0010118217906, -0.00211303727701, -0.000223135954002, 0.00131035968661, 0.000551087665372, -0.0055968859233, 0.014867967926]]}, "silence_rate_20dB": {"dvar2": 0, "var": 0, "min": 1, "dmean": 0, "mean": 1, "max": 1, "dmean2": 0, "median": 1, "dvar": 0}, "melbands_kurtosis": {"dvar2": 1331.05114746, "var": 1701.39868164, "min": -1.84878504276, "dmean": 11.7322235107, "mean": 24.3354053497, "max": 833.936828613, "dmean2": 17.5843601227, "median": 12.3701848984, "dvar": 649.265563965}, "barkbands_spread": {"dvar2": 137.667907715, "var": 319.402862549, "min": 0.178412407637, "dmean": 7.10508728027, "mean": 27.8534317017, "max": 120.1848526, "dmean2": 10.8236446381, "median": 25.2955474854, "dvar": 68.0478515625}, "erbbands_skewness": {"dvar2": 0.257559657097, "var": 1.29771745205, "min": -4.01201438904, "dmean": 0.376884102821, "mean": 0.0353146716952, "max": 10.2131376266, "dmean2": 0.561891078949, "median": -0.0364651791751, "dvar": 0.125171348453}, "average_loudness": 0.941434025764, "spectral_centroid": {"dvar2": 183174.96875, "var": 711374.5, "min": 113.455818176, "dmean": 276.734802246, "mean": 1600.4720459, "max": 11394.1767578, "dmean2": 417.922332764, "median": 1568.76037598, "dvar": 95277.96875}, "dissonance": {"dvar2": 0.000682420039084, "var": 0.000786295509897, "min": 0.176147833467, "dmean": 0.0144590744749, "mean": 0.467225402594, "max": 0.499999880791, "dmean2": 0.024160631001, "median": 0.474855870008, "dvar": 0.000251406338066}, "erbbands_flatness_db": {"dvar2": 0.000571427692194, "var": 0.00222427444533, "min": 0.0468193665147, "dmean": 0.0177910812199, "mean": 0.139074534178, "max": 0.411828458309, "dmean2": 0.0256889052689, "median": 0.13174508512, "dvar": 0.000282471068203}, "spectral_strongpeak": {"dvar2": 4.25366592407, "var": 2.31300568581, "min": 0, "dmean": 0.582325398922, "mean": 0.942410469055, "max": 18.634601593, "dmean2": 1.00718164444, "median": 0.428427219391, "dvar": 1.61218178272}, "spectral_rms": {"dvar2": 1.7452504153e-06, "var": 3.79261723538e-06, "min": 3.13679442664e-12, "dmean": 0.00080521433847, "mean": 0.00489857466891, "max": 0.0133261056617, "dmean2": 0.00117666006554, "median": 0.00489126099274, "dvar": 9.2674207508e-07}, "silence_rate_60dB": {"dvar2": 0.0237614307553, "var": 0.0550945363939, "min": 0, "dmean": 0.0106768347323, "mean": 0.0585263557732, "max": 1, "dmean2": 0.0213557053357, "median": 0, "dvar": 0.0105632692575}, "melbands": {"dvar2": [6.5113108576e-06, 4.71639250463e-05, 1.71057909029e-05, 6.02563932262e-06, 8.1309599409e-07, 3.8018239934e-07, 1.11065453723e-07, 4.40634465804e-07, 3.55880132474e-07, 4.32819888374e-07, 5.02939982994e-08, 1.33590587481e-08, 2.55441232611e-08, 1.45222882608e-08, 1.37916913445e-08, 5.81797454657e-09, 9.17243880849e-09, 1.51482151267e-08, 4.9455377571e-09, 6.2829972336e-09, 1.13743761077e-08, 4.03335498333e-09, 5.98148286457e-09, 5.21345766558e-09, 6.69056199332e-10, 4.04652644725e-10, 4.0636510823e-10, 3.36791983191e-10, 8.94633866988e-10, 9.95721768926e-11, 5.95856003427e-11, 6.1560263831e-11, 5.8110734974e-11, 4.45018778772e-11, 3.77957491693e-11, 5.11246843471e-11, 3.34989674888e-11, 1.81699724711e-11, 1.70957137335e-11, 1.11404210509e-11], "var": [3.05020739688e-06, 2.03043564397e-05, 6.81757819621e-06, 1.75577804384e-06, 7.81713424658e-07, 3.10644679757e-07, 1.02865485019e-07, 3.67444556559e-07, 2.80994214563e-07, 3.1548700008e-07, 9.33804571446e-08, 1.01365484895e-08, 1.9400339113e-08, 1.27279866646e-08, 8.66336336003e-09, 3.33374439165e-09, 8.25978840879e-09, 1.43106895223e-08, 3.34277294733e-09, 3.53007467702e-09, 1.47442555942e-08, 4.48543069353e-09, 5.38878719425e-09, 5.0789972228e-09, 6.54934384503e-10, 4.23771573388e-10, 3.53636953054e-10, 3.50831502738e-10, 7.66022689724e-10, 9.09464656362e-11, 5.34721329715e-11, 6.71872765756e-11, 4.65617752687e-11, 3.82851979286e-11, 4.90744493653e-11, 5.14363586446e-11, 3.72227977607e-11, 1.64997737695e-11, 1.32794079552e-11, 8.29395493257e-12], "min": [3.13844564053e-24, 6.12750508587e-24, 1.09272677325e-24, 3.02482837093e-24, 2.6343325593e-24, 4.51297739217e-24, 3.05991138197e-24, 3.30645230574e-24, 4.67090695096e-24, 5.25773347861e-24, 3.3768240233e-24, 2.97140552714e-24, 4.27049693269e-24, 5.16411107195e-24, 2.4897994364e-24, 3.36721293646e-24, 5.81523489097e-24, 4.02024895431e-24, 6.63157497696e-24, 7.63081167497e-24, 3.80225670948e-24, 6.520846516e-24, 5.09831928359e-24, 6.09431455214e-24, 6.24827574615e-24, 4.50891515294e-24, 7.2177175622e-24, 7.05554827047e-24, 7.76117882816e-24, 8.16018782947e-24, 6.49693338095e-24, 6.19233209734e-24, 5.87844434315e-24, 5.97974512743e-24, 7.01394374633e-24, 5.70050098876e-24, 7.37632751353e-24, 6.10823281952e-24, 6.07318215178e-24, 7.27784532926e-24], "dmean": [0.000807164004073, 0.00182115356438, 0.00111059460323, 0.000621263927314, 0.000298906961689, 0.000191770202946, 9.79954565992e-05, 0.000153050510562, 0.000127234132378, 0.000134019966936, 4.47581114713e-05, 2.04553634831e-05, 3.31447809003e-05, 1.6971192963e-05, 1.98489215109e-05, 1.47788850882e-05, 1.89246020454e-05, 2.50083994615e-05, 1.64528519235e-05, 1.60667805176e-05, 2.30067398661e-05, 1.88134999917e-05, 2.10653815884e-05, 1.75088152901e-05, 9.17656871025e-06, 7.87408134784e-06, 7.3499663813e-06, 6.12984285908e-06, 5.90493073105e-06, 3.34540550284e-06, 2.44284751716e-06, 2.23222946261e-06, 2.1508124064e-06, 1.91843059838e-06, 1.86944316738e-06, 1.88246394828e-06, 1.46044408211e-06, 1.17065735594e-06, 1.23969948618e-06, 9.72380689745e-07], "mean": [0.00133738829754, 0.00292009627447, 0.00147123506758, 0.000689276610501, 0.000535528874025, 0.000366739026504, 0.000178572256118, 0.000247928575845, 0.000188269506907, 0.000218825662159, 8.03152579465e-05, 3.39343750966e-05, 5.19200657436e-05, 2.28723201872e-05, 2.78613697446e-05, 2.14037754631e-05, 3.03699634969e-05, 3.8166592276e-05, 2.60384749708e-05, 2.58143682004e-05, 4.01514080295e-05, 3.64941843145e-05, 3.79952907679e-05, 3.10743016598e-05, 1.82461772056e-05, 1.67969628819e-05, 1.48947756315e-05, 1.21956463772e-05, 1.09296443043e-05, 6.18508829575e-06, 4.15240128859e-06, 3.83732867704e-06, 3.09591973746e-06, 2.77934964288e-06, 3.28548298967e-06, 3.24896518578e-06, 2.36634150497e-06, 1.86574925465e-06, 1.76858713985e-06, 1.38277380302e-06], "max": [0.0186022557318, 0.0500533655286, 0.0291962176561, 0.015648599714, 0.0122419614345, 0.0135724954307, 0.00698226736858, 0.0126294894144, 0.0100202513859, 0.0130953267217, 0.00597387552261, 0.00332828122191, 0.00279537728056, 0.00332972733304, 0.00195699254982, 0.00126209540758, 0.00134500383865, 0.00186376355123, 0.000997591181658, 0.00159830623306, 0.00241649220698, 0.000947901920881, 0.00117005337961, 0.00162876292598, 0.000409542670241, 0.000256922852714, 0.000264171714662, 0.000324760942021, 0.00123404362239, 0.000194531065063, 0.000164688884979, 0.000183780590305, 0.000128780942759, 9.36923170229e-05, 8.13631995698e-05, 0.000119588439702, 0.000101906894997, 6.04057277087e-05, 6.30919166724e-05, 6.31260700175e-05], "dmean2": [0.00133898993954, 0.00298556871712, 0.00181308609899, 0.00108845240902, 0.000482760369778, 0.000309451948851, 0.000159043906024, 0.000236072373809, 0.000194591309992, 0.000204560230486, 6.67472777423e-05, 3.20525941788e-05, 5.24959796167e-05, 2.6869800422e-05, 3.19944992953e-05, 2.4021788704e-05, 2.95557092613e-05, 3.9265727537e-05, 2.65115631919e-05, 2.59021780948e-05, 3.67361099052e-05, 3.01952186419e-05, 3.35808217642e-05, 2.83929584839e-05, 1.49063253048e-05, 1.2789205357e-05, 1.20194808915e-05, 9.95826030703e-06, 9.5998912002e-06, 5.37151299795e-06, 3.83461019737e-06, 3.47838158632e-06, 3.49539482158e-06, 3.03882461594e-06, 2.79886785393e-06, 2.83188478534e-06, 2.18338800551e-06, 1.77670347057e-06, 1.89965226127e-06, 1.47713433307e-06], "median": [0.000909339694772, 0.00178749952465, 0.000759427435696, 0.000274199934211, 0.000260904169409, 0.000178196292836, 7.02895122231e-05, 5.97132711846e-05, 3.75283379981e-05, 4.37582966697e-05, 1.62658870977e-05, 1.21869652503e-05, 1.42182616401e-05, 3.87659565604e-06, 8.4721687017e-06, 7.51760398998e-06, 9.16889803193e-06, 9.05372235138e-06, 9.58184045885e-06, 1.06448833321e-05, 1.17621784739e-05, 1.44143732541e-05, 1.40502424983e-05, 1.21844050227e-05, 9.93360936263e-06, 1.04968039523e-05, 9.17903344089e-06, 6.42160875941e-06, 5.18216666023e-06, 3.21225388689e-06, 2.0527381821e-06, 1.52259349306e-06, 9.13514895728e-07, 7.40200732707e-07, 1.05404478745e-06, 1.10822759325e-06, 7.17046191312e-07, 6.46798923754e-07, 5.94112123