{"tonal": {"thpcp": [1, 0.657366633415, 0.303782165051, 0.204967349768, 0.163906797767, 0.362540781498, 0.562055885792, 0.372199296951, 0.255052953959, 0.265827029943, 0.150557473302, 0.119188733399, 0.131530642509, 0.168188482523, 0.357164561749, 0.419985175133, 0.227145403624, 0.137474015355, 0.169703722, 0.236894458532, 0.50597602129, 0.5771484375, 0.289976805449, 0.160954102874, 0.137455374002, 0.100745052099, 0.152356937528, 0.201698571444, 0.166343614459, 0.239056274295, 0.368495583534, 0.306198447943, 0.298030614853, 0.35339152813, 0.363411664963, 0.719122469425], "hpcp": {"dmean2": [0.169802889228, 0.132374852896, 0.103608518839, 0.134226158261, 0.180589511991, 0.206376135349, 0.206681847572, 0.140310287476, 0.114270806313, 0.102618984878, 0.0879435837269, 0.0959854125977, 0.118386492133, 0.113778077066, 0.136584714055, 0.197674497962, 0.202013298869, 0.247665435076, 0.301590710878, 0.324094593525, 0.362093746662, 0.342769771814, 0.373387992382, 0.294188380241, 0.208214938641, 0.156228423119, 0.179566681385, 0.229344204068, 0.187514051795, 0.138821586967, 0.123943232, 0.104202628136, 0.083985440433, 0.0933946296573, 0.137105390429, 0.163323864341], "median": [0.0416301973164, 0.0317046456039, 0.0187177211046, 0.0186487473547, 0.0377968810499, 0.108926452696, 0.128476321697, 0.0708192139864, 0.0198755785823, 0.0154712600634, 0.0144099900499, 0.0290667694062, 0.0364801846445, 0.03139802441, 0.0368274636567, 0.0464779883623, 0.0364252440631, 0.03666466102, 0.0410792715847, 0.0448764301836, 0.177152916789, 0.275859087706, 0.167795196176, 0.0361641533673, 0.0182960480452, 0.0128131536767, 0.0590122155845, 0.100858226418, 0.0643280148506, 0.016316473484, 0.0117156384513, 0.0144942831248, 0.020322330296, 0.0200831461698, 0.0185688976198, 0.0330860577524], "min": [0, 0, 0, 0, 0, 0, 0, 0, 0, 0, 0, 0, 0, 0, 0, 0, 0, 0, 0, 0, 0, 0, 0, 0, 0, 0, 0, 0, 0, 0, 0, 0, 0, 0, 0, 0], "dvar2": [0.0781702175736, 0.0577081218362, 0.0440336428583, 0.0698964819312, 0.0912122577429, 0.077809587121, 0.0762263834476, 0.0458832085133, 0.0497186481953, 0.0491669736803, 0.0400698259473, 0.0355923697352, 0.0521939322352, 0.0555763244629, 0.0579441972077, 0.105233632028, 0.109628297389, 0.15709425509, 0.192217081785, 0.200683370233, 0.178591623902, 0.16340726614, 0.18506501615, 0.186368018389, 0.142543688416, 0.106092303991, 0.0885928720236, 0.102741762996, 0.0966450199485, 0.0818584188819, 0.0784859657288, 0.0577916316688, 0.0378799512982, 0.0439214780927, 0.0786429420114, 0.0824902877212], "dvar": [0.0333339050412, 0.0204859953374, 0.0156912319362, 0.0250831525773, 0.0332397818565, 0.0317556001246, 0.0319819450378, 0.0165524482727, 0.0179809164256, 0.0174934919924, 0.0134781142697, 0.0130112534389, 0.0192056298256, 0.0192450471222, 0.0212697330862, 0.0408313460648, 0.0408335700631, 0.0565688274801, 0.0719888359308, 0.0725880041718, 0.0651820227504, 0.0678838267922, 0.065396040678, 0.0663046389818, 0.051062811166, 0.0377790369093, 0.0325112305582, 0.0409959815443, 0.0336829684675, 0.0307828579098, 0.0309122968465, 0.0212904252112, 0.0136363301426, 0.0160519722849, 0.0279264263809, 0.0328136757016], "dmean": [0.102656625211, 0.0769999995828, 0.0576944388449, 0.0740420892835, 0.101016037166, 0.122152663767, 0.12600338459, 0.0820755958557, 0.0646316856146, 0.0574787445366, 0.0479990802705, 0.0548839569092, 0.0687473788857, 0.0645611658692, 0.0799716711044, 0.115890815854, 0.114959470928, 0.136969685555, 0.166822627187, 0.178538039327, 0.207703337073, 0.19941700995, 0.210264965892, 0.158502474427, 0.113467417657, 0.0853737965226, 0.10447717458, 0.135606721044, 0.108348093927, 0.0782502442598, 0.0719668343663, 0.0589081645012, 0.0477852262557, 0.0530432462692, 0.0766797065735, 0.0959866568446], "max": [1, 1, 1, 1, 1, 1, 1, 1, 1, 1, 1, 1, 1, 1, 1, 1, 1, 1, 1, 1, 1, 1, 1, 1, 1, 1, 1, 1, 1, 1, 1, 1, 1, 1, 1, 1], "var": [0.0807116180658, 0.0244983956218, 0.0135390879586, 0.0217908974737, 0.0297285858542, 0.0655749216676, 0.0774508118629, 0.0213930029422, 0.0174708068371, 0.0169814508408, 0.00937036518008, 0.0130181061104, 0.0205545239151, 0.0152628086507, 0.0264658052474, 0.0614573098719, 0.0465396083891, 0.04852347821, 0.0630197525024, 0.0631225630641, 0.0969190970063, 0.15188832581, 0.0835652425885, 0.0510885566473, 0.036457747221, 0.0290716681629, 0.0465631447732, 0.0931233242154, 0.0469523631036, 0.056111484766, 0.0643916875124, 0.0207058433443, 0.0104044629261, 0.0135916201398, 0.0231572594494, 0.0692460909486], "mean": [0.178001597524, 0.0962706431746, 0.0582653731108, 0.0719252377748, 0.100402571261, 0.214446946979, 0.244611814618, 0.122900366783, 0.0682168975472, 0.05825747177, 0.0426986031234, 0.0645731762052, 0.0854855552316, 0.070501126349, 0.10131880641, 0.156178846955, 0.129775553942, 0.12631380558, 0.149777323008, 0.154024139047, 0.304784446955, 0.423828274012, 0.278610557318, 0.128751471639, 0.0868709608912, 0.0694683343172, 0.153655037284, 0.23821516335, 0.157748579979, 0.108098648489, 0.112665005028, 0.0638105124235, 0.0505155548453, 0.0557464025915, 0.0712830349803, 0.151376441121]}, "tuning_equal_tempered_deviation": 0.0394512526691, "chords_changes_rate": 0.0541436448693, "key_key": "E", "tuning_diatonic_strength": 0.505867600441, "key_scale": "minor", "chords_number_rate": 0.00294659310021, "tuning_frequency": 437.718536377, "tuning_nontempered_energy_ratio": 0.634865522385, "chords_histogram": [9.61325931549, 2.39410686493, 27.366481781, 14.3278083801, 0.331491708755, 13.0018415451, 0, 20.773481369, 0, 10.0920810699, 0.0736648216844, 1.47329652309, 0, 0, 0, 0.515653789043, 0, 0, 0, 0, 0, 0, 0.0368324108422, 0], "key_strength": 0.705581903458, "chords_key": "B", "chords_strength": {"dmean2": 0.00889896601439, "median": 0.464655339718, "min": -1, "dvar2": 0.0015400579432, "dvar": 0.000789714453276, "dmean": 0.00839464366436, "max": 0.719473600388, "var": 0.0382049828768, "mean": 0.442678779364}, "chords_scale": "minor", "hpcp_entropy": {"dmean2": 0.993822813034, "median": 2.14705181122, "min": 0, "dvar2": 0.727965772152, "dvar": 0.287607610226, "dmean": 0.599355638027, "max": 4.46319198608, "var": 0.622854411602, "mean": 2.0988740921}}, "metadata": {"audio_properties": {"equal_loudness": 0, "codec": "flac", "downmix": "mix", "sample_rate": 44100, "analysis_sample_rate": 44100, "bit_rate": 0, "md5_encoded": "4047616c5580639b0b5a79910dfdfdab", "length": 126, "replay_gain": -8.67709350586, "lossless": true}, "version": {"essentia_build_sha": "70f2e5ece6736b2c40cc944ad0e695b16b925413", "essentia": "2.1-beta2", "extractor": "music 1.0", "essentia_git_sha": "v2.1_beta2"}, "tags": {"title": ["You Showed Me (instrumental)"], "barcode": ["090771111623"], "albumartist": ["The Byrds"], "tracktotal": ["20"], "language": ["English"], "musicbrainz_recordingid": ["0e5ee13d-f5df-44b3-a7e5-d0a9f843df75"], "artistsort": ["Byrds, The"], "mood": ["Extremely excited"], "musicbrainz_albumartistid": ["2819834e-4e08-47b0-a2c4-b7672318e8f0"], "musicbrainz_releasetrackid": ["3b179f4e-f550-3b98-9b68-89d69f5c9804"], "discnumber": ["1"], "album": ["The Preflyte Sessions"], "catalognumber": ["SC 11116"], "releasecountry": ["US"], "file_name": "19-You Showed Me (instrumental).flac", "compilation": ["1"], "acoustid_fingerprint": ["AQADtGYqZlmC5kMfPFMmJnhwHk2YJEakpoJ0IfqF-8KjoIkkRkOfYMePPNEO5TmOT_KEKdqHDxcPPdFU1E5wyUJ-Bp-P3geTKhMuHqNiTA-NPicerbgylLkEz0aYh6FwD6KWGZcO_vhQOwYTqqKEHzdRlodmkUd-fA-uKCGNdjx4nA8uD6k2SNGRY-qixMZFPIweXMgvODIPkdmJCw98hNQd_EPfo7mMa1lxRQlyE9VjiLxxBb10vA5xHZfCB8d1_EdfiL_Q6zjuaDh-oT2ewxmP4xXyovp0_MRz_Effqmi-E99xoRlpIfwOPTtCi_CPLyduF76SHeGPVy1U58iXHufRXCvK4vmI8NCSI3fQUVfQ5CnOzXh7hKKPPhF0ZngU471wtsGboCxxSwaafsFfXLiKh4asDE22BT3jHE_MDD-0ODXq4bjhkTmuxIIvRRs-nC_-fEKzREd-oz_6XHBsfDwaXBuP5A_2F9kNXxf6IkymvLgX_Jug9QeTEw-PPtDiBjrxH-FyVfD5oDz-40vRTEK4HOqXg2l8wetRaV3B7EHDBeeOt0EvfLgxH4cZndBxuXCsw7Ie9MpwE39wmvAnfMEpjOwhq8dn4Teaehum44nRN9ASWccjNPKCkJSM68GPhzbeHJ2iHWHm4fRw6EdTFeV04sd3qEee4zuqXMdrPMc3-Dp6HQ9CZoyD5NqoEj1DXEJ_-MuImkqI_3jy4MqJuEVzaNdxRUbD6eiDnM5x9Uhv4Q-0i3FwuDFcBtXxDD8ePUmMkkdjVdDRBzkVHX3O4LiOJ7rQMZnhkOhV5MrxHNcVaI4WwT-KZ_ZQ8bBzNB8e4U2roPSNpjp0MrRwCf3h-LAaFtq5402O_eAD7VrQ8zjyHZeOf0OoL45g5R40SerxzLiKvmiIs9BzVP-QP7g8BucEf_hE9OFRfoUjKUPOGBccKgEfBveF_fB5nCHOE6kY2jiKHz8u68GppCku6WgcBmXnFI9oVMkRnztqG_riJUGePcPELjhROQ8-dQIHPMVT5Dz-pOgLesnxHy-DPcd3BdcPMT568UOOT8eN406OS3nwCyf6pnAWob-Qt9CPXBd2PcR9lE-Frhl-PB94IsezQBeNSidhhmB5XNOTwiqD_Xjc4A2f4y888kIoGl_w4w9u5cTpJKjE4PJh20fYKINOHn-O_MdKXUHFMyD6Ise5LdCl4MdPPAqkvIUfHN8oPOZxStDxC7kc-MhdfMmOK4VzomNIfFqQ98NvodlzdM2FH9dDId6IxtqhH3yR4xMdpB9--MfVFfpA6TpacsKP8oh2_MhxofZx6KbxKUa1nvCPH_ZD9DV-Q7MQ5jyOH-Mj_MiP1lBWMXiQJlSO_oiPxtCOZ8d9HDGNsNFkuIa2HNGP_ziP8oHLGzkUHfmG5qi-McHHD5XIFI11nMTUiEnxBn9xTpiuHOEPfe2RbpEyfAea0EmPkzIuPvg-hB2RLMG1Br2OxkmW48ZJhPpyiMuPcD9uJiR-HJcQP0fEhBceHWcuNHsw_cEfEWEuBZrn4RcuaIl4aI2O53hzNPvR7kEoXfBn9Cn-Dg-aD332ovGG8MP1BH9e4coPbYf7EH1yXAcu5pgp48rxQ4p84iGufDjCKouOL0fFcsh6J3By6D36Cz8Kc0StEPrRC34In0dR1oMPjiAVH-IZHD6-xrCFB9K34-Hxw9mP49CPGw9TNIGOSzxC7Tn4Cx-PH0cOx_gP1TxqQLMYNPlx3MpQH_6FOglaBiK54DzWHHqCK8vh8wjn4zjx4zpe6cGpp6hyNGOP73h-mPmRfEdKHhe5LMR3BQ_2DMeZ4WAlHc_yIEeTG2eOktHRBuI28Ayib8eFa8eF64QtHkeN-yF-XE5yPEPDUDb6hJcQZ0cy4VF29M-wn8TlLmi65eB8WGyIm0SIC_rwDI-D6gcVStB17LuK98hb-AgfikdF3dDiIqbwHp-C78F3EaWUFy-a_nh2XDyOfCKPN1QMXcHOI3_wEScuhfgJ4jfCcodfHD-oH9p5hNhX-NiiB89hZU2MHo-Q94KWB10JHt5x5YJOotGFJ2qN9OiP_Oibwyc6JtD0Cz_Et7ilg4qOfjh5nEG5F-IX7DzSitnhFZWP58h5XDm0L8cpbmjpMMTx6sSLMNmOPm0R3ThUdriWHDmD82h8_IgeJTxUqYhT0bhY1MqO43Eq7EeeoLm0QlNI4Qd-KPJh5xN-5Cp-4hE64hPOu7iHPkNzKcaOKxfKh8jFQy-irSNenNEOP4SfCFXy4FSOn0HOQ-ORVkVYlsS7B4W14xd-XH-CM1dxijry9HAR-sO_4jnk5LgWPQqu6bhxVIeo6PiRZvHxtTL8B7WC50d-HIeWZMo3tEpxAw-PnmhG7Xjwr0HvQ1xy1Ap7xPbRw-rRPDx-4smxC4n-IP6yog8reD7MS0WfIHZwRtBrtDv2DeJVfBdeXB_uo0eO5jnKDrtwEVWQcszxb9CPHIep440wzoG14xfyo2egozlmKYvxw0_hH5qcQc4y1Bc-AAgAKQAZA5AQzAgjDBEBQCQME0gQAAgDAijkAACAGMMwAsIJopDQABkpAUKIIYCUsYAZIAAQygAkBJBCAIgUMEAgIAQCTACmkFJWAMKUoMAgIQBCoglJBCEAESMUQcABAIiz3hAKhFMCKQKMZghYSJQADDFGGRIKEEGEEoQQQBEiRigCHBBUCGAAEAogAQwAQDgDgHMAAEOIAAJZQgE0hgBgGBGOEOMAEgoQZhyBihjCRDIMKMekMgoJwIhAQghHgqAAIcIIMwgAQJgQQCCEiFROUOIMUQwZIwAJjhDiCIFEIcCAIwwYJAiwUgkgEMBAGYwAEQYAARhlRjgCACFEAACEEgIBAIEjgCDhHQLCEGE8IIAgJgRhwhEADDBEGGoQEMIAJAUFrEAGkDKAQACZMMQgIhAggjhGgAIGAAYAMMI4RgUggBElAAOGGSOEYQogAIliwlIAACEUCK2IgMQJYIAQQBIgAABMEmWcUFIBQYFQDsLOOEBAWGWFIE4wIAxgTjiRhBKCCWPINAwIw4AQDEgFjCCEMEUNEIQAKgQTCAlGgEEMCAakAMgqZJgxiAAGFAGAEe6kcIoJppwADDECBEGKCAAMkABAZBExxhnBDALDAWGAEoYCQCwAhAPgEKFACMUAAKZEgJQSAACCEDCAQmEAMcAMgAATkCAGAASBcCgIAAYgZJQRQAlAgFDUUKYMUcAwQYhwQCCADIJBCQoYAwQYBhBAhADAgJEIGCUMQYoKYYg0EBhjFCAMAiqCUBwAIRxjghFElARiCQKIgkx5IwACzBgAFDBGgACAAUYAAiQRwABhFEIGC6SEgMQCIqxwUBgFlGIGAAWIcQQBIJBiwCkDrDFAUAEMUlAKpBihRADqgBIECGAwMwIAQgBDCACgLAQAEciAUEoZBRQwRjmgkFEAMSIAYIABCRgwSlhjABAAMYOEAUAAh4BFCmgDAFCGOqgYoFIIARQCACoA"], "date": ["1969"], "genre": ["Rock > Folk-Rock"], "musicbrainz_albumid": ["d651c756-74e8-4329-bdf0-fcf70a72b60d"], "disctotal": ["2"], "initialkey": ["9A"], "musicbrainz_artistid": ["2819834e-4e08-47b0-a2c4-b7672318e8f0"], "grouping": ["Rock"], "artist": ["The Byrds"], "tracknumber": ["19"], "composer": ["Gene Clark"], "bpm": ["115.000000"], "label": ["Sundazed Music"], "albumartistsort": ["Byrds, The"], "acoustid_id": ["6f68ef71-639a-4bba-ad53-3787ff4c92a2"], "script": ["Latin"], "musicbrainz_releasegroupid": ["2b62cb9d-7d25-3179-b958-59bd3dd22339"]}}, "rhythm": {"bpm_histogram_first_peak_bpm": {"dmean2": 0, "median": 115, "min": 115, "dvar2": 0, "dvar": 0, "dmean": 0, "max": 115, "var": 0, "mean": 115}, "bpm": 115.252235413, "bpm_histogram_second_peak_spread": {"dmean2": 0, "median": 0, "min": 0, "dvar2": 0, "dvar": 0, "dmean": 0, "max": 0, "var": 0, "mean": 0}, "bpm_histogram_first_peak_weight": {"dmean2": 0, "median": 0.399159669876, "min": 0.399159669876, "dvar2": 0, "dvar": 0, "dmean": 0, "max": 0.399159669876, "var": 0, "mean": 0.399159669876}, "onset_rate": 3.74559497833, "beats_position": [0.487619042397, 0.975238084793, 1.46285712719, 1.9620860815, 2.46131515503, 2.97215414047, 3.48299312592, 3.99383211136, 4.49306106567, 5.00390005112, 5.50312900543, 6.01396799088, 6.52480697632, 7.03564596176, 7.5464849472, 8.04571437836, 8.56816291809, 9.07900238037, 9.58984088898, 10.1006803513, 10.6115188599, 11.1223583221, 11.6331968307, 12.144036293, 12.6548748016, 13.1657142639, 13.6881628036, 14.2106122971, 14.7214508057, 15.2322902679, 15.7431287766, 16.2771873474, 16.7880268097, 17.298866272, 17.8097057343, 18.3321533203, 18.8546028137, 19.365442276, 19.8762817383, 20.3871192932, 20.8979587555, 21.4204082489, 21.942855835, 22.4536952972, 22.9877548218, 23.5102043152, 24.0326519012, 24.5667114258, 25.0891609192, 25.6116104126, 26.1340579987, 26.6448974609, 27.1673469543, 27.6781845093, 28.2006340027, 28.7230834961, 29.2339229584, 29.7447605133, 30.2788200378, 30.7896595001, 31.3004989624, 31.8113365173, 32.322177887, 32.8446235657, 33.3554649353, 33.8779144287, 34.4119720459, 34.9228096008, 35.4336509705, 35.9677085876, 36.5017662048, 37.0242156982, 37.5350570679, 38.0575065613, 38.5915641785, 39.1024017334, 39.613243103, 40.1473007202, 40.6813583374, 41.2154197693, 41.7378692627, 42.2603149414, 42.7827644348, 43.3052139282, 43.8160552979, 44.3268928528, 44.86095047, 45.3833999634, 45.894241333, 46.4166870117, 46.9507484436, 47.4848060608, 48.0072555542, 48.5297050476, 49.052154541, 49.5746040344, 50.0970497131, 50.6194992065, 51.1303405762, 51.6643981934, 52.1752357483, 52.6860771179, 53.2085266113, 53.73097229, 54.2650337219, 54.7758712769, 55.3099327087, 55.8323783875, 56.3548278809, 56.8772773743, 57.3997268677, 57.9221763611, 58.4446258545, 58.9670753479, 59.4895210266, 60.0003623962, 60.5111999512, 61.0220413208, 61.5444869995, 62.0669364929, 62.6009979248, 63.1118354797, 63.6342849731, 64.1567306519, 64.67918396, 65.2016296387, 65.7240829468, 66.2465286255, 66.7689819336, 67.2914276123, 67.8022689819, 68.3247146606, 68.8471679688, 69.358001709, 69.8920593262, 70.4261245728, 70.9601821899, 71.4826278687, 72.0050811768, 72.515914917, 73.0499725342, 73.5608139038, 74.094871521, 74.6289291382, 75.1629943848, 75.697052002, 76.2078933716, 76.7187271118, 77.2411804199, 77.7636260986, 78.2860794067, 78.8085250854, 79.3425827026, 79.8534240723, 80.375869751, 80.8983230591, 81.4091567993, 81.9199981689, 82.4308395386, 82.9416732788, 83.4525146484, 83.9749679565, 84.4974136353, 85.019859314, 85.5423126221, 86.0647583008, 86.5872116089, 87.0980453491, 87.6204986572, 88.1429443359, 88.665397644, 89.1878433228, 89.6986846924, 90.2211303711, 90.7435836792, 91.2544174194, 91.7652587891, 92.2993164062, 92.8101577759, 93.3442153931, 93.8782730103, 94.4007263184, 94.9231719971, 95.4340133667, 95.9680709839, 96.4789123535, 97.0129699707, 97.5470275879, 98.0578689575, 98.5803146362, 99.1027679443, 99.6136016846, 100.124443054, 100.646888733, 101.169342041, 101.69178772, 102.214241028, 102.736686707, 103.259140015, 103.781585693, 104.304031372, 104.82648468, 105.348930359, 105.882987976, 106.393829346, 106.916282654, 107.438728333, 107.961174011, 108.483627319, 109.006072998, 109.528526306, 110.062583923, 110.596641541, 111.119087219, 111.641540527, 112.175598145, 112.709655762, 113.243713379, 113.777778625, 114.311836243, 114.822669983, 115.356735229, 115.890792847, 116.424850464, 116.958908081, 117.516189575, 118.07346344, 118.630744934, 119.188026428, 119.745300293, 120.372245789, 120.975959778, 121.579681396, 122.206619263, 122.82194519, 123.448883057, 124.064216614, 124.679542542, 125.306480408], "beats_loudness": {"dmean2": 0.0348668918014, "median": 0.0399042069912, "min": 0, "dvar2": 0.000879398896359, "dvar": 0.000307087291731, "dmean": 0.0200734380633, "max": 0.134946286678, "var": 0.000537339248694, "mean": 0.0440397523344}, "danceability": 1.06335055828, "bpm_histogram_second_peak_weight": {"dmean2": 0, "median": 0.0210084039718, "min": 0.0210084039718, "dvar2": 0, "dvar": 0, "dmean": 0, "max": 0.0210084039718, "var": 0, "mean": 0.0210084039718}, "beats_count": 239, "bpm_histogram_second_peak_bpm": {"dmean2": 0, "median": 108, "min": 108, "dvar2": 0, "dvar": 0, "dmean": 0, "max": 108, "var": 0, "mean": 108}, "bpm_histogram_first_peak_spread": {"dmean2": 0, "median": 0.562211990356, "min": 0.562211990356, "dvar2": 0, "dvar": 0, "dmean": 0, "max": 0.562211990356, "var": 0, "mean": 0.562211990356}, "beats_loudness_band_ratio": {"dmean2": [0.360277354717, 0.0529293566942, 0.0495393499732, 0.0950150489807, 0.168607950211, 0.135241568089], "median": [0.551411628723, 0.0346970334649, 0.0400436669588, 0.0738028213382, 0.148025795817, 0.0866215527058], "min": [0, 0, 0, 0, 0, 0], "dvar2": [0.070942401886, 0.00179367070086, 0.00216629216447, 0.0065660122782, 0.01929509826, 0.0135874804109], "dvar": [0.0254931375384, 0.000625583576038, 0.000783962314017, 0.00217532436363, 0.00665710493922, 0.00396314123645], "dmean": [0.200996145606, 0.0306462217122, 0.0295268315822, 0.0534734725952, 0.0954399183393, 0.0736098960042], "max": [0.987021207809, 0.165939301252, 0.192440867424, 0.244585931301, 0.664813399315, 0.425725907087], "var": [0.0448423475027, 0.000845397415105, 0.00110577791929, 0.00287177925929, 0.013041256927, 0.00462448783219], "mean": [0.558517277241, 0.0415124520659, 0.0465667806566, 0.0835397988558, 0.168931990862, 0.0974025949836]}}, "lowlevel": {"barkbands_spread": {"dmean2": 10.6614522934, "median": 36.1682281494, "min": 0.454627871513, "dvar2": 138.755310059, "dvar": 58.4027366638, "dmean": 6.81925153732, "max": 109.917625427, "var": 205.156417847, "mean": 34.3621559143}, "melbands_spread": {"dmean2": 15.8688983917, "median": 33.7967414856, "min": 0.4483076334, "dvar2": 278.146911621, "dvar": 114.530090332, "dmean": 9.77164363861, "max": 167.014358521, "var": 669.424682617, "mean": 36.9319496155}, "hfc": {"dmean2": 12.9140510559, "median": 20.290512085, "min": 1.05450744729e-16, "dvar2": 395.863800049, "dvar": 199.721893311, "dmean": 9.50106143951, "max": 145.255691528, "var": 481.339080811, "mean": 26.1557235718}, "barkbands_kurtosis": {"dmean2": 3.91963577271, "median": -0.344767570496, "min": -1.88332080841, "dvar2": 117.486961365, "dvar": 49.8430595398, "dmean": 2.42514276505, "max": 235.301834106, "var": 373.537994385, "mean": 5.24550628662}, "gfcc": {"mean": [-16.6700954437, 75.6249694824, -122.111503601, 50.7534599304, -27.9774036407, 20.1232852936, -25.8083896637, 12.1773338318, -21.5625419617, 1.01426720619, -19.5920982361, -3.08201026917, -10.7155170441], "icov": [[8.23543086881e-05, -2.20117944991e-05, 0.000240261433646, -0.000162211596034, 5.63970970688e-05, -0.000135444483021, 0.000146560982103, -0.000251209829003, 0.00026680965675, -0.000323449232383, 0.000439066672698, -0.000173619395355, 0.000322554260492], [-2.20117944991e-05, 0.00178817694541, 0.000566730683204, -0.00135970022529, -0.000801107555162, 0.00112801755313, -6.76502386341e-05, 0.000342573766829, -5.95754499955e-05, 0.00121857097838, -0.00150926306378, 0.000936020282097, -0.00058972206898], [0.000240261433646, 0.000566730683204, 0.00191877654288, -0.000512124970555, -0.000924081308767, 4.60152950836e-05, 0.000578877690714, -0.00116083980538, 0.000884321110789, -0.00133453554008, 0.000333586096531, -0.000215437321458, 0.000684506783728], [-0.000162211596034, -0.00135970022529, -0.000512124970555, 0.00599387288094, 0.000649562571198, -0.00223174784333, 0.00125128554646, -0.000205909047509, -0.00128862645943, 0.0011510043405, -0.00143158482388, 0.00286819040775, -0.00153851974756], [5.63970970688e-05, -0.000801107555162, -0.000924081308767, 0.000649562571198, 0.00799953471869, -0.000406316743465, -0.00187852815725, 0.000364604755305, -0.00215184758417, 0.000245383620495, -0.000726170022972, -0.00134907255415, -0.000276942213532], [-0.000135444483021, 0.00112801755313, 4.60152950836e-05, -0.00223174784333, -0.000406316743465, 0.0114275543019, -0.00177168950904, -0.00215503224172, 0.00197817664593, -0.00381403649226, 0.00171068229247, -0.00133784953505, 0.000250544137089], [0.000146560982103, -6.76502386341e-05, 0.000578877690714, 0.00125128554646, -0.00187852815725, -0.00177168950904, 0.0145207103342, -0.00323110911995, -0.00581265660003, 0.00579846976325, -0.00323602673598, 0.00359044969082, -0.00139895163011], [-0.000251209829003, 0.000342573766829, -0.00116083980538, -0.000205909047509, 0.000364604755305, -0.00215503224172, -0.00323110911995, 0.0157092884183, 0.000793858489487, -0.00418289983645, 0.00260042911395, -0.00193842232693, 0.00123121938668], [0.00026680965675, -5.95754499955e-05, 0.000884321110789, -0.00128862645943, -0.00215184758417, 0.00197817664593, -0.00581265660003, 0.000793858489487, 0.0192775521427, -0.0060270326212, 0.00060539675178, 0.00108479848132, -0.00127058941871], [-0.000323449232383, 0.00121857097838, -0.00133453554008, 0.0011510043405, 0.000245383620495, -0.00381403649226, 0.00579846976325, -0.00418289983645, -0.0060270326212, 0.0246561635286, -0.00919422972947, 0.000411703978898, 0.00194343563635], [0.000439066672698, -0.00150926306378, 0.000333586096531, -0.00143158482388, -0.000726170022972, 0.00171068229247, -0.00323602673598, 0.00260042911395, 0.00060539675178, -0.00919422972947, 0.0258713755757, -0.00630667386577, -0.000553127727471], [-0.000173619395355, 0.000936020282097, -0.000215437321458, 0.00286819040775, -0.00134907255415, -0.00133784953505, 0.00359044969082, -0.00193842232693, 0.00108479848132, 0.000411703978898, -0.00630667386577, 0.0255689248443, -0.00793044269085], [0.000322554260492, -0.00058972206898, 0.000684506783728, -0.00153851974756, -0.000276942213532, 0.000250544137089, -0.00139895163011, 0.00123121938668, -0.00127058941871, 0.00194343563635, -0.000553127727471, -0.00793044269085, 0.0285227652639]], "cov": [[42552.0585938, 221.393447876, -4231.64648438, 1046.19848633, -1357.54736328, 1001.91802979, -915.26739502, 645.307312012, -786.51574707, 324.84552002, -763.76965332, -27.0535373688, -492.875762939], [221.393447876, 1331.40698242, -581.283691406, 275.70513916, 76.8609695435, -160.046813965, 83.6918182373, -136.325958252, 64.7102890015, -138.63192749, 65.607963562, -75.6359481812, 58.5580444336], [-4231.64648438, -581.283691406, 1326.59191895, -166.285720825, 155.745117188, 9.2669467926, 13.0354347229, 59.0457420349, 25.0305156708, 83.8465270996, 51.3208427429, 45.048286438, 3.47392988205], [1046.19848633, 275.70513916, -166.285720825, 278.902893066, -28.2856407166, 27.5251865387, -13.6264238358, -4.47758960724, 0.154253467917, -15.1377563477, -1.33270144463, -33.0905151367, 3.72442913055], [-1357.54736328, 76.8609695435, 155.745117188, -28.2856407166, 195.211196899, -36.4234771729, 60.9704017639, -22.7024536133, 50.8075828552, -13.0779047012, 37.644695282, 5.08905649185, 23.1628799438], [1001.91802979, -160.046813965, 9.2669467926, 27.5251865387, -36.4234771729, 151.605209351, -27.7918128967, 57.2733383179, -30.5853347778, 44.4801979065, -26.2999954224, 11.6225481033, -20.5694942474], [-915.26739502, 83.6918182373, 13.0354347229, -13.6264238358, 60.9704017639, -27.7918128967, 124.072135925, -13.5010290146, 50.6850357056, -30.8380203247, 24.8290252686, -13.7917404175, 19.5431098938], [645.307312012, -136.325958252, 59.0457420349, -4.47758960724, -22.7024536133, 57.2733383179, -13.5010290146, 104.028465271, -18.5604953766, 37.6746520996, -20.2511940002, 11.4802522659, -18.2454986572], [-786.51574707, 64.7102890015, 25.0305156708, 0.154253467917, 50.8075828552, -30.5853347778, 50.6850357056, -18.5604953766, 86.2672348022, -3.73581933975, 23.5694179535, -7.75682544708, 16.0869026184], [324.84552002, -138.63192749, 83.8465270996, -15.1377563477, -13.0779047012, 44.4801979065, -30.8380203247, 37.6746520996, -3.73581933975, 79.422744751, 4.96370601654, 14.0879993439, -14.5897722244], [-763.76965332, 65.607963562, 51.3208427429, -1.33270144463, 37.644695282, -26.2999954224, 24.8290252686, -20.2511940002, 23.5694179535, 4.96370601654, 66.3315963745, 8.76837539673, 15.8146696091], [-27.0535373688, -75.6359481812, 45.048286438, -33.0905151367, 5.08905649185, 11.6225481033, -13.7917404175, 11.4802522659, -7.75682544708, 14.0879993439, 8.76837539673, 54.4169387817, 8.64608001709], [-492.875762939, 58.5580444336, 3.47392988205, 3.72442913055, 23.1628799438, -20.5694942474, 19.5431098938, -18.2454986572, 16.0869026184, -14.5897722244, 15.8146696091, 8.64608001709, 48.5347633362]]}, "spectral_energyband_middle_low": {"dmean2": 0.00348514225334, "median": 0.00347528327256, "min": 1.17331725298e-22, "dvar2": 4.75066663057e-05, "dvar": 2.01472248591e-05, "dmean": 0.00218657008372, "max": 0.0621005855501, "var": 2.87484854198e-05, "mean": 0.00476145651191}, "melbands_crest": {"dmean2": 5.19164466858, "median": 16.9438228607, "min": 1.67785799503, "dvar2": 26.6535434723, "dvar": 9.81232261658, "dmean": 3.11910438538, "max": 30.7665214539, "var": 37.3183898926, "mean": 16.7242908478}, "spectral_kurtosis": {"dmean2": 2.22016596794, "median": 3.99889922142, "min": -1.27174031734, "dvar2": 6.85008382797, "dvar": 2.27632212639, "dmean": 1.3065520525, "max": 29.9976959229, "var": 6.4436955452, "mean": 4.325715065}, "spectral_rms": {"dmean2": 0.0012599559268, "median": 0.00484816869721, "min": 3.09209342159e-12, "dvar2": 2.15724730879e-06, "dvar": 9.77366880761e-07, "dmean": 0.000848127936479, "max": 0.0128630353138, "var": 4.5872575356e-06, "mean": 0.00489741191268}, "zerocrossingrate": {"dmean2": 0.0139639796689, "median": 0.072265625, "min": 0.00341796875, "dvar2": 0.000305128283799, "dvar": 0.000197478104383, "dmean": 0.0115481615067, "max": 0.53564453125, "var": 0.00533904600888, "mean": 0.0808749571443}, "silence_rate_60dB": {"dmean2": 0.0206413567066, "median": 0, "min": 0, "dvar2": 0.027588294819, "dvar": 0.0102126216516, "dmean": 0.0103187765926, "max": 1, "var": 0.0579086914659, "mean": 0.0617170222104}, "erbbands_kurtosis": {"dmean2": 1.18386113644, "median": 0.75356733799, "min": -1.83036160469, "dvar2": 1.68198728561, "dvar": 0.694742679596, "dmean": 0.768239676952, "max": 20.56980896, "var": 3.30747175217, "mean": 1.10091853142}, "erbbands": {"dmean2": [0.10786472261, 2.33933234215, 7.31944084167, 6.15578937531, 5.45613908768, 2.22790908813, 2.00682759285, 4.01263093948, 5.56741905212, 7.47932195663, 6.7732129097, 7.56309270859, 8.19408035278, 12.2015771866, 13.1470527649, 17.4875297546, 18.854221344, 35.7144088745, 28.2819042206, 53.0848274231, 47.1007003784, 44.25598526, 38.0130767822, 17.5301094055, 19.3083343506, 20.3635253906, 10.990228653, 7.76476240158, 7.39479494095, 5.18015956879, 2.94379448891, 1.64358758926, 1.40042114258, 1.28964912891, 2.57770323753, 0.545412540436, 0.140528813004, 0.0260641481727, 0.00425386754796, 0.000255427818047], "median": [0.0600247383118, 1.54118514061, 4.35529708862, 3.95787572861, 3.00501346588, 1.66648936272, 1.63131260872, 2.56856632233, 2.23671150208, 2.03547883034, 3.91262459755, 6.84397888184, 8.79846954346, 8.93934249878, 10.9656524658, 15.8875217438, 15.6050596237, 23.2070846558, 22.5223579407, 31.4747009277, 32.4649658203, 39.8109054565, 38.0415649414, 16.0812549591, 20.0233306885, 20.1169013977, 9.36118888855, 5.19081258774, 4.12765026093, 2.85475921631, 1.45350408554, 0.781057953835, 0.421085119247, 0.347865402699, 0.354609847069, 0.0692453235388, 0.00931813940406, 0.00122476345859, 0.00017158164701, 5.19990207977e-05], "min": [5.76000989443e-23, 5.48955202541e-22, 2.86738504076e-21, 5.82964382036e-21, 9.71552306115e-21, 1.77958796879e-20, 3.56620535721e-20, 7.22995598815e-20, 1.07561138484e-19, 1.70176849698e-19, 2.69183932521e-19, 3.82203765114e-19, 3.26095457929e-19, 7.84892709796e-19, 7.31768999509e-19, 8.63215701963e-19, 1.49743327558e-18, 1.8946423038e-18, 2.81948461576e-18, 2.5623236759e-18, 3.1467381524e-18, 3.36607460439e-18, 5.71571835748e-18, 6.02693348242e-18, 7.09345260136e-18, 7.10970835476e-18, 8.69316117622e-18, 9.16420413912e-18, 1.04604954207e-17, 1.28354310482e-17, 1.08504597943e-17, 9.18940171494e-18, 8.4537469828e-18, 7.75311176908e-18, 6.02921236501e-18, 4.40485422149e-18, 2.07519597919e-18, 9.67971509098e-19, 2.40841183368e-19, 2.76841582891e-20], "dvar2": [0.0304481685162, 13.1314849854, 132.581695557, 95.8886032104, 155.25994873, 19.0551013947, 12.9538850784, 65.2643890381, 224.693328857, 613.100219727, 181.587005615, 204.63508606, 170.467010498, 658.371276855, 546.059448242, 702.202941895, 895.823791504, 5877.66503906, 2412.68017578, 7827.55175781, 8310.57617188, 4670.16650391, 2407.76049805, 867.475769043, 956.056945801, 938.275146484, 307.35635376, 189.48135376, 162.486053467, 90.896484375, 32.9918441772, 7.96318054199, 7.90562438965, 6.34760808945, 51.0877037048, 1.42261564732, 0.129971221089, 0.00405789492652, 0.000107967905933, 3.37941202133e-07], "dvar": [0.0118997115642, 5.05242824554, 45.0500869751, 36.4469833374, 64.3958892822, 7.36148405075, 4.90934610367, 24.2124538422, 80.0509338379, 218.626144409, 68.6343154907, 84.7727661133, 79.2093811035, 259.137542725, 224.406097412, 354.681793213, 384.193634033, 2099.99291992, 1032.46398926, 3197.9831543, 3490.86791992, 2025.22668457, 1089.47045898, 341.50201416, 376.138946533, 394.357116699, 135.291656494, 92.3590545654, 76.6351470947, 37.9961433411, 13.9339599609, 3.65938353539, 3.58248186111, 2.90665102005, 19.233247757, 0.58083575964, 0.0568715855479, 0.00180411105976, 4.67378267786e-05, 1.44100312127e-07], "dmean": [0.0660776048899, 1.45291042328, 4.24682617188, 3.6257712841, 3.36215090752, 1.39171147346, 1.241314888, 2.45949172974, 3.28845524788, 4.38708782196, 4.26032209396, 5.16626596451, 5.74816608429, 7.96582174301, 8.84955692291, 12.1339254379, 12.480922699, 22.0921363831, 18.5043296814, 33.7599105835, 30.2825393677, 28.6278476715, 24.5836162567, 11.0533037186, 12.1702032089, 13.1163034439, 7.36160182953, 5.45292425156, 5.10743713379, 3.41721129417, 1.95095419884, 1.12405276299, 0.943250417709, 0.88456839323, 1.61062455177, 0.349718034267, 0.0938241332769, 0.0173211749643, 0.00278000254184, 0.000167097721715], "max": [1.48118102551, 35.1192703247, 83.7054367065, 63.6448554993, 129.574752808, 58.1071662903, 45.7483062744, 70.4395599365, 118.764152527, 304.257293701, 125.656097412, 119.611251831, 146.230987549, 272.18182373, 322.394104004, 456.809997559, 354.762084961, 609.974853516, 530.456420898, 900.850952148, 854.077148438, 651.887573242, 587.908447266, 336.807525635, 288.929290771, 324.301269531, 153.759918213, 165.09513855, 105.610359192, 92.4378433228, 57.6493377686, 20.2187232971, 32.0304450989, 19.2728900909, 105.405860901, 9.88569545746, 2.63941574097, 0.413576692343, 0.0710150375962, 0.00376601773314], "var": [0.0189353395253, 12.1975030899, 93.0797348022, 50.3572731018, 79.3296585083, 11.7294893265, 8.05583000183, 29.2062301636, 67.4876480103, 153.181747437, 93.2177047729, 160.620605469, 264.52822876, 385.520019531, 392.508575439, 1332.59106445, 842.018615723, 2417.00366211, 2152.15332031, 5237.38330078, 5200.11523438, 4192.04101562, 2917.10913086, 519.825866699, 698.987915039, 958.501403809, 309.247039795, 175.108032227, 131.088867188, 53.9277229309, 19.5960636139, 6.33815908432, 5.97214794159, 4.74921798706, 15.7516231537, 0.604243338108, 0.0611003898084, 0.00200313865207, 5.11127727805e-05, 1.53557493832e-07], "mean": [0.110768787563, 2.89013457298, 7.73578643799, 6.17044305801, 5.48506498337, 2.73343634605, 2.47136330605, 4.28740024567, 4.64029741287, 5.13904809952, 7.13081026077, 10.9389181137, 14.1188631058, 14.9910202026, 17.1308860779, 27.0556259155, 25.0571575165, 37.6391906738, 37.6762313843, 55.016040802, 55.0432319641, 59.76978302, 54.266544342, 22.1861476898, 26.3975200653, 29.0770397186, 15.1915960312, 9.78586196899, 8.30518436432, 5.49457073212, 3.02526712418, 1.80665302277, 1.41268694401, 1.24688363075, 1.60345482826, 0.36307194829, 0.0951100587845, 0.0173712503165, 0.00276970583946, 0.000189930622582]}, "spectral_strongpeak": {"dmean2": 0.59562265873, "median": 0.323663115501, "min": 0, "dvar2": 1.97863173485, "dvar": 0.732810080051, "dmean": 0.335742622614, "max": 8.54052352905, "var": 0.796149134636, "mean": 0.553299188614}, "spectral_energy": {"dmean2": 0.0153991170228, "median": 0.0240923576057, "min": 9.80006754366e-21, "dvar2": 0.000452687207144, "dvar": 0.00018883717712, "dmean": 0.0100306486711, "max": 0.16959412396, "var": 0.000513556587975, "mean": 0.0292861964554}, "average_loudness": 0.871364235878, "spectral_rolloff": {"dmean2": 926.15222168, "median": 2217.91992188, "min": 86.1328125, "dvar2": 2065490.125, "dvar": 830599.875, "dmean": 548.340637207, "max": 19509.0820312, "var": 8071974, "mean": 2343.4609375}, "spectral_centroid": {"dmean2": 360.043945312, "median": 2189.16796875, "min": 128.625305176, "dvar2": 199281.734375, "dvar": 92430.25, "dmean": 227.347503662, "max": 11729.1152344, "var": 2256832.75, "mean": 2243.00366211}, "pitch_salience": {"dmean2": 0.119189657271, "median": 0.465295135975, "min": 0.0940249487758, "dvar2": 0.0136705869809, "dvar": 0.00533089833334, "dmean": 0.0726789906621, "max": 0.835937380791, "var": 0.0199143942446, "mean": 0.457600325346}, "spectral_energyband_middle_high": {"dmean2": 0.00354340462945, "median": 0.00571742746979, "min": 1.08414307835e-21, "dvar2": 3.14752505801e-05, "dvar": 1.46469365063e-05, "dmean": 0.0024638180621, "max": 0.0396327227354, "var": 3.868706699e-05, "mean": 0.00724895810708}, "spectral_contrast_coeffs": {"dmean2": [0.0774284303188, 0.061717543751, 0.0509169697762, 0.048480194062, 0.0359210185707, 0.0280131287873], "median": [-0.642723560333, -0.772346973419, -0.765107154846, -0.749348759651, -0.742494463921, -0.736190438271], "min": [-0.981352865696, -0.976678550243, -0.9772310853, -0.970611095428, -0.967680871487, -0.964713335037], "dvar2": [0.00455952808261, 0.00270772282965, 0.00190718902741, 0.00161211297382, 0.000878380611539, 0.000745914294384], "dvar": [0.00157167087309, 0.00102510803845, 0.000833839934785, 0.000696703558788, 0.000410223932704, 0.000312024640152], "dmean": [0.0458376966417, 0.0374264605343, 0.0328543074429, 0.0307078808546, 0.0231156051159, 0.0174974035472], "max": [-0.408622831106, -0.523684978485, -0.513213396072, -0.564768075943, -0.605646848679, -0.5969825387], "var": [0.00630700122565, 0.00380650698207, 0.00430776365101, 0.00399573286995, 0.00357119273394, 0.00259422138333], "mean": [-0.647714674473, -0.770183801651, -0.765967845917, -0.754037976265, -0.747008621693, -0.741415500641]}, "melbands_skewness": {"dmean2": 1.31619095802, "median": 2.51114797592, "min": -0.62525177002, "dvar2": 2.15670633316, "dvar": 0.903882563114, "dmean": 0.825100779533, "max": 17.1722164154, "var": 5.63865661621, "mean": 3.07244634628}, "spectral_spread": {"dmean2": 843975.375, "median": 4054546.5, "min": 2050810.25, "dvar2": 1872500883460.0, "dvar": 917897412608, "dmean": 587189.4375, "max": 43001364, "var": 33001199108100.0, "mean": 5096746}, "dissonance": {"dmean2": 0.0118325175717, "median": 0.487906754017, "min": 0.413433551788, "dvar2": 0.000141053940752, "dvar": 5.20630819665e-05, "dmean": 0.00708525907248, "max": 0.499999880791, "var": 0.000126669896417, "mean": 0.484933614731}, "spectral_skewness": {"dmean2": 0.283882647753, "median": 1.34282684326, "min": -0.0714289024472, "dvar2": 0.0789371654391, "dvar": 0.028834393248, "dmean": 0.174356684089, "max": 4.23687696457, "var": 0.166229367256, "mean": 1.33992540836}, "spectral_flux": {"dmean2": 0.0346332862973, "median": 0.0620149672031, "min": 6.36503280638e-11, "dvar2": 0.00155925774015, "dvar": 0.000779952330049, "dmean": 0.0236001964658, "max": 0.289970606565, "var": 0.00219762464985, "mean": 0.0732015222311}, "spectral_contrast_valleys": {"dmean2": [0.624396324158, 0.6069226861, 0.528058171272, 0.48632133007, 0.391550302505, 0.458640575409], "median": [-7.12062263489, -7.14021968842, -7.36348342896, -7.41975736618, -7.16964387894, -9.98057937622], "min": [-28.1053981781, -28.0223045349, -27.7746753693, -27.726776123, -27.5695381165, -27.4453144073], "dvar2": [0.368827432394, 0.39702925086, 0.34829980135, 0.302949219942, 0.269498795271, 0.435582101345], "dvar": [0.167539745569, 0.19159168005, 0.176916182041, 0.166559100151, 0.15133574605, 0.253976553679], "dmean": [0.388781249523, 0.394337147474, 0.356669783592, 0.342600524426, 0.293284893036, 0.372350603342], "max": [-5.34887552261, -5.02233600616, -5.39050245285, -5.4636425972, -5.50776910782, -8.08951663971], "var": [10.3117179871, 10.7423095703, 10.4349889755, 10.467549324, 10.65583992, 8.59767723083], "mean": [-7.71858310699, -7.76235866547, -7.9779253006, -8.009765625, -7.80365180969, -10.6297798157]}, "erbbands_flatness_db": {"dmean2": 0.0212427470833, "median": 0.13470941782, "min": 0.042379103601, "dvar2": 0.000492338382173, "dvar": 0.000268623174634, "dmean": 0.0152258956805, "max": 0.280119270086, "var": 0.00158297200687, "mean": 0.140441477299}, "spectral_energyband_high": {"dmean2": 0.000882906548213, "median": 0.000658763514366, "min": 7.02012030002e-21, "dvar2": 2.08760252463e-06, "dvar": 1.0252216498e-06, "dmean": 0.00063220015727, "max": 0.0116910757497, "var": 1.99211376639e-06, "mean": 0.00118444219697}, "spectral_entropy": {"dmean2": 0.176269933581, "median": 7.7405090332, "min": 5.25263404846, "dvar2": 0.0417466908693, "dvar": 0.0227487701923, "dmean": 0.132592752576, "max": 9.83038902283, "var": 0.271325707436, "mean": 7.72112417221}, "silence_rate_20dB": {"dmean2": 0, "median": 1, "min": 1, "dvar2": 0, "dvar": 0, "dmean": 0, "max": 1, "var": 0, "mean": 1}, "melbands_flatness_db": {"dmean2": 0.0421287938952, "median": 0.167779460549, "min": 0.00321710109711, "dvar2": 0.00179378828034, "dvar": 0.000778342538979, "dmean": 0.0269018746912, "max": 0.602422893047, "var": 0.00737358583137, "mean": 0.184203848243}, "barkbands": {"dmean2": [0.00020115856023, 0.00846848636866, 0.0061632967554, 0.00223636091687, 0.000823735026643, 0.000416638125898, 0.000455765024526, 0.000325189845171, 0.000375206087483, 0.000309842755087, 0.000350935064489, 0.000438665039837, 0.000516107887961, 0.000673811475281, 0.000837388681248, 0.000792441132944, 0.000941141217481, 0.000670728913974, 0.000326755951392, 0.000422719487688, 0.000225684954785, 0.000208846395253, 0.000104959777673, 7.45146244299e-05, 0.000245101284236, 7.02558536432e-05, 2.40206500166e-05], "median": [2.46162799158e-05, 0.00536358216777, 0.00320536224172, 0.000909019901883, 0.000553046353161, 0.000308897084324, 0.000146563936141, 0.00012452408555, 0.000338049663696, 0.000191832426935, 0.000212669663597, 0.000392185669625, 0.00038555249921, 0.000378072378226, 0.000610487302765, 0.000412884168327, 0.000714566733222, 0.00058865104802, 0.000273359386483, 0.000411711982451, 0.000172869564267, 0.000119231590361, 5.29158714926e-05, 2.59247026406e-05, 4.64741387987e-05, 4.75585329696e-06, 1.02531942048e-06], "min": [3.1748107724e-26, 1.59181924786e-24, 8.34302941843e-25, 2.51209451913e-25, 9.98116673295e-24, 7.3781158612e-24, 6.79705354019e-24, 7.08600145685e-24, 1.62957505769e-23, 1.09040140852e-23, 1.71932865382e-23, 1.77717266855e-23, 2.49310464526e-23, 3.22769318238e-23, 4.89306217256e-23, 3.24941273191e-23, 4.7517847575e-23, 9.28961213593e-23, 1.15989071416e-22, 1.29657670631e-22, 2.25143224757e-22, 3.03046634404e-22, 4.00650008692e-22, 5.75766173951e-22, 8.05712589744e-22, 1.28538061174e-21, 2.0027157385e-21], "dvar2": [1.6176576878e-07, 0.000174548462383, 9.87014354905e-05, 1.90747214219e-05, 3.09276151711e-06, 6.02666091254e-07, 2.02153978535e-06, 6.11963969277e-07, 4.23858921295e-07, 4.2028582925e-07, 4.24850753689e-07, 4.05591407571e-07, 5.61876788652e-07, 2.82946916741e-06, 1.65840367572e-06, 2.66525717052e-06, 2.15592467612e-06, 7.31102716145e-07, 3.39715569453e-07, 3.70072342548e-07, 1.35754490316e-07, 1.35364643938e-07, 3.77719864275e-08, 2.10364152764e-08, 3.5670805687e-07, 3.11725578683e-08, 3.26686433461e-09], "dvar": [5.78329952816e-08, 6.74073962728e-05, 3.29230970237e-05, 7.78714729677e-06, 1.25983649468e-06, 2.27704703093e-07, 7.14239718036e-07, 2.24734407084e-07, 1.90065847505e-07, 1.69677008444e-07, 1.75212406361e-07, 1.88164307247e-07, 2.31742305346e-07, 1.01118121165e-06, 6.93959236742e-07, 1.10871144443e-06, 9.07236653802e-07, 3.13867332125e-07, 1.29333045606e-07, 1.58892177637e-07, 6.25453324687e-08, 6.18785307438e-08, 1.62928337488e-08, 9.74766667383e-09, 1.38