{"tonal": {"thpcp": [1, 0.678932845592, 0.474073320627, 0.698745787144, 0.719512403011, 0.454783022404, 0.431953877211, 0.546649336815, 0.522837460041, 0.473887264729, 0.583176553249, 0.750755906105, 0.691927850246, 0.491847068071, 0.705520272255, 0.889873325825, 0.562181651592, 0.311203271151, 0.294131428003, 0.330964535475, 0.414771109819, 0.456812918186, 0.504628777504, 0.604634344578, 0.622440993786, 0.715140044689, 0.900880455971, 0.814008891582, 0.553766906261, 0.562524020672, 0.67224752903, 0.588780224323, 0.463883519173, 0.467669248581, 0.605943143368, 0.886664807796], "hpcp": {"dmean2": [0.317669391632, 0.310406446457, 0.31035733223, 0.335352122784, 0.337861031294, 0.313014686108, 0.413586437702, 0.297358900309, 0.231683343649, 0.32527923584, 0.31020873785, 0.238951280713, 0.273460268974, 0.33273267746, 0.304975926876, 0.254895955324, 0.287549108267, 0.38958543539, 0.378260165453, 0.287123948336, 0.265439599752, 0.303707331419, 0.240734368563, 0.189072772861, 0.167059421539, 0.182754740119, 0.209162652493, 0.259204477072, 0.285618126392, 0.268666774035, 0.38549926877, 0.363262802362, 0.345866829157, 0.447699397802, 0.396023631096, 0.282694011927], "median": [0.280572324991, 0.257347822189, 0.186318859458, 0.198941364884, 0.276745826006, 0.429845929146, 0.455391347408, 0.364711582661, 0.223745405674, 0.271899610758, 0.296235442162, 0.21167498827, 0.168587058783, 0.216354951262, 0.230501025915, 0.193737253547, 0.266439795494, 0.342683643103, 0.302342742682, 0.235805854201, 0.316464453936, 0.355330646038, 0.236059889197, 0.139275640249, 0.133574128151, 0.144507423043, 0.19307783246, 0.218835398555, 0.239720121026, 0.284793078899, 0.284172028303, 0.369423091412, 0.430303126574, 0.385798513889, 0.245983332396, 0.247304812074], "min": [0, 0, 0, 0, 0, 0, 0, 0, 0, 0, 0, 0, 0, 0, 0, 0, 0.0259001292288, 0.0447161197662, 0.0381922610104, 0.0104168215767, 0, 0, 0, 0, 0, 0, 0, 0, 0, 0, 0, 0, 0, 0, 0, 0], "dvar2": [0.0607129298151, 0.0625893175602, 0.0700689926744, 0.113831795752, 0.0759015232325, 0.0827947407961, 0.120150096714, 0.060747794807, 0.0308262184262, 0.05098317191, 0.0617907196283, 0.0435999110341, 0.079002186656, 0.124489322305, 0.0800783112645, 0.0434877052903, 0.0610411353409, 0.068533308804, 0.077690847218, 0.0703747197986, 0.0497477315366, 0.0901993587613, 0.0461599268019, 0.0305149015039, 0.0370289795101, 0.0393981337547, 0.0396690405905, 0.0385441593826, 0.0396853536367, 0.0597255788743, 0.107258580625, 0.0943915471435, 0.0871516019106, 0.11475379765, 0.101222105324, 0.0531863234937], "dvar": [0.0303791277111, 0.0255993306637, 0.0233899541199, 0.039842620492, 0.0317473746836, 0.0277786925435, 0.0474291443825, 0.021821834147, 0.0112675018609, 0.0219520945102, 0.023819534108, 0.0139909535646, 0.0293607003987, 0.0447816513479, 0.0300989039242, 0.0181762427092, 0.022963412106, 0.0276161022484, 0.0290051940829, 0.024017624557, 0.016104510054, 0.0367115624249, 0.0178723428398, 0.00999492779374, 0.012952953577, 0.0143523002043, 0.0140027366579, 0.0158952847123, 0.0161397438496, 0.0276352874935, 0.0383333936334, 0.0277415271848, 0.0348892845213, 0.0417997762561, 0.0382346771657, 0.025671441108], "dmean": [0.191938892007, 0.182054907084, 0.178021654487, 0.197162389755, 0.19768075645, 0.178324088454, 0.238986238837, 0.188221991062, 0.138842046261, 0.191656768322, 0.18167668581, 0.139896854758, 0.152382597327, 0.195103928447, 0.188859701157, 0.143910512328, 0.167136386037, 0.222870603204, 0.223318487406, 0.167738437653, 0.169285014272, 0.189390853047, 0.149899154902, 0.112376302481, 0.100455336273, 0.106979958713, 0.12923283875, 0.149462878704, 0.164978206158, 0.171461209655, 0.216946303844, 0.208933547139, 0.208759173751, 0.252379000187, 0.21308465302, 0.175774410367], "max": [1, 1, 1, 0.930063724518, 1, 1, 1, 0.894959449768, 0.724935293198, 1, 1, 0.590949475765, 1, 1, 1, 0.865769147873, 1, 1, 1, 1, 1, 1, 0.81822514534, 0.72572606802, 0.823831439018, 0.662012279034, 0.688964486122, 0.732875168324, 0.693055212498, 1, 1, 0.878746509552, 1, 1, 0.98750603199, 0.9630382061], "var": [0.0525498539209, 0.0414239168167, 0.0349430032074, 0.0393821820617, 0.0497827529907, 0.0840703845024, 0.113128788769, 0.0433627665043, 0.0235203821212, 0.0776548460126, 0.0665516257286, 0.0193844810128, 0.034954521805, 0.0571339838207, 0.0460956394672, 0.0289471093565, 0.0393796004355, 0.0729913935065, 0.0585412606597, 0.0331329740584, 0.0535532236099, 0.1126101017, 0.0341857410967, 0.0137102855369, 0.0138095943257, 0.0151070719585, 0.0183671433479, 0.0201886557043, 0.0235595647246, 0.0449842959642, 0.0493578910828, 0.0405007302761, 0.0822626277804, 0.071110367775, 0.05125920102, 0.0456233397126], "mean": [0.352659910917, 0.30887311697, 0.243352502584, 0.245338499546, 0.317876756191, 0.465142846107, 0.524598300457, 0.356167018414, 0.248698055744, 0.366560846567, 0.377454996109, 0.238578394055, 0.226602271199, 0.286771327257, 0.274279654026, 0.248600453138, 0.30593341589, 0.393845260143, 0.36298418045, 0.258022129536, 0.37011474371, 0.466826021671, 0.294919550419, 0.163256704807, 0.15430085361, 0.173623427749, 0.217588216066, 0.239643275738, 0.264727413654, 0.317190140486, 0.326531499624, 0.375161260366, 0.472600370646, 0.427027672529, 0.290505170822, 0.295099139214]}, "tuning_equal_tempered_deviation": 0.203118950129, "chords_changes_rate": 0.235955059528, "key_key": "E", "tuning_diatonic_strength": 0.435779511929, "key_scale": "major", "chords_number_rate": 0.0561797767878, "tuning_frequency": 454.990661621, "tuning_nontempered_energy_ratio": 0.83664226532, "chords_histogram": [23.5955047607, 0, 0, 0, 0, 0, 0, 0, 0, 0, 3.37078642845, 15.7303371429, 0, 0, 0, 0, 0, 23.5955047607, 33.7078666687, 0, 0, 0, 0, 0], "key_strength": 0.505657315254, "chords_key": "G", "chords_strength": {"dmean2": 0.012166634202, "median": 0.590582489967, "min": 0.446259468794, "dvar2": 6.83115940774e-05, "dvar": 4.99429406773e-05, "dmean": 0.00937194563448, "max": 0.69267231226, "var": 0.00449484726414, "mean": 0.594294786453}, "chords_scale": "major", "hpcp_entropy": {"dmean2": 1.20278978348, "median": 2.96572351456, "min": 0.0384214445949, "dvar2": 0.62829709053, "dvar": 0.299787402153, "dmean": 0.691477537155, "max": 4.06452560425, "var": 0.618898153305, "mean": 2.79027247429}}, "metadata": {"audio_properties": {"equal_loudness": 0, "codec": "flac", "downmix": "mix", "sample_rate": 44100, "analysis_sample_rate": 44100, "bit_rate": 0, "md5_encoded": "44e3bbb9711b2f8a0e11f0bc6d5e17f6", "length": 4.05333328247, "replay_gain": -15.103559494, "lossless": true}, "version": {"essentia_build_sha": "2d9f1f26377add8aeb1075a9c2973f962c4f09fd", "essentia": "2.1-beta2", "extractor": "music 1.0", "essentia_git_sha": "v2.1_beta2-1-ge3940c0"}, "tags": {"title": ["!"], "media": ["CD"], "albumartist": ["Scraping Foetus Off the Wheel"], "tracktotal": ["10"], "musicbrainz_releasegroupid": ["eec8dc57-6bc8-3c4f-aff3-32491f33928e"], "releasetype": ["album"], "musicbrainz_recordingid": ["0e5f44f7-58b8-4aa2-abe3-80c47cea7177"], "musicbrainz_albumartistid": ["934c6bbc-3fc4-4d4a-9280-f02856da0e12"], "originalyear": ["1985"], "musicbrainz_releasetrackid": ["2e1f624e-1cb1-324a-9f7e-5a38994845d9"], "discnumber": ["1"], "album": ["Nail"], "catalognumber": ["WOMB CDFIP 4"], "releasecountry": ["GB"], "asin": ["B000000ILF"], "albumartistsort": ["Foetus"], "date": ["1985"], "file_name": "5f44f758b84aa2abe380c47cea7177.flac", "disctotal": ["1"], "musicbrainz_artistid": ["934c6bbc-3fc4-4d4a-9280-f02856da0e12"], "originaldate": ["1985"], "musicbrainz_albumid": ["29390968-aee2-4b50-b6ac-6112372551da"], "tracknumber": ["3"], "artistsort": ["Foetus"], "artist": ["Scraping Foetus Off the Wheel"], "label": ["Self Immolation", "Some Bizzare"], "releasestatus": ["official"], "totaldiscs": ["1"], "script": ["Latn"], "totaltracks": ["10"]}}, "rhythm": {"bpm_histogram_first_peak_bpm": {"dmean2": 0, "median": 80, "min": 80, "dvar2": 0, "dvar": 0, "dmean": 0, "max": 80, "var": 0, "mean": 80}, "bpm": 80.128364563, "bpm_histogram_second_peak_spread": {"dmean2": 0, "median": 0, "min": 0, "dvar2": 0, "dvar": 0, "dmean": 0, "max": 0, "var": 0, "mean": 0}, "bpm_histogram_first_peak_weight": {"dmean2": 0, "median": 1, "min": 1, "dvar2": 0, "dvar": 0, "dmean": 0, "max": 1, "var": 0, "mean": 1}, "onset_rate": 0.981570541859, "beats_position": [0.731428563595, 1.47446703911, 2.21750569344, 2.97215414047, 3.72680258751], "beats_loudness": {"dmean2": 0.0324934832752, "median": 0.0327776707709, "min": 0.000135470792884, "dvar2": 0.000117703610158, "dvar": 0.000131206281367, "dmean": 0.0199558939785, "max": 0.067435324192, "var": 0.000544074224308, "mean": 0.03647416085}, "danceability": 0.636237382889, "bpm_histogram_second_peak_weight": {"dmean2": 0, "median": 0, "min": 0, "dvar2": 0, "dvar": 0, "dmean": 0, "max": 0, "var": 0, "mean": 0}, "beats_count": 5, "bpm_histogram_second_peak_bpm": {"dmean2": 0, "median": 0, "min": 0, "dvar2": 0, "dvar": 0, "dmean": 0, "max": 0, "var": 0, "mean": 0}, "bpm_histogram_first_peak_spread": {"dmean2": 0, "median": 0, "min": 0, "dvar2": 0, "dvar": 0, "dmean": 0, "max": 0, "var": 0, "mean": 0}, "beats_loudness_band_ratio": {"dmean2": [0.110928177834, 0.0414116047323, 0.0721699222922, 0.163012683392, 0.0987712815404, 0.038039393723], "median": [0.0696872919798, 0.0576201155782, 0.136975109577, 0.622779667377, 0.112926013768, 0.00744283013046], "min": [0.00284028984606, 0.00595216732472, 0.0872340351343, 0.5287104249, 0.0788680315018, 0.00608953135088], "dvar2": [0.000705378770363, 0.00118669355288, 0.000968223379459, 0.00105665251613, 0.00249110674486, 0.00113740132656], "dvar": [0.000759308983106, 0.000221300782869, 0.00039898743853, 0.00196591042913, 0.00074325921014, 0.000361729325959], "dmean": [0.0508914738894, 0.0492490977049, 0.0405764207244, 0.0741944909096, 0.0661517307162, 0.0282205864787], "max": [0.111873827875, 0.151280611753, 0.165430963039, 0.674766361713, 0.20552380383, 0.062485139817], "var": [0.00165306194685, 0.00234788702801, 0.000713342684321, 0.00372660090216, 0.0020383275114, 0.000494305160828], "mean": [0.0640551075339, 0.0668816864491, 0.134827584028, 0.608991742134, 0.131399571896, 0.023654891178]}}, "lowlevel": {"barkbands_spread": {"dmean2": 4.89638900757, "median": 12.8547611237, "min": 5.34550428391, "dvar2": 17.3117752075, "dvar": 6.44533920288, "dmean": 2.89153075218, "max": 34.5091667175, "var": 19.6989250183, "mean": 13.0044403076}, "melbands_spread": {"dmean2": 8.27078914642, "median": 25.186416626, "min": 5.42774438858, "dvar2": 40.5958595276, "dvar": 15.1948022842, "dmean": 4.97826290131, "max": 53.6634140015, "var": 56.2734642029, "mean": 25.0185871124}, "hfc": {"dmean2": 11.5779190063, "median": 46.0440940857, "min": 0.000127320861793, "dvar2": 221.557647705, "dvar": 103.599311829, "dmean": 7.08018350601, "max": 117.992897034, "var": 593.52734375, "mean": 38.8793067932}, "barkbands_kurtosis": {"dmean2": 1.5526766777, "median": 0.637193500996, "min": -0.953456759453, "dvar2": 2.18394565582, "dvar": 1.16261351109, "dmean": 0.961106240749, "max": 16.3191947937, "var": 3.96238636971, "mean": 1.13549995422}, "gfcc": {"mean": [-26.1697616577, 101.97353363, -168.122589111, -1.59763526917, -58.6169166565, 25.0924072266, -29.0494060516, -2.7499101162, -21.8357257843, -5.4407916069, -17.6017284393, -3.56565761566, -10.807100296], "icov": [[0.000247460906394, -0.000509827339556, 0.000617946672719, -0.0020515434444, 0.000921809987631, -0.0007799435989, 0.000499408401083, -0.000359333644155, 0.000255689024925, -0.000568886927795, -0.000281783926766, -0.000584823195823, 3.59642763215e-05], [-0.000509827339556, 0.0123835578561, -0.00685341097414, 0.00101862067822, -0.00237544998527, 0.00239974353462, -0.00623129121959, 0.0157524365932, -0.0130135156214, 0.0216188244522, -0.0238529443741, 0.0253857262433, -0.00983613729477], [0.000617946672719, -0.00685341097414, 0.0131235932931, -0.00638635549694, -0.0038040059153, 0.00351049285382, 0.0056640454568, -0.00682464847341, 0.00994658190757, -0.0213587731123, 0.0196897648275, -0.0174390748143, 0.00300631369464], [-0.0020515434444, 0.00101862067822, -0.00638635549694, 0.0264413319528, -0.00501435808837, 0.00181173859164, -0.00168962869793, -0.00214024726301, -0.0016484077787, 0.00286997831427, 0.00360817532055, 0.00150604487862, 0.00366208376363], [0.000921809987631, -0.00237544998527, -0.0038040059153, -0.00501435808837, 0.0255053713918, -0.00654688058421, -0.00937026832253, -0.00113415403757, 0.00237638270482, 0.00653490098193, -0.00869741849601, 0.00906566344202, -0.010062219575], [-0.0007799435989, 0.00239974353462, 0.00351049285382, 0.00181173859164, -0.00654688058421, 0.0200321990997, -0.0136065753177, -0.00115186127368, 0.00668131187558, -0.00403455412015, 0.00516183162108, -0.00186956999823, 0.00475049950182], [0.000499408401083, -0.00623129121959, 0.0056640454568, -0.00168962869793, -0.00937026832253, -0.0136065753177, 0.0430554151535, -0.0114041706547, -0.00195923727006, -0.00282351090573, 0.0128291193396, -0.0238157175481, 0.0154118863866], [-0.000359333644155, 0.0157524365932, -0.00682464847341, -0.00214024726301, -0.00113415403757, -0.00115186127368, -0.0114041706547, 0.0479324162006, -0.0252372920513, 0.020718023181, -0.0351215228438, 0.0495921559632, -0.022042600438], [0.000255689024925, -0.0130135156214, 0.00994658190757, -0.0016484077787, 0.00237638270482, 0.00668131187558, -0.00195923727006, -0.0252372920513, 0.0661822482944, -0.0549267791212, 0.0373129434884, -0.0386390946805, 0.0144075807184], [-0.000568886927795, 0.0216188244522, -0.0213587731123, 0.00286997831427, 0.00653490098193, -0.00403455412015, -0.00282351090573, 0.020718023181, -0.0549267791212, 0.106164857745, -0.0702036619186, 0.0391623452306, -0.0040296819061], [-0.000281783926766, -0.0238529443741, 0.0196897648275, 0.00360817532055, -0.00869741849601, 0.00516183162108, 0.0128291193396, -0.0351215228438, 0.0373129434884, -0.0702036619186, 0.107292197645, -0.0550797171891, -0.00285739358515], [-0.000584823195823, 0.0253857262433, -0.0174390748143, 0.00150604487862, 0.00906566344202, -0.00186956999823, -0.0238157175481, 0.0495921559632, -0.0386390946805, 0.0391623452306, -0.0550797171891, 0.097615621984, -0.0431059487164], [3.59642763215e-05, -0.00983613729477, 0.00300631369464, 0.00366208376363, -0.010062219575, 0.00475049950182, 0.0154118863866, -0.022042600438, 0.0144075807184, -0.0040296819061, -0.00285739358515, -0.0431059487164, 0.0715586617589]], "cov": [[23011.3105469, 546.011047363, -729.280029297, 1508.91943359, -266.77633667, 788.021057129, 130.126998901, 262.002380371, 51.3978614807, 32.7244758606, 200.794158936, -146.905960083, -109.223068237], [546.011047363, 546.083557129, 100.186706543, 58.4754371643, 105.43195343, -81.8794326782, -25.3428859711, -31.6019592285, -39.7008628845, -51.52186203, 57.0438156128, -62.579864502, 53.2434539795], [-729.280029297, 100.186706543, 260.997711182, 2.31456184387, 23.9874210358, -113.918571472, -46.2200813293, -29.8205471039, 7.69191837311, 24.4620628357, 0.571877241135, 21.3042373657, 27.4437770844], [1508.91943359, 58.4754371643, 2.31456184387, 153.083068848, -0.792285084724, 41.615272522, 8.11093616486, 19.3453655243, 4.07971143723, 2.50733709335, 7.70474386215, -13.6228790283, -7.89269685745], [-266.77633667, 105.43195343, 23.9874210358, -0.792285084724, 97.5549468994, 14.7116556168, 21.3725128174, 6.1662402153, -21.5835437775, -21.7805252075, 8.66220378876, -19.5358028412, 15.3933315277], [788.021057129, -81.8794326782, -113.918571472, 41.615272522, 14.7116556168, 168.754302979, 67.7666473389, 25.2983207703, -7.26961755753, -11.457575798, -13.473241806, -8.44854831696, -29.7401008606], [130.126998901, -25.3428859711, -46.2200813293, 8.11093616486, 21.3725128174, 67.7666473389, 60.6205673218, 10.595533371, 0.709927618504, -8.85646820068, -8.49817562103, 0.595356047153, -13.9303598404], [262.002380371, -31.6019592285, -29.8205471039, 19.3453655243, 6.1662402153, 25.2983207703, 10.595533371, 59.5187606812, 8.64662075043, 7.21984434128, 7.62820196152, -19.5284824371, -1.76667642593], [51.3978614807, -39.7008628845, 7.69191837311, 4.07971143723, -21.5835437775, -7.26961755753, 0.709927618504, 8.64662075043, 40.5922927856, 25.226146698, 0.483501464128, 13.8442106247, -4.45007705688], [32.7244758606, -51.52186203, 24.4620628357, 2.50733709335, -21.7805252075, -11.457575798, -8.85646820068, 7.21984434128, 25.226146698, 38.6503143311, 9.68170452118, 13.4806337357, -0.820407569408], [200.794158936, 57.0438156128, 0.571877241135, 7.70474386215, 8.66220378876, -13.473241806, -8.49817562103, 7.62820196152, 0.483501464128, 9.68170452118, 35.3643569946, 3.31765937805, 17.4727630615], [-146.905960083, -62.579864502, 21.3042373657, -13.6228790283, -19.5358028412, -8.44854831696, 0.595356047153, -19.5284824371, 13.8442106247, 13.4806337357, 3.31765937805, 47.614151001, 9.73049736023], [-109.223068237, 53.2434539795, 27.4437770844, -7.89269685745, 15.3933315277, -29.7401008606, -13.9303598404, -1.76667642593, -4.45007705688, -0.820407569408, 17.4727630615, 9.73049736023, 34.6029014587]]}, "spectral_energyband_middle_low": {"dmean2": 0.00517094368115, "median": 0.0100910458714, "min": 1.70468439364e-08, "dvar2": 3.3027423342e-05, "dvar": 1.19237984109e-05, "dmean": 0.00300355022773, "max": 0.0285189896822, "var": 5.88292823522e-05, "mean": 0.00967590231448}, "melbands_crest": {"dmean2": 3.3305811882, "median": 6.67812919617, "min": 3.66367101669, "dvar2": 10.625878334, "dvar": 3.98304748535, "dmean": 2.01069927216, "max": 19.5396251678, "var": 6.81824302673, "mean": 7.25331068039}, "spectral_kurtosis": {"dmean2": 3.29925251007, "median": 7.18518829346, "min": 2.23446726799, "dvar2": 11.9084625244, "dvar": 4.56196832657, "dmean": 1.94698798656, "max": 24.6640892029, "var": 9.49962520599, "mean": 7.52387285233}, "spectral_rms": {"dmean2": 0.000849732314236, "median": 0.0063946172595, "min": 1.06839270302e-05, "dvar2": 9.89538648355e-07, "dvar": 4.82278892378e-07, "dmean": 0.000498641573358, "max": 0.00985174067318, "var": 6.94442405802e-06, "mean": 0.00522094918415}, "zerocrossingrate": {"dmean2": 0.00682751880959, "median": 0.0576171875, "min": 0.01416015625, "dvar2": 5.72793032916e-05, "dvar": 4.46309022664e-05, "dmean": 0.00510044628754, "max": 0.14013671875, "var": 0.000246627751039, "mean": 0.0602999590337}, "silence_rate_60dB": {"dmean2": 0.0229885056615, "median": 0, "min": 0, "dvar2": 0.0224600378424, "dvar": 0.0112979505211, "dmean": 0.0114285713062, "max": 1, "var": 0.155862510204, "mean": 0.193181812763}, "erbbands_kurtosis": {"dmean2": 1.74619531631, "median": 1.93349695206, "min": -1.11588120461, "dvar2": 2.26156497002, "dvar": 0.919138252735, "dmean": 1.02178680897, "max": 7.45116186142, "var": 1.45033180714, "mean": 2.07435774803}, "erbbands": {"dmean2": [0.0196695514023, 0.228033959866, 1.68541657925, 3.24551606178, 6.99460077286, 8.82833766937, 8.15469169617, 13.0444774628, 17.2448654175, 36.2151679993, 31.5706596375, 59.6561927795, 74.7936782837, 137.345214844, 215.506958008, 155.053634644, 149.203720093, 93.3289413452, 69.3411178589, 42.3670387268, 28.75025177, 21.0405750275, 11.3197860718, 8.52650260925, 8.69816589355, 3.39507555962, 1.93485200405, 2.36394453049, 24.8599662781, 4.62663412094, 0.662305057049, 0.334390878677, 0.23599204421, 0.135193511844, 0.0698866769671, 0.0237647052854, 0.00379651691765, 0.000582826614846, 0.000155299901962, 1.99370279006e-05], "median": [0.00580029003322, 0.140720173717, 0.832098245621, 1.12543642521, 2.06041812897, 3.20491313934, 3.03882265091, 4.8298625946, 8.47442245483, 18.8752574921, 26.7259693146, 42.2992095947, 76.3575210571, 145.097412109, 206.854217529, 184.327774048, 187.654541016, 121.760162354, 88.0082550049, 67.0165634155, 46.137840271, 29.348815918, 16.7253608704, 11.0369672775, 8.40289497375, 5.37487125397, 3.84475708008, 3.6943602562, 3.22695541382, 1.87685227394, 0.927531838417, 0.477281868458, 0.306244075298, 0.157879024744, 0.0547063909471, 0.0143140498549, 0.00253190845251, 0.000399028649554, 8.18415137473e-05, 5.83725632168e-05], "min": [1.01773316885e-07, 3.87637243193e-07, 1.0945110489e-06, 3.46768160853e-06, 7.49774198994e-06, 4.22044331572e-06, 9.84462167253e-06, 2.09534628084e-05, 1.6230133042e-05, 1.09979291665e-05, 5.17537446285e-05, 0.000116247341793, 0.000473552965559, 0.000788640114479, 0.000912656250875, 0.000878843478858, 0.00110811344348, 0.000162410506164, 0.00011493403872, 0.000146583173773, 0.000143467506859, 4.80880917166e-05, 2.82864020846e-05, 2.66934657702e-05, 6.69635483064e-06, 5.86851410844e-06, 7.71923896536e-06, 6.4347764237e-06, 4.98594090459e-06, 2.21981827053e-06, 1.28084718654e-06, 2.04779303203e-06, 1.04261641809e-06, 8.99493045381e-07, 4.19184686962e-07, 3.19944035709e-07, 1.69129179994e-07, 1.12247107609e-07, 1.21769234696e-08, 1.23187104961e-09], "dvar2": [0.00105549476575, 0.120475657284, 7.69437122345, 26.8457584381, 177.599136353, 206.070129395, 123.486549377, 264.026885986, 563.777587891, 1946.84729004, 1533.7668457, 6800.24511719, 5240.33056641, 23290.4101563, 97623.296875, 27818.6464844, 31419.9394531, 10844.3535156, 7223.79589844, 2467.90625, 832.352539063, 527.35534668, 177.805740356, 176.223556519, 363.015655518, 16.0543689728, 6.56064653397, 10.9746665955, 7798.41308594, 213.3540802, 1.40812730789, 0.236920326948, 0.144643470645, 0.0717856362462, 0.0331068783998, 0.00562292151153, 0.000139414260047, 2.78852849078e-06, 4.41072216972e-07, 1.47148060403e-09], "dvar": [0.000363382103387, 0.0374377891421, 2.65597248077, 9.59218025208, 59.3771972656, 64.8667068481, 40.3418312073, 95.0526199341, 206.230895996, 665.350646973, 550.928955078, 2322.51147461, 1822.2421875, 7875.40869141, 38379.671875, 9673.23535156, 16245.2773438, 4094.10717773, 2632.59814453, 970.639709473, 347.282623291, 214.595718384, 71.6034240723, 70.0021591187, 128.383575439, 7.31784200668, 2.69208049774, 4.57247257233, 3448.22509766, 99.7051467896, 0.656096756458, 0.112405441701, 0.0613116174936, 0.0297175329179, 0.0127548472956, 0.00219920394011, 5.49390715605e-05, 1.11211807052e-06, 1.65697784382e-07, 5.8889743082e-10], "dmean": [0.0110575584695, 0.140705659986, 0.964131712914, 1.83796072006, 3.79303884506, 4.96429252625, 4.54411363602, 7.26677083969, 9.73688030243, 20.7645816803, 18.122220993, 34.5088272095, 41.7344856262, 78.1684951782, 126.223449707, 88.4066238403, 92.2155303955, 54.483795166, 41.7582969666, 26.2175102234, 17.5816688538, 11.8581733704, 6.72378540039, 4.97867155075, 5.1566491127, 1.92252480984, 1.15061354637, 1.4258300066, 15.2343053818, 2.94536423683, 0.414684593678, 0.205577671528, 0.151866286993, 0.0859484449029, 0.0466804988682, 0.0150482747704, 0.00237839506008, 0.000356069300324, 9.12466857699e-05, 1.19072547022e-05], "max": [0.114516466856, 1.24298667908, 14.3875074387, 26.5115966797, 64.1064529419, 45.4974021912, 42.8525505066, 64.7079467773, 109.442222595, 146.901107788, 151.635971069, 355.335235596, 273.116607666, 594.731933594, 2243.99194336, 677.945983887, 1321.29663086, 449.262664795, 416.823150635, 232.793502808, 187.598861694, 146.189941406, 71.5252075195, 94.3253326416, 103.070831299, 28.7216091156, 17.6243877411, 21.5512371063, 601.470703125, 109.683105469, 7.77657175064, 2.63074851036, 1.95973551273, 1.27536165714, 1.02751731873, 0.434210538864, 0.0687411502004, 0.0093235457316, 0.00402602180839, 0.000274259247817], "var": [0.00041583244456, 0.0527852810919, 2.73091006279, 12.2566871643, 50.4881362915, 83.1553497314, 62.4928359985, 140.302154541, 262.764831543, 1053.85498047, 991.886901855, 3612.13110352, 3614.60375977, 15829.9619141, 57942.4023438, 18805.7050781, 42072.6953125, 8815.30273438, 5200.73876953, 2538.00537109, 1123.81018066, 667.482666016, 180.480072021, 148.831787109, 176.911636353, 19.7563285828, 8.21668624878, 13.5008573532, 4605.58300781, 171.555160522, 1.57663571835, 0.293912857771, 0.1302087605, 0.047904625535, 0.0143690314144, 0.00212399382144, 5.14286912221e-05, 1.09962809347e-06, 1.26021802771e-07, 1.35590172423e-09], "mean": [0.0127741899341, 0.196320205927, 1.29225111008, 2.41740512848, 4.36959123611, 6.53022956848, 6.23498487473, 9.58552646637, 13.8291072845, 30.7154426575, 33.7698745728, 59.0889053345, 80.0110702515, 159.172149658, 236.275650024, 181.684677124, 210.363372803, 121.790092468, 91.7241592407, 68.4497909546, 45.6493263245, 30.9191894531, 17.1719398499, 12.6372919083, 11.0164422989, 5.33491897583, 3.74954676628, 4.16294956207, 20.4724464417, 5.23639440536, 1.1574164629, 0.590591192245, 0.373825848103, 0.202524334192, 0.0842733681202, 0.0236131679267, 0.00388697185554, 0.000584571040235, 0.000128706276882, 5.05041207362e-05]}, "spectral_strongpeak": {"dmean2": 2.79583954811, "median": 1.26520562172, "min": 0.00149380846415, "dvar2": 13.8664464951, "dvar": 6.08277320862, "dmean": 1.59345388412, "max": 22.4025936127, "var": 7.99411058426, "mean": 2.00254940987}, "spectral_energy": {"dmean2": 0.0110251232982, "median": 0.0419136658311, "min": 1.16999949284e-07, "dvar2": 0.000155909408932, "dvar": 6.72755923006e-05, "dmean": 0.00644290400669, "max": 0.0994832217693, "var": 0.000485699361889, "mean": 0.0350577794015}, "average_loudness": 0.910273015499, "spectral_rolloff": {"dmean2": 464.448852539, "median": 1550.390625, "min": 473.73046875, "dvar2": 733637.375, "dvar": 320554.5625, "dmean": 267.380767822, "max": 5857.03125, "var": 387153.1875, "mean": 1627.4699707}, "spectral_centroid": {"dmean2": 218.796157837, "median": 1322.90576172, "min": 638.704467773, "dvar2": 45707.390625, "dvar": 18775.7890625, "dmean": 130.076812744, "max": 2464.89575195, "var": 67111.890625, "mean": 1346.32312012}, "pitch_salience": {"dmean2": 0.090567804873, "median": 0.750509619713, "min": 0.501816868782, "dvar2": 0.00540819903836, "dvar": 0.00186659628525, "dmean": 0.054930370301, "max": 0.873572766781, "var": 0.00312863150612, "mean": 0.741376519203}, "spectral_energyband_middle_high": {"dmean2": 0.00890460330993, "median": 0.0265963040292, "min": 9.57302503934e-08, "dvar2": 0.000104534250568, "dvar": 4.41229531134e-05, "dmean": 0.00524058798328, "max": 0.0719050168991, "var": 0.000208260389627, "mean": 0.0232138745487}, "spectral_contrast_coeffs": {"dmean2": [0.101966738701, 0.0927799195051, 0.0656819492579, 0.044226013124, 0.0318991690874, 0.0228250976652], "median": [-0.663864970207, -0.797693967819, -0.798412561417, -0.796474575996, -0.802503466606, -0.748363614082], "min": [-0.890381574631, -0.917755007744, -0.943010091782, -0.908367991447, -0.89616471529, -0.93763846159], "dvar2": [0.00613883463666, 0.00485935201868, 0.00264273979701, 0.00125714601018, 0.000439566269051, 0.000309326016577], "dvar": [0.00210921210237, 0.00155094114598, 0.000834290403873, 0.000438885355834, 0.000171189647517, 0.000139559895615], "dmean": [0.0561961568892, 0.0512586198747, 0.0382795333862, 0.0262258984149, 0.0172817166895, 0.0143119171262], "max": [-0.474369078875, -0.665382087231, -0.666266620159, -0.714731454849, -0.754344165325, -0.652644336224], "var": [0.00431357417256, 0.00228040385991, 0.00202024891041, 0.00134475051891, 0.00115577771794, 0.00168833578937], "mean": [-0.656660020351, -0.79533290863, -0.800732553005, -0.79957062006, -0.807929813862, -0.753286778927]}, "melbands_skewness": {"dmean2": 0.58021479845, "median": 0.142901197076, "min": -0.864917993546, "dvar2": 0.213888630271, "dvar": 0.0988348424435, "dmean": 0.36491844058, "max": 3.86509132385, "var": 0.431814104319, "mean": 0.237410053611}, "spectral_spread": {"dmean2": 449154.21875, "median": 2919116.5, "min": 2107229, "dvar2": 876856344576, "dvar": 949514272768, "dmean": 331977.65625, "max": 16950808, "var": 1456419110910.0, "mean": 3078778.25}, "dissonance": {"dmean2": 0.0238022394478, "median": 0.487456917763, "min": 0.242279082537, "dvar2": 0.000646905158646, "dvar": 0.000403126789024, "dmean": 0.0142623502761, "max": 0.499989897013, "var": 0.000531685422175, "mean": 0.481519252062}, "spectral_skewness": {"dmean2": 0.337098956108, "median": 2.03051662445, "min": 1.38178753853, "dvar2": 0.134134814143, "dvar": 0.0469713434577, "dmean": 0.201882481575, "max": 4.07175922394, "var": 0.127994924784, "mean": 2.04540371895}, "spectral_flux": {"dmean2": 0.0249187778682, "median": 0.125042155385, "min": 0.00127428944688, "dvar2": 0.00114611524623, "dvar": 0.000445239973487, "dmean": 0.0138962883502, "max": 0.234960049391, "var": 0.00290878023952, "mean": 0.105260007083}, "spectral_contrast_valleys": {"dmean2": [0.838521838188, 0.66258507967, 0.457283318043, 0.347609758377, 0.276131182909, 0.222779467702], "median": [-7.59107494354, -6.04790306091, -5.52072048187, -6.05735206604, -7.01658153534, -10.049665451], "min": [-12.9242572784, -12.4458503723, -11.3033294678, -12.2923183441, -13.9633808136, -15.0449800491], "dvar2": [0.42438429594, 0.264151990414, 0.188948050141, 0.131987303495, 0.129627346992, 0.123351685703], "dvar": [0.162883341312, 0.112500205636, 0.119362577796, 0.101288408041, 0.09597453475, 0.0766851902008], "dmean": [0.487639039755, 0.373765081167, 0.289296805859, 0.229368194938, 0.182971164584, 0.167429983616], "max": [-6.18904781342, -4.81415605545, -4.79477643967, -5.44341468811, -6.13212394714, -9.10114002228], "var": [2.62474656105, 2.0715713501, 2.02837467194, 1.99967265129, 2.15402388573, 1.99606883526], "mean": [-8.1830701828, -6.59553480148, -6.10830259323, -6.65253591537, -7.6329164505, -10.6181154251]}, "erbbands_flatness_db": {"dmean2": 0.0222826004028, "median": 0.216856956482, "min": 0.143669441342, "dvar2": 0.00028205657145, "dvar": 0.000112011228339, "dmean": 0.0137524716556, "max": 0.266596734524, "var": 0.000416179740569, "mean": 0.217192754149}, "spectral_energyband_high": {"dmean2": 0.000562877976336, "median": 0.000344443134964, "min": 7.8367012879e-10, "dvar2": 3.17242529491e-06, "dvar": 1.42000749292e-06, "dmean": 0.000352552393451, "max": 0.0127995852381, "var": 2.13920429815e-06, "mean": 0.000667056592647}, "spectral_entropy": {"dmean2": 0.119058974087, "median": 7.6432185173, "min": 7.09489965439, "dvar2": 0.0102764973417, "dvar": 0.00651306286454, "dmean": 0.078120239079, "max": 8.09970092773, "var": 0.0219493731856, "mean": 7.63214445114}, "silence_rate_20dB": {"dmean2": 0, "median": 1, "min": 1, "dvar2": 0, "dvar": 0, "dmean": 0, "max": 1, "var": 0, "mean": 1}, "melbands_flatness_db": {"dmean2": 0.0200254935771, "median": 0.155723899603, "min": 0.104960940778, "dvar2": 0.000300001789583, "dvar": 0.000132038243464, "dmean": 0.0126954214647, "max": 0.250923931599, "var": 0.000561969762202, "mean": 0.157036527991}, "barkbands": {"dmean2": [3.64961888408e-05, 0.000845482805744, 0.00177590374369, 0.00140291359276, 0.00244958582334, 0.00137088657357, 0.00156134192366, 0.0016531846486, 0.00236349040642, 0.00330217275769, 0.00574067048728, 0.00403826450929, 0.00313361315057, 0.00199076719582, 0.00099561479874, 0.000682468991727, 0.000439196126536, 0.000209977573832, 0.000195407119463, 6.57545970171e-05, 4.30167528975e-05, 0.000499405607115, 2.37809235841e-05, 1.3500474779e-05, 1.06552324723e-05, 3.12468955599e-06, 7.74798309067e-07], "median": [1.4805002138e-05, 0.000439165625721, 0.000708374427631, 0.000380180950742, 0.000852128956467, 0.000499580637552, 0.000746025994886, 0.00116651877761, 0.00190071132965, 0.00342258112505, 0.00408009625971, 0.00416025985032, 0.00345754111186, 0.00199245102704, 0.00134644517675, 0.000931597081944, 0.000494279433042, 0.000276956416201, 0.000196656503249, 0.000101763813291, 9.10000380827e-05, 7.93647122919e-05, 3.58520410373e-05, 2.01536622626e-05, 1.10314103949e-05, 1.90494745311e-06, 3.41861436937e-07], "min": [2.83738055273e-09, 2.23702789626e-09, 1.03883457392e-09, 1.58906021674e-09, 1.7808057251e-09, 2.34309371905e-09, 8.74555927677e-10, 1.26595978145e-09, 4.94035479193e-09, 2.37875799058e-08, 2.01028882429e-08, 2.02885281908e-08, 2.41203927942e-08, 1.67810920715e-09, 2.22092388924e-09, 3.38489303253e-09, 8.21665291362e-10, 7.11824266197e-10, 1.57058518968e-10, 1.1748101103e-10, 1.74349229498e-10, 1.22344703812e-10, 4.27294102878e-11, 8.90689119681e-11, 6.89256429709e-11, 8.46150025047e-11, 1.12710202282e-10], "dvar2": [1.97843497141e-09, 1.60152228545e-06, 9.61718615144e-06, 7.4661193139e-06, 1.21354205476e-05, 2.72440411209e-06, 4.00931912736e-06, 3.4597001104e-06, 9.8502405308e-06, 1.18863536045e-05, 6.40712751192e-05, 1.81926407095e-05, 1.27357388919e-05, 4.79827122035e-06, 1.58400780492e-06, 6.26664473202e-07, 2.54806280964e-07, 5.67753524194e-08, 1.08100635998e-07, 7.0119394735e-09, 3.51592066572e-09, 3.0635587791e-06, 1.57949142654e-09, 4.3520606563e-10, 6.32663643696e-10, 1.04263216116e-10, 9.03922249551e-12], "dvar": [7.25358384468e-10, 5.27190252342e-07, 3.36946231982e-06, 2.51425603892e-06, 3.96240648115e-06, 9.57849920269e-07, 1.40751058098e-06, 1.32899322125e-06, 3.285340199e-06, 4.1045668695e-06, 2.47122770816e-05, 6.49995581625e-06, 6.25653001407e-06, 1.69821817053e-06, 6.12232611275e-07, 2.14819593225e-07, 1.07664746452e-07, 2.41612756469e-08, 3.94680732541e-08, 3.73085562444e-09, 1.50882994987e-09, 1.37066774641e-06, 6.91423140964e-10, 2.02967323504e-10, 2.50308052063e-10, 4.00023104918e-11, 3.4584696218e-12], "dmean": [2.04866973945e-05, 0.000498627312481, 0.00100019131787, 0.000818081316538, 0.00133957725484, 0.000753344153054, 0.000889241753612, 0.000919736979995, 0.00133922393434, 0.00192131078802, 0.0033626370132, 0.00225035077892, 0.00192092044745, 0.00115391123109, 0.000630497466773, 0.000420560274506, 0.000260568456724, 0.00012490033987, 0.000115504757559, 4.0248312871e-05, 2.60330180026e-05, 0.000309085473418, 1.47159234984e-05, 8.7068792709e-06, 7.11012444299e-06, 1.91115850612e-06, 4.61638506977e-07], "max": [0.000257868668996, 0.00437872996554, 0.0165569037199, 0.01306453906, 0.0116492984816, 0.00662143155932, 0.00658433604985, 0.00721702259034, 0.0142055051401, 0.0122501021251, 0.0531528219581, 0.0155161963776, 0.0240550003946, 0.00843299459666, 0.00614666938782, 0.00366012589075, 0.00364126451313, 0.00136423669755, 0.00154407788068, 0.00079196767183, 0.000411485234508, 0.0121734170243, 0.000199012632947, 0.000120442011394, 0.000134679721668, 5.75836638745e-05, 1.77400779648e-05], "var": [1.02801889224e-09, 7.24053279555e-07, 2.99692487715e-06, 2.48305718742e-06, 5.86967553318e-06, 1.50528092036e-06, 1.86354304788e-06, 2.17781507672e-06, 5.10949894306e-06, 8.08432832855e-06, 3.5491437302e-05, 1.10948067231e-05, 1.54535682668e-05, 3.16296427627e-06, 1.40629231282e-06, 5.47236936654e-07, 2.98561360523e-07, 6.19666735702e-08, 6.17140258896e-08, 1.22559944415e-08, 5.11589792751e-09, 1.92932839127e-06, 1.46855694272e-09, 5.21611476234e-10, 3.314087893e-10, 3.52298017148e-11, 2.78476048644e-12], "mean": [2.40214703808e-05, 0.000688605010509, 0.00122443889268, 0.000939966121223, 0.00183359649964, 0.00102333212271, 0.00124723848421, 0.0015435628593, 0.00234384764917, 0.00370204355568, 0.00551860732958, 0.00435228133574, 0.00415401719511, 0.00220503122546, 0.00143978523556, 0.000972712994553, 0.000573642726522, 0.000299615581753, 0.000241380461375, 0.000114244779979, 9.29970265133e-05, 0.000438905757619, 4.08884552598e-05, 2.45057526627e-05, 1.49328325278e-05, 3.01182285511e-06, 6.16242630258e-07]}, "erbbands_skewness": {"dmean2": 0.503051877022, "median": 0.464652717113, "min": -0.673980355263, "dvar2": 0.199676975608, "dvar": 0.0672532320023, "dmean": 0.307247668505, "max": 1.93501079082, "var": 0.242055281997, "mean": 0.476464748383}, "erbbands_spread": {"dmean2": 5.15368318558, "median": 12.4234733582, "min": 5.54663276672, "dvar2": 32.4837188721, "dvar": 13.8629703522, "dmean": 3.06355404854, "max": 45.3843078613, "var": 33.2956466675, "mean": 13.7383756638}, "melbands_kurtosis": {"dmean2": 1.49451649189, "median": 0.307847470045, "min": -1.30956637859, "dvar2": 3.28282141685, "dvar": 2.47026276588, "dmean": 0.997109532356, "max": 26.2131385803, "var": 10.0228662491, "mean": 1.13798069954}, "melbands": {"dmean2": [0.000192711944692, 0.00063645868795, 0.000593380536884, 0.00056363636395, 0.000306269124849, 0.000281562883174, 0.000268696487183, 0.000390751258237, 0.000283418921754, 0.000369966874132, 0.00039653541171, 0.000550490338355, 0.000805304909591, 0.000468489481136, 0.000393545400584, 0.000277221814031, 0.000188917707419, 0.000134019894176, 7.77723907959e-05, 5.98623009864e-05, 3.3907701436e-05, 2.68570729531e-05, 1.66223853739e-05, 7.31391901354e-06, 7.78826233727e-06, 9.32988950808e-06, 3.42832186107e-06, 2.44922216552e-06, 1.33182561513e-06, 1.15851014471e-06, 1.4078437971e-06, 1.16128549053e-05, 1.23279114632e-05, 6.28900977517e-07, 4.42543381496e-07, 2.49616306292e-07, 2.19052893158e-07, 1.99004105639e-07, 1.32935340957e-07, 1.16782871373e-07], "median": [9.14320989978e-05, 0.000367465661839, 0.000223202005145, 0.000203937583137, 0.000112359542982, 0.000110396067612, 0.000141638156492, 0.000219055596972, 0.000226726770052, 0.000289103045361, 0.000385312741855, 0.000559999723919, 0.000638566911221, 0.000506721669808, 0.000439469295088, 0.000309397582896, 0.000189677084563, 0.000141149081173, 9.81051853159e-05, 7.43352429708e-05, 4.95829808642e-05, 3.03172910208e-05, 1.74874185177e-05, 1.02858784885e-05, 8.08291770227e-06, 7.54693974159e-06, 4.13204725191e-06, 3.10790892399e-06, 2.37192216446e-06, 1.99462101591e-06, 1.89675415641e-06, 1.84676764547e-06, 1.27190810417e-06, 8.11599250028e-07, 5.37006371815e-07, 3.44917822304e-07, 2.70866621577e-07, 2.20281975771e-07, 1.55665716761e-07, 1.17212508144e-07], "min": [9.01667129849e-10, 5.52214718397e-10, 7.44477923753e-10, 4.49716430762e-10, 2.89230056572e-10, 4.66020444456e-10, 2.30820182412e-10, 1.30826086076e-10, 5.34594646329e-10, 6.90905055389e-10, 2.5205806331e-09, 3.29345284378e-09, 2.95178281817e-09, 2.19558460302e-09, 3.44912143291e-09, 1.40998390741e-09, 1.85739881808e-10, 1.83217205296e-10, 1.45170389598e-10, 2.84242046567e-10, 1.28046670489e-10, 5.45864742296e-11, 1.33551850134e-11, 4.27142765602e-11, 1.94060496839e-11, 5.76205966621e-12, 2.39972017951e-12, 4.55169452476e-12, 4.32688780638e-12, 5.23522674864e-12, 3.18506635996e-12, 3.67534561813e-12, 1.15682723817e-12, 1.10885595411e-12, 6.78338732841e-13, 1.08836735197e-12, 1.13845152923e-12, 5.74386241695e-13, 9.42232403212e-13, 6.76882920374e-13], "dvar2": [9.21546217114e-08, 1.14530837436e-06, 1.22822052617e-06, 7.42130850995e-07, 1.94342391069e-07, 1.18947795613e-07, 1.26967208303e-07, 2.21764878461e-07, 1.54817414e-07, 2.37467162378e-07, 1.50784586594e-07, 3.40608949045e-07, 1.49251502535e-06, 2.55773812796e-07, 2.02602095101e-07, 1.02095818022e-07, 4.4956045997e-08, 2.85780608067e-08, 7.71019070811e-09, 5.68379121546e-09, 1.16028398001e-09, 9.10539754706e-10, 4.12817613427e-10, 5.79459084882e-11, 1.68943359302e-10, 3.19861109821e-10, 2.82564804888e-11, 9.14222256926e-12, 2.31019457037e-12, 3.14818722306e-12, 2.74032814669e-12, 1.60460478238e-09, 1.92702342972e-09, 1.17190849039e-12, 5.42266210234e-13, 1.57755536065e-13, 9.45570255125e-14, 9.72157670662e-14, 4.15452889376e-14, 6.37328257118e-14], "dvar": [3.16669250822e-08, 3.83728860243e-07, 4.26532636766e-07, 2.3705685237e-07, 6.07539760722e-08, 4.29744346775e-08, 4.62095179898e-08, 7.73350734562e-08, 5.33072253006e-08, 8.16335230525e-08, 5.17590308391e-08, 1.19958485811e-07, 5.64072252018e-07, 9.18092482038e-08, 6.72596129903e-08, 5.22497280997e-08, 1.59477888673e-08, 9.76654845886e-09, 3.35469785284e-09, 2.04731187559e-09, 5.11371944789e-10, 3.80896952867e-10, 1.47696146979e-10, 2.94109910037e-11, 6.22879664514e-11, 1.13040861394e-10, 1.22786694007e-11, 3.47889490653e-12, 9.39135162865e-13, 1.35900026042e-12, 1.0311115026e-12, 7.03780644873e-10, 8.75750250096e-10, 4.74634762916e-13, 2.39229670145e-13, 6.96267520093e-14, 4.09827879098e-14, 3.95253186463e-14, 1.83541790571e-14, 2.51419419545e-14], "dmean": [0.000108088010165, 0.000372274051188, 0.000340707571013, 0.00030899012927, 0.000176642584847, 0.000156358801178, 0.000152239663294, 0.000223187249503, 0.000160979703651, 0.000213506675209, 0.000223338647629, 0.000311397452606, 0.000485963129904, 0.000264773174422, 0.000230071527767, 0.000179417984327, 0.000110084816697, 7.90011472418e-05, 4.58834656456e-05, 3.