{"tonal": {"thpcp": [1, 0.594583630562, 0.398521393538, 0.39162877202, 0.358302384615, 0.592708587646, 0.787097156048, 0.522372364998, 0.281117558479, 0.25639167428, 0.263709723949, 0.487855672836, 0.734035670757, 0.721602797508, 0.850224256516, 0.850906252861, 0.506198585033, 0.402173042297, 0.460443407297, 0.469898670912, 0.688134729862, 0.829850018024, 0.58770352602, 0.43522644043, 0.495504051447, 0.552241384983, 0.748076379299, 0.842782199383, 0.599935293198, 0.4463557899, 0.449933379889, 0.400974214077, 0.53081548214, 0.754258990288, 0.758059740067, 0.945997416973], "hpcp": {"dmean2": [0.228227034211, 0.214054316282, 0.179423257709, 0.155362099409, 0.16094198823, 0.186886921525, 0.21329818666, 0.227402761579, 0.240054741502, 0.234798133373, 0.203745305538, 0.1578630656, 0.152965396643, 0.165135070682, 0.194416582584, 0.1917514503, 0.183586135507, 0.121410235763, 0.105434820056, 0.116532087326, 0.149086281657, 0.180068030953, 0.220290675759, 0.234243184328, 0.199463158846, 0.182081878185, 0.165709659457, 0.167477011681, 0.181177571416, 0.219944000244, 0.250963360071, 0.219813093543, 0.199116498232, 0.210399448872, 0.222808614373, 0.229543194175], "median": [0.0364317819476, 0.0261309910566, 0.0104288440198, 0.00895411148667, 0.00969067774713, 0.0152468141168, 0.0213077105582, 0.0294202007353, 0.0391888618469, 0.0350561998785, 0.0225373711437, 0.00785112008452, 0.00679687876254, 0.00723758153617, 0.0209860503674, 0.0298703517765, 0.0206809900701, 0.00697108637542, 0.00528441462666, 0.00601174728945, 0.0161309987307, 0.0240531899035, 0.0330401733518, 0.0272804666311, 0.0235472731292, 0.014734971337, 0.00873143505305, 0.00880194175988, 0.0108597818762, 0.0229773819447, 0.029216978699, 0.0225706733763, 0.0107788089663, 0.0109035931528, 0.014514407143, 0.0321255847812], "min": [0, 0, 0, 0, 0, 0, 0, 0, 0, 0, 0, 0, 0, 0, 0, 0, 0, 0, 0, 0, 0, 0, 0, 0, 0, 0, 0, 0, 0, 0, 0, 0, 0, 0, 0, 0], "dvar2": [0.116944245994, 0.123406797647, 0.105115294456, 0.0868335440755, 0.0902532041073, 0.102889627218, 0.117792345583, 0.113871209323, 0.121808551252, 0.122609160841, 0.107547588646, 0.0925041213632, 0.0943098440766, 0.10963472724, 0.116279281676, 0.104161411524, 0.115048766136, 0.066525503993, 0.0617838017642, 0.0621441714466, 0.0733082890511, 0.0946462973952, 0.106266207993, 0.129507854581, 0.0981362834573, 0.0977522358298, 0.102490521967, 0.0975708141923, 0.107582457364, 0.117378465831, 0.139493376017, 0.121521964669, 0.125587582588, 0.132439181209, 0.136317521334, 0.121184118092], "dvar": [0.047598939389, 0.0453324243426, 0.0389719121158, 0.0337864458561, 0.0342513844371, 0.0383640266955, 0.0479479059577, 0.0462634116411, 0.0484043434262, 0.0495085716248, 0.0401695966721, 0.0342566408217, 0.0353480018675, 0.0385587140918, 0.0410933792591, 0.0409212894738, 0.0386249646544, 0.0233395025134, 0.0224995594472, 0.0228417459875, 0.0287169609219, 0.0389609336853, 0.0417254082859, 0.050831951201, 0.0403550080955, 0.0359084196389, 0.0378424227238, 0.0365274325013, 0.0395822674036, 0.0449022315443, 0.0557217150927, 0.0457878820598, 0.0452892109752, 0.0484065897763, 0.0495644584298, 0.0461471378803], "dmean": [0.133199498057, 0.121150203049, 0.0992093384266, 0.0884812399745, 0.0896239355206, 0.106577388942, 0.122058391571, 0.134104907513, 0.138496205211, 0.136827096343, 0.117508634925, 0.0885790064931, 0.0857362449169, 0.0909849926829, 0.109996899962, 0.110765643418, 0.102916143835, 0.0665277913213, 0.0583487413824, 0.0650339275599, 0.086729966104, 0.104745961726, 0.126747637987, 0.133685454726, 0.115120820701, 0.102919720113, 0.0912916660309, 0.0934410393238, 0.101094990969, 0.125550299883, 0.144095852971, 0.124689981341, 0.109956361353, 0.116260699928, 0.125037714839, 0.131458908319], "max": [1, 1, 1, 1, 1, 1, 1, 1, 1, 1, 1, 1, 1, 1, 1, 1, 1, 1, 1, 1, 1, 1, 1, 1, 1, 1, 1, 1, 1, 1, 1, 1, 1, 1, 1, 1], "var": [0.076081700623, 0.0481654033065, 0.039650361985, 0.041948389262, 0.0330009162426, 0.0446375980973, 0.0782548561692, 0.0657511875033, 0.087335281074, 0.098785482347, 0.044550884515, 0.0352542363107, 0.0366146452725, 0.0313775911927, 0.0466856062412, 0.0738110244274, 0.0391532592475, 0.0209817513824, 0.0209329780191, 0.0187906548381, 0.0375615134835, 0.0720092505217, 0.0564631819725, 0.0791637971997, 0.0857727229595, 0.0377738550305, 0.036349888891, 0.0429783016443, 0.0410822816193, 0.0610321722925, 0.0788167193532, 0.0467214174569, 0.0373210795224, 0.0458908267319, 0.0502758547664, 0.0631335750222], "mean": [0.170255556703, 0.121196582913, 0.090171046555, 0.0908937826753, 0.081003241241, 0.107233263552, 0.152372449636, 0.153140261769, 0.191106691957, 0.202016085386, 0.120115451515, 0.0805077329278, 0.0791153088212, 0.0723828449845, 0.119736663997, 0.159006282687, 0.105527624488, 0.0567902699113, 0.0517952442169, 0.0532736070454, 0.0985546931624, 0.148287013173, 0.14577537775, 0.171758979559, 0.171896755695, 0.102260254323, 0.0812454223633, 0.093016974628, 0.0949270874262, 0.139014288783, 0.16764305532, 0.118725568056, 0.087922744453, 0.100099787116, 0.111561648548, 0.151123464108]}, "tuning_equal_tempered_deviation": 0.0181750096381, "chords_changes_rate": 0.0942159965634, "key_key": "E", "tuning_diatonic_strength": 0.542021811008, "key_scale": "major", "chords_number_rate": 0.00338906468824, "tuning_frequency": 443.572570801, "tuning_nontempered_energy_ratio": 0.714895009995, "chords_histogram": [4.83506536484, 0.723000466824, 0.0451875291765, 0, 0.542250335217, 0.835969269276, 0.203343883157, 0.293718934059, 0.835969269276, 1.51378214359, 0.0451875291765, 2.14640760422, 6.98147296906, 10.1220064163, 10.8450069427, 11.5454130173, 12.0876636505, 5.39990949631, 13.5110712051, 5.89697265625, 4.3154091835, 1.28784453869, 4.13465881348, 1.85268867016], "key_strength": 0.767493128777, "chords_key": "G", "chords_strength": {"dmean2": 0.0131187783554, "median": 0.464076370001, "min": 0.191627696157, "dvar2": 0.000153072978719, "dvar": 0.000111135217594, "dmean": 0.0129242856055, "max": 0.812045574188, "var": 0.0099685434252, "mean": 0.469872891903}, "chords_scale": "major", "hpcp_entropy": {"dmean2": 0.970565795898, "median": 1.85935592651, "min": 0, "dvar2": 0.685192227364, "dvar": 0.260207563639, "dmean": 0.579932451248, "max": 4.74911642075, "var": 0.533879160881, "mean": 1.86270403862}}, "metadata": {"audio_properties": {"equal_loudness": 0, "codec": "vorbis", "downmix": "mix", "sample_rate": 44100, "analysis_sample_rate": 44100, "bit_rate": 128000, "md5_encoded": "3a7d761d3771bf8f38dc6f5fcd5db46c", "length": 205.483535767, "replay_gain": -12.2373409271, "lossless": false}, "version": {"essentia_build_sha": "70f2e5ece6736b2c40cc944ad0e695b16b925413", "essentia": "2.1-beta2", "extractor": "music 1.0", "essentia_git_sha": "v2.1_beta2"}, "tags": {"title": ["I\u2019ve Got You Under My Skin"], "barcode": ["4988002373765"], "media": ["CD"], "albumartist": ["\u6751\u4e0a\u201c\u30dd\u30f3\u30bf\u201d\u79c0\u4e00"], "albumartistsort": ["Murakami, Sh\u016bichi \"Ponta\""], "tracktotal": ["16"], "language": ["eng"], "performer": ["\u4f50\u5c71\u96c5\u5f18 (grand piano)", "\u6751\u4e0a\u201c\u30dd\u30f3\u30bf\u201d\u79c0\u4e00 (drums)", "\u30d0\u30ab\u30dc\u30f3\u9234\u6728 (acoustic bass guitar)", "\u5c71\u4e0b\u9054\u90ce (vocal)"], "releasetype": ["album"], "musicbrainz_recordingid": ["0e60ec8c-5232-4ab8-ae3e-facc209459a0"], "artistsort": ["Murakami, Sh\u016bichi \"Ponta\""], "musicbrainz_releasegroupid": ["3a33cf0a-ce28-4985-8e6c-4ec3357c7fcf"], "mixer": ["\u9ad8\u7530\u82f1\u7537"], "musicbrainz_albumartistid": ["5b1b9f5e-4407-4e0d-a32a-a3fb1eac1fcb"], "lyricist": ["Cole Porter"], "discnumber": ["1"], "catalognumber": ["VICL-60279"], "releasecountry": ["JP"], "engineer": ["\u68ee\u5d0e\u96c5\u4eba", "\u4e0b\u5c71\u7531\u591a\u53ef", "\u6b66\u85e4\u660c\u4fca", "\u5c71\u53e3\u667a", "\u661f\u91ce\u8aa0", "\u88b4\u7530\u525b\u53f2", "\u95a2\u6839\u9752\u78c1"], "isrc": ["JPVI09820790"], "originaldate": ["1998-09-30"], "producer": ["\u690d\u7530\u52dd\u6559", "\u5b89\u90e8\u88d5\u4e4b", "\u6751\u4e0a\u201c\u30dd\u30f3\u30bf\u201d\u79c0\u4e00"], "date": ["1998-09-30"], "file_name": "20140921T163829-04.ogg", "musicbrainz_albumid": ["eb0f3a1c-d89b-4638-969a-02e99b38bd23"], "disctotal": ["1"], "tracknumber": ["4"], "releasestatus": ["official"], "musicbrainz_artistid": ["5b1b9f5e-4407-4e0d-a32a-a3fb1eac1fcb"], "asin": ["B00000JX5E"], "musicbrainz_workid": ["1f69a658-acd8-32ca-9d6d-5c9cfcd50e62"], "artist": ["\u6751\u4e0a\u201c\u30dd\u30f3\u30bf\u201d\u79c0\u4e00"], "arranger": ["\u6751\u4e0a\u201c\u30dd\u30f3\u30bf\u201d\u79c0\u4e00", "\u4f50\u5c71\u96c5\u5f18"], "composer": ["Cole Porter"], "album": ["Welcome to My Life"], "label": ["JVC"], "totaltracks": ["16"], "totaldiscs": ["1"], "script": ["Qaaa"], "acoustid_id": ["9cfec6e4-3fcd-4c7c-bfe4-bc884ee76798"]}}, "rhythm": {"bpm_histogram_first_peak_bpm": {"dmean2": 0, "median": 140, "min": 140, "dvar2": 0, "dvar": 0, "dmean": 0, "max": 140, "var": 0, "mean": 140}, "bpm": 139.110641479, "bpm_histogram_second_peak_spread": {"dmean2": 0, "median": 0.0833333134651, "min": 0.0833333134651, "dvar2": 0, "dvar": 0, "dmean": 0, "max": 0.0833333134651, "var": 0, "mean": 0.0833333134651}, "bpm_histogram_first_peak_weight": {"dmean2": 0, "median": 0.392405062914, "min": 0.392405062914, "dvar2": 0, "dvar": 0, "dmean": 0, "max": 0.392405062914, "var": 0, "mean": 0.392405062914}, "onset_rate": 4.03413009644, "beats_position": [0.49922901392, 0.940408170223, 1.369977355, 1.78793644905, 2.20589566231, 2.62385487556, 3.04181408882, 3.45977306366, 3.86612248421, 4.28408145905, 4.7020406723, 5.11999988556, 5.53795909882, 5.9675283432, 6.39709758759, 6.83827638626, 7.26784563065, 7.69741487503, 8.12698364258, 8.56816291809, 8.99773216248, 9.42730140686, 9.85687065125, 10.2980499268, 10.7276191711, 11.1687984467, 11.6099767685, 12.051156044, 12.4923353195, 12.933514595, 13.3863039017, 13.8390922546, 14.2918815613, 14.7214508057, 15.15102005, 15.6038093567, 16.0449886322, 16.4861679077, 16.9273471832, 17.3569164276, 17.7980957031, 18.2276649475, 18.6688423157, 19.0868015289, 19.5279808044, 19.96916008, 20.4103393555, 20.8399085999, 21.2926979065, 21.7454872131, 22.1982765198, 22.6394557953, 23.0806350708, 23.5218143463, 23.9629936218, 24.3925609589, 24.8221302032, 25.2516994476, 25.7044887543, 26.1456680298, 26.5868473053, 27.0396366119, 27.4924259186, 27.9336051941, 28.3747844696, 28.8391838074, 29.291973114, 29.7447605133, 30.1859397888, 30.6271190643, 31.079908371, 31.5210876465, 31.9738769531, 32.4382743835, 32.8794555664, 33.3090248108, 33.750202179, 34.1797714233, 34.6209526062, 35.0621299744, 35.5033111572, 35.9444885254, 36.3740577698, 36.8036270142, 37.244808197, 37.6743774414, 38.1039466858, 38.5335159302, 38.9630813599, 39.4042625427, 39.8222198486, 40.2634010315, 40.7045783997, 41.1457595825, 41.5869369507, 42.0281181335, 42.4692955017, 42.9104766846, 43.3516540527, 43.8044433594, 44.257232666, 44.6984100342, 45.139591217, 45.5807685852, 46.0219497681, 46.4631271362, 46.9043083191, 47.3454856873, 47.7750549316, 48.204624176, 48.6458053589, 49.0869827271, 49.5281639099, 49.9693412781, 50.4105224609, 50.8633079529, 51.3160972595, 51.7572784424, 52.1984558105, 52.6280250549, 53.0575942993, 53.4871635437, 53.9167327881, 54.3463020325, 54.7758712769, 55.2054405212, 55.6466217041, 56.0877990723, 56.5173683167, 56.9585494995, 57.3997268677, 57.8409042358, 58.2936935425, 58.7464828491, 59.187664032, 59.6404533386, 60.0932426453, 60.5344200134, 60.9639892578, 61.3935585022, 61.8115196228, 62.2410888672, 62.6706581116, 63.100227356, 63.5414047241, 63.9825820923, 64.4237594604, 64.8533325195, 65.2828979492, 65.7124710083, 66.142036438, 66.5832214355, 67.0243988037, 67.4539642334, 67.895149231, 68.3247146606, 68.7542877197, 69.1838531494, 69.6250305176, 70.0662155151, 70.5189971924, 70.971786499, 71.4129714966, 71.8657608032, 72.3185501099, 72.759727478, 73.2009048462, 73.6304779053, 74.0716552734, 74.5128326416, 74.9540100098, 75.3951950073, 75.8363723755, 76.2659378052, 76.6955108643, 77.1134643555, 77.5430374146, 77.9726028442, 78.4137878418, 78.8433532715, 79.2729263306, 79.7141036987, 80.1436691284, 80.5732421875, 81.0260314941, 81.4555969238, 81.8967819214, 82.3379592896, 82.7791366577, 83.2203140259, 83.661491394, 84.0910644531, 84.5322418213, 84.9618148804, 85.414604187, 85.8441696167, 86.2853469849, 86.7265319824, 87.1677093506, 87.6088867188, 88.0500640869, 88.4912490845, 88.9208145142, 89.3503875732, 89.7799530029, 90.2095184326, 90.6274795532, 91.0454406738, 91.4750061035, 91.9045791626, 92.3457565308, 92.7753295898, 93.216506958, 93.6460723877, 94.0640335083, 94.4936065674, 94.9231719971, 95.3527450562, 95.7823104858, 96.2118835449, 96.6414489746, 97.0710220337, 97.5005874634, 97.918548584, 98.3481140137, 98.7776870728, 99.1956481934, 99.625213623, 100.066390991, 100.49596405, 100.937141418, 101.378318787, 101.807891846, 102.237457275, 102.667030334, 103.096595764, 103.537773132, 103.990562439, 104.431747437, 104.872924805, 105.314102173, 105.743675232, 106.1848526, 106.626029968, 107.055595398, 107.485168457, 107.914733887, 108.344306946, 108.773872375, 109.191833496, 109.609794617, 110.039360046, 110.457321167, 110.875282288, 111.304847717, 111.746032715, 112.187210083, 112.628387451, 113.069564819, 113.499137878, 113.940315247, 114.381492615, 114.811065674, 115.240631104, 115.670204163, 116.099769592, 116.54094696, 116.982131958, 117.411697388, 117.841270447, 118.270835876, 118.700408936, 119.129974365, 119.559547424, 119.989112854, 120.418685913, 120.848251343, 121.277824402, 121.71900177, 122.1485672, 122.578140259, 122.99609375, 123.414054871, 123.84362793, 124.273193359, 124.702766418, 125.132331848, 125.550292969, 125.968254089, 126.397819519, 126.827392578, 127.245346069, 127.66330719, 128.081268311, 128.499221802, 128.917190552, 129.335144043, 129.753097534, 130.171066284, 130.589019775, 131.006988525, 131.424942017, 131.831283569, 132.249252319, 132.667205811, 133.09677124, 133.51473999, 133.932693481, 134.362258911, 134.7918396, 135.221405029, 135.650970459, 136.080535889, 136.510116577, 136.928070068, 137.34602356, 137.752380371, 138.158721924, 138.576690674, 138.994644165, 139.447433472, 139.88861084, 140.329788208, 140.770965576, 141.200546265, 141.641723633, 142.082901001, 142.512466431, 142.94203186, 143.371612549, 143.801177979, 144.21913147, 144.648712158, 145.089889526, 145.519454956, 145.937408447, 146.366973877, 146.796554565, 147.226119995, 147.655685425, 148.073654175, 148.491607666, 148.909561157, 149.339141846, 149.768707275, 150.186660767, 150.604629517, 151.022583008, 151.440536499, 151.870117188, 152.299682617, 152.729248047, 153.147201538, 153.565170288, 153.994735718, 154.435913086, 154.853881836, 155.283447266, 155.713012695, 156.142578125, 156.572158813, 157.001724243, 157.431289673, 157.872467041, 158.302032471, 158.731613159, 159.137954712, 159.544311523, 159.973876953, 160.403442383, 160.844619751, 161.262588501, 161.692153931, 162.12171936, 162.562896729, 162.992462158, 163.422042847, 163.828384399, 164.234741211, 164.652694702, 165.082260132, 165.51184082, 165.953018188, 166.382583618, 166.812149048, 167.253326416, 167.694503784, 168.135681152, 168.565261841, 168.994827271, 169.412780762, 169.85395813, 170.295150757, 170.736328125, 171.177505493, 171.6302948, 172.083084106, 172.535873413, 172.977050781, 173.441452026, 173.871017456, 174.300582886, 174.730148315, 175.171340942, 175.612518311, 176.053695679, 176.494873047, 176.912826538, 177.342407227, 177.771972656, 178.189926147, 178.607894897, 179.037460327, 179.467025757, 179.896591187, 180.326171875, 180.744125366, 181.185302734, 181.614868164, 182.044433594, 182.462402344, 182.880355835, 183.321533203, 183.739501953, 184.157455444, 184.575408936, 184.993377686, 185.411331177, 185.840896606, 186.270477295, 186.688430786, 187.106384277, 187.524353027, 187.942306519, 188.360275269, 188.789840698, 189.219406128, 189.648971558, 190.066940308, 190.496505737, 190.926071167, 191.355636597, 191.796829224, 192.226394653, 192.667572021, 193.097137451, 193.538314819, 193.967880249, 194.397460938, 194.827026367, 195.256591797, 195.697769165, 196.138946533, 196.58013916, 197.021316528, 197.462493896, 197.799179077, 198.147476196, 198.495773315, 198.844070435, 199.250427246, 199.668380737, 200.086349487, 200.49269104, 200.899047852, 201.293777466, 201.688522339, 202.083267212, 202.489608765, 202.895965576, 203.302307129, 203.70866394, 204.115005493, 204.521362305, 204.939315796], "beats_loudness": {"dmean2": 0.039549164474, "median": 0.0318879000843, "min": 0, "dvar2": 0.00151967827696, "dvar": 0.000553685589693, "dmean": 0.0223929006606, "max": 0.17590098083, "var": 0.000954094983172, "mean": 0.0379858128726}, "danceability": 1.05244362354, "bpm_histogram_second_peak_weight": {"dmean2": 0, "median": 0.0696202516556, "min": 0.0696202516556, "dvar2": 0, "dvar": 0, "dmean": 0, "max": 0.0696202516556, "var": 0, "mean": 0.0696202516556}, "beats_count": 475, "bpm_histogram_second_peak_bpm": {"dmean2": 0, "median": 133, "min": 133, "dvar2": 0, "dvar": 0, "dmean": 0, "max": 133, "var": 0, "mean": 133}, "bpm_histogram_first_peak_spread": {"dmean2": 0, "median": 0.550724625587, "min": 0.550724625587, "dvar2": 0, "dvar": 0, "dmean": 0, "max": 0.550724625587, "var": 0, "mean": 0.550724625587}, "beats_loudness_band_ratio": {"dmean2": [0.467243999243, 0.228942319751, 0.241282403469, 0.208871334791, 0.0645816624165, 0.0911584123969], "median": [0.568185567856, 0.114589333534, 0.102388508618, 0.0352648124099, 0.0117137590423, 0.015980321914], "min": [0, 0, 0, 0, 0, 0], "dvar2": [0.127788633108, 0.0458994694054, 0.0537996329367, 0.0671683549881, 0.00761417858303, 0.0255296695977], "dvar": [0.0484472773969, 0.0190775021911, 0.0192204862833, 0.0265444554389, 0.00270378566347, 0.00855434127152], "dmean": [0.262677073479, 0.12985548377, 0.137889519334, 0.11359808594, 0.0361580476165, 0.0484225191176], "max": [0.991968989372, 0.786146581173, 0.916332602501, 0.972162425518, 0.349592238665, 0.787187159061], "var": [0.0778885632753, 0.0254854504019, 0.0242661926895, 0.0311516262591, 0.00261148810387, 0.00530365342274], "mean": [0.545953512192, 0.166714072227, 0.150146842003, 0.107033990324, 0.032997276634, 0.0383210703731]}}, "lowlevel": {"barkbands_spread": {"dmean2": 7.86200141907, "median": 12.7797040939, "min": 0.0378910303116, "dvar2": 128.572525024, "dvar": 61.9690742493, "dmean": 5.21141147614, "max": 120.11933136, "var": 204.847732544, "mean": 16.6962776184}, "melbands_spread": {"dmean2": 7.64712572098, "median": 11.6855325699, "min": 0.167622298002, "dvar2": 148.436462402, "dvar": 72.7041168213, "dmean": 5.09360980988, "max": 216.683624268, "var": 313.542419434, "mean": 16.3774547577}, "hfc": {"dmean2": 6.23361253738, "median": 8.19186115265, "min": 1.06046480206e-16, "dvar2": 103.320968628, "dvar": 50.0472412109, "dmean": 4.40832090378, "max": 119.538734436, "var": 278.538818359, "mean": 14.4884309769}, "barkbands_kurtosis": {"dmean2": 12.1440658569, "median": 4.94017457962, "min": -1.90823960304, "dvar2": 937.401306152, "dvar": 460.519073486, "dmean": 8.15765380859, "max": 934.807189941, "var": 1485.75073242, "mean": 15.3435735703}, "gfcc": {"mean": [-61.5699920654, 96.5936660767, -85.3726730347, 23.8899250031, -52.0262413025, 10.1871204376, -30.9677963257, 14.3128318787, -23.8521976471, 0.236171975732, -9.06230449677, 1.40300953388, -13.0005130768], "icov": [[0.000100005032436, -0.000109189102659, 0.000191397310118, -0.000232229518588, 0.000280506181298, -0.000295995967463, 0.000323243701132, -0.000441495969426, 0.00034181389492, -0.000340957456501, 0.000284736190224, -0.000274583813734, 0.000209530830034], [-0.000109189102659, 0.00121308374219, -0.00041097580106, 0.000816778745502, -0.000573106168304, 0.000628060777672, -0.000488662568387, 0.000762858253438, -0.00118896458298, 0.00151230557822, -0.00165478233248, 0.00152788578998, -0.000866636051796], [0.000191397310118, -0.00041097580106, 0.00155380135402, -0.00110844545998, 0.000479459791677, -0.000569826574065, 0.000225410287385, -0.000488791905809, 0.000820849323645, -0.00240197079256, 0.00213620113209, -0.00139045377728, 0.000477312889416], [-0.000232229518588, 0.000816778745502, -0.00110844545998, 0.00275018229149, -0.00094279309269, 0.000166791156516, -1.52042102854e-05, 0.000546662602574, -0.00182664487511, 0.00207437062636, -0.0016846593935, 0.00157662923448, -0.00118430296425], [0.000280506181298, -0.000573106168304, 0.000479459791677, -0.00094279309269, 0.00415534246713, -0.00182099011727, 0.00123467040248, -0.00186000298709, 0.000387428357499, -2.89237959805e-05, -0.000417392642703, -0.000474556902191, 0.000550255936105], [-0.000295995967463, 0.000628060777672, -0.000569826574065, 0.000166791156516, -0.00182099011727, 0.00696091307327, -0.00573891215026, 0.00306197418831, -0.000209203746635, -0.00158142228611, 0.00127542798873, -0.000687534746248, 0.000600323022809], [0.000323243701132, -0.000488662568387, 0.000225410287385, -1.52042102854e-05, 0.00123467040248, -0.00573891215026, 0.00963974185288, -0.00435743993148, 0.00144160550553, 0.00142248929478, -0.00307250628248, 0.00128363899421, -0.00205719075166], [-0.000441495969426, 0.000762858253438, -0.000488791905809, 0.000546662602574, -0.00186000298709, 0.00306197418831, -0.00435743993148, 0.0093966415152, -0.00477014109492, 0.00192589103244, -0.000680546450894, -0.000690729939379, 0.00152757274918], [0.00034181389492, -0.00118896458298, 0.000820849323645, -0.00182664487511, 0.000387428357499, -0.000209203746635, 0.00144160550553, -0.00477014109492, 0.0121461991221, -0.00666278367862, 0.00168498745188, 7.65373260947e-05, -0.00122704694513], [-0.000340957456501, 0.00151230557822, -0.00240197079256, 0.00207437062636, -2.89237959805e-05, -0.00158142228611, 0.00142248929478, 0.00192589103244, -0.00666278367862, 0.0147933559492, -0.00526717258617, 0.00307830772363, -0.00141073775012], [0.000284736190224, -0.00165478233248, 0.00213620113209, -0.0016846593935, -0.000417392642703, 0.00127542798873, -0.00307250628248, -0.000680546450894, 0.00168498745188, -0.00526717258617, 0.0158032346517, -0.00762149924412, 0.00322933890857], [-0.000274583813734, 0.00152788578998, -0.00139045377728, 0.00157662923448, -0.000474556902191, -0.000687534746248, 0.00128363899421, -0.000690729939379, 7.65373260947e-05, 0.00307830772363, -0.00762149924412, 0.0145832449198, -0.00569825619459], [0.000209530830034, -0.000866636051796, 0.000477312889416, -0.00118430296425, 0.000550255936105, 0.000600323022809, -0.00205719075166, 0.00152757274918, -0.00122704694513, -0.00141073775012, 0.00322933890857, -0.00569825619459, 0.0127836428583]], "cov": [[21871.6269531, -762.247131348, -1201.01098633, 712.567687988, -787.484191895, 191.633804321, -415.848144531, 510.395355225, -189.143890381, 82.0110931396, -160.420074463, 120.159790039, -317.337280273], [-762.247131348, 1514.58081055, -278.81137085, -326.213470459, 122.894676208, -153.117080688, 62.7376327515, -5.69755268097, 51.3045158386, -109.397628784, 117.19619751, -74.3940124512, 38.1230545044], [-1201.01098633, -278.81137085, 1532.3807373, 430.080932617, -4.65629959106, 183.815689087, 0.870441794395, -54.3789901733, 88.4127731323, 211.740768433, -124.93347168, 23.2645072937, 55.4013252258], [712.567687988, -326.213470459, 430.080932617, 705.249633789, 64.8104934692, 83.0974502563, -11.9231491089, 44.8983688354, 77.8752365112, 50.9948692322, -29.4295406342, 4.3801856041, 23.9967422485], [-787.484191895, 122.894676208, -4.65629959106, 64.8104934692, 360.092407227, 64.6288146973, 59.8352890015, 49.2092208862, 31.9289226532, -15.0739774704, 45.9124069214, 5.61261844635, 4.93552732468], [191.633804321, -153.117080688, 183.815689087, 83.0974502563, 64.6288146973, 357.535522461, 172.613647461, -15.1019105911, -12.842042923, 51.63722229, -2.00677442551, 24.5318088531, 13.231921196], [-415.848144531, 62.7376327515, 0.870441794395, -11.9231491089, 59.8352890015, 172.613647461, 263.74319458, 55.141418457, -3.82940554619, -11.9486761093, 53.2472801208, 17.7071495056, 27.8596286774], [510.395355225, -5.69755268097, -54.3789901733, 44.8983688354, 49.2092208862, -15.1019105911, 55.141418457, 201.675033569, 58.7327880859, -4.36434268951, 26.5376472473, 14.691368103, -14.19576931], [-189.143890381, 51.3045158386, 88.4127731323, 77.8752365112, 31.9289226532, -12.842042923, -3.82940554619, 58.7327880859, 155.120101929, 60.2693023682, 3.92069482803, -9.70641231537, 18.3091754913], [82.0110931396, -109.397628784, 211.740768433, 50.9948692322, -15.0739774704, 51.63722229, -11.9486761093, -4.36434268951, 60.2693023682, 141.494491577, -3.27324008942, 1.63803589344, 7.837038517], [-160.420074463, 117.19619751, -124.93347168, -29.4295406342, 45.9124069214, -2.00677442551, 53.2472801208, 26.5376472473, 3.92069482803, -3.27324008942, 122.016044617, 39.4797859192, 2.81836700439], [120.159790039, -74.3940124512, 23.2645072937, 4.3801856041, 5.61261844635, 24.5318088531, 17.7071495056, 14.691368103, -9.70641231537, 1.63803589344, 39.4797859192, 113.775657654, 32.2155914307], [-317.337280273, 38.1230545044, 55.4013252258, 23.9967422485, 4.93552732468, 13.231921196, 27.8596286774, -14.19576931, 18.3091754913, 7.837038517, 2.81836700439, 32.2155914307, 107.781349182]]}, "spectral_energyband_middle_low": {"dmean2": 0.00659088930115, "median": 0.00605519860983, "min": 1.82317985696e-22, "dvar2": 0.000160265582963, "dvar": 6.24989479547e-05, "dmean": 0.00419850647449, "max": 0.130334958434, "var": 0.000155916859512, "mean": 0.0101312631741}, "melbands_crest": {"dmean2": 5.16979503632, "median": 15.6428842545, "min": 1.56411755085, "dvar2": 22.3471832275, "dvar": 9.1687707901, "dmean": 3.25874233246, "max": 36.4236450195, "var": 35.9738197327, "mean": 16.3039722443}, "spectral_kurtosis": {"dmean2": 3.68271541595, "median": 5.13469600677, "min": -1.25946009159, "dvar2": 36.8882026672, "dvar": 14.0160856247, "dmean": 2.30789470673, "max": 103.864883423, "var": 65.949256897, "mean": 7.00042772293}, "spectral_rms": {"dmean2": 0.00111432711128, "median": 0.00417030416429, "min": 3.10654605339e-12, "dvar2": 1.93597202269e-06, "dvar": 9.0059103286e-07, "dmean": 0.000767451594584, "max": 0.0135394707322, "var": 5.80065307076e-06, "mean": 0.00430805236101}, "zerocrossingrate": {"dmean2": 0.011443791911, "median": 0.0400390625, "min": 0.00146484375, "dvar2": 0.000219065768761, "dvar": 0.000184743912541, "dmean": 0.00978173594922, "max": 0.5302734375, "var": 0.00241105537862, "mean": 0.0489680282772}, "silence_rate_60dB": {"dmean2": 0.0772968679667, "median": 0, "min": 0, "dvar2": 0.0805939435959, "dvar": 0.0371522791684, "dmean": 0.0386440679431, "max": 1, "var": 0.133211448789, "mean": 0.158287197351}, "erbbands_kurtosis": {"dmean2": 2.60305070877, "median": 0.82954120636, "min": -1.87786304951, "dvar2": 21.3419075012, "dvar": 11.97311306, "dmean": 1.73662829399, "max": 208.79776001, "var": 68.6767501831, "mean": 2.71482753754}, "erbbands": {"dmean2": [0.175315231085, 1.49110472202, 3.79429960251, 4.78443622589, 9.04438495636, 10.6535263062, 11.5338869095, 14.1943082809, 16.1032009125, 16.4903450012, 18.0071029663, 24.2935886383, 22.8047599792, 20.8222866058, 23.5593566895, 19.7899017334, 16.7219657898, 18.0936431885, 15.2927131653, 8.91127204895, 6.77252864838, 11.9171876907, 13.0364694595, 7.68890619278, 11.2571802139, 4.33036851883, 2.04314422607, 1.86418402195, 1.91935312748, 1.9512141943, 1.59586191177, 1.2359534502, 0.944391012192, 0.599969565868, 0.369025349617, 0.187776684761, 0.0719692334533, 0.0148575855419, 0.00192534225062, 8.61064836499e-05], "median": [0.0487488172948, 0.777912437916, 1.34092772007, 1.09044289589, 2.01569700241, 3.3087053299, 3.62058448792, 4.95648097992, 4.83078956604, 4.51005601883, 6.03508996964, 4.82912492752, 4.32588243484, 4.05963516235, 3.37968683243, 2.48486852646, 2.08764743805, 2.28900051117, 1.64308643341, 1.38766908646, 1.26516830921, 1.67103374004, 1.98046410084, 1.9457924366, 1.97808790207, 1.32881367207, 0.532891392708, 0.430294632912, 0.377868145704, 0.406420588493, 0.342979222536, 0.301314651966, 0.21753744781, 0.133538484573, 0.0625203698874, 0.033501740545, 0.0130207492039, 0.00227162009105, 0.000203808463993, 3.27473899233e-05], "min": [4.3787308577e-23, 4.08098976096e-22, 1.01282015704e-21, 5.94561995446e-21, 1.34563722566e-20, 3.57448233321e-20, 5.53702682075e-20, 8.59519238601e-20, 9.8815467727e-20, 1.45293085523e-19, 2.99914933048e-19, 5.57639467254e-19, 5.72014884024e-19, 5.20624065421e-19, 6.29746352214e-19, 1.13066987058e-18, 1.87729508559e-18, 2.20973587184e-18, 2.7182414311e-18, 3.54298454918e-18, 3.45563034739e-18, 4.67451179246e-18, 5.09781278554e-18, 4.70869006819e-18, 7.07568972489e-18, 7.69594366259e-18, 9.26501843063e-18, 1.09094865756e-17, 1.17990150997e-17, 1.14601117581e-17, 1.30891397497e-17, 9.8960257163e-18, 1.05243512824e-17, 9.0004281681e-18, 5.18673594216e-18, 4.47361236914e-18, 2.45811732348e-18, 9.78746156962e-19, 2.56096539363e-19, 2.71621459303e-20], "dvar2": [0.223561048508, 9.92118549347, 75.0415039062, 141.555801392, 530.82232666, 605.334350586, 1041.25927734, 2036.75891113, 1917.56445312, 2014.3704834, 1883.67907715, 5933.74951172, 4950.140625, 5911.86279297, 8347.19238281, 6151.12646484, 5198.59033203, 5356.14550781, 5398.74951172, 1129.51367188, 614.98236084, 1655.29907227, 1397.11218262, 497.676696777, 972.004516602, 109.088111877, 31.4302597046, 26.2039089203, 32.2883491516, 29.8393363953, 19.2278633118, 12.2504472733, 6.69657421112, 2.97981858253, 1.26171422005, 0.40240368247, 0.0873268842697, 0.00435415189713, 5.55968690605e-05, 9.67940252394e-08], "dvar": [0.108282536268, 4.26097393036, 28.5565090179, 55.3185958862, 191.626190186, 225.716964722, 422.600341797, 651.758300781, 778.59387207, 886.272338867, 872.785095215, 2819.26831055, 2649.13354492, 3009.5078125, 4622.98388672, 2949.00561523, 2278.25195312, 2564.77978516, 2336.37426758, 543.635375977, 287.559631348, 847.699829102, 644.846435547, 249.797286987, 489.803833008, 47.789276123, 12.6814069748, 11.1622991562, 14.4159708023, 13.2260103226, 8.79505157471, 5.25669622421, 2.96144771576, 1.35322201252, 0.596745371819, 0.175999909639, 0.0353075154126, 0.00175523210783, 2.45149185503e-05, 4.12157596941e-08], "dmean": [0.118688747287, 0.961598694324, 2.35004711151, 2.86619591713, 5.3191280365, 6.41207885742, 7.17363739014, 8.64722251892, 10.2453041077, 10.9668083191, 12.01649189, 16.5743274689, 16.7049255371, 15.0029506683, 16.6477603912, 13.7980146408, 11.5026321411, 12.4550428391, 10.1797170639, 5.96046543121, 4.6169052124, 8.3650560379, 8.79716777802, 5.34490442276, 7.92757225037, 2.88820934296, 1.28427267075, 1.18934834003, 1.2399572134, 1.25343692303, 1.02636742592, 0.788524091244, 0.6109354496, 0.393861919641, 0.241671472788, 0.122286856174, 0.0458355434239, 0.00948917586356, 0.00123948487453, 5.58188621653e-05], "max": [5.8782286644, 36.0839958191, 95.5013504028, 152.912399292, 254.277648926, 356.359832764, 854.161804199, 1035.94934082, 674.432922363, 597.474853516, 598.260803223, 1593.68139648, 1408.69042969, 1839.82800293, 2539.16601562, 1465.73144531, 1670.51062012, 2061.11816406, 1977.78161621, 834.526062012, 796.190246582, 910.061828613, 634.793640137, 746.504699707, 688.598754883, 142.247512817, 99.1715240479, 119.68536377, 164.149017334, 124.36782074, 103.082122803, 77.9400177002, 53.4834861755, 35.8962516785, 19.3079795837, 7.29928255081, 5.1589846611, 1.54374742508, 0.130693897605, 0.00598348071799], "var": [0.189433798194, 7.15605068207, 39.595954895, 85.3331375122, 199.310897827, 392.134033203, 1069.73242188, 988.18560791, 1681.30505371, 1902.45446777, 2113.18969727, 7322.17480469, 7032.46484375, 7045.55859375, 17615.6660156, 6237.95117188, 4051.48754883, 4426.59765625, 3382.21948242, 965.517456055, 597.585571289, 2566.82568359, 2164.58959961, 830.906677246, 1842.94921875, 144.93409729, 31.3152389526, 28.5319690704, 35.5480155945, 34.6054763794, 19.5399742126, 12.1966676712, 7.44205904007, 3.01027083397, 1.13615465164, 0.2394862324, 0.0358321294188, 0.00174678629264, 2.89328927465e-05, 4.81879247616e-08], "mean": [0.199122413993, 1.71515715122, 3.51621627808, 4.02233314514, 6.76133394241, 10.1453094482, 12.8023881912, 15.8984527588, 18.8379840851, 19.3841342926, 23.6030426025, 30.8276615143, 30.9442691803, 28.7490959167, 33.8784637451, 24.3248996735, 18.8134746552, 18.2940044403, 13.8271331787, 8.86545848846, 8.23850059509, 17.4404277802, 17.8612213135, 11.7851696014, 17.0434780121, 5.82781076431, 2.54593014717, 2.24910950661, 2.30750799179, 2.41393613815, 1.82599270344, 1.45357227325, 1.06912398338, 0.659067809582, 0.368961066008, 0.168564975262, 0.0585439689457, 0.0118569917977, 0.00148511095904, 8.45494141686e-05]}, "spectral_strongpeak": {"dmean2": 0.724073946476, "median": 0.363043040037, "min": 0, "dvar2": 2.00813555717, "dvar": 0.818656563759, "dmean": 0.433459848166, "max": 10.6840696335, "var": 1.41638052464, "mean": 0.801138818264}, "spectral_energy": {"dmean2": 0.0128107257187, "median": 0.0178262237459, "min": 9.89189428518e-21, "dvar2": 0.000415559741668, "dvar": 0.000184149976121, "dmean": 0.0085645345971, "max": 0.187900185585, "var": 0.000616495788563, "mean": 0.0249689482152}, "average_loudness": 0.690157830715, "spectral_rolloff": {"dmean2": 625.259033203, "median": 602.9296875, "min": 43.06640625, "dvar2": 1892084.875, "dvar": 868186.3125, "dmean": 371.1199646, "max": 19552.1484375, "var": 3569749, "mean": 1110.81591797}, "spectral_centroid": {"dmean2": 323.554962158, "median": 875.240112305, "min": 75.2710876465, "dvar2": 202954.40625, "dvar": 103414.765625, "dmean": 219.881668091, "max": 11853.8496094, "var": 1072546.75, "mean": 1097.53747559}, "pitch_salience": {"dmean2": 0.120633348823, "median": 0.490569859743, "min": 0.0332639180124, "dvar2": 0.0125301852822, "dvar": 0.0052456012927, "dmean": 0.0762972161174, "max": 0.987157583237, "var": 0.0221778843552, "mean": 0.485454380512}, "spectral_energyband_middle_high": {"dmean2": 0.00205132807605, "median": 0.00108423910569, "min": 1.04615184007e-21, "dvar2": 1.80790902959e-05, "dvar": 9.36286960496e-06, "dmean": 0.00150151387788, "max": 0.064299210906, "var": 4.96171160194e-05, "mean": 0.00427786773071}, "spectral_contrast_coeffs": {"dmean2": [0.0802479684353, 0.0737589821219, 0.0612980984151, 0.0486111156642, 0.0375953838229, 0.0232563018799], "median": [-0.663399040699, -0.719521522522, -0.757184624672, -0.790466547012, -0.794152975082, -0.818693161011], "min": [-0.976380825043, -0.977251827717, -0.9984151721, -0.969165444374, -0.966862618923, -0.964340507984], "dvar2": [0.00456232111901, 0.00396027090028, 0.00274472264573, 0.00174159754533, 0.00106721685734, 0.00048241156037], "dvar": [0.0017836696934, 0.00170635967515, 0.00133470771834, 0.000852265045978, 0.000600863713771, 0.000225496056373], "dmean": [0.0487025380135, 0.0463478863239, 0.0403589718044, 0.0316547714174, 0.0255688447505, 0.014902157709], "max": [-0.271774977446, -0.348453164101, -0.367911756039, -0.484540998936, -0.482256382704, -0.541035234928], "var": [0.0078134322539, 0.00835210736841, 0.00908773764968, 0.00541489664465, 0.00535947224125, 0.00153871020302], "mean": [-0.657715916634, -0.713444113731, -0.742948055267, -0.779128074646, -0.7798422575, -0.814282536507]}, "melbands_skewness": {"dmean2": 1.43634319305, "median": 2.64348983765, "min": -5.94275665283, "dvar2": 3.1802675724, "dvar": 1.51698303223, "dmean": 0.971870779991, "max": 21.1456947327, "var": 7.53876590729, "mean": 3.25874304771}, "spectral_spread": {"dmean2": 1037678.6875, "median": 4754898.5, "min": 809318.375, "dvar2": 1790927044610.0, "dvar": 967996997632, "dmean": 731187.75, "max": 42401316, "var": 12383544148000.0, "mean": 5259354}, "dissonance": {"dmean2": 0.045124720782, "median": 0.453241616488, "min": 0.0973363667727, "dvar2": 0.00230574491434, "dvar": 0.000862484332174, "dmean": 0.0270975921303, "max": 0.499999910593, "var": 0.00230402615853, "mean": 0.440015763044}, "spectral_skewness": {"dmean2": 0.438417226076, "median": 1.78884315491, "min": -0.0783615261316, "dvar2": 0.269500672817, "dvar": 0.113874338567, "dmean": 0.286360532045, "max": 8.47695064545, "var": 0.751630008221, "mean": 1.93958973885}, "spectral_flux": {"dmean2": 0.0399858094752, "median": 0.0599786452949, "min": 6.42161532283e-11, "dvar2": 0.00221019238234, "dvar": 0.000921135710087, "dmean": 0.0251139104366, "max": 0.349899947643, "var": 0.00287459371611, "mean": 0.0712094083428}, "spectral_contrast_valleys": {"dmean2": [0.660116672516, 0.611248493195, 0.566626727581, 0.485177457333, 0.419337540865, 0.417058974504], "median": [-7.23241949081, -7.16152620316, -7.97757482529, -8.63092422485, -8.35935783386, -10.3847236633], "min": [-28.1085777283, -27.8599777222, -27.7456512451, -27.7085094452, -27.5406265259, -27.4263973236], "dvar2": [0.309934556484, 0.305590599775, 0.265025049448, 0.218373268843, 0.210677906871, 0.328098863363], "dvar": [0.137590155005, 0.145683139563, 0.132646411657, 0.116725385189, 0.116940490901, 0.171900466084], "dmean": [0.404637336731, 0.382797896862, 0.368833601475, 0.327747881413, 0.295207679272, 0.31422573328], "max": [-5.0542178154, -4.66874599457, -5.11630296707, -5.7913684845, -5.81205749512, -7.80031299591], "var": [4.16274785995, 3.94170856476, 3.68178868294, 3.51458573341, 3.93846774101, 3.81954908371], "mean": [-7.60034894943, -7.41133594513, -8.19130325317, -8.85505008698, -8.66627311707, -10.7223978043]}, "erbbands_flatness_db": {"dmean2": 0.0287142954767, "median": 0.150817200541, "min": 0.0237793456763, "dvar2": 0.000830543343909, "dvar": 0.000469321996206, "dmean": 0.0204364042729, "max": 0.513487279415, "var": 0.00457046413794, "mean": 0.162026032805}, "spectral_energyband_high": {"dmean2": 0.000286513241008, "median": 9.11503229872e-05, "min": 7.04915724758e-21, "dvar2": 5.40199778243e-07, "dvar": 2.48682425763e-07, "dmean": 0.000193178057089, "max": 0.0116823250428, "var": 7.0940814112e-07, "mean": 0.000397678639274}, "spectral_entropy": {"dmean2": 0.319293111563, "median": 7.26494598389, "min": 4.22833919525, "dvar2": 0.121798679233, "dvar": 0.060336522758, "dmean": 0.222461745143, "max": 9.81861782074, "var": 0.448809325695, "mean": 7.22428560257}, "silence_rate_20dB": {"dmean2": 0, "median": 1, "min": 1, "dvar2": 0, "dvar": 0, "dmean": 0, "max": 1, "var": 0, "mean": 1}, "melbands_flatness_db": {"dmean2": 0.0426326729357, "median": 0.25448808074, "min": 0.0029218213167, "dvar2": 0.00196770159528, "dvar": 0.000956241565291, "dmean": 0.0295010283589, "max": 0.821747362614, "var": 0.00824917666614, "mean": 0.264002472162}, "barkbands": {"dmean2": [0.000134606147185, 0.00625547766685, 0.00343200517818, 0.00196103332564, 0.00315701821819, 0.001538401586, 0.00116211292334, 0.000851187971421, 0.00097881956026, 0.000795293832198, 0.000607207766734, 0.000537583837286, 0.000385267892852, 0.000382206955692, 0.000234943872783, 0.000144140867633, 0.000230359903071, 0.000223026858293, 0.000214208877878, 0.000105439794424, 4.62725947727e-05, 5.38454187335e-05, 5.90012641624e-05, 5.66283451917e-05, 5.14061721333e-05, 3.93900372728e-05, 1.08737922346e-05], "median": [1.33251051011e-05, 0.00303363078274, 0.000719732022844, 0.00026942792465, 0.00111285410821, 0.000575577083509, 0.00026060428354, 0.000220138783334, 0.000144418314449, 0.000109174645331, 6.44561878289e-05, 4.89556732646e-05, 3.33752141159e-05, 3.33186435455e-05, 2.32354850596e-05, 2.07666216738e-05, 2.7038371627e-05, 3.25791734213e-05, 4.02269761253e-05, 2.59558328253e-05, 1.03100701381e-05, 1.09153097583e-05, 1.25713040688e-05, 1.3700794625e-05, 1.03945394585e-05, 7.38032213121e-06, 1.08428082513e-06], "min": [2.69026910837e-25, 3.17456994796e-24, 3.9902901865e-25, 1.62505957843e-24, 7.64202375501e-24, 1.22491055479e-23, 1.22995737131e-23, 8.52278537797e-24, 2.3700448684e-23, 1.47039192003e-23, 1.07748349565e-23, 2.63161063419e-23, 3.51616446929e-23, 3.40044614756e-23, 5.93634176377e-23, 6.32971514277e-23, 7.20485092529e-23, 7.27734093159e-23, 1.22777743309e-22, 1.70358564072e-22, 2.1586606905e-22, 3.08330361639e-22, 4.20295018126e-22, 