{"tonal": {"thpcp": [1, 0.741788446903, 0.42365026474, 0.377255320549, 0.346485882998, 0.502570390701, 0.743490219116, 0.62320035696, 0.443345874548, 0.441110491753, 0.404068559408, 0.482449769974, 0.62298065424, 0.626661300659, 0.789945244789, 0.986114859581, 0.738480508327, 0.432217806578, 0.407230317593, 0.465509384871, 0.650303184986, 0.778226315975, 0.564626574516, 0.402511924505, 0.416838884354, 0.388391256332, 0.547075808048, 0.803759098053, 0.697170734406, 0.522797167301, 0.550042569637, 0.44069609046, 0.360250592232, 0.438120126724, 0.43949636817, 0.692099452019], "hpcp": {"dmean2": [0.237626224756, 0.265439838171, 0.300492852926, 0.284457534552, 0.261925786734, 0.217003971338, 0.222203880548, 0.257608026266, 0.270773768425, 0.256318926811, 0.218625932932, 0.183846324682, 0.178641334176, 0.173717334867, 0.203116983175, 0.232577055693, 0.224734410644, 0.20453055203, 0.217363148928, 0.185916170478, 0.153993085027, 0.164303839207, 0.179586276412, 0.256126582623, 0.287658840418, 0.240475863218, 0.175325870514, 0.156235486269, 0.159382522106, 0.201936274767, 0.235569044948, 0.227811992168, 0.206980347633, 0.197859242558, 0.188687413931, 0.210386902094], "median": [0.0404588021338, 0.0478202104568, 0.0681547895074, 0.0781966671348, 0.0556220933795, 0.0289624333382, 0.0198216233402, 0.0228575952351, 0.0443390198052, 0.0537823736668, 0.0392036437988, 0.0215982254595, 0.0158855058253, 0.0207695383579, 0.0388176143169, 0.0532250851393, 0.0505341365933, 0.0376759283245, 0.0203785356134, 0.0179122705013, 0.0179417971522, 0.0157251954079, 0.0258794911206, 0.0702088624239, 0.0998750254512, 0.0653119459748, 0.0240227095783, 0.0114033492282, 0.0139731699601, 0.0317352488637, 0.0418358892202, 0.0417651794851, 0.0296941176057, 0.0202248860151, 0.0211059954017, 0.0297286827117], "min": [0, 0, 0, 0, 0, 0, 0, 0, 0, 0, 0, 0, 0, 0, 0, 0, 0, 0, 0, 0, 0, 0, 0, 0, 0, 0, 0, 0, 0, 0, 0, 0, 0, 0, 0, 0], "dvar2": [0.116250149906, 0.121792070568, 0.148644372821, 0.127139016986, 0.124579899013, 0.112329155207, 0.12757346034, 0.152728259563, 0.139243751764, 0.122910961509, 0.104020096362, 0.0925070345402, 0.0898236557841, 0.0794274061918, 0.0929704159498, 0.11149469018, 0.0993288308382, 0.0918146371841, 0.114905238152, 0.0915218070149, 0.070011228323, 0.0821667686105, 0.0818523317575, 0.113166190684, 0.121201761067, 0.101921766996, 0.0813218355179, 0.080527715385, 0.0807219669223, 0.0954700484872, 0.106491670012, 0.102329738438, 0.101414047182, 0.100469224155, 0.0950983613729, 0.105946458876], "dvar": [0.0451586954296, 0.0461180880666, 0.0563001260161, 0.0544276796281, 0.0485630966723, 0.0410340167582, 0.0471132285893, 0.056338082999, 0.0537314713001, 0.0500087253749, 0.0398620441556, 0.034622143954, 0.034701064229, 0.0304109994322, 0.0353055074811, 0.0447277091444, 0.0404863990843, 0.036179497838, 0.045890301466, 0.0355586074293, 0.0262967757881, 0.0321310535073, 0.0311053581536, 0.0428808107972, 0.0516431108117, 0.0415342859924, 0.0317170768976, 0.0310019105673, 0.0301212109625, 0.0365170426667, 0.046649005264, 0.0413218997419, 0.0374552868307, 0.0378689952195, 0.0358300097287, 0.0394787490368], "dmean": [0.136032640934, 0.152389958501, 0.171615019441, 0.168926686049, 0.153182134032, 0.121013715863, 0.122495859861, 0.143539473414, 0.154868468642, 0.149268403649, 0.127758681774, 0.103704109788, 0.10248374939, 0.0999351143837, 0.117762960494, 0.138708993793, 0.133414745331, 0.11926843226, 0.125426158309, 0.107654176652, 0.088518127799, 0.0953531861305, 0.103476248682, 0.149685487151, 0.171365484595, 0.143776446581, 0.101430751383, 0.0892772302032, 0.0908832773566, 0.118040278554, 0.139982387424, 0.133799672127, 0.116727590561, 0.112271592021, 0.106588721275, 0.120403930545], "max": [1, 1, 1, 1, 1, 1, 1, 1, 1, 1, 1, 1, 1, 1, 1, 1, 1, 1, 1, 1, 1, 1, 1, 1, 1, 1, 1, 1, 1, 1, 1, 1, 1, 1, 1, 1], "var": [0.0637900233269, 0.0552335940301, 0.0747452154756, 0.105898059905, 0.0695827230811, 0.0380701087415, 0.0420978218317, 0.048138782382, 0.0636073276401, 0.0855713114142, 0.0502824522555, 0.0374787300825, 0.0439738929272, 0.0337385423481, 0.0486042760313, 0.0870023369789, 0.0686123073101, 0.0460948757827, 0.0615240857005, 0.0438941046596, 0.0285260919482, 0.0490264967084, 0.0398657843471, 0.0559657327831, 0.0993720218539, 0.0667943879962, 0.0384058505297, 0.0421645082533, 0.0330526717007, 0.0428414568305, 0.0830257758498, 0.0583167225122, 0.0370120555162, 0.0456463582814, 0.0387643836439, 0.0431111194193], "mean": [0.156327515841, 0.157251119614, 0.19822473824, 0.247450515628, 0.185310438275, 0.108458481729, 0.102188251913, 0.116812497377, 0.163183689117, 0.195284053683, 0.141684442759, 0.101004242897, 0.104599371552, 0.097460873425, 0.137280344963, 0.201691105962, 0.174944385886, 0.131187990308, 0.138024806976, 0.110585972667, 0.0903993993998, 0.109939575195, 0.110284924507, 0.17367182672, 0.250934779644, 0.186140522361, 0.106308586895, 0.0946664810181, 0.0869453623891, 0.126112386584, 0.186567559838, 0.156382650137, 0.111250899732, 0.11068996042, 0.101394854486, 0.121063426137]}, "tuning_equal_tempered_deviation": 0.0390321426094, "chords_changes_rate": 0.0966600328684, "key_key": "A#", "tuning_diatonic_strength": 0.700458824635, "key_scale": "major", "chords_number_rate": 0.00398141983896, "tuning_frequency": 438.224517822, "tuning_nontempered_energy_ratio": 0.785906076431, "chords_histogram": [33.4660491943, 6.08272504807, 10.3074541092, 2.65427994728, 1.99071002007, 1.32713997364, 1.59256803989, 1.01747405529, 1.03959298134, 0.0884760022163, 1.74740099907, 0.376022994518, 0.707808017731, 0.464498996735, 0.729927003384, 2.32249498367, 0, 3.07454109192, 1.19442605972, 4.95465612411, 1.32713997364, 5.22008419037, 4.20261001587, 14.1119222641], "key_strength": 0.900514900684, "chords_key": "A#", "chords_strength": {"dmean2": 0.0162225980312, "median": 0.52442741394, "min": -1, "dvar2": 0.00100895215292, "dvar": 0.000559413514566, "dmean": 0.015214770101, "max": 0.829009711742, "var": 0.0233249198645, "mean": 0.51860255003}, "chords_scale": "major", "hpcp_entropy": {"dmean2": 1.14697420597, "median": 1.87648701668, "min": 0, "dvar2": 0.902417421341, "dvar": 0.326506435871, "dmean": 0.681532561779, "max": 4.28831195831, "var": 0.622581005096, "mean": 1.83200657368}}, "metadata": {"audio_properties": {"equal_loudness": 0, "codec": "mp3", "downmix": "mix", "sample_rate": 48000, "analysis_sample_rate": 44100, "bit_rate": 192000, "md5_encoded": "fbbb8c901b69201f980b97f554c299ce", "length": 209.879974365, "replay_gain": -13.4333953857, "lossless": false}, "version": {"essentia_build_sha": "70f2e5ece6736b2c40cc944ad0e695b16b925413", "essentia": "2.1-beta2", "extractor": "music 1.0", "essentia_git_sha": "v2.1_beta2"}, "tags": {"title": ["Friendship"], "artist": ["Joel Grey & Sutton Foster"], "date": ["2011"], "genre": ["Theater"], "album": ["Anything Goes"], "tracknumber": ["9/19"], "discnumber": ["1"], "musicbrainz_recordingid": ["0e641c37-e561-42d7-876d-1a6b20bc7dd8"], "file_name": "1792269.mp3"}}, "rhythm": {"bpm_histogram_first_peak_bpm": {"dmean2": 0, "median": 96, "min": 96, "dvar2": 0, "dvar": 0, "dmean": 0, "max": 96, "var": 0, "mean": 96}, "bpm": 94.8920822144, "bpm_histogram_second_peak_spread": {"dmean2": 0, "median": 0, "min": 0, "dvar2": 0, "dvar": 0, "dmean": 0, "max": 0, "var": 0, "mean": 0}, "bpm_histogram_first_peak_weight": {"dmean2": 0, "median": 0.266106456518, "min": 0.266106456518, "dvar2": 0, "dvar": 0, "dmean": 0, "max": 0.266106456518, "var": 0, "mean": 0.266106456518}, "onset_rate": 3.99243879318, "beats_position": [0.510838985443, 1.04489791393, 1.57895684242, 2.12462592125, 2.67029476166, 3.21596360207, 3.7732424736, 4.34213161469, 4.85297060013, 5.36380958557, 5.95591831207, 6.54802703857, 7.12852573395, 7.73224496841, 8.33596324921, 8.92807197571, 9.50857162476, 10.1006803513, 10.7043991089, 11.3197278976, 11.9814968109, 12.6200447083, 13.2818136215, 13.9087524414, 14.5356912613, 15.1626300812, 15.7895689011, 16.4165077209, 17.0434455872, 17.6703853607, 18.2857131958, 18.9010429382, 19.5279808044, 20.154920578, 20.7702484131, 21.3855781555, 22.0125160217, 22.6278457642, 23.2431735992, 23.8701133728, 24.4854412079, 25.1007709503, 25.7277088165, 26.3546485901, 26.9815864563, 27.5969161987, 28.2122440338, 28.8275737762, 29.4429016113, 30.0582313538, 30.68516922, 31.3004989624, 31.9274368286, 32.5543746948, 33.1813163757, 33.8314743042, 34.4700202942, 35.1085700989, 35.7703399658, 36.4321098328, 37.093875885, 37.755645752, 38.4290237427, 39.0907936096, 39.7525634766, 40.402721405, 41.0528793335, 41.703037262, 42.3531951904, 43.0033569336, 43.6535148621, 44.3036727905, 44.9422225952, 45.5807685852, 46.2193183899, 46.8462562561, 47.4964179993, 48.111743927, 48.7270736694, 49.3540115356, 49.9925613403, 50.6194992065, 51.2580490112, 51.8733787537, 52.5003166199, 53.1272544861, 53.7425842285, 54.3695220947, 54.9964599609, 55.6117897034, 56.2387275696, 56.8656692505, 57.5042152405, 58.1427650452, 58.7580947876, 59.3850326538, 60.0235824585, 60.6505203247, 61.2774581909, 61.9043960571, 62.531337738, 63.1582756042, 63.7968254089, 64.4237594604, 65.0623092651, 65.6892471313, 66.3045806885, 66.9199066162, 67.5468444824, 68.1737823486, 68.8123321533, 69.4276657104, 70.0662155151, 70.6931533813, 71.3200912476, 71.9702453613, 72.632019043, 73.2821731567, 73.9323348999, 74.5708847046, 75.2094345093, 75.859588623, 76.5097503662, 77.15990448, 77.8100662231, 78.4602279663, 79.1219940186, 79.7837600708, 80.4455337524, 81.1072998047, 81.7574615479, 82.4076156616, 83.0577774048, 83.7079315186, 84.3697052002, 85.0546951294, 85.7280731201, 86.3782272339, 87.0516052246, 87.7017669678, 88.3519287109, 89.0020828247, 89.6290206909, 90.2675704956, 90.9061203003, 91.5330581665, 92.1599960327, 92.7869338989, 93.4138793945, 94.0408172607, 94.667755127, 95.3063049316, 95.9332427979, 96.5601806641, 97.1755065918, 97.802444458, 98.4177780151, 99.0331039429, 99.6600418091, 100.275375366, 100.902313232, 101.540863037, 102.179405212, 102.817955017, 103.46811676, 104.118278503, 104.756820679, 105.395370483, 106.02230835, 106.637641907, 107.264579773, 107.891517639, 108.530067444, 109.168617249, 109.807167053, 110.445709229, 111.084259033, 111.734420776, 112.372970581, 113.011520386, 113.6616745, 114.311836243, 114.961990356, 115.6121521, 116.262313843, 116.912467957, 117.539405823, 118.166343689, 118.804893494, 119.443443298, 120.070381165, 120.708930969, 121.347480774, 121.986030579, 122.624580383, 123.25151825, 123.878456116, 124.51700592, 125.155555725, 125.79410553, 126.432647705, 127.07119751, 127.709747314, 128.336685181, 128.963623047, 129.590560913, 130.217498779, 130.844436646, 131.471374512, 132.109924316, 132.736862183, 133.363800049, 133.979141235, 134.606079102, 135.221405029, 135.848342896, 136.475280762, 137.102218628, 137.729156494, 138.379318237, 139.041091919, 139.71446228, 140.3878479, 141.061218262, 141.734603882, 142.407974243, 143.058135986, 143.708297729, 144.358459473, 145.008621216, 145.6587677, 146.297317505, 146.93586731, 147.586029053, 148.236190796, 148.886352539, 149.524902344, 150.186660767, 150.83682251, 151.498596191, 152.148742676, 152.78729248, 153.425842285, 154.076004028, 154.714553833, 155.353103638, 155.991653442, 156.618591309, 157.245529175, 157.884078979, 158.522628784, 159.14956665, 159.788116455, 160.42666626, 161.053604126, 161.692153931, 162.330703735, 162.96925354, 163.596191406, 164.234741211, 164.861679077, 165.500228882, 166.138778687, 166.777328491, 167.415863037, 168.031204224, 168.646530151, 169.273468018, 169.900405884, 170.52734375, 171.154281616, 171.781219482, 172.408157349, 173.035095215, 173.662033081, 174.288970947, 174.915908813, 175.54284668, 176.181396484, 176.819946289, 177.446884155, 178.062225342, 178.665939331, 179.26965332, 179.896591187, 180.523529053, 181.150466919, 181.789016724, 182.427566528, 183.066116333, 183.693054199, 184.319992065, 184.95854187, 185.608703613, 186.107940674, 186.607162476, 187.117996216, 187.524353027, 187.919082642, 188.313827515, 188.720184326, 189.068481445, 189.405166626, 189.741851807, 190.078552246, 190.403625488, 190.72869873, 191.07699585, 191.402084351, 191.727157593, 192.052246094, 192.377319336, 192.702392578, 193.027481079, 193.36416626, 193.70085144, 194.03755188, 194.374237061, 194.710922241, 195.036010742, 195.372695923, 195.697769165, 196.022857666, 196.359542847, 196.684616089, 196.998092651, 197.323165894, 197.636642456, 197.95010376, 198.263580322, 198.588653564, 198.925354004, 199.250427246, 199.598724365, 199.947021484, 200.31854248, 200.6668396, 200.991928101, 201.317001343, 201.642089844, 201.967163086, 202.315460205, 202.663757324, 202.988845825, 203.313919067, 203.743484497, 204.196273804, 204.637451172, 205.07862854, 205.519821167, 205.960998535, 206.390563965, 206.843353271, 207.307754517, 207.772155762, 208.236557007, 208.700942993, 209.165344238], "beats_loudness": {"dmean2": 0.0200935956091, "median": 0.0102162957191, "min": 1.4419161698e-10, "dvar2": 0.000483066920424, "dvar": 0.000162025608006, "dmean": 0.011269133538, "max": 0.0767237693071, "var": 0.00027348837466, "mean": 0.0166392531246}, "danceability": 1.08173811436, "bpm_histogram_second_peak_weight": {"dmean2": 0, "median": 0.0588235296309, "min": 0.0588235296309, "dvar2": 0, "dvar": 0, "dmean": 0, "max": 0.0588235296309, "var": 0, "mean": 0.0588235296309}, "beats_count": 358, "bpm_histogram_second_peak_bpm": {"dmean2": 0, "median": 185, "min": 185, "dvar2": 0, "dvar": 0, "dmean": 0, "max": 185, "var": 0, "mean": 185}, "bpm_histogram_first_peak_spread": {"dmean2": 0, "median": 0.623015880585, "min": 0.623015880585, "dvar2": 0, "dvar": 0, "dmean": 0, "max": 0.623015880585, "var": 0, "mean": 0.623015880585}, "beats_loudness_band_ratio": {"dmean2": [0.274757087231, 0.317508548498, 0.288527578115, 0.35205501318, 0.188680842519, 0.0730559080839], "median": [0.100848808885, 0.18498313427, 0.218460738659, 0.136597126722, 0.0624033585191, 0.0294899903238], "min": [9.39598830882e-05, 0.000416191993281, 0.00110100163147, 0.00047984169214, 0.000256698840531, 0.000138426607009], "dvar2": [0.0827861726284, 0.0686485394835, 0.0579506456852, 0.123542912304, 0.0301042031497, 0.00729092070833], "dvar": [0.0300148911774, 0.0234806593508, 0.0217480584979, 0.0423841141164, 0.0101915216073, 0.0027587346267], "dmean": [0.15801513195, 0.175844311714, 0.166781008244, 0.196100085974, 0.103124968708, 0.0418958775699], "max": [0.987135589123, 0.831074476242, 0.854071497917, 0.914361536503, 0.472148180008, 0.573420345783], "var": [0.0478353127837, 0.0341475754976, 0.0344863831997, 0.0507673248649, 0.0118375383317, 0.00368835683912], "mean": [0.191575095057, 0.227264598012, 0.252616286278, 0.220751732588, 0.109586514533, 0.0469965524971]}}, "lowlevel": {"barkbands_spread": {"dmean2": 7.96854686737, "median": 12.831404686, "min": 0.226603969932, "dvar2": 125.643478394, "dvar": 55.0424308777, "dmean": 5.23940992355, "max": 120.325317383, "var": 161.621841431, "mean": 15.7719221115}, "melbands_spread": {"dmean2": 10.5568189621, "median": 17.0529212952, "min": 0.384964704514, "dvar2": 273.023925781, "dvar": 119.988716125, "dmean": 7.02410697937, "max": 218.967086792, "var": 377.622283936, "mean": 21.7645435333}, "hfc": {"dmean2": 4.67842960358, "median": 3.7370018959, "min": 1.15763132633e-16, "dvar2": 64.372756958, "dvar": 38.8284072876, "dmean": 3.68529772758, "max": 113.813819885, "var": 324.185821533, "mean": 11.7809686661}, "barkbands_kurtosis": {"dmean2": 7.83959913254, "median": 1.54584741592, "min": -1.94587671757, "dvar2": 431.326019287, "dvar": 165.783126831, "dmean": 4.79478549957, "max": 418.592437744, "var": 216.379562378, "mean": 5.55298900604}, "gfcc": {"mean": [-141.158126831, 112.813682556, -133.941452026, 6.46122741699, -52.7974815369, -2.17098927498, -35.0342521667, 5.66297340393, -25.2378425598, -2.39769673347, -7.43859052658, -9.43723583221, -6.21990776062], "icov": [[4.93340739922e-05, -3.83961778425e-05, 7.46890800656e-05, -3.25594191963e-05, 5.43546011613e-05, 2.53216203419e-05, 9.23275147215e-05, -8.31596189528e-05, 0.000156896232511, -0.000115333903523, 0.000118869385915, -0.00013520065113, 0.00017138516705], [-3.83961778425e-05, 0.000858121609781, -0.000166117068147, 0.000147011975059, -0.00028726021992, 0.000357904384146, -0.000424610101618, 0.00080454692943, -0.00106659939047, 0.00103949231561, -0.000764500058722, 0.00128297577612, -0.000651208683848], [7.46890800656e-05, -0.000166117068147, 0.000843492685817, -0.00023471757595, 0.000353360694135, -0.000417248229496, 0.000398959411541, -4.40808034909e-05, 4.15684080508e-05, -0.000254040700383, 0.000918496225495, -0.000933251925744, 0.00105084083043], [-3.25594191963e-05, 0.000147011975059, -0.00023471757595, 0.00167300505564, -0.000217358159716, -1.11243907668e-05, 5.74159685129e-06, -0.000365627842257, -0.000250854005571, 0.00010323227616, 8.5449530161e-05, 0.000454909604741, -0.000383304955903], [5.43546011613e-05, -0.00028726021992, 0.000353360694135, -0.000217358159716, 0.0022974088788, -0.000426336366218, -0.000456171343103, -0.000803033297416, 0.000375636242097, -0.000474578671856, 0.000157137867063, -0.000433789391536, 0.000598804734182], [2.53216203419e-05, 0.000357904384146, -0.000417248229496, -1.11243907668e-05, -0.000426336366218, 0.00332538736984, -0.00163792644162, 0.00100100168493, -0.000696397561114, 3.68511755369e-05, 0.00025418997393, -0.000340656901244, 0.00112448830623], [9.23275147215e-05, -0.000424610101618, 0.000398959411541, 5.74159685129e-06, -0.000456171343103, -0.00163792644162, 0.00509254774079, -0.00143489532638, 0.00120491988491, -0.00112751568668, -0.000737439724617, 8.24605012895e-06, -0.000575276499148], [-8.31596189528e-05, 0.00080454692943, -4.40808034909e-05, -0.000365627842257, -0.000803033297416, 0.00100100168493, -0.00143489532638, 0.00679836422205, -0.00272891880013, 0.00119782111142, -0.000192359584616, 0.000342249521054, -0.000819706066977], [0.000156896232511, -0.00106659939047, 4.15684080508e-05, -0.000250854005571, 0.000375636242097, -0.000696397561114, 0.00120491988491, -0.00272891880013, 0.00692614866421, -0.00256762793288, 0.00150961172767, -0.00163682433777, -0.000236306135776], [-0.000115333903523, 0.00103949231561, -0.000254040700383, 0.00010323227616, -0.000474578671856, 3.68511755369e-05, -0.00112751568668, 0.00119782111142, -0.00256762793288, 0.00903773214668, -0.00263294228353, 0.000167956837686, 0.000245252304012], [0.000118869385915, -0.000764500058722, 0.000918496225495, 8.5449530161e-05, 0.000157137867063, 0.00025418997393, -0.000737439724617, -0.000192359584616, 0.00150961172767, -0.00263294228353, 0.00918146315962, -0.00208872021176, 0.000243306392804], [-0.00013520065113, 0.00128297577612, -0.000933251925744, 0.000454909604741, -0.000433789391536, -0.000340656901244, 8.24605012895e-06, 0.000342249521054, -0.00163682433777, 0.000167956837686, -0.00208872021176, 0.0107668396086, -0.00314986985177], [0.00017138516705, -0.000651208683848, 0.00105084083043, -0.000383304955903, 0.000598804734182, 0.00112448830623, -0.000575276499148, -0.000819706066977, -0.000236306135776, 0.000245252304012, 0.000243306392804, -0.00314986985177, 0.0125257158652]], "cov": [[28141.546875, -221.726898193, -2227.17163086, 91.0623931885, -445.406860352, -880.978515625, -536.109313965, 67.6103515625, -574.329467773, 48.6907424927, -59.506401062, -4.81907892227, -138.604125977], [-221.726898193, 2276.92333984, -356.536468506, -153.506332397, 135.176010132, -233.718475342, 91.0662841797, -104.968566895, 127.754837036, -168.225189209, 116.374595642, -221.511688232, 106.196731567], [-2227.17163086, -356.536468506, 2381.99169922, 232.392654419, -256.509307861, 371.261749268, -180.903244019, -64.5475463867, 132.746536255, 16.5333099365, -244.493865967, 136.619308472, -173.101348877], [91.0623931885, -153.506332397, 232.392654419, 669.471191406, 34.0615577698, 39.7795333862, -15.4723892212, 64.8425979614, 41.9452667236, 6.71885347366, -48.2422714233, 6.86240959167, -6.58061122894], [-445.406860352, 135.176010132, -256.509307861, 34.0615577698, 567.96496582, 74.5101852417, 144.730651855, 67.4159393311, 9.2052230835, 26.0954246521, 47.1744384766, -9.53682231903, 9.25005054474], [-880.978515625, -233.718475342, 371.261749268, 39.7795333862, 74.5101852417, 486.531646729, 115.028907776, -23.1437511444, 31.5213928223, 45.5512123108, -31.5141582489, 46.2937774658, -61.5415420532], [-536.109313965, 91.0662841797, -180.903244019, -15.4723892212, 144.730651855, 115.028907776, 310.539916992, 41.5675010681, -9.62212467194, 32.8552589417, 61.4627914429, -8.18783092499, 22.4325008392], [67.6103515625, -104.968566895, -64.5475463867, 64.8425979614, 67.4159393311, -23.1437511444, 41.5675010681, 208.5025177, 61.4690246582, 7.75187015533, -1.52931404114, 15.209356308, 20.2881221771], [-574.329467773, 127.754837036, 132.746536255, 41.9452667236, 9.2052230835, 31.5213928223, -9.62212467194, 61.4690246582, 227.437576294, 30.1096401215, -20.4630680084, 21.0557346344, 14.3516435623], [48.6907424927, -168.225189209, 16.5333099365, 6.71885347366, 26.0954246521, 45.5512123108, 32.8552589417, 7.75187015533, 30.1096401215, 152.390365601, 30.4159412384, 29.3360824585, -9.54359722137], [-59.506401062, 116.374595642, -244.493865967, -48.2422714233, 47.1744384766, -31.5141582489, 61.4627914429, -1.52931404114, -20.4630680084, 30.4159412384, 161.189758301, 2.33128190041, 25.6702651978], [-4.81907892227, -221.511688232, 136.619308472, 6.86240959167, -9.53682231903, 46.2937774658, -8.18783092499, 15.209356308, 21.0557346344, 29.3360824585, 2.33128190041, 137.037231445, 8.45578384399], [-138.604125977, 106.196731567, -173.101348877, -6.58061122894, 9.25005054474, -61.5415420532, 22.4325008392, 20.2881221771, 14.3516435623, -9.54359722137, 25.6702651978, 8.45578384399, 111.100265503]]}, "spectral_energyband_middle_low": {"dmean2": 0.00398934539407, "median": 0.0024075973779, "min": 2.20564600332e-22, "dvar2": 6.85498889652e-05, "dvar": 2.62853463937e-05, "dmean": 0.00254859216511, "max": 0.0879645049572, "var": 5.44127906323e-05, "mean": 0.00513928802684}, "melbands_crest": {"dmean2": 5.68551206589, "median": 12.0959968567, "min": 1.95815324783, "dvar2": 26.3044643402, "dvar": 10.5391635895, "dmean": 3.53345584869, "max": 38.037902832, "var": 32.1927108765, "mean": 13.3516407013}, "spectral_kurtosis": {"dmean2": 7.50644779205, "median": 7.74067211151, "min": -1.23874974251, "dvar2": 104.104682922, "dvar": 42.9003295898, "dmean": 4.63777589798, "max": 131.824234009, "var": 110.940139771, "mean": 10.3434677124}, "spectral_rms": {"dmean2": 0.000751710147597, "median": 0.00231853779405, "min": 3.19054786931e-12, "dvar2": 9.83230279417e-07, "dvar": 4.7044906637e-07, "dmean": 0.000554280704819, "max": 0.0103091225028, "var": 3.73472175852e-06, "mean": 0.00267395144328}, "zerocrossingrate": {"dmean2": 0.01089956332, "median": 0.04736328125, "min": 0, "dvar2": 0.000216734872083, "dvar": 0.000186025354196, "dmean": 0.009630468674, "max": 0.66015625, "var": 0.00163632980548, "mean": 0.0539187826216}, "silence_rate_60dB": {"dmean2": 0.193405613303, "median": 0, "min": 0, "dvar2": 0.171475052834, "dvar": 0.0873366892338, "dmean": 0.0966921150684, "max": 1, "var": 0.229502767324, "mean": 0.35674777627}, "erbbands_kurtosis": {"dmean2": 2.86269235611, "median": 0.646179795265, "min": -1.86701250076, "dvar2": 24.7262020111, "dvar": 10.0715351105, "dmean": 1.80027449131, "max": 123.690292358, "var": 15.8479089737, "mean": 1.72409343719}, "erbbands": {"dmean2": [0.0108119063079, 0.103594854474, 0.400636762381, 0.65929299593, 2.57456803322, 9.03033161163, 6.02367544174, 6.39736223221, 8.45164585114, 14.1670589447, 20.5107593536, 22.0807285309, 17.7600383759, 23.5518531799, 24.2748908997, 34.823299408, 27.4879074097, 27.897069931, 22.0359649658, 16.6921386719, 16.1925506592, 11.2504806519, 11.822470665, 10.8357524872, 8.17485904694, 5.2885093689, 2.01365399361, 0.662977933884, 0.529296934605, 0.409331858158, 0.268322199583, 0.26294913888, 0.184279605746, 0.0914753302932, 0.0432747118175, 0.0137669593096, 0.00682236906141, 0.00376819912344, 0.000832485966384, 3.29106442223e-05], "median": [0.0012674065074, 0.0182207096368, 0.0804641842842, 0.212849780917, 0.495162695646, 1.08358979225, 1.40604114532, 1.66626477242, 2.38728666306, 3.23672676086, 3.80732107162, 3.88245296478, 3.56951284409, 3.06334447861, 2.98529028893, 2.60304474831, 2.23146057129, 2.29121923447, 2.09507131577, 1.48228478432, 1.22715950012, 1.09130418301, 1.09143614769, 1.03682267666, 0.726709067822, 0.519370138645, 0.288409113884, 0.136360615492, 0.0622480623424, 0.040000744164, 0.0321203991771, 0.0295719541609, 0.0241254214197, 0.0129691250622, 0.00537365861237, 0.0012716432102, 0.000310690316837, 6.40991638647e-05, 1.16987048386e-05, 8.94319236977e-06], "min": [1.08531528779e-21, 7.34593414173e-21, 2.78169078527e-20, 1.99948779541e-20, 8.17083063719e-20, 4.70016897051e-19, 1.89787983702e-19, 1.48349246468e-19, 3.25073191939e-19, 4.41420901383e-19, 5.31411172693e-19, 9.58942419122e-19, 1.70070867182e-18, 2.02492035515e-18, 1.89165845654e-18, 3.60141534688e-18, 4.31340733682e-18, 4.52760782439e-18, 3.93632299252e-18, 8.46003355546e-18, 8.27104594655e-18, 1.01510223381e-17, 1.11213258761e-17, 8.61464519247e-18, 1.94346068376e-17, 1.45621722312e-17, 1.67683754215e-17, 1.29064833812e-17, 2.08601285462e-17, 2.00453192469e-17, 1.59911747159e-17, 1.62415722135e-17, 1.4016196631e-17, 1.68722461453e-17, 1.07214518788e-17, 6.59271881755e-18, 3.05125855545e-18, 1.37188349201e-18, 3.17281460762e-19, 3.42596237734e-20], "dvar2": [0.000987376319245, 0.0898532941937, 1.66986441612, 4.71364831924, 53.4599380493, 798.174926758, 203.565185547, 310.51940918, 569.933837891, 2288.70727539, 4663.39257812, 6798.93554688, 3831.45336914, 7785.62597656, 8839.05273438, 14091.0625, 6791.81005859, 8831.3671875, 3697.59082031, 2601.40307617, 2692.07397461, 1268.45471191, 932.784912109, 781.207397461, 464.208190918, 210.057525635, 26.2966442108, 4.39375448227, 6.43379974365, 4.48114490509, 1.51633572578, 1.20246088505, 0.562138855457, 0.0949715450406, 0.0201634466648, 0.00140783074312, 0.000474958826089, 0.000192703853827, 1.21244975162e-05, 1.53799035729e-08], "dvar": [0.000392766320147, 0.0323087014258, 0.612293124199, 1.93112206459, 18.6821193695, 277.127502441, 74.5496673584, 153.523590088, 245.358673096, 919.389404297, 1900.15869141, 3085.00952148, 1709.60412598, 3442.01538086, 3955.2800293, 6468.69873047, 3316.72827148, 4166.29296875, 1662.66650391, 1182.57128906, 1166.41809082, 617.278076172, 461.844085693, 370.599029541, 234.604736328, 97.9552536011, 12.1364450455, 2.25326633453, 2.91547131538, 2.09310913086, 0.832395851612, 0.667042791843, 0.316119760275, 0.051870085299, 0.0100475819781, 0.000765016360674, 0.000256201135926, 9.87527018879e-05, 6.05430022915e-06, 7.32004901138e-09], "dmean": [0.00662248767912, 0.0614956840873, 0.249369978905, 0.393489301205, 1.48602116108, 5.04154157639, 3.65555286407, 4.54111862183, 5.65346908569, 9.33984661102, 13.4785757065, 14.7227392197, 11.9388828278, 15.9709224701, 16.5726833344, 23.4776515961, 18.9920005798, 19.2015705109, 15.0686883926, 11.499294281, 11.0344200134, 7.9209113121, 8.3020029068, 7.58293390274, 5.8448176384, 3.68537282944, 1.37053751945, 0.46142962575, 0.363492131233, 0.2699431777, 0.190769225359, 0.181555449963, 0.132561847568, 0.0670001506805, 0.0306487102062, 0.0100168213248, 0.00483887456357, 0.00257334299386, 0.000565901224036, 2.22164781007e-05], "max": [0.276539951563, 3.42367458344, 37.1443710327, 96.5434112549, 72.5365600586, 218.20526123, 171.092376709, 429.433837891, 397.648956299, 843.052429199, 1200.12890625, 1632.32019043, 1751.94873047, 2139.3059082, 3250.15966797, 3049.74414062, 1661.67736816, 1828.77282715, 886.915039062, 1022.71453857, 1157.84008789, 952.60144043, 827.071228027, 451.793640137, 328.101074219, 337.793914795, 74.8972320557, 84.2834014893, 74.7388534546, 63.3340034485, 40.9460487366, 34.1987342834, 30.4148426056, 11.9041090012, 4.61378908157, 0.743120670319, 0.459485769272, 0.258045017719, 0.065487742424, 0.00253628776409], "var": [0.000353177048964, 0.0310365464538, 0.62549841404, 4.50365543365, 16.4025630951, 179.968185425, 97.7855911255, 465.535736084, 582.166748047, 1610.70788574, 2751.99243164, 4304.93554688, 2848.98217773, 5447.40576172, 11350.1855469, 16077.1376953, 12028.2998047, 14287.8046875, 4422.44921875, 2844.80541992, 2343.10253906, 1505.63330078, 1611.83618164, 1167.7479248, 746.526611328, 304.676391602, 37.2392730713, 6.46959352493, 5.80525970459, 3.71441197395, 1.80558609962, 1.42726671696, 0.694798350334, 0.123841494322, 0.0236305911094, 0.00203674170189, 0.000552326731849, 0.000164296900039, 8.60445197759e-06, 1.02059534157e-08], "mean": [0.00730282161385, 0.0855045691133, 0.328728914261, 0.570853590965, 1.74891972542, 4.8294210434, 5.35778951645, 9.05071544647, 10.0669746399, 14.8277807236, 20.6396408081, 21.6363296509, 19.039068222, 24.702911377, 29.8510780334, 40.498008728, 36.2106971741, 37.7871627808, 26.7604370117, 19.9822292328, 18.3633937836, 13.7237567902, 15.8514556885, 15.0126571655, 11.9131822586, 7.54458141327, 2.68502092361, 0.839745700359, 0.587284147739, 0.405243188143, 0.300709068775, 0.274052798748, 0.206838771701, 0.106258623302, 0.0480617396533, 0.0158088542521, 0.00706099485978, 0.00328981247731, 0.000657718337607, 3.41318700521e-05]}, "spectral_strongpeak": {"dmean2": 0.881685197353, "median": 0.520010948181, "min": 0, "dvar2": 1.95087254047, "dvar": 0.803547680378, "dmean": 0.560475587845, "max": 12.6712207794, "var": 2.21861982346, "mean": 1.09957838058}, "spectral_energy": {"dmean2": 0.00560124590993, "median": 0.00551000749692, "min": 1.04340853273e-20, "dvar2": 9.24205887713e-05, "dvar": 4.06073595514e-05, "dmean": 0.00388023210689, "max": 0.108934953809, "var": 0.000204773721634, "mean": 0.0111569436267}, "average_loudness": 0.218587368727, "spectral_rolloff": {"dmean2": 721.168273926, "median": 1119.7265625, "min": 21.533203125, "dvar2": 2001372.125, "dvar": 879727.125, "dmean": 432.752807617, "max": 18389.3554688, "var": 2143304.5, "mean": 1452.31188965}, "spectral_centroid": {"dmean2": 374.834228516, "median": 1053.16894531, "min": 132.080657959, "dvar2": 231684.546875, "dvar": 119821.03125, "dmean": 261.093109131, "max": 10857.3144531, "var": 519918.5625, "mean": 1213.58691406}, "pitch_salience": {"dmean2": 0.12526011467, "median": 0.576124489307, "min": 0.0319794639945, "dvar2": 0.0130286552012, "dvar": 0.00504276575521, "dmean": 0.0772754102945, "max": 0.892144739628, "var": 0.014041739516, "mean": 0.567105710506}, "spectral_energyband_middle_high": {"dmean2": 0.00238604238257, "median": 0.000906738685444, "min": 1.45122679046e-21, "dvar2": 2.7135014534e-05, "dvar": 1.46790398503e-05, "dmean": 0.0018248569686, "max": 0.0992721989751, "var": 9.2218775535e-05, "mean": 0.00527679314837}, "spectral_contrast_coeffs": {"dmean2": [0.0882213637233, 0.0774039551616, 0.0663881748915, 0.0561058074236, 0.0470771491528, 0.0319258421659], "median": [-0.645682573318, -0.711126148701, -0.734977960587, -0.756600022316, -0.778057217598, -0.812917113304], "min": [-0.975296676159, -0.968980491161, -0.960782170296, -0.967764377594, -0.956245660782, -0.95996505022], "dvar2": [0.00686327228323, 0.00426298612729, 0.00315403495915, 0.0022758282721, 0.0017564711161, 0.000888305425178], "dvar": [0.00278375949711, 0.00200708000921, 0.00156805838924, 0.00124600366689, 0.00106708216481, 0.000459666334791], "dmean": [0.0554670989513, 0.0500046946108, 0.0444166101515, 0.0387376323342, 0.0335086025298, 0.0217946767807], "max": [-0.283138662577, -0.316898524761, -0.391694486141, -0.441120505333, -0.455271452665, -0.581342935562], "var": [0.0107130687684, 0.00955328252167, 0.00969883799553, 0.00891252979636, 0.00760049233213, 0.00279551907443], "mean": [-0.643522381783, -0.711200118065, -0.729416489601, -0.745104134083, -0.76515519619, -0.805620670319]}, "melbands_skewness": {"dmean2": 1.22013533115, "median": 1.33925330639, "min": -2.37185668945, "dvar2": 2.88209414482, "dvar": 1.21883535385, "dmean": 0.808567583561, "max": 17.818655014, "var": 3.36526751518, "mean": 1.73234653473}, "spectral_spread": {"dmean2": 1043266.25, "median": 2903969.5, "min": 634170.625, "dvar2": 2179072393220.0, "dvar": 1187461988350.0, "dmean": 762294.625, "max": 41448132, "var": 4254583750660.0, "mean": 3597191.25}, "dissonance": {"dmean2": 0.0518021509051, "median": 0.447102606297, "min": 0.132460296154, "dvar2": 0.00239929556847, "dvar": 0.000924286898226, "dmean": 0.031504034996, "max": 0.500000059605, "var": 0.00244207656942, "mean": 0.434703171253}, "spectral_skewness": {"dmean2": 0.737037837505, "median": 1.94258260727, "min": -0.261912554502, "dvar2": 0.60931378603, "dvar": 0.260412305593, "dmean": 0.475658923388, "max": 9.67772293091, "var": 0.932865083218, "mean": 2.10143756866}, "spectral_flux": {"dmean2": 0.0274451449513, "median": 0.0421050302684, "min": 1.02147373893e-10, "dvar2": 0.00109234638512, "dvar": 0.000498549663462, "dmean": 0.018022172153, "max": 0.291335582733, "var": 0.00204867962748, "mean": 0.05429103598}, "spectral_contrast_valleys": {"dmean2": [0.755143582821, 0.676027059555, 0.564184725285, 0.527948379517, 0.536513805389, 0.567868173122], "median": [-8.63617897034, -7.61945295334, -8.35246944427, -8.93104743958, -8.94720649719, -11.6686925888], "min": [-27.3074073792, -26.8861045837, -27.1420440674, -26.978307724, -27.2408046722, -27.2075862885], "dvar2": [0.440727710724, 0.412676751614, 0.24728474021, 0.229214504361, 0.290833503008, 0.544149279594], "dvar": [0.222259521484, 0.200635761023, 0.140521422029, 0.142443090677, 0.18113656342, 0.286750108004], "dmean": [0.483625054359, 0.443450897932, 0.390747874975, 0.385858774185, 0.41732519865, 0.477729707956], "max": [-5.76734161377, -4.78906536102, -5.19382953644, -5.5327706337, -5.88110923767, -8.16795730591], "var": [2.8508040905, 2.86095380783, 2.60993909836, 2.50963234901, 2.70536565781, 2.7610938549], "mean": [-8.96100139618, -7.93406820297, -8.53612327576, -9.09327316284, -9.18978118896, -11.9370536804]}, "erbbands_flatness_db": {"dmean2": 0.0386620759964, "median": 0.22073507309, "min": 0.0440150611103, "dvar2": 0.00158015079796, "dvar": 0.000867025344633, "dmean": 0.0291133373976, "max": 0.476357400417, "var": 0.0048792893067, "mean": 0.220681503415}, "spectral_energyband_high": {"dmean2": 0.000112614769023, "median": 2.61581317318e-05, "min": 7.89036196425e-21, "dvar2": 6.9178014428e-08, "dvar": 3.51999140946e-08, "dmean": 7.96923268354e-05, "max": 0.00623902538791, "var": 1.25590773337e-07, "mean": 0.000162111638929}, "spectral_entropy": {"dmean2": 0.363746494055, "median": 7.01564598083, "min": 4.53875207901, "dvar2": 0.166763275862, "dvar": 0.0771889612079, "dmean": 0.257373213768, "max": 9.82238292694, "var": 0.328909099102, "mean": 7.01388311386}, "silence_rate_20dB": {"dmean2": 0, "median": 1, "min": 1, "dvar2": 0, "dvar": 0, "dmean": 0, "max": 1, "var": 0, "mean": 1}, "melbands_flatness_db": {"dmean2": 0.0455954633653, "median": 0.230399668217, "min": 0.00480224005878, "dvar2": 0.00259152147919, "dvar": 0.0011864323169, "dmean": 0.0318685658276, "max": 0.575450122356, "var": 0.00616752821952, "mean": 0.23906879127}, "barkbands": {"dmean2": [8.95126067917e-05, 0.000420879980084, 0.000376094219973, 0.000281166372588, 0.00197418173775, 0.000681518577039, 0.00069453130709, 0.000955753144808, 0.000932149006985, 0.000670606852509, 0.000638332392555, 0.000891336123459, 0.000696268747561, 0.000550182419829, 0.00042859808309, 0.00033413869096, 0.000236713356571, 0.000223440307309, 0.000201638642466, 0.000127557010273, 2.99469193124e-05, 1.35113259603e-05, 1.04905566332e-05, 1.14776730697e-05, 6.81497431287e-06, 3.50384493686e-06, 4.28771409133e-06], "median": [9.15821510716e-06, 6.23675732641e-05, 5.81544300076e-05, 7.18986921129e-05, 0.000317741156323, 0.000208258090424, 0.000153586006491, 0.000135961832711, 0.0001343289332, 8.11051941128e-05, 4.68099897262e-05, 4.50952938991e-05, 3.39450743922e-05, 2.71728331427e-05, 2.56599250861e-05, 1.70248495124e-05, 1.73630069185e-05, 1.85607714229e-05, 1.67887556017e-05, 1.08721869765e-05, 4.3465984163e-06, 1.53981989115e-06, 1.14735485113e-06, 1.50058622239e-06, 9.49902073444e-07, 1.98578618438e-07, 2.03580015068e-08], "min": [4.32899570198e-24, 3.15492896803e-23, 2.9194637697e-23, 1.93014206719e-24, 9.59287614254e-23, 1.16369226641e-23, 2.57733842386e-23, 2.53948146234e-23, 4.41362280663e-23, 5.00271099849e-23, 5.39368056053e-23, 6.70726902071e-23, 1.09617221003e-22, 9.76587649449e-23, 9.03737796356e-23, 1.84563979978e-22, 1.53653191159e-22, 1.89607262409e-22, 2.91930107502e-22, 3.43245547252e-22, 3.86298117093e-22, 5.44103796327e-22, 5.816931573e-22, 7.99828520428e-22, 1.51048693043e-21, 1.74478159802e-21, 2.31396324466e-21], "dvar2": [4.31940385681e-08, 1.49039215103e-06, 1.6620099359e-06, 1.01725242985e-06, 3.64196712326e-05, 2.76194600701e-06, 3.60211629413e-06, 9.4822180472e-06, 1.15978000395e-05, 6.918892268e-06, 6.57758346279e-06, 8.51295953908e-06, 4.59621605842e-06, 3.36682523994e-06, 1.41954160426e-06, 9.92407876765e-07, 5.37466803507e-07, 3.09079410954e-07, 2.53722987509e-07, 1.19779471675e-07, 6.47900311179e-09, 3.79590536781e-09, 2.68712341267e-09, 2.30055929862e-09, 4.9165282956e-10, 1.12689316212e-10, 2.98280622424e-10], "dvar": [1.9370590465e-08, 5.48597995476e-07, 5.98993153744e-07, 4.08264810403e-07, 1.26725217342e-05, 1.34030756271e-06, 1.44292084769e-06, 3.88729495171e-06, 5.27828433405e-06, 2.89546596832e-06, 2.72595275419e-06, 3.84299028156e-06, 2.16641024053e-06, 1.49531410898e-06, 6.27018266641e-07, 4.34925851778e-07, 2.55382190062e-07, 1.48748313222e-07, 1.21480596249e-07, 5.77759031728e-08, 2.81550738279e-09, 1.74662662111e-09, 1.38337019617e-09, 1.2940351013e-09, 2.6131649622e-10, 6.1647964511e-11, 1.50325987769e-10], "dmean": [5.60403859708e-05, 0.000250977434916, 0.000232979029533, 0.000166114055901, 0.00111472711433, 0.000478683941765, 0.000451305968454, 0.00061845802702, 0.000621289480478, 0.000445223413408, 0.000425419420935, 0.000592753000092, 0.000460062699858, 0.000365287618479, 0.000281943677692, 0.000224882314797, 0.000162180818734, 0.000155173765961, 0.000139904659591, 8.67913040565e-05, 1.95195389097e-05, 9.34254967433e-06, 7.19979288988e-06, 8.31929628475e-06, 4.94970299769e-06, 2.53437633546e-06, 2.89420199806e-06], "max": [0.00222645117901, 0.0122279906645, 0.040861941874, 0.0485348850489, 0.0452828481793, 0.0352653451264, 0.0267739854753, 0.0525020174682, 0.0761276930571, 0.0874012336135, 0.0645750835538, 0.0611854158342, 0.0358315072954, 0.0310221128166, 0.0165639426559, 0.016784960404, 0.0148466611281, 0.0128932464868, 0.00656435359269, 0.00550899561495, 0.00178025278728, 0.00185550993774, 0.0017204224132, 0.00164578750264, 0.0008411288145, 0.000182106290595, 0.00031688134186], "var": [2.03456291814e-08, 5.13428631166e-07, 5.78629169468e-07, 8.41814994601e-07, 8.58754629007e-06, 4.20005926571e-06, 2.89655281449e-06, 6.07563606536e-06, 7.60323109716e-06, 3.99899863623e-06, 5.71377995584e-06, 8.74611123436e-06, 6.39644758849e-06, 3.92790298065e-06, 1.64488847076e-06, 8.93265678314e-07, 5.54317352908e-07, 4.88381886043e-07, 3.7710103129e-07, 1.56993905875e-07, 6.9303704997e-09, 3.66019170528e-09, 2.85404277989e-09, 2.82261591877e-09, 6.32120966682e-10, 1.42473935427e-10, 2.19922455247e-10], "mean": [5.25527648279e-05, 0.000336910045007, 0.000295916106552, 0.000225277311984, 0.00115691684186, 0.000973991176579, 0.00072691362584, 0.00094350829022, 0.000898867787328, 0.000635365315247, 0.000678034150042, 0.000961121288128, 0.000782818009611, 0.000618793768808, 0.000469622784294, 0.000344102067174, 0.000252318626735, 0.000283738801954, 0.000270879652817, 0.000162075200933, 3.28780915879e-05, 1.52600878209e-05, 1.11105600809e-05, 1.28909359773e-05, 7.88174020272e-06, 3.81057839149e-06, 3.3722903936e-06]}, "erbbands_skewness": {"dmean2": 0.775348603725, "median": 0.507731676102, "min": -3.97916126251, "dvar2": 0.685028791428, "dvar": 0.302797555923, "dmean": 0.511871218681, "max": 10.4