{"tonal": {"thpcp": [1, 0.650183141232, 0.210769489408, 0.141536206007, 0.168795049191, 0.537450969219, 0.864617466927, 0.546783387661, 0.316706001759, 0.331348627806, 0.1956782341, 0.237787142396, 0.350909769535, 0.299387663603, 0.526996195316, 0.80667424202, 0.503152489662, 0.187395498157, 0.16954113543, 0.22481097281, 0.679397642612, 0.968226730824, 0.540815234184, 0.204615622759, 0.166115090251, 0.171374723315, 0.402390003204, 0.633619844913, 0.497627079487, 0.607988595963, 0.815952301025, 0.475082933903, 0.207902759314, 0.21564745903, 0.221682995558, 0.599138617516], "hpcp": {"dmean2": [0.198268815875, 0.180290594697, 0.117968633771, 0.0928725451231, 0.099758066237, 0.145423412323, 0.197718396783, 0.195107623935, 0.195109173656, 0.198619246483, 0.171862468123, 0.115799531341, 0.117233417928, 0.130538523197, 0.186641514301, 0.19942176342, 0.199617370963, 0.12462157011, 0.0930293947458, 0.106112338603, 0.167857781053, 0.198479428887, 0.170747861266, 0.138699814677, 0.117254309356, 0.0837322622538, 0.0960600450635, 0.120485633612, 0.125125139952, 0.169380024076, 0.19424533844, 0.169192448258, 0.101892240345, 0.0936764702201, 0.11793781817, 0.181997299194], "median": [0.12288659811, 0.0760392099619, 0.0191483628005, 0.013390276581, 0.0135548263788, 0.0451529435813, 0.0698874220252, 0.0598185248673, 0.0540711991489, 0.0543339475989, 0.0354114435613, 0.0177338644862, 0.0155684249476, 0.0173839274794, 0.0612865239382, 0.103416219354, 0.0699992775917, 0.017078274861, 0.00837270542979, 0.0106883440167, 0.0686106905341, 0.112267546356, 0.0752060264349, 0.0202182549983, 0.0132745224983, 0.00988324638456, 0.0203262791038, 0.0288141574711, 0.0276889242232, 0.0537832975388, 0.0755202397704, 0.0489804148674, 0.0195049680769, 0.0145699232817, 0.018448099494, 0.0775786563754], "min": [0, 0, 0, 0, 0, 0, 0, 0, 0, 0, 0, 0, 0, 0, 0, 0, 0, 0, 0, 0, 0, 0, 0, 0, 0, 0, 0, 0, 0, 0, 0, 0, 0, 0, 0, 0], "dvar2": [0.0782499164343, 0.0746864080429, 0.0669402852654, 0.0489562563598, 0.052177388221, 0.0638005137444, 0.0929118618369, 0.09265293926, 0.0890797525644, 0.0993999689817, 0.0785162746906, 0.0645493343472, 0.0680622234941, 0.0746920630336, 0.0793603211641, 0.0935896337032, 0.08456851542, 0.0689033195376, 0.0497077740729, 0.0551753304899, 0.0644221454859, 0.075642876327, 0.0595596320927, 0.0686112716794, 0.0594837963581, 0.0364596508443, 0.0379841551185, 0.0514648035169, 0.0527109727263, 0.0677685216069, 0.0875122025609, 0.0714810565114, 0.0440104603767, 0.0484821908176, 0.055504322052, 0.0755341425538], "dvar": [0.0358490683138, 0.0294458083808, 0.0241620671004, 0.0177770461887, 0.0191521402448, 0.0247819684446, 0.0378856807947, 0.0353426150978, 0.0341483652592, 0.0412193275988, 0.0297263488173, 0.024005651474, 0.0248504448682, 0.0267317127436, 0.030130084604, 0.039757348597, 0.0331730991602, 0.02497805655, 0.0181035026908, 0.0205667186528, 0.0248985216022, 0.0339487604797, 0.0240122806281, 0.0255964063108, 0.0242871902883, 0.0142909903079, 0.015444688499, 0.0220780558884, 0.020546881482, 0.027228500694, 0.0389745011926, 0.028492089361, 0.0160870142281, 0.0179917607456, 0.0210578031838, 0.0303230229765], "dmean": [0.121980763972, 0.107169814408, 0.0663043484092, 0.0529028587043, 0.0561340749264, 0.0871239081025, 0.118359409273, 0.112849131227, 0.115638457239, 0.11819986999, 0.100225493312, 0.0652950555086, 0.0661494731903, 0.0731364488602, 0.110922604799, 0.121448300779, 0.117664270103, 0.0707208290696, 0.0514182709157, 0.0594144314528, 0.101395212114, 0.123547658324, 0.103975765407, 0.0797256752849, 0.0681617110968, 0.0488908439875, 0.057069696486, 0.0740362852812, 0.0739643871784, 0.102112069726, 0.118989802897, 0.100785553455, 0.0579852648079, 0.0528905875981, 0.067544311285, 0.109625346959], "max": [1, 1, 1, 1, 1, 1, 1, 1, 1, 1, 1, 1, 1, 1, 1, 1, 1, 1, 1, 1, 1, 1, 1, 1, 1, 1, 1, 1, 1, 1, 1, 1, 1, 1, 1, 1], "var": [0.122517794371, 0.043840482831, 0.0198609624058, 0.0153592880815, 0.0161288809031, 0.0364759452641, 0.075502589345, 0.0469307377934, 0.0666820183396, 0.122329220176, 0.0468134619296, 0.0207286830992, 0.0224324427545, 0.0225034561008, 0.0570966675878, 0.136616259813, 0.0667399019003, 0.0208417661488, 0.0145850107074, 0.0179832559079, 0.0462040156126, 0.103196956217, 0.0450784377754, 0.0346874929965, 0.0512879043818, 0.0190221387893, 0.0209975857288, 0.0403877943754, 0.0272712875158, 0.0529283694923, 0.108789004385, 0.0484848506749, 0.0139557300135, 0.015953136608, 0.0203079916537, 0.0740164145827], "mean": [0.296054750681, 0.165365114808, 0.0625653341413, 0.0507930219173, 0.0524012632668, 0.123038820922, 0.193741977215, 0.15215946734, 0.185904711485, 0.249493792653, 0.145266145468, 0.0635704398155, 0.065938539803, 0.0677840262651, 0.183198660612, 0.305770069361, 0.198806539178, 0.0644470006227, 0.0432775355875, 0.0516124740243, 0.164336428046, 0.264374136925, 0.167189985514, 0.0968392118812, 0.101316489279, 0.05983254686, 0.0727081894875, 0.107297703624, 0.0915437862277, 0.161139667034, 0.246656835079, 0.153848975897, 0.0572999343276, 0.0518406033516, 0.068740464747, 0.207739472389]}, "tuning_equal_tempered_deviation": 0.0111526697874, "chords_changes_rate": 0.0511427931488, "key_key": "G", "tuning_diatonic_strength": 0.560814976692, "key_scale": "major", "chords_number_rate": 0.00226295553148, "tuning_frequency": 440.508575439, "tuning_nontempered_energy_ratio": 0.632537961006, "chords_histogram": [15.9764652252, 2.24032592773, 12.7178096771, 0.135777324438, 2.03665995598, 0, 0.497850179672, 0, 0.158406883478, 0, 0, 0, 0, 0.452591091394, 0, 1.22199594975, 0, 0.724145710468, 0, 7.30934619904, 10.2964468002, 18.1262722015, 16.8137588501, 11.2921476364], "key_strength": 0.726947009563, "chords_key": "A", "chords_strength": {"dmean2": 0.00831879116595, "median": 0.514808237553, "min": -1, "dvar2": 0.000950469227973, "dvar": 0.00049069756642, "dmean": 0.0100029539317, "max": 0.735012888908, "var": 0.0176031216979, "mean": 0.507754683495}, "chords_scale": "minor", "hpcp_entropy": {"dmean2": 0.908720433712, "median": 1.70433998108, "min": 0, "dvar2": 0.610860586166, "dvar": 0.225569546223, "dmean": 0.538528323174, "max": 4.11768960953, "var": 0.444042026997, "mean": 1.70931923389}}, "metadata": {"audio_properties": {"equal_loudness": 0, "codec": "mp3", "downmix": "mix", "sample_rate": 44100, "analysis_sample_rate": 44100, "bit_rate": 128016, "md5_encoded": "8a3427310a58a0068e86628681f97764", "length": 205.139587402, "replay_gain": -5.39168739319, "lossless": false}, "version": {"essentia_build_sha": "70f2e5ece6736b2c40cc944ad0e695b16b925413", "essentia": "2.1-beta2", "extractor": "music 1.0", "essentia_git_sha": "v2.1_beta2"}, "tags": {"title": ["On the Road to Jericho"], "media": ["CD"], "albumartist": ["Keith Green"], "length": ["205093"], "musicbrainz_recordingid": ["0e65f938-d107-4b85-92f4-24c21c617e56"], "artistsort": ["Green, Keith"], "musicbrainz_albumartistid": ["f40eb81d-62a6-4e88-b742-e2933ffe68b3"], "discnumber": ["1/2"], "bpm": ["0"], "musicbrainz album type": ["compilation"], "file_name": "15 On the Road to Jericho.mp3", "date": ["1987"], "genre": ["Christian"], "album": ["The Ministry Years, Volume 1: 1977-1979"], "originaldate": ["1987"], "musicbrainz_albumid": ["5430dc4b-e500-4ce3-b043-1dd44b52b4c4"], "artist": ["Keith Green"], "composer": ["Keith Green"], "tracknumber": ["15/38"], "label": ["Sparrow"], "albumartistsort": ["Green, Keith"], "musicbrainz_artistid": ["f40eb81d-62a6-4e88-b742-e2933ffe68b3"], "musicbrainz_releasegroupid": ["549c3a72-bdbe-39c4-918e-35f1582cfdd9"]}}, "rhythm": {"bpm_histogram_first_peak_bpm": {"dmean2": 0, "median": 126, "min": 126, "dvar2": 0, "dvar": 0, "dmean": 0, "max": 126, "var": 0, "mean": 126}, "bpm": 125.98840332, "bpm_histogram_second_peak_spread": {"dmean2": 0, "median": 0.0294117331505, "min": 0.0294117331505, "dvar2": 0, "dvar": 0, "dmean": 0, "max": 0.0294117331505, "var": 0, "mean": 0.0294117331505}, "bpm_histogram_first_peak_weight": {"dmean2": 0, "median": 0.191283285618, "min": 0.191283285618, "dvar2": 0, "dvar": 0, "dmean": 0, "max": 0.191283285618, "var": 0, "mean": 0.191283285618}, "onset_rate": 3.4070982933, "beats_position": [0.580498874187, 1.16099774837, 1.74149656296, 2.33360528946, 2.92571425438, 3.49460315704, 4.04027223587, 4.59755086899, 5.14321994781, 5.6888885498, 6.23455762863, 6.78022670746, 7.33750534058, 7.89478445053, 8.45206356049, 9.0093421936, 9.56662082672, 10.1239004135, 10.6811790466, 11.2384576797, 11.7841272354, 12.3181858063, 12.8522443771, 13.3979139328, 13.9319725037, 14.4660310745, 15.0000905991, 15.5225391388, 16.0565986633, 16.5906581879, 17.1363258362, 17.6819953918, 18.2276649475, 18.7501125336, 19.272562027, 19.7950115204, 20.3174591064, 20.8282985687, 21.339138031, 21.8615875244, 22.3840351105, 22.8948745728, 23.3941040039, 23.9049434662, 24.4273910522, 24.9382305145, 25.4490699768, 25.9715194702, 26.4939670563, 27.0164165497, 27.5504760742, 28.0729255676, 28.5837631226, 29.0946025848, 29.6054420471, 30.1162815094, 30.6271190643, 31.1263484955, 31.6255779266, 32.1364173889, 32.6472549438, 33.146484375, 33.6457138062, 34.1565513611, 34.6673927307, 35.1898422241, 35.7006797791, 36.1999092102, 36.6991386414, 37.1983680725, 37.7092056274, 38.2084350586, 38.7076644897, 39.1952819824, 39.6945114136, 40.1937408447, 40.6929702759, 41.192199707, 41.6914291382, 42.1906585693, 42.7014961243, 43.1891136169, 43.6767349243, 44.164352417, 44.6519737244, 45.139591217, 45.6272087097, 46.1032180786, 46.590839386, 47.0668487549, 47.5660743713, 48.0653038025, 48.5645332336, 49.0869827271, 49.6094322205, 50.1202697754, 50.6427192688, 51.1651687622, 51.6876182556, 52.2565078735, 52.8253974915, 53.3826751709, 53.9283447266, 54.4740142822, 55.0080718994, 55.5537414551, 56.0994110107, 56.6450767517, 57.1907463074, 57.7248077393, 58.2356452942, 58.7580947876, 59.280544281, 59.8146018982, 60.3486595154, 60.8827209473, 61.3703384399, 61.8579597473, 62.3339653015, 62.8099746704, 63.2975959778, 63.7852134705, 64.2728347778, 64.7604522705, 65.2480697632, 65.7124710083, 66.1768722534, 66.6528778076, 67.1288909912, 67.6048965454, 68.0809020996, 68.5569152832, 69.0329208374, 69.508934021, 69.9849395752, 70.4609527588, 70.936958313, 71.4245758057, 71.9005889893, 72.3765945435, 72.8526077271, 73.3170089722, 73.7930145264, 74.2574157715, 74.7218093872, 75.1862106323, 75.6506118774, 76.1150131226, 76.5794067383, 77.0438079834, 77.5082092285, 77.9726028442, 78.4370040894, 78.9130172729, 79.3890228271, 79.8650360107, 80.3294296265, 80.8054428101, 81.2698364258, 81.7458496094, 82.2218551636, 82.6862564087, 83.1622695923, 83.6382751465, 84.1026763916, 84.5786819458, 85.0546951294, 85.5190887451, 85.9834899902, 86.4478912354, 86.9238967896, 87.3999099731, 87.8759155273, 88.36353302, 88.8395462036, 89.3155517578, 89.7915649414, 90.2791824341, 90.7667999268, 91.2544174194, 91.7420425415, 92.2296600342, 92.7288894653, 93.2048950195, 93.6925125122, 94.1801376343, 94.6561431885, 95.1321487427, 95.6197738647, 96.0957794189, 96.5717926025, 97.0361862183, 97.5121994019, 97.9882049561, 98.4642181396, 98.9402236938, 99.4278411865, 99.9038543701, 100.379859924, 100.844261169, 101.308662415, 101.784667969, 102.260681152, 102.725074768, 103.189476013, 103.653877258, 104.129882812, 104.605895996, 105.070289612, 105.557914734, 106.033920288, 106.509933472, 106.974327087, 107.46194458, 107.937957764, 108.413963318, 108.878364563, 109.342765808, 109.807167053, 110.283172607, 110.747573853, 111.223579407, 111.676368713, 112.140769958, 112.605171204, 113.081176758, 113.545578003, 114.009971619, 114.474372864, 114.92716217, 115.368339539, 115.821128845, 116.273918152, 116.738319397, 117.191108704, 117.655509949, 118.119903564, 118.572692871, 119.025482178, 119.489883423, 119.942672729, 120.407073975, 120.859863281, 121.312652588, 121.765441895, 122.22983551, 122.694236755, 123.158638, 123.623039246, 124.075828552, 124.528617859, 124.993011475, 125.45741272, 125.921813965, 126.386207581, 126.850608826, 127.315010071, 127.779411316, 128.243804932, 128.708206177, 129.172607422, 129.637008667, 130.101409912, 130.565795898, 131.018585205, 131.471374512, 131.935775757, 132.388565063, 132.84135437, 133.294143677, 133.746932983, 134.19972229, 134.652511597, 135.116912842, 135.581314087, 136.034103394, 136.4868927, 136.939682007, 137.392471313, 137.868484497, 138.321273804, 138.77406311, 139.226852417, 139.691238403, 140.14402771, 140.596817017, 141.061218262, 141.514007568, 141.978408813, 142.43119812, 142.895599365, 143.36000061, 143.812789917, 144.288803101, 144.753189087, 145.217590332, 145.693603516, 146.158004761, 146.634017944, 147.110015869, 147.597640991, 148.096862793, 148.584487915, 149.083709717, 149.571334839, 150.058959961, 150.534957886, 151.022583008, 151.51020813, 152.02104187, 152.508651733, 153.019500732, 153.507110596, 153.994735718, 154.48236084, 154.981582642, 155.480819702, 155.980041504, 156.467666626, 156.955276489, 157.431289673, 157.918914795, 158.406524658, 158.89414978, 159.381759644, 159.869384766, 160.357009888, 160.844619751, 161.332244873, 161.808258057, 162.284255981, 162.760269165, 163.236282349, 163.712280273, 164.188293457, 164.675918579, 165.163528442, 165.651153564, 166.138778687, 166.649612427, 167.172058105, 167.671295166, 168.263397217, 168.855514526, 169.436004639, 170.004898071, 170.573776245, 171.131057739, 171.688339233, 172.245620728, 172.744842529, 173.255691528, 173.778137207, 174.288970947, 174.799819946, 175.310653687, 175.833099365, 176.355545044, 176.88961792, 177.412063599, 177.934509277, 178.445343018, 178.956192017, 179.467025757, 179.954650879, 180.465484619, 180.976318359, 181.47555542, 181.974777222, 182.462402344, 182.950012207, 183.437637329, 183.925262451, 184.412872314, 184.900497437, 185.3881073, 185.875732422, 186.363357544, 186.850967407, 187.338592529, 187.826202393, 188.302215576, 188.77822876, 189.265853882, 189.753463745, 190.229476929, 190.705490112, 191.181488037, 191.657501221, 192.145126343, 192.632736206, 193.120361328, 193.607971191, 194.095596313, 194.583221436, 195.070831299, 195.558456421, 196.057678223, 196.556915283, 197.044525146, 197.532150269, 198.008163452, 198.484161377, 198.960174561, 199.436187744, 199.923812866, 200.423034668, 200.945480347, 201.467926025, 201.990386963, 202.605712891, 203.221038818, 203.836364746, 204.451690674], "beats_loudness": {"dmean2": 0.0375863574445, "median": 0.0166178811342, "min": 0, "dvar2": 0.00124290026724, "dvar": 0.000397737254389, "dmean": 0.0198300313205, "max": 0.134573400021, "var": 0.000606329704169, "mean": 0.0253547560424}, "danceability": 1.06337213516, "bpm_histogram_second_peak_weight": {"dmean2": 0, "median": 0.0799031481147, "min": 0.0799031481147, "dvar2": 0, "dvar": 0, "dmean": 0, "max": 0.0799031481147, "var": 0, "mean": 0.0799031481147}, "beats_count": 414, "bpm_histogram_second_peak_bpm": {"dmean2": 0, "median": 133, "min": 133, "dvar2": 0, "dvar": 0, "dmean": 0, "max": 133, "var": 0, "mean": 133}, "bpm_histogram_first_peak_spread": {"dmean2": 0, "median": 0.651982367039, "min": 0.651982367039, "dvar2": 0, "dvar": 0, "dmean": 0, "max": 0.651982367039, "var": 0, "mean": 0.651982367039}, "beats_loudness_band_ratio": {"dmean2": [0.430363476276, 0.242948457599, 0.339179068804, 0.227838143706, 0.0802714005113, 0.0914478302002], "median": [0.260558158159, 0.146476402879, 0.22223263979, 0.123275153339, 0.0574386306107, 0.0478844754398], "min": [0, 0, 0, 0, 0, 0], "dvar2": [0.107120789587, 0.0450849346817, 0.0672179833055, 0.0537716075778, 0.00643657147884, 0.012417874299], "dvar": [0.0367213413119, 0.0149587914348, 0.0237923730165, 0.0199852287769, 0.00244705239311, 0.00446959910914], "dmean": [0.241355374455, 0.140186265111, 0.189130023122, 0.127294629812, 0.0463465303183, 0.0527234561741], "max": [0.953609883785, 0.803162097931, 0.889590859413, 0.934819877148, 0.438821077347, 0.691697120667], "var": [0.0508791692555, 0.0194638911635, 0.035951744765, 0.0220790915191, 0.00309271924198, 0.00435644295067], "mean": [0.30457213521, 0.182217687368, 0.262328505516, 0.163682609797, 0.070838086307, 0.0626394748688]}}, "lowlevel": {"barkbands_spread": {"dmean2": 6.26772069931, "median": 17.813747406, "min": 0.732075512409, "dvar2": 65.8879394531, "dvar": 29.3599853516, "dmean": 4.14118671417, "max": 90.4538497925, "var": 115.31854248, "mean": 19.9875488281}, "melbands_spread": {"dmean2": 8.17119026184, "median": 20.8204078674, "min": 0.904335439205, "dvar2": 116.717308044, "dvar": 52.4919548035, "dmean": 5.39534854889, "max": 168.596206665, "var": 285.697387695, "mean": 24.1751041412}, "hfc": {"dmean2": 5.04215669632, "median": 6.39046859741, "min": 1.07379465219e-16, "dvar2": 117.842247009, "dvar": 63.7212715149, "dmean": 3.9110648632, "max": 248.409912109, "var": 352.621032715, "mean": 13.6957063675}, "barkbands_kurtosis": {"dmean2": 2.15568566322, "median": 1.00493955612, "min": -1.81979751587, "dvar2": 17.651714325, "dvar": 7.26477766037, "dmean": 1.37935554981, "max": 76.0787506104, "var": 14.7247123718, "mean": 1.95903229713}, "gfcc": {"mean": [-73.2171707153, 124.570899963, -142.86366272, 32.1181716919, -59.42395401, 7.63249969482, -30.5658454895, 9.26730155945, -23.4448642731, -0.796082496643, -7.58943080902, -5.38171720505, -6.26772260666], "icov": [[0.000231095284107, -0.000395317998482, 0.000749849830754, -0.000536213105079, 0.00054432998877, -0.000717852439266, 0.000461415213067, -0.000738149741665, 0.000516696134582, -0.000256036320934, 0.000353052426362, -0.000292411306873, 0.000456688489066], [-0.000395317998482, 0.00186765764374, -0.00105048983824, 0.000989094260149, -0.00171551632229, 0.00170798785985, -0.00124229164794, 0.00176701426972, -0.00123099097982, 0.000608010799624, -0.00119609176181, 0.00118513847701, -0.00130803510547], [0.000749849830754, -0.00105048983824, 0.00419727573171, -0.00195043184794, 0.000531115394551, -0.00285221938975, 0.00175679230597, -0.00288961827755, 0.0015692791203, -0.00151906197425, 0.00188425951637, -0.00187233125325, 0.00213774526492], [-0.000536213105079, 0.000989094260149, -0.00195043184794, 0.00416013831273, -0.00135905016214, 0.00156737992074, -0.000650815258268, 0.0023278275039, -0.0019564346876, 0.000662765465677, -0.000374276540242, 0.00130439398345, -0.00152670405805], [0.00054432998877, -0.00171551632229, 0.000531115394551, -0.00135905016214, 0.00644181901589, -0.00181240891106, -9.36331052799e-05, -0.001764955814, 0.000634772120975, -0.00025324197486, 0.00013140689407, -0.000111713328806, -0.000359493395081], [-0.000717852439266, 0.00170798785985, -0.00285221938975, 0.00156737992074, -0.00181240891106, 0.00746951345354, -0.00291741732508, 0.00218090601265, -0.000350055837771, -0.00100260705221, 9.17500146898e-05, 0.000541688990779, -0.00147423392627], [0.000461415213067, -0.00124229164794, 0.00175679230597, -0.000650815258268, -9.36331052799e-05, -0.00291741732508, 0.00701562780887, -0.00167589599732, -0.000291977368761, 0.000312762218527, -0.000873254030012, 8.31147335703e-05, 0.00017111604393], [-0.000738149741665, 0.00176701426972, -0.00288961827755, 0.0023278275039, -0.001764955814, 0.00218090601265, -0.00167589599732, 0.00952425878495, -0.00234325206839, 0.0013191109756, -0.00187629717402, 0.00132813176606, 0.000431058288086], [0.000516696134582, -0.00123099097982, 0.0015692791203, -0.0019564346876, 0.000634772120975, -0.000350055837771, -0.000291977368761, -0.00234325206839, 0.0101241413504, -0.00275344518013, -0.000203845658689, 1.10877745101e-05, -0.00011500344408], [-0.000256036320934, 0.000608010799624, -0.00151906197425, 0.000662765465677, -0.00025324197486, -0.00100260705221, 0.000312762218527, 0.0013191109756, -0.00275344518013, 0.010523638688, -0.00123166560661, -0.00173470762093, 0.000123306177557], [0.000353052426362, -0.00119609176181, 0.00188425951637, -0.000374276540242, 0.00013140689407, 9.17500146898e-05, -0.000873254030012, -0.00187629717402, -0.000203845658689, -0.00123166560661, 0.0126248691231, -0.00202409247868, 0.000731474079657], [-0.000292411306873, 0.00118513847701, -0.00187233125325, 0.00130439398345, -0.000111713328806, 0.000541688990779, 8.31147335703e-05, 0.00132813176606, 1.10877745101e-05, -0.00173470762093, -0.00202409247868, 0.0142294121906, -0.00514463195577], [0.000456688489066, -0.00130803510547, 0.00213774526492, -0.00152670405805, -0.000359493395081, -0.00147423392627, 0.00017111604393, 0.000431058288086, -0.00011500344408, 0.000123306177557, 0.000731474079657, -0.00514463195577, 0.0156259331852]], "cov": [[20997.5234375, 446.508239746, -2416.05419922, 517.746887207, -1196.86791992, 260.338043213, -541.524536133, 197.05279541, -453.27053833, -67.0906448364, -186.833969116, -124.091751099, -232.57913208], [446.508239746, 1536.63305664, -298.296630859, -13.996752739, 293.062866211, -202.325195312, 236.057754517, -111.36328125, 144.203613281, -85.9494857788, 148.957977295, -87.732749939, 109.044937134], [-2416.05419922, -298.296630859, 892.30078125, 60.2790107727, 133.701797485, 164.873413086, -37.492980957, 69.3930892944, -2.34793257713, 98.1263961792, -64.8618621826, 67.9173736572, -28.8089542389], [517.746887207, -13.996752739, 60.2790107727, 372.29385376, 18.236333847, 7.75779294968, -22.7619991302, -29.9759979248, 27.7350234985, 7.37789344788, -21.0736942291, -9.35578250885, 12.1039648056], [-1196.86791992, 293.062866211, 133.701797485, 18.236333847, 321.350311279, -0.666502475739, 107.279541016, -9.8184633255, 60.5737609863, -3.46657109261, 41.0961380005, -8.53890991211, 45.1667480469], [260.338043213, -202.325195312, 164.873413086, 7.75779294968, -0.666502475739, 268.043151855, 13.9142856598, 19.797044754, -33.5173416138, 55.4294242859, -38.8165512085, 28.2047042847, -11.3493747711], [-541.524536133, 236.057754517, -37.492980957, -22.7619991302, 107.279541016, 13.9142856598, 241.967285156, -5.56466960907, 54.1734771729, -16.3659877777, 51.7679290771, -17.2478294373, 32.2029037476], [197.05279541, -111.36328125, 69.3930892944, -29.9759979248, -9.8184633255, 19.797044754, -5.56466960907, 162.522674561, -0.594625234604, 4.32647037506, -1.63975119591, -1.59480571747, -30.7708930969], [-453.27053833, 144.203613281, -2.34793257713, 27.7350234985, 60.5737609863, -33.5173416138, 54.1734771729, -0.594625234604, 146.862197876, 15.8699684143, 32.0888214111, -8.05574989319, 22.8054161072], [-67.0906448364, -85.9494857788, 98.1263961792, 7.37789344788, -3.46657109261, 55.4294242859, -16.3659877777, 4.32647037506, 15.8699684143, 125.667205811, -4.17792844772, 28.8725528717, -3.90128970146], [-186.833969116, 148.957977295, -64.8618621826, -21.0736942291, 41.0961380005, -38.8165512085, 51.7679290771, -1.63975119591, 32.0888214111, -4.17792844772, 109.926956177, -0.0941328555346, 16.5981864929], [-124.091751099, -87.732749939, 67.9173736572, -9.35578250885, -8.53890991211, 28.2047042847, -17.2478294373, -1.59480571747, -8.05574989319, 28.8725528717, -0.0941328555346, 94.5430526733, 19.6187419891], [-232.57913208, 109.044937134, -28.8089542389, 12.1039648056, 45.1667480469, -11.3493747711, 32.2029037476, -30.7708930969, 22.8054161072, -3.90128970146, 16.5981864929, 19.6187419891, 91.3909683228]]}, "spectral_energyband_middle_low": {"dmean2": 0.00347348744981, "median": 0.0041016289033, "min": 1.42475524381e-22, "dvar2": 5.33488455403e-05, "dvar": 2.39269465965e-05, "dmean": 0.00237616687082, "max": 0.104001097381, "var": 8.44596725074e-05, "mean": 0.00712420977652}, "melbands_crest": {"dmean2": 4.10507678986, "median": 11.3027973175, "min": 1.5957146883, "dvar2": 18.0029640198, "dvar": 7.45826005936, "dmean": 2.58644127846, "max": 32.8902702332, "var": 24.3237171173, "mean": 12.3368234634}, "spectral_kurtosis": {"dmean2": 3.97307157516, "median": 4.60643815994, "min": -1.26920866966, "dvar2": 16.1633262634, "dvar": 5.36753511429, "dmean": 2.28148627281, "max": 32.5036735535, "var": 14.3477592468, "mean": 5.49624872208}, "spectral_rms": {"dmean2": 0.000696726492606, "median": 0.00290847755969, "min": 3.12438573277e-12, "dvar2": 1.26363897834e-06, "dvar": 6.58059832404e-07, "dmean": 0.000511320715304, "max": 0.0132225882262, "var": 3.81392737836e-06, "mean": 0.0033837237861}, "zerocrossingrate": {"dmean2": 0.0086081540212, "median": 0.0478515625, "min": 0.0048828125, "dvar2": 0.000148081177031, "dvar": 0.00010054858285, "dmean": 0.00730614643544, "max": 0.5361328125, "var": 0.00273993914016, "mean": 0.0566339381039}, "silence_rate_60dB": {"dmean2": 0.084220059216, "median": 0, "min": 0, "dvar2": 0.0875309333205, "dvar": 0.0403300337493, "dmean": 0.0421052649617, "max": 1, "var": 0.139689236879, "mean": 0.167836129665}, "erbbands_kurtosis": {"dmean2": 0.973275721073, "median": -0.241426467896, "min": -1.74461340904, "dvar2": 2.5419049263, "dvar": 1.19814407825, "dmean": 0.64073652029, "max": 54.2409210205, "var": 4.41975355148, "mean": 0.345981925726}, "erbbands": {"dmean2": [0.0736575424671, 0.596790134907, 1.15978825092, 2.7917675972, 2.7760579586, 3.04122138023, 4.7707657814, 5.73954486847, 9.65677642822, 13.0894117355, 16.9715366364, 22.3670578003, 23.31798172, 22.5196819305, 21.1802768707, 14.8754529953, 21.2077999115, 15.9304571152, 10.8537893295, 12.6205368042, 9.98407745361, 9.35672283173, 7.23775243759, 8.1285610199, 14.405796051, 8.34826469421, 3.33502602577, 3.00479793549, 2.18169736862, 1.68270492554, 1.10943818092, 0.837246060371, 0.529341638088, 0.269312292337, 0.115946896374, 0.0654838606715, 0.0131723592058, 0.000265318027232, 1.25195756482e-05, 8.72193049872e-06], "median": [0.0145109156147, 0.191683605313, 0.491929471493, 0.833035230637, 1.14221715927, 1.93747019768, 3.11497926712, 4.19645929337, 5.52365112305, 5.99899482727, 6.11073207855, 6.23260402679, 7.10053253174, 7.09827518463, 8.63509178162, 6.56769514084, 6.87895584106, 5.49476337433, 4.03529977798, 5.7621421814, 5.12741327286, 4.35955190659, 3.9960565567, 4.42812824249, 5.21340608597, 3.18769073486, 1.25385773182, 0.611040949821, 0.416840791702, 0.246906727552, 0.157840266824, 0.093370847404, 0.0398648008704, 0.0141154881567, 0.00485034845769, 0.0025645615533, 0.000351927417796, 1.02653702925e-05, 6.19896627541e-06, 1.06995958049e-05], "min": [6.87917822027e-23, 3.25676340094e-22, 1.47538254442e-21, 2.97840758275e-21, 1.00458645858e-20, 2.40794845098e-20, 2.8694404311e-20, 7.9336320729e-20, 1.52554180337e-19, 1.42035079584e-19, 2.37438369123e-19, 2.31730745348e-19, 3.83740563294e-19, 8.25478481648e-19, 1.12195614321e-18, 9.36180786809e-19, 1.27585547432e-18, 2.03164471314e-18, 2.58801135623e-18, 2.7852562956e-18, 3.72805297635e-18, 5.22217401396e-18, 4.95599804619e-18, 7.25301822307e-18, 6.5207780925e-18, 8.35958735932e-18, 8.61342096517e-18, 8.84036623803e-18, 1.08684534541e-17, 1.16003850463e-17, 1.02180951052e-17, 9.18377936831e-18, 1.05844773868e-17, 8.89960477759e-18, 6.31432994163e-18, 3.76225358596e-18, 2.3737705436e-18, 9.98594976146e-19, 2.44228617223e-19, 2.84829562669e-20], "dvar2": [0.0849006474018, 5.49626588821, 12.8662023544, 168.611557007, 74.2052001953, 34.6015129089, 104.547836304, 124.087783813, 732.490844727, 997.875, 2337.8581543, 6756.55810547, 7358.47167969, 6582.82861328, 3439.48876953, 1510.72595215, 4281.11474609, 3421.1394043, 1230.20544434, 760.237426758, 572.032348633, 1024.89343262, 337.379760742, 443.19720459, 2054.76000977, 445.330230713, 76.4805908203, 97.6706008911, 85.1356506348, 56.4938621521, 16.5438594818, 11.978978157, 4.76287603378, 1.23011898994, 0.206066250801, 0.0823383778334, 0.00415124883875, 1.67791688455e-06, 2.2524107024e-09, 3.54214241272e-10], "dvar": [0.0354150161147, 2.10090017319, 4.90465450287, 64.3884353638, 27.5147781372, 12.9089412689, 49.5116691589, 52.1645278931, 371.576812744, 488.765594482, 1330.77783203, 3189.49169922, 3860.15625, 4049.34912109, 1862.42932129, 841.105651855, 2047.14819336, 2354.87109375, 664.924987793, 337.386962891, 335.361419678, 454.582000732, 147.916732788, 192.035797119, 869.293945312, 197.154541016, 32.9495010376, 43.0264282227, 34.9730300903, 24.7641296387, 8.00611782074, 6.41809225082, 2.27548718452, 0.748916327953, 0.140714198351, 0.0497442930937, 0.00246542831883, 1.01903754057e-06, 1.426727958e-09, 1.80710724162e-10], "dmean": [0.0455254204571, 0.352827787399, 0.690236985683, 1.6359205246, 1.65290296078, 1.8892236948, 3.1676235199, 3.68232393265, 6.62395572662, 8.92170810699, 12.421749115, 15.7560186386, 16.6419773102, 16.4016036987, 15.1402873993, 10.5259494781, 14.5370101929, 11.8085613251, 7.36281585693, 8.25671577454, 6.74872398376, 6.35311079025, 4.88197374344, 5.51161670685, 9.72186565399, 5.66854286194, 2.16429042816, 1.95905041695, 1.40512597561, 1.12142801285, 0.747266829014, 0.581916570663, 0.368689775467, 0.198131501675, 0.0888593569398, 0.0501079037786, 0.00966650713235, 0.000197116081836, 9.77325362328e-06, 6.35943251837e-06], "max": [1.98451530933, 18.1529064178, 50.1080245972, 145.674591064, 96.4161834717, 81.2346725464, 218.412277222, 151.056945801, 770.936340332, 722.995544434, 1519.25500488, 1825.07507324, 2486.64257812, 2746.6862793, 1905.33251953, 1301.9375, 1525.4786377, 2900.76733398, 1602.92163086, 550.687988281, 1107.39440918, 1191.7611084, 554.206237793, 448.307373047, 1039.11328125, 320.420135498, 146.784240723, 240.86946106, 216.8125, 383.504821777, 155.668380737, 172.287536621, 58.8019332886, 54.9527893066, 22.7973537445, 12.9034976959, 3.15666818619, 0.0670358538628, 0.00227841315791, 0.00031845032936], "var": [0.0323025546968, 1.64852142334, 4.82726383209, 50.8346176147, 28.6820526123, 27.8540000916, 170.192962646, 125.890319824, 869.937805176, 1322.75952148, 6833.57470703, 11749.1123047, 24586.4296875, 33223.4414062, 13280.5507812, 5098.05517578, 8971.10058594, 20913.6777344, 2067.97045898, 835.377075195, 1096.28234863, 844.852111816, 335.820922852, 407.808349609, 1578.54980469, 452.130279541, 60.7511672974, 72.7052307129, 55.3684234619, 62.9118385315, 19.9558925629, 16.6107997894, 5.05231237411, 2.05645680428, 0.433322280645, 0.147517189384, 0.00664114719257, 2.78681000054e-06, 4.35732250281e-09, 6.3612931589e-10], "mean": [0.0515367910266, 0.437316477299, 1.13795173168, 2.26394796371, 2.59398317337, 3.79422783852, 7.21802663803, 7.84122371674, 13.8392896652, 17.3676376343, 28.7925243378, 35.6754684448, 43.2870864868, 47.3693008423, 37.1665840149, 25.8194141388, 33.0935287476, 29.1754283905, 14.7434778214, 15.6093521118, 14.1900730133, 13.1029205322, 10.5082187653, 11.5851631165, 18.7495002747, 10.8899230957, 3.80405664444, 3.04861521721, 2.23440933228, 1.76047217846, 1.16025781631, 0.896066665649, 0.558014631271, 0.298616558313, 0.136082708836, 0.0748521313071, 0.0134684890509, 0.000279743893771, 2.01894199563e-05, 2.00587128347e-05]}, "spectral_strongpeak": {"dmean2": 0.671579837799, "median": 0.43962430954, "min": 0, "dvar2": 1.30677068233, "dvar": 0.557043910027, "dmean": 0.416220664978, "max": 13.2185335159, "var": 2.4649412632, "mean": 1.07340860367}, "spectral_energy": {"dmean2": 0.00705122714862, "median": 0.00867072306573, "min": 1.00058319522e-20, "dvar2": 0.000236200721702, "dvar": 0.000110462075099, "dmean": 0.00494646094739, "max": 0.179207757115, "var": 0.000353029259713, "mean": 0.0156451221555}, "average_loudness": 0.437689393759, "spectral_rolloff": {"dmean2": 605.335205078, "median": 1184.32617188, "min": 86.1328125, "dvar2": 960617.3125, "dvar": 437407.09375, "dmean": 370.238006592, "max": 19659.8144531, "var": 4090446.5, "mean": 1592.84851074}, "spectral_centroid": {"dmean2": 318.768066406, "median": 1262.94360352, "min": 203.789413452, "dvar2": 158203.6875, "dvar": 78456.2421875, "dmean": 213.230422974, "max": 11765.7978516, "var": 1254547.5, "mean": 1439.15368652}, "pitch_salience": {"dmean2": 0.0878702402115, "median": 0.573279082775, "min": 0.10343542695, "dvar2": 0.00792551226914, "dvar": 0.00329903839156, "dmean": 0.0552816130221, "max": 0.946438670158, "var": 0.0103019988164, "mean": 0.568852603436}, "spectral_energyband_middle_high": {"dmean2": 0.00199432531372, "median": 0.00195308483671, "min": 1.25243515501e-21, "dvar2": 1.7151258362e-05, "dvar": 1.02613639683e-05, "dmean": 0.00150681100786, "max": 0.0977465212345, "var": 0.000108003056084, "mean": 0.00545040797442}, "spectral_contrast_coeffs": {"dmean2": [0.0659835413098, 0.0643784999847, 0.0531126670539, 0.0460307970643, 0.0381001569331, 0.0312518849969], "median": [-0.673902451992, -0.713934779167, -0.749541282654, -0.760555684566, -0.767916440964, -0.754966497421], "min": [-0.98158878088, -0.979181885719, -0.977005541325, -0.971574008465, -0.967139065266, -0.965466022491], "dvar2": [0.00320696621202, 0.00278193526901, 0.00198287749663, 0.00146764866076, 0.00110167835373, 0.000914914475288], "dvar": [0.0012576514855, 0.00114950584248, 0.000891894975211, 0.000646865926683, 0.00054482993437, 0.000416732334998], "dmean": [0.0401503816247, 0.040145162493, 0.0339475795627, 0.0292205754668, 0.0251023117453, 0.0203048661351], "max": [-0.359727203846, -0.409288108349, -0.377613246441, -0.483980804682, -0.547183454037, -0.554611027241], "var": [0.00658072996885, 0.00584762264043, 0.00697366055101, 0.00401236023754, 0.00358418445103, 0.00316591444425], "mean": [-0.668159425259, -0.711609780788, -0.736830294132, -0.756399989128, -0.763789951801, -0.754592418671]}, "melbands_skewness": {"dmean2": 0.692186534405, "median": 1.71692728996, "min": -2.05810499191, "dvar2": 0.815889120102, "dvar": 0.343814730644, "dmean": 0.459111660719, "max": 10.3884410858, "var": 1.43359196186, "mean": 1.85265660286}, "spectral_spread": {"dmean2": 543862.75, "median": 3092480.25, "min": 1725099.125, "dvar2": 967243792384, "dvar": 497510678528, "dmean": 375127.28125, "max": 42461280, "var": 15427137699800.0, "mean": 3879188}, "dissonance": {"dmean2": 0.0323390066624, "median": 0.464819252491, "min": 0.264396518469, "dvar2": 0.000972438196186, "dvar": 0.000360606587492, "dmean": 0.0192966107279, "max": 0.499999910593, "var": 0.000938604818657, "mean": 0.457411974669}, "spectral_skewness": {"dmean2": 0.436204195023, "median": 1.46052241325, "min": -0.107385456562, "dvar2": 0.163759574294, "dvar": 0.0623483359814, "dmean": 0.262236535549, "max": 4.14117383957, "var": 0.309114545584, "mean": 1.52241504192}, "spectral_flux": {"dmean2": 0.0276975780725, "median": 0.0391770973802, "min": 6.34023666901e-11, "dvar2": 0.00152171636, "dvar": 0.000705937389284, "dmean": 0.0181910917163, "max": 0.333229124546, "var": 0.00194077345077, "mean": 0.0526270195842}, "spectral_contrast_valleys": {"dmean2": [0.571129798889, 0.505333125591, 0.449654251337, 0.432192236185, 0.388712048531, 0.392082244158], "median": [-7.59487056732, -7.02122449875, -7.59425067902, -8.14936256409, -8.03324222565, -11.4319238663], "min": [-28.2927131653, -27.9039096832, -27.8757133484, -27.6402244568, -27.5586147308, -27.4120464325], "dvar2": [0.281664997339, 0.190636947751, 0.154846206307, 0.187697023153, 0.175704628229, 0.28555187583], "dvar": [0.137045636773, 0.0887427330017, 0.0782527476549, 0.0928329750896, 0.0964636653662, 0.168567225337], "dmean": [0.357400715351, 0.312252223492, 0.279991865158, 0.273129016161, 0.260483592749, 0.296816885471], "max": [-5.21033191681, -4.91015148163, -5.54948759079, -5.60220384598, -5.66475725174, -7.59233808517], "var": [4.86031389236, 4.93923711777, 4.75987672806, 4.60424613953, 4.72587490082, 4.0002655983], "mean": [-7.97812843323, -7.33178663254, -7.86793708801, -8.43353939056, -8.36188030243, -11.5111236572]}, "erbbands_flatness_db": {"dmean2": 0.0197793487459, "median": 0.19411817193, "min": 0.0410810150206, "dvar2": 0.000418300420279, "dvar": 0.000247509742621, "dmean": 0.0146075198427, "max": 0.441335558891, "var": 0.00236153369769, "mean": 0.19165314734}, "spectral_energyband_high": {"dmean2": 0.00023965096625, "median": 8.56228507473e-05, "min": 7.11913963546e-21, "dvar2": 5.27489419255e-07, "dvar": 2.81861758822e-07, "dmean": 0.000173717489815, "max": 0.0313603505492, "var": 8.01910630344e-07, "mean": 0.00032670784276}, "spectral_entropy": {"dmean2": 0.194124877453, "median": 7.31008529663, "min": 5.71836519241, "dvar2": 0.0458134189248, "dvar": 0.0230626128614, "dmean": 0.135336071253, "max": 9.82288074493, "var": 0.240272864699, "mean": 7.35164499283}, "silence_rate_20dB": {"dmean2": 0, "median": 1, "min": 1, "dvar2": 0, "dvar": 0, "dmean": 0, "max": 1, "var": 0, "mean": 1}, "melbands_flatness_db": {"dmean2": 0.029307987541, "median": 0.199069052935, "min": 0.00288181286305, "dvar2": 0.00126518670004, "dvar": 0.000547766278032, "dmean": 0.0196499116719, "max": 0.436554521322, "var": 0.00373557605781, "mean": 0.201986089349}, "barkbands": {"dmean2": [6.99511074345e-05, 0.00257745152339, 0.00113928795327, 0.00104285229463, 0.000860782398377, 0.000703283643816, 0.000712363864295, 0.000795738131274, 0.000960800214671, 0.000873406941537, 0.000558602623641, 0.000335308664944, 0.00045888585737, 0.000307800626615, 0.000242385896854, 0.000204764219234, 0.00020004871476, 0.000138693052577, 0.000248898781138, 0.000188748948858, 7.76532760938e-05, 5.84215340496e-05, 4.02320656576e-05, 3.4150249121e-05, 1.96334131033e-05, 9.74919294094e-06, 1.23245602612e-09], "median": [5.25871746504e-06, 0.000766913639382, 0.000417235365603, 0.00024713203311, 0.000639591831714, 0.000536948791705, 0.000354874297045, 0.000243083675741, 0.000207073724596, 0.000216243002797, 0.000166736368556, 0.000112889778393, 0.000122794677736, 8.07756223367e-05, 9.04004846234e-05, 8.94382828847e-05, 8.43930029077e-05, 6.56451011309e-05, 9.71993358689e-05, 6.5278247348e-05, 1.78982918442e-05, 1.07652340375e-05, 5.94457014813e-06, 3.27110114995e-06, 9.34023091759e-07, 3.32543606874e-07, 1.84801562941e-10], "min": [1.32939554653e-25, 1.80999855133e-24, 2.7074364473e-25, 1.07331418827e-24, 8.37348714077e-24, 1.1940405343e-23, 1.11228835434e-23, 6.1896582533e-24, 1.08258103594e-23, 1.74178563052e-23, 1.02434385292e-23, 2.40356104391e-23, 2.89820081286e-23, 3.22055588446e-23, 4.79751123764e-23, 7.05932312767e-23, 7.71777081022e-23, 8.78380209657e-23, 1.05610722683e-22, 1.7166419829e-22, 2.06401934376e-22, 2.63474872287e-22, 4.0038169501e-22, 5.51067279796e-22, 9.25407805423e-22, 1.334129035e-21, 2.03325720158e-21], "dvar2": [7.14679231351e-08, 0.000102333862742, 1.47596119859e-05, 2.24246050493e-05, 2.67630548478e-06, 1.73410444404e-06, 3.65874188901e-06, 4.56922771264e-06, 1.14927051982e-05, 8.57822396938e-06, 2.4493199362e-06, 7.77701131938e-07, 1.91491835722e-06, 1.51767358147e-06, 4.58900132116e-07, 2.16650192897e-07, 3.42534320907e-07, 9.53490442157e-08, 5.40602229648e-07, 2.48329200758e-07, 5.62807080939e-08, 6.08580421613e-08, 2.08762926945e-08, 1.75296523963e-08, 5.89843285326e-09, 2.05008632292e-09, 5.72513167285e-18], "dvar": [3.36974181891e-08, 4.06642830058e-05, 5.68066525375e-06, 8.45848444442e-06, 1.03472746105e-06, 7.57213001634e-07, 1.85191913715e-06, 2.45286537393e-06, 5.63891171623e-06, 4.9282789405e-06, 1.33231424115e-06, 4.18345052822e-07, 9.37508218612e-07, 9.54002075559e-07, 2.21908209141e-07, 1.16752460144e-07, 1.50789020381e-07, 4.37456471047e-08, 2.25315730518e-07, 1.08313429337e-07, 2.45631657236e-08, 2.50479885722e-08, 1.05288258112e-08, 9.59806367717e-09, 3.93663679432e-09, 1.20892107436e-09, 1.76308067494e-18], "dmean": [4.67320023745e-05, 0.00155833899044, 0.000675451068673, 0.000607601832598, 0.000534872990102, 0.000455516565125, 0.000489748141263, 0.000565433118027, 0.000681434758008, 0.000623565865681, 0.000391849403968, 0.00023192045046, 0.000310417235596, 0.000222098489758, 0.000159491741215, 0.000135808397317, 0.000132112618303, 9.11663009902e-05, 0.000166634679772, 0.000126130937133, 5.04705858475e-05, 3.79821285605e-05, 2.73200148513e-05, 2.43802296609e-05, 1.47403552546e-05, 7.39248207537e-06, 6.60200283331e-10], "max": [0.00366020668298, 0.077234685421, 0.0514331459999, 0.0483283996582, 0.0245090294629, 0.0180027317256, 0.0496656708419, 0.0519628673792, 0.0900480225682, 0.0871247500181, 0.04479335621, 0.025663131848, 0.027457376942, 0.0491760745645, 0.0243014898151, 0.0174627900124, 0.0170399341732, 0.00649742409587, 0.017966248095, 0.00704843830317, 0.00564522203058, 0.00829049944878, 0.0062634232454, 0.00524476030841, 0.0034329930786, 0.00192182406317