{"metadata": {"tags": {"album": ["Billboard Top Hits1991"], "albumartist": ["Various Artists"], "genre": ["Pop"], "artist": ["Various Artists"], "date": ["2000"], "tracknumber": ["5"], "title": ["One More Try"], "file_name": "171063.mp3", "musicbrainz_recordingid": ["0e6d4579-c3c8-4ac8-a44c-06bf080436cf"]}, "audio_properties": {"sample_rate": 44100, "downmix": "mix", "lossless": false, "analysis_sample_rate": 44100, "md5_encoded": "be67caa2c125980fc64b209f6f984231", "equal_loudness": 0, "replay_gain": -6.59219932556, "codec": "mp3", "bit_rate": 320043, "length": 195.683258057}, "version": {"extractor": "music 1.0", "essentia_build_sha": "70f2e5ece6736b2c40cc944ad0e695b16b925413", "essentia_git_sha": "v2.1_beta2", "essentia": "2.1-beta2"}}, "rhythm": {"beats_loudness_band_ratio": {"dvar2": [0.0283272136003, 0.104254826903, 0.119947172701, 0.074531070888, 0.0104459207505, 0.0262024663389], "var": [0.0107077145949, 0.0512406490743, 0.0613962076604, 0.0255886949599, 0.00279721152037, 0.00470113381743], "min": [0, 0, 0, 0, 0, 0], "dmean": [0.0588256530464, 0.236206308007, 0.254258424044, 0.114255554974, 0.0306333508343, 0.02308258228], "mean": [0.0552186667919, 0.328070044518, 0.493270277977, 0.114591300488, 0.0287755578756, 0.0146803082898], "max": [0.597020208836, 0.903226137161, 0.963542401791, 0.98592621088, 0.533208847046, 0.756831169128], "dmean2": [0.103197135031, 0.412689954042, 0.432591676712, 0.204918250442, 0.0548856779933, 0.0440599918365], "median": [0.0159836150706, 0.303132414818, 0.495529294014, 0.0617297850549, 0.0138793196529, 0.00145566556603], "dvar": [0.0103142121807, 0.0354322269559, 0.0373050384223, 0.0281886868179, 0.00373031920753, 0.00858030375093]}, "bpm_histogram_first_peak_weight": {"dvar2": 0, "var": 0, "min": 0.169373556972, "dmean": 0, "mean": 0.169373556972, "max": 0.169373556972, "dmean2": 0, "median": 0.169373556972, "dvar": 0}, "bpm": 126.746353149, "beats_count": 432, "bpm_histogram_first_peak_spread": {"dvar2": 0, "var": 0, "min": 0.54088050127, "dmean": 0, "mean": 0.54088050127, "max": 0.54088050127, "dmean2": 0, "median": 0.54088050127, "dvar": 0}, "danceability": 0.939398527145, "bpm_histogram_first_peak_bpm": {"dvar2": 0, "var": 0, "min": 126, "dmean": 0, "mean": 126, "max": 126, "dmean2": 0, "median": 126, "dvar": 0}, "beats_position": [0.487619042397, 0.96362811327, 1.4164172411, 1.86920630932, 2.33360528946, 2.7863945961, 3.22757363319, 3.66875267029, 4.12154197693, 4.5627207756, 5.00390005112, 5.4334692955, 5.85142850876, 6.29260778427, 6.73378658295, 7.16335582733, 7.61614513397, 8.06893444061, 8.52172279358, 8.96290206909, 9.4040813446, 9.85687065125, 10.2864398956, 10.7276191711, 11.1687984467, 11.6215867996, 12.051156044, 12.4807252884, 12.8986845016, 13.328253746, 13.7694330215, 14.1990022659, 14.6285715103, 15.0929698944, 15.5689792633, 16.0449886322, 16.50938797, 16.9737873077, 17.4381847382, 17.9025840759, 18.3669834137, 18.8429927826, 19.3190021515, 19.7950115204, 20.2710208893, 20.7354183197, 21.1765975952, 21.6293869019, 22.0821762085, 22.5349655151, 22.9993648529, 23.4521541595, 23.9049434662, 24.369342804, 24.8337402344, 25.3097496033, 25.7857589722, 26.2617683411, 26.7261676788, 27.1905670166, 27.6549663544, 28.1193637848, 28.5953731537, 29.0597724915, 29.5357818604, 30.0117912292, 30.4878005981, 30.9754180908, 31.4630374908, 31.9506568909, 32.4382743835, 33.0187759399, 33.5876655579, 34.1681632996, 34.6557807922, 35.1550102234, 35.6310195923, 36.0838088989, 36.5365982056, 36.9893875122, 37.3725166321, 37.755645752, 38.1387748718, 38.5102958679, 38.8818130493, 39.2533340454, 39.613243103, 39.9963722229, 40.3795013428, 40.7626304626, 41.1457595825, 41.5172767639, 41.9932861328, 42.4692955017, 42.9453048706, 43.3168258667, 43.7115631104, 44.071472168, 44.4197731018, 44.7680702209, 45.1279792786, 45.4878921509, 45.8478012085, 46.2193183899, 46.5792274475, 46.9391365051, 47.3106575012, 47.7518348694, 48.16979599, 48.5993652344, 49.052154541, 49.5049438477, 49.934513092, 50.3640823364, 50.8052597046, 51.2464370728, 51.7108383179, 52.1752357483, 52.6512451172, 53.1156463623, 53.5800437927, 54.0444450378, 54.5204544067, 54.9964599609, 55.4724693298, 55.9484786987, 56.4244880676, 56.9004974365, 57.3765068054, 57.8525161743, 58.2588653564, 58.6536026001, 59.0483436584, 59.4663009644, 59.8726501465, 60.2789993286, 60.6969604492, 61.1149177551, 61.5212669373, 61.9276161194, 62.3339653015, 62.7403144836, 63.1234474182, 63.5181846619, 63.9941940308, 64.470199585, 64.9462127686, 65.4222183228, 65.8982315063, 66.3742370605, 66.8502502441, 67.3262557983, 67.8022689819, 68.2782745361, 68.7426757812, 69.2186813354, 69.7062988281, 70.2635803223, 70.844078064, 71.4129714966, 71.9818572998, 72.5507507324, 73.1196365356, 73.6769180298, 74.2574157715, 74.8379135132, 75.3951950073, 75.8944168091, 76.3936462402, 76.8928756714, 77.345664978, 77.8100662231, 78.2744674683, 78.7504730225, 79.2264862061, 79.6792755127, 80.1320648193, 80.584854126, 81.0376434326, 81.5020370483, 81.954826355, 82.4192276001, 82.8836288452, 83.3596343994, 83.8472518921, 84.3232650757, 84.7876663208, 85.2404556274, 85.6932373047, 86.1460266113, 86.5872116089, 87.0516052246, 87.5043945312, 87.9571838379, 88.3983688354, 88.8627624512, 89.3155517578, 89.7683410645, 90.2095184326, 90.6507034302, 91.0918807983, 91.5330581665, 91.9742355347, 92.4386367798, 92.8798141479, 93.3209991455, 93.7621765137, 94.2149658203, 94.667755127, 95.1089324951, 95.5501098633, 96.0028991699, 96.4440765381, 96.8852615356, 97.3148269653, 97.7444000244, 98.1739654541, 98.6151428223, 99.0563278198, 99.497505188, 99.9735107422, 100.449523926, 100.937141418, 101.413146973, 101.912376404, 102.400001526, 102.922447205, 103.433288574, 103.944122314, 104.396911621, 104.861312866, 105.33732605, 105.778503418, 106.231292725, 106.684082031, 107.136871338, 107.589660645, 108.065666199, 108.530067444, 108.994468689, 109.458862305, 109.92326355, 110.457321167, 110.979774475, 111.467391968, 111.966621399, 112.46585083, 112.941856384, 113.394645691, 113.847434998, 114.311836243, 114.776237488, 115.240631104, 115.705032349, 116.169433594, 116.633827209, 117.109840393, 117.609069824, 118.096687317, 118.58430481, 119.060317993, 119.547935486, 120.02394104, 120.488342285, 120.941131592, 121.38230896, 121.835098267, 122.299499512, 122.763900757, 123.228294373, 123.692695618, 124.157096863, 124.633102417, 125.12071991, 125.596733093, 126.072738647, 126.548751831, 127.024757385, 127.48915863, 127.941947937, 128.383132935, 128.824310303, 129.265487671, 129.718276978, 130.171066284, 130.635467529, 131.088256836, 131.541046143, 131.993835449, 132.446624756, 132.887802124, 133.305755615, 133.746932983, 134.188110352, 134.640899658, 135.070480347, 135.523269653, 135.97605896, 136.428848267, 136.904846191, 137.380859375, 137.856872559, 138.332870483, 138.808883667, 139.273284912, 139.737686157, 140.213699341, 140.689697266, 141.188934326, 141.688156128, 142.187393188, 142.663391113, 143.151016235, 143.638641357, 144.126251221, 144.567428589, 145.008621216, 145.461410522, 145.914199829, 146.355377197, 146.773330688, 147.19128418, 147.597640991, 148.003982544, 148.421951294, 148.839904785, 149.269470215, 149.710647583, 150.186660767, 150.674285889, 151.161895752, 151.637908936, 152.113922119, 152.589935303, 153.065933228, 153.541946411, 154.017959595, 154.505569458, 154.99319458, 155.480819702, 155.980041504, 156.409606934, 156.850784302, 157.291976929, 157.767974854, 158.22076416, 158.661941528, 159.126342773, 159.590744019, 160.055145264, 160.496322632, 160.9375, 161.378677368, 161.819854736, 162.272644043, 162.72543335, 163.178222656, 163.619400024, 164.060592651, 164.490158081, 164.931335449, 165.372512817, 165.836914062, 166.312927246, 166.800537109, 167.241714478, 167.671295166, 168.112472534, 168.542037964, 168.971603394, 169.401168823, 169.888793945, 170.376419067, 170.864028931, 171.328430176, 171.781219482, 172.234008789, 172.686798096, 173.151199341, 173.615600586, 174.056777954, 174.509567261, 174.950744629, 175.391921997, 175.821487427, 176.251068115, 176.692245483, 177.121810913, 177.562988281, 178.004165649, 178.445343018, 178.886520386, 179.327713013, 179.792098999, 180.244888306, 180.697677612, 181.138870239, 181.591659546, 182.044433594, 182.4972229, 182.926803589, 183.367980957, 183.809158325, 184.238723755, 184.679901123, 185.121078491, 185.562271118, 185.945388794, 186.340133667, 186.73487854, 187.117996216, 187.524353027, 187.919082642, 188.313827515, 188.720184326, 189.068481445, 189.405166626, 189.753463745, 190.101760864, 190.47328186, 190.844802856, 191.204711914, 191.564620972, 191.936141968, 192.307662964, 192.67918396, 193.062316895, 193.44543457, 193.828567505, 194.211700439, 194.618041992, 195.024398804], "beats_loudness": {"dvar2": 0.000990750500932, "var": 0.000525374198332, "min": 0, "dmean": 0.0197698883712, "mean": 0.0248808860779, "max": 0.128367513418, "dmean2": 0.0340222083032, "median": 0.01950343512, "dvar": 0.000335283315508}, "bpm_histogram_second_peak_weight": {"dvar2": 0, "var": 0, "min": 0.167053371668, "dmean": 0, "mean": 0.167053371668, "max": 0.167053371668, "dmean2": 0, "median": 0.167053371668, "dvar": 0}, "bpm_histogram_second_peak_spread": {"dvar2": 0, "var": 0, "min": 0.573964476585, "dmean": 0, "mean": 0.573964476585, "max": 0.573964476585, "dmean2": 0, "median": 0.573964476585, "dvar": 0}, "bpm_histogram_second_peak_bpm": {"dvar2": 0, "var": 0, "min": 136, "dmean": 0, "mean": 136, "max": 136, "dmean2": 0, "median": 136, "dvar": 0}, "onset_rate": 2.70314764977}, "lowlevel": {"spectral_energyband_high": {"dvar2": 6.6623681505e-07, "var": 8.7075210331e-07, "min": 7.2215985559e-21, "dmean": 9.28292720346e-05, "mean": 0.000186057193787, "max": 0.0385908186436, "dmean2": 0.000121023542306, "median": 5.75657713853e-06, "dvar": 4.25000195037e-07}, "spectral_energyband_middle_low": {"dvar2": 8.77582642715e-05, "var": 0.000193319734535, "min": 1.63608426457e-22, "dmean": 0.00366776715964, "mean": 0.0132268043235, "max": 0.12252523005, "dmean2": 0.00505557609722, "median": 0.00854466576129, "dvar": 4.29823230661e-05}, "spectral_energy": {"dvar2": 0.000121385615785, "var": 0.00035314456909, "min": 9.94603907238e-21, "dmean": 0.00440463563427, "mean": 0.016454230994, "max": 0.157009139657, "dmean2": 0.00582904554904, "median": 0.0102656297386, "dvar": 6.41295337118e-05}, "spectral_spread": {"dvar2": 913192386560, "var": 18178956591100.0, "min": 517888.125, "dmean": 401552.40625, "mean": 3330653.5, "max": 43114188, "dmean2": 625114.625, "median": 1950623.75, "dvar": 494903951360}, "spectral_energyband_low": {"dvar2": 1.5712765844e-07, "var": 1.18568145524e-07, "min": 1.18802965086e-23, "dmean": 6.58659919281e-05, "mean": 0.000115921990073, "max": 0.00736786890775, "dmean2": 0.00010549511353, "median": 1.74299857463e-05, "dvar": 6.59181509377e-08}, "spectral_rolloff": {"dvar2": 979324.8125, "var": 4203539, "min": 215.33203125, "dmean": 174.220672607, "mean": 1034.0402832, "max": 21037.9394531, "dmean2": 285.943969727, "median": 667.529296875, "dvar": 520676.53125}, "barkbands": {"dvar2": [4.48152235807e-12, 7.70119346072e-09, 4.58062281439e-08, 3.50443315256e-07, 1.92829065782e-05, 4.94081359648e-06, 1.09010607048e-05, 2.37241074501e-05, 2.88552855636e-05, 1.03389311334e-05, 2.6119857921e-06, 3.93226946471e-06, 3.48314301846e-06, 1.66911092947e-06, 5.05582306687e-07, 5.15525300671e-07, 9.97370761979e-07, 2.3251666903e-07, 3.30857119479e-08, 1.13416449565e-08, 1.18689058581e-08, 2.70108468925e-08, 1.87105740679e-07, 3.20101349871e-08, 3.81136544547e-08, 8.22862755712e-09, 2.36369757101e-10], "var": [2.94524734462e-12, 3.88788157224e-09, 4.06029769806e-08, 3.04406626128e-07, 3.95409988414e-05, 9.31408430915e-06, 1.64483553817e-05, 2.91427259071e-05, 2.7299629437e-05, 2.57186711679e-05, 7.90660214989e-06, 5.45041302757e-06, 5.26089161212e-06, 9.1908111699e-07, 4.48401493713e-07, 6.84234066739e-07, 5.08881157657e-07, 2.99340285892e-07, 3.78089595188e-08, 9.68527569256e-09, 8.55920667675e-09, 3.014195471e-08, 1.48823573909e-07, 3.33630687521e-08, 3.17433510588e-08, 6.14929263065e-09, 2.23702847912e-10], "min": [3.22187113252e-25, 3.19525466976e-24, 8.91810704619e-25, 1.61963576527e-24, 1.15664158541e-23, 7.68216415331e-24, 8.23727689485e-24, 4.19765075569e-24, 1.43452004809e-23, 1.74574003247e-23, 1.0735694045e-23, 1.3152948452e-23, 1.26488166354e-23, 3.31366576819e-23, 3.78774876858e-23, 4.60573063189e-23, 4.83853673788e-23, 8.06578026955e-23, 1.03359521919e-22, 1.71129186513e-22, 2.5779037847e-22, 2.87653900794e-22, 4.41733935123e-22, 6.04318394881e-22, 8.66682424796e-22, 1.24733989612e-21, 1.90791409523e-21], "dmean": [1.96406347186e-07, 1.27706698549e-05, 3.77567994292e-05, 8.08156401035e-05, 0.00142222759314, 0.000601026869845, 0.00101241841912, 0.00108444388025, 0.00087381497724, 0.000575171026867, 0.000183721887879, 0.000220813613851, 0.000233620463405, 0.000159880364663, 8.99536025827e-05, 6.57124037389e-05, 5.65898153582e-05, 6.12460207776e-05, 2.09710597119e-05, 1.18952702906e-05, 1.21166422105e-05, 1.87941914191e-05, 2.55034283327e-05, 2.04325569939e-05, 1.97386561922e-05, 9.16782028071e-06, 1.64802270319e-06], "mean": [2.04399498216e-07, 1.53927430802e-05, 5.65095724596e-05, 0.000137727300171, 0.00366221670993, 0.00185456452891, 0.00298725720495, 0.00242781685665, 0.00196365569718, 0.00126814667601, 0.000358975667041, 0.000389358814573, 0.000380855315598, 0.000302649248624, 0.000135362759465, 0.000106657542347, 7.84709045547e-05, 9.89544860204e-05, 3.44088693964e-05, 1.89664551726e-05, 2.00286049221e-05, 3.25831497321e-05, 3.97467483708e-05, 3.24721950165e-05, 3.26295630657e-05, 1.60594627232e-05, 2.57251645053e-06], "max": [9.59626340773e-05, 0.00160679721739, 0.00460536498576, 0.0187184978276, 0.0678645148873, 0.0575354993343, 0.0580395273864, 0.076092608273, 0.109200663865, 0.126692071557, 0.0806298106909, 0.0608615987003, 0.0834477990866, 0.0320743173361, 0.0232781302184, 0.0298977233469, 0.0441133081913, 0.0196676030755, 0.00923636648804, 0.00350840738975, 0.00290700024925, 0.00699428888038, 0.0243531726301, 0.00481587694958, 0.00924720056355, 0.00425893021747, 0.000452443084214], "dmean2": [3.19110085911e-07, 2.15770778595e-05, 6.12549556536e-05, 0.000125266276882, 0.00210989196785, 0.000873498094734, 0.00150550482795, 0.00151133607142, 0.00125484971795, 0.000739371113013, 0.000262734247372, 0.000326092354953, 0.000325184460962, 0.000245771516347, 0.000128227926325, 9.26899010665e-05, 8.65203692229e-05, 8.57687846292e-05, 3.13874479616e-05, 1.68614169525e-05, 1.71397387021e-05, 2.61860495812e-05, 3.52848110197e-05, 2.8169615689e-05, 2.69595657301e-05, 1.30026855913e-05, 2.43916792897e-06], "median": [3.83379550328e-08, 2.08769665733e-06, 6.8054591793e-06, 1.99525311473e-05, 0.000726985454094, 0.000641665305011, 0.00175538705662, 0.000560868880711, 0.000388458603993, 0.000167408754351, 2.7176207368e-05, 3.87693944504e-05, 6.09285234532e-05, 8.29575001262e-05, 1.87007190107e-05, 1.2185133528e-05, 8.24476046546e-06, 9.66064544627e-06, 4.24542940891e-06, 2.26656879931e-06, 8.66197524374e-07, 5.48660636923e-07, 2.17365425215e-07, 9.74189191538e-08, 3.12433918737e-08, 1.60203530442e-08, 6.76461775484e-09], "dvar": [2.32836341353e-12, 3.16346837614e-09, 2.07328145763e-08, 1.63855560231e-07, 8.78997889231e-06, 2.43731778937e-06, 5.10952759214e-06, 1.15578141049e-05, 1.27771245388e-05, 6.58539738652e-06, 1.61730179116e-06, 1.87182263289e-06, 2.04689808925e-06, 7.13955728315e-07, 2.54233384567e-07, 2.89900611961e-07, 4.40924139866e-07, 1.2926709303e-07, 1.82720896191e-08, 5.88844351057e-09, 5.6489213307e-09, 1.59976192293e-08, 1.01009774767e-07, 1.75373209288e-08, 1.92513720521e-08, 3.87848508865e-09, 1.12522741125e-10]}, "melbands_skewness": {"dvar2": 0.660183131695, "var": 1.784745574, "min": -3.16639566422, "dmean": 0.426356971264, "mean": 2.11784529686, "max": 13.2665729523, "dmean2": 0.650390863419, "median": 2.01586699486, "dvar": 0.300962626934}, "barkbands_skewness": {"dvar2": 0.539527177811, "var": 1.68251574039, "min": -3.7791686058, "dmean": 0.397440612316, "mean": 2.0986905098, "max": 15.5092344284, "dmean2": 0.595186769962, "median": 2.04448699951, "dvar": 0.265426069498}, "erbbands": {"dvar2": [5.08912216901e-06, 0.000555730308406, 0.0300200711936, 1.0079600811, 50.8978767395, 373.825622559, 678.738647461, 318.104553223, 1257.38317871, 6388.72363281, 10137.9570312, 9986.04785156, 13357.2392578, 7525.72167969, 4553.20703125, 6012.203125, 4927.17871094, 5301.97412109, 1487.82165527, 2620.19750977, 959.687133789, 2205.13623047, 1293.64123535, 97.290145874, 57.7676086426, 22.415977478, 24.6493148804, 22.3628234863, 29.2853107452, 64.8160705566, 229.196365356, 31.1360912323, 6.19304990768, 7.40105390549, 1.45939552784, 0.300277411938, 0.0203430354595, 0.000464648386696, 1.21627408589e-05, 9.55530499169e-09], "var": [2.40785243477e-06, 0.000309958966682, 0.0312632396817, 0.831633687019, 90.1178283691, 743.566589355, 1367.78674316, 576.816894531, 1835.17883301, 8290.12695312, 13070.1220703, 12879.5888672, 19285.5722656, 13997.3017578, 8264.78222656, 10636.2246094, 8898.62988281, 3677.57958984, 1258.54626465, 1949.41271973, 1929.14257812, 1672.32617188, 1318.40588379, 130.583587646, 80.4815444946, 21.0985794067, 13.5330286026, 19.0027294159, 36.1216125488, 54.4113922119, 156.360412598, 31.0431022644, 6.62044000626, 5.05689811707, 1.3972902298, 0.185216784477, 0.0172228366137, 0.000702633464243, 9.03060845303e-06, 1.10536912956e-08], "min": [9.27271915296e-23, 3.4265913961e-22, 8.79820379369e-22, 5.68553667919e-21, 1.6014967907e-20, 4.45114256356e-20, 5.39039580936e-20, 8.1346860756e-20, 1.24212633181e-19, 1.23141188719e-19, 2.34496501274e-19, 3.65693343485e-19, 3.68159608331e-19, 3.91362903392e-19, 8.69238817593e-19, 9.34688863176e-19, 7.16254555036e-19, 1.96383099896e-18, 2.61530624849e-18, 3.44622075433e-18, 4.72263550614e-18, 3.68991912293e-18, 5.90244983127e-18, 6.22092760199e-18, 7.1258896619e-18, 8.48285546856e-18, 1.09979047385e-17, 8.55560186753e-18, 1.11444422655e-17, 1.03588953076e-17, 1.07419403154e-17, 1.04313786631e-17, 1.0293213031e-17, 8.42726148677e-18, 6.10989059887e-18, 4.65040609505e-18, 2.21143634839e-18, 9.08178138134e-19, 2.40113419525e-19, 2.58605013038e-20], "dmean": [0.000203724383027, 0.00376299605705, 0.0329099670053, 0.156058073044, 1.72323071957, 5.78700017929, 6.93058681488, 4.57006120682, 10.947104454, 20.0037403107, 21.9501247406, 18.3555335999, 18.4984130859, 13.1958465576, 7.13786697388, 8.38247585297, 9.62865066528, 8.45640659332, 5.73570108414, 4.82282876968, 3.06431698799, 3.29988002777, 3.81553697586, 1.46782720089, 0.788985669613, 0.569978892803, 0.471058189869, 0.546534836292, 0.642064809799, 0.636698126793, 0.795058012009, 0.546405732632, 0.297235906124, 0.235548824072, 0.142521187663, 0.0493341572583, 0.0164488796145, 0.00312940240838, 0.000287515373202, 1.21959292301e-05], "mean": [0.000244159396971, 0.00517366360873, 0.0541138127446, 0.319840341806, 3.9989221096, 14.1462020874, 18.1368713379, 15.932554245, 37.1835403442, 46.1987037659, 52.345489502, 45.5562553406, 40.1182022095, 31.2037830353, 14.9565286636, 16.1477031708, 18.2945137024, 15.479388237, 10.3350944519, 7.547914505, 5.30277490616, 5.14603233337, 6.03982210159, 2.7355659008, 1.31041359901, 0.948425292969, 0.742926359177, 0.918235301971, 1.11692261696, 1.04087710381, 1.21249854565, 0.865458786488, 0.463073283434, 0.368365734816, 0.226077601314, 0.080275028944, 0.0282753575593, 0.00553708197549, 0.000460862356704, 3.26055778714e-05], "max": [0.0710342153907, 0.384797096252, 4.02510166168, 29.6323757172, 103.969871521, 289.329284668, 457.807128906, 506.250915527, 757.596191406, 1195.44104004, 1784.89624023, 2343.16992188, 2560.42260742, 1939.52697754, 2584.44897461, 2708.90771484, 3575.34692383, 1891.70874023, 957.286621094, 1843.71618652, 2075.39257812, 1914.23620605, 1155.09973145, 324.390594482, 459.12878418, 158.173233032, 134.827529907, 188.475402832, 247.210494995, 416.456115723, 837.253173828, 233.245269775, 64.6131134033, 126.6588974, 53.7549133301, 24.9831466675, 6.51172065735, 0.700843334198, 0.123307965696, 0.00353533355519], "dmean2": [0.000333612086251, 0.00632149074227, 0.0528696402907, 0.240067377687, 2.52253603935, 8.62797832489, 9.93322849274, 6.82742071152, 17.2959136963, 27.5361919403, 29.8579730988, 25.9851779938, 23.9551124573, 17.4762916565, 9.96186828613, 12.163693428, 13.1590709686, 12.2276268005, 8.54700279236, 6.74706029892, 4.1606593132, 4.80226516724, 5.46227645874, 2.10722780228, 1.12338244915, 0.805376291275, 0.688282310963, 0.763908863068, 0.900109171867, 0.894157350063, 1.10513854027, 0.759123086929, 0.406792491674, 0.327998965979, 0.199769943953, 0.0703338384628, 0.0238509513438, 0.00446697371081, 0.000417321949499, 1.68418664543e-05], "median": [4.04095517297e-05, 0.000915646669455, 0.0100620426238, 0.0689197182655, 0.720342516899, 2.3102273941, 4.23310852051, 7.34420061111, 24.1934108734, 16.4927749634, 14.4118041992, 9.97169685364, 6.6780371666, 5.05263662338, 2.44122934341, 1.84999513626, 3.50990891457, 3.46672677994, 2.71475982666, 1.11802351475, 0.574278712273, 0.55337613821, 0.575889408588, 0.354960858822, 0.158989697695, 0.120301060379, 0.0520693585277, 0.0279398839921, 0.0207477807999, 0.0122577250004, 0.00618866551667, 0.00283567979932, 0.00127389456611, 0.000466964556836, 0.000205846154131, 8.32062287373e-05, 3.11796611641e-05, 1.03215452327e-05, 8.39252152218e-06, 1.28845913423e-05], "dvar": [2.26295082939e-06, 0.000220290472498, 0.0140310768038, 0.44023758173, 23.1544399261, 169.447753906, 337.432250977, 163.097015381, 504.908355713, 3425.15649414, 4937.34228516, 4572.55175781, 6842.12939453, 3828.63183594, 2248.52734375, 3147.18530273, 2949.88525391, 2530.81054688, 678.898803711, 1232.01184082, 681.532165527, 1057.96154785, 632.74810791, 52.1304664612, 37.5662498474, 12.0490169525, 10.5627613068, 11.5046892166, 18.2753791809, 35.7345466614, 116.518005371, 17.529914856, 3.44901919365, 3.38915610313, 0.801963627338, 0.136452496052, 0.00966746732593, 0.000257367326412, 5.55497808818e-06, 4.7915489354e-09]}, "silence_rate_30dB": {"dvar2": 0.00590573530644, "var": 0.00378210749477, "min": 0, "dmean": 0.00261034653522, "mean": 0.99620360136, "max": 1, "dmean2": 0.00522131239995, "median": 1, "dvar": 0.00260362541303}, "melbands_spread": {"dvar2": 63.9839859009, "var": 244.394729614, "min": 0.606614053249, "dmean": 2.17675638199, "mean": 9.69107627869, "max": 157.041427612, "dmean2": 3.14931845665, "median": 6.42149782181, "dvar": 36.5066680908}, "melbands_crest": {"dvar2": 15.3003931046, "var": 27.1014709473, "min": 1.60850465298, "dmean": 2.16549706459, "mean": 15.432639122, "max": 33.519405365, "dmean2": 3.42964148521, "median": 14.7521820068, "dvar": 6.18102693558}, "zerocrossingrate": {"dvar2": 0.000174893066287, "var": 0.0028480081819, "min": 0.00927734375, "dmean": 0.00535724731162, "mean": 0.0403840281069, "max": 0.5205078125, "dmean2": 0.0062242965214, "median": 0.02880859375, "dvar": 0.000149126528413}, "barkbands_kurtosis": {"dvar2": 86.6411209106, "var": 153.053009033, "min": -1.88566994667, "dmean": 3.1149520874, "mean": 9.71061706543, "max": 307.380157471, "dmean2": 4.66345739365, "median": 7.03282260895, "dvar": 42.6286430359}, "spectral_flux": {"dvar2": 0.00137931993231, "var": 0.00166200252715, "min": 6.41218259045e-11, "dmean": 0.0154832880944, "mean": 0.0389689207077, "max": 0.313975960016, "dmean2": 0.0245966333896, "median": 0.0235384758562, "dvar": 0.000579715764616}, "barkbands_crest": {"dvar2": 10.0374412537, "var": 16.9839000702, "min": 3.29165005684, "dmean": 1.81001794338, "mean": 12.7469453812, "max": 26.6095409393, "dmean2": 2.86679029465, "median": 12.1589851379, "dvar": 4.09156370163}, "barkbands_flatness_db": {"dvar2": 0.000643849431071, "var": 0.00653148954734, "min": 0.0357996374369, "dmean": 0.0168229788542, "mean": 0.267903238535, "max": 0.513905346394, "dmean2": 0.0255566164851, "median": 0.279982209206, "dvar": 0.00031139224302}, "spectral_entropy": {"dvar2": 0.0857771709561, "var": 0.708657741547, "min": 4.09831285477, "dmean": 0.152742341161, "mean": 6.30019855499, "max": 9.8189573288, "dmean2": 0.227889075875, "median": 6.09300708771, "dvar": 0.0421267747879}, "pitch_salience": {"dvar2": 0.00718950945884, "var": 0.0140835233033, "min": 0.076681651175, "dmean": 0.0475636385381, "mean": 0.537320017815, "max": 0.97371250391, "dmean2": 0.0754250362515, "median": 0.533685982227, "dvar": 0.00294504454359}, "erbbands_spread": {"dvar2": 70.0342788696, "var": 206.536575317, "min": 0.524936676025, "dmean": 3.23720097542, "mean": 17.2074394226, "max": 123.439353943, "dmean2": 4.7225279808, "median": 12.8682250977, "dvar": 36.0165138245}, "dynamic_complexity": 4.73696327209, "spectral_contrast_valleys": {"dvar2": [0.341236412525, 0.247289165854, 0.259490132332, 0.306460678577, 0.228798359632, 0.347185820341], "var": [3.61365151405, 4.89531183243, 4.59760856628, 4.70784378052, 5.04806423187, 5.86419534683], "min": [-27.9634113312, -28.7460899353, -27.8012504578, -27.6372909546, -27.549829483, -27.3668460846], "dmean": [0.445379197598, 0.304514318705, 0.322125852108, 0.293606221676, 0.253756731749, 0.320952773094], "mean": [-9.96366786957, -7.39845943451, -8.80587387085, -9.63497066498, -10.0972394943, -12.6914224625], "max": [-6.95397853851, -4.74593019485, -5.36252832413, -6.01995420456, -5.68492603302, -7.38527345657], "dmean2": [0.737500488758, 0.486227482557, 0.502785146236, 0.458734631538, 0.375926792622, 0.506204664707], "median": [-9.83076286316, -7.10452079773, -8.54742145538, -9.43349933624, -9.97335338593, -13.1667528152], "dvar": [0.141370326281, 0.123600624502, 0.136992022395, 0.145434960723, 0.116243481636, 0.137942001224]}, "hfc": {"dvar2": 117.978546143, "var": 287.460388184, "min": 1.06464418173e-16, "dmean": 3.37384057045, "mean": 11.07117939, "max": 303.181945801, "dmean2": 4.32705354691, "median": 5.48942375183, "dvar": 68.9636535645}, "spectral_kurtosis": {"dvar2": 673.162902832, "var": 1046.0814209, "min": -1.27560782433, "dmean": 11.2474756241, "mean": 32.4176025391, "max": 153.398910522, "dmean2": 19.6359806061, "median": 19.008348465, "dvar": 227.989715576}, "mfcc": {"mean": [-778.37487793, 171.487747192, -11.5308456421, -20.0946388245, -20.4828605652, -26.6216526031, -26.5415859222, -20.1969051361, -19.8392505646, -6.11645317078, 0.05648855865, -8.04984283447, -10.4535331726], "cov": [[10785.7626953, -1642.31469727, -289.969238281, 141.626647949, -323.280639648, 68.502494812, -435.223724365, 182.515930176, -154.648452759, -349.325622559, -127.7264328, -286.977111816, -431.396270752], [-1642.31469727, 2728.93408203, -755.641113281, -334.818267822, 10.37728405, -296.366821289, 32.2685165405, -216.418624878, -96.0461196899, 148.043579102, 81.0162124634, 130.82220459, 155.872634888], [-289.969238281, -755.641113281, 1115.82568359, 44.3229408264, 116.925422668, 247.245391846, 18.8794441223, 142.324798584, 38.3248023987, -76.085319519, -61.0447769165, -68.9095001221, -58.4282531738], [141.626647949, -334.818267822, 44.3229408264, 357.768859863, 85.566947937, 20.9746932983, -0.722547769547, 10.5008716583, 45.7114639282, -16.0611896515, -28.9063816071, -36.0297889709, 8.58801746368], [-323.280639648, 10.37728405, 116.925422668, 85.566947937, 308.069671631, 23.1704845428, -36.1561698914, 40.8867912292, 12.4535484314, -74.1393585205, -27.1112785339, -10.5732126236, 39.4220848083], [68.502494812, -296.366821289, 247.245391846, 20.9746932983, 23.1704845428, 197.033660889, 21.8762931824, 40.2444496155, 8.48934936523, -28.2667579651, -23.0552501678, -4.36671495438, -26.0344104767], [-435.223724365, 32.2685165405, 18.8794441223, -0.722547769547, -36.1561698914, 21.8762931824, 181.203308105, 36.9373970032, 22.5330314636, 59.5143966675, 5.87490224838, 44.136051178, 22.6444950104], [182.515930176, -216.418624878, 142.324798584, 10.5008716583, 40.8867912292, 40.2444496155, 36.9373970032, 211.838851929, 41.3921508789, -53.1914901733, -17.1166439056, -13.2517986298, 2.06202125549], [-154.648452759, -96.0461196899, 38.3248023987, 45.7114639282, 12.4535484314, 8.48934936523, 22.5330314636, 41.3921508789, 118.632118225, 20.0390911102, 8.37372303009, 1.59087991714, 17.7400474548], [-349.325622559, 148.043579102, -76.085319519, -16.0611896515, -74.1393585205, -28.2667579651, 59.5143966675, -53.1914901733, 20.0390911102, 210.706619263, 69.2884063721, 58.3926925659, 3.27566790581], [-127.7264328, 81.0162124634, -61.0447769165, -28.9063816071, -27.1112785339, -23.0552501678, 5.87490224838, -17.1166439056, 8.37372303009, 69.2884063721, 135.751495361, 33.5154953003, 8.31345558167], [-286.977111816, 130.82220459, -68.9095001221, -36.0297889709, -10.5732126236, -4.36671495438, 44.136051178, -13.2517986298, 1.59087991714, 58.3926925659, 33.5154953003, 108.147705078, 36.2863960266], [-431.396270752, 155.872634888, -58.4282531738, 8.58801746368, 39.4220848083, -26.0344104767, 22.6444950104, 2.06202125549, 17.7400474548, 3.27566790581, 8.31345558167, 36.2863960266, 125.169082642]], "icov": [[0.000150284613483, 6.8091940193e-05, 0.000129908352392, -5.87848044233e-05, 0.000173724562046, -5.89305200265e-05, 0.000310047442326, -0.000223788738367, 0.000166397891007, 0.000105251223431, 3.05716057483e-05, 5.98702245043e-05, 0.000332735449774], [6.8091940193e-05, 0.000679395452607, 0.000316891935654, 0.000579844694585, -0.00032944243867, 0.00045042578131, -9.72203924903e-05, 0.000282752240309, 0.000317353726132, -0.000219871202717, 8.45593604026e-05, 1.70504081325e-05, -0.00034263895941], [0.000129908352392, 0.000316891935654, 0.00163152674213, 0.000325093511492, -0.000446164398454, -0.00143679638859, 9.61622718023e-05, -0.000559540465474, 5.64534020668e-05, -0.000221724621952, 0.000210414378671, 0.000829629192594, 0.000369201821741], [-5.87848044233e-05, 0.000579844694585, 0.000325093511492, 0.00392864691094, -0.00139856664464, 9.49384702835e-05, -0.000614819349721, 0.000776458007749, -0.00108226260636, -0.000624780543149, 0.00055248424178, 0.00129769893829, -0.000726974511053], [0.000173724562046, -0.00032944243867, -0.000446164398454, -0.00139856664464, 0.00472696684301, -0.00028829294024, 0.00147273449693, -0.000929495028686, 9.45901847444e-05, 0.00139156938531, 7.29365710868e-05, -0.000674762122799, -0.000762214069255], [-5.89305200265e-05, 0.00045042578131, -0.00143679638859, 9.49384702835e-05, -0.00028829294024, 0.00789345055819, -0.00112472090404, 0.000327555317199, 1.33931198434e-05, 0.000737618596759, 0.000389808177715, -0.00162076845299, 0.00091221294133], [0.000310047442326, -9.72203924903e-05, 9.61622718023e-05, -0.000614819349721, 0.00147273449693, -0.00112472090404, 0.008285516873, -0.0024096656125, 2.52649660979e-05, -0.00182054762263, 0.00115608179476, -0.00205004378222, -0.000318715377944], [-0.000223788738367, 0.000282752240309, -0.000559540465474, 0.000776458007749, -0.000929495028686, 0.000327555317199, -0.0024096656125, 0.00694300001487, -0.00227285595611, 0.00175877474248, -0.000363779836334, 7.98268447397e-05, -0.000478310830658], [0.000166397891007, 0.000317353726132, 5.64534020668e-05, -0.00108226260636, 9.45901847444e-05, 1.33931198434e-05, 2.52649660979e-05, -0.00227285595611, 0.0105752367526, -0.00160473806318, -0.000441606622189, 0.000759031798225, -0.00136276416015], [0.000105251223431, -0.000219871202717, -0.000221724621952, -0.000624780543149, 0.00139156938531, 0.000737618596759, -0.00182054762263, 0.00175877474248, -0.00160473806318, 0.00834208633751, -0.00286161899567, -0.00281242793426, 0.00160595739726], [3.05716057483e-05, 8.45593604026e-05, 0.000210414378671, 0.00055248424178, 7.29365710868e-05, 0.000389808177715, 0.00115608179476, -0.000363779836334, -0.000441606622189, -0.00286161899567, 0.00941241998225, -0.00151748023927, -0.000132431057864], [5.98702245043e-05, 1.70504081325e-05, 0.000829629192594, 0.00129769893829, -0.000674762122799, -0.00162076845299, -0.00205004378222, 7.98268447397e-05, 0.000759031798225, -0.00281242793426, -0.00151748023927, 0.0141478180885, -0.00330631877296], [0.000332735449774, -0.00034263895941, 0.000369201821741, -0.000726974511053, -0.000762214069255, 0.00091221294133, -0.000318715377944, -0.000478310830658, -0.00136276416015, 0.00160595739726, -0.000132431057864, -0.00330631877296, 0.0113986190408]]}, "silence_rate_20dB": {"dvar2": 0, "var": 0, "min": 1, "dmean": 0, "mean": 1, "max": 1, "dmean2": 0, "median": 1, "dvar": 0}, "melbands_kurtosis": {"dvar2": 153.963409424, "var": 209.472091675, "min": -1.78533744812, "dmean": 3.84356975555, "mean": 11.6415319443, "max": 390.450653076, "dmean2": 5.96971464157, "median": 8.3728351593, "dvar": 63.7844963074}, "barkbands_spread": {"dvar2": 32.2769393921, "var": 74.9511413574, "min": 0.185599267483, "dmean": 1.71656477451, "mean": 7.21314811707, "max": 103.220359802, "dmean2": 2.47744297981, "median": 4.73611831665, "dvar": 18.2480812073}, "erbbands_skewness": {"dvar2": 0.239111617208, "var": 0.636229932308, "min": -2.88452339172, "dmean": 0.284877568483, "mean": 1.30268883705, "max": 5.2793264389, "dmean2": 0.421713680029, "median": 1.30981731415, "dvar": 0.113904230297}, "average_loudness": 0.353274941444, "spectral_centroid": {"dvar2": 69925.2578125, "var": 1111992.125, "min": 224.768966675, "dmean": 78.1824798584, "mean": 731.663024902, "max": 11504.2441406, "dmean2": 112.699790955, "median": 565.420837402, "dvar": 40985.7148438}, "dissonance": {"dvar2": 0.00290582026355, "var": 0.00385114573874, "min": 0.00088907656027, "dmean": 0.0341155715287, "mean": 0.37828040123, "max": 0.499960273504, "dmean2": 0.0574330613017, "median": 0.383254408836, "dvar": 0.00105455471203}, "erbbands_flatness_db": {"dvar2": 0.000442368444055, "var": 0.00821360200644, "min": 0.0315782576799, "dmean": 0.0133594414219, "mean": 0.290592342615, "max": 0.525200247765, "dmean2": 0.0197459887713, "median": 0.311015218496, "dvar": 0.000232923499425}, "spectral_strongpeak": {"dvar2": 1.22083687782, "var": 1.6507114172, "min": 0, "dmean": 0.35420769453, "mean": 1.24369132519, "max": 15.573923111, "dmean2": 0.541037499905, "median": 0.906851053238, "dvar": 0.554824948311}, "spectral_rms": {"dvar2": 7.53106633056e-07, "var": 4.06280651077e-06, "min": 3.11503665744e-12, "dmean": 0.00045849441085, "mean": 0.00346267828718, "max": 0.0123765766621, "dmean2": 0.000594523211475, "median": 0.00316468765959, "dvar": 4.29289912063e-07}, "silence_rate_60dB": {"dvar2": 0.0734848380089, "var": 0.163463056087, "min": 0, "dmean": 0.0355956330895, "mean": 0.205836996436, "max": 1, "dmean2": 0.0711997151375, "median": 0, "dvar": 0.0343309827149}, "melbands": {"dvar2": [4.39568687005e-10, 4.67506344748e-09, 6.75181439647e-08, 8.7919681846e-07, 8.06564003142e-07, 1.54465126911e-07, 3.02032390209e-07, 8.22861295546e-07, 6.05941181675e-07, 4.88971522827e-07, 3.49810875377e-07, 1.5106432727e-07, 4.97377889985e-08, 5.79061101291e-08, 4.03089295276e-08, 4.09934521883e-08, 1.8037210836e-08, 5.69131364259e-09, 3.50877327193e-09, 3.79948339457e-09, 1.62504798507e-09, 1.59782265197e-09, 4.70816230447e-09, 3.09862580039e-10, 7.69094093966e-11, 6.40578146083e-11, 1.64394383523e-11, 1.12575452432e-11, 1.10635493822e-11, 1.0081233591e-11, 7.61212967659e-12, 1.1927160648e-11, 1.5144156762e-11, 2.63430527392e-11, 9.35273386515e-11, 4.52307219456e-11, 8.48768191147e-12, 3.24575544393e-12, 3.34759368663e-12, 7.62745162169e-12], "var": [2.22409965445e-10, 4.45824044348e-09, 8.47404066917e-08, 1.78022582986e-06, 1.69416625795e-06, 2.86785905246e-07, 4.53778710607e-07, 1.02956926185e-06, 7.37703715004e-07, 5.10296729317e-07, 5.55054782581e-07, 3.04161460463e-07, 1.65285044318e-07, 5.4451462006e-08, 5.09462765308e-08, 8.37520985897e-08, 9.689842706e-09, 4.34254232573e-09, 2.63355159902e-09, 3.07215630713e-09, 3.03040215144e-09, 1.38687383799e-09, 2.26196861242e-09, 4.31256641509e-10, 8.04685970635e-11, 6.63057803107e-11, 1.85105923645e-11, 8.49754034499e-12, 5.22827614535e-12, 5.66797130064e-12, 7.01351953944e-12, 1.28543139674e-11, 1.33053663573e-11, 1.91632560514e-11, 5.81789200149e-11, 3.41814493376e-11, 7.7291333056e-12, 3.2522168552e-12, 3.06185589036e-12, 4.30165755447e-12], "min": [1.09496733544e-24, 4.13490071638e-25, 1.59189823255e-24, 2.91809667375e-24, 2.19900006319e-24, 2.34314960247e-24, 1.83586766699e-24, 1.31062908794e-24, 1.41808772045e-24, 1.78585250509e-24, 1.65503806776e-24, 1.09950782159e-24, 2.12282094886e-24, 2.11345894485e-24, 2.63098542248e-24, 1.47661774835e-24, 3.2231698934e-24, 2.90702934968e-24, 3.12251853885e-24, 4.41441434966e-24, 3.94335907631e-24, 2.80078832398e-24, 4.85610703682e-24, 3.41440259581e-24, 4.49702386365e-24, 4.71190444664e-24, 4.07084215404e-24, 4.41571597015e-24, 5.8504693633e-24, 4.79086902882e-24, 4.45924097617e-24, 5.38111369077e-24, 5.41822644092e-24, 4.84642929124e-24, 4.78899508974e-24, 5.86447874411e-24, 5.55262506777e-24, 6.16631349253e-24, 5.09135166965e-24, 6.32686956371e-24], "dmean": [2.60331898971e-06, 1.27361627165e-05, 5.27515549038e-05, 0.000275032478385, 0.000255189923337, 0.00010378157458, 0.000175039444002, 0.000230857127463, 0.000168685102835, 0.000117005743959, 9.47702283156e-05, 6.05581299169e-05, 2.5457893571e-05, 2.51680867223e-05, 2.20790952881e-05, 2.52117515629e-05, 1.46232023326e-05, 1.06588868221e-05, 6.52247990729e-06, 5.33436059413e-06, 3.66905715055e-06, 3.05312983073e-06, 4.58687372884e-06, 2.47573279921e-06, 1.1859233382e-06, 7.00645500729e-07, 4.63941745465e-07, 3.84118521879e-07, 3.03650836031e-07, 3.07715083636e-07, 3.40885776495e-07, 3.82373400498e-07, 4.00223314045e-07, 3.48376090642e-07, 4.62033142412e-07, 4.68584431701e-07, 3.12470888275e-07, 2.09886437119e-07, 2.16411180531e-07, 2.01534405164e-07], "mean": [3.07049208459e-06, 1.98174948309e-05, 0.000105982879177, 0.000676552648656, 0.000675407005474, 0.000351256458089, 0.000574856705498, 0.000533281883691, 0.000402843492338, 0.000270560325589, 0.000203346135095, 0.000140575764817, 5.29318022018e-05, 4.08557389164e-05, 3.96151845052e-05, 4.36964692199e-05, 2.52549398283e-05, 1.84329219337e-05, 9.57336578722e-06, 8.18538046587e-06, 5.76119100515e-06, 4.4199664444e-06, 6.62253569317e-06, 4.15242402596e-06, 2.05302399081e-06, 1.06764116481e-06, 7.04422234321e-07, 6.07400806985e-07, 4.39999496393e-07, 4.6908670015e-07, 5.54231178285e-07, 6.29278417819e-07, 6.53456538657e-07, 5.27991346644e-07, 6.74534987866e-07, 6.97541111094e-07, 4.71964597182e-07, 3.10595851261e-07, 3.20332077308e-07, 3.04139007312e-07], "max": [0.000530957593583, 0.00147157907486, 0.00629767822102, 0.0122969727963, 0.0141800530255, 0.0105250747874, 0.0123553713784, 0.0140229277313, 0.0164117701352, 0.0157350078225, 0.0149842184037, 0.0109614683315, 0.0122076859698, 0.00705726072192, 0.0076750908047, 0.0115685276687, 0.00379063072614, 0.00145929201972, 0.00177017517854, 0.00235163117759, 0.00267268088646, 0.00193173997104, 0.00273790885694, 0.000539694563486, 0.000254933023825, 0.00045677649905, 0.000233979211771, 0.000104179809568, 8.88220965862e-05, 8.55604521348e-05, 0.00012068093929, 0.000163216507644, 0.0001582330151, 0.000257942214375, 0.00051869568415, 0.000354428979335, 7.12723631295e-05, 4.27006016253e-05, 5.50692093384e-05, 0.00013193898485], "dmean2": [4.29665215052e-06, 2.07057237276e-05, 7.91455240687e-05, 0.000403615820687, 0.000370984693291, 0.000154387467774, 0.000270586780971, 0.000315434444929, 0.000232253878494, 0.000167050573509, 0.000122770303278, 7.88810866652e-05, 3.48747089447e-05, 3.66234962712e-05, 3.19914834108e-05, 3.33657335432e-05, 2.200408926e-05, 1.63152926689e-05, 9.40412246564e-06, 7.50029175833e-06, 5.11783036927e-06, 4.40599524154e-06, 7.00528789821e-06, 3.50957179762e-06, 1.76724245193e-06, 1.01894261206e-06, 6.49583853374e-07, 5.59705085834e-07, 4.55041458736e-07, 4.4230935714e-07, 4.85406758344e-07, 5.53704353479e-07, 5.54153189114e-07, 5.03373769334e-07, 6.58850638047e-07, 6.51617312997e-07, 4.46741211135e-07, 2.92254924261e-07, 2.99690555039e-07, 2.86182000764e-07], "median": [4.18008625047e-07, 2.91509468298e-06, 2.14731098822e-05, 0.000104326529254, 0.00015907586203, 0.000150996464072, 0