{"tonal": {"thpcp": [1, 0.711252987385, 0.657359242439, 0.603404581547, 0.362764894962, 0.296926170588, 0.24418155849, 0.162686139345, 0.374169975519, 0.474378526211, 0.227261468768, 0.0727340057492, 0.0565005689859, 0.0951907783747, 0.182954162359, 0.173919647932, 0.140375584364, 0.114753164351, 0.0519124343991, 0.0653161332011, 0.154071360826, 0.164187774062, 0.18560513854, 0.295217812061, 0.279310107231, 0.148670300841, 0.0582480728626, 0.0556517764926, 0.330369770527, 0.581373155117, 0.301297962666, 0.0205602198839, 0.0186291281134, 0.038147598505, 0.232179731131, 0.782820165157], "hpcp": {"dmean2": [0.141792953014, 0.111745603383, 0.110903203487, 0.132068485022, 0.133719354868, 0.0944001376629, 0.0447756014764, 0.0365780256689, 0.0476075448096, 0.0628377124667, 0.0634014159441, 0.0541351847351, 0.040142711252, 0.0239682495594, 0.0343975499272, 0.0703764781356, 0.0755429640412, 0.0885702371597, 0.111261017621, 0.107371613383, 0.0651218891144, 0.0352761000395, 0.019449505955, 0.0523479096591, 0.0899758860469, 0.0538231320679, 0.0131932208315, 0.014899333939, 0.0337287522852, 0.122352316976, 0.245691969991, 0.281553983688, 0.326890200377, 0.269260376692, 0.197206482291, 0.226899966598], "median": [0.0012355161598, 0.00100002938416, 0.00635658809915, 0.027349838987, 0.0329792611301, 0.0194147080183, 0.00691015226766, 0.00376602145843, 0.00334900058806, 0.00577131053433, 0.00563037395477, 0.00257618702017, 0.00110070616938, 0.000744570803363, 0.00490929652005, 0.0153004229069, 0.0181830320507, 0.0174451749772, 0.0277454610914, 0.0233745854348, 0.00664564641193, 0.0012692528544, 0.000644114043098, 0.00359744112939, 0.00920378603041, 0.00785051472485, 0.0011516395025, 0.000427390186815, 0.000598040176556, 0.0273638200015, 0.140343338251, 0.208824932575, 0.147549986839, 0.066177777946, 0.0241759754717, 0.00925619434565], "min": [0, 0, 0, 0, 0, 0, 0, 0, 0, 0, 0, 0, 0, 0, 0, 0, 0, 0, 0, 0, 0, 0, 0, 0, 0, 0, 0, 0, 0, 0, 0, 0, 0, 0, 0, 0], "dvar2": [0.080407910049, 0.06806563586, 0.0535431355238, 0.0525024235249, 0.0541180558503, 0.0316142104566, 0.0147373164073, 0.0121092768386, 0.0194285977632, 0.0258128624409, 0.0240359194577, 0.022011635825, 0.0166557915509, 0.006527335383, 0.00709753436968, 0.022328203544, 0.0211854744703, 0.0298890750855, 0.0383928082883, 0.0407273806632, 0.0213798582554, 0.0124965244904, 0.00756920920685, 0.0254957303405, 0.0782760605216, 0.0213594697416, 0.00279449764639, 0.00452530756593, 0.00942249316722, 0.0384804792702, 0.0985633581877, 0.113798134029, 0.139293462038, 0.123397663236, 0.102040998638, 0.129465252161], "dvar": [0.0300725549459, 0.0250070169568, 0.0190509557724, 0.0219110976905, 0.0231843162328, 0.0120132900774, 0.00517401238903, 0.00411812309176, 0.00705495616421, 0.0108744893223, 0.00975377578288, 0.0085677485913, 0.00659941788763, 0.00244904542342, 0.00267787999474, 0.0091567505151, 0.00832674559206, 0.0117064462975, 0.0165257751942, 0.0159604102373, 0.00846535339952, 0.00447433954105, 0.00305321277119, 0.00941984634846, 0.0285349842161, 0.00782965589315, 0.000970538356341, 0.0016573156463, 0.00341907097027, 0.0140966661274, 0.038889978081, 0.0443792641163, 0.0498348027468, 0.0457857735455, 0.0384748801589, 0.0439215265214], "dmean": [0.0772955715656, 0.0613778308034, 0.0629067420959, 0.0822842791677, 0.0834582298994, 0.057280305773, 0.0252900253981, 0.0206071026623, 0.0283628627658, 0.0387140214443, 0.0388159155846, 0.0319141969085, 0.0243243128061, 0.0141641963273, 0.0204616133124, 0.0422038324177, 0.045447986573, 0.0531613230705, 0.0686017349362, 0.0655840411782, 0.0384929254651, 0.0201060231775, 0.0114401057363, 0.0289099756628, 0.0494838729501, 0.0300442650914, 0.00743235135451, 0.00818305276334, 0.0184838268906, 0.072069182992, 0.147711724043, 0.16458453238, 0.189514309168, 0.154425397515, 0.112734138966, 0.126971960068], "max": [1, 1, 1, 1, 1, 1, 1, 1, 1, 1, 1, 1, 1, 1, 1, 1, 1, 1, 1, 1, 1, 1, 1, 1, 1, 1, 1, 1, 1, 1, 1, 1, 1, 1, 1, 1], "var": [0.0717094689608, 0.0577004440129, 0.0199495386332, 0.0567557625473, 0.0863896161318, 0.0234043747187, 0.00508763967082, 0.00415446050465, 0.0105206621811, 0.0319805406034, 0.0255232825875, 0.0242456588894, 0.0210023652762, 0.00511570787057, 0.00375730055384, 0.018542168662, 0.0162091907114, 0.0225888062268, 0.0449353009462, 0.0432569533587, 0.0243254061788, 0.00602500233799, 0.0126919616014, 0.0496704615653, 0.152494266629, 0.0372335352004, 0.000932732829824, 0.00138743664138, 0.00282383314334, 0.0202818512917, 0.112872116268, 0.146298766136, 0.0900081023574, 0.109464198351, 0.122779145837, 0.0566358417273], "mean": [0.113575212657, 0.0934002324939, 0.0622279681265, 0.143121212721, 0.181451305747, 0.0869282409549, 0.0278209913522, 0.021611649543, 0.0364107787609, 0.0699805542827, 0.0665248259902, 0.053694114089, 0.0438934527338, 0.019856672734, 0.0249836295843, 0.0589327886701, 0.0628023520112, 0.0709945634007, 0.112921759486, 0.106837011874, 0.0568668656051, 0.022280074656, 0.021286983043, 0.126367494464, 0.222377106547, 0.115247443318, 0.00786435045302, 0.00712570128962, 0.0145915793255, 0.0888094902039, 0.299431234598, 0.382503211498, 0.272056549788, 0.251442015171, 0.23080419004, 0.138758733869]}, "tuning_equal_tempered_deviation": 0.130533754826, "chords_changes_rate": 0.0428320504725, "key_key": "G#", "tuning_diatonic_strength": 0.520111322403, "key_scale": "major", "chords_number_rate": 0.00175651942845, "tuning_frequency": 434.193115234, "tuning_nontempered_energy_ratio": 0.815375328064, "chords_histogram": [9.41764640808, 6.80989074707, 8.32319927216, 18.1597080231, 7.74219703674, 3.04012966156, 0.81070125103, 0.689096093178, 2.37805700302, 0.202675312757, 24.4831771851, 0, 0.135116875172, 0, 0.148628562689, 0.175651937723, 1.66193759441, 3.04012966156, 0, 0.0540467500687, 0.0945818126202, 1.71598434448, 3.12119984627, 7.7962436676], "key_strength": 0.584943532944, "chords_key": "G", "chords_strength": {"dmean2": 0.00618180120364, "median": 0.515606343746, "min": 0.218183338642, "dvar2": 3.05099601974e-05, "dvar": 3.2858515624e-05, "dmean": 0.00700490735471, "max": 0.792664051056, "var": 0.0107973404229, "mean": 0.508169174194}, "chords_scale": "major", "hpcp_entropy": {"dmean2": 0.870708763599, "median": 1.84103453159, "min": 0, "dvar2": 0.497820913792, "dvar": 0.176351711154, "dmean": 0.507510781288, "max": 4.70879077911, "var": 0.471482753754, "mean": 1.85562634468}}, "metadata": {"audio_properties": {"equal_loudness": 0, "codec": "flac", "downmix": "mix", "sample_rate": 44100, "analysis_sample_rate": 44100, "bit_rate": 0, "md5_encoded": "a8f5eba40d6437e323daedd3f72dbf38", "length": 343.625, "replay_gain": -4.51939964294, "lossless": true}, "version": {"essentia_build_sha": "70f2e5ece6736b2c40cc944ad0e695b16b925413", "essentia": "2.1-beta2", "extractor": "music 1.0", "essentia_git_sha": "v2.1_beta2"}, "tags": {"title": ["In the Rain"], "media": ["Digital Media"], "albumartist": ["SiJ & Textere Oris"], "tracktotal": ["7"], "musicbrainz_releasegroupid": ["4e02ee1d-c89e-40c4-b9e4-ea53c5f0fa19"], "releasetype": ["album"], "musicbrainz_recordingid": ["0e71beaf-7c57-407b-b4f1-329e71afb055"], "originalyear": ["2016"], "musicbrainz_releasetrackid": ["6301c771-ea3e-4d97-a462-07e707bd0cda"], "discnumber": ["1"], "album": ["Reflections Under the Sky"], "releasecountry": ["XW"], "musicbrainz_albumartistid": ["153128a0-22bc-4c92-bdf0-087b8287c7f0", "03aceeed-478b-4b36-98d2-3c8efc1c42c5"], "albumartistsort": ["SiJ & Textere Oris"], "date": ["2016-02-09"], "file_name": "04_In_the_Rain.flac", "disctotal": ["1"], "acoustid_id": ["f0ebd777-ec8f-4f3f-84ab-a36bb5a9655c"], "musicbrainz_artistid": ["153128a0-22bc-4c92-bdf0-087b8287c7f0", "03aceeed-478b-4b36-98d2-3c8efc1c42c5"], "originaldate": ["2016-02-09"], "musicbrainz_albumid": ["3eea4eb3-ed24-47b6-8452-df9fa3084150"], "tracknumber": ["4"], "artistsort": ["SiJ & Textere Oris"], "artist": ["SiJ & Textere Oris"], "label": ["Cryo Chamber"], "totaltracks": ["7"], "totaldiscs": ["1"], "script": ["Latn"], "releasestatus": ["official"]}}, "rhythm": {"bpm_histogram_first_peak_bpm": {"dmean2": 0, "median": 126, "min": 126, "dvar2": 0, "dvar": 0, "dmean": 0, "max": 126, "var": 0, "mean": 126}, "bpm": 126.119598389, "bpm_histogram_second_peak_spread": {"dmean2": 0, "median": 0.66666662693, "min": 0.66666662693, "dvar2": 0, "dvar": 0, "dmean": 0, "max": 0.66666662693, "var": 0, "mean": 0.66666662693}, "bpm_histogram_first_peak_weight": {"dmean2": 0, "median": 0.0721966177225, "min": 0.0721966177225, "dvar2": 0, "dvar": 0, "dmean": 0, "max": 0.0721966177225, "var": 0, "mean": 0.0721966177225}, "onset_rate": 1.22801613808, "beats_position": [0.638548731804, 1.30031740665, 1.9620860815, 2.61224484444, 3.26240348816, 3.92417216301, 4.58594083786, 5.24770975113, 5.89786815643, 6.54802703857, 7.18657588959, 7.8251247406, 8.47528362274, 9.12544155121, 9.77560043335, 10.4257593155, 11.0643081665, 11.7144670486, 12.3646259308, 13.0147848129, 13.5488433838, 14.0829019547, 14.6169614792, 15.1161899567, 15.6154193878, 16.114648819, 16.5790481567, 17.0434455872, 17.5078449249, 17.9722442627, 18.4366436005, 18.9126529694, 19.3886623383, 19.8646717072, 20.3522891998, 20.8282985687, 21.3159179688, 21.7919273376, 22.2679367065, 22.8019943237, 23.3360538483, 23.8468933105, 24.369342804, 24.89179039, 25.4026298523, 25.9134693146, 26.4243087769, 26.9351463318, 27.4459857941, 27.9568252563, 28.5489330292, 29.1410427094, 29.7447605133, 30.3368701935, 30.9289798737, 31.5210876465, 32.1131973267, 32.7053070068, 33.2974128723, 33.8895225525, 34.4700202942, 35.0389099121, 35.6658477783, 36.2811775208, 36.8848991394, 37.5002250671, 38.1039466858, 38.6960525513, 39.2881622314, 39.8802719116, 40.3562812805, 40.8322906494, 41.3083000183, 41.795917511, 42.2835350037, 42.771156311, 43.281993866, 43.7928352356, 44.3036727905, 44.7912902832, 45.2672996521, 45.743309021, 46.2541503906, 46.7649879456, 47.2758255005, 47.8098869324, 48.3439445496, 48.8780021667, 49.4120635986, 49.9461212158, 50.480178833, 51.0142402649, 51.5599098206, 52.1055755615, 52.6628570557, 53.2201347351, 53.7541923523, 54.2882537842, 54.8339233398, 55.367980957, 55.9020385742, 56.4361000061, 56.8424491882, 57.2487983704, 57.6551475525, 58.0034446716, 58.3517456055, 58.7000427246, 59.0483436584, 59.3850326538, 59.7333335876, 60.0816307068, 60.4299316406, 60.7782287598, 61.1149177551, 61.4399986267, 61.7650794983, 62.0901565552, 62.4152374268, 62.7403144836, 63.0770072937, 63.4136962891, 63.7503852844, 64.0870742798, 64.4237594604, 64.7604522705, 65.0971450806, 65.4338302612, 65.7589111328, 66.0839920044, 66.409072876, 66.7341461182, 67.0592269897, 67.3959197998, 67.720993042, 68.0460739136, 68.4059829712, 68.7658920288, 69.1258010864, 69.485710144, 69.8920593262, 70.3100204468, 70.7279815674, 71.1343307495, 71.5406799316, 71.9470291138, 72.3533782959, 72.7713394165, 73.1892929077, 73.5956420898, 74.001991272, 74.4083404541, 74.8146896362, 75.2326507568, 75.6506118774, 76.0221328735, 76.3936462402, 76.7651672363, 77.1366882324, 77.5082092285, 77.8797302246, 78.2512435913, 78.7736968994, 79.2961425781, 79.8185958862, 80.3526535034, 80.8983230591, 81.4323806763, 81.9664382935, 82.5004959106, 83.0345535278, 83.5802230835, 84.1142807007, 84.7063903809, 85.298500061, 85.8906097412, 86.5407714844, 87.1793212891, 87.8759155273, 88.5609054565, 89.3503875732, 90.1282501221, 90.9061203003, 91.6839904785, 92.4618606567, 93.2281188965, 93.9827651978, 94.737411499, 95.3759613037, 96.0028991699, 96.5950088501, 97.1755065918, 97.7560043335, 98.3248977661, 98.8937835693, 99.462677002, 100.031562805, 100.588844299, 101.146118164, 101.703399658, 102.272285461, 102.887619019, 103.502944946, 104.106666565, 104.721992493, 105.33732605, 105.952651978, 106.567977905, 107.183311462, 107.79863739, 108.413963318, 109.029296875, 109.644622803, 110.283172607, 110.921722412, 111.548660278, 112.175598145, 112.814147949, 113.441085815, 114.07963562, 114.636917114, 115.194190979, 115.751472473, 116.308753967, 116.866027832, 117.423309326, 117.98059082, 118.537864685, 119.141586304, 119.745300293, 120.349021912, 120.95274353, 121.568069458, 122.183395386, 122.810340881, 123.437278748, 124.064216614, 124.69115448, 125.178771973, 125.654785156, 126.13079071, 126.618408203, 127.106025696, 127.593650818, 128.081268311, 128.568893433, 129.056503296, 129.555740356, 130.04335022, 130.530975342, 131.030197144, 131.529434204, 132.028656006, 132.516281128, 133.01550293, 133.526351929, 134.130065918, 134.722167969, 135.337509155, 135.952835083, 136.568161011, 137.253143311, 137.949752808, 138.657958984, 139.366165161, 140.074371338, 140.782577515, 141.560455322, 142.338317871, 143.10458374, 143.882446289, 144.648712158, 145.414962769, 146.181228638, 146.959091187, 147.632461548, 148.294235229, 148.944396973, 149.594558716, 150.175048828, 150.755554199, 151.336044312, 151.974594116, 152.613143921, 153.216873169, 153.820587158, 154.424301147, 155.039627075, 155.643356323, 156.258682251, 156.874008179, 157.489334106, 158.058227539, 158.627120972, 159.195999146, 159.75328064, 160.310562134, 160.786575317, 161.262588501, 161.738586426, 162.168167114, 162.597732544, 163.027297974, 163.491699219, 163.967712402, 164.443710327, 164.908111572, 165.372512817, 165.836914062, 166.440628052, 167.0443573, 167.636459351, 168.24017334, 168.832290649, 169.412780762, 169.993286133, 170.573776245, 171.154281616, 171.746398926, 172.338500977, 172.919006348, 173.49949646, 173.998733521, 174.497955322, 174.997192383, 175.473190308, 175.96081543, 176.436828613, 176.912826538, 177.388839722, 177.864852905, 178.32925415, 178.805252075, 179.281265259, 179.757278442, 180.233291626, 180.709289551, 181.185302734, 181.545211792, 181.90512085, 182.265029907, 182.624938965, 182.984848022, 183.34475708, 183.704666138, 184.064575195, 184.412872314, 184.761169434, 185.121078491, 185.469390869, 185.933776855, 186.398178101, 186.862579346, 187.338592529, 187.826202393, 188.313827515, 188.801452637, 189.2890625, 189.776687622, 190.310745239, 190.844802856, 191.378860474, 191.936141968, 192.481811523, 193.027481079, 193.573150635, 194.107208252, 194.652877808, 195.210159302, 195.767440796, 196.347930908, 196.940048218, 197.52053833, 198.135864258, 198.751205444, 199.366531372, 199.970245361, 200.573959351, 201.200897217, 201.827835083, 202.431564331, 203.03527832, 203.63899231, 204.231109619, 204.82321167, 205.415328979, 206.00743103, 206.59954834, 207.203262329, 207.806976318, 208.375869751, 208.944763184, 209.513641357, 210.070922852, 210.628204346, 211.18548584, 211.742767334, 212.300048828, 212.868927002, 213.437820435, 214.006713867, 214.575592041, 215.132873535, 215.794647217, 216.468017578, 217.12979126, 217.80317688, 218.48815918, 219.173141479, 219.858139038, 220.543121338, 221.239730835, 221.97114563, 222.714187622, 223.457229614, 224.200271606, 224.93170166, 225.663131714, 226.359725952, 227.044708252, 227.694869995, 228.345031738, 228.995193481, 229.656951904, 230.318725586, 230.968887329, 231.630645752, 232.315643311, 233.00062561, 233.720443726, 234.440261841, 235.148483276, 235.845077515, 236.553283691, 237.261489868, 237.969696045, 238.677902222, 239.397735596, 240.117553711, 240.744491577, 241.359817505, 241.975143433, 242.555648804, 243.136138916, 243.705032349, 244.273925781, 244.831192017, 245.376861572, 245.922531128, 246.479812622, 246.944213867, 247.420227051, 247.896224976, 248.383850098, 248.859863281, 249.347473145, 249.823486328, 250.31111145, 250.798721313, 251.17024231, 251.530151367, 251.890060425, 252.238357544, 252.598266602, 252.958175659, 253.318084717, 253.677993774, 254.037902832, 254.39781189, 254.746124268, 255.106033325, 255.465942383, 255.814239502, 256.162536621, 256.51083374, 256.859130859, 257.207427979, 257.567352295, 257.927246094, 258.275543213, 258.658691406, 259.041809082, 259.436553955, 259.831298828, 260.318908691, 260.806518555, 261.294158936, 261.770141602, 262.246154785, 262.710571289, 263.174957275, 263.639373779, 264.103759766, 264.568145752, 265.032562256, 265.508575439, 265.972961426, 266.367706299, 266.774047852, 267.180389404, 267.586761475, 267.993103027, 268.39944458, 268.805786133, 269.200531006, 269.595275879, 269.990020752, 270.384765625, 270.791107178, 271.19744873, 271.603790283, 272.010162354, 272.416503906, 272.788024902, 273.205993652, 273.623931885, 274.030303955, 274.436645508, 274.831390381, 275.226104736, 275.620849609, 276.027191162, 276.503204346, 276.96762085, 277.432006836, 277.89642334, 278.360809326, 278.83682251, 279.382476807, 279.928161621, 280.473815918, 281.042724609, 281.611602783, 282.180480957, 282.737762451, 283.306671143, 283.875549316, 284.432830811, 285.001708984, 285.582214355, 286.162719727, 286.743225098, 287.288879395, 287.846160889, 288.42666626, 289.007171631, 289.587646484, 290.156555176, 290.737060547, 291.3175354, 291.886444092, 292.455322266, 293.035827637, 293.616333008, 294.208435059, 294.78894043, 295.369415283, 295.845428467, 296.32144165, 296.797454834, 297.250244141, 297.714630127, 298.179046631, 298.643432617, 299.03817749, 299.444519043, 299.839263916, 300.268829346, 300.698394775, 301.127990723, 301.569152832, 301.998718262, 302.428283691, 302.857849121, 303.345489502, 303.833099365, 304.320709229, 304.808349609, 305.295959473, 305.783569336, 306.271209717, 306.747192383, 307.223205566, 307.710845947, 308.198455811, 308.686065674, 309.185302734, 309.684539795, 310.172149658, 310.729431152, 311.286712646, 311.843994141, 312.401275635, 312.958557129, 313.515808105, 314.015045166, 314.514282227, 315.013519287, 315.51272583, 316.000366211, 316.487976074, 316.929168701, 317.370330811, 317.823120117, 318.264312744, 318.717102051, 319.169891357, 319.634277344, 320.08706665, 320.551483154, 321.02746582, 321.491882324, 321.956268311, 322.409057617, 322.861846924, 323.31463623, 323.779052734, 324.255065918, 324.731048584, 325.195465088, 325.659851074, 326.124267578, 326.588653564, 327.053070068, 327.517456055, 327.981842041, 328.446258545, 328.910644531, 329.375061035, 329.932342529, 330.501220703, 331.070098877, 331.673828125, 332.265930176, 332.858032227, 333.403717041, 333.949371338, 334.483428955, 335.017486572, 335.551544189, 336.097229004, 336.642883301, 337.200164795, 337.757446289, 338.314727783, 338.930053711, 339.545379639, 340.172332764, 340.822479248, 341.461029053, 342.111206055, 342.749755859], "beats_loudness": {"dmean2": 0.0280900225043, "median": 0.0420369394124, "min": 7.23252435719e-09, "dvar2": 0.000603645690717, "dvar": 0.00022974179592, "dmean": 0.0168456602842, "max": 0.147230491042, "var": 0.000531875586603, "mean": 0.0420250967145}, "danceability": 0.958293795586, "bpm_histogram_second_peak_weight": {"dmean2": 0, "median": 0.0599078349769, "min": 0.0599078349769, "dvar2": 0, "dvar": 0, "dmean": 0, "max": 0.0599078349769, "var": 0, "mean": 0.0599078349769}, "beats_count": 652, "bpm_histogram_second_peak_bpm": {"dmean2": 0, "median": 108, "min": 108, "dvar2": 0, "dvar": 0, "dmean": 0, "max": 108, "var": 0, "mean": 108}, "bpm_histogram_first_peak_spread": {"dmean2": 0, "median": 0.643939375877, "min": 0.643939375877, "dvar2": 0, "dvar": 0, "dmean": 0, "max": 0.643939375877, "var": 0, "mean": 0.643939375877}, "beats_loudness_band_ratio": {"dmean2": [0.294848024845, 0.287887513638, 0.112621791661, 0.046686552465, 0.00969856511801, 0.00742132542655], "median": [0.689242005348, 0.237404584885, 0.0471557602286, 0.0237002260983, 0.00131837069057, 0.000605467066634], "min": [0.00546446675435, 0.000216836473555, 0.00087073573377, 1.51013591676e-05, 2.01182069759e-06, 2.22742164624e-06], "dvar2": [0.0655368492007, 0.0578464791179, 0.0262007340789, 0.0054047475569, 0.00118993537035, 0.000696752918884], "dvar": [0.0269018691033, 0.0227412879467, 0.00963505264372, 0.00215105176903, 0.000508035998791, 0.000313377880957], "dmean": [0.175432950258, 0.17245234549, 0.0680216774344, 0.0279716830701, 0.00609039468691, 0.00469400733709], "max": [0.996923565865, 0.929711222649, 0.879296541214, 0.664018034935, 0.45822891593, 0.324585586786], "var": [0.0792032703757, 0.0565922632813, 0.0289556588978, 0.00354965007864, 0.00164167664479, 0.00118463370018], "mean": [0.624394774437, 0.301437795162, 0.122674286366, 0.0396647714078, 0.0106306988746, 0.00826738774776]}}, "lowlevel": {"barkbands_spread": {"dmean2": 2.36193442345, "median": 4.71180486679, "min": 0.111378625035, "dvar2": 15.0813360214, "dvar": 5.64509916306, "dmean": 1.49534988403, "max": 74.2671279907, "var": 67.9440536499, "mean": 6.75124931335}, "melbands_spread": {"dmean2": 2.85886669159, "median": 4.96197605133, "min": 0.114934340119, "dvar2": 25.132768631, "dvar": 9.53000354767, "dmean": 1.81773686409, "max": 110.90953064, "var": 82.3066864014, "mean": 7.12087631226}, "hfc": {"dmean2": 3.5250082016, "median": 6.67287826538, "min": 2.06960578453e-07, "dvar2": 40.3937721252, "dvar": 15.7501106262, "dmean": 2.32503700256, "max": 180.617736816, "var": 179.188827515, "mean": 10.4988069534}, "barkbands_kurtosis": {"dmean2": 9.03301429749, "median": 6.30957889557, "min": -1.78844583035, "dvar2": 383.090393066, "dvar": 165.838531494, "dmean": 5.86354780197, "max": 483.257171631, "var": 841.399780273, "mean": 14.1578865051}, "gfcc": {"mean": [-86.9803466797, 152.565612793, -71.1388778687, 13.2904672623, -45.732585907, 10.6213798523, -13.5006933212, 4.92463684082, -23.8256816864, -5.18571043015, -10.1753492355, -3.0966770649, -3.48256468773], "icov": [[0.000276199018117, -0.00104492506944, 0.000649695284665, -0.00110879028216, 0.000382803409593, -0.00106422894169, 0.000708757084794, -0.000693509064149, 0.00107104878407, -0.00113295135088, 0.00114146573469, -0.000409744679928, 9.54096176429e-05], [-0.00104492506944, 0.00905373692513, -0.00345017411746, 0.00752970157191, -0.00401399005204, 0.00679799448699, -0.00911604706198, 0.00882218312472, -0.00642137601972, 0.00749368825927, -0.00837995111942, 0.0069644250907, -0.0029953843914], [0.000649695284665, -0.00345017411746, 0.00381363043562, -0.00319709721953, 9.3112612376e-05, -0.00200670026243, 0.0023007732816, -0.00352484849282, 0.00194982695393, -0.00133718212601, 0.00215993798338, -0.00259125279263, 0.00156143121421], [-0.00110879028216, 0.00752970157191, -0.00319709721953, 0.0118301073089, -0.00660929782316, 0.0040770326741, -0.00326777459122, 0.00560803385451, -0.00750144850463, 0.00555514590815, -0.00590667780489, 0.00770121347159, -0.00450541358441], [0.000382803409593, -0.00401399005204, 9.3112612376e-05, -0.00660929782316, 0.011611529626, -0.00618682289496, 0.00242950045504, -0.00343578215688, 0.00300822360441, -0.00184621685185, 0.00123800011352, -0.00202170666307, 0.00106441765092], [-0.00106422894169, 0.00679799448699, -0.00200670026243, 0.0040770326741, -0.00618682289496, 0.0162075888366, -0.0101586701348, 0.00324965920299, -0.00175450590905, 0.00772875081748, -0.00620785262436, 0.00144465535413, 0.000500921276398], [0.000708757084794, -0.00911604706198, 0.0023007732816, -0.00326777459122, 0.00242950045504, -0.0101586701348, 0.0210603140295, -0.0115327918902, 0.00144204008393, -0.00651811389253, 0.00833882205188, -0.00522115034983, -0.000464864016976], [-0.000693509064149, 0.00882218312472, -0.00352484849282, 0.00560803385451, -0.00343578215688, 0.00324965920299, -0.0115327918902, 0.0224852543324, -0.012006922625, 0.00795603450388, -0.00910877343267, 0.00761066423729, -0.000576785183512], [0.00107104878407, -0.00642137601972, 0.00194982695393, -0.00750144850463, 0.00300822360441, -0.00175450590905, 0.00144204008393, -0.012006922625, 0.0264898780733, -0.0190276093781, 0.0075008329004, -0.00138068629894, -0.0017451364547], [-0.00113295135088, 0.00749368825927, -0.00133718212601, 0.00555514590815, -0.00184621685185, 0.00772875081748, -0.00651811389253, 0.00795603450388, -0.0190276093781, 0.0285311955959, -0.0170243177563, 0.00255510234274, 0.0026667448692], [0.00114146573469, -0.00837995111942, 0.00215993798338, -0.00590667780489, 0.00123800011352, -0.00620785262436, 0.00833882205188, -0.00910877343267, 0.0075008329004, -0.0170243177563, 0.0322172418237, -0.0167348030955, 0.00210977881216], [-0.000409744679928, 0.0069644250907, -0.00259125279263, 0.00770121347159, -0.00202170666307, 0.00144465535413, -0.00522115034983, 0.00761066423729, -0.00138068629894, 0.00255510234274, -0.0167348030955, 0.0409472100437, -0.0221863221377], [9.54096176429e-05, -0.0029953843914, 0.00156143121421, -0.00450541358441, 0.00106441765092, 0.000500921276398, -0.000464864016976, -0.000576785183512, -0.0017451364547, 0.0026667448692, 0.00210977881216, -0.0221863221377, 0.0277084372938]], "cov": [[12268.7509766, 197.709274292, -1119.97241211, 691.731384277, 363.776763916, 593.787658691, 60.1114768982, -209.311538696, -336.212921143, -184.805862427, -266.13571167, -174.957275391, 3.44445228577], [197.709274292, 987.488464355, 235.482086182, -347.970672607, -10.0844106674, -100.296638489, 216.221084595, -92.890953064, 23.8716640472, -30.457277298, 51.3485946655, 14.0552129745, 51.8937149048], [-1119.97241211, 235.482086182, 679.611816406, 46.4997673035, 135.405151367, 22.0958957672, 88.8247680664, 84.7886123657, 59.6040344238, -19.4458351135, 43.8464508057, 8.50585174561, 5.32801294327], [691.731384277, -347.970672607, 46.4997673035, 430.930358887, 181.10635376, 115.580299377, -44.5090179443, 65.4644393921, 30.1410293579, 2.94652032852, -16.3240013123, -33.4952201843, -4.9423494339], [363.776763916, -10.0844106674, 135.405151367, 181.10635376, 234.913726807, 121.480422974, 41.2395439148, 47.9470024109, 3.39369416237, -27.9061737061, 4.59326076508, -10.5547637939, 4.04299545288], [593.787658691, -100.296638489, 22.0958957672, 115.580299377, 121.480422974, 199.589614868, 50.4309425354, 44.0793037415, -30.56965065, -46.901386261, -14.680724144, -5.72889757156, -2.73076605797], [60.1114768982, 216.221084595, 88.8247680664, -44.5090179443, 41.2395439148, 50.4309425354, 167.797622681, 54.8706130981, 50.8750839233, 12.5411930084, 17.9209728241, 8.0953245163, 19.5007152557], [-209.311538696, -92.890953064, 84.7886123657, 65.4644393921, 47.9470024109, 44.0793037415, 54.8706130981, 137.480117798, 73.2855148315, 33.952911377, 18.2548294067, -7.85647964478, -8.64370632172], [-336.212921143, 23.8716640472, 59.6040344238, 30.1410293579, 3.39369416237, -30.56965065, 50.8750839233, 73.2855148315, 151.289627075, 101.572502136, 41.9911003113, 5.70112466812, 9.20231533051], [-184.805862427, -30.457277298, -19.4458351135, 2.94652032852, -27.9061737061, -46.901386261, 12.5411930084, 33.952911377, 101.572502136, 138.439117432, 57.3883247375, 17.9858360291, 4.86096668243], [-266.13571167, 51.3485946655, 43.8464508057, -16.3240013123, 4.59326076508, -14.680724144, 17.9209728241, 18.2548294067, 41.9911003113, 57.3883247375, 85.270614624, 40.335357666, 25.0373935699], [-174.957275391, 14.0552129745, 8.50585174561, -33.4952201843, -10.5547637939, -5.72889757156, 8.0953245163, -7.85647964478, 5.70112466812, 17.9858360291, 40.335357666, 71.7803344727, 49.7092971802], [3.44445228577, 51.8937149048, 5.32801294327, -4.9423494339, 4.04299545288, -2.73076605797, 19.5007152557, -8.64370632172, 9.20231533051, 4.86096668243, 25.0373935699, 49.7092971802, 78.6334457397]]}, "spectral_energyband_middle_low": {"dmean2": 0.0076622441411, "median": 0.0117485169321, "min": 2.19421827929e-10, "dvar2": 0.000114444737846, "dvar": 4.97094406455e-05, "dmean": 0.00532425567508, "max": 0.187943577766, "var": 0.000283836212475, "mean": 0.0168153755367}, "melbands_crest": {"dmean2": 4.43236398697, "median": 19.0404663086, "min": 3.84887480736, "dvar2": 15.21671772, "dvar": 5.98179149628, "dmean": 2.8069589138, "max": 36.5802268982, "var": 36.3938751221, "mean": 19.4596328735}, "spectral_kurtosis": {"dmean2": 6.77558040619, "median": 13.6344327927, "min": -0.263190984726, "dvar2": 72.7845993042, "dvar": 25.5002498627, "dmean": 4.01080226898, "max": 264.906311035, "var": 105.890083313, "mean": 14.9680833817}, "spectral_rms": {"dmean2": 0.000970969558693, "median": 0.00609143264592, "min": 6.69608596127e-07, "dvar2": 8.12563200725e-07, "dvar": 3.43566881611e-07, "dmean": 0.000642974104267, "max": 0.0142409522086, "var": 4.41919064542e-06, "mean": 0.00581603776664}, "zerocrossingrate": {"dmean2": 0.00379195041023, "median": 0.01513671875, "min": 0.0009765625, "dvar2": 3.08823182422e-05, "dvar": 2.15715208469e-05, "dmean": 0.00281737511978, "max": 0.3701171875, "var": 0.000336555414833, "mean": 0.0184220597148}, "silence_rate_60dB": {"dmean2": 0.0112177319825, "median": 0, "min": 0, "dvar2": 0.0125750508159, "dvar": 0.00557612860575, "dmean": 0.00560848694295, "max": 1, "var": 0.0432164333761, "mean": 0.0452702715993}, "erbbands_kurtosis": {"dmean2": 3.0120947361, "median": 1.26131606102, "min": -1.61181080341, "dvar2": 38.754776001, "dvar": 16.25207901, "dmean": 1.93148863316, "max": 135.051635742, "var": 41.4557762146, "mean": 2.90508556366}, "erbbands": {"dmean2": [0.209095448256, 1.4065207243, 3.58882927895, 2.82130527496, 12.8039493561, 17.3092956543, 15.4091176987, 14.1760139465, 11.8870182037, 9.92026233673, 26.3486328125, 11.2004575729, 26.9749450684, 16.463968277, 18.0001430511, 12.1018505096, 5.44744157791, 4.80447435379, 4.01397180557, 3.26178312302, 2.96288180351, 2.94484186172, 2.4779291153, 2.44767713547, 2.30703210831, 1.8350944519, 1.21819543839, 0.948748171329, 0.672326266766, 0.447821229696, 0.442210525274, 0.317435413599, 0.216909393668, 0.163633286953, 0.0683425217867, 0.016901222989, 0.00359055539593, 0.000844201538712, 9.27541477722e-05, 1.58429393196e-05], "median": [0.916777968407, 2.0430688858, 2.57992362976, 3.36019563675, 10.8745365143, 13.8893871307, 4.59288692474, 2.45298957825, 3.60014247894, 3.34571743011, 8.97494316101, 6.92501068115, 9.3770160675, 7.13635063171, 9.45619392395, 6.05387592316, 2.20354771614, 1.11022102833, 0.665393054485, 0.447466254234, 0.42260992527, 0.331502914429, 0.285484611988, 0.262603521347, 0.2309178859, 0.1841596663, 0.12265586853, 0.0849259346724, 0.0531946346164, 0.0344150289893, 0.0249380078167, 0.0190097503364, 0.0146718416363, 0.0101933432743, 0.00519886054099, 0.00204667728394, 0.000787671015132, 0.000269033887889, 7.59097310947e-05, 4.65902194264e-05], "min": [3.02556957266e-09, 5.96984295331e-10, 2.09638084669e-09, 7.79029729614e-09, 2.46396218984e-08, 5.2624336e-09, 2.15175415264e-08, 4.48970467914e-07, 5.22491177435e-07, 6.2559585956e-08, 1.13169257077e-07, 3.19623097766e-07, 9.43525890307e-07, 1.69380882653e-07, 2.64610662271e-08, 5.7393506836e-08, 3.37921726157e-08, 3.17652357751e-08, 3.41825696637e-08, 4.694598843e-08, 6.40081196934e-08, 3.90660801486e-08, 3.48661330918e-08, 5.93340558908e-08, 6.60248602458e-08, 9.6321677745e-08, 8.49955554827e-08, 4.09338198892e-08, 3.00801303865e-08, 1.15251310717e-08, 1.93964435624e-08, 1.67229217141e-08, 1.41872176229e-08, 6.82000944607e-09, 4.37753566729e-09, 2.42565301178e-09, 1.65378666317e-09, 4.75800565614e-10, 1.24593252382e-10, 1.29482778666e-11], "dvar2": [0.0975032374263, 2.61549592018, 20.9919128418, 14.0716495514, 330.441345215, 979.146484375, 2308.68701172, 2406.87084961, 1037.53918457, 2021.35803223, 3730.4296875, 559.112365723, 4851.56738281, 1757.26586914, 2050.6706543, 450.871795654, 259.266265869, 385.184661865, 316.34185791, 306.720031738, 369.967895508, 350.682647705, 266.873809814, 265.092773438, 178.706878662, 122.624076843, 49.2075233459, 52.5661964417, 46.70652771, 10.3240528107, 12.4023551941, 4.44459342957, 2.34721207619, 1.32334411144, 0.260875374079, 0.0132143255323, 0.000649794994388, 2.63111051026e-05, 2.99966302464e-07, 1.0453691246e-09], "dvar": [0.0476564653218, 0.966432750225, 8.27934646606, 5.52720737457, 154.690093994, 363.433929443, 967.741699219, 1199.17529297, 786.791564941, 914.034545898, 2260.87768555, 277.221435547, 1939.66479492, 818.78302002, 795.627258301, 174.996658325, 87.5817489624, 131.624160767, 107.771942139, 106.247871399, 125.36025238, 118.443122864, 93.9056167603, 87.0330352783, 60.5985870361, 41.4357299805, 17.3827323914, 17.7504291534, 16.2012481689, 3.53853845596, 4.24960756302, 1.53323483467, 0.860619306564, 0.471919715405, 0.0932054147124, 0.00447838101536, 0.00022113508021, 9.13877011044e-06, 1.0661625538e-07, 3.73850450597e-10], "dmean": [0.135780707002, 0.855058014393, 2.26653194427, 1.88872146606, 8.9059009552, 11.378241539, 10.2045278549, 10.648352623, 9.39462184906, 7.01563644409, 18.9365177155, 7.55438232422, 17.0603847504, 10.6521558762, 11.1455793381, 7.35385274887, 3.13848924637, 2.81413650513, 2.32693767548, 1.8885345459, 1.71970117092, 1.70393431187, 1.45127391815, 1.40036392212, 1.33015155792, 1.06029248238, 0.701033234596, 0.538096129894, 0.38231664896, 0.259413123131, 0.254605472088, 0.186281934381, 0.127413257957, 0.09539668262, 0.040148742497, 0.00975574646145, 0.00203653657809, 0.000480100425193, 5.3517305787e-05, 1.02362246253e-05], "max": [7.72779417038, 15.4586381912, 61.8044433594, 67.6577377319, 283.888427734, 668.507507324, 862.470581055, 1417.60595703, 1058.7623291, 1249.90759277, 1531.31555176, 613.715087891, 1166.15270996, 898.377868652, 970.96270752, 442.720733643, 329.745025635, 607.82421875, 323.320556641, 417.201324463, 669.293273926, 486.563354492, 468.807647705, 500.652313232, 340.700317383, 326.143035889, 207.907409668, 232.885253906, 238.277069092, 103.487457275, 124.815719604, 52.4824905396, 40.7110862732, 33.242641449, 20.925737381, 3.05094504356, 0.884080767632, 0.113859377801, 0.0136668030173, 0.00128571048845], "var": [0.488106280565, 4.05826377869, 26.9743175507, 15.2067508698, 488.940429688, 1441.62084961, 3935.55834961, 6671.27441406, 4933.24560547, 3447.41137695, 9473.64941406, 923.698608398, 4691.00341797, 2418.56811523, 1945.41088867, 368.425170898, 212.176422119, 325.547637939, 359.091308594, 391.045227051, 467.827331543, 458.428070068, 420.415771484, 360.072265625, 331.425231934, 198.935897827, 92.8785858154, 40.1349449158, 24.9582614899, 12.4664926529, 13.5563240051, 8.34911823273, 4.97827291489, 2.92794179916, 0.700018823147, 0.0323350653052, 0.00115359039046, 5.09340825374e-05, 5.94059883952e-07, 1.71464442644e-09], "mean": [0.745101809502, 2.32824659348, 4.34082174301, 4.38454580307, 18.1824359894, 26.7592411041, 24.1534843445, 26.4154453278, 23.2712211609, 15.626335144, 38.6016769409, 15.8929767609, 28.9715156555, 20.1411628723, 20.2358150482, 12.3457231522, 6.01669454575, 5.40023422241, 4.81780004501, 4.14477777481, 4.1287946701, 4.03578901291, 3.6337659359, 3.60320687294, 3.57932376862, 2.80891346931, 1.94485592842, 1.29663109779, 0.887911200523, 0.677181005478, 0.671208918095, 0.525533974171, 0.384771078825, 0.282767444849, 0.13081112504, 0.029585050419, 0.00558425486088, 0.00139806955121, 0.000194227934116, 5.15941464982e-05]}, "spectral_strongpeak": {"dmean2": 0.429470509291, "median": 0.416201889515, "min": 0, "dvar2": 0.583559572697, "dvar": 0.252687215805, "dmean": 0.261612087488, "max": 7.16097068787, "var": 0.695009529591, "mean": 0.731551408768}, "spectral_energy": {"dmean2": 0.0124493986368, "median": 0.03803319484, "min": 4.59585036694e-10, "dvar2": 0.000179075766937, "dvar": 7.54615684855e-05, "dmean": 0.00821564998478, "max": 0.207874849439, "var": 0.000558883999474, "mean": 0.0392018035054}, "average_loudness": 0.733958244324, "spectral_rolloff": {"dmean2": 168.1040802, "median": 279.931640625, "min": 64.599609375, "dvar2": 138030.78125, "dvar": 50561.5273438, "dmean": 95.9070968628, "max": 6869.09179688, "var": 291302.6875, "mean": 442.893798828}, "spectral_centroid": {"dmean2": 106.1615448, "median": 389.656188965, "min": 71.1113510132, "dvar2": 31915.1230469, "dvar": 12362.4912109, "dmean": 67.8695449829, "max": 3330.16162109, "var": 173346.203125, "mean": 486.499481201}, "pitch_salience": {"dmean2": 0.09463018924, "median": 0.456788003445, "min": 0.0656102672219, "dvar2": 0.0068758931011, "dvar": 0.00271444325335, "dmean": 0.0595745928586, "max": 0.797751128674, "var": 0.0134327979758, "mean": 0.448549091816}, "spectral_energyband_middle_high": {"dmean2": 0.00118464615662, "median": 0.000946452084463, "min": 2.0759467062e-11, "dvar2": 5.95688152316e-06, "dvar": 2.48492119681e-06, "dmean": 0.00074573798338, "max": 0.0564897321165, "var": 1.41500577229e-05, "mean": 0.00205137813464}, "spectral_contrast_coeffs": {"dmean2": [0.0742761045694, 0.0648244693875, 0.0609296746552, 0.0416884198785, 0.0240329690278, 0.0243325363845], "median": [-0.637932181358, -0.708288908005, -0.741389155388, -0.830473899841, -0.862642407417, -0.818879842758], "min": [-0.983917355537, -0.914587795734, -0.950848340988, -0.984630227089, -0.97070389986, -0.920196652412], "dvar2": [0.00352571159601, 0.00273951794952, 0.00227130181156, 0.0010864501819, 0.000384826445952, 0.000495227868669], "dvar": [0.00133565918077, 0.00106278702151, 0.000861644919496, 0.000373856542865, 0.000132188710268, 0.000176722795004], "dmean": [0.0457041040063, 0.0409488230944, 0.0373311974108, 0.0244222618639, 0.0139678847045, 0.0142682185397], "max": [-0.31819909811, -0.359527945518, -0.478276580572, -0.637354493141, -0.68768876791, -0.642253518105], "var": [0.00788806471974, 0.00897110439837, 0.0041272318922, 0.00172506354284, 0.000685523089487, 0.00178935215808], "mean": [-0.634887218475, -0.689000844955, -0.74041301012, -0.828315556049, -0.858958423138, -0.808449327946]}, "melbands_skewness": {"dmean2": 0.957249581814, "median": 2.62944984436, "min": -2.20444774628, "dvar2": 0.901726305485, "dvar": 0.373242765665, "dmean": 0.625555992126, "max": 16.3384552002, "var": 3.01204490662, "mean": 2.84153318405}, "spectral_spread": {"dmean2": 583751.9375, "median": 2823745.5, "min": 385658.8125, "dvar2": 431709585408, "dvar": 161149403136, "dmean": 350346.5625, "max": 10171458, "var": 964685725696, "mean": 3082841}, "dissonance": {"dmean2": 0.0599711313844, "median": 0.411756426096, "min": 0.133115664124, "dvar2": 0.00289340363815, "dvar": 0.00104721123353, "dmean": 0.0356907099485, "max": 0.499770909548, "var": 0.00335915293545, "mean": 0.40326616168}, "spectral_skewness": {"dmean2": 0.56751781702, "median": 2.96795892715, "min": 0.506923556328, "dvar2": 0.34242027998, "dvar": 0.12401650846, "dmean": 0.340387076139, "max": 14.6501464844, "var": 0.877519965172, "mean": 2.98272943497}, "spectral_flux": {"dmean2": 0.0298918895423, "median": 0.0591951906681, "min": 1.24906428027e-05, "dvar2": 0.000849787786137, "dvar": 0.000311856216285, "dmean": 0.0176596250385, "max": 0.332449644804, "var": 0.000913702941034, "mean": 0.0619643554091}, "spectral_contrast_valleys": {"dmean2": [0.539513885975, 0.480312585831, 0.431761860847, 0.381452739239, 0.273232191801, 0.317562907934], "median": [-6.67768192291, -7.12584018707, -7.56271648407, -8.6379699707, -8.82156085968, -11.5522298813], "min": [-17.7115898132, -15.9383563995, -16.1502838135, -16.7535114288, -16.2529640198, -18.6395435333], "dvar2": [0.19723495841, 0.156897515059, 0.140153542161, 0.14797642827, 0.09678812325, 0.141363605857], "dvar": [0.0704973712564, 0.0565212443471, 0.0497405081987, 0.0531073734164, 0.0362463369966, 0.0531049408019], "dmean": [0.317694693804, 0.29030457139, 0.253800570965, 0.222181171179, 0.160682022572, 0.186683610082], "max": [-5.03102254868, -5.12659883499, -5.46654224396, -5.45215559006, -5.18464422226, -7.59372329712], "var": [1.69993233681, 1.26850295067, 1.39497482777, 1.41453969479, 1.36942374706, 1.16915988922], "mean": [-6.92175579071, -7.33139371872, -7.80196380615, -8.70997524261, -8.79305458069, -11.4957084656]}, "erbbands_flatness_db": {"dmean2": 0.0252910610288, "median": 0.212583184242, "min": 0.0624743923545, "dvar2": 0.000594591372646, "dvar": 0.000248489843216, "dmean": 0.0167264360934, "max": 0.462004125118, "var": 0.00274386559613, "mean": 0.212370440364}, "spectral_energyband_high": {"dmean2": 7.5010531873e-05, "median": 1.0228197425e-05, "min": 7.25672300028e-12, "dvar2": 3.1608621498e-07, "dvar": 1.09604819443e-07, "dmean": 4.39908653789e-05, "max": 0.0176527909935, "var": 7.0673212349e-07, "mean": 0.000166136655025}, "spectral_entropy": {"dmean2": 0.275160312653, "median": 6.47731399536, "min": 3.86636424065, "dvar2": 0.0803131684661, "dvar": 0.03321170061