{"tonal": {"thpcp": [1, 0.816346108913, 0.52105230093, 0.475438177586, 0.364914298058, 0.278963685036, 0.216265201569, 0.142105028033, 0.33994525671, 0.528444111347, 0.285181820393, 0.0628715157509, 0.0747004449368, 0.161633715034, 0.553939044476, 0.859117865562, 0.52384108305, 0.144168287516, 0.0712553411722, 0.101993769407, 0.4685972929, 0.728336453438, 0.379931926727, 0.113696232438, 0.126676946878, 0.0819629654288, 0.042258772999, 0.0452200211585, 0.102912530303, 0.402548193932, 0.529649674892, 0.240212991834, 0.059412650764, 0.059060703963, 0.11610981822, 0.534524917603], "hpcp": {"dmean2": [0.175668418407, 0.120239257812, 0.167077332735, 0.200660616159, 0.124923743308, 0.0669279918075, 0.0845460295677, 0.142628341913, 0.224666938186, 0.219983458519, 0.218132987618, 0.125932440162, 0.0712973773479, 0.0837740972638, 0.165471196175, 0.183065578341, 0.134928837419, 0.0692219212651, 0.0617412738502, 0.0449829176068, 0.032940197736, 0.037152595818, 0.092601723969, 0.246957212687, 0.236513316631, 0.099532365799, 0.0528170876205, 0.0555276088417, 0.0926645323634, 0.246512725949, 0.343215107918, 0.341981142759, 0.378302007914, 0.32101598382, 0.2808791399, 0.267453879118], "median": [0.0126024670899, 0.00898639392108, 0.0481145083904, 0.0798753350973, 0.0433459728956, 0.00251050875522, 0.00151147285942, 0.00343367084861, 0.0315815880895, 0.0563333928585, 0.0317430049181, 0.00404310459271, 0.001809341833, 0.00594070833176, 0.0552511662245, 0.0926625132561, 0.0488284155726, 0.00981687102467, 0.00692144408822, 0.00540926912799, 0.00276836520061, 0.00264131231233, 0.00349528621882, 0.0364933721721, 0.0615416914225, 0.0331402011216, 0.00288856588304, 0.00220916303806, 0.007765322458, 0.0863531380892, 0.173293709755, 0.12765660882, 0.0514709055424, 0.0339073427022, 0.0202406328171, 0.0126504609361], "min": [0, 0, 0, 0, 0, 0, 0, 0, 0, 0, 0, 0, 0, 0, 0, 0, 0, 0, 0, 0, 0, 0, 0, 0, 0, 0, 0, 0, 0, 0, 0, 0, 0, 0, 0, 0], "dvar2": [0.11422315985, 0.0767091959715, 0.0799976959825, 0.0814188569784, 0.051294118166, 0.0418471544981, 0.0632873997092, 0.100695557892, 0.11440371722, 0.108830094337, 0.112543433905, 0.0725250467658, 0.0430615618825, 0.0345969386399, 0.0693377181888, 0.076978854835, 0.0485252030194, 0.0266415234655, 0.0262960754335, 0.0165045447648, 0.0182372834533, 0.0228723697364, 0.035899668932, 0.16883534193, 0.116875611246, 0.0386273041368, 0.0304030124098, 0.0312519073486, 0.0411013960838, 0.0943973809481, 0.154578477144, 0.135955572128, 0.197241351008, 0.19088332355, 0.190809234977, 0.204161539674], "dvar": [0.0408316515386, 0.0269562676549, 0.0291014555842, 0.0325619280338, 0.0186516474932, 0.0143698723987, 0.0219232402742, 0.0369481220841, 0.0472195185721, 0.0532360188663, 0.0456172451377, 0.0255513079464, 0.0151863601059, 0.0121903214604, 0.026933144778, 0.0308758225292, 0.0189214814454, 0.00946439243853, 0.00983439106494, 0.00589137151837, 0.00633342843503, 0.00789433065802, 0.0128727219999, 0.0632060319185, 0.0452219843864, 0.0139008015394, 0.0105940345675, 0.0111090615392, 0.0153047256172, 0.0371319502592, 0.067578099668, 0.0614094547927, 0.0794045478106, 0.0791394710541, 0.070978499949, 0.0707724317908], "dmean": [0.0951468721032, 0.0653458312154, 0.0961580425501, 0.119316577911, 0.0734104290605, 0.0350655242801, 0.0441416278481, 0.0781007632613, 0.133646681905, 0.13166116178, 0.129355713725, 0.0685594528913, 0.0377619117498, 0.0458272881806, 0.0996617376804, 0.108848765492, 0.080957017839, 0.0390621945262, 0.035788808018, 0.0257297679782, 0.0181593075395, 0.02024211362, 0.0492939464748, 0.13392944634, 0.133468717337, 0.0573272928596, 0.0282909590751, 0.0299139413983, 0.0520651638508, 0.148256585002, 0.199039906263, 0.202711626887, 0.214162260294, 0.182785958052, 0.155604422092, 0.141526341438], "max": [1, 1, 1, 1, 1, 1, 1, 1, 1, 1, 1, 1, 1, 1, 1, 1, 1, 1, 1, 1, 1, 1, 1, 1, 1, 1, 1, 1, 1, 1, 1, 1, 1, 1, 1, 1], "var": [0.029886610806, 0.0174568798393, 0.0307037513703, 0.0616243928671, 0.0218675564975, 0.00807190407068, 0.0125750564039, 0.027523662895, 0.0809653326869, 0.151290744543, 0.0757154151797, 0.0181624870747, 0.00943169370294, 0.00861336570233, 0.0527000054717, 0.110391050577, 0.0367117412388, 0.0079514561221, 0.0126869063824, 0.00539652211592, 0.00408855360001, 0.00478973705322, 0.00910316966474, 0.0564515441656, 0.0684290602803, 0.0181333590299, 0.00676224939525, 0.00722596049309, 0.0118018239737, 0.0537228547037, 0.136975631118, 0.108182705939, 0.0730735436082, 0.0775292143226, 0.0604485422373, 0.04758875072], "mean": [0.0754619389772, 0.0495850481093, 0.118617914617, 0.184391275048, 0.0995091795921, 0.0219379086047, 0.0260654054582, 0.0563992410898, 0.193287283182, 0.299774080515, 0.182785138488, 0.0503049865365, 0.0248632989824, 0.0355889312923, 0.163508787751, 0.254140198231, 0.132570564747, 0.0396723002195, 0.0442016907036, 0.0285995360464, 0.0147454552352, 0.0157787315547, 0.0359095185995, 0.140462115407, 0.18481194973, 0.0838181003928, 0.0207310002297, 0.0206081941724, 0.0405144803226, 0.186513066292, 0.348932415247, 0.284849613905, 0.181812047958, 0.165895789862, 0.127330422401, 0.0973394736648]}, "tuning_equal_tempered_deviation": 0.0185770243406, "chords_changes_rate": 0.0335775353014, "key_key": "C", "tuning_diatonic_strength": 0.446474611759, "key_scale": "minor", "chords_number_rate": 0.0014245014172, "tuning_frequency": 440, "tuning_nontempered_energy_ratio": 0.641299247742, "chords_histogram": [1.34310138226, 0.712250709534, 73.6060256958, 12.4542121887, 1.078551054, 0.712250709534, 0, 1.28205132484, 0, 0.284900277853, 0.0203500203788, 0, 0, 1.38380134106, 0, 0, 0, 0, 0, 0, 0, 0, 6.85795688629, 0.26455026865], "key_strength": 0.718420505524, "chords_key": "G", "chords_strength": {"dmean2": 0.00750402826816, "median": 0.519027411938, "min": -1, "dvar2": 0.000803378759883, "dvar": 0.00042790317093, "dmean": 0.00874443445355, "max": 0.771561086178, "var": 0.0326036401093, "mean": 0.502042889595}, "chords_scale": "minor", "hpcp_entropy": {"dmean2": 0.800388753414, "median": 1.87998223305, "min": 0, "dvar2": 0.468125343323, "dvar": 0.1671833992, "dmean": 0.476276814938, "max": 4.35658550262, "var": 0.380139499903, "mean": 1.86847054958}}, "metadata": {"audio_properties": {"equal_loudness": 0, "codec": "flac", "downmix": "mix", "sample_rate": 44100, "analysis_sample_rate": 44100, "bit_rate": 0, "md5_encoded": "de87c97c6175495163195825f740d064", "length": 228.133331299, "replay_gain": -12.8038883209, "lossless": true}, "version": {"essentia_build_sha": "ca57ba49d9b1854bd80e60cf9ccf267278fb7d6b", "essentia": "2.1-beta1", "extractor": "music 1.0", "essentia_git_sha": "v2.1_beta1-28-g21ef5f4-dirty"}, "tags": {"title": ["In the Morning"], "albumartist": ["Riva Starr"], "file_name": "Disc 1 - 13 - In the Morning.flac", "tracktotal": ["14"], "album": ["Hand in Hand"], "discid": ["a20dd50e"], "musicbrainz_recordingid": ["0e78b699-14ec-4ffd-85e8-2a1905acb538"], "musicbrainz_discid": ["marTKhtms9LcVQFjFv7D9Dk_IX4-"], "musicbrainz_albumartistid": ["4a03a76f-de50-4079-874f-d012fe3cdd03"], "musicbrainz_albumid": ["465caccb-9f2b-4135-a4f1-692bd4d86a39"], "tracknumber": ["13"], "artistsort": ["Starr, Riva"], "artist": ["Riva Starr"], "albumartistsort": ["Starr, Riva"], "discnumber": ["1"], "musicbrainz_artistid": ["4a03a76f-de50-4079-874f-d012fe3cdd03"]}}, "rhythm": {"bpm_histogram_first_peak_bpm": {"dmean2": 0, "median": 120, "min": 120, "dvar2": 0, "dvar": 0, "dmean": 0, "max": 120, "var": 0, "mean": 120}, "bpm": 121.023925781, "bpm_histogram_second_peak_spread": {"dmean2": 0, "median": 0, "min": 0, "dvar2": 0, "dvar": 0, "dmean": 0, "max": 0, "var": 0, "mean": 0}, "bpm_histogram_first_peak_weight": {"dmean2": 0, "median": 0.554585158825, "min": 0.554585158825, "dvar2": 0, "dvar": 0, "dmean": 0, "max": 0.554585158825, "var": 0, "mean": 0.554585158825}, "onset_rate": 4.83458805084, "beats_position": [0.452789098024, 0.9287981987, 1.40480720997, 1.89242625237, 2.39165520668, 2.87927436829, 3.3785033226, 3.87773227692, 4.37696123123, 4.86458063126, 5.35219955444, 5.85142850876, 6.33904743195, 6.83827638626, 7.33750534058, 7.8251247406, 8.31274318695, 8.8119726181, 9.31120204926, 9.81043052673, 10.3096599579, 10.7972784042, 11.2965078354, 11.7957363129, 12.294965744, 12.7941951752, 13.2934236526, 13.7926530838, 14.2802715302, 14.7678909302, 15.2671203613, 15.7663488388, 16.2539672852, 16.7531967163, 17.2524261475, 17.7400455475, 18.2392749786, 18.7385025024, 19.2377319336, 19.7369613647, 20.2361907959, 20.7238082886, 21.2114276886, 21.7106571198, 22.2098865509, 22.7091159821, 23.2083435059, 23.6959629059, 24.195192337, 24.6944217682, 25.1936511993, 25.681268692, 26.1804981232, 26.6681175232, 27.1673469543, 27.6781845093, 28.1774139404, 28.6650333405, 29.1526527405, 29.6518821716, 30.1511096954, 30.6387290955, 31.1379585266, 31.6371879578, 32.1364173889, 32.6240348816, 33.1232643127, 33.6224937439, 34.121723175, 34.6209526062, 35.1085700989, 35.60779953, 36.1070289612, 36.5946464539, 37.0822677612, 37.5814971924, 38.0807266235, 38.57995224, 39.0791816711, 39.5668029785, 40.0776405334, 40.5652618408, 41.0528793335, 41.5521087646, 42.0513381958, 42.5389556885, 43.0381851196, 43.5374145508, 44.0250320435, 44.5242614746, 45.0234909058, 45.5227203369, 46.0219497681, 46.5095672607, 46.9971885681, 47.4964179993, 47.9956436157, 48.4948730469, 48.994102478, 49.4817237854, 49.9809532166, 50.480178833, 50.9678001404, 51.4786376953, 51.9662590027, 52.4538764954, 52.9531059265, 53.4523353577, 53.9515647888, 54.45079422, 54.9384117126, 55.4376411438, 55.936870575, 56.4244880676, 56.9237174988, 57.4229469299, 57.9221763611, 58.4214057922, 58.9090232849, 59.4082527161, 59.9074821472, 60.3950996399, 60.8827209473, 61.3935585022, 61.8811798096, 62.380405426, 62.8796348572, 63.3672561646, 63.8548736572, 64.3657150269, 64.8533325195, 65.3641738892, 65.8517913818, 66.351020813, 66.8502502441, 67.3378677368, 67.8254852295, 68.3247146606, 68.8239440918, 69.3231735229, 69.8224029541, 70.3100204468, 70.7976379395, 71.2968673706, 71.7960968018, 72.2953262329, 72.7945556641, 73.2937850952, 73.7930145264, 74.280632019, 74.7682495117, 75.2790908813, 75.766708374, 76.2543258667, 76.7535552979, 77.252784729, 77.7520141602, 78.2512435913, 78.738861084, 79.2380905151, 79.7373199463, 80.2249450684, 80.7241744995, 81.2233963013, 81.7110214233, 82.2218551636, 82.7094802856, 83.2203140259, 83.7079315186, 84.1955566406, 84.6947860718, 85.1940155029, 85.6816329956, 86.1924667358, 86.6800918579, 87.1677093506, 87.6669387817, 88.1661682129, 88.6537857056, 89.1646270752, 89.6522445679, 90.151473999, 90.6390914917, 91.1383209229, 91.637550354, 92.1367797852, 92.6243972778, 93.123626709, 93.6228561401, 94.1220855713, 94.609703064, 95.1089324951, 95.5965499878, 96.0957794189, 96.5950088501, 97.0942382812, 97.5934677124, 98.0810852051, 98.5687026978, 99.0795440674, 99.5671615601, 100.054779053, 100.565620422, 101.053237915, 101.552467346, 102.051696777, 102.53931427, 103.05015564, 103.537773132, 104.037002563, 104.536231995, 105.023849487, 105.511474609, 106.02230835, 106.509933472, 107.009155273, 107.508384705, 107.996009827, 108.483627319, 108.994468689, 109.482086182, 109.992919922, 110.480545044, 110.968162537, 111.467391968, 111.966621399, 112.454238892, 112.965080261, 113.452697754, 113.951927185, 114.451156616, 114.950386047, 115.449615479, 115.937232971, 116.424850464, 116.924079895, 117.423309326, 117.910926819, 118.398544312, 118.897773743, 119.397003174, 119.896232605, 120.395462036, 120.883079529, 121.38230896, 121.881538391, 122.369155884, 122.868385315, 123.367614746, 123.866844177, 124.366073608, 124.853691101, 125.341316223, 125.840545654, 126.328163147, 126.827392578, 127.326622009, 127.82585144, 128.325073242, 128.824310303, 129.323532104, 129.822769165, 130.310379028, 130.809616089, 131.308837891, 131.796463013, 132.295684814, 132.794921875, 133.282531738, 133.781768799, 134.269378662, 134.768615723, 135.267837524, 135.767074585, 136.266296387, 136.765533447, 137.253143311, 137.752380371, 138.239990234, 138.739227295, 139.238449097, 139.737686157, 140.236907959, 140.73614502, 141.223754883, 141.711380005, 142.210617065, 142.709838867, 143.209060669, 143.696685791, 144.195922852, 144.706756592, 145.194366455, 145.681991577, 146.169616699, 146.680450439, 147.168075562, 147.667297363, 148.166534424, 148.665756226, 149.164993286, 149.652603149, 150.140228271, 150.639450073, 151.138687134, 151.637908936, 152.137145996, 152.624755859, 153.12399292, 153.623214722, 154.110839844, 154.610061646, 155.109298706, 155.596908569, 156.09614563, 156.595367432, 157.082992554, 157.593826294, 158.081451416, 158.580673218, 159.079910278, 159.567520142, 160.055145264, 160.565979004, 161.053604126, 161.564437866, 162.052062988, 162.539672852, 163.038909912, 163.538131714, 164.025756836, 164.536590576, 165.024215698, 165.51184082, 165.999450684, 166.510284424, 167.009521484, 167.508743286, 167.996368408, 168.49559021, 168.994827271, 169.482452393, 169.981674194, 170.480911255, 170.968521118, 171.467758179, 171.96697998, 172.466217041, 172.965438843, 173.453063965, 173.940673828, 174.439910889, 174.93913269, 175.426757812, 175.937591553, 176.425216675, 176.912826538, 177.423675537, 177.9112854, 178.410522461, 178.909744263, 179.397369385, 179.896591187, 180.395828247, 180.88343811, 181.394287109, 181.881896973, 182.381134033, 182.880355835, 183.367980957, 183.867202759, 184.366439819, 184.854049683, 185.364898682, 185.852508545, 186.340133667, 186.827758789, 187.338592529, 187.826202393, 188.337051392, 188.824661255, 189.323898315, 189.823120117, 190.310745239, 190.798370361, 191.297592163, 191.796829224, 192.307662964, 192.795272827, 193.282897949, 193.770523071, 194.269744873, 194.768981934, 195.268203735, 195.767440796, 196.266662598, 196.765899658, 197.253509521, 197.741134644, 198.240356445, 198.739593506, 199.238815308, 199.738052368, 200.225662231, 200.724899292, 201.224121094, 201.711746216, 202.210968018, 202.710205078, 203.20942688, 203.70866394, 204.196273804, 204.695510864, 205.194732666, 205.682357788, 206.169967651, 206.657592773, 207.168426514, 207.667663574, 208.166885376, 208.654510498, 209.1537323, 209.65296936, 210.140579224, 210.639816284, 211.139038086, 211.638275146, 212.137496948, 212.62512207, 213.124343872, 213.623580933, 214.111190796, 214.598815918, 215.098052979, 215.59727478, 216.096496582, 216.595733643, 217.083358765, 217.582580566, 218.081817627, 218.581039429, 219.08026123, 219.567886353, 220.067123413, 220.566345215, 221.053970337, 221.5415802, 222.029205322, 222.516815186, 223.004440308, 223.503662109, 224.00289917, 224.502120972, 225.001358032, 225.500579834, 225.999816895, 226.499038696, 227.009887695, 227.520721436], "beats_loudness": {"dmean2": 0.0446010157466, "median": 0.138274118304, "min": 4.16890060251e-08, "dvar2": 0.00221171556041, "dvar": 0.00079479982378, "dmean": 0.0257481392473, "max": 0.279802680016, "var": 0.0050965747796, "mean": 0.110427327454}, "danceability": 1.24887299538, "bpm_histogram_second_peak_weight": {"dmean2": 0, "median": 0.00436681229621, "min": 0.00436681229621, "dvar2": 0, "dvar": 0, "dmean": 0, "max": 0.00436681229621, "var": 0, "mean": 0.00436681229621}, "beats_count": 459, "bpm_histogram_second_peak_bpm": {"dmean2": 0, "median": 126, "min": 126, "dvar2": 0, "dvar": 0, "dmean": 0, "max": 126, "var": 0, "mean": 126}, "bpm_histogram_first_peak_spread": {"dmean2": 0, "median": 0.442982494831, "min": 0.442982494831, "dvar2": 0, "dvar": 0, "dmean": 0, "max": 0.442982494831, "var": 0, "mean": 0.442982494831}, "beats_loudness_band_ratio": {"dmean2": [0.196871757507, 0.105190403759, 0.157862663269, 0.130277603865, 0.0396121256053, 0.00803858414292], "median": [0.803879380226, 0.0351236984134, 0.0707215815783, 0.0494736507535, 0.004150708206, 0.00157063791994], "min": [1.53858782141e-05, 5.46039791516e-06, 1.07417890831e-05, 1.14515569294e-05, 1.55759221343e-06, 2.55675377048e-06], "dvar2": [0.0498367361724, 0.0280470624566, 0.0423290543258, 0.0286137554795, 0.0128389289603, 0.000887638365384], "dvar": [0.01960378699, 0.0117915831506, 0.0160178802907, 0.0112131722271, 0.0049506938085, 0.000954006507527], "dmean": [0.114032790065, 0.0631970614195, 0.0912566781044, 0.0752123072743, 0.0217813905329, 0.00527941295877], "max": [0.982917308807, 0.951258778572, 0.944785952568, 0.843165159225, 0.789201617241, 0.996480405331], "var": [0.120172798634, 0.0212290529162, 0.0370556302369, 0.023939486593, 0.00377860921435, 0.0133734913543], "mean": [0.625474572182, 0.0938309505582, 0.156034857035, 0.116820804775, 0.0175388939679, 0.0173028688878]}}, "lowlevel": {"barkbands_spread": {"dmean2": 5.46737527847, "median": 10.8475666046, "min": 0.023154143244, "dvar2": 47.153465271, "dvar": 21.5693969727, "dmean": 3.6108083725, "max": 151.877883911, "var": 84.9024734497, "mean": 12.1667757034}, "melbands_spread": {"dmean2": 5.79492998123, "median": 11.7171859741, "min": 0.289091140032, "dvar2": 53.6939315796, "dvar": 23.1059703827, "dmean": 3.79671406746, "max": 194.181213379, "var": 239.860443115, "mean": 14.4680261612}, "hfc": {"dmean2": 9.7820854187, "median": 17.3238067627, "min": 0.000201165530598, "dvar2": 175.267578125, "dvar": 75.5689163208, "dmean": 6.33437776566, "max": 174.03364563, "var": 260.739501953, "mean": 21.0057888031}, "barkbands_kurtosis": {"dmean2": 60.6493911743, "median": 2.17228627205, "min": -1.98486185074, "dvar2": 392554.1875, "dvar": 123127.203125, "dmean": 34.6541748047, "max": 14492.5537109, "var": 1005463.5, "mean": 121.389350891}, "gfcc": {"mean": [-72.7828826904, 155.391494751, -100.838508606, -10.3993196487, -42.1096992493, 6.37841081619, -12.3270959854, 13.8876638412, -6.70336914062, 1.69193315506, 2.95389723778, 8.35173892975, -0.230982452631], "icov": [[0.00036168700899, -0.000496513268445, 0.000624656036962, -0.000619218742941, 0.00026535341749, -0.000670398061629, 0.000791710510384, -0.000967608182691, 0.00105203862768, -0.000971973582637, 0.000952076166868, -0.000922841078136, 0.000671359302942], [-0.000496513268445, 0.0011257926235, -0.000801044807304, 0.00106174487155, -0.000378591939807, 0.00098267942667, -0.00127467652783, 0.00116125075147, -0.00162068952341, 0.0016161709791, -0.00174699258059, 0.00159255706239, -0.0015514427796], [0.000624656036962, -0.000801044807304, 0.00175131100696, -0.00106090900954, 0.000544144946616, -0.00139561621472, 0.000841850182042, -0.00111896672752, 0.0011343708029, -0.0016861584736, 0.00241843331605, -0.00166727346368, 0.00105608580634], [-0.000619218742941, 0.00106174487155, -0.00106090900954, 0.00240750098601, -0.00123313360382, 0.000913247349672, -0.00140406598803, 0.000337692443281, -0.000566426955629, 0.000281790096778, -0.000786417687777, 0.00311605981551, -0.00234051700681], [0.00026535341749, -0.000378591939807, 0.000544144946616, -0.00123313360382, 0.0027679100167, -0.000846439041197, 0.000198832567548, -0.000349746551365, -0.000793582119513, 0.00118093844503, -0.000476723856991, -0.000673938367981, 0.00124030769803], [-0.000670398061629, 0.00098267942667, -0.00139561621472, 0.000913247349672, -0.000846439041197, 0.00467265537009, -0.00202641170472, 0.000787932949606, -0.00075013039168, 0.000494525069371, -0.00233243452385, 4.56790257886e-05, 9.38059965847e-05], [0.000791710510384, -0.00127467652783, 0.000841850182042, -0.00140406598803, 0.000198832567548, -0.00202641170472, 0.0071858423762, -0.0037444520276, 0.00133943581022, -0.00276403152384, -0.000377603602828, -0.000629562884569, 9.07090798137e-05], [-0.000967608182691, 0.00116125075147, -0.00111896672752, 0.000337692443281, -0.000349746551365, 0.000787932949606, -0.0037444520276, 0.0116967195645, -0.00696777086705, 0.00427608890459, -0.00148309010547, -0.00353211653419, 0.00197280570865], [0.00105203862768, -0.00162068952341, 0.0011343708029, -0.000566426955629, -0.000793582119513, -0.00075013039168, 0.00133943581022, -0.00696777086705, 0.0148959904909, -0.00684863654897, -0.000133021327201, 0.00272264541127, -0.00194607733283], [-0.000971973582637, 0.0016161709791, -0.0016861584736, 0.000281790096778, 0.00118093844503, 0.000494525069371, -0.00276403152384, 0.00427608890459, -0.00684863654897, 0.0154041592032, -0.00341784767807, -0.0012378700776, 0.00361998518929], [0.000952076166868, -0.00174699258059, 0.00241843331605, -0.000786417687777, -0.000476723856991, -0.00233243452385, -0.000377603602828, -0.00148309010547, -0.000133021327201, -0.00341784767807, 0.0151080843061, -0.00474792066962, 8.59619904077e-05], [-0.000922841078136, 0.00159255706239, -0.00166727346368, 0.00311605981551, -0.000673938367981, 4.56790257886e-05, -0.000629562884569, -0.00353211653419, 0.00272264541127, -0.0012378700776, -0.00474792066962, 0.0216806568205, -0.00966047216207], [0.000671359302942, -0.0015514427796, 0.00105608580634, -0.00234051700681, 0.00124030769803, 9.38059965847e-05, 9.07090798137e-05, 0.00197280570865, -0.00194607733283, 0.00361998518929, 8.59619904077e-05, -0.00966047216207, 0.0187056213617]], "cov": [[33370.125, -1766.07592773, -4013.65209961, 3724.5, -617.899902344, 1722.34216309, -1213.81591797, 1049.71984863, -1320.13928223, 706.140319824, -836.513671875, 518.299743652, -726.500549316], [-1766.07592773, 4487.45800781, -222.170455933, -1314.03161621, 229.734680176, -441.298675537, 432.728485107, -45.8660430908, 435.197296143, -283.616912842, 471.465606689, -28.527305603, 356.684875488], [-4013.65209961, -222.170455933, 1906.3371582, 32.2532615662, -7.67909908295, 103.202255249, 182.530731201, -49.8156776428, 112.352745056, 53.7544517517, -58.9330863953, -35.4873733521, 9.62344360352], [3724.5, -1314.03161621, 32.2532615662, 1694.26550293, 253.551025391, 353.517700195, -30.6415233612, 207.986495972, -149.009918213, 172.496292114, -187.975204468, -15.9860467911, -129.13772583], [-617.899902344, 229.734680176, -7.67909908295, 253.551025391, 635.145141602, 60.2108917236, 161.876647949, 76.0880813599, 127.747451782, -40.2782974243, 104.507484436, -25.8406429291, 29.4235553741], [1722.34216309, -441.298675537, 103.202255249, 353.517700195, 60.2108917236, 496.915161133, 50.2193107605, 128.239730835, -52.2002792358, 107.05406189, -22.0601100922, 60.3943061829, -75.1198501587], [-1213.81591797, 432.728485107, 182.530731201, -30.6415233612, 161.876647949, 50.2193107605, 355.055511475, 81.4173736572, 146.383880615, 5.46155071259, 127.213829041, -1.36832559109, 56.903175354], [1049.71984863, -45.8660430908, -49.8156776428, 207.986495972, 76.0880813599, 128.239730835, 81.4173736572, 217.374832153, 44.0097122192, 37.8552322388, 16.0910758972, 44.8667106628, -21.3014431], [-1320.13928223, 435.197296143, 112.352745056, -149.009918213, 127.747451782, -52.2002792358, 146.383880615, 44.0097122192, 215.677581787, -3.66141819954, 105.684410095, -21.6064338684, 56.4307937622], [706.140319824, -283.616912842, 53.7544517517, 172.496292114, -40.2782974243, 107.05406189, 5.46155071259, 37.8552322388, -3.66141819954, 139.088287354, -21.0230522156, 16.1162776947, -51.0816650391], [-836.513671875, 471.465606689, -58.9330863953, -187.975204468, 104.507484436, -22.0601100922, 127.213829041, 16.0910758972, 105.684410095, -21.0230522156, 177.796112061, 13.5135173798, 61.0261878967], [518.299743652, -28.527305603, -35.4873733521, -15.9860467911, -25.8406429291, 60.3943061829, -1.36832559109, 44.8667106628, -21.6064338684, 16.1162776947, 13.5135173798, 90.3311233521, 16.9427833557], [-726.500549316, 356.684875488, 9.62344360352, -129.13772583, 29.4235553741, -75.1198501587, 56.903175354, -21.3014431, 56.4307937622, -51.0816650391, 61.0261878967, 16.9427833557, 117.038841248]]}, "spectral_energyband_middle_low": {"dmean2": 0.00919084902853, "median": 0.0112751014531, "min": 8.21181339074e-13, "dvar2": 0.000182120507816, "dvar": 6.67705171509e-05, "dmean": 0.00549873476848, "max": 0.0958868563175, "var": 0.000136445640237, "mean": 0.0138764865696}, "melbands_crest": {"dmean2": 5.11939096451, "median": 18.6867523193, "min": 2.88585114479, "dvar2": 23.6224040985, "dvar": 10.9435491562, "dmean": 3.37964296341, "max": 34.2693214417, "var": 54.5957489014, "mean": 18.8407421112}, "spectral_kurtosis": {"dmean2": 35.7422943115, "median": 12.050122261, "min": -1.5456931591, "dvar2": 6850.08544922, "dvar": 2533.25512695, "dmean": 22.2338123322, "max": 1257.9744873, "var": 10021.3388672, "mean": 48.0730285645}, "spectral_rms": {"dmean2": 0.0014197928831, "median": 0.00714845024049, "min": 3.13507416649e-06, "dvar2": 3.24358416037e-06, "dvar": 1.50803293764e-06, "dmean": 0.000994881149381, "max": 0.0174449775368, "var": 1.18196467156e-05, "mean": 0.00714085297659}, "zerocrossingrate": {"dmean2": 0.00841743405908, "median": 0.0263671875, "min": 0.001953125, "dvar2": 0.000161904361448, "dvar": 0.000150834908709, "dmean": 0.00684334244579, "max": 0.9140625, "var": 0.0131992083043, "mean": 0.0444760806859}, "silence_rate_60dB": {"dmean2": 0.0101791527122, "median": 0, "min": 0, "dvar2": 0.011503581889, "dvar": 0.00506391888484, "dmean": 0.00508905854076, "max": 1, "var": 0.0666093081236, "mean": 0.0717484205961}, "erbbands_kurtosis": {"dmean2": 2.48938846588, "median": 1.03193998337, "min": -1.6845304966, "dvar2": 50.6725311279, "dvar": 18.1514034271, "dmean": 1.54879367352, "max": 271.969482422, "var": 21.5019664764, "mean": 2.05462479591}, "erbbands": {"dmean2": [0.741643130779, 4.83785486221, 6.80030345917, 5.82305049896, 9.17284107208, 9.85333156586, 13.4737253189, 21.8823204041, 41.8809700012, 26.4392032623, 58.6625404358, 26.6350765228, 47.3574028015, 54.6081733704, 17.1483612061, 84.0038528442, 21.061170578, 13.0953483582, 12.0334892273, 13.013926506, 17.5842876434, 16.2865810394, 11.3229589462, 7.32394695282, 5.55197429657, 3.50907301903, 2.65776324272, 2.59533762932, 1.97661399841, 1.80158638954, 1.34886026382, 1.14122402668, 1.01720631123, 0.567525744438, 0.461204141378, 0.2498447299, 0.124331407249, 0.0347421392798, 0.002867014613, 8.71584561537e-05], "median": [0.707492113113, 3.24160146713, 1.79496872425, 0.96021270752, 1.51682317257, 3.79012823105, 7.04021453857, 16.858505249, 26.0312728882, 19.2843360901, 30.9909667969, 25.6295948029, 24.2796554565, 56.7603530884, 21.202747345, 41.9443511963, 11.9141292572, 5.5175447464, 3.80984997749, 3.26771569252, 4.88679742813, 5.00167751312, 2.80019664764, 1.39753592014, 1.05166089535, 0.459096431732, 0.277449727058, 0.186545014381, 0.106440357864, 0.0768767595291, 0.0487210378051, 0.0407283194363, 0.0254557374865, 0.0138297434896, 0.00624708086252, 0.00250285328366, 0.000850286218338, 0.000205707008718, 6.47496199235e-05, 7.18146329746e-05], "min": [5.14911464161e-13, 1.51898545825e-12, 1.39195929089e-11, 5.74345952742e-11, 1.10546745369e-10, 1.60838356522e-10, 3.0081412361e-10, 5.37058786332e-10, 8.33532409761e-10, 8.24164125834e-10, 8.18595247143e-10, 1.13840037397e-09, 1.45044432021e-09, 1.39561207035e-09, 1.10642672801e-09, 1.81891368634e-09, 1.86877313624e-09, 8.48884462723e-10, 9.63692237121e-10, 2.66116972902e-09, 1.53174317674e-09, 2.11282302764e-09, 1.52601742354e-09, 1.69555058882e-09, 3.01273206382e-09, 2.87841994684e-09, 2.51769738391e-09, 3.24269566754e-09, 2.47116038743e-09, 2.43574471703e-09, 3.78053899297e-09, 1.01935029306e-08, 1.08508970698e-08, 1.10772075956e-08, 5.71558267382e-09, 4.79962647404e-09, 8.70506333683e-09, 5.73313236885e-08, 3.74901333089e-07, 1.58919263527e-07], "dvar2": [1.48007488251, 112.897712708, 339.676574707, 281.342895508, 400.296417236, 341.639343262, 617.071166992, 1569.42028809, 3161.34375, 1576.94030762, 10091.7841797, 1934.58850098, 11312.3359375, 9757.6640625, 871.184143066, 46805.7734375, 2668.71533203, 614.829711914, 573.106750488, 881.165100098, 2784.52905273, 2198.12060547, 523.691833496, 188.760284424, 109.425704956, 38.0631790161, 27.0044784546, 25.7248210907, 17.8543567657, 19.664937973, 9.69757938385, 6.78750228882, 10.773308754, 1.55943894386, 1.30635464191, 0.380171179771, 0.108803801239, 0.00992101617157, 6.39893842163e-05, 2.7611921638e-08], "dvar": [0.775602400303, 43.0490760803, 124.775596619, 98.460105896, 154.549865723, 129.22303772, 221.346328735, 577.71270752, 1055.3984375, 627.013671875, 4654.70898438, 754.541503906, 4702.49658203, 3955.00415039, 373.463775635, 19109.765625, 1694.09399414, 294.090209961, 259.468322754, 366.680450439, 1347.60021973, 1025.88757324, 231.251190186, 86.1680297852, 45.2853393555, 17.7995433807, 11.2854385376, 10.4691362381, 7.30918741226, 7.48154115677, 3.78147554398, 2.68826127052, 3.83401846886, 0.644074261189, 0.533731818199, 0.149567306042, 0.043452385813, 0.00401891767979, 2.58266627498e-05, 1.14139080409e-08], "dmean": [0.534636795521, 3.14881801605, 4.19569730759, 3.2938914299, 5.4433965683, 5.83319330215, 7.78698158264, 12.9958324432, 23.5885906219, 16.5124568939, 37.9081001282, 16.5165138245, 30.1661510468, 36.1868629456, 11.1159601212, 53.2004051208, 14.3078565598, 8.38677024841, 7.39745569229, 7.98417615891, 11.484951973, 10.7974414825, 7.00568151474, 4.70837068558, 3.56203055382, 2.37442541122, 1.70162427425, 1.6331653595, 1.25749778748, 1.10359108448, 0.823536098003, 0.70086067915, 0.602335691452, 0.347585201263, 0.276849806309, 0.147152215242, 0.0730101242661, 0.0205296650529, 0.00170115719084, 5.51696575712e-05], "max": [9.16240310669, 67.3616943359, 119.422409058, 98.4531326294, 138.978591919, 125.782836914, 298.46282959, 665.708251953, 810.192260742, 384.959716797, 1281.15576172, 810.122314453, 2243.21582031, 1288.43041992, 505.576080322, 4414.75244141, 1952.875, 577.487731934, 508.15927124, 673.571655273, 1778.22692871, 1367.69750977, 614.81854248, 181.019363403, 74.0971221924, 84.330619812, 45.3480949402, 47.436466217, 37.6716804504, 42.5654525757, 24.9804496765, 26.87225914, 38.9894447327, 7.04133987427, 6.25574064255, 2.70670390129, 1.584856987, 0.52831274271, 0.0419905856252, 0.00092182593653], "var": [3.18783593178, 82.5226593018, 126.753677368, 71.1322479248, 147.364562988, 144.146865845, 247.656600952, 832.258117676, 1865.15771484, 1334.95776367, 14032.3242188, 2130.72509766, 14409.6708984, 12580.765625, 1507.45568848, 55839.0234375, 17841.1386719, 1694.94897461, 531.835632324, 534.076049805, 2253.17358398, 3156.30444336, 714.731689453, 182.767868042, 80.9936447144, 46.3153800964, 19.8758392334, 15.7293815613, 8.9497089386, 6.70378637314, 3.35743188858, 2.40680909157, 2.50686645508, 0.593224823475, 0.450052112341, 0.116121090949, 0.0340455360711, 0.00320854689926, 2.06592358154e-05, 1.38657689774e-08], "mean": [1.50001978874, 6.52732276917, 5.52496099472, 3.44396519661, 5.73192214966, 8.10593223572, 11.2332181931, 25.39103508, 38.4849624634, 31.6476726532, 74.5146560669, 38.4821052551, 60.0684547424, 92.0091705322, 32.9373168945, 132.704360962, 46.3544960022, 19.2385063171, 11.7109498978, 10.7979259491, 16.7304439545, 19.1487293243, 11.9458847046, 7.2620472908, 5.53247594833, 3.94569611549, 2.59791374207, 2.17887759209, 1.48269402981, 1.15070009232, 0.780800402164, 0.651623129845, 0.505651891232, 0.308528095484, 0.220879018307, 0.110192082822, 0.0532891079783, 0.0151355974376, 0.0013003066415, 0.000103567894257]}, "spectral_strongpeak": {"dmean2": 0.677471160889, "median": 0.572136461735, "min": 0, "dvar2": 1.87913489342, "dvar": 0.746847569942, "dmean": 0.396262586117, "max": 16.521572113, "var": 1.89396989346, "mean": 0.981974422932}, "spectral_energy": {"dmean2": 0.0256132446229, "median": 0.0523778498173, "min": 1.00744070863e-08, "dvar2": 0.00166975497268, "dvar": 0.000739788694773, "dmean": 0.0177019257098, "max": 0.311935454607, "var": 0.00280895456672, "mean": 0.0643816888332}, "average_loudness": 0.874819338322, "spectral_rolloff": {"dmean2": 296.672576904, "median": 689.0625, "min": 64.599609375, "dvar2": 456524.65625, "dvar": 227874.5, "dmean": 179.244293213, "max": 21877.734375, "var": 8556296, "mean": 1104.04443359}, "spectral_centroid": {"dmean2": 242.306900024, "median": 799.905273438, "min": 104.729263306, "dvar2": 108332.382812, "dvar": 49603.7539062, "dmean": 161.484466553, "max": 10768.5292969, "var": 760197.0625, "mean": 954.457458496}, "pitch_salience": {"dmean2": 0.125080689788, "median": 0.43257406354, "min": 0.0573614500463, "dvar2": 0.0185795035213, "dvar": 0.00760837784037, "dmean": 0.0783651694655, "max": 0.861082077026, "var": 0.0249681342393, "mean": 0.432035684586}, "spectral_energyband_middle_high": {"dmean2": 0.00368115538731, "median": 0.00570081919432, "min": 4.48759844389e-13, "dvar2": 3.64786355931e-05, "dvar": 1.53911059897e-05, "dmean": 0.00244035152718, "max": 0.109468266368, "var": 7.15830174158e-05, "mean": 0.0081715779379}, "spectral_contrast_coeffs": {"dmean2": [0.0756808593869, 0.079623028636, 0.0648597329855, 0.0536426007748, 0.042345225811, 0.0408118106425], "median": [-0.704543709755, -0.730095982552, -0.693767905235, -0.789907574654, -0.809054136276, -0.796374320984], "min": [-0.965201199055, -0.964203298092, -0.967100441456, -0.961291909218, -0.952606678009, -0.960613846779], "dvar2": [0.00393937854096, 0.00412020413205, 0.00309257116169, 0.00224632374011, 0.00157065922394, 0.00142554542981], "dvar": [0.0015046573244, 0.00148866639938, 0.00126975798048, 0.000998567091301, 0.000739583338145, 0.000615976809058], "dmean": [0.0468407049775, 0.0476004257798, 0.0403097495437, 0.0341465845704, 0.027294928208, 0.0265117585659], "max": [-0.280509293079, -0.403369039297, -0.374062895775, -0.352845907211, -0.505941927433, -0.634323835373], "var": [0.00798221863806, 0.00543256057426, 0.00564127787948, 0.00491319969296, 0.00412427866831, 0.00296189705841], "mean": [-0.691271424294, -0.725033581257, -0.701129317284, -0.782631516457, -0.799062669277, -0.803109228611]}, "melbands_skewness": {"dmean2": 1.08745956421, "median": 2.05842685699, "min": -2.75720787048, "dvar2": 1.44279956818, "dvar": 0.631011843681, "dmean": 0.730057001114, "max": 17.194776535, "var": 4.3466463089, "mean": 2.38060879707}, "spectral_spread": {"dmean2": 1240299.375, "median": 2567639.5, "min": 96785.921875, "dvar2": 2212247371780.0, "dvar": 1130421682180.0, "dmean": 890442.875, "max": 56660116, "var": 41334303883300.0, "mean": 3631962.25}, "dissonance": {"dmean2": 0.0644935443997, "median": 0.447547316551, "min": 0.0370260924101, "dvar2": 0.00424075033516, "dvar": 0.00155705551151, "dmean": 0.0382757261395, "max": 0.5, "var": 0.00411976128817, "mean": 0.428239315748}, "spectral_skewness": {"dmean2": 1.64551341534, "median": 2.5431189537, "min": -0.00378751265816, "dvar2": 4.60388422012, "dvar": 1.95354092121, "dmean": 1.05806064606, "max": 27.5311412811, "var": 14.1891746521, "mean": 3.95592999458}, "spectral_flux": {"dmean2": 0.0565016418695, "median": 0.0819000452757, "min": 0.000112712594273, "dvar2": 0.00479999836534, "dvar": 0.00255660666153, "dmean": 0.0353649631143, "max": 0.476683735847, "var": 0.00486817397177, "mean": 0.0943168029189}, "spectral_contrast_valleys": {"dmean2": [0.634082794189, 0.583111464977, 0.584660768509, 0.728907704353, 0.778862774372, 0.974897444248], "median": [-6.6572303772, -6.03996181488, -6.96079349518, -7.94654273987, -8.35897636414, -11.3924179077], "min": [-27.2817192078, -27.1773433685, -27.2645988464, -27.0341472626, -27.3351631165, -27.2625293732], "dvar2": [0.305139899254, 0.249611571431, 0.324406057596, 0.561740517616, 0.815481841564, 0.958900988102], "dvar": [0.127505972981, 0.103907465935, 0.142156675458, 0.273696064949, 0.424351602793, 0.480108290911], "dmean": [0.401781469584, 0.358210980892, 0.366029381752, 0.485071063042, 0.562703728676, 0.723119258881], "max": [-4.6175661087, -4.51079559326, -5.08613634109, -5.68469285965, -5.6355881691, -8.07508277893], "var": [3.85212540627, 2.92508101463, 3.26394152641, 4.02875947952, 5.01573753357, 4.32699155807], "mean": [-7.27764892578, -6.45608854294, -7.40798950195, -8.47576522827, -8.88423061371, -11.6929121017]}, "erbbands_flatness_db": {"dmean2": 0.0499183274806, "median": 0.228973343968, "min": 0.0459484644234, "dvar2": 0.00266592437401, "dvar": 0.00141868495848, "dmean": 0.0372471511364, "max": 0.642671704292, "var": 0.0135853923857, "mean": 0.246722966433}, "spectral_energyband_high": {"dmean2": 0.000372315873392, "median": 2.45042647293e-05, "min": 4.42803083089e-09, "dvar2": 5.74681166654e-07, "dvar": 2.3939568905e-07, "dmean": 0.000234058243223, "max": 0.00556285632774, "var": 2.75629417956e-07, "mean": 0.00026336387964}, "spectral_entropy": {"dmean2": 0.43346363306, "median": 6.93420314789, "min": 3.46365785599, "dvar2": 0.257211267948, "dvar": 0.128190651536, "dmean": 0.304351776838, "max": 9.80772972107, "var": 0.905565738678, "mean": 6.82302379608}, "silence_rate_20dB": {"dmean2": 0, "median": 1, "min": 1, "dvar2": 0, "dvar": 0, "dmean": 0, "max": 1, "var": 0, "mean": 1}, "melbands_flatness_db": {"dmean2": 0.0678140446544, "median": 0.332117259502, "min": 0.0221234466881, "dvar2": 0.00487984390929, "dvar": 0.00250858883373, "dmean": 0.0486801788211, "max": 0.858532726765, "var": 0.0171297676861, "mean": 0.348682641983}, "barkbands": {"dmean2": [0.00125948758796, 0.0204480402172, 0.00486268149689, 0.00190773827489, 0.00314582674764, 0.00230559823103, 0.00263254507445, 0.00229856721126, 0.00100870954338, 0.001670485246, 0.000901988649275, 0.00171362631954, 0.000426857644925, 0.000226054748055, 0.000238987471676, 0.00028434759588, 0.000357048498699, 0.000197776578716, 0.000127250954392, 7.87188764662e-05, 6.59622455714e-05, 6.00801722612e-05, 4.87173128931e-05, 5.7299479522e-05, 5.61764172744e-05, 6.73784379615e-05, 1.67594753293e-05], "median": [0.00104579818435, 0.0193188488483, 0.000733254535589, 0.000216570828343, 0.00129804655444, 0.00171525008045, 0.00168114062399, 0.001208815258, 0.00087518885266, 0.0008004817646, 0.00107972277328, 0.000829834374599, 0.000135797105031, 5.20929752383e-05, 6.93012261763e-05, 4.78690053569e-05, 0.000106991923531, 4.23494930146e-05, 2.35071202042e-05, 8.80199149833e-06, 5.81142512601e-06, 2.91837341138e-06, 1.77178503691e-06, 1.80436131814e-06, 1.06304582914e-06, 5.06277899603e-07, 1.52704387801e-07], "min": [6.4285671411e-16, 8.7709177486e-15, 6.70332895908e-15, 1.42766928921e-14, 6.27851584742e-14, 5.39058543896e-14, 3.81207347318e-14, 2.99109356532e-14, 5.39159984562e-14, 1.90047545707e-14, 1.48756637704e-14, 3.06411187113e-14, 3.77229545073e-14, 8.44355645515e-15, 3.25289281459e-14, 4.06787064699e-14, 3.63348369133e-14, 2.14614787666e-14, 5.51636813756e-14, 5.22678688525e-14, 6.7591765518e-14, 6.57003273942e-14, 1.25698794906e-13, 6.14301469935e-13, 9.06785388964e-13, 4.4754282745e-12, 6.8107355311e-09], "dvar2": [4.05614355259e-06, 0.00154868327081, 0.000186656237929, 2.89942217933e-05, 3.41575432685e-05, 1.59259798238e-05, 1.13147634693e-05, 1.42702929224e-05, 2.78213838101e-06, 1.35431218951e-05, 1.55286488734e-06, 1.88611029444e-05, 1.33400726554e-06, 2.39919501155e-07, 1.94409352616e-07, 6.46014996164e-07, 1.73714636276e-06, 1.67250263416e-07, 5.2728989175e-08, 1.8907748256e-08, 1.60316204756e-08, 1.81408559286e-08, 1.1943635414e-08, 2.62443133892e-08, 1.68663873978e-08, 3.02855376333e-08, 2.15147255567e-09], "dvar": [1.47927244143e-06, 0.000663345097564, 6.83292455506e-05, 1.00435954664e-05, 1.33425592139e-05, 6.01008514423e-06, 4.19578827859e-06, 6.50075389785e-06, 1.04892433228e-06, 5.60714624953e-06, 7.62430545365e-07, 7.67101846577e-06, 8.71189399732e-07, 9.87009940445e-08, 8.27810566761e-08, 2.95535102168e-07, 8.45222757562e-07, 6.55945271433e-08, 2.27810996734e-08, 8.74573569121e-09, 6.53071685619e-09, 7.25078752595e-09, 4.65638905212e-09, 9.62175317198e-09, 7.01506674972e-09, 1.20571410633e-08, 8.82468154106e-10], "dmean": [0.000771824852563, 0.014122963883, 0.00298385438509, 0.00104362680577, 0.00189886020962, 0.00136363308411, 0.00156217277981, 0.00147071329411, 0.000607928493991, 0.00104884617031, 0.000624264532235, 0.00107990577817, 0.000293842778774, 0.000141018710565, 0.000147089056554, 0.00018264510436, 0.00024243851658, 0.000121049335576, 8.03379152785e-05, 5.24951537955e-05, 4.10689463024e-05, 3.75658928533e-05, 2.96130474453e-05, 3.46354718204e-05, 3.41513405147e-05, 3.95523020416e-05, 1.00029656096e-05], "max": [0.0180575028062, 0.286700665951, 0.0927762761712, 0.0286821126938, 0.0412683002651, 0