{"tonal": {"thpcp": [1, 0.431412726641, 0.0197400823236, 0.0185411386192, 0.0531467869878, 0.481971681118, 0.72117203474, 0.293753266335, 0.0157624036074, 0.00844903290272, 0.0130658131093, 0.212727457285, 0.379471600056, 0.243521302938, 0.682390213013, 0.969785571098, 0.365772873163, 0.0182828567922, 0.0186576023698, 0.0694138854742, 0.398830115795, 0.618551194668, 0.367617994547, 0.118741281331, 0.0384107902646, 0.0634546205401, 0.383176773787, 0.583938419819, 0.32529476285, 0.336760401726, 0.524798333645, 0.285089820623, 0.0438234433532, 0.039170127362, 0.0826021432877, 0.6401694417], "hpcp": {"dmean2": [0.0792998746037, 0.117861114442, 0.117637343705, 0.0589305572212, 0.0861479192972, 0.0304313581437, 0.0161134265363, 0.0497838966548, 0.10591493547, 0.0967428609729, 0.0770953148603, 0.0148049267009, 0.0146663114429, 0.0377061665058, 0.0783512890339, 0.0669071376324, 0.0630663484335, 0.0150314718485, 0.00728283682838, 0.00908121746033, 0.0360679067671, 0.0528472587466, 0.0676456913352, 0.111722879112, 0.0795676782727, 0.0799539685249, 0.0172867774963, 0.0197866410017, 0.0621578171849, 0.12759847939, 0.116319984198, 0.110190942883, 0.076304808259, 0.0347648561001, 0.0505956485868, 0.106687992811], "median": [0.0165027007461, 0.0129560073838, 0.00357017666101, 0.00180138624273, 0.00125476671383, 0.00106279796455, 0.000558351574, 0.0031836880371, 0.0640863627195, 0.109114289284, 0.0475724302232, 0.00100510334596, 0.000561856664717, 0.00251147220843, 0.019397072494, 0.0245955809951, 0.00951550342143, 0.00051261857152, 0.000213458028156, 0.00028812509845, 0.00472354888916, 0.00753900315613, 0.017199523747, 0.0368725284934, 0.050026871264, 0.0217386111617, 0.000364864390576, 0.000221243259148, 0.00113610900007, 0.0100923012942, 0.0148745067418, 0.00871130358428, 0.000735276262276, 0.000367612170521, 0.00103597913403, 0.0107219982892], "min": [1.55759300924e-06, 3.90734612665e-07, 5.87887029724e-07, 4.17898291971e-07, 0, 0, 0, 0, 0, 0, 0, 0, 0, 0, 0, 0, 0, 0, 0, 0, 0, 4.8304940492e-07, 2.73621890301e-06, 1.744185397e-06, 8.62175397742e-07, 0, 0, 0, 0, 0, 0, 0, 0, 0, 0, 2.41810585067e-06], "dvar2": [0.0339235402644, 0.0568995401263, 0.0601730793715, 0.0249284226447, 0.0407256782055, 0.00878547132015, 0.00543380528688, 0.0177243035287, 0.0419342145324, 0.0372507348657, 0.0198118872941, 0.00602061115205, 0.00608214968815, 0.0122539065778, 0.0262907315046, 0.0274204220623, 0.0163680072874, 0.00472380127758, 0.00131552387029, 0.000905947759748, 0.0103829009458, 0.0252554789186, 0.0171091873199, 0.0426691882312, 0.0327174589038, 0.0269316472113, 0.00903650093824, 0.00956721510738, 0.0425597801805, 0.0795186758041, 0.08543484658, 0.0682121962309, 0.0684200972319, 0.0263102483004, 0.0211068931967, 0.0559516325593], "dvar": [0.0181535910815, 0.0192462392151, 0.0199546534568, 0.0113603072241, 0.0140850618482, 0.00307212467305, 0.00223620678298, 0.00575352320448, 0.0160001665354, 0.0184362865984, 0.00739677762613, 0.00208052364178, 0.00221445108764, 0.00441268179566, 0.0109038921073, 0.0142314899713, 0.00656681135297, 0.00155633583199, 0.00043595652096, 0.000323184736772, 0.00525053776801, 0.0141270700842, 0.00709094107151, 0.0151875242591, 0.0168651025742, 0.00907872989774, 0.00274333800189, 0.0028290473856, 0.0116338068619, 0.024517826736, 0.0290724188089, 0.0217907354236, 0.0219723787159, 0.00853114295751, 0.00719714397565, 0.0201712958515], "dmean": [0.0500778704882, 0.0665892660618, 0.0657419785857, 0.036718301475, 0.0500996634364, 0.0165893156081, 0.00902308151126, 0.0273454990238, 0.0643210113049, 0.0635591447353, 0.0469509027898, 0.0079059265554, 0.0077669234015, 0.0204722266644, 0.0472866557539, 0.0419864393771, 0.0375106036663, 0.00791556760669, 0.00389814190567, 0.00502790883183, 0.0229107681662, 0.0329041294754, 0.0392559543252, 0.0660911723971, 0.0518331378698, 0.0472720824182, 0.00910125952214, 0.0101178912446, 0.0321912765503, 0.07079218328, 0.067509368062, 0.0607526861131, 0.0420693866909, 0.0184566825628, 0.0272627659142, 0.0616478212178], "max": [1, 1, 1, 1, 1, 0.90328848362, 1, 0.969530701637, 1, 1, 0.980259180069, 1, 1, 0.923260986805, 1, 1, 1, 0.998125612736, 0.467323988676, 0.338451057673, 1, 1, 1, 1, 1, 1, 1, 0.869346141815, 1, 1, 1, 1, 1, 1, 1, 1], "var": [0.105305254459, 0.0373790040612, 0.0445812083781, 0.109262473881, 0.0359095782042, 0.00284908385947, 0.00602502608672, 0.00558264646679, 0.0661920979619, 0.143743857741, 0.0311091728508, 0.00120684609283, 0.00144799472764, 0.00315292133018, 0.059901278466, 0.133053168654, 0.0235301759094, 0.000873474229593, 0.000268769945251, 0.000282081193291, 0.0256741121411, 0.0789187550545, 0.0207232385874, 0.0848217979074, 0.159691184759, 0.0251146685332, 0.00152432825416, 0.00149643723853, 0.00684597482905, 0.0605795271695, 0.11324608326, 0.0567850768566, 0.0218757819384, 0.00503104319796, 0.00556480325758, 0.0504050813615], "mean": [0.186540618539, 0.103916242719, 0.107578970492, 0.167648166418, 0.0910726711154, 0.0139995114878, 0.0125129967928, 0.0263874661177, 0.204503759742, 0.319452553988, 0.137815892696, 0.00630601961166, 0.00592301413417, 0.0169778764248, 0.1539670825, 0.230380252004, 0.093840226531, 0.00503534032032, 0.002699065255, 0.00417390745133, 0.067956328392, 0.121223174036, 0.0777935013175, 0.217991292477, 0.309800475836, 0.116847082973, 0.00584050547332, 0.00596021860838, 0.0221744440496, 0.127407297492, 0.197597756982, 0.117436505854, 0.0379322059453, 0.0122704254463, 0.0202707406133, 0.122406803071]}, "tuning_equal_tempered_deviation": 0.00442157220095, "chords_changes_rate": 0.0325706601143, "key_key": "F", "tuning_diatonic_strength": 0.616532504559, "key_scale": "major", "chords_number_rate": 0.00296096899547, "tuning_frequency": 440.508575439, "tuning_nontempered_energy_ratio": 0.604098021984, "chords_histogram": [41.3458938599, 12.5706596375, 8.45222091675, 2.63795423508, 7.59084796906, 0, 0.48452219367, 0, 1.72274565697, 0, 0, 0, 0, 0, 0, 0, 0, 2.23418569565, 0, 1.26514136791, 0, 6.37954235077, 6.11036348343, 9.20592212677], "key_strength": 0.860514700413, "chords_key": "F", "chords_strength": {"dmean2": 0.00364398397505, "median": 0.494615107775, "min": 0.222993582487, "dvar2": 1.94051808649e-05, "dvar": 2.65184553427e-05, "dmean": 0.00567298103124, "max": 0.71560895443, "var": 0.00830013863742, "mean": 0.489017009735}, "chords_scale": "major", "hpcp_entropy": {"dmean2": 0.506898224354, "median": 1.34190249443, "min": 0.0355631522834, "dvar2": 0.33970874548, "dvar": 0.132521644235, "dmean": 0.298296362162, "max": 4.28687095642, "var": 0.405132383108, "mean": 1.3799444437}}, "metadata": {"audio_properties": {"equal_loudness": 0, "codec": "flac", "downmix": "mix", "sample_rate": 48000, "analysis_sample_rate": 44100, "bit_rate": 0, "md5_encoded": "962d16ea95d1fcd2124d222d9cf702c4", "length": 172.447143555, "replay_gain": -10.2986316681, "lossless": true}, "version": {"essentia_build_sha": "70f2e5ece6736b2c40cc944ad0e695b16b925413", "essentia": "2.1-beta2", "extractor": "music 1.0", "essentia_git_sha": "v2.1_beta2"}, "tags": {"title": ["Leave"], "media": ["Digital Media"], "albumartist": ["Endless Melancholy"], "tracktotal": ["5"], "musicbrainz_releasegroupid": ["a0457fcc-a01c-4738-8736-73bcd540bf36"], "releasetype": ["ep"], "musicbrainz_recordingid": ["0e786a7c-f57d-49f5-bb5a-59b4ff251ad7"], "musicbrainz_albumartistid": ["b66983dd-f5de-4eef-8a4d-9c05f26a5353"], "discnumber": ["1"], "album": ["Five Songs"], "releasecountry": ["XW"], "date": ["2013-01-21"], "file_name": "03. Leave.flac", "disctotal": ["1"], "script": ["Latn"], "originaldate": ["2013-01-21"], "musicbrainz_albumid": ["bf897856-d599-48f2-a95f-24f955541d6b"], "artist": ["Endless Melancholy"], "artistsort": ["Endless Melancholy"], "tracknumber": ["3"], "albumartistsort": ["Endless Melancholy"], "acoustid_id": ["3d44bf31-0330-40ee-abeb-67afeeac0210"], "musicbrainz_artistid": ["b66983dd-f5de-4eef-8a4d-9c05f26a5353"], "releasestatus": ["official"]}}, "rhythm": {"bpm_histogram_first_peak_bpm": {"dmean2": 0, "median": 99, "min": 99, "dvar2": 0, "dvar": 0, "dmean": 0, "max": 99, "var": 0, "mean": 99}, "bpm": 99.988571167, "bpm_histogram_second_peak_spread": {"dmean2": 0, "median": 0.5, "min": 0.5, "dvar2": 0, "dvar": 0, "dmean": 0, "max": 0.5, "var": 0, "mean": 0.5}, "bpm_histogram_first_peak_weight": {"dmean2": 0, "median": 0.58571434021, "min": 0.58571434021, "dvar2": 0, "dvar": 0, "dmean": 0, "max": 0.58571434021, "var": 0, "mean": 0.58571434021}, "onset_rate": 1.63510286808, "beats_position": [0.545668900013, 1.10294783115, 1.66022670269, 2.20589566231, 2.76317453384, 3.36689329147, 3.97061228752, 4.57433080673, 5.18965959549, 5.80498838425, 6.5015873909, 7.19818592072, 7.89478445053, 8.59138298035, 9.287981987, 9.99619007111, 10.6347389221, 11.2848978043, 11.900226593, 12.5039453506, 13.1076641083, 13.7113828659, 14.3151016235, 14.90721035, 15.5109291077, 16.114648819, 16.7183666229, 17.3220863342, 17.9258041382, 18.5179138184, 19.1100215912, 19.7137413025, 20.3174591064, 20.9211788177, 21.5132884979, 22.1053962708, 22.7091159821, 23.312833786, 23.9165534973, 24.5086612701, 25.1007709503, 25.7044887543, 26.3082084656, 26.9119262695, 27.5156459808, 28.1193637848, 28.7230834961, 29.3151912689, 29.9073009491, 30.5110206604, 31.1147384644, 31.7068481445, 32.2989578247, 32.9026756287, 33.5063934326, 34.0985031128, 34.7022209167, 35.2943305969, 35.8980484009, 36.5017662048, 37.1054878235, 37.7092056274, 38.3013153076, 38.9050331116, 39.4971427917, 40.1008605957, 40.7045783997, 41.3083000183, 41.9120178223, 42.5157356262, 43.1194534302, 43.7115631104, 44.3036727905, 44.9073905945, 45.5111083984, 46.1148300171, 46.7069396973, 47.2990455627, 47.9027671814, 48.5064849854, 49.1102027893, 49.7139205933, 50.3060302734, 50.9097480774, 51.5018577576, 52.1055755615, 52.7092971802, 53.3130149841, 53.9051246643, 54.5088424683, 55.1009521484, 55.7046699524, 56.3083877563, 56.912109375, 57.515827179, 58.1079368591, 58.7000427246, 59.3037643433, 59.9074821472, 60.5111999512, 61.1033096313, 61.6954193115, 62.2991371155, 62.9028549194, 63.5065765381, 64.1102905273, 64.714012146, 65.3061218262, 65.8982315063, 66.5019454956, 67.1056671143, 67.7093887329, 68.3131027222, 68.9168243408, 69.5205459595, 70.1242599487, 70.7163696289, 71.3084793091, 71.9122009277, 72.515914917, 73.1080245972, 73.7001342773, 74.303855896, 74.9075698853, 75.5112915039, 76.1150131226, 76.7187271118, 77.310836792, 77.9145584106, 78.5066680908, 79.1103820801, 79.7024917603, 80.3062133789, 80.8983230591, 81.5020370483, 82.105758667, 82.7094802856, 83.3131942749, 83.9169158936, 84.5206298828, 85.112739563, 85.7048492432, 86.3085708618, 86.9122848511, 87.5160064697, 88.1197280884, 88.7118377686, 89.3039474487, 89.907661438, 90.5113830566, 91.1034927368, 91.695602417, 92.2993164062, 92.9030380249, 93.5067520142, 94.1104736328, 94.7141952515, 95.3179092407, 95.9100189209, 96.5021286011, 97.1058502197, 97.709564209, 98.3132858276, 98.9170074463, 99.5091171265, 100.112831116, 100.704940796, 101.308662415, 101.912376404, 102.516098022, 103.119819641, 103.72353363, 104.327255249, 104.919364929, 105.511474609, 106.115188599, 106.707298279, 107.299407959, 107.903129578, 108.506843567, 109.110565186, 109.714286804, 110.306388855, 110.898498535, 111.502220154, 112.105941772, 112.709655762, 113.31337738, 113.917098999, 114.50920105, 115.10131073, 115.705032349, 116.308753967, 116.912467957, 117.516189575, 118.108299255, 118.712013245, 119.315734863, 119.907844543, 120.511566162, 121.115280151, 121.707389832, 122.299499512, 122.90322113, 123.50693512, 124.110656738, 124.714370728, 125.318092346, 125.921813965, 126.513923645, 127.106025696, 127.709747314, 128.313461304, 128.917190552, 129.509292603, 130.101409912, 130.705123901, 131.308837891, 131.912567139, 132.516281128, 133.119995117, 133.712112427, 134.304214478, 134.907928467, 135.511657715, 136.115371704, 136.707473755, 137.299591064, 137.903305054, 138.507034302, 139.110748291, 139.71446228, 140.31817627, 140.910293579, 141.50239563, 142.106124878, 142.709838867, 143.313552856, 143.905670166, 144.509384155, 145.124710083, 145.751647949, 146.355377197, 146.959091187, 147.562805176, 148.143310547, 148.79347229, 149.432022095, 150.082168579, 150.743942261, 151.394104004, 152.044265747, 152.694412231, 153.425842285, 154.157272339, 154.888702393, 155.620132446, 156.3515625, 157.082992554, 157.756362915, 158.418136597, 159.079910278, 159.75328064, 160.42666626, 161.018768311, 161.61088562, 162.202987671, 162.79510498, 163.375595093, 163.956100464, 164.548202515, 165.151931763, 165.755645752, 166.359359741, 167.021133423, 167.682891846, 168.391113281, 169.110931396, 169.923629761, 170.736328125, 171.549026489], "beats_loudness": {"dmean2": 0.0425641685724, "median": 0.0187201350927, "min": 4.44379702458e-06, "dvar2": 0.00143184151966, "dvar": 0.000617729383521, "dmean": 0.0245497021824, "max": 0.152282223105, "var": 0.00087011809228, "mean": 0.0299953408539}, "danceability": 1.00126111507, "bpm_histogram_second_peak_weight": {"dmean2": 0, "median": 0.0250000003725, "min": 0.0250000003725, "dvar2": 0, "dvar": 0, "dmean": 0, "max": 0.0250000003725, "var": 0, "mean": 0.0250000003725}, "beats_count": 281, "bpm_histogram_second_peak_bpm": {"dmean2": 0, "median": 82, "min": 82, "dvar2": 0, "dvar": 0, "dmean": 0, "max": 82, "var": 0, "mean": 82}, "bpm_histogram_first_peak_spread": {"dmean2": 0, "median": 0.325102806091, "min": 0.325102806091, "dvar2": 0, "dvar": 0, "dmean": 0, "max": 0.325102806091, "var": 0, "mean": 0.325102806091}, "beats_loudness_band_ratio": {"dmean2": [0.422005832195, 0.282366722822, 0.404180556536, 0.0310225170106, 0.00473253009841, 0.000554385012947], "median": [0.361371695995, 0.223764210939, 0.306976437569, 0.0144749451429, 0.00136260245927, 3.12407428282e-05], "min": [0.00239603081718, 0.00960614811629, 0.00399168534204, 0.000357027922291, 1.27549656099e-05, 4.15537761e-06], "dvar2": [0.0965530946851, 0.0576112680137, 0.105108752847, 0.00208609830588, 5.79062798352e-05, 2.21219011109e-06], "dvar": [0.0390243269503, 0.021690081805, 0.0419822447002, 0.000740376359317, 2.15506988752e-05, 9.42988094721e-07], "dmean": [0.243927195668, 0.169788718224, 0.239937067032, 0.0176994968206, 0.00265785376541, 0.000337618170306], "max": [0.945675432682, 0.783461153507, 0.932968318462, 0.204912677407, 0.0394633188844, 0.0122582474723], "var": [0.0809581577778, 0.0341360792518, 0.074913315475, 0.000743591110222, 1.62569722306e-05, 2.58118325291e-06], "mean": [0.408521264791, 0.254693388939, 0.347000271082, 0.023381177336, 0.00269344239496, 0.000510179088451]}}, "lowlevel": {"barkbands_spread": {"dmean2": 1.04901707172, "median": 3.753064394, "min": 0.207610741258, "dvar2": 2.00826859474, "dvar": 0.747894465923, "dmean": 0.646553575993, "max": 21.6689853668, "var": 3.1057574749, "mean": 3.97037601471}, "melbands_spread": {"dmean2": 1.26171731949, "median": 4.92741966248, "min": 0.656035423279, "dvar2": 2.34419202805, "dvar": 0.916233479977, "dmean": 0.789105951786, "max": 17.1270904541, "var": 7.26855278015, "mean": 5.25384902954}, "hfc": {"dmean2": 1.97778236866, "median": 3.08538866043, "min": 0.000654894392937, "dvar2": 31.8564052582, "dvar": 17.6495361328, "dmean": 1.50474154949, "max": 111.780738831, "var": 102.696968079, "mean": 6.96963310242}, "barkbands_kurtosis": {"dmean2": 5.6304936409, "median": 2.05811142921, "min": -1.76866400242, "dvar2": 235.126861572, "dvar": 78.7011947632, "dmean": 3.32414197922, "max": 184.668258667, "var": 265.854003906, "mean": 7.52989912033}, "gfcc": {"mean": [-229.088500977, 214.434890747, -69.642539978, -26.1539573669, -32.9044342041, -16.5265655518, -30.1376304626, -4.66760587692, -10.6527147293, -9.50604534149, -10.5864686966, -12.9406518936, -14.2785720825], "icov": [[0.00334228854626, -0.00540804350749, 0.00590118626133, -0.00520184449852, 0.00456311088055, -0.00180021708366, -0.00148170394823, 0.00380738405511, -0.00646310392767, 0.00511186011136, -0.0053576817736, 0.00327270897105, -0.0022726545576], [-0.00540804350749, 0.014216594398, -0.0120718842372, 0.0139271765947, -0.0116292089224, 0.0077727730386, -0.00337821664289, 0.000328277645167, 0.00429871072993, -0.000855276884977, 0.00277852872387, -0.00304434914142, 0.00288420449942], [0.00590118626133, -0.0120718842372, 0.0140683203936, -0.012900641188, 0.0112967351452, -0.00940368697047, 0.00267749861814, 0.00323233311065, -0.00940169487149, 0.00641488889232, -0.00960691273212, 0.00651910481974, -0.00529734184965], [-0.00520184449852, 0.0139271765947, -0.012900641188, 0.0188184548169, -0.0138887399808, 0.0102341845632, -0.00617473293096, -8.07113974588e-05, 0.00798372831196, -0.00807333365083, 0.0096497181803, -0.0101874675602, 0.00690253218636], [0.00456311088055, -0.0116292089224, 0.0112967351452, -0.0138887399808, 0.0171060394496, -0.00984126422554, 0.00684088282287, -0.00384261924773, -0.00617721164599, 0.00736350612715, -0.012544975616, 0.0095861684531, -0.00883155222982], [-0.00180021708366, 0.0077727730386, -0.00940368697047, 0.0102341845632, -0.00984126422554, 0.0189696568996, -0.0107900118455, 0.00449958909303, 0.00167640903965, -0.00078041665256, 0.00949847046286, -0.0115691861138, 0.00536624295637], [-0.00148170394823, -0.00337821664289, 0.00267749861814, -0.00617473293096, 0.00684088282287, -0.0107900118455, 0.0201231315732, -0.0145655395463, 0.00737760821357, -0.00825374107808, 0.000392208632547, 0.00716549204662, -0.00573711656034], [0.00380738405511, 0.000328277645167, 0.00323233311065, -8.07113974588e-05, -0.00384261924773, 0.00449958909303, -0.0145655395463, 0.0287310853601, -0.0196889527142, 0.0145065272227, -0.00944793876261, 0.00362961739302, 0.00510854227468], [-0.00646310392767, 0.00429871072993, -0.00940169487149, 0.00798372831196, -0.00617721164599, 0.00167640903965, 0.00737760821357, -0.0196889527142, 0.0359530448914, -0.027140269056, 0.0212609488517, -0.0156579986215, 0.00679396698251], [0.00511186011136, -0.000855276884977, 0.00641488889232, -0.00807333365083, 0.00736350612715, -0.00078041665256, -0.00825374107808, 0.0145065272227, -0.027140269056, 0.0434974879026, -0.0324826464057, 0.0186741854995, -0.0113428644836], [-0.0053576817736, 0.00277852872387, -0.00960691273212, 0.0096497181803, -0.012544975616, 0.00949847046286, 0.000392208632547, -0.00944793876261, 0.0212609488517, -0.0324826464057, 0.0474328435957, -0.0318369865417, 0.0179545022547], [0.00327270897105, -0.00304434914142, 0.00651910481974, -0.0101874675602, 0.0095861684531, -0.0115691861138, 0.00716549204662, 0.00362961739302, -0.0156579986215, 0.0186741854995, -0.0318369865417, 0.038346875459, -0.0197442136705], [-0.0022726545576, 0.00288420449942, -0.00529734184965, 0.00690253218636, -0.00883155222982, 0.00536624295637, -0.00573711656034, 0.00510854227468, 0.00679396698251, -0.0113428644836, 0.0179545022547, -0.0197442136705, 0.0278788469732]], "cov": [[9575.83203125, 3576.89208984, -2572.01269531, -1553.64746094, 205.644882202, -1120.15466309, 285.211517334, -142.500808716, 317.132965088, -356.512634277, 233.701202393, -451.303588867, -20.3846378326], [3576.89208984, 2155.48828125, -532.427734375, -905.199279785, 262.543609619, -367.720916748, -19.0090827942, -88.4732131958, 140.806488037, -211.744766235, 173.773666382, -124.817497253, 37.0128440857], [-2572.01269531, -532.427734375, 1277.01574707, 406.077148438, -29.1971435547, 423.482147217, -112.084983826, -20.2080230713, -18.2942886353, 107.518760681, 27.6550292969, 222.862213135, 65.6252441406], [-1553.64746094, -905.199279785, 406.077148438, 623.10760498, -4.15405225754, 173.069107056, 30.9760837555, 51.0773544312, -31.2467479706, 139.845046997, -7.3341255188, 114.109321594, 2.31582331657], [205.644882202, 262.543609619, -29.1971435547, -4.15405225754, 279.977478027, -13.6765413284, -33.571144104, 41.2057533264, 29.0555381775, -15.3669719696, 75.6609725952, 27.5684890747, 19.4131469727], [-1120.15466309, -367.720916748, 423.482147217, 173.069107056, -13.6765413284, 273.724639893, 7.69579315186, 6.40979719162, -21.3626155853, 34.522983551, -29.5091209412, 89.4034805298, 29.3079166412], [285.211517334, -19.0090827942, -112.084983826, 30.9760837555, -33.571144104, 7.69579315186, 164.43598938, 53.8786392212, 14.8046045303, 22.6319675446, -15.3473968506, -46.043170929, -9.0244140625], [-142.500808716, -88.4732131958, -20.2080230713, 51.0773544312, 41.2057533264, 6.40979719162, 53.8786392212, 114.653015137, 36.9785041809, 16.4946708679, 5.1919798851, -11.7299079895, -31.0031051636], [317.132965088, 140.806488037, -18.2942886353, -31.2467479706, 29.0555381775, -21.3626155853, 14.8046045303, 36.9785041809, 102.972549438, 31.3095970154, 34.12449646, 14.7013683319, 1.21197795868], [-356.512634277, -211.744766235, 107.518760681, 139.845046997, -15.3669719696, 34.522983551, 22.6319675446, 16.4946708679, 31.3095970154, 108.116828918, 40.9547653198, 38.0153121948, 5.67698144913], [233.701202393, 173.773666382, 27.6550292969, -7.3341255188, 75.6609725952, -29.5091209412, -15.3473968506, 5.1919798851, 34.12449646, 40.9547653198, 122.704605103, 60.7156906128, 6.00513601303], [-451.303588867, -124.817497253, 222.862213135, 114.109321594, 27.5684890747, 89.4034805298, -46.043170929, -11.7299079895, 14.7013683319, 38.0153121948, 60.7156906128, 137.907363892, 44.8666343689], [-20.3846378326, 37.0128440857, 65.6252441406, 2.31582331657, 19.4131469727, 29.3079166412, -9.0244140625, -31.0031051636, 1.21197795868, 5.67698144913, 6.00513601303, 44.8666343689, 76.5294265747]]}, "spectral_energyband_middle_low": {"dmean2": 0.00417344691232, "median": 0.0067343628034, "min": 3.77066214696e-07, "dvar2": 0.000106435014459, "dvar": 5.20593421243e-05, "dmean": 0.00299303699285, "max": 0.152026191354, "var": 0.000318869075272, "mean": 0.0137080485001}, "melbands_crest": {"dmean2": 3.5219438076, "median": 16.7662734985, "min": 6.3946352005, "dvar2": 13.1226034164, "dvar": 4.67584848404, "dmean": 2.14354753494, "max": 32.9186058044, "var": 26.571603775, "mean": 17.3529071808}, "spectral_kurtosis": {"dmean2": 38.6514282227, "median": 91.9143447876, "min": 3.12050104141, "dvar2": 1301.32763672, "dvar": 479.930725098, "dmean": 22.7604141235, "max": 242.046966553, "var": 2577.36987305, "mean": 89.8092803955}, "spectral_rms": {"dmean2": 0.000521869864315, "median": 0.00335817574523, "min": 4.95549102197e-05, "dvar2": 7.68418203734e-07, "dvar": 3.8869629293e-07, "dmean": 0.000359198573278, "max": 0.0126721300185, "var": 5.0819653552e-06, "mean": 0.00360091030598}, "zerocrossingrate": {"dmean2": 0.00238617369905, "median": 0.0166015625, "min": 0.00390625, "dvar2": 8.4784005594e-06, "dvar": 4.74832040709e-06, "dmean": 0.00176042912062, "max": 0.05419921875, "var": 4.64463992103e-05, "mean": 0.0171566959471}, "silence_rate_60dB": {"dmean2": 0.0301642883569, "median": 0, "min": 0, "dvar2": 0.0370678119361, "dvar": 0.0148538751528, "dmean": 0.0150801129639, "max": 1, "var": 0.154708772898, "mean": 0.191303178668}, "erbbands_kurtosis": {"dmean2": 2.31096839905, "median": 2.50073409081, "min": -1.55890965462, "dvar2": 18.3045463562, "dvar": 7.79224729538, "dmean": 1.49820113182, "max": 149.101165771, "var": 53.6822471619, "mean": 4.72557544708}, "erbbands": {"dmean2": [0.00453241495416, 0.171894013882, 1.17533385754, 2.13076043129, 1.76959550381, 4.97506380081, 6.0264134407, 11.8143386841, 12.8571033478, 16.7586746216, 15.4698553085, 28.3341064453, 5.77949714661, 1.27488994598, 2.9408223629, 0.967552185059, 2.26026177406, 0.75892496109, 0.500786483288, 0.347089290619, 0.253472268581, 0.261428415775, 0.239548772573, 0.123611316085, 0.0772769972682, 0.0291747264564, 0.0159972030669, 0.0222542285919, 0.0104024298489, 0.00251394929364, 0.000808181706816, 0.000715438160114, 0.00025384381297, 0.000138239469379, 6.81188030285e-05, 2.15623895201e-05, 7.95283904154e-06, 2.74183457805e-06, 2.56103407992e-06, 5.70167776459e-06], "median": [0.00218711979687, 0.0930272191763, 1.6191791296, 2.26830172539, 1.94624352455, 3.8675327301, 4.52128124237, 3.83224534988, 6.14212083817, 9.02031135559, 6.08662414551, 4.13607883453, 1.8567956686, 0.886194348335, 1.26524925232, 0.721750974655, 0.505851984024, 0.303594350815, 0.204205095768, 0.138785332441, 0.0798662230372, 0.047578625381, 0.0299898758531, 0.0118995616212, 0.00388157996349, 0.00145321479067, 0.000654500094242, 0.000378273427486, 0.000253828213317, 0.000205856442335, 0.00017435735208, 0.000145875412272, 0.000118069714517, 9.03129257495e-05, 6.33030722383e-05, 3.93473674194e-05, 2.03268318728e-05, 6.58336421111e-06, 7.06716673449e-06, 1.28364681586e-05], "min": [2.52450467997e-06, 0.000145900485222, 0.000627452682238, 0.00040595329483, 0.000195819724468, 0.000238422260736, 0.000302483182168, 0.00032234104583, 0.000263073045062, 0.000113417459943, 0.000122943281895, 0.000106366685941, 7.51647676225e-05, 0.000103213656985, 0.000114417198347, 0.000124160156702, 9.19392114156e-05, 0.000109503416752, 0.000124008511193, 0.000124601836433, 0.000150387844769, 0.000137067763717, 0.000107099593151, 0.000107498926809, 8.5909581685e-05, 9.76613882813e-05, 8.60347718117e-05, 8.30676581245e-05, 7.4747724284e-05, 7.05594939063e-05, 5.55832411919e-05, 4.64161857963e-05, 1.98186407943e-05, 2.45761129918e-05, 1.0760182704e-05, 9.79431570158e-06, 4.89326521347e-06, 1.79027904323e-06, 3.20701985856e-07, 3.63330983078e-08], "dvar2": [8.37376501295e-05, 0.103781089187, 3.41989922523, 14.1573181152, 7.72159147263, 73.3872528076, 311.933746338, 4102.11669922, 3586.7722168, 5454.96826172, 5329.89208984, 22410.6230469, 687.028808594, 20.2293567657, 198.472076416, 14.6077356339, 137.337188721, 14.6234588623, 6.49216222763, 3.18119215965, 3.5300321579, 2.83193469048, 4.62237930298, 0.729610621929, 0.651587665081, 0.0778392478824, 0.0619595423341, 0.180509731174, 0.0221035461873, 0.00101162260398, 5.02537477587e-05, 2.59471053141e-05, 1.6536619114e-06, 7.0010167974e-07, 1.31041829832e-07, 4.82441908645e-09, 9.94063165116e-11, 1.09975136636e-11, 2.73822266944e-11, 1.54123463991e-10], "dvar": [3.9187452785e-05, 0.0500608980656, 1.21777832508, 7.31942558289, 3.2409696579, 31.6723155975, 108.835083008, 1220.33935547, 1458.18286133, 2454.20800781, 3903.16967773, 14165.7304688, 448.829101562, 9.71255493164, 90.0230560303, 7.80865526199, 70.4760665894, 7.59596967697, 3.81223249435, 1.37026917934, 1.41514062881, 1.06334018707, 1.63241374493, 0.605944871902, 0.386930465698, 0.0384329035878, 0.0250631887466, 0.065432317555, 0.0104284966365, 0.000498996872921, 2.2877151423e-05, 9.25053518586e-06, 5.84496888223e-07, 2.40811914409e-07, 4.50602755109e-08, 1.70614411488e-09, 4.54024526308e-11, 5.02793640056e-12, 1.3734965422e-11, 7.59666288208e-11], "dmean": [0.00286042061634, 0.111432291567, 0.723517179489, 1.34385454655, 1.12562668324, 3.14493274689, 3.77321267128, 7.30408000946, 8.34628772736, 12.1517734528, 12.9311752319, 24.6953773499, 4.55897665024, 0.88819205761, 1.96574628353, 0.701407432556, 1.66831743717, 0.565689861774, 0.387428700924, 0.254811167717, 0.178784772754, 0.172668248415, 0.149527341127, 0.109646700323, 0.0670198276639, 0.0227047111839, 0.0106360400096, 0.0135771548375, 0.00644043600187, 0.00160238868557, 0.000510881072842, 0.000404434395023, 0.00014571993961, 7.8844728705e-05, 3.90711647924e-05, 1.3159552509e-05, 5.05596472067e-06, 1.72921238573e-06, 1.77879655894e-06, 3.95902361561e-06], "max": [0.263599693775, 9.77434539795, 23.4925727844, 98.4528427124, 47.5667076111, 180.006744385, 283.312805176, 1004.37139893, 1112.27600098, 1834.91882324, 2964.88354492, 4017.46069336, 802.230224609, 89.5051498413, 371.311248779, 110.752807617, 376.058441162, 113.579200745, 96.2383880615, 49.2390480042, 54.3615875244, 35.4194526672, 68.7696533203, 67.9928665161, 42.8137359619, 9.35252571106, 9.60267829895, 13.7613859177, 6.58087539673, 1.29197800159, 0.218383640051, 0.0748152881861, 0.0150208566338, 0.0147282900289, 0.00628557428718, 0.0012619860936, 0.000148453051224, 5.02657348989e-05, 8.54927420733e-05, 0.000189424099517], "var": [0.000897816207726, 1.40824651718, 9.87397003174, 54.413066864, 14.1777772903, 228.61656189, 390.335144043, 4182.76757812, 3674.90844727, 19360.1269531, 33831.2539062, 59925.0195312, 2605.91870117, 27.4364089966, 244.997665405, 39.7910919189, 195.497421265, 20.2411155701, 16.5340995789, 3.60356211662, 2.66713905334, 1.96915102005, 1.76915061474, 3.26294589043, 0.857459545135, 0.0833444148302, 0.0287097301334, 0.0537648722529, 0.0109790284187, 0.000573799072299, 2.54042806773e-05, 6.04297065365e-06, 4.16445658402e-07, 1.5318502733e-07, 3.04272091967e-08, 2.05896233396e-09, 2.90195117936e-10, 3.43070849507e-11, 9.81021930357e-11, 5.11946818271e-10], "mean": [0.0133782373741, 0.570082843304, 2.7008895874, 4.5653424263, 3.07603693008, 8.55039310455, 12.2586345673, 25.7018527985, 24.8153057098, 55.1357574463, 57.5869903564, 73.1265563965, 15.7113399506, 2.41089701653, 5.48934316635, 2.56232523918, 4.14634275436, 1.62023246288, 1.28427731991, 0.742074906826, 0.454954236746, 0.39630433917, 0.294241309166, 0.257589697838, 0.125770747662, 0.0460952930152, 0.0165724251419, 0.0156352557242, 0.0065613463521, 0.00207042647526, 0.000756879511755, 0.000486956560053, 0.000249992328463, 0.000157996371854, 9.82090787147e-05, 5.32158082933e-05, 2.69565243798e-05, 8.97467180039e-06, 1.04627351902e-05, 2.07252978726e-05]}, "spectral_strongpeak": {"dmean2": 0.386426985264, "median": 0.407264977694, "min": 0.00114511675201, "dvar2": 0.610034048557, "dvar": 0.312206268311, "dmean": 0.253011614084, "max": 9.85483932495, "var": 1.93294727802, "mean": 1.05387330055}, "spectral_energy": {"dmean2": 0.00512550259009, "median": 0.0115592777729, "min": 2.51708138421e-06, "dvar2": 0.000121852586744, "dvar": 5.95585152041e-05, "dmean": 0.00354478135705, "max": 0.164597466588, "var": 0.000404154561693, "mean": 0.0184997469187}, "average_loudness": 0.737243831158, "spectral_rolloff": {"dmean2": 49.7638206482, "median": 452.197265625, "min": 107.666015625, "dvar2": 7156.70654297, "dvar": 3107.43994141, "dmean": 27.9692211151, "max": 796.728515625, "var": 27764.640625, "mean": 438.727935791}, "spectral_centroid": {"dmean2": 45.2012252808, "median": 363.78314209, "min": 152.113647461, "dvar2": 5150.79150391, "dvar": 2214.11743164, "dmean": 28.7831420898, "max": 1694.19824219, "var": 14149.0810547, "mean": 380.090423584}, "pitch_salience": {"dmean2": 0.0793448239565, "median": 0.453891336918, "min": 0.0628834590316, "dvar2": 0.00835570134223, "dvar": 0.00297068641521, "dmean": 0.0480644293129, "max": 0.778993666172, "var": 0.0106189725921, "mean": 0.451400160789}, "spectral_energyband_middle_high": {"dmean2": 0.00018727198767, "median": 0.000143097073305, "min": 5.4390959292e-08, "dvar2": 5.14571638632e-07, "dvar": 2.65903565833e-07, "dmean": 0.000133037683554, "max": 0.013576627709, "var": 9.71752911028e-07, "mean": 0.000452040141681}, "spectral_contrast_coeffs": {"dmean2": [0.0694640129805, 0.0504506863654, 0.0386085882783, 0.0296385884285, 0.0243075173348, 0.0256083514541], "median": [-0.580045580864, -0.64531737566, -0.720872879028, -0.758104622364, -0.800061702728, -0.870548665524], "min": [-0.957821011543, -0.95463514328, -0.948044776917, -0.942549407482, -0.931021928787, -0.919618368149], "dvar2": [0.00316548091359, 0.00255580875091, 0.0014624830801, 0.000898752303328, 0.000526101095602, 0.000856585917063], "dvar": [0.00114172545727, 0.000985558028333, 0.000674248090945, 0.000398202741053, 0.000252143276157, 0.000331854913384], "dmean": [0.0409279763699, 0.0305616222322, 0.0244414955378, 0.0189222916961, 0.0157100167125, 0.0154074700549], "max": [-0.294676989317, -0.296853750944, -0.36392557621, -0.528325080872, -0.523881137371, -0.593665897846], "var": [0.0100657641888, 0.0102267721668, 0.0104265073314, 0.00559355644509, 0.00561956688762, 0.00130841403734], "mean": [-0.582273721695, -0.652765512466, -0.718025684357, -0.76338082552, -0.798244655132, -0.856575191021]}, "melbands_skewness": {"dmean2": 0.655195832253, "median": 1.25080347061, "min": -4.71112585068, "dvar2": 1.0310240984, "dvar": 0.358852028847, "dmean": 0.414517879486, "max": 11.7632007599, "var": 3.69367837906, "mean": 1.57091999054}, "spectral_spread": {"dmean2": 472598.71875, "median": 1007102.3125, "min": 370231.0625, "dvar2": 201333276672, "dvar": 79155576832, "dmean": 275048, "max": 15655539, "var": 2326138454020.0, "mean": 1546947.375}, "dissonance": {"dmean2": 0.0721118450165, "median": 0.352854460478, "min": 0.0757677406073, "dvar2": 0.00566378654912, "dvar": 0.00194537919015, "dmean": 0.0413789786398, "max": 0.499439895153, "var": 0.00559526821598, "mean": 0.350021213293}, "spectral_skewness": {"dmean2": 2.00481510162, "median": 7.23410844803, "min": 1.43605256081, "dvar2": 3.13982486725, "dvar": 1.13972270489, "dmean": 1.16747272015, "max": 12.9795427322, "var": 6.38753986359, "mean": 6.93163490295}, "spectral_flux": {"dmean2": 0.0199096240103, "median": 0.0211794674397, "min": 0.000611573748756, "dvar2": 0.00134825357236, "dvar": 0.000558594358154, "dmean": 0.0120269712061, "max": 0.294455140829, "var": 0.000870617455803, "mean": 0.0277697518468}, "spectral_contrast_valleys": {"dmean2": [0.675558745861, 0.470551759005, 0.40582254529, 0.381046503782, 0.365919321775, 0.332734376192], "median": [-8.11372756958, -7.37189817429, -8.84837055206, -10.2552118301, -11.5246543884, -13.9567737579], "min": [-12.005074501, -12.1625967026, -12.5698099136, -12.8875265121, -13.0980739594, -14.7831468582], "dvar2": [0.316440105438, 0.239268988371, 0.178265526891, 0.214227437973, 0.204750731587, 0.137127444148], "dvar": [0.111217290163, 0.101918675005, 0.0819393545389, 0.100248105824, 0.0911214873195, 0.0476519949734], "dmean": [0.397700041533, 0.284862399101, 0.254886418581, 0.239009708166, 0.232162281871, 0.198261812329], "max": [-5.94494485855, -4.5985865593, -5.95660257339, -6.62738084793, -7.01747941971, -11.6854572296], "var": [1.12982738018, 1.60545349121, 1.34539484978, 0.900100469589, 0.497806996107, 0.161419823766], "mean": [-8.2660074234, -7.6719789505, -9.13025569916, -10.367764473, -11.3585500717, -13.7796583176]}, "erbbands_flatness_db": {"dmean2": 0.0172355212271, "median": 0.347707271576, "min": 0.0601938143373, "dvar2": 0.00043295751675, "dvar": 0.00021143865888, "dmean": 0.0116752386093, "max": 0.546655237675, "var": 0.00700389547274, "mean": 0.329718887806}, "spectral_energyband_high": {"dmean2": 9.81800894806e-07, "median": 6.92136410407e-08, "min": 1.84171096151e-08, "dvar2": 1.62337171483e-10, "dvar": 7.02701646871e-11, "dmean": 6.64042602239e-07, "max": 0.000375281961169, "var": 9.0802920738e-11, "mean": 1.10395967567e-06}, "spectral_entropy": {"dmean2": 0.194652915001, "median": 5.41762733459, "min": 3.76307702065, "dvar2": 0.0630109533668, "dvar": 0.0256216675043, "dmean": 0.123512260616, "max": 7.89761734009, "var": 0.394932210445, "mean": 5.55917167664}, "silence_rate_20dB": {"dmean2": 0, "median": 1, "min": 1, "dvar2": 0, "dvar": 0, "dmean": 0, "max": 1, "var": 0, "mean": 1}, "melbands_flatness_db": {"dmean2": 0.0265970584005, "median": 0.479840457439, "min": 0.232550129294, "dvar2": 0.00091307220282, "dvar": 0.000352757866494, "dmean": 0.016856726259, "max": 0.657153248787, "var": 0.00506686978042, "mean": 0.475576072931}, "barkbands": {"dmean2": [4.0226245801e-06, 0.000558328814805, 0.00127143354621, 0.000650926318485, 0.00115703768097, 0.00112765980884, 0.000957876211032, 0.000825540104415, 0.00099734775722, 0.000111041103082, 6.02677682764e-05, 1.98454799829e-05, 4.74259868497e-05, 1.11774634206e-05, 8.50035394251e-06, 6.26140581517e-06, 6.38812571196e-06, 2.38113443629e-06, 2.14561646317e-06, 7.13069312042e-07, 5.05824971242e-07, 2.25754604344e-07, 3.35442180699e-08, 2.44135218708e-08, 1.08209627925e-08, 3.61282115335e-09, 3.14669090784e-09], "median": [1.0405968851e-06, 0.000185170021723, 0.00173416011967, 0.000472566694953, 0.00106433324981, 0.00054573873058, 0.000314687611535, 0.000343113701092, 0.000103565907921, 3.60344747605e-05, 1.84774216905e-05, 1.19805299619e-05, 8.14997110865e-06, 2.79150708593e-06, 3.5057516925e-06, 1.54006579578e-06, 8.87356804924e-07, 3.04767922898e-07, 1.47226245417e-07, 2.62820734065e-08, 1.08655031639e-08, 6.68742394794e-09, 5.94559201872e-09, 6.56968612844e-09, 7.54069695574e-09, 8.53565751413e-09, 8.80588935104e-09], "min": [2.06981487505e-10, 2.48140537451e-07, 4.26822026611e-07, 9.3204635121e-09, 5.75087852894e-08, 3.14331956019e-08, 7.52497619771e-09, 1.48440126857e-09, 2.95739166489e-09, 2.40628716952e-09, 8.08381639406e-10, 2.23838880764e-09, 1.92931959297e-09, 1.62706659257e-09, 1.42807787817e-09, 1.94971061518e-09, 2.26091922961e-09, 1.6123681279e-09, 1.84252502144e-09, 1.83914528051e-09, 1.8526585821e-09, 1.97483229769e-09, 1.9258346029e-09, 1.66981084515e-09, 1.85179416246e-09, 2.86086776491e-09, 2.33360752944e-09], "dvar2": [4.98907581914e-11, 1.20235006307e-06, 3.82517055186e-06, 1.69889017343e-06, 3.61516572411e-06, 3.46375454683e-05, 1.84316249943e-05, 1.4453609765e-05, 2.86908780254e-05, 3.55924129281e-07, 7.54301510142e-08, 8.73372130172e-09, 6.09695405274e-08, 4.45318715236e-09, 1.44235889898e-09, 2.60902366378e-09, 1.64270086422e-09, 8.08294042809e-10, 2.46594134001e-10, 5.49394453542e-11, 8.54218709656e-11, 9.03044566208e-12, 1.16977648813e-13, 2.81748467601e-14, 4.70582452264e-15, 2.29267168839e-17, 1.37588549522e-17], "dvar": [1.8284347994e-11, 5.98996166445e-07, 1.36186372401e-06, 9.03141653907e-07, 1.65616893355e-06, 1.01686973721e-05, 7.78567846282e-06, 8.67386461323e-06, 1.81986088137e-05, 2.30292485526e-07, 3.48556241647e-08, 3.98047994565e-09, 3.07056176041e-08, 2.41698216996e-09, 8.60111704082e-10, 1.02067987395e-09, 6.30666019408e-10, 2.84064355371e-10, 1.77956843705e-10, 2.61733221901e-11, 3.34091053433e-11, 4.03065992041e-12, 5.45180525344e-14, 9.75208768042e-15, 1.61406405616e-15, 1.04083971041e-17, 6.26267209878e-18], "dmean": [2.37336325881e-06, 0.000365026819054, 0.000779726542532, 0.000420044700149, 0.000738274364267, 0.000691099499818, 0.000619168626145, 0.00068412499968, 0.000864932313561, 7.92958890088e-05, 4.06360995839e-05, 1.40020547406e-05, 3.48968715116e-05, 8.27694839245e-06, 6.56018664813e-06, 4.44040551884e-06, 4.23934807259e-06, 1.47151820329e-06, 1.93767618839e-06, 5.89245701121e-07, 3.24588910416e-07, 1.39781832331e-07, 2.13734097088e-08, 1.37512250475e-08, 6.16584028279e-09, 2.29687691089e-09, 1.99345207008e-09], "max": [8.09675839264e-05, 0.0345675684512, 0.0194999147207, 0.0351240411401, 0.0434616468847, 0.0981527417898, 0.0753130987287, 0.108179278672, 0.146201893687, 0.020465483889, 0.00738977733999, 0.00216966145672, 0.00740189291537, 0.0021750126034, 0.00162454508245, 0.00158677145373, 0.00081963208504, 0.00101479631849, 0.00093249528436, 0.00028129274142, 0.000302561733406, 0.000125161124743, 1.29143809318e-05, 1.98468615054e-06, 1.20572383366e-06, 7.16830896863e-08, 6.04876362331e-08], "var": [2.38986452156e-11, 1.76222638402e-05, 7.1940135058e-06, 6.92659114065e-06, 1.19384612844e-05, 3.09689748974e-05, 2.31429185078e-05, 8.73501994647e-05, 7.57412562962e-05, 1.1533977613e-06, 1.01156992116e-07, 1.56549884167e-08, 8.27324981856e-08, 6.0661498047e-09, 4.38034364336e-09, 1.57484270069e-09, 1.19641407892e-09, 2.6905783157e-10, 7.30474625232e-10, 7.43856087837e-11, 3.29395295762e-11, 3.95018392996e-12, 6.08640132109e-14, 5.8866214854e-15, 1.00580906146e-15, 5.65753091631e-17, 4.29660638868e-17], "mean": [2.84195266431e-06, 0.00188595918007, 0.00254148314707, 0.00136488291901, 0.00207961350679, 0.00239906273782, 0.00174311199225, 0.00346112414263, 0.00247128517367, 0.000238600041484, 0.000106801824586, 4.81075112475e-05, 8.49079006002e-05, 2.16296539293e-05, 2.1797761292e-05, 1.05959134089e-05, 9.16244789551e-06, 2.83632925857e-06, 4.07094375987e-06, 1.20944798709e-06, 3.95203727521e-07, 1.4273982174e-07, 3.03545313329e-08, 1.79295636116e-08, 1.27964856489e-08, 1.13960068049e-08, 1.13647606881e-08]}, "erbbands_skewness": {"dmean2": 0.426424413919, "median": 0.692484796047, "min": -2.75554275513, "dvar2": 0.312116652727, "dvar": 0.124004893005, "dmean": 0.276506990194, "max": 5.56288290024, "var": 0.859166920185, "mean": 0.72003376