{"tonal": {"thpcp": [1, 0.493195086718, 0.0529946014285, 0.0265234149992, 0.0426064170897, 0.271572500467, 0.468078583479, 0.268224149942, 0.0786717012525, 0.0582234710455, 0.187186658382, 0.590615808964, 0.572599768639, 0.191514849663, 0.348589658737, 0.584092020988, 0.322532206774, 0.0720494538546, 0.0574215576053, 0.0963221564889, 0.354103118181, 0.556434094906, 0.327310889959, 0.0912204086781, 0.0638742819428, 0.076749175787, 0.171848490834, 0.228454589844, 0.137702807784, 0.0671290904284, 0.0574808940291, 0.066147916019, 0.207774102688, 0.296754390001, 0.229284927249, 0.644836127758], "hpcp": {"dmean2": [0.0558781176805, 0.0649527832866, 0.0752296969295, 0.0860504582524, 0.0819949507713, 0.0608097650111, 0.0587176345289, 0.0677225515246, 0.0992286279798, 0.105270557106, 0.143674790859, 0.171139508486, 0.164407908916, 0.156432971358, 0.0548332668841, 0.0311364214867, 0.0368464402854, 0.0834902077913, 0.106628589332, 0.0985136032104, 0.0462440177798, 0.0405003093183, 0.0664146319032, 0.145968601108, 0.138291537762, 0.0789123401046, 0.0945490300655, 0.0929362252355, 0.0832343697548, 0.0409833602607, 0.0391882359982, 0.0657442063093, 0.133923232555, 0.149530366063, 0.136700823903, 0.0805373266339], "median": [0.00253783888184, 0.00246754451655, 0.00732433097437, 0.00945561099797, 0.00838858261704, 0.00306330854073, 0.00180142826866, 0.00141559366602, 0.00892368983477, 0.0164833702147, 0.0231943503022, 0.122962065041, 0.230544790626, 0.110885478556, 0.00276300078258, 0.000733468739782, 0.00199280283414, 0.0285135637969, 0.0494581609964, 0.0289078745991, 0.0024312841706, 0.00141356140375, 0.0390537641943, 0.147578909993, 0.128434538841, 0.0262900218368, 0.0210127308965, 0.02233697474, 0.0118207167834, 0.00457292236388, 0.0019911529962, 0.00454067904502, 0.0424904599786, 0.0700712800026, 0.0346443578601, 0.00502142170444], "min": [0, 0, 0, 0, 0, 0, 0, 0, 0, 0, 0, 0, 0, 0, 0, 0, 0, 0, 0, 0, 0, 0, 0, 0, 0, 0, 0, 0, 0, 0, 0, 0, 0, 0, 0, 0], "dvar2": [0.0384021289647, 0.0503811426461, 0.0426680669188, 0.0504589229822, 0.0475079938769, 0.0436875037849, 0.0518508963287, 0.0481876507401, 0.0576045811176, 0.052906781435, 0.0690020248294, 0.0645202174783, 0.0736765787005, 0.0535870715976, 0.0254523698241, 0.0167623348534, 0.018025809899, 0.0261816121638, 0.0434434823692, 0.0435491576791, 0.0209931377321, 0.0226053055376, 0.0224856399, 0.0686529278755, 0.0525791235268, 0.0298343002796, 0.0384657606483, 0.0451700538397, 0.0346996374428, 0.0166260153055, 0.0221241172403, 0.0262387767434, 0.0506480000913, 0.0600388087332, 0.0575589649379, 0.0446150936186], "dvar": [0.0134640252218, 0.0174257047474, 0.0151090761647, 0.0190716646612, 0.0170592777431, 0.0150840617716, 0.0180043391883, 0.0163606926799, 0.0205150116235, 0.021129200235, 0.0256171803921, 0.0241714436561, 0.0337157286704, 0.0224052574486, 0.00928999111056, 0.00586432265118, 0.00642520654947, 0.0111817121506, 0.0209752414376, 0.0169227235019, 0.00819100532681, 0.00869111623615, 0.00828032474965, 0.0276242382824, 0.0248924568295, 0.0121718356386, 0.0150946686044, 0.0217756256461, 0.0133342854679, 0.0060447640717, 0.00789262726903, 0.00950240064412, 0.0200695563108, 0.027026783675, 0.0233524609357, 0.0158482212573], "dmean": [0.030570499599, 0.0356970019639, 0.043414786458, 0.0502890013158, 0.0465641133487, 0.0329618453979, 0.0314523540437, 0.0366385243833, 0.056977763772, 0.0627014413476, 0.0817515701056, 0.103641182184, 0.100957073271, 0.0948200002313, 0.0301997940987, 0.0163617804646, 0.0203957669437, 0.051789291203, 0.0681707262993, 0.0598745308816, 0.0269259214401, 0.0225766375661, 0.0387871302664, 0.0894291624427, 0.0860724747181, 0.0484491027892, 0.0563088096678, 0.0566327497363, 0.050198726356, 0.0229882784188, 0.0215397719294, 0.0370992384851, 0.0816102772951, 0.091257981956, 0.0817402303219, 0.0450185015798], "max": [1, 1, 1, 1, 1, 1, 1, 1, 1, 1, 1, 1, 1, 1, 1, 1, 1, 1, 1, 1, 1, 1, 1, 1, 1, 1, 1, 1, 1, 1, 1, 1, 1, 1, 1, 1], "var": [0.0102780349553, 0.0162035059184, 0.0355536304414, 0.0525635331869, 0.0193832982332, 0.010544016026, 0.012365764007, 0.0125748589635, 0.040314167738, 0.0637220144272, 0.0295999851078, 0.0933964550495, 0.176798582077, 0.0522873550653, 0.00639444775879, 0.00362929189578, 0.00507333921269, 0.0368754379451, 0.0950884819031, 0.0349472314119, 0.0143815204501, 0.00991215184331, 0.0123514533043, 0.0842903256416, 0.0830313712358, 0.0212858188897, 0.0513491295278, 0.146442249417, 0.0453315190971, 0.00873328559101, 0.0068106581457, 0.0103150140494, 0.0493951700628, 0.104817122221, 0.0489972829819, 0.0117944749072], "mean": [0.0271916929632, 0.0326726175845, 0.0731570124626, 0.0972545892, 0.0586209744215, 0.0285772867501, 0.024469986558, 0.0281595941633, 0.0884507745504, 0.126330256462, 0.0976080745459, 0.274510890245, 0.425706446171, 0.209956333041, 0.0225601438433, 0.0112911891192, 0.018137825653, 0.115610167384, 0.199264064431, 0.114184744656, 0.0334910489619, 0.0247861072421, 0.0796865671873, 0.251428961754, 0.243759408593, 0.0815291032195, 0.148396864533, 0.248651742935, 0.137304037809, 0.0306719169021, 0.0244447272271, 0.0410049632192, 0.150743976235, 0.236877575517, 0.139338359237, 0.0388331152499]}, "tuning_equal_tempered_deviation": 0.0225324872881, "chords_changes_rate": 0.0434214808047, "key_key": "C#", "tuning_diatonic_strength": 0.559195280075, "key_scale": "major", "chords_number_rate": 0.00391772761941, "tuning_frequency": 441.017791748, "tuning_nontempered_energy_ratio": 0.624527573586, "chords_histogram": [34.6065940857, 6.23571681976, 15.4423770905, 0, 0.195886388421, 0, 0, 0.489715963602, 1.86092066765, 1.53444337845, 2.22004580498, 0.391772776842, 0, 1.33855700493, 0, 4.63597774506, 0.228534117341, 0.359125047922, 0, 0, 1.69768202305, 2.90564799309, 17.4991836548, 8.35781955719], "key_strength": 0.774679243565, "chords_key": "C#", "chords_strength": {"dmean2": 0.005430447869, "median": 0.450638800859, "min": 0.223896235228, "dvar2": 3.07683949359e-05, "dvar": 3.66534841305e-05, "dmean": 0.00699898647144, "max": 0.709112763405, "var": 0.00727873714641, "mean": 0.452857911587}, "chords_scale": "major", "hpcp_entropy": {"dmean2": 0.749840140343, "median": 1.61539423466, "min": 0, "dvar2": 0.467946320772, "dvar": 0.199528172612, "dmean": 0.452490061522, "max": 3.87197446823, "var": 0.575757622719, "mean": 1.52722835541}}, "metadata": {"audio_properties": {"equal_loudness": 0, "codec": "vorbis", "downmix": "mix", "sample_rate": 44100, "analysis_sample_rate": 44100, "bit_rate": 320000, "md5_encoded": "72f390c3698a21c063035e56647a9673", "length": 142.183044434, "replay_gain": -11.1110115051, "lossless": false}, "version": {"essentia_build_sha": "cead25079874084f62182a551b7393616cd33d87", "essentia": "2.1-beta2", "extractor": "music 1.0", "essentia_git_sha": "v2.1_beta2-1-ge3940c0"}, "tags": {"title": ["Nature and the Wreck"], "barcode": ["655173105023"], "media": ["CD"], "albumartist": ["Mates of State"], "tracktotal": ["10"], "albumartistsort": ["Mates of State"], "performer": ["Mates of State", "Magnolia Gardener Hammel (kazoo)", "Gene Park (viola)", "Magnolia Gardener Hammel (vocals)"], "releasetype": ["album"], "musicbrainz_recordingid": ["0e7e66aa-6344-49bc-97eb-e1c56c63f03e"], "musicbrainz_releasegroupid": ["57666318-a941-32b1-8bdf-12d522610ab7"], "mixer": ["Bill Racine"], "musicbrainz_albumartistid": ["e9c97fdb-9fa0-4955-9a6c-1c43e1ac3f64"], "originalyear": ["2006"], "musicbrainz_releasetrackid": ["a2553685-d6d8-3bbe-8da5-f08fe1aea788"], "discnumber": ["1"], "totaldiscs": ["1"], "catalognumber": ["bark50"], "releasecountry": ["US"], "engineer": ["Bill Racine"], "isrc": ["GBGEY0600071", "USBS50510498"], "originaldate": ["2006-03-21"], "producer": ["Bill Racine", "Mates of State"], "date": ["2006-03-21"], "file_name": "07 Mates of State - Nature and the Wreck.ogg", "disctotal": ["1"], "musicbrainz_artistid": ["e9c97fdb-9fa0-4955-9a6c-1c43e1ac3f64"], "asin": ["B000E6GC1Q"], "musicbrainz_albumid": ["4f549a4c-c26b-47b5-8332-931d09702735"], "artist": ["Mates of State"], "tracknumber": ["7"], "artistsort": ["Mates of State"], "album": ["Bring It Back"], "label": ["Barsuk Records"], "releasestatus": ["official"], "acoustid_id": ["a0e19011-5495-4453-89bd-1bef2bf3204d"], "script": ["Latn"], "totaltracks": ["10"]}}, "rhythm": {"bpm_histogram_first_peak_bpm": {"dmean2": 0, "median": 152, "min": 152, "dvar2": 0, "dvar": 0, "dmean": 0, "max": 152, "var": 0, "mean": 152}, "bpm": 153.38319397, "bpm_histogram_second_peak_spread": {"dmean2": 0, "median": 0.228346467018, "min": 0.228346467018, "dvar2": 0, "dvar": 0, "dmean": 0, "max": 0.228346467018, "var": 0, "mean": 0.228346467018}, "bpm_histogram_first_peak_weight": {"dmean2": 0, "median": 0.30498534441, "min": 0.30498534441, "dvar2": 0, "dvar": 0, "dmean": 0, "max": 0.30498534441, "var": 0, "mean": 0.30498534441}, "onset_rate": 2.33475613594, "beats_position": [0.359909296036, 0.731428563595, 1.10294783115, 1.47446703911, 1.8575963974, 2.24072551727, 2.62385487556, 3.00698399544, 3.39011335373, 3.76163268089, 4.13315200806, 4.5046710968, 4.87619018555, 5.23609972, 5.60761880875, 5.99074840546, 6.38548755646, 6.78022670746, 7.17496585846, 7.55809497833, 7.94122457504, 8.32435321808, 8.70748329163, 9.0906124115, 9.47374153137, 9.84526062012, 10.22838974, 10.6115188599, 10.9830379486, 11.3661680222, 11.749297142, 12.1324262619, 12.5155553818, 12.8870744705, 13.2702035904, 13.6417226791, 14.0248527527, 14.3963718414, 14.7678909302, 15.1394100189, 15.5341491699, 15.9172782898, 16.3004074097, 16.6835365295, 17.0550556183, 17.4381847382, 17.8213157654, 18.2044448853, 18.5875740051, 18.970703125, 19.3538322449, 19.7369613647, 20.1200904846, 20.5148296356, 20.9095687866, 21.2926979065, 21.6874370575, 22.0705661774, 22.4536952972, 22.8484344482, 23.2431735992, 23.6379127502, 24.0326519012, 24.4273910522, 24.8221302032, 25.2284793854, 25.6348285675, 26.0295696259, 26.4243087769, 26.8190479279, 27.2137870789, 27.6085262299, 28.0032653809, 28.3863945007, 28.7695236206, 29.1642627716, 29.5590019226, 29.9305210114, 30.3136501312, 30.6967792511, 31.079908371, 31.4630374908, 31.8461666107, 32.2292976379, 32.6240348816, 33.0071640015, 33.3902931213, 33.7734222412, 34.1565513611, 34.5512924194, 34.9460296631, 35.329158783, 35.7122879028, 36.0838088989, 36.455329895, 36.8268470764, 37.1983680725, 37.5814971924, 37.9646263123, 38.3593635559, 38.7424926758, 39.1256217957, 39.5087509155, 39.8802719116, 40.2634010315, 40.6465301514, 41.0296592712, 41.4011802673, 41.8191375732, 42.2370948792, 42.6550559998, 43.0730133057, 43.50258255, 43.9321517944, 44.3733329773, 44.8029022217, 45.2324714661, 45.6736488342, 46.0916099548, 46.5211791992, 46.9507484436, 47.380317688, 47.7982749939, 48.204624176, 48.6225852966, 49.0289344788, 49.4352836609, 49.8300209045, 50.2247619629, 50.6078910828, 50.9794082642, 51.362537384, 51.7572784424, 52.1404075623, 52.5235366821, 52.9182739258, 53.3246231079, 53.7077522278, 54.1024932861, 54.485622406, 54.8687515259, 55.275100708, 55.6582298279, 56.0529708862, 56.4477081299, 56.8308372498, 57.2139663696, 57.608707428, 57.9802246094, 58.3517456055, 58.7348747253, 59.1063919067, 59.4895210266, 59.884262085, 60.2673912048, 60.6505203247, 61.0452613831, 61.4283905029, 61.8115196228, 62.2062568665, 62.6009979248, 62.9957351685, 63.3904762268, 63.7852134705, 64.1799545288, 64.563079834, 64.9462127686, 65.3177337646, 65.7124710083, 66.0955963135, 66.478729248, 66.8734664917, 67.2682037354, 67.6629486084, 68.0576858521, 68.4640350342, 68.8703842163, 69.26512146, 69.659866333, 70.0546035767, 70.4725646973, 70.8789138794, 71.2852630615, 71.6916122437, 72.0863494873, 72.4926986694, 72.8874359131, 73.2821731567, 73.6769180298, 74.0716552734, 74.4547805786, 74.8495254517, 75.2326507568, 75.6273880005, 76.0221328735, 76.4168701172, 76.8116073608, 77.1947402954, 77.5778656006, 77.9609985352, 78.3441238403, 78.7272567749, 79.1219940186, 79.5283432007, 79.9230804443, 80.3178253174, 80.712562561, 81.1072998047, 81.5020370483, 81.8851699829, 82.2682952881, 82.6514282227, 83.0345535278, 83.4060745239, 83.8008117676, 84.1955566406, 84.5670700073, 84.9618148804, 85.356552124, 85.7396774292, 86.1228103638, 86.5175476074, 86.9122848511, 87.2954177856, 87.6785507202, 88.0732879639, 88.4680252075, 88.8743743896, 89.3039474487, 89.7451248169, 90.1863021851, 90.6274795532, 91.1034927368, 91.579498291, 92.0555114746, 92.4966888428, 92.9378662109, 93.36743927, 93.7853927612, 94.1917419434, 94.5980911255, 95.0160522461, 95.4572296143, 95.8635787964, 96.2699279785, 96.6646728516, 97.0594100952, 97.4541473389, 97.8488845825, 98.2436294556, 98.6383666992, 99.0214920044, 99.404624939, 99.7877502441, 100.182495117, 100.565620422, 100.960357666, 101.355102539, 101.749839783, 102.156188965, 102.562538147, 102.957275391, 103.352012634, 103.746757507, 104.141494751, 104.536231995, 104.942581177, 105.33732605, 105.732063293, 106.126800537, 106.521537781, 106.904670715, 107.299407959, 107.694145203, 108.088890076, 108.495239258, 108.90158844, 109.296325684, 109.702674866, 110.097412109, 110.503761292, 110.910110474, 111.316459656, 111.69959259, 112.094329834, 112.477455139, 112.872200012, 113.266937256, 113.673286438, 114.068023682, 114.462760925, 114.869110107, 115.26385498, 115.658592224, 116.076553345, 116.494506836, 116.912467957, 117.330429077, 117.759994507, 118.189567566, 118.607528687, 119.071922302, 119.547935486, 120.02394104, 120.488342285, 120.95274353, 121.417137146, 121.89315033, 122.380767822, 122.868385315, 123.344398499, 123.808792114, 124.284805298, 124.760810852, 125.248435974, 125.736053467, 126.223670959, 126.711288452, 127.198905945, 127.686531067, 128.17414856, 128.661773682, 129.288711548, 129.892425537, 130.507751465, 131.123077393, 131.750015259, 132.353744507, 132.969070435, 133.596008301, 134.269378662, 134.942764282, 135.604537964, 136.277908325, 136.951293945, 137.624664307, 138.286437988, 138.94821167, 139.609970093, 140.271743774, 140.933517456, 141.606887817], "beats_loudness": {"dmean2": 0.020878456533, "median": 0.0293117407709, "min": 3.22208002501e-08, "dvar2": 0.00043827254558, "dvar": 0.000152657157741, "dmean": 0.0122707914561, "max": 0.126532718539, "var": 0.000685429025907, "mean": 0.0350072719157}, "danceability": 0.878145515919, "bpm_histogram_second_peak_weight": {"dmean2": 0, "median": 0.28739002347, "min": 0.28739002347, "dvar2": 0, "dvar": 0, "dmean": 0, "max": 0.28739002347, "var": 0, "mean": 0.28739002347}, "beats_count": 342, "bpm_histogram_second_peak_bpm": {"dmean2": 0, "median": 157, "min": 157, "dvar2": 0, "dvar": 0, "dmean": 0, "max": 157, "var": 0, "mean": 157}, "bpm_histogram_first_peak_spread": {"dmean2": 0, "median": 0.223880589008, "min": 0.223880589008, "dvar2": 0, "dvar": 0, "dmean": 0, "max": 0.223880589008, "var": 0, "mean": 0.223880589008}, "beats_loudness_band_ratio": {"dmean2": [0.214328989387, 0.27197304368, 0.209856510162, 0.0721234604716, 0.0218704547733, 0.00336161372252], "median": [0.465467333794, 0.325770258904, 0.115450814366, 0.0281071513891, 0.00618762383237, 0.000156516340212], "min": [1.26514187286e-05, 0.00493611162528, 0.00220797024667, 0.000116182643978, 2.09248482861e-05, 2.88830278805e-06], "dvar2": [0.0502866618335, 0.0763893574476, 0.0533902347088, 0.0270195100456, 0.00244262511842, 7.71083286963e-05], "dvar": [0.0192800723016, 0.0242814589292, 0.0174848828465, 0.0112428115681, 0.000856891914736, 3.06531510432e-05], "dmean": [0.124454915524, 0.15977704525, 0.116428755224, 0.0438282489777, 0.0121338497847, 0.00194222468417], "max": [0.98777782917, 0.929889976978, 0.783549785614, 0.950031101704, 0.329302698374, 0.0548169203103], "var": [0.104060947895, 0.0555510148406, 0.0236881542951, 0.00979961827397, 0.000573829864152, 2.6967643862e-05], "mean": [0.448426634073, 0.363963901997, 0.171393424273, 0.0532770864666, 0.012312611565, 0.0015102585312]}}, "lowlevel": {"barkbands_spread": {"dmean2": 2.38137888908, "median": 5.07260417938, "min": 0.282604545355, "dvar2": 30.7788391113, "dvar": 12.7099637985, "dmean": 1.51651287079, "max": 111.351242065, "var": 45.6191596985, "mean": 6.26411485672}, "melbands_spread": {"dmean2": 2.39228320122, "median": 5.77347755432, "min": 0.265979111195, "dvar2": 23.3067760468, "dvar": 10.3440761566, "dmean": 1.50824141502, "max": 173.135025024, "var": 35.5198440552, "mean": 6.57549095154}, "hfc": {"dmean2": 2.7663025856, "median": 5.58474826813, "min": 1.18211997528e-16, "dvar2": 16.9973735809, "dvar": 7.92705249786, "dmean": 1.83820712566, "max": 60.8834953308, "var": 64.3041915894, "mean": 8.1142168045}, "barkbands_kurtosis": {"dmean2": 5.99439239502, "median": 4.42577695847, "min": -1.85679829121, "dvar2": 132.032577515, "dvar": 55.6053657532, "dmean": 3.78083705902, "max": 229.226013184, "var": 183.969345093, "mean": 8.42715263367}, "gfcc": {"mean": [-157.645965576, 192.4581604, -89.8464813232, -23.1303195953, -32.0715675354, -11.0571966171, -34.7032737732, -0.75476783514, -15.1557445526, -2.80662178993, -2.63034367561, -2.03979825974, 1.44656682014], "icov": [[0.000181214010809, -0.000398803764256, 0.000460986426333, -0.000511168444064, 0.000277421087958, -0.000667365151457, 0.000645642809104, -0.000351534225047, 0.00022537476616, -0.000447081576567, 0.000114795693662, -0.000123400008306, 8.6123458459e-05], [-0.000398803764256, 0.00303501076996, -0.00131178856827, 0.00213920581155, -0.00294773676433, 0.00183739035856, -0.00205705105327, 0.00177055539098, -0.00213092193007, 0.00332913943566, -0.00200946512632, 0.00344584905542, -0.00181760406122], [0.000460986426333, -0.00131178856827, 0.00269988039508, -0.00223492993973, 0.00149358808994, -0.00282196747139, 0.00143693597056, -0.000837953586597, 0.000283594359644, -0.00161081762053, 0.000344837579178, -0.00109438842628, 0.00098118709866], [-0.000511168444064, 0.00213920581155, -0.00223492993973, 0.00472396565601, -0.00207808520645, 0.00199593999423, -0.0035796102602, 0.000524729839526, -0.000871754193213, 0.00148411106784, -0.000316362624289, 0.00199641473591, -0.000573148077819], [0.000277421087958, -0.00294773676433, 0.00149358808994, -0.00207808520645, 0.007282148581, -0.00225569098257, -0.000423707126174, -0.00193420972209, 0.000410285312682, -0.0014970281627, -0.000884540961124, -0.00101992290001, -0.000278726889519], [-0.000667365151457, 0.00183739035856, -0.00282196747139, 0.00199593999423, -0.00225569098257, 0.00773178506643, -0.00153300957754, 6.01187311986e-05, -0.00172630115412, 8.74446413945e-05, 9.85736769508e-05, -0.000214718733332, 0.00027749655419], [0.000645642809104, -0.00205705105327, 0.00143693597056, -0.0035796102602, -0.000423707126174, -0.00153300957754, 0.0082704462111, -0.00155153288506, -0.000818742904812, -0.00294936448336, 0.000903826323338, -0.00134771631565, 0.00199802196585], [-0.000351534225047, 0.00177055539098, -0.000837953586597, 0.000524729839526, -0.00193420972209, 6.01187311986e-05, -0.00155153288506, 0.00665714638308, -0.000148386301589, 0.000144585428643, -0.00106231076643, 0.00132944737561, -0.00279253255576], [0.00022537476616, -0.00213092193007, 0.000283594359644, -0.000871754193213, 0.000410285312682, -0.00172630115412, -0.000818742904812, -0.000148386301589, 0.00950786937028, -0.00218732026406, 0.00120408181101, -0.00493565108627, 0.000275907164905], [-0.000447081576567, 0.00332913943566, -0.00161081762053, 0.00148411106784, -0.0014970281627, 8.74446413945e-05, -0.00294936448336, 0.000144585428643, -0.00218732026406, 0.0167167857289, -0.00708297919482, 0.00308612594381, -0.00225965352729], [0.000114795693662, -0.00200946512632, 0.000344837579178, -0.000316362624289, -0.000884540961124, 9.85736769508e-05, 0.000903826323338, -0.00106231076643, 0.00120408181101, -0.00708297919482, 0.0147855076939, -0.00423294911161, -0.000210953367059], [-0.000123400008306, 0.00344584905542, -0.00109438842628, 0.00199641473591, -0.00101992290001, -0.000214718733332, -0.00134771631565, 0.00132944737561, -0.00493565108627, 0.00308612594381, -0.00423294911161, 0.0174104962498, -0.00721653597429], [8.6123458459e-05, -0.00181760406122, 0.00098118709866, -0.000573148077819, -0.000278726889519, 0.00027749655419, 0.00199802196585, -0.00279253255576, 0.000275907164905, -0.00225965352729, -0.000210953367059, -0.00721653597429, 0.0170471798629]], "cov": [[16663.3125, 1096.2791748, -1441.76538086, 183.5834198, 502.970062256, 596.805053711, -521.629638672, 563.731811523, -131.431808472, 141.790359497, 184.836776733, -183.703979492, 219.294555664], [1096.2791748, 3237.63183594, -347.148223877, -225.231460571, 1121.03308105, -223.113494873, 529.105041504, -213.801605225, 444.563934326, -201.633346558, 262.102539062, -219.781600952, 153.27796936], [-1441.76538086, -347.148223877, 1442.95495605, 632.164978027, 38.4258842468, 420.362335205, 262.326263428, 188.135635376, 159.207504272, 173.754180908, 39.1581306458, 99.6038208008, -34.5650939941], [183.5834198, -225.231460571, 632.164978027, 791.464172363, 167.278305054, 226.293014526, 309.718688965, 200.145874023, 101.190956116, 128.619735718, 34.4959526062, 25.1550388336, -12.6938152313], [502.970062256, 1121.03308105, 38.4258842468, 167.278305054, 673.778259277, 56.9682807922, 346.632141113, 68.3729553223, 226.39982605, 12.4434013367, 152.240615845, -39.3739280701, 84.26146698], [596.805053711, -223.113494873, 420.362335205, 226.293014526, 56.9682807922, 374.899139404, 74.1382980347, 151.275619507, 71.7567443848, 107.765319824, 31.2722358704, 63.0605239868, 7.73509597778], [-521.629638672, 529.105041504, 262.326263428, 309.718688965, 346.632141113, 74.1382980347, 448.56237793, 70.7464141846, 188.453765869, 50.8231658936, 82.6126251221, -3.70400691032, 20.9807510376], [563.731811523, -213.801605225, 188.135635376, 200.145874023, 68.3729553223, 151.275619507, 70.7464141846, 292.408111572, 21.8970603943, 90.7823104858, 39.7745437622, 39.4989204407, 37.4124031067], [-131.431808472, 444.563934326, 159.207504272, 101.190956116, 226.39982605, 71.7567443848, 188.453765869, 21.8970603943, 247.155090332, 26.8812656403, 66.4531173706, 35.2703361511, 41.6520042419], [141.790359497, -201.633346558, 173.754180908, 128.619735718, 12.4434013367, 107.765319824, 50.8231658936, 90.7823104858, 26.8812656403, 136.497512817, 47.5021057129, 36.595123291, 13.2100105286], [184.836776733, 262.102539062, 39.1581306458, 34.4959526062, 152.240615845, 31.2722358704, 82.6126251221, 39.7745437622, 66.4531173706, 47.5021057129, 131.882385254, 19.619512558, 39.8895606995], [-183.703979492, -219.781600952, 99.6038208008, 25.1550388336, -39.3739280701, 63.0605239868, -3.70400691032, 39.4989204407, 35.2703361511, 36.595123291, 19.619512558, 120.250007629, 33.269443512], [219.294555664, 153.27796936, -34.5650939941, -12.6938152313, 84.26146698, 7.73509597778, 20.9807510376, 37.4124031067, 41.6520042419, 13.2100105286, 39.8895606995, 33.269443512, 96.0340270996]]}, "spectral_energyband_middle_low": {"dmean2": 0.00646403152496, "median": 0.00933572091162, "min": 2.69251404084e-22, "dvar2": 0.000106820138171, "dvar": 4.55747976957e-05, "dmean": 0.00418874016032, "max": 0.148761019111, "var": 0.000324378022924, "mean": 0.0157395601273}, "melbands_crest": {"dmean2": 6.10514450073, "median": 16.5906639099, "min": 1.00327587128, "dvar2": 26.7798080444, "dvar": 9.15456581116, "dmean": 3.55101513863, "max": 36.6493606567, "var": 35.426700592, "mean": 17.5363788605}, "spectral_kurtosis": {"dmean2": 27.8618907928, "median": 38.833694458, "min": -1.20860385895, "dvar2": 949.151611328, "dvar": 337.300048828, "dmean": 16.2891082764, "max": 212.844451904, "var": 1283.84301758, "mean": 48.3278274536}, "spectral_rms": {"dmean2": 0.00134908908512, "median": 0.00504276994616, "min": 3.2505833962e-12, "dvar2": 1.64324228535e-06, "dvar": 5.64704635053e-07, "dmean": 0.00078455649782, "max": 0.0131862312555, "var": 6.67967424306e-06, "mean": 0.00496262218803}, "zerocrossingrate": {"dmean2": 0.0040230769664, "median": 0.0166015625, "min": 0.001953125, "dvar2": 7.20259777154e-05, "dvar": 6.31519869785e-05, "dmean": 0.0032503711991, "max": 0.65771484375, "var": 0.000890272902325, "mean": 0.0215365123004}, "silence_rate_60dB": {"dmean2": 0.0293973535299, "median": 0, "min": 0, "dvar2": 0.034089576453, "dvar": 0.0144788306206, "dmean": 0.0146962767467, "max": 1, "var": 0.104979850352, "mean": 0.119183674455}, "erbbands_kurtosis": {"dmean2": 2.1499080658, "median": 1.07595777512, "min": -1.74386024475, "dvar2": 24.8000907898, "dvar": 14.3212242126, "dmean": 1.43560814857, "max": 178.984222412, "var": 75.2383117676, "mean": 2.84618663788}, "erbbands": {"dmean2": [0.509334981441, 0.802253961563, 0.741727530956, 1.23653078079, 3.75103402138, 6.30123615265, 20.749174118, 46.6898612976, 19.8091373444, 8.09956932068, 13.0011062622, 14.0145702362, 6.91641664505, 5.50137472153, 6.92212867737, 5.50136566162, 3.85421228409, 3.43473625183, 3.73597431183, 2.0742828846, 1.12695753574, 1.04935479164, 0.532628893852, 0.529634952545, 0.175566568971, 0.176770865917, 0.0755862221122, 0.0536825992167, 0.11429554224, 0.1726783216, 0.125546768308, 0.137450814247, 0.102201402187, 0.0967572182417, 0.0691923201084, 0.0246526189148, 0.00516447564587, 0.000894663389772, 9.78949028649e-05, 2.11361366382e-05], "median": [0.217428088188, 1.5046005249, 0.929192721844, 0.880570113659, 2.08176112175, 6.77109193802, 16.6994247437, 16.8649616241, 11.4901065826, 7.83426570892, 8.38832569122, 8.9853515625, 5.7624373436, 4.50490379333, 5.43599271774, 4.64567518234, 2.88668990135, 1.96153759956, 1.71793031693, 1.37736558914, 0.787970840931, 0.542522072792, 0.224703162909, 0.111131221056, 0.0403628647327, 0.0255020558834, 0.00852589774877, 0.00428334157914, 0.00199697050266, 0.00116505741607, 0.000886496098246, 0.00074314000085, 0.000509252946358, 0.000288958108285, 0.000196963650524, 9.90042681224e-05, 4.39513023593e-05, 1.01934820123e-05, 1.95099164557e-05, 3.16078476317e-05], "min": [4.21969675164e-22, 1.73622302518e-21, 1.73512184099e-20, 1.27673802433e-19, 1.21893903752e-19, 1.81326106981e-19, 3.42634546537e-19, 2.63181548105e-19, 5.70208063072e-19, 7.57264101855e-19, 8.98522458844e-19, 1.03093163764e-18, 4.42182062643e-19, 1.90003614178e-18, 3.33090867501e-18, 1.93893741201e-18, 4.53732554223e-18, 1.36837957562e-17, 5.68430369217e-18, 6.52088934829e-18, 4.84666875745e-18, 8.77062664058e-18, 1.58299555601e-17, 1.46935649084e-17, 1.72323741143e-17, 1.47175878878e-17, 1.46462567948e-17, 2.43201009714e-17, 2.43155564411e-17, 1.90021270348e-17, 1.47850841714e-17, 1.7018594248e-17, 1.78506370282e-17, 8.95265683336e-18, 1.11468171011e-17, 7.6005126625e-18, 3.08489668224e-18, 1.43231224109e-18, 3.2236301221e-19, 3.54805972875e-20], "dvar2": [0.438087612391, 2.36556315422, 2.94877409935, 15.3545608521, 137.209213257, 142.845428467, 1459.84729004, 11534.4892578, 2049.98168945, 287.898040771, 1092.39868164, 1096.9831543, 192.537887573, 177.308258057, 317.451782227, 191.19380188, 104.560783386, 183.557739258, 156.343338013, 38.0561752319, 16.5832939148, 13.3170604706, 4.00918531418, 5.44257450104, 0.687613964081, 1.25343298912, 0.157045766711, 0.123823359609, 0.715747416019, 2.07034635544, 0.774029552937, 1.00893318653, 0.566881775856, 0.428478598595, 0.326825737953, 0.0347233228385, 0.0014695719583, 3.56926066161e-05, 4.26753558713e-07, 1.12443188094e-09], "dvar": [0.134486049414, 0.844413161278, 1.09464097023, 6.15929079056, 52.5870895386, 66.9335479736, 808.619506836, 4231.38818359, 981.652282715, 121.098884583, 471.855438232, 548.776855469, 92.4368591309, 79.9749526978, 136.420318604, 100.405181885, 44.9439201355, 66.8497848511, 71.8759765625, 15.8626403809, 7.18369150162, 7.26663923264, 1.91087269783, 2.52328538895, 0.370057821274, 0.563436508179, 0.0885444134474, 0.0732340663671, 0.344972610474, 0.97172242403, 0.455065578222, 0.502257168293, 0.332118690014, 0.255118012428, 0.154848277569, 0.0169673096389, 0.000752790132537, 1.91135259229e-05, 2.05572177947e-07, 5.28547872136e-10], "dmean": [0.281259179115, 0.528131008148, 0.465180575848, 0.885671794415, 2.64842891693, 4.28216075897, 14.2971849442, 26.9802055359, 13.0494184494, 5.36604070663, 8.71088886261, 9.59375953674, 4.68004417419, 3.57833766937, 4.59135341644, 3.58276534081, 2.51426076889, 2.21947622299, 2.51585841179, 1.32542872429, 0.753817975521, 0.758509755135, 0.364351511002, 0.360149800777, 0.124168165028, 0.125865474343, 0.0555514469743, 0.0382227003574, 0.0803147256374, 0.126068249345, 0.0932285487652, 0.10047737509, 0.0805375650525, 0.0741488784552, 0.0497385859489, 0.0172651447356, 0.00370898400433, 0.000669728091452, 7.00400196365e-05, 1.28044894154e-05], "max": [4.14981937408, 11.1747074127, 26.1033935547, 134.594100952, 246.354064941, 277.554718018, 796.949645996, 1545.44006348, 983.519165039, 316.833221436, 507.659484863, 524.32421875, 191.850692749, 463.343292236, 352.072540283, 539.370544434, 178.801589966, 327.309753418, 264.625518799, 116.045799255, 104.532989502, 94.8854827881, 53.2070159912, 52.0041618347, 25.0687923431, 34.114490509, 14.7289648056, 14.9328975677, 25.8352222443, 48.7674713135, 35.9375495911, 26.7295322418, 27.9686183929, 19.756685257, 18.7675094604, 5.14830970764, 1.27469837666, 0.143087923527, 0.013068956323, 0.00080496998271], "var": [0.201384812593, 2.87291145325, 10.8985471725, 85.8782272339, 387.69821167, 310.684326172, 3506.94360352, 14423.9521484, 4446.95751953, 286.397705078, 1499.47558594, 2256.02099609, 376.678039551, 180.793899536, 328.691497803, 239.739196777, 120.900123596, 137.922668457, 172.18196106, 34.9662666321, 19.691532135, 23.0110111237, 6.15374469757, 6.76005506516, 1.4056841135, 1.43238031864, 0.320154130459, 0.292567610741, 1.00908517838, 2.51487469673, 1.96137487888, 1.80959331989, 1.18741703033, 1.10003304482, 0.46343138814, 0.0566723048687, 0.00280358013697, 6.61492231302e-05, 5.18444608133e-07, 2.56311327718e-09], "mean": [0.372287780046, 1.64294624329, 2.54191684723, 3.63915491104, 8.53488349915, 12.476111412, 35.2889900208, 57.9831237793, 34.6485977173, 12.9067573547, 21.5494098663, 25.8888111115, 12.7954683304, 8.35936450958, 10.4710502625, 8.83287525177, 6.08640956879, 4.95472192764, 5.35152721405, 3.21217060089, 1.99269521236, 1.91866266727, 0.905740499496, 0.755567669868, 0.303495496511, 0.249886497855, 0.115368001163, 0.0773901939392, 0.138766080141, 0.218430861831, 0.186733916402, 0.194143995643, 0.150999367237, 0.146472796798, 0.0930573791265, 0.033443313092, 0.00750789465383, 0.00125179451425, 0.000137498282129, 4.17908886448e-05]}, "spectral_strongpeak": {"dmean2": 0.523921132088, "median": 0.306835263968, "min": 0, "dvar2": 0.492239058018, "dvar": 0.19473542273, "dmean": 0.3021671772, "max": 6.17504310608, "var": 0.607928395271, "mean": 0.614443659782}, "spectral_energy": {"dmean2": 0.0167430974543, "median": 0.0260652657598, "min": 1.08304494358e-20, "dvar2": 0.00034273872734, "dvar": 0.00011822473607, "dmean": 0.0096194576472, "max": 0.178223624825, "var": 0.000753300439101, "mean": 0.0320899151266}, "average_loudness": 0.555792033672, "spectral_rolloff": {"dmean2": 182.333068848, "median": 387.59765625, "min": 43.06640625, "dvar2": 514214.5, "dvar": 244670, "dmean": 103.201080322, "max": 18755.4199219, "var": 1039358.9375, "mean": 504.074645996}, "spectral_centroid": {"dmean2": 66.412612915, "median": 408.508087158, "min": 147.414337158, "dvar2": 18026.4589844, "dvar": 17135.0839844, "dmean": 46.0463638306, "max": 11101.6533203, "var": 65923.75, "mean": 450.66293335}, "pitch_salience": {"dmean2": 0.10801102221, "median": 0.512089192867, "min": 0.0528068356216, "dvar2": 0.00857321452349, "dvar": 0.00309814000502, "dmean": 0.0636286884546, "max": 0.996016025543, "var": 0.0170574132353, "mean": 0.507752776146}, "spectral_energyband_middle_high": {"dmean2": 0.000468310288852, "median": 0.000726595462766, "min": 1.59450119744e-21, "dvar2": 7.9216732729e-07, "dvar": 3.97771799499e-07, "dmean": 0.000323597632814, "max": 0.0156809687614, "var": 1.98317798095e-06, "mean": 0.0011340607889}, "spectral_contrast_coeffs": {"dmean2": [0.0604897812009, 0.0656955987215, 0.0449097901583, 0.0365797281265, 0.0268011949956, 0.0243642665446], "median": [-0.63148099184, -0.698249638081, -0.755645632744, -0.769119501114, -0.772599935532, -0.835602045059], "min": [-0.991337954998, -0.997606694698, -0.998070538044, -0.988792657852, -0.988316237926, -0.960459649563], "dvar2": [0.00252199103124, 0.00318379350938, 0.0014862914104, 0.00103244546335, 0.000547482573893, 0.000564435496926], "dvar": [0.00095935043646, 0.00118577678222, 0.000615590892266, 0.000435887050116, 0.000256943400018, 0.000218874032726], "dmean": [0.0368806347251, 0.0400331616402, 0.0280392281711, 0.0227163285017, 0.0171740073711, 0.0151417171583], "max": [-0.261553764343, -0.348092794418, -0.427695721388, -0.492245197296, -0.613297700882, -0.627380788326], "var": [0.0146447941661, 0.0077117709443, 0.00444375816733, 0.00333168590441, 0.00315935281105, 0.00126304035075], "mean": [-0.612697005272, -0.685578346252, -0.748014092445, -0.770307481289, -0.776053190231, -0.832346439362]}, "melbands_skewness": {"dmean2": 0.888873875141, "median": 2.10514712334, "min": -6.84392738342, "dvar2": 0.841915607452, "dvar": 0.349998265505, "dmean": 0.552395939827, "max": 10.6681585312, "var": 1.83572220802, "mean": 2.31224536896}, "spectral_spread": {"dmean2": 543800.4375, "median": 1463405.375, "min": 427978.75, "dvar2": 963601367040, "dvar": 620006932480, "dmean": 372340.46875, "max": 41199044, "var": 4912051126270.0, "mean": 2107776.25}, "dissonance": {"dmean2": 0.0541599132121, "median": 0.423096299171, "min": 0.116802163422, "dvar2": 0.0024413804058, "dvar": 0.000907948473468, "dmean": 0.0321890935302, "max": 0.500000059605, "var": 0.00247262138873, "mean": 0.415852665901}, "spectral_skewness": {"dmean2": 1.61645781994, "median": 4.56472492218, "min": -0.0115510895848, "dvar2": 2.61027526855, "dvar": 0.902671277523, "dmean": 0.954689979553, "max": 11.5234804153, "var": 3.54359507561, "mean": 4.78125190735}, "spectral_flux": {"dmean2": 0.0317564420402, "median": 0.0632785782218, "min": 1.04069447504e-10, "dvar2": 0.00106115522794, "dvar": 0.000410377630033, "dmean": 0.0197378359735, "max": 0.284913957119, "var": 0.00163752899971, "mean": 0.0652164667845}, "spectral_contrast_valleys": {"dmean2": [0.512418091297, 0.442172735929, 0.380789846182, 0.361471503973, 0.326562553644, 0.35513317585], "median": [-7.04204368591, -6.6450214386, -7.74485254288, -8.70961666107, -10.2614812851, -13.2998952866], "min": [-27.4721813202, -26.9518795013, -27.1041507721, -27.1596603394, -27.1365203857, -27.2504425049], "dvar2": [0.19208984077, 0.16310235858, 0.129998147488, 0.12879614532, 0.133259043097, 0.189944431186], "dvar": [0.0876185297966, 0.0851613879204, 0.0733006075025, 0.0735983774066, 0.083186596632, 0.113408699632], "dmean": [0.30524712801, 0.270231246948, 0.240675121546, 0.232871130109, 0.222754701972, 0.248544663191], "max": [-5.35790681839, -4.94660663605, -6.12618398666, -6.85963201523, -7.16182088852, -8.17291355133], "var": [3.42944574356, 1.91867172718, 1.99732196331, 2.05959486961, 1.71295166016, 1.87611627579], "mean": [-7.83861160278, -7.02138519287, -8.13237285614, -9.10015201569, -10.3718633652, -13.1224403381]}, "erbbands_flatness_db": {"dmean2": 0.0218457654119, "median": 0.28154245019, "min": 0.0410166233778, "dvar2": 0.000485146447318, "dvar": 0.000274213089142, "dmean": 0.0149384923279, "max": 0.493756711483, "var": 0.00439910311252, "mean": 0.27730846405}, "spectral_energyband_high": {"dmean2": 2.40458011831e-05, "median": 9.15049668038e-07, "min": 8.06063919361e-21, "dvar2": 2.33495853763e-08, "dvar": 1.49183474463e-08, "dmean": 1.92639618035e-05, "max": 0.00401975261047, "var": 6.99422457728e-08, "mean": 4.43110220658e-05}, "spectral_entropy": {"dmean2": 0.223011493683, "median": 6.11408996582, "min": 4.49641227722, "dvar2": 0.0552328303456, "dvar": 0.0288883186877, "dmean": 0.149994030595, "max": 9.82882404327, "var": 0.307415008545, "mean": 6.15386343002}, "silence_rate_20dB": {"dmean2": 0, "median": 1, "min": 1, "dvar2": 0, "dvar": 0, "dmean": 0, "max": 1, "var": 0, "mean": 1}, "melbands_flatness_db": {"dmean2": 0.0371976457536, "median": 0.421584695578, "min": 1.25115619198e-07, "dvar2": 0.00108507229015, "dvar": 0.000505026138853, "dmean": 0.0237156134099, "max": 0.712596595287, "var": 0.00878688320518, "mean": 0.419195145369}, "barkbands": {"dmean2": [0.00734148547053, 0.00775269605219, 0.000669710279908, 0.000521879992448, 0.00212442572229, 0.00443796860054, 0.000883615517523, 0.000602390500717, 0.00065463752253, 0.000191846047528, 0.000154735243996, 0.000173793188878, 8.61285370775e-05, 8.51107397466e-05, 5.40139553777e-05, 2.73869136436e-05, 1.71449173649e-05, 1.10947967187e-05, 6.71439238431e-06, 3.70476527678e-06, 1.38965765473e-06, 4.12119516113e-06, 4.29950114267e-06, 6.17135492575e-06, 8.96216897672e-06, 3.69344184037e-06, 5.51502580493e-07], "median": [0.00192716065794, 0.00755075924098, 0.000363157480024, 0.000227057971642, 0.00229064538144, 0.0022334237583, 0.000488710822538, 0.000398563744966, 0.000402477715397, 0.000110231194412, 0.00010305588512, 0.000114751499495, 5.1759496273e-05, 3.26227491314e-05, 2.6419185815e-05, 1.48191684275e-05, 8.84053861228e-06, 2.74843432635e-06, 1.17321906146e-06, 5.14174701038e-07, 1.3369736962e-07, 4.47837038564e-08, 3.14386774392e-08, 3.28795550786e-08, 2.40327047152e-08, 1.7258228624e-08, 8.84989059813e-09], "min": [3.92360670922e-23, 8.65785019786e-24, 2.48817142471e-23, 4.78458212295e-23, 5.0212075779e-23, 4.193156694e-23, 5.28143575114e-23, 3.11445724815e-23, 4.41877753932e-23, 2.92206480187e-23, 7.95239823827e-23, 3.73551387042e-23, 8.22182452966e-23, 2.54867074525e-22, 1.25765961039e-22, 8.07931964704e-23, 1.17734599718e-22, 3.66260469499e-22, 2.79478398808e-22, 3.16485239646e-22, 5.01083891638e-22, 6.12563644793e-22, 5.08743137805e-22, 1.02003658087e-21, 1.19822786478e-21, 1.72712848131e-21, 2.51240015776e-21], "dvar2": [8.26267205412e-05, 0.000118556890811, 2.82684254671e-06, 3.16175669468e-06, 1.67924554262e-05, 7.65456061345e-05, 5.02398961544e-06, 2.16219950744e-06, 2.14079159377e-06, 2.12145138789e-07, 1.51695033423e-07, 1.63282749099e-07, 5.12053013324e-08, 9.93770967739e-08, 3.17484705192e-08, 1.35192284034e-08, 3.46275985663e-09, 1.66034419546e-09, 1.21133769682e-09, 5.18322718079e-10, 6.71641908756e-11, 9.09003483596e-10, 8.478066027e-10, 1.87650006644e-09, 4.32847713228e-09, 7.10424830075e-10, 1.38634043481e-11], "dvar": [2.50978082477e-05, 3.93237751268e-05, 1.08313770397e-06, 1.35262928325e-06, 8.66848040459e-06, 2.99209696095e-05, 2.39252517531e-06, 8.91910246992e-07, 1.07735183974e-06, 9.42057809539e-08, 6.72089441878e-08, 7.95174983637e-08, 2.27436149913e-08, 3.87859309114e-08, 1.46157939085e-08, 5.48559331293e-09, 1.87962401199e-09, 8.27806434511e-10, 5.23652732287e-10, 2.35984315422e-10, 4.20899773368e-11, 4.10904615888e-10, 5.38106059711e-10, 1.03255004547e-09, 2.367042784e-09, 3.68896968528e-10, 6.79448901655e-12], "dmean": [0.00392231717706, 0.00452129496261, 0.000427298655268, 0.000385246763472, 0.00149662897456, 0.00266262888908, 0.00058294844348, 0.000399915443268, 0.000446766120149, 0.00012475058611, 0.000103717808088, 0.000113334419439, 5.63675748708e-05, 5.40871114936e-05, 3.55401170964e-05, 1.72937816387e-05, 1.22644541989e-05, 7.40291534385e-06, 4.38677125203e-06, 2.64126447291e-06, 1.00732120245e-06, 2.82740984403e-06, 3.32831291416e-06, 4.67700510853e-06, 6.77436173646e-06, 2.61787840827e-06, 3.98408275259e-07], "max": [0.0310810543597, 0.0773372277617, 0.028780579567, 0.0618830062449, 0.0964889451861, 0.130487978458, 0.0487061403692, 0.0257723256946, 0.0245774779469, 0.00716151390225, 0.00873730983585, 0.0114991022274, 0.00402832310647, 0.00587147241458, 0.00549200456589, 0.0033504308667, 0.00139930576552, 0.000976954353973, 0.000716628797818, 0.00077642017277, 0.000327071727952, 0.000753097527195, 0.00112151633948, 0.00119907746557, 0.00197155284695, 0.000706004386302, 7.78781322879e-05], "var": [2.85541955236e-05, 9.57507727435e-05, 7.85887459642e-06, 1.96007440536e-05, 5.20206813235e-05, 0.000118462114187, 7.30498186385e-06, 2.10353755392e-06, 4.73972431791