{"tonal": {"thpcp": [1, 0.70766043663, 0.187316000462, 0.0891864821315, 0.0960089117289, 0.221770510077, 0.361017107964, 0.299415528774, 0.215661689639, 0.214473620057, 0.230905815959, 0.433302670717, 0.557252347469, 0.355286508799, 0.293912529945, 0.36783093214, 0.241948276758, 0.126375705004, 0.143632724881, 0.255623191595, 0.659141242504, 0.907524585724, 0.512828469276, 0.144479379058, 0.0957568734884, 0.0838186740875, 0.158499449492, 0.259188443422, 0.187061980367, 0.109849207103, 0.123829089105, 0.112198159099, 0.195289477706, 0.315231889486, 0.283862829208, 0.540707707405], "hpcp": {"dmean2": [0.24832585454, 0.211808159947, 0.108596652746, 0.0734697058797, 0.0688755512238, 0.0935355275869, 0.12743575871, 0.101085849106, 0.0708881616592, 0.074166662991, 0.0788504257798, 0.107906930149, 0.150861829519, 0.184726148844, 0.230926707387, 0.238109454513, 0.241102933884, 0.144506067038, 0.0796578526497, 0.0892103686929, 0.137140750885, 0.169293105602, 0.183659210801, 0.163915276527, 0.158126831055, 0.178843170404, 0.25387480855, 0.268951684237, 0.207507818937, 0.187815561891, 0.160490676761, 0.140101984143, 0.110921107233, 0.1257930547, 0.183424770832, 0.239846155047], "median": [0.16298609972, 0.086312904954, 0.0109557546675, 0.00361921917647, 0.00336118345149, 0.00667609786615, 0.00890782941133, 0.00821073167026, 0.00514401542023, 0.00378077756613, 0.00418920163065, 0.016238052398, 0.0247553512454, 0.0193439144641, 0.0810075625777, 0.146129101515, 0.083538658917, 0.0117128267884, 0.00268134544604, 0.00303875096142, 0.0117299584672, 0.0204929672182, 0.0156999602914, 0.00394904334098, 0.00244465982541, 0.00487768696621, 0.0255566183478, 0.0327056758106, 0.0262747872621, 0.0104245329276, 0.007199681364, 0.00460112374276, 0.00531286234036, 0.00577149214223, 0.0119815915823, 0.0902429670095], "min": [0, 0, 0, 0, 0, 0, 0, 0, 0, 0, 0, 0, 0, 0, 0, 0, 0, 0, 0, 0, 0, 0, 0, 0, 0, 0, 0, 0, 0, 0, 0, 0, 0, 0, 0, 0], "dvar2": [0.10577839613, 0.0910705626011, 0.0493428856134, 0.0396096892655, 0.0413984395564, 0.0443576425314, 0.0709294676781, 0.0459350757301, 0.0337752662599, 0.0393892861903, 0.0339470356703, 0.0459028892219, 0.0685457140207, 0.0946967676282, 0.105420954525, 0.109216615558, 0.108845412731, 0.0768932402134, 0.0437635667622, 0.0488177016377, 0.0777806118131, 0.0872092545033, 0.109950475395, 0.105166919529, 0.104815356433, 0.0999259725213, 0.138650387526, 0.140524327755, 0.0949596390128, 0.105984441936, 0.0954111665487, 0.0845553651452, 0.0654610618949, 0.081403978169, 0.101018607616, 0.104970298707], "dvar": [0.0470948405564, 0.0356491580606, 0.017958695069, 0.0144537519664, 0.0145042780787, 0.0177095290273, 0.0313159823418, 0.019182831049, 0.0132234068587, 0.0164293665439, 0.0134156905115, 0.0184795763344, 0.0296521354467, 0.0371693633497, 0.0415502712131, 0.0525254644454, 0.0469429045916, 0.0290902722627, 0.0162522643805, 0.0177916828543, 0.0297460276634, 0.0399151295424, 0.042993567884, 0.0395596846938, 0.0414837896824, 0.0389331430197, 0.0552103444934, 0.0627205371857, 0.0386878810823, 0.039112161845, 0.0400856509805, 0.0311778821051, 0.0238170120865, 0.0299329012632, 0.0372896678746, 0.0446635559201], "dmean": [0.149976417422, 0.125386878848, 0.0610298775136, 0.0409687049687, 0.0379615724087, 0.0541911423206, 0.0757811293006, 0.0605179071426, 0.0408072248101, 0.0428845733404, 0.044606089592, 0.0625400096178, 0.0874855294824, 0.1032807827, 0.1338583529, 0.145093351603, 0.144080251455, 0.0809155777097, 0.0440326631069, 0.0482178926468, 0.0787027552724, 0.100870899856, 0.104460507631, 0.0914645418525, 0.0881221443415, 0.100027352571, 0.145981907845, 0.158162251115, 0.120702110231, 0.104463540018, 0.0928445607424, 0.0794113501906, 0.0604064501822, 0.068225197494, 0.100826248527, 0.140562489629], "max": [1, 1, 1, 1, 1, 1, 1, 1, 1, 1, 1, 1, 1, 1, 1, 1, 1, 1, 1, 1, 1, 1, 1, 1, 1, 1, 1, 1, 1, 1, 1, 1, 1, 1, 1, 1], "var": [0.125434353948, 0.0549928061664, 0.0137763591483, 0.0116834733635, 0.0110295163468, 0.0199848432094, 0.0445921681821, 0.0240870919079, 0.0147575568408, 0.0222486592829, 0.0139303831384, 0.0209683477879, 0.0500612929463, 0.0387232340872, 0.0610586926341, 0.160574659705, 0.0970400944352, 0.0247165821493, 0.0118163255975, 0.0126324258745, 0.0313155688345, 0.0629581436515, 0.0482084155083, 0.0397659428418, 0.0437592677772, 0.0373921617866, 0.0683910772204, 0.0997449681163, 0.0489044599235, 0.0443932823837, 0.0775416865945, 0.03958292678, 0.0175211653113, 0.0230275187641, 0.0357682555914, 0.0929348990321], "mean": [0.328470468521, 0.185613721609, 0.0522930286825, 0.0346583500504, 0.0303374249488, 0.0573674701154, 0.0938109531999, 0.0677054226398, 0.0397589467466, 0.0448188409209, 0.0406091287732, 0.0706832930446, 0.114095382392, 0.102741636336, 0.195704355836, 0.361941128969, 0.256131410599, 0.0677973628044, 0.0322802551091, 0.0347495749593, 0.0802678689361, 0.130666941404, 0.108370795846, 0.0780568346381, 0.077626824379, 0.0835743099451, 0.156830057502, 0.201692536473, 0.128592804074, 0.106379032135, 0.133133143187, 0.0875710323453, 0.0457405671477, 0.0519865900278, 0.0925205498934, 0.238570317626]}, "tuning_equal_tempered_deviation": 0.00846855156124, "chords_changes_rate": 0.0563767626882, "key_key": "D", "tuning_diatonic_strength": 0.652109324932, "key_scale": "major", "chords_number_rate": 0.00275008589961, "tuning_frequency": 439.491973877, "tuning_nontempered_energy_ratio": 0.661986172199, "chords_histogram": [47.2671012878, 8.28463363647, 16.0880031586, 0.0343760736287, 0, 0, 0, 0, 0, 0, 2.16569256783, 1.30629086494, 0, 0, 0, 0.481265038252, 0, 5.36266756058, 0.515641093254, 0, 0, 0.206256449223, 15.0910968781, 3.19697499275], "key_strength": 0.874268293381, "chords_key": "D", "chords_strength": {"dmean2": 0.00943002197891, "median": 0.545584440231, "min": 0.293961018324, "dvar2": 8.94538898137e-05, "dvar": 7.51001643948e-05, "dmean": 0.0102295177057, "max": 0.765099465847, "var": 0.00654670456424, "mean": 0.541104316711}, "chords_scale": "major", "hpcp_entropy": {"dmean2": 1.00720489025, "median": 1.63510429859, "min": 0, "dvar2": 0.755684614182, "dvar": 0.295223861933, "dmean": 0.600676119328, "max": 4.21426010132, "var": 0.520017385483, "mean": 1.63116955757}}, "metadata": {"audio_properties": {"equal_loudness": 0, "codec": "mp3", "downmix": "mix", "sample_rate": 44100, "analysis_sample_rate": 44100, "bit_rate": 160000, "md5_encoded": "f6058c283b20f85b0b66c6d5b62ae9db", "length": 135.026931763, "replay_gain": -6.18084335327, "lossless": false}, "version": {"essentia_build_sha": "2d9f1f26377add8aeb1075a9c2973f962c4f09fd", "essentia": "2.1-beta2", "extractor": "music 1.0", "essentia_git_sha": "v2.1_beta2-1-ge3940c0"}, "tags": {"title": ["I'm Worried Now"], "acoustid_fingerprint": ["AQADtEu1ZMmT4EmSSMdX-MfxS0GipHlChMZ_XIb3Y--P8NGMJkefB81y6C-0-MQ5Eo3-4N-Ckj-ajnjqBM2VQCtT4ikciscTJcgd9Fma4D5upE3ooFZy6HiOHE7dJMjHC6cCnfCeCaeDazjEHzcjhCst_EEf4znCVwz-QLxK-EY1NQ2e6oSuFOm748qHLz_cUVLwD7-EU_kQjmFCI8lCsehzgdWDB3807DvsbMOeGHmiHOL4IH5a8FqKKxmmRMnQ6_jR_EQuG_agydCj47GElHKLXE_wH-JZBf9mRGR-NBd68AlxbBfyJIUmfkKYJjzevXgy9EITE6eCZzl6TPnxJwJPG1-GkSjCOB_-QJ-KfMW3FY-zHUfno_mKF-5H5ErS48dD9tBO_LCgiJGOH9leHdmX1PD4QE-WH3uCMNdRmTHW57iSOfiCpugx5air4WqOOPwC8ceRKyyO72jRJGm04JeOWy-m5wo8-UTDNDnuBxeaHtUR6MqDK-nwBj8c5ZnwO8SRBz7yXNhRJUwQJl6FmzraUBTRHH-m4QuT4MbDGe-Qnjl0ZcuRS8cd-BTeD9eSOTlqZRmaHzvyHfx0fMT1fWiWo94V466MH-IRnDm-Z2Duo-Yk48kx5T5KKbEU_Bee4jxsZ_jm4_9RhhemrMeRKKnKIzzxHdtHnEos_MmOm6RRMjvC8HEGXUcYJ6jH4TymJwaTH8-8KJhlJ0VlWD9sDUeaHyWzBuqUaURTKl3Q29BzyN2F_xEuZSSaM0FVHZF17DseJsmFK0N644KuCJZIhPMV-F-M5jmeLF3x_ShJohmPR1x8XMJzJFF-9BoRPgmmTBvx8ML3Cv3hdYj2QPsQP8N_XJFx6crRo7mRVeeRPBLxhRHeD81IMMKXKwip6EqgpUfOYU8Ox8efovnU43nQjB8eHaHRQDZDOFfwQ2NyeHeQK0fjF39QPUqHJsGJPHOgZU_Rf3h6PJoS4Q80ysR9pNKD4g1CSQ6ahwrOEoeYK8Sl40d1nbBzpMyF76hEPMzR_KgWXaijw6MUDU_gB_2NHyOdMAiTSPlQK4H0o24yIgylYDyFsnmCc_lxHe1yYoqqB6UenEmUICtJiBdO5DF2zqj1IA8LPxWhKdnRVK1Qdg5eQVdwpcF-NGGs4xmY_IEuwnXGYY-e4cefow8aHc9z_BP67AjzKPjx6EK1OA2aH9EzHNIxP7hG-Ar-Zvh-NGqyo1R-eDpwaP8RZkrTESOfADzG18SVKTf29LiFI3sOlbYCT0l4Isd_RB8dNJqYQ5PzxLiHHw3FwqUCTXqERn6EUDpxtFGIMFeX4tORpI_xFw8eP2jG7OgZIfuR_LiUSMGTHT3RHDzyK0jIJBc-5sM-4s2LXg9OtUb_w-MTPEd-iKFOvGHR5MFpeFH2BNd5TEEeCdcj_Cr848dZPM2RUz60rNOCHhFOWEv4DM-Ri4d65MTLIYy3Seh5Yhbu41MuKEubN1Ap6cNzoZnco5Oo47IjoXoYoTmu41FumC-Sl1LQRwmuRXwwqQ-e2YKfbzjyC_oR_jmy5DmeH_egn0dVsUEYJbky4ddRUweTI0-g-UETHY-WBZEyifrQDz-aW0KvDN-FUzmskCe-08SMPrSRvkj4gzn-oP7RxElwRk5wSU0RfVmqwPuNEE0V5tij4IGPv8FnKUFyZPkFf8GOFJW0J3hXyGijHWF-HTk0lkZzHW0yNNMjvPhnXDp6TsKTKKKEZkeuHz_O4-KFVKaRvBf-WHgSBzXRVDzehcOTKMeO50SSWUSu44xQqUej5MMp9OvQPEf4D8kSN_iOJ8KoJUtHnC-a52D2IjlJIU-iHS-YJ0Ij4YidK4HYPApyHScx5T96GPWNxloenDeaoFOUEWFiptD-4OuRsvgSBn12NGs0IneKJjmq48ctXE8ARz1-KQpOaEdzhOy2BF6eoikenCmacwv6uHioB2Hyo6WE_GgeLUrQh0WY6egr6BsVGbF84j8qJznMMc5R23im4xPiR8L2S9DjLcLTZJCy8GhyXMKVh4OeHU8uZOJx8UmKK1GDpmmwH813xPrRJPqD3oZuNJ5CaCfOpAmeSZrxLfCV44mDX2gjaWiaMMSZ4xf0C2MWSZNwH83BPLhyPLWgJ87hiDry5hH-DKUsOEuOPkfOg8uV4TuxR8aZw43wP2jzJUE5HSqfI38ExwlRnjmaZymeHpdOIiQDMXsUhD-eSMKTHBMf9LPwH3U5NE0RfVJ6VE6ZwPrRPMWTHPWJ5jleQRdC32ie44pcPB_-FuEVaBGZHLGPJzvOh9iHJgfjH4mXLAmR63hDXGQO87gUMGnyBcn4BPkS8ZgyDtVpvA8aRzv-oxmfIw-aojpuTkdF5tDu4QsTDg2fo8ePmA-cmMN5XMcloXGPPseZH8ij_XB8_JDHVUF-7EczHa28BKyEHM0vaH9ArlCZScaDKf8Q_jiPM4Ej0sEv4Up65Pmhh8gXVCTVoEl040yD5xk8IUeyfBP6NNh_PH_AMR7RMFqPPsV15NuRHOfxKDm-5QELPxm-CbkOxUt81F-E5oleXEfcD92UT2h-lBeabMjPwt0F5eWRozqYOMrx5kRuG12yfEESZaQBV8xwJTk-wtFL5OGR5BfOC8yD5jaGFwmzJmmQV_hxooefC_V-PPEQ-Tl0Es9xPOHxaAsJLSeq58gRHfpavA_E_3iIfDjFhPDuTHgS-vjxB00VDslI5BmaeWqCXjqq_MGoo8iZIjnOefhwrT2ebCnR_2ieIeuN5ImPM1EUPEH_odlBL8f1CQm1JDvyXjgx5UeHMKGKPmjG3Xj6wBAdoqKyRErxXLiyQ8s9RPKOXhGaLuGIP2PA8wCBkEHKMIEAUgwwAQgAwEBACQACEGGQoBAwQYQR1GgBBDCCGSYQI4IoA4gQCCgCABLEEGaIAkA4BB5SwAhqDCICMKSMQUQIxBQQCCgARUBAEUKAsAgRDpRhxAFIECMGEENQEMBAQQg1kDgDCAFECAScAIQRIAQSxlAtABBIACEMEQqIBphACBChxJDEKaAMcAggYJQwQkFhAABYIAKgBQBIoBAmhBhjiAKACUEoAggAAwQAKCglARAEAAKAgoQ4QwxjwgklARCCAGuBEQpSBIgAAhhECAGAIAaUMAABIhSCRhAFCABYCWEAgYYAy5AzSAHiiCHYMaEEMkICwJUwwABHCDCMGIOQIUIKgwwVAihnFESKEGGYgEIAQQAzDAAsAUDAGQcRAQYYKAQJQABCERJICSKYQwAJw5hzigBAAFACsCWAMoAIQAjDAkggAUCEQsMI4QA4AqwzQAkNiAKOCUyMMUYgYoQAhBBDJMJCSASIEIYoIQRwliFghASCAiEoUYIAIwwADBhADCIWASEEAQwAIA8w1ghhGAOEAWEUIEABpBwwwAFEFAFGACGUJIoBIwQAQigBBQOGKyEMMUAIICABjhFGCGFGCOGBBgYAhZgjAIGGFEDEAYIIIcISIBCQgDAkHDBGOgGIVYAJI5hxBBiCGYZEESGQ1oAxIIQARAQhACBCEAIAQgwAIZDAHBECAIDAIGMEIAwIQbwCgAjIDLFAQoAMEFwgIAQgwDBBFAAMIcYQAIIQBIARAEEigGIAKUGMEwAQggwSiBmlBAGMAEGQIoYoKhlQVAAgiRCEKAQAAMQIgYUQhgBGFFIQOEmIAgQIIQRSTElEmBLECC-AMAAIKAxwQHAEGGJUKCUIEIQIL5wQwQoDCGDGEQEAUQhZYQQChkhBhDBAKYEEMIgZBQhhwlEEiDBCYGY9EgICqIQgxBBAEhAAIaUQAQQAIzwQABABDBLAAaaUhMQIpSiQhBAjFFAIAWCIAA"], "date": ["1988"], "genre": ["Country"], "musicbrainz album type": ["Album"], "musicip_puid": ["4e71abd5-dead-b07f-c69b-42e3bc270069"], "musicbrainz_recordingid": ["0e87795f-31c1-4153-a954-010b1added63"], "musicbrainz_albumid": ["c4499447-822b-4567-b0c3-5f97be285bce"], "artist": ["Doc Watson"], "tracknumber": ["01"], "bpm": ["122.63"], "album": ["Portrait"], "acoustid_id": ["4ca4b48d-4112-4610-80a2-dbf9287ccba4"], "file_name": "Doc Watson - I'm Worried Now.mp3"}}, "rhythm": {"bpm_histogram_first_peak_bpm": {"dmean2": 0, "median": 123, "min": 123, "dvar2": 0, "dvar": 0, "dmean": 0, "max": 123, "var": 0, "mean": 123}, "bpm": 122.445960999, "bpm_histogram_second_peak_spread": {"dmean2": 0, "median": 0.15384618938, "min": 0.15384618938, "dvar2": 0, "dvar": 0, "dmean": 0, "max": 0.15384618938, "var": 0, "mean": 0.15384618938}, "bpm_histogram_first_peak_weight": {"dmean2": 0, "median": 0.383763849735, "min": 0.383763849735, "dvar2": 0, "dvar": 0, "dmean": 0, "max": 0.383763849735, "var": 0, "mean": 0.383763849735}, "onset_rate": 4.6428194046, "beats_position": [0.545668900013, 1.10294783115, 1.63700675964, 2.15945577621, 2.68190479279, 3.19274377823, 3.70358276367, 4.22603178024, 4.73687076569, 5.24770975113, 5.75854873657, 6.26938772202, 6.78022670746, 7.2910656929, 7.79029464722, 8.3011341095, 8.80036258698, 9.31120204926, 9.82204055786, 10.3328800201, 10.8437185287, 11.354557991, 11.8653964996, 12.3646259308, 12.8638544083, 13.3630838394, 13.8623123169, 14.361541748, 14.8607711792, 15.3483896255, 15.8360090256, 16.3352375031, 16.8344669342, 17.3336963654, 17.8329238892, 18.3321533203, 18.8313827515, 19.3306121826, 19.8298416138, 20.3174591064, 20.8050785065, 21.3043079376, 21.8035373688, 22.3143768311, 22.8136043549, 23.312833786, 23.8236732483, 24.3229026794, 24.8221302032, 25.3329696655, 25.8321990967, 26.3314285278, 26.830657959, 27.3298854828, 27.8407249451, 28.3399543762, 28.8391838074, 29.3268013, 29.8260307312, 30.3252601624, 30.8128795624, 31.3121089935, 31.8113365173, 32.322177887, 32.8330154419, 33.332244873, 33.8314743042, 34.3307037354, 34.818321228, 35.3175506592, 35.8051681519, 36.2927894592, 36.7804069519, 37.2796363831, 37.7788658142, 38.2664833069, 38.765712738, 39.2649421692, 39.7525634766, 40.251789093, 40.7394104004, 41.2270278931, 41.7146492004, 42.2138786316, 42.7014961243, 43.1891136169, 43.6767349243, 44.164352417, 44.6519737244, 45.139591217, 45.6272087097, 46.1148300171, 46.590839386, 47.0668487549, 47.5544662476, 48.0420837402, 48.5297050476, 49.0173225403, 49.5049438477, 49.9809532166, 50.4569587708, 50.9445800781, 51.4321975708, 51.9198188782, 52.4074363708, 52.8834457397, 53.3594551086, 53.8470726013, 54.3346939087, 54.8223114014, 55.3099327087, 55.7975502014, 56.2851676941, 56.7727890015, 57.2604064941, 57.736415863, 58.2124252319, 58.7000427246, 59.187664032, 59.6868934631, 60.1861228943, 60.6853485107, 61.1845779419, 61.683807373, 62.1830368042, 62.6706581116, 63.169883728, 63.6691131592, 64.1567306519, 64.655960083, 65.1551895142, 65.6544189453, 66.1536483765, 66.6528778076, 67.1521072388, 67.6397247314, 68.1273422241, 68.6149673462, 69.1025848389, 69.5902023315, 70.0894317627, 70.5886611938, 71.087890625, 71.5871200562, 72.0863494873, 72.5855789185, 73.0848083496, 73.5840377808, 74.0832672119, 74.5824966431, 75.0701141357, 75.5577316284, 76.0453491211, 76.5329666138, 77.0321960449, 77.5198135376, 78.0074386597, 78.5066680908, 78.9942855835, 79.4819030762, 79.9695205688, 80.433921814, 80.9099273682, 81.3859405518, 81.861946106, 82.3379592896, 82.8023605347, 83.2783660889, 83.7543716431, 84.2303848267, 84.7063903809, 85.170791626, 85.6351928711, 86.1111984253, 86.5872116089, 87.0632171631, 87.5392303467, 88.0036239624, 88.479637146, 88.9556427002, 89.4200439453, 89.8844451904, 90.3720626831, 90.8480682373, 91.3240814209, 91.788482666, 92.2644882202, 92.7404937744, 93.2048950195, 93.6925125122, 94.1569137573, 94.6329269409, 95.1089324951, 95.5965499878, 96.0841674805, 96.5717926025, 97.0477981567, 97.5238113403, 98.011428833, 98.4990463257, 98.9866638184, 99.4858932495, 99.9735107422, 100.461128235, 100.960357666, 101.459587097, 101.958816528, 102.44644165, 102.934059143, 103.421676636, 103.909294128, 104.396911621, 104.896141052, 105.395370483, 105.882987976, 106.382217407, 106.881446838, 107.36907196, 107.856689453, 108.344306946, 108.831924438, 109.319541931, 109.807167053, 110.294784546, 110.782402039, 111.28163147, 111.780860901, 112.268478394, 112.756095886, 113.243713379, 113.731338501, 114.218955994, 114.694961548, 115.170974731, 115.658592224, 116.146209717, 116.6222229, 117.109840393, 117.609069824, 118.096687317, 118.595916748, 119.083534241, 119.571151733, 120.058776855, 120.546394348, 121.022399902, 121.510017395, 121.997642517, 122.496871948, 122.99609375, 123.483718872, 123.982948303, 124.482177734, 124.969795227, 125.445800781, 125.921813965, 126.409431458, 126.89704895, 127.361450195, 127.849067688, 128.336685181, 128.824310303, 129.323532104, 129.834381104, 130.356826782, 130.937316895, 131.506210327, 132.07510376, 132.643981934, 133.224487305, 133.804992676, 134.385482788], "beats_loudness": {"dmean2": 0.0225829705596, "median": 0.0248316973448, "min": 3.45066800946e-05, "dvar2": 0.000576477788854, "dvar": 0.000228727454669, "dmean": 0.0138130784035, "max": 0.0996908172965, "var": 0.000362945022061, "mean": 0.0285255350173}, "danceability": 1.19002282619, "bpm_histogram_second_peak_weight": {"dmean2": 0, "median": 0.0811808109283, "min": 0.0811808109283, "dvar2": 0, "dvar": 0, "dmean": 0, "max": 0.0811808109283, "var": 0, "mean": 0.0811808109283}, "beats_count": 272, "bpm_histogram_second_peak_bpm": {"dmean2": 0, "median": 117, "min": 117, "dvar2": 0, "dvar": 0, "dmean": 0, "max": 117, "var": 0, "mean": 117}, "bpm_histogram_first_peak_spread": {"dmean2": 0, "median": 0.537777781487, "min": 0.537777781487, "dvar2": 0, "dvar": 0, "dmean": 0, "max": 0.537777781487, "var": 0, "mean": 0.537777781487}, "beats_loudness_band_ratio": {"dmean2": [0.394682705402, 0.334577739239, 0.249707967043, 0.18385219574, 0.0568026974797, 0.0665912181139], "median": [0.329671084881, 0.385231852531, 0.128252834082, 0.0349697954953, 0.0184736251831, 0.0248705558479], "min": [0.0181632284075, 0.0304868631065, 0.00562677532434, 7.93731669546e-05, 1.85892804438e-05, 4.72221363452e-05], "dvar2": [0.10501486063, 0.065420769155, 0.0533874891698, 0.0449268631637, 0.00382236414589, 0.00636007031426], "dvar": [0.0359724983573, 0.0239937640727, 0.0200625918806, 0.0155046572909, 0.0014313487336, 0.00231507699937], "dmean": [0.234349280596, 0.192403703928, 0.145252019167, 0.0995441004634, 0.0320459380746, 0.0390637069941], "max": [0.882057726383, 0.912653386593, 0.783793270588, 0.605304419994, 0.25878354907, 0.344963729382], "var": [0.0572407990694, 0.0374710261822, 0.0227861814201, 0.012160519138, 0.00202149874531, 0.00310156866908], "mean": [0.368395388126, 0.413726747036, 0.171499982476, 0.0798859670758, 0.0370507985353, 0.0450527183712]}}, "lowlevel": {"barkbands_spread": {"dmean2": 6.69211578369, "median": 9.36738872528, "min": 0.670853078365, "dvar2": 117.576408386, "dvar": 53.8837242126, "dmean": 4.42596721649, "max": 96.7837600708, "var": 132.229858398, "mean": 12.8243694305}, "melbands_spread": {"dmean2": 6.4198589325, "median": 8.65478420258, "min": 0.729643583298, "dvar2": 200.90397644, "dvar": 98.2752838135, "dmean": 4.30261230469, "max": 208.418685913, "var": 218.184570313, "mean": 12.7372398376}, "hfc": {"dmean2": 5.28442668915, "median": 8.01327514648, "min": 1.19268260848e-16, "dvar2": 64.0136260986, "dvar": 36.9107246399, "dmean": 3.94382882118, "max": 166.435546875, "var": 154.868652344, "mean": 11.6989364624}, "barkbands_kurtosis": {"dmean2": 8.21167564392, "median": 7.09845495224, "min": -1.89673841, "dvar2": 155.537368774, "dvar": 69.3723144531, "dmean": 5.33040142059, "max": 125.096092224, "var": 194.483581543, "mean": 11.3176078796}, "gfcc": {"mean": [-51.8551025391, 114.414215088, -99.5717391968, 29.8881645203, -62.1438941956, -4.84569597244, -47.5046310425, -5.9931344986, -30.0715312958, -0.353743076324, -18.4519920349, -6.15837192535, -12.0016155243], "icov": [[0.000258302112343, 5.53721147298e-05, 0.000448955397587, -0.000130695159896, 1.22188057503e-05, -0.000360260193702, 9.51804977376e-05, -0.000106028594018, 0.000203269228223, -0.00027348898584, 0.000181478855666, -0.000257175008301, 0.000157984453836], [5.53721147298e-05, 0.00219536526129, -0.000463344564196, 0.00137651187833, -0.00155255722348, 0.00121998565737, -0.00182795408182, 0.00117171835154, -0.0017890870804, 0.001546444837, -0.00192415667698, 0.00220493553206, -0.00166170671582], [0.000448955397587, -0.000463344564196, 0.00200984603725, -0.000628272478934, 0.000103449528979, -0.00137766811531, 0.00112894841004, -0.000741618860047, 0.00042451985064, -0.00111095781904, 0.000490746053401, -0.00185647897888, 0.000720119161997], [-0.000130695159896, 0.00137651187833, -0.000628272478934, 0.00405009230599, -0.00135322567075, 0.000387374369893, -0.000592617318034, 0.000121900717204, -0.00345676462166, 0.00160435470752, -0.000929545203689, 0.00199293554761, -0.00206313980743], [1.22188057503e-05, -0.00155255722348, 0.000103449528979, -0.00135322567075, 0.0057183126919, -0.00165471318178, 0.000757931964472, -0.000122484998428, -0.00181512883864, -0.000165507939528, 0.00175019830931, -0.00146250613034, 0.0011884951964], [-0.000360260193702, 0.00121998565737, -0.00137766811531, 0.000387374369893, -0.00165471318178, 0.00750437378883, -0.00335867283866, -0.000939550925978, -0.000125487771584, -0.000507985241711, -0.000491316663101, 0.00114277563989, -0.000362909311661], [9.51804977376e-05, -0.00182795408182, 0.00112894841004, -0.000592617318034, 0.000757931964472, -0.00335867283866, 0.00809927191585, -0.00375416432507, 0.00168381177355, 0.000455675442936, -0.00132215465419, -0.00146808952559, 0.00108382152393], [-0.000106028594018, 0.00117171835154, -0.000741618860047, 0.000121900717204, -0.000122484998428, -0.000939550925978, -0.00375416432507, 0.0110080931336, -0.00265499576926, 0.000697022012901, 0.000782954564784, -0.000292753858957, 1.00724346339e-05], [0.000203269228223, -0.0017890870804, 0.00042451985064, -0.00345676462166, -0.00181512883864, -0.000125487771584, 0.00168381177355, -0.00265499576926, 0.0146514587104, -0.00601703301072, 0.0007554977783, 0.000121251374367, -0.00135616515763], [-0.00027348898584, 0.001546444837, -0.00111095781904, 0.00160435470752, -0.000165507939528, -0.000507985241711, 0.000455675442936, 0.000697022012901, -0.00601703301072, 0.0136670768261, -0.00372136454098, 0.00215744180605, 0.000431481079431], [0.000181478855666, -0.00192415667698, 0.000490746053401, -0.000929545203689, 0.00175019830931, -0.000491316663101, -0.00132215465419, 0.000782954564784, 0.0007554977783, -0.00372136454098, 0.0124270534143, -0.00344411609694, -0.000538401363883], [-0.000257175008301, 0.00220493553206, -0.00185647897888, 0.00199293554761, -0.00146250613034, 0.00114277563989, -0.00146808952559, -0.000292753858957, 0.000121251374367, 0.00215744180605, -0.00344411609694, 0.0138896945864, -0.00436455197632], [0.000157984453836, -0.00166170671582, 0.000720119161997, -0.00206313980743, 0.0011884951964, -0.000362909311661, 0.00108382152393, 1.00724346339e-05, -0.00135616515763, 0.000431481079431, -0.000538401363883, -0.00436455197632, 0.014916584827]], "cov": [[8193.28515625, -1522.45483398, -1800.61376953, 7.27651786804, -309.441680908, 239.162658691, 23.984331131, 95.5390930176, -264.650756836, 18.0110301971, -221.975753784, -6.30914497375, -174.218109131], [-1522.45483398, 1609.24658203, 201.183242798, -113.425392151, 290.253631592, -119.542831421, 196.263671875, -84.537651062, 163.249893188, -52.3691749573, 191.427230835, -86.8514633179, 127.61013031], [-1800.61376953, 201.183242798, 1170.6875, 138.500366211, 149.294525146, 109.493476868, -38.5133552551, 58.6368331909, 111.512001038, 68.9936676025, 35.0225982666, 81.946105957, 31.0334129333], [7.27651786804, -113.425392151, 138.500366211, 480.205200195, 134.973114014, 54.959815979, -19.6721382141, 48.0014190674, 140.71762085, 29.9296150208, -11.8679771423, -18.2569656372, 45.1565551758], [-309.441680908, 290.253631592, 149.294525146, 134.973114014, 321.166107178, 50.6927223206, 28.3269958496, 18.3961448669, 116.080657959, 15.2625513077, 8.0080242157, -10.8278646469, 27.8790054321], [239.162658691, -119.542831421, 109.493476868, 54.959815979, 50.6927223206, 240.287246704, 88.9378890991, 75.4939956665, 13.1655750275, 25.8544406891, -3.88135099411, 17.6044940948, -12.780503273], [23.984331131, 196.263671875, -38.5133552551, -19.6721382141, 28.3269958496, 88.9378890991, 246.117630005, 66.3664627075, -1.79553461075, -19.5222301483, 48.1886672974, 7.2324848175, 6.98450946808], [95.5390930176, -84.537651062, 58.6368331909, 48.0014190674, 18.3961448669, 75.4939956665, 66.3664627075, 139.289520264, 22.1789798737, 9.25715446472, -8.75585842133, 16.4680995941, -4.91501235962], [-264.650756836, 163.249893188, 111.512001038, 140.71762085, 116.080657959, 13.1655750275, -1.79553461075, 22.1789798737, 162.725402832, 48.1074714661, 18.9363670349, -17.8459815979, 35.1201248169], [18.0110301971, -52.3691749573, 68.9936676025, 29.9296150208, 15.2625513077, 25.8544406891, -19.5222301483, 9.25715446472, 48.1074714661, 109.050376892, 16.0105667114, -3.32319283485, -3.56578087807], [-221.975753784, 191.427230835, 35.0225982666, -11.8679771423, 8.0080242157, -3.88135099411, 48.1886672974, -8.75585842133, 18.9363670349, 16.0105667114, 124.208068848, 14.2853631973, 26.0373744965], [-6.30914497375, -86.8514633179, 81.946105957, -18.2569656372, -10.8278646469, 17.6044940948, 7.2324848175, 16.4680995941, -17.8459815979, -3.32319283485, 14.2853631973, 106.644752502, 14.8579721451], [-174.218109131, 127.61013031, 31.0334129333, 45.1565551758, 27.8790054321, -12.780503273, 6.98450946808, -4.91501235962, 35.1201248169, -3.56578087807, 26.0373744965, 14.8579721451, 93.3948669434]]}, "spectral_energyband_middle_low": {"dmean2": 0.00776576204225, "median": 0.0118125434965, "min": 3.48637998452e-22, "dvar2": 0.000111959619971, "dvar": 5.52087185497e-05, "dmean": 0.00541527755558, "max": 0.104789346457, "var": 0.000222983653657, "mean": 0.0166721828282}, "melbands_crest": {"dmean2": 4.37244653702, "median": 14.3130550385, "min": 2.19066667557, "dvar2": 16.1723632813, "dvar": 6.71020555496, "dmean": 2.78297448158, "max": 31.3676681519, "var": 22.7765312195, "mean": 14.9898939133}, "spectral_kurtosis": {"dmean2": 4.88364315033, "median": 5.70550394058, "min": -1.21896743774, "dvar2": 30.4446601868, "dvar": 12.6658010483, "dmean": 3.07518601418, "max": 92.2709579468, "var": 86.4761276245, "mean": 8.22791385651}, "spectral_rms": {"dmean2": 0.000924322637729, "median": 0.00409852620214, "min": 3.24756410999e-12, "dvar2": 9.85439783108e-07, "dvar": 5.42345219401e-07, "dmean": 0.00066961889388, "max": 0.0107998792082, "var": 3.23800895785e-06, "mean": 0.00430154707283}, "zerocrossingrate": {"dmean2": 0.0106923934072, "median": 0.0322265625, "min": 0.0009765625, "dvar2": 0.000220064306632, "dvar": 0.000176000379724, "dmean": 0.00911598280072, "max": 0.4970703125, "var": 0.000913909054361, "mean": 0.0400131233037}, "silence_rate_60dB": {"dmean2": 0.0426483228803, "median": 0, "min": 0, "dvar2": 0.0504597648978, "dvar": 0.0208671949804, "dmean": 0.0213204957545, "max": 1, "var": 0.0455057732761, "mean": 0.0477909557521}, "erbbands_kurtosis": {"dmean2": 2.55136466026, "median": 0.322556763887, "min": -1.84891951084, "dvar2": 24.2424888611, "dvar": 13.6772975922, "dmean": 1.74614548683, "max": 88.0693969727, "var": 55.5760688782, "mean": 2.76364016533}, "erbbands": {"dmean2": [0.0137732708827, 0.19656586647, 1.01317250729, 5.07296943665, 15.4238300323, 9.81879520416, 14.7485074997, 21.6314277649, 19.475769043, 12.8030929565, 12.8564062119, 10.2619838715, 9.46657943726, 9.75568294525, 14.199640274, 14.5250453949, 12.3986339569, 8.45136547089, 8.29020690918, 7.38090276718, 5.38100004196, 4.02698087692, 2.62476682663, 3.93078041077, 7.15806055069, 3.64657998085, 3.32037329674, 3.57147741318, 2.82789993286, 1.90314483643, 1.9431540966, 1.24774384499, 0.878554403782, 0.442892789841, 0.218517884612, 0.116616226733, 0.0401188880205, 0.00884934514761, 0.000538061140105, 3.10533650918e-05], "median": [0.0060639786534, 0.237111955881, 0.905877888203, 3.67255330086, 8.7363243103, 9.92519378662, 10.2842178345, 7.74435567856, 8.40715885162, 6.04705953598, 7.8471121788, 3.46561670303, 1.92109596729, 2.16671228409, 2.63543081284, 2.96936178207, 2.00587534904, 2.45403862, 3.5536403656, 3.48690295219, 3.0694167614, 2.52677130699, 1.41301894188, 2.1193022728, 2.87433791161, 1.31769239902, 0.932026386261, 1.03449821472, 0.562357902527, 0.231594398618, 0.192990630865, 0.122220404446, 0.0834787413478, 0.0436400808394, 0.0197297986597, 0.00862638838589, 0.00263543426991, 0.000348349189153, 2.28486096603e-05, 2.38106604229e-05], "min": [1.11398388148e-21, 6.07843575715e-21, 8.01595690025e-21, 5.06562531382e-20, 3.79549206819e-20, 8.37199902346e-20, 1.69629230283e-19, 8.3429183258e-19, 6.85456811373e-19, 1.07062265856e-18, 3.81705647289e-19, 1.43475376806e-18, 4.69080476899e-18, 2.27798840534e-18, 2.96571050252e-18, 4.7909494578e-18, 2.65102328696e-18, 8.01733559061e-18, 9.68823546488e-18, 1.13528272598e-17, 7.26566416027e-18, 1.09133189034e-17, 9.3926160032e-18, 1.10962573405e-17, 9.60482918936e-18, 1.98891640909e-17, 1.49322346393e-17, 1.36751583362e-17, 1.39716728073e-17, 1.89247823388e-17, 2.08684334396e-17, 2.32113778569e-17, 1.70486738438e-17, 1.38665546951e-17, 1.015450725e-17, 4.95747745872e-18, 2.84655989157e-18, 1.22723752023e-18, 3.79958098998e-19, 3.68926204426e-20], "dvar2": [0.000674124807119, 0.0772604495287, 2.63328099251, 57.2435188293, 653.563903809, 213.246856689, 1010.82672119, 3087.94555664, 3980.36962891, 1567.61047363, 1158.26696777, 1113.71838379, 1450.72521973, 1147.91723633, 3107.83520508, 2892.10668945, 2423.82983398, 595.923156738, 771.710205078, 463.077423096, 131.723419189, 52.9712371826, 27.3803443909, 73.2069473267, 368.876220703, 116.764846802, 122.838447571, 83.554107666, 56.0677680969, 70.3595046997, 95.552986145, 26.6614780426, 4.24533033371, 1.08451199532, 0.248351767659, 0.0766808763146, 0.0094306115061, 0.000639017904177, 4.80364633404e-06, 1.32066553249e-08], "dvar": [0.000317339290632, 0.0348111577332, 1.07547748089, 23.0032024384, 267.106750488, 95.1894683838, 613.536865234, 1716.11328125, 2376.58374023, 810.329406738, 539.233032227, 501.56048584, 857.765991211, 700.803527832, 2360.56689453, 1479.4864502, 1363.19348145, 312.757232666, 397.813842773, 217.544281006, 65.2126693726, 24.7612266541, 13.7636642456, 37.0131912231, 203.78944397, 52.5358123779, 52.7542724609, 37.8120727539, 29.7881069183, 42.5628013611, 60.9506530762, 11.4154100418, 1.93913328648, 0.453913509846, 0.10316503793, 0.0323953442276, 0.00397452991456, 0.000256644998444, 2.00750992008e-06, 5.8289253424e-09], "dmean": [0.00876591634005, 0.127333819866, 0.661378800869, 3.19994521141, 9.92471313477, 6.47564077377, 10.9271430969, 15.8535375595, 14.1143827438, 9.17224121094, 8.85445213318, 7.26550674438, 7.14617013931, 7.41754007339, 10.746676445, 10.2622623444, 9.10824966431, 6.00976228714, 6.01209974289, 5.22844219208, 3.68091583252, 2.71951317787, 1.75589549541, 2.77872347832, 5.13626861572, 2.51879501343, 2.24459242821, 2.40334844589, 1.9567784071, 1.30362939835, 1.29489219189, 0.804381132126, 0.573106944561, 0.284134209156, 0.137787953019, 0.0734342634678, 0.0249866712838, 0.00536282686517, 0.000321745697875, 1.95522952708e-05], "max": [0.213754937053, 2.00769114494, 14.5787630081, 58.4992752075, 289.532043457, 167.719909668, 559.833862305, 850.396911621, 1351.57983398, 692.508056641, 615.44140625, 552.386657715, 1144.56176758, 723.971435547, 2667.49633789, 924.938720703, 1171.27893066, 466.167205811, 771.973266602, 445.063903809, 256.263122559, 100.141937256, 117.585197449, 143.177062988, 703.480895996, 246.714370728, 208.771148682, 177.962814331, 180.535720825, 357.35559082, 486.091003418, 157.126342773, 31.8855342865, 12.3025465012, 3.58731150627, 2.53688573837, 1.16922926903, 0.677437245846, 0.0400446914136, 0.00284464168362], "var": [0.00119516521227, 0.108420878649, 3.01292824745, 48.2236557007, 452.576721191, 326.291351318, 2904.51025391, 8393.36523438, 8437.15039063, 2350.97949219, 1385.44812012, 1341.79370117, 2877.94042969, 2986.39428711, 9586.20214844, 4028.15771484, 5487.00585938, 829.621948242, 906.300598145, 453.365447998, 141.084274292, 64.6455535889, 37.2164382935, 108.783630371, 570.127868652, 114.128158569, 93.4174423218, 70.1991348267, 63.5540390015, 91.0402603149, 137.282333374, 13.6354598999, 2.72841835022, 0.528689622879, 0.106827668846, 0.0321705900133, 0.00384643650614, 0.000318407983286, 2.13732323573e-06, 7.11214598326e-09], "mean": [0.0247057992965, 0.321870863438, 1.48247027397, 5.95768070221, 16.3975772858, 15.7169055939, 29.315870285, 40.918800354, 32.0791740417, 19.6128425598, 19.7230644226, 15.2296180725, 14.5712795258, 16.5814418793, 20.9949035645, 19.1097126007, 17.5684299469, 11.0553350449, 11.1813230515, 9.5304851532, 6.83228588104, 5.59699344635, 3.53529500961, 5.72088479996, 9.94127082825, 4.33753824234, 3.47564578056, 3.69105768204, 2.72866153717, 1.62476432323, 1.48582315445, 0.86326110363, 0.640346825123, 0.29679608345, 0.135520175099, 0.0693340301514, 0.0225439332426, 0.00470771035179, 0.000283551315079, 3.75657182303e-05]}, "spectral_strongpeak": {"dmean2": 0.543229997158, "median": 0.625431895256, "min": 0, "dvar2": 0.637590587139, "dvar": 0.287887901068, "dmean": 0.345275998116, "max": 14.0991420746, "var": 0.933899700642, "mean": 0.926585733891}, "spectral_energy": {"dmean2": 0.0089911762625, "median": 0.0172178652138, "min": 1.08103394149e-20, "dvar2": 0.000127931838506, "dvar": 6.67557687848e-05, "dmean": 0.00638796575367, "max": 0.11955332756, "var": 0.000314475124469, "mean": 0.0222848244011}, "average_loudness": 0.861155927181, "spectral_rolloff": {"dmean2": 501.693695068, "median": 473.73046875, "min": 150.732421875, "dvar2": 1256044.625, "dvar": 589751.75, "dmean": 295.07421875, "max": 19767.4804688, "var": 1176035.125, "mean": 847.858154297}, "spectral_centroid": {"dmean2": 280.431030273, "median": 638.755859375, "min": 197.768173218, "dvar2": 178428.484375, "dvar": 97910.546875, "dmean": 189.526412964, "max": 11115.0576172, "var": 338881.15625, "mean": 813.758911133}, "pitch_salience": {"dmean2": 0.0949201136827, "median": 0.557155907154, "min": 0.139202520251, "dvar2": 0.00815877970308, "dvar": 0.00339092011563, "dmean": 0.0607544593513, "max": 0.900988399982, "var": 0.00995095260441, "mean": 0.555112719536}, "spectral_energyband_middle_high": {"dmean2": 0.00127111328766, "median": 0.00100473687053, "min": 1.53368191491e-21, "dvar2": 8.12287180452e-06, "dvar": 6.02005138717e-06, "dmean": 0.00101671786979, "max": 0.0772534012794, "var": 3.43843821611e-05, "mean": 0.0026929283049}, "spectral_contrast_coeffs": {"dmean2": [0.0779986009002, 0.0650956258178, 0.0609207265079, 0.0515992194414, 0.0454424805939, 0.0364722982049], "median": [-0.560048401356, -0.663872003555, -0.751005530357, -0.750065624714, -0.755098581314, -0.764599621296], "min": [-0.977935671806, -0.957047045231, -0.971685290337, -0.955776393414, -0.966907441616, -0.958637058735], "dvar2": [0.00437956815585, 0.00332268560305, 0.00268755550496, 0.00192993541714, 0.00164136604872, 0.00101092888508], "dvar": [0.0019039507024, 0.00156061421148, 0.00132505956572, 0.00099416798912, 0.00086929340614, 0.000528939126525], "dmean": [0.0499778389931, 0.0424444377422, 0.0406113788486, 0.0351578108966, 0.0323505587876, 0.0257079713047], "max": [-0.280655413866, -0.391024947166, -0.36889269948, -0.520450115204, -0.54641354084, -0.552976489067], "var": [0.00930897518992, 0.00681636156514, 0.00727187423036, 0.00474232528359, 0.00474777072668, 0.00322942854837], "mean": [-0.55685120821, -0.659479022026, -0.736790537834, -0.746996760368, -0.752118825912, -0.75943672657]}, "melbands_skewness": {"dmean2": 1.08434617519, "median": 2.99420166016, "min": -1.80744242668, "dvar2": 1.44212889671, "dvar": 0.630730628967, "dmean": 0.719203948975, "max": 11.7509431839, "var": 2.27732634544, "mean": 3.13267183304}, "spectral_spread": {"dmean2": 1017657.125, "median": 3810508.75, "min": 1018545.5, "dvar2": 1271330766850.0, "dvar": 845886914560, "dmean": 755384.1875, "max": 40348728, "var": 2595469131780.0, "mean": 4162065.25}, "dissonance": {"dmean2": 0.0402168221772, "median": 0.439982920885, "min": 0.128984212875, "dvar2": 0.00148329301737, "dvar": 0.000576678372454, "dmean": 0.0249208025634, "max": 0.500000059605, "var": 0.00196746573783, "mean": 0.429117679596}, "spectral_skewness": {"dmean2": 0.533132910728, "median": 1.85894465446, "min": -0.0180259328336, "dvar2": 0.241213664412, "dvar": 0.117371916771, "dmean": 0.354468226433, "max": 8.3340511322, "var": 0.964225769043, "mean": 2.0843706131}, "spectral_flux": {"dmean2": 0.0350364111364, "median": 0.0523750409484, "min": 1.03972781773e-10, "dvar2": 0.00131205876824, "dvar": 0.000565534865018, "dmean": 0.0227549728006, "max": 0.28287935257, "var": 0.00151830376126, "mean": 0.0597141198814}, "spectral_contrast_valleys": {"dmean2": [0.680543243885, 0.506222903728, 0.552852094173, 0.516908466816, 0.548511624336, 0.632832169533], "median": [-7.34250164032, -7.01850414276, -8.25999641418, -8.67137908936, -8.71853733063, -11.1354551315], "min": [-27.3188896179, -27.6325397491, -27.3152275085, -27.4797019958, -27.018699646, -27.2981014252], "dvar2": [0.375977784395, 0.196895167232, 0.221467450261, 0.20547786355, 0.256566613913, 0.340305358171], "dvar": [0.214006662369, 0.101035155356, 0.115431241691, 0.114888988435, 0.141158297658, 0.207777813077], "dmean": [0.457323610783, 0.324236810207, 0.373448967934, 0.364027112722, 0.403711616993, 0.505828142166], "max": [-6.00499820709, -5.110227108, -4.899269104, -5.72956466675, -6.67020368576, -7.81633520126], "var": [1.13264834881, 0.802990496159, 1.08079361916, 1.11490631104, 1.10064899921, 1.25079488754], "mean": [-7.66931915283, -7.11458063126, -8.32353687286, -8.74666023254, -8.77307033539, -11.0774946213]}, "erbbands_flatness_db": {"dmean2": 0.0295407641679, "median": 0.180510357022, "min": 0.046027969569, "dvar2": 0.000789305544458, "dvar": 0.000457523477962, "dmean": 0.0226265415549, "max": 0.346981048584, "var": 0.00309031363577, "mean": 0.184673562646}, "spectral_energyband_high": {"dmean2": 0.000322291714838, "median": 8.47226838232e-05, "min": 7.9020216566e-21, "dvar2": 6.29029273114e-07, "dvar": 3.34415972247e-07, "dmean": 0.000221764450544, "max": 0.0228238832206, "var": 6.78026594869e-07, "mean": 0.000321711559081}, "spectral_entropy": {"dmean2": 0.385405600071, "median": 6.85616827011, "min": 4.95972442627, "dvar2": 0.14119322598, "dvar": 0.0784461796284, "dmean": 0.287116646767, "max": 9.80122661591, "var": 0.404552400112, "mean": 6.84262228012}, "silence_rate_20dB": {"dmean2": 0, "median": 1, "min": 1, "dvar2": 0, "dvar": 0, "dmean": 0, "max": 1, "var": 0, "mean": 1}, "melbands_flatness_db": {"dmean2": 0.0406402871013, "median": 0.260470747948, "min": 0.00603258935735, "dvar2": 0.00170798564795, "dvar": 0.000924994179513, "dmean": 0.0298133604228, "max": 0.564950883389, "var": 0.00766108417884, "mean": 0.268017649651}, "barkbands": {"dmean2": [1.45938729474e-05, 0.00072351685958, 0.00108871760312, 0.0028763837181, 0.00384154403582, 0.00245480588637, 0.00120267167222, 0.00066067307489, 0.000462834927021, 0.000332206167514, 0.000217530527152, 0.00050061265938, 0.000288933690172, 0.000147874437971, 0.000185473254533, 0.000105865874502, 8.42993904371e-05, 4.88966506964e-05, 0.000123351841467, 8.70199146448e-05, 9.07934445422e-05, 7.44135759305e-05, 6.80551675032e-05, 5.445061106e-05, 3.42535422533e-05, 2.353169657e-05, 3.86949977838e-06], "median": [1.23527433971e-06, 0.000749758619349, 0.00081807578681, 0.00153796898667, 0.00370902614668, 0.00120825937483, 0.00045672248234, 0.000328785623424, 0.000101391400676, 6.03911175858e-05, 2.24576870096e-05, 7.8654193203e-05, 4.21340955654e-05, 3.5773471609e-05, 7.92930077296e-05, 4.40219628217e-05, 4.63271207991e-05, 1.77243546204e-05, 5.4635827837e-05, 2.38471002376e-05, 2.78083098237e-05, 1.41379223351e-05, 6.76214585837e-06, 5.47889794689e-06, 3.28367968905e-06, 1.61582545388e-06, 5.16283584773e-08], "min": [5.39923067032e-24, 3.03806648244e-23, 1.12114994443e-23, 1.71165603488e-23, 1.53134104906e-23, 7.1208082088e-23, 7.46859047619e-23, 1.59016356687e-23, 1.06552111422e-22, 1.03476121872e-22, 4.97994384167e-23, 1.04752909024e-22, 5.74016026079e-23, 2.07609749842e-22, 2.04348346424e-22, 1.17330147576e-22, 1.93021540759e-22, 1.81060894823e-22, 1.69815146193e-22, 3.95646131442e-22, 3.78777659959e-22, 3.73765098928e-22, 7.47215966158e-22, 1.09628300397e-21, 1.36456578784e-21, 1.34517369352e-21, 2.63171348903e-21], "dvar2": [1.52814927379e-09, 1.11781753276e-06, 3.23889958054e-06, 2.05254546017e-05, 3.20727995131e-05, 2.90072312055e-05, 1.41803802762e-05, 3.15669717565e-06, 2.57946999227e-06, 1.58132377237e-06, 1.23082145365e-06, 3.85038856621e-06, 1.25079156987e-06, 2.41096586251e-07, 2.64327354671e-07, 6.36740438154e-08, 2.34322428128e-08, 1.37340325779e-08, 9.23790324237e-08, 6.30454692896e-08, 5.74919987173e-08, 3.60507037556e-08, 1.39385718967e-07, 2.36452901703e-08, 6.30076346653e-09, 3.04587133293e-09, 2.07572972699e-10], "dvar": [5.80755388224e-10, 5.12