{"tonal": {"thpcp": [1, 0.535039126873, 0.0755512267351, 0.0331271588802, 0.0249542165548, 0.0819178372622, 0.160216256976, 0.145035937428, 0.08938472718, 0.0507211387157, 0.0517973825336, 0.247928529978, 0.388406634331, 0.298181891441, 0.534054875374, 0.662386596203, 0.289925217628, 0.0701532959938, 0.0558382868767, 0.0942804738879, 0.396244525909, 0.626050591469, 0.329575300217, 0.0478671751916, 0.0319084450603, 0.055164180696, 0.32204246521, 0.529341995716, 0.285312831402, 0.0609908588231, 0.0374889448285, 0.0428990572691, 0.115132965147, 0.16566182673, 0.145694062114, 0.586781144142], "hpcp": {"dmean2": [0.157662540674, 0.118736043572, 0.0456128902733, 0.0335532352328, 0.0520321950316, 0.110584929585, 0.113467901945, 0.107128046453, 0.0590720921755, 0.0399229452014, 0.0443155877292, 0.0688843801618, 0.0775773376226, 0.097434669733, 0.191404998302, 0.186461851001, 0.180780664086, 0.0759897381067, 0.0326296836138, 0.0215800572187, 0.0435940138996, 0.071600086987, 0.0773564651608, 0.0740738883615, 0.0478017479181, 0.0447610095143, 0.122385747731, 0.170448720455, 0.179064750671, 0.200520440936, 0.153354242444, 0.132975623012, 0.0802372023463, 0.061572317034, 0.0832933261991, 0.14304381609], "median": [0.108392670751, 0.052946254611, 0.00434589292854, 0.0018625688972, 0.00421082694083, 0.0268236249685, 0.0376686677337, 0.0221849828959, 0.00537154637277, 0.00315499142744, 0.00319124106318, 0.0115756057203, 0.0145598687232, 0.0177023373544, 0.179887652397, 0.301155507565, 0.141834944487, 0.00851254165173, 0.00318995048292, 0.00290902610868, 0.00921567995101, 0.0152251161635, 0.0116110444069, 0.00430238991976, 0.00267426553182, 0.00653265137225, 0.0414585843682, 0.0638516321778, 0.0616086088121, 0.050169467926, 0.0468913838267, 0.0259603075683, 0.00465034227818, 0.00294764852151, 0.00725424941629, 0.0652402490377], "min": [0, 0, 0, 0, 0, 0, 0, 0, 0, 0, 0, 0, 0, 0, 0, 0, 0, 0, 0, 0, 0, 0, 0, 0, 0, 0, 0, 0, 0, 0, 0, 0, 0, 0, 0, 0], "dvar2": [0.0620345845819, 0.0426473282278, 0.0227433927357, 0.0226388536394, 0.0275461431593, 0.0466328896582, 0.0524805150926, 0.0503706298769, 0.0351091586053, 0.0265945158899, 0.0292210746557, 0.0395952239633, 0.0375883691013, 0.0498143658042, 0.0654388740659, 0.0754779800773, 0.0678460523486, 0.0396407470107, 0.0187789108604, 0.00777592649683, 0.0140237212181, 0.0289594084024, 0.0339623615146, 0.0492851249874, 0.0222355555743, 0.0161389391869, 0.0466186404228, 0.0770860686898, 0.082637488842, 0.0910853222013, 0.0774112343788, 0.0607273355126, 0.0536926090717, 0.0411266572773, 0.0444943532348, 0.0602298490703], "dvar": [0.0273683331907, 0.0161201395094, 0.00779447052628, 0.00796444620937, 0.00976848788559, 0.0174333695322, 0.022479025647, 0.0179716814309, 0.0122374929488, 0.00902793928981, 0.00966760795563, 0.0138165671378, 0.0141146210954, 0.0173586960882, 0.0247731171548, 0.0338598415256, 0.0250010564923, 0.0135144600645, 0.00647508911788, 0.00281350454316, 0.00527283782139, 0.0107472008094, 0.0122229028493, 0.0177341718227, 0.0077996943146, 0.00574229611084, 0.0178424622864, 0.0317369066179, 0.0307626668364, 0.0343610309064, 0.0322160497308, 0.0216288957745, 0.0183489676565, 0.0142048802227, 0.0156025104225, 0.0226245746017], "dmean": [0.098899923265, 0.0726821571589, 0.0252958461642, 0.0182500127703, 0.0287515167147, 0.0665616393089, 0.0696022212505, 0.0633204728365, 0.0324319973588, 0.0213712602854, 0.0238416548818, 0.0391006171703, 0.0449920631945, 0.0552862249315, 0.117321103811, 0.116594150662, 0.108810089529, 0.0414811559021, 0.0177155099809, 0.0119652152061, 0.0263302512467, 0.0430743731558, 0.0450739338994, 0.0417652130127, 0.0266218837351, 0.0250874068588, 0.0741846337914, 0.104831025004, 0.105626784265, 0.1179914698, 0.0897137671709, 0.0778408423066, 0.0428481027484, 0.0331541970372, 0.0463056601584, 0.0866587460041], "max": [1, 1, 1, 1, 1, 1, 1, 1, 1, 1, 1, 1, 1, 1, 1, 1, 1, 1, 1, 1, 1, 1, 1, 1, 1, 1, 1, 1, 1, 1, 1, 1, 1, 1, 1, 1], "var": [0.120606601238, 0.0420162193477, 0.00524502294138, 0.00536836916581, 0.00739135034382, 0.0515911541879, 0.129586338997, 0.0453416518867, 0.0085097681731, 0.00520118465647, 0.00599203398451, 0.0203971266747, 0.0358699783683, 0.022426918149, 0.0619756504893, 0.155678480864, 0.0606960356236, 0.00885517057031, 0.00383976846933, 0.0020126698073, 0.00794315617532, 0.0254722218961, 0.022807026282, 0.0158254392445, 0.00617036735639, 0.00459691789001, 0.0317042917013, 0.067348100245, 0.0377961136401, 0.102796040475, 0.160834506154, 0.0394285060465, 0.011831862852, 0.00933274067938, 0.0126842772588, 0.0595524758101], "mean": [0.286063462496, 0.150593981147, 0.0218721125275, 0.0145800355822, 0.0252063591033, 0.147151976824, 0.241874054074, 0.130368977785, 0.0278687626123, 0.017129952088, 0.0196020137519, 0.05260810256, 0.0756964311004, 0.0665724873543, 0.268119931221, 0.456933438778, 0.244477272034, 0.0345218814909, 0.0151369059458, 0.011402416043, 0.0374309979379, 0.073208168149, 0.0662717670202, 0.040842872113, 0.0231761839241, 0.0236679557711, 0.113286837935, 0.177475973964, 0.136249274015, 0.244027540088, 0.302666574717, 0.132476523519, 0.0320553854108, 0.0255143810064, 0.0430799014866, 0.18105737865]}, "tuning_equal_tempered_deviation": 0.0289781820029, "chords_changes_rate": 0.0239455774426, "key_key": "G", "tuning_diatonic_strength": 0.619138360023, "key_scale": "major", "chords_number_rate": 0.00108843541238, "tuning_frequency": 441.527557373, "tuning_nontempered_energy_ratio": 0.614574790001, "chords_histogram": [31.0204086304, 17.4557819366, 32.8571434021, 2.95238089561, 4.85714292526, 0, 0.190476194024, 0, 0, 0, 0.190476194024, 0.0408163256943, 0, 0, 0.666666686535, 0, 0, 1.08843541145, 0.530612230301, 4.63945579529, 0, 0, 0, 3.51020407677], "key_strength": 0.872468948364, "chords_key": "D", "chords_strength": {"dmean2": 0.00494470167905, "median": 0.544739723206, "min": -1, "dvar2": 0.00058076804271, "dvar": 0.000284593959805, "dmean": 0.00553947035223, "max": 0.754792034626, "var": 0.0167943015695, "mean": 0.535443782806}, "chords_scale": "major", "hpcp_entropy": {"dmean2": 0.763060033321, "median": 1.63219833374, "min": 0, "dvar2": 0.439354836941, "dvar": 0.168351262808, "dmean": 0.456055521965, "max": 3.70847463608, "var": 0.429352909327, "mean": 1.62004709244}}, "metadata": {"audio_properties": {"equal_loudness": 0, "codec": "mp3", "downmix": "mix", "sample_rate": 44100, "analysis_sample_rate": 44100, "bit_rate": 320024, "md5_encoded": "c4fb7a36f422d8be7630a4bef84ee69e", "length": 341.263671875, "replay_gain": -12.6014537811, "lossless": false}, "version": {"essentia_build_sha": "70f2e5ece6736b2c40cc944ad0e695b16b925413", "essentia": "2.1-beta2", "extractor": "music 1.0", "essentia_git_sha": "v2.1_beta2"}, "tags": {"title": ["Wait"], "album": ["The Fault In Our Stars (Music From the Motion Picture)"], "musicbrainz_recordingid": ["0e8bf92e-d94f-45f6-bae5-055d1ff78c57"], "artist": ["M83"], "file_name": "2072127.mp3"}}, "rhythm": {"bpm_histogram_first_peak_bpm": {"dmean2": 0, "median": 148, "min": 148, "dvar2": 0, "dvar": 0, "dmean": 0, "max": 148, "var": 0, "mean": 148}, "bpm": 147.976577759, "bpm_histogram_second_peak_spread": {"dmean2": 0, "median": 0.399999976158, "min": 0.399999976158, "dvar2": 0, "dvar": 0, "dmean": 0, "max": 0.399999976158, "var": 0, "mean": 0.399999976158}, "bpm_histogram_first_peak_weight": {"dmean2": 0, "median": 0.75870347023, "min": 0.75870347023, "dvar2": 0, "dvar": 0, "dmean": 0, "max": 0.75870347023, "var": 0, "mean": 0.75870347023}, "onset_rate": 2.20349979401, "beats_position": [0.394739210606, 0.801088392735, 1.20743763447, 1.6137868166, 2.02013611794, 2.42648530006, 2.83283448219, 3.23918366432, 3.64553284645, 4.05188179016, 4.45823097229, 4.86458063126, 5.27092981339, 5.67727899551, 6.08362817764, 6.48997735977, 6.8963265419, 7.30267572403, 7.70902490616, 8.10376358032, 8.51011276245, 8.91646194458, 9.32281208038, 9.72916126251, 10.1471195221, 10.5534696579, 10.95981884, 11.3661680222, 11.7725172043, 12.1788663864, 12.5852155685, 12.9915647507, 13.3979139328, 13.8042631149, 14.2106122971, 14.6169614792, 15.0117006302, 15.4180498123, 15.8127889633, 16.2191371918, 16.6254863739, 17.031835556, 17.4381847382, 17.8561439514, 18.2624931335, 18.6688423157, 19.0635814667, 19.4699325562, 19.8762817383, 20.2826309204, 20.6889801025, 21.0837192535, 21.4900684357, 21.8964176178, 22.3143768311, 22.7207260132, 23.1270751953, 23.5334243774, 23.9397735596, 24.3461227417, 24.7524719238, 25.158821106, 25.553560257, 25.9599094391, 26.3662586212, 26.7726078033, 27.1905670166, 27.6085262299, 28.014875412, 28.409614563, 28.8159637451, 29.2223129272, 29.6286621094, 30.0234012604, 30.4181404114, 30.8244895935, 31.2308387756, 31.6371879578, 32.0435371399, 32.449886322, 32.8562355042, 33.2509727478, 33.6457138062, 34.0404510498, 34.4468002319, 34.8531494141, 35.2711105347, 35.6890678406, 36.118637085, 36.5598182678, 36.9893875122, 37.4189567566, 37.848526001, 38.2780952454, 38.7076644897, 39.1488418579, 39.5900230408, 40.0312004089, 40.4723815918, 40.9019508362, 41.3199081421, 41.7378692627, 42.1442184448, 42.5621757507, 42.9801368713, 43.3864860535, 43.7928352356, 44.1991844177, 44.6055335999, 45.011882782, 45.4182319641, 45.8245811462, 46.2309303284, 46.6372795105, 47.0436286926, 47.4499778748, 47.8563270569, 48.262676239, 48.6690254211, 49.0753746033, 49.4701118469, 49.8764610291, 50.2828102112, 50.6891593933, 51.0955085754, 51.5018577576, 51.9082069397, 52.302947998, 52.7092971802, 53.1156463623, 53.5219955444, 53.9167327881, 54.3230819702, 54.7294311523, 55.1473922729, 55.5537414551, 55.9600906372, 56.3664398193, 56.761177063, 57.1675262451, 57.5738754272, 57.9802246094, 58.3865737915, 58.7929229736, 59.1992721558, 59.6056213379, 60.0003623962, 60.4067115784, 60.8130607605, 61.2077980042, 61.6141471863, 62.0204963684, 62.438457489, 62.8448066711, 63.2511558533, 63.6575050354, 64.0638504028, 64.4585952759, 64.864944458, 65.2712936401, 65.6776428223, 66.0839920044, 66.4903411865, 66.8966903687, 67.3030395508, 67.7093887329, 68.115737915, 68.5220870972, 68.9284362793, 69.3347854614, 69.7411346436, 70.1474838257, 70.5422210693, 70.9485702515, 71.3549194336, 71.7612686157, 72.1676177979, 72.57396698, 72.9803161621, 73.3866653442, 73.7930145264, 74.18775177, 74.5941009521, 75.0120620728, 75.4184112549, 75.824760437, 76.2311096191, 76.6258468628, 77.0321960449, 77.4385452271, 77.8448944092, 78.2512435913, 78.6575927734, 79.0639419556, 79.4702911377, 79.8766403198, 80.282989502, 80.6893386841, 81.0956878662, 81.5020370483, 81.9083862305, 82.3147354126, 82.7094802856, 83.1274337769, 83.533782959, 83.9401321411, 84.3348770142, 84.7412261963, 85.1475753784, 85.5423126221, 85.9486618042, 86.3550109863, 86.7613601685, 87.1677093506, 87.5740585327, 87.9804077148, 88.386756897, 88.7931060791, 89.1994552612, 89.6058044434, 90.023765564, 90.4301147461, 90.8364639282, 91.2428131104, 91.637550354, 92.0438995361, 92.4386367798, 92.8449859619, 93.251335144, 93.6576843262, 94.0640335083, 94.4703826904, 94.8767318726, 95.2830810547, 95.6894302368, 96.0957794189, 96.5021286011, 96.9084777832, 97.3148269653, 97.7211761475, 98.1159133911, 98.5222625732, 98.9286117554, 99.3349609375, 99.7413101196, 100.147659302, 100.554008484, 100.960357666, 101.366706848, 101.77305603, 102.179405212, 102.585754395, 102.992103577, 103.398452759, 103.804801941, 104.211151123, 104.617500305, 105.023849487, 105.41859436, 105.824943542, 106.219680786, 106.626029968, 107.03237915, 107.438728333, 107.845077515, 108.251426697, 108.657775879, 109.064125061, 109.470474243, 109.865211487, 110.271560669, 110.677909851, 111.084259033, 111.490608215, 111.896957397, 112.30330658, 112.709655762, 113.116004944, 113.533966064, 113.940315247, 114.346664429, 114.753013611, 115.159362793, 115.565711975, 115.972061157, 116.378410339, 116.773147583, 117.167892456, 117.5626297, 117.968978882, 118.375328064, 118.781677246, 119.188026428, 119.59437561, 120.000724792, 120.418685913, 120.825035095, 121.231384277, 121.637733459, 122.044082642, 122.450431824, 122.845169067, 123.25151825, 123.657867432, 124.064216614, 124.470565796, 124.876914978, 125.28326416, 125.678001404, 126.084350586, 126.490699768, 126.89704895, 127.303398132, 127.709747314, 128.116104126, 128.522445679, 128.92880249, 129.335144043, 129.741500854, 130.147842407, 130.554199219, 130.960540771, 131.366897583, 131.773239136, 132.179595947, 132.5859375, 132.992294312, 133.398635864, 133.804992676, 134.19972229, 134.606079102, 135.012420654, 135.418777466, 135.825119019, 136.23147583, 136.637817383, 137.044174194, 137.450515747, 137.856872559, 138.263214111, 138.669570923, 139.075912476, 139.482269287, 139.900222778, 140.30657959, 140.712921143, 141.119277954, 141.525619507, 141.931976318, 142.338317871, 142.744674683, 143.151016235, 143.545761108, 143.940490723, 144.335235596, 144.741577148, 145.14793396, 145.554275513, 145.960632324, 146.366973877, 146.773330688, 147.179672241, 147.586029053, 147.992385864, 148.398727417, 148.805084229, 149.211425781, 149.606170654, 150.012512207, 150.418869019, 150.825210571, 151.231567383, 151.637908936, 152.044265747, 152.4506073, 152.856964111, 153.263305664, 153.669662476, 154.076004028, 154.48236084, 154.888702393, 155.295059204, 155.701400757, 156.107757568, 156.514099121, 156.920455933, 157.315185547, 157.721542358, 158.127883911, 158.522628784, 158.928970337, 159.335327148, 159.741668701, 160.148025513, 160.542770386, 160.949111938, 161.35546875, 161.761810303, 162.168167114, 162.574508667, 162.980865479, 163.387207031, 163.781951904, 164.188293457, 164.594650269, 165.000991821, 165.418960571, 165.836914062, 166.243255615, 166.649612427, 167.0443573, 167.439086914, 167.845443726, 168.251785278, 168.65814209, 169.064483643, 169.470840454, 169.877182007, 170.27192688, 170.678268433, 171.084625244, 171.490966797, 171.897323608, 172.3152771, 172.721633911, 173.127975464, 173.534332275, 173.940673828, 174.335418701, 174.741760254, 175.148117065, 175.554458618, 175.96081543, 176.367156982, 176.773513794, 177.168243408, 177.57460022, 177.980941772, 178.387298584, 178.793640137, 179.18838501, 179.594741821, 180.001083374, 180.407440186, 180.813781738, 181.22013855, 181.626480103, 182.032836914, 182.439178467, 182.845535278, 183.251876831, 183.658233643, 184.064575195, 184.470932007, 184.87727356, 185.283630371, 185.689971924, 186.096328735, 186.502670288, 186.9090271, 187.315368652, 187.721725464, 188.116455078, 188.52281189, 188.929153442, 189.335510254, 189.741851807, 190.148208618, 190.554550171, 190.960906982, 191.367248535, 191.773605347, 192.168334961, 192.574691772, 192.981033325, 193.387390137, 193.793731689, 194.200088501, 194.606430054, 195.012786865, 195.419128418, 195.813873291, 196.220230103, 196.626571655, 197.032928467, 197.43927002, 197.845626831, 198.251968384, 198.658325195, 199.064666748, 199.47102356, 199.877365112, 200.283721924, 200.690063477, 201.096420288, 201.502761841, 201.909118652, 202.315460205, 202.721817017, 203.128158569, 203.534515381, 203.940856934, 204.347213745, 204.753555298, 205.159912109, 205.566253662, 205.960998535, 206.367340088, 206.773696899, 207.180038452, 207.586395264, 207.992736816, 208.399093628, 208.793823242, 209.200180054, 209.606521606, 210.012878418, 210.419219971, 210.825576782, 211.231918335, 211.638275146, 212.044616699, 212.450973511, 212.857315063, 213.263671875, 213.670013428, 214.064758301, 214.459503174, 214.877456665, 215.283798218, 215.690155029, 216.084899902, 216.502853394, 216.920806885, 217.315551758, 217.710296631, 218.128250122, 218.534591675, 218.940948486, 219.335693359, 219.742034912, 220.148391724, 220.554733276, 220.961090088, 221.367431641, 221.773788452, 222.180130005, 222.586486816, 222.992828369, 223.399185181, 223.793914795, 224.200271606, 224.606613159, 225.012969971, 225.419311523, 225.837280273, 226.243621826, 226.649978638, 227.044708252, 227.439453125, 227.845794678, 228.252151489, 228.658493042, 229.064849854, 229.471191406, 229.889160156, 230.283889771, 230.690246582, 231.096588135, 231.502944946, 231.909286499, 232.315643311, 232.733596802, 233.128341675, 233.523086548, 233.929428101, 234.335784912, 234.753738403, 235.148483276, 235.543212891, 235.949569702, 236.355911255, 236.762268066, 237.168609619, 237.574966431, 237.981307983, 238.387664795, 238.794006348, 239.200363159, 239.606704712, 240.013061523, 240.419403076, 240.825759888, 241.23210144, 241.638458252, 242.044799805, 242.451156616, 242.857498169, 243.26385498, 243.670196533, 244.064941406, 244.471282959, 244.877639771, 245.283981323, 245.690338135, 246.096679688, 246.503036499, 246.897766113, 247.304122925, 247.710464478, 248.116821289, 248.523162842, 248.929519653, 249.335861206, 249.742218018, 250.14855957, 250.56652832, 250.972869873, 251.379226685, 251.773956299, 252.18031311, 252.586654663, 252.981399536, 253.376144409, 253.782485962, 254.188842773, 254.595184326, 255.001541138, 255.40788269, 255.814239502, 256.220581055, 256.626922607, 257.033294678, 257.43963623, 257.845977783, 258.252319336, 258.647064209, 259.053405762, 259.459777832, 259.866119385, 260.272460938, 260.690429688, 261.09677124, 261.503112793, 261.909484863, 262.315826416, 262.722167969, 263.128509521, 263.534881592, 263.941223145, 264.335968018, 264.74230957, 265.148651123, 265.554992676, 265.961364746, 266.356109619, 266.762451172, 267.168792725, 267.575134277, 267.96987915, 268.376220703, 268.794189453, 269.200531006, 269.606903076, 270.013244629, 270.407989502, 270.802703857, 271.209075928, 271.61541748, 272.021759033, 272.428100586, 272.846069336, 273.252410889, 273.670379639, 274.065124512, 274.459869385, 274.866210938, 275.27255249, 275.69052124, 276.085266113, 276.491607666, 276.897949219, 277.304290771, 277.710662842, 278.105377197, 278.523345947, 278.9296875, 279.33605957, 279.742401123, 280.148742676, 280.543487549, 280.949829102, 281.356170654, 281.762542725, 282.168884277, 282.57522583, 282.969970703, 283.376312256, 283.782684326, 284.189025879, 284.583770752, 284.990112305, 285.396453857, 285.814422607, 286.22076416, 286.627105713, 287.033477783, 287.439819336, 287.846160889, 288.252502441, 288.658874512, 289.065216064, 289.483154297, 289.87789917, 290.28427124, 290.690612793, 291.096954346, 291.503295898, 291.898040771, 292.292785645, 292.710754395, 293.117095947, 293.5234375, 293.918182373, 294.324523926, 294.730865479, 295.125610352, 295.531982422, 295.938323975, 296.344665527, 296.75100708, 297.15737915, 297.563720703, 297.970062256, 298.376403809, 298.794372559, 299.200714111, 299.607055664, 300.001800537, 300.408172607, 300.81451416, 301.232452393, 301.627197266, 302.033569336, 302.451507568, 302.857849121, 303.252593994, 303.658966064, 304.05368042, 304.46005249, 304.866394043, 305.272735596, 305.679077148, 306.085449219, 306.491790771, 306.898132324, 307.304473877, 307.710845947, 308.1171875, 308.523529053, 308.918273926, 309.336242676, 309.730957031, 310.137329102, 310.543670654, 310.950012207, 311.35635376, 311.76272583, 312.180664062, 312.587036133, 312.981750488, 313.388122559, 313.794464111, 314.212432861, 314.607147217, 315.00189209, 315.41986084, 315.814605713, 316.232543945, 316.627288818, 317.033630371, 317.440002441, 317.834747314, 318.252685547, 318.670654297, 319.07699585, 319.471740723, 319.878082275, 320.272827148, 320.679168701, 321.085540771, 321.503479004, 321.898223877, 322.30456543, 322.7109375, 323.105651855, 323.500396729, 323.918365479, 324.336334229, 324.754272461, 325.137420654, 325.543762207, 325.961730957, 326.379669189, 326.797637939, 327.192382812, 327.587127686, 327.981842041, 328.388214111, 328.794555664, 329.200897217, 329.60723877, 330.01361084, 330.419952393, 330.826293945, 331.232635498, 331.662200928, 332.091796875, 332.532958984, 333.008972168, 333.473358154, 333.949371338, 334.483428955, 335.017486572, 335.551544189, 336.097229004, 336.642883301, 337.188568115, 337.757446289, 338.32635498, 338.895233154, 339.475738525, 340.044616699, 340.613494873], "beats_loudness": {"dmean2": 0.0281209982932, "median": 0.0137757770717, "min": 0, "dvar2": 0.00153710518498, "dvar": 0.000507528951857, "dmean": 0.0153555590659, "max": 0.171047329903, "var": 0.00118124810979, "mean": 0.0293260794133}, "danceability": 0.947522938251, "bpm_histogram_second_peak_weight": {"dmean2": 0, "median": 0.0108043216169, "min": 0.0108043216169, "dvar2": 0, "dvar": 0, "dmean": 0, "max": 0.0108043216169, "var": 0, "mean": 0.0108043216169}, "beats_count": 834, "bpm_histogram_second_peak_bpm": {"dmean2": 0, "median": 140, "min": 140, "dvar2": 0, "dvar": 0, "dmean": 0, "max": 140, "var": 0, "mean": 140}, "bpm_histogram_first_peak_spread": {"dmean2": 0, "median": 0.211970090866, "min": 0.211970090866, "dvar2": 0, "dvar": 0, "dmean": 0, "max": 0.211970090866, "var": 0, "mean": 0.211970090866}, "beats_loudness_band_ratio": {"dmean2": [0.407980144024, 0.290461540222, 0.231663778424, 0.0831730291247, 0.0304139833897, 0.034676656127], "median": [0.522409081459, 0.281622439623, 0.128795951605, 0.0373779460788, 0.0153548782691, 0.00904314033687], "min": [0, 0, 0, 0, 0, 0], "dvar2": [0.0890228003263, 0.0585533119738, 0.0517701841891, 0.0164996273816, 0.0022330568172, 0.0037767579779], "dvar": [0.0314507782459, 0.0201413687319, 0.0185288246721, 0.00585498055443, 0.000865110603627, 0.0013625677675], "dmean": [0.228525713086, 0.168270274997, 0.133428767323, 0.0472644157708, 0.0183955673128, 0.02008526586], "max": [0.971854686737, 0.948629498482, 0.89463698864, 0.772817134857, 0.63977855444, 0.504161894321], "var": [0.0633081644773, 0.0486837700009, 0.0264833830297, 0.00708990683779, 0.0017357658362, 0.00126874062698], "mean": [0.499197661877, 0.325484275818, 0.180639892817, 0.0635985583067, 0.0267716329545, 0.0229864809662]}}, "lowlevel": {"barkbands_spread": {"dmean2": 3.69035840034, "median": 9.25590324402, "min": 0.412660419941, "dvar2": 26.3238296509, "dvar": 11.7650356293, "dmean": 2.38896083832, "max": 91.1784210205, "var": 118.760993958, "mean": 13.0441036224}, "melbands_spread": {"dmean2": 4.28685665131, "median": 9.92551231384, "min": 0.56884342432, "dvar2": 42.4484825134, "dvar": 19.7481079102, "dmean": 2.77193403244, "max": 200.983810425, "var": 234.882156372, "mean": 13.9920597076}, "hfc": {"dmean2": 3.29670786858, "median": 3.93733549118, "min": 1.06592571611e-16, "dvar2": 40.9491729736, "dvar": 16.2820034027, "dmean": 2.11142134666, "max": 106.075653076, "var": 312.178924561, "mean": 12.9783802032}, "barkbands_kurtosis": {"dmean2": 5.26548576355, "median": 5.43264770508, "min": -1.90853762627, "dvar2": 80.6344528198, "dvar": 33.7201423645, "dmean": 3.36045026779, "max": 248.426712036, "var": 141.373504639, "mean": 9.40588283539}, "gfcc": {"mean": [-87.4923858643, 123.565109253, -108.544036865, 19.8042678833, -60.0775146484, 2.2569963932, -36.128288269, -7.79204082489, -19.8775520325, -2.66858100891, -13.9836177826, -7.16186714172, -9.69534778595], "icov": [[0.00017707682855, -0.000300629879348, 0.000474470725749, -0.000552284880541, 0.00033426572918, -0.000310745032039, 0.000245932576945, -0.000708323903382, 0.000426157086622, -0.000490326958243, 0.000495162850711, -0.000438856048277, 0.000386590050766], [-0.000300629879348, 0.00226872111671, -0.00093790498795, 0.00145196751691, -0.00111712911166, 0.000531173602212, -0.000132334942464, 0.0024513413664, -0.00220157345757, 0.00278743193485, -0.00223107496276, 0.00207425816916, -0.00131174363196], [0.000474470725749, -0.00093790498795, 0.00354936672375, -0.0016126766568, -0.000146139864228, -0.0016975387698, 0.00174369022716, -0.00161823944654, 0.00102439301554, -0.00130346580409, 0.00205182051286, -0.0019888530951, 0.00125250464771], [-0.000552284880541, 0.00145196751691, -0.0016126766568, 0.00558512797579, -0.00167496979702, -0.00162599468604, 0.000413381552789, 0.00159095367417, -0.00165953300893, 0.00193651521113, -0.00215425761417, 0.00169869675301, -0.00250288960524], [0.00033426572918, -0.00111712911166, -0.000146139864228, -0.00167496979702, 0.00547839934006, 0.000344225612935, -0.00143037049565, -0.000990528264083, -0.000821560563054, -0.000428833416663, -0.00106599775609, 0.000205793592613, 0.000665743369609], [-0.000310745032039, 0.000531173602212, -0.0016975387698, -0.00162599468604, 0.000344225612935, 0.00930074881762, -0.00382393202744, -0.00116245611571, 0.0015538232401, -0.000623179599643, -0.000722908240277, -0.00145612598862, 0.000455058412626], [0.000245932576945, -0.000132334942464, 0.00174369022716, 0.000413381552789, -0.00143037049565, -0.00382393202744, 0.00973050389439, -0.00369272427633, -0.000912130402867, 6.12091826042e-05, -0.000746744102798, 0.000426045415225, -0.000734875909984], [-0.000708323903382, 0.0024513413664, -0.00161823944654, 0.00159095367417, -0.000990528264083, -0.00116245611571, -0.00369272427633, 0.0136240161955, -0.00647680507973, 0.00071330787614, -0.00106361415237, 0.000233298109379, -0.00150880403817], [0.000426157086622, -0.00220157345757, 0.00102439301554, -0.00165953300893, -0.000821560563054, 0.0015538232401, -0.000912130402867, -0.00647680507973, 0.0163255874068, -0.00641341274604, 0.000153537635924, 0.000441917771241, -0.000778100860771], [-0.000490326958243, 0.00278743193485, -0.00130346580409, 0.00193651521113, -0.000428833416663, -0.000623179599643, 6.12091826042e-05, 0.00071330787614, -0.00641341274604, 0.0176348891109, -0.00688386056572, -0.0002949006157, 0.00114303792361], [0.000495162850711, -0.00223107496276, 0.00205182051286, -0.00215425761417, -0.00106599775609, -0.000722908240277, -0.000746744102798, -0.00106361415237, 0.000153537635924, -0.00688386056572, 0.0168542582542, -0.0047425320372, -0.00147712265607], [-0.000438856048277, 0.00207425816916, -0.0019888530951, 0.00169869675301, 0.000205793592613, -0.00145612598862, 0.000426045415225, 0.000233298109379, 0.000441917771241, -0.0002949006157, -0.0047425320372, 0.019883973524, -0.00708362041041], [0.000386590050766, -0.00131174363196, 0.00125250464771, -0.00250288960524, 0.000665743369609, 0.000455058412626, -0.000734875909984, -0.00150880403817, -0.000778100860771, 0.00114303792361, -0.00147712265607, -0.00708362041041, 0.0182110201567]], "cov": [[25911.4941406, -2793.05444336, -1296.7902832, 2020.32617188, -1265.65869141, 1737.79699707, 484.341918945, 1545.27783203, -79.2379302979, 749.436523438, -117.905158997, 641.764099121, -44.3240890503], [-2793.05444336, 1575.76965332, 83.3915100098, -386.310241699, 297.479766846, -406.11807251, -147.189559937, -381.796508789, 47.8325843811, -236.18687439, 52.12525177, -194.479751587, 21.1155967712], [-1296.7902832, 83.3915100098, 541.528808594, 58.0158691406, 106.243087769, 34.7840499878, -47.2889404297, -26.6684150696, 0.626655817032, -12.5807981491, -6.2722992897, 13.2735748291, 0.863986492157], [2020.32617188, -386.310241699, 58.0158691406, 497.717041016, 6.10218048096, 264.698364258, 93.5889587402, 188.914321899, 34.0794830322, 95.6049804688, 40.6729888916, 87.5644683838, 39.1066818237], [-1265.65869141, 297.479766846, 106.243087769, 6.10218048096, 366.87020874, -42.2467765808, 65.6631011963, -15.7133512497, 85.2789459229, -8.24418449402, 77.7677383423, -29.8749065399, 29.6671791077], [1737.79699707, -406.11807251, 34.7840499878, 264.698364258, -42.2467765808, 348.406158447, 143.650421143, 208.901153564, 20.4376544952, 107.58039856, 29.0395488739, 96.4035415649, 17.7616329193], [484.341918945, -147.189559937, -47.2889404297, 93.5889587402, 65.6631011963, 143.650421143, 226.151367188, 148.820892334, 67.5649185181, 67.3491668701, 54.2454833984, 39.35729599, 29.0656661987], [1545.27783203, -381.796508789, -26.6684150696, 188.914321899, -15.7133512497, 208.901153564, 148.820892334, 287.887451172, 75.3264007568, 116.716049194, 35.9192390442, 80.8209991455, 22.9486541748], [-79.2379302979, 47.8325843811, 0.626655817032, 34.0794830322, 85.2789459229, 20.4376544952, 67.5649185181, 75.3264007568, 130.070846558, 51.8944282532, 51.2281799316, 7.51561832428, 24.4861850739], [749.436523438, -236.18687439, -12.5807981491, 95.6049804688, -8.24418449402, 107.58039856, 67.3491668701, 116.716049194, 51.8944282532, 139.565063477, 46.8408203125, 52.0523414612, 8.58779907227], [-117.905158997, 52.12525177, -6.2722992897, 40.6729888916, 77.7677383423, 29.0395488739, 54.2454833984, 35.9192390442, 51.2281799316, 46.8408203125, 115.440582275, 26.3482303619, 32.7364082336], [641.764099121, -194.479751587, 13.2735748291, 87.5644683838, -29.8749065399, 96.4035415649, 39.35729599, 80.8209991455, 7.51561832428, 52.0523414612, 26.3482303619, 101.424179077, 29.0998210907], [-44.3240890503, 21.1155967712, 0.863986492157, 39.1066818237, 29.6671791077, 17.7616329193, 29.0656661987, 22.9486541748, 24.4861850739, 8.58779907227, 32.7364082336, 29.0998210907, 78.7164459229]]}, "spectral_energyband_middle_low": {"dmean2": 0.00447633815929, "median": 0.00575893092901, "min": 1.58898548199e-22, "dvar2": 9.69778411672e-05, "dvar": 3.83252845495e-05, "dmean": 0.00285593327135, "max": 0.117478877306, "var": 0.000129974185256, "mean": 0.00983328279108}, "melbands_crest": {"dmean2": 3.75436282158, "median": 14.5887861252, "min": 1.00171279907, "dvar2": 14.4537334442, "dvar": 5.58115339279, "dmean": 2.35354185104, "max": 37.3140220642, "var": 27.2670783997, "mean": 15.1716375351}, "spectral_kurtosis": {"dmean2": 5.98498487473, "median": 5.71768903732, "min": -1.25832438469, "dvar2": 128.721923828, "dvar": 53.3649177551, "dmean": 3.60734295845, "max": 165.312347412, "var": 204.607025146, "mean": 10.1955823898}, "spectral_rms": {"dmean2": 0.00070458848495, "median": 0.00306014879607, "min": 3.11660636534e-12, "dvar2": 1.53713540385e-06, "dvar": 6.0445120198e-07, "dmean": 0.000441995332949, "max": 0.0161382816732, "var": 7.34357308829e-06, "mean": 0.00383771047927}, "zerocrossingrate": {"dmean2": 0.00627429457381, "median": 0.03173828125, "min": 0.0029296875, "dvar2": 7.8180579294e-05, "dvar": 5.3012612625e-05, "dmean": 0.00498025631532, "max": 0.5302734375, "var": 0.00206998363137, "mean": 0.0402514450252}, "silence_rate_60dB": {"dmean2": 0.0563418604434, "median": 0, "min": 0, "dvar2": 0.0603801645339, "dvar": 0.0273755416274, "dmean": 0.0281690135598, "max": 1, "var": 0.189947903156, "mean": 0.255000680685}, "erbbands_kurtosis": {"dmean2": 1.61830770969, "median": 0.564408063889, "min": -1.8473149538, "dvar2": 5.39768505096, "dvar": 2.23310709, "dmean": 1.03680288792, "max": 41.681427002, "var": 8.68405914307, "mean": 1.53548073769}, "erbbands": {"dmean2": [0.139423429966, 1.33528518677, 2.28998851776, 2.73613643646, 8.27570724487, 5.76458454132, 5.74995231628, 7.79461812973, 11.6342897415, 8.08918571472, 14.3961353302, 31.9194202423, 17.8741264343, 20.7501125336, 10.8690624237, 13.4562911987, 23.6737232208, 15.0308532715, 10.010430336, 14.0336971283, 6.30563783646, 4.3909611702, 5.86580753326, 5.8589758873, 5.85565948486, 5.50407648087, 3.962692976, 3.09403991699, 3.42198133469, 1.8337854147, 1.09996330738, 0.699415266514, 0.325248122215, 0.184921607375, 0.103882245719, 0.0539839230478, 0.0248853545636, 0.00493544526398, 0.000386631058063, 2.28753651754e-05], "median": [0.00190350180492, 0.0611486360431, 0.453615009785, 1.14970183372, 3.45925569534, 4.63729524612, 4.3472442627, 4.54205703735, 7.85902547836, 5.08943367004, 6.61314678192, 4.42021846771, 3.5769701004, 3.00718736649, 3.00761365891, 3.77877140045, 2.46633481979, 2.35955524445, 2.15479540825, 2.11306428909, 1.49724447727, 1.01244401932, 0.757751762867, 0.603704214096, 0.592443823814, 0.556740999222, 0.454134792089, 0.378747820854, 0.294848680496, 0.187381505966, 0.110544770956, 0.0808087438345, 0.0419384464622, 0.0164621789008, 0.00696432963014, 0.00229853671044, 0.000636009965092, 0.000107802639832, 5.48568932572e-05, 1.70049715962e-05], "min": [3.21158716705e-23, 5.66235573013e-22, 3.52932319931e-21, 2.23066983244e-21, 1.07374005026e-20, 1.8420031081e-20, 3.53893683133e-20, 5.50734073028e-20, 8.45463242795e-20, 1.55409077899e-19, 2.3417713201e-19, 2.79741859064e-19, 2.62772274647e-19, 8.65952946008e-19, 1.23059949243e-18, 1.0623526102e-18, 1.04056643062e-18, 1.47293218584e-18, 2.95819535986e-18, 2.97574854605e-18, 4.54071160607e-18, 4.84998451093e-18, 4.5671971021e-18, 5.82752960165e-18, 6.1136997656e-18, 7.59677711485e-18, 7.6286376305e-18, 1.13962649953e-17, 1.00573375163e-17, 1.10798890905e-17, 1.13366418168e-17, 1.14424878479e-17, 8.0627751032e-18, 8.70130973243e-18, 6.17259171649e-18, 4.28496597223e-18, 2.18969866228e-18, 1.0043951666e-18, 2.50777871422e-19, 2.78709298553e-20], "dvar2": [0.257681131363, 26.9926433563, 68.234085083, 57.0861587524, 601.969726562, 201.779968262, 163.393997192, 257.182891846, 645.597717285, 337.587341309, 1470.10266113, 8783.67480469, 5502.01220703, 5039.36376953, 630.662414551, 1202.18701172, 4425.40234375, 2170.51611328, 485.042449951, 1693.0736084, 190.620346069, 79.9221420288, 202.583740234, 214.833847046, 213.694625854, 200.287307739, 96.8104248047, 61.0357170105, 67.5623474121, 22.4898929596, 9.47014713287, 3.32974672318, 0.672645449638, 0.256539821625, 0.0964116305113, 0.0595862530172, 0.0203832965344, 0.000905309920199, 3.89212118534e-06, 5.49372813907e-09], "dvar": [0.102283403277, 9.75507354736, 24.1672039032, 21.4230594635, 262.511138916, 74.1050643921, 60.5262985229, 87.8605194092, 275.157592773, 173.912521362, 606.709716797, 3282.82470703, 1919.82739258, 2046.00939941, 264.885467529, 495.479003906, 1585.66137695, 786.899719238, 202.339263916, 610.570983887, 71.6022796631, 29.2058353424, 70.7784347534, 77.811706543, 77.5253601074, 74.2941894531, 36.3501815796, 23.8288593292, 27.0613269806, 9.10062980652, 3.59443020821, 1.33207607269, 0.290169298649, 0.121500618756, 0.0487857572734, 0.0278508830816, 0.0084983529523, 0.000364797335351, 1.60532874816e-06, 2.29355889836e-09], "dmean": [0.084071777761, 0.793604433537, 1.34727370739, 1.68205237389, 5.36235904694, 3.58315324783, 3.75438308716, 4.74469709396, 8.26985740662, 5.81551218033, 9.75120735168, 19.5964946747, 10.9290161133, 12.8937902451, 6.96544790268, 8.54644680023, 14.066368103, 9.06839084625, 6.26673078537, 8.31008815765, 3.78955006599, 2.6408367157, 3.45707392693, 3.49220299721, 3.50987315178, 3.31793904305, 2.41798257828, 1.93404769897, 2.13811945915, 1.16297674179, 0.68778949976, 0.447722196579, 0.214401096106, 0.125789448619, 0.0717672333121, 0.0372695550323, 0.016142712906, 0.0031419058796, 0.000250583107118, 1.45350350067e-05], "max": [5.13343906403, 56.7795410156, 90.9558410645, 118.000946045, 269.948303223, 170.851455688, 201.078720093, 187.541305542, 416.522033691, 716.701843262, 947.977539062, 1278.99194336, 1955.07885742, 1735.63903809, 453.704101562, 523.341064453, 933.569335938, 775.30480957, 383.792938232, 602.764221191, 300.968963623, 119.609985352, 169.19909668, 269.688873291, 314.994995117, 244.874771118, 176.570495605, 138.702636719, 93.7349624634, 68.3683242798, 92.3913269043, 45.5187034607, 21.7489967346, 13.9748725891, 7.82460308075, 5.9322977066, 2.53235173225, 0.665043532848, 0.0450879298151, 0.00177571305539], "var": [0.186687201262, 13.904838562, 43.3293075562, 58.7937088013, 367.004821777, 162.251327515, 268.054260254, 296.56942749, 1684.09570312, 1198.30957031, 1371.68603516, 6545.97265625, 3158.06494141, 5457.9140625, 852.438110352, 1518.0526123, 3150.85449219, 1374.72705078, 622.708984375, 1420.97314453, 326.669464111, 112.406814575, 304.66394043, 383.914459229, 338.616577148, 297.500762939, 168.198043823, 117.07989502, 139.362625122, 43.6345901489, 17.7799606323, 8.14201545715, 1.8392137289, 0.604106009007, 0.196908995509, 0.0566401965916, 0.00924001075327, 0.00034467029036, 1.84740508757e-06, 5.98580784938e-09], "mean": [0.173019617796, 1.57092797756, 2.75562143326, 3.93691158295, 8.56509685516, 8.86612987518, 10.8083105087, 10.9968090057, 25.3647174835, 17.9602546692, 20.8596115112, 33.0109100342, 22.1186904907, 24.8478870392, 15.1295814514, 18.7548961639, 24.3313369751, 16.1514530182, 12.9605751038, 15.4283161163, 9.44596767426, 6.67112922668, 9.06858348846, 9.50873279572, 9.06991291046, 8.29676914215, 6.64403820038, 5.80912208557, 6.1867556572, 3.39156007767, 2.07845258713, 1.37073135376, 0.655845284462, 0.359385728836, 0.189621224999, 0.0749039947987, 0.020945917815, 0.00362335797399, 0.000371951755369, 4.50706247648e-05]}, "spectral_strongpeak": {"dmean2": 0.38473457098, "median": 0.383407235146, "min": 0, "dvar2": 0.601722657681, "dvar": 0.224137723446, "dmean": 0.229607671499, "max": 8.00124359131, "var": 0.43585345149, "mean": 0.594635844231}, "spectral_energy": {"dmean2": 0.00919075962156, "median": 0.00959862302989, "min": 9.95606621393e-21, "dvar2": 0.00056949845748, "dvar": 0.000212616127101, "dmean": 0.00556147750467, "max": 0.26695522666, "var": 0.000871779047884, "mean": 0.0226233378053}, "average_loudness": 0.116188704967, "spectral_rolloff": {"dmean2": 286.044616699, "median": 581.396484375, "min": 21.533203125, "dvar2": 322318.96875, "dvar": 150105.265625, "dmean": 169.099029541, "max": 19638.28125, "var": 2677937, "mean": 894.735900879}, "spectral_centroid": {"dmean2": 170.765350342, "median": 645.257446289, "min": 165.733718872, "dvar2": 65162.8476562, "dvar": 30165.9609375, "dmean": 109.915870667, "max": 11732.5742188, "var": 987205.3125, "mean": 910.358642578}, "pitch_salience": {"dmean2": 0.0903965383768, "median": 0.540307760239, "min": 0.0832402929664, "dvar2": 0.00765441963449, "dvar": 0.00295774359256, "dmean": 0.0561992041767, "max": 0.996091067791, "var": 0.0129435230047, "mean": 0.532299101353}, "spectral_energyband_middle_high": {"dmean2": 0.00127611274365, "median": 0.000635774515104, "min": 1.14428876201e-21, "dvar2": 7.47044623495e-06, "dvar": 2.87905777441e-06, "dmean": 0.000793516053818, "max": 0.0444162338972, "var": 2.36299547396e-05, "mean": 0.00317548122257}, "spectral_contrast_coeffs": {"dmean2": [0.0697500780225, 0.0579319410026, 0.0506255738437, 0.0420129075646, 0.0285051818937, 0.0224133562297], "median": [-0.60190320015, -0.711554765701, -0.770651817322, -0.784029185772, -0.803561031818, -0.76426678896], "min": [-0.984211087227, -0.996655464172, -0.998913049698, -0.988432168961, -0.989097952843, -0.965394973755], "dvar2": [0.00356620852835, 0.00235438649543, 0.00185941415839, 0.00116413342766, 0.000530712830368, 0.000345065956935], "dvar": [0.00136044190731, 0.000870604999363, 0.000703069381416, 0.00043261735118, 0.000204005598789, 0.000146198275615], "dmean": [0.0421402230859, 0.0353059470654, 0.0313596576452, 0.0254297237843, 0.0173330400139, 0.0140452422202], "max": [-0.283998012543, -0.405725806952, -0.396617978811, -0.562402784824, -0.60986739397, -0.603377342224], "var": [0.0109354285523, 0.00431598629802, 0.0038033365272, 0.00229132128879, 0.00152740522753, 0.00227336003445], "mean": [-0.597570419312, -0.710789322853, -0.76543289423, -0.782029032707, -0.801306068897, -0.764208078384]}, "melbands_skewness": {"dmean2": 0.834970712662, "median": 2.55110931396, "min": -0.924596190453, "dvar2": 0.91671615839, "dvar": 0.388088703156, "dmean": 0.539878427982, "max": 12.4852266312, "var": 2.00086236, "mean": 2.74769186974}, "spectral_spread": {"dmean2": 511871.3125, "median": 3698833, "min": 532128.625, "dvar2": 521105702912, "dvar": 292565450752, "dmean": 354130.28125, "max": 42509324, "var": 10692122902500.0, "mean": 3979813.5}, "dissonance": {"dmean2": 0.034276407212, "median": 0.451338708401, "min": 0.235272318125, "dvar2": 0.00105901295319, "dvar": 0.000394878035877, "dmean": 0.0205064229667, "max": 0.499999970198, "var": 0.0015030951472, "mean": 0.44321513176}, "spectral_skewness": {"dmean2": 0.4902767241, "median": 1.91188383102, "min": -0.15110117197, "dvar2": 0.432565182447, "dvar": 0.181910514832, "dmean": 0.302503079176, "max": 9.88742637634, "var": 1.3114284277, "mean": 2.1718814373}, "spectral_flux": {"dmean2": 0.022521905601, "median": 0.0301598273218, "min": 6.3067648326e-11, "dvar2": 0.00163703993894, "dvar": 0.000687119725626, "dmean": 0.013780076988, "max": 0.42362627387, "var": 0.00246036215685, "mean": 0.0491450168192}, "spectral_contrast_valleys": {"dmean2": [0.633759617805, 0.458813339472, 0.401950269938, 0.339434683323, 0.2676053345