{"tonal": {"thpcp": [1, 0.701246261597, 0.421950757504, 0.35628592968, 0.349887877703, 0.471653282642, 0.511110246181, 0.408786714077, 0.419816792011, 0.4869171381, 0.451590180397, 0.437853336334, 0.478997141123, 0.446246862411, 0.379198372364, 0.309208214283, 0.27231952548, 0.326067596674, 0.373507201672, 0.512656927109, 0.842811405659, 0.857551217079, 0.53564286232, 0.406129479408, 0.366394251585, 0.27313169837, 0.264131873846, 0.296739310026, 0.331629574299, 0.414045155048, 0.487445890903, 0.576727509499, 0.723510980606, 0.733918488026, 0.663140833378, 0.85792350769], "hpcp": {"dmean2": [0.463726133108, 0.440730541945, 0.421368479729, 0.43868881464, 0.432216793299, 0.377186775208, 0.271500974894, 0.219034090638, 0.226147830486, 0.259171783924, 0.259527742863, 0.246700152755, 0.251126259565, 0.267621010542, 0.281879425049, 0.280474931002, 0.305922985077, 0.294890373945, 0.260698825121, 0.20947855711, 0.186757460237, 0.204504147172, 0.215157404542, 0.332450956106, 0.476346462965, 0.37783524394, 0.271017193794, 0.245256841183, 0.201924413443, 0.167809963226, 0.17548763752, 0.204004868865, 0.238879606128, 0.292686641216, 0.340262264013, 0.410092920065], "median": [0.0694032460451, 0.0745333656669, 0.0900953561068, 0.130679920316, 0.144479066133, 0.0848384648561, 0.0479828380048, 0.0420159213245, 0.0433384738863, 0.0568345822394, 0.0637635141611, 0.0555139817297, 0.047999843955, 0.0496594458818, 0.0512450374663, 0.0559707768261, 0.0541717372835, 0.046859074384, 0.0414156578481, 0.034376360476, 0.0325092747808, 0.0341908074915, 0.0348203442991, 0.0653451010585, 0.131993442774, 0.147749170661, 0.0817147120833, 0.0476091019809, 0.0373000726104, 0.0314344577491, 0.0306827872992, 0.0349092148244, 0.0390855073929, 0.0482353493571, 0.0521642230451, 0.0559406280518], "min": [0, 0, 0, 0, 0, 0, 0, 0, 0, 0, 0, 0, 0, 0, 0, 0, 0, 0, 0, 0, 0, 0, 0, 0, 0, 0, 0, 0, 0, 0, 0, 0, 0, 0, 0, 0], "dvar2": [0.263705968857, 0.238759547472, 0.20019954443, 0.201765954494, 0.201183155179, 0.174806669354, 0.132465586066, 0.112223044038, 0.113548964262, 0.132578670979, 0.130034089088, 0.12762491405, 0.135686472058, 0.139173135161, 0.148407697678, 0.138751909137, 0.164045363665, 0.147129550576, 0.133854627609, 0.10571616143, 0.0947078987956, 0.102558404207, 0.100380383432, 0.134691610932, 0.229455471039, 0.137989595532, 0.108727917075, 0.115500971675, 0.0958477929235, 0.0852698087692, 0.0929212272167, 0.115686565638, 0.137732669711, 0.168949633837, 0.19586071372, 0.236212253571], "dvar": [0.0935144424438, 0.0868432000279, 0.0722905918956, 0.0739326104522, 0.0777039527893, 0.0649967342615, 0.047702640295, 0.0398747101426, 0.0400904044509, 0.0471302941442, 0.0467265658081, 0.0442635603249, 0.0477465167642, 0.0512267760932, 0.0537176467478, 0.0501478873193, 0.0596969388425, 0.0542451962829, 0.0481275431812, 0.0379092171788, 0.0332669317722, 0.0363896340132, 0.0369119681418, 0.0489909388125, 0.0826653763652, 0.0529297627509, 0.0389609821141, 0.041828494519, 0.0351205542684, 0.0295280981809, 0.0325642712414, 0.0404952056706, 0.0480334647, 0.0595729462802, 0.0691761821508, 0.0824660658836], "dmean": [0.251774340868, 0.241562023759, 0.231602519751, 0.246612399817, 0.246046155691, 0.21084266901, 0.150057896972, 0.120648942888, 0.123757317662, 0.142886474729, 0.144339159131, 0.13526122272, 0.139566928148, 0.14974296093, 0.155435845256, 0.155227452517, 0.169484838843, 0.163121819496, 0.143346443772, 0.115255057812, 0.101951733232, 0.111780799925, 0.119946405292, 0.182399049401, 0.262489855289, 0.213114395738, 0.153226107359, 0.136178746819, 0.113221697509, 0.0928495749831, 0.0958307832479, 0.110196709633, 0.127904176712, 0.158292010427, 0.184710681438, 0.222181692719], "max": [1, 1, 1, 1, 1, 1, 1, 1, 1, 1, 1, 1, 1, 1, 1, 1, 1, 1, 1, 1, 1, 1, 1, 1, 1, 1, 1, 1, 1, 1, 1, 1, 1, 1, 1, 1], "var": [0.0949250459671, 0.0941856577992, 0.0702350065112, 0.0933612063527, 0.123763658106, 0.077616892755, 0.0426066294312, 0.0355267375708, 0.0329771377146, 0.0510663613677, 0.0547646507621, 0.0376496613026, 0.043935008347, 0.0586586855352, 0.0494069121778, 0.0420094132423, 0.0529638789594, 0.0479456335306, 0.0386157222092, 0.0301421061158, 0.024406099692, 0.0326102413237, 0.0416843369603, 0.0481424629688, 0.0920159444213, 0.0890543535352, 0.0444834679365, 0.040783829987, 0.0397822782397, 0.0243841633201, 0.0245722923428, 0.0303066615015, 0.034075755626, 0.0445025376976, 0.0571782551706, 0.0725040584803], "mean": [0.231266349554, 0.234593063593, 0.21196937561, 0.274230599403, 0.319644570351, 0.224149554968, 0.134874269366, 0.113884858787, 0.11183976382, 0.150761410594, 0.163373619318, 0.130666449666, 0.134192153811, 0.155640423298, 0.144348353148, 0.13995744288, 0.15310883522, 0.142640382051, 0.121208705008, 0.0988367274404, 0.0870454609394, 0.104225732386, 0.119389548898, 0.163868010044, 0.269400089979, 0.27411159873, 0.171215340495, 0.129817083478, 0.117115937173, 0.0873050615191, 0.0844283178449, 0.0948511064053, 0.106003589928, 0.132347285748, 0.155809432268, 0.184347808361]}, "tuning_equal_tempered_deviation": 0.252440690994, "chords_changes_rate": 0.0776220560074, "key_key": "A#", "tuning_diatonic_strength": 0.61797106266, "key_scale": "major", "chords_number_rate": 0.00215616822243, "tuning_frequency": 434.193115234, "tuning_nontempered_energy_ratio": 0.919547557831, "chords_histogram": [21.176651001, 3.75789308548, 16.6486988068, 7.8546128273, 0.708455264568, 0, 1.9713537693, 0.0924072042108, 0, 4.1429233551, 4.6819653511, 4.92838430405, 0.354227632284, 0.169413208961, 0, 1.44771289825, 1.87894654274, 19.8675498962, 3.7116894722, 4.18912696838, 1.24749732018, 0.446634829044, 0.138610810041, 0.585245668888], "key_strength": 0.718216896057, "chords_key": "A#", "chords_strength": {"dmean2": 0.0152525547892, "median": 0.523447751999, "min": 0.206076532602, "dvar2": 0.000197612011107, "dvar": 0.000123943842482, "dmean": 0.0125223184004, "max": 0.837253153324, "var": 0.0102228270844, "mean": 0.522974014282}, "chords_scale": "major", "hpcp_entropy": {"dmean2": 1.14097976685, "median": 2.7965233326, "min": 0, "dvar2": 0.818206608295, "dvar": 0.303247690201, "dmean": 0.67815721035, "max": 4.7548956871, "var": 0.747607350349, "mean": 2.76912522316}}, "metadata": {"audio_properties": {"equal_loudness": 0, "codec": "flac", "downmix": "mix", "sample_rate": 44100, "analysis_sample_rate": 44100, "bit_rate": 0, "md5_encoded": "a64fe41c69508d891a36316743b94063", "length": 301.480010986, "replay_gain": -16.0062294006, "lossless": true}, "version": {"essentia_build_sha": "ca57ba49d9b1854bd80e60cf9ccf267278fb7d6b", "essentia": "2.1-beta1", "extractor": "music 1.0", "essentia_git_sha": "v2.1_beta1-28-g21ef5f4-dirty"}, "tags": {"title": ["Inner Sanctum"], "barcode": ["7320470079720"], "albumartist": ["Behemoth"], "albumartistsort": ["Behemoth"], "tracktotal": ["11"], "language": ["eng"], "performer": ["Warrel Dane (guest vocal)", "Leszek Mo\u017cd\u017cer (guest piano)"], "releasetype": ["album"], "discid": ["90094f0b"], "replaygain_album_peak": ["1.00000000"], "replaygain_album_gain": ["-10.57 dB"], "mixer": ["Daniel Bergstrand"], "musicbrainz_recordingid": ["0e96de8f-5fce-408a-97af-a8f6154877b3"], "musicbrainz_discid": ["byB2peyap2WhAkNOpNdQmo6XYls-"], "musicbrainz_albumartistid": ["69632f9c-31eb-43d5-a864-e73ac72efc66"], "producer": ["Arkadiusz Malczewski", "Behemoth", "Nergal"], "catalognumber": ["RR099"], "fingerprint": ["MusicMagic FingerprintAS1BRVk5Hyv+JGoTSA7JDIQKkAw0DxEJMwhwEdkOUgaoBdQFtwWABbEJpgpECzcNvAh6B64InwdBBXQFDAUHBC4DXwL7At0CQAHjAZsBdgFptLDFNie5JEA67w7sCmgELARxAn0KTgVDBJUDfAdJB/QCcwNNAuQC5QVGB2MC/AHHBTADhgJ6AhEDKwQ1ApkBogI2AbYBuwFMATwA3QC3AHgDPwSmolP77zPSBRELXg+QDh0OhQp1CuwH4B+TKd8KWwVhBvMFZwOFBX0EKQsQF0gGAAJzAxoEfwFqAWMAdAJzANUBlQCZAHMApAAVAFEAdPqXAAXW1m9/1c//JvsN+dT6P/1qBqL5uf1V94n2bvwL/uz+VP3y/S/6mv1L/Xr9A/60/ukAaf7W/zkAgACU/5L//v+Y/7j/9v/sABMADwAVV/e0YgW5Ekse9gdK/GQAUPuv9d3dNvnW/aP+cQBe/cL+b/26/bT+Q/qm+Ez6mP6e/Q7/Bf8OAIYAQP9lAVgAff9EAJcAmwBfAKAALwCYAI/5USlh6GIEzUXVBXj38fkO9Sjnt+wE82j4VbvV3Mr8rfYx+Jn7zffT8vH0TPHM4kb7U/kQ+6v6JPyB/Rn+Sfxh/iD96f36/wX/Lv/c//j/zBgR53v5wvf8+Bj8kA+AGyUcuRqvTr4Z0wkQvJDwTwJsA0cAXwTPBUcOtRAbAfz07wckBLEA7v72ARMBrAAA/ygCMwF7AloBcQEKAJMALAALIB0YDA=="], "replaygain_track_gain": ["-11.03 dB"], "releasecountry": ["DE"], "engineer": ["Arkadiusz Malczewski"], "file_name": "09 Inner Sanctum.flac", "originaldate": ["2007-06-29"], "replaygain_track_peak": ["1.00000000"], "analysis": ["MusicMagic DataAgEB1gTr3l+egaMzgYTRFjCzhaWCFJ1a1USdrGmQP4sYY4ABkanXbq+LheSxlInghBiAAVVGibk8rbG9Ej/tNuX5BLy4WRsBgAKAAddtnJ+sy4QizI88XoHhgiKUPtFDnJtlUDRmF/al6IZt1CKysIQjpPCPAoKIgAFYHIRTQt/C3A2x59niGgAMsTMaWYACgAE="], "date": ["2007-06-29"], "genre": ["Death Metal"], "musicip_puid": ["27101a40-1b99-67f7-b6de-3efa7842811b"], "format": ["CD"], "musicbrainz_artistid": ["69632f9c-31eb-43d5-a864-e73ac72efc66"], "asin": ["B000R17T8I"], "musicbrainz_albumid": ["60fd4922-afb6-42da-ad49-b5d9128e14a3"], "artist": ["Behemoth"], "tracknumber": ["9"], "replaygain_reference_loudness": ["89.0 dB"], "artistsort": ["Behemoth"], "album": ["The Apostasy"], "label": ["Regain Records"], "releasestatus": ["official"], "script": ["Latn"], "totaltracks": ["11"]}}, "rhythm": {"bpm_histogram_first_peak_bpm": {"dmean2": 0, "median": 157, "min": 157, "dvar2": 0, "dvar": 0, "dmean": 0, "max": 157, "var": 0, "mean": 157}, "bpm": 156.244522095, "bpm_histogram_second_peak_spread": {"dmean2": 0, "median": 0.360000014305, "min": 0.360000014305, "dvar2": 0, "dvar": 0, "dmean": 0, "max": 0.360000014305, "var": 0, "mean": 0.360000014305}, "bpm_histogram_first_peak_weight": {"dmean2": 0, "median": 0.33651226759, "min": 0.33651226759, "dvar2": 0, "dvar": 0, "dmean": 0, "max": 0.33651226759, "var": 0, "mean": 0.33651226759}, "onset_rate": 2.7794406414, "beats_position": [0.394739210606, 0.812698423862, 1.21904754639, 1.62539684772, 2.03174591064, 2.43809509277, 2.85605430603, 3.25079369545, 3.64553284645, 4.04027223587, 4.43501138687, 4.841360569, 5.25931978226, 5.67727899551, 6.07201814651, 6.46675729752, 6.84988641739, 7.25623559952, 7.66258478165, 8.08054447174, 8.48689365387, 8.893242836, 9.287981987, 9.682721138, 10.077460289, 10.4605894089, 10.8437185287, 11.2152376175, 11.5867567062, 11.9582767487, 12.3414058685, 12.7245349884, 13.1076641083, 13.4907932281, 13.8623123169, 14.2338323593, 14.6169614792, 15.0000905991, 15.3716096878, 15.7547388077, 16.1378688812, 16.50938797, 16.904127121, 17.2756462097, 17.6471652985, 18.0186843872, 18.390203476, 18.7617225647, 19.1448516846, 19.5279808044, 19.9111099243, 20.2942390442, 20.6657600403, 21.037279129, 21.4204082489, 21.8035373688, 22.1750564575, 22.5465755463, 22.9297046661, 23.312833786, 23.6959629059, 24.0674819946, 24.4506111145, 24.8221302032, 25.1936511993, 25.5651702881, 25.948299408, 26.3314285278, 26.7145576477, 27.0976867676, 27.4808158875, 27.8523349762, 28.2354640961, 28.6069831848, 28.9785022736, 29.3500213623, 29.7215423584, 30.0930614471, 30.4645805359, 30.8360996246, 31.2192287445, 31.6023578644, 31.9854869843, 32.3686180115, 32.7517471313, 33.1232643127, 33.5063934326, 33.8779144287, 34.2494316101, 34.6209526062, 35.0040817261, 35.3872108459, 35.7819480896, 36.1650772095, 36.5482063293, 36.9197273254, 37.2912483215, 37.6627655029, 38.0458946228, 38.4174156189, 38.8005447388, 39.1720619202, 39.55519104, 39.9267120361, 40.309841156, 40.6813583374, 41.0644874573, 41.4360084534, 41.8191375732, 42.1906585693, 42.5737876892, 42.9569168091, 43.340045929, 43.7231750488, 44.0946922302, 44.4662132263, 44.8377304077, 45.2092514038, 45.5807685852, 45.9638977051, 46.347026825, 46.718547821, 47.1016769409, 47.4848060608, 47.8795471191, 48.262676239, 48.6341934204, 49.0173225403, 49.3888435364, 49.7603607178, 50.1318817139, 50.5150108337, 50.8981399536, 51.269657135, 51.6527900696, 52.0359191895, 52.4074363708, 52.8021774292, 53.1853065491, 53.5568237305, 53.9399528503, 54.3114738464, 54.6829910278, 55.0545120239, 55.4260292053, 55.7859382629, 56.1690673828, 56.5638084412, 56.946937561, 57.3300666809, 57.701587677, 58.0731048584, 58.4562339783, 58.8393630981, 59.2108840942, 59.5940132141, 59.977142334, 60.3486595154, 60.7201805115, 61.0916976929, 61.4748306274, 61.8579597473, 62.2410888672, 62.6242179871, 63.0073471069, 63.3904762268, 63.7619934082, 64.1335144043, 64.5050354004, 64.8765487671, 65.2480697632, 65.6312026978, 66.0143280029, 66.385848999, 66.7573699951, 67.1288909912, 67.5120162964, 67.895149231, 68.2666625977, 68.6381835938, 69.0213165283, 69.4044418335, 69.7875747681, 70.1590881348, 70.5422210693, 70.936958313, 71.3200912476, 71.7032165527, 72.0747375488, 72.4462585449, 72.8293838501, 73.2125167847, 73.5840377808, 73.9671630859, 74.3502960205, 74.7334213257, 75.1165542603, 75.488067627, 75.859588623, 76.2311096191, 76.6142425537, 76.9973678589, 77.368888855, 77.7520141602, 78.1351470947, 78.5066680908, 78.8781814575, 79.2497024536, 79.6328353882, 80.0159606934, 80.3874816895, 80.7706069946, 81.1537399292, 81.5252609253, 81.8967819214, 82.2682952881, 82.6398162842, 83.0229492188, 83.4060745239, 83.7892074585, 84.1723327637, 84.5438537598, 84.9269790649, 85.3101119995, 85.6816329956, 86.0647583008, 86.4478912354, 86.8194122314, 87.1909255981, 87.5740585327, 87.9455795288, 88.328704834, 88.7002258301, 89.0717468262, 89.4432601929, 89.8263931274, 90.2095184326, 90.5810394287, 90.9641723633, 91.3472976685, 91.7188186646, 92.0903396606, 92.4618606567, 92.8333740234, 93.216506958, 93.5880279541, 93.9711532593, 94.3426742554, 94.7257995605, 95.1089324951, 95.4920654297, 95.8635787964, 96.246711731, 96.6182327271, 97.0013580322, 97.3728790283, 97.7560043335, 98.1391372681, 98.5338745117, 98.9170074463, 99.3001327515, 99.683265686, 100.066390991, 100.437911987, 100.809432983, 101.192558289, 101.564079285, 101.935600281, 102.307121277, 102.678634644, 103.05015564, 103.421676636, 103.804801941, 104.187934875, 104.571060181, 104.954193115, 105.325714111, 105.708839417, 106.091972351, 106.463493347, 106.835006714, 107.20652771, 107.578048706, 107.949569702, 108.332695007, 108.715827942, 109.098953247, 109.482086182, 109.865211487, 110.248344421, 110.619865417, 110.991378784, 111.36289978, 111.734420776, 112.117546082, 112.489067078, 112.860588074, 113.243713379, 113.638458252, 114.009971619, 114.393104553, 114.776237488, 115.147750854, 115.519271851, 115.890792847, 116.262313843, 116.645439148, 117.028572083, 117.411697388, 117.794830322, 118.177955627, 118.561088562, 118.92099762, 119.280906677, 119.675643921, 120.058776855, 120.441902161, 120.825035095, 121.2081604, 121.591293335, 121.97441864, 122.345939636, 122.717460632, 123.088973999, 123.460494995, 123.832015991, 124.215148926, 124.598274231, 124.969795227, 125.341316223, 125.736053467, 126.119178772, 126.502311707, 126.873832703, 127.245346069, 127.616867065, 127.988388062, 128.359909058, 128.743041992, 129.126159668, 129.509292603, 129.892425537, 130.263946533, 130.647079468, 131.030197144, 131.40171814, 131.773239136, 132.144760132, 132.527893066, 132.911010742, 133.282531738, 133.665664673, 134.037185669, 134.420318604, 134.803451538, 135.174957275, 135.546478271, 135.929611206, 136.301132202, 136.684265137, 137.067382812, 137.438903809, 137.810424805, 138.193557739, 138.576690674, 138.94821167, 139.319732666, 139.691238403, 140.074371338, 140.457504272, 140.840637207, 141.223754883, 141.606887817, 141.990020752, 142.361541748, 142.744674683, 143.127792358, 143.510925293, 143.894058228, 144.265579224, 144.648712158, 145.031829834, 145.40335083, 145.774871826, 146.146392822, 146.517913818, 146.901046753, 147.284164429, 147.655685425, 148.038818359, 148.421951294, 148.79347229, 149.164993286, 149.548110962, 149.919631958, 150.302764893, 150.685897827, 151.069015503, 151.440536499, 151.812057495, 152.183578491, 152.566711426, 152.94984436, 153.321365356, 153.692871094, 154.076004028, 154.459136963, 154.830657959, 155.202178955, 155.573699951, 155.956817627, 156.339950562, 156.711471558, 157.082992554, 157.466125488, 157.849243164, 158.22076416, 158.592285156, 158.975418091, 159.358551025, 159.730072021, 160.113189697, 160.496322632, 160.867843628, 161.250976562, 161.634094238, 162.005615234, 162.388748169, 162.760269165, 163.1434021, 163.514923096, 163.886444092, 164.257949829, 164.641082764, 165.024215698, 165.407348633, 165.790466309, 166.161987305, 166.545120239, 166.928253174, 167.29977417, 167.671295166, 168.054412842, 168.437545776, 168.820678711, 169.203811646, 169.575332642, 169.946838379, 170.318359375, 170.689880371, 171.061401367, 171.432922363, 171.804443359, 172.187576294, 172.57069397, 172.942214966, 173.313735962, 173.685256958, 174.068389893, 174.451522827, 174.823028564, 175.206161499, 175.589294434, 175.972427368, 176.355545044, 176.72706604, 177.098587036, 177.493331909, 177.864852905, 178.24798584, 178.631103516, 179.002624512, 179.385757446, 179.757278442, 180.140411377, 180.511917114, 180.895050049, 181.278182983, 181.672927856, 182.044433594, 182.41595459, 182.787475586, 183.158996582, 183.530517578, 183.902038574, 184.261947632, 184.598632812, 184.935317993, 185.272018433, 185.608703613, 185.991836548, 186.374969482, 186.758087158, 187.141220093, 187.524353027, 187.907485962, 188.290603638, 188.673736572, 189.056869507, 189.440002441, 189.823120117, 190.206253052, 190.589385986, 190.972518921, 191.355636597, 191.843261719, 192.342483521, 192.830108643, 193.329345703, 193.816955566, 194.316192627, 194.792190552, 195.268203735, 195.744216919, 196.208618164, 196.673019409, 197.149017334, 197.625030518, 198.089431763, 198.553833008, 199.006622314, 199.459411621, 199.923812866, 200.376602173, 200.840988159, 201.305389404, 201.769790649, 202.245803833, 202.710205078, 203.174606323, 203.63899231, 204.103393555, 204.5677948, 205.032196045, 205.508209229, 205.984207153, 206.448608398, 206.901397705, 207.354187012, 207.806976318, 208.259765625, 208.712554932, 209.165344238, 209.629745483, 210.105758667, 210.581771851, 211.057769775, 211.533782959, 212.009796143, 212.485794067, 212.950195312, 213.414596558, 213.878997803, 214.331787109, 214.784576416, 215.248977661, 215.713378906, 216.177780151, 216.630569458, 217.106567383, 217.570968628, 218.035369873, 218.499771118, 218.964172363, 219.428573608, 219.892959595, 220.368972778, 220.844985962, 221.309387207, 221.773788452, 222.238174438, 222.690963745, 223.132156372, 223.584945679, 224.049331665, 224.51373291, 224.989746094, 225.465759277, 225.930160522, 226.394546509, 226.858947754, 227.311737061, 227.764526367, 228.228927612, 228.693328857, 229.157730103, 229.622131348, 230.086532593, 230.550918579, 231.015319824, 231.479721069, 231.944122314, 232.420135498, 232.896133423, 233.360534668, 233.824935913, 234.289337158, 234.753738403, 235.20652771, 235.659317017, 236.1353302, 236.599716187, 237.064117432, 237.528518677, 237.992919922, 238.468933105, 238.933334351, 239.397735596, 239.862121582, 240.326522827, 240.790924072, 241.255325317, 241.719726562, 242.184127808, 242.648529053, 243.112915039, 243.577316284, 244.030105591, 244.494506836, 244.947296143, 245.411697388, 245.876098633, 246.340499878, 246.804885864, 247.269287109, 247.733688354, 248.1980896, 248.662490845, 249.12689209, 249.591293335, 250.05569458, 250.520080566, 250.984481812, 251.448883057, 251.913284302, 252.377685547, 252.842086792, 253.306488037, 253.770874023, 254.235275269, 254.688064575, 255.140853882, 255.605255127, 256.09286499, 256.557281494, 257.033294678, 257.497680664, 257.973693848, 258.438079834, 258.902496338, 259.366882324, 259.831298828, 260.284088135, 260.736877441, 261.201263428, 261.677276611, 262.141662598, 262.606079102, 263.058868408, 263.523254395, 263.976043701, 264.428833008, 264.904846191, 265.380859375, 265.845245361, 266.309661865, 266.774047852, 267.238464355, 267.691253662, 268.144042969, 268.608428955, 269.072814941, 269.548828125, 270.024841309, 270.489257812, 270.953643799, 271.418029785, 271.882446289, 272.346832275, 272.811248779, 273.275634766, 273.74005127, 274.204437256, 274.668823242, 275.133239746, 275.597625732, 276.062042236, 276.53805542, 277.002441406, 277.46685791, 277.919647217, 278.372406006, 278.83682251, 279.289611816, 279.765625, 280.241638184, 280.69442749, 281.158813477, 281.611602783, 282.07598877, 282.540405273, 283.00479126, 283.469207764, 283.945220947, 284.409606934, 284.874023438, 285.326782227, 285.79119873, 286.255584717, 286.720001221, 287.196014404, 287.672027588, 288.148010254, 288.670471191, 289.181304932, 289.692138672, 290.179779053, 290.667388916, 291.154998779, 291.73550415, 292.316009521, 292.908111572, 293.500213623, 294.092315674, 294.754089355, 295.415863037, 296.019592285, 296.623291016, 297.215423584, 297.807525635, 298.388031006, 298.968505859, 299.560638428, 300.141113281, 300.721618652], "beats_loudness": {"dmean2": 0.0334078893065, "median": 0.0395516194403, "min": 1.13083785891e-07, "dvar2": 0.000811912410427, "dvar": 0.000277348037343, "dmean": 0.0189850088209, "max": 0.106427758932, "var": 0.000650430272799, "mean": 0.0433800555766}, "danceability": 1.05855381489, "bpm_histogram_second_peak_weight": {"dmean2": 0, "median": 0.174386918545, "min": 0.174386918545, "dvar2": 0, "dvar": 0, "dmean": 0, "max": 0.174386918545, "var": 0, "mean": 0.174386918545}, "beats_count": 735, "bpm_histogram_second_peak_bpm": {"dmean2": 0, "median": 129, "min": 129, "dvar2": 0, "dvar": 0, "dmean": 0, "max": 129, "var": 0, "mean": 129}, "bpm_histogram_first_peak_spread": {"dmean2": 0, "median": 0.433486223221, "min": 0.433486223221, "dvar2": 0, "dvar": 0, "dmean": 0, "max": 0.433486223221, "var": 0, "mean": 0.433486223221}, "beats_loudness_band_ratio": {"dmean2": [0.31363016367, 0.258458793163, 0.09676284343, 0.0644859150052, 0.0976999625564, 0.0531622730196], "median": [0.528285861015, 0.168797016144, 0.0591407380998, 0.0390204638243, 0.0807759985328, 0.0481121651828], "min": [0.00611504074186, 0.00563066685572, 0.00263979006559, 0.000475409440696, 0.00015951966634, 5.75439953536e-05], "dvar2": [0.0592224821448, 0.0401789620519, 0.00946961995214, 0.00714850332588, 0.0133493458852, 0.00249025598168], "dvar": [0.020754262805, 0.0140444105491, 0.00319700175896, 0.00304483389482, 0.00512867467478, 0.000928574823774], "dmean": [0.180514678359, 0.14815787971, 0.0561504326761, 0.0371928028762, 0.0552668049932, 0.0313061662018], "max": [0.928056120872, 0.8102850914, 0.409820407629, 0.960644125938, 0.891496419907, 0.237924844027], "var": [0.0335729755461, 0.0233464706689, 0.00421095220372, 0.00576201593503, 0.00572758773342, 0.00146660581231], "mean": [0.530832946301, 0.209166064858, 0.0796535015106, 0.0557133257389, 0.097230874002, 0.0573519580066]}}, "lowlevel": {"barkbands_spread": {"dmean2": 12.7535886765, "median": 28.7191429138, "min": 0.0151231093332, "dvar2": 136.047592163, "dvar": 48.7980728149, "dmean": 7.44850158691, "max": 147.536712646, "var": 158.625579834, "mean": 28.2890129089}, "melbands_spread": {"dmean2": 15.5411338806, "median": 21.1001605988, "min": 0.763754189014, "dvar2": 220.249511719, "dvar": 79.9799957275, "dmean": 9.07824611664, "max": 208.934417725, "var": 221.690490723, "mean": 23.8692417145}, "hfc": {"dmean2": 8.77076911926, "median": 21.3588294983, "min": 2.20666333917e-05, "dvar2": 108.530395508, "dvar": 46.0062828064, "dmean": 5.48310613632, "max": 121.950332642, "var": 215.974258423, "mean": 22.8990592957}, "barkbands_kurtosis": {"dmean2": 12.0741090775, "median": 1.40465450287, "min": -1.93881332874, "dvar2": 56973.546875, "dvar": 24007.984375, "dmean": 7.58686161041, "max": 13069.4199219, "var": 77071.2890625, "mean": 13.1110773087}, "gfcc": {"mean": [6.93113613129, 93.3467330933, -115.960693359, 54.062335968, -36.8025131226, 5.79272794724, -28.7155475616, 6.46977710724, -22.3991889954, 0.830889523029, -22.2135887146, -4.92059707642, -11.3087701797], "icov": [[0.000536594772711, -0.000306480331346, 0.000803349888884, -0.000960393226705, 0.000763799180277, -0.000936899101362, 0.00109038350638, -0.0012791599147, 0.00158652651589, -0.00175520579796, 0.00160138390493, -0.00126852549147, 0.000387484527892], [-0.000306480331346, 0.00267165340483, 0.000206221608096, 0.00128106272314, -0.0016867473023, 0.00254179141484, -0.00184605340473, 0.00221296167001, -0.00287586078048, 0.00258472166024, -0.00350336870179, 0.00217981799506, -0.00134278112091], [0.000803349888884, 0.000206221608096, 0.00416733091697, -0.000232124715694, -0.00152304465882, -0.00156085041817, 0.00293401349336, -0.00267623504624, 0.00203972659074, -0.00105991028249, 0.00103094254155, -0.00215876963921, 0.00125494040549], [-0.000960393226705, 0.00128106272314, -0.000232124715694, 0.00449648266658, -0.00211102678441, 0.000699382973835, -0.00227884133346, 0.0021552904509, -0.00325296889059, 0.00341660249978, -0.00226995069534, 0.00142427696846, -0.00024923987803], [0.000763799180277, -0.0016867473023, -0.00152304465882, -0.00211102678441, 0.0113377161324, -0.00260377186351, -0.00260446569882, 6.18040357949e-05, 0.00434857001528, -0.00570959318429, 0.00294975261204, -0.000113905560283, -0.00168701191433], [-0.000936899101362, 0.00254179141484, -0.00156085041817, 0.000699382973835, -0.00260377186351, 0.0133140292019, -0.00205448851921, -0.00259836437181, -0.00261618033983, 0.0048057185486, -0.00777288293466, 0.00457622949034, -0.000887035974301], [0.00109038350638, -0.00184605340473, 0.00293401349336, -0.00227884133346, -0.00260446569882, -0.00205448851921, 0.0159297771752, -0.00638205418363, -0.000214692685404, 0.0017272104742, 0.00332467118278, -0.00390605372377, 0.00098230515141], [-0.0012791599147, 0.00221296167001, -0.00267623504624, 0.0021552904509, 6.18040357949e-05, -0.00259836437181, -0.00638205418363, 0.0173265058547, -0.00711412355304, -0.00178750103805, 0.00147043215111, 0.0012871210929, -0.00249037868343], [0.00158652651589, -0.00287586078048, 0.00203972659074, -0.00325296889059, 0.00434857001528, -0.00261618033983, -0.000214692685404, -0.00711412355304, 0.0244111567736, -0.0130342142656, -0.00170076661743, 0.00291219213977, -0.001520316815], [-0.00175520579796, 0.00258472166024, -0.00105991028249, 0.00341660249978, -0.00570959318429, 0.0048057185486, 0.0017272104742, -0.00178750103805, -0.0130342142656, 0.0275033470243, -0.010977989994, -0.000561848049983, 0.00489597441629], [0.00160138390493, -0.00350336870179, 0.00103094254155, -0.00226995069534, 0.00294975261204, -0.00777288293466, 0.00332467118278, 0.00147043215111, -0.00170076661743, -0.010977989994, 0.0319283902645, -0.0161946080625, 0.00197195773944], [-0.00126852549147, 0.00217981799506, -0.00215876963921, 0.00142427696846, -0.000113905560283, 0.00457622949034, -0.00390605372377, 0.0012871210929, 0.00291219213977, -0.000561848049983, -0.0161946080625, 0.0293921474367, -0.00954819843173], [0.000387484527892, -0.00134278112091, 0.00125494040549, -0.00024923987803, -0.00168701191433, -0.000887035974301, 0.00098230515141, -0.00249037868343, -0.001520316815, 0.00489597441629, 0.00197195773944, -0.00954819843173, 0.0250105410814]], "cov": [[18204.7421875, -3733.83666992, -1341.46582031, 2447.73095703, -881.141235352, 1042.32312012, -516.411132812, 1193.90197754, -302.419891357, 655.73236084, -396.568237305, 292.577636719, -277.892578125], [-3733.83666992, 1734.76989746, -49.2965087891, -543.925842285, 205.992431641, -382.088043213, 187.00894165, -384.116577148, 122.556480408, -173.6224823, 128.794769287, -75.4009170532, 105.286079407], [-1341.46582031, -49.2965087891, 562.372436523, -199.479248047, 114.709014893, 24.9710083008, -25.9761104584, 4.1529302597, -11.922244072, -7.74252080917, 26.8694381714, 5.03053808212, -1.41963982582], [2447.73095703, -543.925842285, -199.479248047, 649.378845215, -70.6259918213, 162.384613037, -17.7688484192, 151.690170288, -21.8050460815, 62.2966003418, -51.5245552063, 29.9040088654, -31.8885765076], [-881.141235352, 205.992431641, 114.709014893, -70.6259918213, 171.259429932, -25.5902633667, 53.7245445251, -45.4804458618, 9.40020370483, -20.8445892334, 18.4406356812, -12.0772132874, 20.8440685272], [1042.32312012, -382.088043213, 24.9710083008, 162.384613037, -25.5902633667, 201.340270996, -20.7174701691, 131.207672119, -6.39576911926, 49.7555465698, -9.1103553772, 17.4955348969, -19.7351131439], [-516.411132812, 187.00894165, -25.9761104584, -17.7688484192, 53.7245445251, -20.7174701691, 122.058761597, -10.5284633636, 29.1401939392, -28.8726863861, 9.694647789, -8.85288619995, 19.4932556152], [1193.90197754, -384.116577148, 4.1529302597, 151.690170288, -45.4804458618, 131.207672119, -10.5284633636, 203.490432739, 13.1818666458, 75.5922470093, -24.1054229736, 22.7501831055, -18.9654502869], [-302.419891357, 122.556480408, -11.922244072, -21.8050460815, 9.40020370483, -6.39576911926, 29.1401939392, 13.1818666458, 94.5323791504, 30.3235054016, 33.5764198303, -5.56031703949, 7.26168203354], [655.73236084, -173.6224823, -7.74252080917, 62.2966003418, -20.8445892334, 49.7555465698, -28.8726863861, 75.5922470093, 30.3235054016, 106.01978302, 18.4126987457, 25.2250080109, -20.1842670441], [-396.568237305, 128.794769287, 26.8694381714, -51.5245552063, 18.4406356812, -9.1103553772, 9.694647789, -24.1054229736, 33.5764198303, 18.4126987457, 76.9334869385, 24.6649150848, 11.1238679886], [292.577636719, -75.4009170532, 5.03053808212, 29.9040088654, -12.0772132874, 17.4955348969, -8.85288619995, 22.7501831055, -5.56031703949, 25.2250080109, 24.6649150848, 64.5096282959, 11.2904272079], [-277.892578125, 105.286079407, -1.41963982582, -31.8885765076, 20.8440685272, -19.7351131439, 19.4932556152, -18.9654502869, 7.26168203354, -20.1842670441, 11.1238679886, 11.2904272079, 55.5724487305]]}, "spectral_energyband_middle_low": {"dmean2": 0.00957741495222, "median": 0.00924863945693, "min": 2.87379034415e-14, "dvar2": 0.000173871987499, "dvar": 6.56989432173e-05, "dmean": 0.00572894141078, "max": 0.0846549198031, "var": 9.34446870815e-05, "mean": 0.0115668494254}, "melbands_crest": {"dmean2": 6.71196937561, "median": 15.1643075943, "min": 2.52666258812, "dvar2": 26.7552185059, "dvar": 9.26471805573, "dmean": 3.92282390594, "max": 36.0329704285, "var": 18.310552597, "mean": 15.4399166107}, "spectral_kurtosis": {"dmean2": 3.26945853233, "median": 3.37609767914, "min": -1.24431693554, "dvar2": 92.1752166748, "dvar": 35.9070739746, "dmean": 1.90196788311, "max": 393.23324585, "var": 464.183685303, "mean": 7.64172840118}, "spectral_rms": {"dmean2": 0.00185378198512, "median": 0.00555291026831, "min": 1.03499394299e-06, "dvar2": 3.08326389131e-06, "dvar": 1.08877577532e-06, "dmean": 0.00108049553819, "max": 0.0110999085009, "var": 4.33592049376e-06, "mean": 0.00541239883751}, "zerocrossingrate": {"dmean2": 0.0114649999887, "median": 0.05712890625, "min": 0.0048828125, "dvar2": 0.000124266298371, "dvar": 0.000102387733932, "dmean": 0.00872332695872, "max": 0.9033203125, "var": 0.00176070688758, "mean": 0.059767242521}, "silence_rate_60dB": {"dmean2": 0.00338904722594, "median": 0, "min": 0, "dvar2": 0.00445585371926, "dvar": 0.00169154000469, "dmean": 0.00169439311139, "max": 1, "var": 0.0666209831834, "mean": 0.071775123477}, "erbbands_kurtosis": {"dmean2": 1.17145955563, "median": -0.439806222916, "min": -1.73573160172, "dvar2": 4.0590057373, "dvar": 1.49655914307, "dmean": 0.712920188904, "max": 95.5695571899, "var": 10.9432888031, "mean": 0.157291859388}, "erbbands": {"dmean2": [0.427757948637, 3.89684772491, 7.92817163467, 11.9594287872, 15.2409486771, 26.4793968201, 10.1228618622, 10.4896583557, 10.270277977, 15.158864975, 13.0412712097, 22.2532272339, 12.1770305634, 8.72128391266, 10.7848043442, 12.485748291, 15.8967170715, 19.9189376831, 25.4749641418, 29.6420478821, 35.2323112488, 25.9755153656, 22.8027610779, 29.1502685547, 22.2039852142, 15.7468833923, 12.3287973404, 9.18342590332, 7.40516614914, 3.9827914238, 1.84312283993, 1.21127510071, 0.639952838421, 0.452108353376, 0.266806274652, 0.12722581625, 0.0355570092797, 0.00580185325816, 0.000773563690018, 6.40579819446e-05], "median": [0.163954854012, 1.09722304344, 3.93889689445, 7.6664648056, 8.98554611206, 7.73616790771, 4.53927946091, 3.68520355225, 3.60864281654, 5.23562479019, 5.25626754761, 11.8120536804, 6.64734601974, 5.2343378067, 5.84719562531, 8.11457157135, 10.4708395004, 12.3885860443, 16.0094680786, 26.5541610718, 33.5582580566, 27.0354003906, 27.5235824585, 37.0616607666, 28.3351516724, 18.6239738464, 15.7625923157, 11.9333324432, 6.5174536705, 3.43221974373, 1.48732328415, 0.98598498106, 0.595603168011, 0.366099089384, 0.204709857702, 0.074712574482, 0.0181599780917, 0.00263103796169, 0.000307499576593, 6.17599653197e-05], "min": [2.93080955284e-14, 1.77089191835e-13, 8.91405113786e-13, 2.67227841418e-12, 3.12435884456e-12, 6.03846877015e-12, 8.83514095218e-12, 1.79776922515e-11, 3.26057340849e-11, 3.65637763122e-11, 4.70659587692e-11, 4.88773466145e-11, 8.87609985512e-11, 1.44119022272e-10, 1.74809638986e-10, 2.58112087259e-10, 2.05787775709e-10, 3.08345793343e-10, 3.82469084181e-10, 2.69072986114e-10, 2.08308245653e-10, 1.90494758856e-10, 1.21922361096e-10, 1.00784679213e-10, 6.61621937792e-11, 1.93464577691e-10, 2.50231418919e-10, 4.32436864095e-10, 1.57601554029e-09, 6.47582210078e-09, 8.31563529147e-09, 1.0621197255e-08, 6.64615429358e-09, 8.24136403565e-09, 4.46422188105e-09, 3.97947497177e-09, 5.05879782509e-09, 2.00143581708e-08, 4.21694927866e-08, 1.43557565835e-08], "dvar2": [0.280492633581, 22.1994724274, 87.257484436, 177.010757446, 445.227783203, 3001.22802734, 289.864135742, 512.703918457, 996.301940918, 1149.13317871, 1081.16186523, 1506.47692871, 561.621520996, 300.47845459, 567.069030762, 415.790466309, 851.350708008, 1625.20422363, 4689.16259766, 2528.61791992, 2915.66870117, 1767.76928711, 886.245483398, 1137.06726074, 644.165588379, 388.041290283, 231.92199707, 106.951019287, 99.9788970947, 29.1938781738, 8.33539867401, 3.18718266487, 0.90684235096, 0.770313918591, 0.303491026163, 0.0824176073074, 0.00753747532144, 0.000185011740541, 2.97949759442e-06, 1.3503385965e-08], "dvar": [0.098846912384, 7.46664905548, 30.41913414, 63.6772270203, 160.207672119, 1141.25830078, 112.679618835, 212.870727539, 394.912353516, 426.661315918, 400.746276855, 609.550598145, 244.992919922, 126.594902039, 233.916275024, 165.65802002, 371.869110107, 765.564025879, 2439.88598633, 1183.83337402, 1341.66186523, 714.71270752, 351.045043945, 417.751800537, 240.002426147, 148.30039978, 90.455696106, 40.3415603638, 36.7352333069, 11.3541278839, 3.30177259445, 1.26692795753, 0.388336539268, 0.310359507799, 0.127522736788, 0.0361813344061, 0.00326524442062, 8.29830460134e-05, 1.27271016481e-06, 5.46697664916e-09], "dmean": [0.243019446731, 2.14399313927, 4.51117897034, 6.95059013367, 8.96385860443, 15.5661935806, 6.04966259003, 6.3186712265, 6.2020611763, 9.07385253906, 7.92356204987, 13.6634473801, 7.55608654022, 5.36075973511, 6.61748790741, 7.57271051407, 9.813829422, 12.3126163483, 16.1621990204, 18.2670898438, 21.4181632996, 15.7818965912, 13.7651195526, 17.3664684296, 13.1673345566, 9.34968852997, 7.38366270065, 5.40250015259, 4.25684356689, 2.32800555229, 1.08624184132, 0.714317798615, 0.394945561886, 0.280279815197, 0.170532599092, 0.0818759799004, 0.0227812081575, 0.00374394166283, 0.00049039471196, 3.95680399379e-05], "max": [2.72776246071, 21.881975174, 66.3756484985, 93.0814971924, 193.779129028, 397.50100708, 167.089019775, 352.263244629, 564.775817871, 461.387420654, 479.13104248, 722.643920898, 469.294433594, 358.418212891, 517.226013184, 285.945098877, 754.430969238, 1826.92883301, 2662.8034668, 1797.26281738, 2087.27514648, 1241.10864258, 547.49206543, 413.269256592, 299.727264404, 244.167541504, 267.969909668, 132.681732178, 123.697624207, 65.7761611938, 35.72057724, 21.4953575134, 14.1703052521, 17.8430690765, 7.10315752029, 4.50809764862, 1.24589586258, 0.160340696573, 0.0189623646438, 0.000994877540506], "var": [0.147727102041, 7.38316202164, 35.926864624, 90.2993240356, 193.28427124, 1000.06976318, 127.375366211, 353.827575684, 476.40512085, 806.655517578, 669.27355957, 1668.0098877, 579.99041748, 288.810180664, 522.282836914, 293.002349854, 929.96081543, 2142.80810547, 7112.49365234, 3167.46118164, 4382.75292969, 1617.80297852, 852.686096191, 986.212219238, 567.580810547, 390.380371094, 248.081665039, 104.297477722, 69.1059570312, 26.1267375946, 6.75427818298, 2.37238526344, 0.793350279331, 0.445503532887, 0.182554632425, 0.0486826188862, 0.00396532285959, 0.000103883256088, 1.52636528128e-06, 6.61058319196e-09], "mean": [0.330258995295, 2.24566316605, 5.75019598007, 10.2740449905, 13.0021543503, 17.0685634613, 8.12832736969, 9.20229434967, 9.18949890137, 14.903670311, 12.9515199661, 25.6827392578, 13.9028511047, 9.52213478088, 11.4282264709, 13.1323423386, 17.7900314331, 22.2697296143, 30.4401092529, 38.4340019226, 47.1678314209, 35.4101448059, 32.9770278931, 41.7902259827, 31.6530780792, 22.6669254303, 18.8563194275, 13.5169067383, 8.68402862549, 4.88429737091, 2.1796734333, 1.36791157722, 0.79921734333, 0.523366749287, 0.314160555601, 0.134438678622, 0.034419991076, 0.0054746735841, 0.000682257290464, 7.8485783888e-05]}, "spectral_strongpeak": {"dmean2": 0.51751357317, "median": 0.294895201921, "min": 0, "dvar2": 1.34231984615, "dvar": 0.465747088194, "dmean": 0.293699622154, "max": 15.9639911652, "var": 0.472877055407, "mean": 0.421187788248}, "spectral_energy": {"dmean2": 0.0241239070892, "median": 0.0316056795418, "min": 1.09799280779e-09, "dvar2": 0.000639672158286, "dvar": 0.00022585777333, "dmean": 0.0139006441459, "max": 0.126288160682, "var": 0.000469576159958, "mean": 0.0344706252217}, "average_loudness": 0.876634597778, "spectral_rolloff": {"dmean2": 1239.79443359, "median": 1313.52539062, "min": 64.599609375, "dvar2": 1720068.875, "dvar": 647523.125, "dmean": 698.483032227, "max": 22006.9335938, "var": 2157326, "mean": 1489.75744629}, "spectral_centroid": {"dmean2": 502.691436768, "median": 1840.46838379, "min": 168.828445435, "dvar2": 199296.890625, "dvar": 78700.8203125, "dmean": 303.285217285, "max": 11864.5449219, "var": 503111.46875, "mean": 1761.48706055}, "pitch_salience": {"dmean2": 0.157290711999, "median": 0.591675937176, "min": 0.118142992258, "dvar2": 0.0171117819846, "dvar": 0.00590095110238, "dmean": 0.0903544425964, "max": 0.840172350407, "var": 0.0102113997564, "mean": 0.578158974648}, "spectral_energyband_middle_high": {"dmean2": 0.00231075310148, "median": 0.00454359687865, "min": 6.33906379536e-14, "dvar2": 8.8393844635e-06, "dvar": 4.0200075091e-06, "dmean": 0.0014673108235, "max": 0.0567061677575, "var": 2.10849775613e-05, "mean": 0.00542757520452}, "spectral_contrast_coeffs": {"dmean2": [0.098898999393, 0.0762766897678, 0.0582704506814, 0.0457283109426, 0.0313663519919, 0.0297384057194], "median": [-0.653616309166, -0.7815579772, -0.809375464916, -0.807632684708, -0.80298024416, -0.709975719452], "min": [-0.974415898323, -0.971221268177, -0.965401291847, -0.96011942625, -0.959756672382, -0.959837079048], "dvar2": [0.00597325200215, 0.00370207778178, 0.00206984486431, 0.00127840903588, 0.000600372324698, 0.000705844082404], "dvar": [0.00212656706572, 0.00131349964067, 0.000755556568038, 0.000462724477984, 0.000213444654946, 0.00028479588218], "dmean": [0.0588653348386, 0.0451442077756, 0.0347076095641, 0.0272093191743, 0.0185114387423, 0.0184802170843], "max": [-0.342818140984, -0.500044643879, -0.45226624608, -0.576782345772, -0.665366232395, -0.549780249596], "var": [0.00529293715954, 0.00332884164527, 0.00267117470503, 0.00176763511263, 0.000798632157966, 0.00264490186237], "mean": [-0.65046274662, -0.775874137878, -0.802232384682, -0.803215026855, -0.802914202213, -0.712689042091]}, "melbands_skewness": {"dmean2": 1.65132820606, "median": 3.17723298073, "min": -5.1727848053, "dvar2": 2.1755771637, "dvar": 0.785079479218, "dmean": 0.970956087112, "max": 15.7536859512, "var": 2.3715903759, "mean": 3.37636685371}, "spectral_spread": {"dmean2": 546065.625, "median": 3940688, "min": 342540.78125, "dvar2": 317315284992, "dvar": 170226991104, "dmean": 349099.5, "max": 45122120, "var": 3029914353660.0, "mean": 3917175.5}, "dissonance": {"dmean2": 0.0170