{"tonal": {"thpcp": [1, 0.548614621162, 0.157939210534, 0.228744760156, 0.292015850544, 0.315839380026, 0.48474535346, 0.555182337761, 0.381637305021, 0.278903931379, 0.254231184721, 0.290535837412, 0.43634134531, 0.447456151247, 0.274515807629, 0.182202681899, 0.174771606922, 0.200345590711, 0.299692988396, 0.36635941267, 0.28725412488, 0.230531096458, 0.217453032732, 0.172918096185, 0.158444479108, 0.174872413278, 0.235669732094, 0.418495446444, 0.583328485489, 0.415688514709, 0.16930949688, 0.117766909301, 0.131968021393, 0.236364468932, 0.365850538015, 0.724347829819], "hpcp": {"dmean2": [0.264811724424, 0.265867322683, 0.207965403795, 0.156850785017, 0.149136528373, 0.170403778553, 0.191507861018, 0.202549263835, 0.198339477181, 0.178268194199, 0.171129629016, 0.150572404265, 0.145202755928, 0.15496224165, 0.200108021498, 0.262224793434, 0.272681087255, 0.234700754285, 0.146294206381, 0.112780198455, 0.116575732827, 0.162805065513, 0.188336908817, 0.373695939779, 0.573223233223, 0.335761725903, 0.145973846316, 0.179695338011, 0.200420454144, 0.215683504939, 0.287756413221, 0.330219507217, 0.276598393917, 0.244924411178, 0.232102051377, 0.2405231148], "median": [0.00856265425682, 0.0102253584191, 0.00616174703464, 0.00231675966643, 0.00177006132435, 0.00288410717621, 0.0073457933031, 0.00835950952023, 0.00522937765345, 0.00297094066627, 0.00249931588769, 0.00216650986113, 0.00223321514204, 0.00259454455227, 0.00502582965419, 0.020578365773, 0.0235750265419, 0.0112349260598, 0.00322567811236, 0.00131023686845, 0.00202597398311, 0.00555803161114, 0.00697570620105, 0.0363953784108, 0.0343594178557, 0.018831178546, 0.00185741286259, 0.00497547583655, 0.00679110409692, 0.0104196071625, 0.0169639475644, 0.0157843418419, 0.00834244303405, 0.00272021838464, 0.00218804227188, 0.00364735792391], "min": [0, 0, 0, 0, 0, 0, 0, 0, 0, 0, 0, 0, 0, 0, 0, 0, 0, 0, 0, 0, 0, 0, 0, 0, 0, 0, 0, 0, 0, 0, 0, 0, 0, 0, 0, 0], "dvar2": [0.169615074992, 0.166402980685, 0.131387472153, 0.109906487167, 0.111047826707, 0.127138271928, 0.134449362755, 0.134707465768, 0.145910158753, 0.135789707303, 0.142820075154, 0.107347205281, 0.105760484934, 0.0958612412214, 0.11087615788, 0.131097853184, 0.148985847831, 0.134885251522, 0.0934839695692, 0.0828335806727, 0.0836275815964, 0.109061531723, 0.119785740972, 0.139372304082, 0.321328222752, 0.128585889935, 0.0957293063402, 0.116090483963, 0.116976000369, 0.111017674208, 0.166594609618, 0.210300222039, 0.176288068295, 0.178770750761, 0.172491341829, 0.168364390731], "dvar": [0.0658940374851, 0.0656364932656, 0.0471034310758, 0.0393425226212, 0.0397391468287, 0.0451873727143, 0.0489486455917, 0.0532140769064, 0.053547564894, 0.0494926907122, 0.0518613494933, 0.0381434969604, 0.0372880734503, 0.03448433429, 0.0402348823845, 0.04803173244, 0.0624239258468, 0.0521876998246, 0.0323409624398, 0.028268167749, 0.0285560712218, 0.0385906510055, 0.0485596694052, 0.0609130337834, 0.150178253651, 0.0528177842498, 0.0333515629172, 0.0418398343027, 0.0443852581084, 0.0423772111535, 0.061981562525, 0.078306555748, 0.0643745437264, 0.0640371069312, 0.0611897706985, 0.059916254133], "dmean": [0.145362108946, 0.146048247814, 0.111148312688, 0.0830520838499, 0.0794856473804, 0.0907047018409, 0.105386905372, 0.113314755261, 0.107848927379, 0.0956292301416, 0.0911833420396, 0.0794065073133, 0.0763732120395, 0.0822773128748, 0.107139788568, 0.144336476922, 0.150392532349, 0.129413381219, 0.0772100910544, 0.0588738955557, 0.0615339614451, 0.0885925069451, 0.103154286742, 0.206236124039, 0.308406859636, 0.181673079729, 0.0765539780259, 0.0963132083416, 0.108294270933, 0.117658384144, 0.158584848046, 0.180713891983, 0.149855658412, 0.130463272333, 0.122339449823, 0.128152608871], "max": [1, 1, 1, 1, 1, 1, 1, 1, 1, 1, 1, 1, 1, 1, 1, 1, 1, 1, 1, 1, 1, 1, 1, 1, 1, 1, 1, 1, 1, 1, 1, 1, 1, 1, 1, 1], "var": [0.0685349181294, 0.0706364288926, 0.0340685658157, 0.0258798766881, 0.0264660082757, 0.0303359404206, 0.042312450707, 0.0596553497016, 0.0441551320255, 0.0376586094499, 0.0389403738081, 0.0248330105096, 0.0223905406892, 0.0216256771237, 0.0268976148218, 0.0447329953313, 0.0908761918545, 0.0605668313801, 0.0198822636157, 0.0160310789943, 0.0171901229769, 0.0300495885313, 0.0617775544524, 0.0773791447282, 0.161807715893, 0.0511931963265, 0.0199354235083, 0.0293535478413, 0.0408776029944, 0.0386689901352, 0.0649765431881, 0.0831802114844, 0.0519138090312, 0.0433321632445, 0.0397577919066, 0.0421362631023], "mean": [0.126009985805, 0.129219800234, 0.0792767703533, 0.0526178814471, 0.0504718795419, 0.0578573308885, 0.0865476280451, 0.105800069869, 0.082955442369, 0.0665745288134, 0.0627977475524, 0.04993660748, 0.0457568056881, 0.0505009889603, 0.0680585056543, 0.120856307447, 0.16845805943, 0.120045699179, 0.0488944873214, 0.0340096279979, 0.0381107330322, 0.0682591348886, 0.105653107166, 0.209182694554, 0.288787633181, 0.158433109522, 0.0456108897924, 0.0660586580634, 0.0843305662274, 0.0912105068564, 0.139988467097, 0.160329788923, 0.110212132335, 0.0805440098047, 0.0734188258648, 0.0839031562209]}, "tuning_equal_tempered_deviation": 0.2176515311, "chords_changes_rate": 0.0843060985208, "key_key": "A#", "tuning_diatonic_strength": 0.536563038826, "key_scale": "major", "chords_number_rate": 0.0022234574426, "tuning_frequency": 434.193115234, "tuning_nontempered_energy_ratio": 0.881343364716, "chords_histogram": [1.66759312153, 15.9533071518, 1.37113213539, 3.66870474815, 4.7433757782, 15.5086154938, 28.3305549622, 12.1734294891, 6.57772827148, 0.370576232672, 1.81582355499, 0.333518624306, 1.03761351109, 0, 0.629979610443, 0.0370576232672, 0.222345754504, 0, 0.444691509008, 0.314989805222, 0, 0, 0.222345754504, 4.57661676407], "key_strength": 0.536191642284, "chords_key": "G", "chords_strength": {"dmean2": 0.015375318937, "median": 0.50658172369, "min": -1, "dvar2": 0.000923006038647, "dvar": 0.000470307946671, "dmean": 0.0134562458843, "max": 0.795387387276, "var": 0.0222925078124, "mean": 0.49758914113}, "chords_scale": "major", "hpcp_entropy": {"dmean2": 1.14988577366, "median": 1.95789825916, "min": 0, "dvar2": 0.888718485832, "dvar": 0.336775273085, "dmean": 0.691304802895, "max": 4.52573776245, "var": 0.679884791374, "mean": 2.0047147274}}, "metadata": {"audio_properties": {"equal_loudness": 0, "codec": "mp3", "downmix": "mix", "sample_rate": 44100, "analysis_sample_rate": 44100, "bit_rate": 320000, "md5_encoded": "9cefb446b76186ddb26b0ea918469d07", "length": 250.56652832, "replay_gain": -8.97492218018, "lossless": false}, "version": {"essentia_build_sha": "2d9f1f26377add8aeb1075a9c2973f962c4f09fd", "essentia": "2.1-beta2", "extractor": "music 1.0", "essentia_git_sha": "v2.1_beta2-1-ge3940c0"}, "tags": {"title": ["I'm Sorry"], "media": ["CD"], "albumartist": ["Dawn Penn"], "musicbrainz_recordingid": ["0ea171c3-a3bf-4d5b-9daa-c49374011a32"], "musicbrainz_albumartistid": ["2303f592-119c-4ca7-b8fd-819c5ac5667d"], "discnumber": ["1/1"], "album": ["No, No, No"], "catalognumber": ["92365-2"], "contentgroup": ["Reggae"], "musicbrainz album type": ["album"], "musicbrainz album status": ["official"], "file_name": "02 - I'm Sorry.mp3", "date": ["1994"], "genre": ["Reggae", "Dancehall", "Rocksteady", "Dub"], "musicbrainz album release country": ["US"], "musicbrainz_releasegroupid": ["de2e87e0-97e6-3788-b953-3690323c695f"], "script": ["Latn"], "originaldate": ["1994"], "musicbrainz_albumid": ["8b6ffe88-a743-4ce4-bef6-6703ab31de32"], "artist": ["Dawn Penn"], "artistsort": ["Penn, Dawn"], "tracknumber": ["2/13"], "label": ["Big Beat"], "albumartistsort": ["Penn, Dawn"], "acoustid_id": ["0b3385c3-ff12-42e3-b656-1650d0a8eead"], "musicbrainz_artistid": ["2303f592-119c-4ca7-b8fd-819c5ac5667d"]}}, "rhythm": {"bpm_histogram_first_peak_bpm": {"dmean2": 0, "median": 91, "min": 91, "dvar2": 0, "dvar": 0, "dmean": 0, "max": 91, "var": 0, "mean": 91}, "bpm": 90.9613189697, "bpm_histogram_second_peak_spread": {"dmean2": 0, "median": 0, "min": 0, "dvar2": 0, "dvar": 0, "dmean": 0, "max": 0, "var": 0, "mean": 0}, "bpm_histogram_first_peak_weight": {"dmean2": 0, "median": 0.931216955185, "min": 0.931216955185, "dvar2": 0, "dvar": 0, "dmean": 0, "max": 0.931216955185, "var": 0, "mean": 0.931216955185}, "onset_rate": 4.40182065964, "beats_position": [0.696598649025, 1.369977355, 2.04335594177, 2.71673464775, 3.36689329147, 4.02866220474, 4.69043064117, 5.35219955444, 6.01396799088, 6.66412687302, 7.32589578629, 7.98766422272, 8.64943313599, 9.31120204926, 9.97297000885, 10.6347389221, 11.2965078354, 11.9582767487, 12.6084346771, 13.2585935593, 13.9319725037, 14.5821313858, 15.2439002991, 15.9056682587, 16.5558280945, 17.2292060852, 17.8793640137, 18.5411338806, 19.2029018402, 19.853061676, 20.5148296356, 21.1765975952, 21.8383674622, 22.5001354218, 23.1619052887, 23.8236732483, 24.4738311768, 25.1472110748, 25.7973690033, 26.4591369629, 27.1209068298, 27.7710647583, 28.4328346252, 29.0946025848, 29.7447605133, 30.4181404114, 31.079908371, 31.7416782379, 32.391834259, 33.053604126, 33.7153739929, 34.3655319214, 35.0273017883, 35.6890678406, 36.3508377075, 37.0126075745, 37.6743774414, 38.3361434937, 38.9863014221, 39.6364631653, 40.2982292175, 40.9599990845, 41.6333770752, 42.2835350037, 42.9569168091, 43.6070747375, 44.2688446045, 44.9306106567, 45.5807685852, 46.2425384521, 46.9043083191, 47.5544662476, 48.2162361145, 48.8780021667, 49.5397720337, 50.2015419006, 50.8633079529, 51.5250778198, 52.1752357483, 52.8486175537, 53.4987754822, 54.1605415344, 54.8223114014, 55.4724693298, 56.1458511353, 56.8076171875, 57.4693870544, 58.1195449829, 58.7697029114, 59.4314727783, 60.0932426453, 60.7550086975, 61.4167785645, 62.0785484314, 62.7403144836, 63.3904762268, 64.0522460938, 64.714012146, 65.3641738892, 66.0259399414, 66.6877059937, 67.3494796753, 68.0112457275, 68.6730117798, 69.3347854614, 69.9849395752, 70.6467132568, 71.3084793091, 71.9702453613, 72.632019043, 73.2937850952, 73.9555511475, 74.6057128906, 75.2674789429, 75.9292526245, 76.5910186768, 77.252784729, 77.9029464722, 78.5531082153, 79.2264862061, 79.8766403198, 80.5500183105, 81.2001800537, 81.861946106, 82.5237197876, 83.1854858398, 83.8472518921, 84.4974136353, 85.1475753784, 85.8209533691, 86.4827194214, 87.1444854736, 87.7946472168, 88.456413269, 89.1181869507, 89.7683410645, 90.4301147461, 91.0918807983, 91.7536468506, 92.4154205322, 93.065574646, 93.7389526367, 94.3891143799, 95.0508804321, 95.7126541138, 96.3628082275, 97.0361862183, 97.6863479614, 98.3481140137, 99.0098876953, 99.6716537476, 100.3334198, 100.983581543, 101.645347595, 102.307121277, 102.957275391, 103.630653381, 104.280815125, 104.942581177, 105.604354858, 106.266120911, 106.927886963, 107.578048706, 108.239814758, 108.90158844, 109.563354492, 110.225120544, 110.875282288, 111.548660278, 112.198822021, 112.860588074, 113.522354126, 114.184127808, 114.84589386, 115.496055603, 116.157821655, 116.819587708, 117.481361389, 118.143127441, 118.793289185, 119.455055237, 120.116821289, 120.766983032, 121.428749084, 122.090522766, 122.752288818, 123.414054871, 124.075828552, 124.737594604, 125.387756348, 126.0495224, 126.711288452, 127.373062134, 128.034820557, 128.6849823, 129.346755981, 130.008529663, 130.658676147, 131.320449829, 131.982223511, 132.643981934, 133.305755615, 133.967529297, 134.62928772, 135.291061401, 135.952835083, 136.602996826, 137.253143311, 137.914916992, 138.576690674, 139.238449097, 139.900222778, 140.56199646, 141.223754883, 141.873916626, 142.547302246, 143.197463989, 143.859222412, 144.520996094, 145.171157837, 145.83291626, 146.494689941, 147.156463623, 147.818222046, 148.468383789, 149.141769409, 149.791931152, 150.453689575, 151.115463257, 151.765625, 152.427383423, 153.089157104, 153.750930786, 154.412689209, 155.074462891, 155.736236572, 156.386398315, 157.048156738, 157.70993042, 158.360092163, 159.021850586, 159.683624268, 160.345397949, 161.007156372, 161.668930054, 162.330703735, 162.980865479, 163.642623901, 164.304397583, 164.954559326, 165.616317749, 166.278091431, 166.939865112, 167.601623535, 168.263397217, 168.925170898, 169.575332642, 170.237091064, 170.898864746, 171.560638428, 172.222396851, 172.872558594, 173.545944214, 174.196090698, 174.85786438, 175.519638062, 176.169799805, 176.843170166, 177.493331909, 178.155105591, 178.816864014, 179.467025757, 180.128799438, 180.790557861, 181.452331543, 182.114105225, 182.775863647, 183.437637329, 184.087799072, 184.749572754, 185.411331177, 186.06149292, 186.723266602, 187.385025024, 188.046798706, 188.708572388, 189.370330811, 190.032104492, 190.682266235, 191.355636597, 192.00579834, 192.667572021, 193.329345703, 193.979492188, 194.652877808, 195.303039551, 195.964797974, 196.626571655, 197.276733398, 197.93850708, 198.600265503, 199.262039185, 199.923812866, 200.573959351, 201.235733032, 201.897506714, 202.570877075, 203.221038818, 203.8828125, 204.544570923, 205.194732666, 205.856506348, 206.518280029, 207.180038452, 207.841812134, 208.491973877, 209.1537323, 209.815505981, 210.465667725, 211.127426147, 211.789199829, 212.450973511, 213.112747192, 213.774505615, 214.436279297, 215.08644104, 215.748199463, 216.409973145, 217.060134888, 217.721893311, 218.383666992, 219.045440674, 219.707214355, 220.35736084, 221.019134521, 221.680908203, 222.342666626, 223.004440308, 223.666213989, 224.327972412, 224.989746094, 225.651519775, 226.30166626, 226.951828003, 227.625213623, 228.275375366, 228.937133789, 229.598907471, 230.260681152, 230.922439575, 231.572601318, 232.234375, 232.896133423, 233.557907104, 234.219680786, 234.881454468, 235.543212891, 236.193374634, 236.855148315, 237.516906738, 238.17868042, 238.840454102, 239.490600586, 240.152374268, 240.814147949, 241.475906372, 242.137680054, 242.799453735, 243.449615479, 244.111373901, 244.773147583, 245.434921265, 246.085067749, 246.746841431, 247.408615112, 248.070373535, 248.732147217, 249.393920898, 250.05569458], "beats_loudness": {"dmean2": 0.166839569807, "median": 0.099939994514, "min": 0, "dvar2": 0.0135040208697, "dvar": 0.00413801753893, "dmean": 0.0857413336635, "max": 0.312516719103, "var": 0.00525351334363, "mean": 0.121584117413}, "danceability": 1.66683471203, "bpm_histogram_second_peak_weight": {"dmean2": 0, "median": 0, "min": 0, "dvar2": 0, "dvar": 0, "dmean": 0, "max": 0, "var": 0, "mean": 0}, "beats_count": 379, "bpm_histogram_second_peak_bpm": {"dmean2": 0, "median": 0, "min": 0, "dvar2": 0, "dvar": 0, "dmean": 0, "max": 0, "var": 0, "mean": 0}, "bpm_histogram_first_peak_spread": {"dmean2": 0, "median": 0.0687830448151, "min": 0.0687830448151, "dvar2": 0, "dvar": 0, "dmean": 0, "max": 0.0687830448151, "var": 0, "mean": 0.0687830448151}, "beats_loudness_band_ratio": {"dmean2": [0.293433606625, 0.108909234405, 0.0966106504202, 0.054642342031, 0.0302042197436, 0.0854837521911], "median": [0.828345417976, 0.0419587381184, 0.0384171418846, 0.0218446720392, 0.0110926646739, 0.0357584878802], "min": [0, 0, 0, 0, 0, 0], "dvar2": [0.0473831184208, 0.00802735146135, 0.00951327104121, 0.00498112663627, 0.000936297641601, 0.00724070658907], "dvar": [0.0162472371012, 0.00277787772939, 0.00317798717879, 0.00186539359856, 0.000336288328981, 0.002547981916], "dmean": [0.160649523139, 0.0585939958692, 0.0514571741223, 0.030480813235, 0.0169941224158, 0.0461602844298], "max": [0.973792433739, 0.565068244934, 0.307053267956, 0.385094434023, 0.153406456113, 0.343858331442], "var": [0.0242110360414, 0.00332592451014, 0.00269704218954, 0.00180929445196, 0.000381550489692, 0.00227031344548], "mean": [0.795556545258, 0.0590371601284, 0.054039619863, 0.0349987186491, 0.0181726310402, 0.0485958829522]}}, "lowlevel": {"barkbands_spread": {"dmean2": 17.4507389069, "median": 12.5150794983, "min": 0.13064968586, "dvar2": 551.034729004, "dvar": 282.30960083, "dmean": 12.0470981598, "max": 123.640548706, "var": 518.622802734, "mean": 21.2086982727}, "melbands_spread": {"dmean2": 13.5262079239, "median": 7.19128084183, "min": 0.156149059534, "dvar2": 639.137634277, "dvar": 294.362457275, "dmean": 8.7110004425, "max": 268.90246582, "var": 574.263061523, "mean": 14.7117624283}, "hfc": {"dmean2": 38.7508010864, "median": 16.4519424438, "min": 1.07899523597e-16, "dvar2": 4773.60058594, "dvar": 2333.18945313, "dmean": 28.0056247711, "max": 418.115112305, "var": 3311.78735352, "mean": 39.4638023376}, "barkbands_kurtosis": {"dmean2": 57.7766036987, "median": 11.8744564056, "min": -1.91007733345, "dvar2": 19268.1894531, "dvar": 8605.11914063, "dmean": 38.1988258362, "max": 1948.83361816, "var": 13838.2724609, "mean": 52.3450660706}, "gfcc": {"mean": [-17.7688293457, 65.4734420776, -59.7393341064, 42.9440879822, -47.8514862061, 32.8922615051, -27.5629367828, 24.3218307495, -22.543012619, 10.6189947128, -8.45571994781, 6.05520248413, -8.19801235199], "icov": [[7.20714160707e-05, -0.000116469855129, 9.43423947319e-05, -0.000165662466316, -6.18225885773e-06, -0.000120213233458, 0.000217803331907, -0.000304408371449, 0.00037312466884, -0.0003854506067, 0.000475422188174, -0.00049902551109, 0.000297069811495], [-0.000116469855129, 0.00207122135907, 0.000300106825307, 0.000313422293402, 0.000819833425339, -5.84559666095e-06, -0.000756529858336, 9.59466124186e-05, -0.000996346701868, 0.00161406106781, -0.00378101458773, 0.00351652665995, -0.00222040293738], [9.43423947319e-05, 0.000300106825307, 0.00123650033493, -0.000602506508585, 1.52839984366e-05, -0.000180934061063, -0.000366430176655, -0.000551657052711, 0.000833628117107, -0.00103636202402, 0.000673033064231, -0.00023173064983, -0.000376271636924], [-0.000165662466316, 0.000313422293402, -0.000602506508585, 0.00301435287111, -0.000218095810851, -0.000105191793409, 0.000624574313406, 0.000514776736964, -0.00200153165497, 0.00163222791161, -0.000908865069505, 0.0025042979978, -0.00172336143441], [-6.18225885773e-06, 0.000819833425339, 1.52839984366e-05, -0.000218095810851, 0.00393386650831, -0.00117181625683, -0.000361974787666, -0.000363729079254, -0.00145621330012, 0.000890599330887, -0.00131672876887, 0.0015360127436, -0.00109114602674], [-0.000120213233458, -5.84559666095e-06, -0.000180934061063, -0.000105191793409, -0.00117181625683, 0.00562213454396, -0.00290411105379, 0.000213748789974, 0.00230494327843, -0.000711651344318, -0.00079058407573, 0.00251458934508, -0.000598097336479], [0.000217803331907, -0.000756529858336, -0.000366430176655, 0.000624574313406, -0.000361974787666, -0.00290411105379, 0.00881126429886, -0.00254605710506, -0.00111928035039, 0.000636860437226, -0.000535887491424, -0.0018912187079, 0.00117783225141], [-0.000304408371449, 9.59466124186e-05, -0.000551657052711, 0.000514776736964, -0.000363729079254, 0.000213748789974, -0.00254605710506, 0.00940320640802, -0.00359578733332, 0.000374324445147, -0.00085496873362, 0.000561729539186, -0.00155525910668], [0.00037312466884, -0.000996346701868, 0.000833628117107, -0.00200153165497, -0.00145621330012, 0.00230494327843, -0.00111928035039, -0.00359578733332, 0.0143908001482, -0.00653300387785, 0.00185457651969, -0.000752758409362, -0.000970634515397], [-0.0003854506067, 0.00161406106781, -0.00103636202402, 0.00163222791161, 0.000890599330887, -0.000711651344318, 0.000636860437226, 0.000374324445147, -0.00653300387785, 0.0192963853478, -0.00854035001248, 0.00114312686492, 0.00108757684939], [0.000475422188174, -0.00378101458773, 0.000673033064231, -0.000908865069505, -0.00131672876887, -0.00079058407573, -0.000535887491424, -0.00085496873362, 0.00185457651969, -0.00854035001248, 0.0188282746822, -0.00963098555803, 0.00259873201139], [-0.00049902551109, 0.00351652665995, -0.00023173064983, 0.0025042979978, 0.0015360127436, 0.00251458934508, -0.0018912187079, 0.000561729539186, -0.000752758409362, 0.00114312686492, -0.00963098555803, 0.0195841565728, -0.00768338469788], [0.000297069811495, -0.00222040293738, -0.000376271636924, -0.00172336143441, -0.00109114602674, -0.000598097336479, 0.00117783225141, -0.00155525910668, -0.000970634515397, 0.00108757684939, 0.00259873201139, -0.00768338469788, 0.0150773944333]], "cov": [[30856.125, -621.795227051, -1308.35192871, 406.449737549, -495.007843018, 126.056945801, -799.103881836, 278.417785645, -642.009155273, 171.446624756, -518.490112305, 308.590087891, -432.474517822], [-621.795227051, 1319.02209473, -371.231262207, -2.70648384094, -44.9162712097, 80.2609024048, 151.717025757, 69.9093017578, 110.928924561, -7.87107467651, 224.795806885, -90.4451370239, 115.091209412], [-1308.35192871, -371.231262207, 1197.63696289, 191.517333984, 97.3768081665, 65.1222381592, 62.5884895325, 40.3194732666, -1.35702335835, 18.8904209137, -60.5186157227, -3.78989005089, 38.8369522095], [406.449737549, -2.70648384094, 191.517333984, 522.425231934, 84.4536361694, 28.2078647614, -37.7019691467, 15.1079559326, 47.4080581665, -30.1066398621, -45.6240348816, -68.9064407349, 45.7938156128], [-495.007843018, -44.9162712097, 97.3768081665, 84.4536361694, 345.646057129, 93.1228256226, 59.1570129395, 38.9856834412, 48.3260803223, -2.16443419456, 10.4760112762, -29.9455223083, 29.5316410065], [126.056945801, 80.2609024048, 65.1222381592, 28.2078647614, 93.1228256226, 282.710998535, 97.1367492676, 24.0723800659, -23.6825847626, 0.439539581537, 15.1263160706, -41.8388824463, 1.54990160465], [-799.103881836, 151.717025757, 62.5884895325, -37.7019691467, 59.1570129395, 97.1367492676, 208.414810181, 60.3836021423, 42.7438049316, 10.5662469864, 60.5164909363, -0.216072961688, 24.871011734], [278.417785645, 69.9093017578, 40.3194732666, 15.1079559326, 38.9856834412, 24.0723800659, 60.3836021423, 157.832550049, 50.1635780334, 20.9375343323, 26.0103187561, 12.0394830704, 26.2538566589], [-642.009155273, 110.928924561, -1.35702335835, 47.4080581665, 48.3260803223, -23.6825847626, 42.7438049316, 50.1635780334, 135.984603882, 30.4782142639, 40.8152084351, -2.34542250633, 37.0895042419], [171.446624756, -7.87107467651, 18.8904209137, -30.1066398621, -2.16443419456, 0.439539581537, 10.5662469864, 20.9375343323, 30.4782142639, 87.1766586304, 43.587928772, 25.9799766541, -4.91154909134], [-518.490112305, 224.795806885, -60.5186157227, -45.6240348816, 10.4760112762, 15.1263160706, 60.5164909363, 26.0103187561, 40.8152084351, 43.587928772, 145.663925171, 35.7093887329, 28.4835796356], [308.590087891, -90.4451370239, -3.78989005089, -68.9064407349, -29.9455223083, -41.8388824463, -0.216072961688, 12.0394830704, -2.34542250633, 25.9799766541, 35.7093887329, 115.346855164, 20.662027359], [-432.474517822, 115.091209412, 38.8369522095, 45.7938156128, 29.5316410065, 1.54990160465, 24.871011734, 26.2538566589, 37.0895042419, -4.91154909134, 28.4835796356, 20.662027359, 109.323905945]]}, "spectral_energyband_middle_low": {"dmean2": 0.00869664363563, "median": 0.00524259312078, "min": 1.37095783309e-22, "dvar2": 0.000212916231249, "dvar": 9.29921297939e-05, "dmean": 0.00568461418152, "max": 0.0863837078214, "var": 0.00012411858188, "mean": 0.00915005430579}, "melbands_crest": {"dmean2": 6.71534967422, "median": 21.8697166443, "min": 1.00116658211, "dvar2": 39.5439109802, "dvar": 18.791475296, "dmean": 4.33408260345, "max": 37.385799408, "var": 49.9574813843, "mean": 21.7031936646}, "spectral_kurtosis": {"dmean2": 1.49524068832, "median": 2.04778766632, "min": -1.50610375404, "dvar2": 3.2912504673, "dvar": 1.5763001442, "dmean": 1.02743148804, "max": 16.9038333893, "var": 3.92866182327, "mean": 2.43481492996}, "spectral_rms": {"dmean2": 0.00287396833301, "median": 0.00797895900905, "min": 3.12613238247e-12, "dvar2": 9.04230728338e-06, "dvar": 4.12569488617e-06, "dmean": 0.00199471320957, "max": 0.0192747917026, "var": 1.32109853439e-05, "mean": 0.00771778635681}, "zerocrossingrate": {"dmean2": 0.028273973614, "median": 0.037109375, "min": 0, "dvar2": 0.00108635774814, "dvar": 0.000867786118761, "dmean": 0.0253525711596, "max": 0.52978515625, "var": 0.00511257583275, "mean": 0.0618192926049}, "silence_rate_60dB": {"dmean2": 0.0192771088332, "median": 0, "min": 0, "dvar2": 0.025206182152, "dvar": 0.00954399257898, "dmean": 0.00963766127825, "max": 1, "var": 0.0562764964998, "mean": 0.0598591566086}, "erbbands_kurtosis": {"dmean2": 2.48592376709, "median": 0.0834672898054, "min": -1.93246281147, "dvar2": 18.0613212585, "dvar": 8.2559928894, "dmean": 1.61992156506, "max": 64.6506271362, "var": 14.3967170715, "mean": 1.29661870003}, "erbbands": {"dmean2": [1.79428887367, 10.0168886185, 10.010676384, 7.61100387573, 15.7249059677, 15.0865211487, 10.2729768753, 13.5955677032, 17.7973117828, 13.3224582672, 15.3192815781, 13.7176465988, 17.6825828552, 22.5200824738, 16.2860488892, 15.7085771561, 17.3781089783, 15.4501523972, 10.1120262146, 12.2805070877, 12.7656955719, 13.4865617752, 17.8011817932, 16.9438323975, 13.8067684174, 11.5738677979, 11.0292892456, 10.0939025879, 10.5932359695, 11.6044206619, 9.22088241577, 8.81838798523, 10.6975841522, 8.73584747314, 9.74044799805, 4.69632530212, 1.76027095318, 0.230995818973, 0.0148098058999, 0.000352529692464], "median": [0.897500038147, 6.47796440125, 7.1231174469, 2.47483062744, 2.05635738373, 1.99448144436, 2.82346606255, 3.99808168411, 5.33605575562, 3.48177742958, 3.50155258179, 3.29788017273, 4.72131633759, 4.70597171783, 3.91739797592, 4.24093151093, 2.80501055717, 2.72086524963, 2.01361894608, 1.95338761806, 1.91166913509, 2.15088558197, 2.57147026062, 3.32225704193, 3.0315451622, 2.62031745911, 2.26672267914, 1.91245365143, 1.74305200577, 1.70686292648, 1.69829082489, 1.39283418655, 2.21564888954, 1.39566349983, 0.498828113079, 0.244115173817, 0.0505346357822, 0.00436930637807, 0.000216869666474, 9.56425501499e-05], "min": [3.94616529121e-23, 5.61707385199e-22, 1.04546713405e-21, 3.75919539907e-21, 1.09669915902e-20, 3.07348100817e-20, 2.82356841937e-20, 4.39558672255e-20, 9.0373553201e-20, 1.52814212318e-19, 2.18071796236e-19, 3.23211053284e-19, 4.5453181749e-19, 5.55901767583e-19, 1.04777003638e-18, 1.45662494045e-18, 1.79497200307e-18, 1.83146452336e-18, 2.10700334849e-18, 3.25934555791e-18, 3.67954710523e-18, 3.74635724253e-18, 5.27327681862e-18, 5.61815074987e-18, 7.34534233277e-18, 7.29537483351e-18, 9.60339982126e-18, 9.27133147307e-18, 7.37057547736e-18, 1.10121256276e-17, 1.13809067329e-17, 1.15084960336e-17, 9.60391267324e-18, 8.49341442908e-18, 6.16044994587e-18, 4.00928073614e-18, 2.21398633942e-18, 9.65488519694e-19, 2.35382825301e-19, 2.91819109598e-20], "dvar2": [6.34241247177, 204.865386963, 227.565689087, 177.765716553, 1061.00769043, 963.123535156, 689.057800293, 820.723144531, 1587.31201172, 1014.03302002, 2266.84106445, 2018.09643555, 2095.73852539, 3553.06762695, 1675.74658203, 3151.95483398, 2018.3692627, 1205.55114746, 462.723114014, 718.62713623, 860.119812012, 1008.32641602, 1616.86633301, 1252.58447266, 1116.85241699, 587.409606934, 550.920227051, 586.917175293, 572.348693848, 784.19543457, 376.666320801, 340.097961426, 345.325469971, 305.75592041, 406.631500244, 94.8210906982, 11.1519956589, 0.188247412443, 0.000764848373365, 3.62861669601e-07], "dvar": [2.56405138969, 80.1445083618, 99.5331192017, 92.0737228394, 412.737915039, 363.546325684, 257.324005127, 331.068786621, 731.746337891, 477.18371582, 987.41192627, 892.384216309, 943.732177734, 1655.62023926, 830.496337891, 1309.35827637, 868.558410645, 569.091064453, 202.586456299, 293.415985107, 354.816040039, 423.264282227, 645.563781738, 523.967102051, 460.531829834, 263.717437744, 252.153106689, 258.989837646, 253.100311279, 336.392974854, 174.454696655, 168.955291748, 167.355422974, 136.652664185, 168.560394287, 41.558380127, 5.57389116287, 0.101887285709, 0.000412231398514, 1.89082072666e-07], "dmean": [1.15840399265, 6.27163267136, 6.40930223465, 5.15514612198, 9.37571620941, 8.66736412048, 6.39859008789, 8.74701213837, 12.0877342224, 8.92087841034, 9.94554519653, 8.96218299866, 11.8187561035, 15.3983068466, 11.2496824265, 10.4499406815, 11.2868299484, 10.3007993698, 6.45759248734, 7.71709442139, 8.09241676331, 8.71799850464, 11.0552053452, 10.7716608047, 9.16133785248, 7.81558561325, 7.5205988884, 6.84810256958, 7.3078918457, 7.93100881577, 6.45925855637, 6.50045442581, 7.53754091263, 6.09252262115, 6.28473377228, 3.19429469109, 1.23052036762, 0.167106121778, 0.0105885947123, 0.000250981422141], "max": [14.1958551407, 86.0179138184, 115.854522705, 101.390281677, 202.6978302, 162.800186157, 237.892532349, 333.899810791, 722.06652832, 788.162475586, 1219.48815918, 1222.64526367, 1000.93334961, 1232.09106445, 882.954406738, 2306.56860352, 643.597106934, 728.938110352, 365.525939941, 275.475952148, 397.494659424, 454.352478027, 304.590423584, 237.040496826, 334.745574951, 192.486862183, 356.624176025, 630.07019043, 334.598846436, 662.812011719, 346.705993652, 361.561035156, 152.606994629, 282.330169678, 123.899658203, 123.235565186, 20.2067508698, 2.05642676353, 0.133495226502, 0.00308536947705], "var": [4.57531690598, 112.975944519, 153.624679565, 121.993377686, 329.411193848, 289.252929688, 282.044677734, 705.122009277, 2235.72045898, 1349.30187988, 2131.10668945, 2363.13793945, 2424.69140625, 7358.85302734, 2547.87988281, 2591.29663086, 2536.57885742, 1850.59265137, 421.333709717, 433.291107178, 595.693237305, 621.111633301, 786.754455566, 668.934448242, 509.016906738, 363.940795898, 317.353851318, 312.676696777, 333.766723633, 402.706115723, 246.615020752, 283.137390137, 231.681137085, 191.999130249, 170.440628052, 47.1594276428, 6.88428926468, 0.140269994736, 0.000551752047613, 2.6241164619e-07], "mean": [1.69476056099, 9.63554191589, 11.1808805466, 6.84364509583, 8.44954204559, 8.00191307068, 8.71485233307, 14.7686128616, 22.4943580627, 15.2737483978, 15.0657444, 14.6662006378, 21.2758216858, 32.859500885, 20.5708427429, 18.1007404327, 20.195192337, 17.7618656158, 9.85504055023, 10.4854288101, 11.3911895752, 11.4850282669, 14.314699173, 14.2575387955, 11.1961183548, 10.368514061, 9.3275642395, 8.29515743256, 8.74291133881, 9.54807949066, 8.10957145691, 8.31273651123, 8.67311096191, 6.66374492645, 5.70630693436, 3.07385110855, 1.17021012306, 0.172751635313, 0.0105767510831, 0.000307741487632]}, "spectral_strongpeak": {"dmean2": 0.587157905102, "median": 0.58189791441, "min": 0, "dvar2": 1.17715263367, "dvar": 0.440807282925, "dmean": 0.342141389847, "max": 23.5675964355, "var": 0.453760743141, "mean": 0.658409535885}, "spectral_energy": {"dmean2": 0.0535654947162, "median": 0.0652553737164, "min": 1.00170207009e-20, "dvar2": 0.0046586622484, "dvar": 0.00187317945529, "dmean": 0.0359153188765, "max": 0.380805522203, "var": 0.00369387795217, "mean": 0.0745941400528}, "average_loudness": 0.973842740059, "spectral_rolloff": {"dmean2": 2108.88427734, "median": 236.865234375, "min": 21.533203125, "dvar2": 16180096, "dvar": 6862911.5, "dmean": 1220.20458984, "max": 19767.4804688, "var": 10193297, "mean": 1468.47912598}, "spectral_centroid": {"dmean2": 512.747436523, "median": 948.285400391, "min": 92.2031784058, "dvar2": 454327.96875, "dvar": 220380.3125, "dmean": 350.7137146, "max": 11613.6621094, "var": 1655760.875, "mean": 1226.08605957}, "pitch_salience": {"dmean2": 0.151128605008, "median": 0.332910686731, "min": 0.0370951481164, "dvar2": 0.0203006640077, "dvar": 0.0108513431624, "dmean": 0.104518793523, "max": 0.996083557606, "var": 0.0315918289125, "mean": 0.364269703627}, "spectral_energyband_middle_high": {"dmean2": 0.00238279229961, "median": 0.00122274993919, "min": 1.03589801146e-21, "dvar2": 1.65240198839e-05, "dvar": 7.85188422014e-06, "dmean": 0.0016703796573, "max": 0.0618316940963, "var": 2.61687528109e-05, "mean": 0.00373086892068}, "spectral_contrast_coeffs": {"dmean2": [0.0877218171954, 0.0735657438636, 0.0617610551417, 0.050883255899, 0.036432672292, 0.0278245471418], "median": [-0.668737530708, -0.709065377712, -0.768972039223, -0.801660239697, -0.808169960976, -0.797600388527], "min": [-0.977881968021, -0.997185528278, -0.998853445053, -0.988569796085, -0.989238381386, -0.965320050716], "dvar2": [0.00570339197293, 0.00397596973926, 0.00255108368583, 0.00177701469511, 0.00101335241925, 0.000543713511433], "dvar": [0.00229686009698, 0.00163986254483, 0.00112268456724, 0.000782738672569, 0.000474008789752, 0.000232756472542], "dmean": [0.0552037805319, 0.0464261211455, 0.0392932631075, 0.0319181457162, 0.0233566891402, 0.0174729954451], "max": [-0.416265279055, -0.313918799162, -0.406993299723, -0.48361569643, -0.550995349884, -0.603914678097], "var": [0.00774857914075, 0.00844653975219, 0.00754082947969, 0.00516519276425, 0.00283019873314, 0.0012958580628], "mean": [-0.670891225338, -0.703574597836, -0.755567789078, -0.787303388119, -0.803496360779, -0.80142390728]}, "melbands_skewness": {"dmean2": 3.31806659698, "median": 5.42726230621, "min": -1.58450257778, "dvar2": 14.4893217087, "dvar": 6.70975160599, "dmean": 2.30789279938, "max": 39.2696380615, "var": 29.3920707703, "mean": 7.12480258942}, "spectral_spread": {"dmean2": 1756795.125, "median": 7294046, "min": 3016809.25, "dvar2": 4074468016130.0, "dvar": 2211674849280.0, "dmean": 1322546.375, "max": 42955924, "var": 18976293781500.0, "mean": 8064423.5}, "dissonance": {"dmean2": 0.0350286029279, "median": 0.465383768082, "min": 0.211921006441, "dvar2": 0.00141908146907, "dvar": 0.000548066338524, "dmean": 0.0216404460371, "max": 0.500000119209, "var": 0.00134078541305, "mean": 0.454786986113}, "spectral_skewness": {"dmean2": 0.318097114563, "median": 1.37084889412, "min": -0.520576477051, "dvar2": 0.117651291192, "dvar": 0.0604309290648, "dmean": 0.225211113691, "max": 3.62590789795, "var": 0.220417365432, "mean": 1.40533220768}, "spectral_flux": {"dmean2": 0.0907084569335, "median": 0.112391412258, "min": 6.25086371553e-11, "dvar2": 0.00817599426955, "dvar": 0.00322146178223, "dmean": 0.0583138465881, "max": 0.540884077549, "var": 0.0076065431349, "mean": 0.13030809164}, "spectral_contrast_valleys": {"dmean2": [0.667578399181, 0.664121031761, 0.630269408226, 0.663466632366, 0.603202819824, 0.574163496494], "median": [-6.70240306854, -7.3112039566, -7.90575122833, -8.49601173401, -7.97307395935, -9.68226242065], "min": [-28.188457489, -28.2045993805, -27.7483730316, -27.7328701019, -27.5587158203, -27.4094467163], "dvar2": [0.343897551298, 0.456750184298, 0.35357055068, 0.491215020418, 0.481240719557, 0.531764507294], "dvar": [0.170858353376, 0.230567529798, 0.201206833124, 0.256300449371, 0.263000190258, 0.303809642792], "dmean": [0.433434069157, 0.443105340004, 0.427846282721, 0.464864641428, 0.464208781719, 0.505575418472], "max": [-4.81984233856, -4.62541675568, -5.47546339035, -5.80473709106, -5.53429937363, -7.26307916641], "var": [6.11302804947, 6.01210832596, 5.70561790466, 5.73073387146, 5.88263607025, 5.29907369614], "mean": [-7.10539197922, -7.67509126663, -8.20841503143, -8.73991966248, -8.23449707031, -9.86970424652]}, "erbbands_flatness_db": {"dmean2": 0.0302367061377, "median": 0.110176354647, "min": 0.0324531011283, "dvar2": 0.000988649204373, "dvar": 0.000543999194633, "dmean": 0.0224689524621, "max": 0.347252428532, "var": 0.00201999116689, "mean": 0.116608977318}, "spectral_energyband_high": {"dmean2": 0.00334767857566, "median": 0.000494410574902, "min": 6.91952172816e-21, "dvar2": 3.83672268072e-05, "dvar": 1.87519544852e-05, "dmean": 0.00240050675347, "max": 0.0366839915514, "var": 2.60235337919e-05, "mean": 0.00276694609784}, "spectral_entropy": {"dmean2": 0.382474780083, "median": 7.62453317642, "min": 5.52293729782, "dvar2": 0.203205421567, "dvar": 0.103646121919, "dmean": 0.28673735261, "max": 9.82791996002, "var": 0.354667723179, "mean": 7.6531920433}, "silence_rate_20dB": {"dmean2": 0, "median": 1, "min": 1, "dvar2": 0, "dvar": 0, "dmean": 0, "max": 1, "var": 0, "mean": 1}, "melbands_flatness_db": {"dmean2": 0.0776802003384, "median": 0.295520842075, "min": 6.90292836225e-08, "dvar2": 0.00609150109813, "dvar": 0.0033266779501, "dmean": 0.0569304786623, "max": 0.667412638664, "var": 0.0133085241541, "mean": 0.294019699097}, "barkbands": {"dmean2": [0.00255847279914, 0.0487061552703, 0.0067322938703, 0.00275227846578, 0.00518808886409, 0.00161128910258, 0.00118724198546, 0.000600982864853, 0.000638541881926, 0.000678515061736, 0.000557399413083, 0.000375252275262, 0.000404415797675, 0.000273917103186, 0.000208618017496, 0.000241214685957, 0.000259202060988, 0.000357316079317, 0.000298292434309, 0.000243191927439, 0.000268677802524, 0.000291898293654, 0.000350194633938, 0.000512034166604, 0.00112233695108, 0.000922500679735, 7.85799275036e-05], "median": [0.00083598488709, 0.0372666046023, 0.0027388643939, 0.000455433357274, 0.00071812432725, 0.000526187592186, 0.000310924748192, 0.000111873014248, 0.00010438865138, 0.000120808275824, 6.58131320961e-05, 6.93216279615e-05, 4.30659856647e-05, 3.48270041286e-05, 3.44291183865e-05, 2.79584528471e-05, 3.84860031772e-05, 4.94698469993e-05, 6.15393655607e-05, 5.23056951351e-05, 5.32650010427e-05, 4.73280597362e-05, 6.15896860836e-05, 0.000105166946014, 0.000110470420623, 4.00149619963e-05, 1.14204203783e-06], "min": [3.61773312116e-25, 1.14524775182e-24, 2.67557657401e-25, 9.83353378112e-25, 1.00712372934e-23, 4.31649383435e-24, 6.82257713477e-24, 8.71972134751e-24, 1.1577861437e-23, 1.28623778485e-23, 1.41942456358e-23, 2.98704611454e-23, 3.03916394573e-23, 2.69478103776e-23, 3.75215315572e-23, 5.80622704606e-23, 6.19482560777e-23, 1.11489522408e-22, 1.2785197433e-22, 1.64789950766e-22, 2.69924195152e-22, 2.76937938527e-22, 3.94170393569e-22, 5.81663319425e-22, 8.38280907853e-22, 1.3110053383e-21, 1.9104416813e-21], "dvar2": [1.3101454897e-05, 0.00447117816657, 0.000120628508739, 2.81044431176e-05, 0.000115363865916, 1.12893085316e-05, 6.73035174259e-06, 3.09526717501e-06, 3.73774219042e-06, 2.80361064142e-06, 2.13131852433e-06, 1.80725885457e-06, 1.07518303594e-06, 3.9003788288e-07, 1.97279007352e-07, 3.02594656887e-07, 3.55563315679e-07, 5.99022428105e-07, 4.67248042924e-07, 2.52148197433e-07, 4.17598215563e-07, 3.99331923973e-07, 6.59047316276e-07, 8.56940971516e-07, 5.0913722589e-06, 3.1402271361e-06, 2.26517382629e-08], "dvar": [6.37504308543e-06, 0.00175997673068, 5.38538006367e-05, 1.27710072775e-05, 4.34865723946e-05, 4.41692645836e-06, 3.10720452035e-06, 1.39801386467e-06, 1.62334902143e-06, 1.31680008053e-06, 1.07646212655e-06, 7.48187176214e-07, 4.59762446781e-07, 1.83052662805e-07, 8.39638119032e-08, 1.19926809816e-07, 1.48670324052e-07, 2.41307816395e-07, 1.92376802488e-07, 1.14286130781e-07, 1.79968466796e-07, 1.84833680805e-07, 2.89796929565e-07, 4.32285389707e-07, 2.16857574742e-06, 1.53708595008e-06, 1.18047376318e-08], "dmean": [0.0017792545259, 0.0308241769671, 0.00437074992806, 0.00175467075314, 0.00296677928418, 0.00103332474828, 0.000804057577625, 0.000388848187868, 0.000414094392909, 0.000449963234132, 0.000383900740417, 0.000242376088863, 0.000260235625319, 0.000179841241334, 0.000133650639327, 0.000148126142449, 0.000166156241903, 0.000221982161747, 0.000193861938897, 0.000165309480508, 0.000180375223863, 0.00020411213336, 0.00024130269594, 0.000371314090444, 0.000748766120523, 0.000642046914436, 5.58865431231e-05], "max": [0.0257281810045, 0.352080672979, 0.089534163475, 0.0426599904895, 0.0532008223236, 0.0322519317269, 0.0419240184128, 0.0429993979633, 0.0435046106577, 0.0349972397089, 0.031211765483, 0.0504294112325, 0.0162759404629, 0.0133138746023, 0.00631794054061, 0.00719511928037, 0.00654263747856, 0.0052502178587, 0.00525584816933, 0.00369531707838, 0.0171627644449, 0.00830704439431, 0.0201066527516, 0.0123339639977, 0.0203533563763, 0.0189483780414, 0.000825924042147], "var": [1.5408910258e-05, 0.00281191873364, 8.37779443827e-05, 1.33230078063e-05, 3.25366199831e-05, 8.34972979646e-06, 9.55144059844e-06, 3.07717436954e-06, 3.6231372178e-06, 4.66142228106e-06, 3.87032196159e-06, 1.45433091348e-06, 1.32485183713e-06, 5.42883981325e-07, 1.43071360981e-07, 1.82790429903e-07, 2.03213673444e-07, 3.11761169769e-07, 2.07691044807e-07, 1.56538376928e-07, 2.03138242227e-07, 2.63158710823e-07, 3.62144504606e-07, 6.82529559981e-07, 2.48184142038e-06, 1.91669118976e-06, 1.572516517e-08], "mean": [0.00283881719224, 0.0