{"tonal": {"thpcp": [1, 0.678443133831, 0.213646367192, 0.108258962631, 0.131189405918, 0.249734774232, 0.403237760067, 0.380689829588, 0.493044823408, 0.709194898605, 0.514191687107, 0.282494425774, 0.245547547936, 0.231489062309, 0.340520381927, 0.470916092396, 0.400240898132, 0.239017650485, 0.166216418147, 0.193093806505, 0.568553864956, 0.960041344166, 0.706844687462, 0.570092976093, 0.665503919125, 0.412758529186, 0.211823523045, 0.180717766285, 0.194950982928, 0.302144318819, 0.41608980298, 0.370637983084, 0.296128928661, 0.301960498095, 0.33726015687, 0.663305342197], "hpcp": {"dmean2": [0.264704853296, 0.220487475395, 0.128850519657, 0.0842350274324, 0.0949404984713, 0.127771526575, 0.155270084739, 0.177865326405, 0.22419205308, 0.22193787992, 0.20414224267, 0.163550257683, 0.147167339921, 0.143317475915, 0.151353418827, 0.166584208608, 0.168430089951, 0.135526031256, 0.100575000048, 0.113848760724, 0.199534252286, 0.240777894855, 0.235887125134, 0.243407905102, 0.204631999135, 0.167484566569, 0.131389901042, 0.118385396898, 0.141605705023, 0.185069069266, 0.205130010843, 0.234820052981, 0.222174361348, 0.185551598668, 0.193522170186, 0.269271969795], "median": [0.129815712571, 0.0781386420131, 0.0169641058892, 0.00783224403858, 0.00989910960197, 0.0187471173704, 0.0254196319729, 0.0294620543718, 0.0468079708517, 0.0641906782985, 0.0558811351657, 0.0243610516191, 0.0156773068011, 0.0180013719946, 0.0281951669604, 0.0305013414472, 0.0289904437959, 0.0204930733889, 0.0145496893674, 0.012629118748, 0.0656579211354, 0.125174507499, 0.111706703901, 0.0434864349663, 0.0294841565192, 0.0257466435432, 0.0192319601774, 0.0162713751197, 0.0130343334749, 0.0237404108047, 0.0354575142264, 0.026342574507, 0.0127159403637, 0.0124144852161, 0.02135325782, 0.0863515883684], "min": [0, 0, 0, 0, 0, 0, 0, 0, 0, 0, 0, 0, 0, 0, 0, 0, 0, 0, 0, 0, 0, 0, 0, 0, 0, 0, 0, 0, 0, 0, 0, 0, 0, 0, 0, 0], "dvar2": [0.118023730814, 0.094238050282, 0.0621864385903, 0.0512636192143, 0.0617324151099, 0.0760127082467, 0.0893166512251, 0.0983464643359, 0.120272696018, 0.110192477703, 0.0904849842191, 0.0795535072684, 0.0803353339434, 0.081010825932, 0.0702733695507, 0.0802347138524, 0.0891040116549, 0.0703689306974, 0.0485699772835, 0.0527448393404, 0.0854004472494, 0.0997511744499, 0.0924383699894, 0.120320230722, 0.105189569294, 0.0856356471777, 0.0731358453631, 0.067178055644, 0.0910936966538, 0.107308730483, 0.120935723186, 0.151869162917, 0.155480876565, 0.118571415544, 0.101707153022, 0.122431054711], "dvar": [0.0501385517418, 0.0362393036485, 0.0213462654501, 0.0176521968096, 0.0214962027967, 0.0270915795118, 0.0335597507656, 0.0363351814449, 0.04290445894, 0.0436277464032, 0.0344566181302, 0.0290213115513, 0.0288493912667, 0.0288674067706, 0.0257691722363, 0.0305769257247, 0.0332360602915, 0.025154305622, 0.0177855119109, 0.0189138855785, 0.0307954195887, 0.0411967113614, 0.0334987677634, 0.0434011816978, 0.0402577631176, 0.0303059890866, 0.0256116501987, 0.0233574118465, 0.0308772549033, 0.0373779721558, 0.0447660386562, 0.0545740127563, 0.0556257516146, 0.043024238199, 0.0365236252546, 0.043843254447], "dmean": [0.157210484147, 0.130183026195, 0.0707339048386, 0.0450583323836, 0.0507609136403, 0.0716126188636, 0.0874424651265, 0.100144900382, 0.126399129629, 0.126448482275, 0.117859132588, 0.0911777839065, 0.0814969837666, 0.0790584459901, 0.0864476710558, 0.0955772250891, 0.0952647328377, 0.0752205625176, 0.0559437014163, 0.0635437518358, 0.115250095725, 0.142376303673, 0.13775934279, 0.137632653117, 0.115985549986, 0.0944950208068, 0.0721965357661, 0.0645850151777, 0.0767931193113, 0.101131305099, 0.113571606576, 0.127734467387, 0.119668342173, 0.100919224322, 0.106408633292, 0.152910798788], "max": [1, 1, 1, 1, 1, 1, 1, 1, 1, 1, 1, 1, 1, 1, 1, 1, 1, 1, 1, 1, 1, 1, 1, 1, 1, 1, 1, 1, 1, 1, 1, 1, 1, 1, 1, 1], "var": [0.126291766763, 0.0750525072217, 0.0188711490482, 0.0109043605626, 0.0143723096699, 0.0278166793287, 0.0597564764321, 0.0468078404665, 0.0545443035662, 0.0992396324873, 0.0538180060685, 0.026788899675, 0.026791581884, 0.0240989420563, 0.036331538111, 0.066027238965, 0.0525639206171, 0.0232871174812, 0.0151658281684, 0.0189868230373, 0.0538185797632, 0.118861161172, 0.0622285120189, 0.0687834918499, 0.108715601265, 0.0512163303792, 0.0202074795961, 0.0169427879155, 0.0215438269079, 0.0337811559439, 0.0552025958896, 0.0495745576918, 0.0411054641008, 0.0453236587346, 0.0417765304446, 0.0669302642345], "mean": [0.311592340469, 0.21139767766, 0.0665705725551, 0.0337326638401, 0.0408776141703, 0.0778154432774, 0.125645801425, 0.118620030582, 0.153628990054, 0.220979705453, 0.160218194127, 0.088023096323, 0.0765107348561, 0.0721302181482, 0.106103546917, 0.146733850241, 0.124711997807, 0.0744760707021, 0.0517917647958, 0.0601665526628, 0.17715702951, 0.299141526222, 0.220247387886, 0.177636608481, 0.20736593008, 0.128612399101, 0.0660025849938, 0.0563102699816, 0.0607452318072, 0.0941458567977, 0.129650399089, 0.115487955511, 0.0922715067863, 0.0940885767341, 0.105087682605, 0.206680864096]}, "tuning_equal_tempered_deviation": 0.037604868412, "chords_changes_rate": 0.0449438206851, "key_key": "A", "tuning_diatonic_strength": 0.579946219921, "key_scale": "minor", "chords_number_rate": 0.00190146930981, "tuning_frequency": 439.238189697, "tuning_nontempered_energy_ratio": 0.675891757011, "chords_histogram": [22.2817630768, 12.3422641754, 5.04753684998, 1.78046667576, 1.21002590656, 2.64477086067, 0.0172860845923, 20.2765769958, 0.414866030216, 8.26274871826, 0, 0.0345721691847, 0, 0, 0, 0, 1.14088153839, 0, 0.36300778389, 0.051858253777, 0, 0, 7.22558355331, 16.905790329], "key_strength": 0.832051813602, "chords_key": "A", "chords_strength": {"dmean2": 0.00796452909708, "median": 0.531269907951, "min": -1, "dvar2": 0.000630845199339, "dvar": 0.000376370822778, "dmean": 0.00814917497337, "max": 0.82401829958, "var": 0.021444875747, "mean": 0.516510248184}, "chords_scale": "minor", "hpcp_entropy": {"dmean2": 0.924301207066, "median": 1.95651447773, "min": 0, "dvar2": 0.609360635281, "dvar": 0.226752921939, "dmean": 0.55046838522, "max": 4.44284152985, "var": 0.52519094944, "mean": 1.93247759342}}, "metadata": {"audio_properties": {"equal_loudness": 0, "codec": "mp3", "downmix": "mix", "sample_rate": 44100, "analysis_sample_rate": 44100, "bit_rate": 160016, "md5_encoded": "798ae8425e3bdeeccf486f52730e0806", "length": 268.591033936, "replay_gain": -13.5702133179, "lossless": false}, "version": {"essentia_build_sha": "70f2e5ece6736b2c40cc944ad0e695b16b925413", "essentia": "2.1-beta2", "extractor": "music 1.0", "essentia_git_sha": "v2.1_beta2"}, "tags": {"title": ["Too Late or Too Dead"], "barcode": ["718752810227"], "media": ["CD"], "albumartist": ["90 Day Men"], "musicbrainz_recordingid": ["0eab3125-5764-4c1e-93d4-5c0020ba6933"], "encoding": ["Lavf56.36.100"], "musicbrainz_albumartistid": ["19bdc2ab-f133-46cd-af5c-a5db213d2003"], "originalyear": ["2004"], "discnumber": ["1/1"], "album": ["Panda Park"], "catalognumber": ["28102-2"], "musicbrainz album release country": ["US"], "musicbrainz album type": ["album"], "musicbrainz album status": ["official"], "originaldate": ["2004"], "date": ["2004"], "file_name": "90 Day Men - Too Late Or Too Dead.mp3", "musicbrainz_releasegroupid": ["006a8049-e383-3ea5-9a6d-e4509dcf4509"], "script": ["Latn"], "asin": ["B0001APBLM"], "musicbrainz_albumid": ["98f26723-ac6e-427b-87fd-342bed4d6f4d"], "artist": ["90 Day Men"], "artistsort": ["90 Day Men"], "tracknumber": ["5/7"], "label": ["Southern Records"], "albumartistsort": ["90 Day Men"], "musicbrainz_artistid": ["19bdc2ab-f133-46cd-af5c-a5db213d2003"]}}, "rhythm": {"bpm_histogram_first_peak_bpm": {"dmean2": 0, "median": 86, "min": 86, "dvar2": 0, "dvar": 0, "dmean": 0, "max": 86, "var": 0, "mean": 86}, "bpm": 87.3227310181, "bpm_histogram_second_peak_spread": {"dmean2": 0, "median": 0.0384615659714, "min": 0.0384615659714, "dvar2": 0, "dvar": 0, "dmean": 0, "max": 0.0384615659714, "var": 0, "mean": 0.0384615659714}, "bpm_histogram_first_peak_weight": {"dmean2": 0, "median": 0.37886595726, "min": 0.37886595726, "dvar2": 0, "dvar": 0, "dmean": 0, "max": 0.37886595726, "var": 0, "mean": 0.37886595726}, "onset_rate": 3.52930092812, "beats_position": [0.638548731804, 1.28870749474, 1.9620860815, 2.62385487556, 3.28562355042, 3.94739222527, 4.62077093124, 5.2941493988, 5.9675283432, 6.64090681076, 7.30267572403, 7.98766422272, 8.66104316711, 9.33442115784, 10.0194101334, 10.7043991089, 11.3777770996, 12.0627660751, 12.7477550507, 13.4327430725, 14.117732048, 14.7911109924, 15.4760990143, 16.1610889435, 16.8460769653, 17.5310649872, 18.2160549164, 18.9010429382, 19.5860309601, 20.2594108582, 20.94439888, 21.6293869019, 22.3143768311, 22.9877548218, 23.6611328125, 24.3345127106, 25.0078907013, 25.681268692, 26.3546485901, 27.0396366119, 27.7246246338, 28.4212245941, 29.106212616, 29.8028106689, 30.4994106293, 31.2308387756, 31.9738769531, 32.7285270691, 33.4831733704, 34.2262115479, 34.9808616638, 35.7355079651, 36.4785499573, 37.2215881348, 37.976234436, 38.6960525513, 39.427482605, 40.1473007202, 40.8438987732, 41.5637168884, 42.2487068176, 42.9336967468, 43.6070747375, 44.2804527283, 44.953830719, 45.6156005859, 46.2773704529, 46.9507484436, 47.6125144958, 48.2742843628, 48.9360542297, 49.5978240967, 50.2595901489, 50.9213600159, 51.5715179443, 52.2448959351, 52.9182739258, 53.603263855, 54.2882537842, 54.9848518372, 55.6814498901, 56.3780479431, 57.0746459961, 57.7712478638, 58.4678459167, 59.1528320312, 59.8378219604, 60.5344200134, 61.2077980042, 61.9043960571, 62.6009979248, 63.2975959778, 63.9941940308, 64.67918396, 65.3757781982, 66.0607681274, 66.7457580566, 67.4307479858, 68.1041259766, 68.7775039673, 69.450881958, 70.1474838257, 70.8324737549, 71.5290679932, 72.2140579224, 72.8990478516, 73.5840377808, 74.280632019, 74.9772338867, 75.673828125, 76.3704299927, 77.0670318604, 77.7636260986, 78.4602279663, 79.1568222046, 79.8534240723, 80.5500183105, 81.2466201782, 81.9432220459, 82.6398162842, 83.3248062134, 84.0097961426, 84.7063903809, 85.4029922485, 86.0995864868, 86.7961883545, 87.4927902222, 88.1893844604, 88.8743743896, 89.5593643188, 90.2327423096, 90.9177322388, 91.602722168, 92.2993164062, 92.9959182739, 93.6925125122, 94.3891143799, 95.0857162476, 95.7823104858, 96.467300415, 97.1522903442, 97.8372802734, 98.5454864502, 99.2420806885, 99.9386825562, 100.635284424, 101.331878662, 102.02848053, 102.725074768, 103.410064697, 104.106666565, 104.803260803, 105.499862671, 106.1848526, 106.881446838, 107.589660645, 108.297866821, 108.994468689, 109.691062927, 110.387664795, 111.084259033, 111.757637024, 112.431015015, 113.104400635, 113.777778625, 114.451156616, 115.124534607, 115.797912598, 116.45967865, 117.121452332, 117.806434631, 118.491424561, 119.17641449, 119.861404419, 120.557998657, 121.254600525, 121.951202393, 122.647796631, 123.33278656, 124.029388428, 124.714370728, 125.410972595, 126.107574463, 126.804168701, 127.500770569, 128.197372437, 128.893966675, 129.590560913, 130.28717041, 130.995376587, 131.715194702, 132.446624756, 133.189651489, 133.932693481, 134.652511597, 135.360717773, 136.068939209, 136.765533447, 137.462127686, 138.170333862, 138.855331421, 139.528701782, 140.202087402, 140.875457764, 141.548843384, 142.233825684, 142.907211304, 143.592193604, 144.265579224, 144.938949585, 145.612335205, 146.308929443, 147.005523682, 147.702133179, 148.398727417, 149.095321655, 149.791931152, 150.488525391, 151.185119629, 151.893325806, 152.601531982, 153.298141479, 153.994735718, 154.691329956, 155.387939453, 156.084533691, 156.78112793, 157.477722168, 158.174331665, 158.870925903, 159.567520142, 160.2525177, 160.9375, 161.61088562, 162.284255981, 162.980865479, 163.65423584, 164.32762146, 164.989379883, 165.639541626, 166.301315308, 166.974685669, 167.648071289, 168.356277466, 169.064483643, 169.784301758, 170.492507935, 171.20072937, 171.897323608, 172.582305908, 173.278915405, 173.963897705, 174.660491943, 175.333877563, 176.007247925, 176.692245483, 177.377227783, 178.027389526, 178.700775146, 179.397369385, 180.093963623, 180.790557861, 181.487167358, 182.183761597, 182.868743896, 183.542129517, 184.227111816, 184.912109375, 185.597091675, 186.282089233, 186.955459595, 187.652053833, 188.337051392, 189.010421753, 189.683807373, 190.380401611, 191.07699585, 191.761993408, 192.446975708, 193.143585205, 193.840179443, 194.525161743, 195.210159302, 195.90675354, 196.603347778, 197.288345337, 197.973327637, 198.669921875, 199.366531372, 200.051513672, 200.73651123, 201.433105469, 202.129699707, 202.814697266, 203.499679565, 204.184661865, 204.869659424, 205.554641724, 206.239639282, 206.913009644, 207.586395264, 208.259765625, 208.933151245, 209.618133545, 210.303131104, 210.976501465, 211.649887085, 212.334869385, 213.019866943, 213.693237305, 214.366622925, 215.051605225, 215.748199463, 216.433197021, 217.12979126, 217.826385498, 218.522994995, 219.207977295, 219.892959595, 220.589569092, 221.28616333, 221.95954895, 222.656143188, 223.341125488, 224.026123047, 224.711105347, 225.396102905, 226.081085205, 226.766067505, 227.451065063, 228.136047363, 228.832641602, 229.529251099, 230.20262146, 230.87600708, 231.56098938, 232.245986938, 232.9193573, 233.604354858, 234.289337158, 234.985931396, 235.670928955, 236.355911255, 237.052505493, 237.74911499, 238.43409729, 239.119094849, 239.815689087, 240.512283325, 241.197280884, 241.882263184, 242.567245483, 243.252243042, 243.925613403, 244.610610962, 245.295593262, 245.9921875, 246.688796997, 247.373779297, 248.058776855, 248.743759155, 249.417144775, 250.102127075, 250.787109375, 251.472106934, 252.145477295, 252.818862915, 253.480636597, 254.14239502, 254.792556763, 255.431106567, 256.09286499, 256.754638672, 257.43963623, 258.113006592, 258.80960083, 259.506195068, 260.214416504, 260.922637939, 261.619232178, 262.315826416, 263.012420654, 263.697418213, 264.394012451, 265.067382812, 265.740753174, 266.414154053, 267.087524414, 267.760894775], "beats_loudness": {"dmean2": 0.038729403168, "median": 0.0485242120922, "min": 0, "dvar2": 0.000886298948899, "dvar": 0.000280034320895, "dmean": 0.0217291172594, "max": 0.120508275926, "var": 0.000466642086394, "mean": 0.0512078404427}, "danceability": 1.18277943134, "bpm_histogram_second_peak_weight": {"dmean2": 0, "median": 0.0644329860806, "min": 0.0644329860806, "dvar2": 0, "dvar": 0, "dmean": 0, "max": 0.0644329860806, "var": 0, "mean": 0.0644329860806}, "beats_count": 389, "bpm_histogram_second_peak_bpm": {"dmean2": 0, "median": 91, "min": 91, "dvar2": 0, "dvar": 0, "dmean": 0, "max": 91, "var": 0, "mean": 91}, "bpm_histogram_first_peak_spread": {"dmean2": 0, "median": 0.581196606159, "min": 0.581196606159, "dvar2": 0, "dvar": 0, "dmean": 0, "max": 0.581196606159, "var": 0, "mean": 0.581196606159}, "beats_loudness_band_ratio": {"dmean2": [0.251618206501, 0.182884588838, 0.143285408616, 0.0621149279177, 0.0420997589827, 0.0864261835814], "median": [0.642636120319, 0.139295592904, 0.0870965272188, 0.0397469848394, 0.0178911276162, 0.0208783391863], "min": [0, 0, 0, 0, 0, 0], "dvar2": [0.0466073453426, 0.027923386544, 0.0247489716858, 0.00609541172162, 0.00590885989368, 0.01151676476], "dvar": [0.014453063719, 0.00943397078663, 0.00802895054221, 0.00219061854295, 0.00197740504518, 0.00407119374722], "dmean": [0.142012894154, 0.105307891965, 0.0811106264591, 0.035883191973, 0.0235573220998, 0.0476456433535], "max": [0.964614987373, 0.807359039783, 0.66531676054, 0.327613055706, 0.394843161106, 0.519665002823], "var": [0.0540288239717, 0.0200740080327, 0.00996721163392, 0.00301279872656, 0.00212325155735, 0.00386547250673], "mean": [0.608249783516, 0.182300701737, 0.118738926947, 0.0570336766541, 0.0333808548748, 0.0452306047082]}}, "lowlevel": {"barkbands_spread": {"dmean2": 7.17100429535, "median": 13.1137828827, "min": 1.15305197239, "dvar2": 83.4951705933, "dvar": 39.9476051331, "dmean": 4.6516919136, "max": 99.5435943604, "var": 137.542388916, "mean": 16.2705802917}, "melbands_spread": {"dmean2": 7.76301813126, "median": 12.1611032486, "min": 1.12326943874, "dvar2": 115.833450317, "dvar": 48.6893844604, "dmean": 4.83307552338, "max": 166.855209351, "var": 264.976715088, "mean": 15.9168739319}, "hfc": {"dmean2": 9.41200828552, "median": 14.2433891296, "min": 1.07324884534e-16, "dvar2": 265.498413086, "dvar": 131.659637451, "dmean": 6.61396074295, "max": 215.669921875, "var": 295.289520264, "mean": 18.7509593964}, "barkbands_kurtosis": {"dmean2": 5.878074646, "median": 4.50428199768, "min": -1.89441859722, "dvar2": 55.1455764771, "dvar": 22.0764846802, "dmean": 3.6123239994, "max": 78.5764923096, "var": 49.9733772278, "mean": 6.43032550812}, "gfcc": {"mean": [-4.96852397919, 106.251945496, -101.009552002, 25.4367485046, -56.6606407166, 18.9272708893, -40.4304008484, 6.52310180664, -25.2754154205, -4.01826000214, -25.3923473358, -6.94122505188, -15.1019916534], "icov": [[0.00024477444822, -0.000497668865137, 0.000373015791411, -0.000917537196074, 0.000542328227311, -0.000411094137235, 0.000639828271233, -0.000688908970915, 0.000574361998588, -0.000650693487842, 0.00113036087714, -0.000759128888603, 0.000795352680143], [-0.000497668865137, 0.00224495865405, -0.000621887680609, 0.00240420014597, -0.00148803251795, 0.000520505185705, -0.00134842062835, 0.00223241792992, -0.00211263843812, 0.00241036550142, -0.00384155241773, 0.00300811603665, -0.00226430641487], [0.000373015791411, -0.000621887680609, 0.00274681742303, -0.00125009939075, 0.000698783202097, -0.0018492176896, 0.000493707077112, 8.62058295752e-05, 0.00029720418388, -0.00200285948813, 0.00216369121335, -0.00274531310424, 0.00242333486676], [-0.000917537196074, 0.00240420014597, -0.00125009939075, 0.00773440813646, -0.0013334073592, 0.00117730686907, -0.00255807675421, 0.00260630017146, -0.00283285370097, 0.00186709931586, -0.00473968405277, 0.00319782667793, -0.0052768420428], [0.000542328227311, -0.00148803251795, 0.000698783202097, -0.0013334073592, 0.00613752519712, -0.00141773826908, 0.00157525239047, -0.00312112900428, 0.000350258866092, -0.000810020312201, 0.00038136812509, -0.000644442508928, -2.8264374123e-05], [-0.000411094137235, 0.000520505185705, -0.0018492176896, 0.00117730686907, -0.00141773826908, 0.00914701726288, -0.00232086493634, -0.000638225232251, 0.00140076782554, -0.00131018145476, 0.000230089775869, -0.000489891215693, -0.00088131747907], [0.000639828271233, -0.00134842062835, 0.000493707077112, -0.00255807675421, 0.00157525239047, -0.00232086493634, 0.00980411842465, -0.00181712093763, -0.0013759812573, 0.000256830186117, -0.00145541550592, 0.000395508395741, 0.00134540011641], [-0.000688908970915, 0.00223241792992, 8.62058295752e-05, 0.00260630017146, -0.00312112900428, -0.000638225232251, -0.00181712093763, 0.0139392968267, -0.00654681259766, 0.000231965488638, -0.00256986171007, 0.000611102266703, -0.00135592266452], [0.000574361998588, -0.00211263843812, 0.00029720418388, -0.00283285370097, 0.000350258866092, 0.00140076782554, -0.0013759812573, -0.00654681259766, 0.0181466396898, -0.00593409081921, 0.00179168814793, 0.000727742386516, -0.00219295243733], [-0.000650693487842, 0.00241036550142, -0.00200285948813, 0.00186709931586, -0.000810020312201, -0.00131018145476, 0.000256830186117, 0.000231965488638, -0.00593409081921, 0.0172674041241, -0.00691275577992, -0.000202692346647, 0.000165527497302], [0.00113036087714, -0.00384155241773, 0.00216369121335, -0.00473968405277, 0.00038136812509, 0.000230089775869, -0.00145541550592, -0.00256986171007, 0.00179168814793, -0.00691275577992, 0.0234238132834, -0.0103947808966, 0.00499703641981], [-0.000759128888603, 0.00300811603665, -0.00274531310424, 0.00319782667793, -0.000644442508928, -0.000489891215693, 0.000395508395741, 0.000611102266703, 0.000727742386516, -0.000202692346647, -0.0103947808966, 0.0229846667498, -0.0117381168529], [0.000795352680143, -0.00226430641487, 0.00242333486676, -0.0052768420428, -2.8264374123e-05, -0.00088131747907, 0.00134540011641, -0.00135592266452, -0.00219295243733, 0.000165527497302, 0.00499703641981, -0.0117381168529, 0.0226455368102]], "cov": [[17162.4082031, -271.259765625, -602.236816406, 889.602722168, -876.471984863, 319.13269043, -751.945861816, 178.179626465, -336.029632568, 203.573074341, -485.120727539, 106.804176331, -163.107925415], [-271.259765625, 1601.83630371, -249.731063843, -186.469284058, 249.903701782, -99.1060256958, 163.716812134, -72.0613021851, 107.662872314, -150.217224121, 136.71105957, -138.422729492, 44.9866218567], [-602.236816406, -249.731063843, 666.575805664, 15.554936409, -34.6905326843, 131.817169189, 7.60342264175, -8.50130367279, -5.88335466385, 94.1939849854, -2.844176054, 77.746131897, -27.7310638428], [889.602722168, -186.469284058, 15.554936409, 288.023895264, -40.3129081726, 20.1713199615, 1.54279184341, 21.7424240112, 16.6230430603, 36.557723999, 3.13159489632, 33.6622428894, 35.6060600281], [-876.471984863, 249.903701782, -34.6905326843, -40.3129081726, 292.601715088, -2.19204473495, 56.0133399963, 40.8477172852, 59.9046936035, -10.4943084717, 61.899684906, -9.21747875214, 36.9284057617], [319.13269043, -99.1060256958, 131.817169189, 20.1713199615, -2.19204473495, 165.276504517, 3.79769968987, 25.4883117676, -10.4349441528, 44.4867019653, -8.43211841583, 33.5973167419, -4.85385417938], [-751.945861816, 163.716812134, 7.60342264175, 1.54279184341, 56.0133399963, 3.79769968987, 181.889724731, 10.7641525269, 53.2039146423, -9.49374103546, 57.3658027649, -14.1689329147, 17.6000785828], [178.179626465, -72.0613021851, -8.50130367279, 21.7424240112, 40.8477172852, 25.4883117676, 10.7641525269, 121.308952332, 42.1546363831, 34.4642791748, 10.9024190903, 19.4109039307, 11.6656808853], [-336.029632568, 107.662872314, -5.88335466385, 16.6230430603, 59.9046936035, -10.4349441528, 53.2039146423, 42.1546363831, 106.656715393, 21.4870319366, 36.5296134949, -1.41742706299, 27.4778881073], [203.573074341, -150.217224121, 94.1939849854, 36.557723999, -10.4943084717, 44.4867019653, -9.49374103546, 34.4642791748, 21.4870319366, 110.235671997, 15.7175588608, 39.2072944641, -1.25582337379], [-485.120727539, 136.71105957, -2.844176054, 3.13159489632, 61.899684906, -8.43211841583, 57.3658027649, 10.9024190903, 36.5296134949, 15.7175588608, 99.6503829956, 20.1704292297, 20.6243057251], [106.804176331, -138.422729492, 77.746131897, 33.6622428894, -9.21747875214, 33.5973167419, -14.1689329147, 19.4109039307, -1.41742706299, 39.2072944641, 20.1704292297, 94.4126434326, 29.2956142426], [-163.107925415, 44.9866218567, -27.7310638428, 35.6060600281, 36.9284057617, -4.85385417938, 17.6000785828, 11.6656808853, 27.4778881073, -1.25582337379, 20.6243057251, 29.2956142426, 78.4642944336]]}, "spectral_energyband_middle_low": {"dmean2": 0.0148209435865, "median": 0.0150246173143, "min": 1.1018850776e-22, "dvar2": 0.000589823874179, "dvar": 0.000219929948798, "dmean": 0.00886691082269, "max": 0.148697778583, "var": 0.000299674051348, "mean": 0.0196309331805}, "melbands_crest": {"dmean2": 5.47914886475, "median": 15.199215889, "min": 1.58996462822, "dvar2": 24.360502243, "dvar": 8.6432762146, "dmean": 3.27768039703, "max": 32.7721557617, "var": 26.4291992188, "mean": 15.7244491577}, "spectral_kurtosis": {"dmean2": 3.33806681633, "median": 4.87998533249, "min": -1.28832817078, "dvar2": 24.4333171844, "dvar": 9.78037643433, "dmean": 2.11735105515, "max": 56.5054397583, "var": 26.391336441, "mean": 6.01020050049}, "spectral_rms": {"dmean2": 0.00153648387641, "median": 0.00551537703723, "min": 3.13990305111e-12, "dvar2": 3.106556278e-06, "dvar": 1.35608070195e-06, "dmean": 0.000984697602689, "max": 0.0123141212389, "var": 3.80060669158e-06, "mean": 0.00555797340348}, "zerocrossingrate": {"dmean2": 0.0109981270507, "median": 0.037109375, "min": 0.00634765625, "dvar2": 0.000178995032911, "dvar": 0.000140154457767, "dmean": 0.00918638240546, "max": 0.646484375, "var": 0.00287333759479, "mean": 0.0500295199454}, "silence_rate_60dB": {"dmean2": 0.00518717058003, "median": 0, "min": 0, "dvar2": 0.00550587009639, "dvar": 0.00258742505684, "dmean": 0.0025933610741, "max": 1, "var": 0.0261614359915, "mean": 0.0268821846694}, "erbbands_kurtosis": {"dmean2": 1.17695844173, "median": 0.0207765102386, "min": -1.72188878059, "dvar2": 2.62970924377, "dvar": 1.0595215559, "dmean": 0.750301539898, "max": 21.6589546204, "var": 3.14868593216, "mean": 0.461382806301}, "erbbands": {"dmean2": [0.154198393226, 1.55387330055, 5.95173025131, 14.3421506882, 35.1792221069, 24.5716667175, 12.2363471985, 11.8176860809, 14.8713665009, 14.8117313385, 24.2127056122, 37.7053871155, 13.1591911316, 18.1570968628, 18.260679245, 13.1127872467, 12.7232685089, 21.6401576996, 9.82481384277, 18.0171642303, 11.812743187, 15.4681825638, 9.94912910461, 5.66962909698, 6.64867258072, 4.55548000336, 5.71752929688, 7.67950963974, 7.04287242889, 6.11157560349, 3.81630253792, 3.05561351776, 2.06315612793, 1.46744143963, 0.789767444134, 0.242313653231, 0.0683968737721, 0.0123275248334, 0.000634868571069, 3.16677251249e-05], "median": [0.0310850143433, 0.52194160223, 4.2837843895, 11.0638923645, 11.6109771729, 10.3704042435, 7.68877077103, 7.95422697067, 7.44861555099, 9.8918132782, 16.6590881348, 27.7519359589, 9.62763690948, 10.8817634583, 12.5677518845, 10.4940013885, 6.77513742447, 13.3010997772, 7.52396821976, 11.4740400314, 7.50017881393, 7.10708713531, 4.45836877823, 3.22082591057, 2.62570929527, 1.98339319229, 1.76594269276, 1.48313522339, 1.41078960896, 1.11879551411, 0.765321135521, 0.634149193764, 0.452301681042, 0.28074324131, 0.143861085176, 0.0480352602899, 0.0115625960752, 0.00150319642853, 5.8088953665e-05, 3.96920695493e-05], "min": [6.8612439409e-23, 4.93833035607e-22, 6.47215767383e-22, 9.43163855233e-21, 1.58109790288e-20, 2.82532811688e-20, 4.44026190733e-20, 5.49011404779e-20, 1.10375349099e-19, 1.25241167649e-19, 2.61790514658e-19, 2.90913088333e-19, 4.08010611153e-19, 5.15210530203e-19, 8.87038607002e-19, 1.51427880876e-18, 1.80748021471e-18, 2.13236801479e-18, 2.60091165147e-18, 2.64803943969e-18, 4.21244373921e-18, 4.27094774239e-18, 5.61851512293e-18, 6.25649223243e-18, 6.98308354659e-18, 7.78023584855e-18, 8.3227885754e-18, 1.08472379258e-17, 1.02478578909e-17, 1.14232467997e-17, 8.67527174111e-18, 1.11795511194e-17, 9.73417955764e-18, 8.15738305858e-18, 6.70428604344e-18, 3.76602511596e-18, 2.16517296391e-18, 9.59806202476e-19, 2.57385726197e-19, 2.66656824664e-20], "dvar2": [0.151778921485, 11.7103223801, 89.3058166504, 360.212097168, 4843.07324219, 2172.16650391, 341.263000488, 332.586181641, 913.608032227, 563.677978516, 2385.35620117, 3922.15893555, 687.034179688, 2683.27685547, 2124.09204102, 854.47454834, 1381.48547363, 1616.3248291, 287.183898926, 1034.50854492, 587.097839355, 3566.25610352, 1029.8223877, 109.022598267, 548.874755859, 144.092788696, 334.931060791, 705.873413086, 465.871887207, 320.892486572, 98.3563232422, 67.6361312866, 28.9002494812, 23.014875412, 7.92086935043, 0.534092307091, 0.0256333611906, 0.00084127736045, 5.12408814757e-06, 2.52397125422e-09], "dvar": [0.0645133554935, 4.70560026169, 33.5084190369, 124.247016907, 1754.94177246, 796.37689209, 127.271911621, 121.674583435, 408.629882812, 227.535049438, 968.667724609, 1829.21850586, 287.232421875, 1192.32385254, 888.069091797, 347.56137085, 513.517578125, 594.747436523, 105.097000122, 394.534881592, 233.648040771, 1223.94384766, 358.816864014, 44.7460403442, 192.952407837, 61.994720459, 143.329223633, 313.78527832, 221.162002563, 145.325454712, 46.3505783081, 29.4549694061, 12.9307746887, 9.92603588104, 3.45086431503, 0.243788555264, 0.0128449862823, 0.00038562703412, 1.99765440811e-06, 1.14251708094e-09], "dmean": [0.0955292135477, 0.948491752148, 3.51169681549, 8.46603107452, 20.1787986755, 14.4670886993, 7.36217927933, 7.02480363846, 9.25122261047, 9.17751121521, 15.3017644882, 25.4767055511, 8.27288722992, 11.1837978363, 11.4756259918, 7.88517904282, 7.7472782135, 13.0910673141, 5.93815422058, 10.9690904617, 7.35265731812, 9.08365726471, 6.00101995468, 3.56668543816, 4.13647174835, 2.9565987587, 3.74035429955, 5.13133382797, 4.80342435837, 4.1932759285, 2.68869304657, 2.10738325119, 1.41688072681, 0.994839847088, 0.540032625198, 0.17263777554, 0.0481158271432, 0.00857649557292, 0.000409949250752, 2.1549885787e-05], "max": [3.96612858772, 22.9941501617, 67.3741607666, 124.972740173, 461.594604492, 326.193634033, 203.494293213, 311.623748779, 483.747344971, 303.776977539, 1211.38085938, 1051.77954102, 641.22442627, 962.487976074, 1458.80236816, 1100.47888184, 969.302490234, 651.049072266, 216.414749146, 611.898803711, 380.44430542, 1475.46594238, 437.8309021, 188.456771851, 401.678527832, 391.313201904, 579.278503418, 574.338684082, 457.501281738, 304.708618164, 186.35824585, 232.734237671, 99.9349746704, 97.5941925049, 76.9978179932, 19.8209724426, 4.3059129715, 0.377347797155, 0.0646598190069, 0.000834008213133], "var": [0.0716143846512, 5.36835193634, 43.3988075256, 245.655929565, 1643.26611328, 1076.23876953, 252.298095703, 226.285995483, 961.806396484, 479.138763428, 1921.95397949, 7679.56494141, 762.21875, 3100.17260742, 2180.62158203, 470.88885498, 837.957458496, 1123.65881348, 221.687652588, 917.364746094, 726.170654297, 2663.60693359, 789.211791992, 81.4228897095, 344.046722412, 103.36605072, 268.959686279, 619.992004395, 444.523162842, 235.177978516, 70.9825744629, 36.3502120972, 17.3938236237, 13.6208429337, 5.08620834351, 0.399944126606, 0.0241793394089, 0.000608445261605, 2.07797779694e-06, 2.02792937998e-09], "mean": [0.123740248382, 1.29933106899, 6.08331918716, 15.6985492706, 26.1640110016, 21.8940372467, 13.3197813034, 12.8371458054, 16.3780002594, 17.2353401184, 30.5841903687, 56.5429916382, 17.2471618652, 23.8451080322, 22.9123363495, 15.7871160507, 14.85709095, 24.0902309418, 12.1773691177, 21.7859077454, 15.9893798828, 17.6024627686, 10.76866436, 6.20649719238, 6.92105436325, 4.88485813141, 5.98940467834, 7.76956748962, 7.02245092392, 5.77562093735, 3.64974832535, 2.74858212471, 1.90455114841, 1.38782501221, 0.777619540691, 0.246550694108, 0.064545430243, 0.0105877257884, 0.000457135145552, 5.227326983e-05]}, "spectral_strongpeak": {"dmean2": 0.680130779743, "median": 0.522942304611, "min": 0, "dvar2": 1.22988367081, "dvar": 0.46278065443, "dmean": 0.395028680563, "max": 11.2353601456, "var": 0.924087524414, "mean": 0.77893447876}, "spectral_energy": {"dmean2": 0.0206975396723, "median": 0.0311798658222, "min": 1.01054660185e-20, "dvar2": 0.000750599429011, "dvar": 0.000313145166729, "dmean": 0.013007667847, "max": 0.155428513885, "var": 0.000536619860213, "mean": 0.0355590134859}, "average_loudness": 0.946023643017, "spectral_rolloff": {"dmean2": 567.381713867, "median": 667.529296875, "min": 86.1328125, "dvar2": 1181188.75, "dvar": 520808.6875, "dmean": 331.114685059, "max": 19552.1484375, "var": 3991068.5, "mean": 1083.53369141}, "spectral_centroid": {"dmean2": 291.02142334, "median": 708.960876465, "min": 193.535873413, "dvar2": 183458.6875, "dvar": 87997.53125, "dmean": 183.690048218, "max": 11784.3408203, "var": 1034229.75, "mean": 928.822570801}, "pitch_salience": {"dmean2": 0.127550855279, "median": 0.554170131683, "min": 0.152529284358, "dvar2": 0.0131781352684, "dvar": 0.00463690049946, "dmean": 0.0758822858334, "max": 0.943764984608, "var": 0.0126697868109, "mean": 0.545045077801}, "spectral_energyband_middle_high": {"dmean2": 0.00177713425364, "median": 0.00258175237104, "min": 1.18105417355e-21, "dvar2": 8.37554398458e-06, "dvar": 3.45760486198e-06, "dmean": 0.00112594768871, "max": 0.0420185662806, "var": 1.18798379845e-05, "mean": 0.00355422613211}, "spectral_contrast_coeffs": {"dmean2": [0.0939115360379, 0.0699569135904, 0.0560050420463, 0.0459411107004, 0.0330099500716, 0.0263364426792], "median": [-0.592053711414, -0.755638062954, -0.776719450951, -0.78505051136, -0.804987490177, -0.78887540102], "min": [-0.979892551899, -0.979603111744, -0.98602950573, -0.985217571259, -0.977091908455, -0.964658021927], "dvar2": [0.00638437317684, 0.00300406804308, 0.00194008008111, 0.00128913600929, 0.000715943460818, 0.000544316368178], "dvar": [0.00243370956741, 0.00109502254054, 0.0007246924215, 0.000479585316498, 0.000280359847238, 0.000259211956291], "dmean": [0.0568845160306, 0.0417013950646, 0.0337603352964, 0.0275825187564, 0.0199714191258, 0.0169388949871], "max": [-0.255866765976, -0.496055841446, -0.47856965661, -0.60887503624, -0.615505695343, -0.585348427296], "var": [0.0097932452336, 0.00379889574833, 0.00307753589004, 0.00212002499029, 0.00158435560297, 0.00160837487783], "mean": [-0.588221669197, -0.752938866615, -0.770528256893, -0.78259652853, -0.802184939384, -0.785368144512]}, "melbands_skewness": {"dmean2": 1.29604995251, "median": 2.99230265617, "min": -3.00419902802, "dvar2": 1.67687726021, "dvar": 0.685304105282, "dmean": 0.813962638378, "max": 12.4167671204, "var": 2.48356723785, "mean": 3.09857606888}, "spectral_spread": {"dmean2": 879889.625, "median": 4623065, "min": 1276404.5, "dvar2": 1528522866690.0, "dvar": 931903045632, "dmean": 695864.4375, "max": 45382684, "var": 12433492017200.0, "mean": 5067384}, "dissonance": {"dmean2": 0.0310337282717, "median": 0.469020724297, "min": 0.299954533577, "dvar2": 0.000780850008596, "dvar": 0.000279316358501, "dmean": 0.0182121898979, "max": 0.500000119209, "var": 0.000623352301773, "mean": 0.463443189859}, "spectral_skewness": {"dmean2": 0.392699569464, "median": 1.85646009445, "min": -0.0938007235527, "dvar2": 0.190413504839, "dvar": 0.0870126411319, "dmean": 0.261120826006, "max": 5.87503623962, "var": 0.421711862087, "mean": 1.89354836941}, "spectral_flux": {"dmean2": 0.0459632501006, "median": 0.0771620422602, "min": 6.39028482907e-11, "dvar2": 0.0027345882263, "dvar": 0.00134865974542, "dmean": 0.0290696322918, "max": 0.315868318081, "var": 0.0029399455525, "mean": 0.0899361670017}, "spectral_contrast_valleys": {"dmean2": [0.647993326187, 0.539377629757, 0.440719395876, 0.412213355303, 0.405464440584, 0.452048182487], "median": [-6.83553314209, -6.34285449982, -6.95898866653, -7.48559904099, -7.74108076096, -10.0071411133], "min": [-28.1310482025, -27.9943161011, -28.0036315918, -27.6778030396, -27.5107040405, -27.4013957977], "dvar2": [0.309284895658, 0.228940546513, 0.155732363462, 0.157560706139, 0.219041466713, 0.319740533829], "dvar": [0.143439754844, 0.114798426628, 0.0827836617827, 0.0895428881049, 0.135220676661, 0.208037003875], "dmean": [0.401273429394, 0.330290436745, 0.271761059761, 0.261240124702, 0.280056893826, 0.38028717041], "max": [-5.12375259399, -4.79297876358, -5.22030544281, -5.57817411423, -6.02001810074, -7.23070049286], "var": [4.09440422058, 3.92411875725, 3.54881858826, 3.52348232269, 3.65417408943, 3.48002958298], "mean": [-7.13572025299, -6.59864473343, -7.18601512909, -7.74984073639, -8.0025177002, -10.2179832458]}, "erbbands_flatness_db": {"dmean2": 0.0237710792571, "median": 0.143371641636, "min": 0.0288557428867, "dvar2": 0.000530465506017, "dvar": 0.000317176192766, "dmean": 0.0179519783705, "max": 0.392838269472, "var": 0.00214957026765, "mean": 0.149685949087}, "spectral_energyband_high": {"dmean2": 0.000727357866708, "median": 0.000221973969019, "min": 7.13456445362e-21, "dvar2": 3.46035062648e-06, "dvar": 1.70403961874e-06, "dmean": 0.000522581278346, "max": 0.0290926247835, "var": 3.49934362021e-06, "mean": 0.000850256823469}, "spectral_entropy": {"dmean2": 0.252672940493, "median": 7.44246721268, "min": 5.78049850464, "dvar2": 0.0554571263492, "dvar": 0.0303419828415, "dmean": 0.179376229644, "max": 9.81782245636, "var": 0.228670105338, "mean": 7.43913984299}, "silence_rate_20dB": {"dmean2": 0, "median": 1, "min": 1, "dvar2": 0, "dvar": 0, "dmean": 0, "max": 1, "var": 0, "mean": 1}, "melbands_flatness_db": {"dmean2": 0.0410228893161, "median": 0.230966567993, "min": 0.00296679185703, "dvar2": 0.00138260400854, "dvar": 0.000591975753196, "dmean": 0.0268434491009, "max": 0.431988090277, "var": 0.00392429344356, "mean": 0.231211617589}, "barkbands": {"dmean2": [0.000223092283704, 0.00603570463136, 0.00616121478379, 0.00648278743029, 0.00910071562976, 0.00144240492955, 0.000938963901717, 0.00106207921635, 0.00141216232441, 0.000539442698937, 0.000442322343588, 0.000355830270564, 0.000296441256069, 0.000408412364777, 0.000215998064959, 0.000341608800227, 0.000329701637384, 0.000132211120217, 0.000135027526994, 0.000101633202576, 0.000177028821781, 0.000187114244909, 0.000149146537296, 0.000134152287501, 0.000118960328109, 4.07589686802e-05, 4.59504281025e-06], "median": [3.41311024386e-05, 0.0018270930741, 0.00409493828192, 0.00340173859149, 0.00329658295959, 0.00100257445592, 0.000518132932484, 0.000534564664122, 0.0010401372565, 0.000261734239757, 0.000285239133518, 0.000251791148912, 0.000126371538499, 0.000237273343373, 0.000139687646879, 0.000158964467118, 0.000133115201606, 6.21638537268e-05, 5.65074878978e-05, 4.38148126705e-05, 4.16983821196e-05, 3.85073399229e-05, 2.83440349449e-05, 2.88388982881e-05, 2.34393064602e-05, 7.6927453847e-06, 2.77072018662e-07], "min": [3.6337361507e-25, 2.86813712654e-24, 1.15997940875e-25, 6.29373592657e-25, 1.25852336575e-23, 6.68857964369e-24, 7.83126201984e-24, 6.46076174186e-24, 9.71347467337e-24, 1.4113988505e-23, 1.5148535406e-23, 4.1774911786e-23, 3.84451109724e-23, 3.48494861218e-23, 4.43557743671e-23, 4.5185062816e-23, 6.4547464408e-23, 1.13651594512e-22, 1.43480697258e-22, 1.52733442453e-22, 2.11114930212e-22, 3.20898746016e-22, 3.738964916e-22, 5.78386757256e-22, 8.65757299214e-22, 1.27777170122e-21, 1.94849380701e-21], "dvar2": [2.70464880714e-07, 0.000178334274096, 8.63054883666e-05, 8.41324144858e-05, 0.000345275853761, 4.5846741159e-06, 3.37007895723e-06, 4.17043565903e-06, 5.37015603186e-06, 2.23391680265e-06, 1.25145584207e-06, 5.4523769677e-07, 7.38361961794e-07, 5.3603497463e-07, 1.3794209508e-07, 5.0273774832e-07, 1.64340951869e-06, 9.92835182956e-08, 1.44005568359e-07, 7.36951975e-08, 3.13085422476e-07, 3.52513836788e-07, 1.59779148134e-07, 1.17064153926e-07, 1.60271355298e-07, 1.12441558286e-08, 2.02854621989e-10], "dvar": [1.35591676553e-07, 7.64708966017e-05, 3.09637798637e-05, 2.93938392133e-05, 0.000127163802972, 1.6636164446e-06, 1.55447560246e-06, 1.6714583353e-06, 2.47870434578e-06, 9.83389554676e-07, 5.34870878255e-07, 2.13017116835e-07, 2.68341466381e-07, 1.98852262656e-07, 5.23502876604e-08, 1.96879710757e-07, 5.61464275961e-07, 3.54950522308e-08, 5.1817263369e-08, 3.17108259651e-08, 1.3763417428e-07, 1.65760738469e-07, 7.45047827877e-08, 5.20892662337e-08, 7.06426916963e-08, 5.43266276409e-09, 8.15421688505e-11], "dmean": [0.000146810503793, 0.0037121749483, 0.00361222447827, 0.00382606312633, 0.00529525475577, 0.000861807784531, 0.00059228396276, 0.000656827760395, 0.000948436674662, 0.000331131217536, 0.000279351195786, 0.000209148187423, 0.000179032911547, 0.000246094918111, 0.000131129636429, 0.00020982096612, 0.000193073981791, 8.02968716016e-05, 8.37112456793e-05, 6.61071317154e-05, 0.000116779949167, 0.000127435385366, 0.000104259037471, 9.2895970738e-05, 8.21110952529e-05, 2.91680153168e-05, 2.95306358566e-06], "max": [0.00544073991477, 0.0971519201994, 0.0721999183297, 0.0648741871119, 0.109691135585, 0.0306365396827, 0.0305143538862, 0.0459924675524, 0.0379640907049, 0.0254662074149, 0.0299488306046, 0.0213063657284, 0.0226109679788, 0.0119960997254, 0.00676167476922, 0.00933145359159, 0.0224782787263, 0.00392601732165, 0.00654807547107, 0.00954668689519, 0.010773319751, 0.0126098822802, 0.00756373442709, 0.00756848184392, 0.00817346945405, 0.0026807107497, 0.000329157162923], "var": [2.50425415516e-07, 9.46317086346e-05, 4.50509469374e-05, 6.33588279015e-05, 0.000122668105178, 3.06228162117e-06, 3.82714915759e-06, 3.06205697598e-06, 1.0613498489e-05, 2.53748839896e-06, 1.21444418255e-06, 2.75969853192e-07, 4.30739675039e-07, 3.86064812119e-07, 8.66827249979e-08, 5.8006855852e-07, 1.226479867e-06, 4.837803402