{"metadata": {"tags": {"label": ["Silva Screen Records"], "releasecountry": ["GB"], "catalognumber": ["SILCD 1375"], "genre": ["Soundtrack"], "releasetype": ["soundtrack"], "tracknumber": ["27"], "disctotal": ["2"], "musicbrainz_albumartistid": ["46e5aa54-d0a2-4121-8ad8-e5d6147c0c08"], "album": ["Doctor Who: Series 6"], "script": ["Latn"], "albumartistsort": ["Gold, Murray"], "acoustid_id": ["b98ced1e-e36b-44f3-9571-a0c90c86e6cc"], "musicbrainz_artistid": ["46e5aa54-d0a2-4121-8ad8-e5d6147c0c08"], "musicbrainz_albumid": ["6c0d1322-7d94-4859-821b-0a936be72786"], "musicbrainz_recordingid": ["0eb1b1e6-cd2f-4be2-bf71-a8b854071676"], "albumartist": ["Murray Gold"], "barcode": ["738572137526"], "originaldate": ["2011-12-19"], "releasestatus": ["official"], "artist": ["Murray Gold"], "isrc": ["GBAJC1100297"], "artistsort": ["Gold, Murray"], "title": ["Loving Isn't Knowing (The Almost People Suite)"], "asin": ["B005ZRGVHY"], "tracktotal": ["31"], "discnumber": ["1"], "date": ["2011-12-19"], "copyright": ["2011 Silva Screen Records Ltd"], "media": ["CD"], "file_name": "127_loving_isnt_knowing__the_almost_people_suite.flac"}, "audio_properties": {"sample_rate": 44100, "downmix": "mix", "lossless": true, "analysis_sample_rate": 44100, "md5_encoded": "d394b18b24f67d255e9cc7bd735d01c5", "equal_loudness": 0, "replay_gain": -10.2525081635, "codec": "flac", "bit_rate": 0, "length": 329.773345947}, "version": {"extractor": "music 1.0", "essentia_build_sha": "70f2e5ece6736b2c40cc944ad0e695b16b925413", "essentia_git_sha": "v2.1_beta2", "essentia": "2.1-beta2"}}, "rhythm": {"beats_loudness_band_ratio": {"dvar2": [0.0775278881192, 0.0503764487803, 0.0533725172281, 0.0296670105308, 0.0167812835425, 0.00685733975843], "var": [0.08729506284, 0.0347845926881, 0.0370498411357, 0.0193186234683, 0.0080482615158, 0.00303505780175], "min": [0.000207786884857, 0.00067361589754, 0.00238546938635, 0.000781467941124, 0.000277144368738, 6.0043988924e-05], "dmean": [0.16908685863, 0.147604465485, 0.150217086077, 0.0784035772085, 0.0407836027443, 0.0191420987248], "mean": [0.380704283714, 0.226162284613, 0.260007381439, 0.112079635262, 0.0547045692801, 0.0223869439214], "max": [0.984009444714, 0.889658093452, 0.914845347404, 0.946313917637, 0.793232023716, 0.57313978672], "dmean2": [0.292068272829, 0.254357606173, 0.260427236557, 0.133144855499, 0.0695428028703, 0.0323604345322], "median": [0.347736418247, 0.169445440173, 0.217166334391, 0.0617500543594, 0.0210830122232, 0.00375871756114], "dvar": [0.0274332221597, 0.0191995799541, 0.0196498259902, 0.0107128778473, 0.00528681324795, 0.00257830950432]}, "bpm_histogram_first_peak_weight": {"dvar2": 0, "var": 0, "min": 0.0756302550435, "dmean": 0, "mean": 0.0756302550435, "max": 0.0756302550435, "dmean2": 0, "median": 0.0756302550435, "dvar": 0}, "bpm": 103.519760132, "beats_count": 596, "bpm_histogram_first_peak_spread": {"dvar2": 0, "var": 0, "min": 0.62809920311, "dmean": 0, "mean": 0.62809920311, "max": 0.62809920311, "dmean2": 0, "median": 0.62809920311, "dvar": 0}, "danceability": 0.803769111633, "bpm_histogram_first_peak_bpm": {"dvar2": 0, "var": 0, "min": 103, "dmean": 0, "mean": 103, "max": 103, "dmean2": 0, "median": 103, "dvar": 0}, "beats_position": [0.417959183455, 0.847528338432, 1.27709746361, 1.70666658878, 2.13623571396, 2.56580495834, 2.99537420273, 3.41333317757, 3.83129239082, 4.2492518425, 4.66721057892, 5.07355976105, 5.4915189743, 5.89786815643, 6.31582736969, 6.73378658295, 7.14013576508, 7.55809497833, 7.96444416046, 8.38240337372, 8.80036258698, 9.21832180023, 9.63628101349, 10.0542402267, 10.47219944, 10.8901586533, 11.2965078354, 11.7028570175, 12.1208162308, 12.5271654129, 12.9451246262, 13.3630838394, 13.7694330215, 14.1641721725, 14.5589113235, 14.9536504745, 15.3483896255, 15.7431287766, 16.1378688812, 16.5326080322, 16.9273471832, 17.3220863342, 17.7168254852, 18.1231746674, 18.5295238495, 18.9358730316, 19.3422222137, 19.7485713959, 20.154920578, 20.5612697601, 20.9211788177, 21.2810878754, 21.640996933, 22.0009059906, 22.3608150482, 22.7207260132, 23.0806350708, 23.4405441284, 23.800453186, 24.1603622437, 24.5202713013, 24.8685703278, 25.2168693542, 25.5651702881, 25.9134693146, 26.2617683411, 26.6100673676, 27.0048065186, 27.3995456696, 27.7942848206, 28.1890239716, 28.5953731537, 29.0017223358, 29.4080715179, 29.8724708557, 30.3368701935, 30.8012695312, 31.3817672729, 31.962266922, 32.5311546326, 33.111656189, 33.6921539307, 34.2726516724, 34.8531494141, 35.4452590942, 36.0373687744, 36.6294784546, 37.2215881348, 37.8136940002, 38.4058036804, 38.9979133606, 39.5900230408, 40.1937408447, 40.7974586487, 41.4011802673, 42.1093864441, 42.8175964355, 43.5722427368, 44.3268928528, 45.0931510925, 45.8594093323, 46.6372795105, 47.415145874, 48.2162361145, 49.0057144165, 49.690700531, 50.3756904602, 51.0722885132, 51.7688865662, 52.4654884338, 53.1620864868, 53.8006324768, 54.4391822815, 55.1009521484, 55.7627182007, 56.4361000061, 57.1210861206, 57.8060760498, 58.3865737915, 58.9670753479, 59.5475730896, 60.1280708313, 60.6969604492, 61.2774581909, 61.8579597473, 62.4500656128, 63.042175293, 63.6342849731, 64.2263946533, 64.8301086426, 65.4222183228, 66.0143280029, 66.6064376831, 67.1172790527, 67.6281204224, 68.1389541626, 68.6381835938, 69.1374130249, 69.6366424561, 70.1358718872, 70.6351013184, 71.1343307495, 71.6451721191, 72.1444015503, 72.6552352905, 73.1312484741, 73.6072540283, 74.0832672119, 74.489616394, 74.8959655762, 75.3139190674, 75.7202682495, 76.1150131226, 76.5097503662, 76.9160995483, 77.3224487305, 77.7171859741, 78.1119232178, 78.5066680908, 78.9014053345, 79.2961425781, 79.6908798218, 80.0856246948, 80.4803619385, 80.8750991821, 81.2698364258, 81.6761856079, 82.070930481, 82.4656677246, 82.8487930298, 83.2203140259, 83.591835022, 83.9633560181, 84.3464813232, 84.7296142578, 85.1011352539, 85.4726486206, 85.8441696167, 86.2389068604, 86.6336517334, 87.0283889771, 87.4231262207, 87.8643035889, 88.3054885864, 88.7466659546, 89.1762313843, 89.6058044434, 90.035369873, 90.4765548706, 90.8829040527, 91.2776412964, 91.67237854, 92.0787277222, 92.4850769043, 92.9030380249, 93.3209991455, 93.7157363892, 94.1104736328, 94.5052108765, 94.8999557495, 95.2830810547, 95.6662139893, 96.0493392944, 96.4440765381, 96.8155975342, 97.1871185303, 97.5470275879, 97.918548584, 98.2900695801, 98.6615829468, 99.0331039429, 99.404624939, 99.8458023071, 100.275375366, 100.716552734, 101.26222229, 101.807891846, 102.353561401, 102.887619019, 103.421676636, 103.955734253, 104.48979187, 105.023849487, 105.557914734, 106.091972351, 106.626029968, 107.322631836, 108.007614136, 108.692604065, 109.389205933, 110.167076111, 110.933334351, 111.69959259, 112.454238892, 113.208885193, 113.963539124, 114.753013611, 115.542495728, 116.331970215, 117.133056641, 117.876098633, 118.630744934, 119.280906677, 119.919456482, 120.569610596, 121.219772339, 121.869926453, 122.508476257, 123.158638, 123.808792114, 124.458953857, 125.225212097, 125.991470337, 126.757728577, 127.523986816, 128.278640747, 129.033279419, 129.78793335, 130.54258728, 131.297225952, 132.051879883, 132.76008606, 133.468292236, 134.211334229, 134.954376221, 135.650970459, 136.347564697, 137.055786133, 137.76399231, 138.472198486, 139.180404663, 139.88861084, 140.596817017, 141.177322388, 141.757827759, 142.326705933, 142.895599365, 143.476104736, 144.056594849, 144.63710022, 145.217590332, 145.774871826, 146.33215332, 146.889434814, 147.330612183, 147.771789551, 148.212966919, 148.642532349, 149.083709717, 149.513290405, 149.954467773, 150.384033203, 150.813598633, 151.243179321, 151.719177246, 152.19519043, 152.671203613, 153.251693726, 153.832199097, 154.412689209, 154.99319458, 155.573699951, 156.142578125, 156.723083496, 157.303573608, 157.837631226, 158.371704102, 158.905761719, 159.451431274, 159.99710083, 160.624038696, 161.250976562, 161.86630249, 162.481628418, 163.096954346, 163.712280273, 164.32762146, 164.942947388, 165.546661377, 166.150375366, 166.742492676, 167.346206665, 167.938323975, 168.530426025, 169.122543335, 169.714645386, 170.295150757, 170.887252808, 171.432922363, 171.990203857, 172.55909729, 173.127975464, 173.708480835, 174.277359009, 174.85786438, 175.426757812, 175.995635986, 176.576141357, 177.156646729, 177.737136841, 178.375686646, 179.01423645, 179.652786255, 180.326171875, 180.999542236, 181.672927856, 182.346298218, 183.019683838, 183.681442261, 184.343215942, 185.004989624, 185.666748047, 186.328521729, 186.99029541, 187.547576904, 188.10484314, 188.662124634, 189.138137817, 189.625762939, 190.101760864, 190.542938232, 190.984130859, 191.425308228, 191.866485596, 192.307662964, 192.737228394, 193.166793823, 193.596374512, 194.03755188, 194.478729248, 194.908294678, 195.337860107, 195.767440796, 196.208618164, 196.638183594, 197.067749023, 197.497314453, 197.926895142, 198.356460571, 198.786026001, 199.227203369, 199.668380737, 200.097961426, 200.527526855, 200.968704224, 201.409881592, 201.85105896, 202.408340454, 202.965621948, 203.522903442, 204.091781616, 204.660675049, 205.276000977, 205.891326904, 206.495056152, 207.087158203, 207.679275513, 208.29460144, 208.909927368, 209.513641357, 210.128982544, 210.744308472, 211.371246338, 211.986572266, 212.601898193, 213.217224121, 213.844161987, 214.540771484, 215.237365723, 216.119720459, 216.967254639, 217.81477356, 218.685531616, 219.556274414, 220.415420532, 221.274551392, 222.122085571, 222.958007812, 223.793914795, 224.664672852, 225.535415649, 226.406158447, 227.276916504, 228.147659302, 228.995193481, 229.831100464, 230.678634644, 231.537780762, 232.396911621, 233.256057739, 234.115188599, 234.985931396, 235.856689453, 236.715820312, 237.586578369, 238.410873413, 239.246795654, 239.920181274, 240.593551636, 241.255325317, 241.928695679, 242.602081299, 243.275466919, 243.879180908, 244.482894897, 245.075012207, 245.678726196, 246.270828247, 246.758453369, 247.246078491, 247.733688354, 248.221313477, 248.70892334, 249.2081604, 249.707382202, 250.206619263, 250.717453003, 251.216690063, 251.727523804, 252.238357544, 252.749206543, 253.260040283, 253.770874023, 254.281723022, 254.804168701, 255.32661438, 255.883895874, 256.42956543, 256.975219727, 257.578948975, 258.171051025, 258.763183594, 259.355285645, 259.947387695, 260.57434082, 261.201263428, 261.839813232, 262.478363037, 263.116912842, 263.755462646, 264.405609131, 265.044158936, 265.68270874, 266.309661865, 266.936584473, 267.493865967, 268.051147461, 268.608428955, 269.165710449, 269.711364746, 270.257049561, 270.721435547, 271.185852051, 271.650238037, 272.219146729, 272.788024902, 273.356903076, 273.937408447, 274.517913818, 275.086791992, 275.644073486, 276.21295166, 276.781860352, 277.350738525, 277.919647217, 278.488525391, 279.057403564, 279.568237305, 280.079101562, 280.589935303, 281.112365723, 281.64642334, 282.180480957, 282.691345215, 283.190551758, 283.701385498, 284.235473633, 284.76953125, 285.303588867, 285.860870361, 286.406524658, 286.952209473, 287.509460449, 288.066741943, 288.647247314, 289.216125488, 289.808258057, 290.38873291, 290.969238281, 291.549743652, 292.130249023, 292.710754395, 293.302856445, 293.883361816, 294.475463867, 295.067565918, 295.752563477, 296.449157715, 297.134155273, 297.819122314, 298.504119873, 299.189117432, 299.874084473, 300.559082031, 301.25567627, 301.847808838, 302.439910889, 303.032012939, 303.577667236, 304.123352051, 304.680633545, 305.226287842, 305.771972656, 306.317626953, 306.863311768, 307.408966064, 307.943023682, 308.488708496, 309.034362793, 309.545196533, 310.056060791, 310.566894531, 311.054504395, 311.553741455, 312.052978516, 312.552185059, 313.051422119, 313.55065918, 314.049865723, 314.537506104, 315.025115967, 315.570800781, 316.128051758, 316.638916016, 317.149749756, 317.672180176, 318.206237793, 318.740325928, 319.274383545, 319.796813965, 320.330871582, 320.864929199, 321.398986816, 321.933044434, 322.467102051, 323.036010742, 323.616516113, 324.17376709, 324.731048584, 325.299957275, 325.880462646, 326.4609375, 327.041442871, 327.621948242, 328.214050293, 328.806152344], "beats_loudness": {"dvar2": 0.000633252377156, "var": 0.000648067914881, "min": 8.28827229071e-10, "dmean": 0.00861282832921, "mean": 0.0189192444086, "max": 0.141368448734, "dmean2": 0.0147681059316, "median": 0.00681792851537, "dvar": 0.000217298045754}, "bpm_histogram_second_peak_weight": {"dvar2": 0, "var": 0, "min": 0.0655462220311, "dmean": 0, "mean": 0.0655462220311, "max": 0.0655462220311, "dmean2": 0, "median": 0.0655462220311, "dvar": 0}, "bpm_histogram_second_peak_spread": {"dvar2": 0, "var": 0, "min": 0.409090936184, "dmean": 0, "mean": 0.409090936184, "max": 0.409090936184, "dmean2": 0, "median": 0.409090936184, "dvar": 0}, "bpm_histogram_second_peak_bpm": {"dvar2": 0, "var": 0, "min": 152, "dmean": 0, "mean": 152, "max": 152, "dmean2": 0, "median": 152, "dvar": 0}, "onset_rate": 0.724696934223}, "lowlevel": {"spectral_energyband_high": {"dvar2": 1.14622217495e-07, "var": 3.51270585952e-07, "min": 7.23424779537e-21, "dmean": 4.16994407715e-05, "mean": 0.000127162144054, "max": 0.0135413333774, "dmean2": 6.04572705925e-05, "median": 7.15871556167e-06, "dvar": 5.58932562456e-08}, "spectral_energyband_middle_low": {"dvar2": 5.50900658709e-05, "var": 0.00016934388259, "min": 3.64425011053e-22, "dmean": 0.00216223183088, "mean": 0.00832692254335, "max": 0.142143011093, "dmean2": 0.0032103296835, "median": 0.00256719114259, "dvar": 2.24854138651e-05}, "spectral_energy": {"dvar2": 0.000436473754235, "var": 0.000798388617113, "min": 1.0809525159e-20, "dmean": 0.00500836735591, "mean": 0.0191734917462, "max": 0.267510205507, "dmean2": 0.00783388875425, "median": 0.00641195382923, "dvar": 0.000163177523063}, "spectral_spread": {"dvar2": 156266119168, "var": 1599422595070.0, "min": 944628.8125, "dmean": 196163.390625, "mean": 2713506.25, "max": 40481440, "dmean2": 322280.96875, "median": 2501459.5, "dvar": 106183860224}, "spectral_energyband_low": {"dvar2": 0.000340717029758, "var": 0.00028846503119, "min": 5.99349631407e-23, "dmean": 0.00347683555447, "mean": 0.00803634431213, "max": 0.260648280382, "dmean2": 0.00556534016505, "median": 0.00164867832791, "dvar": 0.000120649863675}, "spectral_rolloff": {"dvar2": 760525.25, "var": 1692154.625, "min": 43.06640625, "dmean": 209.433990479, "mean": 1013.34503174, "max": 18992.2851562, "dmean2": 359.371002197, "median": 645.99609375, "dvar": 290318.34375}, "barkbands": {"dvar2": [7.79161200626e-05, 0.000217849374167, 1.90484188352e-05, 7.23834409655e-06, 2.0813627998e-05, 9.4445549621e-06, 8.34542970551e-06, 3.64432821698e-06, 3.0289706956e-06, 1.22711401218e-06, 7.83317545938e-07, 1.12773604997e-05, 1.66259655998e-06, 2.89933922204e-07, 6.97705729635e-07, 3.61842239727e-07, 2.43212042506e-07, 9.57878611985e-08, 1.10032075895e-07, 2.12356070506e-08, 2.07298054278e-08, 7.45276906855e-08, 1.424667051e-09, 3.06953629181e-10, 3.34190203288e-10, 1.81113901654e-10, 2.20539503326e-10], "var": [5.45801958651e-05, 0.000131136752316, 1.95208740479e-05, 4.53013126389e-06, 1.74081815203e-05, 2.48230535362e-05, 1.29784393721e-05, 9.38757239055e-06, 1.04293567347e-05, 1.53262726599e-06, 1.01368107153e-06, 2.31577541854e-05, 1.52781603902e-06, 3.24439810129e-07, 6.37012192328e-07, 6.00726309585e-07, 2.32161497138e-07, 1.18634190471e-07, 1.30797431552e-07, 3.87696914572e-08, 3.52140610005e-08, 8.62899227627e-08, 3.61494434387e-09, 1.02449149164e-09, 4.85609719103e-10, 1.31644903312e-10, 6.03445279856e-11], "min": [6.22589418455e-24, 7.61022161648e-24, 3.37557146995e-23, 4.41462434443e-23, 3.4954644436e-23, 1.74794284766e-23, 1.26660248472e-23, 1.29059348034e-22, 1.19704063543e-22, 1.19297503565e-22, 4.94159573535e-23, 1.25422497312e-22, 6.24357910498e-23, 9.94830657417e-23, 9.08160718571e-23, 2.6307365132e-22, 3.96928125076e-22, 3.87761662331e-22, 3.97790141786e-22, 2.35824931528e-22, 4.06531124513e-22, 4.86634534697e-22, 5.46822577038e-22, 8.58220686208e-22, 1.14549338417e-21, 1.53267712069e-21, 2.29139530994e-21], "dmean": [0.00108397495933, 0.00246159522794, 0.000894395227078, 0.000520158966538, 0.00082908233162, 0.000786275486462, 0.000567000359297, 0.000549964373931, 0.000390198460082, 0.00025473383721, 0.000196124077775, 0.000315932324156, 0.000153342203703, 9.11818351597e-05, 0.000125726088299, 0.000110925997433, 0.000100907447631, 4.98507142765e-05, 5.18129345437e-05, 2.15983563976e-05, 1.50113719428e-05, 2.21147711272e-05, 3.50107211489e-06, 1.96516634787e-06, 1.58806915351e-06, 6.69739222303e-07, 3.76589184725e-07], "mean": [0.00144108652603, 0.00471955956891, 0.00191057519987, 0.000835242855828, 0.00176619098056, 0.0020667524077, 0.00130781298503, 0.00122788350563, 0.000971647328697, 0.000511189631652, 0.000369135319488, 0.000604813161772, 0.000280411157291, 0.000182373158168, 0.000227962387726, 0.000211990816751, 0.000183445139555, 9.99523908831e-05, 0.000103702121123, 5.2208557463e-05, 3.68291111954e-05, 4.17466908402e-05, 9.35997559282e-06, 5.41203644389e-06, 3.72189924747e-06, 1.7902050331e-06, 7.05185357219e-07], "max": [0.140159517527, 0.194040089846, 0.0851331874728, 0.0352211967111, 0.0964052826166, 0.0902467742562, 0.110403321683, 0.0416636504233, 0.0516922213137, 0.0277179256082, 0.0227915551513, 0.182380959392, 0.0348735414445, 0.0120381172746, 0.027825191617, 0.0175601541996, 0.00976260751486, 0.0107758659869, 0.00762526830658, 0.00528654130176, 0.00609957473353, 0.00987487658858, 0.00202875537798, 0.000885173503775, 0.000620357517619, 0.000676738098264, 0.000774294661824], "dmean2": [0.0016723520821, 0.00400899723172, 0.00136612844653, 0.00086098612519, 0.00134876708034, 0.00115348456893, 0.000851411838084, 0.000734260596801, 0.000514913350344, 0.000377081130864, 0.000295396515867, 0.000485128693981, 0.000247785588726, 0.0001486982801, 0.000206850061659, 0.000173719541635, 0.00016866333317, 8.25407332741e-05, 8.71325319167e-05, 3.43886786141e-05, 2.44427392317e-05, 3.09939714498e-05, 5.45263810636e-06, 2.81214875031e-06, 2.3828661142e-06, 1.0345680721e-06, 6.15091096279e-07], "median": [5.54383859708e-06, 0.000758425332606, 0.000357114564395, 0.000130343731144, 0.000399971526349, 0.000376066716854, 0.000251689227298, 0.000227944517974, 7.70793994889e-05, 0.000112785011879, 4.68068319606e-05, 4.16115799453e-05, 2.13197417906e-05, 1.7027487047e-05, 2.55680643022e-05, 1.79957332875e-05, 2.422108264e-05, 1.1377989722e-05, 1.19552705655e-05, 5.82054371989e-06, 1.97498866328e-06, 8.80609263731e-07, 3.15714316912e-07, 1.54310953349e-07, 9.1076074682e-08, 5.1330591333e-08, 1.25901209458e-07], "dvar": [3.339923569e-05, 7.38999660825e-05, 6.92163303029e-06, 2.57894089373e-06, 7.34155582904e-06, 4.45778687208e-06, 3.49530341737e-06, 2.10776215681e-06, 1.89581680843e-06, 5.59414502277e-07, 3.47737966422e-07, 5.61967908652e-06, 6.27152189736e-07, 1.08825652489e-07, 2.80416742271e-07, 1.74234870087e-07, 8.89078393129e-08, 3.80995999194e-08, 3.94248473867e-08, 8.32093416392e-09, 7.25702786752e-09, 3.92274159822e-08, 6.54585385895e-10, 1.68247873966e-10, 1.42669362435e-10, 6.60073176673e-11, 7.73973315993e-11]}, "melbands_skewness": {"dvar2": 0.93859153986, "var": 2.45216870308, "min": -1.72794914246, "dmean": 0.495274573565, "mean": 2.13972210884, "max": 19.9174098969, "dmean2": 0.747102916241, "median": 1.80295562744, "dvar": 0.36332565546}, "barkbands_skewness": {"dvar2": 0.508249938488, "var": 1.44348239899, "min": -1.96145534515, "dmean": 0.396097004414, "mean": 1.50025355816, "max": 14.3171873093, "dmean2": 0.597549915314, "median": 1.29949426651, "dvar": 0.204058736563}, "erbbands": {"dvar2": [0.523968935013, 7.6133890152, 18.7192821503, 55.3710250854, 195.672897339, 330.303924561, 322.587127686, 964.924926758, 1834.50292969, 1424.32202148, 1334.2487793, 2253.66308594, 649.670532227, 1612.59313965, 3609.62231445, 10299.6230469, 4538.11132812, 654.148986816, 2605.18774414, 656.652954102, 929.83782959, 453.018035889, 334.705871582, 365.029602051, 215.522216797, 78.7152786255, 34.3033409119, 76.9122009277, 41.6264915466, 6.62751817703, 1.22044050694, 0.187929078937, 0.10519888252, 0.0540219061077, 0.00876918341964, 0.00123445817735, 0.000606873712968, 0.000229259749176, 3.02607168123e-06, 3.3750961137e-08], "var": [0.268010467291, 4.57829523087, 23.7646541595, 44.3089065552, 133.759963989, 239.537612915, 1033.08630371, 1811.95483398, 2248.06835938, 3318.60717773, 4491.6953125, 8037.95214844, 1050.68286133, 1913.74841309, 7415.76953125, 20727.5136719, 4158.30029297, 810.399841309, 2239.95361328, 773.344299316, 1859.04418945, 525.76751709, 433.15612793, 380.825866699, 247.74671936, 100.952384949, 84.8592910767, 89.9698867798, 57.1649093628, 13.5877571106, 2.60357046127, 0.560441195965, 0.326757967472, 0.0757699981332, 0.0161164496094, 0.00233313417993, 0.000452060048701, 6.18807171122e-05, 1.00715897133e-06, 1.01185095858e-08], "min": [3.61038639447e-22, 1.69323962266e-21, 2.79987324911e-20, 9.53746871845e-20, 1.44632064816e-19, 1.08630463296e-19, 1.27206690956e-19, 1.50024287208e-19, 1.29433745509e-19, 8.91114849663e-19, 3.5979842017e-18, 2.54915847606e-18, 2.89156637511e-18, 2.29983052301e-18, 3.54036776331e-18, 5.21803893808e-18, 3.09338396891e-18, 4.63583530856e-18, 5.32955901467e-18, 1.06653003772e-17, 1.23772962387e-17, 2.62455243202e-17, 1.98038983133e-17, 2.23298481693e-17, 1.79188116e-17, 9.79349750655e-18, 1.61307002329e-17, 1.43295276839e-17, 1.65115920895e-17, 1.81972091613e-17, 1.61454538263e-17, 1.77353032354e-17, 1.36659815945e-17, 1.3583683741e-17, 7.8227587223e-18, 5.63240927567e-18, 2.6173622059e-18, 1.2158509655e-18, 3.31982967638e-19, 3.56627644304e-20], "dmean": [0.100315079093, 0.48661544919, 0.947938203812, 1.38731694221, 2.20835614204, 3.10959768295, 4.58332395554, 7.07659482956, 8.18124389648, 9.18345546722, 10.3481817245, 10.3214635849, 5.88952493668, 8.38183403015, 9.86362838745, 11.5480556488, 7.51595926285, 4.51986598969, 6.96546602249, 4.80164909363, 5.9476723671, 4.22789716721, 3.00254869461, 2.60755205154, 2.25150203705, 1.1267580986, 0.762720823288, 0.767017543316, 0.579546272755, 0.235283479095, 0.0999570265412, 0.0484265424311, 0.0313831456006, 0.0192509200424, 0.00908502563834, 0.00303716864437, 0.00128798256628, 0.000455215311376, 4.97912114952e-05, 7.7549202615e-06], "mean": [0.158776432276, 0.987832844257, 2.27428388596, 2.58122992516, 4.07089519501, 6.11409568787, 11.9025259018, 16.9973869324, 19.6025371552, 20.9741382599, 25.7646198273, 26.5774021149, 13.7628316879, 17.2011623383, 20.7868518829, 22.7506446838, 14.4092655182, 9.90916538239, 12.8963937759, 9.82543182373, 12.1512184143, 8.59752845764, 6.397128582, 5.3260178566, 4.66754627228, 2.68043255806, 1.98808884621, 1.56229507923, 1.22025454044, 0.584062218666, 0.258641928434, 0.130020797253, 0.0846868827939, 0.045450091362, 0.0218948461115, 0.0084132142365, 0.00331919104792, 0.000931747083087, 0.000105842846096, 2.68534149654e-05], "max": [11.0789728165, 45.2939567566, 62.9852142334, 151.670654297, 283.442565918, 519.724853516, 569.490905762, 1136.84594727, 926.171691895, 2079.95507812, 1141.15075684, 1514.4309082, 926.406494141, 1087.2935791, 2786.26660156, 5341.52978516, 1915.45812988, 584.155517578, 1644.51623535, 501.326293945, 1201.65393066, 636.406616211, 533.742614746, 556.299255371, 312.904510498, 331.730133057, 232.831985474, 296.797821045, 214.031555176, 135.784042358, 64.3224716187, 23.0396957397, 16.8859615326, 8.45470333099, 3.5365049839, 1.29875481129, 1.19090235233, 0.738692939281, 0.0916596874595, 0.00988822057843], "dmean2": [0.1703209728, 0.78099411726, 1.40908408165, 2.2636449337, 3.64901971817, 5.10850811005, 6.75198841095, 10.6421499252, 12.3782081604, 13.0092725754, 13.4873094559, 13.3489542007, 8.46781349182, 12.5183906555, 15.0676870346, 17.9147109985, 12.1051626205, 7.36347484589, 11.3377437592, 7.84617757797, 9.37927055359, 6.97365140915, 4.94748163223, 4.33813142776, 3.75648260117, 1.81533718109, 1.22636723518, 1.12931776047, 0.828445017338, 0.364609748125, 0.154472395778, 0.0703164562583, 0.0457662940025, 0.0291143208742, 0.0129866991192, 0.00460088765249, 0.00199446221814, 0.000734691158868, 7.91713755461e-05, 1.25984261103e-05], "median": [0.0103471474722, 0.202504813671, 0.507905364037, 0.569802284241, 0.817271053791, 1.19161725044, 2.10030269623, 3.08149433136, 3.93147087097, 4.3210735321, 4.9041056633, 2.72200798988, 2.85581946373, 3.34560322762, 2.06504106522, 1.94388866425, 1.28840827942, 1.31505811214, 1.39407551289, 1.31571626663, 1.36254501343, 1.13772785664, 0.837773025036, 0.672182142735, 0.517336249352, 0.296305596828, 0.135951817036, 0.0567113831639, 0.0310387760401, 0.0183706711978, 0.00889018084854, 0.00431684497744, 0.00215354142711, 0.00116905011237, 0.000584837514907, 0.000234586768784, 0.000113180707558, 0.000171389299794, 1.20158038044e-05, 7.76256638346e-06], "dvar": [0.180340960622, 2.57992005348, 7.03904151917, 20.2764530182, 72.4695587158, 119.578453064, 152.181091309, 425.428436279, 693.821166992, 767.54699707, 844.701538086, 1435.18554688, 303.219696045, 721.464599609, 1715.71020508, 5049.83154297, 1714.66503906, 239.529724121, 1049.95080566, 257.248931885, 468.915588379, 168.331085205, 128.554916382, 135.535583496, 78.4974060059, 29.9705142975, 12.3199367523, 37.4254379272, 21.5584983826, 2.89727807045, 0.465788841248, 0.101712934673, 0.0549101196229, 0.0217302627861, 0.00447196839377, 0.00050103320973, 0.000219894849579, 8.00741181592e-05, 1.09518055069e-06, 1.16486669199e-08]}, "silence_rate_30dB": {"dvar2": 0.030267983675, "var": 0.0169508755207, "min": 0, "dmean": 0.0119693018496, "mean": 0.982751309872, "max": 1, "dmean2": 0.0239402893931, "median": 1, "dvar": 0.0118259014562}, "melbands_spread": {"dvar2": 40.6234016418, "var": 114.300598145, "min": 0.529136240482, "dmean": 3.10132050514, "mean": 14.5604667664, "max": 121.701400757, "dmean2": 4.74849510193, "median": 11.6140727997, "dvar": 17.525144577}, "melbands_crest": {"dvar2": 17.8904342651, "var": 38.3050804138, "min": 2.52063465118, "dmean": 2.58977746964, "mean": 15.7659702301, "max": 36.2444229126, "dmean2": 3.94617390633, "median": 14.5740661621, "dvar": 6.8831486702}, "zerocrossingrate": {"dvar2": 5.96737081651e-05, "var": 0.00117585563567, "min": 0.00048828125, "dmean": 0.00447779661044, "mean": 0.0389296710491, "max": 0.50830078125, "dmean2": 0.00565992994234, "median": 0.029296875, "dvar": 4.44879588031e-05}, "barkbands_kurtosis": {"dvar2": 92.6077651978, "var": 107.849403381, "min": -1.87202441692, "dmean": 2.32275938988, "mean": 4.71597862244, "max": 301.077850342, "dmean2": 3.59705615044, "median": 2.22962141037, "dvar": 35.468547821}, "spectral_flux": {"dvar2": 0.000911869807169, "var": 0.00215717917308, "min": 1.03968868237e-10, "dmean": 0.010066665709, "mean": 0.0415951572359, "max": 0.444299608469, "dmean2": 0.0170888192952, "median": 0.0227213129401, "dvar": 0.000315005629091}, "barkbands_crest": {"dvar2": 9.58105564117, "var": 17.2969799042, "min": 2.60852789879, "dmean": 1.96011507511, "mean": 11.0104284286, "max": 25.4820919037, "dmean2": 3.0129032135, "median": 10.2664661407, "dvar": 3.74891853333}, "barkbands_flatness_db": {"dvar2": 0.000538510561455, "var": 0.00290479068644, "min": 0.0362050868571, "dmean": 0.0145186688751, "mean": 0.198106184602, "max": 0.440623313189, "dmean2": 0.0215742047876, "median": 0.19646511972, "dvar": 0.000223087641643}, "spectral_entropy": {"dvar2": 0.0191883277148, "var": 0.21489071846, "min": 4.85788393021, "dmean": 0.0991776809096, "mean": 6.78951787949, "max": 9.81112480164, "dmean2": 0.146828323603, "median": 6.78675603867, "dvar": 0.00922450609505}, "pitch_salience": {"dvar2": 0.00682645151392, "var": 0.013309950009, "min": 0.0733486264944, "dmean": 0.0543245449662, "mean": 0.490153491497, "max": 0.818798899651, "dmean2": 0.0846877992153, "median": 0.495339691639, "dvar": 0.00258426461369}, "erbbands_spread": {"dvar2": 43.1319885254, "var": 198.086746216, "min": 1.74556934834, "dmean": 4.1203751564, "mean": 25.3717403412, "max": 153.586074829, "dmean2": 6.26092767715, "median": 23.166727066, "dvar": 19.1983757019}, "dynamic_complexity": 8.03804397583, "spectral_contrast_valleys": {"dvar2": [0.208698481321, 0.136847183108, 0.10130494833, 0.0670359507203, 0.0439553298056, 0.0277966447175], "var": [3.63588237762, 2.51377058029, 2.35351419449, 1.98464548588, 1.66804659367, 1.23815584183], "min": [-26.9080619812, -27.1884670258, -27.0785655975, -27.0579166412, -27.3113822937, -27.2064342499], "dmean": [0.321875780821, 0.271942198277, 0.235008046031, 0.187037169933, 0.138063341379, 0.10132432729], "mean": [-8.3165178299, -7.58035421371, -8.5388250351, -9.15299320221, -9.3549413681, -12.6825408936], "max": [-4.9862408638, -4.60206890106, -5.13058519363, -5.61460590363, -5.7194981575, -8.44215679169], "dmean2": [0.533840119839, 0.446185946465, 0.389344602823, 0.315239489079, 0.224591359496, 0.159245997667], "median": [-7.74354934692, -7.27391195297, -8.41832542419, -9.11332130432, -9.41727828979, -12.8245515823], "dvar": [0.0824948474765, 0.0590109564364, 0.0453269295394, 0.032004121691, 0.025528402999, 0.0184213798493]}, "hfc": {"dvar2": 36.555316925, "var": 255.755249023, "min": 1.1533358105e-16, "dmean": 1.58034753799, "mean": 8.65996551514, "max": 255.045806885, "dmean2": 2.33808708191, "median": 2.25436425209, "dvar": 16.8414421082}, "spectral_kurtosis": {"dvar2": 79.5288772583, "var": 106.578910828, "min": -1.19058191776, "dmean": 4.52282476425, "mean": 13.0444765091, "max": 93.6620101929, "dmean2": 8.04146671295, "median": 9.73637008667, "dvar": 25.6131401062}, "mfcc": {"mean": [-777.410705566, 172.446792603, -17.5143527985, 23.0667419434, -2.1084690094, -6.1682806015, -3.9356315136, 1.48421907425, 1.32399129868, 2.00583124161, -0.887019813061, 1.45743942261, 5.25110387802], "cov": [[13846.2705078, 1846.98510742, -727.755493164, 1082.47631836, 52.7000312805, 707.785400391, 3.82401108742, 203.724716187, -48.6750984192, -67.5671081543, -20.5462226868, 33.2088890076, -124.635887146], [1846.98510742, 2516.51318359, 448.543579102, 187.953094482, 395.097167969, 251.639694214, 142.739868164, 21.6065330505, 3.08564686775, 11.7032928467, 96.202255249, 13.6809873581, -104.507400513], [-727.755493164, 448.543579102, 797.083129883, 51.3740921021, 281.637969971, 177.781265259, 102.653930664, 12.4056415558, 53.4583702087, 9.7291021347, 68.9527664185, 34.3722114563, -50.3879203796], [1082.47631836, 187.953094482, 51.3740921021, 370.67477417, 125.558921814, 120.8776474, 35.5201797485, 41.8000564575, 30.1339492798, 15.8251867294, 7.91021108627, 13.0349121094, -7.00715017319], [52.7000312805, 395.097167969, 281.637969971, 125.558921814, 282.206390381, 160.53553772, 77.8308105469, 27.636346817, 33.335319519, 26.6272964478, 48.5243682861, 29.0331802368, -23.9512691498], [707.785400391, 251.639694214, 177.781265259, 120.8776474, 160.53553772, 256.428436279, 96.8682327271, 55.7924232483, 32.7969932556, 11.285200119, 53.7144355774, 35.6477584839, -6.68745946884], [3.82401108742, 142.739868164, 102.653930664, 35.5201797485, 77.8308105469, 96.8682327271, 132.577896118, 56.7896232605, 35.495464325, 16.5262908936, 21.8166217804, 18.3786220551, -0.157489314675], [203.724716187, 21.6065330505, 12.4056415558, 41.8000564575, 27.636346817, 55.7924232483, 56.7896232605, 120.805038452, 52.7573699951, 30.1562023163, 11.7201900482, 17.888628006, 23.5180721283], [-48.6750984192, 3.08564686775, 53.4583702087, 30.1339492798, 33.335319519, 32.7969932556, 35.495464325, 52.7573699951, 126.748771667, 50.1888771057, 21.3723144531, 13.6514587402, 8.9776058197], [-67.5671081543, 11.7032928467, 9.7291021347, 15.8251867294, 26.6272964478, 11.285200119, 16.5262908936, 30.1562023163, 50.1888771057, 117.823348999, 40.1184387207, 17.213634491, 8.58945941925], [-20.5462226868, 96.202255249, 68.9527664185, 7.91021108627, 48.5243682861, 53.7144355774, 21.8166217804, 11.7201900482, 21.3723144531, 40.1184387207, 115.593841553, 54.9494438171, 15.1101989746], [33.2088890076, 13.6809873581, 34.3722114563, 13.0349121094, 29.0331802368, 35.6477584839, 18.3786220551, 17.888628006, 13.6514587402, 17.213634491, 54.9494438171, 109.039604187, 52.7215995789], [-124.635887146, -104.507400513, -50.3879203796, -7.00715017319, -23.9512691498, -6.68745946884, -0.157489314675, 23.5180721283, 8.9776058197, 8.58945941925, 15.1101989746, 52.7215995789, 123.299880981]], "icov": [[0.000179012160515, -0.000158636743436, 0.000234807783272, -0.000410049629863, 0.000451618805528, -0.000714023364708, 0.000415101938415, -0.000198992114747, 6.29050628049e-05, 3.72770191461e-05, 0.000180177448783, -0.000219441761146, 0.000271207274636], [-0.000158636743436, 0.000677023781464, -0.000242004607571, 0.000305473600747, -0.0010066900868, 0.000642092258204, -0.000593719771132, 0.000184811884537, 0.000155309098773, 6.27713743597e-05, -0.000454009568784, 0.000309817143716, 4.26904844062e-05], [0.000234807783272, -0.000242004607571, 0.00245723803528, -3.87424734072e-05, -0.00136574986391, -0.0011513819918, 8.3555940364e-05, 0.00024815814686, -0.000636367825791, 0.000628241803497, -0.000124701313325, -0.000516702129971, 0.000898021680769], [-0.000410049629863, 0.000305473600747, -3.87424734072e-05, 0.00455370172858, -0.00252636172809, 0.000308243150357, -0.000130361193442, -0.000141743352287, -0.000540951150469, -0.000203499846975, 0.000440041942056, 0.000282087246887, -0.000480765622342], [0.000451618805528, -0.0010066900868, -0.00136574986391, -0.00252636172809, 0.00999112147838, -0.00440132478252, 0.000253067089943, 0.000208210578421, 0.000199094647542, -0.00128077773843, 0.00051647098735, -0.00118275650311, 0.00108140893281], [-0.000714023364708, 0.000642092258204, -0.0011513819918, 0.000308243150357, -0.00440132478252, 0.0110979992896, -0.00483290432021, -0.000752002408262, 3.06393048959e-05, 0.00134921062272, -0.00296878465451, 0.00057405710686, -0.000724178273231], [0.000415101938415, -0.000593719771132, 8.3555940364e-05, -0.000130361193442, 0.000253067089943, -0.00483290432021, 0.0136687699705, -0.00465952418745, -0.000669597706292, -2.81098573396e-06, 0.00103141670115, -0.00100251217373, 0.00098756828811], [-0.000198992114747, 0.000184811884537, 0.00024815814686, -0.000141743352287, 0.000208210578421, -0.000752002408262, -0.00465952418745, 0.0134274912998, -0.00371697638184, -0.00146214861888, 0.000897939142305, 0.000105353465187, -0.00230117677711], [6.29050628049e-05, 0.000155309098773, -0.000636367825791, -0.000540951150469, 0.000199094647542, 3.06393048959e-05, -0.000669597706292, -0.00371697638184, 0.0114607503638, -0.00369328190573, -0.000189586469787, 0.000103555597889, 5.46456685697e-05], [3.72770191461e-05, 6.27713743597e-05, 0.000628241803497, -0.000203499846975, -0.00128077773843, 0.00134921062272, -2.81098573396e-06, -0.00146214861888, -0.00369328190573, 0.0118783013895, -0.0040417839773, 0.000491055834573, 0.000166103433003], [0.000180177448783, -0.000454009568784, -0.000124701313325, 0.000440041942056, 0.00051647098735, -0.00296878465451, 0.00103141670115, 0.000897939142305, -0.000189586469787, -0.0040417839773, 0.014402128756, -0.00650822883472, 0.00085396959912], [-0.000219441761146, 0.000309817143716, -0.000516702129971, 0.000282087246887, -0.00118275650311, 0.00057405710686, -0.00100251217373, 0.000105353465187, 0.000103555597889, 0.000491055834573, -0.00650822883472, 0.0158988256007, -0.00641667004675], [0.000271207274636, 4.26904844062e-05, 0.000898021680769, -0.000480765622342, 0.00108140893281, -0.000724178273231, 0.00098756828811, -0.00230117677711, 5.46456685697e-05, 0.000166103433003, 0.00085396959912, -0.00641667004675, 0.0119947670028]]}, "silence_rate_20dB": {"dvar2": 0, "var": 0, "min": 1, "dmean": 0, "mean": 1, "max": 1, "dmean2": 0, "median": 1, "dvar": 0}, "melbands_kurtosis": {"dvar2": 425.462402344, "var": 368.067810059, "min": -1.83878719807, "dmean": 4.44429922104, "mean": 10.1581296921, "max": 545.239868164, "dmean2": 7.00093126297, "median": 4.95823335648, "dvar": 150.705337524}, "barkbands_spread": {"dvar2": 24.9421424866, "var": 106.14024353, "min": 0.482325285673, "dmean": 2.38460731506, "mean": 12.6598625183, "max": 122.895973206, "dmean2": 3.68150162697, "median": 10.2231674194, "dvar": 10.7078838348}, "erbbands_skewness": {"dvar2": 0.18707972765, "var": 0.570216476917, "min": -3.80074191093, "dmean": 0.30323857069, "mean": 0.555999755859, "max": 6.3896613121, "dmean2": 0.451623022556, "median": 0.494638562202, "dvar": 0.0820164978504}, "average_loudness": 0.0397621653974, "spectral_centroid": {"dvar2": 56572.9023438, "var": 354688.5, "min": 176.194152832, "dmean": 121.455596924, "mean": 946.789733887, "max": 11135.0537109, "dmean2": 187.142349243, "median": 732.343139648, "dvar": 27494.5605469}, "dissonance": {"dvar2": 0.00133195077069, "var": 0.00193281378597, "min": 0.157925158739, "dmean": 0.0241715498269, "mean": 0.432602226734, "max": 0.500000059605, "dmean2": 0.0402677878737, "median": 0.441809415817, "dvar": 0.00049381289864}, "erbbands_flatness_db": {"dvar2": 0.000237849963014, "var": 0.00244666798972, "min": 0.0230361875147, "dmean": 0.0114308129996, "mean": 0.216568484902, "max": 0.391569316387, "dmean2": 0.0163667052984, "median": 0.215534031391, "dvar": 0.00011650165834}, "spectral_strongpeak": {"dvar2": 0.744817197323, "var": 1.05831301212, "min": 0, "dmean": 0.257000654936, "mean": 0.639414489269, "max": 20.0367393494, "dmean2": 0.421521574259, "median": 0.315328717232, "dvar": 0.313326388597}, "spectral_rms": {"dvar2": 1.31061267439e-06, "var": 7.62568652135e-06, "min": 3.24744181199e-12, "dmean": 0.000394067756133, "mean": 0.00332868262194, "max": 0.0161550473422, "dmean2": 0.000592266325839, "median": 0.00250111264177, "dvar": 4.97490532325e-07}, "silence_rate_60dB": {"dvar2": 0.0423273816705, "var": 0.237195745111, "min": 0, "dmean": 0.0191508829594, "mean": 0.386792451143, "max": 1, "dmean2": 0.0383044630289, "median": 0, "dvar": 0.0187836326659}, "melbands": {"dvar2": [2.68270050583e-05, 5.76818047193e-06, 1.57838314863e-06, 1.19434116641e-06, 3.81282688977e-07, 4.23094007829e-07, 3.87970487736e-07, 1.67523680261e-07, 8.1364582627e-08, 7.99583972366e-08, 1.63977684764e-08, 2.94450277494e-08, 1.79575980752e-08, 2.5132115411e-07, 1.44347929165e-08, 1.01971844302e-08, 2.88272339333e-09, 6.76603262306e-09, 1.58650603765e-09, 2.21330287431e-09, 1.30075061833e-09, 6.85022927271e-10, 8.58949134042e-10, 2.86695750473e-10, 3.53604395764e-10, 1.48729306648e-10, 4.47789617886e-11, 3.92013158046e-11, 2.76874079219e-11, 2.36030136408e-11, 6.48988016105e-11, 3.2326821775e-11, 1.58476738676e-11, 1.12483525098e-12, 6.36511622489e-13, 1.36225896557e-13, 1.34790738141e-13, 9.40129864149e-14, 1.14810653931e-13, 2.96238456942e-14], "var": [1.70152507053e-05, 5.82360871704e-06, 1.28345789108e-06, 8.98090945611e-07, 8.85919746452e-07, 8.81586515789e-07, 5.2285787433e-07, 3.67397092305e-07, 2.87941389843e-07, 2.83791735001e-07, 2.44509390512e-08, 3.41856285502e-08, 2.83804322265e-08, 5.2853130228e-07, 1.40610865174e-08, 9.98785676387e-09, 3.09139291943e-09, 5.77927750101e-09, 1.52757972938e-09, 2.91523982732e-09, 2.64952215723e-09, 6.23070761652e-10, 7.6324990772e-10, 3.13809894736e-10, 3.02620095649e-10, 1.57444196569e-10, 6.41180927796e-11, 4.26982303681e-11, 4.55192133986e-11, 2.60755583792e-11, 6.70443214834e-11, 3.58523211119e-11, 1.61976803498e-11, 2.28504975358e-12, 1.00079276463e-12, 3.51379678392e-13, 2.46747528009e-13, 2.1547466502e-13, 1.05781025215e-13, 4.60099928263e-14], "min": [2.5420916453e-24, 1.03994468173e-23, 2.00361566471e-23, 7.99617970297e-24, 5.24928596161e-24, 3.31182188471e-24, 2.04802825758e-24, 1.52488785131e-23, 2.93982647847e-23, 1.45994377289e-23, 1.58218329218e-23, 1.13383506444e-23, 8.36079831311e-24, 1.64240761581e-23, 9.34822497451e-24, 5.24235108539e-24, 9.23399791543e-24, 8.32619335178e-24, 7.34093684673e-24, 2.10360835984e-23, 1.16560336084e-23, 2.78752078796e-23, 1.75229641322e-23, 1.95717810535e-23, 1.80320539397e-23, 1.41448077229e-23, 1.0329837731e-23, 5.6306150123e-24, 8.37363071345e-24, 1.1486387493e-23, 7.66122384058e-24, 9.64052712774e-24, 9.45