{"tonal": {"thpcp": [1, 0.83602976799, 0.420943021774, 0.32674112916, 0.331360280514, 0.406261563301, 0.808223903179, 0.984892964363, 0.605125904083, 0.356113702059, 0.350149869919, 0.454349160194, 0.779299378395, 0.807608127594, 0.46691223979, 0.298088729382, 0.266176193953, 0.285879999399, 0.428196072578, 0.520913422108, 0.568839609623, 0.801667749882, 0.786537230015, 0.451674878597, 0.280378878117, 0.244317680597, 0.234453871846, 0.367295295, 0.504163503647, 0.38558652997, 0.229326084256, 0.199697881937, 0.256144046783, 0.536488771439, 0.660647749901, 0.713269710541], "hpcp": {"dmean2": [0.344633996487, 0.328055739403, 0.246928602457, 0.193023249507, 0.18195925653, 0.195442214608, 0.21142424643, 0.235659018159, 0.295541256666, 0.330030113459, 0.285258740187, 0.235029354692, 0.176596105099, 0.153094500303, 0.143909424543, 0.169321611524, 0.193597450852, 0.178987801075, 0.133480504155, 0.120350122452, 0.144277602434, 0.204274535179, 0.224158063531, 0.314001113176, 0.461330771446, 0.308185577393, 0.220139116049, 0.194438606501, 0.19519546628, 0.240258097649, 0.329697132111, 0.326942592859, 0.283543795347, 0.231239110231, 0.226634934545, 0.277883917093], "median": [0.0616905353963, 0.0628793388605, 0.03933852911, 0.0197327286005, 0.0151950689033, 0.0174916945398, 0.035060275346, 0.0494480840862, 0.0677761361003, 0.0898014083505, 0.0686023384333, 0.0360245555639, 0.0212995149195, 0.0185147896409, 0.0186152402312, 0.0273286476731, 0.0314309373498, 0.0273432359099, 0.0203620623797, 0.0169736687094, 0.0236932002008, 0.0479617379606, 0.055503077805, 0.113683655858, 0.0952576696873, 0.0636849403381, 0.0240126475692, 0.0211570411921, 0.0183412879705, 0.0310784839094, 0.0792008340359, 0.0925198495388, 0.0572962798178, 0.0319018885493, 0.0274665039033, 0.0355416499078], "min": [0, 0, 0, 0, 0, 0, 0, 0, 0, 0, 0, 0, 0, 0, 0, 0, 0, 0, 0, 0, 0, 0, 0, 0, 0, 0, 0, 0, 0, 0, 0, 0, 0, 0, 0, 0], "dvar2": [0.178711056709, 0.176150158048, 0.127678290009, 0.114688448608, 0.112659446895, 0.116795070469, 0.106722578406, 0.108503699303, 0.137062758207, 0.143167212605, 0.128607705235, 0.113234430552, 0.0941145569086, 0.0830713883042, 0.0734570100904, 0.0767116770148, 0.0943088829517, 0.0844377949834, 0.0580940432847, 0.05232071504, 0.0579969845712, 0.0896530151367, 0.104475401342, 0.110317699611, 0.247193947434, 0.12339861691, 0.11697076261, 0.102949522436, 0.111707098782, 0.126883283257, 0.156711474061, 0.172024592757, 0.134799167514, 0.120459698141, 0.122084990144, 0.152796581388], "dvar": [0.0694711953402, 0.0697027370334, 0.045511521399, 0.0402159281075, 0.0399562232196, 0.0413759052753, 0.0398382395506, 0.0417456775904, 0.0493348613381, 0.0547865256667, 0.0527496449649, 0.0419751368463, 0.0336674824357, 0.0299580749124, 0.0262659098953, 0.0289095360786, 0.0393843017519, 0.032115701586, 0.0206977967173, 0.018767921254, 0.0210858248174, 0.0337808169425, 0.0418671630323, 0.0410871356726, 0.0919760689139, 0.0498521327972, 0.0422460474074, 0.0369056612253, 0.0408953726292, 0.0461844839156, 0.0588369518518, 0.067653156817, 0.0487192906439, 0.0429247580469, 0.0441185310483, 0.0545405335724], "dmean": [0.194346576929, 0.185590147972, 0.137421429157, 0.104741483927, 0.0978368595243, 0.105794221163, 0.120183311403, 0.133878305554, 0.166358724236, 0.189312770963, 0.167092010379, 0.132229521871, 0.0962541922927, 0.0837300941348, 0.0791041404009, 0.0967633798718, 0.111236214638, 0.101564735174, 0.0735544040799, 0.0661828517914, 0.0807766839862, 0.117805972695, 0.130683898926, 0.17886339128, 0.256126612425, 0.175638765097, 0.122198097408, 0.107631459832, 0.107989564538, 0.133057817817, 0.187050208449, 0.18543548882, 0.158984735608, 0.125356718898, 0.123836256564, 0.152636498213], "max": [1, 1, 1, 1, 1, 1, 1, 1, 1, 1, 1, 1, 1, 1, 1, 1, 1, 1, 1, 1, 1, 1, 1, 1, 1, 1, 1, 1, 1, 1, 1, 1, 1, 1, 1, 1], "var": [0.0927043631673, 0.100545287132, 0.0437338687479, 0.0308015253395, 0.029441267252, 0.030592398718, 0.0427461490035, 0.0527051500976, 0.0487823411822, 0.0814673304558, 0.0890397280455, 0.0417282246053, 0.0257351398468, 0.0221806298941, 0.0193181652576, 0.0331389568746, 0.0624817237258, 0.0372557938099, 0.0174520444125, 0.0143833979964, 0.0178276803344, 0.0522976927459, 0.0761790275574, 0.0511998645961, 0.120752818882, 0.100572504103, 0.0431638546288, 0.0316029302776, 0.0357930734754, 0.0398994572461, 0.0833295956254, 0.120111756027, 0.0549761019647, 0.0326284989715, 0.0337421521544, 0.0453005842865], "mean": [0.219791591167, 0.227775722742, 0.131686732173, 0.0840721800923, 0.0750716477633, 0.0806288644671, 0.120767325163, 0.14691708982, 0.160434067249, 0.226100325584, 0.221832945943, 0.127389222383, 0.0790773406625, 0.0689067319036, 0.066124767065, 0.103591024876, 0.142192974687, 0.108749836683, 0.064678542316, 0.0563222803175, 0.0722422078252, 0.151309922338, 0.186327397823, 0.201168760657, 0.282037436962, 0.235791698098, 0.118721693754, 0.0921532288194, 0.0934560000896, 0.114580973983, 0.227949395776, 0.277776688337, 0.170668154955, 0.100437395275, 0.0987553745508, 0.12814347446]}, "tuning_equal_tempered_deviation": 0.22104807198, "chords_changes_rate": 0.0780888199806, "key_key": "F", "tuning_diatonic_strength": 0.717815160751, "key_scale": "major", "chords_number_rate": 0.00189433805645, "tuning_frequency": 434.193115234, "tuning_nontempered_energy_ratio": 0.904076993465, "chords_histogram": [20.2694168091, 21.4060192108, 24.6053466797, 6.20921897888, 11.2607870102, 0.589349627495, 0.210482001305, 0, 3.8097243309, 0, 0.989265441895, 0, 0, 0, 0, 0, 0.105241000652, 2.86255526543, 0, 4.60955572128, 0, 0.77878344059, 0.126289203763, 2.16796469688], "key_strength": 0.750759065151, "chords_key": "C", "chords_strength": {"dmean2": 0.0145186781883, "median": 0.521346390247, "min": -1, "dvar2": 0.000852910976391, "dvar": 0.000500623311382, "dmean": 0.0126045690849, "max": 0.824302017689, "var": 0.0116416867822, "mean": 0.52251470089}, "chords_scale": "major", "hpcp_entropy": {"dmean2": 1.16658711433, "median": 2.23961925507, "min": 0, "dvar2": 0.893963158131, "dvar": 0.333855748177, "dmean": 0.702867865562, "max": 4.49070453644, "var": 0.73406881094, "mean": 2.2294511795}}, "metadata": {"audio_properties": {"equal_loudness": 0, "codec": "mp3", "downmix": "mix", "sample_rate": 44100, "analysis_sample_rate": 44100, "bit_rate": 192023, "md5_encoded": "3071ada75f2914b73cd74ffd8f36a474", "length": 220.577957153, "replay_gain": -15.3882198334, "lossless": false}, "version": {"essentia_build_sha": "70f2e5ece6736b2c40cc944ad0e695b16b925413", "essentia": "2.1-beta2", "extractor": "music 1.0", "essentia_git_sha": "v2.1_beta2"}, "tags": {"title": ["10: SOUL RED  "], "artist": ["FLOW "], "date": ["2010"], "genre": ["Rock"], "album": ["MICROCOSM"], "tracknumber": ["10"], "musicbrainz_recordingid": ["0eb20117-eb07-4852-90ce-c7f083ca5bf6"], "file_name": "1531710.mp3"}}, "rhythm": {"bpm_histogram_first_peak_bpm": {"dmean2": 0, "median": 115, "min": 115, "dvar2": 0, "dvar": 0, "dmean": 0, "max": 115, "var": 0, "mean": 115}, "bpm": 113.92024231, "bpm_histogram_second_peak_spread": {"dmean2": 0, "median": 0.363636314869, "min": 0.363636314869, "dvar2": 0, "dvar": 0, "dmean": 0, "max": 0.363636314869, "var": 0, "mean": 0.363636314869}, "bpm_histogram_first_peak_weight": {"dmean2": 0, "median": 0.583333313465, "min": 0.583333313465, "dvar2": 0, "dvar": 0, "dmean": 0, "max": 0.583333313465, "var": 0, "mean": 0.583333313465}, "onset_rate": 4.39277362823, "beats_position": [0.476009070873, 0.96362811327, 1.46285712719, 1.98530614376, 2.50775504112, 3.03020405769, 3.55265307426, 4.08671188354, 4.62077093124, 5.14321994781, 5.66566896439, 6.19972801208, 6.72217655182, 7.24462556839, 7.76707458496, 8.3011341095, 8.83519268036, 9.35764122009, 9.89170074463, 10.4141492844, 10.9365987778, 11.4706573486, 11.9931058884, 12.5155553818, 13.0496139526, 13.572063446, 14.0945119858, 14.6285715103, 15.15102005, 15.6734695435, 16.1959171295, 16.7299766541, 17.2524261475, 17.786485672, 18.3089332581, 18.8313827515, 19.3538322449, 19.8878898621, 20.4103393555, 20.94439888, 21.4668483734, 22.0009059906, 22.523355484, 23.0574150085, 23.5798625946, 24.102312088, 24.6247615814, 25.158821106, 25.681268692, 26.2153282166, 26.73777771, 27.2602272034, 27.7942848206, 28.316734314, 28.8391838074, 29.3732414246, 29.895690918, 30.4181404114, 30.9521980286, 31.4862575531, 32.0087051392, 32.5311546326, 33.053604126, 33.5760536194, 34.1101112366, 34.63256073, 35.1550102234, 35.6890678406, 36.211517334, 36.7339668274, 37.2680282593, 37.8020858765, 38.3361434937, 38.8585929871, 39.3810424805, 39.9034919739, 40.4259414673, 40.9599990845, 41.4824485779, 42.0048980713, 42.5389556885, 43.0614051819, 43.5838546753, 44.1063041687, 44.6287536621, 45.1628112793, 45.6852607727, 46.2193183899, 46.7417678833, 47.2758255005, 47.7982749939, 48.3207244873, 48.8547821045, 49.3772315979, 49.8996810913, 50.4221305847, 50.9445800781, 51.4786376953, 52.0126991272, 52.5351448059, 53.0575942993, 53.5916557312, 54.1257133484, 54.6481628418, 55.1706123352, 55.7046699524, 56.2271194458, 56.7495689392, 57.2836265564, 57.8176841736, 58.340133667, 58.8625831604, 59.3850326538, 59.9074821472, 60.4415397644, 60.9756011963, 61.498046875, 62.0204963684, 62.5429458618, 63.0653953552, 63.5994529724, 64.1335144043, 64.655960083, 65.1784133911, 65.7124710083, 66.234916687, 66.7573699951, 67.2682037354, 67.779045105, 68.3247146606, 68.8587722778, 69.392829895, 69.9152832031, 70.4493408203, 70.971786499, 71.4942398071, 72.0282974243, 72.5391387939, 73.0731964111, 73.6072540283, 74.1413116455, 74.6637649536, 75.1862106323, 75.7202682495, 76.2427215576, 76.7651672363, 77.2992248535, 77.8216781616, 78.3441238403, 78.8781814575, 79.4006347656, 79.9230804443, 80.4571380615, 80.9795913696, 81.5020370483, 82.0360946655, 82.5585479736, 83.0809936523, 83.6150588989, 84.1491165161, 84.6715621948, 85.1940155029, 85.7164611816, 86.2389068604, 86.7729721069, 87.2954177856, 87.8178634644, 88.3519287109, 88.8743743896, 89.3968200684, 89.9308853149, 90.4649429321, 90.9873886108, 91.5098419189, 92.0438995361, 92.5663452148, 93.0887985229, 93.6228561401, 94.1453018188, 94.667755127, 95.1902008057, 95.7242584229, 96.246711731, 96.7807693481, 97.3148269653, 97.8372802734, 98.3597259521, 98.8937835693, 99.4162368774, 99.9386825562, 100.472740173, 100.995193481, 101.51763916, 102.051696777, 102.574150085, 103.096595764, 103.619049072, 104.141494751, 104.675552368, 105.209609985, 105.732063293, 106.254508972, 106.788566589, 107.311019897, 107.833465576, 108.355918884, 108.878364563, 109.41242218, 109.946479797, 110.468933105, 110.991378784, 111.525436401, 112.047889709, 112.570335388, 113.092788696, 113.615234375, 114.149291992, 114.683357239, 115.217414856, 115.739860535, 116.262313843, 116.784759521, 117.3072052, 117.829658508, 118.352104187, 118.886169434, 119.420227051, 119.954284668, 120.476730347, 120.999183655, 121.533241272, 122.055686951, 122.578140259, 123.112197876, 123.634643555, 124.157096863, 124.69115448, 125.225212097, 125.747665405, 126.270111084, 126.792556763, 127.315010071, 127.849067688, 128.383132935, 128.905578613, 129.428024292, 129.962081909, 130.484527588, 131.006988525, 131.541046143, 132.063491821, 132.5859375, 133.108383179, 133.630844116, 134.164901733, 134.687347412, 135.209793091, 135.743850708, 136.266296387, 136.788757324, 137.322814941, 137.856872559, 138.379318237, 138.901763916, 139.435821533, 139.946670532, 140.480728149, 141.014785767, 141.548843384, 142.082901001, 142.60534668, 143.127792358, 143.650253296, 144.172698975, 144.695144653, 145.229202271, 145.751647949, 146.274108887, 146.796554565, 147.330612183, 147.853057861, 148.37550354, 148.909561157, 149.443618774, 149.966079712, 150.488525391, 151.010971069, 151.545028687, 152.079086304, 152.601531982, 153.135604858, 153.658050537, 154.180496216, 154.714553833, 155.236999512, 155.759460449, 156.293518066, 156.815963745, 157.338409424, 157.872467041, 158.406524658, 158.928970337, 159.451431274, 159.985488892, 160.50793457, 161.030380249, 161.552825928, 162.075286865, 162.609344482, 163.131790161, 163.65423584, 164.188293457, 164.722351074, 165.244796753, 165.76725769, 166.301315308, 166.835372925, 167.357818604, 167.880264282, 168.40272522, 168.925170898, 169.447616577, 169.970062256, 170.504119873, 171.026565552, 171.549026489, 172.083084106, 172.617141724, 173.151199341, 173.67364502, 174.196090698, 174.730148315, 175.252609253, 175.775054932, 176.29750061, 176.819946289, 177.354003906, 177.876464844, 178.398910522, 178.921356201, 179.44380188, 179.977859497, 180.500320435, 181.034378052, 181.55682373, 182.090881348, 182.624938965, 183.158996582, 183.681442261, 184.203903198, 184.726348877, 185.248794556, 185.782852173, 186.31690979, 186.839355469, 187.361816406, 187.884262085, 188.406707764, 188.940765381, 189.474822998, 189.997268677, 190.519729614, 191.053787231, 191.57623291, 192.098678589, 192.632736206, 193.155181885, 193.677642822, 194.200088501, 194.72253418, 195.256591797, 195.790649414, 196.313110352, 196.83555603, 197.369613647, 197.892059326, 198.414505005, 198.948562622, 199.482620239, 200.005081177, 200.527526855, 201.038360596, 201.572418213, 202.10647583, 202.628936768, 203.151382446, 203.685440063, 204.219497681, 204.741943359, 205.264389038, 205.798446655, 206.320907593, 206.843353271, 207.377410889, 207.899856567, 208.422302246, 208.956375122, 209.490432739, 210.012878418, 210.535324097, 211.069381714, 211.603439331, 212.137496948, 212.671554565, 213.217224121, 213.774505615, 214.204071045, 214.610427856, 215.016769409, 215.411514282, 215.806259155, 216.20098877, 216.595733643, 217.013687134, 217.431655884, 217.849609375, 218.267562866, 218.685531616, 219.103485107, 219.521453857, 219.951019287], "beats_loudness": {"dmean2": 0.0545237734914, "median": 0.102989383042, "min": 0, "dvar2": 0.00250432197936, "dvar": 0.000930757727474, "dmean": 0.03252318874, "max": 0.178785488009, "var": 0.002308659954, "mean": 0.0881356522441}, "danceability": 1.11863768101, "bpm_histogram_second_peak_weight": {"dmean2": 0, "median": 0.0166666675359, "min": 0.0166666675359, "dvar2": 0, "dvar": 0, "dmean": 0, "max": 0.0166666675359, "var": 0, "mean": 0.0166666675359}, "beats_count": 421, "bpm_histogram_second_peak_bpm": {"dmean2": 0, "median": 144, "min": 144, "dvar2": 0, "dvar": 0, "dmean": 0, "max": 144, "var": 0, "mean": 144}, "bpm_histogram_first_peak_spread": {"dmean2": 0, "median": 0.387500047684, "min": 0.387500047684, "dvar2": 0, "dvar": 0, "dmean": 0, "max": 0.387500047684, "var": 0, "mean": 0.387500047684}, "beats_loudness_band_ratio": {"dmean2": [0.283337593079, 0.121726647019, 0.145815417171, 0.0594145692885, 0.08726695925, 0.0628200620413], "median": [0.811325192451, 0.0461746752262, 0.0441020950675, 0.0182261597365, 0.0360909551382, 0.0181053970009], "min": [0, 0, 0, 0, 0, 0], "dvar2": [0.0812608748674, 0.0247457958758, 0.0373420827091, 0.00681494548917, 0.014035067521, 0.0102268550545], "dvar": [0.0311746466905, 0.00900285318494, 0.0148310493678, 0.00245895888656, 0.00486380653456, 0.00362156657502], "dmean": [0.161755055189, 0.06918040663, 0.0825642421842, 0.0339271873236, 0.0492986738682, 0.0353086777031], "max": [0.997791528702, 0.773778319359, 0.879531919956, 0.424838632345, 0.686115503311, 0.457197636366], "var": [0.0509496442974, 0.0103373406455, 0.0157768763602, 0.002418639604, 0.00444819312543, 0.00263681798242], "mean": [0.729907631874, 0.0802265778184, 0.0870622321963, 0.036451164633, 0.0562688261271, 0.0355896502733]}}, "lowlevel": {"barkbands_spread": {"dmean2": 12.0023012161, "median": 28.0218086243, "min": 0.203451275826, "dvar2": 192.453857422, "dvar": 88.9337005615, "dmean": 7.76023340225, "max": 150.018203735, "var": 247.750335693, "mean": 29.9663791656}, "melbands_spread": {"dmean2": 14.9975214005, "median": 24.2375679016, "min": 0.313356339931, "dvar2": 394.319244385, "dvar": 180.340667725, "dmean": 9.61275863647, "max": 236.235977173, "var": 446.134368896, "mean": 28.0181560516}, "hfc": {"dmean2": 12.6606149673, "median": 25.255109787, "min": 1.11122940565e-16, "dvar2": 417.873321533, "dvar": 191.63458252, "dmean": 8.36525630951, "max": 236.237243652, "var": 431.762329102, "mean": 27.9361934662}, "barkbands_kurtosis": {"dmean2": 5.0631518364, "median": 1.02782869339, "min": -1.91756391525, "dvar2": 107.915130615, "dvar": 43.0840797424, "dmean": 3.21580457687, "max": 308.635040283, "var": 175.958526611, "mean": 4.10771656036}, "gfcc": {"mean": [17.7947292328, 68.9401702881, -107.286750793, 49.0720481873, -45.0800170898, 15.1295471191, -33.6765213013, 13.601764679, -24.3852539062, -1.20616710186, -25.2028617859, -2.90594792366, -16.9225330353], "icov": [[0.000115484152047, -0.000147023965837, 0.000123646284919, -0.000220021349378, 0.000167594742379, -0.000237288724747, 0.000252429657849, -0.000392270478187, 0.000312395393848, -0.000116765128041, 0.000377407995984, -0.000267104158411, 0.000387164618587], [-0.000147023965837, 0.0019391606329, 0.000313733820803, -0.000296554178931, -0.000484081712784, 0.000715460570063, -0.00155245326459, 0.000991322798654, -0.00111048051622, 0.00139895756729, -0.00164121284615, 0.00177939864807, -0.000624635198619], [0.000123646284919, 0.000313733820803, 0.00188441271894, -0.000405380997108, -0.000339568592608, -0.000321523810271, -0.000286765833152, -6.16400284343e-05, 0.00030517502455, -0.000928018358536, 0.000521627720445, -0.00026536200312, 0.000829459808301], [-0.000220021349378, -0.000296554178931, -0.000405380997108, 0.00342629291117, -0.00128011882771, -0.000473469379358, 0.00101317069493, 0.000755027635023, -2.57606534433e-05, -5.55075748707e-05, -0.000588598661125, 0.000447306054411, -0.000994251458906], [0.000167594742379, -0.000484081712784, -0.000339568592608, -0.00128011882771, 0.00396508676931, -1.83080646821e-05, -0.00115251401439, 0.000272526114713, 7.22479162505e-05, -0.000481471419334, 0.000321774539771, -2.97361930279e-05, 7.34721179469e-05], [-0.000237288724747, 0.000715460570063, -0.000321523810271, -0.000473469379358, -1.83080646821e-05, 0.00761448871344, -0.00318986573257, -0.000375600269763, 0.000545881630387, 0.000623557774816, -0.00111133849714, 0.00149072997738, -0.000578786770348], [0.000252429657849, -0.00155245326459, -0.000286765833152, 0.00101317069493, -0.00115251401439, -0.00318986573257, 0.00882153213024, -0.0043911957182, 0.00133928481955, 0.00143519917037, -0.00109005870763, -9.50177200139e-05, 0.00110908783972], [-0.000392270478187, 0.000991322798654, -6.16400284343e-05, 0.000755027635023, 0.000272526114713, -0.000375600269763, -0.0043911957182, 0.0133036980405, -0.00400214502588, -0.00126742245629, 0.00335291051306, -0.000548407959286, -0.000197284825845], [0.000312395393848, -0.00111048051622, 0.00030517502455, -2.57606534433e-05, 7.22479162505e-05, 0.000545881630387, 0.00133928481955, -0.00400214502588, 0.0100727798417, -0.0032932064496, -0.000129572974402, 0.00270878337324, -0.00178813561797], [-0.000116765128041, 0.00139895756729, -0.000928018358536, -5.55075748707e-05, -0.000481471419334, 0.000623557774816, 0.00143519917037, -0.00126742245629, -0.0032932064496, 0.0140318237245, -0.00401406968012, -0.0018440092681, 0.00340688670985], [0.000377407995984, -0.00164121284615, 0.000521627720445, -0.000588598661125, 0.000321774539771, -0.00111133849714, -0.00109005870763, 0.00335291051306, -0.000129572974402, -0.00401406968012, 0.0155446631834, -0.00808155443519, 0.00333983171731], [-0.000267104158411, 0.00177939864807, -0.00026536200312, 0.000447306054411, -2.97361930279e-05, 0.00149072997738, -9.50177200139e-05, -0.000548407959286, 0.00270878337324, -0.0018440092681, -0.00808155443519, 0.0199964828789, -0.00795340444893], [0.000387164618587, -0.000624635198619, 0.000829459808301, -0.000994251458906, 7.34721179469e-05, -0.000578786770348, 0.00110908783972, -0.000197284825845, -0.00178813561797, 0.00340688670985, 0.00333983171731, -0.00795340444893, 0.0190624073148]], "cov": [[18027.2929688, 440.628265381, -944.581481934, 789.46282959, -602.56072998, 406.068939209, -264.63671875, 356.973144531, -378.513214111, -89.3239593506, -390.510223389, -48.3491134644, -206.976470947], [440.628265381, 1034.76599121, -210.593978882, 133.09487915, 165.846466064, 19.0468845367, 176.160354614, -26.2818756104, 59.7114677429, -114.369750977, 49.9203491211, -86.9013290405, 11.5185489655], [-944.581481934, -210.593978882, 706.982116699, 32.201385498, 100.944267273, 24.3861560822, 24.9514484406, -2.01491427422, -7.1681227684, 69.6433029175, 11.229716301, 14.3673458099, -27.0126647949], [789.46282959, 133.09487915, 32.201385498, 425.443054199, 114.547157288, 28.9989414215, -33.5663795471, -31.631477356, -18.8126525879, -3.73561358452, 8.97285079956, -5.0244641304, 6.41498041153], [-602.56072998, 165.846466064, 100.944267273, 114.547157288, 365.600769043, 17.7998580933, 82.1796569824, -19.0115356445, 15.8329210281, -4.46243476868, 26.9675979614, -14.6746826172, 4.84316635132], [406.068939209, 19.0468845367, 24.3861560822, 28.9989414215, 17.7998580933, 184.744857788, 81.2151870728, 33.1112670898, -22.297706604, -15.8462915421, -5.40045166016, -13.659204483, -10.0260686874], [-264.63671875, 176.160354614, 24.9514484406, -33.5663795471, 82.1796569824, 81.2151870728, 229.346191406, 51.6071662903, 5.76362037659, -34.0440444946, 12.7193622589, -23.4055576324, -7.7186050415], [356.973144531, -26.2818756104, -2.01491427422, -31.631477356, -19.0115356445, 33.1112670898, 51.6071662903, 126.384010315, 31.3518657684, 6.47031021118, -36.308506012, -12.1989250183, -7.2333612442], [-378.513214111, 59.7114677429, -7.1681227684, -18.8126525879, 15.8329210281, -22.297706604, 5.76362037659, 31.3518657684, 145.538482666, 23.8024272919, 1.31638264656, -21.0306968689, 8.61896419525], [-89.3239593506, -114.369750977, 69.6433029175, -3.73561358452, -4.46243476868, -15.8462915421, -34.0440444946, 6.47031021118, 23.8024272919, 111.461029053, 27.076335907, 22.5830802917, -16.5843353271], [-390.510223389, 49.9203491211, 11.229716301, 8.97285079956, 26.9675979614, -5.40045166016, 12.7193622589, -36.308506012, 1.31638264656, 27.076335907, 113.6040802, 37.7473297119, -0.707546591759], [-48.3491134644, -86.9013290405, 14.3673458099, -5.0244641304, -14.6746826172, -13.659204483, -23.4055576324, -12.1989250183, -21.0306968689, 22.5830802917, 37.7473297119, 86.7695846558, 21.7049942017], [-206.976470947, 11.5185489655, -27.0126647949, 6.41498041153, 4.84316635132, -10.0260686874, -7.7186050415, -7.2333612442, 8.61896419525, -16.5843353271, -0.707546591759, 21.7049942017, 71.5540390015]]}, "spectral_energyband_middle_low": {"dmean2": 0.0086580356583, "median": 0.0106746824458, "min": 1.71910512219e-22, "dvar2": 0.000127253908431, "dvar": 4.95233616675e-05, "dmean": 0.00532341422513, "max": 0.0746922940016, "var": 0.00011044069106, "mean": 0.0131941298023}, "melbands_crest": {"dmean2": 5.64363622665, "median": 14.833729744, "min": 1.68114411831, "dvar2": 25.1028766632, "dvar": 9.98760890961, "dmean": 3.44933271408, "max": 36.7615814209, "var": 24.7411499023, "mean": 15.3572978973}, "spectral_kurtosis": {"dmean2": 1.60369765759, "median": 3.09248638153, "min": -1.27232027054, "dvar2": 5.21901702881, "dvar": 2.16222167015, "dmean": 0.970295131207, "max": 53.4329948425, "var": 5.26773643494, "mean": 3.36512327194}, "spectral_rms": {"dmean2": 0.00168224761728, "median": 0.00556691037491, "min": 3.15763908076e-12, "dvar2": 3.81226027457e-06, "dvar": 1.9601625354e-06, "dmean": 0.00109583232552, "max": 0.0142687791958, "var": 5.73374973101e-06, "mean": 0.00559646310285}, "zerocrossingrate": {"dmean2": 0.0164431370795, "median": 0.0673828125, "min": 0, "dvar2": 0.000422687007813, "dvar": 0.0003322022676, "dmean": 0.0138865131885, "max": 0.53564453125, "var": 0.00275943987072, "mean": 0.0758450701833}, "silence_rate_60dB": {"dmean2": 0.0252658165991, "median": 0, "min": 0, "dvar2": 0.0296829305589, "dvar": 0.0124726779759, "dmean": 0.0126315793023, "max": 1, "var": 0.0597152076662, "mean": 0.0637827590108}, "erbbands_kurtosis": {"dmean2": 1.30985569954, "median": -0.227119445801, "min": -1.77541124821, "dvar2": 3.07236647606, "dvar": 1.33386099339, "dmean": 0.838634848595, "max": 26.0203037262, "var": 3.2970354557, "mean": 0.252264499664}, "erbbands": {"dmean2": [0.385487824678, 1.73195493221, 12.232758522, 15.2637367249, 10.9804143906, 12.9196882248, 8.66508865356, 7.68101978302, 9.24325942993, 21.6895198822, 27.4593410492, 33.0069999695, 39.9095687866, 16.3233203888, 17.5529937744, 14.3941698074, 20.7059268951, 19.6250591278, 25.0436000824, 27.4453659058, 25.7228336334, 27.1774101257, 22.4534797668, 30.8126049042, 18.9684562683, 12.5639944077, 11.8608846664, 9.32624721527, 8.34741401672, 6.46678352356, 4.93242168427, 3.28136610985, 2.43990683556, 1.83605408669, 1.26042759418, 0.561569869518, 0.16935095191, 0.0298696886748, 0.00322017609142, 0.000110710112494], "median": [0.0912812054157, 0.994945108891, 5.56530952454, 9.58125019073, 8.68225383759, 6.83687496185, 4.06077766418, 2.58181548119, 3.49550318718, 5.01162481308, 6.20002746582, 7.80391073227, 8.59231567383, 6.46355009079, 6.91039419174, 6.61231708527, 8.56561183929, 12.1329545975, 15.0845708847, 17.2745933533, 21.3035869598, 26.4087772369, 22.7455310822, 30.6999435425, 21.2100429535, 13.602809906, 10.9499416351, 7.5735373497, 7.32713460922, 5.52718782425, 3.32174921036, 1.78177499771, 1.15044558048, 0.679767787457, 0.35423797369, 0.134700387716, 0.0362729094923, 0.00607259199023, 0.000330587849021, 5.82670763833e-05], "min": [1.46871688434e-22, 5.57473688627e-22, 1.8911665151e-21, 7.50507028221e-21, 7.76727199611e-21, 2.50615660011e-20, 5.8990029955e-20, 4.9418496905e-20, 1.38902869722e-19, 1.65558752036e-19, 3.22868781456e-19, 6.46650873706e-19, 6.43099580542e-19, 6.72906672023e-19, 7.69374698107e-19, 1.49425255933e-18, 1.40920577786e-18, 1.56861764736e-18, 2.56550687369e-18, 3.50131118992e-18, 4.83823895983e-18, 3.44884829354e-18, 5.86838363851e-18, 7.34271107125e-18, 5.81968999739e-18, 8.99591258913e-18, 9.20054714651e-18, 8.96340108234e-18, 1.04798208413e-17, 1.20753074863e-17, 1.31819725755e-17, 1.05509873253e-17, 1.05788856458e-17, 9.66464923689e-18, 6.896292448e-18, 4.51339603429e-18, 2.44512810632e-18, 9.13018799079e-19, 2.65453787398e-19, 2.95663399183e-20], "dvar2": [1.06255733967, 8.00584316254, 495.564208984, 652.608398438, 264.516021729, 447.929138184, 261.105163574, 345.90536499, 726.883117676, 2070.26171875, 4234.1328125, 7787.40332031, 10088.6757812, 1751.89221191, 1761.86010742, 1191.71655273, 3036.9519043, 1503.91040039, 2616.82592773, 3061.11303711, 2867.77416992, 1372.68969727, 1033.29553223, 1657.51611328, 665.624450684, 349.48059082, 398.245330811, 436.995788574, 260.930267334, 256.4949646, 215.043014526, 105.797355652, 62.4783401489, 42.7592506409, 20.2803401947, 3.17637944221, 0.164428636432, 0.00439344393089, 5.47669187654e-05, 4.89475873167e-08], "dvar": [0.435726463795, 3.87826728821, 177.636611938, 240.814834595, 99.4424972534, 167.243392944, 102.348297119, 135.62298584, 277.63571167, 907.895996094, 1831.83117676, 3432.0925293, 5001.71533203, 884.5703125, 806.416442871, 495.079589844, 1258.37182617, 640.916015625, 1145.54003906, 1362.1328125, 1247.4095459, 596.729858398, 481.551361084, 672.973999023, 284.108459473, 138.453964233, 162.218414307, 191.252151489, 116.401496887, 110.647567749, 91.0023727417, 47.7018241882, 29.4097557068, 18.4900379181, 9.14557743073, 1.54415357113, 0.0774670764804, 0.00199398701079, 2.21121827053e-05, 1.94494749195e-08], "dmean": [0.240100070834, 1.1239387989, 6.97645330429, 8.82817745209, 6.55759143829, 7.73826646805, 5.25607156754, 4.61071634293, 5.61290502548, 13.5114583969, 17.315694809, 21.8462238312, 27.2753067017, 10.9582643509, 11.6689214706, 9.0749874115, 12.8244686127, 12.3715209961, 16.1114730835, 17.6968841553, 16.6125621796, 17.273765564, 14.5277252197, 19.3941192627, 11.8655042648, 7.58877944946, 7.2275724411, 5.71698951721, 5.2295794487, 4.11568498611, 3.14888882637, 2.1428604126, 1.59677112103, 1.18385744095, 0.830679357052, 0.37741163373, 0.108984172344, 0.0188758075237, 0.00189836136997, 6.766878505e-05], "max": [5.68598556519, 22.5553874969, 124.571884155, 167.775634766, 156.649795532, 258.55279541, 205.82019043, 244.869628906, 509.20715332, 553.284667969, 743.127990723, 1108.17797852, 1564.10253906, 1011.02947998, 622.425720215, 711.990966797, 1122.50915527, 753.575622559, 1008.18005371, 969.66998291, 1706.53356934, 441.880340576, 506.875793457, 403.848022461, 381.49899292, 223.693954468, 297.348999023, 296.898376465, 250.100723267, 341.425018311, 222.121246338, 187.591629028, 143.332061768, 132.209030151, 98.51121521, 30.3859233856, 8.37024688721, 0.950131058693, 0.104459822178, 0.00326093262993], "var": [0.388436645269, 6.04129171371, 158.849487305, 234.932983398, 141.173492432, 193.053497314, 127.020088196, 129.490982056, 327.775268555, 1904.49694824, 3807.78857422, 12108.2070312, 47196.3007812, 3155.90258789, 2235.6472168, 1057.98266602, 3943.93212891, 1771.53979492, 2918.41064453, 3500.75073242, 2750.81811523, 1434.1998291, 1112.54296875, 1534.34692383, 612.718078613, 226.690109253, 256.953125, 261.378295898, 194.977401733, 162.654937744, 118.498855591, 70.3973770142, 46.4451522827, 24.9708747864, 12.4415826797, 2.25391602516, 0.105421446264, 0.00252968631685, 2.32209094975e-05, 2.14450057712e-08], "mean": [0.248312368989, 1.76858639717, 9.09477996826, 12.9088392258, 11.3700695038, 11.2100582123, 7.56107521057, 5.66553974152, 7.90113687515, 20.6297225952, 26.512090683, 44.4729156494, 80.7425079346, 22.4642791748, 21.2628383636, 15.1351852417, 22.9525756836, 22.8084716797, 30.3805885315, 35.2003707886, 33.794418335, 36.4455070496, 30.7454280853, 40.3399124146, 26.4329948425, 16.2590770721, 14.6954183578, 10.9261484146, 10.6404399872, 8.30627441406, 5.72387838364, 3.58490920067, 2.57036328316, 1.78062140942, 1.15829944611, 0.515987992287, 0.133156567812, 0.0217198710889, 0.00179195473902, 9.87758030533e-05]}, "spectral_strongpeak": {"dmean2": 0.859381496906, "median": 0.40506529808, "min": 0, "dvar2": 1.93828690052, "dvar": 0.792479157448, "dmean": 0.497109055519, "max": 11.3928613663, "var": 1.82571220398, "mean": 0.945110440254}, "spectral_energy": {"dmean2": 0.0232265908271, "median": 0.0317652523518, "min": 1.02199513696e-20, "dvar2": 0.00107187009417, "dvar": 0.00053966534324, "dmean": 0.0150007726625, "max": 0.208688020706, "var": 0.000954483635724, "mean": 0.0379805155098}, "average_loudness": 0.926508247852, "spectral_rolloff": {"dmean2": 1221.1652832, "median": 1378.125, "min": 21.533203125, "dvar2": 3492337.75, "dvar": 1644807.875, "dmean": 738.190551758, "max": 19552.1484375, "var": 4857103, "mean": 1850.25195312}, "spectral_centroid": {"dmean2": 477.767181396, "median": 1651.06713867, "min": 100.813575745, "dvar2": 267430.375, "dvar": 120491.9375, "dmean": 305.336303711, "max": 12068.9873047, "var": 816140.5, "mean": 1721.98022461}, "pitch_salience": {"dmean2": 0.109216436744, "median": 0.532831013203, "min": 0.0570627450943, "dvar2": 0.0097687644884, "dvar": 0.0039577819407, "dmean": 0.0683172643185, "max": 0.918738782406, "var": 0.0125947920606, "mean": 0.533539116383}, "spectral_energyband_middle_high": {"dmean2": 0.00271063693799, "median": 0.00492958398536, "min": 1.32725814487e-21, "dvar2": 1.17566505651e-05, "dvar": 5.40430983165e-06, "dmean": 0.00183010078035, "max": 0.0337552912533, "var": 3.25649234583e-05, "mean": 0.00641246186569}, "spectral_contrast_coeffs": {"dmean2": [0.0879328921437, 0.0819862559438, 0.0638023540378, 0.0512853264809, 0.0354584418237, 0.02951916866], "median": [-0.634903132915, -0.759559571743, -0.77911645174, -0.779423356056, -0.782633841038, -0.746221542358], "min": [-0.980883598328, -0.978259861469, -0.978100597858, -0.970014810562, -0.967640519142, -0.963013589382], "dvar2": [0.00552382320166, 0.0043690642342, 0.00271490006708, 0.0017005490372, 0.000807996199001, 0.000673824048135], "dvar": [0.00204609963112, 0.00171443540603, 0.00118463207036, 0.000736344081815, 0.000341419770848, 0.000282308115857], "dmean": [0.0531824044883, 0.0506345964968, 0.0408860445023, 0.0329781286418, 0.0224286392331, 0.018732117489], "max": [-0.289567142725, -0.380057752132, -0.462596237659, -0.541876673698, -0.584211528301, -0.5825958848], "var": [0.00665506580845, 0.00649031531066, 0.00873178429902, 0.00357210636139, 0.00173072505277, 0.00166640733369], "mean": [-0.63496363163, -0.748835265636, -0.755903244019, -0.7738956213, -0.782382309437, -0.751455187798]}, "melbands_skewness": {"dmean2": 1.49460184574, "median": 2.79544734955, "min": -2.41612267494, "dvar2": 2.62019777298, "dvar": 1.17473435402, "dmean": 0.965670228004, "max": 13.6689147949, "var": 3.77898430824, "mean": 3.16697955132}, "spectral_spread": {"dmean2": 817670.0625, "median": 4769230.5, "min": 1457542.625, "dvar2": 1311326208000.0, "dvar": 719609397248, "dmean": 570330.25, "max": 42404624, "var": 8857655967740.0, "mean": 5190023.5}, "dissonance": {"dmean2": 0.0218757465482, "median": 0.481114715338, "min": 0.253169864416, "dvar2": 0.000525216804817, "dvar": 0.00019954747404, "dmean": 0.0132136540487, "max": 0.500000119209, "var": 0.000508648925461, "mean": 0.474112004042}, "spectral_skewness": {"dmean2": 0.250475376844, "median": 1.26924955845, "min": -0.0730819404125, "dvar2": 0.0715063288808, "dvar": 0.0299036707729, "dmean": 0.157243475318, "max": 5.65305328369, "var": 0.116109490395, "mean": 1.28757691383}, "spectral_flux": {"dmean2": 0.0524994544685, "median": 0.0861179828644, "min": 6.41165037729e-11, "dvar2": 0.00325183919631, "dvar": 0.00164376618341, "dmean": 0.0339311473072, "max": 0.410802215338, "var": 0.00383289786987, "mean": 0.10066433996}, "spectral_contrast_valleys": {"dmean2": [0.676266372204, 0.67012155056, 0.562191128731, 0.497829020023, 0.399288982153, 0.412579625845], "median": [-6.66877985001, -6.88002538681, -7.36990833282, -7.41259288788, -6.82612133026, -9.4909696579], "min": [-28.2675743103, -27.7905044556, -27.5941371918, -27.6607246399, -27.4744491577, -27.4679775238], "dvar2": [0.36316922307, 0.335693687201, 0.249033465981, 0.221476316452, 0.200045317411, 0.27275711298], "dvar": [0.166187673807, 0.155094757676, 0.122827753425, 0.113222666085, 0.105026170611, 0.148468732834], "dmean": [0.431312024593, 0.420482248068, 0.364607512951, 0.334098488092, 0.270666629076, 0.298918634653], "max": [-5.03879022598, -4.7873673439, -5.50063514709, -5.58531665802, -5.05773115158, -7.09416818619], "var": [3.70195436478, 3.18076872826, 3.05194783211, 3.0057349205, 3.26546430588, 2.87893247604], "mean": [-7.04925727844, -7.12826538086, -7.61518621445, -7.6822013855, -7.18484830856, -9.81043624878]}, "erbbands_flatness_db": {"dmean2": 0.0238716956228, "median": 0.126577481627, "min": 0.0252014193684, "dvar2": 0.000533670361619, "dvar": 0.000273940357147, "dmean": 0.0166561026126, "max": 0.302961140871, "var": 0.00142893008888, "mean": 0.131931185722}, "spectral_energyband_high": {"dmean2": 0.000947739114054, "median": 0.000993855530396, "min": 6.9759234906e-21, "dvar2": 4.64116055809e-06, "dvar": 2.21233585762e-06, "dmean": 0.000622034247499, "max": 0.0289920326322, "var": 3.78744198315e-06, "mean": 0.0014108257601}, "spectral_entropy": {"dmean2": 0.200547143817, "median": 7.8195939064, "min": 5.05636978149, "dvar2": 0.0430749170482, "dvar": 0.0216122996062, "dmean": 0.136290669441, "max": 9.81568717957, "var": 0.130223527551, "mean": 7.79443693161}, "silence_rate_20dB": {"dmean2": 0, "median": 1, "min": 1, "dvar2": 0, "dvar": 0, "dmean": 0, "max": 1, "var": 0, "mean": 1}, "melbands_flatness_db": {"dmean2": 0.0449202731252, "median": 0.178323194385, "min": 0.00336101325229, "dvar2": 0.0019327995833, "dvar": 0.000887066882569, "dmean": 0.0293580833822, "max": 0.654558241367, "var": 0.00399567373097, "mean": 0.185113057494}, "barkbands": {"dmean2": [0.00167353847064, 0.00863110087812, 0.0125830238685, 0.00418142322451, 0.00337486341596, 0.00091813900508, 0.000830150907859, 0.00140002637636, 0.00147930625826, 0.0010023843497, 0.000493918545544, 0.000333113217494, 0.000459379254607, 0.000426356360549, 0.000563274137676, 0.000489728699904, 0.000561053166166, 0.000424613361247, 0.000530961726326, 0.000270583113888, 0.000256951636402, 0.000219791938434, 0.000177916532266, 0.000145652258652, 0.000165492543601, 0.000103009937447, 1.69231425389e-05], "median": [0.00016621001123, 0.00392454303801, 0.00556527310982, 0.00281931832433, 0.0022252779454, 0.000317140249535, 0.000257291772868, 0.000203586605494, 0.000286721682642, 0.000215197942453, 0.000135264766868, 0.000117163202958, 0.000172122570802, 0.000218110566493, 0.000309586263029, 0.000304476357996, 0.000503208197188, 0.000374736322556, 0.000565533642657, 0.000282048393274, 0.000225696378038, 0.000198766254471, 0.000126331826323, 7.59333051974e-05, 5.56031009182e-05, 2.38093925873e-05, 2.08139999813e-06], "min": [5.04559477891e-25, 2.72882862942e-24, 7.19904699951e-25, 1.12673239751e-24, 8.03527170513e-24, 4.22604895942e-24, 1.29104249996e-23, 8.75454324559e-24, 2.7172162419e-23, 1.61783948955e-23, 1.23980338093e-23, 3.32754751131e-23, 3.07768781027e-23, 2.66042772306e-23, 6.6112507646e-23, 6.43397289327e-23, 5.70190050689e-23, 9.58899116035e-23, 1.29527312944e-22, 1.93652629483e-22, 2.02257978621e-22, 3.44867722952e-22, 4.25931271521e-22, 6.33031518192e-22, 9.59841823749e-22, 1.38046114575e-21, 2.02966231826e-21], "dvar2": [2.10531452467e-05, 0.000284738780465, 0.000531214172952, 4.14520145569e-05, 2.74420181086e-05, 4.09411950386e-06, 4.26291808253e-06, 9.35036678129e-06, 1.28484552988e-05, 6.3141510509e-06, 1.70880525729e-06, 6.68433187911e-07, 1.33942160119e-06, 7.18098192465e-07, 1.09374195745e-06, 9.79615151664e-07, 6.44687247586e-07, 3.57171217047e-07, 4.69359179078e-07, 1.56338913371e-07, 2.5682101068e-07, 2.16449578261e-07, 2.464541069e-07, 2.13893514456e-07, 3.41433121775e-07, 7.70448451703e-08, 1.49275658501e-09], "dvar": [8.69648010848e-06, 0.000136449103593, 0.000188451740541, 1.5474826796e-05, 1.03665352071e-05, 1.61438970281e-06, 1.66348991115e-06, 4.11085738961e-06, 5.55091537535e-06, 3.14107751365e-06, 7.29250302811e-07, 2.75479152378e-07, 5.57104613108e-07, 2.99366007539e-07, 4.80516064272e-07, 4.51000175872e-07, 2.71520178785e-07, 1.61580857139e-07, 1.94409139453e-07, 6.20478530777e-08, 1.10884812443e-07, 9.48597218553e-08, 1.06758122342e-07, 9.97561855343e-08, 1.52843128376e-07, 3.7597782665e-08, 6.06788619351e-10], "dmean": [0.0010310432408, 0.0057474328205, 0.00714374752715, 0.00242876028642, 0.00204273802228, 0.00055242551025, 0.000502595386934, 0.000881729531102, 0.000956466363277, 0.000680436147377, 0.00032104892307, 0.000207643388421, 0.000284236040898, 0.000268197793048, 0.000359182507964, 0.000316631165333, 0.000351702125045, 0.000273163284874, 0.000332725088811, 0.000164028286235, 0.000157142218086, 0.000138325660373, 0.000114262707939, 9.62217964116e-05, 0.000108953550807, 6.81811725372e-05, 1.00504685179e-05], "max": [0.0251412801445, 0.102504827082, 0.125548750162, 0.0532968007028, 0.0562295019627, 0.0260760188103, 0.0288576167077, 0.0313622392714, 0.0452887713909, 0.0411082580686, 0.0223179850727, 0.0139239700511, 0.0228977818042, 0.0150249134749, 0.0160054042935, 0.0248733591288, 0.0157018173486, 0.0082300119102, 0.00837857369334, 0.00481754727662, 0.00836271326989, 0.00894695147872, 0.0071629951708, 0.00751300528646, 0.0134682059288, 0.00567006599158, 0.000525083451066], "var": [7.43417785998e-06, 0.000178614354809, 0.000159412200446, 1.84141063073e-05, 1.37672113851e-05, 1.68752262653e-06, 2.24211703426e-06, 8.20824334369e-06, 1.86673405551e-05, 3.23506028508e-05, 1.57160263825e-06, 4.81780944028e-07, 1.72619172645e-06, 7.46080388581e-07, 1.28813246647e-06, 1.0917859754e-06, 5.96889208282e-07, 3.57032064358e-07, 4.58711866713e-07, 1.03100560978e-07, 1.58968802566e-07, 1.47666426642e-07, 1.49197134647e-07, 1.57620220875e-07, 2.1325762134e-07, 5.46967555692e-08, 6.45665187982e-10], "mean": [0.000886292546056, 0.00800529960543, 0.00891380850226, 0.0038757766597, 0.00332189444453, 0.000694851740263, 0.000680445460603, 0.00127278093714, 0