{"tonal": {"thpcp": [1, 0.766126215458, 0.388132452965, 0.21716992557, 0.159665748477, 0.183558255434, 0.278468251228, 0.313679307699, 0.436703383923, 0.661459505558, 0.526184737682, 0.276005834341, 0.262831807137, 0.289848357439, 0.389182299376, 0.55620521307, 0.487040549517, 0.277583062649, 0.212727472186, 0.267028927803, 0.419672101736, 0.602117657661, 0.592226088047, 0.568949043751, 0.597253859043, 0.38399079442, 0.21131901443, 0.242324650288, 0.230249673128, 0.230898335576, 0.375093728304, 0.380697071552, 0.226018309593, 0.175016283989, 0.269470661879, 0.669581055641], "hpcp": {"dmean2": [0.310146152973, 0.295693814754, 0.221011653543, 0.201707527041, 0.248293161392, 0.296450346708, 0.346787691116, 0.362886279821, 0.327876985073, 0.293337881565, 0.234637349844, 0.171310693026, 0.169001325965, 0.176581799984, 0.164248228073, 0.195302799344, 0.21333283186, 0.181144267321, 0.167857900262, 0.234031096101, 0.379075974226, 0.424575388432, 0.347860902548, 0.281156569719, 0.210352107882, 0.157437101007, 0.150003448129, 0.169612780213, 0.203050747514, 0.247876107693, 0.271551549435, 0.267140626907, 0.229675412178, 0.227946430445, 0.243663325906, 0.276443511248], "median": [0.0569408461452, 0.0576040484011, 0.026838067919, 0.0135479476303, 0.0176640395075, 0.0427638739347, 0.0970596149564, 0.111065745354, 0.0854570269585, 0.0498284511268, 0.0354981645942, 0.0239107590169, 0.024067260325, 0.023764744401, 0.0306541733444, 0.0630429908633, 0.0589868687093, 0.027188276872, 0.0148132964969, 0.0305520426482, 0.140214174986, 0.256065994501, 0.179967388511, 0.0597704164684, 0.017840411514, 0.0107359020039, 0.0138397989795, 0.0217746160924, 0.0307025313377, 0.0700928643346, 0.0986828505993, 0.0810768976808, 0.0329936258495, 0.0230124741793, 0.0239148326218, 0.0309074297547], "min": [0, 0, 0, 0, 0, 0, 0, 0, 0, 0, 0, 0, 0, 0, 0, 0, 0, 0, 0, 0, 0, 0, 0, 0, 0, 0, 0, 0, 0, 0, 0, 0, 0, 0, 0, 0], "dvar2": [0.155431881547, 0.149803489447, 0.120683960617, 0.127764195204, 0.148031949997, 0.159059718251, 0.175707623363, 0.171106353402, 0.159877747297, 0.151712849736, 0.118491835892, 0.0849476233125, 0.0928524434566, 0.0999875813723, 0.0794781669974, 0.0841775983572, 0.0987906754017, 0.0990572199225, 0.102695077658, 0.112310014665, 0.145784765482, 0.155906483531, 0.121116764843, 0.130142137408, 0.114252686501, 0.0923813655972, 0.0753852576017, 0.081991404295, 0.101859115064, 0.108038075268, 0.114938348532, 0.114223331213, 0.107378035784, 0.122267208993, 0.130945518613, 0.135720402002], "dvar": [0.063901014626, 0.0575919635594, 0.0440670996904, 0.0464806258678, 0.0541093535721, 0.0587772317231, 0.0639894604683, 0.0621700324118, 0.0591742321849, 0.0596013516188, 0.0436329096556, 0.030796052888, 0.0341441072524, 0.0348268672824, 0.0286669973284, 0.0320386365056, 0.0379475951195, 0.0353643074632, 0.0362527295947, 0.040345273912, 0.0572638772428, 0.0658785328269, 0.048417545855, 0.0487622432411, 0.0407728552818, 0.0326465293765, 0.0269985049963, 0.0317767970264, 0.0384449325502, 0.0399189069867, 0.046688336879, 0.0444393642247, 0.0386214703321, 0.0437526740134, 0.0476994328201, 0.0521975979209], "dmean": [0.178136453032, 0.168668955564, 0.123057030141, 0.109954148531, 0.135523453355, 0.16548243165, 0.196452111006, 0.205606579781, 0.186999946833, 0.165681421757, 0.132689461112, 0.0947778820992, 0.0954579412937, 0.097810678184, 0.0926110744476, 0.115003198385, 0.123896591365, 0.100083701313, 0.0903903841972, 0.129135131836, 0.222351789474, 0.25299680233, 0.207831457257, 0.158873081207, 0.113966882229, 0.0846208035946, 0.0825296491385, 0.0969932898879, 0.115314587951, 0.143423870206, 0.159532174468, 0.156743779778, 0.126015365124, 0.125425949693, 0.13524402678, 0.156009718776], "max": [1, 1, 1, 1, 1, 1, 1, 1, 1, 1, 1, 1, 1, 1, 1, 1, 1, 1, 1, 1, 1, 1, 1, 1, 1, 1, 1, 1, 1, 1, 1, 1, 1, 1, 1, 1], "var": [0.0918614417315, 0.0716517046094, 0.0387295112014, 0.0346358679235, 0.0424546413124, 0.0612834356725, 0.0823964700103, 0.0705198422074, 0.0750693380833, 0.1052922979, 0.0525545030832, 0.0239308103919, 0.0333531238139, 0.029602734372, 0.0246340502053, 0.0420588292181, 0.0461285449564, 0.0271900799125, 0.0239662583917, 0.0322521664202, 0.0779686048627, 0.120189756155, 0.0827794149518, 0.0462177321315, 0.0293578263372, 0.0222721006721, 0.0228491704911, 0.0410992763937, 0.0437462702394, 0.0497308783233, 0.0970810353756, 0.0676998570561, 0.0312838107347, 0.0349173992872, 0.0404007919133, 0.0593601167202], "mean": [0.2110709548, 0.184824064374, 0.105338312685, 0.0807266607881, 0.10133318603, 0.159258827567, 0.228493973613, 0.224740281701, 0.215907022357, 0.226648241282, 0.145718336105, 0.0801921710372, 0.0919583141804, 0.0873760506511, 0.0876222103834, 0.142342045903, 0.144468426704, 0.085770316422, 0.0664158686996, 0.102259784937, 0.254095256329, 0.379483938217, 0.290732592344, 0.147290036082, 0.0824124962091, 0.0605905875564, 0.069657407701, 0.105674229562, 0.119036257267, 0.165721923113, 0.251013249159, 0.199678659439, 0.104739777744, 0.0997404456139, 0.109992794693, 0.147688433528]}, "tuning_equal_tempered_deviation": 0.148006215692, "chords_changes_rate": 0.0659078359604, "key_key": "E", "tuning_diatonic_strength": 0.559502959251, "key_scale": "minor", "chords_number_rate": 0.00146869837772, "tuning_frequency": 437.465789795, "tuning_nontempered_energy_ratio": 0.845306873322, "chords_histogram": [22.6913890839, 4.51624727249, 2.93739676476, 3.06590795517, 0, 7.56379652023, 0, 8.29814529419, 0.0734349191189, 0, 0, 0, 0, 0, 0, 0, 0.257022202015, 0, 0, 0.0367174595594, 0.0183587297797, 0.495685696602, 24.8026428223, 25.2432537079], "key_strength": 0.734419941902, "chords_key": "C", "chords_strength": {"dmean2": 0.0127733740956, "median": 0.557328402996, "min": -1, "dvar2": 0.000799472210929, "dvar": 0.00043816602556, "dmean": 0.011979687959, "max": 0.846352159977, "var": 0.018442099914, "mean": 0.550633847713}, "chords_scale": "major", "hpcp_entropy": {"dmean2": 1.03457808495, "median": 2.24310326576, "min": 0, "dvar2": 0.670942485332, "dvar": 0.240341126919, "dmean": 0.607752263546, "max": 4.50126314163, "var": 0.512661159039, "mean": 2.20622611046}}, "metadata": {"audio_properties": {"equal_loudness": 0, "codec": "flac", "downmix": "mix", "analysis_sample_rate": 44100, "bit_rate": 0, "md5_encoded": "1add7343bc7b7bf38c3f4c6954d64b42", "length": 252.906661987, "replay_gain": -12.216047287, "lossless": true}, "version": {"essentia_build_sha": "ed039d7e5a6e3dec64cf0be7c36ef885fb432306", "essentia": "2.1-beta1", "extractor": "music 1.0", "essentia_git_sha": "v2.1_beta1-7-ge0e83e8"}, "tags": {"title": ["Ladder"], "barcode": ["731452669926"], "media": ["CD"], "albumartist": ["Joan Osborne"], "language": ["eng"], "releasetype": ["album"], "musicbrainz_recordingid": ["0eb34bbe-1154-483d-8e6a-0d9a11c3a91d"], "mood": ["Intense; Sexy; Mellow"], "artistsort": ["Osborne, Joan"], "musicbrainz_albumartistid": ["746916c9-fd36-44e6-823d-03185e596f58"], "replaygain_track_gain": ["-7.52 dB"], "writer": ["Rick Chertoff", "Joan Osborne", "Rob Hyman", "Eric Bazilian"], "isrc": ["USPR39500201"], "date": ["1996-02-26"], "disctotal": ["1"], "musicbrainz_albumid": ["cf2d4879-5b57-446c-a344-73edc2c953ee"], "musicbrainz_workid": ["f853be1f-8ecd-457d-b546-186c72a1f8e8"], "artist": ["Joan Osborne"], "label": ["Blue Gorilla", "Mercury"], "musicbrainz_artistid": ["746916c9-fd36-44e6-823d-03185e596f58"], "totaltracks": ["12"], "tracktotal": ["12"], "replaygain_track_peak": ["0.999969"], "replaygain_album_peak": ["0.999969"], "originalyear": ["1996"], "work": ["Ladder"], "discnumber": ["1"], "album": ["Relish"], "catalognumber": ["526 699-2"], "releasecountry": ["GB"], "genre": ["Alternative Rock"], "replaygain_album_gain": ["-6.83 dB"], "artists": ["Joan Osborne"], "file_name": "07 Ladder.flac", "acoustid_id": ["26f36bb3-2d79-4a46-8e55-6ec18e849561"], "discsubtitle": ["Relish"], "script": ["Latn"], "originaldate": ["1995"], "grouping": ["Rock"], "musicbrainz_releasetrackid": ["29a869eb-9cd5-3887-a107-bea44ed9eb76"], "tracknumber": ["7"], "musicbrainz_releasegroupid": ["6c9c1c47-e34a-3eab-9ea5-1ce8cd875b41"], "albumartistsort": ["Osborne, Joan"], "totaldiscs": ["1"], "releasestatus": ["official"]}}, "rhythm": {"bpm_histogram_first_peak_bpm": {"dmean2": 0, "median": 88, "min": 88, "dvar2": 0, "dvar": 0, "dmean": 0, "max": 88, "var": 0, "mean": 88}, "bpm": 86.7916412354, "bpm_histogram_second_peak_spread": {"dmean2": 0, "median": 0, "min": 0, "dvar2": 0, "dvar": 0, "dmean": 0, "max": 0, "var": 0, "mean": 0}, "bpm_histogram_first_peak_weight": {"dmean2": 0, "median": 0.489010989666, "min": 0.489010989666, "dvar2": 0, "dvar": 0, "dmean": 0, "max": 0.489010989666, "var": 0, "mean": 0.489010989666}, "onset_rate": 3.37651705742, "beats_position": [0.719818592072, 1.42802715302, 2.14784574509, 2.85605430603, 3.56426286697, 4.28408145905, 5.01551008224, 5.73532867432, 6.44353723526, 7.14013576508, 7.84834432602, 8.54494285583, 9.24154186249, 9.92653083801, 10.6115188599, 11.3081178665, 11.9931058884, 12.6780948639, 13.3746938705, 14.0596818924, 14.7446708679, 15.4412698746, 16.1378688812, 16.8228569031, 17.5078449249, 18.2044448853, 18.8894329071, 19.5860309601, 20.2710208893, 20.9676189423, 21.6526069641, 22.3375968933, 23.0341949463, 23.7307929993, 24.4157810211, 25.1007709503, 25.7973690033, 26.4939670563, 27.1789569855, 27.8639450073, 28.5489330292, 29.2455329895, 29.9305210114, 30.6271190643, 31.3237190247, 32.0087051392, 32.6936950684, 33.3902931213, 34.0752830505, 34.7718811035, 35.4568710327, 36.1418571472, 36.8268470764, 37.5234451294, 38.2084350586, 38.8934249878, 39.5784111023, 40.2750091553, 40.9599990845, 41.6565971375, 42.3415870667, 43.0265769958, 43.7115631104, 44.4081611633, 45.0931510925, 45.7897491455, 46.4863471985, 47.1829452515, 47.8679351807, 48.5529251099, 49.2379112244, 49.9229011536, 50.6078910828, 51.2928771973, 51.9662590027, 52.6512451172, 53.3362350464, 54.0328330994, 54.7294311523, 55.4260292053, 56.122631073, 56.819229126, 57.5042152405, 58.1892051697, 58.8858032227, 59.5824012756, 60.2673912048, 60.952381134, 61.648979187, 62.34557724, 63.0305671692, 63.7155532837, 64.4121551514, 65.1087493896, 65.7937393188, 66.478729248, 67.1637191772, 67.8603134155, 68.5453033447, 69.2186813354, 69.9152832031, 70.6118774414, 71.2968673706, 71.9818572998, 72.6784591675, 73.3750534058, 74.060043335, 74.7450332642, 75.4416275024, 76.1382293701, 76.8116073608, 77.5082092285, 78.1931991577, 78.889793396, 79.5863952637, 80.2713851929, 80.9563674927, 81.6413574219, 82.3379592896, 83.0229492188, 83.7079315186, 84.4045333862, 85.0895233154, 85.7745132446, 86.4711074829, 87.1677093506, 87.8526992798, 88.537689209, 89.2342834473, 89.9308853149, 90.6158676147, 91.3008575439, 91.9858474731, 92.6708374023, 93.36743927, 94.0640335083, 94.7490234375, 95.4340133667, 96.1190032959, 96.8039855957, 97.5005874634, 98.1855773926, 98.8705673218, 99.5671615601, 100.263763428, 100.960357666, 101.645347595, 102.330337524, 103.015327454, 103.711929321, 104.396911621, 105.093513489, 105.790107727, 106.475097656, 107.160087585, 107.856689453, 108.541679382, 109.238273621, 109.92326355, 110.619865417, 111.304847717, 111.989837646, 112.674827576, 113.359817505, 114.056411743, 114.741401672, 115.426391602, 116.122993469, 116.819587708, 117.516189575, 118.212783813, 118.897773743, 119.582763672, 120.27936554, 120.964347839, 121.649337769, 122.334327698, 123.019317627, 123.715919495, 124.412513733, 125.109115601, 125.805709839, 126.490699768, 127.175689697, 127.872291565, 128.568893433, 129.253875732, 129.938858032, 130.635467529, 131.332061768, 132.017044067, 132.702041626, 133.387023926, 134.083618164, 134.768615723, 135.453598022, 136.138595581, 136.835189819, 137.520172119, 138.205169678, 138.901763916, 139.598358154, 140.294967651, 140.99156189, 141.688156128, 142.384765625, 143.069747925, 143.754730225, 144.428115845, 145.124710083, 145.809707642, 146.494689941, 147.19128418, 147.887893677, 148.584487915, 149.269470215, 149.954467773, 150.651062012, 151.34765625, 152.032653809, 152.717636108, 153.414230347, 154.110839844, 154.807434082, 155.492416382, 156.17741394, 156.86239624, 157.547393799, 158.243988037, 158.940582275, 159.637191772, 160.322174072, 161.007156372, 161.703765869, 162.400360107, 163.085342407, 163.781951904, 164.466934204, 165.151931763, 165.836914062, 166.533508301, 167.230117798, 167.915100098, 168.600082397, 169.296691895, 169.993286133, 170.678268433, 171.363265991, 172.048248291, 172.744842529, 173.429840088, 174.126434326, 174.811431885, 175.496414185, 176.193008423, 176.88961792, 177.586212158, 178.282806396, 178.967803955, 179.652786255, 180.349380493, 181.034378052, 181.719360352, 182.41595459, 183.112564087, 183.809158325, 184.494140625, 185.179138184, 185.864120483, 186.549118042, 187.24571228, 187.942306519, 188.638900757, 189.335510254, 190.020492554, 190.705490112, 191.402084351, 192.098678589, 192.783676147, 193.480270386, 194.165252686, 194.861862183, 195.558456421, 196.255050659, 196.940048218, 197.625030518, 198.321624756, 199.018234253, 199.703216553, 200.388198853, 201.08480835, 201.781402588, 202.466384888, 203.162994385, 203.847976685, 204.544570923, 205.229568481, 205.92616272, 206.611160278, 207.307754517, 208.004348755, 208.689331055, 209.374328613, 210.070922852, 210.76751709, 211.464126587, 212.149108887, 212.834106445, 213.530700684, 214.227294922, 214.92388916, 215.620498657, 216.305480957, 216.990478516, 217.675460815, 218.360443115, 219.057052612, 219.753646851, 220.450241089, 221.146850586, 221.843444824, 222.540039062, 223.225036621, 223.910018921, 224.595001221, 225.279998779, 225.964981079, 226.661590576, 227.346572876, 228.043167114, 228.739776611, 229.43637085, 230.121353149, 230.817947388, 231.502944946, 232.199539185, 232.884536743, 233.581130981, 234.266113281, 234.962722778, 235.647705078, 236.344299316, 237.029296875, 237.725891113, 238.422485352, 239.119094849, 239.815689087, 240.500671387, 241.185668945, 241.882263184, 242.578857422, 243.275466919, 243.972061157, 244.668655396, 245.376861572, 246.085067749, 246.793289185, 247.501495361, 248.221313477, 248.941131592, 249.660949707, 250.276275635, 250.879989624, 251.495330811, 252.110656738], "beats_loudness": {"dmean2": 0.0281870551407, "median": 0.0432729758322, "min": 3.82081810635e-10, "dvar2": 0.000611650117207, "dvar": 0.000205344593269, "dmean": 0.0170131232589, "max": 0.0993060916662, "var": 0.000432270462625, "mean": 0.0422727651894}, "danceability": 1.33056151867, "bpm_histogram_second_peak_weight": {"dmean2": 0, "median": 0.0192307699472, "min": 0.0192307699472, "dvar2": 0, "dvar": 0, "dmean": 0, "max": 0.0192307699472, "var": 0, "mean": 0.0192307699472}, "beats_count": 365, "bpm_histogram_second_peak_bpm": {"dmean2": 0, "median": 83, "min": 83, "dvar2": 0, "dvar": 0, "dmean": 0, "max": 83, "var": 0, "mean": 83}, "bpm_histogram_first_peak_spread": {"dmean2": 0, "median": 0.495750725269, "min": 0.495750725269, "dvar2": 0, "dvar": 0, "dmean": 0, "max": 0.495750725269, "var": 0, "mean": 0.495750725269}, "beats_loudness_band_ratio": {"dmean2": [0.569075584412, 0.142914623022, 0.215156257153, 0.195193856955, 0.121357932687, 0.178896278143], "median": [0.572057783604, 0.0730630457401, 0.058072693646, 0.0591787658632, 0.0579291693866, 0.0365096107125], "min": [0.000438072893303, 0.000399042444769, 0.000721723132301, 0.000633800518699, 0.000500478199683, 0.000119102820463], "dvar2": [0.108994349837, 0.0160437878221, 0.0538118518889, 0.056478921324, 0.0114866644144, 0.0116529203951], "dvar": [0.034053504467, 0.00545744830742, 0.0171605627984, 0.0180189013481, 0.00427901325747, 0.00367484870367], "dmean": [0.295224696398, 0.079424507916, 0.118288032711, 0.10872707516, 0.0651293098927, 0.0913151651621], "max": [0.987012803555, 0.445629715919, 0.703962266445, 0.828900873661, 0.612649559975, 0.767443656921], "var": [0.0615105889738, 0.00571931246668, 0.0183698218316, 0.0200104154646, 0.00542220519856, 0.0103500755504], "mean": [0.572225093842, 0.0933812186122, 0.113335676491, 0.117306478322, 0.0748900398612, 0.0698758512735]}}, "lowlevel": {"barkbands_spread": {"dmean2": 8.48083686829, "median": 19.2346115112, "min": 0.409406542778, "dvar2": 102.697471619, "dvar": 44.9758872986, "dmean": 5.52191209793, "max": 139.469512939, "var": 256.007202148, "mean": 22.1120185852}, "melbands_spread": {"dmean2": 11.3110151291, "median": 21.0192813873, "min": 0.413503825665, "dvar2": 195.685134888, "dvar": 78.4109649658, "dmean": 7.22994422913, "max": 203.952972412, "var": 386.250793457, "mean": 24.5626907349}, "hfc": {"dmean2": 7.06465864182, "median": 14.6940765381, "min": 1.03300386156e-16, "dvar2": 123.639442444, "dvar": 63.4047546387, "dmean": 5.08444404602, "max": 173.801925659, "var": 309.372833252, "mean": 20.2453117371}, "barkbands_kurtosis": {"dmean2": 6.55636501312, "median": 1.0716933012, "min": -1.92476010323, "dvar2": 446.435302734, "dvar": 165.586883545, "dmean": 4.01512050629, "max": 493.826080322, "var": 232.972290039, "mean": 4.7163901329}, "gfcc": {"mean": [-21.2648220062, 101.953010559, -118.03918457, 29.2545967102, -40.0438232422, 11.7863664627, -32.6906890869, 8.34146308899, -22.7616500854, -4.02497577667, -14.5416851044, -6.10053825378, -11.4071369171], "icov": [[0.000340323313139, -0.000748411810491, 0.000761184026487, -0.000887743139174, 0.000826997449622, -0.00115282728802, 0.000639333506115, -0.000979671836831, 0.000882291526068, -0.000656274030916, 0.000807684205938, -0.000696532952134, 0.000938800512813], [-0.000748411810491, 0.00267493794672, -0.001469150302, 0.00178505619988, -0.00237887678668, 0.00269424240105, -0.00128483248409, 0.00259333057329, -0.00245622894727, 0.00239459401928, -0.00272846058942, 0.00249099754728, -0.00255578500219], [0.000761184026487, -0.001469150302, 0.00346779078245, -0.00259411148727, 0.00155009876471, -0.0030171344988, 0.00148857932072, -0.00221723713912, 0.00102450372651, -0.00179835606832, 0.00187213730533, -0.00272456835955, 0.00252536102198], [-0.000887743139174, 0.00178505619988, -0.00259411148727, 0.00472753215581, -0.00102613435593, 0.00273790187202, -0.0018573848065, 0.00273625040427, -0.00273398775607, 0.00134220614564, -0.00283777154982, 0.002190023195, -0.00296761165373], [0.000826997449622, -0.00237887678668, 0.00155009876471, -0.00102613435593, 0.00754720810801, -0.00322105968371, 0.000295639416436, -0.00241838954389, 0.000401298631914, -0.00144038524013, 0.00117972341832, -0.00222458294593, 0.00144694384653], [-0.00115282728802, 0.00269424240105, -0.0030171344988, 0.00273790187202, -0.00322105968371, 0.00905861519277, -0.00367507315241, 0.00345985800959, -0.00315048848279, 0.00190948776435, -0.00362620945089, 0.00215566018596, -0.00271017570049], [0.000639333506115, -0.00128483248409, 0.00148857932072, -0.0018573848065, 0.000295639416436, -0.00367507315241, 0.00749735627323, -0.00185234379023, 0.00245081400499, -0.00105602026451, 0.000465824850835, -0.000263767113211, 0.000550526485313], [-0.000979671836831, 0.00259333057329, -0.00221723713912, 0.00273625040427, -0.00241838954389, 0.00345985800959, -0.00185234379023, 0.0106406109408, -0.00470058294013, 0.00328528042883, -0.00246161338873, 0.00381332938559, -0.00600495841354], [0.000882291526068, -0.00245622894727, 0.00102450372651, -0.00273398775607, 0.000401298631914, -0.00315048848279, 0.00245081400499, -0.00470058294013, 0.0128913884982, -0.00361816445366, 0.00451310677454, -0.0032852885779, 0.00278062629513], [-0.000656274030916, 0.00239459401928, -0.00179835606832, 0.00134220614564, -0.00144038524013, 0.00190948776435, -0.00105602026451, 0.00328528042883, -0.00361816445366, 0.0145242335275, -0.00821338407695, 0.00444953376427, -0.00274177780375], [0.000807684205938, -0.00272846058942, 0.00187213730533, -0.00283777154982, 0.00117972341832, -0.00362620945089, 0.000465824850835, -0.00246161338873, 0.00451310677454, -0.00821338407695, 0.0165857803077, -0.00634664017707, 0.00428218580782], [-0.000696532952134, 0.00249099754728, -0.00272456835955, 0.002190023195, -0.00222458294593, 0.00215566018596, -0.000263767113211, 0.00381332938559, -0.0032852885779, 0.00444953376427, -0.00634664017707, 0.0175211261958, -0.00730987079442], [0.000938800512813, -0.00255578500219, 0.00252536102198, -0.00296761165373, 0.00144694384653, -0.00271017570049, 0.000550526485313, -0.00600495841354, 0.00278062629513, -0.00274177780375, 0.00428218580782, -0.00730987079442, 0.0206179283559]], "cov": [[18423.2617188, 2133.16015625, -1400.56835938, 1172.08459473, -710.425964355, 382.394805908, -290.151397705, 115.068519592, -311.236877441, -1.3826290369, 8.26433467865, -209.891921997, -127.153633118], [2133.16015625, 1252.59851074, -161.370834351, 3.44872498512, 132.450622559, -36.9050521851, 10.148812294, -30.5702953339, 34.6100616455, -56.3350639343, 38.1720314026, -48.6101264954, 17.7610969543], [-1400.56835938, -161.370834351, 795.01348877, 211.214736938, 35.1925697327, 106.825386047, 16.636423111, 5.0523519516, 90.1578826904, 54.2436714172, 38.9207801819, 73.1532745361, 2.29946613312], [1172.08459473, 3.44872498512, 211.214736938, 537.886901855, -76.1765289307, 56.4959106445, 14.9677715302, -15.1858739853, 24.4170684814, 48.8336372375, 46.9861907959, 9.17882919312, 3.25452065468], [-710.425964355, 132.450622559, 35.1925697327, -76.1765289307, 246.000793457, 32.6907615662, 50.3420219421, 11.8017530441, 43.2366218567, -1.93237185478, 18.0570430756, 16.1865615845, 18.5181121826], [382.394805908, -36.9050521851, 106.825386047, 56.4959106445, 32.6907615662, 238.860305786, 66.2579956055, -8.73519325256, 11.2369594574, 28.8114185333, 37.177570343, 14.9813451767, -2.24314308167], [-290.151397705, 10.148812294, 16.636423111, 14.9677715302, 50.3420219421, 66.2579956055, 192.168243408, -0.0746429488063, -6.92483949661, 11.8332557678, 26.3747310638, -1.18081843853, 11.2208766937], [115.068519592, -30.5702953339, 5.0523519516, -15.1858739853, 11.8017530441, -8.73519325256, -0.0746429488063, 153.976806641, 31.3413925171, -16.8027248383, -19.3927288055, -5.02587747574, 26.8222618103], [-311.236877441, 34.6100616455, 90.1578826904, 24.4170684814, 43.2366218567, 11.2369594574, -6.92483949661, 31.3413925171, 124.089050293, 8.60216140747, -7.86941766739, 12.9828491211, 9.33531284332], [-1.3826290369, -56.3350639343, 54.2436714172, 48.8336372375, -1.93237185478, 28.8114185333, 11.8332557678, -16.8027248383, 8.60216140747, 110.658218384, 50.3588943481, 0.130238965154, -4.68016433716], [8.26433467865, 38.1720314026, 38.9207801819, 46.9861907959, 18.0570430756, 37.177570343, 26.3747310638, -19.3927288055, -7.86941766739, 50.3588943481, 109.182952881, 21.1101341248, -3.81552100182], [-209.891921997, -48.6101264954, 73.1532745361, 9.17882919312, 16.1865615845, 14.9813451767, -1.18081843853, -5.02587747574, 12.9828491211, 0.130238965154, 21.1101341248, 85.3072280884, 19.4202442169], [-127.153633118, 17.7610969543, 2.29946613312, 3.25452065468, 18.5181121826, -2.24314308167, 11.2208766937, 26.8222618103, 9.33531284332, -4.68016433716, -3.81552100182, 19.4202442169, 68.3938751221]]}, "spectral_energyband_middle_low": {"dmean2": 0.00687419017777, "median": 0.00961123220623, "min": 2.23569945811e-22, "dvar2": 8.99942897377e-05, "dvar": 3.49022848241e-05, "dmean": 0.00426293723285, "max": 0.0791519135237, "var": 8.52701923577e-05, "mean": 0.0114384042099}, "melbands_crest": {"dmean2": 5.88966798782, "median": 13.5818891525, "min": 1.62440824509, "dvar2": 23.8132953644, "dvar": 9.53948307037, "dmean": 3.64391160011, "max": 31.8129081726, "var": 25.1147632599, "mean": 14.2785053253}, "spectral_kurtosis": {"dmean2": 2.85129213333, "median": 5.30350351334, "min": -1.28323507309, "dvar2": 13.1932106018, "dvar": 5.09143733978, "dmean": 1.7363114357, "max": 59.2793235779, "var": 26.9363021851, "mean": 6.15472745895}, "spectral_rms": {"dmean2": 0.00120661826804, "median": 0.00525177223608, "min": 3.16719979236e-12, "dvar2": 1.84278064808e-06, "dvar": 8.24924882181e-07, "dmean": 0.000808955344837, "max": 0.010900198482, "var": 4.3539721446e-06, "mean": 0.00501975836232}, "zerocrossingrate": {"dmean2": 0.010064933449, "median": 0.04736328125, "min": 0.00341796875, "dvar2": 0.000138473042171, "dvar": 0.000113018591946, "dmean": 0.00875315442681, "max": 0.5302734375, "var": 0.00404714187607, "mean": 0.0594386160374}, "silence_rate_60dB": {"dmean2": 0.0157928559929, "median": 0, "min": 0, "dvar2": 0.0177470967174, "dvar": 0.00783336069435, "dmean": 0.00789570342749, "max": 1, "var": 0.0854663550854, "mean": 0.0943725332618}, "erbbands_kurtosis": {"dmean2": 1.30429387093, "median": -0.33797544241, "min": -1.73547720909, "dvar2": 5.08226060867, "dvar": 2.09188175201, "dmean": 0.82508713007, "max": 41.553653717, "var": 4.61712026596, "mean": 0.321174025536}, "erbbands": {"dmean2": [0.228374913335, 2.39955759048, 4.97163534164, 10.276175499, 10.9224805832, 6.90651416779, 7.72793245316, 9.14822769165, 11.9312381744, 12.1561450958, 15.7250795364, 27.9813671112, 29.0166072845, 29.5056190491, 22.2030849457, 22.6787662506, 41.6592178345, 33.2125282288, 27.0705680847, 28.4095172882, 21.7136878967, 16.8194961548, 15.4292984009, 17.7156639099, 8.93862628937, 15.16310215, 11.1842889786, 4.07128190994, 2.99036216736, 2.33621907234, 1.76908755302, 1.38123548031, 0.816581487656, 0.431536972523, 0.180772587657, 0.0691743418574, 0.0183164123446, 0.00317409774289, 0.000287806557026, 2.26694082812e-05], "median": [0.053805809468, 0.559579372406, 2.38912343979, 6.42287254333, 7.05032920837, 4.91444253922, 4.93090772629, 5.97995948792, 6.14726161957, 7.24896335602, 7.43989992142, 10.5561733246, 8.17269706726, 10.3357973099, 11.2950620651, 15.0739002228, 12.2214899063, 12.0842514038, 12.5903100967, 14.3264722824, 14.426940918, 12.4681005478, 10.2734107971, 8.73467922211, 4.60241317749, 4.79250144958, 3.03044509888, 1.05290353298, 0.658377408981, 0.551837980747, 0.609473645687, 0.49365016818, 0.244127884507, 0.12611861527, 0.0510638132691, 0.0183249395341, 0.00492781400681, 0.00106005358975, 0.000140669668326, 4.26258484367e-05], "min": [1.36594307587e-22, 1.25296213934e-21, 3.99073569254e-21, 1.40634226598e-20, 3.05680944142e-20, 7.41811178941e-20, 1.00515899035e-19, 8.95501918364e-20, 1.37825854715e-19, 1.65376552582e-19, 1.90758460431e-19, 4.58946118528e-19, 4.2731062185e-19, 9.57430126167e-19, 1.31322129054e-18, 1.64014261076e-18, 1.96495741216e-18, 2.09765165807e-18, 2.33390229923e-18, 3.38027171204e-18, 5.00233380897e-18, 5.55594718139e-18, 7.97302187083e-18, 7.41423986036e-18, 8.25734618124e-18, 1.05416831978e-17, 9.96361298979e-18, 1.21202200849e-17, 1.14864326452e-17, 1.1565865145e-17, 1.35636610071e-17, 1.1275858931e-17, 1.27071444341e-17, 8.61528129436e-18, 7.49493298347e-18, 4.306829183e-18, 2.18657502149e-18, 1.07223131806e-18, 2.80613862526e-19, 2.73035679656e-20], "dvar2": [0.16866569221, 21.4275112152, 85.9800949097, 268.206970215, 289.395904541, 108.247589111, 161.836807251, 425.76449585, 1013.87548828, 1002.14312744, 2301.74462891, 4905.19677734, 9017.76855469, 8715.18164062, 4270.0546875, 4282.23779297, 16185.2578125, 7592.94970703, 6977.11279297, 4840.00830078, 2778.67602539, 1742.046875, 1047.86682129, 1581.97607422, 425.335693359, 1872.06726074, 1173.72607422, 130.142318726, 89.3425827026, 82.8383255005, 32.7438926697, 22.8511257172, 19.254283905, 14.7271776199, 1.36230766773, 0.209412485361, 0.0108710005879, 0.00034890032839, 1.90755940821e-06, 3.44583694911e-09], "dvar": [0.079450763762, 8.0304145813, 32.4540367126, 97.7975692749, 103.547142029, 38.8340568542, 65.928276062, 193.535400391, 425.875976562, 414.83782959, 1186.93945312, 2848.69970703, 4795.25927734, 4639.22119141, 2457.52832031, 2338.40893555, 7878.43701172, 3311.88574219, 3326.4597168, 2266.32763672, 1588.61206055, 896.269714355, 469.207366943, 734.67401123, 208.81578064, 771.505981445, 490.574371338, 61.389667511, 47.9935150146, 39.2682037354, 17.9163951874, 11.3543920517, 8.59268474579, 5.94943857193, 0.687716603279, 0.101015202701, 0.00534036150202, 0.000165272664162, 8.95811240298e-07, 1.53956758453e-09], "dmean": [0.153405934572, 1.43086230755, 3.01368403435, 6.16941976547, 6.51218986511, 4.08236694336, 4.79517030716, 5.72967720032, 7.51439714432, 7.63862895966, 10.557182312, 19.8990764618, 20.4184379578, 21.3369216919, 15.534081459, 15.5753602982, 27.2463970184, 21.2211170197, 17.9478092194, 18.8481121063, 14.5348920822, 10.8025274277, 9.99217414856, 11.9233808517, 6.22627067566, 9.73389148712, 7.36463022232, 2.78353691101, 2.2507519722, 1.60828900337, 1.24126446247, 0.946759700775, 0.554137706757, 0.283325612545, 0.12489566952, 0.0464363135397, 0.0120945908129, 0.00212609372102, 0.00019464197976, 1.55748002726e-05], "max": [2.94019389153, 22.7629737854, 61.9779624939, 114.01473999, 142.4871521, 105.786018372, 158.110229492, 483.963897705, 636.674438477, 515.280151367, 1241.82751465, 1552.06640625, 2067.49121094, 2055.33520508, 1574.81420898, 2135.17602539, 2701.94116211, 1631.015625, 1927.20776367, 1544.72338867, 2199.1027832, 1539.21496582, 677.258911133, 597.394042969, 521.21673584, 809.303710938, 640.177246094, 132.369873047, 249.802734375, 355.03805542, 194.366912842, 132.164413452, 120.483177185, 154.034866333, 39.9656562805, 14.6272296906, 2.51893997192, 0.529458403587, 0.0361733771861, 0.00177420838736], "var": [0.138057246804, 9.02960014343, 34.0259552002, 113.030807495, 128.958206177, 72.0809402466, 120.937667847, 308.415588379, 616.220825195, 540.832763672, 3219.93359375, 15345.6894531, 30277.5957031, 20705.1660156, 10155.7871094, 6225.36474609, 15189.9248047, 8611.37597656, 6989.53076172, 5149.00097656, 3935.42944336, 2511.95288086, 1204.16027832, 1800.35620117, 668.827270508, 1483.99487305, 764.259643555, 127.70615387, 117.82698822, 97.0749816895, 53.0783996582, 24.5536231995, 10.847615242, 5.83217668533, 1.02506577969, 0.137141793966, 0.00782139133662, 0.00022224643908, 1.22842016026e-06, 2.5265896042e-09], "mean": [0.208339005709, 1.65736305714, 4.20211648941, 9.34770202637, 10.1843452454, 7.33119773865, 8.31191444397, 9.9538230896, 12.9016227722, 12.5807857513, 21.4065036774, 45.6630134583, 54.7928657532, 47.7792015076, 32.9451599121, 30.1648273468, 43.7907028198, 36.996471405, 31.9970684052, 36.7967262268, 31.3318538666, 23.8981018066, 21.7999897003, 23.5085830688, 13.0403842926, 17.4771461487, 11.7476215363, 4.41733598709, 3.38901424408, 2.54987287521, 2.13455557823, 1.56568229198, 0.826449692249, 0.422250509262, 0.187517210841, 0.0682400017977, 0.0185622833669, 0.00335665489547, 0.000334928918164, 4.84932388645e-05]}, "spectral_strongpeak": {"dmean2": 1.04076230526, "median": 0.403241276741, "min": 0, "dvar2": 2.99127244949, "dvar": 1.26536762714, "dmean": 0.620231866837, "max": 17.2725086212, "var": 3.10728192329, "mean": 1.19048750401}, "spectral_energy": {"dmean2": 0.0149841737002, "median": 0.0282706394792, "min": 1.02819325622e-20, "dvar2": 0.000385944498703, "dvar": 0.000160299154231, "dmean": 0.00978810712695, "max": 0.121784679592, "var": 0.000403576908866, "mean": 0.0302907433361}, "average_loudness": 0.936161458492, "spectral_rolloff": {"dmean2": 789.851989746, "median": 1162.79296875, "min": 64.599609375, "dvar2": 1609497.875, "dvar": 678137.125, "dmean": 469.557067871, "max": 19315.2832031, "var": 6827689.5, "mean": 1659.43444824}, "spectral_centroid": {"dmean2": 370.053527832, "median": 1256.54858398, "min": 168.795211792, "dvar2": 182582, "dvar": 81044.25, "dmean": 241.89100647, "max": 11412.4277344, "var": 583075.875, "mean": 1368.04833984}, "pitch_salience": {"dmean2": 0.12693965435, "median": 0.53976982832, "min": 0.102028205991, "dvar2": 0.0137069774792, "dvar": 0.00520550552756, "dmean": 0.0783194676042, "max": 0.849443674088, "var": 0.0136603415012, "mean": 0.531752467155}, "spectral_energyband_middle_high": {"dmean2": 0.00280046416447, "median": 0.00397674879059, "min": 1.34371916023e-21, "dvar2": 1.86015477084e-05, "dvar": 1.00843208202e-05, "dmean": 0.00198819022626, "max": 0.0620778165758, "var": 7.32131666155e-05, "mean": 0.00709560513496}, "spectral_contrast_coeffs": {"dmean2": [0.0863901078701, 0.0710468888283, 0.0592070557177, 0.0521223023534, 0.0390228293836, 0.0278989709914], "median": [-0.645004034042, -0.753209710121, -0.765662431717, -0.759049236774, -0.769440710545, -0.784802258015], "min": [-0.974843859673, -0.975241065025, -0.972866773605, -0.972553431988, -0.964013636112, -0.963232636452], "dvar2": [0.0046772765927, 0.00328583270311, 0.00234220968559, 0.00177784194238, 0.00106854923069, 0.000721553806216], "dvar": [0.00174224271905, 0.00133810495026, 0.00102807825897, 0.000779667694587, 0.000489276601002, 0.000347229506588], "dmean": [0.0523396171629, 0.04391027987, 0.0377913601696, 0.0331929586828, 0.0248096007854, 0.018462177366], "max": [-0.35855320096, -0.445386022329, -0.438258975744, -0.479035913944, -0.562728524208, -0.606320679188], "var": [0.00639951694757, 0.00535711972043, 0.00742628099397, 0.0044814972207, 0.00322653213516, 0.0021791968029], "mean": [-0.64796602726, -0.747178852558, -0.747795760632, -0.753863751888, -0.766712129116, -0.783443927765]}, "melbands_skewness": {"dmean2": 1.2458024025, "median": 2.23073101044, "min": -2.19205522537, "dvar2": 1.92062711716, "dvar": 0.821772038937, "dmean": 0.821436405182, "max": 16.117647171, "var": 3.46223425865, "mean": 2.52323794365}, "spectral_spread": {"dmean2": 559682.5625, "median": 3719663.25, "min": 1058569.5, "dvar2": 851239632896, "dvar": 503427563520, "dmean": 394242.53125, "max": 43282564, "var": 4842316627970.0, "mean": 4072588}, "dissonance": {"dmean2": 0.029642213136, "median": 0.472597628832, "min": 0.150371849537, "dvar2": 0.00100333720911, "dvar": 0.000366822991055, "dmean": 0.0177449900657, "max": 0.5, "var": 0.000836108869407, "mean": 0.465040117502}, "spectral_skewness": {"dmean2": 0.352199018002, "median": 1.67861235142, "min": -0.0497221574187, "dvar2": 0.133974209428, "dvar": 0.0585507266223, "dmean": 0.226992800832, "max": 5.97581768036, "var": 0.359791576862, "mean": 1.70740056038}, "spectral_flux": {"dmean2": 0.0429188013077, "median": 0.0846016556025, "min": 6.25660565023e-11, "dvar2": 0.00193112052511, "dvar": 0.000845665228553, "dmean": 0.0275796055794, "max": 0.294440567493, "var": 0.00256372103468, "mean": 0.0906887054443}, "spectral_contrast_valleys": {"dmean2": [0.644879281521, 0.536822199821, 0.487763017416, 0.451591700315, 0.398547828197, 0.32835701108], "median": [-6.84591054916, -6.62943553925, -7.17281246185, -7.59283733368, -7.56476449966, -10.3183050156], "min": [-27.8124446869, -27.6785869598, -27.8706760406, -27.6302471161, -27.5796394348, -27.3727378845], "dvar2": [0.291022181511, 0.216582909226, 0.206867605448, 0.195628911257, 0.189877256751, 0.15439927578], "dvar": [0.131340429187, 0.0993161723018, 0.0966215655208, 0.100431285799, 0.105210736394, 0.0984004959464], "dmean": [0.397101283073, 0.332745820284, 0.309536069632, 0.29481780529, 0.274019747972, 0.254861176014], "max": [-5.10527086258, -5.21954584122, -5.64582395554, -5.92054080963, -5.49741888046, -7.65480995178], "var": [2.96925377846, 2.66179728508, 2.43137073517, 2.30275201797, 2.31713700294, 1.85257732868], "mean": [-7.24401903152, -7.00034046173, -7.52791881561, -7.90598249435, -7.86330938339, -10.5875482559]}, "erbbands_flatness_db": {"dmean2": 0.0220680013299, "median": 0.155218288302, "min": 0.028477339074, "dvar2": 0.000411710789194, "dvar": 0.00021627121896, "dmean": 0.0158612597734, "max": 0.432253986597, "var": 0.00250483024865, "mean": 0.161636650562}, "spectral_energyband_high": {"dmean2": 0.000509688456077, "median": 0.000216662476305, "min": 7.06418059234e-21, "dvar2": 1.70263581367e-06, "dvar": 7.94912068613e-07, "dmean": 0.00035468043643, "max": 0.0221166089177, "var": 1.8371679289e-06, "mean": 0.000668815104291}, "spectral_entropy": {"dmean2": 0.220292165875, "median": 7.42318487167, "min": 5.22901439667, "dvar2": 0.0510154180229, "dvar": 0.0254399273545, "dmean": 0.152376025915, "max": 9.81359577179, "var": 0.197038367391, "mean": 7.43424463272}, "silence_rate_20dB": {"dmean2": 0, "median": 1, "min": 1, "dvar2": 0, "dvar": 0, "dmean": 0, "max": 1, "var": 0, "mean": 1}, "melbands_flatness_db": {"dmean2": 0.0443505831063, "median": 0.204862311482, "min": 0.00367161794566, "dvar2": 0.00187311158516, "dvar": 0.000821586814709, "dmean": 0.0293602235615, "max": 0.570028245449, "var": 0.0045364885591, "mean": 0.212146639824}, "barkbands": {"dmean2": [0.000120943237562, 0.00976976938546, 0.00474374601617, 0.00427846750244, 0.00222970475443, 0.00108605704736, 0.00087002950022, 0.000626062857918, 0.00112828309648, 0.00108119926881, 0.000647523556836, 0.000496434280649, 0.000911246519536, 0.000632724259049, 0.00062033010181, 0.000473208317999, 0.000385027291486, 0.000342144048773, 0.00026882570819, 0.000307226291625, 0.00017742147611, 7.95730666141e-05, 6.29153073533e-05, 5.48829193576e-05, 3.07447735395e-05, 1.1503899259e-05, 1.64947766734e-06], "median": [3.39448488376e-05, 0.00230200518854, 0.00233905413188, 0.00227252114564, 0.00167977693491, 0.0007397387526, 0.000458762340713, 0.000270180462394, 0.000365318672266, 0.000265071052127, 0.00019104158855, 0.000276730046608, 0.00021309722797, 0.00020776000747, 0.000218010580284, 0.000238509863266, 0.000225148542086, 0.000170472223544, 0.00011422605894, 9.67374216998e-05, 3.85044295399e-05, 1.76743760676e-05, 2.09826084756e-05, 1.89406564459e-05, 9.2773234428e-06, 3.26648955706e-06, 7.19935655979e-07], "min": [2.56549497899e-24, 4.86003240869e-24, 1.50693998382e-24, 3.27513413337e-24, 2.58015449952e-23, 1.1630701707e-23, 7.94087976465e-24, 2.87438372162e-24, 1.95565023955e-23, 1.44368771621e-23, 2.78007646536e-23, 4.4457054641e-23, 4.36397316343e-23, 2.53742348201e-23, 3.80615794221e-23, 7.98080795937e-23, 1.02688377994e-22, 1.33688547909e-22, 1.60302884693e-22, 2.17745855167e-22, 2.77244900083e-22, 3.73308544101e-22, 4.74707513168e-22, 6.4951429349e-22, 8.85956581252e-22, 1.28574381593e-21, 2.06995990814e-21], "dvar2": [4.14955216854e-08, 0.000338379875757, 7.03783880454e-05, 5.0522859965e-05, 1.07481937448e-05, 4.22585708293e-06, 5.9462322497e-06, 4.20471678808e-06, 7.70562655816e-06, 9.53244853008e-06, 4.48109676654e-06, 2.07665561902e-06, 7.41960002415e-06, 2.8807421586e-06, 2.81937263935e-06, 1.15301179449e-06, 8.16943725113e-07, 4.88865964599e-07, 3.59174066489e-07, 7.29762859919e-07, 2.61284668568e-07, 6.49585345514e-08, 4.36180407348e-08, 5.45501031013e-08, 5.56256303241e-08, 5.56370327587e-09, 6.97724655829e-11], "dvar": [2.04375787405e-08, 0.000133036708576, 2.67418090516e-05, 1.8070673832e-05, 3.85369730793e-06, 1.87747411928e-06, 2.47982256951e-06, 2.15308159568e-06, 3.98550673708e-06, 5.13064924235e-06, 2.19845514948e-06, 1.11474480491e-06, 3.55879569724e-06, 1.25509325244e-06, 1.35177003813e-06, 5.9096169025e-07, 3.77411623731e-07, 2.18218701775e-07, 1.68046071281e-07, 3.03641883193e-07, 1.13886642339e-07, 3.41875647791e-08, 2.3721169029e-08, 2.60235584193e-08, 2.47335965042e-08, 2.61156385406e-09, 3.31172138324e-11], "dmean": [8.25320603326e-05, 0.00596968410537, 0.00289448117837, 0.0025646048598, 0.00132320728153, 0.000683660968207, 0.000547742005438, 0.000408854160924, 0.000783650262747, 0.00076168688247, 0.000434220739407, 0.000337766192388, 0.000590700772591, 0.000405060389312, 0.000406194129027, 0.000307610520395, 0.0002387099521, 0.00022097674082, 0.000180732691661, 0.000198259251192, 0.000117439951282, 5.78729413974e-05, 4.47253441962e-05, 3.77135438612e-05, 2.06404056371e-05, 7.62043146096e-06, 1.11542431114e-06], "max": [0.00171273970045, 0.0913353040814, 0.0600485652685, 0.0545120611787, 0.0269531998783, 0.0398817062378, 0.0359404198825, 0.0462578944862, 0.0491519793868, 0.0529976114631, 0.0561904534698, 0.0423827692866, 0.0540107749403, 0.0302067305893, 0.0334237627685, 0.0326362550259, 0.024582400918, 0.0132554713637, 0.0104083800688, 0.0139180310071, 0.00942632835358, 0.00767007190734, 0.00792406406254, 0.00529282260686, 0.00934855639935, 0.00218872097321, 0.000206715485547], "var": [3.95102048856e-08, 0.000171004096046, 2.98842878692e-05, 1.87628756976e-05, 6.85366876496e-06, 3.55793599738e-06, 3.