{"metadata": {"tags": {"label": ["AEI Music/All Trap Music"], "genre": ["Dance"], "originalyear": ["2013"], "asin": ["B00GOIVZWO"], "album": ["All Trap Music, Volume 2"], "musicbrainz album type": ["album/compilation/dj-mix"], "script": ["Latn"], "albumartistsort": ["Various Artists"], "musicbrainz album release country": ["GB"], "acoustid_id": ["5676ede8-33af-40b7-9cb9-4efa02dcd444"], "musicbrainz_artistid": ["a56defe2-31d2-4736-bcf4-d9b956c8a645"], "musicbrainz_releasegroupid": ["8a3417a4-d8f8-4e27-bd3e-34d0b0f4bc34"], "musicbrainz_recordingid": ["0eb9add7-b53b-4acc-86fe-ca8aa1b5187e"], "albumartist": ["Various Artists"], "originaldate": ["2013"], "musicbrainz album status": ["official"], "artist": ["Luminox"], "musicbrainz_albumid": ["88d3d127-d7a0-494e-b714-d5b9df184130"], "artistsort": ["Luminox"], "title": ["Tantrum"], "tracknumber": ["15/36"], "musicbrainz_albumartistid": ["89ad4ac3-39f7-470e-963a-56509c546377"], "discnumber": ["1/1"], "date": ["2013"], "media": ["Digital Media"], "file_name": "Luminox - Tantrum.mp3"}, "audio_properties": {"sample_rate": 44100, "downmix": "mix", "lossless": false, "analysis_sample_rate": 44100, "md5_encoded": "0d72df71c9dcc8cf40ccf1895038c186", "equal_loudness": 0, "replay_gain": -5.64554977417, "codec": "mp3", "bit_rate": 320000, "length": 198.687347412}, "version": {"extractor": "music 1.0", "essentia_build_sha": "2d9f1f26377add8aeb1075a9c2973f962c4f09fd", "essentia_git_sha": "v2.1_beta2-1-ge3940c0", "essentia": "2.1-beta2"}}, "rhythm": {"beats_loudness_band_ratio": {"dvar2": [0.0715114846826, 0.0222916770726, 0.0114042982459, 0.0253973659128, 0.0133286193013, 0.00821206718683], "var": [0.0830045938492, 0.0162440668792, 0.00636172294617, 0.0141005171463, 0.00601641321555, 0.00532819330692], "min": [0.000911189767066, 4.49400577054e-05, 5.13549530297e-05, 0.000414347829064, 0.000449614744866, 0.000340846483596], "dmean": [0.167434468865, 0.0617359392345, 0.0454826168716, 0.0649991631508, 0.0543862506747, 0.0535564236343], "mean": [0.691904067993, 0.0930691435933, 0.0542862266302, 0.07845723629, 0.0545678511262, 0.0595842152834], "max": [0.996359169483, 0.701658368111, 0.57733798027, 0.775834679604, 0.525867581367, 0.534763634205], "dmean2": [0.285275757313, 0.1116656214, 0.0804482921958, 0.112651698291, 0.0961282029748, 0.0927185341716], "median": [0.811938583851, 0.0348486527801, 0.0195012520999, 0.0370762161911, 0.022131556645, 0.0336600169539], "dvar": [0.0299844145775, 0.00778612634167, 0.00418874016032, 0.00927755795419, 0.00470610056072, 0.00346631091088]}, "bpm_histogram_first_peak_weight": {"dvar2": 0, "var": 0, "min": 0.648535549641, "dmean": 0, "mean": 0.648535549641, "max": 0.648535549641, "dmean2": 0, "median": 0.648535549641, "dvar": 0}, "bpm": 144.996292114, "beats_count": 479, "bpm_histogram_first_peak_spread": {"dvar2": 0, "var": 0, "min": 0.351464450359, "dmean": 0, "mean": 0.351464450359, "max": 0.351464450359, "dmean2": 0, "median": 0.351464450359, "dvar": 0}, "danceability": 1.19642579556, "bpm_histogram_first_peak_bpm": {"dvar2": 0, "var": 0, "min": 144, "dmean": 0, "mean": 144, "max": 144, "dmean2": 0, "median": 144, "dvar": 0}, "beats_position": [0.417959183455, 0.835918366909, 1.25387752056, 1.67183673382, 2.08979582787, 2.50775504112, 2.91410422325, 3.33206343651, 3.73841261864, 4.15637159348, 4.57433080673, 4.99229001999, 5.41024923325, 5.8282084465, 6.23455762863, 6.64090681076, 7.05886602402, 7.47682523727, 7.8831744194, 8.3011341095, 8.70748329163, 9.12544155121, 9.54340076447, 9.96135997772, 10.3677091599, 10.7856683731, 11.1920175552, 11.6099767685, 12.0279359818, 12.445895195, 12.8638544083, 13.2702035904, 13.6765527725, 14.0945119858, 14.512471199, 14.9304304123, 15.3483896255, 15.7663488388, 16.1726989746, 16.5790481567, 16.99700737, 17.4149665833, 17.8329238892, 18.2392749786, 18.6456241608, 19.0635814667, 19.4815406799, 19.8994998932, 20.3058490753, 20.7121982574, 21.1301574707, 21.548116684, 21.9660758972, 22.3840351105, 22.7903842926, 23.1967334747, 23.614692688, 24.0326519012, 24.4506111145, 24.8569602966, 25.2633094788, 25.681268692, 26.0992279053, 26.5171871185, 26.9351463318, 27.3414955139, 27.747844696, 28.1658039093, 28.5837631226, 29.0017223358, 29.4196815491, 29.8260307312, 30.2323799133, 30.6503391266, 31.0682983398, 31.4862575531, 31.8926067352, 32.2989578247, 32.7169151306, 33.1348762512, 33.5528335571, 33.9707946777, 34.3771438599, 34.783493042, 35.2014503479, 35.6194114685, 36.0373687744, 36.455329895, 36.8616790771, 37.2680282593, 37.6859855652, 38.1039466858, 38.5219039917, 38.9398651123, 39.3462142944, 39.7525634766, 40.1705207825, 40.5884780884, 40.9948310852, 41.4011802673, 41.8191375732, 42.2370948792, 42.6434440613, 43.0614051819, 43.467754364, 43.8857116699, 44.3036727905, 44.7216300964, 45.139591217, 45.5575485229, 45.9638977051, 46.3702468872, 46.7882080078, 47.2061653137, 47.6125144958, 48.018863678, 48.4368247986, 48.8547821045, 49.2727432251, 49.690700531, 50.0970497131, 50.5033988953, 50.9213600159, 51.3393173218, 51.7572784424, 52.1752357483, 52.5931968689, 52.999546051, 53.4058952332, 53.8238525391, 54.2418136597, 54.6597709656, 55.0661201477, 55.4724693298, 55.8904304504, 56.3083877563, 56.726348877, 57.1443061829, 57.550655365, 57.9570045471, 58.3749656677, 58.7929229736, 59.2108840942, 59.6172332764, 60.0235824585, 60.4415397644, 60.859500885, 61.2774581909, 61.6954193115, 62.1017684937, 62.5081176758, 62.9260749817, 63.3440361023, 63.7619934082, 64.1683425903, 64.5746917725, 64.9926528931, 65.4106140137, 65.8285675049, 66.2465286255, 66.6528778076, 67.0592269897, 67.4771881104, 67.895149231, 68.3131027222, 68.7310638428, 69.1490249634, 69.5553741455, 69.9617233276, 70.3796844482, 70.7976379395, 71.2155990601, 71.6219482422, 72.0282974243, 72.4462585449, 72.8642196655, 73.2821731567, 73.6885223389, 74.094871521, 74.5128326416, 74.9307937622, 75.3487548828, 75.766708374, 76.1730575562, 76.5910186768, 76.9973678589, 77.4153289795, 77.8332901001, 78.2396392822, 78.6459884644, 79.0639419556, 79.4819030762, 79.8998641968, 80.3062133789, 80.712562561, 81.1305236816, 81.5484771729, 81.9664382935, 82.3843994141, 82.8023605347, 83.2087097168, 83.6150588989, 84.0330123901, 84.4509735107, 84.8689346313, 85.2868881226, 85.6932373047, 86.0995864868, 86.5175476074, 86.935508728, 87.3534698486, 87.7598190308, 88.1661682129, 88.5841217041, 89.0020828247, 89.4200439453, 89.8380050659, 90.244354248, 90.6507034302, 91.0686569214, 91.486618042, 91.9045791626, 92.3109283447, 92.7172775269, 93.123626709, 93.5299758911, 93.9479370117, 94.3658905029, 94.7838516235, 95.2018127441, 95.6197738647, 96.0261230469, 96.432472229, 96.8504257202, 97.2683868408, 97.6863479614, 98.104309082, 98.5106582642, 98.9170074463, 99.3349609375, 99.7529220581, 100.170883179, 100.577232361, 100.983581543, 101.401542664, 101.819496155, 102.237457275, 102.655418396, 103.073379517, 103.479728699, 103.886077881, 104.304031372, 104.721992493, 105.139953613, 105.557914734, 105.964263916, 106.370613098, 106.788566589, 107.20652771, 107.624488831, 108.030838013, 108.437187195, 108.855148315, 109.273101807, 109.691062927, 110.109024048, 110.51537323, 110.921722412, 111.339683533, 111.757637024, 112.175598145, 112.593559265, 112.999908447, 113.406257629, 113.82421875, 114.242172241, 114.660133362, 115.078094482, 115.484443665, 115.890792847, 116.308753967, 116.726707458, 117.144668579, 117.5626297, 117.968978882, 118.375328064, 118.793289185, 119.199638367, 119.605987549, 120.02394104, 120.441902161, 120.859863281, 121.277824402, 121.695777893, 122.102127075, 122.508476257, 122.926437378, 123.344398499, 123.750747681, 124.157096863, 124.575057983, 124.993011475, 125.410972595, 125.828933716, 126.235282898, 126.64163208, 127.059593201, 127.477546692, 127.895507813, 128.313461304, 128.719818115, 129.126159668, 129.544128418, 129.962081909, 130.368438721, 130.774780273, 131.192733765, 131.610702515, 132.028656006, 132.446624756, 132.852966309, 133.2709198, 133.677276611, 134.095230103, 134.513198853, 134.931152344, 135.349105835, 135.755462646, 136.161804199, 136.579772949, 136.99772644, 137.41569519, 137.833648682, 138.239990234, 138.646347046, 139.064300537, 139.482269287, 139.88861084, 140.294967651, 140.712921143, 141.130874634, 141.548843384, 141.966796875, 142.384765625, 142.791107178, 143.197463989, 143.61541748, 144.033370972, 144.451339722, 144.869293213, 145.275650024, 145.681991577, 146.099945068, 146.517913818, 146.93586731, 147.342224121, 147.748565674, 148.166534424, 148.584487915, 149.002441406, 149.420410156, 149.826751709, 150.233108521, 150.651062012, 151.069015503, 151.486984253, 151.893325806, 152.299682617, 152.717636108, 153.135604858, 153.55355835, 153.971511841, 154.377868652, 154.784210205, 155.202178955, 155.620132446, 156.038085938, 156.456054688, 156.86239624, 157.268753052, 157.686706543, 158.104675293, 158.522628784, 158.928970337, 159.335327148, 159.75328064, 160.17124939, 160.589202881, 160.995559692, 161.401901245, 161.819854736, 162.237823486, 162.655776978, 163.073745728, 163.48008728, 163.886444092, 164.304397583, 164.722351074, 165.140319824, 165.546661377, 165.964630127, 166.37097168, 166.788925171, 167.206893921, 167.624847412, 168.042816162, 168.449157715, 168.855514526, 169.273468018, 169.691421509, 170.109390259, 170.515731812, 170.922088623, 171.340042114, 171.757995605, 172.164352417, 172.582305908, 172.98866272, 173.406616211, 173.824569702, 174.242538452, 174.660491943, 175.066848755, 175.473190308, 175.891159058, 176.309112549, 176.72706604, 177.133422852, 177.539764404, 177.957733154, 178.375686646, 178.793640137, 179.211608887, 179.617950439, 180.024307251, 180.442260742, 180.860229492, 181.278182983, 181.684524536, 182.090881348, 182.508834839, 182.926803589, 183.34475708, 183.762710571, 184.169067383, 184.575408936, 184.993377686, 185.411331177, 185.829299927, 186.247253418, 186.653594971, 187.059951782, 187.477905273, 187.895874023, 188.313827515, 188.720184326, 189.126525879, 189.54447937, 189.96244812, 190.380401611, 190.798370361, 191.204711914, 191.611068726, 192.029022217, 192.446975708, 192.864944458, 193.271286011, 193.677642822, 194.095596313, 194.513549805, 194.931518555, 195.337860107, 195.744216919, 196.16217041, 196.58013916, 196.998092651, 197.416046143, 197.834014893, 198.251968384], "beats_loudness": {"dvar2": 0.00721557112411, "var": 0.00621781684458, "min": 0.000990429893136, "dmean": 0.0476381890476, "mean": 0.101203553379, "max": 0.255885004997, "dmean2": 0.082451634109, "median": 0.0784374326468, "dvar": 0.00262440973893}, "bpm_histogram_second_peak_weight": {"dvar2": 0, "var": 0, "min": 0, "dmean": 0, "mean": 0, "max": 0, "dmean2": 0, "median": 0, "dvar": 0}, "bpm_histogram_second_peak_spread": {"dvar2": 0, "var": 0, "min": 0, "dmean": 0, "mean": 0, "max": 0, "dmean2": 0, "median": 0, "dvar": 0}, "bpm_histogram_second_peak_bpm": {"dvar2": 0, "var": 0, "min": 0, "dmean": 0, "mean": 0, "max": 0, "dmean2": 0, "median": 0, "dvar": 0}, "onset_rate": 4.86148405075}, "lowlevel": {"spectral_energyband_high": {"dvar2": 2.25858057092e-05, "var": 8.87020269147e-06, "min": 8.09141612851e-21, "dmean": 0.00133296032436, "mean": 0.00170631078072, "max": 0.0301035065204, "dmean2": 0.00221078749746, "median": 0.000562545959838, "dvar": 8.51738514029e-06}, "spectral_energyband_middle_low": {"dvar2": 0.000600242812652, "var": 0.000194690408534, "min": 2.27012787237e-22, "dmean": 0.00641109561548, "mean": 0.00757869519293, "max": 0.186370134354, "dmean2": 0.0108115896583, "median": 0.00314091681503, "dvar": 0.000225484662224}, "spectral_energy": {"dvar2": 0.00214626616798, "var": 0.00250592082739, "min": 1.12341071124e-20, "dmean": 0.0174541994929, "mean": 0.0564418397844, "max": 0.289636194706, "dmean2": 0.0258455052972, "median": 0.0482386611402, "dvar": 0.0010944964597}, "spectral_spread": {"dvar2": 2612323418110.0, "var": 4339688013820.0, "min": 916984.8125, "dmean": 863348.5, "mean": 5506159.5, "max": 40704360, "dmean2": 1274519.125, "median": 5415350, "dvar": 1337162727420.0}, "spectral_energyband_low": {"dvar2": 0.00169559672941, "var": 0.00199798052199, "min": 8.33810704471e-23, "dmean": 0.0128391301259, "mean": 0.0439711846411, "max": 0.262445032597, "dmean2": 0.0176658201963, "median": 0.037332944572, "dvar": 0.000887485046405}, "spectral_rolloff": {"dvar2": 4240380.5, "var": 2607856.25, "min": 43.06640625, "dmean": 614.336547852, "mean": 999.844116211, "max": 18733.8867188, "dmean2": 1056.0213623, "median": 344.53125, "dvar": 1691784.75}, "barkbands": {"dvar2": [2.16700773308e-05, 0.00160938082263, 0.000499673595186, 8.9466899226e-05, 0.000145969301229, 2.37893000303e-05, 7.51009201849e-06, 3.4088961911e-06, 2.91122819362e-06, 2.95665108752e-06, 1.50037567437e-06, 1.68803217093e-06, 8.80755351318e-07, 8.98891300949e-07, 3.08662578163e-07, 7.4814022355e-07, 5.72395492782e-07, 4.16257108782e-07, 5.71662553739e-07, 4.86670217015e-07, 6.0198800611e-07, 6.03095543283e-07, 7.05603611095e-07, 6.2719897187e-07, 4.8882475312e-07, 3.54129326752e-07, 2.08624598486e-07], "var": [3.88759290217e-05, 0.0013079540804, 0.000106324107037, 2.51597703027e-05, 5.11832477059e-05, 1.06172410597e-05, 2.83917802335e-06, 1.35138338919e-06, 1.72404998011e-06, 1.85811131814e-06, 9.45223632698e-07, 1.2598484318e-06, 5.77132482249e-07, 4.31364895803e-07, 1.52003764242e-07, 4.27442074624e-07, 2.57027750195e-07, 2.55598621379e-07, 3.53955471155e-07, 2.21982688231e-07, 2.70745346143e-07, 2.35530336568e-07, 2.95233292036e-07, 2.54778001363e-07, 2.05799750574e-07, 1.30755807959e-07, 6.34093808571e-08], "min": [1.4276145175e-23, 1.69234645541e-23, 5.3354752475e-23, 4.4365943573e-24, 1.949113107e-23, 3.23732959166e-23, 6.44193407752e-23, 5.1782382297e-23, 4.01738302264e-23, 8.62518425663e-23, 1.09185278637e-22, 1.76129024796e-22, 1.64306902835e-22, 1.18664837119e-22, 1.75567254857e-22, 1.09980425186e-22, 1.84522555314e-22, 2.29027803046e-22, 3.2715089152e-22, 2.85463947191e-22, 4.62438138628e-22, 6.83136883179e-22, 4.10865770036e-22, 1.14519874147e-21, 1.14376864393e-21, 1.79597894845e-21, 2.66135931099e-21], "dmean": [0.00145086762495, 0.0109115773812, 0.00349844689481, 0.00194767757785, 0.00261124712415, 0.00140187784564, 0.000653467315715, 0.000418953975895, 0.000517775828484, 0.000493975763675, 0.000321289640851, 0.000424985890277, 0.000318206177326, 0.000235930041526, 0.000166387180798, 0.000256159197306, 0.000215177773498, 0.000201709277462, 0.000247163930908, 0.000197025423404, 0.000217246284592, 0.000209032834391, 0.000258023443166, 0.000224965551752, 0.000187013894902, 0.000142536548083, 8.44676469569e-05], "mean": [0.00614917604253, 0.0342675931752, 0.00305143464357, 0.0017305216752, 0.00245119654574, 0.00163890619297, 0.000543084286619, 0.000476460671052, 0.000585956207942, 0.000572645745706, 0.000413073139498, 0.000539860629942, 0.000414948968682, 0.000295069563435, 0.000222243063035, 0.000314655248076, 0.000286295602564, 0.000292460230412, 0.000362999067875, 0.00027470808709, 0.000292546901619, 0.000250632903771, 0.000299467414152, 0.000265886716079, 0.000211468825, 0.000154956447659, 7.87488679634e-05], "max": [0.0358060635626, 0.241099536419, 0.115736991167, 0.0646507963538, 0.110601119697, 0.0443701446056, 0.0538332909346, 0.0179819129407, 0.0192682482302, 0.0195833835751, 0.0237455461174, 0.0152865704149, 0.0121242143214, 0.0154629573226, 0.0121462214738, 0.0137781025842, 0.00789763219655, 0.00958653725684, 0.00604631751776, 0.00675219902769, 0.00585569767281, 0.00495412340388, 0.00520425802097, 0.00410928018391, 0.00409213174134, 0.00454422971234, 0.00339378463104], "dmean2": [0.00200292980298, 0.0151405045763, 0.00653852336109, 0.00344571005553, 0.00435278145596, 0.00241257669404, 0.00116576103028, 0.000708497711457, 0.000867252238095, 0.000816410116386, 0.000533474318217, 0.000664157909341, 0.000521882961039, 0.00038594045327, 0.000267663039267, 0.00041000865167, 0.000354359130142, 0.000317815167364, 0.000382975646062, 0.000314219418215, 0.000354257121217, 0.000344654981745, 0.000439704483142, 0.000384437764296, 0.000312352436595, 0.000244258408202, 0.000152230568347], "median": [0.0051279887557, 0.029502555728, 5.83607761655e-05, 0.0001169741372, 0.000235073282965, 0.000243004935328, 4.30067448178e-05, 7.10797103238e-05, 0.000113555805001, 9.98689647531e-05, 0.00012153305579, 0.000141737953527, 0.000164767741808, 9.13065596251e-05, 9.28344961721e-05, 0.00010170898895, 0.000113957838039, 0.000105282713776, 0.000136622475111, 0.000106016086647, 8.46690163598e-05, 7.33400374884e-05, 6.71954912832e-05, 5.47170457139e-05, 3.41506674886e-05, 1.75577879418e-05, 7.17641614756e-06], "dvar": [9.75884540821e-06, 0.000721477845218, 0.000174612985575, 3.36183911713e-05, 5.71950367885e-05, 8.81184678292e-06, 2.89749846161e-06, 1.27197859001e-06, 1.12693055598e-06, 1.24049529404e-06, 5.71566374674e-07, 7.71019074364e-07, 3.7008584286e-07, 3.498890635e-07, 1.23698526977e-07, 3.22494258853e-07, 2.21283883661e-07, 1.7852885037e-07, 2.44496931145e-07, 1.92003042798e-07, 2.28654144507e-07, 2.27557208632e-07, 2.69383519935e-07, 2.39381137135e-07, 1.91420269857e-07, 1.30416083266e-07, 7.43148120819e-08]}, "melbands_skewness": {"dvar2": 17.2573051453, "var": 31.6501598358, "min": -2.67453932762, "dmean": 1.93756783009, "mean": 6.55630159378, "max": 47.7050743103, "dmean2": 2.87252306938, "median": 4.81305503845, "dvar": 8.1093006134}, "barkbands_skewness": {"dvar2": 6.37234401703, "var": 11.2612333298, "min": -2.36610746384, "dmean": 1.24300670624, "mean": 3.73352146149, "max": 23.955532074, "dmean2": 1.85807061195, "median": 2.74308013916, "dvar": 3.04101276398}, "erbbands": {"dvar2": [3.59775948524, 51.8815956116, 550.846984863, 839.51574707, 1595.63891602, 1743.59387207, 1140.10412598, 2229.24682617, 2342.97558594, 943.010803223, 1042.83862305, 1757.61340332, 2785.49731445, 1173.19592285, 2709.02514648, 2924.39038086, 1593.97167969, 1867.93005371, 822.844238281, 885.36151123, 2770.79321289, 1565.65100098, 1101.43115234, 1460.82397461, 1349.73498535, 1227.59277344, 1085.00170898, 1057.05871582, 866.497741699, 600.163696289, 572.032043457, 318.511749268, 165.991241455, 69.6564331055, 27.3026657104, 7.46506595612, 1.19911003113, 0.109197348356, 0.00466424832121, 3.38283061865e-05], "var": [3.5597922802, 36.4780540466, 149.932128906, 204.178710938, 572.77166748, 530.436462402, 257.264282227, 1308.28173828, 896.127746582, 422.203521729, 366.252990723, 1165.23095703, 1604.7376709, 690.015075684, 1803.17236328, 2147.12792969, 1129.3560791, 1007.57910156, 540.969726563, 683.516723633, 1259.00866699, 779.88067627, 694.821228027, 922.906433105, 742.848266602, 545.93572998, 467.627166748, 445.094085693, 322.563659668, 261.332824707, 237.10295105, 138.539413452, 60.0349807739, 28.1265087128, 11.9574756622, 2.99676179886, 0.447018742561, 0.0355252921581, 0.00144639075734, 1.04754863059e-05], "min": [7.82273500144e-22, 4.14590395102e-21, 5.18726900837e-20, 3.89314235509e-20, 4.57766694683e-20, 5.94535612908e-20, 2.21638857532e-19, 2.03367691496e-19, 7.50826827232e-19, 9.92112051492e-19, 1.01782392686e-18, 1.14328654627e-18, 1.59746360667e-18, 3.35437310065e-18, 4.98434221706e-18, 8.35880319209e-18, 8.14412004463e-18, 4.00155280126e-18, 8.94210200875e-18, 7.95662549673e-18, 7.54411962424e-18, 1.14777571749e-17, 1.36909574859e-17, 1.4948999936e-17, 1.38581100082e-17, 1.11459196101e-17, 2.00291280136e-17, 2.04839416929e-17, 1.91008692389e-17, 1.89955823818e-17, 1.30528331383e-17, 2.34433275724e-17, 1.80989632656e-17, 1.06471545161e-17, 9.03563049343e-18, 5.83991621773e-18, 3.64351801288e-18, 1.24847155674e-18, 3.84523360497e-19, 3.83216686548e-20], "dmean": [0.498776882887, 1.83136892319, 3.92224621773, 5.36730003357, 8.86755084991, 8.39741420746, 7.05715751648, 13.8458604813, 11.7436637878, 8.07022190094, 7.66967010498, 12.1894960403, 14.617682457, 11.727771759, 15.7816457748, 16.4916191101, 13.7013235092, 11.830953598, 9.15676116943, 9.47840595245, 14.0972623825, 11.9896144867, 10.5264558792, 12.6692075729, 11.4501962662, 9.36481761932, 9.07512760162, 8.88613700867, 7.84813594818, 7.00663423538, 7.30117082596, 5.35241937637, 3.38621330261, 2.22919464111, 1.30950975418, 0.661685943604, 0.259413033724, 0.0713853165507, 0.0128884743899, 0.00103456561919], "mean": [1.79387164116, 4.31742715836, 4.60530614853, 4.31234264374, 9.01065731049, 6.97383499146, 5.76823806763, 17.8246021271, 10.9049968719, 9.10179138184, 8.21899032593, 14.3354072571, 16.9280872345, 15.0438146591, 21.6956596375, 21.0654754639, 18.745382309, 16.9531517029, 12.7145233154, 13.4213781357, 17.3309135437, 16.7645263672, 15.6241073608, 18.4182567596, 16.5321159363, 13.2105140686, 11.7924671173, 11.575676918, 9.41501522064, 8.54767513275, 8.40187835693, 6.26690483093, 3.82389307022, 2.53886461258, 1.43418467045, 0.729491949081, 0.273414641619, 0.0712894424796, 0.0120857544243, 0.00103313161526], "max": [11.9072198868, 48.7313423157, 115.548034668, 168.570144653, 335.812927246, 396.723876953, 261.396850586, 559.152893066, 962.149475098, 332.437774658, 339.347625732, 546.370117188, 677.727966309, 419.766723633, 704.460754395, 731.268127441, 544.693664551, 396.949707031, 658.324401855, 780.409729004, 429.52545166, 350.936950684, 587.766784668, 394.633270264, 284.22454834, 365.497772217, 258.315612793, 283.332672119, 198.757263184, 203.444549561, 120.418312073, 96.3728942871, 77.8032150269, 46.1394233704, 41.8556518555, 22.652425766, 8.53175067902, 1.85964000225, 0.491460740566, 0.0459638498724], "dmean2": [0.69645512104, 2.72298526764, 6.99560499191, 9.53990459442, 15.0367584229, 14.4020671844, 12.8604135513, 23.2020339966, 20.7043304443, 13.7160968781, 12.9227113724, 20.261007309, 23.8307647705, 19.4806804657, 25.889919281, 25.2035980225, 22.0231952667, 19.1686763763, 14.8060522079, 14.7068605423, 23.1714305878, 19.5955257416, 16.398475647, 20.0239391327, 17.8392391205, 15.0396938324, 14.792222023, 14.796456337, 13.0252580643, 11.712600708, 12.5166320801, 9.10533428192, 5.77926540375, 3.72027158737, 2.197275877, 1.12429881096, 0.445956200361, 0.125538364053, 0.0232058223337, 0.00185909727588], "median": [1.4114844799, 2.67743062973, 0.317644238472, 0.459680974483, 0.689428567886, 0.64048409462, 0.725323438644, 2.61128330231, 1.57037246227, 1.39097964764, 1.46889948845, 2.76943850517, 3.71726417542, 4.39556407928, 7.59840869904, 6.10279798508, 7.66216945648, 7.31484079361, 5.51548671722, 5.33575057983, 6.11667919159, 7.00489854813, 6.47683095932, 6.99364423752, 6.07148218155, 5.19378185272, 3.79368448257, 3.17399120331, 2.84239721298, 2.25375723839, 1.91577887535, 1.30093717575, 0.745125234127, 0.441060364246, 0.203571557999, 0.0859817191958, 0.0306551512331, 0.00731696095318, 0.00109676620923, 0.00014959575492], "dvar": [1.53018379211, 23.7134246826, 196.950057983, 306.644866943, 621.988830566, 655.941955566, 402.361022949, 852.727722168, 898.510498047, 355.565246582, 392.386077881, 686.298828125, 1182.92480469, 469.784179688, 1051.58813477, 1369.48791504, 667.649230957, 790.540222168, 334.089416504, 420.636566162, 1105.88354492, 611.559448242, 482.258728027, 641.50201416, 545.800231934, 486.697296143, 416.059631348, 394.618164063, 322.94732666, 232.166793823, 218.637252808, 123.376579285, 61.7359848022, 26.4058074951, 11.0690536499, 2.81525015831, 0.443026661873, 0.0393765568733, 0.00166736007668, 1.20521999634e-05]}, "silence_rate_30dB": {"dvar2": 0.154526054859, "var": 0.114172227681, "min": 0, "dmean": 0.0881149917841, "mean": 0.86854404211, "max": 1, "dmean2": 0.176250576973, "median": 1, "dvar": 0.0803438052535}, "melbands_spread": {"dvar2": 252.986709595, "var": 295.513153076, "min": 0.0677921772003, "dmean": 6.85779571533, "mean": 15.9885339737, "max": 168.871231079, "dmean2": 10.7161941528, "median": 10.8655586243, "dvar": 112.366668701}, "melbands_crest": {"dvar2": 41.8188781738, "var": 83.8650894165, "min": 2.66786074638, "dmean": 3.31100654602, "mean": 26.2723636627, "max": 38.7165641785, "dmean2": 5.09459590912, "median": 28.4173336029, "dvar": 18.7426872253}, "zerocrossingrate": {"dvar2": 0.000378714496037, "var": 0.00154163723346, "min": 0.00146484375, "dmean": 0.0124181043357, "mean": 0.044778380543, "max": 0.5126953125, "dmean2": 0.0152675779536, "median": 0.0341796875, "dvar": 0.000263380206889}, "barkbands_kurtosis": {"dvar2": 4291.23095703, "var": 3908.7487793, "min": -1.8081946373, "dmean": 18.9013061523, "mean": 31.7504272461, "max": 857.854614258, "dmean2": 29.0561771393, "median": 7.66360378265, "dvar": 1947.64196777}, "spectral_flux": {"dvar2": 0.00570402527228, "var": 0.0073669985868, "min": 1.05991070087e-10, "dmean": 0.0388413630426, "mean": 0.0892152637243, "max": 0.490373492241, "dmean2": 0.0588390044868, "median": 0.0637354403734, "dvar": 0.00322202104144}, "barkbands_crest": {"dvar2": 21.2843456268, "var": 27.3391647339, "min": 2.11961984634, "dmean": 2.53255844116, "mean": 15.4943399429, "max": 26.7053813934, "dmean2": 4.01211738586, "median": 16.492357254, "dvar": 9.21411323547}, "barkbands_flatness_db": {"dvar2": 0.00395459774882, "var": 0.00858934689313, "min": 0.0220489110798, "dmean": 0.0380765944719, "mean": 0.194362089038, "max": 0.656545221806, "dmean2": 0.0554478503764, "median": 0.175907582045, "dvar": 0.00210447283462}, "spectral_entropy": {"dvar2": 0.187504157424, "var": 0.267853826284, "min": 4.76877212524, "dmean": 0.273121982813, "mean": 7.67962360382, "max": 9.79625988007, "dmean2": 0.411649644375, "median": 7.7580499649, "dvar": 0.0921981185675}, "pitch_salience": {"dvar2": 0.0298226177692, "var": 0.0426569022238, "min": 0.0252878628671, "dmean": 0.0935997515917, "mean": 0.356041163206, "max": 0.984737813473, "dmean2": 0.14730040729, "median": 0.339493185282, "dvar": 0.0128046059981}, "erbbands_spread": {"dvar2": 555.727966309, "var": 711.076965332, "min": 2.71672558784, "dmean": 13.8764276505, "mean": 53.5273704529, "max": 202.967269897, "dmean2": 21.232755661, "median": 51.3453712463, "dvar": 236.394744873}, "dynamic_complexity": 3.87963366508, "spectral_contrast_valleys": {"dvar2": [0.742545545101, 1.36449980736, 0.881523966789, 0.713337779045, 0.743713796139, 0.98311060667], "var": [2.15821957588, 1.52188789845, 1.17105686665, 1.18933403492, 1.48930895329, 2.56722474098], "min": [-26.8324775696, -26.4609489441, -27.5149021149, -27.2663230896, -27.3482112885, -27.1671047211], "dmean": [0.553546905518, 0.718383312225, 0.583910703659, 0.504613280296, 0.500101745129, 0.615231692791], "mean": [-7.95811223984, -7.80289983749, -7.85232925415, -8.08449745178, -7.94044303894, -10.2420787811], "max": [-4.83294439316, -4.4935874939, -5.05941152573, -5.64345121384, -4.99782657623, -7.29159832001], "dmean2": [0.828628063202, 1.10595536232, 0.902410447598, 0.773264169693, 0.74825835228, 0.859286546707], "median": [-7.75213527679, -7.82377815247, -7.79552745819, -7.96279764175, -7.85758495331, -9.97945690155], "dvar": [0.415825515985, 0.658628582954, 0.450853943825, 0.376518219709, 0.411366760731, 0.541945099831]}, "hfc": {"dvar2": 2481.4074707, "var": 1128.82531738, "min": 1.23641743418e-16, "dmean": 15.4870119095, "mean": 25.2943019867, "max": 300.27923584, "dmean2": 25.2698955536, "median": 14.6185188293, "dvar": 952.870666504}, "spectral_kurtosis": {"dvar2": 39.6455383301, "var": 22.6896247864, "min": -1.19551002979, "dmean": 1.83629882336, "mean": 4.01732730865, "max": 95.5547561646, "dmean2": 2.99615097046, "median": 3.01707267761, "dvar": 16.7021903992}, "mfcc": {"mean": [-671.794616699, 94.9943771362, 5.56608963013, 26.0700778961, 12.4453811646, 19.1553974152, 13.8482027054, 15.0200595856, 5.12037849426, 8.03402328491, 5.99461984634, 7.35704183578, 6.46901845932], "cov": [[10834.3183594, -1606.18847656, 505.133178711, -29.6032867432, -82.4629211426, -321.432312012, -154.617141724, -68.2057495117, -18.0434474945, -35.1860847473, -18.3378486633, 59.8463287354, 38.8635749817], [-1606.18847656, 1368.9588623, -165.757415771, 52.8442497253, 24.6131191254, 4.58912134171, 23.5514411926, -30.3633518219, -20.1361885071, 20.6512184143, -5.70098829269, -48.6714172363, -82.556312561], [505.133178711, -165.757415771, 1262.70947266, 144.92930603, 220.587524414, 184.125671387, -15.320892334, 71.5986785889, 35.4535942078, 42.9922637939, -34.092464447, -41.9314117432, -65.1209793091], [-29.6032867432, 52.8442497253, 144.92930603, 443.99899292, 146.234649658, 88.540473938, 119.199729919, 16.3243656158, 18.9892807007, 12.4313230515, 36.5490913391, 34.4735870361, 52.5695571899], [-82.4629211426, 24.6131191254, 220.587524414, 146.234649658, 317.474273682, 180.891281128, 139.094161987, 124.27154541, 18.7381381989, 50.3702049255, 41.136554718, 29.1091156006, 26.2812709808], [-321.432312012, 4.58912134171, 184.125671387, 88.540473938, 180.891281128, 289.131439209, 164.192855835, 140.686553955, 91.7014160156, 81.6977615356, 77.6672058105, 65.4337158203, 65.1784973145], [-154.617141724, 23.5514411926, -15.320892334, 119.199729919, 139.094161987, 164.192855835, 237.561889648, 147.234237671, 78.5007476807, 67.9824371338, 85.6113967896, 58.5550804138, 54.2364578247], [-68.2057495117, -30.3633518219, 71.5986785889, 16.3243656158, 124.27154541, 140.686553955, 147.234237671, 229.897506714, 108.73210907, 127.84727478, 78.5994262695, 52.7732696533, 41.2800369263], [-18.0434474945, -20.1361885071, 35.4535942078, 18.9892807007, 18.7381381989, 91.7014160156, 78.5007476807, 108.73210907, 195.520767212, 125.527450562, 92.2264709473, 64.7662506104, 45.1933898926], [-35.1860847473, 20.6512184143, 42.9922637939, 12.4313230515, 50.3702049255, 81.6977615356, 67.9824371338, 127.84727478, 125.527450562, 208.721557617, 118.636886597, 68.0729141235, 38.5164642334], [-18.3378486633, -5.70098829269, -34.092464447, 36.5490913391, 41.136554718, 77.6672058105, 85.6113967896, 78.5994262695, 92.2264709473, 118.636886597, 181.3487854, 109.974060059, 80.2571716309], [59.8463287354, -48.6714172363, -41.9314117432, 34.4735870361, 29.1091156006, 65.4337158203, 58.5550804138, 52.7732696533, 64.7662506104, 68.0729141235, 109.974060059, 162.003570557, 111.035331726], [38.8635749817, -82.556312561, -65.1209793091, 52.5695571899, 26.2812709808, 65.1784973145, 54.2364578247, 41.2800369263, 45.1933898926, 38.5164642334, 80.2571716309, 111.035331726, 199.62097168]], "icov": [[0.00012246966071, 0.000134536821861, -6.64709368721e-05, 7.78639514465e-06, -5.74056321057e-05, 0.000274800840998, -8.51736549521e-05, 3.87038562621e-05, -3.25267137669e-05, -2.53790876741e-05, 7.71912255004e-06, -8.66515983944e-05, -1.61273999311e-06], [0.000134536821861, 0.000955812516622, 0.000115714035928, -0.000121743658383, -0.000180886359885, 9.74530848907e-05, -0.000152842738316, 0.000377505843062, 6.22866064077e-05, -0.000403341575293, -2.54745191341e-06, 8.13984224806e-05, 0.000413835106883], [-6.64709368721e-05, 0.000115714035928, 0.00124874839094, -0.000469403807074, -0.000589058268815, -0.00116559013259, 0.00145980890375, -0.000337075412972, -0.000218256667722, -7.52551131882e-05, 0.000169398073922, 0.000246340903686, 0.000581797037739], [7.78639514465e-06, -0.000121743658383, -0.000469403807074, 0.00340037420392, -0.00133316707797, 0.000837742816657, -0.00250807427801, 0.00216275616549, -0.000407714454923, -0.000328081805492, 0.00025641839602, -4.7906931286e-05, -0.000885127927177], [-5.74056321057e-05, -0.000180886359885, -0.000589058268815, -0.00133316707797, 0.0069524589926, -0.00276520382613, -0.000897853227798, -0.00241357833147, 0.00266937189735, -0.000196125693037, -0.000119746793644, -6.10288334428e-05, 0.000341477105394], [0.000274800840998, 9.74530848907e-05, -0.00116559013259, 0.000837742816657, -0.00276520382613, 0.00931868888438, -0.0041362028569, 3.30354487232e-05, -0.00187000539154, 9.79139731498e-05, 0.000220747519052, -0.00081377272727, -0.00140733097214], [-8.51736549521e-05, -0.000152842738316, 0.00145980890375, -0.00250807427801, -0.000897853227798, -0.0041362028569, 0.0128204841167, -0.00614388519898, -0.000660684308968, 0.00304268114269, -0.00300372042693, 0.000575674639549, 0.000795958680101], [3.87038562621e-05, 0.000377505843062, -0.000337075412972, 0.00216275616549, -0.00241357833147, 3.30354487232e-05, -0.00614388519898, 0.0128600252792, -0.0020710490644, -0.00524999201298, 0.00212614913471, -5.75869626118e-06, -0.00058378605172], [-3.25267137669e-05, 6.22866064077e-05, -0.000218256667722, -0.000407714454923, 0.00266937189735, -0.00187000539154, -0.000660684308968, -0.0020710490644, 0.0103635126725, -0.00387772475369, -0.000892967917025, -0.000725969963241, 9.99481053441e-05], [-2.53790876741e-05, -0.000403341575293, -7.52551131882e-05, -0.000328081805492, -0.000196125693037, 9.79139731498e-05, 0.00304268114269, -0.00524999201298, -0.00387772475369, 0.0125254644081, -0.00585550954565, 0.000231409358094, 0.000839418207761], [7.71912255004e-06, -2.54745191341e-06, 0.000169398073922, 0.00025641839602, -0.000119746793644, 0.000220747519052, -0.00300372042693, 0.00212614913471, -0.000892967917025, -0.00585550954565, 0.0141607550904, -0.00598668772727, -0.000726048543584], [-8.66515983944e-05, 8.13984224806e-05, 0.000246340903686, -4.7906931286e-05, -6.10288334428e-05, -0.00081377272727, 0.000575674639549, -5.75869626118e-06, -0.000725969963241, 0.000231409358094, -0.00598668772727, 0.014193139039, -0.00510598532856], [-1.61273999311e-06, 0.000413835106883, 0.000581797037739, -0.000885127927177, 0.000341477105394, -0.00140733097214, 0.000795958680101, -0.00058378605172, 9.99481053441e-05, 0.000839418207761, -0.000726048543584, -0.00510598532856, 0.00887028221041]]}, "silence_rate_20dB": {"dvar2": 0, "var": 0, "min": 1, "dmean": 0, "mean": 1, "max": 1, "dmean2": 0, "median": 1, "dvar": 0}, "melbands_kurtosis": {"dvar2": 50548.625, "var": 42757.9570313, "min": -1.71848380566, "dmean": 56.8614730835, "mean": 102.265991211, "max": 3217.85302734, "dmean2": 86.9358673096, "median": 29.1435108185, "dvar": 21640.6660156}, "barkbands_spread": {"dvar2": 396.171936035, "var": 305.830230713, "min": 0.109468922019, "dmean": 8.6562538147, "mean": 20.5667438507, "max": 100.546607971, "dmean2": 13.7140874863, "median": 16.5358104706, "dvar": 161.56312561}, "erbbands_skewness": {"dvar2": 0.603811919689, "var": 0.614338517189, "min": -5.25075006485, "dmean": 0.469226032495, "mean": 0.0338736400008, "max": 7.69243478775, "dmean2": 0.722756505013, "median": 0.0501591078937, "dvar": 0.263397991657}, "average_loudness": 0.892739236355, "spectral_centroid": {"dvar2": 478798.5625, "var": 572461.125, "min": 80.846572876, "dmean": 419.77557373, "mean": 1616.7097168, "max": 10751.5507813, "dmean2": 636.748413086, "median": 1583.3034668, "dvar": 219215.46875}, "dissonance": {"dvar2": 0.00113781529944, "var": 0.000646791420877, "min": 0, "dmean": 0.0189495589584, "mean": 0.469301700592, "max": 0.499996960163, "dmean2": 0.0320716463029, "median": 0.475772023201, "dvar": 0.000430620915722}, "erbbands_flatness_db": {"dvar2": 0.000960427511018, "var": 0.00299322186038, "min": 0.0360182151198, "dmean": 0.020536461845, "mean": 0.132050037384, "max": 0.404018610716, "dmean2": 0.0304661560804, "median": 0.118797600269, "dvar": 0.000504200172145}, "spectral_strongpeak": {"dvar2": 0.27649885416, "var": 0.170909255743, "min": 3.47254536237e-09, "dmean": 0.146085768938, "mean": 0.406224429607, "max": 6.98686075211, "dmean2": 0.238217011094, "median": 0.307487726212, "dvar": 0.110801577568}, "spectral_rms": {"dvar2": 4.81141432829e-06, "var": 1.11395165732e-05, "min": 3.31060482847e-12, "dmean": 0.00101123435888, "mean": 0.00662765325978, "max": 0.0168098751456, "dmean2": 0.0014583885204, "median": 0.00686018262058, "dvar": 2.54998008131e-06}, "silence_rate_60dB": {"dvar2": 0.0564087219536, "var": 0.0916046798229, "min": 0, "dmean": 0.0278134867549, "mean": 0.102009817958, "max": 1, "dmean2": 0.0555165968835, "median": 0, "dvar": 0.0270400550216}, "melbands": {"dvar2": [0.000183572527021, 8.61437802087e-05, 2.53049147432e-05, 8.85365352588e-06, 1.63099525707e-06, 1.01563034605e-06, 4.5112219027e-07, 1.27322252297e-07, 5.50360717e-08, 7.29043634351e-08, 7.37364018732e-08, 2.36725590241e-08, 3.3317210324e-08, 1.69405662831e-08, 2.11289545859e-08, 9.4237959658e-09, 9.11872710674e-09, 2.99876568022e-09, 2.06154915361e-09, 2.94424395975e-09, 5.64395463698e-09, 2.2084363227e-09, 1.45615175473e-09, 9.45745926018e-10, 1.10569198242e-09, 9.54333612135e-10, 5.17092924035e-10, 6.66905364266e-10, 5.22183130069e-10, 3.51566692425e-10, 3.95750154869e-10, 3.42129297115e-10, 1.88088059017e-10, 2.20720441924e-10, 2.11190079313e-10, 1.80086751067e-10, 1.19878204585e-10, 8.5229170943e-11, 7.52673062765e-11, 4.64579208437e-11], "var": [0.000158496841323, 4.26038932346e-05, 6.74222474117e-06, 3.11711755785e-06, 3.77838432541e-07, 5.40555561201e-07, 1.67128064277e-07, 5.87555462062e-08, 2.21642846299e-08, 4.74794354943e-08, 4.35983018576e-08, 1.443055897e-08, 2.00218632784e-08, 1.28065060778e-08, 1.38533549077e-08, 6.87911327901e-09, 4.14258805037e-09, 1.95688176774e-09, 1.03348873903e-09, 1.82452464248e-09, 2.1337902556e-09, 9.01852426072e-10, 8.12211853329e-10, 5.46885536856e-10, 6.61818544412e-10, 5.21258924913e-10, 2.54986698422e-10, 2.76030392987e-10, 2.05730252278e-10, 1.50936513288e-10, 1.78225559311e-10, 1.18756934842e-10, 8.07549027648e-11, 9.6606174449e-11, 9.41111910624e-11, 6.92602364349e-11, 5.92952423273e-11, 3.0357143882e-11, 2.92476078079e-11, 1.95482848658e-11], "min": [6.58997045282e-24, 1.89936832718e-23, 7.07616593909e-24, 3.76009801056e-24, 6.53003792883e-24, 5.26208207435e-24, 1.24107770684e-23, 1.17512286093e-23, 7.19331336124e-24, 7.19981515282e-24, 8.57198584377e-24, 1.32751816604e-23, 1.73485848514e-23, 1.44528579064e-23, 2.92448534267e-23, 1.00734200715e-23, 7.63372336057e-24, 1.50752707383e-23, 1.28088670467e-23, 6.06247415385e-24, 9.80697993419e-24, 1.29909598095e-23, 9.40734063302e-24, 1.27087740085e-23, 1.23971715843e-23, 9.98022956619e-24, 7.56270931302e-24, 8.37181396679e-24, 1.26811977978e-23, 1.33252490844e-23, 1.18060078994e-23, 1.07996477874e-23, 1.3246776357e-23, 8.7232791102e-24, 5.54506896359e-24, 1.20875144912e-23, 1.436724441e-23, 1.34803833146e-23, 8.19251377164e-24, 9.68114163145e-24], "dmean": [0.00363393919542, 0.00196846807376, 0.00104271143209, 0.000650919915643, 0.000259848864516, 0.000297320977552, 0.000166113008163, 9.04699700186e-05, 5.98654842179e-05, 8.08323675301e-05, 7.478925545e-05, 5.0655035011e-05, 4.88509031129e-05, 4.57304340671e-05, 4.13348352595e-05, 3.11996955134e-05, 2.35766456171e-05, 1.58219318109e-05, 1.2514365153e-05, 1.52425682245e-05, 1.79338676389e-05, 1.34918846015e-05, 1.11658437163e-05, 9.68946551438e-06, 1.08969752546e-05, 9.58052169153e-06, 6.77373600411e-06, 6.59844090478e-06, 6.12463099969e-06, 5.21151469002e-06, 5.33535558134e-06, 4.78853144159e-06, 3.6637352423e-06, 4.26107044404e-06, 4.40865687779e-06, 4.03358581025e-06, 3.12668271363e-06, 2.39441692429e-06, 2.23280153477e-06, 1.7782173245e-06], "mean": [0.0121218264103, 0.00346307526343, 0.000928859168198, 0.000612044008449, 0.000211995691643, 0.000370083143935, 0.000153429791681, 0.000104156271846, 6.3058854721e-05, 9.3507253041e-05, 8.57572740642e-05, 6.26541514066e-05, 6.46300759399e-05, 6.01942992944e-05, 4.96970787935e-05, 4.04404854635e-05, 3.10370414809e-05, 2.07312605198e-05, 1.69805080077e-05, 1.95144493773e-05, 2.02895207622e-05, 1.71998071892e-05, 1.50978330566e-05, 1.37012220875e-05, 1.50731029862e-05, 1.33903367896e-05, 9.56796429818e-06, 8.65668425831e-06, 7.55161181587e-06, 6.57067039356e-06, 6.88749787514e-06, 5.46951469005e-06, 4.45419891548e-06, 4.9610739552e-06, 4.99170573676e-06, 4.35192987425e-06, 3.69993540517e-06, 2.61719083028e-06, 2.52857921623e-06, 2.00046724785e-06], "max": [0.083075940609, 0.0525682009757, 0.0292224157602, 0.0259929616004, 0.010585328564, 0.0108118299395, 0.0125347515568, 0.00369409937412, 0.00227701966651, 0.00298080011271, 0.00348903983831, 0.00171160476748, 0.00331936730072, 0.00114761991426, 0.00180383748375, 0.00154516473413, 0.000828547694255, 0.00149722129572, 0.00113232701551, 0.00133447151165, 0.000633615651168, 0.000467593636131, 0.000435282447143, 0.000458398659248, 0.000344767002389, 0.0