{"tonal": {"thpcp": [1, 0.646769404411, 0.50967758894, 0.580218076706, 0.614239931107, 0.486826837063, 0.409636050463, 0.62314003706, 0.72399097681, 0.590382874012, 0.664994060993, 0.80436193943, 0.715885579586, 0.646776378155, 0.792485415936, 0.767850697041, 0.642970144749, 0.60029989481, 0.553060054779, 0.562228620052, 0.653713941574, 0.747534275055, 0.721782147884, 0.729799747467, 0.740975260735, 0.741061806679, 0.861540257931, 0.830066263676, 0.833278954029, 0.937961041927, 0.819093704224, 0.737842559814, 0.666061103344, 0.611527383327, 0.711427152157, 0.990149796009], "hpcp": {"dmean2": [0.149656504393, 0.136035501957, 0.169160306454, 0.17454893887, 0.169640362263, 0.184452474117, 0.206237971783, 0.19251896441, 0.192102327943, 0.20960329473, 0.199386820197, 0.191941738129, 0.178462028503, 0.157077923417, 0.158651009202, 0.173076555133, 0.190113008022, 0.200018197298, 0.199699789286, 0.203344196081, 0.2000721246, 0.216462865472, 0.209959059954, 0.216427132487, 0.235211864114, 0.207398980856, 0.185986578465, 0.182664081454, 0.169012323022, 0.202038869262, 0.24989143014, 0.253907740116, 0.216112658381, 0.175067305565, 0.177676364779, 0.1672206074], "median": [0.0468094795942, 0.0428878702223, 0.0748349204659, 0.0802408307791, 0.0781661123037, 0.0689764246345, 0.0862922221422, 0.0894648209214, 0.088290527463, 0.114034585655, 0.109214484692, 0.0822796076536, 0.0614583045244, 0.0633800700307, 0.0672891139984, 0.0832771509886, 0.10129314661, 0.0977076590061, 0.105960458517, 0.105913132429, 0.11408855021, 0.122184991837, 0.119445286691, 0.132262170315, 0.150539189577, 0.131665498018, 0.092706784606, 0.0859413444996, 0.0767646729946, 0.0960092842579, 0.152787595987, 0.138383835554, 0.083971247077, 0.0462127774954, 0.062361381948, 0.0528492853045], "min": [0, 0, 0, 0, 0, 0, 0, 0, 0, 0, 0, 0, 0, 0, 0, 0, 0, 0, 0, 0, 0, 0, 0, 0, 0, 0, 0, 0, 0, 0, 0, 0, 0, 0, 0, 0], "dvar2": [0.0508795529604, 0.044362090528, 0.0528735108674, 0.0614002756774, 0.0515187643468, 0.0650336965919, 0.0758827850223, 0.0635782405734, 0.0622688196599, 0.0671910196543, 0.0619932934642, 0.0623291283846, 0.0691128894687, 0.0499539636075, 0.0487117990851, 0.0559361949563, 0.06142931059, 0.0677362605929, 0.0635400637984, 0.0663847997785, 0.0633759498596, 0.0742771327496, 0.0669066235423, 0.0671291202307, 0.0858412459493, 0.0633991509676, 0.0602973774076, 0.060662869364, 0.0542034134269, 0.0692100301385, 0.0915091857314, 0.101285487413, 0.0847814157605, 0.0730554610491, 0.0657690986991, 0.0636295303702], "dvar": [0.0190976243466, 0.0170810557902, 0.0207897108048, 0.0248048901558, 0.0196204129606, 0.0249487571418, 0.0293587874621, 0.0249216929078, 0.0238076616079, 0.0260225348175, 0.0247760340571, 0.0236046705395, 0.0259256958961, 0.0196212269366, 0.0187538415194, 0.0213336795568, 0.0234493799508, 0.0256533194333, 0.0243020318449, 0.0258362144232, 0.0238799527287, 0.028809055686, 0.0261121783406, 0.0261807069182, 0.03310617432, 0.0240626297891, 0.0236175190657, 0.0233779158443, 0.0209940616041, 0.026341535151, 0.0340628549457, 0.0383857898414, 0.0303214732558, 0.0271208249032, 0.0243227444589, 0.0250215101987], "dmean": [0.0887164473534, 0.0800880566239, 0.101935811341, 0.104933477938, 0.101071767509, 0.109215974808, 0.1225566715, 0.114577703178, 0.113450832665, 0.12612195313, 0.120167553425, 0.113329894841, 0.104602769017, 0.0927514210343, 0.094627186656, 0.10361277312, 0.112769797444, 0.118562944233, 0.118717119098, 0.120432533324, 0.118280373514, 0.129509821534, 0.125266432762, 0.128470048308, 0.138985350728, 0.123463310301, 0.111133337021, 0.10905097425, 0.100172102451, 0.119170792401, 0.146819472313, 0.149400427938, 0.125544607639, 0.101652704179, 0.104609631002, 0.0994647294283], "max": [1, 1, 1, 1, 1, 1, 1, 1, 1, 1, 1, 1, 1, 1, 1, 1, 1, 1, 1, 1, 1, 1, 1, 1, 1, 1, 1, 1, 1, 1, 1, 1, 1, 1, 1, 1], "var": [0.0386513508856, 0.0314421504736, 0.0508034490049, 0.0744506493211, 0.0421639941633, 0.0637225806713, 0.0806148573756, 0.062988832593, 0.0501536242664, 0.0637224465609, 0.063287474215, 0.0503207594156, 0.0550198368728, 0.0461457818747, 0.0451397038996, 0.0549686290324, 0.0639066174626, 0.058041062206, 0.0544773265719, 0.0600387863815, 0.0533938072622, 0.0748836994171, 0.0674560070038, 0.061702478677, 0.0774889215827, 0.0591052547097, 0.0645326897502, 0.0535564497113, 0.0495710894465, 0.0590064525604, 0.0833194777369, 0.0954692810774, 0.0486714839935, 0.048216059804, 0.0479230508208, 0.0631895661354], "mean": [0.133519023657, 0.112348377705, 0.170904815197, 0.198564574122, 0.161920696497, 0.182383850217, 0.220607429743, 0.196341559291, 0.177387401462, 0.217350125313, 0.21059371531, 0.176343485713, 0.164640575647, 0.151684403419, 0.154199004173, 0.179290130734, 0.2050216645, 0.197958782315, 0.20015771687, 0.203222751617, 0.203246489167, 0.236289381981, 0.227657198906, 0.22853833437, 0.257248848677, 0.224647819996, 0.202363565564, 0.182676509023, 0.167719870806, 0.195118770003, 0.271562337875, 0.274263888597, 0.177385494113, 0.139786154032, 0.159132868052, 0.16846382618]}, "tuning_equal_tempered_deviation": 0.185885637999, "chords_changes_rate": 0.0602453537285, "key_key": "C", "tuning_diatonic_strength": 0.469930201769, "key_scale": "major", "chords_number_rate": 0.0014575489331, "tuning_frequency": 434.193115234, "tuning_nontempered_energy_ratio": 0.870573163033, "chords_histogram": [9.99635601044, 12.018705368, 6.09133958817, 2.41710186005, 1.44540262222, 1.33001339436, 2.19846963882, 1.56686508656, 2.95153641701, 2.92117094994, 3.09729146957, 2.21061587334, 1.25713586807, 3.46775174141, 1.84622859955, 7.52459621429, 3.06085276604, 6.12777853012, 4.1115026474, 7.38491439819, 5.52046632767, 3.38880109787, 3.42523980141, 4.6398639679], "key_strength": 0.48662224412, "chords_key": "E", "chords_strength": {"dmean2": 0.00825111847371, "median": 0.455207705498, "min": 0.160375162959, "dvar2": 5.40178225492e-05, "dvar": 3.97908806917e-05, "dmean": 0.00780772091821, "max": 0.78534835577, "var": 0.011896292679, "mean": 0.458154648542}, "chords_scale": "minor", "hpcp_entropy": {"dmean2": 0.944356143475, "median": 2.25489664078, "min": 0, "dvar2": 0.554159641266, "dvar": 0.194220378995, "dmean": 0.556282043457, "max": 4.27328681946, "var": 0.383446753025, "mean": 2.23370242119}}, "metadata": {"audio_properties": {"equal_loudness": 0, "codec": "flac", "downmix": "mix", "sample_rate": 48000, "analysis_sample_rate": 44100, "bit_rate": 0, "md5_encoded": "5bc144a5ee4ba619ccda5ff031481e42", "length": 764.596801758, "replay_gain": 3.77432823181, "lossless": true}, "version": {"essentia_build_sha": "70f2e5ece6736b2c40cc944ad0e695b16b925413", "essentia": "2.1-beta2", "extractor": "music 1.0", "essentia_git_sha": "v2.1_beta2"}, "tags": {"title": ["The Perils of Space Navigation"], "media": ["Digital Media"], "albumartist": ["S.E.T.I."], "tracktotal": ["11"], "musicbrainz_releasegroupid": ["a332fd30-cf07-390d-b216-2785f56ff0af"], "releasetype": ["album"], "musicbrainz_recordingid": ["0ec2d12e-74c5-4993-a602-4f7bc85d11dc"], "originalyear": ["2004"], "musicbrainz_releasetrackid": ["ef3393f0-bc7b-4551-87f2-678a43e13a1b"], "discnumber": ["1"], "album": ["SEnTIent"], "releasecountry": ["XW"], "musicbrainz_albumartistid": ["af14cd56-47e3-408e-9d93-d0e53e4138f0"], "date": ["2015-11-05"], "file_name": "11_The_Perils_of_Space_Navigation.flac", "disctotal": ["1"], "musicbrainz_artistid": ["af14cd56-47e3-408e-9d93-d0e53e4138f0"], "originaldate": ["2004"], "musicbrainz_albumid": ["9fe2ffa7-4a74-4c30-a510-3e4296b567cb"], "artist": ["S.E.T.I."], "artistsort": ["S.E.T.I."], "tracknumber": ["11"], "albumartistsort": ["S.E.T.I."], "acoustid_id": ["aba76407-4560-4ea4-8a3e-1701ece364ee"], "script": ["Latn"], "releasestatus": ["official"]}}, "rhythm": {"bpm_histogram_first_peak_bpm": {"dmean2": 0, "median": 136, "min": 136, "dvar2": 0, "dvar": 0, "dmean": 0, "max": 136, "var": 0, "mean": 136}, "bpm": 137.052658081, "bpm_histogram_second_peak_spread": {"dmean2": 0, "median": 0.136611998081, "min": 0.136611998081, "dvar2": 0, "dvar": 0, "dmean": 0, "max": 0.136611998081, "var": 0, "mean": 0.136611998081}, "bpm_histogram_first_peak_weight": {"dmean2": 0, "median": 0.107165500522, "min": 0.107165500522, "dvar2": 0, "dvar": 0, "dmean": 0, "max": 0.107165500522, "var": 0, "mean": 0.107165500522}, "onset_rate": 0.459057629108, "beats_position": [0.580498874187, 1.17260766029, 1.764716506, 2.35682535172, 2.96054410934, 3.64553284645, 4.33052158356, 5.02712011337, 5.71210861206, 6.38548755646, 7.05886602402, 7.73224496841, 8.39401340485, 9.05578231812, 9.72916126251, 10.3909292221, 10.9830379486, 11.5751476288, 12.1672563553, 12.7477550507, 13.3398637772, 13.9203624725, 14.4892511368, 14.9768705368, 15.4528799057, 15.9288883209, 16.4048976898, 16.8692970276, 17.3453063965, 17.8213157654, 18.3205432892, 18.8197727203, 19.3190021515, 19.8298416138, 20.3290691376, 20.8282985687, 21.3275279999, 21.826757431, 22.3027667999, 22.7787742615, 23.2431735992, 23.707572937, 24.1835823059, 24.6595916748, 25.1356010437, 25.6116104126, 26.0876178741, 26.563627243, 27.0512466431, 27.5388660431, 28.0380954742, 28.6302032471, 29.2339229584, 29.9305210114, 30.6271190643, 31.3237190247, 32.0203170776, 32.7285270691, 33.4367332458, 34.1449432373, 34.8531494141, 35.5613594055, 36.1534690857, 36.7455787659, 37.3376846313, 37.9297943115, 38.5219039917, 39.1256217957, 39.7293434143, 40.344669342, 40.9599990845, 41.5753288269, 42.1906585693, 42.8059844971, 43.432926178, 44.0598640442, 44.6868019104, 45.3137397766, 45.9406776428, 46.5792274475, 47.2177772522, 47.8563270569, 48.4832649231, 49.1914749146, 49.8996810913, 50.6194992065, 51.3393173218, 52.0591392517, 52.7789573669, 53.510383606, 54.2418136597, 54.9732398987, 55.7046699524, 56.4361000061, 57.1443061829, 57.8525161743, 58.5491142273, 59.2457122803, 59.9423103333, 60.6505203247, 61.3587303162, 62.0669364929, 62.7054862976, 63.3440361023, 63.9825820923, 64.621131897, 65.2712936401, 65.9098434448, 66.5483856201, 67.1985473633, 67.8487091064, 68.4408187866, 69.0329208374, 69.6250305176, 70.2171401978, 70.8092498779, 71.3549194336, 71.9005889893, 72.4462585449, 72.9570999146, 73.4679336548, 73.9787750244, 74.5360565186, 75.1049423218, 75.673828125, 76.1962814331, 76.7187271118, 77.2411804199, 77.8332901001, 78.4137878418, 78.9942855835, 79.5747833252, 80.1552810669, 80.8054428101, 81.4555969238, 82.105758667, 82.7559204102, 83.4060745239, 84.0678405762, 84.7296142578, 85.4029922485, 86.0763702393, 86.691696167, 87.3070297241, 87.9107437134, 88.5028533936, 89.1065750122, 89.7335128784, 90.3604507446, 90.9873886108, 91.6143264771, 92.2412643433, 92.8798141479, 93.5067520142, 94.0988616943, 94.6909713745, 95.2946929932, 95.8984146118, 96.5021286011, 97.1174621582, 97.7327880859, 98.3365097046, 98.9402236938, 99.5439453125, 100.124443054, 100.704940796, 101.285438538, 101.865936279, 102.44644165, 103.026939392, 103.607437134, 104.176322937, 104.74521637, 105.325714111, 105.952651978, 106.579589844, 107.276191711, 107.961174011, 108.64616394, 109.33115387, 110.016143799, 110.712738037, 111.397727966, 112.001449585, 112.605171204, 113.208885193, 113.812606812, 114.416320801, 114.961990356, 115.519271851, 116.076553345, 116.6222229, 117.167892456, 117.783218384, 118.41015625, 119.013877869, 119.617591858, 120.221313477, 120.825035095, 121.428749084, 122.032470703, 122.636184692, 123.239906311, 123.797187805, 124.35446167, 124.900131226, 125.445800781, 125.991470337, 126.537139893, 127.082809448, 127.628479004, 128.17414856, 128.719818115, 129.277099609, 129.753097534, 130.217498779, 130.681900024, 131.076644897, 131.471374512, 131.854507446, 132.249252319, 132.655593872, 133.050338745, 133.445083618, 133.839813232, 134.234558105, 134.62928772, 135.024032593, 135.418777466, 135.825119019, 136.23147583, 136.637817383, 137.078994751, 137.520172119, 137.961364746, 138.402542114, 138.843719482, 139.284896851, 139.726074219, 140.167251587, 140.608428955, 141.049606323, 141.490783691, 141.931976318, 142.373153687, 142.918823242, 143.464492798, 144.021759033, 144.555831909, 145.089889526, 145.623947144, 146.134780884, 146.645614624, 147.202896118, 147.748565674, 148.294235229, 148.839904785, 149.385574341, 149.931243896, 150.488525391, 151.034194946, 151.579864502, 152.137145996, 152.694412231, 153.240081787, 153.774139404, 154.30821228, 154.842269897, 155.376327515, 155.910385132, 156.3515625, 156.792739868, 157.233917236, 157.651885986, 158.058227539, 158.47618103, 158.89414978, 159.312103271, 159.730072021, 160.148025513, 160.554367065, 160.960723877, 161.378677368, 161.796646118, 162.202987671, 162.609344482, 163.015686035, 163.422042847, 163.828384399, 164.234741211, 164.641082764, 165.09387207, 165.546661377, 165.999450684, 166.440628052, 166.88180542, 167.322982788, 167.764175415, 168.228561401, 168.692962646, 169.145751953, 169.610153198, 170.062942505, 170.515731812, 170.968521118, 171.421310425, 171.874099731, 172.338500977, 172.837722778, 173.336959839, 173.836181641, 174.335418701, 174.834640503, 175.333877563, 175.833099365, 176.332336426, 176.831558228, 177.284347534, 177.737136841, 178.189926147, 178.712371826, 179.234832764, 179.757278442, 180.37260437, 180.987930298, 181.603256226, 182.230194092, 182.857131958, 183.484085083, 184.099411011, 184.714736938, 185.341674805, 186.015060425, 186.688430786, 187.361816406, 188.035186768, 188.696960449, 189.370330811, 190.055328369, 190.670654297, 191.274368286, 191.878097534, 192.470199585, 193.050704956, 193.70085144, 194.351013184, 195.001174927, 195.65133667, 196.347930908, 197.044525146, 197.752746582, 198.460952759, 199.203994751, 199.935409546, 200.6668396, 201.398269653, 202.10647583, 202.826293945, 203.546112061, 204.277542114, 205.008972168, 205.728790283, 206.448608398, 207.11038208, 207.772155762, 208.329421997, 208.89831543, 209.467208862, 210.024490356, 210.581771851, 211.139038086, 211.707931519, 212.276824951, 212.834106445, 213.402984619, 213.971878052, 214.471099854, 214.970336914, 215.469558716, 215.899139404, 216.340316772, 216.781494141, 217.153015137, 217.524536133, 217.88444519, 218.255966187, 218.627471924, 218.987380981, 219.358901978, 219.730422974, 220.10194397, 220.473464966, 220.844985962, 221.216506958, 221.576416016, 221.936325073, 222.296234131, 222.656143188, 223.085708618, 223.526885986, 223.956451416, 224.386032104, 224.827209473, 225.268386841, 225.697952271, 226.150741577, 226.615142822, 227.067932129, 227.578765869, 228.089614868, 228.58883667, 229.08807373, 229.587295532, 230.086532593, 230.585754395, 231.084991455, 231.584213257, 232.013778687, 232.443344116, 232.872924805, 233.302490234, 233.732055664, 234.161621094, 234.591201782, 235.03237915, 235.473556519, 235.914733887, 236.355911255, 236.797088623, 237.226669312, 237.66784668, 238.097412109, 238.526977539, 238.956542969, 239.386123657, 239.827301025, 240.256866455, 240.698043823, 241.162445068, 241.626846313, 242.091247559, 242.520812988, 242.950378418, 243.391555786, 243.832733154, 244.262313843, 244.691879272, 245.133056641, 245.56262207, 245.9921875, 246.433380127, 246.874557495, 247.315734863, 247.756912231, 248.1980896, 248.650878906, 249.092056274, 249.533233643, 249.974411011, 250.415603638, 250.856781006, 251.344390869, 251.832015991, 252.319625854, 252.795639038, 253.28326416, 253.770874023, 254.246887207, 254.722900391, 255.187301636, 255.651702881, 256.127716064, 256.603729248, 257.068115234, 257.567352295, 258.066558838, 258.565795898, 259.076629639, 259.575866699, 260.07510376, 260.57434082, 261.073547363, 261.549560547, 262.013977051, 262.478363037, 262.942749023, 263.372344971, 263.8019104, 264.23147583, 264.672637939, 265.102203369, 265.543395996, 265.984588623, 266.414154053, 266.855316162, 267.284881592, 267.714447021, 268.144042969, 268.573608398, 269.003173828, 269.432739258, 269.873931885, 270.303497314, 270.802703857, 271.301940918, 271.812774658, 272.323608398, 272.834472656, 273.345306396, 273.856140137, 274.366973877, 274.866210938, 275.365447998, 275.864654541, 276.375518799, 276.805084229, 277.223022461, 277.640991211, 278.070556641, 278.50012207, 278.91809082, 279.33605957, 279.753997803, 280.171966553, 280.589935303, 281.007873535, 281.425842285, 281.843811035, 282.261749268, 282.621673584, 282.981567383, 283.341491699, 283.701385498, 284.072906494, 284.432830811, 284.792724609, 285.152648926, 285.512542725, 285.872467041, 286.243988037, 286.603881836, 287.033477783, 287.463043213, 287.892608643, 288.322174072, 288.751739502, 289.181304932, 289.610870361, 290.040435791, 290.470031738, 290.899597168, 291.340759277, 291.781951904, 292.234741211, 292.687530518, 293.047424316, 293.407348633, 293.778869629, 294.150390625, 294.521911621, 294.893432617, 295.264923096, 295.636444092, 296.007965088, 296.367889404, 296.7394104, 297.099304199, 297.459228516, 297.819122314, 298.190643311, 298.562164307, 298.933685303, 299.305206299, 299.665130615, 300.036651611, 300.39654541, 300.756469727, 301.116363525, 301.487884521, 301.859405518, 302.230926514, 302.590820312, 302.950744629, 303.322265625, 303.682159424, 304.04208374, 304.401977539, 304.761901855, 305.121795654, 305.49331665, 305.853240967, 306.271209717, 306.689147949, 307.118713379, 307.548278809, 307.977874756, 308.407440186, 308.825378418, 309.254974365, 309.684539795, 310.114105225, 310.543670654, 310.973236084, 311.402801514, 311.832366943, 312.331604004, 312.830841064, 313.341674805, 313.840911865, 314.340118408, 314.839355469, 315.350189209, 315.84942627, 316.34866333, 316.847900391, 317.347106934, 317.846343994, 318.333953857, 318.821594238, 319.309204102, 319.796813965, 320.284423828, 320.783660889, 321.224853516, 321.666015625, 322.107208252, 322.478729248, 322.838623047, 323.198547363, 323.570068359, 323.929962158, 324.301483154, 324.67300415, 325.032928467, 325.404449463, 325.775970459, 326.147491455, 326.518981934, 326.87890625, 327.238800049, 327.610321045, 327.981842041, 328.353363037, 328.713287354, 329.08480835, 329.444702148, 329.804626465, 330.222564697, 330.640533447, 331.058502197, 331.476470947, 331.906036377, 332.323974609, 332.741943359, 333.159912109, 333.577850342, 333.995819092, 334.425384521, 334.866577148, 335.307739258, 335.748931885, 336.248168945, 336.735778809, 337.223388672, 337.722625732, 338.221862793, 338.721069336, 339.19708252, 339.661499023, 340.137512207, 340.567077637, 340.985015869, 341.414611816, 341.855773926, 342.296966553, 342.738128662, 343.179321289, 343.608886719, 344.050048828, 344.491241455, 344.932434082, 345.373596191, 345.814788818, 346.325622559, 346.836456299, 347.347290039, 347.858123779, 348.35736084, 348.8565979, 349.355834961, 349.866668701, 350.365875244, 350.865112305, 351.364349365, 351.863586426, 352.42086792, 352.989746094, 353.570251465, 354.150756836, 354.731231689, 355.311737061, 355.892242432, 356.472747803, 357.041625977, 357.61050415, 358.237457275, 358.864379883, 359.502929688, 360.222747803, 360.942565918, 361.67401123, 362.393829346, 363.102020264, 363.810241699, 364.483612061, 365.133789062, 365.783935547, 366.445709229, 367.10748291, 367.780853271, 368.454223633, 369.127624512, 369.800994873, 370.393096924, 370.985198975, 371.565704346, 372.146209717, 372.726715088, 373.295593262, 373.864471436, 374.444976807, 375.002258301, 375.571136475, 376.140045166, 376.70892334, 377.277801514, 377.858306885, 378.438812256, 379.00769043, 379.576599121, 380.133880615, 380.691162109, 381.248443604, 381.80569458, 382.386199951, 382.978302002, 383.57043457, 384.162536621, 384.754638672, 385.335144043, 385.915649414, 386.496124268, 387.065032959, 387.633911133, 388.202819824, 388.783294678, 389.352203369, 389.921081543, 390.489959717, 391.058868408, 391.627746582, 392.196624756, 392.719085693, 393.241546631, 393.763977051, 394.216766357, 394.669555664, 395.122344971, 395.5519104, 395.993103027, 396.434265137, 396.863861084, 397.293426514, 397.734588623, 398.17578125, 398.616943359, 399.058135986, 399.487701416, 399.928894043, 400.358459473, 400.788024902, 401.217590332, 401.728424072, 402.227661133, 402.726898193, 403.226104736, 403.725341797, 404.224578857, 404.723815918, 405.223022461, 405.733856201, 406.233093262, 406.720703125, 407.208343506, 407.707580566, 408.206787109, 408.69442749, 409.182037354, 409.669647217, 410.15725708, 410.644897461, 411.120910645, 411.596893311, 412.072906494, 412.548919678, 413.013336182, 413.477722168, 413.953735352, 414.429748535, 414.917358398, 415.404968262, 415.892608643, 416.391815186, 416.902679443, 417.413513184, 417.924346924, 418.423583984, 418.934417725, 419.433654785, 419.944488525, 420.455322266, 420.896514893, 421.337677002, 421.767242432, 422.208435059, 422.638000488, 423.067565918, 423.508758545, 423.949920654, 424.379486084, 424.809051514, 425.250244141, 425.69140625, 426.132598877, 426.562164307, 426.991729736, 427.432922363, 427.862487793, 428.30368042, 428.73324585, 429.174407959, 429.615600586, 430.056762695, 430.497955322, 430.939117432, 431.380310059, 431.821502686, 432.262664795, 432.634185791, 433.005706787, 433.377227783, 433.748748779, 434.108642578, 434.480163574, 434.85168457, 435.211608887, 435.571502686, 435.931427002, 436.302947998, 436.674468994, 437.04598999, 437.417510986, 437.789031982, 438.160522461, 438.624938965, 439.089324951, 439.565338135, 440.041351318, 440.505737305, 440.958526611, 441.422943115, 441.875732422, 442.328521729, 442.781311035, 443.280548096, 443.779754639, 444.290618896, 444.801452637, 445.30065918, 445.79989624, 446.368804932, 446.937683105, 447.506561279, 448.08706665, 448.655944824, 449.224853516, 449.793731689, 450.327789307, 450.861846924, 451.384307861, 451.906738281, 452.429199219, 452.951660156, 453.450866699, 453.961700439, 454.4609375, 455.041442871, 455.621948242, 456.202453613, 456.782928467, 457.351837158, 457.932312012, 458.512817383, 459.081726074, 459.662200928, 460.231109619, 460.799987793, 461.368865967, 461.949371338, 462.518280029, 463.075561523, 463.644439697, 464.166870117, 464.677734375, 465.176940918, 465.687805176, 466.187011719, 466.628204346, 467.069366455, 467.510559082, 467.951751709, 468.392913818, 468.834106445, 469.275268555, 469.716461182, 470.157623291, 470.587188721, 471.028381348, 471.469573975, 471.899139404, 472.340301514, 472.758270264, 473.176239014, 473.594177246, 474.023742676, 474.453338623, 474.882904053, 475.312469482, 475.683990479, 476.055511475, 476.427032471, 476.798553467, 477.158447266, 477.518371582, 477.889892578, 478.249786377, 478.621307373, 478.981201172, 479.341125488, 479.701019287, 480.072540283, 480.455688477, 480.838806152, 481.210327148, 481.581848145, 481.96496582, 482.348114014, 482.731231689, 483.160797119, 483.590362549, 484.031555176, 484.472747803, 484.913909912, 485.355102539, 485.784667969, 486.214233398, 486.643798828, 487.073364258, 487.502929688, 487.932495117, 488.362091064, 488.803253174, 489.244445801, 489.67401123, 490.10357666, 490.53314209, 490.96270752, 491.392272949, 491.833465576, 492.263031006, 492.692596436, 493.122161865, 493.551727295, 493.992919922, 494.434082031, 494.875274658, 495.316467285, 495.757629395, 496.187194824, 496.616760254, 497.046325684, 497.487518311, 497.928710938, 498.369873047, 498.811065674, 499.240631104, 499.670196533, 500.099761963, 500.529327393, 500.900848389, 501.260772705, 501.632293701, 501.9921875, 502.352111816, 502.712005615, 503.083526611, 503.455047607, 503.826568604, 504.1980896, 504.569610596, 504.941131592, 505.312652588, 505.684173584, 506.05569458, 506.427215576, 506.798706055, 507.170227051, 507.530151367, 507.890045166, 508.261566162, 508.633087158, 509.004608154, 509.364532471, 509.72442627, 510.084350586, 510.455871582, 510.815765381, 511.175689697, 511.535583496, 511.895507812, 512.255432129, 512.61529541, 512.975219727, 513.335144043, 513.695068359, 514.066589355, 514.438110352, 514.797973633, 515.157897949, 515.517822266, 515.877746582, 516.237609863, 516.609130859, 516.969055176, 517.328979492, 517.700500488, 518.072021484, 518.44354248, 518.815063477, 519.186584473, 519.558105469, 519.91796875, 520.277893066, 520.637817383, 520.997741699, 521.369262695, 521.729125977, 522.100646973, 522.472167969, 522.843688965, 523.215209961, 523.575134277, 523.946655273, 524.31817627, 524.689697266, 525.061218262, 525.432739258, 525.792663574, 526.152526855, 526.512451172, 526.872375488, 527.232299805, 527.603820801, 527.975341797, 528.346862793, 528.706726074, 529.07824707, 529.449768066, 529.821289062, 530.204406738, 530.645629883, 531.086791992, 531.527954102, 531.969177246, 532.410339355, 532.851501465, 533.292663574, 533.722229004, 534.151855469, 534.581420898, 535.022583008, 535.452148438, 535.881713867, 536.311279297, 536.79888916, 537.286499023, 537.774169922, 538.261779785, 538.749389648, 539.236999512, 539.74786377, 540.258666992, 540.746276855, 541.257141113, 541.756347656, 542.255615234, 542.766418457, 543.277282715, 543.776489258, 544.275756836, 544.774963379, 545.285766602, 545.703735352, 546.110107422, 546.516479492, 546.922790527, 547.317565918, 547.712280273, 548.118652344, 548.524963379, 548.942932129, 549.349304199, 549.755615234, 550.220031738, 550.684448242, 551.148803711, 551.636474609, 552.124084473, 552.611694336, 553.099304199, 553.575317383, 554.051330566, 554.504089355, 554.980102539, 555.444519043, 555.908935547, 556.373352051, 556.82611084, 557.290527344, 557.766540527, 558.242553711, 558.764953613, 559.275817871, 559.786682129, 560.343933105, 560.901184082, 561.458496094, 562.01574707, 562.573059082, 563.130310059, 563.69921875, 564.256469727, 564.802185059, 565.359436035, 565.916748047, 566.473999023, 567.031311035, 567.588562012, 568.157470703, 568.726318359, 569.295227051, 569.864135742, 570.432983398, 570.99029541, 571.547546387, 572.093261719, 572.720153809, 573.347106934, 573.974060059, 574.601013184, 575.227905273, 575.854858398, 576.481811523, 577.108764648, 577.735656738, 578.362609863, 579.001159668, 579.639709473, 580.278259277, 580.916809082, 581.555358887, 582.205505371, 582.86730957, 583.540649414, 584.237243652, 584.933837891, 585.642089844, 586.350280762, 587.046875, 587.743469238, 588.440063477, 589.078613281, 589.717163086, 590.355712891, 590.994262695, 591.6328125, 592.282958984, 592.921508789, 593.560058594, 594.210266113, 594.790710449, 595.359619141, 595.940124512, 596.509033203, 597.077880859, 597.646789551, 598.215698242, 598.796203613, 599.307006836, 599.806274414, 600.305480957, 600.816345215, 601.315551758, 601.814758301, 602.314025879, 602.813232422, 603.312438965, 603.823303223, 604.322509766, 604.821777344, 605.320983887, 605.80859375, 606.296203613, 606.795471191, 607.294677734, 607.793884277, 608.223510742, 608.653076172, 609.094238281, 609.535400391, 609.9765625, 610.417785645, 610.847351074, 611.276916504, 611.706481934, 612.136047363, 612.565612793, 612.995178223, 613.424743652, 613.854309082, 614.283874512, 614.713439941, 615.143005371, 615.584228516, 616.025390625, 616.454956055, 616.896118164, 617.337341309, 617.778503418, 618.266113281, 618.753723145, 619.241333008, 619.740600586, 620.239807129, 620.739013672, 621.23828125, 621.737487793, 622.236694336, 622.735961914, 623.235168457, 623.734436035, 624.233642578, 624.732849121, 625.220458984, 625.719726562, 626.230529785, 626.729797363, 627.310302734, 627.879150391, 628.448059082, 629.016967773, 629.597473145, 630.166320801, 630.735229492, 631.304138184, 631.86138916, 632.418701172, 632.975952148, 633.428710938, 633.881530762, 634.334289551, 634.787109375, 635.239868164, 635.692687988, 636.145446777, 636.598266602, 637.062683105, 637.619934082, 638.177246094, 638.73449707, 639.291809082, 639.849060059, 640.406311035, 640.905578613, 641.416381836, 641.915649414, 642.414855957, 642.9140625, 643.401733398, 643.889343262, 644.388549805, 644.899414062, 645.410217285, 645.909484863, 646.408691406, 646.838256836, 647.279418945, 647.72064209, 648.161804199, 648.591369629, 649.020935059, 649.450500488, 649.891662598, 650.321228027, 650.762451172, 651.203613281, 651.644775391, 652.085998535, 652.527160645, 652.968322754, 653.409484863, 653.839111328, 654.268676758, 654.698242188, 655.139404297, 655.568969727, 656.010131836, 656.45135498, 656.89251709, 657.333679199, 657.774841309, 658.204406738, 658.575927734, 658.935852051, 659.295776367, 659.667297363, 660.038818359, 660.410339355, 660.781860352, 661.141784668, 661.501647949, 661.861572266, 662.221496582, 662.581420898, 662.9296875, 663.289611816, 663.649536133, 664.009399414, 664.392578125, 664.764099121, 665.135559082, 665.507080078, 665.878601074, 666.25012207, 666.621643066, 666.993164062, 667.353088379, 667.713012695, 668.084533691, 668.444458008, 668.804321289, 669.152648926, 669.500915527, 669.849243164, 670.20916748, 670.569030762, 670.928955078, 671.288879395, 671.648803711, 672.020324707, 672.380187988, 672.740112305, 673.111633301, 673.483154297, 673.843078613, 674.20300293, 674.574523926, 675.015686035, 675.456848145, 675.886413574, 676.315979004, 676.757202148, 677.198364258, 677.627929688, 677.987854004, 678.347717285, 678.719238281, 679.079162598, 679.439086914, 679.79901123, 680.170532227, 680.542053223, 680.913574219, 681.2734375, 681.644958496, 682.016479492, 682.388000488, 682.747924805, 683.107849121, 683.479370117, 683.850891113, 684.222412109, 684.593933105, 684.953796387, 685.395019531, 685.836181641, 686.26574707, 686.70690918, 687.148132324, 687.589294434, 688.030456543, 688.471618652, 688.901184082, 689.330810547, 689.748718262, 690.178283691, 690.607849121, 691.037475586, 691.467041016, 691.908203125, 692.337768555, 692.848632812, 693.359436035, 693.858642578, 694.346313477, 694.83392334, 695.321533203, 695.902038574, 696.482543945, 697.063049316, 697.643554688, 698.212402344, 698.781311035, 699.350219727, 699.919067383, 700.534423828, 701.149719238, 701.660583496, 702.171386719, 702.682250977, 703.18145752, 703.692321777, 704.203186035, 704.713989258, 705.213256836, 705.724060059, 706.176879883, 706.629638672, 707.082458496, 707.535217285, 707.988037109, 708.429199219, 708.928405762, 709.42767334, 709.926879883, 710.414489746, 710.902099609, 711.389709473, 711.865722656, 712.353393555, 712.829345703, 713.305358887, 713.676879883, 714.036804199, 714.408325195, 714.779846191, 715.151367188, 715.522888184, 715.89440918, 716.265930176, 716.625854492, 716.985717773, 717.34564209, 717.77520752, 718.19317627, 718.622741699, 719.052307129, 719.435424805, 719.818603516, 720.201721191, 720.596435547, 720.967956543, 721.339477539, 721.710998535, 722.070922852, 722.430847168, 722.802368164, 723.17388916, 723.545410156, 723.940124512, 724.334838867, 724.729614258, 725.124328613, 725.507446289, 725.890625, 726.273742676, 726.656860352, 727.039978027, 727.411499023, 727.78302002, 728.20098877, 728.61895752, 729.03692627, 729.454833984, 729.872802734, 730.290771484, 730.708740234, 731.126708984, 731.544677734, 731.974243164, 732.403808594, 732.868225098, 733.332580566, 733.79699707, 734.249755859, 734.702575684, 735.155334473, 735.596557617, 735.968078613, 736.339599609, 736.711120605, 737.070983887, 737.454162598, 737.825683594, 738.20880127, 738.580322266, 738.963439941, 739.346557617, 739.729675293, 740.112792969, 740.49597168, 740.879089355, 741.262207031, 741.633728027, 742.005249023, 742.37677002, 742.748291016, 743.201049805, 743.653869629, 744.106628418, 744.571044922, 745.047058105, 745.523071289, 745.999084473, 746.451843262, 746.904663086, 747.357421875, 747.821838379, 748.286254883, 748.750671387, 749.215026855, 749.679443359, 750.143859863, 750.596618652, 751.049438477, 751.502197266, 751.95501709, 752.419372559, 752.883789062, 753.441101074, 753.986755371, 754.532409668, 755.112915039, 755.69342041, 756.273925781, 756.854431152, 757.434936523, 758.015380859, 758.59588623, 759.176391602, 759.756896973, 760.337402344, 760.917907715, 761.486816406, 762.055664062, 762.624572754, 763.193481445, 763.773925781], "beats_loudness": {"dmean2": 0.00669352011755, "median": 0.00646030157804, "min": 3.0871456147e-07, "dvar2": 0.00031423047767, "dvar": 0.000110181092168, "dmean": 0.00398791721091, "max": 0.161261811852, "var": 0.000340978178428, "mean": 0.0113782323897}, "danceability": 0.83629322052, "bpm_histogram_second_peak_weight": {"dmean2": 0, "median": 0.100190229714, "min": 0.100190229714, "dvar2": 0, "dvar": 0, "dmean": 0, "max": 0.100190229714, "var": 0, "mean": 0.100190229714}, "beats_count": 1578, "bpm_histogram_second_peak_bpm": {"dmean2": 0, "median": 161, "min": 161, "dvar2": 0, "dvar": 0, "dmean": 0, "max": 161, "var": 0, "mean": 161}, "bpm_histogram_first_peak_spread": {"dmean2": 0, "median": 0.554089725018, "min": 0.554089725018, "dvar2": 0, "dvar": 0, "dmean": 0, "max": 0.554089725018, "var": 0, "mean": 0.554089725018}, "beats_loudness_band_ratio": {"dmean2": [0.1473954916, 0.134715765715, 0.202090620995, 0.227908521891, 0.114663004875, 0.008610105142], "median": [0.0853207558393, 0.060764990747, 0.181106477976, 0.360016286373, 0.0855597630143, 0.000642517989036], "min": [0.000147708822624, 0.000109020300442, 0.00386418425478, 0.00740329455584, 0.000900742947124, 3.46148181052e-06], "dvar2": [0.0264890938997, 0.0255189687014, 0.0366380028427, 0.0346391908824, 0.0209487788379, 0.000871580035891], "dvar": [0.0102156894282, 0.00969697255641, 0.0136418240145, 0.0129764368758, 0.00771760009229, 0.000303520966554], "dmean": [0.0877845212817, 0.0785313472152, 0.117524333298, 0.13556073606, 0.0683287829161, 0.00506630865857], "max": [0.873507082462, 0.759266078472, 0.866292059422, 0.893788874149, 0.911868274212, 0.239961087704], "var": [0.0233578756452, 0.0191961117089, 0.0291631277651, 0.0441740788519, 0.0354064851999, 0.000588480266742], "mean": [0.143013566732, 0.116898901761, 0.224466353655, 0.37768098712, 0.165062785149, 0.00797195360065]}}, "lowlevel": {"barkbands_spread": {"dmean2": 5.14241838455, "median": 14.7027025223, "min": 1.44525122643, "dvar2": 20.7253265381, "dvar": 8.32733821869, "dmean": 3.22046804428, "max": 69.1116256714, "var": 68.4069290161, "mean": 16.4710845947}, "melbands_spread": {"dmean2": 8.83512783051, "median": 26.6690559387, "min": 2.41493439674, "dvar2": 61.9105148315, "dvar": 25.5122528076, "dmean": 5.54553413391, "max": 113.837303162, "var": 196.632568359, "mean": 29.2691802979}, "hfc": {"dmean2": 4.09432125092, "median": 5.01718616486, "min": 1.47612098544e-07, "dvar2": 94.5951766968, "dvar": 43.5176086426, "dmean": 2.54627418518, "max": 211.872024536, "var": 391.510559082, "mean": 10.9627285004}, "barkbands_kurtosis": {"dmean2": 1.41065454483, "median": -0.146566390991, "min": -1.91302585602, "dvar2": 2.74580669403, "dvar": 1.10866332054, "dmean": 0.868435621262, "max": 24.8949928284, "var": 3.08134865761, "mean": 0.323278695345}, "gfcc": {"mean": [-133.917160034, 135.390625, -159.310012817, -22.6132850647, -26.8880367279, 9.49556064606, -36.6291427612, 10.0148296356, -14.3069896698, -8.94511699677, -4.62823295593, 4.78669214249, -14.0895729065], "icov": [[0.000446261750767, -0.00105510512367, 0.0010439028265, -0.000808943412267, 0.000869562267326, -0.000713726971298, 0.000328705151333, -0.000613392272498, 0.000859164167196, -0.000928175402805, 0.000890693918336, -0.00032625705353, 0.000244595692493], [-0.00105510512367, 0.00769864814356, -0.00766472704709, 0.00527215143666, -0.00530572747812, 0.00458598136902, -0.00485865026712, 0.00556249404326, -0.00573150487617, 0.00680077448487, -0.007971865125, 0.00709708081558, -0.00384578038938], [0.0010439028265, -0.00766472704709, 0.0109650129452, -0.00741643784568, 0.00738995848224, -0.00588802434504, 0.00398568669334, -0.00369939953089, 0.0042599439621, -0.00603838358074, 0.0084108216688, -0.00815350748599, 0.00466418871656], [-0.000808943412267, 0.00527215143666, -0.00741643784568, 0.0101881921291, -0.0070491223596, 0.00287095061503, -0.000525007664692, -0.000487102166517, -0.000293740711641, 0.00287394225597, -0.00535955047235, 0.00502019142732, -0.00204145023599], [0.000869562267326, -0.00530572747812, 0.00738995848224, -0.0070491223596, 0.0091341631487, -0.00474143447354, 0.00248087896034, -0.00170527317096, -0.000296321581118, -0.000691452005412, 0.003801131621, -0.00408939132467, 0.00271263276227], [-0.000713726971298, 0.00458598136902, -0.00588802434504, 0.00287095061503, -0.00474143447354, 0.0117735071108, -0.0101698758081, 0.00549590308219, 2.30894893321e-05, -0.00353441247717, 0.00218342943117, 0.00176807120442, -0.00258338614367], [0.000328705151333, -0.00485865026712, 0.00398568669334, -0.000525007664692, 0.00248087896034, -0.0101698758081, 0.0167227908969, -0.0106366258115, 0.00174966547638, 0.00358682707883, -0.00546455709264, 0.00221032672562, -0.00041577781667], [-0.000613392272498, 0.00556249404326, -0.00369939953089, -0.000487102166517, -0.00170527317096, 0.00549590308219, -0.0106366258115, 0.0159631427377, -0.00884571950883, 0.00193377002142, 0.000739950919524, -0.00170179887209, 0.00142406893428], [0.000859164167196, -0.00573150487617, 0.0042599439621, -0.000293740711641, -0.000296321581118, 2.30894893321e-05, 0.00174966547638, -0.00884571950883, 0.0172589775175, -0.0133185209706, 0.00738832401112, -0.00275263679214, -0.000515696301591], [-0.000928175402805, 0.00680077448487, -0.00603838358074, 0.00287394225597, -0.000691452005412, -0.00353441247717, 0.00358682707883, 0.00193377002142, -0.0133185209706, 0.0223630741239, -0.016074296087, 0.00932752434164, -0.00266734580509], [0.000890693918336, -0.007971865125, 0.0084108216688, -0.00535955047235, 0.003801131621, 0.00218342943117, -0.00546455709264, 0.000739950919524, 0.00738832401112, -0.016074296087, 0.0239778980613, -0.0178155545145, 0.00838870089501], [-0.00032625705353, 0.00709708081558, -0.00815350748599, 0.00502019142732, -0.00408939132467, 0.00176807120442, 0.00221032672562, -0.00170179887209, -0.00275263679214, 0.00932752434164, -0.0178155545145, 0.024399548769, -0.0133358137682], [0.000244595692493, -0.00384578038938, 0.00466418871656, -0.00204145023599, 0.00271263276227, -0.00258338614367, -0.00041577781667, 0.00142406893428, -0.000515696301591, -0.00266734580509, 0.00838870089501, -0.0133358137682, 0.0160302463919]], "cov": [[4648.38769531, 1596.11608887, 52.5963287354, -195.537704468, 92.5569458008, 287.63079834, 510.574035645, -138.002655029, 22.0606555939, -65.1594390869, 99.1730575562, -294.02935791, 21.3443984985], [1596.11608887, 2573.73608398, 5.49540138245, -486.97265625, 441.37588501, -44.5497817993, 593.899719238, -311.228973389, 168.483596802, -264.440612793, 367.259552002, -170.991577148, 117.65322876], [52.5963287354, 5.49540138245, 558.637756348, 161.903579712, -187.467926025, 156.312255859, -32.420589447, 11.9165716171, -49.3715820312, 59.6223754883, -76.8192214966, 15.306098938, -25.1276378632], [-195.537704468, -486.97265625, 161.903579712, 385.750976562, 43.2085494995, 58.233127594, -104.656166077, 108.458892822, -39.4805374146, 54.895565033, -83.6372375488, 16.1516857147, -57.0351448059], [92.5569458008, 441.37588501, -187.467926025, 43.2085494995, 458.30947876, 18.2362422943, 148.26751709, -0.222046583891, 91.5456466675, -73.5084838867, 62.469165802, -44.5321884155, 14.7513179779], [287.63079834, -44.5497817993, 156.312255859, 58.233127594, 18.2362422943, 334.72946167, 146.986877441, 47.5664291382, 16.4451656342, 72.4385299683, -53.7364120483, -33.8157997131, 9.87435340881], [510.574035645, 593.899719238, -32.420589447, -104.656166077, 148.26751709, 146.986877441, 373.873596191, 58.287563324, 94.0564346313, -24.7614345551, 125.129814148, -41.4079856873, 32.8898277283], [-138.002655029, -311.228973389, 11.9165716171, 108.458892822, -0.222046583891, 47.5664291382, 58.287563324, 246.566085815, 101.935844421, 85.4666442871, -20.4859428406, 31.4235725403, -20.5419425964], [22.0606555939, 168.483596802, -49.3715820312, -39.4805374146, 91.5456466675, 16.4451656342, 94.0564346313, 101.935844421, 220.469863892, 94.5377960205, 46.2623786926, -11.39823246, 19.0956363678], [-65.1594390869, -264.440612793, 59.6223754883, 54.895565033, -73.5084838867, 72.4385299683, -24.7614345551, 85.4666442871, 94.5377960205, 208.114334106, 36.4366264343, 22.1452827454, -1