{"tonal": {"thpcp": [1, 0.504749715328, 0.216055139899, 0.141672685742, 0.155326232314, 0.411083936691, 0.468428820372, 0.247667685151, 0.15675714612, 0.177638828754, 0.237589240074, 0.487489700317, 0.571133375168, 0.389088988304, 0.449579715729, 0.394234746695, 0.145535215735, 0.0870124474168, 0.0852855369449, 0.128468111157, 0.428631335497, 0.529665708542, 0.248948380351, 0.12286516279, 0.130689606071, 0.142074123025, 0.239152297378, 0.281398594379, 0.173148274422, 0.100910417736, 0.0974041894078, 0.119126901031, 0.171541363001, 0.185942351818, 0.226508945227, 0.750621020794], "hpcp": {"dmean2": [0.199928984046, 0.142962023616, 0.0951642990112, 0.0573572851717, 0.0595100112259, 0.0960389822721, 0.145327433944, 0.170561224222, 0.136284381151, 0.105784803629, 0.0983337983489, 0.11460711807, 0.136392489076, 0.131744757295, 0.109199896455, 0.0812796875834, 0.0760949924588, 0.0905026718974, 0.101365722716, 0.107904829085, 0.163527697325, 0.238350972533, 0.225337326527, 0.223677963018, 0.160893216729, 0.107866875827, 0.128311783075, 0.193858325481, 0.183759287, 0.173556208611, 0.155207261443, 0.184565231204, 0.207037359476, 0.219509258866, 0.213786497712, 0.252603054047], "median": [0.0440940633416, 0.0307776313275, 0.0185556896031, 0.00893513485789, 0.00746975746006, 0.0118574043736, 0.0678862929344, 0.09994789958, 0.0487814471126, 0.0117909498513, 0.0120650473982, 0.0133743342012, 0.0221049264073, 0.0223347526044, 0.0204541832209, 0.0135939139873, 0.00921301543713, 0.00696677621454, 0.00994601007551, 0.0103791113943, 0.0299905128777, 0.243777185678, 0.326164066792, 0.159287288785, 0.00876726210117, 0.00633092503995, 0.0110996291041, 0.0330084934831, 0.0368642061949, 0.0222795084119, 0.010980674997, 0.0101831182837, 0.0198253151029, 0.0644182339311, 0.0784645974636, 0.0724237263203], "min": [0, 0, 0, 0, 0, 0, 0, 0, 0, 0, 0, 0, 0.000235324099776, 0.000223739421926, 0.000160429102834, 0, 0, 0, 0, 0, 0, 0, 0, 0, 0, 0, 0, 0, 0, 0, 0, 0, 0, 0, 0, 0], "dvar2": [0.0950025245547, 0.0587505102158, 0.0349725373089, 0.0207290388644, 0.0222199074924, 0.0402318201959, 0.0511877983809, 0.0646171271801, 0.0589548572898, 0.0579977557063, 0.0488302707672, 0.059799965471, 0.0600402019918, 0.060925938189, 0.0434232465923, 0.0369795449078, 0.0310451108962, 0.0423729270697, 0.0501044727862, 0.0560497008264, 0.0690411627293, 0.0833107978106, 0.0816562324762, 0.079489402473, 0.107306905091, 0.051538977772, 0.0648551508784, 0.0988660752773, 0.0886064320803, 0.0858490094543, 0.0980713143945, 0.132962062955, 0.132752239704, 0.106237024069, 0.0940502583981, 0.127404868603], "dvar": [0.0333117097616, 0.0222906116396, 0.0124807674438, 0.00765986507758, 0.00804652646184, 0.0142203541473, 0.0207618363202, 0.0263413973153, 0.0211451221257, 0.0198714267462, 0.0172465443611, 0.020877989009, 0.0222431831062, 0.0238624420017, 0.0157469343394, 0.0128442673013, 0.0109518375248, 0.0152470143512, 0.01831144467, 0.0213753506541, 0.0257630255073, 0.0330226235092, 0.0364810265601, 0.0295522864908, 0.0375222414732, 0.0183887854218, 0.0236350595951, 0.0404282063246, 0.0365426428616, 0.0323010087013, 0.0342473909259, 0.0450830869377, 0.0450588911772, 0.0401230528951, 0.0381687507033, 0.0431794002652], "dmean": [0.113287717104, 0.0836493968964, 0.0534261502326, 0.0332515947521, 0.034273352474, 0.0546403601766, 0.0870154425502, 0.10413903743, 0.0787525624037, 0.0580776259303, 0.0545471459627, 0.0630686432123, 0.079757116735, 0.0785796120763, 0.0627664625645, 0.0451693236828, 0.0425835326314, 0.0512565076351, 0.0579126887023, 0.0613874979317, 0.0942579582334, 0.146090611815, 0.138915702701, 0.1321875453, 0.088706202805, 0.0604948177934, 0.0732863098383, 0.114170536399, 0.109525352716, 0.100417427719, 0.0847756117582, 0.0995097011328, 0.114136748016, 0.129790946841, 0.12706515193, 0.141801327467], "max": [1, 1, 1, 1, 1, 1, 1, 1, 1, 1, 1, 1, 1, 1, 1, 1, 1, 1, 1, 1, 1, 1, 1, 1, 1, 1, 1, 1, 1, 1, 1, 1, 1, 1, 1, 1], "var": [0.0879881158471, 0.0766583606601, 0.0172520950437, 0.00872675143182, 0.00827268045396, 0.0144093679264, 0.0699481293559, 0.0857889503241, 0.0251166597009, 0.0174021981657, 0.0208865571767, 0.0220529325306, 0.035791836679, 0.0520525462925, 0.0207941681147, 0.0124811250716, 0.0127279376611, 0.0188902877271, 0.0337428785861, 0.0399320833385, 0.0324210673571, 0.0896131172776, 0.148454159498, 0.0455517843366, 0.0503390058875, 0.0245963148773, 0.0225233919919, 0.087009742856, 0.100921832025, 0.0384959876537, 0.0275202617049, 0.0351409651339, 0.0405164137483, 0.0851201936603, 0.107973329723, 0.0515253543854], "mean": [0.197632074356, 0.173302814364, 0.0639762580395, 0.0382500588894, 0.0374909229577, 0.0564736798406, 0.188423320651, 0.232837304473, 0.1094359532, 0.0540106594563, 0.0574502311647, 0.0624547861516, 0.105129666626, 0.123700834811, 0.0761147588491, 0.0443595089018, 0.0428181961179, 0.0523673482239, 0.0754083767533, 0.081738948822, 0.0995717346668, 0.329967707396, 0.439592957497, 0.221884414554, 0.0949763208628, 0.0622783154249, 0.0682803168893, 0.180709600449, 0.20591801405, 0.108872972429, 0.0689093396068, 0.0780887752771, 0.104442559183, 0.214297041297, 0.251066207886, 0.171040773392]}, "tuning_equal_tempered_deviation": 0.23303103447, "chords_changes_rate": 0.0508408285677, "key_key": "E", "tuning_diatonic_strength": 0.542803168297, "key_scale": "major", "chords_number_rate": 0.00254204147495, "tuning_frequency": 434.193115234, "tuning_nontempered_energy_ratio": 0.959942996502, "chords_histogram": [39.9296035767, 0.919045746326, 1.25146651268, 2.42471647263, 0.645287454128, 0.0586624965072, 0.977708280087, 2.32694554329, 5.27962446213, 1.13414156437, 0, 0.293312489986, 0, 0, 0.743058264256, 3.81306219101, 1.3687915802, 4.2236995697, 0.547516644001, 4.38013315201, 0.527962446213, 1.93586230278, 6.9612827301, 20.2581157684], "key_strength": 0.760939657688, "chords_key": "E", "chords_strength": {"dmean2": 0.00744851212949, "median": 0.510062932968, "min": 0.25842371583, "dvar2": 5.03706396557e-05, "dvar": 5.15776882821e-05, "dmean": 0.00831795670092, "max": 0.778200209141, "var": 0.00924001354724, "mean": 0.504410982132}, "chords_scale": "major", "hpcp_entropy": {"dmean2": 0.992374300957, "median": 1.73516917229, "min": 0.0356749743223, "dvar2": 0.680588841438, "dvar": 0.268792539835, "dmean": 0.601135671139, "max": 4.22815942764, "var": 0.787654876709, "mean": 1.71683394909}}, "metadata": {"audio_properties": {"equal_loudness": 0, "codec": "flac", "downmix": "mix", "sample_rate": 44100, "analysis_sample_rate": 44100, "bit_rate": 0, "md5_encoded": "335729cbd2dbb1e6e83815aafefd9601", "length": 237.427749634, "replay_gain": -14.2094192505, "lossless": true}, "version": {"essentia_build_sha": "2d9f1f26377add8aeb1075a9c2973f962c4f09fd", "essentia": "2.1-beta2", "extractor": "music 1.0", "essentia_git_sha": "v2.1_beta2-1-ge3940c0"}, "tags": {"title": ["Alligator Blood"], "artist": ["Nicole Dollanganger"], "date": ["2015-10-09"], "file_name": "06 - Alligator Blood.flac", "album": ["Natural Born Losers"], "tracknumber": ["6"], "musicbrainz_recordingid": ["0ecbe223-9d64-487f-bf57-3d265815fdfa"], "totaltracks": ["11"]}}, "rhythm": {"bpm_histogram_first_peak_bpm": {"dmean2": 0, "median": 94, "min": 94, "dvar2": 0, "dvar": 0, "dmean": 0, "max": 94, "var": 0, "mean": 94}, "bpm": 94.0289993286, "bpm_histogram_second_peak_spread": {"dmean2": 0, "median": 0, "min": 0, "dvar2": 0, "dvar": 0, "dmean": 0, "max": 0, "var": 0, "mean": 0}, "bpm_histogram_first_peak_weight": {"dmean2": 0, "median": 0.153846159577, "min": 0.153846159577, "dvar2": 0, "dvar": 0, "dmean": 0, "max": 0.153846159577, "var": 0, "mean": 0.153846159577}, "onset_rate": 1.44453132153, "beats_position": [0.592108845711, 1.20743763447, 1.82276642323, 2.43809509277, 3.05342388153, 3.66875267029, 4.28408145905, 4.95746040344, 5.61922883987, 6.24616765976, 6.88471651077, 7.52326536179, 8.16181373596, 8.80036258698, 9.43891143799, 10.077460289, 10.7043991089, 11.3313379288, 11.9698867798, 12.6084346771, 13.2469835281, 13.8855323792, 14.5240812302, 15.1626300812, 15.8011789322, 16.4629478455, 17.1247158051, 17.786485672, 18.575963974, 19.365442276, 20.154920578, 20.94439888, 21.733877182, 22.4885253906, 23.2431735992, 23.8701133728, 24.497051239, 25.1239910126, 25.774148941, 26.4243087769, 27.0976867676, 27.7710647583, 28.4328346252, 29.0946025848, 29.7563705444, 30.4181404114, 31.079908371, 31.7881164551, 32.4963264465, 33.1697044373, 33.843082428, 34.5164604187, 35.1898422241, 35.8516082764, 36.5133781433, 37.1983680725, 37.8717460632, 38.545124054, 39.1720619202, 39.7989997864, 40.4259414673, 41.0644874573, 41.703037262, 42.3415870667, 42.9801368713, 43.6186828613, 44.257232666, 44.919002533, 45.5807685852, 46.2077102661, 46.8346481323, 47.4615859985, 48.0072555542, 48.5529251099, 49.0985946655, 49.6442604065, 50.1899299622, 50.7123794556, 51.2232208252, 51.7340583801, 52.2448959351, 52.7557373047, 53.2781867981, 53.789024353, 54.299861908, 54.8107032776, 55.333152771, 55.8439903259, 56.3432197571, 56.8308372498, 57.3300666809, 57.8292961121, 58.3285255432, 58.8161430359, 59.3037643433, 59.7913818359, 60.2906112671, 60.7898406982, 61.3355102539, 61.8811798096, 62.531337738, 63.1814956665, 63.8432655334, 64.470199585, 65.0855331421, 65.7008590698, 66.316192627, 66.9315185547, 67.5584564209, 68.1737823486, 68.8007278442, 69.4276657104, 70.0662155151, 70.7047576904, 71.3433074951, 71.9818572998, 72.632019043, 73.2705688477, 73.9091110229, 74.5360565186, 75.1745986938, 75.8015441895, 76.4284820557, 77.0670318604, 77.6939697266, 78.3209075928, 78.947845459, 79.5631713867, 80.1901092529, 80.8518829346, 81.5136489868, 82.0593185425, 82.6049880981, 83.1506576538, 83.649887085, 84.1375045776, 84.6367340088, 85.1243515015, 85.6119689941, 86.0995864868, 86.5755996704, 87.0516052246, 87.5392303467, 88.0268478394, 88.514465332, 89.0020828247, 89.5129241943, 90.0121536255, 90.5113830566, 91.0222167969, 91.5330581665, 92.0322875977, 92.5315170288, 93.0423583984, 93.6460723877, 94.2497940063, 94.853515625, 95.4572296143, 96.0609512329, 96.6878890991, 97.3264389038, 97.9649887085, 98.5919265747, 99.2188644409, 99.8574142456, 100.49596405, 101.134513855, 101.784667969, 102.434829712, 103.084983826, 103.735145569, 104.385307312, 105.047073364, 105.697235107, 106.347389221, 106.997550964, 107.636100769, 108.286254883, 108.948028564, 109.598182678, 110.236732483, 110.875282288, 111.513832092, 112.140769958, 112.779319763, 113.406257629, 114.033195496, 114.6717453, 115.310295105, 115.925621033, 116.54094696, 117.167892456, 117.806434631, 118.444984436, 119.095146179, 119.745300293, 120.372245789, 120.999183655, 121.626121521, 122.299499512, 122.984489441, 123.66947937, 124.35446167, 125.004623413, 125.654785156, 126.293327332, 126.931877136, 127.582038879, 128.220581055, 128.847518921, 129.35836792, 129.86920166, 130.391647339, 130.890884399, 131.40171814, 131.912567139, 132.423400879, 132.945846558, 133.456680298, 133.909469604, 134.362258911, 134.826660156, 135.314285278, 135.801895142, 136.277908325, 136.765533447, 137.253143311, 137.740768433, 138.228393555, 138.716003418, 139.20362854, 139.691238403, 140.178863525, 140.666488647, 141.154098511, 141.641723633, 142.129333496, 142.767883301, 143.406433105, 144.033370972, 144.660308838, 145.298858643, 145.949020386, 146.58757019, 147.214508057, 147.841445923, 148.468383789, 149.072113037, 149.675827026, 150.32598877, 150.964538574, 151.603088379, 152.241622925, 152.891784668, 153.518722534, 154.157272339, 154.633285522, 155.120910645, 155.620132446, 156.107757568, 156.60697937, 157.082992554, 157.559005737, 158.035003662, 158.511016846, 158.987030029, 159.335327148, 159.683624268, 160.043533325, 160.380218506, 160.705307007, 161.018768311, 161.343856812, 161.668930054, 162.005615234, 162.353912354, 162.702224731, 163.038909912, 163.375595093, 163.723892212, 164.072189331, 164.408889771, 164.745574951, 165.082260132, 165.418960571, 165.744033813, 166.080718994, 166.417419434, 166.730880737, 167.0443573, 167.369430542, 167.694503784, 168.019592285, 168.356277466, 168.692962646, 169.041259766, 169.389572144, 169.737869263, 170.09777832, 170.457687378, 170.78276062, 171.119445801, 171.444534302, 171.769607544, 172.083084106, 172.408157349, 172.73324585, 173.058319092, 173.383392334, 173.696868896, 174.0103302, 174.335418701, 174.672103882, 175.008789063, 175.35710144, 175.70539856, 176.076919556, 176.425216675, 176.761901855, 177.098587036, 177.435287476, 177.771972656, 178.108657837, 178.445343018, 178.770431519, 179.107116699, 179.432189941, 179.768890381, 180.105575562, 180.453872681, 180.790557861, 181.127258301, 181.463943481, 181.800628662, 182.125717163, 182.462402344, 182.787475586, 183.112564087, 183.437637329, 183.762710571, 184.087799072, 184.401260376, 184.726348877, 185.039810181, 185.364898682, 185.689971924, 186.14276123, 186.595550537, 187.048339844, 187.512741089, 187.977142334, 188.429931641, 188.975601196, 189.521270752, 190.055328369, 190.693878174, 191.332427979, 191.982574463, 192.621124268, 193.259674072, 193.886611938, 194.525161743, 195.152099609, 195.779037476, 196.405975342, 197.032928467, 197.648254395, 198.275192261, 198.902130127, 199.529067993, 200.156005859, 200.794555664, 201.433105469, 202.071655273, 202.710205078, 203.337142944, 203.975692749, 204.614242554, 205.252792358, 205.891326904, 206.529876709, 207.156814575, 207.772155762, 208.399093628, 209.014419556, 209.641357422, 210.268295288, 210.906845093, 211.533782959, 212.172332764, 212.79927063, 213.437820435, 214.064758301, 214.691696167, 215.330245972, 215.806259155, 216.2706604, 216.735046387, 217.060134888, 217.396820068, 217.733505249, 218.05859375, 218.395278931, 218.731964111, 219.057052612, 219.393737793, 219.730422974, 220.055511475, 220.380584717, 220.694061279, 221.007522583, 221.332611084, 221.657684326, 221.982757568, 222.319458008, 222.656143188, 222.992828369, 223.32951355, 223.654602051, 223.991287231, 224.327972412, 224.664672852, 225.001358032, 225.338043213, 225.674728394, 226.023040771, 226.359725952, 226.696411133, 227.033096313, 227.369796753, 227.706481934, 228.043167114, 228.379852295, 228.716552734, 229.076461792, 229.43637085, 229.796279907, 230.156188965, 230.527709961, 230.899230957, 231.270736694, 231.64225769, 232.002166748, 232.373687744, 232.74520874, 233.105117798, 233.453414917, 233.801712036, 234.150024414, 234.498321533, 234.846618652, 235.194915771, 235.543212891, 235.879898071, 236.216598511, 236.553283691], "beats_loudness": {"dmean2": 0.0352646335959, "median": 0.0360846146941, "min": 3.76831934545e-08, "dvar2": 0.00116903171875, "dvar": 0.000382377183996, "dmean": 0.0200263429433, "max": 0.149571359158, "var": 0.000571679323912, "mean": 0.0390066951513}, "danceability": 0.992503523827, "bpm_histogram_second_peak_weight": {"dmean2": 0, "median": 0.123076923192, "min": 0.123076923192, "dvar2": 0, "dvar": 0, "dmean": 0, "max": 0.123076923192, "var": 0, "mean": 0.123076923192}, "beats_count": 456, "bpm_histogram_second_peak_bpm": {"dmean2": 0, "median": 178, "min": 178, "dvar2": 0, "dvar": 0, "dmean": 0, "max": 178, "var": 0, "mean": 178}, "bpm_histogram_first_peak_spread": {"dmean2": 0, "median": 0.625668466091, "min": 0.625668466091, "dvar2": 0, "dvar": 0, "dmean": 0, "max": 0.625668466091, "var": 0, "mean": 0.625668466091}, "beats_loudness_band_ratio": {"dmean2": [0.33306479454, 0.377080738544, 0.22837305069, 0.161851674318, 0.0257303733379, 0.0224068108946], "median": [0.199107408524, 0.395554482937, 0.146996885538, 0.0610323213041, 0.0164627041668, 0.0097361728549], "min": [0.00685388641432, 0.0315940007567, 0.00488474592566, 0.00475833006203, 0.00121190026402, 0.00063974322984], "dvar2": [0.0931190028787, 0.0828111842275, 0.0468469038606, 0.0469537265599, 0.000713611836545, 0.000871020311024], "dvar": [0.0334277302027, 0.0302628483623, 0.0170724652708, 0.0175535790622, 0.00027235026937, 0.000301957537886], "dmean": [0.190653920174, 0.218451529741, 0.132234036922, 0.0919367298484, 0.0150315621868, 0.0121690602973], "max": [0.969100177288, 0.953294873238, 0.822315394878, 0.718032538891, 0.265564471483, 0.119542405009], "var": [0.0585163682699, 0.0528813079, 0.0272203721106, 0.0193897429854, 0.00117731268983, 0.000300973159028], "mean": [0.287960112095, 0.409973114729, 0.199539884925, 0.119250588119, 0.0257917940617, 0.0160068366677]}}, "lowlevel": {"barkbands_spread": {"dmean2": 3.14312601089, "median": 7.94548892975, "min": 0.632510244846, "dvar2": 18.4866485596, "dvar": 8.96019458771, "dmean": 2.06135487556, "max": 74.1663742065, "var": 42.2758369446, "mean": 9.70592975616}, "melbands_spread": {"dmean2": 3.48274111748, "median": 9.22464942932, "min": 0.760714232922, "dvar2": 16.7653217316, "dvar": 6.92172908783, "dmean": 2.21357393265, "max": 73.8393783569, "var": 45.0997276306, "mean": 10.6374168396}, "hfc": {"dmean2": 3.95074677467, "median": 14.2608242035, "min": 1.0316078658e-08, "dvar2": 22.3196105957, "dvar": 10.1129188538, "dmean": 2.64042544365, "max": 60.9081039429, "var": 89.5667877197, "mean": 15.4907455444}, "barkbands_kurtosis": {"dmean2": 4.84513616562, "median": 6.8132648468, "min": -1.55541932583, "dvar2": 46.481842041, "dvar": 21.7711734772, "dmean": 3.12377357483, "max": 210.108230591, "var": 99.1174240112, "mean": 9.11124515533}, "gfcc": {"mean": [-41.1706542969, 138.306884766, -124.914260864, 14.7061834335, -58.9978790283, -19.6997737885, -23.9800243378, -13.7998905182, -34.6021957397, 5.45947647095, -21.8440513611, -2.63856053352, -0.317379057407], "icov": [[0.000194018473849, -0.000403246900532, -0.000173123291461, -0.000396625109715, 0.00102775346022, -0.000347324734321, 9.77158779278e-05, -0.000367394415662, 0.000247655727435, -0.000411750312196, 0.000739321636502, -0.000463768548798, 5.01278327647e-06], [-0.000403246900532, 0.00515212817118, -0.000922874605749, 9.25048661884e-05, -0.00244301604107, 0.00466883229092, -0.00613451283425, 0.00368090579286, -0.00150615151506, 7.93986400822e-05, -0.00305969221517, 0.0051434119232, -0.00330194248818], [-0.000173123291461, -0.000922874605749, 0.00497277779505, 0.000116151677503, -0.00212250673212, -0.00268014590256, 0.00445830821991, -0.00312914070673, 0.000614302058239, -0.000652830116451, -0.000920423481148, -0.00111509137787, 0.00180242687929], [-0.000396625109715, 9.25048661884e-05, 0.000116151677503, 0.00813119113445, -0.00445055915043, -0.00267209135927, 0.000536763458513, 0.0023816304747, -0.0058386917226, 0.00423284992576, -0.00488738017157, -0.000265992712229, 0.000898024940398], [0.00102775346022, -0.00244301604107, -0.00212250673212, -0.00445055915043, 0.0128713343292, -0.00084029766731, -0.00328500475734, -0.000811432430055, 0.0035860715434, -0.00418123835698, 0.00572504801676, -0.00140616181307, -0.00111078796908], [-0.000347324734321, 0.00466883229092, -0.00268014590256, -0.00267209135927, -0.00084029766731, 0.012242756784, -0.00604842230678, -0.00035709227086, -0.00144768774044, -0.000130944594275, -0.00242932024412, 0.00549129303545, -0.00371812889352], [9.77158779278e-05, -0.00613451283425, 0.00445830821991, 0.000536763458513, -0.00328500475734, -0.00604842230678, 0.019007243216, -0.00527380825952, -0.00397086469457, 0.00229208380915, 0.00306506711058, -0.00630078883842, 0.00408816058189], [-0.000367394415662, 0.00368090579286, -0.00312914070673, 0.0023816304747, -0.000811432430055, -0.00035709227086, -0.00527380825952, 0.0133394319564, -0.00213037617505, -0.00384644372389, -0.000137187467772, 0.00381873641163, -0.00432476121932], [0.000247655727435, -0.00150615151506, 0.000614302058239, -0.0058386917226, 0.0035860715434, -0.00144768774044, -0.00397086469457, -0.00213037617505, 0.017772519961, -0.00502007128671, -0.000739069131669, -0.000232748992858, 1.84776927199e-05], [-0.000411750312196, 7.93986400822e-05, -0.000652830116451, 0.00423284992576, -0.00418123835698, -0.000130944594275, 0.00229208380915, -0.00384644372389, -0.00502007128671, 0.0198202952743, -0.00441833259538, -0.00381007487886, 0.0025924264919], [0.000739321636502, -0.00305969221517, -0.000920423481148, -0.00488738017157, 0.00572504801676, -0.00242932024412, 0.00306506711058, -0.000137187467772, -0.000739069131669, -0.00441833259538, 0.0218633878976, -0.00679793674499, 0.000867474998813], [-0.000463768548798, 0.0051434119232, -0.00111509137787, -0.000265992712229, -0.00140616181307, 0.00549129303545, -0.00630078883842, 0.00381873641163, -0.000232748992858, -0.00381007487886, -0.00679793674499, 0.0255037546158, -0.00904886890203], [5.01278327647e-06, -0.00330194248818, 0.00180242687929, 0.000898024940398, -0.00111078796908, -0.00371812889352, 0.00408816058189, -0.00432476121932, 1.84776927199e-05, 0.0025924264919, 0.000867474998813, -0.00904886890203, 0.0177881121635]], "cov": [[13172.3837891, -860.695678711, 1139.21801758, 47.5800743103, -847.611450195, 765.607177734, -282.264282227, 827.355773926, 87.6210098267, 348.488586426, -43.0691108704, 140.167678833, 114.332229614], [-860.695678711, 1502.14538574, -512.554382324, 367.813201904, 336.695037842, -309.471984863, 465.344207764, -399.24810791, 205.651031494, -131.861633301, 69.7836227417, -58.4868392944, 50.6180915833], [1139.21801758, -512.554382324, 618.935058594, -58.8947525024, -72.2460784912, 247.427947998, -187.03453064, 276.235412598, -40.5354270935, 116.410644531, 6.53689432144, 23.3208694458, -3.23326992989], [47.5800743103, 367.813201904, -58.8947525024, 444.17074585, 153.451171875, 78.9397583008, 168.879882813, -92.6510009766, 172.764770508, -40.6014976501, 88.3736114502, 1.52449011803, 18.75365448], [-847.611450195, 336.695037842, -72.2460784912, 153.451171875, 253.573562622, -29.7070217133, 144.073165894, -76.8485946655, 57.3086357117, -19.867307663, 10.4722604752, -11.0779972076, 16.8312149048], [765.607177734, -309.471984863, 247.427947998, 78.9397583008, -29.7070217133, 289.269622803, -32.0178756714, 168.305847168, 39.4006652832, 54.5712165833, 19.2887535095, 10.472784996, 16.5614910126], [-282.264282227, 465.344207764, -187.03453064, 168.879882813, 144.073165894, -32.0178756714, 250.997680664, -87.3792495728, 109.363739014, -37.591835022, 20.567949295, -7.15690374374, 20.9812374115], [827.355773926, -399.24810791, 276.235412598, -92.6510009766, -76.8485946655, 168.305847168, -87.3792495728, 277.821014404, -17.6821346283, 89.2390136719, -17.9224586487, 17.4839782715, 17.1325702667], [87.6210098267, 205.651031494, -40.5354270935, 172.764770508, 57.3086357117, 39.4006652832, 109.363739014, -17.6821346283, 147.753463745, 4.75777387619, 43.0310249329, 3.1995947361, 14.597992897], [348.488586426, -131.861633301, 116.410644531, -40.6014976501, -19.867307663, 54.5712165833, -37.591835022, 89.2390136719, 4.75777387619, 94.9648971558, 7.88070678711, 19.007976532, 1.62093293667], [-43.0691108704, 69.7836227417, 6.53689432144, 88.3736114502, 10.4722604752, 19.2887535095, 20.567949295, -17.9224586487, 43.0310249329, 7.88070678711, 81.173324585, 16.0344333649, 6.44817829132], [140.167678833, -58.4868392944, 23.3208694458, 1.52449011803, -11.0779972076, 10.472784996, -7.15690374374, 17.4839782715, 3.1995947361, 19.007976532, 16.0344333649, 62.3669624329, 22.2275180817], [114.332229614, 50.6180915833, -3.23326992989, 18.75365448, 16.8312149048, 16.5614910126, 20.9812374115, 17.1325702667, 14.597992897, 1.62093293667, 6.44817829132, 22.2275180817, 79.5594863892]]}, "spectral_energyband_middle_low": {"dmean2": 0.00848576240242, "median": 0.0191311575472, "min": 4.05196015629e-12, "dvar2": 0.000104913691757, "dvar": 4.21582772105e-05, "dmean": 0.0054093352519, "max": 0.127864047885, "var": 0.00021951465169, "mean": 0.0223955288529}, "melbands_crest": {"dmean2": 4.35393381119, "median": 13.2895679474, "min": 3.81016516685, "dvar2": 17.4321804047, "dvar": 6.47428274155, "dmean": 2.69505023956, "max": 33.8448181152, "var": 22.1973781586, "mean": 14.1899232864}, "spectral_kurtosis": {"dmean2": 3.92093682289, "median": 5.51968002319, "min": -0.950297355652, "dvar2": 15.3283691406, "dvar": 4.95239782333, "dmean": 2.25963354111, "max": 36.1749916077, "var": 10.9914093018, "mean": 5.78208446503}, "spectral_rms": {"dmean2": 0.000970151391812, "median": 0.00544260442257, "min": 9.21490510564e-08, "dvar2": 1.11299709715e-06, "dvar": 4.43299882136e-07, "dmean": 0.000613626849372, "max": 0.0127615965903, "var": 4.00315957449e-06, "mean": 0.00544433994219}, "zerocrossingrate": {"dmean2": 0.00571386935189, "median": 0.03125, "min": 0.00439453125, "dvar2": 3.80870042136e-05, "dvar": 3.36639641318e-05, "dmean": 0.00460620271042, "max": 0.23095703125, "var": 0.000291030097287, "mean": 0.0338132977486}, "silence_rate_60dB": {"dmean2": 0.00547677278519, "median": 0, "min": 0, "dvar2": 0.00603408971801, "dvar": 0.00273075327277, "dmean": 0.00273811863735, "max": 1, "var": 0.0401837341487, "mean": 0.0419477857649}, "erbbands_kurtosis": {"dmean2": 1.51647102833, "median": 1.27265584469, "min": -1.78899407387, "dvar2": 3.64031171799, "dvar": 1.65578913689, "dmean": 0.986672222614, "max": 38.3149909973, "var": 8.10510635376, "mean": 2.00629806519}, "erbbands": {"dmean2": [0.18707112968, 0.976334691048, 3.72656869888, 5.55605649948, 7.47102212906, 9.60738277435, 27.9187049866, 45.2650413513, 29.711561203, 14.9191551208, 7.20611381531, 22.9303970337, 43.0277824402, 24.6319084167, 14.0465955734, 9.27679252625, 7.46115541458, 7.29762125015, 8.37367343903, 5.14714860916, 3.94067239761, 3.34691429138, 1.73487985134, 3.12653231621, 2.24533939362, 3.06042194366, 3.81567430496, 2.24571728706, 1.07831561565, 0.30334353447, 0.383366674185, 0.421983510256, 0.30157777667, 0.242103710771, 0.100364230573, 0.0299547445029, 0.00884639844298, 0.00207624793984, 0.00018286141858, 1.81840587175e-05], "median": [0.00213662511669, 0.0953838005662, 1.36717998981, 3.48271512985, 6.3045425415, 9.2666387558, 23.9369850159, 52.7165374756, 20.925069809, 20.9135494232, 6.84825468063, 14.1214866638, 20.6037254333, 15.6317882538, 13.2256593704, 9.77853965759, 7.6378698349, 6.83430433273, 7.23003768921, 4.14697504044, 3.23351311684, 3.02648377419, 1.88468706608, 3.46197652817, 1.95118677616, 2.72748208046, 3.75845336914, 2.39102005959, 0.744136035442, 0.119992867112, 0.0354179367423, 0.0275658685714, 0.0293842367828, 0.0391146093607, 0.0275707449764, 0.00776299089193, 0.00218752026558, 0.000768968544435, 8.44613459776e-05, 4.3186781113e-05], "min": [1.17404358804e-11, 9.77204567265e-11, 4.85126716576e-10, 1.59340118877e-09, 3.84321463542e-09, 6.97609481293e-09, 9.38056832211e-09, 8.72628014292e-09, 4.70011274345e-09, 9.72016356293e-10, 9.4815166829e-10, 1.79942538647e-09, 1.14273424057e-09, 3.19228710133e-09, 3.90352061785e-09, 1.73065761722e-09, 5.16883114088e-09, 6.32379526522e-09, 3.93699721712e-08, 5.72677834043e-08, 3.0107546678e-08, 1.1446410042e-08, 1.50456589409e-08, 1.56387436334e-08, 1.14327081135e-08, 1.50317696068e-08, 9.95117055425e-09, 2.43906050912e-09, 1.0858569599e-09, 4.52071935442e-10, 1.94655944141e-10, 1.70674849254e-10, 9.27178125942e-11, 1.54919646556e-10, 5.97743174402e-11, 2.22368113506e-11, 1.18291782619e-11, 4.08759311121e-12, 1.64316661406e-12, 2.3162418164e-13], "dvar2": [0.413749366999, 5.69163131714, 58.1075668335, 71.5778045654, 101.030685425, 213.510025024, 2644.4699707, 4780.22851563, 3601.62353516, 1013.66278076, 227.126327515, 1521.39282227, 7381.84863281, 2438.21655273, 689.674499512, 188.850723267, 111.950561523, 132.832580566, 209.754425049, 98.3677139282, 68.426109314, 27.8841438293, 7.58303308487, 21.0643024445, 19.447101593, 44.7365646362, 46.3660850525, 23.6105766296, 12.0646686554, 0.940251290798, 5.51358938217, 7.6077337265, 4.9680519104, 2.5156879425, 0.302237689495, 0.0204520504922, 0.00186332734302, 5.76180391363e-05, 5.03000762819e-07, 1.02589015061e-09], "dvar": [0.153856292367, 2.03368186951, 21.4803981781, 24.4784870148, 35.4128303528, 74.9995651245, 1000.89788818, 2174.45532227, 1561.875, 475.32510376, 102.087242126, 801.982055664, 3802.39428711, 1244.75598145, 315.19442749, 80.2220840454, 47.4487342834, 56.7988815308, 87.9787979126, 50.351852417, 31.7040233612, 12.331281662, 3.10690021515, 9.1934337616, 8.99157905579, 19.1358947754, 16.7074871063, 9.1863193512, 4.33228063583, 0.392592936754, 2.32932519913, 3.34714007378, 2.11735057831, 1.25960206985, 0.132727175951, 0.0099372016266, 0.00091583118774, 2.99101047858e-05, 2.64228731339e-07, 4.86515272513e-10], "dmean": [0.107070371509, 0.57377910614, 2.23733401299, 3.21007990837, 4.41714572906, 5.73659992218, 17.3984546661, 30.1915245056, 19.0767154694, 10.0955324173, 4.71166801453, 15.6667776108, 30.1266136169, 16.7911949158, 8.85516262054, 5.82975387573, 4.63395738602, 4.54003667831, 5.27151060104, 3.35654902458, 2.52454519272, 2.0749874115, 1.06632387638, 1.90072393417, 1.44229149818, 1.87069404125, 2.27072381973, 1.37570428848, 0.658992052078, 0.192712292075, 0.253315746784, 0.287080019712, 0.20449000597, 0.169931948185, 0.0676974728703, 0.020498842001, 0.00611549336463, 0.00142306671478, 0.000126232698676, 1.18006510093e-05], "max": [5.93394184113, 16.4643421173, 74.5525283813, 85.0014343262, 112.492698669, 300.132080078, 643.294067383, 897.219604492, 962.845581055, 1054.95397949, 304.467468262, 706.223327637, 1828.75415039, 1188.51928711, 1018.01483154, 269.35256958, 195.534851074, 277.736358643, 281.533447266, 232.25453186, 177.418167114, 131.907485962, 50.3344917297, 123.685462952, 103.41444397, 180.204544067, 120.86756897, 112.184196472, 103.012321472, 18.4080562592, 47.6147003174, 53.2945976257, 50.8364753723, 47.4020843506, 11.7251815796, 5.167948246, 1.26804316044, 0.259447515011, 0.0262648258358, 0.000901324325241], "var": [0.180678367615, 3.76169538498, 35.9572563171, 42.7733764648, 101.339942932, 289.204864502, 4110.81542969, 9567.68359375, 6338.40087891, 2292.54589844, 476.904510498, 5159.56640625, 23310.9980469, 11012.7607422, 1114.35827637, 289.618713379, 148.996368408, 186.94102478, 272.563934326, 177.328582764, 102.894248962, 43.8856506348, 13.1454601288, 38.5572052002, 34.3202514648, 46.5438041687, 52.4438438416, 22.8299541473, 7.84076786041, 1.02663516998, 3.70640015602, 5.77389526367, 3.1812748909, 2.38525223732, 0.207542851567, 0.0167231615633, 0.00165403285064, 6.16125398665e-05, 5.69332939904e-07, 1.44073741826e-09], "mean": [0.119871653616, 0.85237288475, 3.67557621002, 5.75931596756, 9.49708557129, 14.3019380569, 45.2286453247, 84.7771453857, 49.2452430725, 33.6118507385, 12.9235200882, 41.4423904419, 82.4432296753, 48.5563545227, 22.2612419128, 14.5685472488, 10.8177051544, 10.7138538361, 12.2775278091, 8.07196140289, 6.25145959854, 5.05604743958, 3.09214496613, 5.20946073532, 3.87406373024, 5.00752592087, 6.41662168503, 4.03872299194, 1.71403586864, 0.487603574991, 0.426048010588, 0.427428096533, 0.311498999596, 0.282739043236, 0.125478237867, 0.0388333499432, 0.0109258089215, 0.00286425929517, 0.000265386304818, 4.79057816847e-05]}, "spectral_strongpeak": {"dmean2": 0.765019714832, "median": 1.00741052628, "min": 0, "dvar2": 0.891958296299, "dvar": 0.381397932768, "dmean": 0.463306218386, "max": 7.26129341125, "var": 1.553622365, "mean": 1.38916218281}, "spectral_energy": {"dmean2": 0.0125301694497, "median": 0.0303624924272, "min": 8.70373391415e-12, "dvar2": 0.000278760649962, "dvar": 0.000108450898551, "dmean": 0.00785287749022, "max": 0.166929811239, "var": 0.0005016598152, "mean": 0.0344849936664}, "average_loudness": 0.897317171097, "spectral_rolloff": {"dmean2": 218.310882568, "median": 624.462890625, "min": 64.599609375, "dvar2": 298309.5, "dvar": 131288.453125, "dmean": 127.856086731, "max": 9776.07421875, "var": 299844.84375, "mean": 687.687438965}, "spectral_centroid": {"dmean2": 148.388046265, "median": 650.021789551, "min": 210.55305481, "dvar2": 31490.0410156, "dvar": 13267.0507813, "dmean": 95.0039520264, "max": 3057.34936523, "var": 93257.125, "mean": 724.237976074}, "pitch_salience": {"dmean2": 0.0940485075116, "median": 0.55444675684, "min": 0.0661741495132, "dvar2": 0.0074837943539, "dvar": 0.00285298214294, "dmean": 0.0576520264149, "max": 0.922656714916, "var": 0.0133209694177, "mean": 0.5504591465}, "spectral_energyband_middle_high": {"dmean2": 0.00152304209769, "median": 0.00216713966802, "min": 3.12502736362e-12, "dvar2": 7.16455315342e-06, "dvar": 3.47985314875e-06, "dmean": 0.00103106512688, "max": 0.0483737438917, "var": 2.94983929052e-05, "mean": 0.00409741932526}, "spectral_contrast_coeffs": {"dmean2": [0.0843928158283, 0.0702811777592, 0.0566767789423, 0.0405559428036, 0.0271766390651, 0.0280500985682], "median": [-0.560778677464, -0.631959438324, -0.777844667435, -0.815728902817, -0.819537997246, -0.676452696323], "min": [-0.965673089027, -0.928327620029, -0.968385398388, -0.931490540504, -0.961500883102, -0.928479075432], "dvar2": [0.00432989606634, 0.00318145239726, 0.00194492167793, 0.0009896698175, 0.000444013101514, 0.000773582200054], "dvar": [0.00152482150588, 0.00121352472343, 0.000765354721807, 0.000354030577, 0.000161411429872, 0.000369136279915], "dmean": [0.0495239757001, 0.0426294766366, 0.0345540829003, 0.0241279862821, 0.0161093305796, 0.0180948618799], "max": [-0.278058290482, -0.346637606621, -0.506529986858, -0.655083596706, -0.673586428165, -0.53137499094], "var": [0.00720050279051, 0.00758755253628, 0.0056978482753, 0.00135780335404, 0.000710059015546, 0.00368479127064], "mean": [-0.568377494812, -0.636508226395, -0.764456868172, -0.813184916973, -0.818406283855, -0.671673774719]}, "melbands_skewness": {"dmean2": 0.799359977245, "median": 2.48765444756, "min": -0.927824616432, "dvar2": 0.610287070274, "dvar": 0.256606072187, "dmean": 0.513011097908, "max": 11.8189325333, "var": 1.97507286072, "mean": 2.59441947937}, "spectral_spread": {"dmean2": 417217.5, "median": 3331618.5, "min": 1747382.625, "dvar2": 338589745152, "dvar": 216196399104, "dmean": 282930.34375, "max": 14336277, "var": 1293375766530.0, "mean": 3567934.75}, "dissonance": {"dmean2": 0.0375069528818, "median": 0.452196627855, "min": 0.0192107986659, "dvar2": 0.00119653728325, "dvar": 0.000433107663412, "dmean": 0.0219672266394, "max": 0.500000119209, "var": 0.000998589675874, "mean": 0.446811527014}, "spectral_skewness": {"dmean2": 0.402885049582, "median": 1.69329762459, "min": 0.529970347881, "dvar2": 0.127666920424, "dvar": 0.0439392067492, "dmean": 0.238843157887, "max": 4.39984750748, "var": 0.225100398064, "mean": 1.7112814188}, "spectral_flux": {"dmean2": 0.0294910352677, "median": 0.0625632703304, "min": 0.000100389675936, "dvar2": 0.00111517426558, "dvar": 0.000420190161094, "dmean": 0.0180216282606, "max": 0.262957751751, "var": 0.00172439473681, "mean": 0.0717216953635}, "spectral_contrast_valleys": {"dmean2": [0.730058670044, 0.493159711361, 0.414643228054, 0.329304873943, 0.224213778973, 0.306365519762], "median": [-7.70993518829, -6.56759929657, -6.84581899643, -7.63338184357, -7.753490448, -11.4540367126], "min": [-15.6366786957, -17.389881134, -17.1711101532, -17.0589179993, -16.7101478577, -19.4889278412], "dvar2": [0.34067940712, 0.152652621269, 0.0992583110929, 0.0646828487515, 0.0326184667647, 0.182682797313], "dvar": [0.120183341205, 0.0558248348534, 0.0357263125479, 0.0235349573195, 0.0132534876466, 0.107140943408], "dmean": [0.426544755697, 0.29358920455, 0.243895024061, 0.194783732295, 0.135400131345, 0.222994878888], "max": [-5.04230594635, -4.84896039963, -5.51189184189, -6.38635349274, -6.4994187355, -8.08020877838], "var": [1.97884488106, 1.17298614979, 0.95649844408, 0.817133128643, 0.895037889481, 2.32291340828], "mean": [-7.76768302917, -6.70725488663, -7.00017166138, -7.72632646561, -7.84713411331, -11.8007726669]}, "erbbands_flatness_db": {"dmean2": 0.0193228684366, "median": 0.211277738214, "min": 0.0535551384091, "dvar2": 0.000385439227102, "dvar": 0.000198646608624, "dmean": 0.0132520673797, "max": 0.350170999765, "var": 0.00207359855995, "mean": 0.206287249923}, "spectral_energyband_high": {"dmean2": 0.000136101865792, "median": 0.000167427235283, "min": 4.68980811217e-13, "dvar2": 1.22959590954e-07, "dvar": 5.58662698324e-08, "dmean": 9.02789834072e-05, "max": 0.00561829982325, "var": 1.70362540075e-07, "mean": 0.00030884280568}, "spectral_entropy": {"dmean2": 0.176520898938, "median": 7.11138868332, "min": 5.68467378616, "dvar2": 0.0286668334156, "dvar": 0.0136680761352, "dmean": 0.117700695992, "max": 8.46342563629, "var": 0.128567382693, "mean": 7.14868354797}, "silence_rate_20dB": {"dmean2": 0, "median": 1, "min": 1, "dvar2": 0, "dvar": 0, "dmean": 0, "max": 1, "var": 0, "mean": 1}, "melbands_flatness_db": {"dmean2": 0.0279943495989, "median": 0.26958501339, "min": 0.0705793350935, "dvar2": 0.000703420315403, "dvar": 0.000308978836983, "dmean": 0.0183311328292, "max": 0.517896533012, "var": 0.00314086023718, "mean": 0.270924061537}, "barkbands": {"dmean2": [0.000863724504597, 0.00457239570096, 0.00355944084004, 0.0022644540295, 0.00258602271788, 0.00550828967243, 0.00176362076309, 0.000372740294551, 0.00123948429246, 0.0012713825563, 0.00040991831338, 0.000285024318146, 0.000164009179571, 0.000207561708521, 0.000111572830065, 9.30400201469e-05, 5.66050257476e-05, 3.62877908628e-05, 6.36760087218e-05, 6.39558129478e-05, 7.37237205612e-05, 2.74884350802e-05, 1.34927240651e-05, 1.76678222488e-05, 1.72540658241e-05, 5.27759584656e-06, 1.18529464999e-06], "median": [9.95450932351e-07, 0.000181109222467, 0.00143957487307, 0.0010870572878, 0.00266404403374, 0.00622557569295, 0.00149944261648, 0.000304447021335, 0.000576129823457, 0.000477560068248, 0.000268376315944, 0.000228973425692, 0.000145457524923, 0.000165206729434, 7.52944906708e-05, 6.28461421002e-05, 4.85569617013e-05, 3.50410082319e-05, 5.85248999414e-05, 5.52074743609e-05, 8.04734008852e-05, 1.59819483088e-05, 1.3820725826e-06, 1.47475077483e-06, 4.21738923251e-06, 1.52375287144e-06, 4.04590309699e-07], "min": [1.46158475947e-13, 4.11477384284e-13, 5.04523506306e-13, 6.8375318428e-13, 1.92590453134e-12, 1.1258590631e-12, 2.08483837832e-13, 2.34608221115e-14, 7.69836261795e-14, 4.91344161538e-14, 1.13464101938e-13, 3.64829152132e-14, 1.11974611441e-13, 2.28421854999e-13, 1.02214721062e-12, 7.53241815709e-13, 1.94157556243e-13, 2.6897605779e-13, 3.17174075632e-13, 3.49007742194e-13, 7.691833688e-14, 3.03231628717e-14, 6.70918746246e-15, 6.13479282158e-15, 1.08849781537e-14, 6.22522671771e-15, 1.29324634633e-14], "dvar2": [1.12201059892e-05, 0.000150235675392, 4.44052493549e-05, 1.18212292364e-05, 1.25229989862e-05, 7.88600955275e-05, 1.17901581689e-05, 7.42513634577e-07, 5.13938948643e-06, 7.47473268348e-06, 6.53089273328e-07, 2.20608640689e-07, 5.38470850131e-08, 1.1725807525e-07, 4.20728483164e-08, 4.56234907631e-08, 8.25727575204e-09, 3.18458481807e-09, 1.02863033646e-08, 1.73258918323e-08, 2.05286436739e-08, 6.57801368931e-09, 5.12014208809e-09, 1.3258656395e-08, 1.15142313462e-08, 5.69306268794e-10, 2.20838174136e-11], "dvar": [4.15840077039e-06, 5.57193088753e-05, 1.59722858371e-05, 4.00268572776e-06, 4.54124301541e-06, 3.21780571539e-05, 5.19483046446e-06, 3.08469338961e-07, 2.81767893284e-06, 3.6127180465e-06, 3.08427786422e-07, 9.35041271077e-08, 2.28353993492e-08, 4.95144831802e-08, 1.89817992435e-08, 2.23462013338e-08, 3.6607443743e-09, 1.24420396208e-09, 4.56761561907e-09, 7.40466443716e-09, 7.67898544751e-09, 2.36348829397e-09, 2.13498574375e-09, 6.116533946e-09, 5.53009016357e-09, 2.94320651184e-10, 1.09781446087e-11], "dmean": [0.000516988162417, 0.00269626220688, 0.00210752128623, 0.00130095286295, 0.00155733944848, 0.00356396054849, 0.00114215200301, 0.000233583763475, 0.000844816560857, 0.000858163810335, 0.000260021042777, 0.000178055663127, 0.000101754754724, 0.00012987529044, 7.08884763299e-05, 6.06325520494e-05, 3.51108064933e-05, 2.19465164264e-05, 3.92586516682e-05, 3.92767469748e-05, 4.43619974249e-05, 1.67349371623e-05, 8.76928334037e-06, 1.21205366668e-05, 1.2006081306e-05, 3.68372707271e-06, 8.09883886177e-07], "max": [0.0323769785464, 0.106387130916, 0.065839022398, 0.0312682166696, 0.0529184229672, 0.122181303799, 0.0528537742794, 0.0283023435622, 0.0500550791621, 0.052537728101, 0.0277328379452, 0.01129216142, 0.00383510487154, 0.0062747215