{"metadata": {"tags": {"label": ["DCI"], "releasecountry": ["GB"], "musicbrainz_releasetrackid": ["ea185eb8-93d2-363c-8bbe-a35c0720b94f"], "catalognumber": ["DCID 002"], "genre": ["Trip Hop"], "releasetype": ["album", "compilation"], "originalyear": ["1998"], "disctotal": ["2"], "musicbrainz_albumartistid": ["89ad4ac3-39f7-470e-963a-56509c546377"], "album": ["Smokedown: An After Hours Journey Into the Leftfield"], "script": ["Latn"], "albumartistsort": ["Various artists"], "releasestatus": ["official"], "acoustid_id": ["ab363eca-96e5-4f44-8113-b9d60f5a055b"], "musicbrainz_artistid": ["5c3bd8b7-a82f-4afb-8384-24121aeed45e"], "musicbrainz_releasegroupid": ["0bb2bc69-c520-39c8-bd35-74d31cd1d741"], "musicbrainz_recordingid": ["0ed5e00f-a292-43d6-9fca-2c617054ced2"], "albumartist": ["Various artists"], "originaldate": ["1998"], "totaltracks": ["10"], "artist": ["Receiver"], "musicbrainz_albumid": ["c0c9df40-937c-4d33-a687-a4e10303d186"], "artistsort": ["Receiver"], "title": ["And Then You Die"], "tracknumber": ["6"], "tracktotal": ["10"], "totaldiscs": ["2"], "compilation": ["1"], "date": ["1998"], "media": ["CD"], "file_name": "1-06. Receiver - And Then You Die.flac", "discnumber": ["1"]}, "audio_properties": {"sample_rate": 44100, "downmix": "mix", "lossless": true, "analysis_sample_rate": 44100, "md5_encoded": "ef4d05474ca5e48545d7875d56df5de7", "equal_loudness": 0, "replay_gain": -4.30305862427, "codec": "flac", "bit_rate": 0, "length": 269.173339844}, "version": {"extractor": "music 1.0", "essentia_build_sha": "70f2e5ece6736b2c40cc944ad0e695b16b925413", "essentia_git_sha": "v2.1_beta2", "essentia": "2.1-beta2"}}, "rhythm": {"beats_loudness_band_ratio": {"dvar2": [0.225266873837, 0.0198526587337, 0.0148796923459, 0.0110486671329, 0.010691832751, 0.0362329445779], "var": [0.0991342961788, 0.00786106474698, 0.00530348159373, 0.00641104625538, 0.00640046643093, 0.0150557328016], "min": [0, 0, 0, 0, 0, 0], "dmean": [0.355578422546, 0.0941230282187, 0.0773963406682, 0.0728871151805, 0.0719506368041, 0.117161028087], "mean": [0.643460452557, 0.0879214182496, 0.0629417896271, 0.0686162561178, 0.0702474415302, 0.100121825933], "max": [0.997098505497, 0.524926900864, 0.731294691563, 0.579277396202, 0.519930779934, 0.897355139256], "dmean2": [0.654813945293, 0.16840466857, 0.140575885773, 0.13116016984, 0.127750381827, 0.223838314414], "median": [0.769525647163, 0.0568946450949, 0.0287782419473, 0.0328153595328, 0.0413126125932, 0.0461125224829], "dvar": [0.0656855106354, 0.00676641520113, 0.00530571956187, 0.0035255253315, 0.00357008678839, 0.0113398982212]}, "bpm_histogram_first_peak_weight": {"dvar2": 0, "var": 0, "min": 0.659060418606, "dmean": 0, "mean": 0.659060418606, "max": 0.659060418606, "dmean2": 0, "median": 0.659060418606, "dvar": 0}, "bpm": 165.720443726, "beats_count": 746, "bpm_histogram_first_peak_spread": {"dvar2": 0, "var": 0, "min": 0, "dmean": 0, "mean": 0, "max": 0, "dmean2": 0, "median": 0, "dvar": 0}, "danceability": 1.2556604147, "bpm_histogram_first_peak_bpm": {"dvar2": 0, "var": 0, "min": 167, "dmean": 0, "mean": 167, "max": 167, "dmean2": 0, "median": 167, "dvar": 0}, "beats_position": [0.383129239082, 0.766258478165, 1.13777780533, 1.50929701328, 1.8575963974, 2.21750569344, 2.57741498947, 2.93732428551, 3.29723358154, 3.66875267029, 4.02866220474, 4.41179132462, 4.81814050674, 5.23609972, 5.61922883987, 5.99074840546, 6.3622674942, 6.72217655182, 7.08208608627, 7.4303855896, 7.80190467834, 8.16181373596, 8.52172279358, 8.87002277374, 9.22993183136, 9.58984088898, 9.94974994659, 10.3096599579, 10.6579589844, 11.0062580109, 11.3777770996, 11.749297142, 12.1092061996, 12.4691152573, 12.8290243149, 13.1889343262, 13.5488433838, 13.9087524414, 14.268661499, 14.6285715103, 14.9884805679, 15.3483896255, 15.7082986832, 16.0682086945, 16.4165077209, 16.7648067474, 17.1363258362, 17.5078449249, 17.8677539825, 18.2276649475, 18.5875740051, 18.9474830627, 19.3073921204, 19.667301178, 20.0272102356, 20.3871192932, 20.7470283508, 21.1069393158, 21.4552383423, 21.8035373688, 22.1634464264, 22.523355484, 22.8832645416, 23.2547836304, 23.614692688, 23.974603653, 24.3345127106, 24.6944217682, 25.0543308258, 25.4142398834, 25.774148941, 26.1340579987, 26.4939670563, 26.8538761139, 27.2137870789, 27.5620861053, 27.921995163, 28.2819042206, 28.6534233093, 29.0133323669, 29.3732414246, 29.7215423584, 30.0930614471, 30.4413604736, 30.8012695312, 31.1611785889, 31.5326976776, 31.8809967041, 32.2409057617, 32.6008148193, 32.9723358154, 33.3206329346, 33.6689338684, 34.028842926, 34.3887519836, 34.7602729797, 35.1201820374, 35.480091095, 35.8400001526, 36.1999092102, 36.5598182678, 36.9197273254, 37.2796363831, 37.6395454407, 37.9994544983, 38.3593635559, 38.7192726135, 39.0791816711, 39.427482605, 39.7757797241, 40.1473007202, 40.5072097778, 40.8671188354, 41.2386398315, 41.5985488892, 41.9584579468, 42.3067550659, 42.678276062, 43.0381851196, 43.3980941772, 43.7463951111, 44.1179122925, 44.4778213501, 44.8377304077, 45.1860313416, 45.5343284607, 45.9058494568, 46.2657585144, 46.625667572, 46.9855766296, 47.3454856873, 47.7053947449, 48.0653038025, 48.4252128601, 48.7851219177, 49.14503479, 49.5049438477, 49.8648529053, 50.2247619629, 50.5846710205, 50.9445800781, 51.2928771973, 51.6643981934, 52.024307251, 52.3842163086, 52.7441253662, 53.1040344238, 53.4523353577, 53.8238525391, 54.1837615967, 54.5436706543, 54.8919715881, 55.2634925842, 55.6117897034, 55.9833106995, 56.3316078186, 56.6915168762, 57.0514259338, 57.4229469299, 57.7712478638, 58.1311569214, 58.491065979, 58.8625831604, 59.2108840942, 59.5707931519, 59.9307022095, 60.3022193909, 60.6505203247, 61.0104293823, 61.3703384399, 61.741859436, 62.0901565552, 62.438457489, 62.7983665466, 63.1582756042, 63.5297966003, 63.889705658, 64.2496109009, 64.6095199585, 64.9694290161, 65.3293380737, 65.6892471313, 66.049156189, 66.409072876, 66.7689819336, 67.1288909912, 67.4888000488, 67.8487091064, 68.1970062256, 68.5685272217, 68.9284362793, 69.2883453369, 69.6366424561, 69.9965515137, 70.3564605713, 70.7163696289, 71.0762786865, 71.4477996826, 71.8077087402, 72.1676177979, 72.5275268555, 72.8990478516, 73.2705688477, 73.6420822144, 74.001991272, 74.3619003296, 74.7102050781, 75.0468902588, 75.3951950073, 75.7551040649, 76.1150131226, 76.4749221802, 76.8348312378, 77.1947402954, 77.554649353, 77.9145584106, 78.2744674683, 78.6343765259, 78.9942855835, 79.3425827026, 79.7024917603, 80.0624008179, 80.433921814, 80.7822189331, 81.1537399292, 81.5136489868, 81.8735580444, 82.2218551636, 82.5933761597, 82.9532852173, 83.3131942749, 83.661491394, 84.0330123901, 84.3813171387, 84.7528305054, 85.1011352539, 85.4610443115, 85.8209533691, 86.1924667358, 86.5407714844, 86.900680542, 87.2605895996, 87.6321105957, 87.9804077148, 88.3403167725, 88.7002258301, 89.0601348877, 89.4200439453, 89.7799530029, 90.1398620605, 90.4997711182, 90.8596801758, 91.2079772949, 91.5678863525, 91.9277954102, 92.2993164062, 92.6592254639, 93.0191345215, 93.3790435791, 93.7389526367, 94.0988616943, 94.458770752, 94.8186798096, 95.1785888672, 95.5268936157, 95.8984146118, 96.2583236694, 96.6182327271, 96.9665298462, 97.3148269653, 97.6863479614, 98.0578689575, 98.4061660767, 98.7776870728, 99.1375961304, 99.497505188, 99.8458023071, 100.217323303, 100.565620422, 100.92552948, 101.285438538, 101.645347595, 102.005256653, 102.36516571, 102.725074768, 103.073379517, 103.444892883, 103.804801941, 104.164710999, 104.524627686, 104.884536743, 105.244445801, 105.604354858, 105.964263916, 106.324172974, 106.672470093, 107.043991089, 107.403900146, 107.763809204, 108.112106323, 108.472015381, 108.831924438, 109.203445435, 109.551742554, 109.92326355, 110.271560669, 110.643081665, 110.991378784, 111.36289978, 111.711196899, 112.082717896, 112.431015015, 112.790924072, 113.15083313, 113.522354126, 113.870658875, 114.230567932, 114.59047699, 114.950386047, 115.310295105, 115.670204163, 116.03011322, 116.390022278, 116.749931335, 117.109840393, 117.469749451, 117.829658508, 118.189567566, 118.549476624, 118.909385681, 119.269294739, 119.629203796, 119.977500916, 120.325805664, 120.697319031, 121.068840027, 121.428749084, 121.788658142, 122.1485672, 122.508476257, 122.868385315, 123.228294373, 123.58820343, 123.948112488, 124.296417236, 124.667930603, 125.02784729, 125.387756348, 125.736053467, 126.084350586, 126.455871582, 126.827392578, 127.175689697, 127.535598755, 127.895507812, 128.25541687, 128.615325928, 128.975234985, 129.335144043, 129.695053101, 130.054962158, 130.414871216, 130.774780273, 131.134689331, 131.494598389, 131.842895508, 132.214416504, 132.574325562, 132.934234619, 133.294143677, 133.654052734, 134.013961792, 134.37387085, 134.733779907, 135.093688965, 135.441986084, 135.801895142, 136.161804199, 136.533325195, 136.881637573, 137.241546631, 137.601455688, 137.972961426, 138.321273804, 138.681182861, 139.041091919, 139.412597656, 139.760910034, 140.120819092, 140.480728149, 140.852249146, 141.200546265, 141.560455322, 141.92036438, 142.280273438, 142.640182495, 143.000091553, 143.36000061, 143.719909668, 144.079818726, 144.439727783, 144.799636841, 145.159545898, 145.519454956, 145.879364014, 146.239273071, 146.599182129, 146.959091187, 147.319000244, 147.702133179, 148.073654175, 148.445159912, 148.805084229, 149.164993286, 149.501678467, 149.838363647, 150.186660767, 150.558181763, 150.91809082, 151.277999878, 151.626296997, 151.997817993, 152.346115112, 152.70602417, 153.065933228, 153.425842285, 153.785751343, 154.1456604, 154.505569458, 154.853881836, 155.225387573, 155.585296631, 155.945205688, 156.305114746, 156.665023804, 157.024932861, 157.384857178, 157.744766235, 158.104675293, 158.464584351, 158.824493408, 159.184402466, 159.544311523, 159.892608643, 160.2525177, 160.612426758, 160.983947754, 161.332244873, 161.703765869, 162.063674927, 162.423583984, 162.771881104, 163.1434021, 163.503311157, 163.863220215, 164.211517334, 164.571426392, 164.931335449, 165.302856445, 165.651153564, 166.011062622, 166.37097168, 166.730880737, 167.090789795, 167.450698853, 167.81060791, 168.182128906, 168.530426025, 168.890335083, 169.250244141, 169.621765137, 169.970062256, 170.329971313, 170.689880371, 171.049789429, 171.409698486, 171.757995605, 172.106307983, 172.477813721, 172.849334717, 173.209243774, 173.569152832, 173.92906189, 174.288970947, 174.648880005, 175.008789062, 175.36869812, 175.728607178, 176.076919556, 176.448425293, 176.808334351, 177.168243408, 177.516555786, 177.864852905, 178.236373901, 178.596282959, 178.956192017, 179.327713013, 179.68762207, 180.047531128, 180.395828247, 180.755737305, 181.115646362, 181.47555542, 181.835464478, 182.195373535, 182.555282593, 182.91519165, 183.275100708, 183.623397827, 183.994918823, 184.354827881, 184.714736938, 185.074645996, 185.434555054, 185.794464111, 186.154373169, 186.514282227, 186.874191284, 187.222488403, 187.594009399, 187.953918457, 188.313827515, 188.673736572, 189.03364563, 189.393554688, 189.753463745, 190.101760864, 190.461669922, 190.821578979, 191.193099976, 191.541397095, 191.901306152, 192.26121521, 192.632736206, 192.981033325, 193.340942383, 193.70085144, 194.072372437, 194.420669556, 194.780578613, 195.140487671, 195.500411987, 195.860321045, 196.220230103, 196.58013916, 196.940048218, 197.299957275, 197.659866333, 198.019775391, 198.379684448, 198.739593506, 199.087890625, 199.459411621, 199.819320679, 200.179229736, 200.539138794, 200.899047852, 201.258956909, 201.618865967, 201.967163086, 202.327072144, 202.686981201, 203.046890259, 203.406799316, 203.778320312, 204.13822937, 204.498138428, 204.846435547, 205.206344604, 205.566253662, 205.937774658, 206.286071777, 206.645980835, 207.005889893, 207.36579895, 207.725708008, 208.085617065, 208.445526123, 208.805435181, 209.165344238, 209.525253296, 209.885162354, 210.245071411, 210.604980469, 210.964889526, 211.324798584, 211.684707642, 212.044616699, 212.404525757, 212.764434814, 213.124343872, 213.48425293, 213.844161987, 214.204071045, 214.552383423, 214.92388916, 215.283798218, 215.643707275, 215.992019653, 216.363540649, 216.711837769, 217.083358765, 217.431655884, 217.791564941, 218.151473999, 218.522994995, 218.871292114, 219.24281311, 219.591110229, 219.962631226, 220.310928345, 220.670837402, 221.03074646, 221.402267456, 221.750564575, 222.110473633, 222.47038269, 222.841903687, 223.190200806, 223.550109863, 223.910018921, 224.269927979, 224.629837036, 224.989746094, 225.349655151, 225.709564209, 226.069473267, 226.429382324, 226.789291382, 227.149200439, 227.509109497, 227.857406616, 228.228927612, 228.58883667, 228.948745728, 229.297042847, 229.645339966, 230.016860962, 230.388381958, 230.736679077, 231.108200073, 231.468109131, 231.828018188, 232.176315308, 232.547836304, 232.907745361, 233.267654419, 233.615966797, 233.975875854, 234.335784912, 234.69569397, 235.055603027, 235.403900146, 235.775421143, 236.1353302, 236.495239258, 236.855148315, 237.215057373, 237.574966431, 237.934875488, 238.294784546, 238.654693604, 239.014602661, 239.374511719, 239.734420776, 240.094329834, 240.442626953, 240.802536011, 241.162445068, 241.533966064, 241.882263184, 242.25378418, 242.613693237, 242.973602295, 243.321899414, 243.69342041, 244.053329468, 244.413238525, 244.761535645, 245.133056641, 245.48135376, 245.852874756, 246.201171875, 246.561080933, 246.92098999, 247.292510986, 247.640808105, 248.000717163, 248.360626221, 248.732147217, 249.080444336, 249.440353394, 249.800262451, 250.160171509, 250.520080566, 250.879989624, 251.239898682, 251.599807739, 251.959716797, 252.319625854, 252.679534912, 253.03944397, 253.399353027, 253.759277344, 254.119186401, 254.479095459, 254.839004517, 255.198913574, 255.558822632, 255.918731689, 256.278625488, 256.638549805, 256.998443604, 257.35836792, 257.718261719, 258.066558838, 258.438079834, 258.79800415, 259.157897949, 259.506195068, 259.866119385, 260.226013184, 260.5859375, 260.945831299, 261.305755615, 261.665649414, 262.02557373, 262.385467529, 262.745391846, 263.105316162, 263.465209961, 263.825134277, 264.196624756, 264.568145752, 264.951293945, 265.334411621, 265.705932617, 266.065856934, 266.425750732, 266.785675049, 267.145568848, 267.540313721, 267.923431396, 268.31817627, 268.712921143], "beats_loudness": {"dvar2": 0.0450391322374, "var": 0.0151874013245, "min": 0, "dmean": 0.127634182572, "mean": 0.0999559313059, "max": 0.939202964306, "dmean2": 0.230303585529, "median": 0.0660097822547, "dvar": 0.015278423205}, "bpm_histogram_second_peak_weight": {"dvar2": 0, "var": 0, "min": 0.1664429456, "dmean": 0, "mean": 0.1664429456, "max": 0.1664429456, "dmean2": 0, "median": 0.1664429456, "dvar": 0}, "bpm_histogram_second_peak_spread": {"dvar2": 0, "var": 0, "min": 0, "dmean": 0, "mean": 0, "max": 0, "dmean2": 0, "median": 0, "dvar": 0}, "bpm_histogram_second_peak_bpm": {"dvar2": 0, "var": 0, "min": 172, "dmean": 0, "mean": 172, "max": 172, "dmean2": 0, "median": 172, "dvar": 0}, "onset_rate": 5.64659166336}, "lowlevel": {"spectral_energyband_high": {"dvar2": 2.50631983363e-05, "var": 1.03026468423e-05, "min": 7.19002594434e-21, "dmean": 0.00170269014779, "mean": 0.00150637852494, "max": 0.0283240787685, "dmean2": 0.00276441499591, "median": 0.000170669882209, "dvar": 1.05860981421e-05}, "spectral_energyband_middle_low": {"dvar2": 0.000292113778414, "var": 8.7437183538e-05, "min": 1.588850429e-22, "dmean": 0.00424875272438, "mean": 0.00494489073753, "max": 0.120688520372, "dmean2": 0.00720488233492, "median": 0.0020960108377, "dvar": 0.000108884509245}, "spectral_energy": {"dvar2": 0.0116320215166, "var": 0.00899058114737, "min": 9.86437114276e-21, "dmean": 0.034500412643, "mean": 0.0626712217927, "max": 0.929386854172, "dmean2": 0.0568064302206, "median": 0.0210211463273, "dvar": 0.00409441674128}, "spectral_spread": {"dvar2": 3446160228350.0, "var": 16249526419500.0, "min": 670147.1875, "dmean": 1176765, "mean": 5265188.5, "max": 45717628, "dmean2": 1809128.875, "median": 4694432.5, "dvar": 1710946123780.0}, "spectral_energyband_low": {"dvar2": 0.01173872035, "var": 0.00842338427901, "min": 1.50568319035e-23, "dmean": 0.0311486013234, "mean": 0.0536857694387, "max": 0.908115029335, "dmean2": 0.0523749776185, "median": 0.0117493774742, "dvar": 0.00405094772577}, "spectral_rolloff": {"dvar2": 8126646.5, "var": 9151106, "min": 43.06640625, "dmean": 1130.37304688, "mean": 1751.90466309, "max": 19552.1484375, "dmean2": 1902.01721191, "median": 215.33203125, "dvar": 3622434.5}, "barkbands": {"dvar2": [2.40620602199e-06, 0.00991278793663, 0.000402805802878, 1.50105970533e-05, 0.000147218743223, 2.77064827969e-06, 1.56667499596e-06, 2.71253475148e-06, 8.64204025675e-07, 1.31201124987e-06, 2.48828598615e-07, 3.53412906406e-06, 5.53499967282e-06, 1.81922666798e-06, 2.68122153102e-06, 8.08453080481e-07, 1.2360327446e-06, 1.10429596134e-06, 2.60979072664e-06, 2.39736323238e-06, 1.70531427557e-06, 1.77608592367e-06, 9.48718252403e-07, 4.04848378821e-07, 1.67087364389e-07, 2.44111987513e-07, 5.73790863712e-08], "var": [2.53439679909e-06, 0.00718672713265, 0.000134215326398, 3.87265527024e-06, 3.8544756535e-05, 9.54041979639e-07, 5.83153621392e-07, 9.42713256791e-07, 7.01048350038e-07, 4.65020917773e-07, 8.34602786881e-08, 8.62396746015e-07, 1.49353797951e-06, 5.49719800347e-07, 7.77043055677e-07, 2.71275439445e-07, 4.46187982561e-07, 3.44786343476e-07, 7.13062775048e-07, 8.55760447394e-07, 6.17009618509e-07, 6.08046491379e-07, 2.93406202445e-07, 1.58567544872e-07, 5.36930215844e-08, 7.94467496235e-08, 1.8416919545e-08], "min": [4.69589372571e-25, 2.7927634392e-24, 1.44039532634e-24, 5.32119270388e-25, 8.13172730573e-24, 7.05197473057e-24, 5.21568167034e-24, 6.77946667516e-24, 1.55006103389e-23, 1.53704640667e-23, 1.49305068736e-23, 2.7235659411e-23, 1.78576320604e-23, 2.69560113756e-23, 4.97850716819e-23, 6.23152152382e-23, 7.64730912308e-23, 7.51271304434e-23, 1.03893517643e-22, 1.32181457548e-22, 1.98277121436e-22, 3.13013191433e-22, 3.70928683279e-22, 5.46770423865e-22, 8.97929697501e-22, 1.19597634216e-21, 2.02517199577e-21], "dmean": [0.000386601343052, 0.0278395470232, 0.00518243340775, 0.000867942813784, 0.00261720176786, 0.00031083333306, 0.000330795068294, 0.000355461175786, 0.000270105228992, 0.000284661509795, 0.000119775744679, 0.000446402205853, 0.000524135190062, 0.000357114913641, 0.000441326497821, 0.000237634216319, 0.000331785879098, 0.000319680752, 0.000466371158836, 0.00049257138744, 0.00036084477324, 0.000326710549416, 0.000272253178991, 0.00018374240608, 0.000126461192849, 0.000162671916769, 7.6409902249e-05], "mean": [0.000663919257931, 0.0470388680696, 0.00554589554667, 0.000995111186057, 0.00249058543704, 0.000368698470993, 0.000369561632397, 0.000318298232742, 0.000319271232001, 0.000270717602689, 0.000108832180558, 0.000338029727573, 0.000405858736485, 0.000288424926111, 0.000362336082617, 0.000206382144825, 0.000304864748614, 0.000255403807387, 0.00035782973282, 0.00039428382297, 0.000308194401441, 0.000286992173642, 0.000210604077438, 0.000156727823196, 0.000103082405985, 0.000136134724016, 6.43374878564e-05], "max": [0.0149268526584, 0.814754843712, 0.153945729136, 0.032215975225, 0.101111911237, 0.0181565191597, 0.0102723333985, 0.0139745455235, 0.0145987458527, 0.0113902306184, 0.00878389552236, 0.0106288231909, 0.0126960165799, 0.0074201207608, 0.00820314045995, 0.012370346114, 0.0107025178149, 0.00814989488572, 0.0127958673984, 0.0102469939739, 0.0130313383415, 0.00784726627171, 0.00866127479821, 0.00700616557151, 0.0026477209758, 0.00171770469751, 0.000722985947505], "dmean2": [0.000650430796668, 0.0473185703158, 0.0090236896649, 0.00153925211634, 0.00459177838638, 0.000511516467668, 0.000536969106179, 0.000574359088205, 0.000434447138105, 0.000479248614283, 0.000199668313144, 0.000775001128204, 0.000911452400032, 0.000608432397712, 0.000753768079448, 0.000398069154471, 0.000553473830223, 0.000551058037672, 0.000809321994893, 0.000837652420159, 0.000596147205215, 0.000544848327991, 0.000468598591397, 0.000311456125928, 0.000213271152461, 0.000270348915365, 0.000127737395815], "median": [7.35314679332e-05, 0.00785743817687, 0.00172243942507, 0.00034654798219, 0.000676620460581, 0.000116002047434, 8.45344475238e-05, 2.49355762207e-05, 3.425135219e-05, 1.86314318853e-05, 1.68118112924e-05, 2.31737030845e-05, 3.08012968162e-05, 1.82087605936e-05, 2.68081166723e-05, 2.2516844183e-05, 4.94064661325e-05, 3.06316724163e-05, 4.13171619584e-05, 2.75256388704e-05, 2.28307108046e-05, 2.33312293858e-05, 1.53648652486e-05, 1.35397513077e-05, 5.67627830605e-06, 1.82489213785e-06, 6.12534677202e-07], "dvar": [8.6629256657e-07, 0.00341248093173, 0.000144711550092, 5.2696673265e-06, 5.31849836989e-05, 1.06838035663e-06, 6.07016090726e-07, 1.07082712475e-06, 3.70038890196e-07, 4.94532912398e-07, 9.75189422547e-08, 1.28706619762e-06, 2.07548146136e-06, 6.9760938004e-07, 1.02047363271e-06, 3.15778663662e-07, 4.90765444283e-07, 4.25061756459e-07, 9.73514602265e-07, 9.79100605036e-07, 6.88053773956e-07, 7.0852911449e-07, 3.60970375368e-07, 1.58055783572e-07, 6.62070007706e-08, 9.66705968608e-08, 2.26030110184e-08]}, "melbands_skewness": {"dvar2": 17.2689933777, "var": 18.2347393036, "min": -1.32889723778, "dmean": 2.39298915863, "mean": 5.46812152863, "max": 25.5531539917, "dmean2": 3.8035030365, "median": 4.43106937408, "dvar": 6.9027633667}, "barkbands_skewness": {"dvar2": 24.100107193, "var": 27.7355670929, "min": -3.62087869644, "dmean": 2.34591794014, "mean": 4.28001642227, "max": 56.3859176636, "dmean2": 3.62985515594, "median": 2.83473682404, "dvar": 10.6524400711}, "erbbands": {"dvar2": [5.08520555496, 633.93548584, 1187.61755371, 160.280059814, 1000.25006104, 1876.06921387, 235.621765137, 164.270629883, 89.2246246338, 2388.43212891, 539.395507812, 338.416656494, 1495.54187012, 668.658752441, 681.505249023, 6907.90673828, 13667.5332031, 5009.80224609, 9748.16113281, 2668.98583984, 2695.24047852, 4484.48876953, 3616.32373047, 5396.07128906, 4733.11132812, 5061.82861328, 4416.08398438, 2026.00952148, 3053.92797852, 834.783325195, 841.053039551, 225.501525879, 100.572303772, 35.2836456299, 6.79726600647, 5.1561756134, 1.08406078815, 0.0104803116992, 0.00162883405574, 1.90375758393e-05], "var": [5.77544879913, 399.85055542, 428.392181396, 48.1446495056, 293.491699219, 455.577758789, 68.8188018799, 58.0792121887, 53.907585144, 750.76159668, 182.124526978, 214.810241699, 671.831787109, 240.438522339, 251.470443726, 1641.72644043, 3433.24853516, 1572.52832031, 2566.37695312, 934.126708984, 900.031738281, 1620.79492188, 1167.53515625, 1573.90136719, 1383.20703125, 1735.12524414, 1532.75939941, 821.479919434, 955.297729492, 342.644256592, 250.615829468, 93.6720504761, 35.0335083008, 10.8751726151, 2.09963822365, 1.61194872856, 0.347543567419, 0.00395153230056, 0.000559372652788, 5.85576117373e-06], "min": [1.03950353494e-22, 5.94610382281e-22, 2.06216530606e-21, 6.8809423152e-21, 1.15557648562e-20, 3.18423790725e-20, 6.73746622237e-20, 4.55467423386e-20, 1.14964585912e-19, 9.11798216537e-20, 2.66725241548e-19, 3.54841302535e-19, 6.10628708993e-19, 6.05141554701e-19, 9.90422121501e-19, 1.15679109695e-18, 1.11161700594e-18, 2.04236021759e-18, 2.30921033756e-18, 3.03963666784e-18, 4.11505190747e-18, 4.83274854851e-18, 4.64998836884e-18, 5.41740766368e-18, 6.40459437161e-18, 8.03070861957e-18, 8.62426282146e-18, 8.9451418975e-18, 1.14138864239e-17, 1.12658674164e-17, 1.0454181551e-17, 1.01391589137e-17, 1.0374390882e-17, 8.64981029467e-18, 6.26306790471e-18, 4.20422404546e-18, 2.29077661761e-18, 9.11303433284e-19, 2.62082483565e-19, 2.71979247229e-20], "dmean": [0.548784971237, 7.06126737595, 9.12268924713, 2.90893149376, 7.33233833313, 8.85962581635, 2.94601297379, 2.70226716995, 2.98277425766, 9.49494552612, 5.59823846817, 5.64749956131, 9.01207733154, 7.14185094833, 7.4069609642, 19.6115703583, 25.2603759766, 18.8453330994, 24.3795909882, 14.6307029724, 14.644818306, 19.9842185974, 17.6902217865, 22.3565368652, 20.9924354553, 22.5003147125, 18.4241580963, 13.5263195038, 12.6822109222, 8.31951332092, 7.87640237808, 4.16893863678, 2.95813035965, 1.62084233761, 0.857673048973, 0.731285154819, 0.339990228415, 0.0367971323431, 0.0133994361386, 0.00133842555806], "mean": [1.18196904659, 10.877494812, 11.0330286026, 3.63649773598, 7.30065107346, 8.15455818176, 3.20475411415, 3.10002470016, 4.07353067398, 8.45959281921, 5.26546239853, 6.5360121727, 9.42055702209, 6.82736301422, 6.634516716, 14.6062326431, 19.1556396484, 15.7386198044, 19.5761566162, 13.1299524307, 12.9440011978, 18.0686397552, 14.5323190689, 17.7921962738, 16.1052036285, 17.8464374542, 15.0793581009, 11.802734375, 10.7271814346, 7.39889287949, 5.9638133049, 3.54758262634, 2.45930171013, 1.33942687511, 0.677281737328, 0.590956866741, 0.276015907526, 0.0334058664739, 0.0115744341165, 0.00111960584763], "max": [20.8860530853, 216.244003296, 300.340637207, 93.8690795898, 264.327911377, 343.863342285, 152.719848633, 111.800613403, 146.527450562, 394.662780762, 224.85723877, 210.082992554, 437.056365967, 243.669891357, 451.793457031, 442.293426514, 588.338745117, 385.698394775, 516.387695312, 455.529174805, 436.652404785, 598.93762207, 457.319641113, 527.586242676, 1013.6305542, 467.25881958, 661.563354492, 283.702850342, 330.006622314, 298.145782471, 217.842941284, 180.242736816, 91.728553772, 43.1195716858, 11.0776968002, 8.68336391449, 3.4585018158, 0.373681664467, 0.124558411539, 0.012910393998], "dmean2": [0.870269238949, 12.0819149017, 15.8951539993, 5.0223031044, 12.636841774, 15.7348423004, 5.11991405487, 4.44043064117, 4.79861688614, 15.4036684036, 9.24706554413, 9.09987640381, 15.1611366272, 11.6892957687, 12.1998653412, 34.2259674072, 44.3964118958, 32.1433334351, 41.9313621521, 24.2593326569, 24.5506839752, 33.3069725037, 30.2365055084, 38.5059051514, 36.1694564819, 38.3484039307, 31.2525482178, 21.4229106903, 21.3010177612, 13.261431694, 13.7150650024, 7.04180335999, 5.0434679985, 2.74523067474, 1.45435357094, 1.21910393238, 0.566934466362, 0.0623033829033, 0.0224619898945, 0.00222248653881], "median": [0.0978568643332, 2.1178817749, 4.13005924225, 1.52132821083, 2.31389355659, 1.92148506641, 1.16687572002, 0.820365250111, 1.15193676949, 1.22817850113, 0.73967140913, 0.864384770393, 0.639802873135, 0.800019264221, 0.897439956665, 1.1182410717, 1.43430089951, 1.30312824249, 1.25468873978, 1.3844025135, 1.75957798958, 2.65363788605, 1.87157487869, 1.99442851543, 1.8559513092, 1.30221128464, 1.07736063004, 0.950475096703, 0.813128709793, 0.57534724474, 0.395053565502, 0.324676603079, 0.179158598185, 0.0888069421053, 0.025640938431, 0.00927986204624, 0.00302666891366, 0.000590397627093, 0.000155854999321, 0.00010050284618], "dvar": [1.82231199741, 215.907287598, 403.08984375, 58.103931427, 372.622924805, 665.254333496, 86.909538269, 63.1685714722, 36.2990570068, 925.107299805, 206.392990112, 145.408325195, 560.448608398, 262.81338501, 273.678222656, 2499.28393555, 5033.45410156, 1951.55749512, 3616.04663086, 1061.23449707, 1051.13330078, 1788.03540039, 1402.15917969, 2043.22766113, 1795.04333496, 2027.83813477, 1777.52490234, 847.343322754, 1190.35266113, 344.402038574, 316.494598389, 87.6853179932, 38.9848556519, 13.7500152588, 2.66298699379, 2.02949953079, 0.427893877029, 0.00417717592791, 0.000650127534755, 7.42484962757e-06]}, "silence_rate_30dB": {"dvar2": 0.130398437381, "var": 0.174433261156, "min": 0, "dmean": 0.0683170855045, "mean": 0.774883568287, "max": 1, "dmean2": 0.136645957828, "median": 1, "dvar": 0.0636426657438}, "melbands_spread": {"dvar2": 1374.45056152, "var": 1013.94335938, "min": 0.148859605193, "dmean": 15.5734701157, "mean": 21.9814395905, "max": 298.676361084, "dmean2": 25.2177505493, "median": 6.88314533234, "dvar": 580.009765625}, "melbands_crest": {"dvar2": 30.7486782074, "var": 45.586517334, "min": 1.00601863861, "dmean": 3.63726830482, "mean": 19.4874954224, "max": 35.20362854, "dmean2": 5.77198171616, "median": 20.6976947784, "dvar": 13.0721578598}, "zerocrossingrate": {"dvar2": 0.000719758798368, "var": 0.00502309110016, "min": 0.001953125, "dmean": 0.0205017477274, "mean": 0.0575348511338, "max": 0.525390625, "dmean2": 0.0245614480227, "median": 0.03466796875, "dvar": 0.000573039404117}, "barkbands_kurtosis": {"dvar2": 70368.96875, "var": 51520.8554688, "min": -1.96684765816, "dmean": 52.9856376648, "mean": 66.4251403809, "max": 5172.55859375, "dmean2": 87.6417160034, "median": 9.52561378479, "dvar": 30274.8535156}, "spectral_flux": {"dvar2": 0.00786111038178, "var": 0.00867056380957, "min": 6.3782361337e-11, "dmean": 0.0508003607392, "mean": 0.106990344822, "max": 0.645531654358, "dmean2": 0.0779528021812, "median": 0.0792401134968, "dvar": 0.00371963321231}, "barkbands_crest": {"dvar2": 32.3556747437, "var": 50.1375160217, "min": 2.22134017944, "dmean": 3.78692865372, "mean": 15.2448568344, "max": 26.7047519684, "dmean2": 6.13947439194, "median": 14.583325386, "dvar": 14.1131067276}, "barkbands_flatness_db": {"dvar2": 0.00818568281829, "var": 0.0181401371956, "min": 0.0185660198331, "dmean": 0.0652597919106, "mean": 0.225333422422, "max": 0.726467967033, "dmean2": 0.092201218009, "median": 0.20010368526, "dvar": 0.00473215337843}, "spectral_entropy": {"dvar2": 0.457271933556, "var": 0.876760900021, "min": 4.04032230377, "dmean": 0.431143254042, "mean": 7.33632707596, "max": 9.82752418518, "dmean2": 0.618518710136, "median": 7.50618457794, "dvar": 0.269905656576}, "pitch_salience": {"dvar2": 0.034116063267, "var": 0.0419757030904, "min": 0.0305753927678, "dmean": 0.12264097482, "mean": 0.395760893822, "max": 0.99484795332, "dmean2": 0.198061183095, "median": 0.392239093781, "dvar": 0.0143415834755}, "erbbands_spread": {"dvar2": 1171.60656738, "var": 971.954956055, "min": 1.1439152956, "dmean": 19.1076774597, "mean": 48.0385932922, "max": 176.564376831, "dmean2": 30.9435596466, "median": 41.758026123, "dvar": 461.768554688}, "dynamic_complexity": 4.34483861923, "spectral_contrast_valleys": {"dvar2": [0.478273928165, 1.09318518639, 1.25524032116, 1.19475769997, 1.50063431263, 1.48000657558], "var": [4.92382717133, 4.4950838089, 4.56108474731, 4.82293891907, 5.22013998032, 5.10383367538], "min": [-28.1633377075, -28.5315284729, -27.7906723022, -27.6334533691, -27.5365276337, -27.4449329376], "dmean": [0.456118285656, 0.659914970398, 0.754487335682, 0.811902761459, 0.900620162487, 0.866492629051], "mean": [-7.53093338013, -8.09414386749, -8.47198963165, -8.65812492371, -8.34272480011, -10.8615779877], "max": [-4.66949319839, -4.75659751892, -4.88531208038, -5.2923078537, -5.09160280228, -7.58141946793], "dmean2": [0.73135304451, 0.992497444153, 1.07375955582, 1.0875287056, 1.20779728889, 1.10002148151], "median": [-7.14688491821, -7.87604045868, -8.44553184509, -8.63623428345, -8.22800827026, -10.5061359406], "dvar": [0.229106545448, 0.509180009365, 0.641203343868, 0.684643924236, 0.810937583447, 0.869091868401]}, "hfc": {"dvar2": 2703.10913086, "var": 1191.05932617, "min": 1.08379519962e-16, "dmean": 20.6418590546, "mean": 22.4593467712, "max": 264.337310791, "dmean2": 33.05103302, "median": 8.89986801147, "dvar": 1138.7869873}, "spectral_kurtosis": {"dvar2": 155.939178467, "var": 150.806671143, "min": -1.26558673382, "dmean": 4.47888946533, "mean": 8.10703372955, "max": 122.645385742, "dmean2": 7.10041332245, "median": 3.88903188705, "dvar": 71.8813095093}, "mfcc": {"mean": [-723.468200684, 114.157981873, 19.612279892, 44.5698623657, 20.8133449554, 20.0236186981, 11.4855194092, 12.1563615799, 5.66126537323, 6.61211395264, 5.6351108551, 6.01561164856, 2.29731965065], "cov": [[16045.0673828, -2873.21899414, -1404.42407227, -510.562957764, -483.634307861, 55.7872276306, -129.260040283, -172.53288269, -60.8604927063, 128.705657959, -96.5503616333, -101.760620117, -137.442108154], [-2873.21899414, 3680.33544922, 493.919555664, 133.067764282, 287.060241699, 45.8349266052, 55.6889915466, 55.3321990967, 31.8747196198, -18.2758350372, 14.3156108856, 31.6464519501, 59.6369247437], [-1404.42407227, 493.919555664, 1499.49377441, 309.529174805, 270.02822876, 177.431137085, 87.4825134277, 103.20841217, 83.5090408325, -17.7628383636, 9.02375984192, 28.2198390961, 8.47864055634], [-510.562957764, 133.067764282, 309.529174805, 865.991638184, 247.601318359, 63.2869567871, 86.561882019, 153.870330811, -20.3997268677, 17.7007446289, 20.7575263977, 25.8838634491, 21.7806892395], [-483.634307861, 287.060241699, 270.02822876, 247.601318359, 394.401916504, 142.121490479, 71.5762939453, 48.817024231, 17.7974128723, 20.4895095825, 25.0047664642, 31.2364215851, 42.8738670349], [55.7872276306, 45.8349266052, 177.431137085, 63.2869567871, 142.121490479, 241.784423828, 88.0996856689, 47.1544570923, 41.8991165161, 24.8242683411, 14.8182764053, 15.3260812759, 8.32800006866], [-129.260040283, 55.6889915466, 87.4825134277, 86.561882019, 71.5762939453, 88.0996856689, 192.004486084, 80.3454360962, 21.9957427979, 30.7768211365, 24.9533195496, 14.8619613647, 16.3338375092], [-172.53288269, 55.3321990967, 103.20841217, 153.870330811, 48.817024231, 47.1544570923, 80.3454360962, 148.199981689, 47.9510650635, 29.4780578613, 29.7883014679, 15.4455070496, 14.442150116], [-60.8604927063, 31.8747196198, 83.5090408325, -20.3997268677, 17.7974128723, 41.8991165161, 21.9957427979, 47.9510650635, 130.884384155, 54.2245521545, 25.0895500183, 18.7523002625, 0.251219660044], [128.705657959, -18.2758350372, -17.7628383636, 17.7007446289, 20.4895095825, 24.8242683411, 30.7768211365, 29.4780578613, 54.2245521545, 110.826309204, 29.2000484467, 20.4572887421, 19.417634964], [-96.5503616333, 14.3156108856, 9.02375984192, 20.7575263977, 25.0047664642, 14.8182764053, 24.9533195496, 29.7883014679, 25.0895500183, 29.2000484467, 87.5166091919, 33.1356925964, 17.8861789703], [-101.760620117, 31.6464519501, 28.2198390961, 25.8838634491, 31.2364215851, 15.3260812759, 14.8619613647, 15.4455070496, 18.7523002625, 20.4572887421, 33.1356925964, 86.2382278442, 32.1618881226], [-137.442108154, 59.6369247437, 8.47864055634, 21.7806892395, 42.8738670349, 8.32800006866, 16.3338375092, 14.442150116, 0.251219660044, 19.417634964, 17.8861789703, 32.1618881226, 62.0536842346]], "icov": [[8.12619546195e-05, 4.98864392284e-05, 5.47352574358e-05, 1.15494212878e-05, 3.8450685679e-05, -0.000114975337056, 4.04843522119e-05, 1.123061611e-05, 5.81430940656e-05, -0.000143568438943, 7.20105090295e-05, 3.34683772962e-06, 0.000118303221825], [4.98864392284e-05, 0.000331404735334, -4.06478902732e-05, 5.23070048075e-05, -0.000195971530047, 6.99019656167e-05, -9.67143114394e-06, -4.48642640549e-05, -3.01089385175e-05, 3.08496928483e-05, 7.01952303643e-05, 2.10508987948e-05, -0.000122479556012], [5.47352574358e-05, -4.06478902732e-05, 0.000915305572562, -0.000196061242605, -0.000276106991805, -0.000403496203944, -2.02337901101e-06, -8.66699338076e-05, -0.000610685441643, 0.000501458824147, 0.000204995332751, -0.00011991935753, 0.00021829821344], [1.15494212878e-05, 5.23070048075e-05, -0.000196061242605, 0.00190687039867, -0.00111690338235, 0.000429628184065, 0.000201887043659, -0.00216779485345, 0.0014192085946, -0.000537746353075, 0.000264340429567, -0.000412397290347, 0.000798277265858], [3.8450685679e-05, -0.000195971530047, -0.000276106991805, -0.00111690338235, 0.00457751611248, -0.00218835007399, -0.000200162045076, 0.00111721153371, -0.000185914846952, 4.56125562778e-05, -0.000443916884251, 0.000186762481462, -0.00235542142764], [-0.000114975337056, 6.99019656167e-05, -0.000403496203944, 0.000429628184065, -0.00218835007399, 0.00663219811395, -0.00217487686314, -0.000288742186967, -0.00109479855746, -3.11384355882e-05, 0.000278421037365, -0.0003339490504, 0.00095105957007], [4.04843522119e-05, -9.67143114394e-06, -2.02337901101e-06, 0.000201887043659, -0.000200162045076, -0.00217487686314, 0.00793119333684, -0.00379694090225, 0.00146806321573, -0.00130429421552, -0.000496251625009, 2.37070908042e-05, -0.000212472703424], [1.123061611e-05, -4.48642640549e-05, -8.66699338076e-05, -0.00216779485345, 0.00111721153371, -0.000288742186967, -0.00379694090225, 0.0126198818907, -0.00436651986092, 0.000664588820655, -0.00188428093679, 0.00101182167418, -0.00200167670846], [5.81430940656e-05, -3.01089385175e-05, -0.000610685441643, 0.0014192085946, -0.000185914846952, -0.00109479855746, 0.00146806321573, -0.00436651986092, 0.0127663761377, -0.00571086537093, -0.000680734403431, -0.0018313403707, 0.00352894421667], [-0.000143568438943, 3.08496928483e-05, 0.000501458824147, -0.000537746353075, 4.56125562778e-05, -3.11384355882e-05, -0.00130429421552, 0.000664588820655, -0.00571086537093, 0.0135250324383, -0.00211858283728, 0.000155517729581, -0.00374513468705], [7.20105090295e-05, 7.01952303643e-05, 0.000204995332751, 0.000264340429567, -0.000443916884251, 0.000278421037365, -0.000496251625009, -0.00188428093679, -0.000680734403431, -0.00211858283728, 0.0149709032848, -0.00445711473003, -0.000529641518369], [3.34683772962e-06, 2.10508987948e-05, -0.00011991935753, -0.000412397290347, 0.000186762481462, -0.0003339490504, 2.37070908042e-05, 0.00101182167418, -0.0018313403707, 0.000155517729581, -0.00445711473003, 0.0164097193629, -0.00743918959051], [0.000118303221825, -0.000122479556012, 0.00021829821344, 0.000798277265858, -0.00235542142764, 0.00095105957007, -0.000212472703424, -0.00200167670846, 0.00352894421667, -0.00374513468705, -0.000529641518369, -0.00743918959051, 0.0233723055571]]}, "silence_rate_20dB": {"dvar2": 0.0400861389935, "var": 0.0201081614941, "min": 0, "dmean": 0.0169067531824, "mean": 0.979472160339, "max": 1, "dmean2": 0.0338164232671, "median": 1, "dvar": 0.0166212525219}, "melbands_kurtosis": {"dvar2": 20350.9433594, "var": 20049.1679688, "min": -1.95776259899, "dmean": 58.3800048828, "mean": 86.3648071289, "max": 1310.41418457, "dmean2": 94.0069885254, "median": 33.6809844971, "dvar": 8889.53125}, "barkbands_spread": {"dvar2": 670.750366211, "var": 621.442749023, "min": 0.0275048110634, "dmean": 13.5410804749, "mean": 22.9000263214, "max": 129.299591064, "dmean2": 21.7114601135, "median": 12.9241199493, "dvar": 293.799804688}, "erbbands_skewness": {"dvar2": 2.91067242622, "var": 2.87667179108, "min": -6.0107960701, "dmean": 0.904596269131, "mean": 0.357388347387, "max": 11.9129199982, "dmean2": 1.40837669373, "median": 0.0539818368852, "dvar": 1.35613894463}, "average_loudness": 0.852244317532, "spectral_centroid": {"dvar2": 1083638.5, "var": 2022954.875, "min": 73.1485824585, "dmean": 615.525512695, "mean": 1475.66625977, "max": 12023.4248047, "dmean2": 942.208679199, "median": 1119.77416992, "dvar": 535708.4375}, "dissonance": {"dvar2": 0.00109156256076, "var": 0.000952138623688, "min": 0.212656065822, "dmean": 0.0188498590142, "mean": 0.467358976603, "max": 0.500000119209, "dmean2": 0.0302366130054, "median": 0.476399064064, "dvar": 0.000461176183308}, "erbbands_flatness_db": {"dvar2": 0.00308326492086, "var": 0.00484991678968, "min": 0.0263513624668, "dmean": 0.0374811962247, "mean": 0.154635593295, "max": 0.430890679359, "dmean2": 0.0570495277643, "median": 0.145816445351, "dvar": 0.0015415266389}, "spectral_strongpeak": {"dvar2": 0.304072260857, "var": 0.23969309032, "min": 0, "dmean": 0.221139162779, "mean": 0.543279051781, "max": 7.36474657059, "dmean2": 0.352155745029, "median": 0.367883592844, "dvar": 0.113307237625}, "spectral_rms": {"dvar2": 1.28961873997e-05, "var": 2.3447584681e-05, "min": 3.10222117092e-12, "dmean": 0.0018619276816, "mean": 0.00613962067291, "max": 0.0301117729396, "dmean2": 0.00292430003174, "median": 0.00452862400562, "dvar": 5.1025654102e-06}, "silence_rate_60dB": {"dvar2": 0.108521014452, "var": 0.11051530391, "min": 0, "dmean": 0.0529629960656, "mean": 0.126530960202, "max": 1, "dmean2": 0.105935126543, "median": 0, "dvar": 0.0501598678529}, "melbands": {"dvar2": [0.000578059407417, 0.000578936946113, 5.56702843824e-06, 9.87725070445e-06, 4.30600664458e-07, 7.74700978923e-08, 2.6329193048e-08, 2.66217028866e-07, 3.2494028801e-08, 1.5409334253e-08, 3.86415166531e-08, 1.25803