{"metadata": {"tags": {"label": ["Easy Star Records"], "albumartist": ["Easy Star All-Stars"], "musicbrainz_artistid": ["0cee95e3-a61d-4cd1-a39c-75464a05b606"], "tracknumber": ["5/13"], "catalognumber": ["ES-1018"], "genre": ["Reggae", "Dub", "Melodica", "Covers", "My Gang 09"], "artist": ["Easy Star All-Stars"], "musicbrainz_albumid": ["e6d8c1fb-e9c1-41eb-a010-10d6a7c9428b"], "artistsort": ["Easy Star All-Stars"], "title": ["Fixing a Hole (feat. Max Romeo)"], "asin": ["B001SZ28VK"], "musicbrainz_albumartistid": ["0cee95e3-a61d-4cd1-a39c-75464a05b606"], "album": ["Easy Star's Lonely Hearts Dub Band"], "musicbrainz album type": ["album"], "musicbrainz_recordingid": ["0ee2652c-dca0-4295-a24f-02d212ec82b4"], "albumartistsort": ["Easy Star All-Stars"], "musicbrainz album release country": ["US"], "date": ["2009-04-14"], "musicip_puid": ["158dbe0d-60b5-2bb4-1336-aa547630fa54"], "file_name": "05 Fixing a Hole (feat. Max Romeo).mp3", "musicbrainz album status": ["official"]}, "audio_properties": {"sample_rate": 44100, "downmix": "mix", "lossless": false, "analysis_sample_rate": 44100, "md5_encoded": "e3df93096b569ef2355e171f00e55c19", "equal_loudness": 0, "replay_gain": -12.9683685303, "codec": "mp3", "bit_rate": 191723, "length": 297.534698486}, "version": {"extractor": "music 1.0", "essentia_build_sha": "70f2e5ece6736b2c40cc944ad0e695b16b925413", "essentia_git_sha": "v2.1_beta2", "essentia": "2.1-beta2"}}, "rhythm": {"beats_loudness_band_ratio": {"dvar2": [0.169324100018, 0.0242111124098, 0.0611703768373, 0.0479286909103, 0.0235422309488, 0.0277248900384], "var": [0.096837028861, 0.0097359130159, 0.02751474455, 0.016661606729, 0.0271159522235, 0.00835751090199], "min": [5.6951190345e-05, 8.4308499936e-05, 0.000204891955946, 0.000244818686042, 2.7534975743e-05, 4.6956793085e-06], "dmean": [0.256611853838, 0.0796143338084, 0.12511856854, 0.0874086916447, 0.0645470246673, 0.0356392525136], "mean": [0.61306899786, 0.0782584175467, 0.125215858221, 0.0871320664883, 0.0881907567382, 0.032879319042], "max": [0.996743202209, 0.888582527637, 0.930930614471, 0.914904952049, 0.986280679703, 0.950001955032], "dmean2": [0.450953990221, 0.142189949751, 0.224242076278, 0.158011525869, 0.11246099323, 0.0636997967958], "median": [0.713377535343, 0.0466670207679, 0.0535802394152, 0.0420695841312, 0.033761061728, 0.0122950151563], "dvar": [0.0654380321503, 0.00895566213876, 0.0219688918442, 0.0166855528951, 0.0103107718751, 0.0101670119911]}, "bpm_histogram_first_peak_weight": {"dvar2": 0, "var": 0, "min": 0.323583185673, "dmean": 0, "mean": 0.323583185673, "max": 0.323583185673, "dmean2": 0, "median": 0.323583185673, "dvar": 0}, "bpm": 109.075126648, "beats_count": 548, "bpm_histogram_first_peak_spread": {"dvar2": 0, "var": 0, "min": 0.640973627567, "dmean": 0, "mean": 0.640973627567, "max": 0.640973627567, "dmean2": 0, "median": 0.640973627567, "dvar": 0}, "danceability": 1.08927750587, "bpm_histogram_first_peak_bpm": {"dvar2": 0, "var": 0, "min": 108, "dmean": 0, "mean": 108, "max": 108, "dmean2": 0, "median": 108, "dvar": 0}, "beats_position": [0.522448956966, 1.06811785698, 1.62539684772, 2.18267560005, 2.75156450272, 3.32045340538, 3.90095233917, 4.48145103455, 5.06195020676, 5.64244890213, 6.21133756638, 6.76861667633, 7.32589578629, 7.89478445053, 8.46367359161, 9.03256225586, 9.6014509201, 10.1587295532, 10.7276191711, 11.2848978043, 11.8537864685, 12.4110651016, 12.9799547195, 13.5372333527, 14.1061220169, 14.6750106812, 15.2439002991, 15.8011789322, 16.3700675964, 16.9389572144, 17.4962348938, 18.0419044495, 18.5991840363, 19.1564617157, 19.7021312714, 20.247800827, 20.8050785065, 21.3623580933, 21.9196376801, 22.4536952972, 23.010974884, 23.5566444397, 24.1139221191, 24.6595916748, 25.1936511993, 25.7509288788, 26.3082084656, 26.865486145, 27.4227657318, 27.9800453186, 28.5257129669, 29.0713825226, 29.6402721405, 30.1859397888, 30.7432193756, 31.2772789001, 31.8113365173, 32.3453979492, 32.8910636902, 33.4367332458, 33.9824028015, 34.539680481, 35.0853500366, 35.6194114685, 36.1766891479, 36.7339668274, 37.2912483215, 37.848526001, 38.4058036804, 38.9514732361, 39.4971427917, 40.0312004089, 40.6000900269, 41.1457595825, 41.703037262, 42.2603149414, 42.8175964355, 43.374874115, 43.9321517944, 44.4778213501, 45.0234909058, 45.5807685852, 46.1264381409, 46.6721076965, 47.2177772522, 47.7634468079, 48.3207244873, 48.866394043, 49.4120635986, 49.9577331543, 50.5033988953, 51.0606803894, 51.5947380066, 52.1287956238, 52.6628570557, 53.1969146729, 53.7541923523, 54.2882537842, 54.8339233398, 55.3795890808, 55.9252586365, 56.4593200684, 57.0049858093, 57.5390472412, 58.0731048584, 58.6187744141, 59.1528320312, 59.6985015869, 60.2557830811, 60.8246688843, 61.3819503784, 61.9508361816, 62.5197257996, 63.0886154175, 63.6458930969, 64.2031707764, 64.772064209, 65.3293380737, 65.8982315063, 66.4555053711, 67.0243988037, 67.5932846069, 68.1621780396, 68.7194519043, 69.2883453369, 69.8456192017, 70.4029006958, 70.9601821899, 71.5174560547, 72.0747375488, 72.6204071045, 73.1660766602, 73.7233581543, 74.280632019, 74.8263015747, 75.3719711304, 75.9292526245, 76.4633102417, 77.0205917358, 77.5778656006, 78.1119232178, 78.6575927734, 79.2032623291, 79.7605438232, 80.3294296265, 80.8867111206, 81.4439926147, 81.9896621704, 82.5469360352, 83.1042175293, 83.649887085, 84.1839447021, 84.7296142578, 85.263671875, 85.8093414307, 86.3550109863, 86.900680542, 87.4463500977, 87.9920196533, 88.537689209, 89.0949630737, 89.6522445679, 90.2095184326, 90.7551879883, 91.3124694824, 91.8581390381, 92.4154205322, 92.9494781494, 93.5067520142, 94.0640335083, 94.6213150024, 95.1553726196, 95.7126541138, 96.2699279785, 96.8272094727, 97.3844909668, 97.9417648315, 98.4874343872, 99.0331039429, 99.5787734985, 100.124443054, 100.67011261, 101.227394104, 101.77305603, 102.330337524, 102.87600708, 103.421676636, 103.97895813, 104.513015747, 105.047073364, 105.581130981, 106.126800537, 106.672470093, 107.218139648, 107.752197266, 108.297866821, 108.843536377, 109.389205933, 109.92326355, 110.457321167, 110.991378784, 111.513832092, 112.036277771, 112.558731079, 113.104400635, 113.650062561, 114.207344055, 114.776237488, 115.333511353, 115.890792847, 116.448066711, 116.993736267, 117.539405823, 118.085075378, 118.653968811, 119.211242676, 119.76852417, 120.314193726, 120.859863281, 121.405532837, 121.939590454, 122.48526001, 123.042533875, 123.599815369, 124.157096863, 124.714370728, 125.271652222, 125.805709839, 126.362991333, 126.920272827, 127.477546692, 128.034820557, 128.580490112, 129.137771606, 129.683441162, 130.240722656, 130.774780273, 131.320449829, 131.866119385, 132.41178894, 132.980682373, 133.537963867, 134.095230103, 134.652511597, 135.198181152, 135.743850708, 136.301132202, 136.835189819, 137.380859375, 137.926528931, 138.472198486, 139.017868042, 139.575149536, 140.120819092, 140.666488647, 141.200546265, 141.769424438, 142.315093994, 142.872375488, 143.429656982, 143.986938477, 144.532608032, 145.078277588, 145.612335205, 146.169616699, 146.703674316, 147.249343872, 147.795013428, 148.329071045, 148.886352539, 149.432022095, 149.97769165, 150.534957886, 151.09223938, 151.637908936, 152.183578491, 152.729248047, 153.274917603, 153.820587158, 154.354644775, 154.900314331, 155.434371948, 155.968429565, 156.502487183, 157.059768677, 157.617050171, 158.162719727, 158.708389282, 159.265670776, 159.822952271, 160.368606567, 160.914276123, 161.471557617, 162.028839111, 162.586120605, 163.120178223, 163.677459717, 164.234741211, 164.780410767, 165.326080322, 165.871749878, 166.417419434, 166.974685669, 167.520355225, 168.077636719, 168.623306274, 169.180587769, 169.737869263, 170.295150757, 170.840820312, 171.398086548, 171.955368042, 172.501037598, 173.046707153, 173.592376709, 174.138046265, 174.68371582, 175.217773438, 175.775054932, 176.309112549, 176.843170166, 177.388839722, 177.934509277, 178.468566895, 179.002624512, 179.548294067, 180.093963623, 180.62802124, 181.173690796, 181.707748413, 182.230194092, 182.752655029, 183.298324585, 183.832382202, 184.366439819, 184.900497437, 185.434555054, 185.968612671, 186.502670288, 187.036727905, 187.570785522, 188.10484314, 188.638900757, 189.172973633, 189.70703125, 190.241088867, 190.775146484, 191.309204102, 191.843261719, 192.377319336, 192.911376953, 193.44543457, 193.991104126, 194.525161743, 195.070831299, 195.604888916, 196.150558472, 196.684616089, 197.230285645, 197.764343262, 198.298416138, 198.832473755, 199.366531372, 199.900588989, 200.434646606, 200.957092285, 201.479537964, 201.990386963, 202.570877075, 203.162994385, 203.755096436, 204.358810425, 204.974151611, 205.543029785, 206.111923218, 206.68081665, 207.249694824, 207.818588257, 208.375869751, 208.944763184, 209.513641357, 210.070922852, 210.616592407, 211.18548584, 211.731155396, 212.276824951, 212.810882568, 213.368164062, 213.925445557, 214.471099854, 215.016769409, 215.574050903, 216.131332397, 216.677001953, 217.222671509, 217.768341064, 218.31401062, 218.871292114, 219.428573608, 219.985839844, 220.543121338, 221.100402832, 221.646072388, 222.203353882, 222.749023438, 223.294692993, 223.840362549, 224.374420166, 224.908477783, 225.4425354, 225.999816895, 226.557098389, 227.114364624, 227.66003418, 228.205703735, 228.762985229, 229.320266724, 229.865936279, 230.411605835, 230.968887329, 231.514556885, 232.071838379, 232.617507935, 233.17477417, 233.732055664, 234.27772522, 234.823394775, 235.38067627, 235.937957764, 236.495239258, 237.052505493, 237.598175049, 238.143844604, 238.701126099, 239.235183716, 239.780853271, 240.338134766, 240.883804321, 241.429473877, 241.975143433, 242.532424927, 243.078094482, 243.623764038, 244.157821655, 244.691879272, 245.22593689, 245.771606445, 246.317276001, 246.851333618, 247.397003174, 247.942672729, 248.499954224, 249.034011841, 249.568069458, 250.102127075, 250.636184692, 251.181854248, 251.727523804, 252.261581421, 252.818862915, 253.399353027, 253.956634521, 254.525527954, 255.094421387, 255.663299561, 256.220581055, 256.789459229, 257.346740723, 257.904022217, 258.461303711, 259.018585205, 259.587463379, 260.15637207, 260.713653564, 261.282531738, 261.851409912, 262.420318604, 262.989196777, 263.546478271, 264.103759766, 264.637817383, 265.195098877, 265.752380371, 266.298034668, 266.843719482, 267.389373779, 267.935058594, 268.492340088, 269.037994385, 269.583679199, 270.140960693, 270.675018311, 271.232299805, 271.789550781, 272.346832275, 272.90411377, 273.461395264, 274.007080078, 274.552734375, 275.110015869, 275.667297363, 276.224578857, 276.758636475, 277.304290771, 277.826751709, 278.372406006, 278.91809082, 279.475372314, 280.032653809, 280.566711426, 281.100769043, 281.658050537, 282.215332031, 282.633270264, 283.051239014, 283.469207764, 283.887145996, 284.293518066, 284.699859619, 285.117828369, 285.512542725, 285.930511475, 286.348480225, 286.766448975, 287.196014404, 287.637176514, 288.078369141, 288.51953125, 288.94909668, 289.36706543, 289.78503418, 290.20300293, 290.620941162, 291.038909912, 291.445251465, 291.851593018, 292.269561768, 292.67590332, 293.082275391, 293.488616943, 293.894958496, 294.312927246, 294.730865479, 295.148834229, 295.578399658, 296.007965088, 296.437530518, 296.867126465], "beats_loudness": {"dvar2": 0.00092750164913, "var": 0.000601915293373, "min": 1.20899057432e-09, "dmean": 0.0221973378211, "mean": 0.0519980862737, "max": 0.126775085926, "dmean2": 0.0373245738447, "median": 0.0507706850767, "dvar": 0.000328815105604}, "bpm_histogram_second_peak_weight": {"dvar2": 0, "var": 0, "min": 0.0310786105692, "dmean": 0, "mean": 0.0310786105692, "max": 0.0310786105692, "dmean2": 0, "median": 0.0310786105692, "dvar": 0}, "bpm_histogram_second_peak_spread": {"dvar2": 0, "var": 0, "min": 0.451612889767, "dmean": 0, "mean": 0.451612889767, "max": 0.451612889767, "dmean2": 0, "median": 0.451612889767, "dvar": 0}, "bpm_histogram_second_peak_bpm": {"dvar2": 0, "var": 0, "min": 144, "dmean": 0, "mean": 144, "max": 144, "dmean2": 0, "median": 144, "dvar": 0}, "onset_rate": 4.06987524033}, "lowlevel": {"spectral_energyband_high": {"dvar2": 2.26694183425e-07, "var": 2.5610856369e-07, "min": 7.87315838466e-21, "dmean": 0.000160383962793, "mean": 0.000265101902187, "max": 0.00587077019736, "dmean2": 0.000218456363655, "median": 5.61010820093e-05, "dvar": 1.15131513212e-07}, "spectral_energyband_middle_low": {"dvar2": 0.000134695947054, "var": 0.000171712090378, "min": 1.94024820369e-22, "dmean": 0.00486407615244, "mean": 0.0108774825931, "max": 0.173762828112, "dmean2": 0.0073566888459, "median": 0.00628798082471, "dvar": 5.67127062823e-05}, "spectral_energy": {"dvar2": 0.000612734991591, "var": 0.000662484089844, "min": 1.09838017743e-20, "dmean": 0.0108345691115, "mean": 0.0374172106385, "max": 0.196120560169, "dmean2": 0.0163910090923, "median": 0.0358809195459, "dvar": 0.000254098908044}, "spectral_spread": {"dvar2": 1571094003710.0, "var": 4131111043070.0, "min": 616950.25, "dmean": 667480.3125, "mean": 3436563.75, "max": 40978356, "dmean2": 897120.3125, "median": 2893084.25, "dvar": 885819244544}, "spectral_energyband_low": {"dvar2": 0.000501243106555, "var": 0.000369590095943, "min": 1.93263702124e-22, "dmean": 0.00704849557951, "mean": 0.0210197381675, "max": 0.174506723881, "dmean2": 0.0112453782931, "median": 0.0207829643041, "dvar": 0.000200152528123}, "spectral_rolloff": {"dvar2": 1539298.375, "var": 2828886.5, "min": 64.599609375, "dmean": 346.221618652, "mean": 1112.49731445, "max": 18970.7519531, "dmean2": 569.357910156, "median": 710.595703125, "dvar": 670151.125}, "barkbands": {"dvar2": [2.41536035617e-08, 0.000276824313914, 0.000128534680698, 1.44819759953e-05, 1.74999440787e-05, 5.84969302508e-06, 3.55322617906e-06, 1.82268449862e-05, 4.16011353082e-05, 5.12175502081e-05, 9.08163599433e-07, 1.98723682843e-06, 1.51305891904e-06, 4.02096156904e-06, 9.71367171587e-07, 5.01743352288e-06, 2.53142900419e-07, 2.77795010106e-07, 1.23327026813e-07, 2.20122107208e-08, 1.80523205273e-08, 2.49569733768e-08, 1.38868712085e-08, 7.089833165e-09, 3.32483152121e-09, 2.67389377306e-09, 2.38040438055e-11], "var": [1.66745284247e-08, 0.000219841036596, 4.88879049954e-05, 8.90922001417e-06, 1.41076179716e-05, 3.192621989e-06, 3.86183501178e-06, 1.4847660168e-05, 7.35595967853e-05, 9.10841408768e-05, 8.55080145357e-07, 1.3053835346e-06, 1.8972508542e-06, 6.0832167037e-06, 1.51329265918e-06, 8.83379289007e-06, 2.91760500204e-07, 1.43464021107e-07, 4.83167994503e-08, 2.51212313174e-08, 1.75651138079e-08, 1.3641909824e-08, 1.04705204507e-08, 7.30728100251e-09, 3.56174933991e-09, 2.93630852966e-09, 1.88514707317e-11], "min": [6.30376161898e-23, 1.14468564109e-22, 2.78642837337e-23, 2.06084168582e-23, 4.93904014156e-23, 1.71717143479e-23, 4.8759309536e-23, 1.79405508079e-23, 3.4440770976e-23, 5.07192502322e-23, 7.33471257642e-23, 1.1017179653e-22, 1.15322742697e-22, 1.99177205418e-22, 1.39517195013e-22, 2.62943142172e-22, 9.51604424581e-23, 1.44189977875e-22, 3.10046998699e-22, 2.97018601129e-22, 4.02601486489e-22, 3.5874730775e-22, 6.39111931832e-22, 9.73328038324e-22, 1.25070698165e-21, 1.92459624408e-21, 2.37293298284e-21], "dmean": [3.90504319512e-05, 0.00527352793142, 0.00240000686608, 0.00116270896979, 0.00141136173625, 0.000782912713476, 0.000517971173394, 0.000887905538548, 0.00131934171077, 0.00117945426609, 0.000272674515145, 0.000334969809046, 0.000305763125652, 0.000585725705605, 0.000308745831717, 0.000468418264063, 0.000162141455803, 0.000114757705887, 6.6448468715e-05, 4.01690558647e-05, 3.45201333403e-05, 3.28026508214e-05, 3.42095736414e-05, 2.3564303774e-05, 1.68113529071e-05, 1.38171953949e-05, 1.09989025532e-06], "mean": [5.36883344466e-05, 0.0151814343408, 0.00500495079905, 0.00185599341057, 0.00224073021673, 0.00103041646071, 0.000751025800128, 0.00128317368217, 0.00264525576495, 0.00244724983349, 0.000419969466748, 0.00048310708371, 0.000535839411896, 0.00118176161777, 0.000582728302106, 0.000840283813886, 0.000314812350553, 0.000176676912815, 9.28798908717e-05, 7.19797244528e-05, 5.46333467355e-05, 4.72625615657e-05, 4.76687164337e-05, 3.26078261423e-05, 2.2259006073e-05, 1.75123186636e-05, 1.24379187127e-06], "max": [0.00229880958796, 0.125762343407, 0.0659964382648, 0.0329301208258, 0.0452639311552, 0.022364910692, 0.0435506142676, 0.112253151834, 0.170318633318, 0.172013640404, 0.0296002067626, 0.0287422854453, 0.0297100450844, 0.0412753596902, 0.0206788014621, 0.0662599876523, 0.00790582410991, 0.00800718925893, 0.00621539447457, 0.00364155252464, 0.00306216068566, 0.00221384246834, 0.0014241526369, 0.00152408261783, 0.000689138949383, 0.000607786641922, 6.30396825727e-05], "dmean2": [5.97587095399e-05, 0.0083596073091, 0.00423689931631, 0.00185911962762, 0.00220804940909, 0.00125884753652, 0.000824682880193, 0.00135286652949, 0.0019527527038, 0.00175564957317, 0.000419233052526, 0.000528727774508, 0.00046410979121, 0.0008909884491, 0.000471453327918, 0.000752002175432, 0.000262441550149, 0.000193048792426, 0.000108186053694, 6.09924791206e-05, 5.02226466779e-05, 4.91429564136e-05, 5.05429197801e-05, 3.29855938617e-05, 2.25138719543e-05, 1.81142040674e-05, 1.54307394951e-06], "median": [1.41397310927e-06, 0.0143455546349, 0.00332456734031, 0.000655929441564, 0.000752129592001, 0.000291396834655, 0.000129165244289, 0.000169696693774, 0.000182608564501, 0.000177634108695, 0.000123573307064, 0.000126347309561, 0.000117276213132, 0.000250129931374, 0.00015201640781, 0.000145628393511, 0.000129913009005, 6.04084780207e-05, 2.50396333286e-05, 2.00962367671e-05, 1.10983637569e-05, 6.93869105817e-06, 5.33962474947e-06, 2.08067490348e-06, 1.02258525203e-06, 2.93550158403e-07, 6.38875263803e-09], "dvar": [1.12504432437e-08, 0.000112044508569, 4.46318044851e-05, 5.54239341e-06, 7.30799229132e-06, 2.40790473072e-06, 1.58769387326e-06, 7.98616565589e-06, 1.95821103262e-05, 2.31216763495e-05, 4.03193922693e-07, 8.21474088752e-07, 7.44092119476e-07, 1.72924728759e-06, 4.5603445642e-07, 2.00890303859e-06, 9.98719471568e-08, 1.02738866303e-07, 4.61625937476e-08, 1.00944017589e-08, 8.65957616725e-09, 9.93202764477e-09, 6.0253055878e-09, 3.66164010224e-09, 1.86940107838e-09, 1.57464785655e-09, 1.23083487846e-11]}, "melbands_skewness": {"dvar2": 3.47627329826, "var": 8.65974521637, "min": -4.84907960892, "dmean": 1.04446017742, "mean": 3.26090860367, "max": 24.5609989166, "dmean2": 1.51264703274, "median": 2.72229671478, "dvar": 1.68411147594}, "barkbands_skewness": {"dvar2": 2.00684142113, "var": 5.5984582901, "min": -8.09129619598, "dmean": 0.81050246954, "mean": 2.0108692646, "max": 15.4685077667, "dmean2": 1.17265403271, "median": 1.68205869198, "dvar": 0.971390902996}, "erbbands": {"dvar2": [0.113141812384, 20.1507263184, 158.591964722, 135.922409058, 190.5337677, 223.063415527, 381.745147705, 537.383544922, 580.298583984, 4090.76098633, 5681.98339844, 28342.4394531, 48658.625, 6229.32080078, 1574.13146973, 3861.92553711, 2641.1159668, 5990.72070312, 5694.20117188, 5151.97607422, 4429.1015625, 1019.60375977, 622.182250977, 864.024108887, 111.586418152, 47.4548492432, 39.805973053, 30.4346008301, 40.0741157532, 15.3913850784, 11.9377746582, 3.8558473587, 1.8327627182, 0.474788337946, 0.207582339644, 0.0699219480157, 0.00861837156117, 0.00019695230003, 4.418571109e-07, 9.3006763402e-10], "var": [0.132917463779, 14.1781263351, 77.6645278931, 53.9832229614, 121.39691925, 193.821014404, 300.35949707, 277.523651123, 420.910217285, 3851.84350586, 5967.66894531, 52113.9804688, 89041.65625, 11351.3134766, 1555.81054688, 2587.27856445, 3359.69921875, 10584.7363281, 8313.54101562, 8392.53417969, 9637.8046875, 1141.71228027, 490.609130859, 288.994384766, 68.1862335205, 52.6366271973, 31.2798423767, 29.6025600433, 18.6379127502, 11.8670730591, 9.12657737732, 4.01877117157, 1.7622178793, 0.482437580824, 0.200379878283, 0.0694033429027, 0.00924280099571, 0.000195254862774, 3.7571089706e-07, 1.1648044751e-09], "min": [4.11405224678e-21, 2.23106605518e-20, 4.58856408205e-20, 3.30728199272e-20, 1.28025780709e-19, 1.64328475972e-19, 1.17129046156e-19, 2.0511937569e-19, 7.0429858986e-19, 5.25807592729e-19, 4.67976035685e-19, 7.94811174027e-19, 1.25641114645e-18, 1.5162568044e-18, 3.71945071157e-18, 4.63547258986e-18, 6.21147375477e-18, 7.10978859128e-18, 1.01627815377e-17, 1.13751239132e-17, 1.19722292015e-17, 5.49412990626e-18, 7.3611447912e-18, 9.66021885753e-18, 2.20739499207e-17, 1.24911899101e-17, 1.82021391577e-17, 1.28737113125e-17, 1.06200081028e-17, 1.70016784045e-17, 2.09262070423e-17, 1.72386970829e-17, 1.89347151236e-17, 1.32433411052e-17, 9.54226786527e-18, 6.9369744313e-18, 3.40332296097e-18, 1.29860728386e-18, 3.26612497511e-19, 3.50670522177e-20], "dmean": [0.102147467434, 1.37813007832, 2.99248194695, 3.07216930389, 4.4776558876, 4.58501386642, 6.01188755035, 7.01556587219, 6.8309340477, 13.3409347534, 16.5023822784, 32.5462150574, 43.0466575623, 14.4242401123, 12.1915979385, 13.9019708633, 13.4914550781, 23.9186992645, 23.4025974274, 18.6094169617, 15.4972820282, 9.47212982178, 6.14783287048, 4.86516427994, 2.53188967705, 1.80666851997, 1.49938452244, 1.39350414276, 1.17614245415, 1.07953906059, 0.992943942547, 0.56437253952, 0.36193087697, 0.196701169014, 0.12432680279, 0.0696293115616, 0.0241745486856, 0.00347627769224, 0.000161417177878, 1.46597822095e-05], "mean": [0.260590225458, 3.91356468201, 7.48815393448, 5.16875934601, 7.16054010391, 6.88083171844, 9.10137557983, 8.82565689087, 9.55799007416, 21.7600135803, 25.2065677643, 67.5939712524, 91.9350662231, 29.0813751221, 19.3395080566, 21.7916183472, 25.7726898193, 49.9210205078, 50.8696899414, 35.8689651489, 30.4749603271, 18.580198288, 11.1618976593, 6.63066720963, 4.00173616409, 3.21854352951, 2.44325113297, 2.17477822304, 1.6761084795, 1.52237141132, 1.37065541744, 0.814876496792, 0.484936892986, 0.262675106525, 0.158849447966, 0.0870688185096, 0.0304642710835, 0.00423603039235, 0.000202860450372, 4.7173431085e-05], "max": [3.35322356224, 32.0661659241, 87.5882110596, 74.4873428345, 163.227813721, 193.039367676, 223.811019897, 255.1144104, 442.827636719, 1325.74060059, 2079.48461914, 4041.88793945, 3833.11621094, 2350.86157227, 875.545898438, 1465.06262207, 1170.50390625, 1977.47045898, 1288.44787598, 1899.66650391, 2095.2800293, 548.598022461, 401.7215271, 623.492858887, 173.916809082, 202.067092896, 103.068847656, 149.532623291, 99.3122329712, 57.7845458984, 44.8204116821, 45.2633705139, 26.8165969849, 8.06503391266, 5.6426653862, 2.97900652885, 1.12069606781, 0.206945836544, 0.00883398577571, 0.000255015707808], "dmean2": [0.152208536863, 2.21935367584, 5.13428497314, 5.14872360229, 7.12013053894, 7.18981742859, 9.61411857605, 11.205499649, 10.9941120148, 21.0741386414, 24.5515899658, 47.8860549927, 64.1354904175, 21.3479442596, 18.719455719, 21.6440486908, 20.3923034668, 35.7834396362, 35.5452842712, 30.1073150635, 24.5831451416, 15.422129631, 10.0989074707, 8.1952123642, 3.95677399635, 2.73400712013, 2.28356361389, 2.00771784782, 1.76286315918, 1.57831847668, 1.47274887562, 0.798167109489, 0.5085542202, 0.268732130527, 0.167332738638, 0.0923734605312, 0.0318784154952, 0.00458732526749, 0.000221969792619, 2.11961360037e-05], "median": [0.127165615559, 3.71752142906, 5.11579418182, 2.73891544342, 2.91110491753, 1.78375613689, 2.26555752754, 2.60993123055, 2.09796261787, 3.26780176163, 4.32614564896, 5.60131692886, 7.25857877731, 5.28299188614, 6.50320148468, 6.64390993118, 7.58303880692, 13.8571739197, 17.7852668762, 10.9540395737, 7.62738037109, 7.12860488892, 4.12889385223, 1.82662832737, 1.3027561903, 0.883373081684, 0.56605142355, 0.391409695148, 0.259525388479, 0.180789574981, 0.145697697997, 0.0636567622423, 0.0286942850798, 0.0135942921042, 0.00600516889244, 0.00207285326906, 0.000403576908866, 4.28552302765e-05, 2.18100431084e-05, 4.26518490713e-05], "dvar": [0.0559772737324, 7.7623758316, 56.533946991, 49.0671958923, 75.5962524414, 95.1358108521, 160.295501709, 223.029983521, 241.410980225, 1641.59777832, 2806.21069336, 13243.3115234, 21914.0566406, 2888.35522461, 705.996154785, 1611.39367676, 1258.56958008, 2885.91137695, 2411.7722168, 2042.15344238, 1854.39123535, 396.661743164, 239.009155273, 312.546447754, 45.4963760376, 22.4742679596, 16.7449645996, 14.8445425034, 15.3551282883, 6.8912024498, 5.21098423004, 1.92453658581, 0.939189791679, 0.256948530674, 0.112275764346, 0.0388405956328, 0.0050318618305, 0.000112104680738, 2.33674327887e-07, 4.43318298737e-10]}, "silence_rate_30dB": {"dvar2": 0.0329002887011, "var": 0.0129379387945, "min": 0, "dmean": 0.0127985011786, "mean": 0.986890375614, "max": 1, "dmean2": 0.0255990009755, "median": 1, "dvar": 0.0126338833943}, "melbands_spread": {"dvar2": 221.645736694, "var": 423.211517334, "min": 0.216197416186, "dmean": 6.08888244629, "mean": 17.9779243469, "max": 249.058456421, "dmean2": 9.38842964172, "median": 12.7842702866, "dvar": 99.5291976929}, "melbands_crest": {"dvar2": 24.3897533417, "var": 33.3553085327, "min": 2.1667072773, "dmean": 2.95011734962, "mean": 18.1432266235, "max": 35.2038574219, "dmean2": 4.5315785408, "median": 18.5075244904, "dvar": 10.6873254776}, "zerocrossingrate": {"dvar2": 0.000181918832823, "var": 0.00323456525803, "min": 0.00244140625, "dmean": 0.00862219929695, "mean": 0.043694332242, "max": 0.77685546875, "dmean2": 0.00939227826893, "median": 0.03369140625, "dvar": 0.000163618373335}, "barkbands_kurtosis": {"dvar2": 511.980255127, "var": 738.510437012, "min": -1.93221199512, "dmean": 6.8113694191, "mean": 12.1642389297, "max": 341.816101074, "dmean2": 10.2046251297, "median": 3.12599802017, "dvar": 241.422744751}, "spectral_flux": {"dvar2": 0.00302228843793, "var": 0.00314653315581, "min": 1.04803631051e-10, "dmean": 0.0328501500189, "mean": 0.0771743729711, "max": 0.379119426012, "dmean2": 0.0505990348756, "median": 0.06272893399, "dvar": 0.00144849484786}, "barkbands_crest": {"dvar2": 18.9822483063, "var": 24.5770339966, "min": 2.56283569336, "dmean": 2.67298531532, "mean": 13.8713579178, "max": 26.3951148987, "dmean2": 4.16967105865, "median": 13.7333860397, "dvar": 8.16331768036}, "barkbands_flatness_db": {"dvar2": 0.00229356740601, "var": 0.00708513194695, "min": 0.0282078906894, "dmean": 0.0327466651797, "mean": 0.234613195062, "max": 0.597159802914, "dmean2": 0.0434757620096, "median": 0.22905395925, "dvar": 0.00129778438713}, "spectral_entropy": {"dvar2": 0.140188872814, "var": 0.407110005617, "min": 3.77148652077, "dmean": 0.241257637739, "mean": 7.03544139862, "max": 9.81437397003, "dmean2": 0.329675018787, "median": 7.02482223511, "dvar": 0.0761065259576}, "pitch_salience": {"dvar2": 0.0156668461859, "var": 0.0206205267459, "min": 0.0302363764495, "dmean": 0.0765063092113, "mean": 0.429999530315, "max": 0.909808218479, "dmean2": 0.117129758, "median": 0.422849535942, "dvar": 0.00673166057095}, "erbbands_spread": {"dvar2": 222.839981079, "var": 467.897735596, "min": 0.813694417477, "dmean": 7.88043403625, "mean": 30.4395847321, "max": 186.573318481, "dmean2": 11.4709711075, "median": 26.0535984039, "dvar": 109.809043884}, "dynamic_complexity": 3.14683485031, "spectral_contrast_valleys": {"dvar2": [0.832266509533, 0.661722242832, 0.56233561039, 0.320950418711, 0.31777754426, 0.778907239437], "var": [3.08593535423, 1.63237190247, 1.57166361809, 1.3498352766, 1.35416197777, 2.52082180977], "min": [-27.0689334869, -27.2768058777, -27.1508369446, -27.4406013489, -27.071144104, -27.2022075653], "dmean": [0.598403930664, 0.525697171688, 0.486035048962, 0.371534526348, 0.318038344383, 0.509070217609], "mean": [-7.76675224304, -7.47564983368, -7.9312877655, -7.99906492233, -8.36877727509, -11.5070571899], "max": [-5.05944252014, -4.68628549576, -4.87628555298, -5.62887763977, -5.7001824379, -8.38028812408], "dmean2": [0.874906659126, 0.829911530018, 0.75368976593, 0.568492591381, 0.458559513092, 0.607253730297], "median": [-7.305560112, -7.45426940918, -7.83996248245, -7.84682273865, -8.27384662628, -11.4087867737], "dvar": [0.474476963282, 0.301303893328, 0.256425231695, 0.157787546515, 0.168060809374, 0.448894023895]}, "hfc": {"dvar2": 153.081100464, "var": 312.797515869, "min": 1.22517624818e-16, "dmean": 5.69692134857, "mean": 17.7290401459, "max": 181.99822998, "dmean2": 8.22942256927, "median": 12.3587446213, "dvar": 67.192817688}, "spectral_kurtosis": {"dvar2": 123.256965637, "var": 117.805511475, "min": -1.21047592163, "dmean": 4.93647289276, "mean": 10.369430542, "max": 131.532196045, "dmean2": 8.21793460846, "median": 7.3718662262, "dvar": 43.2505950928}, "mfcc": {"mean": [-704.219421387, 154.303955078, -21.597202301, 22.2432861328, 17.1858901978, 14.9261522293, -1.99572598934, 7.39498996735, 6.16789770126, 6.64140176773, 0.291868299246, -1.00206983089, -3.80597996712], "cov": [[8383.72363281, -622.777038574, 102.175003052, -505.325439453, -593.220214844, 139.708007812, -142.670288086, 84.4222106934, -79.0277633667, 143.240402222, 6.23640584946, 51.9751396179, 8.38913631439], [-622.777038574, 2819.71655273, -223.511230469, 521.397766113, 501.418609619, 179.79826355, 354.80947876, 164.198196411, 169.080047607, 12.5013084412, 143.124465942, 46.7303886414, 13.2708292007], [102.175003052, -223.511230469, 1779.24645996, 184.533798218, 308.768341064, 326.225402832, 290.506530762, 212.018829346, 112.564567566, 171.044128418, 7.71170282364, 67.2235031128, -19.1145534515], [-505.325439453, 521.397766113, 184.533798218, 1015.5335083, 453.082366943, 318.856842041, 267.369995117, 143.064224243, 139.82800293, 13.1365060806, 106.864334106, -3.26204705238, 101.636634827], [-593.220214844, 501.418609619, 308.768341064, 453.082366943, 846.155090332, 274.197662354, 226.246902466, 165.009094238, 127.932418823, 52.7723770142, 60.2530403137, 48.1499710083, 48.6082496643], [139.708007812, 179.79826355, 326.225402832, 318.856842041, 274.197662354, 471.486419678, 278.521514893, 166.147079468, 143.351348877, 105.688049316, 77.7218933105, -6.08231067657, -8.57851791382], [-142.670288086, 354.80947876, 290.506530762, 267.369995117, 226.246902466, 278.521514893, 407.543182373, 178.332489014, 133.955764771, 85.695892334, 76.078704834, 9.60693359375, 3.10130095482], [84.4222106934, 164.198196411, 212.018829346, 143.064224243, 165.009094238, 166.147079468, 178.332489014, 247.240753174, 137.74621582, 78.1396102905, 55.1462669373, 33.1201133728, 21.3473892212], [-79.0277633667, 169.080047607, 112.564567566, 139.82800293, 127.932418823, 143.351348877, 133.955764771, 137.74621582, 225.764190674, 123.773956299, 57.0959510803, 7.75116157532, -10.1700983047], [143.240402222, 12.5013084412, 171.044128418, 13.1365060806, 52.7723770142, 105.688049316, 85.695892334, 78.1396102905, 123.773956299, 201.445739746, 74.3415679932, 21.5088691711, -29.0809192657], [6.23640584946, 143.124465942, 7.71170282364, 106.864334106, 60.2530403137, 77.7218933105, 76.078704834, 55.1462669373, 57.0959510803, 74.3415679932, 165.128738403, 65.2466430664, 38.7187385559], [51.9751396179, 46.7303886414, 67.2235031128, -3.26204705238, 48.1499710083, -6.08231067657, 9.60693359375, 33.1201133728, 7.75116157532, 21.5088691711, 65.2466430664, 147.260406494, 81.6288986206], [8.38913631439, 13.2708292007, -19.1145534515, 101.636634827, 48.6082496643, -8.57851791382, 3.10130095482, 21.3473892212, -10.1700983047, -29.0809192657, 38.7187385559, 81.6288986206, 172.800491333]], "icov": [[0.000141816475661, -3.45584385286e-06, 4.97425844515e-06, 4.68575162813e-05, 0.000121530087199, -0.000185341385077, 0.000118262447359, -0.000166035053553, 0.000173179956619, -0.000161032570759, 5.54974976694e-05, -3.97955373046e-05, -6.91718596499e-05], [-3.45584385286e-06, 0.000488145829877, 0.000141929645906, -0.00012924335897, -0.000208815632504, 0.000211740567465, -0.000423648802098, 9.56072108238e-06, -0.000185503260582, 0.000238919092226, -0.000204612733796, -0.000226311865845, 0.000312113465043], [4.97425844515e-06, 0.000141929645906, 0.000820604676846, -8.93932228792e-05, -0.000137403840199, -0.000241929039476, -0.000374998810003, -0.000340641767252, 0.000419471529312, -0.000648249522783, 0.000695857859682, -0.000684101483785, 0.000290498661343], [4.68575162813e-05, -0.00012924335897, -8.93932228792e-05, 0.00185288360808, -0.000514852523338, -0.000678435026202, -0.000203206436709, 0.000257684092503, -0.000614752352703, 0.000799590081442, -0.000901695515495, 0.00123262777925, -0.0012909504585], [0.000121530087199, -0.000208815632504, -0.000137403840199, -0.000514852523338, 0.00199419469573, -0.000678419717588, 0.000157569142175, -0.000480371643789, 4.3236403144e-05, -0.00012151786359, 0.000521760550328, -0.000698168994859, -4.53721368103e-05], [-0.000185341385077, 0.000211740567465, -0.000241929039476, -0.000678435026202, -0.000678419717588, 0.00484634609893, -0.00201050518081, -0.00039893927169, -0.000534400052857, -0.000364772917237, -0.000827980577014, 0.000873262819368, 0.000561972789001], [0.000118262447359, -0.000423648802098, -0.000374998810003, -0.000203206436709, 0.000157569142175, -0.00201050518081, 0.00554426712915, -0.00193722662516, -4.26346341555e-05, -0.000115912698675, -0.000637346704025, 0.000511702033691, -2.04139887501e-05], [-0.000166035053553, 9.56072108238e-06, -0.000340641767252, 0.000257684092503, -0.000480371643789, -0.00039893927169, -0.00193722662516, 0.00833913311362, -0.0038119610399, 0.000703718862496, -0.000191690691281, -0.000793064420577, -0.000750360486563], [0.000173179956619, -0.000185503260582, 0.000419471529312, -0.000614752352703, 4.3236403144e-05, -0.000534400052857, -4.26346341555e-05, -0.0038119610399, 0.0101057132706, -0.0051219095476, 0.000654460513033, 0.000410171633121, 0.000239203465753], [-0.000161032570759, 0.000238919092226, -0.000648249522783, 0.000799590081442, -0.00012151786359, -0.000364772917237, -0.000115912698675, 0.000703718862496, -0.0051219095476, 0.0104575483128, -0.00386688881554, -0.00043386220932, 0.00190854584798], [5.54974976694e-05, -0.000204612733796, 0.000695857859682, -0.000901695515495, 0.000521760550328, -0.000827980577014, -0.000637346704025, -0.000191690691281, 0.000654460513033, -0.00386688881554, 0.0106853032485, -0.00434742541984, -0.000485198746901], [-3.97955373046e-05, -0.000226311865845, -0.000684101483785, 0.00123262777925, -0.000698168994859, 0.000873262819368, 0.000511702033691, -0.000793064420577, 0.000410171633121, -0.00043386220932, -0.00434742541984, 0.0126419309527, -0.0054994863458], [-6.91718596499e-05, 0.000312113465043, 0.000290498661343, -0.0012909504585, -4.53721368103e-05, 0.000561972789001, -2.04139887501e-05, -0.000750360486563, 0.000239203465753, 0.00190854584798, -0.000485198746901, -0.0054994863458, 0.00973345059901]]}, "silence_rate_20dB": {"dvar2": 0, "var": 0, "min": 1, "dmean": 0, "mean": 1, "max": 1, "dmean2": 0, "median": 1, "dvar": 0}, "melbands_kurtosis": {"dvar2": 2396.83886719, "var": 3455.75561523, "min": -1.94652211666, "dmean": 14.3361883163, "mean": 29.2376861572, "max": 896.868835449, "dmean2": 21.4999752045, "median": 9.34724521637, "dvar": 1082.26574707}, "barkbands_spread": {"dvar2": 81.4008636475, "var": 115.001098633, "min": 0.139788448811, "dmean": 4.50922584534, "mean": 14.6206912994, "max": 106.1460495, "dmean2": 6.89054822922, "median": 12.9007110596, "dvar": 35.7957801819}, "erbbands_skewness": {"dvar2": 0.566166639328, "var": 1.77522993088, "min": -6.8633685112, "dmean": 0.487473964691, "mean": 0.0181246250868, "max": 8.50029659271, "dmean2": 0.72396582365, "median": 0.0414606928825, "dvar": 0.25994220376}, "average_loudness": 0.711130738258, "spectral_centroid": {"dvar2": 165505.640625, "var": 426030.65625, "min": 104.801307678, "dmean": 201.891815186, "mean": 1060.6015625, "max": 10930.5166016, "dmean2": 299.967773438, "median": 914.866821289, "dvar": 82521.1171875}, "dissonance": {"dvar2": 0.00208301842213, "var": 0.00165261735674, "min": 0.21678686142, "dmean": 0.0247458815575, "mean": 0.453039675951, "max": 0.500000119209, "dmean2": 0.0414791852236, "median": 0.465332150459, "dvar": 0.000770266749896}, "erbbands_flatness_db": {"dvar2": 0.00135073601268, "var": 0.00538356928155, "min": 0.0468339249492, "dmean": 0.0271230917424, "mean": 0.223169997334, "max": 0.490120440722, "dmean2": 0.0347102843225, "median": 0.222779616714, "dvar": 0.000799251836725}, "spectral_strongpeak": {"dvar2": 2.84788417816, "var": 4.02517461777, "min": 0, "dmean": 0.543263196945, "mean": 1.24575543404, "max": 20.31914711, "dmean2": 0.90530538559, "median": 0.473840147257, "dvar": 1.23851513863}, "spectral_rms": {"dvar2": 2.76628747997e-06, "var": 5.2606042118e-06, "min": 3.27351557319e-12, "dmean": 0.000889477378223, "mean": 0.00558962952346, "max": 0.0138324666768, "dmean2": 0.00128974264953, "median": 0.00591656798497, "dvar": 1.32664411012e-06}, "silence_rate_60dB": {"dvar2": 0.0768761485815, "var": 0.0592119060457, "min": 0, "dmean": 0.0344935208559, "mean": 0.0632071793079, "max": 1, "dmean2": 0.0689924284816, "median": 0, "dvar": 0.0333039425313}, "melbands": {"dvar2": [1.52228567458e-05, 3.63288236258e-05, 4.31125499745e-06, 8.42782412747e-07, 4.69168014661e-07, 2.41882304408e-07, 1.21407708775e-07, 6.509858963e-07, 3.95304198264e-07, 1.2155173863e-06, 1.32535933517e-06, 1.96297150978e-07, 1.51707197915e-08, 2.22796057159e-08, 2.22725660137e-08, 1.83656556629e-08, 2.88469816923e-08, 2.47226754624e-08, 5.25623633507e-09, 4.65727190146e-08, 1.80447912168e-09, 1.54756740756e-09, 3.22372989414e-10, 9.05391317474e-10, 6.38981756396e-10, 8.29944585279e-11, 2.9662838158e-11, 2.65882350858e-11, 2.06104439071e-11, 1.40453395442e-11, 1.10928714131e-11, 1.75688543574e-11, 6.29035538935e-12, 5.42688853925e-12, 5.72345382893e-12, 2.2603548807e-12, 1.79680098925e-12, 1.27600111467e-12, 4.99139141477e-13, 3.31478117524e-13], "var": [1.34725487442e-05, 2.12437971641e-05, 1.90079265394e-06, 5.33324850949e-07, 4.49232317123e-07, 1.28224371565e-07, 1.05290929753e-07, 5.67039307953e-07, 4.68134828679e-07, 2.25558460443e-06, 2.41792963607e-06, 3.5444469404e-07, 1.49394008275e-08, 1.49750931655e-08, 1.95559728411e-08, 2.59307118e-08, 4.95628142971e-08, 3.17259321037e-08, 7.49407469414e-09, 7.3738576134e-08, 4.32738422873e-09, 1.41893519157e-09, 4.34611985289e-10, 4.42971825887e-10, 2.04501998669e-10, 4.40642695942e-11, 2.72966319687e-11, 2.62239431559e-11, 1.39999825968e-11, 1.29441726435e-11, 9.08191057081e-12, 6.49814707251e-12, 5.00742329546e-12, 3.43045340398e-12, 3.5543401989e-12, 2.24539657701e-12, 1.4970520483e-12, 1.11497757641e-12, 4.30961012319e-13, 3.22252614133e-13], "min": [3.85210151687e-23, 2.6857173415e-23, 1.00822008822e-23, 9.7582898614e-24, 5.85607185345e-24, 5.50974298339e-24, 9.99847986324e-24, 5.46605704975e-24, 4.67497116235e-24, 4.39652180104e-24, 6.77616608114e-24, 6.13992057322e-24, 1.18817440683e-23, 1.03383684729e-23, 1.32559003222e-23, 1.32598903807e-23, 1.27322583976e-23, 1.83416234693e-23, 1.01085409479e-23, 1.83570251896e-23, 1.39669811199e-23, 5.44437757435e-24, 5.22708149928e-24, 7.32735739511e-24, 7.2151711192e-24, 1.41150329569e-23, 1.35164200584e-23, 7.13329051268e-24, 1.16540157022e-23, 8.79529974426e-24, 7.29553790164e-24, 5.54004155304e-24, 7.8590078356e-24, 9.56205440034e-24, 1.21316141824e-23, 1.17102733177e-23, 9.25600397924e-24, 1.25615228653e-23, 1.45119467436e-23, 9.31678176768e-24], "dmean": [0.00121647794731, 0.00166060973424, 0.00058899843134, 0.000303412496578, 0.000216709115193, 0.000153855042299, 0.000101447665656, 0.000161791263963, 0.000136277798447, 0.000217643770156, 0.000218787041376, 6.89530934324e-05, 3.70693705918e-05, 3.53735813405e-05, 3.70557027054e-05, 3.1773783121e-05, 5.13123341079e-05, 4.3804422603e-05, 2.11736169149e-05, 4.40189323854e-05, 1.17825302368e-05, 1.15566363093e-05, 5.52787378183e-06, 6.05783952778e-06, 4.03618878408e-06, 2.12418876799e-06, 1.50019116063e-06, 1.2657019397e-06, 1.00057877717e-06, 9.03665238638e-07, 8.00557870662e-07, 6.85142993007e-07, 6.48325112707e-07, 6.03988269177e-07, 6.40999246571e-07, 4.28610690051e-07, 3.45759872289e-07, 2.8394501328e-07, 1.85477517789e-07, 1.63140313703e-07], "mean": [0.00336361816153, 0.0