{"metadata": {"tags": {"album": ["The Graduate"], "genre": ["Hip-Hop/Rap"], "artist": ["Kanye West"], "releasedate": ["2007"], "taggingdate": ["2012-03-04T21:23:09"], "tracknumber": ["14/28"], "title": ["Kanye West and JayZ Everything I Am TERRY URBAN REMIX"], "file_name": "1962246.mp3", "musicbrainz_recordingid": ["0eedd557-4ccd-42ff-98ac-4105485b0506"]}, "audio_properties": {"sample_rate": 44100, "downmix": "mix", "lossless": false, "analysis_sample_rate": 44100, "md5_encoded": "b24beaa37ba4084792bfd0a1afc69234", "equal_loudness": 0, "replay_gain": -10.7330436707, "codec": "mp3", "bit_rate": 224000, "length": 200.672653198}, "version": {"extractor": "music 1.0", "essentia_build_sha": "70f2e5ece6736b2c40cc944ad0e695b16b925413", "essentia_git_sha": "v2.1_beta2", "essentia": "2.1-beta2"}}, "rhythm": {"beats_loudness_band_ratio": {"dvar2": [0.134417906404, 0.0315294303, 0.10783482343, 0.0554213821888, 0.010011206381, 0.0143865542486], "var": [0.0994743332267, 0.0110168354586, 0.0530080869794, 0.0358653962612, 0.00323572242633, 0.00328404037282], "min": [0.000699565280229, 0.000953342183493, 0.000182646894245, 4.13291636505e-05, 8.37081643112e-06, 1.13855630843e-05], "dmean": [0.312056332827, 0.0804372876883, 0.247412368655, 0.124327741563, 0.0388278104365, 0.0318596661091], "mean": [0.556669592857, 0.0816692709923, 0.225240290165, 0.126049280167, 0.0306545067579, 0.0229618512094], "max": [0.997272968292, 0.859959125519, 0.823726594448, 0.832756459713, 0.486756443977, 0.986033737659], "dmean2": [0.500369787216, 0.136655464768, 0.416713625193, 0.204770088196, 0.0675756186247, 0.0579243972898], "median": [0.567214488983, 0.0466065332294, 0.140999689698, 0.0353502109647, 0.00967959500849, 0.00616220058873], "dvar": [0.0562409460545, 0.011814551428, 0.0424923412502, 0.0242515541613, 0.00362711306661, 0.00485588051379]}, "bpm_histogram_first_peak_weight": {"dvar2": 0, "var": 0, "min": 0.549718558788, "dmean": 0, "mean": 0.549718558788, "max": 0.549718558788, "dmean2": 0, "median": 0.549718558788, "dvar": 0}, "bpm": 162.372573853, "beats_count": 534, "bpm_histogram_first_peak_spread": {"dvar2": 0, "var": 0, "min": 0.317016303539, "dmean": 0, "mean": 0.317016303539, "max": 0.317016303539, "dmean2": 0, "median": 0.317016303539, "dvar": 0}, "danceability": 1.18544948101, "bpm_histogram_first_peak_bpm": {"dvar2": 0, "var": 0, "min": 161, "dmean": 0, "mean": 161, "max": 161, "dmean2": 0, "median": 161, "dvar": 0}, "beats_position": [0.406349211931, 0.812698423862, 1.20743763447, 1.60217678547, 1.99691605568, 2.39165520668, 2.77478456497, 3.15791368484, 3.52943301201, 3.9125623703, 4.29569149017, 4.69043064117, 5.08516979218, 5.46829938889, 5.85142850876, 6.2229475975, 6.60607719421, 6.98920631409, 7.36072540283, 7.73224496841, 8.10376358032, 8.47528362274, 8.84680271149, 9.2067117691, 9.56662082672, 9.93814086914, 10.3096599579, 10.6927890778, 11.0643081665, 11.4358272552, 11.7957363129, 12.1672563553, 12.538775444, 12.9102945328, 13.3050336838, 13.6997728348, 14.0945119858, 14.4892511368, 14.8607711792, 15.2322902679, 15.6038093567, 15.9869384766, 16.3816776276, 16.7648067474, 17.1363258362, 17.5078449249, 17.8677539825, 18.2392749786, 18.6224040985, 18.9939231873, 19.365442276, 19.7369613647, 20.1084804535, 20.4799995422, 20.851518631, 21.2230377197, 21.5945568085, 21.9660758972, 22.3375968933, 22.7207260132, 23.0806350708, 23.4521541595, 23.800453186, 24.1603622437, 24.5202713013, 24.89179039, 25.2633094788, 25.6348285675, 26.0063495636, 26.3778686523, 26.73777771, 27.0976867676, 27.4692058563, 27.8407249451, 28.2122440338, 28.5837631226, 28.9552822113, 29.3268013, 29.6983222961, 30.0698413849, 30.4413604736, 30.8360996246, 31.2076187134, 31.5907478333, 31.9738769531, 32.3453979492, 32.7053070068, 33.0652160645, 33.4483451843, 33.8314743042, 34.2146034241, 34.5977325439, 34.9692497253, 35.3407707214, 35.7122879028, 36.0838088989, 36.455329895, 36.8268470764, 37.186756134, 37.5582771301, 37.9297943115, 38.2897033691, 38.6496124268, 39.0095214844, 39.369430542, 39.7409515381, 40.1124725342, 40.4956016541, 40.8671188354, 41.2386398315, 41.6101570129, 41.981678009, 42.3531951904, 42.7363243103, 43.1194534302, 43.4909744263, 43.8741035461, 44.257232666, 44.6403617859, 45.011882782, 45.3950119019, 45.7665290833, 46.1380500793, 46.5095672607, 46.8810882568, 47.2526054382, 47.6125144958, 47.9956436157, 48.3671646118, 48.7386856079, 49.1102027893, 49.4817237854, 49.8532409668, 50.2247619629, 50.5962791443, 50.9561882019, 51.3160972595, 51.6876182556, 52.0591392517, 52.4306564331, 52.8021774292, 53.1736946106, 53.5452156067, 53.9167327881, 54.2882537842, 54.6713829041, 55.0545120239, 55.4260292053, 55.7975502014, 56.1690673828, 56.5405883789, 56.912109375, 57.2952384949, 57.6783676147, 58.0614967346, 58.4446258545, 58.8161430359, 59.187664032, 59.5591812134, 59.9307022095, 60.3138313293, 60.6969604492, 61.0800895691, 61.463218689, 61.8579597473, 62.252696991, 62.6358261108, 63.0189552307, 63.4020843506, 63.7852134705, 64.1567306519, 64.5282516479, 64.899772644, 65.2712936401, 65.6312026978, 65.9911117554, 66.351020813, 66.7341461182, 67.1056671143, 67.4771881104, 67.837097168, 68.2086181641, 68.5685272217, 68.9400405884, 69.3231735229, 69.6830825806, 70.0546035767, 70.4261245728, 70.7976379395, 71.1575469971, 71.5174560547, 71.9005889893, 72.2837142944, 72.6552352905, 73.0267562866, 73.3982772827, 73.7814025879, 74.1645355225, 74.5360565186, 74.9191818237, 75.3023147583, 75.673828125, 76.0453491211, 76.4284820557, 76.8116073608, 77.2063446045, 77.5778656006, 77.9493865967, 78.3209075928, 78.6924285889, 79.0639419556, 79.4470748901, 79.8302001953, 80.2017211914, 80.5732421875, 80.9447631836, 81.3162765503, 81.6877975464, 82.0593185425, 82.4308395386, 82.8023605347, 83.1738739014, 83.533782959, 83.8936920166, 84.2652130127, 84.6367340088, 85.0082550049, 85.3797683716, 85.7396774292, 86.0995864868, 86.4711074829, 86.842628479, 87.2141494751, 87.5856704712, 87.9571838379, 88.328704834, 88.7002258301, 89.0717468262, 89.4432601929, 89.814781189, 90.1979141235, 90.5810394287, 90.9525604248, 91.3356933594, 91.7072067261, 92.0787277222, 92.4502487183, 92.8217697144, 93.2048950195, 93.5996322632, 93.9711532593, 94.3426742554, 94.7141952515, 95.0857162476, 95.4572296143, 95.8287506104, 96.2002716064, 96.5717926025, 96.9433059692, 97.3148269653, 97.6863479614, 98.0578689575, 98.4177780151, 98.7776870728, 99.1492080688, 99.5207214355, 99.8922424316, 100.263763428, 100.635284424, 101.006797791, 101.366706848, 101.715011597, 102.086524963, 102.469657898, 102.852790833, 103.235916138, 103.607437134, 103.97895813, 104.338867188, 104.698776245, 105.08190155, 105.465034485, 105.84815979, 106.231292725, 106.602806091, 106.985939026, 107.36907196, 107.752197266, 108.123718262, 108.483627319, 108.855148315, 109.226661682, 109.598182678, 109.969703674, 110.34122467, 110.712738037, 111.084259033, 111.455780029, 111.827301025, 112.198822021, 112.570335388, 112.930244446, 113.31337738, 113.684898376, 114.068023682, 114.451156616, 114.822669983, 115.194190979, 115.565711975, 115.94884491, 116.331970215, 116.726707458, 117.121452332, 117.504577637, 117.887710571, 118.259223938, 118.630744934, 119.00226593, 119.373786926, 119.745300293, 120.116821289, 120.488342285, 120.859863281, 121.231384277, 121.602897644, 121.97441864, 122.357551575, 122.74067688, 123.135414124, 123.530158997, 123.901672363, 124.273193359, 124.644714355, 125.039451599, 125.422584534, 125.805709839, 126.177230835, 126.56036377, 126.931877136, 127.315010071, 127.686531067, 128.069656372, 128.441177368, 128.812698364, 129.195831299, 129.578948975, 129.962081909, 130.333602905, 130.705123901, 131.076644897, 131.448165894, 131.81968689, 132.191192627, 132.562713623, 132.934234619, 133.305755615, 133.677276611, 134.048797607, 134.408706665, 134.780227661, 135.151748657, 135.534866333, 135.906387329, 136.277908325, 136.66104126, 137.044174194, 137.41569519, 137.798812866, 138.181945801, 138.565078735, 138.94821167, 139.319732666, 139.702850342, 140.085983276, 140.469116211, 140.852249146, 141.223754883, 141.58366394, 141.966796875, 142.338317871, 142.709838867, 143.081359863, 143.452880859, 143.824401855, 144.184310913, 144.555831909, 144.927337646, 145.298858643, 145.6587677, 146.007064819, 146.378585815, 146.750106812, 147.144851685, 147.539596558, 147.911102295, 148.282623291, 148.665756226, 149.04888916, 149.432022095, 149.815139771, 150.186660767, 150.558181763, 150.929702759, 151.312835693, 151.684356689, 152.055877686, 152.427383423, 152.810516357, 153.193649292, 153.576782227, 153.959899902, 154.343032837, 154.714553833, 155.086074829, 155.457595825, 155.829116821, 156.189025879, 156.560546875, 156.920455933, 157.291976929, 157.663482666, 158.035003662, 158.39491272, 158.754821777, 159.137954712, 159.521087646, 159.892608643, 160.287338257, 160.670471191, 161.053604126, 161.425125122, 161.808258057, 162.191375732, 162.562896729, 162.946029663, 163.329162598, 163.700683594, 164.072189331, 164.443710327, 164.815231323, 165.198364258, 165.581497192, 165.953018188, 166.347747803, 166.719268799, 167.090789795, 167.450698853, 167.822219849, 168.182128906, 168.553649902, 168.925170898, 169.319900513, 169.714645386, 170.086166382, 170.457687378, 170.829208374, 171.21232605, 171.595458984, 171.990203857, 172.384933472, 172.779678345, 173.174423218, 173.557540894, 173.940673828, 174.312194824, 174.660491943, 175.043624878, 175.426757812, 175.798278809, 176.169799805, 176.541305542, 176.912826538, 177.295959473, 177.679092407, 178.050613403, 178.422134399, 178.793640137, 179.165161133, 179.536682129, 179.908203125, 180.279724121, 180.651245117, 181.034378052, 181.417495728, 181.812240601, 182.183761597, 182.555282593, 182.950012207, 183.333145142, 183.716278076, 184.099411011, 184.494140625, 184.87727356, 185.272018433, 185.666748047, 186.14276123, 186.607162476, 187.071563721, 187.443084717, 187.802993774, 188.174514771, 188.534423828, 188.917541504, 189.300674438, 189.683807373, 190.055328369, 190.426849365, 190.786758423, 191.14666748, 191.4949646, 191.854873657, 192.214782715, 192.586303711, 192.957824707, 193.329345703, 193.70085144, 194.072372437, 194.432281494, 194.792190552, 195.163711548, 195.535232544, 195.90675354, 196.278274536, 196.638183594, 196.998092651, 197.369613647, 197.729522705, 198.11265564, 198.484161377, 198.867294312, 199.250427246, 199.621948242, 199.993469238, 200.364990234], "beats_loudness": {"dvar2": 0.0047976183705, "var": 0.00286857387982, "min": 2.01719194592e-05, "dmean": 0.0502028614283, "mean": 0.0746790245175, "max": 0.268303096294, "dmean2": 0.0848109945655, "median": 0.0623550862074, "dvar": 0.00204669125378}, "bpm_histogram_second_peak_weight": {"dvar2": 0, "var": 0, "min": 0.110694184899, "dmean": 0, "mean": 0.110694184899, "max": 0.110694184899, "dmean2": 0, "median": 0.110694184899, "dvar": 0}, "bpm_histogram_second_peak_spread": {"dvar2": 0, "var": 0, "min": 0, "dmean": 0, "mean": 0, "max": 0, "dmean2": 0, "median": 0, "dvar": 0}, "bpm_histogram_second_peak_bpm": {"dvar2": 0, "var": 0, "min": 167, "dmean": 0, "mean": 167, "max": 167, "dmean2": 0, "median": 167, "dvar": 0}, "onset_rate": 4.43968153}, "lowlevel": {"spectral_energyband_high": {"dvar2": 2.78135900089e-07, "var": 4.66153721845e-07, "min": 7.72871843254e-21, "dmean": 0.000184137272299, "mean": 0.00033240384073, "max": 0.010223695077, "dmean2": 0.000251053163083, "median": 0.000105242841528, "dvar": 1.70224069507e-07}, "spectral_energyband_middle_low": {"dvar2": 0.000179983646376, "var": 0.000209696008824, "min": 3.85815031296e-22, "dmean": 0.00631573051214, "mean": 0.0140894548967, "max": 0.124074824154, "dmean2": 0.00950659345835, "median": 0.00928012374789, "dvar": 8.13967490103e-05}, "spectral_energy": {"dvar2": 0.00113577803131, "var": 0.00178332696669, "min": 1.07471844983e-20, "dmean": 0.0155951585621, "mean": 0.0489624850452, "max": 0.271032571793, "dmean2": 0.0234021712095, "median": 0.039333820343, "dvar": 0.000641875376459}, "spectral_spread": {"dvar2": 2017709785090.0, "var": 4621204455420.0, "min": 703685.75, "dmean": 785189.1875, "mean": 4357840.5, "max": 41375928, "dmean2": 1097208.75, "median": 3901074.75, "dvar": 1296378232830.0}, "spectral_energyband_low": {"dvar2": 0.00119705148973, "var": 0.00164522510022, "min": 8.80312981983e-23, "dmean": 0.0122645739466, "mean": 0.0313000231981, "max": 0.266291767359, "dmean2": 0.0188204478472, "median": 0.0207198802382, "dvar": 0.000668403226882}, "spectral_rolloff": {"dvar2": 1280456.875, "var": 985714.8125, "min": 21.533203125, "dmean": 273.971740723, "mean": 724.92175293, "max": 18690.8203125, "dmean2": 455.045501709, "median": 495.263671875, "dvar": 598800.25}, "barkbands": {"dvar2": [1.75428940565e-05, 0.00122187216766, 0.000403809332056, 2.13406692637e-05, 1.77966830961e-05, 1.22156543512e-05, 9.65897052083e-05, 2.76114769804e-05, 4.23511191912e-05, 1.56269052241e-05, 1.36895605465e-05, 4.3676959649e-06, 2.05124979402e-06, 1.09534960302e-06, 1.12592272217e-06, 7.84473400017e-07, 4.01050300525e-07, 7.27287314817e-08, 1.86611529784e-07, 3.25955689107e-08, 1.67066271928e-08, 2.42334881051e-08, 2.18628368742e-08, 3.3025209234e-08, 3.26281330842e-08, 9.48574441217e-10, 4.69455984503e-12], "var": [1.4607430785e-05, 0.00128739408683, 0.00011347731197, 8.84321525518e-06, 1.49258330566e-05, 8.49974640005e-06, 7.13129193173e-05, 1.47716928041e-05, 4.02031728299e-05, 1.95581978915e-05, 1.73401804204e-05, 3.1463475807e-06, 1.02197282104e-06, 6.40013979591e-07, 1.16904368497e-06, 6.71543659791e-07, 2.60074898506e-07, 4.77334509696e-08, 1.55399320079e-07, 3.00569666933e-08, 1.43978402534e-08, 3.020538486e-08, 3.00166931311e-08, 3.18103197117e-08, 3.04125471473e-08, 9.67924962403e-10, 2.33548315236e-12], "min": [3.53442786143e-23, 3.62179925539e-23, 1.35731044476e-23, 3.55149849587e-23, 1.45830694962e-22, 8.20412659303e-24, 2.43209871825e-23, 3.04854634179e-23, 1.25875884073e-22, 7.9562642878e-23, 8.70755585018e-23, 1.92146422647e-22, 6.68930003147e-23, 1.658949745e-22, 1.50595768239e-22, 1.82283439899e-22, 1.61278080855e-22, 1.38404585592e-22, 2.49008173027e-22, 4.1683894908e-22, 6.91412576811e-22, 8.32611156268e-22, 5.15166308352e-22, 9.62689094124e-22, 1.08422123237e-21, 1.39086542592e-21, 2.24477976462e-21], "dmean": [0.0010822940385, 0.0110352998599, 0.0036805823911, 0.0011898400262, 0.0015449707862, 0.00105687940959, 0.00266277068295, 0.00110247347038, 0.00163532060105, 0.00107680505607, 0.000735240988433, 0.000371153000742, 0.000259039283264, 0.00021737095085, 0.000230162884691, 0.000192923223949, 0.000140729069244, 7.47478770791e-05, 0.000114230497275, 5.12170845468e-05, 2.82491600956e-05, 3.83347905881e-05, 4.18607487518e-05, 4.80032140331e-05, 3.31324154104e-05, 7.3709852586e-06, 3.58399262268e-07], "mean": [0.00126212881878, 0.0215626675636, 0.0074347150512, 0.00181203987449, 0.00250432407483, 0.00159774313215, 0.00348354456946, 0.00131402921397, 0.00254160701297, 0.00174333155155, 0.00123198959045, 0.000483691488625, 0.00030425877776, 0.000259429623839, 0.00029328322853, 0.000280267355265, 0.000210167156183, 0.000105131970486, 0.000167834965396, 7.67553137848e-05, 4.12619046983e-05, 5.97836879024e-05, 6.22943844064e-05, 7.01734388713e-05, 4.78765105072e-05, 1.17876652439e-05, 3.71125253196e-07], "max": [0.0416288338602, 0.257062256336, 0.136449307203, 0.0308138951659, 0.0489229783416, 0.0538221113384, 0.115430444479, 0.101706966758, 0.0960462242365, 0.0594873018563, 0.0533949583769, 0.0495417416096, 0.0234945863485, 0.0133958160877, 0.0359811745584, 0.0249678287655, 0.0175415985286, 0.00392270367593, 0.0110035967082, 0.00286109372973, 0.00213435268961, 0.00565043464303, 0.00421638088301, 0.00253660441376, 0.00341975851916, 0.000715664005838, 3.74729352188e-05], "dmean2": [0.00153035356198, 0.0169880073518, 0.00654827430844, 0.00203225133009, 0.00241818884388, 0.00170750520192, 0.0041472860612, 0.00175200297963, 0.0023522337433, 0.00148978771176, 0.00103965238668, 0.000574796169531, 0.000418102543335, 0.000348524918081, 0.000349497131538, 0.000294035678962, 0.000215402978938, 0.000116768133012, 0.000167752223206, 7.72218991187e-05, 4.12636181863e-05, 5.53880345251e-05, 6.00057574047e-05, 7.1056514571e-05, 4.72349165648e-05, 1.02541434899e-05, 5.83470466609e-07], "median": [8.96271230886e-05, 0.00581723451614, 0.00395068712533, 0.000517442007549, 0.00119787408039, 0.000751833606046, 0.000768401194364, 0.000209260819247, 0.000334609154379, 0.000208787605516, 0.000135876412969, 7.82822462497e-05, 4.25711768912e-05, 4.03601079597e-05, 2.78183106275e-05, 3.04804852931e-05, 4.37962989963e-05, 2.59617590928e-05, 3.25696455548e-05, 1.37912020364e-05, 7.84644907981e-06, 1.47011678564e-05, 1.24979414977e-05, 1.34612964757e-05, 6.60987734591e-06, 3.22175492329e-06, 1.54979389322e-08], "dvar": [9.42355291045e-06, 0.000626039807685, 0.000138847739436, 7.54328129915e-06, 7.9065321188e-06, 5.40837436347e-06, 4.46000121883e-05, 1.19313526739e-05, 1.98750931304e-05, 8.36504568724e-06, 6.88881436872e-06, 2.07267817132e-06, 8.4932014488e-07, 4.65211996925e-07, 6.0769701804e-07, 3.33609108338e-07, 1.67936221374e-07, 3.03214555686e-08, 8.80998740627e-08, 1.4826546213e-08, 7.97047672307e-09, 1.33284192572e-08, 1.26921255728e-08, 1.65826268272e-08, 1.67216711588e-08, 4.75786243737e-10, 1.95236253379e-12]}, "melbands_skewness": {"dvar2": 9.0070848465, "var": 10.7136945724, "min": -3.91075253487, "dmean": 1.27966439724, "mean": 3.46010971069, "max": 79.5795440674, "dmean2": 1.88236415386, "median": 2.69110441208, "dvar": 4.06517696381}, "barkbands_skewness": {"dvar2": 5.4196395874, "var": 6.92240858078, "min": -5.06576919556, "dmean": 1.05990815163, "mean": 2.59481668472, "max": 29.2587528229, "dmean2": 1.57134509087, "median": 1.97950553894, "dvar": 2.36483883858}, "erbbands": {"dvar2": [2.42292189598, 59.1853256226, 476.090270996, 328.696777344, 166.565795898, 333.164428711, 284.532806396, 1259.83691406, 15880.75, 21266.390625, 13252.3222656, 20502.2832031, 17761.4492188, 10658.1298828, 27614.8183594, 4187.32421875, 3709.48193359, 2386.30834961, 3394.23583984, 2182.55493164, 2113.19750977, 803.68951416, 195.896850586, 436.524475098, 276.181671143, 74.3566436768, 34.8951301575, 36.8230895996, 43.6623458862, 16.518819809, 19.1250514984, 15.8152694702, 11.0098581314, 7.62082242966, 0.90715020895, 0.0449062995613, 0.0020989049226, 3.63867839042e-05, 5.35134923041e-08, 2.18081663839e-09], "var": [2.17705821991, 49.6100387573, 147.762268066, 135.781311035, 129.200500488, 253.522842407, 127.538795471, 919.559143066, 13780.9541016, 13441.5146484, 10629.8603516, 17275.6777344, 19740.453125, 11393.3623047, 31313.6171875, 2925.98217773, 1895.96313477, 1584.22949219, 2980.58349609, 2156.76416016, 1284.10510254, 672.94354248, 154.651031494, 337.173675537, 258.017944336, 80.1701431274, 25.6788806915, 32.1307601929, 42.7108917236, 26.5000839233, 23.2538471222, 14.6387624741, 10.0066804886, 6.28934335709, 0.835305690765, 0.0429968461394, 0.00226436485536, 3.40308652085e-05, 3.85900378319e-08, 2.4132313925e-09], "min": [1.54925031838e-21, 6.00575574265e-21, 1.55192896185e-20, 8.24441998491e-20, 1.1511355597e-19, 8.26880759581e-19, 2.59414154005e-19, 8.17171985635e-20, 2.21167390432e-19, 7.10400804636e-19, 8.68145078028e-19, 3.01160641201e-18, 2.77361910516e-18, 3.1749189551e-18, 3.18395073341e-18, 7.57900927529e-18, 4.19398809897e-18, 4.21177248214e-18, 9.46428954892e-18, 1.05022878939e-17, 1.14161570347e-17, 7.96735816518e-18, 7.97866324261e-18, 1.03394904776e-17, 1.20741717673e-17, 1.82819521607e-17, 3.10772980363e-17, 2.55576293423e-17, 2.41719396888e-17, 2.65435955452e-17, 1.3551308719e-17, 1.64363087276e-17, 1.7421310438e-17, 1.21531410461e-17, 7.85748459159e-18, 4.43242125618e-18, 2.9683994599e-18, 9.18901914391e-19, 3.04113262398e-19, 3.57300051669e-20], "dmean": [0.442224562168, 2.30966711044, 4.31269693375, 3.8640806675, 4.69072818756, 5.59896755219, 4.59246683121, 10.163819313, 34.0414047241, 31.906419754, 29.4348983765, 34.1490745544, 35.2025680542, 23.4129753113, 28.7711448669, 12.8596487045, 10.9690933228, 10.7090921402, 11.1319637299, 11.4462080002, 8.66316223145, 7.23984766006, 4.27408123016, 5.88882732391, 4.10013198853, 2.31830406189, 1.34454143047, 1.2303981781, 1.42822551727, 1.11739993095, 1.23852646351, 1.15323424339, 0.730225980282, 0.485121905804, 0.180801436305, 0.0480386689305, 0.0114652123302, 0.00141063006595, 4.57643764094e-05, 1.90104001376e-05], "mean": [0.576252937317, 4.85026979446, 9.72011566162, 7.48372459412, 7.29049968719, 8.53497505188, 7.83426094055, 14.9254760742, 45.1540260315, 41.2473945618, 42.5645065308, 52.7758026123, 58.9512367249, 38.4199371338, 49.1247673035, 17.5579109192, 13.7709541321, 13.9032802582, 14.3080101013, 16.9460201263, 13.1263866425, 11.452750206, 6.79697036743, 8.62409305573, 6.28832769394, 3.64175724983, 2.02240085602, 1.81482887268, 2.17971205711, 1.77672505379, 1.81734275818, 1.64331686497, 1.05022239685, 0.67327195406, 0.260182768106, 0.0734636411071, 0.0185218080878, 0.00207841396332, 8.20745044621e-05, 5.85086527281e-05], "max": [12.9043455124, 50.7736282349, 144.47454834, 133.946487427, 149.133895874, 249.545974731, 451.983642578, 461.208587646, 1879.49279785, 2227.18505859, 1891.91809082, 1928.87463379, 2258.22753906, 1304.23522949, 3645.38037109, 1688.24389648, 1170.24829102, 656.731811523, 1793.99023438, 828.862548828, 1669.80505371, 499.636169434, 225.802520752, 393.370056152, 370.445373535, 181.785507202, 128.452667236, 118.315452576, 223.483520508, 124.674255371, 114.374145508, 52.5743560791, 53.4325485229, 53.6970939636, 15.9232931137, 4.54771566391, 0.806579351425, 0.10878045857, 0.0045816320926, 0.000903844542336], "dmean2": [0.666961610317, 3.7117266655, 7.55179548264, 6.63609266281, 7.52500724792, 8.8158121109, 7.59546852112, 16.1533432007, 51.8855819702, 50.2893562317, 43.6742019653, 49.4318122864, 49.387260437, 32.9593887329, 40.4881248474, 19.4373512268, 17.3151416779, 16.6158161163, 16.8921070099, 17.0215892792, 12.7997484207, 10.9247045517, 6.49226665497, 8.84643268585, 5.92637968063, 3.47439241409, 1.98733651638, 1.7968082428, 2.10640859604, 1.57197904587, 1.78549325466, 1.69979035854, 1.07484793663, 0.706405460835, 0.254987835884, 0.0673361048102, 0.0160524602979, 0.00205520982854, 6.68754655635e-05, 2.86247832264e-05], "median": [0.0965974926949, 1.6593837738, 7.45575904846, 3.09917116165, 3.18460988998, 3.72220945358, 4.42499160767, 6.01134872437, 11.2361755371, 9.12561798096, 8.69538497925, 8.94405937195, 11.3251209259, 7.93383264542, 4.86968183517, 3.70737051964, 2.46280884743, 2.38676023483, 1.89015316963, 2.00893473625, 2.00857830048, 2.66109609604, 1.99512600899, 1.95077061653, 1.20393490791, 0.728272557259, 0.371110677719, 0.369300782681, 0.519710659981, 0.413327276707, 0.356416761875, 0.340992331505, 0.174125313759, 0.0839341282845, 0.0416114330292, 0.0168200060725, 0.00529794953763, 0.000559325970244, 3.97004332626e-05, 4.85363598273e-05], "dvar": [1.31699466705, 26.4063968658, 167.252029419, 115.060874939, 71.0617370605, 147.83102417, 107.384338379, 574.907470703, 7878.31835938, 9242.2890625, 6121.73486328, 9448.95214844, 8900.84960938, 5448.80273438, 13479.0664062, 1946.30200195, 1558.60144043, 1048.38793945, 1756.74938965, 1024.71240234, 883.662841797, 361.20715332, 87.2469482422, 190.974868774, 135.62071228, 34.4569244385, 15.8016023636, 17.2977313995, 21.3157367706, 10.3491630554, 10.4001464844, 7.68885326385, 5.50525283813, 3.71419501305, 0.461850374937, 0.0222063139081, 0.00108843541238, 1.76965913852e-05, 2.44945699279e-08, 1.07500075508e-09]}, "silence_rate_30dB": {"dvar2": 0.110044248402, "var": 0.0774097517133, "min": 0, "dmean": 0.0571560785174, "mean": 0.915432691574, "max": 1, "dmean2": 0.114325389266, "median": 1, "dvar": 0.053887963295}, "melbands_spread": {"dvar2": 109.642364502, "var": 146.376052856, "min": 0.0517451651394, "dmean": 4.48434257507, "mean": 12.2908239365, "max": 176.295227051, "dmean2": 6.42012166977, "median": 9.28476715088, "dvar": 53.9613647461}, "melbands_crest": {"dvar2": 24.2431106567, "var": 36.8875198364, "min": 2.62246179581, "dmean": 3.3403441906, "mean": 18.1595249176, "max": 39.8482894897, "dmean2": 5.13793373108, "median": 17.8734989166, "dvar": 11.0457267761}, "zerocrossingrate": {"dvar2": 0.000156427064212, "var": 0.000730045780074, "min": 0.001953125, "dmean": 0.00816491246223, "mean": 0.032139852643, "max": 0.49755859375, "dmean2": 0.00905557721853, "median": 0.02734375, "dvar": 0.000143080396811}, "barkbands_kurtosis": {"dvar2": 6322.24121094, "var": 3179.1159668, "min": -1.93750810623, "dmean": 15.0237340927, "mean": 19.9311485291, "max": 1219.06860352, "dmean2": 23.7584819794, "median": 5.52215051651, "dvar": 2452.6862793}, "spectral_flux": {"dvar2": 0.00579012138769, "var": 0.00521087693051, "min": 1.03668629237e-10, "dmean": 0.0403676554561, "mean": 0.10050983727, "max": 0.534609436989, "dmean2": 0.0636355653405, "median": 0.0827278122306, "dvar": 0.00253565935418}, "barkbands_crest": {"dvar2": 21.2094192505, "var": 27.1910381317, "min": 2.80225157738, "dmean": 2.96584057808, "mean": 14.1372385025, "max": 26.198802948, "dmean2": 4.71719884872, "median": 13.569231987, "dvar": 8.7026309967}, "barkbands_flatness_db": {"dvar2": 0.00194008252583, "var": 0.00598999019712, "min": 0.0318740494549, "dmean": 0.0326162129641, "mean": 0.227012097836, "max": 0.564573526382, "dmean2": 0.0453401170671, "median": 0.217546656728, "dvar": 0.00110414694063}, "spectral_entropy": {"dvar2": 0.143206164241, "var": 0.370789349079, "min": 4.22443056107, "dmean": 0.269162505865, "mean": 6.91163873672, "max": 9.8106470108, "dmean2": 0.376031011343, "median": 6.93337440491, "dvar": 0.0835915356874}, "pitch_salience": {"dvar2": 0.0138488104567, "var": 0.0204491503537, "min": 0.0156618859619, "dmean": 0.0792072191834, "mean": 0.412593305111, "max": 0.909593343735, "dmean2": 0.124809749424, "median": 0.41543841362, "dvar": 0.00602371105924}, "erbbands_spread": {"dvar2": 497.094085693, "var": 667.670959473, "min": 1.98327898979, "dmean": 10.5750989914, "mean": 32.1286239624, "max": 186.022796631, "dmean2": 15.7839365005, "median": 24.9042854309, "dvar": 240.058303833}, "dynamic_complexity": 2.80114912987, "spectral_contrast_valleys": {"dvar2": [0.355491876602, 0.522850394249, 0.361177265644, 0.328976541758, 0.230570495129, 0.28408318758], "var": [0.980191707611, 0.872730076313, 0.882310628891, 0.859624743462, 0.848241627216, 1.31426739693], "min": [-27.1917896271, -27.4887638092, -27.1448135376, -27.2597751617, -27.1582431793, -27.2481155396], "dmean": [0.417311042547, 0.480939805508, 0.434558570385, 0.419507741928, 0.363284915686, 0.42899236083], "mean": [-7.29296636581, -7.05751180649, -7.87013673782, -8.57141590118, -8.6501121521, -10.8006486893], "max": [-5.07715320587, -4.63755989075, -5.34001541138, -5.90058135986, -6.00009393692, -8.10669517517], "dmean2": [0.674508571625, 0.759759664536, 0.660557925701, 0.601789593697, 0.477125585079, 0.519655585289], "median": [-7.238676548, -7.00620126724, -7.7945318222, -8.5254573822, -8.59772491455, -10.6695957184], "dvar": [0.175676554441, 0.248900905252, 0.194728270173, 0.195277988911, 0.16417235136, 0.213372096419]}, "hfc": {"dvar2": 94.1766204834, "var": 195.188842773, "min": 1.11226715335e-16, "dmean": 5.79570436478, "mean": 16.878698349, "max": 118.519371033, "dmean2": 8.01539897919, "median": 13.2039833069, "dvar": 50.8611106873}, "spectral_kurtosis": {"dvar2": 81.7578277588, "var": 87.545753479, "min": -1.30500805378, "dmean": 3.80739116669, "mean": 8.90620994568, "max": 124.227256775, "dmean2": 5.86762237549, "median": 6.67824840546, "dvar": 37.6417236328}, "mfcc": {"mean": [-692.431213379, 152.094161987, 23.8592281342, 21.5397720337, 9.41190433502, 1.11728298664, 1.3378508091, 15.1573390961, 2.6331884861, 5.67569637299, 1.75569057465, 0.398215711117, 1.144510746], "cov": [[6119.02099609, -970.604675293, -566.950378418, -270.438201904, -224.607254028, -193.94984436, -344.366394043, 20.2932491302, 4.85025215149, 129.167160034, -31.4969158173, 36.9315757751, 55.6442184448], [-970.604675293, 1894.67431641, -189.651428223, -72.0716094971, -42.213180542, -20.0701026917, 197.918441772, 22.3479537964, 4.928191185, -9.07908725739, 39.7084159851, -68.2823486328, -55.8894958496], [-566.950378418, -189.651428223, 1160.36291504, 134.301055908, 193.445785522, 64.0626144409, 51.1067886353, 54.2729187012, 51.7207717896, 0.995303750038, 87.1809616089, 134.942199707, 30.1408405304], [-270.438201904, -72.0716094971, 134.301055908, 469.740844727, 157.47064209, 63.1665878296, -21.304271698, 55.9135322571, 14.5991811752, 27.1978759766, 2.27645874023, 32.7513847351, 22.4358692169], [-224.607254028, -42.213180542, 193.445785522, 157.47064209, 446.604675293, 96.3871994019, -61.0050125122, -9.72095394135, 45.6022605896, 64.5131378174, 8.83748626709, 54.7455291748, 42.9561920166], [-193.94984436, -20.0701026917, 64.0626144409, 63.1665878296, 96.3871994019, 309.891967773, 124.396896362, 34.2267417908, 40.135471344, 15.1209154129, 24.6726531982, 13.4976024628, 5.19188165665], [-344.366394043, 197.918441772, 51.1067886353, -21.304271698, -61.0050125122, 124.396896362, 349.73526001, 49.0641136169, 34.095500946, -15.8394289017, 14.1340017319, 2.43144392967, -9.34539413452], [20.2932491302, 22.3479537964, 54.2729187012, 55.9135322571, -9.72095394135, 34.2267417908, 49.0641136169, 275.783172607, 16.8157310486, 20.5499629974, 6.38001823425, -19.7340965271, -12.1340751648], [4.85025215149, 4.928191185, 51.7207717896, 14.5991811752, 45.6022605896, 40.135471344, 34.095500946, 16.8157310486, 229.43548584, 83.7922744751, 28.0278701782, 13.0439224243, -0.395715892315], [129.167160034, -9.07908725739, 0.995303750038, 27.1978759766, 64.5131378174, 15.1209154129, -15.8394289017, 20.5499629974, 83.7922744751, 207.862472534, 74.3304824829, -9.02522850037, -23.1033573151], [-31.4969158173, 39.7084159851, 87.1809616089, 2.27645874023, 8.83748626709, 24.6726531982, 14.1340017319, 6.38001823425, 28.0278701782, 74.3304824829, 199.77130127, 65.923538208, -10.3618764877], [36.9315757751, -68.2823486328, 134.942199707, 32.7513847351, 54.7455291748, 13.4976024628, 2.43144392967, -19.7340965271, 13.0439224243, -9.02522850037, 65.923538208, 186.744125366, 64.8261871338], [55.6442184448, -55.8894958496, 30.1408405304, 22.4358692169, 42.9561920166, 5.19188165665, -9.34539413452, -12.1340751648, -0.395715892315, -23.1033573151, -10.3618764877, 64.8261871338, 132.05027771]], "icov": [[0.000213551145862, 0.000101505349448, 0.000101902456663, 0.000116510032967, 9.78091557045e-05, 2.6048401196e-05, 0.000154435998411, -9.57513839239e-05, -7.05956972524e-06, -0.000192102845176, 7.00211530784e-05, -0.000149090905325, -7.57366069593e-05], [0.000101505349448, 0.000655741605442, 0.000173630571226, 9.21573519008e-05, -0.000138066738145, 0.000266893941443, -0.000383230129955, -6.55835756334e-05, -2.26921310968e-05, 7.35720677767e-05, -0.000261786190094, 0.000162500044098, 9.32350521907e-05], [0.000101902456663, 0.000173630571226, 0.00112965109292, -7.16117283446e-05, -0.000426910002716, 0.000162280965014, -0.000210050129681, -0.000262245652266, -0.000170942192199, 0.000273283512797, -0.000364942970918, -0.000581305997912, 0.000182439107448], [0.000116510032967, 9.21573519008e-05, -7.16117283446e-05, 0.00261165807024, -0.00066853640601, -0.000277069746517, 0.000262431742158, -0.000587756512687, 0.000115167713375, -0.000264469097601, 0.00024427214521, -0.000311031879392, -0.000118608950288], [9.78091557045e-05, -0.000138066738145, -0.000426910002716, -0.00066853640601, 0.00343491509557, -0.0012115528807, 0.00109251239337, 0.000306056259433, -0.00012448412599, -0.00124398444314, 0.000802635157015, -0.000639166624751, -0.000694184622262], [2.6048401196e-05, 0.000266893941443, 0.000162280965014, -0.000277069746517, -0.0012115528807, 0.00450317701325, -0.00187138153706, -0.000233871876844, -0.000342702114722, 0.000353457464371, -0.000667142099701, 0.000320522492984, 2.62673001998e-05], [0.000154435998411, -0.000383230129955, -0.000210050129681, 0.000262431742158, 0.00109251239337, -0.00187138153706, 0.00424641091377, -0.000489977770485, -0.000499754096381, 0.000118443182146, 0.00024305099214, -0.000396093731979, -1.7490627215e-05], [-9.57513839239e-05, -6.55835756334e-05, -0.000262245652266, -0.000587756512687, 0.000306056259433, -0.000233871876844, -0.000489977770485, 0.00401095673442, -6.0633981775e-05, -0.000304093555314, -4.38236020273e-05, 0.000633253832348, 4.8133519158e-05], [-7.05956972524e-06, -2.26921310968e-05, -0.000170942192199, 0.000115167713375, -0.00012448412599, -0.000342702114722, -0.000499754096381, -6.0633981775e-05, 0.00537753524259, -0.00232567312196, 0.000409319240134, -0.000432978267781, -0.000120255033835], [-0.000192102845176, 7.35720677767e-05, 0.000273283512797, -0.000264469097601, -0.00124398444314, 0.000353457464371, 0.000118443182146, -0.000304093555314, -0.00232567312196, 0.00757450424135, -0.00312480563298, 0.0015871404903, 0.000759753806051], [7.00211530784e-05, -0.000261786190094, -0.000364942970918, 0.00024427214521, 0.000802635157015, -0.000667142099701, 0.00024305099214, -4.38236020273e-05, 0.000409319240134, -0.00312480563298, 0.00756389694288, -0.0034220602829, 0.00140780350193], [-0.000149090905325, 0.000162500044098, -0.000581305997912, -0.000311031879392, -0.000639166624751, 0.000320522492984, -0.000396093731979, 0.000633253832348, -0.000432978267781, 0.0015871404903, -0.0034220602829, 0.008773826994, -0.00375678134151], [-7.57366069593e-05, 9.32350521907e-05, 0.000182439107448, -0.000118608950288, -0.000694184622262, 2.62673001998e-05, -1.7490627215e-05, 4.8133519158e-05, -0.000120255033835, 0.000759753806051, 0.00140780350193, -0.00375678134151, 0.00993804540485]]}, "silence_rate_20dB": {"dvar2": 0, "var": 0, "min": 1, "dmean": 0, "mean": 1, "max": 1, "dmean2": 0, "median": 1, "dvar": 0}, "melbands_kurtosis": {"dvar2": 67215.859375, "var": 19845.4707031, "min": -1.7709403038, "dmean": 26.2882709503, "mean": 37.5772781372, "max": 9660.81933594, "dmean2": 41.1992835999, "median": 11.5731449127, "dvar": 24661.8945312}, "barkbands_spread": {"dvar2": 92.7044754028, "var": 132.450912476, "min": 0.112205319107, "dmean": 4.53395080566, "mean": 12.2822875977, "max": 118.702079773, "dmean2": 6.46638154984, "median": 9.54778862, "dvar": 48.8343582153}, "erbbands_skewness": {"dvar2": 0.716072976589, "var": 1.19724917412, "min": -3.70195150375, "dmean": 0.582428574562, "mean": 0.779502689838, "max": 6.33011674881, "dmean2": 0.858121871948, "median": 0.753305673599, "dvar": 0.353222817183}, "average_loudness": 0.936051249504, "spectral_centroid": {"dvar2": 162704.71875, "var": 327792.71875, "min": 93.1424789429, "dmean": 211.872009277, "mean": 815.911682129, "max": 10815.6035156, "dmean2": 293.911651611, "median": 673.996704102, "dvar": 98692.9765625}, "dissonance": {"dvar2": 0.00319219194353, "var": 0.00291042332537, "min": 0.141733378172, "dmean": 0.0382579267025, "mean": 0.418997764587, "max": 0.499857574701, "dmean2": 0.0624378547072, "median": 0.429383039474, "dvar": 0.00121128698811}, "erbbands_flatness_db": {"dvar2": 0.00104119780008, "var": 0.00262474594638, "min": 0.0391192659736, "dmean": 0.0242645889521, "mean": 0.191302090883, "max": 0.374740809202, "dmean2": 0.034756410867, "median": 0.189248085022, "dvar": 0.000537128187716}, "spectral_strongpeak": {"dvar2": 2.01292419434, "var": 1.69895803928, "min": 0, "dmean": 0.520479559898, "mean": 1.11745715141, "max": 12.5955410004, "dmean2": 0.861005365849, "median": 0.677094101906, "dvar": 0.91752320528}, "spectral_rms": {"dvar2": 3.09467782245e-06, "var": 7.56222016207e-06, "min": 3.23806389688e-12, "dmean": 0.00101814290974, "mean": 0.00634083617479, "max": 0.0162610579282, "dmean2": 0.0015093057882, "median": 0.00619471166283, "dvar": 1.79160963398e-06}, "silence_rate_60dB": {"dvar2": 0.0304628424346, "var": 0.0224933605641, "min": 0, "dmean": 0.0129584632814, "mean": 0.0230217482895, "max": 1, "dmean2": 0.0258042123169, "median": 0, "dvar": 0.0127904657274}, "melbands": {"dvar2": [0.000125925784232, 8.38624764583e-05, 8.37522384245e-06, 1.08113999886e-06, 3.65475813169e-07, 6.760289466e-07, 3.58205807061e-06, 2.1014302547e-06, 1.14299393772e-06, 7.72165549279e-07, 4.63045608967e-07, 1.86674697034e-07, 2.3676007288e-07, 9.75614398158e-08, 2.55011869399e-08, 1.9910418203e-08, 9.30425958501e-09, 1.19074519134e-08, 6.629957916e-09, 5.02944219605e-09, 3.63137386827e-09, 1.39508504748e-09, 3.35530381257e-10, 1.9964230269e-10, 3.91118581966e-10, 3.87568782623e-10, 6.06188502172e-11, 3.86853535317e-11, 2.09791854028e-11, 1.10279563259e-11, 1.75553582088e-11, 1.98442876714e-11, 8.03183648063e-12, 6.79351453564e-12, 7.56746661862e-12, 9.72272522909e-12, 6.95123819616e-12, 5.69365951955e-12, 9.77125758778e-12, 5.33921084428e-12], "var": [0.000125031496282, 4.35089023085e-05, 3.36511425303e-06, 8.92442812983e-07, 1.95573008455e-07, 5.28144767031e-07, 2.9416041798e-06, 1.29999102683e-06, 1.09630718725e-06, 6.35728270026e-07, 5.24045958628e-07, 2.03157512146e-07, 3.11111449491e-07, 8.74671499673e-08, 1.47053986765e-08, 1.02209902764e-08, 5.98039617827e-09, 8.03267585781e-09, 6.05846173229e-09, 5.23250154316e-09, 1.57732649164e-09, 9.95940663273e-10, 3.00911018325e-10, 1.09181080843e-10, 2.81934559032e-10, 2.55261256576e-10, 6.51200413038e-11, 3.84461143477e-11, 1.33833569227e-11, 8.57544243948e-12, 1.30336384047e-11, 1.63736715159e-11, 9.58445389027e-12, 9.32490456379e-12, 7.96477033632e-12, 8.90805051251e-12, 5.15154802497e-12, 4.77893852963e-12, 6.48282599477e-12, 4.38198088926e-12], "min": [1.28651664718e-23, 8.31803574116e-24, 1.33839198253e-23, 3.18362236351e-23, 1.77441007766e-23, 1.64726433658e-24, 3.75636433189e-24, 7.6370318432e-24, 8.41926395024e-24, 1.91690281183e-23, 1.38260022098e-23, 1.28481720413e-23, 9.62421506194e-24, 1.81881679351e-23, 1.69366921738e-23, 7.00740330056e-24, 7.64520444218e-24, 1.68747318829e-23, 1.51324631539e-23, 1.13432502595e-23, 1.49493243616e-23, 9.52071887776e-24, 5.87897406325e-24, 6.85677819932e-24, 8.51901225626e-24, 8.93623605587e-24, 7.35428516211e-24, 1.42310018208e-23, 1.72635772003e-23, 1.83895578133e-23, 1.63722464189e-23, 1.29294641576e-23, 1.73634895894e-23, 1.30178465557e-23, 5.93906633156e-24, 1.14893401994e-23, 8.72254152525e-24, 1.15986384555e-23, 1.16196726427e-23, 1.04384141794e-23], "dmean": [0.0034287001472, 0.00233334233053, 0.000678965589032, 0.000378274067771, 0.000169680759427, 0.000243734713877, 0.000524344155565, 0.00031906273216, 0.000277542334516, 0.000207951976336, 0.000180655159056, 9.95002483251e-05, 9.58439050009e-05, 5.24632778252e-05, 3.01322615996e-05, 2.43708564085e-05, 2.072247662e-05, 1.90607679542e-05, 1.7208596546e-05, 1.58712500706e-05, 9.73137321125e-06, 8.30924273032e-06, 5.78568005949e-06, 3.20979961543e-06, 5.43196210856e-06, 3.85819657822e-06, 2.18214972847e-06, 1.51771928358e-06, 9.83750283012e-07, 6.99595375409e-07, 7.64469632486e-07, 8.56734686749e-07, 7.80740606388e-07, 6.24864185284e-07, 7.11340874204e-07, 8.33623460039e-07, 7.07756612428e-07, 5.3042589343e-07, 5.15834813086e-07, 4.07463943475e-07], "mean": [0.00561195006594, 0.00583252450451, 0.00130607606843, 0.000599331629928, 0.000287492614007, 0.000357910379535, 0.000699071446434, 0.000397453521146, 0.000405459199101, 0.000315778423101, 0.000295682635624, 0.000155179659487, 0.000161145697348, 7.66141165514e-05, 3.40001206496e-05, 2.91679407383e-05, 2.53772504948e-05, 2.23050410568e-05, 2.22633716476e-05, 2.37796630245e-05, 1.32269969981e-05, 1.2297298781e-05, 8.60158979776e-06, 4.52208541901e-06, 7.54466600483e-06, 5.34846003575e-06, 3.25244900523e-06, 2.22713379117e-06, 1.3680102029e-06, 9.95083041744e-07, 1.05173614884e-06, 1.2310490547e-06, 1.16115177207e-06, 9.31898796352e-07, 9.91696992969e-07, 1.1403795952e-06, 9.54364963945e-07, 7.34057834961e-07, 6.70926340263e-07, 5.40960854778e-07], "max": [0.084347859025, 0.0618015639484, 0.0199787858874, 0.0114977853373, 0.0154458815232, 0.0118526378646, 0.0243575870991, 0.0201755966991, 0.0168304331601, 0.0133782252669, 0.01