{"tonal": {"thpcp": [1, 0.59494638443, 0.231845095754, 0.1859575212, 0.172320917249, 0.221031412482, 0.279201596975, 0.288842201233, 0.39516377449, 0.382766574621, 0.211439609528, 0.210199549794, 0.245406359434, 0.220350727439, 0.5299269557, 0.907238423824, 0.63762897253, 0.248665943742, 0.167903721333, 0.160965919495, 0.332549154758, 0.493125766516, 0.375169605017, 0.262756645679, 0.254666805267, 0.229199007154, 0.285088151693, 0.326440453529, 0.312003463507, 0.512897193432, 0.599990129471, 0.352453708649, 0.207013696432, 0.209268853068, 0.305514484644, 0.735726058483], "hpcp": {"dmean2": [0.288992911577, 0.262160778046, 0.181163921952, 0.147288247943, 0.138299018145, 0.139976203442, 0.154456093907, 0.168979749084, 0.169716998935, 0.153509542346, 0.12804427743, 0.122055456042, 0.135752543807, 0.151835635304, 0.228840366006, 0.242255672812, 0.250862687826, 0.180394560099, 0.130357652903, 0.129773214459, 0.170002236962, 0.205073848367, 0.20371465385, 0.190334692597, 0.171624481678, 0.168999090791, 0.177828341722, 0.181697115302, 0.194639995694, 0.23106624186, 0.220798820257, 0.189191237092, 0.160242885351, 0.176293224096, 0.248709246516, 0.305878698826], "median": [0.257236480713, 0.148784726858, 0.0264258533716, 0.0180845409632, 0.0184312481433, 0.0288971327245, 0.0359298177063, 0.0419528186321, 0.0410293154418, 0.0359214805067, 0.026081867516, 0.0359072871506, 0.0415734909475, 0.0363442637026, 0.105678752065, 0.194820806384, 0.133221074939, 0.0381741560996, 0.0237752068788, 0.0184474308044, 0.0467835515738, 0.0843732580543, 0.0684876590967, 0.0300007425249, 0.0272318329662, 0.0261923484504, 0.0464852489531, 0.0511608123779, 0.0452516637743, 0.0644799843431, 0.0688921064138, 0.0443856306374, 0.0267525222152, 0.023954950273, 0.0354509241879, 0.16411793232], "min": [0, 0, 0, 0, 0, 0, 0, 0, 0, 0, 0, 0, 0, 0, 0, 0, 0, 0, 0, 0, 0, 0, 0, 0, 0, 0, 0, 0, 0, 0, 0, 0, 0, 0, 0, 0], "dvar2": [0.120798103511, 0.103462047875, 0.0928864255548, 0.0831252112985, 0.0767538920045, 0.0739700347185, 0.077399328351, 0.0879715234041, 0.081966355443, 0.0757858082652, 0.0603042244911, 0.0519615858793, 0.0617115199566, 0.0704273805022, 0.0903982445598, 0.100061923265, 0.102458722889, 0.0862962380052, 0.0670524463058, 0.0635960772634, 0.0748401135206, 0.0853824838996, 0.0875752940774, 0.0926641374826, 0.088926255703, 0.0957244634628, 0.0932139903307, 0.0879036039114, 0.0917066261172, 0.102923110127, 0.104089967906, 0.0871899947524, 0.0800130590796, 0.0930585712194, 0.125812858343, 0.128586798906], "dvar": [0.0482910834253, 0.0375332050025, 0.0337486341596, 0.0299750231206, 0.0276239216328, 0.0269000679255, 0.0294326245785, 0.0317499935627, 0.0336534008384, 0.0321170389652, 0.0221916399896, 0.0190651547164, 0.022274158895, 0.0250232573599, 0.0331371612847, 0.0410983040929, 0.0375965051353, 0.0313965454698, 0.0237332358956, 0.0224928073585, 0.0284125059843, 0.0339053682983, 0.0326058678329, 0.0347103923559, 0.0339291021228, 0.0354598760605, 0.0350324958563, 0.033873796463, 0.0344857871532, 0.0400754474103, 0.0425031222403, 0.0329011492431, 0.0294587295502, 0.0336831361055, 0.0449174307287, 0.0468763001263], "dmean": [0.168077975512, 0.150812521577, 0.100303977728, 0.0813996717334, 0.0763442218304, 0.0793968737125, 0.0887457132339, 0.0969002321362, 0.0990718007088, 0.0900700986385, 0.0738205313683, 0.0693456381559, 0.0776056200266, 0.0850564390421, 0.133562266827, 0.142370477319, 0.146279349923, 0.101407043636, 0.0719433352351, 0.0720872208476, 0.0997192785144, 0.122452951968, 0.118233844638, 0.107228554785, 0.0971436202526, 0.094631113112, 0.100933723152, 0.104709789157, 0.110603675246, 0.13396255672, 0.128990009427, 0.108927085996, 0.0893948823214, 0.0969986319542, 0.137383252382, 0.175520822406], "max": [1, 1, 1, 1, 1, 1, 1, 1, 1, 1, 1, 1, 1, 1, 1, 1, 1, 1, 1, 1, 1, 1, 1, 1, 1, 1, 1, 1, 1, 1, 1, 1, 1, 1, 1, 1], "var": [0.136191517115, 0.0586022809148, 0.0311763435602, 0.0274848993868, 0.0230416059494, 0.0285864379257, 0.0389785468578, 0.0360643789172, 0.0709067434072, 0.0732839480042, 0.0229485798627, 0.02108184807, 0.0255908742547, 0.0215436145663, 0.0554845631123, 0.13297842443, 0.0746330097318, 0.0282076857984, 0.0178668480366, 0.0173787008971, 0.0416333787143, 0.0658687278628, 0.0408342704177, 0.0354056693614, 0.0383984595537, 0.0330745875835, 0.0348472930491, 0.0429312288761, 0.0410183109343, 0.0781612992287, 0.105803690851, 0.0445851832628, 0.0253011416644, 0.0270980950445, 0.0404372178018, 0.0909890457988], "mean": [0.394919902086, 0.234956160188, 0.0915602445602, 0.0734383240342, 0.0680529624224, 0.0872897058725, 0.110262267292, 0.114069536328, 0.156058043242, 0.151162132621, 0.0835017114878, 0.0830119848251, 0.0969158560038, 0.0870208889246, 0.209278702736, 0.358286499977, 0.251812368631, 0.0982031300664, 0.0663085207343, 0.0635686442256, 0.131330281496, 0.194745182991, 0.148161947727, 0.103767827153, 0.100572988391, 0.0905152484775, 0.112586982548, 0.128917828202, 0.123216375709, 0.202553316951, 0.236948043108, 0.139190986753, 0.0817538276315, 0.0826444327831, 0.120653748512, 0.290552854538]}, "tuning_equal_tempered_deviation": 0.0231461971998, "chords_changes_rate": 0.0521580390632, "key_key": "D", "tuning_diatonic_strength": 0.583842277527, "key_scale": "major", "chords_number_rate": 0.0014343460789, "tuning_frequency": 441.782684326, "tuning_nontempered_energy_ratio": 0.654585123062, "chords_histogram": [42.1176147461, 0.795410096645, 9.57100009918, 0, 1.05620026588, 0.0391185283661, 0.417264312506, 0, 0.0130395097658, 0, 0, 0, 0.0651975497603, 5.91993761063, 0, 2.1906375885, 0.795410096645, 11.344373703, 0.821489095688, 3.19467997551, 3.06428480148, 1.62993872166, 14.3695392609, 2.59486246109], "key_strength": 0.777979493141, "chords_key": "D", "chords_strength": {"dmean2": 0.00774140842259, "median": 0.508004665375, "min": 0.223331615329, "dvar2": 5.00379319419e-05, "dvar": 4.72612919111e-05, "dmean": 0.00810488406569, "max": 0.759167551994, "var": 0.00704813702032, "mean": 0.502515077591}, "chords_scale": "major", "hpcp_entropy": {"dmean2": 1.03006565571, "median": 2.04937434196, "min": 0, "dvar2": 0.727641165257, "dvar": 0.280925452709, "dmean": 0.618896245956, "max": 4.41285610199, "var": 0.640776872635, "mean": 2.01010799408}}, "metadata": {"audio_properties": {"equal_loudness": 0, "codec": "mp3", "downmix": "mix", "sample_rate": 44100, "analysis_sample_rate": 44100, "bit_rate": 220162, "md5_encoded": "cf7184ed2ca811a89e80f3a529f7cc57", "length": 356.101226807, "replay_gain": -13.0405826569, "lossless": false}, "version": {"essentia_build_sha": "cead25079874084f62182a551b7393616cd33d87", "essentia": "2.1-beta2", "extractor": "music 1.0", "essentia_git_sha": "v2.1_beta2-1-ge3940c0"}, "tags": {"title": ["Rolling on My Own"], "language": ["eng"], "media": ["(CD)"], "albumartist": ["Rymes With Orange"], "musicbrainz_releasegroupid": ["4442edb2-5f61-3cc7-87f3-0c9cce6ba849"], "musicbrainz_recordingid": ["0ef16257-f8c4-44fa-8252-9630b543443d"], "musicbrainz_albumartistid": ["fff4cb7d-55af-4f9a-9a18-3b2f8089efac"], "discnumber": ["01/01"], "originalartist": ["Rymes With Orange"], "album": ["Trapped in the Machine"], "musicbrainz album type": ["Album"], "musicbrainz album status": ["Official"], "file_name": "11 Rolling on My Own.mp3", "acoustid_fingerprint": ["AQADtJ6ScStKBvDxHBEvNOIUXCfOpcP9oPEPieLBpCfi06i_oTFOMDn6BI-PsL0CMeiP0A8aG9eN5ouGUPgh8UcsOWtx7ShJuA5KYmeJH1fwH-eO58iDow8SyjuOG9c0H7vg-ag-8EUcHtqJaBPOI3dylMtxnCLM4WIu6BbK5_BfaDqLsoUZ_bh2XEzho2t15Cr-HW9ctA8j7BHs0MhVouUI3Xi14OAe5MiVQj_CH-5o-LjRE32F_4CnI30PjcMRPbiOZ-FR74cvHOUTfHyQ5_gD_UQTdSfq4Q32F3ylodeFKeNOPKShPDse5jh_6EFTo9cDWi5-vLiEb_gPLWKyoy-uowfVAYd__OhmG2h89If-oMd3_MgXBT-q48vxC5XIH9T54LHww3C0on82XIuO7zhHRPpx6OKDax_yjIePPvix-7hzxLzR-NDHwJ_xP6AObRVQ_RN84iYEpwMf4jya483SET1hQpegZ_B1-Dl4NNeOK8WzbcRZI0fzoI-Lb8fdBP_RTEfPGL9x5NDBiTm-4zv6GG-If-gLrQeT0zh6NG7wJoeWM-htoFWPZhKD-zikJKRyog7uHc0gZRpTfDiP6XCYoOIO7fBzpOhCnL5x5SvqXdge9JmE9uDRI_bwZtCP-gHlpriOHDlq4bpxTfDx7Ti650jL44ft4w-Mljue4jLCHP2hUwK-8Ih0XOkHa5vh40Vz4pVWnMcdGj3RVMdv7EfIH0L4LAdntbh6dNKOq8d5hB_6Qwuz4TmYB02NEwyZ5TB0-bAbtPvRw3tuhMcZPeCL5ghJBhc_Qc6xH-GJRhtOvjh6Hxc-Hh9zTMORKzqa9MNJo3lsZA--ZI3woy9Mow_xtEf8PDgYp0dTZcEZHGfi4NvxLMd99BvSl0bP4RsdxLkxw80jCUdzhRlOGjoviEf14FLIYyKTR7BWcNaE4j2h7wl-EU1TTMoU3Dze41SINqmFvfBp4SaqiDwuD_wb9Gjs40uEH1ouVEdelsOkvoH7Et_hGF-PacUzBT--oz7Sp0PJROgFCtqeDHeOJmJwtDueG7-G_9AGpyn8sEL5o2VouHmE8xBP3AWVlEefkUEeKjgtZCd8cvi4g1YOfUF1ClYuHcedFFeMkOIU48PH5viH60azHxWJTnqFNC5ctDl-9IsFbzWe_WDo4BmOH0-gKdGFZlGOEz_uPHiqo9IlSOKHKr3w4Id-9AwaPgUfXEZ_iOkZCWRD_PB33DC7gWGHjxP4EHrQ7NCao9yEH_2R_egVOJKYI08OV7qIr6Fw-Hjxo88hT7geZI-O50ee4jn0J8jtwT4eXLgUND_6Ij-eR0WToyW0wyNxbaiegyce62i5HPeg0Tdu5DlqkcMPU0ePhysuDpVzpNIO_rizQNmPE3nEo2Fs5EfJEM3-QfeOJ2Gm4WlRvSy0JM1yfMeOVzyuvWiOysejZTH-Qw9-1JRmfDqaXXi0DPcq7OgrNKYnHBeFXsvhf6hPHKHeYfvxIGWPb4qOCvqRT9cCrk_gHfmOQ9dxRkeoSwaV9AL7Iw-Fv0OfQ2h2PLwaONnxJ1kUiPXB9riY42xxLQkHE6UUvAwD5U_xF99R4jQ-BvqO1U-I-AjcBsd19Pjxg3iyFz8XDTpzlAtJ5B88KcclwTucP0HYPYKeI6bxw3TS4BH-LkH-o0nTCfSCH98Pxzk2Rag24gk-CvfRqFnwC7lphKEuHD9-TNls1KbQB1SsI9wj_PjxXcKlK0h94cJz6HGOXyeYf7D2INSKk0Ju_DhKvYIWOkRcHT3R_PglPDkDa8uDvMIF8ZHxKtBv8E8Q3gYF-MOTI-0O7cePMxfuGHmOdhmaPzhz4cX6D9eJ0AkDPRx-IQ38oUx-fDtqHT6NHemPskoCOqLRr3COTtCXLFZRGXaIeyhxCRcu4cRvqMnRZ0aYijweHl-IR6KEkjl8I0dp5ZBmCpdsHNpvpD_6Die-HNeWoz2a_MjKQydirSma8_iiGMdLfEF-fDTcBWVp_Kh-POpxPIvhHewE1UzA3Hi5Cc8hJT2qKxYRplo8MFeEpmKO_ojcQ0sdhNL6CW2UL4Hn_WgeHb-QE2XCw2N2fB_-oM9wHdHx4D94NOWFHo8_5EyU4YZ-grER5jizoyd-vCkuwjy-5eiYIz90NNyHfhEyO0c9nMoFI88Gv7j0wzL6E2-eDHnR8CiJP9LRIz18aN9xJ8d38EMfKHp2PEV-S7jRH2EOHTn-BGcONNSUHSEPXUeeZcT6B_cDJnGOdsSZMAg3BXpQOZGFc_iNJ7k46KNQfWCSPPgO_ZTQY5tl_MO3WFC25kModcFu7Dx-XLlRLjnhH1ms4oklnHsEWVEWvDjR3Ef1HP3xKIVYp_AFoxYPfVqOR4iao0GtC7ki9DRRcj_0BG2c45nRC3fRHO1OHPfRDeaDawmuw_1RfsWPXe7xHZo-mMsObV0Qnzh12A0j49tx0vjR6SEcnsVzJPyG9AXghCHOIIAAFUAhhAASSgHCBDZEGAOIsMAAQoxAYglqgXAOcKeZMEA5IIQEghBgAFBIEAOAIAAZyJhxwCAlFDlMGAcBQAYZAYggFghjmICCGCWIEQBQAIACgDkhHGJQAyIIM4g5QoRBCgABHEPKCAuKMgwAAYQxDBABHDFSEAAQAUgAAYgQRAkBDEGGUEcYsUIABAQgCgBiiAdMKAWM0sIAYhliQEgFAGACCCUEUE4QKgBxBBmmkALCCAOUYUYwwZBjWACjkKJEEIYACEIRggAwQBCgyHCAKWkIAYwYYQggSBiiCFNGMQSEAUoAIhAggkBjBBFGEXQAEiIgSQQnCCABABFQMdKAAwgxAwiAQhQiBDBCCKKEIQoo4pAlADBgkDAMaQcAMMQJaoBwDFmAlEUMEAEQAoIISAAQgigAkIHaCiOCcwYQBQUwyhBIDBAONQYOBYwgg5RChiHEFACGMiEQE4gy7wVAzgiiCECEGAcKMIoAKYwBxjEmmGGMMyOII4BQrgyAAgKAkCLEAcUQQUwAgJhB0ghBjGEGGaUQMQRaQIQAi1iBARBYRMCAIQwJAg5ACgGBBGPECIQcE0AhgAQhgAEiiAEECEUEkwAaJYzQEBEmDQIACCSIMZAYQKCBwgEDDLCEAEM4BwpQQ5kzBggECHXQGGAEYVIYIAQQjFBGIFCCGIGUAUoAJgAyjiBEEKHECGSQUoQwQogCEAFAiGBCFQQkcNAxYAAUhglijJNAEIKAZEwwogBAjgBgrDAIGkIBMQA0BwSTTAAgjAEAAAAAY8BBIAkBAgglBBGYAIEMAoRopBUCSAHjmCFEGAIIEkIAJQgCRIEiIDCCCCUIEcIKo6BniiBBCFKCEEEBJwgqQRxBDBmImEEOGKYEIAAwAhRAAjhFhCgAGWqcIAAJhqlSsgIAkAEIKSKAIQIgBBChgAuCEFEA"], "date": ["1994"], "genre": ["Blues"], "originalalbum": ["Trapped in the Machine"], "script": ["Latin"], "musicbrainz_albumid": ["fe2bf2d5-84b6-4b8b-8319-2f844cb77130"], "artist": ["Rymes With Orange"], "artistsort": ["Rymes with Orange"], "tracknumber": ["11/12"], "musicbrainz album release country": ["CA"], "albumartistsort": ["Rymes with Orange"], "acoustid_id": ["6b19e34b-b84f-49d6-8bbc-6c4e91991527"], "musicbrainz_artistid": ["fff4cb7d-55af-4f9a-9a18-3b2f8089efac"]}}, "rhythm": {"bpm_histogram_first_peak_bpm": {"dmean2": 0, "median": 92, "min": 92, "dvar2": 0, "dvar": 0, "dmean": 0, "max": 92, "var": 0, "mean": 92}, "bpm": 91.6747360229, "bpm_histogram_second_peak_spread": {"dmean2": 0, "median": 0.368421018124, "min": 0.368421018124, "dvar2": 0, "dvar": 0, "dmean": 0, "max": 0.368421018124, "var": 0, "mean": 0.368421018124}, "bpm_histogram_first_peak_weight": {"dmean2": 0, "median": 0.742397129536, "min": 0.742397129536, "dvar2": 0, "dvar": 0, "dmean": 0, "max": 0.742397129536, "var": 0, "mean": 0.742397129536}, "onset_rate": 4.72603034973, "beats_position": [0.696598649025, 1.39319729805, 2.08979582787, 2.7863945961, 3.50621318817, 4.17959165573, 4.85297060013, 5.52634906769, 6.19972801208, 6.87310647964, 7.53487491608, 8.19664382935, 8.87002277374, 9.54340076447, 10.2167797089, 10.8901586533, 11.5635375977, 12.2369155884, 12.9102945328, 13.5836734772, 14.2570514679, 14.9188203812, 15.5805892944, 16.2539672852, 16.9273471832, 17.600725174, 18.2624931335, 18.9242630005, 19.5860309601, 20.247800827, 20.8979587555, 21.5713367462, 22.2563266754, 22.918094635, 23.5682544708, 24.2300224304, 24.89179039, 25.5419502258, 26.1921081543, 26.8538761139, 27.5156459808, 28.1774139404, 28.8391838074, 29.500951767, 30.1627197266, 30.8244895935, 31.4862575531, 32.1480255127, 32.8097953796, 33.4715652466, 34.1333312988, 34.783493042, 35.4452590942, 36.1070289612, 36.7571868896, 37.4189567566, 38.0807266235, 38.7424926758, 39.4042625427, 40.0544204712, 40.7045783997, 41.3663482666, 42.0281181335, 42.7014961243, 43.374874115, 44.0366439819, 44.6984100342, 45.3485717773, 46.0103378296, 46.6721076965, 47.322265625, 47.9724235535, 48.6225852966, 49.2727432251, 49.9229011536, 50.5846710205, 51.2464370728, 51.9082069397, 52.5699768066, 53.2201347351, 53.8819046021, 54.5436706543, 55.1938323975, 55.8439903259, 56.4941482544, 57.1443061829, 57.794467926, 58.4446258545, 59.094783783, 59.7449417114, 60.3950996399, 61.0336494446, 61.683807373, 62.3339653015, 62.9841270447, 63.6342849731, 64.2960510254, 64.9462127686, 65.5963668823, 66.2465286255, 66.9082946777, 67.5700683594, 68.2318344116, 68.8819961548, 69.5321502686, 70.1823120117, 70.8208618164, 71.4710159302, 72.1211776733, 72.7713394165, 73.4214935303, 74.0716552734, 74.7218093872, 75.3719711304, 76.0221328735, 76.6606826782, 77.2992248535, 77.9493865967, 78.5995483398, 79.2497024536, 79.8998641968, 80.5500183105, 81.2001800537, 81.8503417969, 82.5004959106, 83.1506576538, 83.8124237061, 84.4741897583, 85.1243515015, 85.7745132446, 86.4130630493, 87.0632171631, 87.7249908447, 88.3751449585, 89.0253067017, 89.6754608154, 90.3372344971, 90.9873886108, 91.6259384155, 92.2877044678, 92.9494781494, 93.6228561401, 94.2962341309, 94.9696121216, 95.6429901123, 96.316368103, 96.9665298462, 97.61668396, 98.2668457031, 98.9170074463, 99.5671615601, 100.217323303, 100.867477417, 101.51763916, 102.167800903, 102.817955017, 103.46811676, 104.118278503, 104.768432617, 105.41859436, 106.080360413, 106.742126465, 107.392288208, 108.042449951, 108.692604065, 109.342765808, 109.992919922, 110.643081665, 111.293243408, 111.943397522, 112.593559265, 113.243713379, 113.893875122, 114.555641174, 115.217414856, 115.879180908, 116.54094696, 117.191108704, 117.841270447, 118.491424561, 119.141586304, 119.791740417, 120.441902161, 121.103668213, 121.765441895, 122.427207947, 123.088973999, 123.739135742, 124.400901794, 125.062675476, 125.71282959, 126.362991333, 127.013153076, 127.66330719, 128.313461304, 128.975234985, 129.637008667, 130.28717041, 130.937316895, 131.587478638, 132.237640381, 132.887802124, 133.537963867, 134.19972229, 134.861495972, 135.523269653, 136.185028076, 136.835189819, 137.485351562, 138.135513306, 138.78565979, 139.447433472, 140.109207153, 140.770965576, 141.432739258, 142.082901001, 142.744674683, 143.406433105, 144.056594849, 144.706756592, 145.356918335, 146.018676758, 146.680450439, 147.330612183, 147.980773926, 148.63092041, 149.281082153, 149.931243896, 150.58140564, 151.243179321, 151.904937744, 152.555099487, 153.216873169, 153.878631592, 154.528793335, 155.178955078, 155.829116821, 156.479278564, 157.129425049, 157.79119873, 158.452972412, 159.103118896, 159.741668701, 160.380218506, 161.041992188, 161.703765869, 162.353912354, 163.004074097, 163.665847778, 164.32762146, 164.977767944, 165.639541626, 166.301315308, 166.96307373, 167.613235474, 168.263397217, 168.925170898, 169.575332642, 170.225479126, 170.887252808, 171.549026489, 172.187576294, 172.849334717, 173.49949646, 174.149658203, 174.799819946, 175.449981689, 176.100128174, 176.750289917, 177.40045166, 178.050613403, 178.700775146, 179.350921631, 180.012695312, 180.662857056, 181.313018799, 181.951568604, 182.601715088, 183.251876831, 183.902038574, 184.552200317, 185.202362061, 185.852508545, 186.502670288, 187.152832031, 187.802993774, 188.453155518, 189.091690063, 189.753463745, 190.403625488, 191.053787231, 191.703948975, 192.354095459, 193.004257202, 193.654418945, 194.304580688, 194.954742432, 195.604888916, 196.255050659, 196.916824341, 197.578598022, 198.228744507, 198.87890625, 199.529067993, 200.179229736, 200.829391479, 201.479537964, 202.118087769, 202.756637573, 203.406799316, 204.05696106, 204.707122803, 205.357269287, 206.00743103, 206.657592773, 207.307754517, 207.95791626, 208.631286621, 209.281448364, 209.943222046, 210.604980469, 211.255142212, 211.905303955, 212.555465698, 213.205612183, 213.867385864, 214.517547607, 215.167709351, 215.829467773, 216.479629517, 217.12979126, 217.779953003, 218.430114746, 219.091873169, 219.742034912, 220.403808594, 221.065567017, 221.727340698, 222.377502441, 223.027664185, 223.677825928, 224.339584351, 225.001358032, 225.663131714, 226.324890137, 226.986663818, 227.636825562, 228.286987305, 228.948745728, 229.610519409, 230.272293091, 230.945663452, 231.619049072, 232.292419434, 232.965805054, 233.639175415, 234.312561035, 234.997543335, 235.670928955, 236.332687378, 237.006072998, 237.66784668, 238.317993164, 238.979766846, 239.641540527, 240.30329895, 240.97668457, 241.65007019, 242.311828613, 242.973602295, 243.635375977, 244.297134399, 244.958908081, 245.620681763, 246.270828247, 246.932601929, 247.59437561, 248.244537354, 248.894683838, 249.544845581, 250.195007324, 250.856781006, 251.50692749, 252.168701172, 252.842086792, 253.503845215, 254.165618896, 254.81578064, 255.465942383, 256.116088867, 256.777862549, 257.43963623, 258.089782715, 258.739959717, 259.390106201, 260.040252686, 260.690429688, 261.340576172, 261.990753174, 262.640899658, 263.30267334, 263.964447021, 264.614593506, 265.264770508, 265.914916992, 266.565063477, 267.215240479, 267.865386963, 268.515563965, 269.165710449, 269.815856934, 270.466033936, 271.11618042, 271.766357422, 272.416503906, 273.078277588, 273.728424072, 274.366973877, 275.017150879, 275.667297363, 276.317443848, 276.979217529, 277.640991211, 278.291137695, 278.941314697, 279.591461182, 280.241638184, 280.891784668, 281.541931152, 282.203704834, 282.865478516, 283.515655518, 284.189025879, 284.839172363, 285.489349365, 286.12789917, 286.766448975, 287.416595459, 288.066741943, 288.716918945, 289.36706543, 290.017242432, 290.655792236, 291.294311523, 291.944488525, 292.59463501, 293.244812012, 293.894958496, 294.533508301, 295.172058105, 295.81060791, 296.449157715, 297.076080322, 297.714630127, 298.353179932, 299.003356934, 299.653503418, 300.292053223, 300.930603027, 301.580780029, 302.230926514, 302.881072998, 303.53125, 304.181396484, 304.831573486, 305.470092773, 306.108642578, 306.75881958, 307.408966064, 308.059143066, 308.709289551, 309.359436035, 310.009613037, 310.659759521, 311.309936523, 311.948486328, 312.587036133, 313.237182617, 313.887329102, 314.537506104, 315.187652588, 315.83782959, 316.487976074, 317.138122559, 317.776672363, 318.415222168, 319.06539917, 319.715545654, 320.365722656, 321.015869141, 321.654418945, 322.29296875, 322.943115234, 323.593292236, 324.243438721, 324.916809082, 325.450866699, 325.973327637, 326.484161377, 326.983398438, 327.494232178, 328.005065918, 328.492706299, 328.980316162, 329.467926025, 329.955535889, 330.44317627, 330.930786133, 331.406799316, 331.8828125, 332.370422363, 332.858032227, 333.345672607, 333.84487915, 334.344116211, 334.831726074, 335.319366455, 335.806976318, 336.306213379, 336.805450439, 337.31628418, 337.82711792, 338.34954834, 338.906829834, 339.452514648, 339.986572266, 340.497406006, 341.008239746, 341.519073486, 342.041534424, 342.563995361, 343.098052979, 343.632110596, 344.177764893, 344.723449707, 345.153015137, 345.559356689, 345.954101562, 346.360443115, 346.755187988, 347.138305664, 347.533050537, 347.92779541, 348.322540283, 348.717285156, 349.111999512, 349.529968262, 349.947937012, 350.377502441, 350.818664551, 351.259857178, 351.701049805, 352.142211914, 352.595001221, 353.047790527, 353.500579834, 353.953369141, 354.406158447, 354.858947754, 355.311737061], "beats_loudness": {"dmean2": 0.0167941730469, "median": 0.0252208374441, "min": 3.5569036605e-09, "dvar2": 0.000205655596801, "dvar": 6.32158844383e-05, "dmean": 0.00955694913864, "max": 0.0831963196397, "var": 0.000218335262616, "mean": 0.0271074865013}, "danceability": 1.04977059364, "bpm_histogram_second_peak_weight": {"dmean2": 0, "median": 0.0214669052511, "min": 0.0214669052511, "dvar2": 0, "dvar": 0, "dmean": 0, "max": 0.0214669052511, "var": 0, "mean": 0.0214669052511}, "beats_count": 560, "bpm_histogram_second_peak_bpm": {"dmean2": 0, "median": 123, "min": 123, "dvar2": 0, "dvar": 0, "dmean": 0, "max": 123, "var": 0, "mean": 123}, "bpm_histogram_first_peak_spread": {"dmean2": 0, "median": 0.154786169529, "min": 0.154786169529, "dvar2": 0, "dvar": 0, "dmean": 0, "max": 0.154786169529, "var": 0, "mean": 0.154786169529}, "beats_loudness_band_ratio": {"dmean2": [0.353950023651, 0.192186504602, 0.147800698876, 0.0834963098168, 0.0760254487395, 0.28707164526], "median": [0.398624479771, 0.14459452033, 0.0871036201715, 0.0605447888374, 0.0676913708448, 0.158740207553], "min": [0.0141330091283, 0.000721289485227, 0.00478671537712, 0.000172070765984, 2.25861531362e-05, 4.1173898353e-05], "dvar2": [0.0685647502542, 0.03319683671, 0.0235556550324, 0.0115185966715, 0.00528699113056, 0.0287959501147], "dvar": [0.0217217486352, 0.0126985097304, 0.0085677606985, 0.00444953143597, 0.00188135204371, 0.00895729381591], "dmean": [0.195797041059, 0.112097017467, 0.085715636611, 0.0499110147357, 0.0428785979748, 0.148649096489], "max": [0.906468808651, 0.903927564621, 0.594775438309, 0.49607899785, 0.359665095806, 0.922992885113], "var": [0.0375872477889, 0.0193222276866, 0.0111912600696, 0.00548687716946, 0.00332976691425, 0.0145690217614], "mean": [0.416086494923, 0.185207128525, 0.1237436831, 0.079162068665, 0.0756313875318, 0.178550258279]}}, "lowlevel": {"barkbands_spread": {"dmean2": 12.4085683823, "median": 34.3784179688, "min": 2.12975978851, "dvar2": 195.851654053, "dvar": 86.0236587524, "dmean": 8.29612445831, "max": 139.759017944, "var": 298.061798096, "mean": 34.9150886536}, "melbands_spread": {"dmean2": 13.8352880478, "median": 27.8301963806, "min": 1.40344834328, "dvar2": 325.359832764, "dvar": 140.983123779, "dmean": 8.74036884308, "max": 228.376602173, "var": 533.300048828, "mean": 31.135931015}, "hfc": {"dmean2": 16.8094539642, "median": 23.7572193146, "min": 1.16348577984e-16, "dvar2": 899.96697998, "dvar": 406.957458496, "dmean": 11.6385402679, "max": 474.231170654, "var": 1134.95251465, "mean": 33.2719573975}, "barkbands_kurtosis": {"dmean2": 3.63137483597, "median": 0.564433574677, "min": -1.97249376774, "dvar2": 48.1429672241, "dvar": 18.4973087311, "dmean": 2.2537946701, "max": 108.121383667, "var": 45.9727287292, "mean": 3.21008992195}, "gfcc": {"mean": [36.1604728699, 49.5010185242, -86.9814147949, 26.2669906616, -48.8753433228, 10.4069662094, -35.2817077637, 4.08260774612, -24.1755485535, 0.165652737021, -17.2455062866, 1.97320711613, -13.819188118], "icov": [[0.000139248106279, 0.000145994970808, 0.000231918238569, -0.000140872100019, 4.60927512904e-05, -0.000321314844768, 0.000304069137201, -0.000241231973632, 9.85797232715e-05, -0.000265496084467, 0.000544392794836, -0.000616744568106, 0.000151848886162], [0.000145994970808, 0.00127052259631, 0.000327730085701, 0.00022675107175, -0.000133062465466, -0.000429661129601, 0.000479602720588, -0.000619629980065, 1.12661773528e-05, -0.000141716242069, -5.6393128034e-05, 1.86663928616e-05, 3.71150963474e-05], [0.000231918238569, 0.000327730085701, 0.0022747667972, 0.000231362238992, -0.000445409357781, -0.000292705837637, -0.00104225706309, 0.00116792274639, -0.00178488530219, -0.000575722369831, 0.00111683714204, -0.000873085693456, 0.00101516954601], [-0.000140872100019, 0.00022675107175, 0.000231362238992, 0.00523771252483, -0.000656534801237, -0.00183836021461, 0.0011782492511, -0.000428272527643, 4.05713617511e-05, 0.000238793669268, -0.00109994458035, 0.00108400534373, -0.00132464454509], [4.60927512904e-05, -0.000133062465466, -0.000445409357781, -0.000656534801237, 0.00586134055629, -0.000417670060415, -0.000342243904015, -0.00251228734851, 0.00177936535329, -0.00109527271707, 8.79388826434e-05, -0.00119466881733, 0.000287154980469], [-0.000321314844768, -0.000429661129601, -0.000292705837637, -0.00183836021461, -0.000417670060415, 0.0114057809114, -0.00584826478735, 0.00118846958503, 0.000598097103648, -0.00093938986538, 0.00111247354653, 0.000884525710717, -0.00158419564832], [0.000304069137201, 0.000479602720588, -0.00104225706309, 0.0011782492511, -0.000342243904015, -0.00584826478735, 0.0153579562902, -0.00562032219023, -0.000821095774882, 0.000438662333181, -0.000393168011215, -0.00031411004602, -9.78839352683e-07], [-0.000241231973632, -0.000619629980065, 0.00116792274639, -0.000428272527643, -0.00251228734851, 0.00118846958503, -0.00562032219023, 0.0177751854062, -0.00702793477103, 0.000263761729002, 0.0014286179794, 0.00136562320404, -0.000505633011926], [9.85797232715e-05, 1.12661773528e-05, -0.00178488530219, 4.05713617511e-05, 0.00177936535329, 0.000598097103648, -0.000821095774882, -0.00702793477103, 0.0175599865615, -0.00614395784214, -0.000731061038096, 0.000696736155078, -0.00154579838272], [-0.000265496084467, -0.000141716242069, -0.000575722369831, 0.000238793669268, -0.00109527271707, -0.00093938986538, 0.000438662333181, 0.000263761729002, -0.00614395784214, 0.0232384316623, -0.0105648683384, 0.0045474297367, -0.000547505391296], [0.000544392794836, -5.6393128034e-05, 0.00111683714204, -0.00109994458035, 8.79388826434e-05, 0.00111247354653, -0.000393168011215, 0.0014286179794, -0.000731061038096, -0.0105648683384, 0.0265652444214, -0.0151756573468, 0.0037867652718], [-0.000616744568106, 1.86663928616e-05, -0.000873085693456, 0.00108400534373, -0.00119466881733, 0.000884525710717, -0.00031411004602, 0.00136562320404, 0.000696736155078, 0.0045474297367, -0.0151756573468, 0.0318176224828, -0.0137284230441], [0.000151848886162, 3.71150963474e-05, 0.00101516954601, -0.00132464454509, 0.000287154980469, -0.00158419564832, -9.78839352683e-07, -0.000505633011926, -0.00154579838272, -0.000547505391296, 0.0037867652718, -0.0137284230441, 0.0264487359673]], "cov": [[14806.5644531, -1164.85754395, -1680.72277832, 660.210632324, -58.1546134949, 305.817749023, -297.363464355, 59.8027458191, -269.666687012, -52.8207244873, -162.004623413, 201.797515869, 145.368896484], [-1164.85754395, 950.909545898, -14.5984334946, -65.5288619995, 27.657831192, -8.24778079987, 6.75626134872, 30.2734603882, 18.5924015045, 9.59592628479, 17.6168136597, -18.2172412872, -8.2763299942], [-1680.72277832, -14.5984334946, 763.42175293, -98.966835022, 38.6125946045, 2.10230731964, 98.3855133057, -1.0163718462, 97.5748062134, 33.342666626, 6.74556398392, -23.1036128998, -31.4627304077], [660.210632324, -65.5288619995, -98.966835022, 242.818206787, 24.6582431793, 47.6785812378, -15.0186243057, 8.77088356018, -14.124997139, 0.451652556658, 0.301343053579, 9.56141090393, 19.120092392], [-58.1546134949, 27.657831192, 38.6125946045, 24.6582431793, 197.060424805, 21.379032135, 25.4389896393, 32.2852401733, 1.80636966228, 11.3842372894, 6.04181003571, 7.28320932388, 3.06379914284], [305.817749023, -8.24778079987, 2.10230731964, 47.6785812378, 21.379032135, 128.834869385, 45.6910209656, 15.5619525909, 2.36381149292, 4.76269197464, -9.12043857574, 0.714948356152, 10.2605495453], [-297.363464355, 6.75626134872, 98.3855133057, -15.0186243057, 25.4389896393, 45.6910209656, 111.768440247, 37.8912773132, 31.4185180664, 9.33753108978, 0.554508805275, -5.35604429245, -0.471572458744], [59.8027458191, 30.2734603882, -1.0163718462, 8.77088356018, 32.2852401733, 15.5619525909, 37.8912773132, 89.1389846802, 37.0379180908, 10.2561616898, -3.72905397415, -4.67791891098, 2.86235165596], [-269.666687012, 18.5924015045, 97.5748062134, -14.124997139, 1.80636966228, 2.36381149292, 31.4185180664, 37.0379180908, 95.6097106934, 30.046497345, 11.3988809586, -4.17303276062, 0.312575995922], [-52.8207244873, 9.59592628479, 33.342666626, 0.451652556658, 11.3842372894, 4.76269197464, 9.33753108978, 10.2561616898, 30.046497345, 63.2599945068, 26.6989173889, 2.91562843323, 0.147110462189], [-162.004623413, 17.6168136597, 6.74556398392, 0.301343053579, 6.04181003571, -9.12043857574, 0.554508805275, -3.72905397415, 11.3988809586, 26.6989173889, 67.681388855, 28.6343288422, 6.36998271942], [201.797515869, -18.2172412872, -23.1036128998, 9.56141090393, 7.28320932388, 0.714948356152, -5.35604429245, -4.67791891098, -4.17303276062, 2.91562843323, 28.6343288422, 59.6916694641, 26.8069629669], [145.368896484, -8.2763299942, -31.4627304077, 19.120092392, 3.06379914284, 10.2605495453, -0.471572458744, 2.86235165596, 0.312575995922, 0.147110462189, 6.36998271942, 26.8069629669, 52.8109016418]]}, "spectral_energyband_middle_low": {"dmean2": 0.00632179062814, "median": 0.00899789761752, "min": 3.46791584306e-22, "dvar2": 7.22083786968e-05, "dvar": 2.73699643003e-05, "dmean": 0.00382284191437, "max": 0.0634802058339, "var": 6.17238692939e-05, "mean": 0.0105645470321}, "melbands_crest": {"dmean2": 5.04264307022, "median": 12.5396795273, "min": 1.74056494236, "dvar2": 21.941324234, "dvar": 8.0476140976, "dmean": 3.02470827103, "max": 31.2649021149, "var": 24.7760639191, "mean": 13.514377594}, "spectral_kurtosis": {"dmean2": 1.22177577019, "median": 2.9295167923, "min": -1.20732438564, "dvar2": 4.86016893387, "dvar": 1.66475331783, "dmean": 0.793404102325, "max": 86.8907394409, "var": 29.9300308228, "mean": 3.63722538948}, "spectral_rms": {"dmean2": 0.001178604085, "median": 0.00478949816898, "min": 3.21865212434e-12, "dvar2": 2.66331380772e-06, "dvar": 9.8558098216e-07, "dmean": 0.000714119058102, "max": 0.0112715940922, "var": 3.09053530145e-06, "mean": 0.00471543520689}, "zerocrossingrate": {"dmean2": 0.0195476487279, "median": 0.08935546875, "min": 0.0078125, "dvar2": 0.000349531241227, "dvar": 0.000280778942397, "dmean": 0.0170653276145, "max": 0.77294921875, "var": 0.00315521820448, "mean": 0.0957956090569}, "silence_rate_60dB": {"dmean2": 0.0237365495414, "median": 0, "min": 0, "dvar2": 0.0256475619972, "dvar": 0.011723279953, "dmean": 0.0118675008416, "max": 1, "var": 0.0571280382574, "mean": 0.0608332790434}, "erbbands_kurtosis": {"dmean2": 0.946420609951, "median": -0.409072160721, "min": -1.73832535744, "dvar2": 2.02341532707, "dvar": 0.985331058502, "dmean": 0.621876895428, "max": 58.6640205383, "var": 13.9012842178, "mean": 0.302200108767}, "erbbands": {"dmean2": [0.0913387015462, 1.37977862358, 4.99886369705, 6.17212200165, 8.74260234833, 7.87353372574, 13.3156661987, 17.6308689117, 21.2357387543, 12.749420166, 12.8164348602, 21.0054168701, 23.6806259155, 16.3896350861, 13.6524620056, 25.9420166016, 14.5107240677, 18.5942173004, 21.3220825195, 18.0613441467, 27.3240375519, 24.9018764496, 21.848613739, 14.6271619797, 17.8335113525, 13.1442642212, 15.2278966904, 12.639538765, 14.2986478806, 12.0051822662, 9.27014350891, 6.53760051727, 4.34069490433, 2.6555056572, 1.64767944813, 0.993926286697, 0.395858705044, 0.120540603995, 0.0225236937404, 0.00118371669669], "median": [0.0435285493731, 0.613103747368, 2.28339743614, 3.88378572464, 5.31342744827, 5.95725154877, 6.66532516479, 7.68911600113, 10.7275590897, 6.18433952332, 6.22806167603, 9.24373912811, 9.40217113495, 8.98593997955, 11.5209884644, 14.722114563, 11.1842308044, 12.5981731415, 13.1638469696, 13.0648937225, 15.2768478394, 19.2449817657, 16.5044498444, 13.1360216141, 13.6521139145, 10.8572540283, 10.8145866394, 7.71810817719, 7.09987783432, 5.21482563019, 4.59200382233, 3.69466257095, 2.70125842094, 1.50696539879, 0.794080972672, 0.391429722309, 0.154981330037, 0.0430383831263, 0.00668030278757, 0.000330614391714], "min": [5.71957326309e-22, 7.79400430862e-21, 2.77005080309e-20, 2.12784409293e-20, 1.02555616565e-19, 2.43962626958e-19, 5.87416004752e-19, 3.48936292786e-19, 7.28000364638e-19, 1.35454557958e-18, 4.78646251996e-19, 1.60060327408e-18, 2.92254118712e-18, 4.02888615743e-18, 4.30547798347e-18, 3.51978833685e-18, 6.85558523569e-18, 2.43096553347e-18, 2.30987518398e-18, 1.11027027318e-17, 1.60924580188e-17, 1.09241781305e-17, 9.68224088698e-18, 1.4341060236e-17, 1.57404215306e-17, 1.51060534101e-17, 1.19220507712e-17, 1.35719336404e-17, 1.73859451581e-17, 2.64263129149e-17, 1.40932749748e-17, 1.33553678299e-17, 1.5510088126e-17, 1.15645060873e-17, 9.789006743e-18, 5.24751758716e-18, 2.95409502556e-18, 1.09531337946e-18, 3.46693444254e-19, 3.85371556667e-20], "dvar2": [0.0479602925479, 11.5938415527, 122.27318573, 84.8830490112, 170.156311035, 140.612884521, 718.29486084, 1462.60864258, 1890.7097168, 1000.10064697, 1433.43566895, 2970.88964844, 5281.91455078, 3355.18920898, 789.127624512, 2840.19726562, 815.905456543, 1999.44506836, 2431.8659668, 1176.30163574, 4862.90625, 1797.27929688, 1310.56079102, 545.509338379, 935.867675781, 555.819458008, 978.009338379, 850.482666016, 1306.17163086, 1169.86767578, 582.282409668, 238.771987915, 96.1779785156, 29.8454818726, 11.8612318039, 5.21804666519, 0.582363903522, 0.0492057800293, 0.00221044942737, 7.45810802982e-06], "dvar": [0.0174153689295, 4.01287984848, 42.0879440308, 28.9553222656, 61.6591644287, 55.7818145752, 298.098632812, 583.50958252, 738.710083008, 439.262786865, 601.076293945, 1341.34301758, 2431.46337891, 1458.97595215, 302.796081543, 1223.73693848, 350.128753662, 892.140930176, 967.459106445, 497.929077148, 1784.51257324, 686.931335449, 522.244995117, 213.816101074, 370.767272949, 220.369049072, 391.123901367, 362.211700439, 578.257629395, 503.029510498, 259.398925781, 109.304420471, 41.1782035828, 12.9745054245, 5.28607225418, 2.34041261673, 0.251146733761, 0.0209028143436, 0.000918174395338, 3.00782471641e-06], "dmean": [0.0525731481612, 0.764287471771, 2.79116415977, 3.50201773643, 5.07784318924, 4.79731941223, 8.25365924835, 10.6262969971, 13.0489387512, 7.97806024551, 8.10484313965, 13.8788709641, 15.7124671936, 10.6717824936, 8.58426570892, 17.0188694, 9.28042602539, 11.9230289459, 13.4642486572, 11.2695951462, 16.6689434052, 15.2282619476, 13.4379663467, 8.99988555908, 11.0386400223, 8.1763381958, 9.4220905304, 8.1504240036, 9.40061759949, 7.84235811234, 6.13757753372, 4.39083957672, 2.91612625122, 1.78200292587, 1.11056005955, 0.674940228462, 0.262855052948, 0.0792101174593, 0.0145962815732, 0.000759876449592], "max": [1.6283904314, 19.1773605347, 60.8152503967, 73.6066589355, 96.9151229858, 203.94418335, 431.935028076, 549.533874512, 481.254394531, 526.568481445, 759.023193359, 1022.01873779, 1395.78588867, 1985.79223633, 615.156921387, 961.89239502, 685.52557373, 807.582336426, 1315.42089844, 588.047180176, 1254.66491699, 660.074707031, 682.617370605, 319.645812988, 752.855651855, 382.77557373, 581.917236328, 470.236480713, 940.790893555, 824.420898438, 720.815185547, 373.833557129, 255.50289917, 98.8696517944, 63.5522842407, 32.1471748352, 8.53264522552, 2.03215527534, 0.542415142059, 0.0355574451387], "var": [0.0159533880651, 2.92684006691, 31.4783840179, 31.2888660431, 69.9662094116, 125.598243713, 591.30480957, 955.052734375, 1410.32043457, 801.692504883, 1926.3293457, 4200.86914062, 7253.28076172, 6618.03466797, 608.301879883, 3060.94775391, 789.972290039, 1992.09094238, 1773.65783691, 1275.69873047, 6756.29248047, 1871.33605957, 1497.67858887, 567.798706055, 847.705810547, 539.994018555, 764.197021484, 620.937194824, 1001.83740234, 854.229064941, 479.347106934, 225.260009766, 75.2532272339, 24.9036922455, 7.81585502625, 3.06005096436, 0.324951678514, 0.026127114892, 0.00102893973235, 3.13619761982e-06], "mean": [0.0818551629782, 1.09559512138, 3.86962676048, 5.47810459137, 7.68477106094, 9.41754150391, 14.3266372681, 17.4027500153, 23.545375824, 13.8339071274, 15.8465833664, 27.6009712219, 31.4135856628, 22.4765090942, 18.4287147522, 33.9851646423, 19.7587585449, 23.8095016479, 25.5147705078, 24.2273387909, 37.9200439453, 34.06199646, 30.4190597534, 20.7983112335, 23.10795784, 18.0552139282, 18.9636974335, 15.2454519272, 16.8362560272, 13.3412322998, 10.8913536072, 8.01459121704, 5.3631901741, 3.15401220322, 1.70266640186, 0.919076025486, 0.350921303034, 0.101130001247, 0.0174068808556, 0.000892774143722]}, "spectral_strongpeak": {"dmean2": 0.741839468479, "median": 0.357965230942, "min": 6.59194587804e-10, "dvar2": 1.93245017529, "dvar": 0.735165894032, "dmean": 0.431355804205, "max": 11.4802265167, "var": 1.34378015995, "mean": 0.769074261189}, "spectral_energy": {"dmean2": 0.0140223074704, "median": 0.0235127750784, "min": 1.06187154328e-20, "dvar2": 0.000529372133315, "dvar": 0.000190849998035, "dmean": 0.00823391694576, "max": 0.130225047469, "var": 0.000299476872897, "mean": 0.0259590093046}, "average_loudness": 0.894855380058, "spectral_rolloff": {"dmean2": 1412.41760254, "median": 1894.921875, "min": 107.666015625, "dvar2": 4266847, "dvar": 1841010.625, "dmean": 878.918273926, "max": 19143.0175781, "var": 4959400, "mean": 2324.18164062}, "spectral_centroid": {"dmean2": 414.137420654, "median": 1661.99279785, "min": 232.081573486, "dvar2": 186959.5625, "dvar": 89915.234375, "dmean": 269.888641357, "max": 11391.1738281, "var": 510085.9375, "mean": 1617.20654297}, "pitch_salience": {"dmean2": 0.106767855585, "median": 0.573607385159, "min": 0.127116799355, "dvar2": 0.0111014349386, "dvar": 0.0040005678311, "dmean": 0.0646893829107, "max": 0.869938313961, "var": 0.0107133155689, "mean": 0.566037297249}, "spectral_energyband_middle_high": {"dmean2": 0.00216017803177, "median": 0.00398646853864, "min": 1.69666355667e-21, "dvar2": 1.18914958875e-05, "dvar": 4.88150999445e-06, "dmean": 0.0013864900684, "max": 0.0588950663805, "var": 3.08066410071e-05, "mean": 0.00547303259373}, "spectral_contrast_coeffs": {"dmean2": [0.0810596719384, 0.0706503242254, 0.053413707763, 0.0438940711319, 0.0330723486841, 0.0279249865562], "median": [-0.644750475883, -0.730381608009, -0.778620839119, -0.78672593832, -0.79129076004, -0.774590075016], "min": [-0.954220116138, -0.962847232819, -0.960388362408, -0.958046495914, -0.955542206764, -0.960655450821], "dvar2": [0.00433925073594, 0.00337983411737, 0.00189329648856, 0.00124411890283, 0.000706725579221, 0.000636936281808], "dvar": [0.00153248605784, 0.00133124203421, 0.000763037649449, 0.000497119617648, 0.00029371806886, 0.000274220656138], "dmean": [0.0481985770166, 0.0437279604375, 0.0334438346326, 0.0272387024015, 0.0206217169762, 0.0177105925977], "max": [-0.374196141958, -0.370959252119, -0.487783163786, -0.590600132942, -0.598732531071, -0.565677940845], "var": [0.0042625842616, 0.00544007960707, 0.00326037057675, 0.00192418170627, 0.00144548749086, 0.0014432274038], "mean": [-0.640971839428, -0.723197162151, -0.77067553997, -0.784000277519, -0.791242301464, -0.775767505169]}, "melbands_skewness": {"dmean2": 1.14540493488, "median": 2.53263306618, "min": -0.929371356964, "dvar2": 2.24564218521, "dvar": 0.850698471069, "dmean": 0.703097224236, "max": 13.1425170898, "var": 2.64646410942, "mean": 2.9384663105}, "spectral_spread": {"dmean2": 1009036.625, "median": 6043807, "min": 1136316.75, "dvar2": 1193302556670.0, "dvar": 636125708288, "dmean": 730701.4375, "max": 41541380, "var": 2991707127810.0, "mean": 6275483.5}, "dissonance": {"dmean2": 0.0201855786145, "median": 0.480210393667, "min": 0.178977712989, "dvar2": 0.000452564330772, "dvar": 0.00017398968339, "dmean": 0.0121853528544, "max": 0.500000119209, "var": 0.00133544614073, "mean": 0.470480620861}, "spectral_skewness": {"dmean2": 0.211551681161, "median": 1.38890755177, "min": -0.183750897646, "dvar2": 0.0536572784185, "dvar": 0.0245870556682, "dmean": 0.142493486404, "max": 7.95268964767, "var": 0.357018619776, "mean": 1.45627474785}, "spectral_flux": {"dmean2": 0.0344437435269, "median": 0.0730440765619, "min": 1.03047154143e-10, "dvar2": 0.00160809908994, "dvar"