{"tonal": {"thpcp": [1, 0.745751261711, 0.453747242689, 0.334401220083, 0.329609870911, 0.419765353203, 0.430031955242, 0.305999666452, 0.204610958695, 0.178848490119, 0.314822763205, 0.873002409935, 0.958345592022, 0.446147531271, 0.252609282732, 0.244282543659, 0.277900099754, 0.339142262936, 0.378605276346, 0.470214277506, 0.798591792583, 0.897894859314, 0.557292222977, 0.360323488712, 0.337118953466, 0.577062308788, 0.997550487518, 0.803100764751, 0.344390362501, 0.227198272943, 0.223115295172, 0.273164242506, 0.480602800846, 0.590006768703, 0.551840126514, 0.804475009441], "hpcp": {"dmean2": [0.27429959178, 0.201185166836, 0.186682522297, 0.188075914979, 0.168483629823, 0.148535206914, 0.11476020515, 0.0935892909765, 0.134025856853, 0.197528079152, 0.208730578423, 0.160588443279, 0.112983994186, 0.112919531763, 0.133429661393, 0.163071930408, 0.205374673009, 0.250871807337, 0.29415974021, 0.294958174229, 0.254535913467, 0.188268780708, 0.171703308821, 0.231827437878, 0.299781233072, 0.246575549245, 0.149086713791, 0.108516201377, 0.107516855001, 0.137231558561, 0.205892816186, 0.25729867816, 0.280583113432, 0.301940560341, 0.303391516209, 0.326518803835], "median": [0.0539456009865, 0.0410759784281, 0.043315730989, 0.0534917339683, 0.0501367747784, 0.0388955250382, 0.0285587534308, 0.0252188295126, 0.0514548495412, 0.134738996625, 0.153770059347, 0.0743040144444, 0.0395261794329, 0.0371946245432, 0.0400389060378, 0.0519946925342, 0.055713750422, 0.0672191232443, 0.108930885792, 0.121563181281, 0.0817002505064, 0.0532508231699, 0.0502447523177, 0.101248547435, 0.152633577585, 0.130299389362, 0.0613960810006, 0.0426179692149, 0.0413074716926, 0.0441217124462, 0.0730610191822, 0.0898166149855, 0.0876370072365, 0.106643475592, 0.10973495245, 0.0884717181325], "min": [0, 0, 0, 0, 0, 0, 0, 0, 0, 0, 0, 0, 0, 0, 0, 0, 0, 0, 0, 0, 0, 0, 0, 0, 0, 0, 0, 0, 0, 0, 0, 0, 0, 0, 0, 0], "dvar2": [0.149827226996, 0.105073802173, 0.0926175639033, 0.0901553332806, 0.0769363120198, 0.0695860907435, 0.0512390732765, 0.0348344109952, 0.0447364971042, 0.0674888044596, 0.0739707648754, 0.061144400388, 0.0438210405409, 0.0475050285459, 0.0640305876732, 0.081460878253, 0.108458794653, 0.131678074598, 0.138617157936, 0.145677700639, 0.12046417594, 0.0874128118157, 0.0904667302966, 0.0941912159324, 0.144976198673, 0.0935683250427, 0.0624235868454, 0.0438341759145, 0.0470105782151, 0.0685696527362, 0.0984813645482, 0.125231444836, 0.149380877614, 0.145337939262, 0.153696537018, 0.165792644024], "dvar": [0.0534110814333, 0.038637816906, 0.0335975848138, 0.0330937951803, 0.0287073906511, 0.0239574573934, 0.0178366452456, 0.0124832736328, 0.0158077813685, 0.0254041217268, 0.0282242950052, 0.0213999282569, 0.0157568790019, 0.0169752165675, 0.0226924791932, 0.0283719822764, 0.0381530858576, 0.0461570583284, 0.0539766959846, 0.0562529265881, 0.0433150716126, 0.0321496874094, 0.0320976488292, 0.0335281156003, 0.0540491789579, 0.0349962450564, 0.0220589824021, 0.0152225447819, 0.0162252672017, 0.0236441995949, 0.0360683128238, 0.0457664057612, 0.0516529493034, 0.0529062747955, 0.0608118288219, 0.0590691640973], "dmean": [0.152336299419, 0.111857876182, 0.104593098164, 0.107851967216, 0.0965686663985, 0.0839667543769, 0.0630733594298, 0.0517674796283, 0.0760074108839, 0.116614848375, 0.122706286609, 0.0920516550541, 0.0649828538299, 0.0647816210985, 0.0761332660913, 0.092618599534, 0.11396446079, 0.140824273229, 0.170656457543, 0.173319354653, 0.143603384495, 0.105556860566, 0.0961766093969, 0.131199106574, 0.169367939234, 0.142076641321, 0.0835914760828, 0.0605947449803, 0.0598266646266, 0.0765713974833, 0.117050610483, 0.145370200276, 0.15722592175, 0.174017846584, 0.172801032662, 0.183910191059], "max": [1, 1, 1, 1, 1, 1, 1, 1, 1, 1, 1, 1, 1, 1, 1, 1, 1, 1, 1, 1, 1, 1, 1, 1, 1, 1, 1, 1, 1, 1, 1, 1, 1, 1, 1, 1], "var": [0.0480881370604, 0.0317788906395, 0.028590887785, 0.0425318814814, 0.0483169667423, 0.0251929052174, 0.0134762665257, 0.0123949693516, 0.0174046754837, 0.0917218327522, 0.104908585548, 0.0293414946645, 0.0160239953548, 0.0165937747806, 0.0211392212659, 0.0268736798316, 0.0330683588982, 0.0449145622551, 0.0909816995263, 0.106663025916, 0.0516390353441, 0.0287285465747, 0.027401484549, 0.0419663973153, 0.11527030915, 0.0773748233914, 0.021126428619, 0.0109767504036, 0.011694105342, 0.0185816269368, 0.0438259877264, 0.058383077383, 0.0518520250916, 0.0906039401889, 0.137830853462, 0.084066092968], "mean": [0.143988907337, 0.106116496027, 0.104596041143, 0.133205339313, 0.136463269591, 0.0971037521958, 0.0649297833443, 0.0567545033991, 0.0999036133289, 0.277032345533, 0.304114550352, 0.141577273607, 0.080161228776, 0.0775188803673, 0.0881868377328, 0.107620984316, 0.120143897831, 0.149214446545, 0.253419429064, 0.284931540489, 0.17684713006, 0.114342480898, 0.106978923082, 0.183120831847, 0.316555559635, 0.254850268364, 0.109286375344, 0.0720974802971, 0.0708018168807, 0.0866839885712, 0.152511060238, 0.187228530645, 0.175117015839, 0.255286365747, 0.317332863808, 0.23665137589]}, "tuning_equal_tempered_deviation": 0.223956078291, "chords_changes_rate": 0.0739465132356, "key_key": "G#", "tuning_diatonic_strength": 0.534696340561, "key_scale": "major", "chords_number_rate": 0.00222852523439, "tuning_frequency": 434.193115234, "tuning_nontempered_energy_ratio": 0.921723425388, "chords_histogram": [22.5891418457, 10.2512159348, 0.729335486889, 3.38330626488, 9.03565597534, 1.17504048347, 10.8184766769, 0, 7.43517017365, 0, 0.0810372754931, 0, 0.0810372754931, 0, 0, 4.35575342178, 0.688816845417, 0.14181523025, 0, 1.39789307117, 0, 0.688816845417, 5.7131280899, 21.4343605042], "key_strength": 0.685947537422, "chords_key": "G#", "chords_strength": {"dmean2": 0.00912655238062, "median": 0.463361859322, "min": 0.238602697849, "dvar2": 6.93409601809e-05, "dvar": 5.65023183299e-05, "dmean": 0.00855216290802, "max": 0.774532735348, "var": 0.00932996161282, "mean": 0.475729256868}, "chords_scale": "major", "hpcp_entropy": {"dmean2": 1.03406274319, "median": 2.6545882225, "min": 0.0336019434035, "dvar2": 0.740295648575, "dvar": 0.270741254091, "dmean": 0.612377882004, "max": 4.60712242126, "var": 0.661605775356, "mean": 2.63017416}}, "metadata": {"audio_properties": {"equal_loudness": 0, "codec": "flac", "downmix": "mix", "analysis_sample_rate": 44100, "bit_rate": 0, "md5_encoded": "902ae8d30590e564496509ccde59fd3e", "length": 229.173339844, "replay_gain": -13.9382266998, "lossless": true}, "version": {"essentia_build_sha": "50a0fbec89d6a9cedea3d45b6611406f7e8c7b1a", "essentia": "2.1-beta1", "extractor": "music 1.0", "essentia_git_sha": "v2.1_beta1-7-ge0e83e8-dirty"}, "tags": {"title": ["Allergic (to Thoughts of Mother Earth)"], "barcode": ["724384653125"], "albumartist": ["Placebo"], "tracktotal": ["12"], "musicbrainz_recordingid": ["0ef4c974-34cc-49f5-b537-2a1112109020"], "artistsort": ["Placebo"], "mixer": ["Jake Davies"], "musicbrainz_albumartistid": ["847e8284-8582-4b0e-9c26-b042a4f49e57"], "discnumber": ["1"], "album": ["Without You I'm Nothing"], "date": ["1998-10-12"], "file_name": "06. Allergic (to Thoughts of Mother Earth).flac", "disctotal": ["1"], "originaldate": ["1998-10-09"], "musicbrainz_albumid": ["febbd996-fc2b-4811-a389-ef339c015664"], "tracknumber": ["6"], "composer": ["Placebo"], "artist": ["Placebo"], "albumartistsort": ["Placebo"], "totaldiscs": ["1"], "musicbrainz_artistid": ["847e8284-8582-4b0e-9c26-b042a4f49e57"], "totaltracks": ["12"]}}, "rhythm": {"bpm_histogram_first_peak_bpm": {"dmean2": 0, "median": 117, "min": 117, "dvar2": 0, "dvar": 0, "dmean": 0, "max": 117, "var": 0, "mean": 117}, "bpm": 117.281845093, "bpm_histogram_second_peak_spread": {"dmean2": 0, "median": 0.264705866575, "min": 0.264705866575, "dvar2": 0, "dvar": 0, "dmean": 0, "max": 0.264705866575, "var": 0, "mean": 0.264705866575}, "bpm_histogram_first_peak_weight": {"dmean2": 0, "median": 0.437923252583, "min": 0.437923252583, "dvar2": 0, "dvar": 0, "dmean": 0, "max": 0.437923252583, "var": 0, "mean": 0.437923252583}, "onset_rate": 2.6964225769, "beats_position": [0.476009070873, 0.96362811327, 1.43963718414, 1.92725622654, 2.41487526894, 2.90249419212, 3.39011335373, 3.87773227692, 4.35374164581, 4.82975053787, 5.30575942993, 5.78176879883, 6.26938772202, 6.7570066452, 7.24462556839, 7.76707458496, 8.28952407837, 8.8119726181, 9.32281208038, 9.83365058899, 10.3560991287, 10.866938591, 11.3777770996, 11.8886165619, 12.3994560242, 12.9102945328, 13.4211339951, 13.9435825348, 14.4660310745, 14.9768705368, 15.4877090454, 15.9985485077, 16.50938797, 17.0202255249, 17.5194549561, 18.0186843872, 18.5063037872, 19.0171432495, 19.5279808044, 20.0388202667, 20.549659729, 21.0604991913, 21.5713367462, 22.0821762085, 22.5930156708, 23.1038551331, 23.614692688, 24.1255321503, 24.6363716125, 25.1356010437, 25.6348285675, 26.1340579987, 26.6332874298, 27.1441268921, 27.6433563232, 28.142583847, 28.6418132782, 29.1410427094, 29.6402721405, 30.1394996643, 30.6271190643, 31.1379585266, 31.6371879578, 32.1364173889, 32.6240348816, 33.1348762512, 33.6341018677, 34.1333312988, 34.63256073, 35.1317901611, 35.6426315308, 36.1534690857, 36.6643066406, 37.1751480103, 37.6743774414, 38.1736030579, 38.6844444275, 39.1952819824, 39.6945114136, 40.1937408447, 40.7045783997, 41.2154197693, 41.7146492004, 42.2138786316, 42.7014961243, 43.2007255554, 43.6999549866, 44.2107925415, 44.7216300964, 45.2324714661, 45.7317008972, 46.2309303284, 46.718547821, 47.229385376, 47.7402267456, 48.2510643005, 48.7619056702, 49.2611312866, 49.7603607178, 50.2595901489, 50.7588195801, 51.269657135, 51.7688865662, 52.2681159973, 52.7789573669, 53.2781867981, 53.7774124146, 54.2882537842, 54.7874832153, 55.2867126465, 55.7975502014, 56.3083877563, 56.819229126, 57.3068466187, 57.794467926, 58.305305481, 58.8161430359, 59.3269844055, 59.8378219604, 60.3602714539, 60.8827209473, 61.3935585022, 61.9160079956, 62.438457489, 62.9609069824, 63.4833564758, 63.9941940308, 64.5050354004, 65.0158691406, 65.5267105103, 66.0375518799, 66.5599975586, 67.0708389282, 67.5932846069, 68.1041259766, 68.6149673462, 69.1374130249, 69.659866333, 70.1823120117, 70.7047576904, 71.2272109985, 71.7496566772, 72.2604980469, 72.7713394165, 73.2821731567, 73.7930145264, 74.303855896, 74.8146896362, 75.3255310059, 75.8363723755, 76.3472061157, 76.8580474854, 77.368888855, 77.8797302246, 78.3905639648, 78.9014053345, 79.4122467041, 79.9230804443, 80.433921814, 80.9447631836, 81.4555969238, 81.9664382935, 82.4656677246, 82.9648971558, 83.4641265869, 83.9633560181, 84.4741897583, 84.9734191895, 85.4726486206, 85.9834899902, 86.4943313599, 87.0051651001, 87.5043945312, 88.0036239624, 88.5028533936, 89.0136947632, 89.5129241943, 90.0121536255, 90.5113830566, 91.0222167969, 91.5330581665, 92.0438995361, 92.5663452148, 93.0887985229, 93.6112442017, 94.1336975098, 94.64453125, 95.1785888672, 95.7010421753, 96.223487854, 96.7459411621, 97.2683868408, 97.7908401489, 98.3132858276, 98.8473434448, 99.3697967529, 99.8922424316, 100.426300049, 100.948753357, 101.471199036, 101.993652344, 102.516098022, 103.05015564, 103.584213257, 104.106666565, 104.629112244, 105.151565552, 105.67401123, 106.196456909, 106.718910217, 107.241355896, 107.763809204, 108.286254883, 108.808708191, 109.319541931, 109.830383301, 110.34122467, 110.863670349, 111.374511719, 111.896957397, 112.407798767, 112.918640137, 113.429473877, 113.940315247, 114.451156616, 114.961990356, 115.472831726, 115.972061157, 116.471290588, 116.982131958, 117.492965698, 118.003807068, 118.514648438, 119.025482178, 119.536323547, 120.047164917, 120.557998657, 121.080451965, 121.579681396, 122.090522766, 122.578140259, 123.07736969, 123.576599121, 124.087432861, 124.598274231, 125.109115601, 125.608345032, 126.107574463, 126.618408203, 127.140861511, 127.66330719, 128.17414856, 128.696594238, 129.219039917, 129.729888916, 130.240722656, 130.751556396, 131.262405396, 131.773239136, 132.284072876, 132.806533813, 133.328979492, 133.851425171, 134.37387085, 134.884719849, 135.395553589, 135.917999268, 136.428848267, 136.951293945, 137.473739624, 137.984573364, 138.507034302, 139.017868042, 139.528701782, 140.051147461, 140.573608398, 141.096054077, 141.606887817, 142.117736816, 142.628570557, 143.151016235, 143.661849976, 144.172698975, 144.695144653, 145.205978394, 145.728439331, 146.239273071, 146.750106812, 147.260955811, 147.771789551, 148.271011353, 148.770248413, 149.281082153, 149.791931152, 150.302764893, 150.813598633, 151.324447632, 151.835281372, 152.346115112, 152.856964111, 153.367797852, 153.878631592, 154.377868652, 154.877090454, 155.376327515, 155.875549316, 156.374786377, 156.874008179, 157.384857178, 157.895690918, 158.418136597, 158.940582275, 159.463043213, 159.985488892, 160.50793457, 161.030380249, 161.552825928, 162.075286865, 162.597732544, 163.131790161, 163.65423584, 164.188293457, 164.710739136, 165.233200073, 165.755645752, 166.289703369, 166.812149048, 167.322982788, 167.845443726, 168.367889404, 168.890335083, 169.412780762, 169.923629761, 170.457687378, 170.980133057, 171.502578735, 172.025024414, 172.547485352, 173.06993103, 173.592376709, 174.114822388, 174.637283325, 175.159729004, 175.682174683, 176.193008423, 176.703857422, 177.214691162, 177.725524902, 178.24798584, 178.747207642, 179.258041382, 179.757278442, 180.256500244, 180.767349243, 181.266571045, 181.777404785, 182.288253784, 182.810699463, 183.321533203, 183.832382202, 184.354827881, 184.87727356, 185.3881073, 185.898956299, 186.409790039, 186.920639038, 187.431472778, 187.942306519, 188.453155518, 188.963989258, 189.474822998, 189.985671997, 190.496505737, 191.007339478, 191.529785156, 192.052246094, 192.563079834, 193.073913574, 193.584762573, 194.095596313, 194.606430054, 195.117279053, 195.628112793, 196.138946533, 196.649795532, 197.149017334, 197.648254395, 198.159088135, 198.669921875, 199.180770874, 199.691604614, 200.202438354, 200.701675415, 201.200897217, 201.711746216, 202.210968018, 202.710205078, 203.221038818, 203.731872559, 204.242721558, 204.753555298, 205.264389038, 205.786849976, 206.309295654, 206.866577148, 207.423858643, 207.981124878, 208.46875, 208.956375122, 209.443984985, 209.90838623, 210.372787476, 210.837188721, 211.324798584, 211.812423706, 212.300048828, 212.787658691, 213.263671875, 213.739685059, 214.215682983, 214.691696167, 215.179321289, 215.783035278, 216.386749268, 216.990478516, 217.594192505, 218.186294556, 218.778411865, 219.382125854, 219.985839844, 220.589569092, 221.193283081, 221.785385132, 222.377502441, 222.969604492, 223.57333374, 224.165435791, 224.76914978, 225.372879028, 225.988204956, 226.603530884, 227.218856812, 227.834197998, 228.461135864], "beats_loudness": {"dmean2": 0.0147356819361, "median": 0.0315281674266, "min": 1.71671192817e-08, "dvar2": 0.000166331970831, "dvar": 5.87714457652e-05, "dmean": 0.00856702402234, "max": 0.0626688376069, "var": 0.000180389441084, "mean": 0.0306282285601}, "danceability": 1.12884712219, "bpm_histogram_second_peak_weight": {"dmean2": 0, "median": 0.0564334094524, "min": 0.0564334094524, "dvar2": 0, "dvar": 0, "dmean": 0, "max": 0.0564334094524, "var": 0, "mean": 0.0564334094524}, "beats_count": 444, "bpm_histogram_second_peak_bpm": {"dmean2": 0, "median": 123, "min": 123, "dvar2": 0, "dvar": 0, "dmean": 0, "max": 123, "var": 0, "mean": 123}, "bpm_histogram_first_peak_spread": {"dmean2": 0, "median": 0.47849458456, "min": 0.47849458456, "dvar2": 0, "dvar": 0, "dmean": 0, "max": 0.47849458456, "var": 0, "mean": 0.47849458456}, "beats_loudness_band_ratio": {"dmean2": [0.275571882725, 0.121055476367, 0.0956982821226, 0.0712187439203, 0.131913840771, 0.08067882061], "median": [0.478719234467, 0.0829168260098, 0.0531474687159, 0.0569028034806, 0.179531559348, 0.0802955329418], "min": [0.00101528549567, 0.000924889405724, 0.0050373445265, 0.00460410676897, 0.00481283897534, 0.00303748459555], "dvar2": [0.0485717877746, 0.0123450420797, 0.0132086463273, 0.00735512841493, 0.0142894620076, 0.00580998044461], "dvar": [0.0158295948058, 0.00430081598461, 0.00475680083036, 0.00253617740236, 0.00493983132765, 0.00218779873103], "dmean": [0.155700311065, 0.068144954741, 0.0543401874602, 0.0406727381051, 0.0752035304904, 0.0448013618588], "max": [0.879775822163, 0.713205099106, 0.886258363724, 0.507721304893, 0.595600962639, 0.524650812149], "var": [0.0399186685681, 0.0100018372759, 0.0196274295449, 0.00345535599627, 0.0100188627839, 0.0032310988754], "mean": [0.464895963669, 0.112404257059, 0.100898742676, 0.0751852467656, 0.190705195069, 0.0852843523026]}}, "lowlevel": {"barkbands_spread": {"dmean2": 9.01554584503, "median": 38.714515686, "min": 3.4833574295, "dvar2": 85.9656677246, "dvar": 34.0089645386, "dmean": 5.61276483536, "max": 159.616638184, "var": 178.802444458, "mean": 37.7514877319}, "melbands_spread": {"dmean2": 16.0478248596, "median": 35.5375442505, "min": 4.16855955124, "dvar2": 241.685562134, "dvar": 90.4680023193, "dmean": 9.84065914154, "max": 109.981422424, "var": 343.218505859, "mean": 38.2395401001}, "hfc": {"dmean2": 8.71622276306, "median": 26.0879573822, "min": 1.09533184514e-05, "dvar2": 129.108673096, "dvar": 52.4319076538, "dmean": 5.5257601738, "max": 164.819152832, "var": 261.328643799, "mean": 27.2715816498}, "barkbands_kurtosis": {"dmean2": 1.68744158745, "median": -0.779761791229, "min": -1.95119559765, "dvar2": 6.24157142639, "dvar": 2.30469655991, "dmean": 1.00803244114, "max": 35.4218025208, "var": 4.28818655014, "mean": -0.028188413009}, "gfcc": {"mean": [9.42628574371, 88.8358840942, -133.817611694, 54.6642608643, -27.7053165436, 1.08166122437, -29.7887592316, 6.43882036209, -19.1187133789, 2.12842297554, -11.7725982666, 1.24083220959, -14.4246959686], "icov": [[0.000417566654505, -0.000327607122017, 0.000617081881501, -0.00104931020178, 0.000412043184042, -0.000923444400541, 0.000601838110015, -0.000912474410143, 0.00111343408935, -0.001218935824, 0.00157405610662, -0.0016597075155, 0.000820863177069], [-0.000327607122017, 0.00254541705362, -6.42893719487e-05, 0.000625397486147, -0.0018763996195, 0.00133332062978, -0.00100426515564, 0.00232435599901, -0.00162740971427, 0.00356628512964, -0.00295331305824, 0.00296448706649, -0.00165159394965], [0.000617081881501, -6.42893719487e-05, 0.00425417767838, -0.00155075232033, -0.00070042751031, -0.00312645873055, 0.00250490801409, -0.00282012065873, 0.00274877762422, -0.00233619171195, 0.00286123901606, -0.00277984770946, 0.00141227268614], [-0.00104931020178, 0.000625397486147, -0.00155075232033, 0.00615376327187, -0.000878014485352, 0.000480157206766, -0.00114048446994, 0.0031251963228, -0.0048895268701, 0.00490509858355, -0.00595153495669, 0.0021108428482, -0.00214602565393], [0.000412043184042, -0.0018763996195, -0.00070042751031, -0.000878014485352, 0.00884533952922, -0.00024571956601, -0.00270515540615, -0.000521900190506, 0.00352510879748, -0.0029897512868, 0.00276339286938, -0.00425400165841, 0.00192523666192], [-0.000923444400541, 0.00133332062978, -0.00312645873055, 0.000480157206766, -0.00024571956601, 0.0100294724107, -0.00214416929521, -0.000447008555057, 0.000330085429596, 0.00327200512402, -0.00342908664607, 0.00172795995604, -0.00241922144778], [0.000601838110015, -0.00100426515564, 0.00250490801409, -0.00114048446994, -0.00270515540615, -0.00214416929521, 0.0159937478602, -0.0049677779898, -0.00285805319436, 0.00350695196539, 0.00180601817556, -0.00230313977227, 0.00312690692954], [-0.000912474410143, 0.00232435599901, -0.00282012065873, 0.0031251963228, -0.000521900190506, -0.000447008555057, -0.0049677779898, 0.0186325591058, -0.00435872282833, -0.000531366618816, 0.000119408672617, 0.00350514403544, -0.00220916932449], [0.00111343408935, -0.00162740971427, 0.00274877762422, -0.0048895268701, 0.00352510879748, 0.000330085429596, -0.00285805319436, -0.00435872282833, 0.0202817209065, -0.00874551013112, 0.00157546123955, 0.00322317518294, 0.0021821972914], [-0.001218935824, 0.00356628512964, -0.00233619171195, 0.00490509858355, -0.0029897512868, 0.00327200512402, 0.00350695196539, -0.000531366618816, -0.00874551013112, 0.0301557891071, -0.0122619289905, 0.00143604259938, 0.00250879093073], [0.00157405610662, -0.00295331305824, 0.00286123901606, -0.00595153495669, 0.00276339286938, -0.00342908664607, 0.00180601817556, 0.000119408672617, 0.00157546123955, -0.0122619289905, 0.0322891213, -0.0151189379394, 0.00262067886069], [-0.0016597075155, 0.00296448706649, -0.00277984770946, 0.0021108428482, -0.00425400165841, 0.00172795995604, -0.00230313977227, 0.00350514403544, 0.00322317518294, 0.00143604259938, -0.0151189379394, 0.0332115963101, -0.0122461682186], [0.000820863177069, -0.00165159394965, 0.00141227268614, -0.00214602565393, 0.00192523666192, -0.00241922144778, 0.00312690692954, -0.00220916932449, 0.0021821972914, 0.00250879093073, 0.00262067886069, -0.0122461682186, 0.0267246160656]], "cov": [[12716.5791016, -1639.68371582, 1269.88012695, 1266.92626953, -99.0137634277, 1496.15686035, -476.65435791, 427.923370361, -715.140380859, 239.554336548, 13.8761796951, 763.550170898, 160.845306396], [-1639.68371582, 1380.09570312, -670.133728027, 24.4142208099, 106.354804993, -419.143798828, 187.421051025, -235.446334839, 217.023452759, -163.350204468, 48.8660774231, -183.113174438, -5.05539560318], [1269.88012695, -670.133728027, 855.180786133, 55.8834075928, 44.4712028503, 396.626251221, -145.582870483, 161.928314209, -216.728607178, 85.7992248535, -24.0401935577, 166.775253296, 30.4178009033], [1266.92626953, 24.4142208099, 55.8834075928, 438.122009277, -2.09384584427, 127.001495361, -12.1370134354, -17.0003204346, -3.06413388252, -16.3146972656, 55.1030311584, 71.2188720703, 35.4985809326], [-99.0137634277, 106.354804993, 44.4712028503, -2.09384584427, 167.163574219, 1.75509977341, 28.4627075195, -8.07584571838, -25.915813446, -8.06157398224, 0.796273648739, 17.5415687561, 2.04742383957], [1496.15686035, -419.143798828, 396.626251221, 127.001495361, 1.75509977341, 376.959686279, -75.4845352173, 101.896286011, -140.468566895, 39.9550971985, -1.05053019524, 125.958389282, 34.1733512878], [-476.65435791, 187.421051025, -145.582870483, -12.1370134354, 28.4627075195, -75.4845352173, 118.680488586, -15.7103834152, 61.995765686, -33.1675720215, -1.44688594341, -44.6884078979, -13.4108400345], [427.923370361, -235.446334839, 161.928314209, -17.0003204346, -8.07584571838, 101.896286011, -15.7103834152, 116.578674316, -34.7126541138, 33.1220817566, -19.5183506012, 30.0084953308, -0.945941567421], [-715.140380859, 217.023452759, -216.728607178, -3.06413388252, -25.915813446, -140.468566895, 61.995765686, -34.7126541138, 151.645553589, -12.2774133682, 10.0475273132, -79.149597168, -22.8714256287], [239.554336548, -163.350204468, 85.7992248535, -16.3146972656, -8.06157398224, 39.9550971985, -33.1675720215, 33.1220817566, -12.2774133682, 70.3920593262, 9.33392906189, 25.5750274658, -7.2824511528], [13.8761796951, 48.8660774231, -24.0401935577, 55.1030311584, 0.796273648739, -1.05053019524, -1.44688594341, -19.5183506012, 10.0475273132, 9.33392906189, 59.6992149353, 22.159318924, 9.29564189911], [763.550170898, -183.113174438, 166.775253296, 71.2188720703, 17.5415687561, 125.958389282, -44.6884078979, 30.0084953308, -79.149597168, 25.5750274658, 22.159318924, 112.452194214, 33.4029159546], [160.845306396, -5.05539560318, 30.4178009033, 35.4985809326, 2.04742383957, 34.1733512878, -13.4108400345, -0.945941567421, -22.8714256287, -7.2824511528, 9.29564189911, 33.4029159546, 54.7919540405]]}, "spectral_energyband_middle_low": {"dmean2": 0.00353266997263, "median": 0.00581872835755, "min": 1.1018457674e-10, "dvar2": 1.98716243176e-05, "dvar": 7.16279191693e-06, "dmean": 0.00212209764868, "max": 0.0478027127683, "var": 1.73141870619e-05, "mean": 0.00661869160831}, "melbands_crest": {"dmean2": 5.21479654312, "median": 14.1689214706, "min": 3.74038791656, "dvar2": 21.6341075897, "dvar": 7.73185110092, "dmean": 3.13971996307, "max": 36.4373435974, "var": 18.8119258881, "mean": 14.554848671}, "spectral_kurtosis": {"dmean2": 2.84173035622, "median": 4.46828985214, "min": -0.366935521364, "dvar2": 12.079202652, "dvar": 3.9788775444, "dmean": 1.62992060184, "max": 32.0494499207, "var": 6.66426229477, "mean": 4.96648645401}, "spectral_rms": {"dmean2": 0.00105128588621, "median": 0.00522977486253, "min": 1.18454011044e-06, "dvar2": 1.42056762797e-06, "dvar": 5.33098329925e-07, "dmean": 0.000640794401988, "max": 0.0109102027491, "var": 2.58538466369e-06, "mean": 0.00496937893331}, "zerocrossingrate": {"dmean2": 0.0107230404392, "median": 0.0712890625, "min": 0.0166015625, "dvar2": 0.000147966784425, "dvar": 0.000120027812955, "dmean": 0.00885461177677, "max": 0.7392578125, "var": 0.00125627277885, "mean": 0.0738561600447}, "silence_rate_60dB": {"dmean2": 0.00486371479928, "median": 0, "min": 0, "dvar2": 0.00565067818388, "dvar": 0.0024256980978, "dmean": 0.00243161083199, "max": 1, "var": 0.0545896068215, "mean": 0.0579475238919}, "erbbands_kurtosis": {"dmean2": 1.32287788391, "median": 0.728274464607, "min": -1.74820029736, "dvar2": 1.86608481407, "dvar": 0.719035089016, "dmean": 0.813047587872, "max": 12.1249885559, "var": 2.7016954422, "mean": 0.941916942596}, "erbbands": {"dmean2": [0.191565543413, 1.91821217537, 5.66728019714, 4.52208137512, 5.30498695374, 9.1795129776, 7.13574457169, 4.38609552383, 6.83022022247, 8.33192062378, 7.56576919556, 5.98375177383, 9.14681816101, 7.38059186935, 15.9170808792, 12.6745023727, 21.5109138489, 23.8073234558, 20.6339092255, 29.2702331543, 56.1952400208, 39.2964324951, 47.0521659851, 46.2622070312, 27.9633102417, 18.2471065521, 10.7379112244, 6.66011238098, 4.54946804047, 2.82586503029, 2.03808188438, 0.981728792191, 0.794512271881, 0.520930171013, 0.223040804267, 0.120597377419, 0.0493653304875, 0.0108288954943, 0.000831576820929, 4.21214026574e-05], "median": [0.176967978477, 1.26252746582, 3.48447394371, 3.68969678879, 3.99664664268, 5.99264431, 6.22960853577, 4.29598808289, 3.83288836479, 5.50128602982, 5.18816518784, 3.68747615814, 4.63557815552, 5.07014703751, 7.93834590912, 10.7478637695, 21.1725730896, 22.7077293396, 19.9452781677, 23.4194755554, 47.0948448181, 52.8404388428, 58.7621383667, 52.8695716858, 35.4892730713, 22.6785068512, 13.0448989868, 8.27805709839, 5.17837190628, 2.92576932907, 1.91866397858, 0.894847512245, 0.521608114243, 0.262082397938, 0.123204782605, 0.0616467632353, 0.0181433428079, 0.00358235905878, 0.000418977811933, 5.47399613424e-05], "min": [8.14568856811e-09, 2.46791422853e-08, 5.64340840725e-09, 7.12846102147e-08, 5.11291879945e-08, 1.48500429731e-08, 1.56899577775e-08, 1.3905760099e-08, 6.21180262783e-08, 1.65379162809e-07, 6.6823197642e-08, 3.68873074308e-08, 1.06321415672e-07, 1.02864554208e-07, 1.63604738646e-07, 8.49808543535e-08, 7.08235390334e-08, 2.85200414396e-08, 8.0239473732e-08, 7.67103003341e-08, 7.01088254118e-08, 1.25769361148e-07, 1.48789709442e-07, 2.30003124102e-07, 4.9522402179e-08, 5.16202831591e-08, 2.74860880722e-08, 3.46609461133e-08, 7.04437255195e-08, 4.86350124618e-08, 3.7132725339e-08, 3.73453197255e-08, 7.31752365368e-08, 5.23693124421e-08, 2.72080633579e-08, 2.13369979463e-08, 1.70494516283e-08, 1.39242866126e-08, 1.68295724023e-08, 5.60301360863e-09], "dvar2": [0.0779301300645, 7.98377037048, 61.5802841187, 38.0713577271, 57.5405578613, 179.244018555, 104.65461731, 42.1267433167, 199.092407227, 220.859588623, 396.456268311, 153.292297363, 409.045379639, 174.919311523, 1350.74682617, 561.242797852, 1093.95837402, 1645.29504395, 872.003112793, 3228.73608398, 7038.77197266, 2138.67529297, 3463.61010742, 3459.58984375, 1285.9666748, 597.424987793, 271.573242188, 108.679512024, 69.1725006104, 39.1984176636, 35.4377975464, 8.3267621994, 19.8093204498, 5.46749973297, 0.331324249506, 0.0873681455851, 0.0180773846805, 0.000949127308559, 4.27390614277e-06, 7.68771268866e-09], "dvar": [0.0284514203668, 2.85809159279, 22.180721283, 13.5017366409, 20.6709918976, 65.3950958252, 38.9937019348, 18.3877544403, 77.1844177246, 91.0189437866, 153.210540771, 66.1817169189, 182.517837524, 65.7079315186, 671.729980469, 261.310180664, 455.289703369, 633.193603516, 366.093566895, 1181.18054199, 2479.08154297, 794.016235352, 1302.97949219, 1283.52868652, 492.315093994, 228.802963257, 102.468788147, 41.2948417664, 30.5074176788, 19.7884578705, 16.2159805298, 3.56407403946, 7.92077875137, 2.47652745247, 0.156401261687, 0.0425087958574, 0.00879712123424, 0.00045621333993, 2.10708844861e-06, 3.75685837994e-09], "dmean": [0.112300753593, 1.11583530903, 3.33196759224, 2.66546797752, 3.15543699265, 5.45005989075, 4.30118370056, 2.79583239555, 4.0792298317, 5.29238462448, 4.5873260498, 3.74450516701, 5.79607868195, 4.47353792191, 10.287317276, 7.98037195206, 13.2497882843, 14.6294116974, 12.6437082291, 17.8642520905, 33.4245262146, 23.5998287201, 28.0947322845, 27.6655654907, 16.9010009766, 11.1087770462, 6.50588464737, 4.00816583633, 2.84029889107, 1.8180937767, 1.30939257145, 0.634045779705, 0.518412232399, 0.355687946081, 0.151768580079, 0.0834611207247, 0.0342195853591, 0.0075553143397, 0.000583857996389, 2.93560824502e-05], "max": [2.29387021065, 17.9977779388, 58.7728500366, 55.7352333069, 77.8796844482, 141.816421509, 124.685241699, 99.5431442261, 228.70223999, 188.930160522, 580.418945312, 233.336700439, 404.084777832, 199.078109741, 897.81072998, 483.560546875, 502.487854004, 607.792724609, 665.377746582, 832.098632812, 967.973449707, 680.241149902, 909.286560059, 910.748535156, 278.083343506, 250.537628174, 248.698059082, 102.030212402, 151.006652832, 131.398117065, 131.692642212, 94.8460235596, 168.269561768, 89.3990783691, 13.627415657, 4.47343873978, 1.33309519291, 0.34722712636, 0.0240480918437, 0.00145316310227], "var": [0.035734526813, 3.45719790459, 29.3360309601, 21.6382293701, 42.6664772034, 122.097190857, 79.0057830811, 87.1894302368, 142.974990845, 224.959350586, 173.359664917, 137.692718506, 355.352874756, 114.36139679, 2501.98144531, 824.375549316, 1030.84008789, 1795.52307129, 893.316711426, 2845.36694336, 5813.17333984, 2144.27490234, 3101.82470703, 3367.79956055, 1629.90319824, 712.14251709, 227.133743286, 88.2251052856, 71.9931716919, 48.5559654236, 27.5784492493, 6.32764863968, 11.0057430267, 4.25232028961, 0.342566311359, 0.0981934592128, 0.0180049259216, 0.00091422960395, 4.82744871988e-06, 9.14604747493e-09], "mean": [0.210813134909, 1.8130890131, 5.05712652206, 4.90729141235, 6.11101770401, 9.66692256927, 8.77334880829, 7.31852912903, 7.10167980194, 10.509595871, 8.50428295135, 7.58882331848, 10.1665725708, 8.59817790985, 20.672744751, 17.8490467072, 28.3784656525, 34.2881278992, 27.6391162872, 38.1776657104, 71.2496185303, 62.734336853, 70.7422409058, 67.8361282349, 44.7117271423, 28.6710529327, 15.8705816269, 10.0292510986, 6.7715086937, 4.33753013611, 2.94462299347, 1.50609135628, 1.05873417854, 0.683582544327, 0.300811707973, 0.162512823939, 0.0624628812075, 0.0135078048334, 0.00114659487735, 8.0299541878e-05]}, "spectral_strongpeak": {"dmean2": 0.639822483063, "median": 0.244010806084, "min": 0, "dvar2": 2.80582857132, "dvar": 1.02797794342, "dmean": 0.358731210232, "max": 18.6127567291, "var": 1.25923252106, "mean": 0.505272984505}, "spectral_energy": {"dmean2": 0.0125109218061, "median": 0.0280343107879, "min": 1.4382137703e-09, "dvar2": 0.000260842643911, "dvar": 9.66543448158e-05, "dmean": 0.00751326512545, "max": 0.12200833112, "var": 0.000202676979825, "mean": 0.0279621146619}, "average_loudness": 0.962762951851, "spectral_rolloff": {"dmean2": 820.910522461, "median": 2454.78515625, "min": 21.533203125, "dvar2": 1480404.75, "dvar": 559100.625, "dmean": 486.971099854, "max": 21705.46875, "var": 2523945.75, "mean": 2354.77172852}, "spectral_centroid": {"dmean2": 313.459716797, "median": 2232.48974609, "min": 507.63973999, "dvar2": 81134.2421875, "dvar": 33152.8046875, "dmean": 200.447525024, "max": 3593.55224609, "var": 260107.265625, "mean": 2142.90014648}, "pitch_salience": {"dmean2": 0.113249525428, "median": 0.569720745087, "min": 0.156040146947, "dvar2": 0.0109546463937, "dvar": 0.00393506651744, "dmean": 0.0674911886454, "max": 0.799193322659, "var": 0.00906371790916, "mean": 0.563964128494}, "spectral_energyband_middle_high": {"dmean2": 0.00290373549797, "median": 0.00711176963523, "min": 2.44742854455e-11, "dvar2": 1.29983636725e-05, "dvar": 5.05765592607e-06, "dmean": 0.00180163932964, "max": 0.0420932248235, "var": 2.91725136776e-05, "mean": 0.0080000879243}, "spectral_contrast_coeffs": {"dmean2": [0.0741169527173, 0.0687549114227, 0.0537751689553, 0.0462715886533, 0.0345370098948, 0.0273902490735], "median": [-0.681378483772, -0.75655990839, -0.80668848753, -0.789819896221, -0.764857947826, -0.712625861168], "min": [-0.929020881653, -0.942444443703, -0.950991511345, -0.94392067194, -0.939511120319, -0.92855489254], "dvar2": [0.00365130812861, 0.00297890603542, 0.00176753802225, 0.00132410309743, 0.000726380269043, 0.000632762850728], "dvar": [0.00126867683139, 0.0010891999118, 0.000668172026053, 0.000477767491248, 0.000263180059846, 0.00027885887539], "dmean": [0.0439007282257, 0.0412425138056, 0.0324465222657, 0.0276592560112, 0.0207445323467, 0.0173980928957], "max": [-0.467194736004, -0.420748114586, -0.552203178406, -0.617753267288, -0.6637570858, -0.593114376068], "var": [0.00332849822007, 0.00514730624855, 0.00283445022069, 0.00165331026074, 0.000973255606368, 0.00265209749341], "mean": [-0.67934179306, -0.746266543865, -0.799005687237, -0.786335885525, -0.764996647835, -0.712102353573]}, "melbands_skewness": {"dmean2": 1.01927566528, "median": 2.26195526123, "min": -0.573768913746, "dvar2": 1.02791762352, "dvar": 0.378432422876, "dmean": 0.621474027634, "max": 8.23145198822, "var": 1.2676101923, "mean": 2.40642166138}, "spectral_spread": {"dmean2": 467081.375, "median": 3287561.25, "min": 1348053.5, "dvar2": 325562695680, "dvar": 183171055616, "dmean": 316671.78125, "max": 16374654, "var": 1473476034560.0, "mean": 3435485.75}, "dissonance": {"dmean2": 0.0101724872366, "median": 0.490441948175, "min": 0.380662441254, "dvar2": 0.000118530500913, "dvar": 4.37211310782e-05, "dmean": 0.00605717347935, "max": 0.500000178814, "var": 0.000146664795466, "mean": 0.487190037966}, "spectral_skewness": {"dmean2": 0.33622571826, "median": 1.15006434917, "min": 0.127226918936, "dvar2": 0.120628558099, "dvar": 0.0431775040925, "dmean": 0.200720667839, "max": 3.53485751152, "var": 0.158868610859, "mean": 1.20357692242}, "spectral_flux": {"dmean2": 0.0266221556813, "median": 0.082052603364, "min": 4.67008758278e-05, "dvar2": 0.000787391560152, "dvar": 0.000395430368371, "dmean": 0.0173323340714, "max": 0.269269138575, "var": 0.00143365212716, "mean": 0.0814284011722}, "spectral_contrast_valleys": {"dmean2": [0.541904747486, 0.535006403923, 0.453383922577, 0.359554171562, 0.307876586914, 0.287147164345], "median": [-6.54625558853, -6.76982593536, -7.21690034866, -6.92192602158, -6.54221963882, -9.87164211273], "min": [-16.2993068695, -16.2557449341, -16.2571697235, -16.5208930969, -16.5088119507, -17.8932151794], "dvar2": [0.192077770829, 0.181661397219, 0.133920654655, 0.0789555236697, 0.0821764990687, 0.122765734792], "dvar": [0.0682635754347, 0.0652163252234, 0.0498033314943, 0.0307444185019, 0.036955319345, 0.0683161616325], "dmean": [0.322301715612, 0.315621227026, 0.271844059229, 0.219216421247, 0.196732237935, 0.203212544322], "max": [-5.31968688965, -5.30564689636, -5.70073318481, -5.7707657814, -5.37658691406, -7.47787809372], "var": [1.83356881142, 1.16394722462, 1.17049252987, 1.04001271725, 1.30063414574, 2.54737067223], "mean": [-6.92160511017, -7.01428985596, -7.45999097824, -7.13791561127, -6.80601787567, -10.4817447662]}, "erbbands_flatness_db": {"dmean2": 0.0172494221479, "median": 0.146168515086, "min": 0.0228500440717, "dvar2": 0.000244456488872, "dvar": 0.000116119692393, "dmean": 0.0111648906022, "max": 0.394696086645, "var": 0.00264677824453, "mean": 0.159173741937}, "spectral_energyband_high": {"dmean2": 0.000491140643135, "median": 0.000885568792, "min": 1.86072143804e-10, "dvar2": 7.03814464487e-07, "dvar": 3.02216733417e-07, "dmean": 0.000318187027005, "max": 0.0188312921673, "var": 8.93601395546e-07, "mean": 0.000993741094135}, "spectral_entropy": {"dmean2": 0.120220445096, "median": 7.78700065613, "min": 6.36551475525, "dvar2": 0.0123736150563, "dvar": 0.00611474690959, "dmean": 0.0786012485623, "max": 8.83660888672, "var": 0.0882720574737, "mean": 7.72171974182}, "silence_rate_20dB": {"dmean2": 0, "median": 1, "min": 1, "dvar2": 0, "dvar": 0, "dmean": 0, "max": 1, "var": 0, "mean": 1}, "melbands_flatness_db": {"dmean2": 0.0371855832636, "median": 0.174047932029, "min": 0.0524882599711, "dvar2": 0.00119705114048, "dvar": 0.000450318097137, "dmean": 0.0232215654105, "max": 0.37016454339, "var": 0.00258711189963, "mean": 0.177990153432}, "barkbands": {"dmean2": [0.000462730036816, 0.0076221623458, 0.00488778622821, 0.00157152651809, 0.00222470518202, 0.000559920445085, 0.000469732854981, 0.000461334944703, 0.000269184820354, 0.000279105064692, 0.000360428239219, 0.000291223142995, 0.000498204899486, 0.000478252739413, 0.000432109023677, 0.00111407914665, 0.000837300729472, 0.000886448950041, 0.00073344388511, 0.00038730216329, 0.000203974734177, 0.000117663868878, 7.29506500647e-05, 4.41300289822e-05, 3.70715497411e-05, 2.63378024101e-05, 5.2416521612e-06], "median": [0.000287586124614, 0.00599328847602, 0.00257335067727, 0.00105355051346, 0.00174733577296, 0.000602866115514, 0.000261571491137, 0.000285632238956, 0.000152893728227, 0.000152172186063, 0.000164575467352, 0.000221446243813, 0.000445400073659, 0.00040095159784, 0.000339897698723, 0.000739765644539, 0.000938501383644, 0.00107126031071, 0.000872477015946, 0.000459648610558, 0.000255996215856, 0.000132899498567, 7.19496019883e-05, 3.65866580978e-05, 2.02302308026e-05, 1.18289826787e-05, 2.19492289943e-06], "min": [2.6589175306e-11, 1.70920694265e-10, 3.3953783795e-12, 2.77435782681e-11, 4.71804453145e-12, 1.14232462465e-12, 5.03046909683e-12, 3.66378715561e-12, 1.5901082534e-12, 3.52514740488e-12, 2.18062764026e-12, 2.96575264347e-12, 1.38888347437e-12, 5.15660593652e-13, 1.97553822259e-12, 8.90251088993e-13, 2.18580839192e-12, 4.372792059e-12, 1.69773179889e-12, 1.04107098376e-12, 6.02906071422e-13, 1.80825786202e-12, 1.48702632239e-12, 3.44213741711e-12, 3.75120594309e-12, 7.62069574112e-12, 2.21478710372e-10], "dvar2": [3.67969818171e-07, 0.000123709367472, 4.73965556012e-05, 4.67564041173e-06, 9.60102261161e-06, 6.48787363389e-07, 9.22928506952e-07, 1.04211665075e-06, 3.21865030628e-07, 2.90675131964e-07, 5.96992720148e-07, 2.86916616687e-07, 5.83957159961e-07, 6.35761182366e-07, 4.7294784622e-07, 4.41973816123e-06, 1.03350350855e-06, 1.14571525955e-06, 8.51341042107e-07, 2.80415378029e-07, 8.96546765716e-08, 4.82074149488e-08, 3.79439981657e-08, 4.27839061956e-08, 1.7780170225e-08, 4.77097295004e-09, 1.79804462985e-10], "dvar": [1.42443496998e-07, 4.462067227e-05, 1.71082047018e-05, 1.6149762132e-06, 3.50842401531e-06, 2.63732346184e-07, 3.71100668417e-07, 4.11735953776e-07, 1.39791040965e-07, 1.29309015051e-07, 2.93565761922e-07, 1.2778851044e-07, 2.42479700319e-07, 2.5162890438e-07, 1.92766691498e-07, 1.54117469719e-06, 3.79990268584e-07, 4.27385913326e-07, 3.16474682904e-07, 1.06552022316e-07, 3.38046817205e-08, 2.22058034183e-08, 1.78924928207e-08, 1.73085883404e-08, 8.32062330147e-09, 2.37868147401e-09, 8.79625469685e-11], "dmean": [0.000279686762951, 0.00444017816335, 0.00286486162804, 0.000929174246266, 0.00132999848574, 0.000353863171767, 0.000283870904241, 0.000288017676212, 0.000169351988006, 0.000175184075488, 0.000231620273553, 0.000180468618055, 0.000305994559312, 0.000294549128739, 0.000263058464043, 0.000661586993374, 0.000498212059028, 0.000530714227352, 0.00044015145977, 0.000236508742091, 0.000122612633277, 7.44689168641e-05, 4.6922290494e-05, 2.86651393253e-05, 2.57224364759e-05, 1.85227345355e-05, 3.66764083992e-06], "max": [0.00453691650