{"tonal": {"thpcp": [1, 0.5746306777, 0.30198982358, 0.306667745113, 0.233927547932, 0.269055873156, 0.322176069021, 0.256362080574, 0.326649904251, 0.365550071001, 0.229919850826, 0.187965229154, 0.218233570457, 0.246553182602, 0.537203490734, 0.758750736713, 0.481865108013, 0.214582756162, 0.160443395376, 0.139622479677, 0.264146894217, 0.380866408348, 0.485528498888, 0.670564055443, 0.530711472034, 0.242285773158, 0.266773074865, 0.325066655874, 0.25911167264, 0.418016433716, 0.570355117321, 0.381518095732, 0.211092233658, 0.202244326472, 0.297426521778, 0.757251501083], "hpcp": {"dmean2": [0.274373263121, 0.287753552198, 0.272728979588, 0.189987033606, 0.154384285212, 0.143694713712, 0.142999589443, 0.157947584987, 0.151690110564, 0.154929533601, 0.160072147846, 0.149739548564, 0.139715462923, 0.15291018784, 0.183824583888, 0.242729142308, 0.258175969124, 0.241278588772, 0.156589850783, 0.117966651917, 0.115305878222, 0.140902489424, 0.169540092349, 0.241542384028, 0.342362910509, 0.231492504478, 0.135211408138, 0.131512537599, 0.132507443428, 0.148361772299, 0.195388227701, 0.21699641645, 0.223209679127, 0.168774724007, 0.165283426642, 0.219955921173], "median": [0.146594032645, 0.212087288499, 0.113012269139, 0.0249320864677, 0.0134752057493, 0.0146071035415, 0.0205780398101, 0.0227957107127, 0.0213404241949, 0.0200199186802, 0.0221454277635, 0.0142969843, 0.0117370057851, 0.0134863201529, 0.0226638950408, 0.0693673193455, 0.112955480814, 0.0680733546615, 0.0107423206791, 0.00410125497729, 0.00601555639878, 0.0220061205328, 0.0350094921887, 0.0881985723972, 0.106315746903, 0.0734843090177, 0.0174765661359, 0.0202134847641, 0.0221661645919, 0.0232026949525, 0.0276010017842, 0.0288197118789, 0.0174534581602, 0.00753424316645, 0.00791643187404, 0.0278838668019], "min": [0, 0, 0, 0, 0, 0, 0, 0, 0, 0, 0, 0, 0, 0, 0, 0, 0, 0, 0, 0, 0, 0, 0, 0, 0, 0, 0, 0, 0, 0, 0, 0, 0, 0, 0, 0], "dvar2": [0.10877006501, 0.114799238741, 0.107216723263, 0.0924689993262, 0.07557053864, 0.0648883879185, 0.0648656487465, 0.0757333189249, 0.0718327686191, 0.0743143260479, 0.0803077369928, 0.0833518654108, 0.0778593495488, 0.0926217064261, 0.101705305278, 0.113462872803, 0.119276404381, 0.111402243376, 0.081092171371, 0.0681847035885, 0.0679335519671, 0.0699822902679, 0.0814762711525, 0.0900122821331, 0.185884907842, 0.0900324508548, 0.0609251968563, 0.0611615888774, 0.0633870065212, 0.0642251297832, 0.0945146530867, 0.113183811307, 0.125640571117, 0.0935759469867, 0.096005871892, 0.112765438855], "dvar": [0.0428882166743, 0.050255972892, 0.0406106524169, 0.0334984436631, 0.0297265108675, 0.0242295451462, 0.0252299569547, 0.0296663492918, 0.0267413035035, 0.0294966474175, 0.0314342565835, 0.0308566037565, 0.028590945527, 0.0333626195788, 0.0365036018193, 0.0430689044297, 0.0492772161961, 0.0420368053019, 0.0291467960924, 0.0247975066304, 0.0242791790515, 0.0262197759002, 0.0325283594429, 0.0344654247165, 0.0703973546624, 0.0365300625563, 0.0231399517506, 0.0232800338417, 0.0245667155832, 0.0233966801316, 0.0356458164752, 0.0474804155529, 0.0461391285062, 0.03421812132, 0.0350110046566, 0.0402888655663], "dmean": [0.161600604653, 0.172198534012, 0.158255800605, 0.107389867306, 0.0893984809518, 0.0823915377259, 0.0829626396298, 0.0923248976469, 0.0867921188474, 0.0899873748422, 0.0930528566241, 0.0840136483312, 0.0776826739311, 0.0846574082971, 0.101896002889, 0.140769675374, 0.153012886643, 0.139847666025, 0.08744712919, 0.0655582919717, 0.0637908428907, 0.081655010581, 0.0999529734254, 0.140030711889, 0.195049464703, 0.133915364742, 0.0776736810803, 0.0759306252003, 0.0768199637532, 0.0850060358644, 0.113985724747, 0.128289982677, 0.126233011484, 0.0936665013433, 0.0903903096914, 0.122404441237], "max": [1, 1, 1, 1, 1, 1, 1, 1, 1, 1, 1, 1, 1, 1, 1, 1, 1, 1, 1, 1, 1, 1, 1, 1, 1, 1, 1, 1, 1, 1, 1, 1, 1, 1, 1, 1], "var": [0.093385964632, 0.138258710504, 0.0582284778357, 0.0394497998059, 0.0513467937708, 0.0284248106182, 0.0368451662362, 0.0496323034167, 0.0307284630835, 0.0522829927504, 0.0627373233438, 0.0323392823339, 0.0247078929096, 0.0313896238804, 0.0315341427922, 0.0714137777686, 0.114523947239, 0.0604732744396, 0.029644921422, 0.0265297424048, 0.018814150244, 0.0323263704777, 0.0556244142354, 0.0474606826901, 0.0945973396301, 0.0699575692415, 0.0289923250675, 0.0357359237969, 0.0539385825396, 0.0292280744761, 0.0617190375924, 0.107231684029, 0.059547573328, 0.0320953354239, 0.0322709046304, 0.0371023006737], "mean": [0.280411928892, 0.37030223012, 0.212787017226, 0.111827500165, 0.113559752703, 0.0866238921881, 0.0996319949627, 0.119302518666, 0.0949314534664, 0.120959192514, 0.13536401093, 0.0851398333907, 0.0696039423347, 0.0808123797178, 0.0912991911173, 0.198927640915, 0.280967086554, 0.178435727954, 0.0794604718685, 0.0594125464559, 0.0517025142908, 0.0978141874075, 0.141035676003, 0.179792284966, 0.24831135571, 0.196523651481, 0.0897189602256, 0.0987866595387, 0.120372906327, 0.095949627459, 0.154792413116, 0.211203768849, 0.141277000308, 0.0781679227948, 0.0748915225267, 0.110137701035]}, "tuning_equal_tempered_deviation": 0.275900483131, "chords_changes_rate": 0.0591054297984, "key_key": "D", "tuning_diatonic_strength": 0.550177276134, "key_scale": "minor", "chords_number_rate": 0.00248491298407, "tuning_frequency": 434.193115234, "tuning_nontempered_energy_ratio": 0.954850077629, "chords_histogram": [31.1501598358, 5.67980098724, 12.0695772171, 3.03514385223, 0.337238192558, 4.89882850647, 4.34859800339, 14.8029823303, 0.567980110645, 4.38409662247, 0.0177493784577, 0.141995027661, 0, 0, 0.0887468904257, 0, 1.98793041706, 0.266240686178, 2.27192044258, 0.550230741501, 1.08271205425, 4.52609157562, 5.69755077362, 2.09442663193], "key_strength": 0.772187650204, "chords_key": "D", "chords_strength": {"dmean2": 0.0100417472422, "median": 0.504733800888, "min": -1, "dvar2": 0.000748568214476, "dvar": 0.000405418250011, "dmean": 0.0103921759874, "max": 0.781497776508, "var": 0.0130086811259, "mean": 0.501195549965}, "chords_scale": "minor", "hpcp_entropy": {"dmean2": 0.991537511349, "median": 1.93665194511, "min": 0, "dvar2": 0.724427461624, "dvar": 0.277688771486, "dmean": 0.59561920166, "max": 4.38703155518, "var": 0.597252011299, "mean": 1.87722122669}}, "metadata": {"audio_properties": {"equal_loudness": 0, "codec": "flac", "downmix": "mix", "sample_rate": 44100, "analysis_sample_rate": 44100, "bit_rate": 0, "md5_encoded": "74f079ab017a86e2ec89de8d130be6ef", "length": 261.57333374, "replay_gain": -10.8499183655, "lossless": true}, "version": {"essentia_build_sha": "70f2e5ece6736b2c40cc944ad0e695b16b925413", "essentia": "2.1-beta2", "extractor": "music 1.0", "essentia_git_sha": "v2.1_beta2"}, "tags": {"title": ["Friends Again"], "musicbrainz_albumartistid": ["b215b03a-8e0b-48ca-b832-bbbd0db504f0"], "date": ["1994"], "file_name": "12.flac", "musicbrainz_recordingid": ["0ef52fa5-0a8a-495a-9563-817f386f50a7"], "asin": ["B0000568QT"], "musicbrainz_albumid": ["a20d931b-d4e2-4294-b291-1c3f3f9edc10"], "artist": ["\u77e2\u91ce\u9855\u5b50"], "tracknumber": ["12"], "artistsort": ["Yano, Akiko"], "album": ["Elephant Hotel"], "musicbrainz_artistid": ["b215b03a-8e0b-48ca-b832-bbbd0db504f0"]}}, "rhythm": {"bpm_histogram_first_peak_bpm": {"dmean2": 0, "median": 103, "min": 103, "dvar2": 0, "dvar": 0, "dmean": 0, "max": 103, "var": 0, "mean": 103}, "bpm": 102.910003662, "bpm_histogram_second_peak_spread": {"dmean2": 0, "median": 0.45454543829, "min": 0.45454543829, "dvar2": 0, "dvar": 0, "dmean": 0, "max": 0.45454543829, "var": 0, "mean": 0.45454543829}, "bpm_histogram_first_peak_weight": {"dmean2": 0, "median": 0.68988764286, "min": 0.68988764286, "dvar2": 0, "dvar": 0, "dmean": 0, "max": 0.68988764286, "var": 0, "mean": 0.68988764286}, "onset_rate": 3.18812203407, "beats_position": [0.545668900013, 1.10294783115, 1.66022670269, 2.22911548615, 2.80961441994, 3.39011335373, 3.97061228752, 4.5627207756, 5.15482997894, 5.73532867432, 6.31582736969, 6.8963265419, 7.47682523727, 8.05732440948, 8.64943313599, 9.22993183136, 9.81043052673, 10.4025392532, 10.9830379486, 11.5635375977, 12.144036293, 12.7245349884, 13.3050336838, 13.8855323792, 14.4660310745, 15.0465307236, 15.6270294189, 16.2075271606, 16.7996368408, 17.391746521, 17.9722442627, 18.5527439117, 19.1332416534, 19.7253513336, 20.3174591064, 20.8979587555, 21.4784584045, 22.0589561462, 22.6394557953, 23.219953537, 23.800453186, 24.3809528351, 24.9614505768, 25.5419502258, 26.1224479675, 26.7029476166, 27.2834453583, 27.8639450073, 28.4444446564, 29.0365524292, 29.6286621094, 30.2207698822, 30.8012695312, 31.3933773041, 31.9738769531, 32.5543746948, 33.1348762512, 33.7153739929, 34.2958717346, 34.8763694763, 35.4568710327, 36.0373687744, 36.6178665161, 37.1983680725, 37.790473938, 38.3825836182, 38.9746932983, 39.55519104, 40.124080658, 40.7045783997, 41.2850799561, 41.8655776978, 42.4460754395, 43.0265769958, 43.6070747375, 44.1991844177, 44.7912902832, 45.3717918396, 45.9522895813, 46.5443992615, 47.1365089417, 47.7170066833, 48.297504425, 48.8780021667, 49.4468917847, 50.0273895264, 50.6194992065, 51.2000007629, 51.7804985046, 52.3609962463, 52.941493988, 53.5219955444, 54.1141014099, 54.7062110901, 55.2867126465, 55.878818512, 56.4593200684, 57.0514259338, 57.6319274902, 58.2124252319, 58.7929229736, 59.37342453, 59.9655303955, 60.5576400757, 61.1381378174, 61.7186393738, 62.2991371155, 62.8796348572, 63.4601364136, 64.0406341553, 64.621131897, 65.2016296387, 65.7821273804, 66.3626327515, 66.9431304932, 67.5352401733, 68.1273422241, 68.7078475952, 69.2883453369, 69.8688430786, 70.4493408203, 71.0414505005, 71.6335601807, 72.2256698608, 72.817779541, 73.4098815918, 74.001991272, 74.5824966431, 75.1745986938, 75.8363723755, 76.5097503662, 77.1715164185, 77.8332901001, 78.4950561523, 79.1103820801, 79.7257156372, 80.3410415649, 80.9331512451, 81.5252609253, 82.105758667, 82.6978683472, 83.2783660889, 83.8472518921, 84.4277572632, 85.0082550049, 85.6003646851, 86.1924667358, 86.7729721069, 87.3534698486, 87.9339675903, 88.5260772705, 89.1181869507, 89.6986846924, 90.2791824341, 90.8596801758, 91.4401779175, 92.0322875977, 92.6127853394, 93.1932830811, 93.7737884521, 94.3542861938, 94.9347839355, 95.5152816772, 96.0957794189, 96.6762771606, 97.2567749023, 97.8372802734, 98.4293823242, 99.0098876953, 99.590385437, 100.170883179, 100.75138092, 101.343490601, 101.923988342, 102.492874146, 103.073379517, 103.665489197, 104.257591248, 104.838096619, 105.41859436, 105.999092102, 106.579589844, 107.160087585, 107.752197266, 108.344306946, 108.924804688, 109.505302429, 110.085800171, 110.666305542, 111.246803284, 111.827301025, 112.407798767, 112.988296509, 113.56879425, 114.149291992, 114.729797363, 115.310295105, 115.890792847, 116.471290588, 117.05178833, 117.632286072, 118.212783813, 118.804893494, 119.397003174, 119.989112854, 120.581222534, 121.161720276, 121.742218018, 122.322715759, 122.914825439, 123.50693512, 124.087432861, 124.667930603, 125.248435974, 125.828933716, 126.409431458, 126.989929199, 127.570426941, 128.162536621, 128.754638672, 129.335144043, 129.915649414, 130.496139526, 131.076644897, 131.65713501, 132.237640381, 132.818145752, 133.398635864, 133.979141235, 134.571243286, 135.163360596, 135.743850708, 136.324356079, 136.904846191, 137.485351562, 138.065841675, 138.646347046, 139.226852417, 139.818954468, 140.411056519, 140.99156189, 141.572067261, 142.152557373, 142.733062744, 143.313552856, 143.894058228, 144.47454834, 145.055053711, 145.635559082, 146.227661133, 146.819763184, 147.400268555, 147.980773926, 148.561264038, 149.141769409, 149.722259521, 150.314376831, 150.906478882, 151.486984253, 152.067474365, 152.636367798, 153.228485107, 153.80897522, 154.389480591, 154.969970703, 155.550476074, 156.130966187, 156.711471558, 157.291976929, 157.884078979, 158.47618103, 159.056686401, 159.637191772, 160.217681885, 160.798187256, 161.378677368, 161.970794678, 162.55128479, 163.1434021, 163.723892212, 164.304397583, 164.884887695, 165.465393066, 166.045898438, 166.62638855, 167.206893921, 167.81060791, 168.391113281, 168.971603394, 169.552108765, 170.132598877, 170.713104248, 171.305206299, 171.88571167, 172.454605103, 173.046707153, 173.638824463, 174.219314575, 174.811431885, 175.391921997, 175.984039307, 176.564529419, 177.14503479, 177.725524902, 178.306030273, 178.886520386, 179.467025757, 180.047531128, 180.62802124, 181.208526611, 181.789016724, 182.369522095, 182.950012207, 183.530517578, 184.111022949, 184.691513062, 185.272018433, 185.864120483, 186.456237793, 187.036727905, 187.617233276, 188.197723389, 188.77822876, 189.370330811, 189.96244812, 190.542938232, 191.123443604, 191.692337036, 192.272827148, 192.85333252, 193.433822632, 194.014328003, 194.606430054, 195.186935425, 195.767440796, 196.347930908, 196.940048218, 197.532150269, 198.11265564, 198.693145752, 199.273651123, 199.865753174, 200.446258545, 201.026748657, 201.618865967, 202.199356079, 202.77986145, 203.360351562, 203.940856934, 204.521362305, 205.101852417, 205.682357788, 206.2628479, 206.843353271, 207.423858643, 208.015960693, 208.608062744, 209.188568115, 209.769073486, 210.349563599, 210.93006897, 211.510559082, 212.091064453, 212.683166504, 213.275283813, 213.867385864, 214.459503174, 215.039993286, 215.620498657, 216.20098877, 216.781494141, 217.361984253, 217.942489624, 218.522994995, 219.103485107, 219.683990479, 220.264480591, 220.833374023, 221.425476074, 222.005981445, 222.586486816, 223.166976929, 223.7474823, 224.327972412, 224.908477783, 225.488967896, 226.081085205, 226.673187256, 227.265304565, 227.845794678, 228.41468811, 228.995193481, 229.575683594, 230.167800903, 230.748291016, 231.328796387, 231.920898438, 232.501403809, 233.081893921, 233.662399292, 234.242904663, 234.823394775, 235.427108765, 236.007614136, 236.611328125, 237.191833496, 237.772338867, 238.341217041, 238.910110474, 239.490600586, 240.071105957, 240.651611328, 241.243713379, 241.835830688, 242.416320801, 242.996826172, 243.577316284, 244.157821655, 244.749923706, 245.330429077, 245.922531128, 246.503036499, 247.083526611, 247.664031982, 248.244537354, 248.825027466, 249.405532837, 249.986022949, 250.56652832, 251.147018433, 251.739135742, 252.319625854, 252.911743164, 253.492233276, 254.072738647, 254.664840698, 255.256958008, 255.860671997, 256.476013184, 257.091339111, 257.706665039, 258.333587646, 258.960540771, 259.587463379, 260.214416504, 260.841369629], "beats_loudness": {"dmean2": 0.0351336747408, "median": 0.0360596850514, "min": 2.30318986105e-09, "dvar2": 0.00103591149673, "dvar": 0.000362944061635, "dmean": 0.0204256661236, "max": 0.149563372135, "var": 0.000734119152185, "mean": 0.0393404215574}, "danceability": 1.21448016167, "bpm_histogram_second_peak_weight": {"dmean2": 0, "median": 0.0134831462055, "min": 0.0134831462055, "dvar2": 0, "dvar": 0, "dmean": 0, "max": 0.0134831462055, "var": 0, "mean": 0.0134831462055}, "beats_count": 446, "bpm_histogram_second_peak_bpm": {"dmean2": 0, "median": 98, "min": 98, "dvar2": 0, "dvar": 0, "dmean": 0, "max": 98, "var": 0, "mean": 98}, "bpm_histogram_first_peak_spread": {"dmean2": 0, "median": 0.281030416489, "min": 0.281030416489, "dvar2": 0, "dvar": 0, "dmean": 0, "max": 0.281030416489, "var": 0, "mean": 0.281030416489}, "beats_loudness_band_ratio": {"dmean2": [0.412757247686, 0.299192905426, 0.233878731728, 0.125536128879, 0.0681261047721, 0.0587483681738], "median": [0.448712825775, 0.239404350519, 0.152573227882, 0.0525088272989, 0.0230269562453, 0.021653721109], "min": [0.000934018520638, 0.000109896624053, 0.00016484875232, 0.000899685081095, 0.000181603842066, 8.89048169483e-05], "dvar2": [0.0910994112492, 0.0446962490678, 0.037800040096, 0.0141868498176, 0.00479243556038, 0.00358324777335], "dvar": [0.0326781570911, 0.0148702068254, 0.0143059045076, 0.00491737853736, 0.00156244006939, 0.00203095632605], "dmean": [0.232305154204, 0.170199811459, 0.134953647852, 0.070184931159, 0.0369171351194, 0.0317910574377], "max": [0.954231619835, 0.79226899147, 0.913311004639, 0.511392295361, 0.315601468086, 0.833458304405], "var": [0.0531289950013, 0.0273547321558, 0.025237057358, 0.00726418104023, 0.00175846437924, 0.00260961009189], "mean": [0.466759026051, 0.266461730003, 0.197974279523, 0.08267506212, 0.0381456650794, 0.0335881114006]}}, "lowlevel": {"barkbands_spread": {"dmean2": 5.80272293091, "median": 11.146478653, "min": 0.428935438395, "dvar2": 69.9787139893, "dvar": 31.2839717865, "dmean": 3.74503207207, "max": 167.314376831, "var": 158.678985596, "mean": 14.2931776047}, "melbands_spread": {"dmean2": 5.57372951508, "median": 11.2033252716, "min": 0.603338003159, "dvar2": 56.7887077332, "dvar": 27.8959655762, "dmean": 3.61817908287, "max": 170.768753052, "var": 124.580802917, "mean": 13.9596223831}, "hfc": {"dmean2": 6.91911077499, "median": 6.43563556671, "min": 3.02615404957e-10, "dvar2": 210.812210083, "dvar": 105.49672699, "dmean": 4.83147716522, "max": 191.475234985, "var": 283.58102417, "mean": 12.3347053528}, "barkbands_kurtosis": {"dmean2": 6.6052236557, "median": 4.29575824738, "min": -1.98334920406, "dvar2": 132.924194336, "dvar": 53.7612266541, "dmean": 4.09002590179, "max": 141.679214478, "var": 113.164550781, "mean": 7.56143283844}, "gfcc": {"mean": [-71.0940322876, 113.07988739, -90.0836105347, 12.3088245392, -46.7336349487, 6.37031078339, -37.0018959045, 7.07217025757, -23.6217041016, 9.92030715942, -10.155626297, 1.33580684662, -6.32766056061], "icov": [[0.000104960607132, -0.000159156348673, 9.52057744144e-05, -0.000102249112388, 0.000257686158875, -9.99880212476e-05, 0.000275112950476, -0.000264464761131, 0.000157591013703, -0.000305130961351, 0.000571871583816, -0.000425483187428, 0.000354102870915], [-0.000159156348673, 0.00108494295273, -0.000172959858901, 0.000337493460393, -0.000670843699481, 0.000442790391389, -0.000133094741614, 0.000107258536445, -0.000339562742738, 0.000975295202807, -0.00199686340056, 0.00228413566947, -0.00129958009347], [9.52057744144e-05, -0.000172959858901, 0.00147593941074, -0.000524903414771, -1.60113700076e-06, -0.000616748235188, -0.000105506383989, -6.39238642179e-05, 0.000273633428151, -0.000272651115665, 0.000259153544903, -0.00114013894927, 0.00139207986649], [-0.000102249112388, 0.000337493460393, -0.000524903414771, 0.00281293038279, -0.000420299125835, -0.000304872664856, 0.00018800048565, -0.000411210610764, 0.000237471584114, 0.0016138269566, -0.00115849159192, 0.00119791948237, -0.000688363332301], [0.000257686158875, -0.000670843699481, -1.60113700076e-06, -0.000420299125835, 0.00447424128652, -0.00154540629592, 0.000123788486235, -0.00131973484531, 0.00072779803304, -0.000395519629819, 0.00198756018654, -0.00138733733911, 0.000274876947515], [-9.99880212476e-05, 0.000442790391389, -0.000616748235188, -0.000304872664856, -0.00154540629592, 0.00611113663763, -0.00211216392927, 0.00157912063878, -0.000283855188172, -0.000466950848931, 0.000836091348901, 0.00217264913954, -0.000623578904197], [0.000275112950476, -0.000133094741614, -0.000105506383989, 0.00018800048565, 0.000123788486235, -0.00211216392927, 0.00849956087768, -0.00249577057548, -0.000453366752481, 0.000559070671443, -0.000676591414958, 0.000943775405176, 0.0015273776371], [-0.000264464761131, 0.000107258536445, -6.39238642179e-05, -0.000411210610764, -0.00131973484531, 0.00157912063878, -0.00249577057548, 0.00888405460864, -0.0011649542721, -0.000900536077097, -0.000477584835608, -0.000378480734071, 0.000491658342071], [0.000157591013703, -0.000339562742738, 0.000273633428151, 0.000237471584114, 0.00072779803304, -0.000283855188172, -0.000453366752481, -0.0011649542721, 0.00861925818026, -0.000345889100572, -0.000353372946847, 0.000338540092343, 0.00081242620945], [-0.000305130961351, 0.000975295202807, -0.000272651115665, 0.0016138269566, -0.000395519629819, -0.000466950848931, 0.000559070671443, -0.000900536077097, -0.000345889100572, 0.0106301046908, -0.00341561064124, 0.00290320208296, -0.000909479742404], [0.000571871583816, -0.00199686340056, 0.000259153544903, -0.00115849159192, 0.00198756018654, 0.000836091348901, -0.000676591414958, -0.000477584835608, -0.000353372946847, -0.00341561064124, 0.0139437923208, -0.00482945004478, 0.00126767123584], [-0.000425483187428, 0.00228413566947, -0.00114013894927, 0.00119791948237, -0.00138733733911, 0.00217264913954, 0.000943775405176, -0.000378480734071, 0.000338540092343, 0.00290320208296, -0.00482945004478, 0.0155786983669, -0.00469247810543], [0.000354102870915, -0.00129958009347, 0.00139207986649, -0.000688363332301, 0.000274876947515, -0.000623578904197, 0.0015273776371, 0.000491658342071, 0.00081242620945, -0.000909479742404, 0.00126767123584, -0.00469247810543, 0.0128341848031]], "cov": [[20946.8183594, 555.34765625, -945.707092285, -24.3327484131, -749.868469238, -321.739746094, -710.119812012, 343.421569824, -265.988983154, 315.284332275, -508.746673584, 184.317779541, -191.825317383], [555.34765625, 1919.10400391, -126.526908875, -42.8175125122, 83.2159042358, -78.1339797974, 18.6343803406, 22.8528289795, 67.5889511108, -46.0449066162, 169.644515991, -165.542907715, 96.9363098145], [-945.707092285, -126.526908875, 931.12109375, 169.40473938, 104.510017395, 133.241485596, 82.9537963867, 4.30975198746, -15.1261091232, -21.3785953522, 5.80076026917, 15.7144412994, -79.8155136108], [-24.3327484131, -42.8175125122, 169.40473938, 442.260040283, 54.4208183289, 54.1991004944, 14.5296554565, 16.154800415, -19.7470226288, -52.1561050415, 2.49725246429, -9.93739891052, -5.52454328537], [-749.868469238, 83.2159042358, 104.510017395, 54.4208183289, 322.427764893, 94.7159042358, 50.7266616821, 20.4778404236, -7.90709733963, -19.6551380157, -13.9639358521, -14.7778120041, 6.65756559372], [-321.739746094, -78.1339797974, 133.241485596, 54.1991004944, 94.7159042358, 249.562683105, 70.0941009521, -18.0055522919, 0.556096971035, 0.760121881962, -33.2213058472, -39.0059204102, -19.0965385437], [-710.119812012, 18.6343803406, 82.9537963867, 14.5296554565, 50.7266616821, 70.0941009521, 177.734237671, 28.0823936462, 25.5875282288, -10.5163354874, 18.600856781, -32.1554908752, -22.606344223], [343.421569824, 22.8528289795, 4.30975198746, 16.154800415, 20.4778404236, -18.0055522919, 28.0823936462, 141.868545532, 14.3088159561, 14.4760255814, 1.52954530716, 4.00302791595, -15.4198122025], [-265.988983154, 67.5889511108, -15.1261091232, -19.7470226288, -7.90709733963, 0.556096971035, 25.5875282288, 14.3088159561, 130.68421936, 3.57998752594, 20.6888370514, -17.3593845367, -5.04190969467], [315.284332275, -46.0449066162, -21.3785953522, -52.1561050415, -19.6551380157, 0.760121881962, -10.5163354874, 14.4760255814, 3.57998752594, 119.098518372, 7.39792776108, -5.17597723007, -7.09503269196], [-508.746673584, 169.644515991, 5.80076026917, 2.49725246429, -13.9639358521, -33.2213058472, 18.600856781, 1.52954530716, 20.6888370514, 7.39792776108, 124.666229248, 5.40538454056, 16.0094223022], [184.317779541, -165.542907715, 15.7144412994, -9.93739891052, -14.7778120041, -39.0059204102, -32.1554908752, 4.00302791595, -17.3593845367, -5.17597723007, 5.40538454056, 110.165130615, 18.4861946106], [-191.825317383, 96.9363098145, -79.8155136108, -5.52454328537, 6.65756559372, -19.0965385437, -22.606344223, -15.4198122025, -5.04190969467, -7.09503269196, 16.0094223022, 18.4861946106, 108.590873718]]}, "spectral_energyband_middle_low": {"dmean2": 0.0112922210246, "median": 0.00847360771149, "min": 7.43632988405e-16, "dvar2": 0.000507828081027, "dvar": 0.000196209351998, "dmean": 0.00688885431737, "max": 0.183700442314, "var": 0.000298052967992, "mean": 0.0137817701325}, "melbands_crest": {"dmean2": 4.99525308609, "median": 12.9739866257, "min": 3.32216596603, "dvar2": 19.9496192932, "dvar": 7.99374437332, "dmean": 3.08481764793, "max": 39.6892700195, "var": 27.8311042786, "mean": 13.9632959366}, "spectral_kurtosis": {"dmean2": 4.33885383606, "median": 7.82084178925, "min": -1.2290289402, "dvar2": 33.99609375, "dvar": 12.4282855988, "dmean": 2.62352824211, "max": 68.3141403198, "var": 54.6307907104, "mean": 9.76970291138}, "spectral_rms": {"dmean2": 0.00133026833646, "median": 0.00385102559812, "min": 3.95783095186e-09, "dvar2": 5.11608504894e-06, "dvar": 2.17457295548e-06, "dmean": 0.000872312986758, "max": 0.0161432605237, "var": 5.40115888725e-06, "mean": 0.00411187810823}, "zerocrossingrate": {"dmean2": 0.00954135786742, "median": 0.03466796875, "min": 0, "dvar2": 0.000159930830705, "dvar": 0.000120549222629, "dmean": 0.00781553424895, "max": 0.86279296875, "var": 0.00242512114346, "mean": 0.0439948476851}, "silence_rate_60dB": {"dmean2": 0.044740345329, "median": 0, "min": 0, "dvar2": 0.0486005954444, "dvar": 0.0218701027334, "dmean": 0.0223681870848, "max": 1, "var": 0.102343939245, "mean": 0.115736223757}, "erbbands_kurtosis": {"dmean2": 2.32564353943, "median": 0.676009893417, "min": -1.81450414658, "dvar2": 19.550283432, "dvar": 8.46972942352, "dmean": 1.49022567272, "max": 139.874862671, "var": 38.1750259399, "mean": 2.33371305466}, "erbbands": {"dmean2": [0.142371684313, 0.984974563122, 3.25136494637, 10.1275978088, 12.7695140839, 11.6924324036, 15.8589935303, 22.1739139557, 32.2827835083, 31.2342090607, 27.2680149078, 26.6628799438, 18.6857089996, 17.1259441376, 12.5589742661, 15.6849908829, 17.6052970886, 12.6201562881, 12.9629240036, 9.6590423584, 6.97631883621, 4.96004676819, 4.08231019974, 3.07773113251, 3.32294845581, 2.2124042511, 1.91927361488, 1.23263239861, 1.23028635979, 1.16359198093, 0.793574273586, 0.568102419376, 0.367346972227, 0.310054451227, 0.354550033808, 0.281822443008, 0.116812318563, 0.034228593111, 0.00385423190892, 0.000148787876242], "median": [0.0864837095141, 0.432597905397, 0.84848690033, 1.42024815083, 2.84685993195, 4.78111219406, 5.67236614227, 8.43047714233, 12.1040887833, 9.50625228882, 4.27887058258, 4.71042060852, 3.91388821602, 4.55889463425, 3.62306904793, 3.79898905754, 4.15399503708, 3.1905207634, 2.8397898674, 2.6459133625, 2.09217023849, 1.46836447716, 1.12326467037, 0.866142690182, 1.07664573193, 0.66644090414, 0.485888689756, 0.233813151717, 0.159905225039, 0.105147048831, 0.075992949307, 0.0552448295057, 0.0489850863814, 0.0600626803935, 0.0444543771446, 0.0148297687992, 0.00368641363457, 0.000568544084672, 5.81318454351e-05, 2.36968207901e-05], "min": [3.18993814958e-15, 1.77263819536e-14, 5.96057288271e-14, 1.43486920479e-13, 2.86263986691e-13, 5.00941627589e-13, 7.96265451578e-13, 1.17442871834e-12, 1.62742313115e-12, 2.13431876339e-12, 2.65924305146e-12, 3.14690764766e-12, 3.52456280307e-12, 3.70588195547e-12, 3.60669567129e-12, 3.1731655064e-12, 2.42442003973e-12, 1.49834886252e-12, 6.77668912739e-13, 3.37102307874e-13, 7.60538171069e-13, 1.83614430084e-12, 2.84429966559e-12, 2.78377516351e-12, 1.45633516097e-12, 2.59514360956e-13, 5.75518202973e-13, 1.05188340677e-12, 3.72637467758e-13, 1.12140342585e-12, 1.58221038268e-12, 8.30058949092e-13, 2.88575565353e-12, 9.96290831952e-13, 3.67965721912e-13, 6.49449515434e-13, 1.90921605782e-13, 1.25150622287e-13, 5.77864037003e-14, 1.03730548185e-13], "dvar2": [0.102832853794, 7.88680028915, 113.858345032, 1233.38549805, 1002.10040283, 512.834228516, 1254.25769043, 2781.66308594, 6076.03564453, 7907.66992188, 12408.1396484, 21040.6015625, 7872.26220703, 3278.58813477, 1862.43127441, 6736.72851562, 7271.484375, 1978.99694824, 2096.93945312, 915.682922363, 414.441894531, 242.405944824, 260.031341553, 75.2669143677, 125.261917114, 44.5581016541, 33.9692955017, 12.6147155762, 16.9834899902, 30.21575737, 7.78245830536, 4.03030538559, 1.46609854698, 1.55153059959, 1.15626168251, 0.663028478622, 0.156090900302, 0.016360130161, 0.000221782407607, 2.52176448612e-07], "dvar": [0.0417655855417, 2.88198709488, 39.9637184143, 428.177032471, 374.052185059, 194.12588501, 495.725463867, 1120.49975586, 2497.02026367, 3414.12109375, 6381.74560547, 9127.75878906, 3091.68603516, 1344.25964355, 805.144348145, 3009.21850586, 2842.36206055, 1077.65014648, 1135.57958984, 512.508850098, 193.684677124, 103.121269226, 123.74609375, 34.3806114197, 70.8500442505, 23.5235939026, 17.0660991669, 6.23315382004, 8.38300228119, 14.7797842026, 4.02966213226, 2.01839995384, 0.910235822201, 1.26263165474, 0.569960534573, 0.290190011263, 0.0683582872152, 0.0075213923119, 0.000103782163933, 1.21625859606e-07], "dmean": [0.0886048302054, 0.569745361805, 1.84136784077, 5.49391508102, 7.412981987, 7.09163093567, 9.85275554657, 14.03764534, 20.0883655548, 19.6898670197, 18.3535137177, 17.2191905975, 12.244846344, 11.0408449173, 8.10491371155, 10.13093853, 11.3604373932, 8.59377574921, 8.83147621155, 6.55330038071, 4.72337245941, 3.25008296967, 2.80031847954, 2.09010958672, 2.25078010559, 1.46425414085, 1.29992973804, 0.832919120789, 0.853709042072, 0.82210624218, 0.556078374386, 0.391625612974, 0.25581613183, 0.223173305392, 0.235636398196, 0.176850393414, 0.074220277369, 0.0221606567502, 0.00250550825149, 9.89391264739e-05], "max": [3.03793525696, 25.6252212524, 81.2502975464, 226.575820923, 216.844696045, 290.227996826, 640.168212891, 736.29699707, 1150.76513672, 2079.28613281, 3523.65722656, 5486.45800781, 2990.31787109, 1103.04077148, 1072.64733887, 2839.41845703, 2424.921875, 1874.89733887, 1611.32519531, 1474.76391602, 380.279144287, 293.862304688, 704.442443848, 134.627716064, 584.482910156, 285.70803833, 182.914611816, 50.314201355, 118.240196228, 263.12979126, 95.9197158813, 72.1148605347, 61.8312950134, 118.284233093, 40.5386924744, 14.0492887497, 5.44141292572, 1.73505735397, 0.225059553981, 0.00730577344075], "var": [0.0446084737778, 2.10592007637, 26.1809654236, 252.273147583, 294.235137939, 300.312225342, 1151.84387207, 2581.91381836, 5402.95996094, 6731.16308594, 17457.4785156, 22114.7050781, 5837.09667969, 2723.72167969, 1818.51428223, 5383.81103516, 5455.09130859, 3462.72753906, 4635.17089844, 1523.31176758, 460.706085205, 252.870880127, 307.957550049, 98.3993606567, 192.001937866, 54.3363189697, 36.4419670105, 15.059214592, 17.6620864868, 24.5176448822, 8.09130191803, 3.99113631248, 2.43784332275, 3.78292417526, 1.02045834064, 0.377027660608, 0.0826674178243, 0.00904936436564, 0.000122784767882, 1.543197925e-07], "mean": [0.137267068028, 0.724535822868, 1.99827444553, 4.63897275925, 7.87141942978, 10.9914007187, 18.2397556305, 26.6311569214, 37.3977851868, 34.6581039429, 33.3626289368, 29.8994827271, 23.0558414459, 19.359205246, 15.2073545456, 17.0716094971, 19.9062538147, 18.8239955902, 18.2180538177, 14.0245933533, 9.50730419159, 6.47741127014, 5.7449631691, 4.26653575897, 4.52649497986, 2.85706210136, 2.32559490204, 1.52465176582, 1.42136073112, 1.29799735546, 0.894684135914, 0.623831391335, 0.443138688803, 0.387258589268, 0.328504234552, 0.205969184637, 0.0792429596186, 0.0226706080139, 0.00251884642057, 0.00011876415374]}, "spectral_strongpeak": {"dmean2": 0.682599008083, "median": 0.489983528852, "min": 0, "dvar2": 1.05672216415, "dvar": 0.465488046408, "dmean": 0.411600321531, "max": 13.7185649872, "var": 1.40649330616, "mean": 0.8805950284}, "spectral_energy": {"dmean2": 0.0172277800739, "median": 0.0152011578903, "min": 1.60560380638e-14, "dvar2": 0.00143547530752, "dvar": 0.000558249012101, "dmean": 0.0107309110463, "max": 0.267119944096, "var": 0.000714579888154, "mean": 0.0228663571179}, "average_loudness": 0.650972664356, "spectral_rolloff": {"dmean2": 381.955383301, "median": 559.86328125, "min": 21.533203125, "dvar2": 1036914.1875, "dvar": 428735.25, "dmean": 226.710922241, "max": 21640.8691406, "var": 2505584.25, "mean": 902.723693848}, "spectral_centroid": {"dmean2": 216.06817627, "median": 683.357055664, "min": 160.390716553, "dvar2": 82205.15625, "dvar": 41473.1171875, "dmean": 140.422515869, "max": 11048.9091797, "var": 262133.078125, "mean": 815.205627441}, "pitch_salience": {"dmean2": 0.106101214886, "median": 0.547080397606, "min": 0.0547894462943, "dvar2": 0.00891573447734, "dvar": 0.00349866459146, "dmean": 0.0655202120543, "max": 0.97984701395, "var": 0.011761228554, "mean": 0.542305409908}, "spectral_energyband_middle_high": {"dmean2": 0.00161774770822, "median": 0.00100295920856, "min": 4.90581101319e-16, "dvar2": 2.30766145251e-05, "dvar": 1.04986702354e-05, "dmean": 0.00114782014862, "max": 0.146586477757, "var": 2.92633176286e-05, "mean": 0.0029111597687}, "spectral_contrast_coeffs": {"dmean2": [0.0802047252655, 0.0727132335305, 0.0560886524618, 0.0446050167084, 0.0307220742106, 0.0226433519274], "median": [-0.686471402645, -0.679638028145, -0.756650209427, -0.77155739069, -0.803819358349, -0.805679321289], "min": [-0.99803096056, -0.998095691204, -0.985480487347, -0.983462810516, -0.955679416656, -0.962901055813], "dvar2": [0.00510504748672, 0.00379977747798, 0.00234257220291, 0.00134039344266, 0.000701556506101, 0.00045929607586], "dvar": [0.00197967863642, 0.00153762602713, 0.0010122647509, 0.000592459866311, 0.000320037186611, 0.0001968331635], "dmean": [0.0487514659762, 0.0448731780052, 0.0356493890285, 0.0282677728683, 0.0194638837129, 0.014093936421], "max": [-0.307081222534, -0.354912519455, -0.326078563929, -0.482573926449, -0.525425314903, -0.643863320351], "var": [0.00778156146407, 0.00969821866602, 0.00678718229756, 0.00465573137626, 0.00268701300956, 0.00131331302691], "mean": [-0.678284406662, -0.678406357765, -0.746489226818, -0.764072239399, -0.798120498657, -0.805772781372]}, "melbands_skewness": {"dmean2": 1.03285634518, "median": 2.07028198242, "min": -2.09072613716, "dvar2": 1.81008327007, "dvar": 0.753031134605, "dmean": 0.657950937748, "max": 21.5416355133, "var": 3.01980161667, "mean": 2.36956262589}, "spectral_spread": {"dmean2": 881802.25, "median": 4035551, "min": 1131563.5, "dvar2": 1540093116420.0, "dvar": 801552007168, "dmean": 620398.9375, "max": 41067052, "var": 4226731999230.0, "mean": 4435829}, "dissonance": {"dmean2": 0.0434243492782, "median": 0.44896042347, "min": 0.202692359686, "dvar2": 0.00164512521587, "dvar": 0.000628263398539, "dmean": 0.025959296152, "max": 0.500000178814, "var": 0.00195268110838, "mean": 0.438486278057}, "spectral_skewness": {"dmean2": 0.427216589451, "median": 2.2613260746, "min": 0.0054846573621, "dvar2": 0.211413711309, "dvar": 0.085678473115, "dmean": 0.266351550817, "max": 6.93508243561, "var": 0.670888543129, "mean": 2.39819049835}, "spectral_flux": {"dmean2": 0.0414554737508, "median": 0.048786945641, "min": 2.40761619352e-05, "dvar2": 0.00407328037545, "dvar": 0.00208010105416, "dmean": 0.0266510266811, "max": 0.472450941801, "var": 0.00399453844875, "mean": 0.0677722543478}, "spectral_contrast_valleys": {"dmean2": [0.589608132839, 0.610598146915, 0.53924882412, 0.479534357786, 0.390964686871, 0.396831095219], "median": [-6.9360499382, -7.04575252533, -7.96186828613, -8.49264431, -8.59968662262, -11.1239519119], "min": [-27.8423461914, -27.1456298828, -27.9372062683, -27.3275642395, -27.3759479523, -27.2540493011], "dvar2": [0.356820195913, 0.386829406023, 0.295606523752, 0.26224771142, 0.246063560247, 0.357569605112], "dvar": [0.180252879858, 0.183848381042, 0.155986577272, 0.142010629177, 0.136257305741, 0.196801200509], "dmean": [0.375135451555, 0.379416406155, 0.348322153091, 0.314902096987, 0.267441898584, 0.304278671741], "max": [-4.94693279266, -4.07783555984, -5.03293609619, -5.65237808228, -6.05844068527, -7.79938268661], "var": [2.42112326622, 2.4366543293, 2.04195690155, 2.08493638039, 1.98922669888, 1.95890641212], "mean": [-7.37877988815, -7.2983212471, -8.13670349121, -8.67324733734, -8.80321502686, -11.1579532623]}, "erbbands_flatness_db": {"dmean2": 0.0274382475764, "median": 0.17157022655, "min": 0.017527718097, "dvar2": 0.000825369497761, "dvar": 0.000442090473371, "dmean": 0.0196921825409, "max": 0.406336098909, "var": 0.00345818395726, "mean": 0.172505691648}, "spectral_energyband_high": {"dmean2": 0.000225025112741, "median": 4.71010280307e-05, "min": 1.87413853459e-15, "dvar2": 3.70075298406e-07, "dvar": 2.06524930491e-07, "dmean": 0.000161460746313, "max": 0.0145200574771, "var": 4.7234880185e-07, "mean": 0.000278550840449}, "spectral_entropy": {"dmean2": 0.274432182312, "median": 7.03355932236, "min": 4.79658603668, "dvar2": 0.0829846486449, "dvar": 0.0415140241385, "dmean": 0.186680153012, "max": 9.79563331604, "var": 0.40249106288, "mean": 7.03589344025}, "silence_rate_20dB": {"dmean2": 0, "median": 1, "min": 1, "dvar2": 0, "dvar": 0, "dmean": 0, "max": 1, "var": 0, "mean": 1}, "melbands_flatness_db": {"dmean2": 0.036169283092, "median": 0.263068467379, "min": 0.0153833338991, "dvar2": 0.00151643680874, "dvar": 0.000728645711206, "dmean": 0.0239627696574, "max": 0.517460644245, "var": 0.0060148416087, "mean": 0.265232026577}, "barkbands": {"dmean2": [0.000331661227392, 0.00429692771286, 0.00350006786175, 0.00412048958242, 0.0034700196702, 0.00246806582436, 0.00242454162799, 0.00133283738978, 0.00103080633562, 0.000617052370217, 0.000299740670016, 0.000399238197133, 0.000378941796953, 0.000239810658968, 0.000253007281572, 0.000157934846357, 0.000104606580862, 7.20704993e-05, 6.70404187986e-05, 5.04761010234e-05, 3.81479294447e-05, 3.24433021888e-05, 3.12390438921e-05, 2.37987878791e-05, 3.87560212403e-05, 6.60138393869e-05, 2.30336154345e-05], "median": [0.00015264879039, 0.00244821421802, 0.000711254018825, 0.000497314846143, 0.00143065222073, 0.0010303723393, 0.000787914032117, 0.000156533787958, 0.000157670219778, 0.000112641631858, 6.26339897281e-05, 7.22871773178e-05, 7.34528221074e-05, 4.73298641737e-05, 4.81751339976e-05, 3.90666136809e-05, 2.6506386348e-05, 1.70381463249e-05, 2.0610044885e-05, 1.31370179588e-05, 8.13248516351e-06, 4.06130720876e-06, 2.88277828986e-06, 2.76330183624e-06, 6.24824087936e-06, 2.56825433098e-06, 2.75662358717e-07], "min": [5.84142640137e-17, 8.73400553507e-17, 5.78363228459e-17, 5.72756201221e-17, 1.39849414461e-16, 1.33137948904e-16, 1.24411074327e-16, 1.14005049577e-16, 1.39632243154e-16, 1.14606165037e-16, 8.92981374444e-17, 8.00836829102e-17, 5.0727254729e-17, 2.35756384201e-17, 7.58035261661e-18, 9.73690180904e-18, 3.09117659609e-17, 5.49369886245e-17, 4.22323712271e-17, 5.53721360847e-18, 2.36250541899e-17, 1.1773708336e-17, 5.46200560271e-17, 1.15455196452e-16, 6.40944537231e-17, 1.42799418458e-16, 3.74057288101e-15], "dvar2": [4.37472920112e-07, 0.000128371117171, 0.000135120280902, 0.000198475056095, 4.52203967143e-05, 2.69656466116e-05, 3.65650084859e-05, 2.2668587917e-05, 2.50181910815e-05, 7.00055943526e-06, 1.02291562598e-06, 3.82568714485e-06, 3.47117520505e-06, 1.16319358767e-06, 7.79183665145e-07, 2.26897157063e-07, 9.97374058898e-08, 6.54011529377e-08, 3.90013141782e-08, 2.38216433246e-08, 1.31882798016e-08, 1.5214260074e-08, 1.31072424026e-08, 6.29045571188e-09, 1.43766092364e-08, 4.35274287724e-08, 8.03613264821e-09], "dvar": [2.20419508423e-07, 4.84265619889e-05, 4.69904007332e-05, 6.90605738782e-05, 1.77883412107e-05, 1.08993363028e-05, 1.44938530866e-05, 1.19215837913e-05, 1.09787515612e-05, 2.72574038718e-06, 4.37751481286e-07, 1.61128389209e-06, 1.34623792292e-06, 6.35880041955e-07, 4.50170432487e-07, 1.05872416611e-07, 4.16001064707e-08, 3.13037311628e-08, 2.01061158833e-08, 1.14227720616e-08, 6.31590646449e-09, 7.56391660417e-09, 6.8025083344e-09, 3.52389228908e-09, 8.95419383085e-09, 1.91555660223e-08, 3.77264841589e-09], "dmean": [0.00022669781174, 0.00257018045522, 0.00195288984105, 0.00222995132208, 0.00211677141488, 0.00156116893049, 0.00150524626952, 0.000870193005539, 0.000669393222779, 0.000399018725147, 0.000192927545868, 0.000252655969234, 0.000243660513661, 0.000164014898473, 0.000170937593793, 0.000105858685856, 6.75857227179e-05, 4.90039419674e-05, 4.49535400548e-05, 3.31507289957e-05, 2.57374140347e-05, 2.28922417591e-05, 2.18591085286e-05, 1.65710189322e-05, 2.64733134827e-05, 4.17917290179e-05, 1.49536872414e-05], "max": [0.0126153668389, 0.114730112255, 0.0832939893007, 0.0951161980629, 0.0676076710224, 0.0635400265455, 0.0798350572586, 0.121777296066, 0.181572318077, 0.0908921062946, 0.0238159578294, 0.0614271052182, 0.0557206384838,