{"tonal": {"thpcp": [1, 0.7548802495, 0.30383503437, 0.251037895679, 0.247266367078, 0.279250055552, 0.564185321331, 0.62849521637, 0.369052141905, 0.35701161623, 0.390031844378, 0.261041879654, 0.238567858934, 0.241381809115, 0.218347921968, 0.352127045393, 0.405219644308, 0.276132315397, 0.336522191763, 0.38882958889, 0.294593930244, 0.520726263523, 0.626919269562, 0.355479866266, 0.27559697628, 0.296822726727, 0.254640161991, 0.341596186161, 0.44777956605, 0.3913885355, 0.357820898294, 0.347840070724, 0.354858785868, 0.56963378191, 0.65009021759, 0.721656262875], "hpcp": {"dmean2": [0.120031990111, 0.111653380096, 0.108402170241, 0.117776155472, 0.124345012009, 0.116689682007, 0.132853612304, 0.150266319513, 0.152248457074, 0.167935028672, 0.16902115941, 0.15644595027, 0.133861199021, 0.128406450152, 0.13663521409, 0.159205719829, 0.179808810353, 0.183940291405, 0.175366044044, 0.16947580874, 0.183279439807, 0.19384983182, 0.20588876307, 0.246067032218, 0.28778141737, 0.209707960486, 0.128103539348, 0.105485998094, 0.0986157208681, 0.118854001164, 0.164990246296, 0.184336155653, 0.153860971332, 0.13222797215, 0.130964964628, 0.124543316662], "median": [0.0111228227615, 0.0109447240829, 0.0152301685885, 0.0179598331451, 0.0175924319774, 0.0221746545285, 0.0163171123713, 0.0131603423506, 0.0263438597322, 0.0258069820702, 0.0259458031505, 0.0218378528953, 0.0120769934729, 0.0101998802274, 0.0146246086806, 0.0236591342837, 0.029015738517, 0.0241049546748, 0.0218284465373, 0.0170996431261, 0.0235533472151, 0.0322641134262, 0.0324280001223, 0.0902372300625, 0.111225694418, 0.0959027037024, 0.0218153540045, 0.0135436505079, 0.00961294118315, 0.0120316529647, 0.0349709540606, 0.0469088032842, 0.0350199081004, 0.0215242039412, 0.0164348296821, 0.0149876670912], "min": [0, 0, 0, 0, 0, 0, 0, 0, 0, 0, 0, 0, 0, 0, 0, 0, 0, 0, 0, 0, 0, 0, 0, 0, 0, 0, 0, 0, 0, 0, 0, 0, 0, 0, 0, 0], "dvar2": [0.0616986528039, 0.0533587187529, 0.0474575608969, 0.0523417890072, 0.0543795153499, 0.0499652214348, 0.0594982393086, 0.0768255516887, 0.0691264122725, 0.0782890617847, 0.0820518359542, 0.078239902854, 0.072365321219, 0.0673943534493, 0.0678826197982, 0.0796707198024, 0.0927248224616, 0.102705515921, 0.0972280502319, 0.0948596671224, 0.101323693991, 0.100913658738, 0.108381792903, 0.110357090831, 0.159934133291, 0.0792121365666, 0.0564380437136, 0.0455178879201, 0.0472211167216, 0.0583080239594, 0.077569693327, 0.0888518467546, 0.069314815104, 0.0570163838565, 0.0584690161049, 0.0535795539618], "dvar": [0.0219752602279, 0.0189316701144, 0.0165972802788, 0.0190938301384, 0.0209443476051, 0.0180782228708, 0.0219888649881, 0.0288434252143, 0.0239699333906, 0.0283999666572, 0.0310472585261, 0.0270198751241, 0.025095321238, 0.0239782705903, 0.0239629354328, 0.0285602267832, 0.0336545631289, 0.0363609977067, 0.0339548438787, 0.0328348949552, 0.0350001528859, 0.0360222756863, 0.0398624502122, 0.0383191145957, 0.0573368631303, 0.029466567561, 0.020050028339, 0.0168025176972, 0.0175172500312, 0.0202025957406, 0.0285555273294, 0.0332787744701, 0.0249569620937, 0.0213162321597, 0.0223636049777, 0.0192537810653], "dmean": [0.0678559988737, 0.0633255019784, 0.0616142116487, 0.068496234715, 0.0732816457748, 0.0678645297885, 0.0767024084926, 0.0864557623863, 0.0854136571288, 0.0973099917173, 0.0974218100309, 0.0882650464773, 0.074775621295, 0.0724609866738, 0.0763920545578, 0.0910428538918, 0.103648640215, 0.104294992983, 0.0985871776938, 0.0941479429603, 0.103680692613, 0.110815376043, 0.117626331747, 0.138833746314, 0.161053106189, 0.120236128569, 0.0735675394535, 0.060575645417, 0.0565073564649, 0.0675761029124, 0.0971039682627, 0.108554929495, 0.088252723217, 0.0771179422736, 0.0761685967445, 0.0712420046329], "max": [1, 1, 1, 1, 1, 1, 1, 1, 1, 1, 1, 1, 1, 1, 1, 1, 1, 1, 1, 1, 1, 1, 1, 1, 1, 1, 1, 1, 1, 1, 1, 1, 1, 1, 1, 1], "var": [0.0284045618027, 0.0277079436928, 0.0206417981535, 0.0460502542555, 0.0587795861065, 0.0262723974884, 0.0417924672365, 0.0586848221719, 0.0251982584596, 0.0721817985177, 0.101527877152, 0.0370212607086, 0.0356938093901, 0.0433065369725, 0.0264363717288, 0.0395423993468, 0.0599087998271, 0.0501158051193, 0.0427825190127, 0.0475118644536, 0.0405207276344, 0.080133870244, 0.100235424936, 0.0720056965947, 0.1406134516, 0.0846028551459, 0.0295204725116, 0.0288645979017, 0.034130256623, 0.0327157340944, 0.0792270004749, 0.0887303873897, 0.0380241163075, 0.0416740551591, 0.0592635944486, 0.024888265878], "mean": [0.0753836557269, 0.0762728229165, 0.0689944773912, 0.111266553402, 0.128042981029, 0.0872534289956, 0.106335669756, 0.122863978148, 0.0930870100856, 0.164541229606, 0.19809654355, 0.112325996161, 0.0870842710137, 0.0937912687659, 0.0804622545838, 0.107938975096, 0.141491234303, 0.123672567308, 0.113065727055, 0.109911940992, 0.112129740417, 0.179995238781, 0.205418199301, 0.228031933308, 0.315984129906, 0.238530173898, 0.0960070490837, 0.0793239921331, 0.0781322494149, 0.088238582015, 0.17827360332, 0.198594510555, 0.116614617407, 0.112810008228, 0.123243868351, 0.0824850946665]}, "tuning_equal_tempered_deviation": 0.22314299643, "chords_changes_rate": 0.0459694266319, "key_key": "F", "tuning_diatonic_strength": 0.478720247746, "key_scale": "minor", "chords_number_rate": 0.00219949404709, "tuning_frequency": 434.193115234, "tuning_nontempered_energy_ratio": 0.90031337738, "chords_histogram": [9.61178970337, 2.32046627998, 7.3903002739, 3.4312107563, 5.81766176224, 9.4028377533, 7.18134832382, 3.40921592712, 4.65192985535, 4.91586923599, 10.4256019592, 2.24348402023, 0.824810266495, 2.34246134758, 0.230946883559, 2.67238545418, 1.24271416664, 9.47981929779, 0.307929188013, 0.219949409366, 1.20972180367, 3.4422082901, 3.25525140762, 3.97008681297], "key_strength": 0.689097225666, "chords_key": "E", "chords_strength": {"dmean2": 0.00681016361341, "median": 0.511529326439, "min": -1, "dvar2": 0.00045183324255, "dvar": 0.00023945774592, "dmean": 0.00666462955996, "max": 0.819156229496, "var": 0.0122516229749, "mean": 0.511945068836}, "chords_scale": "minor", "hpcp_entropy": {"dmean2": 0.923513293266, "median": 1.9314956665, "min": 0, "dvar2": 0.57098031044, "dvar": 0.207212001085, "dmean": 0.546051442623, "max": 4.07129716873, "var": 0.49390527606, "mean": 1.87407791615}}, "metadata": {"audio_properties": {"equal_loudness": 0, "codec": "flac", "downmix": "mix", "sample_rate": 44100, "analysis_sample_rate": 44100, "bit_rate": 0, "md5_encoded": "38e6218f64dacf80c89f63fe3d2497da", "length": 422.200012207, "replay_gain": -2.20756721497, "lossless": true}, "version": {"essentia_build_sha": "5c9e65ec81695c916afb4cba055c226bfc528ee6", "essentia": "2.1-beta1", "extractor": "music 1.0", "essentia_git_sha": "v2.1_beta1-28-g21ef5f4"}, "tags": {"title": ["Through the Restriction"], "barcode": ["4005939706326"], "media": ["CD"], "albumartist": ["David Hirschfelder"], "tracktotal": ["18"], "albumartistsort": ["Hirschfelder, David"], "releasetype": ["album", "soundtrack"], "musicbrainz_recordingid": ["0ef58332-7eea-4e51-8694-3bf86870034b"], "musicbrainz_releasegroupid": ["9c3313ef-2865-41f3-ad9c-fa664efa82d2"], "musicbrainz_albumartistid": ["5254cd9f-4684-4a5a-8644-08c2567a1bb2"], "musicbrainz_releasetrackid": ["b92f2500-7ede-3c4a-bb70-36b927983b9f"], "discnumber": ["1"], "album": ["Sanctum"], "catalognumber": ["VSD (CVS) 7063.2"], "releasecountry": ["DE"], "originaldate": ["2011-02-01"], "artists": ["David Hirschfelder"], "date": ["2011-02-01"], "file_name": "09 Through the Restriction.flac", "disctotal": ["1"], "acoustid_id": ["d2f2f087-a83b-4965-a512-ee28cc8bcde9"], "musicbrainz_artistid": ["5254cd9f-4684-4a5a-8644-08c2567a1bb2"], "asin": ["B004G6OFBY"], "musicbrainz_albumid": ["5d58be19-271e-4ccd-83db-b868cc1dc139"], "tracknumber": ["9"], "artistsort": ["Hirschfelder, David"], "artist": ["David Hirschfelder"], "label": ["Colosseum"], "releasestatus": ["official"], "totaldiscs": ["1"], "script": ["Latn"], "totaltracks": ["18"]}}, "rhythm": {"bpm_histogram_first_peak_bpm": {"dmean2": 0, "median": 178, "min": 178, "dvar2": 0, "dvar": 0, "dmean": 0, "max": 178, "var": 0, "mean": 178}, "bpm": 178.206268311, "bpm_histogram_second_peak_spread": {"dmean2": 0, "median": 0.561475396156, "min": 0.561475396156, "dvar2": 0, "dvar": 0, "dmean": 0, "max": 0.561475396156, "var": 0, "mean": 0.561475396156}, "bpm_histogram_first_peak_weight": {"dmean2": 0, "median": 0.201853752136, "min": 0.201853752136, "dvar2": 0, "dvar": 0, "dmean": 0, "max": 0.201853752136, "var": 0, "mean": 0.201853752136}, "onset_rate": 0.871583461761, "beats_position": [0.487619042397, 0.986848056316, 1.48607707024, 1.98530614376, 2.48453521729, 2.99537420273, 3.50621318817, 4.01705217361, 4.52789115906, 5.0387301445, 5.53795909882, 6.03718805313, 6.54802703857, 7.05886602402, 7.56970500946, 8.08054447174, 8.59138298035, 9.10222244263, 9.6014509201, 10.1006803513, 10.6811790466, 11.2732877731, 11.8537864685, 12.3646259308, 12.8638544083, 13.3630838394, 13.8623123169, 14.3731517792, 14.8723802567, 15.3716096878, 15.870839119, 16.3816776276, 16.8925170898, 17.391746521, 17.8909740448, 18.390203476, 18.877822876, 19.3770523071, 19.8762817383, 20.3755092621, 20.8747386932, 21.3739681244, 21.8731975555, 22.4072551727, 22.9297046661, 23.4637641907, 23.9978218079, 24.5434913635, 25.0775508881, 25.6116104126, 26.1456680298, 26.6797275543, 27.2137870789, 27.747844696, 28.2819042206, 28.8159637451, 29.3384113312, 29.8608608246, 30.3949203491, 30.9289798737, 31.4514274597, 31.9738769531, 32.5079345703, 33.0187759399, 33.5296134949, 34.0404510498, 34.5164604187, 34.9924697876, 35.480091095, 35.9677085876, 36.455329895, 36.9429473877, 37.4189567566, 37.8949661255, 38.3825836182, 38.8702049255, 39.369430542, 39.8686599731, 40.402721405, 40.9251708984, 41.4476165771, 41.9352378845, 42.4228553772, 42.9104766846, 43.4097061157, 43.9089317322, 44.4081611633, 44.9073905945, 45.4066200256, 45.9058494568, 46.4050788879, 46.9043083191, 47.4035377502, 47.9027671814, 48.4019927979, 48.901222229, 49.4120635986, 49.9229011536, 50.4337387085, 50.9561882019, 51.4786376953, 52.0010871887, 52.5235366821, 53.0459861755, 53.5568237305, 54.0676651001, 54.5668907166, 55.0661201477, 55.5653495789, 56.0761909485, 56.5754165649, 57.0746459961, 57.5854873657, 58.1427650452, 58.7000427246, 59.2573242188, 59.7913818359, 60.3254394531, 60.8711090088, 61.3935585022, 61.9043960571, 62.4152374268, 62.9260749817, 63.4369163513, 63.924533844, 64.4237594604, 64.9229888916, 65.4222183228, 65.9214477539, 66.4206771851, 66.9082946777, 67.3959197998, 67.8835372925, 68.4059829712, 68.9168243408, 69.4276657104, 69.9384994507, 70.4493408203, 70.9485702515, 71.4594116211, 71.9702453613, 72.4694747925, 72.9570999146, 73.4563217163, 73.9555511475, 74.4547805786, 74.9540100098, 75.4532394409, 75.9524688721, 76.4516983032, 76.9509277344, 77.4501571655, 77.9493865967, 78.4370040894, 78.9362335205, 79.4238510132, 79.9230804443, 80.4223098755, 80.9215393066, 81.4207687378, 81.9199981689, 82.4192276001, 82.9184570312, 83.4176864624, 83.9169158936, 84.4277572632, 84.9385910034, 85.4378204346, 85.9370498657, 86.4362792969, 86.935508728, 87.4347381592, 87.9339675903, 88.44480896, 88.9440383911, 89.4432601929, 89.942489624, 90.4533309937, 90.9641723633, 91.4750061035, 91.9858474731, 92.5199050903, 93.0539703369, 93.5996322632, 94.0872573853, 94.5748748779, 95.0508804321, 95.5268936157, 96.0145111084, 96.4905166626, 96.8504257202, 97.1987304688, 97.5586395264, 97.9069366455, 98.2436294556, 98.5803146362, 98.9170074463, 99.253692627, 99.590385437, 99.9270706177, 100.252151489, 100.577232361, 100.913917542, 101.250610352, 101.587303162, 101.912376404, 102.249069214, 102.585754395, 102.922447205, 103.259140015, 103.584213257, 103.920906067, 104.257591248, 104.582672119, 104.919364929, 105.25605011, 105.59274292, 105.929428101, 106.254508972, 106.591201782, 106.927886963, 107.264579773, 107.601264954, 107.937957764, 108.274642944, 108.611335754, 108.948028564, 109.284713745, 109.621406555, 109.946479797, 110.283172607, 110.619865417, 110.94493866, 111.28163147, 111.61831665, 111.95500946, 112.291702271, 112.63999939, 112.988296509, 113.336593628, 113.696502686, 114.056411743, 114.427932739, 114.787841797, 115.159362793, 115.530883789, 115.902404785, 116.262313843, 116.6222229, 116.982131958, 117.400085449, 117.806434631, 118.201179504, 118.607528687, 119.013877869, 119.420227051, 119.814964294, 120.221313477, 120.557998657, 120.906303406, 121.254600525, 121.602897644, 122.020858765, 122.438819885, 122.856781006, 123.263130188, 123.681083679, 124.0990448, 124.505393982, 124.911743164, 125.329704285, 125.736053467, 126.154014587, 126.502311707, 126.862220764, 127.222129822, 127.582038879, 127.930335999, 128.267028809, 128.603713989, 128.94039917, 129.277099609, 129.625396729, 129.962081909, 130.29876709, 130.635467529, 130.97215271, 131.308837891, 131.633926392, 131.970611572, 132.307296753, 132.643981934, 132.980682373, 133.305755615, 133.642440796, 133.979141235, 134.315826416, 134.652511597, 134.977600098, 135.30267334, 135.639358521, 135.97605896, 136.312744141, 136.649429321, 136.986114502, 137.311203003, 137.647888184, 137.984573364, 138.321273804, 138.657958984, 138.994644165, 139.319732666, 139.644805908, 139.96987915, 140.294967651, 140.620040894, 140.945129395, 141.281814575, 141.618499756, 141.955184937, 142.291885376, 142.616958618, 142.953643799, 143.290344238, 143.627029419, 143.9637146, 144.288803101, 144.613876343, 144.950561523, 145.287246704, 145.623947144, 145.960632324, 146.285705566, 146.610794067, 146.947479248, 147.284164429, 147.60925293, 147.94593811, 148.282623291, 148.61932373, 148.96762085, 149.30430603, 149.640991211, 149.97769165, 150.302764893, 150.627838135, 150.952926636, 151.289611816, 151.637908936, 151.974594116, 152.299682617, 152.624755859, 152.96144104, 153.309753418, 153.646438599, 153.983123779, 154.31980896, 154.644897461, 154.981582642, 155.318267822, 155.654968262, 155.991653442, 156.339950562, 156.688247681, 157.0365448, 157.384857178, 157.767974854, 158.162719727, 158.545852661, 159.010253906, 159.463043213, 159.915817261, 160.368606567, 160.798187256, 161.239364624, 161.680541992, 162.04045105, 162.388748169, 162.748657227, 163.131790161, 163.503311157, 163.874832153, 164.246353149, 164.617858887, 164.977767944, 165.337677002, 165.68598938, 166.022674561, 166.359359741, 166.70765686, 167.0443573, 167.38104248, 167.717727661, 168.054412842, 168.379501343, 168.704574585, 169.029663086, 169.366348267, 169.703033447, 170.039718628, 170.364807129, 170.689880371, 171.026565552, 171.363265991, 171.688339233, 172.013427734, 172.350112915, 172.686798096, 173.023483276, 173.360183716, 173.696868896, 174.033554077, 174.370239258, 174.706939697, 175.032012939, 175.35710144, 175.693786621, 176.030471802, 176.367156982, 176.692245483, 177.028930664, 177.365615845, 177.702316284, 178.039001465, 178.387298584, 178.723983765, 179.072280884, 179.420593262, 179.768890381, 180.152008057, 180.535140991, 180.906661987, 181.278182983, 181.603256226, 181.928344727, 182.265029907, 182.601715088, 182.950012207, 183.298324585, 183.646621704, 183.983306885, 184.319992065, 184.656692505, 185.004989624, 185.341674805, 185.666748047, 186.003448486, 186.340133667, 186.676818848, 187.013504028, 187.350204468, 187.686889648, 188.035186768, 188.371871948, 188.708572388, 189.045257568, 189.381942749, 189.718643188, 190.055328369, 190.380401611, 190.705490112, 191.030563354, 191.355636597, 191.680725098, 192.017410278, 192.354095459, 192.702392578, 193.050704956, 193.387390137, 193.712463379, 194.03755188, 194.362625122, 194.699310303, 195.024398804, 195.361083984, 195.697769165, 196.034469604, 196.371154785, 196.719451904, 197.056137085, 197.392837524, 197.729522705, 198.066207886, 198.402893066, 198.727981567, 199.064666748, 199.401351929, 199.738052368, 200.074737549, 200.411422729, 200.759719849, 201.096420288, 201.433105469, 201.769790649, 202.10647583, 202.431564331, 202.756637573, 203.081726074, 203.406799316, 203.731872559, 204.05696106, 204.382034302, 204.718719482, 205.055419922, 205.392105103, 205.728790283, 206.053878784, 206.378952026, 206.715637207, 207.052337646, 207.377410889, 207.714096069, 208.050796509, 208.387481689, 208.72416687, 209.060852051, 209.39755249, 209.722625732, 210.059310913, 210.396011353, 210.732696533, 211.080993652, 211.417678833, 211.754379272, 212.091064453, 212.416137695, 212.752838135, 213.089523315, 213.414596558, 213.751281738, 214.087982178, 214.41305542, 214.749740601, 215.074829102, 215.411514282, 215.748199463, 216.073287964, 216.409973145, 216.735046387, 217.060134888, 217.396820068, 217.733505249, 218.070205688, 218.406890869, 218.755187988, 219.091873169, 219.451782227, 219.800079346, 220.18321228, 220.577957153, 220.972686768, 221.367431641, 221.773788452, 222.191741943, 222.609695435, 222.969604492, 223.32951355, 223.701034546, 224.072555542, 224.409240723, 224.745941162, 225.082626343, 225.419311523, 225.767608643, 226.115921021, 226.46421814, 226.80090332, 227.149200439, 227.497497559, 227.845794678, 228.194107056, 228.542404175, 228.937133789, 229.320266724, 229.715011597, 230.098129272, 230.481262207, 230.864395142, 231.247528076, 231.630645752, 232.013778687, 232.396911621, 232.780044556, 233.151565552, 233.511474609, 233.871383667, 234.219680786, 234.579589844, 234.927886963, 235.287796021, 235.647705078, 236.007614136, 236.367523193, 236.727432251, 237.087341309, 237.447250366, 237.807159424, 238.167068481, 238.526977539, 238.886886597, 239.28163147, 239.676361084, 240.071105957, 240.477462769, 240.907028198, 241.348205566, 241.789382935, 242.218948364, 242.694961548, 243.18258667, 243.658584595, 244.169433594, 244.680267334, 245.179489136, 245.678726196, 246.177947998, 246.677185059, 247.188018799, 247.698867798, 248.256134033, 248.813415527, 249.370697021, 249.927978516, 250.48526001, 251.042541504, 251.564987183, 252.075820923, 252.598266602, 253.120727539, 253.631561279, 254.119186401, 254.595184326, 255.07119751, 255.547210693, 256.023223877, 256.487609863, 256.963623047, 257.462860107, 257.96206665, 258.461303711, 259.041809082, 259.622314453, 260.179595947, 260.748474121, 261.317352295, 261.851409912, 262.385467529, 262.919555664, 263.453613281, 263.987670898, 264.510101318, 264.974517822, 265.438903809, 265.891693115, 266.332885742, 266.774047852, 267.215240479, 267.656402588, 268.097595215, 268.538757324, 268.979949951, 269.421142578, 269.850708008, 270.291870117, 270.640167236, 271.000091553, 271.359985352, 271.719909668, 272.068206787, 272.428100586, 272.776397705, 273.136322021, 273.49621582, 273.844543457, 274.192840576, 274.552734375, 274.912658691, 275.260955811, 275.60925293, 275.957550049, 276.410339355, 276.851501465, 277.292694092, 277.733886719, 278.175048828, 278.616241455, 279.057403564, 279.486968994, 279.916534424, 280.346130371, 280.868560791, 281.391021729, 281.913452148, 282.435913086, 282.958374023, 283.469207764, 283.980041504, 284.490875244, 285.013336182, 285.535766602, 286.069824219, 286.603881836, 287.137939453, 287.672027588, 288.206085205, 288.716918945, 289.239349365, 289.750213623, 290.261047363, 290.760253906, 291.259490967, 291.758728027, 292.269561768, 292.826843262, 293.384124756, 293.94140625, 294.475463867, 295.021118164, 295.566802979, 296.112457275, 296.65814209, 297.26184082, 297.865570068, 298.469299316, 299.072998047, 299.676727295, 300.280456543, 300.884155273, 301.476287842, 302.033569336, 302.590820312, 303.148101807, 303.612518311, 304.076904297, 304.541320801, 305.017303467, 305.504943848, 305.992553711, 306.480163574, 306.967803955, 307.455413818, 307.931427002, 308.407440186, 308.883453369, 309.371063232, 309.858673096, 310.346282959, 310.938415527, 311.530517578, 312.122619629, 312.71472168, 313.306854248, 313.898956299, 314.49105835, 315.106384277, 315.721710205, 316.325439453, 316.940765381, 317.544494629, 318.148193359, 318.751922607, 319.355651855, 319.947753906, 320.539855957, 321.062316895, 321.584747314, 322.107208252, 322.629669189, 323.152099609, 323.674560547, 324.15057373, 324.638183594, 325.114196777, 325.61340332, 326.112640381, 326.600280762, 327.087890625, 327.575500488, 328.074737549, 328.562347412, 329.049957275, 329.537597656, 330.02520752, 330.512817383, 331.000457764, 331.488067627, 331.97567749, 332.463317871, 332.974151611, 333.484985352, 333.995819092, 334.506652832, 335.017486572, 335.52835083, 336.027557373, 336.538421631, 337.037628174, 337.536865234, 338.036102295, 338.535308838, 339.034545898, 339.533782959, 340.021392822, 340.520629883, 341.031463623, 341.542297363, 342.146026611, 342.749755859, 343.399902344, 344.038452148, 344.677001953, 345.303924561, 345.930877686, 346.58102417, 347.231201172, 347.892974854, 348.554718018, 349.216491699, 349.878265381, 350.540039062, 351.097320557, 351.66619873, 352.211883545, 352.757537842, 353.303222656, 353.767608643, 354.232025146, 354.684814453, 355.13760376, 355.567169189, 355.996734619, 356.426300049, 356.832641602, 357.238983154, 357.645355225, 358.063293457, 358.481262207, 358.88760376, 359.29397583, 359.700317383, 360.118255615, 360.536224365, 360.954193115, 361.360534668, 361.766876221, 362.184844971, 362.591186523, 362.974334717, 363.357452393, 363.752197266, 364.216583252, 364.680999756, 365.145385742, 365.66784668, 366.1902771, 366.724334717, 367.246795654, 367.769256592, 368.291687012, 368.814147949, 369.336578369, 369.859039307, 370.381500244, 370.903930664, 371.426391602, 371.948822021, 372.471282959, 372.993743896, 373.411682129, 373.829650879, 374.247619629, 374.642364502, 375.037078857, 375.420227051, 375.814971924, 376.18649292, 376.557983398, 376.929504395, 377.301025391, 377.672546387, 378.044067383, 378.415588379, 378.798736572, 379.181854248, 379.564971924, 379.93649292, 380.308013916, 380.725982666, 381.143951416, 381.561889648, 381.968261719, 382.374603271, 382.780944824, 383.187286377, 383.674926758, 384.162536621, 384.650146484, 385.137756348, 385.625396729, 386.113006592, 386.670288086, 387.22756958, 387.784851074, 388.376953125, 388.980682373, 389.584381104, 390.188110352, 390.7918396, 391.31427002, 391.836730957, 392.347564697, 392.870025635, 393.392456055, 393.903289795, 394.414154053, 394.924987793, 395.412597656, 395.90020752, 396.3878479, 396.921905518, 397.455963135, 397.990020752, 398.500854492, 399.02331543, 399.53414917, 400.03338623, 400.544219971, 401.055053711, 401.554290771, 402.065124512, 402.564361572, 403.075195312, 403.586029053, 404.096862793, 404.53805542, 404.979217529, 405.420410156, 405.873199463, 406.32598877, 406.778778076, 407.289611816, 407.812042236, 408.334503174, 408.856964111, 409.379394531, 409.901855469, 410.412689209, 410.923522949, 411.434356689, 411.945220947, 412.44442749, 412.943664551, 413.454498291, 413.965332031, 414.476196289, 414.975402832, 415.474639893, 415.973876953, 416.391815186, 416.821411133, 417.250976562, 417.634094238, 418.017211914, 418.411956787, 418.80670166, 419.178222656, 419.549743652, 419.921264648, 420.304382324, 420.67590332, 421.059051514, 421.442169189], "beats_loudness": {"dmean2": 0.0240364931524, "median": 0.0168222859502, "min": 1.79318560001e-09, "dvar2": 0.00148408859968, "dvar": 0.000552024401259, "dmean": 0.0142265427858, "max": 0.249097988009, "var": 0.00100440694951, "mean": 0.026488635689}, "danceability": 0.833487570286, "bpm_histogram_second_peak_weight": {"dmean2": 0, "median": 0.110195674002, "min": 0.110195674002, "dvar2": 0, "dvar": 0, "dmean": 0, "max": 0.110195674002, "var": 0, "mean": 0.110195674002}, "beats_count": 972, "bpm_histogram_second_peak_bpm": {"dmean2": 0, "median": 120, "min": 120, "dvar2": 0, "dvar": 0, "dmean": 0, "max": 120, "var": 0, "mean": 120}, "bpm_histogram_first_peak_spread": {"dmean2": 0, "median": 0, "min": 0, "dvar2": 0, "dvar": 0, "dmean": 0, "max": 0, "var": 0, "mean": 0}, "beats_loudness_band_ratio": {"dmean2": [0.27999445796, 0.225592002273, 0.210742264986, 0.087255641818, 0.0235060080886, 0.00416782079265], "median": [0.498996913433, 0.207753360271, 0.149150133133, 0.0428098961711, 0.00947598926723, 0.000743473996408], "min": [0.000360352947609, 0.00125027331524, 0.000374654453481, 0.000106290375697, 1.07712612589e-05, 1.06345369204e-05], "dvar2": [0.0633330345154, 0.0410170853138, 0.0475893653929, 0.0154030825943, 0.00230091135018, 0.000471704959637], "dvar": [0.0225697327405, 0.0140527747571, 0.0173502396792, 0.00534360995516, 0.00126299774274, 0.000390637054807], "dmean": [0.164586663246, 0.129681646824, 0.122379720211, 0.0510575138032, 0.0150967082009, 0.00281286728568], "max": [0.997939109802, 0.930825650692, 0.99575817585, 0.759189605713, 0.919869124889, 0.873133480549], "var": [0.0871736705303, 0.0331425964832, 0.0452915169299, 0.00813481677324, 0.00348924635909, 0.00169082579669], "mean": [0.482292830944, 0.249881878495, 0.224372580647, 0.0748576968908, 0.0243340395391, 0.00482980627567]}}, "lowlevel": {"barkbands_spread": {"dmean2": 2.92711687088, "median": 7.13813781738, "min": 0.0435033068061, "dvar2": 13.81665802, "dvar": 5.236764431, "dmean": 1.83172881603, "max": 122.519065857, "var": 33.2701377869, "mean": 8.07161140442}, "melbands_spread": {"dmean2": 3.64381361008, "median": 8.21102619171, "min": 0.134226992726, "dvar2": 24.4618682861, "dvar": 9.537733078, "dmean": 2.29121613503, "max": 167.488418579, "var": 99.6743392944, "mean": 9.80617618561}, "hfc": {"dmean2": 2.69768404961, "median": 4.02196598053, "min": 1.20184578444e-16, "dvar2": 28.4479885101, "dvar": 12.2519407272, "dmean": 1.76092016697, "max": 204.051391602, "var": 178.679626465, "mean": 8.42225456238}, "barkbands_kurtosis": {"dmean2": 7.46990156174, "median": 3.61445975304, "min": -1.93903756142, "dvar2": 712.538574219, "dvar": 338.786743164, "dmean": 4.72786521912, "max": 1438.89978027, "var": 1110.87597656, "mean": 10.0655641556}, "gfcc": {"mean": [-133.193771362, 178.474334717, -102.452705383, -6.53929805756, -25.1777057648, -17.5619831085, -19.7306861877, -3.74642705917, -11.9582605362, -3.34558916092, -11.1286115646, -2.62367105484, -9.36916923523], "icov": [[0.000604476023, -0.0015810453333, 0.00117152289022, -0.00139345740899, 0.00106869637966, -0.000781561015174, 0.000518334505614, -0.000348695291905, 7.16576469131e-05, -0.000348849716829, 0.000544683949556, -0.00169937463943, 0.00138290086761], [-0.0015810453333, 0.00624445499852, -0.00340668321587, 0.00437821773812, -0.00348293455318, 0.0032207982149, -0.0034295078367, 0.00346754933707, -0.00295868888497, 0.00447284756228, -0.00517681986094, 0.00783667527139, -0.00562662445009], [0.00117152289022, -0.00340668321587, 0.00352095812559, -0.00276594189927, 0.0016354060499, -0.00227372697555, 0.000672972353641, -0.000968648004346, 0.000739625131246, -0.00121340015903, 0.00249491166323, -0.00451351655647, 0.00370057485998], [-0.00139345740899, 0.00437821773812, -0.00276594189927, 0.00564757734537, -0.00322656868957, 0.00155765574891, -0.00149594026152, 0.000427241961006, -0.00102209707256, 0.00257045240141, -0.00288941455074, 0.00467434944585, -0.00396174704656], [0.00106869637966, -0.00348293455318, 0.0016354060499, -0.00322656868957, 0.00659594684839, -0.00279232067987, 0.000181831681402, 0.000371654197806, -0.000639501085971, -0.00156422343571, 0.00271571357735, -0.00440584355965, 0.0026817379985], [-0.000781561015174, 0.0032207982149, -0.00227372697555, 0.00155765574891, -0.00279232067987, 0.00808546226472, -0.00511971535161, 0.00393025670201, -0.00232761283405, 0.00189718056936, -0.00354628451169, 0.00624111387879, -0.00452715950087], [0.000518334505614, -0.0034295078367, 0.000672972353641, -0.00149594026152, 0.000181831681402, -0.00511971535161, 0.0152574200183, -0.0102271707729, 0.00337418797426, -0.00207661185414, 0.000732308311854, -0.00256530707702, 0.00126664771233], [-0.000348695291905, 0.00346754933707, -0.000968648004346, 0.000427241961006, 0.000371654197806, 0.00393025670201, -0.0102271707729, 0.0176639277488, -0.0112379994243, 0.00547884777188, -0.000778871763032, -0.00065237848321, -0.000450973020634], [7.16576469131e-05, -0.00295868888497, 0.000739625131246, -0.00102209707256, -0.000639501085971, -0.00232761283405, 0.00337418797426, -0.0112379994243, 0.021699341014, -0.0143069401383, 0.0053859623149, -0.00330194528215, 0.00118936621584], [-0.000348849716829, 0.00447284756228, -0.00121340015903, 0.00257045240141, -0.00156422343571, 0.00189718056936, -0.00207661185414, 0.00547884777188, -0.0143069401383, 0.027895770967, -0.0174561757594, 0.00738247763366, -0.00204584538005], [0.000544683949556, -0.00517681986094, 0.00249491166323, -0.00288941455074, 0.00271571357735, -0.00354628451169, 0.000732308311854, -0.000778871763032, 0.0053859623149, -0.0174561757594, 0.0292765591294, -0.0132750477642, 0.00219843327068], [-0.00169937463943, 0.00783667527139, -0.00451351655647, 0.00467434944585, -0.00440584355965, 0.00624111387879, -0.00256530707702, -0.00065237848321, -0.00330194528215, 0.00738247763366, -0.0132750477642, 0.0263046491891, -0.0110855810344], [0.00138290086761, -0.00562662445009, 0.00370057485998, -0.00396174704656, 0.0026817379985, -0.00452715950087, 0.00126664771233, -0.000450973020634, 0.00118936621584, -0.00204584538005, 0.00219843327068, -0.0110855810344, 0.0186767783016]], "cov": [[10564.1611328, 1833.16577148, -1731.62792969, 560.44720459, -254.640869141, 13.0838508606, 20.0906658173, -155.607330322, 117.740966797, -3.23572564125, 280.06072998, -74.4480056763, 181.645629883], [1833.16577148, 1458.52355957, 194.439025879, -196.232467651, 219.766311646, 149.816543579, 120.186134338, -179.127563477, 20.4055023193, -28.7995414734, 87.3881072998, -133.14654541, 122.027359009], [-1731.62792969, 194.439025879, 1155.87487793, 86.3670806885, 239.408950806, 202.949752808, 151.659317017, 45.3618850708, 20.6142845154, -24.5303592682, -38.7784957886, 4.64945363998, -14.9559669495], [560.44720459, -196.232467651, 86.3670806885, 552.610229492, 99.3497848511, 85.4044723511, 69.6254501343, 90.8450317383, 44.2905044556, -0.490842282772, 10.3841581345, 36.4781990051, 20.9556159973], [-254.640869141, 219.766311646, 239.408950806, 99.3497848511, 343.356109619, 150.004089355, 89.5135421753, -3.45609259605, 38.8631019592, 9.66522598267, 10.0396137238, -6.81064844131, 32.9646720886], [13.0838508606, 149.816543579, 202.949752808, 85.4044723511, 150.004089355, 293.5519104, 107.494354248, -12.2021627426, 28.5070037842, 16.6515350342, 24.3961906433, -28.6186752319, 44.2520370483], [20.0906658173, 120.186134338, 151.659317017, 69.6254501343, 89.5135421753, 107.494354248, 177.39251709, 91.5281829834, 51.0174560547, 9.96459579468, 17.2624607086, 11.1651554108, 25.2599887848], [-155.607330322, -179.127563477, 45.3618850708, 90.8450317383, -3.45609259605, -12.2021627426, 91.5281829834, 194.60484314, 83.6600723267, 15.7901830673, -3.95763587952, 51.4071540833, -8.74983310699], [117.740966797, 20.4055023193, 20.6142845154, 44.2905044556, 38.8631019592, 28.5070037842, 51.0174560547, 83.6600723267, 123.047683716, 56.2028846741, 24.0199623108, 19.9945735931, 9.99071121216], [-3.23572564125, -28.7995414734, -24.5303592682, -0.490842282772, 9.66522598267, 16.6515350342, 9.96459579468, 15.7901830673, 56.2028846741, 92.7089691162, 47.7766494751, 11.0288038254, 6.17213058472], [280.06072998, 87.3881072998, -38.7784957886, 10.3841581345, 10.0396137238, 24.3961906433, 17.2624607086, -3.95763587952, 24.0199623108, 47.7766494751, 83.0909881592, 23.8571929932, 26.7655105591], [-74.4480056763, -133.14654541, 4.64945363998, 36.4781990051, -6.81064844131, -28.6186752319, 11.1651554108, 51.4071540833, 19.9945735931, 11.0288038254, 23.8571929932, 95.257484436, 20.4083805084], [181.645629883, 122.027359009, -14.9559669495, 20.9556159973, 32.9646720886, 44.2520370483, 25.2599887848, -8.74983310699, 9.99071121216, 6.17213058472, 26.7655105591, 20.4083805084, 97.3349838257]]}, "spectral_energyband_middle_low": {"dmean2": 0.00611953204498, "median": 0.0063482192345, "min": 4.02972288979e-22, "dvar2": 0.000138668314321, "dvar": 5.52432939003e-05, "dmean": 0.00388605589978, "max": 0.286629289389, "var": 0.00036708987318, "mean": 0.013202519156}, "melbands_crest": {"dmean2": 5.02764081955, "median": 14.1102590561, "min": 1.64245355129, "dvar2": 19.2605438232, "dvar": 7.90341615677, "dmean": 3.1567401886, "max": 38.7451324463, "var": 39.8054962158, "mean": 15.4431438446}, "spectral_kurtosis": {"dmean2": 16.5096492767, "median": 19.6677284241, "min": -1.1860871315, "dvar2": 322.860534668, "dvar": 111.753944397, "dmean": 9.49614906311, "max": 197.807922363, "var": 519.093017578, "mean": 27.093421936}, "spectral_rms": {"dmean2": 0.000953751499765, "median": 0.00390975130722, "min": 3.26445511248e-12, "dvar2": 1.51672611537e-06, "dvar": 6.01229373842e-07, "dmean": 0.000612675969023, "max": 0.023694396019, "var": 7.02600164004e-06, "mean": 0.0041784811765}, "zerocrossingrate": {"dmean2": 0.00432282779366, "median": 0.02197265625, "min": 0.00146484375, "dvar2": 2.72887118626e-05, "dvar": 1.8154785721e-05, "dmean": 0.00325953168795, "max": 0.515625, "var": 0.0009941047756, "mean": 0.0257428456098}, "silence_rate_60dB": {"dmean2": 0.0516994819045, "median": 0, "min": 0, "dvar2": 0.0570652000606, "dvar": 0.0251826588064, "dmean": 0.025848319754, "max": 1, "var": 0.167341187596, "mean": 0.212494507432}, "erbbands_kurtosis": {"dmean2": 2.08785176277, "median": 0.410611391068, "min": -1.87617909908, "dvar2": 14.4566755295, "dvar": 6.52848863602, "dmean": 1.33257377148, "max": 111.172340393, "var": 31.9961738586, "mean": 1.78207290173}, "erbbands": {"dmean2": [0.184775650501, 1.38663995266, 2.75025296211, 4.1811709404, 8.83458137512, 9.47064399719, 11.6449756622, 21.6183681488, 17.4750385284, 24.6302394867, 14.6267166138, 14.1249284744, 15.5562505722, 11.851937294, 15.5664463043, 5.9280705452, 10.817864418, 13.7458057404, 6.75194263458, 5.45340633392, 4.3427438736, 4.40391206741, 1.93593037128, 2.18346810341, 0.922608375549, 0.516537964344, 0.222472012043, 0.150831967592, 0.0816268473864, 0.0466738045216, 0.0189436282963, 0.0149038285017, 0.003993304912, 0.0016748579219, 0.000658288714476, 0.000260717613855, 7.64494907344e-05, 7.65812292229e-05, 7.51399284127e-06, 1.24984380818e-05], "median": [0.0419893041253, 0.463099420071, 1.06086707115, 1.81255316734, 2.93277692795, 4.23589277267, 5.31785011292, 6.94837999344, 6.28451251984, 7.36205005646, 6.40985012054, 5.60417318344, 6.48250484467, 5.3754234314, 3.2220454216, 1.8568611145, 1.90776312351, 2.74465942383, 1.92985463142, 1.37643003464, 0.850384473801, 0.722918391228, 0.442271202803, 0.306804776192, 0.181003972888, 0.0858630686998, 0.0467727594078, 0.0197486225516, 0.00906083453447, 0.0043130852282, 0.00261474912986, 0.0013758384157, 0.00077554048039, 0.000396017916501, 0.000210456724744, 0.000108083157102, 0.000144307996379, 0.000588819733821, 2.62245812337e-05, 1.81544273801e-05], "min": [1.54580215057e-21, 5.21366972162e-21, 4.39985243804e-21, 2.88819578213e-20, 1.33514460115e-19, 8.24836654116e-20, 1.74629058872e-19, 4.72814059991e-19, 6.13365125857e-19, 4.90976671496e-19, 2.22565868504e-18, 2.25389635641e-18, 4.8652302768e-18, 3.43501080267e-18, 2.08446701949e-18, 5.42846913642e-18, 2.76943543241e-18, 6.60237697839e-18, 1.22481708636e-17, 1.40739834686e-17, 1.14296433874e-17, 1.31140974432e-17, 1.06352207815e-17, 8.22784643906e-18, 1.02124661412e-17, 1.31564929311e-17, 1.11696257793e-17, 2.05026260486e-17, 2.25629327767e-17, 1.71118075769e-17, 1.47892250376e-17, 2.02251532752e-17, 1.19701943372e-17, 1.02041504945e-17, 8.21591105e-18, 5.91092471023e-18, 3.12336616419e-18, 1.35731074097e-18, 3.63032122508e-19, 4.6850378984e-20], "dvar2": [0.258193165064, 16.869852066, 49.7782325745, 87.1497344971, 514.99798584, 408.352020264, 696.254699707, 4977.14453125, 2409.06713867, 9134.31542969, 1299.83032227, 2177.10327148, 1639.57006836, 974.52532959, 3475.03344727, 223.478927612, 1816.45996094, 2640.13256836, 535.428649902, 363.460174561, 321.728851318, 443.791229248, 41.1600990295, 138.518051147, 15.6858139038, 5.11814498901, 0.837788462639, 0.58044064045, 0.276085883379, 0.123136505485, 0.0386848896742, 0.0680708140135, 0.00211851368658, 0.000194526946871, 1.54644640133e-05, 2.96963821711e-06, 2.10892153518e-07, 1.8328734086e-08, 3.067187615e-10, 6.21151352576e-10], "dvar": [0.102321237326, 6.45534229279, 19.6784973145, 32.9739227295, 203.822921753, 149.243362427, 246.296920776, 1524.86694336, 1072.52185059, 4274.09423828, 647.953125, 1202.17993164, 732.897705078, 410.500854492, 1517.95617676, 94.1154098511, 873.434875488, 1149.73828125, 188.33039856, 136.427597046, 123.558074951, 153.72869873, 14.8946523666, 49.3392333984, 5.45038366318, 1.83821213245, 0.302233636379, 0.203030452132, 0.0937395244837, 0.0431747436523, 0.0130864325911, 0.0256845299155, 0.000831526180264, 0.00010335182742, 6.57067039356e-06, 1.15345324048e-06, 8.38786533564e-08, 7.39001038141e-09, 1.19486226469e-10, 2.43244646647e-10], "dmean": [0.119364529848, 0.83442568779, 1.6857432127, 2.56863951683, 5.4616560936, 5.76451778412, 7.11877393723, 12.9394311905, 11.7364635468, 16.7035121918, 10.0413398743, 10.3427724838, 10.3415603638, 7.62524843216, 9.97284889221, 3.80041241646, 7.03768825531, 8.80356884003, 4.05382013321, 3.27288937569, 2.59120416641, 2.58682465553, 1.13939869404, 1.29300796986, 0.540261089802, 0.30322933197, 0.131742089987, 0.0899914801121, 0.0478845089674, 0.0279179681093, 0.011095425114, 0.00924654211849, 0.0024106411729, 0.00104070676025, 0.000409448199207, 0.000156095644343, 4.67981844849e-05, 5.315492308e-05, 4.7593389354e-06, 7.89821024227e-06], "max": [16.6751155853, 98.3459625244, 232.827529907, 264.315795898, 548.136657715, 367.202911377, 432.783416748, 1208.11706543, 2074.90551758, 3156.5715332, 1268.47583008, 1662.20288086, 969.907287598, 517.023864746, 1518.51184082, 493.348205566, 2365.77929688, 2235.38232422, 605.127624512, 497.653411865, 539.311645508, 564.895874023, 164.984191895, 305.234405518, 106.013076782, 69.0114593506, 35.5181388855, 28.4054164886, 34.2544403076, 15.2656402588, 17.3109340668, 23.056968689, 4.17597818375, 1.99173033237, 0.438934773207, 0.140113800764, 0.0371032431722, 0.00518092978746, 0.00047387034283, 0.000621884886641], "var": [0.175354123116, 9.83141231537, 55.6279678345, 78.7469329834, 512.237243652, 447.491790771, 707.569335938, 4852.45849609, 7590.53417969, 12649.9746094, 2912.72558594, 6600.02246094, 2509.82568359, 1008.61425781, 4052.24023438, 419.955841064, 3388.35327148, 3744.31005859, 410.087341309, 363.915222168, 240.773132324, 292.913482666, 46.4373283386, 137.402740479, 22.573551178, 7.52910089493, 1.71353149414, 0.960425913334, 0.673142075539, 0.28153860569, 0.133799552917, 0.239649534225, 0.0125275570899, 0.00139197288081, 9.7068521427e-05, 1.18826119433e-05, 6.86547195983e-07, 5.55678809633e-07, 1.51676327054e-09, 1.27609589562e-09], "mean": [0.197490468621, 1.36529111862, 3.14918875694, 4.7173910141, 10.0373306274, 11.8340110779, 14.969865799, 27.5539493561, 29.2557163239, 34.7305297852, 22.5851726532, 25.8862667084, 22.0740699768, 15.1914682388, 18.3982906342, 8.79890060425, 14.7645616531, 17.3108692169, 7.85326814651, 6.45430040359, 4.78149652481, 4.71113634109, 2.48649406433, 2.63829946518, 1.2528386116, 0.698976397514, 0.337999880314, 0.230151683092, 0.137641236186, 0.0825925245881, 0.0388837829232, 0.0320733934641, 0.00973345153034, 0.00400080485269, 0.00160408229567, 0.000605742272455, 0.000293255579891, 0.000760550843552, 3.84964696423e-05, 2.90235548164e-05]}, "spectral_strongpeak": {"dmean2": 0.473612725735, "median": 0.329461991787, "min": 0, "dvar2": 0.647978425026, "dvar": 0.258353114128, "dmean": 0.285793691874, "max": 13.0228252411, "var": 0.725259304047, "mean": 0.634815812111}, "spectral_energy": {"dmean2": 0.0114075373858, "median": 0.015668310225, "min": 1.09230839709e-20, "dvar2": 0.000525485083926, "dvar": 0.00020542294078, "dmean": 0.00720320502296, "max": 0.575460016727, "var": 0.000986946048215, "mean": 0.0250977184623}, "average_loudness": 0.0482583940029, "spectral_rolloff": {"dmean2": 212.165863037, "median": 516.796875, "min"