{"tonal": {"thpcp": [1, 0.558248341084, 0.202355444431, 0.269691854715, 0.142291203141, 0.0872591882944, 0.136691451073, 0.115897506475, 0.128092870116, 0.14843788743, 0.0869771316648, 0.0814804360271, 0.120332561433, 0.0780406817794, 0.200928121805, 0.373527705669, 0.227429017425, 0.0720994919538, 0.0730141326785, 0.0760130360723, 0.181901186705, 0.2535353899, 0.123805135489, 0.112544491887, 0.186146274209, 0.100211836398, 0.0486959591508, 0.0745449587703, 0.0540550649166, 0.0938274785876, 0.144240796566, 0.0810039490461, 0.0481221713126, 0.0682636499405, 0.080364882946, 0.540813803673], "hpcp": {"dmean2": [0.152488857508, 0.0869555398822, 0.0658848434687, 0.0722524523735, 0.0557797700167, 0.0505901761353, 0.0633660554886, 0.0538944527507, 0.061403952539, 0.0746318846941, 0.0554994978011, 0.0556992515922, 0.0706484690309, 0.102977626026, 0.228227257729, 0.238768562675, 0.266130745411, 0.143098458648, 0.150595963001, 0.100560583174, 0.0805038586259, 0.0717335641384, 0.0963355004787, 0.125977873802, 0.125145852566, 0.0871252268553, 0.0727536603808, 0.078536786139, 0.0615181364119, 0.135242700577, 0.22751711309, 0.17840744555, 0.0979101285338, 0.0946377068758, 0.112610347569, 0.142810285091], "median": [0.00483077066019, 0.00393587909639, 0.0018922627205, 0.00208925106563, 0.00216925656423, 0.00196071318351, 0.00168920226861, 0.00274365767837, 0.00229924032465, 0.00184873584658, 0.00157677324023, 0.00109762034845, 0.00113222980872, 0.00343520496972, 0.199648350477, 0.514001309872, 0.236677408218, 0.0125192804262, 0.00212337519042, 0.0018573331181, 0.00126701651607, 0.00131739745848, 0.00405948981643, 0.00887437351048, 0.00664992211387, 0.00197346368805, 0.00161832221784, 0.00116734416224, 0.0019151737215, 0.00852124486119, 0.014252747409, 0.0168346352875, 0.00251145474613, 0.000862432410941, 0.00120781885926, 0.00388378766365], "min": [3.33487059834e-06, 5.45287412024e-06, 1.90985588233e-06, 2.14430906453e-06, 3.76500452148e-06, 4.76700461149e-06, 6.82624613546e-06, 2.68933672487e-06, 2.20317747335e-06, 3.05623098029e-06, 2.71771637017e-06, 2.84759403257e-06, 2.6636982966e-06, 5.69296480535e-06, 2.05804335565e-05, 1.02604335552e-05, 2.27894997806e-05, 3.72608815269e-06, 1.14867907541e-06, 5.91910804815e-07, 2.04083061561e-08, 4.23641580483e-07, 2.85152577817e-06, 7.94697552919e-06, 3.78569916393e-06, 4.9045564765e-07, 3.540287139e-07, 1.17740194128e-06, 1.20369600154e-06, 8.37258539832e-07, 2.53068833445e-07, 4.9088976084e-07, 4.25833690088e-07, 6.2491966446e-07, 1.90619027762e-06, 3.01413138004e-06], "dvar2": [0.0806916803122, 0.0275720003992, 0.0338238142431, 0.0443545356393, 0.0204853471369, 0.0248044151813, 0.0249118134379, 0.0192871801555, 0.0260245744139, 0.0430792234838, 0.0178699232638, 0.0244672931731, 0.0353843010962, 0.042078781873, 0.0647412538528, 0.110052116215, 0.0803029462695, 0.0545070469379, 0.0940982028842, 0.0475711375475, 0.0468681119382, 0.0435143969953, 0.0515207722783, 0.0634336918592, 0.0594797022641, 0.0484853424132, 0.0352593176067, 0.0477188713849, 0.0218774452806, 0.0556956864893, 0.145351573825, 0.0905561521649, 0.050750285387, 0.0653311833739, 0.0740710347891, 0.069871969521], "dvar": [0.0386730246246, 0.0119965076447, 0.0136904241517, 0.0201698150486, 0.00896261166781, 0.00900293514132, 0.0103502487764, 0.00728984735906, 0.0113138519228, 0.0226979870349, 0.00794328562915, 0.00906269997358, 0.0142326103523, 0.0155391637236, 0.0328975170851, 0.0622518286109, 0.0375715568662, 0.0238433256745, 0.0484599657357, 0.0197483468801, 0.0180885251611, 0.0188407953829, 0.020334167406, 0.0250283088535, 0.027924887836, 0.0191256199032, 0.0136657077819, 0.0221172608435, 0.0094973994419, 0.0232163220644, 0.0636021718383, 0.0348463058472, 0.017803190276, 0.0241264179349, 0.0263024363667, 0.0285774040967], "dmean": [0.0927725210786, 0.0521048605442, 0.0396861843765, 0.0419793911278, 0.0350859798491, 0.0283093359321, 0.0357256494462, 0.0296486597508, 0.0358606465161, 0.0441500507295, 0.0316504277289, 0.030952308327, 0.0385334864259, 0.0568794161081, 0.151887267828, 0.146999433637, 0.174452483654, 0.0818932503462, 0.0851446017623, 0.0568645149469, 0.0456319600344, 0.0411286987364, 0.0555230788887, 0.0734228640795, 0.0745357945561, 0.050183288753, 0.0406322665513, 0.0438167564571, 0.0343822464347, 0.080354206264, 0.131878808141, 0.100791275501, 0.0525548905134, 0.0502384901047, 0.0599952861667, 0.0832753032446], "max": [1, 1, 1, 1, 0.842681586742, 1, 1, 1, 1, 1, 1, 1, 1, 1, 1, 1, 1, 1, 1, 1, 1, 1, 1, 1, 1, 1, 1, 1, 1, 1, 1, 1, 1, 1, 1, 1], "var": [0.0764952078462, 0.0196704808623, 0.0269016157836, 0.0701916068792, 0.0191390644759, 0.00868957862258, 0.0191113948822, 0.00897613726556, 0.0195383448154, 0.052472114563, 0.0142214959487, 0.00868312735111, 0.0193169992417, 0.0121831512079, 0.0828041881323, 0.197521284223, 0.0748163685203, 0.0388080067933, 0.100514106452, 0.0266956202686, 0.0210040323436, 0.0493695810437, 0.0283243786544, 0.0245851501822, 0.0384999960661, 0.0181232281029, 0.0157657917589, 0.0444122441113, 0.015046980232, 0.0354383103549, 0.113878682256, 0.0429353788495, 0.0129289394245, 0.0221256967634, 0.0182910263538, 0.0378393121064], "mean": [0.131975293159, 0.0644455179572, 0.0585839040577, 0.0968965739012, 0.0521642640233, 0.0253481920809, 0.0388036295772, 0.0281378198415, 0.0488409511745, 0.0750830993056, 0.0421657897532, 0.0250495113432, 0.0355339571834, 0.0418331325054, 0.281515181065, 0.520539939404, 0.290590554476, 0.105334088206, 0.140385389328, 0.0740682557225, 0.0454218909144, 0.071153357625, 0.0603292807937, 0.0666774511337, 0.0772678479552, 0.0452750697732, 0.0424138195813, 0.0626379027963, 0.0406232923269, 0.104591108859, 0.194436088204, 0.118385888636, 0.0375306643546, 0.0380067713559, 0.0395678207278, 0.0946868360043]}, "tuning_equal_tempered_deviation": 0.0386000201106, "chords_changes_rate": 0.0326773114502, "key_key": "G", "tuning_diatonic_strength": 0.539132297039, "key_scale": "minor", "chords_number_rate": 0.00334199774079, "tuning_frequency": 442.03793335, "tuning_nontempered_energy_ratio": 0.633827090263, "chords_histogram": [45.4140357971, 5.27292966843, 22.1685848236, 0, 0.705532848835, 0, 2.71073150635, 9.13479423523, 0, 2.2279984951, 0, 1.74526548386, 0, 4.23319721222, 0, 0, 0, 0, 0, 0, 0, 0, 6.38692903519, 0], "key_strength": 0.744668364525, "chords_key": "G", "chords_strength": {"dmean2": 0.00792349595577, "median": 0.499256134033, "min": 0.299010872841, "dvar2": 5.81257954764e-05, "dvar": 5.00872920384e-05, "dmean": 0.00881394557655, "max": 0.710308372974, "var": 0.00673591019586, "mean": 0.506486296654}, "chords_scale": "minor", "hpcp_entropy": {"dmean2": 0.877444386482, "median": 1.52455973625, "min": 0.0483410134912, "dvar2": 0.555149793625, "dvar": 0.214975655079, "dmean": 0.535460114479, "max": 3.55852842331, "var": 0.335806012154, "mean": 1.5165053606}}, "metadata": {"audio_properties": {"equal_loudness": 0, "codec": "flac", "downmix": "mix", "sample_rate": 44100, "analysis_sample_rate": 44100, "bit_rate": 0, "md5_encoded": "933d2fa40058ad4f8032689809f42ac2", "length": 124.982017517, "replay_gain": -9.11489486694, "lossless": true}, "version": {"essentia_build_sha": "cead25079874084f62182a551b7393616cd33d87", "essentia": "2.1-beta2", "extractor": "music 1.0", "essentia_git_sha": "v2.1_beta2-1-ge3940c0"}, "tags": {"title": ["Egypt"], "language": ["eng"], "albumartist": ["Allister Brimble"], "tracktotal": ["15"], "musicbrainz_releasegroupid": ["c7061987-8b07-451c-86c8-5a1d2d54860c"], "releasetype": ["soundtrack"], "musicbrainz_recordingid": ["0efdebce-76cc-4f28-9a76-542b2f19131a"], "album": ["Superfrog HD Soundtrack"], "originalyear": ["2013"], "musicbrainz_releasetrackid": ["6b35925d-417b-4add-9b6c-9d39b588589d"], "discnumber": ["1"], "bpm": ["0"], "releasecountry": ["XW"], "compilation": ["0"], "musicbrainz_albumartistid": ["b67babbc-b126-4e6f-996d-d1b6162e16b1"], "albumartistsort": ["Brimble, Allister"], "date": ["2013-10-31"], "file_name": "01-04 Egypt.flac", "disctotal": ["1"], "acoustid_id": ["1f763a01-13cb-40d5-9faa-7a7fa051f357"], "musicbrainz_artistid": ["b67babbc-b126-4e6f-996d-d1b6162e16b1"], "originaldate": ["2013-10-31"], "musicbrainz_albumid": ["f2338d2c-2353-4a64-a513-11f128c9d22f"], "tracknumber": ["4"], "artistsort": ["Brimble, Allister"], "artist": ["Allister Brimble"], "label": ["Humble Bundle"], "releasestatus": ["promotion"], "totaldiscs": ["1"], "script": ["Latn"], "totaltracks": ["15"]}}, "rhythm": {"bpm_histogram_first_peak_bpm": {"dmean2": 0, "median": 126, "min": 126, "dvar2": 0, "dvar": 0, "dmean": 0, "max": 126, "var": 0, "mean": 126}, "bpm": 125.000450134, "bpm_histogram_second_peak_spread": {"dmean2": 0, "median": 0, "min": 0, "dvar2": 0, "dvar": 0, "dmean": 0, "max": 0, "var": 0, "mean": 0}, "bpm_histogram_first_peak_weight": {"dmean2": 0, "median": 0.527131795883, "min": 0.527131795883, "dvar2": 0, "dvar": 0, "dmean": 0, "max": 0.527131795883, "var": 0, "mean": 0.527131795883}, "onset_rate": 4.37583827972, "beats_position": [0.476009070873, 0.96362811327, 1.43963718414, 1.91564619541, 2.39165520668, 2.86766433716, 3.35528349876, 3.84290242195, 4.31891155243, 4.80653047562, 5.2941493988, 5.75854873657, 6.23455762863, 6.71056699753, 7.19818592072, 7.6858048439, 8.17342376709, 8.64943313599, 9.12544155121, 9.6014509201, 10.077460289, 10.5534696579, 11.0410881042, 11.5170974731, 12.0047159195, 12.4923353195, 12.9683446884, 13.4443531036, 13.9087524414, 14.3847618103, 14.8723802567, 15.3599996567, 15.8360090256, 16.3236274719, 16.7996368408, 17.2756462097, 17.7516555786, 18.2276649475, 18.7152824402, 19.2029018402, 19.6789112091, 20.154920578, 20.642539978, 21.1069393158, 21.5829467773, 22.0589561462, 22.5465755463, 23.0341949463, 23.5218143463, 24.009431839, 24.4854412079, 24.9614505768, 25.4374599457, 25.9134693146, 26.4010887146, 26.8887062073, 27.3647155762, 27.8523349762, 28.3283443451, 28.7927436829, 29.2571430206, 29.7331504822, 30.2207698822, 30.7199993134, 31.2076187134, 31.6836280823, 32.171245575, 32.6472549438, 33.1232643127, 33.5992736816, 34.0868911743, 34.5629005432, 35.0389099121, 35.5265312195, 36.0141487122, 36.4901580811, 36.96616745, 37.4421768188, 37.9181861877, 38.4058036804, 38.8818130493, 39.3578224182, 39.8454399109, 40.3214492798, 40.7974586487, 41.2850799561, 41.7726974487, 42.2487068176, 42.7247161865, 43.2123336792, 43.6883430481, 44.164352417, 44.6519737244, 45.1279792786, 45.6039886475, 46.0916099548, 46.5676193237, 47.0436286926, 47.5312461853, 48.0072555542, 48.4832649231, 48.9708824158, 49.4468917847, 49.9229011536, 50.3989105225, 50.8749198914, 51.362537384, 51.8501586914, 52.3261680603, 52.8021774292, 53.2897949219, 53.7658042908, 54.2418136597, 54.7294311523, 55.2054405212, 55.6814498901, 56.1690673828, 56.6566886902, 57.1326980591, 57.608707428, 58.0847167969, 58.5607261658, 59.0483436584, 59.5243530273, 60.0003623962, 60.4879798889, 60.9756011963, 61.4399986267, 61.9276161194, 62.4036254883, 62.8796348572, 63.3672561646, 63.8548736572, 64.3424911499, 64.806892395, 65.2945098877, 65.7705230713, 66.2465286255, 66.7341461182, 67.2101593018, 67.686164856, 68.1737823486, 68.6497955322, 69.1258010864, 69.6134262085, 70.1010437012, 70.5654373169, 71.029838562, 71.5174560547, 72.0050811768, 72.4926986694, 72.9687042236, 73.4447174072, 73.9323348999, 74.4083404541, 74.8843536377, 75.3719711304, 75.8479766846, 76.3239898682, 76.8116073608, 77.2876205444, 77.7752380371, 78.2512435913, 78.7156448364, 79.2032623291, 79.6908798218, 80.1785049438, 80.6428985596, 81.1305236816, 81.6065292358, 82.08253479, 82.5701599121, 83.0461654663, 83.5221786499, 84.0097961426, 84.4858016968, 84.9618148804, 85.449432373, 85.9370498657, 86.4130630493, 86.8890686035, 87.3766860962, 87.8526992798, 88.328704834, 88.8047180176, 89.2807235718, 89.7683410645, 90.2559585571, 90.7319717407, 91.2079772949, 91.695602417, 92.1716079712, 92.6476211548, 93.123626709, 93.5996322632, 94.0872573853, 94.5748748779, 95.0624923706, 95.5384979248, 96.0145111084, 96.5369567871, 97.0594100952, 97.6050796509, 98.1507492065, 98.6383666992, 99.1259841919, 99.6136016846, 100.089614868, 100.565620422, 101.053237915, 101.540863037, 102.02848053, 102.492874146, 102.980499268, 103.456504822, 103.932518005, 104.420135498, 104.884536743, 105.372154236, 105.84815979, 106.324172974, 106.811790466, 107.287796021, 107.763809204, 108.251426697, 108.739044189, 109.215057373, 109.691062927, 110.167076111, 110.643081665, 111.130699158, 111.606712341, 112.082717896, 112.570335388, 113.046348572, 113.533966064, 114.009971619, 114.497596741, 114.973602295, 115.449615479, 115.937232971, 116.413238525, 116.889251709, 117.376869202, 117.841270447, 118.328887939, 118.816505432, 119.292518616, 119.76852417, 120.256141663, 120.732154846, 121.2081604, 121.695777893, 122.171791077, 122.647796631, 123.135414124, 123.611427307, 124.087432861, 124.575057983], "beats_loudness": {"dmean2": 0.0709770917892, "median": 0.0458995513618, "min": 0.00413514627144, "dvar2": 0.00174984929617, "dvar": 0.000797891116235, "dmean": 0.0377364195883, "max": 0.16988311708, "var": 0.00113833439536, "mean": 0.0565574094653}, "danceability": 1.66871607304, "bpm_histogram_second_peak_weight": {"dmean2": 0, "median": 0.00775193795562, "min": 0.00775193795562, "dvar2": 0, "dvar": 0, "dmean": 0, "max": 0.00775193795562, "var": 0, "mean": 0.00775193795562}, "beats_count": 259, "bpm_histogram_second_peak_bpm": {"dmean2": 0, "median": 110, "min": 110, "dvar2": 0, "dvar": 0, "dmean": 0, "max": 110, "var": 0, "mean": 110}, "bpm_histogram_first_peak_spread": {"dmean2": 0, "median": 0.462450623512, "min": 0.462450623512, "dvar2": 0, "dvar": 0, "dmean": 0, "max": 0.462450623512, "var": 0, "mean": 0.462450623512}, "beats_loudness_band_ratio": {"dmean2": [0.654050409794, 0.220860287547, 0.313395529985, 0.545218408108, 0.118440203369, 0.0452977269888], "median": [0.07253934443, 0.0299261882901, 0.025093510747, 0.419340610504, 0.0164750311524, 0.00507255038247], "min": [0.000125505743199, 5.65163782085e-06, 4.05992886954e-06, 0.000619507220108, 0.000281004555291, 0.000375342788175], "dvar2": [0.153807684779, 0.0486478060484, 0.186538204551, 0.139730095863, 0.0583377480507, 0.00268170097843], "dvar": [0.07301671803, 0.014020582661, 0.0678047910333, 0.0517487227917, 0.0200321804732, 0.000789054494817], "dmean": [0.33619594574, 0.112861774862, 0.169765412807, 0.292518854141, 0.0620001256466, 0.0230982918292], "max": [0.891391694546, 0.490562587976, 0.94415563345, 0.985643088818, 0.752986073494, 0.140021950006], "var": [0.0885479226708, 0.0103771043941, 0.0788926407695, 0.114740543067, 0.0118839824572, 0.000597629114054], "mean": [0.277002811432, 0.0771443918347, 0.17561596632, 0.468244075775, 0.04949368909, 0.0167139116675]}}, "lowlevel": {"barkbands_spread": {"dmean2": 4.74712610245, "median": 7.31452178955, "min": 0.501575231552, "dvar2": 36.2794075012, "dvar": 15.6552438736, "dmean": 3.04130291939, "max": 35.2278862, "var": 38.9814300537, "mean": 8.75593662262}, "melbands_spread": {"dmean2": 7.58180332184, "median": 10.3304710388, "min": 0.432123929262, "dvar2": 112.245018005, "dvar": 48.2485237122, "dmean": 4.96020364761, "max": 67.3861923218, "var": 134.125457764, "mean": 13.5221996307}, "hfc": {"dmean2": 12.3722810745, "median": 27.7735691071, "min": 0.503737568855, "dvar2": 223.429275513, "dvar": 96.5096893311, "dmean": 8.12536621094, "max": 117.788902283, "var": 210.600921631, "mean": 28.7629489899}, "barkbands_kurtosis": {"dmean2": 15.8008260727, "median": 5.75338315964, "min": -1.86479723454, "dvar2": 754.080383301, "dvar": 366.223266602, "dmean": 10.6069002151, "max": 192.180618286, "var": 701.028930664, "mean": 17.0807418823}, "gfcc": {"mean": [-62.3344764709, 64.5870666504, -120.218391418, 0.162427321076, -52.073841095, 34.0030899048, -17.4802112579, 1.18026041985, -35.8436927795, -1.30077791214, -5.64020109177, 7.7352643013, -14.8386049271], "icov": [[0.000810343772173, -0.00155223056208, 0.00186515925452, -0.00208966014907, 0.00187333964277, -0.00220723613165, 0.00220305239782, -0.00201432383619, 0.00162458489649, -0.00143870979082, 0.00128798489459, -0.000868518953212, 0.000564934220165], [-0.00155223056208, 0.00622641388327, -0.00627883337438, 0.0052924817428, -0.00465751904994, 0.00672156503424, -0.00365281989798, 0.0068523818627, -0.00664930092171, 0.00794886238873, -0.00382227706723, 0.00230075092986, -0.000121211109217], [0.00186515925452, -0.00627883337438, 0.00881644058973, -0.00836031325161, 0.00482035661116, -0.00527089787647, 0.00303706550039, -0.00507349241525, 0.00359193375334, -0.00406093755737, 0.00303365220316, -0.00185735523701, 0.00102593307383], [-0.00208966014907, 0.0052924817428, -0.00836031325161, 0.0116166817024, -0.00738675752655, 0.00548118539155, -0.00232610036619, 0.00212601781823, -0.000539509172086, 0.00129359797575, -0.0013790645171, 0.00180668116082, 0.000250045093708], [0.00187333964277, -0.00465751904994, 0.00482035661116, -0.00738675752655, 0.0156820081174, -0.0162624549121, 0.00668995082378, -0.00180921715219, 0.00241601304151, -0.00111235980876, 0.00122934102546, -0.000457152171293, 0.00134249194525], [-0.00220723613165, 0.00672156503424, -0.00527089787647, 0.00548118539155, -0.0162624549121, 0.0274874232709, -0.0180061664432, 0.0119921723381, -0.00627113273367, 0.00168756279163, 0.00274856993929, -0.00322105851956, 0.0013010033872], [0.00220305239782, -0.00365281989798, 0.00303706550039, -0.00232610036619, 0.00668995082378, -0.0180061664432, 0.0240647383034, -0.0176364704967, 0.00926200952381, 0.00112426956184, -0.00590147264302, 0.00422574067488, -0.00215547089465], [-0.00201432383619, 0.0068523818627, -0.00507349241525, 0.00212601781823, -0.00180921715219, 0.0119921723381, -0.0176364704967, 0.0292922146618, -0.0278478190303, 0.020311076194, -0.0029927669093, -0.00300171459094, 0.00374463875778], [0.00162458489649, -0.00664930092171, 0.00359193375334, -0.000539509172086, 0.00241601304151, -0.00627113273367, 0.00926200952381, -0.0278478190303, 0.0418830551207, -0.0375215411186, 0.0160255488008, 0.000689973472618, -0.00488837528974], [-0.00143870979082, 0.00794886238873, -0.00406093755737, 0.00129359797575, -0.00111235980876, 0.00168756279163, 0.00112426956184, 0.020311076194, -0.0375215411186, 0.0478366240859, -0.0301128197461, 0.0126563580707, -0.000175912835402], [0.00128798489459, -0.00382227706723, 0.00303365220316, -0.0013790645171, 0.00122934102546, 0.00274856993929, -0.00590147264302, -0.0029927669093, 0.0160255488008, -0.0301128197461, 0.037434656173, -0.0253891013563, 0.0136296097189], [-0.000868518953212, 0.00230075092986, -0.00185735523701, 0.00180668116082, -0.000457152171293, -0.00322105851956, 0.00422574067488, -0.00300171459094, 0.000689973472618, 0.0126563580707, -0.0253891013563, 0.0282222405076, -0.0166053939611], [0.000564934220165, -0.000121211109217, 0.00102593307383, 0.000250045093708, 0.00134249194525, 0.0013010033872, -0.00215547089465, 0.00374463875778, -0.00488837528974, -0.000175912835402, 0.0136296097189, -0.0166053939611, 0.0188591703773]], "cov": [[7066.86035156, 2247.79370117, 1196.39221191, 943.156982422, -742.289428711, -1072.546875, -1091.92712402, 250.437347412, 613.819152832, 66.138053894, -776.978088379, -831.567077637, -333.471221924], [2247.79370117, 2846.01269531, 2081.28320312, 783.193786621, -129.847564697, -608.603210449, -431.729156494, 94.0055465698, 174.604476929, -373.296020508, -667.704956055, -650.330627441, -237.711074829], [1196.39221191, 2081.28320312, 2108.1550293, 1002.57757568, 143.793533325, -253.098251343, -192.279266357, 94.3369140625, 69.8439331055, -310.923248291, -508.461669922, -516.206726074, -255.766677856], [943.156982422, 783.193786621, 1002.57757568, 868.489501953, 422.375671387, 120.745765686, -135.056243896, -196.731567383, -148.733001709, -90.0276260376, -133.405197144, -224.490249634, -244.685440063], [-742.289428711, -129.847564697, 143.793533325, 422.375671387, 946.781433105, 708.86706543, 164.088592529, -560.185668945, -560.138427734, -100.675796509, 245.331970215, 174.814346313, -147.844711304], [-1072.546875, -608.603210449, -253.098251343, 120.745765686, 708.86706543, 727.355834961, 329.310943604, -377.291625977, -488.719024658, -92.0331954956, 291.022125244, 299.401367188, -21.9391002655], [-1091.92712402, -431.729156494, -192.279266357, -135.056243896, 164.088592529, 329.310943604, 455.700317383, 126.629516602, -190.463378906, -200.467529297, 86.1988067627, 225.747940063, 119.961425781], [250.437347412, 94.0055465698, 94.3369140625, -196.731567383, -560.185668945, -377.291625977, 126.629516602, 695.430358887, 475.709960938, -77.6808853149, -314.50100708, -148.661117554, 151.850204468], [613.819152832, 174.604476929, 69.8439331055, -148.733001709, -560.138427734, -488.719024658, -190.463378906, 475.709960938, 672.386047363, 255.379348755, -256.988189697, -315.836456299, 22.5724468231], [66.138053894, -373.296020508, -310.923248291, -90.0276260376, -100.675796509, -92.0331954956, -200.467529297, -77.6808853149, 255.379348755, 434.178466797, 185.531051636, -67.6367721558, -103.637657166], [-776.978088379, -667.704956055, -508.461669922, -133.405197144, 245.331970215, 291.022125244, 86.1988067627, -314.50100708, -256.988189697, 185.531051636, 471.47756958, 319.413391113, -41.2085876465], [-831.567077637, -650.330627441, -516.206726074, -224.490249634, 174.814346313, 299.401367188, 225.747940063, -148.661117554, -315.836456299, -67.6367721558, 319.413391113, 446.600830078, 153.89982605], [-333.471221924, -237.711074829, -255.766677856, -244.685440063, -147.844711304, -21.9391002655, 119.961425781, 151.850204468, 22.5724468231, -103.637657166, -41.2085876465, 153.89982605, 244.415084839]]}, "spectral_energyband_middle_low": {"dmean2": 0.00720305927098, "median": 0.00646219635382, "min": 2.8040430422e-08, "dvar2": 0.000116375056677, "dvar": 6.15340541117e-05, "dmean": 0.00547195412219, "max": 0.0816244259477, "var": 0.000249349686783, "mean": 0.0143799912184}, "melbands_crest": {"dmean2": 5.23236608505, "median": 19.4755210876, "min": 5.41404151917, "dvar2": 33.1783218384, "dvar": 14.6775484085, "dmean": 3.51424193382, "max": 36.8843193054, "var": 40.5923156738, "mean": 19.9213294983}, "spectral_kurtosis": {"dmean2": 4.72866010666, "median": 9.1291809082, "min": 1.06870269775, "dvar2": 21.6718883514, "dvar": 9.05697917938, "dmean": 2.90901565552, "max": 47.1066169739, "var": 29.464548111, "mean": 9.61322498322}, "spectral_rms": {"dmean2": 0.00151263026055, "median": 0.00557833351195, "min": 0.000721010088455, "dvar2": 4.01447459808e-06, "dvar": 1.83608278803e-06, "dmean": 0.00104893383104, "max": 0.0167402252555, "var": 4.36714299212e-06, "mean": 0.0058790598996}, "zerocrossingrate": {"dmean2": 0.00449950015172, "median": 0.044921875, "min": 0.00732421875, "dvar2": 3.07355985569e-05, "dvar": 2.17073502427e-05, "dmean": 0.00372728309594, "max": 0.09423828125, "var": 0.000180596573045, "mean": 0.0448376238346}, "silence_rate_60dB": {"dmean2": 0.0245261993259, "median": 0, "min": 0, "dvar2": 0.0298700015992, "dvar": 0.0121100870892, "dmean": 0.0122608207166, "max": 1, "var": 0.0117456307635, "mean": 0.0118870725855}, "erbbands_kurtosis": {"dmean2": 30.073469162, "median": 19.4863090515, "min": -1.41395926476, "dvar2": 1774.67651367, "dvar": 934.735839844, "dmean": 21.0685977936, "max": 270.22946167, "var": 2927.5090332, "mean": 44.8558998108}, "erbbands": {"dmean2": [0.157093062997, 1.57691931725, 6.25044775009, 7.56989860535, 7.92233085632, 6.14587450027, 6.71581840515, 10.5261735916, 18.5799808502, 10.7333488464, 41.509967804, 37.3292579651, 40.8492202759, 48.6764793396, 41.5048980713, 195.036331177, 68.7003707886, 51.1036911011, 19.6287994385, 6.17462587357, 9.26685905457, 9.09358406067, 6.5296831131, 8.34567737579, 8.43074321747, 4.86726808548, 7.84771490097, 3.61388611794, 2.7266869545, 2.222833395, 1.91001093388, 1.36571216583, 0.794710576534, 0.409200787544, 0.174998700619, 0.073673799634, 0.0183788053691, 0.00339586986229, 0.000286784721538, 2.89140698442e-05], "median": [0.00529809715226, 0.0457928217947, 0.249078482389, 0.934282183647, 1.01050555706, 0.981687784195, 1.1916115284, 1.58536195755, 1.3706138134, 1.4917345047, 4.01984882355, 5.24047231674, 5.64329624176, 4.46453046799, 26.5619297028, 103.649307251, 34.5688591003, 3.61827087402, 1.86883497238, 1.38762235641, 1.03549838066, 1.16734659672, 1.2615916729, 0.746542096138, 1.80948781967, 0.521367669106, 0.610376477242, 1.05731058121, 0.326588153839, 0.377890169621, 0.211839318275, 0.144688531756, 0.164205446839, 0.0747028887272, 0.0332805290818, 0.0187126398087, 0.00672291498631, 0.00130274798721, 0.000135660593514, 4.16772709286e-05], "min": [1.77032404736e-06, 1.04761306829e-06, 5.59623344998e-07, 6.49341188819e-07, 4.08276673625e-06, 2.26681117965e-06, 4.2213046072e-06, 3.11624862661e-05, 5.29131466465e-05, 3.84490267606e-05, 0.000101637931948, 0.000239069660893, 0.00194611493498, 0.0086607132107, 0.00400486029685, 0.00575802661479, 0.00500195566565, 0.00218937196769, 0.00334228179418, 0.00149971421342, 0.000599796592724, 0.00555125297979, 0.00639461399987, 0.00682800030336, 0.000785832817201, 0.000560484535526, 0.00257117627189, 0.0039791255258, 0.000779695808887, 0.00149050168693, 0.00192790559959, 0.000819699838758, 0.00109200854786, 0.000339526450261, 0.000262600078713, 0.000183224998182, 6.12111325609e-05, 1.37754459502e-05, 1.71111196323e-06, 6.67203153171e-07], "dvar2": [0.131709620357, 27.7489490509, 404.179962158, 228.208465576, 284.058959961, 245.264602661, 344.170837402, 1144.06225586, 4910.32568359, 1212.46362305, 10422.3330078, 11536.8662109, 15282.8720703, 15286.6025391, 11982.1601562, 95918.5546875, 21816.0859375, 29221.6601562, 4781.15478516, 193.071716309, 514.38482666, 321.81829834, 180.33190918, 704.269226074, 483.317779541, 186.265716553, 1020.50994873, 71.5015411377, 44.1682052612, 21.4289951324, 17.7032241821, 11.1043367386, 3.22737550735, 0.924667954445, 0.18879404664, 0.0329988598824, 0.00177375611383, 5.5873158999e-05, 4.07027016536e-07, 2.61938182256e-09], "dvar": [0.0612521506846, 10.123837471, 142.457397461, 119.680778503, 164.620101929, 131.047927856, 158.908477783, 430.984008789, 1912.21179199, 904.705749512, 5891.3515625, 5607.03271484, 10383.2333984, 12020.2119141, 6999.33203125, 47516.0976562, 10239.8876953, 13844.1835938, 1963.88317871, 79.2804946899, 201.601776123, 135.161102295, 78.4017410278, 258.256469727, 190.77192688, 68.3503570557, 356.09677124, 25.8649311066, 15.7029972076, 7.82916355133, 6.58835697174, 4.1304526329, 1.22045254707, 0.351362556219, 0.0720349177718, 0.0124285789207, 0.000683615973685, 2.15411055251e-05, 1.53053534291e-07, 1.04963127079e-09], "dmean": [0.103886753321, 0.936903238297, 3.73439955711, 5.59223747253, 6.35893440247, 4.59033679962, 4.26801490784, 6.34934902191, 11.6731967926, 8.66497707367, 31.1188488007, 26.4905815125, 31.3913631439, 38.2533683777, 29.5469875336, 130.523910522, 44.7372322083, 32.5540847778, 12.6178970337, 3.99960207939, 5.6682934761, 5.65207576752, 4.07292699814, 4.75733566284, 4.98865938187, 2.85654425621, 4.32774782181, 2.0750181675, 1.57281982899, 1.3287140131, 1.1432980299, 0.812350451946, 0.480642080307, 0.25206643343, 0.108094841242, 0.0451765134931, 0.0114615354687, 0.00209705089219, 0.000174792847247, 1.92086899915e-05], "max": [2.3421754837, 35.4427146912, 139.611419678, 105.819564819, 158.705612183, 134.550430298, 169.793563843, 207.783248901, 544.89263916, 808.783996582, 1466.94580078, 1383.27124023, 1980.68786621, 2262.44042969, 1620.77819824, 3017.13330078, 2083.97924805, 3047.70385742, 1251.76782227, 161.800888062, 181.719467163, 106.741424561, 112.332244873, 179.306564331, 147.80921936, 96.2113494873, 215.423583984, 55.4126853943, 34.8885688782, 28.1553974152, 20.7180633545, 19.2785186768, 8.95967674255, 6.40834093094, 3.31603503227, 1.09744656086, 0.274564415216, 0.0482658185065, 0.00414638780057, 0.00037188193528], "var": [0.0725379735231, 8.05116653442, 139.620681763, 263.005004883, 334.122528076, 227.886566162, 182.421722412, 333.768249512, 2566.58911133, 5996.77783203, 38832.7070312, 28586.2617188, 64495.609375, 69887.0703125, 35237.3867188, 304408.8125, 39491.1484375, 75317.7578125, 3180.26000977, 101.672210693, 194.009002686, 151.706207275, 95.4936065674, 179.198638916, 163.785308838, 50.8714370728, 212.915374756, 18.7178516388, 11.2174282074, 6.85176181793, 5.65822792053, 3.38332700729, 1.09476065636, 0.324065625668, 0.066811516881, 0.011017922312, 0.000663226703182, 2.0313242203e-05, 1.33462222607e-07, 1.45929202056e-09], "mean": [0.105250909925, 0.897776842117, 4.65382909775, 9.57613754272, 8.96732139587, 6.03968477249, 4.75953435898, 6.52965593338, 14.0780000687, 21.7122631073, 86.683265686, 67.2322540283, 88.3594589233, 104.386779785, 84.0800018311, 442.420562744, 105.93031311, 80.5436172485, 18.8362140656, 5.17431116104, 5.98586559296, 6.1177148819, 4.77321100235, 4.20171260834, 4.96509313583, 2.7258002758, 3.57825660706, 2.29236483574, 1.51898479462, 1.44576859474, 1.17183542252, 0.840128719807, 0.555556476116, 0.292769491673, 0.133460447192, 0.0563591010869, 0.0157543923706, 0.00289246998727, 0.000252840254689, 5.09713863721e-05]}, "spectral_strongpeak": {"dmean2": 2.38143014908, "median": 4.88749456406, "min": 0, "dvar2": 6.4737443924, "dvar": 2.99106812477, "dmean": 1.43799638748, "max": 15.0152044296, "var": 7.19350671768, "mean": 4.62678861618}, "spectral_energy": {"dmean2": 0.0215220618993, "median": 0.0318957492709, "min": 0.000532851903699, "dvar2": 0.00142922392115, "dvar": 0.000590213923715, "dmean": 0.0144857782871, "max": 0.28724104166, "var": 0.000921883096453, "mean": 0.0399036556482}, "average_loudness": 0.969250977039, "spectral_rolloff": {"dmean2": 214.409423828, "median": 1184.32617188, "min": 129.19921875, "dvar2": 351605.8125, "dvar": 133908.359375, "dmean": 118.795341492, "max": 4500.43945312, "var": 185635.234375, "mean": 1053.17797852}, "spectral_centroid": {"dmean2": 197.517440796, "median": 963.112731934, "min": 198.917648315, "dvar2": 119797.453125, "dvar": 49322.9453125, "dmean": 128.916397095, "max": 3421.98852539, "var": 135455.34375, "mean": 995.545593262}, "pitch_salience": {"dmean2": 0.131763204932, "median": 0.380375266075, "min": 0.050600387156, "dvar2": 0.0239425003529, "dvar": 0.0105595001951, "dmean": 0.0865257233381, "max": 0.869507908821, "var": 0.0209651459008, "mean": 0.355859696865}, "spectral_energyband_middle_high": {"dmean2": 0.00700994720683, "median": 0.0192406885326, "min": 3.12877727993e-06, "dvar2": 6.0695780121e-05, "dvar": 3.0673440051e-05, "dmean": 0.00476448656991, "max": 0.0646049007773, "var": 0.000157109738211, "mean": 0.0170528013259}, "spectral_contrast_coeffs": {"dmean2": [0.0794002488256, 0.0914061069489, 0.0870603993535, 0.0675949528813, 0.0397679321468, 0.0319375693798], "median": [-0.655984401703, -0.732916474342, -0.56665366888, -0.710772573948, -0.784907341003, -0.787254154682], "min": [-0.981707334518, -0.961874961853, -0.9325979352, -0.933948814869, -0.925266861916, -0.93244600296], "dvar2": [0.00481945648789, 0.00685159442946, 0.00647139782086, 0.0033449921757, 0.00129076908343, 0.000955769559368], "dvar": [0.00231448304839, 0.00285089667886, 0.0031355607789, 0.0017896334175, 0.000598786049522, 0.000394132308429], "dmean": [0.0589230470359, 0.0589470788836, 0.0590566620231, 0.0469346828759, 0.0254100486636, 0.0199941750616], "max": [-0.366172194481, -0.351023197174, -0.291073262691, -0.238417044282, -0.564679563046, -0.610843420029], "var": [0.013443778269, 0.0150488801301, 0.0232589133084, 0.0181230735034, 0.0029924325645, 0.00094045791775], "mean": [-0.667737424374, -0.715853750706, -0.590552985668, -0.679748952389, -0.782579541206, -0.785892128944]}, "melbands_skewness": {"dmean2": 1.74817800522, "median": 0.189097359776, "min": -6.76262283325, "dvar2": 5.07415056229, "dvar": 1.97638821602, "dmean": 1.14871168137, "max": 11.1022901535, "var": 7.11130857468, "mean": -0.00137601175811}, "spectral_spread": {"dmean2": 694196.3125, "median": 3837556.5, "min": 2067436.75, "dvar2": 489292398592, "dvar": 223529844736, "dmean": 445201.25, "max": 10629443, "var": 999315079168, "mean": 4124689}, "dissonance": {"dmean2": 0.127000942826, "median": 0.399331688881, "min": 0.103019542992, "dvar2": 0.0154591482133, "dvar": 0.00553700467572, "dmean": 0.0745385959744, "max": 0.500000119209, "var": 0.00864761974663, "mean": 0.38201084733}, "spectral_skewness": {"dmean2": 0.569894969463, "median": 2.55993938446, "min": 0.789963841438, "dvar2": 0.350130736828, "dvar": 0.152183815837, "dmean": 0.362178683281, "max": 5.7353811264, "var": 0.532962799072, "mean": 2.50355243683}, "spectral_flux": {"dmean2": 0.0692120194435, "median": 0.0592055171728, "min": 0.00288120261393, "dvar2": 0.00774835562333, "dvar": 0.00331156654283, "dmean": 0.0435538180172, "max": 0.521895349026, "var": 0.00465384218842, "mean": 0.0825188308954}, "spectral_contrast_valleys": {"dmean2": [1.11067116261, 1.05992925167, 0.958652436733, 0.851043641567, 0.649224817753, 0.54891949892], "median": [-8.0185956955, -7.74968624115, -8.35753822327, -8.96433258057, -8.90798664093, -10.882144928], "min": [-13.6397457123, -12.3490667343, -11.5530014038, -12.9951448441, -12.4108829498, -13.8473386765], "dvar2": [1.38542306423, 1.12145853043, 0.84319704771, 0.713230252266, 0.654487729073, 0.485524952412], "dvar": [0.804304003716, 0.551522374153, 0.413933157921, 0.382764339447, 0.329844206572, 0.246709793806], "dmean": [0.77917277813, 0.715696692467, 0.640173017979, 0.609830617905, 0.46391788125, 0.402939110994], "max": [-4.80451107025, -4.79453897476, -5.20303297043, -5.79822206497, -5.80581521988, -8.39618110657], "var": [3.42000031471, 2.27954983711, 1.46488380432, 1.68148350716, 1.327272892, 0.93990945816], "mean": [-8.47422599792, -8.02342128754, -8.45324802399, -9.07014560699, -8.77199840546, -10.6987924576]}, "erbbands_flatness_db": {"dmean2": 0.0593492202461, "median": 0.302300274372, "min": 0.0812582597136, "dvar2": 0.00517093483359, "dvar": 0.00250703445636, "dmean": 0.0444606281817, "max": 0.545598804951, "var": 0.0101590938866, "mean": 0.314895570278}, "spectral_energyband_high": {"dmean2": 0.000433268898632, "median": 6.82803729433e-05, "min": 5.56706595489e-07, "dvar2": 1.19065043691e-06, "dvar": 4.33471058159e-07, "dmean": 0.000254734390182, "max": 0.0067626228556, "var": 3.25535069123e-07, "mean": 0.000264620612143}, "spectral_entropy": {"dmean2": 0.553579866886, "median": 6.29683113098, "min": 4.06794071198, "dvar2": 0.44120579958, "dvar": 0.214776873589, "dmean": 0.397806793451, "max": 8.25053501129, "var": 0.870840013027, "mean": 6.29270744324}, "silence_rate_20dB": {"dmean2": 0, "median": 1, "min": 1, "dvar2": 0, "dvar": 0, "dmean": 0, "max": 1, "var": 0, "mean": 1}, "melbands_flatness_db": {"dmean2": 0.0558909587562, "median": 0.330280721188, "min": 0.0614874921739, "dvar2": 0.0048220702447, "dvar": 0.0024526650086, "dmean": 0.0402081012726, "max": 0.555500388145, "var": 0.00927977729589, "mean": 0.33096960187}, "barkbands": {"dmean2": [0.000979218981229, 0.00631723925471, 0.00589090539142, 0.00243292422965, 0.00205309945159, 0.00126283604186, 0.000924376945477, 0.00152330694254, 0.001578942989, 0.00153678585775, 0.00100832770113, 0.00409380160272, 0.00128234352451, 0.000846254988573, 0.000277302780887, 0.000129525506054, 0.000220523652388, 0.000102965030237, 0.000187015102711, 0.000114772585221, 0.000139853800647, 7.41999028833e-05, 6.51212249068e-05, 5.48042007722e-05, 3.07067239191e-05, 1.2462610357e-05, 1.65830863352e-06], "median": [0.000254350830801, 0.00013931086869, 0.000211278485949, 0.000289227173198, 0.000334878946887, 0.000216107582673, 7.1387803473e-05, 7.98035543994e-05, 9.72449415713e-05, 6.15756580373e-05, 4.25091711804e-05, 0.00168631249107, 6.92453322699e-05, 1.19598835226e-05, 2.44294278673e-05, 8.92888601811e-06, 2.55467130046e-05, 2.20686670218e-05, 2.92374170385e-05, 1.00546112662e-05, 2.23164188355e-05, 8.69047380547e-06, 9.02651663637e-06, 8.48841773404e-06, 5.3678909353e-06, 3.82676307709e-06, 6.63982461901e-07], "min": [7.39110390668e-08, 4.06004874165e-09, 1.86138424119e-10, 1.27106519754e-10, 1.10667708331e-09, 1.67766700532e-09, 2.22715801357e-09, 2.86041612618e-09, 2.82224776882e-09, 1.32169697409e-08, 8.2679250113e-09, 8.4989757454e-09, 2.74173395098e-09, 9.85354908778e-10, 1.17936238553e-09, 5.27823174057e-10, 4.20493861952e-09, 9.61760449059e-08, 1.1311052539e-08, 9.77306235939e-09, 2.35474146848e-07, 1.64877071995e-08, 7.17344477152e-08, 5.38573985409e-08, 3.51091173911e-08, 3.55940343866e-08, 9.39593469695e-09], "dvar2": [7.63881962484e-06, 0.00035720661981, 0.000308699120069, 2.3248288926e-05, 2.2588586944e-05, 1.3156206478e-05, 9.19955709833e-06, 1.40814072438e-05, 1.94999483938e-05, 1.65086057677e-05, 9.36066589929e-06, 4.0402977902e-05, 1.2096804312e-05, 1.02699468698e-05, 9.75086436483e-07, 1.47791112681e-07, 1.91641362335e-07, 4.69226968391e-08, 2.89238357709e-07, 1.18841320784e-07, 2.16406590425e-07, 2.91062782765e-08, 1.92037514779e-08, 1.66368074872e-08, 5.45202549773e-09, 8.93178364603e-10, 1.36900499617e-11], "dvar": [3.08381208924e-06, 0.000136663104058, 0.000110169305117, 1.33527428261e-05, 1.25242968352e-05, 5.10155723532e-06, 3.91464982386e-06, 8.79105846252e-06, 1.06499464891e-05, 1.14305248644e-05, 6.69710425427e-06, 2.01581933652e-05, 5.37745017937e-06, 4.77604453408e-06, 3.58172059123e-07, 5.56987629352e-08, 8.19574736965e-08, 1.97429947946e-08, 1.09755006861e-07, 4.33481766038e-08, 7.64328902392e-08, 1.03912753957e-08, 7.12057124375e-09, 6.25859541969e-09, 2.07120276485e-09, 3.3835204083e-10, 5.151823846e-12], "dmean": [0.000602469837759, 0.00393069814891, 0.00356959435157, 0.00191905070096, 0.00161170691717, 0.000764282012824, 0.000618973223027, 0.00116151233669, 0.00112084846478, 0.00117736263201, 0.000762811279856, 0.00271483254619, 0.000803069677204, 0.000527079741005, 0.000173463631654, 7.66104494687e-05, 0.000136192073114, 6.37545454083e-05, 0.000108415835712, 6.62399834255e-05, 7.82237766543e-05, 4.33282148151e-05, 3.92398178519e-05, 3.30215952999e-05, 1.89293787116e-05, 7.71185932535e-06, 9.99993289952e-07], "max": [0.0236795153469, 0.128333359957, 0.122525520623, 0.0415872968733, 0.0435452908278, 0.0219056997448, 0.0373081415892, 0.052594602108, 0.0469865128398, 0.0520852394402, 0.0587644800544, 0.0597795918584, 0.039111752063, 0.0536768622696, 0.0141246253625, 0.00300045427866, 0.00255240686238, 0.00169048295356, 0.00364992022514, 0.00238599674776, 0.00332767120562, 0.000871134398039, 0.000646875530947, 0.000692848523613, 0.000440512027126, 0.000191580707906, 2.47569532803e-05], "var": [2.97977317132e-06, 0.000120632292237, 0.000119211370475, 3.18274724123e-05, 2.33270038734e-05, 4.25826237915e-06, 9.9600165413e-06, 6.04130436841e-05, 4.96885404573e-05, 6.2243809225e-05, 4.49589824711e-05, 0.000129167237901, 1.4589663806e-05, 2.54123478953e-05, 2.83440442672e-07, 4.49990977813e-08, 9.80567591569e-08, 2.14617799088e-08, 8.35735392002e-08, 3.0520737937e-08, 4.82941899804e-08, 7.93046162073e-09, 6.29997121138e-09, 5.41337685789e-09, 1.9037167398e-09, 3.08901959567e-10, 4.41692385791e-12], "mean": [0.000675824237987, 0.00375878973864, 0.0046531050466, 0.00318495417014, 0.00215659756213, 0.000786348129623, 0.000893801916391, 0.00321982172318, 0.00259814644232, 0.00292316684499, 0.00229287543334, 0.00921790208668, 0.0013222489506, 0.00135178095661, 0.000185941491509, 7.46451260056e-05, 0.000146541366121, 7.27179867681e-05, 9.94566144072e-05, 6.01995525358e-05, 7.35001449357e-05, 4.33003515354e-05, 4.17618030042e-05, 3.65244741261e-05, 2.23162642214e-05, 1.00868928712e-05, 1.34665140195e-06]}, "erbbands_skewness": {"dmean2": 2.30084824562, "median": 1.58601939678, "min": -5.56701612473, "dvar2": 8.79911804199, "dvar": 4.75852870941, "dmean": 1.55512177944, "max": 12.6838912964, "var": 15.8983812332, "mean": 2.30103564262}, "erbbands_spread": {"dmean2": 8.76687049866, "median": 5.10233592987, "min": 0.379548996687, "dvar2": 249.275527954, "dvar": 98.1869812012, "dmean": 5.67872714996, "max": 88.1385955811, "var": 114.732589722, "mean": 8.59288120