{"tonal": {"thpcp": [1, 0.650907576084, 0.243561223149, 0.175393790007, 0.165548458695, 0.212907582521, 0.385676562786, 0.396370917559, 0.301714330912, 0.461712688208, 0.484722137451, 0.272439032793, 0.172682389617, 0.142874836922, 0.130543783307, 0.167220383883, 0.177110165358, 0.152246415615, 0.167085394263, 0.182388827205, 0.279902607203, 0.4319883883, 0.368409335613, 0.351923882961, 0.483281701803, 0.372105717659, 0.205163761973, 0.226596653461, 0.246380910277, 0.291635304689, 0.429338008165, 0.359076082706, 0.186607837677, 0.159814104438, 0.219698354602, 0.639824450016], "hpcp": {"dmean2": [0.137477606535, 0.109583795071, 0.090211212635, 0.0927846357226, 0.0914761647582, 0.0829821750522, 0.0968625769019, 0.11441565305, 0.164196923375, 0.201974540949, 0.197285786271, 0.180847197771, 0.174164131284, 0.160448879004, 0.12691436708, 0.128991946578, 0.131237447262, 0.129897132516, 0.145860075951, 0.136899352074, 0.122543945909, 0.138844847679, 0.178589344025, 0.254088938236, 0.267480313778, 0.233623161912, 0.167791426182, 0.140291035175, 0.138907253742, 0.155137076974, 0.190796166658, 0.199868634343, 0.182311177254, 0.207835420966, 0.195671409369, 0.1662966609], "median": [0.0309756956995, 0.0237206853926, 0.0242871437222, 0.0311859361827, 0.0298529155552, 0.0286739300936, 0.0316070243716, 0.0353808403015, 0.0698779374361, 0.108510434628, 0.0965883284807, 0.0566921718419, 0.0496260151267, 0.0478605851531, 0.0409668460488, 0.0431522801518, 0.0437546409667, 0.0569941103458, 0.0744107589126, 0.0570340827107, 0.0330250039697, 0.0301674008369, 0.0502309091389, 0.12609526515, 0.240011915565, 0.150157138705, 0.0381130054593, 0.0288608577102, 0.025258725509, 0.0400418154895, 0.0806250497699, 0.0768361389637, 0.0618551522493, 0.104082465172, 0.08902323246, 0.0502947494388], "min": [0, 0, 0, 0, 0, 0, 0, 0, 0, 0, 0, 0, 0, 0, 0, 0, 0, 0, 0, 0, 0, 0, 0, 0, 0, 0, 0, 0, 0, 0, 0, 0, 0, 0, 0, 0], "dvar2": [0.0842212066054, 0.0660901963711, 0.0449690409005, 0.0397657454014, 0.0392129607499, 0.0316170938313, 0.0408444777131, 0.0556283742189, 0.0835113301873, 0.100235432386, 0.0948201343417, 0.106141194701, 0.109724774957, 0.0883156880736, 0.0680980831385, 0.0678910017014, 0.0656744390726, 0.0589900910854, 0.0654600784183, 0.0597816333175, 0.0615128651261, 0.0831251889467, 0.10674276948, 0.123593702912, 0.148020446301, 0.108840167522, 0.0830402225256, 0.0698346719146, 0.0755306482315, 0.0774412602186, 0.0934738591313, 0.0951971560717, 0.0825196132064, 0.0973595157266, 0.0944500565529, 0.0852962136269], "dvar": [0.0292478837073, 0.0230302475393, 0.0158027373254, 0.0141328861937, 0.0141716077924, 0.0111365169287, 0.0145219452679, 0.0195752158761, 0.0296342093498, 0.036749381572, 0.0336499512196, 0.0360662490129, 0.0422380082309, 0.0319361425936, 0.0234830565751, 0.0235951431096, 0.023109683767, 0.0204888489097, 0.023666055873, 0.0217823199928, 0.0217156335711, 0.0292048081756, 0.0364984348416, 0.0420569963753, 0.0541862472892, 0.0375980213284, 0.0295237805694, 0.0253319907933, 0.0273807123303, 0.0281349029392, 0.0341009311378, 0.0351970344782, 0.0287493634969, 0.0343352556229, 0.0354682952166, 0.0301629025489], "dmean": [0.0750376656651, 0.0601650848985, 0.0503435879946, 0.0528848804533, 0.052627183497, 0.0471218191087, 0.0548817515373, 0.0645741075277, 0.0920660793781, 0.114790409803, 0.111532978714, 0.101467967033, 0.0982103273273, 0.0909973531961, 0.0710376128554, 0.07219158113, 0.0739201158285, 0.0737824365497, 0.0840618237853, 0.0793798714876, 0.0690522715449, 0.0762022510171, 0.0974866449833, 0.144551545382, 0.149783745408, 0.133515045047, 0.0944729596376, 0.0782836303115, 0.0771278217435, 0.0865557044744, 0.110590964556, 0.114851094782, 0.103881575167, 0.119881533086, 0.112985633314, 0.0934681668878], "max": [1, 1, 1, 1, 1, 1, 1, 1, 1, 1, 1, 1, 1, 1, 1, 1, 1, 1, 1, 1, 1, 1, 1, 1, 1, 1, 1, 1, 1, 1, 1, 1, 1, 1, 1, 1], "var": [0.0212007742375, 0.0176580250263, 0.0138981956989, 0.01571935229, 0.0201954748482, 0.0129045983776, 0.0152392145246, 0.0173181388527, 0.0281087458134, 0.0565464347601, 0.037911914289, 0.0465641953051, 0.110745422542, 0.0616201832891, 0.0216663777828, 0.0246087554842, 0.0312991514802, 0.0293669980019, 0.0763178467751, 0.0547460466623, 0.0202521234751, 0.0200367700309, 0.0274798311293, 0.090444162488, 0.174504205585, 0.094242721796, 0.0292268712074, 0.0203679259866, 0.0215771067888, 0.025054467842, 0.0532951578498, 0.0607445798814, 0.0326628945768, 0.0602231174707, 0.0829297527671, 0.0318015888333], "mean": [0.0771834999323, 0.063860476017, 0.058348890394, 0.0747421607375, 0.0791625753045, 0.068049274385, 0.0746818259358, 0.0815219655633, 0.125107511878, 0.193084985018, 0.16466717422, 0.157298713923, 0.216011449695, 0.166319340467, 0.0917016342282, 0.101281449199, 0.110124379396, 0.130351647735, 0.191900342703, 0.160495519638, 0.0834077298641, 0.0714317858219, 0.0981981307268, 0.285981059074, 0.446967989206, 0.290934860706, 0.108864068985, 0.0783954113722, 0.0739948600531, 0.0951628759503, 0.172385081649, 0.177165105939, 0.134856641293, 0.206370785832, 0.216655284166, 0.121771529317]}, "tuning_equal_tempered_deviation": 0.125685319304, "chords_changes_rate": 0.0341246277094, "key_key": "F", "tuning_diatonic_strength": 0.511894881725, "key_scale": "minor", "chords_number_rate": 0.00190758798271, "tuning_frequency": 438.984558105, "tuning_nontempered_energy_ratio": 0.817983150482, "chords_histogram": [33.637134552, 12.4205169678, 6.54938554764, 3.8575668335, 0, 8.90207672119, 0.254345059395, 4.53582048416, 0, 7.27002954483, 0.8690122962, 0.0211954209954, 0, 0, 0, 0.275540471077, 0.0847816839814, 0, 0, 0.0211954209954, 2.14073753357, 0, 0.0847816839814, 19.0758800507], "key_strength": 0.624557197094, "chords_key": "F", "chords_strength": {"dmean2": 0.00748726865277, "median": 0.475156128407, "min": -1, "dvar2": 0.000853098579682, "dvar": 0.000467782258056, "dmean": 0.00740404939279, "max": 0.774885356426, "var": 0.0152390561998, "mean": 0.481452345848}, "chords_scale": "minor", "hpcp_entropy": {"dmean2": 0.994446158409, "median": 2.26285839081, "min": 0, "dvar2": 0.793971538544, "dvar": 0.298337250948, "dmean": 0.596980154514, "max": 4.51312208176, "var": 0.67519390583, "mean": 2.24897551537}}, "metadata": {"audio_properties": {"equal_loudness": 0, "codec": "mp3", "downmix": "mix", "sample_rate": 44100, "analysis_sample_rate": 44100, "bit_rate": 320038, "md5_encoded": "6b4eb1d22f70ed8cda391d8cee9a23fa", "length": 219.036727905, "replay_gain": -13.0776500702, "lossless": false}, "version": {"essentia_build_sha": "2d9f1f26377add8aeb1075a9c2973f962c4f09fd", "essentia": "2.1-beta2", "extractor": "music 1.0", "essentia_git_sha": "v2.1_beta2-1-ge3940c0"}, "tags": {"title": ["Horizon on Fire"], "media": ["Digital Media"], "albumartist": ["Infesting Swarm"], "musicbrainz_recordingid": ["190ac82e-6d67-43b6-aec9-0e8dbe99211b"], "originalyear": ["2015"], "discnumber": ["1/1"], "album": ["Desolation Road"], "musicbrainz album release country": ["XW"], "musicbrainz album status": ["official"], "file_name": "07 - Horizon on Fire.mp3", "musicbrainz_albumartistid": ["64a8e6ed-fb86-43c7-8939-4582863d9047"], "date": ["2015-03-30"], "genre": ["Black Metal"], "musicbrainz_releasegroupid": ["29198860-55ba-4440-bac3-bde4f3711658"], "script": ["Latn"], "originaldate": ["2015-03-30"], "musicbrainz_albumid": ["db8c3eaa-22f9-4836-9867-a1ec24ebf073"], "artist": ["Infesting Swarm"], "artistsort": ["Infesting Swarm"], "tracknumber": ["7/8"], "label": ["Art of Propaganda"], "albumartistsort": ["Infesting Swarm"], "musicbrainz_artistid": ["64a8e6ed-fb86-43c7-8939-4582863d9047"]}}, "rhythm": {"bpm_histogram_first_peak_bpm": {"dmean2": 0, "median": 115, "min": 115, "dvar2": 0, "dvar": 0, "dmean": 0, "max": 115, "var": 0, "mean": 115}, "bpm": 114.833564758, "bpm_histogram_second_peak_spread": {"dmean2": 0, "median": 0, "min": 0, "dvar2": 0, "dvar": 0, "dmean": 0, "max": 0, "var": 0, "mean": 0}, "bpm_histogram_first_peak_weight": {"dmean2": 0, "median": 0.592326164246, "min": 0.592326164246, "dvar2": 0, "dvar": 0, "dmean": 0, "max": 0.592326164246, "var": 0, "mean": 0.592326164246}, "onset_rate": 1.7301428318, "beats_position": [0.545668900013, 1.09133780003, 1.62539684772, 2.15945577621, 2.69351458549, 3.21596360207, 3.75002264977, 4.27247142792, 4.79492044449, 5.31736946106, 5.83981847763, 6.35065746307, 6.87310647964, 7.39555549622, 7.91800451279, 8.44045352936, 8.96290206909, 9.4853515625, 10.0194101334, 10.5418596268, 11.0526981354, 11.5751476288, 12.1092061996, 12.6316547394, 13.1424942017, 13.6533327103, 14.1641721725, 14.6982307434, 15.2322902679, 15.7547388077, 16.2771873474, 16.7996368408, 17.3220863342, 17.8445339203, 18.3669834137, 18.8894329071, 19.4118824005, 19.9343299866, 20.45677948, 20.9792289734, 21.5016784668, 22.0241260529, 22.5465755463, 23.0690250397, 23.5914726257, 24.1139221191, 24.6363716125, 25.1704311371, 25.6928787231, 26.2153282166, 26.7261676788, 27.2486171722, 27.7710647583, 28.2935142517, 28.8159637451, 29.3384113312, 29.8492507935, 30.3717002869, 30.8941497803, 31.4165973663, 31.9390468597, 32.4614944458, 32.9839439392, 33.5063934326, 34.028842926, 34.539680481, 35.0621299744, 35.5845794678, 36.1070289612, 36.6294784546, 37.151927948, 37.6743774414, 38.1968231201, 38.7192726135, 39.2301139832, 39.7641716003, 40.2866210938, 40.7974586487, 41.3199081421, 41.8423576355, 42.3648071289, 42.8872566223, 43.4097061157, 43.9321517944, 44.4662132263, 44.9770507813, 45.4995002747, 46.0219497681, 46.5560073853, 47.0900688171, 47.6125144958, 48.1349639893, 48.6458053589, 49.1682548523, 49.6790924072, 50.2015419006, 50.7123794556, 51.2232208252, 51.7456665039, 52.2681159973, 52.7789573669, 53.2897949219, 53.8122444153, 54.3463020325, 54.8687515259, 55.3795890808, 55.8904304504, 56.4012680054, 56.9237174988, 57.4345550537, 57.9570045471, 58.491065979, 59.0135154724, 59.5359611511, 60.0584106445, 60.5808601379, 61.1033096313, 61.6257591248, 62.1365966797, 62.6706581116, 63.2047157288, 63.7271652222, 64.2496109009, 64.7836685181, 65.3061218262, 65.8285675049, 66.351020813, 66.8734664917, 67.3959197998, 67.9183654785, 68.4292068481, 68.9400405884, 69.450881958, 69.9849395752, 70.5189971924, 71.053062439, 71.5755081177, 72.0979614258, 72.6204071045, 73.1428527832, 73.6536941528, 74.1645355225, 74.6869812012, 75.2094345093, 75.731880188, 76.2543258667, 76.7767791748, 77.2876205444, 77.7984542847, 78.3209075928, 78.85496521, 79.3890228271, 79.9114761353, 80.433921814, 80.9447631836, 81.4555969238, 81.954826355, 82.4656677246, 82.9881134033, 83.5221786499, 84.0446243286, 84.5786819458, 85.1011352539, 85.6351928711, 86.1576385498, 86.6800918579, 87.2141494751, 87.7482070923, 88.270652771, 88.7931060791, 89.3039474487, 89.814781189, 90.3372344971, 90.8596801758, 91.3821334839, 91.9045791626, 92.4270248413, 92.9494781494, 93.460319519, 93.9711532593, 94.4936065674, 95.0160522461, 95.5384979248, 96.0609512329, 96.5833969116, 97.1058502197, 97.6282958984, 98.1391372681, 98.6615829468, 99.1840362549, 99.7064819336, 100.240539551, 100.762992859, 101.285438538, 101.819496155, 102.353561401, 102.87600708, 103.398452759, 103.932518005, 104.466575623, 104.977409363, 105.488250732, 106.010704041, 106.521537781, 107.043991089, 107.554824829, 108.077278137, 108.599723816, 109.110565186, 109.621406555, 110.143852234, 110.666305542, 111.188751221, 111.711196899, 112.222038269, 112.756095886, 113.290153503, 113.812606812, 114.33505249, 114.84589386, 115.379951477, 115.914009094, 116.45967865, 116.993736267, 117.516189575, 118.050247192, 118.572692871, 119.095146179, 119.605987549, 120.116821289, 120.639274597, 121.161720276, 121.672561646, 122.183395386, 122.694236755, 123.216690063, 123.739135742, 124.249977112, 124.772422791, 125.294876099, 125.817321777, 126.339767456, 126.850608826, 127.373062134, 127.895507813, 128.406341553, 128.94039917, 129.462860107, 129.985305786, 130.507751465, 131.030197144, 131.541046143, 132.063491821, 132.5859375, 133.09677124, 133.619232178, 134.153289795, 134.675735474, 135.198181152, 135.720626831, 136.243087769, 136.765533447, 137.287979126, 137.822036743, 138.344482422, 138.878540039, 139.412597656, 139.923446655, 140.445892334, 140.968338013, 141.490783691, 142.013244629, 142.535690308, 143.058135986, 143.568969727, 144.079818726, 144.590652466, 145.124710083, 145.6587677, 146.192825317, 146.715286255, 147.237731934, 147.748565674, 148.259414673, 148.781860352, 149.30430603, 149.826751709, 150.349197388, 150.871658325, 151.394104004, 151.93977356, 152.473831177, 152.996276855, 153.530334473, 154.076004028, 154.610061646, 155.132507324, 155.654968262, 156.17741394, 156.699859619, 157.222305298, 157.733154297, 158.243988037, 158.754821777, 159.288879395, 159.822952271, 160.357009888, 160.879455566, 161.401901245, 161.912734985, 162.435195923, 162.957641602, 163.468475342, 163.979324341, 164.50177002, 165.024215698, 165.535049438, 166.045898438, 166.533508301, 167.0443573, 167.55519104, 168.06602478, 168.588470459, 169.110931396, 169.621765137, 170.132598877, 170.655059814, 171.189117432, 171.723175049, 172.245620728, 172.756454468, 173.267303467, 173.778137207, 174.288970947, 174.811431885, 175.333877563, 175.856323242, 176.378768921, 176.9012146, 177.423675537, 177.957733154, 178.491790771, 179.01423645, 179.536682129, 180.070739746, 180.604797363, 181.138870239, 181.649703979, 182.16053772, 182.671386719, 183.205444336, 183.739501953, 184.261947632, 184.796005249, 185.318450928, 185.829299927, 186.351745605, 186.874191284, 187.396636963, 187.919082642, 188.441543579, 188.963989258, 189.474822998, 189.997268677, 190.519729614, 191.042175293, 191.564620972, 192.08706665, 192.609527588, 193.131973267, 193.654418945, 194.176864624, 194.699310303, 195.22177124, 195.744216919, 196.266662598, 196.789108276, 197.299957275, 197.822402954, 198.344848633, 198.867294312, 199.38973999, 199.912200928, 200.434646606, 200.957092285, 201.479537964, 201.990386963, 202.512832642, 203.03527832, 203.557723999, 204.080184937, 204.591018677, 205.113464355, 205.635910034, 206.158370972, 206.68081665, 207.214874268, 207.748931885, 208.271377563, 208.793823242, 209.31628418, 209.838729858, 210.361175537, 210.883621216, 211.406066895, 211.940139771, 212.474197388, 213.008255005, 213.542312622, 214.076370239, 214.622039795, 215.156097412, 215.690155029, 216.235824585, 216.781494141, 217.327163696, 217.872833252, 218.418502808], "beats_loudness": {"dmean2": 0.0222458075732, "median": 0.0374110676348, "min": 1.01878194769e-09, "dvar2": 0.000479720387375, "dvar": 0.000161669770023, "dmean": 0.012424107641, "max": 0.108432874084, "var": 0.000485157652292, "mean": 0.0382660701871}, "danceability": 1.03060245514, "bpm_histogram_second_peak_weight": {"dmean2": 0, "median": 0.0239808149636, "min": 0.0239808149636, "dvar2": 0, "dvar": 0, "dmean": 0, "max": 0.0239808149636, "var": 0, "mean": 0.0239808149636}, "beats_count": 418, "bpm_histogram_second_peak_bpm": {"dmean2": 0, "median": 110, "min": 110, "dvar2": 0, "dvar": 0, "dmean": 0, "max": 110, "var": 0, "mean": 110}, "bpm_histogram_first_peak_spread": {"dmean2": 0, "median": 0.390123456717, "min": 0.390123456717, "dvar2": 0, "dvar": 0, "dmean": 0, "max": 0.390123456717, "var": 0, "mean": 0.390123456717}, "beats_loudness_band_ratio": {"dmean2": [0.209082439542, 0.100410021842, 0.114043436944, 0.0719981938601, 0.0670421645045, 0.0522436499596], "median": [0.517874538898, 0.0876906961203, 0.132221400738, 0.0802037343383, 0.0980145484209, 0.0897884294391], "min": [0.01280692406, 0.000358399207471, 0.00171702192165, 0.00402864906937, 0.000588555354625, 9.7006723081e-06], "dvar2": [0.0331241972744, 0.00761825824156, 0.00813905708492, 0.00503711123019, 0.00405445927754, 0.00424418505281], "dvar": [0.0120100453496, 0.00273909908719, 0.00293269194663, 0.00172584364191, 0.00148967187852, 0.00174580083694], "dmean": [0.121598854661, 0.0586309656501, 0.0663834363222, 0.0422309041023, 0.0392300076783, 0.0300640109926], "max": [0.969743549824, 0.320743560791, 0.424621373415, 0.397772520781, 0.352249622345, 0.718180298805], "var": [0.0694190785289, 0.00402998691425, 0.00693621532992, 0.00420788163319, 0.00668145529926, 0.00572391087189], "mean": [0.50615811348, 0.100926458836, 0.144034981728, 0.090761013329, 0.109333328903, 0.0901682823896]}}, "lowlevel": {"barkbands_spread": {"dmean2": 6.52034044266, "median": 32.7767448425, "min": 0.722447395325, "dvar2": 61.0824317932, "dvar": 22.2740783691, "dmean": 3.9659268856, "max": 148.325088501, "var": 286.966308594, "mean": 29.7609825134}, "melbands_spread": {"dmean2": 9.8827419281, "median": 31.6688194275, "min": 0.620311141014, "dvar2": 133.91746521, "dvar": 49.3858108521, "dmean": 6.02108001709, "max": 147.964706421, "var": 319.584686279, "mean": 29.8877677917}, "hfc": {"dmean2": 7.84393072128, "median": 30.0307693481, "min": 1.20000163489e-16, "dvar2": 143.813400269, "dvar": 54.1852912903, "dmean": 4.72844028473, "max": 121.87348938, "var": 439.41192627, "mean": 27.6411838531}, "barkbands_kurtosis": {"dmean2": 2.06784510612, "median": -0.131373941898, "min": -1.59028756618, "dvar2": 14.3868732452, "dvar": 6.72585201263, "dmean": 1.35453224182, "max": 99.9238586426, "var": 34.8883743286, "mean": 2.17077112198}, "gfcc": {"mean": [-20.9632549286, 130.209075928, -137.390975952, 33.6848640442, -39.6321754456, 5.03319978714, -18.8440952301, 10.630355835, -15.3524608612, 4.92134857178, -13.1569919586, -3.46418261528, 0.650669574738], "icov": [[0.000553216552362, -0.00149407063145, 0.000606431742199, -0.00112308957614, 0.00103276676964, -0.00156611355487, 0.00126405339688, -0.00187520659529, 0.00164325698279, -0.00208578305319, 0.00229033199139, -0.00232880958356, 0.00154568930157], [-0.00149407063145, 0.00571305351332, -0.000961117388215, 0.00371049740352, -0.00496644061059, 0.00475023686886, -0.00322145968676, 0.00505435978994, -0.00533837871626, 0.00692977849394, -0.00796974916011, 0.00776169449091, -0.00582976592705], [0.000606431742199, -0.000961117388215, 0.00662131700665, 0.000734300352633, -0.00403995765373, -0.00493870768696, 0.00525635341182, -0.0051434901543, 0.0011139435228, -0.00155596260447, 0.000714510155376, -0.00458899466321, 0.00248585664667], [-0.00112308957614, 0.00371049740352, 0.000734300352633, 0.0075643430464, -0.000788161589298, 0.000435766036389, -0.00270752678625, 0.00398722104728, -0.00207661394961, 0.00135926657822, -0.0044401474297, 0.00540066603571, -0.00551824551076], [0.00103276676964, -0.00496644061059, -0.00403995765373, -0.000788161589298, 0.0148002840579, -0.00191075832117, -0.00480604125187, -0.0013770138612, 0.0035161296837, -0.00771280145273, 0.00518853310496, -0.00195952854119, -0.000535416649655], [-0.00156611355487, 0.00475023686886, -0.00493870768696, 0.000435766036389, -0.00191075832117, 0.0158347766846, -0.00189733365551, -0.00184337375686, -0.00561773171648, 0.00905836280435, -0.00961256306618, 0.00546711869538, -0.00494143320248], [0.00126405339688, -0.00322145968676, 0.00525635341182, -0.00270752678625, -0.00480604125187, -0.00189733365551, 0.0191862080246, -0.00849512405694, -0.000961203535553, -0.000396393530536, 0.00375738483854, -0.00657140789554, 0.00378352683038], [-0.00187520659529, 0.00505435978994, -0.0051434901543, 0.00398722104728, -0.0013770138612, -0.00184337375686, -0.00849512405694, 0.0242047216743, -0.00652122916654, -0.000625991844572, -0.00485674105585, 0.0105234291404, -0.00578751135617], [0.00164325698279, -0.00533837871626, 0.0011139435228, -0.00207661394961, 0.0035161296837, -0.00561773171648, -0.000961203535553, -0.00652122916654, 0.0252777636051, -0.0111464355141, 0.00350199849345, -0.00172518752515, 0.000277846469544], [-0.00208578305319, 0.00692977849394, -0.00155596260447, 0.00135926657822, -0.00771280145273, 0.00905836280435, -0.000396393530536, -0.000625991844572, -0.0111464355141, 0.0325263999403, -0.0128648411483, 0.00101178488694, -0.00398482801393], [0.00229033199139, -0.00796974916011, 0.000714510155376, -0.0044401474297, 0.00518853310496, -0.00961256306618, 0.00375738483854, -0.00485674105585, 0.00350199849345, -0.0128648411483, 0.0296362191439, -0.0142502691597, 0.00909659639001], [-0.00232880958356, 0.00776169449091, -0.00458899466321, 0.00540066603571, -0.00195952854119, 0.00546711869538, -0.00657140789554, 0.0105234291404, -0.00172518752515, 0.00101178488694, -0.0142502691597, 0.0429750345647, -0.0179728753865], [0.00154568930157, -0.00582976592705, 0.00248585664667, -0.00551824551076, -0.000535416649655, -0.00494143320248, 0.00378352683038, -0.00578751135617, 0.000277846469544, -0.00398482801393, 0.00909659639001, -0.0179728753865, 0.0301578659564]], "cov": [[22024.8046875, -6277.96630859, -729.684448242, 3519.48461914, -2974.65454102, 1932.12231445, -1571.14172363, 1038.95874023, -950.420715332, 728.828674316, -519.775085449, 537.97479248, -395.572601318], [-6277.96630859, 5639.74414063, 719.098449707, -2051.23974609, 2108.03857422, -835.926147461, 957.278808594, -323.123748779, 658.804199219, -305.724945068, 408.382995605, -275.967132568, 361.605865479], [-729.684448242, 719.098449707, 1195.75878906, -475.216827393, 631.982055664, 384.5809021, 80.7080841064, 321.099700928, 203.856002808, 92.3246917725, 217.414016724, 47.0969581604, 89.4278182983], [3519.48461914, -2051.23974609, -475.216827393, 1068.69311523, -880.243835449, 311.677490234, -362.781921387, 97.9765853882, -264.289337158, 123.765525818, -166.607192993, 100.711929321, -113.367301941], [-2974.65454102, 2108.03857422, 631.982055664, -880.243835449, 1031.41369629, -189.039474487, 401.341674805, -12.921916008, 300.632080078, -65.4862518311, 202.94744873, -79.9643630981, 161.015396118], [1932.12231445, -835.926147461, 384.5809021, 311.677490234, -189.039474487, 507.489654541, -174.416564941, 278.743652344, -34.4229850769, 120.679710388, 34.008556366, 87.2806625366, -22.0966205597], [-1571.14172363, 957.278808594, 80.7080841064, -362.781921387, 401.341674805, -174.416564941, 262.468536377, -56.6533470154, 132.46812439, -58.369468689, 66.2912216187, -52.6386146545, 66.989112854], [1038.95874023, -323.123748779, 321.099700928, 97.9765853882, -12.921916008, 278.743652344, -56.6533470154, 237.255828857, 18.3403968811, 89.3497009277, 36.3676261902, 45.0890350342, 1.36806738377], [-950.420715332, 658.804199219, 203.856002808, -264.289337158, 300.632080078, -34.4229850769, 132.46812439, 18.3403968811, 154.093673706, -6.40546798706, 77.7499237061, -25.9970397949, 56.2882003784], [728.828674316, -305.724945068, 92.3246917725, 123.765525818, -65.4862518311, 120.679710388, -58.369468689, 89.3497009277, -6.40546798706, 94.6836853027, 13.021276474, 39.0090675354, -6.44700908661], [-519.775085449, 408.382995605, 217.414016724, -166.607192993, 202.94744873, 34.008556366, 66.2912216187, 36.3676261902, 77.7499237061, 13.021276474, 114.275390625, 3.05084347725, 33.3685684204], [537.97479248, -275.967132568, 47.0969581604, 100.711929321, -79.9643630981, 87.2806625366, -52.6386146545, 45.0890350342, -25.9970397949, 39.0090675354, 3.05084347725, 60.9077453613, 2.53678512573], [-395.572601318, 361.605865479, 89.4278182983, -113.367301941, 161.015396118, -22.0966205597, 66.989112854, 1.36806738377, 56.2882003784, -6.44700908661, 33.3685684204, 2.53678512573, 76.3921356201]]}, "spectral_energyband_middle_low": {"dmean2": 0.00384150561877, "median": 0.00792607013136, "min": 2.4039976942e-22, "dvar2": 5.61630877201e-05, "dvar": 2.0718016458e-05, "dmean": 0.00236155930907, "max": 0.0775370299816, "var": 5.09327182954e-05, "mean": 0.0087230745703}, "melbands_crest": {"dmean2": 3.83567667007, "median": 14.8899211884, "min": 3.16137742996, "dvar2": 17.0890293121, "dvar": 6.44428539276, "dmean": 2.39184904099, "max": 32.009513855, "var": 27.618894577, "mean": 14.76957798}, "spectral_kurtosis": {"dmean2": 11.4756565094, "median": 2.90350246429, "min": -1.16959631443, "dvar2": 582.539245605, "dvar": 198.791168213, "dmean": 6.61197137833, "max": 138.106719971, "var": 680.963623047, "mean": 14.6110391617}, "spectral_rms": {"dmean2": 0.00102641549893, "median": 0.00577487796545, "min": 3.23822305776e-12, "dvar2": 2.18212176151e-06, "dvar": 8.17745672066e-07, "dmean": 0.00063756282907, "max": 0.0133613813668, "var": 4.0640543375e-06, "mean": 0.00547424331307}, "zerocrossingrate": {"dmean2": 0.00849240832031, "median": 0.0673828125, "min": 0.0029296875, "dvar2": 9.95878654066e-05, "dvar": 7.14107591193e-05, "dmean": 0.00658356724307, "max": 0.6796875, "var": 0.00329964095727, "mean": 0.0639483854175}, "silence_rate_60dB": {"dmean2": 0.0033923459705, "median": 0, "min": 0, "dvar2": 0.00422887504101, "dvar": 0.0016931014834, "dmean": 0.00169599323999, "max": 1, "var": 0.0504696294665, "mean": 0.0533121339977}, "erbbands_kurtosis": {"dmean2": 0.530341923237, "median": -0.524062097073, "min": -1.4777148962, "dvar2": 0.264733850956, "dvar": 0.114153951406, "dmean": 0.336583226919, "max": 6.63661766052, "var": 0.472830176353, "mean": -0.369753837585}, "erbbands": {"dmean2": [0.286534279585, 2.78270506859, 4.12850999832, 2.2600710392, 5.9873342514, 5.62945318222, 6.2884221077, 12.865945816, 13.046664238, 10.1652498245, 13.5805397034, 31.9177265167, 33.7496871948, 14.617108345, 20.6182079315, 26.4623584747, 22.9896144867, 15.3735675812, 22.3938941956, 26.3058719635, 31.3386688232, 30.2345428467, 14.9520864487, 24.0902423859, 13.8261823654, 18.3758659363, 15.1846580505, 10.7076292038, 7.1331820488, 5.89152812958, 3.21657991409, 2.29222989082, 1.37965869904, 0.735772848129, 0.220509007573, 0.0805939286947, 0.0228680986911, 0.00288106151856, 0.00013207232405, 1.78139835043e-05], "median": [0.312471240759, 2.98962163925, 4.67447328568, 1.61963796616, 2.58495855331, 3.52231216431, 5.7377872467, 9.45147418976, 9.58433628082, 6.80293703079, 11.8810319901, 30.6412067413, 28.481420517, 11.1749897003, 17.4619197845, 23.0205421448, 17.17436409, 15.2748394012, 28.1614055634, 37.4610481262, 50.1104049683, 36.9382781982, 20.6455230713, 41.6464195251, 30.1778926849, 34.5749130249, 34.0333480835, 16.5145816803, 5.74841928482, 2.25939774513, 0.66756349802, 0.466865330935, 0.397443711758, 0.196752488613, 0.056561242789, 0.0194926839322, 0.00417597126216, 0.000373895803932, 3.51092312485e-05, 4.49670587841e-05], "min": [1.71724934269e-22, 1.92211450029e-21, 1.3015426829e-20, 8.54248805629e-20, 5.64811976195e-20, 3.75934382306e-19, 3.95522794693e-19, 3.25762853775e-19, 2.88156844984e-19, 2.6224352529e-19, 4.35589381463e-19, 5.76138792967e-19, 1.61823793756e-18, 1.7645073547e-18, 2.18007069354e-18, 8.69273269666e-18, 6.94483554225e-18, 4.88948238518e-18, 6.34812895505e-18, 5.40103651859e-18, 5.27531126933e-18, 1.19952802436e-17, 1.34848968692e-17, 1.51570474405e-17, 1.24926589828e-17, 1.0938373377e-17, 1.4754177395e-17, 1.88981587036e-17, 9.25039966767e-18, 1.57825084802e-17, 1.87331824935e-17, 2.16023643273e-17, 1.34789395144e-17, 1.59986391937e-17, 8.83854313196e-18, 7.94857620219e-18, 3.80137426585e-18, 1.23356234998e-18, 3.36988340922e-19, 3.52657758975e-20], "dvar2": [0.292388677597, 24.7246074677, 59.2022705078, 28.9348659515, 296.301361084, 154.162322998, 104.953605652, 643.34967041, 615.629821777, 457.638824463, 878.436157227, 2812.72924805, 3213.41894531, 1601.82714844, 1410.92565918, 2196.20581055, 1879.93664551, 822.091674805, 1489.47937012, 1298.60742188, 1480.41821289, 1780.41699219, 560.957092285, 872.317687988, 285.410888672, 558.930480957, 354.073181152, 293.686553955, 195.438919067, 125.945274353, 38.7598228455, 19.8793869019, 8.7583026886, 3.24985599518, 0.304209858179, 0.0484922304749, 0.00665645999834, 0.000115213595564, 2.6908017503e-07, 8.31151092395e-10], "dvar": [0.106373742223, 8.77635288239, 21.5637512207, 10.4143104553, 110.54498291, 53.5631065369, 37.6547775269, 252.634384155, 223.714279175, 168.022567749, 307.918334961, 1084.49804688, 1180.10083008, 546.316833496, 504.793609619, 785.764953613, 677.722412109, 315.481567383, 527.227844238, 475.338928223, 529.341430664, 623.47833252, 196.778701782, 302.092041016, 100.122215271, 192.461929321, 124.739334106, 103.436462402, 69.3667221069, 45.5118179321, 14.4048471451, 8.21053314209, 4.36203861237, 1.72787845135, 0.165632233024, 0.0296369288117, 0.00382559699938, 6.61010708427e-05, 1.44814890746e-07, 3.4180644426e-10], "dmean": [0.1720777601, 1.68395113945, 2.55961298943, 1.34829986095, 3.5748398304, 3.37755393982, 3.88434863091, 8.10687065125, 7.75845909119, 6.223736763, 8.28063678741, 20.1884346008, 20.9192771912, 8.66698455811, 12.5847387314, 15.7343463898, 13.7277612686, 9.29380607605, 13.3167743683, 15.6171855927, 18.4968261719, 17.4431228638, 8.57033061981, 14.0929470062, 8.11067485809, 10.7145967484, 8.9426240921, 6.19248723984, 4.03358364105, 3.4083545208, 1.90804493427, 1.42233037949, 0.911922097206, 0.50591135025, 0.160798892379, 0.0620562806726, 0.0180181413889, 0.002216151217, 9.67820888036e-05, 1.14192835099e-05], "max": [3.33965492249, 34.2833747864, 94.6131286621, 120.041786194, 162.375473022, 143.575775146, 132.212600708, 329.11050415, 550.962097168, 284.60269165, 491.125305176, 642.194396973, 735.403747559, 626.732849121, 617.60144043, 705.618286133, 632.484436035, 396.050018311, 881.01751709, 416.573822021, 269.237365723, 341.511657715, 294.8019104, 202.282699585, 148.470153809, 165.821807861, 180.838363647, 181.966720581, 106.036621094, 131.229614258, 70.8463897705, 74.6047592163, 60.504699707, 58.5983695984, 11.1770973206, 3.57526683807, 1.32688963413, 0.133320808411, 0.00675554014742, 0.000256277824519], "var": [0.108613520861, 9.85221004486, 28.6299743652, 12.215098381, 103.166023254, 75.1610946655, 87.7054977417, 531.972167969, 344.602600098, 297.22958374, 507.015686035, 2354.08789063, 3377.23291016, 1212.66650391, 1265.66442871, 1864.91186523, 1517.65991211, 744.811218262, 1148.85327148, 1433.78771973, 1802.09436035, 1292.13366699, 368.984619141, 1046.00390625, 457.949920654, 680.148620605, 585.332885742, 240.467163086, 100.201942444, 86.5013656616, 39.0521621704, 32.638874054, 20.6486377716, 6.65651082993, 0.745960474014, 0.106891199946, 0.00960263330489, 0.000159024144523, 2.95110027082e-07, 1.13244569278e-09], "mean": [0.350483059883, 3.3766245842, 5.19329357147, 2.48371958733, 5.05322217941, 6.23397445679, 8.56449508667, 17.0069026947, 14.9466085434, 12.2162876129, 17.6214103699, 44.105796814, 47.7725791931, 19.1896343231, 25.8995838165, 33.4474372864, 28.1813468933, 21.1945304871, 32.0277557373, 40.6033172607, 51.0744552612, 39.5366859436, 21.1361846924, 39.9421234131, 27.3691616058, 32.4196357727, 30.8440608978, 16.7814540863, 8.07789230347, 6.14662885666, 3.89937615395, 3.40808391571, 2.50949549675, 1.28967368603, 0.435797452927, 0.155771374702, 0.038919955492, 0.00450458191335, 0.000185742988833, 4.823377094e-05]}, "spectral_strongpeak": {"dmean2": 0.305224984884, "median": 0.34116306901, "min": 0, "dvar2": 0.288223266602, "dvar": 0.104888878763, "dmean": 0.174012064934, "max": 4.68516778946, "var": 0.103116557002, "mean": 0.388346225023}, "spectral_energy": {"dmean2": 0.0146207651123, "median": 0.034182947129, "min": 1.07482410923e-20, "dvar2": 0.000587709015235, "dvar": 0.00021520142036, "dmean": 0.00888895709068, "max": 0.182989671826, "var": 0.000479828275274, "mean": 0.0348824188113}, "average_loudness": 0.870165765285, "spectral_rolloff": {"dmean2": 668.456665039, "median": 2024.12109375, "min": 86.1328125, "dvar2": 781743.6875, "dvar": 307558.25, "dmean": 398.291259766, "max": 19745.9472656, "var": 3557773, "mean": 1933.71655273}, "spectral_centroid": {"dmean2": 249.039276123, "median": 2144.69873047, "min": 156.932525635, "dvar2": 62898.078125, "dvar": 28240.2851563, "dmean": 153.853317261, "max": 10588.9472656, "var": 650584.4375, "mean": 1838.56762695}, "pitch_salience": {"dmean2": 0.102009639144, "median": 0.548458039761, "min": 0.111594490707, "dvar2": 0.0129792392254, "dvar": 0.00471311062574, "dmean": 0.0630278214812, "max": 0.966249346733, "var": 0.0274021457881, "mean": 0.51258713007}, "spectral_energyband_middle_high": {"dmean2": 0.00221148622222, "median": 0.00744752911851, "min": 1.57408340724e-21, "dvar2": 1.02605972643e-05, "dvar": 3.71985674974e-06, "dmean": 0.00132880627643, "max": 0.0517049022019, "var": 3.12308548018e-05, "mean": 0.00691689644009}, "spectral_contrast_coeffs": {"dmean2": [0.0709107294679, 0.0641758292913, 0.0587025508285, 0.0438932739198, 0.0306141264737, 0.0333645381033], "median": [-0.696538984776, -0.756339490414, -0.768465280533, -0.78900128603, -0.798488020897, -0.72422850132], "min": [-0.962418019772, -0.956276595592, -0.962191104889, -0.965747237206, -0.962569236755, -0.959111154079], "dvar2": [0.00372628192417, 0.00281049171463, 0.00220471690409, 0.00119750807062, 0.000562619999982, 0.00101055810228], "dvar": [0.00134697521571, 0.00100361439399, 0.000797304150183, 0.0004314185353, 0.000203281480935, 0.000409180502174], "dmean": [0.0430340245366, 0.0383949764073, 0.035381898284, 0.0262751597911, 0.0180921629071, 0.020228413865], "max": [-0.37606048584, -0.506864190102, -0.542975902557, -0.615758478642, -0.683855354786, -0.548901736736], "var": [0.00453601311892, 0.00331085245125, 0.00331978080794, 0.00170081702527, 0.00083454803098, 0.00637586088851], "mean": [-0.686044871807, -0.752959430218, -0.76248139143, -0.784837186337, -0.797217726707, -0.714194774628]}, "melbands_skewness": {"dmean2": 0.806574702263, "median": 2.42440199852, "min": -0.0189884249121, "dvar2": 0.916130244732, "dvar": 0.34508445859, "dmean": 0.508599281311, "max": 8.03005123138, "var": 1.42387568951, "mean": 2.5687918663}, "spectral_spread": {"dmean2": 365106.53125, "median": 3385421.75, "min": 491584.4375, "dvar2": 175705161728, "dvar": 166812270592, "dmean": 242466.109375, "max": 40379236, "var": 2792279769090.0, "mean": 3258894.5}, "dissonance": {"dmean2": 0.0219323821366, "median": 0.484974890947, "min": 0.215589538217, "dvar2": 0.000815918145236, "dvar": 0.000296623416943, "dmean": 0.0129196932539, "max": 0.500000119209, "var": 0.00123970257118, "mean": 0.470868617296}, "spectral_skewness": {"dmean2": 0.775009453297, "median": 1.11687207222, "min": 0.0523595809937, "dvar2": 1.80351543427, "dvar": 0.608204305172, "dmean": 0.450136214495, "max": 9.06591129303, "var": 3.04641580582, "mean": 1.77271592617}, "spectral_flux": {"dmean2": 0.0296277925372, "median": 0.07678347826, "min": 1.03673722385e-10, "dvar2": 0.00137481244747, "dvar": 0.000610147952102, "dmean": 0.0185587946326, "max": 0.349558502436, "var": 0.00257560517639, "mean": 0.0791998356581}, "spectral_contrast_valleys": {"dmean2": [0.548047721386, 0.454169720411, 0.425886332989, 0.341170579195, 0.273631751537, 0.420029699802], "median": [-6.59480190277, -6.3819861412, -6.65824556351, -6.76393127441, -6.33260631561, -10.0882472992], "min": [-27.0227813721, -27.2054176331, -27.4958438873, -27.0150108337, -27.3318309784, -27.1841430664], "dvar2": [0.234055280685, 0.140304550529, 0.118528656662, 0.0832283198833, 0.072494097054, 0.275629341602], "dvar": [0.103148065507, 0.0698576644063, 0.060569472611, 0.0467464439571, 0.0448464117944, 0.116361059248], "dmean": [0.33119148016, 0.27490645647, 0.256491869688, 0.207165315747, 0.165233626962, 0.266421586275], "max": [-5.37426280975, -4.90223550797, -4.9484539032, -5.64177846909, -5.446205616, -7.78688240051], "var": [2.4119617939, 1.38397526741, 1.57313978672, 1.93465197086, 4.0975227356, 6.06647109985], "mean": [-7.06263828278, -6.61735153198, -7.04174804688, -7.35181188583, -7.42278766632, -11.1738052368]}, "erbbands_flatness_db": {"dmean2": 0.0143375126645, "median": 0.150317415595, "min": 0.0475514903665, "dvar2": 0.000178421803867, "dvar": 8.90318042366e-05, "dmean": 0.0093437936157, "max": 0.3753862679, "var": 0.00618909765035, "mean": 0.185063228011}, "spectral_energyband_high": {"dmean2": 0.000715734553523, "median": 0.00152408587746, "min": 8.01832050422e-21, "dvar2": 1.2304133179e-06, "dvar": 4.62117696998e-07, "dmean": 0.000430918560596, "max": 0.00969700980932, "var": 2.22601511268e-06, "mean": 0.00161644199397}, "spectral_entropy": {"dmean2": 0.106248743832, "median": 7.87143182755, "min": 5.60719347, "dvar2": 0.0135480444878, "dvar": 0.00650050491095, "dmean": 0.0686336681247, "max": 9.80031681061, "var": 0.627098381519, "mean": 7.55026721954}, "silence_rate_20dB": {"dmean2": 0, "median": 1, "min": 1, "dvar2": 0, "dvar": 0, "dmean": 0, "max": 1, "var": 0, "mean": 1}, "melbands_flatness_db": {"dmean2": 0.0315166302025, "median": 0.153713479638, "min": 0.00907391775399, "dvar2": 0.00120873039123, "dvar": 0.000473739433801, "dmean": 0.0197208821774, "max": 0.63356667757, "var": 0.0271587967873, "mean": 0.232940748334}, "barkbands": {"dmean2": [0.000240355671849, 0.0113228140399, 0.0026691458188, 0.00105120893568, 0.00174902519211, 0.00126355828252, 0.000824784103315, 0.000594025419559, 0.00135444768239, 0.000798982975539, 0.000538763939403, 0.000650195637718, 0.000504978583194, 0.000418024690589, 0.00045146944467, 0.000645123363938, 0.000619583239313, 0.000321006576996, 0.000454474851722, 0.000362303806469, 0.000299450097373, 0.000206720229471, 0.000126882834593, 8.6819891294e-05, 4.46907615697e-05, 1.38861005325e-05, 9.1587503448e-07], "median": [0.000368981622159, 0.0130049120635, 0.00256446679123, 0.000426030048402, 0.00116480933502, 0.0010249465704, 0.000538386986591, 0.000376515323296, 0.00136282690801, 0.00046108989045, 0.000371040136088, 0.000515051011462, 0.000329073227476, 0.000364273233572, 0.000515477033332, 0.000867211958393, 0.000671204121318, 0.000405386788771, 0.000757305533625, 0.000728879880626, 0.000630352937151, 0.000139219409903, 2.74852227449e-05, 2.39478158619e-05, 1.26060358525e-05, 2.99401904158e-06, 3.88218097669e-08], "min": [1.71151261997e-24, 7.20000290171e-24, 1.59330607317e-23, 3.1813618037e-23, 7.73569751652e-23, 3.88298100369e-23, 2.05531918616e-23, 2.05764427479e-23, 3.39862798095e-23, 3.88574580339e-23, 5.05240923552e-23, 2.113855663e-22, 1.39749170606e-22, 1.4478956265e-22, 7.76892560002e-23, 1.04614656417e-22, 1.89899721545e-22, 2.77918599917e-22, 2.55423391857e-22, 2.72878371957e-22, 4.40598278342e-22, 2.8875573122e-22, 6.40109657861e-22, 8.79074785907e-22, 1.42041613018e-21, 1.92604199261e-21, 2.49808565186e-21], "dvar2": [1.58905464787e-07, 0.000426408078056, 3.19381724694e-05, 5.30797569809e-06, 2.03987601708e-05, 5.28372584085e-06, 2.5520678264e-06, 1.84510020063e-06, 4.55551162304e-06, 2.41008160629e-06, 1.17010586109e-06, 1.28116232645e-06, 8.8713062496e-07, 4.4374471031e-07, 4.59864054392e-07, 6.65520360599e-07, 7.34758828003e-07, 1.87131945495e-07, 3.018832615e-07, 2.13059564658e-07, 1.6115340884e-07, 1.57099009357e-07, 6.12846946524e-08, 3.04769471882e-08, 1.19133662935e-08, 1.85971760214e-09, 1.24082315603e-11], "dvar": [6.49731859426e-08, 0.000151938191266, 1.16311948659e-05, 1.90682385437e-06, 7.39836514185e-06, 2.01322563953e-06, 9.29133477712e-07, 6.46425462492e-07, 1.72051545633e-06, 8.85053225375e-07, 3.99766946657e-07, 4.58816856508e-07, 3.19032636753e-07, 1.68385227539e-07, 1.69801836591e-07, 2.36411310084e-07, 2.57515779367e-07, 6.54904965813e-08, 1.05643906068e-07, 7.37900123227e-08, 5.63457085434e-08, 5.58465558242e-08, 2.23169731584e-08, 1.42140050841e-08, 6.65776944686e-09, 1.14091402992e-09, 6.36557733608e-12], "dmean": [0.000154581866809, 0.00682190386578, 0.00163552910089, 0.000624501903076, 0.00106148805935, 0.000790400721598, 0.000488308083732, 0.000361582264304, 0.000852706376463, 0.000493256549817, 0.000321420171531, 0.00038602470886, 0.00030143497861, 0.000249596079811, 0.000268116651569, 0.000381005258532, 0.000359188241418, 0.000185870376299, 0.00026472643367, 0.000211957318243, 0.000176169487531, 0.000117217605293, 7.44387798477e-05, 5.6538854551e-05, 3.20712897519e-05, 1.10018827399e-05, 6.40967755317e-07], "max": [0.00294131971896, 0.143397048116, 0.0732589736581, 0.0350037589669, 0.0457044057548, 0.0263522155583, 0.0296902619302, 0.0210117157549, 0.0234205778688, 0.0223147738725, 0.0162529312074, 0.016522122547, 0.0131923202425, 0.011280910112, 0.014374287799, 0.00819938164204, 0.00642315112054, 0.00506006507203, 0.00371971540153, 0.00298304739408, 0.00462584290653, 0.002890372416, 0.00205450