{"rhythm": {"bpm": 86.2893600464, "bpm_histogram_second_peak_weight": {"mean": 0.215686276555, "min": 0.215686276555, "max": 0.215686276555, "dmean2": 0, "dvar": 0, "dmean": 0, "median": 0.215686276555, "dvar2": 0, "var": 0}, "bpm_histogram_first_peak_weight": {"mean": 0.406162470579, "min": 0.406162470579, "max": 0.406162470579, "dmean2": 0, "dvar": 0, "dmean": 0, "median": 0.406162470579, "dvar2": 0, "var": 0}, "danceability": 1.06406271458, "beats_loudness": {"mean": 0.0328446216881, "min": 1.25191846223e-07, "max": 0.0957180485129, "dmean2": 0.0246436763555, "dvar": 0.000158929877216, "dmean": 0.0139560140669, "median": 0.0324508100748, "dvar2": 0.000432673259638, "var": 0.000371728354366}, "onset_rate": 3.52413535118, "bpm_histogram_second_peak_spread": {"mean": 0.352941215038, "min": 0.352941215038, "max": 0.352941215038, "dmean2": 0, "dvar": 0, "dmean": 0, "median": 0.352941215038, "dvar2": 0, "var": 0}, "bpm_histogram_first_peak_spread": {"mean": 0.382978737354, "min": 0.382978737354, "max": 0.382978737354, "dmean2": 0, "dvar": 0, "dmean": 0, "median": 0.382978737354, "dvar2": 0, "var": 0}, "beats_position": [0.743038535118, 1.50929701328, 2.26394557953, 3.01859402657, 3.75002264977, 4.45823097229, 5.15482997894, 5.85142850876, 6.54802703857, 7.23301553726, 7.91800451279, 8.59138298035, 9.287981987, 9.97297000885, 10.6579589844, 11.3313379288, 12.0047159195, 12.7013149261, 13.3979139328, 14.0945119858, 14.7911109924, 15.4877090454, 16.1610889435, 16.8576869965, 17.5542850494, 18.2508831024, 18.9474830627, 19.6440811157, 20.363899231, 21.0721092224, 21.7803173065, 22.4769153595, 23.1967334747, 23.8933334351, 24.589931488, 25.286529541, 25.9831295013, 26.6797275543, 27.3647155762, 28.0497055054, 28.7463035583, 29.4429016113, 30.1511096954, 30.8593196869, 31.567527771, 32.2757377625, 32.9723358154, 33.6689338684, 34.3655319214, 35.0505218506, 35.7355079651, 36.4321098328, 37.1287078857, 37.8369140625, 38.545124054, 39.2417221069, 39.9383201599, 40.6116981506, 41.2734680176, 41.9584579468, 42.6434440613, 43.3516540527, 44.0482521057, 44.7564620972, 45.4646720886, 46.1728782654, 46.8810882568, 47.5892944336, 48.3091163635, 49.0289344788, 49.7371406555, 50.4221305847, 51.0955085754, 51.7804985046, 52.4538764954, 53.1272544861, 53.8238525391, 54.5320625305, 55.2170524597, 55.9136505127, 56.6102485657, 57.2836265564, 57.9570045471, 58.6303825378, 59.3269844055, 60.0235824585, 60.7201805115, 61.4399986267, 62.1482086182, 62.8564147949, 63.5530128479, 64.2496109009, 64.9462127686, 65.6544189453, 66.351020813, 67.0592269897, 67.7674331665, 68.4640350342, 69.1490249634, 69.8456192017, 70.5422210693, 71.238822937, 71.9354171753, 72.6436233521, 73.3518371582, 74.060043335, 74.7682495117, 75.4764633179, 76.1846694946, 76.9044876099, 77.6010894775, 78.2976837158, 78.9942855835, 79.6676635742, 80.3526535034, 81.0608596802, 81.7574615479, 82.4540557861, 83.1506576538, 83.8472518921, 84.5670700073, 85.2752838135, 85.9834899902, 86.691696167, 87.3999099731, 88.1081161499, 88.8163223267, 89.5129241943, 90.1863021851, 90.8712921143, 91.5678863525, 92.2644882202, 92.9610900879, 93.6692962646, 94.3775024414, 95.0857162476, 95.8055343628, 96.5021286011, 97.1987304688, 97.895324707, 98.5919265747, 99.3001327515, 99.9967346191, 100.693328857, 101.378318787, 102.063308716, 102.748298645, 103.444892883, 104.141494751, 104.82648468, 105.523078918, 106.231292725, 106.962722778, 107.682540894, 108.39074707, 109.098953247, 109.807167053, 110.51537323, 111.223579407, 111.920181274, 112.616775513, 113.31337738, 114.009971619, 114.706573486, 115.403175354, 116.111381531, 116.819587708, 117.516189575, 118.212783813, 118.92099762, 119.629203796, 120.349021912, 121.068840027, 121.777046204, 122.48526001, 123.205078125, 123.92489624, 124.644714355, 125.352920532, 126.061134338, 126.769340515, 127.477546692, 128.17414856, 128.870742798, 129.567337036, 130.263946533, 130.937316895, 131.610702515, 132.249252319, 132.969070435, 133.677276611, 134.397094727, 135.12852478, 135.859954834, 136.579772949, 137.311203003, 138.042633057, 138.77406311, 139.505477905, 140.225296021, 140.945129395, 141.641723633, 142.34992981, 143.034912109, 143.731521606, 144.416503906, 145.101501465, 145.798095703, 146.483078003, 147.179672241, 147.887893677, 148.572875977, 149.257858276, 149.954467773, 150.651062012, 151.336044312, 152.02104187, 152.70602417, 153.391021729, 154.06439209, 154.761001587, 155.457595825, 156.154190063, 156.850784302, 157.53578186, 158.22076416, 158.89414978, 159.567520142, 160.240905762, 160.925888062, 161.61088562, 162.284255981, 162.957641602, 163.619400024, 164.281173706, 164.942947388, 165.604721069, 166.278091431, 166.951477051, 167.601623535, 168.251785278, 168.925170898, 169.59854126, 170.283538818, 170.945297241, 171.618682861, 172.292053223, 172.942214966, 173.592376709, 174.242538452, 174.892700195, 175.54284668, 176.181396484, 176.831558228, 177.493331909, 178.120269775, 178.75881958, 179.408981323, 180.047531128, 180.686080933, 181.336227417, 181.98638916, 182.624938965, 183.275100708, 183.925262451, 184.563812256, 185.21395874, 185.852508545, 186.49105835, 187.129608154, 187.768157959, 188.406707764, 189.045257568, 189.683807373, 190.333969116, 190.984130859, 191.634277344, 192.284439087, 192.93460083, 193.573150635, 194.211700439, 194.850250244, 195.488800049, 196.138946533, 196.789108276, 197.416046143, 198.042984009, 198.669921875, 199.30847168, 199.958633423, 200.597183228, 201.247344971, 201.897506714, 202.52444458, 203.151382446, 203.789932251, 204.416870117, 205.055419922, 205.705581665, 206.355728149, 207.005889893, 207.656051636, 208.29460144, 208.933151245, 209.583312988, 210.233459473, 210.872009277, 211.510559082, 212.160720825, 212.810882568, 213.449432373, 214.111190796, 214.784576416, 215.434738159, 216.084899902, 216.735046387, 217.38520813, 218.023757935, 218.673919678, 219.335693359, 219.997451782, 220.659225464, 221.309387207, 221.95954895, 222.609695435, 223.259857178, 223.910018921, 224.560180664, 225.210342407, 225.860488892, 226.510650635, 227.160812378, 227.799362183, 228.437911987, 229.064849854, 229.703399658, 230.341949463, 230.992111206, 231.630645752, 232.292419434, 232.954193115, 233.604354858, 234.254501343, 234.904663086, 235.566436768, 236.228210449, 236.878356934, 237.528518677, 238.17868042, 238.828842163, 239.467391968, 240.117553711, 240.767700195, 241.417861938, 242.068023682, 242.718185425, 243.368347168, 244.030105591], "bpm_histogram_first_peak_bpm": {"mean": 86, "min": 86, "max": 86, "dmean2": 0, "dvar": 0, "dmean": 0, "median": 86, "dvar2": 0, "var": 0}, "beats_count": 358, "beats_loudness_band_ratio": {"mean": [0.330882459879, 0.173830226064, 0.12425673008, 0.17964245379, 0.175279989839, 0.0531231127679], "min": [0.000398360047257, 0.000619638536591, 0.000885645276867, 0.00125322549138, 0.00144786760211, 0.000812600133941], "max": [0.985168278217, 0.743273198605, 0.703859567642, 0.843005776405, 0.736428797245, 0.308000326157], "dmean2": [0.393435060978, 0.217012256384, 0.188175722957, 0.212470144033, 0.177731588483, 0.111776813865], "dvar": [0.0301654245704, 0.00968641135842, 0.0119516188279, 0.0175638310611, 0.00793439894915, 0.00239768624306], "dmean": [0.217792496085, 0.121150150895, 0.10544962436, 0.124482437968, 0.100878067315, 0.058972120285], "median": [0.293535470963, 0.146214008331, 0.0785007402301, 0.135707244277, 0.142708182335, 0.0328489542007], "dvar2": [0.0961777791381, 0.0282494239509, 0.0356727838516, 0.0534275099635, 0.0215543825179, 0.00807634927332], "var": [0.0418490841985, 0.0157388225198, 0.0142416898161, 0.0259390790015, 0.0159324929118, 0.00263243541121]}, "bpm_histogram_second_peak_bpm": {"mean": 92, "min": 92, "max": 92, "dmean2": 0, "dvar": 0, "dmean": 0, "median": 92, "dvar2": 0, "var": 0}}, "tonal": {"chords_number_rate": 0.0026575550437, "tuning_diatonic_strength": 0.640231430531, "chords_changes_rate": 0.0558086559176, "thpcp": [1, 0.784373819828, 0.366248011589, 0.195163935423, 0.198558315635, 0.363002866507, 0.519664883614, 0.373850911856, 0.241121128201, 0.253767073154, 0.265767157078, 0.482575774193, 0.623391509056, 0.439719885588, 0.352293044329, 0.380946934223, 0.282528162003, 0.211249545217, 0.221867337823, 0.235609829426, 0.396198838949, 0.536854684353, 0.386532753706, 0.227175801992, 0.210505843163, 0.219355985522, 0.374160438776, 0.472216188908, 0.31582775712, 0.232110098004, 0.259023159742, 0.244624599814, 0.302463948727, 0.340911716223, 0.324727296829, 0.647367179394], "hpcp": {"mean": [0.155897989869, 0.1156212762, 0.0864513590932, 0.0907965600491, 0.0964205116034, 0.16213965416, 0.219701379538, 0.158183917403, 0.0929689854383, 0.0861470028758, 0.0897688195109, 0.153120696545, 0.193248838186, 0.129248738289, 0.0949882864952, 0.106002137065, 0.100109696388, 0.123779758811, 0.139514058828, 0.1328907758, 0.264927297831, 0.40923807025, 0.320995628834, 0.149882629514, 0.0798685103655, 0.0812576189637, 0.148554593325, 0.212666645646, 0.152994021773, 0.0986759439111, 0.103851146996, 0.108762040734, 0.197488382459, 0.255115538836, 0.179950118065, 0.144171729684], "min": [0, 0, 0, 0, 0, 0, 0, 0, 0, 0, 0, 0, 0, 0, 0, 0, 0, 0, 0, 0, 0, 0, 0, 0, 0, 0, 0, 0, 0, 0, 0, 0, 0, 0, 0, 0], "max": [1, 1, 1, 1, 1, 1, 1, 1, 1, 1, 1, 1, 1, 1, 1, 1, 1, 1, 1, 1, 1, 1, 1, 1, 1, 1, 1, 1, 1, 1, 1, 1, 1, 1, 1, 1], "dmean2": [0.202933207154, 0.185622066259, 0.164079383016, 0.165624648333, 0.170086845756, 0.212465181947, 0.239634215832, 0.210987851024, 0.165792286396, 0.150419324636, 0.154600217938, 0.205423235893, 0.212288856506, 0.179551318288, 0.173386380076, 0.182681947947, 0.174814715981, 0.192123711109, 0.212988868356, 0.223351791501, 0.309714227915, 0.33800008893, 0.410521298647, 0.301017552614, 0.165004104376, 0.161149278283, 0.192889273167, 0.212192744017, 0.197775095701, 0.17410095036, 0.183972299099, 0.184056997299, 0.236049771309, 0.270648181438, 0.2382607162, 0.185443937778], "dvar": [0.0365446023643, 0.0311064105481, 0.0295875389129, 0.0307792797685, 0.0303563345224, 0.0338118337095, 0.037982005626, 0.0343648642302, 0.0286673922092, 0.0277627278119, 0.0257129166275, 0.0326792635024, 0.0341453552246, 0.0282795336097, 0.0318475477397, 0.03577593714, 0.0310721229762, 0.0371237508953, 0.0415296517313, 0.0364806726575, 0.0469729080796, 0.0555226877332, 0.0693516805768, 0.0527726858854, 0.0333381779492, 0.0333305373788, 0.0352400690317, 0.0443584620953, 0.0342962518334, 0.0313317701221, 0.0349973216653, 0.0308261234313, 0.0384593270719, 0.0469610914588, 0.0353550314903, 0.0309110507369], "dmean": [0.117693558335, 0.105835355818, 0.0923496931791, 0.0939403772354, 0.096429541707, 0.122136183083, 0.143082991242, 0.124244146049, 0.09452290833, 0.085165284574, 0.0876813530922, 0.119832567871, 0.125878483057, 0.103616535664, 0.0979105755687, 0.103515036404, 0.0996307879686, 0.108880981803, 0.121290758252, 0.126981750131, 0.180504694581, 0.197018861771, 0.233613982797, 0.167117983103, 0.0920594856143, 0.0902197659016, 0.111014179885, 0.124442026019, 0.115531794727, 0.0995654687285, 0.104739561677, 0.105427898467, 0.139073848724, 0.159510791302, 0.138465866446, 0.106996573508], "median": [0.0380060598254, 0.0347066968679, 0.0233895517886, 0.0190654620528, 0.0266620572656, 0.0663188621402, 0.104215793312, 0.0695332735777, 0.028245985508, 0.0178228765726, 0.0271215327084, 0.0571716316044, 0.0697207525373, 0.0499389767647, 0.0297874361277, 0.0255637615919, 0.0229268446565, 0.0250818189234, 0.0288343392313, 0.0470237508416, 0.161437422037, 0.280552536249, 0.201227590442, 0.0497935041785, 0.0209962241352, 0.0187238790095, 0.0381086431444, 0.0502726137638, 0.0420353859663, 0.0283185616136, 0.0229908302426, 0.0313894897699, 0.0800911709666, 0.117140203714, 0.0882399380207, 0.0421078130603], "dvar2": [0.0979254692793, 0.0863763689995, 0.0833248570561, 0.0831965059042, 0.0831813812256, 0.0906650796533, 0.0955014750361, 0.0883652865887, 0.077965863049, 0.0749049037695, 0.0709739476442, 0.0863778665662, 0.0836544036865, 0.0765844658017, 0.0891818404198, 0.0941649004817, 0.0825512036681, 0.100606448948, 0.108013242483, 0.0968076363206, 0.124756678939, 0.131988927722, 0.188790172338, 0.144175857306, 0.0916120111942, 0.0896112024784, 0.0931539833546, 0.106683179736, 0.0874075964093, 0.0822478607297, 0.0917295217514, 0.0819654241204, 0.0991958379745, 0.114326797426, 0.0940153226256, 0.0802787169814], "var": [0.0621963478625, 0.0363775379956, 0.0268830154091, 0.0327730849385, 0.030789192766, 0.0530097670853, 0.073941424489, 0.0471012331545, 0.0270250011235, 0.0325969532132, 0.0268520805985, 0.0476969741285, 0.0744007602334, 0.0373013019562, 0.028172980994, 0.0410695597529, 0.034534778446, 0.0479157567024, 0.0578449554741, 0.0414992384613, 0.0765834450722, 0.139438122511, 0.10201164335, 0.0497281327844, 0.0276794992387, 0.0306889694184, 0.0542661212385, 0.103069849312, 0.0552898570895, 0.0323101431131, 0.0396690703928, 0.0341911166906, 0.0669198036194, 0.0932372510433, 0.0494289658964, 0.0541143529117]}, "tuning_frequency": 448.208557129, "chords_scale": "major", "chords_histogram": [32.8777542114, 4.23310565948, 2.73348522186, 1.2148822546, 1.34776008129, 0.512528479099, 0.930144250393, 0.531511008739, 3.75854206085, 1.06302201748, 0.341685652733, 0.778283953667, 0.30372056365, 0.132877752185, 0.151860281825, 1.57555043697, 0.987091898918, 2.06909632683, 0, 3.30296134949, 1.08200454712, 10.1556568146, 16.9514045715, 12.9650716782], "hpcp_entropy": {"mean": 2.11538887024, "min": 0, "max": 4.61506938934, "dmean2": 1.05223941803, "dvar": 0.267381995916, "dmean": 0.632118821144, "median": 2.10567641258, "dvar2": 0.720695495605, "var": 0.543521344662}, "chords_key": "E", "key_key": "E", "key_scale": "major", "tuning_nontempered_energy_ratio": 0.740189313889, "tuning_equal_tempered_deviation": 0.0277289766818, "key_strength": 0.757156431675, "chords_strength": {"mean": 0.53476023674, "min": 0.197490334511, "max": 0.798671901226, "dmean2": 0.0105262640864, "dvar": 7.25665449863e-05, "dmean": 0.010298657231, "median": 0.548389017582, "dvar2": 8.72355594765e-05, "var": 0.0106961764395}}, "metadata": {"audio_properties": {"md5_encoded": "8ed65770495dec44fc9e6c60f8005d75", "downmix": "mix", "equal_loudness": 0, "bit_rate": 128000, "analysis_sample_rate": 44100, "length": 244.584487915, "lossless": false, "replay_gain": -12.7451953888, "sample_rate": 44100, "codec": "mp3"}, "version": {"essentia_git_sha": "v2.1_beta2", "essentia_build_sha": "70f2e5ece6736b2c40cc944ad0e695b16b925413", "extractor": "music 1.0", "essentia": "2.1-beta2"}, "tags": {"album": ["Child of the Novelty / Maxoom / Strange Universe"], "albumartist": ["Frank Marino & Mahogany Rush"], "albumartistsort": ["Marino, Frank & Mahogany Rush"], "bpm": ["88"], "musicbrainz_artistid": ["625e171a-6bca-4f91-9b78-7078ef52ab25"], "title": ["Child of the Novelty"], "asin": ["B0000071UC"], "musicbrainz_recordingid": ["191a3489-eb39-4b3e-8f0b-85a53eac5f2b"], "artist": ["Frank Marino & Mahogany Rush"], "musicbrainz album type": ["album"], "acoustid_id": ["255f17b0-e3d0-49da-a2d8-cb4b823703ef"], "genre": ["Classic Rock; Blues Rock; Progressive Rock; Hard Rock"], "discnumber": ["1/2"], "musicbrainz_albumartistid": ["625e171a-6bca-4f91-9b78-7078ef52ab25"], "script": ["Latn"], "musicbrainz_albumid": ["b8b0c633-3a56-4fe0-9a72-cf6b272de561"], "musicbrainz album status": ["official"], "musicbrainz_releasegroupid": ["8d98d823-8129-4e91-ae58-77d7bde6b7b5"], "tracknumber": ["4/15"], "contentgroup": ["Classic Rock"], "file_name": "Marino, Frank & Mahogany Rush - Child of the Novelty.mp3"}}, "lowlevel": {"mfcc": {"mean": [-672.835876465, 126.900939941, -14.3980140686, 12.5735054016, 22.8859786987, 9.64916038513, -3.10434603691, 2.54453039169, -3.68535876274, -2.29422998428, -1.05001103878, -4.06626844406, -1.75610053539], "cov": [[9363.93457031, 618.583618164, -350.501312256, -289.492675781, -302.432769775, 21.6841449738, -40.4678840637, -50.5446929932, -73.4305496216, 11.4229307175, 22.2321605682, 27.126745224, -34.8164825439], [618.583618164, 936.148681641, -397.91293335, -142.50843811, 40.0153770447, -14.3603496552, 48.3508148193, 86.4803924561, 27.9928798676, 16.2663421631, 47.2962722778, -13.1983442307, 2.90403676033], [-350.501312256, -397.91293335, 1060.34118652, 268.078033447, -38.0884742737, -22.5930786133, -43.4621276855, -58.2010993958, 3.64203858376, -3.64647650719, -29.1631031036, 21.1041526794, 0.420597106218], [-289.492675781, -142.50843811, 268.078033447, 382.044921875, 99.243850708, 25.3694171906, -42.0810546875, -27.1801872253, -3.37789654732, 0.921888530254, -17.3133296967, 7.78607463837, 20.6865959167], [-302.432769775, 40.0153770447, -38.0884742737, 99.243850708, 363.129974365, 79.5388717651, -12.0768575668, 4.26144456863, -12.891169548, 5.77923536301, -7.85025548935, -17.7629127502, 14.9359807968], [21.6841449738, -14.3603496552, -22.5930786133, 25.3694171906, 79.5388717651, 166.421081543, 68.7143325806, 16.8647079468, 6.34376859665, 0.697499930859, -6.79938697815, 5.83772706985, 8.23737716675], [-40.4678840637, 48.3508148193, -43.4621276855, -42.0810546875, -12.0768575668, 68.7143325806, 168.609603882, 82.4920349121, 27.6826114655, -4.64330244064, 3.75189089775, 3.0040781498, 4.49358558655], [-50.5446929932, 86.4803924561, -58.2010993958, -27.1801872253, 4.26144456863, 16.8647079468, 82.4920349121, 133.209289551, 56.7900505066, 11.2319631577, 5.94002389908, -6.29913330078, -4.36971378326], [-73.4305496216, 27.9928798676, 3.64203858376, -3.37789654732, -12.891169548, 6.34376859665, 27.6826114655, 56.7900505066, 121.39553833, 63.1226577759, 16.0615215302, -5.75010490417, -18.0910243988], [11.4229307175, 16.2663421631, -3.64647650719, 0.921888530254, 5.77923536301, 0.697499930859, -4.64330244064, 11.2319631577, 63.1226577759, 119.450828552, 57.4486083984, 5.86317920685, -15.4784488678], [22.2321605682, 47.2962722778, -29.1631031036, -17.3133296967, -7.85025548935, -6.79938697815, 3.75189089775, 5.94002389908, 16.0615215302, 57.4486083984, 109.08820343, 52.6886940002, 2.97368073463], [27.126745224, -13.1983442307, 21.1041526794, 7.78607463837, -17.7629127502, 5.83772706985, 3.0040781498, -6.29913330078, -5.75010490417, 5.86317920685, 52.6886940002, 102.603012085, 40.8010520935], [-34.8164825439, 2.90403676033, 0.420597106218, 20.6865959167, 14.9359807968, 8.23737716675, 4.49358558655, -4.36971378326, -18.0910243988, -15.4784488678, 2.97368073463, 40.8010520935, 89.1822280884]], "icov": [[0.000121215016406, -9.46800209931e-05, 3.57905946657e-06, 4.37217531726e-05, 0.000135170805152, -0.00013862218475, 9.91703855107e-05, 1.37793040267e-05, 0.00013906773529, -0.00010840795585, 9.53700291575e-05, -8.17566906335e-05, 6.97098585078e-05], [-9.46800209931e-05, 0.00146154477261, 0.000404787599109, 0.000154005727381, -0.000315772893373, 0.000402259785915, -0.000114212693006, -0.00062553078169, -0.000230466015637, 0.000343794585206, -0.000838922802359, 0.000537474872544, -0.000336357130436], [3.57905946657e-06, 0.000404787599109, 0.00135842862073, -0.000875682511833, 0.000224176052143, 0.00032922680839, -0.000230731951888, 0.000341164908605, -0.000271985831205, -7.8438415585e-06, 0.000295394274872, -0.000381302903406, 0.000253382575465], [4.37217531726e-05, 0.000154005727381, -0.000875682511833, 0.00374846160412, -0.000917013559956, -0.000558551517315, 0.000949274573941, -0.000147599042975, -0.00017909485905, -0.000144947349327, 0.000363908678992, -0.000170689658262, -0.000698727963027], [0.000135170805152, -0.000315772893373, 0.000224176052143, -0.000917013559956, 0.00384782557376, -0.00225123087876, 0.00139608723111, -0.000883338158019, 0.0010222196579, -0.000574744946789, -0.000203489296837, 0.00110614253208, -0.000667074811645], [-0.00013862218475, 0.000402259785915, 0.00032922680839, -0.000558551517315, -0.00225123087876, 0.00925897993147, -0.00499758124352, 0.00187198503409, -0.000540195789654, -0.000641948194243, 0.00145271362271, -0.00146112416405, 0.000325173663441], [9.91703855107e-05, -0.000114212693006, -0.000230731951888, 0.000949274573941, 0.00139608723111, -0.00499758124352, 0.011513103731, -0.00656626187265, 0.00041199545376, 0.00117563456297, -0.00103770568967, 0.000512534345035, -0.000762980023865], [1.37793040267e-05, -0.00062553078169, 0.000341164908605, -0.000147599042975, -0.000883338158019, 0.00187198503409, -0.00656626187265, 0.0144643923268, -0.00632589124143, 0.00211574765854, -0.000618611986283, 0.000549323391169, -7.37372029107e-05], [0.00013906773529, -0.000230466015637, -0.000271985831205, -0.00017909485905, 0.0010222196579, -0.000540195789654, 0.00041199545376, -0.00632589124143, 0.0158963687718, -0.00915043149143, 0.0033380954992, -0.0011715189321, 0.00171377800871], [-0.00010840795585, 0.000343794585206, -7.8438415585e-06, -0.000144947349327, -0.000574744946789, -0.000641948194243, 0.00117563456297, 0.00211574765854, -0.00915043149143, 0.0178076848388, -0.0102935545146, 0.00388047238812, -1.74834294739e-05], [9.53700291575e-05, -0.000838922802359, 0.000295394274872, 0.000363908678992, -0.000203489296837, 0.00145271362271, -0.00103770568967, -0.000618611986283, 0.0033380954992, -0.0102935545146, 0.0200076587498, -0.0111238006502, 0.0032132496126], [-8.17566906335e-05, 0.000537474872544, -0.000381302903406, -0.000170689658262, 0.00110614253208, -0.00146112416405, 0.000512534345035, 0.000549323391169, -0.0011715189321, 0.00388047238812, -0.0111238006502, 0.0187619943172, -0.00783412717283], [6.97098585078e-05, -0.000336357130436, 0.000253382575465, -0.000698727963027, -0.000667074811645, 0.000325173663441, -0.000762980023865, -7.37372029107e-05, 0.00171377800871, -1.74834294739e-05, 0.0032132496126, -0.00783412717283, 0.0153501611203]]}, "barkbands_spread": {"mean": 22.2988567352, "min": 0.481877118349, "max": 109.498924255, "dmean2": 8.05892086029, "dvar": 38.3895492554, "dmean": 5.25359296799, "median": 20.9023532867, "dvar2": 84.4159088135, "var": 130.433059692}, "spectral_strongpeak": {"mean": 1.59642148018, "min": 0, "max": 17.5937862396, "dmean2": 1.47016692162, "dvar": 1.96428751945, "dmean": 0.881471216679, "median": 0.499517023563, "dvar2": 4.66306781769, "var": 4.72992038727}, "melbands_crest": {"mean": 12.696937561, "min": 1.81908476353, "max": 35.4408760071, "dmean2": 5.4414639473, "dvar": 10.8409805298, "dmean": 3.43595695496, "median": 11.6477203369, "dvar2": 25.8036384583, "var": 26.8369636536}, "spectral_energyband_middle_high": {"mean": 0.0097335241735, "min": 1.29176844132e-21, "max": 0.112159997225, "dmean2": 0.00500470446423, "dvar": 3.52218594344e-05, "dmean": 0.00326592940837, "median": 0.00391705613583, "dvar2": 8.56540500536e-05, "var": 0.00015736509522}, "spectral_rms": {"mean": 0.00425219256431, "min": 3.17331686102e-12, "max": 0.0118747092783, "dmean2": 0.000979634700343, "dvar": 5.94467053361e-07, "dmean": 0.000671242305543, "median": 0.00423030601814, "dvar2": 1.22107837797e-06, "var": 4.52260337624e-06}, "spectral_flux": {"mean": 0.0727139338851, "min": 6.60384247286e-11, "max": 0.256657361984, "dmean2": 0.0325891040266, "dvar": 0.000556215818506, "dmean": 0.0213497132063, "median": 0.0658038333058, "dvar2": 0.00121836410835, "var": 0.00215549883433}, "erbbands_flatness_db": {"mean": 0.183459997177, "min": 0.0471615642309, "max": 0.523110330105, "dmean2": 0.0293027423322, "dvar": 0.000375174946385, "dmean": 0.0201823487878, "median": 0.180022135377, "dvar2": 0.00076641497435, "var": 0.00300225266255}, "barkbands_flatness_db": {"mean": 0.143942907453, "min": 0.0249121412635, "max": 0.487215638161, "dmean2": 0.0317512899637, "dvar": 0.000393415277358, "dmean": 0.0207579154521, "median": 0.142022505403, "dvar2": 0.00088433077326, "var": 0.00183209357783}, "spectral_entropy": {"mean": 7.44275712967, "min": 4.53241205215, "max": 9.81414985657, "dmean2": 0.227025613189, "dvar": 0.0262127313763, "dmean": 0.161296114326, "median": 7.44331979752, "dvar2": 0.0513245053589, "var": 0.164874196053}, "spectral_energyband_high": {"mean": 0.000308263261104, "min": 7.40012739655e-21, "max": 0.0147644486278, "dmean2": 0.000262341287453, "dvar": 2.92468257612e-07, "dmean": 0.00017979486438, "median": 0.000121307552035, "dvar2": 6.68864174713e-07, "var": 4.17447068912e-07}, "barkbands_kurtosis": {"mean": 2.43717050552, "min": -1.94126093388, "max": 121.718635559, "dmean2": 3.29532551765, "dvar": 20.2657718658, "dmean": 2.08335995674, "median": 0.145249605179, "dvar2": 46.4749450684, "var": 40.2624435425}, "spectral_complexity": {"mean": 16.0597057343, "min": 0, "max": 53, "dmean2": 4.4898891449, "dvar": 15.0130987167, "dmean": 3.02430224419, "median": 15, "dvar2": 27.678232193, "var": 97.8395996094}, "spectral_contrast_coeffs": {"mean": [-0.666155040264, -0.69159668684, -0.750541985035, -0.738093793392, -0.764750123024, -0.789876937866], "min": [-0.975655794144, -0.968514919281, -0.966927945614, -0.965913832188, -0.96790844202, -0.961815059185], "max": [-0.319991827011, -0.353278756142, -0.352670669556, -0.40671569109, -0.559352099895, -0.615811944008], "dmean2": [0.0769475996494, 0.0757704749703, 0.0620000474155, 0.0547052100301, 0.0377357192338, 0.0283668376505], "dvar": [0.00169732992072, 0.00152083567809, 0.00102763669565, 0.000821041176096, 0.000431429536548, 0.000271533586783], "dmean": [0.0479945167899, 0.0474978275597, 0.0393424220383, 0.0348148196936, 0.0239938423038, 0.0179961044341], "median": [-0.670012593269, -0.694751560688, -0.766149044037, -0.746395468712, -0.766393899918, -0.796702325344], "dvar2": [0.00430481461808, 0.00373446918093, 0.00237673381343, 0.00188353995327, 0.000987945473753, 0.000626253138762], "var": [0.00659838272259, 0.00715776765719, 0.00813238229603, 0.00585138332099, 0.00269766082056, 0.00158886716235]}, "spectral_centroid": {"mean": 1345.37268066, "min": 257.200256348, "max": 11644.4335938, "dmean2": 314.979736328, "dvar": 65244.5742188, "dmean": 205.512771606, "median": 1339.83752441, "dvar2": 145947.65625, "var": 311783.78125}, "spectral_energyband_low": {"mean": 0.00534413289279, "min": 2.69463210082e-23, "max": 0.0701562538743, "dmean2": 0.00503346556798, "dvar": 4.79650479974e-05, "dmean": 0.00320777320303, "median": 0.00329195754603, "dvar2": 0.000104105136415, "var": 5.83267246839e-05}, "dissonance": {"mean": 0.463520675898, "min": 0.223829522729, "max": 0.500000119209, "dmean2": 0.0315786227584, "dvar": 0.000411593384342, "dmean": 0.0188853889704, "median": 0.473023533821, "dvar2": 0.00108181685209, "var": 0.000999102951027}, "zerocrossingrate": {"mean": 0.0593343041837, "min": 0.00537109375, "max": 0.51513671875, "dmean2": 0.00959693081677, "dvar": 0.000115138544061, "dmean": 0.00832210388035, "median": 0.05615234375, "dvar2": 0.000130548200104, "var": 0.000809690565802}, "erbbands": {"mean": [0.0956442281604, 0.790682852268, 1.53911018372, 2.51609897614, 4.74278354645, 6.36727571487, 10.5298948288, 18.8290538788, 15.3785429001, 11.76861763, 14.366651535, 28.3796520233, 46.3795967102, 30.8932418823, 61.9252128601, 49.5481185913, 89.9524383545, 65.1347961426, 76.4012374878, 67.3602905273, 43.345664978, 24.9749755859, 18.3097114563, 10.9001626968, 6.81501531601, 3.64310145378, 2.86437964439, 2.80317091942, 2.24679684639, 1.81489992142, 1.39275670052, 1.03614139557, 0.762792289257, 0.423930883408, 0.172775909305, 0.0630631074309, 0.0155013035983, 0.00146434269845, 4.50519728474e-05, 2.96170019283e-05], "min": [2.72148126572e-22, 1.65477461346e-21, 3.54065856253e-21, 1.47963612281e-20, 2.39152810802e-20, 1.02816488651e-19, 1.09908728761e-19, 4.11220976659e-19, 1.93087258199e-19, 3.36448528024e-19, 5.71373612254e-19, 4.88618586365e-19, 1.02782681521e-18, 1.24956188419e-18, 2.14759351473e-18, 2.09155264862e-18, 2.15689164521e-18, 2.51349561793e-18, 3.21659727744e-18, 3.4605322197e-18, 4.21838496396e-18, 5.65028340794e-18, 8.7250076298e-18, 7.96116423675e-18, 9.79719913979e-18, 1.2241009961e-17, 9.78736148077e-18, 1.40295572522e-17, 1.63928221885e-17, 1.44860286015e-17, 1.33324127407e-17, 1.2438850884e-17, 1.18712097692e-17, 9.38170879965e-18, 7.4795209543e-18, 5.49520937696e-18, 2.76346070685e-18, 1.21105342135e-18, 3.01177288211e-19, 3.30421366964e-20], "max": [2.80537962914, 14.8471250534, 24.5434246063, 71.5853652954, 174.989379883, 92.9186630249, 196.349411011, 619.716430664, 1228.61779785, 667.468017578, 1487.43737793, 1877.76721191, 3936.73681641, 1248.92810059, 4592.328125, 1679.14135742, 5288.45996094, 2451.4453125, 2763.90991211, 3971.49804688, 1407.7857666, 779.07019043, 558.407226562, 183.368896484, 338.493347168, 243.358352661, 240.83442688, 169.300109863, 164.705566406, 104.667320251, 67.2927246094, 71.6691818237, 36.2824554443, 17.323884964, 4.40736865997, 1.80443382263, 0.93282610178, 0.194945976138, 0.00373322027735, 0.000168322672835], "dmean2": [0.13839507103, 0.881207883358, 1.56934845448, 3.51503944397, 5.91762971878, 5.65047645569, 8.18971824646, 16.0524349213, 14.3016281128, 10.330532074, 13.1719999313, 19.9758491516, 31.1650085449, 25.7580909729, 54.4388542175, 42.3110618591, 87.2906036377, 52.4619216919, 63.7009353638, 54.7946815491, 32.7527427673, 18.7130126953, 13.9008560181, 8.73206806183, 5.82080745697, 3.69108200073, 3.14598417282, 3.01479387283, 2.37807655334, 1.86876547337, 1.43943250179, 0.971377074718, 0.636125981808, 0.338248342276, 0.149938464165, 0.0595213696361, 0.0211424659938, 0.00218779454008, 4.68129801448e-05, 1.34110096042e-05], "dvar": [0.0603854618967, 1.68230140209, 4.29214429855, 20.6453838348, 89.9836807251, 37.2548713684, 83.1922225952, 548.1484375, 746.888305664, 520.535339355, 1134.30383301, 2327.55981445, 7219.41210938, 2336.35229492, 14973.4257812, 4771.70703125, 35284.9375, 7789.07666016, 9886.49902344, 8434.90917969, 1984.01293945, 690.177062988, 311.303710938, 127.579856873, 88.276725769, 59.6670646667, 53.8068237305, 42.7503318787, 28.8949451447, 16.135477066, 9.04089641571, 4.1761341095, 1.61202096939, 0.366915494204, 0.069781832397, 0.0102140717208, 0.00151878013276, 1.85569260793e-05, 7.10244041358e-09, 1.42507533551e-10], "dmean": [0.0873165801167, 0.538504064083, 0.914305746555, 2.05014038086, 3.53444051743, 3.46225881577, 5.23770618439, 10.3778390884, 9.31627559662, 6.91305828094, 8.70383071899, 14.4277048111, 22.7647132874, 16.329536438, 35.140838623, 26.9818592072, 55.5125083923, 34.1300582886, 40.1680145264, 34.734916687, 21.0021095276, 12.0179576874, 8.97170162201, 5.71393251419, 3.8136484623, 2.32906866074, 2.02422595024, 1.96547079086, 1.57606673241, 1.23218417168, 0.933007955551, 0.650231599808, 0.434683650732, 0.230276733637, 0.102389901876, 0.0407313033938, 0.0134665807709, 0.0013183177216, 2.92739405268e-05, 9.08814490685e-06], "median": [0.0315072908998, 0.332872539759, 1.06621456146, 1.19350481033, 2.19759106636, 3.88255047798, 5.66464042664, 7.77644491196, 5.06380558014, 3.20605826378, 3.03806638718, 4.17913818359, 5.88703298569, 5.74836063385, 9.11477851868, 8.37014007568, 11.8363628387, 17.8561496735, 21.8537750244, 18.2987651825, 14.3566513062, 9.45960617065, 7.46570825577, 4.82783985138, 3.23034191132, 1.33001792431, 0.828375339508, 0.872149705887, 0.680017411709, 0.635572910309, 0.486584842205, 0.35223737359, 0.298236131668, 0.18144133687, 0.06339276582, 0.0175514500588, 0.00261234957725, 0.000190691527678, 2.27053515118e-05, 2.42696278292e-05], "dvar2": [0.141361877322, 4.16537475586, 11.952252388, 55.8898887634, 239.954971313, 96.3963699341, 198.123413086, 1295.51806641, 1753.41162109, 1168.83483887, 3027.51245117, 4527.62158203, 12164.6269531, 5969.41210938, 34257.8867188, 11509.1083984, 90233.1875, 17011.8007812, 23480.203125, 19155.8417969, 4752.26611328, 1586.890625, 706.263427734, 297.59854126, 203.869644165, 147.167709351, 132.563034058, 99.7604904175, 67.3678283691, 38.7183685303, 22.6126937866, 8.74046707153, 3.19511556625, 0.754653275013, 0.153226017952, 0.0228588897735, 0.00379023537971, 4.69501101179e-05, 1.78011134722e-08, 3.12700143557e-10], "var": [0.0573026612401, 1.67452168465, 4.06671094894, 18.1328315735, 84.6455535889, 68.4231414795, 213.603744507, 1265.25915527, 1435.63098145, 975.267944336, 1776.77172852, 6867.36230469, 30735.3144531, 6130.6796875, 40068.2421875, 10778.2646484, 59713.2382812, 21475.5410156, 21335.9433594, 23297.7636719, 5578.64257812, 1916.46435547, 886.509155273, 255.080108643, 136.827484131, 74.056640625, 61.2699050903, 55.0761260986, 36.0681610107, 20.6905574799, 11.0807714462, 7.65771150589, 3.19339251518, 0.689541518688, 0.107226423919, 0.0153775122017, 0.00165339116938, 2.13011608139e-05, 8.61058335744e-09, 5.75938075009e-10]}, "pitch_salience": {"mean": 0.532581329346, "min": 0.0881823003292, "max": 0.851722121239, "dmean2": 0.11522129178, "dvar": 0.00425887759775, "dmean": 0.0724122673273, "median": 0.532870590687, "dvar2": 0.0104407416657, "var": 0.0118254264817}, "silence_rate_60dB": {"mean": 0.129852876067, "min": 0, "max": 1, "dmean2": 0.0360770896077, "dvar": 0.0177100691944, "dmean": 0.018036833033, "median": 0, "dvar2": 0.0400962308049, "var": 0.11299854517}, "melbands": {"mean": [0.000921983562876, 0.000924674386624, 0.000505748903379, 0.000411815883126, 0.000359133264283, 0.000421203352744, 0.000216224056203, 0.000124271813547, 0.000128445215523, 0.000193916479475, 0.000232280639466, 0.000117102637887, 0.00023205546313, 0.000105734012323, 0.000200015783776, 0.000150262989337, 0.000114036090963, 0.000130764470669, 8.70035364642e-05, 8.0053396232e-05, 4.57836758869e-05, 2.46668041655e-05, 2.21379305003e-05, 1.24292164401e-05, 8.49143725645e-06, 6.49025969324e-06, 2.98809300148e-06, 2.22566018238e-06, 1.78579989552e-06, 1.61755485806e-06, 1.6387392634e-06, 1.29542934246e-06, 1.10166865852e-06, 9.70891619545e-07, 8.19747981495e-07, 6.8657192287e-07, 6.1731157075e-07, 5.56046302336e-07, 4.51378468824e-07, 3.25385229871e-07], "min": [2.97069022751e-24, 2.72063394233e-24, 4.1932445731e-24, 5.58720517998e-24, 4.73726869132e-24, 9.73744815628e-24, 2.85080151372e-24, 4.08285019474e-24, 5.65031878556e-24, 1.71266909005e-24, 5.13293726113e-24, 4.7396218634e-24, 6.68498795999e-24, 4.56938331348e-24, 7.52637201314e-24, 3.09000918652e-24, 3.36832325818e-24, 4.37189277471e-24, 6.33881607326e-24, 2.84932634383e-24, 4.33247891731e-24, 5.04355340411e-24, 7.12326172399e-24, 7.00306062128e-24, 5.76588533046e-24, 6.82557165077e-24, 7.47562932427e-24, 7.32573470823e-24, 5.85675145712e-24, 7.29831153658e-24, 7.43462591214e-24, 8.6967063306e-24, 8.85288895693e-24, 6.15660379808e-24, 7.03656591051e-24, 7.02136140542e-24, 7.7045520258e-24, 7.58119547947e-24, 9.20182106797e-24, 7.41050017908e-24], "max": [0.0203714780509, 0.0117630865425, 0.0173834785819, 0.00760638294742, 0.00553376507014, 0.0124272787943, 0.0163795445114, 0.00625455612317, 0.0121009880677, 0.0104200318456, 0.0190181136131, 0.0053121256642, 0.0153226321563, 0.00421667657793, 0.00944175571203, 0.00845385435969, 0.00430622696877, 0.00595145439729, 0.0026271129027, 0.00508323358372, 0.00110930157825, 0.000965824990999, 0.000682322366629, 0.000333469739417, 0.000153467583004, 0.000322651816532, 0.000126849554363, 0.000188533973414, 0.000155572182848, 0.000110796150693, 9.80891418294e-05, 0.000106641986349, 6.76318086335e-05, 5.35088111064e-05, 4.71472703794e-05, 4.78498586745e-05, 5.29680364707e-05, 3.16262739943e-05, 1.81861469173e-05, 1.42349572343e-05], "dmean2": [0.00115558796097, 0.0008898761007, 0.000686837709509, 0.000401202909416, 0.000273248413578, 0.000351117341779, 0.00020169657364, 0.000113162546768, 0.000117581643281, 0.000133513662149, 0.000161645788467, 0.000106998042611, 0.000210514204809, 9.53806957114e-05, 0.000193837520783, 0.000146434555063, 9.91790147964e-05, 0.00011867833382, 7.90594131104e-05, 6.62136008032e-05, 3.87967629649e-05, 2.08411074709e-05, 1.91227609321e-05, 1.06209099613e-05, 7.57359202908e-06, 5.95969640926e-06, 3.03764272758e-06, 2.47723960456e-06, 2.09626546166e-06, 1.82435860552e-06, 1.85228338978e-06, 1.46593004047e-06, 1.19369713047e-06, 1.0502102441e-06, 9.05872411749e-07, 7.11889981631e-07, 5.99805275669e-07, 4.94620110203e-07, 3.83948844274e-07, 2.77959941286e-07], "dvar": [3.72611702915e-06, 1.36767857839e-06, 9.54960455601e-07, 2.50023845183e-07, 8.76611991885e-08, 2.45205654892e-07, 1.37020862212e-07, 6.20827407261e-08, 9.04417163383e-08, 1.01696208787e-07, 1.7973243871e-07, 4.39791740803e-08, 2.68938691761e-07, 3.02187395107e-08, 1.29036223484e-07, 9.30578565317e-08, 2.97942364114e-08, 3.9134654628e-08, 1.50748125094e-08, 1.33868782726e-08, 2.69410715958e-09, 9.48395251221e-10, 7.1172506777e-10, 2.00120628402e-10, 9.57278353808e-11, 8.14793787995e-11, 2.74873873662e-11, 2.96087529494e-11, 2.38342956482e-11, 1.57374044352e-11, 1.57475751189e-11, 1.09997306402e-11, 6.644092828e-12, 4.74954407401e-12, 3.55922257812e-12, 2.37444699319e-12, 1.56263587139e-12, 1.00757607552e-12, 5.0712060419e-13, 2.31173939583e-13], "dmean": [0.000728966319002, 0.000542250170838, 0.000405794940889, 0.000244585855398, 0.000173881708179, 0.000227877288125, 0.000131807741127, 7.56585723138e-05, 7.77668537921e-05, 9.76303927018e-05, 0.000116553899716, 6.68767825118e-05, 0.000135576105095, 6.11417053733e-05, 0.00012230174616, 9.34605923248e-05, 6.43232851871e-05, 7.44153949199e-05, 4.98722947668e-05, 4.28064959124e-05, 2.47320822382e-05, 1.3329837202e-05, 1.20736540339e-05, 6.87510555508e-06, 4.89442709295e-06, 3.82628059015e-06, 1.93435926121e-06, 1.54128736085e-06, 1.33543767333e-06, 1.17445074466e-06, 1.18965795082e-06, 9.50538719735e-07, 7.84676558396e-07, 6.76418267176e-07, 5.75342710363e-07, 4.64566369374e-07, 3.97611444214e-07, 3.33781855488e-07, 2.56033274582e-07, 1.87158747167e-07], "median": [0.000382298632758, 0.000594953948166, 0.000253466801951, 0.000224751638598, 0.000211589387618, 0.000177033682121, 6.9858324423e-05, 2.625525849e-05, 2.11615679291e-05, 2.46676463576e-05, 2.54807364399e-05, 1.81405866897e-05, 2.47959542321e-05, 1.87367477338e-05, 1.79483540705e-05, 2.47915668297e-05, 2.40228600887e-05, 2.89691142825e-05, 2.15341642615e-05, 1.93614305317e-05, 1.4045408534e-05, 8.21159210318e-06, 7.89949081081e-06, 4.72322017231e-06, 3.52449274033e-06, 2.85612895823e-06, 1.17615491035e-06, 6.75242233683e-07, 4.74191978128e-07, 4.81582048906e-07, 4.91388448154e-07, 3.67124187051e-07, 3.4770019397e-07, 3.33541606778e-07, 2.75027360885e-07, 2.30307122706e-07, 2.05337570947e-07, 2.03678368393e-07, 1.92615217998e-07, 1.32625771698e-07], "dvar2": [8.71903739608e-06, 3.5003697576e-06, 2.54246015174e-06, 6.52954270208e-07, 2.11816754359e-07, 5.76025627197e-07, 3.20214297744e-07, 1.39384980002e-07, 2.38680058828e-07, 1.82601056053e-07, 3.11772225814e-07, 1.12099243665e-07, 6.44761257718e-07, 7.00966893419e-08, 3.20763803074e-07, 2.36140053289e-07, 6.57510739188e-08, 9.24028000782e-08, 3.69277408652e-08, 2.86237895608e-08, 6.41745412366e-09, 2.16406093045e-09, 1.70494030005e-09, 4.67338390209e-10, 2.2570637026e-10, 1.88666138268e-10, 6.35905425539e-11, 7.50493278634e-11, 5.96263385888e-11, 3.74636051348e-11, 3.73177669322e-11, 2.59460491286e-11, 1.57794662753e-11, 1.16459454927e-11, 9.1293752072e-12, 5.6691305296e-12, 3.14521238914e-12, 2.04828493576e-12, 1.07005550254e-12, 4.83936892295e-13], "var": [3.65674077329e-06, 1.47857610955e-06, 8.31473812468e-07, 3.72659542336e-07, 2.14253120134e-07, 5.86082137488e-07, 2.64522896032e-07, 1.14310907406e-07, 1.5234407158e-07, 3.54043436346e-07, 7.61921739922e-07, 1.11406180281e-07, 7.00327404957e-07, 6.67951240985e-08, 2.53650966897e-07, 1.49767458879e-07, 7.8675675752e-08, 7.84594575975e-08, 3.13351051773e-08, 3.93653252218e-08, 6.94524171507e-09, 2.46790099467e-09, 1.62154656369e-09, 4.48118098184e-10, 1.79207496065e-10, 1.40249895031e-10, 3.7813918663e-11, 3.46937062412e-11, 2.56804508214e-11, 2.08411204961e-11, 1.90684221885e-11, 1.29632372545e-11, 8.62091561332e-12, 5.81812549527e-12, 3.99601619155e-12, 3.4358141332e-12, 2.93147645915e-12, 1.87641200321e-12, 9.43544613101e-13, 4.0980096378e-13]}, "dynamic_complexity": 5.36978054047, "average_loudness": 0.645883977413, "spectral_energyband_middle_low": {"mean": 0.00836386252195, "min": 2.31821557097e-22, "max": 0.138522490859, "dmean2": 0.00521113770083, "dvar": 3.30855655193e-05, "dmean": 0.003