{"metadata": {"tags": {"album": ["Dim Division"], "albumartist": ["Miguel Migs"], "tracknumber": ["1"], "musicbrainz_recordingid": ["191be032-8d2a-4f38-945d-d32076f18b03"], "artist": ["Miguel Migs"], "date": ["2014"], "discnumber": ["1"], "title": ["I Can Feel It (Stripped Version)"], "file_name": "2178147.mp3"}, "audio_properties": {"sample_rate": 44100, "downmix": "mix", "lossless": false, "analysis_sample_rate": 44100, "md5_encoded": "91fb0803535ffea0ecac5228efaa200c", "equal_loudness": 0, "replay_gain": -11.0333480835, "codec": "mp3", "bit_rate": 320000, "length": 194.821228027}, "version": {"extractor": "music 1.0", "essentia_build_sha": "70f2e5ece6736b2c40cc944ad0e695b16b925413", "essentia_git_sha": "v2.1_beta2", "essentia": "2.1-beta2"}}, "rhythm": {"beats_loudness_band_ratio": {"dvar2": [0.104847617447, 0.121396683156, 0.111540079117, 0.0291452072561, 0.0106935827062, 0.0849515944719], "var": [0.0956786349416, 0.0357116088271, 0.0491596870124, 0.00901572126895, 0.00472984230146, 0.0207502655685], "min": [0.0055970698595, 0.00229549687356, 0.000413299858337, 4.22059456469e-05, 4.22880793849e-06, 2.81809684566e-06], "dmean": [0.227673888206, 0.19836525619, 0.181673526764, 0.0647839829326, 0.053750872612, 0.118834100664], "mean": [0.430070966482, 0.213469475508, 0.192143693566, 0.0735786184669, 0.0489364862442, 0.0952572003007], "max": [0.983335137367, 0.76726859808, 0.962507784367, 0.733701348305, 0.411172062159, 0.492326229811], "dmean2": [0.415082454681, 0.368729382753, 0.323707073927, 0.120171092451, 0.100547157228, 0.229561895132], "median": [0.335646122694, 0.149243861437, 0.0973491817713, 0.048714928329, 0.0165557339787, 0.0167948007584], "dvar": [0.0414508655667, 0.0326371230185, 0.0418398603797, 0.0101293474436, 0.00386133068241, 0.0216204114258]}, "bpm_histogram_first_peak_weight": {"dvar2": 0, "var": 0, "min": 0.216624692082, "dmean": 0, "mean": 0.216624692082, "max": 0.216624692082, "dmean2": 0, "median": 0.216624692082, "dvar": 0}, "bpm": 120.268371582, "beats_count": 398, "bpm_histogram_first_peak_spread": {"dvar2": 0, "var": 0, "min": 0.445161283016, "dmean": 0, "mean": 0.445161283016, "max": 0.445161283016, "dmean2": 0, "median": 0.445161283016, "dvar": 0}, "danceability": 1.23009681702, "bpm_histogram_first_peak_bpm": {"dvar2": 0, "var": 0, "min": 120, "dmean": 0, "mean": 120, "max": 120, "dmean2": 0, "median": 120, "dvar": 0}, "beats_position": [1.01006805897, 2.03174591064, 3.04181408882, 4.05188179016, 5.06195020676, 6.07201814651, 7.07047605515, 8.08054447174, 9.07900238037, 10.077460289, 11.0759181976, 12.0743761063, 13.0728340149, 14.0712919235, 15.0697498322, 16.0682086945, 17.0782756805, 18.088344574, 19.0868015289, 20.0852603912, 21.0837192535, 22.0821762085, 23.0806350708, 24.0907020569, 25.1123809814, 26.0992279053, 27.0280265808, 27.9452152252, 28.804353714, 29.6634922028, 30.5342407227, 31.2888889313, 32.0435371399, 32.6936950684, 33.332244873, 33.9591827393, 34.5164604187, 35.0621299744, 35.6194114685, 36.0954170227, 36.5830383301, 37.0706558228, 37.5234451294, 37.976234436, 38.4290237427, 38.8702049255, 39.3113822937, 39.7525634766, 40.1705207825, 40.6000900269, 41.0296592712, 41.4592285156, 41.8423576355, 42.2254867554, 42.6086158752, 43.0033569336, 43.3980941772, 43.7928352356, 44.1759643555, 44.5590934753, 44.9422225952, 45.3253517151, 45.708480835, 46.1032180786, 46.5095672607, 46.9043083191, 47.2990455627, 47.6705665588, 48.0420837402, 48.4136047363, 48.7851219177, 49.14503479, 49.5049438477, 49.8648529053, 50.2363700867, 50.6194992065, 51.0026283264, 51.3973693848, 51.7804985046, 52.1752357483, 52.5699768066, 52.9531059265, 53.3246231079, 53.696144104, 54.0792732239, 54.45079422, 54.8223114014, 55.1590003967, 55.4956893921, 55.8323783875, 56.157459259, 56.5289802551, 56.912109375, 57.3068466187, 57.6783676147, 58.0382766724, 58.3865737915, 58.7464828491, 59.094783783, 59.4546928406, 59.8262138367, 60.1977310181, 60.5692520142, 60.952381134, 61.3238983154, 61.6954193115, 62.0785484314, 62.4500656128, 62.8331947327, 63.2163238525, 63.5994529724, 64.0986862183, 64.5979156494, 65.0971450806, 65.5847625732, 66.0839920044, 66.5716094971, 67.0592269897, 67.5468444824, 68.0344696045, 68.5104751587, 68.9864807129, 69.474105835, 70.0313796997, 70.5886611938, 71.1343307495, 71.6335601807, 72.1211776733, 72.6204071045, 73.1080245972, 73.5956420898, 74.094871521, 74.5824966431, 75.0701141357, 75.5693435669, 76.068572998, 76.5678024292, 77.0670318604, 77.461769104, 77.8681182861, 78.2628555298, 78.6692047119, 79.075553894, 79.4819030762, 79.8882522583, 80.2946014404, 80.6893386841, 81.0724716187, 81.4555969238, 81.8503417969, 82.2450790405, 82.6398162842, 83.0345535278, 83.3712463379, 83.7079315186, 84.0446243286, 84.3697052002, 84.6947860718, 85.019859314, 85.3449401855, 85.6816329956, 86.0299301147, 86.4246673584, 86.807800293, 87.2025375366, 87.5972747803, 88.0384597778, 88.4680252075, 88.9092025757, 89.3271636963, 89.7451248169, 90.1630859375, 90.5810394287, 91.0686569214, 91.5678863525, 92.0671157837, 92.5663452148, 93.065574646, 93.5764160156, 94.0872573853, 94.5980911255, 95.1785888672, 95.7590942383, 96.33959198, 96.9200897217, 97.5005874634, 98.0694732666, 98.5687026978, 99.0679321289, 99.5671615601, 100.066390991, 100.565620422, 101.064849854, 101.564079285, 102.063308716, 102.562538147, 103.061767578, 103.560997009, 104.06022644, 104.559455872, 105.058685303, 105.557914734, 106.057144165, 106.556373596, 107.055595398, 107.554824829, 108.05405426, 108.553283691, 109.052513123, 109.551742554, 110.050971985, 110.550201416, 111.049430847, 111.548660278, 112.059501648, 112.558731079, 113.05796051, 113.56879425, 114.056411743, 114.567253113, 115.054870605, 115.565711975, 116.053329468, 116.564170837, 117.05178833, 117.5626297, 118.050247192, 118.561088562, 119.048706055, 119.559547424, 120.047164917, 120.557998657, 121.057228088, 121.55645752, 122.055686951, 122.554916382, 123.054145813, 123.553375244, 124.052604675, 124.551834106, 125.051063538, 125.550292969, 126.061134338, 126.56036377, 127.059593201, 127.558815002, 128.058044434, 128.568893433, 129.056503296, 129.567337036, 130.054962158, 130.565795898, 131.053421021, 131.564254761, 132.051879883, 132.562713623, 133.050338745, 133.561172485, 134.048797607, 134.559631348, 135.04725647, 135.55809021, 136.057327271, 136.556549072, 137.055786133, 137.555007935, 138.054244995, 138.553466797, 139.052688599, 139.551925659, 140.051147461, 140.550384521, 141.061218262, 141.560455322, 142.059677124, 142.570526123, 143.058135986, 143.557373047, 144.056594849, 144.567428589, 145.055053711, 145.565887451, 146.053512573, 146.564346313, 147.051971436, 147.562805176, 148.050430298, 148.561264038, 149.04888916, 149.5597229, 150.047348022, 150.558181763, 151.057418823, 151.556640625, 152.055877686, 152.555099487, 153.054321289, 153.55355835, 154.052780151, 154.552017212, 155.051239014, 155.550476074, 156.061309814, 156.560546875, 157.059768677, 157.559005737, 158.058227539, 158.569061279, 159.056686401, 159.567520142, 160.101577759, 160.647247314, 161.19291687, 161.738586426, 162.144943237, 162.55128479, 162.957641602, 163.352371216, 163.712280273, 164.060592651, 164.408889771, 164.75718689, 165.117095947, 165.477005005, 165.848526001, 166.220046997, 166.591567993, 166.96307373, 167.322982788, 167.682891846, 168.042816162, 168.40272522, 168.762634277, 169.122543335, 169.494049072, 169.865570068, 170.248703003, 170.620223999, 170.991744995, 171.37487793, 171.757995605, 172.14112854, 172.489425659, 172.837722778, 173.186035156, 173.545944214, 173.905853271, 174.265762329, 174.614059448, 174.962356567, 175.310653687, 175.647338867, 175.995635986, 176.332336426, 176.669021606, 177.005706787, 177.342407227, 177.690704346, 178.039001465, 178.445343018, 178.851699829, 179.258041382, 179.676010132, 180.093963623, 180.500320435, 180.906661987, 181.313018799, 181.719360352, 182.125717163, 182.543670654, 182.950012207, 183.356369019, 183.762710571, 184.169067383, 184.598632812, 185.028198242, 185.457778931, 185.875732422, 186.293685913, 186.723266602, 187.152832031, 187.594009399, 188.035186768, 188.464752197, 188.894332886, 189.312286377, 189.730239868, 190.148208618, 190.554550171, 190.960906982, 191.367248535, 191.727157593, 192.075454712, 192.412155151, 192.748840332, 193.085525513, 193.422225952, 193.758911133], "beats_loudness": {"dvar2": 0.00091569556389, "var": 0.00124142901041, "min": 0.000342632643878, "dmean": 0.0182167701423, "mean": 0.0373454168439, "max": 0.149628773332, "dmean2": 0.0311454925686, "median": 0.0248979758471, "dvar": 0.000322993641021}, "bpm_histogram_second_peak_weight": {"dvar2": 0, "var": 0, "min": 0.0654911845922, "dmean": 0, "mean": 0.0654911845922, "max": 0.0654911845922, "dmean2": 0, "median": 0.0654911845922, "dvar": 0}, "bpm_histogram_second_peak_spread": {"dvar2": 0, "var": 0, "min": 0.469387769699, "dmean": 0, "mean": 0.469387769699, "max": 0.469387769699, "dmean2": 0, "median": 0.469387769699, "dvar": 0}, "bpm_histogram_second_peak_bpm": {"dvar2": 0, "var": 0, "min": 157, "dmean": 0, "mean": 157, "max": 157, "dmean2": 0, "median": 157, "dvar": 0}, "onset_rate": 2.81258392334}, "lowlevel": {"spectral_energyband_high": {"dvar2": 4.41168049292e-05, "var": 2.45407445618e-05, "min": 7.49238549983e-21, "dmean": 0.00112953141797, "mean": 0.00150597270112, "max": 0.0562327504158, "dmean2": 0.00172953179572, "median": 5.45906405023e-05, "dvar": 2.00859049073e-05}, "spectral_energyband_middle_low": {"dvar2": 0.000543784699403, "var": 0.000215349107748, "min": 2.28902746504e-22, "dmean": 0.00540590798482, "mean": 0.00881565921009, "max": 0.14039054513, "dmean2": 0.00876899156719, "median": 0.00406716298312, "dvar": 0.000209631660255}, "spectral_energy": {"dvar2": 0.00118569144979, "var": 0.000716023903806, "min": 1.00670627046e-20, "dmean": 0.010056826286, "mean": 0.0236964337528, "max": 0.232549190521, "dmean2": 0.0159783083946, "median": 0.0157499723136, "dvar": 0.000477319350466}, "spectral_spread": {"dvar2": 1424395730940.0, "var": 6157080461310.0, "min": 220138.65625, "dmean": 557588, "mean": 3902968, "max": 42755180, "dmean2": 818175.8125, "median": 3559845.5, "dvar": 792132714496}, "spectral_energyband_low": {"dvar2": 0.00023617388797, "var": 0.000206415948924, "min": 3.41703336804e-23, "dmean": 0.0045142294839, "mean": 0.0112851643935, "max": 0.120126269758, "dmean2": 0.00742528215051, "median": 0.00646121613681, "dvar": 8.34294842207e-05}, "spectral_rolloff": {"dvar2": 2462110.75, "var": 3527352.5, "min": 64.599609375, "dmean": 467.884216309, "mean": 1226.63867188, "max": 19466.015625, "dmean2": 768.469177246, "median": 602.9296875, "dvar": 1095195}, "barkbands": {"dvar2": [1.76850619482e-07, 0.00016398052685, 5.59302025067e-05, 2.63791771431e-05, 3.8899750507e-05, 0.000160674069775, 4.72071451441e-06, 2.41125489993e-05, 7.82692859502e-06, 2.29846591537e-06, 1.11183464924e-06, 1.51028336859e-06, 1.33730088692e-06, 3.52580536855e-06, 7.59032388942e-07, 2.60471921365e-07, 4.65945674932e-07, 4.83510461891e-07, 1.60279637385e-06, 1.15344400911e-05, 4.33713921666e-06, 1.05553885987e-06, 1.0158440773e-06, 1.03004049379e-06, 7.42055533465e-07, 5.76439589395e-08, 4.25264323756e-10], "var": [2.41272232415e-07, 0.000144205027027, 1.87239893421e-05, 9.65645995166e-06, 1.76771991391e-05, 4.34990070062e-05, 2.3339271138e-06, 2.41566813202e-05, 2.61800391854e-06, 1.38899247304e-06, 5.23042501754e-07, 6.13743509348e-07, 4.60790687384e-07, 1.42979274642e-06, 3.0763882819e-07, 1.69768753722e-07, 2.2924176335e-07, 2.68598682851e-07, 4.98842268826e-07, 2.60873889601e-06, 1.18531556836e-06, 8.48807985676e-07, 7.40840221169e-07, 6.17402577063e-07, 6.04671754445e-07, 4.20714094673e-08, 1.64201652275e-10], "min": [1.53234874985e-25, 4.85205465835e-24, 7.11183349606e-24, 2.06909143539e-24, 2.28313953346e-23, 1.57676649989e-23, 9.6030309912e-24, 1.27027337005e-23, 3.42962390364e-23, 3.46432810367e-23, 1.16137254204e-23, 3.94975334615e-23, 5.84218206394e-23, 7.97950349898e-23, 6.20295087509e-23, 8.50426765708e-23, 7.95394314347e-23, 1.555908986e-22, 1.54509490206e-22, 1.55243105604e-22, 3.27228868842e-22, 3.04422887451e-22, 4.69504615777e-22, 6.80241347138e-22, 9.89199263404e-22, 1.54277585294e-21, 2.17588406104e-21], "dmean": [0.000143435434438, 0.00360741862096, 0.00142796093132, 0.000998929725029, 0.00159070524387, 0.00213676551357, 0.000494012143463, 0.000988176790997, 0.000446578313131, 0.000319632061291, 0.000218923305511, 0.000233670449234, 0.000187541299965, 0.000296207115753, 0.000158904338605, 0.000128224084619, 0.000130207379698, 0.000151466258103, 0.000187761048437, 0.000351033231709, 0.000252103549428, 0.00021279451903, 0.000200180045795, 0.000166869736859, 0.000150576088345, 4.71997882414e-05, 3.13716327582e-06], "mean": [0.000331612682203, 0.00880974717438, 0.00166066747624, 0.00105440884363, 0.00216552335769, 0.0021593219135, 0.000679695047438, 0.00159277184866, 0.000654605566524, 0.000698861724231, 0.000336714438163, 0.000300079933368, 0.000257593841525, 0.000376474810764, 0.000204357638722, 0.000193572428543, 0.000188125603017, 0.00018255681789, 0.00021937006386, 0.000321796600474, 0.000270041724434, 0.000331540475599, 0.000302063010167, 0.00019115289615, 0.00016241495905, 4.81077295262e-05, 3.29198496729e-06], "max": [0.00353542319499, 0.111261159182, 0.0648945942521, 0.0428303107619, 0.0411081202328, 0.0784104019403, 0.0200899932534, 0.0758646428585, 0.0365543216467, 0.0169713124633, 0.00974712334573, 0.00998660642654, 0.00868198927492, 0.0204432290047, 0.00705761369318, 0.00637499522418, 0.00764937605709, 0.00576878944412, 0.00939985923469, 0.0278717875481, 0.0135242994875, 0.00949358381331, 0.0116685610265, 0.0114267459139, 0.0092150028795, 0.00269945780747, 0.000208893397939], "dmean2": [0.00025318065309, 0.00578132504597, 0.00243552378379, 0.00172679696698, 0.00259474222548, 0.00373178860173, 0.0008241419564, 0.0014565665042, 0.000759273476433, 0.000531708123162, 0.000361903075827, 0.000380829180358, 0.000319345534081, 0.000490443606395, 0.000265858398052, 0.000208214260056, 0.000214285915717, 0.000236285835854, 0.000316550867865, 0.000612835981883, 0.000433850043919, 0.000324309658026, 0.000301229913021, 0.000247330550337, 0.000221404479817, 6.84382830514e-05, 5.04459922013e-06], "median": [7.0273730671e-05, 0.00457804324105, 0.00042450404726, 0.000186332574231, 0.00079318654025, 0.000644489191473, 0.00019296228129, 0.000235141487792, 0.000175109686097, 0.000242009875365, 7.78005341999e-05, 7.29865569156e-05, 5.45010989299e-05, 4.81532078993e-05, 2.88542942144e-05, 3.43594074366e-05, 3.01740601572e-05, 1.78797417902e-05, 2.56705097854e-05, 1.78335103556e-05, 1.29076152007e-05, 7.722133887e-06, 4.48751779913e-06, 1.61946888966e-06, 5.06233050146e-07, 1.49783687675e-07, 9.04190642359e-08], "dvar": [6.11396586692e-08, 5.87129143241e-05, 2.07059365493e-05, 9.32871535042e-06, 1.49821598825e-05, 5.97332036705e-05, 1.86277679859e-06, 1.20644008348e-05, 2.82321707346e-06, 8.47459659781e-07, 4.11648755971e-07, 5.76446780087e-07, 4.75387167853e-07, 1.3670496628e-06, 2.81994687157e-07, 1.04629265252e-07, 1.82059210374e-07, 2.14868151716e-07, 5.87300178267e-07, 4.09735548601e-06, 1.58107354764e-06, 5.07674371875e-07, 4.81480981307e-07, 5.09073629473e-07, 4.31202266782e-07, 3.10607042309e-08, 1.68994596095e-10]}, "melbands_skewness": {"dvar2": 1.6878029108, "var": 4.4707698822, "min": -2.54278731346, "dmean": 0.764765739441, "mean": 2.90010666847, "max": 15.1010284424, "dmean2": 1.22301495075, "median": 2.5654695034, "dvar": 0.664012730122}, "barkbands_skewness": {"dvar2": 1.41925132275, "var": 3.54462385178, "min": -2.29133701324, "dmean": 0.649894952774, "mean": 1.96241748333, "max": 21.7250137329, "dmean2": 1.03113567829, "median": 1.62552785873, "dvar": 0.554727137089}, "erbbands": {"dvar2": [0.0616507828236, 11.1895647049, 59.8000984192, 100.799201965, 713.141052246, 366.367950439, 4850.88769531, 12225.1669922, 890.39465332, 2324.43847656, 17614.7792969, 5005.39794922, 2029.17419434, 2491.64550781, 1249.69970703, 2831.65234375, 2944.01342773, 5310.47021484, 5024.86621094, 1050.30541992, 811.698364258, 1385.39111328, 1202.04760742, 1500.30371094, 10771.0800781, 20913.5371094, 14124.0214844, 5086.49316406, 1932.85021973, 606.32635498, 1279.36584473, 308.844238281, 327.196655273, 118.935264587, 32.8440284729, 3.33111429214, 0.123090438545, 0.00201403000392, 8.24470953376e-06, 2.91542185948e-08], "var": [0.0758877843618, 8.93296813965, 26.05768013, 44.5327644348, 199.523391724, 200.474700928, 1602.42028809, 3127.57983398, 502.37487793, 1042.17224121, 17140.5214844, 1992.73278809, 1633.2623291, 1054.02941895, 617.734069824, 1165.71179199, 1003.3894043, 2134.65917969, 1973.78417969, 472.421905518, 601.810119629, 669.505432129, 654.337890625, 967.831115723, 2496.21655273, 4918.78076172, 3346.15795898, 1659.34069824, 1298.43701172, 644.92376709, 762.836853027, 224.226791382, 183.394927979, 90.7919616699, 27.1367530823, 2.23002314568, 0.0842873156071, 0.00141703849658, 4.15082195104e-06, 1.35757973752e-08], "min": [2.36045408684e-22, 8.84798710148e-22, 1.15639429582e-20, 1.52205869445e-20, 1.65525028271e-20, 3.76219320177e-20, 5.41446030283e-20, 1.41755828579e-19, 1.40571706607e-19, 3.37193455865e-19, 4.10756127004e-19, 7.76379987317e-19, 7.33588383266e-19, 9.64858931851e-19, 5.79999399983e-19, 1.70763796381e-18, 3.11756680092e-18, 3.89512195339e-18, 4.6638266869e-18, 3.21491830759e-18, 5.96172476678e-18, 4.11603914754e-18, 6.73613208344e-18, 6.6967657309e-18, 7.14821940254e-18, 8.45496376548e-18, 1.10984824563e-17, 1.40258448657e-17, 1.04562387492e-17, 1.02290908171e-17, 1.25128976109e-17, 1.25899296326e-17, 1.13460385885e-17, 8.81150425209e-18, 7.3896924485e-18, 4.99064533333e-18, 2.93645022912e-18, 1.10950076774e-18, 2.71063907258e-19, 3.23269518151e-20], "dmean": [0.082743793726, 0.899996936321, 1.67942619324, 2.38211488724, 4.36792612076, 5.07315969467, 11.7591304779, 19.1691036224, 7.87046861649, 10.2233905792, 23.5150642395, 11.7600040436, 10.5858926773, 8.45608615875, 8.05127334595, 10.0543880463, 8.59250164032, 12.0751419067, 11.7127723694, 6.14008903503, 7.22002601624, 6.81444120407, 7.31641626358, 8.9115858078, 11.2790250778, 15.4548425674, 13.045712471, 9.19152450562, 8.44636631012, 6.16428041458, 6.23615407944, 3.35362863541, 2.93564486504, 1.88751530647, 0.996367692947, 0.320421904325, 0.0698996335268, 0.00827693007886, 0.000495540793054, 3.04383429466e-05], "mean": [0.226298183203, 2.01483988762, 2.60625004768, 2.71097159386, 4.53073978424, 7.29899072647, 13.2163906097, 18.8588562012, 11.6988258362, 13.9777202606, 38.773235321, 19.7316112518, 26.0981636047, 12.1328725815, 12.7436494827, 13.3167171478, 12.1792001724, 16.9349822998, 15.1881322861, 9.08769130707, 11.4939823151, 9.91578388214, 9.35725784302, 12.6564760208, 10.6961088181, 14.3860416412, 12.7558040619, 10.5459823608, 11.9823799133, 10.2103881836, 8.77415084839, 4.32888460159, 3.18688797951, 2.08148026466, 1.03130090237, 0.316522300243, 0.0722836777568, 0.00928566232324, 0.000553240301087, 4.93136576551e-05], "max": [1.99139666557, 29.0655479431, 63.0713806152, 67.2601623535, 245.30116272, 156.7628479, 525.805664062, 721.663391113, 435.763793945, 727.211547852, 2078.12866211, 1066.47412109, 546.493530273, 512.39074707, 344.594207764, 439.519866943, 414.134368896, 955.981201172, 856.376403809, 329.872894287, 446.358551025, 392.561340332, 291.309417725, 383.116912842, 779.273010254, 1134.08410645, 981.025756836, 534.950866699, 443.17880249, 234.254745483, 424.246063232, 209.25012207, 196.545196533, 115.488975525, 67.0498809814, 22.154504776, 2.98723864555, 0.431730151176, 0.0332019031048, 0.00200831913389], "dmean2": [0.137027397752, 1.43051302433, 2.85427212715, 4.00683784485, 7.54736089706, 8.32760334015, 19.4620895386, 33.8638305664, 13.0300445557, 16.659532547, 34.6469612122, 19.3458614349, 17.4016265869, 14.3920316696, 13.2656974792, 16.2897567749, 14.461935997, 20.2514877319, 19.586687088, 10.073972702, 11.5445747375, 11.1903171539, 11.4108257294, 14.2088432312, 19.7522468567, 26.9656105042, 22.7149753571, 15.3280696869, 13.0327472687, 9.52414035797, 9.46910667419, 4.95025539398, 4.45436191559, 2.90006136894, 1.41677963734, 0.460862994194, 0.10388930887, 0.0124116130173, 0.000764878466725, 4.65396733489e-05], "median": [0.123310089111, 0.844072461128, 1.01591968536, 0.698957681656, 1.13065254688, 2.83987379074, 3.85686779022, 5.16497325897, 3.37383770943, 4.41707706451, 3.96983194351, 5.66160678864, 10.3598575592, 3.35278558731, 3.65279579163, 3.54116082191, 2.99912309647, 3.57265090942, 2.23007154465, 1.68705272675, 2.11821651459, 1.5416533947, 1.18318581581, 1.63288211823, 0.836758852005, 0.809399068356, 0.662906944752, 0.410718142986, 0.243545487523, 0.237391978502, 0.107742235065, 0.0516777634621, 0.0205860584974, 0.00766690028831, 0.00258413190022, 0.000846157432534, 0.000260287546553, 0.000165957753779, 1.8444708985e-05, 2.1481564545e-05], "dvar": [0.0219857245684, 3.98646187782, 21.8089733124, 38.9867858887, 257.447509766, 138.180938721, 1877.46936035, 4461.05615234, 343.357177734, 912.979370117, 8668.54101562, 1826.53356934, 747.257568359, 922.330322266, 470.616851807, 1077.98266602, 1058.1307373, 2014.05859375, 1899.94824219, 399.409484863, 337.837493896, 540.332458496, 517.577514648, 630.48223877, 3817.81518555, 7498.45800781, 5028.20458984, 1942.45092773, 892.781860352, 295.478302002, 576.553527832, 159.830718994, 158.358413696, 67.5062713623, 19.0282096863, 1.74191999435, 0.0636257827282, 0.00104531249963, 3.58291549674e-06, 1.22497505473e-08]}, "silence_rate_30dB": {"dvar2": 0.0611902885139, "var": 0.017440630123, "min": 0, "dmean": 0.0247884634882, "mean": 0.982244968414, "max": 1, "dmean2": 0.0495828352869, "median": 1, "dvar": 0.0241730939597}, "melbands_spread": {"dvar2": 330.87121582, "var": 434.273529053, "min": 0.295508265495, "dmean": 6.16625738144, "mean": 18.4399871826, "max": 165.463348389, "dmean2": 9.94228363037, "median": 11.1734848022, "dvar": 133.272750854}, "melbands_crest": {"dvar2": 20.1747531891, "var": 37.9165267944, "min": 1.63696300983, "dmean": 2.92793464661, "mean": 16.2829055786, "max": 35.15782547, "dmean2": 4.87263298035, "median": 15.9411563873, "dvar": 7.91041755676}, "zerocrossingrate": {"dvar2": 0.000303107284708, "var": 0.00241766567342, "min": 0.001953125, "dmean": 0.0091256396845, "mean": 0.0473425686359, "max": 0.52099609375, "dmean2": 0.0109600806609, "median": 0.03125, "dvar": 0.000230630786973}, "barkbands_kurtosis": {"dvar2": 429.688873291, "var": 453.067382812, "min": -1.82403802872, "dmean": 5.11231517792, "mean": 9.43573284149, "max": 635.502624512, "dmean2": 8.31033420563, "median": 3.19671940804, "dvar": 161.017211914}, "spectral_flux": {"dvar2": 0.00307779107243, "var": 0.00362745928578, "min": 6.57705279128e-11, "dmean": 0.0228172000498, "mean": 0.0664130747318, "max": 0.424592941999, "dmean2": 0.0349429659545, "median": 0.0478883162141, "dvar": 0.00150076160207}, "barkbands_crest": {"dvar2": 16.9747905731, "var": 36.2195167542, "min": 2.32051491737, "dmean": 2.58270025253, "mean": 13.2127456665, "max": 26.4604034424, "dmean2": 4.21859169006, "median": 12.0819911957, "dvar": 7.05179262161}, "barkbands_flatness_db": {"dvar2": 0.00120527285617, "var": 0.0142347449437, "min": 0.0209348294884, "dmean": 0.0224071294069, "mean": 0.208166733384, "max": 0.718809247017, "dmean2": 0.0344325490296, "median": 0.184904128313, "dvar": 0.000547536299564}, "spectral_entropy": {"dvar2": 0.0744470730424, "var": 0.883142054081, "min": 3.97050833702, "dmean": 0.175434395671, "mean": 7.10963392258, "max": 9.81436634064, "dmean2": 0.270219683647, "median": 7.27085018158, "dvar": 0.0384418517351}, "pitch_salience": {"dvar2": 0.0134279821068, "var": 0.0249722003937, "min": 0.0652276799083, "dmean": 0.076805151999, "mean": 0.471875816584, "max": 0.831942141056, "dmean2": 0.125969037414, "median": 0.492195606232, "dvar": 0.00544431107119}, "erbbands_spread": {"dvar2": 159.948699951, "var": 462.842285156, "min": 0.93785494566, "dmean": 7.18086433411, "mean": 33.5953903198, "max": 112.093429565, "dmean2": 11.2785997391, "median": 30.3642921448, "dvar": 70.5904541016}, "dynamic_complexity": 5.10820674896, "spectral_contrast_valleys": {"dvar2": [0.220618352294, 0.271707624197, 0.261381298304, 0.215695872903, 0.261278390884, 0.31558996439], "var": [1.38869333267, 1.69548356533, 2.14133858681, 2.86875987053, 3.74207901955, 4.39950323105], "min": [-27.6279144287, -27.7715263367, -27.698600769, -27.4617462158, -27.4784832001, -27.3455104828], "dmean": [0.338066220284, 0.369296640158, 0.329657524824, 0.291754990816, 0.279761642218, 0.323843359947], "mean": [-7.14144897461, -7.05210638046, -8.01154708862, -8.54410743713, -8.66390800476, -11.3014755249], "max": [-5.06638622284, -4.22908401489, -5.02232646942, -5.08455038071, -5.11350059509, -6.91507101059], "dmean2": [0.565187335014, 0.605325937271, 0.525750756264, 0.461851447821, 0.418961584568, 0.447144150734], "median": [-6.99397945404, -6.88015985489, -7.75203084946, -8.21866989136, -8.28387832642, -11.4997797012], "dvar": [0.101915538311, 0.132626608014, 0.131040588021, 0.110412709415, 0.140261977911, 0.189487338066]}, "hfc": {"dvar2": 3416.45825195, "var": 2200.64599609, "min": 1.09855574135e-16, "dmean": 11.6107654572, "mean": 19.3349685669, "max": 493.568634033, "dmean2": 17.6010398865, "median": 5.88567829132, "dvar": 1633.92321777}, "spectral_kurtosis": {"dvar2": 626.127075195, "var": 1623.19433594, "min": -1.22924232483, "dmean": 6.06191396713, "mean": 19.8030319214, "max": 497.703399658, "dmean2": 9.99654483795, "median": 4.89387321472, "dvar": 232.510101318}, "mfcc": {"mean": [-723.009643555, 151.984863281, 19.6843338013, 26.1229496002, 1.98141384125, 10.3357229233, 0.414454370737, 6.04142522812, 3.73315906525, 5.08289194107, 2.47644782066, 2.33885598183, 1.66493487358], "cov": [[17142.8554688, -5042.16552734, -2135.16870117, -423.987701416, -311.464660645, 271.137908936, -536.434265137, -51.1594314575, -324.870330811, 29.9710083008, -33.028011322, -44.6503448486, -96.0402450562], [-5042.16552734, 3476.05981445, 144.838439941, -115.537513733, -42.9044342041, -218.945037842, 177.426132202, -13.1811103821, 155.326446533, 1.82825100422, 4.71199274063, 0.0552487708628, 33.3802452087], [-2135.16870117, 144.838439941, 1272.76037598, 51.0439758301, 169.515991211, 45.1097984314, 112.599746704, -3.30771756172, 7.93531036377, -18.9903316498, 14.3816108704, 19.9946975708, 21.669708252], [-423.987701416, -115.537513733, 51.0439758301, 469.705841064, 101.406166077, 40.3241539001, 65.4332046509, 17.7050094604, 6.66838312149, -22.4307632446, -11.834482193, 7.34480285645, -8.96553230286], [-311.464660645, -42.9044342041, 169.515991211, 101.406166077, 300.611968994, 76.1887435913, 38.1388778687, 35.9867401123, 9.75254535675, 12.3316793442, 3.0279276371, -1.55612254143, -4.21289253235], [271.137908936, -218.945037842, 45.1097984314, 40.3241539001, 76.1887435913, 277.415679932, 51.6290588379, 3.68317222595, -8.63347148895, 15.6889877319, -7.36339521408, -17.0901374817, -2.38745999336], [-536.434265137, 177.426132202, 112.599746704, 65.4332046509, 38.1388778687, 51.6290588379, 216.547943115, 18.348028183, 27.5308532715, -7.49156045914, -3.36148095131, -4.71145772934, -0.847395002842], [-51.1594314575, -13.1811103821, -3.30771756172, 17.7050094604, 35.9867401123, 3.68317222595, 18.348028183, 127.885055542, 27.8758602142, -0.585911750793, -7.82031345367, -5.7727265358, 6.77480792999], [-324.870330811, 155.326446533, 7.93531036377, 6.66838312149, 9.75254535675, -8.63347148895, 27.5308532715, 27.8758602142, 99.9073638916, 29.8508815765, -1.18499171734, 2.1298789978, -3.16177392006], [29.9710083008, 1.82825100422, -18.9903316498, -22.4307632446, 12.3316793442, 15.6889877319, -7.49156045914, -0.585911750793, 29.8508815765, 92.6406784058, 36.7459030151, 9.7099905014, -10.9790077209], [-33.028011322, 4.71199274063, 14.3816108704, -11.834482193, 3.0279276371, -7.36339521408, -3.36148095131, -7.82031345367, -1.18499171734, 36.7459030151, 84.1717224121, 46.1856307983, 7.5466799736], [-44.6503448486, 0.0552487708628, 19.9946975708, 7.34480285645, -1.55612254143, -17.0901374817, -4.71145772934, -5.7727265358, 2.1298789978, 9.7099905014, 46.1856307983, 97.1197128296, 39.6026496887], [-96.0402450562, 33.3802452087, 21.669708252, -8.96553230286, -4.21289253235, -2.38745999336, -0.847395002842, 6.77480792999, -3.16177392006, -10.9790077209, 7.5466799736, 39.6026496887, 70.0958023071]], "icov": [[0.000161027201102, 0.00021694447787, 0.000233376951655, 0.000171790161403, 1.04725450001e-05, -5.62832974538e-05, 3.89750202885e-05, 2.72878169199e-05, 0.000140203337651, -8.85897770786e-06, 6.89503576723e-05, -6.92412359058e-05, 0.000100321747595], [0.00021694447787, 0.000648662447929, 0.000299507431919, 0.000338707031915, -1.48310537043e-05, 0.000244440918323, -0.000278468505712, 0.000241149915382, -0.000352388364263, 9.12123505259e-05, -2.2090605853e-05, 0.000126275714138, -0.000150738836965], [0.000233376951655, 0.000299507431919, 0.00124002818484, 0.000312231190037, -0.000511102785822, -6.43731764285e-05, -0.000336437107762, 0.000268505857093, 0.000142929391586, 0.00030711555155, -0.000120197335491, -0.000133046050905, -8.65538531798e-05], [0.000171790161403, 0.000338707031915, 0.000312231190037, 0.00267422012985, -0.000776919245254, -9.08305155463e-05, -0.000633234216366, 2.74030644505e-05, -0.000118251489766, 0.000772138708271, 0.000424686877523, -0.000852552242577, 0.000811062811408], [1.04725450001e-05, -1.48310537043e-05, -0.000511102785822, -0.000776919245254, 0.00428635114804, -0.000956483359914, 6.34266834822e-05, -0.00115542253479, 0.000171052277437, -0.000691037799697, -6.3187435444e-05, -4.29854662798e-05, 0.00034809220233], [-5.62832974538e-05, 0.000244440918323, -6.43731764285e-05, -9.08305155463e-05, -0.000956483359914, 0.00454167323187, -0.00131528032944, 0.000337538309395, 0.0005671796971, -0.00137242092751, 0.000516797532327, 0.000998991308734, -0.000945983978454], [3.89750202885e-05, -0.000278468505712, -0.000336437107762, -0.000633234216366, 6.34266834822e-05, -0.00131528032944, 0.00585562875494, -0.000510836427566, -0.00129944283981, 0.00112701707985, -0.000589675386436, 0.000212123821257, 0.000349750189343], [2.72878169199e-05, 0.000241149915382, 0.000268505857093, 2.74030644505e-05, -0.00115542253479, 0.000337538309395, -0.000510836427566, 0.00902203004807, -0.00285427970812, 0.00075540744001, -5.36212937732e-05, 0.00125725870021, -0.00180803926196], [0.000140203337651, -0.000352388364263, 0.000142929391586, -0.000118251489766, 0.000171052277437, 0.0005671796971, -0.00129944283981, -0.00285427970812, 0.0140604106709, -0.00586713245139, 0.00344326999038, -0.00184330809861, 0.000976328388788], [-8.85897770786e-06, 9.12123505259e-05, 0.00030711555155, 0.000772138708271, -0.000691037799697, -0.00137242092751, 0.00112701707985, 0.00075540744001, -0.00586713245139, 0.0167584773153, -0.00811986159533, 0.0010372151155, 0.00244898931123], [6.89503576723e-05, -2.2090605853e-05, -0.000120197335491, 0.000424686877523, -6.3187435444e-05, 0.000516797532327, -0.000589675386436, -5.36212937732e-05, 0.00344326999038, -0.00811986159533, 0.0209746770561, -0.0102189108729, 0.00260712322779], [-6.92412359058e-05, 0.000126275714138, -0.000133046050905, -0.000852552242577, -4.29854662798e-05, 0.000998991308734, 0.000212123821257, 0.00125725870021, -0.00184330809861, 0.0010372151155, -0.0102189108729, 0.0195663832128, -0.0101855155081], [0.000100321747595, -0.000150738836965, -8.65538531798e-05, 0.000811062811408, 0.00034809220233, -0.000945983978454, 0.000349750189343, -0.00180803926196, 0.000976328388788, 0.00244898931123, 0.00260712322779, -0.0101855155081, 0.0206751320511]]}, "silence_rate_20dB": {"dvar2": 0, "var": 0, "min": 1, "dmean": 0, "mean": 1, "max": 1, "dmean2": 0, "median": 1, "dvar": 0}, "melbands_kurtosis": {"dvar2": 648.239624023, "var": 998.268493652, "min": -1.63076972961, "dmean": 8.87082099915, "mean": 19.4113674164, "max": 376.548919678, "dmean2": 14.3315782547, "median": 9.5090675354, "dvar": 238.144699097}, "barkbands_spread": {"dvar2": 143.973770142, "var": 317.08190918, "min": 0.0899713486433, "dmean": 5.19241285324, "mean": 18.219127655, "max": 130.65586853, "dmean2": 8.06669712067, "median": 11.3974170685, "dvar": 65.3714752197}, "erbbands_skewness": {"dvar2": 0.40052780509, "var": 0.911789894104, "min": -2.17949151993, "dmean": 0.395545482635, "mean": 0.473647356033, "max": 6.42672300339, "dmean2": 0.61585354805, "median": 0.370575159788, "dvar": 0.181471452117}, "average_loudness": 0.738028883934, "spectral_centroid": {"dvar2": 284218.90625, "var": 749835.3125, "min": 89.040763855, "dmean": 219.950683594, "mean": 1091.20410156, "max": 11361.1181641, "dmean2": 346.912200928, "median": 797.022827148, "dvar": 128499.960938}, "dissonance": {"dvar2": 0.00273652956821, "var": 0.00262260483578, "min": 0.101353578269, "dmean": 0.0267287027091, "mean": 0.44367530942, "max": 0.500000119209, "dmean2": 0.0456779897213, "median": 0.461194813251, "dvar": 0.000939460354857}, "erbbands_flatness_db": {"dvar2": 0.000634060939774, "var": 0.00638302695006, "min": 0.0563436932862, "dmean": 0.0165978930891, "mean": 0.19231121242, "max": 0.483392745256, "dmean2": 0.0250018741935, "median": 0.176557511091, "dvar": 0.00032452630694}, "spectral_strongpeak": {"dvar2": 0.735676348209, "var": 0.630000352859, "min": 0, "dmean": 0.308472752571, "mean": 0.596273541451, "max": 6.60054540634, "dmean2": 0.518733143806, "median": 0.287189364433, "dvar": 0.303357213736}, "spectral_rms": {"dvar2": 3.71450823877e-06, "var": 5.14581552125e-06, "min": 3.13393126554e-12, "dmean": 0.000800083507784, "mean": 0.00423940643668, "max": 0.0150624457747, "dmean2": 0.00123416318092, "median": 0.00391992647201, "dvar": 1.58936904882e-06}, "silence_rate_60dB": {"dvar2": 0.0407754927874, "var": 0.0932166352868, "min": 0, "dmean": 0.0171612445265, "mean": 0.1040276438, "max": 1, "dmean2": 0.0343265794218, "median": 0, "dvar": 0.016868840903}, "melbands": {"dvar2": [8.61897933646e-06, 1.40106358231e-05, 5.13766417498e-06, 1.76246260253e-06, 5.10036397827e-06, 5.80553660257e-06, 1.98433426135e-07, 3.02300691146e-07, 1.1221928844e-06, 1.81465523497e-07, 4.89332592224e-08, 3.9968767851e-08, 1.46769121301e-08, 1.0759904967e-08, 3.24582707378e-08, 1.16527631988e-08, 2.35415491545e-08, 1.91199038824e-08, 4.2662882116e-09, 1.47446821419e-09, 1.26927601762e-09, 1.66217795083e-09, 1.16218901169e-09, 1.22652332735e-09, 1.03485442438e-09, 3.15709391963e-09, 9.05021568798e-09, 1.04387058997e-08, 8.83457573764e-09, 2.06236472344e-09, 1.73124259373e-09, 7.24970694588e-10, 3.07498443375e-10, 1.79364204045e-10, 6.57813470362e-10, 1.36278724416e-10, 1.27504062863e-10, 2.1996948707e-10, 9.06288932789e-11, 8.8768728479e-11], "var": [9.16661701922e-06, 8.73538192536e-06, 1.91573940356e-06, 6.43104328901e-07, 1.76568153165e-06, 1.51998926867e-06, 1.09183254438e-07, 1.64354275967e-07, 9.90348553387e-07, 6.83755345676e-08, 3.97429467114e-08, 1.6836928296e-08, 6.5888134948e-09, 5.09783326663e-09, 1.01757615667e-08, 4.90446439017e-09, 9.6379064729e-09, 7.5340231831e-09, 1.78854175914e-09, 7.43009265225e-10, 9.72305569391e-10, 8.29533830515e-10, 5.35005373337e-10, 7.08968050933e-10, 7.14134029689e-10, 8.1344919689e-10, 1.99556104974e-09, 2.46280751348e-09, 1.96194593904e-09, 6.0734600682e-10, 5.73125602532e-10, 4.48910297823e-10, 2.80213019455e-10, 1.77660872125e-10, 3.39833688967e-10, 1.02151294368e-10, 8.84180367811e-11, 1.09116972402e-10, 6.25208773641e-11, 6.58065685277e-11], "min": [1.85727971854e-24, 6.43146778657e-24, 2.49671044958e-24, 3.2254287966e-24, 1.98546586855e-24, 3.31804875826e-24, 2.10540861931e-24, 3.52011942344e-24, 4.29379396738e-24, 4.63447341006e-24, 3.49061918103e-24, 3.65427350341e-24, 1.75090833357e-24, 3.12469165343e-24, 6.92647642688e-24, 5.16346381158e-24, 6.57566367144e-24, 6.20809787696e-24, 3.92508866331e-24, 5.40981836696e-24, 7.6734535512e-24, 4.22269630057e-24, 4.21015696205e-24, 6.9377011287e-24, 4.6930557986e-24, 5.42221334393e-24, 5.0304378027e-24, 5.68911378159e-24, 6.29768920439e-24, 6.26940341335e-24, 7.56588053386e-24, 6.29354176818e-24, 5.00219973773e-24, 5.31245991505e-24, 7.24981552357e-24, 6.20262121012e-24, 7.22354172226e-24, 7.25213556349e-24, 7.14777084346e-24, 6.96823951206e-24], "dmean": [0.000880693260115, 0.000970034277998, 0.000475540960906, 0.000312724791002, 0.000392500107409, 0.000419999938458, 0.000112524714496, 0.000124373240396, 0.000183705516974, 6.77200441714e-05, 5.18459310115e-05, 3.37235687766e-05, 2.62848898274e-05, 2.36200557993e-05, 2.75354141195e-05, 1.75189325091e-05, 2.55749800999e-05, 2.18342593143e-05, 1.16128512673e-05, 8.72628061188e-06, 8.87648729986e-06, 7.76942488301e-06, 6.18822105025e-06, 7.70299538999e-06, 7.5296511568e-06, 6.67608810545e-06, 9.85313454294e-06, 1.0994657714e-05, 9.8199416243e-06, 5.92891228735e-06, 5.30429497303e-06, 4.94604228152e-06, 4.14701662521e-06, 3.347546226e-06, 3.94989137931e-06, 2.82101177618e-06, 1.88813100976e-06, 2.25440726354e-06, 1.73204671228e-06, 1.57367026077e-06], "mean": [0.00230832560919, 0.0019148546271, 0.000537208979949, 0.000398406205932, 0.000473656342365, 0.000423239747761, 0.000168405676959, 0.000176305620698, 0.000297931401292, 0.000109937886009, 0.000125846971059, 4.47980673925e-05, 3.99282034778e-05, 3.4664200939e-05, 3.14016106131e-05, 2.67222822004e-05, 3.36930897902e-05, 2.72952365776e-05, 1.50485520862e-05, 1.24874113681e-05, 1.3713925e-05, 1.0958619896e-05, 7.86352302384e-06, 9.22882372834e-06, 1.07435071186e-05, 6.50180254524e-06, 8.72990494827e-06, 1.0073962585e-05, 8.8469723778e-06, 6.58867611492e-06, 5.8739292399e-06, 6.69874361847e-06, 6.42147915642e-06, 5.29400404048e-06, 5.39054053661e-06, 3.66618155567e-06, 2.32012280321e-06, 2.35643369706e-06, 1.91824233298e-06, 1.68897247477e-06], "max": [0.0253633372486, 0.0278578530997, 0.0182731952518, 0.0114248162135, 0.0175734665245, 0.0154346851632, 0.0059233061038, 0.00924169551581, 0.0158899445087, 0.00710507715121, 0.00281534460373, 0.00205797422677, 0.00105479185004, 0.00114768417552, 0.00145991856698, 0.00102106924169, 0.00204064091668, 0.00186140835285, 0.000553729943931, 0.000361287471605, 0.000647164415568, 0.000431369728176, 0.000421792501584, 0.000312643096549, 0.000379863573471, 0.000400391669245, 0.000739109294955, 0.000832884921692, 0.000838220352307, 0.00032647702028, 0.000354121002601, 0.000276914361166, 0.000209670775803, 0.000113011410576, 0.000312499265419, 0.000117076211609, 0.000136231203214, 0.000160690120538, 9.56091535045e-05, 0.000105039442133], "dmean2": [0.00142314040568, 0.00159617932513, 0.000797439541202, 0.000528837903403, 0.000643800478429, 0.000738923845347, 0.000187087847735, 0.000198825218831, 0.000274392194115, 0.000113355737994, 8.53332094266e-05, 5.76590791752e-05, 4.33631576016e-05, 3.80522324122e-05, 4.66312594654e-05, 2.89980307571e-05, 4.27600680268e-05, 3.67237917089e-05, 1.92648039956e-05, 1.44855030157e-05, 1.41297568916e-05, 1.28488591145e-05, 9.96559992927e-06, 1.20585109471e-05, 1.19875994642e-05, 1.1556764548e-05, 1.74745764525e-05, 1.9141834855e-05, 1.72817617567e-05, 1.01187943073e-05, 8.83795746631e-06, 7.70870155975e-06, 6.30169097349e-06, 5.20997355125e-06, 6.08847994954e-06, 4.37544940723e-06, 2.74347621598e-06, 3.48252751792e-06, 2.6273144158e-06, 2.44646435021e-06], "median": [0.00126418075524, 0.000837094150484, 0.000137388648, 0.000146773410961, 0.000143473735079, 0.000121277931612, 4.70522863907e-05, 5.07388758706e-05, 2.7497044357e-05, 3.66661479347e-05, 4.64868280687e-05, 9.69625671132e-06, 1.03035872598e-05, 1.07230152935e-05, 5.66528888157e-06, 5.30069928573e-06, 5.06266815137e-06, 3.58960755875e-06, 2.15661157199e-06, 2.4538994694e-06, 2.32545107792e-06, 1.65956771525e-06, 1.01315799839e-06, 9.50298613134e-07, 1.35614686769e-06, 5.14415887665e-07, 4.68050302516e-07, 5.27104020875e-07, 3.92217202716e-07, 3.69901499653e-07, 1.76906496563e-07, 1.26821731783e-07, 1.3185083958e-07, 1.15030275083e-07, 5.14410096741e-08, 4.511499085