{"metadata": {"tags": {"album": ["Fred Deakin Presents: The Triptych (disc 3)"], "musicbrainz_artistid": ["cab9162d-a5f2-4beb-83f2-b93562a82bfb"], "musicbrainz_recordingid": ["191bac4a-e4eb-41a5-8335-f69af8fcc3fa"], "artist": ["Kenny Rankin"], "compilation": ["1"], "date": ["2007-00-00"], "tracknumber": ["9"], "title": ["Minuet"], "file_name": "09-Kenny_Rankin-Minuet.flac", "musicbrainz_albumid": ["a75fb6d7-eb68-499a-ba13-510b601571c6"], "musicbrainz_albumartistid": ["89ad4ac3-39f7-470e-963a-56509c546377"]}, "audio_properties": {"sample_rate": 44100, "downmix": "mix", "lossless": true, "analysis_sample_rate": 44100, "md5_encoded": "adcc131ebc63c168c29c977551d51d52", "equal_loudness": 0, "replay_gain": -9.48250961304, "codec": "flac", "bit_rate": 0, "length": 140.85333252}, "version": {"extractor": "music 1.0", "essentia_build_sha": "cead25079874084f62182a551b7393616cd33d87", "essentia_git_sha": "v2.1_beta2-1-ge3940c0", "essentia": "2.1-beta2"}}, "rhythm": {"beats_loudness_band_ratio": {"dvar2": [0.088643103838, 0.0593234300613, 0.0312960036099, 0.0120375491679, 0.00785605702549, 0.000103721591586], "var": [0.0720916613936, 0.0454789698124, 0.0111968023703, 0.0063184867613, 0.00355433509685, 4.29182873631e-05], "min": [0.00972657743841, 0.0269388016313, 0.00335302972235, 0.000538652297109, 3.83314181818e-05, 8.94795721251e-06], "dmean": [0.223518952727, 0.175705090165, 0.0986307039857, 0.0419580340385, 0.0313731245697, 0.00395614234731], "mean": [0.521229982376, 0.328734815121, 0.114477872849, 0.0585255883634, 0.0382492803037, 0.00412288540974], "max": [0.971123278141, 0.972470879555, 0.534881651402, 0.438390791416, 0.430678337812, 0.0456450395286], "dmean2": [0.385611116886, 0.304710239172, 0.177716851234, 0.0756362006068, 0.057477787137, 0.00729329418391], "median": [0.530305206776, 0.281653821468, 0.0775839835405, 0.0299213510007, 0.0128432232887, 0.00184834795073], "dvar": [0.0305741857737, 0.0216455943882, 0.0100960582495, 0.00395232858136, 0.00254382938147, 3.63540020771e-05]}, "bpm_histogram_first_peak_weight": {"dvar2": 0, "var": 0, "min": 0.360824733973, "dmean": 0, "mean": 0.360824733973, "max": 0.360824733973, "dmean2": 0, "median": 0.360824733973, "dvar": 0}, "bpm": 125.805984497, "beats_count": 292, "bpm_histogram_first_peak_spread": {"dvar2": 0, "var": 0, "min": 0.576612889767, "dmean": 0, "mean": 0.576612889767, "max": 0.576612889767, "dmean2": 0, "median": 0.576612889767, "dvar": 0}, "danceability": 1.22573661804, "bpm_histogram_first_peak_bpm": {"dvar2": 0, "var": 0, "min": 126, "dmean": 0, "mean": 126, "max": 126, "dmean2": 0, "median": 126, "dvar": 0}, "beats_position": [0.510838985443, 1.03328800201, 1.55573689938, 2.06657600403, 2.58902478218, 3.11147379875, 3.64553284645, 4.17959165573, 4.71365070343, 5.24770975113, 5.75854873657, 6.26938772202, 6.78022670746, 7.27945566177, 7.77868461609, 8.28952407837, 8.80036258698, 9.29959201813, 9.78721046448, 10.2864398956, 10.7856683731, 11.2848978043, 11.7725172043, 12.2601356506, 12.7477550507, 13.235373497, 13.722992897, 14.2106122971, 14.6982307434, 15.1858501434, 15.6850786209, 16.1843090057, 16.6835365295, 17.1711559296, 17.6703853607, 18.1580047607, 18.6456241608, 19.1448516846, 19.6440811157, 20.1433105469, 20.6309299469, 21.1185474396, 21.6177768707, 22.1053962708, 22.5930156708, 23.0806350708, 23.5798625946, 24.0790920258, 24.589931488, 25.0891609192, 25.5767803192, 26.0643978119, 26.563627243, 27.0512466431, 27.5388660431, 28.014875412, 28.4908847809, 28.9668922424, 29.4429016113, 29.9305210114, 30.4181404114, 30.8941497803, 31.3701572418, 31.8577766418, 32.3453979492, 32.8214035034, 33.2974128723, 33.7734222412, 34.2494316101, 34.725440979, 35.2014503479, 35.6774597168, 36.1534690857, 36.6178665161, 37.093875885, 37.5582771301, 38.0226745605, 38.4986839294, 38.9746932983, 39.4507026672, 39.9267120361, 40.3911094666, 40.8555107117, 41.3083000183, 41.7843093872, 42.2487068176, 42.713104248, 43.1775054932, 43.6302947998, 44.1063041687, 44.5823135376, 45.0699310303, 45.5459403992, 46.0335578918, 46.5095672607, 46.9971885681, 47.4848060608, 47.9724235535, 48.4600448608, 48.9476623535, 49.4585037231, 49.9577331543, 50.4569587708, 50.9445800781, 51.4438095093, 51.9430389404, 52.4306564331, 52.9182739258, 53.4058952332, 53.8935127258, 54.3811340332, 54.8687515259, 55.3563690186, 55.8439903259, 56.3199996948, 56.7960090637, 57.2836265564, 57.7596359253, 58.2356452942, 58.7116546631, 59.1760520935, 59.6520614624, 60.1280708313, 60.6040802002, 61.0916976929, 61.5793190002, 62.0553283691, 62.531337738, 63.0189552307, 63.5065765381, 63.9941940308, 64.4818115234, 64.9694290161, 65.4570541382, 65.9446716309, 66.4322891235, 66.9199066162, 67.4075241089, 67.895149231, 68.3827667236, 68.8703842163, 69.3463897705, 69.8224029541, 70.2984085083, 70.7860336304, 71.2620391846, 71.7380523682, 72.2140579224, 72.701675415, 73.1892929077, 73.6653060913, 74.1413116455, 74.6289291382, 75.1165542603, 75.6041717529, 76.0917892456, 76.5794067383, 77.0670318604, 77.554649353, 78.0306549072, 78.5066680908, 78.982673645, 79.4470748901, 79.9230804443, 80.3874816895, 80.8634872437, 81.3395004272, 81.8155059814, 82.291519165, 82.7675247192, 83.2435379028, 83.719543457, 84.1955566406, 84.6715621948, 85.1475753784, 85.6235809326, 86.0995864868, 86.5523757935, 87.0051651001, 87.4695663452, 87.9455795288, 88.421585083, 88.8975982666, 89.3736038208, 89.8380050659, 90.3023986816, 90.7784118652, 91.2544174194, 91.730430603, 92.2180480957, 92.7056655884, 93.181678772, 93.6576843262, 94.1336975098, 94.609703064, 95.0857162476, 95.5733337402, 96.0609512329, 96.5485687256, 97.0361862183, 97.5121994019, 97.9882049561, 98.4758224487, 98.9518356323, 99.4278411865, 99.9154663086, 100.403083801, 100.879089355, 101.355102539, 101.842720032, 102.330337524, 102.806350708, 103.282356262, 103.758361816, 104.234375, 104.698776245, 105.163169861, 105.627571106, 106.091972351, 106.556373596, 107.03237915, 107.496780396, 107.97278595, 108.448799133, 108.924804688, 109.400817871, 109.876823425, 110.34122467, 110.805618286, 111.28163147, 111.746032715, 112.222038269, 112.698051453, 113.174057007, 113.638458252, 114.114463806, 114.59047699, 115.054870605, 115.519271851, 115.983673096, 116.448066711, 116.912467957, 117.38848114, 117.852874756, 118.328887939, 118.816505432, 119.280906677, 119.745300293, 120.221313477, 120.697319031, 121.161720276, 121.626121521, 122.102127075, 122.554916382, 123.030929565, 123.495323181, 123.959724426, 124.43573761, 124.900131226, 125.364532471, 125.852149963, 126.316551208, 126.780952454, 127.245346069, 127.732971191, 128.197372437, 128.673370361, 129.137771606, 129.61378479, 130.078186035, 130.54258728, 131.006988525, 131.48298645, 131.958999634, 132.423400879, 132.887802124, 133.375411987, 133.839813232, 134.304214478, 134.768615723, 135.256240845, 135.720626831, 136.196640015, 136.66104126, 137.137054443, 137.601455688, 138.065841675, 138.53024292, 138.994644165, 139.45904541, 139.923446655, 140.3878479], "beats_loudness": {"dvar2": 0.00461328867823, "var": 0.00280557386577, "min": 0.00312202842906, "dmean": 0.0319365933537, "mean": 0.0543692521751, "max": 0.389522433281, "dmean2": 0.0569548048079, "median": 0.0347902104259, "dvar": 0.00163891795091}, "bpm_histogram_second_peak_weight": {"dvar2": 0, "var": 0, "min": 0.0756013765931, "dmean": 0, "mean": 0.0756013765931, "max": 0.0756013765931, "dmean2": 0, "median": 0.0756013765931, "dvar": 0}, "bpm_histogram_second_peak_spread": {"dvar2": 0, "var": 0, "min": 0.266666710377, "dmean": 0, "mean": 0.266666710377, "max": 0.266666710377, "dmean2": 0, "median": 0.266666710377, "dvar": 0}, "bpm_histogram_second_peak_bpm": {"dvar2": 0, "var": 0, "min": 120, "dmean": 0, "mean": 120, "max": 120, "dmean2": 0, "median": 120, "dvar": 0}, "onset_rate": 2.67612266541}, "lowlevel": {"spectral_energyband_high": {"dvar2": 5.71900677926e-08, "var": 3.308470653e-08, "min": 1.82148109928e-08, "dmean": 4.56391826447e-05, "mean": 5.90310592088e-05, "max": 0.00176958821248, "dmean2": 6.97118521202e-05, "median": 1.0518482668e-05, "dvar": 2.75009437445e-08}, "spectral_energyband_middle_low": {"dvar2": 0.000936600088608, "var": 0.000608327216469, "min": 2.46602894549e-07, "dmean": 0.00755355786532, "mean": 0.0202665608376, "max": 0.276014149189, "dmean2": 0.0115976976231, "median": 0.0132573628798, "dvar": 0.000375203002477}, "spectral_energy": {"dvar2": 0.000935434305575, "var": 0.0011267788941, "min": 4.17510193529e-07, "dmean": 0.00998093839735, "mean": 0.0328303091228, "max": 0.39535176754, "dmean2": 0.0145464017987, "median": 0.0231322832406, "dvar": 0.000440647330834}, "spectral_spread": {"dvar2": 999229816832, "var": 1795233153020.0, "min": 492652.8125, "dmean": 404825.03125, "mean": 2439435.25, "max": 29663274, "dmean2": 619899.25, "median": 2065709.75, "dvar": 512272728064}, "spectral_energyband_low": {"dvar2": 0.000574136793148, "var": 0.000474926346214, "min": 6.04597900633e-08, "dmean": 0.00563205312937, "mean": 0.0117847481743, "max": 0.377284526825, "dmean2": 0.00826482567936, "median": 0.00555978808552, "dvar": 0.000255943101365}, "spectral_rolloff": {"dvar2": 197393.390625, "var": 370244.96875, "min": 86.1328125, "dmean": 158.348449707, "mean": 709.004760742, "max": 4242.04101562, "dmean2": 271.431427002, "median": 452.197265625, "dvar": 78380.453125}, "barkbands": {"dvar2": [9.30923391707e-08, 0.000194927095436, 0.000386090046959, 0.000134513378725, 0.000540079607163, 5.48483149032e-06, 4.74470698464e-06, 1.34092476856e-06, 8.19892193249e-07, 8.08638333183e-07, 1.73777095824e-06, 2.73706092457e-07, 3.37403065487e-07, 3.7203230363e-07, 6.37387927327e-07, 8.42672875478e-07, 9.35195544116e-07, 1.34005915697e-07, 5.64765620936e-08, 2.61622634667e-09, 1.69472347267e-09, 1.13993148254e-09, 3.0423452646e-09, 4.26425872391e-09, 1.5113813534e-09, 2.63998350958e-10, 7.83544687466e-11], "var": [3.9755818193e-08, 0.00013839523308, 0.000157783812028, 6.53404931654e-05, 0.000393588852603, 8.84395467438e-06, 5.05315165356e-06, 1.63999504821e-06, 8.75708508374e-07, 6.80900257066e-07, 1.36962682973e-06, 3.19936759752e-07, 3.13800001095e-07, 4.54110704595e-07, 4.27180538054e-07, 4.98211250033e-07, 7.05175466464e-07, 1.13070349528e-07, 4.16517380586e-08, 2.78898970585e-09, 1.12464315638e-09, 6.81121214985e-10, 1.48160672619e-09, 2.01649608123e-09, 6.49939158048e-10, 1.13126973067e-10, 4.90241562623e-11], "min": [1.06485575913e-09, 2.5818437166e-08, 1.73418470695e-08, 1.7482070902e-08, 4.43200391942e-08, 4.46415207023e-08, 4.3437189845e-08, 4.00397972555e-08, 4.61542235541e-08, 3.13276586894e-08, 1.71037477514e-08, 8.71714878059e-09, 5.57088730702e-09, 9.45548794817e-09, 9.97732918506e-09, 3.98160304727e-09, 5.27096322145e-09, 5.18918863435e-09, 3.58361096353e-09, 3.17301718233e-09, 3.14612691454e-09, 2.32770913655e-09, 2.61050092654e-09, 2.40495534598e-09, 2.2374582187e-09, 2.04783678903e-09, 1.18902931945e-09], "dmean": [6.24252134003e-05, 0.00260551925749, 0.00346054672264, 0.00228657270782, 0.00524948351085, 0.000919028301723, 0.000698734540492, 0.000384761486202, 0.000296201731544, 0.00024901505094, 0.000228231307119, 0.000123968973639, 0.000157043861691, 0.00015996734146, 0.000168292419403, 0.000155872359755, 0.0001911175641, 8.22893780423e-05, 5.41705849173e-05, 1.60136314662e-05, 9.61275236477e-06, 6.43287285129e-06, 8.09395896795e-06, 9.32772127271e-06, 5.38683116247e-06, 2.35432912632e-06, 1.49812490235e-06], "mean": [7.05158672645e-05, 0.00459295092151, 0.00529270339757, 0.00387920206413, 0.0110079133883, 0.00240320945159, 0.00140979047865, 0.000770674785599, 0.000558378407732, 0.000449577171821, 0.000386839645216, 0.000246486248216, 0.000275940285064, 0.000318802485708, 0.00029130661278, 0.000252697151154, 0.000316156598274, 0.000138166666147, 9.10286762519e-05, 2.98168724839e-05, 1.35048867378e-05, 8.38277537696e-06, 8.35478113004e-06, 8.99539918464e-06, 5.1417287068e-06, 2.35396328208e-06, 1.53109351686e-06], "max": [0.00364068476483, 0.176949411631, 0.305687487125, 0.135139986873, 0.219874724746, 0.0338182523847, 0.0284869857132, 0.0162953920662, 0.0160917490721, 0.0150952087715, 0.0279471408576, 0.00817058607936, 0.011494057253, 0.0121209146455, 0.0130015369505, 0.0175731386989, 0.0128600886092, 0.00555707886815, 0.00319986231625, 0.000835432787426, 0.000324455468217, 0.000296235200949, 0.000423578836489, 0.000521599664353, 0.000323871994624, 0.000122836892842, 6.68938664603e-05], "dmean2": [0.000105999824882, 0.0039470535703, 0.00544404797256, 0.00381263089366, 0.00828510522842, 0.00137362559326, 0.00105587404687, 0.000571496901102, 0.000445974030299, 0.000388075364754, 0.000358794262866, 0.000194233653019, 0.000255337683484, 0.000263585126959, 0.000279900414171, 0.000261065899394, 0.000320295570418, 0.000130720509333, 8.94803015399e-05, 2.59619100689e-05, 1.50841760842e-05, 9.92169771052e-06, 1.23516356325e-05, 1.45120184243e-05, 8.32361001812e-06, 3.63975914297e-06, 2.25651297114e-06], "median": [1.19789092423e-05, 0.00115157524124, 0.00210547912866, 0.00137195549905, 0.00501870550215, 0.00135488482192, 0.000649909838103, 0.000329785398208, 0.000262893532636, 0.000160090567078, 0.000106649466034, 7.33768247301e-05, 9.69753746176e-05, 8.22842994239e-05, 8.68776187417e-05, 6.42710656393e-05, 6.53215465718e-05, 3.63750186807e-05, 2.57595856965e-05, 1.16446590255e-05, 3.04200921164e-06, 1.07049754661e-06, 3.84084927418e-07, 2.16857785063e-07, 1.59953572165e-07, 1.18834471152e-07, 2.76368403718e-08], "dvar": [3.2215478285e-08, 8.35618120618e-05, 0.000148710707435, 5.10214667884e-05, 0.000206298718695, 2.18191257773e-06, 2.01402190214e-06, 6.07177241818e-07, 3.92990159526e-07, 3.12636444733e-07, 7.10333551979e-07, 1.08020579148e-07, 1.30442217028e-07, 1.48037713643e-07, 2.45041064773e-07, 3.00981469081e-07, 3.48108954995e-07, 5.47439853449e-08, 2.14059436843e-08, 1.03618502667e-09, 8.13770995034e-10, 4.97094754248e-10, 1.40024147832e-09, 1.96345895098e-09, 6.64301336162e-10, 1.12423202692e-10, 3.9779374239e-11]}, "melbands_skewness": {"dvar2": 1.24205172062, "var": 2.31254720688, "min": -0.796761512756, "dmean": 0.665948927402, "mean": 2.82476782799, "max": 12.7636928558, "dmean2": 1.01243782043, "median": 2.57717633247, "dvar": 0.550244927406}, "barkbands_skewness": {"dvar2": 1.04269599915, "var": 1.96420454979, "min": -2.37283277512, "dmean": 0.563523828983, "mean": 2.0830950737, "max": 13.5377063751, "dmean2": 0.871167719364, "median": 1.88094329834, "dvar": 0.431375145912}, "erbbands": {"dvar2": [0.0431556887925, 14.7539491653, 374.984100342, 540.873168945, 6377.94384766, 5461.65917969, 1144.34558105, 377.615509033, 879.828552246, 933.408447266, 723.565551758, 509.412384033, 905.957946777, 737.340759277, 3178.59667969, 576.521240234, 758.534606934, 1027.81164551, 1164.2097168, 2573.82714844, 2051.93896484, 960.80871582, 314.039550781, 392.828674316, 34.8206481934, 7.9488697052, 1.47903800011, 4.33630371094, 1.00123941898, 4.21820116043, 1.43454658985, 1.88063371181, 1.13321053982, 0.194337651134, 0.0575114004314, 0.0123374136165, 0.000411212735344, 4.76761051686e-05, 2.53047028309e-06, 8.97894381069e-09], "var": [0.0429175421596, 10.2148361206, 177.413543701, 315.887573242, 2710.78979492, 6797.47216797, 2634.80004883, 475.413757324, 942.297241211, 838.733093262, 795.279846191, 560.52947998, 748.115661621, 580.325622559, 2515.94238281, 705.739624023, 725.632995605, 1210.03552246, 757.591552734, 1714.3449707, 1405.0994873, 749.706237793, 209.670196533, 484.524261475, 30.6636638641, 8.50118923187, 1.44622206688, 2.35236907005, 0.723587751389, 1.94957077503, 0.74476224184, 0.768420875072, 0.552997469902, 0.1067686975, 0.0218417719007, 0.00445252517238, 0.000200833921554, 2.87699967885e-05, 1.49079619405e-06, 7.29896587615e-09], "min": [9.45565034272e-07, 5.26147368873e-06, 1.78317059181e-05, 4.359894956e-05, 8.87432688614e-05, 0.000159285176778, 0.000260681350483, 0.000396271905629, 0.000563893059734, 0.000750726088881, 0.000927438260987, 0.00104514660779, 0.00104432483204, 0.000885450921487, 0.000600813073106, 0.000330032751663, 0.000258986197878, 0.00042248738464, 0.000559758278541, 0.000402523990488, 0.000198468536837, 0.000310553994495, 0.000323346263031, 0.000143942335853, 0.000227568365517, 0.00013915769523, 0.000169805935002, 8.2703649241e-05, 7.10779931978e-05, 8.7623091531e-05, 7.39192328183e-05, 4.88017030875e-05, 4.25732250733e-05, 2.79521536868e-05, 1.5470701328e-05, 8.61875832925e-06, 3.72567069462e-06, 1.39484734518e-06, 3.40220594808e-07, 3.29215161798e-08], "dmean": [0.0411484763026, 0.735031485558, 3.53310370445, 5.27847862244, 14.8062496185, 18.1835441589, 12.0337543488, 6.30176115036, 9.26082801819, 9.25730037689, 8.16998100281, 7.15272665024, 8.29304695129, 5.82496929169, 8.71912479401, 5.82323408127, 7.17259502411, 8.92643260956, 6.86378526688, 9.54905128479, 9.43321418762, 6.75867652893, 3.72461152077, 4.04035997391, 1.46846425533, 0.832625508308, 0.358864158392, 0.396981298923, 0.207958593965, 0.318727970123, 0.18717674911, 0.182769358158, 0.157230079174, 0.0658706724644, 0.0331366807222, 0.0147583661601, 0.0032665124163, 0.0011700373143, 0.000264836737188, 2.39629389398e-05], "mean": [0.0711169466376, 1.30033838749, 5.78689193726, 10.0335674286, 25.4697780609, 38.2881126404, 32.4991149902, 15.7306051254, 18.7762832642, 18.8091640472, 17.0153541565, 13.8497743607, 15.6594753265, 10.928021431, 15.6995010376, 12.4819869995, 13.4260787964, 18.322019577, 13.0013303757, 17.1474056244, 16.8514556885, 12.3105316162, 7.03544664383, 7.77119874954, 2.85734820366, 1.62294650078, 0.633485674858, 0.495832264423, 0.283414036036, 0.328304976225, 0.199889063835, 0.175814926624, 0.149396792054, 0.0686237663031, 0.029782641679, 0.0136483954266, 0.00335432589054, 0.00121093168855, 0.000277519080555, 5.11007528985e-05], "max": [3.23272252083, 45.7864189148, 317.195251465, 224.332611084, 689.672668457, 1034.0826416, 852.651855469, 299.035705566, 417.203460693, 421.501373291, 450.055236816, 403.322723389, 582.689025879, 784.183288574, 1351.51916504, 381.852813721, 609.186767578, 555.195983887, 624.33380127, 1083.1394043, 707.836547852, 403.760986328, 313.444458008, 499.836151123, 126.328041077, 53.8962669373, 14.8511629105, 17.9554805756, 9.35656261444, 16.1014099121, 9.85935401917, 10.6867446899, 8.67005252838, 3.76123142242, 1.8817538023, 0.858911216259, 0.15252879262, 0.0557670332491, 0.0117343887687, 0.000924383115489], "dmean2": [0.0617853030562, 1.0905765295, 5.37073707581, 8.44183731079, 23.8890762329, 28.6437187195, 17.7342224121, 9.69500541687, 14.1156044006, 13.9257125854, 12.0573177338, 10.8034572601, 12.8842468262, 9.09544754028, 13.8160123825, 9.14735412598, 11.6585731506, 14.6214437485, 11.3175010681, 15.9079618454, 15.9770832062, 11.24152565, 6.11362361908, 6.62936973572, 2.36211705208, 1.34962069988, 0.553064346313, 0.625224351883, 0.315158009529, 0.498285263777, 0.283099740744, 0.28391507268, 0.243043527007, 0.0995518118143, 0.0529777854681, 0.0234979186207, 0.00487354863435, 0.00176461960655, 0.000402565376135, 3.49992915289e-05], "median": [0.014016052708, 0.374880671501, 2.40698623657, 4.52483940125, 9.50628566742, 15.3031778336, 16.5817241669, 9.43039131165, 8.54623794556, 9.83974266052, 7.68356800079, 6.75174236298, 6.71360206604, 4.78596019745, 5.09702730179, 4.33169794083, 5.82461166382, 5.94969511032, 4.11763286591, 5.63822460175, 5.03263378143, 3.89579796791, 2.57714796066, 1.88340306282, 1.1400873661, 0.639232516289, 0.208695247769, 0.0851722955704, 0.0421838648617, 0.019771495834, 0.010280773975, 0.00527684297413, 0.00324170710519, 0.00187209737487, 0.00113538792357, 0.000540150795132, 0.000221387192141, 5.44969807379e-05, 1.84240489034e-05, 2.75976562989e-05], "dvar": [0.0208797417581, 6.41883420944, 150.887695312, 223.224334717, 2357.79785156, 2184.42651367, 484.049682617, 139.842666626, 373.341796875, 395.562561035, 318.187286377, 256.945678711, 346.833557129, 314.752685547, 1256.45556641, 218.813491821, 292.80871582, 408.58380127, 423.153900146, 999.122070312, 739.861206055, 359.178192139, 110.748939514, 158.91065979, 12.9035367966, 3.09360122681, 0.709615886211, 2.00250506401, 0.48134329915, 1.87363874912, 0.66995882988, 0.805165052414, 0.53143197298, 0.0943956524134, 0.0242146663368, 0.00499993655831, 0.000182464602403, 2.35891457123e-05, 1.24658708955e-06, 4.73040895344e-09]}, "silence_rate_30dB": {"dvar2": 0.0452544279397, "var": 0.042216964066, "min": 0, "dmean": 0.0217570457608, "mean": 0.955833911896, "max": 1, "dmean2": 0.0435212664306, "median": 1, "dvar": 0.0212835073471}, "melbands_spread": {"dvar2": 36.1971092224, "var": 113.247283936, "min": 0.397630095482, "dmean": 2.74933552742, "mean": 11.2802667618, "max": 67.4980239868, "dmean2": 4.31978273392, "median": 6.95758533478, "dvar": 14.8379192352}, "melbands_crest": {"dvar2": 17.401845932, "var": 24.8250484467, "min": 3.49146056175, "dmean": 2.72007918358, "mean": 15.1893720627, "max": 33.1228637695, "dmean2": 4.35503053665, "median": 14.5729351044, "dvar": 6.61891126633}, "zerocrossingrate": {"dvar2": 3.75596464437e-05, "var": 0.000262094341451, "min": 0.00048828125, "dmean": 0.00418793503195, "mean": 0.0273789148778, "max": 0.1279296875, "dmean2": 0.00523473555222, "median": 0.02294921875, "dvar": 2.66068946075e-05}, "barkbands_kurtosis": {"dvar2": 264.747344971, "var": 265.32723999, "min": -1.77607274055, "dmean": 4.90457868576, "mean": 10.2880001068, "max": 301.916564941, "dmean2": 7.75752067566, "median": 5.79205226898, "dvar": 104.584640503}, "spectral_flux": {"dvar2": 0.00215377798304, "var": 0.00296389660798, "min": 0.00645594578236, "dmean": 0.0226857531816, "mean": 0.0694288760424, "max": 0.552958130836, "dmean2": 0.0355774648488, "median": 0.0562490299344, "dvar": 0.00110678141937}, "barkbands_crest": {"dvar2": 11.9912099838, "var": 21.7398357391, "min": 2.98907613754, "dmean": 2.2429189682, "mean": 11.8323793411, "max": 26.6308956146, "dmean2": 3.60372328758, "median": 10.8879890442, "dvar": 4.57397174835}, "barkbands_flatness_db": {"dvar2": 0.00140494492371, "var": 0.00426164502278, "min": 0.0406151935458, "dmean": 0.0220952387899, "mean": 0.237542927265, "max": 0.510919749737, "dmean2": 0.0340603329241, "median": 0.224458247423, "dvar": 0.000600625702646}, "spectral_entropy": {"dvar2": 0.148457586765, "var": 0.343473404646, "min": 3.8544728756, "dmean": 0.19613546133, "mean": 6.4907913208, "max": 8.44048500061, "dmean2": 0.301192611456, "median": 6.62044906616, "dvar": 0.0625498071313}, "pitch_salience": {"dvar2": 0.0095853023231, "var": 0.0117262909189, "min": 0.103230044246, "dmean": 0.0658898130059, "mean": 0.524672567844, "max": 0.955059349537, "dmean2": 0.106239527464, "median": 0.53552877903, "dvar": 0.00376166193746}, "erbbands_spread": {"dvar2": 128.671539307, "var": 176.160552979, "min": 0.811891496181, "dmean": 5.77218198776, "mean": 26.4933071136, "max": 113.357711792, "dmean2": 8.78732299805, "median": 25.4415531158, "dvar": 59.4819374084}, "dynamic_complexity": 2.16360068321, "spectral_contrast_valleys": {"dvar2": [0.284652382135, 0.253034353256, 0.208623275161, 0.185445711017, 0.205314055085, 0.323449850082], "var": [0.492947369814, 0.388268768787, 0.490237593651, 0.577468276024, 0.570755839348, 0.837986528873], "min": [-9.97676181793, -10.2161521912, -11.8935031891, -12.3063230515, -12.9542427063, -13.8024206161], "dmean": [0.385766983032, 0.339621812105, 0.317835152149, 0.284260779619, 0.271244853735, 0.283853769302], "mean": [-7.16948461533, -6.86321353912, -7.84261465073, -8.37661552429, -8.83069801331, -12.1077680588], "max": [-5.04478645325, -4.62077331543, -5.60373401642, -5.99466228485, -6.65123748779, -8.60142993927], "dmean2": [0.632865607738, 0.546691656113, 0.496793985367, 0.446930170059, 0.405411779881, 0.418824493885], "median": [-7.15315341949, -6.81565570831, -7.70903921127, -8.24272155762, -8.72836494446, -12.372423172], "dvar": [0.110925525427, 0.104812785983, 0.0928109809756, 0.0819461792707, 0.0965744182467, 0.152758434415]}, "hfc": {"dvar2": 59.269153595, "var": 73.8541488647, "min": 0.000436828442616, "dmean": 3.13812708855, "mean": 11.305978775, "max": 72.0657196045, "dmean2": 4.65284872055, "median": 9.60426330566, "dvar": 27.8794116974}, "spectral_kurtosis": {"dvar2": 202.466018677, "var": 285.68548584, "min": 0.540684938431, "dmean": 7.97676277161, "mean": 18.6435279846, "max": 167.801757812, "dmean2": 13.4148292542, "median": 13.5353755951, "dvar": 73.8057479858}, "mfcc": {"mean": [-724.021972656, 207.336975098, -14.229888916, 34.372253418, 12.954287529, -0.551317334175, -3.29748725891, -2.97596263885, -5.9834356308, -3.51092576981, -5.29006385803, -4.75190258026, -4.03934669495], "cov": [[3685.87036133, -1083.26342773, -1011.49157715, 149.019836426, -245.149536133, 5.83323669434, -38.5311164856, 123.842300415, 135.07244873, 127.979919434, -34.7387313843, -42.2448120117, 6.04533863068], [-1083.26342773, 1307.77587891, -323.833374023, -37.7880134583, 86.2094802856, -89.7760543823, 90.8293609619, -49.7286720276, -28.0310077667, 18.9042739868, 38.6628494263, 0.241307914257, 0.891708135605], [-1011.49157715, -323.833374023, 1751.78930664, -129.258285522, 68.5705795288, 135.972946167, 19.0833473206, 31.0287780762, -41.5657920837, -39.5462303162, 52.6258277893, 57.9069023132, -0.0174506064504], [149.019836426, -37.7880134583, -129.258285522, 207.318649292, 53.1098365784, 17.5979137421, 19.9544143677, 19.5562782288, 29.0346908569, 14.1116657257, -5.06682920456, -8.3017911911, 4.74055337906], [-245.149536133, 86.2094802856, 68.5705795288, 53.1098365784, 166.862503052, 53.8510780334, 15.6378679276, 14.7274436951, 19.6526470184, -11.1287431717, 6.46728515625, 1.72178506851, -7.79687309265], [5.83323669434, -89.7760543823, 135.972946167, 17.5979137421, 53.8510780334, 117.724151611, 35.4724159241, 23.2020587921, 22.2363815308, 1.3398373127, 1.487885952, 2.97091627121, 1.65242230892], [-38.5311164856, 90.8293609619, 19.0833473206, 19.9544143677, 15.6378679276, 35.4724159241, 105.853683472, 39.0004997253, 13.30514431, 17.1711425781, 5.95242452621, 2.42125630379, 7.50778865814], [123.842300415, -49.7286720276, 31.0287780762, 19.5562782288, 14.7274436951, 23.2020587921, 39.0004997253, 93.3817977905, 45.1832923889, 8.10095977783, 0.55252623558, 1.87072980404, 9.18100261688], [135.07244873, -28.0310077667, -41.5657920837, 29.0346908569, 19.6526470184, 22.2363815308, 13.30514431, 45.1832923889, 86.1515197754, 30.6402626038, -4.9926366806, -2.82042860985, 0.435603648424], [127.979919434, 18.9042739868, -39.5462303162, 14.1116657257, -11.1287431717, 1.3398373127, 17.1711425781, 8.10095977783, 30.6402626038, 88.713508606, 37.2173576355, -0.29797911644, 6.1916642189], [-34.7387313843, 38.6628494263, 52.6258277893, -5.06682920456, 6.46728515625, 1.487885952, 5.95242452621, 0.55252623558, -4.9926366806, 37.2173576355, 82.6518478394, 37.2168769836, 1.70446455479], [-42.2448120117, 0.241307914257, 57.9069023132, -8.3017911911, 1.72178506851, 2.97091627121, 2.42125630379, 1.87072980404, -2.82042860985, -0.29797911644, 37.2168769836, 77.3795318604, 30.7097034454], [6.04533863068, 0.891708135605, -0.0174506064504, 4.74055337906, -7.79687309265, 1.65242230892, 7.50778865814, 9.18100261688, 0.435603648424, 6.1916642189, 1.70446455479, 30.7097034454, 71.2473220825]], "icov": [[0.000677381118294, 0.000600414350629, 0.000487406679895, -9.96108428808e-05, 0.000629408285022, -0.00026407931, 2.43765607593e-05, -0.000688797328621, -6.21768340352e-05, -0.00072359747719, -2.64495696456e-07, -8.0064201029e-05, 0.000200730384677], [0.000600414350629, 0.00175932212733, 0.000642458617222, 0.000569120107684, -0.000751552172005, 0.00136429001577, -0.00193144322839, 0.000615707074758, -0.000354947464075, -0.000376502313884, -0.000782533141319, 0.000353485287633, -0.000199125512154], [0.000487406679895, 0.000642458617222, 0.00111445237417, 0.000524299277458, 5.12147671543e-05, -0.000817217340227, -0.000118851363368, -0.000770352315158, 0.000507485179696, -0.000328107300447, -0.000426399928983, -0.00033013994107, 0.000230253252084], [-9.96108428808e-05, 0.000569120107684, 0.000524299277458, 0.00627456139773, -0.00274178222753, 0.000703154306393, -0.00153929309454, 0.000368442648323, -0.000849547795951, -0.000452646578196, -6.01437022851e-05, 0.000628557114396, -0.000842612178531], [0.000629408285022, -0.000751552172005, 5.12147671543e-05, -0.00274178222753, 0.0101153673604, -0.00489839259535, 0.00190626794938, -0.00129448261578, -0.00171980285086, 0.00194460712373, -0.00149186479393, 0.000160875701113, 0.00113281537779], [-0.00026407931, 0.00136429001577, -0.000817217340227, 0.000703154306393, -0.00489839259535, 0.0145491007715, -0.00598094146699, 0.00237753731199, -0.00317701487802, 0.0012161093764, -0.000768909347244, 0.000891418370884, -0.00104335253127], [2.43765607593e-05, -0.00193144322839, -0.000118851363368, -0.00153929309454, 0.00190626794938, -0.00598094146699, 0.0160326492041, -0.00788613129407, 0.00406526541337, -0.00397199951112, 0.00245021213777, -0.00150817714166, 0.000710350752342], [-0.000688797328621, 0.000615707074758, -0.000770352315158, 0.000368442648323, -0.00129448261578, 0.00237753731199, -0.00788613129407, 0.0202098432928, -0.0110731674358, 0.00572396209463, -0.00405322900042, 0.00290158623829, -0.0035274522379], [-6.21768340352e-05, -0.000354947464075, 0.000507485179696, -0.000849547795951, -0.00171980285086, -0.00317701487802, 0.00406526541337, -0.0110731674358, 0.0226874593645, -0.0109094046056, 0.00807835906744, -0.00473519414663, 0.00360747100785], [-0.00072359747719, -0.000376502313884, -0.000328107300447, -0.000452646578196, 0.00194460712373, 0.0012161093764, -0.00397199951112, 0.00572396209463, -0.0109094046056, 0.023127598688, -0.0146963316947, 0.00857212860137, -0.00532472738996], [-2.64495696456e-07, -0.000782533141319, -0.000426399928983, -6.01437022851e-05, -0.00149186479393, -0.000768909347244, 0.00245021213777, -0.00405322900042, 0.00807835906744, -0.0146963316947, 0.0263740327209, -0.014883604832, 0.0071444939822], [-8.0064201029e-05, 0.000353485287633, -0.00033013994107, 0.000628557114396, 0.000160875701113, 0.000891418370884, -0.00150817714166, 0.00290158623829, -0.00473519414663, 0.00857212860137, -0.014883604832, 0.024605281651, -0.0112231187522], [0.000200730384677, -0.000199125512154, 0.000230253252084, -0.000842612178531, 0.00113281537779, -0.00104335253127, 0.000710350752342, -0.0035274522379, 0.00360747100785, -0.00532472738996, 0.0071444939822, -0.0112231187522, 0.0197123195976]]}, "silence_rate_20dB": {"dvar2": 0.000988689833321, "var": 0.000164768527611, "min": 0, "dmean": 0.000329652219079, "mean": 0.999835193157, "max": 1, "dmean2": 0.000659413111862, "median": 1, "dvar": 0.000329544796841}, "melbands_kurtosis": {"dvar2": 448.61227417, "var": 476.210571289, "min": -1.66408622265, "dmean": 8.06852817535, "mean": 17.9175510406, "max": 256.398895264, "dmean2": 12.4267282486, "median": 10.7234764099, "dvar": 188.52230835}, "barkbands_spread": {"dvar2": 27.0248165131, "var": 65.2278900146, "min": 0.211009919643, "dmean": 2.33531570435, "mean": 9.988322258, "max": 59.1670722961, "dmean2": 3.69528007507, "median": 7.10248279572, "dvar": 10.8774080276}, "erbbands_skewness": {"dvar2": 0.36260843277, "var": 1.292760849, "min": -2.42192459106, "dmean": 0.36856880784, "mean": 0.778064668179, "max": 7.13275432587, "dmean2": 0.574382424355, "median": 0.718913853168, "dvar": 0.14510217309}, "average_loudness": 0.664606869221, "spectral_centroid": {"dvar2": 45039.8164062, "var": 184398.28125, "min": 130.765472412, "dmean": 105.783119202, "mean": 650.250061035, "max": 2593.31787109, "dmean2": 166.399414062, "median": 483.911102295, "dvar": 18273.8496094}, "dissonance": {"dvar2": 0.00149264081847, "var": 0.00221552909352, "min": 0, "dmean": 0.0265679992735, "mean": 0.426735401154, "max": 0.500000119209, "dmean2": 0.0440189689398, "median": 0.437915682793, "dvar": 0.000591697520576}, "erbbands_flatness_db": {"dvar2": 0.000836702121887, "var": 0.00242585642263, "min": 0.0626192837954, "dmean": 0.0171623770148, "mean": 0.234172537923, "max": 0.46216788888, "dmean2": 0.0264647174627, "median": 0.237980544567, "dvar": 0.0003579465847}, "spectral_strongpeak": {"dvar2": 1.3334877491, "var": 0.73777961731, "min": 0, "dmean": 0.382065623999, "mean": 0.883565366268, "max": 10.5491123199, "dmean2": 0.649304568768, "median": 0.634981691837, "dvar": 0.491041004658}, "spectral_rms": {"dvar2": 2.27328018809e-06, "var": 4.80693825011e-06, "min": 2.01823440875e-05, "dmean": 0.000759214744903, "mean": 0.0052175312303, "max": 0.0196394771338, "dmean2": 0.00109226512723, "median": 0.00475058751181, "dvar": 1.15923307931e-06}, "silence_rate_60dB": {"dvar2": 0.0154904918745, "var": 0.00979077909142, "min": 0, "dmean": 0.00659304438159, "mean": 0.00988793652505, "max": 1, "dmean2": 0.0130234090611, "median": 0, "dvar": 0.00654964428395}, "melbands": {"dvar2": [8.09186440165e-06, 5.73144789087e-05, 2.18167642743e-05, 3.68562650692e-05, 2.07212042369e-06, 1.74899554395e-07, 2.08699304949e-07, 9.00302552509e-08, 4.57213538141e-08, 1.69660872018e-08, 2.25571188395e-08, 1.19350724859e-08, 3.33121086271e-08, 6.52050058392e-09, 2.65278021772e-09, 3.29456284476e-09, 4.29414059866e-09, 2.75234901537e-09, 2.7969369043e-09, 6.75541400597e-09, 3.94389276792e-09, 2.10706052606e-09, 8.31571256299e-10, 2.52389664723e-10, 3.37434857833e-10, 4.21253067151e-11, 4.60302065561e-12, 3.38878556293e-12, 7.95386380457e-13, 8.72692814281e-13, 1.50361559141e-12, 2.80345760712e-13, 7.58871156019e-13, 1.99386362455e-12, 5.29922026399e-13, 4.20897312229e-13, 1.00184075445e-12, 5.38507389722e-13, 3.75242778473e-13, 1.25162250356e-13], "var": [6.7175701588e-06, 3.26138324453e-05, 1.34917345349e-05, 2.05234300665e-05, 5.87133854424e-06, 2.24028525508e-07, 2.28879699193e-07, 8.64144453772e-08, 4.76000288074e-08, 1.80395414162e-08, 1.86251032375e-08, 9.42030009554e-09, 2.99019049521e-08, 5.77438363791e-09, 2.93640756155e-09, 2.84588930199e-09, 5.41500000395e-09, 1.85704440714e-09, 2.15663487069e-09, 4.07142763947e-09, 2.93821744712e-09, 1.71775860203e-09, 4.01922384263e-10, 2.63351229712e-10, 4.0888045727e-10, 3.32873346942e-11, 4.97998994473e-12, 3.50835224587e-12, 7.73887518738e-13, 5.68296007041e-13, 8.22684043285e-13, 2.096082368e-13, 3.16408439163e-13, 8.8639685869e-13, 2.55254666145e-13, 1.74766424206e-13, 3.90271690832e-13, 2.80022234784e-13, 1.73238607162e-13, 6.37616722659e-14], "min": [8.59583160207e-09, 8.64801918965e-09, 8.73792771472e-09, 8.84030093573e-09, 8.92204354841e-09, 8.92016593923e-09, 8.75786820842e-09, 8.34814972706e-09, 7.63056018371e-09, 6.54713083748e-09, 5.1662989442e-09, 3.64754293436e-09, 2.20937868001e-09, 1.13422038428e-09, 6.04931160719e-10, 5.84457038322e-10, 8.09571298888e-10, 9.17232068076e-10, 7.1499817178e-10, 3.65773106248e-10, 2.00133742911e-10, 2.98523594733e-10, 3.68199887246e-10, 2.19132503809e-10, 9.57429482917e-11, 1.58809188022e-10, 1.53611207088e-10, 7.47529399492e-11, 1.1056411342e-10, 7.61786328463e-11, 4.2503601333e-11, 4.49991953422e-11, 3.8303582528e-11, 4.76082125112e-11, 3.83428566675e-11, 3.65215808984e-11, 3.08306505326e-11, 2.83846245119e-11, 2.76194241089e-11, 2.24392379677e-11], "dmean": [0.000546785653569, 0.00148430326954, 0.00110355310608, 0.00125456636306, 0.000486748846015, 0.000145256868564, 0.000142939868965, 9.40326863201e-05, 6.5420899773e-05, 4.30997351941e-05, 4.12023546232e-05, 2.3182357836e-05, 3.24576030835e-05, 1.6584599507e-05, 1.47713435581e-05, 1.52979682753e-05, 1.7639797079e-05, 1.10575883809e-05, 1.06538946056e-05, 1.30315993374e-05, 1.32220629894e-05, 9.13245639822e-06, 4.43953740614e-06, 3.66472818314e-06, 3.49997185367e-06, 1.50756045514e-06, 6.65004449729e-07, 5.34106334271e-07, 2.41961942038e-07, 2.21882714868e-07, 2.33387140725e-07, 1.13621986486e-07, 1.41737672266e-07, 2.0230430664e-07, 1.12685668796e-07, 8.95309355542e-08, 1.27952759499e-07, 1.1109599285e-07, 8.88560549583e-08, 5.0531209439e-08], "mean": [0.000973365677055, 0.0026190627832, 0.00216426397674, 0.00238667428493, 0.00130718096625, 0.00036352997995, 0.000289068586426, 0.000192929554032, 0.000133302659378, 8.10770434327e-05, 7.64270371292e-05, 4.16216207668e-05, 5.63633766433e-05, 3.18593520205e-05, 2.87692018901e-05, 2.79064788629e-05, 3.5273431422e-05, 1.98613142857e-05, 1.92136849364e-05, 2.19319081225e-05, 2.21521386266e-05, 1.56423211592e-05, 7.16586282579e-06, 6.49309640721e-06, 6.44432657282e-06, 2.56248654296e-06, 1.24128575862e-06, 9.68472932072e-07, 3.9700967136e-07, 3.09976655899e-07, 2.74555304713e-07, 1.55276453029e-07, 1.58932209615e-07, 1.97798073032e-07, 1.16737979283e-07, 9.04803059143e-08, 1.19007502519e-07, 1.07420255802e-07, 8.35432629742e-08, 5.19918259556e-08], "max": [0.0422146916389, 0.118753321469, 0.0538413226604, 0.0542401969433, 0.0357567854226, 0.00576542736962, 0.0065210647881, 0.00383210019208, 0.00346367526799, 0.00216684956104, 0.0029030656442, 0.00289377663285, 0.00445283763111, 0.00171954499092, 0.000939915713388, 0.000842984649353, 0.00129233649932, 0.000895738659892, 0.000928082794417, 0.0013846262591, 0.000833574275021, 0.000660950201564, 0.000521865382325, 0.00029251576052, 0.000459191622213, 0.00013151136227, 3.16947334795e-05, 3.35328404617e-05, 1.25323531392e-05, 7.57792440709e-06, 1.02176354631e-05, 5.05775005877e-06, 9.45089868765e-06, 1.03064885479e-05, 6.19533238932e-06, 7.64620199334e-06, 8.31130728329e-06, 6.34072057437e-06, 4.88086106998e-06, 3.4195693388e-06], "dmean2": [0.000823981186841, 0.00221802829765, 0.001728172414, 0.00201027141884, 0.000729342224076, 0.000221893802518, 0.000216996180825, 0.000141095209983, 9.63876445894e-05, 6.53327660984e-05, 6.42638842692e-05, 3.62860155292e-05, 5.08318298671e-05, 2.6394474844e-05, 2.37497260969e-05, 2.46258714469e-05, 2.89555136987e-05, 1.81075592991e-05, 1.75887089426e-05, 2.18946624955e-05, 2.23011156777e-05, 1.50089272211e-05, 7.5247512541e-06, 5.7775150708e-06, 5.75075000597e-06, 2.4274390853e-06, 1.06326854166e-06, 8.7900446033e-07, 3.71966251578e-07, 3.57690282726e-07, 3.65306703998e-07, 1.73160287886e-07, 2.26873481779e-07, 3.21054614005e-07, 1.70213766637e-07, 1.38131042604e-07, 2.01025443403e-07, 1.7053554302e-07, 1.37363386443e-07, 7.52920144009e-08], "median": [0.000222502902034, 0.00113766384311, 0.00106786203105, 0.00101806863677, 0.000685667502694, 0.000218504996155, 0.00013126275735, 0.00010274759552, 5.86943133385e-05, 3.95011775254e-05, 3.14942481054e-05, 1.69842605828e-05, 1.59143473866e-05, 9.56302301347e-06, 1.01921059468e-05, 1.02026806417e-05, 9.27078508539e-06, 5.30935631105e-06, 5.95378060098e-06, 5.69259873373e-06, 4.85119835503e-06, 3.55370684701e-06, 1.9040440975e-06, 1.59620458362e-06, 1.05365893432e-06, 7.41119265513e-07, 4.76357200796e-07, 3.35668062235e-07, 1.15958805225e-07, 6.92780517397e-08, 3.61684868722e-08, 2.54951793011e-08, 1.31065700515e-08, 9.16872266998e-09, 6.321643653e-09, 3.76452646833e-09, 2.81886203268e-09, 2.32540697809e-09, 1.80689541107e-09, 1.43558342991e-09], "dvar": [3.60212311534e-06, 2.41181569436e-05, 9.30096757656e-06, 1.38491259349e-05, 9.07767628178e-07, 6.5339158084e-08, 8.90596609793e-08, 3.8751565512e-08, 1.98604812596e-08, 8.33948110568e-09, 8.61857518686e-09, 5.05149477803e-09, 1.39248195197e-08, 2.47737896863e-09, 1.01461217206e-09, 1.27012744766e-09, 1.71704550578e-09, 1.01658637064e-09, 1.11021569715e-09, 2.44679854156e-09, 1.44357403808e-09, 8.0801010327e-10, 2.78325335001e-10, 1.0280577778e-10, 1.35001634871e-10, 1.57831560321e-11, 1.88327348508e-12, 1.29702108428e-12, 3.6182401476e-13, 3.98043658581e-13, 6.9570553745e-13, 1.34439958081e-13, 2.98009799346e-13, 8.91194724354e-13, 2.40315986512e-13, 1.78405426825e-13, 4.23587136504e-13, 2.59267379701e-13, 1.71604389227e-13, 5.83741971319e-14]}, "spectral_skewness": {"dvar2": 0.837927401066, "var": 1.88346683979, "min": 0.845342993736, "dmean": 0.611652076244, "mean": 2.80443954468, "max": 10.9136152267, "dmean2": 1.0057708025, "median": 2.40695858002, "dvar": 0.316717982292}, "melbands_flatness_db": {"dvar2": 0.00183972169179, "var": 0.00695408508182, "min": 0.120874576271, "dmean": 0.0254999361932, "mean": 