{"metadata": {"tags": {"album": ["Quartet Feat. Dick Twardzik"], "musicip_puid": ["ea5e221b-0e02-c7e7-feaa-a501d2f1c89d"], "bpm": ["65"], "genre": ["Jazz - West Coast"], "initialkey": ["Eb"], "date": ["1955"], "tracknumber": ["04"], "title": ["Brash"], "file_name": "04 - Brash.flac", "artist": ["Chet Baker"], "musicbrainz_recordingid": ["191d7dd5-3c9c-4a0a-a362-97c6120019c5"]}, "audio_properties": {"sample_rate": 44100, "downmix": "mix", "lossless": true, "analysis_sample_rate": 44100, "md5_encoded": "aad02d89b2e7ad59b79b70fc302944cc", "equal_loudness": 0, "replay_gain": -5.74422454834, "codec": "flac", "bit_rate": 0, "length": 357.706665039}, "version": {"extractor": "music 1.0", "essentia_build_sha": "2d9f1f26377add8aeb1075a9c2973f962c4f09fd", "essentia_git_sha": "v2.1_beta2-1-ge3940c0", "essentia": "2.1-beta2"}}, "rhythm": {"beats_loudness_band_ratio": {"dvar2": [0.170700073242, 0.0775990337133, 0.0763201788068, 0.0694247111678, 0.0172756221145, 0.0403307974339], "var": [0.0835872814059, 0.0367956496775, 0.0487529374659, 0.0493018962443, 0.00569136859849, 0.0104840705171], "min": [0, 0, 0, 0, 0, 0], "dmean": [0.257917940617, 0.165775164962, 0.182854041457, 0.144598469138, 0.0456544868648, 0.0757531523705], "mean": [0.286582708359, 0.20087210834, 0.25118419528, 0.19927470386, 0.0427722707391, 0.0574577562511], "max": [0.987317919731, 0.951682448387, 0.969951033592, 0.905766606331, 0.520064890385, 0.653877079487], "dmean2": [0.45556885004, 0.29007551074, 0.313304513693, 0.245884791017, 0.0795722082257, 0.142292782664], "median": [0.168196037412, 0.150143623352, 0.185977995396, 0.0922498553991, 0.0134365772828, 0.0178082212806], "dvar": [0.0603434294462, 0.027766758576, 0.0296012144536, 0.0283593647182, 0.00581714464352, 0.0135577814654]}, "bpm_histogram_first_peak_weight": {"dvar2": 0, "var": 0, "min": 0.349814593792, "dmean": 0, "mean": 0.349814593792, "max": 0.349814593792, "dmean2": 0, "median": 0.349814593792, "dvar": 0}, "bpm": 139.431671143, "beats_count": 810, "bpm_histogram_first_peak_spread": {"dvar2": 0, "var": 0, "min": 0.478821396828, "dmean": 0, "mean": 0.478821396828, "max": 0.478821396828, "dmean2": 0, "median": 0.478821396828, "dvar": 0}, "danceability": 1.04933059216, "bpm_histogram_first_peak_bpm": {"dvar2": 0, "var": 0, "min": 140, "dmean": 0, "mean": 140, "max": 140, "dmean2": 0, "median": 140, "dvar": 0}, "beats_position": [0.476009070873, 0.952018141747, 1.42802715302, 1.92725622654, 2.42648530006, 2.91410422325, 3.3785033226, 3.84290242195, 4.31891155243, 4.78331041336, 5.24770975113, 5.70049858093, 6.15328788757, 6.60607719421, 7.05886602402, 7.51165533066, 7.96444416046, 8.4172334671, 8.87002277374, 9.32281208038, 9.77560043335, 10.22838974, 10.6811790466, 11.1339683533, 11.5867567062, 12.051156044, 12.5155553818, 12.9799547195, 13.4443531036, 13.9087524414, 14.3847618103, 14.8607711792, 15.3251695633, 15.7895689011, 16.2539672852, 16.7299766541, 17.2059860229, 17.6819953918, 18.1580047607, 18.6340141296, 19.1100215912, 19.5860309601, 20.0736503601, 20.5380496979, 21.0024490356, 21.4668483734, 21.942855835, 22.4072551727, 22.8600444794, 23.312833786, 23.7772331238, 24.2416324615, 24.7060317993, 25.158821106, 25.6232185364, 26.076007843, 26.5287971497, 26.9815864563, 27.4343757629, 27.8987751007, 28.3515644073, 28.8159637451, 29.2687530518, 29.7215423584, 30.1743297577, 30.6271190643, 31.0915184021, 31.5443077087, 31.9970970154, 32.4382743835, 32.8910636902, 33.3438529968, 33.7850341797, 34.2262115479, 34.6790008545, 35.1317901611, 35.5845794678, 36.0373687744, 36.4785499573, 36.9197273254, 37.3725166321, 37.8253059387, 38.2780952454, 38.7541046143, 39.2301139832, 39.7061233521, 40.1705207825, 40.6349182129, 41.1109275818, 41.5869369507, 42.0629463196, 42.5389556885, 43.0265769958, 43.50258255, 43.9902038574, 44.4778213501, 44.9654426575, 45.4530601501, 45.9406776428, 46.4166870117, 46.8926963806, 47.380317688, 47.8679351807, 48.355556488, 48.8431739807, 49.2263031006, 49.6094322205, 49.9809532166, 50.3640823364, 50.7123794556, 51.0606803894, 51.3973693848, 51.7340583801, 52.0823554993, 52.4306564331, 52.7673454285, 53.1156463623, 53.4987754822, 53.8935127258, 54.299861908, 54.7062110901, 55.1706123352, 55.6350097656, 56.0994110107, 56.5638084412, 57.0165977478, 57.4693870544, 57.9105644226, 58.3749656677, 58.8393630981, 59.280544281, 59.7333335876, 60.1861228943, 60.6389122009, 61.1033096313, 61.5677070618, 62.0204963684, 62.4848976135, 62.9492950439, 63.4136962891, 63.8780937195, 64.3541030884, 64.8185043335, 65.2828979492, 65.7240829468, 66.1768722534, 66.6296615601, 67.0824508667, 67.5352401733, 67.98802948, 68.4524230957, 68.8936004639, 69.3463897705, 69.7991790771, 70.2403640747, 70.6815414429, 71.122718811, 71.5755081177, 72.0282974243, 72.481086731, 72.9222640991, 73.3750534058, 73.8162307739, 74.2690200806, 74.6985931396, 75.1397705078, 75.580947876, 76.0221328735, 76.4633102417, 76.9044876099, 77.345664978, 77.7868499756, 78.2164154053, 78.6459884644, 79.075553894, 79.5167312622, 79.9463043213, 80.375869751, 80.8054428101, 81.2350082397, 81.6761856079, 82.1173706055, 82.5585479736, 82.9881134033, 83.4176864624, 83.8588638306, 84.2884368896, 84.7180023193, 85.1359634399, 85.5655288696, 85.9951019287, 86.4246673584, 86.8542404175, 87.2838058472, 87.7249908447, 88.1545562744, 88.5841217041, 89.0136947632, 89.4432601929, 89.872833252, 90.3023986816, 90.7435836792, 91.1847610474, 91.6259384155, 92.0555114746, 92.4850769043, 92.9146499634, 93.3442153931, 93.7853927612, 94.2265777588, 94.667755127, 95.1205444336, 95.5617218018, 95.9912872314, 96.4208602905, 96.8388214111, 97.2567749023, 97.6863479614, 98.1159133911, 98.5570983887, 98.9982757568, 99.4278411865, 99.8574142456, 100.286979675, 100.716552734, 101.146118164, 101.587303162, 102.02848053, 102.458045959, 102.910835266, 103.328796387, 103.769973755, 104.199546814, 104.629112244, 105.070289612, 105.511474609, 105.952651978, 106.393829346, 106.835006714, 107.264579773, 107.694145203, 108.1353302, 108.576507568, 109.017684937, 109.435646057, 109.865211487, 110.294784546, 110.735961914, 111.177139282, 111.606712341, 112.047889709, 112.489067078, 112.918640137, 113.348205566, 113.777778625, 114.218955994, 114.648521423, 115.078094482, 115.484443665, 115.925621033, 116.355194092, 116.79637146, 117.237548828, 117.678726196, 118.119903564, 118.561088562, 119.00226593, 119.443443298, 119.884620667, 120.314193726, 120.743759155, 121.184944153, 121.614509583, 122.044082642, 122.473648071, 122.90322113, 123.33278656, 123.762359619, 124.203536987, 124.644714355, 125.085891724, 125.515464783, 125.945030212, 126.374603271, 126.804168701, 127.23374176, 127.66330719, 128.092880249, 128.522445679, 128.952011108, 129.369979858, 129.799545288, 130.229110718, 130.670288086, 131.099868774, 131.517822266, 131.947387695, 132.376953125, 132.794921875, 133.224487305, 133.654052734, 134.083618164, 134.513198853, 134.942764282, 135.372329712, 135.801895142, 136.23147583, 136.66104126, 137.090606689, 137.520172119, 137.949752808, 138.379318237, 138.808883667, 139.238449097, 139.668029785, 140.097595215, 140.527160645, 140.956726074, 141.374694824, 141.804260254, 142.222213745, 142.651794434, 143.081359863, 143.510925293, 143.940490723, 144.370071411, 144.799636841, 145.229202271, 145.6587677, 146.088348389, 146.517913818, 146.93586731, 147.35383606, 147.783401489, 148.212966919, 148.63092041, 149.04888916, 149.47845459, 149.90802002, 150.337600708, 150.767166138, 151.196731567, 151.626296997, 152.067474365, 152.485443115, 152.915008545, 153.344573975, 153.762542725, 154.180496216, 154.610061646, 155.039627075, 155.469207764, 155.898773193, 156.328338623, 156.757904053, 157.187484741, 157.617050171, 158.046615601, 158.47618103, 158.905761719, 159.335327148, 159.75328064, 160.182861328, 160.612426758, 161.041992188, 161.459945679, 161.889526367, 162.307479858, 162.72543335, 163.155014038, 163.584579468, 164.014144897, 164.443710327, 164.861679077, 165.279632568, 165.709197998, 166.138778687, 166.556732178, 166.986297607, 167.415863037, 167.845443726, 168.275009155, 168.692962646, 169.122543335, 169.552108765, 169.970062256, 170.399627686, 170.829208374, 171.258773804, 171.699951172, 172.129516602, 172.57069397, 172.98866272, 173.418228149, 173.836181641, 174.265762329, 174.68371582, 175.11328125, 175.54284668, 175.96081543, 176.390380859, 176.819946289, 177.237915039, 177.667480469, 178.08543396, 178.50340271, 178.921356201, 179.350921631, 179.780502319, 180.210067749, 180.651245117, 181.080810547, 181.510375977, 181.939956665, 182.369522095, 182.810699463, 183.251876831, 183.693054199, 184.122619629, 184.552200317, 184.993377686, 185.434555054, 185.875732422, 186.31690979, 186.74647522, 187.176055908, 187.617233276, 188.058410645, 188.499588013, 188.929153442, 189.358734131, 189.788299561, 190.21786499, 190.659042358, 191.100219727, 191.541397095, 191.982574463, 192.412155151, 192.841720581, 193.282897949, 193.724075317, 194.165252686, 194.606430054, 195.047622681, 195.488800049, 195.929977417, 196.359542847, 196.800720215, 197.230285645, 197.659866333, 198.089431763, 198.518997192, 198.936950684, 199.366531372, 199.784484863, 200.202438354, 200.632019043, 201.061584473, 201.491149902, 201.920715332, 202.338684082, 202.768249512, 203.197814941, 203.62739563, 204.05696106, 204.474914551, 204.892883301, 205.310836792, 205.728790283, 206.158370972, 206.587936401, 207.017501831, 207.435455322, 207.853424072, 208.282989502, 208.712554932, 209.130523682, 209.560089111, 209.989654541, 210.430831909, 210.860397339, 211.289978027, 211.719543457, 212.149108887, 212.578674316, 213.008255005, 213.437820435, 213.867385864, 214.296951294, 214.726531982, 215.156097412, 215.574050903, 215.992019653, 216.421585083, 216.851150513, 217.269119263, 217.687072754, 218.105026245, 218.522994995, 218.952560425, 219.382125854, 219.800079346, 220.218048096, 220.647613525, 221.077178955, 221.495147705, 221.924713135, 222.354278564, 222.772247314, 223.201812744, 223.619766235, 224.049331665, 224.467300415, 224.896865845, 225.314819336, 225.744400024, 226.173965454, 226.603530884, 227.021499634, 227.451065063, 227.880630493, 228.298583984, 228.728164673, 229.157730103, 229.575683594, 230.005249023, 230.434829712, 230.864395142, 231.282348633, 231.711929321, 232.129882813, 232.547836304, 232.965805054, 233.383758545, 233.801712036, 234.231292725, 234.660858154, 235.090423584, 235.508392334, 235.937957764, 236.355911255, 236.773880005, 237.191833496, 237.621398926, 238.050964355, 238.480545044, 238.898498535, 239.328063965, 239.746032715, 240.187210083, 240.605163574, 241.034729004, 241.464309692, 241.882263184, 242.300216675, 242.718185425, 243.136138916, 243.565704346, 243.995285034, 244.436462402, 244.854415894, 245.283981323, 245.713562012, 246.131515503, 246.549468994, 246.967437744, 247.385391235, 247.803344727, 248.221313477, 248.639266968, 249.057235718, 249.475189209, 249.8931427, 250.299499512, 250.705841064, 251.123809814, 251.553375244, 251.982940674, 252.400909424, 252.818862915, 253.236816406, 253.666397095, 254.095962524, 254.525527954, 254.955093384, 255.361450195, 255.75617981, 256.139312744, 256.534057617, 256.92880249, 257.323547363, 257.729888916, 258.136230469, 258.554199219, 258.972137451, 259.390106201, 259.819671631, 260.249237061, 260.67880249, 261.108398438, 261.52633667, 261.9559021, 262.385467529, 262.803436279, 263.244628906, 263.674194336, 264.103759766, 264.533325195, 264.962890625, 265.392456055, 265.822021484, 266.263214111, 266.692779541, 267.145568848, 267.563537598, 267.981506348, 268.411071777, 268.840637207, 269.258575439, 269.688171387, 270.106109619, 270.535675049, 270.953643799, 271.383209229, 271.812774658, 272.253967285, 272.683532715, 273.124725342, 273.531066895, 273.949005127, 274.366973877, 274.796539307, 275.202911377, 275.597625732, 275.992370605, 276.433563232, 276.874725342, 277.315917969, 277.745483398, 278.175048828, 278.604614258, 279.034179688, 279.452148438, 279.881713867, 280.311279297, 280.740844727, 281.170440674, 281.611602783, 282.029571533, 282.459136963, 282.888702393, 283.318267822, 283.747833252, 284.177398682, 284.606964111, 285.024932861, 285.454498291, 285.895690918, 286.325256348, 286.743225098, 287.184387207, 287.625579834, 288.066741943, 288.50793457, 288.94909668, 289.378692627, 289.819854736, 290.261047363, 290.702209473, 291.1434021, 291.572967529, 292.014129639, 292.455322266, 292.896514893, 293.349304199, 293.802093506, 294.254882813, 294.696044922, 295.148834229, 295.601623535, 296.054412842, 296.495605469, 296.936767578, 297.389556885, 297.842346191, 298.283538818, 298.736328125, 299.189117432, 299.641906738, 300.094696045, 300.535858154, 300.977050781, 301.418212891, 301.847808838, 302.288970947, 302.730163574, 303.159729004, 303.600891113, 304.04208374, 304.494873047, 304.947662354, 305.388824463, 305.83001709, 306.271209717, 306.712371826, 307.153564453, 307.594726563, 308.035919189, 308.488708496, 308.941497803, 309.382659912, 309.823852539, 310.276641846, 310.729431152, 311.170593262, 311.611785889, 312.052978516, 312.494140625, 312.935333252, 313.376495361, 313.817687988, 314.258850098, 314.700042725, 315.141204834, 315.582397461, 316.023590088, 316.464752197, 316.917541504, 317.370330811, 317.823120117, 318.287536621, 318.740325928, 319.193115234, 319.645904541, 320.098693848, 320.563079834, 321.039093018, 321.515106201, 321.991119385, 322.467102051, 322.943115234, 323.419128418, 323.964813232, 324.510467529, 325.056152344, 325.590209961, 326.124267578, 326.658325195, 327.192382813, 327.714813232, 328.24887085, 328.724884033, 329.200897217, 329.6769104, 330.141296387, 330.605712891, 331.070098877, 331.522888184, 331.987304688, 332.451690674, 332.916107178, 333.368896484, 333.821685791, 334.286071777, 334.738861084, 335.191650391, 335.644439697, 336.097229004, 336.550018311, 336.99118042, 337.455596924, 337.90838623, 338.361175537, 338.802337646, 339.255126953, 339.70791626, 340.172332764, 340.62512207, 341.077911377, 341.542297363, 342.018310547, 342.482727051, 342.958709717, 343.411499023, 343.86428833, 344.340301514, 344.816314697, 345.280731201, 345.745117188, 346.209503174, 346.685516357, 347.161529541, 347.649139404, 348.148376465, 348.647613525, 349.146850586, 349.646057129, 350.145294189, 350.64453125, 351.143768311, 351.642974854, 352.142211914, 352.664672852, 353.187103271, 353.79083252, 354.394561768, 355.056304932, 355.718078613, 356.368255615, 357.030029297], "beats_loudness": {"dvar2": 0.00270059145987, "var": 0.00115615082905, "min": 0, "dmean": 0.0226697959006, "mean": 0.0257249530405, "max": 0.271911084652, "dmean2": 0.0391963645816, "median": 0.0144719704986, "dvar": 0.00102758733556}, "bpm_histogram_second_peak_weight": {"dvar2": 0, "var": 0, "min": 0.122373297811, "dmean": 0, "mean": 0.122373297811, "max": 0.122373297811, "dmean2": 0, "median": 0.122373297811, "dvar": 0}, "bpm_histogram_second_peak_spread": {"dvar2": 0, "var": 0, "min": 0.361290305853, "dmean": 0, "mean": 0.361290305853, "max": 0.361290305853, "dmean2": 0, "median": 0.361290305853, "dvar": 0}, "bpm_histogram_second_peak_bpm": {"dvar2": 0, "var": 0, "min": 133, "dmean": 0, "mean": 133, "max": 133, "dmean2": 0, "median": 133, "dvar": 0}, "onset_rate": 2.82618045807}, "lowlevel": {"spectral_energyband_high": {"dvar2": 1.77162647219e-07, "var": 1.41884314075e-07, "min": 6.99209955677e-21, "dmean": 9.23138213693e-05, "mean": 0.000207877354114, "max": 0.0119892489165, "dmean2": 0.000135436668643, "median": 9.99728945317e-05, "dvar": 8.02019570756e-08}, "spectral_energyband_middle_low": {"dvar2": 0.000136266855407, "var": 0.000185926328413, "min": 1.8519832512e-22, "dmean": 0.00272449478507, "mean": 0.00766685931012, "max": 0.224621042609, "dmean2": 0.00391645077616, "median": 0.00327075528912, "dvar": 6.3444414991e-05}, "spectral_energy": {"dvar2": 0.000239053857513, "var": 0.000605368171819, "min": 9.88297139744e-21, "dmean": 0.0045801741071, "mean": 0.0154663529247, "max": 0.293761402369, "dmean2": 0.00615448923782, "median": 0.00668198056519, "dvar": 0.000131121792947}, "spectral_spread": {"dvar2": 691178897408, "var": 16297859481600.0, "min": 772482.375, "dmean": 405566.84375, "mean": 5558525.5, "max": 42892180, "dmean2": 613675.0625, "median": 5352852, "dvar": 375956963328}, "spectral_energyband_low": {"dvar2": 2.8704162105e-05, "var": 2.73499808827e-05, "min": 1.27780793833e-23, "dmean": 0.00123282871209, "mean": 0.0021065431647, "max": 0.0772157907486, "dmean2": 0.00181082182098, "median": 0.000453971151728, "dvar": 1.31647284434e-05}, "spectral_rolloff": {"dvar2": 1924478.25, "var": 5761240, "min": 107.666015625, "dmean": 362.557891846, "mean": 1574.35571289, "max": 19724.4140625, "dmean2": 625.941162109, "median": 990.52734375, "dvar": 828548.6875}, "barkbands": {"dvar2": [6.95588009934e-13, 1.1533312545e-06, 1.28000010591e-05, 3.01189102174e-05, 3.26942681568e-05, 9.16210410651e-06, 3.33898651661e-06, 9.80781169346e-06, 1.38790419442e-05, 1.91213302969e-06, 1.73214664301e-06, 6.3259963099e-06, 1.92628285731e-05, 2.64963830432e-07, 8.69244013302e-06, 9.44769666944e-08, 1.02695942417e-07, 1.08508722008e-07, 3.55532776553e-08, 7.46655999251e-08, 1.89914182158e-08, 7.89916487776e-09, 3.06954683893e-09, 2.58894750083e-09, 5.86915183121e-10, 6.62483956582e-10, 9.40453825926e-11], "var": [1.75557550268e-12, 1.32594425395e-06, 1.37249644467e-05, 1.51645508595e-05, 1.8141903638e-05, 1.49391189552e-05, 3.48877460965e-06, 3.21237093885e-05, 6.06571193202e-05, 2.38064012592e-06, 7.01436965755e-06, 2.0968805984e-05, 7.25592835806e-05, 1.0711428331e-06, 2.10069720197e-05, 1.5081427307e-07, 6.17971068095e-07, 1.20029923778e-07, 5.0004111074e-08, 5.5522942688e-08, 1.36877247314e-08, 5.87831872068e-09, 2.58569743394e-09, 2.28228147492e-09, 4.81690742848e-10, 3.23042953498e-10, 2.5877334997e-11], "min": [5.99941981145e-25, 1.46939917803e-24, 1.54213215349e-24, 8.34153452702e-25, 4.48606579682e-24, 7.22685730465e-24, 2.64863539637e-24, 7.36848386954e-24, 1.17820178504e-23, 1.08917883189e-23, 1.1313018743e-23, 1.93249180773e-23, 2.72650397466e-23, 1.98161354521e-23, 2.85854414406e-23, 3.55920598246e-23, 6.38411877732e-23, 7.42745169553e-23, 1.07290030846e-22, 1.53672918993e-22, 2.37639488315e-22, 3.0503501827e-22, 3.97988884247e-22, 5.23052544511e-22, 8.62417779634e-22, 1.29070992883e-21, 1.83872677817e-21], "dmean": [2.20224720238e-07, 0.000293544057058, 0.000794562452938, 0.000656949356198, 0.000793678569607, 0.000607697409578, 0.000378456024919, 0.000491371727549, 0.000570588512346, 0.000180306888069, 0.000242969719693, 0.000361488666385, 0.000527627358679, 6.8818917498e-05, 0.000350788264768, 3.70098241547e-05, 3.94873641199e-05, 3.12314114126e-05, 2.73980131169e-05, 3.40476181009e-05, 2.72776524071e-05, 2.39896198764e-05, 1.42315348057e-05, 1.28923902594e-05, 5.7104903135e-06, 5.06263950228e-06, 1.49445600073e-06], "mean": [4.20113138944e-07, 0.000488966878038, 0.00125790189486, 0.000852979021147, 0.00112918915693, 0.00126460578758, 0.000782924529631, 0.00146730081178, 0.00201901374385, 0.000456562178442, 0.000820250425022, 0.0012228511041, 0.00201316224411, 0.000199962334591, 0.000971147965174, 7.34694476705e-05, 9.84347934718e-05, 5.84780318604e-05, 5.4468131566e-05, 5.57182465855e-05, 4.90850143251e-05, 4.96020184073e-05, 3.1062776543e-05, 2.78076277027e-05, 1.2172935385e-05, 7.55541213948e-06, 1.28267015498e-06], "max": [1.86145862244e-05, 0.0148060172796, 0.0609691850841, 0.128435343504, 0.117440015078, 0.119403928518, 0.041590269655, 0.191033244133, 0.172730490565, 0.0579959005117, 0.0366052575409, 0.0773031488061, 0.161894291639, 0.0260691400617, 0.126998186111, 0.0113225663081, 0.029268829152, 0.0147905377671, 0.00758956512436, 0.0120220407844, 0.00468063633889, 0.00188971473835, 0.000669733446557, 0.000723231234588, 0.000311098207021, 0.000249809992965, 0.0001161522232], "dmean2": [3.21420259297e-07, 0.00043018910219, 0.00115883175749, 0.00109019770753, 0.00128436763771, 0.000906708010007, 0.00060339999618, 0.00069186714245, 0.000722763710655, 0.000258367421338, 0.000314192555379, 0.000476189947221, 0.000697073934134, 8.92942189239e-05, 0.000427292165114, 5.11572106916e-05, 5.22367590747e-05, 4.48937280453e-05, 4.0920360334e-05, 5.13175764354e-05, 4.25058969995e-05, 3.83796796086e-05, 2.16693260882e-05, 1.90572900465e-05, 8.38018513605e-06, 7.48814136386e-06, 2.55483359979e-06], "median": [3.90055738819e-08, 0.000100114535599, 0.00015172973508, 0.00011403804092, 0.000273882906185, 0.000247298245085, 0.000196539345779, 0.000137940194691, 9.71122281044e-05, 4.18052295572e-05, 2.75635738944e-05, 2.91254727927e-05, 2.31130470638e-05, 8.21197318146e-06, 1.17866056826e-05, 9.64695846051e-06, 5.11784446644e-06, 7.44785029383e-06, 1.4608712263e-05, 1.40472320709e-05, 2.02793398785e-05, 2.63459351117e-05, 1.44969108078e-05, 1.24727048387e-05, 5.30328406967e-06, 2.4343169116e-06, 2.4681838795e-07], "dvar": [3.89097066199e-13, 5.98622705184e-07, 6.22156767349e-06, 1.16790806715e-05, 1.31528995553e-05, 5.16602085554e-06, 1.36533822115e-06, 5.95450501351e-06, 8.91810941539e-06, 9.12177881673e-07, 1.10815062726e-06, 3.75739091396e-06, 1.16282126328e-05, 1.89820994478e-07, 5.40580595043e-06, 5.45697922405e-08, 7.51875006699e-08, 5.18165172991e-08, 1.82050357012e-08, 3.38067991379e-08, 8.37127878128e-09, 3.3874276717e-09, 1.38835287711e-09, 1.19980680946e-09, 2.6741572845e-10, 2.79334749775e-10, 3.57947803342e-11]}, "melbands_skewness": {"dvar2": 1.92720425129, "var": 6.45992994308, "min": -2.11096262932, "dmean": 0.675233244896, "mean": 2.46944093704, "max": 20.9789619446, "dmean2": 1.01023089886, "median": 2.01034903526, "dvar": 0.968375325203}, "barkbands_skewness": {"dvar2": 0.878109395504, "var": 2.72749495506, "min": -2.24833703041, "dmean": 0.498441934586, "mean": 1.54978609085, "max": 12.8603429794, "dmean2": 0.742855072021, "median": 1.42336726189, "dvar": 0.44910377264}, "erbbands": {"dvar2": [8.14278319012e-05, 0.127206876874, 11.7020292282, 98.1773910522, 779.905212402, 181.498672485, 217.762039185, 1148.4420166, 455.095458984, 1649.60461426, 5635.53222656, 7143.70898438, 2441.72460938, 3330.35717773, 2092.28637695, 10203.4716797, 38252.765625, 2790.62475586, 6041.51318359, 9458.15917969, 578.625366211, 152.19972229, 310.402374268, 112.046508789, 80.2414093018, 76.5920944214, 73.9927062988, 20.1750221252, 12.8364715576, 4.57302570343, 2.53746509552, 1.61394870281, 0.542453706264, 0.0938867107034, 0.0314498469234, 0.0209523588419, 0.00128712656442, 0.000121833603771, 2.2406716198e-06, 8.31825808234e-09], "var": [9.2984897492e-05, 0.155559808016, 14.5805912018, 48.0078392029, 481.993530273, 85.6097412109, 104.406257629, 1929.55310059, 630.340270996, 4920.11572266, 17202.5117188, 34907.0664063, 6226.90527344, 6729.46777344, 8216.22363281, 34205.9921875, 149577.5625, 11906.9814453, 14835.0234375, 25654.3300781, 1502.81359863, 529.210266113, 427.035369873, 117.590370178, 140.553634644, 68.5285339355, 48.1730194092, 16.3624382019, 9.61617660522, 3.52809715271, 2.11620283127, 1.336591959, 0.496160775423, 0.0829673707485, 0.0219146925956, 0.00954099092633, 0.000698703690432, 4.17564733652e-05, 6.39568554561e-07, 3.24411164598e-09], "min": [5.03072692022e-23, 4.37596416473e-22, 1.58711089604e-21, 6.52022290567e-21, 1.24454533427e-20, 1.80945807464e-20, 3.11891002591e-20, 8.52651571565e-20, 8.98697614339e-20, 7.13673531805e-20, 2.45289243714e-19, 2.78364008808e-19, 4.52580136533e-19, 5.69995529353e-19, 7.92131470734e-19, 9.42196974801e-19, 1.56434246776e-18, 2.19073718753e-18, 3.03070477159e-18, 1.91697990265e-18, 2.70659886398e-18, 4.2165912228e-18, 4.79285817706e-18, 5.06999552872e-18, 6.73870047924e-18, 8.24471761483e-18, 8.02770099086e-18, 9.65860171944e-18, 1.03616795975e-17, 1.15352288567e-17, 1.07433663747e-17, 9.94691552194e-18, 9.97128343561e-18, 7.18162591876e-18, 6.15980515858e-18, 4.22417398747e-18, 2.20346811755e-18, 8.4330241439e-19, 2.05901306938e-19, 2.59677019725e-20], "dmean": [0.00239023193717, 0.096335798502, 0.791491091251, 1.45556128025, 3.08986067772, 2.19357347488, 2.46346116066, 6.1349568367, 5.17125701904, 7.63519430161, 12.0739574432, 12.5177202225, 5.95717382431, 8.34907531738, 8.13637065887, 14.5738744736, 24.4781761169, 7.62408304214, 9.02230739594, 12.5082969666, 2.83580422401, 1.87867391109, 1.72974002361, 1.41709768772, 1.3495798111, 1.34098052979, 1.46996605396, 0.858832776546, 1.02400302887, 0.535300016403, 0.415187239647, 0.319328516722, 0.189753755927, 0.0734679028392, 0.0401568114758, 0.0271611660719, 0.0074314060621, 0.00191243155859, 0.000233851751545, 1.69439117599e-05], "mean": [0.0045999600552, 0.162591099739, 1.30335402489, 2.11592364311, 4.07339429855, 3.17422485352, 4.63439512253, 12.3970632553, 11.3120660782, 20.1649627686, 39.7503814697, 45.5641365051, 16.6154766083, 26.9766960144, 24.8910427094, 54.2030525208, 97.6830825806, 26.0596351624, 24.1425228119, 36.4969139099, 6.73450756073, 4.36304616928, 3.49832820892, 2.82326769829, 2.5586745739, 2.35142993927, 2.49365067482, 1.62185072899, 2.04313540459, 1.13488578796, 0.886070907116, 0.6666020751, 0.412731409073, 0.162753805518, 0.0784252136946, 0.0420260541141, 0.0113735189661, 0.00207659834996, 0.000214867963223, 2.93179637083e-05], "max": [0.118940465152, 5.72556257248, 65.3883895874, 174.830169678, 657.175476074, 259.492858887, 750.592529297, 1380.35876465, 483.088226318, 2006.75476074, 5268.12353516, 3069.33569336, 3921.08251953, 2421.29443359, 2251.3762207, 3643.67797852, 8243.05273438, 2722.16577148, 3038.10522461, 4259.93798828, 1552.33361816, 666.151245117, 771.710205078, 444.969421387, 439.353271484, 339.045593262, 309.973144531, 182.909683228, 62.2473449707, 33.628200531, 17.1388835907, 15.8594646454, 13.532831192, 5.16500759125, 2.12527608871, 1.41117990017, 0.401473134756, 0.153108015656, 0.0161903891712, 0.00121318374295], "dmean2": [0.00359184993431, 0.138866841793, 1.12441587448, 2.35333919525, 5.05950546265, 3.63471293449, 4.10915756226, 9.02685451508, 7.91622829437, 11.2973957062, 16.3348522186, 15.7190303802, 7.99421644211, 11.5614204407, 10.4129495621, 19.3592281342, 32.6083488464, 9.65098381042, 11.4100856781, 15.0630741119, 3.67889213562, 2.51870393753, 2.47402858734, 2.04543089867, 1.96649670601, 2.02783370018, 2.30646944046, 1.31747579575, 1.66180241108, 0.828622460365, 0.631758749485, 0.478894174099, 0.286067098379, 0.109081096947, 0.0600322708488, 0.0412322990596, 0.0107112182304, 0.00304600293748, 0.000397265219362, 2.70940272458e-05], "median": [0.000933967065066, 0.0339569337666, 0.187016814947, 0.402842819691, 0.609249949455, 0.922273635864, 1.6195435524, 2.05581212044, 3.18165779114, 4.12713956833, 4.70815515518, 3.13153195381, 2.47502851486, 2.92196464539, 3.15073752403, 2.70787024498, 1.91059184074, 1.24973917007, 0.916721820831, 0.795883595943, 0.553993701935, 0.33014729619, 0.469579637051, 0.707238376141, 0.543666303158, 0.671525359154, 0.978416979313, 0.657173871994, 1.0760884285, 0.542274534702, 0.413602203131, 0.291137725115, 0.186833262444, 0.0721189603209, 0.0329906605184, 0.0143713038415, 0.003656828776, 0.000539291242603, 4.88082405354e-05, 1.135832008e-05], "dvar": [3.68040200556e-05, 0.067965246737, 6.16247987747, 36.6872406006, 319.089111328, 72.8571014404, 82.4939575195, 662.444763184, 208.871505737, 883.466247559, 3462.34033203, 4754.01611328, 1567.12304688, 1652.26513672, 1427.70471191, 5817.52246094, 23147.3203125, 1909.75524902, 3568.23681641, 6071.64892578, 353.006652832, 98.5080108643, 157.012695313, 54.0764122009, 44.8591690063, 35.3865661621, 31.8536300659, 9.40016937256, 5.374522686, 2.01994681358, 1.15099704266, 0.739585042, 0.249503627419, 0.0427593700588, 0.0139731606469, 0.00861897133291, 0.000554297468625, 4.8092497309e-05, 8.59917975049e-07, 3.22399063002e-09]}, "silence_rate_30dB": {"dvar2": 0.0174233894795, "var": 0.0143908374012, "min": 0, "dmean": 0.00765935331583, "mean": 0.985396265984, "max": 1, "dmean2": 0.0153197012842, "median": 1, "dvar": 0.00760096777231}, "melbands_spread": {"dvar2": 131.073623657, "var": 360.68460083, "min": 0.506226241589, "dmean": 4.51276063919, "mean": 18.9098434448, "max": 167.538955688, "dmean2": 7.06541919708, "median": 14.3578367233, "dvar": 58.9909553528}, "melbands_crest": {"dvar2": 19.7338466644, "var": 31.8296165466, "min": 1.53331708908, "dmean": 2.6612610817, "mean": 14.5000658035, "max": 33.0373039246, "dmean2": 4.25990104675, "median": 13.4377775192, "dvar": 8.07810974121}, "zerocrossingrate": {"dvar2": 0.000173213949893, "var": 0.00353324622847, "min": 0.005859375, "dmean": 0.00881704874337, "mean": 0.0649707838893, "max": 0.53125, "dmean2": 0.0106687154621, "median": 0.0517578125, "dvar": 0.000136696980917}, "barkbands_kurtosis": {"dvar2": 140.068984985, "var": 175.206893921, "min": -1.84289646149, "dmean": 3.51049232483, "mean": 6.96487283707, "max": 214.627716064, "dmean2": 5.29149103165, "median": 3.04370903969, "dvar": 69.1069335938}, "spectral_flux": {"dvar2": 0.00166844844352, "var": 0.00136672565714, "min": 6.25310289659e-11, "dmean": 0.0152684934437, "mean": 0.0375112369657, "max": 0.427568018436, "dmean2": 0.0241788718849, "median": 0.0260862056166, "dvar": 0.000705844489858}, "barkbands_crest": {"dvar2": 11.1071176529, "var": 19.2772331238, "min": 2.54516100883, "dmean": 2.00443673134, "mean": 11.1404809952, "max": 26.6846961975, "dmean2": 3.17964434624, "median": 10.3043985367, "dvar": 4.57570934296}, "barkbands_flatness_db": {"dvar2": 0.000953836599365, "var": 0.00557700451463, "min": 0.0166657771915, "dmean": 0.0196481756866, "mean": 0.180787935853, "max": 0.526374816895, "dmean2": 0.0287393275648, "median": 0.172189757228, "dvar": 0.000527648138814}, "spectral_entropy": {"dvar2": 0.0721706673503, "var": 0.637955963612, "min": 4.12481451035, "dmean": 0.1668548733, "mean": 7.17570400238, "max": 9.82483673096, "dmean2": 0.235810995102, "median": 7.24286985397, "dvar": 0.0448444075882}, "pitch_salience": {"dvar2": 0.00965500157326, "var": 0.0171359404922, "min": 0.0677224397659, "dmean": 0.0585543699563, "mean": 0.557031810284, "max": 0.855124413967, "dmean2": 0.0928070023656, "median": 0.574425458908, "dvar": 0.00401536840945}, "erbbands_spread": {"dvar2": 222.538787842, "var": 983.175292969, "min": 1.44773173332, "dmean": 6.94794988632, "mean": 37.2777519226, "max": 152.621139526, "dmean2": 10.5210895538, "median": 24.735490799, "dvar": 115.913002014}, "dynamic_complexity": 5.86373376846, "spectral_contrast_valleys": {"dvar2": [0.341461747885, 0.229642316699, 0.207301467657, 0.19121132791, 0.139240339398, 0.141366094351], "var": [4.98474931717, 5.03555345535, 4.43672943115, 4.124355793, 4.32848739624, 3.89580249786], "min": [-28.2897262573, -28.6530323029, -27.83893013, -27.7326641083, -27.5963058472, -27.4172096252], "dmean": [0.417896062136, 0.336189568043, 0.306389123201, 0.277645647526, 0.210089802742, 0.182838886976], "mean": [-8.85094261169, -7.54267549515, -8.64677333832, -9.32598400116, -8.94757080078, -10.9414844513], "max": [-5.66748142242, -4.27560853958, -5.39535188675, -6.26323318481, -5.88923025131, -8.54845905304], "dmean2": [0.684954226017, 0.552311122417, 0.491479724646, 0.436501204967, 0.314416736364, 0.255375951529], "median": [-8.52461624146, -7.25947237015, -8.46601200104, -9.1608247757, -8.76561546326, -10.5804672241], "dvar": [0.143190890551, 0.100671738386, 0.0989910140634, 0.0960835665464, 0.0816273242235, 0.0836614072323]}, "hfc": {"dvar2": 192.390518188, "var": 724.06451416, "min": 1.06690483326e-16, "dmean": 3.51974725723, "mean": 13.2204809189, "max": 359.37588501, "dmean2": 4.44081878662, "median": 4.4473195076, "dvar": 125.964141846}, "spectral_kurtosis": {"dvar2": 41.9876937866, "var": 89.4215927124, "min": -1.27864634991, "dmean": 1.96270227432, "mean": 6.2823882103, "max": 95.1091384888, "dmean2": 3.29172277451, "median": 3.24180221558, "dvar": 15.1288127899}, "mfcc": {"mean": [-735.667480469, 114.193183899, 18.691078186, 9.39824008942, -16.3240890503, 1.87432181835, -6.2211728096, -3.67697691917, -6.60213088989, -0.474944293499, -1.83469462395, 0.0934144183993, -1.33316862583], "cov": [[7708.02685547, 399.988067627, -66.6555175781, 71.2795715332, -144.649108887, 212.986434937, -125.91002655, -30.5878067017, -0.863608121872, 31.3624534607, -82.0029907227, -41.9458694458, -125.963996887], [399.988067627, 1615.95275879, -486.4246521, -475.471435547, -35.6843833923, 66.8227767944, 23.95262146, -123.965988159, -127.768348694, -18.6517906189, 21.6262168884, -14.1334142685, 10.8592414856], [-66.6555175781, -486.4246521, 1381.3795166, 677.572143555, 11.6720514297, 35.712272644, 69.7182159424, 228.620880127, 109.07673645, -26.2072086334, -62.0771560669, -66.2358551025, -56.1101760864], [71.2795715332, -475.471435547, 677.572143555, 720.345947266, 129.698760986, -1.32709252834, 54.962677002, 172.421005249, 109.538101196, 4.20447349548, -29.097322464, -16.6154346466, -25.5445461273], [-144.649108887, -35.6843833923, 11.6720514297, 129.698760986, 245.929275513, 111.569755554, 50.965461731, 48.8317909241, 41.3372306824, 32.4030723572, 22.4534301758, 14.0968322754, 14.4814348221], [212.986434937, 66.8227767944, 35.712272644, -1.32709252834, 111.569755554, 200.58442688, 74.3027496338, 19.2119235992, 20.6873512268, 27.7107963562, 11.5591878891, -2.78749608994, -8.13726902008], [-125.91002655, 23.95262146, 69.7182159424, 54.962677002, 50.965461731, 74.3027496338, 128.70954895, 72.6339797974, 22.5463829041, 12.9181394577, 17.5015029907, 20.6136226654, 18.0811882019], [-30.5878067017, -123.965988159, 228.620880127, 172.421005249, 48.8317909241, 19.2119235992, 72.6339797974, 153.504226685, 81.0587005615, 14.5113620758, 14.8677778244, 28.907781601, 19.1033325195], [-0.863608121872, -127.768348694, 109.07673645, 109.538101196, 41.3372306824, 20.6873512268, 22.5463829041, 81.0587005615, 111.17906189, 61.7163963318, 33.4916877747, 29.4262504578, 9.38711547852], [31.3624534607, -18.6517906189, -26.2072086334, 4.20447349548, 32.4030723572, 27.7107963562, 12.9181394577, 14.5113620758, 61.7163963318, 111.889732361, 78.4067840576, 35.6660652161, 4.30467414856], [-82.0029907227, 21.6262168884, -62.0771560669, -29.097322464, 22.4534301758, 11.5591878891, 17.5015029907, 14.8677778244, 33.4916877747, 78.4067840576, 113.467315674, 71.4948425293, 26.5752716064], [-41.9458694458, -14.1334142685, -66.2358551025, -16.6154346466, 14.0968322754, -2.78749608994, 20.6136226654, 28.907781601, 29.4262504578, 35.6660652161, 71.4948425293, 116.251823425, 73.5693664551], [-125.963996887, 10.8592414856, -56.1101760864, -25.5445461273, 14.4814348221, -8.13726902008, 18.0811882019, 19.1033325195, 9.38711547852, 4.30467414856, 26.5752716064, 73.5693664551, 105.433181763]], "icov": [[0.000176046654815, -6.89952285029e-05, 0.000129788691993, -0.000231679412536, 0.000403847487178, -0.000587883405387, 0.000580625841394, -0.00043005074258, 0.000335361604812, -0.000391946989112, 0.000424620346166, -0.000323535059579, 0.000212751154322], [-6.89952285029e-05, 0.0008575154352, 1.56113928824e-05, 0.000520857807714, -0.00018952114624, 3.69871340808e-05, -0.000528918870259, 5.45362963749e-05, 0.000536960840691, 0.000141739365063, -0.000511553720571, 0.000551242555957, -0.000235838640947], [0.000129788691993, 1.56113928824e-05, 0.00195120519493, -0.00181326665916, 0.00180413515773, -0.00179938122164, 0.00125470478088, -0.00240573682822, 0.000928667315748, -0.000164953642525, -0.000111578476208, 0.000999834854156, -0.000158909504535], [-0.000231679412536, 0.000520857807714, -0.00181326665916, 0.00438310112804, -0.00319303176366, 0.00290043652058, -0.00171800993849, 0.000317987578455, -0.00157649384346, 0.000447249913123, 0.000680366822053, -0.000521861657035, 0.000980698387139], [0.000403847487178, -0.00018952114624, 0.00180413515773, -0.00319303176366, 0.00877911970019, -0.00629180343822, 0.00267826276831, -0.00302710081451, 0.00139468570706, -0.0011997645488, -0.000534979451913, 0.00114824238699, -0.00165528943762], [-0.000587883405387, 3.69871340808e-05, -0.00179938122164, 0.00290043652058, -0.00629180343822, 0.0122976126149, -0.0081125292927, 0.00533379567787, -0.00370981823653, 0.000429307605373, 0.000303964712657, 2.58905365627e-05, 0.00149517378304], [0.000580625841394, -0.000528918870259, 0.00125470478088, -0.00171800993849, 0.00267826276831, -0.0081125292927, 0.0181898046285, -0.0122176418081, 0.00771315861493, -0.00381668400951, 0.000940599653404, -0.000709751970135, -0.00117280345876], [-0.00043005074258, 5.45362963749e-05, -0.00240573682822, 0.000317987578455, -0.00302710081451, 0.00533379567787, -0.0122176418081, 0.0245187841356, -0.0171774290502, 0.00983600132167, -0.00390333635733, -0.000828801596072, -0.000552538840566], [0.000335361604812, 0.000536960840691, 0.000928667315748, -0.00157649384346, 0.00139468570706, -0.00370981823653, 0.00771315861493, -0.0171774290502, 0.0305862929672, -0.019044265151, 0.00794793013483, -0.00406906334683, 0.000659658573568], [-0.000391946989112, 0.000141739365063, -0.000164953642525, 0.000447249913123, -0.0011997645488, 0.000429307605373, -0.00381668400951, 0.00983600132167, -0.019044265151, 0.0316114500165, -0.0209740810096, 0.0063262921758, -0.000114758826385], [0.000424620346166, -0.000511553720571, -0.000111578476208, 0.000680366822053, -0.000534979451913, 0.000303964712657, 0.000940599653404, -0.00390333635733, 0.00794793013483, -0.0209740810096, 0.0317967012525, -0.01787446253, 0.00591489765793], [-0.000323535059579, 0.000551242555957, 0.000999834854156, -0.000521861657035, 0.00114824238699, 2.58905365627e-05, -0.000709751970135, -0.000828801596072, -0.00406906334683, 0.0063262921758, -0.01787446253, 0.0292899124324, -0.0157500579953], [0.000212751154322, -0.000235838640947, -0.000158909504535, 0.000980698387139, -0.00165528943762, 0.00149517378304, -0.00117280345876, -0.000552538840566, 0.000659658573568, -0.000114758826385, 0.00591489765793, -0.0157500579953, 0.0200053453445]]}, "silence_rate_20dB": {"dvar2": 0, "var": 0, "min": 1, "dmean": 0, "mean": 1, "max": 1, "dmean2": 0, "median": 1, "dvar": 0}, "melbands_kurtosis": {"dvar2": 1129.37280273, "var": 1685.69628906, "min": -1.64679932594, "dmean": 9.07237052917, "mean": 19.6652622223, "max": 659.354553223, "dmean2": 13.6996936798, "median": 7.89367294312, "dvar": 563.278259277}, "barkbands_spread": {"dvar2": 99.5874710083, "var": 224.570083618, "min": 0.351467579603, "dmean": 4.26230096817, "mean": 16.9645175934, "max": 125.533531189, "dmean2": 6.51545476913, "median": 11.7078733444, "dvar": 48.5151062012}, "erbbands_skewness": {"dvar2": 0.335284650326, "var": 1.2342069149, "min": -1.94234490395, "dmean": 0.349415004253, "mean": 0.74393081665, "max": 8.03106021881, "dmean2": 0.512860953808, "median": 0.629738986492, "dvar": 0.176932096481}, "average_loudness": 0.138063415885, "spectral_centroid": {"dvar2": 172749.890625, "var": 1376928, "min": 176.762817383, "dmean": 177.409439087, "mean": 1177.37841797, "max": 11756.2285156, "dmean2": 273.189453125, "median": 936.231872559, "dvar": 84095.546875}, "dissonance": {"dvar2": 0.00262100901455, "var": 0.00248528528027, "min": 0.163469195366, "dmean": 0.0292873363942, "mean": 0.432416558266, "max": 0.500000119209, "dmean2": 0.0497478581965, "median": 0.442601233721, "dvar": 0.000941306003369}, "erbbands_flatness_db": {"dvar2": 0.000704988720827, "var": 0.00707440637052, "min": 0.0171372126788, "dmean": 0.0157864913344, "mean": 0.191700160503, "max": 0.485835850239, "dmean2": 0.0221778564155, "median": 0.175594165921, "dvar": 0.000456856243545}, "spectral_strongpeak": {"dvar2": 2.05332326889, "var": 5.70000553131, "min": 0, "dmean": 0.460916697979, "mean": 1.55510044098, "max": 24.8809394836, "dmean2": 0.710299670696, "median": 0.643487870693, "dvar": 1.07388448715}, "spectral_rms": {"dvar2": 1.15645082133e-06, "var": 5.11257621838e-06, "min": 3.10514461366e-12, "dmean": 0.000509858073201, "mean": 0.00315855676308, "max": 0.0169291608036, "dmean2": 0.000670034321956, "median": 0.00255323434249, "dvar": 7.03124044321e-07}, "silence_rate_60dB": {"dvar2": 0.134793415666, "var": 0.204755023122, "min": 0, "dmean": 