{"tonal": {"thpcp": [1, 0.917126536369, 0.685446023941, 0.522366642952, 0.430268973112, 0.394052058458, 0.398728966713, 0.590890586376, 0.856589376926, 0.875407576561, 0.747444093227, 0.638107657433, 0.585625529289, 0.633119165897, 0.757887065411, 0.842112004757, 0.776654481888, 0.633896231651, 0.516659080982, 0.465632677078, 0.501506686211, 0.549147665501, 0.570653676987, 0.623205244541, 0.677267372608, 0.665076553822, 0.585667014122, 0.542763710022, 0.63633108139, 0.747880995274, 0.727859675884, 0.630740582943, 0.578593492508, 0.613012254238, 0.690857350826, 0.839498698711], "hpcp": {"dmean2": [0.160855233669, 0.181048199534, 0.182856947184, 0.192952513695, 0.204161137342, 0.207078158855, 0.202765822411, 0.197469592094, 0.222815081477, 0.234172448516, 0.216450810432, 0.197905763984, 0.198092460632, 0.219073429704, 0.232065409422, 0.266717106104, 0.288357883692, 0.284156173468, 0.214696645737, 0.162735536695, 0.147451028228, 0.146755576134, 0.145711645484, 0.204884856939, 0.259207695723, 0.249854385853, 0.218290403485, 0.205990806222, 0.194266587496, 0.202076375484, 0.220959231257, 0.236981347203, 0.235235273838, 0.209825262427, 0.170650526881, 0.146194323897], "median": [0.00705204997212, 0.00946452002972, 0.0102207884192, 0.011285725981, 0.0124230021611, 0.0124828750268, 0.0100325448439, 0.0089020114392, 0.0108131840825, 0.0127832889557, 0.0129164941609, 0.00965252239257, 0.00723744137213, 0.00734176626429, 0.0113475257531, 0.0217134281993, 0.0328816920519, 0.0249092709273, 0.0122524360195, 0.00513792177662, 0.00448719132692, 0.00431706383824, 0.00506325624883, 0.0112062431872, 0.0204218588769, 0.0200373809785, 0.0142375025898, 0.00948120467365, 0.00786673370749, 0.00934728700668, 0.0134244039655, 0.0158987827599, 0.0140285622329, 0.00888716895133, 0.00565954623744, 0.0051851188764], "min": [0, 0, 0, 0, 0, 0, 0, 0, 0, 0, 0, 0, 0, 0, 0, 0, 0, 0, 0, 0, 0, 0, 0, 0, 0, 0, 0, 0, 0, 0, 0, 0, 0, 0, 0, 0], "dvar2": [0.0950946137309, 0.104981832206, 0.100588008761, 0.104432791471, 0.115905955434, 0.124228224158, 0.126718625426, 0.117167167366, 0.137544080615, 0.143757522106, 0.121542386711, 0.11613086611, 0.125106438994, 0.144001930952, 0.132669821382, 0.148746311665, 0.153240859509, 0.155903667212, 0.116738066077, 0.0930603742599, 0.0832491144538, 0.0914407968521, 0.081813775003, 0.112703286111, 0.146013811231, 0.132848858833, 0.119074188173, 0.113340474665, 0.110214740038, 0.114758513868, 0.127098530531, 0.131174087524, 0.131332188845, 0.117936238647, 0.0975380539894, 0.0825365036726], "dvar": [0.0346558615565, 0.0391379743814, 0.0386289060116, 0.0398164838552, 0.0453104451299, 0.048390775919, 0.0470244884491, 0.0425033383071, 0.0508548989892, 0.054196447134, 0.0458243340254, 0.0447610318661, 0.0459128692746, 0.0544588193297, 0.0512637905777, 0.0578429549932, 0.0614499486983, 0.0627434924245, 0.0449918061495, 0.0357009023428, 0.0312612131238, 0.0338051319122, 0.0307400915772, 0.0429936684668, 0.0594222508371, 0.0533403865993, 0.0463607124984, 0.042600736022, 0.0406242869794, 0.0433236472309, 0.0495708100498, 0.0525102578104, 0.0522308386862, 0.0457944758236, 0.0364898331463, 0.0302606038749], "dmean": [0.0909967646003, 0.103366337717, 0.105524130166, 0.109978973866, 0.116685561836, 0.119118794799, 0.113472186029, 0.110872715712, 0.124651730061, 0.131277725101, 0.123008467257, 0.111624099314, 0.111393690109, 0.121541440487, 0.131737858057, 0.151715174317, 0.166468501091, 0.163782849908, 0.123671680689, 0.0917366445065, 0.0831026732922, 0.0818744823337, 0.0811100080609, 0.114513888955, 0.147975176573, 0.144195720553, 0.125511869788, 0.117075771093, 0.109017044306, 0.11552336067, 0.125281184912, 0.133285656571, 0.134036764503, 0.119025707245, 0.0964384824038, 0.0823955610394], "max": [1, 1, 1, 1, 1, 1, 1, 1, 1, 1, 1, 1, 1, 1, 1, 1, 1, 1, 1, 1, 1, 1, 1, 1, 1, 1, 1, 1, 1, 1, 1, 1, 1, 1, 1, 1], "var": [0.041085511446, 0.0445472151041, 0.0453480519354, 0.0514134541154, 0.0588508248329, 0.0581354983151, 0.0489485450089, 0.0411832407117, 0.0535046085715, 0.0668125152588, 0.062087085098, 0.055525097996, 0.048938151449, 0.0561675466597, 0.0570732839406, 0.0698948577046, 0.0832645967603, 0.0777954310179, 0.0543324612081, 0.0443808026612, 0.0324113406241, 0.0302893929183, 0.0301473140717, 0.043962456286, 0.0769447386265, 0.0757508799434, 0.0656335577369, 0.0515824705362, 0.0479138493538, 0.0515799447894, 0.0671335086226, 0.0758772268891, 0.0680642575026, 0.0531049221754, 0.0427683107555, 0.0367000475526], "mean": [0.0925606414676, 0.101353511214, 0.105322763324, 0.115021958947, 0.124999940395, 0.122749939561, 0.108093708754, 0.100175254047, 0.117444522679, 0.138032749295, 0.134337514639, 0.116412714124, 0.106788180768, 0.113140679896, 0.127508178353, 0.154942184687, 0.184565126896, 0.169269576669, 0.126509428024, 0.0964106693864, 0.0794126465917, 0.0727282688022, 0.0735914632678, 0.109057798982, 0.158096522093, 0.161569714546, 0.137952119112, 0.11777241528, 0.108086049557, 0.116851724684, 0.139879524708, 0.155424505472, 0.14334332943, 0.11699513346, 0.0953572541475, 0.0859395563602]}, "tuning_equal_tempered_deviation": 0.317985832691, "chords_changes_rate": 0.104462809861, "key_key": "C", "tuning_diatonic_strength": 0.553533315659, "key_scale": "minor", "chords_number_rate": 0.00528925610706, "tuning_frequency": 434.946166992, "tuning_nontempered_energy_ratio": 0.902637898922, "chords_histogram": [7.47107458115, 2.90909099579, 10.1487607956, 17.123966217, 7.37190103531, 5.75206613541, 0.42975205183, 0.42975205183, 0.165289252996, 14.7438020706, 3.40495872498, 3.04132223129, 2.11570239067, 0.561983466148, 0.231404960155, 0.561983466148, 1.78512394428, 0.099173553288, 0.727272748947, 2.24793386459, 4.89256191254, 3.43801641464, 7.50413227081, 2.84297513962], "key_strength": 0.548938274384, "chords_key": "A#", "chords_strength": {"dmean2": 0.0180282648653, "median": 0.492676854134, "min": 0.177598595619, "dvar2": 0.00026239696308, "dvar": 0.000158738184837, "dmean": 0.0150573616847, "max": 0.791162848473, "var": 0.0114409178495, "mean": 0.495395034552}, "chords_scale": "major", "hpcp_entropy": {"dmean2": 1.3025547266, "median": 1.56751394272, "min": 0, "dvar2": 1.03747570515, "dvar": 0.413917660713, "dmean": 0.770708620548, "max": 4.52795982361, "var": 1.14938950539, "mean": 1.59519267082}}, "metadata": {"audio_properties": {"equal_loudness": 0, "codec": "mp3", "downmix": "mix", "sample_rate": 44100, "analysis_sample_rate": 44100, "bit_rate": 192000, "md5_encoded": "f09a820cf1791ca0fcbea0857b636822", "length": 140.434280396, "replay_gain": -3.03028106689, "lossless": false}, "version": {"essentia_build_sha": "70f2e5ece6736b2c40cc944ad0e695b16b925413", "essentia": "2.1-beta2", "extractor": "music 1.0", "essentia_git_sha": "v2.1_beta2"}, "tags": {"title": ["Manana Iguana"], "artist": ["Bobby McFerrin"], "albumartist": ["Bobby McFerrin"], "date": ["1990"], "genre": ["Jazz"], "album": ["Spontaneous Inventions"], "tracknumber": ["11"], "musicbrainz_recordingid": ["192081f9-5440-4dc4-862a-b039d4c141eb"], "file_name": "20644.mp3"}}, "rhythm": {"bpm_histogram_first_peak_bpm": {"dmean2": 0, "median": 178, "min": 178, "dvar2": 0, "dvar": 0, "dmean": 0, "max": 178, "var": 0, "mean": 178}, "bpm": 90.0213241577, "bpm_histogram_second_peak_spread": {"dmean2": 0, "median": 0, "min": 0, "dvar2": 0, "dvar": 0, "dmean": 0, "max": 0, "var": 0, "mean": 0}, "bpm_histogram_first_peak_weight": {"dmean2": 0, "median": 0.134948089719, "min": 0.134948089719, "dvar2": 0, "dvar": 0, "dmean": 0, "max": 0.134948089719, "var": 0, "mean": 0.134948089719}, "onset_rate": 3.65977239609, "beats_position": [0.603718817234, 1.23065757751, 1.8575963974, 2.50775504112, 3.16952371597, 3.83129239082, 4.5046710968, 5.17804956436, 5.83981847763, 6.52480697632, 7.19818592072, 7.90639448166, 8.6146030426, 9.33442115784, 10.0542402267, 10.774058342, 11.505487442, 12.2369155884, 12.9683446884, 13.5604534149, 14.1525621414, 14.7446708679, 15.3251695633, 15.9172782898, 16.5326080322, 17.1479358673, 17.7632656097, 18.4134235382, 19.0635814667, 19.7253513336, 20.3755092621, 21.037279129, 21.6874370575, 22.3375968933, 22.9877548218, 23.6495227814, 24.3345127106, 25.0311107635, 25.7277088165, 26.4010887146, 27.0744667053, 27.7594547272, 28.4560546875, 29.1410427094, 29.7795906067, 30.4065303802, 31.0334682465, 31.6720180511, 32.2989578247, 32.9258956909, 33.5644454956, 34.1797714233, 34.8067131042, 35.4336509705, 36.0605888367, 36.6875267029, 37.3144645691, 37.94140625, 38.5567321777, 39.1836738586, 39.7989997864, 40.4259414673, 41.0644874573, 41.6914291382, 42.3067550659, 42.9220848083, 43.5374145508, 44.164352417, 44.7796821594, 45.3950119019, 46.0103378296, 46.625667572, 47.229385376, 47.8331069946, 48.4368247986, 49.0289344788, 49.6674804688, 50.3176422119, 50.9678001404, 51.6179580688, 52.2565078735, 52.9182739258, 53.5800437927, 54.2418136597, 54.9151916504, 55.6001815796, 56.2735595703, 56.9353294373, 57.5970954895, 58.2820854187, 58.9438552856, 59.6288414001, 60.3022193909, 60.9988212585, 61.683807373, 62.3687973022, 63.0537872314, 63.7387733459, 64.4121551514, 65.0971450806, 65.7589111328, 66.4322891235, 67.0940551758, 67.7558288574, 68.4059829712, 69.0793609619, 69.7411346436, 70.4145126343, 71.087890625, 71.7496566772, 72.4114303589, 73.0848083496, 73.7465744019, 74.4199523926, 75.0933303833, 75.7551040649, 76.4168701172, 77.1018600464, 77.7636260986, 78.4370040894, 79.0175018311, 79.5863952637, 80.1552810669, 80.584854126, 81.0376434326, 81.4788208008, 81.9316101074, 82.3611755371, 82.7907485962, 83.2087097168, 83.5686187744, 83.9169158936, 84.2768249512, 84.6367340088, 84.9850311279, 85.3333282471, 85.6816329956, 86.0067138672, 86.3317871094, 86.656867981, 86.9819488525, 87.3070297241, 87.6437149048, 87.9687957764, 88.3054885864, 88.6305618286, 88.9556427002, 89.2807235718, 89.6058044434, 89.9308853149, 90.2559585571, 90.5810394287, 90.9293441772, 91.2660293579, 91.602722168, 91.9510192871, 92.2877044678, 92.6243972778, 92.9610900879, 93.2977752686, 93.6344680786, 93.9711532593, 94.3310623169, 94.6793670654, 95.0276641846, 95.3991851807, 95.7823104858, 96.1654434204, 96.5369567871, 96.9200897217, 97.2916107178, 97.6863479614, 98.0694732666, 98.4061660767, 98.7544631958, 99.1027679443, 99.4510650635, 99.7877502441, 100.124443054, 100.461128235, 100.786209106, 101.192558289, 101.598907471, 102.016868591, 102.434829712, 102.852790833, 103.270744324, 103.677093506, 104.095054626, 104.501403809, 104.907752991, 105.302490234, 105.639183044, 105.964263916, 106.300949097, 106.649246216, 106.997550964, 107.345848083, 107.694145203, 108.042449951, 108.39074707, 108.739044189, 109.087341309, 109.458862305, 109.830383301, 110.225120544, 110.631469727, 111.0262146, 111.432563782, 111.804077148, 112.175598145, 112.547119141, 112.918640137, 113.278549194, 113.638458252, 113.986755371, 114.323448181, 114.660133362, 114.973602295, 115.298683167, 115.623764038, 115.960449219, 116.28553009, 116.610610962, 116.947296143, 117.283988953, 117.620681763, 117.945755005, 118.294059753, 118.630744934, 118.979042053, 119.338951111, 119.687255859, 120.035552979, 120.372245789, 120.720542908, 121.057228088, 121.393920898, 121.730613708, 122.067298889, 122.403991699, 122.74067688, 123.07736969, 123.414054871, 123.750747681, 124.110656738, 124.43573761, 124.760810852, 125.085891724, 125.434196472, 125.770881653, 126.107574463, 126.444259644, 126.780952454, 127.129249573, 127.48915863, 127.849067688, 128.208984375, 128.568893433, 128.917190552, 129.277099609, 129.637008667, 129.996917725, 130.356826782, 130.728347778, 131.076644897, 131.436553955, 131.784851074, 132.144760132, 132.493057251, 132.829742432, 133.166442871, 133.51473999, 133.874649048, 134.222946167, 134.571243286, 134.931152344, 135.291061401, 135.650970459, 136.010879517, 136.370788574, 136.730697632, 137.078994751, 137.438903809, 137.798812866, 138.158721924, 138.518630981, 138.878540039, 139.238449097, 139.598358154], "beats_loudness": {"dmean2": 0.0343334116042, "median": 0.012177544646, "min": 4.78728566122e-07, "dvar2": 0.00198912085034, "dvar": 0.000629870512057, "dmean": 0.0194182489067, "max": 0.210130661726, "var": 0.000749621714931, "mean": 0.0214134305716}, "danceability": 1.09053230286, "bpm_histogram_second_peak_weight": {"dmean2": 0, "median": 0.121107265353, "min": 0.121107265353, "dvar2": 0, "dvar": 0, "dmean": 0, "max": 0.121107265353, "var": 0, "mean": 0.121107265353}, "beats_count": 290, "bpm_histogram_second_peak_bpm": {"dmean2": 0, "median": 172, "min": 172, "dvar2": 0, "dvar": 0, "dmean": 0, "max": 172, "var": 0, "mean": 172}, "bpm_histogram_first_peak_spread": {"dmean2": 0, "median": 0, "min": 0, "dvar2": 0, "dvar": 0, "dmean": 0, "max": 0, "var": 0, "mean": 0}, "beats_loudness_band_ratio": {"dmean2": [0.357693701982, 0.515670359135, 0.348940640688, 0.217855453491, 0.130419313908, 0.140494123101], "median": [0.0304380133748, 0.305662512779, 0.125833928585, 0.0437261685729, 0.0248482488096, 0.0101143289357], "min": [0.000675359740853, 0.000181601644726, 0.000651044538245, 0.000110406559543, 1.51967233251e-05, 2.46260169661e-05], "dvar2": [0.155765801668, 0.201690658927, 0.117172650993, 0.0607548542321, 0.0259472317994, 0.0875351801515], "dvar": [0.0571828745306, 0.0743905976415, 0.0492467880249, 0.0254739951342, 0.00900236982852, 0.0296008456498], "dmean": [0.193687453866, 0.286020904779, 0.200732037425, 0.12432423234, 0.0732681974769, 0.07361689955], "max": [0.964821875095, 0.991203546524, 0.978912353516, 0.845123589039, 0.70278185606, 0.992758750916], "var": [0.0554840266705, 0.110305123031, 0.0632590651512, 0.0504300780594, 0.0167018137872, 0.0182596333325], "mean": [0.152289822698, 0.378838509321, 0.226848915219, 0.168013885617, 0.0886851027608, 0.053450576961]}}, "lowlevel": {"barkbands_spread": {"dmean2": 7.35879564285, "median": 8.35395908356, "min": 0.079177968204, "dvar2": 169.913543701, "dvar": 69.3509521484, "dmean": 4.65622854233, "max": 106.866333008, "var": 183.982345581, "mean": 12.221446991}, "melbands_spread": {"dmean2": 9.92468643188, "median": 9.15450668335, "min": 0.191583499312, "dvar2": 500.498382568, "dvar": 246.171524048, "dmean": 6.43115282059, "max": 257.346252441, "var": 633.297790527, "mean": 16.4856719971}, "hfc": {"dmean2": 7.05152654648, "median": 4.05160236359, "min": 1.22408423742e-16, "dvar2": 341.943328857, "dvar": 154.049087524, "dmean": 4.73451662064, "max": 362.005889893, "var": 547.816711426, "mean": 11.5591831207}, "barkbands_kurtosis": {"dmean2": 19.0327358246, "median": 5.72675323486, "min": -1.92612934113, "dvar2": 2409.94067383, "dvar": 1046.22424316, "dmean": 12.1551065445, "max": 921.612243652, "var": 2245.66430664, "mean": 20.5099105835}, "gfcc": {"mean": [-139.566970825, 92.2794342041, -119.832923889, 13.2709589005, -74.4186325073, 5.71806669235, -42.2430114746, -6.39590787888, -8.47617149353, 3.49759197235, -4.62423849106, 4.1132349968, -0.396199673414], "icov": [[0.000186570774531, -0.000179388007382, 0.000337223464157, -0.000188803169294, 0.000369577406673, -0.000125382415717, 0.000315374112688, -9.41357866395e-05, 0.000193089217646, -4.03521517001e-06, 6.11586292507e-05, 7.53464046284e-05, 8.35418541101e-05], [-0.000179388007382, 0.00206285109743, -0.00112186395563, 0.00117510324344, -0.00109093566425, 0.000833275087643, -0.0010065959068, 0.00141826889012, -0.00107798178215, 0.0014077272499, -0.0012095462298, 0.00141135544982, -0.000758459791541], [0.000337223464157, -0.00112186395563, 0.00182981870603, -0.00120975426398, 0.00106004124973, -0.000285840331344, 0.000697216193657, 0.000311152834911, 0.000352508417564, 0.00011754919251, 0.000741090159863, -0.00110732694156, 0.00103528436739], [-0.000188803169294, 0.00117510324344, -0.00120975426398, 0.002490978688, -0.00109648122452, 0.00018302546232, 0.000269524491159, 0.000512667873409, -0.00056193198543, 0.000297057325952, -0.000436636764789, 0.00139096623752, -0.000641469203401], [0.000369577406673, -0.00109093566425, 0.00106004124973, -0.00109648122452, 0.00339019089006, -0.000291097327136, 0.00123771745712, -0.0010136787314, 0.0013511676807, -0.000730911036953, 0.00126519915648, -0.000526636198629, 0.00206499476917], [-0.000125382415717, 0.000833275087643, -0.000285840331344, 0.00018302546232, -0.000291097327136, 0.00371242011897, -0.00152209156659, 2.20390793402e-05, 0.000359871250112, 0.000558600120712, 0.000439504743554, 0.000454666704172, 0.000640367623419], [0.000315374112688, -0.0010065959068, 0.000697216193657, 0.000269524491159, 0.00123771745712, -0.00152209156659, 0.00524619454518, -0.00176638551056, 0.00150349119212, -0.00115361320786, -0.0002851736499, -0.0003726502473, 0.00151290220674], [-9.41357866395e-05, 0.00141826889012, 0.000311152834911, 0.000512667873409, -0.0010136787314, 2.20390793402e-05, -0.00176638551056, 0.00651309732348, -0.00233057653531, 0.00144803081639, -0.000414318463299, -0.000914217496756, 0.00109103356954], [0.000193089217646, -0.00107798178215, 0.000352508417564, -0.00056193198543, 0.0013511676807, 0.000359871250112, 0.00150349119212, -0.00233057653531, 0.00576166203246, -0.00320236664265, 0.000855891266838, 0.000216079104575, 0.000156889422215], [-4.03521517001e-06, 0.0014077272499, 0.00011754919251, 0.000297057325952, -0.000730911036953, 0.000558600120712, -0.00115361320786, 0.00144803081639, -0.00320236664265, 0.00822888780385, -0.00329083926044, 0.00121962581761, -6.81964666001e-05], [6.11586292507e-05, -0.0012095462298, 0.000741090159863, -0.000436636764789, 0.00126519915648, 0.000439504743554, -0.0002851736499, -0.000414318463299, 0.000855891266838, -0.00329083926044, 0.00688392762095, -0.00313948583789, 0.00153685128316], [7.53464046284e-05, 0.00141135544982, -0.00110732694156, 0.00139096623752, -0.000526636198629, 0.000454666704172, -0.0003726502473, -0.000914217496756, 0.000216079104575, 0.00121962581761, -0.00313948583789, 0.0115733798593, -0.0048662009649], [8.35418541101e-05, -0.000758459791541, 0.00103528436739, -0.000641469203401, 0.00206499476917, 0.000640367623419, 0.00151290220674, 0.00109103356954, 0.000156889422215, -6.81964666001e-05, 0.00153685128316, -0.0048662009649, 0.00872544571757]], "cov": [[10434.3632812, -790.809020996, -2198.1105957, -152.818023682, -709.343505859, 199.090591431, -212.851791382, 193.068496704, -72.2357254028, 50.268699646, 59.7634048462, -108.105384827, 177.832626343], [-790.809020996, 1614.18884277, 971.422302246, -164.802871704, 16.785905838, -311.049957275, -43.5075454712, -368.952667236, 32.3355941772, -161.795669556, 55.5115280151, -40.1968536377, 59.0008468628], [-2198.1105957, 971.422302246, 2074.94604492, 524.1328125, 14.4883642197, -208.830291748, -247.561218262, -418.824859619, -19.8094444275, -222.758285522, -135.859237671, -2.91546702385, 25.9353275299], [-152.818023682, -164.802871704, 524.1328125, 867.15838623, 169.182891846, -18.4737739563, -235.443847656, -100.890533447, 4.67069101334, -48.4670982361, -130.05506897, -77.695350647, -17.4315509796], [-709.343505859, 16.785905838, 14.4883642197, 169.182891846, 595.019775391, 58.8268470764, -25.6941490173, 47.7464981079, -69.432434082, -29.3282108307, -98.5424957275, -74.4228820801, -150.812347412], [199.090591431, -311.049957275, -208.830291748, -18.4737739563, 58.8268470764, 435.556671143, 152.692169189, 112.533843994, -86.0952911377, -15.1539325714, -50.4510688782, -34.6988868713, -100.9948349], [-212.851791382, -43.5075454712, -247.561218262, -235.443847656, -25.6941490173, 152.692169189, 387.551849365, 131.714538574, -41.2003479004, 50.8739967346, 76.8420791626, 6.61480665207, -87.1791381836], [193.068496704, -368.952667236, -418.824859619, -100.890533447, 47.7464981079, 112.533843994, 131.714538574, 328.13180542, 49.8730583191, 56.8410682678, 24.4517993927, 12.8658571243, -72.6533508301], [-72.2357254028, 32.3355941772, -19.8094444275, 4.67069101334, -69.432434082, -86.0952911377, -41.2003479004, 49.8730583191, 290.59286499, 108.987724304, 39.4892082214, -1.96344208717, 17.4308261871], [50.268699646, -161.795669556, -222.758285522, -48.4670982361, -29.3282108307, -15.1539325714, 50.8739967346, 56.8410682678, 108.987724304, 234.583007812, 108.46736145, 5.32207107544, -15.8163223267], [59.7634048462, 55.5115280151, -135.859237671, -130.05506897, -98.5424957275, -50.4510688782, 76.8420791626, 24.4517993927, 39.4892082214, 108.46736145, 258.780212402, 59.2054023743, 9.03130722046], [-108.105384827, -40.1968536377, -2.91546702385, -77.695350647, -74.4228820801, -34.6988868713, 6.61480665207, 12.8658571243, -1.96344208717, 5.32207107544, 59.2054023743, 150.864318848, 83.3651733398], [177.832626343, 59.0008468628, 25.9353275299, -17.4315509796, -150.812347412, -100.9948349, -87.1791381836, -72.6533508301, 17.4308261871, -15.8163223267, 9.03130722046, 83.3651733398, 225.44418335]]}, "spectral_energyband_middle_low": {"dmean2": 0.00659140618518, "median": 0.00403666729107, "min": 2.20449313044e-22, "dvar2": 0.000187895013369, "dvar": 8.68621500558e-05, "dmean": 0.00438405061141, "max": 0.178212851286, "var": 0.000264538626652, "mean": 0.00985200889409}, "melbands_crest": {"dmean2": 6.00989437103, "median": 17.6219749451, "min": 1.78100121021, "dvar2": 33.1049041748, "dvar": 13.7096195221, "dmean": 3.79267930984, "max": 35.4521026611, "var": 54.4751243591, "mean": 18.150352478}, "spectral_kurtosis": {"dmean2": 5.18909263611, "median": 5.89587306976, "min": -1.31551873684, "dvar2": 47.2676086426, "dvar": 17.9234714508, "dmean": 3.13534259796, "max": 88.0402984619, "var": 66.2593383789, "mean": 8.05338382721}, "spectral_rms": {"dmean2": 0.0010616525542, "median": 0.00274268561043, "min": 3.26123351414e-12, "dvar2": 2.11794895222e-06, "dvar": 1.06386266907e-06, "dmean": 0.000730222032871, "max": 0.0161977428943, "var": 4.88335626869e-06, "mean": 0.00306207942776}, "zerocrossingrate": {"dmean2": 0.00918973237276, "median": 0.0322265625, "min": 0.00439453125, "dvar2": 0.000254165061051, "dvar": 0.000254775688518, "dmean": 0.00810120627284, "max": 0.5048828125, "var": 0.00208585825749, "mean": 0.0456396453083}, "silence_rate_60dB": {"dmean2": 0.198445513844, "median": 0, "min": 0, "dvar2": 0.178247600794, "dvar": 0.0893563330173, "dmean": 0.0992063507438, "max": 1, "var": 0.212618738413, "mean": 0.306662261486}, "erbbands_kurtosis": {"dmean2": 8.52276515961, "median": 2.37949037552, "min": -1.9200425148, "dvar2": 323.732208252, "dvar": 146.290267944, "dmean": 5.50549650192, "max": 340.364135742, "var": 502.012023926, "mean": 10.2384986877}, "erbbands": {"dmean2": [0.0107966214418, 0.130488425493, 0.54690772295, 1.0390034914, 2.14157676697, 5.60484981537, 17.1105384827, 20.5161914825, 22.5138626099, 19.814496994, 19.7270145416, 17.3606567383, 19.0239696503, 21.6685123444, 18.6674308777, 19.817363739, 16.9824237823, 22.2555847168, 18.333688736, 13.4667711258, 10.2898740768, 8.63414001465, 6.91705417633, 5.21333265305, 4.31808376312, 2.70132184029, 2.48995137215, 2.28401565552, 3.05245494843, 3.99349880219, 3.48680067062, 1.7994017601, 0.756335377693, 0.229676783085, 0.083648994565, 0.0213317088783, 0.00411107437685, 0.000778210524004, 0.000129408304929, 1.55480429385e-05], "median": [0.00186841690447, 0.00470856158063, 0.013822529465, 0.0239326227456, 0.0585866570473, 0.385828822851, 1.68219435215, 2.53406906128, 1.33589673042, 1.2457716465, 1.12484025955, 1.03230214119, 0.833919107914, 0.730604529381, 0.648297131062, 0.618953287601, 0.5562312603, 0.837242186069, 0.905533373356, 0.589216768742, 0.339213579893, 0.331605046988, 0.262785255909, 0.135275244713, 0.11812172085, 0.11097792536, 0.15204679966, 0.180425778031, 0.19360755384, 0.158765360713, 0.0901976749301, 0.0795993059874, 0.0335346236825, 0.0108788916841, 0.00363850453869, 0.000889019051101, 0.000147845974425, 0.000131702297949, 1.05994613477e-05, 9.618464901e-06], "min": [8.72412710412e-22, 1.53625178898e-20, 8.40436504987e-20, 4.31647238996e-20, 2.57822907307e-20, 1.71537199914e-19, 7.4639308745e-19, 1.67298416262e-19, 2.63893362871e-19, 1.35563053035e-18, 3.520055206e-19, 3.97970887414e-19, 9.27192435477e-19, 1.79595179851e-18, 1.95682415878e-18, 2.91337623273e-18, 2.35161761282e-18, 4.43642067444e-18, 2.25742490211e-18, 8.4741072064e-18, 9.5968915642e-18, 1.08250504602e-17, 1.68628477192e-17, 1.57710569918e-17, 1.56978333096e-17, 1.87501661659e-17, 1.79030008697e-17, 2.16053636842e-17, 1.45571065772e-17, 2.1391625177e-17, 1.81815489779e-17, 1.75234606262e-17, 1.74423290973e-17, 1.26622285269e-17, 9.77391896863e-18, 4.88927848516e-18, 2.63102640244e-18, 1.45295639443e-18, 3.2791980477e-19, 4.17434498926e-20], "dvar2": [0.00580155383795, 2.03752565384, 23.3775501251, 40.050075531, 274.498504639, 381.328399658, 2890.65649414, 3851.43994141, 8520.11132812, 12290.6396484, 6233.29638672, 7250.6796875, 10720.7763672, 9471.59472656, 6549.36376953, 6837.44189453, 5291.39013672, 6949.1484375, 5460.78271484, 2963.87109375, 2455.45800781, 1462.08520508, 794.888977051, 848.493408203, 579.539001465, 136.39855957, 177.02494812, 218.646606445, 1062.8145752, 1183.44116211, 1331.65600586, 175.187240601, 21.5072212219, 2.10590434074, 0.218881130219, 0.0204933807254, 0.000892018259037, 2.25469175348e-05, 9.21805565213e-07, 2.63559862823e-09], "dvar": [0.00216179387644, 0.803805649281, 9.4174041748, 17.9177780151, 120.887031555, 193.570602417, 1664.01818848, 1720.04443359, 3666.765625, 5698.02099609, 3366.55786133, 3306.97949219, 4147.24951172, 4839.60009766, 2637.72753906, 2820.69702148, 2447.01733398, 2998.69555664, 2196, 1188.02246094, 892.886657715, 556.71307373, 293.485015869, 317.180297852, 242.751358032, 59.8354721069, 69.0425109863, 88.4083404541, 403.423431396, 560.877624512, 616.488342285, 82.503868103, 10.1471920013, 0.976981282234, 0.100892029703, 0.00987683050334, 0.000369180343114, 8.68583992997e-06, 3.245590392e-07, 9.36062671819e-10], "dmean": [0.00624007219449, 0.0763745605946, 0.339097976685, 0.648456454277, 1.39426887035, 3.7890253067, 11.9116392136, 13.5204715729, 14.4726390839, 12.854681015, 13.3967914581, 11.528090477, 12.3709478378, 14.8724346161, 11.8756484985, 12.8287668228, 11.1859064102, 14.6205682755, 11.526227951, 8.7336473465, 6.31709861755, 5.38247823715, 4.2760386467, 3.29694676399, 2.74901366234, 1.78910255432, 1.61367058754, 1.49145829678, 1.96852552891, 2.67644619942, 2.32019376755, 1.17017483711, 0.472091674805, 0.147060379386, 0.0515370480716, 0.013256361708, 0.00253063323908, 0.00047685316531, 7.47382364352e-05, 9.91726119537e-06], "max": [1.44154512882, 40.8204307556, 120.107154846, 166.736022949, 455.588562012, 437.91796875, 1375.40063477, 784.225952148, 1766.79248047, 3296.61279297, 2113.86547852, 2201.45068359, 2190.31298828, 3332.73095703, 1077.68920898, 2014.21459961, 1367.54174805, 1118.31884766, 1564.19616699, 989.436645508, 925.532836914, 773.252319336, 474.673339844, 761.61541748, 680.556945801, 277.475280762, 366.29800415, 444.546905518, 951.270690918, 867.222473145, 1224.23632812, 347.759094238, 94.9183654785, 43.7432289124, 14.9799528122, 5.51184892654, 0.829199671745, 0.099543787539, 0.016320778057, 0.00083748268662], "var": [0.00185612565838, 0.750126481056, 10.4916524887, 66.8935852051, 390.15411377, 571.946105957, 6154.04931641, 4151.42041016, 7328.31884766, 15787.5683594, 9812.31835938, 5853.0859375, 5508.24560547, 17917.8359375, 5416.13769531, 9341.55761719, 5341.87792969, 7590.48876953, 4191.89257812, 2833.40527344, 2395.75830078, 1778.90673828, 861.073791504, 786.20703125, 612.25994873, 153.155303955, 96.4323654175, 112.029541016, 414.818206787, 838.300476074, 942.522399902, 136.448608398, 17.4137020111, 1.64866530895, 0.202695578337, 0.0217169933021, 0.000895799079444, 2.4139542802e-05, 3.13340962066e-07, 1.5733533365e-09], "mean": [0.00632317177951, 0.0728019997478, 0.449558585882, 1.26229846478, 2.6004011631, 7.3427195549, 26.0704059601, 26.4174194336, 23.7240581512, 21.3309383392, 24.3025169373, 17.7733573914, 19.0997009277, 26.1919231415, 19.647687912, 24.0190792084, 18.5605373383, 25.741569519, 18.5898342133, 15.1665992737, 11.9213647842, 10.3973684311, 7.94141721725, 6.00439786911, 4.94665002823, 3.11191344261, 2.6257982254, 2.3502240181, 2.65929317474, 3.37875437737, 2.89662003517, 1.60580420494, 0.702418148518, 0.215627089143, 0.0787928774953, 0.0229453966022, 0.00510806357488, 0.00101679004729, 8.92874741112e-05, 2.09791887755e-05]}, "spectral_strongpeak": {"dmean2": 0.781845569611, "median": 0.790074944496, "min": 0, "dvar2": 1.58185172081, "dvar": 0.730423271656, "dmean": 0.511502146721, "max": 31.3100585938, "var": 2.10574483871, "mean": 1.19652664661}, "spectral_energy": {"dmean2": 0.00889395922422, "median": 0.00771038187668, "min": 1.09015352697e-20, "dvar2": 0.000304728135234, "dvar": 0.000137529845233, "dmean": 0.00594637682661, "max": 0.268926084042, "var": 0.000436344271293, "mean": 0.0146162277088}, "average_loudness": 0.169442474842, "spectral_rolloff": {"dmean2": 558.238952637, "median": 624.462890625, "min": 21.533203125, "dvar2": 1442572.375, "dvar": 726686.8125, "dmean": 329.677490234, "max": 19078.4179688, "var": 2457195.5, "mean": 1192.77258301}, "spectral_centroid": {"dmean2": 296.193359375, "median": 673.581970215, "min": 139.560348511, "dvar2": 299677.4375, "dvar": 164347.234375, "dmean": 199.040390015, "max": 10930.8876953, "var": 733520, "mean": 979.735656738}, "pitch_salience": {"dmean2": 0.144765526056, "median": 0.548079907894, "min": 0.0556087419391, "dvar2": 0.0179938040674, "dvar": 0.00753526343033, "dmean": 0.0900218784809, "max": 0.975204706192, "var": 0.0357894301414, "mean": 0.518837928772}, "spectral_energyband_middle_high": {"dmean2": 0.00218773703091, "median": 0.000277097686194, "min": 1.52470470306e-21, "dvar2": 4.33748245996e-05, "dvar": 1.78636855708e-05, "dmean": 0.00144646503031, "max": 0.130889564753, "var": 0.000100267548987, "mean": 0.00362293072976}, "spectral_contrast_coeffs": {"dmean2": [0.0846957489848, 0.0895122736692, 0.0665210559964, 0.0532367676497, 0.0378763005137, 0.0305949896574], "median": [-0.700818657875, -0.637653470039, -0.781002998352, -0.7928160429, -0.82222288847, -0.780237197876], "min": [-0.978887736797, -0.981740772724, -0.968815028667, -0.965089440346, -0.964052915573, -0.961669743061], "dvar2": [0.00497944746166, 0.00632459390908, 0.00331588624977, 0.00214628200047, 0.00116401806008, 0.000753713189624], "dvar": [0.00237292121165, 0.00311416364275, 0.00162664451636, 0.00109389435966, 0.000597759324592, 0.000358235905878], "dmean": [0.0539428815246, 0.0588957890868, 0.0434488430619, 0.0347779504955, 0.0254676379263, 0.020420845598], "max": [-0.231161668897, -0.287906825542, -0.391611933708, -0.467608243227, -0.490588068962, -0.57915353775], "var": [0.0199839416891, 0.020011773333, 0.0115316808224, 0.00724434899166, 0.00437549035996, 0.00247224676423], "mean": [-0.666961491108, -0.636214315891, -0.756889045238, -0.774303793907, -0.804937660694, -0.775377810001]}, "melbands_skewness": {"dmean2": 1.63366925716, "median": 2.27131700516, "min": -4.4662270546, "dvar2": 4.01913452148, "dvar": 1.77046239376, "dmean": 1.06860041618, "max": 17.8812084198, "var": 6.49599838257, "mean": 2.78718876839}, "spectral_spread": {"dmean2": 857571.375, "median": 3883231.5, "min": 1115648, "dvar2": 1041322344450.0, "dvar": 540236513280, "dmean": 545684.8125, "max": 41164640, "var": 1906010882050.0, "mean": 4079077.75}, "dissonance": {"dmean2": 0.064908862114, "median": 0.425844669342, "min": 0.0820865407586, "dvar2": 0.00476677203551, "dvar": 0.00185365998186, "dmean": 0.0390067845583, "max": 0.5, "var": 0.00532885594293, "mean": 0.40892791748}, "spectral_skewness": {"dmean2": 0.577429711819, "median": 1.96554899216, "min": -1.00968694687, "dvar2": 0.374539524317, "dvar": 0.155010864139, "dmean": 0.365397244692, "max": 7.99020433426, "var": 1.00394904613, "mean": 2.10219669342}, "spectral_flux": {"dmean2": 0.0399879515171, "median": 0.0392745733261, "min": 1.04410417812e-10, "dvar2": 0.00246398919262, "dvar": 0.00100704713259, "dmean": 0.0246633142233, "max": 0.424927592278, "var": 0.00225129816681, "mean": 0.0543442927301}, "spectral_contrast_valleys": {"dmean2": [0.72983199358, 0.731970012188, 0.626197338104, 0.536637127399, 0.472029328346, 0.439162403345], "median": [-9.10455036163, -8.21153354645, -8.85787391663, -9.17097473145, -9.32864284515, -11.488117218], "min": [-27.1687850952, -27.0573787689, -27.3086833954, -27.12266922, -27.2017879486, -27.2016391754], "dvar2": [0.374946773052, 0.440160959959, 0.383813291788, 0.315977364779, 0.322626620531, 0.270165920258], "dvar": [0.172895222902, 0.193359449506, 0.175954297185, 0.151783376932, 0.159443542361, 0.154297634959], "dmean": [0.446593880653, 0.4469845891, 0.386288762093, 0.336066693068, 0.311518788338, 0.317166477442], "max": [-5.19429445267, -5.29982852936, -4.933781147, -4.99912023544, -5.34810018539, -7.4912519455], "var": [0.99243837595, 1.00887811184, 1.28910386562, 1.35394072533, 1.28167819977, 1.29550933838], "mean": [-9.09289836884, -8.17793750763, -8.74604701996, -9.05125427246, -9.24171257019, -11.4352426529]}, "erbbands_flatness_db": {"dmean2": 0.0388205684721, "median": 0.23977342248, "min": 0.038333311677, "dvar2": 0.00176167476457, "dvar": 0.000875874538906, "dmean": 0.0258126482368, "max": 0.486193805933, "var": 0.00548547459766, "mean": 0.241304010153}, "spectral_energyband_high": {"dmean2": 0.00032385866507, "median": 2.47080588451e-05, "min": 7.95882570022e-21, "dvar2": 4.10764232583e-06, "dvar": 2.04097796086e-06, "dmean": 0.000219512934564, "max": 0.0473176725209, "var": 3.80580036108e-06, "mean": 0.000352356990334}, "spectral_entropy": {"dmean2": 0.420107752085, "median": 6.81678342819, "min": 3.58684802055, "dvar2": 0.223700016737, "dvar": 0.113207042217, "dmean": 0.284412622452, "max": 9.81350421906, "var": 0.881168723106, "mean": 6.76644515991}, "silence_rate_20dB": {"dmean2": 0, "median": 1, "min": 1, "dvar2": 0, "dvar": 0, "dmean": 0, "max": 1, "var": 0, "mean": 1}, "melbands_flatness_db": {"dmean2": 0.0487872101367, "median": 0.272326648235, "min": 0.00715543329716, "dvar2": 0.00301453098655, "dvar": 0.00140985497274, "dmean": 0.0324621275067, "max": 0.609949231148, "var": 0.0121363699436, "mean": 0.27722465992}, "barkbands": {"dmean2": [0.000246596348006, 0.000496395514347, 0.000548296899069, 0.000424005615059, 0.00168464588933, 0.00257808179595, 0.0015419482952, 0.000930737936869, 0.000794933293946, 0.000710483756848, 0.000498295528814, 0.000550266820937, 0.000424761208706, 0.000416672235588, 0.000338333979016, 0.00021669587295, 0.000169445629581, 0.000126110753627, 0.000102725345641, 5.74380537728e-05, 6.02554209763e-05, 9.03437467059e-05, 0.000122818426462, 6.15764656686e-05, 1.58666607604e-05, 2.89714671453e-06, 7.05188710981e-07], "median": [6.98330259183e-05, 3.39680482284e-05, 1.29515456138e-05, 5.3311468946e-06, 8.46621987876e-05, 0.000310772476951, 3.5706358176e-05, 3.19254286296e-05, 2.57970586972e-05, 1.52314178195e-05, 9.60199577094e-06, 1.27892308228e-05, 8.37316656543e-06, 1.21428338389e-05, 1.38609875648e-05, 5.14842940902e-06, 5.55380120204e-06, 3.95007509724e-06, 2.1499668037e-06, 2.2558931505e-06, 4.29930150858e-06, 5.53798463443e-06, 3.55130077878e-06, 2.97975270769e-06, 6.83539610691e-07, 1.03253967154e-07, 7.17901471603e-08], "min": [1.45726590566e-23, 5.40985788889e-23, 7.43370515369e-23, 3.78102491265e-24, 6.73238130323e-23, 4.03090220529e-23, 5.05045254493e-23, 2.91923783993e-23, 2.30891477468e-23, 3.20715913302e-23, 4.53757588957e-23, 7.61428172579e-23, 6.15944740498e-23, 6.18802688895e-23, 7.76089310274e-23, 1.96363016714e-22, 1.91796799494e-22, 3.36274541205e-22, 2.53577053442e-22, 4.01769105705e-22, 5.22234451576e-22, 4.61299503108e-22, 6.60987183573e-22, 9.59110467649e-22, 1.26759370422e-21, 1.41024015267e-21, 2.70944625229e-21], "dvar2": [1.29056317633e-07, 2.74552385235e-05, 2.18460627366e-05, 8.25753704703e-06, 3.33028729074e-05, 4.66202145617e-05, 4.55103945569e-05, 2.07347911783e-05, 1.28294668684e-05, 1.18469451991e-05, 6.44318106424e-06, 5.86476335229e-06, 3.11802182296e-06, 2.71222415904e-06, 1.83775557616e-06, 1.06986874471e-06, 5.87100089433e-07, 2.61618822606e-07, 3.6304970763e-07, 5.01162240596e-08, 1.45148433717e-07, 7.09937012289e-07, 1.44799673762e-06, 1.56107176963e-07, 1.18050946796e-08, 4.2192369043e-10, 2.22315985066e-11], "dvar": [4.8473989267e-08, 1.0642585039e-05, 8.29774580779e-06, 4.42803366241e-06, 1.54264580488e-05, 2.25268904614e-05, 2.13123148569e-05, 8.7956805146e-06, 5.73222587263e-06, 5.21291440236e-06, 2.81696952698e-06, 2.28067551689e-06, 1.45141882513e-06, 1.10049995783e-06, 7.58689282065e-07, 3.94522828628e-07, 2.26105385082e-07, 9.69722222521e-08, 1.44753997233e-07, 2.2041691139e-08, 5.70545459766e-08, 2.84905553372e-07, 7.01098485933e-07, 7.522358203e-08, 5.15742692997e-09, 1.92529076015e-10, 7.9716077489e-12], "dmean": [0.000144189849379, 0.000289310584776, 0.000339511752827, 0.000264426198555, 0.00113684101962, 0.00172865961213, 0.00100836437196, 0.000613711890765, 0.000521188718267, 0.000468310783617, 0.000324339693179, 0.000347673980286, 0.000275953352684, 0.000266930379439, 0.000218904184294, 0.000131579145091, 0.000104121289041, 7.75652515586e-05, 6.39094505459e-05, 3.76513999072e-05, 3.9356367779e-05, 5.86442984059e-05, 8.2830687461e-05, 3.95445676986e-05, 9.9877215689e-06, 1.80354004442e-06, 4.1143076146e-07], "max": [0.00392047688365, 0.146932691336, 0.120234370232, 0.127905875444, 0.0991066470742, 0.138173833489, 0.148065671325, 0.101731903851, 0.0757009610534, 0.0903070420027, 0.0558454692364, 0.059834767133, 0.0335286147892, 0.023251587525, 0.0246761590242, 0.0182423628867, 0.0134736709297, 0.00865009427071, 0.0158913731575, 0.0053347190842, 0.0114185549319, 0.0229118727148, 0.0412690192461, 0.0110617317259, 0.00312018534169, 0.000749892671593, 6.79780278006e-05], "var": [5.96270410824e-08, 9.65119033935e-06, 9.42020415096e-06, 2.2878359232e-05, 4.37206144852e-05, 6.72016540193e-05, 5.29634962732e-05, 1.85012813745e-05, 9.91082924884e-06, 1.34912534122e-05, 4.55664485344e-06, 6.38502024231e-06, 3.29499903273e-06, 2.37459630625e-06, 1.46314914673e-06, 8.48596357628e-07, 6.25892084827e-07, 2.53768746461e-07, 3.59929686056e-07, 5.83749191208e-08, 6.94980712979e-08, 3.31635021666e-07, 1.138933726e-06, 1.32399335939e-07, 8.08667710572e-09, 4.58913324008e-10, 9.37074202956e-12], "mean": [0.000153685759869, 0.000273622135865, 0.000473357766168, 0.000531432975549, 0.00223520165309, 0.00352958380245, 0.001602647244, 0.000993305933662, 0.000753758649807, 0.000757299887482, 0.000458226801129, 0.000613774405792, 0.000425901031122, 0.000433674169471, 0.000339517311659, 0.000221294045332, 0.000187504963833, 0.000133281428134, 0.00011345843086, 6.36512340861e-05, 6.22277657385e-05, 7.90513659013e-05, 0.000104968821688, 5.73229372094e-05, 1.44549248944e-05, 3.48435219166e-06, 5.40914072644e-07]}, "erbbands_skewness": {"dmean2": 1.04899871349, "median": 1.15451407433, "min": -10.6017169952, "dvar2": 1.51762270927, "dvar": 0.720088899136, "dmean": 0.690580010414, "max": 12.8884506226, "var": 4.48295640945, "mean": 1.65100729465}, "erbbands_spread": {"dmean2": 10.8301467896, "median": 17.5318965912, "min": 0.406703293324, "dvar2": 259.547302246, "dvar": 105.276939392, "dmean": 6.91840648651, "max": 180.158218384, "var": 339.155426025, "mean": 22.8956947327}, "melbands_kurtosis": {"dmean2": 25.1721725464, "median": 11.364405632, "min": -1.91501939297, "dvar2": 2408.20166016, "dvar": 1075.00378418, "dmean": 16.2207107544, "max": 610.038574219, "var": 2832.56103516, "mean": 31.099729538}, "melbands": {"dmean2": [0.000124442303786, 0.000245778704993, 0.000206320386496, 0.000237543703406, 0.000520935747772, 0.000468501937576, 0.000335330580128, 0.000209119432839, 0.000159303308465, 0.000110132605187, 9.90447952063e-05, 9.10997987376e-05, 6.54699833831e-05, 6.61618323647e-05, 3.7763704313e-05, 4.67721802124e-05, 4.31455518992e-05, 3.1509604014e-05, 2.44128896156e-05, 1.64907451108e-05, 1.21991006381e-05, 1.03391794255e-05, 7.79576112109e-06, 5.79240850129e-06, 4.50348352388e-06, 3.82945245292e-06, 2.5213457775e-06, 1.77868628271e-06, 1.60742229127e-06, 1.54442273015e-06, 1.33556898163e-06, 1.64328241