{"tonal": {"thpcp": [1, 0.526743769646, 0.238655105233, 0.13675364852, 0.0264992993325, 0.0102284904569, 0.0091780917719, 0.022902905941, 0.10882204771, 0.142781957984, 0.0697589442134, 0.0246877949685, 0.0152949653566, 0.0258543696254, 0.243756130338, 0.388724952936, 0.167816117406, 0.00849032681435, 0.00771056627855, 0.0221340171993, 0.158639833331, 0.229883670807, 0.10223633796, 0.064182177186, 0.100414849818, 0.0624622255564, 0.0199454557151, 0.0162243768573, 0.0493442825973, 0.314154773951, 0.441153109074, 0.188408181071, 0.0406771451235, 0.0407593473792, 0.11225092411, 0.686776459217], "hpcp": {"dmean2": [0.108012549579, 0.116358026862, 0.0810335278511, 0.0145451100543, 0.0122677851468, 0.0230349041522, 0.0778288021684, 0.0975536629558, 0.0596932023764, 0.0493588037789, 0.0573809407651, 0.049413561821, 0.029740286991, 0.028150850907, 0.0604696534574, 0.139636307955, 0.168544754386, 0.137280002236, 0.0747298374772, 0.0771257132292, 0.119581155479, 0.222552165389, 0.183377102017, 0.176758572459, 0.110582649708, 0.060634393245, 0.0236612707376, 0.0122974254191, 0.0107389055192, 0.0230474621058, 0.0594280064106, 0.065786883235, 0.0436247885227, 0.023999594152, 0.0207876916975, 0.0297573320568], "median": [0.00831616763026, 0.0101382154971, 0.0053870761767, 0.000366175954696, 0.00024584896164, 0.00112681789324, 0.00648747663945, 0.00869780033827, 0.00585350487381, 0.00101144227665, 0.00057436194038, 0.000670451670885, 0.000844067428261, 0.000813484890386, 0.00285305758007, 0.0115922540426, 0.0162172075361, 0.00890366360545, 0.000745054450817, 0.000293619523291, 0.010752376169, 0.402192413807, 0.646426916122, 0.268114507198, 0.00952151603997, 0.0039185937494, 0.000768548052292, 0.000880370964296, 0.000840026012156, 0.00142069521826, 0.00355185638182, 0.00564295053482, 0.00416830182076, 0.00138696283102, 0.00113113503903, 0.00207043904811], "min": [0, 0, 0, 0, 0, 0, 0, 0, 0, 0, 0, 0, 0, 0, 0, 0, 0, 0, 0, 0, 0, 0, 0, 0, 0, 0, 0, 0, 0, 0, 0, 0, 0, 0, 0, 0], "dvar2": [0.030713301152, 0.0543155893683, 0.02369598113, 0.00346666900441, 0.00333433109336, 0.00651315366849, 0.0276335757226, 0.0436525903642, 0.0151893356815, 0.0191772840917, 0.031379558146, 0.0266678687185, 0.0140130175278, 0.0156373642385, 0.0260698515922, 0.0543388798833, 0.0928517505527, 0.0575377866626, 0.054122723639, 0.0585170090199, 0.0547884069383, 0.0842255651951, 0.0872844159603, 0.0560994781554, 0.051171310246, 0.0200915876776, 0.0103495568037, 0.00277677364647, 0.00303294090554, 0.00559799466282, 0.0249411407858, 0.0274345912039, 0.0144038107246, 0.00602547731251, 0.00591437984258, 0.00786267779768], "dvar": [0.0160137806088, 0.0310720764101, 0.00970843341202, 0.00121377408504, 0.00118487281725, 0.00233032181859, 0.0122309848666, 0.0198701694608, 0.0059944614768, 0.00869403406978, 0.0140651287511, 0.0103011187166, 0.00476432498544, 0.00533971050754, 0.00886332429945, 0.027613338083, 0.0485301725566, 0.0217756610364, 0.018432347104, 0.0202870611101, 0.0203482657671, 0.0372609496117, 0.0415011420846, 0.023021729663, 0.0203052852303, 0.00849908031523, 0.00391409220174, 0.000963034515735, 0.00110767176375, 0.00198062835261, 0.01037953794, 0.0121264224872, 0.00562763027847, 0.00213428493589, 0.00201970804483, 0.00287748384289], "dmean": [0.0699440091848, 0.0714149922132, 0.050512060523, 0.00767703121528, 0.00656193913892, 0.0129994777963, 0.0494980402291, 0.0621976032853, 0.0366909913719, 0.0302851963788, 0.0345234572887, 0.0286339074373, 0.0157394241542, 0.0147152254358, 0.0337876342237, 0.0925120636821, 0.0978828072548, 0.0802565813065, 0.0386234074831, 0.0398266017437, 0.0682813301682, 0.137204900384, 0.110891617835, 0.109933175147, 0.0643312186003, 0.0367037653923, 0.0135805699974, 0.00671450840309, 0.0058463094756, 0.0130256032571, 0.0362532623112, 0.0405323281884, 0.0257459320128, 0.0133774522692, 0.0113294580951, 0.0167617779225], "max": [1, 1, 1, 0.939462959766, 1, 1, 1, 1, 1, 1, 1, 1, 1, 1, 1, 1, 1, 1, 1, 1, 1, 1, 1, 1, 1, 1, 1, 0.674536764622, 1, 0.987490952015, 1, 1, 1, 1, 1, 1], "var": [0.0522494651377, 0.130549609661, 0.0258428584784, 0.000721458112821, 0.000813951424789, 0.00182248523924, 0.0337950177491, 0.0682315677404, 0.0145279625431, 0.0154100786895, 0.0349499322474, 0.01735230349, 0.00311358668841, 0.0029117485974, 0.00649794191122, 0.0853534638882, 0.147932335734, 0.032247569412, 0.0102128246799, 0.0116709508002, 0.0174967087805, 0.103361859918, 0.181893378496, 0.059415820986, 0.0733887627721, 0.0289575979114, 0.00506423600018, 0.000889911723789, 0.0013871131232, 0.00195035501383, 0.0293987113982, 0.042275827378, 0.0132505130023, 0.00411291560158, 0.00131679081824, 0.0028782596346], "mean": [0.136642053723, 0.217907041311, 0.0940724611282, 0.00475941132754, 0.00432230206206, 0.0124076372012, 0.0889285206795, 0.128865584731, 0.057310488075, 0.0359785184264, 0.0562894195318, 0.0350143685937, 0.0111807975918, 0.00909487716854, 0.0276608597487, 0.176105335355, 0.247296616435, 0.105615727603, 0.0228023342788, 0.0228484142572, 0.0629243552685, 0.384985387325, 0.5605686903, 0.295276075602, 0.133782580495, 0.0766598135233, 0.0148546779528, 0.00573377124965, 0.00514495093375, 0.0128386523575, 0.0610022321343, 0.0800390988588, 0.039104681462, 0.0138392047957, 0.00857387855649, 0.0144931497052]}, "tuning_equal_tempered_deviation": 0.278360635042, "chords_changes_rate": 0.0208513084799, "key_key": "A", "tuning_diatonic_strength": 0.501144766808, "key_scale": "minor", "chords_number_rate": 0.0012942191679, "tuning_frequency": 434.193115234, "tuning_nontempered_energy_ratio": 0.990577936172, "chords_histogram": [24.7483463287, 9.10267448425, 6.35605430603, 12.1944208145, 0, 0.445786595345, 0, 31.3344841003, 0, 2.86166238785, 0, 0, 0, 0, 0, 0, 0.48892724514, 0, 0.0862812772393, 0, 0.905953407288, 1.07851600647, 9.36151885986, 1.03537535667], "key_strength": 0.717826247215, "chords_key": "A", "chords_strength": {"dmean2": 0.00366290519014, "median": 0.45098400116, "min": 0.182856857777, "dvar2": 1.80737024493e-05, "dvar": 1.7932656192e-05, "dmean": 0.00360694527626, "max": 0.750695884228, "var": 0.00655671907589, "mean": 0.450665384531}, "chords_scale": "major", "hpcp_entropy": {"dmean2": 0.727019906044, "median": 1.10667181015, "min": 0, "dvar2": 0.592928171158, "dvar": 0.227783516049, "dmean": 0.428983479738, "max": 3.51214241982, "var": 0.665796816349, "mean": 1.10073876381}}, "metadata": {"audio_properties": {"equal_loudness": 0, "codec": "flac", "downmix": "mix", "sample_rate": 44100, "analysis_sample_rate": 44100, "bit_rate": 0, "md5_encoded": "e2f174d587b2cd7679b82b44249adfff", "length": 322.866668701, "replay_gain": -10.5573749542, "lossless": true}, "version": {"essentia_build_sha": "70f2e5ece6736b2c40cc944ad0e695b16b925413", "essentia": "2.1-beta2", "extractor": "music 1.0", "essentia_git_sha": "v2.1_beta2"}, "tags": {"title": ["Old Water"], "language": ["eng"], "media": ["CD"], "albumartist": ["Minilogue"], "tracktotal": ["14"], "musicbrainz_releasegroupid": ["0936667b-bd31-3baf-bfbc-0fcf1ebc71e5"], "musicbrainz_recordingid": ["1937cf62-68da-482f-86d8-7d2f20da9934"], "musicbrainz_albumartistid": ["56a70482-5528-4bef-8da2-a33cf098ce9b"], "discnumber": ["2"], "totaldiscs": ["2"], "album": ["Animals"], "catalognumber": ["CORCD016"], "releasecountry": ["DE"], "file_name": "02.01. Minilogue - Old Water.flac", "compilation": ["0"], "originaldate": ["2008-04-23"], "acoustid_fingerprint": ["AQADtEqSMImiiIlwHEcP4D7-4DiOHD_QbD5-XMdh4UeP5yiPH4cv1PiPljQMHAd-eAd-3PBwoBN-9PCO48dh4Uc_PIeOHjp8ofjR8jgMHEV5eAeOG4cHdMKPwjuOH4eFHz2eQ0cPHb5Q_Gh5HAaOorzg_cBxw8OBTvhReD-OH4d1_OjxHPpRHOJR_EHL4zAO4DDw4zAOdMKPwjuOH4eFHz1-aIfg40JRHicNAzh6oTy8Az8OD8fR4UcP7zh-HNaHozz0HD0gHheK8jhpGMDRo4R34Mfh4Tg6XEfh6XhwHNZxlIeeo8ch9seFovxx0jCAo0cJ78CPH8ZxdLiOHp6O5zgO6wfKQ8_R44brQEdRVsFvGDhwwPiBwziODqUuHO7x4DisH0d56Dnq4_ADzcMftDwOAwcO-MCPH8ZxoUZ5eMfx4PjhH9CYG0d9PPChTyiPlrgB40CPwgd-_DCOCzXKw_txPAf-Y_sxaMyNCz0eiB-OPzhxAzCB6zjcAz9-eMCF4xe8Yw9-HId_HBrz40KP6IE_HLeO4wd-GEdx9MeB9ADw44GOHzl-_IeHv0B_4MhReHmQ34ePH3_wH8cPo9SRHyEP68d_HFNRHn6HUjiOHj_8o9Lx-CiHHz4uvJiP8ziAlDgO-HgOeMcjYMcJuD8-_Dh--Dv0o7xwHe1xEdt66GLwHzguHge84wQOHPhx_Njx4z485vhxfIIP_fjwEP-ID9sOlQqJhwVw_Di8B8dxHPhxY8cP4zyOFz-u4zD049KJ4zn8Qy_OBce-GgceGNhx-Nh5rPDm48CPHy5-4cR7HNpRUUOzCJeIH_1xHqKLqwFOGsdxmEfxY2IPH-dxWD9mHMdxuMeJ9_gBMSyOVj1K4dyOQ3RxGT8uEj-OB76OH8cz8TDGZTrgHYd-4IeP44Gu4_iFiyxM4NCJ4DiOS7jgscfhF0VyBvlRPsiRLK8ivMdzBpye4x56wTuY40cOnUd-_DP6FOfhH1Zxo8dR-jD34N2Ewy-O4_CPGP9wiDuOD4fhEzp-5PCPGT5x5JtxHMcPT8ex-3hxPDK8Yz8ebPtx4ycOH2twAof7F-dx3DQg4lJxFT_U78ePw8ZVHCfxH8dzD0aJHl5pDMdLY9NwHA8OHyeeHKdhHTr-4zn0joMt-Hhj_Nim5jguEsfx_DBeXDgNE6-KH2kxHT9aP0f64Tt-lNrR3YF_lA_0E6WmpIH4Bv3RH35RFpMfmOfgsxBfPIPuo-GN40HTqcMvlD_6B9bR40d7mH6Ek5h4_MSPBuWz4qMxkYuDpltw4Q98XDvuo3wT-IT2EvrxHMbn4UfZJ_AbYepxTaFQpw6aD3gEP8L94WmG74GPP8STXPiDKW2L_jgePfDxHEefw1-G4saPhuhx4juaMQt6Hv_wPvBx_GieNOh3HD_6B83x4HyE5lmKHjp-eMeB_2i-oDuO_PDxB8fhEz_eDw_84sevIGQXaJkTIj9-_EGzjmgf4sczNDpKrzjaIwzwoznRHsEPH_mDo_zRfMGPf_gDHw9-9FEcNA9-_ME_eMfxB81n9Mlx_IL54DgOX8KP4xe84w-OwyuhQz_-wMeDow-aE9fxPuiHZgerkCLMAAQOIBAYSZiVwBJAEbOCCGIOgcRISwjkxBBoJbAEACwFEcYaSIwlBBJDoJXAEgCwFEQYayARxhICiTAEWiuBJQBAKwgw1ojjCCGQGAKtBNYArJwwBlNinCWGQE4MgRZKBwBWThiDiXGWGMIAERdKBwBGQDhBjMHEOEKIIYwDIsUVwAGAkTLCiOMIMYwAIq4A5gHAKCLAWCOWcYQQAQkiYhgDAGEUEWENVsYRQgQkAhEnjDAAEEwFIsBYwggwjhCBCCSAQCsMAIEQ7AQizhkBCoFLuRAFhIKoAg1gwigFHxOCKCIMI47IBBQB0DACAXLKEDOMAc4QQJVCwhiLxDKMCCCCAARaiZwgShgFFCCAGAGQEY4SaggCyBJEgAGECWCcMQAqSYxjwiFKBEWeECcooU4gKQQhYglFDEHAGe4UMIAYqJQVhhjBiFMKAECMNUkQqJQxxBh1xAmGGGEIAcASIYQU1hijFBFEEE0BYqRLQoCQgCgqCRPBKUAQUYEKBgQAAxgHJVCEEaWYEBAQRgnBylEHjHAMVOCEd5YKQ61hjDPLKBDMGWAQIwYYQ5QRQRhKBDCEAgAsgUUYYQQ6gBtC4BHbEeMgJgAYCJBywIkhuGHAckeEtEQBQREwihAEhVAIAWIUAgJ6AoD1BhFHhLSEMeCIIM4Iwx1RBBgghALKMIKgQIIoT4VAiFAChFJIETCUMpAjIIQIjDAhiGGEKGKYIcQQR4gixADlnCFGCCGIgwIZAMUwkiiwiDMIAMOIA0R7ZoZxQjqDCCBACAOIc0QRZgQykjhHiCFOIEGcAdSIYaQjUBhAxADOEUXAFUISYgk"], "date": ["2008-04-23"], "genre": ["Electronic"], "disctotal": ["2"], "discsubtitle": ["Ambient"], "musicbrainz_artistid": ["56a70482-5528-4bef-8da2-a33cf098ce9b"], "asin": ["B00168E7BS"], "musicbrainz_albumid": ["ad182844-e533-4b30-bc2e-c11805675924"], "artist": ["Minilogue"], "tracknumber": ["1"], "artistsort": ["Minilogue"], "bpm": ["0"], "label": ["Cocoon Recordings"], "albumartistsort": ["Minilogue"], "acoustid_id": ["6a9ce4bd-290b-4c7c-bb57-78551caa58cf"], "script": ["Latn"], "totaltracks": ["14"]}}, "rhythm": {"bpm_histogram_first_peak_bpm": {"dmean2": 0, "median": 126, "min": 126, "dvar2": 0, "dvar": 0, "dmean": 0, "max": 126, "var": 0, "mean": 126}, "bpm": 125.234344482, "bpm_histogram_second_peak_spread": {"dmean2": 0, "median": 0.15625, "min": 0.15625, "dvar2": 0, "dvar": 0, "dmean": 0, "max": 0.15625, "var": 0, "mean": 0.15625}, "bpm_histogram_first_peak_weight": {"dmean2": 0, "median": 0.506349205971, "min": 0.506349205971, "dvar2": 0, "dvar": 0, "dmean": 0, "max": 0.506349205971, "var": 0, "mean": 0.506349205971}, "onset_rate": 2.13698339462, "beats_position": [0.708208620548, 1.42802715302, 2.14784574509, 2.86766433716, 3.47138309479, 4.07510185242, 4.66721057892, 5.25931978226, 5.85142850876, 6.45514726639, 7.04725599289, 7.63936471939, 8.24308395386, 8.84680271149, 9.45052146912, 10.0542402267, 10.6579589844, 11.261677742, 11.8653964996, 12.4807252884, 13.0960540771, 13.6997728348, 14.3034915924, 14.90721035, 15.5109291077, 16.114648819, 16.7183666229, 17.3220863342, 17.9258041382, 18.5295238495, 19.1332416534, 19.7369613647, 20.3406791687, 20.94439888, 21.548116684, 22.1518363953, 22.7439460754, 23.3592739105, 23.974603653, 24.589931488, 25.1936511993, 25.7973690033, 26.4010887146, 27.0048065186, 27.6085262299, 28.2238540649, 28.8391838074, 29.4429016113, 30.0466213226, 30.6619491577, 31.2540588379, 31.8577766418, 32.449886322, 33.0419960022, 33.6341018677, 34.2262115479, 34.8415412903, 35.4568710327, 36.0605888367, 36.6643066406, 37.2680282593, 37.883354187, 38.4986839294, 39.1024017334, 39.7061233521, 40.309841156, 40.91355896, 41.5172767639, 42.1209983826, 42.7247161865, 43.3284339905, 43.9321517944, 44.5358734131, 45.139591217, 45.7317008972, 46.3005905151, 46.8694763184, 47.4383659363, 47.9956436157, 48.5529251099, 49.1566429138, 49.7603607178, 50.3640823364, 50.9678001404, 51.5715179443, 52.1752357483, 52.7789573669, 53.3826751709, 53.9863929749, 54.5901107788, 55.240272522, 55.8904304504, 56.5405883789, 57.1907463074, 57.8409042358, 58.491065979, 59.1412239075, 59.7913818359, 60.4299316406, 61.0568695068, 61.6954193115, 62.34557724, 62.9957351685, 63.6458930969, 64.2960510254, 64.9462127686, 65.5499343872, 66.142036438, 66.7341461182, 67.3378677368, 67.9415893555, 68.5453033447, 69.1490249634, 69.7527389526, 70.3564605713, 70.9601821899, 71.5638961792, 72.1676177979, 72.8293838501, 73.4911575317, 74.152923584, 74.8030853271, 75.4532394409, 76.1150131226, 76.7651672363, 77.4153289795, 78.0654830933, 78.7156448364, 79.3658065796, 80.0159606934, 80.6661224365, 81.3046722412, 81.9432220459, 82.5933761597, 83.2435379028, 83.8936920166, 84.5554656982, 85.170791626, 85.7861175537, 86.2737426758, 86.7613601685, 87.2489776611, 87.7482070923, 88.2474365234, 88.7466659546, 89.2458953857, 89.7335128784, 90.2095184326, 90.6971435547, 91.1847610474, 91.6607666016, 92.1367797852, 92.6243972778, 93.1120147705, 93.5880279541, 94.0640335083, 94.5400466919, 95.0160522461, 95.4920654297, 95.9680709839, 96.4440765381, 96.9200897217, 97.4077072144, 97.895324707, 98.3713378906, 98.8473434448, 99.3233566284, 99.7993621826, 100.286979675, 100.762992859, 101.238998413, 101.726615906, 102.202629089, 102.678634644, 103.154647827, 103.630653381, 104.106666565, 104.582672119, 105.070289612, 105.546302795, 106.02230835, 106.509933472, 106.985939026, 107.46194458, 107.937957764, 108.425575256, 108.90158844, 109.389205933, 109.865211487, 110.34122467, 110.817230225, 111.293243408, 111.769248962, 112.245262146, 112.732879639, 113.208885193, 113.684898376, 114.160903931, 114.636917114, 115.124534607, 115.600540161, 116.088157654, 116.564170837, 117.05178833, 117.527801514, 118.003807068, 118.468208313, 118.955825806, 119.43183136, 119.907844543, 120.383850098, 120.859863281, 121.347480774, 121.835098267, 122.299499512, 122.787117004, 123.263130188, 123.739135742, 124.215148926, 124.69115448, 125.178771973, 125.654785156, 126.13079071, 126.618408203, 127.094421387, 127.570426941, 128.046432495, 128.522445679, 128.998458862, 129.474472046, 129.962081909, 130.438095093, 130.914108276, 131.40171814, 131.877731323, 132.353744507, 132.84135437, 133.317367554, 133.793380737, 134.269378662, 134.745391846, 135.233016968, 135.709014893, 136.185028076, 136.66104126, 137.137054443, 137.613052368, 138.089065552, 138.565078735, 139.041091919, 139.528701782, 140.004714966, 140.480728149, 140.968338013, 141.444351196, 141.931976318, 142.407974243, 142.883987427, 143.36000061, 143.836013794, 144.312011719, 144.799636841, 145.287246704, 145.774871826, 146.25088501, 146.726898193, 147.202896118, 147.678909302, 148.154922485, 148.63092041, 149.106933594, 149.582946777, 150.058959961, 150.546569824, 151.022583008, 151.498596191, 151.974594116, 152.462219238, 152.938232422, 153.414230347, 153.89024353, 154.366256714, 154.853881836, 155.329879761, 155.805892944, 156.293518066, 156.769515991, 157.245529175, 157.733154297, 158.22076416, 158.696777344, 159.172790527, 159.648788452, 160.124801636, 160.589202881, 161.076828003, 161.552825928, 162.028839111, 162.516464233, 162.992462158, 163.468475342, 163.944488525, 164.420501709, 164.908111572, 165.384124756, 165.860137939, 166.347747803, 166.823760986, 167.29977417, 167.787384033, 168.263397217, 168.7394104, 169.215423584, 169.691421509, 170.167434692, 170.643447876, 171.131057739, 171.607070923, 172.083084106, 172.57069397, 173.046707153, 173.522720337, 173.998733521, 174.474731445, 174.950744629, 175.426757812, 175.914367676, 176.401992798, 176.866394043, 177.342407227, 177.818405151, 178.306030273, 178.782043457, 179.258041382, 179.745666504, 180.221679688, 180.697677612, 181.185302734, 181.661315918, 182.137313843, 182.613327026, 183.08934021, 183.576965332, 184.052963257, 184.52897644, 185.016601562, 185.492599487, 185.968612671, 186.444625854, 186.920639038, 187.408248901, 187.895874023, 188.371871948, 188.847885132, 189.323898315, 189.799911499, 190.275909424, 190.751922607, 191.227935791, 191.703948975, 192.179946899, 192.667572021, 193.143585205, 193.631195068, 194.107208252, 194.583221436, 195.05921936, 195.535232544, 196.022857666, 196.510467529, 196.986480713, 197.462493896, 197.926895142, 198.414505005, 198.890518188, 199.366531372, 199.854141235, 200.341766357, 200.806167603, 201.293777466, 201.769790649, 202.245803833, 202.721817017, 203.20942688, 203.685440063, 204.161453247, 204.637451172, 205.125076294, 205.601089478, 206.077087402, 206.553100586, 207.02911377, 207.505126953, 207.981124878, 208.457138062, 208.944763184, 209.420761108, 209.90838623, 210.384399414, 210.860397339, 211.348022461, 211.824035645, 212.300048828, 212.776046753, 213.252059937, 213.739685059, 214.215682983, 214.691696167, 215.167709351, 215.655319214, 216.131332397, 216.607345581, 217.083358765, 217.570968628, 218.046981812, 218.522994995, 218.99899292, 219.475006104, 219.951019287, 220.43862915, 220.914642334, 221.402267456, 221.878265381, 222.354278564, 222.841903687, 223.31791687, 223.793914795, 224.269927979, 224.745941162, 225.233551025, 225.709564209, 226.185577393, 226.661590576, 227.137588501, 227.613601685, 228.089614868, 228.577224731, 229.053237915, 229.529251099, 230.016860962, 230.516098022, 231.015319824, 231.526168823, 232.037002563, 232.547836304, 233.058685303, 233.581130981, 234.080352783, 234.567977905, 235.055603027, 235.531600952, 236.007614136, 236.495239258, 236.971237183, 237.447250366, 237.934875488, 238.410873413, 238.886886597, 239.36289978, 239.838912964, 240.326522827, 240.802536011, 241.278549194, 241.754547119, 242.230560303, 242.706573486, 243.18258667, 243.670196533, 244.146209717, 244.6222229, 245.109832764, 245.585845947, 246.061859131, 246.549468994, 247.025482178, 247.501495361, 247.977508545, 248.45350647, 248.941131592, 249.417144775, 249.8931427, 250.380767822, 250.856781006, 251.332778931, 251.808792114, 252.284805298, 252.772415161, 253.248428345, 253.724441528, 254.212051392, 254.688064575, 255.164077759, 255.640090942, 256.116088867, 256.603729248, 257.079711914, 257.555725098, 258.031738281, 258.507751465, 258.995361328, 259.483001709, 259.970611572, 260.469848633, 260.969055176, 261.468292236, 261.979125977, 262.489959717, 262.989196777, 263.488433838, 263.987670898, 264.475280762, 264.962890625, 265.438903809, 265.914916992, 266.390930176, 266.866943359, 267.354553223, 267.830566406, 268.30657959, 268.782592773, 269.270202637, 269.74621582, 270.222229004, 270.69821167, 271.185852051, 271.661865234, 272.137878418, 272.613861084, 273.089874268, 273.565887451, 274.053497314, 274.529510498, 275.017150879, 275.481536865, 275.969146729, 276.456787109, 276.932769775, 277.408782959, 277.884796143, 278.360809326, 278.848419189, 279.324432373, 279.800445557, 280.27645874, 280.764068604, 281.240081787, 281.716094971, 282.192108154, 282.668121338, 283.144134521, 283.631744385, 284.107757568, 284.583770752, 285.071380615, 285.547393799, 286.023406982, 286.499420166, 286.975402832, 287.463043213, 287.939056396, 288.42666626, 288.902679443, 289.36706543, 289.843078613, 290.330688477, 290.80670166, 291.294311523, 291.758728027, 292.234741211, 292.710754395, 293.198364258, 293.674377441, 294.150390625, 294.638000488, 295.114013672, 295.590026855, 296.077636719, 296.553649902, 297.029663086, 297.50567627, 297.981658936, 298.469299316, 298.95690918, 299.432922363, 299.920532227, 300.39654541, 300.872558594, 301.348571777, 301.824584961, 302.300598145, 302.776580811, 303.252593994, 303.728607178, 304.204620361, 304.692230225, 305.168243408, 305.644256592, 306.131866455, 306.607879639, 307.083892822, 307.571502686, 308.047515869, 308.523529053, 308.999542236, 309.47555542, 309.951568604, 310.427581787, 310.91519165, 311.402801514, 311.902038574, 312.412872314, 312.912109375, 313.422943115, 313.922180176, 314.421386719, 314.920623779, 315.43145752, 315.93069458, 316.418304443, 316.905944824, 317.393554688, 317.881164551, 318.368804932, 318.856414795, 319.344024658, 319.831634521, 320.307647705, 320.795288086, 321.27130127, 321.758911133, 322.246520996], "beats_loudness": {"dmean2": 0.0249779503793, "median": 0.0273833610117, "min": 8.18027899641e-07, "dvar2": 0.000634869677015, "dvar": 0.000210498503293, "dmean": 0.0138541115448, "max": 0.125237330794, "var": 0.00064815004589, "mean": 0.0292930006981}, "danceability": 1.05635082722, "bpm_histogram_second_peak_weight": {"dmean2": 0, "median": 0.128571435809, "min": 0.128571435809, "dvar2": 0, "dvar": 0, "dmean": 0, "max": 0.128571435809, "var": 0, "mean": 0.128571435809}, "beats_count": 631, "bpm_histogram_second_peak_bpm": {"dmean2": 0, "median": 99, "min": 99, "dvar2": 0, "dvar": 0, "dmean": 0, "max": 99, "var": 0, "mean": 99}, "bpm_histogram_first_peak_spread": {"dmean2": 0, "median": 0.311015188694, "min": 0.311015188694, "dvar2": 0, "dvar": 0, "dmean": 0, "max": 0.311015188694, "var": 0, "mean": 0.311015188694}, "beats_loudness_band_ratio": {"dmean2": [0.615098297596, 0.395778745413, 0.696071922779, 0.0344974175096, 0.000972567300778, 0.000509657606017], "median": [0.186425790191, 0.208423778415, 0.218563005328, 0.00892496388406, 0.00028755859239, 5.99965060246e-05], "min": [0.000832077930681, 0.00294110854156, 0.000686151091941, 5.83633081988e-05, 6.89441276336e-06, 1.52258780872e-06], "dvar2": [0.290305584669, 0.159530252218, 0.293059945107, 0.00500437011942, 7.11047186996e-06, 7.9593510236e-06], "dvar": [0.0791740566492, 0.0470514148474, 0.0816166624427, 0.00198580999859, 3.0398311992e-06, 3.38766631103e-06], "dmean": [0.322295993567, 0.215273290873, 0.35670042038, 0.0202990639955, 0.000591750838794, 0.000326163659338], "max": [0.974007606506, 0.957829654217, 0.98064160347, 0.521573007107, 0.0249537564814, 0.0454884022474], "var": [0.082544259727, 0.093876503408, 0.0961917117238, 0.00340047269128, 5.12054475621e-06, 7.90048397903e-06], "mean": [0.305729657412, 0.338629990816, 0.349148094654, 0.0267690308392, 0.000830755452625, 0.000492031686008]}}, "lowlevel": {"barkbands_spread": {"dmean2": 1.30067420006, "median": 2.90488147736, "min": 0.310396522284, "dvar2": 3.37729787827, "dvar": 1.85569155216, "dmean": 0.86093878746, "max": 114.673866272, "var": 15.6103162766, "mean": 3.99859452248}, "melbands_spread": {"dmean2": 1.72877776623, "median": 3.94787549973, "min": 0.38340306282, "dvar2": 5.69018697739, "dvar": 3.07266831398, "dmean": 1.13806819916, "max": 131.513092041, "var": 23.1182041168, "mean": 5.25719213486}, "hfc": {"dmean2": 1.79520237446, "median": 6.1858215332, "min": 1.1168493369e-16, "dvar2": 7.94192075729, "dvar": 4.73566389084, "dmean": 1.4019459486, "max": 75.7960891724, "var": 94.7785110474, "mean": 8.83472919464}, "barkbands_kurtosis": {"dmean2": 6.84460926056, "median": 5.32255029678, "min": -1.92634117603, "dvar2": 138.647354126, "dvar": 58.1232910156, "dmean": 4.3861618042, "max": 186.326202393, "var": 220.356277466, "mean": 10.020614624}, "gfcc": {"mean": [-184.541641235, 182.943191528, -53.1163330078, -24.2388973236, -61.469078064, -4.75555276871, -28.4678401947, 0.102156534791, -10.9774780273, 2.68792724609, -4.61758565903, -2.08461689949, -3.98057222366], "icov": [[0.00077133148443, -0.00193083216436, 0.00117529276758, -0.00107011757791, 0.00100987078622, -0.000412263441831, 0.00052006385522, -0.000536687730346, 0.00117518776096, -0.00178583920933, 0.00120296503883, -0.000238877692027, 0.000587028625887], [-0.00193083216436, 0.00828662514687, -0.00396827468649, 0.00505458330736, -0.00477131456137, 0.00167407072149, -0.00214008288458, 0.00216363742948, -0.00500961579382, 0.00856795348227, -0.00834127608687, 0.00559742003679, -0.00376889179461], [0.00117529276758, -0.00396827468649, 0.00420550908893, -0.00255005829968, 0.00285676214844, -0.0020540272817, 0.00159825582523, -0.00116310070734, 0.00351664051414, -0.00389327737503, 0.00427175266668, -0.00190582475625, 0.0017093262868], [-0.00107011757791, 0.00505458330736, -0.00255005829968, 0.00508152786642, -0.00267884461209, 0.00125975778792, -0.00235061929561, 0.000699434196576, -0.00103593769018, 0.00424524769187, -0.00454269675538, 0.00393791217357, -0.00299208052456], [0.00100987078622, -0.00477131456137, 0.00285676214844, -0.00267884461209, 0.00798430945724, -0.00489894347265, 0.00110993068665, -0.000750736217014, 0.000921382510569, -0.000408102758229, 0.00336557556875, -0.00365900946781, 0.0040733050555], [-0.000412263441831, 0.00167407072149, -0.0020540272817, 0.00125975778792, -0.00489894347265, 0.0131310196593, -0.00599892064929, -8.13337101135e-05, 0.000956975098234, -0.00482575781643, 0.00234149745665, 0.0006795086083, -0.000809760356788], [0.00052006385522, -0.00214008288458, 0.00159825582523, -0.00235061929561, 0.00110993068665, -0.00599892064929, 0.0132137453184, -0.00494198547676, -0.000615560915321, 0.00377979013138, -0.00432535354048, 0.00181540392805, 0.00191389233805], [-0.000536687730346, 0.00216363742948, -0.00116310070734, 0.000699434196576, -0.000750736217014, -8.13337101135e-05, -0.00494198547676, 0.0113462517038, -0.00597943691537, -0.00119209045079, 0.00378631683998, -0.00236384035088, -0.0033824602142], [0.00117518776096, -0.00500961579382, 0.00351664051414, -0.00103593769018, 0.000921382510569, 0.000956975098234, -0.000615560915321, -0.00597943691537, 0.0174337774515, -0.0110244955868, 0.00417944043875, 0.00175992818549, -0.00182134879287], [-0.00178583920933, 0.00856795348227, -0.00389327737503, 0.00424524769187, -0.000408102758229, -0.00482575781643, 0.00377979013138, -0.00119209045079, -0.0110244955868, 0.0264363344759, -0.0221776273102, 0.00802979432046, 1.7867183999e-07], [0.00120296503883, -0.00834127608687, 0.00427175266668, -0.00454269675538, 0.00336557556875, 0.00234149745665, -0.00432535354048, 0.00378631683998, 0.00417944043875, -0.0221776273102, 0.0335382707417, -0.0199883319438, 0.0071451338008], [-0.000238877692027, 0.00559742003679, -0.00190582475625, 0.00393791217357, -0.00365900946781, 0.0006795086083, 0.00181540392805, -0.00236384035088, 0.00175992818549, 0.00802979432046, -0.0199883319438, 0.0245105959475, -0.0124633088708], [0.000587028625887, -0.00376889179461, 0.0017093262868, -0.00299208052456, 0.0040733050555, -0.000809760356788, 0.00191389233805, -0.0033824602142, -0.00182134879287, 1.7867183999e-07, 0.0071451338008, -0.0124633088708, 0.0187327228487]], "cov": [[5126.91845703, 1891.45031738, -729.092651367, -560.457336426, 426.724822998, 65.0015487671, 174.337219238, -54.6910820007, 256.750152588, -31.2444229126, 63.7031745911, -333.292785645, -141.854003906], [1891.45031738, 1624.52685547, -149.913757324, -666.84588623, 496.796875, 59.3145980835, 134.720550537, -98.2742538452, 153.932723999, -218.995666504, -32.0561256409, -206.182418823, -72.2139587402], [-729.092651367, -149.913757324, 660.272705078, 193.699356079, -102.828544617, 28.1080875397, -47.9858283997, -26.1755828857, -131.673309326, -51.5476341248, -91.0899505615, -16.7468891144, -2.07331156731], [-560.457336426, -666.84588623, 193.699356079, 719.167114258, -122.798477173, 10.2237691879, 23.36510849, 44.8199272156, -118.31690979, -6.0671081543, -49.6711196899, 16.4951438904, 31.8586044312], [426.724822998, 496.796875, -102.828544617, -122.798477173, 417.610351562, 113.049560547, 104.127479553, -10.4571466446, 40.3409042358, -113.447105408, -44.2654266357, -74.8958435059, -51.1204299927], [65.0015487671, 59.3145980835, 28.1080875397, 10.2237691879, 113.049560547, 165.729232788, 89.2112579346, 50.0297203064, 31.2426166534, 25.8684310913, -6.1152472496, -28.99168396, -22.452878952], [174.337219238, 134.720550537, -47.9858283997, 23.36510849, 104.127479553, 89.2112579346, 173.228225708, 75.8780822754, 53.510925293, -13.3243989944, 0.525883078575, -33.1784744263, -10.1029348373], [-54.6910820007, -98.2742538452, -26.1755828857, 44.8199272156, -10.4571466446, 50.0297203064, 75.8780822754, 206.80368042, 92.9314117432, 56.392036438, 1.169500947, 25.9906082153, 51.3956680298], [256.750152588, 153.932723999, -131.673309326, -118.31690979, 40.3409042358, 31.2426166534, 53.510925293, 92.9314117432, 180.043655396, 86.1798553467, 44.6413955688, -12.2451410294, 12.2629842758], [-31.2444229126, -218.995666504, -51.5476341248, -6.0671081543, -113.447105408, 25.8684310913, -13.3243989944, 56.392036438, 86.1798553467, 245.711074829, 144.949356079, 63.6083679199, -6.60694789886], [63.7031745911, -32.0561256409, -91.0899505615, -49.6711196899, -44.2654266357, -6.1152472496, 0.525883078575, 1.169500947, 44.6413955688, 144.949356079, 177.239685059, 98.0662612915, 3.43171048164], [-333.292785645, -206.182418823, -16.7468891144, 16.4951438904, -74.8958435059, -28.99168396, -33.1784744263, 25.9906082153, -12.2451410294, 63.6083679199, 98.0662612915, 171.902557373, 72.0144882202], [-141.854003906, -72.2139587402, -2.07331156731, 31.8586044312, -51.1204299927, -22.452878952, -10.1029348373, 51.3956680298, 12.2629842758, -6.60694789886, 3.43171048164, 72.0144882202, 116.830627441]]}, "spectral_energyband_middle_low": {"dmean2": 0.00543464720249, "median": 0.012995518744, "min": 3.40209000747e-22, "dvar2": 7.60145921959e-05, "dvar": 4.42766831839e-05, "dmean": 0.00415649265051, "max": 0.130378976464, "var": 0.000433351524407, "mean": 0.020265262574}, "melbands_crest": {"dmean2": 3.65157866478, "median": 19.2233753204, "min": 2.20278763771, "dvar2": 19.8413848877, "dvar": 8.81765651703, "dmean": 2.34137892723, "max": 36.7812194824, "var": 34.3213844299, "mean": 19.4719390869}, "spectral_kurtosis": {"dmean2": 24.5240287781, "median": 55.9855003357, "min": -1.20301127434, "dvar2": 841.861938477, "dvar": 297.977172852, "dmean": 14.3769083023, "max": 374.365783691, "var": 2666.99438477, "mean": 65.7563552856}, "spectral_rms": {"dmean2": 0.000623102823738, "median": 0.0046014059335, "min": 3.21183552844e-12, "dvar2": 8.54432187225e-07, "dvar": 4.07729487506e-07, "dmean": 0.000447513069957, "max": 0.0117872022092, "var": 6.26100381851e-06, "mean": 0.00435695936903}, "zerocrossingrate": {"dmean2": 0.00210799556226, "median": 0.0166015625, "min": 0.0029296875, "dvar2": 7.66812172515e-06, "dvar": 7.38517928767e-06, "dmean": 0.00167862698436, "max": 0.5185546875, "var": 0.000104230472061, "mean": 0.017899338156}, "silence_rate_60dB": {"dmean2": 0.0280494820327, "median": 0, "min": 0, "dvar2": 0.030576299876, "dvar": 0.0138284582645, "dmean": 0.014023732394, "max": 1, "var": 0.185012817383, "mean": 0.24507406354}, "erbbands_kurtosis": {"dmean2": 4.50315141678, "median": 6.19680261612, "min": -1.88504838943, "dvar2": 52.4343566895, "dvar": 27.8946819305, "dmean": 3.19420337677, "max": 190.837982178, "var": 136.38331604, "mean": 9.49717617035}, "erbbands": {"dmean2": [0.0866377651691, 0.467371046543, 0.747484445572, 4.44954538345, 4.8518652916, 3.99125599861, 15.3712940216, 7.68483448029, 21.4650840759, 21.3374404907, 11.2305984497, 11.3722867966, 9.59341716766, 3.18269371986, 1.72563028336, 1.61537289619, 2.10834097862, 0.919828593731, 0.244146168232, 0.19546982646, 0.112415403128, 0.0643268153071, 0.0720720216632, 0.0879880860448, 0.0289990175515, 0.0407154411077, 0.0798075050116, 0.0231560654938, 0.019738458097, 0.0262117572129, 0.0238330699503, 0.005592323374, 0.00168438022956, 0.00136063608807, 0.00131772493478, 0.000407414452638, 0.00011062395788, 8.54460158735e-05, 7.69133475842e-06, 7.53842778067e-06], "median": [0.011346552521, 0.143267869949, 0.418678581715, 0.799835324287, 0.967499375343, 1.44679570198, 6.68508911133, 12.9364862442, 4.69048690796, 6.56924104691, 6.89166736603, 7.95600032806, 2.58400797844, 1.70883989334, 0.645725905895, 0.447369128466, 0.759966731071, 0.193492025137, 0.0751834660769, 0.0497651547194, 0.0409777164459, 0.0230105146766, 0.0109775941819, 0.00867058057338, 0.00693167094141, 0.00625248067081, 0.00558532401919, 0.00486682634801, 0.00408750586212, 0.00386087456718, 0.00315119093284, 0.00238885032013, 0.00203817337751, 0.00156156718731, 0.000854728685226, 0.000434676039731, 0.000165958277648, 3.92021502194e-05, 1.60391537065e-05, 2.46953895839e-05], "min": [9.6855367542e-22, 1.52974064971e-20, 3.7573079894e-20, 2.10729883291e-20, 4.62124256301e-20, 3.90908315947e-19, 3.73492881179e-19, 3.38367251003e-19, 1.85025891991e-19, 6.16070471749e-19, 1.17485496377e-18, 1.73634557716e-18, 4.01466030525e-18, 6.02764651211e-18, 2.84189190458e-18, 1.53735962939e-18, 3.8158867361e-18, 4.49384065743e-18, 8.33294635333e-18, 5.90269012724e-18, 7.10811851362e-18, 1.21595930548e-17, 2.56583402362e-17, 1.73160450876e-17, 1.5918149557e-17, 2.12015043307e-17, 1.11321181016e-17, 2.0329394576e-17, 1.76689219913e-17, 1.8501274137e-17, 1.70742949361e-17, 1.9534060417e-17, 1.44089965798e-17, 1.28398663906e-17, 7.35066193129e-18, 5.10730426948e-18, 3.16651728161e-18, 1.15954395403e-18, 3.54160610439e-19, 3.28908563483e-20], "dvar2": [0.106568224728, 1.59671986103, 1.67319524288, 135.260742188, 182.765304565, 118.781791687, 1686.04492188, 222.144699097, 2668.83105469, 3003.35058594, 707.549621582, 769.174865723, 2626.33520508, 63.1947097778, 29.9230461121, 35.728477478, 39.1057548523, 38.6897773743, 1.27473378181, 1.16852688789, 0.334064781666, 0.0500615276396, 0.256929129362, 0.927031993866, 0.052070915699, 0.192293584347, 1.09964966774, 0.0862531289458, 0.103812247515, 0.130314573646, 0.14685100317, 0.00621136138216, 0.000177433394128, 5.37380074093e-05, 6.4962230681e-05, 5.89920728089e-06, 3.38393675747e-07, 8.42611484586e-07, 1.91452587117e-09, 1.52372392481e-10], "dvar": [0.0341701470315, 0.688643276691, 0.764214754105, 81.7090988159, 94.7198562622, 83.582572937, 1016.5814209, 106.377906799, 1703.52246094, 2547.67431641, 405.980773926, 408.915405273, 1725.29296875, 37.9732780457, 28.2091159821, 24.4609718323, 24.1190643311, 32.6052932739, 1.15530025959, 0.724469006062, 0.211900442839, 0.0248689837754, 0.142607793212, 0.900255918503, 0.02109448798, 0.0950353071094, 1.3817025423, 0.105061650276, 0.0628597810864, 0.156960353255, 0.0421315729618, 0.00524005526677, 0.000141475858982, 4.14985879615e-05, 3.66555395885e-05, 3.30640023094e-06, 1.35164299309e-07, 3.79438290565e-07, 8.15778611329e-10, 7.26524049255e-11], "dmean": [0.0522262714803, 0.302603632212, 0.453444361687, 3.03221559525, 3.46085929871, 3.29857897758, 11.2933635712, 5.51182794571, 16.1102027893, 18.160654068, 8.16821861267, 7.85923290253, 7.24888706207, 2.28969907761, 1.42698824406, 1.24085426331, 1.56804203987, 0.735618650913, 0.183934137225, 0.126706436276, 0.0777270123363, 0.043654371053, 0.0516657456756, 0.0908072069287, 0.0197535101324, 0.028735589236, 0.0896881893277, 0.0252688862383, 0.0157648175955, 0.0272013824433, 0.0125058041885, 0.00458489870653, 0.00123089377303, 0.00101435394026, 0.000900006794836, 0.000276936712908, 6.81600431562e-05, 5.64831279917e-05, 5.07777349412e-06, 5.42651696378e-06], "max": [5.51589202881, 20.1604747772, 20.0883102417, 172.542098999, 206.725021362, 316.588806152, 621.645690918, 336.625762939, 679.434265137, 2846.00146484, 1272.36633301, 1604.5057373, 3103.18359375, 474.836486816, 559.536315918, 698.237670898, 610.720458984, 1738.10717773, 265.598083496, 94.682144165, 40.9708137512, 17.0328960419, 60.7889328003, 66.3586349487, 8.23484039307, 47.3703727722, 126.633872986, 34.1964187622, 33.9028511047, 28.9010066986, 14.0779027939, 6.5405216217, 1.90468859673, 0.773122549057, 0.739545583725, 0.213834226131, 0.0206378828734, 0.0437889359891, 0.00157575018238, 0.000180509261554], "var": [0.107525676489, 2.53549337387, 3.10625529289, 383.10458374, 394.731628418, 442.757141113, 5257.24023438, 477.360229492, 15107.0615234, 43701.7265625, 8609.11328125, 11665.8574219, 35279.5976562, 477.260681152, 1068.90966797, 1735.45812988, 1363.09777832, 4629.41650391, 119.121574402, 9.55368614197, 2.77668142319, 0.943585634232, 10.189283371, 4.53344869614, 0.199253231287, 5.45261001587, 21.4935913086, 1.58943283558, 1.33426463604, 0.868911027908, 0.100554391742, 0.0307466480881, 0.00215058191679, 0.0004127555585, 0.000336089142365, 3.09267124976e-05, 6.68579957619e-07, 1.90261209809e-06, 3.73274433585e-09, 7.23554938187e-10], "mean": [0.12656340003, 0.694876968861, 1.0515307188, 8.35374736786, 9.27166938782, 8.73008918762, 36.7785491943, 19.3099651337, 70.2189865112, 75.3183898926, 34.5144081116, 31.9772701263, 33.9377098083, 8.27102661133, 7.3145813942, 8.1318063736, 7.59349822998, 6.36879873276, 1.26948189735, 0.467144787312, 0.310758292675, 0.200017973781, 0.372965574265, 0.195784702897, 0.0649243891239, 0.227079078555, 0.380267471075, 0.104475699365, 0.0912029594183, 0.0632624551654, 0.0227297786623, 0.0121654365212, 0.00496429251507, 0.00378689845093, 0.00311777484603, 0.001012645429, 0.000254975631833, 0.000157860995387, 2.38157135755e-05, 2.93249649985e-05]}, "spectral_strongpeak": {"dmean2": 0.454329282045, "median": 0.757886230946, "min": 0, "dvar2": 0.669784784317, "dvar": 0.290269553661, "dmean": 0.278068065643, "max": 10.0534276962, "var": 1.47609758377, "mean": 1.22605085373}, "spectral_energy": {"dmean2": 0.006803533528, "median": 0.021702259779, "min": 1.0573784339e-20, "dvar2": 0.000124212019728, "dvar": 5.87932954659e-05, "dmean": 0.00489948736504, "max": 0.142411589622, "var": 0.000579289393499, "mean": 0.0258751623333}, "average_loudness": 0.331640094519, "spectral_rolloff": {"dmean2": 82.0433425903, "median": 452.197265625, "min": 64.599609375, "dvar2": 39346.921875, "dvar": 26940.6796875, "dmean": 46.9277954102, "max": 20822.6074219, "var": 132404.859375, "mean": 481.937286377}, "spectral_centroid": {"dmean2": 39.1180992126, "median": 388.049194336, "min": 170.436096191, "dvar2": 6361.25732422, "dvar": 6639.05957031, "dmean": 27.9981880188, "max": 11033.8251953, "var": 36793.015625, "mean": 412.872497559}, "pitch_salience": {"dmean2": 0.0878959000111, "median": 0.452145159245, "min": 0.0875872895122, "dvar2": 0.00826739147305, "dvar": 0.00362176331691, "dmean": 0.0562921091914, "max": 0.806715011597, "var": 0.0150808785111, "mean": 0.453010469675}, "spectral_energyband_middle_high": {"dmean2": 0.000244327646215, "median": 0.00015559309395, "min": 1.93048485723e-21, "dvar2": 8.38498351641e-07, "dvar": 5.38749873158e-07, "dmean": 0.000189669546671, "max": 0.0583692602813, "var": 1.08691265268e-05, "mean": 0.00107928505167}, "spectral_contrast_coeffs": {"dmean2": [0.0749986842275, 0.0642824247479, 0.0530046708882, 0.037508495152, 0.021004486829, 0.0155211361125], "median": [-0.689163267612, -0.607024908066, -0.724422812462, -0.796615600586, -0.874005675316, -0.857697486877], "min": [-0.972073376179, -0.942839026451, -0.953562378883, -0.968148648739, -0.958792090416, -0.961214125156], "dvar2": [0.00432884320617, 0.00289461016655, 0.00189143873286, 0.000868022441864, 0.000279476109426, 0.000188651640201], "dvar": [0.00218497845344, 0.00118727807421, 0.0006989625399, 0.00034549087286, 0.000104781749542, 6.41596925561e-05], "dmean": [0.0474628172815, 0.0395297631621, 0.0324453115463, 0.0237011257559, 0.0125177567825, 0.00906696915627], "max": [-0.261799007654, -0.34614649415, -0.367822468281, -0.473833352327, -0.565770328045, -0.551456212997], "var": [0.0166537612677, 0.00805933307856, 0.00503094866872, 0.00361328222789, 0.00263997563161, 0.00100259296596], "mean": [-0.663455545902, -0.620289504528, -0.715389728546, -0.788978874683, -0.857195198536, -0.853943109512]}, "melbands_skewness": {"dmean2": 0.772220611572, "median": 0.800063729286, "min": -3.71394181252, "dvar2": 0.667521715164, "dvar": 0.302696734667, "dmean": 0.504651486874, "max": 11.7555971146, "var": 2.16658115387, "mean": 0.972479343414}, "spectral_spread": {"dmean2": 581849.6875, "median": 1598831.125, "min": 307016.40625, "dvar2": 272416817152, "dvar": 127618473984, "dmean": 329324.78125, "max": 40804076, "var": 1830899679230.0, "mean": 2049552.75}, "dissonance": {"dmean2": 0.0884266495705, "median": 0.329789668322, "min": 0.11051017791, "dvar2": 0.00576786650345, "dvar": 0.00