{"tonal": {"thpcp": [1, 0.797819852829, 0.655491828918, 0.673623383045, 0.593289613724, 0.54834908247, 0.534052073956, 0.478938519955, 0.491300880909, 0.53850710392, 0.521342158318, 0.554078519344, 0.58257162571, 0.546271622181, 0.696199178696, 0.78506064415, 0.55203294754, 0.390996873379, 0.369044929743, 0.320115059614, 0.391765683889, 0.549331903458, 0.520737349987, 0.466524004936, 0.472472846508, 0.382064789534, 0.387382179499, 0.461812317371, 0.502987205982, 0.601948797703, 0.572966277599, 0.423939049244, 0.432749152184, 0.474801063538, 0.470421344042, 0.752626657486], "hpcp": {"dmean2": [0.337242633104, 0.314610421658, 0.308239907026, 0.326516658068, 0.345410346985, 0.334567844868, 0.297648310661, 0.305091261864, 0.364452570677, 0.358368188143, 0.282959342003, 0.225745126605, 0.200299099088, 0.175868958235, 0.185745850205, 0.24474145472, 0.250034749508, 0.233483061194, 0.236273929477, 0.214872643352, 0.233674123883, 0.268416911364, 0.3302321136, 0.383675068617, 0.347947269678, 0.291339099407, 0.270761966705, 0.261923342943, 0.279529094696, 0.370966732502, 0.401314020157, 0.397974193096, 0.409627765417, 0.382625669241, 0.354998916388, 0.352922588587], "median": [0.0834859535098, 0.0747190639377, 0.0810799226165, 0.0842658877373, 0.075735360384, 0.0919346436858, 0.0967663004994, 0.0957834199071, 0.131043314934, 0.142823308706, 0.10514651984, 0.0683360248804, 0.0548778101802, 0.0542902760208, 0.0760017931461, 0.100680269301, 0.0982238650322, 0.0906107351184, 0.0802190899849, 0.0670907348394, 0.0611122325063, 0.0645543262362, 0.0710862502456, 0.0808970630169, 0.0719609037042, 0.0549619197845, 0.0566521435976, 0.05747089535, 0.0777577832341, 0.145003959537, 0.196642324328, 0.161949262023, 0.112353280187, 0.100544445217, 0.0921473279595, 0.0834400653839], "min": [0, 0, 0, 0, 0, 0, 0, 0, 0, 0, 0, 0, 0, 0, 0, 0, 0, 0, 0, 0, 0, 0, 0, 0, 0, 0, 0, 0, 0, 0, 0, 0, 0, 0, 0, 0], "dvar2": [0.16445620358, 0.154242798686, 0.147776097059, 0.151872202754, 0.165891438723, 0.15856808424, 0.125287413597, 0.126964002848, 0.155957207084, 0.150464892387, 0.111100792885, 0.0990609824657, 0.093581199646, 0.0746357291937, 0.0645979046822, 0.0950929746032, 0.102335900068, 0.09527797997, 0.108612425625, 0.0898795500398, 0.106659278274, 0.129157751799, 0.162080705166, 0.18948148191, 0.168757259846, 0.149200662971, 0.12641851604, 0.123023577034, 0.113156750798, 0.154083654284, 0.167665749788, 0.155172452331, 0.181926071644, 0.175254911184, 0.159773424268, 0.169143751264], "dvar": [0.0587368793786, 0.0549586750567, 0.0524211637676, 0.0555896759033, 0.0597019307315, 0.0569738596678, 0.0466876886785, 0.045747321099, 0.056833602488, 0.0569346994162, 0.0403197444975, 0.0349262170494, 0.0336584188044, 0.0267755836248, 0.0235081259161, 0.0355343222618, 0.0369596667588, 0.0339248888195, 0.0401670373976, 0.0324765555561, 0.037324976176, 0.0462775491178, 0.0589527338743, 0.0693498700857, 0.0613728128374, 0.053451269865, 0.0456230379641, 0.0450784303248, 0.0403294786811, 0.0555037781596, 0.0630529969931, 0.0567928627133, 0.0651651322842, 0.0646385252476, 0.0579591467977, 0.0609235800803], "dmean": [0.187164902687, 0.173442751169, 0.171270653605, 0.182588085532, 0.191373020411, 0.186141654849, 0.168839722872, 0.171137943864, 0.205898672342, 0.203378126025, 0.160758465528, 0.125618636608, 0.111614689231, 0.0988155379891, 0.106383942068, 0.140165671706, 0.142357036471, 0.132582098246, 0.135266244411, 0.121794328094, 0.130153283477, 0.149594709277, 0.182637318969, 0.211281180382, 0.192784354091, 0.160167187452, 0.148749247193, 0.145669594407, 0.156382799149, 0.2110363096, 0.229880481958, 0.225265294313, 0.226744219661, 0.21316921711, 0.197154179215, 0.195561006665], "max": [1, 1, 1, 1, 1, 1, 1, 1, 1, 1, 1, 1, 1, 1, 1, 1, 1, 1, 1, 1, 1, 1, 1, 1, 1, 1, 1, 1, 1, 1, 1, 1, 1, 1, 1, 1], "var": [0.0572748333216, 0.0477970093489, 0.0474079214036, 0.0562328398228, 0.0561295747757, 0.0557228736579, 0.0620846673846, 0.0513947382569, 0.0675212815404, 0.0851769223809, 0.0465162731707, 0.0326937586069, 0.0384599976242, 0.0270591694862, 0.0264162961394, 0.0490743368864, 0.0436333045363, 0.0364862605929, 0.0474713519216, 0.0318362936378, 0.0358930788934, 0.0534884557128, 0.0563159994781, 0.0737114548683, 0.0709114521742, 0.0463837198913, 0.0460661239922, 0.0597025305033, 0.0424233153462, 0.0730214342475, 0.114150308073, 0.0755440220237, 0.0670398920774, 0.0811166539788, 0.0649850443006, 0.0588773787022], "mean": [0.184261545539, 0.165245965123, 0.169511288404, 0.18579864502, 0.179876297712, 0.191171184182, 0.201002016664, 0.188477605581, 0.240206420422, 0.270865887403, 0.190465405583, 0.134903863072, 0.12732988596, 0.110447831452, 0.135169118643, 0.189533472061, 0.179667621851, 0.160962641239, 0.163015142083, 0.131822064519, 0.133656695485, 0.159336984158, 0.17354336381, 0.207687646151, 0.197687923908, 0.146269753575, 0.149309456348, 0.163818433881, 0.162307322025, 0.259675323963, 0.345025420189, 0.275268137455, 0.22616134584, 0.232417196035, 0.204700008035, 0.189194381237]}, "tuning_equal_tempered_deviation": 0.0309199485928, "chords_changes_rate": 0.0827711969614, "key_key": "C", "tuning_diatonic_strength": 0.685382544994, "key_scale": "minor", "chords_number_rate": 0.00255241570994, "tuning_frequency": 441.272583008, "tuning_nontempered_energy_ratio": 0.794154703617, "chords_histogram": [20.7839565277, 2.73473119736, 7.31084775925, 0.273473113775, 0.546946227551, 2.58887887001, 2.13309025764, 9.20692825317, 2.40656328201, 17.3017311096, 9.71741104126, 0.291704654694, 0.0546946227551, 1.73199629784, 1.11212396622, 0.692798554897, 0, 0.200546950102, 0.492251604795, 3.13582491875, 0, 0.96627163887, 8.24065589905, 8.07657241821], "key_strength": 0.730170428753, "chords_key": "C", "chords_strength": {"dmean2": 0.0136672565714, "median": 0.553573608398, "min": -1, "dvar2": 0.000797593500465, "dvar": 0.000431685271906, "dmean": 0.0112027283758, "max": 0.8240198493, "var": 0.0194735471159, "mean": 0.538587749004}, "chords_scale": "minor", "hpcp_entropy": {"dmean2": 1.16060984135, "median": 2.68108201027, "min": 0, "dvar2": 0.88651996851, "dvar": 0.31072884798, "dmean": 0.680335998535, "max": 4.61800336838, "var": 0.725525617599, "mean": 2.61669373512}}, "metadata": {"audio_properties": {"equal_loudness": 0, "codec": "mp3", "downmix": "mix", "sample_rate": 44100, "analysis_sample_rate": 44100, "bit_rate": 160016, "md5_encoded": "5ab7c2994d78e6100fa8a4a2fcc0d319", "length": 254.64163208, "replay_gain": -14.7215366364, "lossless": false}, "version": {"essentia_build_sha": "70f2e5ece6736b2c40cc944ad0e695b16b925413", "essentia": "2.1-beta2", "extractor": "music 1.0", "essentia_git_sha": "v2.1_beta2"}, "tags": {"title": ["Methocha"], "originalyear": ["2012"], "albumartist": ["Quadrivium"], "date": ["2012"], "file_name": "Quadrivium - Methocha.mp3", "musicbrainz_releasegroupid": ["ba0574e4-d9cb-40d6-9d50-dba78fdf7468"], "musicbrainz album type": ["album"], "musicbrainz_recordingid": ["193868cc-23d0-43c4-91e5-2d9fd07a5535"], "encoding": ["Lavf56.36.100"], "musicbrainz_albumartistid": ["fcd80824-c5f0-4ad5-bd78-83a1fba35466"], "musicbrainz album status": ["official"], "originaldate": ["2012"], "musicbrainz_albumid": ["2e65e78e-4956-4960-898f-1938aab5ceb9"], "artist": ["Quadrivium"], "tracknumber": ["1/8"], "artistsort": ["Quadrivium"], "album": ["Methocha"], "albumartistsort": ["Quadrivium"], "acoustid_id": ["438caad3-f64a-4b3b-a675-c1729b6b28ed"], "musicbrainz_artistid": ["fcd80824-c5f0-4ad5-bd78-83a1fba35466"], "discnumber": ["1/1"]}}, "rhythm": {"bpm_histogram_first_peak_bpm": {"dmean2": 0, "median": 110, "min": 110, "dvar2": 0, "dvar": 0, "dmean": 0, "max": 110, "var": 0, "mean": 110}, "bpm": 108.630638123, "bpm_histogram_second_peak_spread": {"dmean2": 0, "median": 0.311377227306, "min": 0.311377227306, "dvar2": 0, "dvar": 0, "dmean": 0, "max": 0.311377227306, "var": 0, "mean": 0.311377227306}, "bpm_histogram_first_peak_weight": {"dmean2": 0, "median": 0.471491217613, "min": 0.471491217613, "dvar2": 0, "dvar": 0, "dmean": 0, "max": 0.471491217613, "var": 0, "mean": 0.471491217613}, "onset_rate": 3.59704828262, "beats_position": [0.545668900013, 1.11455774307, 1.68344664574, 2.2523355484, 2.82122445107, 3.3785033226, 3.93578219414, 4.48145103455, 5.02712011337, 5.5727891922, 6.11845779419, 6.66412687302, 7.20979595184, 7.74385452271, 8.28952407837, 8.84680271149, 9.4040813446, 9.93814086914, 10.4838094711, 11.0294780731, 11.5751476288, 12.1208162308, 12.6548748016, 13.2005443573, 13.7462129593, 14.3034915924, 14.8491611481, 15.3948297501, 15.9404983521, 16.4861679077, 17.0202255249, 17.5658950806, 18.1115646362, 18.6688423157, 19.2029018402, 19.7485713959, 20.2942390442, 20.8399085999, 21.3855781555, 21.9312477112, 22.4769153595, 23.0225849152, 23.5682544708, 24.1255321503, 24.6595916748, 25.2168693542, 25.7509288788, 26.2965984344, 26.8422679901, 27.3995456696, 27.9336051941, 28.4792747498, 29.0249423981, 29.5822219849, 30.1162815094, 30.6619491577, 31.2076187134, 31.753288269, 32.2989578247, 32.8446235657, 33.3902931213, 33.935962677, 34.4816322327, 35.0273017883, 35.572971344, 36.118637085, 36.6643066406, 37.2099761963, 37.755645752, 38.3013153076, 38.8469848633, 39.3926506042, 39.9383201599, 40.4839897156, 41.0296592712, 41.5753288269, 42.1209983826, 42.6666641235, 43.2123336792, 43.7696151733, 44.3036727905, 44.8493423462, 45.3950119019, 45.9522895813, 46.4863471985, 47.0320167542, 47.5776863098, 48.1233558655, 48.6690254211, 49.2146911621, 49.7603607178, 50.3060302734, 50.8516998291, 51.3973693848, 51.9430389404, 52.4887046814, 53.0343742371, 53.5800437927, 54.1257133484, 54.6713829041, 55.2170524597, 55.7511100769, 56.2967796326, 56.8424491882, 57.3881187439, 57.9337844849, 58.491065979, 59.03673172, 59.5824012756, 60.1164627075, 60.6621322632, 61.2077980042, 61.7534675598, 62.2991371155, 62.8448066711, 63.3904762268, 63.9361457825, 64.4818115234, 65.0274810791, 65.5731506348, 66.1304321289, 66.6877059937, 67.2682037354, 67.8487091064, 68.4292068481, 68.9980926514, 69.566986084, 70.1358718872, 70.7047576904, 71.2852630615, 71.8657608032, 72.4346466064, 73.0035324097, 73.5724258423, 74.1413116455, 74.7218093872, 75.2790908813, 75.859588623, 76.4284820557, 76.9973678589, 77.5778656006, 78.1467590332, 78.7156448364, 79.2845306396, 79.8534240723, 80.433921814, 81.0028076172, 81.5717010498, 82.1521987915, 82.7210845947, 83.2899780273, 83.8588638306, 84.4277572632, 84.9966430664, 85.5655288696, 86.1460266113, 86.7265319824, 87.2954177856, 87.8643035889, 88.4331970215, 89.0020828247, 89.5709762573, 90.1398620605, 90.7203598022, 91.2892532349, 91.8581390381, 92.4154205322, 92.9959182739, 93.5764160156, 94.1569137573, 94.737411499, 95.2946929932, 95.8635787964, 96.432472229, 97.0129699707, 97.5818557739, 98.1507492065, 98.7196350098, 99.288520813, 99.8574142456, 100.426300049, 101.006797791, 101.575691223, 102.144577026, 102.725074768, 103.305580139, 103.862854004, 104.431747437, 105.00063324, 105.581130981, 106.150024414, 106.718910217, 107.287796021, 107.856689453, 108.437187195, 109.006072998, 109.574966431, 110.143852234, 110.712738037, 111.293243408, 111.862129211, 112.431015015, 113.011520386, 113.580406189, 114.149291992, 114.718185425, 115.287071228, 115.86756897, 116.436462402, 117.005348206, 117.585845947, 118.15473938, 118.723625183, 119.280906677, 119.838180542, 120.418685913, 120.999183655, 121.568069458, 122.136962891, 122.717460632, 123.286346436, 123.855232239, 124.424125671, 124.993011475, 125.561904907, 126.142402649, 126.711288452, 127.291786194, 127.860679626, 128.42956543, 129.010070801, 129.578948975, 130.147842407, 130.728347778, 131.297225952, 131.866119385, 132.423400879, 133.003890991, 133.572784424, 134.141677856, 134.722167969, 135.291061401, 135.859954834, 136.428848267, 136.99772644, 137.578231812, 138.147125244, 138.716003418, 139.284896851, 139.853790283, 140.434280396, 141.003173828, 141.572067261, 142.152557373, 142.721450806, 143.290344238, 143.859222412, 144.428115845, 145.008621216, 145.57749939, 146.146392822, 146.726898193, 147.284164429, 147.8646698, 148.433563232, 149.002441406, 149.571334839, 150.140228271, 150.720718384, 151.289611816, 151.858505249, 152.427383423, 152.996276855, 153.576782227, 154.1456604, 154.714553833, 155.295059204, 155.863937378, 156.432830811, 157.013336182, 157.570602417, 158.151107788, 158.708389282, 159.277282715, 159.846160889, 160.403442383, 160.9375, 161.471557617, 162.017227173, 162.562896729, 163.108566284, 163.65423584, 164.199905396, 164.745574951, 165.291244507, 165.836914062, 166.37097168, 166.928253174, 167.462310791, 168.007980347, 168.553649902, 169.110931396, 169.644989014, 170.179046631, 170.724716187, 171.270385742, 171.827667236, 172.373336792, 172.919006348, 173.464660645, 174.0103302, 174.555999756, 175.101669312, 175.647338867, 176.193008423, 176.738677979, 177.284347534, 177.83001709, 178.375686646, 178.921356201, 179.467025757, 180.012695312, 180.558364868, 181.104034424, 181.649703979, 182.195373535, 182.741043091, 183.286712646, 183.832382202, 184.378051758, 184.923721313, 185.469390869, 186.015060425, 186.560714722, 187.106384277, 187.652053833, 188.197723389, 188.743392944, 189.2890625, 189.823120117, 190.380401611, 190.926071167, 191.471740723, 192.017410278, 192.563079834, 193.10874939, 193.654418945, 194.188476562, 194.734146118, 195.279815674, 195.837097168, 196.371154785, 196.916824341, 197.462493896, 198.019775391, 198.553833008, 199.099502563, 199.645172119, 200.202438354, 200.73651123, 201.282180786, 201.827835083, 202.373504639, 202.919174194, 203.46484375, 204.010513306, 204.556182861, 205.101852417, 205.647521973, 206.193191528, 206.738861084, 207.28453064, 207.830200195, 208.375869751, 208.921539307, 209.467208862, 210.012878418, 210.558547974, 211.104217529, 211.649887085, 212.195556641, 212.741226196, 213.286895752, 213.832565308, 214.378234863, 214.92388916, 215.469558716, 216.015228271, 216.560897827, 217.106567383, 217.652236938, 218.197906494, 218.74357605, 219.289245605, 219.834915161, 220.380584717, 220.926254272, 221.471923828, 222.005981445, 222.563262939, 223.108932495, 223.654602051, 224.200271606, 224.745941162, 225.291610718, 225.837280273, 226.371337891, 226.917007446, 227.462677002, 228.019943237, 228.565612793, 229.111282349, 229.645339966, 230.191009521, 230.736679077, 231.282348633, 231.828018188, 232.373687744, 232.9193573, 233.465026855, 234.010696411, 234.567977905, 235.102035522, 235.659317017, 236.193374634, 236.750656128, 237.284713745, 237.830383301, 238.376052856, 238.921722412, 239.467391968, 240.013061523, 240.558731079, 241.115997314, 241.65007019, 242.195739746, 242.741394043, 243.275466919, 243.821136475, 244.366790771, 244.912460327, 245.458129883, 246.015411377, 246.58430481, 247.153198242, 247.710464478, 248.256134033, 248.801803589, 249.359085083, 249.927978516, 250.496871948, 251.065750122, 251.646255493, 252.226745605, 252.807250977, 253.387756348, 253.96824646], "beats_loudness": {"dmean2": 0.0139808598906, "median": 0.0304326675832, "min": 4.91945199854e-11, "dvar2": 0.000130412663566, "dvar": 4.3549673137e-05, "dmean": 0.00803798157722, "max": 0.0621052384377, "var": 9.53042326728e-05, "mean": 0.0304135289043}, "danceability": 1.01156044006, "bpm_histogram_second_peak_weight": {"dmean2": 0, "median": 0.252192974091, "min": 0.252192974091, "dvar2": 0, "dvar": 0, "dmean": 0, "max": 0.252192974091, "var": 0, "mean": 0.252192974091}, "beats_count": 457, "bpm_histogram_second_peak_bpm": {"dmean2": 0, "median": 105, "min": 105, "dvar2": 0, "dvar": 0, "dmean": 0, "max": 105, "var": 0, "mean": 105}, "bpm_histogram_first_peak_spread": {"dmean2": 0, "median": 0.256055355072, "min": 0.256055355072, "dvar2": 0, "dvar": 0, "dmean": 0, "max": 0.256055355072, "var": 0, "mean": 0.256055355072}, "beats_loudness_band_ratio": {"dmean2": [0.245692253113, 0.274119436741, 0.113451130688, 0.0923329666257, 0.121565423906, 0.0876457616687], "median": [0.421963691711, 0.183666452765, 0.0896554291248, 0.0753597095609, 0.108323402703, 0.103153839707], "min": [0, 0, 0, 0, 0, 0], "dvar2": [0.0361692905426, 0.0456315129995, 0.0106599135324, 0.0105942580849, 0.0139233544469, 0.0057722106576], "dvar": [0.012329169549, 0.013974737376, 0.00391580583528, 0.00402104575187, 0.00469985185191, 0.00192141125444], "dmean": [0.142812609673, 0.146876171231, 0.0660715177655, 0.0541708171368, 0.0683729425073, 0.0491355285048], "max": [0.999617576599, 0.839783132076, 0.515003085136, 0.776195168495, 0.442781746387, 0.408092141151], "var": [0.0247009303421, 0.0173136666417, 0.00519823515788, 0.00733123440295, 0.00666718464345, 0.00269350362942], "mean": [0.425169229507, 0.205682188272, 0.109112009406, 0.0983196496964, 0.133143544197, 0.108895935118]}}, "lowlevel": {"barkbands_spread": {"dmean2": 12.2072696686, "median": 36.9954833984, "min": 0.107299380004, "dvar2": 119.283737183, "dvar": 45.6122245789, "dmean": 7.52488565445, "max": 93.3671188354, "var": 134.377044678, "mean": 36.7961616516}, "melbands_spread": {"dmean2": 18.6993370056, "median": 36.0503387451, "min": 0.270650446415, "dvar2": 274.973968506, "dvar": 101.535484314, "dmean": 11.2529621124, "max": 150.47215271, "var": 354.158111572, "mean": 37.9750823975}, "hfc": {"dmean2": 15.979968071, "median": 30.4870090485, "min": 1.05547511625e-16, "dvar2": 309.146636963, "dvar": 118.822311401, "dmean": 9.50209331512, "max": 111.105331421, "var": 241.251373291, "mean": 31.7228050232}, "barkbands_kurtosis": {"dmean2": 2.38025856018, "median": -0.44601225853, "min": -1.84762275219, "dvar2": 33.9314956665, "dvar": 14.2321605682, "dmean": 1.43593251705, "max": 333.39944458, "var": 26.3546199799, "mean": 0.584231853485}, "gfcc": {"mean": [40.5974807739, 69.6773757935, -119.348274231, 49.2519302368, -51.6884841919, 12.4113588333, -34.7921257019, 13.2181787491, -26.3810253143, 9.4040555954, -19.7537689209, 2.6839299202, -13.1087169647], "icov": [[0.000245729315793, -0.000609950860962, 0.000458236085251, -0.000739113194868, 0.000521572714206, -0.000833951809909, 0.000896092737094, -0.00116189441178, 0.00111657730304, -0.00105850596447, 0.00138921313919, -0.00135792477522, 0.00102330057416], [-0.000609950860962, 0.00354135967791, -0.00103194930125, 0.00135029130615, -0.00169243419077, 0.00312112434767, -0.0030415514484, 0.00353813474067, -0.00287543493323, 0.00369431613944, -0.00528790801764, 0.00559005560353, -0.00359234772623], [0.000458236085251, -0.00103194930125, 0.00257834675722, -0.00160802691244, 0.000274094723864, -0.00204353476875, 0.00199218653142, -0.00200631795451, 0.0018598268507, -0.00129895505961, 0.00325796031393, -0.00330542144366, 0.00290072127245], [-0.000739113194868, 0.00135029130615, -0.00160802691244, 0.006681275554, -0.00183902250137, 0.000923604355194, -0.00136104191188, 0.00350149301812, -0.00472039310262, 0.00328976474702, -0.00276333489455, 0.00417637312785, -0.00368790654466], [0.000521572714206, -0.00169243419077, 0.000274094723864, -0.00183902250137, 0.0100551461801, -0.00307260337286, -0.00015000012354, -0.00154291221406, 0.000584984838497, -0.00476851081476, 0.00482883444056, -0.00456733535975, 0.000754932931159], [-0.000833951809909, 0.00312112434767, -0.00204353476875, 0.000923604355194, -0.00307260337286, 0.0145943751559, -0.00761041231453, 0.00241218740121, -0.00125874392688, 0.00403261370957, -0.00641872733831, 0.00595002481714, -0.00294996798038], [0.000896092737094, -0.0030415514484, 0.00199218653142, -0.00136104191188, -0.00015000012354, -0.00761041231453, 0.0169732850045, -0.00951428245753, 0.00510505121201, -0.00287915114313, 0.00183861714322, -0.0031166295521, 0.00277239922434], [-0.00116189441178, 0.00353813474067, -0.00200631795451, 0.00350149301812, -0.00154291221406, 0.00241218740121, -0.00951428245753, 0.0253074578941, -0.0139574194327, 0.00314163719304, -0.000300733721815, 0.000588695518672, 4.60832306999e-05], [0.00111657730304, -0.00287543493323, 0.0018598268507, -0.00472039310262, 0.000584984838497, -0.00125874392688, 0.00510505121201, -0.0139574194327, 0.0272089093924, -0.0113873323426, -0.000386314379284, 0.00189339451026, -0.00146823842078], [-0.00105850596447, 0.00369431613944, -0.00129895505961, 0.00328976474702, -0.00476851081476, 0.00403261370957, -0.00287915114313, 0.00314163719304, -0.0113873323426, 0.0259798914194, -0.0112386001274, 0.00201012799516, -0.0016811939422], [0.00138921313919, -0.00528790801764, 0.00325796031393, -0.00276333489455, 0.00482883444056, -0.00641872733831, 0.00183861714322, -0.000300733721815, -0.000386314379284, -0.0112386001274, 0.0330756828189, -0.0184121150523, 0.0073706782423], [-0.00135792477522, 0.00559005560353, -0.00330542144366, 0.00417637312785, -0.00456733535975, 0.00595002481714, -0.0031166295521, 0.000588695518672, 0.00189339451026, 0.00201012799516, -0.0184121150523, 0.042095310986, -0.0177484974265], [0.00102330057416, -0.00359234772623, 0.00290072127245, -0.00368790654466, 0.000754932931159, -0.00294996798038, 0.00277239922434, 4.60832306999e-05, -0.00146823842078, -0.0016811939422, 0.0073706782423, -0.0177484974265, 0.0298497248441]], "cov": [[17076.5703125, 694.865722656, -881.999084473, 822.338806152, -283.243255615, 222.585662842, -228.19670105, 241.755218506, -223.776062012, 80.5564422607, -263.940795898, 39.0762672424, -182.558425903], [694.865722656, 664.683044434, -78.2927398682, 43.8729400635, 13.5422744751, -46.2401390076, 23.5689868927, -44.6555480957, 17.8206920624, -28.125333786, 40.1594772339, -34.8829994202, 30.803068161], [-881.999084473, -78.2927398682, 659.674743652, 50.2484664917, 48.9375915527, 43.3624038696, -8.60334587097, 6.23559951782, -13.0647010803, -19.8916225433, -33.8960189819, 3.59705042839, -24.5004844666], [822.338806152, 43.8729400635, 50.2484664917, 256.703186035, 18.7031040192, 24.5987300873, -14.4717721939, 2.7391462326, 16.1284599304, -3.36116313934, -14.8322124481, -7.45829725266, 7.05093240738], [-283.243255615, 13.5422744751, 48.9375915527, 18.7031040192, 138.562393188, 25.300409317, 29.0470333099, 11.8736801147, 20.4141864777, 20.487531662, 3.65463232994, 9.21843147278, 11.9116020203], [222.585662842, -46.2401390076, 43.3624038696, 24.5987300873, 25.300409317, 118.758148193, 44.9605865479, 20.5010681152, -6.01501750946, 0.247522622347, -0.0263448040932, 0.351128399372, -7.54771184921], [-228.19670105, 23.5689868927, -8.60334587097, -14.4717721939, 29.0470333099, 44.9605865479, 109.242919922, 30.5770778656, 9.05491352081, 5.41472673416, 13.6543521881, 0.381946355104, 0.828548073769], [241.755218506, -44.6555480957, 6.23559951782, 2.7391462326, 11.8736801147, 20.5010681152, 30.5770778656, 80.4152374268, 28.3020477295, 18.1490402222, -4.87793445587, 5.78368902206, -8.11011981964], [-223.776062012, 17.8206920624, -13.0647010803, 16.1284599304, 20.4141864777, -6.01501750946, 9.05491352081, 28.3020477295, 77.4651641846, 30.8552780151, 18.9239730835, -0.68063980341, 11.5535488129], [80.5564422607, -28.125333786, -19.8916225433, -3.36116313934, 20.487531662, 0.247522622347, 5.41472673416, 18.1490402222, 30.8552780151, 69.2321395874, 21.3600330353, 13.0327768326, 2.23855042458], [-263.940795898, 40.1594772339, -33.8960189819, -14.8322124481, 3.65463232994, -0.0263448040932, 13.6543521881, -4.87793445587, 18.9239730835, 21.3600330353, 62.8014221191, 16.4131984711, 10.3729333878], [39.0762672424, -34.8829994202, 3.59705042839, -7.45829725266, 9.21843147278, 0.351128399372, 0.381946355104, 5.78368902206, -0.68063980341, 13.0327768326, 16.4131984711, 45.0679283142, 16.3933086395], [-182.558425903, 30.803068161, -24.5004844666, 7.05093240738, 11.9116020203, -7.54771184921, 0.828548073769, -8.11011981964, 11.5535488129, 2.23855042458, 10.3729333878, 16.3933086395, 53.4874687195]]}, "spectral_energyband_middle_low": {"dmean2": 0.0115879317746, "median": 0.00853731483221, "min": 2.92112971771e-22, "dvar2": 0.000351230817614, "dvar": 0.000127687148051, "dmean": 0.00668625952676, "max": 0.099172629416, "var": 0.000107358398964, "mean": 0.0111671928316}, "melbands_crest": {"dmean2": 6.5885515213, "median": 11.8535308838, "min": 1.6250038147, "dvar2": 30.0248756409, "dvar": 10.4163637161, "dmean": 3.82123756409, "max": 28.5046920776, "var": 18.2446784973, "mean": 12.2632141113}, "spectral_kurtosis": {"dmean2": 1.59532630444, "median": 3.0248913765, "min": -1.20600163937, "dvar2": 8.6588344574, "dvar": 3.53391718864, "dmean": 0.937081754208, "max": 203.795410156, "var": 70.6216125488, "mean": 3.75886821747}, "spectral_rms": {"dmean2": 0.00173876516055, "median": 0.00517366547137, "min": 3.07057786315e-12, "dvar2": 3.14262751999e-06, "dvar": 1.12125781015e-06, "dmean": 0.00100816250779, "max": 0.0109101179987, "var": 2.23174515668e-06, "mean": 0.00520395673811}, "zerocrossingrate": {"dmean2": 0.0130542432889, "median": 0.08203125, "min": 0.0029296875, "dvar2": 0.000129197214846, "dvar": 8.38705018396e-05, "dmean": 0.0100895725191, "max": 0.5146484375, "var": 0.0018831937341, "mean": 0.0860228389502}, "silence_rate_60dB": {"dmean2": 0.00328287435696, "median": 0, "min": 0, "dvar2": 0.00381937995553, "dvar": 0.00163853506092, "dmean": 0.00164128746837, "max": 1, "var": 0.0399336181581, "mean": 0.0416666679084}, "erbbands_kurtosis": {"dmean2": 1.05674922466, "median": -0.430419325829, "min": -1.68626379967, "dvar2": 9.68071746826, "dvar": 5.95627593994, "dmean": 0.666872084141, "max": 269.64364624, "var": 40.1539497375, "mean": 0.0272660963237}, "erbbands": {"dmean2": [0.195868507028, 2.10321521759, 5.6156411171, 7.58095693588, 20.5458564758, 32.3567352295, 12.727563858, 12.0410547256, 17.2974662781, 16.6384353638, 24.0599498749, 18.6821174622, 23.7166614532, 17.8627567291, 19.4349575043, 27.4736881256, 24.3283653259, 29.5936737061, 26.870098114, 29.3490695953, 39.5648994446, 33.5050430298, 27.5838527679, 36.9496536255, 35.3420829773, 29.7667274475, 22.9362545013, 17.7033882141, 15.4238624573, 10.7218770981, 5.68215751648, 3.08318996429, 2.01741361618, 1.35275113583, 0.641889154911, 0.242516636848, 0.0806898921728, 0.0132463974878, 0.000686094746925, 3.38947102136e-05], "median": [0.113253086805, 0.919937849045, 2.2743935585, 3.43835163116, 6.26905345917, 6.27904415131, 6.42719554901, 7.73968505859, 10.5409889221, 10.1237297058, 12.9348182678, 11.604973793, 13.2482299805, 10.6835594177, 11.6818885803, 17.5627479553, 14.3705377579, 21.5045814514, 22.5624809265, 24.9378128052, 36.0046081543, 35.6792602539, 31.3957138062, 40.1363639832, 37.307472229, 32.3436203003, 22.9171867371, 19.6163654327, 10.6233234406, 5.4698972702, 3.57158827782, 2.1287727356, 1.36049151421, 0.946910381317, 0.44552052021, 0.17943996191, 0.051929473877, 0.00813037808985, 0.0002171426313, 4.60645678686e-05], "min": [1.11499816728e-21, 7.59400350717e-21, 6.94824444402e-21, 1.9286649791e-20, 4.31986512294e-20, 2.4416262372e-19, 6.23817845367e-19, 5.23354795418e-19, 3.28249177751e-19, 5.02172509388e-19, 1.16837710559e-18, 1.62660486946e-18, 1.26353503268e-18, 2.1578774377e-18, 3.83760146795e-18, 3.98985357227e-18, 5.51934692083e-18, 8.24826208376e-18, 6.37107287729e-18, 7.05670344829e-18, 4.90431373357e-18, 1.02726890257e-17, 6.71665942464e-18, 7.61727713197e-18, 1.41531446532e-17, 2.30826652448e-17, 1.34887961986e-17, 2.79140799646e-17, 1.32035487546e-17, 1.58957743215e-17, 1.82667585072e-17, 1.44200692194e-17, 1.18863322851e-17, 1.02628141435e-17, 7.71844049371e-18, 6.75285932978e-18, 2.47298816974e-18, 1.15631598508e-18, 3.36779038378e-19, 2.80007035074e-20], "dvar2": [0.0478290915489, 6.49563217163, 53.6361579895, 105.60231781, 1343.20825195, 4043.90844727, 308.72769165, 267.924957275, 577.636352539, 650.734741211, 1577.38085938, 823.530822754, 1439.12036133, 1312.11096191, 919.252807617, 1830.79797363, 2781.3515625, 1988.0222168, 1427.11071777, 1919.88049316, 3716.41503906, 1678.12768555, 1068.88696289, 1744.4329834, 1417.27307129, 955.479858398, 725.793273926, 412.487976074, 396.842834473, 215.507385254, 66.2843856812, 21.3266181946, 8.01151943207, 3.44099116325, 0.966831862926, 0.172474637628, 0.0177047085017, 0.000563699577469, 2.98130839838e-06, 1.60162660912e-09], "dvar": [0.0181549713016, 2.26546549797, 19.1794471741, 38.4531784058, 480.844360352, 1464.37097168, 115.641410828, 106.332817078, 218.589385986, 261.588989258, 596.710266113, 341.829071045, 549.407531738, 472.149414062, 353.668334961, 694.082641602, 1052.99560547, 778.065917969, 551.10333252, 759.811035156, 1558.29162598, 638.816223145, 402.645996094, 658.320251465, 527.639038086, 355.534606934, 269.707336426, 163.928222656, 154.014343262, 85.1821594238, 29.2670936584, 9.61734294891, 3.30139183998, 1.38015472889, 0.39232313633, 0.073961943388, 0.00780078489333, 0.000251653982559, 1.22832295801e-06, 6.30732133189e-10], "dmean": [0.118617467582, 1.19705104828, 3.17227578163, 4.36281967163, 11.777961731, 18.2473392487, 7.53146457672, 7.25605726242, 10.283405304, 9.95861244202, 14.4327659607, 11.2977027893, 14.2491922379, 10.582611084, 11.6641511917, 16.5721988678, 14.7270030975, 17.7708625793, 16.1205272675, 17.907875061, 24.2295742035, 20.2696895599, 16.770608902, 22.1982746124, 21.1388492584, 17.8713874817, 13.5609073639, 10.689002037, 8.84507369995, 6.07481956482, 3.34798383713, 1.83934736252, 1.18923711777, 0.806456685066, 0.388375788927, 0.153836220503, 0.0512150116265, 0.00852532312274, 0.000426482758485, 1.99927253561e-05], "max": [1.40146720409, 18.3828239441, 55.2168083191, 105.693908691, 209.164978027, 338.887542725, 132.118881226, 223.075698853, 408.815307617, 657.069091797, 618.989257812, 430.340698242, 493.207122803, 677.200561523, 373.707824707, 564.06262207, 902.114929199, 803.972900391, 531.099731445, 564.297424316, 1252.96459961, 428.146209717, 519.410461426, 511.099822998, 275.812896729, 335.552764893, 371.356414795, 312.061676025, 264.314697266, 165.549468994, 127.728927612, 81.0058288574, 33.6159706116, 24.0790882111, 11.5332784653, 5.30791139603, 2.01931929588, 0.309209644794, 0.030877539888, 0.000465483637527], "var": [0.0226806774735, 2.15165805817, 18.041387558, 42.6806221008, 384.464263916, 1019.94647217, 144.871200562, 195.316467285, 327.746612549, 388.050201416, 1000.72918701, 693.105041504, 962.633483887, 802.447021484, 805.230407715, 1455.41223145, 1953.18359375, 1909.984375, 1347.75634766, 2445.87060547, 4730.58447266, 1921.80578613, 1116.23718262, 1492.86767578, 940.52935791, 620.200317383, 415.858123779, 318.562561035, 199.790283203, 118.378669739, 68.6483154297, 24.3202381134, 6.72435665131, 2.61731314659, 0.739799022675, 0.171320870519, 0.0181101914495, 0.000553344027139, 1.78886750746e-06, 1.06874609163e-09], "mean": [0.161541029811, 1.40729570389, 3.6966843605, 5.52984476089, 12.589887619, 16.3017940521, 10.2937984467, 11.7490243912, 16.0001010895, 15.669095993, 22.4875164032, 19.1668834686, 23.1806983948, 18.3540229797, 21.1354446411, 30.3970394135, 27.66837883, 34.8078956604, 33.7109413147, 40.9324607849, 53.9907112122, 47.7527770996, 39.1783676147, 48.7204360962, 43.5855255127, 36.1074333191, 26.7592449188, 22.7474308014, 14.3165187836, 8.73220062256, 5.73270225525, 3.41465973854, 2.11552333832, 1.45038580894, 0.714436531067, 0.31614780426, 0.100946307182, 0.0165556818247, 0.000631857255939, 5.34168102604e-05]}, "spectral_strongpeak": {"dmean2": 0.880702376366, "median": 0.281081438065, "min": 0, "dvar2": 2.19228649139, "dvar": 0.828653216362, "dmean": 0.499119818211, "max": 11.1356248856, "var": 1.12759995461, "mean": 0.639512896538}, "spectral_energy": {"dmean2": 0.0212712325156, "median": 0.0274359881878, "min": 9.66416031499e-21, "dvar2": 0.000598200189415, "dvar": 0.000214092666283, "dmean": 0.0121351489797, "max": 0.122006438673, "var": 0.000236078281887, "mean": 0.0300457011908}, "average_loudness": 0.972720086575, "spectral_rolloff": {"dmean2": 1291.79370117, "median": 2390.18554688, "min": 86.1328125, "dvar2": 1623066.375, "dvar": 627765.6875, "dmean": 765.233093262, "max": 18626.2207031, "var": 3135038.75, "mean": 2438.22363281}, "spectral_centroid": {"dmean2": 533.783203125, "median": 2163.21484375, "min": 84.1662445068, "dvar2": 227345.1875, "dvar": 93482.578125, "dmean": 336.487335205, "max": 11415.8349609, "var": 305043.40625, "mean": 2094.70727539}, "pitch_salience": {"dmean2": 0.135147809982, "median": 0.617001533508, "min": 0.125479087234, "dvar2": 0.0130188846961, "dvar": 0.00451596220955, "dmean": 0.0789317190647, "max": 0.827687144279, "var": 0.0082956533879, "mean": 0.607972860336}, "spectral_energyband_middle_high": {"dmean2": 0.00297978916205, "median": 0.00712287984788, "min": 1.47571909141e-21, "dvar2": 8.72202508617e-06, "dvar": 3.42172984347e-06, "dmean": 0.00185979460366, "max": 0.0308313220739, "var": 1.84490381798e-05, "mean": 0.00754743441939}, "spectral_contrast_coeffs": {"dmean2": [0.102966912091, 0.0801597461104, 0.0644187778234, 0.0485388971865, 0.0332233384252, 0.0296532530338], "median": [-0.677595853806, -0.773203492165, -0.795579433441, -0.797284841537, -0.798191785812, -0.723985314369], "min": [-0.979211330414, -0.964466273785, -0.972859382629, -0.965957581997, -0.964968204498, -0.956489443779], "dvar2": [0.00773310521618, 0.00370110478252, 0.00242360960692, 0.00143037072849, 0.000713098736014, 0.0005788882263], "dvar": [0.00288666505367, 0.00131345761474, 0.000861716165673, 0.000518628105056, 0.000260199129116, 0.000231241079746], "dmean": [0.0625863522291, 0.0472952499986, 0.0382043756545, 0.0286546945572, 0.0197949744761, 0.0186174474657], "max": [-0.290958672762, -0.483657538891, -0.469175308943, -0.576221287251, -0.63336122036, -0.580954909325], "var": [0.00547235971317, 0.00339886802249, 0.00299361394718, 0.00254298420623, 0.00134447088931, 0.00162815942895], "mean": [-0.67171216011, -0.769051790237, -0.788981854916, -0.788614571095, -0.794373929501, -0.728114247322]}, "melbands_skewness": {"dmean2": 1.27377402782, "median": 2.25120592117, "min": -0.647097826004, "dvar2": 1.3201584816, "dvar": 0.467502295971, "dmean": 0.754295885563, "max": 9.1114025116, "var": 1.43627130985, "mean": 2.39955449104}, "spectral_spread": {"dmean2": 614089.8125, "median": 4408723, "min": 593396.75, "dvar2": 395714560000, "dvar": 229182177280, "dmean": 396280.84375, "max": 40888316, "var": 1227157536770.0, "mean": 4536584}, "dissonance": {"dmean2": 0.0167722795159, "median": 0.486555725336, "min": 0.148679256439, "dvar2": 0.000370296707842, "dvar": 0.00013056845637, "dmean": 0.00977743603289, "max": 0.500000119209, "var": 0.000290013093036, "mean": 0.483014404774}, "spectral_skewness": {"dmean2": 0.242822676897, "median": 1.16076874733, "min": -0.00863521546125, "dvar2": 0.0500426627696, "dvar": 0.0198750775307, "dmean": 0.148710653186, "max": 12.6539888382, "var": 0.399659663439, "mean": 1.21766602993}, "spectral_flux": {"dmean2": 0.040772639215, "median": 0.10202755034, "min": 9.83064601945e-11, "dvar2": 0.00155661161989, "dvar": 0.000724068842828, "dmean": 0.0252435356379, "max": 0.286979824305, "var": 0.00166371336672, "mean": 0.106135204434}, "spectral_contrast_valleys": {"dmean2": [0.674482941628, 0.597241997719, 0.490983992815, 0.398896932602, 0.37553948164, 0.464765965939], "median": [-6.60167884827, -6.26705551147, -6.9173746109, -6.93727779388, -6.40787220001, -9.32171916962], "min": [-27.5196895599, -27.524356842, -26.7853717804, -27.2246494293, -27.1893424988, -27.3285617828], "dvar2": [0.292495936155, 0.238315686584, 0.152992099524, 0.111491195858, 0.112131364644, 0.261829435825], "dvar": [0.107647396624, 0.0889674797654, 0.0602360628545, 0.0476029589772, 0.0517176687717, 0.107419155538], "dmean": [0.396738827229, 0.350888103247, 0.291400492191, 0.242925018072, 0.240953534842, 0.28447920084], "max": [-5.26739597321, -4.54908943176, -5.48949384689, -5.72447109222, -5.50066661835, -7.9287352562], "var": [2.45841813087, 1.9981315136, 1.84842467308, 1.80268752575, 1.81280004978, 1.5185778141], "mean": [-6.85433387756, -6.49178552628, -7.10762119293, -7.15981435776, -6.68499565125, -9.53976535797]}, "erbbands_flatness_db": {"dmean2": 0.0182934105396, "median": 0.118254989386, "min": 0.0479065068066, "dvar2": 0.000252950645518, "dvar": 0.000108931606519, "dmean": 0.0115698650479, "max": 0.49250715971, "var": 0.0012664940441, "mean": 0.12387932092}, "spectral_energyband_high": {"dmean2": 0.00150504068006, "median": 0.00158388749696, "min": 6.94139031561e-21, "dvar2": 3.3081712445e-06, "dvar": 1.28957503875e-06, "dmean": 0.000886139285285, "max": 0.0178736560047, "var": 2.10562348002e-06, "mean": 0.00191242154688}, "spectral_entropy": {"dmean2": 0.165426656604, "median": 7.98370742798, "min": 3.59403467178, "dvar2": 0.0233638267964, "dvar": 0.00957936793566, "dmean": 0.103503733873, "max": 9.80353069305, "var": 0.110426999629, "mean": 7.94782352448}, "silence_rate_20dB": {"dmean2": 0, "median": 1, "min": 1, "dvar2": 0, "dvar": 0, "dmean": 0, "max": 1, "var": 0, "mean": 1}, "melbands_flatness_db": {"dmean2": 0.0460469201207, "median": 0.135352745652, "min": 0.00408666906878, "dvar2": 0.00157770165242, "dvar": 0.000568747578654, "dmean": 0.0274727437645, "max": 0.880487382412, "var": 0.00352236349136, "mean": 0.14181804657}, "barkbands": {"dmean2": [0.000268893752946, 0.00828994065523, 0.00519187515602, 0.00289138127118, 0.00815565232188, 0.00143579463474, 0.00110806280281, 0.00105235434603, 0.000842558802105, 0.000738529255614, 0.000482428440591, 0.000642505008727, 0.000543522008229, 0.000659102806821, 0.000525465235114, 0.000757269910537, 0.000705355836544, 0.000539736822248, 0.000778727000579, 0.000635883247014, 0.000478562054923, 0.000429702107795, 0.000212615035707, 0.000122430792544, 0.000105158593215, 4.48690843768e-05, 4.88310297442e-06], "median": [0.000102531856101, 0.00431257300079, 0.00184425176121, 0.00113153643906, 0.00221434049308, 0.000955512747169, 0.000695062917657, 0.000557958381251, 0.000495591433719, 0.000374608353013, 0.000265176204266, 0.000381427700631, 0.000273028737865, 0.000422790879384, 0.000390184635762, 0.000567296927329, 0.000642106868327, 0.000560688960832, 0.000814550905488, 0.000695909955539, 0.000533662270755, 0.000269043375738, 0.000132870933157, 9.00411687326e-05, 7.50847684685e-05, 3.25544715452e-05, 1.54064389335e-06], "min": [1.13681078583e-24, 3.5858726365e-23, 5.8386206725e-24, 6.66812448042e-24, 5.89393070824e-23, 7.42056399319e-23, 2.32159792254e-23, 2.92134062756e-23, 8.76345705828e-23, 4.47796514195e-23, 8.66434015652e-23, 8.80728553908e-23, 9.86114501721e-23, 1.73647773259e-22, 1.37102371875e-22, 8.10541327251e-23, 2.05697790821e-22, 1.12326686844e-22, 2.23622401906e-22, 4.30896071758e-22, 5.59860415695e-22, 3.95654209377e-22, 5.85286626983e-22, 6.97255650603e-22, 9.9064258856e-22, 1.53274739873e-21, 2.11763346108e-21], "dvar2": [9.94292577161e-08, 9.34224372031e-05, 4.61009112769e-05, 1.67345715454e-05, 0.000244985276368, 3.26319013766e-06, 2.20489164349e-06, 2.5690271741e-06, 1.51234655732e-06, 1.71913143276e-06, 5.26829694536e-07, 9.82844653663e-07, 1.19987714697e-06, 9.84927964964e-07, 5.83393330089e-07, 1.62522565006e-06, 8.72602470281e-07, 3.86476415315e-07, 6.64306696763e-07, 4.20992421368e-07, 3.01050846474e-07, 3.21812564152e-07, 8.9536534631e-08, 3.08109946445e-08, 2.18164917243e-08, 5.54685053444e-09, 1.26911800513e-10], "dvar": [3.9911366656e-08, 3.23420354107e-05, 1.67327707459e-05, 6.03066246185e-06, 8.85058398126e-05, 1.26508757603e-06, 8.47273724958e-07, 9.7680322142e-07, 6.27344320492e-07, 6.38961694222e-07, 1.99473404905e-07, 3.73305340418e-07, 4.60747486386e-07, 3.86934260632e-07, 2.28923241252e-07, 6.49699416044e-07, 3.284825425e-07, 1.45090410797e-07, 2.45485551886e-07, 1.5741795778e-07, 1.16186171795e-07, 1.23957505593e-07, 3.87774150568e-08, 1.35894291375e-08, 8.78180905772e-09, 2.47176945578e-09, 5.29797976323e-11], "dmean": [0.000161793854204, 0.00477350689471, 0.00293618859723, 0.00165086716879, 0.00466190092266, 0.000865784299094, 0.000661228550598, 0.000628253212199, 0.000512776256073, 0.000442293880042, 0.000288801151328, 0.00038716729614, 0.000327516521793, 0.000395229319111, 0.000316303776344, 0.000460694398498, 0.00042469141772, 0.000327405083226, 0.000466559955385, 0.000382646132493, 0.000286518188659, 0.000245039060246, 0.000125259859487, 7.315127732e-05, 