{"metadata": {"tags": {"label": ["Sony International"], "albumartist": ["El Gran Combo"], "musicmagic data": ["AgEAC/SdmYaVA6XbgjgIwl1OnV+CVoDpArycP0AIgAEClIABgAEfc7MjgMbVSdWfgjKAAevcg5r6ErNHgAG1Qhhg5nKxo8aegAKAAZfCmyOgboGOLD879YI3gfOEeAneoiE0bojIAdKMOoJlHXa2+ZLJ4HS944KvgN7zUJOC/Ais94KzuKwSA+7ms5bIYYKTgJ4="], "genre": ["Latin"], "artist": ["El Gran Combo de Puerto Rico"], "musicbrainz_recordingid": ["193cd9d7-9c79-4fa8-84e3-f868ba361160"], "title": ["Jala Jala"], "tracknumber": ["5"], "musicmagic fingerprint": ["AQLkSvM1JRLoEd0isRe2DYQLywzoDbQM5AiiFzQbbw2LBu0MEAvACyYcNhaJEiAQ5wn6CLgH+gt4CP4HwAYKBaAFzATjA6UDpwK2BgICRQNE/vhigdUd9+T1o98m8lz7mADw9ML2TfS0+vD4Kwr/7qH6pvrc8Lzz4OBN7rXvJvmw96j7TPmE9hX3C/ug+kf9XPlH/V/8df4Y/aj9lf3z/hwAhPrctKzzI/g22+r3LAcuBEj7OQlU/jwHZR+JHO4KMAVgDcUPgBuFNBUmSBl5BywG5QWRBxcRkA6LBxsD5QZHBNIDBwGaAW0BWgNWATkBYf8sAqdIoO5z7nyp/NcC/z37lfzN9eL8jgHFB+L9tg+PANn35AESFkwIswqNA0/4S/q0+y0DugGjBAP7s/77AR79Zf5q/iL+wP/X/e7/X/6AAJXlvAhZBRgJmOvSATgZMxUCAD0GIue478od70m0A6X+Ivwn4SbQl9gj8hQK1RSaEDwLdgKqAs8ACxE1CIwG5gftCXoFsga4A9ULVANABc7/RvOAA3cIvQ0rBnIZMPwi+1b+juFI9sYS6y8ZI/vbP/H79TMMWkzD3cj9YfGd+KXy5Pfl+l7yRfJ289L4vPqt9l75u/lx+zv8VfbE/DL7swBb/CAD0f2qAarpXPao9IoUig4w8i8kRBOo9HP0u8Mt99pCmB7G/iLyuetvBAYe3xjpE6AIX/+V++gTHgjmAwkJ8ghaCDcHbQQxDjoDkQbDQTgrJw=="], "album": ["The Best"], "date": ["2000"], "acoustid_id": ["1243edaa-b70c-4b24-bf3c-9dbdd90b6330"], "file_name": "El Gran Combo De Puerto Rico - Jala Jala.mp3", "acoustid_fingerprint": ["AQADtFLoSIqiJIE5HpMV4sd3hEoX7Id4fPBKD9OPH4xzaMlnDevzIEx8lMzRkEfZH7lOnIKeD70WCj8uws3R7kHDhYfqwyeO8zhLdBewP2CyZowKRUyOOscvo7kGnRmewR-uHfeKJntRJUyOs9BjDM3LYPpHnDKuJPh8aMl_9B3yKHjg6cOj41cYhFFQPRv049gPv8Se47zwJAkq-vCLXngU6IEnfjij45kQRjlCqRyuY_hC-OGKPQ--XTiP6j78oo-ID82CUtmHczvKo9GPPyKOfcWH7cfz4sezMDc0v3AsfHiGZsezJ8F3oskDbXmIjzl-7EH7Y8pvfDmDi_iyo6KRXkNPPMvR7KiPRwtC6T20JLiC-SmOXkVzZsTM6MGV40uPijz8Hv2g72iOOo9wLmh0VE-I97iCHeKPMf2CbzmuD3VqiB--HuGHZ4eTB9dyKTizHM0RXsefAtcFLWHEF11-PPuOH0-RP4jFwNweQ1d-vDietSIcaU_wJTp-lD8a8sgjHi8-MTjqHQ3yHveL-8GTQ7OzIT3xmmiVjLiOZkdFTceTI5l5IZ0s4SoukcOzoMefIGZmFj8Oz8oRUyTx5Fvw5PA-JfgZ4A-eB2F-9FDPBh9yHj9ON0NVo5GyB9dTojnyHK4SHVdy6Pnx4EaaLMlRO3jgiccTPviRP4WW5yoqijlkJaGFh0cvNPmD_MLOB3wY4gryUThFp_AKIXdx2kLopEbDZZCO6sOmORf0aMZ3Id1D4agjlHrRsELOHFqO0EqlGM-PX3gWHl5_fPGDfD3UOI0UNPehPZEEnEcehenQ7ET4oy80f4j-TOCP80GTICQlCvqRpdvhJ8Uj-Nh7eB9CNcnwlDz0GN7wXtBPNKUeQU-P0Bt-fMmJZkddXMd5XEjYaEEOHzd2g9qO8_hO4smMMFE5Ddqcg_Oh5cF0ol3KGOmHPsGNCo1HZvimK2h25GgOeVqIKwkp42eh6hdahNkffHh3nEETbkGRHnqDkQlNpIrADT-F70gZMYWqPQXz4WxKPIND6aCiF0y5FE90HMcULg88-UIvFdMFj4fiBKmPc8PLH7WYIk8OPXkRLWKCHxeeJkezhQdjRTiuIswlaF1GcGI35CqmHKWUB1eSUvhh7TwuvMiT7Yb-aULfIx2jo1pu3ELHnITj7Lh--LSCZ8gTxhCfGT_SPOi0HGd4jDryg3kYSKMNK31QnbigPWwQLRSDn_hRqsIcDVfwXAyyK0Kyw0vWo1SOK3gWXD4cHVdyNJHEcehxHpdy4zlqNM-lYeaLeofzBY8M54WO5sMTpXiO5kkV4dKRL4d-IQ1zdBOPSBLTQ8sl5A12BU0SJcKPMKUOvUH0gznTBA2XHfyFH0-Ouw0aLqOQBXradKjFGFMeOdAp5E9xJYuJJhy6In8CdcfVB3mPyHIqiEt0CXlK4ehTNLuDPJIeJD8aNwdjRQ-etmiOsgepo5JyhPmVBHpzhJLswXKO9_hZDVfI4Ul0-Amuw8mOJ8mQcCTCo53IoAmT6CAnGd9ynIJ_XMyEJ8mFUU_QJDn6DJ_wIw-PPz0ORQ-Fpsry4FmEJ-IRJlO1gbESZRP-oMeUJ0euhMcVE9qZYPwgqtyRhklQn_hBjceTCHsrXE3gkcEZIZ-8IfmD6pnQMN6Ca8GzRcef44l4nAn2I0seXqjlJlA1PDrCbOmGUkrU4Rp65Jk0iN8RWQ_Glniew-vxHWHoQ5eSI8yP54KrPMHJC0etsEae4MN24Q-eHlecJtgTpWiOWjn-4g-F_wv-JAg3X8I1j7gy9BceXCqjDE-OuwnCR6CSKCFOxdDhI9NRM3h2MOGP_pSGPcfxJcYURRcqP_iXYlqJNE4O8UP4zMel4MfEhTmaUBk14VGPUwHzZDw8CcdzuNGOX0Z2KRBDR5iWCTGJSDlRcociiynSKYUvmBePshTRvAi56tD3CPkt-G3w4MOrIM9zXILyFFlEdQymiEkp_LiiHn-OPssE_0d9_MjnC9fhcD_eDE9UXCHaG94Fba3x5MPx4_LRCieN09ALW0Io4uXRSKNzVLqC_ke6RkHDiIaufICW00d53LgiK7jqQHxwEnmOewyaIzyeBxdU8cO1XLhM1OHhHP3w7Hh2eBdyzfiOMNGLKtWhM4vx_NixvRz05MHz41IObfPhHH2yQedytGimD4_24yuc5A2uRlAe_Ghe9MxYzEwe6DneB41u3Bp6hXiGZkadR_iW4i-sHP-He9g79CmmPFGJnMeVoFvqIM1xbeiV4xm8K9AVLzh1NDmDKiFxJsrwUID2Es1z_HiS5LjkQ8uPPtJwwsdzDfp0_IST4yeeCE9x9D2aJw8eXMrRzRyaH3cyPDCe0Bqu6MEP6yH-GVeGU3jQXAqHPg-uQI7yoAlthC-eCDm8Ew-vQFd0xKfg5Awe5AweHL5cnMEDXSkVNDm6BroUNEd5BpeeFLFsNNGLUClj48wy6ByOKUefnNgPvVATZTKauAi7jLjwwx-eDNcR5kGyOfhR5gyaX8Hz4BeO-EimJEkNT9_QPziPw0dyRYiZ_KiSVAyaF292_Pjh98if4LhCVFEoQ0vEcMOlBjlKH02PRzlyiNGPOD5-_AyakVTQB8-FHGqOUFqNZtmHh8xxHD7ySEgq_WgS1SiZBdeKO3jgM8f74Jku4cwRbk4DMUcf4ZSO9mimC49-9BS0JCd-XMGPPYcvhcPcB8-OMw-62XDcoY8OQAHQCFnFEAUaEGAMIwIR4oRwDCEFBKMGEsAII0AYQKgCBAgCACEECCAEEIooZIAAQEhLAEJEAKAEAwIYyiBjCBkghDIAECYAYBAAQAwkgAHDAACOOCQQIAIICpwSChgAhDCCEAiRIE5AAwhgAgigiBAUAUIIgU4pAhAxhBlCjASCME4QEUgIAIgASCFAAEACcWKEsMgJAwRgCggAlEDGQIQQBQoAQxhFTECpDGCCOICQMgJYgIQwECgAqASGGACABwAMQ6AgDhAhkEWAASGEY4AALQEBVIAkKEUCEU0IEQAIYIAghggiGUKIIQCUgQg5QBAQGAEKgFGOGkMUQgJRYAVEEgFkDBJOIQGQZ0QQwAhAQAglmXJEScGcAEYUI4gwEggAEASSUWCYIoKCZACDwEAgBCACKECMIgAAYwCjBjCgjALIEeCIAAgQpwDklgkvkIaAGGUAQAQJwBJTyDBBEARCAUoFIM4IJQgyBAABCIBEEOEYMUggpZQQBAoEAAkCCWAMMQIYZIQESiADAAMJIEOgE0Y6oogQIgANIEMaASGQQkSIYIyAAABpADBEIOKUUAAAwLkUAAGCmFIAGQQUNESI4wgwAgADiVIIAEAEIwAJIYoiiAFBLWICCGAUBhAB4IAQDCkAAAJAVQCQYUwAIJQRSgjAIBFAMUMgcAgBARBgxAmChDBECSCZsIAQQZwkSDihAICAEKSQYcoQwKhiRgjipGGOGIisEQJIADRAhiADEJACOIUAgAI4CZAwQANEACEIAeMAAIQpIASQjDjiDBWISCEQEwABQIRghCBggDTMMCoFAIYABAyQhBDgCACQSiAQQIJBZQQwxjgqLSAGSGSUIYJAsAQwgniiqGLQECWAcIYpKQAR1EBNhFGEUQAGAAwxwrSAiEABCFFGaIYgEExQqA0CjEoACCIKICGIYwwRoQwAEAzmACICIOIA"], "composer": ["Roberto Angler\u00f3"]}, "audio_properties": {"sample_rate": 44100, "downmix": "mix", "lossless": false, "analysis_sample_rate": 44100, "md5_encoded": "7cd7e800efeab9f9bb8c0942df1baecc", "equal_loudness": 0, "replay_gain": -6.18501663208, "codec": "mp3", "bit_rate": 128000, "length": 200.254699707}, "version": {"extractor": "music 1.0", "essentia_build_sha": "5a811adb4c06fd6d02ca903f7349a26d851abfa8", "essentia_git_sha": "v2.1_beta1-34-gf95df8b", "essentia": "2.1-beta1"}}, "rhythm": {"beats_loudness_band_ratio": {"dvar2": [0.129192024469, 0.0612013414502, 0.0532920323312, 0.0198042374104, 0.0165869574994, 0.0698665380478], "var": [0.0607507675886, 0.0193067099899, 0.0284609030932, 0.00663216225803, 0.00554879102856, 0.0351847372949], "min": [0, 0, 0, 0, 0, 0], "dmean": [0.306145936251, 0.120222203434, 0.107762798667, 0.0729026049376, 0.0788096264005, 0.159749954939], "mean": [0.343771636486, 0.15026538074, 0.142306029797, 0.0940049365163, 0.0898629426956, 0.198048844934], "max": [0.937659144402, 0.863039791584, 0.878422677517, 0.558024168015, 0.669350087643, 0.727408885956], "dmean2": [0.570492446423, 0.214548781514, 0.189048111439, 0.132264360785, 0.144503518939, 0.289714813232], "median": [0.317939251661, 0.105067677796, 0.0763971731067, 0.0704809352756, 0.0721434876323, 0.12370891124], "dvar": [0.040464874357, 0.0201266910881, 0.0201085545123, 0.00664718542248, 0.00590261630714, 0.0223205126822]}, "bpm_histogram_first_peak_weight": {"dvar2": 0, "var": 0, "min": 0.403141349554, "dmean": 0, "mean": 0.403141349554, "max": 0.403141349554, "dmean2": 0, "median": 0.403141349554, "dvar": 0}, "bpm": 117.095275879, "beats_count": 383, "bpm_histogram_first_peak_spread": {"dvar2": 0, "var": 0, "min": 0.501618146896, "dmean": 0, "mean": 0.501618146896, "max": 0.501618146896, "dmean2": 0, "median": 0.501618146896, "dvar": 0}, "danceability": 1.32563006878, "bpm_histogram_first_peak_bpm": {"dvar2": 0, "var": 0, "min": 117, "dmean": 0, "mean": 117, "max": 117, "dmean2": 0, "median": 117, "dvar": 0}, "beats_position": [0.568888902664, 1.16099774837, 1.72988653183, 2.29877543449, 2.87927436829, 3.45977306366, 4.04027223587, 4.5627207756, 5.10838985443, 5.64244890213, 6.17650794983, 6.71056699753, 7.24462556839, 7.76707458496, 8.28952407837, 8.8119726181, 9.33442115784, 9.85687065125, 10.379319191, 10.9017686844, 11.4242172241, 11.9350566864, 12.4575052261, 12.9799547195, 13.5140132904, 14.0364627838, 14.5589113235, 15.0813598633, 15.6038093567, 16.1262588501, 16.6487064362, 17.1711559296, 17.7052154541, 18.2160549164, 18.7385025024, 19.2609519958, 19.7834014893, 20.3058490753, 20.8282985687, 21.3507480621, 21.8964176178, 22.430475235, 22.9413146973, 23.4637641907, 23.9978218079, 24.5202713013, 25.0311107635, 25.5419502258, 26.0643978119, 26.5868473053, 27.0976867676, 27.6085262299, 28.1193637848, 28.6302032471, 29.1410427094, 29.6518821716, 30.1627197266, 30.6735591888, 31.1843986511, 31.6952381134, 32.2060775757, 32.7169151306, 33.2277526855, 33.7385940552, 34.2610435486, 34.783493042, 35.2943305969, 35.8051681519, 36.3276176453, 36.8268470764, 37.3376846313, 37.8601341248, 38.3825836182, 38.9050331116, 39.4158706665, 39.9267120361, 40.4491615295, 40.9599990845, 41.4708366394, 41.981678009, 42.5041275024, 43.0265769958, 43.5374145508, 44.0482521057, 44.5590934753, 45.0815429688, 45.5807685852, 46.1032180786, 46.6372795105, 47.1713371277, 47.6937866211, 48.2278442383, 48.7619056702, 49.2843513489, 49.8068008423, 50.3408622742, 50.8749198914, 51.3857574463, 51.9082069397, 52.4538764954, 52.9879341125, 53.5568237305, 54.1141014099, 54.6829910278, 55.2286605835, 55.7743301392, 56.3316078186, 56.8424491882, 57.3532867432, 57.8641242981, 58.3633537292, 58.8625831604, 59.37342453, 59.8726501465, 60.3718795776, 60.8827209473, 61.3935585022, 61.9043960571, 62.4036254883, 62.9028549194, 63.4136962891, 63.924533844, 64.4237594604, 64.9229888916, 65.4338302612, 65.9446716309, 66.443901062, 66.9431304932, 67.4423599243, 67.9531936646, 68.4524230957, 68.9516525269, 69.450881958, 69.9617233276, 70.4609527588, 70.9601821899, 71.4710159302, 71.9818572998, 72.481086731, 72.9803161621, 73.4911575317, 73.9903869629, 74.489616394, 75.0004501343, 75.5112915039, 76.0221328735, 76.5329666138, 77.0438079834, 77.5430374146, 78.0538787842, 78.5531082153, 79.0523376465, 79.5515594482, 80.0507888794, 80.5500183105, 81.0608596802, 81.5717010498, 82.08253479, 82.5701599121, 83.0693893433, 83.591835022, 84.1142807007, 84.6367340088, 85.1824035645, 85.7280731201, 86.2853469849, 86.8310165405, 87.3999099731, 87.9804077148, 88.5609054565, 89.1297912598, 89.7219009399, 90.3140106201, 90.8364639282, 91.3589096069, 91.8813552856, 92.4038085938, 92.9262542725, 93.4370956421, 93.9595413208, 94.4819946289, 95.0044403076, 95.5268936157, 96.037727356, 96.5601806641, 97.0826263428, 97.5934677124, 98.104309082, 98.6151428223, 99.1492080688, 99.6716537476, 100.194099426, 100.716552734, 101.238998413, 101.749839783, 102.260681152, 102.771514893, 103.282356262, 103.804801941, 104.315643311, 104.838096619, 105.360542297, 105.882987976, 106.405441284, 106.939498901, 107.46194458, 107.996009827, 108.518455505, 109.040908813, 109.574966431, 110.085800171, 110.608253479, 111.130699158, 111.664756775, 112.187210083, 112.7212677, 113.23210907, 113.766166687, 114.277008057, 114.799453735, 115.333511353, 115.844352722, 116.366798401, 116.889251709, 117.411697388, 117.934150696, 118.444984436, 118.955825806, 119.478271484, 120.000724792, 120.511566162, 121.022399902, 121.533241272, 122.044082642, 122.554916382, 123.065757751, 123.58820343, 124.122268677, 124.644714355, 125.155555725, 125.678001404, 126.200454712, 126.711288452, 127.222129822, 127.732971191, 128.243804932, 128.754638672, 129.265487671, 129.78793335, 130.310379028, 130.821228027, 131.332061768, 131.854507446, 132.376953125, 132.887802124, 133.410247803, 133.909469604, 134.420318604, 134.931152344, 135.453598022, 135.97605896, 136.4868927, 136.99772644, 137.508575439, 138.031021118, 138.553466797, 139.087524414, 139.621582031, 140.155639648, 140.712921143, 141.293426514, 141.850692749, 142.407974243, 142.94203186, 143.476104736, 144.010162354, 144.532608032, 145.055053711, 145.565887451, 146.07673645, 146.58757019, 147.098403931, 147.60925293, 148.12008667, 148.63092041, 149.130157471, 149.629379272, 150.140228271, 150.651062012, 151.161895752, 151.661132812, 152.160354614, 152.671203613, 153.182037354, 153.681274414, 154.180496216, 154.691329956, 155.202178955, 155.701400757, 156.200637817, 156.711471558, 157.222305298, 157.733154297, 158.243988037, 158.754821777, 159.265670776, 159.764892578, 160.275741577, 160.774963379, 161.285797119, 161.78503418, 162.29586792, 162.79510498, 163.305938721, 163.816772461, 164.316009521, 164.815231323, 165.326080322, 165.825302124, 166.324539185, 166.835372925, 167.334594727, 167.833831787, 168.333053589, 168.832290649, 169.34312439, 169.85395813, 170.364807129, 170.875640869, 171.386474609, 171.88571167, 172.384933472, 172.895782471, 173.406616211, 173.917449951, 174.416687012, 174.915908813, 175.415145874, 175.925979614, 176.436828613, 176.959274292, 177.470108032, 177.980941772, 178.491790771, 179.002624512, 179.513473511, 180.024307251, 180.535140991, 181.04598999, 181.55682373, 182.067657471, 182.57850647, 183.08934021, 183.60017395, 184.111022949, 184.621856689, 185.155914307, 185.678359985, 186.189208984, 186.711654663, 187.24571228, 187.756546021, 188.26739502, 188.77822876, 189.312286377, 189.823120117, 190.333969116, 190.844802856, 191.367248535, 191.878097534, 192.400543213, 192.911376953, 193.44543457, 193.979492188, 194.501953125, 195.128890991, 195.767440796, 196.41758728, 197.044525146, 197.671463013, 198.298416138, 198.925354004, 199.55229187], "beats_loudness": {"dvar2": 0.00112724350765, "var": 0.000506401760504, "min": 0, "dmean": 0.0229645930231, "mean": 0.0338739976287, "max": 0.164623633027, "dmean2": 0.0413241423666, "median": 0.0285064503551, "dvar": 0.000415148504544}, "bpm_histogram_second_peak_weight": {"dvar2": 0, "var": 0, "min": 0.0916230380535, "dmean": 0, "mean": 0.0916230380535, "max": 0.0916230380535, "dmean2": 0, "median": 0.0916230380535, "dvar": 0}, "bpm_histogram_second_peak_spread": {"dvar2": 0, "var": 0, "min": 0.285714268684, "dmean": 0, "mean": 0.285714268684, "max": 0.285714268684, "dmean2": 0, "median": 0.285714268684, "dvar": 0}, "bpm_histogram_second_peak_bpm": {"dvar2": 0, "var": 0, "min": 112, "dmean": 0, "mean": 112, "max": 112, "dmean2": 0, "median": 112, "dvar": 0}, "onset_rate": 5.38267660141}, "lowlevel": {"spectral_energyband_high": {"dvar2": 1.53134442371e-05, "var": 1.99564583454e-05, "min": 6.90619959666e-21, "dmean": 0.00140920246486, "mean": 0.00261744810268, "max": 0.0323452912271, "dmean2": 0.00221093720756, "median": 0.000287548173219, "dvar": 6.86018483975e-06}, "spectral_energyband_middle_low": {"dvar2": 0.000149898100062, "var": 0.000207459292142, "min": 1.80255486771e-22, "dmean": 0.00475325994194, "mean": 0.0100261839107, "max": 0.17641274631, "dmean2": 0.00695417681709, "median": 0.00513655226678, "dvar": 7.28285231162e-05}, "spectral_energy": {"dvar2": 0.000295089965221, "var": 0.000574509438593, "min": 9.99243388811e-21, "dmean": 0.00995155610144, "mean": 0.0294593106955, "max": 0.191822275519, "dmean2": 0.0139715559781, "median": 0.0258369706571, "dvar": 0.000143302095239}, "spectral_spread": {"dvar2": 1239103438850.0, "var": 15418243678200.0, "min": 342172.5, "dmean": 637479.25, "mean": 4205579, "max": 42399252, "dmean2": 983269.9375, "median": 3832550, "dvar": 558402306048}, "spectral_energyband_low": {"dvar2": 0.000161387972184, "var": 0.000234118444496, "min": 2.20948248634e-23, "dmean": 0.00493230530992, "mean": 0.0105419410393, "max": 0.132928565145, "dmean2": 0.00722517073154, "median": 0.00427300017327, "dvar": 7.27479346097e-05}, "spectral_rolloff": {"dvar2": 78393192, "var": 81797688, "min": 64.599609375, "dmean": 2937.18701172, "mean": 8197.3671875, "max": 21985.4003906, "dmean2": 5431.77929688, "median": 1787.25585938, "dvar": 34222648}, "barkbands": {"dvar2": [3.31677642862e-06, 0.00014447409194, 5.28811096956e-06, 6.00352632318e-06, 1.25555998238e-05, 6.74729599268e-05, 2.93190169032e-05, 2.17366123252e-05, 9.07150024432e-06, 1.57588801812e-05, 5.44233989785e-06, 8.43216071189e-07, 6.81003427871e-07, 4.5646424951e-07, 3.77814581043e-06, 3.43286529869e-07, 2.4644961627e-07, 1.80041638487e-07, 2.07827065424e-06, 6.58054602809e-07, 4.56182249309e-07, 4.89292006023e-07, 1.2853061726e-08, 3.98689865844e-11, 2.6268601877e-11, 9.98165994304e-09, 7.94865536591e-06], "var": [3.73270927412e-06, 0.00018579159223, 2.17087153942e-06, 3.29536828758e-06, 1.29281361296e-05, 4.67855134048e-05, 2.83737917925e-05, 2.39785786107e-05, 5.20398452863e-06, 1.50692230818e-05, 4.62952857561e-06, 6.7020704364e-07, 7.29298449187e-07, 3.26595085198e-07, 3.60139893019e-06, 3.09317954361e-07, 2.66994476306e-07, 1.48889114371e-07, 5.75829915306e-07, 2.07863976698e-07, 3.4486106415e-07, 7.85222596278e-07, 1.2876891553e-08, 2.27989051249e-11, 1.17103401628e-11, 9.61686197343e-09, 9.46732507145e-06], "min": [3.74831745762e-25, 3.48959523957e-24, 9.83283169491e-25, 1.57445074939e-25, 1.07313071895e-23, 9.68562709456e-24, 6.05444552199e-24, 8.27252320009e-24, 1.20494653631e-23, 8.4518202398e-24, 2.0869058079e-23, 2.17405300759e-23, 2.17311804965e-23, 3.12260775902e-23, 4.81731606399e-23, 5.40979099348e-23, 7.30078903314e-23, 8.16205664095e-23, 1.14050909591e-22, 1.65601215321e-22, 2.21919219657e-22, 2.28589701254e-22, 3.95297568518e-22, 5.72933645808e-22, 8.74753696169e-22, 1.30744054529e-21, 1.8312068259e-21], "dmean": [0.000674304377753, 0.00418589264154, 0.000762140844017, 0.00080070248805, 0.00110418070108, 0.00183171895333, 0.00119877257384, 0.00117938406765, 0.000658330973238, 0.000908806279767, 0.000561711960472, 0.000290870957542, 0.000246953393798, 0.000182731251698, 0.000535561935976, 0.000205210031709, 0.000200892565772, 0.00016806498752, 0.000329437316395, 0.000210019323276, 0.000229169309023, 0.000199171423446, 2.37026379182e-05, 2.41356428887e-06, 1.83301301604e-06, 2.15036743612e-05, 0.00103002076503], "mean": [0.00112270412501, 0.00842241756618, 0.000855468329974, 0.000920720340218, 0.00164290028624, 0.00260207732208, 0.00165720004588, 0.00175914727151, 0.000915027514566, 0.00126618915237, 0.00084032776067, 0.000459766335553, 0.000407916755648, 0.00027882566792, 0.000788762175944, 0.000324025662849, 0.000307157519273, 0.00023753613641, 0.00031617708737, 0.000208486570045, 0.000321802537655, 0.000400083750719, 3.7117057218e-05, 2.73872433354e-06, 1.8661910417e-06, 3.26220397255e-05, 0.0018705005059], "max": [0.0187706109136, 0.122671321034, 0.0223120972514, 0.031543456018, 0.0610155910254, 0.153686970472, 0.139699578285, 0.10833337903, 0.0471243560314, 0.0826834142208, 0.0571007505059, 0.012999817729, 0.0140326591209, 0.00976231694221, 0.0326658301055, 0.00831874273717, 0.00845406763256, 0.00532595487311, 0.0115702571347, 0.00718572037295, 0.00704861944541, 0.0100752143189, 0.00231467210688, 6.6261185566e-05, 4.28734310844e-05, 0.00189146306366, 0.018914334476], "dmean2": [0.00102684623562, 0.00618893094361, 0.00126986496616, 0.00129351008218, 0.00175165804103, 0.00281034666114, 0.0018035400426, 0.0017744806828, 0.00104748667218, 0.0013443675125, 0.000849359843414, 0.000443699711468, 0.000383669190342, 0.000282185239485, 0.000804406940006, 0.000314961158438, 0.000308810005663, 0.000261359760771, 0.00056510232389, 0.000354029238224, 0.000365541869542, 0.000299288891256, 3.67604261555e-05, 3.9092010411e-06, 2.98553914035e-06, 3.35536715284e-05, 0.00162506464403], "median": [0.000266644783551, 0.00273310695775, 0.000376475101802, 0.000308970600599, 0.000825263676234, 0.000846380949952, 0.000291496515274, 0.000276198959909, 0.000235901316046, 0.000186187884538, 0.00025011197431, 0.000184423857718, 0.000139302923344, 8.91613890417e-05, 0.000179343041964, 0.000103060141555, 0.000110570836114, 7.66760567785e-05, 5.67989845877e-05, 5.09788333147e-05, 4.33682216681e-05, 2.06941149372e-05, 4.27961140304e-06, 9.33090802846e-07, 6.45155523671e-07, 3.03250772049e-06, 0.000230713136261], "dvar": [1.50829964696e-06, 6.30547947367e-05, 2.11529845728e-06, 2.65101948571e-06, 5.95431083639e-06, 3.11879011861e-05, 1.41158661791e-05, 1.07271607703e-05, 3.66622293768e-06, 7.85835982242e-06, 2.52397285294e-06, 3.56595137418e-07, 2.97631828516e-07, 1.83751680538e-07, 1.74073090875e-06, 1.43094894156e-07, 1.14077096214e-07, 7.84117020203e-08, 7.69065707118e-07, 2.51449137068e-07, 1.86865079854e-07, 2.41771090259e-07, 5.74511194174e-09, 1.64500895544e-11, 1.08135705251e-11, 4.49889103749e-09, 3.47064838024e-06]}, "melbands_skewness": {"dvar2": 1.95324754715, "var": 2.85600185394, "min": -1.34842562675, "dmean": 0.849719941616, "mean": 2.24508547783, "max": 15.8274459839, "dmean2": 1.27098822594, "median": 1.86992454529, "dvar": 0.863561272621}, "barkbands_skewness": {"dvar2": 1.87840723991, "var": 2.78322052956, "min": -2.2014169693, "dmean": 0.83667075634, "mean": 1.64003098011, "max": 14.0430927277, "dmean2": 1.2537548542, "median": 1.40968704224, "dvar": 0.84069943428}, "erbbands": {"dvar2": [0.24653801322, 5.21503925323, 4.63231658936, 35.6002578735, 34.7730064392, 272.595336914, 622.874328613, 7899.49902344, 6859.859375, 10750.3974609, 8798.85351562, 4613.34423828, 14713.40625, 11983.4638672, 4493.95068359, 1133.77734375, 1526.3996582, 1106.89709473, 5644.44628906, 7072.01123047, 657.431152344, 587.743713379, 667.693054199, 570.809814453, 8902.27734375, 1919.73474121, 1111.58520508, 568.117919922, 1205.59143066, 110.561637878, 3.12112283707, 0.0451808646321, 0.0111925937235, 0.00333262211643, 0.0013222489506, 0.000594064418692, 0.0110208578408, 1.02292561531, 0.275528728962, 0.00169849430677], "var": [0.469856441021, 4.05997133255, 2.27339220047, 17.1909790039, 24.5404949188, 228.826828003, 552.08001709, 5331.93505859, 4880.29980469, 12629.71875, 10460.2568359, 2717.40771484, 13947.6679688, 10430.703125, 3684.56323242, 985.537353516, 1803.51989746, 847.594604492, 4880.87695312, 6236.33203125, 806.770568848, 650.276794434, 575.876037598, 321.806793213, 2309.73144531, 584.254638672, 465.379272461, 776.263427734, 1450.61474609, 156.813247681, 4.46658325195, 0.0458971373737, 0.00565051473677, 0.00148552015889, 0.000599879771471, 0.000367506465409, 0.0211198627949, 1.84529972076, 0.235523045063, 0.00151491013821], "min": [1.81473096734e-22, 6.13083661902e-22, 1.88234015869e-21, 4.68912533385e-21, 1.9512705974e-20, 2.25642754201e-20, 6.36443038432e-20, 8.07460368256e-20, 1.31293958384e-19, 9.31305784944e-20, 3.14664519798e-19, 2.79366758506e-19, 4.44801433451e-19, 6.92499427109e-19, 1.21809303855e-18, 1.01727726387e-18, 1.34353166972e-18, 1.91697928227e-18, 2.73184689781e-18, 3.61442110765e-18, 3.97723575921e-18, 4.99351151415e-18, 4.02551126053e-18, 6.42785303608e-18, 5.95135978012e-18, 7.77354974766e-18, 8.42377574767e-18, 9.38071701009e-18, 8.71856058411e-18, 1.06396495065e-17, 1.02383668205e-17, 1.18873215931e-17, 9.56088025623e-18, 8.4951457181e-18, 6.08650248064e-18, 4.66417368917e-18, 2.07944892831e-18, 9.90540615124e-19, 2.3838440525e-19, 2.47218047957e-20], "dmean": [0.176940917969, 0.76066160202, 0.790508329868, 1.8825969696, 2.36440181732, 4.60431432724, 6.76333189011, 18.7941589355, 15.8000946045, 23.7148704529, 22.5067481995, 14.6307191849, 26.7531490326, 23.443567276, 18.5469417572, 11.7003145218, 11.3412942886, 8.861120224, 21.7738819122, 21.9735946655, 10.3630990982, 10.0041284561, 9.98601818085, 8.79731369019, 19.9716873169, 11.1028518677, 9.72382259369, 8.36368370056, 9.42832183838, 2.57532048225, 0.457343697548, 0.0810368582606, 0.0367770977318, 0.0207019783556, 0.0131236352026, 0.00937332212925, 0.0322441980243, 0.305458456278, 0.170902445912, 0.0147957326844], "mean": [0.384068578482, 1.32939970493, 1.05749320984, 2.24409818649, 3.27564692497, 6.37189245224, 9.58111381531, 26.88032341, 21.7665061951, 36.5766677856, 33.672416687, 22.0220146179, 38.6590843201, 35.0057945251, 30.1787052155, 19.8547077179, 19.7186489105, 15.2714252472, 32.8340759277, 32.5741767883, 17.9168891907, 16.0919952393, 14.7436513901, 11.2803878784, 17.698217392, 10.8566732407, 11.3574762344, 14.5834712982, 16.7688312531, 4.89235639572, 0.824498236179, 0.117373764515, 0.0399316325784, 0.0214616749436, 0.0137170189992, 0.0116812242195, 0.0645811259747, 0.62106180191, 0.274872362614, 0.0256126094609], "max": [6.02957201004, 26.1147823334, 23.8422412872, 67.8396987915, 83.2537078857, 272.862915039, 446.626251221, 1686.86767578, 1537.19213867, 2503.27783203, 2837.52416992, 1114.43847656, 2242.56469727, 3006.04711914, 1049.37548828, 381.600494385, 783.011474609, 550.237854004, 1841.56640625, 1324.9152832, 306.503631592, 513.792175293, 381.817474365, 172.238082886, 747.790649414, 354.754180908, 306.321594238, 240.027542114, 464.29486084, 145.273193359, 27.2312393188, 2.76964640617, 1.46368265152, 0.466639459133, 0.320439279079, 0.264995902777, 1.49831616879, 13.4589033127, 4.09634065628, 0.263269096613], "dmean2": [0.259516596794, 1.14822089672, 1.2938836813, 3.09259796143, 3.68847060204, 7.46518850327, 10.665102005, 28.7260112762, 24.0435676575, 34.9077072144, 34.2676048279, 22.8886795044, 39.4638290405, 35.2369003296, 27.7038841248, 17.6420516968, 17.4055805206, 13.5403261185, 33.005027771, 33.096446991, 15.5979728699, 15.149813652, 15.3881607056, 14.1213054657, 34.6960906982, 18.7705440521, 15.9696159363, 12.9075088501, 14.2947692871, 3.88244843483, 0.687111198902, 0.127144917846, 0.0602240636945, 0.0337627828121, 0.0213284250349, 0.0150963673368, 0.0489781945944, 0.46301817894, 0.275289416313, 0.0235954988748], "median": [0.094950824976, 0.502452433109, 0.545150279999, 0.883439540863, 1.60350584984, 2.88566923141, 3.90829658508, 7.73557376862, 5.56059885025, 5.07954788208, 6.47117090225, 5.9107093811, 5.21596431732, 8.49162101746, 11.05975914, 8.69010925293, 7.43101978302, 6.14643144608, 10.3795585632, 8.39511299133, 6.61827468872, 6.59182929993, 5.17653512955, 3.1737267971, 2.85154390335, 2.53016281128, 2.19102048874, 1.35188877583, 0.81363928318, 0.339037001133, 0.104878768325, 0.0338775217533, 0.013607846573, 0.00779739115387, 0.00509386137128, 0.00436839088798, 0.00678270868957, 0.026215493679, 0.0199060477316, 0.00473868101835], "dvar": [0.12015530467, 2.08049201965, 1.88516509533, 15.1754732132, 15.587313652, 120.551017761, 291.922943115, 3637.58666992, 3215.90429688, 5293.69042969, 4399.92871094, 1856.9263916, 7132.61181641, 5831.39941406, 1960.96142578, 476.17791748, 688.042724609, 439.536987305, 2563.87524414, 3193.38110352, 291.92755127, 275.163848877, 288.320526123, 233.285842896, 3271.80273438, 728.692321777, 439.229644775, 252.756866455, 561.060913086, 51.8304290771, 1.47829091549, 0.019493309781, 0.00458971876651, 0.00136748689692, 0.000546128547285, 0.000250808894634, 0.00563783803955, 0.520095705986, 0.114459455013, 0.000703449710272]}, "silence_rate_30dB": {"dvar2": 0.0192327257246, "var": 0.00804902240634, "min": 0, "dmean": 0.00788405817002, "mean": 0.991885006428, "max": 1, "dmean2": 0.0157699435949, "median": 1, "dvar": 0.00782131683081}, "melbands_spread": {"dvar2": 511.435943604, "var": 725.192993164, "min": 0.35018107295, "dmean": 10.6957368851, "mean": 27.0721302032, "max": 155.435272217, "dmean2": 16.0923480988, "median": 16.9587154388, "dvar": 235.053970337}, "melbands_crest": {"dvar2": 27.0815315247, "var": 53.5171470642, "min": 1.00147736073, "dmean": 3.85738396645, "mean": 15.5103445053, "max": 35.532535553, "dmean2": 5.95068836212, "median": 14.0212593079, "dvar": 12.5116481781}, "zerocrossingrate": {"dvar2": 0.0014008411672, "var": 0.0160366147757, "min": 0.00439453125, "dmean": 0.0364051163197, "mean": 0.200804278255, "max": 0.5322265625, "dmean2": 0.0421503223479, "median": 0.1708984375, "dvar": 0.00110436708201}, "barkbands_kurtosis": {"dvar2": 347.732147217, "var": 244.606704712, "min": -1.77626276016, "dmean": 6.01661872864, "mean": 7.76268529892, "max": 330.383850098, "dmean2": 9.42367362976, "median": 2.95417380333, "dvar": 142.370239258}, "spectral_flux": {"dvar2": 0.00159433856606, "var": 0.00198509823531, "min": 6.39360231425e-11, "dmean": 0.0266641620547, "mean": 0.0898148268461, "max": 0.313094884157, "dmean2": 0.0413206741214, "median": 0.0876147896051, "dvar": 0.000707797124051}, "barkbands_crest": {"dvar2": 15.8854961395, "var": 21.5763168335, "min": 2.81453704834, "dmean": 2.85336256027, "mean": 10.830245018, "max": 25.1182575226, "dmean2": 4.48255872726, "median": 9.56491088867, "dvar": 6.98556661606}, "barkbands_flatness_db": {"dvar2": 0.00203630444594, "var": 0.00387855968438, "min": 0.0460230000317, "dmean": 0.0332082957029, "mean": 0.151658341289, "max": 0.513370096684, "dmean2": 0.0481255836785, "median": 0.139993548393, "dvar": 0.00102299416903}, "spectral_entropy": {"dvar2": 0.153897896409, "var": 0.286907434464, "min": 5.18844604492, "dmean": 0.276339739561, "mean": 7.36804389954, "max": 9.82603931427, "dmean2": 0.40369489789, "median": 7.44770812988, "dvar": 0.0752857625484}, "pitch_salience": {"dvar2": 0.010940477252, "var": 0.0175250973552, "min": 0.0812308192253, "dmean": 0.0775197222829, "mean": 0.5377997756, "max": 0.996072649956, "dmean2": 0.120643161237, "median": 0.556540906429, "dvar": 0.00471689086407}, "erbbands_spread": {"dvar2": 211.062942505, "var": 214.267990112, "min": 1.76896107197, "dmean": 8.9382390976, "mean": 29.9040927887, "max": 103.93687439, "dmean2": 13.8177080154, "median": 27.6367321014, "dvar": 91.6893692017}, "dynamic_complexity": 3.47768259048, "spectral_contrast_valleys": {"dvar2": [0.340540677309, 0.237994387746, 0.202896475792, 0.29017791152, 0.689069747925, 0.962058007717], "var": [5.12394332886, 5.122194767, 4.86248922348, 4.8659029007, 5.31903457642, 3.66020178795], "min": [-28.2045040131, -27.9392089844, -27.9967060089, -27.7266387939, -27.5710525513, -27.3752212524], "dmean": [0.455548942089, 0.393054813147, 0.367534846067, 0.422952234745, 0.664870619774, 0.719875812531], "mean": [-7.38207626343, -6.8746547699, -7.45203542709, -7.99616909027, -8.15158939362, -11.6195726395], "max": [-5.26115226746, -4.58545446396, -5.28396320343, -5.81675958633, -5.65104627609, -9.16525650024], "dmean2": [0.689851403236, 0.616597831249, 0.548295795918, 0.584778547287, 0.885763466358, 1.14448416233], "median": [-6.99974584579, -6.61832809448, -7.14521408081, -7.60281276703, -7.70115041733, -11.3447093964], "dvar": [0.182003125548, 0.118305422366, 0.112385936081, 0.16910533607, 0.38463562727, 0.402039915323]}, "hfc": {"dvar2": 4613.97705078, "var": 8788.35449219, "min": 1.06588601144e-16, "dmean": 34.38804245, "mean": 83.0172424316, "max": 579.23828125, "dmean2": 50.6253700256, "median": 45.0406646729, "dvar": 2184.58886719}, "spectral_kurtosis": {"dvar2": 318.267333984, "var": 190.159561157, "min": -1.25867092609, "dmean": 6.74620199203, "mean": 17.8290424347, "max": 345.18258667, "dmean2": 10.6547937393, "median": 14.4579763412, "dvar": 129.413467407}, "mfcc": {"mean": [-696.466369629, 160.359359741, -21.3312778473, 36.1644287109, -12.2298974991, 18.0602245331, -4.56189632416, 2.64082336426, 5.37699222565, -2.01892638206, 2.64160370827, -0.236880049109, 5.19201421738], "cov": [[10424.3183594, -1079.73242188, -2050.70019531, 1430.16809082, -1037.64929199, 580.276550293, -602.63458252, 267.952789307, 124.803466797, -107.371795654, 220.158691406, -110.31212616, 183.776641846], [-1079.73242188, 1963.95336914, 485.907958984, -657.159179688, 393.570831299, -308.75201416, 143.754455566, -134.487976074, 93.8824081421, 135.816070557, -82.5384674072, 48.5069046021, 0.398968964815], [-2050.70019531, 485.907958984, 1096.7434082, -401.906005859, 417.481292725, -103.279685974, 272.780303955, -10.3072118759, -28.9725208282, 42.6387672424, -46.4047470093, 77.8160629272, -25.9111747742], [1430.16809082, -657.159179688, -401.906005859, 809.499938965, -269.156158447, 276.29397583, -26.2872066498, 89.3472518921, -12.6323423386, -58.023059845, 76.911895752, -34.1911087036, 21.4961051941], [-1037.64929199, 393.570831299, 417.481292725, -269.156158447, 409.666168213, -54.5625915527, 175.083984375, -18.749704361, 21.001914978, 35.9832115173, -30.2789916992, 62.7135353088, -2.89124345779], [580.276550293, -308.75201416, -103.279685974, 276.29397583, -54.5625915527, 358.955871582, 38.8460197449, 105.588058472, -32.1764945984, -92.7717971802, 47.3504219055, 17.3690719604, 36.6920661926], [-602.63458252, 143.754455566, 272.780303955, -26.2872066498, 175.083984375, 38.8460197449, 258.241485596, 15.7626886368, -5.57367372513, 0.301241993904, -11.4810781479, 49.7860298157, 2.31229496002], [267.952789307, -134.487976074, -10.3072118759, 89.3472518921, -18.749704361, 105.588058472, 15.7626886368, 134.402908325, 19.5328960419, -23.7417163849, 12.2019691467, -3.72508859634, 16.8718070984], [124.803466797, 93.8824081421, -28.9725208282, -12.6323423386, 21.001914978, -32.1764945984, -5.57367372513, 19.5328960419, 111.582511902, 53.6739997864, 5.91201925278, -4.65994930267, 0.123526565731], [-107.371795654, 135.816070557, 42.6387672424, -58.023059845, 35.9832115173, -92.7717971802, 0.301241993904, -23.7417163849, 53.6739997864, 139.074768066, 17.3431015015, -1.88525056839, -2.64241099358], [220.158691406, -82.5384674072, -46.4047470093, 76.911895752, -30.2789916992, 47.3504219055, -11.4810781479, 12.2019691467, 5.91201925278, 17.3431015015, 84.0069885254, 23.3258628845, 6.63436603546], [-110.31212616, 48.5069046021, 77.8160629272, -34.1911087036, 62.7135353088, 17.3690719604, 49.7860298157, -3.72508859634, -4.65994930267, -1.88525056839, 23.3258628845, 79.3569259644, 24.6463394165], [183.776641846, 0.398968964815, -25.9111747742, 21.4961051941, -2.89124345779, 36.6920661926, 2.31229496002, 16.8718070984, 0.123526565731, -2.64241099358, 6.63436603546, 24.6463394165, 64.9404602051]], "icov": [[0.000199770423933, -7.25317368051e-05, 0.000216226282646, -0.00019310337666, 0.000130978252855, -8.07267424534e-05, 0.000208511657547, -0.000207706660149, -0.000133478446514, 1.11152285172e-05, -9.2043337645e-05, -9.62375270319e-05, -0.000270080839982], [-7.25317368051e-05, 0.000872813805472, -0.000124637226691, 0.000507351825945, -0.000341264792951, 0.000140338757774, -0.000337106437655, 0.000634757918306, -0.000567715731449, -0.0001808378438, 0.000225524039706, 0.000197565474082, -0.000369467481505], [0.000216226282646, -0.000124637226691, 0.00212450744584, 0.000239339831751, -0.000921295257285, 0.00016486903769, -0.000865589187015, -0.00101353926584, 0.00100031797774, -0.000469615450129, 1.79685571311e-06, -0.000522404618096, 0.000494354520924], [-0.00019310337666, 0.000507351825945, 0.000239339831751, 0.00285157747567, 0.000909335154574, -0.00122591143008, -0.00141028757207, 0.000366325868526, -0.000251955352724, -0.00028592091985, -0.000935153861064, 0.00110542075709, 4.79697118863e-05], [0.000130978252855, -0.000341264792951, -0.000921295257285, 0.000909335154574, 0.00586415827274, -0.000769265403505, -0.00191363785416, 0.000298929662677, -0.00136847794056, -0.000492485472932, 0.000961160869338, -0.00203498755582, 0.000305733265122], [-8.07267424534e-05, 0.000140338757774, 0.00016486903769, -0.00122591143008, -0.000769265403505, 0.00624749064445, -0.00092923711054, -0.00292675802484, 0.000985024613328, 0.003015069291, -0.00255296751857, 0.000230100413319, -0.0017772213323], [0.000208511657547, -0.000337106437655, -0.000865589187015, -0.00141028757207, -0.00191363785416, -0.00092923711054, 0.00746423657984, -0.000762550684158, 0.000258696440142, -0.00044701580191, 0.00175146083347, -0.00304427393712, 0.000863380555529], [-0.000207706660149, 0.000634757918306, -0.00101353926584, 0.000366325868526, 0.000298929662677, -0.00292675802484, -0.000762550684158, 0.0117574427277, -0.00399226788431, 0.00122864940204, -0.000264990230789, 0.00244911760092, -0.00214712321758], [-0.000133478446514, -0.000567715731449, 0.00100031797774, -0.000251955352724, -0.00136847794056, 0.000985024613328, 0.000258696440142, -0.00399226788431, 0.0133626172319, -0.0047865640372, 0.000136911068694, -0.00011803018424, 0.00108489498962], [1.11152285172e-05, -0.0001808378438, -0.000469615450129, -0.00028592091985, -0.000492485472932, 0.003015069291, -0.00044701580191, 0.00122864940204, -0.0047865640372, 0.0122273797169, -0.00508938124403, 0.00270429207012, -0.00215161172673], [-9.2043337645e-05, 0.000225524039706, 1.79685571311e-06, -0.000935153861064, 0.000961160869338, -0.00255296751857, 0.00175146083347, -0.000264990230789, 0.000136911068694, -0.00508938124403, 0.0184379518032, -0.00850859936327, 0.0031993042212], [-9.62375270319e-05, 0.000197565474082, -0.000522404618096, 0.00110542075709, -0.00203498755582, 0.000230100413319, -0.00304427393712, 0.00244911760092, -0.00011803018424, 0.00270429207012, -0.00850859936327, 0.0221041105688, -0.00846121367067], [-0.000270080839982, -0.000369467481505, 0.000494354520924, 4.79697118863e-05, 0.000305733265122, -0.0017772213323, 0.000863380555529, -0.00214712321758, 0.00108489498962, -0.00215161172673, 0.0031993042212, -0.00846121367067, 0.0206862799823]]}, "silence_rate_20dB": {"dvar2": 0, "var": 0, "min": 1, "dmean": 0, "mean": 1, "max": 1, "dmean2": 0, "median": 1, "dvar": 0}, "melbands_kurtosis": {"dvar2": 608.314575195, "var": 397.735870361, "min": -1.87569248676, "dmean": 7.6309056282, "mean": 10.8113889694, "max": 367.716094971, "dmean2": 11.9842786789, "median": 4.4115524292, "dvar": 243.321166992}, "barkbands_spread": {"dvar2": 549.605102539, "var": 872.865966797, "min": 0.348601847887, "dmean": 12.9460353851, "mean": 33.6396179199, "max": 120.301773071, "dmean2": 19.393157959, "median": 20.7771129608, "dvar": 275.013336182}, "erbbands_skewness": {"dvar2": 0.660990774632, "var": 0.687798678875, "min": -3.83161592484, "dmean": 0.501022577286, "mean": 0.153578057885, "max": 5.16177845001, "dmean2": 0.778661847115, "median": 0.107447870076, "dvar": 0.275279223919}, "average_loudness": 0.88762152195, "spectral_centroid": {"dvar2": 530010.8125, "var": 1879454, "min": 165.374023438, "dmean": 421.574798584, "mean": 1492.94421387, "max": 11765.6259766, "dmean2": 621.134765625, "median": 1023.35705566, "dvar": 286640.875}, "dissonance": {"dvar2": 0.00197233469225, "var": 0.00141891057137, "min": 0.111375823617, "dmean": 0.0260549839586, "mean": 0.456985741854, "max": 0.500000059605, "dmean2": 0.0433937199414, "median": 0.468450129032, "dvar": 0.000748239865061}, "erbbands_flatness_db": {"dvar2": 0.00159708072897, "var": 0.00249806628563, "min": 0.063618734479, "dmean": 0.0290643777698, "mean": 0.162446603179, "max": 0.45458060503, "dmean2": 0.0437296628952, "median": 0.153556525707, "dvar": 0.000697263516486}, "spectral_strongpeak": {"dvar2": 56.859210968, "var": 21.0960216522, "min": 0, "dmean": 1.36887001991, "mean": 1.50230681896, "max": 50.9745292664, "dmean2": 2.42897081375, "median": 0.330728292465, "dvar": 21.9354953766}, "spectral_rms": {"dvar2": 1.47356104208e-06, "var": 5.22045593243e-06, "min": 3.12229343942e-12, "dmean": 0.000921225175261, "mean": 0.00484978174791, "max": 0.0136800473556, "dmean2": 0.0012380015105, "median": 0.00502063706517, "dvar": 8.36036520013e-07}, "silence_rate_60dB": {"dvar2": 0.101301401854, "var": 0.0898459330201, "min": 0, "dmean": 0.0482318848372, "mean": 0.0998145118356, "max": 1, "dmean2": 0.0964749529958, "median": 0, "dvar": 0.0459011048079}, "melbands": {"dvar2": [1.45176654769e-05, 2.17061824515e-06, 9.14489646675e-07, 4.6813715926e-07, 6.95169489973e-07, 3.55126530849e-06, 1.48722585891e-06, 1.17484501061e-06, 4.69133169645e-07, 2.10078937357e-07, 3.74200681108e-07, 2.28113393064e-07, 7.80087106023e-08, 1.42144811477e-08, 6.68616273458e-09, 5.2860369415e-09, 5.19027976154e-09, 1.2843892172e-08, 1.85854034385e-08, 4.32168167919e-09, 9.75854064222e-10, 7.36727678863e-10, 1.01995212276e-09, 3.61226409895e-10, 2.71537320407e-10, 7.49550732593e-09, 1.25594856737e-09, 7.33201444003e-10, 4.41386371897e-10, 3.41819822447e-10, 3.09352377048e-10, 5.60437474206e-10, 1.61554922218e-10, 2.56238311819e-11, 1.84742238868e-12, 1.04248058211e-13, 6.5329241413e-15, 6.87530756407e-15, 3.06693731893e-15, 2.21196873176e-15], "var": [2.23717088375e-05, 1.4996420532e-06, 5.37346068086e-07, 3.21242964674e-07, 7.20794332665e-07, 2.4239107006e-06, 1.14122042305e-06, 1.34539857299e-06, 5.32049000412e-07, 1.19720468206e-07, 3.55875670266e-07, 1.99486777319e-07, 6.22769960046e-08, 1.15576712645e-08, 5.83648906982e-09, 6.09385697459e-09, 3.44379813555e-09, 1.04109458832e-08, 1.7967732191e-08, 3.74081032817e-09, 1.11924625124e-09, 8.38713709594e-10, 7.79073860979e-10, 2.83739559626e-10, 1.7124053564e-10, 1.89625271041e-09, 3.60521029696e-10, 2.28733573748e-10, 1.7046396239e-10, 2.13978668118e-10, 3.50230400237e-10, 6.12108252973e-10, 1.73042580265e-10, 2.69098094502e-11, 1.90426190441e-12, 9.50102016918e-14, 3.30168678279e-15, 3.35026454584e-15, 1.37142458627e