{"tonal": {"thpcp": [1, 0.605885565281, 0.308186233044, 0.236848756671, 0.164167001843, 0.130161270499, 0.115424081683, 0.0994721576571, 0.089646063745, 0.0821136832237, 0.0957855284214, 0.12861289084, 0.116658173501, 0.0843409523368, 0.0723560750484, 0.0673032253981, 0.0666232556105, 0.0630289316177, 0.0645264163613, 0.134209603071, 0.304487228394, 0.317295372486, 0.183355763555, 0.140310361981, 0.105748035014, 0.059578306973, 0.0476701296866, 0.0630600303411, 0.113184548914, 0.16858060658, 0.156180053949, 0.136871472001, 0.175291523337, 0.261869996786, 0.436824113131, 0.836571514606], "hpcp": {"dmean2": [0.388209372759, 0.465864956379, 0.476842314005, 0.448551386595, 0.43827226758, 0.379257172346, 0.365740567446, 0.293219447136, 0.220953047276, 0.183148294687, 0.157771229744, 0.137803271413, 0.127357289195, 0.138954475522, 0.165104418993, 0.162833347917, 0.134183675051, 0.106529593468, 0.0886976718903, 0.0916408598423, 0.0884628668427, 0.0929697826505, 0.169195398688, 0.271169155836, 0.255611538887, 0.183939233422, 0.167365714908, 0.126571819186, 0.0823696181178, 0.0749806985259, 0.0945649147034, 0.14511102438, 0.224168002605, 0.237406015396, 0.191615879536, 0.250167399645], "median": [0.0208069030195, 0.09855248034, 0.438591659069, 0.638489127159, 0.242992714047, 0.0248014014214, 0.0131282936782, 0.0111187491566, 0.0138250831515, 0.0149484295398, 0.0115035045892, 0.00808063987643, 0.00823359005153, 0.0176772810519, 0.0285228881985, 0.0226307474077, 0.00835684500635, 0.00523663498461, 0.00646443432197, 0.00821645651013, 0.00684831896797, 0.00438474072143, 0.0273105464876, 0.10770483315, 0.117021933198, 0.0410774871707, 0.011410728097, 0.00984028354287, 0.00638162856922, 0.00419426383451, 0.00636643404141, 0.0187738277018, 0.0247896760702, 0.0170166864991, 0.00951546337456, 0.0127645228058], "min": [3.04198897538e-06, 1.94953663595e-05, 7.45835423004e-05, 9.79857577477e-06, 7.03869000063e-06, 4.30969157605e-06, 2.09389509109e-06, 9.20773800317e-06, 1.09463298941e-05, 8.35271475808e-06, 1.47437676787e-05, 3.75227091354e-06, 3.60062153959e-06, 2.29914967349e-05, 1.74957385752e-05, 9.17928446142e-06, 8.36350409372e-06, 5.47452327737e-06, 9.4450188044e-06, 9.90471926343e-06, 4.29531201007e-06, 4.41032170784e-06, 9.5660052466e-06, 1.01401037682e-05, 1.10402997962e-05, 4.89489275424e-06, 3.84611439586e-06, 2.12984218706e-06, 2.80211429526e-06, 2.78338984572e-06, 5.23199696545e-06, 8.90560477274e-06, 8.73647604749e-06, 5.65651271245e-06, 1.88442072613e-06, 2.855353614e-06], "dvar2": [0.211698159575, 0.20730574429, 0.160943955183, 0.167905151844, 0.171884030104, 0.203274726868, 0.237526923418, 0.200134977698, 0.155469447374, 0.131385445595, 0.11456746608, 0.0921658948064, 0.0838536992669, 0.0929570943117, 0.109445028007, 0.115961417556, 0.105617769063, 0.0858729332685, 0.0543370433152, 0.0537357181311, 0.0487427897751, 0.0519571974874, 0.0832132324576, 0.127181485295, 0.104279138148, 0.0784738063812, 0.0950926616788, 0.0696967616677, 0.0499653108418, 0.0473902262747, 0.0613209232688, 0.0887187346816, 0.155315294862, 0.180097311735, 0.113857723773, 0.144773498178], "dvar": [0.0781913399696, 0.0829910188913, 0.0758753195405, 0.089287571609, 0.0635963901877, 0.0752535834908, 0.0870253145695, 0.0713307633996, 0.0528822690248, 0.0438752248883, 0.039385214448, 0.0320327915251, 0.0287569351494, 0.0316144898534, 0.0375286526978, 0.0398265346885, 0.0364435873926, 0.0295081529766, 0.0192344523966, 0.018696475774, 0.0173781774938, 0.0188661050051, 0.0291669294238, 0.044363565743, 0.0380501002073, 0.0296176560223, 0.0407934337854, 0.0282141640782, 0.0175810288638, 0.0160230994225, 0.0211119689047, 0.031121166423, 0.056114692241, 0.0651318132877, 0.0449829995632, 0.0539866648614], "dmean": [0.208775565028, 0.262430846691, 0.283463984728, 0.265013247728, 0.253288567066, 0.200499683619, 0.189661800861, 0.150733545423, 0.114273220301, 0.0957442075014, 0.0822047442198, 0.0721263736486, 0.0664040595293, 0.0732707977295, 0.0896667465568, 0.0870574265718, 0.0698011368513, 0.0568412058055, 0.0482161305845, 0.0495934560895, 0.0478305704892, 0.0500402450562, 0.0907549113035, 0.153771162033, 0.151145234704, 0.105796426535, 0.0935700759292, 0.0706048905849, 0.0444833487272, 0.0395461320877, 0.0499585084617, 0.0783409550786, 0.121048130095, 0.125743597746, 0.103705510497, 0.134458780289], "max": [1, 1, 1, 1, 1, 1, 1, 1, 1, 1, 1, 1, 1, 1, 1, 1, 1, 1, 1, 1, 1, 1, 1, 1, 1, 1, 1, 1, 1, 1, 1, 1, 1, 1, 1, 1], "var": [0.0608462169766, 0.0867875367403, 0.13570523262, 0.17594332993, 0.104576587677, 0.0749312266707, 0.0605704449117, 0.0429805628955, 0.0309649333358, 0.0259725525975, 0.0227989442647, 0.0184671096504, 0.0164127908647, 0.0179494079202, 0.0221048947424, 0.0230134911835, 0.0211850404739, 0.0183825399727, 0.014057292603, 0.012081252411, 0.0112375989556, 0.0131009416655, 0.0200613904744, 0.0398324094713, 0.0409342236817, 0.0278281513602, 0.0368504822254, 0.0238945726305, 0.0114025408402, 0.00913796853274, 0.0125791924074, 0.0199635718018, 0.0380922630429, 0.0408060699701, 0.0339680463076, 0.0412881076336], "mean": [0.142712906003, 0.23805873096, 0.455911546946, 0.544976174831, 0.330193191767, 0.167954146862, 0.1290769279, 0.0894671007991, 0.0709347873926, 0.0629033744335, 0.0542099550366, 0.0488549694419, 0.0447500012815, 0.0522008314729, 0.0700909644365, 0.0635759234428, 0.0459638088942, 0.039432335645, 0.0366786532104, 0.0363080874085, 0.0343492664397, 0.0351653583348, 0.0731410384178, 0.165938287973, 0.17291842401, 0.0999245196581, 0.0764658004045, 0.0576301589608, 0.0324687585235, 0.0259790848941, 0.0343662127852, 0.0616828836501, 0.0918724164367, 0.0851144045591, 0.0745916888118, 0.095529705286]}, "tuning_equal_tempered_deviation": 0.194264709949, "chords_changes_rate": 0.096209384501, "key_key": "D", "tuning_diatonic_strength": 0.551050782204, "key_scale": "minor", "chords_number_rate": 0.00144404335879, "tuning_frequency": 442.548919678, "tuning_nontempered_energy_ratio": 0.841246187687, "chords_histogram": [0.0180505421013, 5.30685901642, 17.003610611, 0.559566795826, 1.19133579731, 0.505415141582, 0.0180505421013, 0.270758122206, 0.0541516244411, 27.6714801788, 0, 0, 0, 0, 7.47292423248, 0.920577645302, 11.2093858719, 0, 0.0722021684051, 0.848375439644, 0.28880867362, 0.433212995529, 5.84837532043, 20.3068599701], "key_strength": 0.610914409161, "chords_key": "A", "chords_strength": {"dmean2": 0.0123167233542, "median": 0.497323423624, "min": 0.236063316464, "dvar2": 0.000122616314911, "dvar": 7.08968946128e-05, "dmean": 0.0095547363162, "max": 0.729471981525, "var": 0.00706438766792, "mean": 0.495575070381}, "chords_scale": "major", "hpcp_entropy": {"dmean2": 1.27314519882, "median": 2.38559865952, "min": 0.04356200248, "dvar2": 0.958310306072, "dvar": 0.341874957085, "dmean": 0.742237746716, "max": 4.57272291183, "var": 0.735626876354, "mean": 2.32769680023}}, "metadata": {"audio_properties": {"equal_loudness": 0, "codec": "mp3", "downmix": "mix", "sample_rate": 44100, "analysis_sample_rate": 44100, "bit_rate": 235200, "md5_encoded": "e90992d18fe75e779a39e64740ae82f5", "length": 257.227752686, "replay_gain": -12.5453853607, "lossless": false}, "version": {"essentia_build_sha": "cead25079874084f62182a551b7393616cd33d87", "essentia": "2.1-beta2", "extractor": "music 1.0", "essentia_git_sha": "v2.1_beta2-1-ge3940c0"}, "tags": {"title": ["Point"], "barcode": ["5099750758526"], "media": ["(CD)"], "albumartist": ["Various Artists"], "language": ["eng"], "musicbrainz_recordingid": ["194cfcd6-a558-49d1-9dc1-5c367a1f53af"], "musicbrainz_albumartistid": ["89ad4ac3-39f7-470e-963a-56509c546377"], "discnumber": ["02/04"], "originalartist": ["Various Artists"], "album": ["Trance: the Ultimate Collection, Volume 1 (2002)"], "catalognumber": ["SMM 5075852"], "musicbrainz album release country": ["NL"], "musicbrainz album type": ["Album", "Compilation", "DJ-mix"], "musicbrainz album status": ["Official"], "file_name": "2-08 Point.mp3", "artist": ["Marco Botelli"], "acoustid_fingerprint": ["AQADtEkSJkmSUEuSBBfwHX7Qo7vg48Bh9Dq6wx-OH6dh4sDRkujhE5dhmfBx_DgJn-jR04GP_zguwjJ69MSJ4xeMHz9-HCKhE5Zx-DhxXDAp4bBu_PDx48YJy8JxfD9-_MdPeMVxOjgJH4BhBSdeBT8O_PiEw0p5tDjKGT40Hj-e5chRSTt8Orjxz3iP_kGeF4e-5BqaDw8MHZ3R57CooToK8Reo48VRjxjCj3B-9DvyHQ-2B-oW5Tj4oDmPqoLuopGO78CfwDy0o4c_6CI8POxQ-XhQ-3AunMB8fIeOb0HleShh7fgUHccdKPBx1BsJFf1hET5xQbzx48dxwqcBfzjE44V-wNJl_MQ1eMflAUyPPvjww2lI4BfATSIF7egP2CKqExdRfdBhhzhzvPAJ3vCJ_qjwHz9cH_fxSQQoyjjcG_1wakcHrseP78CJ7cEP_ag-_GjOoN_Rh4fyHPtxwjBlYMNxBk-MCw254EP3gsphCh-eg8V9vPgFOzxa9ITTHod53Bx03BCPvkN_WAx-ouh5NMd5_OhD-EWPH_3xH_px6MYPyugXnMOPHuchxiT0w7jwH_5xHM7Rb7iGhgePHz5y3MR_-DhP9H3wovpyNPdxf2CP_Eb7CY0k9Az8F7iJU_jx4_hw-Dh-44B_4McpfPjxGz9-GDeN44Yv_Dhx3MRh4FpxwiTOw4D14TCOHz6q46eDHs2PY3_Qc9hwHDhxPHiPX_Bx6PiNwwf-Q8cJHMdLwxdO_HgvPMc_mDf24z3wFP7hHyaOHxZMYoc3Az9O4YPPAT4qHJ14ND8u9IWPE8-NF4eHHzfgH8eJ48cJE8eNwziNH750_DD8w0evoz8sM8CP8_BxEz9wHodPwDLhH79gXDh-HP6LC34L4xJ8_DheGn_g9eiF9vgNWD6OUxDzw8fJI8ePw7PhHy98FtXxrkO-o3whysOL8uhxDoeH4y7uQcTFQ1s89Efw4y9O3MFxFT98HX7Rh0X4Hs6uBVYz9EePH8cd-Ljx4ziM48WPH36LH4evA8fh4zAJCyfM4_AJGECPwicOnziOzujh4_jh4wAMk8ThExZgHodP_DCsHyd8CRaOw4ev4fBh_LCMw_hInMBx_Lhx4ISPt8Rx4bth4Id_XORh_vhx9Dxu5ahw7jhRHj-aleh7rBd6XNgPmPABHz-O87jgwzeO-_AvHD-DEz4OHw98HNsB_7iBHYcP44R_-MXh44Bh-Pjh03hgnDl84vBx4ziPj8RxHD5-yThMHujRw8eP4zDe4_Bx-PAP4z58HT9E_Hj24EPgaccP_ziaIy6HM4-gRUf84TkM8_hx6_BxhjjCnHg_fDk07YdPQu-ICz_2aziOm7CMY8eBE-bh4zhOwD8Ov7CsA4d_-IB_3PhxwDKPwyeOH8fhC_5xbCQOyziD7cfhwz9gHfiP4xxO4IJzDTus4zh2wMexHb5wGPDx49bxAT6Hm9iC4yQOHz8OnDj844d5WN9g_IL-FH6GByl-HN-P4kcTonOMB7GHEuIDf0K1H59w6WjOoMd3nDqqC74GT7hwDf_xHO5x4loOjxKQMwqsHnHxQDzOwXlivEd_4Ryu7GjqCNWPv5B7TNpyPMeFCw8reM_x9UK34Rr0LYYv4S_GE-0kyFOGa8cPX4pwxbiPj8cjaD_ODc2l6Kh06MejLC_6YCuu4-gXC-NPfDs-HbrgGwmEJVI5SwQR1iFHBhJSiCuM0EQII8QiwJgChSHAGafMck4645RyyBpyASAUEEAAEM5oRygxBCIkxMFOGUqZUEA4RYQEAgDERAIIAawsA4oIgBQCTAOiFIBSIIaVUUwIYggyBhlASCIUGWGsUU5aL5RFygkBgIJEIMSQEIgJJJxYggmBFBBEMEKAQg4QQAhTBjHkEGJOUEAAEEYx4kiXximqqaKAMEQIoEI4JQQTABChmKBAGAWoEsIICYAgkBBghXDCIQSEQFQZpgCjQBEFEMNGAEAAQUAIpxgSAggjmFOWm-OMcAIAYKQDhABElDBCWGHEcM44Yax0SlgAkFAGGYLJMY0ZZzxZwhgshJHGESKMQMQIIgSBgBihhBHWKUiIAEIbJYAkygjCASBWAGGssM5a54QYzlmhFBHMOWUMFE4ZYIYAgEjzDBBACKeNEAQghRBAABvkhCEkGqOYE4gQo5jARjpLhCIQIEKNddIIgYxQhiBDLHBWWGHMdc45C4QU1gBnhnDSCSKcMKcoJ4wwV0gxnDHGCWuWsMIpCwyQGAjnjBMmCAAEEoYQ5zABAhniFHCECCKQwkpQ6YQUygonjAXAeaCtMEM4gZxyQgkhrBBSWAeEU4I7Aay4GgALGLPOSOeAUxQpIZQw1gHgBEKWEaEgEQAxBS0jADlOiWDECYSccYCYKyxyRhiBnVBWGCuAEEBY4YQVDiADjFDSOiWcEogCJKRzoiCJHVROC2sBNQIIYZ1TTjhnhAFIGgAIFMYIU4hBCAEAiFACKMOEEUAyAJQQzCglmEGMCCYMMMAAaBhCikAGCBCAAAIccIgBRxAgAigADEAMGACBFQIJBBBRAA"], "date": ["2002"], "genre": ["Electronica/Dance"], "musicbrainz_releasegroupid": ["fbff9008-c479-39cb-a82e-8dd9c8b8654f"], "musicbrainz_artistid": ["14491e7a-313d-4fc2-88cb-3c02b4e7be1f"], "musicbrainz_albumid": ["1fe00ee0-2cdb-4493-bb1c-885d23f1aaa9"], "tracknumber": ["08/20"], "encodedby": ["iTunes 8.0.2"], "artistsort": ["Botelli, Marco"], "originalalbum": ["Trance: The Ultimate Collection, Volume 1 (2002)"], "label": ["Sony Music Media"], "albumartistsort": ["Various Artists"], "acoustid_id": ["1043388f-32d0-46ff-bd37-10ac85c1aabe"], "script": ["Latin"]}}, "rhythm": {"bpm_histogram_first_peak_bpm": {"dmean2": 0, "median": 144, "min": 144, "dvar2": 0, "dvar": 0, "dmean": 0, "max": 144, "var": 0, "mean": 144}, "bpm": 141.824539185, "bpm_histogram_second_peak_spread": {"dmean2": 0, "median": 0.382352948189, "min": 0.382352948189, "dvar2": 0, "dvar": 0, "dmean": 0, "max": 0.382352948189, "var": 0, "mean": 0.382352948189}, "bpm_histogram_first_peak_weight": {"dmean2": 0, "median": 0.518211901188, "min": 0.518211901188, "dvar2": 0, "dvar": 0, "dmean": 0, "max": 0.518211901188, "var": 0, "mean": 0.518211901188}, "onset_rate": 7.19166374207, "beats_position": [0.46439909935, 0.905578196049, 1.34675729275, 1.764716506, 2.18267560005, 2.61224484444, 3.04181408882, 3.45977306366, 3.87773227692, 4.29569149017, 4.72526073456, 5.15482997894, 5.5727891922, 5.99074840546, 6.420317173, 6.84988641739, 7.26784563065, 7.6858048439, 8.10376358032, 8.53333282471, 8.96290206909, 9.38086128235, 9.79882049561, 10.22838974, 10.6579589844, 11.0759181976, 11.4938774109, 11.9118366241, 12.3414058685, 12.7709751129, 13.1889343262, 13.6068935394, 14.0248527527, 14.4428119659, 14.8723802567, 15.301949501, 15.7199087143, 16.1378688812, 16.5558280945, 16.9853973389, 17.4149665833, 17.8445339203, 18.2857131958, 18.7268924713, 19.179681778, 19.6208610535, 20.062040329, 20.5148296356, 20.9676189423, 21.4087982178, 21.8499774933, 22.3027667999, 22.7671642303, 23.2083435059, 23.6379127502, 24.0674819946, 24.497051239, 24.9150104523, 25.3329696655, 25.7625389099, 26.1921081543, 26.6216773987, 27.0512466431, 27.4692058563, 27.8871650696, 28.3051242828, 28.7230834961, 29.1410427094, 29.5706119537, 30.0001811981, 30.4181404114, 30.8360996246, 31.2540588379, 31.6836280823, 32.1131973267, 32.5311546326, 32.9491157532, 33.3670730591, 33.7966423035, 34.2262115479, 34.6441726685, 35.0621299744, 35.480091095, 35.9096603394, 36.3392295837, 36.7571868896, 37.1751480103, 37.6047172546, 38.034286499, 38.4638557434, 38.9050331116, 39.3578224182, 39.7989997864, 40.2401809692, 40.6697502136, 41.099319458, 41.5288887024, 41.9584579468, 42.3764152527, 42.7943763733, 43.2123336792, 43.6419029236, 44.071472168, 44.4894332886, 44.9073905945, 45.3253517151, 45.7549209595, 46.1844902039, 46.6024475098, 47.0204086304, 47.4499778748, 47.8795471191, 48.297504425, 48.7154655457, 49.1334228516, 49.5629920959, 49.9925613403, 50.4105224609, 50.8284797668, 51.2464370728, 51.6760063171, 52.1055755615, 52.5235366821, 52.941493988, 53.3594551086, 53.789024353, 54.2185935974, 54.6365509033, 55.0545120239, 55.4840812683, 55.9136505127, 56.3316078186, 56.7495689392, 57.1675262451, 57.5970954895, 58.0266647339, 58.4446258545, 58.8625831604, 59.280544281, 59.7101135254, 60.1396827698, 60.5576400757, 60.9756011963, 61.4051704407, 61.8347396851, 62.252696991, 62.6706581116, 63.0886154175, 63.5181846619, 63.9477539062, 64.3657150269, 64.7836685181, 65.2016296387, 65.6195907593, 66.049156189, 66.478729248, 66.8966903687, 67.3146438599, 67.7442169189, 68.1737823486, 68.5917434692, 69.0097045898, 69.4392700195, 69.8688430786, 70.2868041992, 70.7047576904, 71.122718811, 71.5522918701, 71.9818572998, 72.3998184204, 72.817779541, 73.2473449707, 73.6769180298, 74.094871521, 74.5128326416, 74.9307937622, 75.3603591919, 75.789932251, 76.2078933716, 76.6258468628, 77.0554199219, 77.4849853516, 77.9029464722, 78.3209075928, 78.738861084, 79.1684341431, 79.5979995728, 80.0159606934, 80.433921814, 80.8634872437, 81.2930603027, 81.7110214233, 82.1289749146, 82.5469360352, 82.9765090942, 83.4060745239, 83.8240356445, 84.2419967651, 84.6599502563, 85.0895233154, 85.5190887451, 85.9370498657, 86.3550109863, 86.784576416, 87.2141494751, 87.6321105957, 88.0500640869, 88.479637146, 88.9092025757, 89.3271636963, 89.7451248169, 90.1630859375, 90.5926513672, 91.0222167969, 91.4401779175, 91.8581390381, 92.2761001587, 92.6940536499, 93.1120147705, 93.5299758911, 93.9595413208, 94.3891143799, 94.8186798096, 95.2482528687, 95.6662139893, 96.0841674805, 96.5137405396, 96.9433059692, 97.3612670898, 97.7792282104, 98.1971893311, 98.6267547607, 99.0563278198, 99.474281311, 99.8922424316, 100.321815491, 100.75138092, 101.169342041, 101.587303162, 102.005256653, 102.434829712, 102.864395142, 103.282356262, 103.700317383, 104.118278503, 104.547843933, 104.977409363, 105.395370483, 105.813331604, 106.242897034, 106.672470093, 107.102035522, 107.554824829, 108.019226074, 108.472015381, 108.924804688, 109.377593994, 109.818771362, 110.248344421, 110.666305542, 111.095870972, 111.525436401, 111.943397522, 112.361358643, 112.779319763, 113.208885193, 113.638458252, 114.056411743, 114.474372864, 114.903945923, 115.333511353, 115.751472473, 116.169433594, 116.587387085, 117.016960144, 117.446525574, 117.864486694, 118.282447815, 118.700408936, 119.129974365, 119.559547424, 119.989112854, 120.418685913, 120.859863281, 121.301040649, 121.742218018, 122.183395386, 122.612968445, 123.042533875, 123.460494995, 123.890068054, 124.319633484, 124.737594604, 125.155555725, 125.573509216, 126.003082275, 126.432647705, 126.850608826, 127.268569946, 127.698135376, 128.127700806, 128.545669556, 128.963623047, 129.381591797, 129.811157227, 130.240722656, 130.658676147, 131.076644897, 131.506210327, 131.935775757, 132.353744507, 132.771697998, 133.189651489, 133.619232178, 134.048797607, 134.466751099, 134.884719849, 135.30267334, 135.73223877, 136.161804199, 136.579772949, 136.99772644, 137.42729187, 137.856872559, 138.27482605, 138.692779541, 139.110748291, 139.540313721, 139.96987915, 140.3878479, 140.805801392, 141.223754883, 141.653335571, 142.082901001, 142.500854492, 142.918823242, 143.348388672, 143.777954102, 144.195922852, 144.613876343, 145.031829834, 145.461410522, 145.890975952, 146.308929443, 146.726898193, 147.156463623, 147.586029053, 148.015594482, 148.468383789, 148.932785034, 149.373962402, 149.803527832, 150.233108521, 150.651062012, 151.069015503, 151.498596191, 151.928161621, 152.346115112, 152.764083862, 153.182037354, 153.611602783, 154.041183472, 154.459136963, 154.877090454, 155.306671143, 155.736236572, 156.154190063, 156.572158813, 156.990112305, 157.419677734, 157.849243164, 158.267211914, 158.685165405, 159.103118896, 159.532699585, 159.962265015, 160.380218506, 160.798187256, 161.216140747, 161.657318115, 162.075286865, 162.493240356, 162.911193848, 163.340774536, 163.770339966, 164.188293457, 164.606262207, 165.024215698, 165.453781128, 165.883346558, 166.301315308, 166.719268799, 167.148834229, 167.578414917, 167.996368408, 168.414321899, 168.832290649, 169.250244141, 169.67980957, 170.109390259, 170.52734375, 170.945297241, 171.37487793, 171.804443359, 172.222396851, 172.640365601, 173.058319092, 173.49949646, 173.917449951, 174.335418701, 174.753372192, 175.171340942, 175.600906372, 176.030471802, 176.448425293, 176.878005981, 177.307571411, 177.725524902, 178.143493652, 178.561447144, 178.979400635, 179.408981323, 179.838546753, 180.256500244, 180.674468994, 181.104034424, 181.533599854, 181.951568604, 182.369522095, 182.787475586, 183.217056274, 183.646621704, 184.064575195, 184.482528687, 184.912109375, 185.341674805, 185.759628296, 186.177597046, 186.595550537, 187.025115967, 187.454696655, 187.872650146, 188.290603638, 188.708572388, 189.126525879, 189.556091309, 189.985671997, 190.403625488, 190.821578979, 191.251159668, 191.680725098, 192.098678589, 192.516647339, 192.93460083, 193.36416626, 193.793731689, 194.211700439, 194.629653931, 195.05921936, 195.488800049, 195.90675354, 196.324707031, 196.75428772, 197.183853149, 197.601806641, 198.019775391, 198.437728882, 198.867294312, 199.296859741, 199.714828491, 200.132781982, 200.550750732, 200.980316162, 201.409881592, 201.827835083, 202.245803833, 202.663757324, 203.093322754, 203.522903442, 203.940856934, 204.358810425, 204.788391113, 205.217956543, 205.635910034, 206.053878784, 206.471832275, 206.901397705, 207.330978394, 207.748931885, 208.166885376, 208.596466064, 209.026031494, 209.443984985, 209.861953735, 210.279907227, 210.709472656, 211.139038086, 211.557006836, 211.974960327, 212.404525757, 212.834106445, 213.252059937, 213.670013428, 214.087982178, 214.517547607, 214.947113037, 215.365081787, 215.783035278, 216.20098877, 216.630569458, 217.060134888, 217.478088379, 217.896057129, 218.31401062, 218.74357605, 219.173141479, 219.591110229, 220.009063721, 220.43862915, 220.868209839, 221.28616333, 221.704116821, 222.13369751, 222.563262939, 222.981216431, 223.399185181, 223.817138672, 224.246704102, 224.676269531, 225.129058838, 225.593460083, 226.04624939, 226.499038696, 226.97505188, 227.416229248, 227.834197998, 228.252151489, 228.681716919, 229.111282349, 229.529251099, 229.94720459, 230.36517334, 230.79473877, 231.224304199, 231.64225769, 232.06022644, 232.48979187, 232.9193573, 233.33732605, 233.755279541, 234.173233032, 234.602813721, 235.03237915, 235.450332642, 235.868301392, 236.286254883, 236.715820312, 237.145385742, 237.563354492, 237.981307983, 238.410873413, 238.840454102, 239.258407593, 239.676361084, 240.094329834, 240.523895264, 240.953460693, 241.371429443, 241.789382935, 242.207336426, 242.636917114, 243.066482544, 243.484436035, 243.902404785, 244.331970215, 244.761535645, 245.179489136, 245.597457886, 246.015411377, 246.444976807, 246.874557495, 247.292510986, 247.710464478, 248.140045166, 248.569610596, 248.987564087, 249.405532837, 249.823486328, 250.253051758, 250.682632446, 251.100585938, 251.518539429, 251.936508179, 252.366073608, 252.795639038, 253.213607788, 253.631561279, 254.061126709, 254.490692139, 254.908660889, 255.32661438, 255.74458313, 256.174133301, 256.603729248, 257.02166748], "beats_loudness": {"dmean2": 0.0217889733613, "median": 0.0675939321518, "min": 0.000384092854802, "dvar2": 0.000407003040891, "dvar": 0.000166923447978, "dmean": 0.0123998038471, "max": 0.131695494056, "var": 0.00108951621223, "mean": 0.055013705045}, "danceability": 1.35754287243, "bpm_histogram_second_peak_weight": {"dmean2": 0, "median": 0.0347682125866, "min": 0.0347682125866, "dvar2": 0, "dvar": 0, "dmean": 0, "max": 0.0347682125866, "var": 0, "mean": 0.0347682125866}, "beats_count": 605, "bpm_histogram_second_peak_bpm": {"dmean2": 0, "median": 136, "min": 136, "dvar2": 0, "dvar": 0, "dmean": 0, "max": 136, "var": 0, "mean": 136}, "bpm_histogram_first_peak_spread": {"dmean2": 0, "median": 0.446017682552, "min": 0.446017682552, "dvar2": 0, "dvar": 0, "dmean": 0, "max": 0.446017682552, "var": 0, "mean": 0.446017682552}, "beats_loudness_band_ratio": {"dmean2": [0.18268057704, 0.203312262893, 0.0618060678244, 0.0833245813847, 0.0540873333812, 0.0550391674042], "median": [0.773704767227, 0.0934722051024, 0.0162637867033, 0.0174156501889, 0.021682055667, 0.02405863069], "min": [0.0378839634359, 0.00125361804385, 0.000523381168023, 0.000254350336036, 0.000145732090459, 4.08675005019e-05], "dvar2": [0.0376744382083, 0.0629673153162, 0.00886215548962, 0.0232846178114, 0.00832231808454, 0.00672758417204], "dvar": [0.0151892183349, 0.020569678396, 0.00382676580921, 0.00779167097062, 0.00295710633509, 0.00234233262017], "dmean": [0.104177251458, 0.109969981015, 0.0360905490816, 0.0462218672037, 0.0313544198871, 0.0320930853486], "max": [0.990695118904, 0.732038617134, 0.552122235298, 0.766590774059, 0.570159196854, 0.494779288769], "var": [0.0892153680325, 0.0176148936152, 0.00633400166407, 0.0241750534624, 0.00919481925666, 0.00805383827537], "mean": [0.650201678276, 0.123325265944, 0.0545725859702, 0.087858363986, 0.0624472945929, 0.0623442418873]}}, "lowlevel": {"barkbands_spread": {"dmean2": 13.9961585999, "median": 17.7356567383, "min": 0.0676254034042, "dvar2": 239.646270752, "dvar": 106.900978088, "dmean": 9.44556331635, "max": 113.554428101, "var": 392.719207764, "mean": 22.508392334}, "melbands_spread": {"dmean2": 14.2766389847, "median": 12.1814994812, "min": 0.2510381639, "dvar2": 389.358947754, "dvar": 155.703140259, "dmean": 9.11919021606, "max": 174.442993164, "var": 433.870513916, "mean": 19.3005084991}, "hfc": {"dmean2": 18.7276630402, "median": 11.6642894745, "min": 7.62173731346e-05, "dvar2": 588.506225586, "dvar": 265.716430664, "dmean": 12.6545982361, "max": 192.758255005, "var": 408.288391113, "mean": 19.2598304749}, "barkbands_kurtosis": {"dmean2": 73.2820053101, "median": 4.595307827, "min": -1.89283955097, "dvar2": 37814.5117188, "dvar": 15488.75, "dmean": 46.136264801, "max": 1495.64318848, "var": 15604.6630859, "mean": 44.3148765564}, "gfcc": {"mean": [-22.7986469269, 89.0382080078, -86.1301269531, 45.3843231201, -55.3442993164, 35.9439353943, -34.0606880188, 17.6567020416, -21.6404018402, 4.79350996017, -15.4971637726, -2.01926183701, -3.35644602776], "icov": [[0.000380168959964, -0.000106620856968, 0.000205058400752, -0.000403139129048, 0.000125018064864, -0.000442874094006, 0.000541432702448, -0.000612704548985, 0.000648899818771, -0.000183366952115, 0.000295624835417, -0.000575406418648, -0.000226166157518], [-0.000106620856968, 0.00333054573275, -0.00100049399771, 0.00253908988088, -0.00160649837926, 0.0027502218727, -0.00135070038959, 0.00263168336824, -0.00178629823495, 0.00247576832771, -0.0021608711686, 0.00357421324588, -0.00210266653448], [0.000205058400752, -0.00100049399771, 0.00121184217278, -0.00104751053732, 0.000684089725837, -0.00178050505929, 0.000611043593381, -0.000495825486723, 0.000230068049859, -0.000777268898673, 0.000552527839318, -0.00098101014737, 0.00131367740687], [-0.000403139129048, 0.00253908988088, -0.00104751053732, 0.00449003931135, -0.00173339608591, 0.00193281273823, -0.00143146992195, 0.00117891526315, -0.00112608168274, 0.00115167594049, -0.00159730133601, 0.00484407646582, -0.00188709050417], [0.000125018064864, -0.00160649837926, 0.000684089725837, -0.00173339608591, 0.00441710231826, -0.00199336581863, 0.000294005469186, -0.00173021038063, -0.000726475671399, -0.000670902023558, 0.000569686177187, -0.0008061726694, 0.000986429979093], [-0.000442874094006, 0.0027502218727, -0.00178050505929, 0.00193281273823, -0.00199336581863, 0.00768270157278, -0.00198558392003, 0.000734067056328, -0.00203997502103, 0.00180307601113, -0.000267565308604, 0.00196737609804, -0.00275676534511], [0.000541432702448, -0.00135070038959, 0.000611043593381, -0.00143146992195, 0.000294005469186, -0.00198558392003, 0.00664096465334, -0.0019180746749, 0.000409607513575, 6.04909437243e-05, -0.00117583095562, -0.00131445925217, -0.00282567879185], [-0.000612704548985, 0.00263168336824, -0.000495825486723, 0.00117891526315, -0.00173021038063, 0.000734067056328, -0.0019180746749, 0.0128589570522, -0.00374978990294, 0.00111754110549, -0.00169890141115, -0.00182289863005, 0.00254622171633], [0.000648899818771, -0.00178629823495, 0.000230068049859, -0.00112608168274, -0.000726475671399, -0.00203997502103, 0.000409607513575, -0.00374978990294, 0.0118063539267, -0.00298195355572, -0.00174441130366, -0.000396609335439, -0.00263345846906], [-0.000183366952115, 0.00247576832771, -0.000777268898673, 0.00115167594049, -0.000670902023558, 0.00180307601113, 6.04909437243e-05, 0.00111754110549, -0.00298195355572, 0.00919454265386, -0.0028496987652, 0.00127226533368, 0.000886710709892], [0.000295624835417, -0.0021608711686, 0.000552527839318, -0.00159730133601, 0.000569686177187, -0.000267565308604, -0.00117583095562, -0.00169890141115, -0.00174441130366, -0.0028496987652, 0.014611389488, -0.00448617246002, 0.00156380480621], [-0.000575406418648, 0.00357421324588, -0.00098101014737, 0.00484407646582, -0.0008061726694, 0.00196737609804, -0.00131445925217, -0.00182289863005, -0.000396609335439, 0.00127226533368, -0.00448617246002, 0.0208470132202, -0.00424730405211], [-0.000226166157518, -0.00210266653448, 0.00131367740687, -0.00188709050417, 0.000986429979093, -0.00275676534511, -0.00282567879185, 0.00254622171633, -0.00263345846906, 0.000886710709892, 0.00156380480621, -0.00424730405211, 0.0187046211213]], "cov": [[6980.82958984, -2904.10229492, -671.432617188, 699.071960449, -319.162963867, 414.418762207, -717.882568359, 531.844299316, -500.812072754, 328.555358887, -324.317443848, 302.647949219, -217.554763794], [-2904.10229492, 2643.01293945, 237.149536133, -593.218933105, 282.763122559, -367.208709717, 457.63369751, -423.039855957, 285.173278809, -366.398864746, 214.183273315, -225.7996521, 231.521148682], [-671.432617188, 237.149536133, 1579.64343262, 153.354034424, 45.1937561035, 239.353515625, 30.5434131622, -6.71774578094, 101.700767517, 43.3365058899, 21.1692676544, -43.8856658936, -37.9793205261], [699.071960449, -593.218933105, 153.354034424, 590.50982666, 81.248664856, 124.357849121, -21.6315746307, 95.308921814, -6.72436285019, 77.9628677368, -25.8544445038, -25.1028003693, -19.8077468872], [-319.162963867, 282.763122559, 45.1937561035, 81.248664856, 378.973693848, 56.8194961548, 113.085494995, 12.6164693832, 109.071174622, -24.3705368042, 45.4461631775, -34.71043396, 41.5352745056], [414.418762207, -367.208709717, 239.353515625, 124.357849121, 56.8194961548, 307.154876709, 12.3825969696, 88.3966445923, 21.1278133392, 39.8452682495, -23.6201705933, 31.7479991913, 1.84752523899], [-717.882568359, 457.63369751, 30.5434131622, -21.6315746307, 113.085494995, 12.3825969696, 323.896850586, -37.8415145874, 104.852790833, -71.4039077759, 75.5981140137, -29.8375759125, 93.4315567017], [531.844299316, -423.039855957, -6.71774578094, 95.308921814, 12.6164693832, 88.3966445923, -37.8415145874, 180.099807739, -0.668047428131, 66.8006896973, -9.25953102112, 56.3071250916, -38.6087532043], [-500.812072754, 285.173278809, 101.700767517, -6.72436285019, 109.071174622, 21.1278133392, 104.852790833, -0.668047428131, 178.498596191, 1.54909431934, 62.2836494446, -21.4207611084, 46.4599533081], [328.555358887, -366.398864746, 43.3365058899, 77.9628677368, -24.3705368042, 39.8452682495, -71.4039077759, 66.8006896973, 1.54909431934, 191.938232422, 2.11502289772, 31.6450309753, -46.9883537292], [-324.317443848, 214.183273315, 21.1692676544, -25.8544445038, 45.4461631775, -23.6201705933, 75.5981140137, -9.25953102112, 62.2836494446, 2.11502289772, 110.945220947, -1.3218665123, 21.9566135406], [302.647949219, -225.7996521, -43.8856658936, -25.1028003693, -34.71043396, 31.7479991913, -29.8375759125, 56.3071250916, -21.4207611084, 31.6450309753, -1.3218665123, 92.81224823, -10.1672525406], [-217.554763794, 231.521148682, -37.9793205261, -19.8077468872, 41.5352745056, 1.84752523899, 93.4315567017, -38.6087532043, 46.4599533081, -46.9883537292, 21.9566135406, -10.1672525406, 99.6039199829]]}, "spectral_energyband_middle_low": {"dmean2": 0.0133104138076, "median": 0.00317800510675, "min": 4.81058881618e-09, "dvar2": 0.000863799417857, "dvar": 0.000355575728463, "dmean": 0.00792530365288, "max": 0.1175320521, "var": 0.000294006982585, "mean": 0.00858493428677}, "melbands_crest": {"dmean2": 5.23363447189, "median": 15.419547081, "min": 3.48923420906, "dvar2": 22.3146953583, "dvar": 10.2690420151, "dmean": 3.44980168343, "max": 33.5945892334, "var": 48.1870880127, "mean": 17.2313785553}, "spectral_kurtosis": {"dmean2": 6.63043832779, "median": 2.24854278564, "min": -1.34787786007, "dvar2": 262.267303467, "dvar": 127.548416138, "dmean": 4.28187227249, "max": 181.922485352, "var": 318.293273926, "mean": 7.2315621376}, "spectral_rms": {"dmean2": 0.00178886239883, "median": 0.00519319437444, "min": 4.45076329925e-06, "dvar2": 2.57649253399e-06, "dvar": 1.30071873627e-06, "dmean": 0.00117284513544, "max": 0.0135866757482, "var": 9.25909080252e-06, "mean": 0.00576985673979}, "zerocrossingrate": {"dmean2": 0.0198881700635, "median": 0.052734375, "min": 0.00048828125, "dvar2": 0.000439978815848, "dvar": 0.000310961419018, "dmean": 0.0171241350472, "max": 0.322265625, "var": 0.00246698688716, "mean": 0.0625617429614}, "silence_rate_60dB": {"dmean2": 0.11943667382, "median": 0, "min": 0, "dvar2": 0.132629558444, "dvar": 0.0561997964978, "dmean": 0.0597580783069, "max": 1, "var": 0.0770488381386, "mean": 0.0841231122613}, "erbbands_kurtosis": {"dmean2": 3.46745610237, "median": -0.170559167862, "min": -1.90254890919, "dvar2": 48.8374443054, "dvar": 17.5490112305, "dmean": 2.02170991898, "max": 71.4126663208, "var": 16.8428497314, "mean": 0.957138895988}, "erbbands": {"dmean2": [0.414263725281, 3.61589789391, 6.22998857498, 9.57911014557, 19.7510490417, 43.0421829224, 27.5700321198, 10.2486219406, 12.3132781982, 17.2899856567, 9.90881156921, 13.62271595, 16.8785171509, 61.9147605896, 40.1416969299, 14.046421051, 11.7831869125, 15.4989261627, 26.7278842926, 37.0359535217, 13.504193306, 19.1129150391, 30.135427475, 13.7419834137, 29.5358657837, 17.6811103821, 29.7785129547, 12.3313341141, 8.91925144196, 7.51724004745, 6.99507284164, 6.0434756279, 4.70764493942, 3.21338772774, 2.35614466667, 0.743126153946, 0.0922422483563, 0.00463908677921, 0.000251587334787, 4.08577616327e-05], "median": [0.249938011169, 1.42322993279, 3.74665880203, 1.91354095936, 3.36663174629, 2.59303283691, 1.19187641144, 1.50140929222, 3.58941030502, 4.95238256454, 2.10151553154, 3.0658864975, 4.30564260483, 6.92991781235, 5.67187786102, 2.62111496925, 2.11879491806, 4.75311231613, 6.62242746353, 4.76857280731, 2.41498994827, 2.79919338226, 2.52318811417, 1.65252244473, 2.06085014343, 2.44779014587, 2.05315995216, 1.66913449764, 1.72442567348, 1.9893399477, 1.52714931965, 1.67136144638, 1.38380551338, 0.8436627388, 0.503572642803, 0.152912944555, 0.0184959452599, 0.000737447524443, 5.73796278331e-05, 4.70245395263e-05], "min": [4.09617118002e-10, 6.31090202319e-09, 1.15167232195e-07, 9.43675900089e-07, 1.61509296959e-06, 1.84408145287e-06, 5.6546846281e-06, 2.6357815841e-06, 1.60288891493e-05, 2.68629901257e-05, 1.52996199176e-05, 2.11596016015e-05, 5.09319352204e-06, 2.37773274421e-05, 2.05535525311e-05, 1.12677153083e-05, 2.36601536017e-05, 2.07522407436e-05, 1.7306614609e-05, 2.34703311435e-05, 1.10915843834e-05, 2.18955628952e-05, 1.47734481288e-05, 2.27464661293e-05, 1.4272435692e-05, 1.38601208164e-05, 1.52025195348e-05, 1.04190112324e-05, 2.15337677218e-05, 1.19718852147e-05, 1.24943326227e-05, 9.92677632894e-06, 1.17999898066e-05, 1.31797924041e-05, 9.45592455537e-06, 4.80119751955e-06, 1.17358274565e-06, 1.91599951904e-07, 2.48537492809e-08, 2.53433385389e-09], "dvar2": [0.277938187122, 34.6262397766, 177.717178345, 513.537536621, 2753.39379883, 14901.8134766, 6573.31201172, 519.440490723, 594.023254395, 1201.94189453, 383.440002441, 674.104003906, 1178.16162109, 15189.3779297, 5048.02050781, 750.521240234, 566.051757812, 582.720703125, 1618.02099609, 4169.97363281, 1338.19335938, 1440.33325195, 3844.92382812, 783.270935059, 4858.74316406, 1322.68664551, 5928.36425781, 739.666625977, 364.317199707, 183.018051147, 110.820724487, 72.6986083984, 63.3988113403, 24.1891975403, 25.8006763458, 2.61546707153, 0.053120046854, 0.000188875535969, 1.56878024882e-06, 3.7366603145e-09], "dvar": [0.176243856549, 23.2427520752, 66.9922180176, 187.036621094, 977.846191406, 5288.76855469, 2283.38012695, 182.396347046, 223.607192993, 475.507568359, 142.529174805, 256.067657471, 495.330352783, 6691.015625, 2273.5534668, 269.855072021, 202.120956421, 215.510192871, 555.479553223, 1546.49902344, 511.144287109, 541.858398438, 1434.07250977, 301.980957031, 1745.49914551, 493.615356445, 2078.04101562, 269.7527771, 137.430221558, 75.8577041626, 47.7687072754, 31.7089481354, 25.7371082306, 10.2756052017, 10.4460964203, 1.04418349266, 0.020468948409, 7.58679016144e-05, 6.04148510774e-07, 1.48211443118e-09], "dmean": [0.287238240242, 2.89402961731, 3.84779191017, 5.36904525757, 10.8543806076, 23.6251506805, 14.7021417618, 5.68488645554, 7.2321395874, 10.4330463409, 5.85268497467, 7.95643901825, 10.2984647751, 38.8749656677, 24.5752277374, 7.96603155136, 6.61928606033, 8.8629732132, 15.1361732483, 21.3363876343, 8.15127086639, 11.3139371872, 17.492975235, 8.18566703796, 16.6318035126, 10.3037118912, 16.4974632263, 7.19764757156, 5.49557447433, 4.85131025314, 4.41826248169, 3.94112062454, 3.05460357666, 2.10074210167, 1.52103972435, 0.478757679462, 0.0585323274136, 0.00289887143299, 0.000153915389092, 2.62052508333e-05], "max": [3.4303894043, 44.490852356, 76.4833374023, 105.906738281, 208.00479126, 480.731170654, 341.883270264, 161.094223022, 191.356216431, 333.616790771, 153.109054565, 313.231933594, 506.23324585, 1104.6784668, 494.270050049, 177.9478302, 263.129333496, 221.10383606, 277.366882324, 474.541870117, 387.53112793, 239.446044922, 485.495361328, 204.099777222, 436.195831299, 222.596725464, 581.750610352, 194.496520996, 187.120223999, 124.32207489, 79.1220474243, 64.985710144, 72.8034896851, 36.5947151184, 57.8119506836, 17.4466228485, 2.11885905266, 0.158720821142, 0.0174128171057, 0.000790973368566], "var": [0.914766490459, 80.8366470337, 77.1674423218, 129.103622437, 592.853088379, 3190.73193359, 1270.89001465, 121.405754089, 192.967544556, 470.101593018, 109.619140625, 244.448028564, 612.84197998, 8987.75097656, 2817.35595703, 197.136795044, 143.954177856, 205.777755737, 553.850219727, 1541.38964844, 446.078765869, 423.597167969, 1100.3581543, 245.405639648, 1117.71105957, 371.507904053, 1254.6159668, 200.687316895, 121.28364563, 92.23462677, 64.5384216309, 44.8419265747, 31.0582408905, 13.419500351, 10.3194131851, 1.02300584316, 0.0181526932865, 7.36694200896e-05, 5.53371705792e-07, 3.03005553981e-09], "mean": [0.737979233265, 5.77228927612, 6.13649368286, 5.75380945206, 9.76428699493, 17.6980609894, 10.3073234558, 5.59767055511, 8.09328079224, 11.764755249, 5.79584646225, 7.87004470825, 11.081738472, 42.1683654785, 24.9528274536, 7.08456754684, 6.041264534, 9.50893115997, 15.7015790939, 20.2564601898, 8.20580482483, 10.2359857559, 15.2580032349, 7.3214507103, 13.0018472672, 9.22758388519, 12.5641517639, 6.61070299149, 5.84411144257, 5.78816699982, 5.09555101395, 4.66468381882, 3.67609477043, 2.48567914963, 1.7102534771, 0.544199109077, 0.0675049647689, 0.00328508787788, 0.000177515801624, 6.11353752902e-05]}, "spectral_strongpeak": {"dmean2": 0.588215708733, "median": 0.468080997467, "min": 0, "dvar2": 0.769726157188, "dvar": 0.310875892639, "dmean": 0.359246730804, "max": 7.17816591263, "var": 0.432050853968, "mean": 0.620722532272}, "spectral_energy": {"dmean2": 0.0246580000967, "median": 0.0276434998959, "min": 2.03045260605e-08, "dvar2": 0.000750436505768, "dvar": 0.000340374128427, "dmean": 0.0157394222915, "max": 0.189212694764, "var": 0.00153740018141, "mean": 0.0436142645776}, "average_loudness": 0.924881279469, "spectral_rolloff": {"dmean2": 1264.46911621, "median": 495.263671875, "min": 43.06640625, "dvar2": 4437797, "dvar": 1828275.5, "dmean": 787.06072998, "max": 13845.8496094, "var": 4100934.5, "mean": 1399.00268555}, "spectral_centroid": {"dmean2": 679.768615723, "median": 1107.20532227, "min": 83.2057342529, "dvar2": 529807.9375, "dvar": 229350.171875, "dmean": 451.234985352, "max": 4695.76269531, "var": 694635.1875, "mean": 1257.51611328}, "pitch_salience": {"dmean2": 0.165774822235, "median": 0.530462026596, "min": 0.0321516133845, "dvar2": 0.0186247378588, "dvar": 0.0102249793708, "dmean": 0.106684550643, "max": 0.890946269035, "var": 0.0442336052656, "mean": 0.467850953341}, "spectral_energyband_middle_high": {"dmean2": 0.00432570185512, "median": 0.00135839055292, "min": 4.95872676254e-09, "dvar2": 3.62916907761e-05, "dvar": 1.6226871594e-05, "dmean": 0.0027794232592, "max": 0.0394220612943, "var": 2.48857922998e-05, "mean": 0.00349333020858}, "spectral_contrast_coeffs": {"dmean2": [0.088035069406, 0.092566601932, 0.0822237730026, 0.0683740898967, 0.0563070774078, 0.0469848252833], "median": [-0.695514857769, -0.791667819023, -0.818039000034, -0.805207490921, -0.80317401886, -0.796389937401], "min": [-0.897052288055, -0.956406712532, -0.954181015491, -0.937464952469, -0.921713531017, -0.905672132969], "dvar2": [0.00700162071735, 0.00546229025349, 0.00440004700795, 0.00322736613452, 0.00224160030484, 0.00323549518362], "dvar": [0.00317990337498, 0.0019769272767, 0.00192519347183, 0.0013375604758, 0.0011477166554, 0.00127508491278], "dmean": [0.0558246485889, 0.0550810396671, 0.0529804863036, 0.0426208339632, 0.036631911993, 0.0294845942408], "max": [-0.266606271267, -0.53257137537, -0.445999234915, -0.514619708061, -0.534594893456, -0.505232095718], "var": [0.00784306880087, 0.00415553338826, 0.00647376244888, 0.00372236710973, 0.00340677355416, 0.00286105042323], "mean": [-0.677201151848, -0.783969461918, -0.798670947552, -0.797475337982, -0.796835958958, -0.783200025558]}, "melbands_skewness": {"dmean2": 2.99361085892, "median": 3.79864597321, "min": -1.92643845081, "dvar2": 14.2376127243, "dvar": 5.87494850159, "dmean": 1.9665440321, "max": 25.6702194214, "var": 19.4961605072, "mean": 5.26029348373}, "spectral_spread": {"dmean2": 1491213.125, "median": 6524657, "min": 557113.8125, "dvar2": 2798094909440.0, "dvar": 1295831924740.0, "dmean": 1025073.75, "max": 16949148, "var": 6101124775940.0, "mean": 6068504}, "dissonance":