{"tonal": {"thpcp": [1, 0.359593749046, 0.0549860298634, 0.0235008541495, 0.0336443521082, 0.143572375178, 0.193033531308, 0.108862921596, 0.115441761911, 0.12896053493, 0.0661851540208, 0.0301863215864, 0.0186747442931, 0.0327826477587, 0.132696598768, 0.159068658948, 0.064070045948, 0.0178310927004, 0.0172274690121, 0.10749772191, 0.550225794315, 0.772483289242, 0.416479438543, 0.197963878512, 0.125239402056, 0.036565143615, 0.0203738957644, 0.0178060960025, 0.0391008295119, 0.136596515775, 0.176648125052, 0.0966265201569, 0.0754655152559, 0.148978605866, 0.35147434473, 0.932088673115], "hpcp": {"dmean2": [0.319261461496, 0.307921975851, 0.217146322131, 0.0809978470206, 0.0460237897933, 0.0460612699389, 0.0822803974152, 0.0928727537394, 0.0922902598977, 0.0852983668447, 0.0898121669888, 0.0694962218404, 0.042505338788, 0.0287555996329, 0.0352799072862, 0.0633930265903, 0.0650649666786, 0.0470323748887, 0.0268400739878, 0.0259866919369, 0.097040809691, 0.227610141039, 0.254489570856, 0.219933390617, 0.161821067333, 0.0837908089161, 0.0320950634778, 0.0221015587449, 0.0209433212876, 0.0383272729814, 0.0586055070162, 0.0658537745476, 0.0872782096267, 0.112584732473, 0.16483733058, 0.24603587389], "median": [0.469535410404, 0.539938807487, 0.120292365551, 0.000526107207406, 0.000128199942992, 0.000865033944137, 0.00623609963804, 0.00931514427066, 0.00657577253878, 0.00204920163378, 0.00253949547186, 0.00196238746867, 0.000692773261108, 0.000408937077736, 0.000490461068694, 0.000913907657377, 0.00102925801184, 0.000640360754915, 0.00017192348605, 0.000232923703152, 0.0136743374169, 0.188090771437, 0.255595803261, 0.123227328062, 0.00298476801254, 0.000227406140766, 0.000261896289885, 0.000393074820749, 0.000415793736465, 0.000573609606363, 0.000548747251742, 0.00051368388813, 0.000493857893161, 0.000562665401958, 0.00110165122896, 0.0821415707469], "min": [0, 0, 0, 0, 0, 0, 0, 0, 0, 0, 0, 0, 0, 0, 0, 0, 0, 0, 0, 0, 0, 0, 0, 0, 0, 0, 0, 0, 0, 0, 0, 0, 0, 0, 0, 0], "dvar2": [0.12483689934, 0.120333589613, 0.0833971947432, 0.0503805801272, 0.0373901091516, 0.0238890666515, 0.0417973287404, 0.0423379391432, 0.0441839993, 0.0452076308429, 0.052078191191, 0.0333153270185, 0.0201807636768, 0.0126110641286, 0.00947091542184, 0.0266911126673, 0.0266440715641, 0.0179419294, 0.0109473243356, 0.00683958549052, 0.0283429007977, 0.0728503316641, 0.10378716886, 0.0714703276753, 0.119126610458, 0.0431925989687, 0.0142608275637, 0.00825804844499, 0.00728792464361, 0.0187482126057, 0.0268157031387, 0.0389947965741, 0.0532222278416, 0.0747142732143, 0.11219021678, 0.11539080739], "dvar": [0.0490325801075, 0.0514640510082, 0.030816860497, 0.0170981958508, 0.0123797962442, 0.0080598546192, 0.0154631314799, 0.0171735528857, 0.0161150898784, 0.0173537172377, 0.0203477423638, 0.0113487271592, 0.0067139309831, 0.00423407834023, 0.00330684683286, 0.011205107905, 0.0120066087693, 0.00634460570291, 0.00371005339548, 0.00228581437841, 0.010383490473, 0.0307108815759, 0.0450656563044, 0.0270560234785, 0.0418775938451, 0.0153504125774, 0.00497644534335, 0.00287887477316, 0.00247867754661, 0.00618995400146, 0.00933069270104, 0.0142827574164, 0.0182248894125, 0.0247321669012, 0.0381075255573, 0.0410563163459], "dmean": [0.190045699477, 0.187334269285, 0.130955338478, 0.0430778637528, 0.0233894772828, 0.0248437095433, 0.048889644444, 0.0549100600183, 0.0524569451809, 0.0489984080195, 0.05124367401, 0.0391132049263, 0.0225789975375, 0.0150467790663, 0.0195516664535, 0.0391377620399, 0.0402781926095, 0.027141507715, 0.0141176888719, 0.0138291688636, 0.0571335032582, 0.143344387412, 0.154425084591, 0.132546141744, 0.0887666642666, 0.0468553379178, 0.0176387093961, 0.0122261745855, 0.0114407539368, 0.021232733503, 0.0342354178429, 0.0372335836291, 0.0473721511662, 0.0596585907042, 0.0908962786198, 0.141256079078], "max": [1, 1, 1, 1, 1, 1, 1, 1, 1, 1, 1, 1, 1, 1, 0.920294284821, 1, 1, 1, 1, 0.615620136261, 1, 1, 1, 1, 1, 1, 1, 0.891858279705, 1, 1, 1, 1, 1, 1, 1, 1], "var": [0.1433160007, 0.154435932636, 0.046061117202, 0.0109670804814, 0.006464460399, 0.0051347007975, 0.0353952907026, 0.0561952330172, 0.0190386287868, 0.0274759046733, 0.0343024469912, 0.00985581427813, 0.00411087926477, 0.002335465746, 0.0027460756246, 0.0319746732712, 0.0442852266133, 0.00874166749418, 0.00211237370968, 0.00139117450453, 0.0106867048889, 0.0874504595995, 0.153886169195, 0.0580303892493, 0.0641566514969, 0.0365150496364, 0.00672526843846, 0.00295364996418, 0.0015979136806, 0.00553783774376, 0.0403156876564, 0.0641494467854, 0.019836422056, 0.0174878146499, 0.0379919633269, 0.0617937222123], "mean": [0.491410255432, 0.527214050293, 0.189582884312, 0.0289894081652, 0.0123899802566, 0.017737776041, 0.0756933763623, 0.101769991219, 0.0573940612376, 0.060862518847, 0.0679898038507, 0.0348937436938, 0.0159146524966, 0.00984558742493, 0.0172834731638, 0.0699595138431, 0.0838632285595, 0.033778630197, 0.00940080266446, 0.00908256415278, 0.0566743090749, 0.290086776018, 0.407264053822, 0.219573810697, 0.104369334877, 0.0660279691219, 0.0192776583135, 0.0107414042577, 0.00938762351871, 0.0206145066768, 0.0720155984163, 0.0931313708425, 0.0509428605437, 0.0397864803672, 0.0785436108708, 0.185302212834]}, "tuning_equal_tempered_deviation": 0.240138605237, "chords_changes_rate": 0.0244306419045, "key_key": "A", "tuning_diatonic_strength": 0.65909922123, "key_scale": "minor", "chords_number_rate": 0.00372670800425, "tuning_frequency": 434.193115234, "tuning_nontempered_energy_ratio": 0.973428666592, "chords_histogram": [42.8985519409, 5.30020713806, 0.455486536026, 6.25258779526, 2.48447203636, 0.910973072052, 0, 33.3747406006, 0.289855062962, 2.48447203636, 0, 0, 0, 0, 0, 0, 0, 0, 0, 0, 1.24223601818, 0, 1.53209114075, 2.77432703972], "key_strength": 0.809502780437, "chords_key": "A", "chords_strength": {"dmean2": 0.00479399040341, "median": 0.608661055565, "min": 0.286954402924, "dvar2": 2.23307724809e-05, "dvar": 2.31265858019e-05, "dmean": 0.00489673018456, "max": 0.774867355824, "var": 0.00770531641319, "mean": 0.586351573467}, "chords_scale": "minor", "hpcp_entropy": {"dmean2": 0.924987792969, "median": 1.61620438099, "min": 0, "dvar2": 0.603422105312, "dvar": 0.217529416084, "dmean": 0.540031909943, "max": 4.2250623703, "var": 0.455225527287, "mean": 1.59464263916}}, "metadata": {"audio_properties": {"equal_loudness": 0, "codec": "flac", "downmix": "mix", "analysis_sample_rate": 44100, "bit_rate": 0, "md5_encoded": "bb3d249827f2c0334ab147d446730b86", "length": 112.066665649, "replay_gain": 3.94504737854, "lossless": true}, "version": {"essentia_build_sha": "7f154e5731828a63663f0144680ef47bd640f88b", "essentia": "2.1-beta1", "extractor": "music 1.0", "essentia_git_sha": "v2.1_beta1-6-g5578087"}, "tags": {"title": ["Martin Reviews Crime Scene"], "barcode": ["731383571626"], "media": ["CD"], "albumartist": ["James Newton Howard"], "tracktotal": ["22"], "albumartistsort": ["Howard, James Newton"], "releasetype": ["album", "soundtrack"], "musicbrainz_recordingid": ["19527833-66a3-4389-904a-096f68bb9554"], "composer": ["James Newton Howard"], "musicbrainz_releasegroupid": ["c8c7605b-375a-3a7b-8f96-973a423132eb"], "musicbrainz_albumid": ["5971599b-47cf-4c9d-ac9c-6dc831415526"], "musicbrainz_albumartistid": ["f6580b26-77f7-4a7b-8513-6db0476e8f21"], "discnumber": ["1"], "catalognumber": ["35716-2"], "releasecountry": ["XE"], "compilation": ["1"], "originaldate": ["1996-03-26"], "producer": ["James Newton Howard"], "date": ["1996-03-26"], "file_name": "17 Martin Reviews Crime Scene.flac", "encoder": ["MediaMonkey 3.2.4"], "disctotal": ["1"], "releasestatus": ["official"], "musicbrainz_artistid": ["f6580b26-77f7-4a7b-8513-6db0476e8f21"], "asin": ["B0000015JS"], "musicbrainz_workid": ["dd59baf3-7caf-3262-9e2a-3ccc690f96e1"], "artist": ["James Newton Howard"], "tracknumber": ["17"], "artistsort": ["Howard, James Newton"], "album": ["Primal Fear"], "label": ["Milan"], "totaltracks": ["22"], "totaldiscs": ["1"], "script": ["Latn"], "acoustid_id": ["74009f93-a7ae-4c0c-a3ff-5b0a30bc8250"]}}, "rhythm": {"bpm_histogram_first_peak_bpm": {"dmean2": 0, "median": 172, "min": 172, "dvar2": 0, "dvar": 0, "dmean": 0, "max": 172, "var": 0, "mean": 172}, "bpm": 172.265411377, "bpm_histogram_second_peak_spread": {"dmean2": 0, "median": 0.430769205093, "min": 0.430769205093, "dvar2": 0, "dvar": 0, "dmean": 0, "max": 0.430769205093, "var": 0, "mean": 0.430769205093}, "bpm_histogram_first_peak_weight": {"dmean2": 0, "median": 0.231617644429, "min": 0.231617644429, "dvar2": 0, "dvar": 0, "dmean": 0, "max": 0.231617644429, "var": 0, "mean": 0.231617644429}, "onset_rate": 1.78439640999, "beats_position": [0.476009070873, 0.96362811327, 1.45124709606, 1.92725622654, 2.41487526894, 2.90249419212, 3.39011335373, 3.87773227692, 4.3653512001, 4.86458063126, 5.35219955444, 5.83981847763, 6.37387752533, 6.90793657303, 7.45360517502, 7.99927425385, 8.55655288696, 9.10222244263, 9.65950107574, 10.2167797089, 10.7508392334, 11.2965078354, 11.8421764374, 12.4110651016, 12.9799547195, 13.4907932281, 14.0132427216, 14.5240812302, 15.0465307236, 15.5573692322, 16.0682086945, 16.5790481567, 17.0898857117, 17.600725174, 18.1115646362, 18.6224040985, 19.1332416534, 19.6556911469, 20.1665306091, 20.6773700714, 21.0837192535, 21.4784584045, 21.8731975555, 22.2679367065, 22.6742858887, 23.0806350708, 23.4869842529, 23.9165534973, 24.3461227417, 24.7756919861, 25.2052612305, 25.5767803192, 25.948299408, 26.3198184967, 26.7493877411, 27.1673469543, 27.5853061676, 28.0032653809, 28.4212245941, 28.8391838074, 29.2571430206, 29.6751022339, 30.0930614471, 30.5226306915, 30.9521980286, 31.3817672729, 31.8229465485, 32.264125824, 32.7053070068, 33.1348762512, 33.5644454956, 33.99401474, 34.4351921082, 34.8647613525, 35.2943305969, 35.6658477783, 36.0373687744, 36.4088897705, 36.7804069519, 37.186756134, 37.5931053162, 37.9994544983, 38.4058036804, 38.8121528625, 39.2185020447, 39.6248512268, 40.0312004089, 40.4491615295, 40.8671188354, 41.2734680176, 41.7146492004, 42.1558265686, 42.5970077515, 43.0265769958, 43.4561424255, 43.8857116699, 44.3036727905, 44.7332420349, 45.1628112793, 45.5807685852, 46.0103378296, 46.439907074, 46.8810882568, 47.3106575012, 47.7518348694, 48.1930160522, 48.6458053589, 49.0869827271, 49.5397720337, 49.9925613403, 50.445350647, 50.8981399536, 51.3509292603, 51.8037185669, 52.2565078735, 52.7092971802, 53.1620864868, 53.603263855, 54.0444450378, 54.485622406, 54.9268035889, 55.3563690186, 55.7859382629, 56.2155075073, 56.6566886902, 57.0862579346, 57.515827179, 57.9453964233, 58.305305481, 58.6768226624, 59.0483436584, 59.4198646545, 59.7797737122, 60.1396827698, 60.5111999512, 60.8827209473, 61.2542381287, 61.6141471863, 61.9740562439, 62.3339653015, 62.6938781738, 63.042175293, 63.4020843506, 63.7736053467, 64.1451263428, 64.5166397095, 64.8881607056, 65.2596817017, 65.6195907593, 65.9678878784, 66.316192627, 66.6761016846, 67.0360107422, 67.3843078613, 67.7326049805, 68.0692977905, 68.4059829712, 68.7542877197, 69.1025848389, 69.450881958, 69.7875747681, 70.1242599487, 70.4725646973, 70.8208618164, 71.1691589355, 71.5174560547, 71.8657608032, 72.2024459839, 72.5391387939, 72.8874359131, 73.2357330322, 73.5840377808, 73.9323348999, 74.2690200806, 74.6057128906, 74.9540100098, 75.3023147583, 75.6506118774, 75.9989089966, 76.3472061157, 76.6838989258, 77.0321960449, 77.368888855, 77.7171859741, 78.0654830933, 78.4137878418, 78.7504730225, 79.098777771, 79.4354629517, 79.7837600708, 80.1320648193, 80.4803619385, 80.8286590576, 81.1769561768, 81.5252609253, 81.861946106, 82.198638916, 82.5469360352, 82.8836288452, 83.2203140259, 83.5686187744, 83.9169158936, 84.2652130127, 84.6135101318, 84.9618148804, 85.3101119995, 85.6584091187, 85.9951019287, 86.3317871094, 86.6800918579, 87.0283889771, 87.3766860962, 87.7249908447, 88.0732879639, 88.421585083, 88.7582778931, 89.0949630737, 89.4432601929, 89.7915649414, 90.1398620605, 90.4881591797, 90.8248519897, 91.1615371704, 91.5098419189, 91.8465270996, 92.1948318481, 92.5315170288, 92.8798141479, 93.2281188965, 93.5764160156, 93.9247131348, 94.2730178833, 94.6213150024, 94.9696121216, 95.3179092407, 95.6662139893, 96.0145111084, 96.374420166, 96.7343292236, 97.0942382812, 97.4657592773, 97.825668335, 98.1855773926, 98.5454864502, 98.9053955078, 99.2653045654, 99.625213623, 99.9851226807, 100.345031738, 100.716552734, 101.146118164, 101.575691223, 102.005256653, 102.434829712, 102.864395142, 103.293968201, 103.72353363, 104.153106689, 104.582672119, 105.012245178, 105.511474609, 105.999092102, 106.486709595, 106.974327087, 107.46194458, 107.949569702, 108.448799133, 108.948028564, 109.447257996, 109.946479797, 110.445709229, 110.933334351, 111.420951843], "beats_loudness": {"dmean2": 0.0257062707096, "median": 0.00634759338573, "min": 5.56163513465e-07, "dvar2": 0.00359684601426, "dvar": 0.00133046135306, "dmean": 0.0155521333218, "max": 0.360150039196, "var": 0.00264673493803, "mean": 0.0302183441818}, "danceability": 0.862182915211, "bpm_histogram_second_peak_weight": {"dmean2": 0, "median": 0.136029407382, "min": 0.136029407382, "dvar2": 0, "dvar": 0, "dmean": 0, "max": 0.136029407382, "var": 0, "mean": 0.136029407382}, "beats_count": 273, "bpm_histogram_second_peak_bpm": {"dmean2": 0, "median": 140, "min": 140, "dvar2": 0, "dvar": 0, "dmean": 0, "max": 140, "var": 0, "mean": 140}, "bpm_histogram_first_peak_spread": {"dmean2": 0, "median": 0, "min": 0, "dvar2": 0, "dvar": 0, "dmean": 0, "max": 0, "var": 0, "mean": 0}, "beats_loudness_band_ratio": {"dmean2": [0.192415446043, 0.281376481056, 0.131540343165, 0.0200270749629, 0.00455634621903, 0.00484617846087], "median": [0.540860235691, 0.367726504803, 0.0476683527231, 0.00527193071321, 0.000303026317852, 0.000333688629325], "min": [0.00374237797223, 0.00346884340979, 0.000277061772067, 7.69225971453e-06, 1.72099987594e-06, 1.47196096805e-05], "dvar2": [0.0329608246684, 0.0635587722063, 0.0451766364276, 0.00581228081137, 0.000594147015363, 0.000407764717238], "dvar": [0.0132895568386, 0.0234144181013, 0.0157075375319, 0.00188457290642, 0.000206756070838, 0.000233807935729], "dmean": [0.117231354117, 0.161291494966, 0.0759861990809, 0.0114978170022, 0.00266660563648, 0.00337404198945], "max": [0.965348303318, 0.994122922421, 0.911603689194, 0.515310525894, 0.178874656558, 0.229548186064], "var": [0.100682318211, 0.089748069644, 0.0302830096334, 0.00125591899268, 0.000132329485496, 0.000297567836242], "mean": [0.475134938955, 0.447745144367, 0.113117292523, 0.0134212076664, 0.00241822423413, 0.00346689252183]}}, "lowlevel": {"barkbands_spread": {"dmean2": 2.48660492897, "median": 2.91406583786, "min": 0.129316240549, "dvar2": 82.5359573364, "dvar": 28.3998756409, "dmean": 1.53608214855, "max": 163.643081665, "var": 135.196594238, "mean": 4.8695192337}, "melbands_spread": {"dmean2": 1.61367595196, "median": 3.18613505363, "min": 0.137893885374, "dvar2": 7.2297911644, "dvar": 2.63965821266, "dmean": 1.02603363991, "max": 42.8637084961, "var": 7.2581911087, "mean": 3.645154953}, "hfc": {"dmean2": 1.81765067577, "median": 1.17626667023, "min": 5.30295892531e-06, "dvar2": 24.820766449, "dvar": 11.0143194199, "dmean": 1.14685416222, "max": 92.7609176636, "var": 80.0798721313, "mean": 4.66018390656}, "barkbands_kurtosis": {"dmean2": 27.4748592377, "median": 10.5322189331, "min": -1.95291936398, "dvar2": 7245.54931641, "dvar": 4540.671875, "dmean": 20.223985672, "max": 3196.93237305, "var": 41100.0351562, "mean": 56.725227356}, "gfcc": {"mean": [-231.286529541, 155.300643921, -24.4653816223, -12.8169851303, -51.2234764099, -15.8784303665, -31.4885559082, -8.46113777161, -21.5505390167, -3.81895494461, -11.4997997284, 0.930909633636, -8.3119058609], "icov": [[0.000665522296913, -0.00134950946085, 0.00133342668414, -0.00178423640318, 0.00156322692055, -0.00111523584928, 0.000969110114966, -0.00107164133806, 0.00167039060034, -0.00249931612052, 0.00240067532286, -0.00170086568687, 0.000485787342768], [-0.00134950946085, 0.00357659510337, -0.0027734329924, 0.00419850461185, -0.00318355858326, 0.00196795212105, -0.00143478042446, 0.00156987330411, -0.00341959996149, 0.00605981890112, -0.00682759797201, 0.00525373080745, -0.0021997555159], [0.00133342668414, -0.0027734329924, 0.00385176646523, -0.00411005411297, 0.00316106807441, -0.0016910204431, 0.00102874159347, -0.000451241008705, 0.00240690773353, -0.00549273286015, 0.00713953701779, -0.00562612013891, 0.00205346150324], [-0.00178423640318, 0.00419850461185, -0.00411005411297, 0.00743520632386, -0.00583352381364, 0.00180788198486, 0.000183556272532, 0.000478247471619, -0.00377350440249, 0.00776008004323, -0.00892656948417, 0.00874276738614, -0.00318517535925], [0.00156322692055, -0.00318355858326, 0.00316106807441, -0.00583352381364, 0.00972743704915, -0.00543675012887, 0.00296373455785, -0.00210375525057, 0.00231833872385, -0.00452034780756, 0.00322232558392, -0.00265131797642, 0.000925824686419], [-0.00111523584928, 0.00196795212105, -0.0016910204431, 0.00180788198486, -0.00543675012887, 0.00834013335407, -0.0059381518513, 0.00129916029982, -0.000521343608852, 0.00179786095396, -0.00275055598468, -0.000458342168713, 0.00110944209155], [0.000969110114966, -0.00143478042446, 0.00102874159347, 0.000183556272532, 0.00296373455785, -0.0059381518513, 0.0160144958645, -0.00812963210046, 0.00214208313264, -5.55419319426e-05, -0.00502834282815, 0.00713640870526, -0.00443282956257], [-0.00107164133806, 0.00156987330411, -0.000451241008705, 0.000478247471619, -0.00210375525057, 0.00129916029982, -0.00812963210046, 0.0153435887769, -0.00850836746395, 0.000315768265864, 0.00562448659912, -0.00395199237391, 0.00190235499758], [0.00167039060034, -0.00341959996149, 0.00240690773353, -0.00377350440249, 0.00231833872385, -0.000521343608852, 0.00214208313264, -0.00850836746395, 0.0186825096607, -0.010704564862, 0.00479589449242, -0.000734900298994, -0.00142844975926], [-0.00249931612052, 0.00605981890112, -0.00549273286015, 0.00776008004323, -0.00452034780756, 0.00179786095396, -5.55419319426e-05, 0.000315768265864, -0.010704564862, 0.0330802425742, -0.0236971396953, 0.00605191104114, 0.000645236810669], [0.00240067532286, -0.00682759797201, 0.00713953701779, -0.00892656948417, 0.00322232558392, -0.00275055598468, -0.00502834282815, 0.00562448659912, 0.00479589449242, -0.0236971396953, 0.0394580438733, -0.0248731244355, 0.00376615789719], [-0.00170086568687, 0.00525373080745, -0.00562612013891, 0.00874276738614, -0.00265131797642, -0.000458342168713, 0.00713640870526, -0.00395199237391, -0.000734900298994, 0.00605191104114, -0.0248731244355, 0.0470141880214, -0.019833644852], [0.000485787342768, -0.0021997555159, 0.00205346150324, -0.00318517535925, 0.000925824686419, 0.00110944209155, -0.00443282956257, 0.00190235499758, -0.00142844975926, 0.000645236810669, 0.00376615789719, -0.019833644852, 0.024940457195]], "cov": [[21199.7636719, 2698.89404297, -3554.62060547, 2053.17749023, 1026.42004395, 1844.9239502, 334.324401855, 936.825561523, -114.294425964, 366.441772461, 490.080596924, 58.5777320862, 204.343780518], [2698.89404297, 1845.06359863, -345.914978027, -461.282897949, -52.7216339111, 41.3729400635, 116.486198425, 7.42881202698, 27.1941947937, 23.2062034607, 165.323532104, 49.9214172363, 115.681877136], [-3554.62060547, -345.914978027, 1419.3190918, -37.6841125488, -183.537612915, -321.029571533, -140.745635986, -174.363861084, 6.20831489563, -79.1935882568, -168.279449463, -26.9354705811, -67.1717071533], [2053.17749023, -461.282897949, -37.6841125488, 1259.62109375, 551.888549805, 434.32925415, -3.75600099564, 176.733825684, 17.1294612885, 16.9895362854, 14.9335279465, -66.9710540771, -25.6335163116], [1026.42004395, -52.7216339111, -183.537612915, 551.888549805, 503.540863037, 367.270019531, 65.1241760254, 109.0052948, 28.0464611053, 42.3142242432, 79.0129394531, -9.06844234467, 10.5507135391], [1844.9239502, 41.3729400635, -321.029571533, 434.32925415, 367.270019531, 534.934265137, 145.501235962, 150.048126221, 8.88417434692, 71.2955780029, 104.637992859, 14.6028795242, 21.0770244598], [334.324401855, 116.486198425, -140.745635986, -3.75600099564, 65.1241760254, 145.501235962, 164.563873291, 86.4399185181, 29.6505489349, 26.7577972412, 51.4277420044, 5.66949558258, 26.3852100372], [936.825561523, 7.42881202698, -174.363861084, 176.733825684, 109.0052948, 150.048126221, 86.4399185181, 196.148895264, 60.9987258911, 28.451587677, 4.65329790115, -7.92857551575, 4.76568460464], [-114.294425964, 27.1941947937, 6.20831489563, 17.1294612885, 28.0464611053, 8.88417434692, 29.6505489349, 60.9987258911, 106.879821777, 29.0439529419, 12.097287178, 1.23166275024, 10.0049276352], [366.441772461, 23.2062034607, -79.1935882568, 16.9895362854, 42.3142242432, 71.2955780029, 26.7577972412, 28.451587677, 29.0439529419, 93.1485443115, 72.4226303101, 32.9532546997, 15.9659357071], [490.080596924, 165.323532104, -168.279449463, 14.9335279465, 79.0129394531, 104.637992859, 51.4277420044, 4.65329790115, 12.097287178, 72.4226303101, 139.08555603, 58.3475189209, 46.2128791809], [58.5777320862, 49.9214172363, -26.9354705811, -66.9710540771, -9.06844234467, 14.6028795242, 5.66949558258, -7.92857551575, 1.23166275024, 32.9532546997, 58.3475189209, 70.7230606079, 44.8753356934], [204.343780518, 115.681877136, -67.1717071533, -25.6335163116, 10.5507135391, 21.0770244598, 26.3852100372, 4.76568460464, 10.0049276352, 15.9659357071, 46.2128791809, 44.8753356934, 80.4404220581]]}, "spectral_energyband_middle_low": {"dmean2": 0.00580228026956, "median": 0.00302623212337, "min": 9.99301683069e-12, "dvar2": 0.000246565876296, "dvar": 8.26482719276e-05, "dmean": 0.00346552138217, "max": 0.202404901385, "var": 0.000392392656067, "mean": 0.0108687877655}, "melbands_crest": {"dmean2": 4.73706531525, "median": 17.2847900391, "min": 7.07545089722, "dvar2": 23.1237602234, "dvar": 8.21555900574, "dmean": 3.03405833244, "max": 39.8484840393, "var": 44.7529678345, "mean": 18.8701000214}, "spectral_kurtosis": {"dmean2": 14.0760736465, "median": 43.0347595215, "min": -1.15942585468, "dvar2": 200.98664856, "dvar": 84.2730789185, "dmean": 8.9926071167, "max": 213.949234009, "var": 1432.78039551, "mean": 50.2897644043}, "spectral_rms": {"dmean2": 0.000731873558834, "median": 0.00217800028622, "min": 1.72467969151e-06, "dvar2": 1.41288558098e-06, "dvar": 5.12283861553e-07, "dmean": 0.000462463794975, "max": 0.0186345428228, "var": 1.07488258436e-05, "mean": 0.00340588972904}, "zerocrossingrate": {"dmean2": 0.00535217346624, "median": 0.01513671875, "min": 0.001953125, "dvar2": 0.000169324179296, "dvar": 0.000101695019112, "dmean": 0.00415843259543, "max": 0.55908203125, "var": 0.000883439206518, "mean": 0.0207884628326}, "silence_rate_60dB": {"dmean2": 0.0762536227703, "median": 0, "min": 0, "dvar2": 0.0845357179642, "dvar": 0.0366637259722, "dmean": 0.0381189137697, "max": 1, "var": 0.23884101212, "mean": 0.394366204739}, "erbbands_kurtosis": {"dmean2": 6.74368143082, "median": 3.3937523365, "min": -1.55175685883, "dvar2": 254.623779297, "dvar": 209.878112793, "dmean": 5.2882142067, "max": 555.631408691, "var": 2539.61181641, "mean": 15.5226173401}, "erbbands": {"dmean2": [0.205817610025, 1.03503632545, 2.25341677666, 4.53060293198, 12.1151857376, 14.5529928207, 10.9177217484, 7.85658025742, 5.28965377808, 6.05680847168, 4.58723783493, 5.92880058289, 5.06532812119, 1.87353277206, 2.89631342888, 1.31011104584, 2.52598118782, 1.51356768608, 0.877301573753, 1.40046584606, 1.2713984251, 1.0933637619, 0.644714951515, 1.12873268127, 0.738186717033, 0.736379683018, 0.373236656189, 0.606340408325, 0.310829222202, 0.197747007012, 0.226837694645, 0.153471037745, 0.0925035700202, 0.0412426181138, 0.0207330659032, 0.00838658120483, 0.00368610490113, 0.000949983135797, 0.000101485900814, 1.28189149109e-05], "median": [0.0116331158206, 0.0867480635643, 0.241518750787, 0.279377192259, 1.89483380318, 3.51116895676, 3.63879585266, 4.23459720612, 1.50780415535, 1.18798875809, 0.743073225021, 2.08583831787, 0.304781675339, 0.221491709352, 0.223925977945, 0.16043779254, 0.160371884704, 0.042273029685, 0.020302247256, 0.0177647732198, 0.0141378436238, 0.00790776312351, 0.00592475570738, 0.00320540368557, 0.00216240948066, 0.00237249862403, 0.00165291316807, 0.0013341474114, 0.00108790653758, 0.000972067355178, 0.000808920362033, 0.000646760105155, 0.00056644884171, 0.000477756140754, 0.000367806991562, 0.000254828861216, 0.000155390240252, 0.000223812588956, 2.91815031233e-05, 8.27806434245e-06], "min": [3.98480537456e-08, 2.17746158881e-08, 3.45468298413e-09, 1.85698900701e-09, 2.31639840642e-09, 2.71133293595e-09, 4.65722083121e-09, 3.20145976396e-09, 1.47746410661e-08, 2.16825721822e-08, 1.42493066235e-08, 9.77441860783e-09, 6.69224178296e-08, 9.74386153985e-08, 1.41100215956e-07, 9.00189078834e-08, 1.76387231932e-07, 1.48444641468e-07, 1.41726502534e-07, 1.66427938098e-07, 2.32010251011e-07, 4.14571871943e-07, 4.99137001952e-07, 6.01621593432e-07, 6.51663867757e-07, 2.42642101966e-07, 3.49632301777e-07, 3.79894999014e-07, 6.50945480629e-07, 6.93960089393e-07, 3.4562322071e-07, 3.55272504748e-07, 2.62293667674e-07, 2.83973719206e-07, 1.05034303033e-07, 8.65359837121e-08, 4.73915093835e-08, 4.9003581637e-08, 2.35467965126e-08, 2.90901858158e-09], "dvar2": [0.400963813066, 11.1676006317, 45.9917984009, 210.751296997, 1437.19555664, 2321.55419922, 1063.54846191, 362.303741455, 358.80065918, 298.999542236, 164.08454895, 595.54901123, 466.034851074, 34.1511459351, 165.313201904, 23.3959732056, 107.045120239, 44.940536499, 18.4250926971, 84.1410827637, 92.4331207275, 82.735458374, 14.4514465332, 81.7831802368, 19.958070755, 33.2820549011, 8.84357357025, 32.3853263855, 4.57432460785, 1.87234389782, 3.00242805481, 1.16892552376, 0.381376415491, 0.0558795556426, 0.00935183931142, 0.00100836809725, 0.000175653782208, 1.11084646051e-05, 1.29308915575e-07, 1.08295261647e-09], "dvar": [0.135078862309, 3.85224032402, 19.3423233032, 73.7954788208, 417.646575928, 756.826538086, 392.296142578, 175.201522827, 176.927154541, 124.530960083, 75.4867248535, 234.585800171, 179.127334595, 19.0567989349, 65.1407546997, 10.6895313263, 66.9021835327, 17.4274654388, 8.73544406891, 38.8083457947, 48.3950233459, 44.1646766663, 6.72958850861, 31.2501716614, 8.70995044708, 11.8023233414, 3.20902347565, 11.2846298218, 1.75132083893, 0.722581863403, 1.10277795792, 0.44077372551, 0.14094017446, 0.0215323790908, 0.00381537224166, 0.000598905840889, 0.000122669385746, 6.75657702232e-06, 7.58850049465e-08, 4.25026402961e-10], "dmean": [0.118381462991, 0.610823690891, 1.44605731964, 2.64192557335, 6.79226303101, 8.65426445007, 7.31767749786, 5.97047710419, 3.93041539192, 3.94416689873, 3.05737757683, 3.81863260269, 3.22516727448, 1.31637215614, 1.89086472988, 0.883974909782, 1.87181663513, 0.924482584, 0.563012897968, 0.866599082947, 0.76299405098, 0.662076532841, 0.404862463474, 0.668115735054, 0.462283223867, 0.432503342628, 0.218106791377, 0.335396707058, 0.186104118824, 0.118005946279, 0.129996240139, 0.0903237387538, 0.0544278696179, 0.0257172398269, 0.0141344480217, 0.00645748991519, 0.0027918885462, 0.000712964276318, 7.70117185311e-05, 8.10095934867e-06], "max": [7.10681533813, 42.9618186951, 139.291992188, 205.189575195, 373.677612305, 540.421813965, 367.135864258, 420.621063232, 488.778198242, 265.749603271, 247.443939209, 401.301361084, 262.265228271, 119.720291138, 245.103530884, 96.1319274902, 271.059539795, 140.795120239, 95.6931304932, 255.775482178, 345.667053223, 339.088256836, 91.2311477661, 232.793289185, 101.675270081, 134.488235474, 69.7536468506, 89.2618865967, 36.5495529175, 20.9731674194, 24.4192943573, 17.4593887329, 10.8814144135, 3.48049616814, 1.4999935627, 0.615560531616, 0.440525829792, 0.0601113028824, 0.00498090637848, 0.000457478745375], "var": [0.507747650146, 11.1133804321, 67.2926025391, 191.404586792, 758.937988281, 1512.67919922, 1351.98388672, 1387.83557129, 1075.7565918, 522.438476562, 386.216644287, 401.50390625, 298.446044922, 103.267684937, 187.435256958, 44.8780059814, 180.466430664, 51.0886802673, 26.7477893829, 86.2676086426, 75.883354187, 67.8395843506, 14.2174081802, 59.3908081055, 14.9603338242, 9.26111412048, 2.67417025566, 7.11164951324, 1.68019270897, 0.652879357338, 0.763256371021, 0.328612685204, 0.103782422841, 0.0206752158701, 0.00529655534774, 0.0013473094441, 0.000275803293334, 1.3430355466e-05, 1.46888140762e-07, 2.71383537864e-09], "mean": [0.286919027567, 1.32874798775, 3.41211867332, 5.63708591461, 12.0822000504, 17.4102916718, 17.6651725769, 17.1925373077, 11.2186288834, 9.23337459564, 7.5595331192, 7.1923084259, 5.36520767212, 3.44259023666, 4.15057277679, 2.1004011631, 3.65313220024, 1.82861030102, 1.22468900681, 1.49872291088, 1.33008909225, 1.195774436, 0.720394730568, 1.17049825191, 0.704381227493, 0.496760398149, 0.242701664567, 0.276668012142, 0.18748357892, 0.11207036674, 0.107237718999, 0.0779011249542, 0.0494073666632, 0.0291959233582, 0.0175405498594, 0.0092421527952, 0.00393530121073, 0.00112350005656, 0.00012689079449, 3.09770293825e-05]}, "spectral_strongpeak": {"dmean2": 0.242170408368, "median": 0.293268382549, "min": 0, "dvar2": 0.139938205481, "dvar": 0.0536164194345, "dmean": 0.146933868527, "max": 3.1386179924, "var": 0.11897200346, "mean": 0.382982432842}, "spectral_energy": {"dmean2": 0.0101933851838, "median": 0.00486227823421, "min": 3.04888314595e-09, "dvar2": 0.000626342254691, "dvar": 0.000231188969337, "dmean": 0.00615139165893, "max": 0.355927377939, "var": 0.0017272438854, "mean": 0.0229076500982}, "average_loudness": 0.0174458194524, "spectral_rolloff": {"dmean2": 247.184082031, "median": 322.998046875, "min": 21.533203125, "dvar2": 2947087.75, "dvar": 1023407.1875, "dmean": 132.102493286, "max": 20994.8730469, "var": 2734140, "mean": 497.753326416}, "spectral_centroid": {"dmean2": 67.9423141479, "median": 311.007202148, "min": 126.975288391, "dvar2": 28835.3476562, "dvar": 18533.484375, "dmean": 44.2272071838, "max": 11442.0576172, "var": 120041.859375, "mean": 363.752868652}, "pitch_salience": {"dmean2": 0.106820575893, "median": 0.510166168213, "min": 0.037293408066, "dvar2": 0.0102546149865, "dvar": 0.00377973937429, "dmean": 0.0675467550755, "max": 0.824673354626, "var": 0.0185946412385, "mean": 0.49290445447}, "spectral_energyband_middle_high": {"dmean2": 0.0002109126508, "median": 3.33154021064e-05, "min": 7.86440773615e-11, "dvar2": 6.94276309332e-07, "dvar": 3.79146143814e-07, "dmean": 0.000144865975017, "max": 0.0195656400174, "var": 1.81160237389e-06, "mean": 0.000455518544186}, "spectral_contrast_coeffs": {"dmean2": [0.067351102829, 0.0579949021339, 0.0505993142724, 0.0355180315673, 0.0228369887918, 0.0164765287191], "median": [-0.587665617466, -0.672775924206, -0.742727637291, -0.817809343338, -0.871314406395, -0.870473623276], "min": [-0.972937107086, -0.967288136482, -0.96800839901, -0.955358445644, -0.957517564297, -0.960116147995], "dvar2": [0.00352544616908, 0.00210377573967, 0.00183209427632, 0.000919134530704, 0.000466824014438, 0.000236288993619], "dvar": [0.00125602411572, 0.00089258531807, 0.00074698618846, 0.000365388783393, 0.000173871885636, 9.65462895692e-05], "dmean": [0.0417178459466, 0.0375021025538, 0.0326254554093, 0.0221114363521, 0.0135495169088, 0.00978556834161], "max": [-0.329346895218, -0.302112013102, -0.516382336617, -0.586409568787, -0.623447597027, -0.695599973202], "var": [0.0102031994611, 0.00760740647092, 0.00592492427677, 0.00433994363993, 0.00208817096427, 0.00138074194547], "mean": [-0.593519747257, -0.668940901756, -0.741405546665, -0.819444477558, -0.865000128746, -0.858171820641]}, "melbands_skewness": {"dmean2": 0.91081905365, "median": 1.90520071983, "min": -2.15140891075, "dvar2": 1.30586457253, "dvar": 0.524958610535, "dmean": 0.606775641441, "max": 20.5184555054, "var": 4.71866607666, "mean": 2.24473619461}, "spectral_spread": {"dmean2": 628084.375, "median": 1985894.25, "min": 577647.8125, "dvar2": 595875790848, "dvar": 362765615104, "dmean": 421095.59375, "max": 39853196, "var": 5285692309500.0, "mean": 2652809.5}, "dissonance": {"dmean2": 0.0687520876527, "median": 0.339823186398, "min": 0.0525177493691, "dvar2": 0.0042500118725, "dvar": 0.00149759172928, "dmean": 0.0413296967745, "max": 0.500000059605, "var": 0.0119305988774, "mean": 0.324979007244}, "spectral_skewness": {"dmean2": 0.853623986244, "median": 5.52484416962, "min": -0.0758331492543, "dvar2": 0.591581344604, "dvar": 0.252992540598, "dmean": 0.54644459486, "max": 13.193104744, "var": 5.67924880981, "mean": 5.57298278809}, "spectral_flux": {"dmean2": 0.0199854355305, "median": 0.0243655815721, "min": 0.000138627699926, "dvar2": 0.000976782408543, "dvar": 0.00038415074232, "dmean": 0.0122733730823, "max": 0.429134756327, "var": 0.00222826190293, "mean": 0.0412800163031}, "spectral_contrast_valleys": {"dmean2": [0.5656260252, 0.504572570324, 0.443428874016, 0.374487519264, 0.323262661695, 0.270582288504], "median": [-8.16378688812, -7.98187541962, -9.61770248413, -10.7094211578, -11.1189498901, -13.1856327057], "min": [-27.1965293884, -27.097202301, -26.8841991425, -27.3616352081, -27.3712539673, -27.2814273834], "dvar2": [0.236267417669, 0.187161043286, 0.171349719167, 0.15842294693, 0.191084891558, 0.226831883192], "dvar": [0.0968264862895, 0.0858982503414, 0.0825557485223, 0.0811904221773, 0.104424618185, 0.130808293819], "dmean": [0.334851354361, 0.307453632355, 0.267912864685, 0.225671231747, 0.198980748653, 0.184636294842], "max": [-4.6902756691, -4.69660234451, -5.59394693375, -6.22628116608, -6.23587846756, -8.409740448], "var": [4.2000951767, 2.97210979462, 2.97638607025, 2.49315142632, 2.42293071747, 1.54230034351], "mean": [-8.46197795868, -8.23188591003, -9.75371456146, -10.7208223343, -10.9087314606, -12.9144115448]}, "erbbands_flatness_db": {"dmean2": 0.0239552073181, "median": 0.280216097832, "min": 0.0126217855141, "dvar2": 0.000609357084613, "dvar": 0.00030891734059, "dmean": 0.0177266299725, "max": 0.513285458088, "var": 0.00893578492105, "mean": 0.28122407198}, "spectral_energyband_high": {"dmean2": 4.14253008785e-05, "median": 5.39617701634e-07, "min": 2.84025497566e-10, "dvar2": 9.22420184679e-08, "dvar": 3.38761125818e-08, "dmean": 2.55288723565e-05, "max": 0.0044880034402, "var": 2.73300617692e-08, "mean": 2.72114466497e-05}, "spectral_entropy": {"dmean2": 0.261807173491, "median": 5.44186973572, "min": 3.00806474686, "dvar2": 0.0976220220327, "dvar": 0.0436021275818, "dmean": 0.181523501873, "max": 9.8062915802, "var": 0.971717298031, "mean": 5.52318572998}, "silence_rate_20dB": {"dmean2": 0, "median": 1, "min": 1, "dvar2": 0, "dvar": 0, "dmean": 0, "max": 1, "var": 0, "mean": 1}, "melbands_flatness_db": {"dmean2": 0.0347282625735, "median": 0.471943259239, "min": 0.105464957654, "dvar2": 0.00150788726751, "dvar": 0.000635134172626, "dmean": 0.0236936397851, "max": 0.746862411499, "var": 0.00961578916758, "mean": 0.466249525547}, "barkbands": {"dmean2": [0.00109511078335, 0.00522651802748, 0.00203888840042, 0.00229061278515, 0.0040593855083, 0.00100939767435, 0.00035512438626, 0.000265404261881, 0.00024786934955, 0.000110025379399, 6.81329474901e-05, 2.96070629702e-05, 5.05879834236e-05, 2.67726500169e-05, 2.02307855943e-05, 2.09189802263e-05, 2.79894375126e-05, 1.23478030218e-05, 1.94125132111e-05, 1.44908854054e-05, 1.28501624204e-05, 7.8092180047e-06, 7.20071966498e-06, 6.28876568953e-06, 3.07241020892e-06, 1.78882112323e-06, 7.28097631963e-07], "median": [3.12147531076e-05, 0.000392969785025, 0.000178571557626, 6.02267537033e-05, 0.00089847180061, 0.000571094336919, 9.49812383624e-05, 1.50525647769e-05, 7.35976063879e-05, 4.50291190646e-06, 4.25225425715e-06, 1.57479666996e-06, 3.16379441756e-06, 4.37416218801e-07, 2.53979862919e-07, 2.98882156358e-07, 1.10973331857e-07, 9.38006010642e-08, 5.07229955815e-08, 4.70859617963e-08, 3.52235360879e-08, 3.0905873416e-08, 2.91891844029e-08, 3.23993631923e-08, 4.7007421955e-08, 7.62656782172e-08, 3.38403737032e-07], "min": [8.83324635659e-10, 1.6101001088e-10, 2.26498358372e-13, 1.30577880865e-13, 9.3173136307e-13, 4.06421830869e-13, 1.29417635462e-12, 5.90225459653e-13, 4.22983994835e-13, 2.39120572301e-12, 3.1391302318e-12, 2.93962380479e-12, 2.96172396504e-12, 2.36411324545e-12, 1.16993307403e-12, 2.81173261757e-12, 7.45375896422e-12, 8.90316379648e-12, 1.23107973468e-11, 6.7431381659e-12, 7.27442975648e-12, 2.05016038868e-11, 1.72081810607e-11, 1.66246027361e-11, 2.04388363872e-11, 2.63581396293e-11, 1.73887806931e-10], "dvar2": [1.68407023011e-05, 0.00024261350336, 3.63537619705e-05, 5.39918910363e-05, 0.000139780866448, 5.69937174077e-06, 1.36161543196e-06, 5.40475582511e-07, 1.41231384987e-06, 1.56485143066e-07, 8.01865880362e-08, 1.15560974123e-08, 4.11992999716e-08, 1.45824543551e-08, 1.12807931885e-08, 1.35195872275e-08, 8.25363457579e-08, 5.43309308654e-09, 1.97034477623e-08, 1.08105355778e-08, 1.23575780719e-08, 3.14629167164e-09, 2.83224910191e-09, 1.92666260723e-09, 2.53076698487e-10, 3.7694718874e-11, 7.27428967756e-12], "dvar": [7.25730933482e-06, 8.29181226436e-05, 1.58172151714e-05, 1.79655653483e-05, 4.44680845249e-05, 2.73598743661e-06, 6.32908040643e-07, 2.38991958668e-07, 5.32677518095e-07, 6.64155166419e-08, 3.28083089585e-08, 5.10429387646e-09, 2.56007623989e-08, 5.75160719052e-09, 5.9026619148e-09, 5.73123459802e-09, 4.4658424514e-08, 2.40555930731e-09, 7.80443265569e-09, 3.9141867525e-09, 4.38254366131e-09, 1.1860969984e-09, 1.06117514775e-09, 7.15405401586e-10, 1.01253352924e-10, 2.59604403946e-11, 4.00169350781e-12], "dmean": [0.000680818280671, 0.00304373377003, 0.00131752947345, 0.00130654056557, 0.00236174883321, 0.000765564152971, 0.000255330378423, 0.000175034045242, 0.000156463429448, 7.32327243895e-05, 4.54152504972e-05, 1.94081239897e-05, 3.72375434381e-05, 1.62148844538e-05, 1.29891341203e-05, 1.26591812659e-05, 1.71034662344e-05, 7.59673503126e-06, 1.21993662106e-05, 8.62563774717e-06, 7.25659765521e-06, 4.73183899885e-06, 4.18391300627e-06, 3.70527186533e-06, 2.07549851439e-06, 1.35696450343e-06, 5.35040499017e-07], "max": [0.0741901621222, 0.188026875257, 0.131359562278, 0.0903192982078, 0.131907090545, 0.0515077188611, 0.0240979287773, 0.0134371174499, 0.0173566993326, 0.00643004197627, 0.00525533407927, 0.0018907522317, 0.00538811180741, 0.00230243941769, 0.00272102840245, 0.00221013277769, 0.0117802582681, 0.00169968395494, 0.00330346287228, 0.00220578024164, 0.00166238017846, 0.000991295091808, 0.000748796272092, 0.000754940090701, 0.000236524225329, 0.000181093142601, 4.17216870119e-05], "var": [2.46474774031e-05, 0.000296600861475, 5.57295716135e-05, 3.88606677006e-05, 0.000107611333078, 2.00836184376e-05, 3.3303026612e-06, 1.199443318e-06, 6.68767086154e-07, 1.98197781742e-07, 1.04880804486e-07, 1.92648119679e-08, 6.8206716719e-08, 1.59097712782e-08, 1.8871224583e-08, 1.04087343189e-08, 6.333569047e-08, 4.71010608294e-09, 1.56253641137e-08, 3.35281225006e-09, 3.07170844316e-09, 1.06020192625e-09, 7.96784416224e-10, 5.21504672779e-10, 1.24200025264e-10, 6.35741806421e-11, 6.82260237889e-12], "mean": [0.00140029063914, 0.00724509451538, 0.00294478633441, 0.00232266518287, 0.00490502873436, 0.00221692514606, 0.000673416710924, 0.000399497104809, 0.00026767590316, 0.000151404412463, 9.81475241133e-05, 4.00996868848e-05, 7.11169632268e-05, 3.02623939206e-05, 2.68700041488e-05, 1.99586047529e-05, 2.82732708001e-05, 1.22439614643e-05, 2.03449217224e-05, 9.91688102658e-06, 6.61461854179e-06, 4.67973404739e-06, 3.63209119314e-06, 3.25997939399e-06, 2.58301383838e-06, 1.98487168745e-06, 8.96135361472e-07]}, "erbbands_skewness": {"dmean2": 0.72618407011, "median": 1.30214953423, "min": -1.94276678562, "dvar2": 0.541569173336, "dvar": 0.29092285037, "dmean": 0.522433161736, "max": 17.1960144043, "var": 4.28940629959, "mean": 1.67134714127}, "erbbands_spread": {"dmean2": 4.61503887177, "median": 8.57301139832, "min": 0.443975031376, "dvar2": 81.3490753174, "dvar": 34.5569992065, "dmean": 3.0