{"tonal": {"thpcp": [1, 0.553228259087, 0.200796037912, 0.170474991202, 0.152859464288, 0.323536843061, 0.505436480045, 0.481338202953, 0.40329259634, 0.283755302429, 0.230029553175, 0.391557991505, 0.467694044113, 0.397226572037, 0.710275888443, 0.852015912533, 0.409476697445, 0.172774106264, 0.157099828124, 0.11568428576, 0.291002929211, 0.470819979906, 0.311518460512, 0.133043557405, 0.0959375202656, 0.150654777884, 0.458750456572, 0.573575794697, 0.395655453205, 0.492046684027, 0.583918690681, 0.402345538139, 0.248534783721, 0.206374973059, 0.235489100218, 0.687312841415], "hpcp": {"dmean2": [0.139445498586, 0.149786919355, 0.255042821169, 0.261164665222, 0.216889053583, 0.118900954723, 0.0921876803041, 0.0912834107876, 0.139964923263, 0.169045746326, 0.196972578764, 0.185238406062, 0.142175719142, 0.140607520938, 0.209301322699, 0.207659170032, 0.227865159512, 0.288120448589, 0.248911425471, 0.16919529438, 0.101515889168, 0.0899926051497, 0.0613131336868, 0.120771385729, 0.170582175255, 0.141662284732, 0.0882828086615, 0.0731488093734, 0.0945213213563, 0.18911896646, 0.218871220946, 0.202366575599, 0.231421902776, 0.189785882831, 0.191733345389, 0.15899169445], "median": [0.0432596877217, 0.0589346066117, 0.216711163521, 0.29450622201, 0.152466580272, 0.0382481627166, 0.0330514647067, 0.0385755933821, 0.0628813281655, 0.0799043253064, 0.113594278693, 0.0871649160981, 0.0510055273771, 0.0407742708921, 0.0871326848865, 0.0943623483181, 0.0920927673578, 0.19912570715, 0.229030847549, 0.11587999016, 0.0369771793485, 0.0305673591793, 0.0291569530964, 0.0660673826933, 0.0948980003595, 0.0600706972182, 0.0224376618862, 0.0170719828457, 0.0339020416141, 0.107629276812, 0.135966092348, 0.0919206142426, 0.102372020483, 0.0909596011043, 0.0758552774787, 0.0568813383579], "min": [0, 0, 0, 0, 0, 0, 0, 0, 0, 0, 0, 0, 0, 0, 0, 0, 0, 0, 0, 0, 0, 0, 0, 0.000455971836345, 0.000447539961897, 0.000536023639143, 0.000178517526365, 0, 0, 0, 0, 0, 0, 0, 0, 0], "dvar2": [0.0625388249755, 0.0525039434433, 0.0789234638214, 0.0868659093976, 0.0631870254874, 0.0383291915059, 0.0247202590108, 0.0242573078722, 0.0465505607426, 0.0608630888164, 0.0681799948215, 0.0684017464519, 0.0606651827693, 0.0625034570694, 0.0917553752661, 0.0805111825466, 0.0953872576356, 0.0966578349471, 0.0783555060625, 0.0401073694229, 0.0322130508721, 0.0316381566226, 0.0125745031983, 0.0316868312657, 0.0556129068136, 0.046405531466, 0.0357055440545, 0.0297742784023, 0.0273231565952, 0.0596145242453, 0.0755448564887, 0.0733884647489, 0.104533076286, 0.0831424146891, 0.0861810967326, 0.0710732787848], "dvar": [0.0225715488195, 0.0190551094711, 0.0302055701613, 0.038595251739, 0.0242205578834, 0.0139895891771, 0.00930900126696, 0.00861292239279, 0.0173092763871, 0.0254439748824, 0.0250758491457, 0.0280705932528, 0.0234092380852, 0.0228278674185, 0.0337570495903, 0.0316830575466, 0.0339523926377, 0.0369804874063, 0.0365760624409, 0.0160059444606, 0.0122888889164, 0.0124026574194, 0.0047222240828, 0.0125941224396, 0.0234363581985, 0.0176641903818, 0.0131551874802, 0.0103944931179, 0.0102900564671, 0.0254964530468, 0.0319567359984, 0.0271975602955, 0.035239264369, 0.0320753678679, 0.028703963384, 0.0246688704938], "dmean": [0.0786102041602, 0.0852860808372, 0.154387742281, 0.158636599779, 0.131326243281, 0.0695699378848, 0.0544466003776, 0.0521096140146, 0.0836743786931, 0.103132776916, 0.118712611496, 0.111818224192, 0.0836877301335, 0.0813640132546, 0.12310359627, 0.123050495982, 0.131132602692, 0.171845450997, 0.153080567718, 0.105136506259, 0.0595426000655, 0.0530926138163, 0.0360735356808, 0.073294326663, 0.105338588357, 0.0843202993274, 0.0502411946654, 0.0406435020268, 0.0553976669908, 0.114075370133, 0.131716117263, 0.119015306234, 0.134280890226, 0.111817881465, 0.110521011055, 0.0910391360521], "max": [1, 1, 1, 1, 1, 1, 1, 1, 1, 1, 1, 1, 1, 1, 1, 1, 1, 1, 1, 1, 1, 1, 1, 1, 1, 1, 1, 1, 1, 1, 1, 1, 1, 1, 1, 1], "var": [0.0197615474463, 0.0183980111033, 0.0708082541823, 0.139172643423, 0.0567523092031, 0.0179337263107, 0.0143931768835, 0.00790970679373, 0.0351841785014, 0.0891052111983, 0.0586684606969, 0.0514284819365, 0.0430987402797, 0.0295404214412, 0.0481590256095, 0.0680572390556, 0.04819579795, 0.082039155066, 0.116940900683, 0.0310735087842, 0.01379439421, 0.014482460916, 0.0054144365713, 0.0256726648659, 0.0701436325908, 0.0349099524319, 0.0142312534153, 0.00805349089205, 0.00965014938265, 0.0544773563743, 0.0797641798854, 0.0437214225531, 0.0675823315978, 0.109291791916, 0.053304232657, 0.0233851633966], "mean": [0.0909631848335, 0.103795714676, 0.302944511175, 0.44076654315, 0.243844494224, 0.0885041728616, 0.0751396715641, 0.0673753395677, 0.142604216933, 0.222779497504, 0.212157770991, 0.177757889032, 0.125069841743, 0.101389333606, 0.17258566618, 0.206143885851, 0.175084188581, 0.313065856695, 0.375540107489, 0.180483624339, 0.0761530473828, 0.0692443475127, 0.0509897619486, 0.128264352679, 0.207521691918, 0.137306913733, 0.0586411468685, 0.0422860495746, 0.0664035826921, 0.202201858163, 0.252813011408, 0.174391686916, 0.216877713799, 0.257371813059, 0.177340447903, 0.109545819461]}, "tuning_equal_tempered_deviation": 0.0882949009538, "chords_changes_rate": 0.0357037484646, "key_key": "D#", "tuning_diatonic_strength": 0.666502416134, "key_scale": "major", "chords_number_rate": 0.00177043373697, "tuning_frequency": 432.940917969, "tuning_nontempered_energy_ratio": 0.710622012615, "chords_histogram": [45.6181755066, 0.560637354851, 14.8421363831, 0, 0, 0.0590144582093, 0, 0, 0.0885216891766, 0, 0, 0, 0, 0, 0, 0.26556506753, 0, 0, 0, 2.71466517448, 0, 5.75390958786, 25.4942455292, 4.60312795639], "key_strength": 0.862883269787, "chords_key": "D#", "chords_strength": {"dmean2": 0.00706126447767, "median": 0.578729510307, "min": 0.2934461236, "dvar2": 4.34962203144e-05, "dvar": 6.66671112413e-05, "dmean": 0.0100260656327, "max": 0.800443589687, "var": 0.00947547517717, "mean": 0.56872934103}, "chords_scale": "major", "hpcp_entropy": {"dmean2": 0.957808434963, "median": 2.19875383377, "min": 0.0353826023638, "dvar2": 0.580241322517, "dvar": 0.216642618179, "dmean": 0.570615887642, "max": 4.31267166138, "var": 0.517424941063, "mean": 2.15156650543}}, "metadata": {"audio_properties": {"equal_loudness": 0, "codec": "flac", "downmix": "mix", "sample_rate": 96000, "analysis_sample_rate": 44100, "bit_rate": 0, "md5_encoded": "f71aad6784047b8c64b0d2dc0e31812a", "length": 157.309997559, "replay_gain": -6.81138801575, "lossless": true}, "version": {"essentia_build_sha": "70f2e5ece6736b2c40cc944ad0e695b16b925413", "essentia": "2.1-beta2", "extractor": "music 1.0", "essentia_git_sha": "v2.1_beta2"}, "tags": {"title": ["Turncoat Indian"], "language": ["eng"], "media": ["7\u2033 Vinyl"], "albumartist": ["The Apples"], "tracktotal": ["6"], "musicbrainz_releasegroupid": ["ae9876be-2324-368d-9f49-604543146c6e"], "releasetype": ["ep"], "musicbrainz_recordingid": ["195c0be4-5864-4917-a098-65df7bb46f5b"], "musicbrainz_albumartistid": ["ea075268-e5ea-40f7-b9c3-68b039218a88"], "musicbrainz_releasetrackid": ["88a3971b-aa4a-3167-8c2d-a8c4b2253b0d"], "discnumber": ["1"], "totaldiscs": ["1"], "album": ["Tidal Wave"], "catalognumber": ["E6-001"], "releasecountry": ["US"], "file_name": "1-03 Turncoat Indian.flac", "acoustid_fingerprint": ["AQADtDJFncF1xIqCpJly_PgZvBHeoUcSpTqyR6OwX8MPf_iDXE6R86i_4NQkWGmUSUd_HK9yXPgUHfmFZHkeYfrB8qhOYdvR-7iGK0QeJMtR8jiPpFIi5Dcu8sFz4nUSnCYaZkgiR8yHrCSPJ9gjwi9O6Xh0vMLHNPAzEdfxCw_2J0h6I3x2MDlzXHhOTD985IemH7lxGpWTHT6PBwmnCSFz9Dqa8zh93EIk9xl0EZkqHuXHohqm4GvwJfjRHH1xPMJ1HXkPzUSYSDq-EteLWvuxXSiRNcuR5LiKfkJzxJAjZ0P8acOv4ULIV1D2IFdzMM5x9jiNKV-GWtnx4UpREubCCP2Dy5ky5AxUHkE3LbnhTbtw2fAxXcaNbDqS6KioDDd-fNThDm_wRDvCrD3EFyEuD_Vj2Apy1cO2I3nAqMSPmUMjHzV1XCH6PXgJR9SHXCIu8cJfiFyW4-LxPIfSqRNCHZ_wJMSXY05EtmjisCl-G0YoIxl7NNxxHqfy4FlzafiiDCcuFtfxakae49KhsUWab_iHrh9yHFd9nA9OxUV45vAz9Ea9oQmjBedxKcdTHRWlE2bSC5UuNGpQmQ925N6RfBmmHw6vcHiSpOgTBcdfHE-F5JJSIWdOo3UHR8yOrngq_Kh8wT2Sf0MY58PlVZjaFd4P_8jCQx1ZRNZx4glcMTgVhJyOhEu0Ef6jor_xikMvTOmRJ6Qh9QiLbb9Q4UuWHPmu4iJ-ND-6KcPn4yFO7hF6iIq2B20S5kJ8lD8i5enBQ7lwrciPUkeTH_eQfHhH5E-V4MejIToP7T2yRFN4jCIn_OiPph2J_7iEfoY_1EonPNNxhDuST1pRjxcuHf8xdQfzFCeP8URyJ0IeHv3R6DiuzQjDxIGqG-mDPnPwY0eYpgFj8RP0I8eUCN3w5Hhe9GiuGE-H40qPW6hE4suRbiE0JsLNjUMYPQh1_NAjHbVy5Il2HdeSsIW14-7hH-GhkwhZwmdwpke3fTh-4ife5MgPzculIC_Md3iFSh8eI4eO79HQJ4RDcYYOXwi_FNfxFmuZC3eCvnBt_HB0IZyO5BSNSh2mPMXHZ3hEVImSMIdP49LhC-EJPd-QS8bzGE2S52iXCJf4Ic-SpFCQM0e9uXhePHnwC9QFX8H040c-6Eceoj585cYJH8emg9GPJ32KWdOM44rwTchz6MizG-Ul-KhMEx-H5ggfolx0EWJOof2Gl9Auwp3xF3oXLviOSNnBF9cm7Mefp-h3PNHhLTxuYmKyH-cTXMyED0eTDgwfPF8U1Da2H99R6UdyI5ykX_CDNiLOog-2iim644kHRlfgD9ONWM-hRzTCWfAeBzisHD9O7DkHJvPiIO-gE9FVPEez7sSHHw6OfFHwHPoUDzeFNJ2eoH_wEfVh98V3fEK0fHlxPoF0ocfOQI_wHOeDHA9P7EU3G40FXtqLPw9xnDSeq7h-RD-09EfOI34Uog-iXnh2zI8WFbeFxkctPMXxH0fUaEjGSAOTt8elY3qMo-txZS_yHr4P_VLx6TiJrSmRKweLHlP4GDGdCsmT4dPhB0-c4K2No85xySb6IvovaJlEhI4Y_ASTvfiFqcc3nEJ4VYc_G7eExscV4iEfOOODmT4uQooV6gjjSseOEw8HjzluG--OT1GOXunQLDgz4cEv4UGub9DDXUJOBpN-CU0T4j16CUywHzldPBSaHS_xD_cL7TkuNviNXEJjLTtCdsceiYcqWPsD6Ue-41J2NMd0UcGnCz-6HCfjoi-eI4xzoY_QVwiM8-ioHW8S8ugDV8vx5AiTW0h8nPh5NDeDOsclH0_GoDr-kOiP5PF45FLkot0H54qkos8kfMfnF5_xD3mEJmLQxsmJkwjPwSGPq05g7TieJYenuIFbHI6YPAh7IXlx4joexhoqiUoOL8tx9McTInegI82PV_fwoNThlOiJvkTyI104GaOOc7BLkA-TCL8w5ROeLAvOIy-hyaGDMMdFdH7gbMdFXNgHJhVzfAqx_zjORMmQfET44z6J78WPE2FOXPpxPcJzhOlR6kc_BU2VLcIR6UwWBeKP7GgiYq_xB6eeoTkzouwunMF4XLqC-BYh6CGuHeEYgcmNJ8fFPPjRJ8MXeEeoLXoEObyIXKjMgMkmPNGP38H0LPDR7XiPMxJyaJROpOSFXsdDbROqw-PxY1suUNUU9EqxX8gNncOj8OiR36ico-fxK7Xg41VcvFoG_8KFNzzyoulwYnRxqpCSdVbgH5EuEufwoc-Osx8-LZSKEt01NMXO4I6D6zh-NBGrI09-UD109D0KHzWF6GGEs8fvoVN-w-rxyXix6QeyQ5G0HvmOG-GNhiNUKTpCvDwqn8EfHTkU9wgz_WAczcR-HL6F68OlG08SDb_RKxEsP-jxcTJO7BceMUj2HaljcNQFX0o49A_2HMfDHHmQLEcf3DTKZUdCbUcao39wfMaHbYqPb8ghnd6QXsF9PMe1WbicWGieH8yxR8bxC_l46Ed8XrDxo_fQPBt-5DlUZ0Fu9BesLch1QoyEkKGSiGiubkHf4xMiHVrqGNkTHk9fTLzQ_PjT4QmPK3iMrkTz7HiIp0csNdCzovcRZtKV4bpwUUVJGlN28EP0ES_6wjmK_KkAQCQRgwnKPASGQAEAMMAJBgSQhkGBhBCGIGegEswhgg0BBAgGDCPGUwEMQsQARoVBwinhgEEICUSFB8gIBIRiBggCgRUGIEGQsgw1AhBCDCoDBCEGEQKYoAQYoYhhwBAkCEEEEMSNFWY5IhQgQBDqjBCIWaWEsIgQQpACjhGAFCNKEESJAUQAQCgjCCEkpAPAKAOIAYIAwRBzggjgmBNECGOAYFh4RIQQCCkHFGJEAKYEEAxIQgRwBhgIgHCGMAqAIcQQgQSQAiChDCFCASMYA4JhJhQAxjgDFEGIKCoAFoIJoIRQBCiCHIEAEWKRQ-QAUJBiSBGHiDGIAWgQMEIJAIACSBABBGCGAgAJAogAAZhCBggGTCIEAgCAFE4CBIghgAEjCDEMCUCMUUwB4ohFBAHEhIAICMEUEwgYAiJCkAgjrTACKcQAgcAoDxlCwADCiAECAYKQdIIAgaAggBBACZFKCCGQECQA6YBDnFAEDJHMCIeQEAgBgAQFgCDqjILEAUGIBAAQAQkBSBiCEFAGGESUQNRJgRAEBBEEBXCCAICAI84wA40wRhKpgAGAMGOAA4IAI4RCQhgBFRCgWASMAIZQoJEBAAghEBTGCEMEIAgo4JgwAAABgGAKEqAUImBAIZxTlhFFAFCAIUMIAAogYARgxggChBHCKAEIBYgQRJUDRJADAIgAAYQuQUYBIgRhgkGHGUHGCGKUAcZKsgExQMgiAAJCMGaYAIooJAETAgCBhDFOAAWYMMQYhaAQDBAqBPPAOGIAMMJZxwQUQCABmHUMGKcUQVZII4gAgACgICOIOYCEY0IQYQBBDBEDjUFAoUEEAYQIABCxyCBGMGVQAOEEMAEYg0BggAADjCFoCOEMQQooABRRThEBoDGGHEcQSBQABIkAhAhHkUMKKSCYU4g4JIyQCAABHAiGGGgcMEggCYBFBhBhDEMAAcIoIAA"], "date": ["1993-06"], "genre": ["Rock"], "musicbrainz_albumid": ["ba1b8c46-1df8-434c-bbf7-daa4bd46ec77"], "disctotal": ["1"], "musicbrainz_artistid": ["ea075268-e5ea-40f7-b9c3-68b039218a88"], "originaldate": ["1993-06"], "grouping": ["Rock"], "tracknumber": ["3"], "artistsort": ["Apples in Stereo, The"], "artist": ["The Apples"], "label": ["Elephant Six Recording Co."], "albumartistsort": ["Apples in Stereo, The"], "acoustid_id": ["d974a6e5-5a4c-445a-a8aa-6aac70803886"], "script": ["Latn"], "releasestatus": ["official"]}}, "rhythm": {"bpm_histogram_first_peak_bpm": {"dmean2": 0, "median": 115, "min": 115, "dvar2": 0, "dvar": 0, "dmean": 0, "max": 115, "var": 0, "mean": 115}, "bpm": 114.754226685, "bpm_histogram_second_peak_spread": {"dmean2": 0, "median": 0, "min": 0, "dvar2": 0, "dvar": 0, "dmean": 0, "max": 0, "var": 0, "mean": 0}, "bpm_histogram_first_peak_weight": {"dmean2": 0, "median": 0.367892980576, "min": 0.367892980576, "dvar2": 0, "dvar": 0, "dmean": 0, "max": 0.367892980576, "var": 0, "mean": 0.367892980576}, "onset_rate": 3.49590802193, "beats_position": [0.487619042397, 0.99845802784, 1.52090704441, 2.04335594177, 2.56580495834, 3.08825397491, 3.62231278419, 4.15637159348, 4.7020406723, 5.24770975113, 5.78176879883, 6.32743740082, 6.87310647964, 7.41877555847, 7.95283412933, 8.498503685, 9.04417228699, 9.58984088898, 10.1239004135, 10.6579589844, 11.1920175552, 11.7260770798, 12.2601356506, 12.7941951752, 13.328253746, 13.8623123169, 14.3963718414, 14.9304304123, 15.4644899368, 15.9869384766, 16.50938797, 17.031835556, 17.5542850494, 18.088344574, 18.6107940674, 19.1332416534, 19.667301178, 20.1897506714, 20.7121982574, 21.246257782, 21.7687072754, 22.3027667999, 22.825214386, 23.3476638794, 23.8701133728, 24.40417099, 24.9266204834, 25.4606800079, 25.9831295013, 26.5171871185, 27.0396366119, 27.5736961365, 28.0961437225, 28.6302032471, 29.1642627716, 29.6983222961, 30.2323799133, 30.7548294067, 31.2772789001, 31.8113365173, 32.3337860107, 32.8678436279, 33.3902931213, 33.9243545532, 34.4468002319, 34.9692497253, 35.4916992188, 36.0141487122, 36.5482063293, 37.0822677612, 37.6163253784, 38.1387748718, 38.6612243652, 39.1952819824, 39.7177314758, 40.2401809692, 40.7742385864, 41.3083000183, 41.8191375732, 42.3531951904, 42.8872566223, 43.4097061157, 43.9205436707, 44.4429931641, 44.9654426575, 45.4878921509, 46.0103378296, 46.532787323, 47.0552368164, 47.5776863098, 48.0885238647, 48.5993652344, 49.1102027893, 49.6326522827, 50.1551017761, 50.6891593933, 51.2000007629, 51.7108383179, 52.2216758728, 52.7325172424, 53.2433547974, 53.7541923523, 54.2534217834, 54.7642631531, 55.2867126465, 55.7975502014, 56.2967796326, 56.819229126, 57.3300666809, 57.8409042358, 58.340133667, 58.8393630981, 59.3502044678, 59.8610420227, 60.3718795776, 60.8827209473, 61.4051704407, 61.9276161194, 62.438457489, 62.9609069824, 63.4833564758, 63.9941940308, 64.5050354004, 65.0274810791, 65.5499343872, 66.0607681274, 66.5716094971, 67.0940551758, 67.6165084839, 68.1389541626, 68.6497955322, 69.1722412109, 69.6830825806, 70.2055282593, 70.7279815674, 71.2504272461, 71.7728805542, 72.2953262329, 72.8061676025, 73.3286132812, 73.8510665894, 74.3619003296, 74.8727416992, 75.3951950073, 75.917640686, 76.4400863647, 76.9509277344, 77.461769104, 77.9726028442, 78.4834442139, 79.005897522, 79.5167312622, 80.0391845703, 80.561630249, 81.0724716187, 81.5833053589, 82.105758667, 82.6282043457, 83.1390457153, 83.649887085, 84.1607208252, 84.6831741333, 85.1940155029, 85.7048492432, 86.2156906128, 86.7381362915, 87.2489776611, 87.7598190308, 88.270652771, 88.7814941406, 89.2923355103, 89.8031692505, 90.3023986816, 90.8016281128, 91.3008575439, 91.8116989136, 92.3225402832, 92.8333740234, 93.3326034546, 93.8434448242, 94.3426742554, 94.853515625, 95.3643493652, 95.8751907349, 96.3860321045, 96.8968658447, 97.4077072144, 97.918548584, 98.4293823242, 98.9402236938, 99.4510650635, 99.9619064331, 100.484352112, 101.006797791, 101.51763916, 102.02848053, 102.53931427, 103.05015564, 103.560997009, 104.095054626, 104.629112244, 105.163169861, 105.697235107, 106.231292725, 106.765350342, 107.311019897, 107.845077515, 108.39074707, 108.924804688, 109.458862305, 109.992919922, 110.526985168, 111.061042786, 111.595100403, 112.12915802, 112.651611328, 113.174057007, 113.708114624, 114.242172241, 114.776237488, 115.310295105, 115.844352722, 116.366798401, 116.900856018, 117.423309326, 117.945755005, 118.468208313, 118.990653992, 119.5131073, 120.035552979, 120.546394348, 121.068840027, 121.602897644, 122.136962891, 122.671020508, 123.205078125, 123.727523804, 124.249977112, 124.772422791, 125.294876099, 125.817321777, 126.339767456, 126.862220764, 127.384666443, 127.907119751, 128.42956543, 128.952011108, 129.474472046, 129.985305786, 130.496139526, 131.006988525, 131.517822266, 132.028656006, 132.539505005, 133.050338745, 133.584396362, 134.118453979, 134.652511597, 135.186569214, 135.720626831, 136.254684448, 136.777145386, 137.299591064, 137.810424805, 138.332870483, 138.855331421, 139.3777771, 139.900222778, 140.422668457, 140.945129395, 141.467575073, 142.013244629, 142.547302246, 143.058135986, 143.580581665, 144.091430664, 144.613876343, 145.136322021, 145.670379639, 146.204437256, 146.750106812, 147.284164429, 147.806625366, 148.329071045, 148.839904785, 149.350738525, 149.861587524, 150.372421265, 150.883255005, 151.394104004, 151.904937744, 152.415786743, 152.926620483, 153.460678101, 153.994735718, 154.517181396, 155.051239014, 155.596908569, 156.130966187, 156.665023804], "beats_loudness": {"dmean2": 0.0172563232481, "median": 0.0277964062989, "min": 7.61399278417e-05, "dvar2": 0.000274273770628, "dvar": 9.93228240986e-05, "dmean": 0.00996411964297, "max": 0.079370982945, "var": 0.00030232896097, "mean": 0.02839660272}, "danceability": 1.02600669861, "bpm_histogram_second_peak_weight": {"dmean2": 0, "median": 0.0434782616794, "min": 0.0434782616794, "dvar2": 0, "dvar": 0, "dmean": 0, "max": 0.0434782616794, "var": 0, "mean": 0.0434782616794}, "beats_count": 300, "bpm_histogram_second_peak_bpm": {"dmean2": 0, "median": 110, "min": 110, "dvar2": 0, "dvar": 0, "dmean": 0, "max": 110, "var": 0, "mean": 110}, "bpm_histogram_first_peak_spread": {"dmean2": 0, "median": 0.6028881073, "min": 0.6028881073, "dvar2": 0, "dvar": 0, "dmean": 0, "max": 0.6028881073, "var": 0, "mean": 0.6028881073}, "beats_loudness_band_ratio": {"dmean2": [0.242721781135, 0.223253473639, 0.162000611424, 0.203129038215, 0.124571703374, 0.0644601434469], "median": [0.271344184875, 0.194482699037, 0.0925186499953, 0.13885051012, 0.14976644516, 0.0662950128317], "min": [0.00134005513974, 0.00104841310531, 0.00882021803409, 0.0150185097009, 0.00183611316606, 0.000202427618206], "dvar2": [0.0346750319004, 0.0353123247623, 0.0590810254216, 0.0564179085195, 0.0125847505406, 0.0039364406839], "dvar": [0.0134432502091, 0.0122477505356, 0.0225901883096, 0.021888975054, 0.00446804240346, 0.00135250319727], "dmean": [0.139879524708, 0.126714125276, 0.0945131257176, 0.119106829166, 0.0772606506944, 0.0358846969903], "max": [0.828813374043, 0.627120375633, 0.884041965008, 0.924270808697, 0.569313526154, 0.263166844845], "var": [0.0287208110094, 0.0203839782625, 0.0199818778783, 0.0413198620081, 0.00852265767753, 0.00235771387815], "mean": [0.284482657909, 0.210936367512, 0.12884272635, 0.207374304533, 0.158719748259, 0.0703141242266]}}, "lowlevel": {"barkbands_spread": {"dmean2": 6.99650478363, "median": 28.2762393951, "min": 0.702329874039, "dvar2": 35.0967674255, "dvar": 13.998087883, "dmean": 4.34093236923, "max": 57.413230896, "var": 104.52722168, "mean": 26.4786243439}, "melbands_spread": {"dmean2": 11.4654216766, "median": 33.5278930664, "min": 1.10477364063, "dvar2": 104.10900116, "dvar": 40.8286209106, "dmean": 7.16190719604, "max": 84.1631011963, "var": 203.083312988, "mean": 33.3653411865}, "hfc": {"dmean2": 8.5218296051, "median": 19.2313537598, "min": 5.90079253016e-05, "dvar2": 115.09047699, "dvar": 53.2984580994, "dmean": 5.73505115509, "max": 130.506072998, "var": 253.031524658, "mean": 21.0379943848}, "barkbands_kurtosis": {"dmean2": 2.189879179, "median": -0.633271098137, "min": -1.80696237087, "dvar2": 292.218566895, "dvar": 91.469291687, "dmean": 1.32511687279, "max": 583.352844238, "var": 75.9434204102, "mean": 0.702795624733}, "gfcc": {"mean": [-23.7289924622, 112.893356323, -153.254135132, 36.750667572, -45.0633888245, 4.39784049988, -32.3761787415, 3.14456939697, -24.6571731567, -3.41831827164, -12.8944034576, -8.78521060944, -10.2910776138], "icov": [[0.000511226826347, -0.00131436961237, 0.00118771614507, -0.00204393477179, 0.00116358883679, -0.00133262015879, 0.00172285514418, -0.00130814197473, 0.00234119826928, -0.00217808014713, 0.00211065867916, -0.00119568035007, 0.00112302496564], [-0.00131436961237, 0.0127767808735, -0.00676624616608, 0.00782474782318, -0.00819764006883, 0.0107159074396, -0.0103978002444, 0.0100478166714, -0.0153962150216, 0.016139773652, -0.0169311836362, 0.014041190967, -0.00919489748776], [0.00118771614507, -0.00676624616608, 0.00987090077251, -0.00658530835062, 0.00524111790583, -0.00753994006664, 0.00677629560232, -0.00955537240952, 0.00989786535501, -0.0104078520089, 0.0122455731034, -0.00852761790156, 0.00567957758904], [-0.00204393477179, 0.00782474782318, -0.00658530835062, 0.0117843067273, -0.00869185384363, 0.00794156454504, -0.00420263502747, 0.00391852296889, -0.00917382352054, 0.0124638881534, -0.014386292547, 0.012724250555, -0.00967883970588], [0.00116358883679, -0.00819764006883, 0.00524111790583, -0.00869185384363, 0.0158077720553, -0.0103251701221, 0.0020358574111, 0.0012044000905, 0.0019299807027, -0.00714606000111, 0.0107978330925, -0.0118140429258, 0.00790376216173], [-0.00133262015879, 0.0107159074396, -0.00753994006664, 0.00794156454504, -0.0103251701221, 0.0202141907066, -0.0125371580943, 0.00950999651104, -0.00770918279886, 0.00772247835994, -0.0105854002759, 0.00564169371501, -0.00512405345216], [0.00172285514418, -0.0103978002444, 0.00677629560232, -0.00420263502747, 0.0020358574111, -0.0125371580943, 0.0307157319039, -0.0226262528449, 0.015599234961, -0.00457162084058, -0.00112212880049, 0.00178957986645, -7.7853226685e-05], [-0.00130814197473, 0.0100478166714, -0.00955537240952, 0.00391852296889, 0.0012044000905, 0.00950999651104, -0.0226262528449, 0.0398152582347, -0.0287869405001, 0.0101387528703, 0.000236288775341, -0.0035077536013, 0.000331932853442], [0.00234119826928, -0.0153962150216, 0.00989786535501, -0.00917382352054, 0.0019299807027, -0.00770918279886, 0.015599234961, -0.0287869405001, 0.0488065294921, -0.0345389209688, 0.0187886413187, -0.0049467291683, 0.00318878982216], [-0.00217808014713, 0.016139773652, -0.0104078520089, 0.0124638881534, -0.00714606000111, 0.00772247835994, -0.00457162084058, 0.0101387528703, -0.0345389209688, 0.0590644180775, -0.0414475090802, 0.0204825494438, -0.00686132768169], [0.00211065867916, -0.0169311836362, 0.0122455731034, -0.014386292547, 0.0107978330925, -0.0105854002759, -0.00112212880049, 0.000236288775341, 0.0187886413187, -0.0414475090802, 0.0635734125972, -0.0385989360511, 0.0197448097169], [-0.00119568035007, 0.014041190967, -0.00852761790156, 0.012724250555, -0.0118140429258, 0.00564169371501, 0.00178957986645, -0.0035077536013, -0.0049467291683, 0.0204825494438, -0.0385989360511, 0.0545683801174, -0.0313715860248], [0.00112302496564, -0.00919489748776, 0.00567957758904, -0.00967883970588, 0.00790376216173, -0.00512405345216, -7.7853226685e-05, 0.000331932853442, 0.00318878982216, -0.00686132768169, 0.0197448097169, -0.0313715860248, 0.0365826375782]], "cov": [[12971.4677734, -841.32635498, 72.5431594849, 2543.95654297, -54.9380531311, -227.253387451, -761.80871582, -214.460144043, -345.577667236, -100.66796875, -228.552871704, -231.75062561, -31.6383552551], [-841.32635498, 798.65637207, -96.9907226562, -89.1224822998, 203.416015625, -124.754966736, 183.241195679, -8.95452213287, 149.472183228, -23.8303852081, 71.0707321167, -72.9709091187, 38.6592750549], [72.5431594849, -96.9907226562, 267.597808838, 69.5581665039, -45.4962081909, 34.39868927, -23.7472915649, 60.0573196411, -5.30728387833, 5.28515338898, -37.6897125244, 12.354142189, -3.3044989109], [2543.95654297, -89.1224822998, 69.5581665039, 748.384338379, 83.6334152222, -72.8466339111, -129.167129517, -28.6111431122, -31.1989440918, -33.832233429, -37.2432327271, -59.8506011963, 23.5710124969], [-54.9380531311, 203.416015625, -45.4962081909, 83.6334152222, 208.194076538, 29.3705101013, 52.68227005, -28.3287658691, 36.7864151001, -5.57557249069, 32.2043190002, -4.01550626755, 16.4297370911], [-227.253387451, -124.754966736, 34.39868927, -72.8466339111, 29.3705101013, 155.242156982, 25.8139686584, -5.09195756912, -30.4243583679, 10.8491363525, 13.7792358398, 40.8247528076, -1.23507082462], [-761.80871582, 183.241195679, -23.7472915649, -129.167129517, 52.68227005, 25.8139686584, 139.216522217, 36.2958946228, 40.1026229858, -0.679524123669, 33.120677948, 3.82589054108, 12.937746048], [-214.460144043, -8.95452213287, 60.0573196411, -28.6111431122, -28.3287658691, -5.09195756912, 36.2958946228, 90.9842605591, 46.5948486328, 13.0810270309, -12.2382793427, 3.35443592072, -0.0281205680221], [-345.577667236, 149.472183228, -5.30728387833, -31.1989440918, 36.7864151001, -30.4243583679, 40.1026229858, 46.5948486328, 103.43409729, 31.4596786499, 11.7779474258, -19.9847431183, 1.59023594856], [-100.66796875, -23.8303852081, 5.28515338898, -33.832233429, -5.57557249069, 10.8491363525, -0.679524123669, 13.0810270309, 31.4596786499, 56.2140083313, 23.767621994, 2.09367179871, -13.2985439301], [-228.552871704, 71.0707321167, -37.6897125244, -37.2432327271, 32.2043190002, 13.7792358398, 33.120677948, -12.2382793427, 11.7779474258, 23.767621994, 62.6633758545, 22.4658260345, 4.9064874649], [-231.75062561, -72.9709091187, 12.354142189, -59.8506011963, -4.01550626755, 40.8247528076, 3.82589054108, 3.35443592072, -19.9847431183, 2.09367179871, 22.4658260345, 74.1110229492, 31.1473045349], [-31.6383552551, 38.6592750549, -3.3044989109, 23.5710124969, 16.4297370911, -1.23507082462, 12.937746048, -0.0281205680221, 1.59023594856, -13.2985439301, 4.9064874649, 31.1473045349, 62.5073623657]]}, "spectral_energyband_middle_low": {"dmean2": 0.00567260850221, "median": 0.0081216711551, "min": 4.11813472212e-09, "dvar2": 5.95782476012e-05, "dvar": 2.30490295507e-05, "dmean": 0.00350207882002, "max": 0.0787687525153, "var": 6.09931703366e-05, "mean": 0.00948833767325}, "melbands_crest": {"dmean2": 4.52851915359, "median": 11.560459137, "min": 3.61921453476, "dvar2": 15.810043335, "dvar": 6.12088108063, "dmean": 2.79981231689, "max": 39.284702301, "var": 20.3641605377, "mean": 12.2986106873}, "spectral_kurtosis": {"dmean2": 3.94059586525, "median": 4.0868396759, "min": 0.722218751907, "dvar2": 28.384103775, "dvar": 9.60841655731, "dmean": 2.2587223053, "max": 56.904132843, "var": 34.119556427, "mean": 5.96121263504}, "spectral_rms": {"dmean2": 0.000898025697097, "median": 0.00444482918829, "min": 1.66497502505e-05, "dvar2": 7.97330642399e-07, "dvar": 3.24397859686e-07, "dmean": 0.000584258174058, "max": 0.010876564309, "var": 3.2932666727e-06, "mean": 0.00419909320772}, "zerocrossingrate": {"dmean2": 0.0072944490239, "median": 0.0625, "min": 0.00439453125, "dvar2": 3.91558351112e-05, "dvar": 2.60050474026e-05, "dmean": 0.0058782575652, "max": 0.1181640625, "var": 0.000271940341918, "mean": 0.0618447549641}, "silence_rate_60dB": {"dmean2": 0.0159433130175, "median": 0, "min": 0, "dvar2": 0.0201179925352, "dvar": 0.00790741387755, "dmean": 0.00797047931701, "max": 1, "var": 0.10659494251, "mean": 0.121310509741}, "erbbands_kurtosis": {"dmean2": 1.55603587627, "median": -0.00924563407898, "min": -1.52445495129, "dvar2": 7.96074390411, "dvar": 3.53059220314, "dmean": 1.00546300411, "max": 31.3641738892, "var": 12.7590351105, "mean": 1.1253939867}, "erbbands": {"dmean2": [0.0284773856401, 0.28595790267, 1.42901825905, 5.15217065811, 9.57684898376, 12.9083938599, 5.88032960892, 6.11458587646, 12.0584907532, 14.9130373001, 14.8085489273, 15.7560682297, 16.7172756195, 21.3997364044, 24.0799217224, 47.759979248, 54.2200241089, 63.9421424866, 36.5667381287, 28.0295886993, 31.3226928711, 35.4484024048, 19.4516353607, 18.0815467834, 21.4360237122, 11.2420988083, 6.95941734314, 3.61151981354, 1.58414459229, 1.08367836475, 0.766440868378, 0.406262099743, 0.243443876505, 0.155866503716, 0.0460676327348, 0.0147892059758, 0.00322513910942, 0.000544447510038, 5.71340715396e-05, 1.19317319331e-05], "median": [0.0171822533011, 0.258722901344, 1.03771269321, 3.20796298981, 6.07279586792, 8.84125709534, 4.22477149963, 4.20597457886, 8.13631534576, 9.07805252075, 9.82974910736, 8.32450675964, 11.7826328278, 10.6108016968, 11.05605793, 18.7073135376, 18.6693305969, 25.7964706421, 24.0835990906, 25.3854370117, 34.4385604858, 41.2423782349, 25.1801147461, 25.370300293, 27.7961502075, 15.0939874649, 9.32515144348, 4.28362751007, 1.69683122635, 0.981066226959, 0.598125457764, 0.339011907578, 0.166467308998, 0.074177339673, 0.0230619460344, 0.00635065697134, 0.00128676695749, 0.000207513774512, 3.35888908012e-05, 2.62439789367e-05], "min": [5.58148258278e-07, 1.19143965094e-06, 2.23493407248e-06, 2.56302951129e-06, 2.36841037804e-06, 3.12688098347e-06, 3.47055492966e-06, 5.74692739974e-06, 2.93830021292e-06, 4.89813055538e-06, 1.1087787243e-05, 9.89089312498e-06, 4.51867072115e-06, 7.74720501795e-06, 9.54933148023e-06, 1.03893435153e-05, 1.02479052657e-05, 1.99004061869e-05, 2.16255375562e-05, 2.78356783383e-05, 2.3711430913e-05, 1.6934622181e-05, 1.835699004e-05, 1.59538358275e-05, 2.33769405895e-05, 3.37029741786e-05, 2.5495479349e-05, 2.60465658357e-05, 1.62474880199e-05, 1.4189954527e-05, 8.26426094136e-06, 8.69651557878e-06, 5.2419622989e-06, 2.78742436421e-06, 1.6946373762e-06, 8.40596612761e-07, 2.93902530757e-07, 6.11668937722e-08, 3.19431912033e-08, 2.90412893733e-09], "dvar2": [0.00207004928961, 0.16644975543, 4.5895652771, 69.7567520142, 310.112335205, 393.45223999, 85.6874542236, 102.50617981, 446.132965088, 714.413513184, 843.109069824, 952.544372559, 669.036560059, 1097.13183594, 1640.53369141, 10515.2685547, 13520.7773438, 16842.0722656, 5645.11816406, 2012.0871582, 1867.00793457, 2533.06884766, 704.387084961, 559.355651855, 1086.7833252, 251.688034058, 98.897026062, 35.4586105347, 7.91557788849, 4.3130197525, 2.41903471947, 0.612587869167, 0.220266759396, 0.109536580741, 0.00904769729823, 0.0010418437887, 5.36761472176e-05, 1.70077044004e-06, 1.94284872634e-08, 2.36920316699e-10], "dvar": [0.000873655837495, 0.0711352303624, 1.73913228512, 26.2600269318, 114.424957275, 161.739074707, 32.0377883911, 38.4564819336, 159.934799194, 258.642272949, 322.168121338, 362.65914917, 267.548858643, 442.838226318, 640.623840332, 4038.06665039, 5124.50195312, 6501.75683594, 2148.89208984, 826.991149902, 754.135131836, 1020.45629883, 295.646148682, 224.958267212, 428.422943115, 108.235786438, 45.5780677795, 17.8224983215, 4.05623674393, 2.19017243385, 1.24612343311, 0.337858378887, 0.128515735269, 0.0586114749312, 0.00548374233767, 0.000609409122262, 3.25280016114e-05, 9.96981839307e-07, 1.15173790505e-08, 1.13179549066e-10], "dmean": [0.0183903481811, 0.1853723526, 0.86903578043, 3.11512446404, 5.79276514053, 8.17332744598, 3.57025766373, 3.7074971199, 7.13551139832, 8.82777690887, 9.02913665771, 9.57731246948, 10.426404953, 13.226524353, 14.6701698303, 29.3851623535, 32.4583854675, 38.7648200989, 22.3889484406, 17.6321907043, 19.3723831177, 22.2092475891, 12.146232605, 11.2884654999, 13.3148088455, 7.1581993103, 4.62691354752, 2.50407671928, 1.13311982155, 0.786581099033, 0.555146217346, 0.309723466635, 0.188788950443, 0.118824116886, 0.0368245020509, 0.0116135254502, 0.00255130720325, 0.000432367349276, 4.47987804364e-05, 8.06339539849e-06], "max": [0.686706483364, 5.42158174515, 20.9485778809, 99.2622146606, 204.475952148, 215.566177368, 108.370506287, 104.20124054, 401.369354248, 365.034362793, 517.764282227, 467.452667236, 332.002746582, 397.945281982, 412.191619873, 1663.99255371, 1732.08764648, 1438.05541992, 1387.4029541, 816.514404297, 496.484558105, 533.499633789, 509.386932373, 301.745239258, 713.411315918, 217.758270264, 113.181816101, 85.0630874634, 46.9144706726, 35.1646614075, 24.2687168121, 13.4149942398, 6.27235412598, 4.12672662735, 1.39262533188, 0.499340236187, 0.112638629973, 0.0204782523215, 0.00230593467131, 0.000217623644858], "var": [0.0054295421578, 0.412127077579, 5.47761964798, 54.4074821472, 166.355697632, 402.837249756, 60.3508262634, 78.7779083252, 263.718170166, 399.333282471, 520.062011719, 564.997558594, 471.869476318, 719.701843262, 929.929748535, 5195.65820312, 6529.10693359, 8698.87011719, 2767.05493164, 1886.48657227, 1969.18444824, 2978.86987305, 962.51940918, 825.724121094, 1107.50964355, 358.156280518, 150.086715698, 49.2869415283, 12.3335390091, 5.63115406036, 2.79417729378, 0.877694070339, 0.331578880548, 0.122593395412, 0.0136172547936, 0.0014226391213, 7.43456548662e-05, 2.09251857086e-06, 2.41533850698e-08, 4.76897688007e-10], "mean": [0.0475307106972, 0.510376214981, 1.87868583202, 5.54718637466, 10.0374221802, 15.3085317612, 6.4902586937, 7.07064151764, 12.6627120972, 14.8049468994, 15.7708654404, 15.4340229034, 18.0522060394, 19.9869346619, 21.2245731354, 41.0805587769, 44.5002670288, 54.5114479065, 37.7733154297, 35.8785057068, 44.5234336853, 54.3504219055, 31.9314308167, 30.8996219635, 33.9994888306, 19.2096443176, 12.0817461014, 6.08402490616, 2.77560973167, 1.74308335781, 1.13403367996, 0.65491527319, 0.379636198282, 0.20870603621, 0.0684283450246, 0.0206163935363, 0.00443768315017, 0.000718308845535, 8.32771474961e-05, 2.90619882435e-05]}, "spectral_strongpeak": {"dmean2": 0.987098395824, "median": 0.403154850006, "min": 0, "dvar2": 2.96025848389, "dvar": 1.1475571394, "dmean": 0.564017474651, "max": 10.1218605042, "var": 1.23469901085, "mean": 0.780101597309}, "spectral_energy": {"dmean2": 0.009327002801, "median": 0.0202504228801, "min": 2.8414453368e-07, "dvar2": 0.000129840700538, "dvar": 5.22567497683e-05, "dmean": 0.00594162056223, "max": 0.121257133782, "var": 0.000215018168092, "mean": 0.0214487854391}, "average_loudness": 0.850892543793, "spectral_rolloff": {"dmean2": 549.55456543, "median": 2045.65429688, "min": 21.533203125, "dvar2": 320986.4375, "dvar": 130453.015625, "dmean": 330.377258301, "max": 4285.10742188, "var": 494500.375, "mean": 1954.10009766}, "spectral_centroid": {"dmean2": 336.436035156, "median": 1774.51159668, "min": 295.609832764, "dvar2": 95299.9453125, "dvar": 37759.2382812, "dmean": 209.903106689, "max": 3179.87304688, "var": 223264.578125, "mean": 1728.38232422}, "pitch_salience": {"dmean2": 0.0827940106392, "median": 0.613284945488, "min": 0.0400005914271, "dvar2": 0.00511580705643, "dvar": 0.00200031022541, "dmean": 0.0511031672359, "max": 0.811098635197, "var": 0.00640301406384, "mean": 0.607014715672}, "spectral_energyband_middle_high": {"dmean2": 0.00446322513744, "median": 0.00643872190267, "min": 5.06330222194e-09, "dvar2": 3.7287860323e-05, "dvar": 1.5061459635e-05, "dmean": 0.00284599117003, "max": 0.0674942657351, "var": 4.00161989091e-05, "mean": 0.00758297136053}, "spectral_contrast_coeffs": {"dmean2": [0.0767796114087, 0.0693767145276, 0.05950031057, 0.0530491359532, 0.0322410725057, 0.0232085194439], "median": [-0.629671573639, -0.776445627213, -0.777872383595, -0.770248174667, -0.78699862957, -0.728377580643], "min": [-0.915525078773, -0.93839609623, -0.953537642956, -0.943911790848, -0.918182969093, -0.917104661465], "dvar2": [0.00379086076282, 0.00328402640298, 0.00220992625691, 0.00166725052986, 0.000636759563349, 0.00035872112494], "dvar": [0.001402979251, 0.00116106099449, 0.000825511175208, 0.000633507210296, 0.000232111793594, 0.000140534175443], "dmean": [0.046549141407, 0.0415648855269, 0.0361680053174, 0.032107193023, 0.0193823408335, 0.0142676029354], "max": [-0.368158817291, -0.498731851578, -0.59689861536, -0.567750096321, -0.643760800362, -0.661869883537], "var": [0.00681191822514, 0.00306210387498, 0.00201585283503, 0.00197471538559, 0.00107766117435, 0.0017540412955], "mean": [-0.632583200932, -0.772101759911, -0.775146961212, -0.766057789326, -0.78792321682, -0.739704787731]}, "melbands_skewness": {"dmean2": 0.834497690201, "median": 1.60245466232, "min": -2.61674189568, "dvar2": 0.621475994587, "dvar": 0.257072389126, "dmean": 0.525061249733, "max": 23.0994548798, "var": 1.37883293629, "mean": 1.53546333313}, "spectral_spread": {"dmean2": 382831.75, "median": 3042660.5, "min": 1049788.625, "dvar2": 145415929856, "dvar": 80059768832, "dmean": 262706.71875, "max": 11245708, "var": 432164601856, "mean": 3037457}, "dissonance": {"dmean2": 0.0163802783936, "median": 0.489350616932, "min": 0.234505176544, "dvar2": 0.000407926476328, "dvar": 0.000145749465446, "dmean": 0.00945066940039, "max": 0.500000119209, "var": 0.000221557260375, "mean": 0.485966205597}, "spectral_skewness": {"dmean2": 0.400456637144, "median": 1.17816650867, "min": 0.392935305834, "dvar2": 0.178221300244, "dvar": 0.06273637712, "dmean": 0.237179592252, "max": 5.95254182816, "var": 0.517315149307, "mean": 1.39397835732}, "spectral_flux": {"dmean2": 0.0225091334432, "median": 0.0681339129806, "min": 0.000206585275009, "dvar2": 0.000514929415658, "dvar": 0.00021992828988, "dmean": 0.0141419004649, "max": 0.232098251581, "var": 0.00122215948068, "mean": 0.0672930032015}, "spectral_contrast_valleys": {"dmean2": [0.583965659142, 0.532732069492, 0.517348587513, 0.419572204351, 0.297708839178, 0.331183344126], "median": [-7.13439512253, -6.47822093964, -7.06361913681, -7.04099845886, -6.66096973419, -10.4021167755], "min": [-13.2829294205, -13.3890609741, -13.6460227966, -13.7734775543, -13.4426403046, -15.4307794571], "dvar2": [0.22591149807, 0.190888434649, 0.170351132751, 0.115426316857, 0.0798685029149, 0.105044171214], "dvar": [0.0825350657105, 0.0703129023314, 0.066430516541, 0.0437327586114, 0.0337111130357, 0.0667595490813], "dmean": [0.350620120764, 0.324162393808, 0.318269252777, 0.254534214735, 0.19110763073, 0.26415514946], "max": [-5.65705633163, -5.10348939896, -5.56391048431, -5.59154891968, -5.58866596222, -8.42965602875], "var": [1.70550048351, 0.954251348972, 0.635857582092, 1.1851323843, 2.0673995018, 1.73661613464], "mean": [-7.52311515808, -6.75535535812, -7.23071479797, -7.38422727585, -7.22489356995, -10.8058662415]}, "erbbands_flatness_db": {"dmean2": 0.0217508021742, "median": 0.173974618316, "min": 0.0424240045249, "dvar2": 0.000381921534427, "dvar": 0.000193233980099, "dmean": 0.0144733823836, "max": 0.39256131649, "var": 0.00240023527294, "mean": 0.187896803021}, "spectral_energyband_high": {"dmean2": 0.000261625478743, "median": 0.000424638739787, "min": 3.93500521056e-09, "dvar2": 1.53107691858e-07, "dvar": 8.68713314617e-08, "dmean": 0.000193356288946, "max": 0.0051707662642, "var": 3.47814733459e-07, "mean": 0.000563936657272}, "spectral_entropy": {"dmean2": 0.141275674105, "median": 7.68009376526, "min": 5.86279582977, "dvar2": 0.0213955808431, "dvar": 0.0107065001503, "dmean": 0.0944866687059, "max": 8.75129318237, "var": 0.127693757415, "mean": 7.57238531113}, "silence_rate_20dB": {"dmean2": 0, "median": 1, "min": 1, "dvar2": 0, "dvar": 0, "dmean": 0, "max": 1, "var": 0, "mean": 1}, "melbands_flatness_db": {"dmean2": 0.0274951048195, "median": 0.16207626462, "min": 0.0632451623678, "dvar2": 0.000594690674916, "dvar": 0.000277922139503, "dmean": 0.0183882769197, "max": 0.442559242249, "var": 0.00292774662375, "mean": 0.173018664122}, "barkbands": {"dmean2": [1.78306781891e-05, 0.00113278615754, 0.00165411911439, 0.00222961278632, 0.00332265882753, 0.000720432610251, 0.000955722876824, 0.000705115613528, 0.000654006027617, 0.000527390162461, 0.000602393236477, 0.00106281402986, 0.00112764572259, 0.00116232375149, 0.000609435082879, 0.000658773526084, 0.000642109429464, 0.000385193503462, 0.000420852185925, 0.000261262524873, 0.000119759941299, 4.28838211519e-05, 2.76072169072e-05, 1.61562675203e-05, 9.80527875072e-06, 2.2350063773e-06, 3.29868413473e-07], "median": [5.05673779116e-06, 0.000980681739748, 0.00100077595562, 0.00110026204493, 0.00248950067908, 0.000529320212081, 0.00061616091989, 0.000448304112069, 0.000390336033888, 0.000365530606359, 0.000252304307651, 0.000382367346901, 0.000288319046376, 0.000471216189908, 0.000390022672946, 0.000584945548326, 0.000690011947881, 0.00043248210568, 0.000555609294679, 0.000333355739713, 0.000153816101374, 4.34792455053e-05, 2.29892320931e-05, 1.27487219288e-05, 4.76156401419e-06, 9.08347146833e-07, 1.15349344298e-07], "min": [3.08934322568e-10, 1.09991811215e-08, 1.20107768176e-09, 3.72907704715e-10, 1.22750098974e-09, 6.91871671066e-10, 1.05128211692e-10, 3.47014694757e-10, 5.08850239722e-10, 1.9571282095e-10, 1.72386702135e-10, 2.3320292919e-10, 2.01445651826e-10, 3.54508339351e-10, 5.88200876894e-10, 4.60389726342e-10, 2.97452812381e-10, 3.70354691359e-10, 5.10495701267e-10, 6.31390939532e-10, 6.27815799348e-10, 4.8701220833