{"metadata": {"tags": {"musicbrainz_recordingid": ["195f01ce-87db-4e0b-b70e-fe7348a18f8a"], "barcode": ["724381069929"], "tracknumber": ["9/10"], "bpm": ["118"], "genre": ["Disco"], "isrc": ["USCA27600164"], "artistsort": ["Tavares"], "title": ["Heaven Must Be Missing an Angel"], "asin": ["B001QITOGQ"], "artist": ["Tavares"], "album": ["Disco Mania, Volume 2"], "compilation": ["1"], "grouping": ["KEY:A minor (1m);"], "language": ["eng"], "albumartistsort": ["Various Artists"], "discnumber": ["1/1"], "date": ["1999"], "file_name": "09 Heaven Must Be Missing an Angel.m4a", "composer": ["Freddie Perren/Kenneth St. Lewis"]}, "audio_properties": {"sample_rate": 44100, "downmix": "mix", "lossless": false, "analysis_sample_rate": 44100, "md5_encoded": "a928f1e6e1c8e13221107bd2ce5efbf7", "equal_loudness": 0, "replay_gain": -14.0973777771, "codec": "aac", "bit_rate": 305008, "length": 209.002807617}, "version": {"extractor": "music 1.0", "essentia_build_sha": "c0e182ba78c2de26e491b7b7a4a2c98c1ed34208", "essentia_git_sha": "v2.1_beta2-2-gbb40004", "essentia": "2.1-beta2"}}, "rhythm": {"beats_loudness_band_ratio": {"dvar2": [0.100643709302, 0.00948186218739, 0.0412100851536, 0.078553840518, 0.0517382957041, 0.00406130030751], "var": [0.0638198629022, 0.00527108414099, 0.0151666365564, 0.0377656295896, 0.0259071420878, 0.00537208095193], "min": [0.000889813120011, 0.00390064832754, 0.00302284653299, 0.00141398259439, 0.00115603941958, 0.000906605564523], "dmean": [0.22831133008, 0.0636314824224, 0.116721495986, 0.156577333808, 0.143990844488, 0.0310384873301], "mean": [0.410507440567, 0.0852180570364, 0.122893765569, 0.19035436213, 0.189670935273, 0.0507064387202], "max": [0.974846303463, 0.392962962389, 0.778307139874, 0.880669295788, 0.80975061655, 0.798160374165], "dmean2": [0.410736978054, 0.109822720289, 0.213906705379, 0.276932030916, 0.246675223112, 0.0514816045761], "median": [0.386416256428, 0.0659707337618, 0.0810269713402, 0.111197225749, 0.143271327019, 0.0351029224694], "dvar": [0.0366300083697, 0.00349351367913, 0.0141206886619, 0.0289660431445, 0.019722700119, 0.00179069931619]}, "bpm_histogram_first_peak_weight": {"dvar2": 0, "var": 0, "min": 0.798525810242, "dmean": 0, "mean": 0.798525810242, "max": 0.798525810242, "dmean2": 0, "median": 0.798525810242, "dvar": 0}, "bpm": 117.63495636, "beats_count": 408, "bpm_histogram_first_peak_spread": {"dvar2": 0, "var": 0, "min": 0.166666686535, "dmean": 0, "mean": 0.166666686535, "max": 0.166666686535, "dmean2": 0, "median": 0.166666686535, "dvar": 0}, "danceability": 1.20454955101, "bpm_histogram_first_peak_bpm": {"dvar2": 0, "var": 0, "min": 117, "dmean": 0, "mean": 117, "max": 117, "dmean2": 0, "median": 117, "dvar": 0}, "beats_position": [0.53405892849, 1.07972788811, 1.62539684772, 2.17106580734, 2.71673464775, 3.28562355042, 3.83129239082, 4.35374164581, 4.87619018555, 5.38702917099, 5.89786815643, 6.39709758759, 6.8963265419, 7.40716552734, 7.91800451279, 8.42884349823, 8.93968200684, 9.45052146912, 9.96135997772, 10.47219944, 10.9830379486, 11.4938774109, 12.0047159195, 12.5155553818, 13.0263938904, 13.5372333527, 14.0248527527, 14.5356912613, 15.0465307236, 15.5573692322, 16.0682086945, 16.5790481567, 17.0898857117, 17.600725174, 18.1115646362, 18.6224040985, 19.1332416534, 19.6440811157, 20.154920578, 20.6657600403, 21.1765975952, 21.6874370575, 22.1982765198, 22.7091159821, 23.219953537, 23.7307929993, 24.2416324615, 24.7408618927, 25.2516994476, 25.7509288788, 26.2617683411, 26.7726078033, 27.2834453583, 27.7942848206, 28.3051242828, 28.8159637451, 29.3268013, 29.8376407623, 30.3484802246, 30.8593196869, 31.3701572418, 31.8809967041, 32.391834259, 32.8910636902, 33.4019050598, 33.901134491, 34.4119720459, 34.9228096008, 35.4336509705, 35.9444885254, 36.455329895, 36.96616745, 37.4653968811, 37.9646263123, 38.4754638672, 38.9863014221, 39.5087509155, 40.0079803467, 40.5188217163, 41.0296592712, 41.5404968262, 42.0513381958, 42.5621757507, 43.0730133057, 43.5722427368, 44.0946922302, 44.5823135376, 45.1047592163, 45.6039886475, 46.1264381409, 46.6488876343, 47.1597251892, 47.6705665588, 48.1814041138, 48.6922454834, 49.2030830383, 49.7139205933, 50.2247619629, 50.7355995178, 51.2464370728, 51.7572784424, 52.2681159973, 52.7789573669, 53.2897949219, 53.8006324768, 54.3114738464, 54.8223114014, 55.3215408325, 55.8207702637, 56.3316078186, 56.8424491882, 57.3532867432, 57.8641242981, 58.3749656677, 58.8858032227, 59.3966445923, 59.9074821472, 60.4067115784, 60.9059410095, 61.4167785645, 61.9276161194, 62.438457489, 62.9492950439, 63.4601364136, 63.9709739685, 64.4818115234, 64.9926528931, 65.4802703857, 65.9911117554, 66.5019454956, 67.0127868652, 67.5236282349, 68.0344696045, 68.5453033447, 69.0561447144, 69.566986084, 70.0778198242, 70.5886611938, 71.0995025635, 71.6103363037, 72.1211776733, 72.632019043, 73.1428527832, 73.6536941528, 74.1645355225, 74.6753692627, 75.1862106323, 75.697052002, 76.2078933716, 76.7187271118, 77.2295684814, 77.7404098511, 78.2512435913, 78.7620849609, 79.2729263306, 79.7837600708, 80.2946014404, 80.8054428101, 81.3162765503, 81.8271179199, 82.3379592896, 82.8487930298, 83.3480224609, 83.8472518921, 84.3580932617, 84.8689346313, 85.3797683716, 85.8906097412, 86.4014511108, 86.9122848511, 87.4231262207, 87.9339675903, 88.44480896, 88.9556427002, 89.4548721313, 89.9541015625, 90.4649429321, 90.9873886108, 91.5098419189, 92.0206756592, 92.5315170288, 93.0423583984, 93.5531921387, 94.0640335083, 94.5748748779, 95.0857162476, 95.5965499878, 96.1073913574, 96.6182327271, 97.1290664673, 97.6399078369, 98.1507492065, 98.6499786377, 99.1608123779, 99.6600418091, 100.170883179, 100.681724548, 101.192558289, 101.715011597, 102.237457275, 102.748298645, 103.259140015, 103.769973755, 104.280815125, 104.780044556, 105.290885925, 105.790107727, 106.300949097, 106.811790466, 107.322631836, 107.833465576, 108.332695007, 108.831924438, 109.354377747, 109.865211487, 110.387664795, 110.898498535, 111.397727966, 111.896957397, 112.407798767, 112.918640137, 113.452697754, 113.963539124, 114.474372864, 114.985214233, 115.496055603, 116.006889343, 116.517730713, 117.028572083, 117.539405823, 118.027030945, 118.537864685, 119.048706055, 119.559547424, 120.070381165, 120.581222534, 121.092063904, 121.602897644, 122.113739014, 122.624580383, 123.135414124, 123.646255493, 124.157096863, 124.667930603, 125.178771973, 125.689613342, 126.200454712, 126.711288452, 127.222129822, 127.732971191, 128.243804932, 128.754638672, 129.265487671, 129.776321411, 130.275558472, 130.774780273, 131.285614014, 131.796463013, 132.307296753, 132.818145752, 133.340591431, 133.851425171, 134.350662231, 134.861495972, 135.372329712, 135.883178711, 136.394012451, 136.904846191, 137.41569519, 137.926528931, 138.437362671, 138.94821167, 139.45904541, 139.96987915, 140.480728149, 140.99156189, 141.50239563, 142.013244629, 142.524078369, 143.034912109, 143.53414917, 144.033370972, 144.544219971, 145.055053711, 145.565887451, 146.07673645, 146.58757019, 147.098403931, 147.60925293, 148.12008667, 148.63092041, 149.141769409, 149.652603149, 150.16343689, 150.674285889, 151.185119629, 151.695953369, 152.206802368, 152.70602417, 153.20526123, 153.716094971, 154.226928711, 154.73777771, 155.24861145, 155.747848511, 156.247070312, 156.757904053, 157.268753052, 157.779586792, 158.290420532, 158.801269531, 159.312103271, 159.822952271, 160.333786011, 160.844619751, 161.36706543, 161.889526367, 162.400360107, 162.911193848, 163.422042847, 163.932876587, 164.443710327, 164.954559326, 165.465393066, 165.976226807, 166.487075806, 166.974685669, 167.485534668, 167.996368408, 168.507202148, 169.018051147, 169.505661011, 170.028121948, 170.550567627, 171.061401367, 171.572235107, 172.071472168, 172.57069397, 173.081542969, 173.592376709, 174.103210449, 174.614059448, 175.124893188, 175.635726929, 176.146575928, 176.657409668, 177.168243408, 177.679092407, 178.189926147, 178.700775146, 179.211608887, 179.722442627, 180.233291626, 180.744125366, 181.254959106, 181.765808105, 182.276641846, 182.787475586, 183.298324585, 183.832382202, 184.331604004, 184.830841064, 185.330062866, 185.829299927, 186.340133667, 186.839355469, 187.350204468, 187.872650146, 188.371871948, 188.871109009, 189.381942749, 189.892791748, 190.403625488, 190.914459229, 191.425308228, 191.936141968, 192.446975708, 192.957824707, 193.468658447, 193.979492188, 194.490341187, 195.001174927, 195.512008667, 196.022857666, 196.533691406, 197.044525146, 197.555374146, 198.066207886, 198.577041626, 199.087890625, 199.598724365, 200.109558105, 200.620407104, 201.131240845, 201.642089844, 202.152923584, 202.663757324, 203.174606323, 203.685440063, 204.196273804, 204.707122803, 205.217956543, 205.728790283, 206.239639282, 206.762084961, 207.296142578, 207.830200195, 208.375869751], "beats_loudness": {"dvar2": 0.000363344472134, "var": 0.000184318574611, "min": 3.92394554183e-07, "dmean": 0.0128511525691, "mean": 0.028218831867, "max": 0.0858964323997, "dmean2": 0.022507160902, "median": 0.0269035622478, "dvar": 0.000121371769637}, "bpm_histogram_second_peak_weight": {"dvar2": 0, "var": 0, "min": 0.0147420149297, "dmean": 0, "mean": 0.0147420149297, "max": 0.0147420149297, "dmean2": 0, "median": 0.0147420149297, "dvar": 0}, "bpm_histogram_second_peak_spread": {"dvar2": 0, "var": 0, "min": 0.400000035763, "dmean": 0, "mean": 0.400000035763, "max": 0.400000035763, "dmean2": 0, "median": 0.400000035763, "dvar": 0}, "bpm_histogram_second_peak_bpm": {"dvar2": 0, "var": 0, "min": 110, "dmean": 0, "mean": 110, "max": 110, "dmean2": 0, "median": 110, "dvar": 0}, "onset_rate": 4.87047719955}, "lowlevel": {"spectral_energyband_high": {"dvar2": 4.05415619298e-07, "var": 4.92801177643e-07, "min": 7.93637469362e-21, "dmean": 0.000309979048325, "mean": 0.000650907168165, "max": 0.00733009725809, "dmean2": 0.000451775122201, "median": 0.000441817508545, "dvar": 1.82079531896e-07}, "spectral_energyband_middle_low": {"dvar2": 3.79075754608e-05, "var": 4.36883165094e-05, "min": 2.0948378043e-22, "dmean": 0.002541157417, "mean": 0.00555168418214, "max": 0.0709157958627, "dmean2": 0.00389984855428, "median": 0.00340723316185, "dvar": 1.65730070876e-05}, "spectral_energy": {"dvar2": 0.000162810611073, "var": 0.000238763415837, "min": 1.07374723962e-20, "dmean": 0.00653568096459, "mean": 0.0190713107586, "max": 0.0856191962957, "dmean2": 0.00955217238516, "median": 0.0140710938722, "dvar": 7.61366827646e-05}, "spectral_spread": {"dvar2": 1104457891840.0, "var": 2500492263420.0, "min": 1748182.75, "dmean": 678504.375, "mean": 4417640.5, "max": 41851400, "dmean2": 924179.1875, "median": 4145711, "dvar": 568193974272}, "spectral_energyband_low": {"dvar2": 0.000118981755804, "var": 4.06039252994e-05, "min": 3.74913812934e-23, "dmean": 0.00267725228332, "mean": 0.00288498471491, "max": 0.0709880441427, "dmean2": 0.00439224857837, "median": 0.000870095333084, "dvar": 4.58514005004e-05}, "spectral_rolloff": {"dvar2": 1451494.75, "var": 2344237.5, "min": 64.599609375, "dmean": 491.031555176, "mean": 2421.75610352, "max": 19229.1503906, "dmean2": 797.769226074, "median": 2153.3203125, "dvar": 737861.0625}, "barkbands": {"dvar2": [1.95142929593e-10, 1.20746117318e-05, 5.73005490878e-05, 1.43977522384e-05, 1.91102890312e-06, 2.80027438748e-06, 1.47321395616e-06, 2.04693947126e-06, 1.09107786557e-05, 1.3431813386e-05, 7.75391799834e-06, 1.21285202113e-05, 7.03612386133e-06, 1.98406869458e-05, 1.35459449666e-05, 1.02197063825e-05, 1.44105968047e-06, 7.43075474929e-07, 2.60186965306e-07, 1.70464446114e-07, 5.40271116733e-08, 5.92266822252e-08, 4.72717474054e-08, 2.08445261052e-08, 5.96152283094e-09, 2.09547801333e-09, 2.51042131527e-10], "var": [1.38770356317e-10, 4.5232800403e-06, 1.48592052938e-05, 4.03803505833e-06, 8.08464847069e-07, 3.0595165299e-06, 1.16669673389e-06, 2.76188097814e-06, 1.66636491485e-05, 2.53453417827e-05, 1.05553963294e-05, 2.63879974227e-05, 7.79635411163e-06, 1.73905773408e-05, 9.48018259805e-06, 1.02935609902e-05, 1.32434706757e-06, 9.47006469687e-07, 1.69969169406e-07, 1.10289320787e-07, 4.75894701424e-08, 4.2318124116e-08, 2.7833239713e-08, 1.56334909462e-08, 7.68840013876e-09, 1.81018244838e-09, 1.84196435882e-10], "min": [2.15989918634e-24, 9.03657837415e-24, 4.50092280868e-24, 2.16884289686e-23, 2.26103943743e-23, 2.29280576168e-23, 2.46501725273e-23, 3.47988822725e-23, 4.43729810011e-23, 8.16888943857e-23, 6.65632880108e-23, 8.21389111331e-23, 4.72837673009e-23, 9.48810973452e-23, 8.16883516494e-23, 7.85668101148e-23, 1.87949632144e-22, 1.65662834824e-22, 2.50898889602e-22, 3.35570018997e-22, 4.15425764722e-22, 4.37257294636e-22, 5.82298144195e-22, 9.1757574192e-22, 9.3471035614e-22, 1.83819767338e-21, 2.67033753259e-21], "dmean": [5.19665672982e-06, 0.000889390648808, 0.00160997640342, 0.000789818528574, 0.000432893168181, 0.000544129055925, 0.00031486627995, 0.000318865524605, 0.000813035236206, 0.00097804015968, 0.000649405061267, 0.00077007105574, 0.000574599544052, 0.000939187069889, 0.000795605941676, 0.000834911304992, 0.000402211328037, 0.00028653795016, 0.000157104455866, 9.25140848267e-05, 7.43892451283e-05, 0.000101699421066, 6.33864037809e-05, 4.00790959247e-05, 3.07477639581e-05, 1.99454443646e-05, 6.651145668e-06], "mean": [7.0853343459e-06, 0.000960380246397, 0.0014168714406, 0.000753882981371, 0.000691000197548, 0.000857532839291, 0.000537909509148, 0.000506777490955, 0.00143039948307, 0.00187726772856, 0.00113706942648, 0.00150384684093, 0.000920465856325, 0.00146887311712, 0.0011642734753, 0.00149955321103, 0.000751250248868, 0.000595626654103, 0.000279502739431, 0.000150151085109, 0.000129063657369, 0.000172248197487, 0.000103263482742, 6.47834021947e-05, 5.34907121619e-05, 2.94917626888e-05, 9.21754235605e-06], "max": [0.000187456113053, 0.0206403899938, 0.0504741333425, 0.029552238062, 0.0112850526348, 0.0245170108974, 0.0256970170885, 0.0320016741753, 0.0692739635706, 0.0691075026989, 0.0521482527256, 0.0741463750601, 0.051417529583, 0.0606545768678, 0.0565585121512, 0.068207167089, 0.0208360925317, 0.0131182959303, 0.0117816487327, 0.00671192118898, 0.00394894462079, 0.00366752990521, 0.00363962026313, 0.0025384798646, 0.00149241823237, 0.000484602060169, 0.000129725827719], "dmean2": [7.94405059423e-06, 0.00148687313776, 0.00280330586247, 0.00137928093318, 0.000731600099243, 0.000858110084664, 0.000486420467496, 0.000480255723232, 0.00125650106929, 0.00143598031718, 0.000997405732051, 0.00115898810327, 0.000881327083334, 0.00144054437988, 0.00123390182853, 0.00128608592786, 0.000639683334157, 0.000439834140707, 0.000249874952715, 0.00014549466141, 0.000112178182462, 0.000154489855049, 9.72015841398e-05, 6.1196165916e-05, 4.47036109108e-05, 2.98854538414e-05, 9.82314668363e-06], "median": [2.54682618106e-06, 0.000290731783025, 0.000294420053251, 0.000258337415289, 0.000413783069234, 0.000304776331177, 0.000199814909138, 0.000107266867417, 0.000316151476, 0.000450832216302, 0.000306477712002, 0.000254179991316, 0.000200748327188, 0.000225924886763, 0.000324326276314, 0.000651065027341, 0.000367147527868, 0.000255379534792, 0.000164892873727, 6.65997940814e-05, 6.77729040035e-05, 0.000111299697892, 6.38068886474e-05, 3.24592874676e-05, 2.21816299018e-05, 8.71308111527e-06, 2.20837023335e-06], "dvar": [8.56408971517e-11, 4.7115659072e-06, 2.0847448468e-05, 5.41492954653e-06, 6.98762278262e-07, 1.16548574169e-06, 5.87851900491e-07, 1.01367129446e-06, 5.19767854712e-06, 7.21258265912e-06, 3.61016850547e-06, 6.41898122922e-06, 3.39193707077e-06, 8.31496345199e-06, 5.90028503211e-06, 4.54293649454e-06, 5.99518727995e-07, 3.39024893492e-07, 1.06779324938e-07, 6.98418958223e-08, 2.27524239449e-08, 2.4795118847e-08, 2.03181862446e-08, 8.89778029034e-09, 2.91753243786e-09, 9.63740087734e-10, 1.11905158751e-10]}, "melbands_skewness": {"dvar2": 1.43876564503, "var": 2.2338078022, "min": -3.97557497025, "dmean": 0.645543038845, "mean": 1.05731248856, "max": 17.10754776, "dmean2": 0.970981121063, "median": 0.841487288475, "dvar": 0.663737893105}, "barkbands_skewness": {"dvar2": 0.619678676128, "var": 1.05424749851, "min": -4.46117973328, "dmean": 0.500869870186, "mean": 0.312976032495, "max": 8.0825252533, "dmean2": 0.750716924667, "median": 0.257320642471, "dvar": 0.285432517529}, "erbbands": {"dvar2": [0.00125335180201, 1.04129898548, 46.6286087036, 162.206802368, 41.172252655, 21.9374675751, 32.4198684692, 329.09197998, 454.78125, 220.856536865, 1844.96838379, 6896.51025391, 11192.3515625, 10068.5703125, 13410.2246094, 24118.0136719, 12848.546875, 28403.0371094, 39809.6914062, 33084.5234375, 6194.04541016, 2670.53588867, 2328.68164062, 1126.42736816, 443.281646729, 488.385223389, 134.001434326, 47.5209236145, 69.8208618164, 63.1475410461, 46.3596115112, 14.7806425095, 4.63135242462, 1.23677825928, 0.24727024138, 0.050291672349, 0.00669925380498, 0.000449226703495, 7.02956049281e-06, 1.65880909009e-08], "var": [0.000694294052664, 0.392234563828, 13.4153728485, 42.7252883911, 14.5115785599, 10.1319561005, 24.3809280396, 291.976715088, 369.429107666, 272.361297607, 2711.32104492, 11704.1103516, 20674.1464844, 22970.9882812, 21000.9648438, 55610.2265625, 17253.6796875, 28015.1191406, 26026.7246094, 37689.8476562, 10611.3486328, 3227.65991211, 3242.09790039, 683.819824219, 319.979492188, 308.682739258, 125.581771851, 37.6939468384, 50.6315841675, 47.2606315613, 23.7647190094, 8.63045120239, 3.98490262032, 1.47225439548, 0.27130612731, 0.0494871810079, 0.0050647566095, 0.000333643256454, 5.23992548551e-06, 1.12484608294e-08], "min": [4.51563217733e-22, 1.41713840681e-21, 4.47776655096e-21, 4.73302471369e-20, 7.58899890291e-20, 7.57472615993e-20, 8.68573958251e-20, 2.15238948208e-19, 3.81013271267e-19, 6.23361345066e-19, 6.70991438713e-19, 8.64288348422e-19, 1.61607847918e-18, 1.61384509152e-18, 2.905582537e-18, 3.2467080993e-18, 2.3900815113e-18, 4.91501620992e-18, 4.74065191347e-18, 2.87965269954e-18, 4.22038591386e-18, 1.03450152169e-17, 1.14572679111e-17, 9.49136565191e-18, 1.37648429126e-17, 1.61060370157e-17, 1.7343727514e-17, 1.27741047047e-17, 1.48896298747e-17, 1.84318538313e-17, 1.71853555139e-17, 1.55925663049e-17, 1.58692052802e-17, 9.82071671179e-18, 7.67718651502e-18, 6.82695361956e-18, 3.48544793372e-18, 1.18914140692e-18, 3.2755545756e-19, 4.15831448749e-20], "dmean": [0.011464686133, 0.260000795126, 1.5270370245, 2.67047166824, 1.54660058022, 1.5120279789, 2.10016751289, 5.68807172775, 5.27576112747, 4.30671167374, 8.88556480408, 19.884727478, 26.2104930878, 24.046169281, 28.7080249786, 31.4538631439, 26.2993755341, 39.4336433411, 44.2495269775, 43.3578948975, 30.2905197144, 18.6850776672, 16.0753421783, 8.85288524628, 6.11074733734, 4.58571147919, 3.88382029533, 2.2829618454, 3.41619443893, 3.14916825294, 1.64609324932, 0.943056344986, 0.612293899059, 0.397452741861, 0.202430158854, 0.0980805754662, 0.0347466617823, 0.00892394874245, 0.00111107598059, 5.75964440941e-05], "mean": [0.0159913748503, 0.270650863647, 1.42363846302, 2.43587398529, 2.07045722008, 2.38566613197, 3.34099698067, 8.25747585297, 8.93258094788, 7.57017803192, 15.3547439575, 36.6465072632, 51.7892379761, 48.3577613831, 55.7539215088, 65.0662994385, 47.1813240051, 67.3302688599, 69.3279037476, 76.9365692139, 65.9115142822, 40.7556304932, 35.3602828979, 17.2286758423, 10.6476545334, 7.83187437057, 6.70361566544, 4.02907085419, 5.89747428894, 5.31592130661, 2.61661410332, 1.49477207661, 1.00675582886, 0.66524374485, 0.339342296124, 0.151011690497, 0.0488859303296, 0.0125176990405, 0.00156843301374, 9.44941421039e-05], "max": [0.324021846056, 6.2347946167, 41.2439651489, 102.288345337, 53.1732826233, 42.7551689148, 68.3521499634, 246.160552979, 478.016418457, 347.176239014, 1026.39001465, 2185.17700195, 2386.92553711, 2828.46875, 2488.17089844, 3754.89013672, 2810.19921875, 2012.28173828, 3449.03198242, 3841.83886719, 1450.38647461, 1407.87658691, 751.565063477, 856.686889648, 550.809631348, 344.409088135, 194.344146729, 109.111831665, 136.81288147, 98.7393951416, 160.31072998, 76.1138305664, 42.1097297668, 26.7198638916, 11.1671524048, 2.83318376541, 0.783523261547, 0.18627807498, 0.0222493633628, 0.00107450271025], "dmean2": [0.0183487925678, 0.433365911245, 2.6074693203, 4.68100595474, 2.58430719376, 2.56754827499, 3.34314799309, 9.15227222443, 8.24088573456, 6.48094940186, 13.2804288864, 30.4825668335, 38.2979812622, 34.3571357727, 44.5771789551, 46.2088813782, 38.9074935913, 60.411567688, 68.1608276367, 64.3734054565, 46.7332229614, 28.9477787018, 24.5383052826, 14.0788173676, 9.52898788452, 7.2138004303, 5.88025760651, 3.43997621536, 5.15604734421, 4.83616447449, 2.54313898087, 1.45015537739, 0.930957257748, 0.583246231079, 0.297979205847, 0.146393567324, 0.0526162907481, 0.0132843181491, 0.00164366932586, 8.43647649162e-05], "median": [0.00692911772057, 0.0729534551501, 0.299563169479, 0.77681261301, 1.01946175098, 1.30752682686, 1.7444357872, 2.73243927956, 3.41792154312, 2.7578151226, 3.37659215927, 9.23660373688, 13.8805532455, 11.6976089478, 18.4485359192, 11.1039743423, 13.2279186249, 14.4928150177, 20.9886703491, 28.622718811, 33.6524162292, 22.1112556458, 15.76679039, 10.2862758636, 5.88148021698, 3.72799730301, 3.47211456299, 2.31401801109, 3.80084228516, 3.38451647758, 1.57517671585, 0.777182340622, 0.502091050148, 0.284540772438, 0.135297387838, 0.0472102314234, 0.013881765306, 0.00313568883575, 0.000381793797715, 5.55902988708e-05], "dvar": [0.000512530503329, 0.411480605602, 17.2693729401, 60.4378128052, 15.8342943192, 7.91202020645, 12.7745132446, 133.636642456, 182.31072998, 103.471481323, 923.857543945, 3328.7668457, 5640.07324219, 5849.34033203, 5814.20751953, 13210.4892578, 6724.26025391, 12155.6787109, 16752.4589844, 15819.1738281, 2961.60009766, 1210.9276123, 1074.44689941, 452.098266602, 189.245132446, 196.521942139, 59.6060371399, 20.2946891785, 29.7265815735, 27.3418827057, 19.6825695038, 6.14688301086, 1.96843755245, 0.596064269543, 0.114354424179, 0.0236692838371, 0.00296150846407, 0.000199968693778, 3.12980728268e-06, 7.30429094986e-09]}, "silence_rate_30dB": {"dvar2": 0, "var": 0, "min": 1, "dmean": 0, "mean": 1, "max": 1, "dmean2": 0, "median": 1, "dvar": 0}, "melbands_spread": {"dvar2": 273.211700439, "var": 493.537597656, "min": 1.25594305992, "dmean": 9.96008491516, "mean": 39.1845588684, "max": 187.365646362, "dmean2": 15.0621442795, "median": 35.6813697815, "dvar": 129.202148438}, "melbands_crest": {"dvar2": 26.7987251282, "var": 29.0354614258, "min": 1.83015275002, "dmean": 3.51363539696, "mean": 11.7605829239, "max": 34.0491333008, "dmean2": 5.66071271896, "median": 10.4406681061, "dvar": 10.9789485931}, "zerocrossingrate": {"dvar2": 0.000195442553377, "var": 0.00172710441984, "min": 0.0078125, "dmean": 0.0113813849166, "mean": 0.0895308852196, "max": 0.521484375, "dmean2": 0.0126130096614, "median": 0.0791015625, "dvar": 0.000187774188817}, "barkbands_kurtosis": {"dvar2": 28.0251941681, "var": 18.4029979706, "min": -1.85130953789, "dmean": 1.51039791107, "mean": 1.09679162502, "max": 83.6825408936, "dmean2": 2.43644738197, "median": -0.0564892292023, "dvar": 10.8715753555}, "spectral_flux": {"dvar2": 0.0017773808213, "var": 0.00219553429633, "min": 7.12466960429e-11, "dmean": 0.025574427098, "mean": 0.0787416920066, "max": 0.295272767544, "dmean2": 0.0388222672045, "median": 0.0662096813321, "dvar": 0.000811325036921}, "barkbands_crest": {"dvar2": 15.2969617844, "var": 19.7317752838, "min": 2.25104546547, "dmean": 2.69007730484, "mean": 9.03221035004, "max": 25.8043422699, "dmean2": 4.3390827179, "median": 7.94016456604, "dvar": 6.37203264236}, "barkbands_flatness_db": {"dvar2": 0.000997044844553, "var": 0.00193713675253, "min": 0.0202209036797, "dmean": 0.0225470568985, "mean": 0.110389411449, "max": 0.314656674862, "dmean2": 0.0337199755013, "median": 0.105662584305, "dvar": 0.000450944178738}, "spectral_entropy": {"dvar2": 0.0649004802108, "var": 0.152837172151, "min": 5.68632984161, "dmean": 0.194527238607, "mean": 7.62201738358, "max": 9.81614303589, "dmean2": 0.272156268358, "median": 7.62254476547, "dvar": 0.0339780561626}, "pitch_salience": {"dvar2": 0.0133854690939, "var": 0.0128611186519, "min": 0.0930696725845, "dmean": 0.0748185366392, "mean": 0.540549457073, "max": 0.881383240223, "dmean2": 0.121970526874, "median": 0.547781825066, "dvar": 0.00507681397721}, "erbbands_spread": {"dvar2": 136.890930176, "var": 262.514343262, "min": 1.25566661358, "dmean": 6.98957490921, "mean": 26.1545066833, "max": 151.001281738, "dmean2": 10.3325510025, "median": 22.5766830444, "dvar": 66.9254684448}, "dynamic_complexity": 3.44951438904, "spectral_contrast_valleys": {"dvar2": [0.328526735306, 0.36696216464, 0.266843736172, 0.235882759094, 0.21648336947, 0.397738844156], "var": [1.09645593166, 0.910661876202, 0.895860671997, 0.860712885857, 0.753866434097, 1.00219118595], "min": [-27.588727951, -26.9617900848, -27.4843997955, -27.2469234467, -27.2512607574, -27.352689743], "dmean": [0.436127275229, 0.4231993258, 0.354865014553, 0.352814376354, 0.334098696709, 0.444752782583], "mean": [-7.96266126633, -7.23071336746, -7.33825922012, -7.63762378693, -7.71168279648, -10.1077976227], "max": [-5.78196763992, -5.21512937546, -5.41887998581, -5.92787837982, -6.00622034073, -8.07859802246], "dmean2": [0.674291193485, 0.667292654514, 0.54972577095, 0.519702672958, 0.461684077978, 0.577878773212], "median": [-7.79700565338, -7.11274051666, -7.19617557526, -7.5273103714, -7.61047363281, -9.94642066956], "dvar": [0.160585477948, 0.162541925907, 0.123928070068, 0.118244536221, 0.11456028372, 0.199568986893]}, "hfc": {"dvar2": 149.400238037, "var": 395.366821289, "min": 1.28443705545e-16, "dmean": 7.37104034424, "mean": 24.7912120819, "max": 153.34928894, "dmean2": 10.3744668961, "median": 19.3889541626, "dvar": 77.6385879517}, "spectral_kurtosis": {"dvar2": 8.34670352936, "var": 7.63720226288, "min": -1.22729921341, "dmean": 1.63001894951, "mean": 5.14337587357, "max": 21.5218219757, "dmean2": 2.59911608696, "median": 4.85230636597, "dvar": 3.20346331596}, "mfcc": {"mean": [-644.991271973, 98.5782012939, -27.0510063171, 7.60076856613, 4.76358795166, 8.66315174103, -8.51060199738, 10.638543129, 4.47966432571, -1.26677191257, -3.13940119743, -5.74567508698, 1.64426124096], "cov": [[4832.36083984, 310.547149658, -315.951477051, -154.775299072, 43.3591690063, -123.11933136, -136.065093994, -7.4468164444, -113.606262207, -146.971664429, -55.7549362183, -112.38167572, -60.2020339966], [310.547149658, 1051.86730957, -222.349136353, 58.0748176575, 100.81199646, 44.0525932312, -30.4524536133, 81.3411026001, -33.1534767151, -42.3389854431, -48.9087944031, -67.200630188, 50.8174591064], [-315.951477051, -222.349136353, 729.88861084, 180.384963989, 55.450756073, 58.7419662476, 36.0668067932, -66.5592346191, 48.5741996765, -18.7153625488, -24.5679626465, 36.063369751, 33.0444412231], [-154.775299072, 58.0748176575, 180.384963989, 358.290344238, 110.642959595, 47.9492835999, -12.5429582596, -16.2372627258, 40.4747886658, 5.70241737366, -37.8141059875, 14.906211853, 38.5752296448], [43.3591690063, 100.81199646, 55.450756073, 110.642959595, 195.375854492, 56.8274993896, -14.6191444397, 2.23935270309, 36.9292526245, -2.36604356766, -24.0205612183, 0.0763564780354, 15.289814949], [-123.11933136, 44.0525932312, 58.7419662476, 47.9492835999, 56.8274993896, 192.202636719, 99.0512771606, 27.2138652802, 24.9449272156, 27.9483451843, 26.7672805786, 5.89721822739, -24.9591636658], [-136.065093994, -30.4524536133, 36.0668067932, -12.5429582596, -14.6191444397, 99.0512771606, 205.630706787, 64.3174133301, -7.2512960434, 30.1840419769, 43.6596641541, 9.61915302277, -40.0115432739], [-7.4468164444, 81.3411026001, -66.5592346191, -16.2372627258, 2.23935270309, 27.2138652802, 64.3174133301, 130.574615479, 29.0194358826, 19.7506465912, 16.3753757477, 5.25636529922, 4.28286027908], [-113.606262207, -33.1534767151, 48.5741996765, 40.4747886658, 36.9292526245, 24.9449272156, -7.2512960434, 29.0194358826, 155.229980469, 50.0501174927, -0.896885156631, 0.732900559902, 11.0178480148], [-146.971664429, -42.3389854431, -18.7153625488, 5.70241737366, -2.36604356766, 27.9483451843, 30.1840419769, 19.7506465912, 50.0501174927, 138.600662231, 61.1287841797, -1.2469227314, -35.0825004578], [-55.7549362183, -48.9087944031, -24.5679626465, -37.8141059875, -24.0205612183, 26.7672805786, 43.6596641541, 16.3753757477, -0.896885156631, 61.1287841797, 123.084213257, 32.9120101929, -30.8253536224], [-112.38167572, -67.200630188, 36.063369751, 14.906211853, 0.0763564780354, 5.89721822739, 9.61915302277, 5.25636529922, 0.732900559902, -1.2469227314, 32.9120101929, 103.972236633, 33.3953704834], [-60.2020339966, 50.8174591064, 33.0444412231, 38.5752296448, 15.289814949, -24.9591636658, -40.0115432739, 4.28286027908, 11.0178480148, -35.0825004578, -30.8253536224, 33.3953704834, 134.767227173]], "icov": [[0.000235978484852, -3.30812908942e-05, 5.0033286243e-05, 6.75505507388e-05, -0.0001411382691, 9.88129540929e-05, 0.000114034002763, -6.18312624283e-05, 6.9767687819e-05, 0.000263351364993, -9.61528712651e-05, 0.000177593203261, 0.000153269807925], [-3.30812908942e-05, 0.00133122736588, 0.000377320888219, -0.000265200971626, -0.000498186331242, -0.000535884464625, 0.000430122308899, -0.000939824618399, 0.000582773878705, 0.000220300527872, -3.75159725081e-05, 0.000993862515315, -0.000663673563395], [5.0033286243e-05, 0.000377320888219, 0.00196387665346, -0.00080764881568, -0.000132090906845, -0.000255864433711, -0.000752558757085, 0.00115051481407, -0.000627958681434, 0.0005992410006, 9.19828526094e-05, -0.000129697349621, -0.000402168108849], [6.75505507388e-05, -0.000265200971626, -0.00080764881568, 0.00408148299903, -0.00165461818688, -0.000378333817935, 0.000173790496774, 0.000338259589626, -6.54700925224e-05, -0.000958358228672, 0.00119532749522, -0.000645163119771, -0.000492403865792], [-0.0001411382691, -0.000498186331242, -0.000132090906845, -0.00165461818688, 0.0074470769614, -0.00230821804143, 0.0012455417309, -9.50109824771e-05, -0.00112229411025, 0.000171820036485, 0.00080599024659, -0.000476286804769, 0.00017009403382], [9.88129540929e-05, -0.000535884464625, -0.000255864433711, -0.000378333817935, -0.00230821804143, 0.00873812101781, -0.00426747696474, 0.0008407717105, -0.00115508004092, 2.99748371617e-05, -0.00102266867179, -0.000202145893127, 0.000922139093745], [0.000114034002763, 0.000430122308899, -0.000752558757085, 0.000173790496774, 0.0012455417309, -0.00426747696474, 0.00937311723828, -0.00473067350686, 0.00206402665935, -0.000323493994074, -0.000819746346679, -1.89060428966e-05, 0.00158926239237], [-6.18312624283e-05, -0.000939824618399, 0.00115051481407, 0.000338259589626, -9.50109824771e-05, 0.0008407717105, -0.00473067350686, 0.011840377003, -0.00309268641286, -0.000165947858477, -0.00021149701206, -0.000825893424917, -0.00130053551402], [6.9767687819e-05, 0.000582773878705, -0.000627958681434, -6.54700925224e-05, -0.00112229411025, -0.00115508004092, 0.00206402665935, -0.00309268641286, 0.00927058234811, -0.00384659855627, 0.00145943544339, 0.000434492016211, -0.000924491556361], [0.000263351364993, 0.000220300527872, 0.0005992410006, -0.000958358228672, 0.000171820036485, 2.99748371617e-05, -0.000323493994074, -0.000165947858477, -0.00384659855627, 0.0122617287561, -0.00600499799475, 0.00191723229364, 0.00171507010236], [-9.61528712651e-05, -3.75159725081e-05, 9.19828526094e-05, 0.00119532749522, 0.00080599024659, -0.00102266867179, -0.000819746346679, -0.00021149701206, 0.00145943544339, -0.00600499799475, 0.0140603883192, -0.00534601975232, 0.00194724625908], [0.000177593203261, 0.000993862515315, -0.000129697349621, -0.000645163119771, -0.000476286804769, -0.000202145893127, -1.89060428966e-05, -0.000825893424917, 0.000434492016211, 0.00191723229364, -0.00534601975232, 0.0137053700164, -0.00419714860618], [0.000153269807925, -0.000663673563395, -0.000402168108849, -0.000492403865792, 0.00017009403382, 0.000922139093745, 0.00158926239237, -0.00130053551402, -0.000924491556361, 0.00171507010236, 0.00194724625908, -0.00419714860618, 0.0106506310403]]}, "silence_rate_20dB": {"dvar2": 0, "var": 0, "min": 1, "dmean": 0, "mean": 1, "max": 1, "dmean2": 0, "median": 1, "dvar": 0}, "melbands_kurtosis": {"dvar2": 328.131652832, "var": 226.37878418, "min": -1.86064493656, "dmean": 3.60856151581, "mean": 4.0066614151, "max": 359.485687256, "dmean2": 5.83710956573, "median": 1.01040148735, "dvar": 133.85206604}, "barkbands_spread": {"dvar2": 81.6354827881, "var": 183.190353394, "min": 1.09859406948, "dmean": 5.87705945969, "mean": 25.0796585083, "max": 110.450881958, "dmean2": 8.74650382996, "median": 23.7778091431, "dvar": 40.3236274719}, "erbbands_skewness": {"dvar2": 0.266666263342, "var": 0.725694477558, "min": -3.86534261703, "dmean": 0.384543806314, "mean": -0.0201014708728, "max": 4.43254423141, "dmean2": 0.580557644367, "median": -0.081554248929, "dvar": 0.125096261501}, "average_loudness": 0.833389997482, "spectral_centroid": {"dvar2": 145982.6875, "var": 336160.09375, "min": 274.992767334, "dmean": 230.24281311, "mean": 1841.97485352, "max": 10940.6425781, "dmean2": 349.678863525, "median": 1764.87866211, "dvar": 70039.1171875}, "dissonance": {"dvar2": 0.000946614716668, "var": 0.000638212368358, "min": 0.29113560915, "dmean": 0.0175484847277, "mean": 0.471677780151, "max": 0.500000119209, "dmean2": 0.0299911573529, "median": 0.479400515556, "dvar": 0.000354724354111}, "erbbands_flatness_db": {"dvar2": 0.0011278350139, "var": 0.00319057097659, "min": 0.0422587357461, "dmean": 0.0264717899263, "mean": 0.177708119154, "max": 0.393407016993, "dmean2": 0.0364987179637, "median": 0.175144016743, "dvar": 0.000598288839683}, "spectral_strongpeak": {"dvar2": 5.63574790955, "var": 6.45058584213, "min": 0, "dmean": 1.20895302296, "mean": 2.36492419243, "max": 17.1869068146, "dmean2": 1.96995639801, "median": 1.51558971405, "dvar": 2.43784403801}, "spectral_rms": {"dvar2": 1.31535512082e-06, "var": 3.09885854222e-06, "min": 3.23660044078e-12, "dmean": 0.000712596753146, "mean": 0.00393793312833, "max": 0.00913952570409, "dmean2": 0.000999379204586, "median": 0.00370511761867, "dvar": 6.86805094574e-07}, "silence_rate_60dB": {"dvar2": 0.0634292066097, "var": 0.0700194463134, "min": 0, "dmean": 0.0284412838519, "mean": 0.0757609456778, "max": 1, "dmean2": 0.0568888895214, "median": 0, "dvar": 0.0276321489364}, "melbands": {"dvar2": [3.92852626874e-07, 7.31047430236e-06, 3.57617318514e-06, 1.3590486958e-07, 3.18487032303e-08, 1.46023140246e-07, 8.42878336016e-08, 3.07096712504e-08, 1.82155460493e-07, 2.67129138365e-07, 2.89815886845e-07, 1.79205585482e-07, 1.42580191209e-07, 1.69932462768e-07, 1.03804183027e-07, 8.2448941896e-08, 1.52496781425e-07, 1.37112962761e-07, 6.73138345064e-08, 7.89712046867e-08, 7.71608998917e-09, 4.63394078665e-09, 4.50491821624e-09, 1.39781664021e-09, 1.07026931762e-09, 2.70538785818e-10, 1.25337143442e-10, 2.882853678e-10, 8.66626076457e-11, 9.92254056698e-11, 1.35228364964e-11, 2.19433325677e-11, 4.08226195903e-11, 2.70307630446e-11, 3.14951884017e-11, 7.60177771425e-12, 5.251116382e-12, 2.90774912828e-12, 2.1220761693e-12, 8.99424903045e-13], "var": [1.63710382139e-07, 2.35175093621e-06, 1.01733371594e-06, 5.43810010356e-08, 2.44882123468e-08, 1.47076903545e-07, 7.48892503566e-08, 3.4298086149e-08, 2.57544854776e-07, 4.39574847633e-07, 5.43979808754e-07, 4.0400922785e-07, 2.22006420358e-07, 2.90238858724e-07, 1.79502009701e-07, 8.05865454367e-08, 1.45114100292e-07, 8.81036115175e-08, 5.25882342117e-08, 9.02833861005e-08, 1.11740154907e-08, 4.35575309155e-09, 5.85806736453e-09, 1.62499147471e-09, 5.73388392322e-10, 1.92719895598e-10, 8.6670497168e-11, 1.77831263604e-10, 6.98785057596e-11, 6.62522606221e-11, 9.0442054887e-12, 1.6362579694e-11, 2.46998116404e-11, 1.72810030175e-11, 1.41041215165e-11, 3.60450081241e-12, 3.13713811873e-12, 2.18031864264e-12, 1.69286492376e-12, 9.86025497363e-13], "min": [3.71623379435e-24, 2.66058841403e-24, 8.14378741125e-24, 7.08535301319e-24, 2.67320427205e-24, 4.86903528377e-24, 5.5159536853e-24, 7.25597021635e-24, 5.54102999575e-24, 5.66996378869e-24, 7.80124822898e-24, 6.48450093308e-24, 1.00607549097e-23, 7.45068554245e-24, 7.20541369866e-24, 5.74062955415e-24, 9.83922067938e-24, 7.16748526634e-24, 5.75318309216e-24, 3.35502030231e-24, 3.86677803735e-24, 8.97386472105e-24, 1.33368784718e-23, 6.99129397202e-24, 7.54666940423e-24, 9.34318730876e-24, 1.11616923444e-23, 1.03483570296e-23, 1.05631551767e-23, 9.46047751474e-24, 5.17146246672e-24, 7.22298715305e-24, 9.95458448703e-24, 1.0459043681e-23, 9.75586332525e-24, 7.36811704922e-24, 9.51195384424e-24, 1.17392047914e-23, 1.06640883518e-23, 7.40646278897e-24], "dmean": [0.000170941057149, 0.000636663695332, 0.000415004615206, 0.000104523154732, 7.00380187482e-05, 0.000121247088828, 7.641864795e-05, 4.87642646476e-05, 8.79211584106e-05, 0.000125711012515, 0.000133000779897, 0.00010053205915, 9.0837260359e-05, 9.09441005206e-05, 7.06487771822e-05, 5.87616123084e-05, 8.54572208482e-05, 8.11960126157e-05, 5.81319363846e-05, 7.11279280949e-05, 3.20944054693e-05, 2.27189993893e-05, 2.23188835662e-05, 1.03730917544e-05, 7.93203435023e-06, 4.92299523103e-06, 3.45999251294e-06, 3.24997790813e-06, 2.7061335004e-06, 2.14458282244e-06, 1.22242136058e-06, 1.85467433766e-06, 2.42376290771e-06, 1.64617711107e-06, 1.12609302505e-06, 6.42545046503e-07, 5.7725088709e-07, 4.74467867662e-07, 3.67937929013e-07, 3.48888733015e-07], "mean": [0.000203557370696, 0.00062724732561, 0.000406216306146, 0.000162152369739, 0.000114457208838, 0.000181708790478, 0.000131968816277, 8.10603305581e-05, 0.000148551669554, 0.000224562754738, 0.000255306484178, 0.00019270030316, 0.000171238119947, 0.000170022743987, 0.00012784502178, 9.45624706219e-05, 0.000136891787406, 0.000118698153528, 8.8029060862e-05, 0.000122795798234, 6.57513737679e-05, 4.23456222052e-05, 4.46654921689e-05, 1.97434055735e-05, 1.37268789331e-05, 8.04484352557e-06, 5.54918051421e-06, 5.11189045937e-06, 4.30675527241e-06, 3.45161333826e-06, 1.94013068722e-06, 3.06776132675e-06, 3.81964537155e-06, 2.63582933258e-06, 1.64222706189e-06, 9.60313855103e-07, 8.81574919731e-07, 7.42381928376e-07, 5.83954829381e-07, 5.61120032216e-07], "max": [0.00416201073676, 0.0162624232471, 0.0148326698691, 0.0028603291139, 0.00201230915263, 0.00524993846193, 0.00625751446933, 0.00359164178371, 0.00989610608667, 0.0134525829926, 0.0123199494556, 0.0108897453174, 0.00753577519208, 0.00883432570845, 0.00705218687654, 0.0055227028206, 0.00499965716153, 0.00527125829831, 0.00403587659821, 0.00653473427519, 0.00165355950594, 0.00148761644959, 0.000996270915493, 0.000964583887253, 0.000830385775771, 0.000390269648051, 0.000179537571967, 0.000247688847594, 0.000197751185624, 0.000208197830943, 6.13941811025e-05, 9.26113061723e-05, 0.000127172388602, 8.86525231181e-05, 0.000137275244924, 8.12522048363e-05, 3.6631936382e-05, 3.7302277633e-05, 3.25389446516e-05, 1.98969992198e-05], "dmean2": [0.000283460511127, 0.00106102449354, 0.00071588071296, 0.00017638420104, 0.000112557994726, 0.000193524014321, 0.000118800933706, 7.36104993848e-05, 0.000132027431391, 0.000191851548152, 0.000194984808331, 0.000144516146975, 0.000140118878335, 0.000135778042022, 0.000101058845758, 8.98157595657e-05, 0.000131775494083, 0.000125296355691, 8.82870590431e-05, 0.000106590603536, 5.04198287672e-05, 3.58982142643e-05, 3.43348874594e-05, 1.5873078155e-05, 1.28617721202e-05, 7.76689830673e-06, 5.41683766642e-06, 5.16121644978e-06, 4.16228976974e-06, 3.29741101268e-06, 1.8737806613e-06, 2.8195709092e-06, 3.80766186936e-06, 2.55301551988e-06, 1.78178731858e-06, 1.00135332559e-06, 8.89816647032e-07, 7.36212655283e-07, 5.59378577236e-07, 5.20610171861e-07], "median": [7.29144230718e-05, 0.000142518256325, 0.000141166048707, 8.79443541635e-05, 6.44442188786e-05, 6.00814673817e-05, 4.99111920362e-05, 2.72816287179e-05, 2.73323312285e-05, 5.3773765103e-05, 6.1524566263e-05, 3.94623457396e-05, 4.972