{"metadata": {"tags": {"album": ["With God"], "tracknumber": ["11"], "genre": ["Gospel"], "artist": ["Salvador"], "date": ["2000"], "discnumber": ["1"], "title": ["With God"], "file_name": "2070655.mp3", "musicbrainz_recordingid": ["1978505e-04f3-48a2-ba6b-0c78818ff64c"], "length": ["251"]}, "audio_properties": {"sample_rate": 44100, "downmix": "mix", "lossless": false, "analysis_sample_rate": 44100, "md5_encoded": "bd9140774c0efb5807a04002b4fdb5e3", "equal_loudness": 0, "replay_gain": -12.9303436279, "codec": "mp3", "bit_rate": 256027, "length": 251.088973999}, "version": {"extractor": "music 1.0", "essentia_build_sha": "70f2e5ece6736b2c40cc944ad0e695b16b925413", "essentia_git_sha": "v2.1_beta2", "essentia": "2.1-beta2"}}, "rhythm": {"beats_loudness_band_ratio": {"dvar2": [0.0657591447234, 0.0585627295077, 0.0416664257646, 0.016493441537, 0.0158284716308, 0.0300581995398], "var": [0.0823433548212, 0.036133274436, 0.030678069219, 0.00469986815006, 0.00459958799183, 0.0127451261505], "min": [0.00161981047131, 0.000369739631424, 0.000867385650054, 9.35159769142e-05, 9.54348524829e-06, 3.19860992022e-05], "dmean": [0.200245693326, 0.157217115164, 0.108735121787, 0.0418645627797, 0.0360425189137, 0.063795953989], "mean": [0.543560385704, 0.222492188215, 0.149294927716, 0.0402215830982, 0.0322866588831, 0.0619423352182], "max": [0.98916208744, 0.932705938816, 0.943188786507, 0.682496905327, 0.738836884499, 0.924940109253], "dmean2": [0.311957716942, 0.265255272388, 0.178553983569, 0.0741897895932, 0.0641943067312, 0.111736387014], "median": [0.577754259109, 0.171077042818, 0.0864753127098, 0.0202814005315, 0.0132826324552, 0.0238681025803], "dvar": [0.0282784290612, 0.0220902264118, 0.017490407452, 0.00595309631899, 0.00596552481875, 0.0112944571301]}, "bpm_histogram_first_peak_weight": {"dvar2": 0, "var": 0, "min": 0.46185567975, "dmean": 0, "mean": 0.46185567975, "max": 0.46185567975, "dmean2": 0, "median": 0.46185567975, "dvar": 0}, "bpm": 114.037353516, "beats_count": 486, "bpm_histogram_first_peak_spread": {"dvar2": 0, "var": 0, "min": 0.44963145256, "dmean": 0, "mean": 0.44963145256, "max": 0.44963145256, "dmean2": 0, "median": 0.44963145256, "dvar": 0}, "danceability": 0.953662633896, "bpm_histogram_first_peak_bpm": {"dvar2": 0, "var": 0, "min": 115, "dmean": 0, "mean": 115, "max": 115, "dmean2": 0, "median": 115, "dvar": 0}, "beats_position": [0.476009070873, 0.975238084793, 1.46285712719, 1.97369611263, 2.48453521729, 2.99537420273, 3.51782298088, 4.04027223587, 4.57433080673, 5.0967798233, 5.60761880875, 6.13006782532, 6.66412687302, 7.19818592072, 7.73224496841, 8.25469398499, 8.77714252472, 9.29959201813, 9.82204055786, 10.3560991287, 10.8901586533, 11.4009971619, 11.9698867798, 12.538775444, 13.1192741394, 13.6997728348, 14.3034915924, 14.8607711792, 15.4296598434, 15.9985485077, 16.5790481567, 17.1479358673, 17.693605423, 18.2392749786, 18.7733325958, 19.3073921204, 19.8298416138, 20.3522891998, 20.8747386932, 21.4087982178, 21.942855835, 22.4769153595, 23.010974884, 23.5450344086, 24.0790920258, 24.6131515503, 25.1356010437, 25.6580486298, 26.1804981232, 26.7029476166, 27.22539711, 27.747844696, 28.2819042206, 28.8159637451, 29.3500213623, 29.8840808868, 30.4065303802, 30.9289798737, 31.4514274597, 31.9738769531, 32.4963264465, 33.0187759399, 33.5412254333, 34.0752830505, 34.6093406677, 35.1317901611, 35.6542396545, 36.1766891479, 36.6991386414, 37.2215881348, 37.7440338135, 38.2664833069, 38.8005447388, 39.334602356, 39.8570518494, 40.3795013428, 40.9019508362, 41.4243965149, 41.9584579468, 42.492515564, 43.0033569336, 43.5374145508, 44.071472168, 44.6055335999, 45.139591217, 45.6620407104, 46.1844902039, 46.7069396973, 47.229385376, 47.7634468079, 48.2858963013, 48.80834198, 49.3307914734, 49.8532409668, 50.3756904602, 50.8981399536, 51.4321975708, 51.9662590027, 52.4887046814, 53.0227661133, 53.5452156067, 54.0676651001, 54.5901107788, 55.1125602722, 55.6466217041, 56.1690673828, 56.7031288147, 57.2371864319, 57.7596359253, 58.2820854187, 58.8161430359, 59.3502044678, 59.8726501465, 60.3950996399, 60.9291610718, 61.4516105652, 61.9856681824, 62.5081176758, 63.0305671692, 63.5530128479, 64.0754623413, 64.5979156494, 65.1319732666, 65.6428070068, 66.1768722534, 66.6993179321, 67.2217712402, 67.7558288574, 68.2782745361, 68.8007278442, 69.3347854614, 69.8688430786, 70.4029006958, 70.9253463745, 71.4477996826, 71.9702453613, 72.4926986694, 73.0151443481, 73.5259857178, 74.0484313965, 74.5708847046, 75.0933303833, 75.6273880005, 76.1498413086, 76.6722869873, 77.2063446045, 77.7404098511, 78.2744674683, 78.8085250854, 79.3425827026, 79.8650360107, 80.3874816895, 80.9099273682, 81.4323806763, 81.954826355, 82.4772796631, 83.0113372803, 83.533782959, 84.0562362671, 84.5902938843, 85.1243515015, 85.6584091187, 86.1808624268, 86.7033081055, 87.2257614136, 87.7482070923, 88.270652771, 88.7931060791, 89.3271636963, 89.849609375, 90.3720626831, 90.9061203003, 91.4401779175, 91.9626312256, 92.4850769043, 93.0075302124, 93.5299758911, 94.0640335083, 94.5980911255, 95.1321487427, 95.6546020508, 96.1770477295, 96.7111129761, 97.2335586548, 97.767616272, 98.3016738892, 98.8241271973, 99.346572876, 99.8690261841, 100.379859924, 100.902313232, 101.424758911, 101.958816528, 102.481269836, 103.003715515, 103.537773132, 104.06022644, 104.582672119, 105.105125427, 105.627571106, 106.150024414, 106.672470093, 107.20652771, 107.740585327, 108.274642944, 108.797096252, 109.319541931, 109.853607178, 110.376052856, 110.898498535, 111.432563782, 111.966621399, 112.489067078, 113.011520386, 113.533966064, 114.056411743, 114.567253113, 115.10131073, 115.635368347, 116.169433594, 116.703491211, 117.22593689, 117.748390198, 118.270835876, 118.793289185, 119.327346802, 119.861404419, 120.383850098, 120.906303406, 121.428749084, 121.951202393, 122.473648071, 122.99609375, 123.530158997, 124.064216614, 124.586662292, 125.097503662, 125.619949341, 126.13079071, 126.664848328, 127.187301636, 127.721359253, 128.267028809, 128.801086426, 129.335144043, 129.857589722, 130.391647339, 130.914108276, 131.448165894, 131.958999634, 132.481445312, 133.003890991, 133.51473999, 134.048797607, 134.571243286, 135.093688965, 135.616149902, 136.138595581, 136.672653198, 137.206710815, 137.740768433, 138.27482605, 138.808883667, 139.342941284, 139.865386963, 140.3878479, 140.898681641, 141.409515381, 141.943572998, 142.477645874, 143.011703491, 143.545761108, 144.056594849, 144.579040527, 145.113098145, 145.635559082, 146.169616699, 146.692062378, 147.214508057, 147.736953735, 148.259414673, 148.79347229, 149.327529907, 149.849975586, 150.372421265, 150.894866943, 151.417327881, 151.951385498, 152.485443115, 153.007888794, 153.541946411, 154.06439209, 154.575241089, 155.097686768, 155.620132446, 156.142578125, 156.665023804, 157.187484741, 157.70993042, 158.243988037, 158.778045654, 159.312103271, 159.846160889, 160.368606567, 160.902679443, 161.425125122, 161.959182739, 162.481628418, 163.015686035, 163.538131714, 164.060592651, 164.58303833, 165.105484009, 165.627929688, 166.161987305, 166.696044922, 167.218505859, 167.740951538, 168.275009155, 168.809066772, 169.331512451, 169.85395813, 170.376419067, 170.898864746, 171.421310425, 171.943756104, 172.466217041, 172.98866272, 173.522720337, 174.056777954, 174.579223633, 175.11328125, 175.635726929, 176.146575928, 176.669021606, 177.203079224, 177.725524902, 178.25958252, 178.793640137, 179.316101074, 179.838546753, 180.37260437, 180.906661987, 181.440719604, 181.951568604, 182.485626221, 182.996459961, 183.530517578, 184.052963257, 184.575408936, 185.086257935, 185.597091675, 186.131149292, 186.665206909, 187.199264526, 187.733337402, 188.255783081, 188.77822876, 189.300674438, 189.823120117, 190.345581055, 190.868026733, 191.402084351, 191.936141968, 192.458587646, 192.981033325, 193.503494263, 194.025939941, 194.54838562, 195.070831299, 195.604888916, 196.138946533, 196.661407471, 197.195465088, 197.717910767, 198.251968384, 198.786026001, 199.30847168, 199.830932617, 200.364990234, 200.887435913, 201.409881592, 201.943939209, 202.477996826, 203.012054443, 203.534515381, 204.05696106, 204.591018677, 205.113464355, 205.635910034, 206.158370972, 206.68081665, 207.191650391, 207.702484131, 208.236557007, 208.759002686, 209.281448364, 209.803894043, 210.326339722, 210.860397339, 211.394470215, 211.928527832, 212.462585449, 212.996643066, 213.519088745, 214.053146362, 214.575592041, 215.109649658, 215.632110596, 216.154556274, 216.665390015, 217.187835693, 217.721893311, 218.244354248, 218.778411865, 219.289245605, 219.800079346, 220.322540283, 220.844985962, 221.367431641, 221.924713135, 222.47038269, 223.016052246, 223.57333374, 224.119003296, 224.676269531, 225.245162964, 225.814056396, 226.394546509, 226.963439941, 227.47428894, 227.985122681, 228.507568359, 228.960357666, 229.401535034, 229.831100464, 230.260681152, 230.690246582, 231.13142395, 231.572601318, 232.013778687, 232.454956055, 232.884536743, 233.325714111, 233.766891479, 234.219680786, 234.660858154, 235.102035522, 235.566436768, 236.030838013, 236.472015381, 236.913192749, 237.342758179, 237.795547485, 238.248336792, 238.68951416, 239.142303467, 239.595092773, 240.059494019, 240.512283325, 240.953460693, 241.40625, 241.859039307, 242.311828613, 242.776229858, 243.240631104, 243.705032349, 244.076553345, 244.448074341, 244.819580078, 245.191101074, 245.539413452, 245.887710571, 246.23600769, 246.58430481, 246.932601929, 247.280899048, 247.629196167, 247.977508545, 248.325805664, 248.674102783, 249.022399902, 249.370697021, 249.718994141, 250.06729126, 250.415603638], "beats_loudness": {"dvar2": 0.00428445497528, "var": 0.00183914776426, "min": 1.21368659567e-09, "dmean": 0.0312019158155, "mean": 0.0497996844351, "max": 0.237263709307, "dmean2": 0.0575270541012, "median": 0.0419630855322, "dvar": 0.00145532435272}, "bpm_histogram_second_peak_weight": {"dvar2": 0, "var": 0, "min": 0.0309278350323, "dmean": 0, "mean": 0.0309278350323, "max": 0.0309278350323, "dmean2": 0, "median": 0.0309278350323, "dvar": 0}, "bpm_histogram_second_peak_spread": {"dvar2": 0, "var": 0, "min": 0, "dmean": 0, "mean": 0, "max": 0, "dmean2": 0, "median": 0, "dvar": 0}, "bpm_histogram_second_peak_bpm": {"dvar2": 0, "var": 0, "min": 172, "dmean": 0, "mean": 172, "max": 172, "dmean2": 0, "median": 172, "dvar": 0}, "onset_rate": 2.8315346241}, "lowlevel": {"spectral_energyband_high": {"dvar2": 3.24255915984e-06, "var": 4.50006746178e-06, "min": 8.35665110725e-21, "dmean": 0.000441888783826, "mean": 0.000835340819322, "max": 0.0295961983502, "dmean2": 0.000640593119897, "median": 0.000151842075866, "dvar": 1.58120644755e-06}, "spectral_energyband_middle_low": {"dvar2": 0.000140056756209, "var": 0.000194782362087, "min": 2.40429178155e-22, "dmean": 0.00444075139239, "mean": 0.0152366999537, "max": 0.113829731941, "dmean2": 0.00704366760328, "median": 0.0122025813907, "dvar": 5.30690449523e-05}, "spectral_energy": {"dvar2": 0.00136345042847, "var": 0.00123542873189, "min": 1.09447287995e-20, "dmean": 0.0114344386384, "mean": 0.0379247106612, "max": 0.266829878092, "dmean2": 0.0173199698329, "median": 0.0316793248057, "dvar": 0.000583893735893}, "spectral_spread": {"dvar2": 1950462509060.0, "var": 6043519156220.0, "min": 898920, "dmean": 680927.8125, "mean": 5145042, "max": 40370416, "dmean2": 945839.3125, "median": 4670266, "dvar": 1082759905280.0}, "spectral_energyband_low": {"dvar2": 0.00142917619087, "var": 0.000794577121269, "min": 1.4857691541e-22, "dmean": 0.00950457248837, "mean": 0.0203084293753, "max": 0.25325319171, "dmean2": 0.0143992509693, "median": 0.0138089582324, "dvar": 0.000601488805842}, "spectral_rolloff": {"dvar2": 2877939.5, "var": 4747126, "min": 64.599609375, "dmean": 339.283325195, "mean": 1014.67486572, "max": 19401.4160156, "dmean2": 585.604431152, "median": 452.197265625, "dvar": 1239356.5}, "barkbands": {"dvar2": [1.13163207516e-06, 0.00132556632161, 8.94210170372e-05, 2.02330029424e-05, 6.55465919408e-05, 8.62528577272e-06, 5.92638480157e-06, 4.52349740954e-06, 2.56380335486e-05, 5.49049786969e-07, 7.75481225901e-07, 1.71590181708e-06, 3.1846523143e-06, 1.93718528863e-06, 9.80697109298e-07, 9.80810114015e-07, 1.78649017357e-07, 1.34843787691e-07, 2.62768878656e-07, 1.03929600925e-07, 8.50205523761e-08, 2.53088302316e-07, 1.26922955701e-07, 1.19106566387e-07, 2.72088641395e-07, 1.66357693843e-07, 5.17634219932e-08], "var": [6.19044840278e-07, 0.000531516852789, 6.98284275131e-05, 1.44187015394e-05, 5.08822740812e-05, 1.04870923678e-05, 1.56934820552e-05, 1.05573762994e-05, 3.60110352631e-05, 6.83395398937e-07, 6.54070674955e-07, 2.42546821028e-06, 2.41100883613e-06, 2.15167710849e-06, 1.93050027519e-06, 2.98902932627e-06, 1.43259114793e-07, 7.288407744e-08, 1.77333220108e-07, 7.78350397468e-08, 6.22518712134e-08, 1.79579700443e-07, 1.63032552791e-07, 1.53413139969e-07, 3.90156003505e-07, 8.99843044522e-08, 2.378056152e-08], "min": [8.77918000275e-23, 7.84053018885e-23, 1.50860623555e-23, 1.20527912007e-23, 4.82657098013e-23, 4.65589177249e-23, 2.5692978802e-23, 2.24984818331e-23, 8.44357017468e-23, 1.27888142025e-23, 6.8329017463e-23, 1.0522567652e-22, 1.39299229589e-22, 1.00470807947e-22, 9.91714404406e-23, 1.82334949361e-22, 1.34745949688e-22, 1.24496967833e-22, 2.4934997068e-22, 2.51765980265e-22, 4.94108947597e-22, 5.63837183425e-22, 5.66216387915e-22, 9.03250532752e-22, 1.57994122327e-21, 1.66682931686e-21, 2.71332325751e-21], "dmean": [0.000219515670324, 0.00748525792733, 0.0031191711314, 0.00137423165143, 0.00233500567265, 0.000947404769249, 0.000624995678663, 0.000462422292912, 0.0010001991177, 0.000176376721356, 0.000195119398995, 0.000192898514797, 0.000296002981486, 0.00019092427101, 0.000183584706974, 0.000176953093614, 9.19892117963e-05, 6.26869368716e-05, 7.86211312516e-05, 6.61612211843e-05, 6.33224626654e-05, 7.9290875874e-05, 6.91793611622e-05, 6.99994125171e-05, 0.00011023706611, 7.04370322637e-05, 3.10131254082e-05], "mean": [0.000385788298445, 0.011572486721, 0.00703808572143, 0.00256947358139, 0.00515309534967, 0.00239563290961, 0.00170828879345, 0.00102296471596, 0.00227862456813, 0.000337067962391, 0.000321244035149, 0.000314357719617, 0.000468042679131, 0.000322945590597, 0.000327523099259, 0.000420603872044, 0.000156996029546, 0.000101020763395, 0.000140270029078, 0.000115184877359, 0.000106519401015, 0.000131226552185, 0.000117582334497, 0.000116492155939, 0.000180750736035, 9.00872400962e-05, 3.22680789395e-05], "max": [0.011053125374, 0.235768631101, 0.0729643777013, 0.047421105206, 0.0866450145841, 0.0381253175437, 0.0628243237734, 0.0585883036256, 0.110254660249, 0.0182740576565, 0.0174882523715, 0.0310842953622, 0.0506534427404, 0.0413581803441, 0.0326205305755, 0.0282038841397, 0.00877602025867, 0.0126847047359, 0.0137732103467, 0.00648543378338, 0.00564766954631, 0.0138327162713, 0.00967324245721, 0.0117140412331, 0.0111059956253, 0.00531258108094, 0.00312601099722], "dmean2": [0.000361840473488, 0.0117527442053, 0.00484586367384, 0.00222847401164, 0.00375874759629, 0.00149796856567, 0.000946274667513, 0.000693491019774, 0.00153504428454, 0.000263361813268, 0.000306309753796, 0.000281690823613, 0.000463173375465, 0.000295973964967, 0.000284972658847, 0.000270790711511, 0.000150355321239, 0.000101683814137, 0.000121975965158, 0.000106757230242, 0.000100130455394, 0.000123214413179, 0.00010368032963, 0.000104062302853, 0.00016471761046, 0.000108489206468, 4.89948251925e-05], "median": [9.78917305474e-05, 0.00585771072656, 0.00439475197345, 0.00110824964941, 0.00284284120426, 0.00132463767659, 0.000457337911939, 0.000217906330363, 0.000162876152899, 7.77671084506e-05, 6.48589921184e-05, 4.12642693846e-05, 4.74155494885e-05, 4.73534528282e-05, 3.93734298996e-05, 3.77520955226e-05, 4.60139963252e-05, 3.22134765156e-05, 3.25427790813e-05, 2.52490335697e-05, 2.18369295908e-05, 1.83642860065e-05, 1.22277997434e-05, 1.08898238977e-05, 1.57117865456e-05, 8.7673561211e-06, 8.64811170231e-07], "dvar": [4.3200628852e-07, 0.000536307285074, 3.43066603818e-05, 7.44372164263e-06, 2.44337406912e-05, 3.48135745298e-06, 2.61156014858e-06, 2.14933379539e-06, 1.002580575e-05, 2.61338755081e-07, 3.26477760382e-07, 9.30879707539e-07, 1.30838293444e-06, 8.454232443e-07, 4.42385584165e-07, 4.56075412103e-07, 7.51996651616e-08, 5.72922758124e-08, 1.11513237755e-07, 4.31676454582e-08, 3.40420740486e-08, 1.04845724991e-07, 5.97060960672e-08, 5.78086165604e-08, 1.33986560513e-07, 6.74155415936e-08, 2.17758948651e-08]}, "melbands_skewness": {"dvar2": 2.26446580887, "var": 4.57984924316, "min": -1.59400129318, "dmean": 0.783868849277, "mean": 3.39420843124, "max": 15.7024087906, "dmean2": 1.17076742649, "median": 2.9785284996, "dvar": 1.03619372845}, "barkbands_skewness": {"dvar2": 1.77168273926, "var": 2.86223435402, "min": -2.85311079025, "dmean": 0.627336084843, "mean": 2.53525924683, "max": 14.4736747742, "dmean2": 0.948415517807, "median": 2.29314899445, "dvar": 0.756040394306}, "erbbands": {"dvar2": [0.819673955441, 78.3723144531, 142.065979004, 135.7603302, 727.545715332, 846.535400391, 735.328552246, 637.51739502, 1064.17822266, 1949.73120117, 2423.34619141, 22277.6328125, 696.524353027, 595.743530273, 1338.19396973, 3359.76513672, 6804.19335938, 4661.08447266, 3116.94702148, 2889.01635742, 1120.27758789, 428.153015137, 313.991790771, 502.73046875, 913.34979248, 219.250991821, 177.334396362, 135.832199097, 509.828735352, 157.548614502, 106.621673584, 47.0326881409, 43.2355079651, 33.4123725891, 17.4691429138, 4.36171913147, 0.485896617174, 0.0654621198773, 0.00132294197101, 1.12203588287e-06], "var": [0.302304506302, 31.2324352264, 90.2736358643, 120.768859863, 346.380706787, 926.071166992, 827.347839355, 570.337585449, 2880.54296875, 3902.5246582, 7226.68505859, 29728.6191406, 926.72845459, 739.277404785, 1129.91027832, 4868.18359375, 5590.09472656, 3296.05395508, 4711.33935547, 8238.02636719, 2712.32128906, 340.165161133, 165.689544678, 405.245666504, 464.319519043, 178.91835022, 112.188438416, 119.961791992, 265.210693359, 168.559951782, 137.332229614, 54.783367157, 56.890083313, 51.120891571, 20.3264083862, 2.59419345856, 0.258623272181, 0.0331306084991, 0.000607311958447, 5.75454180307e-07], "min": [4.99586474606e-21, 8.10931764175e-21, 1.17614912984e-20, 3.15673059759e-20, 7.02921217818e-20, 1.37303425534e-19, 3.66434833356e-19, 4.05029064485e-19, 3.0134885064e-19, 5.79847767437e-19, 6.81381757784e-19, 2.012527742e-18, 6.92465461005e-19, 1.22276030176e-18, 3.27143873167e-18, 5.0552679915e-18, 6.11581734796e-18, 5.43024881551e-18, 4.90419999623e-18, 7.36371401418e-18, 1.02251732897e-17, 6.34346696512e-18, 6.89392133477e-18, 1.3179826869e-17, 8.30460383682e-18, 1.29960198923e-17, 1.96260925319e-17, 1.82818313923e-17, 1.81707046401e-17, 1.781327328e-17, 1.88908001049e-17, 1.55739580498e-17, 1.59729386921e-17, 1.40630497952e-17, 1.38674844461e-17, 5.47140725484e-18, 3.34565503059e-18, 1.37444051408e-18, 3.36132777675e-19, 4.28765936278e-20], "dmean": [0.16394919157, 1.87823545933, 3.68019366264, 3.71645689011, 6.42097711563, 8.61647987366, 8.82974052429, 6.9994225502, 8.96140384674, 9.85429000854, 12.2210578918, 27.6948432922, 6.21513986588, 6.09488773346, 7.03100156784, 9.22518253326, 13.5864591599, 8.74956512451, 9.58294296265, 9.91801452637, 7.12501955032, 4.36563110352, 3.29904484749, 3.7193608284, 3.84560990334, 3.01120209694, 2.74333930016, 2.48720812798, 3.01425027847, 2.37611031532, 1.95084798336, 1.36217463017, 1.30939435959, 1.24816203117, 0.810321092606, 0.351349085569, 0.122514039278, 0.0424110479653, 0.00482424208894, 0.000141335534863], "mean": [0.249558702111, 2.90430545807, 8.00020980835, 8.78238677979, 11.8241548538, 19.0484390259, 19.939617157, 17.0903625488, 25.122756958, 22.9945755005, 30.9202690125, 63.0147705078, 13.5381803513, 12.3372764587, 12.4677772522, 16.2241973877, 23.23969841, 14.5617980957, 17.8465538025, 24.1853523254, 16.4029903412, 8.07956314087, 5.70303964615, 6.64047527313, 6.81869220734, 5.47113418579, 4.77259922028, 4.09156703949, 4.79002666473, 4.01326990128, 3.28238296509, 2.24073147774, 2.14725255966, 2.04389333725, 1.24360382557, 0.465028047562, 0.151950523257, 0.0476107113063, 0.00498760072514, 0.000181742288987], "max": [7.52297067642, 58.4199562073, 83.0675354004, 116.840332031, 290.284729004, 475.422027588, 495.626953125, 459.023223877, 948.93157959, 1321.83422852, 1611.60302734, 3391.4140625, 623.910522461, 562.281005859, 761.477416992, 1581.38671875, 2579.94995117, 2787.09130859, 1453.20812988, 1431.49023438, 930.340942383, 473.402526855, 462.443511963, 1029.88513184, 1024.48425293, 449.028594971, 204.507003784, 292.703094482, 500.080200195, 384.93838501, 288.813110352, 201.171325684, 201.920196533, 153.742340088, 95.8004760742, 37.2114028931, 10.2306909561, 3.16447854042, 0.566196978092, 0.018912775442], "dmean2": [0.267508000135, 2.92726159096, 5.66621685028, 5.88969421387, 10.677936554, 13.5791816711, 13.6983594894, 11.4102926254, 13.8116359711, 14.6573934555, 18.0052452087, 42.4152030945, 9.11524772644, 9.13018989563, 10.9043722153, 13.0584754944, 21.0649032593, 13.5129442215, 14.3170976639, 15.0647096634, 11.0406236649, 7.09173631668, 5.39014291763, 5.82370710373, 6.01186227798, 4.80497932434, 4.42853021622, 3.88845086098, 4.74767494202, 3.64251613617, 2.92798233032, 2.05011439323, 1.97072076797, 1.86733019352, 1.20715594292, 0.541542291641, 0.188681200147, 0.0658755898476, 0.00765945436433, 0.000220965521294], "median": [0.118616245687, 1.43321859837, 5.13035821915, 5.53194522858, 5.71432209015, 9.21026706696, 10.389500618, 9.53983783722, 7.87002515793, 5.50518941879, 7.17409610748, 4.75779104233, 3.71250844002, 3.20043444633, 3.11593818665, 2.86140322685, 2.70195841789, 2.80530142784, 2.13572645187, 2.52780985832, 2.20677709579, 2.49780392647, 1.9925737381, 1.84590744972, 1.61779844761, 1.27750730515, 1.00972318649, 0.769333004951, 0.643154621124, 0.527924120426, 0.332278043032, 0.189234912395, 0.20822943747, 0.167675852776, 0.0988533198833, 0.0455011092126, 0.0138996113092, 0.00273568788543, 0.000155034780619, 4.91111495649e-05], "dvar": [0.321081250906, 31.5976448059, 54.6903419495, 51.3178977966, 262.232849121, 331.578430176, 300.978973389, 240.865036011, 474.78427124, 947.835693359, 1138.12341309, 8623.76660156, 324.446502686, 271.549804688, 582.965576172, 1804.40026855, 2813.25024414, 2001.6875, 1517.86035156, 1425.77636719, 534.882446289, 181.62020874, 130.975753784, 239.255554199, 357.213348389, 93.3230514526, 68.1725311279, 57.8505973816, 197.085601807, 71.5919647217, 50.7973747253, 21.4786281586, 20.9029541016, 16.2387199402, 8.47378921509, 1.77528226376, 0.19763828814, 0.0278588607907, 0.000552895362489, 4.771939075e-07]}, "silence_rate_30dB": {"dvar2": 0.0662762150168, "var": 0.0325213298202, "min": 0, "dmean": 0.0331052355468, "mean": 0.966343045235, "max": 1, "dmean2": 0.0662165880203, "median": 1, "dvar": 0.0320112332702}, "melbands_spread": {"dvar2": 115.481422424, "var": 211.785247803, "min": 0.386035561562, "dmean": 3.69684123993, "mean": 12.1644601822, "max": 193.547164917, "dmean2": 5.57369709015, "median": 8.2053232193, "dvar": 52.9440078735}, "melbands_crest": {"dvar2": 16.1927661896, "var": 20.7740383148, "min": 2.52907800674, "dmean": 2.45802402496, "mean": 15.4680519104, "max": 36.0358123779, "dmean2": 3.84357762337, "median": 15.0151672363, "dvar": 6.55277395248}, "zerocrossingrate": {"dvar2": 0.000283854780719, "var": 0.00286073982716, "min": 0.00341796875, "dmean": 0.00988699588925, "mean": 0.0466353073716, "max": 0.51806640625, "dmean2": 0.0113192470744, "median": 0.0322265625, "dvar": 0.000247622403549}, "barkbands_kurtosis": {"dvar2": 507.561950684, "var": 470.97164917, "min": -1.95597279072, "dmean": 6.01106262207, "mean": 14.1605958939, "max": 376.431854248, "dmean2": 9.42957687378, "median": 7.84007167816, "dvar": 201.561813354}, "spectral_flux": {"dvar2": 0.00329006835818, "var": 0.00403999164701, "min": 1.04617058072e-10, "dmean": 0.0234514772892, "mean": 0.0710602328181, "max": 0.43906930089, "dmean2": 0.0374236367643, "median": 0.0596862398088, "dvar": 0.00144941732287}, "barkbands_crest": {"dvar2": 15.5388174057, "var": 17.7544155121, "min": 3.39180040359, "dmean": 2.12162852287, "mean": 11.5646009445, "max": 26.5954990387, "dmean2": 3.41423416138, "median": 10.6827526093, "dvar": 6.20107841492}, "barkbands_flatness_db": {"dvar2": 0.00155714224093, "var": 0.00645903358236, "min": 0.0282237585634, "dmean": 0.0222322717309, "mean": 0.193039089441, "max": 0.502629697323, "dmean2": 0.0320433415473, "median": 0.179137736559, "dvar": 0.000715847942047}, "spectral_entropy": {"dvar2": 0.138831883669, "var": 0.684922516346, "min": 4.24491596222, "dmean": 0.203503087163, "mean": 7.01009941101, "max": 9.80787086487, "dmean2": 0.284157961607, "median": 7.14742326736, "dvar": 0.0718203485012}, "pitch_salience": {"dvar2": 0.0113451005891, "var": 0.01597696729, "min": 0.0659592673182, "dmean": 0.0611644722521, "mean": 0.514498531818, "max": 0.937469780445, "dmean2": 0.0967842340469, "median": 0.514716029167, "dvar": 0.00454689096659}, "erbbands_spread": {"dvar2": 312.260162354, "var": 700.476074219, "min": 0.945356786251, "dmean": 8.55583000183, "mean": 38.1459503174, "max": 190.885574341, "dmean2": 12.5938177109, "median": 31.571264267, "dvar": 155.479095459}, "dynamic_complexity": 5.23048734665, "spectral_contrast_valleys": {"dvar2": [0.27238625288, 0.223294243217, 0.233231544495, 0.290549665689, 0.328276306391, 0.309690922499], "var": [3.05819129944, 1.98954796791, 2.21206974983, 2.40154075623, 2.61825013161, 2.7710878849], "min": [-26.8287525177, -27.5403900146, -27.2230205536, -27.3250331879, -27.1482563019, -27.24725914], "dmean": [0.33522850275, 0.321801036596, 0.317548215389, 0.315758645535, 0.28603798151, 0.30672070384], "mean": [-7.22645568848, -7.24265575409, -8.29573249817, -8.77426719666, -8.65881824493, -10.851934433], "max": [-4.81617927551, -4.63727283478, -4.4470334053, -5.91865158081, -5.7017364502, -7.22206449509], "dmean2": [0.543382585049, 0.51394200325, 0.498661696911, 0.483543664217, 0.411965191364, 0.381137013435], "median": [-6.50325775146, -6.90164089203, -7.97449827194, -8.4110212326, -8.26686573029, -10.5732450485], "dvar": [0.123678527772, 0.108134530485, 0.118024639785, 0.147494852543, 0.169425427914, 0.184217855334]}, "hfc": {"dvar2": 338.247375488, "var": 606.576721191, "min": 1.22927654939e-16, "dmean": 5.95352602005, "mean": 18.9583568573, "max": 235.258102417, "dmean2": 8.53975486755, "median": 10.8590450287, "dvar": 164.61907959}, "spectral_kurtosis": {"dvar2": 48.237903595, "var": 135.90222168, "min": -1.21130514145, "dmean": 2.61244130135, "mean": 8.97583770752, "max": 106.569458008, "dmean2": 4.12688922882, "median": 5.41868305206, "dvar": 21.1804714203}, "mfcc": {"mean": [-708.306640625, 140.640838623, 30.0409736633, 27.9446220398, 9.34772777557, 3.11701440811, -1.11509430408, -2.06034016609, -0.505223870277, -0.817334532738, 1.39991796017, -2.42680239677, -0.331834703684], "cov": [[16544.5917969, -1040.96435547, -590.60748291, 69.7988815308, 244.985626221, 437.857025146, 229.729141235, 282.647247314, 428.12210083, 263.415710449, 102.048698425, 71.0689849854, 266.012420654], [-1040.96435547, 1865.85754395, 48.0048065186, 156.731567383, 29.7889652252, -27.4716396332, 23.3382759094, -17.3932266235, -50.0524215698, -68.0449752808, 12.553563118, 4.0970697403, 6.46797037125], [-590.60748291, 48.0048065186, 833.995910645, 137.06854248, 100.30657196, 78.5463790894, 34.6149520874, 27.7296295166, -30.0622463226, -51.6710739136, -2.77482533455, 4.91386365891, 19.4245033264], [69.7988815308, 156.731567383, 137.06854248, 521.208496094, 112.324996948, 119.852363586, 42.317615509, 44.7894935608, 82.2525863647, 26.6956062317, -27.9802570343, 58.6088981628, 9.05845451355], [244.985626221, 29.7889652252, 100.30657196, 112.324996948, 369.343048096, 92.4431610107, 34.1125183105, -8.90155315399, 69.8325271606, 55.081993103, -37.8864593506, -5.92639970779, 49.3216094971], [437.857025146, -27.4716396332, 78.5463790894, 119.852363586, 92.4431610107, 242.863830566, 106.673042297, 75.2070465088, 58.5990562439, 29.1204109192, 36.9195251465, 40.3600158691, 20.7442359924], [229.729141235, 23.3382759094, 34.6149520874, 42.317615509, 34.1125183105, 106.673042297, 201.275497437, 102.752799988, 44.9725799561, 17.7693634033, 37.405418396, 33.2338142395, 8.13459014893], [282.647247314, -17.3932266235, 27.7296295166, 44.7894935608, -8.90155315399, 75.2070465088, 102.752799988, 176.912780762, 54.6870613098, 15.3329210281, 46.2551879883, 33.9057388306, 12.2361106873], [428.12210083, -50.0524215698, -30.0622463226, 82.2525863647, 69.8325271606, 58.5990562439, 44.9725799561, 54.6870613098, 159.848861694, 64.8460006714, -0.448382109404, 18.6152362823, 29.7838535309], [263.415710449, -68.0449752808, -51.6710739136, 26.6956062317, 55.081993103, 29.1204109192, 17.7693634033, 15.3329210281, 64.8460006714, 146.152297974, 33.2040023804, 12.126534462, -5.85533666611], [102.048698425, 12.553563118, -2.77482533455, -27.9802570343, -37.8864593506, 36.9195251465, 37.405418396, 46.2551879883, -0.448382109404, 33.2040023804, 150.856048584, 38.9559326172, -17.9777030945], [71.0689849854, 4.0970697403, 4.91386365891, 58.6088981628, -5.92639970779, 40.3600158691, 33.2338142395, 33.9057388306, 18.6152362823, 12.126534462, 38.9559326172, 107.140151978, 18.0971488953], [266.012420654, 6.46797037125, 19.4245033264, 9.05845451355, 49.3216094971, 20.7442359924, 8.13459014893, 12.2361106873, 29.7838535309, -5.85533666611, -17.9777030945, 18.0971488953, 110.115142822]], "icov": [[7.34645873308e-05, 3.47673449141e-05, 5.92226351728e-05, 8.15423902623e-07, -5.53351901544e-06, -9.90995104075e-05, 4.57658143205e-06, -4.32607375842e-05, -8.69332870934e-05, -3.23551430483e-05, -4.32946690125e-05, 5.74602854613e-05, -0.000159131523105], [3.47673449141e-05, 0.000602715183049, 6.26380497124e-05, -0.00028387576458, -0.000104605504021, 0.000196270106244, -0.000215286432649, 9.14737029234e-05, 0.000158252281835, 0.000286399881588, -0.000296895363135, 0.000144768957398, -0.000191309751244], [5.92226351728e-05, 6.26380497124e-05, 0.00144298491068, -0.000370165187633, -0.000412523950217, -0.000302745524095, -2.62100820692e-05, -0.000270582968369, 0.000517295382451, 0.000540624605492, -0.000249186996371, 0.000268649746431, -0.000293035904178], [8.15423902623e-07, -0.00028387576458, -0.000370165187633, 0.00279413932003, -0.000331838178681, -0.00102747394703, 0.000504106632434, -0.000289211922791, -0.00105755170807, -0.000112200061267, 0.00121104496066, -0.00159791274928, 0.000927651068196], [-5.53351901544e-06, -0.000104605504021, -0.000412523950217, -0.000331838178681, 0.00394220370799, -0.00118027173448, -0.000427711027442, 0.00114551919978, -0.000734404486138, -0.00144909194205, 0.00091308762785, 0.0008346819086, -0.00138603581581], [-9.90995104075e-05, 0.000196270106244, -0.000302745524095, -0.00102747394703, -0.00118027173448, 0.00699496082962, -0.00245415396057, -0.000564109999686, -0.000374868744984, 0.000262710498646, -0.00130089605227, -0.000587594462559, -0.00017977519019], [4.57658143205e-06, -0.000215286432649, -2.62100820692e-05, 0.000504106632434, -0.000427711027442, -0.00245415396057, 0.00837485957891, -0.00375460251234, -0.000397089665057, 9.92546629277e-05, -6.07487527304e-05, -0.000808569369838, 0.00065283535514], [-4.32607375842e-05, 9.14737029234e-05, -0.000270582968369, -0.000289211922791, 0.00114551919978, -0.000564109999686, -0.00375460251234, 0.00956888590008, -0.00240711611696, 0.000681727484334, -0.0017579406267, -0.000315339770168, -0.000569954863749], [-8.69332870934e-05, 0.000158252281835, 0.000517295382451, -0.00105755170807, -0.000734404486138, -0.000374868744984, -0.000397089665057, -0.00240711611696, 0.0104435617104, -0.00373326707631, 0.0011990921339, 9.33278934099e-05, -0.00195000867825], [-3.23551430483e-05, 0.000286399881588, 0.000540624605492, -0.000112200061267, -0.00144909194205, 0.000262710498646, 9.92546629277e-05, 0.000681727484334, -0.00373326707631, 0.00999295990914, -0.00264613563195, -0.00017405305698, 0.00162942009047], [-4.32946690125e-05, -0.000296895363135, -0.000249186996371, 0.00121104496066, 0.00091308762785, -0.00130089605227, -6.07487527304e-05, -0.0017579406267, 0.0011990921339, -0.00264613563195, 0.0096223950386, -0.00319556775503, 0.0017334097065], [5.74602854613e-05, 0.000144768957398, 0.000268649746431, -0.00159791274928, 0.0008346819086, -0.000587594462559, -0.000808569369838, -0.000315339770168, 9.33278934099e-05, -0.00017405305698, -0.00319556775503, 0.0124128721654, -0.00282788905315], [-0.000159131523105, -0.000191309751244, -0.000293035904178, 0.000927651068196, -0.00138603581581, -0.00017977519019, 0.00065283535514, -0.000569954863749, -0.00195000867825, 0.00162942009047, 0.0017334097065, -0.00282788905315, 0.011484076269]]}, "silence_rate_20dB": {"dvar2": 0, "var": 0, "min": 1, "dmean": 0, "mean": 1, "max": 1, "dmean2": 0, "median": 1, "dvar": 0}, "melbands_kurtosis": {"dvar2": 1285.78137207, "var": 1489.4708252, "min": -1.59385824203, "dmean": 11.3446960449, "mean": 28.2019557953, "max": 474.237182617, "dmean2": 17.610458374, "median": 16.1273574829, "dvar": 537.798706055}, "barkbands_spread": {"dvar2": 155.466644287, "var": 348.724395752, "min": 0.213452145457, "dmean": 4.60027360916, "mean": 15.3251876831, "max": 140.088867188, "dmean2": 6.8913807869, "median": 9.77520465851, "dvar": 74.0663375854}, "erbbands_skewness": {"dvar2": 0.418852835894, "var": 1.17447960377, "min": -5.18600130081, "dmean": 0.380898565054, "mean": 1.04158806801, "max": 8.06242275238, "dmean2": 0.569831967354, "median": 0.988124191761, "dvar": 0.188018605113}, "average_loudness": 0.79069519043, "spectral_centroid": {"dvar2": 140361.515625, "var": 320604, "min": 141.303817749, "dmean": 153.757125854, "mean": 784.246582031, "max": 10525.9707031, "dmean2": 231.902572632, "median": 638.252807617, "dvar": 68404.3515625}, "dissonance": {"dvar2": 0.00146533374209, "var": 0.00259201810695, "min": 0.188754335046, "dmean": 0.0229805763811, "mean": 0.433935075998, "max": 0.500000119209, "dmean2": 0.0380206815898, "median": 0.44812270999, "dvar": 0.000566616654396}, "erbbands_flatness_db": {"dvar2": 0.000704654376023, "var": 0.00410761125386, "min": 0.0264835674316, "dmean": 0.0170211158693, "mean": 0.163394063711, "max": 0.425320267677, "dmean2": 0.0235146731138, "median": 0.155508935452, "dvar": 0.000391440844396}, "spectral_strongpeak": {"dvar2": 2.34011912346, "var": 1.60099506378, "min": 0, "dmean": 0.443176269531, "mean": 0.839611530304, "max": 13.9770507812, "dmean2": 0.766770899296, "median": 0.393473953009, "dvar": 0.947164654732}, "spectral_rms": {"dvar2": 3.17579292641e-06, "var": 8.36715662444e-06, "min": 3.26768798652e-12, "dmean": 0.000741555180866, "mean": 0.00535093201324, "max": 0.0161344911903, "dmean2": 0.00108813494444, "median": 0.00555937597528, "dvar": 1.46145885083e-06}, "silence_rate_60dB": {"dvar2": 0.0267782080919, "var": 0.128067716956, "min": 0, "dmean": 0.012206398882, "mean": 0.150809064507, "max": 1, "dmean2": 0.0244150552899, "median": 0, "dvar": 0.0120584256947}, "melbands": {"dvar2": [8.69945943123e-05, 5.85882735322e-05, 4.35664287579e-06, 4.32812203144e-06, 8.5413415718e-07, 3.14141345825e-07, 2.44698554752e-07, 2.10647044696e-07, 2.26895210176e-07, 7.09892788109e-07, 1.61873892068e-08, 1.04243929044e-08, 1.78559673714e-08, 1.56575179489e-08, 3.72414277194e-08, 2.05816750309e-08, 1.70546137213e-08, 1.17298384339e-08, 4.53423742997e-09, 8.04233035723e-09, 1.43498224414e-09, 5.78538328355e-10, 5.67207225632e-10, 2.85933055011e-10, 4.23250379189e-10, 4.71153893677e-10, 3.3189145876e-10, 9.92708554248e-11, 9.54619716609e-11, 5.25369400761e-11, 5.62435098495e-11, 1.99404270873e-10, 9.42738942467e-11, 5.53050071017e-11, 5.35101789267e-11, 2.76759917067e-11, 1.80855417448e-11, 1.91052260817e-11, 3.94514039492e-11, 2.71465835922e-11], "var": [3.44823492924e-05, 3.14550925395e-05, 3.67519101019e-06, 2.81148277281e-06, 9.90242824628e-07, 3.36921715416e-07, 6.72384999234e-07, 3.80387660925e-07, 5.43321050372e-07, 9.27833298192e-07, 2.08438262206e-08, 1.29579431629e-08, 1.51598325004e-08, 2.10101998022e-08, 3.98824262504e-08, 1.51713361873e-08, 1.25129959727e-08, 1.68178555526e-08, 1.60457211962e-08, 2.51791210104e-08, 2.29991270473e-09, 4.60285753956e-10, 2.73825823127e-10, 1.55693152815e-10, 3.2581945475e-10, 3.05039798976e-10, 1.79757250751e-10, 7.65333282859e-11, 5.43947109577e-11, 3.44869306723e-11, 4.70116723328e-11, 9.30066995641e-11, 6.85653131494e-11, 5.30425148249e-11, 5.62191855569e-11, 3.05070066431e-11, 1.82532617493e-11, 2.12184072396e-11, 5.2771675918e-11, 3.61011082139e-11], "min": [3.70227821385e-23, 7.17321002993e-24, 7.32740788221e-24, 5.62336183071e-24, 1.27396200476e-23, 8.7154417771e-24, 5.19146009067e-24, 5.82600481447e-24, 6.23092238396e-24, 1.32867495168e-23, 3.0869677333e-24, 4.38595658693e-24, 9.6420938055e-24, 9.24732887587e-24, 1.87962518976e-23, 1.25312582167e-23, 9.06783383208e-24, 8.06769073289e-24, 6.41406630387e-24, 1.27244250088e-23, 1.20205299451e-23, 5.61644588715e-24, 7.84604842865e-24, 5.90190427761e-24, 1.15681923689e-23, 7.74520676142e-24, 5.95395253127e-24, 8.98091161551e-24, 1.17340558963e-23, 1.21043298502e-23, 1.02406372842e-23, 1.16245438588e-23, 8.6614592365e-24, 9.2773150566e-24, 1.06485817129e-23, 9.04822669428e-24, 1.05858759485e-23, 1.24302974315e-23, 1.01609599662e-23, 1.18852497662e-23], "dmean": [0.00180102617014, 0.00208276952617, 0.000694187590852, 0.000538236286957, 0.000319120299537, 0.00016548599524, 0.000135956841405, 0.000103119891719, 0.000124815080198, 0.000156345471623, 2.66531205853e-05, 2.48673732131e-05, 2.82167966361e-05, 1.88031572179e-05, 3.461768938e-05, 2.32020229305e-05, 1.70220391738e-05, 1.6666668671e-05, 1.26621580421e-05, 1.4683120753e-05, 8.22680613055e-06, 4.93404559165e-06, 4.25714506491e-06, 2.95226732305e-06, 3.22063374369e-06, 3.17668332173e-06, 2.54348560702e-06, 2.03957029044e-06, 1.86580359696e-06, 1.5970425693e-06, 1.4936132402e-06, 1.7942542172e-06, 1.57748524998e-06, 1.33479750275e-06, 1.23118741158e-06, 9.94873630589e-07, 8.13563985957e-07, 8.67109179126e-07, 1.12432576316e-06, 1.09603934106e-06], "mean": [0.00281577766873, 0.00423532398418, 0.00164016045164, 0.00111759989522, 0.000746878562495, 0.000413552421378, 0.000382520258427, 0.000230430072406, 0.000302565225866, 0.000351077847881, 5.21432666574e-05, 4.81061615574e-05, 4.7242774599e-05, 3.10296200041e-05, 5.80370360694e-05, 3.72070353478e-05, 2.63494548562e-05, 2.91062096949e-05, 2.57682204392e-05, 3.58498400601e-05, 1.59286355483e-05, 8.34035927255e-06, 6.56923657516e-06, 4.67198606202e-06, 5.38276663065e-06, 5.40014161743e-06, 4.25796133641e-06, 3.4520612644e-06, 3.09591632686e-06, 2.48102082878e-06, 2.32615980167e-06, 2.72138800028e-06, 2.50519474321e-06, 2.15052659769e-06, 1.98812267627e-06, 1.56816736308e-06, 1.26390716559e-06, 1.36882090374e-06, 1.77113975042e-06, 1.72424586253e-06], "max": [0.0678144097328, 0.0529252551496, 0.0180484429002, 0.0240824799985, 0.0144225191325, 0.00905813649297, 0.0135953305289, 0.0137037886307, 0.0123472418636, 0.0194759052247, 0.00318053876981, 0.00247698905878, 0.00274878274649, 0.00335595966317, 0.00453796796501, 0.00413641287014, 0.00472914613783, 0.00293556088582, 0.00311907287687, 0.00249232794158, 0.00105217762757, 0.000563425652217, 0.00090221024584, 0.000553907244466, 0.000947059539612, 0.000604062806815, 0.000545357353985, 0.000330398936057, 0.00016500527272, 0.000161747258971, 0.000228073142353, 0.000279051542748, 0.000306234607706, 0.000208517289138, 0.000244207825745, 0.000105787446955, 0.000148239691043, 0.000111890396511, 0.000228016782785, 9.56357544055e-05], "dmean2": [0.00285546854138, 0.00316741014831, 0.00111201091204, 0.000879766710568, 0.00049354910152, 0.000267190305749, 0.000209287041798, 0.000153528046212, 0.000183292635484, 0.000239277200308, 3.90590757888e-05, 3.71705500584e-05, 4.38949973613e-05, 2.80064487015e-05, 5.12054539286e-05, 3.