{"tonal": {"thpcp": [1, 0.769494473934, 0.495657473803, 0.563502371311, 0.439217299223, 0.449423313141, 0.64804404974, 0.492624551058, 0.414801597595, 0.55965256691, 0.416875660419, 0.337009102106, 0.387692689896, 0.327383339405, 0.435078918934, 0.627030968666, 0.542608439922, 0.459968358278, 0.532074511051, 0.480003267527, 0.42281255126, 0.404704719782, 0.299462646246, 0.410062432289, 0.609734714031, 0.453959971666, 0.444411307573, 0.653205692768, 0.488910347223, 0.504231572151, 0.769706249237, 0.583415389061, 0.420968145132, 0.463419854641, 0.373781919479, 0.602748930454], "hpcp": {"dmean2": [0.140108659863, 0.12989705801, 0.115468025208, 0.120347708464, 0.124597683549, 0.150655329227, 0.164064586163, 0.171695977449, 0.169731423259, 0.161850705743, 0.147262454033, 0.144704550505, 0.115034744143, 0.104251258075, 0.119904398918, 0.145951911807, 0.143199697137, 0.140343740582, 0.135106429458, 0.144470050931, 0.145180881023, 0.152925267816, 0.174179121852, 0.145461037755, 0.135218635201, 0.150926321745, 0.190668046474, 0.211170256138, 0.216049060225, 0.160130277276, 0.138549610972, 0.140893012285, 0.143298774958, 0.141500398517, 0.147660046816, 0.134819164872], "median": [0.023967012763, 0.0220536123961, 0.0202840883285, 0.0223006997257, 0.0228140410036, 0.0377281270921, 0.0529137551785, 0.0441469028592, 0.0339641086757, 0.0263175964355, 0.0273197311908, 0.0285448469222, 0.0217022448778, 0.0187935493886, 0.0224194042385, 0.0191268473864, 0.0189871136099, 0.0290195774287, 0.0224490370601, 0.026824882254, 0.0277622696012, 0.0257052406669, 0.027250463143, 0.0277149267495, 0.019387209788, 0.0210498571396, 0.0501715615392, 0.065742701292, 0.060508299619, 0.0384894423187, 0.0254444517195, 0.0233248211443, 0.0314347557724, 0.0249565262347, 0.0202873572707, 0.0278039202094], "min": [0, 0, 0, 0, 0, 0, 0, 0, 0, 0, 0, 0, 0, 0, 0, 0, 0, 0, 0, 0, 0, 0, 0, 0, 0, 0, 0, 0, 0, 0, 0, 0, 0, 0, 0, 0], "dvar2": [0.0671083256602, 0.0602918043733, 0.0508623383939, 0.0563180372119, 0.0557779185474, 0.0662283748388, 0.0680790245533, 0.0766422748566, 0.0834285020828, 0.0816392600536, 0.0692649707198, 0.0727804303169, 0.0521383024752, 0.0438430681825, 0.0500308573246, 0.0693590566516, 0.0647218748927, 0.0571801699698, 0.0597798153758, 0.0569613017142, 0.0592499487102, 0.0693157836795, 0.0865495577455, 0.0635933354497, 0.0604437999427, 0.0741342306137, 0.0808493569493, 0.100580245256, 0.0965598523617, 0.065418407321, 0.0629188790917, 0.0641457140446, 0.0618498884141, 0.0708721131086, 0.0722617059946, 0.05802686885], "dvar": [0.0276300404221, 0.0236429162323, 0.0199585538357, 0.0222742110491, 0.021366564557, 0.0257135853171, 0.0279591865838, 0.0303395148367, 0.0316763594747, 0.0314465723932, 0.0272026527673, 0.0271469801664, 0.0209385436028, 0.0171867702156, 0.0201601460576, 0.0292082875967, 0.0253198556602, 0.0223774388433, 0.0248632691801, 0.0218662805855, 0.0233545769006, 0.0301441252232, 0.0340388342738, 0.0248773433268, 0.0253683179617, 0.027847379446, 0.0310648567975, 0.0414823740721, 0.0375034175813, 0.0249929204583, 0.0254066586494, 0.0252090021968, 0.024245986715, 0.0294926185161, 0.0287111289799, 0.0225576441735], "dmean": [0.0831393301487, 0.0767640918493, 0.0676203891635, 0.0704767554998, 0.0724804401398, 0.088556393981, 0.0983116552234, 0.101140886545, 0.0974418371916, 0.0937667414546, 0.0861919671297, 0.0845675468445, 0.0682538896799, 0.0620033703744, 0.0721332505345, 0.0878149494529, 0.084978543222, 0.0824937745929, 0.0799130052328, 0.0845316573977, 0.0870321542025, 0.0902923718095, 0.102962531149, 0.0848392546177, 0.0788443684578, 0.0868976935744, 0.111934885383, 0.124661184847, 0.12641236186, 0.0934243053198, 0.0805767178535, 0.0823857486248, 0.0853617042303, 0.0831355452538, 0.0866624191403, 0.079546444118], "max": [1, 1, 1, 1, 1, 1, 1, 1, 1, 1, 1, 1, 1, 1, 1, 1, 1, 1, 1, 1, 1, 1, 1, 1, 1, 1, 1, 1, 1, 1, 1, 1, 1, 1, 1, 1], "var": [0.0694247484207, 0.0408109240234, 0.0302508492023, 0.0398018844426, 0.0265601947904, 0.0356874540448, 0.060236658901, 0.0492951460183, 0.0429257117212, 0.0597573667765, 0.0520009808242, 0.0389718152583, 0.0444181673229, 0.0245403777808, 0.0355677641928, 0.0764559656382, 0.0433470904827, 0.036132350564, 0.0880128145218, 0.0457287579775, 0.0467896275222, 0.104468464851, 0.062545761466, 0.0375968851149, 0.0557367093861, 0.0357966385782, 0.0498158670962, 0.12141110003, 0.0739158317447, 0.0428516417742, 0.071568608284, 0.0462781079113, 0.0363976806402, 0.0881454274058, 0.05423187837, 0.0343547314405], "mean": [0.144242972136, 0.107444137335, 0.0868595987558, 0.09992261976, 0.0843786895275, 0.112135782838, 0.161608859897, 0.139850080013, 0.118550702929, 0.137135103345, 0.12371443212, 0.108974292874, 0.104307241738, 0.0771825015545, 0.105688117445, 0.15715098381, 0.117002122104, 0.114541083574, 0.168355047703, 0.126010119915, 0.129958957434, 0.198381513357, 0.1503675282, 0.108498923481, 0.119440279901, 0.0963373035192, 0.155350491405, 0.25773665309, 0.198326930404, 0.127749100327, 0.145235210657, 0.113202393055, 0.115832857788, 0.167024701834, 0.126967400312, 0.106909573078]}, "tuning_equal_tempered_deviation": 0.00888885650784, "chords_changes_rate": 0.0784837827086, "key_key": "E", "tuning_diatonic_strength": 0.248280897737, "key_scale": "minor", "chords_number_rate": 0.00242983852513, "tuning_frequency": 452.108886719, "tuning_nontempered_energy_ratio": 0.717423379421, "chords_histogram": [3.48681807518, 4.72603559494, 4.37370920181, 4.17932224274, 4.98116874695, 4.96901941299, 2.77001571655, 4.17932224274, 2.87935853004, 16.8873767853, 3.65690684319, 4.83537864685, 0.0971935391426, 0.558862864971, 7.44745492935, 2.75786662102, 2.19900369644, 2.17470526695, 5.02976560593, 0.753249883652, 5.80731391907, 3.34102773666, 6.96148729324, 0.947636961937], "key_strength": 0.463680744171, "chords_key": "B", "chords_strength": {"dmean2": 0.00993014965206, "median": 0.469108730555, "min": -1, "dvar2": 0.00103179051075, "dvar": 0.000562179659028, "dmean": 0.0112171368673, "max": 0.786194741726, "var": 0.025749437511, "mean": 0.4672922194}, "chords_scale": "major", "hpcp_entropy": {"dmean2": 0.960295796394, "median": 1.65848922729, "min": 0, "dvar2": 0.684403717518, "dvar": 0.264969170094, "dmean": 0.572154462337, "max": 4.22564268112, "var": 0.62222892046, "mean": 1.61159551144}}, "metadata": {"audio_properties": {"equal_loudness": 0, "codec": "mp3", "downmix": "mix", "sample_rate": 44100, "analysis_sample_rate": 44100, "bit_rate": 320022, "md5_encoded": "33f22d703b8331749b96d47e21ad6fc2", "length": 382.171417236, "replay_gain": -9.8215007782, "lossless": false}, "version": {"essentia_build_sha": "2d9f1f26377add8aeb1075a9c2973f962c4f09fd", "essentia": "2.1-beta2", "extractor": "music 1.0", "essentia_git_sha": "v2.1_beta2-1-ge3940c0"}, "tags": {"title": ["Coming on the Hudson"], "language": ["eng"], "media": ["Vinyl"], "albumartist": ["Arthur Blythe"], "musicbrainz_recordingid": ["1978b23d-e241-4a2f-b996-f766d6c1abb6"], "musicbrainz_albumartistid": ["91652f18-ce2d-40e1-b6ab-07179a82fb12"], "discnumber": ["01/01"], "album": ["Light Blue - Arthur Blythe Plays Thelonious Monk"], "catalognumber": ["25397"], "musicbrainz album release country": ["NL"], "musicbrainz album type": ["Album"], "musicbrainz album status": ["Official"], "file_name": "05. Coming On The Hudson_6-22.mp3", "date": ["1983"], "genre": ["Jazz"], "musicbrainz_releasegroupid": ["36e058a3-f6a8-4a37-aacc-58d1d9f6914b"], "script": ["Latin"], "musicbrainz_albumid": ["20b01234-2fd3-4150-8f9b-3aa20b29d291"], "artist": ["Arthur Blythe"], "artistsort": ["Blythe, Arthur"], "tracknumber": ["05/06"], "label": ["CBS"], "albumartistsort": ["Blythe, Arthur"], "musicbrainz_artistid": ["91652f18-ce2d-40e1-b6ab-07179a82fb12"]}}, "rhythm": {"bpm_histogram_first_peak_bpm": {"dmean2": 0, "median": 99, "min": 99, "dvar2": 0, "dvar": 0, "dmean": 0, "max": 99, "var": 0, "mean": 99}, "bpm": 99.4565887451, "bpm_histogram_second_peak_spread": {"dmean2": 0, "median": 0.56179779768, "min": 0.56179779768, "dvar2": 0, "dvar": 0, "dmean": 0, "max": 0.56179779768, "var": 0, "mean": 0.56179779768}, "bpm_histogram_first_peak_weight": {"dmean2": 0, "median": 0.290476202965, "min": 0.290476202965, "dvar2": 0, "dvar": 0, "dmean": 0, "max": 0.290476202965, "var": 0, "mean": 0.290476202965}, "onset_rate": 3.09532833099, "beats_position": [0.708208620548, 1.42802715302, 2.14784574509, 2.87927436829, 3.62231278419, 4.3653512001, 5.11999988556, 5.86303853989, 6.6176867485, 7.36072540283, 8.11537361145, 8.87002277374, 9.58984088898, 10.2980499268, 10.9714279175, 11.6448068619, 12.3181858063, 12.9915647507, 13.7462129593, 14.512471199, 15.2671203613, 16.0217685699, 16.7531967163, 17.4846248627, 18.2044448853, 18.9358730316, 19.6440811157, 20.363899231, 21.0488891602, 21.733877182, 22.430475235, 23.1270751953, 23.8236732483, 24.5202713013, 25.2168693542, 25.9134693146, 26.5984573364, 27.2834453583, 27.9684352875, 28.6534233093, 29.3268013, 30.0001811981, 30.6735591888, 31.3353290558, 31.9970970154, 32.6588668823, 33.3206329346, 33.9824028015, 34.6441726685, 35.3059387207, 35.9561004639, 36.5946464539, 37.2796363831, 37.9646263123, 38.638004303, 39.2997741699, 39.9615402222, 40.6349182129, 41.3083000183, 41.981678009, 42.6550559998, 43.3284339905, 44.0018119812, 44.6635818481, 45.3369598389, 46.0103378296, 46.6721076965, 47.3454856873, 48.0072555542, 48.6690254211, 49.3191833496, 49.9809532166, 50.6427192688, 51.2928771973, 51.9430389404, 52.6048049927, 53.2665748596, 53.9399528503, 54.6133308411, 55.2634925842, 55.9020385742, 56.5522003174, 57.2139663696, 57.8757362366, 58.5375061035, 59.2108840942, 59.8610420227, 60.5111999512, 61.1613578796, 61.8115196228, 62.473285675, 63.1234474182, 63.7619934082, 64.4121551514, 65.0623092651, 65.7240829468, 66.3974609375, 67.0592269897, 67.7093887329, 68.3479385376, 68.9864807129, 69.6250305176, 70.2868041992, 70.9485702515, 71.5987319946, 72.2488861084, 72.8874359131, 73.5375976563, 74.1761474609, 74.8263015747, 75.4648513794, 76.0917892456, 76.7303390503, 77.368888855, 78.0074386597, 78.6575927734, 79.2961425781, 79.9230804443, 80.5384140015, 81.1537399292, 81.7806777954, 82.4076156616, 83.0345535278, 83.6731033325, 84.2884368896, 84.8921508789, 85.4958724976, 86.0995864868, 86.7381362915, 87.3766860962, 88.0384597778, 88.7002258301, 89.3503875732, 90.000541687, 90.6390914917, 91.2776412964, 91.9161911011, 92.5315170288, 93.1468429565, 93.7853927612, 94.4123306274, 95.039276123, 95.6662139893, 96.3047637939, 96.9433059692, 97.5818557739, 98.2087936401, 98.8357315063, 99.4510650635, 100.066390991, 100.681724548, 101.297050476, 101.912376404, 102.527709961, 103.143035889, 103.769973755, 104.396911621, 105.023849487, 105.650794983, 106.277732849, 106.904670715, 107.54322052, 108.170158386, 108.785484314, 109.41242218, 110.039360046, 110.654693604, 111.270019531, 111.896957397, 112.535507202, 113.174057007, 113.800994873, 114.451156616, 115.089706421, 115.728248596, 116.355194092, 116.982131958, 117.597457886, 118.201179504, 118.816505432, 119.420227051, 120.02394104, 120.639274597, 121.254600525, 121.881538391, 122.508476257, 123.135414124, 123.762359619, 124.389297485, 125.016235352, 125.654785156, 126.281723022, 126.920272827, 127.558815002, 128.185760498, 128.824310303, 129.451248169, 130.078186035, 130.705123901, 131.332061768, 131.947387695, 132.574325562, 133.201263428, 133.839813232, 134.489974976, 135.12852478, 135.767074585, 136.394012451, 136.986114502, 137.58984375, 138.205169678, 138.820495605, 139.424209595, 140.039550781, 140.654876709, 141.270202637, 141.873916626, 142.477645874, 143.069747925, 143.661849976, 144.242355347, 144.822860718, 145.40335083, 145.983856201, 146.564346313, 147.168075562, 147.783401489, 148.398727417, 149.014053345, 149.629379272, 150.233108521, 150.848434448, 151.452148438, 152.067474365, 152.694412231, 153.309753418, 153.913467407, 154.505569458, 155.109298706, 155.713012695, 156.316726685, 156.908843994, 157.512557983, 158.127883911, 158.743209839, 159.358551025, 159.985488892, 160.612426758, 161.239364624, 161.86630249, 162.493240356, 163.120178223, 163.747116089, 164.362442017, 164.966171265, 165.569885254, 166.161987305, 166.754104614, 167.346206665, 167.926712036, 168.507202148, 169.08770752, 169.691421509, 170.295150757, 170.887252808, 171.479354858, 172.083084106, 172.675186157, 173.267303467, 173.871017456, 174.474731445, 175.078460693, 175.670562744, 176.251068115, 176.819946289, 177.412063599, 178.004165649, 178.607894897, 179.211608887, 179.815322876, 180.430648804, 181.04598999, 181.661315918, 182.276641846, 182.891967773, 183.495681763, 184.087799072, 184.691513062, 185.29524231, 185.922180176, 186.549118042, 187.187667847, 187.733337402, 188.278991699, 188.882720947, 189.486434937, 190.090148926, 190.670654297, 191.262756348, 191.889694214, 192.516647339, 193.143585205, 193.770523071, 194.397460938, 194.97795105, 195.558456421, 196.138946533, 196.731063843, 197.299957275, 197.868835449, 198.44934082, 199.041442871, 199.621948242, 200.214050293, 200.852600098, 201.479537964, 202.10647583, 202.721817017, 203.325531006, 203.929244995, 204.532974243, 205.148300171, 205.763626099, 206.378952026, 206.982666016, 207.598007202, 208.201721191, 208.805435181, 209.409164429, 210.001266479, 210.581771851, 211.18548584, 211.765975952, 212.358093262, 212.961807251, 213.553924561, 214.15763855, 214.772964478, 215.376678467, 215.968795776, 216.549285889, 217.12979126, 217.710296631, 218.302398682, 218.882904053, 219.463394165, 220.055511475, 220.636001587, 221.228118896, 221.820220947, 222.423934937, 223.016052246, 223.608154297, 224.211883545, 224.792373657, 225.372879028, 225.953369141, 226.533874512, 227.114364624, 227.694869995, 228.263763428, 228.832641602, 229.389923096, 229.958816528, 230.504486084, 231.05015564, 231.584213257, 232.141494751, 232.710388184, 233.279266357, 233.882995605, 234.486709595, 235.090423584, 235.682540894, 236.274642944, 236.866760254, 237.447250366, 238.039367676, 238.631469727, 239.235183716, 239.815689087, 240.407791138, 240.97668457, 241.557189941, 242.137680054, 242.706573486, 243.275466919, 243.855957031, 244.424850464, 244.993743896, 245.574234009, 246.15473938, 246.735229492, 247.327346802, 247.931060791, 248.523162842, 249.12689209, 249.718994141, 250.31111145, 250.914825439, 251.495330811, 252.075820923, 252.656326294, 253.225204468, 253.7940979, 254.362991333, 254.931884766, 255.500762939, 256.081268311, 256.650146484, 257.230651855, 257.799530029, 258.3800354, 258.948944092, 259.517822266, 260.098327637, 260.67880249, 261.247711182, 261.816589355, 262.385467529, 262.9659729, 263.558105469, 264.15020752, 264.765533447, 265.380859375, 265.984588623, 266.588287354, 267.180389404, 267.772521973, 268.376220703, 268.979949951, 269.583679199, 270.17578125, 270.767883301, 271.371612549, 271.95211792, 272.532592773, 273.101501465, 273.670379639, 274.239257813, 274.808166504, 275.423492432, 276.038818359, 276.642547607, 277.246246338, 277.861572266, 278.465301514, 279.080627441, 279.695953369, 280.311279297, 280.938232422, 281.576782227, 282.215332031, 282.842254639, 283.457580566, 284.049713135, 284.653411865, 285.268737793, 285.884063721, 286.487792969, 287.103118896, 287.730072021, 288.345397949, 288.972320557, 289.587646484, 290.214599609, 290.829925537, 291.456878662, 292.08380127, 292.710754395, 293.337677002, 293.964630127, 294.591552734, 295.218505859, 295.82220459, 296.425933838, 297.029663086, 297.633361816, 298.237091064, 298.829193115, 299.421295166, 300.001800537, 300.582305908, 301.162811279, 301.74331665, 302.323791504, 302.904296875, 303.496398926, 304.088531494, 304.669006348, 305.261138916, 305.853240967, 306.433746338, 307.014221191, 307.60635376, 308.21005249, 308.802185059, 309.417510986, 310.032836914, 310.648162842, 311.26348877, 311.867218018, 312.482543945, 313.097869873, 313.701568604, 314.305297852, 314.9090271, 315.51272583, 316.093231201, 316.673736572, 317.242614746, 317.823120117, 318.403625488, 318.995727539, 319.599456787, 320.203155518, 320.806884766, 321.410614014, 322.025939941, 322.641265869, 323.256591797, 323.871917725, 324.487243652, 325.114196777, 325.729522705, 326.344848633, 326.960174561, 327.575500488, 328.179229736, 328.771331787, 329.363433838, 329.967163086, 330.559265137, 331.162994385, 331.766693115, 332.358825684, 332.950927734, 333.554656982, 334.158355713, 334.785308838, 335.389007568, 335.992736816, 336.596466064, 337.200164795, 337.803894043, 338.419219971, 339.022949219, 339.638275146, 340.242004395, 340.845703125, 341.437805176, 342.029937744, 342.610412598, 343.190917969, 343.77142334, 344.351928711, 344.920806885, 345.489685059, 346.093414307, 346.673919678, 347.254425049, 347.834899902, 348.415405273, 348.995910645, 349.576416016, 350.156921387, 350.714202881, 351.271453857, 351.805511475, 352.409240723, 353.001342773, 353.605072021, 354.20880127, 354.824127197, 355.439453125, 356.054779053, 356.658508301, 357.262207031, 357.8543396, 358.44644165, 359.026947021, 359.607421875, 359.990570068, 360.385284424, 360.791656494, 361.186401367, 361.581115723, 361.975860596, 362.382202148, 362.788574219, 363.194915771, 363.601257324, 364.007598877, 364.39074707, 364.785491943, 365.168609619, 365.551727295, 365.923248291, 366.294769287, 366.666290283, 367.049438477, 367.432556152, 367.804077148, 368.187194824, 368.639984131, 369.092773438, 369.533966064, 369.986755371, 370.439544678, 370.892333984, 371.333496094, 371.774688721, 372.215881348, 372.657043457, 373.075012207, 373.492950439, 373.922546387, 374.363708496, 374.816497803, 375.25769043, 375.698852539, 376.1980896, 376.70892334, 377.21975708, 377.788665771, 378.357543945, 378.949645996, 379.541748047, 380.122253418, 380.702758789, 381.29486084], "beats_loudness": {"dmean2": 0.0262845400721, "median": 0.0248255543411, "min": 4.59081217485e-10, "dvar2": 0.0006636637263, "dvar": 0.000225874857279, "dmean": 0.0151873342693, "max": 0.139617234468, "var": 0.000279676431092, "mean": 0.0277803242207}, "danceability": 1.08187353611, "bpm_histogram_second_peak_weight": {"dmean2": 0, "median": 0.0619047619402, "min": 0.0619047619402, "dvar2": 0, "dvar": 0, "dmean": 0, "max": 0.0619047619402, "var": 0, "mean": 0.0619047619402}, "beats_count": 631, "bpm_histogram_second_peak_bpm": {"dmean2": 0, "median": 94, "min": 94, "dvar2": 0, "dvar": 0, "dmean": 0, "max": 94, "var": 0, "mean": 94}, "bpm_histogram_first_peak_spread": {"dmean2": 0, "median": 0.539042830467, "min": 0.539042830467, "dvar2": 0, "dvar": 0, "dmean": 0, "max": 0.539042830467, "var": 0, "mean": 0.539042830467}, "beats_loudness_band_ratio": {"dmean2": [0.389198184013, 0.286130189896, 0.195387929678, 0.167311385274, 0.189415737987, 0.0635368302464], "median": [0.263589113951, 0.228196978569, 0.151492014527, 0.0972591042519, 0.0960065945983, 0.0402356907725], "min": [0.00162100337911, 0.000742357748095, 0.00209884764627, 0.00127339246683, 0.000174628687091, 1.99293026526e-05], "dvar2": [0.10035033524, 0.0506973229349, 0.0325901247561, 0.0302752386779, 0.0413957498968, 0.00544356135651], "dvar": [0.0356234945357, 0.0175376515836, 0.0114542189986, 0.011119287461, 0.0145851923153, 0.0031845534686], "dmean": [0.22405064106, 0.16537347436, 0.114338390529, 0.0980952009559, 0.112016402185, 0.0382510721684], "max": [0.945493161678, 0.879400849342, 0.73957914114, 0.799947202206, 0.788282990456, 0.947788953781], "var": [0.0588376000524, 0.0274038761854, 0.0158777404577, 0.0143506778404, 0.0178151745349, 0.008490299806], "mean": [0.317289322615, 0.262676507235, 0.18113091588, 0.130692839622, 0.134166657925, 0.0592256113887]}}, "lowlevel": {"barkbands_spread": {"dmean2": 5.47520303726, "median": 17.0263557434, "min": 0.10977421701, "dvar2": 53.9082221985, "dvar": 23.2856521606, "dmean": 3.52337360382, "max": 148.489501953, "var": 97.9479751587, "mean": 17.8407402039}, "melbands_spread": {"dmean2": 8.3117609024, "median": 20.7891921997, "min": 0.0638696104288, "dvar2": 98.7981643677, "dvar": 45.1353149414, "dmean": 5.37544059753, "max": 167.945495605, "var": 378.277191162, "mean": 25.2939796448}, "hfc": {"dmean2": 5.78849458694, "median": 11.2356796265, "min": 1.18428943842e-16, "dvar2": 88.2652359009, "dvar": 45.7258071899, "dmean": 4.05776023865, "max": 156.389984131, "var": 327.293609619, "mean": 17.3316459656}, "barkbands_kurtosis": {"dmean2": 4.74973917007, "median": 1.13568115234, "min": -1.92342150211, "dvar2": 9025.29199219, "dvar": 3071.70532227, "dmean": 2.86240100861, "max": 5193.53466797, "var": 1703.23083496, "mean": 4.23793029785}, "gfcc": {"mean": [-55.5499916077, 120.195480347, -150.145492554, 35.5348205566, -63.1967201233, -6.88617610931, -36.3907737732, -7.99968671799, -22.450630188, -7.95432853699, -14.3087368011, -16.4777736664, -4.37101316452], "icov": [[0.000260825763689, -0.000564824149478, 0.0006138451281, -0.000476125773275, 0.000459412724013, -0.000535754079465, 0.000658481265418, -0.000454453576822, 0.00068695115624, -0.000801894871984, 0.000978058553301, -0.000601949985139, 0.000401840254199], [-0.000564824149478, 0.00239394861273, -0.00174420536496, 0.0010788878426, -0.00113772926852, 0.00177719281055, -0.00207686889917, 0.00196000025608, -0.00219367397949, 0.00269955280237, -0.00329273450188, 0.00298929051496, -0.00159629632253], [0.0006138451281, -0.00174420536496, 0.00288764247671, -0.000902031199075, 0.000804151408374, -0.00262339808978, 0.0025394090917, -0.00243221921846, 0.00133244681638, -0.00112153403461, 0.00239555817097, -0.00268682884052, 0.00284070055932], [-0.000476125773275, 0.0010788878426, -0.000902031199075, 0.00402645301074, -0.00189920852426, 0.000560014217626, -0.000755186658353, 0.000316921708873, -0.00156495533884, 0.00162603566423, -0.00261283526197, 0.00157867604867, -0.000311382929794], [0.000459412724013, -0.00113772926852, 0.000804151408374, -0.00189920852426, 0.0062754387036, -0.00186643202323, -0.00179095682688, 0.000499680172652, 0.000636067590676, -0.00314354733564, 0.00363150937483, -0.00217233295552, 0.000833791214973], [-0.000535754079465, 0.00177719281055, -0.00262339808978, 0.000560014217626, -0.00186643202323, 0.00896661821753, -0.00212172907777, -0.00180138717405, -0.000742861186154, 0.00149184803013, -0.00228583416902, 0.0026736066211, -0.00335323251784], [0.000658481265418, -0.00207686889917, 0.0025394090917, -0.000755186658353, -0.00179095682688, -0.00212172907777, 0.0102364132181, -0.00290011009201, -0.000700872682501, 2.08748406294e-05, 0.00113769667223, -0.00358895538375, 0.0021193001885], [-0.000454453576822, 0.00196000025608, -0.00243221921846, 0.000316921708873, 0.000499680172652, -0.00180138717405, -0.00290011009201, 0.0130274090916, -0.00197131792083, -0.00197694008239, -0.00109848356806, 0.00129547878169, -0.00205241702497], [0.00068695115624, -0.00219367397949, 0.00133244681638, -0.00156495533884, 0.000636067590676, -0.000742861186154, -0.000700872682501, -0.00197131792083, 0.0127386711538, -0.00524416659027, 0.00100010959432, -0.000321537489071, -0.000639138394035], [-0.000801894871984, 0.00269955280237, -0.00112153403461, 0.00162603566423, -0.00314354733564, 0.00149184803013, 2.08748406294e-05, -0.00197694008239, -0.00524416659027, 0.0147273140028, -0.00520120607689, 0.000246156560024, 0.000643665436655], [0.000978058553301, -0.00329273450188, 0.00239555817097, -0.00261283526197, 0.00363150937483, -0.00228583416902, 0.00113769667223, -0.00109848356806, 0.00100010959432, -0.00520120607689, 0.0158058535308, -0.00656566862017, 0.00346322753467], [-0.000601949985139, 0.00298929051496, -0.00268682884052, 0.00157867604867, -0.00217233295552, 0.0026736066211, -0.00358895538375, 0.00129547878169, -0.000321537489071, 0.000246156560024, -0.00656566862017, 0.0160421896726, -0.00580929033458], [0.000401840254199, -0.00159629632253, 0.00284070055932, -0.000311382929794, 0.000833791214973, -0.00335323251784, 0.0021193001885, -0.00205241702497, -0.000639138394035, 0.000643665436655, 0.00346322753467, -0.00580929033458, 0.0143619989976]], "cov": [[14104.4853516, 886.47265625, -1953.47961426, 456.418518066, -525.907409668, -194.083633423, -475.113647461, -152.741577148, -328.572174072, 83.263130188, -264.917755127, -225.25227356, 88.0880661011], [886.47265625, 1789.04956055, 59.3757095337, -21.7641048431, 23.069814682, -169.470550537, 142.752731323, -204.65977478, 124.963417053, -189.65184021, 116.739105225, -157.615386963, -7.23379898071], [-1953.47961426, 59.3757095337, 1316.51196289, 4.55723762512, 57.7134475708, 246.67755127, -40.6836395264, 175.502944946, 12.914648056, 6.99128723145, 15.7416534424, 50.670375824, -96.7525863647], [456.418518066, -21.7641048431, 4.55723762512, 359.854919434, 86.4992523193, 39.6439399719, 24.0225505829, 26.9981327057, 27.0057449341, 24.683801651, 20.4114246368, 0.288830846548, -8.45064067841], [-525.907409668, 23.069814682, 57.7134475708, 86.4992523193, 294.305480957, 56.9642829895, 113.760681152, 19.852388382, 52.0417022705, 38.9799919128, -1.00931894779, 32.8450698853, 4.10083246231], [-194.083633423, -169.470550537, 246.67755127, 39.6439399719, 56.9642829895, 227.268478394, 13.2982282639, 100.291763306, 3.22398757935, 34.5688209534, -8.71102714539, 26.863904953, 12.3490104675], [-475.113647461, 142.752731323, -40.6836395264, 24.0225505829, 113.760681152, 13.2982282639, 200.27645874, 7.40726518631, 62.839050293, -0.423477560282, 34.3399543762, 22.5039520264, 9.37072277069], [-152.741577148, -204.65977478, 175.502944946, 26.9981327057, 19.852388382, 100.291763306, 7.40726518631, 156.434555054, 12.1389493942, 56.8260154724, -4.10925149918, 33.0105476379, 3.26109170914], [-328.572174072, 124.963417053, 12.914648056, 27.0057449341, 52.0417022705, 3.22398757935, 62.839050293, 12.1389493942, 132.035720825, 28.0308189392, 33.7571983337, 2.73076081276, 8.89113330841], [83.263130188, -189.65184021, 6.99128723145, 24.683801651, 38.9799919128, 34.5688209534, -0.423477560282, 56.8260154724, 28.0308189392, 132.68421936, 15.9935312271, 35.4943466187, -4.4638428688], [-264.917755127, 116.739105225, 15.7416534424, 20.4114246368, -1.00931894779, -8.71102714539, 34.3399543762, -4.10925149918, 33.7571983337, 15.9935312271, 115.642852783, 23.2724056244, -7.6003446579], [-225.25227356, -157.615386963, 50.670375824, 0.288830846548, 32.8450698853, 26.863904953, 22.5039520264, 33.0105476379, 2.73076081276, 35.4943466187, 23.2724056244, 111.208930969, 22.4317741394], [88.0880661011, -7.23379898071, -96.7525863647, -8.45064067841, 4.10083246231, 12.3490104675, 9.37072277069, 3.26109170914, 8.89113330841, -4.4638428688, -7.6003446579, 22.4317741394, 98.5435943604]]}, "spectral_energyband_middle_low": {"dmean2": 0.0057129515335, "median": 0.00792085565627, "min": 3.62663793885e-22, "dvar2": 8.77031925484e-05, "dvar": 3.61270795111e-05, "dmean": 0.00364750740118, "max": 0.158949762583, "var": 8.61550724949e-05, "mean": 0.0102118486539}, "melbands_crest": {"dmean2": 4.40998411179, "median": 11.8625774384, "min": 1.6846653223, "dvar2": 16.1440086365, "dvar": 6.29394483566, "dmean": 2.70914530754, "max": 39.989818573, "var": 24.7689743042, "mean": 12.7288818359}, "spectral_kurtosis": {"dmean2": 4.39712572098, "median": 3.86864900589, "min": -1.20883309841, "dvar2": 33.2745780945, "dvar": 11.8367729187, "dmean": 2.52149748802, "max": 92.8357391357, "var": 34.3051528931, "mean": 5.31616687775}, "spectral_rms": {"dmean2": 0.0008673130651, "median": 0.00393939763308, "min": 3.27612394678e-12, "dvar2": 1.05762057956e-06, "dvar": 5.13861266427e-07, "dmean": 0.000585073314141, "max": 0.012729040347, "var": 2.75057027466e-06, "mean": 0.00396808376536}, "zerocrossingrate": {"dmean2": 0.00782353617251, "median": 0.04833984375, "min": 0, "dvar2": 7.93927974883e-05, "dvar": 5.99858794885e-05, "dmean": 0.00640992633998, "max": 0.60791015625, "var": 0.00358063308522, "mean": 0.0566761344671}, "silence_rate_60dB": {"dmean2": 0.0469072796404, "median": 0, "min": 0, "dvar2": 0.0504158996046, "dvar": 0.0229015182704, "dmean": 0.0234522148967, "max": 1, "var": 0.0714976638556, "mean": 0.0775212645531}, "erbbands_kurtosis": {"dmean2": 1.15635716915, "median": -0.212265074253, "min": -1.73870027065, "dvar2": 3.26580667496, "dvar": 1.47319841385, "dmean": 0.738710343838, "max": 76.9417495728, "var": 5.8101940155, "mean": 0.492509901524}, "erbbands": {"dmean2": [0.0294892340899, 0.26700809598, 1.02053248882, 4.41833686829, 11.4289598465, 7.08565044403, 6.80756998062, 11.7338609695, 12.4447431564, 10.1462564468, 11.2128171921, 16.3396015167, 16.181344986, 18.2026977539, 11.1525697708, 14.6488924026, 17.8787078857, 21.9651508331, 20.3441925049, 32.731300354, 35.1632003784, 12.1189994812, 10.5811300278, 8.72439098358, 5.9469165802, 9.6122341156, 8.32958126068, 3.00418758392, 0.82122695446, 0.550580441952, 0.421007305384, 0.243106603622, 0.144778430462, 0.0921458750963, 0.0658008679748, 0.0227652750909, 0.00605602283031, 0.00121198338456, 0.000136506656418, 1.37944625749e-05], "median": [0.00217987666838, 0.0433190390468, 0.476456433535, 2.02823853493, 4.19337177277, 3.23658227921, 5.00620079041, 8.91698646545, 8.52956008911, 6.55713748932, 8.05857658386, 10.1570014954, 8.56384086609, 6.52549505234, 5.41279792786, 5.94939279556, 8.97469139099, 9.43755722046, 10.8752593994, 10.3903579712, 9.5656375885, 7.14388465881, 7.98548221588, 5.93221616745, 5.12930107117, 7.68911266327, 5.27162408829, 1.77301669121, 0.696148514748, 0.469130039215, 0.330260336399, 0.144304782152, 0.0559947565198, 0.0294653400779, 0.00692597124726, 0.001267029671, 0.000208433717489, 3.6933026422e-05, 1.43491088238e-05, 2.0292300178e-05], "min": [7.2668422658e-22, 4.70883590078e-21, 2.3626307472e-20, 8.63940955183e-21, 4.36269336851e-20, 2.8196793134e-19, 5.42919995049e-19, 3.53642898773e-19, 6.74789283399e-19, 1.0127322166e-18, 2.39089442305e-18, 1.67550013585e-18, 1.6406487419e-18, 3.47024559484e-18, 6.94170466363e-18, 9.10060470336e-18, 3.91816803244e-18, 8.10854383367e-18, 4.28239426771e-18, 1.21801104428e-17, 1.41396864246e-17, 9.77087742552e-18, 9.72247577916e-18, 1.41930610808e-17, 1.58528271041e-17, 1.1403811364e-17, 1.41530784788e-17, 1.65862120526e-17, 1.53941703437e-17, 1.89935624068e-17, 1.50938376069e-17, 1.47969227803e-17, 1.87994959089e-17, 1.7564078503e-17, 7.72817475515e-18, 6.09421593986e-18, 3.74375741387e-18, 1.32726216445e-18, 3.28143040138e-19, 3.53254039875e-20], "dvar2": [0.0128194410354, 1.06894814968, 7.80991315842, 79.7125854492, 693.029968262, 192.420013428, 129.827682495, 451.195709229, 587.79864502, 330.996490479, 760.858215332, 1262.37316895, 1200.10681152, 2202.14868164, 914.096435547, 1266.38037109, 2438.77807617, 3667.8034668, 2699.12109375, 9469.28710938, 12857.8525391, 851.491882324, 433.133087158, 255.271911621, 124.547546387, 296.256896973, 235.250442505, 64.8043136597, 4.35807657242, 1.23153948784, 1.13802313805, 0.444916248322, 0.213968381286, 0.0660500377417, 0.0605150163174, 0.00778081035241, 0.000602477171924, 3.19735408993e-05, 4.71203094321e-07, 9.8666030901e-10], "dvar": [0.00745480833575, 0.406120359898, 2.92380356789, 32.2477989197, 274.187774658, 76.6729507446, 54.5593299866, 191.272140503, 236.77355957, 128.899398804, 332.686828613, 675.768066406, 592.241333008, 1081.81945801, 481.897613525, 665.783996582, 1059.27709961, 1935.8416748, 1269.03222656, 4227.23535156, 6443.90527344, 395.873443604, 206.038894653, 123.772735596, 59.8182754517, 141.600357056, 116.724906921, 28.8666000366, 1.74560654163, 0.595717191696, 0.44563794136, 0.184254750609, 0.086931206286, 0.0312450267375, 0.0252427328378, 0.00309121329337, 0.000239279004745, 1.29251220642e-05, 1.81957176437e-07, 3.93530291687e-10], "dmean": [0.0207289438695, 0.160349935293, 0.624058246613, 2.71768379211, 6.93382978439, 4.36654901505, 4.42870044708, 7.52845144272, 7.99922323227, 6.23104715347, 7.62942266464, 11.4410429001, 11.2056598663, 12.3523521423, 7.65826749802, 10.1311798096, 11.77921772, 14.6711530685, 13.6559247971, 22.0342750549, 23.7663841248, 8.12576293945, 6.98109102249, 5.80704164505, 3.97471952438, 6.40682840347, 5.65352487564, 2.04036521912, 0.539778351784, 0.365232080221, 0.274948686361, 0.157803177834, 0.0950545221567, 0.0631744340062, 0.0431510955095, 0.0141430459917, 0.00364338327199, 0.00071961118374, 8.01946298452e-05, 8.93275864655e-06], "max": [2.32480025291, 22.6184940338, 32.4537582397, 112.673683167, 495.52545166, 186.153289795, 156.773468018, 330.054779053, 421.621307373, 275.372161865, 491.583892822, 776.911743164, 933.631286621, 1522.42565918, 1053.46435547, 962.189575195, 1147.82678223, 2510.8828125, 1707.90124512, 2252.52929688, 2813.14135742, 914.522338867, 672.455871582, 192.989364624, 179.875579834, 255.283493042, 287.867523193, 356.561096191, 67.4684829712, 43.2787132263, 35.1168632507, 14.2913303375, 10.9027242661, 4.39858865738, 3.46901941299, 1.22995793819, 0.332597970963, 0.0716719925404, 0.00864270422608, 0.000374848343199], "var": [0.0121369147673, 0.435354083776, 3.71860194206, 58.6314125061, 409.930236816, 154.235046387, 149.448394775, 664.625549316, 815.386901855, 428.177001953, 909.179016113, 2489.67236328, 2688.69189453, 5970.71191406, 1837.14807129, 2792.06713867, 4065.98095703, 7114.125, 5871.39306641, 14987.2949219, 29205.0996094, 1925.57641602, 843.825134277, 526.687438965, 281.762207031, 643.521240234, 625.902099609, 191.693649292, 7.55464506149, 2.37132406235, 1.07597064972, 0.324406594038, 0.134109973907, 0.0605643577874, 0.0284198205918, 0.00289857131429, 0.000194141233806, 1.03818101707e-05, 1.35129553769e-07, 5.8947319248e-10], "mean": [0.028023628518, 0.207453399897, 1.06647503376, 4.68527317047, 10.768073082, 7.66783857346, 9.20003223419, 18.1360301971, 19.6134853363, 13.7679672241, 17.6781711578, 26.9903259277, 26.6853809357, 30.0222110748, 17.5431194305, 23.5779190063, 27.1019992828, 32.2039718628, 32.88256073, 50.1464805603, 58.0308456421, 21.193977356, 18.1409454346, 15.6144542694, 11.5432281494, 18.4070014954, 16.7943687439, 6.22003126144, 1.44296503067, 0.894973635674, 0.660661935806, 0.331696242094, 0.179356649518, 0.114229120314, 0.052540011704, 0.0145100085065, 0.00307874870487, 0.000582390057389, 7.28582963347e-05, 2.56310831901e-05]}, "spectral_strongpeak": {"dmean2": 1.06085789204, "median": 0.692033529282, "min": 0, "dvar2": 3.11575770378, "dvar": 1.31665706635, "dmean": 0.635800302029, "max": 18.4771289825, "var": 4.4850268364, "mean": 1.44427382946}, "spectral_energy": {"dmean2": 0.00819632876664, "median": 0.0159068256617, "min": 1.10013131233e-20, "dvar2": 0.000151160711539, "dvar": 6.79413496982e-05, "dmean": 0.00543111842126, "max": 0.166079178452, "var": 0.0002191249514, "mean": 0.0189587790519}, "average_loudness": 0.797306060791, "spectral_rolloff": {"dmean2": 497.756713867, "median": 1291.9921875, "min": 21.533203125, "dvar2": 655276.9375, "dvar": 287734.25, "dmean": 301.12902832, "max": 19552.1484375, "var": 4223317.5, "mean": 1634.37536621}, "spectral_centroid": {"dmean2": 308.045318604, "median": 1289.0916748, "min": 152.085159302, "dvar2": 120913.203125, "dvar": 59778.0195313, "dmean": 202.308334351, "max": 10816.3896484, "var": 577783.1875, "mean": 1369.40625}, "pitch_salience": {"dmean2": 0.0979583188891, "median": 0.562054932117, "min": 0.0021260806825, "dvar2": 0.00783483870327, "dvar": 0.00308035430498, "dmean": 0.0605043880641, "max": 0.881074309349, "var": 0.012711763382, "mean": 0.557906389236}, "spectral_energyband_middle_high": {"dmean2": 0.00239857356064, "median": 0.00319745251909, "min": 1.88752195248e-21, "dvar2": 1.72278760147e-05, "dvar": 8.66850677994e-06, "dmean": 0.00165597721934, "max": 0.0694281086326, "var": 5.88283655816e-05, "mean": 0.00613898504525}, "spectral_contrast_coeffs": {"dmean2": [0.078437551856, 0.0693972408772, 0.0591945797205, 0.0522323176265, 0.0402785539627, 0.0283252038062], "median": [-0.566824197769, -0.688867628574, -0.704659700394, -0.709870040417, -0.758038878441, -0.727867603302], "min": [-0.961179673672, -0.965108752251, -0.972696483135, -0.975655257702, -0.964053034782, -0.957882463932], "dvar2": [0.0042868303135, 0.00330725568347, 0.00238922680728, 0.00202315975912, 0.00154275365639, 0.000815281877294], "dvar": [0.00169828196522, 0.00129458622541, 0.00104072701652, 0.000986598082818, 0.00077865482308, 0.000425531878136], "dmean": [0.0479011759162, 0.0427792742848, 0.0378323867917, 0.0336896404624, 0.0261644087732, 0.018716847524], "max": [-0.19093157351, -0.394431918859, -0.405728280544, -0.395680010319, -0.504042387009, -0.493311315775], "var": [0.0127216791734, 0.006733502727, 0.0077109457925, 0.00857619848102, 0.00622601062059, 0.00353565020487], "mean": [-0.556348443031, -0.6886485219, -0.701769948006, -0.710029840469, -0.749124109745, -0.725756645203]}, "melbands_skewness": {"dmean2": 0.877298235893, "median": 1.82400393486, "min": -2.36847066879, "dvar2": 4.22741270065, "dvar": 1.61767435074, "dmean": 0.57007843256, "max": 116.42440033, "var": 3.03393554688, "mean": 2.0703189373}, "spectral_spread": {"dmean2": 576950.0625, "median": 3215815, "min": 894455.8125, "dvar2": 869082333184, "dvar": 431968583680, "dmean": 374364.53125, "max": 41120244, "var": 1811252248580.0, "mean": 3501761}, "dissonance": {"dmean2": 0.0350553356111, "median": 0.456779688597, "min": 0.210008367896, "dvar2": 0.00106371880975, "dvar": 0.000390874658478, "dmean": 0.0209192950279, "max": 0.500000059605, "var": 0.00118910858873, "mean": 0.449043780565}, "spectral_skewness": {"dmean2": 0.468329876661, "median": 1.30996775627, "min": -0.00350014842115, "dvar2": 0.227758973837, "dvar": 0.0859505683184, "dmean": 0.279410660267, "max": 7.9263792038, "var": 0.467539221048, "mean": 1.45297312737}, "spectral_flux": {"dmean2": 0.0311290230602, "median": 0.0510348901153, "min": 1.04887147578e-10, "dvar2": 0.00128420535475, "dvar": 0.000543920788914, "dmean": 0.0197050124407, "max": 0.347551077604, "var": 0.0015403800644, "mean": 0.0605390518904}, "spectral_contrast_valleys": {"dmean2": [0.659611880779, 0.553282678127, 0.488971322775, 0.449398189783, 0.38419508934, 0.404135614634], "median": [-8.13637542725, -6.98100185394, -8.02359962463, -8.29686927795, -8.01179218292, -11.2283468246], "min": [-27.2561397552, -27.1674804688, -27.4088840485, -27.1453208923, -27.2417125702, -27.3229751587], "dvar2": [0.32899299264, 0.228522479534, 0.185988038778, 0.179874449968, 0.166300356388, 0.325921863317], "dvar": [0.153169035912, 0.105283662677, 0.0864490196109, 0.085300937295, 0.0824244469404, 0.183803498745], "dmean": [0.409761399031, 0.34825772047, 0.308385163546, 0.285062551498, 0.249403551221, 0.302738845348], "max": [-5.2727599144, -4.99775457382, -5.80615949631, -6.07877397537, -5.75445699692, -8.76632785797], "var": [2.27285242081, 1.67545676231, 1.3800855875, 1.34631299973, 1.32443678379, 1.38392555714], "mean": [-8.39248847961, -7.14990901947, -8.14547920227, -8.41184234619, -8.15678787231, -11.3578824997]}, "erbbands_flatness_db": {"dmean2": 0.0225033797324, "median": 0.205505669117, "min": 0.0368020348251, "dvar2": 0.000638327095658, "dvar": 0.000341246573953, "dmean": 0.0157857127488, "max": 0.387139737606, "var": 0.0019047538517, "mean": 0.204025730491}, "spectral_energyband_high": {"dmean2": 0.000269549404038, "median": 0.00025869847741, "min": 7.67818367478e-21, "dvar2": 2.3180922426e-07, "dvar": 1.12489303206e-07, "dmean": 0.00018499782891, "max": 0.00992031302303, "var": 7.29829423562e-07, "mean": 0.000608958827797}, "spectral_entropy": {"dmean2": 0.233521685004, "median": 7.12741088867, "min": 5.21132850647, "dvar2": 0.0604233294725, "dvar": 0.0286249183118, "dmean": 0.155269443989, "max": 9.79309272766, "var": 0.224381163716, "mean": 7.1107211113}, "silence_rate_20dB": {"dmean2": 0, "median": 1, "min": 1, "dvar2": 0, "dvar": 0, "dmean": 0, "max": 1, "var": 0, "mean": 1}, "melbands_flatness_db": {"dmean2": 0.0320505239069, "median": 0.200179845095, "min": 0.0057083806023, "dvar2": 0.0010976435151, "dvar": 0.000507708697114, "dmean": 0.0211920514703, "max": 0.606096446514, "var": 0.00510245980695, "mean": 0.211918130517}, "barkbands": {"dmean2": [5.00773057865e-05, 0.00102158775553, 0.0011682115728, 0.00225148396567, 0.0027019942645, 0.00