{"tonal": {"thpcp": [1, 0.664148330688, 0.268487840891, 0.206516042352, 0.179723575711, 0.185734957457, 0.222555562854, 0.249895349145, 0.27147564292, 0.313221126795, 0.302142292261, 0.251316964626, 0.235805407166, 0.231952592731, 0.241612970829, 0.289122164249, 0.373288333416, 0.375079065561, 0.287447363138, 0.253089278936, 0.25195646286, 0.2356890589, 0.21853004396, 0.215175434947, 0.247514843941, 0.28600871563, 0.274205386639, 0.27063024044, 0.299360573292, 0.35492426157, 0.520998120308, 0.727459430695, 0.686947345734, 0.425762087107, 0.243748173118, 0.590073347092], "hpcp": {"dmean2": [0.201098904014, 0.202447041869, 0.209172621369, 0.224164694548, 0.272697359324, 0.278410196304, 0.246960222721, 0.221971511841, 0.223558411002, 0.211285889149, 0.194116383791, 0.19402629137, 0.206636115909, 0.221195414662, 0.220690026879, 0.2362998873, 0.272922307253, 0.308128207922, 0.380493432283, 0.437392830849, 0.431754797697, 0.35204398632, 0.241658896208, 0.303343087435, 0.44177621603, 0.320366293192, 0.218823000789, 0.179375559092, 0.163134500384, 0.163653582335, 0.194725841284, 0.213625684381, 0.222072690725, 0.239705681801, 0.229133591056, 0.208367869258], "median": [0.0681239962578, 0.0633678436279, 0.0607838705182, 0.0765514373779, 0.117095284164, 0.118564262986, 0.0841247588396, 0.0573117397726, 0.058332350105, 0.0614418759942, 0.0575405471027, 0.0568552166224, 0.0686629191041, 0.0787312835455, 0.0801835656166, 0.077595859766, 0.0842295661569, 0.104059189558, 0.1821577847, 0.288711249828, 0.262912452221, 0.136687174439, 0.0688407421112, 0.296472012997, 0.503894388676, 0.36930051446, 0.0825143307447, 0.0562454611063, 0.0446903184056, 0.0476156957448, 0.0635913833976, 0.0768847465515, 0.088378444314, 0.0947090238333, 0.0829125717282, 0.0721803456545], "min": [0, 0, 0, 0, 0, 0, 0, 0, 0, 0, 0, 0, 0, 0, 0, 0, 0, 0, 0, 0, 0, 0, 0, 0, 0, 0, 0, 0, 0, 0, 0, 0, 0, 0, 0, 0], "dvar2": [0.0808856934309, 0.0880090370774, 0.086672000587, 0.0895675644279, 0.0949148908257, 0.104047372937, 0.0934311822057, 0.0998308882117, 0.103451535106, 0.0886338874698, 0.0779219791293, 0.0871075540781, 0.0854182317853, 0.0872897878289, 0.0800850614905, 0.0918338671327, 0.111184939742, 0.126642987132, 0.132801279426, 0.149297878146, 0.140453130007, 0.12992566824, 0.0944851562381, 0.0925260260701, 0.197993695736, 0.0962422415614, 0.0728177279234, 0.0603405758739, 0.061035245657, 0.0561541840434, 0.0710302442312, 0.0759308636189, 0.079664811492, 0.091915614903, 0.0913999453187, 0.0846972838044], "dvar": [0.0297639686614, 0.0316920168698, 0.031338788569, 0.0324856266379, 0.0362355224788, 0.0390016958117, 0.0337029062212, 0.0367793627083, 0.0377727411687, 0.0321812331676, 0.0284396950155, 0.0309251360595, 0.0304670147598, 0.0328872464597, 0.0303155966103, 0.0339101888239, 0.0408247336745, 0.0473532229662, 0.0509978942573, 0.0585020817816, 0.0541192740202, 0.0487645082176, 0.0341023877263, 0.0347354896367, 0.0789028778672, 0.0361675396562, 0.0264026522636, 0.0214397646487, 0.0216985493898, 0.0212532747537, 0.0267116483301, 0.0273016504943, 0.0279697608203, 0.0329541154206, 0.0336109064519, 0.0304439403117], "dmean": [0.114186823368, 0.115337364376, 0.117548391223, 0.127899065614, 0.157948404551, 0.163004115224, 0.140862688422, 0.127179533243, 0.126504048705, 0.119665585458, 0.10965513438, 0.109211526811, 0.117754146457, 0.126697987318, 0.125698328018, 0.134359240532, 0.153811007738, 0.174402937293, 0.22188334167, 0.254096895456, 0.253110051155, 0.203246593475, 0.134459644556, 0.172718316317, 0.249833762646, 0.184882000089, 0.126539081335, 0.102075196803, 0.0925468504429, 0.0941386669874, 0.110777392983, 0.121218919754, 0.126251831651, 0.137998536229, 0.133103966713, 0.118337079883], "max": [1, 1, 1, 1, 1, 1, 1, 1, 1, 1, 1, 1, 1, 1, 1, 1, 1, 1, 1, 1, 1, 1, 1, 1, 1, 1, 1, 1, 1, 1, 1, 1, 1, 1, 1, 1], "var": [0.0292819347233, 0.0307623017579, 0.0346786044538, 0.0436325669289, 0.049140561372, 0.0489441007376, 0.0353400930762, 0.0413565561175, 0.0410274453461, 0.0309801902622, 0.0271380078048, 0.0285784937441, 0.0319538936019, 0.040519759059, 0.0344282127917, 0.0343351177871, 0.0409759096801, 0.0514896512032, 0.0693486779928, 0.103640809655, 0.0951789095998, 0.0581732019782, 0.0294032841921, 0.0538670830429, 0.155583024025, 0.0567823424935, 0.0316165722907, 0.0244722273201, 0.0226694401354, 0.0222183093429, 0.0260770823807, 0.026607779786, 0.0285611730069, 0.0403651371598, 0.0429893098772, 0.032240588218], "mean": [0.127928763628, 0.125838547945, 0.131079480052, 0.156854093075, 0.202515780926, 0.203487291932, 0.15594547987, 0.13730558753, 0.136691018939, 0.127865642309, 0.118556566536, 0.116736628115, 0.134281352162, 0.155164986849, 0.148761466146, 0.1468218714, 0.162408605218, 0.192552939057, 0.28265106678, 0.394660115242, 0.372681558132, 0.230983749032, 0.132237866521, 0.320125639439, 0.542518377304, 0.360312670469, 0.145659580827, 0.112038746476, 0.0975033417344, 0.100764624774, 0.120740480721, 0.135572820902, 0.147280529141, 0.169928222895, 0.16391775012, 0.136344075203]}, "tuning_equal_tempered_deviation": 0.199334099889, "chords_changes_rate": 0.0949970185757, "key_key": "D#", "tuning_diatonic_strength": 0.43980884552, "key_scale": "major", "chords_number_rate": 0.00297796307132, "tuning_frequency": 434.193115234, "tuning_nontempered_energy_ratio": 0.821335494518, "chords_histogram": [16.0512218475, 0, 17.2721862793, 13.0434780121, 0.952948212624, 0, 0, 0, 0, 0, 0.238237053156, 0, 0, 0.863609313965, 0.238237053156, 6.81953525543, 0, 1.36986303329, 0.446694463491, 3.15664076805, 23.7939243317, 1.87611675262, 10.8397855759, 3.03752231598], "key_strength": 0.434170216322, "chords_key": "C#", "chords_strength": {"dmean2": 0.0139409573749, "median": 0.405658423901, "min": 0.230562612414, "dvar2": 0.000150569496327, "dvar": 9.36490905588e-05, "dmean": 0.0115526244044, "max": 0.750647306442, "var": 0.00932866334915, "mean": 0.423880457878}, "chords_scale": "major", "hpcp_entropy": {"dmean2": 1.30246782303, "median": 2.79628610611, "min": 0, "dvar2": 0.982567965984, "dvar": 0.364626646042, "dmean": 0.767252445221, "max": 4.56903553009, "var": 0.648453116417, "mean": 2.71270775795}}, "metadata": {"audio_properties": {"equal_loudness": 0, "codec": "mp3", "downmix": "mix", "sample_rate": 44100, "analysis_sample_rate": 44100, "bit_rate": 192000, "md5_encoded": "cecf0444ed0181ba8c0f980f125227ef", "length": 155.872650146, "replay_gain": 0.0583209991455, "lossless": false}, "version": {"essentia_build_sha": "e76a03f03bb3900de42a1fa0d9be1e72f12def64", "essentia": "2.1-beta1", "extractor": "music 1.0", "essentia_git_sha": "v2.1_beta1-28-g21ef5f4-dirty"}, "tags": {"title": ["Someday I Will Kill You"], "replaygain_album_gain": ["+0.14 dB"], "albumartist": ["Supersuckers"], "date": ["2003"], "file_name": "10 - Supersuckers - Someday I Will Kill You.mp3", "replaygain_track_gain": ["-0.49 dB"], "replaygain_track_peak": ["0.323091"], "acoustid_id": ["9d593ead-63c0-44e2-a7b4-623ff8eab98f"], "musicbrainz_recordingid": ["198ea192-8826-4770-9f69-41a5aca76e5f"], "musicbrainz_albumartistid": ["6fa09822-bbe4-4ff8-901d-4a39a4dd82e9"], "musicbrainz_albumid": ["819065b3-cf85-4f24-b476-1cdf0d5bec84"], "artist": ["Supersuckers"], "tracknumber": ["10/12"], "replaygain_album_peak": ["0.334029"], "album": ["Motherfuckers Be Trippin\u2019"], "discnumber": ["1/1"], "musicbrainz_artistid": ["6fa09822-bbe4-4ff8-901d-4a39a4dd82e9"], "musicbrainz_releasegroupid": ["4a42e339-6138-3f52-9620-67dc152fb3d1"]}}, "rhythm": {"bpm_histogram_first_peak_bpm": {"dmean2": 0, "median": 157, "min": 157, "dvar2": 0, "dvar": 0, "dmean": 0, "max": 157, "var": 0, "mean": 157}, "bpm": 154.514312744, "bpm_histogram_second_peak_spread": {"dmean2": 0, "median": 0.141935512424, "min": 0.141935512424, "dvar2": 0, "dvar": 0, "dmean": 0, "max": 0.141935512424, "var": 0, "mean": 0.141935512424}, "bpm_histogram_first_peak_weight": {"dmean2": 0, "median": 0.399002492428, "min": 0.399002492428, "dvar2": 0, "dvar": 0, "dmean": 0, "max": 0.399002492428, "var": 0, "mean": 0.399002492428}, "onset_rate": 1.34712827206, "beats_position": [0.394739210606, 0.801088392735, 1.20743763447, 1.6137868166, 2.02013611794, 2.43809509277, 2.8444442749, 3.25079369545, 3.65714287758, 4.06349182129, 4.45823097229, 4.85297060013, 5.24770975113, 5.64244890213, 6.03718805313, 6.420317173, 6.79183673859, 7.17496585846, 7.55809497833, 7.94122457504, 8.31274318695, 8.6958732605, 9.07900238037, 9.45052146912, 9.83365058899, 10.2167797089, 10.5882987976, 10.95981884, 11.3313379288, 11.7028570175, 12.0743761063, 12.445895195, 12.8290243149, 13.2005443573, 13.572063446, 13.9551925659, 14.3267116547, 14.6982307434, 15.0813598633, 15.4644899368, 15.8592290878, 16.2539672852, 16.6487064362, 17.0434455872, 17.4381847382, 17.8213157654, 18.2044448853, 18.5875740051, 18.970703125, 19.365442276, 19.760181427, 20.154920578, 20.549659729, 20.94439888, 21.339138031, 21.733877182, 22.128616333, 22.5001354218, 22.8948745728, 23.2663936615, 23.6379127502, 24.009431839, 24.40417099, 24.7989120483, 25.2052612305, 25.5883903503, 25.9831295013, 26.3778686523, 26.7609977722, 27.1557369232, 27.5504760742, 27.9336051941, 28.316734314, 28.6998634338, 29.0946025848, 29.4777317047, 29.8608608246, 30.2439899445, 30.6155090332, 30.9986381531, 31.3701572418, 31.7416782379, 32.1364173889, 32.5195465088, 32.9142837524, 33.3090248108, 33.6921539307, 34.0752830505, 34.4351921082, 34.8067131042, 35.2014503479, 35.572971344, 35.9677085876, 36.3508377075, 36.7339668274, 37.1170959473, 37.4770050049, 37.848526001, 38.2432632446, 38.6263923645, 39.0095214844, 39.3926506042, 39.7757797241, 40.1589126587, 40.5420417786, 40.9251708984, 41.3083000183, 41.6914291382, 42.0861663818, 42.4692955017, 42.8524246216, 43.2471656799, 43.6419029236, 44.0366439819, 44.4313812256, 44.8261222839, 45.2208595276, 45.6156005859, 46.0219497681, 46.4050788879, 46.7998161316, 47.2061653137, 47.6473464966, 48.0885238647, 48.5413131714, 48.994102478, 49.3888435364, 49.78358078, 50.1783218384, 50.573059082, 50.9561882019, 51.362537384, 51.7572784424, 52.152015686, 52.5467567444, 52.941493988, 53.3362350464, 53.73097229, 54.1141014099, 54.4972343445, 54.8919715881, 55.275100708, 55.6698417664, 56.0529708862, 56.4244880676, 56.819229126, 57.1907463074, 57.5622673035, 57.9453964233, 58.340133667, 58.7232627869, 59.1180038452, 59.5127410889, 59.9074821472, 60.3022193909, 60.6969604492, 61.0800895691, 61.463218689, 61.8347396851, 62.2062568665, 62.5893859863, 62.9725151062, 63.3556442261, 63.7271652222, 64.1102905273, 64.4818115234, 64.8301086426, 65.2364578247, 65.6428070068, 66.0375518799, 66.4322891235, 66.8270263672, 67.1985473633, 67.5700683594, 67.9531936646, 68.3363265991, 68.7310638428, 69.1141967773, 69.4973220825, 69.8920593262, 70.2635803223, 70.6351013184, 71.0182266235, 71.3897476196, 71.7612686157, 72.1444015503, 72.5391387939, 72.9222640991, 73.3170089722, 73.7233581543, 74.1064834595, 74.5012207031, 74.8843536377, 75.2674789429, 75.6506118774, 76.0453491211, 76.4284820557, 76.8232192993, 77.217956543, 77.6010894775, 77.9842147827, 78.3673477173, 78.7504730225, 79.133605957, 79.5167312622, 79.9114761353, 80.282989502, 80.6661224365, 81.0376434326, 81.4207687378, 81.7922897339, 82.1754150391, 82.5469360352, 82.9300689697, 83.3015823364, 83.6731033325, 84.0562362671, 84.4393615723, 84.8224945068, 85.205619812, 85.5887527466, 85.9834899902, 86.3666229248, 86.74974823, 87.1328811646, 87.5160064697, 87.8991394043, 88.2822647095, 88.6537857056, 89.0369110107, 89.4084320068, 89.7799530029, 90.1630859375, 90.5345993042, 90.9177322388, 91.3008575439, 91.695602417, 92.0787277222, 92.4618606567, 92.8565979004, 93.251335144, 93.6460723877, 94.0408172607, 94.4239425659, 94.8070755005, 95.1785888672, 95.5501098633, 95.9216308594, 96.2931518555, 96.6762771606, 97.0594100952, 97.4541473389, 97.8372802734, 98.2204055786, 98.6035385132, 98.9866638184, 99.381401062, 99.7645339966, 100.147659302, 100.542404175, 100.92552948, 101.320266724, 101.703399658, 102.086524963, 102.458045959, 102.841178894, 103.235916138, 103.619049072, 104.002174377, 104.396911621, 104.780044556, 105.174781799, 105.557914734, 105.941040039, 106.335777283, 106.718910217, 107.102035522, 107.485168457, 107.879905701, 108.263038635, 108.64616394, 109.029296875, 109.41242218, 109.783943176, 110.155464172, 110.526985168, 110.898498535, 111.270019531, 111.629928589, 111.978225708, 112.326530457, 112.686439514, 113.05796051, 113.429473877, 113.800994873, 114.172515869, 114.555641174, 114.92716217, 115.310295105, 115.681808472, 116.064941406, 116.448066711, 116.831199646, 117.214332581, 117.609069824, 118.003807068, 118.398544312, 118.793289185, 119.17641449, 119.559547424, 119.942672729, 120.325805664, 120.708930969, 121.092063904, 121.475189209, 121.858322144, 122.241447449, 122.624580383, 122.99609375, 123.367614746, 123.739135742, 124.122268677, 124.493782043, 124.876914978, 125.248435974, 125.619949341, 126.003082275, 126.386207581, 126.780952454, 127.164077759, 127.547210693, 127.941947937, 128.325073242, 128.708206177, 129.10295105, 129.497680664, 129.892425537, 130.28717041, 130.681900024, 131.076644897, 131.471374512, 131.866119385, 132.260864258, 132.655593872, 133.050338745, 133.445083618, 133.839813232, 134.234558105, 134.62928772, 135.024032593, 135.407165527, 135.790298462, 136.185028076, 136.579772949, 136.986114502, 137.380859375, 137.76399231, 138.158721924, 138.553466797, 138.94821167, 139.342941284, 139.737686157, 140.13243103, 140.527160645, 140.921905518, 141.316635132, 141.711380005, 142.106124878, 142.500854492, 142.895599365, 143.290344238, 143.685073853, 144.056594849, 144.428115845, 144.822860718, 145.217590332, 145.612335205, 146.018676758, 146.413421631, 146.808166504, 147.19128418, 147.586029053, 147.992385864, 148.398727417, 148.805084229, 149.22303772, 149.629379272, 150.035736084, 150.418869019, 150.801986694, 151.185119629, 151.568252563, 151.951385498, 152.334503174, 152.717636108, 153.100769043, 153.472290039, 153.855422974, 154.238540649, 154.610061646, 154.981582642, 155.364715576], "beats_loudness": {"dmean2": 0.0235760454088, "median": 0.0521863140166, "min": 1.07925598059e-06, "dvar2": 0.000439820694737, "dvar": 0.000145286612678, "dmean": 0.013951365836, "max": 0.111216112971, "var": 0.000215048683458, "mean": 0.0534180551767}, "danceability": 1.31235992908, "bpm_histogram_second_peak_weight": {"dmean2": 0, "median": 0.331670820713, "min": 0.331670820713, "dvar2": 0, "dvar": 0, "dmean": 0, "max": 0.331670820713, "var": 0, "mean": 0.331670820713}, "beats_count": 402, "bpm_histogram_second_peak_bpm": {"dmean2": 0, "median": 152, "min": 152, "dvar2": 0, "dvar": 0, "dmean": 0, "max": 152, "var": 0, "mean": 152}, "bpm_histogram_first_peak_spread": {"dmean2": 0, "median": 0.282511204481, "min": 0.282511204481, "dvar2": 0, "dvar": 0, "dmean": 0, "max": 0.282511204481, "var": 0, "mean": 0.282511204481}, "beats_loudness_band_ratio": {"dmean2": [0.251272916794, 0.192624211311, 0.176356807351, 0.138484254479, 0.0597791001201, 0.0913725122809], "median": [0.322655081749, 0.138193994761, 0.106281556189, 0.135074943304, 0.07790068537, 0.107779115438], "min": [0.0173293743283, 0.0161792654544, 0.0137076675892, 0.00905033946037, 0.00521901715547, 0.00897971633822], "dvar2": [0.0403785482049, 0.0307106357068, 0.0304462537169, 0.0155179686844, 0.00236679706722, 0.00830536801368], "dvar": [0.0128929633647, 0.0120146032423, 0.0107689406723, 0.00536829000339, 0.000838328909595, 0.00297313882038], "dmean": [0.149276688695, 0.111867330968, 0.0977654382586, 0.0819256752729, 0.0339334867895, 0.0540778562427], "max": [0.863567352295, 0.709990561008, 0.826096892357, 0.557034254074, 0.199800863862, 0.451316684484], "var": [0.0314887240529, 0.0180436689407, 0.0118927042931, 0.00819224584848, 0.0012302066898, 0.0042212549597], "mean": [0.34159347415, 0.178394988179, 0.144651293755, 0.15764246881, 0.0815173685551, 0.123300991952]}}, "lowlevel": {"barkbands_spread": {"dmean2": 8.93299198151, "median": 28.2563514709, "min": 2.69420838356, "dvar2": 67.5620269775, "dvar": 31.8973484039, "dmean": 5.86699962616, "max": 103.390167236, "var": 121.998764038, "mean": 30.2392864227}, "melbands_spread": {"dmean2": 9.11484050751, "median": 23.8830337524, "min": 1.76159608364, "dvar2": 82.2428131104, "dvar": 37.2324676514, "dmean": 5.8300909996, "max": 180.087356567, "var": 115.311325073, "mean": 25.4272403717}, "hfc": {"dmean2": 39.8648910522, "median": 113.157150269, "min": 1.22356345855e-06, "dvar2": 2040.02197266, "dvar": 842.262512207, "dmean": 25.2477989197, "max": 685.968017578, "var": 4367.60595703, "mean": 131.583282471}, "barkbands_kurtosis": {"dmean2": 2.44143033028, "median": 2.15259981155, "min": -1.67113161087, "dvar2": 10.7201118469, "dvar": 4.27754402161, "dmean": 1.51660251617, "max": 49.3860435486, "var": 7.75400829315, "mean": 2.66431546211}, "gfcc": {"mean": [63.3734779358, 90.5431594849, -107.542907715, -5.64661931992, -16.5198459625, -14.4380607605, 1.21085608006, -23.8343086243, 3.05027675629, -5.48805952072, -5.16021251678, 5.26216506958, -4.04080581665], "icov": [[0.000322513107676, -0.000205642194487, 0.000930163485464, -0.000882494205143, 0.000799946254119, -0.000642083294224, 0.000301619758829, 0.000104028062196, -0.000293102231808, 7.77978639235e-05, -0.000197079090867, 9.54877468757e-05, -0.000236641019001], [-0.000205642194487, 0.00777370389551, -0.00992967840284, 0.011204181239, -0.00969742611051, 0.00689644413069, -0.0055987033993, 0.00305867451243, -0.00190026743803, 0.00187684828416, -0.0017518667737, 0.00372905516997, -0.00245879567228], [0.000930163485464, -0.00992967840284, 0.0315574668348, -0.0263497270644, 0.0201137587428, -0.0179327297956, 0.0159616582096, -0.00349367782474, -0.00368000054732, 0.00207756040618, -0.00191045284737, 0.000924445455894, -0.00289106811397], [-0.000882494205143, 0.011204181239, -0.0263497270644, 0.0340247228742, -0.026305289939, 0.0198224019259, -0.0165350418538, 0.000677447882481, 0.0112632131204, -0.0140105281025, 0.013338252902, -0.0123747307807, 0.00911041907966], [0.000799946254119, -0.00969742611051, 0.0201137587428, -0.026305289939, 0.032316301018, -0.0199980419129, 0.00926400441676, 0.00261041987687, -0.012500106357, 0.0196383520961, -0.0224479455501, 0.0173475705087, -0.0106816906482], [-0.000642083294224, 0.00689644413069, -0.0179327297956, 0.0198224019259, -0.0199980419129, 0.0235898010433, -0.00841451901942, -0.00449281046167, 0.0116792814806, -0.0140034891665, 0.0156542509794, -0.0123078813776, 0.00616548676044], [0.000301619758829, -0.0055987033993, 0.0159616582096, -0.0165350418538, 0.00926400441676, -0.00841451901942, 0.0171122420579, -0.00275862659328, -0.00744903832674, 0.0040794974193, 4.265104144e-05, -0.00279083405621, 0.00116103887558], [0.000104028062196, 0.00305867451243, -0.00349367782474, 0.000677447882481, 0.00261041987687, -0.00449281046167, -0.00275862659328, 0.0162992998958, -0.00678805727512, 0.00278043048456, -0.00935483071953, 0.0144907860085, -0.00847524963319], [-0.000293102231808, -0.00190026743803, -0.00368000054732, 0.0112632131204, -0.012500106357, 0.0116792814806, -0.00744903832674, -0.00678805727512, 0.0341364853084, -0.0290829911828, 0.0194663256407, -0.0201917551458, 0.0152861531824], [7.77978639235e-05, 0.00187684828416, 0.00207756040618, -0.0140105281025, 0.0196383520961, -0.0140034891665, 0.0040794974193, 0.00278043048456, -0.0290829911828, 0.0554123781621, -0.0420908480883, 0.0278527885675, -0.0153843918815], [-0.000197079090867, -0.0017518667737, -0.00191045284737, 0.013338252902, -0.0224479455501, 0.0156542509794, 4.265104144e-05, -0.00935483071953, 0.0194663256407, -0.0420908480883, 0.0638501942158, -0.0417558960617, 0.0145911984146], [9.54877468757e-05, 0.00372905516997, 0.000924445455894, -0.0123747307807, 0.0173475705087, -0.0123078813776, -0.00279083405621, 0.0144907860085, -0.0201917551458, 0.0278527885675, -0.0417558960617, 0.0575406476855, -0.0270455535501], [-0.000236641019001, -0.00245879567228, -0.00289106811397, 0.00911041907966, -0.0106816906482, 0.00616548676044, 0.00116103887558, -0.00847524963319, 0.0152861531824, -0.0153843918815, 0.0145911984146, -0.0270455535501, 0.0317705646157]], "cov": [[3703.11694336, -333.170013428, -57.1290588379, 176.856307983, -102.099151611, 27.3275871277, 132.102157593, -3.25196266174, 39.2058372498, 68.4691085815, 5.67952060699, 69.5808868408, -28.5254993439], [-333.170013428, 781.639404297, -140.80241394, -224.998138428, 212.894119263, -134.166625977, 13.2204999924, -101.42931366, 63.2892303467, -80.5778427124, 40.1672401428, -48.9795188904, 50.1796188354], [-57.1290588379, -140.80241394, 191.754714966, 85.1054763794, -62.3847923279, 96.2607955933, -75.1972351074, 54.3159446716, -36.5981330872, 35.9390411377, -13.9493770599, 10.8221654892, 9.93557739258], [176.856307983, -224.998138428, 85.1054763794, 264.615539551, 18.4282913208, 12.8881177902, 99.402557373, 9.04552841187, 2.50339484215, 32.2607192993, -0.26258841157, 38.4258499146, -34.5075645447], [-102.099151611, 212.894119263, -62.3847923279, 18.4282913208, 187.294082642, -14.4782629013, 48.1420135498, -34.5060005188, 22.0533332825, -30.182352066, 30.3645954132, -5.38227748871, 15.8173179626], [27.3275871277, -134.166625977, 96.2607955933, 12.8881177902, -14.4782629013, 169.795730591, -41.9589118958, 63.1166725159, -36.5237426758, 23.9836120605, -13.906785965, 5.47722434998, 15.6720762253], [132.102157593, 13.2204999924, -75.1972351074, 99.402557373, 48.1420135498, -41.9589118958, 209.736557007, -14.6427764893, 62.1127548218, 3.09717273712, 7.91632843018, 22.0006141663, -33.8746604919], [-3.25196266174, -101.42931366, 54.3159446716, 9.04552841187, -34.5060005188, 63.1166725159, -14.6427764893, 124.693527222, 6.41958904266, 40.6643791199, 2.87787604332, -11.0665330887, 10.2835741043], [39.2058372498, 63.2892303467, -36.5981330872, 2.50339484215, 22.0533332825, -36.5237426758, 62.1127548218, 6.41958904266, 92.3851470947, 33.5744590759, 20.090763092, 6.90865898132, -16.4512805939], [68.4691085815, -80.5778427124, 35.9390411377, 32.2607192993, -30.182352066, 23.9836120605, 3.09717273712, 40.6643791199, 33.5744590759, 76.5482330322, 30.3229846954, 13.6872882843, 2.86437058449], [5.67952060699, 40.1672401428, -13.9493770599, -0.26258841157, 30.3645954132, -13.906785965, 7.91632843018, 2.87787604332, 20.090763092, 30.3229846954, 59.8412437439, 29.2303543091, 17.7599449158], [69.5808868408, -48.9795188904, 10.8221654892, 38.4258499146, -5.38227748871, 5.47722434998, 22.0006141663, -11.0665330887, 6.90865898132, 13.6872882843, 29.2303543091, 63.4458351135, 23.954120636], [-28.5254993439, 50.1796188354, 9.93557739258, -34.5075645447, 15.8173179626, 15.6720762253, -33.8746604919, 10.2835741043, -16.4512805939, 2.86437058449, 17.7599449158, 23.954120636, 73.7414093018]]}, "spectral_energyband_middle_low": {"dmean2": 0.0105550438166, "median": 0.0162636656314, "min": 3.29443178466e-12, "dvar2": 0.000107858897536, "dvar": 4.56202869827e-05, "dmean": 0.00662860367447, "max": 0.0892357900739, "var": 0.000131484644953, "mean": 0.0191717892885}, "melbands_crest": {"dmean2": 6.55545043945, "median": 12.7698364258, "min": 2.62319922447, "dvar2": 35.3089752197, "dvar": 13.0790300369, "dmean": 4.009349823, "max": 36.7969207764, "var": 31.825958252, "mean": 13.7981119156}, "spectral_kurtosis": {"dmean2": 4.75333738327, "median": 14.2039279938, "min": 1.56920874119, "dvar2": 51.8629379272, "dvar": 22.4266281128, "dmean": 3.18463563919, "max": 111.081092834, "var": 95.0123901367, "mean": 16.0346317291}, "spectral_rms": {"dmean2": 0.00133021932561, "median": 0.00718288449571, "min": 3.56919230171e-07, "dvar2": 1.38725158649e-06, "dvar": 5.315908993e-07, "dmean": 0.000817369960714, "max": 0.0125083830208, "var": 1.51485960487e-06, "mean": 0.00717002898455}, "zerocrossingrate": {"dmean2": 0.0289491415024, "median": 0.17626953125, "min": 0.02001953125, "dvar2": 0.000595625664573, "dvar": 0.000356280565029, "dmean": 0.022289570421, "max": 0.52001953125, "var": 0.00351743237115, "mean": 0.187549307942}, "silence_rate_60dB": {"dmean2": 0.000595947552938, "median": 0, "min": 0, "dvar2": 0.000595592427999, "dvar": 0.000297840626445, "dmean": 0.000297929393128, "max": 1, "var": 0.00651052221656, "mean": 0.00655347015709}, "erbbands_kurtosis": {"dmean2": 1.06727707386, "median": 0.0620447844267, "min": -1.55528271198, "dvar2": 1.18049895763, "dvar": 0.470506042242, "dmean": 0.651856601238, "max": 12.5309619904, "var": 1.06802165508, "mean": 0.255967229605}, "erbbands": {"dmean2": [0.516091406345, 1.65545606613, 3.30373954773, 7.60561466217, 7.23136854172, 12.2323179245, 38.1835746765, 42.0173225403, 38.5973777771, 28.3767776489, 41.7557601929, 55.4068756104, 75.6983947754, 67.8033218384, 69.2151107788, 84.6519546509, 57.0584945679, 40.7817726135, 60.9143409729, 42.6659698486, 28.9116363525, 23.4217834473, 13.7480430603, 12.6309661865, 11.7897911072, 9.62983608246, 8.30539417267, 8.10335350037, 5.54369783401, 3.60189151764, 2.0197250843, 0.894438862801, 0.433867186308, 0.174412176013, 0.0519288219512, 0.11429900676, 0.0984821915627, 0.0894735530019, 0.0264318119735, 0.00817117933184], "median": [0.368980407715, 1.19092202187, 1.90304470062, 3.60703372955, 4.09966754913, 7.02676582336, 20.2046203613, 30.6361160278, 20.9363632202, 13.8722457886, 21.9534645081, 33.3764419556, 44.4171600342, 41.4750022888, 53.9703598022, 77.270866394, 54.0218353271, 45.0327758789, 63.3949661255, 47.5526390076, 36.9820632935, 26.8819961548, 14.3592376709, 9.76199913025, 11.1812210083, 9.52879428864, 7.13890743256, 5.48520898819, 3.69056034088, 1.98699581623, 1.07525157928, 0.38716468215, 0.110039584339, 0.0333703830838, 0.0143707357347, 0.0239366404712, 0.048783749342, 0.065294906497, 0.0412952452898, 0.0221195630729], "min": [6.46827938433e-11, 4.87287765694e-10, 6.85995704686e-10, 1.1169626335e-09, 1.29341093391e-09, 9.92282367385e-10, 1.84208948095e-09, 3.57236573656e-09, 5.40997646681e-09, 1.12041407263e-08, 1.6137574832e-08, 2.1471995737e-08, 1.82642363455e-08, 1.45718299649e-08, 7.81771181124e-09, 2.43918449883e-08, 1.17382704445e-07, 3.79293183528e-08, 2.29442989053e-08, 3.52861242447e-08, 5.72985214831e-08, 2.2846489145e-08, 6.29443164257e-08, 1.6308041495e-07, 1.18873074939e-07, 3.11122306584e-07, 3.1576649917e-07, 2.43208432948e-07, 1.47304362486e-07, 1.95488780719e-07, 1.4544777116e-07, 2.66886956979e-07, 1.68283136759e-07, 1.07786675585e-07, 8.72172591926e-08, 7.28444646825e-08, 3.21474509235e-08, 1.09337641163e-08, 4.13461620496e-09, 4.6400047693e-10], "dvar2": [0.533441483974, 4.19632101059, 16.7627620697, 110.412338257, 107.840301514, 376.024353027, 2991.18359375, 2427.75708008, 2951.3828125, 2754.23925781, 4649.67871094, 9728.01953125, 12872.2109375, 10938.2304688, 8859.79882812, 8452.79003906, 4764.71191406, 1678.1907959, 3663.68383789, 2646.29052734, 752.278320312, 654.884521484, 302.786895752, 655.754760742, 544.710266113, 316.48550415, 260.836700439, 322.051116943, 150.033538818, 70.8213195801, 18.5399150848, 2.68109154701, 0.721558511257, 0.13924343884, 0.00697888853028, 0.0590619109571, 0.0319691710174, 0.0285972375423, 0.00173125765286, 6.8042842031e-05], "dvar": [0.200047343969, 1.52163505554, 5.98245429993, 44.7955207825, 41.8690910339, 150.162597656, 1336.4354248, 979.060058594, 1193.45507812, 1113.26318359, 1789.57836914, 4299.14453125, 5178.26855469, 4236.21826172, 3734.9284668, 3139.79541016, 2160.49609375, 627.524902344, 1309.62207031, 1066.39111328, 287.562530518, 253.366195679, 121.976760864, 313.699584961, 271.299346924, 147.042694092, 127.479164124, 149.022644043, 69.9183197021, 33.7367019653, 9.70703220367, 1.34170353413, 0.342078715563, 0.0614657662809, 0.00298737967387, 0.0273100621998, 0.0161333195865, 0.0140915466473, 0.000957676849794, 2.78102015727e-05], "dmean": [0.316003918648, 0.985135734081, 1.92491686344, 4.59187269211, 4.31993722916, 7.47981834412, 24.2689571381, 25.7207183838, 23.4047527313, 17.6046028137, 25.1054840088, 34.1171188354, 46.250629425, 41.1172370911, 41.851940155, 49.7821235657, 34.0187950134, 24.0391635895, 35.854095459, 25.6737957001, 17.1617050171, 14.1198797226, 8.40987205505, 8.08241653442, 7.59411525726, 6.2247595787, 5.39124059677, 5.2867770195, 3.63830661774, 2.37714076042, 1.37326204777, 0.608734190464, 0.284486800432, 0.11088091135, 0.0319557487965, 0.0742838308215, 0.068193256855, 0.0607177205384, 0.0186595339328, 0.00518150348216], "max": [5.51026439667, 13.4945354462, 26.6112232208, 104.156982422, 147.658508301, 234.743927002, 598.146362305, 471.126861572, 515.549499512, 557.521240234, 1085.14440918, 2206.35400391, 1438.52978516, 1312.27954102, 1805.4519043, 919.36730957, 2347.31323242, 477.351348877, 629.020629883, 820.8515625, 445.364379883, 299.027099609, 247.854919434, 625.941711426, 595.698425293, 292.345611572, 253.93737793, 255.731994629, 170.58934021, 154.641387939, 105.17716217, 28.9251689911, 10.4042358398, 4.08136463165, 1.08684933186, 2.39442324638, 2.61398696899, 2.19271039963, 0.577765226364, 0.130707114935], "var": [0.335421949625, 2.38178086281, 7.25223112106, 66.5185165405, 54.2324485779, 254.545730591, 3749.2043457, 2080.48706055, 2266.83740234, 2342.6394043, 2789.57763672, 8336.70507812, 8189.50439453, 7304.46582031, 7631.57568359, 5444.87158203, 4155.34716797, 1169.11425781, 2475.23754883, 1901.37768555, 563.919372559, 447.118408203, 248.995666504, 602.721069336, 542.906311035, 314.127593994, 305.68862915, 300.40725708, 135.632888794, 60.9105606079, 19.7491779327, 2.61562252045, 0.465953588486, 0.0695622712374, 0.00344255915843, 0.034110609442, 0.0322948917747, 0.0300915315747, 0.00330594507977, 0.00017256384308], "mean": [0.546949267387, 1.61372721195, 2.75116443634, 6.24355316162, 6.27036333084, 11.6575832367, 42.541343689, 45.5257873535, 37.5181465149, 29.2498760223, 38.3553161621, 55.9393768311, 73.654914856, 69.1566390991, 76.3316802979, 95.7674713135, 67.0556182861, 52.9564247131, 75.8968963623, 58.0377235413, 42.2683448792, 31.8862361908, 18.6751213074, 16.0228443146, 16.0573806763, 13.7968206406, 11.5105352402, 9.94947338104, 6.84285497665, 4.03953313828, 2.33505821228, 0.958809971809, 0.354734808207, 0.115099661052, 0.0338441208005, 0.0865515172482, 0.114132061601, 0.118799395859, 0.056996576488, 0.0255834981799]}, "spectral_strongpeak": {"dmean2": 2.08375096321, "median": 0.293090522289, "min": 0, "dvar2": 106.557701111, "dvar": 38.3801727295, "dmean": 1.1528853178, "max": 124.029182434, "var": 30.736995697, "mean": 1.18255472183}, "spectral_energy": {"dmean2": 0.0201492458582, "median": 0.0528836771846, "min": 1.30576133239e-10, "dvar2": 0.000359885365469, "dvar": 0.000137285285746, "dmean": 0.0123086962849, "max": 0.160371139646, "var": 0.000286161608528, "mean": 0.0542472787201}, "average_loudness": 0.973465561867, "spectral_rolloff": {"dmean2": 3400.828125, "median": 1808.7890625, "min": 43.06640625, "dvar2": 49040540, "dvar": 19342998, "dmean": 1871.7142334, "max": 21748.5351562, "var": 39812796, "mean": 4351.36816406}, "spectral_centroid": {"dmean2": 303.373962402, "median": 1189.15869141, "min": 237.585571289, "dvar2": 82753.359375, "dvar": 44825.078125, "dmean": 203.373123169, "max": 4093.23168945, "var": 214349.5, "mean": 1274.41882324}, "pitch_salience": {"dmean2": 0.114433720708, "median": 0.610379934311, "min": 0.155159592628, "dvar2": 0.0100211584941, "dvar": 0.00370608782396, "dmean": 0.0694218948483, "max": 0.834110438824, "var": 0.00850086659193, "mean": 0.605157792568}, "spectral_energyband_middle_high": {"dmean2": 0.00520627759397, "median": 0.0108208181337, "min": 1.31210797435e-11, "dvar2": 2.59368389379e-05, "dvar": 1.02610601971e-05, "dmean": 0.00320629333146, "max": 0.0693812295794, "var": 3.05984576698e-05, "mean": 0.0120587125421}, "spectral_contrast_coeffs": {"dmean2": [0.0908727943897, 0.092736043036, 0.0667717307806, 0.0464353635907, 0.0332744419575, 0.0656421929598], "median": [-0.706114888191, -0.732798933983, -0.796768784523, -0.807701408863, -0.805776894093, -0.679123938084], "min": [-0.923379302025, -0.947681367397, -0.94951492548, -0.950091421604, -0.957874417305, -0.914443969727], "dvar2": [0.00503392796963, 0.00504527240992, 0.00276067317463, 0.001275837305, 0.000739205570426, 0.00317618157715], "dvar": [0.00185669830535, 0.00184119248297, 0.000985777238384, 0.00043665416888, 0.000271304190392, 0.00125152955297], "dmean": [0.0550497360528, 0.0556013509631, 0.0397275164723, 0.0271503571421, 0.0198522079736, 0.0420524850488], "max": [-0.386166572571, -0.444816321135, -0.564402282238, -0.65436476469, -0.616923213005, -0.415797710419], "var": [0.00568725448102, 0.00455781118944, 0.00213681696914, 0.000820409914013, 0.00089442281751, 0.00467349169776], "mean": [-0.696999669075, -0.727769732475, -0.79195022583, -0.805862545967, -0.802368223667, -0.678104698658]}, "melbands_skewness": {"dmean2": 0.802007615566, "median": 1.64419364929, "min": -0.362460404634, "dvar2": 0.577574789524, "dvar": 0.221210554242, "dmean": 0.504068791866, "max": 8.19783973694, "var": 0.646537482738, "mean": 1.72437810898}, "spectral_spread": {"dmean2": 608186.125, "median": 3707541.5, "min": 1352981.875, "dvar2": 301249036288, "dvar": 150490759168, "dmean": 406737.03125, "max": 11054143, "var": 695538548736, "mean": 3774056}, "dissonance": {"dmean2": 0.0252160523087, "median": 0.480722665787, "min": 0.358946233988, "dvar2": 0.000524948816746, "dvar": 0.000188269157661, "dmean": 0.014670622535, "max": 0.5, "var": 0.000286676047835, "mean": 0.47683095932}, "spectral_skewness": {"dmean2": 0.358656138182, "median": 2.45849895477, "min": 1.04099345207, "dvar2": 0.15165092051, "dvar": 0.072727009654, "dmean": 0.245694741607, "max": 7.77512979507, "var": 0.515353918076, "mean": 2.56559967995}, "spectral_flux": {"dmean2": 0.0364771001041, "median": 0.128955632448, "min": 1.63889999385e-05, "dvar2": 0.00100877089426, "dvar": 0.000415217771661, "dmean": 0.0224016830325, "max": 0.275301814079, "var": 0.000893207034096, "mean": 0.131395921111}, "spectral_contrast_valleys": {"dmean2": [0.588632941246, 0.566938638687, 0.449867039919, 0.341885298491, 0.317712962627, 0.907146513462], "median": [-6.44052886963, -5.90598917007, -6.04100751877, -6.35178422928, -6.87843084335, -10.6809902191], "min": [-17.6668510437, -16.6045799255, -16.7764072418, -16.5859642029, -16.0814666748, -17.3273468018], "dvar2": [0.217722356319, 0.190868631005, 0.12142008543, 0.0702870041132, 0.081913895905, 0.580213427544], "dvar": [0.0819013491273, 0.070432856679, 0.0450461134315, 0.0263817831874, 0.0380416363478, 0.233029469848], "dmean": [0.35244590044, 0.339459806681, 0.270020097494, 0.204229578376, 0.206140756607, 0.586542010307], "max": [-5.3162446022, -4.63733148575, -4.98579025269, -5.60097312927, -5.4146361351, -8.61825370789], "var": [0.491387695074, 0.441143780947, 0.417940467596, 0.368813037872, 0.491918206215, 0.730676233768], "mean": [-6.5431599617, -5.94320058823, -6.09786224365, -6.39807701111, -6.97593164444, -10.7613525391]}, "erbbands_flatness_db": {"dmean2": 0.026381444186, "median": 0.13895830512, "min": 0.0426959171891, "dvar2": 0.000482063333038, "dvar": 0.000214251325815, "dmean": 0.01756092906, "max": 0.319194585085, "var": 0.00118994212244, "mean": 0.141812458634}, "spectral_energyband_high": {"dmean2": 0.000651793379802, "median": 0.000942308048252, "min": 8.74305836063e-11, "dvar2": 1.2475109088e-06, "dvar": 6.93649155892e-07, "dmean": 0.000458953960333, "max": 0.0164162777364, "var": 2.03566673918e-06, "mean": 0.00132941128686}, "spectral_entropy": {"dmean2": 0.168472737074, "median": 7.70865058899, "min": 6.392162323, "dvar2": 0.0200129635632, "dvar": 0.0100244916975, "dmean": 0.115099102259, "max": 8.81148910522, "var": 0.0625482723117, "mean": 7.69406318665}, "silence_rate_20dB": {"dmean2": 0, "median": 1, "min": 1, "dvar2": 0, "dvar": 0, "dmean": 0, "max": 1, "var": 0, "mean": 1}, "melbands_flatness_db": {"dmean2": 0.0373161844909, "median": 0.196780130267, "min": 0.0104220947251, "dvar2": 0.00101874757092, "dvar": 0.000439216615632, "dmean": 0.0245458744466, "max": 0.387746334076, "var": 0.00184705981519, "mean": 0.197296723723}, "barkbands": {"dmean2": [0.00541933951899, 0.0100121181458, 0.00324259954505, 0.00310706999153, 0.00298376195133, 0.0055732242763, 0.00266296579503, 0.00149935297668, 0.00258479476906, 0.00258521852084, 0.00164162321016, 0.0022846867796, 0.00126544781961, 0.00109277421143, 0.00105535122566, 0.000635156058706, 0.000443434779299, 0.000265716720605, 0.000254061771557, 0.000201106449822, 0.000199463800527, 0.00015284550318, 7.424303476e-05, 3.09284441755e-05, 1.09453239929e-05, 4.9471611419e-05, 0.000399397715228], "median": [0.00266724778339, 0.00885619129986, 0.00148462085053, 0.00123099877965, 0.00185545359273, 0.00381807424128, 0.00128187122755, 0.000684304628521, 0.00152486609295, 0.00144360563718, 0.000950480578467, 0.00190907996148, 0.00106146163307, 0.00102157099172, 0.00104714895133, 0.000715793226846, 0.000471515610116, 0.000235373416217, 0.000206462515052, 0.000194007327082, 0.000158858019859, 9.89819673123e-05, 4.05694372603e-05, 1.05288654595e-05, 2.21194522965e-06, 2.31889280258e-05, 0.000853132689372], "min": [7.94447580638e-12, 1.74905012348e-12, 4.84180187263e-13, 3.69013793047e-13, 3.81047298749e-13, 3.28575518573e-13, 5.54967367634e-13, 5.4334217247e-13, 9.36184831914e-13, 6.80935125993e-13, 8.70202686493e-14, 5.32278594031e-13, 2.42324194565e-12, 3.26734028288e-13, 6.12214001283e-13, 9.68692899332e-13, 3.89095683841e-13, 1.25390507439e-12, 3.10823263829e-12, 5.92913131786e-12, 6.93588242395e-12, 4.38589832855e-12, 5.66835814397e-12, 1.19508031943e-11, 1.0534214126e-11, 1.81590940201e-11, 2.97098873281e-11], "dvar2": [7.74305080995e-05, 0.000173817636096, 1.70266830537e-05, 2.05866526812e-05, 1.93020605366e-05, 4.72051142424e-05, 1.72036634467e-05, 6.26924838798e-06, 1.71754363691e-05, 1.26434242702e-05, 5.93313961872e-06, 7.22368076822e-06, 2.47906200457e-06, 1.28584383674e-06, 1.30360933781e-06, 4.54974241393e-07, 2.20403748585e-07, 1.28374225028e-07, 3.16002569889e-07, 1.38267836292e-07, 1.80244455805e-07, 1.13342366603e-07, 2.61955257486e-08, 3.10723313746e-09, 4.51250148359e-10, 8.28778379258e-09, 1.71737482901e-07], "dvar": [2.85982223431e-05, 6.38812198304e-05, 6.14294867773e-06, 8.505247024e-06, 7.62953004596e-06, 2.08436886169e-05, 6.94922346156e-06, 2.33731975641e-06, 7.23762286725e-06, 4.86065709993e-06, 2.48839569394e-06, 2.68577150564e-06, 1.15361979169e-06, 4.75374889675e-07, 4.99506711549e-07, 1.8044438832e-07, 8.51093489018e-08, 5.25026422338e-08, 1.48864899074e-07, 6.55465015598e-08, 8.48316119573e-08, 5.20555936134e-08, 1.37749323059e-08, 1.52264478803e-09, 1.95694987992e-10, 4.110039864e-09, 7.42487600291e-08], "dmean": [0.00318920216523, 0.00605029566213, 0.00188247626647, 0.00187570857815, 0.00181161961518, 0.00351625308394, 0.00164202798624, 0.00089564465452, 0.00157903204672, 0.00155537133105, 0.00100644037593, 0.00134427368175, 0.000752828200348, 0.000639277684968, 0.000631903298199, 0.000375963689294, 0.000265672337264, 0.000163141172379, 0.000162654134328, 0.000130348096718, 0.000130757180159, 9.97418537736e-05, 5.11377547809e-05, 2.08816163649e-05, 6.8278782237e-06, 3.40094229614e-05, 0.000255841732724], "max": [0.0574199967086, 0.100144281983, 0.0280846115202, 0.05123565346, 0.0472392737865, 0.0801737606525, 0.0490685589612, 0.0325078628957, 0.070836648345, 0.027897009626, 0.0324218086898, 0.0309689138085, 0.0563204139471, 0.0203316006809, 0.0129602951929, 0.0205788016319, 0.00506920134649, 0.00507376529276, 0.0128280073404, 0.00622441386804, 0.00643692165613, 0.00464460579678, 0.00343356700614, 0.000647637702059, 0.00025599647779, 0.00115837436169, 0.00658126827329], "var": [3.03283104586e-05, 0.000106872779725, 6.9885963967e-06, 1.27816874738e-05, 1.25036585814e-05, 6.46320695523e-05, 1.55220895977e-05, 3.41106579071e-06, 1.41735654324e-05, 7.51623792894e-06, 4.34161484009e-06, 4.78038600704e-06, 2.14141937249e-06, 9.39915651088e-07, 9.49260879679e-07, 3.16696969094e-07, 1.44033279526e-07, 1.08672018939e-07, 2.65200498006e-07, 1.4203767762e-07