{"tonal": {"thpcp": [1, 0.984609782696, 0.383612215519, 0.197551518679, 0.175065979362, 0.183701276779, 0.249904319644, 0.255049794912, 0.200749009848, 0.293385535479, 0.350123345852, 0.247398525476, 0.192911908031, 0.204324901104, 0.231948941946, 0.288417220116, 0.2994363904, 0.242929339409, 0.208522617817, 0.20013011992, 0.55683606863, 0.989540100098, 0.702845275402, 0.309507995844, 0.311164468527, 0.304199725389, 0.24286288023, 0.219157338142, 0.203271850944, 0.213940531015, 0.428824424744, 0.638251960278, 0.455321520567, 0.245721176267, 0.235358908772, 0.41094326973], "hpcp": {"dmean2": [0.193835765123, 0.183483034372, 0.207357674837, 0.258739203215, 0.272453784943, 0.199001953006, 0.155883923173, 0.140208438039, 0.137355059385, 0.152255937457, 0.14883902669, 0.138582482934, 0.159220904112, 0.171847119927, 0.153989136219, 0.142980977893, 0.152524381876, 0.175398811698, 0.179024800658, 0.180400446057, 0.177159249783, 0.168853729963, 0.160087063909, 0.242111235857, 0.330299079418, 0.270984172821, 0.211910799146, 0.235315188766, 0.219790846109, 0.189457565546, 0.177547976375, 0.16259740293, 0.166310548782, 0.19521419704, 0.21135443449, 0.219452619553], "median": [0.0157562214881, 0.0139386923984, 0.0412535667419, 0.103273577988, 0.114366203547, 0.0542501397431, 0.0118412077427, 0.00950058735907, 0.0113648148254, 0.0188095327467, 0.0205443855375, 0.0175163187087, 0.0253961347044, 0.0309598781168, 0.0232130531222, 0.014868051745, 0.0139344809577, 0.0150194326416, 0.0217752605677, 0.0201810766011, 0.0152502972633, 0.0109560359269, 0.0102719226852, 0.0397848524153, 0.0817338526249, 0.08529368788, 0.0259125698358, 0.0186342857778, 0.0186833813787, 0.016151541844, 0.0135134728625, 0.0123331490904, 0.0132144289091, 0.0291680749506, 0.0316828265786, 0.0257735699415], "min": [0, 0, 0, 0, 0, 0, 0, 0, 0, 0, 0, 0, 0, 0, 0, 0, 0, 0, 0, 0, 0, 0, 0, 0, 0, 0, 0, 0, 0, 0, 0, 0, 0, 0, 0, 0], "dvar2": [0.118339218199, 0.107347920537, 0.103146493435, 0.126930147409, 0.128913596272, 0.0963720530272, 0.0887696892023, 0.0809856280684, 0.0745579227805, 0.0791775286198, 0.0787573605776, 0.0718234553933, 0.0791532993317, 0.09117487818, 0.0788612291217, 0.0812116786838, 0.0860984995961, 0.108432501554, 0.102015249431, 0.10375790298, 0.105784073472, 0.104144103825, 0.0963561311364, 0.119934111834, 0.207584321499, 0.124938420951, 0.117707580328, 0.145257875323, 0.130694612861, 0.106168501079, 0.105996794999, 0.103748120368, 0.103184491396, 0.108392342925, 0.121210470796, 0.130819156766], "dvar": [0.0421213693917, 0.0385057143867, 0.0373521968722, 0.0516978353262, 0.0514505282044, 0.0340315103531, 0.0319196805358, 0.0291546229273, 0.0266441311687, 0.0287979766726, 0.0286926366389, 0.0255434717983, 0.0291016995907, 0.0339692123234, 0.0280197355896, 0.0288609098643, 0.0305307842791, 0.0387516580522, 0.0375928021967, 0.0388181619346, 0.038670130074, 0.0373416729271, 0.0346161499619, 0.0447879657149, 0.0813189595938, 0.0479156896472, 0.0421888120472, 0.0520776696503, 0.0473572053015, 0.0378145575523, 0.0378237068653, 0.036859434098, 0.037400405854, 0.0399877242744, 0.048044398427, 0.0474540218711], "dmean": [0.105573669076, 0.0995837673545, 0.11490021646, 0.147306963801, 0.156859651208, 0.11124484241, 0.0851365178823, 0.0765772983432, 0.0754512995481, 0.0849922969937, 0.0829080417752, 0.076444029808, 0.0899023711681, 0.0973805859685, 0.0862041413784, 0.078478358686, 0.0838252604008, 0.0955651476979, 0.100400209427, 0.100745588541, 0.0975009948015, 0.0922054871917, 0.0874340236187, 0.131585091352, 0.179909333587, 0.150905311108, 0.116534367204, 0.127810671926, 0.12202911824, 0.103759884834, 0.0966303870082, 0.0890243425965, 0.0912286490202, 0.109607174993, 0.117829538882, 0.120285756886], "max": [1, 1, 1, 1, 1, 1, 1, 1, 1, 1, 1, 1, 1, 1, 1, 1, 1, 1, 1, 1, 1, 1, 1, 1, 1, 1, 1, 1, 1, 1, 1, 1, 1, 1, 1, 1], "var": [0.031879004091, 0.0297065060586, 0.0383020080626, 0.147783607244, 0.132602229714, 0.032954595983, 0.0231623891741, 0.0209913812578, 0.0203062426299, 0.0302915405482, 0.0323235429823, 0.0195901878178, 0.0332957319915, 0.0473387427628, 0.0245373863727, 0.0219129603356, 0.0238240323961, 0.030775103718, 0.0374061316252, 0.0436043590307, 0.0308118257672, 0.0275157503784, 0.0263481531292, 0.0579831339419, 0.159768477082, 0.0712647736073, 0.0363329425454, 0.0430771186948, 0.0403677858412, 0.0290397368371, 0.0271531753242, 0.0259785298258, 0.0277288481593, 0.0495102405548, 0.114780962467, 0.0592409260571], "mean": [0.0803793892264, 0.0769897252321, 0.134426221251, 0.327116250992, 0.32208186388, 0.125485792756, 0.0646223127842, 0.0572669245303, 0.0600916706026, 0.0817477628589, 0.0834309309721, 0.0656682625413, 0.0959711745381, 0.114531032741, 0.0809280797839, 0.063104622066, 0.0668379962444, 0.0758742690086, 0.0943459570408, 0.0979505106807, 0.0794661343098, 0.0682111382484, 0.0654658153653, 0.182150125504, 0.323694646358, 0.229912102222, 0.101245097816, 0.101786956191, 0.0995086729527, 0.0794443935156, 0.0716899260879, 0.0664935261011, 0.0699834227562, 0.14027543366, 0.208782583475, 0.148943066597]}, "tuning_equal_tempered_deviation": 0.203091010451, "chords_changes_rate": 0.0781886279583, "key_key": "A#", "tuning_diatonic_strength": 0.527989923954, "key_scale": "minor", "chords_number_rate": 0.00146603677422, "tuning_frequency": 434.193115234, "tuning_nontempered_energy_ratio": 0.886169135571, "chords_histogram": [39.4038124084, 9.25232124329, 9.23603153229, 11.0604333878, 0, 4.6424498558, 0.57012540102, 12.7545204163, 1.22169733047, 0.961068570614, 0, 0, 0, 0, 0.798175573349, 0, 0.0651571899652, 0.244339466095, 0.602704048157, 0.0651571899652, 0.0977357849479, 0.0814464911819, 4.36553192139, 4.57729291916], "key_strength": 0.654660582542, "chords_key": "A#", "chords_strength": {"dmean2": 0.0120374718681, "median": 0.496476173401, "min": 0.220630452037, "dvar2": 0.000114329588541, "dvar": 9.62560661719e-05, "dmean": 0.011931004934, "max": 0.766634166241, "var": 0.0103760985658, "mean": 0.494972109795}, "chords_scale": "minor", "hpcp_entropy": {"dmean2": 1.15447282791, "median": 2.01089715958, "min": 0, "dvar2": 0.919209122658, "dvar": 0.337294310331, "dmean": 0.694003164768, "max": 4.54887294769, "var": 0.657619297504, "mean": 2.04346704483}}, "metadata": {"audio_properties": {"equal_loudness": 0, "codec": "mp3", "downmix": "mix", "sample_rate": 44100, "analysis_sample_rate": 44100, "bit_rate": 306317, "md5_encoded": "c9102fed9e43daf8d21978762f3e6693", "length": 285.022033691, "replay_gain": -14.7173347473, "lossless": false}, "version": {"essentia_build_sha": "70f2e5ece6736b2c40cc944ad0e695b16b925413", "essentia": "2.1-beta2", "extractor": "music 1.0", "essentia_git_sha": "v2.1_beta2"}, "tags": {"musicbrainz_recordingid": ["1990c84d-74eb-4a9c-989b-3e3c3824fe5b"], "file_name": "2187365.mp3"}}, "rhythm": {"bpm_histogram_first_peak_bpm": {"dmean2": 0, "median": 99, "min": 99, "dvar2": 0, "dvar": 0, "dmean": 0, "max": 99, "var": 0, "mean": 99}, "bpm": 98.9533691406, "bpm_histogram_second_peak_spread": {"dmean2": 0, "median": 0.462686538696, "min": 0.462686538696, "dvar2": 0, "dvar": 0, "dmean": 0, "max": 0.462686538696, "var": 0, "mean": 0.462686538696}, "bpm_histogram_first_peak_weight": {"dmean2": 0, "median": 0.709611475468, "min": 0.709611475468, "dvar2": 0, "dvar": 0, "dmean": 0, "max": 0.709611475468, "var": 0, "mean": 0.709611475468}, "onset_rate": 5.12214994431, "beats_position": [0.615328788757, 1.25387752056, 1.89242625237, 2.53097510338, 3.15791368484, 3.7732424736, 4.40018129349, 5.0387301445, 5.67727899551, 6.31582736969, 6.94276618958, 7.55809497833, 8.18503379822, 8.82358264923, 9.46213150024, 10.1006803513, 10.71600914, 11.3313379288, 11.9350566864, 12.5503854752, 13.1541042328, 13.7578229904, 14.3731517792, 14.9768705368, 15.5805892944, 16.1843090057, 16.7880268097, 17.4033565521, 18.0186843872, 18.6224040985, 19.2261219025, 19.8298416138, 20.45677948, 21.0604991913, 21.6526069641, 22.2447166443, 22.8600444794, 23.4753742218, 24.0790920258, 24.6828117371, 25.286529541, 25.8902492523, 26.4939670563, 27.0976867676, 27.7014045715, 28.3051242828, 28.9204521179, 29.5357818604, 30.1511096954, 30.7664394379, 31.3701572418, 31.9738769531, 32.5775947571, 33.1697044373, 33.7618141174, 34.3655319214, 34.9692497253, 35.572971344, 36.1999092102, 36.8152389526, 37.4189567566, 38.0110664368, 38.6147842407, 39.2185020447, 39.8222198486, 40.4259414673, 41.0296592712, 41.6333770752, 42.2487068176, 42.8640365601, 43.467754364, 44.071472168, 44.6751937866, 45.2789115906, 45.8826293945, 46.4863471985, 47.0900688171, 47.7053947449, 48.3207244873, 48.9244422913, 49.5281639099, 50.1318817139, 50.7355995178, 51.3393173218, 51.9430389404, 52.5467567444, 53.1504745483, 53.7658042908, 54.3811340332, 54.9848518372, 55.5885696411, 56.1922874451, 56.7960090637, 57.3997268677, 58.0034446716, 58.6071662903, 59.2341041565, 59.8378219604, 60.4415397644, 61.0452613831, 61.648979187, 62.252696991, 62.8564147949, 63.4601364136, 64.0638504028, 64.67918396, 65.2828979492, 65.8750076294, 66.478729248, 67.0824508667, 67.7093887329, 68.3131027222, 68.9168243408, 69.5205459595, 70.1242599487, 70.7279815674, 71.3433074951, 71.9586410522, 72.5623550415, 73.1660766602, 73.7697982788, 74.396736145, 75.0236740112, 75.6506118774, 76.2543258667, 76.8696594238, 77.461769104, 78.0306549072, 78.6227645874, 79.2264862061, 79.8302001953, 80.433921814, 81.0376434326, 81.6413574219, 82.256690979, 82.8604049683, 83.4757385254, 84.0794525146, 84.6831741333, 85.2868881226, 85.8906097412, 86.4943313599, 87.0980453491, 87.7017669678, 88.3054885864, 88.9092025757, 89.5129241943, 90.116645813, 90.7319717407, 91.3356933594, 91.9510192871, 92.5547409058, 93.158454895, 93.7621765137, 94.3658905029, 94.9696121216, 95.5849380493, 96.188659668, 96.8155975342, 97.4077072144, 98.011428833, 98.6035385132, 99.2188644409, 99.8225860596, 100.426300049, 101.030021667, 101.645347595, 102.260681152, 102.864395142, 103.46811676, 104.071838379, 104.675552368, 105.279273987, 105.882987976, 106.486709595, 107.090431213, 107.705757141, 108.30947876, 108.924804688, 109.528526306, 110.132240295, 110.735961914, 111.339683533, 111.943397522, 112.547119141, 113.162445068, 113.777778625, 114.393104553, 115.008430481, 115.635368347, 116.227478027, 116.79637146, 117.400085449, 118.003807068, 118.607528687, 119.211242676, 119.838180542, 120.441902161, 121.045623779, 121.649337769, 122.253059387, 122.856781006, 123.460494995, 124.064216614, 124.667930603, 125.28326416, 125.898590088, 126.490699768, 127.106025696, 127.709747314, 128.313461304, 128.917190552, 129.520904541, 130.12461853, 130.728347778, 131.332061768, 131.947387695, 132.562713623, 133.17805481, 133.781768799, 134.397094727, 135.000808716, 135.592926025, 136.185028076, 136.788757324, 137.404083252, 138.01940918, 138.623123169, 139.226852417, 139.830566406, 140.434280396, 141.037994385, 141.641723633, 142.245437622, 142.849151611, 143.452880859, 144.079818726, 144.683532715, 145.287246704, 145.890975952, 146.494689941, 147.098403931, 147.702133179, 148.305847168, 148.909561157, 149.524902344, 150.140228271, 150.755554199, 151.359268188, 151.962997437, 152.578323364, 153.065933228, 153.541946411, 154.017959595, 154.505569458, 154.969970703, 155.434371948, 155.910385132, 156.374786377, 156.839187622, 157.291976929, 157.756362915, 158.209152222, 158.673553467, 159.126342773, 159.567520142, 160.031921387, 160.484710693, 161.088439941, 161.680541992, 162.284255981, 162.887985229, 163.503311157, 164.107025146, 164.722351074, 165.314468384, 165.906570435, 166.510284424, 167.114013672, 167.717727661, 168.32144165, 168.925170898, 169.528884888, 170.132598877, 170.736328125, 171.340042114, 171.943756104, 172.547485352, 173.151199341, 173.766525269, 174.370239258, 174.973968506, 175.589294434, 176.193008423, 176.796737671, 177.40045166, 178.004165649, 178.607894897, 179.223220825, 179.826934814, 180.442260742, 181.04598999, 181.649703979, 182.253417969, 182.857131958, 183.460861206, 184.064575195, 184.668289185, 185.272018433, 185.875732422, 186.49105835, 187.106384277, 187.710113525, 188.313827515, 188.917541504, 189.521270752, 190.124984741, 190.72869873, 191.344039917, 191.959365845, 192.597915649, 193.201629639, 193.793731689, 194.374237061, 194.97795105, 195.570068359, 196.185394287, 196.789108276, 197.404434204, 198.019775391, 198.62348938, 199.227203369, 199.830932617, 200.423034668, 201.038360596, 201.642089844, 202.245803833, 202.849517822, 203.453231812, 204.068572998, 204.683898926, 205.287612915, 205.891326904, 206.495056152, 207.098770142, 207.702484131, 208.306213379, 208.909927368, 209.525253296, 210.140579224, 210.744308472, 211.359634399, 211.974960327, 212.578674316, 213.182403564, 213.786117554, 214.389831543, 215.005172729, 215.608886719, 216.212600708, 216.804718018, 217.408432007, 218.000534058, 218.615875244, 219.219589233, 219.823303223, 220.427032471, 221.03074646, 221.646072388, 222.261398315, 222.865127563, 223.468841553, 224.072555542, 224.676269531, 225.279998779, 225.883712769, 226.487426758, 227.091156006, 227.706481934, 228.310195923, 228.925521851, 229.529251099, 230.132965088, 230.736679077, 231.340408325, 231.944122314, 232.547836304, 233.151565552, 233.766891479, 234.370605469, 234.985931396, 235.589660645, 236.193374634, 236.797088623, 237.400817871, 238.00453186, 238.60824585, 239.211975098, 239.827301025, 240.442626953, 241.046340942, 241.65007019, 242.25378418, 242.857498169, 243.461227417, 244.064941406, 244.668655396, 245.272369385, 245.887710571, 246.503036499, 247.106750488, 247.710464478, 248.314193726, 248.917907715, 249.521621704, 249.986022949, 250.450424194, 250.926437378, 251.402450562, 251.866836548, 252.342849731, 252.818862915, 253.294876099, 253.759277344, 254.235275269, 254.711288452, 255.187301636, 255.663299561, 256.139312744, 256.626922607, 257.091339111, 257.555725098, 258.008514404, 258.461303711, 258.925720215, 259.390106201, 259.866119385, 260.365356445, 260.876190186, 261.375427246, 261.851409912, 262.327423096, 262.815063477, 263.30267334, 263.778686523, 264.24307251, 264.695861816, 265.148651123, 265.60144043, 266.054229736, 266.51864624, 266.971435547, 267.435821533, 267.87701416, 268.329803467, 268.782592773, 269.23538208, 269.688171387, 270.140960693, 270.59375, 271.046539307, 271.487701416, 271.95211792, 272.404907227, 272.857696533, 273.32208252, 273.774871826, 274.227661133, 274.680450439, 275.144836426, 275.597625732, 276.050415039, 276.503204346, 276.955993652, 277.408782959, 277.861572266, 278.314361572, 278.767150879, 279.219940186, 279.672729492, 280.125518799, 280.589935303, 281.054321289, 281.518737793, 281.983123779, 282.447509766, 282.91192627, 283.364715576, 283.829101562, 284.281890869], "beats_loudness": {"dmean2": 0.0775446891785, "median": 0.0431856960058, "min": 3.2268200556e-08, "dvar2": 0.00522069865838, "dvar": 0.00195371778682, "dmean": 0.0484087876976, "max": 0.204873159528, "var": 0.00245112064295, "mean": 0.0570295453072}, "danceability": 1.27543663979, "bpm_histogram_second_peak_weight": {"dmean2": 0, "median": 0.073619633913, "min": 0.073619633913, "dvar2": 0, "dvar": 0, "dmean": 0, "max": 0.073619633913, "var": 0, "mean": 0.073619633913}, "beats_count": 490, "bpm_histogram_second_peak_bpm": {"dmean2": 0, "median": 133, "min": 133, "dvar2": 0, "dvar": 0, "dmean": 0, "max": 133, "var": 0, "mean": 133}, "bpm_histogram_first_peak_spread": {"dmean2": 0, "median": 0.0987012386322, "min": 0.0987012386322, "dvar2": 0, "dvar": 0, "dmean": 0, "max": 0.0987012386322, "var": 0, "mean": 0.0987012386322}, "beats_loudness_band_ratio": {"dmean2": [0.477327287197, 0.303298711777, 0.309784650803, 0.146626606584, 0.115153223276, 0.202904462814], "median": [0.446481287479, 0.124612599611, 0.0992355644703, 0.0416529923677, 0.0418410971761, 0.0520180761814], "min": [0.000288300187094, 0.000550195865799, 0.000262045417912, 0.000125055608805, 7.19882227713e-05, 0.00013983824465], "dvar2": [0.122510999441, 0.0658824965358, 0.0769687369466, 0.0241578873247, 0.0136878341436, 0.0600670464337], "dvar": [0.0399260669947, 0.0232243426144, 0.0287268683314, 0.00943672470748, 0.00581007963046, 0.0222279988229], "dmean": [0.326907485723, 0.169598847628, 0.177321538329, 0.084979891777, 0.0640333890915, 0.115233071148], "max": [0.986632823944, 0.876744627953, 0.750924408436, 0.707092583179, 0.849600493908, 0.887193202972], "var": [0.0877397432923, 0.0252466648817, 0.0344869792461, 0.0108863441274, 0.00667839264497, 0.0186757296324], "mean": [0.458226293325, 0.169821634889, 0.182004198432, 0.0849292054772, 0.0616426989436, 0.0950391963124]}}, "lowlevel": {"barkbands_spread": {"dmean2": 18.1321334839, "median": 21.3767433167, "min": 0.18328243494, "dvar2": 457.157867432, "dvar": 226.829040527, "dmean": 11.8475189209, "max": 139.355331421, "var": 511.492584229, "mean": 28.1590423584}, "melbands_spread": {"dmean2": 19.230342865, "median": 18.563741684, "min": 0.138111650944, "dvar2": 970.839904785, "dvar": 449.822967529, "dmean": 12.4305992126, "max": 272.45916748, "var": 787.11895752, "mean": 25.9132499695}, "hfc": {"dmean2": 18.5503864288, "median": 22.6563587189, "min": 1.0261617544e-16, "dvar2": 513.490661621, "dvar": 250.864700317, "dmean": 12.7748775482, "max": 174.205123901, "var": 649.637817383, "mean": 28.6297264099}, "barkbands_kurtosis": {"dmean2": 13.6492700577, "median": 2.53751373291, "min": -1.97017538548, "dvar2": 2371.21264648, "dvar": 1031.57885742, "dmean": 8.69656467438, "max": 1183.68310547, "var": 1280.56311035, "mean": 10.295759201}, "gfcc": {"mean": [8.29219150543, 63.4080314636, -88.5965194702, 27.5295600891, -59.0785713196, 16.2467441559, -34.5228347778, 10.7946643829, -14.0598096848, 1.70292282104, -13.8365001678, 4.62464857101, -9.21996021271], "icov": [[0.000112627538329, -1.55483394337e-05, 8.8918088295e-05, -0.000140913762152, 0.000172013023985, -0.000149945422891, 0.000162247742992, -0.00023446069099, 0.000214382453123, -0.000190620688954, 0.000194598163944, -0.000344460422639, 0.000148281789734], [-1.55483394337e-05, 0.000803655886557, 0.000105213839561, 0.000340836559189, -0.000379060104024, 0.000386169471312, -0.000380054814741, 0.000200110225705, -0.000708455743734, 0.00069943908602, -0.000844085298013, 0.000265599606792, -0.000426941551268], [8.8918088295e-05, 0.000105213839561, 0.00134419358801, -0.000588268972933, 5.43115856999e-05, -0.00075799471233, 0.000135769296321, -0.00024543487234, 0.000417308474425, -0.000411381595768, 0.00074047507951, -0.000903417647351, -0.000194746578927], [-0.000140913762152, 0.000340836559189, -0.000588268972933, 0.002220479073, -0.000613796466496, -0.000254865066381, 0.000250619865255, 0.000380580837373, -0.000757811532822, 0.000567934417631, -0.00117084837984, 0.000316613353789, -0.000647443113849], [0.000172013023985, -0.000379060104024, 5.43115856999e-05, -0.000613796466496, 0.00371685647406, -0.00070578121813, -0.000173504449776, -6.07014335401e-05, -0.000327357964125, -0.000636478303932, -0.000238314620219, -7.00446034898e-05, 0.000109199718281], [-0.000149945422891, 0.000386169471312, -0.00075799471233, -0.000254865066381, -0.00070578121813, 0.00523970788345, -0.00204358925112, 0.000228171105846, -0.000703167461324, -7.52914047553e-06, -0.00129375315737, 0.00103640614543, -0.000689451990183], [0.000162247742992, -0.000380054814741, 0.000135769296321, 0.000250619865255, -0.000173504449776, -0.00204358925112, 0.00572881195694, -0.00357567775063, 0.00123703689314, -0.000562557892408, 0.00108547438867, -0.000961307436228, -0.000580501742661], [-0.00023446069099, 0.000200110225705, -0.00024543487234, 0.000380580837373, -6.07014335401e-05, 0.000228171105846, -0.00357567775063, 0.00922559481114, -0.00336702214554, 0.000476316869026, -0.00159274938051, -0.000550325203221, -0.000785496435128], [0.000214382453123, -0.000708455743734, 0.000417308474425, -0.000757811532822, -0.000327357964125, -0.000703167461324, 0.00123703689314, -0.00336702214554, 0.0104444054887, -0.00489005399868, 0.000908687419724, -0.00106209435035, -0.000175201785169], [-0.000190620688954, 0.00069943908602, -0.000411381595768, 0.000567934417631, -0.000636478303932, -7.52914047553e-06, -0.000562557892408, 0.000476316869026, -0.00489005399868, 0.011893639341, -0.00460321409628, 0.00108079588972, -0.0001305234764], [0.000194598163944, -0.000844085298013, 0.00074047507951, -0.00117084837984, -0.000238314620219, -0.00129375315737, 0.00108547438867, -0.00159274938051, 0.000908687419724, -0.00460321409628, 0.0123233869672, -0.00360115640797, 0.000166681027622], [-0.000344460422639, 0.000265599606792, -0.000903417647351, 0.000316613353789, -7.00446034898e-05, 0.00103640614543, -0.000961307436228, -0.000550325203221, -0.00106209435035, 0.00108079588972, -0.00360115640797, 0.011576785706, -0.0024028965272], [0.000148281789734, -0.000426941551268, -0.000194746578927, -0.000647443113849, 0.000109199718281, -0.000689451990183, -0.000580501742661, -0.000785496435128, -0.000175201785169, -0.0001305234764, 0.000166681027622, -0.0024028965272, 0.0117153888568]], "cov": [[12847.0039062, -847.75012207, -2.32303833961, 690.106994629, -507.778625488, 235.926803589, -168.380828857, 215.223770142, -98.4629058838, 111.060012817, 6.66103124619, 323.971801758, -64.5763244629], [-847.75012207, 1865.2911377, -395.511444092, -312.919403076, 183.910552979, -107.818023682, 134.682754517, 65.4226303101, 124.666885376, -14.7821273804, 106.295547485, -7.66612863541, 56.4541893005], [-2.32303833961, -395.511444092, 1178.63354492, 413.696563721, 79.4993057251, 261.076934814, 88.8757858276, 73.2979049683, 26.976436615, 60.7368774414, 19.6766872406, 95.5974121094, 72.4205932617], [690.106994629, -312.919403076, 413.696563721, 744.520874023, 106.977180481, 174.196807861, 3.5118534565, 41.9028244019, 59.3487739563, 60.7975654602, 74.4284210205, 60.9178199768, 53.1225090027], [-507.778625488, 183.910552979, 79.4993057251, 106.977180481, 368.821960449, 93.5612640381, 79.4064788818, 49.9910392761, 73.6234436035, 53.0003700256, 60.5375137329, 14.3655376434, 33.4941139221], [235.926803589, -107.818023682, 261.076934814, 174.196807861, 93.5612640381, 337.5284729, 146.792205811, 90.3067321777, 55.7224502563, 60.5446128845, 54.8193893433, 38.4045639038, 47.9764099121], [-168.380828857, 134.682754517, 88.8757858276, 3.5118534565, 79.4064788818, 146.792205811, 333.982513428, 151.550231934, 51.0347366333, 38.1048278809, 36.7807044983, 44.6102905273, 53.1338996887], [215.223770142, 65.4226303101, 73.2979049683, 41.9028244019, 49.9910392761, 90.3067321777, 151.550231934, 213.694992065, 84.825378418, 52.7990264893, 53.6665992737, 52.6547470093, 41.7731628418], [-98.4629058838, 124.666885376, 26.976436615, 59.3487739563, 73.6234436035, 55.7224502563, 51.0347366333, 84.825378418, 174.147949219, 82.3174362183, 54.0043334961, 29.5590000153, 29.1428184509], [111.060012817, -14.7821273804, 60.7368774414, 60.7975654602, 53.0003700256, 60.5446128845, 38.1048278809, 52.7990264893, 82.3174362183, 145.66242981, 65.7415237427, 25.4469680786, 18.0602989197], [6.66103124619, 106.295547485, 19.6766872406, 74.4284210205, 60.5375137329, 54.8193893433, 36.7807044983, 53.6665992737, 54.0043334961, 65.7415237427, 138.334594727, 45.4015274048, 25.1963596344], [323.971801758, -7.66612863541, 95.5974121094, 60.9178199768, 14.3655376434, 38.4045639038, 44.6102905273, 52.6547470093, 29.5590000153, 25.4469680786, 45.4015274048, 126.457023621, 34.459602356], [-64.5763244629, 56.4541893005, 72.4205932617, 53.1225090027, 33.4941139221, 47.9764099121, 53.1338996887, 41.7731628418, 29.1428184509, 18.0602989197, 25.1963596344, 34.459602356, 107.663414001]]}, "spectral_energyband_middle_low": {"dmean2": 0.0134242847562, "median": 0.00990463234484, "min": 1.72633790384e-22, "dvar2": 0.000448018457973, "dvar": 0.000175907232915, "dmean": 0.00871917512268, "max": 0.181802138686, "var": 0.000230624951655, "mean": 0.0143399517983}, "melbands_crest": {"dmean2": 6.10294818878, "median": 16.7716960907, "min": 1.5640720129, "dvar2": 30.2579936981, "dvar": 13.9587717056, "dmean": 3.99123430252, "max": 37.9486312866, "var": 59.1939353943, "mean": 18.148891449}, "spectral_kurtosis": {"dmean2": 2.65121412277, "median": 2.69386434555, "min": -1.26961708069, "dvar2": 18.86186409, "dvar": 8.19600009918, "dmean": 1.72636187077, "max": 147.20173645, "var": 26.1192722321, "mean": 3.78345775604}, "spectral_rms": {"dmean2": 0.00149110611528, "median": 0.00550880562514, "min": 3.12145383326e-12, "dvar2": 3.06087440549e-06, "dvar": 1.62414369242e-06, "dmean": 0.00104589259718, "max": 0.0153472246602, "var": 8.13797851151e-06, "mean": 0.00567515473813}, "zerocrossingrate": {"dmean2": 0.02328203246, "median": 0.06005859375, "min": 0.001953125, "dvar2": 0.000670000270475, "dvar": 0.000593002710957, "dmean": 0.0208824854344, "max": 0.5244140625, "var": 0.00355330808088, "mean": 0.0748285055161}, "silence_rate_60dB": {"dmean2": 0.0436695441604, "median": 0, "min": 0, "dvar2": 0.0497383773327, "dvar": 0.0213542226702, "dmean": 0.0218329932541, "max": 1, "var": 0.0632527992129, "mean": 0.067855976522}, "erbbands_kurtosis": {"dmean2": 2.87343621254, "median": 0.0193147659302, "min": -1.90957272053, "dvar2": 19.4451999664, "dvar": 8.5983581543, "dmean": 1.80926311016, "max": 65.2437057495, "var": 12.2052774429, "mean": 1.09503662586}, "erbbands": {"dmean2": [0.413771510124, 1.77506422997, 3.42438602448, 11.1750459671, 18.9245948792, 17.8792419434, 18.0231723785, 30.0394668579, 48.473651886, 49.4716186523, 46.5314178467, 40.427444458, 28.0243148804, 35.6121368408, 28.0016498566, 31.3413391113, 27.2525787354, 24.5864582062, 22.528799057, 19.0905971527, 18.8388118744, 23.2046298981, 19.762008667, 22.6457805634, 12.6732769012, 8.15982055664, 10.5773162842, 13.5668258667, 13.8933095932, 16.5227012634, 18.4703979492, 12.427485466, 6.04607820511, 3.03986859322, 1.73154878616, 0.585558474064, 0.193577691913, 0.0577977485955, 0.00627139536664, 0.000323017127812], "median": [0.402640283108, 1.21636033058, 0.417032241821, 1.56180167198, 3.85391020775, 3.58908820152, 3.7029209137, 4.47500276566, 8.33307361603, 10.451675415, 8.41699409485, 7.62747764587, 6.41769742966, 9.29533958435, 6.72687625885, 4.572930336, 5.1519203186, 4.65404129028, 5.8209271431, 6.90110397339, 7.76338386536, 6.40336179733, 5.10330438614, 5.97946357727, 4.10580635071, 2.70577192307, 2.88851308823, 4.23164606094, 4.62653017044, 4.65360450745, 3.97708654404, 2.23676848412, 1.45017957687, 0.995870709419, 0.509115695953, 0.164626806974, 0.0439411848783, 0.0120171299204, 0.00142182933632, 0.000131439068355], "min": [9.46630498801e-23, 3.56311683928e-22, 4.79478957917e-21, 5.15721706819e-21, 1.46840682288e-20, 2.51232717361e-20, 4.01498218191e-20, 6.07468000174e-20, 1.17934952717e-19, 2.70079226287e-19, 3.75124313992e-19, 3.3093203467e-19, 6.18534642794e-19, 9.05614498621e-19, 1.06290919935e-18, 1.13780637131e-18, 2.03572788344e-18, 1.42383457039e-18, 2.42671734063e-18, 4.25630623196e-18, 3.96928696711e-18, 4.56055980487e-18, 5.37007308031e-18, 6.28183125613e-18, 6.93137028265e-18, 7.51853906379e-18, 9.00217021047e-18, 9.62051749685e-18, 1.13648561203e-17, 1.25069692074e-17, 1.18944990393e-17, 1.2264605288e-17, 1.14354932087e-17, 7.61450442256e-18, 6.77558735788e-18, 4.50688033261e-18, 2.6439945265e-18, 9.50777215898e-19, 2.46233160191e-19, 2.67145006628e-20], "dvar2": [1.68597495556, 31.0384864807, 199.635665894, 1232.07226562, 1115.27453613, 1040.18212891, 1431.02978516, 3919.39257812, 9010.54882812, 9357.07421875, 11526.3251953, 9005.48925781, 5004.36914062, 8285.01757812, 6212.88232422, 8725.94335938, 5407.98583984, 4666.94580078, 3758.81958008, 2015.33996582, 1114.18395996, 1969.74072266, 1663.08166504, 2217.85498047, 790.776123047, 343.773193359, 508.676483154, 812.028747559, 708.323913574, 960.01385498, 1080.96484375, 479.364746094, 110.456840515, 24.3726654053, 7.86102342606, 1.31532120705, 0.205074816942, 0.0189464427531, 0.000188620731933, 4.05475873322e-07], "dvar": [0.91136944294, 14.1274223328, 84.9485702515, 453.208557129, 430.433654785, 448.838012695, 600.686828613, 1784.2166748, 4118.984375, 3735.6484375, 4798.90332031, 3930.25268555, 2189.8371582, 3239.33154297, 2500.16235352, 3808.59106445, 2434.24487305, 1995.27331543, 1566.51159668, 887.815612793, 471.809783936, 824.556884766, 792.439941406, 1016.52026367, 333.90335083, 160.269454956, 266.36895752, 406.761413574, 349.65246582, 449.223754883, 477.734161377, 228.543273926, 52.5413246155, 11.4365348816, 3.77161240578, 0.58748871088, 0.0877231061459, 0.00781201338395, 7.80263435445e-05, 1.72368359586e-07], "dmean": [0.29862177372, 1.20678162575, 2.2156829834, 6.57026672363, 11.392411232, 10.930267334, 11.0732660294, 18.9796123505, 30.425573349, 29.8146533966, 28.919713974, 25.7798748016, 18.2980709076, 22.4953708649, 17.6192893982, 19.9287605286, 17.4115428925, 15.5036125183, 14.2340564728, 12.2215423584, 11.9433736801, 14.7981948853, 12.9373073578, 14.7498435974, 8.13737869263, 5.50571155548, 7.00361585617, 8.91314888, 9.20682239532, 10.9160385132, 11.9000139236, 8.1781167984, 4.03969240189, 2.03147673607, 1.1579362154, 0.380756497383, 0.123306721449, 0.0367324315012, 0.00406792899594, 0.000211998791201], "max": [12.2626571655, 45.892780304, 102.687469482, 283.830078125, 293.108856201, 274.575866699, 435.711303711, 596.385192871, 815.654785156, 966.954711914, 851.765563965, 837.194519043, 936.241943359, 1287.26623535, 1077.8371582, 1616.8026123, 1010.50158691, 1147.65368652, 1398.44335938, 709.061950684, 466.086517334, 545.210510254, 760.346374512, 809.572875977, 426.555145264, 313.066925049, 393.05682373, 711.212402344, 397.218841553, 333.932220459, 372.247558594, 345.133178711, 133.642959595, 55.850402832, 31.1050357819, 13.8438539505, 7.461830616, 2.40702414513, 0.157172679901, 0.00840579625219], "var": [2.57093453407, 29.536491394, 80.2586517334, 325.706695557, 454.481872559, 593.419128418, 797.885742188, 2363.8293457, 5040.76025391, 3777.10986328, 5131.38671875, 4921.73339844, 2786.21972656, 5151.66943359, 2840.21289062, 4694.84130859, 3157.74121094, 2284.22802734, 1830.5135498, 1131.36206055, 692.316894531, 1101.28588867, 1209.16296387, 1505.95166016, 440.118408203, 263.446777344, 483.430358887, 664.434753418, 591.754577637, 706.879821777, 701.65802002, 413.024230957, 94.3178634644, 18.7578773499, 5.74288225174, 0.858683526516, 0.112615428865, 0.00896379258484, 9.3750844826e-05, 2.2592013238e-07], "mean": [0.809133648872, 2.70769190788, 2.23727273941, 6.19933128357, 12.3857870102, 12.3560762405, 12.742023468, 21.2249603271, 32.5284156799, 32.4209518433, 31.3947315216, 31.4912433624, 23.5538654327, 36.5791091919, 23.3262863159, 22.485168457, 20.1054935455, 17.606256485, 17.5688076019, 16.3106803894, 16.9676647186, 18.8306827545, 16.5485305786, 19.2952785492, 11.4713859558, 8.36289596558, 10.2835102081, 12.5665597916, 12.7404346466, 14.2458610535, 14.1772956848, 10.3360071182, 5.49044942856, 2.72098731995, 1.48820245266, 0.483090907335, 0.149363920093, 0.04228714481, 0.00495778303593, 0.000298527244013]}, "spectral_strongpeak": {"dmean2": 0.772049844265, "median": 0.378621727228, "min": 0, "dvar2": 1.39368963242, "dvar": 0.560817658901, "dmean": 0.45632943511, "max": 8.18661689758, "var": 0.674245297909, "mean": 0.761952936649}, "spectral_energy": {"dmean2": 0.0215496141464, "median": 0.0311056114733, "min": 9.9870604453e-21, "dvar2": 0.00109397247434, "dvar": 0.000535706116352, "dmean": 0.0147495418787, "max": 0.24142575264, "var": 0.00177493749652, "mean": 0.041353944689}, "average_loudness": 0.93921226263, "spectral_rolloff": {"dmean2": 1819.43981934, "median": 947.4609375, "min": 43.06640625, "dvar2": 7729903, "dvar": 3646137.5, "dmean": 1072.35534668, "max": 20391.9433594, "var": 6682377, "mean": 1950.76000977}, "spectral_centroid": {"dmean2": 726.12487793, "median": 1224.18041992, "min": 119.03200531, "dvar2": 710130.5625, "dvar": 374060.15625, "dmean": 480.068481445, "max": 11667.3603516, "var": 1046213.375, "mean": 1476.87817383}, "pitch_salience": {"dmean2": 0.13917979598, "median": 0.520649492741, "min": 0.0307607017457, "dvar2": 0.0164371635765, "dvar": 0.00739597110078, "dmean": 0.0891029760242, "max": 0.950083374977, "var": 0.0239286255091, "mean": 0.50051176548}, "spectral_energyband_middle_high": {"dmean2": 0.00350483995862, "median": 0.00243973033503, "min": 1.2677753568e-21, "dvar2": 2.2966754841e-05, "dvar": 1.17110794235e-05, "dmean": 0.00241419044323, "max": 0.0534144639969, "var": 2.88881146844e-05, "mean": 0.00447257747874}, "spectral_contrast_coeffs": {"dmean2": [0.0965094417334, 0.101498879492, 0.0755337923765, 0.0612421371043, 0.0483238771558, 0.0369307361543], "median": [-0.643842101097, -0.723016142845, -0.766502559185, -0.797161400318, -0.800653398037, -0.775973558426], "min": [-0.974626600742, -0.987792670727, -0.974323511124, -0.980724990368, -0.969470202923, -0.965952277184], "dvar2": [0.00652495538816, 0.00705246161669, 0.00409894669428, 0.0027517573908, 0.00179622531869, 0.00104713905603], "dvar": [0.00292947771959, 0.0032792808488, 0.00177132606041, 0.00118567794561, 0.000870584859513, 0.000512646336574], "dmean": [0.0621373429894, 0.0658371523023, 0.0477588251233, 0.0391100421548, 0.0312798433006, 0.0244617369026], "max": [-0.215265065432, -0.335336923599, -0.457146584988, -0.532348036766, -0.527333199978, -0.580162346363], "var": [0.011442177929, 0.008354999125, 0.00522516900674, 0.00355129991658, 0.00279353489168, 0.00199307361618], "mean": [-0.636729478836, -0.712018370628, -0.762564480305, -0.78943669796, -0.789360165596, -0.773615717888]}, "melbands_skewness": {"dmean2": 2.00082206726, "median": 2.87179708481, "min": -3.39176845551, "dvar2": 5.90674257278, "dvar": 2.87527775764, "dmean": 1.34424066544, "max": 41.421131134, "var": 8.50058746338, "mean": 3.55133461952}, "spectral_spread": {"dmean2": 1610674.125, "median": 5880914, "min": 531172.4375, "dvar2": 3312672833540.0, "dvar": 1798086066180.0, "dmean": 1123545.625, "max": 52344028, "var": 8568437211140.0, "mean": 6243911.5}, "dissonance": {"dmean2": 0.039035115391, "median": 0.464323610067, "min": 0.132288113236, "dvar2": 0.00157621281687, "dvar": 0.000665952509735, "dmean": 0.0243504438549, "max": 0.500000059605, "var": 0.00131765555125, "mean": 0.454872757196}, "spectral_skewness": {"dmean2": 0.447000652552, "median": 1.42113947868, "min": -0.371389240026, "dvar2": 0.214503243566, "dvar": 0.109939828515, "dmean": 0.309497743845, "max": 10.619846344, "var": 0.432324230671, "mean": 1.46663761139}, "spectral_flux": {"dmean2": 0.0588893890381, "median": 0.10211481154, "min": 6.55909354608e-11, "dvar2": 0.00357392127626, "dvar": 0.00157253688667, "dmean": 0.0374312289059, "max": 0.443844050169, "var": 0.00456053065136, "mean": 0.10793312639}, "spectral_contrast_valleys": {"dmean2": [0.598453164101, 0.852701544762, 0.739700973034, 0.703252315521, 0.5724375844, 0.650866508484], "median": [-7.09462070465, -6.80402755737, -7.3998632431, -7.739112854, -7.61985874176, -9.364777565], "min": [-28.3822975159, -27.9597244263, -27.7538909912, -27.5354766846, -27.4889183044, -27.3746376038], "dvar2": [0.347234040499, 0.653325676918, 0.560213387012, 0.582763135433, 0.423626124859, 0.54132181406], "dvar": [0.169451668859, 0.279951572418, 0.255054026842, 0.268975734711, 0.218176797032, 0.279681444168], "dmean": [0.372690737247, 0.53770750761, 0.477425783873, 0.460288524628, 0.388219743967, 0.479844033718], "max": [-4.97211313248, -4.53491020203, -4.86845541, -5.40876865387, -5.44849681854, -7.4144821167], "var": [2.61909365654, 2.14027309418, 2.09232401848, 2.08786129951, 2.46681475639, 2.96142363548], "mean": [-7.46321725845, -6.94641017914, -7.54236745834, -7.93672943115, -7.8235783577, -9.68596553802]}, "erbbands_flatness_db": {"dmean2": 0.0386559665203, "median": 0.125332534313, "min": 0.032969687134, "dvar2": 0.0012435746612, "dvar": 0.000611187075265, "dmean": 0.0260340645909, "max": 0.448122888803, "var": 0.00233766203746, "mean": 0.133850201964}, "spectral_energyband_high": {"dmean2": 0.00188109045848, "median": 0.000759967253543, "min": 7.07752938103e-21, "dvar2": 8.09770699561e-06, "dvar": 4.16181183027e-06, "dmean": 0.00130432366859, "max": 0.0262563433498, "var": 8.63530840434e-06, "mean": 0.00200419826433}, "spectral_entropy": {"dmean2": 0.399669855833, "median": 7.7899646759, "min": 3.85318136215, "dvar2": 0.172491937876, "dvar": 0.0850672721863, "dmean": 0.275312513113, "max": 9.81520175934, "var": 0.316735595465, "mean": 7.74300003052}, "silence_rate_20dB": {"dmean2": 0, "median": 1, "min": 1, "dvar2": 0, "dvar": 0, "dmean": 0, "max": 1, "var": 0, "mean": 1}, "melbands_flatness_db": {"dmean2": 0.0547260791063, "median": 0.204307213426, "min": 0.00340082636103, "dvar2": 0.00340298679657, "dvar": 0.00168583518825, "dmean": 0.0370783172548, "max": 0.856935858727, "var": 0.00722078746185, "mean": 0.214625686407}, "barkbands": {"dmean2": [0.000687337131239, 0.0099015571177, 0.00315863243304, 0.00561461783946, 0.00505948159844, 0.00320822093636, 0.00376993627287, 0.00221787649207, 0.00178794458043, 0.000935051997658, 0.000911161361728, 0.00079777056817, 0.000624001899268, 0.000497459201142, 0.000420685013523, 0.000355742697138, 0.00041025687824, 0.000391926354496, 0.000348085915903, 0.000183722208021, 0.000303842563881, 0.00041419515037, 0.000609173439443, 0.000450521998573, 0.000244462833507, 0.000111596724309, 4.08716441598e-05], "median": [0.000221047986997, 0.00885740760714, 0.00016828122898, 0.000699235184584, 0.00130319804884, 0.000434560643043, 0.000617745448835, 0.000335368036758, 0.000338582554832, 0.000163696298841, 0.000214206287637, 0.000107482192107, 0.000105663435534, 8.251912368e-05, 0.000117440235044, 0.000127447274281, 0.000104077771539, 8.98245489225e-05, 9.95456211967e-05, 5.65308873774e-05, 8.96605415619e-05, 0.000134240282932, 0.000143171782838, 9.38629236771e-05, 8.11646459624e-05, 2.85792921204e-05, 8.66249865794e-06], "min": [1.08347106825e-24, 2.08558119211e-24, 3.68426678389e-24, 2.13450082342e-24, 1.03598302226e-23, 4.72962305143e-24, 8.87536439298e-24, 1.38019892838e-23, 1.82258076443e-23, 2.35212652403e-23, 1.83584561833e-23, 1.46915861489e-23, 3.86989601008e-23, 3.6801481411e-23, 4.24662442398e-23, 8.15067180037e-23, 6.70015033991e-23, 1.05372000752e-22, 9.83786226091e-23, 1.41966917357e-22, 1.89752349706e-22, 3.3223862784e-22, 3.8980583444e-22, 6.57457933479e-22, 8.88838889673e-22, 1.42479891515e-21, 1.8298634652e-21], "dvar2": [4.63204742118e-06, 0.000864253088366, 0.00016239361139, 0.000258655811194, 5.89609044255e-05, 3.85255552828e-05, 5.11750695296e-05, 2.5559009373e-05, 1.59597511811e-05, 5.94458833802e-06, 5.54465350433e-06, 5.44621798326e-06, 3.02652301798e-06, 1.68695498814e-06, 1.21912421491e-06, 4.71063998475e-07, 5.64871754705e-07, 6.64151343699e-07, 5.34694265752e-07, 1.76212992642e-07, 4.23465024824e-07, 6.04336264587e-07, 1.09492316369e-06, 5.85701684486e-07, 1.4381205915e-07, 5.36355848624e-08, 7.92097765157e-09], "dvar": [3.95788538299e-06, 0.000410308100982, 6.7344190029e-05, 9.16116259759e-05, 2.50851662713e-05, 1.72434229171e-05, 2.20849051402e-05, 1.02543299363e-05, 7.07064646122e-06, 2.46311333285e-06, 2.18681157094e-06, 2.30285900216e-06, 1.33120420287e-06, 7.25507334209e-07, 5.21472088622e-07, 2.02183414899e-07, 2.42421720031e-07, 3.11124210839e-07, 2.37878424514e-07, 8.26178521152e-08, 2.2141887257e-07, 2.9388129974e-07, 5.01035913203e-07, 2.88870324994e-07, 6.97976787478e-08, 2.36809789556e-08, 3.30616156674e-09], "dmean": [0.000595518969931, 0.00675294315442, 0.00194640632253, 0.00323299807496, 0.003142030444, 0.00201832875609, 0.00232712482102, 0.0013393482659, 0.00113872857764, 0.000590072071645, 0.000569461029954, 0.000498163455632, 0.000391264096834, 0.000307146343403, 0.000264910166152, 0.000223099603318, 0.000261636916548, 0.000252380472375, 0.000221084701479, 0.000125110876979, 0.000201996168471, 0.000274302146863, 0.000398754345952, 0.000302725587972, 0.000164975310327, 7.20739772078e-05, 2.64736736426e-05], "max": [0.0360362492502, 0.214753836393, 0.0935693830252, 0.150117635727, 0.0578052476048, 0.074159219861, 0.0626506134868, 