{"tonal": {"thpcp": [1, 0.943963587284, 0.869471609592, 0.693092763424, 0.512245595455, 0.471752822399, 0.511818408966, 0.674561202526, 0.801130414009, 0.571976065636, 0.395178973675, 0.500544667244, 0.575604438782, 0.5944429636, 0.622718214989, 0.647629678249, 0.633632838726, 0.620157659054, 0.550817787647, 0.546179115772, 0.725253343582, 0.830292403698, 0.889643251896, 0.968109071255, 0.828325748444, 0.752168655396, 0.852066993713, 0.709603846073, 0.570520281792, 0.683887064457, 0.744177877903, 0.806059718132, 0.841922461987, 0.726751506329, 0.749738872051, 0.933092653751], "hpcp": {"dmean2": [0.180066794157, 0.2006521523, 0.251916468143, 0.259742647409, 0.28587013483, 0.273540318012, 0.273593485355, 0.301610887051, 0.241504669189, 0.183769151568, 0.212194442749, 0.218319311738, 0.243953794241, 0.220291957259, 0.200162917376, 0.195379912853, 0.220442548394, 0.235136985779, 0.246007815003, 0.195855170488, 0.188362434506, 0.16511875391, 0.131592273712, 0.143574103713, 0.162599503994, 0.18635904789, 0.156479120255, 0.135204717517, 0.167834207416, 0.184811621904, 0.181578367949, 0.158472165465, 0.184753522277, 0.203158587217, 0.226555660367, 0.204851642251], "median": [0.0248806588352, 0.0233806222677, 0.0285782348365, 0.0364704281092, 0.0347914658487, 0.0309526994824, 0.0296936929226, 0.0272052418441, 0.0248151551932, 0.0220968555659, 0.0255179647356, 0.0278756078333, 0.02571881935, 0.0298685450107, 0.0284569263458, 0.0332270078361, 0.0446252785623, 0.0541607923806, 0.0462442599237, 0.037525832653, 0.0234677921981, 0.0176996178925, 0.0151057606563, 0.0191514436156, 0.0303245410323, 0.0320241898298, 0.0305410791188, 0.0244470816106, 0.0218400284648, 0.0214462820441, 0.0283921025693, 0.0270425993949, 0.0238066148013, 0.0214953124523, 0.0244141798466, 0.0250947698951], "min": [0, 0, 0, 0, 0, 0, 0, 0, 0, 0, 0, 0, 0, 0, 0, 0, 0, 0, 0, 0, 0, 0, 0, 0, 0, 0, 0, 0, 0, 0, 0, 0, 0, 0, 0, 0], "dvar2": [0.0902885273099, 0.107370883226, 0.151340544224, 0.140015244484, 0.170474424958, 0.175456374884, 0.16136276722, 0.192580103874, 0.128277570009, 0.0872547030449, 0.0983988121152, 0.109280742705, 0.13900822401, 0.110884681344, 0.0989816710353, 0.0931375399232, 0.0950842052698, 0.11378531903, 0.123590730131, 0.0828327462077, 0.0978745296597, 0.0828736051917, 0.0644524022937, 0.0607099086046, 0.0767752304673, 0.10329952836, 0.075481377542, 0.0625922307372, 0.0933573096991, 0.108061604202, 0.0965757519007, 0.0769774466753, 0.0983893573284, 0.116012841463, 0.13548104465, 0.118521176279], "dvar": [0.0334473252296, 0.043903183192, 0.0557835884392, 0.0519633106887, 0.0634552165866, 0.0611474514008, 0.0582976527512, 0.068280428648, 0.0469042733312, 0.0334970653057, 0.0385174080729, 0.04234104231, 0.049532994628, 0.0420225299895, 0.0350557006896, 0.0346407517791, 0.0374041423202, 0.0418729037046, 0.0457320399582, 0.0350998900831, 0.0367701090872, 0.0299352817237, 0.0238387193531, 0.0223713163286, 0.0297002568841, 0.038527097553, 0.0260369703174, 0.0230967663229, 0.0349013991654, 0.0410152673721, 0.0366242490709, 0.0306100454181, 0.0369616895914, 0.0405466854572, 0.0492587164044, 0.0439270548522], "dmean": [0.103741765022, 0.114181131124, 0.143437162042, 0.146622151136, 0.161445811391, 0.152338176966, 0.151227146387, 0.16864874959, 0.137154459953, 0.105395250022, 0.11982446909, 0.125802889466, 0.140678957105, 0.126766860485, 0.113449506462, 0.111088834703, 0.125835105777, 0.136165007949, 0.137574389577, 0.117918886244, 0.105978049338, 0.0912877395749, 0.0747564136982, 0.0831526145339, 0.0947430431843, 0.105323418975, 0.0883847102523, 0.0750985592604, 0.0951190218329, 0.103768706322, 0.103998832405, 0.0914596542716, 0.106156229973, 0.115181528032, 0.125412419438, 0.115753039718], "max": [1, 1, 1, 1, 1, 1, 1, 1, 1, 1, 1, 1, 1, 1, 1, 1, 1, 1, 1, 1, 1, 1, 1, 1, 1, 1, 1, 1, 1, 1, 1, 1, 1, 1, 1, 1], "var": [0.035198431462, 0.0665487423539, 0.0692441016436, 0.0669320821762, 0.0869247913361, 0.0629366487265, 0.0587709508836, 0.0719358846545, 0.049859918654, 0.0364284068346, 0.048814971, 0.0573866330087, 0.0649182796478, 0.0690104290843, 0.0495958514512, 0.0520232915878, 0.0676938518882, 0.0763495564461, 0.0709575787187, 0.0694218277931, 0.0536026321352, 0.0323844030499, 0.0312974378467, 0.0301488488913, 0.048219140619, 0.0709486529231, 0.0342422798276, 0.0198769420385, 0.0337244831026, 0.0443911328912, 0.0429354645312, 0.0455535277724, 0.0482397936285, 0.0494663305581, 0.0496151782572, 0.0398642681539], "mean": [0.101980403066, 0.135416433215, 0.155028909445, 0.166110664606, 0.180761486292, 0.15466170013, 0.140441954136, 0.159094572067, 0.132494419813, 0.106525287032, 0.127692684531, 0.138949945569, 0.150504276156, 0.157200425863, 0.135696157813, 0.139988273382, 0.1742233634, 0.186716035008, 0.176253139973, 0.162344291806, 0.129411533475, 0.095644466579, 0.0880838185549, 0.0955647081137, 0.125951394439, 0.149583891034, 0.106797099113, 0.0737862512469, 0.0934597179294, 0.107474580407, 0.110992029309, 0.116271480918, 0.120922841132, 0.118309408426, 0.115793377161, 0.102846510708]}, "tuning_equal_tempered_deviation": 0.284314662218, "chords_changes_rate": 0.10434782505, "key_key": "D#", "tuning_diatonic_strength": 0.511094689369, "key_scale": "major", "chords_number_rate": 0.0295652169734, "tuning_frequency": 436.456176758, "tuning_nontempered_energy_ratio": 0.926948189735, "chords_histogram": [10.2608699799, 5.73913049698, 9.04347801208, 6.95652151108, 0, 1.73913037777, 1.56521737576, 1.39130437374, 9.04347801208, 0, 6.26086950302, 0, 5.73913049698, 0, 0, 7.30434799194, 0, 2.9565217495, 5.73913049698, 15.3043479919, 0, 4.69565200806, 1.91304349899, 4.34782600403], "key_strength": 0.583817064762, "chords_key": "A#", "chords_strength": {"dmean2": 0.020692884922, "median": 0.499431997538, "min": -1, "dvar2": 0.00818937271833, "dvar": 0.00431355368346, "dmean": 0.0161524005234, "max": 0.706121444702, "var": 0.0963711291552, "mean": 0.445403456688}, "chords_scale": "minor", "hpcp_entropy": {"dmean2": 1.31906497478, "median": 1.7698597908, "min": 0, "dvar2": 1.18313920498, "dvar": 0.422192126513, "dmean": 0.76766616106, "max": 3.8427965641, "var": 0.930350422859, "mean": 1.74353253841}}, "metadata": {"audio_properties": {"equal_loudness": 0, "codec": "flac", "downmix": "mix", "sample_rate": 44100, "analysis_sample_rate": 44100, "bit_rate": 0, "md5_encoded": "37aea107a392031507a0778b52db8361", "length": 26.6565074921, "replay_gain": 1.05934333801, "lossless": true}, "version": {"essentia_build_sha": "2d9f1f26377add8aeb1075a9c2973f962c4f09fd", "essentia": "2.1-beta2", "extractor": "music 1.0", "essentia_git_sha": "v2.1_beta2-1-ge3940c0"}, "tags": {"title": ["Don Giovanni, KV 527: Atto secondo, no. 19. \"Dnuque quello sei tu che il mio Masetto\" (Zerlina, Donna Elvira, Don Ottavio, Masetto)"], "barcode": ["4988005499455"], "media": ["CD"], "albumartist": ["Herbert von Karajan"], "tracktotal": ["16"], "musicbrainz_releasegroupid": ["0eb70f80-7d09-4554-8b54-ebc157098ab6"], "releasetype": ["compilation"], "musicbrainz_recordingid": ["19958455-ad4e-429a-96e0-e0502ae6cbed"], "originalyear": ["2008"], "musicbrainz_releasetrackid": ["5e956f75-0cfa-4382-b968-f90046e6c746"], "discnumber": ["220"], "totaldiscs": ["24"], "album": ["Complete Recordings on Deutsche Grammophon (box 10: 1985-1989)"], "catalognumber": ["UCCG-90001"], "releasecountry": ["JP"], "file_name": "CD220 01 Don Giovanni, KV 527_ Atto secondo, no. 19. _Dnuque quello sei tu che il mio Masetto_ (Zerlina, Donna Elvira, Don Ottavio, Masetto).flac", "musicbrainz_albumartistid": ["d2ced2f1-6b58-47cf-ae87-5943e2ab6d99"], "albumartistsort": ["Karajan, Herbert von"], "genre": ["Classical"], "disctotal": ["24"], "musicbrainz_artistid": ["b972f589-fb0e-474e-b64a-803b0364fa75"], "originaldate": ["2008-04-05"], "musicbrainz_albumid": ["9b6aaf7c-c41b-47eb-a935-c7b7f47e3ea0"], "tracknumber": ["1"], "artistsort": ["Mozart, Wolfgang Amadeus"], "artist": ["Wolfgang Amadeus Mozart"], "label": ["Deutsche Grammophon"], "releasestatus": ["official"], "acoustid_id": ["f3b9d38e-48c7-49d0-a0a9-8904170e4a24"], "script": ["Qaaa"], "totaltracks": ["16"]}}, "rhythm": {"bpm_histogram_first_peak_bpm": {"dmean2": 0, "median": 172, "min": 172, "dvar2": 0, "dvar": 0, "dmean": 0, "max": 172, "var": 0, "mean": 172}, "bpm": 172.265640259, "bpm_histogram_second_peak_spread": {"dmean2": 0, "median": 0.416666686535, "min": 0.416666686535, "dvar2": 0, "dvar": 0, "dmean": 0, "max": 0.416666686535, "var": 0, "mean": 0.416666686535}, "bpm_histogram_first_peak_weight": {"dmean2": 0, "median": 0.16393442452, "min": 0.16393442452, "dvar2": 0, "dvar": 0, "dmean": 0, "max": 0.16393442452, "var": 0, "mean": 0.16393442452}, "onset_rate": 3.9372856617, "beats_position": [0.383129239082, 0.789478421211, 1.19582760334, 1.60217678547, 1.99691605568, 2.39165520668, 2.77478456497, 3.16952371597, 3.55265307426, 3.93578219414, 4.31891155243, 4.66721057892, 5.01551008224, 5.36380958557, 5.71210861206, 6.04879808426, 6.38548755646, 6.72217655182, 7.07047605515, 7.40716552734, 7.75546455383, 8.10376358032, 8.45206356049, 8.80036258698, 9.13705158234, 9.46213150024, 9.77560043335, 10.1006803513, 10.4257593155, 10.7508392334, 11.0991382599, 11.4358272552, 11.8886165619, 12.3530158997, 12.7941951752, 13.235373497, 13.6765527725, 14.1293420792, 14.5705213547, 15.0233106613, 15.4644899368, 15.9056682587, 16.3468475342, 16.7996368408, 17.2756462097, 17.7284355164, 18.2276649475, 18.7268924713, 19.2261219025, 19.760181427, 20.2826309204, 20.8282985687, 21.3739681244, 21.9312477112, 22.4885253906, 23.0458049774, 23.5914726257, 24.1487522125, 24.6828117371, 25.2168693542, 25.7509288788, 26.2965984344], "beats_loudness": {"dmean2": 0.0406182929873, "median": 0.00491776829585, "min": 0, "dvar2": 0.00406338600442, "dvar": 0.00144122960046, "dmean": 0.0215295180678, "max": 0.170293450356, "var": 0.000977832591161, "mean": 0.0155835933983}, "danceability": 1.11930298805, "bpm_histogram_second_peak_weight": {"dmean2": 0, "median": 0.114754095674, "min": 0.114754095674, "dvar2": 0, "dvar": 0, "dmean": 0, "max": 0.114754095674, "var": 0, "mean": 0.114754095674}, "beats_count": 62, "bpm_histogram_second_peak_bpm": {"dmean2": 0, "median": 136, "min": 136, "dvar2": 0, "dvar": 0, "dmean": 0, "max": 136, "var": 0, "mean": 136}, "bpm_histogram_first_peak_spread": {"dmean2": 0, "median": 0, "min": 0, "dvar2": 0, "dvar": 0, "dmean": 0, "max": 0, "var": 0, "mean": 0}, "beats_loudness_band_ratio": {"dmean2": [0.0637304931879, 0.21119427681, 0.462346822023, 0.392832189798, 0.290996015072, 0.107570804656], "median": [0.00162968470249, 0.0200314074755, 0.349779844284, 0.163835525513, 0.0972270965576, 0.0216849595308], "min": [0, 0, 0, 0, 0, 0], "dvar2": [0.0152350459248, 0.0794220715761, 0.0990640372038, 0.094293422997, 0.0886258929968, 0.0237753205001], "dvar": [0.00576904183254, 0.0321123078465, 0.0416166000068, 0.0412943251431, 0.0295781735331, 0.0115743502975], "dmean": [0.0369533151388, 0.129352033138, 0.257139593363, 0.216835722327, 0.160714477301, 0.0593020692468], "max": [0.406235694885, 0.845433235168, 0.97004532814, 0.871822237968, 0.808165132999, 0.700333118439], "var": [0.00470782164484, 0.032845236361, 0.073339946568, 0.0516881793737, 0.0381797403097, 0.0122079988942], "mean": [0.0275172740221, 0.101654388011, 0.392554789782, 0.22889457643, 0.176337584853, 0.0548168197274]}}, "lowlevel": {"barkbands_spread": {"dmean2": 7.93046569824, "median": 14.0152854919, "min": 0.60021597147, "dvar2": 103.720832825, "dvar": 43.8726615906, "dmean": 4.92246294022, "max": 80.702507019, "var": 133.997940063, "mean": 15.9467372894}, "melbands_spread": {"dmean2": 14.5164747238, "median": 18.5185604095, "min": 0.581064879894, "dvar2": 433.909576416, "dvar": 213.994827271, "dmean": 9.2661819458, "max": 226.320846558, "var": 1449.49572754, "mean": 31.7446250916}, "hfc": {"dmean2": 8.22480964661, "median": 1.814920187, "min": 1.07677607582e-16, "dvar2": 426.362121582, "dvar": 271.219390869, "dmean": 6.16680288315, "max": 426.255096436, "var": 793.465026855, "mean": 11.0877552032}, "barkbands_kurtosis": {"dmean2": 7.72347688675, "median": 1.86591243744, "min": -1.8949174881, "dvar2": 362.55645752, "dvar": 145.261276245, "dmean": 4.65719604492, "max": 163.605270386, "var": 208.845245361, "mean": 5.13783788681}, "gfcc": {"mean": [-254.72744751, 66.039024353, -163.197433472, -20.0023040771, -65.1656570435, -20.8143348694, -42.0405578613, 14.4113292694, -15.3759260178, -3.41613388062, 7.88187170029, 1.37200963497, -11.8155040741], "icov": [[0.000284893263597, -0.000128728424897, 0.000802840513643, -0.000169771767105, 0.000874711724464, -0.000356889970135, 0.000898683385458, -0.000493945844937, 0.000780978822149, -0.000331087649101, 0.00073809287278, -0.000201635892154, 0.000564156332985], [-0.000128728424897, 0.00105466914829, -0.000227610085858, 0.000394384929677, -0.000390293018427, 0.00110460049473, -0.000525034032762, 0.000849872652907, -0.000249194534263, 0.000693792710081, 2.5578050554e-05, 0.000169497798197, -4.86239105157e-06], [0.000802840513643, -0.000227610085858, 0.00302267563529, -0.00103578157723, 0.00207637762651, -0.00148121884558, 0.0020506689325, -0.00081512745237, 0.00220634997822, -0.00104812986683, 0.00245340983383, -0.000916718039662, 0.000973802933004], [-0.000169771767105, 0.000394384929677, -0.00103578157723, 0.00337070575915, -0.000609761220403, 0.00124323891941, 7.50656545279e-05, 0.000816836312879, -2.27445361816e-05, -0.000241939167609, 0.000619128346443, 0.000848241965286, -0.000582332606427], [0.000874711724464, -0.000390293018427, 0.00207637762651, -0.000609761220403, 0.00484445458278, -0.000348195055267, 0.00222669099458, -0.000543160422239, 0.00158419332001, -0.000425137608545, 0.00253134779632, 0.000784100906458, 0.00196741567925], [-0.000356889970135, 0.00110460049473, -0.00148121884558, 0.00124323891941, -0.000348195055267, 0.00557874748483, -0.00209358427674, 0.00194346904755, -0.000525583163835, -0.000518837303389, 0.00126125221141, 0.00114125397522, 0.000891735544428], [0.000898683385458, -0.000525034032762, 0.0020506689325, 7.50656545279e-05, 0.00222669099458, -0.00209358427674, 0.00550798000768, -0.0031681987457, 0.00272326893173, -0.00102230312768, 0.00100783584639, -0.000793952785898, 0.00182967737783], [-0.000493945844937, 0.000849872652907, -0.00081512745237, 0.000816836312879, -0.000543160422239, 0.00194346904755, -0.0031681987457, 0.00706781540066, -0.00240502902307, 0.000346458225977, -0.000823504815344, 0.00284423260018, -0.00172853912227], [0.000780978822149, -0.000249194534263, 0.00220634997822, -2.27445361816e-05, 0.00158419332001, -0.000525583163835, 0.00272326893173, -0.00240502902307, 0.00640238448977, -0.00171091163065, 0.00270186807029, -0.000747218902688, 0.0016104321694], [-0.000331087649101, 0.000693792710081, -0.00104812986683, -0.000241939167609, -0.000425137608545, -0.000518837303389, -0.00102230312768, 0.000346458225977, -0.00171091163065, 0.00471188221127, -0.00276368926279, 0.000903037609532, -0.00181390787475], [0.00073809287278, 2.5578050554e-05, 0.00245340983383, 0.000619128346443, 0.00253134779632, 0.00126125221141, 0.00100783584639, -0.000823504815344, 0.00270186807029, -0.00276368926279, 0.0068881297484, -0.000997223542072, 0.00157343235333], [-0.000201635892154, 0.000169497798197, -0.000916718039662, 0.000848241965286, 0.000784100906458, 0.00114125397522, -0.000793952785898, 0.00284423260018, -0.000747218902688, 0.000903037609532, -0.000997223542072, 0.00825089775026, -0.00379203585908], [0.000564156332985, -4.86239105157e-06, 0.000973802933004, -0.000582332606427, 0.00196741567925, 0.000891735544428, 0.00182967737783, -0.00172853912227, 0.0016104321694, -0.00181390787475, 0.00157343235333, -0.00379203585908, 0.0089542735368]], "cov": [[70210.28125, 3418.85986328, -13131.9033203, -1736.9140625, -4793.18652344, -1278.41589355, -3438.97436523, 1192.53771973, -946.980285645, -517.777587891, 315.82321167, -232.628372192, -1081.71582031], [3418.85986328, 2036.91662598, -972.445678711, -175.768493652, 105.641662598, -477.188323975, -306.615081787, -133.181259155, -53.1583137512, -506.922790527, -85.4424133301, 1.93199193478, -136.014312744], [-13131.9033203, -972.445678711, 3892.04101563, 779.580688477, 722.913391113, 594.053161621, 310.38961792, -472.467651367, -15.8393058777, 131.700378418, -501.951446533, 134.495407104, 256.325592041], [-1736.9140625, -175.768493652, 779.580688477, 580.550170898, 200.559951782, 54.3464889526, -155.189331055, -167.729980469, -22.7766475677, -14.4214935303, -233.306289673, 0.862663149834, 54.7008857727], [-4793.18652344, 105.641662598, 722.913391113, 200.559951782, 866.903625488, 23.5534591675, 52.3717498779, -158.269851685, 94.7124252319, -174.059158325, -221.619522095, -111.552711487, -58.1944007874], [-1278.41589355, -477.188323975, 594.053161621, 54.3464889526, 23.5534591675, 467.591461182, 141.520858765, -53.9407043457, -20.5472583771, 102.980186462, -147.040618896, -45.3128929138, -40.6513710022], [-3438.97436523, -306.615081787, 310.38961792, -155.189331055, 52.3717498779, 141.520858765, 704.59979248, 165.31690979, 13.1681261063, 156.583877563, 194.129089355, -24.3733634949, 19.9097156525], [1192.53771973, -133.181259155, -472.467651367, -167.729980469, -158.269851685, -53.9407043457, 165.31690979, 344.394989014, 63.6704864502, 100.100898743, 147.832794189, -76.1974639893, -11.3034391403], [-946.980285645, -53.1583137512, -15.8393058777, -22.7766475677, 94.7124252319, -20.5472583771, 13.1681261063, 63.6704864502, 282.001586914, 39.9083480835, -14.4597740173, -29.8057250977, -2.0026807785], [-517.777587891, -506.922790527, 131.700378418, -14.4214935303, -174.059158325, 102.980186462, 156.583877563, 100.100898743, 39.9083480835, 463.884460449, 197.832595825, 15.2626371384, 90.896774292], [315.82321167, -85.4424133301, -501.951446533, -233.306289673, -221.619522095, -147.040618896, 194.129089355, 147.832794189, -14.4597740173, 197.832595825, 489.78036499, 44.7562294006, 47.2454452515], [-232.628372192, 1.93199193478, 134.495407104, 0.862663149834, -111.552711487, -45.3128929138, -24.3733634949, -76.1974639893, -29.8057250977, 15.2626371384, 44.7562294006, 225.158782959, 115.320991516], [-1081.71582031, -136.014312744, 256.325592041, 54.7008857727, -58.1944007874, -40.6513710022, 19.9097156525, -11.3034391403, -2.0026807785, 90.896774292, 47.2454452515, 115.320991516, 225.331787109]]}, "spectral_energyband_middle_low": {"dmean2": 0.00446132104844, "median": 0.000898398109712, "min": 1.47471046017e-22, "dvar2": 0.00017129315529, "dvar": 8.97907375474e-05, "dmean": 0.00307711400092, "max": 0.186429813504, "var": 0.000171536026755, "mean": 0.00455344794318}, "melbands_crest": {"dmean2": 6.65740346909, "median": 14.9215202332, "min": 1.64318299294, "dvar2": 35.1441726685, "dvar": 13.4898757935, "dmean": 4.12254190445, "max": 33.6685523987, "var": 55.287940979, "mean": 15.5720376968}, "spectral_kurtosis": {"dmean2": 7.85927724838, "median": 8.60406589508, "min": -1.33977425098, "dvar2": 93.9498596191, "dvar": 30.8622493744, "dmean": 4.6871881485, "max": 66.6259155273, "var": 71.9394073486, "mean": 10.196937561}, "spectral_rms": {"dmean2": 0.000860245141666, "median": 0.00125371955801, "min": 3.10840654431e-12, "dvar2": 1.37627114327e-06, "dvar": 9.25249310058e-07, "dmean": 0.00067256949842, "max": 0.0172397326678, "var": 4.69994211016e-06, "mean": 0.00205293740146}, "zerocrossingrate": {"dmean2": 0.0153840519488, "median": 0.0576171875, "min": 0.0078125, "dvar2": 0.000810040568467, "dvar": 0.000548961979803, "dmean": 0.01205773931, "max": 0.5234375, "var": 0.0153452586383, "mean": 0.0978521555662}, "silence_rate_60dB": {"dmean2": 0.237140372396, "median": 1, "min": 0, "dvar2": 0.201826795936, "dvar": 0.104433856905, "dmean": 0.118466898799, "max": 1, "var": 0.244067639112, "mean": 0.577023506165}, "erbbands_kurtosis": {"dmean2": 3.66025114059, "median": 0.15011844039, "min": -1.88631415367, "dvar2": 83.8921051025, "dvar": 33.3493309021, "dmean": 2.26897883415, "max": 117.702186584, "var": 44.3882102966, "mean": 1.8103928566}, "erbbands": {"dmean2": [6.96591450833e-05, 0.000228253629757, 0.00179328164086, 0.0238664597273, 0.144861057401, 0.559967517853, 2.54120492935, 3.11785912514, 10.9237527847, 28.6437339783, 56.2925491333, 37.0066413879, 11.4919319153, 16.6312732697, 28.7187976837, 69.1192932129, 36.1090660095, 22.7837181091, 13.58685112, 9.34482860565, 26.6396980286, 35.6671600342, 34.4800262451, 12.7038850784, 8.43284893036, 2.15268588066, 0.6125446558, 0.227162182331, 0.136088833213, 0.160484045744, 0.223352119327, 0.283208668232, 0.253596127033, 0.119693465531, 0.05519926548, 0.0206016022712, 0.00351464189589, 0.00047570472816, 5.3412921261e-05, 1.02805206552e-05], "median": [3.04134209728e-05, 6.29892310826e-05, 0.00025641193497, 0.00173765840009, 0.00796917267144, 0.0210031308234, 0.0740201026201, 0.284310847521, 1.06951451302, 1.8626075983, 1.37696051598, 0.565266609192, 0.5204398036, 0.900883793831, 1.3146841526, 1.06310534477, 0.671256065369, 0.505205273628, 0.48748934269, 0.464459121227, 0.57408708334, 0.813101649284, 1.07455849648, 0.875622808933, 0.437501728535, 0.190032452345, 0.0617076791823, 0.0210827011615, 0.0165659803897, 0.0194436553866, 0.0222485251725, 0.0169002879411, 0.0100046666339, 0.00521557871252, 0.00151223083958, 0.000439626222942, 0.000149174084072, 3.01770305668e-05, 8.63239438331e-06, 3.85666044167e-06], "min": [9.31886120503e-23, 4.63363567133e-22, 1.30734310519e-21, 3.24111598516e-21, 1.11416858348e-20, 2.85920407102e-20, 3.99323088609e-20, 4.54906329975e-20, 1.37048149842e-19, 1.62482131296e-19, 2.18776243926e-19, 4.1339860717e-19, 6.49510695578e-19, 7.1727069472e-19, 1.0526546413e-18, 1.33532448708e-18, 1.24866191168e-18, 2.46229830789e-18, 2.76557125818e-18, 3.76389636665e-18, 3.40237273724e-18, 3.7386574318e-18, 5.41655153175e-18, 6.28611977402e-18, 6.96480699096e-18, 8.34443010177e-18, 9.34903351109e-18, 8.79453050592e-18, 1.04768504357e-17, 9.13050893687e-18, 1.06000259007e-17, 1.20864628441e-17, 1.0441083146e-17, 8.28374647767e-18, 6.13755110497e-18, 4.22652524836e-18, 2.44447587441e-18, 8.96740401612e-19, 2.56783693808e-19, 2.83090964731e-20], "dvar2": [1.17148326595e-08, 3.24241511862e-07, 2.39738274104e-05, 0.00573959760368, 0.149296060205, 5.42202806473, 475.48828125, 196.817199707, 745.988037109, 6065.53564453, 83887.234375, 34600.0546875, 3796.56713867, 4580.72949219, 10837.9853516, 89653.96875, 35010.21875, 17042.7910156, 2177.80883789, 1348.14990234, 20867.0371094, 20204.6328125, 16039.6757813, 1516.00036621, 938.600830078, 30.6313915253, 3.62996315956, 0.915078103542, 0.276817053556, 0.291487157345, 1.06549799442, 3.38154983521, 1.61924004555, 0.345548391342, 0.0967666208744, 0.0256229452789, 0.000493611500133, 8.63313653099e-06, 9.45231377614e-08, 5.37879074614e-10], "dvar": [3.72653374825e-09, 1.2703101504e-07, 1.00721745184e-05, 0.0022309073247, 0.0611177831888, 2.2774143219, 233.390808105, 106.677047729, 315.484710693, 2451.33422852, 44376.765625, 17094.4785156, 1991.93688965, 1648.85461426, 4834.24414063, 41519.6289063, 17121.9140625, 6793.63525391, 1213.25866699, 566.60949707, 12390.8251953, 11406.1738281, 8344.2890625, 761.093811035, 458.797790527, 14.6066732407, 1.56177711487, 0.378466933966, 0.127205908298, 0.172001495957, 0.567679107189, 1.79798531532, 0.953992545605, 0.20429494977, 0.0376786217093, 0.00934705697, 0.000188360427273, 3.24730126522e-06, 3.49643833886e-08, 3.00089814109e-10], "dmean": [3.92163856304e-05, 0.00013818955631, 0.0011165686883, 0.0148937245831, 0.0897092819214, 0.361159026623, 1.67877721786, 2.06619906425, 6.74555635452, 17.9964771271, 39.8165779114, 24.7047462463, 7.3042178154, 10.0443725586, 19.6127948761, 43.8376121521, 23.0516643524, 14.7611980438, 8.915184021, 6.11427354813, 18.3908367157, 24.1986675262, 22.6242408752, 8.87713432312, 5.67640161514, 1.43949341774, 0.40706756711, 0.144946843386, 0.0922232270241, 0.116641230881, 0.143181785941, 0.185281381011, 0.163857206702, 0.0797365307808, 0.0331519208848, 0.0119656585157, 0.00214609294198, 0.000300100364257, 3.34743235726e-05, 7.45087345422e-06], "max": [0.000832752208225, 0.00612210854888, 0.0449546724558, 0.678414583206, 3.59315681458, 37.4635009766, 455.733917236, 282.335235596, 304.338806152, 652.868103027, 4652.29003906, 2638.67724609, 949.193847656, 735.534423828, 1097.69628906, 3346.39086914, 2657.75292969, 1888.61157227, 726.179138184, 536.329711914, 3676.61523438, 3246.30517578, 1839.83215332, 531.239929199, 393.551361084, 48.1336021423, 17.2012462616, 11.1779031754, 5.6327662468, 8.6895608902, 18.7523860931, 35.4129600525, 19.9462451935, 13.0683574677, 3.71295619011, 2.16284966469, 0.273594260216, 0.0405614972115, 0.0043490761891, 0.00038836299791], "var": [5.66757574205e-09, 2.74135203426e-07, 1.57133235916e-05, 0.00329297315329, 0.106032110751, 3.59343600273, 354.097839355, 172.855606079, 463.034118652, 3043.49926758, 70427.796875, 28443.1640625, 2400.69360352, 1380.93383789, 8598.72070313, 60670.4257813, 20830.7636719, 6237.71679688, 2250.94946289, 1171.32043457, 33524.078125, 40102.9296875, 13260.1132813, 1333.9744873, 630.770629883, 22.5768451691, 1.91923999786, 0.434555977583, 0.220175519586, 0.371710300446, 0.865109980106, 3.02581167221, 2.50232434273, 0.643945932388, 0.0521113909781, 0.00857557915151, 0.000284775393084, 4.71615976494e-06, 3.23630295895e-08, 7.70846497744e-10], "mean": [5.44820686628e-05, 0.000215697902604, 0.00172341486905, 0.0221261959523, 0.126198545098, 0.486381292343, 2.04278445244, 2.71144461632, 8.16298675537, 21.1863689423, 49.8904724121, 30.1046047211, 8.03177928925, 10.0766515732, 23.8406352997, 48.4678230286, 25.6763362885, 15.4892892838, 11.2814970016, 9.11399173737, 30.5819358826, 42.0031356812, 31.3506755829, 13.0108528137, 6.66834974289, 1.79833447933, 0.483942717314, 0.171577706933, 0.127611756325, 0.166843593121, 0.186299592257, 0.259094893932, 0.255932182074, 0.128682151437, 0.0430905558169, 0.0140109667554, 0.00279563106596, 0.000416429887991, 4.57464993815e-05, 1.32437899083e-05]}, "spectral_strongpeak": {"dmean2": 0.931748867035, "median": 0.392546534538, "min": 0, "dvar2": 2.59031605721, "dvar": 1.13245034218, "dmean": 0.59986770153, "max": 15.0653390884, "var": 2.17967438698, "mean": 0.956862211227}, "spectral_energy": {"dmean2": 0.00703884242103, "median": 0.00161110796034, "min": 9.90374623239e-21, "dvar2": 0.000300056097331, "dvar": 0.000176956309588, "dmean": 0.00525937741622, "max": 0.304638624191, "var": 0.000470826111268, "mean": 0.00913736317307}, "average_loudness": 0.359932273626, "spectral_rolloff": {"dmean2": 1021.03582764, "median": 1485.79101563, "min": 86.1328125, "dvar2": 3605408, "dvar": 1663883.5, "dmean": 592.463928223, "max": 20047.4121094, "var": 22643276, "mean": 3179.72216797}, "spectral_centroid": {"dmean2": 493.767486572, "median": 1446.9564209, "min": 219.914215088, "dvar2": 317407, "dvar": 169873.71875, "dmean": 320.251281738, "max": 11626.0449219, "var": 6740649.5, "mean": 2166.54785156}, "pitch_salience": {"dmean2": 0.141380518675, "median": 0.553838312626, "min": 0.0759376958013, "dvar2": 0.0178499016911, "dvar": 0.00713915703818, "dmean": 0.0859324410558, "max": 0.815953433514, "var": 0.0264845918864, "mean": 0.537458837032}, "spectral_energyband_middle_high": {"dmean2": 0.00387165462598, "median": 0.000411112298025, "min": 1.12525300563e-21, "dvar2": 9.55878203968e-05, "dvar": 5.58004212508e-05, "dmean": 0.00281170941889, "max": 0.150628954172, "var": 0.000144922567415, "mean": 0.00454709632322}, "spectral_contrast_coeffs": {"dmean2": [0.0719926729798, 0.0941301584244, 0.0726505368948, 0.0597977228463, 0.0502290353179, 0.0301495939493], "median": [-0.691699266434, -0.678331434727, -0.768831551075, -0.783878266811, -0.749181032181, -0.819029152393], "min": [-0.982749223709, -0.980080962181, -0.975359916687, -0.969831883907, -0.968158185482, -0.964724421501], "dvar2": [0.00378486094996, 0.00677982764319, 0.00455182651058, 0.00316868023947, 0.00243317219429, 0.000789405661635], "dvar": [0.00162059359718, 0.0031912967097, 0.0023118709214, 0.00157983542886, 0.00139552704059, 0.000411722692661], "dmean": [0.0448512919247, 0.0611088648438, 0.0470868349075, 0.0410310067236, 0.0354529172182, 0.0199203081429], "max": [-0.258318901062, -0.224917411804, -0.313232034445, -0.405486762524, -0.373391360044, -0.59973692894], "var": [0.0229090042412, 0.0212470386177, 0.0142950052395, 0.00901585724205, 0.014049581252, 0.00301829073578], "mean": [-0.688576459885, -0.670586466789, -0.752736151218, -0.775252878666, -0.733073711395, -0.821788132191]}, "melbands_skewness": {"dmean2": 1.47930574417, "median": 1.55356252193, "min": -1.61659574509, "dvar2": 2.686886549, "dvar": 1.16555595398, "dmean": 0.941375076771, "max": 13.8319654465, "var": 3.92873907089, "mean": 1.98957288265}, "spectral_spread": {"dmean2": 1121877.375, "median": 2746679.75, "min": 820561.8125, "dvar2": 4398620606460.0, "dvar": 2241019772930.0, "dmean": 714155.5625, "max": 42689264, "var": 101089554727000.0, "mean": 6001579}, "dissonance": {"dmean2": 0.0540194734931, "median": 0.459619790316, "min": 0.148501709104, "dvar2": 0.0031311144121, "dvar": 0.00121761288028, "dmean": 0.0317239314318, "max": 0.499999970198, "var": 0.00257281027734, "mean": 0.445087194443}, "spectral_skewness": {"dmean2": 0.739986121655, "median": 1.85691225529, "min": -0.0811921209097, "dvar2": 0.629145681858, "dvar": 0.216979339719, "dmean": 0.449135750532, "max": 5.09476470947, "var": 0.728179216385, "mean": 1.81090021133}, "spectral_flux": {"dmean2": 0.0331973060966, "median": 0.0305234640837, "min": 6.3977059761e-11, "dvar2": 0.00273917452432, "dvar": 0.001042791293, "dmean": 0.0220393184572, "max": 0.400417685509, "var": 0.00331277749501, "mean": 0.0511506013572}, "spectral_contrast_valleys": {"dmean2": [0.732832074165, 0.753571212292, 0.576046586037, 0.555264651775, 0.50333148241, 0.571865797043], "median": [-11.1132440567, -8.34327602386, -8.82110786438, -9.37271690369, -9.27056312561, -12.281624794], "min": [-28.2980461121, -28.1060943604, -27.6822719574, -27.6060714722, -27.5042209625, -27.3978118896], "dvar2": [0.646092295647, 0.660047650337, 0.551754951477, 0.550618171692, 0.488437056541, 0.603291392326], "dvar": [0.312668293715, 0.32888892293, 0.294182360172, 0.295454740524, 0.270491451025, 0.350968658924], "dmean": [0.434184759855, 0.452227652073, 0.359452724457, 0.359886080027, 0.345773071051, 0.411532789469], "max": [-8.81223583221, -6.08210086823, -5.43542718887, -5.27443742752, -6.48498821259, -8.53671646118], "var": [18.8290691376, 25.8121871948, 24.6284217834, 23.8712654114, 23.3348808289, 16.7992362976], "mean": [-12.2508907318, -9.72940063477, -10.1441898346, -10.5481119156, -10.602399826, -13.397151947]}, "erbbands_flatness_db": {"dmean2": 0.0453061275184, "median": 0.285644501448, "min": 0.0730684697628, "dvar2": 0.00214832485653, "dvar": 0.0011282620253, "dmean": 0.0315743014216, "max": 0.497329652309, "var": 0.0089194374159, "mean": 0.270568341017}, "spectral_energyband_high": {"dmean2": 5.31117584615e-05, "median": 7.51299512558e-06, "min": 7.11663062864e-21, "dvar2": 2.79781886547e-08, "dvar": 1.48491459129e-08, "dmean": 3.53979339707e-05, "max": 0.00265693268739, "var": 3.32067635611e-08, "mean": 5.37253908988e-05}, "spectral_entropy": {"dmean2": 0.391991645098, "median": 6.93877601624, "min": 4.57264232635, "dvar2": 0.182823434472, "dvar": 0.0883897840977, "dmean": 0.270967572927, "max": 9.82197952271, "var": 0.962401151657, "mean": 7.11628818512}, "silence_rate_20dB": {"dmean2": 0, "median": 1, "min": 1, "dvar2": 0, "dvar": 0, "dmean": 0, "max": 1, "var": 0, "mean": 1}, "melbands_flatness_db": {"dmean2": 0.0514262914658, "median": 0.252254128456, "min": 0.00381594640203, "dvar2": 0.00295088416897, "dvar": 0.00137458601967, "dmean": 0.0349180810153, "max": 0.530014932156, "var": 0.011494807899, "mean": 0.240209802985}, "barkbands": {"dmean2": [7.07228173269e-06, 1.23341806102e-06, 2.07673429031e-06, 1.45840976984e-05, 0.000149257946759, 0.00044509631698, 0.0013581373496, 0.00211235624738, 0.00165834021755, 0.000281530607026, 0.000581415893976, 0.00163912016433, 0.000749717000872, 0.000388936168747, 0.000231140089454, 0.000526612682734, 0.000914454460144, 0.000551064673346, 0.000215922496864, 5.56583654543e-05, 8.09834546089e-06, 3.91071307604e-06, 7.10330914444e-06, 1.44842279042e-05, 8.3626500782e-06, 2.88120304504e-06, 2.86750832856e-07], "median": [3.54136454916e-06, 3.80980054615e-07, 1.72295685275e-07, 6.85255542976e-07, 5.00311034557e-06, 1.80957140401e-05, 8.24488815852e-05, 4.57240312244e-05, 1.6791633243e-05, 9.36922333494e-06, 1.98447050934e-05, 2.28505869018e-05, 9.07990761334e-06, 5.77287482884e-06, 7.46952446207e-06, 7.02711395206e-06, 1.24825019157e-05, 1.81864561455e-05, 1.04832879515e-05, 3.64719835488e-06, 6.35808191873e-07, 4.51650976174e-07, 7.2921602623e-07, 7.42340148463e-07, 3.42287336252e-07, 8.32135214068e-08, 1.90159568092e-08], "min": [5.23588232736e-25, 4.44854441672e-24, 6.83303723316e-25, 8.96757848571e-25, 6.12883431649e-24, 5.95509361857e-24, 1.36674033025e-23, 5.3419814567e-24, 1.43119957477e-23, 2.27814478176e-23, 2.00950214479e-23, 2.10124225044e-23, 2.23432466288e-23, 4.2775736461e-23, 5.6467319928e-23, 4.44465059929e-23, 4.51321744254e-23, 9.73677573124e-23, 1.24155801269e-22, 1.61680728083e-22, 2.0704312052e-22, 3.43987859053e-22, 3.98814550247e-22, 6.33105279842e-22, 8.62906999613e-22, 1.30334109391e-21, 1.97419699052e-21], "dvar2": [4.56178844699e-11, 6.79370058473e-12, 3.34099727051e-11, 2.45699816048e-09, 5.50905724594e-07, 8.02346130513e-06, 1.3840882275e-05, 0.000105284016172, 6.08776281297e-05, 1.46082072661e-06, 4.04656339015e-06, 4.6033423132e-05, 2.09573881875e-05, 3.66774770555e-06, 6.93565255006e-07, 1.18535144793e-05, 3.69336776203e-05, 4.04128104492e-06, 5.0206438118e-07, 2.67053401615e-08, 6.84466650025e-10, 1.88791315914e-10, 8.81802020292e-10, 6.03062089155e-09, 1.74036651757e-09, 4.53251575161e-10, 2.25609027987e-12], "dvar": [1.47718955124e-11, 2.41094037096e-12, 1.37863115021e-11, 9.0535495767e-10, 2.28096254773e-07, 4.29833698945e-06, 5.47444733456e-06, 5.59249747312e-05, 3.04428576783e-05, 5.41502515716e-07, 1.66676443314e-06, 2.15809286601e-05, 1.09117645479e-05, 1.50385551478e-06, 3.02738726532e-07, 3.94219932787e-06, 1.46115235111e-05, 1.9518015506e-06, 2.388275675e-07, 1.11166320593e-08, 2.98941787991e-10, 9.23348619786e-11, 4.74855987864e-10, 3.55630858095e-09, 8.89788354108e-10, 1.66614888553e-10, 8.51528971033e-13], "dmean": [3.95733559344e-06, 7.23419191218e-07, 1.27219561818e-06, 8.86296038516e-06, 9.07127541723e-05, 0.000279163214145, 0.000835469283629, 0.0014993888326, 0.00107594078872, 0.000167462072568, 0.000366790918633, 0.00106392183807, 0.000500381866004, 0.000246164912824, 0.000144038189319, 0.000306856352836, 0.000551187957171, 0.000361691694707, 0.000146518330439, 3.52155584551e-05, 5.18720116816e-06, 2.6843838441e-06, 4.62396656076e-06, 9.45951978792e-06, 5.48679918211e-06, 1.66929385159e-06, 1.77009241042e-07], "max": [3.25044602505e-05, 2.57285391854e-05, 5.31953701284e-05, 0.000363190658391, 0.00995874218643, 0.0557328574359, 0.0377563163638, 0.162073075771, 0.0978805273771, 0.0161915738136, 0.0204527135938, 0.0694675445557, 0.0823013186455, 0.0206749159843, 0.0103150624782, 0.0457983799279, 0.113382935524, 0.0265245568007, 0.00848611071706, 0.00138693710323, 0.00030328129651, 0.00015782196715, 0.000510592479259, 0.00142265460454, 0.000697847164702, 0.000286224647425, 2.076779856e-05], "var": [1.47654475452e-11, 4.62868111895e-12, 2.06070924214e-11, 1.10691289468e-09, 3.21706181694e-07, 6.19809861746e-06, 6.86430757924e-06, 8.8822642283e-05, 5.04260824528e-05, 4.60722588969e-07, 2.4751861929e-06, 3.33584648615e-05, 1.31880906338e-05, 1.64074663189e-06, 4.11171214409e-07, 4.08114465245e-06, 2.33382015722e-05, 3.1654101349e-06, 3.27951909185e-07, 1.2963947249e-08, 3.82541887056e-10, 1.76815742603e-10, 7.5389205989e-10, 8.08446465328e-09, 2.33257102522e-09, 1.77296982651e-10, 9.0011104039e-13], "mean": [4.38980259787e-06, 1.08597555482e-06, 1.81182281267e-06, 1.13095220513e-05, 0.000129340522108, 0.000345853914041, 0.000930805632379, 0.00185303983744, 0.0012480779551, 0.00016374012921, 0.000393158727093, 0.00119711156003, 0.000524285947904, 0.000257817999227, 0.000165116623975, 0.00034060823964, 0.00081834977027, 0.000500488036778, 0.000170713843545, 3.8927377318e-05, 5.85909992878e-06, 3.77219521397e-06, 6.24907943347e-06, 1.47194296005e-05, 8.43296038511e-06, 2.08480719266e-06, 2.29659192996e-07]}, "erbbands_skewness": {"dmean2": 0.9307320714, "median": 0.486338734627, "min": -3.13244533539, "dvar2": 1.03541457653, "dvar": 0.43424358964, "dmean": 0.587063610554, "max": 9.56712818146, "var": 1.72557902336, "mean": 0.486759573221}, "erbbands_spread": {"dmean2": 11.8416213989, "median": 23.8530883789, "min": 1.4781140089, "dvar2": 206.23475647, "dvar": 86.5137634277, "dmean": 7.31324625015, "max": 112.124481201, "var": 229.337738037, "mean": 25.6700229645}, "melbands_kurtosis": {"dmean2": 14.0287370682, "median": 3.7151529789, "min": -1.87804698944, "dvar2": 978.044372559, "dvar": 429.859130859, "dmean": 8.42327594757, "max": 356.617675781, "var": 728.248352051, "mean": 10.9491033554}, "melbands": {"dmean2": [7.00431485257e-07, 6.40841562927e-07, 7.04241438143e-06, 2.18358109123e-05, 7.08601655788e-05, 7.6709620771e-05, 0.000205293603358, 0.000324017280946, 0.000486233999254, 0.000218369052163, 5.68527248106e-05, 6.51289738016e-05, 8.47067058203e-05, 0.000188941106899, 0.00014365419338, 6.47511769785e-05, 4.54564360552e-05, 2.53921825788e-05, 1.64119901456e-05, 1.36084372571e-05, 4.16130969825e-05, 4.56239795312e-05, 3.5874927562e-05, 2.6417468689e-05, 1.0366555216e-05, 8.23580285214e-06, 3.74437763639e-06, 1.18054697396e-06, 5.32438946266e-07, 1.81039993663e-07, 1.08541733823e-07, 8.21303345333e-08, 8.32478121993e-08, 9.72680638256e-08, 1.26409815948e-07, 1.48974649505e-07, 1.95063506681e-07, 1.99885946017e-07, 1.46505101384e-07, 9.56962438181e-08], "median": [3.58122491662e-07, 8.76196537547e-08, 4.49918303502e-07, 8.70002736519e-07, 1.82285305073e-06, 4.0540894588e-06, 1.5894363969e-05, 1.555070412e-05, 6.36180948277e-06, 2.4398871119e-06, 1.59595526839e-06, 2.5647145776e-06, 3.43191459251e-06, 3.01475370179e-06, 1.58161356012e-06, 7.95761081918e-07, 6.35456331111e-07, 5.97860434937e-07, 5.28460020632e-07, 4.9567717042e-07, 5.69411383822e-07, 7.35116373107e-07, 8.52430218856e-07, 8.35004186683e-07, 6.04238096003e-07, 3.04710653154e-07, 1.7054634327e-07, 8.42227407816e-08, 3.13869392699e-08, 1.41011931021e-08, 6.40823216713e-09, 5.99315308492e-09, 8.70360583605e-09, 9.44079125986e-09, 1.11698650329e-08, 1.16026148689e-08, 8.99137475585e-09, 6.35722630093e-09, 4.69002880976e-09, 3.39800765303e-09], "min": [1.43621633569e-24, 9.57327772165e-25, 1.20365609792e-24, 1.50913518651e-24, 1.30081358752e-24, 1.06126039364e-24, 2.51389499553e-24, 1.54233479213e-24, 1.86297095554e-24, 2.44965154392e-24, 2.95003429914e-24, 2.90781150527e-24, 3.23501976748e-24, 2.93416084001e-24, 3.88206379511e-24, 2.61283254976e-24, 3.92232212812e-24, 3.59103565224e-24, 4.02176080624e-24, 2.57118069397e-24, 3.65075794479e-24, 3.11918382659e-24, 4.43325195364e-24, 4.53309689513e-24, 4.9177750548e-24, 4.1225717079e-24, 5.19975851296e-24, 4.78226295078e-24, 5.21022945819e-24, 4.4110900898e-24, 4.73895803695e-24, 5.20817684211e-24, 4.33618419698e-24, 5.2459920729e-24, 5.27814683225e-24, 6.26713819926e-24, 6.16497597886e-24, 7.1598546148e-24, 5.58117591608e-24, 5.99278697035e-24], "dvar2": [7.89165499442e-13, 2.86081553412e-12, 4.42597875017e-10, 5.87443915734e-09, 3.25622863784e-07, 1.43235183714e-07, 2.98023024925e-07, 7.54841607886e-07, 5.87999920754e-06, 1.29401655613e-06, 1.15823212354e-07, 7.45388035739e-08, 7.94690961925e-08, 7.2451973665e-07, 3.51389843445e-07, 2.03834972012e-07, 5.58287389651e-08, 9.57462642504e-09, 3.17644799352e-09, 3.37473649026e-09, 6.70953284043e-08, 4.49147954384e-08, 1.81443962077e-08, 8.48157100108e-09, 1.13725517892e-09, 8.91851925644e-10, 1.52989940161e-10,