{"metadata": {"tags": {"albumartist": ["VARIOUS"], "contentgroup": ["BBE"], "genre": ["Funk/rare groove/reissues"], "bpm": ["98"], "musicbrainz_recordingid": ["19a40420-3c4d-4d0e-8175-a30aa35ecfd3"], "title": ["Submission (Original Mix)"], "tracknumber": ["21/38"], "artist": ["Tyrone Washington"], "album": ["Best Of Perception & Today Records compiled by DJ Spinna and BBE Soundsystem"], "encodedby": ["iTunes 10.6.1"], "date": ["2012"], "file_name": "1901158.mp3"}, "audio_properties": {"sample_rate": 48000, "downmix": "mix", "lossless": false, "analysis_sample_rate": 44100, "md5_encoded": "59edfba446114dca9a814088abaea3c5", "equal_loudness": 0, "replay_gain": -13.8433113098, "codec": "mp3", "bit_rate": 277914, "length": 269.063995361}, "version": {"extractor": "music 1.0", "essentia_build_sha": "70f2e5ece6736b2c40cc944ad0e695b16b925413", "essentia_git_sha": "v2.1_beta2", "essentia": "2.1-beta2"}}, "rhythm": {"beats_loudness_band_ratio": {"dvar2": [0.139491826296, 0.0680254474282, 0.00745300063863, 0.0212366841733, 0.0203650519252, 0.00191610690672], "var": [0.0601636394858, 0.0241321586072, 0.00278324983083, 0.00939423684031, 0.00891232024878, 0.00127991195768], "min": [0.0303614810109, 0.00575098209083, 0.000589643081184, 0.000226630858378, 0.000749681494199, 0.00130390259437], "dmean": [0.350654959679, 0.193673789501, 0.0591502338648, 0.0931275337934, 0.0867401510477, 0.0260218083858], "mean": [0.561985611916, 0.216199249029, 0.0561712756753, 0.0948801487684, 0.0934725403786, 0.0258974209428], "max": [0.964923858643, 0.738123476505, 0.305248498917, 0.603107988834, 0.625516891479, 0.608664035797], "dmean2": [0.679723799229, 0.368249356747, 0.108501203358, 0.172479256988, 0.15947933495, 0.0478524453938], "median": [0.617230534554, 0.173573762178, 0.0411955192685, 0.0633514523506, 0.0694162100554, 0.0175842121243], "dvar": [0.0443151593208, 0.0213947407901, 0.00254681380466, 0.00723252538592, 0.00752648571506, 0.00109672232065]}, "bpm_histogram_first_peak_weight": {"dvar2": 0, "var": 0, "min": 0.616628170013, "dmean": 0, "mean": 0.616628170013, "max": 0.616628170013, "dmean2": 0, "median": 0.616628170013, "dvar": 0}, "bpm": 97.1457138062, "beats_count": 434, "bpm_histogram_first_peak_spread": {"dvar2": 0, "var": 0, "min": 0.37470728159, "dmean": 0, "mean": 0.37470728159, "max": 0.37470728159, "dmean2": 0, "median": 0.37470728159, "dvar": 0}, "danceability": 1.42778158188, "bpm_histogram_first_peak_bpm": {"dvar2": 0, "var": 0, "min": 98, "dmean": 0, "mean": 98, "max": 98, "dmean2": 0, "median": 98, "dvar": 0}, "beats_position": [0.626938760281, 1.25387752056, 1.8575963974, 2.47292518616, 3.08825397491, 3.7151927948, 4.34213161469, 4.96907043457, 5.5727891922, 6.19972801208, 6.82666635513, 7.45360517502, 8.05732440948, 8.67265319824, 9.287981987, 9.90331077576, 10.5186395645, 11.1339683533, 11.749297142, 12.3762359619, 12.9915647507, 13.5836734772, 14.1757822037, 14.7795009613, 15.3832197189, 15.9985485077, 16.6138763428, 17.2292060852, 17.8445339203, 18.4482536316, 19.0635814667, 19.667301178, 20.2710208893, 20.8979587555, 21.5016784668, 22.1053962708, 22.7207260132, 23.3360538483, 23.9629936218, 24.589931488, 25.2168693542, 25.8321990967, 26.435918808, 27.0396366119, 27.6433563232, 28.2586841583, 28.8624038696, 29.4777317047, 30.0930614471, 30.7199993134, 31.358549118, 31.9970970154, 32.6240348816, 33.2277526855, 33.843082428, 34.4584121704, 35.0853500366, 35.7122879028, 36.3392295837, 36.9429473877, 37.5698852539, 38.1968231201, 38.823764801, 39.4390907288, 40.0428123474, 40.6581382751, 41.2850799561, 41.9120178223, 42.5157356262, 43.1426734924, 43.7463951111, 44.3617210388, 44.9770507812, 45.6039886475, 46.2309303284, 46.8578681946, 47.473197937, 48.0885238647, 48.7038536072, 49.3191833496, 49.9461212158, 50.5498390198, 51.1767807007, 51.8037185669, 52.4190483093, 53.0343742371, 53.661315918, 54.2766418457, 54.8919715881, 55.5073013306, 56.1458511353, 56.7727890015, 57.3881187439, 58.0034446716, 58.6303825378, 59.2573242188, 59.884262085, 60.4995918274, 61.1149177551, 61.7186393738, 62.3223571777, 62.9260749817, 63.5297966003, 64.1567306519, 64.7604522705, 65.3757781982, 65.9911117554, 66.6296615601, 67.2449874878, 67.8603134155, 68.4756469727, 69.0909729004, 69.7179107666, 70.3448486328, 70.9601821899, 71.5755081177, 72.1908340454, 72.817779541, 73.4447174072, 74.060043335, 74.6753692627, 75.3023147583, 75.917640686, 76.5329666138, 77.1483001709, 77.7752380371, 78.3905639648, 79.0175018311, 79.6444396973, 80.2713851929, 80.8983230591, 81.5368728638, 82.1754150391, 82.8139648438, 83.44090271, 84.0678405762, 84.7063903809, 85.3333282471, 85.9602737427, 86.598815918, 87.2257614136, 87.8410873413, 88.4680252075, 89.0833511353, 89.7219009399, 90.3488388062, 90.9757843018, 91.6259384155, 92.2528762817, 92.8914260864, 93.5299758911, 94.1801376343, 94.8186798096, 95.4572296143, 96.0841674805, 96.7111129761, 97.3380508423, 97.9649887085, 98.5919265747, 99.2072525024, 99.8225860596, 100.449523926, 101.076461792, 101.69178772, 102.307121277, 102.910835266, 103.526168823, 104.141494751, 104.768432617, 105.395370483, 105.999092102, 106.626029968, 107.229751587, 107.845077515, 108.460403442, 109.064125061, 109.66784668, 110.294784546, 110.910110474, 111.525436401, 112.12915802, 112.732879639, 113.348205566, 113.951927185, 114.59047699, 115.217414856, 115.821128845, 116.436462402, 117.05178833, 117.678726196, 118.305664062, 118.92099762, 119.536323547, 120.151649475, 120.766983032, 121.370697021, 121.97441864, 122.589744568, 123.205078125, 123.820404053, 124.43573761, 125.051063538, 125.654785156, 126.270111084, 126.885437012, 127.48915863, 128.104492188, 128.708206177, 129.335144043, 129.962081909, 130.589019775, 131.204345703, 131.831283569, 132.446624756, 133.061950684, 133.68888855, 134.304214478, 134.931152344, 135.546478271, 136.161804199, 136.788757324, 137.404083252, 138.007797241, 138.623123169, 139.250061035, 139.876998901, 140.503936768, 141.130874634, 141.74621582, 142.373153687, 142.988479614, 143.603805542, 144.21913147, 144.834457397, 145.449798584, 146.053512573, 146.657226562, 147.284164429, 147.911102295, 148.526443481, 149.141769409, 149.768707275, 150.384033203, 151.010971069, 151.626296997, 152.230026245, 152.833740234, 153.449066162, 154.06439209, 154.679718018, 155.295059204, 155.92199707, 156.548934937, 157.164260864, 157.779586792, 158.39491272, 159.010253906, 159.637191772, 160.264129639, 160.879455566, 161.494781494, 162.098495483, 162.702224731, 163.329162598, 163.956100464, 164.559814453, 165.163528442, 165.76725769, 166.37097168, 166.986297607, 167.601623535, 168.205352783, 168.832290649, 169.447616577, 170.062942505, 170.666656494, 171.293609619, 171.897323608, 172.501037598, 173.116363525, 173.731704712, 174.358642578, 174.962356567, 175.577682495, 176.193008423, 176.808334351, 177.423675537, 178.039001465, 178.654327393, 179.258041382, 179.86177063, 180.477096558, 181.092422485, 181.696136475, 182.311477661, 182.926803589, 183.553741455, 184.169067383, 184.772781372, 185.3881073, 185.991836548, 186.607162476, 187.222488403, 187.84942627, 188.476364136, 189.091690063, 189.70703125, 190.322357178, 190.937683105, 191.541397095, 192.145126343, 192.760452271, 193.36416626, 193.979492188, 194.606430054, 195.210159302, 195.825485229, 196.440811157, 197.044525146, 197.636642456, 198.263580322, 198.87890625, 199.505844116, 200.132781982, 200.74810791, 201.363449097, 201.967163086, 202.570877075, 203.174606323, 203.778320312, 204.382034302, 204.997360229, 205.612701416, 206.228027344, 206.831741333, 207.447067261, 208.062393188, 208.689331055, 209.304672241, 209.90838623, 210.51210022, 211.127426147, 211.742767334, 212.346481323, 212.973419189, 213.600357056, 214.227294922, 214.854232788, 215.469558716, 216.084899902, 216.711837769, 217.327163696, 217.930877686, 218.546203613, 219.173141479, 219.800079346, 220.427032471, 221.053970337, 221.680908203, 222.296234131, 222.923171997, 223.538497925, 224.165435791, 224.792373657, 225.419311523, 226.034637451, 226.649978638, 227.265304565, 227.880630493, 228.507568359, 229.122894287, 229.749832153, 230.36517334, 230.992111206, 231.619049072, 232.234375, 232.849700928, 233.476638794, 234.10357666, 234.730514526, 235.345840454, 235.961181641, 236.576507568, 237.191833496, 237.818771362, 238.43409729, 239.049423218, 239.664764404, 240.280090332, 240.89541626, 241.510742188, 242.126068115, 242.753005981, 243.368347168, 243.972061157, 244.575775146, 245.191101074, 245.806442261, 246.421768188, 247.025482178, 247.640808105, 248.267745972, 248.894683838, 249.510025024, 250.125350952, 250.74067688, 251.356002808, 251.982940674, 252.60987854, 253.236816406, 253.863754272, 254.467483521, 255.07119751, 255.698135376, 256.313476562, 256.94039917, 257.555725098, 258.171051025, 258.786376953, 259.424926758, 260.040252686, 260.667205811, 261.294158936, 261.93270874, 262.559631348, 263.186584473, 263.81350708, 264.452056885, 265.07901001, 265.717559814, 266.367706299, 267.017852783, 267.668029785, 268.329803467], "beats_loudness": {"dvar2": 0.00162127555814, "var": 0.000626766588539, "min": 2.26404961445e-09, "dmean": 0.029872758314, "mean": 0.0510564409196, "max": 0.125191509724, "dmean2": 0.0552613325417, "median": 0.0487718209624, "dvar": 0.000506000244059}, "bpm_histogram_second_peak_weight": {"dvar2": 0, "var": 0, "min": 0.0138568123803, "dmean": 0, "mean": 0.0138568123803, "max": 0.0138568123803, "dmean2": 0, "median": 0.0138568123803, "dvar": 0}, "bpm_histogram_second_peak_spread": {"dvar2": 0, "var": 0, "min": 0, "dmean": 0, "mean": 0, "max": 0, "dmean2": 0, "median": 0, "dvar": 0}, "bpm_histogram_second_peak_bpm": {"dvar2": 0, "var": 0, "min": 92, "dmean": 0, "mean": 92, "max": 92, "dmean2": 0, "median": 92, "dvar": 0}, "onset_rate": 4.57105588913}, "lowlevel": {"spectral_energyband_high": {"dvar2": 3.82470446425e-08, "var": 6.14058563997e-08, "min": 8.05466152121e-21, "dmean": 8.22385190986e-05, "mean": 0.000209084973903, "max": 0.00323564559221, "dmean2": 0.000115362658107, "median": 0.000115395443572, "dvar": 1.96381790829e-08}, "spectral_energyband_middle_low": {"dvar2": 0.000378470140276, "var": 0.000250358949415, "min": 2.83324127276e-22, "dmean": 0.00850197579712, "mean": 0.0158822797239, "max": 0.129327088594, "dmean2": 0.0137998657301, "median": 0.0112039372325, "dvar": 0.000146512742504}, "spectral_energy": {"dvar2": 0.000818608968984, "var": 0.00065896572778, "min": 1.10484721117e-20, "dmean": 0.0135872606188, "mean": 0.0322369597852, "max": 0.208260819316, "dmean2": 0.0210670549423, "median": 0.0278419777751, "dvar": 0.000328052701661}, "spectral_spread": {"dvar2": 346623967232, "var": 1078683303940.0, "min": 1461286.75, "dmean": 306667.15625, "mean": 3223637.5, "max": 40731208, "dmean2": 485079.8125, "median": 3094012.5, "dvar": 217640468480}, "spectral_energyband_low": {"dvar2": 0.000451939355116, "var": 0.000300894927932, "min": 3.2865819645e-23, "dmean": 0.00814269855618, "mean": 0.015066286549, "max": 0.159166261554, "dmean2": 0.012719893828, "median": 0.00960802193731, "dvar": 0.000180006187293}, "spectral_rolloff": {"dvar2": 651853.625, "var": 2156326.75, "min": 86.1328125, "dmean": 378.247680664, "mean": 1225.51147461, "max": 19509.0820312, "dmean2": 634.904174805, "median": 1141.25976562, "dvar": 344823.5}, "barkbands": {"dvar2": [6.04184524633e-09, 6.25883694738e-05, 0.000212550032302, 0.000139567535371, 0.000140735632158, 5.15762258146e-06, 2.46377521762e-06, 7.84620397098e-07, 8.71236466082e-07, 2.62681055574e-07, 1.01320460999e-06, 8.24886046757e-06, 3.93067466575e-06, 2.05690389521e-06, 3.27764109898e-06, 1.61347588801e-06, 6.96387758126e-07, 4.08946704056e-07, 2.93173258115e-07, 8.05850888241e-08, 7.60943130729e-09, 1.74249337181e-09, 2.01294203528e-10, 1.13805284641e-11, 1.74617243408e-12, 2.47062678475e-13, 3.19350868991e-14], "var": [1.52123913466e-09, 5.21053370903e-05, 7.27474325686e-05, 0.000126230399474, 5.18273154739e-05, 2.84897851088e-06, 8.554010833e-07, 7.22915331153e-07, 1.70171233549e-06, 3.45420431813e-07, 7.94656443759e-07, 7.1132208177e-06, 5.9411768234e-06, 3.42986299984e-06, 3.02630724036e-06, 2.60054343926e-06, 7.72999669607e-07, 3.7196363678e-07, 2.27919485951e-07, 1.34572530897e-07, 1.04854036564e-08, 1.72152603284e-09, 1.90182231075e-10, 1.27810921569e-11, 1.55427407056e-12, 1.18978787868e-13, 1.26465373276e-14], "min": [1.63818784106e-23, 1.79056358242e-23, 8.94368526939e-24, 1.62650528437e-23, 9.26353554985e-23, 8.15944898234e-23, 1.52858019367e-23, 7.94851436049e-24, 5.68142167779e-23, 1.28574053427e-22, 6.93702002619e-23, 1.56583424458e-22, 2.14334139037e-22, 1.40871158005e-22, 1.38894992018e-22, 1.28428448636e-22, 1.6335288601e-22, 1.25397152789e-22, 3.38713370958e-22, 3.50382150981e-22, 4.83210398741e-22, 4.44043013034e-22, 5.69067798233e-22, 1.25845240929e-21, 1.14889742626e-21, 1.76794851168e-21, 2.3370758342e-21], "dmean": [8.91706895345e-06, 0.00288325548172, 0.00439692661166, 0.00492234900594, 0.00408622249961, 0.000686745683197, 0.000354202231392, 0.000259737076703, 0.000280805950752, 0.00013614987256, 0.000198341484065, 0.000560766027775, 0.000556651910301, 0.000428665371146, 0.000435070076492, 0.000390109256841, 0.000240919820499, 0.000158816663316, 0.000151300322614, 9.67657833826e-05, 3.44214204233e-05, 1.66055106092e-05, 5.58645388082e-06, 1.49712309394e-06, 5.37808261925e-07, 1.62890700039e-07, 5.63657494013e-08], "mean": [7.15522674e-06, 0.00391871761531, 0.00606478517875, 0.00808707997203, 0.00520653882995, 0.00105463108048, 0.000458911177702, 0.000449975399533, 0.000553777441382, 0.000242158188485, 0.000298767467029, 0.000975024420768, 0.00109290936962, 0.000903586216737, 0.000795947969891, 0.000792014645413, 0.000447244034149, 0.000270315562375, 0.000269240641501, 0.000221263326239, 7.74970467319e-05, 3.39779144269e-05, 1.10157843665e-05, 3.24900838677e-06, 1.00502745681e-06, 2.31842591347e-07, 7.98115706857e-08], "max": [0.0011928814929, 0.0661259517074, 0.0962868854403, 0.104224443436, 0.0842756554484, 0.0251940060407, 0.0168555490673, 0.0146488454193, 0.0149469962344, 0.0143652679399, 0.0248343423009, 0.0482446849346, 0.0318154357374, 0.0180583000183, 0.0610546022654, 0.0204534567893, 0.0150980604813, 0.0088693164289, 0.00819902773947, 0.0036760950461, 0.0019263495924, 0.000483995361719, 0.00019747238548, 3.33766583935e-05, 1.35142954605e-05, 4.45733076049e-06, 1.91796561921e-06], "dmean2": [1.54498557094e-05, 0.00416547246277, 0.0075680539012, 0.00782987195998, 0.00701603898779, 0.00114256807137, 0.000595237070229, 0.000422922865255, 0.000411326385802, 0.000198982015718, 0.000300447893096, 0.000815793755464, 0.000813737104181, 0.000631503644399, 0.000649737892672, 0.000563566631172, 0.000356655422365, 0.000239077417064, 0.000228927427088, 0.000143038574606, 5.06753167429e-05, 2.44277707679e-05, 8.03411967354e-06, 2.14389342545e-06, 7.58680982926e-07, 2.51952485542e-07, 9.43018463317e-08], "median": [1.01351429294e-06, 0.00105202593841, 0.00285178236663, 0.00369421229698, 0.00284651643597, 0.000450705265393, 0.00016865208454, 0.000137986498885, 9.91502311081e-05, 8.14141531009e-05, 9.00665399968e-05, 0.000239050990785, 0.000237560729147, 0.00019141312805, 0.000186144578038, 0.000198083347641, 0.00010137501522, 8.19368215161e-05, 9.5370458439e-05, 7.74830696173e-05, 3.84493614547e-05, 2.01267521334e-05, 6.25736174698e-06, 2.05371088668e-06, 5.60737589694e-07, 1.08911478947e-07, 4.8089287219e-08], "dvar": [2.22545337714e-09, 3.16280966217e-05, 7.41303156246e-05, 5.90526833548e-05, 5.12215010531e-05, 1.96714199774e-06, 9.08082427031e-07, 3.30296757056e-07, 4.42531160161e-07, 1.3762702622e-07, 4.90980255563e-07, 3.7886084101e-06, 1.90921764442e-06, 1.01302816802e-06, 1.61389800724e-06, 8.24441656277e-07, 3.44131365182e-07, 1.89529927752e-07, 1.28864684257e-07, 4.16082741594e-08, 3.74397357561e-09, 8.41167524523e-10, 9.75005007287e-11, 5.67616136385e-12, 8.55176118721e-13, 1.01455078876e-13, 1.21528331628e-14]}, "melbands_skewness": {"dvar2": 3.00632238388, "var": 5.12918663025, "min": -3.38702178001, "dmean": 1.09524011612, "mean": 3.2845492363, "max": 17.0605659485, "dmean2": 1.67067110538, "median": 2.87804889679, "dvar": 1.46419024467}, "barkbands_skewness": {"dvar2": 1.66075313091, "var": 3.28444504738, "min": -17.3240413666, "dmean": 0.82293844223, "mean": 1.8658131361, "max": 12.4421167374, "dmean2": 1.24588549137, "median": 1.56194639206, "dvar": 0.828793466091}, "erbbands": {"dvar2": [0.011219211854, 4.65632534027, 171.729736328, 1020.06976318, 1418.00805664, 1534.23486328, 495.041656494, 360.150085449, 522.313293457, 582.580444336, 351.416503906, 370.401092529, 281.96697998, 574.122009277, 1701.99255371, 11836.2539062, 7532.94140625, 4700.1796875, 3565.83007812, 10013.4570312, 4605.09814453, 1074.24621582, 714.25793457, 684.689941406, 926.354003906, 123.680686951, 22.4093265533, 5.93915748596, 1.96456325054, 0.936132371426, 0.125345230103, 0.0115229589865, 0.00176898110658, 0.000317010446452, 7.5598632975e-05, 9.90503849607e-06, 5.56782822514e-07, 2.16680273724e-08, 1.59754587337e-09, 1.01710184719e-09], "var": [0.0104806236923, 3.89984130859, 61.3412322998, 709.703613281, 626.397827148, 574.379211426, 319.432006836, 167.086288452, 157.938827515, 281.082763672, 420.962738037, 922.411315918, 327.473327637, 526.239746094, 2029.40637207, 10337.3154297, 10286.0273438, 8265.77246094, 5590.01269531, 8065.61474609, 7475.22021484, 1679.45275879, 834.931945801, 524.137817383, 772.326843262, 275.156433105, 41.4566574097, 7.51243019104, 1.94132316113, 0.849924385548, 0.122580900788, 0.0130827464163, 0.00195712014101, 0.000326733017573, 5.03802693856e-05, 4.75949491374e-06, 2.79503183265e-07, 1.17461533833e-08, 7.98909827182e-10, 8.46918590813e-10], "min": [1.08900549075e-21, 1.80623489752e-21, 1.03076995614e-20, 2.51135071275e-20, 2.18544685053e-19, 3.76166613262e-19, 3.82141183731e-19, 7.12694007788e-19, 2.43469058626e-19, 1.64650094134e-19, 4.45223295563e-19, 1.50528042786e-18, 2.35037022446e-18, 4.50453320762e-18, 2.31082871643e-18, 7.30560457615e-18, 7.69329254872e-18, 1.04532724796e-17, 7.37674210883e-18, 6.91432870767e-18, 7.4130305223e-18, 8.56677625042e-18, 5.92439617369e-18, 1.65919808102e-17, 1.46582773835e-17, 1.5931371212e-17, 1.90192066601e-17, 1.97103888538e-17, 1.5434639328e-17, 1.33240259565e-17, 2.0281059104e-17, 2.45989203949e-17, 1.95045482671e-17, 1.18073026222e-17, 8.61198663398e-18, 5.99274776207e-18, 3.65423744644e-18, 1.64358295833e-18, 3.06329150012e-19, 3.24800157714e-20], "dmean": [0.0401509553194, 0.797095358372, 3.9261777401, 12.4142961502, 14.734085083, 13.0121774673, 7.99814653397, 4.98099851608, 5.04798841476, 5.60771274567, 5.80122089386, 5.69711732864, 4.48825263977, 6.03866195679, 8.57824611664, 22.036693573, 24.2044067383, 20.4834804535, 18.6883583069, 20.2420806885, 21.5293903351, 11.3051576614, 7.99818181992, 7.0749874115, 8.04124641418, 4.0717549324, 1.85708963871, 1.04292321205, 0.561637341976, 0.373964309692, 0.146664828062, 0.0471238382161, 0.0185155756772, 0.00772561645135, 0.0031316340901, 0.00101183750667, 0.00025244691642, 5.36928855581e-05, 1.46698366734e-05, 1.54062272486e-05], "mean": [0.0549955815077, 1.14228534698, 5.71962308884, 20.7686271667, 20.4419898987, 16.0832824707, 12.3636341095, 7.57919740677, 6.6474275589, 8.67914199829, 10.6400003433, 11.909696579, 8.19947052002, 10.2344846725, 16.3629550934, 40.6260719299, 50.5072441101, 45.9122886658, 39.5181770325, 42.2088470459, 45.1065063477, 24.3392791748, 15.2334499359, 12.3398761749, 15.5245113373, 10.1584367752, 4.45714139938, 2.34522724152, 1.18671762943, 0.740897715092, 0.290086179972, 0.103094145656, 0.0394720248878, 0.0154677173123, 0.00512332795188, 0.00142921123188, 0.000378639932023, 8.0032099504e-05, 3.05831963487e-05, 3.77756587113e-05], "max": [0.91125702858, 17.8147850037, 80.6882553101, 247.526794434, 312.945343018, 257.971282959, 226.946029663, 180.416519165, 290.465270996, 288.538513184, 401.833374023, 402.343322754, 399.829284668, 622.787841797, 1174.68286133, 1871.2286377, 1564.20373535, 1080.44360352, 818.981323242, 4714.92529297, 1085.7956543, 468.82989502, 399.078277588, 393.524719238, 546.649597168, 212.38520813, 86.4758834839, 31.3091106415, 13.5934753418, 12.3050746918, 3.93066716194, 1.51340425014, 0.397265404463, 0.200220018625, 0.0820180252194, 0.0262972246855, 0.00806818529963, 0.00171798095107, 0.000437546725152, 0.000227733515203], "dmean2": [0.055283151567, 1.15496432781, 6.67924308777, 20.0032405853, 24.9676532745, 21.9806175232, 13.1835165024, 8.45417022705, 8.74845123291, 9.17186069489, 9.22394752502, 8.31688404083, 6.62514781952, 8.90449047089, 12.469991684, 31.713186264, 34.7487220764, 29.5261211395, 27.8035831451, 29.3111400604, 30.9978485107, 16.3993740082, 11.7710180283, 10.6408119202, 11.9366607666, 5.89828109741, 2.71136856079, 1.5374904871, 0.81578207016, 0.550258994102, 0.210395470262, 0.0673387721181, 0.0265394840389, 0.0108553459868, 0.00452046655118, 0.00154856673907, 0.000390794215491, 8.44531168696e-05, 2.36616961047e-05, 2.37448039115e-05], "median": [0.0150410747156, 0.369810193777, 3.01445364952, 10.4965200424, 12.0139188766, 8.15476608276, 5.82235622406, 2.94505929947, 2.72897839546, 3.16695594788, 3.614985466, 2.23221182823, 3.07763147354, 3.75202703476, 5.93540477753, 11.6628665924, 14.734290123, 13.4554576874, 12.2720432281, 12.6185541153, 14.4940338135, 7.87713813782, 5.62695264816, 5.08649253845, 5.24081230164, 3.94559454918, 1.97728121281, 1.30441749096, 0.706517159939, 0.437792688608, 0.168951973319, 0.065177090466, 0.0245953407139, 0.00919977296144, 0.00257528503425, 0.000661969650537, 0.0001915700268, 4.25636098953e-05, 2.43047034019e-05, 3.31031624228e-05], "dvar": [0.00601915316656, 2.33301329613, 60.8467254639, 398.592559814, 511.317626953, 575.76385498, 187.835540771, 128.807449341, 184.495315552, 221.875457764, 160.801956177, 197.645843506, 133.81187439, 280.32019043, 858.626281738, 5346.89599609, 3582.86303711, 2361.24243164, 1734.95959473, 4779.88769531, 2422.00854492, 557.27734375, 346.397186279, 312.121063232, 417.933502197, 64.9090881348, 11.5018205643, 2.84383201599, 0.954925954342, 0.455249160528, 0.0622876212001, 0.0057868193835, 0.000879077007994, 0.000160469178809, 3.44752261299e-05, 4.1017424337e-06, 2.28728822549e-07, 8.90317419788e-09, 6.14754191997e-10, 4.08988093392e-10]}, "silence_rate_30dB": {"dvar2": 0.0256607104093, "var": 0.00804632809013, "min": 0, "dmean": 0.0100103551522, "mean": 0.99188888073, "max": 1, "dmean2": 0.0200224388391, "median": 1, "dvar": 0.00990937370807}, "melbands_spread": {"dvar2": 166.885513306, "var": 296.051116943, "min": 0.500467002392, "dmean": 7.66456127167, "mean": 21.1301860809, "max": 178.355255127, "dmean2": 11.8930950165, "median": 17.2700691223, "dvar": 80.0315704346}, "melbands_crest": {"dvar2": 25.8826217651, "var": 29.1649112701, "min": 2.22706913948, "dmean": 3.71469783783, "mean": 16.5602016449, "max": 33.078163147, "dmean2": 6.00862026215, "median": 16.1717720032, "dvar": 10.8295440674}, "zerocrossingrate": {"dvar2": 8.09802513686e-05, "var": 0.00208169105463, "min": 0.00341796875, "dmean": 0.00811820290983, "mean": 0.0443465039134, "max": 0.81982421875, "dmean2": 0.00930161681026, "median": 0.0390625, "dvar": 6.98848089087e-05}, "barkbands_kurtosis": {"dvar2": 284.767791748, "var": 290.490234375, "min": -1.86077666283, "dmean": 5.82213640213, "mean": 7.79274940491, "max": 365.598999023, "dmean2": 9.13171482086, "median": 1.67274665833, "dvar": 126.193992615}, "spectral_flux": {"dvar2": 0.00348208751529, "var": 0.00313882762566, "min": 1.05111711002e-10, "dmean": 0.037362460047, "mean": 0.0880823582411, "max": 0.426975309849, "dmean2": 0.0594229474664, "median": 0.0773029625416, "dvar": 0.00157915148884}, "barkbands_crest": {"dvar2": 14.7686576843, "var": 15.4709653854, "min": 2.51579594612, "dmean": 2.7227203846, "mean": 10.9436750412, "max": 26.4384841919, "dmean2": 4.37585067749, "median": 10.3487386703, "dvar": 6.05661725998}, "barkbands_flatness_db": {"dvar2": 0.00154462922364, "var": 0.00267734727822, "min": 0.0553047135472, "dmean": 0.0264885146171, "mean": 0.193832799792, "max": 0.44229632616, "dmean2": 0.0402713865042, "median": 0.189793094993, "dvar": 0.00073494942626}, "spectral_entropy": {"dvar2": 0.0969353243709, "var": 0.160029426217, "min": 5.39319133759, "dmean": 0.208824932575, "mean": 7.12683486938, "max": 9.79351234436, "dmean2": 0.316244274378, "median": 7.13902902603, "dvar": 0.0439233295619}, "pitch_salience": {"dvar2": 0.0127195771784, "var": 0.0127112278715, "min": 0.146402329206, "dmean": 0.080168299377, "mean": 0.497900366783, "max": 0.910097718239, "dmean2": 0.131282269955, "median": 0.489430397749, "dvar": 0.00501727033406}, "erbbands_spread": {"dvar2": 188.089004517, "var": 262.947753906, "min": 1.52723503113, "dmean": 8.43265628815, "mean": 37.6639251709, "max": 166.170272827, "dmean2": 13.2693099976, "median": 36.7032165527, "dvar": 84.1741867065}, "dynamic_complexity": 3.26079583168, "spectral_contrast_valleys": {"dvar2": [0.392599582672, 0.444073051214, 0.378913402557, 0.416671991348, 0.178678274155, 0.121272444725], "var": [1.53193998337, 1.23005867004, 1.21990096569, 1.23426127434, 0.876903474331, 0.617634356022], "min": [-27.6159534454, -27.6371955872, -27.112663269, -27.0837459564, -27.1073265076, -27.3622646332], "dmean": [0.488977968693, 0.448345303535, 0.429080486298, 0.431059420109, 0.279257386923, 0.23814791441], "mean": [-7.34690141678, -7.38943719864, -8.05383586884, -8.1034784317, -7.89908313751, -11.4803571701], "max": [-5.01521492004, -4.87935018539, -5.59132051468, -5.56512928009, -6.07858800888, -9.91766738892], "dmean2": [0.752290844917, 0.712900817394, 0.650583148003, 0.649318933487, 0.413748562336, 0.314946055412], "median": [-7.11193418503, -7.29988431931, -7.95547866821, -8.05272769928, -7.85648965836, -11.4276590347], "dvar": [0.198615625501, 0.205885946751, 0.191830351949, 0.204507768154, 0.0992739871144, 0.0770989581943]}, "hfc": {"dvar2": 127.382225037, "var": 201.544464111, "min": 1.19120996229e-16, "dmean": 5.71226978302, "mean": 16.7969379425, "max": 165.064804077, "dmean2": 8.06692790985, "median": 12.9193487167, "dvar": 62.909286499}, "spectral_kurtosis": {"dvar2": 18.2550029755, "var": 9.9728975296, "min": -1.21074175835, "dmean": 2.5558245182, "mean": 4.8464474678, "max": 44.1519165039, "dmean2": 4.50478792191, "median": 4.10154485703, "dvar": 6.18601560593}, "mfcc": {"mean": [-681.759460449, 145.23828125, -26.9620170593, 49.9361991882, 7.41566705704, 22.6555709839, 0.546047151089, -0.198678076267, -8.26430416107, -0.666795969009, -5.87977218628, -4.6696972847, -3.16774535179], "cov": [[5932.1484375, 1021.56427002, -860.354492188, 127.956809998, 12.2907800674, 168.699172974, -104.689567566, -135.533081055, 17.996383667, 60.7355651855, -105.46787262, 8.67944049835, 2.14785861969], [1021.56427002, 891.068969727, -56.5954322815, 25.9618377686, 73.3620376587, 81.8324050903, 14.5957536697, 15.7405385971, 12.5890951157, 3.87252163887, -6.06274795532, -15.503534317, 17.9586467743], [-860.354492188, -56.5954322815, 717.300842285, 162.143280029, 13.9792432785, 49.9706268311, 60.9380226135, 103.833839417, -6.59658622742, -41.6461524963, 23.3004455566, -20.6067504883, -21.1603889465], [127.956809998, 25.9618377686, 162.143280029, 304.739501953, 115.457878113, 74.73412323, 63.3058776855, 29.6262817383, 34.2436256409, 39.5648498535, 14.3229999542, 9.73568058014, -3.43704795837], [12.2907800674, 73.3620376587, 13.9792432785, 115.457878113, 190.226272583, 70.5211181641, 54.0586929321, 21.8226470947, 33.4944458008, 41.9599456787, 22.3019275665, 12.5441961288, 9.65664958954], [168.699172974, 81.8324050903, 49.9706268311, 74.73412323, 70.5211181641, 153.62109375, 91.0667419434, 15.1387615204, 5.5525302887, -6.84273004532, -4.64505147934, 18.8047809601, 9.42934322357], [-104.689567566, 14.5957536697, 60.9380226135, 63.3058776855, 54.0586929321, 91.0667419434, 150.136001587, 59.0797309875, 2.22077798843, 1.63888370991, 9.1329870224, 22.1624946594, 11.5465126038], [-135.533081055, 15.7405385971, 103.833839417, 29.6262817383, 21.8226470947, 15.1387615204, 59.0797309875, 121.5078125, 31.2627429962, -7.12720775604, 18.0428886414, 1.52564799786, 1.77946233749], [17.996383667, 12.5890951157, -6.59658622742, 34.2436256409, 33.4944458008, 5.5525302887, 2.22077798843, 31.2627429962, 119.233657837, 74.2730407715, 10.3541202545, 0.782034575939, -2.97034215927], [60.7355651855, 3.87252163887, -41.6461524963, 39.5648498535, 41.9599456787, -6.84273004532, 1.63888370991, -7.12720775604, 74.2730407715, 137.14364624, 56.5502357483, 3.95452904701, -21.0031929016], [-105.46787262, -6.06274795532, 23.3004455566, 14.3229999542, 22.3019275665, -4.64505147934, 9.1329870224, 18.0428886414, 10.3541202545, 56.5502357483, 103.043464661, 37.1688652039, -24.4203090668], [8.67944049835, -15.503534317, -20.6067504883, 9.73568058014, 12.5441961288, 18.8047809601, 22.1624946594, 1.52564799786, 0.782034575939, 3.95452904701, 37.1688652039, 89.1930847168, 44.5745925903], [2.14785861969, 17.9586467743, -21.1603889465, -3.43704795837, 9.65664958954, 9.42934322357, 11.5465126038, 1.77946233749, -2.97034215927, -21.0031929016, -24.4203090668, 44.5745925903, 120.277732849]], "icov": [[0.000343202467775, -0.000336676544975, 0.000489242607728, -0.000475291453768, 0.00044038661872, -0.000687792082317, 0.000695999653544, -0.000421446136897, 0.000398069329094, -0.000459288625279, 0.000574473058805, -0.000359108729754, 0.000253964099102], [-0.000336676544975, 0.00159709935542, -0.000277931365417, 0.000495910586324, -0.000706279650331, -0.000360497360816, -4.57392925455e-05, -5.18934175489e-05, -0.000269135547569, 0.0004405536165, -0.000863897905219, 0.00105973519385, -0.000674901006278], [0.000489242607728, -0.000277931365417, 0.00274407770485, -0.00194260443095, 0.00132067035884, -0.00161495490465, 0.00125853111967, -0.00199359469116, 0.000620669976342, 0.000474028114695, -0.00058545882348, 0.000809511926491, 6.84991900926e-05], [-0.000475291453768, 0.000495910586324, -0.00194260443095, 0.00602352200076, -0.00319589930587, 0.000216728949454, -0.0013569695875, 0.000742397736758, -0.000474589178339, -0.00109730823897, 0.000827561714686, -0.000714052875992, 0.000353002746124], [0.00044038661872, -0.000706279650331, 0.00132067035884, -0.00319589930587, 0.00911484565586, -0.00350121851079, 0.0004925733665, -0.00109103124123, -9.66980514931e-05, -0.00153422483709, -0.00119015539531, 0.000965158978943, -0.00111947348341], [-0.000687792082317, -0.000360497360816, -0.00161495490465, 0.000216728949454, -0.00350121851079, 0.0151232592762, -0.0097277238965, 0.00526841171086, -0.00345131405629, 0.00413708668202, -0.000357128214091, -0.00112660415471, 0.000721782271285], [0.000695999653544, -4.57392925455e-05, 0.00125853111967, -0.0013569695875, 0.0004925733665, -0.0097277238965, 0.0168839599937, -0.009547107853, 0.00608246447518, -0.00569382868707, 0.00427163112909, -0.0036697902251, 0.000803750066552], [-0.000421446136897, -5.18934175489e-05, -0.00199359469116, 0.000742397736758, -0.00109103124123, 0.00526841171086, -0.009547107853, 0.0176734048873, -0.00972662866116, 0.00914329104125, -0.00803351867944, 0.00461495434865, -0.00196957145818], [0.000398069329094, -0.000269135547569, 0.000620669976342, -0.000474589178339, -9.66980514931e-05, -0.00345131405629, 0.00608246447518, -0.00972662866116, 0.0195607300848, -0.0147206103429, 0.00957206543535, -0.00480286870152, 0.00160292361397], [-0.000459288625279, 0.0004405536165, 0.000474028114695, -0.00109730823897, -0.00153422483709, 0.00413708668202, -0.00569382868707, 0.00914329104125, -0.0147206103429, 0.0228810030967, -0.0151910912246, 0.0073903426528, -0.00198649195954], [0.000574473058805, -0.000863897905219, -0.00058545882348, 0.000827561714686, -0.00119015539531, -0.000357128214091, 0.00427163112909, -0.00803351867944, 0.00957206543535, -0.0151910912246, 0.0268349163234, -0.0161480139941, 0.00888816826046], [-0.000359108729754, 0.00105973519385, 0.000809511926491, -0.000714052875992, 0.000965158978943, -0.00112660415471, -0.0036697902251, 0.00461495434865, -0.00480286870152, 0.0073903426528, -0.0161480139941, 0.0245393905789, -0.0109358476475], [0.000253964099102, -0.000674901006278, 6.84991900926e-05, 0.000353002746124, -0.00111947348341, 0.000721782271285, 0.000803750066552, -0.00196957145818, 0.00160292361397, -0.00198649195954, 0.00888816826046, -0.0109358476475, 0.0139678185806]]}, "silence_rate_20dB": {"dvar2": 0, "var": 0, "min": 1, "dmean": 0, "mean": 1, "max": 1, "dmean2": 0, "median": 1, "dvar": 0}, "melbands_kurtosis": {"dvar2": 1292.234375, "var": 1338.97265625, "min": -1.85897159576, "dmean": 13.7728118896, "mean": 22.2709083557, "max": 497.677001953, "dmean2": 21.51288414, "median": 8.74367523193, "dvar": 598.951538086}, "barkbands_spread": {"dvar2": 73.4084625244, "var": 126.724533081, "min": 0.599602937698, "dmean": 5.29793834686, "mean": 18.1227741241, "max": 133.825637817, "dmean2": 8.28371238708, "median": 17.0491352081, "dvar": 34.6900558472}, "erbbands_skewness": {"dvar2": 0.532401442528, "var": 0.818409264088, "min": -4.71025276184, "dmean": 0.436391681433, "mean": -0.167159259319, "max": 5.37104511261, "dmean2": 0.663249313831, "median": -0.229782655835, "dvar": 0.25072991848}, "average_loudness": 0.958175718784, "spectral_centroid": {"dvar2": 192696.5, "var": 409086.8125, "min": 177.686019897, "dmean": 284.899871826, "mean": 1156.80175781, "max": 10945.3330078, "dmean2": 437.395568848, "median": 1067.70678711, "dvar": 99034.078125}, "dissonance": {"dvar2": 0.000792569771875, "var": 0.000447068770882, "min": 0.316289305687, "dmean": 0.0164724849164, "mean": 0.468148559332, "max": 0.500000119209, "dmean2": 0.0282152611762, "median": 0.472394138575, "dvar": 0.000284246169031}, "erbbands_flatness_db": {"dvar2": 0.000670311274007, "var": 0.0014986806782, "min": 0.0277952477336, "dmean": 0.0171106290072, "mean": 0.202271059155, "max": 0.396099597216, "dmean2": 0.0251733306795, "median": 0.200540438294, "dvar": 0.000343646097463}, "spectral_strongpeak": {"dvar2": 3.54128456116, "var": 2.0582447052, "min": 0, "dmean": 0.593644320965, "mean": 0.992022573948, "max": 16.998506546, "dmean2": 1.01692938805, "median": 0.545942604542, "dvar": 1.43870222569}, "spectral_rms": {"dvar2": 3.83978795071e-06, "var": 5.48151137991e-06, "min": 3.28313830116e-12, "dmean": 0.00115362636279, "mean": 0.00509600387886, "max": 0.014254167676, "dmean2": 0.00171506893821, "median": 0.00521180452779, "dvar": 1.68243229837e-06}, "silence_rate_60dB": {"dvar2": 0.0675008893013, "var": 0.0771185681224, "min": 0, "dmean": 0.0300310663879, "mean": 0.0842177942395, "max": 1, "dmean2": 0.0600673183799, "median": 0, "dvar": 0.0291335973889}, "melbands": {"dvar2": [2.61135687651e-06, 2.47959505941e-05, 2.52814406849e-05, 9.96240942186e-06, 6.65381435283e-07, 1.8886184705e-07, 1.1055048077e-07, 5.92706292935e-08, 2.64970143604e-08, 1.53314037021e-08, 6.94789603628e-09, 9.07692410124e-09, 2.02985539488e-08, 3.79361075886e-08, 2.00216490498e-07, 2.59811354653e-08, 1.94936440323e-08, 1.1123171717e-08, 2.40661357509e-08, 1.28334542993e-08, 8.50755732529e-09, 2.02323424681e-09, 1.39368894203e-09, 8.8423118827e-10, 5.13709852434e-10, 5.71779679159e-10, 3.10235920287e-10, 5.02468726349e-11, 1.46472625695e-11, 8.50033151506e-12, 1.73629600281e-12, 7.79992335911e-13, 8.26009128718e-13, 1.91029782054e-13, 5.53687209471e-14, 1.24173708696e-14, 3.49826703623e-15, 1.13425970209e-15, 6.12039537906e-16, 1.81906664935e-16], "var": [2.39224254983e-06, 1.16294950203e-05, 1.77245783561e-05, 3.56818623004e-06, 4.05024053407e-07, 8.64737117467e-08, 3.50692204165e-08, 3.2575997011e-08, 3.8839651495e-08, 3.10528527336e-08, 8.12957257068e-09, 8.8002565235e-09, 1.9716095423e-08, 3.85189693475e-08, 1.84850208029e-07, 3.94731074493e-08, 3.10327088471e-08, 2.01687537782e-08, 2.37200268316e-08, 1.53165640171e-08, 1.10395479425e-08, 2.7636144484e-09, 1.85924853291e-09, 6.85303425119e-10, 3.82090137308e-10, 4.46290504552e-10, 3.8587832929e-10, 1.02430723625e-10, 2.99518153335e-11, 6.52979580129e-12, 2.31035459861e-12, 7.36196964935e-13, 6.33076653166e-13, 1.67844891089e-13, 4.91989126305e-14, 1.21707326631e-14, 3.34178426373e-15, 1.13286696816e-15, 5.04610402146e-16, 1.7371110501e-16], "min": [6.72466056377e-24, 4.07932714193e-24, 9.98698537099e-24, 2.28438467152e-23, 1.362860239e-23, 1.54880911163e-23, 3.86703481158e-24, 1.55161938916e-24, 4.5058216349e-24, 9.27346857082e-24, 1.18227372726e-23, 1.93248423466e-23, 8.55211128212e-24, 9.82802674314e-24, 2.48381565033e-23, 2.02829770249e-23, 1.84644570008e-23, 1.15139518708e-23, 8.84922864232e-24, 8.78387546063e-24, 9.76742565954e-24, 1.04534009589e-23, 4.66369202913e-24, 6.50083982015e-24, 1.44794220085e-23, 1.17254912334e-23, 1.02129388001e-23, 1.04480019949e-23, 1.17823081512e-23, 1.0468032751e-23, 1.23746046404e-23, 8.40969980062e-24, 9.17329191333e-24, 6.14935101091e-24, 1.07483489516e-23, 1.37200581902e-23, 1.55516717276e-23, 1.50712791021e-23, 1.10172850449e-23, 9.18676171329e-24], "dmean": [0.000607086461969, 0.0016326418845, 0.00206683576107, 0.00107392761856, 0.00030106829945, 0.000115878778161, 7.64458673075e-05, 6.01131869189e-05, 5.00797104905e-05, 3.63361068594e-05, 2.23356346396e-05, 2.36046307691e-05, 2.7139816666e-05, 4.27014310844e-05, 7.95775995357e-05, 4.89717021992e-05, 3.98062547902e-05, 3.07283989969e-05, 3.69461267837e-05, 2.41697071033e-05, 2.78224888461e-05, 1.35490399771e-05, 9.36218020797e-06, 6.84825363351e-06, 5.97087409915e-06, 5.88436341786e-06, 5.4702604757e-06, 2.50921971201e-06, 1.40206464039e-06, 8.78450009623e-07, 5.7088095673e-07, 3.38831426916e-07, 3.46903419768e-07, 1.58758780344e-07, 9.52623651074e-08, 4.70386858353e-08, 2.48836116157e-08, 1.45883829461e-08, 9.65443636147e-09, 5.75759706578e-09], "mean": [0.000828007352538, 0.00253502721898, 0.00351860700175, 0.00134803226683, 0.000465426361188, 0.000175147608388, 0.000102110898297, 9.72040434135e-05, 9.37133008847e-05, 7.22637050785e-05, 3.94682974729e-05, 3.9557548007e-05, 4.61645577161e-05, 7.91726997704e-05, 0.000148457664181, 9.59157114266e-05, 8.43813759275e-05, 6.16604083916e-05, 6.76068957546e-05, 5.0950460718e-05, 5.27161355421e-05, 2.62373851001e-05, 1.72756062966e-05, 1.15642333185e-05, 9.59558383329e-06, 1.04979126263e-05, 1.10480341391e-05, 5.73773968426e-06, 3.12405927616e-06, 1.73643832113e-06, 1.20476659049e-06, 6.59773718326e-07, 6.33327601918e-07, 3.03058271811e-07, 1.76124800078e-07, 9.47047453792e-08, 5.05052923927e-08, 2.93412600882e-08, 1.83679897958e-08, 1.10280033994e-08], "max": [0.0139671005309, 0.0328884609044, 0.0394573658705, 0.0216142181307, 0.00748503440991, 0.00436483742669, 0.00404299935326, 0.00298635149375, 0.00307162152603, 0.00280918367207, 0.00194598094095, 0.00263405335136, 0.00372145115398, 0.00372997205704, 0.00818835757673, 0.00299529870972, 0.00210961536504, 0.00185064552352, 0.00430251052603, 0.00422309804708, 0.00132532988209, 0.000670074194204, 0.000538833788596, 0.000651822250802, 0.000352873466909, 0.00049574743025, 0.000223354421905, 0.000151928790729, 9.033788956e-05, 8.34563543322e-05, 1.65714445757e-05, 8.14490795165e-06, 1.08052508949e-05, 6.58894532535e-06, 2.64896311819e-06, 1.74435115241e-06, 6.30463659945e-07, 3.31229585981e-07, 4.27582534712e-07, 1.64790151302e-07], "dmean2": [0.000848941970617, 0.00264418870211, 0.00334744667634, 0.00183967978228, 0.00049870373914, 0.000196148248506, 0.000130704051116, 9.76963274297e-05, 7.85928059486e-05, 5.32194681e-05, 3.30814837071e-05, 3.48518551618e-05, 4.02796904382e-05, 6.13391312072e-05, 0.000115444636322, 6.93743204465e-05, 5.81353378948e-05, 4.61021154479e-05, 5.50780605408e-05, 3.44707659679e-05, 4.04674792662e-05, 1.97043973458e-05, 1.40141391967e-05, 1.02910971691e-05, 9.08836773306e-06, 8.8355554908e-06, 8.16133979242e-06, 3.62873493032e-06, 2.07806647268e-06, 1.31837634854e-06, 8.58231089751e-07, 5.04076126617e-07, 5.27860663624e-07, 2.36060174075e-07, 1.40029229101e-07, 6.97096922408e-08, 3.66557877385e-08, 2.1712887488e-08, 1.41673384135e-08, 8.28807