{"metadata": {"tags": {"bpm": ["121.97"], "musicip_puid": ["26be0a11-fade-a0e6-ac68-a55db9496488"], "musicbrainz_albumid": ["e2a29b6f-ba77-48da-909b-2dc8d61976ac"], "genre": ["Folk"], "musicbrainz_recordingid": ["19a8e3ae-1d17-41eb-8847-95b14349141e"], "title": ["Somebody's Been Fooling"], "tracknumber": ["19/26"], "artist": ["Big Joe Williams"], "album": ["Smithsonian Folkways: American Roots Collection"], "musicbrainz album type": ["Compilation"], "musicbrainz album release country": ["United States"], "date": ["1996"], "acoustid_id": ["d20d2461-3cc1-4e5d-86e3-780499ce3eda"], "file_name": "Big Joe Williams - Somebody's Been Fooling.mp3", "acoustid_fingerprint": ["AQADtFeUKUlG5BOcO4G-C41LVBQDPUfYo8mPPGIOPUmuBDnewGEipQkeWwE-pDwZ6FsYIU90_LCO80ee5EyK90F-NDvaLamCPMkTJH-OH1uVHWeaB39wJM6RTk2HM1oe_LgP6uEYXAEvH8mFMMmZBJXPFNd0PNFxmHHwaGISXPihE1YZLjiTnHh68HAVxsF18EqMeA-RMDkZ_MKTfMdx-bAbXLIUXEeOZEkSB5UkZsST5OCD_mh64kvwKEcTPUKo9EZy5TjxC6-FZo9Q_UvwEyfErbgYPMek52h6PEq0YBQDPYP5RsHz4LrAJ0fRTMrwhDmOI5k-ZEkTBt-FL_iFrQoxMgE0PQ-aH3Sk49HxUiSaClWT5cEjG8kf5Mnh6RPx40IdMAlVvEk_NA8RMj-SK0-xn0ng-MePL8ePxkdI6UieA81zhNIhJ74RKXFS1B-uaHh45G2Q8Nmq4n7w40xEDfUUXEfz9MizC8mZR7iTgy_eH02F7sHFG88xL8zxRXiEM8SV40ozJRFuxIfcIHXaY_yD44fraMQTKUeCUFfQ6CvOK3iSPDiPpkevPcjfITmeJM_gHuCJckcTqjiT4z-aMBdTJOyH8NPx4dGMq2jyoMqRF8-PpyHuI1-mwpPI4Tmu40mQL5IgRtGDG3nywuGb4x2qoxmV48nx5LitIKlzIf2D5wFDoilTtEmSoxmSH3lY4wzOXCasCU9n_GCZ5CgzHn2R_5DLF_lxDqz0gGG0wKFEhM_xGDkznEnW40yPV0fzx7iCUiKHC7oYNOHRB6eSp7io4wxxjkS6aTr0nNDycAifELeCPjyakcGj4zxSWTr040j3DGySXPix-uiKpokUPFkSlD2aP8HtoU5JNMeFTzruHM0lTF0e_ODxKGASakH4FPqQH09yRUVTh0HzLMP7g9E1NIwzHsmV5MiPH_aU40uCHz6HPCKVILkWAvZxMVVwOcUTH6U-NM2J6ziaLopRJ4vBcsgZI-HaRSLuL0G3Ec12XCHOH2-ELM4SQsskhjly_JTwY5cueIqU8bgl4zl8C_kxK4f-EHmEZttRazGsUDqeo2EelLtkJFeO_NmHhhHRXyh1MImOpDnCPEnRJl3wPTiaKtPRhzluGrmRfIerUMFT8GzhhiqyB_qLMN-DHk-OD7VTNE2kB_kLXYh_gWoiZbgfAG7SkPgSxNaRNJfhBz-eHNcLM6-CK7gz4bkRJmJ2JKvCcDi-o5negNE7PC_iyLkgPgryCE9ynHC1pAqeZCtiyD3ChGPR5wvo9MND2D544c6F_4XzVEieB-ySIz8oLzquhCPuo1GEStEV5CF-2MerCvqV4j-a5CmyaDGH68dvNNfQ57jQHH2i4FpxhUKYE1rHIw9Xg0n4o3aF7kIzSseVHB8RJlLyQWOOHD0rNNUj5FmhWkG6DM_xB8_h9wMPjsrxH__RnEeP0Qlq7Ziih0VsQc-Rt3i8BMwZBu3xHtUZDY2nC19SIj-UZhciJzoejoI_HNwteJIs4cSDfkdTLalw4f1yRFLERdDymMgT_Id7oHl2tMtCPMi9BKczHbK0oyKTID2uw8dNhWiqPMbDBNEp6EJ69bhysMd1gwlfhLSJT4dYW8gjvXjCH18Pr8cV_DO-HNkJ5zniPJfwPfiHD9euoPEn1ExIZFckqDy0ZUeYKA_O9EJj7ah7DO_hSFdwRWIWYT_Co_mhL0J-BdcOJ5EjYT_xHNcJNz4BPzcujDqPPKnSIFF0YUf9oNcaDU11PMOPzosJ50eYI3mSkMYudsGVSrj3gDwc5Zj54Bfy7EGyD82YKBw-zsFZ48sW4D_aOOj3BSOlCD825syEfMlS3EePMMk2482HSzraTEHLBVd-nJSC2IwDRZM0I91zdH8GPid-41FIHY-0Gs23oWqYasiuPNDzC6GPZhfxcGkQaDqa41GOj0cl7Qqay_gO9x7yWMSZwx9yXIf-BumTH9_x74Sb48mH80OYL06gyTTyRLhKlJnQPPiR34LYI5YWH0_QXDrq_biEWNLRXD-0NUqOXMd7XFLgRZWQMxIOsWJxNKdQcseXjUSVFj-D6_ApHOkUMIoixJ9YnHvg59Dl4JKImBEeHemrBbrBP8iPiwla6ehbfP1wOkWqHzqPJ8mOmCIPP2DzF38-pE2OU9nxMAeTBNqTI8dsPC5uMjinwmnxI9ClB_l2NNdOnKmPKc-O_vCPdhmyLYe-B_l29AqaBz--RIGVRNqDPz16NM848DlS6E-GmBceJfiWKMfzSLiOyOEhNscv5Du8cDnxRPtQ9Tge7MeU40ayjIkyIZSyBY2Wo_6GH8fLxMijJ8Wl4qliTGGVKRxCqccv4RcuwxGj5Mh1qJkzIxOTDs9x_vCdAI8eEhUZDc11xAoLnUfwB9Zy4ofXOcf34H3gjR5u4cwedHoqotlxxIdqIl8eWM5xDl9--BHxC79gvCIShX4ShImDNhkaTQyub-iP5rkQPlpSJEsTG1eioFE-gtGT4EoQ6jGS5Xj-GN8Nlk2POkeYQteQ4zr8TFJwKReeHE30oEdGX9CFJno6hOHxt6iVBXaPHmWGZpRiNKlGoUrn4zd6NAvD47uGPrMQBkL-bIczaRXOq2Al6YOf5cODP_CS1Ih-9CmaKxU-5YGeRPHR7EQoMyZ-ODdyHfqSC-FfNGfwS9j5oI-O5jm-s8WzNMvwM2i-oXzw40fyH3lSnCTiiGMC9XOQVssiRXh2HNcHJ8-DKzuuBOGh5TpirwyeJYlSGT8e-NqGH_cR_Ui8NCW-qgk-YmuK7_gV6Hk6XEwFNxVjvMfxw01EXBGuHOmRnAyuLOVxz4Ersjg-vJ6F_BB_ZKcAYhAhyACHCCBAC8MAMQRIAAAgghBlhCHEGCYgAMYxBQBDhgACFDaCAERAAkFAAIzgigJAmEEAIGKQIwoJTBAgRhBDICLAMAAEBIgRCaCAgBligEXCMCAMl8AAJAQyAhjlDAZicAEIQsAIoQBljiCkBSBCQGAJIQoAJTSAChghAEFEACIgIEY5xBgiBBMhiIHGOEGAMoQZAIQhyBAAEJFCEYAYMAgZRiAgCAECMCdQMIwIEI4kBohDAhBAJGIKA8AgNUgwIoAyXAkCFiAICAMUUAQJAYBgThmjBACMMEQQk1YaxAhhwCBRAEQEIYcwUsJJI4AQwgCglEJOIEAaMQxBRwAAkBEgkAGAEAIOIVQIAAAYQmECCHEMQECMEAIYAqFABCsAjDYAAIIAARYhJBRQACCAEEFIKYMAUARQ4gkSyCGBCCIaCSCAEQAwQYgRhCgAEGBGMeWQAsQYooRBTAmACGAICAUAMw4J4BRRRhCklAFCSAYEIYgJLAxCmglBKALIMMSYI0kZ4kQgwChGCACINCCcsAozooQCSlhDDGDCCCAMUBIs4wwDFBDCjMAECGQoY0AYBwwwQhNkGADaEUYQAQAwoIAzDiAKBIGQCAgAEAYpBhAQgBEAgCBCIEEVIEIBwQQASAgiDBAEICSEEQQIBQQhlCjAEFHIMAKAAIwAIRghRAlDFJDAKCMBAsI4IAhwRCigECUQECYBooAABCABDABkhERMEAAIIkYpgAAhAhgAqBBIGeKkAsoIYAABQBggKECAGIM4McAACphDSAkAJGGGKGSYEEAQtoSjJAEoqDAICYEMYpApwwhRQCEBGHDAEqQAAMYAIoBTkgGjjAEICAesAEIIIBgQAgMshABMKEmhIEQYRKzAAhADCFGEKYKIEEIQAoAARghBkADACGOMBEgR4IAQAgkDAEACCcYoJMAYIpDwABKABDEFAGQ8cAQwYYBDyDBEEFHmAgQZBEAI94BBwDE"]}, "audio_properties": {"sample_rate": 44100, "downmix": "mix", "lossless": false, "analysis_sample_rate": 44100, "md5_encoded": "0b9089646ed7e048b71d9a529538c3e4", "equal_loudness": 0, "replay_gain": -5.98062515259, "codec": "mp3", "bit_rate": 128000, "length": 168.594284058}, "version": {"extractor": "music 1.0", "essentia_build_sha": "2d9f1f26377add8aeb1075a9c2973f962c4f09fd", "essentia_git_sha": "v2.1_beta2-1-ge3940c0", "essentia": "2.1-beta2"}}, "rhythm": {"beats_loudness_band_ratio": {"dvar2": [0.129830420017, 0.0584305897355, 0.0575553067029, 0.036571379751, 0.0384866185486, 0.00107590598054], "var": [0.072550162673, 0.0328224860132, 0.0148150324821, 0.0114431371912, 0.010561442934, 0.000244016264332], "min": [0.018778514117, 0.00554087944329, 0.00173726282082, 6.53902825434e-05, 8.39286803966e-06, 4.73186810268e-06], "dmean": [0.285214722157, 0.170951068401, 0.097885414958, 0.0723787397146, 0.0698829516768, 0.00997486710548], "mean": [0.617584943771, 0.233431756496, 0.0848395004869, 0.0587900988758, 0.0523580387235, 0.00750896986574], "max": [0.993474662304, 0.895519375801, 0.842746317387, 0.708269238472, 0.675120472908, 0.129034236073], "dmean2": [0.506752789021, 0.28763538599, 0.17880821228, 0.12898927927, 0.127049922943, 0.0182588770986], "median": [0.687933683395, 0.18454131484, 0.0408780798316, 0.0183814931661, 0.0122169246897, 0.00257837795652], "dvar": [0.0497674420476, 0.021863264963, 0.0202264357358, 0.0128355240449, 0.0141059570014, 0.000384546554415]}, "bpm_histogram_first_peak_weight": {"dvar2": 0, "var": 0, "min": 0.247058823705, "dmean": 0, "mean": 0.247058823705, "max": 0.247058823705, "dmean2": 0, "median": 0.247058823705, "dvar": 0}, "bpm": 123.759971619, "beats_count": 341, "bpm_histogram_first_peak_spread": {"dvar2": 0, "var": 0, "min": 0.59024387598, "dmean": 0, "mean": 0.59024387598, "max": 0.59024387598, "dmean2": 0, "median": 0.59024387598, "dvar": 0}, "danceability": 1.15454900265, "bpm_histogram_first_peak_bpm": {"dvar2": 0, "var": 0, "min": 123, "dmean": 0, "mean": 123, "max": 123, "dmean2": 0, "median": 123, "dvar": 0}, "beats_position": [0.545668900013, 1.11455774307, 1.69505667686, 2.27555561066, 2.85605430603, 3.43655323982, 4.01705217361, 4.57433080673, 5.13160991669, 5.6888885498, 6.24616765976, 6.80344676971, 7.36072540283, 7.90639448166, 8.45206356049, 8.99773216248, 9.54340076447, 10.0890703201, 10.6347389221, 11.1687984467, 11.7028570175, 12.2485256195, 12.7941951752, 13.3398637772, 13.873922348, 14.4079818726, 14.9420404434, 15.4644899368, 15.9985485077, 16.5326080322, 17.0782756805, 17.600725174, 18.1347846985, 18.6688423157, 19.2145118713, 19.7369613647, 20.2710208893, 20.7818584442, 21.2926979065, 21.8035373688, 22.3375968933, 22.8600444794, 23.3824939728, 23.9049434662, 24.4390010834, 24.984670639, 25.5187301636, 26.0411777496, 26.563627243, 27.0860767365, 27.6085262299, 28.1309738159, 28.6418132782, 29.1526527405, 29.6751022339, 30.1975498199, 30.7199993134, 31.2424488068, 31.7648983002, 32.2757377625, 32.8097953796, 33.332244873, 33.8546943665, 34.3655319214, 34.8763694763, 35.3872108459, 35.8980484009, 36.4088897705, 36.9197273254, 37.4189567566, 37.9181861877, 38.4290237427, 38.9398651123, 39.4507026672, 39.9615402222, 40.4607696533, 40.9599990845, 41.4708366394, 41.9932861328, 42.492515564, 43.0033569336, 43.5141944885, 44.0134239197, 44.5242614746, 45.0234909058, 45.5111083984, 46.0103378296, 46.5095672607, 47.0087966919, 47.508026123, 48.0072555542, 48.5064849854, 49.0057144165, 49.5049438477, 49.9925613403, 50.4917907715, 50.9910202026, 51.4786376953, 51.9662590027, 52.4538764954, 52.9531059265, 53.4523353577, 53.9399528503, 54.4159622192, 54.8919715881, 55.3795890808, 55.8672103882, 56.3548278809, 56.854057312, 57.3416786194, 57.8409042358, 58.3285255432, 58.8161430359, 59.315372467, 59.8146018982, 60.3022193909, 60.7898406982, 61.2774581909, 61.7650794983, 62.252696991, 62.7403144836, 63.227935791, 63.7155532837, 64.2031707764, 64.7024002075, 65.1900177002, 65.6892471313, 66.1768722534, 66.6761016846, 67.1637191772, 67.6629486084, 68.1505661011, 68.6381835938, 69.1258010864, 69.6134262085, 70.1010437012, 70.5886611938, 71.0762786865, 71.5755081177, 72.0747375488, 72.5855789185, 73.0848083496, 73.5956420898, 74.094871521, 74.5824966431, 75.0701141357, 75.5577316284, 76.0569610596, 76.5445785522, 77.0321960449, 77.5198135376, 78.0074386597, 78.4834442139, 78.9710617065, 79.4586868286, 79.9463043213, 80.433921814, 80.9331512451, 81.4323806763, 81.9199981689, 82.4076156616, 82.8952331543, 83.3828582764, 83.870475769, 84.3580932617, 84.8457107544, 85.3333282471, 85.8209533691, 86.3085708618, 86.7961883545, 87.2838058472, 87.7598190308, 88.235824585, 88.7118377686, 89.1878433228, 89.6638565063, 90.1398620605, 90.6274795532, 91.1150970459, 91.602722168, 92.0903396606, 92.5779571533, 93.065574646, 93.5531921387, 94.0408172607, 94.5284347534, 95.039276123, 95.5036697388, 95.9912872314, 96.467300415, 96.9549179077, 97.4425354004, 97.918548584, 98.4061660767, 98.8937835693, 99.381401062, 99.8690261841, 100.345031738, 100.821044922, 101.308662415, 101.796279907, 102.272285461, 102.759910583, 103.235916138, 103.711929321, 104.187934875, 104.66394043, 105.139953613, 105.615959167, 106.091972351, 106.579589844, 107.055595398, 107.531608582, 108.007614136, 108.483627319, 108.959632874, 109.435646057, 109.911651611, 110.387664795, 110.852058411, 111.328071594, 111.804077148, 112.280090332, 112.756095886, 113.23210907, 113.708114624, 114.172515869, 114.648521423, 115.124534607, 115.600540161, 116.076553345, 116.564170837, 117.05178833, 117.516189575, 117.98059082, 118.468208313, 118.944213867, 119.420227051, 119.907844543, 120.372245789, 120.836639404, 121.312652588, 121.788658142, 122.264671326, 122.74067688, 123.205078125, 123.681083679, 124.157096863, 124.644714355, 125.12071991, 125.596733093, 126.072738647, 126.548751831, 127.024757385, 127.500770569, 127.976776123, 128.441177368, 128.917190552, 129.393188477, 129.86920166, 130.333602905, 130.79800415, 131.262405396, 131.726806641, 132.191192627, 132.655593872, 133.119995117, 133.596008301, 134.060409546, 134.524810791, 134.989196777, 135.453598022, 135.929611206, 136.394012451, 136.858413696, 137.322814941, 137.787200928, 138.251602173, 138.727615356, 139.20362854, 139.679641724, 140.155639648, 140.631652832, 141.107666016, 141.572067261, 142.036453247, 142.500854492, 142.965255737, 143.418045044, 143.870834351, 144.335235596, 144.799636841, 145.264038086, 145.728439331, 146.192825317, 146.657226563, 147.110015869, 147.586029053, 148.050430298, 148.514831543, 148.979232788, 149.443618774, 149.90802002, 150.384033203, 150.860046387, 151.336044312, 151.812057495, 152.288070679, 152.764083862, 153.240081787, 153.716094971, 154.180496216, 154.656509399, 155.132507324, 155.608520508, 156.107757568, 156.595367432, 157.071380615, 157.53578186, 158.000183105, 158.452972412, 158.917373657, 159.370162964, 159.822952271, 160.287338257, 160.740127563, 161.19291687, 161.645706177, 162.12171936, 162.586120605, 163.062133789, 163.538131714, 164.014144897, 164.490158081, 164.977767944, 165.465393066, 165.94140625, 166.429016113, 166.916641235, 167.415863037, 167.915100098], "beats_loudness": {"dvar2": 0.00100650207605, "var": 0.000423279358074, "min": 7.90856688582e-07, "dmean": 0.0189394261688, "mean": 0.0256842523813, "max": 0.132432684302, "dmean2": 0.0328515693545, "median": 0.0211870092899, "dvar": 0.000373734539608}, "bpm_histogram_second_peak_weight": {"dvar2": 0, "var": 0, "min": 0.135294124484, "dmean": 0, "mean": 0.135294124484, "max": 0.135294124484, "dmean2": 0, "median": 0.135294124484, "dvar": 0}, "bpm_histogram_second_peak_spread": {"dvar2": 0, "var": 0, "min": 0.163636341691, "dmean": 0, "mean": 0.163636341691, "max": 0.163636341691, "dmean2": 0, "median": 0.163636341691, "dvar": 0}, "bpm_histogram_second_peak_bpm": {"dvar2": 0, "var": 0, "min": 129, "dmean": 0, "mean": 129, "max": 129, "dmean2": 0, "median": 129, "dvar": 0}, "onset_rate": 4.24051237106}, "lowlevel": {"spectral_energyband_high": {"dvar2": 4.34533546922e-08, "var": 1.28585654124e-07, "min": 7.99747539123e-21, "dmean": 5.85629386478e-05, "mean": 0.000132926899823, "max": 0.00362510536797, "dmean2": 8.06497919257e-05, "median": 1.61069292517e-05, "dvar": 2.36078712135e-08}, "spectral_energyband_middle_low": {"dvar2": 5.07563891006e-05, "var": 0.00011220703891, "min": 2.16079604231e-22, "dmean": 0.00294551672414, "mean": 0.0071809575893, "max": 0.126270800829, "dmean2": 0.0043782973662, "median": 0.00375224812888, "dvar": 2.49675213126e-05}, "spectral_energy": {"dvar2": 9.15587224881e-05, "var": 0.000325397762936, "min": 1.07254605059e-20, "dmean": 0.00563291320577, "mean": 0.0162030365318, "max": 0.15762963891, "dmean2": 0.00773476809263, "median": 0.0100342426449, "dvar": 5.43764326721e-05}, "spectral_spread": {"dvar2": 1364828487680.0, "var": 2124936380420.0, "min": 525968.9375, "dmean": 585073.25, "mean": 3174711.75, "max": 40455432, "dmean2": 867929.4375, "median": 3068519.25, "dvar": 691495174144}, "spectral_energyband_low": {"dvar2": 3.70864399883e-05, "var": 5.40735236427e-05, "min": 9.73725788303e-23, "dmean": 0.00336811738089, "mean": 0.00628062756732, "max": 0.0668256282806, "dmean2": 0.00479197921231, "median": 0.00366113940254, "dvar": 1.95086358872e-05}, "spectral_rolloff": {"dvar2": 734330.125, "var": 753582.75, "min": 86.1328125, "dmean": 212.334487915, "mean": 645.371887207, "max": 19143.0175781, "dmean2": 355.274200439, "median": 301.46484375, "dvar": 309390.46875}, "barkbands": {"dvar2": [1.06733388794e-09, 7.30506280888e-06, 1.79881353688e-05, 5.8427804106e-06, 1.58521415869e-05, 1.49501584019e-05, 2.9871280276e-06, 1.70197381522e-05, 9.84927646641e-06, 2.12972125269e-07, 4.34832963947e-06, 1.58194598043e-05, 5.5545210671e-06, 2.77826256934e-06, 9.25108054162e-07, 4.58867731368e-07, 1.76795981588e-06, 1.41260488817e-06, 8.50392467555e-08, 6.05138028575e-09, 8.17369016914e-09, 7.42117656216e-09, 3.30160387918e-09, 6.63256449762e-10, 2.77765788148e-09, 4.57402726806e-10, 1.62424880403e-12], "var": [1.01266606212e-09, 1.05305916804e-05, 2.51061828749e-05, 7.56071995056e-06, 1.27287175928e-05, 1.89541369764e-05, 2.5700101105e-06, 2.7003348805e-05, 3.46524066117e-05, 1.95773623091e-07, 2.96655321108e-06, 1.275332761e-05, 5.58370857107e-06, 2.47263051278e-06, 9.23243078432e-07, 6.1390215933e-07, 2.73393106909e-06, 6.63738455842e-06, 7.41955545891e-08, 5.38894529001e-09, 1.45702507837e-08, 2.04013179683e-08, 5.37704902825e-09, 4.4128911636e-10, 1.75132375269e-09, 3.18505444241e-10, 5.80323387001e-13], "min": [3.82047071893e-24, 3.24997629414e-23, 2.57072918943e-23, 4.29705196291e-24, 7.04991927459e-23, 2.81147344494e-23, 2.78361939746e-23, 2.46658314163e-23, 3.15048200133e-23, 5.78007599151e-23, 7.29967705481e-23, 1.14507174117e-22, 4.14564612603e-23, 7.31505163831e-23, 7.0627246959e-23, 1.40841900732e-22, 1.18392812635e-22, 1.62990060481e-22, 3.19689630508e-22, 2.3939648981e-22, 4.53156893466e-22, 5.57733949617e-22, 5.31978713913e-22, 7.10033177784e-22, 1.20366512328e-21, 1.78464540276e-21, 2.13494427527e-21], "dmean": [1.59145893122e-05, 0.00144545198418, 0.00193041365128, 0.000615173019469, 0.00151591817848, 0.000675481685903, 0.000199869813514, 0.00056586030405, 0.000416705268435, 7.92751015979e-05, 0.00022660238028, 0.000421868055128, 0.000318190956023, 0.000242063018959, 0.000154992711032, 0.000114860704343, 0.000243672911893, 0.000184601245564, 3.33941352437e-05, 1.77512993105e-05, 1.90092014236e-05, 1.9109564164e-05, 1.25717178889e-05, 3.62910077456e-06, 5.46152023162e-06, 2.50753055298e-06, 9.49497547253e-08], "mean": [2.32059610425e-05, 0.00250491127372, 0.00318333157338, 0.000977666932158, 0.00260278768837, 0.0012916859705, 0.000287247239612, 0.000966904684901, 0.00101178814657, 0.000118509975437, 0.000325257627992, 0.000534878810868, 0.000526943302248, 0.000324273685692, 0.000239504937781, 0.000194952590391, 0.000411729037296, 0.000484629184939, 5.1658389566e-05, 2.64949594566e-05, 3.68564906239e-05, 3.9342972741e-05, 2.14561296161e-05, 5.05743491885e-06, 8.0385043475e-06, 3.83269389204e-06, 1.07860877563e-07], "max": [0.000432623259258, 0.0333884954453, 0.0499597042799, 0.0473421625793, 0.0770994275808, 0.12159602344, 0.0323195457458, 0.103514306247, 0.10672967881, 0.0132586676627, 0.0606905035675, 0.145366534591, 0.0647824406624, 0.025348868221, 0.0198704879731, 0.0187594927847, 0.0435496345162, 0.0342791229486, 0.00656225532293, 0.00138785294257, 0.0026684505865, 0.00201930734329, 0.00110365438741, 0.000810037832707, 0.00102656753734, 0.000428246683441, 3.17605117743e-05], "dmean2": [2.50776265602e-05, 0.00209078751504, 0.00283276895061, 0.000927424698602, 0.00243679899722, 0.00104339409154, 0.000309409049805, 0.000830051547382, 0.00057213177206, 0.000116512346722, 0.000328103400534, 0.000641346327029, 0.00045329760178, 0.000348254485289, 0.000231092169997, 0.000162165437359, 0.00034911261173, 0.000252489175182, 5.28845375811e-05, 2.65018952632e-05, 2.73547866527e-05, 2.70203909167e-05, 1.8389777324e-05, 5.67474580748e-06, 8.63691275299e-06, 3.80368260267e-06, 1.55674555913e-07], "median": [1.23816607811e-05, 0.00107778445818, 0.00103539321572, 0.000300514046103, 0.00142503669485, 0.000417084724177, 6.17577243247e-05, 8.51667282404e-05, 5.86360001762e-05, 2.71089302259e-05, 2.09756635741e-05, 2.99966795865e-05, 2.62249413936e-05, 6.89879288984e-06, 1.48717590491e-05, 8.76139711181e-06, 1.94388649106e-05, 8.3326267486e-06, 3.66051153833e-06, 5.30599118065e-06, 3.25906466969e-06, 2.40542840402e-06, 1.4184512338e-06, 4.93501943311e-07, 2.83477731955e-07, 1.29532224946e-07, 3.78987063954e-09], "dvar": [4.68140526344e-10, 3.63933577319e-06, 9.30238093133e-06, 2.99733687825e-06, 6.41121914668e-06, 6.82376094119e-06, 1.38153222906e-06, 8.02409067546e-06, 5.17286616741e-06, 1.06554182366e-07, 2.03245531338e-06, 7.55195560487e-06, 2.56549424194e-06, 1.32195998503e-06, 4.46276345656e-07, 2.39100018007e-07, 9.61222553997e-07, 8.08278969089e-07, 3.44711992284e-08, 2.71794675655e-09, 4.47728387698e-09, 3.91272392264e-09, 1.70154468293e-09, 2.54290394297e-10, 1.12907261318e-09, 1.89296883724e-10, 6.14405173873e-13]}, "melbands_skewness": {"dvar2": 2.22059559822, "var": 3.32222557068, "min": -2.20882129669, "dmean": 0.969764173031, "mean": 3.26261544228, "max": 17.2887821198, "dmean2": 1.46049404144, "median": 3.14791107178, "dvar": 0.968277573586}, "barkbands_skewness": {"dvar2": 1.6167331934, "var": 2.64694809914, "min": -2.61593294144, "dmean": 0.810805439949, "mean": 2.36347150803, "max": 19.5843658447, "dmean2": 1.21717762947, "median": 2.29085016251, "dvar": 0.713920772076}, "erbbands": {"dvar2": [0.00128354271874, 0.613076210022, 21.0057907104, 35.4722824097, 151.358688354, 142.662628174, 981.98260498, 1444.40734863, 469.978302002, 1204.88989258, 10449.3505859, 5405.75439453, 578.70123291, 431.774993896, 14401.2783203, 16216.4365234, 11307.2089844, 4587.34912109, 5999.13134766, 947.077148438, 1535.78894043, 6127.92382813, 5882.56591797, 645.040344238, 12.1081504822, 9.56714725494, 20.5804691315, 8.54877567291, 6.21403598785, 10.3165369034, 1.31292629242, 0.0941734611988, 0.231803745031, 0.353429496288, 0.179985836148, 0.0187010355294, 0.000986695406027, 3.079378439e-05, 1.26327242e-08, 1.29192906373e-10], "var": [0.00354562629946, 0.845000207424, 31.1467857361, 51.1499977112, 121.444068909, 103.220558167, 656.881347656, 1991.98242188, 342.404663086, 1449.16967773, 18296.484375, 24921.4335938, 2263.52758789, 477.384124756, 17157.0488281, 10953.6884766, 10090.4267578, 5328.48242188, 6261.05761719, 1050.00793457, 1895.80883789, 11099.0732422, 25901.7929688, 1404.82177734, 15.7218647003, 9.46385860443, 39.9555053711, 12.4472961426, 21.3492717743, 24.1752967834, 2.23786473274, 0.0902720615268, 0.182875350118, 0.191441193223, 0.115692280233, 0.0139428963885, 0.000651435402688, 1.59120991157e-05, 7.31071070348e-09, 5.34601529711e-10], "min": [7.48104539081e-22, 3.77563803712e-21, 3.02668035696e-20, 1.52164122673e-20, 6.6577033931e-20, 3.19426495187e-19, 1.21364365989e-19, 3.20491024936e-19, 5.13551360991e-19, 3.66798120741e-19, 5.57967392668e-19, 6.31590603089e-19, 1.46339251863e-18, 2.40580228564e-18, 3.59369651099e-18, 4.02268974746e-18, 1.63309885765e-18, 3.1759086767e-18, 2.84869319037e-18, 5.22951027882e-18, 7.77656978407e-18, 7.67619224392e-18, 8.96404049295e-18, 1.32329980388e-17, 1.75408214929e-17, 1.20265336087e-17, 1.56920149212e-17, 1.97739394859e-17, 1.74777109209e-17, 2.01571209785e-17, 1.42046498812e-17, 1.21090556281e-17, 1.28714059602e-17, 1.24294789277e-17, 8.97683614985e-18, 4.42247937239e-18, 4.12640661574e-18, 1.34907750214e-18, 2.3700673594e-19, 3.22057860113e-20], "dmean": [0.0194535572082, 0.421596080065, 2.14079403877, 1.93020772934, 3.94254469872, 4.56814336777, 7.42334508896, 4.99556064606, 2.71347928047, 4.7219285965, 14.560341835, 10.7514753342, 3.93784570694, 3.53094339371, 13.2945261002, 14.280798912, 13.8591575623, 11.2824020386, 10.785446167, 5.31218147278, 7.08335542679, 13.5444383621, 11.6611890793, 3.5825958252, 0.708622157574, 0.707750678062, 1.01013100147, 0.587710797787, 0.601604998112, 0.689199388027, 0.264569789171, 0.0710841193795, 0.0669156908989, 0.06073217839, 0.0427593514323, 0.0159590244293, 0.00358884502202, 0.000480080838315, 1.17685513032e-05, 6.50948777547e-06], "mean": [0.0372540578246, 0.725780904293, 3.61409163475, 3.39868235588, 6.27963113785, 7.35131168365, 12.5061903, 9.47537517548, 4.06743717194, 7.60529708862, 25.5440177917, 27.7030010223, 8.70461368561, 5.42485809326, 21.3598098755, 18.8948135376, 22.7834281921, 18.1362400055, 18.5206260681, 9.59012889862, 13.0745067596, 24.8501663208, 30.8078861237, 7.90339374542, 1.28119421005, 1.14869809151, 1.85460019112, 1.15183877945, 1.28739082813, 1.36757361889, 0.461578518152, 0.103767968714, 0.0950649529696, 0.0809556916356, 0.0623489171267, 0.0242711734027, 0.0054807360284, 0.000724115525372, 2.37109252339e-05, 1.94043514057e-05], "max": [0.515579998493, 9.85688591003, 52.3803863525, 114.550537109, 325.687591553, 122.089782715, 580.704223633, 1515.56494141, 598.940368652, 1054.0657959, 2866.58349609, 2639.14624023, 1791.95715332, 540.5234375, 5131.72509766, 2662.86328125, 2830.05029297, 1080.53833008, 1251.16064453, 1089.17529297, 1170.36450195, 3054.02392578, 2173.62329102, 698.196655273, 77.0761566162, 75.0050201416, 170.008392334, 54.797492981, 74.0974273682, 65.8780441284, 28.321308136, 7.55068874359, 14.6325540543, 11.3953380585, 8.68939304352, 2.79252314568, 0.797344386578, 0.171032875776, 0.00333260698244, 0.000192085266463], "dmean2": [0.0271081943065, 0.609823644161, 3.09760093689, 2.87479948997, 6.25313520432, 7.44056367874, 11.7719764709, 7.45616388321, 4.16099214554, 6.98146486282, 20.8501224518, 14.3458633423, 5.04629278183, 4.9246931076, 18.0328235626, 21.6468067169, 19.6234931946, 15.7668876648, 15.2241258621, 7.46271133423, 9.87201213837, 18.9109783173, 16.0117454529, 5.19591999054, 1.05546355247, 1.03620886803, 1.42236018181, 0.865324676037, 0.853988528252, 0.968169689178, 0.383860558271, 0.108032621443, 0.105915240943, 0.0968043208122, 0.0682250782847, 0.0242145266384, 0.00546823581681, 0.000723688979633, 1.70379153133e-05, 8.8550395958e-06], "median": [0.015585959889, 0.332811802626, 1.24882769585, 1.54430603981, 2.61926174164, 3.89805841446, 5.57715320587, 2.03738451004, 1.08427357674, 1.27876162529, 2.3952627182, 1.71523463726, 1.43418979645, 0.914037585258, 1.06234884262, 1.55800330639, 1.29278635979, 0.742628633976, 0.440711319447, 1.05913174152, 0.961152255535, 0.960982322693, 0.584999740124, 0.318129956722, 0.190340399742, 0.232959002256, 0.234204024076, 0.106224574149, 0.0892854556441, 0.0627103075385, 0.0380415990949, 0.0149348471314, 0.00565795786679, 0.00303719891235, 0.00199841405265, 0.000683475169353, 0.00021085840126, 2.93515513476e-05, 6.1311184254e-06, 1.14311378638e-05], "dvar": [0.000746738107409, 0.310078769922, 11.3840551376, 17.9351234436, 64.9169998169, 56.3580970764, 393.999206543, 676.989440918, 220.117660522, 592.842041016, 5269.39111328, 3078.16455078, 415.437591553, 224.211273193, 8223.19433594, 7308.87744141, 5320.23583984, 2303.22705078, 2736.97558594, 492.952575684, 767.191589355, 3484.43823242, 3293.94848633, 313.000549316, 5.39904737473, 4.45371294022, 12.0859212875, 3.80520534515, 3.34645080566, 5.57612752914, 0.699436903, 0.0429148823023, 0.0947990566492, 0.138621404767, 0.0713628157973, 0.00771218771115, 0.000422350713052, 1.24645594042e-05, 5.14910381e-09, 7.71921276899e-11]}, "silence_rate_30dB": {"dvar2": 0.00712643237785, "var": 0.00493259169161, "min": 0, "dmean": 0.00302988570184, "mean": 0.995042681694, "max": 1, "dmean2": 0.0060606058687, "median": 1, "dvar": 0.00302081182599}, "melbands_spread": {"dvar2": 67.1756820679, "var": 165.093719482, "min": 0.282488852739, "dmean": 3.98480129242, "mean": 10.7710914612, "max": 143.963745117, "dmean2": 5.69358539581, "median": 5.70383453369, "dvar": 35.6374435425}, "melbands_crest": {"dvar2": 25.3313045502, "var": 33.4995994568, "min": 2.39059591293, "dmean": 3.87896943092, "mean": 17.7503204346, "max": 33.6809272766, "dmean2": 6.07558345795, "median": 17.2107543945, "dvar": 10.7232131958}, "zerocrossingrate": {"dvar2": 8.74631659826e-05, "var": 0.000550367345568, "min": 0.00244140625, "dmean": 0.00603186385706, "mean": 0.0269247237593, "max": 0.5, "dmean2": 0.00679881218821, "median": 0.02001953125, "dvar": 6.97409413988e-05}, "barkbands_kurtosis": {"dvar2": 516.202758789, "var": 480.528167725, "min": -1.85359740257, "dmean": 7.55536651611, "mean": 12.9969177246, "max": 589.551635742, "dmean2": 11.8755807877, "median": 8.32155036926, "dvar": 228.912231445}, "spectral_flux": {"dvar2": 0.00131004257128, "var": 0.00178951525595, "min": 6.90785623148e-11, "dmean": 0.0218800064176, "mean": 0.0584472194314, "max": 0.381213963032, "dmean2": 0.0343632698059, "median": 0.0467450544238, "dvar": 0.000562355387956}, "barkbands_crest": {"dvar2": 16.0931015015, "var": 19.6379776001, "min": 3.86589956284, "dmean": 2.97111797333, "mean": 12.8781738281, "max": 26.5526237488, "dmean2": 4.74278354645, "median": 12.1168041229, "dvar": 6.76282119751}, "barkbands_flatness_db": {"dvar2": 0.00205393275246, "var": 0.00630474602804, "min": 0.0613702088594, "dmean": 0.0352134294808, "mean": 0.24092322588, "max": 0.598109900951, "dmean2": 0.049051746726, "median": 0.22855374217, "dvar": 0.00111347844359}, "spectral_entropy": {"dvar2": 0.184055820107, "var": 0.386513769627, "min": 3.80918216705, "dmean": 0.310690641403, "mean": 6.57435703278, "max": 9.80982494354, "dmean2": 0.444533348083, "median": 6.6485619545, "dvar": 0.0919239744544}, "pitch_salience": {"dvar2": 0.0133870420977, "var": 0.0166895091534, "min": 0.0733150169253, "dmean": 0.0869316235185, "mean": 0.49207252264, "max": 0.945536494255, "dmean2": 0.137187764049, "median": 0.502019286156, "dvar": 0.00552253751084}, "erbbands_spread": {"dvar2": 194.853820801, "var": 271.506286621, "min": 1.08314669132, "dmean": 8.01655483246, "mean": 29.869977951, "max": 192.680099487, "dmean2": 12.0161581039, "median": 27.6403579712, "dvar": 92.5423355103}, "dynamic_complexity": 4.59454202652, "spectral_contrast_valleys": {"dvar2": [0.310379803181, 0.215662166476, 0.220599353313, 0.300376594067, 0.349165946245, 0.396485388279], "var": [0.623042285442, 0.773269057274, 0.945327043533, 1.36385750771, 1.44260859489, 1.42806506157], "min": [-27.4410209656, -27.9695777893, -27.3217163086, -27.4820976257, -27.2280349731, -27.3327083588], "dmean": [0.422863960266, 0.370728462934, 0.379822939634, 0.452253013849, 0.483832061291, 0.455909430981], "mean": [-7.43890666962, -7.62610864639, -8.50504970551, -9.31694602966, -9.44697475433, -12.2272405624], "max": [-5.50776958466, -5.39516067505, -5.76814174652, -6.03975296021, -6.41115236282, -8.45190143585], "dmean2": [0.688861191273, 0.567343711853, 0.55962228775, 0.615020036697, 0.63544946909, 0.600550413132], "median": [-7.37850570679, -7.54001140594, -8.40850639343, -9.24948120117, -9.3586397171, -12.2810735703], "dvar": [0.128057047725, 0.104696117342, 0.118160992861, 0.171726360917, 0.193273633718, 0.213213413954]}, "hfc": {"dvar2": 61.9190292358, "var": 449.088623047, "min": 1.16638898526e-16, "dmean": 2.9777264595, "mean": 9.6846113205, "max": 193.410049438, "dmean2": 3.68160700798, "median": 2.52225112915, "dvar": 45.6742668152}, "spectral_kurtosis": {"dvar2": 233.947555542, "var": 285.180267334, "min": -1.20847630501, "dmean": 6.93543481827, "mean": 14.1447687149, "max": 216.003326416, "dmean2": 10.9904708862, "median": 8.5542049408, "dvar": 105.093986511}, "mfcc": {"mean": [-768.613037109, 171.883087158, 13.1349725723, 34.5716972351, 10.6503410339, 13.8130178452, -3.20205402374, 7.10497426987, 0.962806761265, -7.35576105118, -3.63099718094, 2.5811727047, -1.59220790863], "cov": [[9367.54296875, -1884.91967773, -2374.5012207, -169.487365723, -211.140136719, 323.271911621, -727.397399902, -24.2353553772, 1.64882051945, -273.349365234, 89.8898391724, -54.9628486633, -53.4761352539], [-1884.91967773, 1432.20507813, 520.825134277, -8.33994579315, 50.2916297913, -100.522193909, 228.206741333, 24.9994812012, -0.277992993593, 104.080223083, -56.1812133789, 42.2691001892, 16.188249588], [-2374.5012207, 520.825134277, 1075.79516602, 38.8735275269, 35.8193511963, -72.3965072632, 233.866424561, 19.9796237946, -6.44894552231, 49.685962677, -26.88539505, -8.76032924652, 23.3940982819], [-169.487365723, -8.33994579315, 38.8735275269, 331.521118164, 52.8210029602, 2.99352622032, -10.1638002396, 12.2765007019, -2.75084519386, 27.3889770508, -39.2567367554, -12.5897893906, -12.2014541626], [-211.140136719, 50.2916297913, 35.8193511963, 52.8210029602, 227.748397827, 24.5080184937, -30.1632518768, -16.0439281464, 28.0865364075, 4.4323759079, 20.5145645142, 2.30714011192, -3.53874278069], [323.271911621, -100.522193909, -72.3965072632, 2.99352622032, 24.5080184937, 197.006820679, -22.8385372162, -27.9876251221, 26.0705623627, -12.5417022705, -9.73006343842, 1.66973543167, 27.849149704], [-727.397399902, 228.206741333, 233.866424561, -10.1638002396, -30.1632518768, -22.8385372162, 237.377166748, 40.5816802979, -28.6028575897, 47.9703521729, -4.77615118027, 11.7808818817, -6.29069137573], [-24.2353553772, 24.9994812012, 19.9796237946, 12.2765007019, -16.0439281464, -27.9876251221, 40.5816802979, 150.572662354, -2.45298314095, -10.6621179581, 16.9545993805, 0.846439838409, -10.680147171], [1.64882051945, -0.277992993593, -6.44894552231, -2.75084519386, 28.0865364075, 26.0705623627, -28.6028575897, -2.45298314095, 145.856872559, 1.14076805115, -6.78513860703, 2.87118983269, 8.4686126709], [-273.349365234, 104.080223083, 49.685962677, 27.3889770508, 4.4323759079, -12.5417022705, 47.9703521729, -10.6621179581, 1.14076805115, 174.55140686, 10.6699552536, -5.55820798874, -12.9059448242], [89.8898391724, -56.1812133789, -26.88539505, -39.2567367554, 20.5145645142, -9.73006343842, -4.77615118027, 16.9545993805, -6.78513860703, 10.6699552536, 179.849411011, 7.67223501205, -35.0405960083], [-54.9628486633, 42.2691001892, -8.76032924652, -12.5897893906, 2.30714011192, 1.66973543167, 11.7808818817, 0.846439838409, 2.87118983269, -5.55820798874, 7.67223501205, 104.776031494, 22.1790180206], [-53.4761352539, 16.188249588, 23.3940982819, -12.2014541626, -3.53874278069, 27.849149704, -6.29069137573, -10.680147171, 8.4686126709, -12.9059448242, -35.0405960083, 22.1790180206, 117.741653442]], "icov": [[0.000309838273097, 0.000128364306875, 0.000518556218594, 7.76945889811e-05, 0.000212040889892, -0.000279135158053, 0.000320459919749, -0.000142411197885, 8.09826669865e-05, 0.000137926486786, -3.17915946653e-05, 0.000118356925668, 8.22308138595e-05], [0.000128364306875, 0.00104391388595, -8.71302181622e-05, 0.00018414958322, -0.000246982323006, 0.000266464427114, -0.000427793973358, -8.03945731604e-05, -5.88962138863e-05, -0.000320213381201, 0.000356237025699, -0.000327826011926, -1.25216283777e-05], [0.000518556218594, -8.71302181622e-05, 0.00224714004435, -6.78261567373e-05, 7.77332388679e-05, -9.01016683201e-05, -0.000674703158438, -6.74818420521e-06, -4.17676637881e-05, 0.000415644230088, -0.000115116519737, 0.000663981656544, -0.000329796894221], [7.76945889811e-05, 0.00018414958322, -6.78261567373e-05, 0.00345873530023, -0.000846564595122, -0.000163282602443, 0.000483208074002, -0.000668679305818, 0.000358811259503, -0.000699388445355, 0.00108720303979, 0.000103229926026, 0.000561853055842], [0.000212040889892, -0.000246982323006, 7.77332388679e-05, -0.000846564595122, 0.00527823762968, -0.000887960952241, 0.00117223628331, 0.000347684894223, -0.000699338153936, 0.000174386368599, -0.00098667491693, -7.98022156232e-05, 0.00028072996065], [-0.000279135158053, 0.000266464427114, -9.01016683201e-05, -0.000163282602443, -0.000887960952241, 0.00615672999993, -0.000927838496864, 0.00110772589687, -0.0010062091751, 0.000133705223561, 0.00014177801495, 7.30940082576e-05, -0.00147899659351], [0.000320459919749, -0.000427793973358, -0.000674703158438, 0.000483208074002, 0.00117223628331, -0.000927838496864, 0.00713893678039, -0.00182902265806, 0.00127036857884, -0.00128038413823, 0.000206453289138, -0.000750092614908, 0.000829716736916], [-0.000142411197885, -8.03945731604e-05, -6.74818420521e-06, -0.000668679305818, 0.000347684894223, 0.00110772589687, -0.00182902265806, 0.00759557401761, -0.000564959598705, 0.0010383996414, -0.000918113975786, 0.000117240604595, 7.72576095187e-05], [8.09826669865e-05, -5.88962138863e-05, -4.17676637881e-05, 0.000358811259503, -0.000699338153936, -0.0010062091751, 0.00127036857884, -0.000564959598705, 0.0074466667138, -0.000409178901464, 0.000424414261943, -0.000239828194026, -8.50060387165e-05], [0.000137926486786, -0.000320213381201, 0.000415644230088, -0.000699388445355, 0.000174386368599, 0.000133705223561, -0.00128038413823, 0.0010383996414, -0.000409178901464, 0.00664420938119, -0.000769839738496, 0.000625311571639, 0.000361827085726], [-3.17915946653e-05, 0.000356237025699, -0.000115116519737, 0.00108720303979, -0.00098667491693, 0.00014177801495, 0.000206453289138, -0.000918113975786, 0.000424414261943, -0.000769839738496, 0.00660844705999, -0.000990149681456, 0.00197499757633], [0.000118356925668, -0.000327826011926, 0.000663981656544, 0.000103229926026, -7.98022156232e-05, 7.30940082576e-05, -0.000750092614908, 0.000117240604595, -0.000239828194026, 0.000625311571639, -0.000990149681456, 0.0104798944667, -0.00225451146252], [8.22308138595e-05, -1.25216283777e-05, -0.000329796894221, 0.000561853055842, 0.00028072996065, -0.00147899659351, 0.000829716736916, 7.72576095187e-05, -8.50060387165e-05, 0.000361827085726, 0.00197499757633, -0.00225451146252, 0.0101238191128]]}, "silence_rate_20dB": {"dvar2": 0, "var": 0, "min": 1, "dmean": 0, "mean": 1, "max": 1, "dmean2": 0, "median": 1, "dvar": 0}, "melbands_kurtosis": {"dvar2": 1369.57800293, "var": 970.02722168, "min": -1.77436101437, "dmean": 13.2007904053, "mean": 24.6449069977, "max": 685.760437012, "dmean2": 20.4962711334, "median": 17.2407493591, "dvar": 540.16809082}, "barkbands_spread": {"dvar2": 63.607257843, "var": 81.9014892578, "min": 0.163064107299, "dmean": 3.41700291634, "mean": 9.60156154633, "max": 126.177261353, "dmean2": 5.11446475983, "median": 6.36157131195, "dvar": 27.6374530792}, "erbbands_skewness": {"dvar2": 0.571249961853, "var": 1.14184319973, "min": -3.94913935661, "dmean": 0.510202169418, "mean": 0.821734726429, "max": 7.71999406815, "dmean2": 0.760804593563, "median": 0.79502248764, "dvar": 0.270452141762}, "average_loudness": 0.699434220791, "spectral_centroid": {"dvar2": 97469.7890625, "var": 275769.1875, "min": 107.46421051, "dmean": 162.636199951, "mean": 657.162902832, "max": 11249.4082031, "dmean2": 232.736221313, "median": 470.47253418, "dvar": 50952.1210938}, "dissonance": {"dvar2": 0.00220778747462, "var": 0.00221136026084, "min": 0.14390167594, "dmean": 0.0322535000741, "mean": 0.425112098455, "max": 0.5, "dmean2": 0.0525358133018, "median": 0.435726761818, "dvar": 0.00085989368381}, "erbbands_flatness_db": {"dvar2": 0.0011698656017, "var": 0.00210868776776, "min": 0.0594822578132, "dmean": 0.0246971901506, "mean": 0.206708714366, "max": 0.473580181599, "dmean2": 0.0354486256838, "median": 0.202359631658, "dvar": 0.00055985909421}, "spectral_strongpeak": {"dvar2": 1.8126885891, "var": 2.48077058792, "min": 0, "dmean": 0.387841939926, "mean": 0.805842936039, "max": 20.2702274323, "dmean2": 0.618071734905, "median": 0.349289834499, "dvar": 0.8098757267}, "spectral_rms": {"dvar2": 7.95481696514e-07, "var": 3.46739830093e-06, "min": 3.23478960632e-12, "dmean": 0.000705140235368, "mean": 0.00351289799437, "max": 0.0124010089785, "dmean2": 0.000948016764596, "median": 0.00312881823629, "dvar": 4.92639742333e-07}, "silence_rate_60dB": {"dvar2": 0.160680130124, "var": 0.105868540704, "min": 0, "dmean": 0.0790524706244, "mean": 0.120352521539, "max": 1, "dmean2": 0.158126726747, "median": 0, "dvar": 0.0728068873286}, "melbands": {"dvar2": [2.75627712654e-07, 3.28188275489e-06, 9.43543113863e-07, 9.50953335632e-07, 7.888837672e-07, 5.7055592606e-07, 1.06577275005e-07, 1.6647270229e-07, 6.02097259161e-07, 2.11946783679e-07, 1.5301390377e-08, 7.68121921624e-09, 1.00542443704e-07, 1.75971479166e-07, 1.45648186844e-07, 4.12436378383e-08, 2.1334711775e-08, 2.58620964644e-08, 2.9796718426e-09, 2.28456453755e-09, 3.1656883781e-09, 9.81490533292e-09, 7.18316162107e-09, 3.02756220094e-09, 4.89864815378e-10, 2.11371701392e-11, 5.24751683079e-12, 6.06804927486e-12, 1.00331713423e-11, 6.15865431569e-12, 3.2842411516e-12, 1.75455516001e-12, 6.09976652521e-12, 3.2409524283e-12, 8.28936908264e-13, 8.05501769886e-14, 3.35621287706e-14, 7.07449574725e-14, 4.96152272912e-13, 2.79015065175e-13], "var": [4.95304334436e-07, 4.87246688863e-06, 1.25087001379e-06, 6.15936016857e-07, 5.96069014591e-07, 8.42924066546e-07, 8.84052084871e-08, 2.47553884947e-07, 1.0521216609e-06, 1.09675556814e-06, 5.37679269996e-08, 7.1105556998e-09, 1.06894631813e-07, 1.93088411038e-07, 5.8869467523e-08, 6.0978429417e-08, 1.99314698079e-08, 2.40979041166e-08, 2.74892597574e-09, 3.55872931124e-09, 3.21848925289e-09, 1.50557202261e-08, 2.01067109629e-08, 1.03604751445e-08, 7.30097204915e-10, 1.43207763356e-11, 4.00018906888e-12, 4.82359811815e-12, 1.7197859456e-11, 9.34717234169e-12, 4.06734585248e-12, 5.39980386793e-12, 1.35283425087e-11, 6.3988458629e-12, 1.21016250406e-12, 5.97424060634e-14, 3.09980482309e-14, 5.59407968353e-14, 2.27923149104e-13, 1.47054311545e-13], "min": [1.39287245214e-23, 1.19371394588e-23, 3.01522280612e-24, 1.47042252784e-23, 8.84241998385e-24, 6.6988340466e-24, 7.54950535919e-24, 4.35779188603e-24, 4.04549644758e-24, 4.38740178011e-24, 7.61305047169e-24, 8.33232674532e-24, 1.05289951329e-23, 1.4537165049e-23, 7.26838057612e-24, 2.96205791984e-24, 5.54376892082e-24, 4.54735279498e-24, 6.40476090063e-24, 6.2374289087e-24, 9.0683418585e-24, 6.68289274543e-24, 7.83577114878e-24, 7.613655528e-24, 1.10964756357e-23, 1.1126560424e-23, 1.02321996279e-23, 8.21762873628e-24, 8.70396069549e-24, 8.67537947603e-24, 1.20741188441e-23, 8.91866654579e-24, 1.09364520456e-23, 1.00063400733e-23, 8.5113981708e-24, 6.62571452929e-24, 7.31733570617e-24, 8.83870681557e-24, 9.1552632862e-24, 9.78308533737e-24], "dmean": [0.000285193586024, 0.000915993528906, 0.000363186467439, 0.000334134179866, 0.000239143555518, 0.000110627428512, 4.23951969424e-05, 6.24900640105e-05, 0.0001135641578, 6.48260102025e-05, 1.87208206626e-05, 1.34677948154e-05, 3.6541