{"tonal": {"thpcp": [1, 0.5008238554, 0.172302961349, 0.171522900462, 0.192779108882, 0.299160242081, 0.368581056595, 0.28008890152, 0.221916645765, 0.290572971106, 0.519351422787, 0.843245148659, 0.818941354752, 0.436783790588, 0.254773736, 0.242102026939, 0.189978018403, 0.166463017464, 0.141872942448, 0.141520380974, 0.351460844278, 0.462662965059, 0.260840833187, 0.151363715529, 0.164837807417, 0.202734440565, 0.27318918705, 0.271962314844, 0.201998159289, 0.17770011723, 0.184377685189, 0.189471244812, 0.231109470129, 0.250459134579, 0.338677555323, 0.80835288763], "hpcp": {"dmean2": [0.264132380486, 0.195223361254, 0.132585406303, 0.137197449803, 0.143654435873, 0.166402220726, 0.18524518609, 0.174035921693, 0.172341689467, 0.195761293173, 0.234686374664, 0.264972269535, 0.249467894435, 0.196841657162, 0.137191489339, 0.123240076005, 0.119686536491, 0.10710542649, 0.0949666276574, 0.10188254714, 0.137391760945, 0.158389180899, 0.119855813682, 0.101228281856, 0.115184560418, 0.13695178926, 0.150468274951, 0.15775552392, 0.137242615223, 0.129929587245, 0.132314801216, 0.127252221107, 0.145303830504, 0.163424000144, 0.182184770703, 0.254057347775], "median": [0.175435364246, 0.0698536485434, 0.00402751145884, 0.00217646546662, 0.00266256160103, 0.0162496492267, 0.0231576040387, 0.0127835879102, 0.00212057377212, 0.00408139033243, 0.0267776139081, 0.124732196331, 0.120727211237, 0.0396735779941, 0.00930586829782, 0.00423247739673, 0.00413193833083, 0.0036949631758, 0.00215312745422, 0.00575225800276, 0.0278946869075, 0.0343925282359, 0.0200277231634, 0.00167843815871, 0.00189725519158, 0.00341495289467, 0.00554324872792, 0.00567473378032, 0.00511105544865, 0.00442900648341, 0.00258324667811, 0.00422754511237, 0.0155155025423, 0.0214061774313, 0.0259712226689, 0.140119552612], "min": [0, 0, 0, 0, 0, 0, 0, 0, 0, 0, 0, 0, 0, 0, 0, 0, 0, 0, 0, 0, 0, 0, 0, 0, 0, 0, 0, 0, 0, 0, 0, 0, 0, 0, 0, 0], "dvar2": [0.126055762172, 0.0765855759382, 0.0714769661427, 0.0897196680307, 0.0947433412075, 0.0963165462017, 0.101656965911, 0.103239104152, 0.11605873704, 0.11131759733, 0.114608332515, 0.119552128017, 0.104347534478, 0.0915983915329, 0.0707559883595, 0.0587846599519, 0.0604414455593, 0.053330425173, 0.0382186248899, 0.0467620901763, 0.0524285323918, 0.0697732493281, 0.0477454513311, 0.055442456156, 0.0643160715699, 0.0811611115932, 0.0738666504622, 0.0875947400928, 0.0836830213666, 0.0829235240817, 0.0961522310972, 0.0830625370145, 0.0853093191981, 0.0990790575743, 0.0924891605973, 0.119257546961], "dvar": [0.0564192607999, 0.0308024324477, 0.0264437757432, 0.0328074283898, 0.0336884073913, 0.034676771611, 0.0386792942882, 0.0376511849463, 0.0417068451643, 0.0421374514699, 0.0466467700899, 0.0492615774274, 0.0488009825349, 0.0371795929968, 0.026775220409, 0.0234794784337, 0.0224686469883, 0.0198751632124, 0.0140666505322, 0.0169804226607, 0.021591335535, 0.0301471445709, 0.0185327101499, 0.0209922604263, 0.023778732866, 0.0300315655768, 0.0299954991788, 0.0336054377258, 0.0306707620621, 0.0301461406052, 0.03478384763, 0.0305356644094, 0.0307487584651, 0.0355896428227, 0.0344151221216, 0.0478633567691], "dmean": [0.157710626721, 0.115400001407, 0.0741550549865, 0.0767599344254, 0.0811981856823, 0.0974249318242, 0.108729325235, 0.101014763117, 0.0956858992577, 0.111570090055, 0.138657748699, 0.156945005059, 0.151400595903, 0.117856405675, 0.0793644934893, 0.0721469670534, 0.067901648581, 0.0616852194071, 0.0543616190553, 0.0574256777763, 0.0823847800493, 0.0963614881039, 0.0704182833433, 0.0560162477195, 0.0653816312551, 0.0781408175826, 0.0874621942639, 0.0919290930033, 0.0793660134077, 0.0728488042951, 0.0739011019468, 0.0721064507961, 0.0831903666258, 0.0926598533988, 0.105187736452, 0.147694602609], "max": [1, 1, 1, 1, 1, 1, 1, 1, 1, 1, 1, 1, 1, 1, 1, 1, 1, 1, 1, 1, 1, 1, 1, 1, 1, 1, 1, 1, 1, 1, 1, 1, 1, 1, 1, 1], "var": [0.157334893942, 0.0517919585109, 0.0250937342644, 0.0294243581593, 0.0315246209502, 0.046596609056, 0.0595496334136, 0.0407975651324, 0.0395177640021, 0.0474909618497, 0.0859784111381, 0.126305565238, 0.125554949045, 0.0604112148285, 0.0392683856189, 0.0423817448318, 0.0257385373116, 0.0227919630706, 0.0153246037662, 0.0163384601474, 0.0436508320272, 0.0790251046419, 0.0256156995893, 0.0261744372547, 0.0250778049231, 0.0324134938419, 0.0444918312132, 0.0432050712407, 0.030586367473, 0.0307198911905, 0.0354344397783, 0.0326690152287, 0.0331828147173, 0.0367318913341, 0.0432669557631, 0.111571207643], "mean": [0.374050080776, 0.187333211303, 0.0644499361515, 0.0641581565142, 0.0721090435982, 0.111900910735, 0.13786777854, 0.104767277837, 0.0830079391599, 0.10868883878, 0.194263443351, 0.315415918827, 0.306325078011, 0.163379013538, 0.0952981337905, 0.090558283031, 0.0710612908006, 0.0622655041516, 0.0530675835907, 0.0529357083142, 0.131463959813, 0.173059120774, 0.0975675359368, 0.0566176101565, 0.0616575926542, 0.0758328363299, 0.102186441422, 0.10172753036, 0.0755574256182, 0.06646874547, 0.0689664855599, 0.070871733129, 0.0864465162158, 0.0936842560768, 0.126682370901, 0.302364468575]}, "tuning_equal_tempered_deviation": 0.132649302483, "chords_changes_rate": 0.0706760287285, "key_key": "A", "tuning_diatonic_strength": 0.52024936676, "key_scale": "major", "chords_number_rate": 0.00438981549814, "tuning_frequency": 440.508575439, "tuning_nontempered_energy_ratio": 0.773900508881, "chords_histogram": [42.1422309875, 0.351185262203, 0.131694465876, 0, 0, 0, 2.98507452011, 0, 1.14135205746, 6.62862157822, 6.5847234726, 0, 0, 0.0438981577754, 0, 0.526777863503, 2.85338020325, 1.53643548489, 0.965759456158, 0.65847235918, 6.54082536697, 0.351185262203, 2.32660222054, 24.2317829132], "key_strength": 0.58456659317, "chords_key": "A", "chords_strength": {"dmean2": 0.0128630883992, "median": 0.568621397018, "min": -1, "dvar2": 0.00186698907055, "dvar": 0.000970900349785, "dmean": 0.0113613111898, "max": 0.813956320286, "var": 0.0267083961517, "mean": 0.553107202053}, "chords_scale": "major", "hpcp_entropy": {"dmean2": 0.847275435925, "median": 1.65333676338, "min": 0, "dvar2": 0.548159003258, "dvar": 0.219602555037, "dmean": 0.504589855671, "max": 4.47668838501, "var": 0.681745648384, "mean": 1.72344458103}}, "metadata": {"audio_properties": {"equal_loudness": 0, "codec": "vorbis", "downmix": "mix", "sample_rate": 44100, "analysis_sample_rate": 44100, "bit_rate": 320000, "md5_encoded": "23ebce907f654e3a6eeac4eea245f7b9", "length": 105.707389832, "replay_gain": -9.98546218872, "lossless": false}, "version": {"essentia_build_sha": "cead25079874084f62182a551b7393616cd33d87", "essentia": "2.1-beta2", "extractor": "music 1.0", "essentia_git_sha": "v2.1_beta2-1-ge3940c0"}, "tags": {"title": ["Cindy"], "barcode": ["703334019723"], "media": ["CD"], "albumartist": ["Dick and Lisa Barrett"], "tracktotal": ["29"], "albumartistsort": ["Barrett, Dick and Barrett, Lisa"], "performer": ["John Lardinois, Sr. (bass)", "Lisa Barrett (guitar and piano)", "John Lardinois, Sr. (additional acoustic guitar)", "Dick Barrett (spoken vocals vocal)", "Dick Barrett (fiddle)"], "releasetype": ["album"], "musicbrainz_recordingid": ["19a94578-6488-4602-b857-a8337f1fb1d9"], "musicbrainz_releasegroupid": ["02b8ded2-b63c-49ef-aea0-69703c62eb86"], "mixer": ["David Swenson"], "musicbrainz_albumartistid": ["f55b5ded-3519-4de9-9e7c-538fed0be787", "d55abfc9-88ee-47f7-9d35-ae7cad87567f"], "discnumber": ["1"], "album": ["At the Fiddlers Knee"], "catalognumber": ["BAR 0197"], "releasecountry": ["US"], "producer": ["David Swenson", "Troyd Geist", "Lisa Barrett", "Dick Barrett"], "date": ["2002"], "file_name": "04 Cindy.ogg", "disctotal": ["1"], "musicbrainz_artistid": ["f55b5ded-3519-4de9-9e7c-538fed0be787", "d55abfc9-88ee-47f7-9d35-ae7cad87567f"], "originaldate": ["2002"], "musicbrainz_albumid": ["a353bfcf-bc4b-4b37-950e-8b7f3b1afbb5"], "tracknumber": ["4"], "artistsort": ["Barrett, Dick and Barrett, Lisa"], "artist": ["Dick and Lisa Barrett"], "label": ["[no label]"], "releasestatus": ["official"], "totaldiscs": ["1"], "script": ["Latn"], "totaltracks": ["29"]}}, "rhythm": {"bpm_histogram_first_peak_bpm": {"dmean2": 0, "median": 101, "min": 101, "dvar2": 0, "dvar": 0, "dmean": 0, "max": 101, "var": 0, "mean": 101}, "bpm": 101.433197021, "bpm_histogram_second_peak_spread": {"dmean2": 0, "median": 0.133333325386, "min": 0.133333325386, "dvar2": 0, "dvar": 0, "dmean": 0, "max": 0.133333325386, "var": 0, "mean": 0.133333325386}, "bpm_histogram_first_peak_weight": {"dmean2": 0, "median": 0.259999990463, "min": 0.259999990463, "dvar2": 0, "dvar": 0, "dmean": 0, "max": 0.259999990463, "var": 0, "mean": 0.259999990463}, "onset_rate": 3.21602869034, "beats_position": [0.441179126501, 0.882358253002, 1.3235373497, 1.77632653713, 2.24072551727, 2.69351458549, 3.15791368484, 3.59909296036, 4.04027223587, 4.48145103455, 4.91102027893, 5.34058952332, 5.78176879883, 6.21133756638, 6.64090681076, 7.05886602402, 7.4884352684, 7.92961454391, 8.38240337372, 8.82358264923, 9.26476192474, 9.70594120026, 10.1471195221, 10.47219944, 10.8204984665, 11.1804075241, 11.5287075043, 11.8653964996, 12.2369155884, 12.6084346771, 12.9799547195, 13.3398637772, 13.6765527725, 14.0132427216, 14.3267116547, 14.6517915726, 15.0000905991, 15.3483896255, 15.696688652, 16.0217685699, 16.3352375031, 16.6719264984, 17.0086174011, 17.3336963654, 17.6703853607, 18.0419044495, 18.4134235382, 18.7733325958, 19.1332416534, 19.5047607422, 19.8762817383, 20.247800827, 20.642539978, 21.037279129, 21.4087982178, 21.7919273376, 22.1750564575, 22.5465755463, 22.918094635, 23.2896137238, 23.6611328125, 24.0558719635, 24.4506111145, 24.8453502655, 25.2400894165, 25.6348285675, 26.0411777496, 26.4475269318, 26.958366394, 27.4692058563, 27.9916553497, 28.5141029358, 29.0249423981, 29.5357818604, 30.0350112915, 30.5342407227, 31.0334682465, 31.5443077087, 32.0667572021, 32.5892066956, 33.146484375, 33.7037620544, 34.2494316101, 34.7602729797, 35.2827186584, 35.9212684631, 36.5714263916, 37.2215881348, 37.8717460632, 38.5335159302, 39.1952819824, 39.8570518494, 40.4723815918, 41.0644874573, 41.6682090759, 42.2603149414, 42.8524246216, 43.432926178, 44.0250320435, 44.6055335999, 45.1860313416, 45.7781410217, 46.3702468872, 46.9507484436, 47.5428581238, 48.1349639893, 48.7154655457, 49.3075714111, 49.8996810913, 50.480178833, 51.0722885132, 51.6643981934, 52.2565078735, 52.8486175537, 53.4291152954, 54.0328330994, 54.6365509033, 55.2170524597, 55.8091583252, 56.4012680054, 56.9933776855, 57.5854873657, 58.1659851074, 58.7464828491, 59.3269844055, 59.919090271, 60.5111999512, 61.0916976929, 61.683807373, 62.2759170532, 62.8680267334, 63.4485244751, 64.0406341553, 64.6327438354, 65.2248535156, 65.8169631958, 66.409072876, 67.0011749268, 67.5932846069, 68.1737823486, 68.7542877197, 69.358001709, 69.9617233276, 70.5654373169, 71.1691589355, 71.7728805542, 72.3649902344, 72.9570999146, 73.5375976562, 74.1297073364, 74.7218093872, 75.3139190674, 75.9060287476, 76.4981384277, 77.0902481079, 77.6939697266, 78.2976837158, 78.889793396, 79.4819030762, 80.0740127563, 80.6661224365, 81.2466201782, 81.8503417969, 82.4540557861, 83.0461654663, 83.6382751465, 84.2419967651, 84.8457107544, 85.4378204346, 86.0299301147, 86.6220397949, 87.2141494751, 87.8062591553, 88.3983688354, 89.0020828247, 89.5941925049, 90.1863021851, 90.7667999268, 91.3705215454, 91.9742355347, 92.5779571533, 93.158454895, 93.7389526367, 94.3194503784, 94.8999557495, 95.4804534912, 96.0609512329, 96.6414489746, 97.2219467163, 97.802444458, 98.4061660767, 99.0214920044, 99.6716537476, 100.321815491, 100.983581543, 101.633743286, 102.295509338, 102.957275391, 103.630653381, 104.304031372, 104.977409363], "beats_loudness": {"dmean2": 0.017848521471, "median": 0.0137357180938, "min": 0, "dvar2": 0.000542015768588, "dvar": 0.000181567142135, "dmean": 0.0104099605232, "max": 0.113082028925, "var": 0.000584207009524, "mean": 0.0233522690833}, "danceability": 1.02429020405, "bpm_histogram_second_peak_weight": {"dmean2": 0, "median": 0.0649999976158, "min": 0.0649999976158, "dvar2": 0, "dvar": 0, "dmean": 0, "max": 0.0649999976158, "var": 0, "mean": 0.0649999976158}, "beats_count": 201, "bpm_histogram_second_peak_bpm": {"dmean2": 0, "median": 161, "min": 161, "dvar2": 0, "dvar": 0, "dmean": 0, "max": 161, "var": 0, "mean": 161}, "bpm_histogram_first_peak_spread": {"dmean2": 0, "median": 0.480000019073, "min": 0.480000019073, "dvar2": 0, "dvar": 0, "dmean": 0, "max": 0.480000019073, "var": 0, "mean": 0.480000019073}, "beats_loudness_band_ratio": {"dmean2": [0.43920353055, 0.22174847126, 0.453390181065, 0.140406608582, 0.098004065454, 0.153228580952], "median": [0.318840712309, 0.060784664005, 0.340089738369, 0.0427310913801, 0.0400332026184, 0.012460113503], "min": [0, 0, 0, 0, 0, 0], "dvar2": [0.127385035157, 0.0829385519028, 0.113979175687, 0.0480116419494, 0.0250883102417, 0.112439192832], "dvar": [0.0504541881382, 0.0286119841039, 0.044285133481, 0.0169475525618, 0.00896754488349, 0.0420118533075], "dmean": [0.242506638169, 0.129967808723, 0.253321945667, 0.0760349407792, 0.0556350275874, 0.0809658244252], "max": [0.999837875366, 0.782907068729, 0.919066727161, 0.796637058258, 0.548858463764, 0.974409818649], "var": [0.0692846029997, 0.0294195599854, 0.059627443552, 0.0112637747079, 0.00681632850319, 0.027922609821], "mean": [0.36143809557, 0.125694319606, 0.346629470587, 0.0717248469591, 0.0626036077738, 0.0592164322734]}}, "lowlevel": {"barkbands_spread": {"dmean2": 6.93451213837, "median": 13.7142963409, "min": 0.0553344003856, "dvar2": 162.802276611, "dvar": 69.4480667114, "dmean": 4.49542951584, "max": 108.146484375, "var": 153.831466675, "mean": 16.4226512909}, "melbands_spread": {"dmean2": 10.1911611557, "median": 15.0261955261, "min": 0.0572658888996, "dvar2": 530.975402832, "dvar": 223.791610718, "dmean": 6.63630819321, "max": 212.090759277, "var": 598.201416016, "mean": 21.4651508331}, "hfc": {"dmean2": 3.39958357811, "median": 8.59684085846, "min": 1.07956347596e-16, "dvar2": 27.5567340851, "dvar": 17.2050018311, "dmean": 2.72521066666, "max": 112.256080627, "var": 186.096817017, "mean": 12.5059270859}, "barkbands_kurtosis": {"dmean2": 19.4054069519, "median": 2.71275186539, "min": -1.92487931252, "dvar2": 58342.078125, "dvar": 30873.7558594, "dmean": 12.634762764, "max": 9413.08496094, "var": 204814.0625, "mean": 47.9952316284}, "gfcc": {"mean": [-153.55821228, 111.028533936, -117.127357483, 33.5714569092, -56.4918289185, 0.309296399355, -24.5504055023, 7.5357093811, 1.01998949051, 8.54789829254, -10.0614004135, -4.77393960953, -4.85161828995], "icov": [[0.000179244860192, -0.0005678794696, 0.000431358261267, -0.000568040879443, 0.000389608263504, -0.000504604075104, 0.00049597985344, -0.00105502828956, 0.000596493657213, -0.000446114310762, 0.000545811257325, -0.000170054248883, 0.000117054049042], [-0.0005678794696, 0.00235956977122, -0.00142586417496, 0.0018551077228, -0.00136661925353, 0.00206970795989, -0.00169159320649, 0.00377452583052, -0.00239511393011, 0.00259616272524, -0.00186587602366, 0.000981887569651, -0.00048267657985], [0.000431358261267, -0.00142586417496, 0.00162796746008, -0.00138814654201, 0.000668929133099, -0.00148663041182, 0.00119133014232, -0.00211946526542, 0.00184464000631, -0.000918617472053, 0.00135188945569, -0.000522204558365, 5.60499393032e-05], [-0.000568040879443, 0.0018551077228, -0.00138814654201, 0.00423094071448, -0.00188677117694, 0.0012051834492, -0.00040826073382, 0.0028625910636, -0.00175344687887, 0.00156776094809, -0.00138626876287, 0.00160716846585, -0.00176295952406], [0.000389608263504, -0.00136661925353, 0.000668929133099, -0.00188677117694, 0.0034281660337, -0.000778561807238, -0.000130516113131, -0.00347210094333, 0.00121660367586, -0.00138032936957, 0.00103021692485, -0.00175181194209, 0.00105576659553], [-0.000504604075104, 0.00206970795989, -0.00148663041182, 0.0012051834492, -0.000778561807238, 0.00646424107254, -0.00280682556331, 0.00393284158781, -0.00110334006604, 0.00174462632276, -0.000507457763888, 0.00100593292154, 0.000897764868569], [0.00049597985344, -0.00169159320649, 0.00119133014232, -0.00040826073382, -0.000130516113131, -0.00280682556331, 0.00725646829233, -0.00517666200176, 0.00131960399449, -0.000494373263791, 0.000567337789107, 0.00118189363275, -0.0012442714069], [-0.00105502828956, 0.00377452583052, -0.00211946526542, 0.0028625910636, -0.00347210094333, 0.00393284158781, -0.00517666200176, 0.0117091331631, -0.00495073152706, 0.00443213293329, -0.0029893273022, 0.00153251329903, 6.67892745696e-05], [0.000596493657213, -0.00239511393011, 0.00184464000631, -0.00175344687887, 0.00121660367586, -0.00110334006604, 0.00131960399449, -0.00495073152706, 0.00986305065453, -0.00455287937075, 0.00243797153234, -0.000448329810752, 0.000104554601421], [-0.000446114310762, 0.00259616272524, -0.000918617472053, 0.00156776094809, -0.00138032936957, 0.00174462632276, -0.000494373263791, 0.00443213293329, -0.00455287937075, 0.0123118879274, -0.00430761324242, 0.00205414998345, -0.000308898888761], [0.000545811257325, -0.00186587602366, 0.00135188945569, -0.00138626876287, 0.00103021692485, -0.000507457763888, 0.000567337789107, -0.0029893273022, 0.00243797153234, -0.00430761324242, 0.0106473807245, -0.00303243030794, 0.000194099106011], [-0.000170054248883, 0.000981887569651, -0.000522204558365, 0.00160716846585, -0.00175181194209, 0.00100593292154, 0.00118189363275, 0.00153251329903, -0.000448329810752, 0.00205414998345, -0.00303243030794, 0.00857243314385, -0.00300820171833], [0.000117054049042, -0.00048267657985, 5.60499393032e-05, -0.00176295952406, 0.00105576659553, 0.000897764868569, -0.0012442714069, 6.67892745696e-05, 0.000104554601421, -0.000308898888761, 0.000194099106011, -0.00300820171833, 0.00916026066989]], "cov": [[49723.4570312, 5626.27832031, -4912.68115234, 1683.78662109, -599.937438965, -42.1241950989, -175.370895386, 1351.09899902, 242.766998291, -577.49420166, -792.266113281, -813.645751953, -217.864395142], [5626.27832031, 2723.90283203, 282.302703857, -38.1462135315, 120.853309631, -203.61680603, 87.5980224609, -37.4236526489, 79.6201400757, -254.137023926, -27.2626514435, -58.9978866577, 52.4877357483], [-4912.68115234, 282.302703857, 2199.48242188, 61.5144424438, 112.812393188, 126.840637207, -49.4003791809, -240.282913208, -182.270874023, -85.0261077881, -9.89110565186, 83.3621749878, 72.4394073486], [1683.78662109, -38.1462135315, 61.5144424438, 521.048339844, 90.9357681274, 24.83826828, -46.4300384521, 40.8569259644, -9.79407024384, -13.2737550735, -41.2753677368, -37.517250061, 45.0754089355], [-599.937438965, 120.853309631, 112.812393188, 90.9357681274, 661.234802246, -45.6165313721, 194.552856445, 233.707504272, 47.5191650391, -26.3870544434, 33.0923957825, 56.5640907288, 0.270249247551], [-42.1241950989, -203.61680603, 126.840637207, 24.83826828, -45.6165313721, 271.610992432, 25.8995437622, -36.8072776794, -46.469581604, -8.39276599884, -44.681060791, -41.5620613098, -36.2170066833], [-175.370895386, 87.5980224609, -49.4003791809, -46.4300384521, 194.552856445, 25.8995437622, 315.852996826, 184.48399353, 42.8466033936, -33.5653839111, 8.9884147644, -33.4528999329, 2.02279996872], [1351.09899902, -37.4236526489, -240.282913208, 40.8569259644, 233.707504272, -36.8072776794, 184.48399353, 376.553710938, 78.7696380615, -32.051448822, -7.8512878418, -30.8874435425, -22.8753509521], [242.766998291, 79.6201400757, -182.270874023, -9.79407024384, 47.5191650391, -46.469581604, 42.8466033936, 78.7696380615, 174.803070068, 34.1869850159, 5.67582178116, -15.988278389, -1.56640672684], [-577.49420166, -254.137023926, -85.0261077881, -13.2737550735, -26.3870544434, -8.39276599884, -33.5653839111, -32.051448822, 34.1869850159, 143.987823486, 39.7662620544, 0.621733665466, -4.68096065521], [-792.266113281, -27.2626514435, -9.89110565186, -41.2753677368, 33.0923957825, -44.681060791, 8.9884147644, -7.8512878418, 5.67582178116, 39.7662620544, 148.211883545, 56.7199287415, 19.4096736908], [-813.645751953, -58.9978866577, 83.3621749878, -37.517250061, 56.5640907288, -41.5620613098, -33.4528999329, -30.8874435425, -15.988278389, 0.621733665466, 56.7199287415, 183.272125244, 51.9806900024], [-217.864395142, 52.4877357483, 72.4394073486, 45.0754089355, 0.270249247551, -36.2170066833, 2.02279996872, -22.8753509521, -1.56640672684, -4.68096065521, 19.4096736908, 51.9806900024, 143.427688599]]}, "spectral_energyband_middle_low": {"dmean2": 0.00367635069415, "median": 0.00555443158373, "min": 1.63024947066e-22, "dvar2": 3.45451553585e-05, "dvar": 2.05545093195e-05, "dmean": 0.00283171748742, "max": 0.0938808470964, "var": 0.000186938006664, "mean": 0.0114220753312}, "melbands_crest": {"dmean2": 3.84369945526, "median": 14.7666034698, "min": 1.59919834137, "dvar2": 16.9859294891, "dvar": 7.7684264183, "dmean": 2.51916456223, "max": 39.9419136047, "var": 49.5973510742, "mean": 16.0869617462}, "spectral_kurtosis": {"dmean2": 5.30526971817, "median": 5.80660486221, "min": -1.26565039158, "dvar2": 36.1144218445, "dvar": 12.7235631943, "dmean": 3.06924510002, "max": 140.998168945, "var": 99.8912353516, "mean": 7.78583717346}, "spectral_rms": {"dmean2": 0.000596519734245, "median": 0.00407451950014, "min": 3.08178764626e-12, "dvar2": 6.54146049328e-07, "dvar": 3.96331301999e-07, "dmean": 0.000473281397717, "max": 0.0117021529004, "var": 8.90405590326e-06, "mean": 0.00387432682328}, "zerocrossingrate": {"dmean2": 0.00914401002228, "median": 0.03564453125, "min": 0, "dvar2": 0.000284931767965, "dvar": 0.000245568633545, "dmean": 0.00813541095704, "max": 0.525390625, "var": 0.00487868674099, "mean": 0.0509027317166}, "silence_rate_60dB": {"dmean2": 0.0500878728926, "median": 0, "min": 0, "dvar2": 0.0493317246437, "dvar": 0.0244102980942, "dmean": 0.0250384360552, "max": 1, "var": 0.233875215054, "mean": 0.373078614473}, "erbbands_kurtosis": {"dmean2": 2.31513857841, "median": 0.000596284866333, "min": -1.80154061317, "dvar2": 22.1913127899, "dvar": 9.18611049652, "dmean": 1.50316846371, "max": 55.8267173767, "var": 26.1325588226, "mean": 1.77201247215}, "erbbands": {"dmean2": [0.0573935210705, 0.75610691309, 1.77989327908, 2.37761497498, 2.71373605728, 1.51475417614, 1.61015343666, 2.56060767174, 23.3185253143, 19.8550682068, 24.4705371857, 12.4342784882, 4.20446681976, 11.6524171829, 5.26194429398, 4.04677820206, 3.61192631721, 4.2270359993, 4.27975320816, 14.57259655, 28.8289966583, 7.5234041214, 2.04944801331, 8.64981174469, 3.92567825317, 2.26543831825, 2.56328868866, 1.06336855888, 0.558475553989, 0.376358151436, 0.255606651306, 0.171237528324, 0.0755046010017, 0.03025422059, 0.0183346681297, 0.00671823695302, 0.00273566553369, 0.000637026038021, 6.40285579721e-05, 8.92645311978e-06], "median": [0.0389191582799, 0.515131473541, 0.702044308186, 0.5178565979, 0.928998410702, 1.2123080492, 1.45857214928, 1.39744710922, 6.15524768829, 11.6600074768, 5.5754776001, 2.21635580063, 2.96247339249, 2.75755357742, 1.90168499947, 1.54238343239, 1.81650996208, 1.40985107422, 2.45598125458, 4.29888916016, 6.12187337875, 2.46765899658, 1.70811700821, 2.51825857162, 1.85514247417, 1.09832501411, 1.2104434967, 0.784921765327, 0.453433215618, 0.226849943399, 0.107242360711, 0.0578822605312, 0.027766879648, 0.0100998021662, 0.00365184620023, 0.00100752606522, 0.000232718331972, 2.64807640633e-05, 1.70687362697e-05, 2.14691190195e-05], "min": [9.91003861611e-23, 1.13782924075e-21, 2.01993789735e-21, 6.60306375155e-21, 9.57054107955e-21, 2.59433389185e-20, 4.59455144797e-20, 9.87071716903e-20, 8.48373109094e-20, 2.11174609193e-19, 2.28605915488e-19, 2.47321988371e-19, 4.62571961345e-19, 7.72585399655e-19, 1.10181698363e-18, 1.49428233783e-18, 1.46838910312e-18, 1.74593714995e-18, 2.66738678063e-18, 2.69010240102e-18, 3.35535620481e-18, 4.69234580647e-18, 5.73836656265e-18, 7.08229889798e-18, 7.01438654251e-18, 8.86086873669e-18, 9.49725683223e-18, 9.83763172813e-18, 1.0725121252e-17, 1.14402544603e-17, 1.12254166301e-17, 1.03195049668e-17, 9.85294945872e-18, 8.967434415e-18, 6.45770598438e-18, 3.9569272344e-18, 2.07517964237e-18, 9.9928980786e-19, 2.27666005668e-19, 2.76653108496e-20], "dvar2": [0.0150471841916, 2.80141353607, 17.4380626678, 38.4148101807, 47.3627166748, 6.14808416367, 8.82210445404, 30.9851264954, 2573.68041992, 1440.82800293, 4173.36914062, 1112.0333252, 310.372406006, 1444.11328125, 121.848007202, 94.7496948242, 107.698852539, 146.966583252, 101.511932373, 3089.74902344, 3803.11035156, 1917.38818359, 26.9946689606, 642.493774414, 96.6776809692, 32.2832260132, 69.7100219727, 6.94856739044, 1.44346058369, 0.624818623066, 0.785497903824, 0.271738320589, 0.0322341732681, 0.00620709965006, 0.00416426360607, 0.000623962958343, 0.000110002139991, 6.35726200926e-06, 5.71250282633e-08, 2.79832435002e-10], "dvar": [0.0097490362823, 1.40147578716, 12.4737634659, 15.4948949814, 18.5753917694, 2.68872904778, 3.74849820137, 24.610496521, 1892.16027832, 830.566467285, 2929.22900391, 1073.28149414, 155.822235107, 983.666137695, 60.0640182495, 69.0156784058, 49.2183113098, 80.8201904297, 55.8268356323, 1486.61914062, 2061.20141602, 860.341491699, 16.1430339813, 269.458587646, 64.1220245361, 16.2674732208, 29.7331562042, 3.51177620888, 0.678595423698, 0.310992985964, 0.398152410984, 0.13641500473, 0.0170741267502, 0.00286683510058, 0.00159127439838, 0.000245918665314, 4.52807253168e-05, 2.87147031486e-06, 2.40676421015e-08, 1.39482161932e-10], "dmean": [0.0443000383675, 0.554986357689, 1.31786799431, 1.51173174381, 1.69919896126, 0.979041457176, 1.0780043602, 2.01239347458, 18.2499103546, 15.0547370911, 19.780298233, 11.9964237213, 3.45970225334, 9.76414203644, 3.72795534134, 3.10193657875, 2.50650429726, 3.11923527718, 3.12501525879, 10.6868772507, 20.6489753723, 5.04558229446, 1.46446323395, 5.83642148972, 2.74548077583, 1.63633012772, 1.79316210747, 0.762749314308, 0.381788849831, 0.260853379965, 0.183168441057, 0.120540320873, 0.0537770241499, 0.0201695039868, 0.0116170570254, 0.00426430441439, 0.00176828354597, 0.0004370380193, 4.28741586802e-05, 6.88517593517e-06], "max": [1.64872312546, 16.2598819733, 62.9946632385, 61.1328086853, 71.7033843994, 26.6497840881, 37.5974235535, 226.936416626, 1396.5333252, 499.702087402, 1170.95361328, 1316.44189453, 782.337463379, 2359.45483398, 134.834960938, 259.890869141, 242.767303467, 246.524200439, 172.573806763, 1645.99157715, 1476.06152344, 1587.9197998, 132.867782593, 386.040527344, 497.425231934, 107.095855713, 155.048019409, 48.0922355652, 17.6876621246, 14.6831045151, 21.8145523071, 10.4265699387, 3.47167253494, 1.22905981541, 1.10488390923, 0.298564046621, 0.133320897818, 0.0351309515536, 0.00320767541416, 0.000226080868742], "var": [0.0890456438065, 9.37439346313, 37.0846824646, 20.6439609528, 25.0586948395, 7.9926609993, 11.8683071136, 276.574066162, 21034.4628906, 5637.52050781, 22154.2871094, 11675.1230469, 721.453491211, 10184.9130859, 229.823181152, 314.890960693, 121.817466736, 233.103256226, 197.878234863, 7441.22265625, 9250.15917969, 1160.82141113, 50.9404945374, 1095.95141602, 288.697784424, 66.3201065063, 86.9506454468, 10.9625034332, 1.94483542442, 0.92328697443, 0.99452650547, 0.436422079802, 0.0652776435018, 0.00742885842919, 0.00194358488079, 0.000278149935184, 5.84404551773e-05, 4.16904049416e-06, 3.70297961183e-08, 1.05594555322e-09], "mean": [0.181404218078, 1.89962315559, 2.82902789116, 2.29645586014, 2.59145832062, 2.15897107124, 2.57810521126, 6.75965118408, 68.220375061, 49.1594047546, 64.4381484985, 45.1886405945, 10.0663919449, 27.5382175446, 8.50957679749, 6.63835000992, 5.05860328674, 6.72129392624, 7.4816532135, 26.9394607544, 54.0784912109, 9.82898426056, 3.63140869141, 14.4713459015, 6.726603508, 3.83252620697, 4.4527926445, 1.88161790371, 0.895902454853, 0.578721404076, 0.40763181448, 0.26809951663, 0.121016442776, 0.0409942567348, 0.0181706082076, 0.00629192451015, 0.00251029944047, 0.000600655272137, 7.46744772187e-05, 3.04644891003e-05]}, "spectral_strongpeak": {"dmean2": 0.569047451019, "median": 0.481331765652, "min": 0, "dvar2": 1.19609928131, "dvar": 0.55784368515, "dmean": 0.35719332099, "max": 10.9890832901, "var": 1.74868881702, "mean": 1.06425654888}, "spectral_energy": {"dmean2": 0.0064619067125, "median": 0.0170167498291, "min": 9.73485033003e-21, "dvar2": 0.000106063438579, "dvar": 6.39154968667e-05, "dmean": 0.00512589979917, "max": 0.140363886952, "var": 0.000690970686264, "mean": 0.0245123561472}, "average_loudness": 0.690557718277, "spectral_rolloff": {"dmean2": 543.585327148, "median": 645.99609375, "min": 21.533203125, "dvar2": 1454553.375, "dvar": 723999.5625, "dmean": 325.102142334, "max": 19724.4140625, "var": 6767178.5, "mean": 1326.48303223}, "spectral_centroid": {"dmean2": 340.253326416, "median": 978.871704102, "min": 137.679077148, "dvar2": 355337.125, "dvar": 188491.90625, "dmean": 231.131454468, "max": 11596.1425781, "var": 2268430.75, "mean": 1394.50720215}, "pitch_salience": {"dmean2": 0.0775831118226, "median": 0.431691110134, "min": 0.0078433342278, "dvar2": 0.00881108641624, "dvar": 0.00419251713902, "dmean": 0.0515923202038, "max": 0.988271951675, "var": 0.0356138497591, "mean": 0.471130013466}, "spectral_energyband_middle_high": {"dmean2": 0.00110733218025, "median": 0.00179039710201, "min": 1.25707411152e-21, "dvar2": 4.36819573224e-06, "dvar": 2.51228811976e-06, "dmean": 0.000849001167808, "max": 0.0710327923298, "var": 2.05646501854e-05, "mean": 0.00307657779194}, "spectral_contrast_coeffs": {"dmean2": [0.0669356435537, 0.0621849969029, 0.0513804517686, 0.0458263456821, 0.0405016839504, 0.0307796895504], "median": [-0.698481321335, -0.6534050107, -0.724082589149, -0.7178581357, -0.732755422592, -0.72166955471], "min": [-0.98062902689, -0.993759155273, -0.979885697365, -0.985686838627, -0.966869056225, -0.964590549469], "dvar2": [0.00317988474853, 0.00298428395763, 0.00192885531578, 0.00169288204052, 0.00153446441982, 0.000968760810792], "dvar": [0.00129502883647, 0.00142726546619, 0.000918344070669, 0.00081466732081, 0.000766732904594, 0.000488826306537], "dmean": [0.0422943420708, 0.0415091104805, 0.0339944623411, 0.0306227635592, 0.0275666322559, 0.0209561679512], "max": [-0.34356802702, -0.340225100517, -0.447445452213, -0.474936246872, -0.546403229237, -0.560759842396], "var": [0.00833019055426, 0.0179659612477, 0.0131445322186, 0.0104322079569, 0.00803489331156, 0.0048352451995], "mean": [-0.699210464954, -0.656341552734, -0.732260644436, -0.735247254372, -0.746602118015, -0.738550245762]}, "melbands_skewness": {"dmean2": 1.01803386211, "median": 1.8409255743, "min": -5.87318086624, "dvar2": 6.82105588913, "dvar": 3.76280975342, "dmean": 0.699362635612, "max": 92.5833282471, "var": 32.9847373962, "mean": 2.6020386219}, "spectral_spread": {"dmean2": 672972.375, "median": 3335728.5, "min": 757713.6875, "dvar2": 1092403068930.0, "dvar": 551718944768, "dmean": 429649.9375, "max": 42810332, "var": 24903573045200.0, "mean": 4278559.5}, "dissonance": {"dmean2": 0.0362408421934, "median": 0.426177740097, "min": 0, "dvar2": 0.0016585199628, "dvar": 0.000701152253896, "dmean": 0.0225543119013, "max": 0.499989718199, "var": 0.00247717346065, "mean": 0.425473481417}, "spectral_skewness": {"dmean2": 0.567786693573, "median": 1.72677361965, "min": -0.289543777704, "dvar2": 0.294290989637, "dvar": 0.11412627995, "dmean": 0.340666562319, "max": 10.0565452576, "var": 0.923503041267, "mean": 1.84843361378}, "spectral_flux": {"dmean2": 0.0251350756735, "median": 0.0341842398047, "min": 6.26776894275e-11, "dvar2": 0.00109257502481, "dvar": 0.000470730970846, "dmean": 0.0161332432181, "max": 0.268364846706, "var": 0.00129745702725, "mean": 0.0408250801265}, "spectral_contrast_valleys": {"dmean2": [0.656284630299, 0.592920005322, 0.545401513577, 0.485498040915, 0.437275916338, 0.407869338989], "median": [-7.42698144913, -7.41966724396, -8.4873046875, -8.93136024475, -8.99493408203, -12.0146417618], "min": [-28.329498291, -27.9044895172, -28.1901721954, -27.6088733673, -27.5620937347, -27.4341621399], "dvar2": [0.355622559786, 0.327336102724, 0.300240755081, 0.229199752212, 0.234043568373, 0.216600850224], "dvar": [0.198663756251, 0.184220537543, 0.165944650769, 0.136205911636, 0.137862548232, 0.143822163343], "dmean": [0.422068685293, 0.382473647594, 0.36751884222, 0.338019043207, 0.312201619148, 0.311097502708], "max": [-5.48864126205, -5.27342557907, -5.76020622253, -6.78073549271, -6.66418170929, -9.04972171783], "var": [11.4341449738, 9.14223384857, 8.53813552856, 7.92369270325, 7.81790113449, 5.56953859329], "mean": [-8.85256481171, -8.35726356506, -9.35980224609, -9.76795864105, -9.8640871048, -12.5075244904]}, "erbbands_flatness_db": {"dmean2": 0.0260363761336, "median": 0.216550469398, "min": 0.0276021305472, "dvar2": 0.000866261892952, "dvar": 0.000436083413661, "dmean": 0.0188308749348, "max": 0.450584739447, "var": 0.00352495280094, "mean": 0.215478956699}, "spectral_energyband_high": {"dmean2": 7.47555459384e-05, "median": 7.18458395568e-05, "min": 7.13177675802e-21, "dvar2": 4.01400264138e-08, "dvar": 1.99667837819e-08, "dmean": 5.507854803e-05, "max": 0.00309515581466, "var": 7.38187395655e-08, "mean": 0.000160231429618}, "spectral_entropy": {"dmean2": 0.279159575701, "median": 6.72802257538, "min": 4.96995353699, "dvar2": 0.0961081236601, "dvar": 0.0530325211585, "dmean": 0.204261481762, "max": 9.81866264343, "var": 0.606239378452, "mean": 6.83874845505}, "silence_rate_20dB": {"dmean2": 0, "median": 1, "min": 1, "dvar2": 0, "dvar": 0, "dmean": 0, "max": 1, "var": 0, "mean": 1}, "melbands_flatness_db": {"dmean2": 0.0327268429101, "median": 0.267946243286, "min": 0.00366600835696, "dvar2": 0.00162643007934, "dvar": 0.000893034331966, "dmean": 0.0233791470528, "max": 0.724647939205, "var": 0.0104158753529, "mean": 0.271613538265}, "barkbands": {"dmean2": [3.86308856832e-05, 0.00292930286378, 0.0015945621999, 0.000950517656747, 0.000567229115404, 0.000220916073886, 0.00155951769557, 0.00142916478217, 0.00045697556925, 0.000328404130414, 0.000105143029941, 0.00016385888739, 0.00010049501725, 8.59936117195e-05, 0.00019663097919, 0.000441622600192, 0.00012241920922, 3.812057912e-05, 0.000165354809724, 4.60067130916e-05, 4.80921735289e-05, 1.40930742418e-05, 9.56318035605e-06, 6.27450754109e-06, 2.52219615504e-06, 1.4059305613e-06, 3.93766953266e-07], "median": [2.41426205321e-05, 0.00236502173357, 0.000359115772881, 8.73756580404e-05, 0.000436116679339, 0.000108836415166, 0.00043413968524, 9.29701927816e-05, 3.87360414607e-05, 7.6028125477e-05, 9.24394498725e-06, 2.53740945482e-05, 2.9497063224e-05, 1.82360108738e-05, 2.97684910038e-05, 7.56924710004e-05, 1.69198865478e-05, 1.13013466034e-05, 3.44961954397e-05, 1.62224441738e-05, 2.67857431027e-05, 1.03046786535e-05, 4.24853533332e-06, 2.22795370064e-06, 6.97937309724e-07, 1.51475035182e-07, 1.41301139678e-08], "min": [1.13474300883e-25, 4.70769902915e-24, 1.34692832528e-24, 5.81460252034e-25, 5.34418671737e-24, 1.08940578717e-23, 6.74319011758e-24, 9.87964112331e-24, 1.27761024979e-23, 1.31150689291e-23, 2.22779873215e-23, 2.46404111625e-23, 2.47989769376e-23, 2.42726031877e-23, 3.31879588843e-23, 6.6632341739e-23, 6.24293097686e-23, 9.21027481697e-23, 1.20796276176e-22, 1.80478765962e-22, 2.5607076267e-22, 3.24571859096e-22, 4.08940242608e-22, 5.22987466642e-22, 7.95026389621e-22, 1.17649377497e-21, 1.86394084267e-21], "dvar2": [3.70282426942e-09, 4.12583030993e-05, 1.47747596202e-05, 7.87172575656e-06, 1.21827804378e-06, 2.33478189671e-07, 1.05254275695e-05, 1.62235173775e-05, 1.56176213295e-06, 1.42142005188e-06, 1.48373288766e-07, 1.48567252722e-07, 1.00511421408e-07, 6.7532631931e-08, 6.10874565155e-07, 9.1372839961e-07, 6.53022482311e-07, 8.11623834807e-09, 2.1684310525e-07, 1.41830236444e-08, 1.92277198607e-08, 8.85684192653e-10, 9.08403963162e-10, 2.75302752817e-10, 5.85466328196e-11, 2.65334455796e-11, 2.4041476275e-12], "dvar": [1.40196965148e-09, 2.16273874685e-05, 1.1122043361e-05, 2.97166025121e-06, 5.02008958847e-07, 1.72910034735e-07, 7.92930131865e-06, 1.05648832687e-05, 1.45773049098e-06, 8.58715111463e-07, 5.85613442183e-08, 9.53344923005e-08, 5.05460171496e-08, 3.19879411848e-08, 2.89526525421e-07, 4.9621735343e-07, 2.92805509616e-07, 5.15578912896e-09, 9.76228093919e-08, 6.67182042946e-09, 8.56168380636e-09, 4.12961026486e-10, 4.47239328905e-10, 1.42336045728e-10, 2.42166512537e-11, 1.12914079128e-11, 1.00116909121e-12], "dmean": [2.24299419642e-05, 0.00215732119977, 0.00118493195623, 0.000565678346902, 0.000362291728379, 0.000168387792655, 0.00122073537204, 0.00110785209108, 0.000434220361058, 0.000277938263025, 6.74484326737e-05, 0.00012101046741, 6.93871697877e-05, 6.28408160992e-05, 0.000143373690662, 0.000318044330925, 8.02697395557e-05, 2.7401429179e-05, 0.000112171815999, 3.16622426908e-05, 3.42618623108e-05, 9.63518868957e-06, 6.73034401188e-06, 4.43591261501e-06, 1.63460947533e-06, 9.13490680432e-07, 2.58895795469e-07], "max": [0.000396802090108, 0.0677652806044, 0.0617732554674, 0.0293022897094, 0.0141672864556, 0.0195396356285, 0.0907136648893, 0.0668351650238, 0.0483534671366, 0.0692148953676, 0.00525506073609, 0.00871276389807, 0.00769811682403, 0.00778131373227, 0.022299438715, 0.0221426393837, 0.0299031324685, 0.00202087010257, 0.0101805347949, 0.00215677241795, 0.00245763920248, 0.000422415760113, 0.000755711516831, 0.00030280998908, 0.000114820511953, 5.78140752623e-05, 2.25965850404e-05], "var": [3.93652266339e-09, 0.000156514710397, 3.2036434277e-05, 2.93103653348e-06, 1.02446199435e-06, 1.78972504727e-06, 9.05923225218e-05, 7.42033080314e-05, 1.54773533723e-05, 8.9323557404e-06, 9.61672199651e-08, 4.31110890986e-07, 1.38272071126e-07, 9.08590465087e-08, 1.39061558002e-06, 2.19283015213e-06, 3.62920644648e-07, 1.87436945964e-08, 4.1985487087e-07, 2.14061088855e-08, 2.76412759348e-08, 1.18534115856e-09, 1.07168496299e-09, 5.36117761296e-10, 4.35408306632e-11, 1.52606052795e-11, 1.32562851755e-12], "mean": [5.01417525811e-05, 0.00776178715751, 0.00205554068089, 0.000708394974936, 0.00073960662121, 0.000485148571897, 0.00454464741051, 0.00332265836187, 0.00159966584761, 0.00079510291107, 0.000105075341708, 0.000245365867158, 0.000130608212203, 0.000138757473906, 0.000336864759447, 0.000827354611829, 0.000124538113596, 6.72585374559e-05, 0.000268979347311, 6.57118143863e-05, 8.78183127497e-05, 2.18127697735e-05, 1.45698886627e-05, 1.03465508801e-05, 2.93994958156e-06, 1.32912998652e-06, 3.68610216128e-07]}, "erbbands_skewness": {"dmean2": 0.628208935261, "median": 0.624031543732, "min": -5.45290994644, "dvar2": 0.683837771416, "dvar": 0.311088204384, "dmean": 0.426033973694, "max": 5.93498468399, "var": 1.17829477787, "mean": 0.689239561558}, "erbbands_spread": {"dmean2": 9.08334827423, "median": 28.5479888916, "min": 0.813118815422, "dvar2": 172.964263916, "dvar": 73.1330108643, "dmean": 5.94711399078, "max": 151.721221924, "var": 277.116790771, "mean": 29.50207901}, "melbands_kurtosis": {"dmean2": 24.2606239319, "median": 6.18684864044, "min": -1.79125416279, "dvar2": 86487.3984375, "dvar": 47724.9492188, "dmean": 15.8903865814, "max": 11800.4121094, "var": 313810.71875, "mean": 55.1738586426}, "melbands": {"dmean2": [0.000692768837325, 0.000908699003048, 0.000417019822635, 0.000150556734297, 5.51216944586e-05, 5.39567336091e-05, 0.000349814858055, 0.00026743937633, 0.000179606096935, 6.54646355542e-05, 2.25376516028e-05, 5.16922300449e-05, 1.56317018991e-05, 2.17663891817e-05, 5.18424440088e-06, 1.03773381852e-05, 7.88134730101e-06, 7.36140691515e-06, 1.27752255139e-05, 2.49378117587e-05, 3.16854057019e-05, 9.44046132645e-06, 1.77764889031e-06, 2.26406132242e-06, 8.15526527731e-06, 5.20414005223e-06, 1.50627431594e-06, 1.49958759721e-06, 1.87525358797e-06, 1.27856037579e-06, 4.85414886953e-07, 3.38212089446e-07, 3.12468898755e-07, 2.30768208098e-07, 1.56266125373e-07, 1.3172564195e-07, 9.90540200974e-08, 6.51995222256e-08, 3.59274210382e-08, 2.58762806737e-08], "median": [0.000605602515861, 0.000508777971845, 0.0001088