{"metadata": {"tags": {"genre": ["Comedy"], "musicip_puid": ["d2dba0e9-2e15-7788-bd70-532ed49bd807"], "musicbrainz_albumid": ["f9696577-f759-4c0b-846b-bb206b00c77f"], "musicbrainz_artistid": ["e29641cc-3658-4886-89d7-3a146d2d3d75"], "title": ["The Nascar Song"], "tracknumber": ["20"], "artist": ["Tim Wilson"], "musicbrainz_albumartistid": ["e29641cc-3658-4886-89d7-3a146d2d3d75"], "album": ["It's a Sorry World"], "musicbrainz album type": ["Album"], "musicbrainz_recordingid": ["19ac60db-60ae-4c2e-aa8a-c824f3cd2ffd"], "bpm": ["84.81"], "acoustid_id": ["eaea7f36-760d-4b9a-b020-5f66a7598674"], "file_name": "Tim Wilson - The Nascar Song.mp3", "acoustid_fingerprint": ["AQADtIkoaVGiKFFw7biiIZIPs0f1EE_KacVlMB-aP7iYIod2Db4QkmHE4Vn64bwSocxBnT36HPxPZM8EjZyjI0yUpQ2eJgpOTpguNM3xIayySYL4PEGYPmrw4L2I8yGsxR2uLDh3hHmzIdmT4enR9BrKHHl_6JmEXGgwScc11Uimn0jJCMzxyFFwiUYzhuhx5LIDNbxxEuKzHHmiJMeP3wTZWmh6ZrhI_NhuHKG1C5qTHM1u3Bm64zoeo_6CPUN4Bv5AD5WkWBhz5Ap6R_AZeMx0tMePxsmOKiWH58N_TFxyNMuLP4e-NULzDXnyDM2WA4yL5gGPJmqexPiiR2BynC5R_Raa4cmO_kg76NaLPMWb4z_OMHiOcjneIz_E28jxkEGlwb9xST2ewtmUHMwahsh5FXouokeYHs-SVagWHc0eBj0fNDcuKjcuUkN2JYKWuEO4ZFmKE6SPj-jxZofHPAibC2dwZkP4E82looaTzKgWsUH5LkHzC8eDJ8qDL58QmspqaMnT4zh1PAo1_ELFEz_M5Sg5If5xr2DObDEaTTnyRtBEI8wPNhveD3UaNJ3SGQ-4q0OyKAj1HU-DH82Lksxx44qPJ6Rw74Wf4wfL6MGfo7nKIqOvounxGqqkos-PMJwq4S2uWMGTB0czMiEqZxR-VHiN_qibB80V9DmYjEd2R0h-NFR4nGnxTA_uRBlRKzu-HPqa4iE84nqOZ-txGtc6hB_ERCrir0PzJR1ePFIYEW0sOHh-0FyY4-aC50NaItmT49JC4c6OJ3IyFn9i1BeaZciZQVeOvEcoJjLEXwiV5BLyEoSWo0fkc0XLHJ-InhmeIfwh1nECJ94Rah-Oa4mGvg2aEl-u4CP-40f-Q1EiHXxSOD_RVcEffIfOHM2ZQTt9kKHQi8OnSHGg8YZ-HDePLqKCJjvKJZzwQ8-W40VFczih6kS-7GiOcsflBC2no1mDOBOPpFeGZstOVMpUomfwDDWPpzviRcyNo3ESpcJTDnmUHcyZFOfxLMd5bJqSD2OJP8XZI9mP5_hQK4dGHfYU9EQoItULcbplxIpUCj5uEc-WEE18fCtRWcd_hNTxNQYfNBGPWhl088i3Y9oPz1fQo2kYDV2049I6VLcQ5mEaKCfyo1ZoY8dd5FJj6Flh5KaxpUG-6PB4yLrh_cgfwj9-NIyy4MfLDw1_hObR5xD_Isd_9I3x7EF1DubRFw9KJQKXRpXhSAdvmHHwJTt4PaiOPD-SMSODpsoi4jo-NOdRdhmeCWFyJHuJsoQJn3iZHO4Rfgu0NRFSXUGtHLeL5wPzJCJSRzoSPIoHnzFqUcRRMBl_PEFyIfYSXHpxJkMpc8GV48pWRPOhckuI7chzNEkw63iJ8BnOCIoe4ZpwJTry49GD0y6mXYarE32O_Meh5SLCa8d7XPqy4Zie5YajVUfId9CFRzr6o8FFGiRFQzUpwfsWQv-R-_CTNcWP_eibJEGYSPqhJaEyhB7musJbBazOoE0qeA_CB8oTHk-PP4KyH7GYZcOjH4yVHM045IoDIY-OncfxPEKYKhGJyoe2V4j1DWayTpjs42EE78KDHf8RRntQ3QueHRo_PEO6BxWPPTHONnjDF0eaaiV-_GjGF-H34zkeTviioNn040ITM8G_gG-O_NCP_OiS7Ql2XTgHZ9li_OiFHA8uRMyUXHgUmagkH1cl8DH64xF2Kiicx0fP4DnyHEdoJcIzKXgu_LCmiMVDoomyzMj5QNcROg1cZcf5oVK-FN9mnBlmtmiW46gu4h5CuYcrWoHGSEekh8V5_LiO70HO5BAdErvxKKC-GP0h95hoFv4VnDvC-LhyhCemTGN6PDR4H9p1xBeFrg_4KMifYZdxZtHwB5cDUVomXPrwB_1G2MmIW4Oy_bjcwLyDHtdxQ3sIn3ge3EvCoZuidPjpIz_RMGk6VDo-Ec3DFRXx7MMfonIkWOVRWceTHCfaHc2zI5YcQ2YCXkcTZ0W_HL9xKYO8bcg3VO-Cpkp5PKfwE1meQ8sYUiLyo3_QvMcVGRPTI430Q3uCPFkY9IR13MSTB2VWXEZynghTMQ_6HD9xZUkc49Sx54OTPkWgE82YDWccRHs-fJJxRTmaUbiyH2-WY6cQ5g_qH3pykImTo1KH-RR-iJ5ww8c9-LD7jNB_fOuIaE905IcryRC5HOEDznnw_KiH5sskfHyIH3zS4VQS6bCuCY-OK3DV44pw7UfCI9aH5-hzOGkO6nFwNGv8oFnAPGHw7Zh0e0iWreGQJ_GDJk-moM8H1BaaKYqi4_SCfMwk9FkLxdQDaiojlDkU4lseCNuDS5kOPXvRD1qqLAj1w6cRWhekTrkQMiNcHf9w8Cx6Gs9x6kiWH1n-RLiFJh-6JRkuOTp-nOERptJRMZliyA1uHemY4ycutGjy4-HmBNeMS5mEPOgT-MdbYdRhUTKqjZTwGtOhBadIfEc3Bc4XPBceHi-k5xH44zK8olq0CQ8ZCly1FdIvHP3Q7NpwHnrOIC5-HZWeaAETh8cx_XDFIK-gFSXSxBHhfCglcQxatSryB3-FHVc2iM7BCtOPPPxxW8H3EOE1HpuP_tC8Bf5YAnfW4SO-8TgPaxwO_fixlRfyBz9OvGgjVM0e-Mf3ETl2-IeiedDxHHmkHE2OH97xo2kUzbh-_EgWlTFCMviOmcyGJk6OXtiVHt3RpziTxEzwI7RvvDtUaTt85PLgH2-xnbiLH8d55NqKQ_2HV7g-IcdE1BfMC9Ul40FlBk-QK4cu6Uh_FB8aH9MlCXfkYcondCdyQ0uTAyaIExQgCxByCAACDANEIAAEAIBZAYEAhBDAAAFEISKgMAKyIggRiShiAEBGECKAAcBAAIERAACBBBLWgAIAIxApAwAiBBhFnGAGMQGIE8AoYAkwhAgAjGBCKaaA8EIBBJgQCBGohBECICIM0EQwAJEiTDgBiMCWEAKI4EQZpQwUFCAqABKAABIAQEgRQJFABCBjGAAGEMKUIII5hJBATChBhAOAGEgAAYQJYIAwgDnDAMAKKCSQMggwoIBCRjBlpCBKWEKIEwYggRgCRhiAlBGAQEQMIcIoYIAgBAilEGAQMYSYEAQYRgARRFAhhJCAKEEMA8wISAggRjGunKDAIKqEYMBgw4UxBhAhBGEIGCGMEsgYgYEwCgFABEMACGMEUcQwIQBAAGiSEBFAkaCEQiAIIhEAgkFAgDIIGeAIAMwQBgWiZkmghAMIQSEJAkYIigACABgEADECAOEUFAIYQ5BBgAijkBBMCKIIgggBBoAgThpjrDJEKEIZM0BARhgjRjAjBNDMOACAAQZLJAhyhAgpkASACAOJEF5SR4gkzCEBiBBCSFEEY4YKhIkgBgkAxBMAEoKJUwhAQKABQhhgAELICKEAEk4gS4AgAhJkiBSAECUIUYgwZgAQQAgoAAIEEmcIYkAATAgTgBqiBBOCKGUEUMgIYJHAQAmCBBBCCUCMIQgwQBQygABhHDAAIMeM4UAJAAgQAECIkBaAAGEEEQAQoAkIRAghCQiCIAUIQsAAQgQRhgghhEAEAASAAdQYh7BRxBBniCAQA2AYIQgogICyACAiAUBMMWIAEgYxwA1xjggDGASGGCIgEIQsIIABgBhhkAAKICCA0AoARIEwBChiASFOaYeEUAJYrwQ4xgBkqLEAKQAMAAIiABZgSDABEEGGAECUNUgZQgQgTDknnEDEIWCYAIQwCA"]}, "audio_properties": {"sample_rate": 44100, "downmix": "mix", "lossless": false, "analysis_sample_rate": 44100, "md5_encoded": "2efe308bcc6365f333c86d3e101ce98c", "equal_loudness": 0, "replay_gain": -5.06895828247, "codec": "mp3", "bit_rate": 160000, "length": 123.376327515}, "version": {"extractor": "music 1.0", "essentia_build_sha": "2d9f1f26377add8aeb1075a9c2973f962c4f09fd", "essentia_git_sha": "v2.1_beta2-1-ge3940c0", "essentia": "2.1-beta2"}}, "rhythm": {"beats_loudness_band_ratio": {"dvar2": [0.0532932505012, 0.0347798988223, 0.0740258768201, 0.0333768352866, 0.0254041999578, 0.00555414985865], "var": [0.0314461290836, 0.0158082135022, 0.0404221862555, 0.0204812269658, 0.0126975513995, 0.00258647999726], "min": [2.83080407826e-06, 5.92996548221e-05, 0.0202666446567, 0.00612172996625, 0.000872852513567, 0.00122554809786], "dmean": [0.14138148725, 0.0943802446127, 0.187468573451, 0.128817781806, 0.0871292799711, 0.0397391729057], "mean": [0.236383259296, 0.127274811268, 0.287037670612, 0.206298559904, 0.128915831447, 0.0536912120879], "max": [0.69336605072, 0.876630783081, 0.943294346333, 0.66698628664, 0.568501293659, 0.464668869972], "dmean2": [0.245405808091, 0.16562859714, 0.321457803249, 0.221538618207, 0.152417719364, 0.0698014870286], "median": [0.223202630877, 0.090331479907, 0.23040433228, 0.179643079638, 0.0928820818663, 0.0424869060516], "dvar": [0.0188626237214, 0.0138564324006, 0.0268976185471, 0.012182507664, 0.0089041525498, 0.00212290743366]}, "bpm_histogram_first_peak_weight": {"dvar2": 0, "var": 0, "min": 0.405325442553, "dmean": 0, "mean": 0.405325442553, "max": 0.405325442553, "dmean2": 0, "median": 0.405325442553, "dvar": 0}, "bpm": 166.045150757, "beats_count": 339, "bpm_histogram_first_peak_spread": {"dvar2": 0, "var": 0, "min": 0, "dmean": 0, "mean": 0, "max": 0, "dmean2": 0, "median": 0, "dvar": 0}, "danceability": 1.09094321728, "bpm_histogram_first_peak_bpm": {"dvar2": 0, "var": 0, "min": 167, "dmean": 0, "mean": 167, "max": 167, "dmean2": 0, "median": 167, "dvar": 0}, "beats_position": [0.383129239082, 0.777868449688, 1.17260766029, 1.5673469305, 1.95047616959, 2.32199549675, 2.69351458549, 3.05342388153, 3.41333317757, 3.76163268089, 4.12154197693, 4.48145103455, 4.85297060013, 5.21287965775, 5.58439922333, 5.94430828094, 6.29260778427, 6.62929677963, 6.97759628296, 7.33750534058, 7.6858048439, 8.04571437836, 8.37079334259, 8.73070240021, 9.07900238037, 9.42730140686, 9.77560043335, 10.1239004135, 10.47219944, 10.8321084976, 11.1920175552, 11.5403175354, 11.8886165619, 12.2485256195, 12.6084346771, 12.9567346573, 13.3050336838, 13.6649427414, 14.0248527527, 14.3731517792, 14.7214508057, 15.0697498322, 15.4180498123, 15.7779588699, 16.1378688812, 16.4977779388, 16.8576869965, 17.2175960541, 17.5775051117, 17.9258041382, 18.2741031647, 18.6224040985, 18.9823131561, 19.3422222137, 19.6905212402, 20.0388202667, 20.3987293243, 20.7470283508, 21.1069393158, 21.4552383423, 21.8035373688, 22.1518363953, 22.5117454529, 22.8716545105, 23.219953537, 23.5682544708, 23.9281635284, 24.2880725861, 24.6363716125, 24.984670639, 25.3445796967, 25.6928787231, 26.0527877808, 26.4126987457, 26.7726078033, 27.1209068298, 27.4692058563, 27.8291149139, 28.1890239716, 28.5489330292, 28.897233963, 29.2455329895, 29.6054420471, 29.9537410736, 30.3136501312, 30.6735591888, 31.0218582153, 31.3701572418, 31.7184581757, 32.0667572021, 32.4382743835, 32.7981834412, 33.1580963135, 33.5063934326, 33.8546943665, 34.2146034241, 34.5861206055, 34.9344215393, 35.2827186584, 35.6194114685, 35.9561004639, 36.3160095215, 36.6643066406, 37.0242156982, 37.3725166321, 37.7440338135, 38.0923347473, 38.4522438049, 38.8005447388, 39.1488418579, 39.5087509155, 39.8570518494, 40.216960907, 40.5652618408, 40.91355896, 41.2734680176, 41.6333770752, 41.9932861328, 42.3531951904, 42.7014961243, 43.0614051819, 43.4213142395, 43.7696151733, 44.1179122925, 44.4778213501, 44.8261222839, 45.1860313416, 45.5343284607, 45.8826293945, 46.2309303284, 46.590839386, 46.9391365051, 47.2990455627, 47.6473464966, 47.9956436157, 48.355556488, 48.7154655457, 49.0753746033, 49.4352836609, 49.78358078, 50.1318817139, 50.480178833, 50.8400878906, 51.1883888245, 51.5482978821, 51.8965988159, 52.2565078735, 52.6164169312, 52.9647140503, 53.3130149841, 53.661315918, 54.0212249756, 54.3811340332, 54.7294311523, 55.08934021, 55.4492492676, 55.7975502014, 56.1458511353, 56.4941482544, 56.8424491882, 57.2023582458, 57.5622673035, 57.9221763611, 58.2820854187, 58.6303825378, 58.9902954102, 59.3502044678, 59.6868934631, 60.0351905823, 60.3950996399, 60.7550086975, 61.1149177551, 61.4748306274, 61.8347396851, 62.1946487427, 62.5545578003, 62.9028549194, 63.2511558533, 63.6110649109, 63.9709739685, 64.3308868408, 64.6675720215, 65.0274810791, 65.3641738892, 65.7008590698, 66.0607681274, 66.4206771851, 66.7805862427, 67.1288909912, 67.4888000488, 67.8487091064, 68.1970062256, 68.5453033447, 68.8936004639, 69.2419052124, 69.5902023315, 69.9501113892, 70.3100204468, 70.6583175659, 71.0182266235, 71.3781356812, 71.7264404297, 72.0747375488, 72.4346466064, 72.7945556641, 73.1544647217, 73.5143737793, 73.8626708984, 74.210975647, 74.5592727661, 74.9075698853, 75.2674789429, 75.6273880005, 75.975692749, 76.3239898682, 76.6838989258, 77.0438079834, 77.3921051025, 77.7404098511, 78.1003189087, 78.4602279663, 78.8085250854, 79.1568222046, 79.5167312622, 79.8766403198, 80.2249450684, 80.5732421875, 80.9215393066, 81.2698364258, 81.6181411743, 81.9780502319, 82.3379592896, 82.6978683472, 83.0461654663, 83.4060745239, 83.7543716431, 84.1258926392, 84.4741897583, 84.8224945068, 85.1824035645, 85.5423126221, 85.8906097412, 86.2389068604, 86.5872116089, 86.9471206665, 87.2954177856, 87.6553268433, 88.0152359009, 88.3751449585, 88.7118377686, 89.0601348877, 89.4084320068, 89.7683410645, 90.1282501221, 90.4881591797, 90.8364639282, 91.1847610474, 91.5330581665, 91.8813552856, 92.2296600342, 92.5895690918, 92.9494781494, 93.309387207, 93.6692962646, 94.0408172607, 94.4007263184, 94.760635376, 95.1089324951, 95.4572296143, 95.8171386719, 96.1538314819, 96.5021286011, 96.8504257202, 97.1987304688, 97.5586395264, 97.918548584, 98.2668457031, 98.6151428223, 98.9750518799, 99.3233566284, 99.683265686, 100.031562805, 100.403083801, 100.75138092, 101.111289978, 101.471199036, 101.819496155, 102.167800903, 102.527709961, 102.887619019, 103.247528076, 103.607437134, 103.97895813, 104.385307312, 104.780044556, 105.186393738, 105.581130981, 105.987480164, 106.382217407, 106.77696228, 107.160087585, 107.54322052, 107.926345825, 108.30947876, 108.692604065, 109.075737, 109.458862305, 109.841995239, 110.225120544, 110.608253479, 110.991378784, 111.467391968, 111.943397522, 112.407798767, 112.872200012, 113.336593628, 113.812606812, 114.288612366, 114.764625549, 115.240631104, 115.716644287, 116.192649841, 116.680267334, 117.167892456, 117.551017761, 117.934150696, 118.305664063, 118.688796997, 119.071922302, 119.443443298, 119.814964294, 120.186485291, 120.557998657, 120.929519653, 121.301040649, 121.672561646, 122.044082642, 122.427207947, 122.810340881], "beats_loudness": {"dvar2": 0.000576321268454, "var": 0.000321082945447, "min": 5.54839118649e-07, "dmean": 0.0149377835914, "mean": 0.0329826809466, "max": 0.0929290577769, "dmean2": 0.0265167895705, "median": 0.0319951549172, "dvar": 0.000190727339941}, "bpm_histogram_second_peak_weight": {"dvar2": 0, "var": 0, "min": 0.384615391493, "dmean": 0, "mean": 0.384615391493, "max": 0.384615391493, "dmean2": 0, "median": 0.384615391493, "dvar": 0}, "bpm_histogram_second_peak_spread": {"dvar2": 0, "var": 0, "min": 0, "dmean": 0, "mean": 0, "max": 0, "dmean2": 0, "median": 0, "dvar": 0}, "bpm_histogram_second_peak_bpm": {"dvar2": 0, "var": 0, "min": 172, "dmean": 0, "mean": 172, "max": 172, "dmean2": 0, "median": 172, "dvar": 0}, "onset_rate": 4.33581638336}, "lowlevel": {"spectral_energyband_high": {"dvar2": 1.43043951084e-06, "var": 8.15286455236e-07, "min": 2.50362859784e-12, "dmean": 0.000381107063731, "mean": 0.000620940467343, "max": 0.0103975590318, "dmean2": 0.000589260365814, "median": 0.000311133597279, "dvar": 5.77559887915e-07}, "spectral_energyband_middle_low": {"dvar2": 0.000150322579429, "var": 0.000141702883411, "min": 1.98617962355e-11, "dmean": 0.00542361242697, "mean": 0.0117071606219, "max": 0.0879171416163, "dmean2": 0.00832410156727, "median": 0.00846242159605, "dvar": 6.62042366457e-05}, "spectral_energy": {"dvar2": 0.000357778742909, "var": 0.000367776723579, "min": 7.51160106338e-11, "dmean": 0.00938247144222, "mean": 0.022994864732, "max": 0.114967629313, "dmean2": 0.0141655700281, "median": 0.0193885564804, "dvar": 0.00016156732454}, "spectral_spread": {"dvar2": 987527643136, "var": 1744131719170.0, "min": 1586669.5, "dmean": 554091.875, "mean": 4169170, "max": 40932600, "dmean2": 816212.8125, "median": 3897134.25, "dvar": 612348329984}, "spectral_energyband_low": {"dvar2": 0.00014343408111, "var": 4.57032947452e-05, "min": 2.27308626701e-14, "dmean": 0.00318352808245, "mean": 0.00359687115997, "max": 0.0629837065935, "dmean2": 0.00542050134391, "median": 0.00148603192065, "dvar": 5.38320455234e-05}, "spectral_rolloff": {"dvar2": 1823331.75, "var": 1753890, "min": 129.19921875, "dmean": 489.7840271, "mean": 1835.82202148, "max": 15719.2382813, "dmean2": 796.613525391, "median": 1571.92382813, "dvar": 838538.4375}, "barkbands": {"dvar2": [7.85580482443e-07, 8.41590735945e-05, 1.50260166265e-05, 3.09736651616e-06, 8.73081899044e-06, 1.2105478163e-05, 7.20917742001e-05, 3.40143124049e-05, 2.0312718334e-05, 8.78063565324e-06, 6.98341818861e-06, 1.16674909805e-05, 9.19071044336e-06, 4.49003618996e-06, 1.91059234567e-06, 8.64132005063e-07, 9.56079134085e-07, 3.09139977617e-07, 5.38520055215e-07, 1.32794184537e-07, 1.54410130904e-07, 1.65775745131e-07, 3.58955283275e-08, 1.57922208643e-08, 9.03363517324e-09, 1.25959127573e-08, 1.72207914595e-09], "var": [3.73727829128e-07, 2.20574638661e-05, 4.7499493121e-06, 1.37474387429e-06, 6.0748566284e-06, 1.11481931526e-05, 5.02401671838e-05, 2.11623755604e-05, 1.0107176422e-05, 5.99938493906e-06, 3.465948339e-06, 8.72987584444e-06, 6.92359935783e-06, 3.14243106914e-06, 1.54974736688e-06, 1.27920066006e-06, 1.10384394247e-06, 3.43151640436e-07, 4.856278224e-07, 9.28971246594e-08, 5.72579885727e-08, 8.98197924926e-08, 2.15344133636e-08, 8.76259598215e-09, 5.42496758626e-09, 6.12012085455e-09, 6.93746449176e-10], "min": [1.08181252313e-14, 1.06600316139e-14, 4.35838431317e-15, 5.12511091373e-15, 2.14261676571e-14, 1.57891535675e-13, 5.42537911298e-13, 3.92714127277e-13, 1.41806896087e-11, 9.00186349073e-12, 1.14487716182e-12, 1.90340560154e-12, 8.02837830938e-12, 3.47064217643e-12, 7.14702548445e-13, 4.59497999546e-13, 3.18633493071e-13, 2.71408459943e-12, 8.15821021849e-12, 1.02326762515e-12, 1.62852966789e-13, 2.17036282067e-13, 1.03488008094e-12, 1.64296378694e-13, 3.19520451764e-13, 2.36785688713e-13, 2.92566697865e-13], "dmean": [0.000242330483161, 0.00216743117198, 0.0010181319667, 0.000584570341744, 0.00108448904939, 0.00108928012196, 0.00250252196565, 0.00162479595747, 0.00103845715057, 0.000691134424414, 0.000678068143316, 0.000875588331837, 0.000880765321199, 0.000609491311479, 0.000410628621466, 0.000294687109999, 0.000330694630975, 0.000187441997696, 0.000237680884311, 0.000129975596792, 0.000109433407488, 0.000114506321552, 5.45577167941e-05, 3.48955254594e-05, 2.71830158454e-05, 2.76975879387e-05, 8.21091634862e-06], "mean": [0.000272279110504, 0.00200579152443, 0.00102230114862, 0.000731695443392, 0.00177920015994, 0.00185484904796, 0.00345013919286, 0.00210078060627, 0.00142043048982, 0.00101206451654, 0.000897911435459, 0.00118378957268, 0.00118994317017, 0.000877125130501, 0.000656366464682, 0.000517578329891, 0.000595323042944, 0.000304654444335, 0.000387012463761, 0.000207075412618, 0.000145287951455, 0.00016692240024, 8.50244323374e-05, 5.08514931425e-05, 3.83165024687e-05, 3.43109386449e-05, 7.81039943831e-06], "max": [0.00607811007649, 0.048637509346, 0.0229061022401, 0.0115286428481, 0.0270754210651, 0.0717035010457, 0.0715448781848, 0.0662412196398, 0.0540965572, 0.0516341738403, 0.026778139174, 0.0608028247952, 0.0330353789032, 0.0282464921474, 0.0274015273899, 0.0185028556734, 0.0155955925584, 0.0120387570933, 0.00875522103161, 0.0040770531632, 0.00416530668736, 0.00382673251443, 0.00215114001185, 0.00130177859683, 0.00120185373817, 0.00140676926821, 0.000401549274102], "dmean2": [0.000387377833249, 0.0038332734257, 0.0017935228534, 0.000994827714749, 0.00176932069007, 0.00174791482277, 0.00394443422556, 0.00256293313578, 0.00163040950429, 0.00107041816227, 0.00107184727676, 0.00135497748852, 0.00135960208718, 0.000960729958024, 0.000635013158899, 0.000451468949905, 0.000514144776389, 0.000289189280011, 0.00037041248288, 0.000209345991607, 0.000183395139175, 0.000183138719876, 8.604330651e-05, 5.38534477528e-05, 4.15105423599e-05, 4.23086676165e-05, 1.28959272843e-05], "median": [1.03152824522e-05, 0.000555571226869, 0.000315995304845, 0.000292734941468, 0.000961351499427, 0.000816625833977, 0.000828619697131, 0.000359344354365, 0.000385662075132, 0.000297920341836, 0.000284362729872, 0.000341889855918, 0.000286879221676, 0.000232716134633, 0.000225683164899, 0.000168659462361, 0.000184348042239, 0.000108496991743, 0.000143784156535, 9.5778828836e-05, 6.30712311249e-05, 6.12812946201e-05, 3.50249792973e-05, 2.10983162106e-05, 1.43399565786e-05, 9.46623913478e-06, 3.20028760825e-07], "dvar": [3.17097857305e-07, 3.05405046674e-05, 5.46376031707e-06, 1.13123417123e-06, 3.47298873749e-06, 4.97305109093e-06, 3.1053670682e-05, 1.46670918184e-05, 8.2183514678e-06, 3.76228581445e-06, 2.82633914139e-06, 5.30314855496e-06, 4.10104848925e-06, 1.96795349439e-06, 8.38527967062e-07, 4.10142490637e-07, 4.10742160284e-07, 1.36316856469e-07, 2.44197849497e-07, 5.45752136816e-08, 5.71780773839e-08, 6.7690216099e-08, 1.48456607008e-08, 6.65568888891e-09, 3.88878662605e-09, 5.18493825652e-09, 6.9433730987e-10]}, "melbands_skewness": {"dvar2": 0.928407371044, "var": 1.11554610729, "min": -1.80276429653, "dmean": 0.602560818195, "mean": 1.59528720379, "max": 9.21917152405, "dmean2": 0.93631619215, "median": 1.44563221931, "dvar": 0.378751724958}, "barkbands_skewness": {"dvar2": 0.583719193935, "var": 1.01025354862, "min": -2.77308535576, "dmean": 0.50421667099, "mean": 0.972302675247, "max": 7.35999584198, "dmean2": 0.762058854103, "median": 0.832962632179, "dvar": 0.25507953763}, "erbbands": {"dvar2": [0.110563516617, 3.85232448578, 19.3566913605, 21.7702636719, 74.4282836914, 146.872665405, 211.977737427, 1344.46044922, 10220.0742188, 24420.3808594, 12271.2382813, 10890.8876953, 7692.67138672, 11066.2265625, 8685.25976563, 19710.7734375, 15434.7480469, 11916.5966797, 4586.58203125, 3593.95019531, 1943.69165039, 1782.42260742, 895.72833252, 1428.28405762, 860.778442383, 275.488891602, 382.217132568, 187.722854614, 246.306838989, 86.927230835, 25.567155838, 12.3320531845, 2.95945739746, 1.37216722965, 0.433839321136, 0.422538161278, 0.0273447502404, 0.00163531093858, 6.74042967148e-05, 1.03161482912e-07], "var": [0.0297501776367, 0.924170911312, 5.65535354614, 8.33685398102, 39.2883758545, 118.116195679, 167.591094971, 1287.62158203, 5965.98583984, 14202.4082031, 8346.78125, 5869.86962891, 4946.24121094, 6951.06835938, 4906.42626953, 17250.6738281, 13217.5742188, 8460.13769531, 4535.37255859, 3750.07177734, 3103.3671875, 1896.72717285, 1075.20922852, 1302.63793945, 764.979919434, 186.888290405, 122.717529297, 93.717918396, 125.340049744, 49.4164924622, 15.3930330276, 7.26862192154, 1.50712430477, 0.752936184406, 0.267493247986, 0.185679033399, 0.0143253961578, 0.000831123150419, 2.52595309576e-05, 4.03922086889e-08], "min": [4.70480750712e-13, 1.8674974761e-12, 4.67384811409e-12, 1.21643667361e-11, 2.74697053299e-11, 7.49809866973e-11, 4.11937955969e-10, 1.6810972614e-09, 5.25749310754e-09, 1.17192868743e-08, 2.89967854172e-08, 3.01945874526e-07, 4.157862179e-07, 1.27009087691e-07, 6.14321962189e-08, 1.11866512498e-07, 2.85914069309e-07, 3.57067165169e-07, 6.49081712822e-08, 3.33336203084e-08, 3.16594537253e-08, 2.0267910017e-08, 1.02669027058e-07, 1.48401582578e-07, 5.41692145362e-07, 7.71219106355e-08, 1.15039275883e-08, 3.54665852242e-09, 6.8055747704e-09, 1.32164936772e-08, 3.9734302959e-08, 6.50527232082e-09, 2.67726751879e-09, 3.25777582688e-09, 2.31295715913e-09, 1.32189637014e-09, 2.78663009334e-10, 1.30163824164e-10, 5.17089357444e-11, 4.44397990629e-12], "dmean": [0.0745814815164, 0.459831744432, 1.13072741032, 1.4797513485, 2.9269387722, 4.16892385483, 4.27478599548, 11.3201122284, 27.3497486115, 44.7825393677, 29.7742481232, 24.4952335358, 19.6137294769, 25.4308223724, 24.8574409485, 36.3607559204, 37.837020874, 32.4852142334, 21.7518501282, 17.7911701202, 16.2994194031, 15.2403745651, 10.1218910217, 12.0294885635, 9.92245674133, 5.7676897049, 4.96782398224, 4.11766958237, 4.32619524002, 2.62629580498, 1.45715773106, 0.96919465065, 0.46971359849, 0.32927390933, 0.187223508954, 0.150662854314, 0.0425694696605, 0.00987620465457, 0.00153689330909, 6.57795753796e-05], "mean": [0.065319634974, 0.422178477049, 1.14763009548, 1.89015686512, 4.1486325264, 6.61585855484, 7.34636211395, 18.7940673828, 38.8835983276, 57.0185928345, 42.0279006958, 34.5755615234, 31.0768814087, 35.7307891846, 35.979133606, 52.0271682739, 55.3066253662, 49.2265968323, 37.1164970398, 32.2090415955, 31.7687034607, 28.6014785767, 17.5988616943, 20.2119064331, 16.3648414612, 9.29197978973, 6.56327009201, 5.82112550735, 6.06977128983, 4.00689029694, 2.25489234924, 1.39647841454, 0.682261049747, 0.459495306015, 0.251447468996, 0.181416124105, 0.0524850226939, 0.0113763548434, 0.00141067185905, 7.91366619524e-05], "max": [1.53785741329, 11.2825164795, 27.9759216309, 33.0148124695, 66.7015228271, 146.899414063, 293.935760498, 830.495727539, 1016.637146, 1462.86975098, 1479.20703125, 1020.2946167, 1356.375, 1770.01477051, 1124.17553711, 3145.79003906, 1466.41906738, 1615.04333496, 929.773376465, 1251.87463379, 733.698425293, 458.373413086, 720.065612793, 555.135253906, 372.450775146, 181.329956055, 259.353729248, 145.81539917, 157.188781738, 85.8946228027, 52.339630127, 36.1128768921, 18.0467338562, 15.6021270752, 7.84582281113, 8.28029251099, 2.12768173218, 0.3988507092, 0.0740819424391, 0.0033354817424], "dmean2": [0.130637973547, 0.832936704159, 2.00836896896, 2.52269244194, 4.88680791855, 6.78599786758, 6.96268892288, 17.9598693848, 43.0289344788, 70.038269043, 45.9775009155, 38.245010376, 30.7283935547, 39.1656608582, 38.9760627747, 55.0076446533, 57.1355056763, 49.5621414185, 32.8095779419, 27.057756424, 24.8292694092, 23.7150707245, 15.4706172943, 18.587852478, 15.4181919098, 9.3478307724, 8.40397834778, 6.71753263474, 6.97671747208, 4.23673963547, 2.27980995178, 1.49349379539, 0.739817976952, 0.508786380291, 0.286166340113, 0.232417985797, 0.064244993031, 0.0151901766658, 0.00244102580473, 0.000104020007711], "median": [0.00934557709843, 0.133677333593, 0.3874566257, 0.877922773361, 1.93758714199, 2.96790218353, 3.89654254913, 7.91428041458, 11.3687515259, 14.4654569626, 9.07597160339, 10.27921772, 9.9899263382, 12.2335090637, 13.7235059738, 16.3210906982, 15.80164814, 14.9306411743, 13.5779123306, 11.7955226898, 10.8136396408, 10.2064161301, 7.00276088715, 7.24497938156, 6.70292711258, 4.38358306885, 2.86749434471, 2.52750945091, 2.28529119492, 1.50979936123, 0.902141928673, 0.535059690475, 0.283373057842, 0.177062317729, 0.0845388397574, 0.0532521493733, 0.0137477703393, 0.00169319612905, 6.44601022941e-05, 3.02414518956e-05], "dvar": [0.0405313745141, 1.36609482765, 6.97288703918, 7.93398571014, 28.6905498505, 59.588470459, 87.6493377686, 581.571533203, 4191.60839844, 10561.9482422, 5376.28076172, 4475.74169922, 2976.77636719, 4999.93017578, 3589.40771484, 9373.59082031, 7149.65234375, 5321.63378906, 2164.06860352, 1626.21118164, 887.104919434, 734.381408691, 394.009460449, 661.51385498, 378.751098633, 112.691184998, 136.354782104, 74.4725341797, 100.342506409, 35.0800056458, 10.6440019608, 5.33017444611, 1.21186351776, 0.573993563652, 0.190072327852, 0.171185135841, 0.0114205693826, 0.00067314732587, 2.67562263616e-05, 4.1767513892e-08]}, "silence_rate_30dB": {"dvar2": 0, "var": 0, "min": 1, "dmean": 0, "mean": 1, "max": 1, "dmean2": 0, "median": 1, "dvar": 0}, "melbands_spread": {"dvar2": 291.152374268, "var": 342.297027588, "min": 1.25194919109, "dmean": 8.33457183838, "mean": 28.5664310455, "max": 203.608398438, "dmean2": 12.8720998764, "median": 24.8746643066, "dvar": 133.487258911}, "melbands_crest": {"dvar2": 26.6576786041, "var": 22.5774517059, "min": 3.00868582726, "dmean": 3.60559344292, "mean": 11.8244466782, "max": 31.8208751678, "dmean2": 5.92290973663, "median": 10.8805494308, "dvar": 10.0651769638}, "zerocrossingrate": {"dvar2": 0.000236913954723, "var": 0.00111169461161, "min": 0.01025390625, "dmean": 0.010995792225, "mean": 0.0684510618448, "max": 0.3603515625, "dmean2": 0.0127147957683, "median": 0.06396484375, "dvar": 0.000200023365323}, "barkbands_kurtosis": {"dvar2": 29.6444244385, "var": 31.5810680389, "min": -1.83916592598, "dmean": 2.01266932487, "mean": 2.28653264046, "max": 79.0639266968, "dmean2": 3.08688664436, "median": 0.478169769049, "dvar": 13.053196907}, "spectral_flux": {"dvar2": 0.00208321376704, "var": 0.00303454673849, "min": 3.00923511531e-05, "dmean": 0.0289101209491, "mean": 0.0897852554917, "max": 0.317981153727, "dmean2": 0.043375223875, "median": 0.0810643732548, "dvar": 0.00102413527202}, "barkbands_crest": {"dvar2": 15.8521537781, "var": 15.3776416779, "min": 2.46357941628, "dmean": 2.71492052078, "mean": 8.76555728912, "max": 24.6257076263, "dmean2": 4.46422529221, "median": 7.90935230255, "dvar": 6.21455192566}, "barkbands_flatness_db": {"dvar2": 0.000921132334042, "var": 0.00340568413958, "min": 0.0216525252908, "dmean": 0.0224146675318, "mean": 0.126210838556, "max": 0.376136988401, "dmean2": 0.0329894348979, "median": 0.11432068795, "dvar": 0.000463789852802}, "spectral_entropy": {"dvar2": 0.0694367215037, "var": 0.19907143712, "min": 5.5935087204, "dmean": 0.187479794025, "mean": 7.56188726425, "max": 9.79689216614, "dmean2": 0.268538147211, "median": 7.6163854599, "dvar": 0.0368859730661}, "pitch_salience": {"dvar2": 0.0106706311926, "var": 0.0108802122995, "min": 0.16326919198, "dmean": 0.0731174722314, "mean": 0.609639406204, "max": 0.857049524784, "dmean2": 0.11938355118, "median": 0.618446469307, "dvar": 0.00410173973069}, "erbbands_spread": {"dvar2": 140.697479248, "var": 192.953231812, "min": 1.79285991192, "dmean": 7.2401843071, "mean": 28.7010974884, "max": 99.3511657715, "dmean2": 11.2873306274, "median": 26.5291728973, "dvar": 60.8160324097}, "dynamic_complexity": 4.16824388504, "spectral_contrast_valleys": {"dvar2": [0.503180325031, 0.398032069206, 0.266251176596, 0.25061661005, 0.284629464149, 0.287769198418], "var": [3.83525443077, 1.6604757309, 1.14187324047, 1.16967916489, 1.31154203415, 1.3258510828], "min": [-27.3791542053, -27.1210079193, -27.4691848755, -27.4395370483, -27.1793384552, -27.2625904083], "dmean": [0.515366494656, 0.438111960888, 0.372099280357, 0.365030258894, 0.362694859505, 0.380373746157], "mean": [-8.27385520935, -6.97889614105, -7.29197072983, -7.59743213654, -7.70926189423, -10.4022827148], "max": [-5.47018623352, -4.57342243195, -4.70202064514, -5.47871255875, -5.65621900558, -8.21037006378], "dmean2": [0.822571456432, 0.690736174583, 0.560946524143, 0.526058733463, 0.50736284256, 0.512842237949], "median": [-7.60802125931, -6.71306991577, -7.12220430374, -7.40687036514, -7.501308918, -10.1995344162], "dvar": [0.242228969932, 0.207354694605, 0.162747606635, 0.164100840688, 0.174444139004, 0.17746001482]}, "hfc": {"dvar2": 257.196014404, "var": 343.168426514, "min": 1.33888889309e-07, "dmean": 8.25587654114, "mean": 21.7490749359, "max": 141.318023682, "dmean2": 12.0405597687, "median": 18.3693294525, "dvar": 122.538520813}, "spectral_kurtosis": {"dvar2": 10.42582798, "var": 12.0655431747, "min": -1.21975851059, "dmean": 1.87295627594, "mean": 5.60190677643, "max": 42.1888580322, "dmean2": 3.06884121895, "median": 4.86405229568, "dvar": 4.15804004669}, "mfcc": {"mean": [-662.25, 114.850715637, -19.0310249329, 7.8356180191, -7.65853118896, 0.263419747353, -7.21459245682, -2.33455920219, -5.98379707336, -0.866060614586, 0.562683165073, -0.733660280704, 2.12085938454], "cov": [[11251.4580078, 678.119812012, 415.391479492, 917.490600586, 322.133758545, 558.236755371, 44.6504592896, 219.703842163, 16.2130374908, 38.256565094, 169.052658081, 198.124359131, 214.482681274], [678.119812012, 1532.92907715, 378.504730225, 211.085601807, 141.151870728, 29.8665142059, 31.9845924377, -177.004577637, -120.326873779, -34.7757492065, -24.1072406769, 54.2663421631, 78.4883880615], [415.391479492, 378.504730225, 951.145202637, 342.834960938, 112.697052002, 115.407272339, 29.3679027557, -89.1268463135, -81.0314941406, -75.2985839844, -8.94700336456, 56.4413528442, 53.1493339539], [917.490600586, 211.085601807, 342.834960938, 550.79095459, 225.997879028, 114.384536743, 5.93647480011, -11.5943632126, 17.2119960785, -1.383659482, -11.1390533447, 26.4630069733, 62.1256065369], [322.133758545, 141.151870728, 112.697052002, 225.997879028, 529.270812988, 232.855239868, -15.529176712, -3.66371250153, 31.5887889862, 45.0064620972, 76.0789108276, 43.066986084, 35.5960998535], [558.236755371, 29.8665142059, 115.407272339, 114.384536743, 232.855239868, 344.41708374, 56.9529953003, 43.6610908508, 45.9213676453, 23.2518177032, 44.3544807434, 57.0793952942, 24.4137516022], [44.6504592896, 31.9845924377, 29.3679027557, 5.93647480011, -15.529176712, 56.9529953003, 203.92086792, 74.0705718994, 1.25574326515, 26.0277328491, 12.8230304718, 20.7156352997, 25.95835495], [219.703842163, -177.004577637, -89.1268463135, -11.5943632126, -3.66371250153, 43.6610908508, 74.0705718994, 290.790802002, 130.216003418, 33.2180747986, 32.4556999207, 29.4539489746, 6.15840291977], [16.2130374908, -120.326873779, -81.0314941406, 17.2119960785, 31.5887889862, 45.9213676453, 1.25574326515, 130.216003418, 203.015716553, 58.9516944885, 2.3739156723, 17.2854938507, -4.19862747192], [38.256565094, -34.7757492065, -75.2985839844, -1.383659482, 45.0064620972, 23.2518177032, 26.0277328491, 33.2180747986, 58.9516944885, 136.059555054, 52.1360206604, 10.1295719147, 1.90165495872], [169.052658081, -24.1072406769, -8.94700336456, -11.1390533447, 76.0789108276, 44.3544807434, 12.8230304718, 32.4556999207, 2.3739156723, 52.1360206604, 156.31149292, 52.7003479004, 1.61468577385], [198.124359131, 54.2663421631, 56.4413528442, 26.4630069733, 43.066986084, 57.0793952942, 20.7156352997, 29.4539489746, 17.2854938507, 10.1295719147, 52.7003479004, 105.559844971, 37.4684638977], [214.482681274, 78.4883880615, 53.1493339539, 62.1256065369, 35.5960998535, 24.4137516022, 25.95835495, 6.15840291977, -4.19862747192, 1.90165495872, 1.61468577385, 37.4684638977, 112.376937866]], "icov": [[0.000122748184367, -5.27749034518e-05, 5.83843611821e-05, -0.000234315288253, 0.000153271423187, -0.000233079117606, 0.000138169867569, -0.000155114626978, 0.00013735225366, -2.4761116947e-05, -0.000129783875309, -1.42367725857e-05, -0.000104660415673], [-5.27749034518e-05, 0.000851593911648, -0.00021989713423, 1.41637519846e-05, -0.000297297985526, 0.000304450106341, -0.000320231803926, 0.000480847171275, 0.000137679628097, -4.98209483339e-05, 0.00033470641938, -0.000465343968244, -0.000165906560142], [5.83843611821e-05, -0.00021989713423, 0.00166386377532, -0.00106575898826, 0.00031853854307, -0.000482531846501, -0.000146268954268, 0.000231954807532, 0.000369825749658, 0.000740115880035, -0.000187490993994, -0.000586510752328, 6.8950408604e-05], [-0.000234315288253, 1.41637519846e-05, -0.00106575898826, 0.00343745597638, -0.00138845306356, 0.00052401330322, -0.000175564113306, 0.000154628884047, -0.000694514717907, -0.000182377800229, 0.000905733555555, 0.000363078375813, -0.0007578508812], [0.000153271423187, -0.000297297985526, 0.00031853854307, -0.00138845306356, 0.00375328073278, -0.00243794987909, 0.00114552117884, -5.60819034945e-06, 0.000117517556646, -0.000490988488309, -0.00155852118041, 0.00061149627436, -0.000560287677217], [-0.000233079117606, 0.000304450106341, -0.000482531846501, 0.00052401330322, -0.00243794987909, 0.00541640119627, -0.00177610036917, 0.000387717271224, -0.00110470782965, 0.000433296721894, 0.000422207202064, -0.00158042367548, 0.000627558212727], [0.000138169867569, -0.000320231803926, -0.000146268954268, -0.000175564113306, 0.00114552117884, -0.00177610036917, 0.00682903593406, -0.00254338420928, 0.00212264293805, -0.00199970300309, 0.000349504931364, -2.38348275161e-05, -0.00117282033898], [-0.000155114626978, 0.000480847171275, 0.000231954807532, 0.000154628884047, -5.60819034945e-06, 0.000387717271224, -0.00254338420928, 0.00640378985554, -0.00418468471617, 0.00148070813157, -0.00125445809681, -0.000405799306463, -0.00010894339357], [0.00013735225366, 0.000137679628097, 0.000369825749658, -0.000694514717907, 0.000117517556646, -0.00110470782965, 0.00212264293805, -0.00418468471617, 0.00939432159066, -0.00397230265662, 0.00256247329526, -0.00175794458482, 0.000760030350648], [-2.4761116947e-05, -4.98209483339e-05, 0.000740115880035, -0.000182377800229, -0.000490988488309, 0.000433296721894, -0.00199970300309, 0.00148070813157, -0.00397230265662, 0.0110490564257, -0.00409730803221, 0.00147866515908, -0.000494525127579], [-0.000129783875309, 0.00033470641938, -0.000187490993994, 0.000905733555555, -0.00155852118041, 0.000422207202064, 0.000349504931364, -0.00125445809681, 0.00256247329526, -0.00409730803221, 0.0106187770143, -0.00532595720142, 0.0017801169306], [-1.42367725857e-05, -0.000465343968244, -0.000586510752328, 0.000363078375813, 0.00061149627436, -0.00158042367548, -2.38348275161e-05, -0.000405799306463, -0.00175794458482, 0.00147866515908, -0.00532595720142, 0.0150621635839, -0.00442991638556], [-0.000104660415673, -0.000165906560142, 6.8950408604e-05, -0.0007578508812, -0.000560287677217, 0.000627558212727, -0.00117282033898, -0.00010894339357, 0.000760030350648, -0.000494525127579, 0.0017801169306, -0.00442991638556, 0.0114068295807]]}, "silence_rate_20dB": {"dvar2": 0, "var": 0, "min": 1, "dmean": 0, "mean": 1, "max": 1, "dmean2": 0, "median": 1, "dvar": 0}, "melbands_kurtosis": {"dvar2": 86.442489624, "var": 67.9941482544, "min": -1.80691599846, "dmean": 3.59880638123, "mean": 5.47022104263, "max": 129.108505249, "dmean2": 5.65383386612, "median": 2.79779314995, "dvar": 34.2364196777}, "barkbands_spread": {"dvar2": 114.520812988, "var": 157.949447632, "min": 1.28071558475, "dmean": 5.84257555008, "mean": 21.66314888, "max": 84.5869979858, "dmean2": 8.90505981445, "median": 19.857919693, "dvar": 51.229675293}, "erbbands_skewness": {"dvar2": 0.360271662474, "var": 0.784742474556, "min": -2.87217140198, "dmean": 0.421163201332, "mean": 0.366941094398, "max": 4.93302106857, "dmean2": 0.632931172848, "median": 0.27523830533, "dvar": 0.171283751726}, "average_loudness": 0.897556841373, "spectral_centroid": {"dvar2": 210793.546875, "var": 415269.1875, "min": 252.507797241, "dmean": 266.777160645, "mean": 1471.86730957, "max": 11380.8173828, "dmean2": 395.018920898, "median": 1419.77001953, "dvar": 113897.601563}, "dissonance": {"dvar2": 0.00161665363703, "var": 0.00163508334663, "min": 0.201122626662, "dmean": 0.0224193241447, "mean": 0.456855505705, "max": 0.499999940395, "dmean2": 0.0371310263872, "median": 0.469294369221, "dvar": 0.000628684065305}, "erbbands_flatness_db": {"dvar2": 0.000943070161156, "var": 0.00337003916502, "min": 0.0493950396776, "dmean": 0.0231905374676, "mean": 0.181619137526, "max": 0.403910696507, "dmean2": 0.0341029725969, "median": 0.174981445074, "dvar": 0.000483417359646}, "spectral_strongpeak": {"dvar2": 2.77034139633, "var": 2.17346930504, "min": 0, "dmean": 0.769786179066, "mean": 1.30881512165, "max": 12.0526742935, "dmean2": 1.25018954277, "median": 0.839882671833, "dvar": 1.1113563776}, "spectral_rms": {"dvar2": 2.2083697786e-06, "var": 4.51938922197e-06, "min": 2.70710017958e-07, "dmean": 0.000906039495021, "mean": 0.0042325630784, "max": 0.0105907293037, "dmean2": 0.00130814127624, "median": 0.0043492144905, "dvar": 1.1159730775e-06}, "silence_rate_60dB": {"dvar2": 0.0745296776295, "var": 0.116285525262, "min": 0, "dmean": 0.0350018814206, "mean": 0.134336784482, "max": 1, "dmean2": 0.0700169429183, "median": 0, "dvar": 0.033775459975}, "melbands": {"dvar2": [7.19450508768e-06, 5.44054273632e-06, 6.71431848787e-07, 5.71899875013e-07, 1.90145115653e-07, 6.36507877516e-07, 2.479073828e-06, 2.45603587246e-06, 7.3288532576e-07, 4.42814837243e-07, 1.99226192876e-07, 1.89573356124e-07, 1.06343151174e-07, 1.3891441597e-07, 1.09939733761e-07, 1.16279657902e-07, 4.97611409855e-08, 1.68304854498e-08, 1.62505422452e-08, 6.39545794101e-09, 3.74532538316e-09, 2.97004021377e-09, 1.28559718426e-09, 6.61212473663e-10, 1.29764654577e-09, 8.60880478015e-10, 3.08982284203e-10, 1.13469768304e-10, 1.75803274716e-10, 8.54250142845e-11, 7.27466489825e-11, 1.03383905603e-10, 5.33633311151e-11, 2.19605340857e-11, 8.76502082719e-12, 9.36842010218e-12, 3.60869082013e-12, 1.53990665705e-12, 1.50980703634e-12, 9.47118793983e-13], "var": [1.9744918518e-06, 1.46299555581e-06, 2.98398475707e-07, 3.63428199535e-07, 1.74163034217e-07, 5.76836839628e-07, 1.63263462127e-06, 1.47298749198e-06, 5.0524567996e-07, 2.27036579759e-07, 1.25544787011e-07, 1.20329701758e-07, 5.46960841064e-08, 1.02790416179e-07, 8.0519761525e-08, 8.29231296962e-08, 3.12645411782e-08, 1.48572150138e-08, 1.20789751534e-08, 1.00505612721e-08, 4.86403939348e-09, 3.06318370669e-09, 1.35902544773e-09, 6.22702889252e-10, 1.08582198788e-09, 7.07734204575e-10, 2.2406834721e-10, 6.88288662176e-11, 5.66963490045e-11, 3.09147360489e-11, 3.65213068121e-11, 4.97852314929e-11, 3.11256853625e-11, 1.14574096738e-11, 4.99969857182e-12, 5.53102225478e-12, 1.8971690538e-12, 7.30156549372e-13, 7.3897891929e-13, 4.98882402403e-13], "min": [4.09605482128e-15, 2.46929585882e-15, 2.50150809829e-15, 3.07257559375e-15, 1.19901935196e-14, 3.72866376718e-14, 8.94945941898e-14, 1.16350153253e-13, 3.3029609321e-13, 2.15909668616e-12, 2.07218595581e-12, 5.40364899094e-13, 1.69087061518e-13, 1.97671794298e-13, 4.09510695753e-13, 8.75055778705e-13, 4.47687080549e-13, 1.0346020915e-13, 5.5890991298e-14, 2.81130574007e-14, 3.98208721585e-14, 1.50777895486e-14, 4.12298437036e-14, 1.50121153572e-13, 8.68849331132e-14, 3.72769496477e-13, 2.42333686755e-13, 1.71714347656e-14, 5.97961935026e-15, 3.54918938647e-15, 1.67913683293e-15, 2.50098526721e-15, 6.79928042783e-15, 7.23654128157e-15, 2.55344129765e-14, 1.03437800046e-14, 2.37724285922e-15, 1.70470081668e-15, 2.20859859942e-15, 2.82210053971e-15], "dmean": [0.000624128442723, 0.00058967480436, 0.000288526847726, 0.000261292356299, 0.000147429353092, 0.000246498006163, 0.000446948193712, 0.000467325851787, 0.000228099655942, 0.000152946420712, 9.81462362688e-05, 0.000103266014776, 8.37245243019e-05, 9.50912944973e-05, 8.69337600307e-05, 9.33351548156e-05, 6.16836550762e-05, 3.78415061277e-05, 3.38350946549e-05, 2.26441752602e-05, 2.10804300877e-05, 1.89357706404e-05, 1.10084674816e-05, 8.68574170454e-06, 1.06690949906e-05, 8.89831153472e-06, 5.92298783886e-06, 3.60960439139e-06, 3.36265566148e-06, 2.58783984464e-06, 2.45888554673e-06, 2.74798458122e-06, 2.04679008675e-06, 1.29034447127e-06, 8.52155324083e-07, 8.39661538521e-07, 5.07823642693e-07, 3.31167996137e-07, 3.28229219804e-07, 