{"tonal": {"thpcp": [1, 0.572519719601, 0.120752446353, 0.0834920778871, 0.0869340673089, 0.367516964674, 0.576022565365, 0.328954279423, 0.341641485691, 0.53702133894, 0.310238152742, 0.0848646908998, 0.0697310939431, 0.0762841328979, 0.503719389439, 0.881741881371, 0.484381824732, 0.114981636405, 0.0907367542386, 0.0913782343268, 0.526706695557, 0.941071629524, 0.577570021152, 0.448818445206, 0.615298032761, 0.341078996658, 0.128706216812, 0.126199945807, 0.124048434198, 0.437109172344, 0.729097306728, 0.40175062418, 0.101519212127, 0.113779105246, 0.133561432362, 0.572100639343], "hpcp": {"dmean2": [0.172764897346, 0.124106317759, 0.065745934844, 0.0788066461682, 0.113852664828, 0.208644419909, 0.267615199089, 0.204485625029, 0.0985628664494, 0.068223670125, 0.0707762762904, 0.146248623729, 0.178122922778, 0.141892641783, 0.14961129427, 0.183220356703, 0.134288102388, 0.067821264267, 0.0563600212336, 0.0682660341263, 0.154612079263, 0.204780191183, 0.165359064937, 0.098685093224, 0.0917810201645, 0.0880463048816, 0.183781787753, 0.247979432344, 0.21350081265, 0.21950353682, 0.233809813857, 0.148314699531, 0.076139383018, 0.0720321238041, 0.0876187756658, 0.145323932171], "median": [0.104594536126, 0.0680341273546, 0.01227403339, 0.00667239399627, 0.00894523598254, 0.123166099191, 0.231530278921, 0.130509480834, 0.00986197497696, 0.00422496022657, 0.00727416574955, 0.0340072400868, 0.0541321858764, 0.0408931262791, 0.0458513721824, 0.0636236742139, 0.0331125929952, 0.0106315799057, 0.00647480227053, 0.00725981593132, 0.0805455595255, 0.155738160014, 0.0887616202235, 0.0118424436077, 0.00681731430814, 0.00704270228744, 0.0904779583216, 0.168610528111, 0.107899673283, 0.0610538385808, 0.0807994380593, 0.0498078875244, 0.0195137802511, 0.0174299124628, 0.0151359094307, 0.0589613206685], "min": [7.87558601587e-05, 8.43484394863e-06, 7.28961094865e-06, 4.44995930593e-06, 3.69042936654e-06, 0.000134250047267, 0.000107322157419, 4.1821920604e-05, 8.86967518454e-06, 3.66344420399e-06, 1.40980982906e-05, 1.03510992631e-05, 1.70741404872e-05, 1.10268811113e-05, 5.96058198425e-05, 6.6536522354e-05, 2.04720090551e-05, 1.45548283399e-05, 1.24474627228e-05, 3.74383284907e-06, 3.21302686643e-05, 3.21622937918e-05, 3.02852313325e-05, 4.86945509692e-06, 5.14478279001e-06, 4.55929557575e-06, 1.69977301994e-05, 3.55750926246e-05, 2.74588128377e-05, 5.49378601136e-05, 7.74826694396e-05, 4.96757493238e-05, 2.53240996244e-05, 2.74166832241e-05, 1.11823655971e-05, 9.53533890424e-05], "dvar2": [0.0636937022209, 0.0351328849792, 0.0263762492687, 0.0495386682451, 0.0632472708821, 0.0742812752724, 0.104142665863, 0.0677540078759, 0.0477386824787, 0.0305378045887, 0.0303222686052, 0.0644496977329, 0.078648224473, 0.0559476576746, 0.0618454925716, 0.0895328745246, 0.0611934140325, 0.0425771288574, 0.0390263944864, 0.0429710969329, 0.0513981319964, 0.0752035006881, 0.0666025876999, 0.0665366128087, 0.0712258070707, 0.0602566935122, 0.0602071657777, 0.0922321081161, 0.0818223506212, 0.0908810868859, 0.109169833362, 0.0503281541169, 0.0284321606159, 0.0268308371305, 0.0401362292469, 0.0510014072061], "dvar": [0.0285060014576, 0.0137501275167, 0.00917208753526, 0.0168923959136, 0.021062111482, 0.0275717414916, 0.0456763245165, 0.025428449735, 0.0160351041704, 0.0102895339951, 0.0104730930179, 0.0244608987123, 0.0339715369046, 0.0207184106112, 0.0216853339225, 0.0349243879318, 0.0220506619662, 0.0143765965477, 0.0132685564458, 0.0142259085551, 0.0201389212161, 0.0372815579176, 0.024022269994, 0.0228109899908, 0.0237332470715, 0.0205363035202, 0.0242594741285, 0.0451928749681, 0.0317874960601, 0.0331358350813, 0.044504493475, 0.0199580676854, 0.0102352304384, 0.00955015141517, 0.0141516989097, 0.0198347195983], "dmean": [0.108010582626, 0.0768973231316, 0.0367826856673, 0.0427554957569, 0.0614748820662, 0.12305059284, 0.161159932613, 0.12187101692, 0.0544798113406, 0.0372783541679, 0.0385287255049, 0.0876825675368, 0.108698122203, 0.0841029286385, 0.08776666224, 0.110425889492, 0.0797739252448, 0.0366396382451, 0.030483642593, 0.0366459824145, 0.0975961759686, 0.133193135262, 0.0988539904356, 0.0537137724459, 0.0485932081938, 0.0474135912955, 0.112212859094, 0.152319908142, 0.125607952476, 0.126746088266, 0.140358120203, 0.0907050818205, 0.0434723682702, 0.0409291908145, 0.0489193685353, 0.0874535217881], "max": [1, 1, 1, 1, 1, 1, 1, 1, 1, 1, 1, 1, 1, 1, 1, 1, 1, 1, 1, 1, 1, 1, 1, 1, 1, 1, 1, 1, 1, 1, 1, 1, 1, 1, 1, 1], "var": [0.114441044629, 0.0333620458841, 0.00980263482779, 0.020674681291, 0.0175012741238, 0.0500192642212, 0.131783783436, 0.0478103607893, 0.0121379625052, 0.00811321847141, 0.0072090504691, 0.0482307821512, 0.0997829288244, 0.0332293212414, 0.0336181931198, 0.0855680257082, 0.0324887782335, 0.00916369445622, 0.00982403475791, 0.00907578412443, 0.0468955300748, 0.132516890764, 0.0435151495039, 0.0153614701703, 0.014069548808, 0.01289867796, 0.0501028001308, 0.137660846114, 0.0556064359844, 0.0520786717534, 0.0931796431541, 0.030886920169, 0.00926752388477, 0.0126123977825, 0.012163723819, 0.0468768253922], "mean": [0.273312389851, 0.150601878762, 0.0380559042096, 0.0426516979933, 0.0500673800707, 0.214459985495, 0.374864071608, 0.214617073536, 0.0452657528222, 0.0312981791794, 0.0325884595513, 0.137768909335, 0.21593016386, 0.123313143849, 0.128069117665, 0.201310008764, 0.116297140718, 0.031812723726, 0.0261396821588, 0.0285961795598, 0.188826292753, 0.330533355474, 0.181577339768, 0.0431024841964, 0.0340139493346, 0.0342544168234, 0.197443425655, 0.352773934603, 0.216510251164, 0.168245911598, 0.230653122067, 0.127858266234, 0.0482473373413, 0.0473078228533, 0.046501301229, 0.163856521249]}, "tuning_equal_tempered_deviation": 0.00359390326776, "chords_changes_rate": 0.0443775840104, "key_key": "B", "tuning_diatonic_strength": 0.458270430565, "key_scale": "minor", "chords_number_rate": 0.00338473101147, "tuning_frequency": 440.254241943, "tuning_nontempered_energy_ratio": 0.59795320034, "chords_histogram": [25.1222267151, 9.55246353149, 12.4858970642, 8.38661193848, 0.225648745894, 2.21887922287, 0, 1.99323058128, 0, 1.88040614128, 0, 0, 0, 0, 0, 0, 0.0752162486315, 0, 0.376081228256, 0, 0.601729989052, 0, 27.2658901215, 9.81572055817], "key_strength": 0.641550302505, "chords_key": "E", "chords_strength": {"dmean2": 0.00637238379568, "median": 0.467837274075, "min": 0.262783318758, "dvar2": 3.38378413289e-05, "dvar": 3.99071068387e-05, "dmean": 0.00839259196073, "max": 0.680612802505, "var": 0.00692483549938, "mean": 0.472817122936}, "chords_scale": "minor", "hpcp_entropy": {"dmean2": 0.797967255116, "median": 1.75221633911, "min": 0.0528628490865, "dvar2": 0.486189782619, "dvar": 0.173866927624, "dmean": 0.47513371706, "max": 3.94160532951, "var": 0.313294023275, "mean": 1.74472677708}}, "metadata": {"audio_properties": {"equal_loudness": 0, "codec": "mp3", "downmix": "mix", "sample_rate": 44100, "analysis_sample_rate": 44100, "bit_rate": 254044, "md5_encoded": "6c54b5594f76a15b8cfdad276642155e", "length": 123.428573608, "replay_gain": -11.5644226074, "lossless": false}, "version": {"essentia_build_sha": "70f2e5ece6736b2c40cc944ad0e695b16b925413", "essentia": "2.1-beta2", "extractor": "music 1.0", "essentia_git_sha": "v2.1_beta2"}, "tags": {"title": ["Merry Christmas Mr. Lawrence"], "language": ["eng"], "media": ["CD"], "albumartist": ["Various Artists"], "length": ["123386"], "musicbrainz_recordingid": ["19af077a-263b-4c57-8c98-28b2426d845a"], "musicbrainz_albumartistid": ["89ad4ac3-39f7-470e-963a-56509c546377"], "discnumber": ["1/1"], "bpm": ["0"], "catalognumber": ["ALNCDM001"], "musicbrainz album release country": ["GB"], "musicbrainz album type": ["compilation"], "musicbrainz album status": ["Official"], "file_name": "27. \u5742\u672c\u9f8d\u4e00 - Merry Christmas Mr. Lawrence.mp3", "originaldate": ["2010-08"], "acoustid_fingerprint": ["AQADtMqa5JtwsIc54rfRV0TzhBR4Cj4fPAGS-UG0ZYXX4zr8XKjD41R2_PjhHMll5Il8uA9u5Wi-iKhPfKTxfMjvQKeC9MSpHE90ofkVJGsUItqU42YakA2cD89xHk9-JEskHeGDHjy-SRmHPUf4fETyo0-Dw26CL8UvKniUUEFo6VDbGuEiHU22DOcZ4jv6wtOIRz2arbhJ3FmyDP3R6MWplMVDJOwf5FqwB0yco8SfGF6nLMHlgdfR_KicIUfy55iyLKxx6viPU8HTD7WPH_3RhMizHnocB-mcGLc2NB_KZ0dLpHvgVxDRqxvu5MO_BVuTsGihZWWG0yH4C26UlBlOPM1RHVr2FM8h_ehDmFUepO3RJy6uY7KT4UqO63h-3GhCJXvwhUe8heWgW0c65nj0EFfy4Rx6NNXx5ggTyht6R8OvI8xa9J8QJjyS3ccjHztc5QF9o5QagskTZsGpoz-aKseF5Ig2OcYzWuhj-Duuo3G_4ccvNBERNkic9UHzVUE_NDnRBw_Hw3vwD-Gh_cipfMZftI8QpklYQpEknQiTtNTBZxTRo_mDM3hyhEmSCJoehMcF5jLx60KkJ98iqClyO7hT-Ak-FVdWXAuHktmD5D_iPnCy7Th-ooe3Bocf5ehxKhNuURF8_I3x0kWYcEj2Ys9iCX3yFc3BB144EZey4Doa90EPHvrRTOqGOXhy4cnxfeiPNz-O5ke4QI_6IX0T3OijCM2z5ThOhAwfaCyPJg96hUaubNEQxjm-oFnYGYpJ42kCV0oZ8FGOpzlUeA9uEDr6DWF9PBd-HXcyNE3qot_wH9Ml3FOMbtGHL9uD_Eh44swo_MJPovEe9MdzOBJV5I-CfxbSNSR-Iq8McfOJXMIrTD_R_MMlwiu14FuMw1-OB8mP_JiYZcGJU5bga0TN42Fm4rh0wdKR3Mh_OI2e4B36bEGzZ3hwPUdeiC_yXbjYIHyM5iFzJNexRZGOT0wDUPmDlzhiRkgW5Uf9FD_I41Y0Zoh-6MuP3EHtFHZRUwkudrgSDt8e5DrURBfCxEef47hylIlz4rjQF-dmPLVSNF_Ql7jMIryGJMon_MfDD9QYXJTRg4lVJvhR-0fzCDuSH2H2FB-PZkyOx0TNHU2THt8l_KjEo-GROEqP0K_QXOgVoflxacuOJkqOPmhyhLmgKxdy5agTfgjTbREmPmgWdsEZQxc9uFkK1Toe-PiL5zj0EDWVI08ZPBd-PKmG68J542EINM-HJ8QzBWG3Qkpy5MRx5cFDH98y8Mrw7_iEpoqOSsLD4Q_6DHcWIs8XtKFy6IoUKvjRXEHlDD9RKo-wX-hmlGQ4YpQy-McfmPnxHCeP6_AzI6TSHCOVJB7xyQoa_UQffNGNinh2NGc6PF9wJfeQDz2avHjkCw-FTxfC9_iL08EPV9lRO4h_PBoFbQzhr0MqHncO_0FvhDru402gb3jR54M8R8OP_Oi0407RpD2uFTd-XOGEcpEebD1CnfiP89AT_GiXWUET_lgZGhql5NASPRTOoM_hLHzwJ2iu4sebnph8XDDjOPg0iN1xvrhEIY2k5GgTJh3O7MZ1NHmOkFJ2Yk8OfT9CMsvRnMaZF5-UD6FEHVp4XJmO7_hT_EOyJEUp45mPPh98wnUcFE-Kv0KVXB8Spp6E8McT4Vvw58V14hfODWF-VFRyPMuC6ocW5Md3CX2O5iLOoE8ahHmhiqZwK9eQXsd_VPqO5nuQP9B-hNmDLomJ5nlwKzHqj0Fz6XjwByFzQj_y48xxDn8Ca6cRPhJuQ_OFJtKPShkvNGchczmanEOf3cgzFuWVED-JjuLh6Hh44UdIFk2VQ88F38ER_mh-rGOKM9ERkjn84ELVJMdeXIuSI7wL63hwa8VffDGeR8GPm0FSTUcY6Xg_3MePin_hLRnaicKFHv5zfGbQfEXc6jicQ-_x_Qi5XGgkXE7hOEkcnKipHI11HLeYoBmrIbkyHikv3ILN5Kic46WON0X6fHhxCs3SISQfnNLRvwjzVDjpFc-VIE8WXLByXEniBG8YuMcRdoWWHeeRi3BzPMlx60aTHCEutMrxFKG34zp-_OgJ_zjh-biWhAjjZMcpK_hzaIq3owkf_DiuQ7849Md_VP6Iz4N4ZTiDnPCTfTgRH62SG1oiiTbC3UETJ8c1Hc2JPslxKbhQ5kgfHRpJE2GeEHWDvmgqqcjRpIe2HE9EkXBuFe8EzS0a70f8kWgmPUMbHnbCHN_hH39UieiNpnhcmA_OsMH_I4XOIPqOLlKO5sef45ge6WgePnh6tHuQ_kb4oQ_hPSL6RHmQZ0HPFNcIVRJ1hFGy487I42h2tBFzXDWaUSjl4Q2xo08sIT0F7Tn2Is3x2fh4-MdRc_CToPnx4wlx8UG77PAeofLxBY-O_kJ5nDjh40OeBL4F3RfC9EdFdXiDxrqCNkLXojp-PPBr_Cb6YwqVI2unHjvE_BGeksjlokfDB3_QJ2hCkUN3NMf6IZRzSMkk5siLiw_ql_B5ROIOXTmaL8bzDb4OTceDhlGKcrkk1N5wvDp6XD1Urcj1HQ2JzsePX3iG2keyPBXe5AhPNHqGC79QmZQQ5llwPIKWHBd_XMRxFGc6pN2IHzd-o-8Gfzhe9MKPwi-6XkOP5lqRQ1NzHnkuHD3RT0fDx8F59MmO5hXOI08UaEeoG9eyhMFtnEdj9PRx45-RH-fxHxcehD4AASoxAgggmAJMIKCQYY4xCQBSgBDgiBGCUEIoAQYBCA0yCghrLQGMEMCFQogIJjARCAGDEBACAAWEQcwAqADAhglBDCAIKWDAEAoQAZgwTgkCEGDEIACdM0oQYIgAwRgEGCEMCAIAMoogKo1CRACHgAPECY8AUEARxDghAEElmEMGECEkMQ4RZowAVAgDiCYGKSgtEoAIAQxCyjEABDSCI6iYQAABR4wQRAjMoASCIKKYkAQCZYAwJBhAFDCCUEAUFc44ChyADiRDHGIGIOIIEYAAoBwwRCJAALIGKAAQo4QZAoChygTBmJCAIMMUIEYSQZBARBiiACUKQAYIwEQII6ETikEAjBKCSAcRIAgLgUyBgCIAADQIACKMEQhCJAAwjAoDjDTAGYeMBAAgAoBRFlEkHACCEQYogUYpgxxDoBgEjGFAIQDMQUgJyxQARgKEBQAMACAJE0goQaQABBmiGAHAEKIEYgIYQ4yVQghkhABCAoWIMIwggACyWAGBDFDOgaGQIqQSBBwUwABmEAOAACacUQgKAIByhDHADAFMGEaEEgYABIAAACFCEFIAIWAAUMYIIAgjBgCCmHHAGCGQYoQIg5jgAhAEjCJIAEWAEYAAAARTiBCgAIEQEACYIQgIAggQCggAjKBCEYuAYEABRygyVgAlHSAAMsGAJYQIRIADgIBACAJACQQcEIIwoFwihBAnBFECmGoEIEAQghRSCBjqHDCEAUA8cVQwJAkUCiAmEEBEAATAUEgBQSACACimQBDEECMQAABhsBAAVhFJEAQEGAEQMAAAhhQBRgBCAAQGSICAAEASIwhRQAAsFCIAsCEUwgIAxpEADlACAKOCAgMFdU4gIBwUJCkBAKFAOiMBElAxAYoAQjrkgEHIOIQAAEYQBQBAxlDEnCBIGAIIQ0B6gIAQBEQCQDMKACQAUwwIIgRZGCkgMDACKEAxUYAwABRiTBnBgBDCAqCY0EQIxhQ"], "date": ["2010-08"], "genre": ["Ambient, Electronic, Electronica"], "album": ["LateNightTales: At the Movies"], "musicbrainz_artistid": ["a7f7df4a-77d8-4f12-8acd-5c60c93f4de8"], "asin": ["B003TLUDEA"], "musicbrainz_albumid": ["df2d7de7-40bc-49b1-b1ac-8bddc5749fae"], "artist": ["\u5742\u672c\u9f8d\u4e00"], "artistsort": ["Sakamoto, Ryuichi"], "tracknumber": ["27/39"], "label": ["LateNightTales"], "albumartistsort": ["Various Artists"], "acoustid_id": ["44fb8aa9-e7c9-4b77-a13b-366280bb1b4d"], "script": ["Latn"], "musicbrainz_releasegroupid": ["05b64bf1-f479-4789-bfec-a7c267ddfad5"]}}, "rhythm": {"bpm_histogram_first_peak_bpm": {"dmean2": 0, "median": 105, "min": 105, "dvar2": 0, "dvar": 0, "dmean": 0, "max": 105, "var": 0, "mean": 105}, "bpm": 105.200042725, "bpm_histogram_second_peak_spread": {"dmean2": 0, "median": 0.235294103622, "min": 0.235294103622, "dvar2": 0, "dvar": 0, "dmean": 0, "max": 0.235294103622, "var": 0, "mean": 0.235294103622}, "bpm_histogram_first_peak_weight": {"dmean2": 0, "median": 0.530805706978, "min": 0.530805706978, "dvar2": 0, "dvar": 0, "dmean": 0, "max": 0.530805706978, "var": 0, "mean": 0.530805706978}, "onset_rate": 2.17093896866, "beats_position": [0.603718817234, 1.18421769142, 1.75310659409, 2.32199549675, 2.89088439941, 3.45977306366, 4.04027223587, 4.62077093124, 5.17804956436, 5.75854873657, 6.32743740082, 6.8963265419, 7.46521520615, 8.03410434723, 8.6146030426, 9.17188167572, 9.74077033997, 10.3096599579, 10.8785486221, 11.4474372864, 12.0279359818, 12.5852155685, 13.1541042328, 13.722992897, 14.3034915924, 14.8723802567, 15.4412698746, 16.0101585388, 16.5790481567, 17.1595458984, 17.7284355164, 18.2973232269, 18.8546028137, 19.4351024628, 20.0039901733, 20.5728797913, 21.1417675018, 21.7106571198, 22.2911567688, 22.8600444794, 23.4289340973, 23.9978218079, 24.5783214569, 25.1472110748, 25.7044887543, 26.2849884033, 26.8422679901, 27.4111557007, 27.9800453186, 28.5605430603, 29.1294326782, 29.6983222961, 30.2555999756, 30.8360996246, 31.4049873352, 31.9738769531, 32.5543746948, 33.111656189, 33.6805419922, 34.2494316101, 34.8299331665, 35.4104309082, 35.9677085876, 36.5365982056, 37.1054878235, 37.6743774414, 38.2432632446, 38.8121528625, 39.3810424805, 39.9499320984, 40.5188217163, 41.099319458, 41.6682090759, 42.2370948792, 42.8175964355, 43.374874115, 43.9553718567, 44.5126533508, 45.0931510925, 45.6620407104, 46.2309303284, 46.7998161316, 47.380317688, 47.9492073059, 48.5064849854, 49.0753746033, 49.6442604065, 50.2131500244, 50.7820396423, 51.362537384, 51.931427002, 52.5003166199, 53.0692062378, 53.6380958557, 54.2185935974, 54.7874832153, 55.3563690186, 55.9252586365, 56.4941482544, 57.0630378723, 57.6319274902, 58.2008171082, 58.7697029114, 59.3269844055, 59.9074821472, 60.4879798889, 61.0684814453, 61.6373672485, 62.2178688049, 62.7867546082, 63.3440361023, 63.9013137817, 64.470199585, 65.0390930176, 65.6079788208, 66.1768722534, 66.7573699951, 67.3262557983, 67.895149231, 68.4640350342, 69.0329208374, 69.60181427, 70.1707000732, 70.7395935059, 71.3084793091, 71.8773651123, 72.4462585449, 73.0267562866, 73.5840377808, 74.1645355225, 74.7334213257, 75.3023147583, 75.8828125, 76.4400863647, 77.0089797974, 77.5778656006, 78.1583633423, 78.7156448364, 79.2961425781, 79.8766403198, 80.433921814, 81.0144195557, 81.5717010498, 82.1521987915, 82.7094802856, 83.2899780273, 83.8588638306, 84.4277572632, 85.0082550049, 85.5655288696, 86.1344223022, 86.7033081055, 87.2838058472, 87.8526992798, 88.421585083, 89.0020828247, 89.5593643188, 90.1398620605, 90.7087478638, 91.2776412964, 91.8349151611, 92.4154205322, 92.9843063354, 93.5531921387, 94.1104736328, 94.6793670654, 95.2482528687, 95.8287506104, 96.4092483521, 96.9665298462, 97.5470275879, 98.104309082, 98.6848068237, 99.253692627, 99.8225860596, 100.391471863, 100.960357666, 101.529251099, 102.098136902, 102.667030334, 103.235916138, 103.804801941, 104.373695374, 104.954193115, 105.511474609, 106.091972351, 106.672470093, 107.229751587, 107.79863739, 108.367523193, 108.936416626, 109.505302429, 110.097412109, 110.677909851, 111.270019531, 111.943397522, 112.616775513, 113.290153503, 113.963539124, 114.636917114, 115.310295105, 115.983673096, 116.657051086, 117.330429077, 118.015419006, 118.700408936, 119.385391235, 120.070381165, 120.720542908, 121.370697021, 122.020858765, 122.671020508], "beats_loudness": {"dmean2": 0.0367089696229, "median": 0.0432659313083, "min": 0.00191335438285, "dvar2": 0.000878524617292, "dvar": 0.000340412661899, "dmean": 0.0238653253764, "max": 0.150702804327, "var": 0.00064724101685, "mean": 0.0441641435027}, "danceability": 1.10459017754, "bpm_histogram_second_peak_weight": {"dmean2": 0, "median": 0.0616113767028, "min": 0.0616113767028, "dvar2": 0, "dvar": 0, "dmean": 0, "max": 0.0616113767028, "var": 0, "mean": 0.0616113767028}, "beats_count": 212, "bpm_histogram_second_peak_bpm": {"dmean2": 0, "median": 89, "min": 89, "dvar2": 0, "dvar": 0, "dmean": 0, "max": 89, "var": 0, "mean": 89}, "bpm_histogram_first_peak_spread": {"dmean2": 0, "median": 0.42268037796, "min": 0.42268037796, "dvar2": 0, "dvar": 0, "dmean": 0, "max": 0.42268037796, "var": 0, "mean": 0.42268037796}, "beats_loudness_band_ratio": {"dmean2": [0.587515711784, 0.115357510746, 0.321721494198, 0.231246650219, 0.165733203292, 0.0695153847337], "median": [0.359830588102, 0.0351501107216, 0.210866600275, 0.0806302577257, 0.0248236972839, 0.0309950895607], "min": [0.00198482209817, 0.000167963240528, 0.000939043588005, 0.000145472760778, 4.81042116007e-05, 3.16569967254e-05], "dvar2": [0.0857309550047, 0.0280843116343, 0.0750529170036, 0.0480663068593, 0.0311312582344, 0.0061915111728], "dvar": [0.0926217734814, 0.010909916833, 0.0313989780843, 0.0198201257735, 0.0125421630219, 0.00281809992157], "dmean": [0.333527356386, 0.0656445771456, 0.187962561846, 0.139615997672, 0.0957400277257, 0.042546659708], "max": [0.998481810093, 0.755001664162, 0.902085781097, 0.75336432457, 0.529467344284, 0.347240626812], "var": [0.115167438984, 0.0261998064816, 0.0325744487345, 0.0193292740732, 0.0100632384419, 0.00360511383042], "mean": [0.419524908066, 0.0990712121129, 0.250640004873, 0.135463446379, 0.0752264559269, 0.0500023402274]}}, "lowlevel": {"barkbands_spread": {"dmean2": 5.46741485596, "median": 13.2410669327, "min": 0.115927472711, "dvar2": 53.3205032349, "dvar": 20.5037498474, "dmean": 3.41669750214, "max": 52.0222244263, "var": 42.7132568359, "mean": 14.2108688354}, "melbands_spread": {"dmean2": 8.12572574615, "median": 16.7153301239, "min": 0.277808427811, "dvar2": 147.40020752, "dvar": 54.7954101562, "dmean": 5.01368618011, "max": 99.2344360352, "var": 99.0905914307, "mean": 18.4683074951}, "hfc": {"dmean2": 8.97380161285, "median": 14.8791236877, "min": 1.14066068591e-07, "dvar2": 534.226379395, "dvar": 208.706619263, "dmean": 5.84091234207, "max": 185.225875854, "var": 308.100189209, "mean": 18.495092392}, "barkbands_kurtosis": {"dmean2": 4.23160076141, "median": 1.64773035049, "min": -1.73252522945, "dvar2": 416.728088379, "dvar": 231.633911133, "dmean": 2.76852917671, "max": 812.645385742, "var": 374.919067383, "mean": 3.9141998291}, "gfcc": {"mean": [-43.4774589539, 128.109832764, -157.184814453, 21.8235702515, -68.2941055298, -2.11277723312, -22.5509471893, 10.4357881546, -12.6110601425, 4.08678770065, -2.52764177322, -17.0954036713, -10.6169652939], "icov": [[0.000526004703715, -0.000307112233713, 0.000530154269654, -0.000897565390915, 0.000881539541297, -0.00112763268407, 0.000917122175451, -0.00125759351067, 0.000612911477219, -0.000118641110021, 0.000787745288108, 0.000260410219198, -0.000437463371782], [-0.000307112233713, 0.0055436338298, -0.00305430800654, 0.000982588622719, -0.00282103032805, 0.00364440656267, -0.0015736843925, 0.00456440448761, -0.00479546934366, 0.00537682091817, -0.00335557386279, 0.00123854458798, -0.000963868049439], [0.000530154269654, -0.00305430800654, 0.00425956165418, -0.00193644035608, 0.00106784002855, -0.00359205086716, 0.00248211249709, -0.00337654165924, 0.00335560878739, -0.00208718609065, 0.00263710366562, -0.00330386729911, 0.00055137363961], [-0.000897565390915, 0.000982588622719, -0.00193644035608, 0.00646919431165, -0.00324783218093, 0.00217375787906, -0.00277835479937, 0.00179817911703, -0.00225712219253, -1.66548470588e-05, -0.000456792389741, -0.000746851670556, -0.00100485270377], [0.000881539541297, -0.00282103032805, 0.00106784002855, -0.00324783218093, 0.0106077725068, -0.00578209292144, -2.10921898542e-05, -0.00213059480302, 0.0012299871305, -0.00092385156313, 0.000386782339774, 0.00387806701474, 0.00324757350609], [-0.00112763268407, 0.00364440656267, -0.00359205086716, 0.00217375787906, -0.00578209292144, 0.0139836380258, -0.00333260628395, 0.00392570206895, -0.00453141145408, 0.0041086692363, 0.000598111422732, -0.00193462520838, 0.000743929762393], [0.000917122175451, -0.0015736843925, 0.00248211249709, -0.00277835479937, -2.10921898542e-05, -0.00333260628395, 0.010624775663, -0.00643080892041, 0.000698353571352, -0.00187661452219, 0.00237120292149, 0.00205403240398, -0.00336062908173], [-0.00125759351067, 0.00456440448761, -0.00337654165924, 0.00179817911703, -0.00213059480302, 0.00392570206895, -0.00643080892041, 0.0137200998142, -0.00417670002207, 0.00262442301027, -0.00379652739502, -0.000188654943486, 0.00330118392594], [0.000612911477219, -0.00479546934366, 0.00335560878739, -0.00225712219253, 0.0012299871305, -0.00453141145408, 0.000698353571352, -0.00417670002207, 0.015875345096, -0.00683662761003, -0.000187674537301, -0.00191112514585, 0.0028927391395], [-0.000118641110021, 0.00537682091817, -0.00208718609065, -1.66548470588e-05, -0.00092385156313, 0.0041086692363, -0.00187661452219, 0.00262442301027, -0.00683662761003, 0.0163318924606, -0.00756087014452, 0.000444208591944, 0.00106805947144], [0.000787745288108, -0.00335557386279, 0.00263710366562, -0.000456792389741, 0.000386782339774, 0.000598111422732, 0.00237120292149, -0.00379652739502, -0.000187674537301, -0.00756087014452, 0.0136860832572, -0.00280657038093, -0.00118689588271], [0.000260410219198, 0.00123854458798, -0.00330386729911, -0.000746851670556, 0.00387806701474, -0.00193462520838, 0.00205403240398, -0.000188654943486, -0.00191112514585, 0.000444208591944, -0.00280657038093, 0.0156917572021, -0.00512416753918], [-0.000437463371782, -0.000963868049439, 0.00055137363961, -0.00100485270377, 0.00324757350609, 0.000743929762393, -0.00336062908173, 0.00330118392594, 0.0028927391395, 0.00106805947144, -0.00118689588271, -0.00512416753918, 0.014936523512]], "cov": [[5311.35351562, -598.72088623, 243.237564087, 383.35333252, -318.363983154, 364.40423584, -108.893890381, 252.654067993, -341.409576416, -303.495483398, -540.530029297, 99.7445678711, 183.553970337], [-598.72088623, 752.029052734, 355.437133789, 55.7178268433, 171.14680481, 6.74151945114, -35.5577278137, -160.295791626, 77.0273284912, -125.023880005, 45.069190979, 14.9586687088, 14.2366809845], [243.237564087, 355.437133789, 954.350952148, 170.78843689, 51.4125862122, 198.116348267, -113.813049316, -33.113822937, -90.1424026489, -165.584152222, -155.393844604, 184.537033081, 47.2446174622], [383.35333252, 55.7178268433, 170.78843689, 297.788482666, 93.4561767578, 72.4145355225, 65.2744598389, 40.0774116516, 21.8110637665, -16.7960948944, -42.2850036621, 15.8111686707, 9.4957075119], [-318.363983154, 171.14680481, 51.4125862122, 93.4561767578, 284.119293213, 79.2282562256, 83.525604248, 18.3474407196, 69.1040725708, -10.9899177551, 3.09714627266, -82.795425415, -85.6289978027], [364.40423584, 6.74151945114, 198.116348267, 72.4145355225, 79.2282562256, 193.835632324, 18.4485034943, 18.8029499054, -19.4688949585, -74.741569519, -102.460441589, 18.5769748688, -10.8729009628], [-108.893890381, -35.5577278137, -113.813049316, 65.2744598389, 83.525604248, 18.4485034943, 204.666015625, 85.8140716553, 52.2992210388, 37.8212089539, 14.4706535339, -59.3138160706, -20.9197807312], [252.654067993, -160.295791626, -33.113822937, 40.0774116516, 18.3474407196, 18.8029499054, 85.8140716553, 184.774200439, 27.8290805817, 44.8965950012, 7.13295888901, -17.3238964081, -39.4578552246], [-341.409576416, 77.0273284912, -90.1424026489, 21.8110637665, 69.1040725708, -19.4688949585, 52.2992210388, 27.8290805817, 158.651000977, 84.5676956177, 93.6890640259, -25.979511261, -46.9133338928], [-303.495483398, -125.023880005, -165.584152222, -16.7960948944, -10.9899177551, -74.741569519, 37.8212089539, 44.8965950012, 84.5676956177, 192.010467529, 129.204025269, -14.1330623627, -31.9651813507], [-540.530029297, 45.069190979, -155.393844604, -42.2850036621, 3.09714627266, -102.460441589, 14.4706535339, 7.13295888901, 93.6890640259, 129.204025269, 218.481262207, -2.53099179268, -14.8129053116], [99.7445678711, 14.9586687088, 184.537033081, 15.8111686707, -82.795425415, 18.5769748688, -59.3138160706, -17.3238964081, -25.979511261, -14.1330623627, -2.53099179268, 147.930206299, 62.2886390686], [183.553970337, 14.2366809845, 47.2446174622, 9.4957075119, -85.6289978027, -10.8729009628, -20.9197807312, -39.4578552246, -46.9133338928, -31.9651813507, -14.8129053116, 62.2886390686, 126.876022339]]}, "spectral_energyband_middle_low": {"dmean2": 0.00440108729526, "median": 0.0119852190837, "min": 3.62632927159e-12, "dvar2": 2.63039692072e-05, "dvar": 1.08337535494e-05, "dmean": 0.00292968098074, "max": 0.0504194572568, "var": 7.46329096728e-05, "mean": 0.0129765812308}, "melbands_crest": {"dmean2": 4.87874269485, "median": 12.444144249, "min": 3.41257381439, "dvar2": 23.8824577332, "dvar": 9.31522464752, "dmean": 3.01653981209, "max": 29.7286815643, "var": 24.4948272705, "mean": 13.4038171768}, "spectral_kurtosis": {"dmean2": 4.98704624176, "median": 5.47284030914, "min": 0.663408994675, "dvar2": 22.1462554932, "dvar": 7.52580308914, "dmean": 2.8298561573, "max": 30.4989013672, "var": 14.004981041, "mean": 6.26721048355}, "spectral_rms": {"dmean2": 0.000991819077171, "median": 0.00463346578181, "min": 1.44107062283e-07, "dvar2": 1.94043263946e-06, "dvar": 9.11106951662e-07, "dmean": 0.000671766407322, "max": 0.0141265466809, "var": 3.29698286805e-06, "mean": 0.00454440619797}, "zerocrossingrate": {"dmean2": 0.00776031846181, "median": 0.04443359375, "min": 0.0029296875, "dvar2": 7.60640177759e-05, "dvar": 6.02865147812e-05, "dmean": 0.0061167422682, "max": 0.44189453125, "var": 0.000367874570657, "mean": 0.0472294799984}, "silence_rate_60dB": {"dmean2": 0.029350893572, "median": 0, "min": 0, "dvar2": 0.0299950893968, "dvar": 0.0144562674686, "dmean": 0.0146726863459, "max": 1, "var": 0.0681256651878, "mean": 0.0735377073288}, "erbbands_kurtosis": {"dmean2": 1.65685045719, "median": 0.058091878891, "min": -1.86852645874, "dvar2": 11.6873216629, "dvar": 4.47001552582, "dmean": 1.04130673409, "max": 68.6364822388, "var": 6.93811178207, "mean": 0.703297257423}, "erbbands": {"dmean2": [0.044978260994, 0.995924413204, 4.61735630035, 3.15815973282, 2.37064909935, 3.6126730442, 4.51533746719, 12.3654003143, 13.6732292175, 20.7579193115, 28.4905452728, 40.2126693726, 38.2974586487, 27.4874210358, 18.7328624725, 15.0231876373, 23.3789901733, 139.330780029, 39.6781768799, 10.943157196, 11.8876333237, 11.8382759094, 9.47111988068, 11.672753334, 22.0360603333, 21.375459671, 6.70365953445, 3.35171604156, 2.1302857399, 1.37693583965, 0.481527119875, 0.358678340912, 0.22783318162, 0.121359080076, 0.0532439537346, 0.0132301393896, 0.00254266476259, 0.000214739891817, 1.49889110617e-05, 1.36940680022e-05], "median": [0.00581861333922, 0.107900172472, 0.772575855255, 0.798616886139, 0.622877240181, 1.44837248325, 3.49274373055, 7.19183254242, 11.5897893906, 25.4921703339, 35.4238395691, 40.3826332092, 24.6247119904, 10.3021011353, 10.3586778641, 9.99643421173, 10.6544151306, 17.412984848, 10.8098220825, 5.43429756165, 5.37637519836, 6.36157751083, 5.44938325882, 7.26204252243, 11.4794139862, 4.95497179031, 2.09735178947, 1.11207473278, 0.581767618656, 0.31500607729, 0.209230288863, 0.11785979569, 0.0597369857132, 0.025025267154, 0.00890370551497, 0.00171498267446, 0.000255975144682, 2.68425483227e-05, 1.39305930134e-05, 2.64514765149e-05], "min": [2.31043548009e-12, 1.70174169895e-11, 3.72405925542e-11, 1.78088960245e-10, 7.90031207121e-10, 1.62949875815e-09, 1.81846893099e-09, 9.86728254659e-10, 2.25816743082e-09, 9.81877157358e-09, 1.64408895387e-08, 4.28249862239e-08, 4.05309030782e-08, 5.29540855609e-08, 3.31231149175e-08, 3.2677085926e-08, 5.79942707191e-08, 7.89695704384e-08, 3.77210973568e-08, 1.4244973201e-08, 2.49611140646e-08, 6.16341822024e-08, 2.50140530511e-08, 2.34142802924e-08, 7.9110705542e-08, 7.03227840404e-08, 1.05718918064e-08, 1.84458563979e-08, 2.0219449226e-08, 1.35114142097e-08, 1.58742885503e-08, 1.1426786628e-08, 1.57135122691e-08, 1.79401222766e-08, 6.61989885131e-09, 7.12689551818e-09, 3.40670180954e-09, 9.92060211757e-10, 2.56434457002e-10, 1.91300222191e-11], "dvar2": [0.0175553895533, 8.93133068085, 182.300476074, 36.828414917, 41.0329971313, 79.8035888672, 64.2946472168, 910.641662598, 594.359558105, 804.70904541, 1747.48791504, 4253.72167969, 5720.57373047, 4535.66748047, 1232.85888672, 924.541015625, 2047.73156738, 399391.5625, 19099.9492188, 633.743530273, 645.45904541, 499.678070068, 303.283813477, 1005.42523193, 3169.41333008, 5743.39599609, 637.512084961, 121.872802734, 53.821144104, 94.2860107422, 1.56292808056, 1.21060407162, 0.525258004665, 0.168413490057, 0.036642126739, 0.00207227095962, 9.02919273358e-05, 1.42882254295e-06, 2.27835617039e-09, 6.25446694436e-10], "dvar": [0.00800263043493, 4.46441078186, 70.3298034668, 14.2219200134, 14.0046157837, 26.7589149475, 30.0426654816, 272.346984863, 256.318115234, 472.219940186, 813.841674805, 2344.41748047, 2595.52368164, 2372.50561523, 636.782836914, 439.597015381, 797.833435059, 140807.625, 6866.40771484, 219.05960083, 231.672332764, 211.232711792, 133.389038086, 505.902557373, 1547.2355957, 2606.02392578, 271.993255615, 51.6835899353, 21.4007282257, 36.9014587402, 0.633128583431, 0.451429486275, 0.197209924459, 0.0622164569795, 0.0133221484721, 0.000748875376303, 3.24342981912e-05, 4.95798815336e-07, 8.44274483658e-10, 2.67843580648e-10], "dmean": [0.0301354136318, 0.660647213459, 2.7974896431, 1.88953256607, 1.41412866116, 2.21894717216, 3.16750025749, 7.72168779373, 9.30225563049, 15.5064077377, 19.5669670105, 29.4581279755, 25.754655838, 19.3703098297, 12.9977912903, 9.77337169647, 14.2651605606, 77.717300415, 22.692697525, 6.49184370041, 6.98082590103, 7.10787916183, 5.75404310226, 7.62752914429, 15.3341560364, 14.0928258896, 4.17797279358, 2.0676984787, 1.28208327293, 0.859134972095, 0.294306665659, 0.210842370987, 0.13280531764, 0.0702017247677, 0.029959609732, 0.00735228089616, 0.00141620112117, 0.000120034485008, 9.29495581659e-06, 9.13911571843e-06], "max": [1.02758347988, 26.9892787933, 129.571136475, 72.3886642456, 65.2768859863, 85.4152679443, 141.120330811, 242.622512817, 444.361297607, 498.480712891, 566.585998535, 1099.93249512, 972.634887695, 1147.89819336, 436.770812988, 493.81350708, 431.304199219, 4847.31347656, 1228.44641113, 339.46472168, 332.423828125, 321.895233154, 219.942260742, 613.642456055, 811.905395508, 876.605102539, 407.432525635, 171.470779419, 127.221427917, 254.641647339, 15.3745174408, 9.03388309479, 8.6284532547, 3.12034511566, 1.67087471485, 0.419731497765, 0.0938411653042, 0.0208884496242, 0.000638556957711, 0.000223133873078], "var": [0.0129654966295, 6.3510260582, 60.992313385, 29.5665206909, 27.8859386444, 82.7332687378, 197.345611572, 742.822509766, 1723.85290527, 3344.99487305, 3010.87744141, 15509.2763672, 8175.16064453, 9242.67871094, 1742.97314453, 1306.36828613, 1220.15808105, 92016.796875, 5450.33496094, 319.057312012, 359.272521973, 385.273651123, 236.332336426, 1024.54162598, 3201.90283203, 3829.54077148, 409.895385742, 81.2293701172, 22.6017723083, 38.9637870789, 0.711816191673, 0.374759435654, 0.163352504373, 0.0440934933722, 0.00873319618404, 0.000499090121593, 2.23953502427e-05, 3.3034720559e-07, 1.18826559703e-09, 5.09216668831e-10], "mean": [0.0412550605834, 0.833525657654, 3.04480481148, 2.78229022026, 2.54343700409, 4.81595516205, 8.78920841217, 18.2866973877, 26.038602829, 46.3840789795, 52.270401001, 94.0760498047, 58.5250968933, 43.4063720703, 24.2978820801, 19.3376998901, 23.0776252747, 71.6237792969, 28.2623252869, 10.7647657394, 11.6378622055, 12.4879350662, 10.3147506714, 14.9423589706, 33.5934486389, 22.4373722076, 6.80417251587, 3.34856724739, 1.69575846195, 1.19516849518, 0.470033884048, 0.286215156317, 0.172258794308, 0.0779669135809, 0.0309436358511, 0.00828970130533, 0.0016641082475, 0.000164152996149, 2.33418486459e-05, 2.9471644666e-05]}, "spectral_strongpeak": {"dmean2": 1.07912576199, "median": 1.11705625057, "min": 1.25191018014e-05, "dvar2": 3.18685770035, "dvar": 1.16777563095, "dmean": 0.638071596622, "max": 12.3767518997, "var": 1.73847258091, "mean": 1.48825860023}, "spectral_energy": {"dmean2": 0.0118398955092, "median": 0.0220057312399, "min": 2.1286018087e-11, "dvar2": 0.000472182233352, "dvar": 0.000202012379305, "dmean": 0.00774286221713, "max": 0.204548314214, "var": 0.000362933933502, "mean": 0.0245474167168}, "average_loudness": 0.918375909328, "spectral_rolloff": {"dmean2": 617.838684082, "median": 990.52734375, "min": 64.599609375, "dvar2": 954629.9375, "dvar": 402498.5, "dmean": 352.272277832, "max": 13092.1875, "var": 761066.125, "mean": 1266.52197266}, "spectral_centroid": {"dmean2": 306.876373291, "median": 1175.72851562, "min": 99.4140853882, "dvar2": 181785.390625, "dvar": 73769.625, "dmean": 195.983337402, "max": 3675.63989258, "var": 352481.4375, "mean": 1273.82800293}, "pitch_salience": {"dmean2": 0.101698853076, "median": 0.529826700687, "min": 0.0440261363983, "dvar2": 0.0112305711955, "dvar": 0.00481430767104, "dmean": 0.0631009340286, "max": 0.916983604431, "var": 0.0136523228139, "mean": 0.516168057919}, "spectral_energyband_middle_high": {"dmean2": 0.00431495066732, "median": 0.00358684011735, "min": 1.0107901495e-11, "dvar2": 0.000178815520485, "dvar": 6.55590774841e-05, "dmean": 0.00265630404465, "max": 0.107633315027, "var": 6.66428677505e-05, "mean": 0.00573349744081}, "spectral_contrast_coeffs": {"dmean2": [0.0790512338281, 0.0602454729378, 0.0592453218997, 0.0548515953124, 0.0377025716007, 0.0281403027475], "median": [-0.638121128082, -0.69355237484, -0.690836846828, -0.754008173943, -0.755520939827, -0.731871366501], "min": [-0.923997223377, -0.964346706867, -0.932515799999, -0.938924252987, -0.913758277893, -0.921315014362], "dvar2": [0.00385530316271, 0.00245875492692, 0.00243364344351, 0.00201553665102, 0.00117581675295, 0.000982309808023], "dvar": [0.00146821211092, 0.000932923983783, 0.000988785875961, 0.000744157820009, 0.000491169339512, 0.000422192475526], "dmean": [0.0483482405543, 0.0378218591213, 0.0373823717237, 0.032681055367, 0.0231768898666, 0.0174123942852], "max": [-0.318918049335, -0.440843999386, -0.397051542997, -0.550389707088, -0.581583678722, -0.524760961533], "var": [0.00796461384743, 0.00435386225581, 0.00616737175733, 0.00235484074801, 0.00279652443714, 0.00196391576901], "mean": [-0.639651358128, -0.691624104977, -0.68845719099, -0.750219523907, -0.751678049564, -0.731630563736]}, "melbands_skewness": {"dmean2": 0.885197222233, "median": 1.58907711506, "min": -2.63807988167, "dvar2": 1.04379045963, "dvar": 0.451170325279, "dmean": 0.561851561069, "max": 12.0334177017, "var": 1.1700066328, "mean": 1.78190052509}, "spectral_spread": {"dmean2": 413268.15625, "median": 3003433, "min": 1742793.375, "dvar2": 257023016960, "dvar": 104246009856, "dmean": 242898.8125, "max": 12116343, "var": 323268575232, "mean": 3025440.5}, "dissonance": {"dmean2": 0.0324221141636, "median": 0.458519637585, "min": 0.259775817394, "dvar2": 0.000830842123833, "dvar": 0.000317658879794, "dmean": 0.0196532774717, "max": 0.499974668026, "var": 0.000816497311462, "mean": 0.453543394804}, "spectral_skewness": {"dmean2": 0.518926858902, "median": 1.54026782513, "min": 0.285166978836, "dvar2": 0.234648495913, "dvar": 0.0863457247615, "dmean": 0.303719878197, "max": 4.25485754013, "var": 0.285212725401, "mean": 1.61088621616}, "spectral_flux": {"dmean2": 0.0349048152566, "median": 0.0578043870628, "min": 0.000925032538362, "dvar2": 0.00257649552077, "dvar": 0.00112058012746, "dmean": 0.0217634681612, "max": 0.377508699894, "var": 0.00203984370455, "mean": 0.0673015415668}, "spectral_contrast_valleys": {"dmean2": [0.643624603748, 0.44037565589, 0.463664859533, 0.422116488218, 0.394511461258, 0.344660431147], "median": [-7.93241691589, -6.47011709213, -7.35792303085, -7.78080415726, -7.79322910309, -11.1639041901], "min": [-14.9186010361, -16.1619358063, -16.3305740356, -16.6768703461, -16.7273921967, -18.421957016], "dvar2": [0.285831272602, 0.146265029907, 0.178729146719, 0.192252010107, 0.323895990849, 0.391279757023], "dvar": [0.126079931855, 0.0704519674182, 0.0830813646317, 0.0967414006591, 0.148668557405, 0.174678340554], "dmean": [0.39696392417, 0.27434784174, 0.288986682892, 0.260847896338, 0.249640464783, 0.224179074168], "max": [-5.62967014313, -4.88191223145, -5.61489534378, -5.86417722702, -5.8458147049, -8.80267524719], "var": [0.917968869209, 0.5865406394, 0.583901703358, 0.483212649822, 0.626232087612, 0.883135318756], "mean": [-8.07151508331, -6.57057332993, -7.51449871063, -7.8990445137, -7.92955255508, -11.2956161499]}, "erbbands_flatness_db": {"dmean2": 0.0250773392618, "median": 0.220751956105, "min": 0.0973665639758, "dvar2": 0.000873130920809, "dvar": 0.000350732210791, "dmean": 0.01607542485, "max": 0.380392432213, "var": 0.00222367607057, "mean": 0.229666054249}, "spectral_energyband_high": {"dmean2": 0.000317256723065, "median": 0.000123697565868, "min": 6.8589313916e-12, "dvar2": 1.00177373952e-06, "dvar": 4.26560063715e-07, "dmean": 0.000206315380638, "max": 0.0195717159659, "var": 5.97061784902e-07, "mean": 0.000349139241735}, "spectral_entropy": {"dmean2": 0.23562386632, "median": 7.15370321274, "min": 4.89364624023, "dvar2": 0.111415654421, "dvar": 0.0461062081158, "dmean": 0.147726714611, "max": 8.25445365906, "var": 0.11119068414, "mean": 7.11740732193}, "silence_rate_20dB": {"dmean2": 0, "median": 1, "min": 1, "dvar2": 0, "dvar": 0, "dmean": 0, "max": 1, "var": 0, "mean": 1}, "melbands_flatness_db": {"dmean2": 0.0380343943834, "median": 0.222577095032, "min": 0.0431577302516, "dvar2": 0.00289899273776, "dvar": 0.00122916535474, "dmean": 0.0241670478135, "max": 0.658391416073, "var": 0.00322164897807, "mean": 0.227115064859}, "barkbands": {"dmean2": [2.96637790598e-05, 0.00345517485403, 0.00410679727793, 0.000762751791626, 0.000930059235543, 0.00126157852355, 0.000978511874564, 0.00130882358644, 0.0019737042021, 0.000902117113583, 0.000504627882037, 0.000399033131544, 0.000456766836578, 0.00267135747708, 0.000320716091665, 0.000182838062756, 0.000269381038379, 0.000164428609423, 0.000380901154131, 0.000359739555279, 0.000135909955134, 6.34774696664e-05, 1.66140744113e-05, 1.50495779963e-05, 8.45217800816e-06, 1.75516140644e-06, 6.2340532736e-08], "median": [3.6483193071e-06, 0.000352719682269, 0.000696620671079, 0.000132977686008, 0.000533482409082, 0.000805996300187, 0.00106223556213, 0.00116711494047, 0.00204113172367, 0.000269608484814, 0.000130385917146, 0.000204687516089, 0.000201314192964, 0.00033255116432, 0.000129382562591, 7.63278148952e-05, 0.000111994500912, 8.98303405847e-05, 0.000242115187575, 8.25690440251e-05, 3.43197607435e-05, 1.52038337546e-05, 7.33651995688e-06, 4.50074867331e-06, 1.6888815253e-06, 1.95571359995e-07, 3.39768413404e-09], "min": [7.10634892945e-14, 7.6589701649e-14, 2.45968288191e-14, 1.06454640025e-13, 4.67256604502e-13, 1.06920548804e-13, 2.33780930812e-13, 7.3071480507e-13, 1.66642079909e-12, 1.35354986767e-12, 1.13322524108e-12, 7.78254901929e-13, 1.13940313348e-12, 1.73264039834e-12, 1.4337774132e-13, 4.38214216433e-13, 1.09650483138e-12, 4.41971193801e-13, 9.72676041273e-13, 1.37117769396e-12, 2.73234099192e-13, 6.32279114048e-13, 4.53727956899e-13, 7.04195870452e-13, 1.21863380931e-12, 1.83684187652e-12, 1.53223668562e-12], "dvar2": [6.42422026687e-09, 0.000106942483399, 0.000123348872876, 3.24274742525e-06, 3.30258490067e-06, 9.24416781345e-06, 1.94338258552e-06, 3.75159697796e-06, 9.41715097724e-06, 3.98865267925e-06, 1.20984373098e-06, 7.16535453194e-07, 6.2188684069e-07, 0.00014918333909, 4.10980305787