{"rhythm": {"bpm": 85.9882965088, "bpm_histogram_second_peak_weight": {"mean": 0, "min": 0, "max": 0, "dmean2": 0, "dvar": 0, "dmean": 0, "median": 0, "dvar2": 0, "var": 0}, "bpm_histogram_first_peak_weight": {"mean": 0.983333349228, "min": 0.983333349228, "max": 0.983333349228, "dmean2": 0, "dvar": 0, "dmean": 0, "median": 0.983333349228, "dvar2": 0, "var": 0}, "danceability": 1.73171675205, "beats_loudness": {"mean": 0.154135644436, "min": 0, "max": 0.301478624344, "dmean2": 0.107366718352, "dvar": 0.00200069369748, "dmean": 0.0606333613396, "median": 0.158660337329, "dvar2": 0.00654251407832, "var": 0.00315407500602}, "onset_rate": 5.80337285995, "bpm_histogram_second_peak_spread": {"mean": 0, "min": 0, "max": 0, "dmean2": 0, "dvar": 0, "dmean": 0, "median": 0, "dvar2": 0, "var": 0}, "bpm_histogram_first_peak_spread": {"mean": 0.0166666507721, "min": 0.0166666507721, "max": 0.0166666507721, "dmean2": 0, "dvar": 0, "dmean": 0, "median": 0.0166666507721, "dvar2": 0, "var": 0}, "beats_position": [0.754648506641, 1.47446703911, 2.18267560005, 2.89088439941, 3.59909296036, 4.29569149017, 4.99229001999, 5.6888885498, 6.38548755646, 7.08208608627, 7.77868461609, 8.47528362274, 9.17188167572, 9.86848068237, 10.5650787354, 11.261677742, 11.9582767487, 12.6548748016, 13.3514738083, 14.0480718613, 14.7446708679, 15.4412698746, 16.1378688812, 16.8344669342, 17.5426750183, 18.2508831024, 18.9474830627, 19.6440811157, 20.3406791687, 21.037279129, 21.733877182, 22.430475235, 23.1270751953, 23.8236732483, 24.5202713013, 25.2168693542, 25.9134693146, 26.6100673676, 27.3066654205, 28.0032653809, 28.6998634338, 29.3964614868, 30.0930614471, 30.7896595001, 31.4862575531, 32.1828575134, 32.8794555664, 33.5760536194, 34.2726516724, 34.9808616638, 35.6774597168, 36.3856697083, 37.0822677612, 37.7788658142, 38.4754638672, 39.1720619202, 39.8686599731, 40.5652618408, 41.2618598938, 41.9584579468, 42.6550559998, 43.3516540527, 44.0482521057, 44.7448501587, 45.4414520264, 46.1380500793, 46.8346481323, 47.5312461853, 48.2278442383, 48.9244422913, 49.6210403442, 50.3176422119, 51.0258483887, 51.7340583801, 52.4306564331, 53.1272544861, 53.8238525391, 54.5204544067, 55.2170524597, 55.9136505127, 56.6102485657, 57.3068466187, 58.0034446716, 58.7000427246, 59.3966445923, 60.0932426453, 60.7898406982, 61.4864387512, 62.1830368042, 62.8796348572, 63.5762329102, 64.2728347778, 64.9694290161, 65.6776428223, 66.3742370605, 67.0708389282, 67.7674331665, 68.4640350342, 69.1722412109, 69.8688430786, 70.5654373169, 71.2620391846, 71.9586410522, 72.6436233521, 73.3286132813, 74.0368270874, 74.7450332642, 75.4532394409, 76.1382293701, 76.8348312378, 77.5314254761, 78.2280273438, 78.924621582, 79.6212234497, 80.3178253174, 81.0260314941, 81.7342376709, 82.4308395386, 83.1274337769, 83.8240356445, 84.5206298828, 85.2172317505, 85.9138336182, 86.6104278564, 87.3070297241, 88.0036239624, 88.7002258301, 89.3968200684, 90.093421936, 90.7900238037, 91.486618042, 92.1832199097, 92.8798141479, 93.5764160156, 94.2730178833, 94.9812240601, 95.6662139893, 96.3628082275, 97.0594100952, 97.767616272, 98.4758224487, 99.1724243164, 99.8690261841, 100.565620422, 101.26222229, 101.958816528, 102.655418396, 103.352012634, 104.048614502, 104.74521637, 105.441810608, 106.138412476, 106.835006714, 107.531608582, 108.22820282, 108.924804688, 109.621406555, 110.318000793, 111.014602661, 111.711196899, 112.407798767, 113.104400635, 113.800994873, 114.497596741, 115.205802917, 115.902404785, 116.610610962, 117.3072052, 118.003807068, 118.700408936, 119.397003174, 120.093605042, 120.79019928, 121.486801147, 122.183395386, 122.879997253, 123.576599121, 124.273193359, 124.969795227, 125.666389465, 126.362991333, 127.059593201, 127.756187439, 128.452789307, 129.149383545, 129.845977783, 130.554199219, 131.250793457, 131.958999634, 132.655593872, 133.352203369, 134.048797607, 134.745391846, 135.441986084, 136.138595581, 136.835189819, 137.531784058, 138.228393555, 138.924987793, 139.621582031, 140.31817627, 141.014785767, 141.711380005, 142.407974243, 143.10458374, 143.812789917, 144.497772217, 145.194366455, 145.890975952, 146.58757019, 147.284164429, 147.992385864, 148.700592041, 149.397186279, 150.093780518, 150.790390015, 151.486984253, 152.183578491, 152.880172729, 153.576782227, 154.273376465, 154.969970703, 155.6665802, 156.363174438, 157.059768677, 157.756362915, 158.452972412, 159.14956665, 159.846160889, 160.542770386, 161.239364624, 161.947570801, 162.644165039, 163.340774536, 164.037368774, 164.745574951, 165.442169189, 166.138778687, 166.835372925, 167.531967163, 168.228561401, 168.925170898, 169.621765137, 170.318359375, 171.014968872, 171.71156311, 172.408157349, 173.104751587, 173.801361084, 174.497955322, 175.194549561, 175.891159058, 176.587753296, 177.284347534, 177.980941772, 178.689163208, 179.397369385, 180.093963623, 180.790557861, 181.487167358, 182.183761597, 182.880355835, 183.576965332, 184.27355957, 184.970153809, 185.666748047, 186.363357544, 187.059951782, 187.756546021, 188.453155518, 189.149749756, 189.846343994, 190.542938232, 191.239547729, 191.936141968, 192.632736206, 193.329345703, 194.025939941, 194.72253418, 195.430740356, 196.138946533, 196.83555603, 197.532150269, 198.228744507, 198.925354004, 199.621948242, 200.31854248, 201.015136719, 201.711746216, 202.408340454, 203.104934692, 203.801544189, 204.498138428, 205.194732666, 205.891326904, 206.587936401, 207.28453064, 207.981124878, 208.677734375, 209.374328613, 210.070922852, 210.779129028, 211.487350464, 212.183944702, 212.88053894, 213.577133179, 214.273742676, 214.970336914, 215.666931152, 216.363540649, 217.060134888, 217.756729126, 218.453323364, 219.149932861, 219.8465271, 220.543121338, 221.239730835, 221.936325073, 222.632919312, 223.32951355, 224.026123047, 224.722717285, 225.419311523, 226.115921021, 226.812515259, 227.509109497, 228.217315674, 228.925521851, 229.622131348, 230.318725586, 231.015319824, 231.711929321, 232.40852356, 233.105117798, 233.801712036, 234.498321533, 235.194915771, 235.89151001, 236.588119507, 237.284713745, 237.981307983, 238.677902222, 239.374511719, 240.071105957, 240.767700195, 241.464309692, 242.160903931, 242.857498169, 243.554092407, 244.250701904, 244.947296143, 245.643890381, 246.340499878, 247.048706055, 247.756912231, 248.45350647, 249.150115967, 249.846710205, 250.543304443, 251.25151062, 251.959716797], "bpm_histogram_first_peak_bpm": {"mean": 86, "min": 86, "max": 86, "dmean2": 0, "dvar": 0, "dmean": 0, "median": 86, "dvar2": 0, "var": 0}, "beats_count": 361, "beats_loudness_band_ratio": {"mean": [0.838064074516, 0.0393043011427, 0.0272851325572, 0.010543034412, 0.0160485897213, 0.0698621198535], "min": [0, 0, 0, 0, 0, 0], "max": [0.995017886162, 0.240671485662, 0.274445593357, 0.0922814309597, 0.140109822154, 0.911847233772], "dmean2": [0.256178945303, 0.0678161457181, 0.0448790304363, 0.0260557476431, 0.0336785130203, 0.204381063581], "dvar": [0.0134336417541, 0.0015945447376, 0.00119391945191, 0.000189272192074, 0.000307953654556, 0.00683979131281], "dmean": [0.135962173343, 0.0375912152231, 0.0250336267054, 0.0137777049094, 0.0179636906832, 0.105088114738], "median": [0.862551748753, 0.0250918511301, 0.0187829956412, 0.00782609824091, 0.014047424309, 0.04861587286], "dvar2": [0.0373007915914, 0.00461309077218, 0.0033951678779, 0.000572625896893, 0.000900392304175, 0.0183405987918], "var": [0.0168654918671, 0.00167504302226, 0.000977549585514, 0.000163589676959, 0.000294810452033, 0.0078559955582]}, "bpm_histogram_second_peak_bpm": {"mean": 0, "min": 0, "max": 0, "dmean2": 0, "dvar": 0, "dmean": 0, "median": 0, "dvar2": 0, "var": 0}}, "tonal": {"chords_number_rate": 0.00128581922036, "tuning_diatonic_strength": 0.528897166252, "chords_changes_rate": 0.0631888285279, "thpcp": [1, 0.689644873142, 0.250207006931, 0.345937371254, 0.369654893875, 0.213775649667, 0.155055463314, 0.169973835349, 0.207723781466, 0.308179914951, 0.373636841774, 0.330990463495, 0.283894091845, 0.249822884798, 0.309019237757, 0.695565462112, 0.776342153549, 0.424082458019, 0.388875871897, 0.457076787949, 0.332576900721, 0.254340589046, 0.250340789557, 0.235706865788, 0.277176320553, 0.272275209427, 0.210155025125, 0.263149917126, 0.302021145821, 0.253295511007, 0.40315553546, 0.442247122526, 0.228844150901, 0.129687592387, 0.122719153762, 0.505647182465], "hpcp": {"mean": [0.091799326241, 0.0807821378112, 0.0999237298965, 0.224916413426, 0.251036167145, 0.137130305171, 0.125745981932, 0.147799268365, 0.107541285455, 0.0822429731488, 0.0809496045113, 0.0762176141143, 0.0896270796657, 0.0880422741175, 0.0679552331567, 0.0850915387273, 0.0976608470082, 0.0819050371647, 0.130363419652, 0.143003985286, 0.073998503387, 0.0419354736805, 0.0396821759641, 0.163504883647, 0.323357641697, 0.223001942039, 0.0809063464403, 0.111861497164, 0.1195307374, 0.0691259875894, 0.0501383692026, 0.0549623370171, 0.0671690702438, 0.0996523275971, 0.120818331838, 0.10702829808], "min": [0, 0, 0, 0, 0, 0, 0, 0, 0, 0, 0, 0, 0, 0, 0, 0, 0, 0, 0, 0, 0, 0, 0, 0, 0, 0, 0, 0, 0, 0, 0, 0, 0, 0, 0, 0], "max": [1, 1, 1, 1, 1, 1, 1, 1, 1, 1, 1, 1, 1, 1, 1, 1, 1, 1, 1, 1, 1, 1, 1, 1, 1, 1, 1, 1, 1, 1, 1, 1, 1, 1, 1, 1], "dmean2": [0.239418148994, 0.208257451653, 0.22979593277, 0.320718973875, 0.344820559025, 0.259803473949, 0.23489280045, 0.236685737967, 0.202067866921, 0.196516558528, 0.181471511722, 0.17873121798, 0.193864315748, 0.182099372149, 0.154432162642, 0.168898001313, 0.184070423245, 0.187689125538, 0.23933275044, 0.253333061934, 0.164465546608, 0.124548733234, 0.119841866195, 0.258374541998, 0.432582318783, 0.31099575758, 0.175577387214, 0.191434398293, 0.189745083451, 0.153410598636, 0.151140168309, 0.173077180982, 0.197712659836, 0.236368328333, 0.25968888402, 0.267359822989], "dvar": [0.055191103369, 0.0476445667446, 0.0484716743231, 0.0652733743191, 0.0746622905135, 0.0497164651752, 0.0502449646592, 0.0606254860759, 0.0421996638179, 0.0446476787329, 0.0397636592388, 0.0389538370073, 0.0443615205586, 0.0399490781128, 0.0302736647427, 0.0363155566156, 0.0419552512467, 0.0414241999388, 0.0530996769667, 0.0620882287621, 0.0351639129221, 0.0311248395592, 0.0306100510061, 0.044540502131, 0.116869553924, 0.0554004311562, 0.0333036892116, 0.038167335093, 0.0382016971707, 0.0287161078304, 0.0350789874792, 0.042813397944, 0.0486986860633, 0.0567668005824, 0.0639832541347, 0.0649604275823], "dmean": [0.128146722913, 0.1118356511, 0.125566095114, 0.185371279716, 0.19999410212, 0.146649062634, 0.131144538522, 0.131040260196, 0.111647903919, 0.10799485445, 0.101426333189, 0.0986156761646, 0.108532786369, 0.103704966605, 0.0860089287162, 0.0929820612073, 0.100774742663, 0.10307174176, 0.136947259307, 0.146221846342, 0.0914089903235, 0.0657577291131, 0.0635391250253, 0.140210688114, 0.235764145851, 0.174769297242, 0.0974635705352, 0.110600836575, 0.110307395458, 0.0845069661736, 0.0798843279481, 0.0906344056129, 0.104252532125, 0.127802699804, 0.140420377254, 0.142540216446], "median": [0.00615906529129, 0.00552309956402, 0.0180186536163, 0.0572413876653, 0.0737467259169, 0.0423665605485, 0.0115636764094, 0.00851510465145, 0.00970054417849, 0.00732271838933, 0.00667891465127, 0.00795386359096, 0.00913398806006, 0.008779540658, 0.0106385853142, 0.0058971317485, 0.00572471180931, 0.0102412318811, 0.0242100469768, 0.0227396152914, 0.0113343084231, 0.00158236408606, 0.00148106343113, 0.0186817087233, 0.0394475236535, 0.0462820455432, 0.0161765366793, 0.0147358849645, 0.0143180266023, 0.00767684821039, 0.00274730450474, 0.0029014267493, 0.00547164771706, 0.00943552143872, 0.00949853099883, 0.0091896681115], "dvar2": [0.153845250607, 0.130397200584, 0.133734300733, 0.149685323238, 0.163341268897, 0.134201958776, 0.129652142525, 0.148416936398, 0.110946379602, 0.120818845928, 0.106303006411, 0.104470551014, 0.118102476001, 0.10403649509, 0.0824135765433, 0.0966810137033, 0.111559897661, 0.11591514945, 0.128628343344, 0.148801878095, 0.0949196964502, 0.087039925158, 0.0866777673364, 0.116719044745, 0.267676830292, 0.131922200322, 0.0904000550508, 0.0957475304604, 0.0927636772394, 0.0804427862167, 0.100120052695, 0.122923225164, 0.138124674559, 0.157865226269, 0.172427520156, 0.179707318544], "var": [0.0404282063246, 0.0348649471998, 0.0392133109272, 0.099764496088, 0.115219600499, 0.0471382625401, 0.0569954775274, 0.0875286310911, 0.0480590797961, 0.0343850031495, 0.0336133539677, 0.0328220576048, 0.0396639369428, 0.0358786135912, 0.024101389572, 0.0387680791318, 0.0520454719663, 0.0325194969773, 0.0548045635223, 0.0668137893081, 0.0269947908819, 0.0205121673644, 0.0194829516113, 0.0517738610506, 0.170974850655, 0.0779092684388, 0.0269304867834, 0.0451284982264, 0.0515853762627, 0.0229908321053, 0.0225787777454, 0.0266569945961, 0.0320281647146, 0.0457325652242, 0.0638848915696, 0.0520345494151]}, "tuning_frequency": 434.193115234, "chords_scale": "minor", "chords_histogram": [10.3967666626, 0.86333578825, 3.58192515373, 2.29610586166, 0, 1.70830273628, 0, 27.4246883392, 0.238794997334, 0.146950766444, 0, 0, 0, 0, 0, 0, 0.0183688458055, 0.422483474016, 0, 0, 15.5400438309, 0.991917729378, 36.2049980164, 0.165319621563], "hpcp_entropy": {"mean": 1.97590148449, "min": 0, "max": 4.62254095078, "dmean2": 1.11390984058, "dvar": 0.350300431252, "dmean": 0.66024684906, "median": 1.94319272041, "dvar2": 0.873561263084, "var": 0.576484680176}, "chords_key": "D#", "key_key": "A#", "key_scale": "minor", "tuning_nontempered_energy_ratio": 0.920113265514, "tuning_equal_tempered_deviation": 0.1998141855, "key_strength": 0.627587378025, "chords_strength": {"mean": 0.463556051254, "min": -1, "max": 0.705594062805, "dmean2": 0.0139794424176, "dvar": 0.000459061498987, "dmean": 0.0133473044261, "median": 0.473783254623, "dvar2": 0.000853936653584, "var": 0.0160014908761}}, "metadata": {"audio_properties": {"md5_encoded": "de472d27bc9d9b9e2d47a447f17dedd3", "downmix": "mix", "equal_loudness": 0, "bit_rate": 126982, "analysis_sample_rate": 44100, "length": 252.77243042, "lossless": false, "replay_gain": -13.423910141, "sample_rate": 44100, "codec": "aac"}, "version": {"essentia_git_sha": "v2.1_beta2-1-ge3940c0", "essentia_build_sha": "2d9f1f26377add8aeb1075a9c2973f962c4f09fd", "extractor": "music 1.0", "essentia": "2.1-beta2"}, "tags": {"media": ["CD"], "albumartistsort": ["Carey, Mariah"], "musicbrainz_artistid": ["10a9ff92-9637-4498-afea-7044b2ab0dc0"], "title": ["I Know What You Want"], "asin": ["B000620N18"], "musicbrainz_recordingid": ["19b1d392-ef93-4915-8891-856da7c2ab6a"], "artist": ["Busta Rhymes and Mariah Carey feat. Flipmode Squad"], "script": ["Latin"], "genre": ["Hip Hop"], "tracknumber": ["1/2"], "musicbrainz_albumid": ["56b3fb92-09cc-41dd-9b94-c47f4cd2f942"], "label": ["J Records"], "album": ["I Know What You Want"], "musicbrainz_albumartistid": ["10a9ff92-9637-4498-afea-7044b2ab0dc0"], "musicbrainz_releasegroupid": ["81c2c87e-7f25-3d47-86e8-7d1bf2a488b7"], "artistsort": ["Carey, Mariah"], "date": ["2003"], "discnumber": ["1/1"], "catalognumber": ["82876 51503 2"], "barcode": ["828765150323"], "language": ["eng"], "file_name": "01 - I Know What You Want.m4a"}}, "lowlevel": {"mfcc": {"mean": [-674.42199707, 91.2451553345, 55.1027641296, 17.6299304962, 11.8235988617, -3.60990810394, -9.18773555756, -4.25512123108, 9.29144287109, 10.6201162338, 9.06856822968, -2.91255903244, 6.30948114395], "cov": [[9735.2578125, -634.038391113, 62.4108886719, 477.87121582, 128.82119751, 243.42338562, 483.111755371, 283.048675537, -51.8504943848, -125.327316284, -320.432098389, 160.874908447, -27.4059391022], [-634.038391113, 2263.63427734, -139.473052979, -243.580993652, 185.893310547, 119.276992798, -18.001783371, -28.8888187408, 109.532325745, 56.4650115967, 159.234542847, -69.7353439331, 13.5971717834], [62.4108886719, -139.473052979, 1148.21191406, 408.664703369, 252.605621338, 216.574432373, 214.686019897, 129.179138184, 53.1807327271, -25.9240684509, 89.8112487793, -25.7743606567, 2.75535273552], [477.87121582, -243.580993652, 408.664703369, 797.506713867, 277.64453125, 196.05241394, 142.078491211, 137.88470459, 56.2627182007, -62.0653533936, -4.66994953156, -2.68818759918, -15.2847089767], [128.82119751, 185.893310547, 252.605621338, 277.64453125, 435.324676514, 166.55380249, 60.9374427795, 72.8465499878, 83.3416976929, 56.9199104309, 34.8551521301, 7.39611005783, -7.39869499207], [243.42338562, 119.276992798, 216.574432373, 196.05241394, 166.55380249, 417.000274658, 217.419464111, 65.6013717651, 59.9548835754, 27.7176094055, 80.163269043, 30.067440033, -20.3456115723], [483.111755371, -18.001783371, 214.686019897, 142.078491211, 60.9374427795, 217.419464111, 425.903808594, 179.038787842, 10.6340818405, -22.6223983765, 64.4959106445, 46.9955368042, 2.93304157257], [283.048675537, -28.8888187408, 129.179138184, 137.88470459, 72.8465499878, 65.6013717651, 179.038787842, 275.52230835, 67.0770339966, -27.8263988495, 43.0037231445, 1.84510064125, 8.31035327911], [-51.8504943848, 109.532325745, 53.1807327271, 56.2627182007, 83.3416976929, 59.9548835754, 10.6340818405, 67.0770339966, 224.767196655, 97.6294403076, 39.5010032654, 1.51895546913, 6.69730758667], [-125.327316284, 56.4650115967, -25.9240684509, -62.0653533936, 56.9199104309, 27.7176094055, -22.6223983765, -27.8263988495, 97.6294403076, 224.59022522, 82.7192840576, 38.5420608521, 12.3998670578], [-320.432098389, 159.234542847, 89.8112487793, -4.66994953156, 34.8551521301, 80.163269043, 64.4959106445, 43.0037231445, 39.5010032654, 82.7192840576, 256.050689697, 30.0822353363, 3.78697490692], [160.874908447, -69.7353439331, -25.7743606567, -2.68818759918, 7.39611005783, 30.067440033, 46.9955368042, 1.84510064125, 1.51895546913, 38.5420608521, 30.0822353363, 158.795822144, 36.61095047], [-27.4059391022, 13.5971717834, 2.75535273552, -15.2847089767, -7.39869499207, -20.3456115723, 2.93304157257, 8.31035327911, 6.69730758667, 12.3998670578, 3.78697490692, 36.61095047, 112.633956909]], "icov": [[0.000122774741612, 1.07615014713e-05, 2.41490924964e-05, -4.5374425099e-05, -3.49558149537e-06, -2.77523431578e-05, -0.000106733627035, -8.59999636305e-05, 4.84658012283e-05, -4.08176783822e-05, 0.000207323435461, -0.000122179670143, 6.00629573455e-05], [1.07615014713e-05, 0.000585483270697, 0.000140477539389, 0.000321185361827, -0.000472117128083, -0.000147919068695, -6.07699621469e-05, 0.000205630509299, -0.00031918665627, 0.000357467593858, -0.000411059969338, 0.000387645763112, -0.00023178862466], [2.41490924964e-05, 0.000140477539389, 0.00126400915906, -0.000341179926181, -0.000496139226016, -0.000107488900539, -0.000450276857009, 0.000155990055646, -0.000133886162075, 0.000297702150419, -0.000447633006843, 0.000497150293086, -0.000311451527523], [-4.5374425099e-05, 0.000321185361827, -0.000341179926181, 0.00221811397932, -0.00116939283907, -0.000467203499284, 9.02542597032e-05, -0.000307540758513, -0.000414168083807, 0.000968372449279, -1.79447197297e-05, 5.69769799768e-05, 1.87703753909e-05], [-3.49558149537e-06, -0.000472117128083, -0.000496139226016, -0.00116939283907, 0.0040515307337, -0.000920379068702, 0.000726903730538, -0.000825055525638, 0.000101133293356, -0.00143212813418, 0.000619414786343, -0.000364102772437, 0.000300593324937], [-2.77523431578e-05, -0.000147919068695, -0.000107488900539, -0.000467203499284, -0.000920379068702, 0.00437217578292, -0.00223493063822, 0.00125677126925, -0.000842290988658, 0.000130646323669, -0.000696918345056, -0.000274964986602, 0.000793621642515], [-0.000106733627035, -6.07699621469e-05, -0.000450276857009, 9.02542597032e-05, 0.000726903730538, -0.00223493063822, 0.00502266781405, -0.00290942122228, 0.00111840071622, -9.71724584815e-05, -0.000133671128424, -0.00101803219877, 1.21372731883e-05], [-8.59999636305e-05, 0.000205630509299, 0.000155990055646, -0.000307540758513, -0.000825055525638, 0.00125677126925, -0.00290942122228, 0.00665021874011, -0.00254695839249, 0.00189719034825, -0.001256757183, 0.000717899238225, -0.000581893429626], [4.84658012283e-05, -0.00031918665627, -0.000133886162075, -0.000414168083807, 0.000101133293356, -0.000842290988658, 0.00111840071622, -0.00254695839249, 0.00705265346915, -0.00352101027966, 0.000708303588908, 0.000322858599247, -0.00014979786647], [-4.08176783822e-05, 0.000357467593858, 0.000297702150419, 0.000968372449279, -0.00143212813418, 0.000130646323669, -9.71724584815e-05, 0.00189719034825, -0.00352101027966, 0.00780689902604, -0.00235414877534, -0.00101645186078, -0.000377436284907], [0.000207323435461, -0.000411059969338, -0.000447633006843, -1.79447197297e-05, 0.000619414786343, -0.000696918345056, -0.000133671128424, -0.001256757183, 0.000708303588908, -0.00235414877534, 0.00570930866525, -0.000925950473174, 0.000445659272373], [-0.000122179670143, 0.000387645763112, 0.000497150293086, 5.69769799768e-05, -0.000364102772437, -0.000274964986602, -0.00101803219877, 0.000717899238225, 0.000322858599247, -0.00101645186078, -0.000925950473174, 0.00807217229158, -0.0026809705887], [6.00629573455e-05, -0.00023178862466, -0.000311451527523, 1.87703753909e-05, 0.000300593324937, 0.000793621642515, 1.21372731883e-05, -0.000581893429626, -0.00014979786647, -0.000377436284907, 0.000445659272373, -0.0026809705887, 0.0100437048823]]}, "barkbands_spread": {"mean": 32.4973258972, "min": 0.305235683918, "max": 132.693283081, "dmean2": 26.023639679, "dvar": 364.157714844, "dmean": 16.0586471558, "median": 24.4062976837, "dvar2": 863.744689941, "var": 626.351501465}, "spectral_strongpeak": {"mean": 0.795750975609, "min": 0, "max": 28.1830463409, "dmean2": 0.916599750519, "dvar": 1.57812404633, "dmean": 0.535910665989, "median": 0.437205731869, "dvar2": 4.06197690964, "var": 1.71181344986}, "melbands_crest": {"mean": 17.8093013763, "min": 1.5173009634, "max": 37.0592880249, "dmean2": 5.80070829391, "dvar": 14.6184263229, "dmean": 4.04442358017, "median": 17.0488357544, "dvar2": 28.3532123566, "var": 44.5890693665}, "spectral_energyband_middle_high": {"mean": 0.00264990166761, "min": 1.21639231482e-21, "max": 0.0647681131959, "dmean2": 0.00335941370577, "dvar": 4.11760702264e-05, "dmean": 0.002074214397, "median": 0.000880574283656, "dvar2": 0.000109837885248, "var": 3.62394494005e-05}, "spectral_rms": {"mean": 0.00594468601048, "min": 3.10918174887e-12, "max": 0.0173916965723, "dmean2": 0.00202530273236, "dvar": 3.60490525964e-06, "dmean": 0.00142941670492, "median": 0.0052291485481, "dvar2": 5.98941414864e-06, "var": 1.13936730486e-05}, "spectral_flux": {"mean": 0.115303397179, "min": 6.22476722945e-11, "max": 0.455617398024, "dmean2": 0.0778579190373, "dvar": 0.00332460715435, "dmean": 0.0492557734251, "median": 0.0900600925088, "dvar2": 0.00666296808049, "var": 0.00739645026624}, "erbbands_flatness_db": {"mean": 0.132066547871, "min": 0.0385956093669, "max": 0.428594261408, "dmean2": 0.0418087728322, "dvar": 0.000957018404733, "dmean": 0.0293977595866, "median": 0.12137080729, "dvar2": 0.00166265515145, "var": 0.00334591954015}, "barkbands_flatness_db": {"mean": 0.170308038592, "min": 0.0144349690527, "max": 0.513782203197, "dmean2": 0.0511618815362, "dvar": 0.00121824070811, "dmean": 0.0369632169604, "median": 0.162147343159, "dvar2": 0.00221913889982, "var": 0.0043065729551}, "spectral_entropy": {"mean": 7.62689733505, "min": 4.71418476105, "max": 9.82062721252, "dmean2": 0.548296630383, "dvar": 0.186572760344, "dmean": 0.377134293318, "median": 7.72828960419, "dvar2": 0.347049176693, "var": 0.575718939304}, "spectral_energyband_high": {"mean": 0.00400988291949, "min": 6.56736896942e-21, "max": 0.138471499085, "dmean2": 0.00473036710173, "dvar": 4.47061211162e-05, "dmean": 0.00308140856214, "median": 0.00137365807313, "dvar2": 8.78781647771e-05, "var": 8.19911583676e-05}, "barkbands_kurtosis": {"mean": 10.5721445084, "min": -1.97740507126, "max": 577.013000488, "dmean2": 13.6405620575, "dvar": 383.9480896, "dmean": 8.79065608978, "median": 4.86799383163, "dvar2": 848.714172363, "var": 489.369934082}, "spectral_complexity": {"mean": 11.1284103394, "min": 0, "max": 63, "dmean2": 5.03702354431, "dvar": 37.1145782471, "dmean": 3.47271728516, "median": 9, "dvar2": 60.4319534302, "var": 86.555229187}, "spectral_contrast_coeffs": {"mean": [-0.653418838978, -0.673738360405, -0.747322380543, -0.751846969128, -0.787221848965, -0.803614795208], "min": [-0.9782345891, -0.976136565208, -0.98213493824, -0.979703187943, -0.968506932259, -0.964675426483], "max": [-0.249726623297, -0.396578639746, -0.386156469584, -0.437453150749, -0.4616137743, -0.528302848339], "dmean2": [0.0880979523063, 0.0934270471334, 0.0746297836304, 0.0645457431674, 0.0500133670866, 0.0392424687743], "dvar": [0.00277035403997, 0.00278931786306, 0.00169355305843, 0.00143005559221, 0.000958621210884, 0.000655823561829], "dmean": [0.0568300709128, 0.0599838346243, 0.0486412346363, 0.0425993725657, 0.0324942879379, 0.0266050603241], "median": [-0.672904312611, -0.67064589262, -0.754478275776, -0.761494874954, -0.793758928776, -0.812114357948], "dvar2": [0.00588205130771, 0.00636528292671, 0.00356206973083, 0.00291770836338, 0.00204483722337, 0.00117301545106], "var": [0.0123269595206, 0.00886611361057, 0.00733136758208, 0.00636378256604, 0.00297552230768, 0.00244578253478]}, "spectral_centroid": {"mean": 1383.43908691, "min": 154.920593262, "max": 11706.8154297, "dmean2": 608.864685059, "dvar": 358053.84375, "dmean": 410.432037354, "median": 980.759216309, "dvar2": 659286.9375, "var": 1701582.5}, "spectral_energyband_low": {"mean": 0.030753063038, "min": 1.81405806899e-23, "max": 0.276050359011, "dmean2": 0.0253291781992, "dvar": 0.00113100651652, "dmean": 0.0179983805865, "median": 0.0146501930431, "dvar2": 0.00194800866302, "var": 0.00230194092728}, "dissonance": {"mean": 0.430973380804, "min": 0.12597873807, "max": 0.500000119209, "dmean2": 0.0469751991332, "dvar": 0.000917290395591, "dmean": 0.0295388661325, "median": 0.440068781376, "dvar2": 0.00226069847122, "var": 0.00235024676658}, "zerocrossingrate": {"mean": 0.103965602815, "min": 0.00390625, "max": 0.53076171875, "dmean2": 0.0381953455508, "dvar": 0.00126077712048, "dmean": 0.0329282581806, "median": 0.0791015625, "dvar2": 0.00150921009481, "var": 0.00724228052422}, "erbbands": {"mean": [0.954657137394, 4.59048843384, 4.96422672272, 4.5100774765, 5.09603357315, 11.3204526901, 15.0696592331, 21.7399959564, 25.2242259979, 35.557849884, 24.4084625244, 21.8818588257, 16.3874492645, 11.7824859619, 9.31017589569, 7.37504148483, 9.23410511017, 9.30825042725, 13.9509706497, 18.7477092743, 23.3970146179, 12.1200323105, 9.46661949158, 10.7776689529, 11.8088960648, 11.8564281464, 11.7786827087, 13.0496912003, 17.3672618866, 13.5781002045, 13.7350406647, 12.4716091156, 14.4576635361, 11.4511613846, 7.67700004578, 3.80024838448, 1.19254720211, 0.262660592794, 0.0153482174501, 0.000346561515471], "min": [6.88745684215e-23, 3.62308314229e-22, 2.12465480276e-21, 3.79587124649e-21, 5.70232666848e-21, 2.14344484853e-20, 4.52260806043e-20, 8.51055953088e-20, 1.50474635353e-19, 1.66318866396e-19, 2.37371832782e-19, 3.25332771555e-19, 6.83258113606e-19, 6.74046165016e-19, 6.67407523612e-19, 9.4127032572e-19, 2.08980564317e-18, 2.33158205761e-18, 2.1056629023e-18, 2.33762564596e-18, 3.95006080813e-18, 5.11128590336e-18, 4.45709026358e-18, 7.13051608307e-18, 7.38901664194e-18, 9.17275553229e-18, 9.93121811546e-18, 9.72227891017e-18, 1.13071023699e-17, 9.51937564181e-18, 1.11961633877e-17, 1.16799548582e-17, 8.20188868425e-18, 7.80224877901e-18, 6.54831410791e-18, 4.36179822984e-18, 2.23675655373e-18, 9.7526641492e-19, 2.46201727328e-19, 2.53254576192e-20], "max": [11.0833101273, 62.8703308105, 98.6368026733, 82.8342971802, 149.187255859, 266.345428467, 541.517211914, 983.960266113, 1004.29736328, 1697.19763184, 1104.40783691, 1128.21655273, 1113.38061523, 857.558166504, 828.653137207, 642.915771484, 1198.74487305, 954.275939941, 1352.30944824, 337.874389648, 860.893859863, 767.565307617, 702.201171875, 513.892028809, 659.800292969, 1027.97143555, 972.51965332, 1409.33874512, 1382.36938477, 993.046203613, 1339.06933594, 1270.58813477, 1318.38659668, 703.700195313, 455.623535156, 169.380386353, 39.847038269, 5.54463148117, 0.27614814043, 0.00657713925466], "dmean2": [0.851577401161, 5.10950183868, 7.62598705292, 7.30454301834, 6.66598463058, 10.9965629578, 15.2875471115, 21.8722057343, 28.9224357605, 43.338924408, 27.8899860382, 22.7911186218, 22.0372180939, 16.9340553284, 12.4099359512, 9.3184337616, 13.2900352478, 16.3980751038, 17.4372596741, 21.6527404785, 36.403465271, 23.4044952393, 19.5849132538, 17.9659442902, 17.9301242828, 18.7535266876, 17.7518196106, 19.97240448, 17.7750091553, 16.5091171265, 18.1647663116, 14.9857225418, 15.23396492, 13.9088983536, 10.4246196747, 5.54390192032, 1.87099182606, 0.492206305265, 0.0314916335046, 0.000561350374483], "dvar": [1.72745263577, 49.0864830017, 105.562232971, 83.0545349121, 59.4102745056, 167.889511108, 472.026763916, 1594.9720459, 2116.51196289, 5426.38964844, 2736.54003906, 1947.54467773, 1784.45861816, 1085.89697266, 840.826293945, 417.621337891, 925.657836914, 1421.84692383, 1088.95849609, 1061.66601563, 6039.34277344, 2939.29296875, 2337.77099609, 1647.73999023, 1710.41589355, 1752.47192383, 1451.45654297, 2013.84460449, 1580.38269043, 1685.88000488, 1783.41809082, 1076.02868652, 1092.25891113, 665.394348145, 322.735717773, 43.9934844971, 3.70372772217, 0.205215200782, 0.000730680651031, 2.50445026495e-07], "dmean": [0.658706128597, 3.36794900894, 4.34821748734, 4.04737186432, 3.93647551537, 7.11449575424, 9.94982337952, 14.280506134, 18.2390346527, 27.6512985229, 17.5921630859, 14.6707630157, 13.648270607, 10.5183734894, 8.01071643829, 6.08362293243, 8.2830953598, 9.81197071075, 10.7828884125, 13.3950052261, 22.077796936, 13.7274951935, 11.3306093216, 10.6901836395, 11.657040596, 12.0190286636, 11.3983945847, 12.8569202423, 11.7094621658, 11.073141098, 12.0045080185, 9.8367767334, 9.95866298676, 8.92041969299, 6.57757759094, 3.41728043556, 1.12432837486, 0.285875767469, 0.0178838539869, 0.000330226990627], "median": [0.375392407179, 1.58844900131, 2.39504098892, 2.31953644753, 2.25330233574, 3.55530452728, 4.57546520233, 5.58847951889, 9.17835712433, 13.2892580032, 8.95991802216, 7.24787378311, 2.3439104557, 1.65899348259, 1.08197045326, 0.784376204014, 0.981185793877, 1.18327772617, 3.00623369217, 4.92619466782, 2.50362062454, 1.48906254768, 1.12933838367, 2.88028740883, 2.06247353554, 1.81342482567, 1.94276440144, 1.89355576038, 6.40998649597, 3.27093267441, 2.38808679581, 3.05598807335, 5.59492969513, 2.73558187485, 1.60990178585, 0.843878865242, 0.238000288606, 0.036915525794, 0.00169635098428, 0.000101905498013], "dvar2": [2.64084100723, 106.902023315, 291.589324951, 241.194076538, 160.588394165, 379.86618042, 1007.92376709, 3624.38574219, 5168.20507813, 12692.0390625, 6792.89746094, 4543.17919922, 4157.46923828, 2555.16552734, 1803.00634766, 935.294799805, 2219.33447266, 3724.50097656, 2667.78271484, 2756.69384766, 15090.6132813, 7972.74804688, 6482.15429688, 4442.59228516, 4113.87646484, 4422.63427734, 3507.03759766, 4708.01171875, 3517.48266602, 3504.18994141, 3872.87573242, 2170.46362305, 2365.19018555, 1337.57495117, 658.529602051, 95.7248764038, 8.31147766113, 0.511141896248, 0.00186846917495, 6.19541253855e-07], "var": [3.18919348717, 68.2589492798, 79.5163421631, 57.6299209595, 64.8380432129, 346.313659668, 997.930847168, 2637.45629883, 2638.98388672, 6334.25195313, 3676.72924805, 2685.12841797, 2604.5847168, 1357.80163574, 1224.82470703, 683.946105957, 1737.98168945, 1300.66003418, 1576.28344727, 1263.73339844, 6612.32421875, 2057.37988281, 1584.98779297, 1273.00830078, 1632.21472168, 1606.99243164, 1682.5378418, 2476.29980469, 2323.75390625, 2537.47119141, 2529.42944336, 1690.0982666, 1727.91931152, 1244.1730957, 537.494018555, 69.989440918, 5.53257274628, 0.216988265514, 0.000685254693963, 2.86833909513e-07]}, "pitch_salience": {"mean": 0.477496683598, "min": 0.0724360868335, "max": 0.872821748257, "dmean2": 0.143505811691, "dvar": 0.00905008148402, "dmean": 0.0941702499986, "median": 0.470938622952, "dvar2": 0.0187408383936, "var": 0.0218653790653}, "silence_rate_60dB": {"mean": 0.0631027817726, "min": 0, "max": 1, "dmean2": 0.0481396429241, "dvar": 0.02348886244, "dmean": 0.0240676105022, "median": 0, "dvar2": 0.0546435490251, "var": 0.0591164715588}, "melbands": {"mean": [0.00765194697306, 0.00382695533335, 0.000786644057371, 0.000574726320338, 0.000542730500456, 0.000471954088425, 0.000420529715484, 0.000358809804311, 0.000195563508896, 0.000138322007842, 7.98161127022e-05, 4.76510431326e-05, 3.22102678183e-05, 2.11277565541e-05, 2.03559229703e-05, 2.05737906072e-05, 1.62811575137e-05, 1.72219388332e-05, 3.57046701538e-05, 2.30632904277e-05, 2.64751324721e-05, 1.23508471006e-05, 1.00346269392e-05, 6.99343172528e-06, 8.72573218658e-06, 9.55834730121e-06, 7.4971653703e-06, 7.96840959083e-06, 6.95497374181e-06, 7.48457205191e-06, 7.43335931475e-06, 9.10409380595e-06, 9.01636303752e-06, 7.37338177714e-06, 8.10848632682e-06, 7.04176636646e-06, 7.87256067269e-06, 9.57428437687e-06, 1.068439542e-05, 9.25729545997e-06], "min": [1.13834600776e-24, 9.034105098e-25, 8.59045071098e-25, 5.68059526711e-25, 1.47482013156e-24, 2.07516862259e-24, 2.4251132366e-24, 1.5372531474e-24, 1.6409995977e-24, 1.85381780246e-24, 2.73971964307e-24, 2.65507112085e-24, 2.31910630537e-24, 3.39034825466e-24, 2.46006687445e-24, 3.88107061923e-24, 3.81053067709e-24, 2.62651889204e-24, 2.41091275423e-24, 3.87032041725e-24, 4.17582731318e-24, 4.31538075162e-24, 4.19207153694e-24, 2.53978067728e-24, 3.90747379373e-24, 4.28002834458e-24, 3.88044860241e-24, 4.87115653074e-24, 5.72718144786e-24, 4.02599659487e-24, 4.98317596257e-24, 5.44412001127e-24, 4.84541994371e-24, 4.65354254472e-24, 5.29732443529e-24, 5.68111512644e-24, 6.33800985741e-24, 5.49487689963e-24, 4.97297362449e-24, 6.36420082833e-24], "max": [0.0826079845428, 0.0522768385708, 0.0136072039604, 0.0112114483491, 0.0172510519624, 0.0206868648529, 0.0132484212518, 0.016713436693, 0.0108088776469, 0.0070630684495, 0.00551132718101, 0.00331721734256, 0.00284096412361, 0.00199308712035, 0.00209788209759, 0.00289986981079, 0.00188236695249, 0.00255820178427, 0.000962687190622, 0.000698946882039, 0.00105526845437, 0.000669909466524, 0.00104315555654, 0.000423410878284, 0.000424284226028, 0.000510338752065, 0.00104430876672, 0.000550110067707, 0.000579983578064, 0.000762856390793, 0.000829490716569, 0.000701860000845, 0.00102683855221, 0.000639379431959, 0.000781517417636, 0.000742494885344, 0.000825985334814, 0.00107216183096, 0.000831053417642, 0.000602978747338], "dmean2": [0.00680079590529, 0.00456172134727, 0.00123745237943, 0.000594728742726, 0.00052816682728, 0.000473404448712, 0.000479977985378, 0.000445313344244, 0.000221480368054, 0.000144426128827, 0.000112050016469, 7.25797654013e-05, 4.33671157225e-05, 2.81471948256e-05, 3.01170202874e-05, 3.20091749018e-05, 3.02706121147e-05, 2.48044816544e-05, 3.78115619242e-05, 3.71315036318e-05, 4.23236087954e-05, 2.4841116101e-05, 2.35042753047e-05, 1.28031779241e-05, 1.47271930473e-05, 1.59767751029e-05, 1.1596854165e-05, 1.31173692353e-05, 1.04815153463e-05, 1.20296108435e-05, 1.18476991702e-05, 9.88800366031e-06, 9.27589644562e-06, 9.9687367765e-06, 1.12443922262e-05, 9.18355635804e-06, 9.90645730781e-06, 1.05686704046e-05, 1.24123034766e-05, 1.17534127639e-05], "dvar": [9.90179250948e-05, 3.5654680687e-05, 2.32576076087e-06, 4.40476696895e-07, 4.52969601383e-07, 6.96616496043e-07, 5.30777356289e-07, 5.41496035567e-07, 1.81684455924e-07, 7.39652179504e-08, 4.69139678216e-08, 2.04933758852e-08, 1.00923056578e-08, 4.17080014969e-09, 5.04524999556e-09, 5.02035968353e-09, 5.00736563325e-09, 3.02510394512e-09, 3.28764437896e-09, 4.99751262595e-09, 8.50236592242e-09, 3.23818971637e-09, 3.70887054402e-09, 8.9455343133e-10, 1.07370401459e-09, 1.41422484834e-09, 7.55199403013e-10, 8.38234370804e-10, 4.70907368655e-10, 7.05397962264e-10, 7.37604477496e-10, 5.3922422083e-10, 4.44884407091e-10, 7.31955440703e-10, 7.32737648335e-10, 4.09033001914e-10, 4.88712348368e-10, 6.0303573246e-10, 6.07504713201e-10, 4.86741036365e-10], "dmean": [0.00501560652629, 0.00284394063056, 0.000687878462486, 0.000373144925106, 0.000344193802448, 0.000308791641146, 0.000302571395878, 0.000284168520011, 0.000138718576636, 9.32087132242e-05, 6.8926718086e-05, 4.47242964583e-05, 2.7681588108e-05, 1.82043713721e-05, 1.89539368876e-05, 1.95128213818e-05, 1.80649167305e-05, 1.53265555127e-05, 2.37216900132e-05, 2.21685859287e-05, 2.55981722148e-05, 1.44669102156e-05, 1.32286786538e-05, 7.6836313383e-06, 8.67093876877e-06, 9.89088130154e-06, 7.53436506784e-06, 8.27239364298e-06, 6.67042195346e-06, 7.57723819333e-06, 7.57536236051e-06, 6.49749745207e-06, 6.09234530202e-06, 6.56802330923e-06, 7.35896765036e-06, 5.95336723563e-06, 6.41817132419e-06, 6.82522932038e-06, 7.90156082076e-06, 7.48492266212e-06], "median": [0.00317678996362, 0.001725937007, 0.000415158894612, 0.000227802520385, 0.000186560457223, 0.000118182360893, 0.000164552111528, 0.000122411700431, 6.88445579726e-05, 4.14958958572e-05, 9.71099871094e-06, 5.60794251214e-06, 4.2001820475e-06, 1.87722969258e-06, 1.47797902628e-06, 2.40950521402e-06, 1.58640466452e-06, 2.73800378636e-06, 7.34384911993e-06, 2.63242918663e-06, 2.24384598368e-06, 1.33078060571e-06, 7.444140806e-07, 9.03757836568e-07, 2.42763439928e-06, 1.90534694866e-06, 1.06865684302e-06, 1.12594852908e-06, 1.14907970783e-06, 9.97637584987e-07, 9.07079424906e-07, 3.16438035952e-06, 3.55476117875e-06, 1.13678629532e-06, 1.18367120194e-06, 1.53688654336e-06, 1.78481309376e-06, 3.60514218301e-06, 3.3064584386e-06, 1.94255653696e-06], "dvar2": [0.000162120108143, 8.70617950568e-05, 6.74651482768e-06, 1.0936723811e-06, 9.79206561169e-07, 1.6009078081e-06, 1.26061684114e-06, 1.26648296828e-06, 4.55062348692e-07, 1.70664918642e-07, 1.10184004143e-07, 4.88893832085e-08, 2.13759037138e-08, 9.47452516442e-09, 1.2279288697e-08, 1.20670948789e-08, 1.27598918098e-08, 7.01059788e-09, 7.62412977195e-09, 1.35769049336e-08, 2.10579909066e-08, 8.79080364058e-09, 1.04120365663e-08, 2.39972131055e-09, 2.91099166994e-09, 3.65220387266e-09, 1.81268322574e-09, 2.16386131235e-09, 1.15953968649e-09, 1.66573055349e-09, 1.7643936312e-09, 1.25542676255e-09, 9.27520671379e-10, 1.58867263789e-09, 1.63860014446e-09, 8.67472760291e-10, 1.0070806411e-09, 1.36673738993e-09, 1.30194832693e-09, 9.95452831276e-10], "var": [0.000185344702913, 4.04980455642e-05, 1.64923392276e-06, 7.58584860705e-07, 1.00383113022e-06, 1.14980161925e-06, 6.76428953739e-07, 6.54634163766e-07, 2.43635071229e-07, 1.057988257e-07, 6.65663577593e-08, 2.43497559893e-08, 1.47075684964e-08, 6.16886008942e-09, 7.50196971211e-09, 8.58076365517e-09, 4.77517714259e-09, 4.7556438787e-09, 6.43546638202e-09, 4.06512024043e-09, 9.54801748776e-09, 2.27698926381e-09, 2.3392598969e-09, 7.04163671816e-10, 8.25542245675e-10, 1.16382514737e-09, 7.25067339502e-10, 7.45654926693e-10, 5.46346135e-10, 8.51673009894e-10, 8.62569571325e-10, 7.16886161545e-10, 7.48732020828e-10, 9.63907176299e-10, 9.89727189094e-10, 5.76694136889e-10, 7.43686834337e-10, 8.47828751649e-10, 1.04464892292e-09, 8.76746952816e-10]}, "dynamic_complexity": 3.28914833069, "average_loudness": 0.95277261734, "spectral_energyband_middle_low": {"mean": 0.0110507654026, "min": 1.43947627183e-22, "max": 0.125711366534, "dmean2": 0.00895186513662, "dvar": 6.89463922754e-05, "dmean": 0.00567151326686, "median": 0.00787870120257, "dvar2": 0.000167900914676, "var": 0.000122733399621}, "spectral_contrast_valleys": {"mean": [-7.6451292038, -7.31125116348, -8.59959411621, -8.89961528778, -8.48240089417, -9.60620212555], "min": [-28.3185195923, -27.9612789154, -27.7093276978, -27.6187458038, -27.50141716, -27.3707885742], "max": [-4.83410215378, -4.72987318039, -5.13360786438, -5.22638845444, -5.01992845535, -6.46014881134], "dmean2": [0.954502761364, 0.804339051247, 0.828711569309, 0.729752421379, 0.680943250656, 0.841