{"tonal": {"thpcp": [1, 0.957414507866, 0.421082794666, 0.123076967895, 0.0876011103392, 0.292906165123, 0.490999847651, 0.318765759468, 0.0987485945225, 0.0677559524775, 0.11852633208, 0.538888514042, 0.829064846039, 0.566077172756, 0.624185979366, 0.716702878475, 0.375931411982, 0.167662262917, 0.152057051659, 0.183929160237, 0.617540180683, 0.993410229683, 0.600334584713, 0.204120531678, 0.151037201285, 0.124330878258, 0.242399945855, 0.36186632514, 0.292549282312, 0.213377937675, 0.15379062295, 0.124116167426, 0.241694942117, 0.286161720753, 0.190926223993, 0.447905629873], "hpcp": {"dmean2": [0.225393131375, 0.219502210617, 0.156290277839, 0.151694044471, 0.158699914813, 0.230688303709, 0.286494463682, 0.257152944803, 0.184496313334, 0.149121120572, 0.115333810449, 0.124374605715, 0.144577026367, 0.133740082383, 0.126251444221, 0.0972544625401, 0.0823427438736, 0.118064656854, 0.131776258349, 0.11487108469, 0.211803153157, 0.304381579161, 0.334703415632, 0.282166212797, 0.116753049195, 0.0666458904743, 0.114047557116, 0.140315681696, 0.123216576874, 0.0695533677936, 0.0464130192995, 0.0659838393331, 0.168515905738, 0.229920372367, 0.226943969727, 0.242529764771], "median": [0.0684371739626, 0.0424560569227, 0.0182138159871, 0.0148470820859, 0.0198321640491, 0.134633421898, 0.24469448626, 0.135925173759, 0.0160657763481, 0.0112035647035, 0.0113171460107, 0.0379195772111, 0.0697652250528, 0.0672987550497, 0.0467761904001, 0.0338678061962, 0.0263909380883, 0.0570885539055, 0.0605365261436, 0.0360645204782, 0.0989668145776, 0.238440394402, 0.187992423773, 0.0372280180454, 0.0103267906234, 0.00895647890866, 0.0387515574694, 0.0652464479208, 0.0369956195354, 0.0109385857359, 0.0122240809724, 0.026646822691, 0.128373354673, 0.188188195229, 0.138474971056, 0.0802995562553], "min": [0, 0, 0, 0, 0, 0, 0, 0, 0, 0, 0, 0, 0, 0, 0, 0, 0, 0, 0, 0, 0, 0, 0, 0, 0, 0, 0, 0, 0, 0, 0, 0, 0, 0, 0, 0], "dvar2": [0.0990572869778, 0.099838167429, 0.08060079813, 0.0908484607935, 0.0835942551494, 0.0886719971895, 0.117727339268, 0.108280070126, 0.113776691258, 0.110069394112, 0.0827941298485, 0.0653393119574, 0.0592373944819, 0.0570162460208, 0.0622906722128, 0.0507547520101, 0.0392182022333, 0.0491428785026, 0.0534761883318, 0.0466110408306, 0.0820195674896, 0.108979895711, 0.131352558732, 0.150576651096, 0.0559406094253, 0.0268471222371, 0.0408507920802, 0.0542121455073, 0.0490408763289, 0.031406454742, 0.0190690495074, 0.0229240432382, 0.0483316145837, 0.0741425082088, 0.0728686675429, 0.111694589257], "dvar": [0.0392824374139, 0.0338892452419, 0.0284447520971, 0.0318677015603, 0.0301105193794, 0.0331386178732, 0.0476438142359, 0.0412447974086, 0.0421928353608, 0.0402440577745, 0.0297777298838, 0.0238276645541, 0.0226554684341, 0.0204106513411, 0.0218407008797, 0.0179100334644, 0.0136578530073, 0.0174001418054, 0.0193795990199, 0.0166727341712, 0.0291826892644, 0.0463871583343, 0.0599265657365, 0.0578424446285, 0.0196456983685, 0.00928125251085, 0.0149125289172, 0.0216760989279, 0.0175957195461, 0.0110294977203, 0.00678508868441, 0.00801400933415, 0.018133835867, 0.0305617619306, 0.0258256793022, 0.0379382185638], "dmean": [0.127798095345, 0.122753217816, 0.0840409770608, 0.0806504637003, 0.0863504782319, 0.136632442474, 0.17238137126, 0.15173612535, 0.101279012859, 0.0802639573812, 0.0621760636568, 0.0709794014692, 0.0848239809275, 0.0762131363153, 0.0701353251934, 0.0533439815044, 0.0448228791356, 0.0669142082334, 0.0760768428445, 0.0646000280976, 0.122995845973, 0.18323482573, 0.20036098361, 0.162573471665, 0.0632477775216, 0.0363407097757, 0.0674816444516, 0.0852732285857, 0.0725893527269, 0.0386540815234, 0.0256040282547, 0.0370209105313, 0.102021627128, 0.137190386653, 0.131887942553, 0.138784587383], "max": [1, 1, 1, 1, 1, 1, 1, 1, 1, 1, 1, 1, 1, 1, 1, 1, 1, 1, 1, 1, 1, 1, 1, 1, 1, 1, 1, 1, 1, 1, 1, 1, 1, 1, 1, 1], "var": [0.129109233618, 0.0413703769445, 0.0192905273288, 0.0199456252158, 0.0214088559151, 0.0611826218665, 0.122175961733, 0.057757306844, 0.0311304628849, 0.0267491284758, 0.0196497403085, 0.0279875025153, 0.037687394768, 0.0207882300019, 0.0161710809916, 0.0121529493481, 0.00902398768812, 0.0182079561055, 0.0249749589711, 0.0144313527271, 0.0367530211806, 0.121045328677, 0.130637437105, 0.0638865604997, 0.0135136414319, 0.00741747021675, 0.0321876741946, 0.0782637447119, 0.0415417402983, 0.00943939108402, 0.00482361624017, 0.00609137816355, 0.0444132983685, 0.101808123291, 0.0481143444777, 0.0938076004386], "mean": [0.27565202117, 0.14458745718, 0.0644847974181, 0.0584828555584, 0.0707412287593, 0.237512916327, 0.382076770067, 0.230895459652, 0.0785070583224, 0.0580906122923, 0.0478190593421, 0.0932297557592, 0.139177873731, 0.112517759204, 0.0820675641298, 0.059149608016, 0.0477364771068, 0.092958599329, 0.110061019659, 0.0734323784709, 0.172269552946, 0.384611278772, 0.368232429028, 0.16195319593, 0.0473367907107, 0.0336923748255, 0.1126550138, 0.18884408474, 0.122600905597, 0.0379798226058, 0.0260597039014, 0.0455865636468, 0.207262605429, 0.318867683411, 0.217719659209, 0.24006895721]}, "tuning_equal_tempered_deviation": 0.0510108172894, "chords_changes_rate": 0.0306859202683, "key_key": "E", "tuning_diatonic_strength": 0.585852265358, "key_scale": "major", "chords_number_rate": 0.00180505414028, "tuning_frequency": 441.272583008, "tuning_nontempered_energy_ratio": 0.666947364807, "chords_histogram": [47.1634864807, 4.04847860336, 1.93398654461, 0, 0.0515729747713, 0, 0, 0, 0, 0, 0, 0, 0, 0.567302703857, 0, 0.799381136894, 0, 0.128932446241, 0, 7.65858697891, 0.773594617844, 8.38060855865, 9.2057762146, 19.2882938385], "key_strength": 0.787680268288, "chords_key": "E", "chords_strength": {"dmean2": 0.00711283879355, "median": 0.516544222832, "min": -1, "dvar2": 0.000898200669326, "dvar": 0.000529332028236, "dmean": 0.00778911681846, "max": 0.711295723915, "var": 0.0101447338238, "mean": 0.507795453072}, "chords_scale": "major", "hpcp_entropy": {"dmean2": 0.937852621078, "median": 2.14017868042, "min": 0, "dvar2": 0.599220752716, "dvar": 0.217029869556, "dmean": 0.558603107929, "max": 4.34279823303, "var": 0.486312478781, "mean": 2.11396050453}}, "metadata": {"audio_properties": {"equal_loudness": 0, "codec": "mp3", "downmix": "mix", "sample_rate": 44100, "analysis_sample_rate": 44100, "bit_rate": 320000, "md5_encoded": "056ba7515b62631227e79d4d51bab1a1", "length": 180.035919189, "replay_gain": -16.0543422699, "lossless": false}, "version": {"essentia_build_sha": "70f2e5ece6736b2c40cc944ad0e695b16b925413", "essentia": "2.1-beta2", "extractor": "music 1.0", "essentia_git_sha": "v2.1_beta2"}, "tags": {"title": ["Why Should You Tell the Truth"], "artist": ["The Hobbes Fanclub"], "albumartist": ["The Hobbes Fanclub"], "date": ["2014"], "file_name": "2124663.mp3", "album": ["Up At Lagrange"], "tracknumber": ["9"], "discnumber": ["1"], "musicbrainz_recordingid": ["19baf5a4-f43b-4fdb-ab42-44c3c52647da"]}}, "rhythm": {"bpm_histogram_first_peak_bpm": {"dmean2": 0, "median": 167, "min": 167, "dvar2": 0, "dvar": 0, "dmean": 0, "max": 167, "var": 0, "mean": 167}, "bpm": 164.495758057, "bpm_histogram_second_peak_spread": {"dmean2": 0, "median": 0.0223463773727, "min": 0.0223463773727, "dvar2": 0, "dvar": 0, "dmean": 0, "max": 0.0223463773727, "var": 0, "mean": 0.0223463773727}, "bpm_histogram_first_peak_weight": {"dmean2": 0, "median": 0.502118647099, "min": 0.502118647099, "dvar2": 0, "dvar": 0, "dmean": 0, "max": 0.502118647099, "var": 0, "mean": 0.502118647099}, "onset_rate": 2.13277006149, "beats_position": [0.383129239082, 0.766258478165, 1.16099774837, 1.53251695633, 1.89242625237, 2.2523355484, 2.61224484444, 2.97215414047, 3.33206343651, 3.69197273254, 4.04027223587, 4.38857126236, 4.73687076569, 5.0967798233, 5.45668935776, 5.8282084465, 6.18811798096, 6.54802703857, 6.90793657303, 7.26784563065, 7.61614513397, 7.97605419159, 8.33596324921, 8.6958732605, 9.06739234924, 9.42730140686, 9.77560043335, 10.1355104446, 10.4954195023, 10.8437185287, 11.2036275864, 11.5635375977, 11.9234466553, 12.2833557129, 12.6316547394, 12.9799547195, 13.3398637772, 13.6997728348, 14.0596818924, 14.4195919037, 14.7795009613, 15.1394100189, 15.4993190765, 15.8592290878, 16.2191371918, 16.5790481567, 16.9389572144, 17.3104763031, 17.6819953918, 18.0535144806, 18.4134235382, 18.784942627, 19.1448516846, 19.5047607422, 19.8646717072, 20.2361907959, 20.5960998535, 20.9676189423, 21.3275279999, 21.6874370575, 22.0589561462, 22.4072551727, 22.7671642303, 23.1270751953, 23.4869842529, 23.8468933105, 24.2068023682, 24.5667114258, 24.9266204834, 25.286529541, 25.6464385986, 26.0179595947, 26.3778686523, 26.7493877411, 27.1092967987, 27.4692058563, 27.8175048828, 28.1658039093, 28.537322998, 28.9088420868, 29.2803630829, 29.6518821716, 30.0117912292, 30.3717002869, 30.7316093445, 31.0915184021, 31.4630374908, 31.8345565796, 32.2060775757, 32.5775947571, 32.9375038147, 33.3090248108, 33.6805419922, 34.0404510498, 34.4003639221, 34.7602729797, 35.1317901611, 35.5033111572, 35.8632202148, 36.2231292725, 36.5946464539, 36.96616745, 37.3376846313, 37.7092056274, 38.0691146851, 38.4406356812, 38.8005447388, 39.1604537964, 39.520362854, 39.8918800354, 40.2634010315, 40.6349182129, 41.006439209, 41.3779602051, 41.7494773865, 42.1093864441, 42.4692955017, 42.8408164978, 43.2123336792, 43.5838546753, 43.9553718567, 44.3268928528, 44.6984100342, 45.0699310303, 45.4414520264, 45.8129692078, 46.1728782654, 46.5443992615, 46.9043083191, 47.2758255005, 47.6357345581, 48.0072555542, 48.3787727356, 48.7502937317, 49.1102027893, 49.4817237854, 49.8532409668, 50.2131500244, 50.573059082, 50.9329681396, 51.2928771973, 51.6527900696, 52.0126991272, 52.3726081848, 52.7325172424, 53.1040344238, 53.4755554199, 53.8354644775, 54.1953735352, 54.5668907166, 54.9384117126, 55.3099327087, 55.6814498901, 56.0529708862, 56.4128799438, 56.7727890015, 57.1326980591, 57.4926071167, 57.8525161743, 58.2240333557, 58.583946228, 58.9554634094, 59.315372467, 59.6752815247, 60.0468025208, 60.4183197021, 60.7782287598, 61.1497497559, 61.5096588135, 61.8811798096, 62.252696991, 62.6126060486, 62.9841270447, 63.3556442261, 63.7155532837, 64.0870742798, 64.4469833374, 64.806892395, 65.1668014526, 65.5267105103, 65.8982315063, 66.258140564, 66.6180496216, 66.9895706177, 67.3610839844, 67.720993042, 68.0809020996, 68.4524230957, 68.8239440918, 69.1838531494, 69.543762207, 69.9036712646, 70.2635803223, 70.6234893799, 70.9833984375, 71.3433074951, 71.7032165527, 72.0631256104, 72.423034668, 72.7945556641, 73.1660766602, 73.5259857178, 73.8858947754, 74.245803833, 74.6057128906, 74.9772338867, 75.3487548828, 75.7202682495, 76.0801773071, 76.4516983032, 76.8116073608, 77.1715164185, 77.5314254761, 77.9029464722, 78.2744674683, 78.6459884644, 79.0175018311, 79.3774108887, 79.7373199463, 80.1088409424, 80.4571380615, 80.8170471191, 81.1769561768, 81.5368728638, 81.9083862305, 82.2799072266, 82.6398162842, 82.9997253418, 83.3596343994, 83.719543457, 84.0794525146, 84.4393615723, 84.8108825684, 85.170791626, 85.5307006836, 85.8906097412, 86.2505187988, 86.6104278564, 86.9819488525, 87.3534698486, 87.7249908447, 88.0965042114, 88.4680252075, 88.8279342651, 89.1878433228, 89.5477523804, 89.907661438, 90.2791824341, 90.6507034302, 91.0222167969, 91.3821334839, 91.7652587891, 92.1367797852, 92.5083007812, 92.8798141479, 93.251335144, 93.6112442017, 93.9711532593, 94.3426742554, 94.702583313, 95.0624923706, 95.4340133667, 95.8055343628, 96.1770477295, 96.5485687256, 96.9200897217, 97.2799987793, 97.6515197754, 98.0230331421, 98.3945541382, 98.7544631958, 99.1259841919, 99.497505188, 99.8690261841, 100.228935242, 100.600448608, 100.971969604, 101.343490601, 101.715011597, 102.074920654, 102.44644165, 102.817955017, 103.177864075, 103.549385071, 103.920906067, 104.280815125, 104.652336121, 105.023849487, 105.395370483, 105.766891479, 106.138412476, 106.509933472, 106.881446838, 107.252967834, 107.624488831, 107.996009827, 108.367523193, 108.739044189, 109.098953247, 109.458862305, 109.830383301, 110.201904297, 110.573425293, 110.94493866, 111.316459656, 111.676368713, 112.036277771, 112.396186829, 112.756095886, 113.127616882, 113.499137878, 113.870658875, 114.230567932, 114.59047699, 114.950386047, 115.310295105, 115.670204163, 116.03011322, 116.401634216, 116.773147583, 117.133056641, 117.492965698, 117.841270447, 118.201179504, 118.561088562, 118.92099762, 119.280906677, 119.652427673, 120.02394104, 120.383850098, 120.755371094, 121.115280151, 121.486801147, 121.846710205, 122.206619263, 122.578140259, 122.949661255, 123.309570312, 123.66947937, 124.029388428, 124.400901794, 124.772422791, 125.132331848, 125.503852844, 125.87537384, 126.246894836, 126.618408203, 126.989929199, 127.361450195, 127.732971191, 128.104492188, 128.476013184, 128.835922241, 129.195831299, 129.567337036, 129.927261353, 130.28717041, 130.647079468, 131.006988525, 131.366897583, 131.726806641, 132.098312378, 132.446624756, 132.806533813, 133.166442871, 133.537963867, 133.909469604, 134.269378662, 134.62928772, 135.000808716, 135.349105835, 135.709014893, 136.068939209, 136.428848267, 136.788757324, 137.160263062, 137.531784058, 137.891693115, 138.251602173, 138.61151123, 138.971420288, 139.331329346, 139.691238403, 140.051147461, 140.411056519, 140.770965576, 141.130874634, 141.490783691, 141.850692749, 142.222213745, 142.582122803, 142.94203186, 143.313552856, 143.673461914, 144.033370972, 144.393280029, 144.753189087, 145.124710083, 145.484619141, 145.844528198, 146.216049194, 146.575958252, 146.93586731, 147.295776367, 147.655685425, 148.015594482, 148.37550354, 148.723800659, 149.095321655, 149.466842651, 149.826751709, 150.198272705, 150.558181763, 150.929702759, 151.289611816, 151.649520874, 152.009429932, 152.369338989, 152.729248047, 153.089157104, 153.437454224, 153.797363281, 154.157272339, 154.517181396, 154.877090454, 155.236999512, 155.596908569, 155.956817627, 156.316726685, 156.676635742, 157.0365448, 157.408065796, 157.79119873, 158.174331665, 158.545852661, 159.010253906, 159.474639893, 159.939041138, 160.403442383, 160.914276123, 161.425125122, 161.982406616, 162.528076172, 163.073745728, 163.631011963, 164.188293457, 164.745574951, 165.291244507, 165.836914062, 166.382583618, 166.928253174, 167.485534668, 168.06602478, 168.646530151, 169.227020264, 169.819137573, 170.411239624, 171.014968872, 171.618682861, 172.222396851, 172.768066406, 173.313735962, 173.847793579, 174.370239258, 174.904312134, 175.426757812, 175.949203491, 176.47164917, 177.040542603, 177.609436035, 178.189926147, 178.770431519, 179.350921631], "beats_loudness": {"dmean2": 0.0257095657289, "median": 0.0358609817922, "min": 6.73246614014e-09, "dvar2": 0.000439202151028, "dvar": 0.000142848133692, "dmean": 0.0142940608785, "max": 0.0823051705956, "var": 0.000311259151204, "mean": 0.0354230068624}, "danceability": 0.983557701111, "bpm_histogram_second_peak_weight": {"dmean2": 0, "median": 0.370762735605, "min": 0.370762735605, "dvar2": 0, "dvar": 0, "dmean": 0, "max": 0.370762735605, "var": 0, "mean": 0.370762735605}, "beats_count": 473, "bpm_histogram_second_peak_bpm": {"dmean2": 0, "median": 161, "min": 161, "dvar2": 0, "dvar": 0, "dmean": 0, "max": 161, "var": 0, "mean": 161}, "bpm_histogram_first_peak_spread": {"dmean2": 0, "median": 0, "min": 0, "dvar2": 0, "dvar": 0, "dmean": 0, "max": 0, "var": 0, "mean": 0}, "beats_loudness_band_ratio": {"dmean2": [0.314489305019, 0.169666796923, 0.179574877024, 0.101586565375, 0.0975410416722, 0.0421933084726], "median": [0.440440237522, 0.14489518106, 0.123505160213, 0.0529393404722, 0.106180652976, 0.0400150418282], "min": [4.32818960689e-05, 5.0361319154e-05, 5.01813483424e-05, 5.41312692803e-05, 2.50860648521e-06, 1.41713690027e-05], "dvar2": [0.0562031976879, 0.0210093483329, 0.0276375263929, 0.0155415534973, 0.00858698785305, 0.00543733127415], "dvar": [0.0182419754565, 0.00850805733353, 0.0104457093403, 0.00550383701921, 0.00278980913572, 0.00262911454774], "dmean": [0.176765576005, 0.0986947640777, 0.101773798466, 0.0575031191111, 0.0549623928964, 0.0244221705943], "max": [0.99294257164, 0.928503394127, 0.914686083794, 0.58301204443, 0.394031345844, 0.999433100224], "var": [0.0540357939899, 0.0172876249999, 0.0191632602364, 0.00849815644324, 0.00477369036525, 0.00450164312497], "mean": [0.449095726013, 0.178974092007, 0.158854946494, 0.0862279310822, 0.112150862813, 0.0492725893855]}}, "lowlevel": {"barkbands_spread": {"dmean2": 6.42024898529, "median": 25.0492191315, "min": 0.151445165277, "dvar2": 52.522403717, "dvar": 21.9865932465, "dmean": 4.0788192749, "max": 130.493896484, "var": 133.972412109, "mean": 24.5499095917}, "melbands_spread": {"dmean2": 8.73011207581, "median": 24.8790225983, "min": 0.338999122381, "dvar2": 90.5202255249, "dvar": 32.68957901, "dmean": 5.33592319489, "max": 149.336898804, "var": 205.262481689, "mean": 25.077123642}, "hfc": {"dmean2": 5.32697534561, "median": 22.8010444641, "min": 1.25033828832e-16, "dvar2": 41.5853004456, "dvar": 18.397901535, "dmean": 3.52581834793, "max": 85.3605880737, "var": 229.840744019, "mean": 23.7635040283}, "barkbands_kurtosis": {"dmean2": 8.4712228775, "median": 0.511224746704, "min": -1.94919896126, "dvar2": 4074.39477539, "dvar": 1625.09130859, "dmean": 5.51228141785, "max": 2053.09643555, "var": 13391.2460938, "mean": 13.6424655914}, "gfcc": {"mean": [-11.575009346, 109.838417053, -118.046646118, 27.362443924, -35.1551704407, 1.79716861248, -39.1429290771, 13.7459754944, -18.3416118622, 3.59826946259, -14.9022388458, -5.74046230316, -4.78162336349], "icov": [[0.000526710646227, -0.000601514708251, 0.000998222851194, -0.000714189081918, 0.00134746357799, -0.00102831202094, 0.0011773398146, -0.00147265649866, 0.00151077040937, -0.000684257713147, 0.000927363347728, -0.00134980061557, 0.000781078182627], [-0.000601514708251, 0.0020393722225, -0.000698399671819, 0.0013839865569, -0.00227819243446, 0.00197420781478, -0.00106647412758, 0.00247682724148, -0.00268126139417, 0.00118636980187, -0.00131982902531, 0.0033000940457, -0.00184052623808], [0.000998222851194, -0.000698399671819, 0.00338261690922, -0.000308017100906, 0.00228984933347, -0.00351645168848, 0.00252003944479, -0.00137482734863, 0.00131935835816, -0.000852690194733, 0.00271408911794, -0.00229658163153, 0.00196903152391], [-0.000714189081918, 0.0013839865569, -0.000308017100906, 0.00385407870635, -0.00239512347616, -0.000415971560869, -0.000763831078075, 0.00399846304208, -0.00436103297397, 0.000409552943893, 0.000643423991278, 0.000281956541585, -6.93328111083e-05], [0.00134746357799, -0.00227819243446, 0.00228984933347, -0.00239512347616, 0.01028627716, -0.00229227961972, 0.000290544820018, -0.00352211878635, 0.00427471334115, -0.00370752089657, 0.00198769033886, -0.00209961668588, 0.000685629202053], [-0.00102831202094, 0.00197420781478, -0.00351645168848, -0.000415971560869, -0.00229227961972, 0.00999240670353, -0.00290856719948, -0.00159798539244, -0.00112644291949, 0.00180191639811, -0.00202200515196, 0.00229675602168, -0.00111010333057], [0.0011773398146, -0.00106647412758, 0.00252003944479, -0.000763831078075, 0.000290544820018, -0.00290856719948, 0.0117038618773, -0.0019706224557, -0.00135475210845, -0.000815778854303, 0.0020495869685, -0.00164462858811, -0.00150556606241], [-0.00147265649866, 0.00247682724148, -0.00137482734863, 0.00399846304208, -0.00352211878635, -0.00159798539244, -0.0019706224557, 0.0169243905693, -0.00782105792314, -0.00357643445022, 0.00138537795283, 0.000463945383672, -0.00450904015452], [0.00151077040937, -0.00268126139417, 0.00131935835816, -0.00436103297397, 0.00427471334115, -0.00112644291949, -0.00135475210845, -0.00782105792314, 0.0199376922101, -0.00417411746457, -0.00276442081667, -7.62954805396e-05, 0.00486704753712], [-0.000684257713147, 0.00118636980187, -0.000852690194733, 0.000409552943893, -0.00370752089657, 0.00180191639811, -0.000815778854303, -0.00357643445022, -0.00417411746457, 0.0181481447071, -0.00793117005378, 0.00235674344003, 0.00374291860498], [0.000927363347728, -0.00131982902531, 0.00271408911794, 0.000643423991278, 0.00198769033886, -0.00202200515196, 0.0020495869685, 0.00138537795283, -0.00276442081667, -0.00793117005378, 0.0225590784103, -0.00929529499263, -0.00203329324722], [-0.00134980061557, 0.0033000940457, -0.00229658163153, 0.000281956541585, -0.00209961668588, 0.00229675602168, -0.00164462858811, 0.000463945383672, -7.62954805396e-05, 0.00235674344003, -0.00929529499263, 0.0252166446298, -0.0113630387932], [0.000781078182627, -0.00184052623808, 0.00196903152391, -6.93328111083e-05, 0.000685629202053, -0.00111010333057, -0.00150556606241, -0.00450904015452, 0.00486704753712, 0.00374291860498, -0.00203329324722, -0.0113630387932, 0.0249474570155]], "cov": [[26162.3085938, -4103.39453125, -2353.60913086, 2516.17163086, -1533.76855469, 1723.59082031, -1511.65112305, 1386.95458984, -922.402282715, 325.039703369, -298.214385986, 1129.85119629, -29.2840633392], [-4103.39453125, 3284.2956543, -694.070678711, -858.272766113, 552.63293457, -1007.65509033, 400.13494873, -511.109771729, 243.953582764, -89.6100234985, 153.478759766, -429.006744385, 77.8706283569], [-2353.60913086, -694.070678711, 1378.67834473, -92.3271484375, -92.8706359863, 333.420623779, -37.3188934326, 23.2361526489, 15.3138904572, -45.3549308777, -94.4365310669, -15.2233905792, -78.0659484863], [2516.17163086, -858.272766113, -92.3271484375, 788.624938965, -125.76914978, 322.516784668, -132.408920288, 127.003967285, -26.2153224945, 52.4843635559, -55.1456451416, 132.604187012, -46.7040977478], [-1533.76855469, 552.63293457, -92.8706359863, -125.76914978, 282.455963135, -176.380950928, 142.362442017, -92.5579071045, 74.7773895264, 10.2541589737, 40.3355026245, -88.2010269165, 19.0102806091], [1723.59082031, -1007.65509033, 333.420623779, 322.516784668, -176.380950928, 500.662231445, -130.899551392, 211.225128174, -71.4507522583, 33.6672706604, -62.2112426758, 138.663467407, -29.3449249268], [-1511.65112305, 400.13494873, -37.3188934326, -132.408920288, 142.362442017, -130.899551392, 221.627700806, -73.4515914917, 88.3324966431, -3.8668448925, 36.3289756775, -70.8643493652, 23.8190803528], [1386.95458984, -511.109771729, 23.2361526489, 127.003967285, -92.5579071045, 211.225128174, -73.4515914917, 218.487030029, -25.6104030609, 57.8190040588, -15.8773241043, 96.1909332275, 3.22749567032], [-922.402282715, 243.953582764, 15.3138904572, -26.2153224945, 74.7773895264, -71.4507522583, 88.3324966431, -25.6104030609, 135.173828125, 27.4787826538, 33.7958374023, -55.7960510254, -12.0901765823], [325.039703369, -89.6100234985, -45.3549308777, 52.4843635559, 10.2541589737, 33.6672706604, -3.8668448925, 57.8190040588, 27.4787826538, 98.7915725708, 28.215297699, 16.7827758789, -11.8678588867], [-298.214385986, 153.478759766, -94.4365310669, -55.1456451416, 40.3355026245, -62.2112426758, 36.3289756775, -15.8773241043, 33.7958374023, 28.215297699, 86.1200485229, 7.16651630402, 22.8628845215], [1129.85119629, -429.006744385, -15.2233905792, 132.604187012, -88.2010269165, 138.663467407, -70.8643493652, 96.1909332275, -55.7960510254, 16.7827758789, 7.16651630402, 141.261260986, 29.5414829254], [-29.2840633392, 77.8706283569, -78.0659484863, -46.7040977478, 19.0102806091, -29.3449249268, 23.8190803528, 3.22749567032, -12.0901765823, -11.8678588867, 22.8628845215, 29.5414829254, 72.4285583496]]}, "spectral_energyband_middle_low": {"dmean2": 0.00577999697998, "median": 0.0107737332582, "min": 5.31417751767e-22, "dvar2": 6.59396755509e-05, "dvar": 3.29904323735e-05, "dmean": 0.00394062371925, "max": 0.0678962469101, "var": 0.000117994306493, "mean": 0.0130631765351}, "melbands_crest": {"dmean2": 4.21267747879, "median": 12.5084524155, "min": 1.73704636097, "dvar2": 14.3583507538, "dvar": 5.6104683876, "dmean": 2.61959552765, "max": 33.8045501709, "var": 25.5695343018, "mean": 13.2562770844}, "spectral_kurtosis": {"dmean2": 8.85053730011, "median": 5.24851131439, "min": -1.19225108624, "dvar2": 2067.9921875, "dvar": 633.256591797, "dmean": 5.03519821167, "max": 772.686218262, "var": 2460.22216797, "mean": 13.9597291946}, "spectral_rms": {"dmean2": 0.000877773505636, "median": 0.00543380482122, "min": 3.32696717398e-12, "dvar2": 8.40504185362e-07, "dvar": 3.29518684339e-07, "dmean": 0.000555246544536, "max": 0.00952552445233, "var": 3.61183333553e-06, "mean": 0.00507605215535}, "zerocrossingrate": {"dmean2": 0.00858897622675, "median": 0.056640625, "min": 0.00244140625, "dvar2": 8.57021077536e-05, "dvar": 7.46192745282e-05, "dmean": 0.00672882283106, "max": 0.85302734375, "var": 0.00496472744271, "mean": 0.0635589808226}, "silence_rate_60dB": {"dmean2": 0.0108345160261, "median": 0, "min": 0, "dvar2": 0.0125233298168, "dvar": 0.00538670830429, "dmean": 0.00541655905545, "max": 1, "var": 0.0999993085861, "mean": 0.112701483071}, "erbbands_kurtosis": {"dmean2": 0.867763519287, "median": -0.462637901306, "min": -1.87140643597, "dvar2": 1.60352766514, "dvar": 1.39976811409, "dmean": 0.576203465462, "max": 130.571594238, "var": 11.1046657562, "mean": -0.0896949842572}, "erbbands": {"dmean2": [0.110945701599, 1.40190339088, 2.60331273079, 4.85449790955, 8.16238307953, 8.47931861877, 9.81598949432, 14.2187709808, 19.3349704742, 19.3808860779, 11.9689149857, 25.1862659454, 37.5352516174, 23.7803535461, 25.0282993317, 24.2488098145, 14.6326007843, 21.5524272919, 38.737197876, 30.4304103851, 38.4438781738, 52.9452018738, 9.28887653351, 16.7345981598, 11.8628206253, 3.92876815796, 3.53731679916, 1.95823478699, 1.35756134987, 0.87622064352, 0.91974657774, 0.929610967636, 0.998113155365, 0.881532609463, 0.440035581589, 0.15361315012, 0.0488134548068, 0.00490031018853, 0.000420831958763, 2.56037365034e-05], "median": [0.0785463601351, 0.971667468548, 3.0042424202, 2.8327729702, 4.27164268494, 7.47300434113, 7.48208856583, 13.8942699432, 16.6523227692, 14.0988473892, 9.68104839325, 12.200594902, 16.6328868866, 10.2500953674, 9.42931652069, 11.2095251083, 12.8174266815, 22.6083049774, 38.4776725769, 33.8289680481, 52.0932540894, 62.8425216675, 18.4190254211, 27.3127822876, 20.9808559418, 7.10551929474, 5.0702419281, 3.14529490471, 1.82845103741, 0.559855639935, 0.669599413872, 0.667236745358, 0.555222511292, 0.486150473356, 0.196527004242, 0.0435241274536, 0.0134038059041, 0.00231871055439, 0.000285688787699, 5.67261377e-05], "min": [6.19063656704e-22, 5.75590963526e-21, 1.29916575033e-20, 1.11062413071e-19, 1.39116876856e-19, 1.73547895037e-19, 7.38878927067e-19, 1.12390053464e-18, 8.67630364892e-19, 9.35692543452e-19, 2.16882517311e-18, 3.54604594463e-18, 1.3635173873e-18, 1.89387736853e-18, 3.59103795251e-18, 4.54432183585e-18, 4.10653277435e-18, 1.11187219116e-17, 7.88792566531e-18, 9.56331216723e-18, 3.93790787057e-18, 7.51520966183e-18, 1.59459461344e-17, 1.54859427239e-17, 1.21145241192e-17, 1.14677400177e-17, 1.55994236321e-17, 2.22663124265e-17, 2.4920427301e-17, 1.98155582512e-17, 1.57077131549e-17, 9.62737647849e-18, 1.33964356929e-17, 1.09697748074e-17, 1.04093864122e-17, 7.1657994721e-18, 3.85547187791e-18, 1.53016646678e-18, 3.78943251784e-19, 3.92140543641e-20], "dvar2": [0.0230524074286, 4.36571121216, 11.3766126633, 74.9264831543, 238.890716553, 141.642425537, 269.761077881, 562.779418945, 793.48815918, 2396.55004883, 528.013549805, 3174.03442383, 9115.55761719, 3515.54467773, 6317.47314453, 6166.17578125, 747.216491699, 754.277038574, 2662.53881836, 1580.54248047, 2204.60351562, 4470.74023438, 114.84462738, 350.005340576, 191.996658325, 27.259973526, 27.9962406158, 8.89221572876, 4.62570095062, 4.20464468002, 6.25355529785, 9.36286258698, 7.31586742401, 4.00294923782, 2.12117147446, 0.343442112207, 0.0290941521525, 0.00015419095871, 1.35810955726e-06, 2.5614701471e-09], "dvar": [0.00854551512748, 1.38191390038, 4.11410617828, 37.6942710876, 127.69077301, 49.6734237671, 109.260482788, 302.12298584, 311.881896973, 1227.45532227, 234.674789429, 1376.92944336, 3647.89746094, 1398.1842041, 2683.50317383, 2347.40649414, 289.777954102, 280.996124268, 953.019470215, 591.713928223, 763.736022949, 1565.89697266, 40.4484710693, 124.304801941, 72.1848373413, 10.5593576431, 10.8359365463, 3.72513604164, 2.1828315258, 2.28905367851, 3.05292010307, 4.18316793442, 3.27193069458, 1.86865699291, 1.01184284687, 0.149008840322, 0.0116434562951, 6.72588430461e-05, 6.31383613836e-07, 1.32959177002e-09], "dmean": [0.0683581680059, 0.817147374153, 1.54335570335, 3.17562031746, 5.35163927078, 5.15367937088, 6.23173475266, 10.0970745087, 12.0542850494, 13.2913122177, 7.80571889877, 16.6873035431, 24.5678005219, 15.1883630753, 15.975186348, 14.8236351013, 9.01520824432, 12.7410593033, 22.4248104095, 18.3649024963, 22.8204708099, 31.0835533142, 5.51148080826, 9.85360908508, 7.10039806366, 2.40082240105, 2.14350962639, 1.24326407909, 0.912923932076, 0.678690731525, 0.661934137344, 0.635701417923, 0.667138278484, 0.580013394356, 0.304291635752, 0.110914669931, 0.0318112969398, 0.0033781696111, 0.000291279604426, 1.81832983799e-05], "max": [0.944773495197, 12.2676429749, 33.9090881348, 77.8132858276, 130.505126953, 103.916694641, 199.892776489, 420.155181885, 291.798370361, 1040.12646484, 437.609130859, 1006.8951416, 1602.11254883, 912.967956543, 1408.55969238, 1394.49841309, 391.165252686, 328.207061768, 756.269897461, 469.313140869, 429.392150879, 680.685058594, 115.141174316, 155.473587036, 218.008178711, 98.8591690063, 106.859069824, 56.9090003967, 42.2625160217, 42.5947570801, 70.2537231445, 88.5964355469, 46.025188446, 45.4779281616, 41.4165992737, 6.57033061981, 1.68434417248, 0.146719366312, 0.0306051671505, 0.00132724654395], "var": [0.0165702626109, 1.83123719692, 12.2330846786, 80.8501739502, 248.227478027, 114.083068848, 308.985290527, 1600.34240723, 1100.27478027, 3380.9309082, 773.113708496, 3650.97216797, 9197.76953125, 3559.69921875, 5807.48632812, 4101.09960938, 721.346008301, 634.820007324, 1752.92358398, 1537.01733398, 2423.90991211, 3871.85327148, 173.515319824, 405.786621094, 259.04196167, 36.1183395386, 29.0783691406, 11.4865016937, 7.07302951813, 7.17071866989, 8.34274673462, 8.47515964508, 7.47555494308, 8.2744436264, 2.64412021637, 0.218077525496, 0.0148688675836, 0.000160068724654, 1.54944791575e-06, 4.49121273505e-09], "mean": [0.122021585703, 1.35737860203, 3.91895079613, 5.74237346649, 9.35672569275, 10.5406837463, 13.1280069351, 26.2237529755, 27.3101234436, 29.6848087311, 17.6996307373, 33.6601829529, 52.1672172546, 33.2148590088, 28.6634941101, 26.594461441, 19.5074119568, 27.727973938, 45.776348114, 41.0406608582, 59.271938324, 71.5090637207, 18.7276477814, 27.9762268066, 21.7615833282, 7.6655163765, 6.01930046082, 3.82057499886, 2.54254889488, 1.59528851509, 1.7102342844, 1.62047839165, 1.50803291798, 1.57775700092, 0.758610486984, 0.203861415386, 0.0538641512394, 0.00714980624616, 0.00067861599382, 7.0157526352e-05]}, "spectral_strongpeak": {"dmean2": 0.828456819057, "median": 0.37372097373, "min": 0, "dvar2": 1.73016738892, "dvar": 0.662853658199, "dmean": 0.477467775345, "max": 7.83416891098, "var": 1.02873778343, "mean": 0.794367015362}, "spectral_energy": {"dmean2": 0.0101638715714, "median": 0.0302643906325, "min": 1.13454275282e-20, "dvar2": 0.000123649166198, "dvar": 5.04052586621e-05, "dmean": 0.0064035942778, "max": 0.0930039957166, "var": 0.000286896480247, "mean": 0.0301125086844}, "average_loudness": 0.922661602497, "spectral_rolloff": {"dmean2": 674.320068359, "median": 1636.5234375, "min": 64.599609375, "dvar2": 940647.0625, "dvar": 399107.53125, "dmean": 390.034698486, "max": 19875.1464844, "var": 3403326.5, "mean": 1638.1472168}, "spectral_centroid": {"dmean2": 261.214385986, "median": 1456.58422852, "min": 150.743774414, "dvar2": 75693.71875, "dvar": 41391.5, "dmean": 167.479568481, "max": 11373.3964844, "var": 322646.6875, "mean": 1408.51501465}, "pitch_salience": {"dmean2": 0.102601185441, "median": 0.565685510635, "min": 0.0393426641822, "dvar2": 0.009188355878, "dvar": 0.00319140590727, "dmean": 0.0620895177126, "max": 0.852679610252, "var": 0.0118190674111, "mean": 0.551570892334}, "spectral_energyband_middle_high": {"dmean2": 0.00267891236581, "median": 0.0065912688151, "min": 1.60423854304e-21, "dvar2": 1.97402750928e-05, "dvar": 7.89229488873e-06, "dmean": 0.00165584345814, "max": 0.0748546794057, "var": 4.74198532174e-05, "mean": 0.00782295688987}, "spectral_contrast_coeffs": {"dmean2": [0.0726447701454, 0.0689420700073, 0.056836578995, 0.0458260327578, 0.0328381471336, 0.0301404036582], "median": [-0.660580515862, -0.729653120041, -0.761039018631, -0.782343924046, -0.763200700283, -0.777559161186], "min": [-0.945385813713, -0.957772731781, -0.964228272438, -0.960410475731, -0.964462578297, -0.968658447266], "dvar2": [0.00340386247262, 0.00315036298707, 0.00208910205401, 0.00129058724269, 0.000655342882965, 0.00114865868818], "dvar": [0.00135830568615, 0.00116661633365, 0.000798815861344, 0.000454535678728, 0.00023705305648, 0.000439305178588], "dmean": [0.0448601059616, 0.0417853295803, 0.0347460880876, 0.0270524267107, 0.0193973574787, 0.0183685030788], "max": [-0.328229665756, -0.470629572868, -0.476514816284, -0.650612235069, -0.636533141136, -0.589095413685], "var": [0.00538647500798, 0.00459521450102, 0.00433428725228, 0.00146466121078, 0.00157978595234, 0.00356252817437], "mean": [-0.654134452343, -0.728549003601, -0.754830300808, -0.783238649368, -0.768581867218, -0.77370929718]}, "melbands_skewness": {"dmean2": 0.888141989708, "median": 2.08762288094, "min": -1.2927094698, "dvar2": 1.37435019016, "dvar": 0.543018937111, "dmean": 0.562607347965, "max": 26.4678897858, "var": 4.94813776016, "mean": 2.59514951706}, "spectral_spread": {"dmean2": 561979.375, "median": 3595872.5, "min": 160032.265625, "dvar2": 880823238656, "dvar": 520019574784, "dmean": 402044.25, "max": 39717748, "var": 7911845134340.0, "mean": 4198719.5}, "dissonance": {"dmean2": 0.0199802685529, "median": 0.478677928448, "min": 0.216086775064, "dvar2": 0.000371308269678, "dvar": 0.00013208159362, "dmean": 0.0118758166209, "max": 0.500000059605, "var": 0.000666737731081, "mean": 0.472315818071}, "spectral_skewness": {"dmean2": 0.465255200863, "median": 1.63523995876, "min": -0.0274689812213, "dvar2": 1.03116190434, "dvar": 0.317897856236, "dmean": 0.274399966002, "max": 21.2559909821, "var": 4.28773260117, "mean": 1.98399782181}, "spectral_flux": {"dmean2": 0.0264746844769, "median": 0.0756880566478, "min": 1.06514914944e-10, "dvar2": 0.00091509061167, "dvar": 0.000339301594067, "dmean": 0.0160776227713, "max": 0.216112092137, "var": 0.00126616552006, "mean": 0.0741676017642}, "spectral_contrast_valleys": {"dmean2": [0.565787613392, 0.495706647635, 0.437721759081, 0.337873488665, 0.243796855211, 0.404840767384], "median": [-6.77475833893, -6.31135368347, -7.02995109558, -6.99007368088, -6.88488483429, -9.92188262939], "min": [-27.9368572235, -27.537273407, -27.4121398926, -27.1756000519, -27.109577179, -27.2772407532], "dvar2": [0.239551156759, 0.184602946043, 0.143661439419, 0.100252591074, 0.0726350322366, 0.472415566444], "dvar": [0.105748340487, 0.0871146842837, 0.0710778236389, 0.0549945421517, 0.0451327748597, 0.188736245036], "dmean": [0.337718963623, 0.296392261982, 0.262739211321, 0.200295120478, 0.150348499417, 0.287102103233], "max": [-5.49184989929, -5.01628398895, -5.50373601913, -6.10441207886, -6.16283416748, -7.91369342804], "var": [1.94307029247, 1.90433442593, 2.34970021248, 2.48698210716, 3.59255695343, 4.49902868271], "mean": [-7.10216426849, -6.69638633728, -7.46171808243, -7.49025297165, -7.5736989975, -10.627494812]}, "erbbands_flatness_db": {"dmean2": 0.0181466154754, "median": 0.151434674859, "min": 0.0477381236851, "dvar2": 0.000303145381622, "dvar": 0.000159912655363, "dmean": 0.0124612143263, "max": 0.536920130253, "var": 0.00576134212315, "mean": 0.167231172323}, "spectral_energyband_high": {"dmean2": 0.000203618634259, "median": 0.000355161435436, "min": 8.23687874728e-21, "dvar2": 1.76455642986e-07, "dvar": 9.41752063e-08, "dmean": 0.000153132103151, "max": 0.00663453806192, "var": 4.13350250028e-07, "mean": 0.000559219333809}, "spectral_entropy": {"dmean2": 0.125268176198, "median": 7.64421319962, "min": 3.60699248314, "dvar2": 0.020015059039, "dvar": 0.0112458914518, "dmean": 0.0863106250763, "max": 9.79032993317, "var": 0.387408405542, "mean": 7.51827335358}, "silence_rate_20dB": {"dmean2": 0, "median": 1, "min": 1, "dvar2": 0, "dvar": 0, "dmean": 0, "max": 1, "var": 0, "mean": 1}, "melbands_flatness_db": {"dmean2": 0.0308299213648, "median": 0.182198807597, "min": 0.00359684810974, "dvar2": 0.00102107226849, "dvar": 0.000380306999432, "dmean": 0.0190181024373, "max": 0.774192154408, "var": 0.0118446704, "mean": 0.216703683138}, "barkbands": {"dmean2": [3.90218483517e-05, 0.00547940889373, 0.00236772722565, 0.00247712177224, 0.00220159860328, 0.0016026875237, 0.00145761657041, 0.000516426225659, 0.00136105821002, 0.00116317276843, 0.000596838362981, 0.000694182817824, 0.000317647733027, 0.000932248949539, 0.00050292420201, 0.000528952747118, 0.000916324206628, 0.00016048263933, 0.000365807529306, 8.57389313751e-05, 6.85977574904e-05, 3.74796836695e-05, 3.24723478116e-05, 5.0150869356e-05, 6.60820805933e-05, 2.78070729109e-05, 2.51258484241e-06], "median": [3.49496367562e-05, 0.00387686863542, 0.00194917363115, 0.000667568820063, 0.00209620222449, 0.00139972975012, 0.00128323608078, 0.000368401320884, 0.000601403589826, 0.000378437776817, 0.000142243108712, 0.000273062614724, 0.000236910869717, 0.000736786343623, 0.000607723137364, 0.000690190237947, 0.001115159248, 0.000259540509433, 0.000594346551225, 0.000140549367643, 0.000101660887594, 4.40402400272e-05, 2.2466207156e-05, 3.25414403051e-05, 3.5644890886e-05, 7.77888362791e-06, 1.56845612764e-06], "min": [6.26825246528e-24, 2.51110014023e-23, 1.22845585347e-23, 4.72275372955e-23, 4.92179343336e-23, 1.49619940988e-22, 5.84739611898e-23, 7.49961227351e-23, 1.46715960981e-22, 5.15062052495e-23, 4.83021173098e-23, 1.30472633366e-22, 7.46449155493e-23, 2.3637342336e-22, 1.58859610025e-22, 9.47182196564e-23, 9.52698353776e-23, 4.17304389636e-22, 1.66274889912e-22, 3.1895943561e-22, 4.67522391338e-22, 6.19225922237e-22, 5.77516915046e-22, 6.49387267952e-22, 1.18737748062e-21, 2.0363563016e-21, 2.73935299157e-21], "dvar2": [3.1793978561e-09, 6.51420850772e-05, 1.0699066479e-05, 2.86230388156e-05, 9.64435457718e-06, 7.06999799149e-06, 5.49337892153e-06, 8.93699791504e-07, 7.72823386797e-06, 1.24485522974e-05, 5.0435828598e-06, 4.06800654673e-06, 3.38991583249e-07, 1.50824985212e-06, 4.43115510507e-07, 4.18688330228e-07, 1.16165006148e-06, 3.18000807908e-08, 1.67117889305e-07, 1.15779528187e-08, 1.0117420679e-08, 3.50963968998e-09, 6.77910438895e-09, 2.1736463296e-08, 3.05344336482e-08, 1.11373408274e-08, 4.04780584051e-11], "dvar": [1.18543497241e-09, 2.09984627872e-05, 3.91454659621e-06, 1.57960566867e-05, 3.73964303435e-06, 3.56076043317e-06, 2.56739804172e-06, 3.89865419947e-07, 3.41370832757e-06, 4.90807087772e-06, 2.08148298952e-06, 1.59538103617e-06, 1.29686114292e-07, 5.34282435183e-07, 1.67182605537e-07, 1.49757113377e-07, 4.03298884066e-07, 1.13543636715e-08, 6.13489063994e-08, 4.47207115783e-09, 4.02988753478e-09, 1.75754000242e-09, 3.37352101809e-09, 1.00185744145e-08, 1.50253960385e-08, 4.42075887008e-09, 1.89357626801e-11], "dmean": [2.47602820309e-05, 0.00322048249654, 0.00140364456456, 0.0017206458142, 0.00135894108098, 0.00111353641842, 0.000944461789913, 0.000328462076141, 0.00090591883054, 0.000747896439862, 0.00037865381455, 0.00043209004798, 0.000195680564502, 0.000537547224667, 0.000303265172988, 0.000315695011523, 0.000536440697033, 9.55971991061e-05, 0.000216564934817, 5.18545821251e-05, 4.24954960181e-05, 2.55194881902e-05, 2.37726708292e-05, 3.50924092345e-05, 4.5802542445e-05, 1.8686250769e-05, 1.74750937276e-06], "max": [0.000526774441823, 0.0471296682954, 0.0347424484789, 0.0495770424604, 0.0225966349244, 0.0442383512855, 0.0482268594205, 0.0201429054141, 0.035368