{"tonal": {"thpcp": [1, 0.949505388737, 0.880160927773, 0.738994002342, 0.615264356136, 0.720326662064, 0.818247079849, 0.898588001728, 0.994775474072, 0.861608862877, 0.653285741806, 0.616986691952, 0.65350228548, 0.623582065105, 0.652601599693, 0.676517963409, 0.669621109962, 0.724345505238, 0.75864303112, 0.765858709812, 0.728887677193, 0.654034852982, 0.578290402889, 0.536229193211, 0.568352282047, 0.637926876545, 0.770647108555, 0.895881056786, 0.904092073441, 0.860783994198, 0.809922635555, 0.753064990044, 0.715654969215, 0.701428234577, 0.721764564514, 0.878046870232], "hpcp": {"dmean2": [0.347349584103, 0.316533178091, 0.288810610771, 0.275187015533, 0.29607373476, 0.352399647236, 0.395866394043, 0.425837337971, 0.430633932352, 0.431366145611, 0.393205821514, 0.351618975401, 0.320558309555, 0.318207025528, 0.332067161798, 0.37288197875, 0.412416011095, 0.408723115921, 0.3937895298, 0.348308116198, 0.313365697861, 0.35816848278, 0.379397600889, 0.450107932091, 0.563385665417, 0.426162987947, 0.31418851018, 0.287696093321, 0.298769265413, 0.299121052027, 0.315639853477, 0.308009415865, 0.311132907867, 0.34831315279, 0.366959661245, 0.367789655924], "median": [0.15629209578, 0.138405770063, 0.117566421628, 0.107604667544, 0.102442920208, 0.110105641186, 0.15070335567, 0.183157905936, 0.178945958614, 0.171937167645, 0.164327189326, 0.155358552933, 0.155159801245, 0.147725135088, 0.155823841691, 0.194940343499, 0.223778039217, 0.215974926949, 0.195430397987, 0.157282441854, 0.120004013181, 0.135005220771, 0.152353733778, 0.182077914476, 0.198484629393, 0.196230620146, 0.139129802585, 0.129320219159, 0.137218385935, 0.130446776748, 0.125889360905, 0.12921603024, 0.139693498611, 0.160917818546, 0.167420655489, 0.164609476924], "min": [0, 0, 0, 0, 0, 0, 0, 0, 0, 0, 0, 0, 0, 0, 0, 0, 0, 0, 0, 0, 0, 0, 0, 0, 0, 0, 0, 0, 0, 0, 0, 0, 0, 0, 0, 0], "dvar2": [0.13025046885, 0.11965315789, 0.114600643516, 0.112281166017, 0.130852282047, 0.158787682652, 0.168348550797, 0.16753987968, 0.172663033009, 0.168998360634, 0.153074413538, 0.13179217279, 0.10877288878, 0.112805120647, 0.119403809309, 0.125078618526, 0.139097496867, 0.134875953197, 0.138579651713, 0.129956707358, 0.121285289526, 0.143816113472, 0.148310929537, 0.159016311169, 0.244008406997, 0.130429625511, 0.108061715961, 0.0912701264024, 0.101247392595, 0.109840601683, 0.118719860911, 0.116213612258, 0.11368830502, 0.123567342758, 0.134459227324, 0.139388337731], "dvar": [0.0467326007783, 0.0435981228948, 0.0416333042085, 0.0400213450193, 0.0469821803272, 0.0570547394454, 0.0591804310679, 0.059053029865, 0.0632539093494, 0.0612782351673, 0.0547191910446, 0.0476285628974, 0.0389196835458, 0.0417989976704, 0.043228533119, 0.0459026172757, 0.0537074543536, 0.0504954345524, 0.0502958334982, 0.0460912771523, 0.0434063076973, 0.051817137748, 0.0550630353391, 0.0570528954268, 0.0843701213598, 0.0464050360024, 0.0390764810145, 0.0340435318649, 0.036851413548, 0.0387392602861, 0.0415255837142, 0.042356479913, 0.0405958853662, 0.0431113094091, 0.0476895608008, 0.050134062767], "dmean": [0.19882722199, 0.178990542889, 0.163344204426, 0.154884070158, 0.166078686714, 0.19502556324, 0.222557321191, 0.242726653814, 0.245964869857, 0.244253546, 0.224420115352, 0.200584635139, 0.184432819486, 0.183061867952, 0.191426634789, 0.217868223786, 0.240349903703, 0.237081468105, 0.226508453488, 0.199860110879, 0.178211659193, 0.205540984869, 0.219356775284, 0.254781901836, 0.311665773392, 0.238717153668, 0.180409178138, 0.165788888931, 0.173661008477, 0.170824751258, 0.178317502141, 0.1761687994, 0.179631114006, 0.197758108377, 0.207871556282, 0.210753887892], "max": [1, 1, 1, 1, 1, 1, 1, 1, 1, 1, 1, 1, 1, 1, 1, 1, 1, 1, 1, 1, 1, 1, 1, 1, 1, 1, 1, 1, 1, 1, 1, 1, 1, 1, 1, 1], "var": [0.0483388714492, 0.0430963411927, 0.038991138339, 0.0359934605658, 0.0455091223121, 0.0557400286198, 0.0618043057621, 0.0721098780632, 0.0774369463325, 0.071372769773, 0.0626354664564, 0.0531768202782, 0.0454073734581, 0.0473295859993, 0.0480947718024, 0.0601610466838, 0.0769984796643, 0.0692721679807, 0.0644003748894, 0.0505182221532, 0.0437770560384, 0.0592451058328, 0.0710014924407, 0.0725585669279, 0.0909492969513, 0.0578426122665, 0.0421048551798, 0.0376499481499, 0.0420771613717, 0.0388197042048, 0.0472780689597, 0.0547419153154, 0.0456070043147, 0.0452762506902, 0.0511881671846, 0.0546806938946], "mean": [0.230054616928, 0.206429257989, 0.182522475719, 0.169246926904, 0.179385751486, 0.201345190406, 0.24323490262, 0.282761782408, 0.28535336256, 0.271684288979, 0.25563120842, 0.23768556118, 0.225878044963, 0.22138774395, 0.227806389332, 0.277132868767, 0.315624237061, 0.299686908722, 0.277800112963, 0.233244419098, 0.194192349911, 0.227352559566, 0.258258610964, 0.283616155386, 0.313975244761, 0.271944642067, 0.206192806363, 0.194735959172, 0.20626115799, 0.196817606688, 0.205976888537, 0.213525474072, 0.21134865284, 0.228621006012, 0.239446133375, 0.241723567247]}, "tuning_equal_tempered_deviation": 0.235567525029, "chords_changes_rate": 0.122501425445, "key_key": "F", "tuning_diatonic_strength": 0.314015001059, "key_scale": "major", "chords_number_rate": 0.00371216447093, "tuning_frequency": 434.193115234, "tuning_nontempered_energy_ratio": 0.900134623051, "chords_histogram": [2.62707018852, 0.942318677902, 5.53969144821, 3.22672748566, 15.7053108215, 15.3055400848, 0.513992011547, 0.0285551119596, 0.713877797127, 2.82695603371, 3.82638502121, 1.74186182022, 0, 0, 0, 0.656767547131, 1.970302701, 13.5351228714, 3.99771547318, 0.770987987518, 0, 0.256996005774, 6.96744728088, 18.8463726044], "key_strength": 0.359552174807, "chords_key": "D", "chords_strength": {"dmean2": 0.0203019361943, "median": 0.428239047527, "min": 0.22908256948, "dvar2": 0.000263204681687, "dvar": 0.00015963302576, "dmean": 0.0157057587057, "max": 0.715319752693, "var": 0.00737206824124, "mean": 0.436555683613}, "chords_scale": "minor", "hpcp_entropy": {"dmean2": 1.20947003365, "median": 3.17537903786, "min": 0, "dvar2": 0.926604270935, "dvar": 0.324817895889, "dmean": 0.710505366325, "max": 4.7126493454, "var": 0.590156257153, "mean": 3.08261966705}}, "metadata": {"audio_properties": {"equal_loudness": 0, "codec": "mp3", "downmix": "mix", "sample_rate": 44100, "analysis_sample_rate": 44100, "bit_rate": 320051, "md5_encoded": "5b64a2724762ad44784aabea1166710d", "length": 162.586120605, "replay_gain": -17.083152771, "lossless": false}, "version": {"essentia_build_sha": "70f2e5ece6736b2c40cc944ad0e695b16b925413", "essentia": "2.1-beta2", "extractor": "music 1.0", "essentia_git_sha": "v2.1_beta2"}, "tags": {"title": ["Angel Rectums Still Bleed - The Sequel"], "barcode": ["4001617081228"], "media": ["CD"], "albumartist": ["Impaled Nazarene"], "musicbrainz_recordingid": ["19bc3eb0-bdfb-49b9-ae48-6110052814c1"], "musicbrainz_albumartistid": ["2228019e-67b4-4d2e-a101-f2d5dcaf892f"], "originalyear": ["2000"], "discnumber": ["1/1"], "album": ["Nihil"], "catalognumber": ["OPCD 093"], "musicbrainz album release country": ["FR"], "musicbrainz album type": ["album"], "musicbrainz album status": ["official"], "file_name": "04 - Angel Rectums Still Bleed - The Sequel.mp3", "originaldate": ["2000"], "date": ["2000"], "genre": ["Black Metal"], "musicbrainz_releasegroupid": ["3d4f31fd-f0df-3788-b8a6-d54add8a3590"], "musicbrainz_artistid": ["2228019e-67b4-4d2e-a101-f2d5dcaf892f"], "asin": ["B00004RCBW"], "musicbrainz_albumid": ["fdc4b1ea-1bc7-3645-a4c0-fc292d949def"], "artist": ["Impaled Nazarene"], "artistsort": ["Impaled Nazarene"], "tracknumber": ["4/10"], "label": ["Osmose Productions"], "albumartistsort": ["Impaled Nazarene"], "acoustid_id": ["e93cb4ab-b49e-4c68-9645-a3c89a13c484"], "script": ["Latn"]}}, "rhythm": {"bpm_histogram_first_peak_bpm": {"dmean2": 0, "median": 103, "min": 103, "dvar2": 0, "dvar": 0, "dmean": 0, "max": 103, "var": 0, "mean": 103}, "bpm": 103.453796387, "bpm_histogram_second_peak_spread": {"dmean2": 0, "median": 0.111111104488, "min": 0.111111104488, "dvar2": 0, "dvar": 0, "dmean": 0, "max": 0.111111104488, "var": 0, "mean": 0.111111104488}, "bpm_histogram_first_peak_weight": {"dmean2": 0, "median": 0.45878136158, "min": 0.45878136158, "dvar2": 0, "dvar": 0, "dmean": 0, "max": 0.45878136158, "var": 0, "mean": 0.45878136158}, "onset_rate": 1.77124238014, "beats_position": [0.580498874187, 1.16099774837, 1.72988653183, 2.31038546562, 2.90249419212, 3.48299312592, 4.04027223587, 4.62077093124, 5.20126962662, 5.78176879883, 6.35065746307, 6.91954612732, 7.47682523727, 8.04571437836, 8.60299301147, 9.17188167572, 9.72916126251, 10.2864398956, 10.8437185287, 11.4009971619, 11.9582767487, 12.5039453506, 13.0496139526, 13.6185035706, 14.1873922348, 14.756280899, 15.3367795944, 15.9172782898, 16.50938797, 17.0898857117, 17.6703853607, 18.2392749786, 18.8081626892, 19.3770523071, 19.9459400177, 20.5264396667, 21.0837192535, 21.640996933, 22.1982765198, 22.7671642303, 23.3244438171, 23.8933334351, 24.4622211456, 25.0311107635, 25.5883903503, 26.1456680298, 26.7029476166, 27.2834453583, 27.8639450073, 28.4444446564, 29.0133323669, 29.5822219849, 30.1511096954, 30.7199993134, 31.2888889313, 31.8577766418, 32.4266662598, 32.9955558777, 33.5644454956, 34.1333312988, 34.7138328552, 35.2943305969, 35.8516082764, 36.4204978943, 36.9893875122, 37.5698852539, 38.1503829956, 38.730884552, 39.3229942322, 39.9151000977, 40.4956016541, 41.0760993958, 41.6449890137, 42.2138786316, 42.7943763733, 43.374874115, 43.9553718567, 44.5242614746, 45.0931510925, 45.6736488342, 46.2425384521, 46.8114280701, 47.380317688, 47.9608154297, 48.5297050476, 49.1102027893, 49.6790924072, 50.2595901489, 50.8284797668, 51.4089775085, 51.9894790649, 52.5699768066, 53.1504745483, 53.7193641663, 54.2882537842, 54.8571434021, 55.4260292053, 55.9949188232, 56.5638084412, 57.1443061829, 57.7248077393, 58.305305481, 58.8741950989, 59.4546928406, 60.0235824585, 60.6040802002, 61.1845779419, 61.7650794983, 62.34557724, 62.9260749817, 63.5065765381, 64.0870742798, 64.655960083, 65.2364578247, 65.8053512573, 66.385848999, 66.9663467407, 67.5468444824, 68.115737915, 68.6846237183, 69.26512146, 69.8456192017, 70.4261245728, 71.0066223145, 71.5871200562, 72.1676177979, 72.7481155396, 73.3286132812, 73.8975067139, 74.489616394, 75.0701141357, 75.6506118774, 76.2311096191, 76.8232192993, 77.4153289795, 78.0074386597, 78.5995483398, 79.2032623291, 79.7953720093, 80.3874816895, 80.9679794312, 81.5484771729, 82.1289749146, 82.7094802856, 83.2899780273, 83.8820877075, 84.4741897583, 85.0546951294, 85.6351928711, 86.2156906128, 86.7961883545, 87.3766860962, 87.9571838379, 88.537689209, 89.1181869507, 89.6986846924, 90.2907943726, 90.8829040527, 91.4750061035, 92.0671157837, 92.6476211548, 93.2397232056, 93.8318328857, 94.4239425659, 95.0160522461, 95.5965499878, 96.1654434204, 96.7343292236, 97.3264389038, 97.918548584, 98.4990463257, 99.0795440674, 99.6600418091, 100.240539551, 100.821044922, 101.413146973, 102.005256653, 102.585754395, 103.166259766, 103.746757507, 104.327255249, 104.907752991, 105.488250732, 106.068748474, 106.637641907, 107.20652771, 107.787025452, 108.367523193, 108.959632874, 109.551742554, 110.132240295, 110.712738037, 111.293243408, 111.885353088, 112.46585083, 113.046348572, 113.638458252, 114.230567932, 114.811065674, 115.391563416, 115.972061157, 116.552558899, 117.144668579, 117.736778259, 118.328887939, 118.932601929, 119.5131073, 120.10521698, 120.674102783, 121.254600525, 121.835098267, 122.415596008, 123.007705688, 123.58820343, 124.168708801, 124.749206543, 125.341316223, 125.933418274, 126.513923645, 127.094421387, 127.674919128, 128.267028809, 128.847518921, 129.428024292, 130.008529663, 130.589019775, 131.181137085, 131.761627197, 132.353744507, 132.934234619, 133.51473999, 134.095230103, 134.687347412, 135.279449463, 135.871566772, 136.463668823, 137.044174194, 137.624664307, 138.228393555, 138.832107544, 139.435821533, 140.039550781, 140.643264771, 141.235366821, 141.827484131, 142.419586182, 143.011703491, 143.603805542, 144.195922852, 144.788024902, 145.380126953, 145.960632324, 146.541137695, 147.121627808, 147.713745117, 148.305847168, 148.886352539, 149.47845459, 150.058959961, 150.639450073, 151.231567383, 151.812057495, 152.392562866, 152.973052979, 153.565170288, 154.157272339, 154.749389648, 155.341491699, 155.92199707, 156.502487183, 157.094604492, 157.686706543, 158.290420532, 158.89414978, 159.416595459, 159.939041138, 160.449890137, 160.960723877, 161.471557617, 161.982406616], "beats_loudness": {"dmean2": 0.0135933496058, "median": 0.0319830328226, "min": 0.000247489049798, "dvar2": 0.000172638188815, "dvar": 6.18631893303e-05, "dmean": 0.00816531293094, "max": 0.0808488875628, "var": 9.25760541577e-05, "mean": 0.0325310379267}, "danceability": 1.19339871407, "bpm_histogram_second_peak_weight": {"dmean2": 0, "median": 0.0573476701975, "min": 0.0573476701975, "dvar2": 0, "dvar": 0, "dmean": 0, "max": 0.0573476701975, "var": 0, "mean": 0.0573476701975}, "beats_count": 280, "bpm_histogram_second_peak_bpm": {"dmean2": 0, "median": 108, "min": 108, "dvar2": 0, "dvar": 0, "dmean": 0, "max": 108, "var": 0, "mean": 108}, "bpm_histogram_first_peak_spread": {"dmean2": 0, "median": 0.498039245605, "min": 0.498039245605, "dvar2": 0, "dvar": 0, "dmean": 0, "max": 0.498039245605, "var": 0, "mean": 0.498039245605}, "beats_loudness_band_ratio": {"dmean2": [0.285756409168, 0.0279691834003, 0.0504138171673, 0.153778687119, 0.140044033527, 0.118573665619], "median": [0.468248307705, 0.0210244804621, 0.0250975918025, 0.100949041545, 0.15265250206, 0.167015612125], "min": [0.0263430327177, 0.00168804090936, 0.00273688044399, 0.0164022389799, 0.0505108200014, 0.0621514096856], "dvar2": [0.0525327473879, 0.00128964299802, 0.00355311739258, 0.0202440954745, 0.0156850367785, 0.0172370672226], "dvar": [0.0183666758239, 0.000427904975368, 0.00136681552976, 0.00766132911667, 0.00565294688568, 0.00609498051926], "dmean": [0.163152635098, 0.0159744285047, 0.0289647504687, 0.0880647152662, 0.0794662982225, 0.0685947015882], "max": [0.819855213165, 0.180014193058, 0.329856753349, 0.515517532825, 0.649817407131, 0.727395951748], "var": [0.0269965920597, 0.00042349883006, 0.00141108199023, 0.0090041263029, 0.00745937647298, 0.0076065286994], "mean": [0.457604378462, 0.025900952518, 0.0386952459812, 0.129624202847, 0.173651784658, 0.186658844352]}}, "lowlevel": {"barkbands_spread": {"dmean2": 17.6154632568, "median": 46.5332489014, "min": 8.36572551727, "dvar2": 241.439102173, "dvar": 83.040145874, "dmean": 10.1953077316, "max": 135.352676392, "var": 145.463378906, "mean": 46.1457443237}, "melbands_spread": {"dmean2": 37.3531990051, "median": 70.0305862427, "min": 7.39019918442, "dvar2": 1048.80383301, "dvar": 396.755432129, "dmean": 22.3173141479, "max": 193.347549438, "var": 685.650512695, "mean": 67.7308273315}, "hfc": {"dmean2": 15.3872423172, "median": 49.0898933411, "min": 1.21892752731e-16, "dvar2": 266.272827148, "dvar": 108.58959198, "dmean": 9.44937419891, "max": 223.067077637, "var": 363.239013672, "mean": 51.2855758667}, "barkbands_kurtosis": {"dmean2": 2.02453684807, "median": -1.04116117954, "min": -1.85597169399, "dvar2": 8.2079410553, "dvar": 2.89118266106, "dmean": 1.11137032509, "max": 15.5489387512, "var": 2.34760713577, "mean": -0.558881282806}, "gfcc": {"mean": [68.687171936, 28.7092266083, -129.205856323, 51.8293151855, -46.5208702087, 24.762430191, -26.840133667, 8.56593894958, -27.7355442047, -0.449617981911, -24.6074028015, 6.44095230103, -17.964963913], "icov": [[0.000495843880344, -0.000667163578328, -0.00019126413099, 0.000365164451068, -4.57264031866e-05, -0.000724079611246, 0.000955818220973, -0.000935945427045, 0.000811601174064, -0.000247514108196, 0.00031300925184, -0.000278279883787, 0.000349832989741], [-0.000667163578328, 0.00507675437257, 5.0617607485e-05, -0.000920541526284, -0.000210533878999, 0.00154916080646, -0.00308592477813, 0.00356833334081, -0.0029201048892, -0.000371098227333, 0.000950882560574, -0.00138895621058, 0.000124774494907], [-0.00019126413099, 5.0617607485e-05, 0.00576161639765, -0.00310220313258, -0.00139810401015, 0.00115860521328, 0.00074322137516, -0.00334301125258, 0.00084637501277, 0.000608424539678, -0.00301235960796, 0.00213576504029, -0.00143410777673], [0.000365164451068, -0.000920541526284, -0.00310220313258, 0.0103215239942, -0.00256287166849, -0.00175166735426, 0.000246996060014, 0.00318277720362, -0.00537397805601, 0.00291430042125, 0.00155800732318, -0.0025844280608, 0.00146587914787], [-4.57264031866e-05, -0.000210533878999, -0.00139810401015, -0.00256287166849, 0.0162239000201, -0.00917012058198, -0.00341859459877, 0.00675754388794, -0.00478215422481, -0.00223816605285, 0.00345635786653, -0.00563272833824, -0.000674649723805], [-0.000724079611246, 0.00154916080646, 0.00115860521328, -0.00175166735426, -0.00917012058198, 0.0230462029576, -0.00905936025083, -0.00490470277146, 0.00874554272741, -0.00154078647029, -0.00876494403929, 0.0112893488258, -0.00516651384532], [0.000955818220973, -0.00308592477813, 0.00074322137516, 0.000246996060014, -0.00341859459877, -0.00905936025083, 0.0205456204712, -0.00834718439728, -0.000934092327952, 0.00280169956386, 0.000841392262373, -0.00869099237025, 0.00752263190225], [-0.000935945427045, 0.00356833334081, -0.00334301125258, 0.00318277720362, 0.00675754388794, -0.00490470277146, -0.00834718439728, 0.0278726723045, -0.0197572093457, 5.43740170542e-05, 0.00438611442223, 0.000480471906485, -0.00707257958129], [0.000811601174064, -0.0029201048892, 0.00084637501277, -0.00537397805601, -0.00478215422481, 0.00874554272741, -0.000934092327952, -0.0197572093457, 0.0352272167802, -0.0150679936633, 0.000692261906806, 0.00738145038486, -0.00264655891806], [-0.000247514108196, -0.000371098227333, 0.000608424539678, 0.00291430042125, -0.00223816605285, -0.00154078647029, 0.00280169956386, 5.43740170542e-05, -0.0150679936633, 0.0367763824761, -0.0178599394858, -0.00233904109336, 0.00499558774754], [0.00031300925184, 0.000950882560574, -0.00301235960796, 0.00155800732318, 0.00345635786653, -0.00876494403929, 0.000841392262373, 0.00438611442223, 0.000692261906806, -0.0178599394858, 0.0333132185042, -0.0129521992058, 0.000729806313757], [-0.000278279883787, -0.00138895621058, 0.00213576504029, -0.0025844280608, -0.00563272833824, 0.0112893488258, -0.00869099237025, 0.000480471906485, 0.00738145038486, -0.00233904109336, -0.0129521992058, 0.0350793674588, -0.0166313759983], [0.000349832989741, 0.000124774494907, -0.00143410777673, 0.00146587914787, -0.000674649723805, -0.00516651384532, 0.00752263190225, -0.00707257958129, -0.00264655891806, 0.00499558774754, 0.000729806313757, -0.0166313759983, 0.0340801812708]], "cov": [[2801.49853516, 239.763870239, 71.1687545776, -85.4614486694, 1.37095820904, 72.368927002, -50.569278717, 48.3911781311, -44.2127571106, 13.8250198364, -2.71562075615, -5.37553310394, 1.21346020699], [239.763870239, 309.967437744, 19.8930854797, 63.0292167664, 60.6553726196, 8.58110809326, 55.8782730103, -15.5842227936, 27.2546863556, 15.8362550735, 6.10863208771, 35.4808692932, -1.55742096901], [71.1687545776, 19.8930854797, 273.609924316, 97.4840545654, 58.1372451782, 37.4023551941, 33.1170120239, 61.9516830444, 51.8354301453, 23.048204422, 27.7700462341, 8.31540393829, 22.9950714111], [-85.4614486694, 63.0292167664, 97.4840545654, 178.624893188, 82.1502227783, 35.1676559448, 47.6743965149, 10.1551551819, 41.2191200256, 9.26638507843, 10.1770343781, 22.0882472992, 8.01123809814], [1.37095820904, 60.6553726196, 58.1372451782, 82.1502227783, 159.997558594, 83.251083374, 78.9471969604, 6.74973726273, 27.0270080566, 26.28748703, 29.7061424255, 37.0159301758, 14.1127700806], [72.368927002, 8.58110809326, 37.4023551941, 35.1676559448, 83.251083374, 121.141616821, 71.3351287842, 28.7766036987, 9.92704772949, 21.061750412, 33.0921936035, 9.7634267807, 11.2653999329], [-50.569278717, 55.8782730103, 33.1170120239, 47.6743965149, 78.9471969604, 71.3351287842, 128.578659058, 45.4476280212, 37.0657081604, 21.0624599457, 22.8414573669, 29.5186004639, 6.79184007645], [48.3911781311, -15.5842227936, 61.9516830444, 10.1551551819, 6.74973726273, 28.7766036987, 45.4476280212, 118.265090942, 72.0405349731, 25.6104373932, 5.80170917511, -3.19721436501, 20.8939304352], [-44.2127571106, 27.2546863556, 51.8354301453, 41.2191200256, 27.0270080566, 9.92704772949, 37.0657081604, 72.0405349731, 95.7685546875, 37.8399429321, 10.6030263901, 2.03375434875, 12.226896286], [13.8250198364, 15.8362550735, 23.048204422, 9.26638507843, 26.28748703, 21.061750412, 21.0624599457, 25.6104373932, 37.8399429321, 61.187412262, 37.6241035461, 14.7624750137, 5.1183924675], [-2.71562075615, 6.10863208771, 27.7700462341, 10.1770343781, 29.7061424255, 33.0921936035, 22.8414573669, 5.80170917511, 10.6030263901, 37.6241035461, 67.2151870728, 29.0831794739, 10.5650472641], [-5.37553310394, 35.4808692932, 8.31540393829, 22.0882472992, 37.0159301758, 9.7634267807, 29.5186004639, -3.19721436501, 2.03375434875, 14.7624750137, 29.0831794739, 63.1283531189, 22.5370578766], [1.21346020699, -1.55742096901, 22.9950714111, 8.01123809814, 14.1127700806, 11.2653999329, 6.79184007645, 20.8939304352, 12.226896286, 5.1183924675, 10.5650472641, 22.5370578766, 45.7541847229]]}, "spectral_energyband_middle_low": {"dmean2": 0.00497298454866, "median": 0.00345340115018, "min": 3.67502477352e-22, "dvar2": 3.74315677618e-05, "dvar": 1.38060077006e-05, "dmean": 0.00285498518497, "max": 0.0306609794497, "var": 1.40173970067e-05, "mean": 0.00457265926525}, "melbands_crest": {"dmean2": 9.11037063599, "median": 11.2612276077, "min": 1.73978126049, "dvar2": 55.3829345703, "dvar": 21.4009628296, "dmean": 5.53796243668, "max": 31.1874599457, "var": 38.1976127625, "mean": 12.7885847092}, "spectral_kurtosis": {"dmean2": 1.03349757195, "median": 2.64108896255, "min": -1.21464014053, "dvar2": 0.766580581665, "dvar": 0.268484085798, "dmean": 0.612705051899, "max": 11.8729028702, "var": 0.613764643669, "mean": 2.70325279236}, "spectral_rms": {"dmean2": 0.00185131339822, "median": 0.00502222077921, "min": 3.22640460355e-12, "dvar2": 3.47982586391e-06, "dvar": 1.30575881485e-06, "dmean": 0.00110919005238, "max": 0.0097245303914, "var": 1.99018609237e-06, "mean": 0.00521913124248}, "zerocrossingrate": {"dmean2": 0.020816989243, "median": 0.12548828125, "min": 0.04541015625, "dvar2": 0.000334628508426, "dvar": 0.000198795314645, "dmean": 0.0157569386065, "max": 0.513671875, "var": 0.00101685873233, "mean": 0.127737522125}, "silence_rate_60dB": {"dmean2": 0.0017140408745, "median": 0, "min": 0, "dvar2": 0.00171106494963, "dvar": 0.000856148661114, "dmean": 0.000856898026541, "max": 1, "var": 0.011711711064, "mean": 0.0118520632386}, "erbbands_kurtosis": {"dmean2": 1.04703867435, "median": 0.45393371582, "min": -1.39423000813, "dvar2": 0.794318020344, "dvar": 0.302629113197, "dmean": 0.630130529404, "max": 11.1269254684, "var": 0.9485065341, "mean": 0.568770647049}, "erbbands": {"dmean2": [0.476266562939, 3.49603128433, 7.52383852005, 9.96630954742, 8.0628824234, 3.40507030487, 3.99873137474, 5.1926074028, 4.99306297302, 7.39890623093, 10.3164377213, 15.5419597626, 16.7906856537, 23.1352329254, 37.6839408875, 59.7630691528, 34.6586685181, 24.0915584564, 36.45835495, 43.5431251526, 47.2469406128, 43.0834884644, 57.5144119263, 51.2640609741, 31.4786930084, 20.5704669952, 22.7887325287, 27.1440467834, 29.6552867889, 22.1176795959, 6.68664979935, 4.98164987564, 5.2084813118, 3.53506708145, 1.43912053108, 0.44891166687, 0.075306430459, 0.0144311375916, 0.00195243291091, 0.000110553082777], "median": [0.0183806829154, 0.364985793829, 1.76436626911, 3.34015440941, 2.82077264786, 1.67702031136, 1.61323416233, 2.31119036674, 2.06592226028, 3.46797394753, 3.59946489334, 7.63265800476, 9.76020240784, 12.6051893234, 22.9736118317, 35.2145805359, 25.9624576569, 17.4750347137, 25.5844993591, 38.3489151001, 49.7774505615, 48.0204582214, 73.3831481934, 73.4692306519, 48.3799934387, 26.3604793549, 34.9479255676, 41.6632919312, 50.9289016724, 37.3132972717, 7.31808996201, 3.62160491943, 3.16768550873, 2.04876279831, 0.965906739235, 0.391047716141, 0.0973823294044, 0.016243558377, 0.00173143448774, 0.000118967654998], "min": [3.61700777736e-22, 3.15340252849e-21, 2.43047668265e-20, 5.10157309691e-20, 1.33183898063e-19, 7.01962011425e-20, 5.7228511359e-19, 4.52856725051e-19, 6.12159355018e-19, 4.45563111698e-19, 1.67303275948e-18, 1.77655317237e-18, 2.95085847462e-18, 9.99901197731e-19, 1.50552641069e-18, 7.44391165611e-18, 3.14404629989e-18, 5.27198228096e-18, 2.90567724918e-18, 5.59970793093e-18, 4.27939904671e-18, 1.30517851005e-17, 9.31605464725e-18, 9.91718830509e-18, 8.65489993698e-18, 1.15235118433e-17, 2.31845159937e-17, 2.09488254689e-17, 1.95303165975e-17, 1.54791201382e-17, 2.14642417086e-17, 1.56216218511e-17, 1.39531969012e-17, 9.73947682229e-18, 8.33820143176e-18, 6.50479489511e-18, 3.87145879761e-18, 1.61321395272e-18, 3.75317176322e-19, 3.70539529737e-20], "dvar2": [0.545867264271, 29.3534011841, 102.954589844, 115.099090576, 123.589241028, 16.7978210449, 29.745759964, 61.9966583252, 153.200134277, 221.984359741, 699.588928223, 1341.36804199, 835.526306152, 1765.76989746, 3867.06347656, 8811.6484375, 2600.84594727, 1492.5793457, 3895.96459961, 4054.31054688, 3699.88085938, 2852.53540039, 2939.9519043, 3471.62329102, 884.00970459, 613.587768555, 477.069274902, 830.493530273, 724.817016602, 428.780731201, 82.9687576294, 75.9360198975, 97.013710022, 88.6456451416, 18.0924873352, 1.08930170536, 0.0182815529406, 0.000817784573883, 1.2680533473e-05, 3.51328388604e-08], "dvar": [0.204370394349, 10.6354045868, 36.8507766724, 41.3348579407, 44.7791252136, 6.50611877441, 12.4799432755, 23.4172821045, 54.9296150208, 83.5178375244, 259.215789795, 490.031433105, 308.42880249, 667.781982422, 1404.17675781, 3335.27612305, 1030.06652832, 547.081542969, 1390.71875, 1492.29492188, 1553.14355469, 1127.61889648, 1075.46313477, 1314.9420166, 329.041748047, 237.658065796, 173.119308472, 288.979400635, 251.708312988, 146.896850586, 31.2843647003, 31.1895446777, 41.3269958496, 36.9490966797, 7.48223257065, 0.447747319937, 0.00750790629536, 0.000332917232299, 5.22933032698e-06, 1.3650691244e-08], "dmean": [0.272836506367, 1.94373273849, 4.08571052551, 5.46077060699, 4.51654958725, 1.97367084026, 2.41452908516, 3.07262277603, 2.89372396469, 4.41821050644, 6.10415315628, 9.16908550262, 9.93357467651, 13.8948221207, 22.4491024017, 36.1954154968, 21.2589683533, 14.4610815048, 21.6075534821, 25.8546333313, 28.4495582581, 25.8050899506, 33.5253677368, 30.2897071838, 18.4598731995, 12.3508234024, 13.3743181229, 15.9838285446, 17.1669425964, 12.7724323273, 3.97681593895, 3.04098463058, 3.22197008133, 2.18756198883, 0.893013000488, 0.281137794256, 0.0484667830169, 0.00919969007373, 0.00122029415797, 6.76970157656e-05], "max": [1.92954993248, 18.4682369232, 40.0742492676, 48.29271698, 59.4678955078, 45.1557197571, 34.9762687683, 91.418800354, 218.939361572, 168.757232666, 402.225646973, 705.836730957, 373.337585449, 453.766845703, 797.247070312, 890.026184082, 635.726745605, 462.824707031, 631.51171875, 837.220581055, 2319.12084961, 717.946960449, 565.382141113, 1231.09143066, 316.624603271, 317.322967529, 304.911437988, 363.582214355, 361.167755127, 169.505874634, 86.974029541, 102.470565796, 125.356918335, 155.87828064, 85.4019012451, 14.7689704895, 1.49145233631, 0.350556045771, 0.0453369393945, 0.00199236697517], "var": [0.16599445045, 7.72093009949, 27.0009460449, 34.5503692627, 35.2118225098, 7.66759681702, 13.398431778, 22.3010005951, 42.3783607483, 93.4575119019, 301.946716309, 546.392272949, 420.405212402, 1070.34313965, 2483.87744141, 7692.68017578, 2596.62255859, 1302.80285645, 2973.99975586, 2843.91381836, 4040.52587891, 2643.96459961, 2010.65161133, 2219.67382812, 622.10333252, 550.192749023, 357.652252197, 608.952026367, 445.704498291, 244.209747314, 62.7075576782, 51.4597167969, 67.996711731, 52.35679245, 9.16059398651, 0.616911292076, 0.0153132257983, 0.00058367033489, 8.89956754691e-06, 1.77981913652e-08], "mean": [0.20329490304, 1.48739099503, 3.67653822899, 5.38336706161, 4.66862392426, 2.54270219803, 2.87851262093, 3.76336121559, 3.59971356392, 6.28493690491, 8.42725372314, 13.6780195236, 16.153263092, 23.3234157562, 40.1114044189, 67.3305892944, 43.9096565247, 30.6454715729, 42.8097381592, 55.2860298157, 65.6002426147, 62.3458900452, 83.187828064, 82.0322875977, 53.2249488831, 33.2157821655, 39.0299911499, 46.8480110168, 54.5517692566, 39.814704895, 9.85162639618, 5.91230392456, 5.86522960663, 3.99110007286, 1.73699831963, 0.611375272274, 0.130462959409, 0.0222139041871, 0.00242964574136, 0.00014795846073]}, "spectral_strongpeak": {"dmean2": 1.11114180088, "median": 0.289178520441, "min": 0, "dvar2": 3.35897302628, "dvar": 1.23206150532, "dmean": 0.618706762791, "max": 16.9191474915, "var": 1.2299669981, "mean": 0.652491688728}, "spectral_energy": {"dmean2": 0.0230244826525, "median": 0.0258532688022, "min": 1.06699295449e-20, "dvar2": 0.000657902623061, "dvar": 0.000244521565037, "dmean": 0.0134585313499, "max": 0.0969306528568, "var": 0.00026955147041, "mean": 0.0299600958824}, "average_loudness": 0.970292687416, "spectral_rolloff": {"dmean2": 2027.08557129, "median": 4198.97460938, "min": 107.666015625, "dvar2": 4077816.75, "dvar": 1522137.375, "dmean": 1207.90673828, "max": 18647.7539062, "var": 2486799.75, "mean": 4120.55761719}, "spectral_centroid": {"dmean2": 433.51449585, "median": 2808.81152344, "min": 1327.26025391, "dvar2": 151642.125, "dvar": 57986.984375, "dmean": 250.946105957, "max": 11219.7236328, "var": 112999.007812, "mean": 2803.39038086}, "pitch_salience": {"dmean2": 0.171192169189, "median": 0.666969239712, "min": 0.215930536389, "dvar2": 0.0238168016076, "dvar": 0.00930963642895, "dmean": 0.103101156652, "max": 0.820945262909, "var": 0.0138087626547, "mean": 0.631814062595}, "spectral_energyband_middle_high": {"dmean2": 0.00392439682037, "median": 0.00952696613967, "min": 1.18498560386e-21, "dvar2": 1.64971024788e-05, "dvar": 6.30774593446e-06, "dmean": 0.00243612914346, "max": 0.0497152321041, "var": 2.92544918921e-05, "mean": 0.0108145531267}, "spectral_contrast_coeffs": {"dmean2": [0.118480719626, 0.0755089819431, 0.0634815022349, 0.051753975451, 0.0354904346168, 0.0301956608891], "median": [-0.65754544735, -0.801307141781, -0.802969455719, -0.796586334705, -0.790084302425, -0.691386461258], "min": [-0.956546425819, -0.968320250511, -0.966914117336, -0.950582027435, -0.963046252728, -0.9608284235], "dvar2": [0.00819945894182, 0.00339146889746, 0.00245819333941, 0.00158588029444, 0.000703397556208, 0.000616160337813], "dvar": [0.0028366309125, 0.00120363628957, 0.000864660076331, 0.000543745059986, 0.000244346330874, 0.00026101176627], "dmean": [0.0698709338903, 0.0447349250317, 0.0376155264676, 0.0303765274584, 0.0206738021225, 0.0188197568059], "max": [-0.381600797176, -0.599793851376, -0.61491048336, -0.603588998318, -0.682263076305, -0.581219792366], "var": [0.00497824279591, 0.00217338674702, 0.00191654381342, 0.00115566304885, 0.000490944192279, 0.00104435742833], "mean": [-0.657298088074, -0.797998964787, -0.799402296543, -0.793848514557, -0.788923025131, -0.693122029305]}, "melbands_skewness": {"dmean2": 1.8671888113, "median": 1.22144889832, "min": -1.58623206615, "dvar2": 3.88744211197, "dvar": 1.47544062138, "dmean": 1.11500358582, "max": 8.44988632202, "var": 1.8926281929, "mean": 1.61602783203}, "spectral_spread": {"dmean2": 671029.25, "median": 4547052.5, "min": 2980922.25, "dvar2": 562181505024, "dvar": 317623730176, "dmean": 423603.78125, "max": 40761580, "var": 763961606144, "mean": 4640974.5}, "dissonance": {"dmean2": 0.00927307829261, "median": 0.494393080473, "min": 0.420620173216, "dvar2": 8.5843996203e-05, "dvar": 2.98581489915e-05, "dmean": 0.00528658786789, "max": 0.500000119209, "var": 3.30726397806e-05, "mean": 0.492894440889}, "spectral_skewness": {"dmean2": 0.190008103848, "median": 1.0849391222, "min": 0.00410380773246, "dvar2": 0.024093369022, "dvar": 0.00886348355561, "dmean": 0.114183112979, "max": 2.64194011688, "var": 0.0287543553859, "mean": 1.08328974247}, "spectral_flux": {"dmean2": 0.0439306609333, "median": 0.109661631286, "min": 1.03295351439e-10, "dvar2": 0.00199133576825, "dvar": 0.00098752300255, "dmean": 0.0282152406871, "max": 0.283819764853, "var": 0.00192137854174, "mean": 0.120588049293}, "spectral_contrast_valleys": {"dmean2": [0.786212027073, 0.605582356453, 0.454563349485, 0.370004892349, 0.261243522167, 0.347536802292], "median": [-7.19574356079, -6.83393001556, -6.6404633522, -6.69346189499, -6.19490671158, -8.90724658966], "min": [-27.6383018494, -27.3711776733, -27.0459690094, -27.5595874786, -27.1158695221, -27.2533226013], "dvar2": [0.386744618416, 0.239289775491, 0.143499672413, 0.109177082777, 0.0638187527657, 0.126521646976], "dvar": [0.160047531128, 0.105312421918, 0.0688235908747, 0.0571060217917, 0.0419944189489, 0.0649473369122], "dmean": [0.483573168516, 0.366804867983, 0.273151218891, 0.222451195121, 0.156223550439, 0.223890587687], "max": [-5.51811504364, -5.04556703568, -5.35268735886, -5.49343729019, -5.41240167618, -7.20977497101], "var": [0.640121817589, 0.492112219334, 0.422455638647, 0.379360735416, 0.27208340168, 0.358942508698], "mean": [-7.25192546844, -6.86872577667, -6.6810541153, -6.7095246315, -6.23071289062, -8.91785621643]}, "erbbands_flatness_db": {"dmean2": 0.0216599423438, "median": 0.129287913442, "min": 0.0605919733644, "dvar2": 0.000310252362397, "dvar": 0.000125033489894, "dmean": 0.0137889441103, "max": 0.253924995661, "var": 0.000443385710241, "mean": 0.1309042871}, "spectral_energyband_high": {"dmean2": 0.00170024682302, "median": 0.00373201421462, "min": 8.16910486702e-21, "dvar2": 3.6630053728e-06, "dvar": 1.42036606121e-06, "dmean": 0.00102729443461, "max": 0.0222956631333, "var": 3.7797863115e-06, "mean": 0.00419344892725}, "spectral_entropy": {"dmean2": 0.108416229486, "median": 8.17471027374, "min": 7.62044811249, "dvar2": 0.0090100755915, "dvar": 0.00354345422238, "dmean": 0.0657346099615, "max": 9.79738521576, "var": 0.0115005737171, "mean": 8.17855644226}, "silence_rate_20dB": {"dmean2": 0, "median": 1, "min": 1, "dvar2": 0, "dvar": 0, "dmean": 0, "max": 1, "var": 0, "mean": 1}, "melbands_flatness_db": {"dmean2": 0.0653910860419, "median": 0.0843965709209, "min": 0.00631059380248, "dvar2": 0.00402529211715, "dvar": 0.00155599263962, "dmean": 0.039474375546, "max": 0.270595729351, "var": 0.00224839244038, "mean": 0.098127476871}, "barkbands": {"dmean2": [0.000881838903297, 0.0150599265471, 0.0063374270685, 0.00353881367482, 0.00131900585257, 0.000618827762082, 0.000391452631447, 0.000437113485532, 0.000679923978169, 0.000628288718872, 0.000883947126567, 0.00142369244713, 0.000755796267185, 0.000591069168877, 0.000757209141739, 0.000966685300227, 0.000825121940579, 0.0010279356502, 0.00091857399093, 0.000440950214397, 0.000611494178884, 0.000783887458965, 0.000314483768307, 0.000269683194347, 0.000247085175943, 6.17565819994e-05, 1.10470591608e-05], "median": [2.13206367334e-05, 0.00132431020029, 0.00175366504118, 0.000991958659142, 0.000583786284551, 0.000278154358966, 0.00018420102424, 0.000140654126881, 0.000342727289535, 0.000314252189128, 0.000453349610325, 0.000796489825007, 0.000504329567775, 0.000314305681968, 0.000574825971853, 0.000874928955454, 0.000821655848995, 0.00135743059218, 0.00126179726794, 0.000571000273339, 0.00101165915839, 0.00145595765207, 0.000360845268006, 0.000180885297596, 0.000163265693118, 6.66595587973e-05, 9.62356443779e-06], "min": [2.8279728652e-24, 1.20924740597e-23, 2.13349135757e-23, 3.11612237575e-23, 2.72501776071e-23, 8.14651545003e-23, 3.64374063261e-23, 5.5767827497e-23, 9.1140243202e-23, 7.17645067053e-23, 1.86709792081e-23, 1.5454586616e-22, 5.46915877195e-23, 9.86755309211e-23, 6.50429132327e-23, 9.03285558177e-23, 2.26432665238e-22, 1.72504455061e-22, 1.70607162542e-22, 2.70503660818e-22, 5.4284611223e-22, 5.20436908941e-22, 6.49656111749e-22, 8.01413259945e-22, 1.05678109075e-21, 2.10163995625e-21, 2.518938035e-21], "dvar2": [1.84283760518e-06, 0.000534080609214, 6.33215313428e-05, 1.98480247491e-05, 2.76443120129e-06, 7.27109863874e-07, 7.02828856447e-07, 1.14895578918e-06, 2.21681557377e-06, 1.15411251045e-06, 2.25361191042e-06, 4.92852859679e-06, 1.26333429762e-06, 1.36876133183e-06, 1.24610176044e-06, 1.79286962521e-06, 1.21598498026e-06, 9.14753059078e-07, 8.5180829501e-07, 2.3869671395e-07, 3.9391449036e-07, 5.09875007992e-07, 1.31997410335e-07, 2.3221340939e-07, 4.98636779867e-07, 1.71095582147e-08, 4.21505524928e-10], "dvar": [7.22480876902e-07, 0.000197367786313, 2.26726933761e-05, 7.06830905983e-06, 1.05239575987e-06, 2.89000183784e-07, 2.59296143668e-07, 4.28139685482e-07, 8.1362088622e-07, 4.30251731132e-07, 8.17358852601e-07, 1.83723864211e-06, 5.01318652368e-07, 4.80180460727e-07, 4.55353472262e-07, 6.98412463862e-07, 5.01741567405e-07, 3.34384878897e-07, 3.1653911492e-07, 9.21543303889e-08, 1.36166974585e-07, 1.77993470629e-07, 4.78966839523e-08, 9.9995951075e-08, 2.07906722949e-07, 6.97485091905e-09, 1.7141280062e-10], "dmean": [0.000512852799147, 0.00865091662854, 0.00346199865453, 0.00194521178491, 0.00076225749217, 0.000370492693037, 0.000229847952141, 0.000256154628005, 0.000401429308113, 0.000374728319002, 0.000523971219081, 0.000858612242155, 0.000458890688606, 0.000353399373125, 0.000446385616669, 0.00057271780679, 0.000495882530231, 0.000602026644628, 0.000538024411071, 0.000263689493295, 0.000360456440831, 0.000453860498965, 0.000183388765436, 0.000167291393154, 0.000154217283125, 3.91550238419e-05, 6.88743375576e-06], "max": [0.00512834684923, 0.0734806731343, 0.0324726849794, 0.0216002129018, 0.0121551482007, 0.00898908358067, 0.0113727813587, 0.0147327985615, 0.0273197498173, 0.0105555914342, 0.0171199347824, 0.0188173130155, 0.0115683982149, 0.013141204603, 0.0127726327628, 0.038374863565, 0.0243967715651, 0.0101365102455, 0.0156643204391, 0.00561567954719, 0.00822528917342, 0.0108490763232, 0.00289943884127, 0.00581751065329, 0.0125782042742, 0.00198665563948, 0.000222642993322], "var": [6.4113874032e-07, 0.000158717986778, 1.81521536433e-05, 5.40255723536e-06, 1.07753521661e-06, 3.01882465692e-07, 2.36202367887e-07, 4.73957868508e-07, 9.48650324517e-07, 6.32554076674e-07, 1.32654463414e-06, 4.20523838329e-06, 1.12746806735e-06, 9.09918639991e-07, 8.36952892769e-07, 1.43930242302e-06, 1.08671372345e-06, 6.40457642476e-07, 5.40275834737e-07, 2.10605804796e-07, 2.96029156743e-07, 3.49925670662e-07, 8.70820500154e-08, 1.73573567963e-07, 2.78875546655e-07, 1.10259312791e-08, 2.71603711743e-10], "mean": [0.000405966624385, 0.0067997854203, 0.00327553623356, 0.00178314803634, 0.000919925048947, 0.000460779294372, 0.000309205061058, 0.000329794507707, 0.000602386426181, 0.000573790457565, 0.000821939436719, 0.00155486620497, 0.000858127663378, 0.000636756944004, 0.000866078597028, 0.00119574379642, 0.00109680637252, 0.0015339194797, 0.00140548031777, 0.000694701913744, 0.00112061551772, 0.00154619419482, 0.00044292275561, 0.000317996920785, 0.00029851598083, 9.55733703449e-05, 1.35570262501e-05]}, "erbbands_skewness": {"dmean2": 0.466579526663, "median": -0.606526076794, "min": -2.20773363113, "dvar2": 0.147127941251, "dvar": 0.0548589043319, "dmean": 0.283288806677, "max": 1.27062833309, "var": 0.210179314017, "mean": -0.550260484219}, "erbbands_spread": {"dmean2": 12.6792535782, "median": 31.9618339539, "min": 7.48110198975, "dvar2": 149.067398071, "dvar": 53.7496681213, "dmean": 7.48469114304, "max": 78.9606704712, "var": 86.424369812, "mean": 33.3431472778}, "melbands_kurtosis": {"dmean2": 10.8610067368, "median": 0.521162748337, "min": -1.79647278786, "dvar2": 272.699920654, "dvar": 99.0480117798, "dmean": 6.07376670837, "max": 79.1993560791, "var": 75.6903915405, "mean": 3.84460902214}, "melbands": {"dmean2": [0.00412203557789, 0.00417199032381, 0.00166816753335, 0.0003699500230