{"tonal": {"thpcp": [1, 0.850789308548, 0.536293685436, 0.395198106766, 0.376980543137, 0.436970561743, 0.484015494585, 0.507059752941, 0.560648322105, 0.620325386524, 0.697863638401, 0.702384233475, 0.602827906609, 0.557178258896, 0.61665725708, 0.654281795025, 0.565025269985, 0.459302634001, 0.432588726282, 0.434394061565, 0.523860752583, 0.681417107582, 0.613917410374, 0.442328423262, 0.61032551527, 0.864756047726, 0.794253051281, 0.721068024635, 0.742795944214, 0.673890709877, 0.691429555416, 0.790738403797, 0.823049247265, 0.855812132359, 0.837378442287, 0.862012863159], "hpcp": {"dmean2": [0.325934708118, 0.251456856728, 0.201766967773, 0.196572870016, 0.20361186564, 0.202088907361, 0.219541564584, 0.244037345052, 0.264897763729, 0.29259416461, 0.297413378954, 0.287056803703, 0.266454160213, 0.261189341545, 0.249860584736, 0.237160459161, 0.227514788508, 0.221831426024, 0.212642878294, 0.217529818416, 0.232364237309, 0.23567275703, 0.205176383257, 0.27647420764, 0.381835758686, 0.30414712429, 0.271470963955, 0.286065548658, 0.281364530325, 0.300221592188, 0.328395605087, 0.334148079157, 0.340453356504, 0.340647935867, 0.343165844679, 0.344138503075], "median": [0.0334007106721, 0.0183361135423, 0.0102665238082, 0.00898941606283, 0.0108978040516, 0.0151169672608, 0.0212306957692, 0.0271008741111, 0.0329120792449, 0.0334615334868, 0.0296463612467, 0.0214407648891, 0.0221640896052, 0.0288348253816, 0.029292486608, 0.0236577410251, 0.0180426053703, 0.0125139709562, 0.0117847258225, 0.0168576743454, 0.0218334179372, 0.0213348362595, 0.0157902445644, 0.0335326604545, 0.0452254004776, 0.0442963652313, 0.0288929790258, 0.0289359036833, 0.0278798881918, 0.0237602014095, 0.0292944889516, 0.0411754399538, 0.0464211851358, 0.0454007945955, 0.0534763857722, 0.0443684756756], "min": [0, 0, 0, 0, 0, 0, 0, 0, 0, 0, 0, 0, 0, 0, 0, 0, 0, 0, 0, 0, 0, 0, 0, 0, 0, 0, 0, 0, 0, 0, 0, 0, 0, 0, 0, 0], "dvar2": [0.172492489219, 0.13905338943, 0.120593249798, 0.123597770929, 0.124859474599, 0.114466436207, 0.122371315956, 0.135074749589, 0.144470438361, 0.158008158207, 0.161674171686, 0.158210545778, 0.144709378481, 0.12730820477, 0.129913985729, 0.133493751287, 0.139894410968, 0.137784793973, 0.126166641712, 0.116596132517, 0.125111967325, 0.125493243337, 0.104830384254, 0.125970348716, 0.207844913006, 0.137587219477, 0.143590629101, 0.151679798961, 0.145344600081, 0.156539365649, 0.176893621683, 0.17381426692, 0.173661574721, 0.170463472605, 0.16848307848, 0.18522118032], "dvar": [0.0672847554088, 0.0521422848105, 0.0435354784131, 0.0439165793359, 0.04523396492, 0.0423387475312, 0.0443047657609, 0.0485333502293, 0.0511887297034, 0.0574999265373, 0.0594023801386, 0.0574319809675, 0.0526330806315, 0.0470982901752, 0.0495971404016, 0.0492364056408, 0.0482478961349, 0.0477985665202, 0.0450325757265, 0.0428672619164, 0.0488947741687, 0.0474760532379, 0.0384208671749, 0.0459480620921, 0.0771720707417, 0.0516989789903, 0.0535009093583, 0.057136259973, 0.054106567055, 0.0590647310019, 0.0660202875733, 0.0643022358418, 0.0653989091516, 0.0644009411335, 0.0630396381021, 0.0712221860886], "dmean": [0.183514401317, 0.139113932848, 0.109144844115, 0.105382733047, 0.110719949007, 0.111266873777, 0.120563477278, 0.134715676308, 0.146563604474, 0.162449419498, 0.164952903986, 0.156792491674, 0.146182790399, 0.145636841655, 0.139867797494, 0.131849959493, 0.123890295625, 0.119763605297, 0.115980364382, 0.121128700674, 0.130560204387, 0.13194181025, 0.113124363124, 0.152502059937, 0.210523411632, 0.17099224031, 0.153309345245, 0.160274520516, 0.156711608171, 0.165967226028, 0.182683601975, 0.186067804694, 0.190197229385, 0.190943837166, 0.19243696332, 0.192326530814], "max": [1, 1, 1, 1, 1, 1, 1, 1, 1, 1, 1, 1, 1, 1, 1, 1, 1, 1, 1, 1, 1, 1, 1, 1, 1, 1, 1, 1, 1, 1, 1, 1, 1, 1, 1, 1], "var": [0.0786115080118, 0.0464988946915, 0.0346788205206, 0.0337429456413, 0.0401373542845, 0.0442001447082, 0.0416169390082, 0.045375932008, 0.0493292920291, 0.0595332495868, 0.0617646537721, 0.0526716895401, 0.0465703159571, 0.0478548817337, 0.0586611963809, 0.0498023889959, 0.0379232801497, 0.037545401603, 0.0379011631012, 0.0443027317524, 0.0704115778208, 0.0560785606503, 0.0345227718353, 0.0434993766248, 0.0785737484694, 0.0643824487925, 0.0644642487168, 0.0689855143428, 0.0561909861863, 0.0621766261756, 0.0730158388615, 0.0707816928625, 0.0743623524904, 0.0720847323537, 0.0708921253681, 0.0995584353805], "mean": [0.180052295327, 0.113495670259, 0.0836356580257, 0.0797802805901, 0.0924759507179, 0.102432057261, 0.107308901846, 0.118649832904, 0.131279274821, 0.147688671947, 0.148645371199, 0.127576291561, 0.117915466428, 0.130502998829, 0.138465464115, 0.119576133788, 0.097202077508, 0.0915486216545, 0.0919306874275, 0.110864490271, 0.144208103418, 0.129923164845, 0.0936098322272, 0.129163011909, 0.183008059859, 0.168087542057, 0.152599409223, 0.15719768405, 0.142615288496, 0.146327033639, 0.167343735695, 0.17418166995, 0.181115269661, 0.17721414566, 0.18242752552, 0.211629703641]}, "tuning_equal_tempered_deviation": 0.265626013279, "chords_changes_rate": 0.113285474479, "key_key": "F", "tuning_diatonic_strength": 0.581165492535, "key_scale": "minor", "chords_number_rate": 0.00196676165797, "tuning_frequency": 434.193115234, "tuning_nontempered_energy_ratio": 0.899240374565, "chords_histogram": [7.33602142334, 5.86094999313, 11.7809028625, 1.10138654709, 1.17022323608, 2.3601140976, 2.03559827805, 4.45471525192, 1.07188510895, 3.35332870483, 5.31025648117, 8.50624465942, 10.7876882553, 4.61205625534, 0.757203280926, 0.540859460831, 3.39266395569, 3.41233158112, 1.19972467422, 7.60153388977, 0.796538472176, 0.599862337112, 3.20582151413, 8.75208950043], "key_strength": 0.475170463324, "chords_key": "C", "chords_strength": {"dmean2": 0.0181504786015, "median": 0.478832751513, "min": 0.198386192322, "dvar2": 0.000224881863687, "dvar": 0.000144650373841, "dmean": 0.0149743389338, "max": 0.839988648891, "var": 0.0132345529273, "mean": 0.485786736012}, "chords_scale": "minor", "hpcp_entropy": {"dmean2": 1.14832639694, "median": 2.5359313488, "min": 0, "dvar2": 0.788315653801, "dvar": 0.277311682701, "dmean": 0.676021099091, "max": 4.65855121613, "var": 0.517333567142, "mean": 2.52114844322}}, "metadata": {"audio_properties": {"equal_loudness": 0, "codec": "mp3", "downmix": "mix", "sample_rate": 44100, "analysis_sample_rate": 44100, "bit_rate": 192000, "md5_encoded": "7a80081fa6f12f0d99ae543f44851335", "length": 472.163269043, "replay_gain": -0.416145324707, "lossless": false}, "version": {"essentia_build_sha": "5a811adb4c06fd6d02ca903f7349a26d851abfa8", "essentia": "2.1-beta1", "extractor": "music 1.0", "essentia_git_sha": "v2.1_beta1-34-gf95df8b"}, "tags": {"title": ["Can't Kill Me"], "language": ["eng"], "media": ["CD"], "albumartist": ["Gong"], "musicbrainz_recordingid": ["19c1eecc-9a1e-4b58-9b00-7a43dab664e4"], "encoding": ["\u00c7\u00d1\u00b1\u00db SuperTagEditor Ver 2.01b"], "musicbrainz_albumartistid": ["5927990e-34bb-493f-b5da-b7b28d43698f"], "acoustid_fingerprint": ["AQADtEqSTRyTCfmwrSPOom8jhMeT8XiUYJR4dAfxoMxNZMnI4M2x84MYBj_ODA0npcKP5nhyPB80vkHzKHiR46KU41mDhvFxJm6QE38h3mg0fBOu4RBzBj-xjbOE50Iv2Amkw_B-tDt0PDd6Mwjz46Fi_EbJ7MgSPcHjQ6H4o-eRMpJS4R1yCg10KY_QaiuaSIpS4CImOTO0_ASvDycO1nhuVM0Ea-ODH_6hnQ1CksaUJTx-3CmaODu66kIyPUfO40pJtMN7_EHzoNR25MlMKBSjI1wFH_yP95iuvdiDFz3CPIdiJmgWSsglOZjyfEN8JH_wZjmatEd5PBEeg5eSI9kbREeZXSh7_MIepJOyQ2MSJT5iywBz-MEf9DuO7DsqJXjCnfiOncfjCD9cniijHLmO6ksQTWahSOeRBy_K4bnQX8FzhPmheUeu7LhCFUfzFNtBLs2P5hKeBDE0eAzSZYIfxUT_FLx0_EieFfkjgcodPFGCizpy6IsQxlMqlPJx5NnhU8JNiJ2ORwrx7Ch1Hc2f4Dl-ZD8uTD-cJEkSpcIl8Yaf48QPV1kahM4SFsfRf4ZKhU3gZBnC48FPwv_wKCP6J5gyHW-QpVuCZo2gy1sQ_Urw_KiOplSOTzgxGd7hZbkRnkevqAq05NmI58EfcE4hPvgxJzpuGk_04NBy9Jdx7QjDXSgXHueOSHxkNMzyQu_xK-ARWswDJq9xYQ9CLYWoJgqOJzv84locQWx0hMxk_KieDp8yB1sshCdOQTtO4jzOB7V1fAmYJMoSoZQkQsfz4ESkhM6H6YmOe8dlhD-0LGMQ5jsqJ0rRfA_6uMh-qM-QXZkO-8ETJcepHLEPaZmoI22aC5fBHs_xLHiiI6sSpQz0KC9CHc0N9gHu7OAZ_Jg3JEuUNEfe7Dhc5eiXGLkGcYuQ58U5ww5j3JnwMaiOMD30XCh5eOGDPkfPowmTZDzkSQl-tJgyPsOZg3eOJ8IVCGFqlOxR5kHjPWjiqBJRhfuCh4N-FM36DM-xJz1qDmGeI0HJo1m4NLikw4-ORzvyDFrGLAh1KsFP_B96TCwy98UMXR1CCw7DoyuPUCfEJ3KQjmiPKxfOJ-iZw0-SD9WxIhsPXUkuRAqf4syOBzWj40lw0cP1Id2hlA9yOvh1zA3a_HhwZ4FrlMxxxfhjPMepM8GjKhw8SxKOPMfHCTof_EXDZQlKysIfaKJzWId3tHtQPvigHT1S5Ub7FBf24mjQ57jR3UOgncgbHPfR57CO4zd-tKMR6kLC93gz4cJ_lFLY4cfRFMzxH7mm4FKgWCfyozmqV7iQrzLURciPR8cpHc2OelGOL0cbIY3qQ5eUIxxrVNKR3hMJP8dl6MeNn3h26IKf4-inBxFVPInEocJzvMUf-BT6BVeqI9nyIw22i0F_1CoaJ1aQG_eH5qWhje0AjRcH38RxCC-Fc1gnxD8YcgkVXEEPny18o3Ku4D88XNmRaHqaIryIHX-CHn2UDM6HbjNKPkjHHDqR6kXdGF264PBSGXcc3Ds-4wwjOMe148hfWDt-nIdvoj9CdsXVGf_xBU2cI-fRQ8wz5HjkHP4-PF_go1YkHIGWpPuIUJcmBccfNDvqLUUF60flhsOro16I1CGe5xB_uApZ5IlR0yKu6nglEc0ZRJKDo94ZiFtNVHiCTisqX8gpXEefDX6Gf3AWDs-SPXCOp8ieYfugMZOMvMTb45kyF_7xTJzwjBLyw5UU6MeuHVqiB8yarcFl4z26HVRclAz0P_hRtTkaaRmhQ_vxKWGOA_Fxw9XR93ijoD_BJIsT5LhDiFvy4nzwHTc8Mie-uMTD5MJ7NFdq6Bli8fhR8A_6MNimXXiQN4fIf6ikaCJ2HZPyC2EuRWGCZz4i_RCXHOUOXkfPFD4KzVsOp5GM_2iq4jl-aDfMSEP-4Tz84kFOw7qhkeFwND9OHTrhR4hFWmhDDw975BmE6ghThcfZIZDEBZ-OHaW0oslp6EbwE9fRuUKyTOoRKyOO86isBc3xscE7IlyYCF6OPsgf1E7QICePZlkWaCaeIx-OXEOXQ88P_0J34_gKTdTxcMgZNUj3VIGqcAiPZzqe40cPX0F5DnkUkdBJqB_67PBp-EJPQc_RVAxCHs9x_Dj8BjFffKUC7Ty8fAjJoXKKT7B6XDb-OIGjDLUCPEG_ww9CUhLUncHz4LmEu-gDPfAv9DGuDd_xxIbeI8eN6mjeEN_xBnlqXITGnMgPf8R9uJSIZ2Tg6HFQJsJxA6F-WBc0vgm-qcUZPIMm-kUqO6haEf3h_fCiME9QKzuu47EeIikzhD7eo8yRK0kLvUi_B_9xPajuEO6F0DnUI1yoPUIZ_sihP0Sej2h0K0E1MjYu48eTPEWyvFwQ_vi4hLjHoaJdNM2hWjoe5RFupXhudMsP98iRuAzK1A_ORMIdPEdyREoi7uhz7IqCJ1KOfIOI_Lh5NBrXoo6R54GeesjHhGh-o1suvMN_CaHEHmV46FSHpyk0P2iuHHlnPMk_xEwPXR3Sp8OzB_9Q73BTog_yX1DHI0evC00z5NCisBfyEM2P88EP18i74Dv07uhX-FGIS0ezH3pWfDwK77hzqB_RB_mH27gflEsy3MUnkoKr7EGdMMdz4qhywh_6DPeRH_qTCOKEIEgZDIKAwgBMBLOIGCaEgAAwAhghgjiGFGPIAAEMpMAYYIBBxAmgACAKECgMMA4UIAAwiBilERAEGUQIYQYpYihgAiABDDJIGUCcAoIAUBwQQBjDjDPGUmAIQcIA5QRy0hHGhFFCOE6gEIwoIAQCkFIAAAPCEIIMMsAIQBUiTAEGmWJECGAYYdAZhgAgiDBHDBSGQiKAMQAJQggBkBiEECgCCKCEIFQhSxwgWxhihEACAECYYEAwARhQSBFrBECcGEIMIEgZjIQACCgoFADECAMMIoJAIRCHhDEmhHDUAUEQJAABJZBAEAhsCBJGEEEAUQYgABhzQACmICEMISAMEsAoIAxQSAAmHBISQEIQEAIIqIAARJCkgBAOOSGAAyQQSACjQACxACOGCCkQoUg4ZAQAkgkEiBDgGASMBUgaAYAABwAqlALCCCMUQggJxZwzyAiiAFEGAEAUgpQwgZQgAwgmmRWIAAAAU4ICAIRyiBlDkAGKCCIEEMpDIwRTyBOIgHFMEGOEcBA5gBAQhADPBMLAAwEAA4gRwAwQRBBiFAAGASEACUwpYhUgQgBBCRAAAIUYEdAQgQRSwAABEARICQAcMkwIgQizgAEFQABCIEGQMowBAKiQgggkAGAAAyWAIRQRIBgyTjFCkGICMmKAUUYIZRAxyAMkBCPCMSAYA0IBQRhRmEJAgADESsCQAMA4wowihgAhAFBCIUGYExIEggQQUCAimBDIMCSEpRIAgqAgwHghAGNaAQCkAYAJAQQRBhAKmBICMGYAAYQ4ZQgAAAlgDFMACEWAUYRLoQBQAgggmCDEEaIlIAgx5pDQCBjCAIACEQQQEgABgpAjQAAiADFEESOVMAQJBAwRAAGgkAAQGAMYIAIZoYRASDiDABACMQMKJ0ghBAA"], "country": ["France"], "album": ["Gong est mort"], "musicbrainz album release country": ["FR"], "musicbrainz original album id": ["661cee38-db5c-4e9a-82c2-76f24b1ef9ad"], "musicbrainz album type": ["Album", "Live"], "musicbrainz album status": ["Official"], "discnumber": ["01/01"], "artists": ["Gong"], "date": ["2000"], "file_name": "01-Can't Kill Me.mp3", "musicbrainz_releasegroupid": ["c231b503-9311-3195-939e-77a09c95d347"], "musicbrainz release track id": ["955ebb81-40b2-376c-9322-224811f0b4d3"], "script": ["Latin"], "originaldate": ["1977-11-29"], "musicbrainz_albumid": ["295110e8-7086-476d-9ab4-e220301d7d61"], "originalalbum": ["Gong est mort"], "tracknumber": ["01/10"], "artist": ["Gong"], "label": ["Celluloid"], "acoustid_id": ["f3511ce7-dd94-4f69-9051-4a93f6a26db8"], "musicbrainz_artistid": ["5927990e-34bb-493f-b5da-b7b28d43698f"]}}, "rhythm": {"bpm_histogram_first_peak_bpm": {"dmean2": 0, "median": 140, "min": 140, "dvar2": 0, "dvar": 0, "dmean": 0, "max": 140, "var": 0, "mean": 140}, "bpm": 138.296630859, "bpm_histogram_second_peak_spread": {"dmean2": 0, "median": 0.350553512573, "min": 0.350553512573, "dvar2": 0, "dvar": 0, "dmean": 0, "max": 0.350553512573, "var": 0, "mean": 0.350553512573}, "bpm_histogram_first_peak_weight": {"dmean2": 0, "median": 0.291271358728, "min": 0.291271358728, "dvar2": 0, "dvar": 0, "dmean": 0, "max": 0.291271358728, "var": 0, "mean": 0.291271358728}, "onset_rate": 3.14076638222, "beats_position": [0.452789098024, 0.9287981987, 1.39319729805, 1.8575963974, 2.32199549675, 2.7863945961, 3.27401351929, 3.76163268089, 4.2492518425, 4.73687076569, 5.21287965775, 5.67727899551, 6.13006782532, 6.58285713196, 7.03564596176, 7.50004529953, 7.96444416046, 8.42884349823, 8.893242836, 9.35764122009, 9.81043052673, 10.2632198334, 10.71600914, 11.1687984467, 11.6331968307, 12.0859861374, 12.538775444, 13.0031747818, 13.4443531036, 13.8971424103, 14.361541748, 14.8143310547, 15.2787294388, 15.7315187454, 16.1843090057, 16.637096405, 17.0898857117, 17.5426750183, 17.995464325, 18.4598636627, 18.9126529694, 19.365442276, 19.8066215515, 20.2594108582, 20.7121982574, 21.1765975952, 21.6293869019, 22.0821762085, 22.5465755463, 23.010974884, 23.4753742218, 23.9397735596, 24.40417099, 24.8569602966, 25.3097496033, 25.774148941, 26.2269382477, 26.6913375854, 27.132516861, 27.5853061676, 28.0380954742, 28.4908847809, 28.9552822113, 29.4196815491, 29.8840808868, 30.3484802246, 30.8012695312, 31.2540588379, 31.7068481445, 32.1596374512, 32.6124267578, 33.0652160645, 33.5180053711, 33.9707946777, 34.4235839844, 34.8647613525, 35.3175506592, 35.7703399658, 36.2347373962, 36.6991386414, 37.151927948, 37.6047172546, 38.0575065613, 38.5102958679, 38.9630813599, 39.4158706665, 39.8686599731, 40.3214492798, 40.7742385864, 41.2154197693, 41.6798171997, 42.1326065063, 42.5970077515, 43.0497932434, 43.5141944885, 43.9669837952, 44.4197731018, 44.8725624084, 45.3253517151, 45.7781410217, 46.2425384521, 46.6953277588, 47.1481170654, 47.6125144958, 48.0653038025, 48.5180931091, 48.9708824158, 49.4352836609, 49.8996810913, 50.3756904602, 50.8516998291, 51.327709198, 51.8037185669, 52.2913360596, 52.7673454285, 53.2549667358, 53.73097229, 54.1953735352, 54.6597709656, 55.1241722107, 55.5885696411, 56.0529708862, 56.5173683167, 56.9817695618, 57.4461669922, 57.9105644226, 58.3633537292, 58.8161430359, 59.2689323425, 59.7217216492, 60.1745109558, 60.6273002625, 61.0684814453, 61.5212669373, 61.9624481201, 62.4152374268, 62.8680267334, 63.32081604, 63.7736053467, 64.2263946533, 64.67918396, 65.1319732666, 65.5847625732, 66.0375518799, 66.478729248, 66.9199066162, 67.3610839844, 67.813873291, 68.2666625977, 68.7078475952, 69.1490249634, 69.5902023315, 70.0429916382, 70.4841690063, 70.9253463745, 71.3781356812, 71.8193206787, 72.2604980469, 72.7132873535, 73.1660766602, 73.6188659668, 74.0716552734, 74.5244445801, 74.9772338867, 75.4300231934, 75.8828125, 76.3239898682, 76.7651672363, 77.2063446045, 77.6475296021, 78.0887069702, 78.5414962769, 78.9942855835, 79.4354629517, 79.8766403198, 80.3294296265, 80.7822189331, 81.2350082397, 81.6877975464, 82.1289749146, 82.5701599121, 83.0229492188, 83.4757385254, 83.9169158936, 84.3580932617, 84.8108825684, 85.263671875, 85.7164611816, 86.1692504883, 86.6104278564, 87.0516052246, 87.5043945312, 87.9804077148, 88.456413269, 88.9324264526, 89.4200439453, 89.907661438, 90.3836746216, 90.8712921143, 91.3472976685, 91.8349151611, 92.3341445923, 92.8333740234, 93.3326034546, 93.8550567627, 94.3775024414, 94.8999557495, 95.4340133667, 95.9680709839, 96.4905166626, 97.0129699707, 97.5354156494, 98.0578689575, 98.5803146362, 99.0911560059, 99.625213623, 100.15927124, 100.693328857, 101.192558289, 101.69178772, 102.191017151, 102.667030334, 103.143035889, 103.619049072, 104.095054626, 104.571060181, 105.047073364, 105.511474609, 105.975868225, 106.451881409, 106.927886963, 107.403900146, 107.868293762, 108.332695007, 108.808708191, 109.284713745, 109.760726929, 110.225120544, 110.68952179, 111.153923035, 111.629928589, 112.094329834, 112.558731079, 113.011520386, 113.464309692, 113.917098999, 114.381492615, 114.84589386, 115.298683167, 115.763084412, 116.215873718, 116.657051086, 117.109840393, 117.5626297, 118.015419006, 118.468208313, 118.932601929, 119.397003174, 119.84979248, 120.314193726, 120.766983032, 121.219772339, 121.672561646, 122.113739014, 122.554916382, 122.99609375, 123.437278748, 123.890068054, 124.342857361, 124.784034729, 125.225212097, 125.666389465, 126.107574463, 126.56036377, 127.013153076, 127.465942383, 127.907119751, 128.348297119, 128.777862549, 129.219039917, 129.671829224, 130.113006592, 130.554199219, 130.983764648, 131.424942017, 131.866119385, 132.295684814, 132.736862183, 133.166442871, 133.596008301, 134.02557373, 134.45513916, 134.884719849, 135.30267334, 135.73223877, 136.161804199, 136.591384888, 137.020950317, 137.462127686, 137.903305054, 138.321273804, 138.750839233, 139.180404663, 139.609970093, 140.039550781, 140.469116211, 140.898681641, 141.32824707, 141.757827759, 142.187393188, 142.616958618, 143.046524048, 143.476104736, 143.894058228, 144.323623657, 144.753189087, 145.171157837, 145.589111328, 146.018676758, 146.448257446, 146.877822876, 147.295776367, 147.725341797, 148.154922485, 148.584487915, 149.025665283, 149.466842651, 149.896408081, 150.32598877, 150.755554199, 151.185119629, 151.614685059, 152.044265747, 152.485443115, 152.915008545, 153.344573975, 153.785751343, 154.215332031, 154.644897461, 155.086074829, 155.515640259, 155.945205688, 156.386398315, 156.815963745, 157.245529175, 157.675094604, 158.104675293, 158.534240723, 158.963806152, 159.381759644, 159.811340332, 160.240905762, 160.658859253, 161.076828003, 161.506393433, 161.935958862, 162.365524292, 162.79510498, 163.22467041, 163.65423584, 164.072189331, 164.50177002, 164.931335449, 165.34928894, 165.76725769, 166.185211182, 166.614776611, 167.0443573, 167.462310791, 167.891876221, 168.32144165, 168.762634277, 169.192199707, 169.621765137, 170.051330566, 170.480911255, 170.898864746, 171.328430176, 171.757995605, 172.187576294, 172.617141724, 173.035095215, 173.453063965, 173.871017456, 174.300582886, 174.730148315, 175.159729004, 175.589294434, 176.007247925, 176.436828613, 176.866394043, 177.295959473, 177.725524902, 178.155105591, 178.584671021, 179.01423645, 179.44380188, 179.873382568, 180.29133606, 180.709289551, 181.127258301, 181.545211792, 181.974777222, 182.41595459, 182.845535278, 183.26348877, 183.681442261, 184.111022949, 184.540588379, 184.970153809, 185.399719238, 185.817687988, 186.235641479, 186.665206909, 187.083175659, 187.512741089, 187.942306519, 188.371871948, 188.801452637, 189.231018066, 189.660583496, 190.078552246, 190.508117676, 190.937683105, 191.367248535, 191.796829224, 192.226394653, 192.655960083, 193.073913574, 193.503494263, 193.933059692, 194.362625122, 194.780578613, 195.198547363, 195.628112793, 196.057678223, 196.487258911, 196.916824341, 197.346389771, 197.7759552, 198.205535889, 198.635101318, 199.064666748, 199.505844116, 199.923812866, 200.353378296, 200.782943726, 201.212509155, 201.642089844, 202.060043335, 202.489608765, 202.919174194, 203.348754883, 203.778320312, 204.207885742, 204.637451172, 205.055419922, 205.484985352, 205.914550781, 206.344116211, 206.773696899, 207.203262329, 207.632827759, 208.062393188, 208.491973877, 208.921539307, 209.351104736, 209.792282104, 210.233459473, 210.6746521, 211.115829468, 211.557006836, 211.998184204, 212.439361572, 212.868927002, 213.298492432, 213.72807312, 214.15763855, 214.598815918, 215.039993286, 215.469558716, 215.899139404, 216.340316772, 216.781494141, 217.21105957, 217.640625, 218.081817627, 218.522994995, 218.952560425, 219.382125854, 219.811691284, 220.241271973, 220.682449341, 221.123626709, 221.553192139, 221.982757568, 222.412338257, 222.841903687, 223.283081055, 223.724258423, 224.153823853, 224.583404541, 225.012969971, 225.4425354, 225.87210083, 226.30166626, 226.742858887, 227.184036255, 227.613601685, 228.043167114, 228.484344482, 228.925521851, 229.366714478, 229.796279907, 230.225845337, 230.655410767, 231.084991455, 231.514556885, 231.955734253, 232.385299683, 232.814865112, 233.244445801, 233.685623169, 234.126800537, 234.567977905, 234.997543335, 235.427108765, 235.856689453, 236.286254883, 236.715820312, 237.145385742, 237.574966431, 238.016143799, 238.457321167, 238.898498535, 239.328063965, 239.757644653, 240.187210083, 240.616775513, 241.046340942, 241.475906372, 241.905487061, 242.33505249, 242.76461792, 243.19418335, 243.623764038, 244.041717529, 244.471282959, 244.900863647, 245.342041016, 245.771606445, 246.201171875, 246.630737305, 247.060317993, 247.489883423, 247.931060791, 248.360626221, 248.801803589, 249.231384277, 249.660949707, 250.102127075, 250.543304443, 250.984481812, 251.42565918, 251.866836548, 252.308029175, 252.749206543, 253.190383911, 253.631561279, 254.072738647, 254.513916016, 254.955093384, 255.396270752, 255.83744812, 256.267028809, 256.696594238, 257.137786865, 257.567352295, 257.996917725, 258.438079834, 258.879272461, 259.332061768, 259.784851074, 260.226013184, 260.667205811, 261.108398438, 261.561187744, 262.013977051, 262.45513916, 262.907928467, 263.349121094, 263.8019104, 264.24307251, 264.684265137, 265.125427246, 265.566619873, 266.007781982, 266.448974609, 266.890167236, 267.331329346, 267.784118652, 268.236907959, 268.678100586, 269.119262695, 269.560455322, 269.990020752, 270.419586182, 270.860778809, 271.301940918, 271.743133545, 272.184295654, 272.625488281, 273.066650391, 273.507843018, 273.949005127, 274.390197754, 274.831390381, 275.27255249, 275.70211792, 276.13168335, 276.561279297, 276.990844727, 277.432006836, 277.861572266, 278.291137695, 278.732330322, 279.161895752, 279.591461182, 280.021026611, 280.450592041, 280.891784668, 281.332977295, 281.774139404, 282.215332031, 282.656494141, 283.097686768, 283.527252197, 283.968444824, 284.398010254, 284.839172363, 285.268737793, 285.698303223, 286.13949585, 286.580688477, 287.021850586, 287.463043213, 287.904205322, 288.345397949, 288.786560059, 289.227752686, 289.668914795, 290.098510742, 290.528076172, 290.969238281, 291.410430908, 291.851593018, 292.292785645, 292.722351074, 293.163543701, 293.593109131, 294.022674561, 294.46383667, 294.893432617, 295.334594727, 295.775787354, 296.216949463, 296.646514893, 297.076080322, 297.517272949, 297.946838379, 298.376403809, 298.805969238, 299.235565186, 299.676727295, 300.117919922, 300.559082031, 301.000274658, 301.441436768, 301.882629395, 302.323791504, 302.764984131, 303.206176758, 303.647338867, 304.088531494, 304.518096924, 304.947662354, 305.377227783, 305.806793213, 306.24798584, 306.67755127, 307.107116699, 307.548278809, 307.989471436, 308.430664062, 308.871826172, 309.313018799, 309.742584229, 310.172149658, 310.601715088, 311.042907715, 311.472473145, 311.913635254, 312.354827881, 312.79598999, 313.225585938, 313.655151367, 314.084716797, 314.514282227, 314.943847656, 315.385040283, 315.826202393, 316.278991699, 316.720184326, 317.161346436, 317.590911865, 318.043701172, 318.484893799, 318.926086426, 319.367248535, 319.808441162, 320.249603271, 320.690795898, 321.131958008, 321.573150635, 322.025939941, 322.478729248, 322.931518555, 323.384307861, 323.825469971, 324.266662598, 324.719451904, 325.172241211, 325.625030518, 326.077819824, 326.518981934, 326.960174561, 327.401367188, 327.842529297, 328.283721924, 328.724884033, 329.16607666, 329.60723877, 330.048431396, 330.489593506, 330.930786133, 331.37197876, 331.813140869, 332.254333496, 332.683898926, 333.136688232, 333.589477539, 334.042266846, 334.483428955, 334.936218262, 335.389007568, 335.830200195, 336.282989502, 336.735778809, 337.176940918, 337.618133545, 338.059326172, 338.500488281, 338.941680908, 339.382843018, 339.835632324, 340.288421631, 340.729614258, 341.170776367, 341.611968994, 342.053131104, 342.482727051, 342.935516357, 343.376678467, 343.817871094, 344.259033203, 344.70022583, 345.141387939, 345.582580566, 346.023742676, 346.464935303, 346.90612793, 347.347290039, 347.788482666, 348.229644775, 348.670837402, 349.111999512, 349.553192139, 349.994384766, 350.435546875, 350.876739502, 351.317901611, 351.759094238, 352.188659668, 352.618225098, 353.059417725, 353.500579834, 353.941772461, 354.38293457, 354.824127197, 355.265289307, 355.706481934, 356.147644043, 356.58883667, 357.030029297, 357.471191406, 357.912384033, 358.353546143, 358.806335449, 359.247528076, 359.700317383, 360.153106689, 360.605895996, 361.058685303, 361.488250732, 361.929412842, 362.370605469, 362.811798096, 363.252960205, 363.705749512, 364.170166016, 364.634552002, 365.098937988, 365.563354492, 366.027740479, 366.492156982, 366.944946289, 367.386108398, 367.827301025, 368.280090332, 368.732879639, 369.185668945, 369.638458252, 370.079620361, 370.532409668, 370.985198975, 371.449615479, 371.902404785, 372.355194092, 372.796356201, 373.237548828, 373.678710938, 374.119903564, 374.561096191, 375.002258301, 375.43182373, 375.873016357, 376.302581787, 376.732147217, 377.161712646, 377.591278076, 378.020843506, 378.438812256, 378.880004883, 379.309570312, 379.739135742, 380.168701172, 380.598266602, 381.027832031, 381.457397461, 381.886962891, 382.316558838, 382.73449707, 383.15246582, 383.58203125, 384.01159668, 384.452789307, 384.882354736, 385.311920166, 385.741485596, 386.171051025, 386.612243652, 387.053405762, 387.494598389, 387.924163818, 388.353729248, 388.794921875, 389.236083984, 389.665649414, 390.095245361, 390.524810791, 390.954376221, 391.38394165, 391.82510376, 392.254699707, 392.672637939, 393.090606689, 393.520172119, 393.949737549, 394.379302979, 394.808868408, 395.238464355, 395.668029785, 396.097595215, 396.527160645, 396.852233887, 397.177307129, 397.502410889, 397.827484131, 398.140930176, 398.454406738, 398.77947998, 399.10458374, 399.429656982, 399.754730225, 400.079803467, 400.393280029, 400.718353271, 401.043426514, 401.507843018, 401.983856201, 402.448242188, 402.912658691, 403.377044678, 403.841430664, 404.317443848, 404.781860352, 405.246246338, 405.710662842, 406.175048828, 406.651062012, 407.127075195, 407.637908936, 408.137145996, 408.636352539, 409.1355896, 409.64642334, 410.168884277, 410.691345215, 411.213775635, 411.736236572, 412.270294189, 412.792724609, 413.268737793, 413.744750977, 414.22076416, 414.696777344, 415.184387207, 415.67199707, 416.148010254, 416.612426758, 417.076812744, 417.541229248, 418.005615234, 418.470001221, 418.934417725, 419.398803711, 419.863220215, 420.339233398, 420.803619385, 421.279632568, 421.744018555, 422.208435059, 422.672821045, 423.125610352, 423.590026855, 424.054412842, 424.507202148, 424.971588135, 425.436004639, 425.900390625, 426.353179932, 426.817596436, 427.270385742, 427.723175049, 428.175964355, 428.628753662, 429.081542969, 429.522705078, 429.963897705, 430.405059814, 430.846252441, 431.287414551, 431.728607178, 432.169799805, 432.610961914, 433.040527344, 433.470092773, 433.888061523, 434.317626953, 434.75881958, 435.18838501, 435.60635376, 436.035919189, 436.465484619, 436.883453369, 437.301391602, 437.730957031, 438.160522461, 438.590118408, 439.019683838, 439.460845947, 439.902038574, 440.331604004, 440.761169434, 441.179138184, 441.608703613, 442.038269043, 442.456237793, 442.885803223, 443.315368652, 443.756530762, 444.174499512, 444.592468262, 445.022033691, 445.451599121, 445.869567871, 446.299133301, 446.72869873, 447.14666748, 447.57623291, 448.00579834, 448.446990967, 448.899749756, 449.352539062, 449.816955566, 450.327789307, 450.838623047, 451.349456787, 451.790649414, 452.231842041, 452.67300415, 453.114196777, 453.555358887, 453.996551514, 454.437713623, 454.89050293, 455.343292236, 455.784484863, 456.31854248, 456.852600098, 457.386657715, 457.920715332, 458.454772949, 458.988830566, 459.522888184, 460.056945801, 460.591003418, 461.125061035, 461.659118652, 462.2628479, 462.866577148, 463.458679199, 464.062408447, 464.654510498, 465.293060303, 465.931610107, 466.570159912, 467.19708252, 467.824035645, 468.439361572, 469.06628418, 469.693237305, 470.320159912, 470.947113037, 471.574035645], "beats_loudness": {"dmean2": 0.0743781626225, "median": 0.0661199092865, "min": 7.23940411262e-06, "dvar2": 0.00402382574975, "dvar": 0.00129038968589, "dmean": 0.04131629318, "max": 0.241484642029, "var": 0.00186037493404, "mean": 0.0723130106926}, "danceability": 1.19925534725, "bpm_histogram_second_peak_weight": {"dmean2": 0, "median": 0.166982918978, "min": 0.166982918978, "dvar2": 0, "dvar": 0, "dmean": 0, "max": 0.166982918978, "var": 0, "mean": 0.166982918978}, "beats_count": 1055, "bpm_histogram_second_peak_bpm": {"dmean2": 0, "median": 133, "min": 133, "dvar2": 0, "dvar": 0, "dmean": 0, "max": 133, "var": 0, "mean": 133}, "bpm_histogram_first_peak_spread": {"dmean2": 0, "median": 0.534142613411, "min": 0.534142613411, "dvar2": 0, "dvar": 0, "dmean": 0, "max": 0.534142613411, "var": 0, "mean": 0.534142613411}, "beats_loudness_band_ratio": {"dmean2": [0.324011355639, 0.185628980398, 0.103487975895, 0.0486405603588, 0.0304716825485, 0.159507334232], "median": [0.661822199821, 0.116420701146, 0.0335896573961, 0.0152654964477, 0.0109915491194, 0.129476860166], "min": [0.00122225622181, 0.004354336299, 0.000525286130141, 9.18708028621e-05, 0.00018486668705, 0.0205311700702], "dvar2": [0.0671554803848, 0.0301658827811, 0.0198092926294, 0.00451193889603, 0.00251278793439, 0.0185019765049], "dvar": [0.023030737415, 0.010532354936, 0.00736191263422, 0.00160816148855, 0.000941246340517, 0.00645520118997], "dmean": [0.183942377567, 0.106934040785, 0.0584658123553, 0.0275655519217, 0.0176162403077, 0.0910668745637], "max": [0.971543908119, 0.762220799923, 0.722315311432, 0.384775817394, 0.455946236849, 0.632093787193], "var": [0.0464783385396, 0.0138097312301, 0.00774000072852, 0.00246163946576, 0.00108765938785, 0.0108581893146], "mean": [0.620571494102, 0.148348361254, 0.0643641427159, 0.0328066833317, 0.0207345820963, 0.158218055964]}}, "lowlevel": {"barkbands_spread": {"dmean2": 9.79970264435, "median": 11.2327480316, "min": 0.426585555077, "dvar2": 143.730926514, "dvar": 57.7782287598, "dmean": 6.02203655243, "max": 118.805137634, "var": 321.673095703, "mean": 17.5627803802}, "melbands_spread": {"dmean2": 4.91658115387, "median": 4.91109609604, "min": 0.404095202684, "dvar2": 49.4324531555, "dvar": 18.8841438293, "dmean": 2.97923541069, "max": 170.662719727, "var": 85.5555267334, "mean": 7.84922075272}, "hfc": {"dmean2": 99.9757156372, "median": 130.720855713, "min": 1.07350957267e-16, "dvar2": 22044.4394531, "dvar": 9249.36132812, "dmean": 64.0451126099, "max": 1914.69592285, "var": 20353.4628906, "mean": 165.162017822}, "barkbands_kurtosis": {"dmean2": 22.1226387024, "median": 20.366771698, "min": -1.7845095396, "dvar2": 841.22668457, "dvar": 321.964538574, "dmean": 13.5085382462, "max": 293.268707275, "var": 841.84979248, "mean": 28.2974586487}, "gfcc": {"mean": [-19.6940670013, 111.162811279, -64.5457458496, 8.90235996246, -3.21947526932, -23.6737613678, -1.29465186596, -18.6896934509, -4.21968173981, -12.1173419952, -11.9065122604, -9.39743041992, -5.64946746826], "icov": [[0.000230676218052, -0.000212147060665, 0.00068144814577, -0.000767479126807, 0.000362758233678, -0.000296052428894, 3.44618601957e-05, -0.000195189597434, 4.11432192777e-05, -0.000338517565979, 0.000638498517219, -0.000290163210593, 1.57657723321e-05], [-0.000212147060665, 0.00548878777772, -0.00762927345932, 0.007363316603, -0.00387923209928, 0.00117002252955, -0.00179525977001, 0.00251689855941, -0.00302265072241, 0.00390586862341, -0.00388221326284, 0.00351996324025, -0.00127860088833], [0.00068144814577, -0.00762927345932, 0.0161636583507, -0.0152976391837, 0.00834698416293, -0.00420574052259, 0.00300945900381, -0.00487063266337, 0.003995295614, -0.00436564348638, 0.00468171900138, -0.00315625220537, 0.00120381743181], [-0.000767479126807, 0.007363316603, -0.0152976391837, 0.0191156771034, -0.0124072674662, 0.00510638253763, -0.00123515469022, 0.000989617081359, 8.30893186503e-05, -0.000498837558553, 0.00125408917665, -0.00248945481144, 0.00404268223792], [0.000362758233678, -0.00387923209928, 0.00834698416293, -0.0124072674662, 0.0141517343, -0.00531315105036, -0.00208886852488, 0.00503259524703, -0.00548781873658, 0.00594092998654, -0.00701907556504, 0.00772089790553, -0.00598944211379], [-0.000296052428894, 0.00117002252955, -0.00420574052259, 0.00510638253763, -0.00531315105036, 0.007936950773, 0.000852252473123, -0.00455793412402, 0.00683277938515, -0.00555202923715, 0.00441570440307, -0.00398502172902, 0.00160109775607], [3.44618601957e-05, -0.00179525977001, 0.00300945900381, -0.00123515469022, -0.00208886852488, 0.000852252473123, 0.0101197753102, -0.00183750165161, -0.00145834451541, -0.00165032874793, 0.00553135760128, -0.00732662715018, 0.00319420103915], [-0.000195189597434, 0.00251689855941, -0.00487063266337, 0.000989617081359, 0.00503259524703, -0.00455793412402, -0.00183750165161, 0.0163423232734, -0.0125462943688, 0.00980509631336, -0.0117397904396, 0.0109876291826, -0.00677543925121], [4.11432192777e-05, -0.00302265072241, 0.003995295614, 8.30893186503e-05, -0.00548781873658, 0.00683277938515, -0.00145834451541, -0.0125462943688, 0.0274638570845, -0.0206191875041, 0.0157300904393, -0.0115730464458, 0.00771850161254], [-0.000338517565979, 0.00390586862341, -0.00436564348638, -0.000498837558553, 0.00594092998654, -0.00555202923715, -0.00165032874793, 0.00980509631336, -0.0206191875041, 0.0363266244531, -0.0251635015011, 0.0133021743968, -0.00552764721215], [0.000638498517219, -0.00388221326284, 0.00468171900138, 0.00125408917665, -0.00701907556504, 0.00441570440307, 0.00553135760128, -0.0117397904396, 0.0157300904393, -0.0251635015011, 0.0381311327219, -0.020454313606, 0.0066184992902], [-0.000290163210593, 0.00351996324025, -0.00315625220537, -0.00248945481144, 0.00772089790553, -0.00398502172902, -0.00732662715018, 0.0109876291826, -0.0115730464458, 0.0133021743968, -0.020454313606, 0.0302087944001, -0.0118233961985], [1.57657723321e-05, -0.00127860088833, 0.00120381743181, 0.00404268223792, -0.00598944211379, 0.00160109775607, 0.00319420103915, -0.00677543925121, 0.00771850161254, -0.00552764721215, 0.0066184992902, -0.0118233961985, 0.0216728895903]], "cov": [[6137.296875, -554.002563477, -80.1323623657, 498.429077148, 107.114318848, 55.3911437988, 166.109176636, -19.8242492676, 118.024528503, 41.8530006409, -146.744232178, 82.7938308716, -72.2174987793], [-554.002563477, 708.083984375, 229.072387695, -134.602218628, 26.8525104523, 74.1171646118, -22.013879776, 44.2671432495, -17.1118927002, -30.6635932922, 19.5313205719, -60.458152771, 32.9159851074], [-80.1323623657, 229.072387695, 674.218811035, 335.919189453, -65.9065551758, 226.929107666, -127.182723999, 145.741851807, -59.4186515808, 21.8462104797, -9.55883979797, -20.4094352722, -38.6900367737], [498.429077148, -134.602218628, 335.919189453, 508.443878174, 158.831253052, 30.3527851105, 23.0913772583, -3.08985877037, 15.1914587021, 16.0355873108, -33.097530365, 18.1942672729, -65.8078460693], [107.114318848, 26.8525104523, -65.9065551758, 158.831253052, 308.959960938, -31.9175987244, 92.4698486328, -88.2469482422, 32.2602119446, -17.2012004852, -5.00368833542, -6.33572292328, 4.25999403], [55.3911437988, 74.1171646118, 226.929107666, 30.3527851105, -31.9175987244, 325.528656006, -95.9775543213, 100.788215637, -77.2868499756, 14.7504673004, 11.1677598953, -11.2034730911, 20.6149959564], [166.109176636, -22.013879776, -127.182723999, 23.0913772583, 92.4698486328, -95.9775543213, 202.472137451, -52.1501235962, 70.3210220337, -5.78585386276, -18.4920864105, 36.3550720215, -13.2008895874], [-19.8242492676, 44.2671432495, 145.741851807, -3.08985877037, -88.2469482422, 100.788215637, -52.1501235962, 173.418670654, 12.0330114365, 19.7489089966, 15.8879346848, -19.4927616119, 10.4399766922], [118.024528503, -17.1118927002, -59.4186515808, 15.1914587021, 32.2602119446, -77.2868499756, 70.3210220337, 12.0330114365, 116.50403595, 35.2953948975, -3.76189184189, 12.1815500259, -17.3009643555], [41.8530006409, -30.6635932922, 21.8462104797, 16.0355873108, -17.2012004852, 14.7504673004, -5.78585386276, 19.7489089966, 35.2953948975, 73.5168914795, 33.8219680786, 7.44933366776, -4.94498729706], [-146.744232178, 19.5313205719, -9.55883979797, -33.097530365, -5.00368833542, 11.1677598953, -18.4920864105, 15.8879346848, -3.76189184189, 33.8219680786, 72.0880737305, 23.0150775909, 13.9554538727], [82.7938308716, -60.458152771, -20.4094352722, 18.1942672729, -6.33572292328, -11.2034730911, 36.3550720215, -19.4927616119, 12.1815500259, 7.44933366776, 23.0150775909, 79.4367523193, 15.6067018509], [-72.2174987793, 32.9159851074, -38.6900367737, -65.8078460693, 4.25999403, 20.6149959564, -13.2008895874, 10.4399766922, -17.3009643555, -4.94498729706, 13.9554538727, 15.6067018509, 76.5755996704]]}, "spectral_energyband_middle_low": {"dmean2": 0.0163193773478, "median": 0.0140108708292, "min": 1.83574268776e-22, "dvar2": 0.000549525313545, "dvar": 0.000185293698451, "dmean": 0.00973430182785, "max": 0.241592213511, "var": 0.000358924153261, "mean": 0.0192112438381}, "melbands_crest": {"dmean2": 6.91243982315, "median": 17.0560112, "min": 1.72803330421, "dvar2": 33.0807342529, "dvar": 11.3204336166, "dmean": 4.0867972374, "max": 35.4088363647, "var": 27.0486087799, "mean": 17.3212585449}, "spectral_kurtosis": {"dmean2": 9.23940181732, "median": 17.4082145691, "min": -1.24880683422, "dvar2": 141.441741943, "dvar": 53.8353385925, "dmean": 5.75074863434, "max": 136.396087646, "var": 101.231292725, "mean": 19.9452457428}, "spectral_rms": {"dmean2": 0.00254069268703, "median": 0.00713031645864, "min": 3.14304767109e-12, "dvar2": 6.97361974744e-06, "dvar": 2.69452652901e-06, "dmean": 0.00159917643759, "max": 0.0223643127829, "var": 9.30820260692e-06, "mean": 0.00718820700422}, "zerocrossingrate": {"dmean2": 0.0476478599012, "median": 0.21142578125, "min": 0.02880859375, "dvar2": 0.00156180048361, "dvar": 0.000912975519896, "dmean": 0.0359736606479, "max": 0.6240234375, "var": 0.00809815805405, "mean": 0.225944459438}, "silence_rate_60dB": {"dmean2": 0.0167207624763, "median": 0, "min": 0, "dvar2": 0.018700491637, "dvar": 0.00828949455172, "dmean": 0.00835997052491, "max": 1, "var": 0.0537355653942, "mean": 0.0569925270975}, "erbbands_kurtosis": {"dmean2": 2.31611871719, "median": 0.137174129486, "min": -1.82456374168, "dvar2": 15.4270038605, "dvar": 6.10963439941, "dmean": 1.43618154526, "max": 71.0260543823, "var": 13.8638515472, "mean": 1.19321572781}, "erbbands": {"dmean2": [0.753528594971, 5.49659585953, 14.8651180267, 24.7673549652, 32.895565033, 18.9347515106, 15.5641708374, 17.2543525696, 17.1751689911, 17.3507881165, 16.1599884033, 18.2184658051, 19.4396839142, 15.4235591888, 13.8242692947, 8.94544696808, 7.17616271973, 11.8238668442, 9.89489078522, 13.8253679276, 8.27683639526, 7.13277578354, 5.77247142792, 3.42157196999, 3.3929810524, 3.16038155556, 2.61850762367, 1.13030540943, 0.795412003994, 0.596274137497, 0.305302143097, 0.150624230504, 0.0981911122799, 0.0667490661144, 0.042184125632, 0.0242118034512, 0.0212319735438, 0.0380386970937, 0.0307869482785, 0.0094282226637], "median": [0.192078471184, 2.28420352936, 7.94854831696, 12.7273464203, 15.7293338776, 10.0810651779, 7.26634407043, 6.23755025864, 5.77000808716, 5.35644102097, 5.26339244843, 5.13950920105, 5.24825143814, 4.74656486511, 4.02289295197, 3.33637428284, 3.3440413475, 4.56773948669, 4.6659154892, 4.18369913101, 4.08293056488, 3.84634494781, 2.53918862343, 1.94028508663, 1.70790970325, 1.37611556053, 1.06264710426, 0.745199322701, 0.407100737095, 0.189896434546, 0.0900906398892, 0.0436718091369, 0.0207481272519, 0.013883844018, 0.00942568108439, 0.00648229196668, 0.0082134809345, 0.0170157980174, 0.0224433504045, 0.0131831280887], "min": [3.96456499851e-23, 1.13828968309e-21, 2.55193377688e-21, 9.31764757093e-21, 2.25075149973e-20, 4.60984330331e-20, 1.03172887173e-19, 1.11635972353e-19, 2.21835700668e-19, 3.04747813325e-19, 7.631970031e-19, 7.6677109543e-19, 6.96763853359e-19, 1.35825941374e-18, 7.28005741312e-19, 1.95558938492e-18, 1.80834110293e-18, 3.37752361125e-18, 4.17789695451e-18, 4.20817507365e-18, 5.82124096104e-18, 5.07335264124e-18, 7.73894464673e-18, 7.14913095557e-18, 8.12451007385e-18, 1.