{"metadata": {"tags": {"genre": ["Country"], "musicip_puid": ["330e11aa-0e5a-4f0d-bb8e-930ac9d193a0"], "musicbrainz_albumid": ["e45a42fe-349f-4cda-8ae9-6c3f44bebc7b"], "musicbrainz_artistid": ["48e32ea6-e282-44ee-96a6-1ed5aeaa4023"], "title": ["The Ass and the Hole"], "tracknumber": ["04"], "artist": ["Mac McAnally"], "musicbrainz_albumartistid": ["48e32ea6-e282-44ee-96a6-1ed5aeaa4023"], "album": ["Word of Mouth"], "musicbrainz album type": ["Album"], "musicbrainz_recordingid": ["19c1d2b0-6f24-4d5b-98c1-0af816120b28"], "bpm": ["138.44"], "acoustid_id": ["6cfd21e5-9b41-403b-9d96-bc0f72cf67fc"], "file_name": "Mac McAnally - The Ass and the Hole.mp3", "acoustid_fingerprint": ["AQADtJmWSIvSCeO0BvKN30fIV_CPfpZwx7izItwvaIk-5I507MkeTI2Ik-HhH-GR6AkTXFJi9CGxcYmI77DCFxXP40ySD8-dBL9hNUOeOMcoJSm03wjzSA94GVfAJEmiEtWPg09ChUSeCMlo4VGCSelx0sHjSSh5eOGDZHqOOJsSPJEWPEcfmBGbYO6LUEdyB1aFD1OWiqikLcRzDV9MIjklPEP6EFfw8_gmFR7L4VeQC02kD4p6VEejDv9iXJNlVId3_NCuEdePRj6qBx_yBF949FmKdBnTBLMOPWGO9MRxBV5QSceeXMF_lFl0JMuIHOeHpgmpgA8PzzrMxT1KRjlyHk8olEWTPTOeN_ih-ig9TgjDJGtxLcPxluiS8bizHJMTnJZUhHnQE1eHLsnRpOGRa9Xw5biswydyyQnUG3kYweGoMDj1CP8RWlkmJDzew5pDOIt4lEwevCn0rMlwH2uGJqMelLrQ9OiPpBW1I3_QJRfh8egz8Bd-lFJYQeQyHMf2C1UcK7iOvhfOHMkeIT-uE3XSSAmcoMxxmdgX4jqox8GPx0MzHbkSD752PH2QH44DJ4oXoc9iIvwjSGJF5If34xSJRg2e4q8wTVF2oYkWJD-iP2gqKUff43uMMPeOJOKV4TuuHY191OLRXDl6XfjhKEpOyJHwNzg1HOfxDE-o4_8w_ciSmMTDY8cvISTx4_7wDY-UyBEqcsYf5AqhPMF7HFpCtUfXTPiG44S26wizTQ7uC4yVHbVznA-qH83IBHeEiNSRPLg0oq9x_MP3YGuSB6V0XMHn4wj9g4mTLYSupsnQfKiVH1U9FVlSZXie4ExEVItyUNuJB9_gW0hzQem25AjVDqdRLzq8J0W1Gl14-ITDI1TDFBrlIz11TBOJHo4Oxkqk44i1RAl0D3n4o-eDpzN6Ykf4NUGyRKTwKBOuMOmEJ-gVOD6albiyEUl7hB6Jn0F_lPwQBueEPUkuXB-aPBL6GT_ylEWfcbAvhIc014L2XEMYH7uyRMdJE01i06h-3I7xKEsm5H0gHteCb4aW9EGVRjfyH-eKaxp6x0ivutCeGnkm1GYSOIYfdGyOZqIulMG9w0_I4MiVBcpcIcczNPnRMTh5lO8FehdCKsoK_UF-ZMfzQGWMWsgSORxefHhmgpXyINIPWzv644e-Qf3xG32OFM-UrriOo0up4g7xH3l0Q9GD9OiP_oNz5IV2qUcu5eDm4HnC4TkuewgdQgvJIe-Fp9KP-hK-cWjjHDmzFdrR1EWuDPzRF_eD_IWO9EH_4W2M9i7yoNETQh8vHM0L7cGnPjiDXIyDZs_ANAi-8ChLaIl5PDrO4wuJXiEa_jjxaDn0kqj0QT0sRjvgTui1IcdfPAqPkomMPIfNoDhznFEchM3B5DvuHI-eEEczKYsUlDwKc8fzIW0maIpy5OiaPEVlpviQ57hEHlq-WKhufDckLuATHRfyvHjRdGHRH-V8pGqUQUfzIHxgR3KKdjtKbfB31D7yQy_Sp8G3Y-iDS3lh96j1Iw805TKchceTNYcrpsLcC36gQRp3nMip4Bm-Hj8-Hc145DdEHhdzbKou3BlRHXqMkF0OL46wE5-P_6hMCuED8Yt2hMyPcxf-F82DksSjGfkeKKJ1pNZCXNh5eBpzHLYpoT76wwqZIYfYCeGKT1EU9Bma4DnO7OhTOLSHIw0lHfyhsRvy6AG_o7mUCn2j4B9-o3kJ5jxYtmiVoNlx5SEugY-OMFEmQc4R7cdtONZRasSjGzcRpqKh7UesUHnwC66yIPwOMUcXHjmPa32QUxN6aMlG_LgUpCGH3Id_6D0UZjvqSGgiHpfQZzkiXXg-5EmO-4eao1_gEze058WNfCExiqmI_2h2PCFMH_eFhD_KH3nx4_nQHOFxR4NOhgGfHFd-aLrhqvBeoddyaEe075ie9riHZ0TOFOqPMIp8nAnMDD9-1MqMK1fxZjnR0BmRRU4OnczxqkH43Ni-42JWXBes4omMz3CVHH2ImCLeJQ52In-DepkObwVjB7l-_JMgX9UQ9oWPXxTq--hzNMfs4UPiSRtyDdeO6kfzBT_aEKWSA4-SG6eWaEiOaJ0YaXgkVNfR_OiNRg3xhZ9Q7Wh-5JsO7eWRKd8NWD3G87CP18fV4z2RD18WWbDK5NB44j3Cx3hrzMwLSxFzMDaJsctxSRKPh0HyC3lodFM7NE2N4xeaPEa-5EeyHM-HS_qCPokswtqDHs2JkKSRPMfTHKcV_EeYi4ci4eKGPwbTR9CyH_eF3zJMKkHOI39w-dC-rGh-vIsoRD-aZVlQJfTwB0XjZA_xiMM7PAt1nHrQJFqiFOFDHjqTI9exNymaCa3i45JCJjG6w8sk4oyE_wI_Ia2dQ_sSIw9-jMqC5qiX5XjRdE9Qa0fcQw51hFpQaqNwLcT1oH-wHW7CFKWoonnQb8I__EJGZSYUfQjTHw8-nDhPXDwaPUX4Q5VW5DlqMTb2C5V-XGGLDz-SWTTSg6F0oV2QilMOzTryEz9ufCauRUeZIz00UUW-zcF9ofAieE_QZ0MtZMkPnUbIfsGV4y5xSzhS9VD0Bv-RH2GefdDVCOlf9MEqDh1x6fCDRDmNHPOPf0aTNMcP77nhT6h-nEeyc0V8eDkq7egqwuG4oaSNp8dxRhcaJkMlXdJwLxaF00ITKgid3NCkw9J0XNAJZ4-F8EegZT1CiR3u5MHTo9kiPDwuPDkcVQmDcIrFpJikRUfTQQ-XIycbPOCVSgl6NFGeEI-2g_OxI_yh5VeQ97hlPMty_NiTqBFOZMmL7qWwH1rUfEN9AAIQIIgABIBwxhBAjCMKEAGQAgQIIIAQxBAACKHAA8EAQMwAgQikQBOGiIMMESQEEAA8IQAwjlIDEBIKecWMgARQcbUgAAmAkSDAAGIMAkI4YwggAAjkLGCCIUGAUBIQYAAAgAijELDAOIOEYYgIoJRj0SCDBCDEKoAMAYYpRQVjBBBDnBHAWAAIkIQARwRDgCADhDCCIEQAEQoZAhRlzkBCiBBAAWmSMQwJCJgyhCEkiKuGAEOAIVII4RBABBqCFHQCDUMIIQIyKCyyEmAHpDAAAa8Fh4QAAYTQxhBwgEAGGQMIAIwYooAUyApCBSJCICIkVg4BY4SRCggJnAEGaMNIQIAAQYhjCDMiITEAOcEsAgQYIaQCBBwiGDKCKkKMRAIIIQQzRBAAgCFCIIeJIAQhCYQBQBEBlFCAEAMIEEASRYwTDAiDjBBGGAKkEIooAoAyRgHKhBGDGoaEMIwQgQBhwgArFCCACGkQMIIBooBiRBEjgTBMAGAVEAYAgAgyBhhCjABECACEUAAgYwRABgihBHBKEEQIEIIIYYgAygFHhAASIUSkswIZ4oARgAjgKCYICIEdEcI4hABBTDBroEHAAOYwEgAyIQBUCBhECKAiKAA1AIQIJYwBhAoACGJKOKEoZMAYQRAgChghEJAMEEA8IEgBgQBhmggABAESEWKAII4wwJAyRlhFABFIECMAMAA5ghAwQgEgAVIACQYMA04xZwwRREkCAABCCIoAcwABgoABQghDBEDEAUGAUg4AKSAxAhggADAGAgAJAkQIIgpCRhmCnCKMIAsEEMRZQphBCiBmlEAYESIEcdAa4QQQgCIggAFAAEEoAogp4AwwACgFiABAEYSEkoABg5QQQhmBCIGGEFOAEEw44hAwwgJhAAOIKQqUEMUAAYwFjAgjCAEIEgCME8QB"]}, "audio_properties": {"sample_rate": 44100, "downmix": "mix", "lossless": false, "analysis_sample_rate": 44100, "md5_encoded": "c44839987911a97feb99d10794d45671", "equal_loudness": 0, "replay_gain": -6.6659526825, "codec": "mp3", "bit_rate": 128000, "length": 164.257965088}, "version": {"extractor": "music 1.0", "essentia_build_sha": "2d9f1f26377add8aeb1075a9c2973f962c4f09fd", "essentia_git_sha": "v2.1_beta2-1-ge3940c0", "essentia": "2.1-beta2"}}, "rhythm": {"beats_loudness_band_ratio": {"dvar2": [0.0577203556895, 0.0457401238382, 0.0482445061207, 0.0718389749527, 0.033926717937, 0.012231037952], "var": [0.028136510402, 0.0178293567151, 0.0294784009457, 0.022532325238, 0.0123944617808, 0.00568717671558], "min": [0.000172830754309, 0.00163855741266, 0.0138518158346, 0.000931820017286, 0.00943948607892, 0.00097710872069], "dmean": [0.165393203497, 0.145682394505, 0.147616922855, 0.14076910913, 0.108358211815, 0.0571036674082], "mean": [0.249949738383, 0.183378815651, 0.233906671405, 0.17378218472, 0.145179405808, 0.0698715597391], "max": [0.786720812321, 0.822289526463, 0.768722057343, 0.831057310104, 0.74282771349, 0.965209066868], "dmean2": [0.294863283634, 0.267721772194, 0.262272387743, 0.249070942402, 0.191657230258, 0.10249427706], "median": [0.217995360494, 0.146671921015, 0.187220782042, 0.134113773704, 0.118312567472, 0.0581566095352], "dvar": [0.0196909792721, 0.015059504658, 0.0182485785335, 0.0239741690457, 0.011134410277, 0.00581275857985]}, "bpm_histogram_first_peak_weight": {"dvar2": 0, "var": 0, "min": 0.579514801502, "dmean": 0, "mean": 0.579514801502, "max": 0.579514801502, "dmean2": 0, "median": 0.579514801502, "dvar": 0}, "bpm": 139.095458984, "beats_count": 372, "bpm_histogram_first_peak_spread": {"dvar2": 0, "var": 0, "min": 0.340490847826, "dmean": 0, "mean": 0.340490847826, "max": 0.340490847826, "dmean2": 0, "median": 0.340490847826, "dvar": 0}, "danceability": 1.10473227501, "bpm_histogram_first_peak_bpm": {"dvar2": 0, "var": 0, "min": 140, "dmean": 0, "mean": 140, "max": 140, "dmean2": 0, "median": 140, "dvar": 0}, "beats_position": [0.487619042397, 0.99845802784, 1.50929701328, 2.03174591064, 2.55419492722, 3.07664394379, 3.5758728981, 4.07510185242, 4.57433080673, 5.08516979218, 5.59600877762, 6.11845779419, 6.64090681076, 7.17496585846, 7.77868461609, 8.38240337372, 8.92807197571, 9.4853515625, 10.0194101334, 10.5650787354, 11.1223583221, 11.6680269241, 12.202085495, 12.7245349884, 13.2469835281, 13.7694330215, 14.2802715302, 14.8143310547, 15.2322902679, 15.6618595123, 16.1030387878, 16.5209980011, 16.9273471832, 17.3453063965, 17.7632656097, 18.1928348541, 18.5991840363, 19.0171432495, 19.4118824005, 19.8182315826, 20.2361907959, 20.6657600403, 21.1069393158, 21.5365066528, 21.9544658661, 22.430475235, 22.918094635, 23.405714035, 23.9049434662, 24.40417099, 24.9034004211, 25.3329696655, 25.7509288788, 26.1572780609, 26.563627243, 26.9931964874, 27.4459857941, 27.8987751007, 28.3515644073, 28.7811336517, 29.2107028961, 29.6518821716, 30.0930614471, 30.5342407227, 30.9754180908, 31.4165973663, 31.8461666107, 32.2757377625, 32.7169151306, 33.1348762512, 33.5760536194, 34.0056228638, 34.4351921082, 34.8647613525, 35.2943305969, 35.7355079651, 36.1650772095, 36.5946464539, 37.0242156982, 37.4537849426, 37.883354187, 38.3129234314, 38.7424926758, 39.1720619202, 39.6016311646, 40.0312004089, 40.4607696533, 40.8903388977, 41.3199081421, 41.7494773865, 42.1906585693, 42.6202278137, 43.0497932434, 43.4793624878, 43.9089317322, 44.3385009766, 44.7680702209, 45.2092514038, 45.6388206482, 46.0683898926, 46.5095672607, 46.9507484436, 47.380317688, 47.8098869324, 48.2510643005, 48.6922454834, 49.1218147278, 49.5513839722, 49.9925613403, 50.4105224609, 50.8284797668, 51.2580490112, 51.6876182556, 52.1055755615, 52.5467567444, 52.9879341125, 53.4291152954, 53.8586845398, 54.2882537842, 54.7178230286, 55.1473922729, 55.5885696411, 56.0181388855, 56.4593200684, 56.8888893127, 57.3068466187, 57.736415863, 58.1659851074, 58.5955543518, 59.0251235962, 59.4663009644, 59.884262085, 60.3138313293, 60.7434005737, 61.1729698181, 61.6025390625, 62.0437164307, 62.4848976135, 62.9144668579, 63.3440361023, 63.7852134705, 64.2147827148, 64.6443557739, 65.0855331421, 65.5267105103, 65.9562835693, 66.385848999, 66.8038101196, 67.2449874878, 67.6745529175, 68.115737915, 68.5453033447, 68.9748764038, 69.4044418335, 69.8340148926, 70.2635803223, 70.6931533813, 71.122718811, 71.5522918701, 71.9818572998, 72.4114303589, 72.8409957886, 73.2821731567, 73.7117462158, 74.1413116455, 74.5708847046, 75.0004501343, 75.4416275024, 75.859588623, 76.3007659912, 76.7303390503, 77.15990448, 77.6010894775, 78.0306549072, 78.4718322754, 78.9014053345, 79.3309707642, 79.7605438232, 80.1785049438, 80.619682312, 81.0492477417, 81.4788208008, 81.9083862305, 82.3379592896, 82.7791366577, 83.2203140259, 83.6382751465, 84.0562362671, 84.4974136353, 84.9269790649, 85.356552124, 85.7745132446, 86.2156906128, 86.656867981, 87.0980453491, 87.5276184082, 87.9687957764, 88.3983688354, 88.8279342651, 89.2575073242, 89.6870727539, 90.116645813, 90.5462112427, 90.9757843018, 91.4169616699, 91.8581390381, 92.2877044678, 92.7172775269, 93.1468429565, 93.5764160156, 94.0059814453, 94.4355545044, 94.8651199341, 95.2946929932, 95.7358703613, 96.1654434204, 96.5950088501, 97.0245819092, 97.4541473389, 97.895324707, 98.3248977661, 98.7544631958, 99.1840362549, 99.6136016846, 100.054779053, 100.484352112, 100.913917542, 101.355102539, 101.784667969, 102.214241028, 102.643806458, 103.073379517, 103.502944946, 103.944122314, 104.373695374, 104.803260803, 105.244445801, 105.662399292, 106.091972351, 106.509933472, 106.95111084, 107.392288208, 107.821853638, 108.251426697, 108.692604065, 109.122177124, 109.551742554, 109.981315613, 110.410881042, 110.840454102, 111.270019531, 111.69959259, 112.12915802, 112.570335388, 112.999908447, 113.429473877, 113.859046936, 114.288612366, 114.718185425, 115.147750854, 115.588935852, 116.018501282, 116.448066711, 116.877639771, 117.3072052, 117.748390198, 118.189567566, 118.619132996, 119.048706055, 119.478271484, 119.907844543, 120.349021912, 120.778594971, 121.2081604, 121.637733459, 122.067298889, 122.496871948, 122.926437378, 123.367614746, 123.797187805, 124.226753235, 124.644714355, 125.074279785, 125.503852844, 125.945030212, 126.374603271, 126.81578064, 127.245346069, 127.674919128, 128.092880249, 128.522445679, 128.963623047, 129.393188477, 129.822769165, 130.252334595, 130.681900024, 131.123077393, 131.552658081, 131.982223511, 132.423400879, 132.852966309, 133.282531738, 133.723709106, 134.153289795, 134.582855225, 135.012420654, 135.441986084, 135.883178711, 136.312744141, 136.74230957, 137.183486938, 137.613052368, 138.042633057, 138.472198486, 138.901763916, 139.331329346, 139.760910034, 140.202087402, 140.631652832, 141.061218262, 141.50239563, 141.931976318, 142.361541748, 142.791107178, 143.220672607, 143.650253296, 144.079818726, 144.509384155, 144.938949585, 145.380126953, 145.798095703, 146.239273071, 146.680450439, 147.098403931, 147.539596558, 147.969161987, 148.410339355, 148.839904785, 149.269470215, 149.699050903, 150.140228271, 150.569793701, 150.999359131, 151.417327881, 151.846893311, 152.27645874, 152.70602417, 153.135604858, 153.576782227, 154.006347656, 154.435913086, 154.877090454, 155.306671143, 155.736236572, 156.165802002, 156.595367432, 157.0365448, 157.466125488, 157.895690918, 158.336868286, 158.778045654, 159.230834961, 159.695236206, 160.148025513, 160.565979004, 160.983947754, 161.413513184, 161.843078613, 162.272644043, 162.702224731, 163.1434021, 163.572967529], "beats_loudness": {"dvar2": 0.000274683407042, "var": 0.000241762943915, "min": 9.9097378552e-06, "dmean": 0.0112551180646, "mean": 0.0278406571597, "max": 0.0816092938185, "dmean2": 0.0191391501576, "median": 0.0266909897327, "dvar": 9.89282489172e-05}, "bpm_histogram_second_peak_weight": {"dvar2": 0, "var": 0, "min": 0.0215633418411, "dmean": 0, "mean": 0.0215633418411, "max": 0.0215633418411, "dmean2": 0, "median": 0.0215633418411, "dvar": 0}, "bpm_histogram_second_peak_spread": {"dvar2": 0, "var": 0, "min": 0.52941173315, "dmean": 0, "mean": 0.52941173315, "max": 0.52941173315, "dmean2": 0, "median": 0.52941173315, "dvar": 0}, "bpm_histogram_second_peak_bpm": {"dvar2": 0, "var": 0, "min": 115, "dmean": 0, "mean": 115, "max": 115, "dmean2": 0, "median": 115, "dvar": 0}, "onset_rate": 3.73775863647}, "lowlevel": {"spectral_energyband_high": {"dvar2": 1.17640126973e-06, "var": 1.24986263472e-06, "min": 7.94380639443e-21, "dmean": 0.000329473405145, "mean": 0.000658608914819, "max": 0.0207380000502, "dmean2": 0.000478574074805, "median": 0.000302597938571, "dvar": 5.76784884743e-07}, "spectral_energyband_middle_low": {"dvar2": 6.57497657812e-05, "var": 8.39366184664e-05, "min": 2.76849889028e-22, "dmean": 0.00359218101948, "mean": 0.0105045288801, "max": 0.0682061314583, "dmean2": 0.00557022495195, "median": 0.00786369480193, "dvar": 2.6767147574e-05}, "spectral_energy": {"dvar2": 0.000202473747777, "var": 0.000250507961027, "min": 1.10663590847e-20, "dmean": 0.00596237741411, "mean": 0.0209941808134, "max": 0.124544546008, "dmean2": 0.0093249566853, "median": 0.0171489492059, "dvar": 8.12773869256e-05}, "spectral_spread": {"dvar2": 1114870513660.0, "var": 2137985122300.0, "min": 1034588.875, "dmean": 520090.09375, "mean": 4095926.5, "max": 40078804, "dmean2": 741057.1875, "median": 3924826.5, "dvar": 585095774208}, "spectral_energyband_low": {"dvar2": 0.000120395845443, "var": 2.93192388199e-05, "min": 6.36287317542e-23, "dmean": 0.00202752929181, "mean": 0.00289020477794, "max": 0.111424952745, "dmean2": 0.00361387687735, "median": 0.00198626914062, "dvar": 4.27080631198e-05}, "spectral_rolloff": {"dvar2": 1445598.625, "var": 1751439.625, "min": 150.732421875, "dmean": 437.998168945, "mean": 1890.90124512, "max": 19056.8847656, "dmean2": 710.977478027, "median": 1722.65625, "dvar": 710600.6875}, "barkbands": {"dvar2": [7.15662409334e-08, 2.51369183388e-05, 3.17663143505e-05, 5.44437352801e-06, 3.00837709801e-05, 4.589764103e-06, 9.81024913926e-06, 8.0159643403e-06, 1.03524380393e-05, 6.08436175753e-06, 4.72450392408e-06, 2.9989853374e-06, 2.70631448984e-06, 2.02996261578e-06, 1.35398431667e-06, 7.80948369083e-07, 7.92826938323e-07, 2.84743151724e-07, 2.07612714576e-07, 5.62538531312e-08, 5.03149131248e-08, 7.59383098625e-08, 7.45888755205e-08, 8.42264213929e-08, 1.8789938494e-08, 8.78061179321e-09, 2.8134286012e-09], "var": [2.54496725915e-08, 6.01127203481e-06, 7.25931613488e-06, 2.65689936896e-06, 1.27945941131e-05, 5.16249065186e-06, 1.24004081954e-05, 8.10240635474e-06, 1.33623007059e-05, 8.61983789946e-06, 6.58377484797e-06, 4.60074807052e-06, 2.50724974649e-06, 1.74183014678e-06, 2.02148612516e-06, 8.61881687797e-07, 9.95657160274e-07, 3.82711846214e-07, 2.99980769114e-07, 4.82812474445e-08, 3.60480001405e-08, 6.76347227113e-08, 6.96216346796e-08, 7.18880599493e-08, 1.37580560278e-08, 5.73474556731e-09, 1.2157730378e-09], "min": [6.46114276168e-24, 2.02557376578e-23, 1.95762554726e-23, 1.0553171353e-23, 4.33225779959e-23, 1.70440403658e-23, 6.93801967073e-23, 3.13558704527e-23, 4.71203689638e-23, 3.44139497052e-23, 5.41616183416e-23, 1.15661713073e-22, 1.00610821292e-22, 1.14292187432e-22, 8.6495102026e-23, 1.04775647151e-22, 2.05680334907e-22, 2.70977482232e-22, 2.15510841829e-22, 2.82975741056e-22, 4.04612513817e-22, 4.51276804426e-22, 6.38816077438e-22, 8.48127406563e-22, 1.19492610955e-21, 1.60293123013e-21, 2.55180513575e-21], "dmean": [4.42274649686e-05, 0.000846190610901, 0.000969342479948, 0.000841130677145, 0.00158489425667, 0.000654844101518, 0.000815244740807, 0.0007459144108, 0.000987454084679, 0.000628421199508, 0.000542290392332, 0.000477808178402, 0.000443915778305, 0.000385941471905, 0.000447208207333, 0.000298406084767, 0.000322493928252, 0.000202559836907, 0.000180793154868, 8.39782587718e-05, 7.14745838195e-05, 7.81567941885e-05, 6.3990111812e-05, 6.3759754994e-05, 3.60051672033e-05, 2.59801490756e-05, 1.23977833937e-05], "mean": [4.33851164416e-05, 0.00112743803766, 0.0011621468002, 0.00132663443219, 0.00256559229456, 0.00128513050731, 0.00173793663271, 0.00138693477493, 0.00204196874984, 0.00123829534277, 0.00095943256747, 0.000879856233951, 0.000741430500057, 0.000698859395925, 0.000939246790949, 0.000611269788351, 0.000675557705108, 0.000436039117631, 0.000381577003282, 0.000162750759046, 0.000137077833642, 0.000143712066347, 0.000109812193841, 9.77411109488e-05, 5.43780297448e-05, 3.70132111129e-05, 1.29974960146e-05], "max": [0.0040722717531, 0.0291602425277, 0.0727985724807, 0.0254693236202, 0.041249897331, 0.036629922688, 0.0528995916247, 0.0365475937724, 0.0375826768577, 0.0479020811617, 0.056435264647, 0.0445847176015, 0.0286241546273, 0.0234673582017, 0.0143532715738, 0.0138876326382, 0.0114803388715, 0.0120314424857, 0.0086866831407, 0.00231885351241, 0.00226591387764, 0.00401312345639, 0.0056911027059, 0.00679573137313, 0.00242966413498, 0.00116337079089, 0.0005235367571], "dmean2": [7.4255221989e-05, 0.00150306976866, 0.00175354315434, 0.00143591139931, 0.00261012511328, 0.000992760877125, 0.00123641977552, 0.00112799042836, 0.00147671170998, 0.00092274468625, 0.000836533203255, 0.000723897479475, 0.000670495675877, 0.000600314873736, 0.00070069974754, 0.000473560736282, 0.00049468135694, 0.000312875956297, 0.000275342812529, 0.000133534005727, 0.000113602465717, 0.000122296754853, 9.88455576589e-05, 9.51220135903e-05, 5.48479729332e-05, 3.93914633605e-05, 1.97959543584e-05], "median": [9.01007115317e-06, 0.000754978274927, 0.000461856514448, 0.000794206862338, 0.00144907052163, 0.000536064908374, 0.000548718846403, 0.000427903141826, 0.000698923249729, 0.000365838903235, 0.000325865723426, 0.000305622146698, 0.000306853704387, 0.000276950740954, 0.000455464614788, 0.000341544102412, 0.000325365195749, 0.000241414832999, 0.000208436264074, 8.60954751261e-05, 7.0978567237e-05, 5.90416202613e-05, 3.52602728526e-05, 2.81813463516e-05, 1.93014620891e-05, 1.05799799712e-05, 1.0937967545e-06], "dvar": [2.60437342803e-08, 9.00098075363e-06, 1.10148757813e-05, 1.88032959159e-06, 1.13162732305e-05, 2.05215042115e-06, 4.2074511839e-06, 3.40764268003e-06, 4.60986939288e-06, 2.80278572973e-06, 2.0890322503e-06, 1.4206356127e-06, 1.21981463508e-06, 8.35566424939e-07, 6.02113459536e-07, 3.16566769243e-07, 3.38254210419e-07, 1.29865100007e-07, 1.00728136943e-07, 2.29564314225e-08, 2.03732515303e-08, 3.37889396462e-08, 3.50782052294e-08, 4.16078833609e-08, 8.65110560966e-09, 3.86144094477e-09, 1.16678022799e-09]}, "melbands_skewness": {"dvar2": 0.865648448467, "var": 1.03746032715, "min": -1.88428390026, "dmean": 0.477942854166, "mean": 1.61912000179, "max": 8.51738929749, "dmean2": 0.746506989002, "median": 1.49423527718, "dvar": 0.350250542164}, "barkbands_skewness": {"dvar2": 0.409729212523, "var": 0.593018233776, "min": -3.35069203377, "dmean": 0.371278077364, "mean": 0.861906707287, "max": 5.21696138382, "dmean2": 0.577879190445, "median": 0.794221580029, "dvar": 0.178557053208}, "erbbands": {"dvar2": [0.00751953665167, 1.89821302891, 36.4043960571, 40.7433586121, 195.853530884, 455.801208496, 183.046279907, 421.98815918, 1665.15625, 2423.45092773, 5273.46533203, 5206.31347656, 3243.90380859, 6421.26123047, 5664.40136719, 4357.3828125, 6215.23535156, 5127.63525391, 4084.24951172, 3210.36523438, 2177.61767578, 2474.29296875, 920.064819336, 607.028686523, 365.662261963, 126.76008606, 86.6182632446, 97.0455856323, 93.2936935425, 91.07447052, 63.5263290405, 53.2796592712, 17.4589176178, 3.60939669609, 0.706095159054, 0.223471060395, 0.025986077264, 0.00298661668785, 9.64358259807e-05, 1.70212402395e-07], "var": [0.00224438915029, 0.42752790451, 8.1663980484, 14.3587007523, 91.4106063843, 174.052734375, 184.469772339, 473.02645874, 2044.56604004, 2775.68115234, 5097.37011719, 6138.44726563, 5266.63476563, 9412.25, 8825.30273438, 5622.39306641, 5300.08544922, 3745.6003418, 5771.02246094, 3724.56811523, 2904.17138672, 3285.93676758, 1357.8684082, 933.436828613, 428.998260498, 108.957717896, 55.477645874, 66.3118515015, 78.5980072021, 89.1711120605, 52.3101577759, 43.2077560425, 14.04682827, 2.45255899429, 0.540978908539, 0.15290671587, 0.0158015787601, 0.00152890197933, 4.01139477617e-05, 7.06364602365e-08], "min": [1.02068483521e-21, 2.76205360639e-21, 1.80862992467e-20, 3.82399878005e-20, 5.60907489834e-20, 1.76077736468e-19, 2.23452864615e-19, 1.04143958438e-19, 5.85146893236e-19, 1.09705790337e-18, 9.96644794454e-19, 1.09487300918e-18, 1.09071104993e-18, 1.49495979875e-18, 2.03438350815e-18, 4.59289677655e-18, 5.1229615577e-18, 7.26976780329e-18, 5.18820956442e-18, 5.92009690246e-18, 8.71971201952e-18, 1.28826010226e-17, 1.39174875141e-17, 1.40891920113e-17, 1.09458320645e-17, 1.25677297593e-17, 1.65751725002e-17, 1.87190906446e-17, 1.75181799052e-17, 1.49338492959e-17, 1.76752217988e-17, 1.37924823256e-17, 1.47898106814e-17, 1.00561935255e-17, 1.04924353457e-17, 6.03281184145e-18, 2.83932847186e-18, 1.23704550415e-18, 3.21865799114e-19, 3.77905863898e-20], "dmean": [0.0155821144581, 0.228078857064, 1.01621413231, 1.8645131588, 4.5831284523, 5.68562412262, 4.11991024017, 5.88476419449, 9.7450799942, 13.236073494, 18.5573978424, 20.842912674, 16.5990962982, 21.3676013947, 20.3383560181, 17.2119560242, 20.3718948364, 16.8761405945, 22.0835227966, 20.7191390991, 16.0359287262, 17.2697219849, 11.1840190887, 9.85298252106, 6.75081968307, 4.00244140625, 2.90314936638, 2.9408121109, 2.78627562523, 2.47068858147, 1.78309631348, 1.55532002449, 0.933391213417, 0.474578350782, 0.227838516235, 0.122248247266, 0.0440883897245, 0.0147073082626, 0.00221269158646, 9.2220325314e-05], "mean": [0.0216922294348, 0.29900982976, 1.258857131, 2.97312378883, 7.21052122116, 8.51908111572, 8.1365070343, 11.6295957565, 20.9878959656, 27.3279953003, 36.5815353394, 43.4509658813, 35.8269729614, 45.080242157, 40.2365264893, 33.5397415161, 35.5504608154, 32.4375076294, 46.2283630371, 43.247543335, 35.7742156982, 38.4584312439, 26.6068477631, 22.1284713745, 15.0784235001, 8.0678768158, 5.49594926834, 5.4323797226, 5.11799192429, 4.25732946396, 2.97876095772, 2.33651304245, 1.40213322639, 0.700501203537, 0.344537347555, 0.175477966666, 0.0609837323427, 0.0188769828528, 0.00222438643686, 0.000108710351924], "max": [0.561557173729, 7.87590360641, 60.6953163147, 114.543716431, 122.355583191, 198.764907837, 276.895172119, 392.886566162, 896.441955566, 661.36541748, 942.326049805, 993.673461914, 929.775146484, 1516.06311035, 2351.14794922, 1081.38195801, 1460.41491699, 1501.05090332, 829.386535645, 867.903259277, 850.00390625, 804.873657227, 809.184020996, 358.956604004, 403.30682373, 101.948974609, 105.672348022, 119.6222229, 126.093383789, 192.057754517, 166.845413208, 170.322143555, 93.7071456909, 40.0518760681, 14.2444667816, 8.03363513947, 2.69832825661, 0.55838394165, 0.0869661793113, 0.00441857660189], "dmean2": [0.0265743080527, 0.411163002253, 1.84144544601, 3.24209308624, 7.67691707611, 9.45007133484, 6.40298557281, 8.89316749573, 14.7868938446, 19.8232269287, 28.1266345978, 30.9462356567, 23.8321228027, 31.9366817474, 30.7396297455, 26.0051345825, 30.7039241791, 26.0245456696, 33.8614349365, 32.5488395691, 25.1864280701, 26.1056556702, 16.9722423553, 14.8958053589, 10.3940887451, 6.35644721985, 4.64949989319, 4.70405626297, 4.4045085907, 3.80928635597, 2.74309062958, 2.32759404182, 1.41632866859, 0.730273842812, 0.344789594412, 0.186402350664, 0.0676774829626, 0.0224363412708, 0.00357510242611, 0.000148587118019], "median": [0.0108769861981, 0.201362520456, 0.58163946867, 1.95745313168, 4.13641929626, 4.3901515007, 3.56880450249, 4.75356864929, 6.81770658493, 9.52746772766, 12.2442951202, 15.3896446228, 11.9197826385, 17.1495876312, 16.6455192566, 13.2595643997, 16.0850162506, 13.6526899338, 21.5597667694, 23.1194267273, 20.0883693695, 18.8847026825, 15.3486938477, 12.7512588501, 8.60821151733, 4.54578256607, 3.00213479996, 2.48762559891, 2.1528699398, 1.52969956398, 0.920831680298, 0.631553053856, 0.434716254473, 0.244167909026, 0.122211769223, 0.0548174753785, 0.0164565127343, 0.00401888182387, 0.000126374186948, 3.50945774699e-05], "dvar": [0.00285964761861, 0.668556034565, 12.6709032059, 14.1834383011, 72.7049789429, 168.111801147, 80.1604385376, 191.372283936, 745.783691406, 1038.74975586, 2193.54907227, 2250.57080078, 1587.80126953, 2976.51098633, 2548.96923828, 1978.61254883, 2722.80273438, 2028.93261719, 1821.48901367, 1337.29406738, 905.123474121, 1068.98754883, 419.476104736, 303.047943115, 159.50328064, 51.2545585632, 34.6138076782, 38.6986923218, 40.2050437927, 42.1154975891, 29.1288547516, 25.9008808136, 8.36320209503, 1.6297018528, 0.32586106658, 0.0992231294513, 0.0112652014941, 0.00126633699983, 3.95547540393e-05, 6.99448676755e-08]}, "silence_rate_30dB": {"dvar2": 0, "var": 0, "min": 1, "dmean": 0, "mean": 1, "max": 1, "dmean2": 0, "median": 1, "dvar": 0}, "melbands_spread": {"dvar2": 213.741760254, "var": 313.219299316, "min": 1.60218203068, "dmean": 7.03486824036, "mean": 30.6323757172, "max": 195.984313965, "dmean2": 10.7816696167, "median": 28.0060520172, "dvar": 103.601364136}, "melbands_crest": {"dvar2": 23.1775169373, "var": 17.6747245789, "min": 1.00040912628, "dmean": 2.84637117386, "mean": 11.1766262054, "max": 32.3203125, "dmean2": 4.71009159088, "median": 10.3450155258, "dvar": 8.4851808548}, "zerocrossingrate": {"dvar2": 0.000203596195206, "var": 0.00118490552995, "min": 0.01318359375, "dmean": 0.00988883432001, "mean": 0.0698423683643, "max": 0.5087890625, "dmean2": 0.0113938739523, "median": 0.064453125, "dvar": 0.000195269167307}, "barkbands_kurtosis": {"dvar2": 9.8013086319, "var": 9.16502094269, "min": -1.89849448204, "dmean": 1.14818060398, "mean": 1.05860984325, "max": 47.3759651184, "dmean2": 1.83165681362, "median": 0.1339186728, "dvar": 4.15736579895}, "spectral_flux": {"dvar2": 0.00115773396101, "var": 0.00190405920148, "min": 6.79356640387e-11, "dmean": 0.0195181965828, "mean": 0.0706163048744, "max": 0.281238406897, "dmean2": 0.0292929559946, "median": 0.0645514279604, "dvar": 0.000598711427301}, "barkbands_crest": {"dvar2": 10.7489318848, "var": 10.0030345917, "min": 2.36803555489, "dmean": 2.0281920433, "mean": 7.80041074753, "max": 23.6174354553, "dmean2": 3.31271243095, "median": 7.12510108948, "dvar": 4.10137367249}, "barkbands_flatness_db": {"dvar2": 0.000652841699775, "var": 0.00241168984212, "min": 0.0204542055726, "dmean": 0.0163812227547, "mean": 0.109803333879, "max": 0.294515401125, "dmean2": 0.0247276127338, "median": 0.0990582033992, "dvar": 0.000303293869365}, "spectral_entropy": {"dvar2": 0.0536433495581, "var": 0.22082310915, "min": 5.69202756882, "dmean": 0.145186111331, "mean": 7.52373933792, "max": 9.81340312958, "dmean2": 0.205473348498, "median": 7.57095575333, "dvar": 0.0293015446514}, "pitch_salience": {"dvar2": 0.0074256262742, "var": 0.00751803955063, "min": 0.147513061762, "dmean": 0.056365635246, "mean": 0.598846256733, "max": 0.996093332767, "dmean2": 0.0919206365943, "median": 0.601433575153, "dvar": 0.00277220900171}, "erbbands_spread": {"dvar2": 109.578987122, "var": 177.375671387, "min": 4.15546560287, "dmean": 6.03140687943, "mean": 31.7391719818, "max": 102.421539307, "dmean2": 9.11691570282, "median": 29.9477787018, "dvar": 49.2689628601}, "dynamic_complexity": 3.87390208244, "spectral_contrast_valleys": {"dvar2": [0.329671293497, 0.190765976906, 0.171100124717, 0.140874102712, 0.162257418036, 0.319988906384], "var": [1.77645599842, 1.09315979481, 1.45378184319, 1.47475194931, 1.63806927204, 2.17641639709], "min": [-27.3245983124, -27.1295700073, -27.2382907867, -27.2269477844, -27.3360290527, -27.2559070587], "dmean": [0.377157658339, 0.320962011814, 0.311371058226, 0.289286971092, 0.275390207767, 0.354046136141], "mean": [-7.8888759613, -6.91513252258, -7.39646196365, -7.72055768967, -7.81446552277, -10.4340724945], "max": [-5.45994234085, -5.12325382233, -4.98316907883, -5.73891639709, -5.75951480865, -7.52884101868], "dmean2": [0.61569082737, 0.505464076996, 0.474544554949, 0.430608689785, 0.396292507648, 0.464180350304], "median": [-7.3946557045, -6.67937278748, -7.135887146, -7.42931270599, -7.49914455414, -10.0696210861], "dvar": [0.138376936316, 0.0890457630157, 0.0852562338114, 0.0801234468818, 0.0930534824729, 0.18764205277]}, "hfc": {"dvar2": 150.199661255, "var": 321.902770996, "min": 1.2134279012e-16, "dmean": 5.85247850418, "mean": 21.896024704, "max": 171.679489136, "dmean2": 8.3529586792, "median": 17.6147251129, "dvar": 71.6122055054}, "spectral_kurtosis": {"dvar2": 15.1930990219, "var": 16.0136165619, "min": -1.18312501907, "dmean": 1.82089197636, "mean": 5.89429283142, "max": 56.7094764709, "dmean2": 3.03389644623, "median": 5.15642642975, "dvar": 5.53890514374}, "mfcc": {"mean": [-644.793762207, 121.658737183, -18.4118766785, 13.6576461792, 1.69519555569, -1.33572149277, -6.84915685654, 2.87960958481, -2.12449002266, -1.37551724911, -2.17860651016, -6.16553497314, -4.86170101166], "cov": [[8686.72851563, -919.259521484, -150.701324463, -78.8989486694, 143.639480591, 183.780761719, 115.598014832, 440.90411377, 49.3488121033, 12.2643651962, 162.545410156, 147.109390259, 117.772033691], [-919.259521484, 1099.17272949, -292.971038818, -19.3239479065, -28.97448349, -59.3842277527, 9.37932395935, -10.1405439377, 16.567735672, -20.1834716797, 48.3299179077, -8.20081329346, -11.968085289], [-150.701324463, -292.971038818, 581.312683105, 66.3828735352, 2.21286320686, 92.7160263062, 60.1662521362, -10.1775407791, 55.1919937134, 51.9065856934, -35.4213752747, 27.9622135162, 35.566444397], [-78.8989486694, -19.3239479065, 66.3828735352, 258.650909424, 96.3782196045, 5.80603504181, -17.3226528168, -11.7002830505, 38.3894042969, 20.2879447937, -12.7974910736, 12.916592598, 25.7910194397], [143.639480591, -28.97448349, 2.21286320686, 96.3782196045, 249.319976807, 7.36930751801, -31.2373924255, 21.1879558563, -12.5167198181, -4.89804553986, 12.3423271179, 4.28007459641, 11.8548660278], [183.780761719, -59.3842277527, 92.7160263062, 5.80603504181, 7.36930751801, 174.901855469, 103.643493652, 23.7665786743, 25.0688018799, 14.5485525131, -4.15863609314, 16.0971050262, 1.05643153191], [115.598014832, 9.37932395935, 60.1662521362, -17.3226528168, -31.2373924255, 103.643493652, 203.403549194, 78.8278503418, 9.09127521515, -9.34808540344, -9.59877300262, 12.9623003006, 4.50789690018], [440.90411377, -10.1405439377, -10.1775407791, -11.7002830505, 21.1879558563, 23.7665786743, 78.8278503418, 161.696533203, 32.6898956299, -15.1330575943, 16.950258255, 15.9975061417, 0.798600137234], [49.3488121033, 16.567735672, 55.1919937134, 38.3894042969, -12.5167198181, 25.0688018799, 9.09127521515, 32.6898956299, 198.595489502, 111.628974915, 35.0297088623, 40.1677970886, 6.69966936111], [12.2643651962, -20.1834716797, 51.9065856934, 20.2879447937, -4.89804553986, 14.5485525131, -9.34808540344, -15.1330575943, 111.628974915, 164.721221924, 53.191242218, 27.7072582245, 7.02695178986], [162.545410156, 48.3299179077, -35.4213752747, -12.7974910736, 12.3423271179, -4.15863609314, -9.59877300262, 16.950258255, 35.0297088623, 53.191242218, 106.529441833, 35.9593544006, -5.37832403183], [147.109390259, -8.20081329346, 27.9622135162, 12.916592598, 4.28007459641, 16.0971050262, 12.9623003006, 15.9975061417, 40.1677970886, 27.7072582245, 35.9593544006, 85.0878448486, 32.2755279541], [117.772033691, -11.968085289, 35.566444397, 25.7910194397, 11.8548660278, 1.05643153191, 4.50789690018, 0.798600137234, 6.69966936111, 7.02695178986, -5.37832403183, 32.2755279541, 88.6985321045]], "icov": [[0.000170251689269, 0.000167304780916, 0.000137484094012, 3.35018739861e-05, -3.44650857187e-07, -0.000229129829677, 0.000150428691995, -0.000463739881525, 5.57563398615e-05, 6.46449905162e-07, -0.000222175309318, -5.18698434462e-05, -0.000267907045782], [0.000167304780916, 0.00130058883224, 0.000695773400366, -5.26289404661e-05, 4.16687398683e-05, 0.0001554897608, -0.00047241669381, 8.57028717292e-05, -0.000508699915372, 0.000503917690367, -0.000865469337441, 0.000248018855928, -0.000438753311755], [0.000137484094012, 0.000695773400366, 0.00250536669046, -0.000367004744476, 6.59440993331e-05, -0.000846338924021, -0.00042608944932, 0.000129109699628, -0.000344881380443, -0.000469846505439, 0.000615903933067, -0.000414757523686, -0.00071325909812], [3.35018739861e-05, -5.26289404661e-05, -0.000367004744476, 0.00513515947387, -0.00215383665636, 0.000234079168877, -5.04016861669e-05, 0.000729452702217, -0.0013284747256, 0.000102540849184, 0.00105680665001, -0.000320167338941, -0.000843704619911], [-3.44650857187e-07, 4.16687398683e-05, 6.59440993331e-05, -0.00215383665636, 0.00538712739944, -0.00123701116536, 0.00181226851419, -0.00175936496817, 0.00129265582655, -0.000138486124342, -0.000979862874374, 0.000346458458807, -0.000447777332738], [-0.000229129829677, 0.0001554897608, -0.000846338924021, 0.000234079168877, -0.00123701116536, 0.00972180161625, -0.00554694235325, 0.00230158795603, -0.00114385574125, 4.08468258684e-06, 0.000410312204622, -0.000849116186146, 0.00132717553061], [0.000150428691995, -0.00047241669381, -0.00042608944932, -5.04016861669e-05, 0.00181226851419, -0.00554694235325, 0.0101240416989, -0.00528241368011, 0.00166403467301, -0.000663701852318, 0.00112485070713, -0.000601266277954, -0.000507204968017], [-0.000463739881525, 8.57028717292e-05, 0.000129109699628, 0.000729452702217, -0.00175936496817, 0.00230158795603, -0.00528241368011, 0.011218608357, -0.003752496792, 0.0034193599131, -0.00165683671366, 0.000135529262479, 0.000601390667725], [5.57563398615e-05, -0.000508699915372, -0.000344881380443, -0.0013284747256, 0.00129265582655, -0.00114385574125, 0.00166403467301, -0.003752496792, 0.0104076331481, -0.00701205385849, 0.0015468763886, -0.00292809447274, 0.00110063690227], [6.46449905162e-07, 0.000503917690367, -0.000469846505439, 0.000102540849184, -0.000138486124342, 4.08468258684e-06, -0.000663701852318, 0.0034193599131, -0.00701205385849, 0.0129138538614, -0.00570855522528, 0.00161607656628, -0.00118050677702], [-0.000222175309318, -0.000865469337441, 0.000615903933067, 0.00105680665001, -0.000979862874374, 0.000410312204622, 0.00112485070713, -0.00165683671366, 0.0015468763886, -0.00570855522528, 0.0157565437257, -0.00679766573012, 0.00347214029171], [-5.18698434462e-05, 0.000248018855928, -0.000414757523686, -0.000320167338941, 0.000346458458807, -0.000849116186146, -0.000601266277954, 0.000135529262479, -0.00292809447274, 0.00161607656628, -0.00679766573012, 0.0185337513685, -0.00670819962397], [-0.000267907045782, -0.000438753311755, -0.00071325909812, -0.000843704619911, -0.000447777332738, 0.00132717553061, -0.000507204968017, 0.000601390667725, 0.00110063690227, -0.00118050677702, 0.00347214029171, -0.00670819962397, 0.0148282935843]]}, "silence_rate_20dB": {"dvar2": 0, "var": 0, "min": 1, "dmean": 0, "mean": 1, "max": 1, "dmean2": 0, "median": 1, "dvar": 0}, "melbands_kurtosis": {"dvar2": 74.4050674438, "var": 45.2791786194, "min": -1.7784948349, "dmean": 2.7460269928, "mean": 4.44125461578, "max": 101.654083252, "dmean2": 4.46634721756, "median": 2.64713597298, "dvar": 28.5178623199}, "barkbands_spread": {"dvar2": 81.0406417847, "var": 134.996780396, "min": 1.46469628811, "dmean": 4.61693716049, "mean": 23.8438167572, "max": 99.5969543457, "dmean2": 6.95859718323, "median": 22.6844425201, "dvar": 38.0652770996}, "erbbands_skewness": {"dvar2": 0.164274424314, "var": 0.509634137154, "min": -2.94978046417, "dmean": 0.284125089645, "mean": 0.10786473006, "max": 3.00815868378, "dmean2": 0.425133705139, "median": 0.0562294460833, "dvar": 0.0773144066334}, "average_loudness": 0.82327234745, "spectral_centroid": {"dvar2": 139334.8125, "var": 308981, "min": 281.191558838, "dmean": 211.625366211, "mean": 1472.92126465, "max": 11456.6455078, "dmean2": 318.189819336, "median": 1442.47473145, "dvar": 71182.8203125}, "dissonance": {"dvar2": 0.000800290668849, "var": 0.001145485905, "min": 0.210507795215, "dmean": 0.0166226308793, "mean": 0.460625350475, "max": 0.500000119209, "dmean2": 0.0274191945791, "median": 0.470643132925, "dvar": 0.000308677670546}, "erbbands_flatness_db": {"dvar2": 0.000630023598205, "var": 0.00262999464758, "min": 0.0366723537445, "dmean": 0.0168802663684, "mean": 0.163312375546, "max": 0.346735417843, "dmean2": 0.0237215477973, "median": 0.156319946051, "dvar": 0.00035455726902}, "spectral_strongpeak": {"dvar2": 1.77075219154, "var": 1.63815748692, "min": 0, "dmean": 0.549450814724, "mean": 1.11433053017, "max": 11.0191230774, "dmean2": 0.923170804977, "median": 0.585353791714, "dvar": 0.704676866531}, "spectral_rms": {"dvar2": 1.35902610054e-06, "var": 3.3420701584e-06, "min": 3.28579481332e-12, "dmean": 0.000594431359787, "mean": 0.00414005434141, "max": 0.0110230157152, "dmean2": 0.000896895653568, "median": 0.00409031566232, "dvar": 5.87831038956e-07}, "silence_rate_60dB": {"dvar2": 0.0424482934177, "var": 0.104081884027, "min": 0, "dmean": 0.020356234163, "mean": 0.118021205068, "max": 1, "dmean2": 0.0407182238996, "median": 0, "dvar": 0.0199397299439}, "melbands": {"dvar2": [1.13511521249e-06, 7.57402995077e-06, 1.20357469768e-06, 2.12150985135e-06, 1.96891463133e-07, 1.98219183289e-07, 3.70198193878e-07, 2.51895897918e-07, 3.52459778696e-07, 1.92709379121e-07, 9.06182577864e-08, 1.24025149262e-07, 9.48887901586e-08, 4.28709121536e-08, 3.18482200612e-08, 2.541396249e-08, 1.82091426382e-08, 1.39389086939e-08, 7.99505972537e-09, 4.32019975349e-09, 3.77559983278e-09, 3.24432902765e-09, 2.09218509184e-09, 7.60708607217e-10, 4.98809549221e-10, 3.54366230804e-10, 1.23660318097e-10, 6.04240893431e-11, 4.15225735739e-11, 3.3629432572e-11, 3.70741527755e-11, 3.5678349164e-11, 3.2136075051e-11, 3.23222594523e-11, 2.67310323182e-11, 2.45994960513e-11, 2.18997806001e-11, 1.07682664868e-11, 5.86818007381e-12, 2.17495292609e-12], "var": [2.93841992516e-07, 1.68058772942e-06, 5.35928961654e-07, 8.22265178613e-07, 1.90652116316e-07, 2.30675169632e-07, 4.5138571636e-07, 3.01092967447e-07, 3.49889688778e-07, 2.36323515423e-07, 1.44241894873e-07, 1.7965064103e-07, 1.41116643704e-07, 7.35444558586e-08, 2.51571243837e-08, 2.29830607879e-08, 1.31753941091e-08, 1.79169337144e-08, 1.06775477349e-08, 4.04841360435e-09, 4.56598225895e-09, 3.92934174087e-09, 2.68744648757e-09, 8.50372661176e-10, 7.0482542025e-10, 4.34526026272e-10, 1.1808588829e-10, 4.33033157943e-11, 2.40688597525e-11, 2.31428053804e-11, 2.32182988114e-11, 2.62901488773e-11, 2.8419346737e-11, 2.8203619995e-11, 1.79037219078e-11, 1.69439080822e-11, 1.70720850651e-11, 8.26181310865e-12, 3.87801813231e-12, 1.29374354112e-12], "min": [8.22710847778e-24, 9.87947625138e-24, 7.78504423713e-24, 6.48150720595e-24, 7.06019308348e-24, 2.50185461154e-24, 1.04865930704e-23, 1.05684720992e-23, 6.37666759164e-24, 7.51707134307e-24, 4.99488108069e-24, 5.12991040183e-24, 7.11243539693e-24, 9.61251783244e-24, 1.67671296777e-23, 8.78676900243e-24, 1.13481916842e-23, 8.44972265865e-24, 6.80384563258e-24, 7.47425907288e-24, 1.20891766211e-23, 1.37760752031e-23, 1.25685279502e-23, 1.16399582009e-23, 1.2031890331e-23, 5.4248240791e-24, 7.60001848953e-24, 7.41001897393e-24, 8.43452130901e-24, 9.42874716254e-24, 1.13367476791e-23, 1.02279989436e-23, 7.27365332241e-24, 9.61564882138e-24, 9.56443044938e-24, 8.49767987966e-24, 8.10270984619e-24, 1.07892955658e-23, 7.8200680836e-24, 7.75965001573e-24], "dmean": [0.000183068725164, 0.00045916766976, 0.000375530798919, 0.000405011407565, 0.000147858561832,