{"tonal": {"thpcp": [1, 0.657634794712, 0.274532288313, 0.184956356883, 0.151336163282, 0.191382572055, 0.315815925598, 0.30504578352, 0.166777074337, 0.105744741857, 0.107364095747, 0.17513255775, 0.249883458018, 0.258982002735, 0.355339497328, 0.398788571358, 0.252845972776, 0.16352841258, 0.173649460077, 0.218852132559, 0.514867782593, 0.835825324059, 0.613995492458, 0.277087032795, 0.200069084764, 0.214983060956, 0.291486144066, 0.297149449587, 0.20157726109, 0.14566706121, 0.153274714947, 0.171408459544, 0.243567407131, 0.33500251174, 0.380288153887, 0.709498763084], "hpcp": {"dmean2": [0.161343857646, 0.142032817006, 0.126736357808, 0.138348713517, 0.149431020021, 0.183445706964, 0.208207756281, 0.272393316031, 0.359346151352, 0.335591435432, 0.297985941172, 0.233418852091, 0.17585940659, 0.145393684506, 0.148511484265, 0.174128040671, 0.172158002853, 0.134652495384, 0.095550224185, 0.0992051512003, 0.124833069742, 0.146870583296, 0.169694498181, 0.216496363282, 0.204423233867, 0.167633578181, 0.143716186285, 0.142731398344, 0.188855752349, 0.28503549099, 0.326544344425, 0.288830429316, 0.230177879333, 0.199236467481, 0.197703748941, 0.193012729287], "median": [0.0123705808073, 0.0120550468564, 0.0108142495155, 0.00946731958538, 0.00928607583046, 0.0125906988978, 0.0161479730159, 0.0263362936676, 0.0914656221867, 0.111584208906, 0.0817418396473, 0.021236134693, 0.0136913899332, 0.0143184550107, 0.0196552872658, 0.0278978683054, 0.0261162593961, 0.0165026672184, 0.01072210446, 0.00963381119072, 0.0125784073025, 0.0150767639279, 0.0181712396443, 0.0145125873387, 0.0100720059127, 0.00706079555675, 0.00640322454274, 0.00700604869053, 0.0114274350926, 0.062249019742, 0.1146235466, 0.0857928544283, 0.0203052908182, 0.0106148319319, 0.0102476738393, 0.0106932446361], "min": [0, 0, 0, 0, 0, 0, 0, 0, 0, 0, 0, 0, 0, 0, 0, 0, 0, 0, 0, 0, 0, 0, 0, 0, 0, 0, 0, 0, 0, 0, 0, 0, 0, 0, 0, 0], "dvar2": [0.107048034668, 0.0851132422686, 0.0761033892632, 0.0925154089928, 0.0906282961369, 0.119016557932, 0.126892015338, 0.150111839175, 0.17787219584, 0.181354984641, 0.133518338203, 0.135520100594, 0.109678126872, 0.0832652375102, 0.0711063817143, 0.0758398547769, 0.0732260197401, 0.0666279420257, 0.0587388016284, 0.057916816324, 0.0653652101755, 0.0900926068425, 0.0902115702629, 0.122541382909, 0.126326367259, 0.107969798148, 0.094636708498, 0.0870900526643, 0.10909076035, 0.131540492177, 0.162859559059, 0.128181084991, 0.118051297963, 0.121659658849, 0.122379355133, 0.120034687221], "dvar": [0.0413177534938, 0.0302913691849, 0.0266383383423, 0.0331609249115, 0.0319813340902, 0.0417592637241, 0.0489581488073, 0.0541228055954, 0.0635477676988, 0.0760337933898, 0.05030900985, 0.0483213625848, 0.0385611429811, 0.0286380778998, 0.0253554657102, 0.0289797578007, 0.0278011932969, 0.0235329195857, 0.020460518077, 0.0200393125415, 0.0240916144103, 0.0352596268058, 0.0336351767182, 0.0451956838369, 0.0494182221591, 0.0376951359212, 0.0337083861232, 0.0319000631571, 0.0396807901561, 0.04955740273, 0.0679099187255, 0.048165038228, 0.0431353151798, 0.0436668470502, 0.044575098902, 0.0444887243211], "dmean": [0.0884490013123, 0.0778236836195, 0.0678921341896, 0.0733563899994, 0.0808235481381, 0.0993498563766, 0.114573851228, 0.149009510875, 0.202848553658, 0.188993930817, 0.17130599916, 0.128125995398, 0.0938886851072, 0.0768886581063, 0.0807299166918, 0.0980358943343, 0.0972168296576, 0.0731155052781, 0.0508617945015, 0.0529412217438, 0.0696976184845, 0.08280467242, 0.09493830055, 0.121672734618, 0.11177097261, 0.0932131111622, 0.0773676410317, 0.0784680023789, 0.102132335305, 0.162113845348, 0.182823359966, 0.166667148471, 0.125683739781, 0.105540990829, 0.105339646339, 0.104932457209], "max": [1, 1, 1, 1, 1, 1, 1, 1, 1, 1, 1, 1, 1, 1, 1, 1, 1, 1, 1, 1, 1, 1, 1, 1, 1, 1, 1, 1, 1, 1, 1, 1, 1, 1, 1, 1], "var": [0.0614999756217, 0.0292506720871, 0.0193347353488, 0.0239888168871, 0.0260104611516, 0.0396977700293, 0.0629656016827, 0.0583644323051, 0.0915585979819, 0.166484892368, 0.0819478929043, 0.0375181995332, 0.0248602628708, 0.0173136610538, 0.018359337002, 0.0362714268267, 0.0342489257455, 0.0164134502411, 0.012215539813, 0.0122570199892, 0.0216899178922, 0.0421871170402, 0.0354725755751, 0.0569592379034, 0.0837356895208, 0.0409288741648, 0.0254758987576, 0.0252275522798, 0.0296609867364, 0.0641871094704, 0.130073606968, 0.0770527124405, 0.0358190536499, 0.0291835032403, 0.0331668630242, 0.0546535179019], "mean": [0.10622600466, 0.0720605254173, 0.0520735569298, 0.0547931678593, 0.0612756833434, 0.0870713070035, 0.119757838547, 0.135946705937, 0.253634035587, 0.357483416796, 0.235093533993, 0.0981407389045, 0.0661188289523, 0.0541001670063, 0.0684160962701, 0.11289896071, 0.109048813581, 0.0596200376749, 0.0378019921482, 0.0383808836341, 0.0626069828868, 0.0893291905522, 0.0925817713141, 0.127027973533, 0.142560303211, 0.0903882458806, 0.0584586933255, 0.0620768032968, 0.0782360062003, 0.184056699276, 0.298793703318, 0.219493210316, 0.0990540236235, 0.0715213790536, 0.0768528804183, 0.104201458395]}, "tuning_equal_tempered_deviation": 0.144805684686, "chords_changes_rate": 0.0824514999986, "key_key": "C", "tuning_diatonic_strength": 0.722300827503, "key_scale": "major", "chords_number_rate": 0.0035273367539, "tuning_frequency": 439.491973877, "tuning_nontempered_energy_ratio": 0.795497000217, "chords_histogram": [42.7248687744, 0.308641970158, 19.047618866, 0, 0.0440917089581, 0, 0.97001761198, 1.54320991039, 0, 0, 0, 0, 0, 0, 0, 3.35097002983, 0.220458552241, 16.4462089539, 0, 0.5291005373, 0.617283940315, 1.67548501492, 8.95061683655, 3.57142853737], "key_strength": 0.866117298603, "chords_key": "C", "chords_strength": {"dmean2": 0.0127524761483, "median": 0.49738830328, "min": 0.242286249995, "dvar2": 0.000119639174955, "dvar": 0.000106204068288, "dmean": 0.0123928189278, "max": 0.791949927807, "var": 0.0122128017247, "mean": 0.499404400587}, "chords_scale": "major", "hpcp_entropy": {"dmean2": 1.24035990238, "median": 2.54241323471, "min": 0, "dvar2": 0.976291000843, "dvar": 0.390047937632, "dmean": 0.753657817841, "max": 4.54755830765, "var": 0.942628264427, "mean": 2.51667690277}}, "metadata": {"audio_properties": {"equal_loudness": 0, "codec": "mp3", "downmix": "mix", "sample_rate": 44100, "analysis_sample_rate": 44100, "bit_rate": 128000, "md5_encoded": "95d6e91c9c6b50c9f789b57bf7001cd3", "length": 105.247344971, "replay_gain": -14.9962005615, "lossless": false}, "version": {"essentia_build_sha": "2d9f1f26377add8aeb1075a9c2973f962c4f09fd", "essentia": "2.1-beta2", "extractor": "music 1.0", "essentia_git_sha": "v2.1_beta2-1-ge3940c0"}, "tags": {"title": ["Have You Ever Seen the Rain"], "media": ["CD"], "albumartist": ["Various Artists"], "musicbrainz_recordingid": ["19cdf88f-0dbe-4cb3-a901-37f29ea58bde"], "musicbrainz_albumartistid": ["89ad4ac3-39f7-470e-963a-56509c546377"], "discnumber": ["2/2"], "album": ["Punk Chartbusters, Volume 3"], "catalognumber": ["WRR059"], "musicbrainz album release country": ["DE"], "musicbrainz album type": ["album/compilation"], "musicbrainz album status": ["official"], "originaldate": ["1998"], "date": ["1998"], "file_name": "punk covers - nofx - have you ever seen the rain (ccr cover)(2).mp3", "musicbrainz_releasegroupid": ["e237b4b3-cf46-34c3-b4b2-bc3110fa7623"], "script": ["Latn"], "asin": ["B0000CD5IQ"], "musicbrainz_albumid": ["ef468760-7bd7-4cf9-830b-b7fe861f5816"], "artist": ["Hi-STANDARD"], "artistsort": ["Hi-STANDARD"], "tracknumber": ["20/25"], "label": ["Wolverine Records"], "albumartistsort": ["Various Artists"], "acoustid_id": ["e73936b8-b66f-4bca-a1ea-86910be93130"], "musicbrainz_artistid": ["39c2021c-2df3-49e6-811a-58064ae043fe"]}}, "rhythm": {"bpm_histogram_first_peak_bpm": {"dmean2": 0, "median": 185, "min": 185, "dvar2": 0, "dvar": 0, "dmean": 0, "max": 185, "var": 0, "mean": 185}, "bpm": 184.570648193, "bpm_histogram_second_peak_spread": {"dmean2": 0, "median": 0, "min": 0, "dvar2": 0, "dvar": 0, "dmean": 0, "max": 0, "var": 0, "mean": 0}, "bpm_histogram_first_peak_weight": {"dmean2": 0, "median": 0.586206912994, "min": 0.586206912994, "dvar2": 0, "dvar": 0, "dmean": 0, "max": 0.586206912994, "var": 0, "mean": 0.586206912994}, "onset_rate": 4.09432458878, "beats_position": [0.290249437094, 0.603718817234, 0.905578196049, 1.19582760334, 1.49768710136, 1.8111563921, 2.12462592125, 2.43809509277, 2.75156450272, 3.06503391266, 3.39011335373, 3.7151927948, 4.04027223587, 4.37696123123, 4.72526073456, 5.07355976105, 5.4334692955, 5.7701587677, 6.09523820877, 6.43192720413, 6.7570066452, 7.08208608627, 7.44199514389, 7.80190467834, 8.16181373596, 8.52172279358, 8.85841274261, 9.19510173798, 9.52018165588, 9.83365058899, 10.1471195221, 10.4605894089, 10.774058342, 11.0991382599, 11.4242172241, 11.7376871109, 12.051156044, 12.3762359619, 12.689704895, 13.0031747818, 13.3166437149, 13.6185035706, 13.9319725037, 14.2570514679, 14.5821313858, 14.8839902878, 15.2090702057, 15.5341491699, 15.8592290878, 16.1843090057, 16.50938797, 16.8228569031, 17.1363258362, 17.4614048004, 17.786485672, 18.1115646362, 18.4250335693, 18.7385025024, 19.0635814667, 19.3886623383, 19.7137413025, 20.0388202667, 20.363899231, 20.6889801025, 21.0024490356, 21.3159179688, 21.640996933, 21.9660758972, 22.2795467377, 22.5930156708, 22.918094635, 23.2431735992, 23.5682544708, 23.8933334351, 24.2184123993, 24.5434913635, 24.8685703278, 25.1936511993, 25.5187301636, 25.8438091278, 26.168888092, 26.4939670563, 26.8190479279, 27.1441268921, 27.4692058563, 27.7942848206, 28.1193637848, 28.4444446564, 28.7579135895, 29.0713825226, 29.3964614868, 29.7215423584, 30.0698413849, 30.3949203491, 30.7199993134, 31.0450782776, 31.3701572418, 31.6952381134, 32.0203170776, 32.3453979492, 32.6704750061, 33.0187759399, 33.3438529968, 33.6689338684, 33.99401474, 34.2958717346, 34.6209526062, 34.9460296631, 35.2711105347, 35.5961914063, 35.9212684631, 36.2463493347, 36.5714263916, 36.8965072632, 37.2215881348, 37.5466651917, 37.8717460632, 38.1968231201, 38.5683441162, 38.9398651123, 39.3113822937, 39.6364631653, 39.9847602844, 40.309841156, 40.6349182129, 40.9599990845, 41.2850799561, 41.6217689514, 41.9584579468, 42.2835350037, 42.6318359375, 42.9685249329, 43.3052139282, 43.6302947998, 43.9553718567, 44.2804527283, 44.6055335999, 44.9422225952, 45.2789115906, 45.6039886475, 45.929069519, 46.2541503906, 46.5792274475, 46.9043083191, 47.229385376, 47.5428581238, 47.8795471191, 48.204624176, 48.5180931091, 48.8315620422, 49.1682548523, 49.4817237854, 49.8068008423, 50.1318817139, 50.4569587708, 50.7820396423, 51.1071205139, 51.4321975708, 51.7572784424, 52.0939674377, 52.4190483093, 52.7441253662, 53.0808143616, 53.4058952332, 53.73097229, 54.0560531616, 54.3811340332, 54.7062110901, 55.0312919617, 55.3563690186, 55.6814498901, 55.9949188232, 56.3083877563, 56.6102485657, 56.9353294373, 57.2487983704, 57.5622673035, 57.8873443604, 58.2124252319, 58.5375061035, 58.8625831604, 59.1760520935, 59.4895210266, 59.8146018982, 60.1164627075, 60.4299316406, 60.7434005737, 61.0568695068, 61.3703384399, 61.6954193115, 62.0204963684, 62.34557724, 62.6706581116, 62.9957351685, 63.32081604, 63.6458930969, 63.9709739685, 64.2960510254, 64.621131897, 64.9462127686, 65.2712936401, 65.6079788208, 65.9446716309, 66.2697525024, 66.5832214355, 66.8966903687, 67.2217712402, 67.5468444824, 67.871925354, 68.1970062256, 68.5220870972, 68.8471679688, 69.1722412109, 69.4973220825, 69.8224029541, 70.1474838257, 70.4841690063, 70.8208618164, 71.145942688, 71.4710159302, 71.7960968018, 72.1211776733, 72.4462585449, 72.7713394165, 73.0964126587, 73.4214935303, 73.7465744019, 74.0716552734, 74.396736145, 74.7218093872, 75.0468902588, 75.3719711304, 75.697052002, 75.9989089966, 76.3356018066, 76.6722869873, 76.9973678589, 77.3224487305, 77.6475296021, 77.9726028442, 78.2976837158, 78.6459884644, 78.982673645, 79.3309707642, 79.6792755127, 80.0275726318, 80.3642578125, 80.6893386841, 81.0260314941, 81.3627166748, 81.6877975464, 82.012878418, 82.3379592896, 82.6514282227, 82.9648971558, 83.2899780273, 83.6150588989, 83.9401321411, 84.2652130127, 84.5902938843, 84.9153747559, 85.2404556274, 85.5655288696, 85.8906097412, 86.2040786743, 86.5175476074, 86.842628479, 87.1677093506, 87.4811782837, 87.8062591553, 88.1197280884, 88.44480896, 88.7698822021, 89.1065750122, 89.4548721313, 89.8031692505, 90.1630859375, 90.5345993042, 90.8829040527, 91.2079772949, 91.5330581665, 91.8581390381, 92.1832199097, 92.5083007813, 92.8333740234, 93.1700668335, 93.5067520142, 93.8318328857, 94.1569137573, 94.5052108765, 94.830291748, 95.1785888672, 95.5268936157, 95.8519744873, 96.188659668, 96.525352478, 96.8504257202, 97.1987304688, 97.5354156494, 97.895324707, 98.2668457031, 98.6151428223, 98.9634475708, 99.288520813, 99.6136016846, 99.9502944946, 100.275375366, 100.612060547, 100.948753357, 101.285438538, 101.633743286, 101.958816528, 102.307121277, 102.655418396, 103.003715515, 103.352012634, 103.711929321, 104.071838379, 104.431747437, 104.803260803], "beats_loudness": {"dmean2": 0.0355712398887, "median": 0.0505329892039, "min": 2.52553104474e-06, "dvar2": 0.000782597111538, "dvar": 0.000267829746008, "dmean": 0.0201345644891, "max": 0.154336422682, "var": 0.00043018074939, "mean": 0.0521401166916}, "danceability": 1.18955051899, "bpm_histogram_second_peak_weight": {"dmean2": 0, "median": 0.150470212102, "min": 0.150470212102, "dvar2": 0, "dvar": 0, "dmean": 0, "max": 0.150470212102, "var": 0, "mean": 0.150470212102}, "beats_count": 320, "bpm_histogram_second_peak_bpm": {"dmean2": 0, "median": 191, "min": 191, "dvar2": 0, "dvar": 0, "dmean": 0, "max": 191, "var": 0, "mean": 191}, "bpm_histogram_first_peak_spread": {"dmean2": 0, "median": 0, "min": 0, "dvar2": 0, "dvar": 0, "dmean": 0, "max": 0, "var": 0, "mean": 0}, "beats_loudness_band_ratio": {"dmean2": [0.397583812475, 0.322752565145, 0.132812321186, 0.0816895142198, 0.0414179190993, 0.110414013267], "median": [0.672583699226, 0.149178445339, 0.03935457021, 0.0171004235744, 0.0372099429369, 0.0726713836193], "min": [0.135973289609, 0.00299317552708, 0.00160495436285, 0.000617784797214, 0.00241196271963, 0.00214420165867], "dvar2": [0.0901759192348, 0.060868486762, 0.0231852345169, 0.0227058231831, 0.000978494645096, 0.00905683171004], "dvar": [0.0276200976223, 0.018583163619, 0.00835450552404, 0.00725450878963, 0.000308914546622, 0.00294690066949], "dmean": [0.218125537038, 0.172137752175, 0.0743892118335, 0.0431519374251, 0.0232255384326, 0.061507537961], "max": [0.979855775833, 0.626857638359, 0.535635888577, 0.561417400837, 0.11440372467, 0.458154976368], "var": [0.0351902134717, 0.0191889945418, 0.00859341491014, 0.00490569788963, 0.000458987895399, 0.00318932766095], "mean": [0.645152270794, 0.184064179659, 0.0742971748114, 0.037593383342, 0.0409176796675, 0.0811082273722]}}, "lowlevel": {"barkbands_spread": {"dmean2": 12.8518629074, "median": 24.7439174652, "min": 0.40991973877, "dvar2": 186.965576172, "dvar": 73.5320892334, "dmean": 7.90267467499, "max": 91.3936233521, "var": 204.181137085, "mean": 26.3578624725}, "melbands_spread": {"dmean2": 10.2031354904, "median": 14.5851802826, "min": 0.400153011084, "dvar2": 170.923294067, "dvar": 65.8327102661, "dmean": 6.20843696594, "max": 180.859741211, "var": 179.950592041, "mean": 17.2474422455}, "hfc": {"dmean2": 17.8254051208, "median": 26.4513130188, "min": 1.18191006993e-16, "dvar2": 723.6484375, "dvar": 270.722442627, "dmean": 10.8109340668, "max": 168.699447632, "var": 403.651153564, "mean": 31.6003799438}, "barkbands_kurtosis": {"dmean2": 10.0227165222, "median": 4.06132888794, "min": -1.85193908215, "dvar2": 354.042266846, "dvar": 187.017944336, "dmean": 6.48345136642, "max": 374.262634277, "var": 460.675231934, "mean": 10.0333309174}, "gfcc": {"mean": [48.2001838684, 64.3044967651, -86.5127334595, 63.2266769409, -46.2077789307, 16.3437232971, -36.4594421387, 12.864812851, -27.2283344269, 0.942596793175, -25.3988208771, 1.54975223541, -12.0656461716], "icov": [[0.000200405687792, -0.000106794715975, 0.000109023021651, -0.000151872634888, 0.000291267060675, -0.000138290270115, 0.000140443560667, -5.57331768505e-05, 0.000197966146516, -0.000245553877903, 0.000714979076292, -0.000197760877199, 0.000249758508289], [-0.000106794715975, 0.00273634656332, 0.00103288865648, 3.19967984979e-05, -0.00164083542768, 0.00090132560581, -0.000412441469962, 0.000960863253567, -0.00202593649738, 0.00270502408966, -0.00222018151544, 0.00183773436584, -0.000789102108683], [0.000109023021651, 0.00103288865648, 0.00363305420615, -1.20053509818e-05, -0.00198363745585, -0.0002052327618, 0.00108331092633, 9.27495202632e-05, -0.000291179836495, 0.000677325821016, 0.000441058567958, -0.000661484024022, 0.00217602821067], [-0.000151872634888, 3.19967984979e-05, -1.20053509818e-05, 0.00626735575497, -0.0020352830179, -0.00144511042163, 0.00234545604326, 0.00143558136187, -0.0019698778633, 0.00175923062488, -0.00325730605982, 0.00153992022388, -0.0020513755735], [0.000291267060675, -0.00164083542768, -0.00198363745585, -0.0020352830179, 0.0076531865634, -0.000294835888781, -0.00111171393655, -0.00109530845657, 0.00115144148003, -0.00151051359717, 0.00220366520807, -0.00457391235977, 0.00121388782281], [-0.000138290270115, 0.00090132560581, -0.0002052327618, -0.00144511042163, -0.000294835888781, 0.0135053386912, -0.00383080379106, -0.00435574864969, 0.00414337078109, 0.00285496446304, -0.00466118240729, 0.00288851233199, -9.53912967816e-05], [0.000140443560667, -0.000412441469962, 0.00108331092633, 0.00234545604326, -0.00111171393655, -0.00383080379106, 0.0101493578404, -0.00158452871256, -0.00225785630755, 0.00175304815639, 0.00324069568887, 0.000197401051992, -0.00211238092743], [-5.57331768505e-05, 0.000960863253567, 9.27495202632e-05, 0.00143558136187, -0.00109530845657, -0.00435574864969, -0.00158452871256, 0.0166181754321, -0.00449810083956, -0.00343037513085, 0.00163209391758, 0.00393455848098, -0.00202792184427], [0.000197966146516, -0.00202593649738, -0.000291179836495, -0.0019698778633, 0.00115144148003, 0.00414337078109, -0.00225785630755, -0.00449810083956, 0.0207463391125, -0.0066764075309, -0.00411351863295, 0.00468717748299, 0.00322235771455], [-0.000245553877903, 0.00270502408966, 0.000677325821016, 0.00175923062488, -0.00151051359717, 0.00285496446304, 0.00175304815639, -0.00343037513085, -0.0066764075309, 0.0262460000813, -0.00823903642595, -0.0040921093896, 0.00411226693541], [0.000714979076292, -0.00222018151544, 0.000441058567958, -0.00325730605982, 0.00220366520807, -0.00466118240729, 0.00324069568887, 0.00163209391758, -0.00411351863295, -0.00823903642595, 0.0277146492153, -0.00697885593399, -0.0036297889892], [-0.000197760877199, 0.00183773436584, -0.000661484024022, 0.00153992022388, -0.00457391235977, 0.00288851233199, 0.000197401051992, 0.00393455848098, 0.00468717748299, -0.0040921093896, -0.00697885593399, 0.0245597902685, -0.00600045220926], [0.000249758508289, -0.000789102108683, 0.00217602821067, -0.0020513755735, 0.00121388782281, -9.53912967816e-05, -0.00211238092743, -0.00202792184427, 0.00322235771455, 0.00411226693541, -0.0036297889892, -0.00600045220926, 0.0228505749255]], "cov": [[6284.83300781, 25.8431015015, -308.307434082, -37.5512237549, -304.397155762, 22.5985813141, -35.7923164368, 9.4705657959, -70.7917938232, -23.2601528168, -171.194656372, -71.477722168, -59.8110160828], [25.8431015015, 671.771240234, -204.800537109, 80.6376266479, 47.2125816345, -15.8823280334, 45.9738998413, -23.1734924316, 64.7724609375, -54.6980667114, 43.4514465332, -44.7257385254, 45.1438903809], [-308.307434082, -204.800537109, 464.862121582, 14.1456975937, 125.112800598, -12.7259788513, -66.8141403198, -10.4070959091, -18.9406757355, 24.2310409546, -9.27669334412, 43.7453079224, -52.1764259338], [-37.5512237549, 80.6376266479, 14.1456975937, 240.684173584, 59.6650619507, 8.86063098907, -52.5702781677, -24.4855575562, 17.3657283783, -5.98377799988, 45.1254806519, 6.99167013168, 20.921792984], [-304.397155762, 47.2125816345, 125.112800598, 59.6650619507, 222.289794922, -2.10848522186, -5.33653783798, -6.49461650848, -3.23758292198, 7.02931118011, 11.0941305161, 40.6152496338, -2.8684668541], [22.5985813141, -15.8823280334, -12.7259788513, 8.86063098907, -2.10848522186, 111.233230591, 46.696762085, 31.0788421631, -14.7080125809, -17.1113834381, 1.08939230442, -15.6274623871, 10.0860500336], [-35.7923164368, 45.9738998413, -66.8141403198, -52.5702781677, -5.33653783798, 46.696762085, 158.970962524, 35.7084693909, 5.92575979233, -22.8352832794, -22.6660861969, -23.300491333, 15.520070076], [9.4705657959, -23.1734924316, -10.4070959091, -24.4855575562, -6.49461650848, 31.0788421631, 35.7084693909, 87.104309082, 18.0922985077, 8.5092382431, -8.62631797791, -20.9053287506, -1.54747915268], [-70.7917938232, 64.7724609375, -18.9406757355, 17.3657283783, -3.23758292198, -14.7080125809, 5.92575979233, 18.0922985077, 79.2216339111, 19.4793338776, 17.4422988892, -17.6856555939, -7.91351795197], [-23.2601528168, -54.6980667114, 24.2310409546, -5.98377799988, 7.02931118011, -17.1113834381, -22.8352832794, 8.5092382431, 19.4793338776, 63.2754058838, 17.7364177704, 15.6450386047, -13.4884634018], [-171.194656372, 43.4514465332, -9.27669334412, 45.1254806519, 11.0941305161, 1.08939230442, -22.6660861969, -8.62631797791, 17.4422988892, 17.7364177704, 66.0908279419, 17.7074165344, 14.3572158813], [-71.477722168, -44.7257385254, 43.7453079224, 6.99167013168, 40.6152496338, -15.6274623871, -23.300491333, -20.9053287506, -17.6856555939, 15.6450386047, 17.7074165344, 70.7545547485, 10.5375900269], [-59.8110160828, 45.1438903809, -52.1764259338, 20.921792984, -2.8684668541, 10.0860500336, 15.520070076, -1.54747915268, -7.91351795197, -13.4884634018, 14.3572158813, 10.5375900269, 62.9051933289]]}, "spectral_energyband_middle_low": {"dmean2": 0.0112222926691, "median": 0.0137400878593, "min": 2.76002160167e-22, "dvar2": 0.000184872333193, "dvar": 6.92670801072e-05, "dmean": 0.00667305570096, "max": 0.143329188228, "var": 9.70803084783e-05, "mean": 0.0158210732043}, "melbands_crest": {"dmean2": 5.19046783447, "median": 16.4551963806, "min": 1.9387819767, "dvar2": 22.9903335571, "dvar": 8.58165168762, "dmean": 3.1520781517, "max": 38.5649642944, "var": 23.1563167572, "mean": 16.8544425964}, "spectral_kurtosis": {"dmean2": 1.18102586269, "median": 2.13463616371, "min": -1.20305156708, "dvar2": 1.79490017891, "dvar": 0.716179430485, "dmean": 0.703351855278, "max": 25.1564083099, "var": 1.43728601933, "mean": 2.33134126663}, "spectral_rms": {"dmean2": 0.00187619007193, "median": 0.00687172310427, "min": 3.25045502667e-12, "dvar2": 4.31361240771e-06, "dvar": 1.5937482658e-06, "dmean": 0.00113792496268, "max": 0.0135277751833, "var": 3.17209924106e-06, "mean": 0.00686138914898}, "zerocrossingrate": {"dmean2": 0.0134269800037, "median": 0.05908203125, "min": 0, "dvar2": 0.00020123142167, "dvar": 0.000178129572305, "dmean": 0.0113114723936, "max": 0.4736328125, "var": 0.000978876836598, "mean": 0.0622288286686}, "silence_rate_60dB": {"dmean2": 0.000882612541318, "median": 0, "min": 0, "dvar2": 0.000881880812813, "dvar": 0.000440998992417, "dmean": 0.000441208918346, "max": 1, "var": 0.013487406075, "mean": 0.0136744594201}, "erbbands_kurtosis": {"dmean2": 1.0789078474, "median": -0.920795798302, "min": -1.779494524, "dvar2": 5.09950971603, "dvar": 2.5076277256, "dmean": 0.673377394676, "max": 40.8061561584, "var": 3.77708268166, "mean": -0.507510662079}, "erbbands": {"dmean2": [0.236296638846, 3.75687551498, 14.4289121628, 18.5306987762, 19.5628700256, 16.7364501953, 13.509188652, 10.1965389252, 13.8280200958, 18.7425346375, 21.0669403076, 26.9117832184, 52.3379821777, 30.1881656647, 9.92887020111, 8.57690429688, 9.27984905243, 14.8938817978, 12.1618928909, 14.4479885101, 20.1305770874, 20.0707626343, 16.265499115, 18.3346881866, 22.1838645935, 19.9997997284, 20.8653297424, 24.490896225, 22.8485794067, 16.9478721619, 8.90802192688, 4.46392011642, 3.27164316177, 2.31193113327, 1.45435535908, 0.671249687672, 0.235133066773, 0.0526781529188, 0.0059686251916, 0.000172368556377], "median": [0.171904191375, 2.3494284153, 12.1066303253, 17.9995651245, 13.7905082703, 8.84422492981, 7.94635772705, 6.31187772751, 6.76009082794, 4.18184089661, 4.21562767029, 3.33349847794, 4.16477680206, 5.03128814697, 5.93473148346, 5.09509658813, 4.53844738007, 6.16158676147, 8.68185043335, 12.567111969, 25.6589546204, 28.3121948242, 19.1709136963, 18.6993141174, 20.0982055664, 13.9341678619, 14.9115219116, 15.8353042603, 9.66156578064, 7.03617095947, 5.13543796539, 3.08401727676, 2.55268383026, 1.82219278812, 0.845729470253, 0.320551753044, 0.0871437340975, 0.0150636751205, 0.000441277952632, 8.16469982965e-05], "min": [3.3639649279e-22, 5.94426003399e-22, 2.3832790009e-21, 1.83897565937e-20, 1.18651032634e-19, 1.98442399635e-19, 3.03501743281e-19, 3.6057751574e-19, 1.91051127272e-19, 5.71171883582e-19, 7.04109837584e-19, 3.11152983001e-18, 1.81350250316e-18, 1.80094879659e-18, 3.75757753395e-18, 2.80132221105e-18, 3.91289392885e-18, 4.20758529388e-18, 9.87153289836e-18, 5.53999252174e-18, 1.19997809333e-17, 1.03882577378e-17, 1.45904849692e-17, 1.41397790689e-17, 1.90380233647e-17, 1.14744914658e-17, 1.51370346328e-17, 2.29922444777e-17, 1.47517951148e-17, 1.45580197845e-17, 1.64262320134e-17, 1.68112564644e-17, 1.9448371123e-17, 1.59971717753e-17, 9.46667265627e-18, 5.40092691715e-18, 3.46530070913e-18, 1.36286432821e-18, 3.20011441127e-19, 3.42689683294e-20], "dvar2": [0.129622042179, 34.7084159851, 401.245544434, 587.591430664, 836.512145996, 687.251281738, 377.052246094, 379.021270752, 698.860229492, 2548.77246094, 11792.3730469, 8489.62597656, 25831.5839844, 22158.2929688, 630.929138184, 379.866607666, 585.09967041, 2096.31787109, 432.495025635, 551.084106445, 389.083374023, 378.412139893, 341.634979248, 557.255981445, 932.507141113, 1071.53295898, 1123.70227051, 2032.18273926, 2444.98632813, 1055.30480957, 204.742111206, 49.18542099, 23.8081855774, 12.7361040115, 10.0888118744, 1.86152529716, 0.27873313427, 0.0130150737241, 0.000243882997893, 1.92216759842e-07], "dvar": [0.0502059981227, 12.4640855789, 143.662261963, 224.926879883, 299.767028809, 261.106536865, 151.255889893, 149.197982788, 284.518737793, 1054.66455078, 4306.98193359, 3679.98291016, 11214.2167969, 8152.87695313, 266.616790771, 149.883377075, 225.836486816, 797.147277832, 167.912399292, 217.248916626, 144.432418823, 139.694580078, 125.816688538, 201.572357178, 371.032470703, 392.345001221, 408.339538574, 711.714233398, 856.614135742, 378.282165527, 74.0809173584, 18.5456619263, 9.11521530151, 5.28898859024, 4.12584400177, 0.775762498379, 0.119624055922, 0.00509524298832, 9.31859394768e-05, 7.39540624295e-08], "dmean": [0.140601187944, 2.17555379868, 8.47284030914, 11.2270402908, 11.1603498459, 9.95039176941, 8.20321846008, 6.20280075073, 8.52355289459, 11.5473508835, 12.9252529144, 17.7280445099, 35.3443870544, 18.9789009094, 6.25623893738, 5.23242807388, 5.81531715393, 9.09676647186, 7.41029691696, 8.89637851715, 12.1588287354, 12.0298461914, 9.63124465942, 10.6554231644, 13.4191408157, 11.6551618576, 12.2118186951, 13.9051017761, 12.8854808807, 9.69360637665, 5.15631914139, 2.6978032589, 1.96811664104, 1.45312356949, 0.935453593731, 0.416853606701, 0.145200431347, 0.032293651253, 0.00353035493754, 0.000101851575891], "max": [2.13863873482, 27.6962471008, 98.9761276245, 177.295043945, 164.131317139, 217.049606323, 145.819320679, 249.437515259, 257.255065918, 649.240905762, 2661.56542969, 1224.73083496, 1960.47888184, 1734.70092773, 405.763061523, 331.120544434, 410.48260498, 769.335998535, 273.067718506, 244.381790161, 137.871185303, 162.350265503, 147.513473511, 195.844146729, 301.115325928, 263.533355713, 200.721908569, 279.504119873, 273.497344971, 277.225250244, 85.442024231, 53.5788459778, 43.750629425, 37.317565918, 47.9996566772, 20.8037796021, 6.95279026031, 1.24815678596, 0.219568669796, 0.00557622266933], "var": [0.0569594763219, 12.9728918076, 188.815338135, 405.332580566, 272.18661499, 266.97366333, 191.325256348, 206.19770813, 358.417602539, 1634.96362305, 3323.94726563, 6874.08447266, 32570.0820313, 18287.1777344, 477.570465088, 188.08140564, 403.600250244, 1263.06079102, 314.319122314, 395.820098877, 308.422363281, 314.736877441, 220.812759399, 266.067504883, 955.217163086, 552.55065918, 564.046508789, 679.444641113, 684.958618164, 332.460662842, 80.3933181763, 25.6948013306, 15.0295419693, 10.7317113876, 5.72471189499, 1.1547857523, 0.164404451847, 0.00526423053816, 7.38107264624e-05, 5.84235131385e-08], "mean": [0.23598870635, 3.45224046707, 15.7419424057, 23.0167140961, 17.6137886047, 13.9922561646, 12.4238834381, 10.3280191422, 12.4207935333, 15.0214614868, 15.6011075974, 26.7712841034, 64.3981323242, 31.6527519226, 11.2347745895, 8.77917289734, 9.84298038483, 14.5213890076, 13.8702812195, 17.5153274536, 28.3221702576, 30.0437774658, 21.9584007263, 22.1473293304, 29.5480804443, 22.2188529968, 23.0983867645, 23.5370025635, 18.0177059174, 13.1581125259, 7.97510576248, 4.72486448288, 3.70615077019, 2.81356692314, 1.52654933929, 0.614816486835, 0.191946730018, 0.038647338748, 0.00316654518247, 0.000141252559843]}, "spectral_strongpeak": {"dmean2": 0.770525991917, "median": 0.549405753613, "min": 0, "dvar2": 1.68132150173, "dvar": 0.646812319756, "dmean": 0.439065277576, "max": 7.58388566971, "var": 0.921225726604, "mean": 0.776040732861}, "spectral_energy": {"dmean2": 0.0289481692016, "median": 0.0484010949731, "min": 1.08295939824e-20, "dvar2": 0.00123898126185, "dvar": 0.000452242646134, "dmean": 0.017273619771, "max": 0.187575727701, "var": 0.000620733364485, "mean": 0.0515070967376}, "average_loudness": 0.934346199036, "spectral_rolloff": {"dmean2": 1094.18457031, "median": 495.263671875, "min": 21.533203125, "dvar2": 2712619.75, "dvar": 1104921.25, "dmean": 629.383300781, "max": 18647.7539063, "var": 1727424.25, "mean": 1052.91821289}, "spectral_centroid": {"dmean2": 528.949462891, "median": 1483.29443359, "min": 139.019699097, "dvar2": 277365.21875, "dvar": 111812.976563, "dmean": 319.543548584, "max": 11220.2402344, "var": 338026.5625, "mean": 1502.13317871}, "pitch_salience": {"dmean2": 0.13505974412, "median": 0.517199516296, "min": 0.0423690117896, "dvar2": 0.0162701308727, "dvar": 0.00643368856981, "dmean": 0.082498639822, "max": 0.86343473196, "var": 0.0155401965603, "mean": 0.515456080437}, "spectral_energyband_middle_high": {"dmean2": 0.00274437176995, "median": 0.00315260118805, "min": 1.67282112565e-21, "dvar2": 3.33314528689e-05, "dvar": 1.2895366126e-05, "dmean": 0.00176331552211, "max": 0.0621830299497, "var": 3.95320603275e-05, "mean": 0.00499860057607}, "spectral_contrast_coeffs": {"dmean2": [0.0857898071408, 0.0810280144215, 0.061453986913, 0.0464514456689, 0.0321971438825, 0.0367434956133], "median": [-0.622224211693, -0.753150343895, -0.821197390556, -0.808818221092, -0.806250929832, -0.73730802536], "min": [-0.975346982479, -0.962882399559, -0.961316585541, -0.959512889385, -0.956281006336, -0.962255120277], "dvar2": [0.00518832914531, 0.00447335280478, 0.00259235920385, 0.00130975688808, 0.000641109538265, 0.00114512327127], "dvar": [0.00183106726035, 0.00168589688838, 0.00113752647303, 0.000490643200465, 0.000242046109634, 0.000457351998193], "dmean": [0.0508669614792, 0.0486741214991, 0.0384938679636, 0.0281094871461, 0.0193660650402, 0.0226849466562], "max": [-0.318343430758, -0.467664241791, -0.473292946815, -0.591082155704, -0.624274194241, -0.592152476311], "var": [0.00433421507478, 0.0041358047165, 0.00758181745186, 0.00156215962488, 0.000756315304898, 0.00153335789219], "mean": [-0.622039437294, -0.746744811535, -0.791160941124, -0.804528295994, -0.804301977158, -0.73713439703]}, "melbands_skewness": {"dmean2": 2.05280137062, "median": 4.77938842773, "min": -0.936878144741, "dvar2": 5.29685688019, "dvar": 2.13120985031, "dmean": 1.28349757195, "max": 21.8685569763, "var": 6.47445058823, "mean": 5.13323688507}, "spectral_spread": {"dmean2": 847753.4375, "median": 5612844, "min": 2037569.625, "dvar2": 1063928528900.0, "dvar": 629613920256, "dmean": 582073.3125, "max": 40887568, "var": 1728899842050.0, "mean": 5766097}, "dissonance": {"dmean2": 0.0176632478833, "median": 0.485388249159, "min": 0.332395672798, "dvar2": 0.000384921499062, "dvar": 0.000140535252285, "dmean": 0.0105510465801, "max": 0.499999910593, "var": 0.000274068064755, "mean": 0.480265915394}, "spectral_skewness": {"dmean2": 0.245592221618, "median": 1.12828207016, "min": 0.00890898145735, "dvar2": 0.0655041411519, "dvar": 0.026932740584, "dmean": 0.149812728167, "max": 3.95644187927, "var": 0.070797637105, "mean": 1.14819395542}, "spectral_flux": {"dmean2": 0.0543909147382, "median": 0.09694416821, "min": 1.0406533274e-10, "dvar2": 0.0028610941954, "dvar": 0.00142649759073, "dmean": 0.035666577518, "max": 0.427805691957, "var": 0.00289640133269, "mean": 0.108828186989}, "spectral_contrast_valleys": {"dmean2": [0.601411998272, 0.634388387203, 0.490303426981, 0.416738957167, 0.367511302233, 0.498069494963], "median": [-6.28711462021, -6.75032615662, -7.28529596329, -7.35228157043, -6.65972995758, -9.16746520996], "min": [-26.7249507904, -27.3743515015, -27.4853363037, -27.1936759949, -27.4592266083, -27.1317462921], "dvar2": [0.287629514933, 0.353420495987, 0.20501922071, 0.16845741868, 0.188781499863, 0.40979424119], "dvar": [0.133602648973, 0.166846588254, 0.109614640474, 0.0999310687184, 0.113336063921, 0.189973428845], "dmean": [0.361417025328, 0.386884301901, 0.304455786943, 0.264145374298, 0.239089027047, 0.321626543999], "max": [-5.01251649857, -4.6668047905, -5.49550437927, -6.17879247665, -5.57551860809, -7.7004365921], "var": [0.829806029797, 0.750441551208, 0.649051845074, 0.649328052998, 0.695339560509, 0.78779810667], "mean": [-6.41736459732, -6.80858469009, -7.37286329269, -7.47594833374, -6.79801368713, -9.28627967834]}, "erbbands_flatness_db": {"dmean2": 0.0205799043179, "median": 0.100922644138, "min": 0.035966090858, "dvar2": 0.000449957879027, "dvar": 0.00021287916752, "dmean": 0.014021913521, "max": 0.288315087557, "var": 0.000858361891005, "mean": 0.106325693429}, "spectral_energyband_high": {"dmean2": 0.00192390265875, "median": 0.00158150540665, "min": 7.73214347726e-21, "dvar2": 1.15786115202e-05, "dvar": 4.20333162765e-06, "dmean": 0.00113682064693, "max": 0.0207506008446, "var": 4.75218348583e-06, "mean": 0.00222762930207}, "spectral_entropy": {"dmean2": 0.215806543827, "median": 7.92436742783, "min": 5.20533752441, "dvar2": 0.0571071840823, "dvar": 0.0282979216427, "dmean": 0.141184166074, "max": 9.79044437408, "var": 0.099869325757, "mean": 7.89139413834}, "silence_rate_20dB": {"dmean2": 0, "median": 1, "min": 1, "dvar2": 0, "dvar": 0, "dmean": 0, "max": 1, "var": 0, "mean": 1}, "melbands_flatness_db": {"dmean2": 0.048870459199, "median": 0.204292654991, "min": 0.00677190255374, "dvar2": 0.00258333794773, "dvar": 0.00107552588452, "dmean": 0.0311826169491, "max": 0.553502738476, "var": 0.0037647052668, "mean": 0.212498635054}, "barkbands": {"dmean2": [0.000198323497898, 0.0136949587613, 0.0140263698995, 0.00559525564313, 0.00558789074421, 0.00131321244407, 0.000970300170593, 0.00111750792712, 0.0011381667573, 0.00181197316851, 0.000235346262343, 0.000221366703045, 0.000207332370337, 0.000321050407365, 0.000282791006612, 0.00034546959796, 0.00039554387331, 0.000309717695927, 0.000422777433414, 0.000417652132455, 0.000570514064748, 0.000630876806099, 0.000339460588293, 0.000197047149413, 0.000195689717657, 0.000135127978865, 3.17344420182e-05], "median": [8.68066053954e-05, 0.00902263633907, 0.0125007173046, 0.00464109098539, 0.00347164506093, 0.000835375627503, 0.000355269527063, 0.000190513557754, 0.000115532428026, 0.00013878653408, 0.000126992788864, 0.000116536328278, 8.48107592901e-05, 0.000124189507915, 0.000197053057491, 0.000376303185476, 0.000506694661453, 0.000311448064167, 0.000422273587901, 0.000287406262942, 0.000401354045607, 0.000270567485131, 0.000180500355782, 0.0001524706895, 0.00014402915258, 5.64714937354e-05, 3.15583611155e-06], "min": [1.43015610112e-22, 2.19942585086e-24, 3.04342990829e-24, 6.7817662047e-24, 6.25775525099e-23, 4.16578227396e-23, 1.86902905231e-23, 2.56037617891e-23, 1.08769063001e-22, 6.13632873175e-23, 7.49050881867e-23, 8.74956048457e-23, 8.12515498998e-23, 1.38759497269e-22, 1.04408574394e-22, 2.01611567063e-22, 1.66487238646e-22, 3.20735899882e-22, 2.95405487863e-22, 2.76772391333e-22, 4.89012830419e-22, 4.255541329e-22, 5.82384376158e-22, 9.44069856303e-22, 1.43900921569e-21, 1.60854135645e-21, 2.42098377538e-21], "dvar2": [1.10275117038e-07, 0.000455344241345, 0.000355432042852, 4.95522472193e-05, 7.64500000514e-05, 4.46796912001e-06, 3.69534950551e-06, 2.55146878771e-05, 1.28914989546e-05, 3.89633751183e-05, 3.69739723283e-07, 4.09757944908e-07, 3.17316789733e-07, 8.09351490716e-07, 2.4651163244e-07, 1.3231621665e-07, 1.47334048961e-07, 1.40095124834e-07, 2.7071837394e-07, 4.78152060168e-07, 9.3975972959e-07, 1.78132927431e-06, 3.23523352108e-07, 9.15246189948e-08, 1.22251364587e-07, 7.57982689947e-08, 5.98888405534e-09], "dvar": [4.32199414035e-08, 0.000166012658156, 0.000129937994643, 1.78462432814e-05, 2.85354344669e-05, 1.73939145043e-06, 1.51207768795e-06, 9.60458328336e-06, 5.7059082792e-06, 1.5362218619e-05, 1.61536462429e-07, 1.56203043389e-07, 1.20841548323e-07, 3.1216288221e-07, 9.60840509379e-08, 4.98435568375e-08, 5.48885736862e-08, 5.10447293323e-08, 1.06239923525e-07, 1.75951029746e-07, 3.34245044087e-07, 6.26423002359e-07, 1.17080148243e-07, 3.47608555273e-08, 5.1413564961e-08, 3.16975068415e-08, 2.30778263166e-09], "dmean": [0.000121300225146, 0.00801129825413, 0.00841689296067, 0.00327837537043, 0.0032839954365, 0.00079624960199, 0.000583776331041, 0.000680629746057, 0.000743424578104, 0.0011903422419, 0.000146847523865, 0.000133477660711, 0.000129899053718, 0.000195513421204, 0.000173073305632, 0.000209007775993, 0.000236615160247, 0.000182590330951, 0.000254693732131, 0.000245291768806, 0.000328895315761, 0.00035507400753, 0.000196282606339, 0.000119406693557, 0.000126297862153, 8.31551733427e-05, 1.89617367141e-05], "max": [0.00495331827551, 0.100099943578, 0.11038852483, 0.0439262539148, 0.0562709122896, 0.0229338221252, 0.0172822214663, 0.119398877025, 0.0391517020762, 0.0594884976745, 0.0131769739091, 0.0122888861224, 0.0102413436398, 0.0147268343717, 0.00682039093226, 0.00321377441287, 0.00292520178482, 0.0028080730699, 0.00488803023472, 0.00566012179479, 0.00608181674033, 0.00861536059529, 0.00337746925652, 0.00271575851366, 0.00441438471898, 0.00272633647546, 0.0011087867897], "var": [6.22147382501e-08, 0.000178179398063, 0.000202333700145, 2.38643478951e-05, 2.80021449726e-05, 2.45767182605e-06, 1.70560269908e-06, 9.20087768463e-06, 1.1206752788e-05, 3.93319278373e-05, 3.14888694675e-07, 1.58215456736e-07, 2.14557928757e-07, 5.26967824044e-07, 1.54644794748e-07, 9.64221555932e-08, 1.22551242043e-07, 7.37094083547e-08, 2.58994703017e-07, 2.37590910501e-07, 3.85305725104e-07, 5.04234662912e-07, 1.1987532389e-07, 5.39962954349e-08, 9.15479319019e-08, 4.59169626765e-08, 1.92877158689e-09], "mean": [0.00018083571922, 0.0128220552579, 0.0160632859915, 0.00579336751252, 0.00497483974323, 0.00131254468579, 0.000741321942769, 0.000854048819747, 0.00107765290886, 0.00206551491283, 0.000249428587267, 0.000203576681088, 0.000203760922886, 0.0003044551122, 0.000298232975183, 0.000436949572759, 0.000554927042685, 0.000367889500922, 0.000566516886465, 0.00045556758414, 0.000601913547143, 0.000495246553328, 0.000294607947581, 0.000221152455197, 0.000233179205679, 0.000116421782877, 1.78388654604e-05]}, "erbbands_skewness": {"dmean2": 0.553243219852, "median": -0.226848691702, "min": -2.32360744476, "dvar2": 0.310403734446, "dvar": 0.141323685646, "dmean": 0.354000896215, "max": 5.87156200409, "var": 0.533012449741, "mean": -0.0801110267639}, "erbbands_spread": {"dmean2": 18.3045940399,