{"metadata": {"tags": {"album": ["1000 Yard Stare"], "albumartist": ["Doubledrive"], "musicbrainz_recordingid": ["19d0bdad-adf4-432b-ab21-02297449a108"], "artist": ["Doubledrive"], "date": ["1999"], "tracknumber": ["11"], "title": ["Stand By"], "file_name": "226563.mp3"}, "audio_properties": {"sample_rate": 44100, "downmix": "mix", "lossless": false, "analysis_sample_rate": 44100, "md5_encoded": "e7cfc2708e825eeb887951e64f04d763", "equal_loudness": 0, "replay_gain": -13.4037914276, "codec": "mp3", "bit_rate": 192000, "length": 300.486541748}, "version": {"extractor": "music 1.0", "essentia_build_sha": "70f2e5ece6736b2c40cc944ad0e695b16b925413", "essentia_git_sha": "v2.1_beta2", "essentia": "2.1-beta2"}}, "rhythm": {"beats_loudness_band_ratio": {"dvar2": [0.0415361113846, 0.0220265239477, 0.0252825599164, 0.0276311859488, 0.00443346565589, 0.00842313002795], "var": [0.123770050704, 0.0299274194986, 0.0127546535805, 0.0117189418525, 0.00254967273213, 0.0046564922668], "min": [0, 0, 0, 0, 0, 0], "dmean": [0.0806334540248, 0.061019461602, 0.0507785342634, 0.0408348627388, 0.0219384748489, 0.022116066888], "mean": [0.375040620565, 0.152314454317, 0.0757252722979, 0.0548829063773, 0.0386440977454, 0.0517321676016], "max": [0.99999833107, 0.595080733299, 0.686542868614, 0.842508196831, 0.384154826403, 0.87261146307], "dmean2": [0.135299414396, 0.105566173792, 0.0877472087741, 0.0743505805731, 0.0381175093353, 0.0391196794808], "median": [0.36947208643, 0.0387076698244, 0.0223628506064, 0.0151435593143, 0.0254672411829, 0.0226648598909], "dvar": [0.0153920650482, 0.0075721507892, 0.00895518809557, 0.00939600262791, 0.00153440493159, 0.00285287573934]}, "bpm_histogram_first_peak_weight": {"dvar2": 0, "var": 0, "min": 0.210526317358, "dmean": 0, "mean": 0.210526317358, "max": 0.210526317358, "dmean2": 0, "median": 0.210526317358, "dvar": 0}, "bpm": 110.053413391, "beats_count": 552, "bpm_histogram_first_peak_spread": {"dvar2": 0, "var": 0, "min": 0.546875, "dmean": 0, "mean": 0.546875, "max": 0.546875, "dmean2": 0, "median": 0.546875, "dvar": 0}, "danceability": 0.996568918228, "bpm_histogram_first_peak_bpm": {"dvar2": 0, "var": 0, "min": 110, "dmean": 0, "mean": 110, "max": 110, "dmean2": 0, "median": 110, "dvar": 0}, "beats_position": [0.568888902664, 1.17260766029, 1.74149656296, 2.29877543449, 2.8444442749, 3.41333317757, 3.97061228752, 4.52789115906, 5.08516979218, 5.65405893326, 6.2229475975, 6.79183673859, 7.36072540283, 7.91800451279, 8.48689365387, 9.05578231812, 9.61306095123, 10.1819496155, 10.7508392334, 11.3197278976, 11.8886165619, 12.445895195, 13.0031747818, 13.5604534149, 14.117732048, 14.66340065, 15.2090702057, 15.7663488388, 16.3120174408, 16.8576869965, 17.391746521, 17.9490242004, 18.4946937561, 19.0403633118, 19.574420929, 20.1317005157, 20.6889801025, 21.246257782, 21.8035373688, 22.3608150482, 22.9064846039, 23.4521541595, 24.009431839, 24.5667114258, 25.1239910126, 25.681268692, 26.2385482788, 26.7842178345, 27.3298854828, 27.8871650696, 28.4560546875, 29.0249423981, 29.5822219849, 30.1394996643, 30.6735591888, 31.2308387756, 31.776506424, 32.322177887, 32.8794555664, 33.4367332458, 33.9824028015, 34.5280723572, 35.0853500366, 35.6426315308, 36.1999092102, 36.7455787659, 37.2912483215, 37.848526001, 38.4058036804, 38.9630813599, 39.520362854, 40.0776405334, 40.6233100891, 41.1689796448, 41.703037262, 42.2487068176, 42.7943763733, 43.3284339905, 43.8741035461, 44.4197731018, 44.9654426575, 45.4995002747, 46.0451698303, 46.590839386, 47.1365089417, 47.6821746826, 48.2278442383, 48.7851219177, 49.3191833496, 49.8648529053, 50.4105224609, 50.9678001404, 51.5018577576, 52.0475273132, 52.5931968689, 53.1272544861, 53.661315918, 54.2069816589, 54.7526512146, 55.2983207703, 55.8439903259, 56.3780479431, 56.9237174988, 57.4693870544, 58.0150566101, 58.5607261658, 59.1063919067, 59.6520614624, 60.1977310181, 60.7434005737, 61.3006782532, 61.8579597473, 62.4152374268, 62.9725151062, 63.5181846619, 64.0638504028, 64.6095199585, 65.1551895142, 65.7008590698, 66.2465286255, 66.7805862427, 67.3146438599, 67.8603134155, 68.4059829712, 68.9632644653, 69.5205459595, 70.0662155151, 70.6118774414, 71.1691589355, 71.7148284912, 72.2604980469, 72.7945556641, 73.3518371582, 73.8858947754, 74.4431762695, 74.9888458252, 75.5345077515, 76.0801773071, 76.6374588013, 77.1831283569, 77.7404098511, 78.2976837158, 78.8433532715, 79.3890228271, 79.9346923828, 80.4803619385, 81.0260314941, 81.5717010498, 82.105758667, 82.6514282227, 83.1970977783, 83.7311553955, 84.2768249512, 84.8224945068, 85.3681640625, 85.9138336182, 86.4711074829, 87.0283889771, 87.5856704712, 88.1429443359, 88.7002258301, 89.2458953857, 89.7915649414, 90.3488388062, 90.9061203003, 91.4634017944, 92.0090713501, 92.5547409058, 93.100402832, 93.6460723877, 94.1801376343, 94.7257995605, 95.2714691162, 95.8171386719, 96.3628082275, 96.8968658447, 97.4425354004, 97.9882049561, 98.5222625732, 99.0563278198, 99.6136016846, 100.147659302, 100.681724548, 101.227394104, 101.77305603, 102.307121277, 102.841178894, 103.38684845, 103.932518005, 104.466575623, 105.012245178, 105.557914734, 106.115188599, 106.660858154, 107.20652771, 107.752197266, 108.297866821, 108.843536377, 109.389205933, 109.92326355, 110.480545044, 111.014602661, 111.548660278, 112.094329834, 112.63999939, 113.174057007, 113.719726562, 114.25378418, 114.799453735, 115.356735229, 115.890792847, 116.424850464, 116.97052002, 117.516189575, 118.050247192, 118.595916748, 119.141586304, 119.675643921, 120.221313477, 120.766983032, 121.301040649, 121.858322144, 122.415596008, 122.949661255, 123.483718872, 124.017776489, 124.551834106, 125.085891724, 125.619949341, 126.154014587, 126.688072205, 127.222129822, 127.767799377, 128.301864624, 128.847518921, 129.381591797, 129.915649414, 130.449707031, 130.983764648, 131.517822266, 132.051879883, 132.5859375, 133.119995117, 133.665664673, 134.211334229, 134.745391846, 135.279449463, 135.81350708, 136.359176636, 136.904846191, 137.438903809, 137.996185303, 138.53024292, 139.064300537, 139.598358154, 140.13243103, 140.666488647, 141.188934326, 141.711380005, 142.245437622, 142.779495239, 143.301940918, 143.824401855, 144.358459473, 144.89251709, 145.414962769, 145.949020386, 146.471466064, 146.993927002, 147.527984619, 148.062042236, 148.584487915, 149.118545532, 149.640991211, 150.16343689, 150.697509766, 151.231567383, 151.777236938, 152.322906494, 152.86857605, 153.483901978, 154.099227905, 154.702941895, 155.306671143, 155.910385132, 156.514099121, 157.11781311, 157.721542358, 158.313644409, 158.917373657, 159.521087646, 160.136413574, 160.728515625, 161.320632935, 161.912734985, 162.446792603, 162.980865479, 163.549743652, 164.118637085, 164.687530518, 165.256408691, 165.825302124, 166.45223999, 167.079177856, 167.706115723, 168.32144165, 168.936782837, 169.552108765, 170.167434692, 170.78276062, 171.398086548, 172.013427734, 172.663574219, 173.313735962, 173.952285767, 174.590835571, 175.229385376, 175.867935181, 176.506484985, 177.14503479, 177.783584595, 178.422134399, 179.060684204, 179.69921875, 180.337768555, 180.976318359, 181.614868164, 182.253417969, 183.031295776, 183.809158325, 184.587020874, 185.364898682, 186.14276123, 186.920639038, 187.686889648, 188.453155518, 189.184570312, 189.916000366, 190.64743042, 191.378860474, 192.133514404, 192.888153076, 193.631195068, 194.374237061, 195.117279053, 195.860321045, 196.603347778, 197.346389771, 198.054595947, 198.762802124, 199.47102356, 200.179229736, 200.899047852, 201.618865967, 202.26902771, 202.919174194, 203.592559814, 204.265930176, 204.939315796, 205.612701416, 206.286071777, 206.901397705, 207.516723633, 208.178497314, 208.840270996, 209.502029419, 210.163803101, 210.837188721, 211.498947144, 212.160720825, 212.822494507, 213.48425293, 214.122802734, 214.761352539, 215.411514282, 216.061676025, 216.70022583, 217.338775635, 217.977325439, 218.615875244, 219.254425049, 219.892959595, 220.531509399, 221.170059204, 221.785385132, 222.400726318, 223.097320557, 223.793914795, 224.502120972, 225.210342407, 225.930160522, 226.649978638, 227.369796753, 228.089614868, 228.809432983, 229.529251099, 230.249069214, 230.968887329, 231.688705444, 232.40852356, 233.128341675, 233.732055664, 234.335784912, 234.927886963, 235.519989014, 236.112106323, 236.634552002, 237.156997681, 237.679458618, 238.201904297, 238.724349976, 239.246795654, 239.653152466, 240.059494019, 240.46585083, 240.872192383, 241.278549194, 241.673278809, 242.07963562, 242.485977173, 242.892333984, 243.298675537, 243.705032349, 244.111373901, 244.506118774, 244.900863647, 245.295593262, 245.690338135, 246.085067749, 246.479812622, 246.874557495, 247.280899048, 247.675643921, 248.070373535, 248.465118408, 248.859863281, 249.254592896, 249.649337769, 250.009246826, 250.380767822, 250.74067688, 251.100585938, 251.472106934, 251.84362793, 252.215148926, 252.575057983, 252.934967041, 253.294876099, 253.666397095, 254.026306152, 254.39781189, 254.769332886, 255.140853882, 255.523986816, 255.895507812, 256.267028809, 256.638549805, 257.091339111, 257.532501221, 257.973693848, 258.414855957, 258.856048584, 259.285614014, 259.715179443, 260.15637207, 260.59753418, 261.027130127, 261.549560547, 262.060394287, 262.571228027, 263.082092285, 263.592926025, 264.103759766, 264.614593506, 265.125427246, 265.636291504, 266.089050293, 266.5418396, 266.994628906, 267.447418213, 267.87701416, 268.30657959, 268.73614502, 269.165710449, 269.572052002, 269.978393555, 270.396362305, 270.814331055, 271.232299805, 271.650238037, 272.091430664, 272.532592773, 272.962158203, 273.380126953, 273.798095703, 274.216064453, 274.645629883, 275.086791992, 275.527984619, 275.969146729, 276.398712158, 276.828308105, 277.246246338, 277.675811768, 278.105377197, 278.546569824, 278.987762451, 279.428924561, 279.870117188, 280.311279297, 280.752471924, 281.170440674, 281.600006104, 282.029571533, 282.459136963, 282.888702393, 283.318267822, 283.747833252, 284.189025879, 284.641815186, 285.082977295, 285.524169922, 285.965332031, 286.406524658, 286.836090088, 287.277282715, 287.706848145, 288.136413574, 288.565979004, 288.995544434, 289.436737061, 289.912750244, 290.38873291, 290.864746094, 291.340759277, 291.816772461, 292.292785645, 292.768798828, 293.256408691, 293.755645752, 294.243255615, 294.730865479, 295.206878662, 295.694519043, 296.182128906, 296.681365967, 297.16897583, 297.656585693, 298.144226074, 298.643432617, 299.131072998, 299.630279541], "beats_loudness": {"dvar2": 0.000355465657776, "var": 0.000734575383831, "min": 0, "dmean": 0.007181617897, "mean": 0.0258670821786, "max": 0.094209626317, "dmean2": 0.0124831357971, "median": 0.0121304793283, "dvar": 0.000124187135953}, "bpm_histogram_second_peak_weight": {"dvar2": 0, "var": 0, "min": 0.0435571670532, "dmean": 0, "mean": 0.0435571670532, "max": 0.0435571670532, "dmean2": 0, "median": 0.0435571670532, "dvar": 0}, "bpm_histogram_second_peak_spread": {"dvar2": 0, "var": 0, "min": 0.563636422157, "dmean": 0, "mean": 0.563636422157, "max": 0.563636422157, "dmean2": 0, "median": 0.563636422157, "dvar": 0}, "bpm_histogram_second_peak_bpm": {"dvar2": 0, "var": 0, "min": 94, "dmean": 0, "mean": 94, "max": 94, "dmean2": 0, "median": 94, "dvar": 0}, "onset_rate": 2.49583172798}, "lowlevel": {"spectral_energyband_high": {"dvar2": 1.13581438654e-06, "var": 1.88751539554e-06, "min": 6.56223746078e-21, "dmean": 0.000338806712534, "mean": 0.000935510674026, "max": 0.0200315490365, "dmean2": 0.00051942630671, "median": 2.64532036454e-06, "dvar": 5.26834355696e-07}, "spectral_energyband_middle_low": {"dvar2": 0.000114754511742, "var": 0.000111514673335, "min": 8.80623982507e-23, "dmean": 0.00332990963943, "mean": 0.00681135850027, "max": 0.086878798902, "dmean2": 0.00532119255513, "median": 0.00124016578775, "dvar": 4.86627177452e-05}, "spectral_energy": {"dvar2": 0.000988394487649, "var": 0.000780791044235, "min": 9.74069956325e-21, "dmean": 0.0101355407387, "mean": 0.0212706346065, "max": 0.192469269037, "dmean2": 0.0159596446902, "median": 0.00797032006085, "dvar": 0.000389254011679}, "spectral_spread": {"dvar2": 2140339699710.0, "var": 304483988931000.0, "min": 153017.015625, "dmean": 723386.1875, "mean": 17414924, "max": 51194300, "dmean2": 1172506.375, "median": 5431590.5, "dvar": 963732111360}, "spectral_energyband_low": {"dvar2": 0.000877749989741, "var": 0.000420005992055, "min": 4.1157977593e-24, "dmean": 0.00783075299114, "mean": 0.0111297750846, "max": 0.180427506566, "dmean2": 0.012587624602, "median": 0.00142154563218, "dvar": 0.000334794487571}, "spectral_rolloff": {"dvar2": 1954731.125, "var": 68706984, "min": 64.599609375, "dmean": 616.163146973, "mean": 7853.60595703, "max": 19939.7460938, "dmean2": 1027.29846191, "median": 2863.91601562, "dvar": 839274.875}, "barkbands": {"dvar2": [3.566275808e-08, 0.000378952041501, 0.000226650867262, 2.1779724193e-05, 2.99834318866e-05, 3.15585452881e-06, 7.37520531402e-06, 1.58222537721e-05, 1.07767500594e-05, 6.1145183281e-06, 2.80571930489e-06, 5.16573300047e-06, 1.11613701392e-06, 8.1800726548e-07, 4.67600187903e-07, 6.33492220459e-07, 3.9658885953e-07, 5.29137025751e-07, 5.1268699508e-07, 2.02230637569e-07, 1.63890931049e-07, 8.27816393212e-08, 3.74061741581e-08, 4.65200109545e-08, 4.31478284213e-08, 1.92025311208e-08, 4.64700278258e-09], "var": [1.89558946317e-08, 0.000184510558029, 6.57291020616e-05, 1.1675119822e-05, 1.63276727108e-05, 2.32344063988e-06, 2.39655037149e-06, 7.98100336397e-06, 9.7902448033e-06, 4.26523320129e-06, 2.89998160952e-06, 4.06915341955e-06, 1.01450109469e-06, 4.77181743008e-07, 2.96034272651e-07, 3.66667165963e-07, 2.41244492827e-07, 3.09680956434e-07, 5.1620747854e-07, 2.26064756248e-07, 1.47695885744e-07, 8.61425064613e-08, 3.8329503127e-08, 4.51218618025e-08, 4.15812380083e-08, 1.76828773846e-08, 3.22193050017e-09], "min": [3.03291380078e-26, 6.83866378357e-25, 3.29217663507e-26, 2.61763523356e-26, 1.34180230711e-24, 1.68219263227e-24, 2.94236321848e-24, 1.34811773031e-24, 4.88086228089e-24, 6.85992338775e-24, 8.0008765808e-24, 9.20778170097e-24, 1.21603405522e-23, 1.80258187831e-23, 2.08857551089e-23, 2.79096274586e-23, 3.79978804817e-23, 6.54848268009e-23, 8.92251918467e-23, 1.15273492533e-22, 1.79300674775e-22, 2.60356536683e-22, 2.81531330428e-22, 4.73951317415e-22, 6.98440077921e-22, 1.06929573161e-21, 1.75242796998e-21], "dmean": [5.62954228371e-05, 0.00511783035472, 0.00341484392993, 0.00136479688808, 0.00133909180295, 0.000353673589416, 0.000436516187619, 0.000655035721138, 0.000578946084715, 0.000380918645533, 0.000243165908614, 0.000341356993886, 0.000202726136195, 0.000191313694813, 0.000157204471179, 0.000172672182089, 0.000175373032107, 0.000197567685973, 0.000224869829253, 0.000146793478052, 0.00011989675113, 7.09467058186e-05, 4.64277109131e-05, 4.28350213042e-05, 4.47658603662e-05, 3.40901387972e-05, 1.23234904095e-05], "mean": [6.24722233624e-05, 0.00573091162369, 0.00405600201339, 0.00205565453507, 0.0018404785078, 0.000585400965065, 0.000436859263573, 0.000783086929005, 0.000914869946428, 0.0005680078757, 0.000358016201062, 0.000502965413034, 0.000302117376123, 0.000262048182776, 0.000214592510019, 0.000286140770186, 0.000321259984048, 0.000331718096277, 0.000537369109225, 0.000360068166628, 0.000274963065749, 0.000143164012115, 9.69912071014e-05, 8.76587146195e-05, 8.63015447976e-05, 5.52374585823e-05, 1.6325400793e-05], "max": [0.0012950936798, 0.104762777686, 0.106250554323, 0.0507151968777, 0.0462987422943, 0.0619612783194, 0.0434730947018, 0.0506532639265, 0.0472469963133, 0.057040989399, 0.0439292863011, 0.0410519205034, 0.0315325818956, 0.02007580176, 0.0135550173, 0.0159408207983, 0.00946335121989, 0.00950800161809, 0.0085035385564, 0.00421575037763, 0.00919401925057, 0.00539878569543, 0.00557820405811, 0.00533313117921, 0.00592656852677, 0.00167099596001, 0.000958999036811], "dmean2": [8.67837661644e-05, 0.00792313460261, 0.00614266656339, 0.0023176826071, 0.00213371193968, 0.00055667036213, 0.000758083246183, 0.00111379625741, 0.000909899186809, 0.000610299175605, 0.00038206129102, 0.000543603091501, 0.000325640838128, 0.000315977114951, 0.000262951420154, 0.000289379939204, 0.000293164601317, 0.000333907111781, 0.000377170392312, 0.000246599171078, 0.000200951544684, 0.000111802655738, 7.16770737199e-05, 6.48704299238e-05, 6.6863023676e-05, 5.1227871154e-05, 1.89869770111e-05], "median": [4.45135856353e-06, 0.000334341282723, 0.000298128288705, 0.000173918233486, 0.000147661339724, 2.84752732114e-05, 1.15668644867e-05, 1.35425925691e-05, 1.20800141303e-05, 7.0528130891e-06, 4.66130813948e-06, 6.81243682266e-06, 5.04617082697e-06, 4.91855826112e-06, 3.43127567248e-06, 2.29388115258e-06, 2.6477555366e-06, 1.48832123159e-06, 1.29949535221e-06, 4.66704193514e-07, 3.09416293476e-07, 4.67312048613e-07, 3.09637442797e-07, 2.28218198117e-07, 2.98066822779e-07, 1.25047463939e-07, 2.76869656091e-08], "dvar": [1.52498174089e-08, 0.000154975539772, 7.80074042268e-05, 7.767709576e-06, 1.27392841023e-05, 1.3606986613e-06, 2.72541683444e-06, 5.92802916799e-06, 4.33508830611e-06, 2.42680130214e-06, 1.39978726565e-06, 2.12135523725e-06, 4.83092492232e-07, 3.20181555935e-07, 1.86671968549e-07, 2.37964087546e-07, 1.45804193608e-07, 1.96017481358e-07, 1.83436597467e-07, 7.48789830141e-08, 6.35936032722e-08, 3.6070886722e-08, 1.78720540589e-08, 2.10729051986e-08, 1.93963209938e-08, 8.48155945476e-09, 2.02908667646e-09]}, "melbands_skewness": {"dvar2": 2.40732216835, "var": 4.29761648178, "min": -2.12229466438, "dmean": 0.698133766651, "mean": 1.84736073017, "max": 12.4432983398, "dmean2": 1.1068174839, "median": 1.35675764084, "dvar": 0.991502583027}, "barkbands_skewness": {"dvar2": 23.2483100891, "var": 23.8434429169, "min": -3.79701423645, "dmean": 0.857250809669, "mean": 0.78355640173, "max": 80.8176345825, "dmean2": 1.48709487915, "median": 0.730621099472, "dvar": 6.63181257248}, "erbbands": {"dvar2": [0.103526510298, 29.4776268005, 278.454956055, 241.356170654, 479.642028809, 192.248168945, 189.210662842, 308.276062012, 424.451416016, 6824.39453125, 5320.95751953, 4936.85644531, 8047.68408203, 4504.81494141, 5559.75927734, 7059.25292969, 2273.18261719, 1940.94360352, 1235.57543945, 1020.07141113, 1936.44494629, 1191.46289062, 1029.40283203, 2182.6105957, 1039.56616211, 415.709259033, 420.417572021, 193.8331604, 115.914382935, 62.8567047119, 28.1115913391, 13.0220050812, 23.4544010162, 9.29374694824, 1.32705438137, 0.374141842127, 0.0704382881522, 0.0053439293988, 0.000218032611883, 1.30016076128e-07], "var": [0.106564000249, 11.525601387, 79.2789001465, 114.205032349, 248.646331787, 95.0489120483, 163.618087769, 167.739318848, 166.169616699, 1955.81384277, 3770.50830078, 4109.67138672, 8012.65234375, 4087.52661133, 6436.92333984, 5809.28710938, 2250.93286133, 1197.76647949, 778.828369141, 683.404174805, 1145.24194336, 748.916381836, 641.066589355, 1830.73034668, 976.57635498, 465.88949585, 371.773803711, 150.734039307, 110.649009705, 73.2398986816, 27.6381816864, 15.5934352875, 16.3977985382, 7.11376285553, 1.59156525135, 0.353692471981, 0.0582660511136, 0.00489305332303, 0.000133474866743, 8.20820602598e-08], "min": [1.6477291137e-23, 1.18376252867e-22, 2.91877828112e-22, 6.29572748087e-22, 4.07527169322e-21, 6.12906664234e-21, 1.66109854657e-20, 1.86804184905e-20, 5.87190507563e-20, 8.90688631928e-20, 1.30837858749e-19, 1.3456871473e-19, 2.27127149197e-19, 3.69366723338e-19, 5.5314653236e-19, 7.07248212527e-19, 8.82193810155e-19, 1.04013515933e-18, 1.42902730008e-18, 1.92296000489e-18, 2.68841764091e-18, 2.93462443472e-18, 3.60106007281e-18, 3.83411324731e-18, 5.39387272089e-18, 6.51560242341e-18, 6.25727805401e-18, 8.43568963003e-18, 9.15298426129e-18, 7.29555102298e-18, 7.85121787127e-18, 7.17066743e-18, 8.23229749793e-18, 6.97058732908e-18, 5.05805889889e-18, 3.44614361974e-18, 1.91743816071e-18, 8.28442011288e-19, 2.01812100806e-19, 2.41506995906e-20], "dmean": [0.109756425023, 1.33041620255, 3.68741798401, 4.30701255798, 5.62085390091, 3.21977877617, 3.37840795517, 2.48463368416, 3.79889249802, 12.4292316437, 12.1283531189, 12.7313985825, 13.1841964722, 10.2690982819, 10.2315368652, 13.2157726288, 9.21437072754, 9.20383548737, 8.52037811279, 7.50534439087, 9.70175361633, 9.59560489655, 8.78349399567, 13.5522012711, 9.59301185608, 6.37029886246, 5.91006803513, 3.91808080673, 2.60755753517, 2.06400489807, 1.19015920162, 0.897993683815, 0.755345463753, 0.545921802521, 0.296839505434, 0.160161986947, 0.0613119378686, 0.0159588139504, 0.00248892302625, 6.70028675813e-05], "mean": [0.141874164343, 1.39659440517, 4.21663665771, 6.7051897049, 7.36062097549, 4.55477380753, 5.89303159714, 3.60712480545, 4.60272026062, 11.7841472626, 16.770866394, 20.5697975159, 21.489938736, 16.5819664001, 16.2461471558, 20.4261131287, 14.8515110016, 13.7604398727, 12.2290077209, 11.7375078201, 16.9884777069, 18.0856246948, 16.2150993347, 28.5505619049, 23.7712345123, 16.3253707886, 13.9112110138, 8.18977451324, 5.2464132309, 4.07239198685, 2.55164337158, 1.86850011349, 1.43792784214, 1.02320122719, 0.574202060699, 0.267061382532, 0.0944637581706, 0.0239850021899, 0.00314407632686, 9.88535903161e-05], "max": [2.05336236954, 26.4837036133, 119.114089966, 123.91683197, 183.266296387, 159.95249939, 250.864318848, 761.391479492, 453.880737305, 748.854187012, 1371.04260254, 1312.92651367, 1626.90063477, 1632.17687988, 2238.64257812, 1800.59216309, 1736.36560059, 925.024902344, 533.041992188, 610.450317383, 825.992675781, 476.717315674, 521.373535156, 642.473327637, 540.65246582, 231.952529907, 519.204101562, 262.045593262, 199.734176636, 172.958251953, 164.976882935, 71.0197677612, 137.342254639, 99.5911407471, 18.9713554382, 5.8392572403, 3.48802757263, 0.917803347111, 0.225812166929, 0.00516956066713], "dmean2": [0.150048702955, 2.16405582428, 6.61143732071, 7.44730329514, 9.15298843384, 5.24277925491, 5.37716150284, 4.00422286987, 6.365026474, 21.7921466827, 20.077205658, 19.8626823425, 21.16173172, 16.390455246, 15.650677681, 20.9523925781, 14.6788988113, 15.1444864273, 14.1624641418, 12.5105571747, 16.2180175781, 15.9955768585, 14.6454572678, 22.9070739746, 16.2164821625, 10.6709947586, 9.94076156616, 6.58068752289, 4.15220499039, 3.23220419884, 1.8114439249, 1.37202429771, 1.16063332558, 0.840097904205, 0.435287892818, 0.239830881357, 0.0942275375128, 0.0241689737886, 0.00386884319596, 0.000102835001599], "median": [0.0074398573488, 0.106013596058, 0.381269514561, 0.697373628616, 0.664019107819, 0.364924967289, 0.376317858696, 0.186082094908, 0.194867268205, 0.241671293974, 0.372353613377, 0.363931059837, 0.334357619286, 0.271935760975, 0.223648637533, 0.306877315044, 0.274687260389, 0.277626216412, 0.21053391695, 0.142733514309, 0.133246839046, 0.143415406346, 0.0864136442542, 0.0771704465151, 0.0507250055671, 0.0219329893589, 0.0107561293989, 0.01344063133, 0.0174434296787, 0.0135117005557, 0.00787563435733, 0.00465229200199, 0.00419057486579, 0.00352089013904, 0.00160980620421, 0.000565287075005, 0.000205566975637, 4.60489973193e-05, 9.62595549936e-06, 1.04267983261e-05], "dvar": [0.0609960146248, 11.3446063995, 96.7573699951, 84.4994125366, 202.931762695, 74.7401428223, 75.275177002, 130.067962646, 160.127929688, 2462.60546875, 2080.33520508, 2042.70397949, 3200.79614258, 1934.1776123, 2781.95019531, 2967.83618164, 1004.32641602, 769.313659668, 486.610198975, 396.210021973, 729.459411621, 439.627593994, 390.256011963, 780.147155762, 369.315826416, 152.969787598, 159.809020996, 75.3914871216, 49.0343666077, 30.0479755402, 13.437582016, 6.17340898514, 9.86061668396, 4.04239225388, 0.609501540661, 0.165393188596, 0.0303269587457, 0.00243809772655, 9.31653266889e-05, 5.60079413958e-08]}, "silence_rate_30dB": {"dvar2": 0.0129015594721, "var": 0.00254292250611, "min": 0, "dmean": 0.00448187952861, "mean": 0.997450172901, "max": 1, "dmean2": 0.0089644510299, "median": 1, "dvar": 0.0044610844925}, "melbands_spread": {"dvar2": 308.806396484, "var": 2953.66088867, "min": 0.124180302024, "dmean": 9.93998432159, "mean": 62.7652664185, "max": 229.104949951, "dmean2": 16.4102096558, "median": 35.173034668, "dvar": 121.115875244}, "melbands_crest": {"dvar2": 21.5231399536, "var": 75.0094833374, "min": 1.00154781342, "dmean": 2.50945878029, "mean": 11.8562841415, "max": 34.8570213318, "dmean2": 4.19165945053, "median": 12.106546402, "dvar": 8.20635414124}, "zerocrossingrate": {"dvar2": 0.000349064765032, "var": 0.0443151704967, "min": 0.00048828125, "dmean": 0.0117773469537, "mean": 0.224015146494, "max": 0.541015625, "dmean2": 0.0164162497967, "median": 0.092529296875, "dvar": 0.000188418765902}, "barkbands_kurtosis": {"dvar2": 755650.5625, "var": 527689.4375, "min": -1.88616323471, "dmean": 60.9995880127, "mean": 95.2510604858, "max": 12264.3681641, "dmean2": 115.885025024, "median": 2.78043723106, "dvar": 214697.703125}, "spectral_flux": {"dvar2": 0.0032597372774, "var": 0.00524066668004, "min": 6.05806099729e-11, "dmean": 0.02337182872, "mean": 0.0631153061986, "max": 0.364072352648, "dmean2": 0.0365072600543, "median": 0.0463035553694, "dvar": 0.00155212311074}, "barkbands_crest": {"dvar2": 15.953455925, "var": 28.8642673492, "min": 2.00293111801, "dmean": 2.19602060318, "mean": 9.96371173859, "max": 26.8476238251, "dmean2": 3.54974007607, "median": 7.43686580658, "dvar": 6.57873249054}, "barkbands_flatness_db": {"dvar2": 0.00252981809899, "var": 0.0320725701749, "min": 0.0161995943636, "dmean": 0.0226589869708, "mean": 0.150828644633, "max": 0.929495513439, "dmean2": 0.0372905358672, "median": 0.083292208612, "dvar": 0.000889444258064}, "spectral_entropy": {"dvar2": 0.0636078193784, "var": 2.95591878891, "min": 2.65052008629, "dmean": 0.096261665225, "mean": 8.17403888702, "max": 9.83399009705, "dmean2": 0.157171532512, "median": 8.03974056244, "dvar": 0.023482631892}, "pitch_salience": {"dvar2": 0.013183478266, "var": 0.039920207113, "min": 0.00575446197763, "dmean": 0.0588592588902, "mean": 0.599845290184, "max": 0.995932161808, "dmean2": 0.0971396490932, "median": 0.627732992172, "dvar": 0.00509326625615}, "erbbands_spread": {"dvar2": 180.85446167, "var": 393.43182373, "min": 0.38870331645, "dmean": 6.77025794983, "mean": 39.1159706116, "max": 147.290252686, "dmean2": 10.870634079, "median": 37.3153457642, "dvar": 72.1823577881}, "dynamic_complexity": 28.7295093536, "spectral_contrast_valleys": {"dvar2": [0.348321586847, 0.344720095396, 0.265119016171, 0.263090908527, 0.170663610101, 0.205636590719], "var": [91.6661148071, 91.5988616943, 87.6119384766, 85.6817398071, 91.3547744751, 67.7274780273], "min": [-28.834859848, -28.5936450958, -28.2250232697, -27.9228477478, -27.6863079071, -27.5052890778], "dmean": [0.418828010559, 0.386107623577, 0.330363154411, 0.304748505354, 0.196190267801, 0.20631018281], "mean": [-14.721370697, -14.8147192001, -15.0949516296, -15.2940101624, -14.9244499207, -16.6484622955], "max": [-5.0051074028, -4.593978405, -4.90208005905, -5.49678897858, -5.15544652939, -7.49053049088], "dmean2": [0.686350226402, 0.637715220451, 0.533480525017, 0.480312943459, 0.306943923235, 0.308153986931], "median": [-8.12201690674, -8.26353263855, -8.84619617462, -9.13370990753, -9.91463661194, -12.2899303436], "dvar": [0.151620551944, 0.157596468925, 0.126235544682, 0.129930153489, 0.0921124517918, 0.103096932173]}, "hfc": {"dvar2": 243.842910767, "var": 451.035308838, "min": 1.02511527167e-16, "dmean": 5.27287006378, "mean": 16.8500556946, "max": 135.197814941, "dmean2": 8.08106708527, "median": 1.75090169907, "dvar": 104.505981445}, "spectral_kurtosis": {"dvar2": 2604.32080078, "var": 2706.55932617, "min": -1.30322039127, "dmean": 6.28925275803, "mean": 14.5748958588, "max": 640.481811523, "dmean2": 11.1075639725, "median": 2.49967479706, "dvar": 842.94342041}, "mfcc": {"mean": [-852.169189453, 59.8834571838, 6.02844285965, 26.2467136383, 7.72510385513, 6.16860389709, 9.591796875, 6.6842455864, 3.60953068733, 2.86997699738, 0.637050628662, -0.192291408777, -1.67354261875], "cov": [[70795.4375, 9864.45898438, -1939.73168945, 3996.12060547, -316.808288574, -125.954429626, 979.002075195, 362.051879883, -158.180282593, -123.16583252, -554.011535645, -478.356506348, -659.179504395], [9864.45898438, 2705.67333984, 316.281188965, 980.43963623, 252.871353149, 170.908081055, 300.615722656, 217.872573853, 103.358375549, 72.9260177612, 0.55386942625, -38.9743919373, -104.410423279], [-1939.73168945, 316.281188965, 863.746337891, 298.414794922, 332.024719238, 205.527145386, 99.3602142334, 122.150856018, 101.65687561, 71.9252548218, 66.4986343384, 35.2983016968, 30.0819530487], [3996.12060547, 980.43963623, 298.414794922, 771.506469727, 283.635559082, 191.041244507, 224.122207642, 143.35383606, 95.3212585449, 64.0651931763, 6.48079633713, 20.6818885803, -11.9833688736], [-316.808288574, 252.871353149, 332.024719238, 283.635559082, 288.241088867, 184.060256958, 138.156051636, 104.244850159, 91.3310317993, 65.1790084839, 50.8655433655, 43.4162445068, 30.9543209076], [-125.954429626, 170.908081055, 205.527145386, 191.041244507, 184.060256958, 193.981567383, 137.528579712, 98.7094345093, 68.9446334839, 52.3269462585, 48.4589233398, 36.8225097656, 27.6877212524], [979.002075195, 300.615722656, 99.3602142334, 224.122207642, 138.156051636, 137.528579712, 190.735641479, 114.095542908, 66.5478897095, 45.1098060608, 32.8305473328, 32.9847488403, 14.4170265198], [362.051879883, 217.872573853, 122.150856018, 143.35383606, 104.244850159, 98.7094345093, 114.095542908, 120.056663513, 75.0824432373, 50.2673683167, 37.1354675293, 26.5756092072, 16.4538040161], [-158.180282593, 103.358375549, 101.65687561, 95.3212585449, 91.3310317993, 68.9446334839, 66.5478897095, 75.0824432373, 91.2204818726, 65.4521026611, 39.1695556641, 26.1169433594, 16.9906616211], [-123.16583252, 72.9260177612, 71.9252548218, 64.0651931763, 65.1790084839, 52.3269462585, 45.1098060608, 50.2673683167, 65.4521026611, 74.9716873169, 47.7762985229, 25.5223674774, 14.7319059372], [-554.011535645, 0.55386942625, 66.4986343384, 6.48079633713, 50.8655433655, 48.4589233398, 32.8305473328, 37.1354675293, 39.1695556641, 47.7762985229, 65.194152832, 39.6108207703, 24.1611175537], [-478.356506348, -38.9743919373, 35.2983016968, 20.6818885803, 43.4162445068, 36.8225097656, 32.9847488403, 26.5756092072, 26.1169433594, 25.5223674774, 39.6108207703, 52.8675804138, 33.7091941833], [-659.179504395, -104.410423279, 30.0819530487, -11.9833688736, 30.9543209076, 27.6877212524, 14.4170265198, 16.4538040161, 16.9906616211, 14.7319059372, 24.1611175537, 33.7091941833, 47.9422073364]], "icov": [[5.96064091951e-05, -0.000160867581144, 0.000182206465979, -0.000237812651903, 0.000185682540177, 3.16581281368e-05, -9.58652744885e-05, -4.4934124162e-05, 0.00024272025621, -0.00015825322771, 0.000119417185488, 0.000182568343007, -2.44196198764e-05], [-0.000160867581144, 0.00131956930272, -0.000565366877709, -0.000511343823746, -0.000163389791851, 0.000495893938933, -8.09987031971e-05, -0.000827532145195, -0.00023168984626, 0.000614547927398, -0.00159667781554, 0.000491362938192, 0.00136882148217], [0.000182206465979, -0.000565366877709, 0.00297494372353, -0.000798487046268, -0.00241877022199, -0.000408144056564, 0.00194620259572, -0.00185374822468, 0.00108306924812, 0.000241981440922, -0.000933477014769, 0.00165405718144, -9.46845393628e-05], [-0.000237812651903, -0.000511343823746, -0.000798487046268, 0.00534981861711, -0.00347270048223, -0.000381232181098, -0.00115179084241, 0.000658382312395, -0.000227492084377, -0.0021217991598, 0.00520324334502, -0.00392314512283, 0.000906390661839], [0.000185682540177, -0.000163389791851, -0.00241877022199, -0.00347270048223, 0.0163502376527, -0.00770671432838, -0.00195595459081, 0.00388839864172, -0.00574422813952, 0.00124277244322, -0.000230240475503, -0.000770515587647, -0.00169365759939], [3.16581281368e-05, 0.000495893938933, -0.000408144056564, -0.000381232181098, -0.00770671432838, 0.0199259184301, -0.00792186148465, -0.00292728561908, 0.00289437151514, 9.14457414183e-05, -0.00613724812865, 0.00489213876426, -0.00286949682049], [-9.58652744885e-05, -8.09987031971e-05, 0.00194620259572, -0.00115179084241, -0.00195595459081, -0.00792186148465, 0.0206575579941, -0.0131692169234, 0.00259627914056, 0.000101406425529, 0.00297132367268, -0.00660754414275, 0.00333917303942], [-4.4934124162e-05, -0.000827532145195, -0.00185374822468, 0.000658382312395, 0.00388839864172, -0.00292728561908, -0.0131692169234, 0.034236356616, -0.0207984056324, 0.00673905061558, -0.00526411877945, 0.00343691348098, -0.00416559446603], [0.00024272025621, -0.00023168984626, 0.00108306924812, -0.000227492084377, -0.00574422813952, 0.00289437151514, 0.00259627914056, -0.0207984056324, 0.0510594621301, -0.0354426428676, 0.0114332241938, -0.00393978785723, 0.000294564350042], [-0.00015825322771, 0.000614547927398, 0.000241981440922, -0.0021217991598, 0.00124277244322, 9.14457414183e-05, 0.000101406425529, 0.00673905061558, -0.0354426428676, 0.056622017175, -0.0323042199016, 0.00950774922967, 3.85354578611e-05], [0.000119417185488, -0.00159667781554, -0.000933477014769, 0.00520324334502, -0.000230240475503, -0.00613724812865, 0.00297132367268, -0.00526411877945, 0.0114332241938, -0.0323042199016, 0.058001358062, -0.032338257879, 0.00403892202303], [0.000182568343007, 0.000491362938192, 0.00165405718144, -0.00392314512283, -0.000770515587647, 0.00489213876426, -0.00660754414275, 0.00343691348098, -0.00393978785723, 0.00950774922967, -0.032338257879, 0.0600354298949, -0.0273987557739], [-2.44196198764e-05, 0.00136882148217, -9.46845393628e-05, 0.000906390661839, -0.00169365759939, -0.00286949682049, 0.00333917303942, -0.00416559446603, 0.000294564350042, 3.85354578611e-05, 0.00403892202303, -0.0273987557739, 0.0440788976848]]}, "silence_rate_20dB": {"dvar2": 0, "var": 0, "min": 1, "dmean": 0, "mean": 1, "max": 1, "dmean2": 0, "median": 1, "dvar": 0}, "melbands_kurtosis": {"dvar2": 523.722290039, "var": 308.388977051, "min": -1.66668009758, "dmean": 6.7094669342, "mean": 9.35030651093, "max": 208.973602295, "dmean2": 11.0105161667, "median": 3.11929702759, "dvar": 201.334503174}, "barkbands_spread": {"dvar2": 118.162384033, "var": 213.16456604, "min": 0.00695581082255, "dmean": 5.75173187256, "mean": 27.2000465393, "max": 109.702629089, "dmean2": 9.2999753952, "median": 26.5897960663, "dvar": 48.5613327026}, "erbbands_skewness": {"dvar2": 1.33517682552, "var": 7.13906145096, "min": -3.39189124107, "dmean": 0.397802203894, "mean": 0.285026609898, "max": 18.2715320587, "dmean2": 0.652440786362, "median": -0.570108175278, "dvar": 0.462866812944}, "average_loudness": 0.420154839754, "spectral_centroid": {"dvar2": 234683.03125, "var": 20661126, "min": 53.2470016479, "dmean": 291.208953857, "mean": 5045.26611328, "max": 11949.4150391, "dmean2": 485.471740723, "median": 2318.90234375, "dvar": 90787.984375}, "dissonance": {"dvar2": 0.00127872568555, "var": 0.00137250451371, "min": 0.15367589891, "dmean": 0.012452300638, "mean": 0.477619677782, "max": 0.500000119209, "dmean2": 0.0214863810688, "median": 0.489926785231, "dvar": 0.000441457901616}, "erbbands_flatness_db": {"dvar2": 0.00137893669307, "var": 0.0101406918839, "min": 0.0270910989493, "dmean": 0.0165663957596, "mean": 0.146688997746, "max": 0.599739849567, "dmean2": 0.0264436285943, "median": 0.107461877167, "dvar": 0.000482071511215}, "spectral_strongpeak": {"dvar2": 1.07299423218, "var": 0.762622654438, "min": 0, "dmean": 0.253016382456, "mean": 0.422012150288, "max": 10.3445453644, "dmean2": 0.430672436953, "median": 0.160268515348, "dvar": 0.43029743433}, "spectral_rms": {"dvar2": 3.71992109649e-06, "var": 1.05822109617e-05, "min": 3.08271333807e-12, "dmean": 0.000744476681575, "mean": 0.0031889830716, "max": 0.0137030985206, "dmean2": 0.00113595637958, "median": 0.00278851739131, "dvar": 1.54805786678e-06}, "silence_rate_60dB": {"dvar2": 0.0166706312448, "var": 0.24964633584, "min": 0, "dmean": 0.00664554536343, "mean": 0.481069386005, "max": 1, "dmean2": 0.0132921170443, "median": 0, "dvar": 0.00660149846226}, "melbands": {"dvar2": [1.70446892298e-05, 6.34745301795e-05, 6.19128786639e-06, 2.05761489269e-06, 1.68506929299e-07, 1.31054136432e-07, 1.37219913654e-07, 8.47126500503e-07, 2.90474588382e-07, 2.38642400063e-07, 2.07113785677e-07, 8.28248403195e-08, 4.59725733037e-08, 7.21969968254e-08, 1.97185059392e-08, 1.26496111363e-08, 8.49391135205e-09, 4.04303523993e-09, 3.11556092036e-09, 2.79811285253e-09, 2.71290123699e-09, 1.31195576625e-09, 1.30341359927e-09, 1.19175636026e-09, 1.8321923978e-09, 6.99769575618e-10, 5.80857806298e-10, 2.2997975746e-10, 2.23043875036e-10, 1.19506002316e-10, 6.78485739813e-11, 4.7230132999e-11, 3.55539729602e-11, 1.99176404536e-11, 1.14958251252e-11, 5.88873047547e-12, 6.21250013239e-12, 1.55568891103e-11, 1.08189091366e-11, 6.191846081e-12], "var": [1.14303393275e-05, 2.04607949854e-05, 3.24628240378e-06, 1.00491934063e-06, 1.46339360185e-07, 7.76758497523e-08, 5.14589082456e-08, 2.66980009656e-07, 2.3223850576e-07, 1.97425720216e-07, 2.02428793727e-07, 6.84373588911e-08, 5.4052751608e-08, 5.78683376773e-08, 1.98211935754e-08, 1.26965575831e-08, 4.7746624432e-09, 2.44557973872e-09, 2.022244594e-09, 1.52021495392e-09, 1.57203228213e-09, 7.96581522966e-10, 6.84934275963e-10, 7.23887838561e-10, 1.42307521322e-09, 6.08020689352e-10, 4.30635832549e-10, 1.94717270086e-10, 1.78974834952e-10, 8.69282909544e-11, 4.49263300173e-11, 3.71244285313e-11, 3.52078470545e-11, 1.96247913753e-11, 1.01084808926e-11, 6.24838765798e-12, 6.20517612987e-12, 9.76721568208e-12, 6.91395725394e-12, 4.78105532595e-12], "min": [2.15545888552e-25, 1.78068105347e-25, 1.2732639023e-25, 3.18406398756e-25, 8.26859201038e-25, 3.46801866122e-25, 6.75590241385e-25, 1.0250906281e-24, 1.12066260588e-24, 7.00598907018e-25, 9.58001064948e-25, 1.27171842518e-24, 1.57178543492e-24, 1.14929352358e-24, 6.93614874905e-25, 7.86233160242e-25, 1.42959187624e-24, 1.48693318937e-24, 1.49049726294e-24, 2.17116096463e-24, 2.12887585074e-24, 2.14735866453e-24, 2.43378833998e-24, 2.8994046146e-24, 2.13023308593e-24, 2.78966282141e-24, 2.98449154627e-24, 3.48275266008e-24, 2.86057451426e-24, 3.66670989558e-24, 3.71559284487e-24, 3.50200599377e-24, 3.69065419064e-24, 3.80782567305e-24, 3.7673855076e-24, 3.98502947034e-24, 4.08559464183e-24, 4.14070328137e-24, 5.04507787781e-24, 4.97038892173e-24], "dmean": [0.00120215991046, 0.00183796393685, 0.000738960516173, 0.000340630795108, 0.00010621338879, 5.72442331759e-05, 6.67923377478e-05, 0.000142948498251, 9.17406287044e-05, 8.5333835159e-05, 6.68288485031e-05, 4.32540691691e-05, 3.2183881558e-05, 3.93044902012e-05, 2.42391797656e-05, 2.12597515201e-05, 1.81899158633e-05, 1.48196168084e-05, 1.17601757665e-05, 1.12632642413e-05, 1.20263248391e-05, 1.02406083897e-05, 9.94972924673e-06, 9.17993475014e-06, 1.23576692204e-05, 8.14728809928e-06, 7.16710837878e-06, 4.57825535705e-06, 4.31601119999e-06, 3.15024863085e-06, 2.25737971959e-06, 1.64660980317e-06, 1.35463551487e-06, 1.15300372272e-06, 7.56936856305e-07, 6.07151491749e-07, 5.60968715035e-07, 5.89786168348e-07, 5.07305912834e-07, 4.73433914294e-07], "mean": [0.00146500661504, 0.00213747099042, 0.0011904273415, 0.000440155039541, 0.000188618258107, 8.60888394527e-05, 7.62324489187e-05, 0.000143060708069, 0.000131627166411, 0.00013435643632, 0.000106294100988, 6.70445806463e-05, 4.91278005939e-05, 5.90810304857e-05, 3.68262953998e-05, 3.24178727169e-05, 2.50449193118e-05, 2.01075090445e-05, 1.59854880621e-05, 1.74843553395e-05, 1.97779609152e-05, 1.82148542081e-05, 1.65936035046e-05, 1.53689888975e-05, 2.45493283728e-05, 1.83493521035e-05, 1.50064115587e-05, 9.92910918285e-06, 9.37666118261e-06, 6.30424074188e-06, 4.22556649937e-06, 3.03288106807e-06, 2.54865040006e-06, 2.1005025701e-06, 1.50066171045e-06, 1.22759502119e-06, 1.09240750135e-06, 1.03263823803e-06, 9.22643891954e-07, 8.44830083224e-07], "max": [0.0253687147051, 0.0519672222435, 0.0221020430326, 0.0118460236117, 0.00777049083263, 0.01498494