{"tonal": {"thpcp": [1, 0.609386861324, 0.445664852858, 0.581514060497, 0.424985378981, 0.541814267635, 0.747768819332, 0.515460550785, 0.542580008507, 0.716902434826, 0.504153311253, 0.527642071247, 0.665811181068, 0.545906245708, 0.718324124813, 0.846841275692, 0.513846576214, 0.373564898968, 0.428924798965, 0.353249251842, 0.492437183857, 0.618437469006, 0.457162946463, 0.529461860657, 0.687690615654, 0.509449720383, 0.586642980576, 0.759823024273, 0.512901723385, 0.547997236252, 0.782279193401, 0.571031332016, 0.503840744495, 0.647827506065, 0.526203870773, 0.74490737915], "hpcp": {"dmean2": [0.203146919608, 0.168320119381, 0.166233643889, 0.192074522376, 0.176567047834, 0.16787391901, 0.178679838777, 0.172812759876, 0.193815886974, 0.214042752981, 0.173937723041, 0.14009539783, 0.152287214994, 0.139372140169, 0.158793598413, 0.184605404735, 0.161936923862, 0.154072374105, 0.159669220448, 0.148127630353, 0.156069427729, 0.171145692468, 0.17385931313, 0.205010145903, 0.21335054934, 0.166238084435, 0.122937716544, 0.126995041966, 0.127737522125, 0.154088497162, 0.169832676649, 0.152336895466, 0.154288336635, 0.174456298351, 0.169371187687, 0.18123793602], "median": [0.026400545612, 0.0212093796581, 0.0175880640745, 0.0178196970373, 0.0179279018193, 0.0188353862613, 0.0167958084494, 0.0226483363658, 0.040823828429, 0.0432914309204, 0.028178460896, 0.0144958607852, 0.0118308681995, 0.0159909967333, 0.0215683784336, 0.0268956758082, 0.0230301246047, 0.0195611603558, 0.0185249466449, 0.0189968682826, 0.0188926290721, 0.0198457483202, 0.0231697112322, 0.0287092998624, 0.0326088964939, 0.0238792337477, 0.0130212763324, 0.0109349722043, 0.0122482925653, 0.0198676027358, 0.0238975137472, 0.021606978029, 0.0186001323164, 0.0167937036604, 0.0192941445857, 0.0282555688173], "min": [0, 0, 0, 0, 0, 0, 0, 0, 0, 0, 0, 0, 0, 0, 0, 0, 0, 0, 0, 0, 0, 0, 0, 0, 0, 0, 0, 0, 0, 0, 0, 0, 0, 0, 0, 0], "dvar2": [0.107679262757, 0.0890184938908, 0.0824008285999, 0.102911673486, 0.0905464068055, 0.0842024609447, 0.0915815457702, 0.0822678357363, 0.0845018699765, 0.103257827461, 0.0782855153084, 0.0685296654701, 0.0819365903735, 0.0618181601167, 0.0688611343503, 0.0908868685365, 0.0736042559147, 0.0670860186219, 0.0774737596512, 0.0656995847821, 0.0742975994945, 0.0858777984977, 0.0790617913008, 0.0951563343406, 0.0990307331085, 0.0687673985958, 0.0548370368779, 0.0647746697068, 0.0594828464091, 0.0752065554261, 0.0811650753021, 0.0695589184761, 0.0693380683661, 0.093375146389, 0.082217566669, 0.0858088731766], "dvar": [0.0440831780434, 0.0321570374072, 0.0305620525032, 0.0432449690998, 0.0344440191984, 0.0314618721604, 0.0382858589292, 0.0303566269577, 0.0321812443435, 0.0441461019218, 0.0290285814553, 0.0256451386958, 0.0341502204537, 0.0232387557626, 0.0269857849926, 0.0392256602645, 0.0271514672786, 0.0262981504202, 0.0347147211432, 0.0252639111131, 0.0290936380625, 0.0371915847063, 0.0294457115233, 0.0375512875617, 0.0445750765502, 0.0268403701484, 0.0209683701396, 0.0267569515854, 0.0223396215588, 0.0291705932468, 0.0336833558977, 0.0258541833609, 0.0268366131932, 0.0379638113081, 0.0309330672026, 0.0325257219374], "dmean": [0.117219552398, 0.096604026854, 0.0951366573572, 0.111357852817, 0.102473080158, 0.0964100584388, 0.103576205671, 0.0987941026688, 0.112041629851, 0.125853046775, 0.101127132773, 0.0820238366723, 0.0889024883509, 0.0802124515176, 0.0930836647749, 0.109672836959, 0.0942990556359, 0.0895311161876, 0.0944421365857, 0.0864317566156, 0.0910098925233, 0.100120700896, 0.100429661572, 0.11919207871, 0.125573009253, 0.0959170535207, 0.0709580108523, 0.0739429891109, 0.07327144593, 0.0891930311918, 0.0998856201768, 0.0881423056126, 0.0897164270282, 0.101207233965, 0.0971771776676, 0.104959458113], "max": [1, 1, 1, 1, 1, 1, 1, 1, 1, 1, 1, 1, 1, 1, 1, 1, 1, 1, 1, 1, 1, 1, 1, 1, 1, 1, 1, 1, 1, 1, 1, 1, 1, 1, 1, 1], "var": [0.0801649391651, 0.0386150479317, 0.0450791716576, 0.0895914956927, 0.0484058223665, 0.0404479168355, 0.0698503553867, 0.0393117330968, 0.0550806857646, 0.104787074029, 0.0428222194314, 0.0360632650554, 0.0653544589877, 0.029823962599, 0.0416500791907, 0.0772959142923, 0.0375385768712, 0.0449801683426, 0.0822338238358, 0.0372226536274, 0.044794626534, 0.0721978843212, 0.0403113253415, 0.0623570084572, 0.0868906527758, 0.0358668230474, 0.0293438732624, 0.0441120713949, 0.0261237230152, 0.0412541292608, 0.0594753809273, 0.0319310165942, 0.0438803583384, 0.0755233988166, 0.0404770299792, 0.0446319170296], "mean": [0.160263895988, 0.10818259418, 0.115585029125, 0.165000408888, 0.120443448424, 0.10627143085, 0.13664150238, 0.11098831892, 0.157117843628, 0.210922658443, 0.128533497453, 0.0940008163452, 0.122654490173, 0.0896390452981, 0.114280901849, 0.15772138536, 0.108722314239, 0.114442415535, 0.151210963726, 0.106337353587, 0.111291669309, 0.140434667468, 0.115143992007, 0.151510834694, 0.178618013859, 0.10838188231, 0.0787933021784, 0.090469956398, 0.0745082721114, 0.103866159916, 0.130442470312, 0.096426025033, 0.11167550087, 0.145049527287, 0.107454493642, 0.123736292124]}, "tuning_equal_tempered_deviation": 0, "chords_changes_rate": 0.0895076319575, "key_key": "F", "tuning_diatonic_strength": 0.270697921515, "key_scale": "major", "chords_number_rate": 0.00361805874854, "tuning_frequency": 443.316436768, "tuning_nontempered_energy_ratio": 0.68372297287, "chords_histogram": [6.70127439499, 8.11703586578, 6.68554353714, 2.76860165596, 4.78212976456, 3.33490633965, 2.15510463715, 2.42252635956, 4.64055395126, 2.06072044373, 4.5776309967, 5.11247444153, 0.817995905876, 2.06072044373, 1.73037600517, 1.98206698895, 2.32814216614, 7.17319488525, 4.82932186127, 5.69450998306, 3.75963497162, 2.92590856552, 9.73729705811, 3.60232806206], "key_strength": 0.547675907612, "chords_key": "A#", "chords_strength": {"dmean2": 0.0109992362559, "median": 0.464941710234, "min": 0.139104500413, "dvar2": 9.9978155049e-05, "dvar": 9.00355662452e-05, "dmean": 0.0115814507008, "max": 0.793261110783, "var": 0.0126105863601, "mean": 0.461550533772}, "chords_scale": "major", "hpcp_entropy": {"dmean2": 1.01907014847, "median": 1.73426485062, "min": 0.033589463681, "dvar2": 0.653415977955, "dvar": 0.246843114495, "dmean": 0.599338889122, "max": 3.77414989471, "var": 0.470748871565, "mean": 1.71614277363}}, "metadata": {"audio_properties": {"equal_loudness": 0, "codec": "flac", "downmix": "mix", "sample_rate": 44100, "analysis_sample_rate": 44100, "bit_rate": 0, "md5_encoded": "98dfe0cd5d05b13e39c4e3962bd4ce31", "length": 295.172058105, "replay_gain": -3.18862724304, "lossless": true}, "version": {"essentia_build_sha": "2d9f1f26377add8aeb1075a9c2973f962c4f09fd", "essentia": "2.1-beta2", "extractor": "music 1.0", "essentia_git_sha": "v2.1_beta2-1-ge3940c0"}, "tags": {"title": ["Piano Concerto no. 4 (for the left hand) in B-flat major, op. 53: I. Vivace"], "barcode": ["0761195124420"], "media": ["CD"], "albumartist": ["Prokofiev; Olli Mustonen, Finnish Radio Symphony Orchestra, Hannu Lintu"], "tracktotal": ["10"], "albumartistsort": ["Prokofiev, Sergei Sergeyevich; Mustonen, Olli, Radion sinfoniaorkesteri, Lintu, Hannu"], "performer": ["Finnish Radio Symphony Orchestra (orchestra)", "Olli Mustonen (piano)"], "releasetype": ["album"], "musicbrainz_recordingid": ["19d36713-ecdc-486f-8f74-1dfbef19fb05"], "composer": ["\u0421\u0435\u0440\u0433\u0435\u0439 \u0421\u0435\u0440\u0433\u0435\u0435\u0432\u0438\u0447 \u041f\u0440\u043e\u043a\u043e\u0444\u044c\u0435\u0432"], "musicbrainz_releasegroupid": ["dec9bec8-50a9-4085-9406-b9c5fd91e0b7"], "mixer": ["Enno M\u00e4emets"], "originalyear": ["2016"], "producer": ["Reijo Kiilunen", "Laura Heikinheimo"], "discnumber": ["1"], "composersort": ["Prokofiev, Sergei Sergeyevich"], "catalognumber": ["ODE 1244-2"], "releasecountry": ["FI"], "file_name": "07 Piano Concerto no. 4 (for the left hand) in B-flat major, op. 53_ I. Vivace.flac", "musicbrainz_albumartistid": ["0e43fe9d-c472-4b62-be9e-55f971a023e1", "e16659dd-c33b-4201-9c1e-959dc58cdbe7", "180c07bf-5a33-4d54-b9bb-be7f83b26309", "4c1f3d69-e159-4589-a2c6-85934cf3932d"], "work": ["Piano Concerto no. 4 in B-flat major, op. 53: I. Vivace"], "date": ["2016-09"], "genre": ["Concerto, Classical"], "musicbrainz_albumid": ["404d68f2-a3a1-4963-a522-66a4966160de"], "disctotal": ["1"], "releasestatus": ["official"], "musicbrainz_artistid": ["0e43fe9d-c472-4b62-be9e-55f971a023e1"], "originaldate": ["2016-09"], "musicbrainz_workid": ["43d1092b-a5fb-4628-83d9-11295e28ef78"], "musicbrainz_releasetrackid": ["82678f1a-cd13-43f8-80f7-dc644f035cf7"], "artist": ["Sergei Prokofiev"], "tracknumber": ["7"], "artistsort": ["Prokofiev, Sergei Sergeyevich"], "album": ["Piano Concertos nos. 1, 3 & 4"], "label": ["Ondine"], "totaltracks": ["10"], "totaldiscs": ["1"], "script": ["Latn"], "conductor": ["Hannu Lintu"]}}, "rhythm": {"bpm_histogram_first_peak_bpm": {"dmean2": 0, "median": 123, "min": 123, "dvar2": 0, "dvar": 0, "dmean": 0, "max": 123, "var": 0, "mean": 123}, "bpm": 123.263938904, "bpm_histogram_second_peak_spread": {"dmean2": 0, "median": 0.196078434587, "min": 0.196078434587, "dvar2": 0, "dvar": 0, "dmean": 0, "max": 0.196078434587, "var": 0, "mean": 0.196078434587}, "bpm_histogram_first_peak_weight": {"dmean2": 0, "median": 0.366336643696, "min": 0.366336643696, "dvar2": 0, "dvar": 0, "dmean": 0, "max": 0.366336643696, "var": 0, "mean": 0.366336643696}, "onset_rate": 3.46902656555, "beats_position": [0.522448956966, 1.04489791393, 1.5673469305, 2.08979582787, 2.61224484444, 3.12308382988, 3.64553284645, 4.1679816246, 4.69043064117, 5.22448968887, 5.74693870544, 6.26938772202, 6.78022670746, 7.2910656929, 7.80190467834, 8.3011341095, 8.80036258698, 9.29959201813, 9.81043052673, 10.321269989, 10.8321084976, 11.3313379288, 11.8421764374, 12.3414058685, 12.8522443771, 13.3630838394, 13.873922348, 14.3847618103, 14.8956003189, 15.3948297501, 15.8940582275, 16.4165077209, 16.9273471832, 17.4381847382, 17.9374141693, 18.4482536316, 18.9590930939, 19.458322525, 19.9575500488, 20.45677948, 20.94439888, 21.43201828, 21.9196376801, 22.4072551727, 22.9064846039, 23.3941040039, 23.8933334351, 24.3809528351, 24.8801803589, 25.3677997589, 25.8670291901, 26.3662586212, 26.865486145, 27.3647155762, 27.8755550385, 28.3631744385, 28.8507938385, 29.3268013, 29.8144207001, 30.3020401001, 30.778049469, 31.2540588379, 31.7416782379, 32.2292976379, 32.7169151306, 33.1929244995, 33.6689338684, 34.1565513611, 34.6441726685, 35.1201820374, 35.5961914063, 36.1070289612, 36.6178665161, 37.1287078857, 37.6395454407, 38.1503829956, 38.6612243652, 39.1604537964, 39.6712913513, 40.1705207825, 40.6581382751, 41.1457595825, 41.6333770752, 42.1209983826, 42.5970077515, 43.0730133057, 43.5490226746, 44.0250320435, 44.5126533508, 44.9886627197, 45.4646720886, 45.9406776428, 46.4166870117, 46.9043083191, 47.3919258118, 47.8795471191, 48.3787727356, 48.866394043, 49.3656234741, 49.8532409668, 50.3408622742, 50.8284797668, 51.3160972595, 51.8153266907, 52.3145561218, 52.813785553, 53.3130149841, 53.8122444153, 54.3114738464, 54.8107032776, 55.2983207703, 55.7859382629, 56.2735595703, 56.7495689392, 57.2255783081, 57.701587677, 58.1775970459, 58.6536026001, 59.129611969, 59.6056213379, 60.070022583, 60.5460319519, 61.0220413208, 61.5096588135, 61.9972763062, 62.4848976135, 62.9725151062, 63.4601364136, 63.9477539063, 64.4353713989, 64.9229888916, 65.3990020752, 65.8750076294, 66.351020813, 66.8270263672, 67.3030395508, 67.779045105, 68.2666625977, 68.7775039673, 69.2883453369, 69.7875747681, 70.2868041992, 70.7976379395, 71.2968673706, 71.7844848633, 72.2721099854, 72.759727478, 73.2589569092, 73.7465744019, 74.245803833, 74.7450332642, 75.2326507568, 75.7202682495, 76.2194976807, 76.7187271118, 77.2063446045, 77.7055740356, 78.1931991577, 78.6808166504, 79.1800460815, 79.6676635742, 80.1785049438, 80.677734375, 81.1769561768, 81.6761856079, 82.1754150391, 82.6746444702, 83.1854858398, 83.684715271, 84.1839447021, 84.6831741333, 85.170791626, 85.6584091187, 86.1460266113, 86.6452560425, 87.1444854736, 87.6321105957, 88.1197280884, 88.6073455811, 89.0949630737, 89.5825805664, 90.0702056885, 90.5578231812, 91.0454406738, 91.5330581665, 92.0206756592, 92.5199050903, 93.0191345215, 93.5183639526, 94.0175933838, 94.5168228149, 95.0044403076, 95.5036697388, 96.0028991699, 96.5021286011, 97.0013580322, 97.5005874634, 97.9998168945, 98.4874343872, 98.9750518799, 99.4510650635, 99.9502944946, 100.449523926, 100.937141418, 101.424758911, 101.912376404, 102.400001526, 102.887619019, 103.363624573, 103.851242065, 104.327255249, 104.803260803, 105.290885925, 105.766891479, 106.254508972, 106.742126465, 107.229751587, 107.71736908, 108.204986572, 108.692604065, 109.180221558, 109.66784668, 110.155464172, 110.643081665, 111.130699158, 111.61831665, 112.105941772, 112.581947327, 113.05796051, 113.533966064, 114.009971619, 114.485984802, 114.973602295, 115.449615479, 115.937232971, 116.424850464, 116.912467957, 117.400085449, 117.887710571, 118.375328064, 118.862945557, 119.338951111, 119.814964294, 120.290969849, 120.766983032, 121.242988586, 121.71900177, 122.206619263, 122.682624817, 123.158638, 123.657867432, 124.157096863, 124.656326294, 125.155555725, 125.654785156, 126.165618896, 126.676460266, 127.175689697, 127.674919128, 128.17414856, 128.6849823, 129.18421936, 129.695053101, 130.194290161, 130.705123901, 131.204345703, 131.703582764, 132.202804565, 132.702041626, 133.201263428, 133.700500488, 134.188110352, 134.675735474, 135.163360596, 135.650970459, 136.126983643, 136.602996826, 137.078994751, 137.555007935, 138.031021118, 138.507034302, 138.971420288, 139.447433472, 139.935058594, 140.422668457, 140.898681641, 141.374694824, 141.862304688, 142.338317871, 142.814331055, 143.290344238, 143.766342163, 144.242355347, 144.71836853, 145.194366455, 145.681991577, 146.169616699, 146.657226563, 147.133239746, 147.60925293, 148.073654175, 148.5496521, 149.025665283, 149.501678467, 149.97769165, 150.453689575, 150.91809082, 151.394104004, 151.870117188, 152.346115112, 152.822128296, 153.309753418, 153.797363281, 154.284988403, 154.784210205, 155.283447266, 155.782669067, 156.270294189, 156.746307373, 157.222305298, 157.70993042, 158.185943604, 158.661941528, 159.137954712, 159.613967896, 160.101577759, 160.589202881, 161.076828003, 161.564437866, 162.052062988, 162.528076172, 163.004074097, 163.48008728, 163.956100464, 164.432098389, 164.919723511, 165.395736694, 165.871749878, 166.347747803, 166.823760986, 167.29977417, 167.775772095, 168.251785278, 168.727798462, 169.203811646, 169.67980957, 170.155822754, 170.631835938, 171.107849121, 171.583847046, 172.059860229, 172.524261475, 173.000274658, 173.476272583, 173.940673828, 174.416687012, 174.892700195, 175.36869812, 175.844711304, 176.320724487, 176.796737671, 177.272735596, 177.748748779, 178.224761963, 178.700775146, 179.176773071, 179.652786255, 180.128799438, 180.604797363, 181.080810547, 181.55682373, 182.032836914, 182.520446777, 182.996459961, 183.484085083, 183.971694946, 184.44770813, 184.935317993, 185.422943115, 185.898956299, 186.374969482, 186.850967407, 187.338592529, 187.814605713, 188.302215576, 188.77822876, 189.242630005, 189.70703125, 190.183029175, 190.64743042, 191.123443604, 191.599456787, 192.075454712, 192.551467896, 193.039093018, 193.515090942, 193.991104126, 194.46711731, 194.943130493, 195.419128418, 195.883529663, 196.371154785, 196.870376587, 197.358001709, 197.857223511, 198.356460571, 198.855682373, 199.343307495, 199.830932617, 200.31854248, 200.794555664, 201.270568848, 201.746566772, 202.222579956, 202.69859314, 203.174606323, 203.650604248, 204.126617432, 204.602630615, 205.06703186, 205.543029785, 206.00743103, 206.471832275, 206.936233521, 207.400634766, 207.865036011, 208.352645874, 208.840270996, 209.327880859, 209.815505981, 210.303131104, 210.790740967, 211.278366089, 211.765975952, 212.253601074, 212.752838135, 213.252059937, 213.739685059, 214.215682983, 214.691696167, 215.167709351, 215.643707275, 216.131332397, 216.61895752, 217.106567383, 217.594192505, 218.070205688, 218.557815552, 219.045440674, 219.533050537, 220.009063721, 220.496688843, 220.972686768, 221.46031189, 221.947937012, 222.435546875, 222.934783936, 223.434005737, 223.921630859, 224.409240723, 224.896865845, 225.396102905, 225.883712769, 226.371337891, 226.858947754, 227.346572876, 227.834197998, 228.310195923, 228.786209106, 229.273834229, 229.761444092, 230.249069214, 230.736679077, 231.224304199, 231.711929321, 232.199539185, 232.687164307, 233.17477417, 233.662399292, 234.150024414, 234.637634277, 235.136871338, 235.63609314, 236.14692688, 236.657775879, 237.168609619, 237.679458618, 238.190292358, 238.68951416, 239.200363159, 239.699584961, 240.198822021, 240.686431885, 241.162445068, 241.65007019, 242.137680054, 242.636917114, 243.124526978, 243.6121521, 244.088165283, 244.575775146, 245.063400269, 245.551010132, 246.038635254, 246.526260376, 247.013870239, 247.501495361, 248.000717163, 248.499954224, 248.987564087, 249.475189209, 249.962814331, 250.462036133, 250.949661255, 251.437271118, 251.936508179, 252.43572998, 252.911743164, 253.399353027, 253.886978149, 254.374603271, 254.862213135, 255.349838257, 255.83744812, 256.325073242, 256.812683105, 257.300323486, 257.78793335, 258.275543213, 258.763183594, 259.250793457, 259.750030518, 260.249237061, 260.736877441, 261.236083984, 261.735321045, 262.234558105, 262.733795166, 263.233001709, 263.73223877, 264.23147583, 264.730712891, 265.229919434, 265.729156494, 266.228393555, 266.727600098, 267.226837158, 267.726074219, 268.213684082, 268.712921143, 269.212158203, 269.699768066, 270.199005127, 270.69821167, 271.185852051, 271.685089111, 272.172698975, 272.671936035, 273.159545898, 273.647155762, 274.134765625, 274.634002686, 275.133239746, 275.632476807, 276.13168335, 276.61932373, 277.106933594, 277.594543457, 278.082183838, 278.569793701, 279.057403564, 279.556640625, 280.032653809, 280.520263672, 281.007873535, 281.495513916, 281.983123779, 282.48236084, 282.969970703, 283.457580566, 283.945220947, 284.44442749, 284.908843994, 285.326782227, 285.756378174, 286.185943604, 286.627105713, 286.963806152, 287.300506592, 287.648803711, 287.985473633, 288.322174072, 288.658874512, 288.995544434, 289.320617676, 289.78503418, 290.226196289, 290.667388916, 291.120178223, 291.549743652, 291.990936279, 292.432098389, 292.861663818, 293.291229248, 293.720825195, 294.150390625, 294.579956055], "beats_loudness": {"dmean2": 0.0315539799631, "median": 0.0142743047327, "min": 1.42973263451e-07, "dvar2": 0.0016743754968, "dvar": 0.000628040696029, "dmean": 0.0179054513574, "max": 0.264890581369, "var": 0.000952808302827, "mean": 0.0259237848222}, "danceability": 0.988456249237, "bpm_histogram_second_peak_weight": {"dmean2": 0, "median": 0.067656762898, "min": 0.067656762898, "dvar2": 0, "dvar": 0, "dmean": 0, "max": 0.067656762898, "var": 0, "mean": 0.067656762898}, "beats_count": 607, "bpm_histogram_second_peak_bpm": {"dmean2": 0, "median": 117, "min": 117, "dvar2": 0, "dvar": 0, "dmean": 0, "max": 117, "var": 0, "mean": 117}, "bpm_histogram_first_peak_spread": {"dmean2": 0, "median": 0.567251443863, "min": 0.567251443863, "dvar2": 0, "dvar": 0, "dmean": 0, "max": 0.567251443863, "var": 0, "mean": 0.567251443863}, "beats_loudness_band_ratio": {"dmean2": [0.325643718243, 0.248408615589, 0.349997997284, 0.228708744049, 0.0935215875506, 0.0216457750648], "median": [0.256108850241, 0.142219886184, 0.243943944573, 0.0857019647956, 0.0230539888144, 0.00216989149339], "min": [0.0011170967482, 0.00123254582286, 0.000724856276065, 9.21509126783e-05, 0.000134387053549, 9.74035174295e-06], "dvar2": [0.0830304175615, 0.0624881200492, 0.0948582589626, 0.0646726414561, 0.0262877736241, 0.00770415225998], "dvar": [0.0323211476207, 0.0240419469774, 0.037870272994, 0.0240118596703, 0.00924166943878, 0.00259863049723], "dmean": [0.194266587496, 0.147295534611, 0.204154953361, 0.132754758, 0.0530003383756, 0.0119381844997], "max": [0.995571911335, 0.896782696247, 0.975396156311, 0.884347259998, 0.879369080067, 0.78316372633], "var": [0.066354110837, 0.0345822460949, 0.0599310547113, 0.0270623546094, 0.00943249277771, 0.00161025673151], "mean": [0.317940443754, 0.194047749043, 0.311764925718, 0.150709286332, 0.0587794147432, 0.0111081171781]}}, "lowlevel": {"barkbands_spread": {"dmean2": 4.24291658401, "median": 8.96940898895, "min": 0.22536174953, "dvar2": 21.6754169464, "dvar": 9.02394008636, "dmean": 2.75028324127, "max": 59.4896392822, "var": 55.9028205872, "mean": 10.7738437653}, "melbands_spread": {"dmean2": 6.07344579697, "median": 11.6349420547, "min": 0.154013127089, "dvar2": 53.6680145264, "dvar": 23.0210552216, "dmean": 3.97984623909, "max": 121.129417419, "var": 130.821929932, "mean": 14.6932029724}, "hfc": {"dmean2": 4.17799711227, "median": 3.52240395546, "min": 2.71331864496e-05, "dvar2": 96.5816650391, "dvar": 47.4437484741, "dmean": 3.02994990349, "max": 366.908233643, "var": 235.202423096, "mean": 9.23927497864}, "barkbands_kurtosis": {"dmean2": 10.5238933563, "median": 1.70284330845, "min": -1.91236281395, "dvar2": 5572.13623047, "dvar": 1937.58837891, "dmean": 6.17771148682, "max": 1458.87036133, "var": 1958.91845703, "mean": 7.35646343231}, "gfcc": {"mean": [-149.228668213, 176.089492798, -135.720718384, -0.0237795133144, -36.2087440491, -12.6304578781, -18.8364219666, -1.01679575443, -11.1705350876, -3.72301292419, -8.71236801147, -8.51810073853, -6.66397047043], "icov": [[0.000199716319912, -0.000403305573855, 0.000460444716737, -0.00061449687928, 0.000468255166197, -0.000436959817307, 0.000416230759583, -0.000437105336459, 0.000444935460109, -0.000303789332975, 0.000288802140858, -9.81532502919e-06, 0.000168859987753], [-0.000403305573855, 0.00262008211575, -0.00118238199502, 0.00210522301495, -0.00251357234083, 0.00234739389271, -0.00176380469929, 0.00244769174606, -0.00218629301526, 0.00295678689145, -0.00284458533861, 0.00199006218463, -0.00143816194031], [0.000460444716737, -0.00118238199502, 0.00248596956953, -0.00138053693809, 0.000207899254747, -0.00147489923984, 0.00127504137345, -0.0014984626323, 0.00106524757575, -0.00111219461542, 0.00144003692549, -0.000911426614039, 0.000884745037183], [-0.00061449687928, 0.00210522301495, -0.00138053693809, 0.00404808111489, -0.002387361601, 0.00123804702889, -0.00200858013704, 0.00246560759842, -0.00201671477407, 0.00187997403555, -0.000870320072863, -0.000222683331231, -0.000351058435626], [0.000468255166197, -0.00251357234083, 0.000207899254747, -0.002387361601, 0.0076644346118, -0.00379408011213, 0.000863194116391, -0.000881733081769, 0.00191801751498, -0.00282595888712, 0.00114484678488, -0.000363747269148, 0.000318558333674], [-0.000436959817307, 0.00234739389271, -0.00147489923984, 0.00123804702889, -0.00379408011213, 0.00908058602363, -0.00372913340107, 0.000683925289195, 3.65691375919e-05, 0.0011374958558, -0.000263185007498, 0.000222796472372, -0.000680033699609], [0.000416230759583, -0.00176380469929, 0.00127504137345, -0.00200858013704, 0.000863194116391, -0.00372913340107, 0.00954885128886, -0.00483699841425, -0.00145172863267, 0.0017463110853, -0.00121727527585, 0.000910224916879, -0.000699562660884], [-0.000437105336459, 0.00244769174606, -0.0014984626323, 0.00246560759842, -0.000881733081769, 0.000683925289195, -0.00483699841425, 0.0126940142363, -0.00481726368889, 0.000398827920435, 0.00129402626771, -0.00158454768825, 0.000813724705949], [0.000444935460109, -0.00218629301526, 0.00106524757575, -0.00201671477407, 0.00191801751498, 3.65691375919e-05, -0.00145172863267, -0.00481726368889, 0.0139980092645, -0.00731454370543, 0.000647615815978, 0.00291089364327, -0.00137919804547], [-0.000303789332975, 0.00295678689145, -0.00111219461542, 0.00187997403555, -0.00282595888712, 0.0011374958558, 0.0017463110853, 0.000398827920435, -0.00731454370543, 0.0182360392064, -0.00895133428276, 0.00190714723431, 0.000871451629791], [0.000288802140858, -0.00284458533861, 0.00144003692549, -0.000870320072863, 0.00114484678488, -0.000263185007498, -0.00121727527585, 0.00129402626771, 0.000647615815978, -0.00895133428276, 0.0208837334067, -0.0122776674107, 0.0052997530438], [-9.81532502919e-06, 0.00199006218463, -0.000911426614039, -0.000222683331231, -0.000363747269148, 0.000222796472372, 0.000910224916879, -0.00158454768825, 0.00291089364327, 0.00190714723431, -0.0122776674107, 0.0194542203099, -0.00974390748888], [0.000168859987753, -0.00143816194031, 0.000884745037183, -0.000351058435626, 0.000318558333674, -0.000680033699609, -0.000699562660884, 0.000813724705949, -0.00137919804547, 0.000871451629791, 0.0052997530438, -0.00974390748888, 0.0143404044211]], "cov": [[15177.8896484, -353.74105835, -2026.05285645, 1364.99926758, -519.200805664, 40.5347671509, -170.416381836, -92.226852417, -225.422866821, -169.997711182, -164.416885376, -146.321884155, -95.4147033691], [-353.74105835, 2003.4095459, 171.144088745, -499.661865234, 269.683776855, -240.453964233, 112.501014709, -188.556396484, 118.596229553, -110.840660095, 106.398612976, -114.120849609, 82.3637084961], [-2026.05285645, 171.144088745, 922.666992188, 6.96166467667, 214.161422729, 104.672767639, 32.6938552856, 33.5119056702, 11.7624340057, 18.7017803192, -0.0887307152152, 26.0979423523, 1.92619144917], [1364.99926758, -499.661865234, 6.96166467667, 691.580810547, 43.9932441711, 132.457336426, 37.9399261475, 18.6266098022, -27.7297859192, -4.71352291107, -35.4291229248, 37.7139625549, -7.24576997757], [-519.200805664, 269.683776855, 214.161422729, 43.9932441711, 283.817962646, 77.721786499, 55.0723381042, -14.7622289658, 12.5323066711, 3.11725330353, 17.6108703613, 0.744570314884, 16.9421081543], [40.5347671509, -240.453964233, 104.672767639, 132.457336426, 77.721786499, 228.806167603, 69.3460235596, 52.8209762573, -14.74310112, 3.08618855476, -23.0098190308, 19.1008663177, 1.57893562317], [-170.416381836, 112.501014709, 32.6938552856, 37.9399261475, 55.0723381042, 69.3460235596, 207.711746216, 68.349105835, 59.3768196106, -13.8629655838, 5.3584113121, -7.76078605652, 19.8197441101], [-92.226852417, -188.556396484, 33.5119056702, 18.6266098022, -14.7622289658, 52.8209762573, 68.349105835, 154.564315796, 47.5309410095, 25.2624588013, -14.8979854584, 5.73702144623, -9.59882926941], [-225.422866821, 118.596229553, 11.7624340057, -27.7297859192, 12.5323066711, -14.74310112, 59.3768196106, 47.5309410095, 140.517074585, 43.8142814636, 16.3633232117, -25.6324043274, -0.246571332216], [-169.997711182, -110.840660095, 18.7017803192, -4.71352291107, 3.11725330353, 3.08618855476, -13.8629655838, 25.2624588013, 43.8142814636, 110.930053711, 42.9781455994, 13.7298564911, -21.4975643158], [-164.416885376, 106.398612976, -0.0887307152152, -35.4291229248, 17.6108703613, -23.0098190308, 5.3584113121, -14.8979854584, 16.3633232117, 42.9781455994, 111.62688446, 54.6489181519, 6.20976257324], [-146.321884155, -114.120849609, 26.0979423523, 37.7139625549, 0.744570314884, 19.1008663177, -7.76078605652, 5.73702144623, -25.6324043274, 13.7298564911, 54.6489181519, 129.415420532, 54.2144432068], [-95.4147033691, 82.3637084961, 1.92619144917, -7.24576997757, 16.9421081543, 1.57893562317, 19.8197441101, -9.59882926941, -0.246571332216, -21.4975643158, 6.20976257324, 54.2144432068, 115.855392456]]}, "spectral_energyband_middle_low": {"dmean2": 0.00426775123924, "median": 0.00378954899497, "min": 9.8686958605e-10, "dvar2": 5.76949278184e-05, "dvar": 2.85598689516e-05, "dmean": 0.00301974127069, "max": 0.137664109468, "var": 0.000151684304001, "mean": 0.00842235703021}, "melbands_crest": {"dmean2": 5.57028913498, "median": 13.792517662, "min": 4.21631717682, "dvar2": 22.7561855316, "dvar": 9.22812366486, "dmean": 3.46018075943, "max": 39.6343231201, "var": 36.6012916565, "mean": 15.0423755646}, "spectral_kurtosis": {"dmean2": 17.5383110046, "median": 16.575510025, "min": 0.346799820662, "dvar2": 349.507385254, "dvar": 123.902549744, "dmean": 10.1159229279, "max": 191.275817871, "var": 449.693695068, "mean": 23.5893211365}, "spectral_rms": {"dmean2": 0.00080311432248, "median": 0.00263243331574, "min": 6.17101386524e-06, "dvar2": 9.15117823297e-07, "dvar": 4.47005305659e-07, "dmean": 0.000579302897677, "max": 0.0168131664395, "var": 5.16329282618e-06, "mean": 0.00327494926751}, "zerocrossingrate": {"dmean2": 0.0053568421863, "median": 0.029296875, "min": 0, "dvar2": 3.97654694098e-05, "dvar": 2.64564769168e-05, "dmean": 0.00439852615818, "max": 0.13525390625, "var": 0.000290434400085, "mean": 0.0333858318627}, "silence_rate_60dB": {"dmean2": 0.156399965286, "median": 0, "min": 0, "dvar2": 0.149696573615, "dvar": 0.0720721110702, "dmean": 0.0781938359141, "max": 1, "var": 0.206695109606, "mean": 0.291905909777}, "erbbands_kurtosis": {"dmean2": 3.08875989914, "median": 0.486824661493, "min": -1.70858228207, "dvar2": 39.4115447998, "dvar": 18.1326007843, "dmean": 2.01135420799, "max": 132.687759399, "var": 43.7893447876, "mean": 2.49649047852}, "erbbands": {"dmean2": [0.0530572012067, 0.661107480526, 2.24519276619, 3.51194095612, 4.62276029587, 3.78548836708, 6.15240573883, 10.7215023041, 12.6672372818, 19.9497699738, 21.3372993469, 19.8403263092, 15.9702234268, 23.589263916, 23.6982212067, 15.9888238907, 12.7429437637, 14.2433929443, 19.6883563995, 17.0400333405, 10.1055192947, 9.78402519226, 7.04374551773, 6.12308168411, 4.00456809998, 3.26389551163, 1.28668344021, 0.59282374382, 0.278351724148, 0.151163652539, 0.0771855786443, 0.0352718941867, 0.0154452854767, 0.00734597351402, 0.00307972868904, 0.00127326301299, 0.000494562264066, 0.000110539927846, 1.86197394214e-05, 8.83909342519e-06], "median": [0.00438006268814, 0.0735953450203, 0.282921761274, 0.56412088871, 0.87510573864, 1.19821166992, 1.94770741463, 2.69381976128, 4.11395168304, 6.92433261871, 7.06739711761, 4.92137908936, 4.00179290771, 4.70092344284, 3.97273468971, 2.72939944267, 2.41616392136, 2.31228089333, 2.04363512993, 1.85597610474, 1.2189463377, 0.893743991852, 0.627151548862, 0.446017980576, 0.260270684958, 0.151535004377, 0.076072730124, 0.0304799396545, 0.0131658567116, 0.00578289898112, 0.00268945423886, 0.00129533524159, 0.000551202800125, 0.000274478894426, 0.000148177918163, 6.45764521323e-05, 2.5229928724e-05, 6.69384007779e-06, 5.57017347091e-06, 8.47458613862e-06], "min": [1.53095470523e-07, 5.52566746137e-07, 5.55703309146e-07, 4.74446807175e-07, 4.2445208237e-07, 3.90900993352e-07, 3.19761880974e-07, 2.00576451448e-07, 4.07166879768e-07, 5.41613019323e-07, 4.64441825443e-07, 3.29210820382e-07, 2.17209873199e-07, 3.78531353817e-07, 4.02145417411e-07, 4.50251405937e-07, 4.56434605667e-07, 2.95822417229e-07, 3.80144399514e-07, 5.57602902518e-07, 6.13329405041e-07, 7.39284359952e-07, 6.76578963521e-07, 8.62053923356e-07, 5.38183599019e-07, 8.09495361409e-07, 9.1648490752e-07, 9.09777611469e-07, 8.77164438862e-07, 8.09442553873e-07, 6.4203140937e-07, 6.29476005543e-07, 7.60158911817e-07, 7.72653265813e-07, 7.70803239902e-07, 7.26300697806e-07, 6.92015021286e-07, 3.1144926993e-07, 9.6844829045e-08, 1.00913011281e-08], "dvar2": [0.0244969632477, 3.02945828438, 48.8717269897, 103.692749023, 156.022186279, 75.620010376, 203.967407227, 919.796691895, 1098.83728027, 2438.28271484, 4734.02197266, 5706.53466797, 2211.75878906, 6662.21630859, 17194.4824219, 5108.35693359, 3656.90625, 4305.859375, 17795.9570313, 17547.015625, 3233.57910156, 2404.40625, 1946.06762695, 1329.30957031, 371.356292725, 263.528320313, 37.3328323364, 10.9697275162, 1.87783634663, 0.559906721115, 0.130213707685, 0.0241179186851, 0.00496676424518, 0.000991435023025, 0.000155309346155, 3.13961245411e-05, 5.12205224368e-06, 2.31855977972e-07, 5.13797315804e-09, 2.578925129e-10], "dvar": [0.00842885300517, 1.12659084797, 18.8664398193, 40.1775054932, 64.7701797485, 35.3701705933, 97.6198196411, 455.885986328, 466.32824707, 1098.32312012, 2228.59765625, 3529.62841797, 1073.21875, 3655.33764648, 6551.09570313, 2366.3359375, 1592.48803711, 1769.32409668, 7895.8671875, 8037.90820313, 1268.69152832, 852.401428223, 775.309814453, 479.674072266, 140.566955566, 105.950569153, 14.3153371811, 3.76977157593, 0.711062312126, 0.219574168324, 0.0557891950011, 0.0105126248673, 0.00197314214893, 0.000425200734753, 7.62841955293e-05, 1.41022192111e-05, 2.2911922315e-06, 1.06370961817e-07, 2.41296338466e-09, 1.23571861077e-10], "dmean": [0.0320214293897, 0.406244039536, 1.3752450943, 2.21618056297, 2.97090339661, 2.51401638985, 4.10617780685, 7.03177309036, 8.20702362061, 13.4564390182, 14.5408449173, 14.487537384, 10.8201599121, 15.8349676132, 15.4884634018, 10.6216268539, 8.26125144958, 9.10824584961, 12.9633979797, 10.7060394287, 6.34271192551, 6.11044502258, 4.43349504471, 3.79703068733, 2.54857802391, 2.08339715004, 0.830397605896, 0.377178788185, 0.178027316928, 0.0983218923211, 0.0518478341401, 0.0234008636326, 0.0102472491562, 0.00490279356018, 0.0021686644759, 0.00087811605772, 0.000344673055224, 7.72705607233e-05, 1.31044771479e-05, 6.2929689193e-06], "max": [2.36070370674, 25.0051803589, 144.049331665, 175.06072998, 265.3828125, 229.75239563, 404.679656982, 1368.90808105, 855.574035645, 1055.62390137, 2271.14086914, 3493.99121094, 1331.00976563, 3390.72241211, 3558.20458984, 1898.95458984, 2117.53271484, 1235.87121582, 4651.09179688, 6912.85253906, 1969.62817383, 1094.57702637, 1420.72570801, 1005.39196777, 556.112915039, 511.107177734, 125.54561615, 96.1032104492, 30.9177913666, 23.1679916382, 9.90596008301, 5.18535375595, 1.30594670773, 0.759152889252, 0.422318696976, 0.187121093273, 0.0591272860765, 0.0160298645496, 0.00241065816954, 0.000428013270721], "var": [0.0201740339398, 2.72108888626, 28.8650932312, 81.0539627075, 177.65625, 127.841659546, 396.478302002, 1462.57983398, 1241.04125977, 3783.91357422, 7634.95214844, 11970.9169922, 3078.23583984, 8568.89550781, 9698.77441406, 5513.34716797, 3129.78515625, 2948.10473633, 12391.1484375, 15151.5419922, 2092.80444336, 1546.30847168, 1377.75524902, 1022.4105835, 465.056365967, 310.521942139, 51.3262214661, 10.7262144089, 2.0623922348, 0.85619276762, 0.190759778023, 0.0432339087129, 0.00769254891202, 0.00186531827785, 0.000367782398826, 6.55265248497e-05, 1.18727311929e-05, 5.97299163019e-07, 1.31232891221e-08, 8.57646065278e-10], "mean": [0.0538007169962, 0.663140773773, 2.03523254395, 3.61505794525, 5.03562736511, 4.79539680481, 7.69510221481, 11.937994957, 14.7800254822, 26.5276927948, 30.3783283234, 30.9067115784, 21.3641433716, 25.6666927338, 24.8379859924, 18.2347755432, 14.1626434326, 15.1674776077, 20.8776111603, 17.2257957458, 10.3994369507, 9.77392292023, 7.21616840363, 6.72642850876, 4.80371332169, 3.68788075447, 1.65670752525, 0.740606188774, 0.347140341997, 0.21391941607, 0.108613215387, 0.0510922968388, 0.0228315442801, 0.0109870964661, 0.00501192780212, 0.00211633788422, 0.000849812931847, 0.00019620245439, 3.66468593711e-05, 2.04334119189e-05]}, "spectral_strongpeak": {"dmean2": 0.865918695927, "median": 0.510539591312, "min": 0, "dvar2": 2.66345500946, "dvar": 1.12032461166, "dmean": 0.539310455322, "max": 28.2631664276, "var": 2.10695433617, "mean": 1.00253844261}, "spectral_energy": {"dmean2": 0.00762317329645, "median": 0.00710294768214, "min": 3.90334484734e-08, "dvar2": 0.000199698682991, "dvar": 9.03627733351e-05, "dmean": 0.00532066356391, "max": 0.289749652147, "var": 0.000515668827575, "mean": 0.0162858683616}, "average_loudness": 0.171624213457, "spectral_rolloff": {"dmean2": 307.163269043, "median": 710.595703125, "min": 21.533203125, "dvar2": 201473.546875, "dvar": 86186.0390625, "dmean": 180.66444397, "max": 4177.44140625, "var": 342844.4375, "mean": 888.152893066}, "spectral_centroid": {"dmean2": 187.659591675, "median": 671.80480957, "min": 174.453903198, "dvar2": 49820.046875, "dvar": 23641.4902344, "dmean": 127.398727417, "max": 3595.28076172, "var": 216353.953125, "mean": 820.682678223}, "pitch_salience": {"dmean2": 0.118245624006, "median": 0.508384346962, "min": 0.0268696900457, "dvar2": 0.0102679962292, "dvar": 0.00407063262537, "dmean": 0.0738868862391, "max": 0.87202578783, "var": 0.0153355104849, "mean": 0.500421822071}, "spectral_energyband_middle_high": {"dmean2": 0.00214238208719, "median": 0.000863823690452, "min": 2.34646441166e-10, "dvar2": 3.76141069864e-05, "dvar": 1.72688851308e-05, "dmean": 0.00147461844608, "max": 0.185197815299, "var": 5.10473219038e-05, "mean": 0.00340301403776}, "spectral_contrast_coeffs": {"dmean2": [0.0791664198041, 0.0755885690451, 0.0615327470005, 0.0493602417409, 0.0352827236056, 0.0252277590334], "median": [-0.669136345387, -0.724116384983, -0.741910517216, -0.762212157249, -0.775256693363, -0.760936200619], "min": [-0.946298420429, -0.962137758732, -0.955916285515, -0.949591100216, -0.94383174181, -0.91709125042], "dvar2": [0.00402275566012, 0.00357700604945, 0.00253319367766, 0.0015842380235, 0.000853026693221, 0.000509396020789], "dvar": [0.00149320322089, 0.00144915434066, 0.00108075106982, 0.000673953676596, 0.000390661938582, 0.000241471454501], "dmean": [0.0488033406436, 0.0471886694431, 0.039508741349, 0.0315952263772, 0.0234219748527, 0.0165429636836], "max": [-0.276825278997, -0.350441247225, -0.367211103439, -0.437016457319, -0.4544660151, -0.53889465332], "var": [0.00934956688434, 0.00694780377671, 0.00622800923884, 0.00423399731517, 0.00365631608292, 0.00322007248178], "mean": [-0.66232919693, -0.716771066189, -0.733310997486, -0.756481051445, -0.766857028008, -0.765523910522]}, "melbands_skewness": {"dmean2": 1.0928953886, "median": 1.39241051674, "min": -4.52996873856, "dvar2": 4.49469041824, "dvar": 1.57604730129, "dmean": 0.698251843452, "max": 45.3286972046, "var": 7.14631175995, "mean": 1.70570707321}, "spectral_spread": {"dmean2": 397159.0625, "median": 1833342.25, "min": 469163.875, "dvar2": 120214061056, "dvar": 47125049344, "dmean": 245527.296875, "max": 13630739, "var": 1870988705790.0, "mean": 2091156.25}, "dissonance": {"dmean2": 0.0600231438875, "median": 0.435788363218, "min": 0.147087946534, "dvar2": 0.0032542378176, "dvar": 0.00120133091696, "dmean": 0.0357592254877, "max": 0.499965637922, "var": 0.00305281532928, "mean": 0.423271983862}, "spectral_skewness": {"dmean2": 1.18963968754, "median": 2.69085264206, "min": 0.308661192656, "dvar2": 1.28433537483, "dvar": 0.448245078325, "dmean": 0.691556692123, "max": 11.5529098511, "var": 2.21367430687, "mean": 3.02546358109}, "spectral_flux": {"dmean2": 0.0242072530091, "median": 0.0387489534914, "min": 6.48920540698e-05, "dvar2": 0.000827986979857, "dvar": 0.000326206587488, "dmean": 0.014781835489, "max": 0.363388568163, "var": 0.0015429132618, "mean": 0.0511620901525}, "spectral_contrast_valleys": {"dmean2": [0.672818660736, 0.547419846058, 0.472034752369, 0.410198658705, 0.352086424828, 0.332307070494], "median": [-8.08408355713, -7.09444999695, -8.01145935059, -8.76750850677, -9.51462173462, -13.3708953857], "min": [-13.9359502792, -15.019900322, -15.4876947403, -15.5001125336, -14.968296051, -16.4723567963], "dvar2": [0.27592921257, 0.188629820943, 0.144545316696, 0.12072622031, 0.114974349737, 0.115547306836], "dvar": [0.101695731282, 0.0771539583802, 0.0632401555777, 0.0572646893561, 0.0622272901237, 0.0661368593574], "dmean": [0.403072983027, 0.340491950512, 0.297206997871, 0.269468963146, 0.253557473421, 0.252926945686], "max": [-5.17741775513, -4.62830495834, -5.35874319077, -6.19284105301, -6.27562379837, -9.73083496094], "var": [1.62063121796, 1.50056695938, 1.50366747379, 1.62841463089, 1.8261911869, 1.27905368805], "mean": [-8.09980392456, -7.20156860352, -8.07988548279, -8.84488296509, -9.55456066132, -13.2309246063]}, "erbbands_flatness_db": {"dmean2": 0.0288049113005, "median": 0.26761457324, "min": 0.0117365019396, "dvar2": 0.000705204671249, "dvar": 0.000347927940311, "dmean": 0.0199181158096, "max": 0.523210942745, "var": 0.00459678517655, "mean": 0.268726050854}, "spectral_energyband_high": {"dmean2": 4.97203327541e-05, "median": 3.47349259755e-06, "min": 1.13201792384e-09, "dvar2": 4.53866242367e-