{"metadata": {"tags": {"label": ["Chess Records"], "releasecountry": ["US"], "musicbrainz_releasetrackid": ["8c6e5341-43dc-3129-adec-1e5a173a939d"], "discsubtitle": ["1969-1975"], "genre": ["Blues"], "releasetype": ["album", "compilation"], "originalyear": ["1999"], "tracknumber": ["6"], "disctotal": ["14"], "musicbrainz_albumartistid": ["89ad4ac3-39f7-470e-963a-56509c546377"], "album": ["The Chess Story (Disc13: 1969-1975)"], "script": ["Latn"], "albumartistsort": ["Various Artists"], "releasestatus": ["official"], "acoustid_id": ["22bd68b5-a275-4de1-a725-66e94fa96333"], "musicbrainz_artistid": ["e22d2f66-881e-41ca-9356-544697ee5f90"], "musicbrainz_releasegroupid": ["03acb137-f0ba-3e62-90fa-ffa6d06cdf38"], "musicbrainz_recordingid": ["19e41d72-0e3c-49c6-8e34-f383a28bc226"], "totaltracks": ["21"], "albumartist": ["Various Artists"], "originaldate": ["1999-10-11"], "artist": ["Etta James"], "bpm": ["148"], "musicbrainz_albumid": ["04c5036d-36ef-4ab9-bdec-4d40ddcc48bc"], "artistsort": ["James, Etta"], "title": ["Losers Weepers"], "asin": ["B00002MCI4"], "tracktotal": ["21"], "totaldiscs": ["14"], "compilation": ["1"], "date": ["1999-10-11"], "musicip_puid": ["a249c4ee-d1b7-483a-0b4d-4e6cfc7a7796"], "media": ["CD"], "file_name": "06 - Etta James - Losers Weepers.flac", "discnumber": ["13"]}, "audio_properties": {"sample_rate": 44100, "downmix": "mix", "lossless": true, "analysis_sample_rate": 44100, "md5_encoded": "2ca150e2d8abc37df7b83e2db77be3ea", "equal_loudness": 0, "replay_gain": -14.905166626, "codec": "flac", "bit_rate": 0, "length": 181.333328247}, "version": {"extractor": "music 1.0", "essentia_build_sha": "2d9f1f26377add8aeb1075a9c2973f962c4f09fd", "essentia_git_sha": "v2.1_beta2-1-ge3940c0", "essentia": "2.1-beta2"}}, "rhythm": {"beats_loudness_band_ratio": {"dvar2": [0.0899176970124, 0.0607999488711, 0.0675984099507, 0.0835694372654, 0.0506187714636, 0.0181222874671], "var": [0.0718268305063, 0.0342460274696, 0.0379603467882, 0.038339741528, 0.0281600225717, 0.00584116904065], "min": [0, 0, 0, 0, 0, 0], "dmean": [0.207264110446, 0.138255238533, 0.163910344243, 0.139112368226, 0.129187345505, 0.0543713197112], "mean": [0.272734582424, 0.168364748359, 0.199149474502, 0.161789014935, 0.157381355762, 0.0618249326944], "max": [0.986942470074, 0.924362301826, 0.938899338245, 0.922523975372, 0.780669510365, 0.939227700233], "dmean2": [0.341587930918, 0.231201723218, 0.278860151768, 0.236770525575, 0.216254532337, 0.094639249146], "median": [0.157805606723, 0.091547369957, 0.135408475995, 0.0777549147606, 0.0948032587767, 0.0415075011551], "dvar": [0.0417080521584, 0.022818358615, 0.0276175625622, 0.0310506764799, 0.0191230084747, 0.00645496882498]}, "bpm_histogram_first_peak_weight": {"dvar2": 0, "var": 0, "min": 0.358276635408, "dmean": 0, "mean": 0.358276635408, "max": 0.358276635408, "dmean2": 0, "median": 0.358276635408, "dvar": 0}, "bpm": 148.644546509, "beats_count": 442, "bpm_histogram_first_peak_spread": {"dvar2": 0, "var": 0, "min": 0.539358615875, "dmean": 0, "mean": 0.539358615875, "max": 0.539358615875, "dmean2": 0, "median": 0.539358615875, "dvar": 0}, "danceability": 0.932846605778, "bpm_histogram_first_peak_bpm": {"dvar2": 0, "var": 0, "min": 148, "dmean": 0, "mean": 148, "max": 148, "dmean2": 0, "median": 148, "dvar": 0}, "beats_position": [0.383129239082, 0.777868449688, 1.18421769142, 1.59056687355, 1.98530614376, 2.38004541397, 2.77478456497, 3.15791368484, 3.55265307426, 3.94739222527, 4.33052158356, 4.71365070343, 5.10838985443, 5.4915189743, 5.88625860214, 6.28099775314, 6.66412687302, 7.05886602402, 7.45360517502, 7.84834432602, 8.24308395386, 8.63782310486, 9.02095222473, 9.4040813446, 9.78721046448, 10.1703395844, 10.5650787354, 10.95981884, 11.354557991, 11.7376871109, 12.1208162308, 12.5039453506, 12.8870744705, 13.2934236526, 13.6997728348, 14.0945119858, 14.4892511368, 14.8839902878, 15.2787294388, 15.6618595123, 16.0449886322, 16.4397277832, 16.8344669342, 17.2292060852, 17.6123352051, 18.0070743561, 18.4018135071, 18.7965526581, 19.2029018402, 19.5976409912, 19.9923801422, 20.3871192932, 20.7934684753, 21.1765975952, 21.5713367462, 21.9660758972, 22.3608150482, 22.7555541992, 23.1619052887, 23.5450344086, 23.9397735596, 24.3345127106, 24.7292518616, 25.1239910126, 25.5187301636, 25.9250793457, 26.3314285278, 26.7261676788, 27.1441268921, 27.5620861053, 27.9800453186, 28.4560546875, 28.932062149, 29.4080715179, 29.8376407623, 30.2672100067, 30.6967792511, 31.1147384644, 31.5210876465, 31.9274368286, 32.3337860107, 32.7401351929, 33.146484375, 33.5528335571, 33.9475746155, 34.3423118591, 34.725440979, 35.1201820374, 35.5265312195, 35.9212684631, 36.304397583, 36.6875267029, 37.0822677612, 37.4770050049, 37.8601341248, 38.2664833069, 38.6612243652, 39.0559616089, 39.4507026672, 39.8454399109, 40.251789093, 40.6465301514, 41.0528793335, 41.4592285156, 41.8655776978, 42.2719268799, 42.678276062, 43.0846252441, 43.4793624878, 43.8741035461, 44.257232666, 44.6519737244, 45.046710968, 45.4414520264, 45.83618927, 46.2309303284, 46.625667572, 47.0204086304, 47.415145874, 47.8098869324, 48.204624176, 48.5993652344, 49.0057144165, 49.4120635986, 49.8068008423, 50.2015419006, 50.5962791443, 50.9910202026, 51.3857574463, 51.7688865662, 52.152015686, 52.5467567444, 52.941493988, 53.3362350464, 53.7425842285, 54.1489334106, 54.5436706543, 54.9384117126, 55.333152771, 55.7395019531, 56.1458511353, 56.5405883789, 56.9353294373, 57.3416786194, 57.7480278015, 58.1427650452, 58.5491142273, 58.9554634094, 59.3502044678, 59.7449417114, 60.1396827698, 60.5460319519, 60.952381134, 61.3703384399, 61.7650794983, 62.1598167419, 62.5545578003, 62.9492950439, 63.3440361023, 63.7387733459, 64.1335144043, 64.5282516479, 64.9346008301, 65.3409500122, 65.7589111328, 66.1768722534, 66.5948257446, 67.0011749268, 67.4075241089, 67.813873291, 68.2202224731, 68.6381835938, 69.0561447144, 69.474105835, 69.8688430786, 70.2635803223, 70.6699295044, 71.0762786865, 71.4942398071, 71.9122009277, 72.3301544189, 72.724899292, 73.1312484741, 73.5375976563, 73.9555511475, 74.3619003296, 74.7682495117, 75.1745986938, 75.580947876, 76.0105209351, 76.4516983032, 76.8928756714, 77.4153289795, 77.9377746582, 78.4486160278, 78.9710617065, 79.4819030762, 79.9927444458, 80.503578186, 81.0260314941, 81.5600891113, 82.012878418, 82.4424438477, 82.8720169067, 83.3015823364, 83.719543457, 84.1491165161, 84.5786819458, 85.0082550049, 85.4262084961, 85.8441696167, 86.3317871094, 86.8194122314, 87.3186416626, 87.7830352783, 88.2242126465, 88.6537857056, 89.0949630737, 89.5477523804, 90.000541687, 90.4533309937, 90.9061203003, 91.3472976685, 91.8000869751, 92.2296600342, 92.6476211548, 93.065574646, 93.4835357666, 93.8898849487, 94.2962341309, 94.702583313, 95.1089324951, 95.5268936157, 95.9448471069, 96.3628082275, 96.7459411621, 97.1290664673, 97.5121994019, 97.8837203979, 98.2436294556, 98.6151428223, 98.9866638184, 99.3697967529, 99.7297058105, 100.101219177, 100.449523926, 100.809432983, 101.215782166, 101.622131348, 102.02848053, 102.434829712, 102.841178894, 103.247528076, 103.653877258, 104.071838379, 104.48979187, 104.896141052, 105.302490234, 105.708839417, 106.115188599, 106.521537781, 106.927886963, 107.334236145, 107.740585327, 108.146934509, 108.553283691, 108.959632874, 109.365982056, 109.783943176, 110.190292358, 110.596641541, 111.014602661, 111.409339905, 111.815689087, 112.222038269, 112.616775513, 113.011520386, 113.406257629, 113.812606812, 114.218955994, 114.625305176, 115.020042419, 115.426391602, 115.821128845, 116.20426178, 116.587387085, 116.982131958, 117.38848114, 117.794830322, 118.189567566, 118.58430481, 118.979042053, 119.385391235, 119.791740417, 120.1980896, 120.61605072, 121.034011841, 121.440361023, 121.858322144, 122.276275635, 122.694236755, 123.100585938, 123.50693512, 123.913284302, 124.308021545, 124.714370728, 125.12071991, 125.527069092, 125.933418274, 126.339767456, 126.746116638, 127.15246582, 127.558815002, 127.965164185, 128.371520996, 128.777862549, 129.18421936, 129.590560913, 129.985305786, 130.391647339, 130.79800415, 131.204345703, 131.610702515, 132.017044067, 132.423400879, 132.84135437, 133.247711182, 133.677276611, 134.083618164, 134.478363037, 134.884719849, 135.30267334, 135.709014893, 136.115371704, 136.521713257, 136.928070068, 137.334411621, 137.740768433, 138.135513306, 138.541854858, 138.94821167, 139.354553223, 139.795730591, 140.248519897, 140.712921143, 141.177322388, 141.653335571, 142.129333496, 142.593734741, 143.046524048, 143.499313354, 143.9637146, 144.428115845, 144.89251709, 145.380126953, 145.809707642, 146.227661133, 146.645614624, 147.063583374, 147.469924927, 147.8646698, 148.271011353, 148.677368164, 149.083709717, 149.490066528, 149.884811401, 150.279541016, 150.674285889, 151.080627441, 151.486984253, 151.881713867, 152.288070679, 152.694412231, 153.089157104, 153.483901978, 153.878631592, 154.296600342, 154.714553833, 155.120910645, 155.515640259, 155.910385132, 156.305114746, 156.711471558, 157.11781311, 157.524169922, 157.930511475, 158.336868286, 158.754821777, 159.137954712, 159.532699585, 159.939041138, 160.333786011, 160.751739502, 161.158096313, 161.576049805, 161.982406616, 162.365524292, 162.760269165, 163.155014038, 163.561355591, 163.956100464, 164.362442017, 164.75718689, 165.151931763, 165.558273315, 165.964630127, 166.359359741, 166.765716553, 167.172058105, 167.578414917, 167.98475647, 168.391113281, 168.785842896, 169.180587769, 169.575332642, 169.970062256, 170.364807129, 170.771148682, 171.177505493, 171.583847046, 171.990203857, 172.39654541, 172.802902222, 173.209243774, 173.615600586, 174.021942139, 174.42829895, 174.846252441, 175.264221191, 175.682174683, 176.100128174, 176.518096924, 176.947662354, 177.365615845, 177.783584595, 178.213150024, 178.631103516, 179.049072266, 179.467025757, 179.884979248, 180.314559937, 180.732513428], "beats_loudness": {"dvar2": 0.00023114430951, "var": 0.000171702966327, "min": 0, "dmean": 0.00749700563028, "mean": 0.0107247168198, "max": 0.0706545263529, "dmean2": 0.012190614827, "median": 0.00540494872257, "dvar": 9.35212083277e-05}, "bpm_histogram_second_peak_weight": {"dvar2": 0, "var": 0, "min": 0.0748299285769, "dmean": 0, "mean": 0.0748299285769, "max": 0.0748299285769, "dmean2": 0, "median": 0.0748299285769, "dvar": 0}, "bpm_histogram_second_peak_spread": {"dvar2": 0, "var": 0, "min": 0.057142842561, "dmean": 0, "mean": 0.057142842561, "max": 0.057142842561, "dmean2": 0, "median": 0.057142842561, "dvar": 0}, "bpm_histogram_second_peak_bpm": {"dvar2": 0, "var": 0, "min": 157, "dmean": 0, "mean": 157, "max": 157, "dmean2": 0, "median": 157, "dvar": 0}, "onset_rate": 3.0107884407}, "lowlevel": {"spectral_energyband_high": {"dvar2": 1.59114151188e-07, "var": 2.7396384894e-07, "min": 6.84468934771e-21, "dmean": 8.35546088638e-05, "mean": 0.000240923051024, "max": 0.0101466840133, "dmean2": 0.000116900613648, "median": 2.26788397413e-05, "dvar": 7.19996791076e-08}, "spectral_energyband_middle_low": {"dvar2": 2.94749934255e-05, "var": 3.82600010198e-05, "min": 1.36882159776e-22, "dmean": 0.00142291444354, "mean": 0.00296791596338, "max": 0.0840083882213, "dmean2": 0.00214522774331, "median": 0.00100447924342, "dvar": 1.2571958905e-05}, "spectral_energy": {"dvar2": 5.54338330403e-05, "var": 0.000164623968885, "min": 9.70631017552e-21, "dmean": 0.00266415253282, "mean": 0.0084021249786, "max": 0.0944213271141, "dmean2": 0.00384011585265, "median": 0.00299510266632, "dvar": 2.70114524028e-05}, "spectral_spread": {"dvar2": 1080621924350.0, "var": 23312558194700.0, "min": 1197466.625, "dmean": 459812.3125, "mean": 4397500, "max": 43485548, "dmean2": 667566.75, "median": 3579385.75, "dvar": 621685309440}, "spectral_energyband_low": {"dvar2": 5.40530754733e-06, "var": 2.96387702292e-06, "min": 1.13119316927e-23, "dmean": 0.000477337045595, "mean": 0.00105723773595, "max": 0.0219724196941, "dmean2": 0.000766063749325, "median": 0.000354994088411, "dvar": 2.08124970413e-06}, "spectral_rolloff": {"dvar2": 1566177.625, "var": 7057446, "min": 86.1328125, "dmean": 440.781402588, "mean": 1972.94140625, "max": 20435.0097656, "dmean2": 715.478210449, "median": 1399.65820313, "dvar": 749638.3125}, "barkbands": {"dvar2": [3.48094404863e-12, 6.95539938533e-07, 1.31822059757e-06, 1.69009922502e-06, 7.13206645742e-07, 1.83392512554e-06, 8.8973374659e-06, 1.6372838445e-06, 1.76771009137e-05, 1.36662429213e-05, 4.19406569563e-06, 3.06798438032e-06, 1.11925310193e-05, 1.45087108194e-06, 5.02078773934e-06, 1.08949484456e-06, 1.78122172656e-06, 1.05068056655e-06, 4.2170390202e-07, 1.03556651254e-07, 2.54334242555e-08, 2.30374119781e-09, 2.55244692049e-09, 1.4349362587e-08, 4.37016645094e-09, 5.16859888222e-10, 7.81237487896e-12], "var": [1.29600377739e-12, 2.57461920228e-07, 1.09889595024e-06, 5.95859262376e-07, 8.43936277306e-07, 2.15572458728e-06, 6.28333100394e-06, 1.00712031781e-06, 2.10971411434e-05, 1.86629549717e-05, 4.83491612613e-06, 2.13704083762e-06, 1.07083878902e-05, 1.48711308157e-06, 5.90527179156e-06, 1.1229079746e-06, 1.38521795634e-06, 1.48888364038e-06, 5.68759503494e-07, 1.50510473418e-07, 1.86812449954e-08, 6.71727473645e-09, 4.11242773168e-09, 1.13864349061e-08, 3.36848104965e-09, 4.44170922265e-10, 6.86827764801e-12], "min": [2.26457215378e-25, 1.41468634944e-24, 9.63440260889e-25, 5.05961135809e-25, 6.46416212679e-24, 7.7973757108e-24, 4.85697754483e-24, 5.09932508125e-24, 9.90170950713e-24, 1.37818165328e-23, 1.14349853165e-23, 2.240695188e-23, 2.20817565936e-23, 2.19474135815e-23, 3.2113883741e-23, 4.68325420185e-23, 6.64375246498e-23, 9.88133039005e-23, 1.35665799369e-22, 1.62804267961e-22, 2.17769306424e-22, 3.18439014605e-22, 3.81479704197e-22, 5.57247102532e-22, 7.4307319685e-22, 1.24107747649e-21, 1.94952980226e-21], "dmean": [3.53864521685e-07, 0.000140870426549, 0.000258243555436, 0.000211740945815, 0.000223525086767, 0.000207995268283, 0.000391162233427, 0.000126258382807, 0.000590278184973, 0.000580258201808, 0.000276656239294, 0.000167525751749, 0.000445131008746, 0.000193735890207, 0.000333944015438, 0.000168293758179, 0.000165944002219, 0.000179935712367, 0.00014774891315, 7.02400211594e-05, 2.47138523264e-05, 1.29237469082e-05, 1.08591020762e-05, 1.31285223688e-05, 1.00276929516e-05, 3.07214963868e-06, 4.52296717413e-07], "mean": [3.33815989961e-07, 0.000225754018174, 0.000651106587611, 0.000295941426884, 0.000423249643063, 0.000336248340318, 0.000556268438231, 0.000189836457139, 0.00103670416865, 0.000951419293415, 0.000406966224546, 0.000229056211538, 0.000736922025681, 0.000275174505077, 0.000579319021199, 0.000272025354207, 0.000275892321952, 0.000343025021721, 0.000301345717162, 0.000146926744492, 5.66048220207e-05, 3.53909599653e-05, 2.56329549302e-05, 2.56982057181e-05, 1.82247895282e-05, 6.16309398538e-06, 8.83529821749e-07], "max": [4.44176548626e-05, 0.0100403586403, 0.0138764502481, 0.0167228803039, 0.0241819079965, 0.0332421995699, 0.0545570887625, 0.0455141961575, 0.0826316550374, 0.0721579417586, 0.0470055676997, 0.0400902070105, 0.0705850347877, 0.0288107320666, 0.0448257476091, 0.0214685499668, 0.0360348708928, 0.0230295639485, 0.0082294261083, 0.00785412453115, 0.00530119473115, 0.00120172998868, 0.001900060568, 0.00348061393015, 0.00132608320564, 0.0005102159339, 7.01845710864e-05], "dmean2": [5.9562722754e-07, 0.000241094094235, 0.000404638820328, 0.000358156015864, 0.000343605410308, 0.000310770206852, 0.000624996318948, 0.000188611797057, 0.000884185137693, 0.000838735722937, 0.000401009077905, 0.000258029554971, 0.000692813307978, 0.000293264020002, 0.000516939850058, 0.000253565260209, 0.000250389392022, 0.000273536657915, 0.000228064251132, 0.000103842168755, 3.79462398996e-05, 1.90051050595e-05, 1.52583288582e-05, 1.94229123736e-05, 1.45092672028e-05, 4.36332447862e-06, 6.69825112709e-07], "median": [5.07005317729e-08, 4.93228872074e-05, 0.000128572704853, 6.17939367658e-05, 0.000145961617818, 7.20601456123e-05, 5.45455004612e-05, 3.15237048198e-05, 4.75886590721e-05, 3.44917098118e-05, 1.77828260348e-05, 2.15961608774e-05, 2.33127084357e-05, 2.01777456823e-05, 2.28482713283e-05, 2.25078201765e-05, 2.01606453629e-05, 2.20868460019e-05, 1.88455869647e-05, 1.11273830044e-05, 3.90115746995e-06, 1.81957773293e-06, 1.69931115579e-06, 1.43215675052e-06, 1.42826820593e-06, 4.02702653446e-07, 1.40952991501e-07], "dvar": [1.33797378558e-12, 2.508727448e-07, 4.95411882184e-07, 6.4795540311e-07, 3.38158741897e-07, 9.14817860576e-07, 3.31018827637e-06, 7.29426403723e-07, 7.5011480476e-06, 6.87594638293e-06, 2.11326823774e-06, 1.33878097586e-06, 4.58607610199e-06, 7.17473881195e-07, 2.03363151741e-06, 5.18180570452e-07, 7.20699176782e-07, 5.04785646172e-07, 1.80216886747e-07, 4.5274276772e-08, 1.00196064778e-08, 1.17648590869e-09, 1.39230105223e-09, 6.50892184595e-09, 2.00571159681e-09, 2.36897168548e-10, 3.58121648655e-12]}, "melbands_skewness": {"dvar2": 1.4193778038, "var": 3.20967555046, "min": -1.72128653526, "dmean": 0.666917443275, "mean": 2.05964660645, "max": 11.2792387009, "dmean2": 0.993793725967, "median": 1.78522443771, "dvar": 0.649317383766}, "barkbands_skewness": {"dvar2": 0.977956473827, "var": 2.54857635498, "min": -3.11793637276, "dmean": 0.56589949131, "mean": 1.25123131275, "max": 11.5929670334, "dmean2": 0.839517772198, "median": 1.05986607075, "dvar": 0.437963962555}, "erbbands": {"dvar2": [6.66120977257e-05, 0.057973369956, 1.30244779587, 10.8774013519, 4.85770463943, 11.4531583786, 58.1594314575, 214.360610962, 1462.96276855, 543.889831543, 1044.42456055, 8921.44042969, 6338.30908203, 19370.3574219, 2843.43237305, 5684.5390625, 26559.609375, 2638.98168945, 18532.1015625, 2976.30126953, 3153.56762695, 2543.67578125, 2178.74755859, 1681.83654785, 675.261352539, 262.72946167, 122.295791626, 8.03025245667, 2.77606749535, 2.09954857826, 2.41985249519, 2.78484392166, 6.36766958237, 1.11444592476, 0.107878424227, 0.0186720862985, 0.00146638602018, 2.56103558058e-05, 2.75605060551e-07, 4.84330686668e-10], "var": [2.21356385737e-05, 0.0231531653553, 1.0765182972, 4.39437532425, 2.36569523811, 16.1432647705, 60.2844276428, 203.095031738, 1080.10461426, 376.382354736, 786.201782227, 13024.8935547, 8205.13085938, 27875.9765625, 8063.07958984, 2835.67504883, 26013.0917969, 3209.52416992, 19086.4960938, 3006.58618164, 4033.75219727, 4047.1472168, 4207.84472656, 2297.04125977, 1079.73730469, 432.770721436, 87.4234466553, 13.8831624985, 6.8876709938, 5.19343996048, 3.27886557579, 2.07487440109, 5.49721097946, 0.872464358807, 0.0966288819909, 0.0140488147736, 0.00136670249049, 2.72117704299e-05, 2.37855871887e-07, 7.97477583969e-10], "min": [1.08387203836e-22, 4.09123359313e-22, 1.48194687689e-21, 6.48014665123e-21, 1.67901637724e-20, 1.80704858798e-20, 4.2790250189e-20, 8.07425148456e-20, 1.06202630037e-19, 1.56445754927e-19, 2.16151754938e-19, 2.50919034963e-19, 3.87398433511e-19, 7.2453282351e-19, 8.17067192191e-19, 1.15144409807e-18, 1.19917272961e-18, 1.67766000783e-18, 3.06781726374e-18, 3.33673037216e-18, 3.86041428207e-18, 4.0647179672e-18, 6.49783747898e-18, 6.27531141854e-18, 6.01972625774e-18, 8.67280922443e-18, 8.65308758426e-18, 9.98211288419e-18, 1.1238414119e-17, 1.15585048919e-17, 1.15180532784e-17, 9.92040190177e-18, 9.24642341046e-18, 6.30584555009e-18, 6.33950063408e-18, 4.22506113868e-18, 2.11049363708e-18, 8.77384582073e-19, 2.71535115864e-19, 2.72278098537e-20], "dmean": [0.00134897895623, 0.0419783107936, 0.247640579939, 0.57803195715, 0.558427453041, 0.862595081329, 1.2628839016, 2.09666156769, 5.49807071686, 3.40038108826, 3.54933643341, 13.6144580841, 12.0577793121, 21.3178730011, 8.14274024963, 7.76832675934, 21.2605667114, 8.03964328766, 18.7606048584, 9.36912918091, 8.96616744995, 7.69872236252, 8.47363567352, 8.50225734711, 5.83878993988, 3.48926949501, 1.45440983772, 0.682089567184, 0.42104101181, 0.382640182972, 0.308711886406, 0.209575012326, 0.270445436239, 0.150074288249, 0.0536038391292, 0.0174358841032, 0.00532613648102, 0.000839573622216, 8.02910071798e-05, 5.23399148733e-06], "mean": [0.00208516069688, 0.0758552998304, 0.632355928421, 0.974828898907, 0.907859683037, 1.64934742451, 2.1516661644, 3.09757709503, 7.818546772, 5.22979593277, 5.83911323547, 25.0263805389, 20.171251297, 36.1368865967, 15.7398996353, 12.1177845001, 35.4988365173, 14.2559127808, 33.1242980957, 16.1960983276, 15.5196390152, 15.7669649124, 17.7581653595, 17.6935214996, 12.9840202332, 7.74193954468, 3.45712471008, 1.70223033428, 1.1369407177, 0.982972919941, 0.724688649178, 0.445660144091, 0.490859955549, 0.263074368238, 0.0990969911218, 0.0339641086757, 0.0105088558048, 0.00168140756432, 0.000162813463248, 1.67405778484e-05], "max": [0.0885675176978, 2.8795645237, 12.9364919662, 42.0121459961, 22.8564949036, 85.1881103516, 135.960067749, 395.368927002, 762.262695313, 336.481292725, 1348.02709961, 2151.54394531, 2510.45117188, 2896.64672852, 2038.12512207, 2015.70422363, 3839.31884766, 1325.68933105, 2468.25219727, 1152.48474121, 1489.0838623, 1583.44262695, 1496.57336426, 867.213562012, 517.144836426, 535.719055176, 398.15725708, 46.7364654541, 41.3721008301, 44.3760566711, 57.6990852356, 48.4685325623, 92.5264434814, 22.4589195251, 6.22021007538, 3.52325487137, 0.915066719055, 0.10052780807, 0.0135285044089, 0.000488968857098], "dmean2": [0.00227845320478, 0.0714451819658, 0.394679397345, 0.953852117062, 0.905837833881, 1.29986131191, 1.91538894176, 3.1055123806, 8.6667842865, 5.36504411697, 5.0217461586, 20.1684494019, 17.5006656647, 29.3270282745, 11.102435112, 11.7052125931, 32.8936920166, 12.018661499, 28.826171875, 13.8655900955, 12.8428535461, 11.1762371063, 12.2996263504, 12.6420898438, 8.81777000427, 5.04919862747, 2.19760227203, 1.01159846783, 0.613593995571, 0.531343996525, 0.44343867898, 0.307501524687, 0.395228713751, 0.21701285243, 0.0762057006359, 0.0251293089241, 0.00778951542452, 0.00119515426923, 0.000118246753118, 7.59511067372e-06], "median": [0.000749317463487, 0.020430220291, 0.148014217615, 0.276124536991, 0.340378344059, 0.502395391464, 0.600927472115, 0.650106906891, 1.00605177879, 0.661179363728, 1.16547560692, 1.25156807899, 1.09674966335, 1.35244476795, 1.09071004391, 1.05641543865, 1.21308135986, 1.06362998486, 1.29497277737, 1.45053482056, 1.18602144718, 1.29683756828, 1.32691860199, 1.12389826775, 0.838895976543, 0.578506588936, 0.261226803064, 0.107644461095, 0.0670090168715, 0.0617997050285, 0.0449708029628, 0.0275761894882, 0.0250578764826, 0.0189760178328, 0.00761971296743, 0.00229186774231, 0.000635008444078, 0.000163498785696, 2.59040061792e-05, 5.29422777618e-06], "dvar": [2.47130938078e-05, 0.0208626370877, 0.476517707109, 4.24779176712, 1.89431202412, 5.54880285263, 28.1425914764, 105.43913269, 566.327697754, 202.826553345, 496.696105957, 4043.27270508, 3241.52978516, 10198.9365234, 1669.20483398, 2209.07739258, 11066.4462891, 1257.01721191, 6973.95898438, 1395.74047852, 1659.60217285, 1194.1027832, 1134.98864746, 776.364318848, 295.361846924, 117.011947632, 47.7789878845, 3.60533475876, 1.40952908993, 1.19374859333, 1.23014903069, 1.21423709393, 2.99943709373, 0.51200813055, 0.0524875931442, 0.00838184729218, 0.000688621774316, 1.25186998048e-05, 1.24622616227e-07, 2.17251619472e-10]}, "silence_rate_30dB": {"dvar2": 0, "var": 0, "min": 1, "dmean": 0, "mean": 1, "max": 1, "dmean2": 0, "median": 1, "dvar": 0}, "melbands_spread": {"dvar2": 337.678192139, "var": 661.5234375, "min": 0.330473870039, "dmean": 7.95731925964, "mean": 27.9898643494, "max": 224.695709229, "dmean2": 12.0500097275, "median": 20.6928520203, "dvar": 148.257949829}, "melbands_crest": {"dvar2": 22.7666187286, "var": 37.2538414001, "min": 1.52905476093, "dmean": 3.14340591431, "mean": 14.9285326004, "max": 33.3801193237, "dmean2": 4.98140716553, "median": 14.3068094254, "dvar": 9.5218667984}, "zerocrossingrate": {"dvar2": 0.000254462065641, "var": 0.00472134770826, "min": 0.00439453125, "dmean": 0.00926508940756, "mean": 0.0672562867403, "max": 0.5703125, "dmean2": 0.0107692619786, "median": 0.056640625, "dvar": 0.000192035760847}, "barkbands_kurtosis": {"dvar2": 182.754150391, "var": 209.403366089, "min": -1.92428040504, "dmean": 3.43562221527, "mean": 5.81175279617, "max": 312.732391357, "dmean2": 5.29087495804, "median": 1.49539482594, "dvar": 72.2804412842}, "spectral_flux": {"dvar2": 0.000920505030081, "var": 0.00188181782141, "min": 6.252592194e-11, "dmean": 0.0136597380042, "mean": 0.0420989766717, "max": 0.265222996473, "dmean2": 0.0209963731468, "median": 0.0244303382933, "dvar": 0.000398277828936}, "barkbands_crest": {"dvar2": 13.975271225, "var": 21.6698188782, "min": 2.38466334343, "dmean": 2.45243883133, "mean": 11.0197401047, "max": 26.004026413, "dmean2": 3.84803628922, "median": 10.2437076569, "dvar": 5.82910966873}, "barkbands_flatness_db": {"dvar2": 0.000957542622928, "var": 0.00457539828494, "min": 0.0278850235045, "dmean": 0.0204927623272, "mean": 0.157745108008, "max": 0.518240690231, "dmean2": 0.0297800842673, "median": 0.145381271839, "dvar": 0.000486930803163}, "spectral_entropy": {"dvar2": 0.0715026557446, "var": 0.448819071054, "min": 4.315076828, "dmean": 0.17210522294, "mean": 7.24314403534, "max": 9.82464694977, "dmean2": 0.245575383306, "median": 7.30476999283, "dvar": 0.0393629595637}, "pitch_salience": {"dvar2": 0.0096265906468, "var": 0.0160856209695, "min": 0.101432055235, "dmean": 0.0659013539553, "mean": 0.517359137535, "max": 0.872107863426, "dmean2": 0.104064643383, "median": 0.517061769962, "dvar": 0.00395751046017}, "erbbands_spread": {"dvar2": 150.282653809, "var": 273.296203613, "min": 2.05089068413, "dmean": 6.73907852173, "mean": 30.2608757019, "max": 178.094070435, "dmean2": 10.1608524323, "median": 29.0452079773, "dvar": 69.3452606201}, "dynamic_complexity": 8.35981273651, "spectral_contrast_valleys": {"dvar2": [0.360339045525, 0.2465428859, 0.220553427935, 0.226020872593, 0.258411735296, 0.21044267714], "var": [7.1224899292, 7.30523729324, 7.0709271431, 7.18975830078, 7.63268756866, 6.02159786224], "min": [-28.2118930817, -28.0388889313, -28.0158252716, -27.787771225, -27.6637401581, -27.448589325], "dmean": [0.414486497641, 0.357741564512, 0.330721825361, 0.302574068308, 0.306648552418, 0.267524302006], "mean": [-9.2550945282, -8.52813720703, -8.9981918335, -9.31775856018, -9.19214820862, -11.8698167801], "max": [-6.18195295334, -5.51586055756, -5.32500839233, -5.34376859665, -5.72969102859, -8.02742767334], "dmean2": [0.675419449806, 0.561825931072, 0.520534038544, 0.457024872303, 0.427308708429, 0.349651247263], "median": [-8.73007774353, -8.01280403137, -8.49957084656, -8.8272228241, -8.74087905884, -11.5792455673], "dvar": [0.16993431747, 0.125910744071, 0.116447634995, 0.121791087091, 0.146746963263, 0.131066635251]}, "hfc": {"dvar2": 79.9930038452, "var": 356.035400391, "min": 1.07893938473e-16, "dmean": 2.91500520706, "mean": 10.4459638596, "max": 136.474395752, "dmean2": 4.02118396759, "median": 1.69874942303, "dvar": 42.2411003113}, "spectral_kurtosis": {"dvar2": 24.1495704651, "var": 47.4356269836, "min": -1.27191197872, "dmean": 2.26361465454, "mean": 8.06343746185, "max": 83.0586776733, "dmean2": 3.65808916092, "median": 6.45098876953, "dvar": 9.67397212982}, "mfcc": {"mean": [-778.448730469, 120.499992371, -15.0152339935, 19.83801651, 6.53289270401, -6.82963323593, 2.1825492382, 0.364910364151, -4.39269685745, 0.75421923399, -2.74276685715, -6.2100520134, -3.09679389], "cov": [[16959.9023438, -1027.69445801, -1914.56079102, 287.982757568, -604.652038574, -98.3281097412, 168.848419189, 110.378425598, -116.423271179, 285.276367188, 95.5910263062, -112.432113647, -38.0131950378], [-1027.69445801, 2267.26635742, 329.206634521, 61.4026298523, 258.611663818, -30.232460022, 99.0377883911, 4.18825483322, 22.357925415, -70.7909698486, -42.3404884338, -24.4520187378, -22.3951969147], [-1914.56079102, 329.206634521, 1260.46594238, 85.1212310791, 62.5031013489, 147.923614502, 71.8062210083, 56.3967933655, 54.5723190308, -63.1145248413, 21.2082061768, 71.9678039551, -29.7124004364], [287.982757568, 61.4026298523, 85.1212310791, 474.907775879, 164.335174561, 9.32670211792, -31.1643466949, 47.3995704651, 38.8002891541, 20.9872016907, 7.36852455139, 21.323348999, 11.946931839], [-604.652038574, 258.611663818, 62.5031013489, 164.335174561, 353.493560791, 39.4515609741, -11.0907325745, -17.4914855957, 29.5498142242, 2.04007959366, -20.0809192657, 7.75813579559, 10.2115011215], [-98.3281097412, -30.232460022, 147.923614502, 9.32670211792, 39.4515609741, 372.025512695, 115.438117981, 38.3389472961, 13.2402963638, 39.7641181946, 23.1026191711, -7.75496053696, -19.2529907227], [168.848419189, 99.0377883911, 71.8062210083, -31.1643466949, -11.0907325745, 115.438117981, 255.899246216, 66.4807739258, 6.36743688583, 25.084695816, 16.2863807678, -24.3504638672, 3.43886876106], [110.378425598, 4.18825483322, 56.3967933655, 47.3995704651, -17.4914855957, 38.3389472961, 66.4807739258, 160.592376709, 63.0368881226, 30.207157135, 11.9822244644, -14.40417099, -1.94493436813], [-116.423271179, 22.357925415, 54.5723190308, 38.8002891541, 29.5498142242, 13.2402963638, 6.36743688583, 63.0368881226, 152.701782227, 57.1076011658, 6.72890233994, -7.81105947495, -22.7651519775], [285.276367188, -70.7909698486, -63.1145248413, 20.9872016907, 2.04007959366, 39.7641181946, 25.084695816, 30.207157135, 57.1076011658, 145.623306274, 50.5316238403, -9.12792396545, -10.8012838364], [95.5910263062, -42.3404884338, 21.2082061768, 7.36852455139, -20.0809192657, 23.1026191711, 16.2863807678, 11.9822244644, 6.72890233994, 50.5316238403, 116.886657715, 33.0923156738, -3.86731338501], [-112.432113647, -24.4520187378, 71.9678039551, 21.323348999, 7.75813579559, -7.75496053696, -24.3504638672, -14.40417099, -7.81105947495, -9.12792396545, 33.0923156738, 114.636833191, 19.5593757629], [-38.0131950378, -22.3951969147, -29.7124004364, 11.946931839, 10.2115011215, -19.2529907227, 3.43886876106, -1.94493436813, -22.7651519775, -10.8012838364, -3.86731338501, 19.5593757629, 98.7840881348]], "icov": [[8.62651140778e-05, 4.78731863041e-06, 0.000132167187985, -0.000145924321259, 0.000177145528141, -1.17608010441e-06, -9.73272835836e-05, -1.80637434823e-05, 8.15593302832e-05, -0.000101151264971, 1.1972010725e-05, -2.64576665359e-05, 8.96168421605e-05], [4.78731863041e-06, 0.000533496087883, -0.000116000461276, 5.16865511599e-05, -0.000424998172093, 0.000214770872844, -0.000300076470012, 2.00885770028e-05, -2.79547148239e-05, 0.000219466048293, 9.61629780249e-07, 0.000150739113451, 0.000166027806699], [0.000132167187985, -0.000116000461276, 0.00120924669318, -0.000358273769962, 0.000309286464471, -0.000404269201681, -0.000300692714518, -0.000173812863068, -0.00037079709, 0.000657857337501, -0.000200560578378, -0.000712991459295, 0.000447692989837], [-0.000145924321259, 5.16865511599e-05, -0.000358273769962, 0.00301958317868, -0.00166692677885, 0.000104760554677, 0.000733762746677, -0.00116533925757, 9.13458279683e-06, -0.000162984928465, -0.000147756552906, -0.000250330398558, -0.000345076841768], [0.000177145528141, -0.000424998172093, 0.000309286464471, -0.00166692677885, 0.00442162156105, -0.000649515539408, -9.25963468035e-05, 0.00123265245929, -0.000790534890257, -0.000300616491586, 0.000751135346945, -0.00023028322903, -0.000429775915109], [-1.17608010441e-06, 0.000214770872844, -0.000404269201681, 0.000104760554677, -0.000649515539408, 0.00351826939732, -0.00143790943548, -0.000215159292566, 0.000482575211208, -0.000833643076476, -0.000113354610221, 0.000107045190816, 0.000707069062628], [-9.73272835836e-05, -0.000300076470012, -0.000300692714518, 0.000733762746677, -9.25963468035e-05, -0.00143790943548, 0.00563023146242, -0.0021414917428, 0.000800846784841, -0.000470112951007, -0.000482936273329, 0.00103612255771, -0.000884410692379], [-1.80637434823e-05, 2.00885770028e-05, -0.000173812863068, -0.00116533925757, 0.00123265245929, -0.000215159292566, -0.0021414917428, 0.00925780273974, -0.00377049762756, 0.000266007788014, -0.000471723760711, 0.000972951354925, -0.000877224840224], [8.15593302832e-05, -2.79547148239e-05, -0.00037079709, 9.13458279683e-06, -0.000790534890257, 0.000482575211208, 0.000800846784841, -0.00377049762756, 0.0101493038237, -0.00414518360049, 0.00138920347672, -0.000290382682579, 0.00198365328833], [-0.000101151264971, 0.000219466048293, 0.000657857337501, -0.000162984928465, -0.000300616491586, -0.000833643076476, -0.000470112951007, 0.000266007788014, -0.00414518360049, 0.0111043807119, -0.00477376207709, 0.00145899271592, -9.82500714599e-05], [1.1972010725e-05, 9.61629780249e-07, -0.000200560578378, -0.000147756552906, 0.000751135346945, -0.000113354610221, -0.000482936273329, -0.000471723760711, 0.00138920347672, -0.00477376207709, 0.0119941160083, -0.00396013259888, 0.000921998405829], [-2.64576665359e-05, 0.000150739113451, -0.000712991459295, -0.000250330398558, -0.00023028322903, 0.000107045190816, 0.00103612255771, 0.000972951354925, -0.000290382682579, 0.00145899271592, -0.00396013259888, 0.0112413140014, -0.00242065265775], [8.96168421605e-05, 0.000166027806699, 0.000447692989837, -0.000345076841768, -0.000429775915109, 0.000707069062628, -0.000884410692379, -0.000877224840224, 0.00198365328833, -9.82500714599e-05, 0.000921998405829, -0.00242065265775, 0.0115291401744]]}, "silence_rate_20dB": {"dvar2": 0, "var": 0, "min": 1, "dmean": 0, "mean": 1, "max": 1, "dmean2": 0, "median": 1, "dvar": 0}, "melbands_kurtosis": {"dvar2": 454.559661865, "var": 405.19140625, "min": -1.77074038982, "dmean": 6.05188798904, "mean": 11.2261581421, "max": 254.646377563, "dmean2": 9.43698406219, "median": 4.30273771286, "dvar": 179.61555481}, "barkbands_spread": {"dvar2": 76.3775558472, "var": 177.690994263, "min": 0.366048723459, "dmean": 4.73856401443, "mean": 19.299654007, "max": 104.132484436, "dmean2": 7.01156282425, "median": 16.2854785919, "dvar": 38.5534439087}, "erbbands_skewness": {"dvar2": 0.4093542099, "var": 1.21063423157, "min": -4.38015937805, "dmean": 0.425032138824, "mean": 0.247919753194, "max": 7.07629489899, "dmean2": 0.626480281353, "median": 0.206002697349, "dvar": 0.196413859725}, "average_loudness": 0.2381619066, "spectral_centroid": {"dvar2": 225041.734375, "var": 2079453, "min": 127.711471558, "dmean": 248.13041687, "mean": 1582.35327148, "max": 11828.0527344, "dmean2": 367.060028076, "median": 1406.24279785, "dvar": 109671.296875}, "dissonance": {"dvar2": 0.00135641708039, "var": 0.00171103351749, "min": 0.164333790541, "dmean": 0.0214095376432, "mean": 0.452606230974, "max": 0.500000059605, "dmean2": 0.0351491905749, "median": 0.463978618383, "dvar": 0.00053691182984}, "erbbands_flatness_db": {"dvar2": 0.000666522013489, "var": 0.0029972542543, "min": 0.0549060627818, "dmean": 0.0179133694619, "mean": 0.186001375318, "max": 0.392495214939, "dmean2": 0.0255175922066, "median": 0.179559662938, "dvar": 0.000370978785213}, "spectral_strongpeak": {"dvar2": 2.34609556198, "var": 2.94843673706, "min": 0, "dmean": 0.459102243185, "mean": 0.989755213261, "max": 17.2053890228, "dmean2": 0.727541744709, "median": 0.253936678171, "dvar": 0.987596273422}, "spectral_rms": {"dvar2": 5.76415459363e-07, "var": 3.30304101226e-06, "min": 3.07726674004e-12, "dmean": 0.000388382468373, "mean": 0.0022122755181, "max": 0.0095978314057, "dmean2": 0.000536368694156, "median": 0.00170940090902, "dvar": 3.1599893191e-07}, "silence_rate_60dB": {"dvar2": 0.153530418873, "var": 0.24993121624, "min": 0, "dmean": 0.0786171555519, "mean": 0.508129537106, "max": 1, "dmean2": 0.157254442573, "median": 1, "dvar": 0.0724384710193}, "melbands": {"dvar2": [2.29340493263e-08, 2.41200865503e-07, 2.50510254318e-07, 3.04385672223e-08, 5.29121564341e-08, 8.56216075817e-08, 3.89946336554e-07, 5.19558263079e-08, 8.28114679052e-08, 4.2821264401e-07, 1.74300851086e-07, 3.54207912778e-07, 4.39900773586e-08, 4.05742213161e-08, 9.33412778181e-08, 8.5974939168e-08, 1.00696819771e-08, 5.31931583225e-08, 1.7846970124e-08, 5.24519094824e-09, 6.48089448774e-09, 4.13437906133e-09, 3.78048481409e-09, 2.16891038463e-09, 1.4978943641e-09, 6.84663936656e-10, 2.09084125014e-10, 1.40781955538e-10, 7.78477768359e-11, 1.36250715571e-11, 2.63731115939e-12, 1.6130040012e-12, 7.47645814616e-13, 8.73106057939e-13, 1.08754834565e-12, 5.79374926941e-13, 1.50883602487e-12, 3.04841980651e-12, 2.93610860451e-12, 5.79552410836e-13], "var": [8.08570810307e-09, 1.67879520063e-07, 1.08390601383e-07, 2.96162312452e-08, 6.0783335698e-08, 9.03462620272e-08, 2.82541009256e-07, 3.64842911438e-08, 7.57809885954e-08, 5.64141089399e-07, 2.12075832451e-07, 5.11720315899e-07, 8.13516862763e-08, 3.82101639218e-08, 7.27294562353e-08, 8.05368784995e-08, 1.14120384254e-08, 5.05632691272e-08, 2.29836452093e-08, 3.78916631405e-09, 7.67752528219e-09, 3.71957242784e-09, 7.88974041654e-09, 2.34314301295e-09, 1.74251246765e-09, 9.14580633449e-10, 2.6369276207e-10, 2.17377130185e-10, 5.23779457307e-11, 9.06027683434e-12, 4.69637956996e-12, 3.10467927409e-12, 1.67947990584e-12, 1.70856026809e-12, 1.3555095631e-12, 6.48303784788e-13, 8.69010646862e-13, 2.64957782277e-12, 2.43630441342e-12, 4.08410528703e-13], "min": [1.36816692603e-24, 1.24609720905e-24, 1.44855855759e-24, 1.56037613964e-24, 1.64672406547e-24, 1.59947317079e-24, 1.72528060935e-24, 1.9856490815e-24, 2.22568210001e-24, 1.22622294323e-24, 1.80808674692e-24, 2.45458527724e-24, 1.70510509726e-24, 2.24303132069e-24, 3.32807675809e-24, 2.01288923741e-24, 2.50203821891e-24, 3.43329660335e-24, 2.7300860737e-24, 3.98102994555e-24, 3.59716510147e-24, 3.3557791865e-24, 3.12928952922e-24, 5.21222330413e-24, 4.63622941443e-24, 4.10099162897e-24, 4.45809042254e-24, 4.40050594304e-24, 4.51848285243e-24, 4.09500614686e-24, 5.43122055775e-24, 6.20264132608e-24, 5.95529004494e-24, 5.56818416583e-24, 5.76312550058e-24, 4.11274762861e-24, 5.46181889454e-24, 6.17277544663e-24, 5.78553822219e-24, 4.87374399451e-24], "dmean": [2.51902329182e-05, 0.00010382210894, 9.3962502433e-05, 4.81927927467e-05, 4.30652762589e-05, 4.41699012299e-05, 8.63929890329e-05, 3.49960682797e-05, 3.61133315891e-05, 9.18403457035e-05, 6.31263610558e-05, 8.93718679436e-05, 3.0863815482e-05, 1.89244346984e-05, 3.93417503801e-05, 3.99678901886e-05, 1.37237639137e-05, 3.17471458402e-05, 2.12575287151e-05, 1.05549743239e-05, 1.1874167285e-05, 8.12830785435e-06, 1.0844123608e-05, 7.55154360377e-06, 7.79330730438e-06, 5.17480111739e-06, 3.28207988787e-06, 2.39009341385e-06, 1.15675027246e-06, 5.67069321278e-07, 3.99534712869e-07, 2.89795679009e-07, 2.23867800742e-07, 2.28532854862e-07, 2.06608490316e-07, 1.3835692414e-07, 1.33546592451e-07, 1.91326122945e-07, 1.95695349703e-07, 1.13360968612e-07], "mean": [3.94780436181e-05, 0.000254681624938, 0.000167190417415, 9.03048057808e-05, 7.80699774623e-05, 6.72459573252e-05, 0.000122745841509, 5.33626007382e-05, 5.64522379136e-05, 0.000163708260516, 9.79359465418e-05, 0.000151085303514, 5.26691001141e-05, 3.00207739201e-05, 6.03630069236e-05, 6.28974230494e-05, 2.0854145987e-05, 5.17824300914e-05, 3.55959127774e-05, 1.55525012815e-05, 1.85282151506e-05, 1.3436194422e-05, 2.21555146709e-05, 1.3423577002e-05, 1.45816875374e-05, 1.07264895632e-05, 6.47242359264e-06, 4.82672203361e-06, 2.43025510827e-06, 1.18463367471e-06, 9.22247750168e-07, 6.98340784311e-07, 5.54902726435e-07, 5.21700940226e-07, 4.51723991546e-07, 2.93388438877e-07, 2.55265575788e-07, 3.39127240068e-07, 3.24726244116e-07, 1.89246506466e-07], "max": [0.00179662881419, 0.00552515685558, 0.00604902300984, 0.00252784532495, 0.00560803897679, 0.00765317073092, 0.0121685191989, 0.00298085343093, 0.0116215208545, 0.0142874773592, 0.012229221873, 0.0117988716811, 0.00752151245251, 0.00590238487348, 0.0057283109054, 0.00561542995274, 0.00303732021712, 0.00450525386259, 0.00406390056014, 0.00153632799629, 0.00260111386888, 0.001569211483, 0.0015671813162, 0.00122133875266, 0.000734633300453, 0.0005169629585, 0.000265634560492, 0.000365623651305, 0.000309169641696, 0.000117998279165, 3.00164101645e-05, 3.71835267288