{"tonal": {"thpcp": [1, 0.817915320396, 0.615783691406, 0.313803523779, 0.214922934771, 0.265904486179, 0.1992033571, 0.171243458986, 0.199072897434, 0.163761422038, 0.201128959656, 0.207676172256, 0.12361112982, 0.141594648361, 0.191596016288, 0.144396975636, 0.111338555813, 0.133412629366, 0.174951955676, 0.399016588926, 0.668696582317, 0.627279937267, 0.468982368708, 0.382762849331, 0.258371442556, 0.171341612935, 0.14555567503, 0.13094343245, 0.178934276104, 0.207485988736, 0.162651985884, 0.148266762495, 0.150177836418, 0.167883262038, 0.441078841686, 0.91136777401], "hpcp": {"dmean2": [0.103304415941, 0.0936403721571, 0.107554063201, 0.138758510351, 0.170536011457, 0.265650808811, 0.3731944561, 0.411937683821, 0.393691539764, 0.316440194845, 0.229031682014, 0.168517589569, 0.139816880226, 0.119874358177, 0.141404137015, 0.167795553803, 0.165564805269, 0.17439173162, 0.174792662263, 0.181686729193, 0.286988377571, 0.416209608316, 0.478053212166, 0.467705667019, 0.372646450996, 0.236991986632, 0.164527878165, 0.162298545241, 0.132233321667, 0.118737414479, 0.120103687048, 0.121149025857, 0.164011448622, 0.154035270214, 0.0993460640311, 0.0955277308822], "median": [0.0135209504515, 0.0115231052041, 0.00548250600696, 0.00462956074625, 0.00550659745932, 0.0376763269305, 0.0996343269944, 0.0925264805555, 0.0340391397476, 0.0126683935523, 0.0072040585801, 0.00540276058018, 0.00417098030448, 0.00630239862949, 0.0124921705574, 0.0119574023411, 0.00575800426304, 0.00354048749432, 0.00336320977658, 0.00474223308265, 0.0485754832625, 0.139046788216, 0.166022062302, 0.123434759676, 0.0277163460851, 0.0047104600817, 0.0111900288612, 0.0179344192147, 0.0161039419472, 0.00964806322008, 0.00874441489577, 0.00985409878194, 0.0123865101486, 0.0146788228303, 0.00984080322087, 0.00924821384251], "min": [0, 0, 0, 0, 0, 0, 0, 0, 0, 0, 0, 0, 0, 0, 0, 0, 0, 0, 0, 0, 0, 0, 0, 0, 0, 0, 0, 0, 0, 0, 0, 0, 0, 0, 0, 0], "dvar2": [0.0471677146852, 0.0404577031732, 0.0683109089732, 0.0999675840139, 0.107838965952, 0.133323118091, 0.177217647433, 0.215835347772, 0.225366920233, 0.197548925877, 0.148053511977, 0.116962552071, 0.0983397886157, 0.0764312595129, 0.0937784016132, 0.122930668294, 0.129311263561, 0.148039728403, 0.14536935091, 0.131441280246, 0.148860707879, 0.178782403469, 0.212094604969, 0.214231565595, 0.200396567583, 0.139632612467, 0.093019939959, 0.0852674990892, 0.0675855129957, 0.062940724194, 0.0698977038264, 0.0703622698784, 0.120200462639, 0.0986166745424, 0.047604765743, 0.0456805303693], "dvar": [0.0179187357426, 0.0149584133178, 0.0244648512453, 0.0351388268173, 0.0396147929132, 0.0520153455436, 0.0674621090293, 0.0795370265841, 0.0840100049973, 0.0735275745392, 0.0536922886968, 0.0415243059397, 0.0345662273467, 0.0271839126945, 0.0334043093026, 0.0434258542955, 0.0451243966818, 0.0515591576695, 0.0511730238795, 0.0466913878918, 0.0559540987015, 0.0792222246528, 0.0891078263521, 0.0843369215727, 0.087188154459, 0.0553789436817, 0.0339449085295, 0.0322358831763, 0.0252263899893, 0.0228595398366, 0.0256867911667, 0.025373024866, 0.0438403487206, 0.0356479287148, 0.0168886389583, 0.0163937415928], "dmean": [0.059851590544, 0.0530636608601, 0.057441778481, 0.0732047706842, 0.0915968641639, 0.149041935802, 0.2142598629, 0.229753255844, 0.214774936438, 0.173161774874, 0.126268476248, 0.0895062759519, 0.0744929760695, 0.0645940452814, 0.0774946808815, 0.0910230576992, 0.0865814611316, 0.0894400775433, 0.0900052115321, 0.0954070165753, 0.163390666246, 0.243561089039, 0.272742778063, 0.266102850437, 0.209097698331, 0.133787870407, 0.0909264758229, 0.0921889916062, 0.0742002800107, 0.0654895529151, 0.0661788955331, 0.0663348734379, 0.0904156416655, 0.0866616815329, 0.0548632778227, 0.0531796179712], "max": [1, 1, 1, 1, 1, 1, 1, 1, 1, 1, 1, 1, 1, 1, 1, 1, 1, 1, 1, 1, 1, 1, 1, 1, 1, 1, 1, 1, 1, 1, 1, 1, 1, 1, 1, 1], "var": [0.0242333021015, 0.0133833251894, 0.0154461860657, 0.0216827578843, 0.027753662318, 0.0505747757852, 0.0840321183205, 0.0784313157201, 0.0737326070666, 0.0621485896409, 0.0399941466749, 0.0272106416523, 0.022291181609, 0.0176346562803, 0.0232689175755, 0.0316538736224, 0.0272363759577, 0.0291853435338, 0.0293502230197, 0.0287302527577, 0.0539234392345, 0.124240525067, 0.135664731264, 0.110799275339, 0.113637775183, 0.0536540560424, 0.0272950548679, 0.0364186689258, 0.0228121448308, 0.0206844173372, 0.0324298106134, 0.0195262040943, 0.0310270618647, 0.02698802948, 0.0114982351661, 0.0146133285016], "mean": [0.0664415210485, 0.0500738695264, 0.0386098995805, 0.0462647266686, 0.0606697015464, 0.138370662928, 0.231890082359, 0.217527642846, 0.162633344531, 0.132734209299, 0.089597851038, 0.0594177097082, 0.0504756830633, 0.0454084612429, 0.0620506890118, 0.071951828897, 0.0564043298364, 0.0514158345759, 0.0520785562694, 0.0582184270024, 0.152956977487, 0.316043406725, 0.346779227257, 0.283636033535, 0.213541001081, 0.108820542693, 0.0745308101177, 0.0922101512551, 0.0690795853734, 0.059383675456, 0.069034345448, 0.0567890591919, 0.0697473436594, 0.0720177814364, 0.0428657718003, 0.0491020828485]}, "tuning_equal_tempered_deviation": 0.050631634891, "chords_changes_rate": 0.0668835863471, "key_key": "E", "tuning_diatonic_strength": 0.58478051424, "key_scale": "minor", "chords_number_rate": 0.00162689806893, "tuning_frequency": 441.272583008, "tuning_nontempered_energy_ratio": 0.722487807274, "chords_histogram": [19.667388916, 1.93420100212, 5.98336935043, 0.433839470148, 0.108459867537, 10.032538414, 0.668835878372, 32.3210411072, 0, 2.92841649055, 0, 0.939985513687, 0, 0, 0.0180766452104, 0, 0, 0, 0, 0, 1.01229214668, 0.723065793514, 19.2516269684, 3.97686195374], "key_strength": 0.700137019157, "chords_key": "E", "chords_strength": {"dmean2": 0.0112006207928, "median": 0.47116202116, "min": -1, "dvar2": 0.000765708915424, "dvar": 0.00039800372906, "dmean": 0.00958017352968, "max": 0.760713279247, "var": 0.0222091767937, "mean": 0.466105103493}, "chords_scale": "major", "hpcp_entropy": {"dmean2": 0.99586892128, "median": 2.00491786003, "min": 0, "dvar2": 0.654961645603, "dvar": 0.23818449676, "dmean": 0.589505791664, "max": 4.16826534271, "var": 0.522694528103, "mean": 1.98987209797}}, "metadata": {"audio_properties": {"equal_loudness": 0, "codec": "flac", "downmix": "mix", "sample_rate": 44100, "analysis_sample_rate": 44100, "bit_rate": 0, "md5_encoded": "85c62a7c12304f74e1d8dddf9290f913", "length": 256.826660156, "replay_gain": -7.42659950256, "lossless": true}, "version": {"essentia_build_sha": "70f2e5ece6736b2c40cc944ad0e695b16b925413", "essentia": "2.1-beta2", "extractor": "music 1.0", "essentia_git_sha": "v2.1_beta2"}, "tags": {"title": ["Nucleo Antirapina"], "media": ["CD"], "albumartist": ["Various artists"], "tracktotal": ["18"], "musicbrainz_releasegroupid": ["0c2485fe-6c07-325a-95fb-8d6c06bf92a8"], "releasetype": ["album", "compilation"], "musicbrainz_recordingid": ["19e5b9a2-93ed-43e5-81d3-07a8befb225e"], "musicbrainz_albumartistid": ["89ad4ac3-39f7-470e-963a-56509c546377"], "originalyear": ["2005"], "musicbrainz_releasetrackid": ["612ec6c1-9b2b-38c7-aca6-6cc5dfa3bbd7"], "discnumber": ["1"], "totaldiscs": ["1"], "album": ["Poliziotteschi graffiti"], "catalognumber": ["GDM 2054"], "releasecountry": ["IT"], "file_name": "06. Vince Tempera - Nucleo Antirapina.flac", "compilation": ["1"], "originaldate": ["2005-03"], "albumartistsort": ["Various artists"], "date": ["2005-03"], "genre": ["BSO"], "disctotal": ["1"], "musicbrainz_artistid": ["7805ec04-6715-4bf2-8683-eaa870667f84"], "asin": ["B00082MXZ0"], "musicbrainz_albumid": ["5149479c-97ed-4ae6-8fa1-4f2eba782440"], "tracknumber": ["6"], "artistsort": ["Tempera, Vince"], "artist": ["Vince Tempera"], "label": ["GDM"], "releasestatus": ["official"], "acoustid_id": ["bab7ccec-05eb-4f3a-8da6-8f494fbb7580"], "script": ["Latn"], "totaltracks": ["18"]}}, "rhythm": {"bpm_histogram_first_peak_bpm": {"dmean2": 0, "median": 129, "min": 129, "dvar2": 0, "dvar": 0, "dmean": 0, "max": 129, "var": 0, "mean": 129}, "bpm": 130.673339844, "bpm_histogram_second_peak_spread": {"dmean2": 0, "median": 0.03125, "min": 0.03125, "dvar2": 0, "dvar": 0, "dmean": 0, "max": 0.03125, "var": 0, "mean": 0.03125}, "bpm_histogram_first_peak_weight": {"dmean2": 0, "median": 0.480286747217, "min": 0.480286747217, "dvar2": 0, "dvar": 0, "dmean": 0, "max": 0.480286747217, "var": 0, "mean": 0.480286747217}, "onset_rate": 4.42675065994, "beats_position": [0.406349211931, 0.824308395386, 1.25387752056, 1.69505667686, 2.15945577621, 2.63546490669, 3.08825397491, 3.54104304314, 3.99383211136, 4.45823097229, 4.92263031006, 5.36380958557, 5.8282084465, 6.29260778427, 6.7570066452, 7.19818592072, 7.63936471939, 8.09215450287, 8.54494285583, 9.0093421936, 9.46213150024, 9.91492080688, 10.3677091599, 10.8204984665, 11.2848978043, 11.7260770798, 12.1788663864, 12.6316547394, 13.084444046, 13.5372333527, 14.0016326904, 14.4544210434, 14.90721035, 15.3599996567, 15.8127889633, 16.2539672852, 16.7067565918, 17.1595458984, 17.6239452362, 18.0767345428, 18.5295238495, 18.970703125, 19.4118824005, 19.853061676, 20.3058490753, 20.758638382, 21.2114276886, 21.6642169952, 22.1170063019, 22.5697956085, 23.010974884, 23.4637641907, 23.9165534973, 24.3809528351, 24.8453502655, 25.286529541, 25.7509288788, 26.2153282166, 26.6797275543, 27.1441268921, 27.5853061676, 28.0380954742, 28.4908847809, 28.9552822113, 29.4080715179, 29.8724708557, 30.3368701935, 30.7896595001, 31.2308387756, 31.6836280823, 32.1364173889, 32.6008148193, 33.0652160645, 33.5296134949, 33.99401474, 34.4468002319, 34.8995895386, 35.3639907837, 35.8167800903, 36.269569397, 36.7339668274, 37.1983680725, 37.6627655029, 38.1271629333, 38.57995224, 39.0443534851, 39.4971427917, 39.9615402222, 40.4143295288, 40.8787307739, 41.3431282043, 41.8075294495, 42.2603149414, 42.7247161865, 43.1775054932, 43.6419029236, 44.0946922302, 44.5590934753, 45.0234909058, 45.4878921509, 45.9522895813, 46.4166870117, 46.8810882568, 47.3454856873, 47.8214950562, 48.2742843628, 48.7386856079, 49.2030830383, 49.6674804688, 50.1202697754, 50.573059082, 51.0258483887, 51.4786376953, 51.9430389404, 52.4074363708, 52.8602256775, 53.3246231079, 53.7774124146, 54.2418136597, 54.7062110901, 55.1590003967, 55.6117897034, 56.0761909485, 56.5405883789, 57.0049858093, 57.457775116, 57.9221763611, 58.3865737915, 58.8509750366, 59.3037643433, 59.7681617737, 60.2209510803, 60.673740387, 61.1381378174, 61.6025390625, 62.0553283691, 62.5197257996, 62.9725151062, 63.4253044128, 63.8780937195, 64.3424911499, 64.806892395, 65.2596817017, 65.7124710083, 66.1884765625, 66.6412658691, 67.1056671143, 67.5584564209, 68.0112457275, 68.4756469727, 68.9516525269, 69.4044418335, 69.8572311401, 70.3100204468, 70.7744216919, 71.238822937, 71.6916122437, 72.1444015503, 72.608795166, 73.0615844727, 73.5143737793, 73.9671630859, 74.4199523926, 74.8611297607, 75.3139190674, 75.766708374, 76.2194976807, 76.6722869873, 77.1366882324, 77.5894775391, 78.0422668457, 78.4950561523, 78.947845459, 79.4006347656, 79.8534240723, 80.3062133789, 80.7590026855, 81.2117919922, 81.6645812988, 82.1173706055, 82.5701599121, 83.0113372803, 83.4641265869, 83.9169158936, 84.3697052002, 84.8224945068, 85.2752838135, 85.7164611816, 86.1692504883, 86.6104278564, 87.0748291016, 87.5276184082, 87.9804077148, 88.44480896, 88.9092025757, 89.3503875732, 89.814781189, 90.2675704956, 90.7319717407, 91.1963729858, 91.6491622925, 92.0903396606, 92.5547409058, 93.0191345215, 93.4835357666, 93.9247131348, 94.3775024414, 94.830291748, 95.2946929932, 95.7590942383, 96.223487854, 96.6646728516, 97.1290664673, 97.5934677124, 98.0578689575, 98.4990463257, 98.9634475708, 99.4278411865, 99.8806304932, 100.3334198, 100.797821045, 101.26222229, 101.726615906, 102.179405212, 102.643806458, 103.096595764, 103.560997009, 104.025398254, 104.48979187, 104.954193115, 105.41859436, 105.871383667, 106.335777283, 106.788566589, 107.241355896, 107.694145203, 108.158546448, 108.622947693, 109.087341309, 109.540130615, 110.00453186, 110.457321167, 110.921722412, 111.386123657, 111.838912964, 112.291702271, 112.756095886, 113.208885193, 113.673286438, 114.126075745, 114.59047699, 115.043266296, 115.507659912, 115.960449219, 116.424850464, 116.877639771, 117.330429077, 117.794830322, 118.259223938, 118.723625183, 119.17641449, 119.629203796, 120.081993103, 120.53478241, 120.999183655, 121.451972961, 121.916366577, 122.369155884, 122.82194519, 123.274734497, 123.727523804, 124.18031311, 124.644714355, 125.097503662, 125.550292969, 126.014694214, 126.467483521, 126.920272827, 127.373062134, 127.82585144, 128.290252686, 128.731430054, 129.195831299, 129.648620605, 130.113006592, 130.565795898, 131.030197144, 131.48298645, 131.947387695, 132.400177002, 132.864578247, 133.305755615, 133.77015686, 134.222946167, 134.687347412, 135.151748657, 135.616149902, 136.068939209, 136.521713257, 136.986114502, 137.450515747, 137.903305054, 138.35609436, 138.808883667, 139.261672974, 139.71446228, 140.167251587, 140.631652832, 141.096054077, 141.548843384, 142.013244629, 142.454421997, 142.918823242, 143.383224487, 143.847610474, 144.30039978, 144.776412964, 145.217590332, 145.681991577, 146.123168945, 146.58757019, 147.040359497, 147.504760742, 147.957550049, 148.421951294, 148.874740601, 149.327529907, 149.791931152, 150.256317139, 150.709106445, 151.161895752, 151.614685059, 152.067474365, 152.53187561, 152.996276855, 153.460678101, 153.925079346, 154.389480591, 154.842269897, 155.295059204, 155.759460449, 156.223846436, 156.688247681, 157.141036987, 157.605438232, 158.069839478, 158.534240723, 158.987030029, 159.451431274, 159.915817261, 160.380218506, 160.833007812, 161.285797119, 161.726974487, 162.191375732, 162.644165039, 163.108566284, 163.561355591, 164.025756836, 164.478546143, 164.942947388, 165.395736694, 165.860137939, 166.312927246, 166.765716553, 167.230117798, 167.694503784, 168.158905029, 168.623306274, 169.08770752, 169.552108765, 170.01651001, 170.480911255, 170.945297241, 171.398086548, 171.850875854, 172.3152771, 172.779678345, 173.24407959, 173.696868896, 174.161270142, 174.614059448, 175.078460693, 175.54284668, 176.007247925, 176.47164917, 176.936050415, 177.388839722, 177.841629028, 178.294418335, 178.747207642, 179.199996948, 179.664398193, 180.1171875, 180.581588745, 181.04598999, 181.498779297, 181.951568604, 182.41595459, 182.880355835, 183.333145142, 183.785934448, 184.250335693, 184.714736938, 185.167526245, 185.620315552, 186.107940674, 186.57232666, 187.048339844, 187.50112915, 187.965530396, 188.406707764, 188.871109009, 189.335510254, 189.788299561, 190.241088867, 190.705490112, 191.169876099, 191.622665405, 192.075454712, 192.539855957, 193.004257202, 193.468658447, 193.933059692, 194.397460938, 194.873458862, 195.326248169, 195.779037476, 196.243438721, 196.696228027, 197.160629272, 197.625030518, 198.077819824, 198.530609131, 198.995010376, 199.459411621, 199.912200928, 200.364990234, 200.829391479, 201.293777466, 201.758178711, 202.210968018, 202.663757324, 203.116546631, 203.580947876, 204.033737183, 204.498138428, 204.950927734, 205.415328979, 205.879730225, 206.355728149, 206.808517456, 207.261306763, 207.725708008, 208.190109253, 208.654510498, 209.118911743, 209.57170105, 210.024490356, 210.488891602, 210.941680908, 211.394470215, 211.858856201, 212.323257446, 212.787658691, 213.22883606, 213.693237305, 214.15763855, 214.610427856, 215.063217163, 215.527618408, 215.980407715, 216.433197021, 216.897598267, 217.361984253, 217.826385498, 218.290786743, 218.74357605, 219.196365356, 219.660766602, 220.125167847, 220.589569092, 221.053970337, 221.506759644, 221.97114563, 222.423934937, 222.888336182, 223.341125488, 223.793914795, 224.25831604, 224.722717285, 225.18711853, 225.651519775, 226.104309082, 226.568710327, 227.033096313, 227.48588562, 227.950286865, 228.41468811, 228.867477417, 229.320266724, 229.784667969, 230.249069214, 230.713470459, 231.177871704, 231.64225769, 232.106658936, 232.571060181, 233.035461426, 233.499862671, 233.964263916, 234.417053223, 234.869842529, 235.334228516, 235.798629761, 236.263031006, 236.727432251, 237.168609619, 237.633010864, 238.085800171, 238.538589478, 239.002990723, 239.467391968, 239.931793213, 240.396179199, 240.848968506, 241.313369751, 241.766159058, 242.230560303, 242.694961548, 243.159362793, 243.623764038, 244.088165283, 244.54095459, 245.005340576, 245.458129883, 245.922531128, 246.375320435, 246.828109741, 247.292510986, 247.745300293, 248.1980896, 248.662490845, 249.12689209, 249.591293335, 250.044082642, 250.508468628, 250.961257935, 251.42565918, 251.890060425, 252.35446167, 252.830474854, 253.306488037, 253.7940979, 254.281723022, 254.769332886, 255.268569946, 255.767791748, 256.267028809], "beats_loudness": {"dmean2": 0.197049558163, "median": 0.0967021733522, "min": 0, "dvar2": 0.0157021097839, "dvar": 0.0046449736692, "dmean": 0.0993060395122, "max": 0.443815529346, "var": 0.00587405404076, "mean": 0.120033428073}, "danceability": 1.47161889076, "bpm_histogram_second_peak_weight": {"dmean2": 0, "median": 0.0555555559695, "min": 0.0555555559695, "dvar2": 0, "dvar": 0, "dmean": 0, "max": 0.0555555559695, "var": 0, "mean": 0.0555555559695}, "beats_count": 559, "bpm_histogram_second_peak_bpm": {"dmean2": 0, "median": 136, "min": 136, "dvar2": 0, "dvar": 0, "dmean": 0, "max": 136, "var": 0, "mean": 136}, "bpm_histogram_first_peak_spread": {"dmean2": 0, "median": 0.482625484467, "min": 0.482625484467, "dvar2": 0, "dvar": 0, "dmean": 0, "max": 0.482625484467, "var": 0, "mean": 0.482625484467}, "beats_loudness_band_ratio": {"dmean2": [0.575343966484, 0.586206972599, 0.135190322995, 0.070431701839, 0.0656707435846, 0.0116293495521], "median": [0.795487940311, 0.0741006433964, 0.0385349802673, 0.0228501614183, 0.0141136134043, 0.0029369329568], "min": [0, 0, 0, 0, 0, 0], "dvar2": [0.0738354101777, 0.127111464739, 0.0177336297929, 0.00559418462217, 0.00727490661666, 0.000879662693478], "dvar": [0.021990025416, 0.0374053828418, 0.00568325864151, 0.00188118393999, 0.00206413073465, 0.000302028551232], "dmean": [0.289540499449, 0.294122636318, 0.0692779347301, 0.0377255678177, 0.0338005051017, 0.00609517935663], "max": [0.9967841506, 0.752849340439, 0.59691298008, 0.391689628363, 0.473288178444, 0.302462160587], "var": [0.0423470772803, 0.0401555076241, 0.00664008641616, 0.00296509242617, 0.00168217567261, 0.00019495243032], "mean": [0.746606051922, 0.184524640441, 0.0669527053833, 0.0419135205448, 0.0278397705406, 0.00544444378465]}}, "lowlevel": {"barkbands_spread": {"dmean2": 5.53044939041, "median": 9.71747016907, "min": 0.261846452951, "dvar2": 29.5886955261, "dvar": 12.3839082718, "dmean": 3.41404938698, "max": 126.795478821, "var": 55.2628746033, "mean": 10.8038463593}, "melbands_spread": {"dmean2": 5.87683725357, "median": 7.63221693039, "min": 0.278559297323, "dvar2": 44.9407272339, "dvar": 19.4606647491, "dmean": 3.6053814888, "max": 165.154876709, "var": 210.843948364, "mean": 10.8073616028}, "hfc": {"dmean2": 8.00183963776, "median": 21.3706855774, "min": 1.06543529727e-16, "dvar2": 63.8722610474, "dvar": 25.2390213013, "dmean": 4.96779584885, "max": 65.2633209229, "var": 89.9116668701, "mean": 21.3841056824}, "barkbands_kurtosis": {"dmean2": 12.9878606796, "median": 6.95608854294, "min": -1.8137472868, "dvar2": 541.663146973, "dvar": 238.849136353, "dmean": 7.96312999725, "max": 962.95501709, "var": 441.911529541, "mean": 12.7071504593}, "gfcc": {"mean": [-13.9712533951, 142.750045776, -97.2834701538, 30.6194381714, -28.5043029785, 19.8776092529, -29.5175552368, 8.32180976868, -9.81753349304, 3.85101222992, -13.5017375946, -8.8280582428, -4.84064483643], "icov": [[0.000283949833829, -0.00100117595866, 0.000455261208117, -0.000905095424969, 0.000559087784495, -0.000639476987999, 0.000427635153756, -0.000733992259484, 0.000628722191323, -0.00101210246794, 0.0011832913151, -0.00126608437859, 0.00110768817831], [-0.00100117595866, 0.00530269276351, -0.00147345056757, 0.00378911220469, -0.00271623791195, 0.00278130569495, -0.00112116278615, 0.00287734554149, -0.00277095893398, 0.00510866800323, -0.00534902093932, 0.00662368023768, -0.00490259751678], [0.000455261208117, -0.00147345056757, 0.00192572094966, -0.00136980216485, 0.00024367122387, -0.00101635605097, 0.00075467285933, -0.00132303975988, 0.0010773553513, -0.00145194830839, 0.00186779047363, -0.00224577076733, 0.00208256882615], [-0.000905095424969, 0.00378911220469, -0.00136980216485, 0.00770476972684, -0.00162435765378, 0.00156234251335, -0.000501495844219, 0.00240995292552, -0.0022560171783, 0.00296210660599, -0.00437762448564, 0.00613151490688, -0.00461417762563], [0.000559087784495, -0.00271623791195, 0.00024367122387, -0.00162435765378, 0.00505973305553, -0.000963217637036, 7.65937293181e-05, 0.00020210139337, 2.33638420468e-05, -0.00148146110587, 0.00188771204557, -0.00150544813368, 0.00185770704411], [-0.000639476987999, 0.00278130569495, -0.00101635605097, 0.00156234251335, -0.000963217637036, 0.00637106783688, -0.0019860083703, 0.000661795958877, 6.5028660174e-05, 0.00154651212506, -0.00209650676697, 0.0039075659588, -0.0035691075027], [0.000427635153756, -0.00112116278615, 0.00075467285933, -0.000501495844219, 7.65937293181e-05, -0.0019860083703, 0.00715536205098, -0.00370688945986, 0.000123722842545, 0.00149270368274, -0.000216543587158, -0.00196422846057, 0.00214487873018], [-0.000733992259484, 0.00287734554149, -0.00132303975988, 0.00240995292552, 0.00020210139337, 0.000661795958877, -0.00370688945986, 0.0114427534863, -0.00431732507423, 0.00179774791468, -0.00185216125101, 0.00166279473342, -0.00281617091969], [0.000628722191323, -0.00277095893398, 0.0010773553513, -0.0022560171783, 2.33638420468e-05, 6.5028660174e-05, 0.000123722842545, -0.00431732507423, 0.0118407299742, -0.00602451851591, 0.00191003852524, 0.000737606140319, 0.000484693999169], [-0.00101210246794, 0.00510866800323, -0.00145194830839, 0.00296210660599, -0.00148146110587, 0.00154651212506, 0.00149270368274, 0.00179774791468, -0.00602451851591, 0.017751770094, -0.00888890679926, 0.0036898269318, -0.00131804158445], [0.0011832913151, -0.00534902093932, 0.00186779047363, -0.00437762448564, 0.00188771204557, -0.00209650676697, -0.000216543587158, -0.00185216125101, 0.00191003852524, -0.00888890679926, 0.0187740568072, -0.00926114991307, 0.00291134533472], [-0.00126608437859, 0.00662368023768, -0.00224577076733, 0.00613151490688, -0.00150544813368, 0.0039075659588, -0.00196422846057, 0.00166279473342, 0.000737606140319, 0.0036898269318, -0.00926114991307, 0.0207550227642, -0.00850852765143], [0.00110768817831, -0.00490259751678, 0.00208256882615, -0.00461417762563, 0.00185770704411, -0.0035691075027, 0.00214487873018, -0.00281617091969, 0.000484693999169, -0.00131804158445, 0.00291134533472, -0.00850852765143, 0.0206349436194]], "cov": [[20726.3320312, 184.188674927, -2045.17834473, 692.533447266, -1401.14770508, 682.390380859, -486.085479736, 406.618255615, -374.152496338, 328.785949707, -311.461914062, 205.267181396, -199.005554199], [184.188674927, 1544.96069336, 67.2659912109, -91.9804382324, 554.715515137, -260.73739624, -20.3112220764, -191.22819519, 173.353820801, -177.367156982, 52.672492981, -263.204040527, 79.4334182739], [-2045.17834473, 67.2659912109, 936.821655273, -34.8075218201, 191.477844238, -32.9688072205, 15.6403579712, -20.8577632904, 11.2423553467, -26.1647377014, 5.6782412529, -8.77862358093, -10.3334503174], [692.533447266, -91.9804382324, -34.8075218201, 242.264648438, -39.2992401123, 36.1243972778, -36.4215888977, 1.6751101017, 5.81356477737, 24.8216190338, -1.77162265778, -19.9484138489, 5.93105363846], [-1401.14770508, 554.715515137, 191.477844238, -39.2992401123, 527.768066406, -125.91431427, 20.1161804199, -115.084159851, 99.5056762695, -76.6062774658, 28.7582015991, -121.71308136, 30.3307991028], [682.390380859, -260.73739624, -32.9688072205, 36.1243972778, -125.91431427, 276.780029297, 41.9212989807, 65.2733535767, -51.0935897827, 25.5833778381, -19.9649772644, 35.1044158936, -3.28816556931], [-486.085479736, -20.3112220764, 15.6403579712, -36.4215888977, 20.1161804199, 41.9212989807, 213.25177002, 61.3638954163, 13.806643486, -30.4314785004, 15.1531505585, 11.189745903, 3.40100431442], [406.618255615, -191.22819519, -20.8577632904, 1.6751101017, -115.084159851, 65.2733535767, 61.3638954163, 167.011001587, 9.44336128235, 29.5050830841, -5.84785318375, 44.2238082886, -5.9929432869], [-374.152496338, 173.353820801, 11.2423553467, 5.81356477737, 99.5056762695, -51.0935897827, 13.806643486, 9.44336128235, 155.230453491, 14.8450832367, 20.9324264526, -53.6279792786, 15.7306118011], [328.785949707, -177.367156982, -26.1647377014, 24.8216190338, -76.6062774658, 25.5833778381, -30.4314785004, 29.5050830841, 14.8450832367, 119.974807739, 24.5420703888, 33.6827812195, -15.3462457657], [-311.461914062, 52.672492981, 5.6782412529, -1.77162265778, 28.7582015991, -19.9649772644, 15.1531505585, -5.84785318375, 20.9324264526, 24.5420703888, 97.1496810913, 17.1817188263, 14.302904129], [205.267181396, -263.204040527, -8.77862358093, -19.9484138489, -121.71308136, 35.1044158936, 11.189745903, 44.2238082886, -53.6279792786, 33.6827812195, 17.1817188263, 136.073165894, 1.86914587021], [-199.005554199, 79.4334182739, -10.3334503174, 5.93105363846, 30.3307991028, -3.28816556931, 3.40100431442, -5.9929432869, 15.7306118011, -15.3462457657, 14.302904129, 1.86914587021, 73.3179244995]]}, "spectral_energyband_middle_low": {"dmean2": 0.0149486716837, "median": 0.0170923769474, "min": 1.63804568832e-22, "dvar2": 0.000716786424164, "dvar": 0.000265259121079, "dmean": 0.00906008295715, "max": 0.182906612754, "var": 0.00029079822707, "mean": 0.0206512138247}, "melbands_crest": {"dmean2": 4.94144630432, "median": 18.527671814, "min": 1.0002117157, "dvar2": 19.1870880127, "dvar": 7.5040307045, "dmean": 3.09695982933, "max": 38.3659057617, "var": 24.1208381653, "mean": 18.067035675}, "spectral_kurtosis": {"dmean2": 8.68898963928, "median": 7.57101821899, "min": -1.27713513374, "dvar2": 428.971801758, "dvar": 219.219009399, "dmean": 5.54866743088, "max": 274.779632568, "var": 770.575378418, "mean": 14.3601303101}, "spectral_rms": {"dmean2": 0.00290863704868, "median": 0.00851321686059, "min": 3.11934852948e-12, "dvar2": 8.15704152046e-06, "dvar": 3.1530587421e-06, "dmean": 0.00173441483639, "max": 0.0207877643406, "var": 9.87236398942e-06, "mean": 0.00897647533566}, "zerocrossingrate": {"dmean2": 0.00620183395222, "median": 0.02099609375, "min": 0.0029296875, "dvar2": 6.11938157817e-05, "dvar": 4.61852214357e-05, "dmean": 0.00486497813836, "max": 0.53271484375, "var": 0.00246909284033, "mean": 0.027817774564}, "silence_rate_60dB": {"dmean2": 0.00108499091584, "median": 0, "min": 0, "dvar2": 0.00144548667595, "dvar": 0.000542121357284, "dmean": 0.000542446447071, "max": 1, "var": 0.0239841230214, "mean": 0.0245886817575}, "erbbands_kurtosis": {"dmean2": 1.72202968597, "median": -0.11620080471, "min": -1.84634876251, "dvar2": 13.0036773682, "dvar": 5.9384264946, "dmean": 1.10498905182, "max": 92.7970581055, "var": 15.8922510147, "mean": 0.83155888319}, "erbbands": {"dmean2": [1.17653977871, 13.4270687103, 21.4618282318, 15.8263015747, 29.3050880432, 25.7281932831, 18.8495864868, 24.0372619629, 20.0635929108, 23.9772071838, 17.2484989166, 28.8031921387, 26.5950241089, 22.5638427734, 23.7932777405, 18.0074863434, 21.5181121826, 40.4473342896, 37.7249259949, 24.6750392914, 18.3790626526, 15.1630010605, 7.41703701019, 5.08019590378, 4.54775381088, 3.69040465355, 2.42822194099, 1.86723530293, 1.52153754234, 0.942797541618, 0.550822973251, 0.365661680698, 0.19179905951, 0.121658779681, 0.0860041603446, 0.0618380568922, 0.02889325656, 0.00365271465853, 0.000261592795141, 7.06443606759e-05], "median": [0.462387442589, 8.88148117065, 14.5700311661, 13.7994279861, 13.3516597748, 6.06245994568, 9.56248664856, 15.0854911804, 11.1875715256, 13.9818115234, 13.3826761246, 18.9147987366, 15.6748304367, 14.4100608826, 12.4736595154, 9.58267307281, 12.1739015579, 26.4806747437, 28.8418769836, 18.159866333, 10.0967855453, 8.56705188751, 4.96407365799, 3.11003446579, 2.34902906418, 2.14372825623, 1.3022749424, 1.04860210419, 0.67490786314, 0.468517184258, 0.394156992435, 0.326938331127, 0.160922110081, 0.100981622934, 0.067578881979, 0.0216893870384, 0.00248136208393, 0.000245611241553, 6.87593928888e-05, 8.94006807357e-05], "min": [1.00086815702e-22, 6.90220525942e-22, 8.45228992758e-22, 5.61543675735e-21, 1.56139840272e-20, 3.16812048689e-20, 4.86197441637e-20, 3.35776812131e-20, 6.60840665976e-20, 1.71088144239e-19, 1.93289814051e-19, 3.55108197529e-19, 3.52955537533e-19, 5.27554391388e-19, 7.50180850872e-19, 1.5283183385e-18, 1.40340600099e-18, 2.1132020332e-18, 2.42533905094e-18, 3.31770294333e-18, 3.93192983629e-18, 5.15899395878e-18, 4.89437846723e-18, 5.73314457144e-18, 6.54580899143e-18, 7.66762678868e-18, 7.93844075814e-18, 1.10947262292e-17, 1.06180675371e-17, 1.17811488256e-17, 1.26295325588e-17, 1.18939332478e-17, 9.02224836548e-18, 8.3321324076e-18, 5.93018147489e-18, 4.48103838309e-18, 2.30999098927e-18, 9.85996912019e-19, 2.48545517744e-19, 2.42526043647e-20], "dvar2": [3.0220682621, 283.724884033, 1376.91748047, 641.934570312, 4458.6171875, 4569.90039062, 917.156311035, 1299.0369873, 977.38848877, 1589.72387695, 1023.11132812, 2583.12036133, 2513.72631836, 1762.06994629, 2349.05029297, 1788.53491211, 2138.83227539, 4474.84033203, 4040.73413086, 1736.88171387, 1183.85058594, 694.178710938, 177.393386841, 130.678237915, 146.113464355, 126.78956604, 42.5103225708, 46.0199737549, 33.9203338623, 11.5362987518, 5.23173570633, 1.58540558815, 0.659730732441, 0.160962745547, 0.0351572260261, 0.0184192899615, 0.00523457909003, 8.90713417903e-05, 1.29424972783e-06, 6.7696732664e-09], "dvar": [1.31683802605, 103.992362976, 479.358612061, 228.854263306, 1630.07543945, 1672.44445801, 340.170410156, 512.76965332, 407.873352051, 820.564331055, 518.556152344, 1218.54956055, 1358.23388672, 785.043579102, 1249.04003906, 901.973083496, 1019.2722168, 2087.18896484, 1875.59130859, 860.552490234, 564.990356445, 319.567687988, 77.6147689819, 55.3850822449, 54.7669181824, 44.9544372559, 15.4643526077, 16.1586380005, 12.4319143295, 5.08999538422, 2.2791121006, 0.776738703251, 0.300662338734, 0.0834912657738, 0.0179457701743, 0.00787173397839, 0.00197846605442, 3.90659552068e-05, 6.10500251241e-07, 2.7642770295e-09], "dmean": [0.73970246315, 7.94660282135, 12.2423706055, 9.50834751129, 17.4108047485, 14.9353246689, 11.225268364, 14.7190818787, 12.4432764053, 16.7271785736, 11.4901704788, 19.5326786041, 18.6944961548, 15.0796375275, 16.5883655548, 11.6934976578, 14.0292396545, 26.0845279694, 24.4250087738, 16.1507720947, 11.8287239075, 9.64110660553, 4.72572183609, 3.17758083344, 2.78944897652, 2.21708393097, 1.47414708138, 1.1476984024, 0.931400239468, 0.598043859005, 0.363991171122, 0.249980643392, 0.131342202425, 0.0858902782202, 0.0598347000778, 0.042081668973, 0.0174779780209, 0.00216907728463, 0.000168761238456, 4.27598643e-05], "max": [12.566327095, 99.4412689209, 231.928314209, 184.442855835, 470.140991211, 411.110656738, 258.098144531, 535.756774902, 561.248352051, 887.653137207, 1084.93518066, 795.142272949, 993.842712402, 793.09173584, 1056.6583252, 1130.25292969, 1239.86499023, 1156.36157227, 1087.73571777, 716.486877441, 707.616638184, 630.323974609, 229.845397949, 306.245147705, 287.768310547, 237.630706787, 110.898330688, 156.23135376, 117.482429504, 65.218963623, 49.0718612671, 37.5089073181, 22.1246948242, 12.3385419846, 6.10262823105, 2.57589435577, 0.792265713215, 0.361276358366, 0.058583393693, 0.0019720334094], "var": [2.41527080536, 172.510284424, 418.586883545, 290.472869873, 1480.57861328, 1242.60144043, 532.874694824, 1231.11633301, 1263.23083496, 4043.79125977, 1693.9473877, 5242.25048828, 7233.85839844, 2495.56518555, 5341.97509766, 2191.79125977, 2316.68432617, 4651.25878906, 4644.92285156, 2008.46826172, 1031.51513672, 548.246582031, 150.42666626, 115.496459961, 92.5247344971, 73.2220306396, 25.3584651947, 23.2305450439, 19.2535896301, 8.7698392868, 4.01157665253, 1.43859815598, 0.460704833269, 0.199324116111, 0.051812171936, 0.0145710287616, 0.00194911437575, 5.95944839006e-05, 1.26802649447e-06, 7.70364749769e-09], "mean": [1.12324690819, 12.834854126, 19.3555278778, 18.2823257446, 24.2256546021, 15.9518976212, 17.5670509338, 27.0676250458, 23.4525775909, 37.0946159363, 23.6064548492, 43.6207733154, 44.3456954956, 31.4666595459, 33.9952735901, 20.2425270081, 24.5601043701, 46.3356437683, 47.8399009705, 30.1442241669, 18.6588001251, 15.0309152603, 8.48009109497, 6.02855920792, 4.94808578491, 4.07254981995, 2.76649808884, 2.22401022911, 1.65234220028, 1.16532337666, 0.793601810932, 0.571689844131, 0.293016821146, 0.189877316356, 0.124275259674, 0.0618101246655, 0.016697620973, 0.00215768301859, 0.000256106286542, 0.000112852103484]}, "spectral_strongpeak": {"dmean2": 0.638922870159, "median": 0.602115869522, "min": 0, "dvar2": 0.959907710552, "dvar": 0.358161479235, "dmean": 0.369496762753, "max": 9.75579071045, "var": 0.436957120895, "mean": 0.745997428894}, "spectral_energy": {"dmean2": 0.0613359063864, "median": 0.0742867365479, "min": 9.97359452654e-21, "dvar2": 0.004925546702, "dvar": 0.00188295380212, "dmean": 0.036328393966, "max": 0.442934453487, "var": 0.00393605744466, "mean": 0.0927108153701}, "average_loudness": 0.959890425205, "spectral_rolloff": {"dmean2": 322.859710693, "median": 322.998046875, "min": 43.06640625, "dvar2": 268497, "dvar": 143946.890625, "dmean": 187.507324219, "max": 19918.2128906, "var": 3599676, "mean": 656.516845703}, "spectral_centroid": {"dmean2": 246.928848267, "median": 664.51373291, "min": 100.595054626, "dvar2": 77131.109375, "dvar": 38115.6289062, "dmean": 154.696517944, "max": 11804.5742188, "var": 1108591.875, "mean": 799.559570312}, "pitch_salience": {"dmean2": 0.147670999169, "median": 0.435059159994, "min": 0.0518097877502, "dvar2": 0.0173452030867, "dvar": 0.00692187482491, "dmean": 0.0908718183637, "max": 0.996097266674, "var": 0.0188590120524, "mean": 0.441367894411}, "spectral_energyband_middle_high": {"dmean2": 0.00248702662066, "median": 0.00444043986499, "min": 1.14405288629e-21, "dvar2": 8.7401822384e-06, "dvar": 4.02309387937e-06, "dmean": 0.00166143290699, "max": 0.0325015634298, "var": 2.07016364584e-05, "mean": 0.00556291127577}, "spectral_contrast_coeffs": {"dmean2": [0.0911573320627, 0.0764491409063, 0.0648751631379, 0.052732784301, 0.0373141095042, 0.0276806242764], "median": [-0.629590213299, -0.729637861252, -0.751989006996, -0.769593954086, -0.781620323658, -0.775029182434], "min": [-0.982832849026, -0.998914182186, -0.998756051064, -0.988208830357, -0.9888625741, -0.965486049652], "dvar2": [0.00601655291393, 0.00385964894667, 0.00272872205824, 0.00174948654603, 0.000992126064375, 0.00073355663335], "dvar": [0.00214063655585, 0.00147343997378, 0.00112150749192, 0.000733946042601, 0.000403788639233, 0.000348180299625], "dmean": [0.0545311905444, 0.0471188798547, 0.0408391244709, 0.033335942775, 0.0233220625669, 0.017499037087], "max": [-0.334501206875, -0.432605177164, -0.452271670103, -0.538465619087, -0.612928032875, -0.619761109352], "var": [0.00609235791489, 0.00573361571878, 0.00564167555422, 0.0033690284472, 0.00187773129437, 0.00182427256368], "mean": [-0.631924986839, -0.727155745029, -0.746935069561, -0.764853179455, -0.781444013119, -0.777116060257]}, "melbands_skewness": {"dmean2": 1.63513624668, "median": 3.61878824234, "min": -0.935108304024, "dvar2": 2.54846858978, "dvar": 1.07868540287, "dmean": 1.02518808842, "max": 33.0117912292, "var": 4.10428237915, "mean": 3.8651778698}, "spectral_spread": {"dmean2": 564356.6875, "median": 3480811, "min": 389730.5, "dvar2": 711632551936, "dvar": 366345027584, "dmean": 371070.1875, "max": 46970600, "var": 14152319893500.0, "mean": 3697327.5}, "dissonance": {"dmean2": 0.0339359082282, "median": 0.467084944248, "min": 0, "dvar2": 0.00127881753724, "dvar": 0.00046551527339, "dmean": 0.0202546250075, "max": 0.500000119209, "var": 0.000867365393788, "mean": 0.46070420742}, "spectral_skewness": {"dmean2": 0.652062594891, "median": 2.15982246399, "min": -0.0866211801767, "dvar2": 1.2376666069, "dvar": 0.651019394398, "dmean": 0.418441683054, "max": 13.6436986923, "var": 2.46396923065, "mean": 2.47228169441}, "spectral_flux": {"dmean2": 0.0813660696149, "median": 0.113781072199, "min": 6.46109485358e-11, "dvar2": 0.00681465025991, "dvar": 0.00308704026975, "dmean": 0.0517614819109, "max": 0.584123075008, "var": 0.00713360402733, "mean": 0.135946586728}, "spectral_contrast_valleys": {"dmean2": [0.654398798943, 0.613381683826, 0.598075032234, 0.535049855709, 0.482018321753, 0.344066202641], "median": [-6.23133707047, -6.33479881287, -7.08460474014, -7.30220222473, -7.85594320297, -10.5574092865], "min": [-28.3168392181, -28.0724754333, -27.9384880066, -27.6335678101, -27.6156406403, -27.4293060303], "dvar2": [0.306746810675, 0.29777443409, 0.277958959341, 0.256002813578, 0.342079401016, 0.188724189997], "dvar": [0.125737577677, 0.129930317402, 0.130410805345, 0.130966544151, 0.179291501641, 0.0870072394609], "dmean": [0.393240332603, 0.387101203203, 0.386599510908, 0.360074013472, 0.328058362007, 0.234203055501], "max": [-4.73490571976, -4.64923620224, -5.08592414856, -5.57361364365, -6.20378017426, -8.74920463562], "var": [4.84828186035, 4.90313911438, 4.69770717621, 4.67080545425, 4.53749370575, 3.87207484245], "mean": [-6.51109313965, -6.64505243301, -7.45140314102, -7.67813539505, -8.29495811462, -11.061372757]}, "erbbands_flatness_db": {"dmean2": 0.023224087432, "median": 0.166052296758, "min": 0.038922701031, "dvar2": 0.000549349933863, "dvar": 0.000288463575998, "dmean": 0.0161808505654, "max": 0.484736829996, "var": 0.00352542311884, "mean": 0.181116461754}, "spectral_energyband_high": {"dmean2": 0.000129329098854, "median": 0.000119213698781, "min": 7.04769594902e-21, "dvar2": 7.41242658364e-08, "dvar": 2.60780979033e-08, "dmean": 8.11486606835e-05, "max": 0.00394540699199, "var": 8.79460273495e-08, "mean": 0.000219957306399}, "spectral_entropy": {"dmean2": 0.284517586231, "median": 7.15453290939, "min": 3.65406703949, "dvar2": 0.102712191641, "dvar": 0.0531524159014, "dmean": 0.187199220061, "max": 9.82493209839, "var": 0.429166942835, "mean": 7.03567743301}, "silence_rate_20dB": {"dmean2": 0.00253164558671, "median": 1, "min": 0, "dvar2": 0.00379180395976, "dvar": 0.00126431067474, "dmean": 0.0012657083571, "max": 1, "var": 0.000632451032288, "mean": 0.999367177486}, "melbands_flatness_db": {"dmean2": 0.0573511272669, "median": 0.307252585888, "min": -2.6748784876e-07, "dvar2": 0.00278171314858, "dvar": 0.00129075511359, "dmean": 0.036514878273, "max": 0.861068844795, "var": 0.0125099131837, "mean": 0.3243047297}, "barkbands": {"dmean2": [0.000891569594387, 0.0517029426992, 0.0163878202438, 0.00550249498338, 0.00848846603185, 0.00274392473511, 0.00143921631388, 0.000804584065918, 0.00128292688169, 0.000832288293168, 0.00063117116224, 0.000427003833465, 0.000468004203867, 0.000830909702927, 0.000708216044586, 0.000307462178171, 0.000298507249681, 0.000130300046294, 9.6119751106e-05, 7.56972149247e-05, 5.1713490393e-05, 3.69855297322e-05, 2.22592043428e-05, 1.36682920129e-05, 1.07641108116e-05, 1.42706048791e-05, 1.47122227645e-06], "median": [0.000323339714669, 0.0342217236757, 0.00886838044971, 0.0043227779679, 0.00239145709202, 0.00178537238389, 0.000861175707541, 0.000464497163193, 0.000755562330596, 0.000404359947424, 0.000256617378909, 0.000165314821061, 0.000227600365179, 0.000578547245823, 0.00048640096793, 0.000157727539772, 0.000156527967192, 7.1667614975e-05, 5.02091643284e-05, 4.06081817346e-05, 3.03879151033e-05, 1.68345250131e-05, 1.35017435241e-05, 1.2680873624e-05, 9.62904960033e-06, 2.51972005572e-06, 1.30836511403e-07], "min": [5.35783381381e-25, 4.158746108e-24, 3.70127127235e-25, 4.54139778261e-25, 9.99168224881e-24, 3.25046881945e-2