{"tonal": {"thpcp": [1, 0.658412277699, 0.147011145949, 0.0553889609873, 0.036414835602, 0.037779442966, 0.0411702804267, 0.0439693145454, 0.163107782602, 0.279699116945, 0.193608641624, 0.15614464879, 0.224976196885, 0.232089713216, 0.40492811799, 0.581164598465, 0.37539845705, 0.142712503672, 0.122904345393, 0.183106452227, 0.325134336948, 0.435718566179, 0.341641515493, 0.339386969805, 0.46461096406, 0.304547131062, 0.106026515365, 0.0883952155709, 0.0946423485875, 0.169979199767, 0.273625671864, 0.211116209626, 0.0826053246856, 0.059117693454, 0.128241211176, 0.547320842743], "hpcp": {"dmean2": [0.186366587877, 0.211463585496, 0.173068761826, 0.166039526463, 0.218298852444, 0.246702298522, 0.243648409843, 0.24494831264, 0.231736779213, 0.193573430181, 0.173890039325, 0.125331893563, 0.112035803497, 0.110299490392, 0.1292424649, 0.136661306024, 0.14181394875, 0.101783022285, 0.0840825885534, 0.137490645051, 0.226432144642, 0.231636077166, 0.242758855224, 0.135345980525, 0.0611326359212, 0.0416458398104, 0.0413612015545, 0.0429707504809, 0.0499383732677, 0.0872357487679, 0.1084048599, 0.125043913722, 0.140615999699, 0.169297009706, 0.210923448205, 0.239269331098], "median": [0.0398415103555, 0.024762455374, 0.00639666058123, 0.00332763232291, 0.00577453523874, 0.0328936725855, 0.0535595864058, 0.040087275207, 0.034630432725, 0.0371359437704, 0.0244705285877, 0.006636146456, 0.00301164295524, 0.0032721075695, 0.00873586349189, 0.0137319872156, 0.0117458505556, 0.00391233805567, 0.00154855521396, 0.00679983990267, 0.161055952311, 0.364839076996, 0.20600220561, 0.0148971723393, 0.00206801155582, 0.00218222639523, 0.00288742897101, 0.00357691897079, 0.00376151315868, 0.00615787692368, 0.00735723320395, 0.00838431157172, 0.0139821320772, 0.0198628976941, 0.0330525115132, 0.0425716079772], "min": [0, 0, 0, 0, 0, 0, 0, 0, 0, 0, 0, 0, 0, 0, 0, 0, 0, 0, 0, 0, 0, 0, 0, 0, 0, 0, 0, 0, 0, 0, 0, 0, 0, 0, 0, 0], "dvar2": [0.0892169252038, 0.104188174009, 0.0987337678671, 0.0979960560799, 0.139184221625, 0.139423027635, 0.135595545173, 0.12849393487, 0.117258399725, 0.0959432795644, 0.079982586205, 0.0697739571333, 0.0643323138356, 0.0583494640887, 0.0689599066973, 0.0671758204699, 0.0794936716557, 0.0574541017413, 0.0476601347327, 0.0749221518636, 0.0855088531971, 0.0882301330566, 0.0792036354542, 0.0575943402946, 0.0294896457344, 0.0199703034014, 0.0192221235484, 0.0191422346979, 0.0198734253645, 0.0374646112323, 0.06243519485, 0.0636675059795, 0.0686544850469, 0.0843428522348, 0.0937388688326, 0.109634511173], "dvar": [0.0359761156142, 0.0369388982654, 0.0349427647889, 0.0350072272122, 0.0497441738844, 0.0505994670093, 0.0501972474158, 0.0476876273751, 0.0422461144626, 0.0369180589914, 0.0293425824493, 0.0243371911347, 0.0226842314005, 0.0210674889386, 0.0242554657161, 0.0259360857308, 0.029030976817, 0.020518636331, 0.0164952520281, 0.0265023745596, 0.0317255556583, 0.038336366415, 0.0304052494466, 0.0206752102822, 0.0105488086119, 0.00685403868556, 0.00663379393518, 0.00665716920048, 0.00707818567753, 0.0130666717887, 0.0219423547387, 0.0213807672262, 0.0246538668871, 0.0306503474712, 0.0329703390598, 0.0387066714466], "dmean": [0.107264496386, 0.121384672821, 0.0934920534492, 0.088613063097, 0.118873648345, 0.139171361923, 0.139949351549, 0.140198975801, 0.130557209253, 0.110824733973, 0.0990189984441, 0.0677838474512, 0.0603974945843, 0.0608974210918, 0.0723682418466, 0.079013556242, 0.0815682560205, 0.0549931563437, 0.0445492453873, 0.0760327577591, 0.134332939982, 0.140137135983, 0.146548360586, 0.0756825730205, 0.033205293119, 0.0223963782191, 0.022534577176, 0.0235740207136, 0.0272261183709, 0.0491699837148, 0.0610294491053, 0.0694942250848, 0.0781049728394, 0.0968865081668, 0.117898754776, 0.135242789984], "max": [1, 1, 1, 1, 1, 1, 1, 1, 1, 1, 1, 1, 1, 1, 1, 1, 1, 1, 1, 1, 1, 1, 1, 1, 1, 1, 1, 1, 1, 1, 1, 1, 1, 1, 1, 1], "var": [0.142744749784, 0.0693930983543, 0.0259849838912, 0.0245045609772, 0.0400523096323, 0.0618798211217, 0.0913734957576, 0.0654672160745, 0.063473932445, 0.108919464052, 0.0539152808487, 0.0173217281699, 0.0153546063229, 0.0157933160663, 0.0320917405188, 0.0634680166841, 0.0409164726734, 0.0144670624286, 0.0101694371551, 0.0219898503274, 0.070915043354, 0.157346114516, 0.0897468999028, 0.0196551661938, 0.00814049039036, 0.00430236104876, 0.00419598445296, 0.00428115949035, 0.00482931546867, 0.0278669130057, 0.0776644423604, 0.033750295639, 0.024255566299, 0.0357011035085, 0.0323225669563, 0.0732930526137], "mean": [0.274231076241, 0.177137285471, 0.0673409998417, 0.0579942241311, 0.0864014774561, 0.153419420123, 0.205600216985, 0.161208584905, 0.160144746304, 0.21923352778, 0.143705055118, 0.0500301718712, 0.0417105853558, 0.0446583852172, 0.0802071914077, 0.129114300013, 0.099618293345, 0.0389785394073, 0.0278955549002, 0.0605125017464, 0.258261412382, 0.47186473012, 0.310681521893, 0.0693693757057, 0.0261360965669, 0.0171828772873, 0.0178267862648, 0.0194268040359, 0.0207475684583, 0.0769648104906, 0.131980150938, 0.0913570895791, 0.0736791491508, 0.106158331037, 0.109514951706, 0.191071301699]}, "tuning_equal_tempered_deviation": 0.00142553728074, "chords_changes_rate": 0.0421335734427, "key_key": "A", "tuning_diatonic_strength": 0.600482285023, "key_scale": "minor", "chords_number_rate": 0.00201703282073, "tuning_frequency": 439.745910645, "tuning_nontempered_energy_ratio": 0.657539606094, "chords_histogram": [45.5849380493, 13.6934108734, 4.5719408989, 6.9475569725, 0.605109810829, 0.806813061237, 0, 3.63065886497, 1.14298522472, 18.6463470459, 0.0448229499161, 0.112057372928, 0, 0, 0, 0, 0, 0.0224114749581, 2.39802789688, 0, 0.380995064974, 0, 1.41192293167, 0], "key_strength": 0.852299630642, "chords_key": "A", "chords_strength": {"dmean2": 0.00647291634232, "median": 0.570680201054, "min": 0.182330101728, "dvar2": 4.30182262789e-05, "dvar": 5.12232581968e-05, "dmean": 0.00795617513359, "max": 0.835963606834, "var": 0.00999632198364, "mean": 0.565846085548}, "chords_scale": "minor", "hpcp_entropy": {"dmean2": 0.945410728455, "median": 1.55213367939, "min": 0, "dvar2": 0.62608808279, "dvar": 0.240253999829, "dmean": 0.561381697655, "max": 3.8964176178, "var": 0.589181363583, "mean": 1.46048974991}}, "metadata": {"audio_properties": {"equal_loudness": 0, "codec": "flac", "downmix": "mix", "analysis_sample_rate": 44100, "bit_rate": 0, "md5_encoded": "f8d9454c7631ce8725a3253574f56ec5", "length": 207.160003662, "replay_gain": -13.3070735931, "lossless": true}, "version": {"essentia_build_sha": "46c2b6830b139c2e69ed9f3e0d9145e1b8fbae31", "essentia": "2.1-beta1", "extractor": "music 1.0", "essentia_git_sha": "v2.1_beta1-6-g5578087"}, "tags": {"title": ["Running Joke"], "replaygain_album_gain": ["-8.68 dB"], "albumartist": ["Olivier Libaux"], "date": ["2013-06-24"], "file_name": "09 - Olivier Libaux feat. Youn Sun Nah 5tet - Running Joke.flac", "tracktotal": ["12"], "replaygain_track_gain": ["-9.16 dB"], "disctotal": ["1"], "musicbrainz_recordingid": ["19e7b588-169c-43ed-9469-c9338c172dd7"], "musicbrainz_artistid": ["dcda5d94-d737-4955-8f99-6f677a10bcb2", "b2e45c32-9599-415f-886f-b70d52fe8eb2"], "musicbrainz_albumartistid": ["dcda5d94-d737-4955-8f99-6f677a10bcb2"], "musicbrainz_albumid": ["e8fb9135-ba7a-454e-a442-e3020c74ab02"], "replaygain_track_peak": ["0.942200"], "artist": ["Olivier Libaux feat. Youn Sun Nah 5tet"], "tracknumber": ["9"], "replaygain_album_peak": ["0.998840"], "album": ["Uncovered Queens of the Stone Age"], "discnumber": ["1"], "acoustid_id": ["06df29ac-cedb-4ceb-9a4b-afdf5d6a7ed5"], "musicbrainz_releasegroupid": ["1893cf55-0a80-4465-890b-6da7db246f0e"]}}, "rhythm": {"bpm_histogram_first_peak_bpm": {"dmean2": 0, "median": 172, "min": 172, "dvar2": 0, "dvar": 0, "dmean": 0, "max": 172, "var": 0, "mean": 172}, "bpm": 172.265792847, "bpm_histogram_second_peak_spread": {"dmean2": 0, "median": 0.117241322994, "min": 0.117241322994, "dvar2": 0, "dvar": 0, "dmean": 0, "max": 0.117241322994, "var": 0, "mean": 0.117241322994}, "bpm_histogram_first_peak_weight": {"dmean2": 0, "median": 0.3622828722, "min": 0.3622828722, "dvar2": 0, "dvar": 0, "dmean": 0, "max": 0.3622828722, "var": 0, "mean": 0.3622828722}, "onset_rate": 3.66830706596, "beats_position": [0.731428563595, 1.47446703911, 2.21750569344, 2.96054410934, 3.70358276367, 4.43501138687, 5.17804956436, 5.92108821869, 6.64090681076, 7.33750534058, 8.03410434723, 8.73070240021, 9.43891143799, 10.1471195221, 10.8437185287, 11.5403175354, 12.2369155884, 12.933514595, 13.6301136017, 14.3267116547, 15.0233106613, 15.7199087143, 16.4165077209, 17.1131057739, 17.8097057343, 18.5063037872, 19.2145118713, 19.9227199554, 20.6193199158, 21.3159179688, 22.0125160217, 22.7091159821, 23.405714035, 24.102312088, 24.7989120483, 25.4955101013, 26.1921081543, 26.8887062073, 27.5853061676, 28.2819042206, 28.9785022736, 29.6751022339, 30.3717002869, 31.0682983398, 31.7648983002, 32.4614944458, 33.1580963135, 33.8546943665, 34.5629005432, 35.2711105347, 35.9561004639, 36.6410865784, 37.3492965698, 38.0575065613, 38.7541046143, 39.4507026672, 40.1473007202, 40.8438987732, 41.5404968262, 42.2370948792, 42.9336967468, 43.6302947998, 44.3152809143, 45.0234909058, 45.7200889587, 46.4166870117, 47.1132888794, 47.8098869324, 48.5064849854, 49.2030830383, 49.9112930298, 50.6078910828, 51.3160972595, 52.0126991272, 52.7092971802, 53.3942832947, 54.0792732239, 54.7874832153, 55.4956893921, 56.2038993835, 56.8888893127, 57.5854873657, 58.2820854187, 58.9786834717, 59.6752815247, 60.3718795776, 61.0684814453, 61.7650794983, 62.4616775513, 63.1582756042, 63.8548736572, 64.5514755249, 65.2480697632, 65.9446716309, 66.6412658691, 67.3494796753, 68.0576858521, 68.7542877197, 69.450881958, 70.1474838257, 70.844078064, 71.5406799316, 72.2372741699, 72.9338760376, 73.6420822144, 74.338684082, 75.0236740112, 75.7202682495, 76.4168701172, 77.1134643555, 77.8100662231, 78.5298843384, 79.2264862061, 79.9230804443, 80.619682312, 81.3162765503, 82.012878418, 82.7094802856, 83.4060745239, 84.1026763916, 84.7992706299, 85.4958724976, 86.1924667358, 86.8890686035, 87.5856704712, 88.2822647095, 88.9788665771, 89.6754608154, 90.3720626831, 91.0686569214, 91.7652587891, 92.4618606567, 93.158454895, 93.8550567627, 94.5632629395, 95.2714691162, 95.9680709839, 96.6646728516, 97.3612670898, 98.0578689575, 98.7544631958, 99.474281311, 100.182495117, 100.902313232, 101.633743286, 102.36516571, 103.096595764, 103.828025818, 104.536231995, 105.25605011, 105.999092102, 106.742126465, 107.450340271, 108.146934509, 108.669387817, 109.203445435, 109.737503052, 110.248344421, 110.7707901, 111.293243408, 111.827301025, 112.361358643, 112.883804321, 113.406257629, 113.928703308, 114.451156616, 114.961990356, 115.484443665, 116.006889343, 116.517730713, 117.040176392, 117.5626297, 118.07346344, 118.619132996, 119.141586304, 119.675643921, 120.209701538, 120.720542908, 121.242988586, 121.765441895, 122.287887573, 122.810340881, 123.321174622, 123.855232239, 124.389297485, 124.911743164, 125.434196472, 125.968254089, 126.47908783, 126.989929199, 127.500770569, 128.034820557, 128.557281494, 129.079727173, 129.43963623, 129.78793335, 130.147842407, 130.496139526, 130.844436646, 131.192733765, 131.529434204, 131.877731323, 132.237640381, 132.5859375, 132.934234619, 133.282531738, 133.630844116, 133.979141235, 134.327438354, 134.675735474, 135.024032593, 135.372329712, 135.720626831, 136.068939209, 136.417236328, 136.765533447, 137.113830566, 137.462127686, 137.810424805, 138.158721924, 138.518630981, 138.878540039, 139.226852417, 139.575149536, 139.923446655, 140.260131836, 140.608428955, 140.956726074, 141.316635132, 141.66494751, 142.013244629, 142.34992981, 142.68661499, 143.034912109, 143.383224487, 143.731521606, 144.079818726, 144.428115845, 144.776412964, 145.136322021, 145.484619141, 145.83291626, 146.192825317, 146.541137695, 146.889434814, 147.237731934, 147.586029053, 147.934326172, 148.282623291, 148.63092041, 148.979232788, 149.327529907, 149.675827026, 150.035736084, 150.372421265, 150.720718384, 151.069015503, 151.417327881, 151.765625, 152.113922119, 152.462219238, 152.810516357, 153.158813477, 153.518722534, 153.867019653, 154.226928711, 154.575241089, 154.923538208, 155.271835327, 155.620132446, 155.968429565, 156.316726685, 156.665023804, 157.013336182, 157.361633301, 157.70993042, 158.058227539, 158.406524658, 158.754821777, 159.103118896, 159.451431274, 159.799728394, 160.148025513, 160.496322632, 160.844619751, 161.181304932, 161.541213989, 161.889526367, 162.249435425, 162.609344482, 162.946029663, 163.282714844, 163.631011963, 163.979324341, 164.32762146, 164.675918579, 165.024215698, 165.372512817, 165.720809937, 166.069107056, 166.417419434, 166.765716553, 167.114013672, 167.462310791, 167.822219849, 168.170516968, 168.518814087, 168.867111206, 169.215423584, 169.575332642, 169.923629761, 170.260314941, 170.597000122, 170.945297241, 171.293609619, 171.641906738, 171.990203857, 172.350112915, 172.710021973, 173.058319092, 173.406616211, 173.75491333, 174.103210449, 174.451522827, 174.799819946, 175.148117065, 175.496414185, 175.844711304, 176.193008423, 176.541305542, 176.88961792, 177.237915039, 177.586212158, 177.934509277, 178.282806396, 178.631103516, 178.979400635, 179.327713013, 179.676010132, 180.024307251, 180.37260437, 180.732513428, 181.080810547, 181.429107666, 181.765808105, 182.114105225, 182.462402344, 182.810699463, 183.158996582, 183.51890564, 183.867202759, 184.227111816, 184.575408936, 184.923721313, 185.272018433, 185.620315552, 185.968612671, 186.305297852, 186.653594971, 187.013504028, 187.361816406, 187.710113525, 188.058410645, 188.406707764, 188.755004883, 189.103302002, 189.451599121, 189.799911499, 190.148208618, 190.484893799, 190.833190918, 191.181488037, 191.518188477, 191.866485596, 192.214782715, 192.563079834, 192.922988892, 193.294509888, 193.654418945, 194.014328003, 194.374237061, 194.827026367, 195.279815674, 195.73260498, 196.266662598, 196.800720215, 197.334777832, 197.903671265, 198.460952759, 199.018234253, 199.540679932, 200.06312561, 200.585571289, 201.131240845, 201.6769104, 202.187744141, 202.69859314, 203.20942688, 203.731872559, 204.254333496, 204.776779175, 205.299224854, 205.821670532, 206.355728149], "beats_loudness": {"dmean2": 0.0492874905467, "median": 0.0635683685541, "min": 0, "dvar2": 0.0015126245562, "dvar": 0.000506390468217, "dmean": 0.0277444627136, "max": 0.139386162162, "var": 0.000849166885018, "mean": 0.0618368573487}, "danceability": 1.18987572193, "bpm_histogram_second_peak_weight": {"dmean2": 0, "median": 0.317617863417, "min": 0.317617863417, "dvar2": 0, "dvar": 0, "dmean": 0, "max": 0.317617863417, "var": 0, "mean": 0.317617863417}, "beats_count": 404, "bpm_histogram_second_peak_bpm": {"dmean2": 0, "median": 86, "min": 86, "dvar2": 0, "dvar": 0, "dmean": 0, "max": 86, "var": 0, "mean": 86}, "bpm_histogram_first_peak_spread": {"dmean2": 0, "median": 0, "min": 0, "dvar2": 0, "dvar": 0, "dmean": 0, "max": 0, "var": 0, "mean": 0}, "beats_loudness_band_ratio": {"dmean2": [0.386365115643, 0.30084580183, 0.165071859956, 0.11397613585, 0.019264511764, 0.0149163631722], "median": [0.542587280273, 0.238673448563, 0.112697958946, 0.0484766289592, 0.00431380653754, 0.00162723776884], "min": [0, 0, 0, 0, 0, 0], "dvar2": [0.0773273557425, 0.0671965256333, 0.0212810970843, 0.0172225758433, 0.000862329092342, 0.00311536807567], "dvar": [0.0271175131202, 0.0224710423499, 0.00763321295381, 0.00654318276793, 0.000353300769348, 0.00202180910856], "dmean": [0.2221416682, 0.172578051686, 0.0944204479456, 0.0653391554952, 0.0107876174152, 0.00971379689872], "max": [0.942945420742, 0.927002310753, 0.637118041515, 0.603115975857, 0.134724035859, 0.756059229374], "var": [0.0456065312028, 0.0361907221377, 0.0102409431711, 0.00901691056788, 0.00038807769306, 0.0072500705719], "mean": [0.5213098526, 0.282947301865, 0.133411154151, 0.0831654295325, 0.0112353460863, 0.016857618466]}}, "lowlevel": {"barkbands_spread": {"dmean2": 3.29409384727, "median": 8.14669418335, "min": 0.499056428671, "dvar2": 34.5074958801, "dvar": 20.1698608398, "dmean": 2.23363208771, "max": 146.534393311, "var": 320.808258057, "mean": 11.9511642456}, "melbands_spread": {"dmean2": 3.467908144, "median": 8.61443424225, "min": 0.787081539631, "dvar2": 27.1079845428, "dvar": 12.7788991928, "dmean": 2.25311946869, "max": 161.632583618, "var": 123.959770203, "mean": 10.8840579987}, "hfc": {"dmean2": 5.34219169617, "median": 13.8728370667, "min": 1.08631386533e-16, "dvar2": 46.7666015625, "dvar": 22.8441886902, "dmean": 3.60480380058, "max": 95.429145813, "var": 141.866699219, "mean": 16.3137187958}, "barkbands_kurtosis": {"dmean2": 5.28160095215, "median": 3.22720432281, "min": -1.93358635902, "dvar2": 99.9773406982, "dvar": 41.4184379578, "dmean": 3.366096735, "max": 193.235397339, "var": 113.793159485, "mean": 6.45975780487}, "gfcc": {"mean": [-46.349937439, 143.323486328, -71.2430114746, -0.731791198254, -45.0434761047, 6.22358703613, -26.919588089, 0.728814840317, -21.3425292969, -2.21436953545, -12.7589712143, -0.0023694341071, -6.02177715302], "icov": [[0.000282225897536, -0.000489645812195, 0.000427814811701, -0.000404557998991, 0.000827661599033, -0.000637375866063, 0.000720812357031, -0.000414085050579, 0.000601796957199, -0.000240444642259, 0.000532645266503, -0.000559138890821, 0.000416851573391], [-0.000489645812195, 0.00212034978904, -0.00049679185031, 0.00127521529794, -0.00191901286598, 0.000928459921852, -0.0013524806127, 0.00133289629593, -0.0015260821674, 0.00210285233334, -0.00168852775823, 0.00305380066857, -0.00183065433521], [0.000427814811701, -0.00049679185031, 0.00240141409449, -0.000775597407483, 0.000821170979179, -0.00102005002555, 0.00141821696889, 0.00014947753516, 0.000253593258094, -9.00745435501e-05, 0.0017039970262, -0.00188390049152, 0.000272566627245], [-0.000404557998991, 0.00127521529794, -0.000775597407483, 0.003609449137, -0.00107013341039, 0.000839902844746, -0.000414709618781, -0.000199009693461, -0.00116970425006, 0.000749986444134, -0.000645601307042, 0.00141044403426, 6.03958542342e-05], [0.000827661599033, -0.00191901286598, 0.000821170979179, -0.00107013341039, 0.00880771502852, -0.00167643243913, 0.000944491592236, -0.000188567879377, -0.00070576928556, 0.000947309599724, -0.000576150894631, -0.00246732495725, 0.00213621067815], [-0.000637375866063, 0.000928459921852, -0.00102005002555, 0.000839902844746, -0.00167643243913, 0.00914987362921, -0.0037984312512, -0.000567046517972, 0.00127778295428, -0.000981376855634, -0.000935556425247, 0.00372700579464, -0.000780712405685], [0.000720812357031, -0.0013524806127, 0.00141821696889, -0.000414709618781, 0.000944491592236, -0.0037984312512, 0.00884316023439, -0.00226496835239, 0.00205806782469, 0.00105295958929, -5.77160380999e-06, -0.00326440064237, 0.00271086371504], [-0.000414085050579, 0.00133289629593, 0.00014947753516, -0.000199009693461, -0.000188567879377, -0.000567046517972, -0.00226496835239, 0.0119157340378, -0.00461546191946, 0.00259557226673, -0.000506086682435, 0.00344165670685, -0.00443482864648], [0.000601796957199, -0.0015260821674, 0.000253593258094, -0.00116970425006, -0.00070576928556, 0.00127778295428, 0.00205806782469, -0.00461546191946, 0.0135920960456, -0.00654264586046, 0.00484444899485, -0.00176017277408, -0.000695898022968], [-0.000240444642259, 0.00210285233334, -9.00745435501e-05, 0.000749986444134, 0.000947309599724, -0.000981376855634, 0.00105295958929, 0.00259557226673, -0.00654264586046, 0.0178258493543, -0.00780586851761, 0.00407150154933, 0.000408933963627], [0.000532645266503, -0.00168852775823, 0.0017039970262, -0.000645601307042, -0.000576150894631, -0.000935556425247, -5.77160380999e-06, -0.000506086682435, 0.00484444899485, -0.00780586851761, 0.0168468970805, -0.00587258581072, 0.00152598600835], [-0.000559138890821, 0.00305380066857, -0.00188390049152, 0.00141044403426, -0.00246732495725, 0.00372700579464, -0.00326440064237, 0.00344165670685, -0.00176017277408, 0.00407150154933, -0.00587258581072, 0.0161863751709, -0.00568316038698], [0.000416851573391, -0.00183065433521, 0.000272566627245, 6.03958542342e-05, 0.00213621067815, -0.000780712405685, 0.00271086371504, -0.00443482864648, -0.000695898022968, 0.000408933963627, 0.00152598600835, -0.00568316038698, 0.0168968383223]], "cov": [[15175.7666016, 1913.77026367, -1760.18273926, 316.245391846, -829.513671875, 639.47833252, -296.783905029, 299.001953125, -404.649749756, -93.2404098511, -206.865631104, -587.461120605, -72.5888900757], [1913.77026367, 1502.65002441, -317.286956787, -282.66192627, 103.212776184, 92.6122131348, 83.4525756836, -1.23416924477, -30.0077095032, -113.334007263, 11.666841507, -174.28868103, 41.0665740967], [-1760.18273926, -317.286956787, 782.950439453, 79.9968719482, 49.3230934143, -88.2298660278, -65.9150390625, -45.9840583801, 69.8525009155, -0.978937447071, -41.5836410522, 110.124786377, 28.0221977234], [316.245391846, -282.66192627, 79.9968719482, 416.79309082, -42.8199768066, -13.7122364044, -59.6851882935, 37.0650138855, 27.8181037903, 17.8884239197, -31.386838913, -4.16296625137, -14.9754447937], [-829.513671875, 103.212776184, 49.3230934143, -42.8199768066, 209.861755371, -17.8535842896, 44.0424461365, -24.8787193298, 26.2263946533, -15.9581756592, 30.744052887, 29.1240615845, -1.46309041977], [639.47833252, 92.6122131348, -88.2298660278, -13.7122364044, -17.8535842896, 185.567138672, 60.0761108398, 24.0463676453, -46.2701530457, -0.976467072964, 4.12601232529, -51.9875564575, -16.5062122345], [-296.783905029, 83.4525756836, -65.9150390625, -59.6851882935, 44.0424461365, 60.0761108398, 200.954223633, 5.56411361694, -35.8618927002, -25.17070961, 31.5023002625, 12.1566877365, -15.5563707352], [299.001953125, -1.23416924477, -45.9840583801, 37.0650138855, -24.8787193298, 24.0463676453, 5.56411361694, 127.535392761, 32.4807739258, -6.32033014297, -23.5027427673, -28.3139648438, 24.0263805389], [-404.649749756, -30.0077095032, 69.8525009155, 27.8181037903, 26.2263946533, -46.2701530457, -35.8618927002, 32.4807739258, 135.129104614, 28.6102294922, -22.7912197113, 5.21185874939, 23.0146865845], [-93.2404098511, -113.334007263, -0.978937447071, 17.8884239197, -15.9581756592, -0.976467072964, -25.17070961, -6.32033014297, 28.6102294922, 93.8782730103, 26.3765792847, -4.07937574387, -10.5228748322], [-206.865631104, 11.666841507, -41.5836410522, -31.386838913, 30.744052887, 4.12601232529, 31.5023002625, -23.5027427673, -22.7912197113, 26.3765792847, 99.8622894287, 27.5597076416, -9.09473800659], [-587.461120605, -174.28868103, 110.124786377, -4.16296625137, 29.1240615845, -51.9875564575, 12.1566877365, -28.3139648438, 5.21185874939, -4.07937574387, 27.5597076416, 131.157958984, 20.3211250305], [-72.5888900757, 41.0665740967, 28.0221977234, -14.9754447937, -1.46309041977, -16.5062122345, -15.5563707352, 24.0263805389, 23.0146865845, -10.5228748322, -9.09473800659, 20.3211250305, 82.1072311401]]}, "spectral_energyband_middle_low": {"dmean2": 0.0110266981646, "median": 0.0210901331156, "min": 1.38062851048e-22, "dvar2": 0.000196848995984, "dvar": 8.20162385935e-05, "dmean": 0.00705504557118, "max": 0.13469222188, "var": 0.000237727959757, "mean": 0.0234899614006}, "melbands_crest": {"dmean2": 4.41858911514, "median": 12.9605817795, "min": 1.7698674202, "dvar2": 15.1519451141, "dvar": 5.79816675186, "dmean": 2.66244649887, "max": 31.8545017242, "var": 18.6390380859, "mean": 13.5651693344}, "spectral_kurtosis": {"dmean2": 9.03620529175, "median": 15.4346694946, "min": -1.25200152397, "dvar2": 95.4981536865, "dvar": 42.4315681458, "dmean": 5.84365987778, "max": 101.711051941, "var": 156.72668457, "mean": 17.9687213898}, "spectral_rms": {"dmean2": 0.00128902960569, "median": 0.00641333637759, "min": 3.12371786423e-12, "dvar2": 1.72835450485e-06, "dvar": 7.54283576043e-07, "dmean": 0.000832978112157, "max": 0.0128655610606, "var": 4.65774110125e-06, "mean": 0.00619371281937}, "zerocrossingrate": {"dmean2": 0.00619095284492, "median": 0.02392578125, "min": 0.00390625, "dvar2": 7.85044903751e-05, "dvar": 7.29126841179e-05, "dmean": 0.00507310079411, "max": 0.68701171875, "var": 0.00737739121541, "mean": 0.041678249836}, "silence_rate_60dB": {"dmean2": 0.00134514062665, "median": 0, "min": 0, "dvar2": 0.001791769173, "dvar": 0.000672067166306, "dmean": 0.000672494934406, "max": 1, "var": 0.0394382253289, "mean": 0.0411296635866}, "erbbands_kurtosis": {"dmean2": 2.29324126244, "median": 1.62107372284, "min": -1.76112627983, "dvar2": 12.065451622, "dvar": 5.52951097488, "dmean": 1.48686122894, "max": 71.3975448608, "var": 18.9049606323, "mean": 2.66417908669}, "erbbands": {"dmean2": [0.203392937779, 1.96546578407, 5.50064992905, 11.4790315628, 14.0019550323, 22.9173412323, 29.3039302826, 22.1284446716, 14.5977544785, 24.2232837677, 26.0080394745, 34.1069145203, 30.690404892, 35.8866729736, 42.676612854, 11.7849845886, 18.2064399719, 7.77347230911, 6.34070920944, 5.2579870224, 2.76027369499, 1.66048228741, 2.10798192024, 1.68875849247, 0.984366774559, 1.18015015125, 0.937267720699, 0.598807215691, 0.808659851551, 0.68914270401, 0.665096223354, 0.502031743526, 0.405359536409, 0.230297192931, 0.142197012901, 0.0525588132441, 0.0122024472803, 0.00334904924966, 0.000745483383071, 7.83682262409e-05], "median": [0.101495355368, 1.62428879738, 4.46737480164, 6.13759994507, 9.50371742249, 17.2973518372, 27.4369106293, 23.3750724792, 12.350151062, 12.888250351, 15.3056774139, 24.0576915741, 13.7227916718, 17.1943702698, 10.079167366, 5.08127355576, 4.56466341019, 4.69359445572, 3.99221253395, 2.74587655067, 1.41319155693, 0.825523197651, 0.790175318718, 0.746908485889, 0.451546281576, 0.357820808887, 0.237189173698, 0.134143292904, 0.136643201113, 0.0801643431187, 0.0784019306302, 0.0630174949765, 0.0404466614127, 0.0281942784786, 0.018593436107, 0.00692624645308, 0.00240849866532, 0.00272534205578, 0.000197264133021, 6.2752093072e-05], "min": [1.44319275333e-22, 6.24548373075e-22, 2.04174105352e-21, 2.78478612905e-21, 1.9349290951e-20, 3.76050135892e-20, 3.58605995373e-20, 6.38883350486e-20, 1.23595065306e-19, 2.6049677833e-19, 4.1132246138e-19, 3.19377458886e-19, 5.65733998235e-19, 1.04976447224e-18, 1.25559554637e-18, 9.98738181789e-19, 1.98439532937e-18, 2.66004886141e-18, 2.82534312245e-18, 3.51353071552e-18, 3.24047715454e-18, 4.20017044687e-18, 5.77190046468e-18, 7.89135267459e-18, 7.17619547804e-18, 8.4921504971e-18, 7.35467789317e-18, 1.03242860707e-17, 1.13974577898e-17, 1.10313749476e-17, 1.09697847335e-17, 1.23764376252e-17, 8.72131840427e-18, 9.85969263507e-18, 5.96070981617e-18, 4.49741035536e-18, 2.47710256611e-18, 9.27358388588e-19, 2.40734813111e-19, 2.79639779807e-20], "dvar2": [0.163702234626, 13.6609354019, 57.5113945007, 382.896331787, 592.138549805, 1433.66564941, 2057.26098633, 1413.11791992, 707.313049316, 2852.35180664, 3676.15673828, 4984.24853516, 8944.24121094, 8442.24316406, 15266.3242188, 2371.57714844, 3011.99169922, 393.463531494, 268.643066406, 331.261657715, 69.0838394165, 40.4516410828, 33.5335273743, 17.2735748291, 18.7768859863, 14.5328578949, 14.233839035, 5.85682249069, 14.0224571228, 13.181479454, 15.4130926132, 11.1611051559, 6.9363822937, 1.21931004524, 0.395701438189, 0.045393589884, 0.00216219038703, 8.57236445881e-05, 2.38581969825e-06, 1.75377543599e-08], "dvar": [0.0771872401237, 4.90585660934, 20.6347942352, 137.016906738, 223.445968628, 603.264648438, 977.594848633, 642.128356934, 302.247375488, 1266.72766113, 1699.34655762, 2228.078125, 4282.80908203, 3722.07617188, 6888.28613281, 1050.7088623, 1380.24963379, 213.971786499, 136.219223022, 162.745681763, 31.5225925446, 17.820148468, 15.1234130859, 8.17031669617, 7.94059610367, 6.73027229309, 5.75406265259, 2.51413106918, 7.52086305618, 6.91553449631, 8.76795101166, 6.08158636093, 3.48971366882, 0.681651651859, 0.242674902081, 0.0281574651599, 0.00152139959391, 5.28756645508e-05, 1.06202878669e-06, 7.27014448643e-09], "dmean": [0.139158427715, 1.21424782276, 3.19641423225, 6.68320560455, 8.4416513443, 14.6369495392, 19.2433624268, 14.5589113235, 9.39978885651, 15.4825658798, 16.9257946014, 22.7717723846, 21.1102237701, 24.171415329, 29.0080604553, 7.92999315262, 12.2926368713, 5.32313537598, 4.18418502808, 3.42186999321, 1.74872601032, 1.04618811607, 1.33705031872, 1.08808529377, 0.639766097069, 0.782667040825, 0.597487986088, 0.395411968231, 0.570925176144, 0.478942126036, 0.470843732357, 0.378259658813, 0.292627990246, 0.168036386371, 0.105126850307, 0.0377363264561, 0.00930446665734, 0.00238286447711, 0.000473574560601, 4.96717548231e-05], "max": [3.59207391739, 27.7703647614, 49.9457473755, 151.795623779, 204.150146484, 519.131713867, 1021.98187256, 694.745117188, 538.211486816, 909.278808594, 1469.62121582, 874.761657715, 2673.00854492, 1317.40527344, 1698.29614258, 1947.62646484, 1512.7734375, 808.692810059, 395.29598999, 369.542510986, 166.533294678, 187.496246338, 136.150238037, 73.8955383301, 135.209701538, 71.0330886841, 93.6221694946, 62.3527297974, 84.5376205444, 85.0008392334, 105.759315491, 91.7497177124, 81.9623184204, 33.492225647, 17.6362304688, 5.42002868652, 1.29955768585, 0.245694935322, 0.0255373492837, 0.00115725200158], "var": [0.15029014647, 7.48371934891, 36.4255638123, 186.328048706, 325.105682373, 1703.7208252, 3002.85693359, 1725.26403809, 905.903564453, 3189.33959961, 5431.04492188, 7389.60351562, 16494.8925781, 12561.9287109, 34555.9179688, 5230.84130859, 6148.70947266, 872.333618164, 902.851745605, 372.605499268, 79.6507644653, 28.2246742249, 34.9098014832, 26.2153358459, 15.309299469, 16.6837787628, 7.59252262115, 4.13987159729, 16.750837326, 13.9268827438, 18.0896072388, 12.528503418, 6.35346269608, 1.58743441105, 0.662874996662, 0.0791247040033, 0.00454909587279, 0.000143942001159, 1.50796313392e-06, 8.4539912848e-09], "mean": [0.243576690555, 2.41163778305, 6.11742591858, 10.8829374313, 15.3728284836, 31.0033130646, 42.1635894775, 34.2602386475, 22.8418979645, 32.817741394, 38.746711731, 55.6653022766, 64.8313446045, 61.0109825134, 76.832359314, 21.6106243134, 31.53673172, 13.6096754074, 11.1581850052, 7.29816818237, 3.49525117874, 1.86825239658, 2.488291502, 2.33515691757, 1.32782018185, 1.5719255209, 0.910623431206, 0.61327534914, 0.882251143456, 0.674998223782, 0.654911875725, 0.541490197182, 0.39955124259, 0.240630671382, 0.159938722849, 0.0575260147452, 0.0146196177229, 0.00560622895136, 0.000558276253287, 8.83808534127e-05]}, "spectral_strongpeak": {"dmean2": 0.91988670826, "median": 0.527358829975, "min": 0, "dvar2": 2.02646303177, "dvar": 0.794477283955, "dmean": 0.528978586197, "max": 10.368388176, "var": 1.7291200161, "mean": 1.05066919327}, "spectral_energy": {"dmean2": 0.0184470992535, "median": 0.0421591550112, "min": 1.00015538775e-20, "dvar2": 0.000456766108982, "dvar": 0.00019094311574, "dmean": 0.0117886140943, "max": 0.169660717249, "var": 0.000653736875392, "mean": 0.0440952777863}, "average_loudness": 0.942168533802, "spectral_rolloff": {"dmean2": 239.577285767, "median": 538.330078125, "min": 86.1328125, "dvar2": 597434.125, "dvar": 299857.1875, "dmean": 142.284332275, "max": 19466.015625, "var": 7274644, "mean": 1100.03674316}, "spectral_centroid": {"dmean2": 116.594329834, "median": 477.208251953, "min": 183.33303833, "dvar2": 60592.0390625, "dvar": 31515.1035156, "dmean": 77.2547149658, "max": 11538.4296875, "var": 648995, "mean": 590.445678711}, "pitch_salience": {"dmean2": 0.0961278751493, "median": 0.531045377254, "min": 0.0764050036669, "dvar2": 0.00765393069014, "dvar": 0.00290560652502, "dmean": 0.0593374669552, "max": 0.904434800148, "var": 0.0113668795675, "mean": 0.528922200203}, "spectral_energyband_middle_high": {"dmean2": 0.00225454964675, "median": 0.00222501135431, "min": 1.13799473746e-21, "dvar2": 2.00670292543e-05, "dvar": 8.78006812854e-06, "dmean": 0.00150112097617, "max": 0.0776732340455, "var": 5.66338567296e-05, "mean": 0.00544293131679}, "spectral_contrast_coeffs": {"dmean2": [0.0770011395216, 0.0708440244198, 0.0575870573521, 0.042158883065, 0.0301200766116, 0.0260613150895], "median": [-0.619994282722, -0.679085075855, -0.706852316856, -0.777940750122, -0.816878437996, -0.819962918758], "min": [-0.976278364658, -0.971317827702, -0.975131213665, -0.967894434929, -0.966942191124, -0.965093493462], "dvar2": [0.00410145521164, 0.00321372388862, 0.00219882326201, 0.00115046149585, 0.000627660600003, 0.000731813313905], "dvar": [0.00150869321078, 0.00126456969883, 0.000864749483299, 0.000483018840896, 0.000263735215412, 0.00028608579305], "dmean": [0.0467962324619, 0.0432958677411, 0.0354825593531, 0.0261274818331, 0.018966846168, 0.0160358566791], "max": [-0.355930954218, -0.401746690273, -0.427188158035, -0.544209003448, -0.597444415092, -0.662740767002], "var": [0.0055304444395, 0.00546272471547, 0.00842408556491, 0.00391418347135, 0.00150396977551, 0.00122870958876], "mean": [-0.619751095772, -0.681473612785, -0.70356297493, -0.772292613983, -0.814272463322, -0.815542399883]}, "melbands_skewness": {"dmean2": 0.829040288925, "median": 1.80295908451, "min": -1.26267147064, "dvar2": 0.797365963459, "dvar": 0.33945915103, "dmean": 0.529020905495, "max": 10.5683088303, "var": 1.7584335804, "mean": 2.02615094185}, "spectral_spread": {"dmean2": 875924.25, "median": 2776981.5, "min": 953251.3125, "dvar2": 1418611392510.0, "dvar": 753840357376, "dmean": 607008.5, "max": 42481468, "var": 10409960538100.0, "mean": 3475936.75}, "dissonance": {"dmean2": 0.06241620332, "median": 0.41863578558, "min": 0.122828893363, "dvar2": 0.00314157200046, "dvar": 0.00113259325735, "dmean": 0.0371613278985, "max": 0.499999761581, "var": 0.00255829584785, "mean": 0.410420179367}, "spectral_skewness": {"dmean2": 0.718909204006, "median": 3.17580628395, "min": -0.0745543241501, "dvar2": 0.488835602999, "dvar": 0.225908026099, "dmean": 0.473377615213, "max": 8.32740402222, "var": 1.30020391941, "mean": 3.24376273155}, "spectral_flux": {"dmean2": 0.0419996380806, "median": 0.0766826719046, "min": 6.43705297398e-11, "dvar2": 0.0017093361821, "dvar": 0.00074270402547, "dmean": 0.0261830724776, "max": 0.312615215778, "var": 0.0021894602105, "mean": 0.083507090807}, "spectral_contrast_valleys": {"dmean2": [0.567369282246, 0.525235056877, 0.463151931763, 0.415152519941, 0.392402887344, 0.456937938929], "median": [-6.52557086945, -6.44523143768, -7.43602466583, -8.21443843842, -8.73966503143, -11.1776475906], "min": [-27.8696269989, -27.9578971863, -27.9123783112, -27.7075538635, -27.549413681, -27.378112793], "dvar2": [0.235637903214, 0.201011806726, 0.156806513667, 0.15154440701, 0.199493333697, 0.267634570599], "dvar": [0.10435038805, 0.0842013806105, 0.0722669064999, 0.0727283507586, 0.10418843478, 0.157225295901], "dmean": [0.349193423986, 0.317016810179, 0.283923119307, 0.260451555252, 0.27457088232, 0.353717416525], "max": [-4.987408638, -4.70129108429, -5.62708377838, -6.48266935349, -6.40114164352, -7.65297222137], "var": [3.41617083549, 3.3832988739, 3.15585064888, 2.995221138, 2.84744763374, 2.33980083466], "mean": [-6.81724786758, -6.72521877289, -7.68245506287, -8.51661968231, -8.93855285645, -11.2420883179]}, "erbbands_flatness_db": {"dmean2": 0.0273703653365, "median": 0.211622342467, "min": 0.0309676062316, "dvar2": 0.00074050371768, "dvar": 0.000397121038986, "dmean": 0.0197597127408, "max": 0.372190326452, "var": 0.00270234746858, "mean": 0.206101030111}, "spectral_energyband_high": {"dmean2": 0.000113199886982, "median": 2.91976484732e-05, "min": 7.04591395641e-21, "dvar2": 2.10668289924e-07, "dvar": 1.28094001184e-07, "dmean": 8.43753732624e-05, "max": 0.0102897481993, "var": 3.17286378504e-07, "mean": 0.000140196367283}, "spectral_entropy": {"dmean2": 0.279819041491, "median": 6.55062866211, "min": 4.6060333252, "dvar2": 0.0876496508718, "dvar": 0.0457740202546, "dmean": 0.195443749428, "max": 9.81969928741, "var": 0.372370690107, "mean": 6.59242296219}, "silence_rate_20dB": {"dmean2": 0, "median": 1, "min": 1, "dvar2": 0, "dvar": 0, "dmean": 0, "max": 1, "var": 0, "mean": 1}, "melbands_flatness_db": {"dmean2": 0.0350386425853, "median": 0.322826385498, "min": 0.00329863210209, "dvar2": 0.00108913436998, "dvar": 0.000556847488042, "dmean": 0.024094088003, "max": 0.546516418457, "var": 0.00478753726929, "mean": 0.324847131968}, "barkbands": {"dmean2": [0.00011056488438, 0.00809638760984, 0.00584081141278, 0.00428865430877, 0.00583388097584, 0.00320383324288, 0.00113778875675, 0.00127266999334, 0.00140919559635, 0.0011457442306, 0.00127700529993, 0.000288376089884, 0.000402883539209, 0.000175468667294, 0.00010967363778, 6.80721204844e-05, 3.26031004079e-05, 4.22773991886e-05, 2.52219670074e-05, 2.54445276369e-05, 1.83531938092e-05, 2.23864226427e-05, 2.27110886044e-05, 2.3053793484e-05, 1.96690525627e-05, 8.1624430095e-06, 5.00139776705e-06], "median": [2.98681661661e-05, 0.00617301324382, 0.00319541571662, 0.00153976527508, 0.00508858123794, 0.00310935033485, 0.000882909749635, 0.000409044703702, 0.00078104774002, 0.000449240120361, 0.000206788361538, 6.04608867434e-05, 8.55628532008e-05, 7.83893410699e-05, 5.31697478436e-05, 2.92813001579e-05, 1.44067198562e-05, 1.26888235172e-05, 1.15664315672e-05, 7.13140434527e-06, 3.63647291124e-06, 3.72678118765e-06, 2.61459240392e-06, 2.78262245956e-06, 2.64051072918e-06, 1.24864902773e-06, 2.615693802e-06], "min": [8.65581868381e-25, 2.61627494154e-24, 1.32446787758e-24, 7.93641500914e-25, 8.35251369588e-24, 5.31352921601e-24, 1.18039355618e-23, 1.26263766981e-23, 1.6616376781e-23, 2.43728421652e-23, 2.06725544052e-23, 2.256503645e-23, 3.59759132302e-23, 3.40469842338e-23, 6.00858501438e-23, 5.0419438912e-23, 6.85442313397e-23, 9.24418510739e-23, 1.51191894648e-22, 1.88154445679e-22, 2.21658479039e-22, 3.54284122075e-22, 3.82358053483e-22, 5.55524987621e-22, 8.60524210538e-22, 1.28086787298e-21, 1.91988842317e-21], "dvar2": [5.58830421937e-08, 0.000238859851379, 7.23006451153e-05, 7.00176460668e-05, 7.04236372258e-05, 2.55698450928e-05, 3.93963227907e-06, 9.88583997241e-06, 8.69468567544e-06, 9.53380731517e-06, 1.32318273245e-05, 1.68097892583e-06, 1.52954783061e-06, 2.12843275449e-07, 9.36605104584e-08, 3.69909471942e-08, 2.10315782567e-08, 1.30944153298e-08, 4.91695040239e-09, 9.67155155962e-09, 6.24177065589e-09, 1.10586046986e-08, 1.79578911741e-08, 2.33621353374e-08, 7.87367415711e-09, 9.55223566912e-10, 9.90003634627e-11], "dvar": [2.2610963768e-08, 9.26762004383e-05, 2.5358669518e-05, 2.55354279943e-05, 2.91141459456e-05, 1.20766708278e-05, 1.64701702943e-06, 4.68480948257e-06, 3.73215516447e-06, 4.48230230177e-06, 5.59082945983e-06, 8.67506173563e-07, 6.78743333538e-07, 9.94865771986e-08, 4.62980160876e-08, 1.8125923873e-08, 9.06468677897e-09, 5.99641136745e-09, 2.18046736222e-09, 4.20907664278e-09, 2.41203701457e-09, 5.88580029159e-09, 9.85290338207e-09, 1.24149446279e-08, 4.7321884189e-09, 6.51377174421e-10, 4.33045301007e-11], "dmean": [7.10178501322e-05, 0.00513790361583, 0.00336083699949, 0.00251461868174, 0.00368775450625, 0.00214084610343, 0.000725892139599, 0.000825661991257, 0.000917982426472, 0.000764536031056, 0.000849643081892, 0.000192264400539, 0.000270458462182, 0.000118177573313, 7.11503016646e-05, 4.32891465607e-05, 2.04369625862e-05, 2.71596181847e-05, 1.6024998331e-05, 1.67152284121e-05, 1.15863131214e-05, 1.57650920301e-05, 1.59955980052e-05, 1.73318894667e-05, 1.45814356074e-05, 6.10763072473e-06, 3.17251829074e-06], "max": [0.00247134547681, 0.117672950029, 0.056295491755, 0.0770305767655, 0.0966333597898, 0.0779106765985, 0.0305899344385, 0.0890658348799, 0.0427368097007, 0.0755092427135, 0.052067220211, 0.0376172885299, 0.0369194820523, 0.0103615354747, 0.00571561558172, 0.00517959240824, 0.00371130928397, 0.0023658524733, 0.00183447799645, 0.00206272816285, 0.00215064478107, 0.00265408703126, 0.00349538493901, 0.00456238538027, 0.00266980961896, 0.00081261608284, 0.000144829464261], "var": [4.34110631886e-08, 0.000151219166582, 3.79206830985e-05, 4.04582715419e-05