{"tonal": {"thpcp": [1, 0.912964940071, 0.561422526836, 0.319639652967, 0.221037223935, 0.185777291656, 0.224188134074, 0.377594560385, 0.363104224205, 0.233683809638, 0.244464844465, 0.222621172667, 0.18359990418, 0.18591041863, 0.176815241575, 0.174753218889, 0.184594124556, 0.203893661499, 0.246274843812, 0.280549407005, 0.284309655428, 0.30898553133, 0.403874397278, 0.390464395285, 0.351967692375, 0.349540919065, 0.246358305216, 0.166081160307, 0.155338793993, 0.169622555375, 0.180486038327, 0.240271508694, 0.248934790492, 0.178973197937, 0.173744365573, 0.549185454845], "hpcp": {"dmean2": [0.162694916129, 0.172223776579, 0.165685027838, 0.163441568613, 0.176343008876, 0.211963191628, 0.270073592663, 0.29322168231, 0.275154978037, 0.262838929892, 0.297140330076, 0.277309566736, 0.221945807338, 0.212597489357, 0.193120375276, 0.154057666659, 0.149331867695, 0.163041576743, 0.148846358061, 0.150495439768, 0.161671385169, 0.140248388052, 0.140742704272, 0.263522446156, 0.415493816137, 0.370013982058, 0.294275313616, 0.210278511047, 0.16524399817, 0.143038108945, 0.162951916456, 0.272480070591, 0.273390293121, 0.178346693516, 0.175084024668, 0.175113588572], "median": [0.009621610865, 0.00921015255153, 0.00917777512223, 0.00810245983303, 0.00882478803396, 0.00902025122195, 0.00972475018352, 0.00993795506656, 0.00977354776114, 0.0181751530617, 0.0299916267395, 0.0349284522235, 0.0215994436294, 0.00880960654467, 0.0066622113809, 0.0046541178599, 0.00650443322957, 0.00790803693235, 0.00951241701841, 0.0116043705493, 0.00899621099234, 0.00617554225028, 0.0058375345543, 0.05206079036, 0.149436846375, 0.217465534806, 0.0451267361641, 0.0201944615692, 0.010120825842, 0.00732447765768, 0.00985321868211, 0.0136846797541, 0.0167615562677, 0.0151047278196, 0.0121059687808, 0.0136020248756], "min": [0, 0, 0, 0, 0, 0, 0, 0, 0, 0, 0, 0, 0, 0, 0, 0, 0, 0, 0, 0, 0, 0, 9.59297040026e-07, 3.30552848027e-06, 4.56485076938e-06, 1.44140608427e-06, 0, 0, 0, 0, 0, 0, 0, 0, 0, 0], "dvar2": [0.101340323687, 0.116304382682, 0.111207269132, 0.112652778625, 0.123697184026, 0.15126670897, 0.221492692828, 0.237601414323, 0.200278639793, 0.166682347655, 0.176673695445, 0.151073411107, 0.118422955275, 0.132191985846, 0.124627895653, 0.0982962325215, 0.0891419872642, 0.10284217447, 0.0845207497478, 0.0814766734838, 0.0843118652701, 0.0740762427449, 0.0834035500884, 0.113884396851, 0.227252423763, 0.155882209539, 0.153522849083, 0.116791367531, 0.0892017260194, 0.0796145796776, 0.0867136493325, 0.176785960793, 0.173259824514, 0.0962510704994, 0.0979152396321, 0.10210391134], "dvar": [0.0357389561832, 0.0404411144555, 0.0384906120598, 0.0389438644052, 0.0424806661904, 0.0508137270808, 0.0730483159423, 0.0815574675798, 0.0720979049802, 0.0619891770184, 0.0641187131405, 0.0547094680369, 0.0459191277623, 0.0518901608884, 0.044674936682, 0.0350835211575, 0.0312124937773, 0.0359347090125, 0.0302620120347, 0.0317288599908, 0.032897233963, 0.0272888224572, 0.0318939611316, 0.0464675761759, 0.0969756692648, 0.066743709147, 0.06351095438, 0.0448439642787, 0.0331236869097, 0.0299397241324, 0.0326010547578, 0.0692851021886, 0.0668521597981, 0.0350085906684, 0.0394583195448, 0.038071885705], "dmean": [0.0884627774358, 0.0926082283258, 0.0893681645393, 0.0882188528776, 0.0945062190294, 0.111891336739, 0.141789391637, 0.154850691557, 0.14832547307, 0.144095689058, 0.16632437706, 0.155358895659, 0.123887166381, 0.11696407944, 0.105797424912, 0.083236835897, 0.0799951255322, 0.087301492691, 0.0820002630353, 0.0841868445277, 0.091791048646, 0.0793670788407, 0.078473880887, 0.147683262825, 0.225792571902, 0.209998384118, 0.170527771115, 0.120027512312, 0.0934812799096, 0.0803232863545, 0.0919402167201, 0.151310816407, 0.151185497642, 0.0987919345498, 0.0985515862703, 0.0972987413406], "max": [1, 1, 1, 1, 1, 1, 1, 1, 1, 1, 1, 1, 1, 1, 1, 1, 1, 1, 1, 1, 1, 1, 1, 1, 1, 1, 1, 1, 1, 1, 1, 1, 1, 1, 1, 1], "var": [0.0251239351928, 0.0273457989097, 0.0255009178072, 0.0258821416646, 0.0280137378722, 0.0320858322084, 0.0459627658129, 0.0545241981745, 0.0529700927436, 0.0500481501222, 0.059824347496, 0.0538644641638, 0.0570283085108, 0.0704871043563, 0.0402564816177, 0.0262418538332, 0.0216689389199, 0.0249488763511, 0.0236419141293, 0.0403993614018, 0.0416471287608, 0.0229957550764, 0.0269386395812, 0.0622495524585, 0.162388786674, 0.104715824127, 0.0931256338954, 0.0462535470724, 0.0306445155293, 0.0279552415013, 0.0318246074021, 0.0710335746408, 0.0647747740149, 0.0288765206933, 0.0383735448122, 0.0317250229418], "mean": [0.0666595101357, 0.0674983859062, 0.0641962066293, 0.0634475499392, 0.067020483315, 0.0740275532007, 0.0894148647785, 0.101858906448, 0.103224143386, 0.112183190882, 0.146634444594, 0.141765683889, 0.127788707614, 0.126907616854, 0.0894451662898, 0.0602989904583, 0.0563987642527, 0.0615847595036, 0.0655289590359, 0.0872352346778, 0.0903806090355, 0.0649796947837, 0.0630812644958, 0.199392437935, 0.363069415092, 0.331469655037, 0.203835353255, 0.116051383317, 0.0802518576384, 0.0674500539899, 0.0813958570361, 0.137093037367, 0.131832033396, 0.084843441844, 0.0887577086687, 0.0808269381523]}, "tuning_equal_tempered_deviation": 0.296146243811, "chords_changes_rate": 0.0893950536847, "key_key": "F", "tuning_diatonic_strength": 0.528461754322, "key_scale": "minor", "chords_number_rate": 0.00171442562714, "tuning_frequency": 434.193115234, "tuning_nontempered_energy_ratio": 0.84903293848, "chords_histogram": [37.1295623779, 0.342885136604, 1.07763898373, 0, 0, 1.3225569725, 0.979671835899, 28.9003181458, 0.0979671776295, 0, 0, 0, 0, 0, 0, 0, 0, 0, 0.0979671776295, 1.29806518555, 0.587803065777, 0.0734753832221, 12.5887823105, 15.5033063889], "key_strength": 0.674383819103, "chords_key": "F", "chords_strength": {"dmean2": 0.0155369974673, "median": 0.503296256065, "min": 0.198170736432, "dvar2": 0.000172775573446, "dvar": 0.000116172610433, "dmean": 0.0128807788715, "max": 0.699645757675, "var": 0.0074376212433, "mean": 0.494703948498}, "chords_scale": "minor", "hpcp_entropy": {"dmean2": 1.12860798836, "median": 1.94492018223, "min": 0.0441844835877, "dvar2": 0.793774843216, "dvar": 0.299317508936, "dmean": 0.676265239716, "max": 4.73867464066, "var": 0.534046471119, "mean": 1.99703884125}}, "metadata": {"audio_properties": {"equal_loudness": 0, "codec": "mp3", "downmix": "mix", "sample_rate": 44100, "analysis_sample_rate": 44100, "bit_rate": 192000, "md5_encoded": "80abaf97471cda1a6bcc09fce290edb5", "length": 189.544494629, "replay_gain": -8.03730583191, "lossless": false}, "version": {"essentia_build_sha": "2d9f1f26377add8aeb1075a9c2973f962c4f09fd", "essentia": "2.1-beta2", "extractor": "music 1.0", "essentia_git_sha": "v2.1_beta2-1-ge3940c0"}, "tags": {"title": ["Self Hate Bad Dub"], "language": ["eng"], "media": ["Vinyl"], "albumartist": ["Atmosphere"], "musicbrainz_recordingid": ["19ec132c-8c29-48c3-b5d6-bc3dbef42cba"], "musicbrainz_albumartistid": ["ef954679-5ee7-4016-acef-7ac71f2fa3d8"], "discnumber": ["01/01"], "album": ["Cats Van Bags"], "catalognumber": ["RS0036-1"], "musicbrainz album release country": ["US"], "musicbrainz album type": ["Single"], "musicbrainz album status": ["Official"], "file_name": "06 Self Hate Bad Dub.mp3", "acoustid_fingerprint": ["AQADtFKSSE4yJsFP-Cj140yDB314ND-xbj3-4JZy9BPy-kj0wxEDxw9srcHFEBeoC9UROdEhR9GRP0EvFs6P_ni04iLT48nhh3gU4SExilOKpruKXjnyFcmaHd5R28FtPAt64U_QIXqE5NHxL0HfBU2e47jSHY-yHN-ksPBjY99xHZzlos-I70jeDXmJP4TP4zouRgJ1oU8wisiTCImnJ-g3-OFQfXjC4lKaHo_wULAi4-Mxb4rRL1ZhK0L1CBr7wEqGjhf6L3CYZLiC5ngQUdkJOdORP-i1FE1-4fiPKw3-oA8rNO2xij0eVJYSwx_S-0husAx-wtYT1CpxgcmF6ogeHfKiI39iXESTXyg1fMlxZunxw3WIT7hCnJMxpftRfUe-G8maXfBQe0pwG30W4sITjAin6NCjC_mjovo0NI9wXOlxKsQ1FtZt7NOO77ge9CmyT0fyBlcH58QfPMFBPeiDUTySJxHy6Rn6SfBDonp0PMmPyyn-GzUVFs12XDxGiYqDWlE8otmKS4qK5AvCTELfEH0bUFWGH34GRs-QJ2OQfDr-CL0iOEd__LiUFE9uNCe6Rsej4w4qS4nBz0i-HvGPHz-uo6mKC0wuVMceIXl05H2CXkSTH9d8PKlxZznOw3WISyquY5cSogmnvOg35EeyZvCO2k2GbwbPEL3AJ6gQNYmQXEkefAqavEMf_HiKS8mEu4QfU9h3_ME3Xehz3DsSdUY-PIQfPMnwED64J0TI7NAVHfn0CL0i-KiOJ_xwKWGEJw-mh2ExZcLF49oUo08U6_B1hA-SkTmc6cLFJ_hBNWHgq-CTIDwUKkMeRV5wXWjyEX2MH9fxRIpxR0TzsELnF3uO_wHzxjjy0EfyLPB4nA6uBxdDHFSeoESeRNCjC9EfNBeD6sc140um40xWvIYnF1-EVyi5xJgS7iq-yciFZCEvlMTFJrgb8FlwgU-IUDq0JUly5PoS9IPzcOgznMfTFN-ISg8rNNdx6_iJapOlwA_SH8kNtsODP4ObELxC-KgeRM4OXdGRT09wEc6P4wlxJYzG4flQfQyaHc9yrFljvIliFc2FkI-MZFUC7xpOZ7gOqmLwg7pQHcmzI8904V9U9INz9PgxMmGEJ8eUp-iiCRe-mkHPgPqQbuHGIamzDMe5BU5d1MpwUFfwI494yIueI9I_wS9RPcd3PMm0HX-Gh4KLU3h4jOJUoely9D6SH2GzwzvRT8IfMC-YJ3hwIWqSJEiuJ_jQ5OGCPjuuH19T4lyEs_CPdTt-tJOO57i2I3mRMzt-w7_AOAkZ8LBeXMczPRGuCMn1IHzw48eTPGimHHfm4GJXodl1o5WyGOdy9D-cRkL-qEjOo1GO8wGfo6JCwYefgEcoJTp0RUfeJ2hyMUR_3MdlPImCe8lhvSGO7yZOB8yL_0geUoidRccl-NyCOmJxiujRPAk4HckTIV-SJ_iG5kX1XLiGK8kUHftMXKEG18ajCE9l7EscONyPbzLyI1kzeDr6eKht8EEP7kmG8giXJMmJ5HoS9JPhPEQ_HFca4dxQn0ej47rxPWAuHa5T5NuOhMcr_HC-JsMT-BKY408wZxeST0feo5fQ5BKH18UTnGKKZ0UfG40UEU_yYdRz9FEsNJ7m4A80OUezCH_A62hCFX3B5AkqYU0iJI-O_EvQE01-HNePJ4mCG37C4DtW4Q9u5uh3JHSNrOVx-IKtBxeDg3qCUIKeJMi3J-i_we9QPcesCA8V7fhzPAxcXMcVSsXMJaHQdNFRtTmSC6HGw5GOvgk-MGeIB8yDWISeRMinL3gUOM_x4ToetTiFX4F33Cr-g1EjSfCDfD4SXvgS_Al8ok6yED2aE4_AZsQVHbX0wMfFHf2N08XVInoSHckvwcnz4BmzYxSDH81l1Plw6cITCfkNMTzyJYmIe44S9McRSUrEHHIUHfmDvimanMP-4fLwJgsuXbAe4jqOWw9q5zCzbUjo5gjFDefB_AscRketgoefHNeRJwqUJw_CXfBLVM9xLceTpseb4w88HZfwyDGmJzKasDmuyETy6QiTBZV0PKg3E80ZonlRPcF5Ik-iI_H0qLjQ5CH6HceZFFeGXmGFRng14wufoRbxMUg-5Me5g__gcA_qpMRBXfh15BkPfbqQ91HRw7kq9CmeBKOk9nh2WKPC4NMx7jg1B730o4mlGXmQbOnRUMcf9MnRaKrQo3lyHHkSEbqiI3-Cnmjy47jk48mCSw384BYefHvQK8Z9JHcRq7gNKv9Q73jCCD2YXLhPJFUihI6ewOozfEVl5niipLiUpsceoT6FZsMzPI_RJ7LgNkcvBfqSoz28B-MduAqPo3mMR4go8tCTIV_yJcYH5xyO40oYnEp6PCx8rL7w8BkYUQy-IQ-N5NVxKRv-ZHB31Enxg7rwCzl56El0RJ2eBP0M5-hxEZ9S5niGRqNitMQ_nD2mH66k6Mg65khI1pjMo5J8WEzIoJR4_ME4_CPRhJKCkEoC_cj8COMDV4xwRfii48kF6xX24TfBWdJRO_h-JG8Qf7h0CTcruBGLWix6UE-QTEKeJNiVB_-EPiSafMcVfHmPb3gouDmuLJgfo3IUCk0psngYGcmJsNkFTzbqMwGTD9fRnODiCCeRRzqSP0KvSPjRHP9xpcEfoefR_Ph20H1QmcGHfFORfCJO47rgzkOf4jz8BI_1IE_EQ4-O_EEPP4TX40keNHoYgeeNO6wErz2uSRTOJUavH40jBcnJVQiTLUd5_AuaRkdf_HCe4D8iJyIAgAQxwClggDEQAIKAIwZBISxRBiJAGAGAESQMMUIgi5gBABDCgDLEEWMIMAIKqBwzghEAFEGECAMRIAA4CpgwCgkAjXNEGYiAQ8QQABQwZCBgmBFQCGCJMhoBIAhgiAhCgABCICSgs4QoY5AjDDAiDIDMKIMMkI4gS4gDwEAEBBGAAGCQIEgoAYEBACBmICISEcCEQkZiAxgijgCqCBQCEAIMRIAAAxQDgjAjgKASEWMA0UY5iQgwAgoJiAIOME8RJcABBAxUgCjAhBIEAECYUgwQRwgRABnFnCQKAWSAAMIIhwByTAkEASDEGIcAAYwwYYgSCCECjQIGWCMIRU4QIBhRSEjjHUEGOECA0Qg4QpgRwghABGKKQCAEsIAwQBFBmAFEghCMQQEEcQQIgAxAjAAAqDAEAgEQcsoJYRwgRhthEDAEWMMgsIQCZaQwwADCgCPEEGKoRY4JxwASgABCgBBCSYGEIQJcQIBhDDhDFEDEAQKFA8QAAoARAgCikQEEGAQFMQQoIZUiBghGDDTEFQAAcABAIYxRgDiAlAHAAQKQRcQAphQRShCBmBHECEIUoAg4QgwCBjFoACCMgCkQFAAQAZAhBgBAqCKCCYCUQgISAIA3wBFMHBBOKAAQA4owQo1xhAgnAVEQEUAMIIRAYRARTBACgDGUEWUgQowAZogDLBigiBGAIYGAF8JAZACRBhACDDJCCAgQAoEA4gQy4BDjAjIEGASoAoQBAQUQRjhAgKGIEMAAYYwAACSCxAFiBKIAEGUoAg4wxZAQQRlnDDKAICOIIoQyAgACRgjBBFCQGUKJcwAAkJwrgFBDjEEIGcIIgUAAIRwghiJCAGCAEkAIMQIIaAiAylkFkCREGAIQAQYQA4wQggilgCAAAEehEAogIBgwRCBkIEACEUMAYMAAAY2TgCECABJCCEGIMgoh4ggBABgCCABKMkAEEIAIAw"], "date": ["2003"], "genre": ["Summer song"], "musicbrainz_releasegroupid": ["fc843cd9-d9bd-3078-83bf-e1c14a16ad1c"], "script": ["Latin"], "musicbrainz_albumid": ["28bbbb79-8091-447b-81ab-f43df711a08a"], "artist": ["Atmosphere"], "artistsort": ["Atmosphere"], "tracknumber": ["06/06"], "label": ["Rhymesayers Entertainment"], "albumartistsort": ["Atmosphere"], "acoustid_id": ["53927c00-db5f-4797-b7b7-e89003dfdda8"], "musicbrainz_artistid": ["ef954679-5ee7-4016-acef-7ac71f2fa3d8"]}}, "rhythm": {"bpm_histogram_first_peak_bpm": {"dmean2": 0, "median": 82, "min": 82, "dvar2": 0, "dvar": 0, "dmean": 0, "max": 82, "var": 0, "mean": 82}, "bpm": 81.6070098877, "bpm_histogram_second_peak_spread": {"dmean2": 0, "median": 0.40000000596, "min": 0.40000000596, "dvar2": 0, "dvar": 0, "dmean": 0, "max": 0.40000000596, "var": 0, "mean": 0.40000000596}, "bpm_histogram_first_peak_weight": {"dmean2": 0, "median": 0.84291189909, "min": 0.84291189909, "dvar2": 0, "dvar": 0, "dmean": 0, "max": 0.84291189909, "var": 0, "mean": 0.84291189909}, "onset_rate": 4.415579319, "beats_position": [0.777868449688, 1.5673469305, 2.36843538284, 3.1811337471, 3.94739222527, 4.69043064117, 5.41024923325, 6.15328788757, 6.8963265419, 7.61614513397, 8.33596324921, 9.0906124115, 9.82204055786, 10.5650787354, 11.2848978043, 12.0279359818, 12.7709751129, 13.5024032593, 14.2338323593, 14.9768705368, 15.696688652, 16.4397277832, 17.1595458984, 17.9025840759, 18.6456241608, 19.3770523071, 20.0852603912, 20.8399085999, 21.5713367462, 22.3143768311, 23.0458049774, 23.7888431549, 24.5202713013, 25.2633094788, 25.9947395325, 26.7261676788, 27.4459857941, 28.1890239716, 28.9204521179, 29.6634922028, 30.3949203491, 31.1379585266, 31.8577766418, 32.6008148193, 33.3206329346, 34.0636711121, 34.8067131042, 35.5497512817, 36.269569397, 37.0126075745, 37.755645752, 38.4870758057, 39.2185020447, 39.9499320984, 40.6813583374, 41.4243965149, 42.1558265686, 42.8872566223, 43.6070747375, 44.350112915, 45.0815429688, 45.8245811462, 46.5560073853, 47.2990455627, 48.0304756165, 48.7619056702, 49.5049438477, 50.2363700867, 50.9678001404, 51.6992263794, 52.4306564331, 53.1736946106, 53.9167327881, 54.6365509033, 55.3563690186, 56.1110191345, 56.8424491882, 57.5854873657, 58.305305481, 59.0483436584, 59.7797737122, 60.5228118896, 61.2542381287, 61.9856681824, 62.7170982361, 63.4601364136, 64.1799545288, 64.9229888916, 65.6660308838, 66.385848999, 67.1056671143, 67.8603134155, 68.5917434692, 69.3347854614, 70.0662155151, 70.8092498779, 71.5406799316, 72.2721099854, 73.0035324097, 73.7465744019, 74.4663925171, 75.2094345093, 75.9408569336, 76.6838989258, 77.4153289795, 78.1467590332, 78.85496521, 79.5979995728, 80.3410415649, 81.0840835571, 81.8271179199, 82.5701599121, 83.2899780273, 84.0330123901, 84.7760543823, 85.507484436, 86.2389068604, 86.9703369141, 87.7017669678, 88.4331970215, 89.1646270752, 89.907661438, 90.6274795532, 91.3705215454, 92.0903396606, 92.8333740234, 93.5764160156, 94.3194503784, 95.0508804321, 95.7823104858, 96.525352478, 97.2567749023, 97.9882049561, 98.7196350098, 99.4510650635, 100.194099426, 100.937141418, 101.656959534, 102.376777649, 103.13142395, 103.862854004, 104.594284058, 105.325714111, 106.068748474, 106.811790466, 107.54322052, 108.274642944, 109.006072998, 109.737503052, 110.468933105, 111.200363159, 111.943397522, 112.674827576, 113.406257629, 114.126075745, 114.880722046, 115.6121521, 116.343582153, 117.075012207, 117.81804657, 118.561088562, 119.292518616, 120.02394104, 120.766983032, 121.486801147, 122.22983551, 122.961265564, 123.704307556, 124.43573761, 125.155555725, 125.87537384, 126.618408203, 127.361450195, 128.104492188, 128.824310303, 129.567337036, 130.310379028, 131.053421021, 131.773239136, 132.516281128, 133.247711182, 133.979141235, 134.710571289, 135.453598022, 136.185028076, 136.928070068, 137.647888184, 138.402542114, 139.145568848, 139.876998901, 140.608428955, 141.339859009, 142.071289063, 142.802719116, 143.53414917, 144.265579224, 145.008621216, 145.740036011, 146.471466064, 147.202896118, 147.934326172, 148.665756226, 149.397186279, 150.140228271, 150.871658325, 151.614685059, 152.346115112, 153.089157104, 153.832199097, 154.56362915, 155.295059204, 156.026489258, 156.757904053, 157.500946045, 158.22076416, 158.963806152, 159.695236206, 160.42666626, 161.169708252, 161.935958862, 162.690612793, 163.445251465, 164.188293457, 164.931335449, 165.651153564, 166.37097168, 167.114013672, 167.845443726, 168.576873779, 169.308303833, 170.039718628, 170.78276062, 171.514190674, 172.245620728, 172.977050781, 173.720092773, 174.451522827, 175.206161499, 175.972427368, 176.72706604, 177.40045166, 178.073822021, 178.631103516, 179.176773071, 179.734054565, 180.268112183, 180.813781738, 181.359451294, 181.893508911, 182.427566528, 182.961624146, 183.484085083, 184.006530762, 184.52897644, 185.051422119, 185.573867798, 186.096328735, 186.618774414, 187.141220093, 187.67527771, 188.209335327, 188.731781006], "beats_loudness": {"dmean2": 0.397617667913, "median": 0.111846514046, "min": 1.10702630991e-05, "dvar2": 0.0410194955766, "dvar": 0.012043450959, "dmean": 0.199756652117, "max": 0.558529734612, "var": 0.0192792844027, "mean": 0.177879557014}, "danceability": 1.65052545071, "bpm_histogram_second_peak_weight": {"dmean2": 0, "median": 0.0344827584922, "min": 0.0344827584922, "dvar2": 0, "dvar": 0, "dmean": 0, "max": 0.0344827584922, "var": 0, "mean": 0.0344827584922}, "beats_count": 262, "bpm_histogram_second_peak_bpm": {"dmean2": 0, "median": 115, "min": 115, "dvar2": 0, "dvar": 0, "dmean": 0, "max": 115, "var": 0, "mean": 115}, "bpm_histogram_first_peak_spread": {"dmean2": 0, "median": 0.067796587944, "min": 0.067796587944, "dvar2": 0, "dvar": 0, "dmean": 0, "max": 0.067796587944, "var": 0, "mean": 0.067796587944}, "beats_loudness_band_ratio": {"dmean2": [1.55975449085, 0.585988342762, 0.344316124916, 0.294655561447, 0.180817887187, 0.194825097919], "median": [0.581127285957, 0.00658530835062, 0.0163927450776, 0.0728931799531, 0.0203927606344, 0.00259510288015], "min": [0.000636941520497, 5.74572050027e-06, 7.09777668817e-06, 0.000135091904667, 9.11423267098e-05, 1.53256078192e-05], "dvar2": [0.231712162495, 0.0657140165567, 0.0494914241135, 0.0084684882313, 0.00317692384124, 0.00759538495913], "dvar": [0.0709685236216, 0.0191019102931, 0.0171977989376, 0.00377345364541, 0.00163703621365, 0.00242930557579], "dmean": [0.781192541122, 0.292714893818, 0.17430613935, 0.14941161871, 0.0920404344797, 0.0987209156156], "max": [0.999234080315, 0.478670060635, 0.968393743038, 0.766050100327, 0.626480817795, 0.542088985443], "var": [0.1941267699, 0.031379789114, 0.017217874527, 0.0211732592434, 0.00771310320124, 0.00414177821949], "mean": [0.540718495846, 0.152508348227, 0.0938403755426, 0.10706743598, 0.0611941218376, 0.0517295636237]}}, "lowlevel": {"barkbands_spread": {"dmean2": 11.4884519577, "median": 10.1663446426, "min": 0.0275249239057, "dvar2": 258.870361328, "dvar": 119.282485962, "dmean": 7.5834851265, "max": 112.45967865, "var": 286.345367432, "mean": 15.3881950378}, "melbands_spread": {"dmean2": 15.6944856644, "median": 10.9255104065, "min": 0.0214318428189, "dvar2": 837.878479004, "dvar": 444.958648682, "dmean": 10.4809560776, "max": 262.072723389, "var": 1007.91864014, "mean": 19.7495136261}, "hfc": {"dmean2": 11.0742454529, "median": 4.10187530518, "min": 1.21152445935e-16, "dvar2": 1016.25, "dvar": 442.626861572, "dmean": 7.55561351776, "max": 247.822235107, "var": 556.132324219, "mean": 11.3386230469}, "barkbands_kurtosis": {"dmean2": 67.9281005859, "median": 5.45188713074, "min": -1.96703100204, "dvar2": 54730.6132813, "dvar": 27283.0917969, "dmean": 44.9907531738, "max": 3773.54394531, "var": 36182.3046875, "mean": 56.40574646}, "gfcc": {"mean": [-135.76600647, 116.522094727, -127.370941162, 47.5589408875, -51.98670578, 21.3705024719, -7.79128313065, 12.4955120087, -6.78511571884, -5.26447105408, 0.639669001102, -10.2359895706, -0.735663354397], "icov": [[0.000120604701806, -0.000120320779388, -1.90134123841e-05, -2.26492556976e-05, 0.000200872294954, 4.83649273519e-05, -0.000113143069029, -8.94019251518e-07, 6.00404782745e-05, -0.000382043595891, 0.00032653575181, -0.000236004852923, 4.46909734819e-06], [-0.000120320779388, 0.00232776929624, -0.000873359909747, 0.00156265182886, -0.000715494970791, 0.00182068091817, -0.000602602260187, 0.000706945895217, -0.000774980464485, 0.0028283437714, -0.00212165387347, 0.00204463093542, -0.000905604858417], [-1.90134123841e-05, -0.000873359909747, 0.0014269707026, -0.00135783711448, -9.23993866309e-05, -0.000582150998525, 9.15023920243e-05, -0.000719748961274, -0.000106738072645, -0.000695329974405, 0.00107429199852, -0.00191255402751, 0.00113365682773], [-2.26492556976e-05, 0.00156265182886, -0.00135783711448, 0.00315754488111, -0.000305919820676, 0.000961773446761, 0.000196523804334, 9.43761115195e-05, -0.00110364938155, 0.00198118761182, -0.00111512665171, 0.000847970717587, -0.00141797529068], [0.000200872294954, -0.000715494970791, -9.23993866309e-05, -0.000305919820676, 0.00209065107629, -0.00145004026126, -9.19912563404e-05, 0.000701416342054, -0.000219061475946, -0.00161183089949, -0.000257490260992, -5.27256343048e-05, -0.000938949699048], [4.83649273519e-05, 0.00182068091817, -0.000582150998525, 0.000961773446761, -0.00145004026126, 0.00522224279121, -0.00208005984314, 0.00209266366437, -0.000655463081785, 0.000435611873399, 0.000382107129553, -0.000514922256116, 0.000836162653286], [-0.000113143069029, -0.000602602260187, 9.15023920243e-05, 0.000196523804334, -9.19912563404e-05, -0.00208005984314, 0.00441776076332, -0.00305463816039, -0.000929625879508, 0.00116536463611, -0.000487121666083, 0.00081080844393, -0.000901691266336], [-8.94019251518e-07, 0.000706945895217, -0.000719748961274, 9.43761115195e-05, 0.000701416342054, 0.00209266366437, -0.00305463816039, 0.00758045818657, -0.00162736244965, 0.000196430803044, 0.00116599490866, -0.000595253019128, 0.000547772913706], [6.00404782745e-05, -0.000774980464485, -0.000106738072645, -0.00110364938155, -0.000219061475946, -0.000655463081785, -0.000929625879508, -0.00162736244965, 0.00927442871034, -0.0033893447835, -0.00252239406109, 0.00327852112241, -0.00118306418881], [-0.000382043595891, 0.0028283437714, -0.000695329974405, 0.00198118761182, -0.00161183089949, 0.000435611873399, 0.00116536463611, 0.000196430803044, -0.0033893447835, 0.0134813738987, -0.00358263798989, 0.00010960130021, 0.00220846151933], [0.00032653575181, -0.00212165387347, 0.00107429199852, -0.00111512665171, -0.000257490260992, 0.000382107129553, -0.000487121666083, 0.00116599490866, -0.00252239406109, -0.00358263798989, 0.0100837443024, -0.00461879232898, 0.000398943986511], [-0.000236004852923, 0.00204463093542, -0.00191255402751, 0.000847970717587, -5.27256343048e-05, -0.000514922256116, 0.00081080844393, -0.000595253019128, 0.00327852112241, 0.00010960130021, -0.00461879232898, 0.0145544325933, -0.00415746727958], [4.46909734819e-06, -0.000905604858417, 0.00113365682773, -0.00141797529068, -0.000938949699048, 0.000836162653286, -0.000901691266336, 0.000547772913706, -0.00118306418881, 0.00220846151933, 0.000398943986511, -0.00415746727958, 0.0136121958494]], "cov": [[15543.5644531, -98.1099853516, 824.849609375, 36.3903961182, -2635.03588867, -920.504333496, 163.093078613, 712.232727051, -397.310760498, -89.5776901245, -772.293273926, 145.864212036, -172.422958374], [-98.1099853516, 2297.49829102, -122.892524719, -514.147705078, 268.87097168, -539.86907959, 332.681182861, 14.0473842621, 229.593780518, -275.564056396, 324.620452881, -246.833694458, 162.499664307], [824.849609375, -122.892524719, 1858.52575684, 741.707763672, 105.869308472, 123.22303009, 103.538108826, 220.063095093, 77.176612854, 36.2246246338, -69.6696090698, 192.24772644, -26.6406078339], [36.3903961182, -514.147705078, 741.707763672, 831.412414551, 24.0748462677, 77.191444397, -41.8459777832, 89.9492492676, 41.4192962646, 23.4087963104, -41.5074310303, 112.734519958, 16.5963630676], [-2635.03588867, 268.87097168, 105.869308472, 24.0748462677, 1438.10778809, 454.968933105, 101.466133118, -240.900909424, 216.359130859, 138.986190796, 287.720489502, 4.87794303894, 89.4223632813], [-920.504333496, -539.86907959, 123.22303009, 77.191444397, 454.968933105, 586.609191895, 61.3375968933, -108.093063354, 28.2654590607, 126.028572083, 2.5187625885, 72.0503768921, -30.1324043274], [163.093078613, 332.681182861, 103.538108826, -41.8459777832, 101.466133118, 61.3375968933, 477.349609375, 159.304275513, 119.805374146, -52.0712814331, 42.2283401489, -47.1366577148, 40.7647209167], [712.232727051, 14.0473842621, 220.063095093, 89.9492492676, -240.900909424, -108.093063354, 159.304275513, 284.87588501, 29.6628017426, -36.4188690186, -65.2373199463, 1.88824403286, -8.16968345642], [-397.310760498, 229.593780518, 77.176612854, 41.4192962646, 216.359130859, 28.2654590607, 119.805374146, 29.6628017426, 220.212554932, 32.7747650146, 111.445823669, -40.1254768372, 31.5227737427], [-89.5776901245, -275.564056396, 36.2246246338, 23.4087963104, 138.986190796, 126.028572083, -52.0712814331, -36.4188690186, 32.7747650146, 166.81690979, 30.6875915527, 38.9165496826, -32.2497367859], [-772.293273926, 324.620452881, -69.6696090698, -41.5074310303, 287.720489502, 2.5187625885, 42.2283401489, -65.2373199463, 111.445823669, 30.6875915527, 247.997894287, -2.49807453156, 45.1189231873], [145.864212036, -246.833694458, 192.24772644, 112.734519958, 4.87794303894, 72.0503768921, -47.1366577148, 1.88824403286, -40.1254768372, 38.9165496826, -2.49807453156, 139.009368896, 4.70388460159], [-172.422958374, 162.499664307, -26.6406078339, 16.5963630676, 89.4223632813, -30.1324043274, 40.7647209167, -8.16968345642, 31.5227737427, -32.2497367859, 45.1189231873, 4.70388460159, 107.413139343]]}, "spectral_energyband_middle_low": {"dmean2": 0.0121794035658, "median": 0.00172108248807, "min": 3.00996631036e-22, "dvar2": 0.00116962438915, "dvar": 0.000443701253971, "dmean": 0.00705286394805, "max": 0.193456023932, "var": 0.000331071962137, "mean": 0.00653256801888}, "melbands_crest": {"dmean2": 7.76966953278, "median": 20.9342784882, "min": 2.7038936615, "dvar2": 48.187171936, "dvar": 20.7793445587, "dmean": 4.72226810455, "max": 39.8581237793, "var": 79.1801834106, "mean": 21.4911270142}, "spectral_kurtosis": {"dmean2": 6.85596513748, "median": 3.94721078873, "min": -1.19488739967, "dvar2": 182.656295776, "dvar": 60.1248970032, "dmean": 4.00580263138, "max": 166.283203125, "var": 309.156402588, "mean": 8.03400611877}, "spectral_rms": {"dmean2": 0.00215113302693, "median": 0.00288068829104, "min": 3.21967344279e-12, "dvar2": 1.20160702863e-05, "dvar": 7.19493209544e-06, "dmean": 0.00150886783376, "max": 0.0228825211525, "var": 2.47504995059e-05, "mean": 0.00479183904827}, "zerocrossingrate": {"dmean2": 0.0138110844418, "median": 0.0341796875, "min": 0.00048828125, "dvar2": 0.000366482738173, "dvar": 0.000387824024074, "dmean": 0.0127401752397, "max": 0.48486328125, "var": 0.00212317495607, "mean": 0.0437465682626}, "silence_rate_60dB": {"dmean2": 0.220044106245, "median": 0, "min": 0, "dvar2": 0.193928286433, "dvar": 0.0979057401419, "dmean": 0.110008575022, "max": 1, "var": 0.218628063798, "mean": 0.32288095355}, "erbbands_kurtosis": {"dmean2": 5.15268230438, "median": 1.3443441391, "min": -1.95702540874, "dvar2": 81.2686233521, "dvar": 35.9568634033, "dmean": 3.34377837181, "max": 122.886978149, "var": 73.2278213501, "mean": 3.96772241592}, "erbbands": {"dmean2": [1.16254687309, 5.95010757446, 16.9073467255, 14.9067173004, 6.49450683594, 18.2060604095, 16.1303348541, 9.60910320282, 8.95415592194, 16.700630188, 35.5916976929, 68.2510604858, 34.6990242004, 20.2958583832, 38.9792098999, 20.4270820618, 24.9540042877, 14.9547052383, 16.3554286957, 9.53667259216, 9.16500854492, 5.37449216843, 7.30794715881, 7.11920785904, 8.58948612213, 6.11846637726, 5.58390522003, 4.07122325897, 3.60229182243, 3.66492462158, 1.75451493263, 0.793287694454, 0.355321764946, 0.131146326661, 0.0417970046401, 0.0123383570462, 0.00310601736419, 0.000374785216991, 2.84555699182e-05, 4.58596878161e-05], "median": [0.0232074633241, 0.0616460442543, 0.0614438615739, 0.225703060627, 0.354475498199, 0.165119275451, 0.345457434654, 0.918896079063, 0.638298392296, 1.43204879761, 2.86893749237, 5.28962421417, 3.47559213638, 1.57269024849, 1.76182579994, 1.13343775272, 0.767293393612, 0.951659083366, 0.74664080143, 0.48775807023, 0.517549872398, 0.751660823822, 0.813992142677, 0.882389187813, 1.2144920826, 1.03211164474, 0.400689840317, 0.203496903181, 0.128455400467, 0.12706848979, 0.0695758908987, 0.0304001420736, 0.0159381069243, 0.00472196098417, 0.00101953127887, 0.000245390605414, 4.23382298322e-05, 3.53421228283e-06, 9.12530049391e-06, 1.05925373646e-05], "min": [4.557534954e-22, 2.43151316257e-21, 3.4553331052e-20, 1.50228303551e-19, 1.29286778778e-19, 1.5858530928e-19, 4.31600716549e-19, 1.85410375879e-19, 9.94932116996e-19, 9.06589641165e-19, 5.5608276504e-19, 1.33125093276e-18, 4.93168906914e-19, 1.44721110809e-18, 1.60464115624e-18, 3.26639582506e-18, 6.09501995941e-18, 4.41985431472e-18, 8.45070626687e-18, 7.70784761878e-18, 6.12703474425e-18, 5.87450270709e-18, 1.11148498791e-17, 9.29698813413e-18, 1.4349995441e-17, 1.17108847957e-17, 1.45439213182e-17, 1.42001318207e-17, 1.52059238886e-17, 2.36661501771e-17, 2.04351578891e-17, 1.70100825595e-17, 1.59371829829e-17, 1.06161732935e-17, 9.59095902484e-18, 7.14441933481e-18, 3.58699510726e-18, 1.2613841563e-18, 3.56828397161e-19, 4.09918141345e-20], "dvar2": [10.341547966, 201.184585571, 3274.05688477, 2779.91137695, 405.089324951, 6696.7421875, 5039.62548828, 527.679382324, 450.190734863, 2650.78125, 14687.5439453, 48881.4726563, 7661.77294922, 3472.33447266, 26204.875, 6061.99804688, 10937.5087891, 2782.39941406, 4228.20996094, 1425.84716797, 1494.65307617, 333.488983154, 766.799926758, 753.904907227, 722.392700195, 344.937927246, 395.007019043, 144.694488525, 103.691322327, 102.247940063, 20.4647579193, 4.22187137604, 0.572481334209, 0.0788730680943, 0.006816605106, 0.000635331613012, 4.61879826616e-05, 7.62617275996e-07, 4.04557809475e-09, 8.94852636435e-09], "dvar": [5.07625436783, 142.338531494, 1247.90905762, 994.837890625, 140.104736328, 2524.88232422, 1840.21777344, 197.663955688, 166.203796387, 965.840698242, 5862.37158203, 18104.1757813, 3023.69165039, 1421.5760498, 10293.1181641, 2434.01708984, 3913.22045898, 1050.93847656, 1478.34350586, 638.676818848, 654.513122559, 175.363143921, 404.854064941, 362.183441162, 375.782653809, 210.054214478, 232.72102356, 92.0739364624, 58.3857765198, 56.0939178467, 12.4455566406, 2.20613479614, 0.324549168348, 0.0403218343854, 0.00339780538343, 0.000317951577017, 2.1453228328e-05, 3.45259337564e-07, 1.72051195513e-09, 4.6396428921e-09], "dmean": [0.795898079872, 4.5134768486, 10.0302734375, 8.15815639496, 3.53509402275, 10.4283313751, 9.04967880249, 5.68016719818, 5.06630373001, 9.77578544617, 21.9954872131, 40.8772926331, 22.0000858307, 12.8189182281, 23.8328647614, 12.4459295273, 14.3567380905, 9.13815975189, 9.26494503021, 6.50182437897, 6.05133581161, 3.63490104675, 4.92949390411, 5.05288600922, 6.31558799744, 4.52785921097, 4.32083845139, 3.01502871513, 2.73768639565, 2.73217701912, 1.36090385914, 0.575865626335, 0.259308069944, 0.0941670015454, 0.0291268322617, 0.00841797329485, 0.00209304504097, 0.000249569420703, 1.88235499081e-05, 3.06046567857e-05], "max": [21.4991722107, 101.981559753, 260.320159912, 222.770553589, 105.475372314, 474.896240234, 423.892822266, 160.415725708, 190.136627197, 351.316162109, 777.41192627, 1475.47106934, 516.859680176, 387.246459961, 1257.09460449, 513.784667969, 754.536376953, 376.988464355, 486.046386719, 305.514373779, 326.425201416, 175.417541504, 224.027679443, 221.936004639, 255.735122681, 186.643844604, 248.975570679, 119.777870178, 113.844444275, 139.400848389, 68.146522522, 25.6442584991, 7.52085447311, 2.67524003983, 0.575022041798, 0.180039674044, 0.0595749132335, 0.00762974936515, 0.000723097706214, 0.000582640524954], "var": [6.97498178482, 313.3331604, 972.670471191, 610.032348633, 81.5989074707, 1756.29760742, 1180.44824219, 170.5050354, 123.696746826, 714.11340332, 4977.53808594, 14855.1572266, 3717.3293457, 1384.30932617, 8363.05273438, 2101.01928711, 2671.81787109, 864.074707031, 1106.08825684, 690.020629883, 640.599914551, 237.189544678, 494.77746582, 450.669799805, 569.128173828, 395.41619873, 392.080383301, 169.059173584, 99.174621582, 111.740463257, 28.7345314026, 3.72309398651, 0.596051514149, 0.0656894147396, 0.00491565978155, 0.000421161850682, 2.51325418503e-05, 3.86901888305e-07, 2.86108270409e-09, 1.06553121881e-08], "mean": [1.05236697197, 6.77226066589, 8.11457157135, 5.34642696381, 2.60873126984, 7.28646469116, 6.28459739685, 5.47174072266, 4.05178880692, 8.99650001526, 20.4693603516, 43.7202033997, 28.0814170837, 13.4428739548, 22.6497306824, 11.7226848602, 12.5519704819, 8.96315383911, 8.70182800293, 6.55076789856, 5.72544956207, 4.49321889877, 5.3762011528, 5.83241128922, 7.89989757538, 6.44040393829, 5.50107049942, 3.95028495789, 3.33093500137, 3.56279397011, 1.84083390236, 0.701971173286, 0.319648653269, 0.110642820597, 0.0328638739884, 0.00908304285258, 0.00210568821058, 0.000243563015829, 3.00946285279e-05, 5.45731963939e-05]}, "spectral_strongpeak": {"dmean2": 0.599659204483, "median": 0.435277223587, "min": 0, "dvar2": 0.615926206112, "dvar": 0.25486779213, "dmean": 0.378413200378, "max": 6.09290504456, "var": 0.511213004589, "mean": 0.686218082905}, "spectral_energy": {"dmean2": 0.0414012856781, "median": 0.00850582309067, "min": 1.06254540467e-20, "dvar2": 0.00736458413303, "dvar": 0.00387629959732, "dmean": 0.0276299677789, "max": 0.536700069904, "var": 0.0089795012027, "mean": 0.0489051304758}, "average_loudness": 0.918864905834, "spectral_rolloff": {"dmean2": 842.146118164, "median": 710.595703125, "min": 21.533203125, "dvar2": 2487092.5, "dvar": 1240241.875, "dmean": 503.659576416, "max": 18949.21875, "var": 2506099.5, "mean": 1104.02587891}, "spectral_centroid": {"dmean2": 585.917602539, "median": 1139.72045898, "min": 71.4205780029, "dvar2": 526029.75, "dvar": 302618.3125, "dmean": 411.168609619, "max": 10851.6005859, "var": 918711.5, "mean": 1355.8059082}, "pitch_salience": {"dmean2": 0.163346514106, "median": 0.433278441429, "min": 0.0180508997291, "dvar2": 0.0264694057405, "dvar": 0.0121905151755, "dmean": 0.104167915881, "max": 0.894041836262, "var": 0.0459317043424, "mean": 0.408441603184}, "spectral_energyband_middle_high": {"dmean2": 0.00316005991772, "median": 0.000491630868055, "min": 1.2900350173e-21, "dvar2": 0.000136847491376, "dvar": 5.60230910196e-05, "dmean": 0.00206383224577, "max": 0.0884862840176, "var": 5.32173689862e-05, "mean": 0.00236175046302}, "spectral_contrast_coeffs": {"dmean2": [0.09996111691, 0.0899680182338, 0.0743994861841, 0.053530652076, 0.0442900247872, 0.038124576211], "median": [-0.713781237602, -0.735713839531, -0.767017841339, -0.819918990135, -0.807704269886, -0.768880665302], "min": [-0.975079715252, -0.974452614784, -0.96689581871, -0.976694583893, -0.963741481304, -0.961111724377], "dvar2": [0.0095330318436, 0.00555853778496, 0.00360839627683, 0.00188508164138, 0.001448122086, 0.00110600760672], "dvar": [0.00408997619525, 0.00249576172791, 0.0016462886706, 0.000821533554699, 0.000626032997388, 0.000495490035973], "dmean": [0.06314779073, 0.0571377873421, 0.0483656823635, 0.0339585766196, 0.0287665612996, 0.02495659329], "max": [-0.284711152315, -0.40787294507, -0.446903765202, -0.564989984035, -0.621736168861, -0.59859085083], "var": [0.0106154708192, 0.00973287504166, 0.00855638086796, 0.00288980850019, 0.00186250091065, 0.00245416420512], "mean": [-0.704085409641, -0.737231910229, -0.750937461853, -0.813616871834, -0.804445266724, -0.763906538486]}, "melbands_skewness": {"dmean2": 2.85823249817, "median": 2.56069803238, "min": -7.77608537674, "dvar2": 18.3834934235, "dvar": 9.02263641357, "dmean": 1.96434998512, "max": 93.6065979004, "var": 37.0879936218, "mean": 4.46116542816}, "spectral_spread": {"dmean2": 1044398.625, "median": 3407747.5, "min": 444430.3125, "dvar2": 1514406019070.0, "dvar": 818390171648, "dmean": 685605.9375, "max": 40144604, "var": 2168987451390.0, "mean": 3702215.25}, "dissonance": {"dmean2": 0.0481737479568, "median": 0.461326241493, "min": 0.187481954694, "dvar2": 0.00225727143697, "dvar": 0.00088794057956, "dmean": 0.0291239712387, "max": 0.5, "var": 0.001859130105, "mean": 0.450558006763}, "spectral_skewness": {"dmean2": 0.724175632, "median": 1.3843421936, "min": -0.502171218395, "dvar2": 0.631214976311, "dvar": 0.231061592698, "dmean": 0.453052788973, "max": 10.198756218, "var": 1.5559823513, "mean": 1.61376428604}, "spectral_flux": {"dmean2": 0.0809368267655, "median": 0.0447163507342, "min": 1.03079843272e-10, "dvar2": 0.0155324786901, "dvar": 0.00763911847025, "dmean": 0.0522087737918, "max": 0.638506352901, "var": 0.0159974340349, "mean": 0.097665540874}, "spectral_contrast_valleys": {"dmean2": [0.743406057358, 0.945851445198, 0.834585011005, 0.742126584053, 0.671779453754, 0.72974729538], "median": [-8.17369270325, -8.1587562561, -8.28940486908, -8.84398078918, -8.54225730896, -11.774930954], "min": [-26.8498497009, -27.0717487335, -27.3373165131, -27.4078884125, -27.1064853668, -27.1641941071], "dvar2": [0.448559015989, 0.85886913538, 0.657432675362, 0.618005514145, 0.470051884651, 0.586848318577], "dvar": [0.22742845118, 0.412391901016, 0.338064581156, 0.309666723013, 0.254516661167, 0.376803129911], "dmean": [0.462645351887, 0.62067681551, 0.554942667484, 0.49967905879, 0.465283274651, 0.561076045036], "max": [-5.23920536041, -4.17636871338, -4.74387645721, -5.15043735504, -5.35112524033, -8.63657474518], "var": [1.61415994167, 2.33560991287, 2.19048190117, 1.2155418396, 1.59883642197, 2.12798547745], "mean": [-8.15264892578, -8.24873828888, -8.41860961914, -8.76900291443, -8.64089679718, -11.5940790176]}, "erbbands_flatness_db": {"dmean2": 0.0429294444621, "median": 0.207611471415, "min": 0.0659293606877, "dvar2": 0.00146462651901, "dvar": 0.000749992381316, "dmean": 0.0306057967246, "max": 0.626972854137, "var": 0.00701979314908, "mean": 0.220440983772}, "spectral_energyband_high": {"dmean2": 0.000359435740393, "median": 2.79901978502e-05, "min": 8.12571746674e-21, "dvar2": 9.09039613362e-07, "dvar": 6.08034213201e-07, "dmean": 0.000282555090962, "max": 0.0109667470679, "var": 1.21694608879e-06, "mean": 0.0003934953711}, "spectral_entropy": {"dmean2": 0.409347951412, "median": 7.22587966919, "min": 5.00005865097, "dvar2": 0.160607621074, "dvar": 0.0856881961226, "dmean": 0.287783533335, "max": 9.80288600922, "var": 0.361609727144, "mean": 7.26275205612}, "silence_rate_20dB": {"dmean2": 0.0651801005006, "median": 1, "min": 0, "dvar2": 0.0722092241049, "dvar": 0.0315279476345, "dmean": 0.0325860604644, "max": 1, "var": 0.0281843002886, "mean": 0.970970094204}, "melbands_flatness_db": {"dmean2": 0.0673931241035, "median": 0.279028832912, "min": 0.00654393155128, "dvar2": 0.00433243811131, "dvar": 0.00274964259006, "dmean": 0.0515899062157, "max": 0.752121388912, "var": 0.0182215664536, "mean": 0.305414706469}, "barkbands": {"dmean2": [0.00167078257073, 0.0295698903501, 0.0171040706336, 0.00326763931662, 0.00421985657886, 0.0011910609901, 0.00055998848984, 0.00127539108507, 0.00301791913807, 0.000895506876986, 0.000890287104994, 0.00058089022059, 0.000579760293476, 0.000249376287684, 0.000281217187876, 0.000191672035726, 9.31649919949e-05, 0.000135492897243, 0.000171145016793, 0.000150052685058, 0.000107669271529, 0.000102875070297, 7.81611961429e-05, 2.75461752608e-05, 8.34852744447e-06, 1.96931318897e-06, 8.69302141382e-08], "median": [0.000191518978681, 0.000463519420009, 4.87898578285e-05, 9.39667806961e-05, 8.31908691907e-05, 9.65445506154e-05, 2.7160942409e-05, 8.34427919472e-05, 0.000187671103049, 6.89572189003e-05, 3.38459540217e-05, 2.82825312752e-05, 1.49745956151e-05, 1.53310647875e-05, 9.11217921384e-06, 7.46138721297e-06, 1.26943523355e-05, 1.42645831147e-05, 2.09521222132e-05, 2.42194910243e-05, 6.12432222624e-06, 3.74068713427e-06, 2.7759006116e-06, 1.11025838123e-06, 2.51784825878e-07, 2.47894753613e-08, 4.77160810863e-10], "min": [8.70436222569e-24, 1.02891964061e-23, 4.21157375624e-23, 6.00710258697e-23, 4.87805646042e-23, 3.47784854849e-23, 8.61301497276e-23, 1.92737004941e-23, 5.02759987559e-23, 2.32552124337e-23, 3.54379416473e-23, 6.85858390193e-23, 1.07353392154e-22, 1.04750794877e-22, 1.68291445578e-22, 1.40016992039e-22, 9.42056430837e-23, 2.06163370216e-22, 2.5830741684e-22, 2.14256035497e-22, 3.84485605034e-22, 5.19842928234e-22, 7.17933045459e-22, 9.2920908e-22, 1.07625255079e-21, 1.93592777028e-21, 2.61205744817e-21], "dvar2": [1.86408815352e-05, 0.00531792687252, 0.00369258224964, 0.000137319715577, 0.000302875385387, 1.07289506559e-05, 1.80735059985e-06, 1.35081672852e-05, 9.90158150671e-05, 4.63300648335