{"tonal": {"thpcp": [1, 0.756296694279, 0.206345915794, 0.0803754925728, 0.0768863782287, 0.161808699369, 0.293566823006, 0.256681054831, 0.202442973852, 0.248836249113, 0.179463937879, 0.0982487797737, 0.0988047122955, 0.102709703147, 0.140376418829, 0.194178074598, 0.1449418962, 0.0640156790614, 0.0518470294774, 0.0686029940844, 0.200917601585, 0.425576776266, 0.372050017118, 0.241129681468, 0.295185178518, 0.240904822946, 0.142445102334, 0.122851751745, 0.12502656877, 0.261670410633, 0.39821729064, 0.278365939856, 0.14392144978, 0.158109650016, 0.222248643637, 0.534324526787], "hpcp": {"dmean2": [0.186603784561, 0.193474978209, 0.133968099952, 0.140468791127, 0.141215056181, 0.0987605080009, 0.0955595746636, 0.112125992775, 0.156009510159, 0.164952784777, 0.160010412335, 0.129363879561, 0.141850799322, 0.173300355673, 0.232104688883, 0.266177862883, 0.26403015852, 0.157048434019, 0.082651399076, 0.0729836300015, 0.0965733230114, 0.134308934212, 0.153174877167, 0.131669610739, 0.113601639867, 0.104378432035, 0.0803840383887, 0.0700376033783, 0.066756054759, 0.0805637985468, 0.0905989557505, 0.0724680274725, 0.0454135499895, 0.045172188431, 0.0591806061566, 0.110160402954], "median": [0.0519997626543, 0.0493139103055, 0.0270284153521, 0.0108989086002, 0.0109599763528, 0.0106679983437, 0.00910507701337, 0.0100152073428, 0.0173598639667, 0.0209447108209, 0.0178096666932, 0.0117645412683, 0.0117780314758, 0.0190689954907, 0.142286241055, 0.30515190959, 0.179895669222, 0.0262751914561, 0.00461559742689, 0.0041581094265, 0.0110361333936, 0.0215613245964, 0.0216788128018, 0.0181072019041, 0.0109715955332, 0.0101535618305, 0.0109130246565, 0.0119035821408, 0.0117816254497, 0.015745036304, 0.0165640413761, 0.0120074264705, 0.00695848092437, 0.00449662655592, 0.00690001994371, 0.0280850250274], "min": [0, 0, 0, 0, 0, 0, 0, 0, 0, 0, 0, 0, 0, 0, 0, 0, 0, 0, 0, 0, 0, 0, 0, 0, 0, 0, 0, 0, 0, 0, 0, 0, 0, 0, 0, 0], "dvar2": [0.0862520262599, 0.0847345218062, 0.0540486760437, 0.0736968517303, 0.075334019959, 0.0463111400604, 0.0542779900134, 0.0651175305247, 0.0892417877913, 0.0858131945133, 0.0815221071243, 0.0746485814452, 0.0785561949015, 0.0921695008874, 0.0844898223877, 0.116812087595, 0.101857185364, 0.0696641653776, 0.050852432847, 0.0420360676944, 0.0447843559086, 0.0585487782955, 0.0682234168053, 0.0562042705715, 0.0543931052089, 0.0469946265221, 0.0315746590495, 0.0279861520976, 0.0259846970439, 0.0274303499609, 0.0374657325447, 0.0260794777423, 0.0123477950692, 0.0182598624378, 0.0265485942364, 0.0381313823164], "dvar": [0.0341994464397, 0.0311694461852, 0.0205161143094, 0.0299763306975, 0.0281993504614, 0.0176479313523, 0.0200881902128, 0.0230354890227, 0.0338135436177, 0.0401365309954, 0.0320114158094, 0.0279838796705, 0.0289106704295, 0.0337583273649, 0.03265459463, 0.0541972965002, 0.0475680232048, 0.0253411829472, 0.0183034427464, 0.015156599693, 0.0171997379512, 0.0236672852188, 0.0263809077442, 0.0216778945178, 0.0242411550134, 0.0177975147963, 0.0112515110523, 0.0101176695898, 0.00943072512746, 0.0103434184566, 0.0147267002612, 0.0100214257836, 0.00472828326747, 0.00650371983647, 0.0095312744379, 0.0146592799574], "dmean": [0.107458457351, 0.111508212984, 0.0784845799208, 0.0805943235755, 0.0809427276254, 0.0575737729669, 0.054592307657, 0.0626694262028, 0.0893696174026, 0.0970866158605, 0.0931120142341, 0.0723563954234, 0.0794863551855, 0.096708394587, 0.13791385293, 0.154451817274, 0.158132910728, 0.0898067355156, 0.0454611182213, 0.0405997112393, 0.0564872287214, 0.0794654563069, 0.0889781564474, 0.0760311558843, 0.0656577199697, 0.0596316978335, 0.045163910836, 0.0402185805142, 0.0389536358416, 0.0471023730934, 0.0534290000796, 0.0427730157971, 0.026583885774, 0.0255736559629, 0.0333752855659, 0.0643106028438], "max": [1, 1, 1, 1, 1, 1, 1, 1, 1, 1, 1, 1, 1, 1, 1, 1, 1, 1, 1, 1, 1, 1, 1, 1, 1, 1, 1, 1, 1, 1, 1, 1, 1, 1, 1, 1], "var": [0.0907878279686, 0.0647657066584, 0.0378405153751, 0.0778377205133, 0.0481612682343, 0.021961228922, 0.0208622403443, 0.0200866814703, 0.0500039197505, 0.102120630443, 0.0519722141325, 0.0256265085191, 0.0281505156308, 0.0385486148298, 0.0742494761944, 0.177204921842, 0.132909998298, 0.0244153495878, 0.0134346159175, 0.0124394400045, 0.0286622829735, 0.0662983283401, 0.0476670227945, 0.0320186726749, 0.0634263455868, 0.0344057381153, 0.010824627243, 0.0108308056369, 0.0108862835914, 0.0170393101871, 0.041166074574, 0.0261538196355, 0.00540787819773, 0.00519166141748, 0.00765476748347, 0.0245435871184], "mean": [0.195058092475, 0.170524731278, 0.110518947244, 0.135294646025, 0.110415883362, 0.0652880296111, 0.0563076511025, 0.0573044493794, 0.119933545589, 0.182518199086, 0.127585738897, 0.0659646987915, 0.0724676921964, 0.101865045726, 0.244901329279, 0.458338201046, 0.346639662981, 0.0945762172341, 0.0368391573429, 0.0352399647236, 0.0741631090641, 0.134552896023, 0.117646738887, 0.092787347734, 0.114051155746, 0.0822551771998, 0.0450311675668, 0.0452859736979, 0.0470757819712, 0.0643398761749, 0.0889992266893, 0.0664324089885, 0.0293408315629, 0.023763474077, 0.0314433723688, 0.0920882150531]}, "tuning_equal_tempered_deviation": 0.0927620306611, "chords_changes_rate": 0.0523648634553, "key_key": "D", "tuning_diatonic_strength": 0.585948169231, "key_scale": "minor", "chords_number_rate": 0.00155925157014, "tuning_frequency": 438.984558105, "tuning_nontempered_energy_ratio": 0.759497702122, "chords_histogram": [37.6429328918, 2.07900214195, 9.45945930481, 3.27442836761, 0.259875267744, 2.13097715378, 2.65072774887, 10.6548852921, 0.818607091904, 4.71673583984, 0.207900211215, 0.506756782532, 0.116943866014, 0.064968816936, 0.0389812886715, 2.41683983803, 1.455301404, 0.220893964171, 0.233887732029, 0.0129937632009, 0.571725547314, 0, 8.13409519196, 12.3310813904], "key_strength": 0.641067504883, "chords_key": "D", "chords_strength": {"dmean2": 0.00771705666557, "median": 0.530542731285, "min": -1, "dvar2": 0.000592897646129, "dvar": 0.000324802065734, "dmean": 0.00794745609164, "max": 0.811468243599, "var": 0.0257506314665, "mean": 0.50827306509}, "chords_scale": "minor", "hpcp_entropy": {"dmean2": 1.07895386219, "median": 1.6674284935, "min": 0, "dvar2": 0.813841104507, "dvar": 0.303147524595, "dmean": 0.639639616013, "max": 4.59387683868, "var": 0.745252668858, "mean": 1.65446460247}}, "metadata": {"audio_properties": {"equal_loudness": 0, "codec": "mp3", "downmix": "mix", "sample_rate": 44100, "analysis_sample_rate": 44100, "bit_rate": 192000, "md5_encoded": "67d378d4e8b171147bcd86ac4e468c49", "length": 357.328979492, "replay_gain": -11.7475357056, "lossless": false}, "version": {"essentia_build_sha": "70f2e5ece6736b2c40cc944ad0e695b16b925413", "essentia": "2.1-beta2", "extractor": "music 1.0", "essentia_git_sha": "v2.1_beta2"}, "tags": {"title": ["Dancing With The Goddess"], "artist": ["Atman"], "albumartist": ["Atman"], "date": ["2002"], "file_name": "19712.mp3", "album": ["The Lonely Road"], "tracknumber": ["2"], "musicbrainz_recordingid": ["19ed9a16-49b7-42fc-b0af-200e76d97005"]}}, "rhythm": {"bpm_histogram_first_peak_bpm": {"dmean2": 0, "median": 115, "min": 115, "dvar2": 0, "dvar": 0, "dmean": 0, "max": 115, "var": 0, "mean": 115}, "bpm": 115.841392517, "bpm_histogram_second_peak_spread": {"dmean2": 0, "median": 0.190476179123, "min": 0.190476179123, "dvar2": 0, "dvar": 0, "dmean": 0, "max": 0.190476179123, "var": 0, "mean": 0.190476179123}, "bpm_histogram_first_peak_weight": {"dmean2": 0, "median": 0.477372258902, "min": 0.477372258902, "dvar2": 0, "dvar": 0, "dmean": 0, "max": 0.477372258902, "var": 0, "mean": 0.477372258902}, "onset_rate": 4.28159475327, "beats_position": [0.49922901392, 1.01006805897, 1.52090704441, 2.03174591064, 2.54258489609, 3.06503391266, 3.58748292923, 4.1099319458, 4.65560102463, 5.20126962662, 5.74693870544, 6.26938772202, 6.79183673859, 7.31428575516, 7.8251247406, 8.33596324921, 8.84680271149, 9.35764122009, 9.86848068237, 10.379319191, 10.8785486221, 11.3893871307, 11.9698867798, 12.5503854752, 13.1308841705, 13.6301136017, 14.1293420792, 14.6285715103, 15.1394100189, 15.6502494812, 16.1610889435, 16.6719264984, 17.1827659607, 17.693605423, 18.2276649475, 18.7617225647, 19.2957820892, 19.8182315826, 20.3406791687, 20.8747386932, 21.3971881866, 21.9196376801, 22.4420852661, 22.9645347595, 23.4869842529, 24.0326519012, 24.5783214569, 25.1239910126, 25.6696586609, 26.2269382477, 26.8074378967, 27.3763256073, 27.9452152252, 28.5141029358, 29.0829925537, 29.6518821716, 30.2323799133, 30.8128795624, 31.3701572418, 31.9274368286, 32.4614944458, 32.9723358154, 33.4715652466, 33.9707946777, 34.4816322327, 34.9924697876, 35.5033111572, 36.0141487122, 36.5249862671, 37.0474357605, 37.5698852539, 38.0807266235, 38.6031723022, 39.1256217957, 39.6480712891, 40.1705207825, 40.6813583374, 41.192199707, 41.7146492004, 42.2370948792, 42.7479362488, 43.2587738037, 43.7696151733, 44.2920608521, 44.8145103455, 45.3253517151, 45.8478012085, 46.3702468872, 46.8810882568, 47.3919258118, 47.9143753052, 48.4368247986, 48.9476623535, 49.4585037231, 49.9693412781, 50.480178833, 51.0026283264, 51.5250778198, 52.0475273132, 52.5699768066, 53.0924263, 53.6148757935, 54.1257133484, 54.6365509033, 55.1473922729, 55.6698417664, 56.1922874451, 56.7031288147, 57.2139663696, 57.736415863, 58.2588653564, 58.7813148499, 59.3037643433, 59.8146018982, 60.3254394531, 60.8362808228, 61.3471183777, 61.8695678711, 62.3920173645, 62.9028549194, 63.4253044128, 63.9477539062, 64.4585952759, 64.9694290161, 65.4802703857, 66.0027160645, 66.5135574341, 67.0243988037, 67.5468444824, 68.0692977905, 68.5917434692, 69.1141967773, 69.6250305176, 70.1474838257, 70.6583175659, 71.1691589355, 71.6916122437, 72.2140579224, 72.7365036011, 73.2589569092, 73.7697982788, 74.280632019, 74.7914733887, 75.3139190674, 75.8363723755, 76.3588180542, 76.8812713623, 77.3921051025, 77.9029464722, 78.4137878418, 78.9362335205, 79.4586868286, 79.9695205688, 80.491973877, 81.0144195557, 81.5252609253, 82.0360946655, 82.5585479736, 83.0809936523, 83.591835022, 84.1142807007, 84.6367340088, 85.1475753784, 85.6584091187, 86.1808624268, 86.7033081055, 87.2141494751, 87.7249908447, 88.2474365234, 88.7698822021, 89.2807235718, 89.7915649414, 90.3140106201, 90.8364639282, 91.3472976685, 91.8697509766, 92.3921966553, 92.9030380249, 93.4138793945, 93.9363250732, 94.458770752, 94.9696121216, 95.4804534912, 96.0028991699, 96.525352478, 97.0361862183, 97.5470275879, 98.0694732666, 98.5919265747, 99.1143722534, 99.625213623, 100.147659302, 100.658500671, 101.180953979, 101.703399658, 102.214241028, 102.725074768, 103.247528076, 103.769973755, 104.280815125, 104.791656494, 105.314102173, 105.836547852, 106.347389221, 106.858230591, 107.38067627, 107.903129578, 108.413963318, 108.936416626, 109.458862305, 109.969703674, 110.480545044, 111.002990723, 111.525436401, 112.036277771, 112.547119141, 113.069564819, 113.592018127, 114.102851868, 114.613693237, 115.136146545, 115.658592224, 116.169433594, 116.680267334, 117.202720642, 117.725166321, 118.23600769, 118.74684906, 119.269294739, 119.791740417, 120.302581787, 120.813423157, 121.335868835, 121.858322144, 122.369155884, 122.879997253, 123.402442932, 123.92489624, 124.43573761, 124.958183289, 125.480628967, 125.991470337, 126.502311707, 127.024757385, 127.547210693, 128.058044434, 128.580490112, 129.10295105, 129.61378479, 130.136230469, 130.658676147, 131.169525146, 131.680358887, 132.191192627, 132.713653564, 133.236099243, 133.746932983, 134.269378662, 134.7918396, 135.30267334, 135.81350708, 136.335968018, 136.858413696, 137.369247437, 137.880081177, 138.402542114, 138.924987793, 139.435821533, 139.946670532, 140.469116211, 140.99156189, 141.50239563, 142.013244629, 142.535690308, 143.058135986, 143.568969727, 144.091430664, 144.613876343, 145.124710083, 145.635559082, 146.158004761, 146.680450439, 147.19128418, 147.702133179, 148.224578857, 148.747024536, 149.257858276, 149.768707275, 150.291152954, 150.813598633, 151.324447632, 151.846893311, 152.369338989, 152.880172729, 153.391021729, 153.913467407, 154.435913086, 154.946762085, 155.457595825, 155.980041504, 156.502487183, 157.013336182, 157.53578186, 158.058227539, 158.569061279, 159.079910278, 159.602355957, 160.124801636, 160.635650635, 161.158096313, 161.680541992, 162.191375732, 162.702224731, 163.22467041, 163.747116089, 164.257949829, 164.768798828, 165.291244507, 165.813690186, 166.324539185, 166.835372925, 167.357818604, 167.880264282, 168.391113281, 168.91355896, 169.436004639, 169.946838379, 170.457687378, 170.968521118, 171.490966797, 172.013427734, 172.524261475, 173.046707153, 173.569152832, 174.080001831, 174.590835571, 175.11328125, 175.635726929, 176.146575928, 176.669021606, 177.191467285, 177.713912964, 178.24798584, 178.793640137, 179.339309692, 179.884979248, 180.430648804, 180.976318359, 181.521987915, 182.067657471, 182.601715088, 183.124176025, 183.646621704, 184.157455444, 184.679901123, 185.190750122, 185.713195801, 186.235641479, 186.758087158, 187.268936157, 187.779769897, 188.290603638, 188.813064575, 189.335510254, 189.846343994, 190.368789673, 190.89125061, 191.402084351, 191.912918091, 192.42376709, 192.946212769, 193.468658447, 193.979492188, 194.501953125, 195.024398804, 195.535232544, 196.057678223, 196.568527222, 197.0909729, 197.613418579, 198.135864258, 198.646713257, 199.157546997, 199.668380737, 200.190841675, 200.701675415, 201.224121094, 201.734954834, 202.257415771, 202.77986145, 203.29069519, 203.813140869, 204.335601807, 204.846435547, 205.357269287, 205.879730225, 206.402175903, 206.913009644, 207.423858643, 207.946304321, 208.46875, 208.97958374, 209.502029419, 210.012878418, 210.535324097, 211.046157837, 211.568618774, 212.079452515, 212.601898193, 213.112747192, 213.635192871, 214.146026611, 214.66847229, 215.190933228, 215.713378906, 216.224212646, 216.735046387, 217.245895386, 217.779953003, 218.290786743, 218.813232422, 219.324081421, 219.8465271, 220.35736084, 220.868209839, 221.379043579, 221.913101196, 222.423934937, 222.946395874, 223.457229614, 223.979675293, 224.490524292, 225.012969971, 225.523803711, 226.04624939, 226.557098389, 227.079544067, 227.590377808, 228.112823486, 228.623672485, 229.146118164, 229.656951904, 230.179412842, 230.701858521, 231.224304199, 231.735137939, 232.245986938, 232.768432617, 233.290878296, 233.801712036, 234.324172974, 234.835006714, 235.357452393, 235.868301392, 236.379135132, 236.901580811, 237.424026489, 237.934875488, 238.457321167, 238.979766846, 239.490600586, 240.013061523, 240.535507202, 241.046340942, 241.557189941, 242.068023682, 242.59046936, 243.112915039, 243.635375977, 244.157821655, 244.668655396, 245.179489136, 245.690338135, 246.212783813, 246.735229492, 247.246078491, 247.76852417, 248.27935791, 248.801803589, 249.312652588, 249.823486328, 250.345932007, 250.868392944, 251.379226685, 251.901672363, 252.424118042, 252.934967041, 253.445800781, 253.96824646, 254.479095459, 254.989929199, 255.512374878, 256.023223877, 256.545654297, 257.068115234, 257.578948975, 258.101409912, 258.623840332, 259.134674072, 259.65713501, 260.179595947, 260.690429688, 261.201263428, 261.723724365, 262.246154785, 262.756988525, 263.279449463, 263.790283203, 264.312744141, 264.823577881, 265.346038818, 265.856872559, 266.379302979, 266.890167236, 267.412597656, 267.923431396, 268.445892334, 268.956726074, 269.479187012, 269.990020752, 270.512481689, 271.034912109, 271.557373047, 272.068206787, 272.590667725, 273.113098145, 273.623931885, 274.134765625, 274.645629883, 275.156463623, 275.678894043, 276.189758301, 276.712188721, 277.234649658, 277.757080078, 278.267944336, 278.778778076, 279.301208496, 279.823669434, 280.334503174, 280.845336914, 281.367797852, 281.890258789, 282.401092529, 282.91192627, 283.42276001, 283.956817627, 284.467651367, 284.990112305, 285.512542725, 286.023406982, 286.534240723, 287.056671143, 287.57913208, 288.08996582, 288.600799561, 289.111663818, 289.634094238, 290.156555176, 290.678985596, 291.201446533, 291.712280273, 292.234741211, 292.745574951, 293.268035889, 293.778869629, 294.289703369, 294.812133789, 295.334594727, 295.845428467, 296.367889404, 296.878723145, 297.401184082, 297.923614502, 298.446075439, 298.968505859, 299.490966797, 300.001800537, 300.524261475, 301.035095215, 301.557556152, 302.068389893, 302.590820312, 303.10168457, 303.62411499, 304.13494873, 304.657409668, 305.168243408, 305.690704346, 306.213134766, 306.735595703, 307.246429443, 307.757263184, 308.268127441, 308.790557861, 309.301391602, 309.823852539, 310.334686279, 310.84552002, 311.367980957, 311.890411377, 312.401275635, 312.923706055, 313.434539795, 313.957000732, 314.47946167, 315.00189209, 315.51272583, 316.023590088, 316.534423828, 317.056854248, 317.579315186, 318.101776123, 318.624206543, 319.135040283, 319.645904541, 320.156738281, 320.679168701, 321.201629639, 321.712463379, 322.234924316, 322.757354736, 323.291412354, 323.802276611, 324.313110352, 324.823944092, 325.334777832, 325.845611572, 326.36807251, 326.87890625, 327.401367188, 327.912200928, 328.434631348, 328.945495605, 329.467926025, 329.978759766, 330.489593506, 331.012054443, 331.522888184, 332.045349121, 332.556182861, 333.067016602, 333.589477539, 334.111907959, 334.622772217, 335.145202637, 335.656036377, 336.178497314, 336.689331055, 337.211791992, 337.734222412, 338.24508667, 338.76751709, 339.289978027, 339.812408447, 340.323272705, 340.834106445, 341.356536865, 341.867401123, 342.389831543, 342.91229248, 343.423126221, 343.933959961, 344.444793701, 344.955627441, 345.478088379, 346.000549316, 346.522979736, 347.045440674, 347.567871094, 348.101928711, 348.636016846, 349.170074463, 349.70413208, 350.249786377, 350.830291748, 351.410797119, 351.991271973, 352.536956787, 353.082611084, 353.639892578, 354.243621826, 354.847351074, 355.451049805, 356.054779053, 356.658508301], "beats_loudness": {"dmean2": 0.0234829019755, "median": 0.0271760337055, "min": 0, "dvar2": 0.00055643345695, "dvar": 0.000185470300494, "dmean": 0.0136423176154, "max": 0.122387550771, "var": 0.000686328217853, "mean": 0.0337278060615}, "danceability": 1.10760450363, "bpm_histogram_second_peak_weight": {"dmean2": 0, "median": 0.0248175188899, "min": 0.0248175188899, "dvar2": 0, "dvar": 0, "dmean": 0, "max": 0.0248175188899, "var": 0, "mean": 0.0248175188899}, "beats_count": 686, "bpm_histogram_second_peak_bpm": {"dmean2": 0, "median": 110, "min": 110, "dvar2": 0, "dvar": 0, "dmean": 0, "max": 110, "var": 0, "mean": 110}, "bpm_histogram_first_peak_spread": {"dmean2": 0, "median": 0.488262891769, "min": 0.488262891769, "dvar2": 0, "dvar": 0, "dmean": 0, "max": 0.488262891769, "var": 0, "mean": 0.488262891769}, "beats_loudness_band_ratio": {"dmean2": [0.289500504732, 0.208606615663, 0.178960070014, 0.165277197957, 0.109734147787, 0.221776530147], "median": [0.206921905279, 0.102250352502, 0.0901059359312, 0.0980562120676, 0.0566204041243, 0.0691512227058], "min": [0, 0, 0, 0, 0, 0], "dvar2": [0.0851089432836, 0.0596132948995, 0.0340661033988, 0.0309803057462, 0.0134632270783, 0.0524216815829], "dvar": [0.0262494664639, 0.0217155721039, 0.0131176644936, 0.0110326930881, 0.00475810235366, 0.0174204483628], "dmean": [0.150545343757, 0.119048193097, 0.107279598713, 0.0937714204192, 0.061969589442, 0.118982277811], "max": [0.970023691654, 0.92528373003, 0.783159673214, 0.847170829773, 0.598046779633, 0.950280725956], "var": [0.0830692723393, 0.0380787402391, 0.0321805141866, 0.024493617937, 0.00623749382794, 0.0259166862816], "mean": [0.292102634907, 0.18012085557, 0.171129003167, 0.149792969227, 0.0789682492614, 0.139222353697]}}, "lowlevel": {"barkbands_spread": {"dmean2": 11.907037735, "median": 21.8127155304, "min": 0.103524662554, "dvar2": 187.572143555, "dvar": 90.0336761475, "dmean": 7.98206424713, "max": 116.450027466, "var": 356.649719238, "mean": 27.0735378265}, "melbands_spread": {"dmean2": 14.3237380981, "median": 18.9631576538, "min": 0.112860932946, "dvar2": 330.347930908, "dvar": 152.534927368, "dmean": 9.44704341888, "max": 247.995269775, "var": 740.265930176, "mean": 28.1054897308}, "hfc": {"dmean2": 15.187245369, "median": 12.5554599762, "min": 1.01146500485e-16, "dvar2": 670.983581543, "dvar": 394.895355225, "dmean": 11.7611045837, "max": 355.987426758, "var": 1254.50708008, "mean": 26.7133522034}, "barkbands_kurtosis": {"dmean2": 5.8497171402, "median": 2.53161048889, "min": -1.96385622025, "dvar2": 2908.4753418, "dvar": 2027.12902832, "dmean": 3.86253118515, "max": 5110.27001953, "var": 4054.44799805, "mean": 5.96594572067}, "gfcc": {"mean": [-25.0236968994, 47.0021743774, -112.595405579, 22.9212989807, -70.8125, 18.780412674, -46.2499580383, 8.57546615601, -34.6340446472, 3.32152843475, -18.4889125824, 5.43071269989, -15.2747745514], "icov": [[0.00026568735484, -0.000550184224267, 0.000532071047928, -0.000706238031853, 0.000904783548322, -0.00086367764743, 0.000711768341716, -0.000619165541138, 0.000747354875784, -0.000994269968942, 0.00111082859803, -0.00116806593724, 0.000733475375455], [-0.000550184224267, 0.00219257036224, -0.00167539773975, 0.00157724565361, -0.00226650480181, 0.00203620758839, -0.00187367957551, 0.00164323870558, -0.000715926056728, 0.00170855224133, -0.0016346424818, 0.00249228533357, -0.00151734135579], [0.000532071047928, -0.00167539773975, 0.00298322201706, -0.00209259381518, 0.00150211481377, -0.00180779397488, 0.000454623164842, 8.97743520909e-05, 0.000258426793152, -0.00175535387825, 0.00293314550072, -0.00289356452413, 0.00147804990411], [-0.000706238031853, 0.00157724565361, -0.00209259381518, 0.003607111983, -0.00338910613209, 0.00135811010841, -0.00122262199875, -0.000188801641343, -0.000980281154625, 0.00226747780107, -0.00233339192346, 0.003475563135, -0.00298466603272], [0.000904783548322, -0.00226650480181, 0.00150211481377, -0.00338910613209, 0.00765186967328, -0.00323346233927, 0.000769496138673, -0.00158864923287, 0.00109523814172, -0.00297935819253, 0.00317019689828, -0.00442685885355, 0.00302425143309], [-0.00086367764743, 0.00203620758839, -0.00180779397488, 0.00135811010841, -0.00323346233927, 0.00713310670108, -0.00453871395439, 0.00166403071489, -0.00240718736313, 0.00284728244878, -0.00436725374311, 0.00393961975351, -0.00142580107786], [0.000711768341716, -0.00187367957551, 0.000454623164842, -0.00122262199875, 0.000769496138673, -0.00453871395439, 0.0102809611708, -0.0043479106389, 0.00307924789377, -0.00231933197938, 0.00121792952996, -0.00122573773842, 0.00179486523848], [-0.000619165541138, 0.00164323870558, 8.97743520909e-05, -0.000188801641343, -0.00158864923287, 0.00166403071489, -0.0043479106389, 0.012727313675, -0.00815429259092, 0.00438046548516, -0.00200603436679, 0.000470217259135, -0.000411484856158], [0.000747354875784, -0.000715926056728, 0.000258426793152, -0.000980281154625, 0.00109523814172, -0.00240718736313, 0.00307924789377, -0.00815429259092, 0.0155154280365, -0.00701446179301, 0.00253145140596, -0.000631196715403, 0.000598625279963], [-0.000994269968942, 0.00170855224133, -0.00175535387825, 0.00226747780107, -0.00297935819253, 0.00284728244878, -0.00231933197938, 0.00438046548516, -0.00701446179301, 0.0179265551269, -0.00709113618359, 0.00416696537286, -0.00191632157657], [0.00111082859803, -0.0016346424818, 0.00293314550072, -0.00233339192346, 0.00317019689828, -0.00436725374311, 0.00121792952996, -0.00200603436679, 0.00253145140596, -0.00709113618359, 0.0180283263326, -0.00899616722018, 0.00195650826208], [-0.00116806593724, 0.00249228533357, -0.00289356452413, 0.003475563135, -0.00442685885355, 0.00393961975351, -0.00122573773842, 0.000470217259135, -0.000631196715403, 0.00416696537286, -0.00899616722018, 0.019263677299, -0.00866226200014], [0.000733475375455, -0.00151734135579, 0.00147804990411, -0.00298466603272, 0.00302425143309, -0.00142580107786, 0.00179486523848, -0.000411484856158, 0.000598625279963, -0.00191632157657, 0.00195650826208, -0.00866226200014, 0.0148104149848]], "cov": [[25129.9472656, 1764.2869873, 148.710250854, 2897.75683594, -110.306518555, 1226.95495605, -93.6906280518, 491.240081787, -310.018768311, 175.891189575, -437.647155762, 192.862609863, -123.110160828], [1764.2869873, 1745.72314453, 861.820678711, 355.438110352, 332.855560303, 97.2941818237, 207.234741211, -113.900970459, -91.4330673218, -8.16521835327, -117.160324097, -45.0347900391, -18.0067768097], [148.710250854, 861.820678711, 1381.90197754, 902.123901367, 501.382385254, 360.147277832, 322.955749512, 54.5499839783, 64.5162506104, 3.79958438873, -77.8629150391, -26.4885597229, 12.1633682251], [2897.75683594, 355.438110352, 902.123901367, 1748.44250488, 618.279968262, 595.698608398, 336.235839844, 297.098205566, 120.178115845, 10.3480148315, -45.7981185913, -13.8005065918, 48.2928276062], [-110.306518555, 332.855560303, 501.382385254, 618.279968262, 525.196838379, 287.468536377, 231.873855591, 108.825263977, 74.0761871338, 8.37125301361, -4.6794552803, -13.4047212601, 0.34673628211], [1226.95495605, 97.2941818237, 360.147277832, 595.698608398, 287.468536377, 523.423522949, 239.375564575, 145.578140259, 71.4784088135, 16.0833015442, 14.9852685928, -22.0526828766, -15.6513442993], [-93.6906280518, 207.234741211, 322.955749512, 336.235839844, 231.873855591, 239.375564575, 280.850097656, 93.7808837891, 43.7452545166, 2.95715403557, 7.73300170898, -25.594247818, -11.7095222473], [491.240081787, -113.900970459, 54.5499839783, 297.098205566, 108.825263977, 145.578140259, 93.7808837891, 209.214416504, 94.6158294678, 2.7451646328, 11.6673460007, 4.08873701096, 2.05253195763], [-310.018768311, -91.4330673218, 64.5162506104, 120.178115845, 74.0761871338, 71.4784088135, 43.7452545166, 94.6158294678, 138.677078247, 28.6832485199, 14.4722032547, -9.38593387604, 3.553358078], [175.891189575, -8.16521835327, 3.79958438873, 10.3480148315, 8.37125301361, 16.0833015442, 2.95715403557, 2.7451646328, 28.6832485199, 83.1028442383, 21.3430252075, 1.94407713413, -0.37349525094], [-437.647155762, -117.160324097, -77.8629150391, -45.7981185913, -4.6794552803, 14.9852685928, 7.73300170898, 11.6673460007, 14.4722032547, 21.3430252075, 105.441085815, 34.687538147, 18.5326576233], [192.862609863, -45.0347900391, -26.4885597229, -13.8005065918, -13.4047212601, -22.0526828766, -25.594247818, 4.08873701096, -9.38593387604, 1.94407713413, 34.687538147, 103.974273682, 46.3873329163], [-123.110160828, -18.0067768097, 12.1633682251, 48.2928276062, 0.34673628211, -15.6513442993, -11.7095222473, 2.05253195763, 3.553358078, -0.37349525094, 18.5326576233, 46.3873329163, 104.679718018]]}, "spectral_energyband_middle_low": {"dmean2": 0.00567099591717, "median": 0.00693348934874, "min": 1.54536248367e-22, "dvar2": 0.000131587832584, "dvar": 5.27420015715e-05, "dmean": 0.0036682584323, "max": 0.137097761035, "var": 8.27132898849e-05, "mean": 0.00881804339588}, "melbands_crest": {"dmean2": 4.48629951477, "median": 14.7143774033, "min": 1.43622350693, "dvar2": 18.5647258759, "dvar": 7.62239551544, "dmean": 2.80751395226, "max": 39.9930877686, "var": 30.1330070496, "mean": 15.0378608704}, "spectral_kurtosis": {"dmean2": 1.45530927181, "median": 2.61327290535, "min": -1.63689172268, "dvar2": 2.69350457191, "dvar": 1.10426080227, "dmean": 0.917440116405, "max": 23.912279129, "var": 5.48494911194, "mean": 3.01147246361}, "spectral_rms": {"dmean2": 0.000921503116842, "median": 0.0041416278109, "min": 3.09350266757e-12, "dvar2": 1.29799980186e-06, "dvar": 6.68890095312e-07, "dmean": 0.000641412567347, "max": 0.0143605768681, "var": 5.55421411264e-06, "mean": 0.00437797512859}, "zerocrossingrate": {"dmean2": 0.0173393785954, "median": 0.072265625, "min": 0, "dvar2": 0.000338465033565, "dvar": 0.000266308954451, "dmean": 0.0149572901428, "max": 0.5244140625, "var": 0.0046364357695, "mean": 0.090636074543}, "silence_rate_60dB": {"dmean2": 0.0376917086542, "median": 0, "min": 0, "dvar2": 0.0429009124637, "dvar": 0.0184907950461, "dmean": 0.0188446287066, "max": 1, "var": 0.118931747973, "mean": 0.137946724892}, "erbbands_kurtosis": {"dmean2": 2.09193372726, "median": 0.311430811882, "min": -1.77147006989, "dvar2": 10.2405843735, "dvar": 4.38513898849, "dmean": 1.32407236099, "max": 54.8613052368, "var": 9.29653549194, "mean": 1.13217175007}, "erbbands": {"dmean2": [0.0797967240214, 0.957419812679, 2.57284069061, 7.31942558289, 6.06113862991, 6.60481548309, 12.6679391861, 8.36981868744, 8.20979881287, 12.0774030685, 13.7641792297, 14.0900125504, 12.7674064636, 22.8836402893, 19.2515010834, 38.7904815674, 23.9998645782, 12.2198648453, 26.5611724854, 13.0114831924, 16.0867500305, 19.5425014496, 20.57239151, 14.9488143921, 17.7248630524, 14.7188816071, 15.0949172974, 13.5341348648, 12.6568145752, 13.6038799286, 11.5228786469, 9.08559703827, 5.26536798477, 3.00287795067, 1.4200630188, 1.20700383186, 0.0880797728896, 0.00739405769855, 0.000178842572495, 2.27847340284e-05], "median": [0.00261285761371, 0.0721944049001, 0.722563862801, 2.90593886375, 1.91585278511, 3.04979634285, 7.12329006195, 4.74078130722, 3.25778460503, 2.91177749634, 5.2177567482, 4.56690883636, 5.0147895813, 9.46592521667, 6.623483181, 8.68177604675, 6.55504322052, 5.03719854355, 7.4690694809, 5.0171957016, 4.53584575653, 4.40842914581, 4.85915231705, 5.2656879425, 5.27892875671, 4.04369831085, 3.46325969696, 2.51398420334, 2.46714019775, 1.98639011383, 2.39634180069, 1.68190658092, 0.674009203911, 0.461358547211, 0.422365367413, 0.167502611876, 0.043146699667, 0.00414037145674, 0.000112487061415, 3.02132029901e-05], "min": [1.23225235701e-22, 5.43989544024e-22, 9.08403952787e-22, 2.41784489152e-21, 1.15444533228e-20, 1.83497433471e-20, 3.38458880643e-20, 4.61166407001e-20, 9.55170010239e-20, 1.60042349155e-19, 2.57135891803e-19, 2.79041521429e-19, 3.43917038378e-19, 5.5270833343e-19, 5.00384661892e-19, 1.18009525634e-18, 1.29411589993e-18, 2.42637654222e-18, 2.21967775563e-18, 2.09197037483e-18, 2.84497790865e-18, 3.34988026916e-18, 5.0369773738e-18, 6.08769320714e-18, 6.04101954107e-18, 8.72970187978e-18, 8.32497729531e-18, 1.05262289824e-17, 1.02188685191e-17, 9.25838609648e-18, 1.05276054109e-17, 7.46507920798e-18, 9.37520385131e-18, 7.98999478982e-18, 6.17408477749e-18, 3.86268530644e-18, 2.28324017505e-18, 9.03974613056e-19, 2.46340538574e-19, 2.44023095153e-20], "dvar2": [0.0412591136992, 4.95252084732, 53.2068252563, 478.085571289, 367.343292236, 161.917938232, 452.632171631, 295.706665039, 225.199737549, 778.952148438, 767.270874023, 1060.12634277, 823.299865723, 1818.23291016, 2049.49487305, 14405.8642578, 4341.31982422, 632.14666748, 4095.52612305, 863.753845215, 1189.89074707, 2363.63012695, 2311.56982422, 1072.8404541, 1821.87426758, 1385.11730957, 4501.40039062, 1102.96179199, 991.699890137, 1071.96362305, 582.150146484, 740.262756348, 368.28515625, 75.748664856, 11.7622356415, 10.3829069138, 0.0476526133716, 0.000340701692039, 1.59861144766e-07, 1.47578260723e-09], "dvar": [0.0158030558378, 1.95085740089, 19.5832653046, 189.27230835, 137.385574341, 65.8946456909, 185.050201416, 137.944747925, 103.688842773, 299.942138672, 366.626525879, 509.218414307, 372.093292236, 794.95489502, 924.679504395, 5710.43408203, 1606.85266113, 260.176330566, 1513.53710938, 343.076293945, 488.59753418, 837.423583984, 897.520751953, 452.464935303, 728.078063965, 610.999328613, 1806.91027832, 567.68572998, 500.662384033, 510.80657959, 304.353851318, 335.143157959, 163.850112915, 34.3167533875, 5.72624349594, 4.26418781281, 0.0218188036233, 0.000154311856022, 7.47845163573e-08, 8.12356459878e-10], "dmean": [0.0469533354044, 0.562755286694, 1.52033758163, 4.4783000946, 3.61909008026, 4.25572156906, 8.21072673798, 5.53084850311, 5.25652170181, 7.41164636612, 9.14279556274, 9.35245323181, 8.36690711975, 14.5889158249, 12.5437250137, 23.6630363464, 14.740773201, 7.75338315964, 15.9211511612, 8.12747573853, 9.90914440155, 11.7437028885, 12.8669633865, 9.69273471832, 11.3104696274, 10.1733675003, 10.1921768188, 9.85951328278, 9.15750026703, 9.60047626495, 8.30693340302, 6.46209812164, 3.73756670952, 2.12568354607, 0.97174680233, 0.775992572308, 0.058864928782, 0.00469232816249, 0.000117319999845, 1.64718367159e-05], "max": [2.05219602585, 22.2969436646, 87.794303894, 269.941467285, 205.976638794, 171.169021606, 273.834625244, 289.128143311, 304.41619873, 515.319274902, 446.825500488, 892.94921875, 577.904052734, 869.271850586, 1340.89770508, 2500.07519531, 786.830505371, 373.220703125, 1142.85559082, 317.651092529, 682.63873291, 1055.22412109, 1146.09741211, 849.376953125, 973.775939941, 776.56854248, 1807.28076172, 478.53302002, 705.849914551, 1166.34863281, 526.304443359, 717.362182617, 446.508056641, 166.398498535, 63.5209770203, 44.7643241882, 5.1013007164, 0.395635664463, 0.00867849308997, 0.000639738806058], "var": [0.0644292756915, 6.80431747437, 32.0679473877, 222.005584717, 122.015167236, 153.471191406, 898.746032715, 582.259277344, 224.444702148, 577.356811523, 979.466430664, 1684.94226074, 1074.65905762, 1242.56469727, 1858.12792969, 8071.4140625, 1882.6003418, 378.699127197, 1491.4432373, 461.445220947, 767.284545898, 1194.38745117, 1583.89001465, 832.912536621, 1281.35534668, 1260.76318359, 2270.29443359, 1028.91040039, 937.114562988, 868.65612793, 668.164123535, 559.78137207, 252.945220947, 57.1030502319, 13.018784523, 5.0255150795, 0.0441045425832, 0.000297298829537, 1.59348857665e-07, 2.73289235686e-09], "mean": [0.162215650082, 1.86668884754, 3.24731040001, 7.4367351532, 4.79272508621, 7.73738718033, 20.1666564941, 12.3336057663, 8.85838222504, 11.2083873749, 15.6318054199, 16.4277572632, 14.3787126541, 21.1971969604, 20.1657066345, 31.2527637482, 20.177230835, 11.209777832, 19.3186206818, 11.9386425018, 14.0112791061, 16.9034004211, 19.1783733368, 15.8048868179, 17.93866539, 16.1795883179, 15.546125412, 14.4756755829, 14.1212110519, 13.3966903687, 13.5564651489, 10.1824474335, 5.66403722763, 3.28084349632, 1.67221069336, 0.945651829243, 0.109858080745, 0.0085616055876, 0.000226253774599, 4.74452572234e-05]}, "spectral_strongpeak": {"dmean2": 0.648719072342, "median": 0.502488732338, "min": 0, "dvar2": 2.16922998428, "dvar": 0.821833610535, "dmean": 0.378108263016, "max": 24.1307182312, "var": 1.0292943716, "mean": 0.810269534588}, "spectral_energy": {"dmean2": 0.010651499033, "median": 0.0175819098949, "min": 9.8090033561e-21, "dvar2": 0.000342621060554, "dvar": 0.00016400658933, "dmean": 0.00733991572633, "max": 0.211381837726, "var": 0.000573872937821, "mean": 0.0253388602287}, "average_loudness": 0.767741560936, "spectral_rolloff": {"dmean2": 1337.35266113, "median": 1195.09277344, "min": 21.533203125, "dvar2": 3523438.75, "dvar": 1643696.375, "dmean": 810.682373047, "max": 19681.3476562, "var": 7808448, "mean": 2315.45117188}, "spectral_centroid": {"dmean2": 493.906494141, "median": 1381.1784668, "min": 169.836166382, "dvar2": 262011.875, "dvar": 130732.523438, "dmean": 329.615875244, "max": 11683.8896484, "var": 1765841.5, "mean": 1693.61755371}, "pitch_salience": {"dmean2": 0.103748485446, "median": 0.507751584053, "min": 0.00216686003841, "dvar2": 0.00860799197108, "dvar": 0.00361968227662, "dmean": 0.0660175979137, "max": 0.995229303837, "var": 0.0143143041059, "mean": 0.51666277647}, "spectral_energyband_middle_high": {"dmean2": 0.0027971288655, "median": 0.00254398211837, "min": 1.10659903269e-21, "dvar2": 1.92393672478e-05, "dvar": 8.5694664449e-06, "dmean": 0.00184928462841, "max": 0.0690776258707, "var": 1.93290325115e-05, "mean": 0.00395177165046}, "spectral_contrast_coeffs": {"dmean2": [0.079307153821, 0.0774015635252, 0.0721954479814, 0.0570535883307, 0.0396426729858, 0.0262028463185], "median": [-0.616802215576, -0.708291292191, -0.745782136917, -0.775070548058, -0.796897172928, -0.785113453865], "min": [-0.982927322388, -0.981687009335, -0.988838016987, -0.993306875229, -0.968224108219, -0.965579509735], "dvar2": [0.00476510543376, 0.00403553852811, 0.00346264592372, 0.00224135071039, 0.00116773671471, 0.000496716238558], "dvar": [0.00182879995555, 0.00160392269026, 0.00140683958307, 0.000887334812433, 0.000487027311465, 0.000233132246649], "dmean": [0.0479182451963, 0.0481210201979, 0.0450552739203, 0.0350977368653, 0.0242783110589, 0.0168334655464], "max": [-0.267929881811, -0.393440127373, -0.439013510942, -0.472919523716, -0.556981384754, -0.582711994648], "var": [0.00990048237145, 0.00713174790144, 0.00645718444139, 0.00448006018996, 0.00338490307331, 0.00166511978023], "mean": [-0.614226102829, -0.703792512417, -0.73896163702, -0.767729997635, -0.787977814674, -0.786698162556]}, "melbands_skewness": {"dmean2": 1.25485992432, "median": 2.70979094505, "min": -2.6187183857, "dvar2": 2.04597663879, "dvar": 1.14233458042, "dmean": 0.826567590237, "max": 89.3577880859, "var": 4.73612451553, "mean": 2.96457886696}, "spectral_spread": {"dmean2": 995999.0625, "median": 5913456, "min": 2505271.25, "dvar2": 1114434568190.0, "dvar": 539236171776, "dmean": 639500.8125, "max": 42989196, "var": 14676018593800.0, "mean": 6457191.5}, "dissonance": {"dmean2": 0.0353984460235, "median": 0.466003119946, "min": 0.23389801383, "dvar2": 0.00131794321351, "dvar": 0.000473229709314, "dmean": 0.0212182942778, "max": 0.500000059605, "var": 0.00117970909923, "mean": 0.456964552402}, "spectral_skewness": {"dmean2": 0.280721217394, "median": 1.37049150467, "min": -0.377053797245, "dvar2": 0.0773249939084, "dvar": 0.0365431122482, "dmean": 0.186724290252, "max": 4.119576931, "var": 0.29532584548, "mean": 1.40847563744}, "spectral_flux": {"dmean2": 0.0294328797609, "median": 0.0574618726969, "min": 6.35007949001e-11, "dvar2": 0.00131581921596, "dvar": 0.000639413075987, "dmean": 0.0198051519692, "max": 0.350566864014, "var": 0.00210931221955, "mean": 0.0677581951022}, "spectral_contrast_valleys": {"dmean2": [0.70589363575, 0.680032372475, 0.65295368433, 0.569940984249, 0.453075677156, 0.411706119776], "median": [-7.74966096878, -7.19975662231, -7.61253738403, -7.96484804153, -7.57466506958, -9.69855308533], "min": [-28.4214019775, -28.3702259064, -27.9220123291, -27.8402023315, -27.6432323456, -27.3805007935], "dvar2": [0.402229517698, 0.329623132944, 0.3339856565, 0.294631570578, 0.215799510479, 0.25541549921], "dvar": [0.183923855424, 0.149775713682, 0.150383517146, 0.140949130058, 0.112590976059, 0.13496145606], "dmean": [0.440210282803, 0.438437610865, 0.414722204208, 0.375165402889, 0.313453286886, 0.30786460638], "max": [-5.09999132156, -5.06223297119, -5.51916790009, -5.35423231125, -5.34239006042, -7.1268696785], "var": [8.36881256104, 5.74680995941, 5.3614525795, 5.33233070374, 5.64349508286, 4.72315216064], "mean": [-8.49900531769, -7.58648490906, -8.00222969055, -8.36860370636, -8.00905227661, -9.81560325623]}, "erbbands_flatness_db": {"dmean2": 0.0265384800732, "median": 0.138237565756, "min": 0.0323797240853, "dvar2": 0.000628570909612, "dvar": 0.000283691362711, "dmean": 0.0171877145767, "max": 0.369390189648, "var": 0.00273828324862, "mean": 0.150781109929}, "spectral_energyband_high": {"dmean2": 0.00159431516659, "median": 0.000445187615696, "min": 7.07569488184e-21, "dvar2": 1.10140936158e-05, "dvar": 6.05244986218e-06, "dmean": 0.00122921506409, "max": 0.0423921532929, "var": 1.61411517183e-05, "mean": 0.00222247233614}, "spectral_entropy": {"dmean2": 0.293426543474, "median": 7.75196266174, "min": 5.32804632187, "dvar2": 0.0873006954789, "dvar": 0.0399940945208, "dmean": 0.194434419274, "max": 9.82589530945, "var": 0.27677449584, "mean": 7.72668457031}, "silence_rate_20dB": {"dmean2": 0, "median": 1, "min": 1, "dvar2": 0, "dvar": 0, "dmean": 0, "max": 1, "var": 0, "mean": 1}, "melbands_flatness_db": {"dmean2": 0.0399830937386, "median": 0.186675339937, "min": 0.00146018865053, "dvar2": 0.00154708372429, "dvar": 0.000736591231544, "dmean": 0.0278259757906, "max": 0.622383236885, "var": 0.00412567565218, "mean": 0.184874460101}, "barkbands": {"dmean2": [0.000106319472252, 0.00376767641865, 0.00291740614921, 0.0026906458661, 0.00202289782465, 0.00112882058602, 0.00076838262612, 0.000561355962