{"tonal": {"thpcp": [1, 0.962678611279, 0.398740798235, 0.134488388896, 0.120646871626, 0.200875222683, 0.245851114392, 0.169909715652, 0.122076839209, 0.107774652541, 0.0685405135155, 0.324340701103, 0.676083743572, 0.460687965155, 0.227380141616, 0.355305314064, 0.294077754021, 0.14099650085, 0.118854381144, 0.169930964708, 0.483796834946, 0.935481607914, 0.737990379333, 0.254593729973, 0.141069471836, 0.139741197228, 0.217938691378, 0.416194647551, 0.489107429981, 0.363881438971, 0.27420759201, 0.198109313846, 0.158882051706, 0.26320296526, 0.327623486519, 0.504677295685], "hpcp": {"dmean2": [0.289386987686, 0.279181301594, 0.204718098044, 0.148497998714, 0.139357119799, 0.151169538498, 0.19540989399, 0.182034134865, 0.167300969362, 0.16821333766, 0.138822719455, 0.119488805532, 0.155361503363, 0.212511613965, 0.263225197792, 0.284804046154, 0.280192822218, 0.227921649814, 0.124641336501, 0.0963572785258, 0.105666294694, 0.107748754323, 0.0988858193159, 0.0960180014372, 0.095515884459, 0.0658803209662, 0.11859793961, 0.188195213675, 0.149851962924, 0.129475936294, 0.141498118639, 0.125182524323, 0.107920400798, 0.113868482411, 0.168209001422, 0.272546559572], "median": [0.106765255332, 0.0850637480617, 0.0137144997716, 0.00271746236831, 0.00277949660085, 0.0101542854682, 0.0257250294089, 0.0242701172829, 0.0196026600897, 0.010984188877, 0.00499451346695, 0.00634307833388, 0.0105281248689, 0.0127525478601, 0.070253148675, 0.218762397766, 0.185685127974, 0.0294044949114, 0.00370481889695, 0.00284467474557, 0.00494235707447, 0.009770761244, 0.0112412516028, 0.00784214027226, 0.00365052744746, 0.003056533169, 0.04879944399, 0.104741111398, 0.0681306421757, 0.014036978595, 0.00873809680343, 0.00801958236843, 0.00526783522218, 0.00359733076766, 0.004663573578, 0.0427957102656], "min": [0, 0, 0, 0, 0, 0, 0, 0, 0, 0, 0, 0, 0, 0, 0, 0, 0, 0, 0, 0, 0, 0, 0, 0, 0, 0, 0, 0, 0, 0, 0, 0, 0, 0, 0, 0], "dvar2": [0.164983153343, 0.151134103537, 0.122859165072, 0.0990202575922, 0.0850946754217, 0.0852824598551, 0.111999958754, 0.104702666402, 0.0943692624569, 0.111933723092, 0.0985496267676, 0.0699475854635, 0.0998132824898, 0.140293672681, 0.138690203428, 0.129065766931, 0.133416742086, 0.119067423046, 0.0667915716767, 0.0529322661459, 0.0600638128817, 0.0582479126751, 0.0473768822849, 0.0485807619989, 0.0535693466663, 0.0293526295573, 0.0397231020033, 0.0784322619438, 0.0525768250227, 0.060299847275, 0.0775538384914, 0.0650214776397, 0.0577388219535, 0.0704501122236, 0.10525520891, 0.163777589798], "dvar": [0.0611898750067, 0.0544642098248, 0.041512183845, 0.0335107669234, 0.0293718073517, 0.0298913680017, 0.0405611135066, 0.0393104143441, 0.0345676802099, 0.0400352776051, 0.0351103022695, 0.0245284438133, 0.0351863652468, 0.049313120544, 0.0479822978377, 0.0480628013611, 0.0501498430967, 0.0428541637957, 0.0242212153971, 0.0203845724463, 0.0230348967016, 0.0228216312826, 0.0179362408817, 0.0167889557779, 0.0188684333116, 0.0103413620964, 0.0141036491841, 0.0306681599468, 0.0210563708097, 0.0214211270213, 0.0297693666071, 0.0243873912841, 0.0201370976865, 0.0245159901679, 0.0375938490033, 0.0585213080049], "dmean": [0.161332175136, 0.156692907214, 0.110464595258, 0.0785473957658, 0.0744397863746, 0.0834384337068, 0.109799139202, 0.103872358799, 0.093006812036, 0.0932083651423, 0.0763169154525, 0.064867913723, 0.0855579301715, 0.116890840232, 0.147749096155, 0.165168583393, 0.162096366286, 0.127816841006, 0.0676702111959, 0.0543839074671, 0.0609357580543, 0.0610837750137, 0.0570125617087, 0.0528725236654, 0.0517839230597, 0.0354032553732, 0.0677661597729, 0.111200071871, 0.0886621251702, 0.0736672952771, 0.0813746452332, 0.0713427737355, 0.0586367808282, 0.060996580869, 0.089717015624, 0.148829162121], "max": [1, 1, 1, 1, 1, 1, 1, 1, 1, 1, 1, 1, 1, 1, 1, 1, 1, 1, 1, 1, 1, 1, 1, 1, 1, 1, 1, 1, 1, 1, 1, 1, 1, 1, 1, 1], "var": [0.148721799254, 0.101649485528, 0.033099129796, 0.0214940626174, 0.0196869894862, 0.02934159711, 0.0626085177064, 0.0870655551553, 0.06138798967, 0.0455593355, 0.0342989861965, 0.0200728271157, 0.0428066886961, 0.0568165369332, 0.0558147467673, 0.121306829154, 0.123320229352, 0.0509354993701, 0.0181174054742, 0.0181785803288, 0.0368913263083, 0.046497695148, 0.0202702339739, 0.0122233601287, 0.0130395563319, 0.00652815541252, 0.022812621668, 0.0890421569347, 0.0476303063333, 0.0247382223606, 0.0667067319155, 0.053842138499, 0.0179592873901, 0.0157629102468, 0.0254169143736, 0.0607109703124], "mean": [0.332172960043, 0.262047320604, 0.0904017239809, 0.0500912740827, 0.0496196262538, 0.0773861706257, 0.147783353925, 0.173673391342, 0.129207864404, 0.097366258502, 0.0703451111913, 0.0564162023365, 0.0934587195516, 0.116333305836, 0.179201975465, 0.355082303286, 0.341830134392, 0.141585797071, 0.0477544479072, 0.0428395681083, 0.071327239275, 0.0872973799706, 0.0603319332004, 0.043347325176, 0.0382688716054, 0.0243375245482, 0.11516764015, 0.240065380931, 0.163582146168, 0.0807386636734, 0.1261626333, 0.104421809316, 0.0500653609633, 0.0422030873597, 0.0603394769132, 0.171787694097]}, "tuning_equal_tempered_deviation": 0.0841086655855, "chords_changes_rate": 0.0337285920978, "key_key": "D", "tuning_diatonic_strength": 0.588886380196, "key_scale": "major", "chords_number_rate": 0.000922266161069, "tuning_frequency": 436.960693359, "tuning_nontempered_energy_ratio": 0.741166472435, "chords_histogram": [53.6495399475, 10.4874839783, 4.45322799683, 0.250329375267, 0, 0, 0.711462438107, 0, 0.606060624123, 0, 0, 0.131752312183, 0.250329375267, 0.935441374779, 0, 0.0658761560917, 0, 0.184453234076, 1.554677248, 1.47562587261, 0.105401843786, 0, 3.53096175194, 21.607378006], "key_strength": 0.775243163109, "chords_key": "D", "chords_strength": {"dmean2": 0.00721875857562, "median": 0.549641788006, "min": 0.239490970969, "dvar2": 4.54354885733e-05, "dvar": 4.28639650636e-05, "dmean": 0.0078018642962, "max": 0.800858020782, "var": 0.00877174548805, "mean": 0.54162055254}, "chords_scale": "major", "hpcp_entropy": {"dmean2": 0.875497639179, "median": 1.90832424164, "min": 0, "dvar2": 0.58002525568, "dvar": 0.206820785999, "dmean": 0.514240145683, "max": 4.13562870026, "var": 0.454438865185, "mean": 1.88528561592}}, "metadata": {"audio_properties": {"equal_loudness": 0, "codec": "mp3", "downmix": "mix", "sample_rate": 44100, "analysis_sample_rate": 44100, "bit_rate": 320000, "md5_encoded": "ca66223a4a1abc1e4fca34e99b9f7a9d", "length": 352.391845703, "replay_gain": -11.356174469, "lossless": false}, "version": {"essentia_build_sha": "70f2e5ece6736b2c40cc944ad0e695b16b925413", "essentia": "2.1-beta2", "extractor": "music 1.0", "essentia_git_sha": "v2.1_beta2"}, "tags": {"title": ["Cellsong"], "artist": ["Gwei-Lo"], "filetype": ["audio/mp3"], "albumartist": ["Gwei-Lo"], "date": ["2000"], "genre": ["post-rock"], "album": ["Gwei-Lo"], "tracknumber": ["3"], "musicbrainz_recordingid": ["19eda323-041b-4609-962c-2db71bc37cf0"], "file_name": "414856.mp3"}}, "rhythm": {"bpm_histogram_first_peak_bpm": {"dmean2": 0, "median": 148, "min": 148, "dvar2": 0, "dvar": 0, "dmean": 0, "max": 148, "var": 0, "mean": 148}, "bpm": 148.460327148, "bpm_histogram_second_peak_spread": {"dmean2": 0, "median": 0.257142841816, "min": 0.257142841816, "dvar2": 0, "dvar": 0, "dmean": 0, "max": 0.257142841816, "var": 0, "mean": 0.257142841816}, "bpm_histogram_first_peak_weight": {"dmean2": 0, "median": 0.427390784025, "min": 0.427390784025, "dvar2": 0, "dvar": 0, "dmean": 0, "max": 0.427390784025, "var": 0, "mean": 0.427390784025}, "onset_rate": 4.67921876907, "beats_position": [0.429569154978, 0.847528338432, 1.26548755169, 1.67183673382, 2.08979582787, 2.49614500999, 2.90249419212, 3.32045340538, 3.73841261864, 4.15637159348, 4.57433080673, 4.99229001999, 5.39863920212, 5.81659841537, 6.24616765976, 6.66412687302, 7.08208608627, 7.51165533066, 7.94122457504, 8.37079334259, 8.80036258698, 9.21832180023, 9.64789104462, 10.0658502579, 10.4838094711, 10.9017686844, 11.3197278976, 11.7376871109, 12.144036293, 12.5619955063, 12.9799547195, 13.3979139328, 13.8158731461, 14.2222223282, 14.6401815414, 15.0465307236, 15.4412698746, 15.8360090256, 16.2307472229, 16.637096405, 17.031835556, 17.426574707, 17.8329238892, 18.2276649475, 18.6224040985, 19.0171432495, 19.4118824005, 19.8066215515, 20.2013607025, 20.6077098846, 21.0140590668, 21.4087982178, 21.8035373688, 22.1982765198, 22.5930156708, 22.9877548218, 23.3824939728, 23.7772331238, 24.1719722748, 24.5667114258, 24.9614505768, 25.3445796967, 25.7277088165, 26.1224479675, 26.5171871185, 26.9119262695, 27.3182754517, 27.7246246338, 28.1193637848, 28.5141029358, 28.9088420868, 29.3035831451, 29.6983222961, 30.1046714783, 30.5110206604, 30.9057598114, 31.3004989624, 31.6952381134, 32.0899772644, 32.4847145081, 32.8910636902, 33.2974128723, 33.7037620544, 34.1101112366, 34.5048522949, 34.8995895386, 35.3059387207, 35.7122879028, 36.1070289612, 36.5017662048, 36.8965072632, 37.2912483215, 37.6859855652, 38.0807266235, 38.4754638672, 38.8702049255, 39.2649421692, 39.6712913513, 40.0776405334, 40.4723815918, 40.8671188354, 41.2618598938, 41.6682090759, 42.0745582581, 42.4692955017, 42.8640365601, 43.2703857422, 43.6767349243, 44.071472168, 44.4778213501, 44.8841705322, 45.2789115906, 45.6736488342, 46.0799980164, 46.4863471985, 46.8810882568, 47.2758255005, 47.6589546204, 48.0653038025, 48.4600448608, 48.8547821045, 49.2495231628, 49.655872345, 50.0506095886, 50.445350647, 50.8284797668, 51.2232208252, 51.6179580688, 52.0126991272, 52.4074363708, 52.813785553, 53.2201347351, 53.6148757935, 54.0096130371, 54.4159622192, 54.8223114014, 55.2170524597, 55.6117897034, 56.0065307617, 56.4012680054, 56.7960090637, 57.1907463074, 57.5970954895, 58.0034446716, 58.39818573, 58.8045349121, 59.2108840942, 59.6056213379, 60.01197052, 60.4183197021, 60.8246688843, 61.2310180664, 61.6257591248, 62.0204963684, 62.4268455505, 62.8331947327, 63.227935791, 63.6226730347, 64.0290222168, 64.4353713989, 64.8301086426, 65.2364578247, 65.6428070068, 66.0375518799, 66.443901062, 66.8386383057, 67.2449874878, 67.6397247314, 68.0344696045, 68.4292068481, 68.8239440918, 69.2186813354, 69.6250305176, 70.0197753906, 70.4261245728, 70.8208618164, 71.2155990601, 71.6219482422, 72.0282974243, 72.4346466064, 72.8409957886, 73.2357330322, 73.6420822144, 74.0484313965, 74.4547805786, 74.8495254517, 75.2558746338, 75.6506118774, 76.0453491211, 76.4400863647, 76.8464355469, 77.252784729, 77.6591339111, 78.0654830933, 78.4718322754, 78.8781814575, 79.2845306396, 79.6908798218, 80.0972290039, 80.503578186, 80.8983230591, 81.3046722412, 81.7110214233, 82.1173706055, 82.5237197876, 82.9184570312, 83.3248062134, 83.7311553955, 84.1375045776, 84.5438537598, 84.9618148804, 85.3681640625, 85.7745132446, 86.1808624268, 86.5872116089, 86.993560791, 87.3882980347, 87.7946472168, 88.2126083374, 88.6189575195, 89.0253067017, 89.4316558838, 89.8380050659, 90.2559585571, 90.6623077393, 91.0802688599, 91.5098419189, 91.9277954102, 92.3573684692, 92.7869338989, 93.2281188965, 93.6576843262, 94.0756454468, 94.5052108765, 94.9115600586, 95.3179092407, 95.7358703613, 96.130607605, 96.5369567871, 96.9433059692, 97.3496551514, 97.7560043335, 98.1739654541, 98.5919265747, 99.0098876953, 99.4278411865, 99.8341903687, 100.240539551, 100.658500671, 101.053237915, 101.459587097, 101.865936279, 102.260681152, 102.678634644, 103.073379517, 103.491333008, 103.886077881, 104.292427063, 104.698776245, 105.116729736, 105.523078918, 105.929428101, 106.347389221, 106.765350342, 107.160087585, 107.566436768, 107.97278595, 108.379135132, 108.773872375, 109.180221558, 109.574966431, 109.992919922, 110.399269104, 110.805618286, 111.200363159, 111.61831665, 112.024665833, 112.431015015, 112.837364197, 113.243713379, 113.650062561, 114.056411743, 114.474372864, 114.892333984, 115.287071228, 115.681808472, 116.088157654, 116.494506836, 116.900856018, 117.3072052, 117.748390198, 118.189567566, 118.630744934, 119.071922302, 119.5131073, 119.942672729, 120.372245789, 120.79019928, 121.219772339, 121.649337769, 122.078910828, 122.508476257, 122.949661255, 123.367614746, 123.785575867, 124.215148926, 124.644714355, 125.062675476, 125.492240906, 125.910202026, 126.339767456, 126.757728577, 127.175689697, 127.593650818, 128, 128.406341553, 128.824310303, 129.242263794, 129.660217285, 130.066574097, 130.472915649, 130.890884399, 131.308837891, 131.715194702, 132.121536255, 132.516281128, 132.922622681, 133.328979492, 133.723709106, 134.118453979, 134.524810791, 134.931152344, 135.325897217, 135.720626831, 136.126983643, 136.533325195, 136.928070068, 137.322814941, 137.740768433, 138.147125244, 138.553466797, 138.94821167, 139.354553223, 139.760910034, 140.155639648, 140.550384521, 140.956726074, 141.363082886, 141.757827759, 142.152557373, 142.547302246, 142.94203186, 143.348388672, 143.754730225, 144.172698975, 144.579040527, 144.985397339, 145.391738892, 145.798095703, 146.192825317, 146.58757019, 146.993927002, 147.400268555, 147.806625366, 148.212966919, 148.607711792, 149.014053345, 149.408798218, 149.815139771, 150.221496582, 150.639450073, 151.045806885, 151.452148438, 151.846893311, 152.253234863, 152.659591675, 153.065933228, 153.472290039, 153.878631592, 154.273376465, 154.668121338, 155.062850952, 155.457595825, 155.852325439, 156.247070312, 156.641815186, 157.059768677, 157.466125488, 157.872467041, 158.267211914, 158.673553467, 159.079910278, 159.474639893, 159.869384766, 160.275741577, 160.68208313, 161.076828003, 161.471557617, 161.86630249, 162.272644043, 162.679000854, 163.085342407, 163.503311157, 163.90965271, 164.316009521, 164.710739136, 165.117095947, 165.51184082, 165.906570435, 166.312927246, 166.719268799, 167.114013672, 167.508743286, 167.903488159, 168.309844971, 168.716186523, 169.110931396, 169.517272949, 169.923629761, 170.329971313, 170.736328125, 171.142669678, 171.560638428, 171.96697998, 172.373336792, 172.779678345, 173.197631836, 173.603988647, 174.0103302, 174.405075073, 174.799819946, 175.194549561, 175.600906372, 176.007247925, 176.413604736, 176.819946289, 177.226303101, 177.621032715, 178.027389526, 178.422134399, 178.816864014, 179.211608887, 179.629562378, 180.024307251, 180.430648804, 180.837005615, 181.231735229, 181.649703979, 182.067657471, 182.485626221, 182.903579712, 183.321533203, 183.739501953, 184.157455444, 184.563812256, 184.970153809, 185.37651062, 185.80607605, 186.212417603, 186.618774414, 187.013504028, 187.408248901, 187.814605713, 188.220947266, 188.638900757, 189.056869507, 189.46321106, 189.869567871, 190.287521362, 190.705490112, 191.111831665, 191.518188477, 191.924530029, 192.330886841, 192.737228394, 193.143585205, 193.538314819, 193.933059692, 194.327789307, 194.72253418, 195.117279053, 195.523620605, 195.929977417, 196.347930908, 196.765899658, 197.183853149, 197.601806641, 198.019775391, 198.414505005, 198.820861816, 199.227203369, 199.633560181, 200.039901733, 200.434646606, 200.840988159, 201.247344971, 201.653686523, 202.060043335, 202.477996826, 202.895965576, 203.313919067, 203.731872559, 204.13822937, 204.544570923, 204.950927734, 205.357269287, 205.75201416, 206.158370972, 206.564712524, 206.959457397, 207.354187012, 207.748931885, 208.166885376, 208.584854126, 209.002807617, 209.420761108, 209.838729858, 210.245071411, 210.663040161, 211.057769775, 211.452514648, 211.858856201, 212.276824951, 212.694778442, 213.112747192, 213.507476807, 213.90222168, 214.296951294, 214.703308105, 215.109649658, 215.51600647, 215.922348022, 216.340316772, 216.758270264, 217.176239014, 217.570968628, 217.977325439, 218.383666992, 218.790023804, 219.196365356, 219.591110229, 219.985839844, 220.380584717, 220.77532959, 221.170059204, 221.564804077, 221.95954895, 222.354278564, 222.772247314, 223.178588867, 223.596542358, 224.00289917, 224.420852661, 224.838821411, 225.245162964, 225.651519775, 226.04624939, 226.440994263, 226.835739136, 227.242080688, 227.6484375, 228.054779053, 228.461135864, 228.879089355, 229.297042847, 229.715011597, 230.132965088, 230.527709961, 230.922439575, 231.328796387, 231.735137939, 232.141494751, 232.536224365, 232.942581177, 233.360534668, 233.755279541, 234.173233032, 234.567977905, 234.985931396, 235.403900146, 235.821853638, 236.239807129, 236.64616394, 237.052505493, 237.470474243, 237.876815796, 238.294784546, 238.712738037, 239.142303467, 239.571884155, 240.001449585, 240.419403076, 240.837371826, 241.255325317, 241.66166687, 242.07963562, 242.485977173, 242.903945923, 243.321899414, 243.739852905, 244.146209717, 244.55255127, 244.958908081, 245.376861572, 245.783218384, 246.201171875, 246.619140625, 247.025482178, 247.431838989, 247.826568604, 248.221313477, 248.639266968, 249.045623779, 249.451965332, 249.858322144, 250.264663696, 250.659408569, 251.054138184, 251.448883057, 251.855239868, 252.261581421, 252.667938232, 253.074279785, 253.469024658, 253.863754272, 254.258499146, 254.653244019, 255.059585571, 255.465942383, 255.872283936, 256.278625488, 256.684997559, 257.091339111, 257.486083984, 257.88079834, 258.275543213, 258.681884766, 259.088256836, 259.494598389, 259.900939941, 260.295684814, 260.690429688, 261.085174561, 261.491516113, 261.897857666, 262.292602539, 262.687347412, 263.082092285, 263.476806641, 263.871551514, 264.266296387, 264.672637939, 265.07901001, 265.496948242, 265.903320312, 266.309661865, 266.716003418, 267.110748291, 267.517089844, 267.923431396, 268.31817627, 268.712921143, 269.119262695, 269.514007568, 269.908752441, 270.303497314, 270.709838867, 271.11618042, 271.522521973, 271.928894043, 272.335235596, 272.741577148, 273.147918701, 273.554290771, 273.949005127, 274.34375, 274.738494873, 275.133239746, 275.539581299, 275.945922852, 276.340667725, 276.735412598, 277.130157471, 277.524902344, 277.931243896, 278.337585449, 278.743927002, 279.150299072, 279.545043945, 279.951385498, 280.346130371, 280.752471924, 281.147216797, 281.541931152, 281.936676025, 282.331420898, 282.726165771, 283.120910645, 283.515655518, 283.92199707, 284.328338623, 284.734680176, 285.141052246, 285.535766602, 285.930511475, 286.325256348, 286.720001221, 287.114746094, 287.49786377, 287.904205322, 288.310546875, 288.705291748, 289.111663818, 289.518005371, 289.901123047, 290.29586792, 290.702209473, 291.096954346, 291.503295898, 291.898040771, 292.292785645, 292.687530518, 293.070648193, 293.453796387, 293.836914062, 294.231658936, 294.638000488, 295.044342041, 295.450683594, 295.868652344, 296.274993896, 296.681365967, 297.08770752, 297.494049072, 297.900390625, 298.318359375, 298.724700928, 299.131072998, 299.537414551, 299.943756104, 300.350097656, 300.756469727, 301.162811279, 301.557556152, 301.952270508, 302.347015381, 302.753387451, 303.159729004, 303.554473877, 303.949188232, 304.355560303, 304.761901855, 305.168243408, 305.574584961, 305.980957031, 306.375671387, 306.782043457, 307.18838501, 307.594726562, 308.001068115, 308.407440186, 308.802185059, 309.196899414, 309.591644287, 309.99798584, 310.40435791, 310.810699463, 311.217041016, 311.611785889, 312.006530762, 312.412872314, 312.819213867, 313.21395874, 313.608703613, 314.015045166, 314.421386719, 314.827758789, 315.234100342, 315.628845215, 316.023590088, 316.418304443, 316.836273193, 317.242614746, 317.648986816, 318.043701172, 318.438446045, 318.844787598, 319.251159668, 319.6690979, 320.08706665, 320.5050354, 320.911376953, 321.329345703, 321.747283936, 322.165252686, 322.571594238, 322.966339111, 323.372680664, 323.779052734, 324.185394287, 324.59173584, 324.986480713, 325.381225586, 325.787567139, 326.193908691, 326.600280762, 327.029846191, 327.471008301, 327.912200928, 328.539123535, 329.16607666, 329.792999268, 330.419952393, 331.046875, 331.673828125, 332.300750732, 332.927703857, 333.554656982, 334.19317627, 334.820129395, 335.435455322, 336.062408447, 336.677734375, 337.293060303, 337.90838623, 338.523712158, 339.139038086, 339.742767334, 340.381317139, 341.008239746, 341.646789551, 342.296966553, 342.958709717, 343.608886719, 344.247436523, 344.874359131, 345.501312256, 346.128234863, 346.697143555, 347.266021729, 347.834899902, 348.403808594, 348.972686768, 349.541595459, 350.122070312, 350.690979004, 351.259857178, 351.828735352], "beats_loudness": {"dmean2": 0.030331345275, "median": 0.0361876785755, "min": 3.08424517925e-07, "dvar2": 0.00104649900459, "dvar": 0.000362305436283, "dmean": 0.017377467826, "max": 0.188127800822, "var": 0.000963915430475, "mean": 0.0435657277703}, "danceability": 1.04053163528, "bpm_histogram_second_peak_weight": {"dmean2": 0, "median": 0.0306965764612, "min": 0.0306965764612, "dvar2": 0, "dvar": 0, "dmean": 0, "max": 0.0306965764612, "var": 0, "mean": 0.0306965764612}, "beats_count": 848, "bpm_histogram_second_peak_bpm": {"dmean2": 0, "median": 140, "min": 140, "dvar2": 0, "dvar": 0, "dmean": 0, "max": 140, "var": 0, "mean": 140}, "bpm_histogram_first_peak_spread": {"dmean2": 0, "median": 0.526178002357, "min": 0.526178002357, "dvar2": 0, "dvar": 0, "dmean": 0, "max": 0.526178002357, "var": 0, "mean": 0.526178002357}, "beats_loudness_band_ratio": {"dmean2": [0.296700060368, 0.316896796227, 0.12533301115, 0.0469733215868, 0.0271544195712, 0.0319742225111], "median": [0.624530553818, 0.218974858522, 0.0758303925395, 0.0289377067238, 0.0107951862738, 0.0188712794334], "min": [0.0394500419497, 0.0125371040776, 0.000460743845906, 0.000199065980269, 6.16025936324e-05, 5.94779658059e-06], "dvar2": [0.0554752089083, 0.0696879997849, 0.0219765175134, 0.00265958555974, 0.00117527577095, 0.00127646501642], "dvar": [0.0221822373569, 0.0235937945545, 0.0070499018766, 0.00106469367165, 0.000451937201433, 0.00048201699974], "dmean": [0.183004006743, 0.180085808039, 0.0715318843722, 0.0279735699296, 0.0156608298421, 0.018648840487], "max": [0.981836676598, 0.812844276428, 0.606993317604, 0.321000754833, 0.151370301843, 0.237352788448], "var": [0.0574179776013, 0.0399242676795, 0.0114509686828, 0.00175206770655, 0.000665773171932, 0.000716850510798], "mean": [0.578513026237, 0.272309452295, 0.11003241688, 0.0416114516556, 0.0197503026575, 0.0255435910076]}}, "lowlevel": {"barkbands_spread": {"dmean2": 4.9134812355, "median": 7.36736822128, "min": 0.392626285553, "dvar2": 50.7848777771, "dvar": 19.5050544739, "dmean": 3.08155798912, "max": 137.630783081, "var": 69.2185745239, "mean": 9.87429904938}, "melbands_spread": {"dmean2": 3.80664849281, "median": 6.81988620758, "min": 0.423562288284, "dvar2": 33.9334716797, "dvar": 13.0579690933, "dmean": 2.34608578682, "max": 163.037231445, "var": 32.7622871399, "mean": 7.9151301384}, "hfc": {"dmean2": 6.7071890831, "median": 7.88859081268, "min": 1.19735253935e-16, "dvar2": 109.166572571, "dvar": 53.7296562195, "dmean": 4.62496614456, "max": 164.359893799, "var": 302.84463501, "mean": 14.6436843872}, "barkbands_kurtosis": {"dmean2": 9.27899932861, "median": 8.93605613708, "min": -1.74752664566, "dvar2": 174.230499268, "dvar": 69.3511962891, "dmean": 5.71832036972, "max": 194.312393188, "var": 170.982650757, "mean": 12.31453228}, "gfcc": {"mean": [-52.7376594543, 131.932128906, -73.2701339722, 18.1822757721, -50.8102035522, 4.58248901367, -29.0949249268, 3.17511820793, -25.1582870483, -2.15101075172, -18.8858318329, 2.76747584343, -11.956281662], "icov": [[0.000187376470421, 8.70008007041e-05, 0.000369515619241, -0.000220134403207, -9.08070214791e-05, -0.000174531029188, -1.24204216263e-05, -0.000178859569132, -0.000291102274787, -0.000418661569711, 0.00050010974519, -0.000383893115213, 0.000258089479757], [8.70008007041e-05, 0.00259160087444, -0.000502526410855, 0.00164832023438, -0.000759762362577, 0.000602875254117, -0.000187192825251, 0.000475688284496, -0.00146152696107, 0.0025913673453, -0.00507403677329, 0.00354846077971, -0.00330938026309], [0.000369515619241, -0.000502526410855, 0.00315867643803, -0.00124611950014, -0.000250925804721, -9.26119391806e-05, -0.0012911001686, -0.000461669726064, 0.000983203062788, -0.00299535831437, 0.00369749427773, -0.00275990762748, 3.77903670596e-05], [-0.000220134403207, 0.00164832023438, -0.00124611950014, 0.00444674864411, 0.000410163396737, -0.000677556789014, 0.000854997895658, -0.000422237557359, -0.0012543592602, 0.00180350535084, -0.00438557891175, 0.00442795315757, -0.00333891180344], [-9.08070214791e-05, -0.000759762362577, -0.000250925804721, 0.000410163396737, 0.00297110225074, 0.000323272222886, -0.0013032926945, 0.000500795722473, -0.00159403274301, 0.00010314580868, 0.00174802320544, -0.0022639608942, 0.000654726696666], [-0.000174531029188, 0.000602875254117, -9.26119391806e-05, -0.000677556789014, 0.000323272222886, 0.00740907806903, -0.0032875619363, -0.00200174818747, 0.00264726742171, -0.00233776308596, -0.00207625539042, 0.000487594632432, -0.00207640510052], [-1.24204216263e-05, -0.000187192825251, -0.0012911001686, 0.000854997895658, -0.0013032926945, -0.0032875619363, 0.0100199915469, -0.00111522094812, -0.00367463217117, 0.00286407908425, -0.00212317379192, 0.000158957860549, 0.000231769241509], [-0.000178859569132, 0.000475688284496, -0.000461669726064, -0.000422237557359, 0.000500795722473, -0.00200174818747, -0.00111522094812, 0.0127470381558, -0.00510046444833, 0.000870702031534, 0.00303806434385, -0.0052515976131, 0.000449073064374], [-0.000291102274787, -0.00146152696107, 0.000983203062788, -0.0012543592602, -0.00159403274301, 0.00264726742171, -0.00367463217117, -0.00510046444833, 0.0171507969499, -0.00657181581482, -0.00158608448692, 0.00575040001422, -0.00317707727663], [-0.000418661569711, 0.0025913673453, -0.00299535831437, 0.00180350535084, 0.00010314580868, -0.00233776308596, 0.00286407908425, 0.000870702031534, -0.00657181581482, 0.0172300972044, -0.0086849424988, 0.000742443080526, 0.00391475716606], [0.00050010974519, -0.00507403677329, 0.00369749427773, -0.00438557891175, 0.00174802320544, -0.00207625539042, -0.00212317379192, 0.00303806434385, -0.00158608448692, -0.0086849424988, 0.0269942469895, -0.0118757598102, 0.00407385639846], [-0.000383893115213, 0.00354846077971, -0.00275990762748, 0.00442795315757, -0.0022639608942, 0.000487594632432, 0.000158957860549, -0.0052515976131, 0.00575040001422, 0.000742443080526, -0.0118757598102, 0.0266507286578, -0.0123633909971], [0.000258089479757, -0.00330938026309, 3.77903670596e-05, -0.00333891180344, 0.000654726696666, -0.00207640510052, 0.000231769241509, 0.000449073064374, -0.00317707727663, 0.00391475716606, 0.00407385639846, -0.0123633909971, 0.0222601592541]], "cov": [[16630, -5006.71191406, -712.233276367, 1490.47814941, -923.629882812, 1011.96374512, -315.806976318, 754.081054688, 116.266433716, 1012.63665771, -404.124786377, 114.072479248, -626.917907715], [-5006.71191406, 3320.36865234, -46.8473548889, -781.761962891, 831.994750977, -464.881195068, 316.709869385, -307.593353271, 208.990127563, -490.778503418, 327.250579834, -81.5704040527, 380.518096924], [-712.233276367, -46.8473548889, 623.511779785, 50.2506752014, 91.1501235962, 72.1423416138, 87.9561538696, 60.7687072754, -16.5135498047, 48.0926589966, -30.0535926819, 82.075050354, 49.9489364624], [1490.47814941, -781.761962891, 50.2506752014, 572.233093262, -276.121063232, 185.943435669, -59.6260948181, 102.542945862, 3.9818148613, 133.619796753, -25.9472293854, -8.35175514221, -46.5598144531], [-923.629882812, 831.994750977, 91.1501235962, -276.121063232, 703.126281738, -99.3574295044, 186.438201904, -24.1219997406, 114.624893188, -105.604255676, 54.1582984924, 39.5530853271, 108.413513184], [1011.96374512, -464.881195068, 72.1423416138, 185.943435669, -99.3574295044, 295.660430908, 47.4680328369, 107.313957214, -1.4832829237, 114.113044739, -5.20848846436, 46.086769104, -18.9659042358], [-315.806976318, 316.709869385, 87.9561538696, -59.6260948181, 186.438201904, 47.4680328369, 207.350280762, 31.2827110291, 71.5809020996, -28.9213943481, 44.9757843018, 24.8080615997, 58.6575317383], [754.081054688, -307.593353271, 60.7687072754, 102.542945862, -24.1219997406, 107.313957214, 31.2827110291, 159.378814697, 32.3343429565, 65.857208252, -25.3817214966, 43.414981842, -10.2249631882], [116.266433716, 208.990127563, -16.5135498047, 3.9818148613, 114.624893188, -1.4832829237, 71.5809020996, 32.3343429565, 135.453140259, 19.3871593475, 39.062789917, -12.5307025909, 27.2546081543], [1012.63665771, -490.778503418, 48.0926589966, 133.619796753, -105.604255676, 114.113044739, -28.9213943481, 65.857208252, 19.3871593475, 185.586227417, -10.4814729691, 18.4272575378, -69.7384109497], [-404.124786377, 327.250579834, -30.0535926819, -25.9472293854, 54.1582984924, -5.20848846436, 44.9757843018, -25.3817214966, 39.062789917, -10.4814729691, 105.070404053, 8.69342422485, 40.4792251587], [114.072479248, -81.5704040527, 82.075050354, -8.35175514221, 39.5530853271, 46.086769104, 24.8080615997, 43.414981842, -12.5307025909, 18.4272575378, 8.69342422485, 91.431892395, 31.3214073181], [-626.917907715, 380.518096924, 49.9489364624, -46.5598144531, 108.413513184, -18.9659042358, 58.6575317383, -10.2249631882, 27.2546081543, -69.7384109497, 40.4792251587, 31.3214073181, 122.474372864]]}, "spectral_energyband_middle_low": {"dmean2": 0.0136761572212, "median": 0.0118301417679, "min": 2.3647300916e-22, "dvar2": 0.000641200109385, "dvar": 0.000233755708905, "dmean": 0.00818469934165, "max": 0.224173277617, "var": 0.000283345289063, "mean": 0.0164443086833}, "melbands_crest": {"dmean2": 5.59164333344, "median": 16.0026340485, "min": 1.92785811424, "dvar2": 27.0238819122, "dvar": 9.36478042603, "dmean": 3.32459402084, "max": 39.1402587891, "var": 21.26720047, "mean": 16.3974781036}, "spectral_kurtosis": {"dmean2": 11.4796066284, "median": 6.26780414581, "min": -1.19633758068, "dvar2": 459.143493652, "dvar": 165.377502441, "dmean": 7.00215673447, "max": 203.481781006, "var": 858.231689453, "mean": 18.7852210999}, "spectral_rms": {"dmean2": 0.0017650120426, "median": 0.00529114436358, "min": 3.24427615848e-12, "dvar2": 4.36554228145e-06, "dvar": 1.70476323547e-06, "dmean": 0.00111565180123, "max": 0.0174061413854, "var": 6.40363623461e-06, "mean": 0.00553312012926}, "zerocrossingrate": {"dmean2": 0.0092168552801, "median": 0.02734375, "min": 0, "dvar2": 0.000127889899886, "dvar": 7.67385135987e-05, "dmean": 0.00706143397838, "max": 0.50048828125, "var": 0.00056961766677, "mean": 0.0330612845719}, "silence_rate_60dB": {"dmean2": 0.011333684437, "median": 0, "min": 0, "dvar2": 0.0144962128252, "dvar": 0.00563289271668, "dmean": 0.0056664692238, "max": 1, "var": 0.0317969247699, "mean": 0.0328765325248}, "erbbands_kurtosis": {"dmean2": 2.60907888412, "median": 1.00407767296, "min": -1.75484597683, "dvar2": 14.9854249954, "dvar": 6.63963842392, "dmean": 1.69811701775, "max": 54.1057662964, "var": 15.8032407761, "mean": 2.22944974899}, "erbbands": {"dmean2": [0.303335696459, 2.55147123337, 6.23123025894, 12.8589248657, 21.2556285858, 33.2034645081, 12.6217899323, 20.4409389496, 18.7227058411, 25.7306251526, 21.2556209564, 12.1771831512, 15.0608291626, 12.282365799, 10.9855117798, 7.69816160202, 9.91156482697, 6.42503929138, 6.62738609314, 6.64106082916, 10.3239345551, 7.44284296036, 6.1510219574, 4.20218276978, 4.1129026413, 3.71459889412, 4.16947078705, 3.54035019875, 2.83310246468, 2.0190076828, 1.259303689, 0.969985246658, 0.701520860195, 0.669774949551, 0.501402676105, 0.255700349808, 0.1002753824, 0.0845812708139, 0.00227141473442, 5.97576727159e-05], "median": [0.0813124477863, 1.10421836376, 3.86844873428, 9.1426486969, 8.00837993622, 5.26578521729, 8.02149963379, 13.3147029877, 14.5772008896, 11.2306785583, 7.22666740417, 4.88276529312, 6.26953935623, 7.07595825195, 5.29882717133, 3.87952637672, 2.33916091919, 1.62307929993, 1.14262700081, 1.06542611122, 1.55976867676, 1.18129301071, 0.911673903465, 0.623161315918, 0.979946255684, 0.885903835297, 0.74545609951, 0.892062664032, 0.513383686543, 0.531066656113, 0.306918144226, 0.221176952124, 0.131079494953, 0.0779651775956, 0.048179268837, 0.0232517682016, 0.00659536756575, 0.00107947713695, 4.16031325585e-05, 3.66624153685e-05], "min": [6.26164919464e-22, 2.58799974016e-21, 2.2479655005e-21, 2.70100270925e-20, 3.45271100729e-20, 4.26637270982e-20, 1.49791901155e-19, 4.8178245559e-19, 3.27979827064e-19, 5.80611978925e-19, 1.51860485996e-18, 1.25355737334e-18, 1.8282372782e-18, 2.4617902122e-18, 4.00947801871e-18, 3.11169547293e-18, 4.62179019535e-18, 2.23325158268e-18, 3.93120936197e-18, 9.20832347145e-18, 1.14414679342e-17, 1.00251089052e-17, 1.6291265916e-17, 1.31136970878e-17, 1.35848765355e-17, 2.45770315415e-17, 1.6373497595e-17, 1.65270884911e-17, 1.88505875466e-17, 1.99391158737e-17, 1.3823288186e-17, 1.34846909012e-17, 1.83511044599e-17, 1.05136277129e-17, 1.12471598996e-17, 7.42644491029e-18, 3.07714248438e-18, 1.39766971024e-18, 3.61207181131e-19, 3.76425339848e-20], "dvar2": [0.511439800262, 29.8894958496, 134.909896851, 336.880859375, 2209.43188477, 6888.734375, 800.089599609, 1237.40673828, 976.007324219, 2784.78369141, 2054.47314453, 727.123840332, 1191.05578613, 476.348815918, 521.761352539, 226.299987793, 684.220214844, 220.193084717, 295.342712402, 485.463531494, 1116.00268555, 569.906677246, 369.807800293, 157.218902588, 130.817504883, 91.9813842773, 226.692306519, 69.4156494141, 72.1832122803, 21.2064781189, 7.03516340256, 4.11814689636, 3.07346940041, 5.19172859192, 1.86466312408, 0.320312440395, 0.0499372780323, 0.0937932357192, 6.93018664606e-05, 2.06167793948e-08], "dvar": [0.188788309693, 10.8461799622, 48.5076065063, 119.011535645, 803.211914062, 2471.7109375, 299.584777832, 494.578857422, 441.11541748, 1171.2388916, 1004.54602051, 279.851715088, 510.214752197, 203.587280273, 193.759963989, 99.4082794189, 289.130554199, 88.6905975342, 117.275276184, 204.887664795, 428.761871338, 239.830352783, 164.751419067, 68.3620376587, 60.0883789062, 38.777797699, 89.0245437622, 29.0971469879, 30.4031848907, 9.51900005341, 3.11566996574, 1.82698369026, 1.35413062572, 2.03419971466, 0.754852831364, 0.140526682138, 0.0210315696895, 0.0316167362034, 2.32932834479e-05, 7.14605707941e-09], "dmean": [0.178733512759, 1.54886507988, 3.78428506851, 7.633207798, 12.3457841873, 18.9836864471, 7.5791554451, 12.4516048431, 11.8294010162, 16.4192447662, 14.4789085388, 7.87414979935, 10.0218753815, 7.78169488907, 6.6536283493, 4.97332239151, 6.30819606781, 4.02938175201, 4.12415647507, 4.27476453781, 6.40005636215, 4.80705118179, 4.07760858536, 2.76401472092, 2.7151286602, 2.37985348701, 2.69780993462, 2.30641031265, 1.87101233006, 1.33944118023, 0.841129243374, 0.649029493332, 0.474297493696, 0.424680620432, 0.318210124969, 0.165439099073, 0.0645162910223, 0.04975534603, 0.00132970558479, 3.66820386262e-05], "max": [5.71491909027, 50.3706512451, 185.386169434, 179.68522644, 447.736907959, 924.129577637, 319.018066406, 498.405487061, 464.197387695, 720.845825195, 464.387664795, 352.818969727, 483.654693604, 278.169372559, 464.586242676, 224.28213501, 480.319122314, 268.221984863, 334.702941895, 422.04473877, 687.249328613, 303.337738037, 338.221008301, 216.100997925, 201.668914795, 148.151672363, 397.612945557, 129.813949585, 330.13269043, 131.6537323, 58.0484275818, 25.5313167572, 41.0084266663, 40.7783699036, 22.3248081207, 7.32280635834, 4.39728546143, 5.01968669891, 0.133038043976, 0.0024306611158], "var": [0.20115916431, 13.3310813904, 130.733657837, 256.573547363, 663.093200684, 1886.20959473, 340.508758545, 1253.62219238, 950.621643066, 1939.05737305, 2093.70117188, 898.489685059, 1476.56005859, 800.507568359, 654.960998535, 273.144226074, 792.361328125, 227.676116943, 251.97517395, 319.669006348, 618.814758301, 362.823822021, 335.052825928, 123.675468445, 109.576911926, 80.1652832031, 221.028884888, 72.3530883789, 89.4384994507, 28.7634067535, 9.7072467804, 5.55220508575, 4.04199981689, 2.3263528347, 0.867640852928, 0.194405972958, 0.087727829814, 0.212442845106, 0.000138391842484, 5.26487760055e-08], "mean": [0.25777643919, 2.57418274879, 8.55222702026, 14.2364196777, 15.2711467743, 18.7208137512, 13.3567352295, 26.716753006, 24.2394981384, 26.4456977844, 24.446603775, 18.2835636139, 22.7202644348, 18.8016910553, 15.1946821213, 10.3627710342, 12.375415802, 7.47048091888, 7.22042417526, 6.5663061142, 9.26384449005, 7.30441904068, 6.87244844437, 4.47493934631, 4.3282365799, 3.95534586906, 4.63932228088, 4.01203584671, 3.55282521248, 2.31232142448, 1.45368146896, 1.14887368679, 0.847808241844, 0.583970487118, 0.385302424431, 0.204370006919, 0.125497892499, 0.130765065551, 0.00332619971596, 0.000105486215034]}, "spectral_strongpeak": {"dmean2": 0.53432226181, "median": 0.441682517529, "min": 0, "dvar2": 0.408217966557, "dvar": 0.16573433578, "dmean": 0.31297147274, "max": 5.47859096527, "var": 0.243478775024, "mean": 0.597772717476}, "spectral_energy": {"dmean2": 0.0247898455709, "median": 0.0286961123347, "min": 1.0788461134e-20, "dvar2": 0.00144222809467, "dvar": 0.000542553490959, "dmean": 0.0152434054762, "max": 0.310548096895, "var": 0.00110740272794, "mean": 0.0379445701838}, "average_loudness": 0.740850150585, "spectral_rolloff": {"dmean2": 245.013198853, "median": 387.59765625, "min": 21.533203125, "dvar2": 337294.71875, "dvar": 132648.15625, "dmean": 138.885940552, "max": 18518.5546875, "var": 191591.859375, "mean": 476.656829834}, "spectral_centroid": {"dmean2": 193.554016113, "median": 493.288879395, "min": 145.318710327, "dvar2": 62417.15625, "dvar": 26653.7480469, "dmean": 120.065093994, "max": 10395.2265625, "var": 119718.210938, "mean": 576.702209473}, "pitch_salience": {"dmean2": 0.120351418853, "median": 0.506045937538, "min": 0.0552493147552, "dvar2": 0.0112886251882, "dvar": 0.00411580922082, "dmean": 0.0732166841626, "max": 0.874253213406, "var": 0.0110877770931, "mean": 0.506309509277}, "spectral_energyband_middle_high": {"dmean2": 0.00105687917676, "median": 0.000981276039965, "min": 1.6308266644e-21, "dvar2": 4.49372328148e-06, "dvar": 2.20083165914e-06, "dmean": 0.000725652032997, "max": 0.0335549302399, "var": 9.24706182559e-06, "mean": 0.00212458218448}, "spectral_contrast_coeffs": {"dmean2": [0.0919261425734, 0.0728609487414, 0.0560832768679, 0.0436413548887, 0.0314870066941, 0.0259516052902], "median": [-0.612963914871, -0.678132414818, -0.748972952366, -0.806901097298, -0.820641160011, -0.78254532814], "min": [-0.972866415977, -0.962797403336, -0.965428352356, -0.970369577408, -0.951513826847, -0.959695696831], "dvar2": [0.00626074708998, 0.00376402377151, 0.00215672398917, 0.00125770829618, 0.000729746418074, 0.000535667291842], "dvar": [0.00236438889988, 0.0014297143789, 0.000824620190542, 0.000483987474581, 0.000303725071717, 0.000214466126636], "dmean": [0.0553366728127, 0.0444717295468, 0.0346733704209, 0.0266341455281, 0.0194032453001, 0.0162505432963], "max": [-0.251173913479, -0.390388846397, -0.517746686935, -0.618103802204, -0.619492053986, -0.660484552383], "var": [0.00913624744862, 0.00614704191685, 0.00316096795723, 0.00232491036877, 0.00157123873942, 0.00129859754816], "mean": [-0.596263706684, -0.674310922623, -0.747808158398, -0.802354753017, -0.816753387451, -0.785860657692]}, "melbands_skewness": {"dmean2": 1.37594711781, "median": 3.05533480644, "min": -0.773499548435, "dvar2": 2.11967945099, "dvar": 0.880811452866, "dmean": 0.876857101917, "max": 23.5638160706, "var": 2.4194419384, "mean": 3.19786906242}, "spectral_spread": {"dmean2": 1166586.875, "median": 4543347, "min": 427831.1875, "dvar2": 1961551462400.0, "dvar": 1042512674820.0, "dmean": 819635.375, "max": 40337900, "var": 4722834014210.0, "mean": 4303326}, "dissonance": {"dmean2": 0.0519559718668, "median": 0.438428640366, "min": 0.133859857917, "dvar2": 0.00228279922158, "dvar": 0.000854411860928, "dmean": 0.031208936125, "max": 0.500000059605, "var": 0.00280114286579, "mean": 0.425862163305}, "spectral_skewness": {"dmean2": 0.861874401569, "median": 2.12926650047, "min": 0.0430953018367, "dvar2": 1.40288174152, "dvar": 0.523772537708, "dmean": 0.545408904552, "max": 11.6885232925, "var": 3.44320893288, "mean": 2.82986855507}, "spectral_flux": {"dmean2": 0.05036