{"tonal": {"thpcp": [1, 0.511828839779, 0.171891435981, 0.136379629374, 0.139364346862, 0.191715538502, 0.239652320743, 0.211526304483, 0.258669734001, 0.372426450253, 0.364138156176, 0.359153419733, 0.380142807961, 0.325700163841, 0.342121213675, 0.349274992943, 0.232527494431, 0.167657405138, 0.171422094107, 0.18241275847, 0.385028272867, 0.583443760872, 0.42165389657, 0.20735502243, 0.137379258871, 0.104998081923, 0.152100369334, 0.219038769603, 0.261451661587, 0.422101438046, 0.463414698839, 0.279853135347, 0.198929414153, 0.203411713243, 0.283700466156, 0.775310635567], "hpcp": {"dmean2": [0.167124286294, 0.17211560905, 0.196113631129, 0.253164827824, 0.268906831741, 0.248601332307, 0.264248818159, 0.242747306824, 0.221448764205, 0.216617584229, 0.178951993585, 0.160925865173, 0.167672246695, 0.167647764087, 0.236145064235, 0.282551974058, 0.251640409231, 0.19126881659, 0.138670504093, 0.106894895434, 0.121442355216, 0.152267068624, 0.185526490211, 0.255979955196, 0.261153966188, 0.192205443978, 0.170386716723, 0.188282027841, 0.234995767474, 0.325351417065, 0.324191272259, 0.271165847778, 0.160272583365, 0.134498149157, 0.132168933749, 0.148134544492], "median": [0.0300768241286, 0.0227919090539, 0.0208619125187, 0.0315796099603, 0.0397636219859, 0.0484939143062, 0.049911595881, 0.0331598743796, 0.0267941281199, 0.0250046439469, 0.0190840698779, 0.0146234566346, 0.0131142735481, 0.0172053780407, 0.0800014436245, 0.125183433294, 0.0809991210699, 0.0176854841411, 0.00794929265976, 0.00703169498593, 0.0123424679041, 0.0178613439202, 0.0335130468011, 0.0579138845205, 0.0561449974775, 0.0294137876481, 0.019238691777, 0.01904498972, 0.0361150614917, 0.170680075884, 0.229242026806, 0.104890793562, 0.0125221796334, 0.00879368558526, 0.00992422178388, 0.0206258222461], "min": [0, 0, 0, 0, 0, 0, 0, 0, 0, 0, 0, 0, 0, 0, 0, 0, 0, 0, 0, 0, 0, 0, 0, 0, 0, 0, 0, 0, 0, 0, 0, 0, 0, 0, 0, 0], "dvar2": [0.0849056020379, 0.0962733328342, 0.111791715026, 0.143454343081, 0.149009823799, 0.129655629396, 0.145495504141, 0.137152969837, 0.117451101542, 0.121978878975, 0.100765690207, 0.0941680669785, 0.101135261357, 0.087424993515, 0.10967938602, 0.120298862457, 0.112611293793, 0.122650071979, 0.0937980189919, 0.0657595917583, 0.064807638526, 0.0786051973701, 0.0861746370792, 0.12714625895, 0.126507386565, 0.0987414866686, 0.0954321026802, 0.110864832997, 0.115257881582, 0.129920810461, 0.146166712046, 0.122602455318, 0.0866798534989, 0.0766219422221, 0.0742965340614, 0.0743764936924], "dvar": [0.0320867747068, 0.035132560879, 0.0420806147158, 0.0563093163073, 0.0573588050902, 0.0491587258875, 0.0564406625926, 0.0519882291555, 0.045823533088, 0.0490820966661, 0.0372248329222, 0.0335870683193, 0.0364307723939, 0.0313967764378, 0.0397829711437, 0.0492612756789, 0.0430869683623, 0.0435642898083, 0.0331618413329, 0.0233140159398, 0.0239297524095, 0.0309260897338, 0.0322866290808, 0.0503119155765, 0.0517834611237, 0.0357517041266, 0.0337885655463, 0.0392891466618, 0.0424071475863, 0.0544141083956, 0.0652693882585, 0.0445869341493, 0.0312053859234, 0.0277367699891, 0.0268152598292, 0.0273151881993], "dmean": [0.0961010083556, 0.0970965251327, 0.110960274935, 0.143967628479, 0.151393249631, 0.140988618135, 0.150055646896, 0.137342497706, 0.126341506839, 0.124960437417, 0.100666314363, 0.0876124948263, 0.0910186767578, 0.092812307179, 0.137067943811, 0.169754937291, 0.14641495049, 0.104592993855, 0.0750773772597, 0.057660151273, 0.0684007257223, 0.088098809123, 0.106713578105, 0.149079829454, 0.152501270175, 0.110454872251, 0.0945243760943, 0.10395860672, 0.131582036614, 0.19137878716, 0.191010355949, 0.156092837453, 0.0876192077994, 0.0740782767534, 0.0724174156785, 0.0829089581966], "max": [1, 1, 1, 1, 1, 1, 1, 1, 1, 1, 1, 1, 1, 1, 1, 1, 1, 1, 1, 1, 1, 1, 1, 1, 1, 1, 1, 1, 1, 1, 1, 1, 1, 1, 1, 1], "var": [0.0332292988896, 0.0300945993513, 0.0431607030332, 0.0697515979409, 0.0611438862979, 0.0544709600508, 0.0604682974517, 0.055640630424, 0.0619270205498, 0.0681463554502, 0.0350907370448, 0.0250948425382, 0.0266752522439, 0.0244927182794, 0.0440512187779, 0.0794404447079, 0.0511991046369, 0.0345725789666, 0.0245588719845, 0.0160520393401, 0.0209934450686, 0.0353419259191, 0.0335421636701, 0.0660883337259, 0.0796796530485, 0.0393710918725, 0.0286824498326, 0.0305431094021, 0.038504358381, 0.11151368171, 0.16430093348, 0.0635981857777, 0.0238319654018, 0.0203287862241, 0.0205278173089, 0.025971930474], "mean": [0.0986213460565, 0.0870469734073, 0.10644736141, 0.153260350227, 0.149849563837, 0.147798255086, 0.156435772777, 0.134031623602, 0.140789180994, 0.143733099103, 0.0956893488765, 0.0689941123128, 0.0705433487892, 0.0750662088394, 0.158446222544, 0.240097850561, 0.17351834476, 0.0853304117918, 0.0565340965986, 0.0432086437941, 0.0625921040773, 0.0901384875178, 0.107592180371, 0.173702523112, 0.190703690052, 0.115164726973, 0.0818631201982, 0.0837076678872, 0.116747967899, 0.319054603577, 0.411518424749, 0.210626989603, 0.07073649019, 0.0561227314174, 0.0573509968817, 0.0788944736123]}, "tuning_equal_tempered_deviation": 0.0468180552125, "chords_changes_rate": 0.0788917094469, "key_key": "C", "tuning_diatonic_strength": 0.564844787121, "key_scale": "major", "chords_number_rate": 0.00317258876748, "tuning_frequency": 440, "tuning_nontempered_energy_ratio": 0.698002815247, "chords_histogram": [8.75634479523, 3.27834177017, 29.0820636749, 2.62267351151, 1.77664971352, 0, 0.401861250401, 0.84602367878, 1.31133675575, 0.296108305454, 0.359560072422, 1.05752956867, 1.12098133564, 0.740270733833, 0, 1.77664971352, 0.401861250401, 1.14213192463, 0.0423011854291, 30.901014328, 5.75296115875, 4.84348583221, 2.47461938858, 1.01522839069], "key_strength": 0.67768907547, "chords_key": "G", "chords_strength": {"dmean2": 0.0104697849602, "median": 0.509786844254, "min": 0.258493036032, "dvar2": 9.83040881692e-05, "dvar": 7.67387900851e-05, "dmean": 0.0101498058066, "max": 0.772083103657, "var": 0.00815704837441, "mean": 0.506767570972}, "chords_scale": "minor", "hpcp_entropy": {"dmean2": 1.06220924854, "median": 1.86404824257, "min": 0, "dvar2": 0.741887807846, "dvar": 0.285171449184, "dmean": 0.633964717388, "max": 4.0520234108, "var": 0.598749279976, "mean": 1.83872306347}}, "metadata": {"audio_properties": {"equal_loudness": 0, "codec": "mp3", "downmix": "mix", "sample_rate": 44100, "analysis_sample_rate": 44100, "bit_rate": 256000, "md5_encoded": "317caa2f0097542a08db3c71c3210f26", "length": 219.480819702, "replay_gain": -12.8660774231, "lossless": false}, "version": {"essentia_build_sha": "70f2e5ece6736b2c40cc944ad0e695b16b925413", "essentia": "2.1-beta2", "extractor": "music 1.0", "essentia_git_sha": "v2.1_beta2"}, "tags": {"title": ["Working In The Coal Mine"], "artist": ["Harry Connick Jr."], "albumartist": ["Harry Connick Jr."], "date": ["2007"], "genre": ["Jazz"], "language": ["English"], "album": ["Oh, My Nola"], "tracknumber": ["1"], "musicbrainz_recordingid": ["19f6a830-6686-4208-a32e-5c86a7eee13a"], "file_name": "23871.mp3"}}, "rhythm": {"bpm_histogram_first_peak_bpm": {"dmean2": 0, "median": 140, "min": 140, "dvar2": 0, "dvar": 0, "dmean": 0, "max": 140, "var": 0, "mean": 140}, "bpm": 140.019989014, "bpm_histogram_second_peak_spread": {"dmean2": 0, "median": 0, "min": 0, "dvar2": 0, "dvar": 0, "dmean": 0, "max": 0, "var": 0, "mean": 0}, "bpm_histogram_first_peak_weight": {"dmean2": 0, "median": 0.582845985889, "min": 0.582845985889, "dvar2": 0, "dvar": 0, "dmean": 0, "max": 0.582845985889, "var": 0, "mean": 0.582845985889}, "onset_rate": 3.74490499496, "beats_position": [0.441179126501, 0.882358253002, 1.3235373497, 1.77632653713, 2.22911548615, 2.68190479279, 3.15791368484, 3.62231278419, 4.07510185242, 4.53950119019, 4.99229001999, 5.4334692955, 5.87464857101, 6.31582736969, 6.74539661407, 7.17496585846, 7.60453510284, 8.04571437836, 8.47528362274, 8.90485286713, 9.33442115784, 9.77560043335, 10.2167797089, 10.6463489532, 11.0759181976, 11.5170974731, 11.9466667175, 12.3646259308, 12.7941951752, 13.235373497, 13.6881628036, 14.1641721725, 14.6517915726, 15.1161899567, 15.545759201, 15.9753284454, 16.3932876587, 16.8344669342, 17.2640361786, 17.693605423, 18.1231746674, 18.5527439117, 18.970703125, 19.3886623383, 19.8182315826, 20.247800827, 20.6773700714, 21.0953292847, 21.5248966217, 21.9660758972, 22.3956451416, 22.825214386, 23.2547836304, 23.6843528748, 24.1255321503, 24.5551013947, 24.984670639, 25.4258499146, 25.8438091278, 26.2617683411, 26.6797275543, 27.0976867676, 27.5156459808, 27.9568252563, 28.3863945007, 28.8159637451, 29.2455329895, 29.6751022339, 30.1046714783, 30.5342407227, 30.9754180908, 31.4049873352, 31.8345565796, 32.2525177002, 32.6820869446, 33.1000442505, 33.5296134949, 33.9591827393, 34.3887519836, 34.8067131042, 35.2362823486, 35.6658477783, 36.1070289612, 36.5365982056, 36.9545555115, 37.3841247559, 37.8136940002, 38.2548751831, 38.6960525513, 39.1256217957, 39.5668029785, 39.9963722229, 40.4143295288, 40.8438987732, 41.2618598938, 41.6798171997, 42.1093864441, 42.5389556885, 42.9685249329, 43.3980941772, 43.8392753601, 44.2688446045, 44.6984100342, 45.1163711548, 45.5459403992, 45.9755096436, 46.4050788879, 46.8346481323, 47.2642173767, 47.6937866211, 48.111743927, 48.5297050476, 48.959274292, 49.3888435364, 49.8184127808, 50.2479820251, 50.6659393311, 51.1071205139, 51.5482978821, 51.9662590027, 52.3842163086, 52.8021774292, 53.2317466736, 53.661315918, 54.0908851624, 54.5204544067, 54.9384117126, 55.367980957, 55.7975502014, 56.2387275696, 56.668296814, 57.0862579346, 57.515827179, 57.9570045471, 58.3749656677, 58.8045349121, 59.2341041565, 59.6520614624, 60.0816307068, 60.5111999512, 60.9407691956, 61.3703384399, 61.7999076843, 62.2294769287, 62.6590461731, 63.0886154175, 63.5065765381, 63.924533844, 64.3541030884, 64.7836685181, 65.2248535156, 65.6776428223, 66.1188201904, 66.5599975586, 66.9895706177, 67.4191360474, 67.8487091064, 68.2666625977, 68.6962356567, 69.1258010864, 69.543762207, 69.9617233276, 70.4029006958, 70.8208618164, 71.2504272461, 71.6800003052, 72.0979614258, 72.515914917, 72.9454879761, 73.3750534058, 73.8046264648, 74.2341918945, 74.6521530151, 75.0933303833, 75.5229034424, 75.9524688721, 76.3820419312, 76.8116073608, 77.252784729, 77.6823577881, 78.1119232178, 78.5414962769, 78.9710617065, 79.3890228271, 79.8069839478, 80.2365493774, 80.6661224365, 81.0840835571, 81.5020370483, 81.9199981689, 82.3379592896, 82.7559204102, 83.1738739014, 83.6034469604, 84.0330123901, 84.4741897583, 84.9037628174, 85.3333282471, 85.7512893677, 86.1808624268, 86.6104278564, 87.0283889771, 87.4579544067, 87.8875274658, 88.3170928955, 88.7466659546, 89.1762313843, 89.6174163818, 90.0469818115, 90.4649429321, 90.9061203003, 91.3240814209, 91.7536468506, 92.1832199097, 92.6011810303, 93.03074646, 93.460319519, 93.8782730103, 94.3194503784, 94.737411499, 95.1669845581, 95.5965499878, 96.0261230469, 96.4556884766, 96.8852615356, 97.3148269653, 97.7444000244, 98.1739654541, 98.6035385132, 99.0331039429, 99.462677002, 99.8922424316, 100.310203552, 100.739768982, 101.169342041, 101.587303162, 102.016868591, 102.44644165, 102.87600708, 103.317184448, 103.746757507, 104.176322937, 104.594284058, 105.023849487, 105.453422546, 105.882987976, 106.312561035, 106.742126465, 107.171699524, 107.601264954, 108.019226074, 108.460403442, 108.889976501, 109.33115387, 109.772331238, 110.201904297, 110.619865417, 111.049430847, 111.490608215, 111.920181274, 112.338134766, 112.756095886, 113.197273254, 113.626846313, 114.056411743, 114.474372864, 114.903945923, 115.333511353, 115.763084412, 116.192649841, 116.6222229, 117.05178833, 117.469749451, 117.887710571, 118.317276001, 118.74684906, 119.17641449, 119.605987549, 120.035552979, 120.465126038, 120.894691467, 121.324264526, 121.753829956, 122.183395386, 122.612968445, 123.030929565, 123.460494995, 123.878456116, 124.296417236, 124.725982666, 125.167160034, 125.596733093, 126.026298523, 126.455871582, 126.89704895, 127.326622009, 127.7445755, 128.17414856, 128.615325928, 129.044891357, 129.474472046, 129.915649414, 130.345214844, 130.774780273, 131.192733765, 131.622314453, 132.051879883, 132.469833374, 132.887802124, 133.305755615, 133.746932983, 134.188110352, 134.61769104, 135.035644531, 135.465209961, 135.883178711, 136.312744141, 136.74230957, 137.160263062, 137.601455688, 138.031021118, 138.448974609, 138.878540039, 139.308120728, 139.737686157, 140.155639648, 140.585220337, 141.014785767, 141.455963135, 141.885528564, 142.315093994, 142.744674683, 143.174240112, 143.592193604, 144.021759033, 144.451339722, 144.880905151, 145.310470581, 145.728439331, 146.158004761, 146.58757019, 147.005523682, 147.43510437, 147.876281738, 148.317459106, 148.747024536, 149.188201904, 149.629379272, 150.070556641, 150.488525391, 150.906478882, 151.324447632, 151.754013062, 152.183578491, 152.613143921, 153.042724609, 153.460678101, 153.878631592, 154.30821228, 154.73777771, 155.16734314, 155.596908569, 156.026489258, 156.456054688, 156.885620117, 157.315185547, 157.744766235, 158.174331665, 158.592285156, 159.033462524, 159.463043213, 159.892608643, 160.322174072, 160.751739502, 161.19291687, 161.622497559, 162.052062988, 162.470016479, 162.899581909, 163.329162598, 163.758728027, 164.176681519, 164.606262207, 165.024215698, 165.442169189, 165.871749878, 166.301315308, 166.742492676, 167.183670044, 167.624847412, 168.054412842, 168.48399353, 168.901947021, 169.331512451, 169.761077881, 170.190658569, 170.620223999, 171.03817749, 171.479354858, 171.908935547, 172.338500977, 172.768066406, 173.197631836, 173.627212524, 174.056777954, 174.486343384, 174.915908813, 175.333877563, 175.751831055, 176.181396484, 176.610977173, 177.040542603, 177.481719971, 177.9112854, 178.34085083, 178.770431519, 179.199996948, 179.629562378, 180.059127808, 180.488708496, 180.918273926, 181.347839355, 181.777404785, 182.206985474, 182.624938965, 183.042892456, 183.472473145, 183.902038574, 184.331604004, 184.761169434, 185.190750122, 185.620315552, 186.049880981, 186.467849731, 186.897415161, 187.326980591, 187.756546021, 188.18611145, 188.615692139, 189.045257568, 189.474822998, 189.892791748, 190.322357178, 190.751922607, 191.181488037, 191.611068726, 192.040634155, 192.470199585, 192.899765015, 193.329345703, 193.758911133, 194.188476562, 194.618041992, 195.047622681, 195.47718811, 195.90675354, 196.324707031, 196.742675781, 197.172241211, 197.601806641, 198.03137207, 198.460952759, 198.87890625, 199.30847168, 199.738052368, 200.156005859, 200.585571289, 201.015136719, 201.456329346, 201.897506714, 202.327072144, 202.756637573, 203.174606323, 203.604171753, 204.033737183, 204.463302612, 204.892883301, 205.334060669, 205.75201416, 206.204803467, 206.657592773, 207.11038208, 207.574783325, 208.03918457, 208.387481689, 208.735778809, 209.084075928, 209.432373047, 209.780670166, 210.128982544, 210.488891602, 210.837188721, 211.208709717, 211.580215454, 211.95173645, 212.323257446, 212.694778442, 213.066299438, 213.437820435, 213.797729492, 214.15763855, 214.505935669, 214.865844727, 215.237365723, 215.608886719, 215.980407715, 216.351928711, 216.723449707, 217.094955444, 217.46647644, 217.837997437, 218.209518433, 218.581039429, 218.952560425], "beats_loudness": {"dmean2": 0.0607778988779, "median": 0.0382320731878, "min": 6.1915433891e-10, "dvar2": 0.002555844374, "dvar": 0.000916200864594, "dmean": 0.0343834869564, "max": 0.189606651664, "var": 0.00120485923253, "mean": 0.0446362495422}, "danceability": 1.36576700211, "bpm_histogram_second_peak_weight": {"dmean2": 0, "median": 0.0350877195597, "min": 0.0350877195597, "dvar2": 0, "dvar": 0, "dmean": 0, "max": 0.0350877195597, "var": 0, "mean": 0.0350877195597}, "beats_count": 514, "bpm_histogram_second_peak_bpm": {"dmean2": 0, "median": 161, "min": 161, "dvar2": 0, "dvar": 0, "dmean": 0, "max": 161, "var": 0, "mean": 161}, "bpm_histogram_first_peak_spread": {"dmean2": 0, "median": 0.356989264488, "min": 0.356989264488, "dvar2": 0, "dvar": 0, "dmean": 0, "max": 0.356989264488, "var": 0, "mean": 0.356989264488}, "beats_loudness_band_ratio": {"dmean2": [0.596245825291, 0.250837057829, 0.231211230159, 0.263213336468, 0.0987143442035, 0.143432453275], "median": [0.420880734921, 0.0964808166027, 0.139306694269, 0.0902919098735, 0.0591549165547, 0.0296902395785], "min": [0.000426830549259, 0.00439348630607, 0.00134708650876, 0.00133985280991, 0.00104600947816, 0.000341499748174], "dvar2": [0.184654176235, 0.0528283901513, 0.0475395098329, 0.071495436132, 0.00858695618808, 0.019817057997], "dvar": [0.0780982151628, 0.0205652806908, 0.0163211096078, 0.0228046122938, 0.00281943939626, 0.00820582266897], "dmean": [0.338031470776, 0.144496813416, 0.133741140366, 0.143119469285, 0.057604059577, 0.0796122401953], "max": [0.98457723856, 0.906852900982, 0.788474738598, 0.842616140842, 0.407994061708, 0.803508222103], "var": [0.105281792581, 0.021594773978, 0.0213148090988, 0.0220242217183, 0.00365764787421, 0.00749291991815], "mean": [0.449533909559, 0.153570964932, 0.171546652913, 0.142545923591, 0.0703282207251, 0.0666775777936]}}, "lowlevel": {"barkbands_spread": {"dmean2": 8.65467166901, "median": 18.2205505371, "min": 0.903252065182, "dvar2": 123.29486084, "dvar": 56.963722229, "dmean": 5.79279756546, "max": 129.395797729, "var": 189.737442017, "mean": 21.3374118805}, "melbands_spread": {"dmean2": 10.0281639099, "median": 18.7022514343, "min": 0.645761370659, "dvar2": 200.900939941, "dvar": 87.7472839355, "dmean": 6.65801095963, "max": 232.813873291, "var": 258.202545166, "mean": 21.6497459412}, "hfc": {"dmean2": 8.93291378021, "median": 9.56211853027, "min": 1.12717916839e-16, "dvar2": 322.827270508, "dvar": 162.576049805, "dmean": 6.80177736282, "max": 214.530700684, "var": 483.93737793, "mean": 17.7402038574}, "barkbands_kurtosis": {"dmean2": 6.66147327423, "median": 1.61719751358, "min": -1.93124651909, "dvar2": 217.007781982, "dvar": 96.9605407715, "dmean": 4.46513462067, "max": 197.469177246, "var": 179.35256958, "mean": 5.86337566376}, "gfcc": {"mean": [-38.9841117859, 95.3976898193, -117.111488342, 25.4900588989, -49.6022453308, 15.4968452454, -30.5076580048, 8.94801425934, -19.7911968231, 1.42492139339, -15.417140007, -0.420858949423, -13.2063016891], "icov": [[6.38453639112e-05, -8.41572909849e-05, 4.61784475192e-05, -4.3184045353e-06, 4.02592559112e-05, -7.54279608373e-05, 0.000143162382301, -0.000207329445402, 0.000206017604796, -0.000279228755971, 0.000199094443815, -7.75664229877e-05, 0.000184417469427], [-8.41572909849e-05, 0.0011979782721, 0.000413858651882, -0.000180059854756, -0.000699376920238, 0.000485498836497, -0.000496553257108, 0.000218932473217, -0.000666168110911, 0.00153388525359, -0.00145632436033, 0.00117465725634, -0.000508840603288], [4.61784475192e-05, 0.000413858651882, 0.00154917465989, -0.000508543802425, -0.000799659872428, -0.000146333622979, -0.000302823464153, -0.000115332550195, -1.17347790365e-05, -0.000681365490891, 0.000751993153244, -0.00155192578677, 0.000296419631923], [-4.3184045353e-06, -0.000180059854756, -0.000508543802425, 0.00410195393488, -0.000779485679232, -0.000917103316169, 0.000686482118908, 0.00034948499524, -0.000439878727775, -0.00129925273359, -0.000538456835784, 0.00109094264917, -0.00206724298187], [4.02592559112e-05, -0.000699376920238, -0.000799659872428, -0.000779485679232, 0.00553028611466, -0.00161522428971, -0.00170364871155, 0.00206963415258, -0.00132787215989, -0.000980676617473, -0.000784650852438, 0.00216973945498, -0.00157933449373], [-7.54279608373e-05, 0.000485498836497, -0.000146333622979, -0.000917103316169, -0.00161522428971, 0.00703600700945, -0.00143349368591, -0.00402324693277, 0.00251207663678, -0.00117543328088, 0.00101719947997, -0.000524459697772, 0.000800078501925], [0.000143162382301, -0.000496553257108, -0.000302823464153, 0.000686482118908, -0.00170364871155, -0.00143349368591, 0.00864649098366, -0.0024289812427, -0.00249210139737, 0.00348679511808, -0.00287548755296, 0.000941758335102, 0.00052471057279], [-0.000207329445402, 0.000218932473217, -0.000115332550195, 0.00034948499524, 0.00206963415258, -0.00402324693277, -0.0024289812427, 0.0142834996805, -0.00557876843959, -0.00153183715884, 0.00196773419157, -0.00485152937472, 0.0018018768169], [0.000206017604796, -0.000666168110911, -1.17347790365e-05, -0.000439878727775, -0.00132787215989, 0.00251207663678, -0.00249210139737, -0.00557876843959, 0.0181427802891, -0.00742457481101, -0.00191664882004, 0.00688375066966, -0.00335972802714], [-0.000279228755971, 0.00153388525359, -0.000681365490891, -0.00129925273359, -0.000980676617473, -0.00117543328088, 0.00348679511808, -0.00153183715884, -0.00742457481101, 0.0176220573485, -0.00552968448028, -0.00183315051254, 0.00264550605789], [0.000199094443815, -0.00145632436033, 0.000751993153244, -0.000538456835784, -0.000784650852438, 0.00101719947997, -0.00287548755296, 0.00196773419157, -0.00191664882004, -0.00552968448028, 0.0202209465206, -0.0093038007617, -0.000327394809574], [-7.75664229877e-05, 0.00117465725634, -0.00155192578677, 0.00109094264917, 0.00216973945498, -0.000524459697772, 0.000941758335102, -0.00485152937472, 0.00688375066966, -0.00183315051254, -0.0093038007617, 0.0243987850845, -0.0113260829821], [0.000184417469427, -0.000508840603288, 0.000296419631923, -0.00206724298187, -0.00157933449373, 0.000800078501925, 0.00052471057279, 0.0018018768169, -0.00335972802714, 0.00264550605789, -0.000327394809574, -0.0113260829821, 0.0235865470022]], "cov": [[25626.2617188, -833.347045898, -589.302978516, -257.708618164, -978.206054688, 558.308959961, -819.223632812, 584.442260742, -417.986846924, 406.10144043, -394.87991333, 166.162384033, -375.165496826], [-833.347045898, 2584.09716797, -894.934509277, 29.9194965363, 444.097106934, -328.15914917, 328.6300354, -245.09803772, 172.90272522, -272.923126221, 144.158996582, -284.936004639, 48.8308029175], [-589.302978516, -894.934509277, 1325.94580078, 235.962844849, 126.633369446, 258.986938477, 5.83395004272, 148.277267456, 26.4728908539, 199.940353394, 12.5507297516, 169.743728638, 40.584236145], [-257.708618164, 29.9194965363, 235.962844849, 371.49307251, 162.887313843, 83.1650619507, 34.831401825, 18.9789791107, 63.0814628601, 73.6011962891, 42.7398300171, 10.5627202988, 44.5111656189], [-978.206054688, 444.097106934, 126.633369446, 162.887313843, 437.968963623, 37.872013092, 170.844223022, -38.6243438721, 111.736961365, 8.95113182068, 70.8704833984, -59.2818870544, 44.5343704224], [558.308959961, -328.15914917, 258.986938477, 83.1650619507, 37.872013092, 291.887695312, 21.0195198059, 123.195747375, -2.41200637817, 84.5879592896, -9.84923648834, 56.7864570618, -7.35420703888], [-819.223632812, 328.6300354, 5.83395004272, 34.831401825, 170.844223022, 21.0195198059, 241.19581604, 9.08338451385, 77.8627548218, -31.9923725128, 53.2153892517, -37.273853302, 18.6607341766], [584.442260742, -245.09803772, 148.277267456, 18.9789791107, -38.6243438721, 123.195747375, 9.08338451385, 161.014419556, 22.5213947296, 70.8519744873, -4.63472318649, 53.210105896, -8.57715702057], [-417.986846924, 172.90272522, 26.4728908539, 63.0814628601, 111.736961365, -2.41200637817, 77.8627548218, 22.5213947296, 127.64478302, 37.1723899841, 39.4160766602, -29.8131141663, 16.5490970612], [406.10144043, -272.923126221, 199.940353394, 73.6011962891, 8.95113182068, 84.5879592896, -31.9923725128, 70.8519744873, 37.1723899841, 146.229705811, 21.7608108521, 49.3754501343, 0.809408903122], [-394.87991333, 144.158996582, 12.5507297516, 42.7398300171, 70.8704833984, -9.84923648834, 53.2153892517, -4.63472318649, 39.4160766602, 21.7608108521, 95.7911834717, 21.6824836731, 28.9506149292], [166.162384033, -284.936004639, 169.743728638, 10.5627202988, -59.2818870544, 56.7864570618, -37.273853302, 53.210105896, -29.8131141663, 49.3754501343, 21.6824836731, 118.131217957, 29.4568862915], [-375.165496826, 48.8308029175, 40.584236145, 44.5111656189, 44.5343704224, -7.35420703888, 18.6607341766, -8.57715702057, 16.5490970612, 0.809408903122, 28.9506149292, 29.4568862915, 70.0598678589]]}, "spectral_energyband_middle_low": {"dmean2": 0.00678484421223, "median": 0.00512670725584, "min": 2.36612782691e-22, "dvar2": 0.000177684763912, "dvar": 7.02164616087e-05, "dmean": 0.00423592375591, "max": 0.108929671347, "var": 9.69266329776e-05, "mean": 0.00823177210987}, "melbands_crest": {"dmean2": 5.37352132797, "median": 14.144405365, "min": 1.66961359978, "dvar2": 23.3306941986, "dvar": 9.82530212402, "dmean": 3.46075415611, "max": 38.0079345703, "var": 37.2010383606, "mean": 14.9739961624}, "spectral_kurtosis": {"dmean2": 3.08900117874, "median": 4.1282916069, "min": -1.31084728241, "dvar2": 22.9011878967, "dvar": 8.02027988434, "dmean": 1.86714887619, "max": 40.8759841919, "var": 16.40899086, "mean": 5.16045618057}, "spectral_rms": {"dmean2": 0.00160610559396, "median": 0.00389894586988, "min": 3.19690866661e-12, "dvar2": 4.79512664242e-06, "dvar": 2.56761791206e-06, "dmean": 0.00115504860878, "max": 0.0157681722194, "var": 7.52250161895e-06, "mean": 0.00444566225633}, "zerocrossingrate": {"dmean2": 0.0131755862385, "median": 0.04833984375, "min": 0.00341796875, "dvar2": 0.000259402731899, "dvar": 0.000210880170926, "dmean": 0.0116369826719, "max": 0.52294921875, "var": 0.00191017088946, "mean": 0.0588701181114}, "silence_rate_60dB": {"dmean2": 0.0876005068421, "median": 0, "min": 0, "dvar2": 0.0900885760784, "dvar": 0.0418808236718, "dmean": 0.0437956191599, "max": 1, "var": 0.103863142431, "mean": 0.117727942765}, "erbbands_kurtosis": {"dmean2": 1.19085657597, "median": -0.135245680809, "min": -1.80344617367, "dvar2": 3.78491663933, "dvar": 1.73888266087, "dmean": 0.765448212624, "max": 43.8903617859, "var": 4.98124790192, "mean": 0.443603038788}, "erbbands": {"dmean2": [0.405486822128, 3.00597381592, 5.18670558929, 4.94846248627, 6.28431940079, 11.3925085068, 9.09990787506, 14.9065494537, 14.320391655, 15.2569227219, 27.5794086456, 21.5720825195, 31.865146637, 27.1345119476, 26.4294967651, 30.266620636, 33.9785346985, 28.6735515594, 19.4850158691, 18.8448085785, 16.2359256744, 13.6220388412, 14.836856842, 13.8875818253, 8.65738773346, 6.4943819046, 5.36559820175, 5.09532213211, 4.62206697464, 3.37017798424, 2.43488812447, 1.89055395126, 1.08669960499, 0.770774483681, 0.682008743286, 0.242497324944, 0.0745413228869, 0.0172682944685, 0.00391589105129, 0.000136124595883], "median": [0.0187165457755, 0.365230083466, 1.25056052208, 1.2178260088, 2.63114595413, 2.09583806992, 1.87804687023, 4.92554473877, 6.11290836334, 5.18869113922, 11.3134498596, 8.61431503296, 9.19386768341, 7.5719203949, 8.68214797974, 9.52847290039, 10.1865024567, 7.64724063873, 6.51532363892, 7.57022762299, 7.47743368149, 6.26346111298, 6.26993370056, 4.28343296051, 3.69612884521, 2.32822680473, 1.63014006615, 1.31225800514, 1.32470178604, 1.13354206085, 0.622966051102, 0.412028610706, 0.259740680456, 0.157231360674, 0.0887248963118, 0.029638260603, 0.00687046255916, 0.00106839393266, 5.57433668291e-05, 2.68411058642e-05], "min": [1.41391780959e-22, 7.30340300264e-22, 3.00136346034e-21, 1.03790115775e-20, 3.34112175771e-20, 4.03016643914e-20, 6.40240120562e-20, 1.08837762512e-19, 1.63197745924e-19, 3.34679679833e-19, 3.9558902084e-19, 7.13928212961e-19, 6.38437952501e-19, 1.09419192935e-18, 1.15804375859e-18, 2.04096600467e-18, 1.78193605021e-18, 2.77558903579e-18, 2.2329562792e-18, 4.39570064083e-18, 4.92839999223e-18, 7.3480248795e-18, 5.20776742282e-18, 5.81981448807e-18, 9.52975096824e-18, 7.46631087992e-18, 9.77807637839e-18, 1.02424944518e-17, 1.34763372042e-17, 1.55769838765e-17, 1.43209795995e-17, 1.19023266494e-17, 1.07453425092e-17, 8.47319069028e-18, 6.77441069346e-18, 4.00206234452e-18, 2.60350527628e-18, 1.02158377293e-18, 2.71556131421e-19, 2.81407781431e-20], "dvar2": [0.979142427444, 37.2130661011, 103.001876831, 123.45929718, 138.584411621, 1614.7623291, 549.004333496, 908.629150391, 911.069702148, 1292.43688965, 4523.61767578, 2160.51708984, 7386.67724609, 7367.53027344, 33322.8242188, 4961.38964844, 10099.4130859, 5158.51416016, 1788.9498291, 1729.67810059, 1240.26708984, 1047.76855469, 1377.46435547, 1645.20043945, 427.499816895, 269.989440918, 201.852462769, 210.003875732, 163.667831421, 67.0318069458, 33.5287322998, 19.9389057159, 6.4609618187, 3.01856970787, 3.20379734039, 0.381382524967, 0.0409832559526, 0.00239164219238, 0.000145716170664, 1.54009555331e-07], "dvar": [0.427107155323, 17.180267334, 41.7747840881, 46.0326423645, 52.1367034912, 620.665527344, 198.661026001, 347.210205078, 429.920410156, 610.340393066, 2147.53027344, 1069.96289062, 3704.86914062, 5195.97460938, 12476.9794922, 2250.51806641, 4671.44873047, 2227.83886719, 864.559509277, 679.329711914, 502.107635498, 399.378540039, 548.717956543, 617.123901367, 181.574615479, 115.822982788, 86.8133392334, 95.5984344482, 75.1907653809, 31.9774837494, 16.1994113922, 9.01637172699, 3.14921116829, 1.48696124554, 1.53040862083, 0.18829216063, 0.0201814584434, 0.0012511019595, 7.43521886761e-05, 7.70164945152e-08], "dmean": [0.26440551877, 1.93994605541, 3.1942152977, 2.89824557304, 3.78327727318, 6.8663315773, 5.24441385269, 9.09512233734, 9.07584190369, 9.74012088776, 18.1068725586, 14.5566158295, 21.4264621735, 19.5503330231, 18.380821228, 19.896112442, 22.0505485535, 18.532087326, 12.5907402039, 11.9967937469, 10.2799730301, 8.56369590759, 9.33525943756, 8.75942611694, 5.68567562103, 4.24188375473, 3.54423284531, 3.49194502831, 3.1985976696, 2.3538339138, 1.69385039806, 1.29321813583, 0.766851007938, 0.534104824066, 0.476512491703, 0.171799436212, 0.0529130138457, 0.0123265711591, 0.00270095374435, 9.46717409533e-05], "max": [6.57651138306, 52.0881080627, 119.187049866, 89.054359436, 116.680030823, 452.802062988, 238.747924805, 320.919952393, 786.862854004, 844.239013672, 2111.56713867, 870.26739502, 2013.07104492, 3177.84228516, 7374.22460938, 1094.30114746, 3280.18457031, 985.126037598, 1154.34997559, 1061.56542969, 720.65814209, 393.565216064, 517.102600098, 562.665527344, 232.36895752, 317.219360352, 185.5521698, 154.532989502, 142.437744141, 97.3289489746, 71.5381240845, 45.8776512146, 40.5667877197, 22.8642654419, 24.1469612122, 7.27372837067, 2.12969088554, 0.559596478939, 0.14940533042, 0.00512713100761], "var": [0.465959906578, 23.1537227631, 51.2126121521, 42.7233161926, 82.6383285522, 497.014434814, 157.485580444, 467.635284424, 732.347412109, 1342.77893066, 4459.59716797, 3163.42114258, 8091.71630859, 23843.6347656, 14523.5625, 4863.734375, 11201.2607422, 5917.85888672, 2354.45629883, 1427.08630371, 917.469299316, 605.656311035, 847.212219238, 974.553283691, 284.000579834, 230.390518188, 142.522369385, 145.474243164, 117.287231445, 55.5893058777, 29.7188949585, 15.3789072037, 5.84694194794, 2.94818687439, 2.52912902832, 0.323886096478, 0.0338720977306, 0.00215994869359, 0.000113031703222, 1.13272022872e-07], "mean": [0.279944270849, 2.39913010597, 3.89781069756, 3.38472771645, 5.98135948181, 7.45155715942, 5.70802640915, 12.8046607971, 14.0463266373, 14.9438333511, 29.8663692474, 27.9398498535, 36.4936981201, 39.5471801758, 32.2157974243, 32.6397781372, 36.3054122925, 33.3767700195, 22.7789897919, 20.7955303192, 17.2364368439, 14.4682636261, 15.6827812195, 13.8878040314, 9.47431182861, 7.22807073593, 5.69460439682, 5.44078874588, 5.07084321976, 3.87882614136, 2.70426058769, 1.99857163429, 1.21564531326, 0.847058236599, 0.686944127083, 0.250166773796, 0.0742800757289, 0.0168890934438, 0.00324369198643, 0.000127423816593]}, "spectral_strongpeak": {"dmean2": 0.735621511936, "median": 0.374488919973, "min": 0, "dvar2": 1.62083625793, "dvar": 0.669448494911, "dmean": 0.439568668604, "max": 11.996635437, "var": 1.39523398876, "mean": 0.772979080677}, "spectral_energy": {"dmean2": 0.0208325274289, "median": 0.0155818229541, "min": 1.04757303169e-20, "dvar2": 0.00118107930757, "dvar": 0.000592753814999, "dmean": 0.0143215591088, "max": 0.254851162434, "var": 0.00112668226939, "mean": 0.0279686413705}, "average_loudness": 0.895486712456, "spectral_rolloff": {"dmean2": 793.685180664, "median": 1055.12695312, "min": 21.533203125, "dvar2": 1905643, "dvar": 891712.0625, "dmean": 501.326080322, "max": 19401.4160156, "var": 2497611.75, "mean": 1355.42114258}, "spectral_centroid": {"dmean2": 351.101837158, "median": 1181.34130859, "min": 190.823730469, "dvar2": 185973.1875, "dvar": 87113.8359375, "dmean": 233.777633667, "max": 11444.7783203, "var": 522139.8125, "mean": 1294.17871094}, "pitch_salience": {"dmean2": 0.133940115571, "median": 0.519293367863, "min": 0.0851006880403, "dvar2": 0.0166965890676, "dvar": 0.00684145372361, "dmean": 0.0832500904799, "max": 0.887254834175, "var": 0.0182640273124, "mean": 0.508411347866}, "spectral_energyband_middle_high": {"dmean2": 0.00289349374361, "median": 0.00222759181634, "min": 1.32095806187e-21, "dvar2": 3.69050940208e-05, "dvar": 2.0441460947e-05, "dmean": 0.00212727882899, "max": 0.179769143462, "var": 9.14023112273e-05, "mean": 0.00558040617034}, "spectral_contrast_coeffs": {"dmean2": [0.084922246635, 0.0756104066968, 0.0598220266402, 0.048757981509, 0.0365903265774, 0.0296016056091], "median": [-0.660234510899, -0.71618616581, -0.75437361002, -0.759875535965, -0.780266106129, -0.76812684536], "min": [-0.977871775627, -0.97653144598, -0.970281243324, -0.96674489975, -0.965190708637, -0.963921010494], "dvar2": [0.00557977799326, 0.0040906984359, 0.00261446717195, 0.00167954934295, 0.000970909139141, 0.000707663886715], "dvar": [0.00221402780153, 0.0016380638117, 0.00117597705685, 0.000724800804164, 0.000449750048574, 0.000305365741951], "dmean": [0.0518562532961, 0.0470455847681, 0.0384768731892, 0.0312111247331, 0.0237898174673, 0.0193460751325], "max": [-0.26546856761, -0.291139423847, -0.354303121567, -0.480679690838, -0.562460124493, -0.591105997562], "var": [0.00889563281089, 0.00656917877495, 0.00689982296899, 0.00409007584676, 0.00307732028887, 0.00203839247115], "mean": [-0.651534080505, -0.713558256626, -0.744802296162, -0.758252024651, -0.775640547276, -0.765374779701]}, "melbands_skewness": {"dmean2": 1.35502529144, "median": 2.23047327995, "min": -1.63443136215, "dvar2": 2.83423638344, "dvar": 1.43857061863, "dmean": 0.944760918617, "max": 19.5851898193, "var": 5.27150630951, "mean": 2.86900401115}, "spectral_spread": {"dmean2": 918700.8125, "median": 4355708, "min": 1280205.875, "dvar2": 1920234160130.0, "dvar": 997266030592, "dmean": 665374.0625, "max": 50567964, "var": 6224082370560.0, "mean": 4761367}, "dissonance": {"dmean2": 0.0313969329, "median": 0.466923683882, "min": 0.176198169589, "dvar2": 0.00109627051279, "dvar": 0.000423193414463, "dmean": 0.0187216680497, "max": 0.500000059605, "var": 0.00115341146011, "mean": 0.458690792322}, "spectral_skewness": {"dmean2": 0.353616297245, "median": 1.60599899292, "min": -0.0309429150075, "dvar2": 0.16157951951, "dvar": 0.0618079118431, "dmean": 0.223755717278, "max": 4.51303482056, "var": 0.207554489374, "mean": 1.65933024883}, "spectral_flux": {"dmean2": 0.05568241328, "median": 0.0640442743897, "min": 6.43308045722e-11, "dvar2": 0.00569888344035, "dvar": 0.00246448628604, "dmean": 0.0352601110935, "max": 0.428698450327, "var": 0.00471900776029, "mean": 0.0830493271351}, "spectral_contrast_valleys": {"dmean2": [0.76748508215, 0.703624725342, 0.529613852501, 0.485396355391, 0.431441277266, 0.495733648539], "median": [-7.47566699982, -7.01095104218, -7.42519760132, -7.91083240509, -7.93406152725, -10.2862377167], "min": [-27.9446105957, -28.3727645874, -27.572561264, -27.5296020508, -27.5374908447, -27.3602256775], "dvar2": [0.447395443916, 0.506939709187, 0.2788592875, 0.259576827288, 0.262047886848, 0.374397486448], "dvar": [0.244624465704, 0.248431146145, 0.149598792195, 0.147550776601, 0.162309631705, 0.226329952478], "dmean": [0.498655706644, 0.457258880138, 0.358984827995, 0.342689841986, 0.329717308283, 0.410227775574], "max": [-4.76736783981, -4.44113540649, -5.02107000351, -5.65945482254, -5.4754781723, -7.87950515747], "var": [3.25608634949, 3.25412774086, 3.00792574883, 3.01392436028, 2.93311929703, 3.75115537643], "mean": [-7.72693538666, -7.32601451874, -7.71080589294, -8.18381214142, -8.21683883667, -10.7409725189]}, "erbbands_flatness_db": {"dmean2": 0.0250853225589, "median": 0.145317733288, "min": 0.0361220650375, "dvar2": 0.000648182118312, "dvar": 0.000390483706724, "dmean": 0.0189582761377, "max": 0.383441835642, "var": 0.00345711968839, "mean": 0.151980280876}, "spectral_energyband_high": {"dmean2": 0.0004963829997, "median": 0.000194882915821, "min": 7.50501292887e-21, "dvar2": 1.57752015184e-06, "dvar": 8.15402984244e-07, "dmean": 0.00037382505252, "max": 0.0130660310388, "var": 1.60836339091e-06, "mean": 0.000678497599438}, "spectral_entropy": {"dmean2": 0.233334481716, "median": 7.60082435608, "min": 5.11171340942, "dvar2": 0.0685942396522, "dvar": 0.0344958938658, "dmean": 0.16675247252, "max": 9.8224105835, "var": 0.259918153286, "mean": 7.5411658287}, "silence_rate_20dB": {"dmean2": 0, "median": 1, "min": 1, "dvar2": 0, "dvar": 0, "dmean": 0, "max": 1, "var": 0, "mean": 1}, "melbands_flatness_db": {"dmean2": 0.0437311567366, "median": 0.200317725539, "min": 0.00334109901451, "dvar2": 0.00202506477945, "dvar": 0.00103648379445, "dmean": 0.0303683243692, "max": 0.48939922452, "var": 0.00629251403734, "mean": 0.210424691439}, "barkbands": {"dmean2": [0.00072671828093, 0.0133778406307, 0.00446102814749, 0.00161331344862, 0.00265509518795, 0.00161075883079, 0.000925671309233, 0.00116824707948, 0.000894523109309, 0.00106085347943, 0.000767415040173, 0.000692972564138, 0.000777492183261, 0.000511069840286, 0.00041658320697, 0.000245917093707, 0.000338202167768, 0.000269421230769, 0.000224294723012, 0.000143928089528, 0.000129107778776, 0.000125935388496, 8.65322072059e-05, 7.67340607126e-05, 8.15902894828e-05, 4.12375593442e-05, 1.78622467502e-05], "median": [1.85702265298e-05, 0.00134573923424, 0.000827956362627, 0.000371508242097, 0.000877438462339, 0.000575838144869, 0.000361533311661, 0.000411332817748, 0.000272735167528, 0.00023748401145, 0.000205949443625, 0.000192331892322, 0.000201004339033, 0.000105842962512, 0.000144491888932, 9.40731551964e-05, 0.000119505079056, 0.000104456215922, 7.8030032455e-05, 5.0832531997e-05, 3.21773768519e-05, 3.89738270314e-05, 2.36819905695e-05, 1.76698267751e-05, 1.37695315061e-05, 4.38731922259e-06, 2.63477460294e-07], "min": [1.22189140661e-24, 3.0216922544e-24, 2.24306248069e-24, 2.83702898839e-24, 1.6259044879e-23, 1.26707801007e-23, 1.25383082666e-23, 1.90479300808e-23, 2.64009388659e-23, 8.24557886701e-24, 3.57253646958e-23, 4.21225154553e-23, 4.10218777876e-23, 4.25252037038e-23, 6.38455864616e-23, 1.01992343929e-22, 1.10801698808e-22, 7.80646906823e-23, 1.54383373435e-22, 1.3996329901e-22, 2.19633895925e-22, 3.72087614612e-22, 5.12464188384e-22, 6.43067797904e-22, 8.83151720039e-22, 1.38736434762e-21, 2.08665175051e-21], "dvar2": [4.67589961772e-06, 0.000817478110548, 8.44893220346e-05, 1.19556398204e-05, 6.3592036895e-05, 1.05579483716e-05, 3.6640185499e-06, 7.73570354795e-06, 4.50613651992e-06, 9.78676689556e-06, 1.4322374227e-05, 2.99226007883e-06, 5.16916497872e-06, 1.8222806375e-06, 7.6498611179e-07, 3.42633569517e-07, 6.11122516148e-07, 4.98602844345e-07, 3.31651790475e-07, 1.29828720219e-07, 1.20612398291e-07, 1.17497691576e-07, 4.24098978158e-08, 3.11765901984e-08, 3.95636448047e-08, 1.14688596398e-08, 2.97311153474e-09], "dvar": [1.70661780885e-06, 0.000373465503799, 3.29031026922e-05, 4.31989337812e-06, 2.4208027753e-05, 3.94632843381e-06, 1.65421238307e-06, 3.56565487891e-06, 2.23934398491e-06, 5.94245011598e-06, 6.18253443463e-06, 1.47484649915e-06, 2.34088338402e-06, 7.79920185323e-07, 3.28793532844e-07, 1.38109726322e-07, 2.32312146409e-07, 1.93692244466e-07, 1.29753829015e-07, 5.56414825326e-08, 5.29237560443e-08, 5.44900196076e-08, 2.06961843219e-08, 1.49648382575e-08, 1.96733012103e-08, 5.81881254291e-09, 1.52797019481e-09], "dmean": [0.000418215640