{"tonal": {"thpcp": [1, 0.839650094509, 0.677024483681, 0.661730408669, 0.681882500648, 0.735188782215, 0.718649685383, 0.596048235893, 0.548187077045, 0.549154520035, 0.527686655521, 0.564856231213, 0.575481593609, 0.564589321613, 0.658843994141, 0.633803784847, 0.491040706635, 0.438594460487, 0.420691877604, 0.454671323299, 0.483581423759, 0.505021691322, 0.508694529533, 0.511497795582, 0.526358604431, 0.448288738728, 0.405147284269, 0.451295405626, 0.500848829746, 0.523456215858, 0.520820140839, 0.528434276581, 0.540214240551, 0.514346301556, 0.590531170368, 0.855058968067], "hpcp": {"dmean2": [0.32839256525, 0.284721106291, 0.256106227636, 0.254765212536, 0.263092160225, 0.260104715824, 0.248583063483, 0.250344157219, 0.269196182489, 0.245830520988, 0.207050710917, 0.192231610417, 0.181768715382, 0.194858849049, 0.19545738399, 0.203688129783, 0.222103610635, 0.232993334532, 0.235306754708, 0.229548200965, 0.225567579269, 0.238602459431, 0.259006202221, 0.27821546793, 0.297264426947, 0.306333363056, 0.294900268316, 0.284810513258, 0.336556643248, 0.396298021078, 0.437539577484, 0.431086391211, 0.362980157137, 0.338412553072, 0.345555722713, 0.352873176336], "median": [0.0873550996184, 0.0808922797441, 0.0796004012227, 0.0756755024195, 0.0654046833515, 0.0663909390569, 0.0760147571564, 0.088094830513, 0.0966719090939, 0.0866577774286, 0.0643938779831, 0.0597553923726, 0.0588763356209, 0.0662193000317, 0.0686190575361, 0.0693449005485, 0.0711174532771, 0.0679567083716, 0.0655181482434, 0.0538272336125, 0.0453719720244, 0.0506915636361, 0.0530809424818, 0.0538944639266, 0.0500693880022, 0.0565010309219, 0.059430655092, 0.0548615194857, 0.0592887029052, 0.0968489646912, 0.131297171116, 0.10887850821, 0.0898170545697, 0.0831707790494, 0.0795330703259, 0.0840681195259], "min": [0, 0, 0, 0, 0, 0, 0, 0, 0, 0, 0, 0, 0, 0, 0, 0, 0, 0, 0, 0, 0, 0, 0, 0, 0, 0, 0, 0, 0, 0, 0, 0, 0, 0, 0, 0], "dvar2": [0.15154582262, 0.131907984614, 0.110363960266, 0.109460957348, 0.127311706543, 0.124005943537, 0.108158104122, 0.0991287305951, 0.110597640276, 0.0941233485937, 0.0834261104465, 0.0745629146695, 0.0684497728944, 0.0694326460361, 0.0703414976597, 0.0784235820174, 0.0904904678464, 0.100980475545, 0.106564231217, 0.116722300649, 0.113202750683, 0.122146956623, 0.137875989079, 0.151402786374, 0.167975857854, 0.180227130651, 0.165617719293, 0.161414250731, 0.184051916003, 0.186855986714, 0.20075237751, 0.206877201796, 0.177754223347, 0.162199094892, 0.170240074396, 0.172858119011], "dvar": [0.0614435002208, 0.0491380989552, 0.0397550351918, 0.0397463142872, 0.0446307659149, 0.0436758473516, 0.038410987705, 0.0352974310517, 0.0418908409774, 0.0378041490912, 0.0313597768545, 0.0274906493723, 0.0253070946783, 0.0257302317768, 0.0270216427743, 0.0298635698855, 0.0334096327424, 0.0368344523013, 0.0394221842289, 0.0410016439855, 0.040091920644, 0.0443890802562, 0.0510033331811, 0.0559803210199, 0.0613405406475, 0.0637653768063, 0.0591958761215, 0.0581575930119, 0.0681722611189, 0.0778954401612, 0.0828347504139, 0.0780852138996, 0.0652957335114, 0.0614906214178, 0.0653267651796, 0.0680905580521], "dmean": [0.18588668108, 0.160736992955, 0.144643172622, 0.143839851022, 0.146623909473, 0.144805550575, 0.139904677868, 0.141454070807, 0.154776245356, 0.1430234164, 0.119092978537, 0.109636835754, 0.103739708662, 0.111347906291, 0.112725920975, 0.117744468153, 0.126644521952, 0.131816238165, 0.133690834045, 0.127873688936, 0.125026702881, 0.135350510478, 0.146087303758, 0.154912143946, 0.164877355099, 0.168483644724, 0.162976592779, 0.156875908375, 0.186271160841, 0.226826712489, 0.250935524702, 0.242569893599, 0.202734768391, 0.189477518201, 0.194243624806, 0.200631633401], "max": [1, 1, 1, 1, 1, 1, 1, 1, 1, 1, 1, 1, 1, 1, 1, 1, 1, 1, 1, 1, 1, 1, 1, 1, 1, 1, 1, 1, 1, 1, 1, 1, 1, 1, 1, 1], "var": [0.0751689150929, 0.051118478179, 0.0418105944991, 0.0445676408708, 0.046185106039, 0.054827362299, 0.0512535646558, 0.0401617027819, 0.0571300163865, 0.0575191527605, 0.0390776544809, 0.0309920217842, 0.0281490460038, 0.0308289695531, 0.0359144434333, 0.0399166420102, 0.0396213270724, 0.0420311279595, 0.0478032045066, 0.0386860854924, 0.0363056175411, 0.0418647527695, 0.0505767278373, 0.0560594834387, 0.057880397886, 0.0556849762797, 0.054792240262, 0.0531923063099, 0.064645588398, 0.0977107733488, 0.112069837749, 0.0872794985771, 0.064410828054, 0.0662280321121, 0.0714650154114, 0.0795222148299], "mean": [0.208774238825, 0.173157408834, 0.159253299236, 0.159534350038, 0.153297752142, 0.164095848799, 0.167182609439, 0.164018303156, 0.191400140524, 0.184125736356, 0.142651766539, 0.127415657043, 0.122214794159, 0.132086127996, 0.140484780073, 0.146713376045, 0.147780358791, 0.148594737053, 0.152911931276, 0.130231931806, 0.117698952556, 0.131105393171, 0.145501106977, 0.152068763971, 0.151302963495, 0.153514936566, 0.156937122345, 0.149422258139, 0.171554639935, 0.248402372003, 0.290509045124, 0.243925943971, 0.1966817379, 0.192238673568, 0.198093041778, 0.213578999043]}, "tuning_equal_tempered_deviation": 0.20488396287, "chords_changes_rate": 0.125912979245, "key_key": "C", "tuning_diatonic_strength": 0.437720060349, "key_scale": "minor", "chords_number_rate": 0.00216027162969, "tuning_frequency": 434.946166992, "tuning_nontempered_energy_ratio": 0.879865050316, "chords_histogram": [7.28320121765, 3.12725019455, 6.64540672302, 4.97891139984, 2.04711461067, 3.20954632759, 0.390906274319, 9.97839736938, 3.86791491508, 18.0536975861, 7.41693258286, 2.64376091957, 1.17271888256, 0.462915331125, 0, 2.29400277138, 2.98323225975, 2.34543776512, 2.98323225975, 2.13969755173, 3.29184246063, 2.21170663834, 4.87604141235, 5.59613227844], "key_strength": 0.560784339905, "chords_key": "G", "chords_strength": {"dmean2": 0.0167529433966, "median": 0.382163107395, "min": -1, "dvar2": 0.00046878674766, "dvar": 0.000262099085376, "dmean": 0.0130249224603, "max": 0.707424461842, "var": 0.0133479917422, "mean": 0.390214204788}, "chords_scale": "major", "hpcp_entropy": {"dmean2": 1.14973604679, "median": 3.08179163933, "min": 0, "dvar2": 0.817782640457, "dvar": 0.291496545076, "dmean": 0.675171434879, "max": 4.74997234344, "var": 0.696802198887, "mean": 2.97784566879}}, "metadata": {"audio_properties": {"equal_loudness": 0, "codec": "flac", "downmix": "mix", "sample_rate": 44100, "analysis_sample_rate": 44100, "bit_rate": 0, "md5_encoded": "6893ed93690ac28e8355988fce1b800b", "length": 451.373321533, "replay_gain": -9.28527450562, "lossless": true}, "version": {"essentia_build_sha": "2d9f1f26377add8aeb1075a9c2973f962c4f09fd", "essentia": "2.1-beta2", "extractor": "music 1.0", "essentia_git_sha": "v2.1_beta2-1-ge3940c0"}, "tags": {"title": ["Launch Virus"], "media": ["CD"], "albumartist": ["Various Artists"], "tracktotal": ["14"], "musicbrainz_releasegroupid": ["38d71c1d-c726-3f8d-8415-0d4727072a8d"], "releasetype": ["album", "compilation"], "musicbrainz_recordingid": ["19fa0039-ae36-4128-8e44-a1c9c693d7ac"], "originalyear": ["2000"], "musicbrainz_releasetrackid": ["2f953c1a-d06e-3781-a40f-1c0f589f2843"], "discnumber": ["2"], "album": ["Ten Years of Madness: Behind the Iron Curtain"], "catalognumber": ["ABCD 001 MM"], "releasecountry": ["RU"], "compilation": ["1"], "musicbrainz_albumartistid": ["89ad4ac3-39f7-470e-963a-56509c546377"], "albumartistsort": ["Various Artists"], "date": ["2002"], "file_name": "a55aa14946d2a20a6933764400a9.flac", "disctotal": ["2"], "acoustid_id": ["08f5a55a-a149-46d2-a20a-6933764400a9"], "musicbrainz_artistid": ["94383520-d6e1-434c-9c5c-2a32bd3270da"], "originaldate": ["2000-09"], "musicbrainz_albumid": ["86ffe460-059b-4a2e-97b7-5aec8dfde069"], "tracknumber": ["9"], "artistsort": ["Hybryds"], "artist": ["Hybryds"], "label": ["Achtung Baby!"], "releasestatus": ["official"], "totaldiscs": ["2"], "script": ["Latn"], "totaltracks": ["14"]}}, "rhythm": {"bpm_histogram_first_peak_bpm": {"dmean2": 0, "median": 152, "min": 152, "dvar2": 0, "dvar": 0, "dmean": 0, "max": 152, "var": 0, "mean": 152}, "bpm": 153.470718384, "bpm_histogram_second_peak_spread": {"dmean2": 0, "median": 0.05077265203, "min": 0.05077265203, "dvar2": 0, "dvar": 0, "dmean": 0, "max": 0.05077265203, "var": 0, "mean": 0.05077265203}, "bpm_histogram_first_peak_weight": {"dmean2": 0, "median": 0.379858642817, "min": 0.379858642817, "dvar2": 0, "dvar": 0, "dmean": 0, "max": 0.379858642817, "var": 0, "mean": 0.379858642817}, "onset_rate": 2.82235598564, "beats_position": [0.394739210606, 0.789478421211, 1.16099774837, 1.53251695633, 1.90403628349, 2.28716540337, 2.67029476166, 3.06503391266, 3.44816327095, 3.83129239082, 4.22603178024, 4.62077093124, 5.01551008224, 5.42185926437, 5.8282084465, 6.24616765976, 6.66412687302, 7.08208608627, 7.4884352684, 7.89478445053, 8.28952407837, 8.68426322937, 9.07900238037, 9.47374153137, 9.85687065125, 10.2399997711, 10.623128891, 11.0062580109, 11.4009971619, 11.7957363129, 12.1904764175, 12.5852155685, 12.9915647507, 13.3979139328, 13.8158731461, 14.2338323593, 14.6285715103, 15.0233106613, 15.4180498123, 15.8127889633, 16.1959171295, 16.5790481567, 16.9621772766, 17.3453063965, 17.7400455475, 18.1347846985, 18.5295238495, 18.9242630005, 19.3190021515, 19.7137413025, 20.0968704224, 20.4799995422, 20.8631286621, 21.246257782, 21.6293869019, 22.0125160217, 22.3956451416, 22.7903842926, 23.1735134125, 23.5682544708, 23.9629936218, 24.3577327728, 24.7408618927, 25.1239910126, 25.5071201324, 25.9018592834, 26.2965984344, 26.7029476166, 27.1209068298, 27.527256012, 27.9336051941, 28.3515644073, 28.7579135895, 29.1642627716, 29.5590019226, 29.9537410736, 30.3484802246, 30.7316093445, 31.1147384644, 31.5094776154, 31.8926067352, 32.2757377625, 32.6588668823, 33.0419960022, 33.4251251221, 33.8082542419, 34.1913833618, 34.5861206055, 34.9692497253, 35.3523788452, 35.7471199036, 36.1302490234, 36.5249862671, 36.908115387, 37.2912483215, 37.6859855652, 38.0691146851, 38.4638557434, 38.8469848633, 39.2301139832, 39.613243103, 40.0079803467, 40.402721405, 40.7974586487, 41.1805877686, 41.5637168884, 41.9468460083, 42.3299751282, 42.713104248, 43.0962333679, 43.4793624878, 43.8741035461, 44.257232666, 44.6403617859, 45.0234909058, 45.4066200256, 45.7897491455, 46.1844902039, 46.5792274475, 46.9623565674, 47.3454856873, 47.7286148071, 48.1233558655, 48.5180931091, 48.9128341675, 49.2959632874, 49.6790924072, 50.0622215271, 50.445350647, 50.8400878906, 51.2232208252, 51.5947380066, 51.9662590027, 52.3493881226, 52.7325172424, 53.1156463623, 53.4987754822, 53.8935127258, 54.2766418457, 54.6597709656, 55.0429000854, 55.4260292053, 55.8207702637, 56.2038993835, 56.5870285034, 56.9701576233, 57.3532867432, 57.7480278015, 58.1311569214, 58.525894165, 58.9090232849, 59.2921524048, 59.6752815247, 60.0584106445, 60.4415397644, 60.8362808228, 61.2310180664, 61.6141471863, 61.9972763062, 62.380405426, 62.7635345459, 63.1582756042, 63.5530128479, 63.9361457825, 64.3192749023, 64.714012146, 65.0971450806, 65.4802703857, 65.8634033203, 66.2465286255, 66.6412658691, 67.0243988037, 67.4075241089, 67.8022689819, 68.1970062256, 68.5917434692, 68.9864807129, 69.3812255859, 69.7759628296, 70.1707000732, 70.5654373169, 70.9601821899, 71.3549194336, 71.7612686157, 72.1676177979, 72.57396698, 72.9803161621, 73.3750534058, 73.7697982788, 74.1645355225, 74.5592727661, 74.9540100098, 75.3371429443, 75.731880188, 76.1150131226, 76.5097503662, 76.9044876099, 77.2876205444, 77.6707458496, 78.0654830933, 78.4486160278, 78.831741333, 79.2148742676, 79.5979995728, 79.9927444458, 80.375869751, 80.7590026855, 81.1537399292, 81.5368728638, 81.9199981689, 82.3031311035, 82.6862564087, 83.0809936523, 83.4757385254, 83.8588638306, 84.2419967651, 84.6367340088, 85.019859314, 85.4029922485, 85.7977294922, 86.1808624268, 86.5639877319, 86.9587249756, 87.3418579102, 87.7249908447, 88.1081161499, 88.4912490845, 88.8743743896, 89.2575073242, 89.6522445679, 90.0469818115, 90.4417190552, 90.8364639282, 91.2312011719, 91.6259384155, 92.0206756592, 92.4154205322, 92.8101577759, 93.2048950195, 93.6112442017, 94.0175933838, 94.4239425659, 94.830291748, 95.2250289917, 95.6197738647, 96.0145111084, 96.4092483521, 96.8039855957, 97.1987304688, 97.5818557739, 97.9649887085, 98.3481140137, 98.7312469482, 99.1259841919, 99.5091171265, 99.9038543701, 100.286979675, 100.681724548, 101.064849854, 101.447982788, 101.842720032, 102.225845337, 102.608978271, 103.003715515, 103.38684845, 103.769973755, 104.164710999, 104.547843933, 104.930976868, 105.314102173, 105.697235107, 106.091972351, 106.475097656, 106.858230591, 107.252967834, 107.647705078, 108.042449951, 108.425575256, 108.808708191, 109.191833496, 109.574966431, 109.958091736, 110.352828979, 110.735961914, 111.130699158, 111.513832092, 111.896957397, 112.280090332, 112.674827576, 113.05796051, 113.441085815, 113.82421875, 114.218955994, 114.602081299, 114.985214233, 115.379951477, 115.763084412, 116.146209717, 116.54094696, 116.924079895, 117.3072052, 117.690338135, 118.07346344, 118.468208313, 118.851333618, 119.234466553, 119.617591858, 120.000724792, 120.395462036, 120.79019928, 121.184944153, 121.579681396, 121.97441864, 122.357551575, 122.74067688, 123.123809814, 123.50693512, 123.890068054, 124.273193359, 124.667930603, 125.051063538, 125.434196472, 125.828933716, 126.212059021, 126.595191956, 126.978317261, 127.361450195, 127.7445755, 128.139312744, 128.522445679, 128.917190552, 129.300308228, 129.683441162, 130.078186035, 130.472915649, 130.867660522, 131.274017334, 131.680358887, 132.098312378, 132.504669189, 132.911010742, 133.317367554, 133.723709106, 134.118453979, 134.513198853, 134.907928467, 135.30267334, 135.697418213, 136.092147827, 136.4868927, 136.881637573, 137.276367188, 137.671112061, 138.065841675, 138.460586548, 138.855331421, 139.261672974, 139.668029785, 140.074371338, 140.480728149, 140.875457764, 141.270202637, 141.66494751, 142.059677124, 142.454421997, 142.837554932, 143.220672607, 143.603805542, 143.986938477, 144.381668091, 144.764801025, 145.159545898, 145.554275513, 145.949020386, 146.33215332, 146.715286255, 147.098403931, 147.481536865, 147.8646698, 148.259414673, 148.654144287, 149.037277222, 149.420410156, 149.815139771, 150.198272705, 150.58140564, 150.964538574, 151.34765625, 151.730789185, 152.113922119, 152.508651733, 152.903396606, 153.298141479, 153.692871094, 154.087615967, 154.48236084, 154.877090454, 155.271835327, 155.6665802, 156.061309814, 156.467666626, 156.874008179, 157.28036499, 157.686706543, 158.081451416, 158.47618103, 158.870925903, 159.265670776, 159.660400391, 160.055145264, 160.449890137, 160.844619751, 161.239364624, 161.634094238, 162.017227173, 162.400360107, 162.783493042, 163.166610718, 163.538131714, 163.90965271, 164.281173706, 164.652694702, 165.024215698, 165.395736694, 165.76725769, 166.127166748, 166.510284424, 166.88180542, 167.253326416, 167.624847412, 168.007980347, 168.391113281, 168.762634277, 169.145751953, 169.528884888, 169.912017822, 170.306747437, 170.689880371, 171.073013306, 171.45614624, 171.850875854, 172.245620728, 172.640365601, 173.035095215, 173.418228149, 173.801361084, 174.184494019, 174.567611694, 174.950744629, 175.333877563, 175.717010498, 176.100128174, 176.494873047, 176.878005981, 177.261123657, 177.644256592, 178.027389526, 178.410522461, 178.805252075, 179.18838501, 179.583129883, 179.966262817, 180.349380493, 180.744125366, 181.127258301, 181.510375977, 181.893508911, 182.276641846, 182.65977478, 183.042892456, 183.437637329, 183.832382202, 184.215499878, 184.598632813, 184.993377686, 185.37651062, 185.759628296, 186.14276123, 186.537506104, 186.920639038, 187.303756714, 187.686889648, 188.081634521, 188.464752197, 188.85949707, 189.254241943, 189.637359619, 190.020492554, 190.415237427, 190.798370361, 191.193099976, 191.57623291, 191.970977783, 192.354095459, 192.737228394, 193.120361328, 193.503494263, 193.898223877, 194.281356812, 194.664489746, 195.05921936, 195.442352295, 195.825485229, 196.208618164, 196.59173584, 196.974868774, 197.369613647, 197.764343262, 198.147476196, 198.530609131, 198.913742065, 199.296859741, 199.691604614, 200.086349487, 200.49269104, 200.887435913, 201.282180786, 201.6769104, 202.071655273, 202.454788208, 202.826293945, 203.197814941, 203.592559814, 203.975692749, 204.370422363, 204.765167236, 205.148300171, 205.508209229, 205.868118286, 206.251235962, 206.634368896, 207.02911377, 207.423858643, 207.806976318, 208.190109253, 208.584854126, 208.97958374, 209.362716675, 209.757461548, 210.152191162, 210.535324097, 210.906845093, 211.289978027, 211.673095703, 212.067840576, 212.450973511, 212.834106445, 213.22883606, 213.611968994, 213.995101929, 214.389831543, 214.784576416, 215.167709351, 215.550842285, 215.933959961, 216.317092896, 216.70022583, 217.083358765, 217.46647644, 217.861221313, 218.255966187, 218.639083862, 219.033828735, 219.41696167, 219.800079346, 220.18321228, 220.577957153, 220.961090088, 221.355819702, 221.750564575, 222.13369751, 222.516815186, 222.911560059, 223.294692993, 223.677825928, 224.060943604, 224.455688477, 224.838821411, 225.221939087, 225.61668396, 226.011428833, 226.406158447, 226.80090332, 227.195648193, 227.578765869, 227.973510742, 228.368255615, 228.762985229, 229.146118164, 229.552474976, 229.958816528, 230.36517334, 230.771514893, 231.166259766, 231.572601318, 231.967346191, 232.362075806, 232.756820679, 233.151565552, 233.557907104, 233.964263916, 234.370605469, 234.77696228, 235.183303833, 235.589660645, 235.996002197, 236.402359009, 236.797088623, 237.191833496, 237.586578369, 237.981307983, 238.387664795, 238.782394409, 239.188751221, 239.583480835, 239.978225708, 240.38458252, 240.779312134, 241.185668945, 241.58039856, 241.975143433, 242.416320801, 242.857498169, 243.298675537, 243.751464844, 244.20425415, 244.657043457, 245.121444702, 245.574234009, 246.027023315, 246.479812622, 246.886169434, 247.292510986, 247.698867798, 248.093597412, 248.499954224, 248.906295776, 249.301040649, 249.684173584, 250.078903198, 250.473648071, 250.868392944, 251.263122559, 251.657867432, 252.064208984, 252.458953857, 252.85369873, 253.248428345, 253.643173218, 254.037902832, 254.432647705, 254.827392578, 255.210510254, 255.605255127, 256, 256.394744873, 256.789459229, 257.184204102, 257.578948975, 257.973693848, 258.368438721, 258.751556396, 259.134674072, 259.517822266, 259.900939941, 260.295684814, 260.67880249, 261.061950684, 261.445068359, 261.828216553, 262.211334229, 262.594451904, 262.989196777, 263.38394165, 263.778686523, 264.173431396, 264.579772949, 264.986114502, 265.392456055, 265.798828125, 266.19354248, 266.588287354, 266.983032227, 267.3777771, 267.772521973, 268.167236328, 268.561981201, 268.956726074, 269.351470947, 269.74621582, 270.140960693, 270.524078369, 270.907196045, 271.290344238, 271.673461914, 272.068206787, 272.451324463, 272.834472656, 273.217590332, 273.600708008, 273.983856201, 274.366973877, 274.75012207, 275.133239746, 275.516357422, 275.899505615, 276.294250488, 276.677368164, 277.072113037, 277.455230713, 277.849975586, 278.244720459, 278.639465332, 279.034179688, 279.428924561, 279.823669434, 280.230010986, 280.636352539, 281.042724609, 281.449066162, 281.855407715, 282.273376465, 282.668121338, 283.062866211, 283.469207764, 283.887145996, 284.293518066, 284.699859619, 285.106201172, 285.512542725, 285.918914795, 286.325256348, 286.720001221, 287.114746094, 287.509460449, 287.904205322, 288.310546875, 288.716918945, 289.111663818, 289.506378174, 289.87789917, 290.237823486, 290.597717285, 290.969238281, 291.363983154, 291.758728027, 292.1534729, 292.548217773, 292.942932129, 293.337677002, 293.732421875, 294.127166748, 294.510284424, 294.893432617, 295.276550293, 295.659667969, 296.042816162, 296.425933838, 296.797454834, 297.18057251, 297.575317383, 297.970062256, 298.364807129, 298.747924805, 299.131072998, 299.514190674, 299.89730835, 300.280456543, 300.651977539, 301.035095215, 301.406616211, 301.789733887, 302.18447876, 302.579223633, 302.973968506, 303.357086182, 303.740234375, 304.13494873, 304.518096924, 304.912841797, 305.295959473, 305.679077148, 306.062225342, 306.456970215, 306.840087891, 307.234832764, 307.617950439, 308.012695313, 308.407440186, 308.802185059, 309.196899414, 309.603271484, 310.009613037, 310.40435791, 310.799072266, 311.193817139, 311.588562012, 312.006530762, 312.424468994, 312.830841064, 313.237182617, 313.655151367, 314.06149292, 314.47946167, 314.885803223, 315.292144775, 315.698486328, 316.093231201, 316.487976074, 316.882720947, 317.27746582, 317.672180176, 318.066925049, 318.450073242, 318.833190918, 319.227935791, 319.622680664, 320.00579834, 320.400543213, 320.783660889, 321.201629639, 321.619598389, 322.037536621, 322.455505371, 322.873474121, 323.291412354, 323.709381104, 324.115722656, 324.522094727, 324.928436279, 325.334777832, 325.741119385, 326.147491455, 326.553833008, 326.948577881, 327.343292236, 327.738037109, 328.121185303, 328.515899658, 328.899047852, 329.282165527, 329.6769104, 330.060028076, 330.44317627, 330.826293945, 331.221038818, 331.604156494, 331.998901367, 332.39364624, 332.799987793, 333.194732666, 333.601074219, 334.007446289, 334.413787842, 334.820129395, 335.238098145, 335.644439697, 336.05078125, 336.457122803, 336.863494873, 337.281433105, 337.687805176, 338.094146729, 338.500488281, 338.906829834, 339.313201904, 339.70791626, 340.102661133, 340.497406006, 340.892150879, 341.275268555, 341.658416748, 342.053131104, 342.436279297, 342.83102417, 343.225738525, 343.620483398, 344.003631592, 344.398345947, 344.79309082, 345.187835693, 345.582580566, 345.977325439, 346.372070313, 346.766784668, 347.149932861, 347.533050537, 347.92779541, 348.322540283, 348.717285156, 349.111999512, 349.541595459, 349.959533691, 350.389099121, 350.795471191, 351.201812744, 351.608154297, 352.01449585, 352.42086792, 352.827209473, 353.221954346, 353.616668701, 354.011413574, 354.406158447, 354.80090332, 355.184020996, 355.567169189, 355.961883545, 356.356628418, 356.751373291, 357.146118164, 357.540863037, 357.94720459, 358.341949463, 358.736694336, 359.143035889, 359.537780762, 359.955718994, 360.373687744, 360.791656494, 361.209594727, 361.627563477, 362.045532227, 362.475097656, 362.893066406, 363.299407959, 363.717376709, 364.112091064, 364.506835938, 364.901580811, 365.296325684, 365.691070557, 366.085784912, 366.480529785, 366.875274658, 367.270019531, 367.664764404, 368.059509277, 368.46585083, 368.872192383, 369.266937256, 369.673278809, 370.079620361, 370.485992432, 370.892333984, 371.310302734, 371.728240967, 372.146209717, 372.564178467, 372.97052002, 373.376861572, 373.794830322, 374.212768555, 374.653961182, 375.095153809, 375.524719238, 375.954284668, 376.465118408, 376.987579346, 377.510009766, 378.032470703, 378.554901123, 379.042541504, 379.530151367, 380.01776123, 380.540222168, 381.062683105, 381.596740723, 382.13079834, 382.65322876, 383.175689697, 383.698120117, 384.220581055, 384.743041992, 385.172607422, 385.602172852, 386.031738281, 386.461303711, 386.890869141, 387.32043457, 387.750030518, 388.179595947, 388.620758057, 389.050323486, 389.468292236, 389.886260986, 390.304199219, 390.722167969, 391.116912842, 391.523254395, 391.929595947, 392.32434082, 392.719085693, 393.102203369, 393.485351563, 393.880096436, 394.263214111, 394.646331787, 395.04107666, 395.424224854, 395.807342529, 396.202087402, 396.585205078, 396.979949951, 397.363067627, 397.74621582, 398.129333496, 398.524078369, 398.918823242, 399.301940918, 399.685058594, 400.068206787, 400.451324463, 400.834472656, 401.217590332, 401.600708008, 401.983856201, 402.378601074, 402.76171875, 403.144836426, 403.527984619, 403.911102295, 404.305847168, 404.688964844, 405.072113037, 405.455230713, 405.838348389, 406.233093262, 406.627838135, 407.010955811, 407.394104004, 407.77722168, 408.171966553, 408.566711426, 408.949829102, 409.332977295, 409.716094971, 410.110839844, 410.49395752, 410.877075195, 411.271820068, 411.654968262, 412.038085938, 412.421203613, 412.815948486, 413.210693359, 413.593811035, 413.976959229, 414.371704102, 414.754821777, 415.137939453, 415.521087646, 415.904205322, 416.298950195, 416.682067871, 417.076812744, 417.459960938, 417.843078613, 418.226196289, 418.609344482, 419.004058838, 419.387207031, 419.770324707, 420.16506958, 420.559814453, 420.942932129, 421.326080322, 421.709197998, 422.092315674, 422.475463867, 422.858581543, 423.253326416, 423.648071289, 424.042816162, 424.425933838, 424.809051514, 425.203796387, 425.58694458, 425.970062256, 426.364807129, 426.747924805, 427.131072998, 427.514190674, 427.908935547, 428.292053223, 428.675170898, 429.058319092, 429.453063965, 429.836181641, 430.219299316, 430.60244751, 430.997192383, 431.391906738, 431.786651611, 432.181396484, 432.576141357, 432.97088623, 433.365600586, 433.760345459, 434.213134766, 434.665924072, 435.118713379, 435.571502686, 436.024291992, 436.488708496, 436.987915039, 437.4871521, 437.98638916, 438.485626221, 438.984832764, 439.484069824, 439.983306885, 440.482543945, 440.981750488, 441.527435303, 442.06149292, 442.595550537, 443.141204834, 443.675262451, 444.220947266, 444.731781006, 445.242614746, 445.753448486, 446.264312744, 446.775146484, 447.285980225, 447.796813965, 448.319274902, 448.830108643, 449.352539063, 449.86340332, 450.374237061, 450.885070801], "beats_loudness": {"dmean2": 0.01235725265, "median": 0.0239050667733, "min": 0, "dvar2": 0.000115999449918, "dvar": 3.95878851123e-05, "dmean": 0.00709885824472, "max": 0.062973164022, "var": 7.68181998865e-05, "mean": 0.0245848596096}, "danceability": 1.02842783928, "bpm_histogram_second_peak_weight": {"dmean2": 0, "median": 0.379858642817, "min": 0.379858642817, "dvar2": 0, "dvar": 0, "dmean": 0, "max": 0.379858642817, "var": 0, "mean": 0.379858642817}, "beats_count": 1133, "bpm_histogram_second_peak_bpm": {"dmean2": 0, "median": 157, "min": 157, "dvar2": 0, "dvar": 0, "dmean": 0, "max": 157, "var": 0, "mean": 157}, "bpm_histogram_first_peak_spread": {"dmean2": 0, "median": 0.222423151135, "min": 0.222423151135, "dvar2": 0, "dvar": 0, "dmean": 0, "max": 0.222423151135, "var": 0, "mean": 0.222423151135}, "beats_loudness_band_ratio": {"dmean2": [0.333077162504, 0.104045368731, 0.0390410199761, 0.0428398400545, 0.133628159761, 0.21216391027], "median": [0.469616740942, 0.0558927990496, 0.0181977823377, 0.0193172004074, 0.121611662209, 0.162628173828], "min": [0, 0, 0, 0, 0, 0], "dvar2": [0.0685330629349, 0.0127109000459, 0.00613867724314, 0.0056427558884, 0.0186188239604, 0.0490568317473], "dvar": [0.0243714395911, 0.00454417383298, 0.0022602211684, 0.00187272427138, 0.0063778902404, 0.017321895808], "dmean": [0.191713422537, 0.0595005974174, 0.0223489776254, 0.0245833843946, 0.0784379690886, 0.122178219259], "max": [0.990585505962, 0.697503626347, 0.651963472366, 0.610487341881, 0.627929329872, 0.941555202007], "var": [0.0728427991271, 0.00592755153775, 0.00269200373441, 0.00264952075668, 0.016482193023, 0.0501893088222], "mean": [0.486079126596, 0.0801023542881, 0.0314927175641, 0.0375629365444, 0.153636306524, 0.234429523349]}}, "lowlevel": {"barkbands_spread": {"dmean2": 14.9391126633, "median": 42.4709663391, "min": 0.474589526653, "dvar2": 232.065414429, "dvar": 90.2082977295, "dmean": 9.21350669861, "max": 128.601303101, "var": 582.504577637, "mean": 42.4043960571}, "melbands_spread": {"dmean2": 28.0287895203, "median": 45.7643890381, "min": 0.329657793045, "dvar2": 1006.62823486, "dvar": 391.299407959, "dmean": 17.3558502197, "max": 244.994796753, "var": 2436.24145508, "mean": 58.7252655029}, "hfc": {"dmean2": 16.2173709869, "median": 26.4456748962, "min": 1.03960019681e-16, "dvar2": 793.187744141, "dvar": 307.356262207, "dmean": 10.561249733, "max": 785.005065918, "var": 4058.5300293, "mean": 49.5249519348}, "barkbands_kurtosis": {"dmean2": 6.3200302124, "median": -0.384318292141, "min": -1.97806501389, "dvar2": 236.559783936, "dvar": 87.7677993774, "dmean": 3.8274948597, "max": 485.953918457, "var": 433.556304932, "mean": 6.42744350433}, "gfcc": {"mean": [11.3642759323, 48.8474197388, -101.984642029, 68.3161849976, -37.8212089539, 14.3399953842, -40.9877624512, 10.0342712402, -20.200138092, 4.24341201782, -25.7755756378, 1.65669596195, -14.7831850052], "icov": [[0.000308941671392, -0.000222345057409, 0.000436594389612, -0.000552323705051, 0.000483096344396, -0.000161061863764, 0.000254686834523, -0.000517910346389, 0.000689948559739, -0.000396752264351, 0.000478336238302, -0.000414698035456, 0.000633026706055], [-0.000222345057409, 0.0014452788746, -0.000333585805492, 0.00101256114431, -0.00072139169788, 0.000840148946736, -4.56255183963e-05, 0.00112068327144, -0.00209960900247, 0.00156592729036, -0.00150404300075, 0.00125224888325, -0.00167839287315], [0.000436594389612, -0.000333585805492, 0.00272899027914, -0.00162019708659, 0.000193120635231, 0.000485625962028, -0.000449523213319, -0.00136728258803, 0.00049445341574, -0.000113063753815, -0.000720569631085, -0.00202060397714, 0.00262160180137], [-0.000552323705051, 0.00101256114431, -0.00162019708659, 0.00506180152297, -0.00113250571303, -0.00105782970786, 0.00144634710159, -8.51639924804e-05, -0.00287065072916, 0.00215457892045, -0.00149591686204, 0.00170181132853, -0.00136576266959], [0.000483096344396, -0.00072139169788, 0.000193120635231, -0.00113250571303, 0.00559017481282, 0.00109940196853, -0.00123243173584, -0.00252864370123, 0.00160521315411, -0.000135753580253, 0.00159542693291, 0.000323065381963, 0.000721694901586], [-0.000161061863764, 0.000840148946736, 0.000485625962028, -0.00105782970786, 0.00109940196853, 0.00513506913558, -0.00184163614176, 0.000381504418328, -0.000303149194224, -0.000597637146711, 0.000695799069945, -0.0013866762165, -0.00222372123972], [0.000254686834523, -4.56255183963e-05, -0.000449523213319, 0.00144634710159, -0.00123243173584, -0.00184163614176, 0.00832945108414, 0.000782280112617, 2.32446586779e-06, 0.00163009169046, -0.000410891370848, 3.05392204609e-05, -0.000704441801645], [-0.000517910346389, 0.00112068327144, -0.00136728258803, -8.51639924804e-05, -0.00252864370123, 0.000381504418328, 0.000782280112617, 0.0115224309266, 0.0010542353848, -0.00256227771752, -0.000908057263587, 0.00161856145132, -0.00389689789154], [0.000689948559739, -0.00209960900247, 0.00049445341574, -0.00287065072916, 0.00160521315411, -0.000303149194224, 2.32446586779e-06, 0.0010542353848, 0.0119075337425, -0.00206532678567, 0.000956121424679, -0.00132710603066, 0.00487264478579], [-0.000396752264351, 0.00156592729036, -0.000113063753815, 0.00215457892045, -0.000135753580253, -0.000597637146711, 0.00163009169046, -0.00256227771752, -0.00206532678567, 0.0163593422621, -0.00196961779147, 0.00117490591947, 0.000303951179376], [0.000478336238302, -0.00150404300075, -0.000720569631085, -0.00149591686204, 0.00159542693291, 0.000695799069945, -0.000410891370848, -0.000908057263587, 0.000956121424679, -0.00196961779147, 0.0160628594458, 0.000688848725986, -0.00284353108145], [-0.000414698035456, 0.00125224888325, -0.00202060397714, 0.00170181132853, 0.000323065381963, -0.0013866762165, 3.05392204609e-05, 0.00161856145132, -0.00132710603066, 0.00117490591947, 0.000688848725986, 0.0144222872332, -0.00168416718952], [0.000633026706055, -0.00167839287315, 0.00262160180137, -0.00136576266959, 0.000721694901586, -0.00222372123972, -0.000704441801645, -0.00389689789154, 0.00487264478579, 0.000303951179376, -0.00284353108145, -0.00168416718952, 0.0196668561548]], "cov": [[11279.140625, -2966.77392578, -1491.50427246, 759.732116699, -993.188293457, 1256.82116699, -602.599731445, 490.627868652, -659.681213379, 460.475921631, -469.719329834, 297.22555542, 3.39198327065], [-2966.77392578, 3005.7590332, 359.407684326, -400.884735107, 400.959655762, -796.514038086, 184.509063721, -320.839111328, 429.976104736, -293.26348877, 284.577148438, -244.897842407, 32.6960983276], [-1491.50427246, 359.407684326, 813.295227051, 103.70790863, 165.198669434, -212.853607178, 63.1053962708, -8.81599521637, 124.363296509, -65.4855728149, 90.2656555176, 8.81416988373, -68.1407165527], [759.732116699, -400.884735107, 103.70790863, 408.183990479, -43.2448005676, 145.24659729, -78.9369506836, 75.4256210327, -3.52911400795, 24.1570930481, -17.6561508179, 26.5941772461, -13.7905864716], [-993.188293457, 400.959655762, 165.198669434, -43.2448005676, 336.8515625, -192.648391724, 68.0001525879, 8.56404304504, 40.0280456543, -51.2396316528, 41.9351196289, -56.0596656799, 3.28838181496], [1256.82116699, -796.514038086, -212.853607178, 145.24659729, -192.648391724, 494.129516602, -24.0836582184, 72.1148147583, -117.358573914, 83.6537628174, -88.3614654541, 92.1479873657, 29.2968616486], [-602.599731445, 184.509063721, 63.1053962708, -78.9369506836, 68.0001525879, -24.0836582184, 174.663513184, -37.9601173401, 24.8615341187, -38.6706771851, 23.5852203369, -9.45055580139, 11.8035392761], [490.627868652, -320.839111328, -8.81599521637, 75.4256210327, 8.56404304504, 72.1148147583, -37.9601173401, 162.738098145, -75.6332778931, 51.3792190552, -20.303352356, 12.318608284, 18.0301971436], [-659.681213379, 429.976104736, 124.363296509, -3.52911400795, 40.0280456543, -117.358573914, 24.8615341187, -75.6332778931, 188.850662231, -42.7270851135, 41.9688796997, -26.8671684265, -30.0908794403], [460.475921631, -293.26348877, -65.4855728149, 24.1570930481, -51.2396316528, 83.6537628174, -38.6706771851, 51.3792190552, -42.7270851135, 101.581481934, -24.6873626709, 18.8955688477, -2.24298644066], [-469.719329834, 284.577148438, 90.2656555176, -17.6561508179, 41.9351196289, -88.3614654541, 23.5852203369, -20.303352356, 41.9688796997, -24.6873626709, 102.542549133, -28.1003398895, 13.8416986465], [297.22555542, -244.897842407, 8.81416988373, 26.5941772461, -56.0596656799, 92.1479873657, -9.45055580139, 12.318608284, -26.8671684265, 18.8955688477, -28.1003398895, 102.848297119, -4.10719680786], [3.39198327065, 32.6960983276, -68.1407165527, -13.7905864716, 3.28838181496, 29.2968616486, 11.8035392761, 18.0301971436, -30.0908794403, -2.24298644066, 13.8416986465, -4.10719680786, 77.9804611206]]}, "spectral_energyband_middle_low": {"dmean2": 0.00268406141549, "median": 0.00290694693103, "min": 1.34999155106e-22, "dvar2": 9.07326557353e-06, "dvar": 3.33800926455e-06, "dmean": 0.00158161099534, "max": 0.0402407310903, "var": 8.66469872562e-06, "mean": 0.00365373631939}, "melbands_crest": {"dmean2": 7.33053874969, "median": 16.1020450592, "min": 1.65210866928, "dvar2": 34.429069519, "dvar": 12.4301805496, "dmean": 4.35377883911, "max": 31.6809597015, "var": 38.2681007385, "mean": 16.220872879}, "spectral_kurtosis": {"dmean2": 2.20155477524, "median": 2.84102201462, "min": -1.26514935493, "dvar2": 37.4542999268, "dvar": 13.7930908203, "dmean": 1.28731811047, "max": 181.373336792, "var": 59.1114845276, "mean": 4.09130144119}, "spectral_rms": {"dmean2": 0.00103710952681, "median": 0.00472828419879, "min": 3.08125009882e-12, "dvar2": 9.27851999677e-07, "dvar": 3.1364911024e-07, "dmean": 0.000608162139542, "max": 0.00910188537091, "var": 9.31242766455e-07, "mean": 0.00467236898839}, "zerocrossingrate": {"dmean2": 0.016353616491, "median": 0.0947265625, "min": 0.0029296875, "dvar2": 0.000277495593764, "dvar": 0.000198122535949, "dmean": 0.0136723518372, "max": 0.5302734375, "var": 0.00738140102476, "mean": 0.11546818167}, "silence_rate_60dB": {"dmean2": 0.00185194716323, "median": 0, "min": 0, "dvar2": 0.00215740012936, "dvar": 0.000925150408875, "dmean": 0.000925925909542, "max": 1, "var": 0.011740940623, "mean": 0.0118821049109}, "erbbands_kurtosis": {"dmean2": 2.34538602829, "median": 1.68846690655, "min": -1.94482600689, "dvar2": 15.003704071, "dvar": 5.98724126816, "dmean": 1.44925045967, "max": 146.937103271, "var": 26.7505970001, "mean": 2.6964533329}, "erbbands": {"dmean2": [0.0937349274755, 1.70095956326, 5.87546682358, 3.98676395416, 5.3137216568, 5.65236663818, 4.5170173645, 3.99088287354, 5.19656658173, 3.48118925095, 3.53464317322, 4.04962921143, 4.75381231308, 6.64718914032, 7.03584527969, 3.16291856766, 6.03078269958, 14.2039957047, 22.4456272125, 30.7143669128, 29.9349079132, 29.1488399506, 38.5028533936, 27.2923412323, 29.4497661591, 24.8882541656, 21.6890964508, 17.0732860565, 16.5169811249, 28.4346065521, 7.44472455978, 5.42742300034, 3.43089914322, 2.12238955498, 1.76528906822, 1.52375006676, 0.376871854067, 0.0281473044306, 0.000718631665222, 4.99006746395e-05], "median": [0.0506081879139, 1.03569066525, 3.86659669876, 2.86945557594, 3.10241222382, 3.19631671906, 2.57569670677, 2.06704831123, 2.37224149704, 1.61711418629, 1.5632699728, 1.92155718803, 2.52766942978, 2.15478587151, 2.16834115982, 2.21594691277, 4.08452129364, 8.51035499573, 17.8025550842, 26.2280082703, 27.640537262, 26.8042163849, 28.3476371765, 19.8408946991, 20.0930728912, 18.5534267426, 16.0540161133, 11.0714492798, 11.6781930923, 9.629986763, 6.07057476044, 3.10111498833, 1.72637617588, 0.853462815285, 0.474396348, 0.352176696062, 0.0585563667119, 0.0053853103891, 0.000187075216672, 4.47975544375e-05], "min": [7.47223753793e-23, 2.55288010704e-22, 1.42185743585e-21, 4.42205141306e-21, 1.64627488838e-20, 1.93656035343e-20, 3.60185878031e-20, 9.09300906569e-20, 1.14755839129e-19, 1.81758683668e-19, 2.08372185901e-19, 3.53116036422e-19, 6.59093272782e-19, 7.39709881691e-19, 9.64552875024e-19, 9.19392122301e-19, 1.2317569249e-18, 1.95136828226e-18, 2.15478564337e-18, 3.29668655871e-18, 3.45089308402e-18, 4.28593625509e-18, 6.18470370861e-18, 7.60579669225e-18, 6.06374715558e-18, 9.41960442505e-18, 7.65600655543e-18, 1.1168305599e-17, 8.49354098771e-18, 1.26874393376e-17, 9.82393858027e-18, 9.03284868503e-18, 1.0335915403e-17, 7.74219629372e-18, 6.03537113826e-18, 3.74484929228e-18, 2.45239426762e-18, 9.42553593043e-19, 2.53419937997e-19, 2.65097766924e-20], "dvar2": [0.0145512642339, 3.84251618385, 40.090045929, 19.6130142212, 39.6170845032, 47.1940422058, 41.5309638977, 70.1105194092, 146.132247925, 85.5842208862, 162.349853516, 147.542907715, 89.8906402588, 259.060882568, 345.751403809, 35.1105232239, 110.252494812, 695.918823242, 1366.47338867, 2248.20166016, 1850.1862793, 1783.15222168, 3708.71459961, 2129.85083008, 2350.04833984, 1714.76501465, 1320.76855469, 956.176940918, 813.746398926, 5762.17724609, 187.366165161, 160.345108032, 65.2730484009, 30.1671295166, 60.7219047546, 82.8715820313, 3.43124365807, 0.0126631045714, 1.26488148453e-05, 4.26383301999e-08], "dvar": [0.00547219719738, 1.29679811001, 13.7779998779, 6.94398975372, 14.2397356033, 16.6412773132, 15.136475563, 24.3600654602, 53.3170967102, 32.3021774292, 67.2128601074, 54.7854690552, 34.5446586609, 92.0251312256, 129.227371216, 13.7115869522, 40.4418067932, 270.072723389, 548.148376465, 873.93560791, 699.470031738, 683.32244873, 1500.85253906, 875.426147461, 934.102783203, 657.386291504, 510.131469727, 364.081665039, 324.141265869, 2166.50439453, 74.746887207, 68.8670654297, 25.5764656067, 11.9182739258, 21.0062942505, 28.5461025238, 1.26983273029, 0.00463352631778, 4.65583889309e-06, 1.56478137114e-08], "dmean": [0.0552795790136, 0.986871957779, 3.43494367599, 2.31986713409, 3.09348416328, 3.24719953537, 2.66891980171, 2.32903718948, 3.02950191498, 2.03737831116, 2.1085486412, 2.39135527611, 2.81157064438, 3.90805959702, 4.16441297531, 1.87323653698, 3.56314015388, 8.70090389252, 13.7880630493, 18.6554870605, 18.1235733032, 17.9668598175, 23.7892894745, 16.9923229218, 18.1411514282, 15.2947597504, 13.4220962524, 10.5541505814, 10.3202323914, 17.5402736664, 4.62740278244, 3.44160604477, 2.20558905602, 1.37742304802, 1.10972106457, 0.954609334469, 0.239804640412, 0.017382947728, 0.000451363855973, 3.14315548167e-05], "max": [1.21868789196, 12.6746921539, 57.958366394, 38.8894004822, 72.4641876221, 69.1606826782, 99.9569244385, 171.935714722, 451.654663086, 235.901748657, 529.323547363, 278.508270264, 193.970123291, 258.312011719, 342.696777344, 187.687774658, 151.044677734, 426.79019165, 644.008239746, 892.815063477, 505.595092773, 735.929931641, 1